accession	plsdb_mpf_type	replicons	n_cds	dual_system	dual_system_both_tierA	family_call_mode	mpft_admitted	mpft_VirB1	mpft_VirB2	mpft_VirB3	mpft_VirB4	mpft_VirB4b	mpft_VirB5	mpft_VirB6	mpft_VirB7	mpft_VirB8	mpft_VirB9	mpft_VirB10	mpft_VirB11	mpft_VirD4	mpft_TraN	mpft_VirB5_arm	mpft_virB5_source	mpft_tier	mpft_core_completeness_ga	mpft_architecture	mpft_slot_ready__virb5_virb6	mpft_fused_virB3_virB4	mpft_virB7_status	mpft_n_gap_genes_le10kb	mpft_carries_novel84	mpff_admitted	mpff_TraU	mpff_TraH	mpff_TraF	mpff_TraC_F_IV	mpff_TraG_N	mpff_TrbI	mpff_P-loop_TraG	mpff_TraE	mpff_TrbC_Ftype	mpff_F_T4SS_TraN	mpff_TrwB_AAD_bind	mpff_TraV	mpff_TraG-D_C	mpff_tier	mpff_core_completeness_fspecific	mpff_layout	mpff_anchor_span_bp	mpff_slot_ready__traG	mpff_traN_present	mpff_slot_occupant
AB244976.1	MPF_T	-	79	0	0	GA	1	75;63917;64582;-;28.3	74;63554;63895;-;76.3	73;63203;63529;-;73.2	72;60832;63216;-;164.4	72;60832;63216;-;109.6	71;60105;60818;-;126.0	69;58740;59756;-;123.1		67;57716;58399;-;156.3	66;56877;57719;-;177.4	65;55607;56875;-;175.3	64;54618;55610;-;102.1	63;52724;54640;-;358.2		pfam	both	A	7/7	canonical	1	0	unscoreable	2	0	0														not_admitted	not_admitted	not_admitted	not_admitted	not_admitted	not_admitted	not_admitted
AB576781.2	MPF_F	IncFII(S);IncFII(pAR0022)	138	0	0	GA	0															not_admitted	not_admitted	not_admitted	not_admitted	not_admitted	not_admitted	not_admitted	not_admitted	not_admitted	not_admitted	1	113;88107;89099;+;366.7	122;94347;95729;+;392.4	119;92566;93315;+;231.0	110;84472;87120;+;314.1	123;95726;98548;+;394.4	102;80518;81939;+;91.5	110;84472;87120;+;97.8	100;79225;79791;+;188.1	115;89411;90049;+;70.6	117;90502;92328;+;271.0	126;100202;102364;+;374.1	105;82745;83260;+;96.7	126;100202;102364;+;72.1	A	9/9	contiguous	20977	1	1	98570..99058+;162;TraS;0
AB605179.1	MPF_F	IncFIB(AP001918);IncFII(S);IncFII(pAR0022)	163	0	0	GA	0															not_admitted	not_admitted	not_admitted	not_admitted	not_admitted	not_admitted	not_admitted	not_admitted	not_admitted	not_admitted	1	138;108279;109271;+;366.7	147;114519;115901;+;392.4	144;112738;113487;+;231.0	135;104644;107292;+;314.1	148;115898;118720;+;394.4	127;100690;102111;+;91.5	135;104644;107292;+;97.8	125;99397;99963;+;188.1	140;109583;110221;+;70.6	142;110674;112500;+;271.0	151;120374;122536;+;374.1	130;102917;103432;+;96.7	151;120374;122536;+;72.1	A	9/9	contiguous	20977	1	1	118742..119230+;162;TraS;0
AE006471.2	MPF_F	IncFIB(S);IncFII(S);IncFII(pAR0022)	116	0	0	GA	0															not_admitted	not_admitted	not_admitted	not_admitted	not_admitted	not_admitted	not_admitted	not_admitted	not_admitted	not_admitted	1	97;72222;73214;+;366.7	106;78462;79844;+;392.4	103;76681;77430;+;231.0	94;68587;71235;+;314.1	107;79841;82663;+;394.4	86;64633;66054;+;91.5	94;68587;71235;+;97.8	84;63340;63906;+;185.6	99;73526;74164;+;70.6	101;74617;76443;+;271.0	110;84317;86560;+;374.0	89;66860;67375;+;96.7	110;84317;86560;+;72.0	A	9/9	contiguous	20977	1	1	82685..83173+;162;TraS;0
AFSD01000008.1	MPF_T	-	371	0	0	GA	1		254;278941;279327;+;75.2	255;279320;279619;+;67.6	55;52046;54514;+;194.1	55;52046;54514;+;128.9	257;282057;282866;+;61.9	259;283060;284241;+;115.2		260;284262;284924;+;131.5	60;57425;58279;+;186.9	263;286234;287532;+;226.7	52;50421;51392;+;130.3	96;94528;96408;+;548.8		conjscan	conjscan_only	A	7/7	canonical	1	0	unscoreable	16	0	0														not_admitted	not_admitted	not_admitted	not_admitted	not_admitted	not_admitted	not_admitted
AJ297913.2	MPF_T	-	53	0	0	GA	1	32;32408;33169;-;36.6	30;29611;29919;-;71.9	29;29278;29601;-;80.8	28;26791;29271;-;199.1	28;26791;29271;-;108.3	27;26066;26785;-;228.4	25;24573;25655;-;167.7		23;23556;24266;-;207.1	22;22687;23559;-;182.4	21;21536;22687;-;186.7	20;20485;21552;-;90.8	18;17424;19937;-;352.0		pfam	both	A	7/7	canonical	1	0	unscoreable	4	0	0														not_admitted	not_admitted	not_admitted	not_admitted	not_admitted	not_admitted	not_admitted
AJ304453.1	MPF_T	-	71	0	0	GA	1	38;34771;35550;-;34.2	36;31949;32257;-;81.4	35;31613;31936;-;83.8	34;29116;31605;-;208.5	34;29116;31605;-;104.5	33;28380;29108;-;199.1	30;26203;27285;-;169.2		28;25164;25889;-;190.9	27;24271;25167;-;165.1	26;23129;24274;-;193.1	25;22069;23145;-;102.4	23;18527;21256;-;319.4		pfam	both	A	7/7	canonical	1	0	unscoreable	5	0	0														not_admitted	not_admitted	not_admitted	not_admitted	not_admitted	not_admitted	not_admitted
AJ639924.1	MPF_T	IncP1	59	0	0	GA	1	15;15193;15828;+;23.5	4;4864;5328;+;66.5	5;5332;5643;+;49.8	6;5640;8198;+;91.0	6;5640;8198;+;112.0	11;11832;12596;+;122.3	13;12844;14574;+;143.0		7;8195;8977;+;145.8	8;8995;9894;+;186.5	10;10390;11811;+;223.1	3;3885;4850;+;128.3	40;41197;43110;-;525.7		conjscan	conjscan_only	A	7/7	canonical	1	0	unscoreable	4	0	0														not_admitted	not_admitted	not_admitted	not_admitted	not_admitted	not_admitted	not_admitted
AJ863570.1	MPF_T	IncP1	58	0	0	GA	1	21;22930;23565;+;23.5	10;12613;13077;+;63.5	11;13081;13392;+;49.8	12;13389;15947;+;91.0	12;13389;15947;+;112.1	17;19581;20345;+;122.3	19;20593;22311;+;143.0		13;15944;16726;+;145.8	14;16744;17643;+;186.5	16;18139;19560;+;223.3	9;11634;12596;+;127.6	37;41481;43394;-;525.1		conjscan	conjscan_only	A	7/7	canonical	1	0	unscoreable	4	0	0														not_admitted	not_admitted	not_admitted	not_admitted	not_admitted	not_admitted	not_admitted
AM157767.1	MPF_T	-	79	0	0	GA	1		31;26364;26771;+;60.9	32;26774;27085;+;51.2	33;27082;29640;+;100.2	33;27082;29640;+;108.2	38;33177;33962;+;99.3	40;34218;35954;+;141.3		34;29637;30356;+;140.9	35;30368;31258;+;177.3	37;31736;33154;+;226.4	30;25373;26344;+;131.9	75;63410;65326;-;504.6		conjscan	conjscan_only	A	7/7	canonical	1	0	unscoreable	3	0	0														not_admitted	not_admitted	not_admitted	not_admitted	not_admitted	not_admitted	not_admitted
AM261282.1	MPF_T	IncP1	64	0	0	GA	1	16;15315;15944;+;24.1	4;4683;5147;+;65.0	5;5151;5462;+;47.0	6;5459;8017;+;98.2	6;5459;8017;+;122.1	11;11582;12352;+;134.8	14;12759;14675;+;155.8		7;8014;8787;+;145.4	8;8805;9698;+;185.7	10;10160;11563;+;222.0	3;3707;4669;+;134.7	44;40239;42143;-;521.1		conjscan	conjscan_only	A	7/7	canonical	1	0	unscoreable	5	0	0														not_admitted	not_admitted	not_admitted	not_admitted	not_admitted	not_admitted	not_admitted
AP011958.1	MPF_F	IncFIB(S);IncFII(S);IncFII(pAR0022)	131	0	0	GA	0															not_admitted	not_admitted	not_admitted	not_admitted	not_admitted	not_admitted	not_admitted	not_admitted	not_admitted	not_admitted	1	112;84808;85800;+;366.7	121;91048;92430;+;392.4	118;89267;90016;+;231.0	109;81173;83821;+;314.1	122;92427;95249;+;394.4	101;77219;78640;+;91.5	109;81173;83821;+;97.8	99;75926;76492;+;185.6	114;86112;86750;+;70.6	116;87203;89029;+;271.0	125;96903;99137;+;374.0	104;79446;79961;+;96.7	125;96903;99137;+;72.0	A	9/9	contiguous	20977	1	1	95271..95759+;162;TraS;0
AP012552.1	MPF_T	-	30	0	0	GA	1	20;11942;12652;-;47.6	19;11640;11945;-;76.4	18;8889;11627;-;46.0	18;8889;11627;-;137.3	18;8889;11627;-;30.9	17;8160;8867;-;129.2	15;6862;7911;-;156.6		13;5918;6553;-;180.7	11;5035;5541;-;84.5					pfam	pfam_only	D	4/7	canonical	1	1	unscoreable	2	0	0														not_admitted	not_admitted	not_admitted	not_admitted	not_admitted	not_admitted	not_admitted
AP014566.1	MPF_F	IncFIB(AP001918);IncFII(S);IncFII(pAR0022)	162	0	0	GA	0															not_admitted	not_admitted	not_admitted	not_admitted	not_admitted	not_admitted	not_admitted	not_admitted	not_admitted	not_admitted	1	137;108048;109040;+;366.7	146;114288;115670;+;392.4	143;112507;113256;+;231.0	134;104413;107061;+;314.1	147;115667;118489;+;394.4	126;100459;101880;+;91.5	134;104413;107061;+;97.8	124;99166;99732;+;188.1	139;109352;109990;+;70.6	141;110443;112269;+;271.0	150;120143;122305;+;374.1	129;102686;103201;+;96.7	150;120143;122305;+;72.1	A	9/9	contiguous	20977	1	1	118511..118999+;162;TraS;0
AP014581.1	-	-	216	0	0	GA	1	17;20326;20748;+;76.2			92;82389;84851;+;54.0	92;82389;84851;+;80.5		94;85639;86658;+;59.7		12;15448;16152;+;93.4	13;16155;17027;+;175.5	14;17030;18280;+;166.8	22;24946;27375;+;151.3	96;88037;89908;+;39.7		none	none	A	7/7	canonical	0	0	unscoreable	9	0	0														not_admitted	not_admitted	not_admitted	not_admitted	not_admitted	not_admitted	not_admitted
AP014659.1	MPF_T	-	225	0	0	GA	1		86;77837;78217;+;78.1	87;78210;78509;+;64.0	88;78519;79319;+;35.3	88;78519;79319;+;132.5	91;80432;81229;+;48.0	93;81425;82585;+;106.0		94;82628;83290;+;134.8	95;83287;84147;+;178.1	97;84614;85915;+;214.3	85;76879;77847;+;138.5	50;46133;47572;+;516.3		conjscan	conjscan_only	A	7/7	canonical	1	0	unscoreable	5	0	0														not_admitted	not_admitted	not_admitted	not_admitted	not_admitted	not_admitted	not_admitted
AP014686.1	MPF_T	-	226	0	0	GA	1		198;187215;187604;+;76.9	199;187597;187896;+;61.8	200;187906;190359;+;170.3	200;187906;190359;+;130.2	201;190331;191149;+;54.0			204;192532;193212;+;131.2	205;193616;194050;+;130.1	207;194530;195828;+;223.7	197;186257;187225;+;134.9	30;31588;33510;+;533.1		conjscan	conjscan_only	B	6/7	uncallable	0	0	unscoreable	13	0	0														not_admitted	not_admitted	not_admitted	not_admitted	not_admitted	not_admitted	not_admitted
AP014688.1	MPF_T	-	153	0	0	GA	1		20;18919;19299;+;78.1	21;19292;19591;+;64.0	22;19601;22042;+;160.0	22;19601;22042;+;134.3	23;22014;22811;+;48.3	25;23009;24169;+;106.2				133;123223;124053;-;178.0	19;17961;18929;+;138.5	145;130924;131694;-;317.2		conjscan	conjscan_only	C	5/7	canonical	1	0	unscoreable	13	0	0														not_admitted	not_admitted	not_admitted	not_admitted	not_admitted	not_admitted	not_admitted
AP014952.1	MPF_F	IncFIB(K)	237	0	0	GA	0															not_admitted	not_admitted	not_admitted	not_admitted	not_admitted	not_admitted	not_admitted	not_admitted	not_admitted	not_admitted	1	65;49827;50816;+;366.6	75;56307;57677;+;383.8	71;54353;55105;+;233.2	61;45745;48384;+;258.5	78;59255;61924;+;302.4	53;40062;41486;+;89.2	61;45745;48384;+;87.8	51;38769;39335;+;169.3	66;50829;51467;+;66.9	67;51526;53481;+;260.1	81;63477;65786;+;393.1	54;41600;42184;+;54.4	81;63477;65786;+;66.6	A	9/9	contiguous	24708	1	1	61935..62468+;177;unnamed;0
AP014954.1	MPF_F	IncFII(p14)	94	0	0	GA	0															not_admitted	not_admitted	not_admitted	not_admitted	not_admitted	not_admitted	not_admitted	not_admitted	not_admitted	not_admitted	1	68;54751;55743;+;372.3	79;61777;63147;+;380.8	76;60256;61008;+;222.2	65;51086;53725;+;254.8	80;63147;65990;+;348.4	57;46474;47895;+;86.6	65;51086;53725;+;88.2	55;45187;45753;+;157.8	69;55756;56403;+;68.8	71;56780;58735;+;253.1	83;67560;69854;+;391.4	59;48356;48940;+;55.9	83;67560;69854;+;66.6	A	9/9	contiguous	22373	1	1	65996..66511+;171;unnamed;0
AP017965.1	-	-	210	0	0	GA	0															not_admitted	not_admitted	not_admitted	not_admitted	not_admitted	not_admitted	not_admitted	not_admitted	not_admitted	not_admitted	1	151;149858;150967;-;354.9	15;15763;16296;+;26.6		155;152741;155467;-;187.9	16;16300;19155;+;201.5	157;155789;157135;-;80.4	155;152741;155467;-;100.9	159;157870;158460;-;89.1	150;149244;149888;-;72.8	148;147503;148123;-;86.0	136;138538;140496;-;321.9		136;138538;140496;-;71.0	C	7/9	split_2	142107	1	1	19167..19361+;64;unnamed;0
AP017966.1	-	-	190	0	0	GA	0															not_admitted	not_admitted	not_admitted	not_admitted	not_admitted	not_admitted	not_admitted	not_admitted	not_admitted	not_admitted	1	94;83852;84901;-;348.5	86;74694;76106;-;195.8	87;76103;76900;-;100.9	102;89160;91655;-;185.1	85;71859;74690;-;228.3	106;92632;93882;-;95.8	102;89160;91655;-;74.5	108;94574;95149;-;103.8	90;78989;79675;-;86.5	88;76909;77961;-;138.1	78;66853;67923;-;255.9		78;66853;67923;-;76.1	B	8/9	contiguous	27721	1	1	71677..71862-;61;unnamed;0
AP017969.1	-	-	84	0	0	GA	1		4;6466;6795;+;65.7	12;13169;13414;+;38.9	13;13425;15911;+;55.8	13;13425;15911;+;92.8	25;26191;26934;+;24.2	26;26936;28564;+;52.5		5;6809;7516;+;103.1	7;7917;8780;+;174.0	8;8792;9955;+;188.8	11;12234;13169;+;99.7	9;9957;11885;+;303.2		conjscan	conjscan_only	A	7/7	canonical	1	0	unscoreable	2	0	0														not_admitted	not_admitted	not_admitted	not_admitted	not_admitted	not_admitted	not_admitted
AP017970.1	-	-	71	0	0	GA	1		5;6593;6922;+;66.1	13;13292;13540;+;33.1	14;13561;16053;+;58.1	14;13561;16053;+;90.0	25;24308;25051;+;25.4	26;25055;26677;+;47.2		6;6936;7643;+;105.1	8;8044;8904;+;165.3	9;8915;10081;+;188.1	12;12357;13292;+;98.7	10;10083;12011;+;303.7		conjscan	conjscan_only	A	7/7	canonical	1	0	unscoreable	13	0	0														not_admitted	not_admitted	not_admitted	not_admitted	not_admitted	not_admitted	not_admitted
AP018566.2	MPF_T	IncFII(pSE11);IncN	85	0	0	GA	1	12;7560;8294;+;32.5	14;8594;8887;+;28.7	15;8937;9254;+;63.3	16;9254;11854;+;111.8	16;9254;11854;+;76.8	17;11872;12585;+;97.1	19;12836;13876;+;153.6		20;14095;14793;+;131.9	21;14804;15688;+;159.0	22;15688;16848;+;154.9	23;16890;17885;+;81.2	32;27891;29420;-;38.5		pfam	both	A	7/7	canonical	1	0	unscoreable	2	0	0														not_admitted	not_admitted	not_admitted	not_admitted	not_admitted	not_admitted	not_admitted
AP018568.2	MPF_F	IncFII(pHN7A8);IncN	104	0	0	GA	0															not_admitted	not_admitted	not_admitted	not_admitted	not_admitted	not_admitted	not_admitted	not_admitted	not_admitted	not_admitted	1	78;62194;63186;+;369.5	91;70019;71392;+;376.8	86;67710;68453;+;234.4	75;58558;61185;+;301.8	92;71389;74205;+;376.7	70;55076;56503;+;94.1	75;58558;61185;+;101.8	68;53795;54361;+;183.8	81;64132;64770;+;70.4	84;65583;67433;+;265.0	96;76506;78740;+;391.7	74;57527;58042;+;78.0	96;76506;78740;+;70.3	A	9/9	contiguous	22711	1	1	74238..74759+;173;unnamed;0
AP018570.2	-	pKPC-CAV1321	368	0	0	GA	0															not_admitted	not_admitted	not_admitted	not_admitted	not_admitted	not_admitted	not_admitted	not_admitted	not_admitted	not_admitted	1	129;97662;98729;+;276.8	149;114643;116085;+;260.7	148;113546;114646;+;198.4	125;93068;95554;+;223.8	150;116100;119618;+;240.0	121;88443;89840;+;109.8	125;93068;95554;+;120.8	119;86534;87160;+;87.1	128;96352;97665;+;41.0	152;120054;122711;+;136.9	113;82010;83986;+;22.7	122;89837;90403;+;71.6	113;82010;83986;+;33.5	A	9/9	contiguous	38044	0	1	
AP018571.2	MPF_T	IncX3	67	0	0	GA	1	40;31558;32202;+;46.4	41;32186;32476;+;73.1	42;32501;35254;+;47.0	42;32501;35254;+;142.4	42;32501;35254;+;73.3	43;35264;36034;+;60.1	45;36313;37368;+;133.2		46;37563;38291;+;119.4	47;38297;39226;+;138.8	48;39223;40437;+;128.3	50;40633;41667;+;65.7	52;42256;43497;+;377.1		pfam	pfam_only	A	7/7	canonical	1	1	unscoreable	2	0	0														not_admitted	not_admitted	not_admitted	not_admitted	not_admitted	not_admitted	not_admitted
AP018581.2	-	IncFII(Yp);IncFII(pAR0022)	87	0	0	GA	0															not_admitted	not_admitted	not_admitted	not_admitted	not_admitted	not_admitted	not_admitted	not_admitted	not_admitted	not_admitted	1	13;14659;15654;-;369.5			18;17347;19962;-;236.0		22;21277;22635;-;94.4	18;17347;19962;-;120.2	24;23388;23957;-;107.8	12;14014;14640;-;65.3		6;8238;10427;-;366.9	19;19965;20552;-;52.5	6;8238;10427;-;62.7	D	5/9	contiguous	15150	0	0	
AP018705.1	-	-	49	0	0	GA	1	38;33658;34401;-;47.4	36;30856;31170;-;76.7	35;30525;30842;-;87.1	34;27993;30515;-;212.3	34;27993;30515;-;101.2	33;27219;27932;-;224.9	31;25878;26954;-;141.9		29;24553;25278;-;189.7	28;23678;24556;-;196.0	27;22524;23678;-;199.3	26;21458;22540;-;91.7	24;18723;21239;-;330.2		pfam	both	A	7/7	canonical	1	0	unscoreable	4	0	0														not_admitted	not_admitted	not_admitted	not_admitted	not_admitted	not_admitted	not_admitted
AP018706.1	-	-	48	0	0	GA	1	38;34176;34919;-;47.3	36;31374;31688;-;76.0	35;31043;31360;-;87.1	34;28511;31033;-;211.9	34;28511;31033;-;101.2	33;27737;28450;-;223.4	31;26396;27472;-;141.9		29;25070;25795;-;189.7	28;24195;25073;-;196.0	27;23041;24195;-;199.3	26;21975;23057;-;91.7	24;19243;21756;-;330.4		pfam	both	A	7/7	canonical	1	0	unscoreable	4	0	0														not_admitted	not_admitted	not_admitted	not_admitted	not_admitted	not_admitted	not_admitted
AP018707.1	MPF_T	-	53	0	0	GA	1	40;34835;35599;-;44.6	38;31995;32300;-;77.7	37;31656;31979;-;84.6	36;29112;31646;-;207.9	36;29112;31646;-;102.7	35;28388;29107;-;231.8	33;26869;27954;-;165.9		32;25825;26556;-;198.9	31;24950;25828;-;202.0	30;23817;24953;-;198.2	29;22769;23839;-;101.2	28;19953;22547;-;330.4		pfam	both	A	7/7	canonical	1	0	unscoreable	2	0	0														not_admitted	not_admitted	not_admitted	not_admitted	not_admitted	not_admitted	not_admitted
AP018708.1	MPF_T	-	53	0	0	GA	1	40;34919;35683;-;44.6	38;32079;32384;-;77.7	37;31740;32063;-;84.6	36;29196;31730;-;207.9	36;29196;31730;-;102.7	35;28472;29191;-;231.8	33;26953;28038;-;165.9		32;25909;26640;-;198.9	31;25034;25912;-;202.0	30;23901;25037;-;198.2	29;22853;23923;-;101.2	28;20037;22631;-;330.4		pfam	both	A	7/7	canonical	1	0	unscoreable	2	0	0														not_admitted	not_admitted	not_admitted	not_admitted	not_admitted	not_admitted	not_admitted
AP018709.1	MPF_T	IncP1	56	0	0	GA	1	41;37347;37988;-;23.4	52;47856;48320;-;63.6	51;47541;47852;-;49.8	50;44986;47544;-;91.0	50;44986;47544;-;112.1	45;40588;41352;-;123.7	43;38604;40340;-;141.9		49;44207;44989;-;144.6	48;43290;44189;-;185.3	46;41370;42791;-;223.1	53;48337;49299;-;127.4	21;16202;18115;+;525.5		conjscan	conjscan_only	A	7/7	canonical	1	0	unscoreable	4	0	0														not_admitted	not_admitted	not_admitted	not_admitted	not_admitted	not_admitted	not_admitted
AP018710.1	-	-	39	0	0	GA	1	13;11793;12689;+;45.2	36;33468;33959;-;68.5	35;33154;33468;-;51.1	34;30633;33140;-;96.9	34;30633;33140;-;113.0	33;29876;30664;-;47.5	31;27950;29668;-;86.9		29;26853;27551;-;122.8	28;25915;26853;-;163.0	26;23995;25458;-;206.3	37;33971;34954;-;135.2	11;9275;11233;+;355.7		conjscan	conjscan_only	A	7/7	canonical	1	0	unscoreable	5	0	0														not_admitted	not_admitted	not_admitted	not_admitted	not_admitted	not_admitted	not_admitted
AP019385.1	MPF_F	IncHI2;IncHI2A	337	0	0	GA	0															not_admitted	not_admitted	not_admitted	not_admitted	not_admitted	not_admitted	not_admitted	not_admitted	not_admitted	not_admitted	1	31;33306;34364;+;276.9	194;174776;176191;-;194.1	195;176181;177227;-;173.7	11;8955;11636;+;168.0	193;170817;174767;-;101.6	7;5270;6625;+;80.7	11;8955;11636;+;72.2	4;2758;3546;+;74.8	29;31653;33164;+;62.7	32;34383;37571;+;58.3	201;184266;186350;+;56.7	10;7996;8946;+;46.4	201;184266;186350;+;38.8	A	9/9	split_3	181508	0	1	
AP019386.1	MPF_F	IncHI2;IncHI2A	360	0	0	GA	0															not_admitted	not_admitted	not_admitted	not_admitted	not_admitted	not_admitted	not_admitted	not_admitted	not_admitted	not_admitted	1	29;32275;33333;+;276.9	224;200521;201936;-;194.1	225;201926;202972;-;173.7	11;8955;11636;+;168.0	223;196562;200512;-;101.6	7;5270;6625;+;80.7	11;8955;11636;+;70.8	4;2758;3546;+;74.8	27;30622;32133;+;62.7	30;33352;36540;+;58.3	231;210013;212097;+;56.7	10;7996;8946;+;46.4	231;210013;212097;+;38.8	A	9/9	split_3	207255	0	1	
AP019515.1	-	-	487	0	0	GA	0															not_admitted	not_admitted	not_admitted	not_admitted	not_admitted	not_admitted	not_admitted	not_admitted	not_admitted	not_admitted	1		49;26111;26446;-;58.8	50;26388;26936;-;43.6	395;225809;226090;-;30.2	45;23581;23949;-;60.5	398;226820;227446;-;93.4	391;223913;224461;-;54.9	402;228972;229478;-;52.9	27;14208;14594;+;70.8	467;263436;264170;+;39.1		396;226319;226579;-;23.5		B	8/9	split_3	249228	0	1	
AP019683.1	MPF_T	-	95	0	0	GA	1	2;4664;5254;-;62.9	53;41304;41618;-;76.8	52;41035;41301;-;36.5	51;38398;40968;-;34.6	51;38398;40968;-;107.4	50;37599;38378;-;54.7	49;35559;37034;-;84.7		48;34842;35552;-;129.8	47;33824;34816;-;166.9	46;32465;33808;-;209.6	54;41697;42701;-;116.3	0;256;1401;-;183.6		conjscan	conjscan_only	A	7/7	canonical	1	0	unscoreable	2	0	0														not_admitted	not_admitted	not_admitted	not_admitted	not_admitted	not_admitted	not_admitted
AP019705.1	MPF_F	IncFII(pHN7A8)	86	0	0	GA	0															not_admitted	not_admitted	not_admitted	not_admitted	not_admitted	not_admitted	not_admitted	not_admitted	not_admitted	not_admitted	1	62;46271;47263;+;369.5	73;53040;54413;+;386.6	67;50369;51112;+;234.4	59;42632;45262;+;307.3	74;54410;57229;+;385.4	50;37534;38985;+;93.9	59;42632;45262;+;97.0	48;36253;36819;+;179.9	64;47607;48245;+;70.7	65;48242;50092;+;266.4	78;59499;61778;+;380.7	54;40089;40604;+;79.4	78;59499;61778;+;66.4	A	9/9	contiguous	23246	1	1	57254..57745+;163;TraS;0
AP019756.1	MPF_T	-	63	0	0	GA	1	1;513;1181;-;30.8	0;226;510;-;59.2		62;58924;61344;-;151.4	62;58924;61344;-;79.5	61;58214;58927;-;125.2	59;56830;57996;-;136.9		57;55797;56504;-;125.5	56;55045;55800;-;126.5	55;53915;55048;-;155.0	54;52793;53911;-;95.4	53;50806;52800;-;340.6		pfam	both	A	7/7	canonical	1	0	unscoreable	2	0	0														not_admitted	not_admitted	not_admitted	not_admitted	not_admitted	not_admitted	not_admitted
AP020333.1	MPF_F	IncFIA(HI1);IncHI1A;IncHI1B(R27)	272	0	0	GA	0															not_admitted	not_admitted	not_admitted	not_admitted	not_admitted	not_admitted	not_admitted	not_admitted	not_admitted	not_admitted	1	41;44958;46010;+;277.6	208;200871;202286;-;202.9	209;202276;203322;-;171.3	23;22880;25561;+;160.6	207;196873;200862;-;103.1	19;19174;20532;+;84.0	23;22880;25561;+;76.5	16;16722;17507;+;68.7	39;43305;44813;+;65.6	42;46033;49209;+;58.9	215;210257;212341;+;50.2	22;21921;22871;+;45.2	215;210257;212341;+;36.5	A	9/9	split_3	193535	0	1	
AP021970.1	MPF_F	Col(pHAD28);IncFIB(K);IncFII(pKP91)	278	0	0	GA	0															not_admitted	not_admitted	not_admitted	not_admitted	not_admitted	not_admitted	not_admitted	not_admitted	not_admitted	not_admitted	1	49;43526;44515;+;363.3	60;50334;51701;+;382.2	56;48324;49076;+;233.7	45;39430;42069;+;259.4	61;51701;54550;+;342.9	35;34044;35468;+;89.2	45;39430;42069;+;88.3	33;32751;33317;+;167.9	51;44791;45438;+;65.9	52;45497;47452;+;259.5	65;56362;58644;+;393.3	37;36080;36664;+;53.8	65;56362;58644;+;65.9	A	9/9	contiguous	23611	1	1	54553..55083+;176;unnamed;0
AP022086.1	MPF_F	IncFIB(pNDM-Mar);IncHI1B(pNDM-MAR);IncQ1	307	0	0	GA	0															not_admitted	not_admitted	not_admitted	not_admitted	not_admitted	not_admitted	not_admitted	not_admitted	not_admitted	not_admitted	1	229;208502;209536;-;282.2	102;74946;76355;+;190.4	101;73919;74956;+;175.9	243;222117;224834;-;148.5	103;76357;80265;+;122.1	247;226947;228317;-;65.8	243;222117;224834;-;85.2	250;229963;230823;-;79.0	232;211297;212643;-;70.1	228;205310;208492;-;58.9	94;64595;66721;-;57.8	244;224879;225616;-;56.9	94;64595;66721;-;41.0	A	9/9	split_2	165368	0	1	
AP022134.1	MPF_F	IncHI2;IncHI2A	300	0	0	GA	0															not_admitted	not_admitted	not_admitted	not_admitted	not_admitted	not_admitted	not_admitted	not_admitted	not_admitted	not_admitted	1	282;250504;251562;-;276.9	228;196666;198081;-;194.1	229;198071;199117;-;173.7	0;101;2782;-;168.0	227;192707;196657;-;101.6	4;5112;6467;-;80.7	0;101;2782;-;72.2	7;8191;8979;-;74.8	284;251704;253215;-;62.7	281;247297;250485;-;54.5	235;206158;208242;+;56.7	1;2791;3741;-;46.4	235;206158;208242;+;38.8	A	9/9	split_3	251603	0	1	
AP022158.1	MPF_F	Col(pHAD28);IncFIB(K);IncFII(pKP91)	268	0	0	GA	0															not_admitted	not_admitted	not_admitted	not_admitted	not_admitted	not_admitted	not_admitted	not_admitted	not_admitted	not_admitted	1	49;43526;44515;+;363.3	60;50334;51701;+;382.2	56;48324;49076;+;233.7	45;39430;42069;+;259.4	61;51701;54550;+;342.9	35;34044;35468;+;89.2	45;39430;42069;+;88.3	33;32751;33317;+;167.9	51;44791;45438;+;65.9	52;45497;47452;+;259.5	65;56362;58644;+;393.3	37;36080;36664;+;53.8	65;56362;58644;+;65.9	A	9/9	contiguous	23611	1	1	54553..55083+;176;unnamed;0
AP022275.1	MPF_T	-	128	0	0	GA	1	49;44599;45261;-;47.8	48;44290;44589;-;31.9	47;41530;44280;-;61.1	47;41530;44280;-;128.9	47;41530;44280;-;44.7	46;40795;41511;-;133.1	44;39483;40481;-;136.8		42;38585;39271;-;160.2	41;37699;38592;-;146.7	40;36506;37702;-;132.2	39;35453;36502;-;69.6	32;27164;29062;-;23.6		pfam	pfam_only	A	7/7	canonical	1	1	unscoreable	8	0	0														not_admitted	not_admitted	not_admitted	not_admitted	not_admitted	not_admitted	not_admitted
AP022276.1	MPF_F	IncFIB(pECLA);IncFII(pECLA)	143	0	0	GA	0															not_admitted	not_admitted	not_admitted	not_admitted	not_admitted	not_admitted	not_admitted	not_admitted	not_admitted	not_admitted	1	30;18640;19638;+;364.2	39;24875;26239;+;359.5	33;22104;22886;+;214.9	22;12673;15282;+;214.8	40;26239;29637;+;306.6	14;8657;10060;+;90.2	22;12673;15282;+;103.5	12;7327;7908;+;100.9	31;19649;20275;+;64.3	32;20272;22107;+;222.5	44;31694;34249;+;360.8	20;11883;12425;+;46.9	44;31694;34249;+;72.7	A	9/9	contiguous	24367	1	1	29639..30328+;229;unnamed;0
AP022309.1	-	-	509	0	0	GA	1	413;415288;415710;+;75.6	487;474541;474894;+;28.3		489;475198;477660;+;53.8	489;475198;477660;+;81.4		491;478448;479470;+;61.5		408;410395;411099;+;95.5	409;411102;411974;+;176.0	410;411971;413227;+;168.3	419;419909;422338;+;151.3	493;480846;482717;+;41.1		none	none	A	7/7	canonical	0	0	unscoreable	9	0	0														not_admitted	not_admitted	not_admitted	not_admitted	not_admitted	not_admitted	not_admitted
AP022310.1	MPF_F	-	530	0	0	GA	0															not_admitted	not_admitted	not_admitted	not_admitted	not_admitted	not_admitted	not_admitted	not_admitted	not_admitted	not_admitted	1	350;295344;296381;-;303.5	286;230237;231688;-;239.0	287;231705;232652;-;242.7	290;233938;236397;-;158.1	285;226712;230224;-;218.6	293;237534;238751;-;109.6	290;233938;236397;-;131.5	295;239601;240308;-;105.8	349;294665;295396;-;104.9	272;214593;216287;-;257.8	299;242567;244321;+;35.2	292;236850;237518;-;84.7	299;242567;244321;+;37.2	A	9/9	split_2	80751	0	1	
AP022312.1	-	-	196	0	0	GA	1	34;34318;34740;+;75.9			107;97656;100118;+;54.9	107;97656;100118;+;81.4		109;100909;101928;+;65.0		29;29425;30129;+;96.1	30;30132;31004;+;176.2	31;31007;32257;+;166.8	39;38935;41370;+;151.3	111;103280;105151;+;42.2		none	none	A	7/7	canonical	0	0	unscoreable	9	0	0														not_admitted	not_admitted	not_admitted	not_admitted	not_admitted	not_admitted	not_admitted
AP022381.1	MPF_F	IncC	229	0	0	GA	0															not_admitted	not_admitted	not_admitted	not_admitted	not_admitted	not_admitted	not_admitted	not_admitted	not_admitted	not_admitted	1	99;72000;73007;+;332.9	226;182392;183825;+;339.2	225;181362;182390;+;221.7	94;66801;69248;+;354.2	227;183838;187452;+;375.3	89;57974;59290;+;135.0	94;66801;69248;+;128.6	87;56450;57076;+;92.1	97;70070;71335;+;67.6	100;73123;75918;+;145.3	78;50775;52640;+;47.4	90;59287;59865;+;100.2	78;50775;52640;+;52.0	A	9/9	split_2	133063	0	1	
AP022382.1	MPF_F	-	107	0	0	GA	0															not_admitted	not_admitted	not_admitted	not_admitted	not_admitted	not_admitted	not_admitted	not_admitted	not_admitted	not_admitted	1	42;32111;33709;+;329.5	48;36748;38136;+;244.1	46;35429;36256;+;170.0	39;25477;28017;+;161.0	49;38136;42086;+;128.2	37;23711;24958;+;61.3	39;25477;28017;+;82.6	35;22284;22916;+;42.7	44;34140;34889;+;95.2	41;30057;31952;+;72.2	84;66223;68496;-;340.0	38;24958;25476;+;72.3	84;66223;68496;-;65.2	A	9/9	split_2	43939	1	1	42211..42462+;83;unnamed;0
AP022385.1	MPF_F	IncC	193	0	0	GA	0															not_admitted	not_admitted	not_admitted	not_admitted	not_admitted	not_admitted	not_admitted	not_admitted	not_admitted	not_admitted	1	93;84228;85235;-;332.9	2;4129;5562;-;339.2	3;5564;6592;-;221.7	98;87987;90434;-;354.2	1;502;4116;-;375.3	103;97945;99261;-;135.0	98;87987;90434;-;128.6	105;100159;100785;-;92.1	95;85900;87165;-;67.6	92;81317;84112;-;145.3	114;104595;106460;-;47.4	102;97370;97948;-;100.2	114;104595;106460;-;52.0	A	9/9	split_2	104093	0	1	
AP022386.1	MPF_F	-	107	0	0	GA	0															not_admitted	not_admitted	not_admitted	not_admitted	not_admitted	not_admitted	not_admitted	not_admitted	not_admitted	not_admitted	1	57;40104;41702;+;329.5	63;44741;46129;+;244.1	61;43422;44249;+;170.0	54;33470;36010;+;161.0	64;46129;50079;+;128.2	52;31704;32951;+;61.3	54;33470;36010;+;82.6	50;30277;30909;+;42.7	59;42133;42882;+;95.2	56;38050;39945;+;72.2	99;74216;76489;-;340.0	53;32951;33469;+;72.3	99;74216;76489;-;65.2	A	9/9	split_2	43939	1	1	50204..50455+;83;unnamed;0
AP022422.1	MPF_T	IncN;IncP6	78	0	0	GA	1	41;37153;37890;+;32.0		44;38533;38850;+;63.3	45;38850;41450;+;111.8	45;38850;41450;+;76.4	46;41468;42181;+;105.5	48;42432;43472;+;142.4		49;43774;44388;+;129.9	50;44399;45283;+;159.4	51;45283;46443;+;156.3	52;46485;47480;+;81.2	56;52048;53577;-;38.5		pfam	both	A	7/7	canonical	1	0	unscoreable	6	0	0														not_admitted	not_admitted	not_admitted	not_admitted	not_admitted	not_admitted	not_admitted
AP022439.1	MPF_F	IncFII(Y);IncFII(pAR0022);IncR;repB(R1701)	307	0	0	GA	0															not_admitted	not_admitted	not_admitted	not_admitted	not_admitted	not_admitted	not_admitted	not_admitted	not_admitted	not_admitted	1	185;154576;155562;-;370.3	177;148491;149861;-;377.9	181;151078;151827;-;217.0	188;156556;159186;-;285.5	176;145630;148491;-;333.9	194;161214;162608;-;91.7	188;156556;159186;-;98.1	196;163325;163891;-;169.9	184;153930;154559;-;65.6	183;152083;153933;-;258.9	173;141726;143954;-;384.8	193;160653;161192;-;65.7	173;141726;143954;-;63.9	A	9/9	contiguous	21599	1	1	145126..145611-;161;TraS;0
AP022520.1	MPF_F	IncHI2;IncHI2A	284	0	0	GA	0															not_admitted	not_admitted	not_admitted	not_admitted	not_admitted	not_admitted	not_admitted	not_admitted	not_admitted	not_admitted	1	29;32375;33433;+;276.9	189;179901;181316;+;194.1	188;178865;179911;+;173.7	11;9055;11736;+;168.0	190;181325;185275;+;101.6	7;5370;6725;+;80.7	11;9055;11736;+;72.2	4;2858;3646;+;74.8	27;30722;32233;+;62.7	30;33452;36640;+;58.3	182;169740;171824;-;56.7	10;8096;9046;+;46.4	182;169740;171824;-;38.8	A	9/9	split_3	178467	0	1	
AP022555.1	-	IncFII(K);IncFII(pAR0022);IncR	80	0	0	GA	0															not_admitted	not_admitted	not_admitted	not_admitted	not_admitted	not_admitted	not_admitted	not_admitted	not_admitted	not_admitted	1	50;39155;40153;+;370.9	55;43882;45246;+;350.2	53;42516;43286;+;203.4	47;35496;38117;+;217.3	56;45249;48119;+;243.4	44;33205;34536;+;86.0	47;35496;38117;+;92.2	42;31924;32499;+;87.7	51;40123;40551;+;64.0	52;40579;42516;+;231.2	58;48822;50954;+;376.5	46;34957;35487;+;34.9	58;48822;50954;+;68.7	A	9/9	contiguous	16898	1	1	48128..48691+;187;unnamed;0
AP023265.1	MPF_F	IncFIB(K);IncFII(Yp);repB(R1701)	250	0	0	GA	0															not_admitted	not_admitted	not_admitted	not_admitted	not_admitted	not_admitted	not_admitted	not_admitted	not_admitted	not_admitted	1	151;129467;130459;-;372.3	141;122464;123834;-;383.1	144;124603;125355;-;222.2	154;131485;134124;-;254.8	140;119609;122464;-;333.3	36;28503;29927;-;88.4	154;131485;134124;-;88.2	38;30654;31220;-;169.3	150;128828;129454;-;68.3	149;126876;128831;-;254.3	137;115546;117864;-;390.7	159;136053;136622;-;55.7	137;115546;117864;-;66.8	A	9/9	split_2	107550	1	1	118921..119592-;223;unnamed;0
AP023266.1	MPF_F	Col(pHAD28);IncFIB(pQil);IncFII(K)	132	0	0	GA	0															not_admitted	not_admitted	not_admitted	not_admitted	not_admitted	not_admitted	not_admitted	not_admitted	not_admitted	not_admitted	1	78;76323;77312;-;366.6	68;69409;70776;-;380.7	72;72034;72786;-;233.7	82;78755;81394;-;258.5	67;66560;69409;-;345.6	90;84651;86075;-;88.8	82;78755;81394;-;88.7	92;86802;87368;-;169.3	77;75672;76310;-;67.0	76;73658;75613;-;259.7	63;61762;64074;-;392.7	89;83953;84537;-;55.4	63;61762;64074;-;66.5	A	9/9	contiguous	25040	1	1	65999..66547-;182;unnamed;0
AP023267.1	MPF_F	IncFII(pBK30683)	82	0	0	GA	0															not_admitted	not_admitted	not_admitted	not_admitted	not_admitted	not_admitted	not_admitted	not_admitted	not_admitted	not_admitted	1	54;37307;38299;+;362.9	68;47002;48369;+;382.8	62;43866;44618;+;237.5	51;33642;36281;+;259.3	69;48369;51215;+;345.1	39;27771;29195;+;89.3	51;33642;36281;+;88.7	37;26478;27044;+;168.4	58;40330;40977;+;66.9	59;41036;42991;+;259.7	73;53712;56021;+;390.7	42;29920;30489;+;53.9	73;53712;56021;+;66.5	A	9/9	contiguous	27234	1	1	51235..51903+;222;TraS;0
AP024132.2	MPF_F	IncFIB(AP001918);IncFII	148	0	0	GA	0															not_admitted	not_admitted	not_admitted	not_admitted	not_admitted	not_admitted	not_admitted	not_admitted	not_admitted	not_admitted	1	90;98544;99536;-;369.3	81;92109;93482;-;381.0	86;95072;95815;-;231.6	93;100545;103172;-;306.4	80;89287;92112;-;386.0	99;105227;106654;-;94.3	93;100545;103172;-;98.5	101;107369;107935;-;183.3	89;97897;98535;-;68.7	88;96092;97900;-;267.9	77;85630;87783;-;391.8	95;103688;104203;-;77.3	77;85630;87783;-;70.4	A	9/9	contiguous	21739	1	1	88781..89290-;169;unnamed;0
AP024491.1	-	-	81	0	0	GA	0															not_admitted	not_admitted	not_admitted	not_admitted	not_admitted	not_admitted	not_admitted	not_admitted	not_admitted	not_admitted	1	39;41834;42820;-;360.3	32;35531;36919;-;337.3	36;38577;39365;-;208.2	42;43864;46557;-;248.7	31;32651;35524;-;304.2	51;49988;51358;-;93.4	42;43864;46557;-;121.2	53;52102;52674;-;119.3	38;41200;41817;-;69.1	37;39362;41200;-;233.4	27;29184;31403;-;389.1	43;46554;47123;-;52.9	27;29184;31403;-;77.6	A	9/9	contiguous	22918	1	1	32213..32638-;141;unnamed;0
AP024496.1	MPF_F	IncFIB(pQil);IncFII(Yp);IncFII(pAR0022)	148	0	0	GA	0															not_admitted	not_admitted	not_admitted	not_admitted	not_admitted	not_admitted	not_admitted	not_admitted	not_admitted	not_admitted	1	116;120642;121628;-;368.4	108;114559;115929;-;376.7	112;117146;117895;-;218.2	119;122622;125252;-;285.5	107;111737;114559;-;336.5	125;127280;128674;-;90.9	119;122622;125252;-;98.6	127;129391;129957;-;169.9	115;119996;120625;-;66.9	114;118146;119999;-;257.4	104;108209;110401;-;384.8	124;126719;127258;-;64.9	104;108209;110401;-;63.9	A	9/9	contiguous	21182	1	1	111284..111715-;143;TraS;0
AP024827.1	MPF_F	-	106	0	0	GA	0															not_admitted	not_admitted	not_admitted	not_admitted	not_admitted	not_admitted	not_admitted	not_admitted	not_admitted	not_admitted	1	52;43894;44895;-;396.4	46;37989;39395;-;376.3	47;39406;40218;-;250.0	56;46411;49035;-;207.9	45;34930;37977;-;223.5	60;50608;51957;-;121.9	56;46411;49035;-;126.6	62;52623;53216;-;168.9	51;43118;43894;-;106.8	49;40582;41826;-;178.4	74;61899;63896;-;423.1	57;49073;49723;-;54.1	74;61899;63896;-;80.7	A	9/9	contiguous	26969	0	1	
AP024844.2	MPF_F	IncC	201	0	0	GA	0															not_admitted	not_admitted	not_admitted	not_admitted	not_admitted	not_admitted	not_admitted	not_admitted	not_admitted	not_admitted	1	90;66796;67803;+;332.9	190;151616;153049;+;339.2	189;150586;151614;+;221.7	85;61597;64044;+;354.2	191;153062;156676;+;375.3	80;52770;54086;+;135.0	85;61597;64044;+;128.6	78;51246;51872;+;92.1	88;64866;66131;+;67.6	91;67919;70714;+;145.3	69;45571;47436;+;47.4	81;54083;54661;+;100.2	69;45571;47436;+;52.0	A	9/9	split_2	107491	0	1	
AP024877.1	-	-	245	0	0	GA	0															not_admitted	not_admitted	not_admitted	not_admitted	not_admitted	not_admitted	not_admitted	not_admitted	not_admitted	not_admitted	1	75;82651;83688;+;295.5	223;215754;217151;+;253.9	222;214793;215752;+;204.5	72;78378;80984;+;197.5	224;217155;220004;+;164.8	68;75279;76634;+;114.4	72;78378;80984;+;112.0	66;73875;74471;+;54.9		79;87656;89686;+;88.6	57;66588;68156;+;35.3	69;76631;77242;+;52.9	57;66588;68156;+;40.3	B	8/9	split_2	150567	0	1	
AP025536.1	MPF_F	-	151	0	0	GA	0															not_admitted	not_admitted	not_admitted	not_admitted	not_admitted	not_admitted	not_admitted	not_admitted	not_admitted	not_admitted	1	87;49527;50570;-;369.2	80;44125;45552;-;325.8	82;45950;46762;-;219.1	91;52131;54497;-;127.2	79;41671;44109;-;209.5	97;56537;57400;-;104.8	91;52131;54497;-;108.8	100;58564;59142;-;82.0	86;48805;49512;-;107.6	84;47342;47686;-;55.5	122;69692;71851;-;381.4	93;54866;55510;-;41.9	122;69692;71851;-;89.7	A	9/9	contiguous	28021	1	1	41015..41623-;202;unnamed;0
AP025671.1	-	Col3M	140	0	0	GA	0															not_admitted	not_admitted	not_admitted	not_admitted	not_admitted	not_admitted	not_admitted	not_admitted	not_admitted	not_admitted	1	40;31399;32385;+;362.6	47;37218;38594;+;330.3	43;34973;35764;+;208.7	37;27646;30357;+;235.2	48;38600;41497;+;314.7	30;23837;25201;+;92.1	37;27646;30357;+;121.1	28;22524;23093;+;122.1	41;32401;33141;+;70.7	42;33138;34973;+;237.1	52;42794;45025;+;387.4	36;27089;27643;+;47.1	52;42794;45025;+;76.5	A	9/9	contiguous	20270	1	1	41463..41981+;172;unnamed;0
AP025691.1	MPF_T	repUS11	66	0	0	GA	1				1;1968;4325;-;21.1			3;4640;5467;-;29.4						5;5822;7597;-;171.5		none	none	D	3/7	rearranged	0	0	unscoreable	2	0	0														not_admitted	not_admitted	not_admitted	not_admitted	not_admitted	not_admitted	not_admitted
AP025950.1	MPF_T	-	60	0	0	GA	1		48;43600;43863;-;59.6	47;40819;43587;-;75.1	47;40819;43587;-;175.4	47;40819;43587;-;84.2	42;37948;38937;-;84.3	41;36956;37951;-;116.9		39;36153;36812;-;177.9	38;35266;36156;-;162.9	37;34078;35256;-;166.4	36;33090;34097;-;93.0	35;31278;33089;-;350.2		pfam	pfam_only	A	7/7	canonical	1	1	unscoreable	5	0	0														not_admitted	not_admitted	not_admitted	not_admitted	not_admitted	not_admitted	not_admitted
AP025952.1	MPF_T	-	61	0	0	GA	1		7;7602;7865;+;59.6	8;7878;10646;+;75.1	8;7878;10646;+;175.4	8;7878;10646;+;84.2	13;12528;13517;+;84.3	14;13514;14509;+;116.9		16;14653;15312;+;177.9	17;15309;16199;+;162.9	18;16209;17387;+;166.4	19;17368;18375;+;93.0	20;18376;20187;+;350.2		pfam	pfam_only	A	7/7	canonical	1	1	unscoreable	5	0	0														not_admitted	not_admitted	not_admitted	not_admitted	not_admitted	not_admitted	not_admitted
AP025954.1	MPF_T	-	60	0	0	GA	1		36;34544;34807;-;59.6	35;31763;34531;-;75.1	35;31763;34531;-;175.4	35;31763;34531;-;84.2	30;28892;29881;-;84.3	29;27900;28895;-;116.9		27;27097;27756;-;177.9	26;26210;27100;-;162.9	25;25022;26200;-;166.4	24;24034;25041;-;93.0	23;22222;24033;-;350.2		pfam	pfam_only	A	7/7	canonical	1	1	unscoreable	5	0	0														not_admitted	not_admitted	not_admitted	not_admitted	not_admitted	not_admitted	not_admitted
AP025956.1	MPF_T	-	56	0	0	GA	1		17;14524;14787;-;54.5	16;11737;14505;-;73.3	16;11737;14505;-;177.2	16;11737;14505;-;86.1	11;8881;9852;-;81.8	10;7886;8884;-;116.3		8;7077;7739;-;177.6	7;6193;7080;-;158.6	6;4991;6166;-;165.9	5;4018;5010;-;93.2	4;2206;4017;-;348.4		pfam	pfam_only	A	7/7	canonical	1	1	unscoreable	5	0	0														not_admitted	not_admitted	not_admitted	not_admitted	not_admitted	not_admitted	not_admitted
AP025958.1	MPF_T	-	54	0	0	GA	1		41;37418;37681;+;54.5	42;37700;40468;+;73.3	42;37700;40468;+;178.6	42;37700;40468;+;86.1	47;42353;43324;+;81.8	48;43321;44319;+;116.3		50;44466;45128;+;177.6	51;45125;46012;+;158.6	52;46039;47214;+;165.9	0;108;572;+;63.7	1;573;2384;+;348.4		pfam	pfam_only	A	7/7	canonical	1	1	unscoreable	5	0	0														not_admitted	not_admitted	not_admitted	not_admitted	not_admitted	not_admitted	not_admitted
AP025960.1	MPF_T	-	55	0	0	GA	1		52;48750;49013;-;54.5	51;45963;48731;-;73.3	51;45963;48731;-;178.6	51;45963;48731;-;86.1	46;43095;44081;-;82.0	45;42099;43091;-;111.7		43;41290;41952;-;177.6	42;40406;41293;-;161.4	41;39207;40379;-;166.0	40;38234;39226;-;93.2	39;36422;38233;-;348.4		pfam	pfam_only	A	7/7	canonical	1	1	unscoreable	5	0	0														not_admitted	not_admitted	not_admitted	not_admitted	not_admitted	not_admitted	not_admitted
AP025964.1	MPF_T	-	52	0	0	GA	1		27;22533;22796;+;51.9	28;22809;25577;+;73.3	28;22809;25577;+;173.1	28;22809;25577;+;84.1	33;27570;28265;+;40.5	35;28539;29537;+;119.5		37;29684;30346;+;177.6	38;30343;31230;+;161.4	39;31257;32432;+;165.9	40;32413;33405;+;93.2	41;33406;35217;+;348.4		pfam	pfam_only	A	7/7	canonical	1	1	unscoreable	6	0	0														not_admitted	not_admitted	not_admitted	not_admitted	not_admitted	not_admitted	not_admitted
AP025967.1	MPF_T	-	150	0	0	GA	1		118;104068;104331;-;54.5	117;101281;104049;-;73.3	117;101281;104049;-;178.6	117;101281;104049;-;86.1	112;98425;99396;-;81.8	111;97430;98428;-;116.3		109;96621;97283;-;177.6	108;95737;96624;-;158.6	107;94535;95710;-;165.9	106;93562;94554;-;93.2	105;91750;93561;-;348.4		pfam	pfam_only	A	7/7	canonical	1	1	unscoreable	5	0	0														not_admitted	not_admitted	not_admitted	not_admitted	not_admitted	not_admitted	not_admitted
AP025969.1	MPF_T	-	46	0	0	GA	1		19;19261;19524;+;54.5	20;19543;22311;+;73.3	20;19543;22311;+;177.2	20;19543;22311;+;86.1	25;24196;25167;+;81.8	26;25164;26162;+;116.3		28;26309;26971;+;177.6	29;26968;27855;+;158.6	30;27882;29057;+;165.9	31;29038;30030;+;93.2	32;30031;31842;+;348.4		pfam	pfam_only	A	7/7	canonical	1	1	unscoreable	5	0	0														not_admitted	not_admitted	not_admitted	not_admitted	not_admitted	not_admitted	not_admitted
AP025971.1	MPF_T	-	48	0	0	GA	1		17;11744;12007;+;56.2	18;12016;14784;+;74.2	18;12016;14784;+;175.1	18;12016;14784;+;85.1	23;16660;17649;+;85.6	24;17646;18641;+;118.4		26;18785;19444;+;177.9	27;19441;20331;+;163.5	28;20341;21519;+;164.3	29;21500;22507;+;94.3	30;22508;24319;+;346.0		pfam	pfam_only	A	7/7	canonical	1	1	unscoreable	5	0	0														not_admitted	not_admitted	not_admitted	not_admitted	not_admitted	not_admitted	not_admitted
AP025973.1	MPF_T	-	60	0	0	GA	1		8;6570;6833;-;59.6	7;3789;6557;-;75.1	7;3789;6557;-;175.4	7;3789;6557;-;84.2	2;918;1907;-;84.3			58;53755;54414;-;177.9	57;52868;53758;-;162.9	56;51680;52858;-;166.4	55;50692;51699;-;93.0	54;48880;50691;-;350.2		pfam	pfam_only	B	6/7	uncallable	0	1	unscoreable	4	0	0														not_admitted	not_admitted	not_admitted	not_admitted	not_admitted	not_admitted	not_admitted
AP025975.1	MPF_T	-	54	0	0	GA	1		20;16554;16817;+;54.5	21;16836;19604;+;73.3	21;16836;19604;+;173.1	21;16836;19604;+;84.1	26;21585;22571;+;82.7	27;22575;23567;+;112.5		29;23714;24376;+;177.6	30;24373;25260;+;159.6	31;25287;26462;+;165.9	32;26443;27435;+;93.2	33;27436;29247;+;348.4		pfam	pfam_only	A	7/7	canonical	1	1	unscoreable	5	0	0														not_admitted	not_admitted	not_admitted	not_admitted	not_admitted	not_admitted	not_admitted
AP025978.1	MPF_T	-	145	0	0	GA	1		17;8663;8926;+;54.5	18;8945;11713;+;73.3	18;8945;11713;+;177.2	18;8945;11713;+;86.1	23;13598;14569;+;81.8	24;14566;15564;+;116.3		26;15711;16373;+;177.6	27;16370;17257;+;158.6	28;17284;18459;+;165.9	29;18440;19432;+;93.2	30;19433;21244;+;348.4		pfam	pfam_only	A	7/7	canonical	1	1	unscoreable	5	0	0														not_admitted	not_admitted	not_admitted	not_admitted	not_admitted	not_admitted	not_admitted
AP025980.1	MPF_T	-	55	0	0	GA	1		21;17282;17545;+;54.5	22;17564;20332;+;73.3	22;17564;20332;+;178.6	22;17564;20332;+;86.1	27;22217;23188;+;81.8	28;23185;24183;+;116.3		30;24330;24992;+;177.6	31;24989;25876;+;158.6	32;25903;27078;+;165.9	33;27059;28051;+;93.2	34;28052;29863;+;348.4		pfam	pfam_only	A	7/7	canonical	1	1	unscoreable	5	0	0														not_admitted	not_admitted	not_admitted	not_admitted	not_admitted	not_admitted	not_admitted
AP025982.1	MPF_T	-	74	0	0	GA	1		72;59373;59636;+;54.5		0;56;1735;+;99.6		5;3620;4591;+;81.8	6;4588;5586;+;116.3		8;5733;6395;+;177.6	9;6392;7279;+;161.4	10;7306;8481;+;165.9	11;8462;9454;+;93.2	12;9455;11266;+;348.4		pfam	pfam_only	A	7/7	canonical	1	0	unscoreable	5	0	0														not_admitted	not_admitted	not_admitted	not_admitted	not_admitted	not_admitted	not_admitted
AP025984.1	MPF_T	-	56	0	0	GA	1		44;43234;43497;-;54.5	43;40447;43215;-;73.3	43;40447;43215;-;177.8	43;40447;43215;-;86.1	38;37480;38466;-;82.7	37;36484;37476;-;112.5		35;35675;36337;-;177.6	34;34791;35678;-;161.4	33;33589;34764;-;165.9	32;32616;33608;-;93.2	31;30804;32615;-;348.4		pfam	pfam_only	A	7/7	canonical	1	1	unscoreable	5	0	0														not_admitted	not_admitted	not_admitted	not_admitted	not_admitted	not_admitted	not_admitted
AP025986.1	MPF_T	-	56	0	0	GA	1				50;44836;46368;-;53.8		45;41980;42951;-;81.8	44;40985;41983;-;116.3		42;40176;40838;-;177.6	41;39292;40179;-;152.8	40;38090;39265;-;165.9	39;37117;38109;-;93.2	38;35305;37116;-;348.4		pfam	pfam_only	A	7/7	canonical	1	0	unscoreable	5	0	0														not_admitted	not_admitted	not_admitted	not_admitted	not_admitted	not_admitted	not_admitted
AP025988.1	MPF_T	-	49	0	0	GA	1		1;3281;3544;-;56.2	0;500;3268;-;75.1	0;500;3268;-;176.0	0;500;3268;-;86.5	45;43333;44322;-;84.3	44;42341;43336;-;116.9		42;41538;42197;-;177.9	41;40651;41541;-;162.8	40;39460;40641;-;165.3	39;38472;39479;-;94.1	38;36660;38471;-;345.2		pfam	pfam_only	A	7/7	rearranged	1	1	unscoreable	1	0	0														not_admitted	not_admitted	not_admitted	not_admitted	not_admitted	not_admitted	not_admitted
AP025989.1	MPF_T	-	51	0	0	GA	1				8;6843;9311;-;105.0		28;21057;22013;-;31.3	46;33339;34487;-;95.5		6;6022;6699;-;112.5	5;4952;6022;-;97.7	4;3819;4955;-;143.9	2;2665;3615;-;100.7	0;362;2251;-;244.4		pfam	pfam_only	A	7/7	rearranged	1	0	unscoreable	6	0	0														not_admitted	not_admitted	not_admitted	not_admitted	not_admitted	not_admitted	not_admitted
AP025991.1	MPF_T	-	59	0	0	GA	1		32;29553;29816;+;59.6	33;29829;32597;+;75.1	33;29829;32597;+;175.4	33;29829;32597;+;84.2	38;34479;35468;+;84.3	39;35465;36460;+;116.9		41;36604;37263;+;177.9	42;37260;38150;+;162.9	43;38160;39338;+;166.4	44;39319;40326;+;93.0	45;40327;42138;+;350.2		pfam	pfam_only	A	7/7	canonical	1	1	unscoreable	5	0	0														not_admitted	not_admitted	not_admitted	not_admitted	not_admitted	not_admitted	not_admitted
AP025993.1	MPF_T	-	53	0	0	GA	1		40;35982;36245;+;54.5	41;36264;39032;+;73.3	41;36264;39032;+;173.1	41;36264;39032;+;84.1	46;41013;41999;+;82.7	47;42003;42995;+;112.5		49;43142;43804;+;177.6	50;43801;44688;+;159.6	51;44715;45890;+;165.9	52;45871;46863;+;93.2	0;50;1045;+;225.0		pfam	pfam_only	A	7/7	canonical	1	1	unscoreable	5	0	0														not_admitted	not_admitted	not_admitted	not_admitted	not_admitted	not_admitted	not_admitted
AP025997.1	MPF_T	-	158	0	0	GA	1		23;22725;22988;-;54.5	22;19938;22706;-;73.3	22;19938;22706;-;178.6	22;19938;22706;-;86.1	17;17082;18053;-;81.8	16;16087;17085;-;116.3		14;15278;15940;-;177.6	13;14394;15281;-;158.6	12;13192;14367;-;165.9	11;12219;13211;-;93.2	10;10407;12218;-;348.4		pfam	pfam_only	A	7/7	canonical	1	1	unscoreable	5	0	0														not_admitted	not_admitted	not_admitted	not_admitted	not_admitted	not_admitted	not_admitted
AP025998.1	MPF_T	-	47	0	0	GA	1				41;29768;32236;+;105.0		21;17092;18048;+;31.3	7;5974;7122;+;95.5		43;32380;33057;+;112.5	44;33057;34127;+;97.7	45;34124;35260;+;143.9	0;135;821;+;101.7	2;1235;3124;+;244.4		pfam	pfam_only	A	7/7	rearranged	1	0	unscoreable	18	0	0														not_admitted	not_admitted	not_admitted	not_admitted	not_admitted	not_admitted	not_admitted
AP026000.1	MPF_T	-	52	0	0	GA	1		11;6715;6978;+;51.4	12;6997;9765;+;73.1	12;6997;9765;+;180.3	12;6997;9765;+;82.8	17;11656;12645;+;83.5	18;12642;13637;+;118.4		20;13781;14443;+;177.6	21;14440;15327;+;161.4	22;15354;16526;+;166.0	23;16507;17499;+;93.2	24;17500;19311;+;348.4		pfam	pfam_only	A	7/7	canonical	1	1	unscoreable	5	0	0														not_admitted	not_admitted	not_admitted	not_admitted	not_admitted	not_admitted	not_admitted
AP026002.1	MPF_T	-	69	0	0	GA	1		15;8394;8657;+;54.5	16;8676;11393;+;73.3	16;8676;11393;+;173.1	16;8676;11393;+;84.1	21;13425;14366;+;82.8	23;14678;15106;+;70.1		27;15746;16213;+;104.5	28;16210;17097;+;159.6	29;17124;18299;+;165.9	30;18280;19272;+;93.2	32;19574;21082;+;345.2		pfam	pfam_only	A	7/7	canonical	1	1	unscoreable	9	0	0														not_admitted	not_admitted	not_admitted	not_admitted	not_admitted	not_admitted	not_admitted
AP026004.1	MPF_T	-	54	0	0	GA	1		7;6438;6701;-;54.5	6;3651;6419;-;73.3	6;3651;6419;-;173.1	6;3651;6419;-;84.1	1;684;1670;-;82.7			51;46528;47190;-;177.6	50;45644;46531;-;159.6	49;44442;45617;-;165.9	48;43469;44461;-;93.2	47;41657;43468;-;348.4		pfam	pfam_only	B	6/7	uncallable	0	1	unscoreable	4	0	0														not_admitted	not_admitted	not_admitted	not_admitted	not_admitted	not_admitted	not_admitted
AP026006.1	MPF_T	-	60	0	0	GA	1		53;47919;48182;-;59.6	52;45138;47906;-;75.1	52;45138;47906;-;175.4	52;45138;47906;-;84.2	47;42267;43256;-;84.3	46;41275;42270;-;116.9		44;40472;41131;-;177.9	43;39585;40475;-;162.9	42;38397;39575;-;166.4	41;37409;38416;-;93.0	40;35597;37408;-;350.2		pfam	pfam_only	A	7/7	canonical	1	1	unscoreable	5	0	0														not_admitted	not_admitted	not_admitted	not_admitted	not_admitted	not_admitted	not_admitted
AP026008.1	MPF_T	-	60	0	0	GA	1		23;22492;22755;-;59.6	22;19711;22479;-;75.1	22;19711;22479;-;175.4	22;19711;22479;-;84.2	17;16840;17829;-;84.3	16;15848;16843;-;116.9		14;15045;15704;-;177.9	13;14158;15048;-;162.9	12;12970;14148;-;166.4	11;11982;12989;-;93.0	10;10170;11981;-;350.2		pfam	pfam_only	A	7/7	canonical	1	1	unscoreable	5	0	0														not_admitted	not_admitted	not_admitted	not_admitted	not_admitted	not_admitted	not_admitted
AP026010.1	MPF_T	-	48	0	0	GA	1		18;16117;16380;-;54.5	17;13330;16098;-;73.3	17;13330;16098;-;177.8	17;13330;16098;-;86.1	12;10363;11349;-;82.7	11;9367;10359;-;112.5		9;8558;9220;-;177.6	8;7674;8561;-;161.4	7;6472;7647;-;165.9	6;5499;6491;-;93.2	5;3687;5498;-;348.4		pfam	pfam_only	A	7/7	canonical	1	1	unscoreable	5	0	0														not_admitted	not_admitted	not_admitted	not_admitted	not_admitted	not_admitted	not_admitted
AP026012.1	MPF_T	-	47	0	0	GA	1		34;35892;36155;-;54.5	33;33105;35873;-;73.3	33;33105;35873;-;177.8	33;33105;35873;-;86.1	28;30138;31124;-;82.7	27;29142;30134;-;112.5		25;28333;28995;-;177.6	24;27449;28336;-;161.4	23;26247;27422;-;165.9	22;25274;26266;-;93.2	21;23462;25273;-;348.4		pfam	pfam_only	A	7/7	canonical	1	1	unscoreable	5	0	0														not_admitted	not_admitted	not_admitted	not_admitted	not_admitted	not_admitted	not_admitted
AP026015.1	MPF_T	-	60	0	0	GA	1		50;47197;47460;+;59.6	51;47473;48207;+;77.9	52;48191;50239;+;176.0	51;47473;48207;+;71.5	57;52121;53110;+;84.3	58;53107;54102;+;116.9			0;172;1062;+;162.9	1;1072;2250;+;166.4	2;2231;3238;+;93.0	3;3239;5050;+;350.2		pfam	pfam_only	B	6/7	canonical	1	0	unscoreable	4	0	0														not_admitted	not_admitted	not_admitted	not_admitted	not_admitted	not_admitted	not_admitted
AP026448.1	MPF_F	IncFIA;IncFIB(AP001918);IncFII	156	0	0	GA	0															not_admitted	not_admitted	not_admitted	not_admitted	not_admitted	not_admitted	not_admitted	not_admitted	not_admitted	not_admitted	1	85;83540;84532;-;371.9	74;75769;77145;-;376.7	79;78732;79322;-;214.8	88;85541;88168;-;306.4	73;72950;75772;-;387.7	97;92176;93603;-;94.7	88;85541;88168;-;99.7	99;94318;94884;-;182.5	84;82893;83531;-;68.4	83;81088;82896;-;268.3	70;69201;71417;-;391.7	93;90637;91152;-;76.7	70;69201;71417;-;70.3	A	9/9	contiguous	25117	1	1	72449..72928-;159;TraS;0
AP026450.1	MPF_T	IncN	62	0	0	GA	1	18;14266;15000;+;32.5		21;15643;15960;+;63.3	22;15960;18560;+;113.8	22;15960;18560;+;76.4	23;18578;19291;+;105.5	25;19542;20582;+;142.4		26;20801;21499;+;131.9	27;21510;22394;+;159.7	28;22394;23554;+;156.3	29;23596;24591;+;81.2	38;32585;34114;-;38.5		pfam	both	A	7/7	canonical	1	0	unscoreable	11	0	0														not_admitted	not_admitted	not_admitted	not_admitted	not_admitted	not_admitted	not_admitted
AP026455.1	MPF_F	IncFIB(AP001918);IncFII	145	0	0	GA	0															not_admitted	not_admitted	not_admitted	not_admitted	not_admitted	not_admitted	not_admitted	not_admitted	not_admitted	not_admitted	1	89;81652;82644;-;369.3	80;75217;76590;-;379.5	85;78180;78923;-;233.3	92;83653;86283;-;305.1	79;72398;75220;-;389.2	99;89321;90748;-;94.1	92;83653;86283;-;98.4	101;91463;92029;-;183.8	88;81005;81643;-;64.0	87;79200;81008;-;268.0	76;68675;70864;-;391.8	96;87922;88437;-;76.4	76;68675;70864;-;70.3	A	9/9	contiguous	22788	1	1	71880..72377-;165;TraS;0
AP026457.1	MPF_F	IncFII(pSE11)	86	0	0	GA	0															not_admitted	not_admitted	not_admitted	not_admitted	not_admitted	not_admitted	not_admitted	not_admitted	not_admitted	not_admitted	1	56;47996;48988;+;369.5	71;57782;59155;+;377.3	64;54580;55569;+;233.2	53;44357;46987;+;301.5	72;59152;61974;+;389.2	45;39661;41088;+;94.1	53;44357;46987;+;97.3	43;38380;38946;+;183.8	61;51253;51891;+;69.7	63;52703;54553;+;264.8	76;64241;66412;+;391.8	49;42210;42725;+;77.9	76;64241;66412;+;70.4	A	9/9	contiguous	25861	1	1	61996..62487+;163;TraS;0
AP026458.1	MPF_T	IncN	64	0	0	GA	1	18;13195;13929;+;32.5		21;14572;14889;+;63.3	22;14889;17489;+;113.8	22;14889;17489;+;76.4	23;17507;18220;+;105.5	25;18471;19511;+;142.4		26;19730;20428;+;131.9	27;20439;21323;+;159.7	28;21323;22483;+;156.3	29;22525;23520;+;81.2	38;31514;33043;-;38.5		pfam	both	A	7/7	canonical	1	0	unscoreable	11	0	0														not_admitted	not_admitted	not_admitted	not_admitted	not_admitted	not_admitted	not_admitted
AP026464.1	MPF_F	IncFIA;IncFIB(AP001918);IncFII(29)	126	0	0	GA	0															not_admitted	not_admitted	not_admitted	not_admitted	not_admitted	not_admitted	not_admitted	not_admitted	not_admitted	not_admitted	1	75;84336;85328;-;371.9	64;77277;78650;-;378.0	71;80864;81607;-;235.0	78;86337;88964;-;305.4	63;74458;77280;-;389.5	84;91123;92550;-;94.3	78;86337;88964;-;98.3	86;93265;93831;-;183.8	74;83689;84327;-;68.4	73;81884;83692;-;268.4	60;70772;72925;-;391.8	80;89480;89995;-;78.4	60;70772;72925;-;70.4	A	9/9	contiguous	22493	1	1	73957..74436-;159;TraS;0
AP026466.1	MPF_T	IncI2(Delta)	87	0	0	GA	1	47;35379;35861;-;81.1		61;50933;51217;-;36.5	60;48570;50927;-;58.5	60;48570;50927;-;44.9	73;57369;58013;-;31.4	74;58019;59014;-;123.7		58;47670;48404;-;144.4	57;46903;47673;-;170.5	56;45774;46913;-;154.7	50;37630;39168;-;207.1	54;42726;44684;-;287.0		pfam	pfam_only	A	7/7	rearranged	1	0	unscoreable	17	0	0														not_admitted	not_admitted	not_admitted	not_admitted	not_admitted	not_admitted	not_admitted
AP026467.1	MPF_T	IncN	61	0	0	GA	1	18;13269;14003;+;32.5		21;14646;14963;+;63.3	22;14963;17563;+;113.8	22;14963;17563;+;76.4	23;17581;18294;+;105.5	25;18545;19585;+;142.4		26;19804;20502;+;131.9	27;20513;21397;+;159.7	28;21397;22557;+;156.3	29;22599;23594;+;81.2	35;29558;31087;-;38.5		pfam	both	A	7/7	canonical	1	0	unscoreable	8	0	0														not_admitted	not_admitted	not_admitted	not_admitted	not_admitted	not_admitted	not_admitted
AP026473.1	MPF_F	IncFII	84	0	0	GA	0															not_admitted	not_admitted	not_admitted	not_admitted	not_admitted	not_admitted	not_admitted	not_admitted	not_admitted	not_admitted	1	60;48567;49559;+;369.5	70;55338;56711;+;381.7	65;52665;53408;+;234.4	57;44928;47558;+;304.1	71;56708;59530;+;374.0	49;40075;41526;+;94.2	57;44928;47558;+;97.1	47;38794;39360;+;174.3	62;49903;50541;+;68.6	63;50538;52388;+;266.1	75;61802;64081;+;391.0	52;42386;42901;+;78.4	75;61802;64081;+;70.3	A	9/9	contiguous	23008	1	1	59552..60031+;159;TraS;0
AP026474.1	MPF_T	IncN	64	0	0	GA	1	18;14273;15007;+;32.5		21;15650;15967;+;63.3	22;15967;18567;+;113.8	22;15967;18567;+;76.4	23;18585;19298;+;105.5	25;19549;20589;+;142.4		26;20808;21506;+;131.9	27;21517;22401;+;159.7	28;22401;23561;+;156.3	29;23603;24598;+;81.2	38;32592;34121;-;38.5		pfam	both	A	7/7	canonical	1	0	unscoreable	11	0	0														not_admitted	not_admitted	not_admitted	not_admitted	not_admitted	not_admitted	not_admitted
AP026477.1	MPF_F	Col156;IncFIA;IncFIB(AP001918);IncFII(pRSB107)	177	0	0	GA	0															not_admitted	not_admitted	not_admitted	not_admitted	not_admitted	not_admitted	not_admitted	not_admitted	not_admitted	not_admitted	1	109;99921;100913;-;369.5	96;90789;92162;-;386.6	104;96072;96815;-;231.4	112;101922;104549;-;303.9	95;87973;90792;-;386.3	118;106434;107885;-;94.1	112;101922;104549;-;96.5	120;108600;109166;-;184.3	107;98939;99577;-;68.7	106;97092;98942;-;266.7	91;83472;85715;-;391.7	115;105065;105580;-;75.2	91;83472;85715;-;70.3	A	9/9	contiguous	25128	1	1	87457..87948-;163;TraS;0
AP026478.1	MPF_T	IncN	64	0	0	GA	1	18;14160;14894;+;32.5		21;15537;15854;+;63.3	22;15854;18454;+;113.8	22;15854;18454;+;76.4	23;18472;19185;+;105.5	25;19436;20476;+;142.4		26;20695;21393;+;131.9	27;21404;22288;+;159.7	28;22288;23448;+;156.3	29;23490;24485;+;81.2	38;32479;34008;-;38.5		pfam	both	A	7/7	canonical	1	0	unscoreable	11	0	0														not_admitted	not_admitted	not_admitted	not_admitted	not_admitted	not_admitted	not_admitted
AP026480.1	MPF_F	IncFIA;IncFIB(AP001918);IncFII(pRSB107)	134	0	0	GA	0															not_admitted	not_admitted	not_admitted	not_admitted	not_admitted	not_admitted	not_admitted	not_admitted	not_admitted	not_admitted	1	66;62625;63617;-;369.5		61;58776;59519;-;231.4	69;64626;67253;-;303.9		75;69138;70589;-;94.1	69;64626;67253;-;96.5	77;71304;71870;-;184.3	64;61643;62281;-;68.7	63;59796;61646;-;266.7	57;55378;56787;-;268.0	72;67769;68284;-;75.2	57;55378;56787;-;71.3	C	7/9	contiguous	15926	0	1	
AP026481.1	MPF_T	IncN	64	0	0	GA	1	18;14273;15007;+;32.5		21;15650;15967;+;63.3	22;15967;18567;+;113.8	22;15967;18567;+;76.4	23;18585;19298;+;105.5	25;19549;20589;+;142.4		26;20808;21506;+;131.9	27;21517;22401;+;159.7	28;22401;23561;+;156.3	29;23603;24598;+;81.2	38;32592;34121;-;38.5		pfam	both	A	7/7	canonical	1	0	unscoreable	11	0	0														not_admitted	not_admitted	not_admitted	not_admitted	not_admitted	not_admitted	not_admitted
AP026485.1	MPF_T	IncN	51	0	0	GA	1	8;5365;6099;+;32.5		11;6742;7059;+;63.3	12;7059;9659;+;113.8	12;7059;9659;+;76.4	13;9677;10390;+;105.5	15;10641;11681;+;142.4		16;11900;12598;+;131.9	17;12609;13493;+;159.7	18;13493;14653;+;156.3	19;14695;15690;+;81.2	28;23684;25213;-;38.5		pfam	both	A	7/7	canonical	1	0	unscoreable	11	0	0														not_admitted	not_admitted	not_admitted	not_admitted	not_admitted	not_admitted	not_admitted
AP026490.1	MPF_T	IncX1;IncX3	65	0	0	GA	1	51;42703;43350;-;45.6	50;42429;42725;-;76.6	49;39657;42410;-;46.6	49;39657;42410;-;147.9	49;39657;42410;-;75.3	48;38888;39646;-;67.5	46;37517;38650;-;109.2		45;36559;37272;-;118.2	44;35625;36554;-;133.7	43;34423;35628;-;132.5	42;33390;34421;-;76.3	41;31552;33387;-;486.3		pfam	pfam_only	A	7/7	canonical	1	1	unscoreable	1	0	0														not_admitted	not_admitted	not_admitted	not_admitted	not_admitted	not_admitted	not_admitted
AP026491.1	MPF_T	IncN	62	0	0	GA	1	18;13269;14003;+;32.5		21;14646;14963;+;63.3	22;14963;17563;+;113.8	22;14963;17563;+;76.4	23;17581;18294;+;105.5	25;18545;19585;+;142.4		26;19804;20502;+;131.9	27;20513;21397;+;159.7	28;21397;22557;+;156.3	29;22599;23594;+;81.2	38;31588;33117;-;38.5		pfam	both	A	7/7	canonical	1	0	unscoreable	11	0	0														not_admitted	not_admitted	not_admitted	not_admitted	not_admitted	not_admitted	not_admitted
AP026496.1	MPF_F	IncHI2;IncHI2A	212	0	0	GA	0															not_admitted	not_admitted	not_admitted	not_admitted	not_admitted	not_admitted	not_admitted	not_admitted	not_admitted	not_admitted	1	28;31285;32343;+;276.9	125;118895;120310;-;194.1	126;120300;121346;-;174.3	11;8955;11636;+;168.0	124;114933;118886;-;101.6	7;5270;6625;+;80.7	11;8955;11636;+;72.2	4;2758;3546;+;74.8	26;29632;31143;+;62.0	29;32362;35550;+;57.3	133;128388;130472;+;56.8	10;7996;8946;+;46.1	133;128388;130472;+;38.8	A	9/9	split_3	125630	1	1	113463..114752-;429;unnamed;0
AP026498.1	MPF_T	IncI2	72	0	0	GA	1	35;29071;29553;-;81.1		49;44624;44908;-;36.6	48;42261;44618;-;58.5	48;42261;44618;-;44.9	59;50436;51080;-;41.0	60;51086;52081;-;123.7		46;41361;42095;-;144.3	45;40594;41364;-;170.4	44;39465;40604;-;154.7	38;31321;32859;-;207.1	42;36417;38375;-;288.2		pfam	pfam_only	A	7/7	rearranged	1	0	unscoreable	14	0	0														not_admitted	not_admitted	not_admitted	not_admitted	not_admitted	not_admitted	not_admitted
AP026499.1	MPF_T	IncN	64	0	0	GA	1	18;14273;15007;+;32.5		21;15650;15967;+;63.3	22;15967;18567;+;113.8	22;15967;18567;+;76.4	23;18585;19298;+;105.5	25;19549;20589;+;142.4		26;20808;21506;+;131.9	27;21517;22401;+;159.7	28;22401;23561;+;156.3	29;23603;24598;+;81.2	38;32592;34121;-;38.5		pfam	both	A	7/7	canonical	1	0	unscoreable	11	0	0														not_admitted	not_admitted	not_admitted	not_admitted	not_admitted	not_admitted	not_admitted
AP026500.1	MPF_T	IncX4	61	0	0	GA	1	48;35950;36561;-;53.0	47;35664;35978;-;30.8	46;35286;35606;-;46.2	45;32911;35283;-;79.9	45;32911;35283;-;33.6	50;37891;38532;+;33.9	49;36894;37889;+;126.4		43;32043;32780;-;159.5	42;31267;32046;-;167.2	41;30135;31277;-;143.5	40;29116;30135;-;91.9	39;27098;29065;-;290.6		pfam	pfam_only	A	7/7	uncallable	0	0	unscoreable	1	0	0														not_admitted	not_admitted	not_admitted	not_admitted	not_admitted	not_admitted	not_admitted
AP026506.1	MPF_T	IncN	62	0	0	GA	1	18;13269;14003;+;32.5		21;14646;14963;+;63.3	22;14963;17563;+;113.8	22;14963;17563;+;76.4	23;17581;18294;+;105.5	25;18545;19585;+;142.4		26;19804;20502;+;131.9	27;20513;21397;+;159.7	28;21397;22557;+;156.3	29;22599;23594;+;81.2	38;31588;33117;-;38.5		pfam	both	A	7/7	canonical	1	0	unscoreable	11	0	0														not_admitted	not_admitted	not_admitted	not_admitted	not_admitted	not_admitted	not_admitted
AP026508.1	MPF_F	IncHI2;IncHI2A	254	0	0	GA	0															not_admitted	not_admitted	not_admitted	not_admitted	not_admitted	not_admitted	not_admitted	not_admitted	not_admitted	not_admitted	1	29;32558;33616;+;276.9	169;161454;162869;-;194.1	170;162859;163905;-;174.3	13;10305;12986;+;168.0	168;157492;161445;-;101.6	9;6620;7975;+;80.7	13;10305;12986;+;72.2	6;4108;4896;+;74.8	27;30905;32416;+;62.0	30;33635;36823;+;57.3	177;170947;173031;+;56.8	12;9346;10296;+;46.1	177;170947;173031;+;38.8	A	9/9	split_3	166839	1	1	156022..157311-;429;unnamed;0
AP026509.1	MPF_T	IncN	62	0	0	GA	1	18;13269;14003;+;32.5		21;14646;14963;+;63.3	22;14963;17563;+;113.8	22;14963;17563;+;76.4	23;17581;18294;+;105.5	25;18545;19585;+;142.4		26;19804;20502;+;131.9	27;20513;21397;+;159.7	28;21397;22557;+;156.3	29;22599;23594;+;81.2	38;31588;33117;-;38.5		pfam	both	A	7/7	canonical	1	0	unscoreable	11	0	0														not_admitted	not_admitted	not_admitted	not_admitted	not_admitted	not_admitted	not_admitted
AP026511.1	MPF_F	IncFII	75	0	0	GA	0															not_admitted	not_admitted	not_admitted	not_admitted	not_admitted	not_admitted	not_admitted	not_admitted	not_admitted	not_admitted	1	47;35699;36691;+;369.5	61;44704;46077;+;381.7	55;41756;42499;+;235.0	44;32060;34690;+;305.1	62;46074;48920;+;384.1	36;27206;28657;+;94.0	44;32060;34690;+;97.1	34;25925;26491;+;172.8	49;37035;37673;+;68.6	53;39827;41479;+;272.4	66;51150;53330;+;391.8	39;29517;30032;+;82.8	66;51150;53330;+;70.3	A	9/9	contiguous	25225	1	1	48917..49426+;169;unnamed;0
AP026512.1	MPF_T	IncN	73	0	0	GA	1	17;13232;13966;+;32.5		20;14609;14926;+;63.3	21;14926;17526;+;113.8	21;14926;17526;+;76.4	22;17544;18257;+;105.5	24;18508;19548;+;142.4		25;19767;20465;+;131.9	26;20476;21360;+;159.7	27;21360;22520;+;156.3	28;22562;23557;+;81.2	47;40436;41965;-;38.5		pfam	both	A	7/7	canonical	1	0	unscoreable	3	0	0														not_admitted	not_admitted	not_admitted	not_admitted	not_admitted	not_admitted	not_admitted
AP026515.1	MPF_F	IncFII	200	0	0	GA	0															not_admitted	not_admitted	not_admitted	not_admitted	not_admitted	not_admitted	not_admitted	not_admitted	not_admitted	not_admitted	1	50;36967;37959;-;369.3	41;30532;31908;-;381.0	46;33495;34238;-;230.0	53;38968;41595;-;306.4	40;29906;30535;-;185.5	60;43650;45077;-;94.3	53;38968;41595;-;98.5	62;45792;46358;-;183.3	49;36320;36958;-;68.7	48;34515;36323;-;267.9	134;105691;107916;-;391.7	56;42111;42626;-;77.7	134;105691;107916;-;70.3	A	9/9	split_2	75785	1	1	29528..29854-;108;unnamed;0
AP026516.1	MPF_T	IncN	64	0	0	GA	1	18;13269;14003;+;32.5		21;14646;14963;+;63.3	22;14963;17563;+;113.8	22;14963;17563;+;76.4	23;17581;18294;+;105.5	25;18545;19585;+;142.4		26;19803;20501;+;131.9	27;20512;21396;+;159.7	28;21396;22556;+;156.3	29;22598;23593;+;81.2	38;31575;33104;-;38.5		pfam	both	A	7/7	canonical	1	0	unscoreable	11	0	0														not_admitted	not_admitted	not_admitted	not_admitted	not_admitted	not_admitted	not_admitted
AP026519.1	MPF_F	Col156;IncFIA;IncFIB(AP001918);IncFII(pRSB107)	173	0	0	GA	0															not_admitted	not_admitted	not_admitted	not_admitted	not_admitted	not_admitted	not_admitted	not_admitted	not_admitted	not_admitted	1	102;92165;93157;-;369.5	94;87892;89265;-;386.6	97;89902;90447;-;44.4	105;94166;96793;-;303.9	93;85076;87895;-;386.3	111;98678;100129;-;94.1	105;94166;96793;-;96.5	113;100844;101410;-;184.3			89;80602;82818;-;391.8	108;97309;97824;-;75.2	89;80602;82818;-;70.3	C	7/9	contiguous	20242	1	0	84560..85051-;163;TraS;0
AP026521.1	MPF_F	IncFII(pSE11)	82	0	0	GA	0															not_admitted	not_admitted	not_admitted	not_admitted	not_admitted	not_admitted	not_admitted	not_admitted	not_admitted	not_admitted	1	54;40688;41680;+;369.5	66;47734;49107;+;381.7	59;44786;45529;+;234.4	51;37049;39679;+;297.8	67;49104;51929;+;374.0	44;32580;34007;+;93.9	51;37049;39679;+;98.7	42;31299;31865;+;174.3	56;42024;42662;+;68.5	57;42659;44509;+;266.9	71;54171;56441;+;391.7	47;34891;35406;+;78.4	71;54171;56441;+;70.3	A	9/9	contiguous	22872	1	1	51926..52435+;169;unnamed;0
AP026522.1	MPF_T	IncN	63	0	0	GA	1	18;14271;15005;+;32.5		21;15648;15965;+;63.3	22;15965;18565;+;113.8	22;15965;18565;+;76.4	23;18583;19296;+;105.5	25;19547;20587;+;142.4		26;20806;21504;+;131.9	27;21515;22399;+;159.7	28;22399;23559;+;156.3	30;24312;25307;+;81.2	39;33301;34830;-;38.5		pfam	both	A	7/7	canonical	1	0	unscoreable	12	0	0														not_admitted	not_admitted	not_admitted	not_admitted	not_admitted	not_admitted	not_admitted
AP026531.1	MPF_F	IncFIA;IncFIB(AP001918);IncFII	191	0	0	GA	0															not_admitted	not_admitted	not_admitted	not_admitted	not_admitted	not_admitted	not_admitted	not_admitted	not_admitted	not_admitted	1	128;111215;112207;-;367.4	116;104156;105529;-;380.9	123;107743;108486;-;235.0	131;113216;115843;-;305.4	115;101334;104159;-;385.9	137;117898;119325;-;94.3	131;113216;115843;-;98.5	139;120040;120606;-;183.8	127;110568;111206;-;68.6	125;108763;110034;-;269.9	112;97642;99831;-;391.3	133;116359;116874;-;78.4	112;97642;99831;-;70.4	A	9/9	contiguous	22398	1	1	100828..101337-;169;unnamed;0
AP026533.1	MPF_T	IncN	57	0	0	GA	1	19;14701;15435;+;32.5		22;16078;16395;+;63.3	23;16395;18995;+;113.8	23;16395;18995;+;76.4	24;19013;19726;+;105.5	26;19977;21017;+;142.4		27;21236;21934;+;131.9	28;21945;22829;+;159.7	29;22829;23989;+;156.3	30;24031;25026;+;81.2	39;32996;34525;-;38.5		pfam	both	A	7/7	canonical	1	0	unscoreable	11	0	0														not_admitted	not_admitted	not_admitted	not_admitted	not_admitted	not_admitted	not_admitted
AP026557.1	-	-	351	0	0	GA	0															not_admitted	not_admitted	not_admitted	not_admitted	not_admitted	not_admitted	not_admitted	not_admitted	not_admitted	not_admitted	1	185;183353;184438;+;253.0	31;40942;42366;-;187.3	32;42366;43406;-;200.5	58;69069;71684;+;203.8	30;36134;40939;-;110.8	53;65054;66400;+;116.1	58;69069;71684;+;92.9	51;63141;63791;+;87.4	183;181819;183183;+;58.8	186;184621;188946;+;63.8	46;58667;60538;+;34.0	57;68429;69058;+;64.6	46;58667;60538;+;35.3	A	9/9	split_2	148487	1	1	34704..36014-;436;unnamed;0
AP026741.1	MPF_T	IncX4	46	0	0	GA	1	30;23320;23940;-;41.6	29;22980;23306;-;64.4	28;20214;22961;-;63.8	28;20214;22961;-;151.8	28;20214;22961;-;46.1	27;19486;20202;-;94.2	26;18380;19474;-;150.1		24;17179;17865;-;169.0	23;16274;17182;-;142.4	22;15163;16281;-;164.1	21;14133;15161;-;85.0	20;12284;14101;-;316.5		pfam	pfam_only	A	7/7	canonical	1	1	unscoreable	1	0	0														not_admitted	not_admitted	not_admitted	not_admitted	not_admitted	not_admitted	not_admitted
AP026744.1	MPF_F	IncFII(pHN7A8)	74	0	0	GA	0															not_admitted	not_admitted	not_admitted	not_admitted	not_admitted	not_admitted	not_admitted	not_admitted	not_admitted	not_admitted	1	46;34397;35389;+;357.1	59;42260;43633;+;370.1	53;39295;40038;+;232.9	43;30758;33388;+;304.3	60;43630;46473;+;378.5	34;25662;27092;+;93.4	43;30758;33388;+;99.0	32;24381;24947;+;172.1	49;36018;36656;+;70.1	51;37127;39031;+;262.9	64;48714;50912;+;391.8	38;28217;28732;+;75.2	64;48714;50912;+;70.3	A	9/9	contiguous	24333	1	1	46495..46986+;163;TraS;1
AP026747.1	MPF_F	IncFII(29)	136	0	0	GA	0															not_admitted	not_admitted	not_admitted	not_admitted	not_admitted	not_admitted	not_admitted	not_admitted	not_admitted	not_admitted	1	58;47964;48956;+;369.2	70;55187;55891;+;248.6	65;52878;53621;+;234.5	55;44325;46955;+;306.8	124;95738;98563;+;376.7	47;39628;41055;+;94.1	55;44325;46955;+;99.7	45;38347;38913;+;183.8	60;49300;49938;+;70.4	63;50751;52601;+;265.0	128;100805;102985;+;391.8	51;42181;42696;+;78.4	128;100805;102985;+;70.3	A	9/9	split_2	62458	1	1	98560..99069+;169;unnamed;0
AP026753.1	MPF_F	IncFII	79	0	0	GA	0															not_admitted	not_admitted	not_admitted	not_admitted	not_admitted	not_admitted	not_admitted	not_admitted	not_admitted	not_admitted	1	50;38971;39963;+;365.8	61;46010;47383;+;381.0	56;43677;44420;+;233.3	47;35335;37962;+;305.4	62;47380;50205;+;389.2	41;31757;33184;+;94.3	47;35335;37962;+;98.8	39;30476;31042;+;183.8	53;40915;41553;+;70.3	54;41550;43400;+;264.7	65;51708;53906;+;391.8	45;34305;34820;+;78.4	65;51708;53906;+;70.3	A	9/9	contiguous	21232	1	1	50202..50711+;169;unnamed;0
AP026900.1	MPF_T	-	249	0	0	GA	1	86;96105;96710;-;35.5	84;94479;94799;-;64.3	83;94139;94477;-;86.8	82;91780;94146;-;142.0	82;91780;94146;-;105.0	81;91059;91778;-;185.5	79;89743;90780;-;111.7		77;88656;89333;-;185.6	76;87647;88654;-;191.5	75;86374;87645;-;180.8	74;85354;86370;-;101.7	73;83455;85335;-;330.9		pfam	both	A	7/7	canonical	1	0	unscoreable	3	0	0														not_admitted	not_admitted	not_admitted	not_admitted	not_admitted	not_admitted	not_admitted
AP026901.1	MPF_T	-	122	0	0	GA	1	86;83801;84406;+;36.3	88;85289;85609;+;64.3	89;85611;85949;+;87.2	90;85942;88308;+;143.0	90;85942;88308;+;104.7	91;88310;89029;+;183.4	93;89382;90440;+;105.3		95;90850;91527;+;184.6	96;91529;92536;+;190.8	97;92538;93809;+;180.3	98;93813;94829;+;97.2	99;94848;96728;+;332.4		pfam	both	A	7/7	canonical	1	0	unscoreable	3	0	0														not_admitted	not_admitted	not_admitted	not_admitted	not_admitted	not_admitted	not_admitted
AP026971.1	-	-	339	0	0	GA	0															not_admitted	not_admitted	not_admitted	not_admitted	not_admitted	not_admitted	not_admitted	not_admitted	not_admitted	not_admitted	1				91;87204;89729;+;28.7		89;85626;86819;+;35.7	91;87204;89729;+;57.1	87;84305;84916;+;39.2			98;95799;97208;+;26.1		98;95799;97208;+;45.7	D	2/9	contiguous	11494	0	0	
AP027307.1	-	-	206	0	0	GA	1	155;159037;159702;+;44.1	156;159718;160095;+;63.6	157;160153;160497;+;73.4	158;160490;162880;+;141.2	158;160490;162880;+;106.9	159;162892;163602;+;94.8	161;163930;164940;+;100.8		163;165285;165977;+;171.0	164;165974;166819;+;185.5	165;166816;167997;+;175.8	166;167994;169007;+;104.3	167;168979;170799;+;328.0		pfam	pfam_only	A	7/7	canonical	1	0	unscoreable	2	0	0														not_admitted	not_admitted	not_admitted	not_admitted	not_admitted	not_admitted	not_admitted
AP027316.1	MPF_F	-	257	0	0	GA	0															not_admitted	not_admitted	not_admitted	not_admitted	not_admitted	not_admitted	not_admitted	not_admitted	not_admitted	not_admitted	1	216;251772;252791;-;397.8	211;245533;246999;-;365.1	212;246999;247811;-;239.2	222;255195;257777;-;469.0	210;242755;245520;-;357.7	225;259409;260731;-;106.8	222;255195;257777;-;99.4	227;261534;262097;-;185.9	215;250988;251737;-;107.8	214;248187;250991;-;222.9	189;214403;216703;+;537.4	223;257777;258556;-;22.2	189;214403;216703;+;63.2	A	9/9	split_2	47131	0	1	
AP027317.1	MPF_T	-	109	0	0	GA	1	40;29310;29975;+;44.7	41;29972;30310;+;78.3	42;30307;30657;+;86.9	43;30650;33061;+;155.8	43;30650;33061;+;117.1	44;33065;33778;+;197.9	46;34010;34954;+;127.9		48;35289;35987;+;173.4	49;35984;36841;+;194.5	50;36845;38068;+;184.5	51;38072;39076;+;98.1	52;39060;41021;+;335.6		pfam	both	A	7/7	canonical	1	0	unscoreable	2	0	0														not_admitted	not_admitted	not_admitted	not_admitted	not_admitted	not_admitted	not_admitted
AP027326.1	-	-	75	0	0	GA	1	42;38567;39238;+;44.6	43;39238;39615;+;66.3	44;39680;40024;+;68.6	45;40053;41930;+;140.4	45;40053;41930;+;105.0	47;42548;43258;+;82.7	49;43590;44600;+;97.8		51;44941;45633;+;168.2	52;45630;46475;+;183.2	53;46477;47658;+;173.1	54;47655;48668;+;103.7	55;48665;50461;+;329.0		pfam	pfam_only	A	7/7	canonical	1	0	unscoreable	3	0	0														not_admitted	not_admitted	not_admitted	not_admitted	not_admitted	not_admitted	not_admitted
AP027332.1	MPF_F	-	293	0	0	GA	0															not_admitted	not_admitted	not_admitted	not_admitted	not_admitted	not_admitted	not_admitted	not_admitted	not_admitted	not_admitted	1	47;57253;58272;-;392.2	43;51355;52821;-;365.8	44;52821;53630;-;236.7	53;60692;63274;-;472.4	42;48576;51341;-;363.5	56;64918;66234;-;107.0	53;60692;63274;-;100.7	58;67037;67600;-;181.1	46;56469;57218;-;107.5	45;53662;56472;-;227.3	258;280275;282572;+;536.9	54;63274;64065;-;22.5	258;280275;282572;+;66.3	A	9/9	split_2	231699	0	1	
AP027343.1	-	-	65	0	0	GA	1	51;49591;50610;+;46.7	53;50861;51172;+;71.0	55;51471;51809;+;78.7	56;51802;54186;+;131.7	56;51802;54186;+;113.0	57;54188;54901;+;90.6	59;55194;56237;+;76.4		61;56647;57336;+;161.4	62;57333;58202;+;189.9	63;58199;59527;+;170.9	64;59527;60522;+;103.6	0;1;2049;+;341.4		pfam	pfam_only	A	7/7	canonical	1	0	unscoreable	3	0	0														not_admitted	not_admitted	not_admitted	not_admitted	not_admitted	not_admitted	not_admitted
AP027376.1	-	-	87	0	0	GA	1	53;46580;47692;+;72.7	49;43434;43715;+;91.6	50;43731;44009;+;61.6	51;43999;46377;+;75.0	51;43999;46377;+;51.7	54;47689;48456;+;59.9	56;48888;49901;+;115.4		57;49931;50599;+;184.6	58;50605;51327;+;176.7	59;51330;52754;+;169.9	60;52754;53731;+;115.8	64;58253;60169;-;291.9		pfam	pfam_only	A	7/7	canonical	1	0	unscoreable	5	0	0														not_admitted	not_admitted	not_admitted	not_admitted	not_admitted	not_admitted	not_admitted
AP027405.1	MPF_T	IncN	61	0	0	GA	1	16;10641;11375;+;32.5	18;11675;11968;+;28.7	19;12018;12335;+;63.3	20;12335;14935;+;111.8	20;12335;14935;+;76.8	21;14953;15666;+;97.1	23;15917;16957;+;153.6		24;17176;17874;+;131.9	25;17885;18769;+;159.0	26;18769;19929;+;154.9	27;19971;20966;+;81.2	43;39158;40687;-;38.5		pfam	both	A	7/7	canonical	1	0	unscoreable	2	0	0														not_admitted	not_admitted	not_admitted	not_admitted	not_admitted	not_admitted	not_admitted
AP027406.1	MPF_T	IncI2	77	0	0	GA	1	38;33284;33766;-;81.1		53;49369;49653;-;36.6	52;47006;49363;-;58.5	52;47006;49363;-;42.8	65;55106;55747;-;42.8	66;55753;56748;-;128.5		50;46106;46840;-;144.3	49;45339;46109;-;170.5	48;44210;45349;-;154.7	41;35534;37072;-;207.1	46;41161;43116;-;289.6		pfam	pfam_only	A	7/7	rearranged	1	0	unscoreable	17	1	0														not_admitted	not_admitted	not_admitted	not_admitted	not_admitted	not_admitted	not_admitted
AP027407.1	MPF_F	IncFIB(pB171);IncFII(pHN7A8);IncFII(pRSB107)	82	0	0	GA	0															not_admitted	not_admitted	not_admitted	not_admitted	not_admitted	not_admitted	not_admitted	not_admitted	not_admitted	not_admitted	1	36;42111;43097;-;355.4	30;36517;37878;-;343.5	32;38510;39289;-;195.3	39;44190;46781;-;216.0	29;33630;36515;-;290.4	42;47833;49197;-;83.4	39;44190;46781;-;88.0	44;49914;50477;-;137.4	34;41121;41735;-;81.6	33;39286;41124;-;260.1	26;29752;32001;-;372.4	40;46792;47391;-;53.2	26;29752;32001;-;62.8	A	9/9	contiguous	20162	1	1	33058..33618-;186;unnamed;0
AP027409.1	MPF_T	IncN	62	0	0	GA	1	19;15281;16015;+;32.5		22;16658;16975;+;63.3	23;16975;19575;+;113.8	23;16975;19575;+;76.4	24;19593;20306;+;105.5	26;20557;21597;+;142.4		27;21816;22514;+;131.9	28;22525;23409;+;159.7	29;23409;24569;+;156.3	30;24611;25606;+;81.2	39;33600;35129;-;38.5		pfam	both	A	7/7	canonical	1	0	unscoreable	11	0	0														not_admitted	not_admitted	not_admitted	not_admitted	not_admitted	not_admitted	not_admitted
AP027410.1	MPF_T	IncI2	76	0	0	GA	1	37;32022;32504;-;81.1		52;48106;48390;-;36.6	51;45743;48100;-;58.5	51;45743;48100;-;42.8	64;53843;54484;-;42.8	65;54490;55485;-;128.5		49;44843;45577;-;144.3	48;44076;44846;-;170.5	47;42947;44086;-;154.7	40;34272;35810;-;207.1	45;39899;41857;-;289.6		pfam	pfam_only	A	7/7	rearranged	1	0	unscoreable	17	1	0														not_admitted	not_admitted	not_admitted	not_admitted	not_admitted	not_admitted	not_admitted
AP027468.1	MPF_F	IncHI2;IncHI2A	336	0	0	GA	0															not_admitted	not_admitted	not_admitted	not_admitted	not_admitted	not_admitted	not_admitted	not_admitted	not_admitted	not_admitted	1	141;119009;120067;-;276.9	262;228720;230135;+;194.1	261;227951;228730;+;140.9	157;140142;142823;-;168.0	263;230144;234097;+;101.6	161;145153;146508;-;80.7	157;140142;142823;-;72.2	164;148306;149022;-;75.2	143;120209;121720;-;62.0	139;115801;116685;-;24.9	253;218557;220641;-;56.8	158;142832;143782;-;46.1	253;218557;220641;-;38.8	A	9/9	split_2	114343	1	1	234278..235567+;429;unnamed;0
AP027529.1	MPF_T	IncI2(Delta)	73	0	0	GA	1	55;44411;44893;-;81.1		71;60502;60786;-;36.6	70;58733;60496;-;58.9	70;58733;60496;-;45.6	6;4089;4733;-;41.0	7;4739;5734;-;123.9		67;57238;57972;-;144.3	66;56471;57241;-;170.5	65;55342;56481;-;154.7	58;46672;48210;-;207.1	63;52294;54252;-;289.6		pfam	pfam_only	A	7/7	canonical	1	0	unscoreable	8	0	0														not_admitted	not_admitted	not_admitted	not_admitted	not_admitted	not_admitted	not_admitted
AP027530.1	MPF_T	IncX1	79	0	0	GA	1	56;37775;38419;+;47.1	57;38403;38693;+;73.5	58;38717;41476;+;44.8	58;38717;41476;+;133.3	58;38717;41476;+;71.9	59;41478;42215;+;57.5	61;42497;43552;+;131.7		62;43742;44464;+;116.0	63;44470;45399;+;132.4	64;45396;46610;+;128.6	65;46628;47665;+;66.4	67;48376;49506;+;378.8		pfam	pfam_only	A	7/7	canonical	1	1	unscoreable	1	0	0														not_admitted	not_admitted	not_admitted	not_admitted	not_admitted	not_admitted	not_admitted
AP027717.1	MPF_F	IncFIB(AP001918);IncFIC(FII)	140	0	0	GA	0															not_admitted	not_admitted	not_admitted	not_admitted	not_admitted	not_admitted	not_admitted	not_admitted	not_admitted	not_admitted	1	73;67537;68529;-;369.3	65;61468;62841;-;380.7	69;64062;64805;-;232.7	76;69538;72165;-;303.5	64;58649;61471;-;380.3	80;74077;75504;-;94.3	76;69538;72165;-;100.3	82;76219;76785;-;183.8	72;66890;67528;-;68.3	71;65085;66893;-;268.3	61;54935;57115;-;391.8	77;72681;73196;-;78.0	61;54935;57115;-;70.4	A	9/9	contiguous	21284	1	1	58131..58628-;165;TraS;0
AP027770.1	MPF_F	IncHI2;IncHI2A	250	0	0	GA	0															not_admitted	not_admitted	not_admitted	not_admitted	not_admitted	not_admitted	not_admitted	not_admitted	not_admitted	not_admitted	1	124;117894;118952;+;276.9	13;13520;14935;-;194.1	14;14925;15971;-;174.3	108;95641;98322;+;168.0	12;9558;13511;-;101.6	104;91956;93311;+;80.7	108;95641;98322;+;72.2	101;89444;90232;+;74.8	122;116241;117752;+;62.0	125;118971;122159;+;57.3	21;23013;25097;+;56.8	107;94682;95632;+;46.1	21;23013;25097;+;38.8	A	9/9	split_3	109413	1	1	8088..9377-;429;unnamed;0
AP027810.1	MPF_T	IncX4	43	0	0	GA	1	34;24905;25525;+;41.6	35;25539;25865;+;64.4	36;25884;28631;+;63.8	36;25884;28631;+;151.8	36;25884;28631;+;46.1	37;28643;29359;+;94.2	38;29371;30465;+;150.1		41;31164;31667;+;129.0	42;31664;32572;+;142.4	0;9;368;+;89.6	1;370;1398;+;85.0	2;1430;3247;+;314.8		pfam	pfam_only	A	7/7	canonical	1	1	unscoreable	1	0	0														not_admitted	not_admitted	not_admitted	not_admitted	not_admitted	not_admitted	not_admitted
AP027847.1	MPF_F	IncHI2;IncHI2A	220	0	0	GA	0															not_admitted	not_admitted	not_admitted	not_admitted	not_admitted	not_admitted	not_admitted	not_admitted	not_admitted	not_admitted	1				218;174895;177576;+;168.0		214;171210;172565;+;80.7	218;174895;177576;+;72.2	211;168698;169486;+;74.8				217;173936;174886;+;46.1		D	3/9	contiguous	6197	0	0	
AP027894.1	MPF_T	IncX4	44	0	0	GA	1	35;23679;24299;+;41.6	36;24313;24639;+;64.4	37;24658;27405;+;63.8	37;24658;27405;+;151.8	37;24658;27405;+;46.1	38;27417;28133;+;94.2	39;28145;29239;+;150.1		41;29754;30440;+;169.0	42;30437;31345;+;142.4	43;31338;32456;+;163.9		0;203;1846;+;307.6		pfam	pfam_only	B	6/7	canonical	1	1	unscoreable	1	0	0														not_admitted	not_admitted	not_admitted	not_admitted	not_admitted	not_admitted	not_admitted
AP027895.1	MPF_F	IncFII	69	0	0	GA	0															not_admitted	not_admitted	not_admitted	not_admitted	not_admitted	not_admitted	not_admitted	not_admitted	not_admitted	not_admitted	1	20;14884;15855;-;319.7	4;4281;5657;-;379.1	13;9597;10340;-;232.9	24;17921;18859;-;165.6	2;1437;3986;-;284.6	33;22769;24196;-;94.0	23;16864;17949;-;62.3	35;24911;25477;-;182.3	17;13281;13919;-;70.8	14;10618;12468;-;265.7	67;51010;53217;-;389.3	29;21126;21641;-;81.6	67;51010;53217;-;68.1	A	9/9	split_2	49573	1	1	931..1440-;169;unnamed;0
AP027896.1	MPF_T	IncX1	57	0	0	GA	1	52;42223;42867;-;47.1	51;41949;42239;-;73.5	50;39166;41925;-;44.8	50;39166;41925;-;133.3	50;39166;41925;-;71.9	49;38427;39164;-;57.5	46;37089;37778;-;83.3		45;36177;36899;-;116.0	44;35242;36171;-;133.3	43;34031;35245;-;128.6	42;32976;34013;-;66.4	41;31136;32971;-;543.4		pfam	pfam_only	A	7/7	canonical	1	1	unscoreable	1	0	0														not_admitted	not_admitted	not_admitted	not_admitted	not_admitted	not_admitted	not_admitted
AP028203.1	MPF_T	-	400	0	0	GA	1	15;11639;12304;-;42.4		13;10784;11224;-;38.8	12;8217;10787;-;60.3		11;7515;8192;-;111.0	9;6339;7253;-;149.2		7;5141;5998;-;148.4	6;4188;5144;-;176.0	5;2764;4188;-;140.1	3;969;2051;-;80.7	399;379434;381101;-;302.9		pfam	both	A	7/7	canonical	1	0	unscoreable	4	0	0														not_admitted	not_admitted	not_admitted	not_admitted	not_admitted	not_admitted	not_admitted
AP028354.1	MPF_T	-	81	0	0	GA	1		38;19175;19441;+;59.2	39;19454;19582;+;45.3	41;20539;20931;+;84.5	40;19612;20250;+;89.1		52;25157;26284;+;119.0		54;26494;26727;+;48.4	56;26957;27787;+;161.8	57;27869;29041;+;166.0	59;29549;29932;+;63.7	63;31092;31820;+;184.1		none	none	A	7/7	canonical	0	0	unscoreable	13	0	0														not_admitted	not_admitted	not_admitted	not_admitted	not_admitted	not_admitted	not_admitted
AP028477.1	MPF_F	pSM22	65	0	0	GA	0															not_admitted	not_admitted	not_admitted	not_admitted	not_admitted	not_admitted	not_admitted	not_admitted	not_admitted	not_admitted	1	14;18419;19417;-;364.0	7;12639;14009;-;361.4	10;14869;15663;-;204.0	20;22028;24658;-;258.2	6;9805;12639;-;301.7	23;25445;26842;-;88.5	20;22028;24658;-;108.7	25;27562;28128;-;157.0	13;17734;18408;-;63.2	11;15660;17564;-;242.3	3;6861;9065;-;385.7	21;24671;25225;-;55.4	3;6861;9065;-;67.7	A	9/9	contiguous	20701	1	1	9267..9794-;175;unnamed;0
AP028481.1	-	pSM22	150	0	0	GA	0															not_admitted	not_admitted	not_admitted	not_admitted	not_admitted	not_admitted	not_admitted	not_admitted	not_admitted	not_admitted	1	117;110980;111981;-;359.8	108;104289;105662;-;353.2	114;107851;108633;-;213.0	123;114520;117129;-;215.4	107;101409;104285;-;231.9	129;119196;120539;-;84.9	123;114520;117129;-;86.7	131;121238;121813;-;86.7	116;110555;110980;-;63.9	115;108633;110474;-;227.8	102;96859;98964;-;355.5	124;117140;117646;-;35.9	102;96859;98964;-;60.2	A	9/9	contiguous	24379	1	1	100844..101422-;192;unnamed;0
AP028486.1	MPF_T	IncN	64	0	0	GA	1	22;17516;18250;+;32.5		25;18893;19210;+;63.3	26;19210;21810;+;113.8	26;19210;21810;+;76.4	27;21828;22541;+;105.5	29;22792;23832;+;142.4		30;24051;24749;+;131.9	31;24760;25644;+;159.7	32;25644;26804;+;156.3	33;26846;27841;+;81.2	41;36096;37625;-;38.5		pfam	both	A	7/7	canonical	1	0	unscoreable	10	0	0														not_admitted	not_admitted	not_admitted	not_admitted	not_admitted	not_admitted	not_admitted
AP028492.1	MPF_F	pADAP;pSM22	85	0	0	GA	0															not_admitted	not_admitted	not_admitted	not_admitted	not_admitted	not_admitted	not_admitted	not_admitted	not_admitted	not_admitted	1	54;69600;70598;-;361.8	48;64011;65378;-;368.3	51;66223;67017;-;202.4	59;72964;75594;-;266.3	47;61178;64009;-;292.4	63;76823;78220;-;84.6	59;72964;75594;-;100.8	65;78938;79501;-;163.7	53;68915;69589;-;61.9	52;67014;68918;-;239.6	44;58248;60446;-;379.8	60;75608;76162;-;57.0	44;58248;60446;-;58.1	A	9/9	contiguous	20690	1	1	60648..61181-;177;unnamed;0
AP028498.1	-	-	114	0	0	GA	0															not_admitted	not_admitted	not_admitted	not_admitted	not_admitted	not_admitted	not_admitted	not_admitted	not_admitted	not_admitted	1	7;5196;6197;-;359.8	113;106081;107136;-;232.6	4;2066;2848;-;214.3	13;8835;11444;-;213.5	112;103201;106077;-;232.0	19;13544;14878;-;84.3	13;8835;11444;-;87.3	21;15583;16158;-;76.9	6;4771;5226;-;61.5	5;2848;4689;-;229.2	107;98478;100589;-;355.5	14;11455;11994;-;35.7	107;98478;100589;-;60.3	A	9/9	split_2	104015	1	1	102636..103214-;192;unnamed;0
AP028500.1	MPF_F	pADAP;pSM22	108	0	0	GA	0															not_admitted	not_admitted	not_admitted	not_admitted	not_admitted	not_admitted	not_admitted	not_admitted	not_admitted	not_admitted	1	77;80323;81321;-;361.8	71;74734;76101;-;368.3	74;76946;77740;-;202.4	82;83687;86317;-;264.5	70;71901;74732;-;293.8	86;87546;88946;-;85.6	82;83687;86317;-;100.8	88;89664;90227;-;163.8	76;79638;80312;-;61.9	75;77737;79641;-;242.1	67;68971;71169;-;378.6	83;86331;86885;-;57.0	67;68971;71169;-;56.9	A	9/9	contiguous	20693	1	1	71371..71904-;177;unnamed;0
AP028507.1	MPF_F	IncFII(Yp);pSM22	240	0	0	GA	0															not_admitted	not_admitted	not_admitted	not_admitted	not_admitted	not_admitted	not_admitted	not_admitted	not_admitted	not_admitted	1	72;54197;55204;+;371.8	78;59307;60674;+;375.9	75;57731;58474;+;221.8	118;103093;105948;-;315.3	79;60674;63499;+;337.5	62;46534;47928;+;89.5	68;50077;52704;+;98.6	60;45251;45817;+;157.9	73;55219;55848;+;67.1	74;55845;57722;+;249.6	81;64323;66524;+;388.5	64;48438;48992;+;63.3	81;64323;66524;+;66.8	A	9/9	split_2	57842	1	1	63508..64023+;171;unnamed;0
AP028508.1	-	pSM22	86	0	0	GA	0															not_admitted	not_admitted	not_admitted	not_admitted	not_admitted	not_admitted	not_admitted	not_admitted	not_admitted	not_admitted	1	43;37721;38722;-;359.8	34;31028;32401;-;348.6	40;34592;35374;-;214.3	48;40918;43527;-;211.8	33;28157;31024;-;232.4	53;45098;46441;-;83.9	48;40918;43527;-;86.7	55;47140;47715;-;87.1	42;37296;37721;-;61.7	41;35374;37215;-;230.2	26;23026;25131;-;356.1	49;43538;44044;-;36.2	26;23026;25131;-;60.3	A	9/9	contiguous	24114	1	1	27582..28160-;192;unnamed;0
AP028509.1	-	-	50	0	0	GA	1	18;11579;12268;+;43.8		20;12578;12946;+;40.1	21;12903;15419;+;66.5		22;15423;16109;+;58.8	24;16607;17527;+;116.4		25;17734;18573;+;125.4	26;18573;19382;+;150.2	27;19379;20674;+;138.2	30;21451;22521;+;59.6	32;22871;24550;+;232.6		pfam	pfam_only	A	7/7	canonical	1	0	unscoreable	5	0	0														not_admitted	not_admitted	not_admitted	not_admitted	not_admitted	not_admitted	not_admitted
AP028515.1	MPF_F	pSM22	125	0	0	GA	0															not_admitted	not_admitted	not_admitted	not_admitted	not_admitted	not_admitted	not_admitted	not_admitted	not_admitted	not_admitted	1	25;18099;19097;+;360.5	34;24332;25699;+;369.1	30;22269;23063;+;200.3	19;12752;15382;+;262.8	35;25699;28530;+;285.1	13;9353;10753;+;88.9	19;12752;15382;+;101.6	11;8072;8635;+;163.4	27;19491;20198;+;62.8	29;20368;22272;+;242.4	38;29259;31457;+;378.5	17;11870;12421;+;55.6	38;29259;31457;+;56.8	A	9/9	contiguous	21187	1	1	28527..29057+;176;unnamed;0
AP028516.1	-	pSM22	64	0	0	GA	0															not_admitted	not_admitted	not_admitted	not_admitted	not_admitted	not_admitted	not_admitted	not_admitted	not_admitted	not_admitted	1	7;5050;6051;-;359.8	61;54081;55454;-;351.5	4;1920;2702;-;210.9	13;8602;11211;-;201.7	60;51201;54077;-;232.0	18;12782;14125;-;84.6	13;8602;11211;-;92.5	20;14824;15399;-;87.4	6;4625;5050;-;63.5	5;2702;4543;-;229.7	53;44512;46629;-;349.5	14;11222;11728;-;35.9	53;44512;46629;-;62.6	A	9/9	split_2	52161	1	1	50636..51214-;192;unnamed;0
AP028518.1	MPF_F	pADAP;pSM22	93	0	0	GA	0															not_admitted	not_admitted	not_admitted	not_admitted	not_admitted	not_admitted	not_admitted	not_admitted	not_admitted	not_admitted	1	58;71431;72429;-;361.8	52;65842;67209;-;367.0	55;68054;68848;-;202.4	63;74795;77425;-;264.5	51;63009;65840;-;288.2	67;78654;80054;-;85.6	63;74795;77425;-;100.8	69;80772;81335;-;164.4	57;70746;71420;-;61.9	56;68845;70749;-;242.6	48;60079;62277;-;377.5	64;77439;77993;-;57.0	48;60079;62277;-;58.1	A	9/9	contiguous	20693	1	1	62479..63012-;177;unnamed;0
AP028521.1	-	-	72	0	0	GA	0															not_admitted	not_admitted	not_admitted	not_admitted	not_admitted	not_admitted	not_admitted	not_admitted	not_admitted	not_admitted	1	36;37906;38772;-;343.6	29;32169;33530;-;357.2	33;34706;35482;-;209.1	42;41382;43994;-;209.9	28;29290;32169;-;250.0	46;45402;46760;-;89.9	42;41382;43994;-;82.9	48;47463;48038;-;92.9	35;37493;37933;-;61.7	34;35482;37416;-;239.1	23;24816;26930;-;373.6	43;44005;44553;-;27.9	23;24816;26930;-;65.0	A	9/9	contiguous	22647	1	1	28737..29303-;188;unnamed;0
AP028526.1	MPF_F	IncFIB(K);IncFII(K);IncFII(pAR0022)	194	0	0	GA	0															not_admitted	not_admitted	not_admitted	not_admitted	not_admitted	not_admitted	not_admitted	not_admitted	not_admitted	not_admitted	1	137;135461;136453;-;366.6	127;128577;129944;-;381.2	131;131201;131953;-;232.2	140;137479;140118;-;259.3	126;125755;128577;-;346.6	150;143932;145356;-;89.2	140;137479;140118;-;88.8	152;146083;146649;-;167.0	136;134810;135448;-;67.0	135;132796;134751;-;258.5	122;121474;123786;-;393.1	148;142751;143320;-;50.3	122;121474;123786;-;66.6	A	9/9	contiguous	24609	1	1	125129..125731-;200;TraS;0
AP028537.1	MPF_F	IncFII(pKP91);IncR	142	0	0	GA	0															not_admitted	not_admitted	not_admitted	not_admitted	not_admitted	not_admitted	not_admitted	not_admitted	not_admitted	not_admitted	1	116;93301;94293;+;363.2	127;100175;101542;+;382.2	123;98165;98917;+;234.4	113;89636;92275;+;258.7	128;101542;104385;+;342.8	102;84250;85674;+;88.4	113;89636;92275;+;83.9	100;82957;83523;+;168.5	117;94306;94944;+;65.9	119;95321;97276;+;257.4	132;106851;109151;+;392.7	105;86381;86938;+;50.7	132;106851;109151;+;66.6	A	9/9	contiguous	23894	1	1	104388..104918+;176;unnamed;0
AP028550.1	MPF_F	IncHI2;IncHI2A	272	0	0	GA	0															not_admitted	not_admitted	not_admitted	not_admitted	not_admitted	not_admitted	not_admitted	not_admitted	not_admitted	not_admitted	1	27;31965;33023;+;276.9	185;167340;168755;-;194.1	186;168745;169791;-;174.3	11;8955;11636;+;168.0	184;163378;167331;-;101.6	7;5270;6625;+;80.7	11;8955;11636;+;72.2	4;2758;3546;+;74.8	25;30312;31823;+;61.9	28;33042;36230;+;57.3	193;176834;178918;+;56.8	10;7996;8946;+;46.1	193;176834;178918;+;38.8	A	9/9	split_3	174076	1	1	161908..163197-;429;unnamed;0
AP028557.1	MPF_F	IncHI2;IncHI2A	275	0	0	GA	0															not_admitted	not_admitted	not_admitted	not_admitted	not_admitted	not_admitted	not_admitted	not_admitted	not_admitted	not_admitted	1	27;31965;33023;+;276.9	188;168659;170074;-;194.1	189;170064;171110;-;174.3	11;8955;11636;+;168.0	187;164697;168650;-;101.6	7;5270;6625;+;80.7	11;8955;11636;+;72.2	4;2758;3546;+;74.8	25;30312;31823;+;61.9	28;33042;36230;+;57.3	196;178153;180237;+;56.8	10;7996;8946;+;46.1	196;178153;180237;+;38.8	A	9/9	split_3	175395	1	1	163227..164516-;429;unnamed;0
AP028562.1	MPF_F	IncHI2;IncHI2A	274	0	0	GA	0															not_admitted	not_admitted	not_admitted	not_admitted	not_admitted	not_admitted	not_admitted	not_admitted	not_admitted	not_admitted	1	27;31965;33023;+;276.9	187;169624;171039;-;194.1	188;171029;172075;-;174.3	11;8955;11636;+;168.0	186;165662;169615;-;101.6	7;5270;6625;+;80.7	11;8955;11636;+;72.2	4;2758;3546;+;74.8	25;30312;31823;+;61.9	28;33042;36230;+;57.3	195;179118;181202;+;56.8	10;7996;8946;+;46.1	195;179118;181202;+;38.8	A	9/9	split_3	176360	1	1	164192..165481-;429;unnamed;0
AP028563.1	MPF_F	IncFIB(K);IncFII(K);IncFII(pAR0022)	222	0	0	GA	0															not_admitted	not_admitted	not_admitted	not_admitted	not_admitted	not_admitted	not_admitted	not_admitted	not_admitted	not_admitted	1	140;136004;136993;-;366.6	130;129143;130513;-;383.8	134;131715;132467;-;233.2	144;138436;141075;-;258.5	129;126270;129143;-;347.6	152;144269;145693;-;89.2	144;138436;141075;-;87.8	154;146420;146986;-;168.5	139;135353;135991;-;67.0	138;133339;135294;-;259.7	126;122408;124717;-;392.7	151;143571;144155;-;54.4	126;122408;124717;-;66.6	A	9/9	contiguous	24012	1	1	125726..126259-;177;unnamed;0
AP028575.1	MPF_F	IncC	172	0	0	GA	0															not_admitted	not_admitted	not_admitted	not_admitted	not_admitted	not_admitted	not_admitted	not_admitted	not_admitted	not_admitted	1	105;78925;79932;+;332.9	161;134258;135691;+;339.2	160;133228;134256;+;221.7	100;73726;76173;+;354.2	162;135704;139318;+;375.3	45;26117;27277;+;156.3	100;73726;76173;+;128.6	93;63375;64001;+;92.1	103;76995;78260;+;67.6	106;80048;82192;+;57.9	84;57700;59565;+;47.4	96;66212;66790;+;100.2	84;57700;59565;+;52.0	A	9/9	split_3	109587	0	1	
AP028578.1	MPF_F	IncFII(S);pSM22	146	0	0	GA	0															not_admitted	not_admitted	not_admitted	not_admitted	not_admitted	not_admitted	not_admitted	not_admitted	not_admitted	not_admitted	1	106;130271;131269;-;362.6	99;124270;125637;-;368.4	103;126894;127688;-;204.6	111;133533;136163;-;263.7	98;121437;124268;-;287.0	116;137847;139241;-;89.4	111;133533;136163;-;99.6	118;139959;140522;-;164.4	105;129586;130260;-;63.5	104;127685;129589;-;241.8	95;118492;120690;-;378.1	113;136494;137048;-;57.2	95;118492;120690;-;58.2	A	9/9	contiguous	21467	1	1	120892..121239-;115;unnamed;0
AP028582.1	MPF_F	pADAP;pSM22	91	0	0	GA	0															not_admitted	not_admitted	not_admitted	not_admitted	not_admitted	not_admitted	not_admitted	not_admitted	not_admitted	not_admitted	1	58;71650;72648;-;364.7	51;65658;67025;-;370.6	55;68282;69076;-;199.4	63;74915;77545;-;263.6	50;62828;65656;-;290.4	67;78908;80302;-;87.4	63;74915;77545;-;99.1	69;81020;81583;-;159.7	57;70977;71639;-;59.6	56;69073;70980;-;242.9	47;59886;62081;-;379.9	64;77558;78109;-;57.4	47;59886;62081;-;58.1	A	9/9	contiguous	21134	1	1	62283..62810-;175;unnamed;0
AP028589.1	MPF_F	pADAP;pSM22	92	0	0	GA	0															not_admitted	not_admitted	not_admitted	not_admitted	not_admitted	not_admitted	not_admitted	not_admitted	not_admitted	not_admitted	1	59;71613;72611;-;364.7	52;65621;66988;-;370.6	56;68245;69039;-;199.4	64;74878;77508;-;263.6	51;62791;65619;-;290.4	68;78871;80265;-;87.4	64;74878;77508;-;99.1	70;80983;81546;-;159.7	58;70940;71602;-;59.6	57;69036;70943;-;242.9	48;59849;62044;-;379.9	65;77521;78072;-;57.4	48;59849;62044;-;58.1	A	9/9	contiguous	21134	1	1	62246..62773-;175;unnamed;0
AP028595.1	MPF_F	pADAP;pSM22	91	0	0	GA	0															not_admitted	not_admitted	not_admitted	not_admitted	not_admitted	not_admitted	not_admitted	not_admitted	not_admitted	not_admitted	1	58;71606;72604;-;364.7	51;65614;66981;-;370.6	55;68238;69032;-;199.4	63;74871;77501;-;263.6	50;62784;65612;-;290.4	67;78864;80258;-;87.4	63;74871;77501;-;99.1	69;80976;81539;-;159.7	57;70933;71595;-;59.6	56;69029;70936;-;242.9	47;59842;62037;-;379.9	64;77514;78065;-;57.4	47;59842;62037;-;58.1	A	9/9	contiguous	21134	1	1	62239..62766-;175;unnamed;0
AP028600.1	-	pSM22	121	0	0	GA	0															not_admitted	not_admitted	not_admitted	not_admitted	not_admitted	not_admitted	not_admitted	not_admitted	not_admitted	not_admitted	1	103;96273;97274;+;361.0	112;102634;104007;+;352.5	106;99709;100491;+;207.7	97;91122;93731;+;205.5	113;104011;106887;+;232.4	91;87700;89043;+;84.3	97;91122;93731;+;93.3	89;86426;87001;+;86.1	104;97274;97699;+;62.5	105;97781;99709;+;236.9	0;176;2281;+;356.1	96;90605;91111;+;35.9	0;176;2281;+;60.2	A	9/9	split_2	103835	1	1	106874..107452+;192;unnamed;0
AP028811.1	MPF_F	IncFIB(AP001918);IncFII	124	0	0	GA	0															not_admitted	not_admitted	not_admitted	not_admitted	not_admitted	not_admitted	not_admitted	not_admitted	not_admitted	not_admitted	1	70;67328;68320;-;369.3	61;60893;62269;-;381.0	66;63856;64599;-;230.0	73;69329;71956;-;306.4	60;58074;60896;-;389.2	79;74011;75438;-;94.3	73;69329;71956;-;98.5	81;76153;76719;-;183.3	69;66681;67319;-;68.7	68;64876;66684;-;267.9	57;54343;56541;-;391.7	75;72472;72987;-;77.7	57;54343;56541;-;70.3	A	9/9	contiguous	21810	1	1	57556..58053-;165;TraS;0
AP028958.1	MPF_F	IncFIB(pENTE01)	106	0	0	GA	0															not_admitted	not_admitted	not_admitted	not_admitted	not_admitted	not_admitted	not_admitted	not_admitted	not_admitted	not_admitted	1	19;25724;26710;-;354.4	12;20002;21363;-;358.1	16;22492;23271;-;210.7	26;29314;31914;-;216.5	11;16160;20002;-;311.7	28;32555;33958;-;95.2	26;29314;31914;-;100.9	30;34707;35291;-;94.8	18;25094;25714;-;61.2	17;23268;25097;-;211.0	8;11798;14317;-;361.0	27;31914;32468;-;40.8	8;11798;14317;-;68.8	A	9/9	contiguous	22909	1	1	15447..16163-;238;unnamed;0
AP028979.1	MPF_F	IncC	177	0	0	GA	0															not_admitted	not_admitted	not_admitted	not_admitted	not_admitted	not_admitted	not_admitted	not_admitted	not_admitted	not_admitted	1	79;60534;61541;-;332.9	167;130727;132160;-;339.3	168;132162;133190;-;218.4	84;64293;66740;-;353.1	166;127100;130714;-;373.5	93;76211;77527;-;135.4	84;64293;66740;-;128.5	95;78425;79051;-;90.6	81;62206;63471;-;65.5	78;57620;60418;-;145.3	104;82862;84727;-;47.3	92;75636;76214;-;100.3	104;82862;84727;-;52.0	A	9/9	split_2	74542	0	1	
AP029036.1	-	-	176	0	0	GA	1		113;109192;109470;-;62.3	112;108720;109154;-;45.4	111;106285;108723;-;149.8	111;106285;108723;-;62.0	110;105536;106288;-;77.2	108;104234;105259;-;108.5		105;101012;101701;-;120.5	104;100124;100987;-;140.2	103;98995;100137;-;147.7	101;96071;97156;-;86.5	100;94246;96069;-;383.1	102;97134;99005;-;50.5	pfam	pfam_only	A	7/7	canonical	1	0	unscoreable	3	0	0														not_admitted	not_admitted	not_admitted	not_admitted	not_admitted	not_admitted	not_admitted
AP029601.1	-	-	319	0	0	GA	0															not_admitted	not_admitted	not_admitted	not_admitted	not_admitted	not_admitted	not_admitted	not_admitted	not_admitted	not_admitted	1	296;280454;281503;-;242.8	95;103957;105558;+;111.6	94;102875;103945;+;149.0	79;84464;87088;-;181.3	97;107671;112119;+;121.5	83;89336;91003;-;62.4	79;84464;87088;-;100.5	85;92287;93027;-;57.1	298;281639;283060;-;52.7	295;275668;280428;-;79.3	89;94730;96652;-;36.0	80;87314;88000;-;47.5	89;94730;96652;-;35.7	A	9/9	split_2	197175	1	1	112240..113025+;261;unnamed;1
AP031458.1	-	-	91	0	0	GA	1	60;45437;45910;+;81.2		34;24029;24427;+;27.0	35;24381;26819;+;64.1		37;27099;27767;+;55.0	39;28123;29094;+;128.0		41;29400;30227;+;133.7	42;30224;31033;+;147.0	45;31811;33139;+;147.8	57;42162;43673;+;210.9	51;35931;37481;+;255.1		pfam	pfam_only	A	7/7	canonical	1	0	unscoreable	17	0	0														not_admitted	not_admitted	not_admitted	not_admitted	not_admitted	not_admitted	not_admitted
BN000925.1	-	-	70	0	0	GA	1		23;19797;20234;+;64.3	24;20237;20548;+;48.5	25;20545;23103;+;97.7	25;20545;23103;+;115.5	30;26662;27438;+;105.6	32;27666;29252;+;137.1		26;23100;23858;+;143.6	27;23870;24763;+;181.5	29;25254;26645;+;219.9	22;18825;19784;+;126.1	55;46588;48495;-;560.8		conjscan	conjscan_only	A	7/7	canonical	1	0	unscoreable	3	0	0														not_admitted	not_admitted	not_admitted	not_admitted	not_admitted	not_admitted	not_admitted
CM003352.1	MPF_F	-	325	0	0	GA	0															not_admitted	not_admitted	not_admitted	not_admitted	not_admitted	not_admitted	not_admitted	not_admitted	not_admitted	not_admitted	1	32;30319;31341;-;394.9	28;25296;26762;-;366.7	29;26762;27748;-;242.9	38;33786;36377;-;468.2	27;22478;25279;-;359.5	73;60949;62316;+;205.6	38;33786;36377;-;98.2	43;40342;40908;-;202.9	31;29561;30307;-;114.8	30;27729;29564;-;293.2	242;226522;228822;-;550.6	39;36379;37359;-;32.8	6;4831;7137;+;64.2	A	9/9	split_3	221691	0	1	
CM003353.1	MPF_T	-	158	0	0	GA	1	113;92816;93481;+;29.2	114;93503;93844;+;76.3	115;93869;94195;+;73.2	116;94182;96566;+;164.5	116;94182;96566;+;109.9	117;96580;97293;+;130.3	119;97645;98661;+;117.7								pfam	both	D	2/7	canonical	1	0	unscoreable	1	0	0														not_admitted	not_admitted	not_admitted	not_admitted	not_admitted	not_admitted	not_admitted
CM003354.1	-	-	120	0	0	GA	1		89;80000;80323;+;85.4	90;80326;80595;+;44.2	41;46134;48617;+;71.1	41;46134;48617;+;128.9	43;48868;49581;+;58.7	45;49880;51592;+;132.2		46;51597;52283;+;170.6	47;52286;53287;+;197.2	48;53290;54528;+;197.1	88;78898;79854;+;131.4	86;74925;76922;+;265.6		conjscan	both	A	7/7	canonical	1	0	unscoreable	3	0	0														not_admitted	not_admitted	not_admitted	not_admitted	not_admitted	not_admitted	not_admitted
CM008884.1	MPF_F	IncFIB(pB171);IncFII(Yp);IncFII(pAR0022)	123	0	0	GA	0															not_admitted	not_admitted	not_admitted	not_admitted	not_admitted	not_admitted	not_admitted	not_admitted	not_admitted	not_admitted	1	39;27335;28327;+;369.4	47;33083;34168;+;358.4	43;31117;31866;+;219.1	36;23717;26347;+;285.5	49;34452;36611;+;337.0	30;20295;21689;+;89.4	36;23717;26347;+;98.6	28;19012;19578;+;169.9	40;28344;28973;+;66.9	41;29226;30866;+;260.9	53;38610;40856;+;384.7	31;21711;22250;+;67.5	53;38610;40856;+;63.8	A	9/9	contiguous	19598	0	1	
CP000540.1	MPF_F	-	89	0	0	GA	0															not_admitted	not_admitted	not_admitted	not_admitted	not_admitted	not_admitted	not_admitted	not_admitted	not_admitted	not_admitted	1	11;11091;12092;-;396.4	5;5186;6592;-;377.4	6;6603;7415;-;250.9	15;13608;16232;-;208.3	4;2127;5174;-;223.6	19;17805;19154;-;122.0	15;13608;16232;-;126.6	21;19820;20413;-;171.3	10;10315;11091;-;106.8	8;7779;9023;-;178.4	33;29057;31054;-;423.1	16;16270;16920;-;54.0	33;29057;31054;-;80.7	A	9/9	contiguous	26930	0	1	
CP000541.1	MPF_T	IncP1	68	0	0	GA	1	13;11889;12524;-;23.6	24;22382;22846;-;66.5	23;22067;22378;-;49.8	22;19512;22070;-;91.0	22;19512;22070;-;113.9	17;15120;15884;-;123.7	15;13139;14872;-;141.9		21;18733;19515;-;144.6	20;17816;18715;-;185.3	18;15902;17320;-;222.9	25;22859;23824;-;128.2	64;58677;60581;+;528.7		conjscan	conjscan_only	A	7/7	canonical	1	0	unscoreable	4	0	0														not_admitted	not_admitted	not_admitted	not_admitted	not_admitted	not_admitted	not_admitted
CP000617.1	MPF_F	-	442	0	0	GA	0															not_admitted	not_admitted	not_admitted	not_admitted	not_admitted	not_admitted	not_admitted	not_admitted	not_admitted	not_admitted	1	1;675;1712;+;303.6	137;142901;144352;-;241.8	138;144369;145316;-;242.7	141;146598;149057;-;159.7	136;139337;142888;-;218.6	144;150193;151410;-;109.6	141;146598;149057;-;131.5	146;152260;152967;-;105.8	2;1660;2391;+;105.6	123;126223;127917;-;257.8	150;155229;156983;+;35.2	143;149509;150177;-;84.7	150;155229;156983;+;37.2	A	9/9	split_2	154554	0	1	
CP000618.1	MPF_T	-	267	0	0	GA	1	25;31197;31619;+;69.5	78;76989;77369;+;29.1	79;77410;77673;+;24.5	80;77670;80147;+;59.1	80;77670;80147;+;79.7		82;81132;82130;+;52.9		20;26263;26979;+;83.5	21;26976;27851;+;146.4	22;27858;29132;+;128.3	30;35682;37922;+;142.1	84;83452;85320;+;34.3		none	none	A	7/7	canonical	0	0	unscoreable	7	0	0														not_admitted	not_admitted	not_admitted	not_admitted	not_admitted	not_admitted	not_admitted
CP000630.1	MPF_T	-	184	0	0	GA	1		132;127508;127915;-;72.1	131;127216;127515;-;63.6	130;124737;127205;-;189.6	130;124737;127205;-;121.3	129;123956;124765;-;47.5	127;122551;123747;-;109.9		126;121874;122536;-;122.7	125;121002;121856;-;190.1	123;119203;120513;-;230.5	133;127905;128876;-;136.9	64;55612;57588;-;562.0		conjscan	conjscan_only	A	7/7	canonical	1	0	unscoreable	3	0	0														not_admitted	not_admitted	not_admitted	not_admitted	not_admitted	not_admitted	not_admitted
CP000631.1	MPF_T	-	367	0	0	GA	1	45;43339;44043;+;85.2	46;44061;44414;+;61.2	47;44414;44710;+;66.8	48;44736;47180;+;136.3	48;44736;47180;+;90.6	50;47838;48572;+;47.0	52;48795;49820;+;122.5		53;49854;50600;+;192.2	54;50642;51403;+;195.1	55;51393;52676;+;195.0	56;52624;53763;+;119.8	57;53760;56123;+;241.8		pfam	pfam_only	A	7/7	canonical	1	0	unscoreable	2	0	0														not_admitted	not_admitted	not_admitted	not_admitted	not_admitted	not_admitted	not_admitted
CP000700.1	MPF_F	-	313	0	0	GA	0															not_admitted	not_admitted	not_admitted	not_admitted	not_admitted	not_admitted	not_admitted	not_admitted	not_admitted	not_admitted	1	287;282495;283517;+;398.5	293;287537;289000;+;372.3	292;286722;287537;+;243.3	281;277418;280012;+;480.1	294;289017;291833;+;366.2	278;274228;275559;+;102.6	281;277418;280012;+;97.5	276;272857;273423;+;192.6	288;283528;284271;+;118.5	289;284271;286133;+;285.3	51;54040;56346;-;555.1	280;276403;277416;+;29.6	51;54040;56346;-;59.4	A	9/9	split_2	234977	0	1	
CP000701.1	MPF_T	-	236	0	0	GA	1	135;127422;128096;-;49.9	134;127084;127425;-;82.0	133;126738;127073;-;83.9	132;124328;126745;-;166.0	132;124328;126745;-;117.8	131;123607;124323;-;185.7	129;122433;123377;-;126.3		127;121409;122098;-;171.0	126;120555;121412;-;187.2	125;119332;120549;-;180.4	124;118324;119328;-;100.8	123;116346;118358;-;346.4		pfam	both	A	7/7	canonical	1	0	unscoreable	2	0	0														not_admitted	not_admitted	not_admitted	not_admitted	not_admitted	not_admitted	not_admitted
CP000782.1	MPF_T	-	332	0	0	GA	1	324;309963;310625;-;26.2	323;309655;309957;-;97.4	322;309311;309649;-;105.5	321;306952;309318;-;176.8	321;306952;309318;-;113.3	320;306257;306952;-;189.3	318;305091;306023;-;162.6		316;304098;304769;-;209.7	315;303241;304101;-;183.1	314;302070;303230;-;185.3	313;301042;302055;-;94.9	225;218087;219994;-;334.0		pfam	both	A	7/7	canonical	1	0	unscoreable	2	0	0														not_admitted	not_admitted	not_admitted	not_admitted	not_admitted	not_admitted	not_admitted
CP001076.1	MPF_T	-	448	0	0	GA	1		189;177730;178029;+;91.1	190;178035;178373;+;103.9	191;178366;180732;+;175.5	191;178366;180732;+;112.3	192;180729;181430;+;204.9	194;181663;182595;+;170.9		196;182918;183589;+;214.5	197;183586;184443;+;187.0	198;184452;185624;+;182.5	199;185633;186661;+;111.3	211;194285;196204;-;334.1		pfam	both	A	7/7	canonical	1	0	unscoreable	13	0	0														not_admitted	not_admitted	not_admitted	not_admitted	not_admitted	not_admitted	not_admitted
CP001077.1	MPF_T	-	991	0	0	GA	1		910;999462;999761;-;91.0	909;999118;999456;-;102.2	908;996759;999125;-;175.5	908;996759;999125;-;109.9	907;996061;996762;-;203.8	905;994896;995828;-;165.0		903;993903;994574;-;215.7	902;993052;993906;-;185.7	901;991868;993043;-;180.5	900;990864;991859;-;105.6	887;979613;981532;+;323.0		pfam	both	A	7/7	canonical	1	0	unscoreable	14	0	0														not_admitted	not_admitted	not_admitted	not_admitted	not_admitted	not_admitted	not_admitted
CP001136.1	MPF_T	-	51	0	0	GA	1		11;10809;11144;-;67.7	10;10479;10796;-;78.1	9;8023;10482;-;155.4	9;8023;10482;-;86.9	8;7394;8026;-;107.3	6;6102;7112;-;172.3		4;4980;5720;-;153.7	3;4142;4978;-;202.6	2;2916;4145;-;188.8	1;1904;2935;-;89.6	0;1;1938;-;379.0		pfam	both	A	7/7	canonical	1	0	unscoreable	2	0	0														not_admitted	not_admitted	not_admitted	not_admitted	not_admitted	not_admitted	not_admitted
CP002030.1	MPF_T	-	54	0	0	GA	1		25;23076;23339;+;51.4	26;23358;26126;+;73.1	26;23358;26126;+;180.3	26;23358;26126;+;82.8	31;28017;29006;+;83.5	32;29003;29980;+;118.4		34;30124;30786;+;177.6	35;30783;31670;+;161.4	36;31697;32869;+;166.0	37;32850;33842;+;93.2	40;34825;35517;+;206.5		pfam	pfam_only	A	7/7	canonical	1	1	unscoreable	6	0	0														not_admitted	not_admitted	not_admitted	not_admitted	not_admitted	not_admitted	not_admitted
CP002151.1	MPF_T	IncP1	76	0	0	GA	1		4;3277;3714;+;64.3	5;3717;4028;+;48.5	6;4025;6583;+;97.8	6;4025;6583;+;115.3	11;10142;10918;+;105.6	13;11146;12732;+;137.1		7;6580;7338;+;143.6	8;7350;8243;+;181.6	10;8734;10125;+;219.9	3;2305;3264;+;126.1	41;33894;35801;-;560.8		conjscan	conjscan_only	A	7/7	canonical	1	0	unscoreable	3	0	0														not_admitted	not_admitted	not_admitted	not_admitted	not_admitted	not_admitted	not_admitted
CP002152.1	MPF_T	IncP1	80	0	0	GA	1		4;3274;3711;+;64.3	5;3714;4025;+;48.5	6;4022;6580;+;97.7	6;4022;6580;+;115.5	11;10139;10915;+;105.6	13;11143;12729;+;137.1		7;6577;7335;+;143.6	8;7347;8240;+;181.5	10;8731;10122;+;219.9	3;2305;3261;+;108.6	45;36377;38284;-;560.8		conjscan	conjscan_only	A	7/7	canonical	1	0	unscoreable	3	0	0														not_admitted	not_admitted	not_admitted	not_admitted	not_admitted	not_admitted	not_admitted
CP002153.1	MPF_T	IncP1	80	0	0	GA	1		4;3277;3714;+;64.3	5;3717;4028;+;48.5	6;4025;6583;+;97.7	6;4025;6583;+;115.5	11;10142;10918;+;105.6	13;11146;12732;+;137.1		7;6580;7338;+;143.6	8;7350;8243;+;181.7	10;8734;10125;+;219.9	3;2305;3264;+;126.1	43;38065;39972;-;560.8		conjscan	conjscan_only	A	7/7	canonical	1	0	unscoreable	3	0	0														not_admitted	not_admitted	not_admitted	not_admitted	not_admitted	not_admitted	not_admitted
CP002166.1	MPF_T	-	36	0	0	GA	1		13;11831;12151;-;53.1		11;10011;11480;-;85.0	11;10011;11480;-;44.8	9;8399;9064;-;122.6	6;7335;7763;-;59.9		4;6079;6789;-;154.4	3;5303;6082;-;173.9	2;3981;5300;-;192.3	1;2960;4003;-;82.8	0;687;2963;-;343.5		pfam	both	A	7/7	canonical	1	0	unscoreable	4	0	0														not_admitted	not_admitted	not_admitted	not_admitted	not_admitted	not_admitted	not_admitted
CP002245.1	MPF_T	-	168	0	0	GA	1		162;177633;178016;-;73.3	161;177341;177640;-;64.6	160;174878;177331;-;176.9	160;174878;177331;-;117.8	159;174100;174903;-;44.1	157;172747;173925;-;109.7		156;172060;172722;-;131.6	155;171230;172042;-;191.3	153;169473;170768;-;217.0	163;178006;178983;-;133.6	140;157806;159779;-;555.2		conjscan	conjscan_only	A	7/7	canonical	1	0	unscoreable	15	0	0														not_admitted	not_admitted	not_admitted	not_admitted	not_admitted	not_admitted	not_admitted
CP002441.1	MPF_T	-	45	0	0	GA	1		30;29235;29618;-;70.3	29;28913;29230;-;34.8	28;26352;28916;-;93.3	28;26352;28916;-;98.1	23;22127;22903;-;67.8	22;20285;21892;-;103.2		27;25645;26352;-;143.4	26;24766;25632;-;180.2	24;22916;24355;-;216.1	31;29720;30718;-;132.2	1;2412;4301;+;445.1		conjscan	conjscan_only	A	7/7	canonical	1	0	unscoreable	2	0	0														not_admitted	not_admitted	not_admitted	not_admitted	not_admitted	not_admitted	not_admitted
CP002524.1	MPF_F	-	100	0	0	GA	0															not_admitted	not_admitted	not_admitted	not_admitted	not_admitted	not_admitted	not_admitted	not_admitted	not_admitted	not_admitted	1	25;15172;16215;+;369.2	30;20194;21621;+;325.8	28;18984;19796;+;219.1	21;10884;13610;+;164.6	31;21637;24639;+;208.7	17;7886;9202;+;102.7	21;10884;13610;+;108.4	15;6595;7173;+;82.6	26;16230;16937;+;107.6	27;16934;18991;+;92.2	93;65071;67230;-;381.4	20;10230;10874;+;41.9	93;65071;67230;-;89.7	A	9/9	split_2	58476	1	1	24711..25229+;172;unnamed;0
CP002989.1	MPF_T	-	712	0	0	GA	1				541;550987;553197;-;21.6									255;279770;282799;+;23.1		none	none	D	2/7	uncallable	0	0	unscoreable	0	0	0														not_admitted	not_admitted	not_admitted	not_admitted	not_admitted	not_admitted	not_admitted
CP002990.1	-	-	32	0	0	GA	1				25;19324;20514;-;28.6											none	none	D	1/7	uncallable	0	0	unscoreable	0	0	0														not_admitted	not_admitted	not_admitted	not_admitted	not_admitted	not_admitted	not_admitted
CP003042.1	MPF_T	-	75	0	0	GA	1	58;37055;37582;+;26.1		43;21883;22305;+;27.9	44;22262;24625;+;66.4		45;24633;25346;+;38.9	47;25749;26696;+;146.5		59;37641;38483;+;107.4	60;38476;39258;+;140.1	61;39245;40549;+;122.3	52;31042;32568;+;208.1	66;45008;46549;+;257.3		pfam	pfam_only	A	7/7	canonical	1	0	unscoreable	12	0	0														not_admitted	not_admitted	not_admitted	not_admitted	not_admitted	not_admitted	not_admitted
CP003090.1	MPF_T	-	1784	0	0	GA	1	1262;1383994;1384854;+;91.6	1599;1739916;1740284;+;68.9	1600;1740281;1740583;+;44.8	1601;1740570;1743233;+;70.0	1601;1740570;1743233;+;80.2	1602;1743245;1743907;+;76.4	1604;1744543;1745409;+;142.0		1605;1745406;1746083;+;90.3	1606;1746122;1746931;+;187.4	1607;1746933;1748156;+;176.7	1273;1392699;1394354;-;403.0	1613;1754229;1755872;-;60.0		pfam	both	A	7/7	canonical	1	0	unscoreable	14	0	0														not_admitted	not_admitted	not_admitted	not_admitted	not_admitted	not_admitted	not_admitted
CP003091.1	MPF_F	-	422	0	0	GA	0															not_admitted	not_admitted	not_admitted	not_admitted	not_admitted	not_admitted	not_admitted	not_admitted	not_admitted	not_admitted	1	314;245829;246866;+;303.5	360;290308;291759;+;239.0	359;289344;290291;+;242.7	356;285599;288058;+;158.1	361;291772;295284;+;218.6	353;283245;284462;+;109.6	356;285599;288058;+;131.5	351;281688;282395;+;105.8	315;246814;247545;+;104.9	374;305709;307403;+;257.8	347;277675;279429;-;35.2	354;284478;285146;+;84.7	347;277675;279429;-;37.2	A	9/9	split_2	59880	0	1	
CP003092.1	MPF_T	-	105	0	0	GA	1	88;96921;97841;+;40.8	77;87681;88049;+;67.8	78;88046;88348;+;43.3	79;88335;91010;+;69.2	79;88335;91010;+;79.5	80;91013;91675;+;82.8	83;92326;93186;+;140.6		84;93183;93860;+;84.4	85;93886;94677;+;190.7	86;94679;95902;+;171.0	87;95912;96934;+;118.3	92;101944;103545;-;60.4		pfam	both	A	7/7	canonical	1	0	unscoreable	5	0	0														not_admitted	not_admitted	not_admitted	not_admitted	not_admitted	not_admitted	not_admitted
CP003224.1	MPF_F	IncFII(K);IncR	131	0	0	GA	0															not_admitted	not_admitted	not_admitted	not_admitted	not_admitted	not_admitted	not_admitted	not_admitted	not_admitted	not_admitted	1	70;66516;67505;-;366.6	60;59602;60969;-;384.0	64;62227;62979;-;233.7	74;68962;71601;-;258.5	59;56753;59602;-;346.4	81;74428;75852;-;89.3	74;68962;71601;-;88.7	83;76579;77145;-;169.3	69;65865;66503;-;66.9	68;63851;65806;-;259.4	55;52012;54291;-;393.3	80;73772;74356;-;54.7	55;52012;54291;-;65.9	A	9/9	contiguous	24567	1	1	56217..56750-;177;unnamed;0
CP003420.1	MPF_T	-	27	0	0	GA	1		25;21658;21921;-;33.9		23;18931;21384;-;130.7					20;15844;16815;-;99.3	19;14303;15844;-;91.0	17;13105;14154;-;151.0	13;11216;12157;-;100.4	9;8192;9919;-;232.2		none	none	B	6/7	uncallable	0	0	unscoreable	10	0	0														not_admitted	not_admitted	not_admitted	not_admitted	not_admitted	not_admitted	not_admitted
CP004058.1	MPF_F	IncFIB(S);IncFII(S);IncFII(pAR0022)	179	0	0	GA	0															not_admitted	not_admitted	not_admitted	not_admitted	not_admitted	not_admitted	not_admitted	not_admitted	not_admitted	not_admitted	1	72;63926;64918;-;366.7	63;57296;58678;-;392.4	66;59710;60459;-;231.0	75;65905;68553;-;314.1	62;54477;57299;-;394.4	83;71086;72507;-;91.5	75;65905;68553;-;97.8	85;73234;73800;-;185.6	70;62976;63614;-;70.6	68;60697;62523;-;271.0	59;50562;52823;-;374.0	80;69765;70280;-;96.7	59;50562;52823;-;72.0	A	9/9	contiguous	22672	1	1	53967..54455-;162;TraS;0
CP004847.1	-	-	225	0	0	GA	0															not_admitted	not_admitted	not_admitted	not_admitted	not_admitted	not_admitted	not_admitted	not_admitted	not_admitted	not_admitted	1	91;88068;89201;+;266.5	150;147438;148862;-;135.6	151;148862;149881;-;179.7	61;58317;59306;+;98.5	147;140555;145618;-;114.0	186;174345;175130;+;94.6	62;59303;60898;+;82.1	183;171994;172683;+;73.3	89;86450;87913;+;45.4	93;90251;92659;+;96.3	161;159592;160086;+;25.8	60;57613;58305;+;45.2	161;159592;160086;+;47.3	A	9/9	split_3	116732	0	1	
CP006001.1	MPF_F	IncFII(29)	79	0	0	GA	0															not_admitted	not_admitted	not_admitted	not_admitted	not_admitted	not_admitted	not_admitted	not_admitted	not_admitted	not_admitted	1	68;58413;59405;-;369.8	55;49799;51172;-;382.7	59;52402;53145;-;234.4	71;60414;63044;-;303.8	54;46962;49802;-;371.4	78;65434;66219;-;76.8	71;60414;63044;-;97.9	1;1259;1825;-;174.3	64;56042;56680;-;70.2	61;53422;55230;-;267.8	50;42476;44692;-;391.7	74;63811;64326;-;78.8	50;42476;44692;-;70.3	A	9/9	split_2	64175	1	1	46446..46937-;163;TraS;0
CP006582.2	-	-	248	0	0	GA	1	19;16629;17237;+;73.3	20;17272;17565;+;72.3	21;17569;17862;+;62.0	22;17859;20261;+;124.4	22;17859;20261;+;100.5	24;21412;22146;+;31.4	25;22329;23372;+;109.0		26;23441;24160;+;209.5	27;24157;24954;+;187.6	28;24954;26417;+;194.8	29;26414;27439;+;138.0	30;27452;29602;+;283.8		pfam	pfam_only	A	7/7	canonical	1	0	unscoreable	0	0	0														not_admitted	not_admitted	not_admitted	not_admitted	not_admitted	not_admitted	not_admitted
CP006657.1	MPF_F	IncFIB(K);IncFII(K);IncR	350	1	1	GA	1	295;260294;260779;-;82.5	109;99738;100025;-;64.7	108;96960;99719;-;42.1	108;96960;99719;-;133.2	108;96960;99719;-;61.7	107;96202;96903;-;52.1	105;94847;95923;-;127.7		103;93980;94720;-;144.2	102;93055;93975;-;142.8	161;138862;140022;-;156.3	160;137825;138820;-;81.2	99;88515;90482;-;426.3	317;275567;277573;+;259.0	pfam	pfam_only	A	7/7	canonical	1	1	unscoreable	34	0	1	315;273927;274919;+;366.6	325;280370;281740;+;381.2	321;278416;279168;+;232.4	312;270262;272901;+;258.7	326;281740;284589;+;344.2	161;138862;140022;-;156.3	312;270262;272901;+;88.8	301;263730;264296;+;167.0	316;274932;275570;+;67.0	317;275567;277573;+;259.0	330;286403;288712;+;393.2	305;267059;267628;+;49.7	99;88515;90482;-;80.7	A	9/9	split_3	197888	1	1	284592..285122+;176;unnamed;0
CP006927.1	MPF_F	IncFIB(K);IncFII(K)	148	0	0	GA	0															not_admitted	not_admitted	not_admitted	not_admitted	not_admitted	not_admitted	not_admitted	not_admitted	not_admitted	not_admitted	1	123;115392;116384;+;366.6	133;121835;123205;+;381.2	129;119881;120633;+;230.7	120;111727;114366;+;260.4	134;123205;126054;+;344.2	111;106488;107912;+;89.2	120;111727;114366;+;88.8	109;105195;105761;+;167.0	124;116397;117035;+;67.0	125;117032;119038;+;259.0	138;127868;130177;+;393.2	113;108524;109093;+;49.7	138;127868;130177;+;65.8	A	9/9	contiguous	22673	1	1	126057..126587+;176;unnamed;0
CP007061.1	MPF_T	-	335	0	0	GA	1				284;265917;268124;+;22.5											none	none	D	1/7	uncallable	0	0	unscoreable	0	0	0														not_admitted	not_admitted	not_admitted	not_admitted	not_admitted	not_admitted	not_admitted
CP007068.1	MPF_T	-	1476	0	0	GA	1		746;809329;809628;+;91.8	747;809634;809972;+;98.3	748;809944;812331;+;175.7	748;809944;812331;+;108.2	749;812328;813029;+;208.1	751;813263;814195;+;173.3		753;814519;815190;+;212.0	754;815187;816044;+;184.3	755;816053;817228;+;178.9	756;817237;818265;+;110.8	771;828074;829993;-;335.8		pfam	both	A	7/7	canonical	1	0	unscoreable	16	0	0														not_admitted	not_admitted	not_admitted	not_admitted	not_admitted	not_admitted	not_admitted
CP007070.1	MPF_T	-	246	0	0	GA	1	79;78238;78960;+;64.9	14;16927;17331;+;74.8	81;79319;79645;+;66.6	82;79645;82014;+;203.9	16;17634;20102;+;131.3	17;20074;20883;+;46.1	19;21095;22285;+;110.5		86;83834;84547;+;167.0	21;22997;23848;+;186.2	23;24336;25655;+;223.3	13;15966;16937;+;130.0	215;218081;220033;+;548.1		conjscan	conjscan_only	A	7/7	rearranged	1	0	unscoreable	7	0	0														not_admitted	not_admitted	not_admitted	not_admitted	not_admitted	not_admitted	not_admitted
CP007150.1	MPF_F	Col156;IncFIB(AP001918);IncFII(29)	134	0	0	GA	0															not_admitted	not_admitted	not_admitted	not_admitted	not_admitted	not_admitted	not_admitted	not_admitted	not_admitted	not_admitted	1	110;89617;90609;+;369.5	122;96663;98036;+;381.7	115;93715;94458;+;233.1	107;85978;88608;+;304.0	123;98033;100855;+;388.5	100;81420;82847;+;93.9	107;85978;88608;+;99.3	98;80139;80705;+;180.9	112;90953;91591;+;68.6	113;91588;93438;+;271.9	127;103127;105271;+;391.3	103;83976;84491;+;73.9	127;103127;105271;+;70.4	A	9/9	contiguous	22988	1	1	100877..101356+;159;TraS;0
CP007238.1	MPF_T	-	114	0	0	GA	1		103;110753;111157;-;74.8	102;110461;110760;-;61.3	101;107989;110457;-;183.0	101;107989;110457;-;132.8	100;107208;108017;-;49.6	98;105800;106990;-;111.0		97;105105;105782;-;123.1	96;104236;105087;-;187.5	94;102429;103748;-;220.1	104;111147;112118;-;132.4	42;49985;51955;-;550.9		conjscan	conjscan_only	A	7/7	canonical	1	0	unscoreable	3	0	0														not_admitted	not_admitted	not_admitted	not_admitted	not_admitted	not_admitted	not_admitted
CP007558.1	MPF_F	IncC;IncN	308	0	0	GA	0															not_admitted	not_admitted	not_admitted	not_admitted	not_admitted	not_admitted	not_admitted	not_admitted	not_admitted	not_admitted	1	144;112972;113979;+;332.9	297;261061;262494;+;339.2	296;260031;261059;+;221.7	139;107773;110220;+;354.5	298;262507;266121;+;373.6	134;98900;100216;+;135.0	139;107773;110220;+;128.3	132;97376;98002;+;92.7	142;111042;112307;+;67.9	145;114095;116893;+;145.3	51;38974;40473;-;272.1	135;100213;100791;+;100.2	51;38974;40473;-;69.2	A	9/9	split_3	223533	0	1	
CP007580.1	MPF_F	-	102	0	0	GA	0															not_admitted	not_admitted	not_admitted	not_admitted	not_admitted	not_admitted	not_admitted	not_admitted	not_admitted	not_admitted	1	44;29543;30586;+;369.2	49;34565;35992;+;325.8	47;33355;34167;+;219.1	40;25255;27981;+;164.6	50;36008;39010;+;208.7	36;22257;23573;+;102.7	40;25255;27981;+;108.4	34;20966;21544;+;82.6	45;30601;31308;+;107.6	46;31305;33362;+;92.2	7;3590;5749;+;381.4	39;24601;25245;+;41.9	7;3590;5749;+;89.7	A	9/9	contiguous	32418	1	1	39082..39600+;172;unnamed;0
CP007643.1	MPF_T	-	538	0	0	GA	1	263;238690;239358;+;22.9	264;239355;239654;+;91.2	265;239660;239998;+;104.5	266;239991;242357;+;176.8	266;239991;242357;+;110.6	267;242354;243055;+;204.5	269;243289;244221;+;170.9		271;244544;245215;+;213.4	272;245212;246069;+;182.4	273;246078;247253;+;179.9	274;247261;248289;+;109.9	286;256884;258803;-;330.9		pfam	both	A	7/7	canonical	1	0	unscoreable	13	0	0														not_admitted	not_admitted	not_admitted	not_admitted	not_admitted	not_admitted	not_admitted
CP007645.1	MPF_T	-	691	0	0	GA	1	255;271818;272477;+;21.4	256;272474;272773;+;89.5	257;272779;273117;+;104.2	258;273110;275476;+;170.5	258;273110;275476;+;105.9	259;275476;276174;+;201.3	261;276407;277339;+;169.7		263;277669;278340;+;207.8	264;278337;279194;+;185.5	265;279203;280381;+;178.0	307;322967;324415;-;209.7	282;295256;297175;-;325.1		pfam	both	A	7/7	canonical	1	0	unscoreable	2	0	0														not_admitted	not_admitted	not_admitted	not_admitted	not_admitted	not_admitted	not_admitted
CP008701.1	MPF_F	IncFIB(K)(pCAV1099-114);IncFII(K);IncR	201	0	0	GA	0															not_admitted	not_admitted	not_admitted	not_admitted	not_admitted	not_admitted	not_admitted	not_admitted	not_admitted	not_admitted	1	172;148362;149081;+;281.9	182;154589;155959;+;383.0	178;152635;153387;+;231.3	168;144011;146650;+;259.1	183;155959;158802;+;341.5	159;139185;140609;+;86.0	168;144011;146650;+;84.3	157;137892;138458;+;168.4	173;149094;149732;+;66.0	174;149791;151746;+;259.1	186;160850;163162;+;392.1	160;140822;141379;+;54.7	186;160850;163162;+;66.5	A	9/9	contiguous	22958	1	1	158813..159346+;177;unnamed;0
CP008745.1	MPF_F	IncFIB(S);IncFII(S);IncFII(pAR0022)	117	0	0	GA	0															not_admitted	not_admitted	not_admitted	not_admitted	not_admitted	not_admitted	not_admitted	not_admitted	not_admitted	not_admitted	1	98;72203;73195;+;366.7	107;78443;79825;+;392.4	104;76662;77411;+;231.0	95;68568;71216;+;314.1	108;79822;82644;+;394.4	86;64613;66034;+;91.5	95;68568;71216;+;97.8	84;63320;63886;+;188.1	100;73507;74145;+;70.6	102;74598;76424;+;271.0	111;84298;86460;+;374.1	90;66841;67356;+;96.7	111;84298;86460;+;72.1	A	9/9	contiguous	20978	1	1	82666..83154+;162;TraS;0
CP008789.1	MPF_F	IncFIA(HI1);IncFII(p14)	160	0	0	GA	0															not_admitted	not_admitted	not_admitted	not_admitted	not_admitted	not_admitted	not_admitted	not_admitted	not_admitted	not_admitted	1	91;82647;83639;-;372.3	81;75635;77005;-;380.8	84;77789;78541;-;230.8	94;84662;86854;-;181.2	80;72792;75635;-;346.5	103;90845;92266;-;86.2	94;84662;86854;-;88.0	105;92987;93553;-;163.8	90;82008;82634;-;67.7	89;80068;82011;-;255.0	78;69753;72047;-;391.8	101;90102;90656;-;57.5	78;69753;72047;-;66.4	A	9/9	contiguous	23234	1	1	72254..72781-;175;unnamed;0
CP008790.1	MPF_F	IncC	236	0	0	GA	0															not_admitted	not_admitted	not_admitted	not_admitted	not_admitted	not_admitted	not_admitted	not_admitted	not_admitted	not_admitted	1	116;82650;83657;+;332.9	225;182489;183922;+;339.2	224;181447;182487;+;221.6	111;77451;79898;+;354.5	226;183935;187549;+;373.6	106;68579;69895;+;135.0	111;77451;79898;+;128.3	104;67055;67681;+;92.7	114;80720;81985;+;67.9	117;83773;86571;+;145.3	95;61380;63245;+;47.3	107;69892;70470;+;100.2	95;61380;63245;+;52.0	A	9/9	split_2	122555	0	1	
CP008791.1	MPF_F	IncFII(K);IncFII(Yp);repB(R1701)	238	0	0	GA	0															not_admitted	not_admitted	not_admitted	not_admitted	not_admitted	not_admitted	not_admitted	not_admitted	not_admitted	not_admitted	1	3;3752;4744;+;362.9	16;12261;13631;+;383.8	12;10307;11059;+;233.2	0;87;2726;+;259.1	82;84782;87661;-;342.9	108;104606;106030;-;89.2	0;87;2726;+;83.9	110;106757;107323;-;168.4	7;6774;7421;+;66.0	8;7480;9435;+;259.7	22;19431;21740;+;393.1	231;202371;202934;+;55.8	22;19431;21740;+;66.6	A	9/9	split_3	202284	1	1	84249..84779-;176;unnamed;0
CP008937.1	-	-	127	0	0	GA	1	12;11622;12116;+;33.1			3;1228;3681;+;64.0	3;1228;3681;+;39.0				7;5587;6297;+;107.4	8;6317;7240;+;100.6	9;7237;8274;+;144.0	11;10636;11625;+;87.7	13;12091;13974;+;225.1		none	none	B	6/7	uncallable	0	0	unscoreable	4	0	0														not_admitted	not_admitted	not_admitted	not_admitted	not_admitted	not_admitted	not_admitted
CP008938.1	-	-	60	0	0	GA	1	32;36181;36675;+;34.7			24;25888;28341;+;50.8	24;25888;28341;+;38.0		26;29065;30111;+;29.0		27;30236;30946;+;105.2	28;30933;31889;+;109.1	29;31886;32923;+;152.9	31;35258;36178;+;85.2	36;38768;40648;+;74.4		none	none	A	7/7	canonical	0	0	unscoreable	5	0	0														not_admitted	not_admitted	not_admitted	not_admitted	not_admitted	not_admitted	not_admitted
CP008940.1	-	-	54	0	0	GA	1				8;8425;10878;-;64.0	8;8425;10878;-;39.0				4;5809;6519;-;107.4	3;4866;5789;-;100.6	2;3832;4869;-;144.0	0;481;1470;-;87.7	53;62704;64629;-;250.7		none	none	B	6/7	uncallable	0	0	unscoreable	4	0	0														not_admitted	not_admitted	not_admitted	not_admitted	not_admitted	not_admitted	not_admitted
CP009218.1	-	-	50	0	0	GA	0															not_admitted	not_admitted	not_admitted	not_admitted	not_admitted	not_admitted	not_admitted	not_admitted	not_admitted	not_admitted	1	25;24942;25931;-;342.9	20;19542;20924;-;173.6	21;20917;21687;-;118.6	28;27038;29596;-;189.6	19;16757;19594;-;264.0	30;29816;31045;-;86.9	28;27038;29596;-;87.3	32;31751;32299;-;72.0	24;24298;24957;-;63.9	22;21693;23060;-;186.2	17;14456;16366;-;360.3		17;14456;16366;-;69.3	B	8/9	contiguous	17295	1	1	16359..16718-;119;unnamed;0
CP009363.1	-	-	68	0	0	GA	1	49;38813;39304;-;88.8	3;3766;4059;-;38.6		0;499;2862;-;66.2	0;499;2862;-;39.6		66;54208;55185;-;115.3		64;53318;54067;-;158.7	63;52530;53321;-;165.4	62;51340;52533;-;129.4	52;41065;42558;-;195.2	59;48120;50072;-;287.8		none	none	A	7/7	rearranged	0	0	unscoreable	12	0	0														not_admitted	not_admitted	not_admitted	not_admitted	not_admitted	not_admitted	not_admitted
CP009851.1	MPF_T	-	54	0	0	GA	1	19;20582;21244;+;48.3	20;21255;21554;+;35.8	21;21564;24314;+;61.8	21;21564;24314;+;134.0	21;21564;24314;+;47.3	22;24333;25049;+;136.0	24;25363;26370;+;138.2		26;26580;27266;+;158.3	27;27259;28152;+;147.4	28;28149;29345;+;135.3	29;29349;30398;+;71.5	36;35136;37043;+;24.4		pfam	pfam_only	A	7/7	canonical	1	1	unscoreable	8	0	0														not_admitted	not_admitted	not_admitted	not_admitted	not_admitted	not_admitted	not_admitted
CP009853.1	MPF_T	IncN	66	0	0	GA	1	15;11795;12529;+;32.5		18;13172;13489;+;63.3	19;13489;16089;+;113.8	19;13489;16089;+;76.4	20;16107;16820;+;105.5	22;17071;18111;+;142.4		23;18330;19028;+;131.9	24;19039;19923;+;159.7	25;19923;21083;+;156.3	26;21125;22120;+;81.2	43;40748;42277;-;38.5		pfam	both	A	7/7	canonical	1	0	unscoreable	3	0	0														not_admitted	not_admitted	not_admitted	not_admitted	not_admitted	not_admitted	not_admitted
CP009858.1	MPF_T	IncN	60	0	0	GA	1	15;11795;12529;+;32.5		18;13172;13489;+;63.3	19;13489;16089;+;113.8	19;13489;16089;+;76.4	20;16107;16820;+;105.5	22;17071;18111;+;142.4		23;18330;19028;+;131.9	24;19039;19923;+;159.7	25;19923;21083;+;156.3	26;21125;22120;+;81.2	37;34524;36053;-;38.5		pfam	both	A	7/7	canonical	1	0	unscoreable	3	0	0														not_admitted	not_admitted	not_admitted	not_admitted	not_admitted	not_admitted	not_admitted
CP009867.1	MPF_T	IncN	63	0	0	GA	1	16;11794;12528;+;32.5		19;13171;13488;+;63.3	20;13488;16070;+;113.8	20;13488;16070;+;76.4	23;19775;20488;+;105.5	25;20739;21779;+;142.4		26;21998;22696;+;131.9	27;22707;23591;+;159.7	28;23591;24691;+;127.7	29;24792;25787;+;81.2	40;38191;39720;-;38.5		pfam	both	A	7/7	canonical	1	0	unscoreable	5	0	0														not_admitted	not_admitted	not_admitted	not_admitted	not_admitted	not_admitted	not_admitted
CP009868.1	MPF_F	IncC	206	0	0	GA	0															not_admitted	not_admitted	not_admitted	not_admitted	not_admitted	not_admitted	not_admitted	not_admitted	not_admitted	not_admitted	1	198;157754;158761;-;332.9	118;87254;88687;-;339.2	119;88689;89717;-;221.7	203;161513;163960;-;354.5	117;83627;87241;-;375.3	3;5638;6006;-;81.9	203;161513;163960;-;128.3	6;7851;8477;-;92.7	200;159426;160691;-;67.9	197;154840;157638;-;145.3	15;12286;14151;-;47.3	2;5063;5641;-;100.2	15;12286;14151;-;52.0	A	9/9	split_3	156450	0	1	
CP009869.1	MPF_F	IncHI1A(NDM-CIT);IncHI1B(pNDM-CIT)	413	1	1	GA	1		342;306802;307188;+;89.6	343;307185;307454;+;32.5	43;49425;51875;+;42.3	43;49425;51875;+;138.4	345;309914;310657;+;226.2	347;310993;312360;+;179.3		348;312379;313083;+;235.7	48;55040;56032;+;224.4	350;314075;315358;+;206.6	341;305736;306815;+;118.3	38;45226;47241;+;346.4	379;340461;343637;-;57.9	conjscan	conjscan_only	A	7/7	canonical	1	0	unscoreable	6	0	1	380;343656;344363;-;214.6	215;204861;206276;-;200.0	216;206266;207312;-;166.2	397;363163;365844;-;156.8	214;202882;204852;-;110.3	350;314075;315358;+;206.6	397;363163;365844;-;70.8	404;371217;372002;-;69.5	382;344856;346364;-;62.3	379;340461;343637;-;57.9	38;45226;47241;+;105.6	398;365853;366803;-;45.4	38;45226;47241;+;99.4	A	9/9	split_4	325991	1	1	200864..202870-;668;unnamed;0
CP009871.1	MPF_G	-	79	0	0	GA	0															not_admitted	not_admitted	not_admitted	not_admitted	not_admitted	not_admitted	not_admitted	not_admitted	not_admitted	not_admitted	1	55;50430;51407;+;201.0			51;45479;48343;+;282.5	58;53250;54758;+;260.3									D	3/9	contiguous	7771	0	0	
CP009881.1	MPF_T	IncN	61	0	0	GA	1	15;11795;12529;+;32.5		18;13172;13489;+;63.3	19;13489;16089;+;113.8	19;13489;16089;+;76.4	20;16107;16820;+;105.5	22;17071;18111;+;142.4		23;18330;19028;+;131.9	24;19039;19923;+;159.7	25;19923;21083;+;156.3	26;21125;22120;+;81.2	37;34524;36053;-;38.5		pfam	both	A	7/7	canonical	1	0	unscoreable	3	0	0														not_admitted	not_admitted	not_admitted	not_admitted	not_admitted	not_admitted	not_admitted
CP009883.1	MPF_F	IncHI1A(NDM-CIT);IncHI1B(pNDM-CIT)	362	1	1	GA	1		8;8183;8566;-;86.7	7;7914;8186;-;32.1	6;5452;7902;-;42.3	6;5452;7902;-;138.4	5;4718;5455;-;223.0	3;3018;4382;-;179.3		2;2284;2988;-;232.3	1;1295;2287;-;224.4	0;12;1292;-;204.5	9;8563;9630;-;117.4	11;10087;12102;-;346.4	89;93635;96811;+;57.9	conjscan	conjscan_only	A	7/7	canonical	1	0	unscoreable	3	0	1	88;92561;93616;+;278.1	208;188507;189922;+;200.0	207;187471;188517;+;166.2	69;70272;72953;+;156.8	209;189931;193920;+;103.1	0;12;1292;-;204.5	69;70272;72953;+;70.8	62;64114;64899;+;69.5	86;90908;92416;+;62.3	89;93635;96811;+;57.9	11;10087;12102;-;105.6	68;69313;70263;+;45.4	11;10087;12102;-;99.4	A	9/9	split_4	189919	0	1	
CP010513.1	MPF_T	-	26	0	0	GA	1	6;4171;4908;-;32.0		3;3212;3529;-;63.3	1;1919;2194;-;29.8	2;2361;3212;-;79.2				16;13824;14522;+;131.9	17;14533;15417;+;159.7	18;15417;16577;+;156.3	19;16619;17614;+;81.2			none	none	C	5/7	uncallable	0	0	unscoreable	11	0	0														not_admitted	not_admitted	not_admitted	not_admitted	not_admitted	not_admitted	not_admitted
CP010856.1	MPF_T	-	246	0	0	GA	1	68;76427;77581;-;72.5	72;80391;80681;-;74.4	71;80100;80378;-;88.9	70;77735;80110;-;89.7	70;77735;80110;-;42.1	67;75600;76427;-;64.3	60;70100;71179;-;129.1		66;74933;75589;-;154.8	65;74141;74932;-;167.6	64;72762;74144;-;174.6	63;71762;72760;-;108.2	57;66866;68890;+;287.0		pfam	both	A	7/7	canonical	1	0	unscoreable	5	0	0														not_admitted	not_admitted	not_admitted	not_admitted	not_admitted	not_admitted	not_admitted
CP010861.1	MPF_T	-	136	0	0	GA	1	60;64207;65361;-;73.1	64;68151;68444;-;75.1	63;67880;68158;-;88.8	62;65515;67890;-;83.7	62;65515;67890;-;47.2	59;63398;64210;-;67.8	52;57875;58951;-;128.9		58;62630;63286;-;170.9	57;61932;62627;-;168.6	56;60556;61935;-;180.5	55;59565;60551;-;104.1	21;28013;29695;+;289.4		pfam	both	A	7/7	canonical	1	0	unscoreable	3	0	0														not_admitted	not_admitted	not_admitted	not_admitted	not_admitted	not_admitted	not_admitted
CP011314.1	MPF_F	IncFIB(pNDM-Mar);IncHI1B(pNDM-MAR);IncQ1	416	0	0	GA	0															not_admitted	not_admitted	not_admitted	not_admitted	not_admitted	not_admitted	not_admitted	not_admitted	not_admitted	not_admitted	1	301;257560;258597;+;282.3	396;341447;342856;+;190.4	395;340420;341457;+;176.7	289;244011;246728;+;149.6	397;342858;346826;+;120.1	285;240528;241898;+;65.6	289;244011;246728;+;85.2	282;238022;238882;+;80.4	300;256202;257563;+;69.9	302;258607;261792;+;59.2	388;331112;333238;-;57.7	288;243229;243966;+;60.0	388;331112;333238;-;41.0	A	9/9	split_2	104836	0	1	
CP011633.1	MPF_F	IncFIB(K)(pCAV1099-114);IncFII(Yp)	175	0	0	GA	0															not_admitted	not_admitted	not_admitted	not_admitted	not_admitted	not_admitted	not_admitted	not_admitted	not_admitted	not_admitted	1	14;14721;15713;-;366.6	5;8203;9573;-;376.4	8;10360;11112;-;229.0	17;16787;19426;-;258.8	4;5354;8203;-;336.6	139;119265;120485;+;216.3	17;16787;19426;-;84.2	26;24113;24679;-;162.4	13;14091;14708;-;66.8	12;12220;14094;-;256.7	2;2291;4570;-;389.8	23;21307;21876;-;53.1	2;2291;4570;-;66.9	A	9/9	split_2	116974	1	1	4807..5343-;178;unnamed;0
CP011634.1	MPF_F	IncFIA(HI1);IncFII(Yp);IncFII(pAR0022)	254	0	0	GA	0															not_admitted	not_admitted	not_admitted	not_admitted	not_admitted	not_admitted	not_admitted	not_admitted	not_admitted	not_admitted	1	116;101448;102440;-;372.3	106;94436;95806;-;379.3	109;96590;97342;-;230.8	119;103463;105655;-;181.2	105;92250;94436;-;347.4	122;107043;108464;-;86.2	119;103463;105655;-;88.2	124;109185;109751;-;163.8	115;100809;101435;-;67.7	114;98869;100812;-;253.2	101;87570;89693;-;392.0		101;87570;89693;-;66.5	B	8/9	contiguous	21615	0	1	
CP011635.1	MPF_F	IncHI1A(NDM-CIT);IncHI1B(pNDM-CIT)	359	1	1	GA	1		131;135161;135547;-;89.6	130;134895;135164;-;32.5	13;9443;11893;-;42.3	13;9443;11893;-;138.4	128;131692;132435;-;226.2	126;129989;131356;-;179.3		125;129266;129970;-;235.7	8;5286;6278;-;224.4	123;126991;128274;-;206.6	132;135534;136613;-;118.3	18;14079;16094;-;346.4	93;97646;100822;+;57.9	conjscan	conjscan_only	A	7/7	rearranged	1	0	unscoreable	6	0	1	92;96920;97627;+;214.6	227;228748;230163;+;200.0	226;227712;228758;+;166.2	75;75438;78119;+;156.8	228;230172;234161;+;103.1	123;126991;128274;-;206.6	75;75438;78119;+;73.5	68;69280;70065;+;69.5	90;94919;96427;+;62.3	93;97646;100822;+;57.9	18;14079;16094;-;105.6	74;74479;75429;+;45.4	18;14079;16094;-;99.4	A	9/9	split_4	216093	0	1	
CP011990.1	MPF_F	IncFII(K);IncR	175	0	0	GA	0															not_admitted	not_admitted	not_admitted	not_admitted	not_admitted	not_admitted	not_admitted	not_admitted	not_admitted	not_admitted	1	27;17364;18356;+;366.6	37;23807;25177;+;381.2	33;21853;22605;+;232.4	24;13699;16338;+;258.7	38;25177;28026;+;344.2	15;8460;9884;+;89.2	24;13699;16338;+;88.8	13;7167;7733;+;167.0	28;18369;19007;+;67.0	29;19004;21010;+;259.0	42;29840;32149;+;393.2	17;10496;11065;+;49.7	42;29840;32149;+;65.8	A	9/9	contiguous	22673	1	1	28029..28559+;176;unnamed;0
CP011991.1	MPF_F	IncFIB(pQil);IncFII(K)	133	0	0	GA	0															not_admitted	not_admitted	not_admitted	not_admitted	not_admitted	not_admitted	not_admitted	not_admitted	not_admitted	not_admitted	1	61;42788;43777;+;366.0	71;49324;50691;+;380.7	67;47314;48066;+;233.7	57;38707;41346;+;258.5	72;50691;53540;+;345.6	49;34026;35450;+;88.8	57;38707;41346;+;88.7	47;32733;33299;+;169.3	62;43790;44428;+;67.0	63;44487;46442;+;259.7	76;56026;58338;+;392.7	50;35564;36148;+;55.4	76;56026;58338;+;66.5	A	9/9	contiguous	23293	1	1	53553..54101+;182;unnamed;0
CP011992.1	MPF_T	IncX3	56	0	0	GA	1	43;35384;36028;-;46.4	42;35110;35400;-;73.1	41;32332;35085;-;47.0	41;32332;35085;-;145.4	41;32332;35085;-;73.3	40;31552;32322;-;60.1	38;30218;31273;-;133.2		37;29295;30023;-;119.4	36;28360;29289;-;138.8	35;27149;28363;-;128.3	33;25919;26953;-;65.7	32;24081;25916;-;495.9		pfam	pfam_only	A	7/7	canonical	1	1	unscoreable	2	0	0														not_admitted	not_admitted	not_admitted	not_admitted	not_admitted	not_admitted	not_admitted
CP012113.1	MPF_F	IncFIB(AP001918);IncFII	151	0	0	GA	0															not_admitted	not_admitted	not_admitted	not_admitted	not_admitted	not_admitted	not_admitted	not_admitted	not_admitted	not_admitted	1	49;40214;41206;-;369.3	40;34561;35157;-;192.4	46;36969;37487;-;119.4	53;43677;44840;-;242.4	38;31381;33789;-;388.1	58;46894;47502;-;73.0	52;42215;43267;-;50.5	62;48989;49597;-;183.0	48;39567;40205;-;66.7	47;37762;39570;-;267.9	33;27252;28958;-;392.7	55;45356;45871;-;77.3	33;27252;28958;-;70.8	A	9/9	contiguous	21737	1	1	30454..30636-;60;TraS;0
CP012668.1	MPF_F	IncC	219	0	0	GA	0															not_admitted	not_admitted	not_admitted	not_admitted	not_admitted	not_admitted	not_admitted	not_admitted	not_admitted	not_admitted	1	94;83947;84954;+;332.9	158;139107;140540;+;339.2	157;138077;139105;+;221.7	89;78748;81195;+;354.5	159;140553;144167;+;375.3	215;176461;177621;+;156.3	89;78748;81195;+;128.3	81;68353;68979;+;92.7	92;82017;83282;+;67.9	95;85070;87868;+;145.3	72;62678;64543;+;47.3	84;71190;71768;+;100.2	72;62678;64543;+;52.0	A	9/9	split_3	113783	0	1	
CP013721.1	MPF_F	IncFIB(S);IncFII(S);IncFII(pAR0022)	115	0	0	GA	0															not_admitted	not_admitted	not_admitted	not_admitted	not_admitted	not_admitted	not_admitted	not_admitted	not_admitted	not_admitted	1	96;72214;73206;+;366.7	105;78454;79836;+;392.4	102;76673;77422;+;231.0	93;68579;71227;+;314.1	106;79833;82655;+;394.4	85;64627;66048;+;91.5	93;68579;71227;+;97.6	83;63334;63900;+;188.1	98;73518;74156;+;70.6	100;74609;76435;+;271.0	109;84309;86552;+;374.0	88;66852;67367;+;96.7	109;84309;86552;+;72.0	A	9/9	contiguous	20975	1	1	82677..83165+;162;TraS;0
CP013822.1	-	-	79	0	0	GA	0															not_admitted	not_admitted	not_admitted	not_admitted	not_admitted	not_admitted	not_admitted	not_admitted	not_admitted	not_admitted	1	41;30465;30953;+;178.8	47;34858;36207;+;327.1	45;33529;34341;+;161.8	34;26333;27037;+;79.3	48;36230;38998;+;243.8	32;25209;25871;+;35.6	36;27578;28369;+;61.7	29;23120;23689;+;93.5	43;31389;31628;+;42.6	44;31625;33532;+;243.3	54;41355;42521;+;244.5	33;25874;26320;+;33.9	54;41355;42521;+;72.7	A	9/9	contiguous	18235	1	1	38988..39386+;132;unnamed;1
CP013836.1	MPF_F	IncFIA;IncFIB(pB171);IncFII	183	0	0	GA	0															not_admitted	not_admitted	not_admitted	not_admitted	not_admitted	not_admitted	not_admitted	not_admitted	not_admitted	not_admitted	1	35;23989;24981;-;369.5	22;16886;18259;-;382.9	29;20410;20928;-;121.1	39;27016;28614;-;302.7	21;15618;16889;-;366.2	45;30767;32194;-;93.9	38;25989;26936;-;51.4	47;32908;33258;-;115.2	33;22956;23645;-;69.5	31;21205;21501;-;70.0	16;10530;12542;-;381.1	41;29130;29645;-;76.0	16;10530;12542;-;66.7	A	9/9	contiguous	22378	1	1	14959..15621-;220;unnamed;0
CP014292.1	MPF_F	-	122	0	0	GA	0															not_admitted	not_admitted	not_admitted	not_admitted	not_admitted	not_admitted	not_admitted	not_admitted	not_admitted	not_admitted	1	27;22634;23434;-;286.7	22;17144;18571;-;325.8	24;18973;19785;-;219.1	31;25156;27882;-;164.6	21;14126;17128;-;208.7	35;29564;30880;-;102.7	31;25156;27882;-;108.4	37;31593;32171;-;83.7	26;21832;22539;-;107.6	25;19778;21835;-;91.0	59;45956;48115;-;381.3	32;27892;28536;-;41.9	59;45956;48115;-;90.0	A	9/9	contiguous	31830	1	1	13521..14054-;177;unnamed;0
CP014295.1	MPF_F	IncC	170	0	0	GA	0															not_admitted	not_admitted	not_admitted	not_admitted	not_admitted	not_admitted	not_admitted	not_admitted	not_admitted	not_admitted	1	142;106883;107890;-;332.9	78;54964;56397;-;339.2	79;56399;57427;-;221.7	147;110642;113089;-;354.5	77;51337;54951;-;375.3	153;122715;123890;-;86.3	147;110642;113089;-;128.3	155;124788;125414;-;92.7	144;108555;109820;-;67.9	141;103969;106767;-;145.3	164;129222;131087;-;47.3	152;122000;122578;-;100.2	164;129222;131087;-;52.0	A	9/9	split_2	77885	0	1	
CP014296.1	MPF_F	-	93	0	0	GA	0															not_admitted	not_admitted	not_admitted	not_admitted	not_admitted	not_admitted	not_admitted	not_admitted	not_admitted	not_admitted	1	18;18083;19069;-;369.4	10;12000;13370;-;376.7	14;14587;15336;-;218.2	21;20063;22693;-;285.5	9;10975;12000;-;254.9	27;24721;26115;-;89.4	21;20063;22693;-;98.6	29;26832;27398;-;169.9	17;17437;18066;-;66.9	16;15587;17440;-;260.5	5;5598;7844;-;384.7	26;24160;24699;-;67.5	5;5598;7844;-;63.8	A	9/9	contiguous	21234	1	1	9155..10975-;606;unnamed;0
CP014330.2	MPF_T	-	50	0	0	GA	1		24;23657;24049;+;60.2	25;24052;24372;+;44.1	26;24360;26924;+;105.0	26;24360;26924;+;111.2	31;30451;31224;+;105.4	33;31499;32863;+;112.9		27;26921;27637;+;90.5	28;27654;28544;+;167.6	30;29029;30432;+;205.7	23;22682;23644;+;138.0	8;9385;11319;-;467.0		conjscan	conjscan_only	A	7/7	canonical	1	0	unscoreable	3	0	0														not_admitted	not_admitted	not_admitted	not_admitted	not_admitted	not_admitted	not_admitted
CP014493.1	MPF_F	Col156;IncFIB(AP001918);IncFII(29)	169	0	0	GA	0															not_admitted	not_admitted	not_admitted	not_admitted	not_admitted	not_admitted	not_admitted	not_admitted	not_admitted	not_admitted	1	37;25179;26171;-;369.5	24;18257;18904;-;221.8	32;21330;22073;-;233.1	41;28642;29808;-;240.1	22;14935;17757;-;388.5	48;32939;33577;-;74.6	40;27179;28660;-;100.7	51;35078;35428;-;114.9	35;24197;24835;-;68.6	34;22350;24200;-;271.9	16;10537;12666;-;391.3	45;31295;31810;-;73.9	16;10537;12666;-;70.4	A	9/9	contiguous	24541	1	1	14711..14935-;74;TraS;0
CP014577.1	MPF_F	IncFIB(S);IncFII(S);IncFII(pAR0022)	118	0	0	GA	0															not_admitted	not_admitted	not_admitted	not_admitted	not_admitted	not_admitted	not_admitted	not_admitted	not_admitted	not_admitted	1	98;72221;73213;+;366.7	107;78461;79843;+;392.4	104;76680;77429;+;231.0	95;68586;71234;+;314.1	108;79840;82662;+;394.4	86;64632;66053;+;91.5	95;68586;71234;+;97.8	84;63339;63905;+;188.1	100;73525;74163;+;70.6	102;74616;76442;+;271.0	111;84316;86292;+;371.9	90;66859;67374;+;96.7	111;84316;86292;+;69.9	A	9/9	contiguous	20977	1	1	82684..83172+;162;TraS;0
CP014964.1	MPF_F	-	141	0	0	GA	0															not_admitted	not_admitted	not_admitted	not_admitted	not_admitted	not_admitted	not_admitted	not_admitted	not_admitted	not_admitted	1	56;48645;49634;+;343.1	25;16218;17705;-;291.2	27;17884;18513;-;180.9	50;39327;41777;+;331.4	64;53833;55167;+;246.9	48;38273;38827;+;76.7	50;39327;41777;+;114.3	45;35843;36439;+;188.2	57;49601;50617;+;96.3	52;43753;47454;+;62.8	29;20314;21729;-;39.2	49;38824;39330;+;101.9	29;20314;21729;-;47.7	A	9/9	contiguous	37615	1	1	55146..57437+;763;unnamed;0
CP015492.1	MPF_T	rep38	44	0	0	GA	1				14;13563;15578;-;23.5									8;7994;9538;-;465.5		none	none	D	2/7	uncallable	0	0	unscoreable	5	0	0														not_admitted	not_admitted	not_admitted	not_admitted	not_admitted	not_admitted	not_admitted
CP015599.1	MPF_F	IncFIB(S);IncFII(S);IncFII(pAR0022)	121	0	0	GA	0															not_admitted	not_admitted	not_admitted	not_admitted	not_admitted	not_admitted	not_admitted	not_admitted	not_admitted	not_admitted	1	92;67344;68336;+;366.7	101;73584;74966;+;392.4	98;71803;72552;+;231.0	89;63709;66357;+;314.1	102;74963;77785;+;394.4	81;59755;61176;+;91.5	89;63709;66357;+;97.8	79;58462;59028;+;188.1	94;68648;69286;+;70.6	96;69739;71565;+;271.0	106;79440;81719;+;371.4	84;61982;62497;+;96.7	106;79440;81719;+;69.5	A	9/9	contiguous	20978	1	1	77807..77968+;53;unnamed;0
CP016035.1	MPF_F	IncFIA;IncFIB(AP001918);IncFII(pAMA1167-NDM-5)	148	0	0	GA	0															not_admitted	not_admitted	not_admitted	not_admitted	not_admitted	not_admitted	not_admitted	not_admitted	not_admitted	not_admitted	1	26;25960;26760;-;317.8		21;22111;22854;-;231.4	30;27961;30588;-;303.9		36;32473;33924;-;94.1	30;27961;30588;-;96.5	38;34639;35205;-;184.3	24;24978;25616;-;68.7	23;23131;24981;-;266.7	13;15960;17807;-;392.4	33;31104;31619;-;75.2	13;15960;17807;-;70.7	C	7/9	contiguous	18679	0	1	
CP016217.1	MPF_T	rep38	51	0	0	GA	1				40;36521;38536;+;21.8									45;42561;44111;+;461.6		none	none	D	2/7	uncallable	0	0	unscoreable	4	0	0														not_admitted	not_admitted	not_admitted	not_admitted	not_admitted	not_admitted	not_admitted
CP016609.1	MPF_T	-	40	0	0	GA	1		35;29904;30296;+;60.3	36;30299;30619;+;47.6	37;30607;33171;+;102.4	37;30607;33171;+;112.2	1;1426;2211;+;101.3	3;2544;3941;+;110.5		38;33168;33884;+;92.1	39;33901;34791;+;169.6	0;7;1407;+;206.7	34;28929;29891;+;138.6	17;15503;17437;-;467.5		conjscan	conjscan_only	A	7/7	rearranged	1	0	unscoreable	2	0	0														not_admitted	not_admitted	not_admitted	not_admitted	not_admitted	not_admitted	not_admitted
CP016802.1	MPF_T	-	66	0	0	GA	1				56;51409;53424;-;24.7									50;45834;47384;-;460.6		none	none	D	2/7	uncallable	0	0	unscoreable	5	0	0														not_admitted	not_admitted	not_admitted	not_admitted	not_admitted	not_admitted	not_admitted
CP017386.1	MPF_F	IncFII(pBK30683);repB(R1701)	166	0	0	GA	0															not_admitted	not_admitted	not_admitted	not_admitted	not_admitted	not_admitted	not_admitted	not_admitted	not_admitted	not_admitted	1	47;49227;50216;-;366.0	37;42313;43680;-;384.0	41;44938;45690;-;233.7	51;51673;54312;-;258.5	36;39464;42313;-;346.4	57;57143;58567;-;89.2	51;51673;54312;-;88.7	59;59294;59860;-;169.3	46;48576;49214;-;67.0	45;46562;48517;-;259.7	32;34688;37000;-;392.8	56;56486;57070;-;54.5	32;34688;37000;-;65.8	A	9/9	contiguous	24606	1	1	38928..39461-;177;unnamed;0
CP017387.1	MPF_F	IncC;IncFIB(pKPHS1)	259	0	0	GA	0															not_admitted	not_admitted	not_admitted	not_admitted	not_admitted	not_admitted	not_admitted	not_admitted	not_admitted	not_admitted	1	69;68657;68920;+;36.1	107;99210;100643;+;339.2	106;98180;99208;+;221.7	64;63458;65905;+;354.5	108;100656;104270;+;375.3	163;136563;137723;+;156.3	64;63458;65905;+;128.3	53;44900;45526;+;92.7	67;66727;67992;+;67.9		44;39225;41090;+;47.3	56;47737;48315;+;100.2	44;39225;41090;+;52.0	B	8/9	split_3	97338	0	0	
CP017618.1	MPF_F	IncFIB(S);IncFII(S);IncFII(pAR0022)	120	0	0	GA	0															not_admitted	not_admitted	not_admitted	not_admitted	not_admitted	not_admitted	not_admitted	not_admitted	not_admitted	not_admitted	1	96;70787;71779;+;365.6	105;77027;78409;+;392.4	102;75246;75995;+;231.0	93;67253;69901;+;314.1	106;78406;80247;+;396.1	85;63299;64720;+;91.5	93;67253;69901;+;97.8	83;62006;62572;+;188.1	98;72091;72729;+;70.6	100;73182;75008;+;268.1	111;82821;84983;+;374.1	88;65526;66041;+;96.7	111;82821;84983;+;72.1	A	9/9	contiguous	20815	1	1	80237..81169+;310;unnamed;0
CP018001.1	MPF_T	-	505	0	0	GA	1	320;298713;299885;+;70.2	317;295524;295883;+;50.8	318;295886;296212;+;48.7	319;296216;298735;+;140.7	319;296216;298735;+;94.1	452;432782;433591;-;44.7	450;431368;432558;-;113.4		449;430690;431352;-;120.9	448;429818;430621;-;188.8	446;428020;429327;-;222.9	327;304985;306034;+;129.8	328;306003;308795;+;220.5		conjscan	conjscan_only	A	7/7	uncallable	0	0	unscoreable	3	0	0														not_admitted	not_admitted	not_admitted	not_admitted	not_admitted	not_admitted	not_admitted
CP018090.1	MPF_T	-	46	0	0	GA	1	36;28080;28739;+;22.0	25;18640;19032;+;63.3	26;19035;19346;+;51.0	27;19343;21883;+;111.1	27;19343;21883;+;114.3	32;25482;26255;+;115.1	34;26512;27945;+;120.5		28;21944;22657;+;95.5	29;22673;23563;+;169.0	31;24063;25463;+;219.0	24;17671;18627;+;129.3	45;38419;40356;-;466.4		conjscan	both	A	7/7	canonical	1	0	unscoreable	12	0	0														not_admitted	not_admitted	not_admitted	not_admitted	not_admitted	not_admitted	not_admitted
CP018351.1	MPF_F	IncFIB(K);IncFII(K)	209	0	0	GA	0															not_admitted	not_admitted	not_admitted	not_admitted	not_admitted	not_admitted	not_admitted	not_admitted	not_admitted	not_admitted	1	5;5102;6094;+;366.6	15;11545;12915;+;381.2	11;9591;10343;+;232.4	2;1437;4076;+;258.7	16;12915;15764;+;344.2	203;181138;182562;+;89.2	2;1437;4076;+;88.8	201;179845;180411;+;167.0	6;6107;6745;+;67.0	7;6742;8748;+;259.0	20;17578;19887;+;393.2	205;183174;183743;+;49.7	20;17578;19887;+;65.8	A	9/9	split_2	181737	1	1	15767..16297+;176;unnamed;0
CP018361.1	MPF_F	IncFIA(pBK30683);IncFIB(K);IncFII(p14)	301	0	0	GA	0															not_admitted	not_admitted	not_admitted	not_admitted	not_admitted	not_admitted	not_admitted	not_admitted	not_admitted	not_admitted	1	217;218113;219105;-;372.3	207;211101;212471;-;381.7	210;213255;214007;-;230.8	220;220128;222767;-;254.4	206;208258;211101;-;346.5	228;226311;227732;-;86.2	220;220128;222767;-;87.3	230;228453;229019;-;163.8	216;217474;218100;-;67.7	215;215534;217477;-;255.0	204;205219;207513;-;391.8	226;225772;226122;-;23.3	204;205219;207513;-;66.4	A	9/9	contiguous	23234	1	1	207720..208247-;175;unnamed;0
CP018457.1	MPF_F	IncC	167	0	0	GA	0															not_admitted	not_admitted	not_admitted	not_admitted	not_admitted	not_admitted	not_admitted	not_admitted	not_admitted	not_admitted	1	153;119445;120452;+;332.9	47;37088;38521;+;339.2	46;36058;37086;+;221.7	148;114246;116693;+;354.5	48;38534;42148;+;375.3	143;106322;106690;+;81.9	148;114246;116693;+;128.3	140;103851;104477;+;92.7	151;117515;118780;+;67.9	154;120568;123366;+;145.3	131;98177;100042;+;47.3	144;106687;107265;+;100.2	131;98177;100042;+;52.0	A	9/9	split_2	84510	0	1	
CP018460.1	MPF_F	IncFIB(K);IncFII(K)	258	0	0	GA	0															not_admitted	not_admitted	not_admitted	not_admitted	not_admitted	not_admitted	not_admitted	not_admitted	not_admitted	not_admitted	1	191;160535;161527;+;366.6	201;166978;168348;+;381.2	197;165024;165776;+;232.4	188;156870;159509;+;258.7	202;168348;171197;+;344.2	179;151631;153055;+;89.2	188;156870;159509;+;88.8	177;150338;150904;+;167.0	192;161540;162178;+;67.0	193;162175;164181;+;259.0	206;173011;175320;+;393.2	181;153667;154236;+;49.7	206;173011;175320;+;65.8	A	9/9	contiguous	22673	1	1	171200..171730+;176;unnamed;0
CP018675.1	MPF_F	IncFIB(K);IncFII(K)	202	1	0	GA	1	19;13289;13774;+;82.5		160;148780;149097;-;63.3	159;147644;148780;-;73.2	159;147644;148780;-;78.6						11;7621;9045;-;89.2			199;177931;179937;-;259.0	none	none	D	2/7	uncallable	0	0	unscoreable	9	0	1	201;180585;181304;-;284.6	191;173764;175134;-;381.2	195;176336;177088;-;232.4	2;1167;3806;-;258.7	190;170915;173764;-;344.2	11;7621;9045;-;89.2	2;1167;3806;-;88.8	13;9772;10338;-;167.0	200;179934;180572;-;67.0	199;177931;179937;-;259.0	186;167677;169101;-;233.0	9;6440;7009;-;49.7		A	9/9	split_2	179418	1	1	170382..170912-;176;unnamed;0
CP018958.1	MPF_F	IncFII(pSE11)	68	0	0	GA	0															not_admitted	not_admitted	not_admitted	not_admitted	not_admitted	not_admitted	not_admitted	not_admitted	not_admitted	not_admitted	1	46;29041;30033;+;369.5	57;35810;37183;+;382.9	51;33139;33882;+;234.1	43;25405;28032;+;300.9	58;37180;38808;+;389.5	37;22063;23490;+;93.9	43;25405;28032;+;101.1	35;20782;21348;+;181.3	48;30377;31015;+;70.0	49;31012;32862;+;266.7	65;44883;47108;+;391.5	40;24374;24889;+;78.8	65;44883;47108;+;70.4	A	9/9	contiguous	24101	0	1	
CP018959.1	MPF_T	IncN	62	0	0	GA	1	34;24080;24814;+;32.5		37;25457;25774;+;63.3	38;25774;28374;+;113.8	38;25774;28374;+;76.4	39;28392;29105;+;105.5	41;29356;30396;+;142.4		42;30615;31313;+;131.9	43;31324;32208;+;159.7	44;32208;33368;+;156.3	45;33410;34405;+;81.2	53;45443;46972;-;38.5		pfam	both	A	7/7	canonical	1	0	unscoreable	3	0	0														not_admitted	not_admitted	not_admitted	not_admitted	not_admitted	not_admitted	not_admitted
CP018961.1	MPF_F	IncFIB(pNDM-Mar);IncHI1B(pNDM-MAR)	329	0	0	GA	0															not_admitted	not_admitted	not_admitted	not_admitted	not_admitted	not_admitted	not_admitted	not_admitted	not_admitted	not_admitted	1	120;98516;99553;+;282.3	269;233761;235170;-;190.4	270;235160;236197;-;175.6	108;84967;87684;+;149.6	268;229791;233759;-;121.3	104;81484;82854;+;65.6	108;84967;87684;+;85.2	101;78978;79838;+;80.4	119;97158;98519;+;69.9	121;99563;102748;+;59.2	277;243396;245522;+;57.7	107;84185;84922;+;60.0	277;243396;245522;+;41.0	A	9/9	split_2	164418	0	1	
CP019045.1	-	-	151	0	0	GA	0															not_admitted	not_admitted	not_admitted	not_admitted	not_admitted	not_admitted	not_admitted	not_admitted	not_admitted	not_admitted	1	131;133052;134002;+;91.0			129;129909;132632;+;217.0	134;135694;137313;+;123.4						120;122758;124803;+;33.9		120;122758;124803;+;35.4	D	3/9	contiguous	12936	0	0	
CP019195.1	MPF_F	IncHI2;IncHI2A	385	0	0	GA	0															not_admitted	not_admitted	not_admitted	not_admitted	not_admitted	not_admitted	not_admitted	not_admitted	not_admitted	not_admitted	1	126;110842;111900;-;276.9	251;219848;221263;+;194.1	250;218812;219858;+;174.3	149;134213;136282;-;163.2	252;221272;224760;+;102.3	154;138707;140062;-;80.7	149;134213;136282;-;31.1	157;141785;142216;-;41.8	129;112467;113552;-;53.3	123;107638;109632;-;58.2	243;209688;211772;-;56.8	151;136386;137336;-;46.1	243;209688;211772;-;38.8	A	9/9	split_3	113634	1	1	224742..225224+;160;unnamed;0
CP020113.1	MPF_F	IncFIB(AP001918);IncFII(S);IncFII(pAR0022)	172	0	0	GA	0															not_admitted	not_admitted	not_admitted	not_admitted	not_admitted	not_admitted	not_admitted	not_admitted	not_admitted	not_admitted	1	151;118112;119104;+;366.7	162;125129;126511;+;392.4	157;122571;123320;+;231.0	148;114477;117125;+;314.1	163;126508;129330;+;394.4	140;110523;111944;+;91.5	148;114477;117125;+;97.8	138;109230;109796;+;188.1	153;119416;120054;+;70.6	155;120507;122333;+;271.0	166;130984;133146;+;374.1	143;112750;113265;+;96.7	166;130984;133146;+;72.1	A	9/9	contiguous	21754	1	1	129352..129840+;162;TraS;0
CP020359.1	MPF_F	IncFII(Yp)	122	0	0	GA	0															not_admitted	not_admitted	not_admitted	not_admitted	not_admitted	not_admitted	not_admitted	not_admitted	not_admitted	not_admitted	1	106;99313;100305;-;372.3	95;91909;93279;-;383.1	98;94048;94800;-;222.2	109;101331;103970;-;254.8	94;89030;91909;-;333.2	117;107161;108582;-;86.6	109;101331;103970;-;88.2	119;109303;109869;-;159.4	105;98653;99300;-;68.8	103;96321;98276;-;253.1	90;83934;86252;-;390.7	115;106116;106700;-;55.9	90;83934;86252;-;66.8	A	9/9	contiguous	25369	1	1	88345..89013-;222;unnamed;0
CP020456.1	MPF_F	-	146	0	0	GA	0															not_admitted	not_admitted	not_admitted	not_admitted	not_admitted	not_admitted	not_admitted	not_admitted	not_admitted	not_admitted	1	40;30923;32362;-;373.1	31;23887;25269;-;277.0	33;25693;26490;-;161.2	43;33698;34687;-;127.7	30;21997;23883;-;294.8	47;36150;37679;-;95.8	42;32704;33669;-;47.8	49;38403;38885;-;97.6	35;28152;28829;-;88.9	34;26509;28155;-;218.9	26;17105;19222;-;384.2		26;17105;19222;-;72.6	B	8/9	contiguous	21298	1	1	20468..21949-;493;unnamed;0
CP020527.1	MPF_T	IncN	77	0	0	GA	1	9;6642;7376;+;32.5		12;8018;8335;+;63.3	13;8335;10935;+;111.8	13;8335;10935;+;76.8	14;10953;11666;+;97.1	16;11917;12957;+;153.6		17;13176;13874;+;131.9	18;13885;14769;+;159.0	19;14769;15929;+;154.9	20;15971;16966;+;81.2	48;49944;51473;-;38.5		pfam	both	A	7/7	canonical	1	0	unscoreable	3	0	0														not_admitted	not_admitted	not_admitted	not_admitted	not_admitted	not_admitted	not_admitted
CP020529.1	MPF_F	IncHI2;IncHI2A	426	0	0	GA	0															not_admitted	not_admitted	not_admitted	not_admitted	not_admitted	not_admitted	not_admitted	not_admitted	not_admitted	not_admitted	1	143;129335;130393;-;276.9	316;301396;302811;+;194.1	315;300360;301406;+;173.7	179;174428;177109;-;168.0	317;302820;306770;+;101.6	183;179439;180794;-;80.7	179;174428;177109;-;72.2	186;182518;183306;-;74.8	145;130535;132046;-;62.7	142;126128;129316;-;58.3	309;291235;293319;-;57.3	180;177118;178068;-;46.4	309;291235;293319;-;40.3	A	9/9	split_3	176692	0	1	
CP021115.1	MPF_T	-	119	0	0	GA	1	73;63328;64482;+;72.8	69;60245;60538;+;74.7	70;60531;60809;+;88.1	71;60799;63174;+;85.9	71;60799;63174;+;48.9	74;64482;65291;+;67.2	81;69640;70716;+;126.0		75;65308;65961;+;170.9	76;65964;66659;+;171.0	77;66656;68035;+;185.3	78;68040;69026;+;104.5	92;83256;85256;-;289.4		pfam	both	A	7/7	canonical	1	0	unscoreable	3	0	0														not_admitted	not_admitted	not_admitted	not_admitted	not_admitted	not_admitted	not_admitted
CP021117.1	MPF_T	-	130	0	0	GA	1	126;118843;120009;-;77.6		129;122600;122878;-;79.8	128;120226;122610;-;89.0	128;120226;122610;-;38.7	125;118049;118846;-;61.5	119;112870;113895;-;124.4		124;117387;118052;-;141.2	123;116689;117390;-;166.2	122;115367;116692;-;173.0	121;114331;115365;-;104.3	117;110810;111613;-;106.0		pfam	both	A	7/7	canonical	1	0	unscoreable	3	0	0														not_admitted	not_admitted	not_admitted	not_admitted	not_admitted	not_admitted	not_admitted
CP021182.1	MPF_T	-	193	0	0	GA	1	104;97879;98547;+;44.5	105;98544;98882;+;78.3	106;98879;99229;+;85.4	107;99222;101633;+;159.0	107;99222;101633;+;118.0	108;101637;102356;+;202.0	110;102587;103531;+;125.4		111;103866;104564;+;171.2	112;104561;105418;+;198.2	113;105422;106645;+;185.2	114;106649;107653;+;98.2	115;107637;109598;+;337.2		pfam	both	A	7/7	canonical	1	0	unscoreable	1	0	0														not_admitted	not_admitted	not_admitted	not_admitted	not_admitted	not_admitted	not_admitted
CP021183.1	MPF_F	-	123	0	0	GA	0															not_admitted	not_admitted	not_admitted	not_admitted	not_admitted	not_admitted	not_admitted	not_admitted	not_admitted	not_admitted	1	96;97144;98160;-;330.3	89;89410;90834;-;281.5	91;91461;92333;-;209.3	102;100281;102797;-;216.9	88;85625;89395;-;165.5	104;103432;104745;-;96.8	102;100281;102797;-;120.2	106;105484;106122;-;91.8	93;92913;93794;-;108.5	94;93766;94884;-;97.1	51;46336;47988;-;71.7	103;102794;103396;-;130.0	51;46336;47988;-;93.4	A	9/9	split_2	59148	0	1	
CP021184.1	MPF_T	-	118	0	0	GA	1		57;54933;55256;+;85.4	58;55259;55528;+;44.2	59;55530;58013;+;71.1	59;55530;58013;+;128.9	61;58264;58977;+;58.7	63;59277;61001;+;131.4		64;61006;61692;+;170.6	65;61695;62696;+;197.2	66;62699;63937;+;197.1	56;53831;54787;+;131.4	54;49861;51855;+;265.5		conjscan	both	A	7/7	canonical	1	0	unscoreable	6	0	0														not_admitted	not_admitted	not_admitted	not_admitted	not_admitted	not_admitted	not_admitted
CP021372.1	MPF_F	-	487	0	0	GA	0															not_admitted	not_admitted	not_admitted	not_admitted	not_admitted	not_admitted	not_admitted	not_admitted	not_admitted	not_admitted	1	243;278885;279820;-;212.3			246;280815;283694;-;310.4	240;275579;277102;-;240.4						261;290621;292789;-;23.0		261;290621;292789;-;41.6	D	3/9	contiguous	15042	0	0	
CP021375.1	MPF_T	-	224	0	0	GA	1		218;206967;207377;-;74.2	217;206675;206974;-;60.4	216;204201;206663;-;189.5	216;204201;206663;-;133.3	215;203420;204229;-;44.8	213;202582;203196;-;64.0		209;199803;200465;-;120.8	208;198934;199752;-;188.7	206;197135;198442;-;225.5	219;207367;208338;-;132.0	172;160556;162508;-;552.3		conjscan	conjscan_only	A	7/7	canonical	1	0	unscoreable	5	0	0														not_admitted	not_admitted	not_admitted	not_admitted	not_admitted	not_admitted	not_admitted
CP021463.1	MPF_F	IncHI2;IncHI2A	384	0	0	GA	0															not_admitted	not_admitted	not_admitted	not_admitted	not_admitted	not_admitted	not_admitted	not_admitted	not_admitted	not_admitted	1	203;187699;188757;+;276.9	47;39591;41006;-;194.1	48;40996;42042;-;173.7	185;164381;167062;+;168.0	46;35632;39582;-;101.6	181;160696;162051;+;80.7	185;164381;167062;+;72.2	178;158184;158972;+;74.8	201;186046;187557;+;62.7	204;188776;191964;+;58.3	54;49083;51167;+;56.7	184;163422;164372;+;46.4	54;49083;51167;+;38.8	A	9/9	split_3	153144	0	1	
CP021464.1	MPF_F	IncFIB(S);IncFII(S);IncFII(pAR0022)	142	0	0	GA	0															not_admitted	not_admitted	not_admitted	not_admitted	not_admitted	not_admitted	not_admitted	not_admitted	not_admitted	not_admitted	1	130;104877;105869;+;366.7	139;111117;112499;+;392.4	136;109336;110085;+;231.0	127;101242;103890;+;314.0	140;112496;115318;+;394.4	119;97288;98709;+;91.5	127;101242;103890;+;97.8	117;95995;96561;+;188.1	132;106181;106819;+;70.6	134;107272;109098;+;271.0	1;1108;3270;+;374.1	122;99515;100030;+;96.7	1;1108;3270;+;72.1	A	9/9	split_2	111388	1	1	115340..115828+;162;TraS;0
CP021472.1	MPF_T	-	62	0	0	GA	1				25;24912;25769;-;25.6									18;18238;19749;-;466.5		none	none	D	2/7	uncallable	0	0	unscoreable	6	0	0														not_admitted	not_admitted	not_admitted	not_admitted	not_admitted	not_admitted	not_admitted
CP021777.1	MPF_F	IncFII(pECLA);repB(R1701)	86	0	0	GA	0															not_admitted	not_admitted	not_admitted	not_admitted	not_admitted	not_admitted	not_admitted	not_admitted	not_admitted	not_admitted	1	54;38120;39118;+;362.2	63;44352;45716;+;359.2	57;41584;42366;+;214.2	46;32153;34762;+;218.0	64;45716;49045;+;309.7	41;29122;30525;+;93.5	46;32153;34762;+;103.5	39;27792;28373;+;102.5	55;39129;39755;+;64.3	56;39752;41587;+;223.2	68;51265;53820;+;363.5	44;31366;31905;+;42.9	68;51265;53820;+;71.3	A	9/9	contiguous	23473	1	1	49057..49629+;190;unnamed;0
CP021899.1	MPF_T	IncN	75	0	0	GA	1	39;44229;44963;-;32.5		36;43269;43586;-;63.3	35;40669;43269;-;111.8	35;40669;43269;-;76.8	34;39938;40651;-;97.1	32;38647;39687;-;153.6		31;37730;38428;-;131.9	30;36835;37719;-;159.0	29;35675;36835;-;154.9	28;34638;35633;-;81.2	0;129;1658;+;38.5		pfam	both	A	7/7	canonical	1	0	unscoreable	3	0	0														not_admitted	not_admitted	not_admitted	not_admitted	not_admitted	not_admitted	not_admitted
CP021901.1	MPF_T	IncX3	56	0	0	GA	1	19;18016;18660;-;46.4	18;17742;18032;-;73.1	17;14964;17717;-;47.0	17;14964;17717;-;145.4	17;14964;17717;-;73.3	16;14184;14954;-;60.1	14;12850;13905;-;133.2		13;11927;12655;-;119.4	12;10992;11921;-;138.8	11;9781;10995;-;128.3	9;8551;9585;-;65.7	8;6713;8548;-;495.9		pfam	pfam_only	A	7/7	canonical	1	1	unscoreable	2	0	0														not_admitted	not_admitted	not_admitted	not_admitted	not_admitted	not_admitted	not_admitted
CP022245.1	-	-	83	0	0	GA	1	73;65843;66358;-;46.5	21;18482;18811;-;65.8	20;18157;18471;-;30.4	19;15702;18116;-;51.1	19;15702;18116;-;99.0	18;14947;15705;-;34.3	15;12686;13993;-;91.1		14;11982;12656;-;147.4	13;11101;11973;-;159.1	11;9430;10686;-;190.4	5;3671;5293;-;175.5			conjscan	conjscan_only	B	6/7	canonical	1	0	unscoreable	8	0	0														not_admitted	not_admitted	not_admitted	not_admitted	not_admitted	not_admitted	not_admitted
CP022246.1	-	-	97	0	0	GA	1	18;14829;15344;-;49.4	49;38296;38496;-;34.6	48;37971;38285;-;30.4	47;35516;37930;-;51.4	47;35516;37930;-;99.1	46;34761;35519;-;35.1	43;32497;33807;-;98.1		41;31592;32266;-;147.3	40;30699;31583;-;159.1	38;29028;30284;-;191.1	33;23248;24870;-;176.6	11;7970;9931;-;40.1		conjscan	conjscan_only	A	7/7	canonical	1	0	unscoreable	28	0	0														not_admitted	not_admitted	not_admitted	not_admitted	not_admitted	not_admitted	not_admitted
CP022483.1	-	-	149	0	0	GA	1	26;36237;36902;+;48.7	27;36964;37257;+;30.9	28;37281;37640;+;38.0	29;37651;40140;+;94.9	29;37651;40140;+;49.5	31;40863;41597;+;129.6	34;42206;43120;+;143.4		36;43380;44156;+;142.2	37;44156;44959;+;160.8	39;45623;46927;+;152.8	40;46924;47970;+;89.9	42;48320;50134;+;316.8		pfam	both	A	7/7	canonical	1	0	unscoreable	6	0	0														not_admitted	not_admitted	not_admitted	not_admitted	not_admitted	not_admitted	not_admitted
CP022610.1	MPF_F	IncFIA;IncFIB(AP001918);IncFII(pCoo)	188	0	0	GA	0															not_admitted	not_admitted	not_admitted	not_admitted	not_admitted	not_admitted	not_admitted	not_admitted	not_admitted	not_admitted	1	89;66549;67541;+;372.1	100;73226;74599;+;378.0	93;70269;71012;+;235.0	84;63217;64080;+;167.9	101;74596;76332;+;390.9	77;59340;60791;+;94.6	85;64457;65542;+;64.4	75;58059;58625;+;183.8	90;67550;68188;+;68.5	91;68185;69993;+;268.3	107;79749;80891;+;268.9	82;61887;62402;+;77.7	107;79749;80891;+;71.7	A	9/9	contiguous	21690	1	1	76329..76526+;65;unnamed;0
CP022660.1	MPF_F	IncFII(Yp)	334	0	0	GA	0															not_admitted	not_admitted	not_admitted	not_admitted	not_admitted	not_admitted	not_admitted	not_admitted	not_admitted	not_admitted	1	240;201630;202622;+;365.8	250;208601;209983;+;384.5	246;206227;206976;+;233.2	237;197995;200769;+;301.1	251;209980;212832;+;370.4	231;194192;195613;+;92.8	237;197995;200769;+;101.4	229;192905;193471;+;181.8	241;202631;203260;+;69.2	243;203603;205501;+;268.7	256;214966;217125;+;384.3	234;196293;196805;+;72.5	256;214966;217125;+;71.1	A	9/9	contiguous	22061	1	1	212860..213363+;167;unnamed;0
CP022767.1	-	-	132	0	0	GA	1	44;45898;46563;-;48.7	43;45543;45836;-;30.9	42;45160;45519;-;38.0	41;42660;45149;-;95.0	41;42660;45149;-;49.5	39;41203;41937;-;129.6	36;39680;40594;-;139.5		35;38644;39420;-;140.2	34;37841;38644;-;159.5	32;35873;37177;-;152.8	31;34830;35876;-;90.0	29;32666;34480;-;316.5		pfam	both	A	7/7	canonical	1	0	unscoreable	5	0	0														not_admitted	not_admitted	not_admitted	not_admitted	not_admitted	not_admitted	not_admitted
CP023471.1	MPF_F	IncFIB(AP001918);IncFII	94	0	0	GA	0															not_admitted	not_admitted	not_admitted	not_admitted	not_admitted	not_admitted	not_admitted	not_admitted	not_admitted	not_admitted	1	23;24059;25051;-;369.3	14;17624;18997;-;381.0	19;20587;21330;-;233.3	26;26060;28687;-;308.7	13;14805;17627;-;384.9	31;30849;32276;-;94.3	26;26060;28687;-;98.5	33;32991;33557;-;184.5	22;23412;24050;-;68.6	21;21607;23415;-;268.0	10;11114;13276;-;391.5	28;29203;29718;-;77.6	10;11114;13276;-;68.6	A	9/9	contiguous	21877	1	1	14292..14783-;163;TraS;0
CP023934.1	MPF_F	IncR	100	0	0	GA	0															not_admitted	not_admitted	not_admitted	not_admitted	not_admitted	not_admitted	not_admitted	not_admitted	not_admitted	not_admitted	1				25;17764;20028;+;302.3		20;14282;15709;+;94.1	25;17764;20028;+;96.1	18;13001;13567;+;183.8				24;16733;17248;+;77.6		D	3/9	contiguous	4763	0	0	
CP023937.1	MPF_F	Col(pHAD28);IncFIB(K);IncFII(K);IncFII(pAR0022)	313	0	0	GA	0															not_admitted	not_admitted	not_admitted	not_admitted	not_admitted	not_admitted	not_admitted	not_admitted	not_admitted	not_admitted	1	312;278729;279103;-;140.7	302;271815;273182;-;384.1	306;274440;275192;-;233.7	3;2071;4710;-;258.5	301;268993;271815;-;346.4	13;8614;10038;-;89.5	3;2071;4710;-;88.7	15;10765;11331;-;167.0	311;278078;278716;-;66.9	310;276064;278019;-;259.4	297;264068;266377;-;393.1	11;7418;8002;-;53.8	297;264068;266377;-;66.6	A	9/9	split_2	276658	1	1	268368..268970-;200;TraS;0
CP024249.1	MPF_F	IncFIB(AP001918);IncFII(29)	200	0	0	GA	0															not_admitted	not_admitted	not_admitted	not_admitted	not_admitted	not_admitted	not_admitted	not_admitted	not_admitted	not_admitted	1	19;18517;19509;+;370.8	34;28037;28909;+;283.2	30;26067;26810;+;236.1	16;14878;17508;+;302.4	36;29409;32231;+;373.8	62;52537;53988;-;92.5	16;14878;17508;+;97.9	64;54703;55269;-;175.1	27;23344;23982;+;68.9	28;23979;25787;+;268.0	40;34503;35930;+;231.4	58;50918;51433;-;78.8		A	9/9	contiguous	39825	1	1	32252..32749+;165;TraS;0
CP024250.1	MPF_F	IncFII(pCoo)	128	0	0	GA	0															not_admitted	not_admitted	not_admitted	not_admitted	not_admitted	not_admitted	not_admitted	not_admitted	not_admitted	not_admitted	1	71;59990;60532;-;219.1	65;54398;55759;-;342.6	67;56391;57170;-;194.4	76;63302;64657;-;217.7	64;53677;54396;-;169.8	82;66190;67608;-;82.4	75;62068;63189;-;71.0	84;68325;68600;-;66.0	69;59069;59614;-;80.4	68;57167;59005;-;259.4	59;47807;49402;-;373.2	77;64668;65267;-;46.6	59;47807;49402;-;69.5	A	9/9	contiguous	20518	1	1	51507..53531-;674;unnamed;0
CP024483.1	MPF_F	IncFIB(K);IncFII(K)	246	0	0	GA	0															not_admitted	not_admitted	not_admitted	not_admitted	not_admitted	not_admitted	not_admitted	not_admitted	not_admitted	not_admitted	1	200;205958;206947;-;363.3	189;198772;200139;-;382.2	193;201397;202149;-;236.4	204;208404;211043;-;259.0	188;195929;198772;-;342.9	215;215010;216434;-;88.8	204;208404;211043;-;87.6	217;217161;217727;-;167.9	198;205035;205682;-;65.9	197;203021;204976;-;259.5	184;191032;193344;-;392.8	212;213814;214398;-;53.8	184;191032;193344;-;65.9	A	9/9	contiguous	26129	1	1	195394..195918-;174;unnamed;0
CP024500.1	MPF_F	IncFIB(K);IncFII(K)	246	0	0	GA	0															not_admitted	not_admitted	not_admitted	not_admitted	not_admitted	not_admitted	not_admitted	not_admitted	not_admitted	not_admitted	1	200;205955;206944;-;363.3	189;198769;200136;-;382.2	193;201394;202146;-;236.4	204;208401;211040;-;259.0	188;195926;198769;-;342.9	215;215007;216431;-;88.8	204;208401;211040;-;87.6	217;217158;217724;-;167.9	198;205032;205679;-;65.9	197;203018;204973;-;259.5	184;191029;193341;-;392.8	212;213811;214395;-;53.8	184;191029;193341;-;65.9	A	9/9	contiguous	26129	1	1	195391..195915-;174;unnamed;0
CP024501.1	MPF_F	IncFIB(pNDM-Mar);RepB	242	0	0	GA	0															not_admitted	not_admitted	not_admitted	not_admitted	not_admitted	not_admitted	not_admitted	not_admitted	not_admitted	not_admitted	1	170;141421;142458;-;283.1	80;52609;53964;+;188.4	79;51525;52562;+;173.2	181;153292;156009;-;151.5	81;53939;57910;+;121.3	185;158122;159495;-;63.3	181;153292;156009;-;84.3	188;161141;162001;-;79.1	171;142455;143816;-;70.4	169;138229;141411;-;59.2	71;42214;44340;-;57.2	182;156054;156791;-;59.2	71;42214;44340;-;41.1	A	9/9	split_2	118927	0	1	
CP024507.1	MPF_F	IncFIB(pNDM-Mar);RepB	318	0	0	GA	0															not_admitted	not_admitted	not_admitted	not_admitted	not_admitted	not_admitted	not_admitted	not_admitted	not_admitted	not_admitted	1	247;242756;243793;-;282.3	77;72136;73545;+;190.4	76;71109;72146;+;175.6	259;254625;257342;-;149.6	78;73547;77515;+;121.3	263;259455;260825;-;65.6	259;254625;257342;-;84.2	266;262471;263331;-;79.0	248;243790;245151;-;69.9	246;239564;242746;-;60.1	69;61784;63910;-;58.0	260;257387;258124;-;56.9	69;61784;63910;-;40.6	A	9/9	split_2	200687	0	1	
CP024508.1	MPF_F	IncFIB(K);IncFII(K)	231	0	0	GA	0															not_admitted	not_admitted	not_admitted	not_admitted	not_admitted	not_admitted	not_admitted	not_admitted	not_admitted	not_admitted	1	185;190688;191677;-;363.3	174;183502;184869;-;382.2	178;186127;186879;-;236.4	189;193134;195773;-;259.0	173;180659;183502;-;342.9	200;199740;201164;-;88.8	189;193134;195773;-;87.6	202;201891;202457;-;167.9	183;189765;190412;-;65.9	182;187751;189706;-;259.5	169;175762;178074;-;392.8	197;198544;199128;-;53.8	169;175762;178074;-;65.9	A	9/9	contiguous	26129	1	1	180124..180648-;174;unnamed;0
CP024509.1	MPF_F	IncFII(p14)	158	0	0	GA	0															not_admitted	not_admitted	not_admitted	not_admitted	not_admitted	not_admitted	not_admitted	not_admitted	not_admitted	not_admitted	1	132;113974;114966;+;372.3	143;121000;122370;+;380.3	140;119479;120231;+;222.2	129;110309;112948;+;254.8	144;122370;125213;+;348.4	121;105697;107118;+;86.6	129;110309;112948;+;88.2	119;104410;104976;+;159.4	133;114979;115626;+;68.8	135;116003;117958;+;253.1	147;126783;129077;+;391.5	123;107579;108163;+;55.9	147;126783;129077;+;66.6	A	9/9	contiguous	22373	1	1	125219..125734+;171;unnamed;0
CP024510.1	MPF_F	IncFII(K);repB(R1701)	106	0	0	GA	0															not_admitted	not_admitted	not_admitted	not_admitted	not_admitted	not_admitted	not_admitted	not_admitted	not_admitted	not_admitted	1	81;71736;72728;+;363.2	91;78275;79642;+;382.2	87;76265;77017;+;236.4	78;68071;70710;+;259.0	92;79642;82491;+;342.9	72;63567;64991;+;89.2	78;68071;70710;+;88.7	70;62274;62840;+;169.3	82;72741;73379;+;66.0	83;73438;75393;+;259.5	96;84953;87262;+;392.7	73;65105;65674;+;52.3	96;84953;87262;+;66.6	A	9/9	contiguous	22679	1	1	82494..83027+;177;unnamed;0
CP024516.1	MPF_F	IncFIB(K);IncFII(K)	232	0	0	GA	0															not_admitted	not_admitted	not_admitted	not_admitted	not_admitted	not_admitted	not_admitted	not_admitted	not_admitted	not_admitted	1	186;190142;191131;-;363.3	175;182956;184323;-;382.2	179;185581;186333;-;236.4	190;192588;195227;-;259.0	174;180113;182956;-;342.9	201;199194;200618;-;88.8	190;192588;195227;-;87.6	203;201345;201911;-;167.9	184;189219;189866;-;65.9	183;187205;189160;-;259.5	170;175216;177528;-;392.8	198;197998;198582;-;53.8	170;175216;177528;-;65.9	A	9/9	contiguous	26129	1	1	179578..180102-;174;unnamed;0
CP024517.1	MPF_F	IncFIB(pNDM-Mar);RepB	242	0	0	GA	0															not_admitted	not_admitted	not_admitted	not_admitted	not_admitted	not_admitted	not_admitted	not_admitted	not_admitted	not_admitted	1	170;141421;142458;-;283.1	80;52609;53964;+;188.4	79;51525;52562;+;173.2	181;153292;156009;-;151.5	81;53939;57910;+;121.3	185;158122;159495;-;63.3	181;153292;156009;-;84.3	188;161141;162001;-;79.1	171;142455;143816;-;70.4	169;138229;141411;-;59.2	71;42214;44340;-;57.2	182;156054;156791;-;59.2	71;42214;44340;-;41.1	A	9/9	split_2	118927	0	1	
CP024820.1	MPF_T	IncX3	58	0	0	GA	1	25;16159;16803;+;46.4	26;16787;17077;+;73.1	27;17102;19855;+;47.0	27;17102;19855;+;142.4	27;17102;19855;+;73.3	28;19865;20635;+;60.1	30;20914;21969;+;133.2		31;22164;22892;+;119.4	32;22898;23827;+;138.8	33;23824;25038;+;128.3	35;25234;26268;+;65.7	36;26271;28106;+;495.9		pfam	pfam_only	A	7/7	canonical	1	1	unscoreable	2	0	0														not_admitted	not_admitted	not_admitted	not_admitted	not_admitted	not_admitted	not_admitted
CP024975.1	MPF_F	IncFII(29)	104	0	0	GA	0															not_admitted	not_admitted	not_admitted	not_admitted	not_admitted	not_admitted	not_admitted	not_admitted	not_admitted	not_admitted	1	52;38198;39190;+;369.3	64;45588;46961;+;376.8	58;42910;43653;+;233.3	49;34562;37189;+;306.8	65;46958;49780;+;389.2	43;30983;32410;+;94.3	49;34562;37189;+;98.5	41;29702;30268;+;183.8	55;40187;40825;+;68.6	56;40822;42630;+;268.3	69;52052;54403;+;391.5	47;33531;34046;+;78.4	69;52052;54403;+;70.2	A	9/9	contiguous	22350	1	1	49801..50298+;165;TraS;0
CP024977.1	MPF_F	IncFII(Yp)	71	0	0	GA	0															not_admitted	not_admitted	not_admitted	not_admitted	not_admitted	not_admitted	not_admitted	not_admitted	not_admitted	not_admitted	1	58;43752;44738;+;355.5	64;48842;50203;+;342.1	62;47431;48210;+;195.3	55;40068;42659;+;215.3	65;50205;53096;+;287.6	50;37115;38479;+;83.1	55;40068;42659;+;88.2	48;35835;36398;+;136.5	60;44985;45599;+;81.4	61;45596;47434;+;260.9	68;54719;56968;+;368.2	54;39458;40057;+;46.6	68;54719;56968;+;66.8	A	9/9	contiguous	18884	1	1	53106..53663+;185;unnamed;0
CP025215.1	MPF_T	IncX3	86	0	0	GA	1	14;11419;12063;+;46.4	15;12047;12337;+;73.1	16;12362;13921;+;47.9	16;12362;13921;+;143.8	16;12362;13921;+;74.4	18;15126;15896;+;60.1	19;16174;17229;+;133.2		20;17424;18152;+;119.4	21;18158;19087;+;138.8	22;19084;20298;+;128.3	25;20930;21526;+;67.1	26;21529;23364;+;495.9		pfam	pfam_only	A	7/7	canonical	1	1	unscoreable	7	0	0														not_admitted	not_admitted	not_admitted	not_admitted	not_admitted	not_admitted	not_admitted
CP025516.1	MPF_F	IncFIB(K)	176	0	0	GA	0															not_admitted	not_admitted	not_admitted	not_admitted	not_admitted	not_admitted	not_admitted	not_admitted	not_admitted	not_admitted	1	118;120485;121477;-;366.6	108;113601;114968;-;381.2	112;116225;116977;-;232.2	121;122503;125142;-;259.3	107;110779;113601;-;346.6	131;128962;130113;-;89.6	121;122503;125142;-;88.8	134;131112;131678;-;167.0	117;119834;120472;-;67.0	116;117820;119775;-;258.5	104;106479;108812;-;393.0	129;127775;128332;-;52.7	104;106479;108812;-;66.6	A	9/9	contiguous	24633	1	1	110154..110756-;200;TraS;0
CP025875.1	MPF_T	IncX4	52	0	0	GA	1	38;29171;29791;-;41.6	37;28831;29157;-;61.9	36;26065;28812;-;62.7	36;26065;28812;-;153.2	36;26065;28812;-;45.6	35;25337;26053;-;93.5	34;24231;25325;-;150.1		32;23030;23716;-;169.0	31;22125;23033;-;143.2	30;21023;22132;-;164.9	29;19993;21021;-;85.1	28;18144;19961;-;313.0		pfam	pfam_only	A	7/7	canonical	1	1	unscoreable	1	0	0														not_admitted	not_admitted	not_admitted	not_admitted	not_admitted	not_admitted	not_admitted
CP025879.1	MPF_T	IncX1;IncX3	49	0	0	GA	1	31;20967;21614;+;45.2	32;21592;21888;+;77.5	33;21907;24660;+;46.6	33;21907;24660;+;148.0	33;21907;24660;+;72.9	34;24671;25429;+;67.3	36;25726;26856;+;103.0		37;27101;27814;+;120.0	38;27819;28748;+;136.3	39;28745;29950;+;132.5	40;29952;30983;+;76.5	41;30986;32821;+;489.3		pfam	pfam_only	A	7/7	canonical	1	1	unscoreable	1	0	0														not_admitted	not_admitted	not_admitted	not_admitted	not_admitted	not_admitted	not_admitted
CP025898.1	MPF_F	IncFII(pCoo)	88	0	0	GA	0															not_admitted	not_admitted	not_admitted	not_admitted	not_admitted	not_admitted	not_admitted	not_admitted	not_admitted	not_admitted	1	73;59036;60022;+;355.4	79;64255;65616;+;342.6	77;62844;63623;+;195.3	70;55352;57943;+;215.3	80;65618;68509;+;287.8	65;52399;53763;+;83.1	70;55352;57943;+;88.2	63;51119;51682;+;136.5	75;60398;61012;+;82.6	76;61009;62847;+;259.4	83;70132;72363;+;371.9	69;54742;55341;+;46.6	83;70132;72363;+;68.9	A	9/9	contiguous	19013	1	1	68519..69076+;185;unnamed;0
CP025909.1	MPF_F	IncFII(pCoo)	94	0	0	GA	0															not_admitted	not_admitted	not_admitted	not_admitted	not_admitted	not_admitted	not_admitted	not_admitted	not_admitted	not_admitted	1	5;5107;6093;-;355.4	93;82530;82976;-;41.3	1;1506;2285;-;193.9	8;7186;9777;-;215.2	92;81020;82528;-;292.1	13;11366;12730;-;82.6	8;7186;9777;-;88.2	15;13447;14010;-;136.5	3;4117;4731;-;82.6	2;2282;4120;-;259.4	88;75781;78012;-;371.9	9;9788;10387;-;46.6	88;75781;78012;-;68.9	A	9/9	split_2	81024	1	1	79646..81004-;452;unnamed;0
CP025925.1	MPF_T	IncX4	51	0	0	GA	1	43;31974;32594;-;41.6	42;31634;31960;-;61.9	41;28868;31615;-;62.7	41;28868;31615;-;153.2	41;28868;31615;-;45.6	40;28140;28856;-;93.5	39;27034;28128;-;150.1		37;25833;26519;-;169.0	36;24928;25836;-;143.2	35;23826;24935;-;164.9	34;22796;23824;-;85.1	33;20947;22764;-;313.0		pfam	pfam_only	A	7/7	canonical	1	1	unscoreable	1	0	0														not_admitted	not_admitted	not_admitted	not_admitted	not_admitted	not_admitted	not_admitted
CP026148.1	MPF_F	IncFIB(K);IncFII(K)	90	0	0	GA	0															not_admitted	not_admitted	not_admitted	not_admitted	not_admitted	not_admitted	not_admitted	not_admitted	not_admitted	not_admitted	1	49;40967;41959;+;366.6	59;47410;48780;+;381.2	55;45456;46208;+;232.4	46;37302;39941;+;258.7	60;48780;51629;+;344.2	37;32777;33487;+;75.5	46;37302;39941;+;88.8	34;30771;31337;+;167.0	50;41972;42610;+;67.0	51;42607;44613;+;259.0	64;53443;55752;+;393.2	39;34099;34668;+;49.7	64;53443;55752;+;65.8	A	9/9	contiguous	22672	1	1	51632..52162+;176;unnamed;0
CP026189.1	MPF_F	IncFII(pSFO)	185	0	0	GA	0															not_admitted	not_admitted	not_admitted	not_admitted	not_admitted	not_admitted	not_admitted	not_admitted	not_admitted	not_admitted	1	69;52532;53524;+;352.8	81;60168;61535;+;346.3	72;55956;56759;+;221.5	63;47454;50099;+;239.7	82;61528;64662;+;299.9	58;44077;45480;+;103.3	63;47454;50099;+;89.7	56;42743;43342;+;77.7	70;53534;54154;+;56.5	71;54151;55959;+;218.6	86;67397;70009;+;368.6	61;46626;47180;+;41.5	86;67397;70009;+;69.6	A	9/9	contiguous	24654	1	1	64685..65254+;189;unnamed;0
CP026196.1	MPF_F	IncHI1A(NDM-CIT);IncHI1B(pNDM-CIT)	327	1	0	GA	1		158;142915;143298;-;86.7	157;142646;142918;-;32.1	156;140184;142634;-;42.3	156;140184;142634;-;138.4	155;139450;140187;-;223.0	153;137750;139114;-;179.3		152;137016;137720;-;232.3	151;136027;137019;-;224.4	150;134744;136024;-;204.5	159;143295;144362;-;117.4	161;144820;146835;-;346.4	236;227233;230409;+;57.9	conjscan	conjscan_only	A	7/7	canonical	1	0	unscoreable	3	0	1	235;226159;227214;+;278.1	326;299107;300522;+;200.0	325;298071;299117;+;166.2	218;205025;207706;+;156.8		150;134744;136024;-;204.5	218;205025;207706;+;70.8	211;198867;199652;+;69.5	233;224506;226014;+;62.3	236;227233;230409;+;57.9	161;144820;146835;-;105.6	217;204066;205016;+;45.4	161;144820;146835;-;99.4	B	8/9	split_3	164363	0	1	
CP026272.1	MPF_F	IncFII(p14);repB(R1701)	143	0	0	GA	0															not_admitted	not_admitted	not_admitted	not_admitted	not_admitted	not_admitted	not_admitted	not_admitted	not_admitted	not_admitted	1	70;72249;73241;-;372.3	60;65237;66607;-;380.8	63;67391;68143;-;230.8	73;74264;76456;-;181.2	59;62394;65237;-;346.5	84;83195;84616;-;86.2	73;74264;76456;-;88.0	86;85337;85903;-;163.8	69;71610;72236;-;67.7	68;69670;71613;-;255.0	57;59355;61649;-;391.8	82;82452;83006;-;57.5	57;59355;61649;-;66.4	A	9/9	contiguous	25982	1	1	61856..62383-;175;unnamed;0
CP026273.1	MPF_F	repA(pKOX)	248	0	0	GA	0															not_admitted	not_admitted	not_admitted	not_admitted	not_admitted	not_admitted	not_admitted	not_admitted	not_admitted	not_admitted	1	211;145936;147009;-;276.5	189;127236;128687;-;241.5	190;128703;129773;-;187.0	215;149074;151557;-;234.6	188;124014;127226;-;256.9	218;153248;154579;-;107.7	215;149074;151557;-;119.1	220;155745;156362;-;77.9	212;147009;148262;-;57.1	186;120777;123509;-;123.5	226;158971;160932;-;23.7	217;152628;153248;-;74.7	226;158971;160932;-;32.4	A	9/9	contiguous	38194	0	1	
CP026274.1	MPF_T	IncFIA(HI1);IncN;IncN3	276	0	0	GA	1	131;103267;103809;-;72.8	193;164152;164448;-;36.0	192;163795;164112;-;71.9	191;162298;163794;-;119.2	252;215871;218471;-;76.4	251;215140;215853;-;105.5	249;213849;214889;-;142.4	183;155176;155307;-;40.1	182;154470;155165;-;132.6	247;212037;212921;-;159.7	177;148770;149903;-;166.3	176;147718;148719;-;90.0	170;140498;142030;+;48.1		pfam	both	A	7/7	rearranged	1	0	ga	17	0	0														not_admitted	not_admitted	not_admitted	not_admitted	not_admitted	not_admitted	not_admitted
CP026276.1	MPF_F	IncFIA(HI1);IncFIB(K);IncFII(K);IncFII(pAR0022);IncFII(pKP91)	311	0	0	GA	0															not_admitted	not_admitted	not_admitted	not_admitted	not_admitted	not_admitted	not_admitted	not_admitted	not_admitted	not_admitted	1	1;705;1703;-;370.2	127;119031;120401;-;377.3	131;121597;122349;-;232.9	140;128161;130800;-;254.8	126;116182;119031;-;342.9	7;6322;7653;-;85.3	4;2741;5362;-;92.2	153;136734;137300;-;149.8	136;125501;126130;-;67.3	135;123546;125501;-;256.2	123;112183;114513;-;390.6	148;133343;133912;-;55.2	304;272381;274513;-;67.6	A	9/9	split_3	271676	1	1	115623..116168-;181;unnamed;0
CP026277.1	MPF_T	IncN	70	0	0	GA	1	63;50773;51225;-;23.4		60;49813;50130;-;63.3	59;47213;49813;-;113.8	59;47213;49813;-;76.4	58;46482;47195;-;105.5	56;45191;46231;-;142.4		55;44274;44972;-;131.9	54;43379;44263;-;159.7	53;42219;43379;-;156.3	52;41182;42177;-;81.2	41;27249;28778;+;38.5		pfam	both	A	7/7	canonical	1	0	unscoreable	3	0	0														not_admitted	not_admitted	not_admitted	not_admitted	not_admitted	not_admitted	not_admitted
CP026279.1	MPF_T	IncN3	77	0	0	GA	1	20;18336;19118;-;33.0	18;17793;18089;-;36.0	17;17436;17753;-;71.9	16;14862;17435;-;117.9	16;14862;17435;-;74.2	15;14145;14846;-;99.8	13;12839;13876;-;122.7	12;12631;12762;-;40.1	11;11925;12620;-;132.6	10;11027;11914;-;151.1	9;9894;11027;-;166.3	8;8842;9843;-;90.0	2;1622;3154;+;48.1		pfam	both	A	7/7	canonical	1	0	ga	7	0	0														not_admitted	not_admitted	not_admitted	not_admitted	not_admitted	not_admitted	not_admitted
CP026280.1	MPF_F	IncFII(K);repB(R1701)	170	0	0	GA	0															not_admitted	not_admitted	not_admitted	not_admitted	not_admitted	not_admitted	not_admitted	not_admitted	not_admitted	not_admitted	1	100;75666;76658;+;362.9	113;84175;85545;+;383.8	109;82221;82973;+;233.2	97;72001;74640;+;259.1	114;85545;88418;+;347.6	167;149102;150352;-;147.2	97;72001;74640;+;83.9	85;65482;66048;+;168.4	104;78688;79335;+;65.7	105;79394;81349;+;259.7	117;89971;92280;+;393.1	89;68811;69380;+;55.3	117;89971;92280;+;66.6	A	9/9	split_2	83620	1	1	88429..88962+;177;unnamed;0
CP026281.1	MPF_F	IncC	244	0	0	GA	0															not_admitted	not_admitted	not_admitted	not_admitted	not_admitted	not_admitted	not_admitted	not_admitted	not_admitted	not_admitted	1	120;86011;87018;+;332.9	234;188875;190308;+;339.2	233;187833;188873;+;221.6	115;80812;83259;+;354.5	235;190321;193935;+;373.6	110;71940;73256;+;135.0	115;80812;83259;+;128.3	108;70416;71042;+;92.7	118;84081;85346;+;67.9	121;87134;89932;+;145.3	99;64741;66606;+;47.3	111;73253;73831;+;100.2	99;64741;66606;+;52.0	A	9/9	split_2	125580	0	1	
CP027377.1	MPF_F	IncFII(pCoo)	93	0	0	GA	0															not_admitted	not_admitted	not_admitted	not_admitted	not_admitted	not_admitted	not_admitted	not_admitted	not_admitted	not_admitted	1	17;10185;11177;+;369.5	30;18986;20359;+;378.6	22;14292;15035;+;234.4	13;6547;7902;+;307.6	31;20356;22092;+;375.4	3;1454;2881;+;94.0	14;7971;9176;+;97.1	0;174;740;+;174.9	19;11521;12159;+;70.7	20;12156;14006;+;264.1	36;25471;27738;+;391.4	8;4115;4522;+;61.5	36;25471;27738;+;70.4	A	9/9	contiguous	25297	1	1	22110..23171+;353;unnamed;0
CP027480.1	MPF_F	-	355	0	0	GA	0															not_admitted	not_admitted	not_admitted	not_admitted	not_admitted	not_admitted	not_admitted	not_admitted	not_admitted	not_admitted	1	1;684;1712;+;307.6	26;22941;24398;+;272.0	25;21995;22951;+;233.7	22;18315;20747;+;161.3	27;24414;28016;+;217.9	19;16212;17111;+;122.4	22;18315;20747;+;112.8	15;12999;13631;+;102.0	2;1660;2394;+;101.3	37;35607;37274;+;236.7	11;9086;10852;-;25.9	20;17108;17731;+;79.2	11;9086;10852;-;27.5	A	9/9	contiguous	34923	0	1	
CP027485.1	MPF_F	IncFIB(AP001918);IncFII;IncQ1	164	0	0	GA	0															not_admitted	not_admitted	not_admitted	not_admitted	not_admitted	not_admitted	not_admitted	not_admitted	not_admitted	not_admitted	1	49;35371;36363;+;369.3	58;41425;42798;+;381.0	53;39092;39835;+;231.6	45;31736;32899;+;242.4	59;42795;45620;+;386.0	39;28253;29680;+;94.3	46;32881;34362;+;99.9	37;26972;27538;+;183.3	50;36372;37010;+;68.7	51;37007;38815;+;267.9	62;47124;49073;+;392.2	43;30704;31102;+;24.0	62;47124;49073;+;70.6	A	9/9	contiguous	20152	1	1	45617..46126+;169;unnamed;0
CP027603.1	MPF_F	IncFIB(K)(pCAV1099-114);RepB;repFIB;repHI5B	474	0	0	GA	0															not_admitted	not_admitted	not_admitted	not_admitted	not_admitted	not_admitted	not_admitted	not_admitted	not_admitted	not_admitted	1	65;58075;59112;-;282.2	156;144183;145592;+;188.7	155;143156;144193;+;172.0	77;71047;73764;-;143.5	157;145594;149538;+;119.0	81;75887;77254;-;63.7	77;71047;73764;-;80.6	84;78909;79769;-;73.9	66;59109;60470;-;71.7	64;54884;58060;-;58.7	149;133790;135916;-;62.0	78;73813;74550;-;56.3	149;133790;135916;-;39.7	A	9/9	split_2	90710	0	1	
CP027613.1	MPF_F	IncFIB(K);IncFII(K)	227	0	0	GA	0															not_admitted	not_admitted	not_admitted	not_admitted	not_admitted	not_admitted	not_admitted	not_admitted	not_admitted	not_admitted	1	154;127125;128117;-;366.6	144;120241;121608;-;381.2	148;122865;123617;-;232.2	157;129143;131782;-;259.4	143;117392;120241;-;346.5	165;135368;136792;-;89.3	157;129143;131782;-;88.7	167;137519;138085;-;167.0	153;126474;127112;-;67.0	152;124460;126415;-;259.2	139;113267;115576;-;392.7	163;134181;134738;-;52.5	139;113267;115576;-;66.6	A	9/9	contiguous	24252	1	1	116859..117389-;176;unnamed;0
CP027614.1	MPF_F	IncFII(pBK30683)	123	0	0	GA	0															not_admitted	not_admitted	not_admitted	not_admitted	not_admitted	not_admitted	not_admitted	not_admitted	not_admitted	not_admitted	1	63;46100;47089;+;366.6	73;52636;54003;+;380.5	69;50626;51378;+;233.7	59;42018;44657;+;258.5	74;54003;56825;+;346.6	95;78285;79505;+;216.3	59;42018;44657;+;87.8	50;36221;36787;+;169.3	64;47102;47740;+;67.0	65;47799;49754;+;259.7	78;58875;61184;+;392.7	53;39052;39621;+;52.3	78;58875;61184;+;66.6	A	9/9	contiguous	42064	1	1	56848..57450+;200;TraS;0
CP027616.1	MPF_F	IncFIA(pBK30683);IncFII(pBK30683)	145	0	0	GA	0															not_admitted	not_admitted	not_admitted	not_admitted	not_admitted	not_admitted	not_admitted	not_admitted	not_admitted	not_admitted	1	11;10094;11083;-;363.3	1;3180;4547;-;382.6	5;5805;6557;-;233.7	15;12540;15179;-;258.5	0;331;3180;-;345.6	23;18436;19860;-;89.2	15;12540;15179;-;87.7		10;9443;10081;-;66.0	9;7429;9384;-;259.7	142;125518;127830;-;392.7	22;17738;18322;-;55.4	142;125518;127830;-;66.5	B	8/9	split_2	125187	0	1	
CP027617.1	MPF_T	IncN3	68	0	0	GA	1	4;1694;2476;+;33.0	6;2723;3019;+;36.0	7;3059;3376;+;71.9	8;3377;5950;+;117.9	8;3377;5950;+;74.2	9;5966;6667;+;99.8	11;6936;7973;+;122.7		12;8191;8886;+;132.6	13;8897;9784;+;151.1	14;9784;10917;+;166.3	15;10968;11969;+;90.0	21;17657;19189;-;48.1		pfam	both	A	7/7	canonical	1	0	unscoreable	7	0	0														not_admitted	not_admitted	not_admitted	not_admitted	not_admitted	not_admitted	not_admitted
CP027674.1	MPF_F	ColRNAI;IncFIB(AP001918);IncFII;IncFII(pCoo)	157	0	0	GA	0															not_admitted	not_admitted	not_admitted	not_admitted	not_admitted	not_admitted	not_admitted	not_admitted	not_admitted	not_admitted	1	96;84146;85138;+;368.5	112;92836;94041;+;370.5	105;90095;90400;+;109.2	93;80828;83137;+;228.3	114;94207;96627;+;377.4	83;75996;77450;+;93.1	93;80828;83137;+;98.7	81;74715;75281;+;180.0	99;86091;86729;+;71.0	102;87542;89392;+;262.7	124;102433;104355;+;384.2	86;78208;78723;+;80.5	124;102433;104355;+;69.7	A	9/9	contiguous	27718	1	1	96584..97030+;148;unnamed;0
CP027695.1	MPF_F	IncC	215	0	0	GA	0															not_admitted	not_admitted	not_admitted	not_admitted	not_admitted	not_admitted	not_admitted	not_admitted	not_admitted	not_admitted	1	173;145408;146415;+;332.9	30;30886;32319;+;339.2	29;29856;30884;+;221.7	168;140209;142656;+;354.5	31;32332;35946;+;375.3	88;69426;70526;+;127.7	168;140209;142656;+;128.3	159;129819;130445;+;92.7	171;143478;144743;+;67.9	174;146866;149328;+;145.9	150;124146;126011;+;47.3	164;132733;133230;+;99.5	150;124146;126011;+;52.0	A	9/9	split_3	117010	0	1	
CP027696.1	MPF_F	IncFIB(K);IncFII(K)	238	0	0	GA	0															not_admitted	not_admitted	not_admitted	not_admitted	not_admitted	not_admitted	not_admitted	not_admitted	not_admitted	not_admitted	1	186;149428;150417;+;366.0	196;155938;157329;+;381.2	192;153954;154706;+;233.7	182;145347;147986;+;258.5	197;157329;160178;+;345.6	173;140670;142094;+;88.8	182;145347;147986;+;88.7	171;139377;139943;+;169.3	187;150430;151068;+;66.9	188;151127;153082;+;259.7	201;162663;164330;+;326.9	174;142208;142792;+;55.4	201;162663;164330;+;43.4	A	9/9	contiguous	23286	1	1	160191..160739+;182;unnamed;0
CP027700.1	MPF_T	IncU;IncX3	67	0	0	GA	1	49;31749;32291;+;47.2	50;32376;32666;+;74.0	51;32691;34259;+;47.2	51;32691;34259;+;149.1	51;32691;34259;+;77.0	53;35454;36224;+;60.8	55;36503;37558;+;134.9		56;37753;38481;+;118.1	57;38487;39416;+;139.9	58;39413;40615;+;128.4	59;40627;41658;+;65.4	61;41848;43683;+;495.5		pfam	pfam_only	A	7/7	canonical	1	1	unscoreable	3	0	0														not_admitted	not_admitted	not_admitted	not_admitted	not_admitted	not_admitted	not_admitted
CP027765.1	MPF_F	IncFII(pSE11)	84	0	0	GA	0															not_admitted	not_admitted	not_admitted	not_admitted	not_admitted	not_admitted	not_admitted	not_admitted	not_admitted	not_admitted	1	51;44142;45134;-;364.3	38;36351;37724;-;383.0	46;40375;40893;-;121.4	55;47090;48772;-;299.4	37;33763;36354;-;373.3	64;52417;53025;-;73.4	54;46143;47090;-;52.1	67;54561;55127;-;183.4	49;43017;43655;-;69.8	48;41170;43020;-;264.7	32;29016;31268;-;386.2	60;50780;51295;-;79.5	32;29016;31268;-;68.5	A	9/9	contiguous	25545	1	1	33509..33745-;78;unnamed;0
CP028181.1	MPF_F	IncFIB(K);IncFII(K)	232	0	0	GA	0															not_admitted	not_admitted	not_admitted	not_admitted	not_admitted	not_admitted	not_admitted	not_admitted	not_admitted	not_admitted	1	129;135415;136407;-;366.6	119;128594;129964;-;381.2	123;131166;131918;-;232.4	132;137432;140071;-;258.7	118;125745;128594;-;345.6	141;143886;145310;-;89.2	132;137432;140071;-;88.8	143;146037;146627;-;164.5	128;134764;135402;-;67.0	127;132761;134767;-;259.0	114;120947;123259;-;392.7	139;142705;143274;-;49.7	114;120947;123259;-;66.5	A	9/9	contiguous	25090	1	1	125184..125732-;182;unnamed;0
CP028182.1	MPF_T	IncX3	56	0	0	GA	1	47;34598;35242;+;46.4	48;35226;35516;+;73.1	49;35541;38294;+;47.0	49;35541;38294;+;145.4	49;35541;38294;+;73.3	50;38304;39074;+;60.1	52;39353;40408;+;133.2		53;40603;41331;+;119.4	54;41337;42266;+;138.8		1;293;1327;+;65.7	2;1330;3165;+;495.9		pfam	pfam_only	B	6/7	canonical	1	1	unscoreable	1	0	0														not_admitted	not_admitted	not_admitted	not_admitted	not_admitted	not_admitted	not_admitted
CP028227.1	MPF_T	-	65	0	0	GA	1				25;21529;23544;-;22.9									19;15978;17507;-;465.2		none	none	D	2/7	uncallable	0	0	unscoreable	5	0	0														not_admitted	not_admitted	not_admitted	not_admitted	not_admitted	not_admitted	not_admitted
CP028419.1	MPF_F	IncC	203	0	0	GA	0															not_admitted	not_admitted	not_admitted	not_admitted	not_admitted	not_admitted	not_admitted	not_admitted	not_admitted	not_admitted	1	22;17916;18923;-;332.9	131;102669;104102;-;339.2	132;104104;105132;-;221.7	27;21675;24122;-;354.2	130;99855;102656;-;376.1	37;36115;37431;-;135.0	27;21675;24122;-;128.6	39;38329;38955;-;92.1	24;19588;20853;-;67.6	21;15005;17800;-;145.3	48;42764;44629;-;47.4	36;35540;36118;-;100.2	48;42764;44629;-;52.0	A	9/9	split_2	89099	1	1	99043..99834-;263;unnamed;0
CP028705.1	MPF_T	IncX3	58	0	0	GA	1	28;26185;26829;-;46.4	27;25911;26201;-;73.1	26;23133;25886;-;47.0	26;23133;25886;-;142.4	26;23133;25886;-;73.3	25;22353;23123;-;60.1	23;21019;22074;-;133.2		22;20096;20824;-;119.4	21;19161;20090;-;138.8	20;17950;19164;-;128.3	18;16720;17754;-;65.7	17;14882;16717;-;495.9		pfam	pfam_only	A	7/7	canonical	1	1	unscoreable	2	0	0														not_admitted	not_admitted	not_admitted	not_admitted	not_admitted	not_admitted	not_admitted
CP028952.1	MPF_F	IncFIB(K)(pCAV1099-114);RepB;repFIB;repHI5B	469	0	0	GA	0															not_admitted	not_admitted	not_admitted	not_admitted	not_admitted	not_admitted	not_admitted	not_admitted	not_admitted	not_admitted	1	467;448457;449494;+;282.2	376;361977;363386;-;188.7	377;363376;364413;-;172.0	455;433805;436522;+;143.5	375;358031;361975;-;119.0	451;430315;431682;+;63.7	455;433805;436522;+;80.6	448;427800;428660;+;73.9	466;447099;448460;+;71.7	0;46;1263;+;25.9	383;371653;373779;+;62.0	454;433019;433756;+;56.3	383;371653;373779;+;39.7	A	9/9	split_3	448411	0	1	
CP029717.1	MPF_F	IncHI2;IncHI2A	346	0	0	GA	0															not_admitted	not_admitted	not_admitted	not_admitted	not_admitted	not_admitted	not_admitted	not_admitted	not_admitted	not_admitted	1	139;124053;125111;+;276.9	328;297119;298111;-;157.4	329;298101;299147;-;173.7	121;100733;103414;+;168.0	287;261527;265477;+;101.6	117;97048;98403;+;80.7	121;100733;103414;+;72.2	114;94536;95324;+;74.8	137;122400;123911;+;62.7	140;125130;128318;+;58.3	335;306188;308272;+;56.7	120;99774;100724;+;46.4	335;306188;308272;+;38.8	A	9/9	split_4	211652	0	1	
CP029718.1	MPF_F	IncC	196	0	0	GA	0															not_admitted	not_admitted	not_admitted	not_admitted	not_admitted	not_admitted	not_admitted	not_admitted	not_admitted	not_admitted	1	188;146722;147729;-;332.9	94;65383;66816;-;339.2	95;66818;67846;-;221.7	193;150481;152928;-;354.2	93;61756;65370;-;375.3	2;1452;2768;-;135.0	193;150481;152928;-;128.6	4;3666;4292;-;92.1	190;148394;149659;-;67.6	187;143811;146606;-;145.3	13;8102;9967;-;47.4	1;877;1455;-;100.2	13;8102;9967;-;52.0	A	9/9	split_3	149604	0	1	
CP029719.1	MPF_F	IncFIB(pECLA);IncFIB(pENTE01);IncFII(pECLA)	153	0	0	GA	0															not_admitted	not_admitted	not_admitted	not_admitted	not_admitted	not_admitted	not_admitted	not_admitted	not_admitted	not_admitted	1	89;94617;95615;-;358.7	80;88043;89407;-;367.1	86;91372;92154;-;214.0	97;98552;101161;-;212.8	79;84762;88043;-;311.6	104;103455;104858;-;90.5	97;98552;101161;-;100.0	106;105607;106188;-;102.3	88;93983;94606;-;63.4	87;92151;93986;-;219.2	74;79512;82103;-;366.9	99;101409;101948;-;42.9	74;79512;82103;-;71.1	A	9/9	contiguous	26095	1	1	84040..84753-;237;unnamed;0
CP029841.1	MPF_F	IncFIB(S);IncFII(S);IncFII(pAR0022);IncX1	182	1	1	GA	1	60;50872;51342;+;68.6	134;105719;106015;+;77.5	135;106034;108787;+;46.6	135;106034;108787;+;148.0	135;106034;108787;+;75.3	136;108798;109556;+;67.3	138;109794;110927;+;106.4		139;111172;111885;+;119.4	140;111890;112819;+;133.8	141;112816;114021;+;132.5	142;114023;115054;+;79.0	143;115057;116892;+;488.3	37;35022;36848;-;268.1	pfam	pfam_only	A	7/7	canonical	1	1	unscoreable	30	0	1	41;38251;39243;-;366.7	32;31621;33003;-;392.4	35;34035;34784;-;231.0	44;40230;42878;-;314.1	31;28802;31624;-;392.2	141;112816;114021;+;132.5	44;40230;42878;-;97.8	54;47559;48125;-;188.1	39;37301;37939;-;70.6	37;35022;36848;-;268.1	28;24986;27148;-;374.1	49;44090;44605;-;96.7	143;115057;116892;+;84.8	A	9/9	split_2	90071	1	1	28292..28780-;162;TraS;0
CP030160.1	MPF_T	-	139	0	0	GA	1	29;30033;30935;+;40.8	18;20821;21192;+;72.1	19;21189;21488;+;50.8	20;21475;24144;+;65.9	20;21475;24144;+;82.2	21;24147;24809;+;73.2	24;25453;26313;+;146.7		25;26310;26984;+;92.2	26;27009;27791;+;199.4	27;27793;29013;+;173.3	28;29024;30046;+;112.9	79;70675;73203;-;283.2		pfam	both	A	7/7	canonical	1	0	unscoreable	7	0	0														not_admitted	not_admitted	not_admitted	not_admitted	not_admitted	not_admitted	not_admitted
CP030162.1	MPF_T	-	141	0	0	GA	1	112;93694;94596;-;40.8	123;103437;103808;-;72.1	122;103141;103440;-;50.8	121;100485;103154;-;65.9	121;100485;103154;-;82.2	120;99820;100482;-;73.2	117;98316;99176;-;146.7		116;97645;98319;-;92.2	115;96838;97620;-;199.4	114;95616;96836;-;173.3	113;94583;95605;-;112.9	64;51464;53992;+;283.2		pfam	both	A	7/7	canonical	1	0	unscoreable	7	0	0														not_admitted	not_admitted	not_admitted	not_admitted	not_admitted	not_admitted	not_admitted
CP030167.1	MPF_T	-	139	0	0	GA	1	29;29903;30805;+;40.8	18;20691;21062;+;72.1	19;21059;21358;+;50.8	20;21345;24014;+;65.9	20;21345;24014;+;82.2	21;24017;24679;+;73.2	24;25323;26183;+;146.7		25;26180;26854;+;92.2	26;26879;27661;+;199.4	27;27663;28883;+;173.3	28;28894;29916;+;112.9	79;70103;72631;-;283.2		pfam	both	A	7/7	canonical	1	0	unscoreable	7	0	0														not_admitted	not_admitted	not_admitted	not_admitted	not_admitted	not_admitted	not_admitted
CP030168.1	MPF_T	-	68	0	0	GA	1	60;61175;61765;-;62.9	50;47956;48270;-;80.9	5;4914;5213;+;50.8	48;45056;47623;-;35.3	48;45056;47623;-;110.7	47;44252;45037;-;57.0	45;41829;43310;-;89.3		44;41112;41822;-;126.5	43;40093;41085;-;168.2	42;38725;40077;-;211.8	51;48349;49350;-;113.6	58;55861;57918;-;352.1		conjscan	conjscan_only	A	7/7	canonical	1	0	unscoreable	9	0	0														not_admitted	not_admitted	not_admitted	not_admitted	not_admitted	not_admitted	not_admitted
CP030170.1	MPF_T	-	146	0	0	GA	1	58;44716;45618;-;40.8	69;54459;54830;-;72.1	68;54163;54462;-;50.8	67;51507;54176;-;65.9	67;51507;54176;-;82.2	66;50842;51504;-;73.2	63;49338;50198;-;146.7		62;48667;49341;-;92.2	61;47860;48642;-;199.4	60;46638;47858;-;173.3	59;45605;46627;-;112.9	3;2479;5007;+;283.2		pfam	both	A	7/7	canonical	1	0	unscoreable	7	0	0														not_admitted	not_admitted	not_admitted	not_admitted	not_admitted	not_admitted	not_admitted
CP030179.1	MPF_T	-	181	0	0	GA	1	117;100836;101738;+;40.8	106;91624;91995;+;72.1	107;91992;92291;+;50.8	108;92278;94947;+;65.9	108;92278;94947;+;82.2	109;94950;95612;+;73.2	112;96256;97116;+;146.7		113;97113;97787;+;92.2	114;97812;98594;+;199.4	115;98596;99816;+;173.3	116;99827;100849;+;112.9	166;141415;142848;-;217.0		pfam	both	A	7/7	canonical	1	0	unscoreable	7	0	0														not_admitted	not_admitted	not_admitted	not_admitted	not_admitted	not_admitted	not_admitted
CP030195.1	MPF_T	-	59	0	0	GA	1	43;31015;31665;-;45.0	42;30741;31037;-;72.9	41;27969;30722;-;46.6	41;27969;30722;-;143.0	41;27969;30722;-;75.5	40;27209;27958;-;61.3	38;25807;26901;-;105.5		37;24844;25557;-;116.9	36;23910;24839;-;134.9	35;22708;23913;-;133.0	34;21675;22706;-;77.7	33;19837;21672;-;488.1		pfam	pfam_only	A	7/7	canonical	1	1	unscoreable	1	0	0														not_admitted	not_admitted	not_admitted	not_admitted	not_admitted	not_admitted	not_admitted
CP030318.1	MPF_F	Col(pHAD28);IncFIB(K);IncFII(pKP91)	265	0	0	GA	0															not_admitted	not_admitted	not_admitted	not_admitted	not_admitted	not_admitted	not_admitted	not_admitted	not_admitted	not_admitted	1	239;213261;214250;+;363.3	250;220069;221436;+;382.2	246;218059;218811;+;233.7	235;209165;211804;+;259.4	251;221436;224285;+;342.9	225;203779;205203;+;89.2	235;209165;211804;+;88.3	223;202486;203052;+;167.9	241;214526;215173;+;65.9	242;215232;217187;+;259.5	255;226097;228379;+;393.3	227;205815;206399;+;53.8	255;226097;228379;+;65.9	A	9/9	contiguous	23611	1	1	224288..224818+;176;unnamed;0
CP030319.1	MPF_F	IncFII(pHN7A8);IncR	213	0	0	GA	0															not_admitted	not_admitted	not_admitted	not_admitted	not_admitted	not_admitted	not_admitted	not_admitted	not_admitted	not_admitted	1	66;52064;53056;+;369.5	79;59889;61262;+;376.8	74;57580;58323;+;234.4	63;48428;51055;+;301.8	80;61259;64075;+;376.7	58;44946;46373;+;94.1	63;48428;51055;+;101.8	56;43665;44231;+;183.8	69;54002;54640;+;70.4	72;55453;57303;+;265.0	84;66376;68592;+;391.7	62;47397;47912;+;77.6	84;66376;68592;+;70.3	A	9/9	contiguous	22711	1	1	64108..64629+;173;unnamed;0
CP030800.1	MPF_F	-	129	0	0	GA	0															not_admitted	not_admitted	not_admitted	not_admitted	not_admitted	not_admitted	not_admitted	not_admitted	not_admitted	not_admitted	1	13;11800;12741;-;121.0			14;12738;15467;-;97.7	10;8631;10211;-;133.6						26;21798;23960;-;29.5		26;21798;23960;-;36.9	D	3/9	contiguous	13167	0	0	
CP030801.1	MPF_F	-	216	0	0	GA	0															not_admitted	not_admitted	not_admitted	not_admitted	not_admitted	not_admitted	not_admitted	not_admitted	not_admitted	not_admitted	1	108;97605;98612;-;329.4	1;3368;4807;-;325.0	2;4809;5843;-;208.0	113;101391;103841;-;315.0		119;111732;113081;-;124.9	113;101391;103841;-;134.6	121;114025;114654;-;86.9	110;99310;100578;-;65.4	107;94629;97409;-;142.3	127;117000;118868;-;44.9	118;111184;111675;-;85.4	127;117000;118868;-;48.3	B	8/9	split_2	113632	0	1	
CP030802.1	-	-	76	0	0	GA	1	71;65955;66470;+;46.5	43;43242;43571;+;65.8	44;43582;43896;+;30.4	45;43937;46351;+;51.1	45;43937;46351;+;99.0	46;46348;47106;+;34.3	48;48061;49368;+;91.1		49;49398;50072;+;147.4	50;50081;50953;+;159.1	52;51368;52624;+;190.4	57;56762;58384;+;175.5			conjscan	conjscan_only	B	6/7	canonical	1	0	unscoreable	19	0	0														not_admitted	not_admitted	not_admitted	not_admitted	not_admitted	not_admitted	not_admitted
CP030830.1	MPF_T	-	374	0	0	GA	1		372;378603;378992;-;71.4	371;378311;378610;-;63.8	370;375865;378300;-;172.4	370;375865;378300;-;124.0	369;375063;375872;-;51.2	367;373691;374869;-;111.6		366;373004;373666;-;129.5	365;372164;372862;-;179.3	363;370398;371699;-;221.1	373;378982;379956;-;130.9	337;342511;344427;-;536.7		conjscan	conjscan_only	A	7/7	canonical	1	0	unscoreable	3	0	0														not_admitted	not_admitted	not_admitted	not_admitted	not_admitted	not_admitted	not_admitted
CP030831.1	MPF_T	-	202	0	0	GA	1	175;192518;193255;+;73.4	45;53410;53817;-;72.1	177;193620;193946;+;73.6	178;193946;196315;+;237.3	43;50639;53107;-;121.3	42;49858;50667;-;47.5	40;48453;49649;-;109.9		182;198171;198884;+;176.9	38;46904;47758;-;190.1	36;45105;46415;-;230.5	46;53807;54778;-;136.9	139;149658;151607;-;543.9		conjscan	conjscan_only	A	7/7	uncallable	0	0	unscoreable	11	0	0														not_admitted	not_admitted	not_admitted	not_admitted	not_admitted	not_admitted	not_admitted
CP030832.1	MPF_T	-	225	0	0	GA	1		222;197788;198159;-;72.2	221;197496;197795;-;61.1	220;195044;197485;-;172.9	220;195044;197485;-;120.7	219;194257;195060;-;52.4	218;192913;194091;-;111.2		217;192230;192892;-;136.2	216;191405;192214;-;190.2	214;189662;190954;-;219.2	223;198149;199126;-;124.9	204;179513;181489;-;523.9		conjscan	conjscan_only	A	7/7	canonical	1	0	unscoreable	11	0	0														not_admitted	not_admitted	not_admitted	not_admitted	not_admitted	not_admitted	not_admitted
CP031284.1	MPF_F	IncHI2A;IncQ1	409	0	0	GA	0															not_admitted	not_admitted	not_admitted	not_admitted	not_admitted	not_admitted	not_admitted	not_admitted	not_admitted	not_admitted	1	111;73317;73847;-;166.0	283;192159;192872;+;53.8	280;190691;191374;+;141.5	144;96472;97371;-;89.3	285;193102;194382;+;93.8	152;100429;101295;-;65.9		157;103372;103860;-;61.5	116;75080;75946;-;47.0	107;70972;71457;-;29.6		146;97982;98932;-;46.1		A	9/9	split_3	122130	1	1	194364..194837+;157;unnamed;0
CP031369.2	MPF_F	IncFIB(K);IncFII(K)	316	0	0	GA	0															not_admitted	not_admitted	not_admitted	not_admitted	not_admitted	not_admitted	not_admitted	not_admitted	not_admitted	not_admitted	1	120;98739;99731;+;366.6	130;105185;106555;+;381.2	126;103231;103983;+;232.4	117;95074;97713;+;258.7	131;106555;109401;+;344.2	108;89835;91259;+;89.2	117;95074;97713;+;88.8	106;88542;89108;+;167.0	121;99744;100382;+;67.0	122;100379;102388;+;256.9	133;110505;112712;+;393.4	110;91871;92440;+;49.7	133;110505;112712;+;65.9	A	9/9	contiguous	21963	0	1	
CP031372.2	MPF_F	IncFIB(pNDM-Mar);IncHI1B(pNDM-MAR)	244	0	0	GA	0															not_admitted	not_admitted	not_admitted	not_admitted	not_admitted	not_admitted	not_admitted	not_admitted	not_admitted	not_admitted	1	44;41882;42919;-;282.3	201;171559;172968;+;190.4	200;170532;171569;+;176.7	57;53753;56470;-;148.7	202;172970;176908;+;118.9	61;58583;59953;-;65.6	57;53753;56470;-;85.2	64;61599;62459;-;79.0	45;42916;44277;-;69.9	43;38687;41872;-;58.9	193;161225;163351;-;58.0	58;56515;57252;-;57.0	193;161225;163351;-;39.7	A	9/9	split_2	134283	0	1	
CP031373.2	MPF_T	IncX3	61	0	0	GA	1		0;131;421;+;73.1	1;446;3199;+;47.0	1;446;3199;+;145.4	1;446;3199;+;73.3	2;3209;3979;+;60.1	4;4258;5313;+;133.2		5;5508;6236;+;119.4	6;6242;7171;+;138.8	7;7168;8382;+;128.3	9;8578;9612;+;65.7	10;9615;10955;+;285.6		pfam	pfam_only	A	7/7	canonical	1	1	unscoreable	2	0	0														not_admitted	not_admitted	not_admitted	not_admitted	not_admitted	not_admitted	not_admitted
CP031589.1	MPF_T	-	133	0	0	GA	1	53;55080;56231;-;71.4	57;59038;59430;-;77.1	56;58747;59025;-;88.2	55;56394;58757;-;93.1	55;56394;58757;-;42.3	52;54253;55080;-;74.1	45;48843;49922;-;124.0		51;53587;54240;-;166.3	50;52889;53587;-;163.7	49;51519;52892;-;177.2	48;50526;51515;-;105.9	42;44858;46882;+;286.9		pfam	both	A	7/7	canonical	1	0	unscoreable	5	0	0														not_admitted	not_admitted	not_admitted	not_admitted	not_admitted	not_admitted	not_admitted
CP031590.1	-	-	140	0	0	GA	1	72;59381;59953;-;44.3	71;59081;59368;-;60.1	70;58732;59061;-;85.8	69;56378;58732;-;153.1	69;56378;58732;-;86.0	68;55665;56381;-;129.4	66;54468;55361;-;138.7		64;53538;54224;-;181.6	63;52690;53541;-;175.0	62;51527;52687;-;165.8	61;50493;51530;-;122.5	60;48370;50496;-;373.9		pfam	both	A	7/7	canonical	1	0	unscoreable	2	0	0														not_admitted	not_admitted	not_admitted	not_admitted	not_admitted	not_admitted	not_admitted
CP031591.1	MPF_T	-	119	0	0	GA	1	102;97820;98986;+;78.9	98;94639;94929;+;71.3	99;94939;95217;+;80.1	100;95207;97603;+;90.0	100;95207;97603;+;40.7	103;98983;99780;+;65.3	109;103956;104981;+;128.5		104;99777;100454;+;136.8	105;100451;101164;+;165.7	106;101161;102483;+;172.7	107;102485;103519;+;104.3	48;47126;49108;+;278.2		pfam	both	A	7/7	canonical	1	0	unscoreable	2	0	0														not_admitted	not_admitted	not_admitted	not_admitted	not_admitted	not_admitted	not_admitted
CP031592.1	-	-	95	0	0	GA	1	68;74777;75895;+;71.5	64;71608;71925;+;88.9	65;71980;72255;+;56.9	66;72230;74611;+;104.3	66;72230;74611;+;49.3	69;75888;76709;+;68.9	71;77250;78275;+;90.5		72;78299;78949;+;150.9	73;78953;79681;+;133.3	74;79683;81155;+;166.4	75;81155;82153;+;107.3	79;84260;86155;-;250.5		pfam	both	A	7/7	canonical	1	0	unscoreable	5	0	0														not_admitted	not_admitted	not_admitted	not_admitted	not_admitted	not_admitted	not_admitted
CP031732.1	MPF_F	-	328	0	0	GA	0															not_admitted	not_admitted	not_admitted	not_admitted	not_admitted	not_admitted	not_admitted	not_admitted	not_admitted	not_admitted	1	231;173609;174646;+;310.6	283;220362;221555;+;181.0	282;219105;220115;+;226.5	279;215475;217922;+;165.7	284;221564;224062;+;235.8	276;213193;214392;+;123.7	279;215475;217922;+;110.7	274;211716;212348;+;109.2	232;174594;175325;+;101.4	288;227872;228810;+;144.2	269;207839;208585;-;27.9	277;214407;215015;+;80.5	269;207839;208585;-;27.9	A	9/9	split_2	54263	0	1	
CP031735.1	MPF_F	IncFIB(K);IncFII(K);IncFII(pAR0022)	265	0	0	GA	0															not_admitted	not_admitted	not_admitted	not_admitted	not_admitted	not_admitted	not_admitted	not_admitted	not_admitted	not_admitted	1	153;165069;166061;-;366.6	143;158166;159533;-;381.2	147;160791;161543;-;233.7	155;167076;169715;-;258.7	142;155317;158166;-;345.6	164;173530;174954;-;89.2	155;167076;169715;-;88.8	166;175681;176247;-;167.0	152;164418;165056;-;67.0	151;162415;164421;-;259.6	138;150519;152831;-;392.7	162;172349;172918;-;49.7	138;150519;152831;-;66.6	A	9/9	contiguous	25162	1	1	154756..155304-;182;unnamed;0
CP031736.1	MPF_F	IncFIB(pNDM-Mar);IncHI1B(pNDM-MAR)	275	0	0	GA	0															not_admitted	not_admitted	not_admitted	not_admitted	not_admitted	not_admitted	not_admitted	not_admitted	not_admitted	not_admitted	1	274;248701;249735;+;282.2			259;233403;236120;+;149.6	3;3932;7873;+;120.1	255;229920;231290;+;65.6	259;233403;236120;+;85.2	252;227414;228274;+;79.0	271;245594;246940;+;70.1	0;120;2576;+;59.6		258;232621;233358;+;57.0		C	7/9	split_2	248581	1	1	8321..8527+;68;unnamed;0
CP031755.1	MPF_T	-	46	0	0	GA	1	35;39219;39830;+;45.4	36;39847;40134;+;59.8	37;40151;40480;+;89.1	38;40480;42834;+;154.2	38;40480;42834;+;90.6	39;42834;43553;+;123.3	41;43841;44737;+;142.6		43;44969;45655;+;192.0	44;45652;46503;+;175.0	45;46505;47647;+;174.1	0;461;865;+;50.0	2;963;2273;+;227.1		pfam	both	A	7/7	canonical	1	0	unscoreable	3	0	0														not_admitted	not_admitted	not_admitted	not_admitted	not_admitted	not_admitted	not_admitted
CP031811.1	MPF_F	IncFIB(K);IncFII(K);IncFII(pAR0022)	174	0	0	GA	0															not_admitted	not_admitted	not_admitted	not_admitted	not_admitted	not_admitted	not_admitted	not_admitted	not_admitted	not_admitted	1	130;136320;137312;-;366.6	120;129499;130869;-;381.2	124;132071;132823;-;232.4	133;138338;140977;-;258.7	119;126650;129499;-;344.2	142;144794;146218;-;89.2	133;138338;140977;-;88.8	144;146945;147511;-;167.0	129;135669;136307;-;67.0	128;133666;135672;-;259.0	115;122527;124836;-;394.2	139;143613;144182;-;49.7	115;122527;124836;-;65.8	A	9/9	contiguous	24418	1	1	126117..126647-;176;unnamed;0
CP032137.1	MPF_F	-	129	0	0	GA	0															not_admitted	not_admitted	not_admitted	not_admitted	not_admitted	not_admitted	not_admitted	not_admitted	not_admitted	not_admitted	1	56;46875;47918;+;369.2	62;51896;53323;+;325.8	60;50710;51498;+;219.2	52;42587;45313;+;164.6	63;53339;56350;+;208.7	48;39589;40905;+;102.7	52;42587;45313;+;108.4	46;38298;38876;+;82.5	57;47933;48640;+;107.6	58;48637;50481;+;60.7	32;26317;28476;+;381.3	51;41933;42577;+;41.9	32;26317;28476;+;89.7	A	9/9	contiguous	27022	1	1	56416..56940+;174;unnamed;0
CP032292.1	MPF_T	IncFIB(K);IncFII(pCTU2)	112	0	0	GA	1	25;23754;24464;+;45.2	26;24461;24739;+;68.9	27;24752;27496;+;47.6	27;24752;27496;+;144.2	27;24752;27496;+;44.0	28;27512;28141;+;123.9			32;29997;30680;+;190.3	33;30680;31585;+;153.7	34;31628;32881;+;144.3	35;32878;33903;+;69.0	40;35984;37720;+;47.3		pfam	pfam_only	B	6/7	uncallable	0	1	unscoreable	7	0	0														not_admitted	not_admitted	not_admitted	not_admitted	not_admitted	not_admitted	not_admitted
CP032293.1	MPF_T	IncX5	70	0	0	GA	1	2;3483;4127;-;42.4	1;3209;3499;-;69.0	0;428;3187;-;42.6	0;428;3187;-;132.2	0;428;3187;-;70.5		67;50947;52002;-;132.8		66;49978;50706;-;120.9	65;49044;49973;-;134.2	64;47836;49047;-;136.9	63;46781;47824;-;64.1	62;44943;46778;-;504.8		none	none	A	7/7	rearranged	0	1	unscoreable	0	0	0														not_admitted	not_admitted	not_admitted	not_admitted	not_admitted	not_admitted	not_admitted
CP032294.1	MPF_F	IncFII(pECLA);IncR	136	0	0	GA	0															not_admitted	not_admitted	not_admitted	not_admitted	not_admitted	not_admitted	not_admitted	not_admitted	not_admitted	not_admitted	1	60;60791;61789;-;359.9	51;54190;55554;-;363.9	57;57522;58304;-;212.9	68;64723;67332;-;223.4	50;50900;54190;-;308.8	74;70168;71577;-;97.1	68;64723;67332;-;103.5	76;72326;72907;-;96.9	59;60157;60780;-;63.5	58;58301;60160;-;213.0	46;46110;48710;-;361.0	70;67580;68134;-;44.0	46;46110;48710;-;71.1	A	9/9	contiguous	26216	1	1	50209..50898-;229;unnamed;0
CP032836.1	MPF_F	IncFII(pCoo)	91	0	0	GA	0															not_admitted	not_admitted	not_admitted	not_admitted	not_admitted	not_admitted	not_admitted	not_admitted	not_admitted	not_admitted	1	61;48360;49352;+;367.5	75;57105;58478;+;382.9	69;54434;55177;+;234.4	58;44724;47351;+;304.2	76;58475;61291;+;385.9	52;41382;42833;+;93.9	58;44724;47351;+;97.1	50;40101;40667;+;183.1	66;51499;52146;+;66.3	67;52205;54157;+;263.9	80;63592;65781;+;380.8	55;43693;44208;+;76.5	80;63592;65781;+;66.5	A	9/9	contiguous	23491	1	1	61570..61845+;91;unnamed;0
CP033429.1	MPF_F	-	150	0	0	GA	0															not_admitted	not_admitted	not_admitted	not_admitted	not_admitted	not_admitted	not_admitted	not_admitted	not_admitted	not_admitted	1	98;93242;94273;-;369.9	91;86716;88161;-;319.5	92;88161;88970;-;220.0	103;96158;98755;-;224.3	90;82787;86719;-;212.4	108;101900;103225;-;99.7	103;96158;98755;-;88.3	110;103967;104578;-;110.8	97;92457;93245;-;91.0	95;89897;91174;-;151.4	130;130167;132332;-;408.7	104;98770;99447;-;52.5	130;130167;132332;-;67.8	A	9/9	split_2	47380	0	1	
CP033468.1	MPF_F	IncFII(Yp);IncFII(pAR0022)	85	0	0	GA	0															not_admitted	not_admitted	not_admitted	not_admitted	not_admitted	not_admitted	not_admitted	not_admitted	not_admitted	not_admitted	1	67;56149;57135;+;367.9	74;61458;62831;+;375.9	71;59909;60658;+;218.5	64;52525;55155;+;283.6	75;62831;65653;+;336.5	58;49244;50617;+;91.2	64;52525;55155;+;98.6	56;47961;48527;+;170.8	68;57152;57781;+;66.6	69;57778;59658;+;260.6	78;67338;69602;+;384.7	59;50639;51166;+;66.1	78;67338;69602;+;63.8	A	9/9	contiguous	19377	1	1	65672..66169+;165;TraS;0
CP033518.1	MPF_F	-	133	0	0	GA	0															not_admitted	not_admitted	not_admitted	not_admitted	not_admitted	not_admitted	not_admitted	not_admitted	not_admitted	not_admitted	1	96;49156;49617;-;174.8	87;43503;44384;-;101.2	89;45389;45856;-;157.8	103;53195;54052;-;70.5	85;41050;43212;-;161.0	107;55904;56755;-;104.9	99;51098;52231;-;64.6	110;58203;58496;-;34.8	94;48172;48879;-;107.5	90;46158;47051;-;89.5	131;69211;69870;-;110.1	105;54223;54867;-;41.9	131;69211;69870;-;67.1	A	9/9	contiguous	28161	1	1	40664..41002-;112;unnamed;0
CP033533.1	MPF_T	-	66	0	0	GA	1	63;31047;31238;-;56.9			49;25292;26275;-;36.5	51;26612;26875;-;42.6							65;31903;32670;-;73.8			none	none	D	2/7	uncallable	0	0	unscoreable	12	0	0														not_admitted	not_admitted	not_admitted	not_admitted	not_admitted	not_admitted	not_admitted
CP033548.1	-	-	60	0	0	GA	1	1;504;962;+;33.1	2;1196;1507;+;44.1	3;1598;1903;+;73.5	4;1924;4386;+;118.1	4;1924;4386;+;78.4	5;4527;5228;+;113.3	7;5678;6718;+;131.2		9;7067;7822;+;137.5	10;7819;8604;+;181.7	12;8764;10038;+;176.9	13;10206;11237;+;114.5	50;31897;32757;-;56.7		pfam	both	A	7/7	canonical	1	0	unscoreable	3	0	0														not_admitted	not_admitted	not_admitted	not_admitted	not_admitted	not_admitted	not_admitted
CP034054.1	MPF_F	IncFIB(pNDM-Mar);IncHI1B(pNDM-MAR)	338	0	0	GA	0															not_admitted	not_admitted	not_admitted	not_admitted	not_admitted	not_admitted	not_admitted	not_admitted	not_admitted	not_admitted	1	55;49972;51006;-;282.2			70;63587;66304;-;149.6	51;41483;45424;-;120.1	74;68417;69787;-;65.6	70;63587;66304;-;85.2	77;71433;72293;-;79.0	58;52767;54113;-;70.0	54;46780;49962;-;58.9		71;66349;67086;-;57.0		C	7/9	contiguous	29950	1	1	40829..41035-;68;unnamed;0
CP034056.1	MPF_F	IncFII	99	0	0	GA	0															not_admitted	not_admitted	not_admitted	not_admitted	not_admitted	not_admitted	not_admitted	not_admitted	not_admitted	not_admitted	1	73;63153;64145;+;369.5	83;69924;71297;+;381.7	78;67251;67994;+;231.4	70;59514;62144;+;303.9	84;71294;74116;+;374.0	63;55064;56515;+;94.2	70;59514;62144;+;97.1	61;53783;54349;+;174.3	75;64489;65127;+;68.7	76;65124;66974;+;266.7	88;76388;78586;+;391.2	66;57375;57890;+;78.4	88;76388;78586;+;70.3	A	9/9	contiguous	22605	1	1	74138..74617+;159;TraS;0
CP034075.1	MPF_T	IncX1	55	0	0	GA	1	41;35232;35879;-;45.2	40;34958;35254;-;77.5	39;32186;34939;-;46.6	39;32186;34939;-;148.0	39;32186;34939;-;75.3	38;31426;32175;-;68.8	36;30054;31115;-;135.0		35;29094;29807;-;119.7	33;28159;28911;-;101.0	32;26957;28162;-;131.7	31;25924;26955;-;80.0	30;24086;25921;-;489.3		pfam	pfam_only	A	7/7	canonical	1	1	unscoreable	2	0	0														not_admitted	not_admitted	not_admitted	not_admitted	not_admitted	not_admitted	not_admitted
CP034201.2	MPF_F	IncFIB(pNDM-Mar);IncHI1B(pNDM-MAR)	432	0	0	GA	0															not_admitted	not_admitted	not_admitted	not_admitted	not_admitted	not_admitted	not_admitted	not_admitted	not_admitted	not_admitted	1	385;323571;324608;-;282.3	149;112298;113707;+;190.4	148;111271;112308;+;176.7	397;335442;338159;-;148.7	150;113709;116873;+;119.7	401;340272;341642;-;65.6	397;335442;338159;-;85.2	404;343288;343866;-;75.9	386;324605;325966;-;69.9	384;320376;323561;-;58.9	141;101964;104090;-;58.0	398;338204;338941;-;57.0	141;101964;104090;-;39.7	A	9/9	split_2	241324	1	1	116935..117648+;237;unnamed;0
CP034254.1	MPF_F	IncFII	100	0	0	GA	0															not_admitted	not_admitted	not_admitted	not_admitted	not_admitted	not_admitted	not_admitted	not_admitted	not_admitted	not_admitted	1	40;32540;33532;+;369.3	49;38594;39967;+;381.0	44;36231;37004;+;234.0	37;28901;31531;+;303.5	50;39964;42789;+;386.0	30;24196;25623;+;94.3	37;28901;31531;+;98.5	28;22915;23481;+;183.8	41;33541;34179;+;68.7	42;34176;35984;+;268.0	53;44293;46491;+;391.7	34;26751;27266;+;78.6	53;44293;46491;+;70.3	A	9/9	contiguous	21378	1	1	42786..43295+;169;unnamed;0
CP034323.1	MPF_T	IncX3	67	0	0	GA	1	54;45148;45792;-;46.4	53;44874;45164;-;73.1	52;42096;44849;-;47.0	52;42096;44849;-;142.4	52;42096;44849;-;73.3	51;41316;42086;-;60.1	49;39982;41037;-;133.2		48;39059;39787;-;119.4	47;38124;39053;-;138.8	46;36913;38127;-;128.3	44;35683;36717;-;65.7	43;33845;35680;-;495.9		pfam	pfam_only	A	7/7	canonical	1	1	unscoreable	2	0	0														not_admitted	not_admitted	not_admitted	not_admitted	not_admitted	not_admitted	not_admitted
CP034324.1	MPF_F	IncFII(pHN7A8);IncR	200	0	0	GA	0															not_admitted	not_admitted	not_admitted	not_admitted	not_admitted	not_admitted	not_admitted	not_admitted	not_admitted	not_admitted	1	120;96021;97013;-;369.5	111;90372;91745;-;376.8	116;93311;94054;-;234.4	123;98022;100649;-;301.8	110;87559;90375;-;376.7	128;102704;104131;-;94.1	123;98022;100649;-;101.8	130;104846;105412;-;183.8		118;94331;95509;-;267.1	106;83042;85258;-;391.7	124;101165;101680;-;77.6	106;83042;85258;-;70.3	B	8/9	contiguous	21804	1	1	87005..87526-;173;unnamed;0
CP034326.1	MPF_F	Col(pHAD28);IncFIB(K);IncFII(pKP91)	275	0	0	GA	0															not_admitted	not_admitted	not_admitted	not_admitted	not_admitted	not_admitted	not_admitted	not_admitted	not_admitted	not_admitted	1	249;234713;235702;-;363.3	238;227527;228894;-;382.2	242;230152;230904;-;233.7	253;237159;239798;-;259.4	237;224678;227527;-;342.9	263;243760;245184;-;89.2	253;237159;239798;-;88.3	265;245911;246477;-;167.9	247;233790;234437;-;65.9	246;231776;233731;-;259.5	233;220584;222866;-;393.3	261;242564;243148;-;53.8	233;220584;222866;-;65.9	A	9/9	contiguous	25327	1	1	224145..224675-;176;unnamed;0
CP034356.1	MPF_T	-	128	0	0	GA	1	0;53;667;+;41.2	1;664;1002;+;78.3	2;999;1349;+;81.9	97;96423;97976;-;85.9	3;1342;2442;+;125.6	96;95706;96419;-;195.5	94;94525;95469;-;132.4		93;93486;94184;-;180.8	92;92632;93489;-;195.2	91;91402;92628;-;186.9	90;90394;91398;-;100.1	88;88448;89551;-;203.7		pfam	both	A	7/7	canonical	1	0	unscoreable	1	0	0														not_admitted	not_admitted	not_admitted	not_admitted	not_admitted	not_admitted	not_admitted
CP034396.1	MPF_F	IncFIA;IncFIB(AP001918);IncFII(pAMA1167-NDM-5);IncQ1	150	0	0	GA	0															not_admitted	not_admitted	not_admitted	not_admitted	not_admitted	not_admitted	not_admitted	not_admitted	not_admitted	not_admitted	1	57;53579;54571;-;369.5	40;41984;43357;-;386.6	52;49730;50473;-;231.4	60;55580;58207;-;303.9	39;39168;41987;-;386.3	66;60092;61543;-;94.1	60;55580;58207;-;96.5	68;62258;62824;-;184.3	55;52597;53235;-;68.7	54;50750;52600;-;266.7	35;34712;36910;-;391.8	63;58723;59238;-;75.2	35;34712;36910;-;70.3	A	9/9	contiguous	27546	1	1	38652..39143-;163;TraS;0
CP034398.1	MPF_T	IncN2	51	0	0	GA	1	41;34738;35520;-;33.2	39;34195;34491;-;36.0	38;33838;34155;-;71.9	37;31264;33837;-;118.0	37;31264;33837;-;74.2	36;30547;31248;-;98.9	34;29241;30278;-;121.9		33;28327;29022;-;127.6	32;27429;28316;-;142.7	31;26290;27429;-;172.5	30;25238;26239;-;90.1	15;9602;11128;+;42.1		pfam	both	A	7/7	canonical	1	0	unscoreable	2	0	0														not_admitted	not_admitted	not_admitted	not_admitted	not_admitted	not_admitted	not_admitted
CP034400.1	MPF_T	IncI2	78	0	0	GA	1	69;52974;53456;-;81.1		7;7515;7799;-;36.6	6;5152;7509;-;58.5	6;5152;7509;-;42.8	19;13252;13893;-;42.8	20;13899;14894;-;128.5		4;4252;4986;-;144.3	3;3485;4255;-;170.5	2;2356;3495;-;154.7	72;55224;56762;-;207.1	77;60845;61495;-;86.4		pfam	pfam_only	A	7/7	rearranged	1	0	unscoreable	17	1	0														not_admitted	not_admitted	not_admitted	not_admitted	not_admitted	not_admitted	not_admitted
CP034406.1	MPF_F	IncFIB(pNDM-Mar);IncHI1B(pNDM-MAR)	344	0	0	GA	0															not_admitted	not_admitted	not_admitted	not_admitted	not_admitted	not_admitted	not_admitted	not_admitted	not_admitted	not_admitted	1	223;188545;189582;+;282.3	35;32641;34050;-;190.4	36;34040;35077;-;175.7	207;173770;175023;+;152.7	34;28671;32639;-;121.3	203;170287;171657;+;65.6	208;175005;176489;+;88.7	200;167781;168641;+;79.0	222;187187;188548;+;69.9	224;189592;192777;+;59.9	43;42276;44402;+;57.7	206;172988;173725;+;56.9	43;42276;44402;+;41.0	A	9/9	split_2	160921	0	1	
CP034407.1	MPF_F	IncFIB(K)	102	0	0	GA	0															not_admitted	not_admitted	not_admitted	not_admitted	not_admitted	not_admitted	not_admitted	not_admitted	not_admitted	not_admitted	1	59;50903;51895;+;366.6	69;57431;58798;+;381.2	65;55421;56173;+;233.7	57;47249;49888;+;258.7	70;58798;61647;+;345.6	48;42010;43434;+;89.2	57;47249;49888;+;88.8	46;40717;41283;+;167.0	60;51908;52546;+;67.0	61;52543;54549;+;259.6	74;64133;66445;+;392.7	50;44046;44615;+;49.7	74;64133;66445;+;66.6	A	9/9	contiguous	23416	1	1	61660..62208+;182;unnamed;0
CP034667.1	MPF_T	repUS18	348	0	0	GA	0															not_admitted	not_admitted	not_admitted	not_admitted	not_admitted	not_admitted	not_admitted	not_admitted	not_admitted	not_admitted	1	22;21964;23049;+;271.5	45;40128;41564;+;236.1	44;39045;40106;+;197.7	18;17411;19900;+;239.7	46;41579;44737;+;250.9	15;14312;15700;+;104.8	18;17411;19900;+;122.7	13;12451;13041;+;84.8	21;20708;21967;+;51.9	48;45159;47873;+;129.7	7;7922;9874;+;21.5	16;15703;16236;+;70.4	7;7922;9874;+;36.9	A	9/9	contiguous	37237	0	1	
CP034714.1	MPF_F	IncA	170	0	0	GA	0															not_admitted	not_admitted	not_admitted	not_admitted	not_admitted	not_admitted	not_admitted	not_admitted	not_admitted	not_admitted	1	95;65479;66483;+;330.1	158;115304;116737;+;336.4	157;114262;115302;+;223.9	90;60274;62721;+;350.7	159;116750;120355;+;377.7	85;51447;52763;+;136.3	90;60274;62721;+;130.4	83;49923;50549;+;94.3	93;63543;64811;+;69.7	96;66634;69372;+;139.4	74;44269;46134;+;46.9	86;52760;53338;+;98.1	74;44269;46134;+;51.6	A	9/9	split_2	72481	0	1	
CP035180.1	MPF_F	IncFIB(K);IncFII(K)	343	0	0	GA	0															not_admitted	not_admitted	not_admitted	not_admitted	not_admitted	not_admitted	not_admitted	not_admitted	not_admitted	not_admitted	1	84;73484;74002;-;217.9	73;66667;68037;-;381.2	78;69463;69990;-;127.4	89;76981;78135;-;230.9	71;63819;66173;-;193.7	98;81949;82371;-;35.2	88;75522;76973;-;90.9	101;83369;84484;-;124.8	83;72833;73471;-;67.0	82;70833;72836;-;254.3	67;60824;62005;-;194.2	96;80768;81337;-;49.7		A	9/9	contiguous	22545	1	1	63286..63816-;176;unnamed;0
CP035181.1	MPF_F	IncFII(pBK30683)	134	0	0	GA	0															not_admitted	not_admitted	not_admitted	not_admitted	not_admitted	not_admitted	not_admitted	not_admitted	not_admitted	not_admitted	1	110;84555;85418;-;315.9	1;917;1627;-;195.9	98;78277;78675;-;130.9	115;87088;89112;-;256.3	90;72738;75461;-;312.7	28;17402;17995;-;50.7	20;12262;13092;-;46.8	31;18812;19795;-;166.9	106;81788;82435;-;66.0	103;79960;80961;-;119.6	87;68684;70993;-;367.3	27;16413;16982;-;52.3	87;68684;70993;-;66.6	A	9/9	split_2	86171	1	1	72050..72721-;223;unnamed;0
CP035634.1	MPF_F	IncHI2;IncHI2A	321	0	0	GA	0															not_admitted	not_admitted	not_admitted	not_admitted	not_admitted	not_admitted	not_admitted	not_admitted	not_admitted	not_admitted	1	32;34719;35777;+;276.9	228;208535;209950;-;194.1	229;209940;210986;-;173.2	14;11400;14081;+;168.0	227;204576;208526;-;101.6	7;5270;6625;+;80.7	14;11400;14081;+;72.2	4;2758;3546;+;74.8	30;33066;34577;+;62.9	33;35796;38984;+;58.3	235;218027;220111;+;56.7	13;10441;11391;+;46.4	235;218027;220111;+;38.8	A	9/9	split_3	215269	0	1	
CP035637.1	MPF_F	IncFIB(pQil);IncFII(Yp)	96	0	0	GA	0															not_admitted	not_admitted	not_admitted	not_admitted	not_admitted	not_admitted	not_admitted	not_admitted	not_admitted	not_admitted	1	59;56919;57908;-;370.8	47;49791;51161;-;379.4	54;53059;53808;-;220.1	62;59005;61644;-;258.0	46;46951;49791;-;339.7	66;63164;64579;-;91.1	62;59005;61644;-;88.9	68;65306;65872;-;161.0	58;56283;56906;-;69.8	57;54421;56286;-;252.4	43;42800;45004;-;380.3	63;61860;62429;-;56.3	43;42800;45004;-;63.7	A	9/9	contiguous	22506	1	1	46383..46928-;181;unnamed;0
CP035638.1	MPF_T	IncP1	80	0	0	GA	1		35;30702;31085;-;68.7	34;30373;30699;-;50.6	33;27833;30376;-;98.7	33;27833;30376;-;108.3	28;23587;24357;-;104.8	27;21843;23447;-;120.3		32;27129;27836;-;91.0	31;26223;27113;-;152.5	29;24370;25764;-;220.3	36;31199;32155;-;135.2	2;2368;4314;+;441.2		conjscan	conjscan_only	A	7/7	canonical	1	0	unscoreable	2	0	0														not_admitted	not_admitted	not_admitted	not_admitted	not_admitted	not_admitted	not_admitted
CP035775.1	MPF_T	IncX4	65	0	0	GA	1	22;17030;17650;-;46.8	21;16690;17016;-;64.4	20;13924;16671;-;62.7	20;13924;16671;-;150.8	20;13924;16671;-;45.4	19;13196;13912;-;94.8	18;12106;13185;-;157.5		16;10923;11609;-;169.0	15;10018;10926;-;142.4	14;8907;10025;-;163.9	13;7877;8905;-;85.0	12;6028;7845;-;316.5		pfam	pfam_only	A	7/7	canonical	1	1	unscoreable	1	0	0														not_admitted	not_admitted	not_admitted	not_admitted	not_admitted	not_admitted	not_admitted
CP035907.1	MPF_F	IncFIB(pQil);IncFII(K);IncFII(pAR0022)	181	0	0	GA	0															not_admitted	not_admitted	not_admitted	not_admitted	not_admitted	not_admitted	not_admitted	not_admitted	not_admitted	not_admitted	1	144;117206;118195;+;366.6	154;123742;125109;+;384.1	150;121732;122484;+;233.7	140;113110;115749;+;258.5	155;125109;127931;+;346.6	134;108858;110282;+;89.3	140;113110;115749;+;89.0	132;107565;108131;+;169.3	145;118208;118846;+;66.9	146;118905;120860;+;259.4	159;130546;132858;+;393.1	135;110354;110938;+;54.7	159;130546;132858;+;66.6	A	9/9	contiguous	22981	1	1	127954..128556+;200;TraS;0
CP035908.1	MPF_F	IncC	202	0	0	GA	0															not_admitted	not_admitted	not_admitted	not_admitted	not_admitted	not_admitted	not_admitted	not_admitted	not_admitted	not_admitted	1	95;70558;71565;+;332.9	190;151905;153338;+;339.2	189;150875;151903;+;221.7	90;65364;67811;+;354.2	191;153351;156965;+;374.7	80;52765;54081;+;135.0	90;65364;67811;+;128.6	78;51241;51867;+;92.1	93;68628;69893;+;67.6	96;71681;74476;+;145.3	69;45566;47431;+;47.4	81;54078;54656;+;100.2	69;45566;47431;+;52.0	A	9/9	split_2	107785	0	1	
CP035910.1	MPF_T	IncX3	55	0	0	GA	1	16;14651;15295;-;46.4	15;14377;14667;-;73.1	14;11599;14352;-;47.0	14;11599;14352;-;142.4	14;11599;14352;-;73.3	13;10819;11589;-;60.1	11;9485;10540;-;133.2		10;8562;9290;-;119.4	9;7627;8556;-;138.8	8;6416;7630;-;128.3	6;5186;6220;-;65.7	5;3348;5183;-;495.9		pfam	pfam_only	A	7/7	canonical	1	1	unscoreable	2	0	0														not_admitted	not_admitted	not_admitted	not_admitted	not_admitted	not_admitted	not_admitted
CP036400.2	MPF_T	IncN	75	0	0	GA	1	29;22041;22775;+;32.5		32;23418;23735;+;63.3	33;23735;26335;+;113.8	33;23735;26335;+;76.4	34;26353;27066;+;105.5	36;27317;28357;+;142.4		37;28576;29274;+;131.9	38;29285;30169;+;159.7	39;30169;31329;+;156.3	40;31371;32366;+;81.2	52;45315;46844;-;38.5		pfam	both	A	7/7	canonical	1	0	unscoreable	3	0	0														not_admitted	not_admitted	not_admitted	not_admitted	not_admitted	not_admitted	not_admitted
CP038003.1	MPF_F	IncFII(pHN7A8);repB(R1701)	194	0	0	GA	0															not_admitted	not_admitted	not_admitted	not_admitted	not_admitted	not_admitted	not_admitted	not_admitted	not_admitted	not_admitted	1	48;37888;38880;-;369.5			51;39889;42516;-;301.8		56;44571;45998;-;94.1	51;39889;42516;-;101.8	58;46713;47279;-;183.8			51;39889;42516;-;20.8	52;43032;43547;-;77.6		D	4/9	contiguous	8825	0	0	
CP038004.1	MPF_F	IncFIB(K);IncFII(pKP91)	261	0	0	GA	0															not_admitted	not_admitted	not_admitted	not_admitted	not_admitted	not_admitted	not_admitted	not_admitted	not_admitted	not_admitted	1	216;191108;192097;-;363.3	205;183922;185289;-;382.2	209;186547;187299;-;233.7	220;193554;196193;-;259.4	204;181073;183922;-;342.9	230;200155;201579;-;89.2	220;193554;196193;-;88.3	232;202306;202872;-;167.9	214;190185;190832;-;65.9	213;188171;190126;-;259.5	200;176979;179261;-;393.3	228;198959;199543;-;53.8	200;176979;179261;-;65.9	A	9/9	contiguous	25327	1	1	180540..181070-;176;unnamed;0
CP038200.1	-	-	63	0	0	GA	1	5;3784;4968;+;82.9	1;638;955;+;72.2	2;961;1239;+;77.4	3;1229;3607;+;86.0	3;1229;3607;+;39.3	6;4970;5752;+;48.7	12;10068;11129;+;102.9		7;5760;6464;+;130.3	8;6461;7174;+;148.2	9;7171;8571;+;194.1	10;8574;9584;+;108.8	19;14299;16314;-;263.7		pfam	pfam_only	A	7/7	canonical	1	0	unscoreable	8	0	0														not_admitted	not_admitted	not_admitted	not_admitted	not_admitted	not_admitted	not_admitted
CP038202.1	MPF_T	-	1418	0	0	GA	1		1349;1395255;1395587;-;86.8	1348;1394974;1395255;-;34.9	1347;1392504;1394960;-;32.1	1347;1392504;1394960;-;132.9	1346;1391734;1392507;-;241.0	1344;1390602;1391357;-;155.7					1350;1395584;1396519;-;120.4	1353;1398063;1398590;-;49.9		conjscan	conjscan_only	D	4/7	canonical	1	0	unscoreable	4	0	0														not_admitted	not_admitted	not_admitted	not_admitted	not_admitted	not_admitted	not_admitted
CP038433.1	MPF_F	IncFIB(S);IncFII(S);IncFII(pAR0022)	118	0	0	GA	0															not_admitted	not_admitted	not_admitted	not_admitted	not_admitted	not_admitted	not_admitted	not_admitted	not_admitted	not_admitted	1	90;66579;67571;+;366.7	99;72819;74201;+;392.4	96;71038;71787;+;231.0	87;62944;65592;+;314.1	100;74198;77020;+;394.4	78;58990;60411;+;91.5	87;62944;65592;+;97.8	76;57697;58263;+;188.1	92;67883;68521;+;70.6	94;68974;70800;+;271.0	103;78674;80836;+;374.1	82;61217;61732;+;96.7	103;78674;80836;+;72.1	A	9/9	contiguous	20977	1	1	77042..77530+;162;TraS;0
CP038435.1	MPF_F	IncFIB(S);IncFII(S);IncFII(pAR0022)	118	0	0	GA	0															not_admitted	not_admitted	not_admitted	not_admitted	not_admitted	not_admitted	not_admitted	not_admitted	not_admitted	not_admitted	1	90;66579;67571;+;366.7	99;72819;74201;+;392.4	96;71038;71787;+;231.0	87;62944;65592;+;314.1	100;74198;77020;+;394.4	78;58990;60411;+;91.5	87;62944;65592;+;97.8	76;57697;58263;+;188.1	92;67883;68521;+;70.6	94;68974;70800;+;271.0	103;78674;80836;+;374.1	82;61217;61732;+;96.7	103;78674;80836;+;72.1	A	9/9	contiguous	20977	1	1	77042..77530+;162;TraS;0
CP039389.1	MPF_T	-	71	0	0	GA	1	48;36855;37493;-;46.6	47;36581;36868;-;64.7	46;33803;36562;-;42.1	46;33803;36562;-;133.2	46;33803;36562;-;61.7	45;33045;33746;-;52.1	43;31690;32766;-;127.7		41;30817;31563;-;91.3	38;28697;29617;-;142.8	37;27189;28700;-;138.3	36;26126;27187;-;75.0	34;24158;25000;-;260.3		pfam	pfam_only	A	7/7	canonical	1	1	unscoreable	3	0	0														not_admitted	not_admitted	not_admitted	not_admitted	not_admitted	not_admitted	not_admitted
CP039390.1	MPF_F	IncHI2;IncHI2A	382	0	0	GA	0															not_admitted	not_admitted	not_admitted	not_admitted	not_admitted	not_admitted	not_admitted	not_admitted	not_admitted	not_admitted	1	202;177691;178749;-;276.9	24;22330;23745;+;194.1	23;21294;22340;+;173.7	221;199387;202068;-;168.0	25;23754;27704;+;101.6	225;204398;205753;-;80.7	221;199387;202068;-;72.2	228;207477;208265;-;74.8	204;178891;180402;-;62.7	201;174484;177672;-;58.3	14;10938;13022;-;56.7	222;202077;203027;-;46.4	381;336200;337012;-;41.5	A	9/9	split_4	325262	0	1	
CP039391.1	MPF_F	IncFII(S);IncFII(SARC14)	122	0	0	GA	0															not_admitted	not_admitted	not_admitted	not_admitted	not_admitted	not_admitted	not_admitted	not_admitted	not_admitted	not_admitted	1	95;86064;87065;+;355.1	11;7578;8939;+;334.4	98;89519;90298;+;197.0	92;82411;85002;+;219.6	12;8941;11838;+;294.5	87;79406;80767;+;83.7	92;82411;85002;+;88.7	85;78126;78689;+;145.9	6;3722;4342;+;80.0	7;4339;6168;+;256.9	15;13478;15727;+;376.3	91;81787;82401;+;49.4	15;13478;15727;+;67.3	A	9/9	split_2	85797	1	1	11850..12410+;186;unnamed;0
CP039577.1	MPF_F	IncFIB(S);IncFII(S);IncFII(pAR0022)	183	0	0	GA	0															not_admitted	not_admitted	not_admitted	not_admitted	not_admitted	not_admitted	not_admitted	not_admitted	not_admitted	not_admitted	1	37;34069;35061;-;366.7	28;27439;28821;-;392.4	31;29853;30602;-;231.0	40;36048;38696;-;314.1	27;24620;27442;-;394.4	48;41229;42650;-;91.5	40;36048;38696;-;97.8	50;43377;43943;-;188.1	35;33119;33757;-;70.6	33;30840;32666;-;271.0	24;20714;22966;-;371.4	45;39908;40423;-;96.7	24;20714;22966;-;69.6	A	9/9	contiguous	22663	1	1	24110..24598-;162;TraS;0
CP039586.1	MPF_F	IncFIB(S);IncFII(S);IncFII(pAR0022)	116	0	0	GA	0															not_admitted	not_admitted	not_admitted	not_admitted	not_admitted	not_admitted	not_admitted	not_admitted	not_admitted	not_admitted	1	12;8330;9322;+;366.7	21;14570;15952;+;392.4	18;12789;13538;+;231.0	9;4695;7343;+;314.1	22;15949;18648;+;394.5	1;741;2162;+;89.7	9;4695;7343;+;97.8		14;9634;10272;+;70.6	16;10725;12551;+;271.0	25;20432;22648;+;374.0	4;2968;3483;+;96.7	25;20432;22648;+;72.0	B	8/9	contiguous	19691	1	1	18800..19288+;162;TraS;0
CP039587.1	MPF_T	IncI2(Delta)	77	0	0	GA	1	75;58010;58492;+;81.1		61;42654;42938;+;36.6	62;42944;45301;+;58.5	62;42944;45301;+;44.9	51;36649;37296;+;41.6	50;35657;36643;+;122.2		64;45467;46201;+;144.4	65;46198;46968;+;169.7	66;46958;48097;+;154.7	72;54703;56241;+;207.1	68;49187;51145;+;286.9		pfam	pfam_only	A	7/7	rearranged	1	0	unscoreable	14	0	0														not_admitted	not_admitted	not_admitted	not_admitted	not_admitted	not_admitted	not_admitted
CP039629.1	-	-	257	0	0	GA	0															not_admitted	not_admitted	not_admitted	not_admitted	not_admitted	not_admitted	not_admitted	not_admitted	not_admitted	not_admitted	1	174;157914;158924;+;101.2			172;154219;157191;+;143.0	179;161391;162914;+;60.6		172;154219;157191;+;32.6				89;84523;86667;+;28.0		89;84523;86667;+;50.4	D	3/9	split_2	76868	1	0	162911..164386+;491;unnamed;0
CP039630.1	-	-	122	0	0	GA	0															not_admitted	not_admitted	not_admitted	not_admitted	not_admitted	not_admitted	not_admitted	not_admitted	not_admitted	not_admitted	1	0;18;1028;-;397.7	96;72247;73644;-;309.5	98;74035;74901;-;126.4	110;84697;87345;-;218.8	95;68348;72238;-;210.6	113;88628;90220;-;79.6	6;5985;7373;-;102.6	16;12296;12853;-;69.5	101;77769;78695;-;94.7	99;74985;76583;-;310.7	87;59320;60630;+;214.8		87;59320;60630;+;70.4	B	8/9	split_2	88610	1	1	68004..68351-;115;unnamed;0
CP039912.1	MPF_T	-	384	0	0	GA	1	322;325310;326401;+;87.1	382;383375;383761;-;75.2	320;322551;322850;+;78.3	380;380638;383073;-;175.4	380;380638;383073;-;121.8	379;379836;380645;-;60.8	324;327348;328376;+;152.9		325;328410;329102;+;177.5	326;329099;329911;+;201.8	373;375170;376468;-;226.7	328;331103;332125;+;134.6	361;363179;365140;-;533.7		conjscan	both	A	7/7	uncallable	0	0	unscoreable	7	0	0														not_admitted	not_admitted	not_admitted	not_admitted	not_admitted	not_admitted	not_admitted
CP039913.1	MPF_T	-	404	0	0	GA	1		201;188910;189209;-;88.9	200;188566;188907;-;102.5	199;186192;188573;-;178.8	199;186192;188573;-;105.7	198;185494;186192;-;202.4	196;184306;185259;-;165.4		194;183349;184020;-;215.5	193;182498;183352;-;184.4	192;181311;182483;-;182.3	191;180304;181302;-;98.7	228;217539;219455;+;321.5		pfam	both	A	7/7	canonical	1	0	unscoreable	2	0	0														not_admitted	not_admitted	not_admitted	not_admitted	not_admitted	not_admitted	not_admitted
CP039914.1	MPF_T	-	78	0	0	GA	1	38;39334;40086;-;33.9	36;36501;36812;-;79.8	35;36161;36484;-;84.5	34;33664;36153;-;216.6	34;33664;36153;-;104.0	33;32940;33656;-;195.6	31;31412;32494;-;163.7		30;30372;31097;-;196.2	29;29491;30375;-;188.1	28;28331;29494;-;195.1	27;27265;28347;-;96.6	25;23815;26499;-;306.8		pfam	both	A	7/7	canonical	1	0	unscoreable	3	0	0														not_admitted	not_admitted	not_admitted	not_admitted	not_admitted	not_admitted	not_admitted
CP039918.1	MPF_T	-	401	0	0	GA	1		8;7156;7455;+;89.6	9;7462;7800;+;103.6	10;7793;10159;+;175.9	10;7793;10159;+;109.8	11;10156;10857;+;196.8	13;11088;12020;+;167.5		15;12343;13014;+;212.7	16;13011;13868;+;185.7	17;13877;15052;+;178.6	18;15061;16107;+;112.3	49;44200;46119;-;326.4		pfam	both	A	7/7	canonical	1	0	unscoreable	2	0	0														not_admitted	not_admitted	not_admitted	not_admitted	not_admitted	not_admitted	not_admitted
CP039919.1	MPF_T	-	142	0	0	GA	1		139;134685;135095;-;74.8	138;134393;134692;-;59.0	137;131913;134381;-;191.0	137;131913;134381;-;133.8	136;131132;131941;-;41.6	134;129724;130914;-;110.4		133;129046;129708;-;121.9	132;128174;128995;-;190.1	130;126375;127682;-;224.8	140;135085;136056;-;129.2	80;75444;77387;-;561.9		conjscan	conjscan_only	A	7/7	canonical	1	0	unscoreable	3	0	0														not_admitted	not_admitted	not_admitted	not_admitted	not_admitted	not_admitted	not_admitted
CP040043.1	MPF_F	-	119	0	0	GA	0															not_admitted	not_admitted	not_admitted	not_admitted	not_admitted	not_admitted	not_admitted	not_admitted	not_admitted	not_admitted	1	102;66437;67480;+;369.2	107;71459;72886;+;325.8	105;70249;71061;+;219.1	98;62149;64875;+;164.6	108;72902;75904;+;208.7	94;59151;60467;+;102.7	98;62149;64875;+;108.4	92;57860;58438;+;82.6	103;67495;68202;+;107.6	104;68199;70256;+;92.2	54;32306;34465;+;381.3	97;61495;62139;+;41.9	54;32306;34465;+;90.0	A	9/9	split_2	40596	1	1	75976..76494+;172;unnamed;0
CP040176.1	MPF_F	Col(pHAD28);IncFIB(K);IncFII(pKP91)	273	0	0	GA	0															not_admitted	not_admitted	not_admitted	not_admitted	not_admitted	not_admitted	not_admitted	not_admitted	not_admitted	not_admitted	1	201;182538;183527;+;363.3	212;189346;190713;+;382.2	208;187336;188088;+;233.7	197;178442;181081;+;259.4	213;190713;193562;+;342.9	187;173056;174480;+;89.2	197;178442;181081;+;88.3	185;171763;172329;+;167.9	203;183803;184450;+;65.9	204;184509;186464;+;259.5	217;195374;197656;+;393.3	189;175092;175676;+;53.8	217;195374;197656;+;65.9	A	9/9	contiguous	23611	1	1	193565..194095+;176;unnamed;0
CP040178.1	MPF_T	IncN	76	0	0	GA	1	62;48133;48867;+;32.5		65;49510;49827;+;63.3	66;49827;52427;+;113.8	66;49827;52427;+;76.4	67;52445;53158;+;105.5	69;53409;54449;+;142.4		70;54668;55366;+;131.9	71;55377;56261;+;159.7	72;56261;57421;+;156.3	73;57463;58458;+;81.2	23;20529;22058;-;38.5		pfam	both	A	7/7	canonical	1	0	unscoreable	3	0	0														not_admitted	not_admitted	not_admitted	not_admitted	not_admitted	not_admitted	not_admitted
CP040446.1	MPF_T	IncX3	58	0	0	GA	1	53;42560;43204;-;46.4	52;42286;42576;-;73.1	51;39508;42261;-;47.0	51;39508;42261;-;142.4	51;39508;42261;-;73.3	50;38728;39498;-;60.1	48;37394;38449;-;133.2		47;36471;37199;-;119.4	46;35536;36465;-;138.8	45;34325;35539;-;128.3	43;33095;34129;-;65.7	42;31257;33092;-;495.9		pfam	pfam_only	A	7/7	canonical	1	1	unscoreable	2	0	0														not_admitted	not_admitted	not_admitted	not_admitted	not_admitted	not_admitted	not_admitted
CP040459.1	-	-	154	0	0	GA	0															not_admitted	not_admitted	not_admitted	not_admitted	not_admitted	not_admitted	not_admitted	not_admitted	not_admitted	not_admitted	1	100;84148;85191;+;299.2			97;79897;82371;+;277.8		90;68362;69684;+;130.0	97;79897;82371;+;132.6	86;66035;66670;+;90.1	99;82943;84151;+;65.9	66;47418;50684;+;124.3	81;62049;63884;+;42.4	91;69695;70168;+;85.7	81;62049;63884;+;57.1	C	6/9	contiguous	36730	0	1	
CP040826.1	MPF_T	IncN2	52	0	0	GA	1	5;2780;3562;+;33.2	7;3809;4105;+;36.0	8;4144;4461;+;71.9	9;4462;7035;+;118.0	9;4462;7035;+;74.2	10;7051;7752;+;98.9	13;8362;9057;+;86.7	14;9134;9265;+;39.6	15;9276;9971;+;127.6	16;9982;10869;+;142.7	17;10869;12008;+;172.5	18;12059;13060;+;90.1	33;27300;28694;-;42.7		pfam	both	A	7/7	canonical	1	0	ga	3	0	0														not_admitted	not_admitted	not_admitted	not_admitted	not_admitted	not_admitted	not_admitted
CP041053.1	MPF_T	ColKP3;IncX3	65	0	0	GA	1	13;12480;13124;-;46.4	12;12206;12496;-;68.2	11;9428;12181;-;44.3	11;9428;12181;-;129.6	11;9428;12181;-;73.2	10;8648;9418;-;61.4	8;7314;8369;-;132.7		7;6391;7119;-;119.5	6;5456;6385;-;132.9	5;4245;5459;-;125.8	3;3015;4049;-;65.5	2;1177;3012;-;483.2		pfam	pfam_only	A	7/7	canonical	1	1	unscoreable	2	0	0														not_admitted	not_admitted	not_admitted	not_admitted	not_admitted	not_admitted	not_admitted
CP041128.1	MPF_F	pSM22	79	0	0	GA	0															not_admitted	not_admitted	not_admitted	not_admitted	not_admitted	not_admitted	not_admitted	not_admitted	not_admitted	not_admitted	1	54;35323;36321;+;364.8	62;41114;41821;+;226.3	58;39051;39845;+;202.2	48;30139;32712;+;257.7	64;42480;45008;+;301.8	43;26927;28318;+;88.5	48;30139;32712;+;91.7	41;25641;26207;+;157.1	55;36332;37006;+;62.9	57;37152;38726;+;90.3	68;46045;48246;+;389.2	47;29516;30070;+;54.0	68;46045;48246;+;67.5	A	9/9	contiguous	20404	0	1	
CP041205.1	MPF_T	-	691	0	0	GA	1		451;469835;470134;+;88.6	452;470137;470478;+;106.1	453;470471;472852;+;172.5	453;470471;472852;+;107.5	454;472852;473550;+;210.1	456;473785;474720;+;163.9		458;475026;475697;+;219.5	459;475694;476548;+;185.3	460;476563;477735;+;183.7	461;477744;478754;+;99.5	394;410756;412675;-;323.0		pfam	both	A	7/7	canonical	1	0	unscoreable	2	0	0														not_admitted	not_admitted	not_admitted	not_admitted	not_admitted	not_admitted	not_admitted
CP041206.1	MPF_T	-	518	0	0	GA	1	210;222244;223419;+;71.3	207;219055;219414;+;44.5	208;219417;219743;+;49.7	209;219747;222266;+;135.8	209;219747;222266;+;94.0		212;224449;225522;+;83.2		213;225630;226364;+;111.4	214;226361;227194;+;182.3	215;227205;228539;+;191.4	216;228536;229585;+;128.0	217;229554;232355;+;221.5		none	none	A	7/7	canonical	0	0	unscoreable	1	0	0														not_admitted	not_admitted	not_admitted	not_admitted	not_admitted	not_admitted	not_admitted
CP041381.1	MPF_T	-	89	0	0	GA	1	22;19511;20101;-;63.4	51;40026;40322;+;39.7	52;40338;40670;+;81.4	53;40660;43272;+;117.8	53;40660;43272;+;87.5	54;43269;43973;+;147.4							19;14221;16254;-;348.6		pfam	both	D	2/7	uncallable	0	0	unscoreable	8	0	0														not_admitted	not_admitted	not_admitted	not_admitted	not_admitted	not_admitted	not_admitted
CP041648.1	MPF_F	IncFIA(HI1);IncFII(pKP91)	194	0	0	GA	0															not_admitted	not_admitted	not_admitted	not_admitted	not_admitted	not_admitted	not_admitted	not_admitted	not_admitted	not_admitted	1	108;98854;99846;-;362.9	97;91479;92846;-;382.8	102;94548;95300;-;235.3	111;100872;103511;-;259.1	96;88636;91479;-;345.8	121;107313;108023;-;75.5	111;100872;103511;-;83.9	125;109462;110028;-;167.6	107;98203;98841;-;66.0	106;96189;98144;-;255.2	92;83893;86049;-;393.3	119;106132;106701;-;53.7	92;83893;86049;-;66.6	A	9/9	contiguous	25569	1	1	88101..88625-;174;unnamed;0
CP041935.1	MPF_F	IncFIB(pNDM-Mar);IncHI1B(pNDM-MAR)	312	0	0	GA	0															not_admitted	not_admitted	not_admitted	not_admitted	not_admitted	not_admitted	not_admitted	not_admitted	not_admitted	not_admitted	1	241;219982;221019;-;282.3	75;56142;57551;+;190.4	74;55115;56152;+;175.6	253;231851;234568;-;149.6	76;57553;61521;+;121.3	257;236681;238051;-;65.6	253;231851;234568;-;85.2	260;239697;240557;-;79.0	242;221016;222377;-;69.9	240;216787;219972;-;59.6	67;45790;47916;-;57.7	254;234613;235350;-;56.9	67;45790;47916;-;41.0	A	9/9	split_2	193907	0	1	
CP041936.1	MPF_F	IncFIB(K)	248	0	0	GA	0															not_admitted	not_admitted	not_admitted	not_admitted	not_admitted	not_admitted	not_admitted	not_admitted	not_admitted	not_admitted	1	175;180252;181244;-;362.9	165;173321;174688;-;382.8	169;175946;176698;-;233.7	178;182270;184909;-;259.1	164;170484;173321;-;337.5	188;188711;190135;-;88.4	178;182270;184909;-;83.9	190;190862;191428;-;168.4	174;179601;180239;-;66.0	173;177587;179542;-;255.2	160;165586;167895;-;393.1	186;187530;188099;-;53.7	160;165586;167895;-;66.6	A	9/9	contiguous	25276	1	1	169949..170473-;174;unnamed;0
CP041937.1	MPF_F	IncFII(pBK30683)	85	0	0	GA	0															not_admitted	not_admitted	not_admitted	not_admitted	not_admitted	not_admitted	not_admitted	not_admitted	not_admitted	not_admitted	1	55;40962;41954;+;362.9	68;49527;50894;+;380.7	64;47517;48269;+;233.7	52;37297;39936;+;258.5	69;50894;53743;+;345.6	45;32792;34216;+;89.2	52;37297;39936;+;88.7	43;31499;32065;+;169.3	59;43984;44631;+;66.9	60;44690;46645;+;259.7	75;57293;59605;+;392.7	46;34330;34899;+;52.3	75;57293;59605;+;66.5	A	9/9	contiguous	25794	1	1	53756..54304+;182;unnamed;0
CP041938.1	MPF_T	IncX3	74	0	0	GA	1	64;50614;51258;+;46.4	65;51242;51532;+;73.1	66;51557;54310;+;47.0	66;51557;54310;+;142.4	66;51557;54310;+;73.3	67;54320;55090;+;60.1	69;55369;56424;+;133.2		70;56619;57347;+;119.4	71;57353;58282;+;138.8	72;58279;59493;+;128.3	0;2;598;+;67.1	1;601;2436;+;495.9		pfam	pfam_only	A	7/7	canonical	1	1	unscoreable	1	0	0														not_admitted	not_admitted	not_admitted	not_admitted	not_admitted	not_admitted	not_admitted
CP042359.1	MPF_F	-	465	0	0	GA	0															not_admitted	not_admitted	not_admitted	not_admitted	not_admitted	not_admitted	not_admitted	not_admitted	not_admitted	not_admitted	1	45;35493;36479;+;351.0	52;40769;42124;+;347.1	49;39185;39940;+;199.3	42;31857;34448;+;239.1	53;42127;44988;+;304.1	39;29633;30958;+;95.2	42;31857;34448;+;90.7	37;28356;28922;+;135.4	47;36709;37323;+;71.7	48;37320;39188;+;239.2	55;45598;47796;+;357.9	41;31308;31844;+;41.2	55;45598;47796;+;64.8	A	9/9	contiguous	17242	1	1	44975..45535+;186;unnamed;0
CP042360.1	MPF_F	-	119	0	0	GA	0															not_admitted	not_admitted	not_admitted	not_admitted	not_admitted	not_admitted	not_admitted	not_admitted	not_admitted	not_admitted	1	95;91640;92626;-;356.4	84;83646;85007;-;359.9	92;88366;89139;-;209.0	102;96114;98729;-;228.5	83;80458;83646;-;303.7	106;100018;101394;-;91.1	102;96114;98729;-;98.3	12;11598;12167;-;111.4	94;90998;91630;-;71.5	93;89136;91001;-;224.7	80;76255;78777;-;351.5	103;98729;99289;-;37.1	80;76255;78777;-;63.9	A	9/9	split_2	88420	1	1	79921..80445-;174;unnamed;0
CP042500.1	MPF_F	-	166	0	0	GA	0															not_admitted	not_admitted	not_admitted	not_admitted	not_admitted	not_admitted	not_admitted	not_admitted	not_admitted	not_admitted	1	120;114203;115192;-;351.3	113;108471;109835;-;360.2	117;110968;111747;-;213.6	127;117699;120299;-;214.3	112;104713;108471;-;303.4	129;120929;122335;-;94.9	127;117699;120299;-;97.0	131;123084;123668;-;97.6	119;113573;114193;-;59.0	118;111747;113576;-;216.1	107;100426;102909;-;360.5	128;120296;120850;-;42.0	107;100426;102909;-;67.0	A	9/9	contiguous	22658	1	1	104102..104698-;198;unnamed;0
CP042600.1	MPF_F	IncFIA;IncFIB(AP001918)	162	0	0	GA	0															not_admitted	not_admitted	not_admitted	not_admitted	not_admitted	not_admitted	not_admitted	not_admitted	not_admitted	not_admitted	1	71;55948;56475;-;131.1		66;52009;52752;-;232.6	75;58947;60110;-;239.6		80;62021;63448;-;94.1	74;57484;58965;-;101.6	82;64195;64569;-;130.6	69;54837;55475;-;64.0	68;53032;54840;-;259.8	74;57484;58965;-;24.1	76;60626;61141;-;78.0		C	7/9	contiguous	12186	0	1	
CP042601.1	MPF_F	IncFII	109	0	0	GA	0															not_admitted	not_admitted	not_admitted	not_admitted	not_admitted	not_admitted	not_admitted	not_admitted	not_admitted	not_admitted	1	10;6042;7664;-;362.1	87;58992;60275;+;369.1	83;56322;56930;+;175.0	13;9730;10263;-;119.6	88;60363;61124;+;206.9	22;15006;16046;-;93.4	12;8044;9630;-;99.4	25;17173;17739;-;174.3		81;55431;56045;+;184.4	94;65456;67762;+;391.0	19;13664;14146;-;54.1	94;65456;67762;+;70.2	B	8/9	split_2	59414	1	1	61121..61612+;163;unnamed;0
CP042602.1	MPF_T	IncP1	88	0	0	GA	1		18;9575;9958;+;63.2		22;11122;11523;+;50.0	21;10422;11132;+;109.8	31;16307;17077;+;104.8	32;17266;18501;+;114.6		26;13035;13361;+;34.2	27;13554;14426;+;147.3	30;15737;16294;+;212.3	17;8502;9227;+;98.9	68;38907;39926;-;257.4		conjscan	conjscan_only	A	7/7	canonical	1	0	unscoreable	8	0	0														not_admitted	not_admitted	not_admitted	not_admitted	not_admitted	not_admitted	not_admitted
CP042607.1	MPF_T	IncX4	51	0	0	GA	1	29;18529;19101;+;41.8	30;19162;19488;+;64.4	31;19507;19815;+;68.0	32;19812;20912;+;122.6	32;19812;20912;+;49.2	34;22263;22823;+;78.2	36;22992;24143;+;147.1		38;24600;26192;+;166.2	38;24600;26192;+;139.1	39;26185;27201;+;120.3	41;27304;28332;+;84.8	42;28364;29965;+;277.3		pfam	both	A	7/7	canonical	1	0	unscoreable	4	0	0														not_admitted	not_admitted	not_admitted	not_admitted	not_admitted	not_admitted	not_admitted
CP042616.1	MPF_F	IncHI2;IncHI2A	337	0	0	GA	0															not_admitted	not_admitted	not_admitted	not_admitted	not_admitted	not_admitted	not_admitted	not_admitted	not_admitted	not_admitted	1	174;142859;143917;+;277.4	104;84624;85508;-;150.9	105;85498;86439;-;170.0	151;119974;121431;+;142.2	102;83562;84083;-;52.0		152;121551;122471;+;56.2	139;113876;114175;+;43.4	171;141415;142296;+;57.0	175;143936;147124;+;57.1	113;93586;95550;+;52.0	149;118831;119781;+;46.7	113;93586;95550;+;38.4	A	9/9	split_2	60374	1	1	82684..83556-;290;unnamed;0
CP042621.1	MPF_F	IncFII(pCoo)	106	0	0	GA	0															not_admitted	not_admitted	not_admitted	not_admitted	not_admitted	not_admitted	not_admitted	not_admitted	not_admitted	not_admitted	1	71;48474;49001;+;130.2	83;54164;54700;+;186.6	78;52199;52624;+;85.2	64;45007;45777;+;166.5	86;56076;57971;+;203.5	60;42162;43001;+;79.7	66;46413;47465;+;52.2	57;40215;40781;+;183.8	74;49796;50113;+;43.3	76;51296;51919;+;209.4	91;60275;62092;+;386.4	62;43807;44322;+;78.0	91;60275;62092;+;70.8	A	9/9	contiguous	20060	1	1	57958..58359+;133;unnamed;0
CP042628.1	MPF_F	IncHI2;IncHI2A	263	0	0	GA	0															not_admitted	not_admitted	not_admitted	not_admitted	not_admitted	not_admitted	not_admitted	not_admitted	not_admitted	not_admitted	1	206;160856;161947;-;276.8			227;181480;184161;-;168.0		24;17093;18043;-;84.3	227;181480;184161;-;72.4	237;189570;190082;-;71.5	209;162476;163564;-;56.0	204;157648;159216;-;59.7		228;184170;185120;-;47.1		C	6/9	split_2	172477	0	1	
CP042629.1	MPF_F	IncFII(29);IncX4	233	1	1	GA	1	181;111595;112104;-;74.6	46;27507;27800;+;30.6	47;27858;28178;+;46.2	48;28181;29956;+;80.6	48;28181;29956;+;32.0	41;24931;25572;-;33.9	43;25968;26570;-;51.9		51;30686;31423;+;159.5	53;31499;32200;+;165.6	54;32190;33332;+;145.6	55;33332;34351;+;91.9	57;35376;36347;+;187.5	207;126729;127571;+;259.7	pfam	pfam_only	A	7/7	uncallable	0	0	unscoreable	40	0	1	201;122467;124089;+;327.3	213;130158;131531;+;376.8	209;127849;128457;+;175.1	196;119462;120103;+;102.7	214;131528;132658;+;313.2	54;32190;33332;+;145.6	198;120469;121812;+;101.4	188;114841;115407;+;183.8	205;125408;125725;+;42.7	207;126729;127571;+;259.7	220;137024;138886;+;392.4	193;118431;118946;+;74.4	220;137024;138886;+;70.7	A	9/9	split_2	104834	1	1	132667..134343+;558;unnamed;0
CP042630.1	MPF_F	IncFIB(AP001918);IncFIC(FII)	188	0	0	GA	0															not_admitted	not_admitted	not_admitted	not_admitted	not_admitted	not_admitted	not_admitted	not_admitted	not_admitted	not_admitted	1	163;116246;116773;+;132.9	174;121933;123306;+;380.7	168;119969;120577;+;173.1	157;112610;113548;+;197.9	175;123303;124061;+;200.4	153;109270;110775;+;93.9	159;114184;115236;+;52.2	150;107988;108554;+;183.8	165;117246;117884;+;68.3	166;117881;119689;+;259.8	179;127658;129838;+;383.0	156;111579;112094;+;78.0	179;127658;129838;+;70.5	A	9/9	contiguous	19670	1	1	124046..126124+;692;unnamed;0
CP042633.1	MPF_F	IncFII(pSE11)	125	0	0	GA	0															not_admitted	not_admitted	not_admitted	not_admitted	not_admitted	not_admitted	not_admitted	not_admitted	not_admitted	not_admitted	1	118;84077;84604;+;156.7			115;82462;82935;+;75.7		110;79126;80352;+;90.9	116;82935;83609;+;56.5	108;77845;78411;+;181.4				112;80882;81946;+;72.6		D	4/9	contiguous	6232	0	0	
CP042639.1	MPF_F	IncHI2;IncHI2A	391	0	0	GA	0															not_admitted	not_admitted	not_admitted	not_admitted	not_admitted	not_admitted	not_admitted	not_admitted	not_admitted	not_admitted	1	333;232432;233523;-;271.7	113;73648;75063;+;193.4	111;72610;73383;+;145.5	359;254983;255564;-;50.0	114;75072;75683;+;50.7	366;258074;258769;-;82.2	357;253062;254684;-;75.3	370;261153;261941;-;74.8	336;234249;234848;-;56.7	331;229370;230014;-;26.1	102;63484;65568;-;51.9	361;255755;256357;-;40.3	102;63484;65568;-;38.3	A	9/9	split_2	197669	1	1	75730..76305+;191;unnamed;0
CP042642.1	MPF_F	IncFII	118	0	0	GA	0															not_admitted	not_admitted	not_admitted	not_admitted	not_admitted	not_admitted	not_admitted	not_admitted	not_admitted	not_admitted	1	77;52818;53147;+;108.3	90;57838;59046;+;380.3	85;56267;56485;+;71.9	69;48523;49395;+;164.8	93;59400;59990;+;147.2	66;45851;46612;+;79.8	71;50234;51151;+;51.2	63;43903;44439;+;173.6	78;53156;53575;+;29.4	81;54967;55347;+;142.4	100;64233;65438;+;340.6	68;47492;48007;+;78.0	100;64233;65438;+;71.6	A	9/9	contiguous	20330	1	1	59987..60361+;124;unnamed;0
CP042643.1	MPF_T	IncN	63	0	0	GA	1	20;13071;13757;+;31.8		23;14399;14716;+;62.7	25;15639;15953;+;57.3	24;14716;15672;+;74.1	27;17334;18047;+;96.4	29;18298;19299;+;44.3		31;19942;20259;+;71.7	32;20332;21099;+;120.2	33;21192;22106;+;79.7	36;22847;23239;+;73.5	45;27931;28974;-;39.6		pfam	both	A	7/7	canonical	1	0	unscoreable	13	0	0														not_admitted	not_admitted	not_admitted	not_admitted	not_admitted	not_admitted	not_admitted
CP042644.1	MPF_T	IncX4	50	0	0	GA	1	5;4062;4634;-;41.9	4;3675;4001;-;64.4	3;2940;3656;-;66.1	2;2105;2893;-;154.9	3;2940;3656;-;31.9	0;181;897;-;92.5	49;32609;33247;-;110.6		46;30268;31860;-;166.2	46;30268;31860;-;139.1	45;29259;30275;-;120.3	43;28464;29156;-;31.8	41;26281;28098;-;310.4		pfam	pfam_only	A	7/7	rearranged	1	0	unscoreable	5	0	0														not_admitted	not_admitted	not_admitted	not_admitted	not_admitted	not_admitted	not_admitted
CP042646.1	MPF_F	IncC	309	0	0	GA	0															not_admitted	not_admitted	not_admitted	not_admitted	not_admitted	not_admitted	not_admitted	not_admitted	not_admitted	not_admitted	1	79;54779;54985;-;56.6	249;152133;152825;-;86.3	252;153566;154339;-;184.6	87;58607;60415;-;314.0	248;151083;152120;-;217.0	179;114116;115051;-;86.7	87;58607;60415;-;72.3	102;70322;70966;-;90.7	83;56517;57287;-;64.3	77;51439;53193;-;141.5	112;74755;76368;-;48.0	97;67532;67870;-;62.9	112;74755;76368;-;52.2	A	9/9	split_3	102127	1	1	150251..151123-;290;unnamed;0
CP042647.1	MPF_T	IncX4	63	0	0	GA	1	23;11569;11940;+;30.6	29;13973;14221;+;60.5	30;14281;14676;+;33.3	32;15129;15458;+;62.1		35;17001;17462;+;50.5	37;17768;18880;+;148.1		39;19396;20916;+;158.8	39;19396;20916;+;139.3	41;21565;21942;+;84.2	43;22419;22739;+;33.8	46;24063;24887;+;209.3		pfam	pfam_only	A	7/7	canonical	1	0	unscoreable	13	0	0														not_admitted	not_admitted	not_admitted	not_admitted	not_admitted	not_admitted	not_admitted
CP042948.1	MPF_F	IncFIB(pB171);IncFII(pCoo)	148	0	0	GA	0															not_admitted	not_admitted	not_admitted	not_admitted	not_admitted	not_admitted	not_admitted	not_admitted	not_admitted	not_admitted	1	66;46019;47005;+;355.4	72;51237;51773;+;183.1	70;49826;50605;+;195.3	62;42337;44121;+;216.5	74;52598;55489;+;287.8	57;39384;40748;+;83.1		55;38105;38668;+;136.5	68;47381;48061;+;82.2	69;48078;49829;+;259.6	77;57112;59343;+;371.9	61;41727;42326;+;46.6	77;57112;59343;+;68.9	A	9/9	contiguous	19007	1	1	55499..56056+;185;unnamed;0
CP043014.1	MPF_T	IncI2(Delta)	72	0	0	GA	1	45;32014;32598;-;42.6		43;31333;31617;-;36.6	42;28970;31327;-;60.7	42;28970;31327;-;44.0	53;37131;37775;-;41.0	54;37781;38776;-;123.5		40;28070;28804;-;144.4	39;27303;28073;-;170.5	38;26174;27313;-;154.7	37;25100;26155;-;99.0			pfam	pfam_only	B	6/7	rearranged	1	0	unscoreable	9	0	0														not_admitted	not_admitted	not_admitted	not_admitted	not_admitted	not_admitted	not_admitted
CP043017.1	MPF_T	IncI2(Delta)	77	0	0	GA	1	20;19094;19576;+;81.1		5;3177;3461;+;36.6	6;3467;5824;+;60.7	6;3467;5824;+;44.0	73;55236;55877;+;42.9	72;54235;55230;+;128.5		8;5990;6724;+;144.3	9;6721;7491;+;170.5	10;7481;8620;+;154.7	17;15788;17326;+;207.1	12;9798;11756;+;287.0		pfam	pfam_only	A	7/7	canonical	1	0	unscoreable	8	1	0														not_admitted	not_admitted	not_admitted	not_admitted	not_admitted	not_admitted	not_admitted
CP043241.1	MPF_F	IncFIB(AP001918);IncFII(29)	142	0	0	GA	0															not_admitted	not_admitted	not_admitted	not_admitted	not_admitted	not_admitted	not_admitted	not_admitted	not_admitted	not_admitted	1	0;296;1288;-;365.7	131;129632;131050;-;375.4	137;133557;134300;-;229.1	4;3760;4923;-;242.8	130;126798;129635;-;382.9	11;6978;8345;-;91.8	3;2297;3778;-;102.9	13;9113;9679;-;181.8	141;136380;136697;-;48.0	139;134576;135421;-;265.1	127;123048;125237;-;391.5	7;5439;5954;-;78.8	127;123048;125237;-;70.4	A	9/9	split_2	136084	1	1	126244..126765-;173;unnamed;0
CP043245.1	MPF_F	IncFIB(AP001918);IncFII(29)	144	0	0	GA	0															not_admitted	not_admitted	not_admitted	not_admitted	not_admitted	not_admitted	not_admitted	not_admitted	not_admitted	not_admitted	1	0;296;1288;-;365.7	132;129630;131048;-;375.4	139;133553;134296;-;229.1	3;2297;4924;-;306.8	131;126796;129633;-;382.9	10;6979;8346;-;91.8	3;2297;4924;-;101.6	12;9114;9680;-;181.8	143;136376;136693;-;48.0	141;134572;135417;-;265.1	128;123250;125235;-;391.9	6;5440;5955;-;78.8	128;123250;125235;-;70.5	A	9/9	split_2	136080	1	1	126242..126763-;173;unnamed;0
CP043249.1	MPF_F	IncFIB(AP001918);IncFII(29)	140	0	0	GA	0															not_admitted	not_admitted	not_admitted	not_admitted	not_admitted	not_admitted	not_admitted	not_admitted	not_admitted	not_admitted	1	0;295;1287;-;365.7	129;129648;131066;-;375.4	135;133573;134316;-;229.1	3;2296;4923;-;306.8	128;126814;129651;-;382.9	10;6978;8345;-;91.8	3;2296;4923;-;101.6	12;9113;9679;-;181.8	139;136396;136713;-;48.0	137;134592;135437;-;265.1	125;123055;125253;-;391.5	6;5439;5954;-;78.8	125;123055;125253;-;70.4	A	9/9	split_2	136101	1	1	126260..126781-;173;unnamed;0
CP043253.1	MPF_F	IncFIB(AP001918);IncFII(29)	143	0	0	GA	0															not_admitted	not_admitted	not_admitted	not_admitted	not_admitted	not_admitted	not_admitted	not_admitted	not_admitted	not_admitted	1	12;8566;9558;+;365.7	23;15535;16953;+;375.4	17;12285;13028;+;229.1	9;4930;7557;+;306.8	24;16950;19787;+;382.9	2;1508;2875;+;91.8	9;4930;7557;+;101.6	0;174;740;+;181.8	13;9567;10205;+;68.7	15;11164;12009;+;265.1	27;21348;23333;+;391.9	6;3899;4414;+;78.8	27;21348;23333;+;70.5	A	9/9	contiguous	21174	1	1	19820..20341+;173;unnamed;0
CP043257.1	MPF_F	IncFIB(AP001918);IncFII(29)	144	0	0	GA	0															not_admitted	not_admitted	not_admitted	not_admitted	not_admitted	not_admitted	not_admitted	not_admitted	not_admitted	not_admitted	1	0;296;1288;-;365.7	133;129630;131048;-;375.4	139;133555;134298;-;229.1	4;3244;4923;-;308.3	132;128341;129633;-;364.1	11;6978;7586;-;72.0	3;2297;3244;-;53.4	14;9112;9573;-;159.4	143;136378;136695;-;48.0	141;134574;135419;-;265.1	128;123047;125236;-;391.5	7;5439;5954;-;78.8	128;123047;125236;-;70.4	A	9/9	split_2	136082	1	1	126797..128344-;515;unnamed;0
CP043366.1	MPF_F	IncFII(pHN7A8);IncR	191	0	0	GA	0															not_admitted	not_admitted	not_admitted	not_admitted	not_admitted	not_admitted	not_admitted	not_admitted	not_admitted	not_admitted	1	69;54989;55981;+;369.5	82;62814;64187;+;376.8	77;60505;61248;+;234.4	66;51353;53980;+;301.8	83;64184;67000;+;376.7	61;47871;49298;+;94.1	66;51353;53980;+;101.8	59;46590;47156;+;183.8	72;56927;57565;+;70.4	75;58378;60228;+;265.0	87;69301;71526;+;391.7	65;50322;50837;+;77.6	87;69301;71526;+;70.3	A	9/9	contiguous	22711	1	1	67033..67554+;173;unnamed;0
CP043370.1	MPF_F	IncFII(pHN7A8);IncR	191	0	0	GA	0															not_admitted	not_admitted	not_admitted	not_admitted	not_admitted	not_admitted	not_admitted	not_admitted	not_admitted	not_admitted	1	69;54989;55981;+;369.5	82;62814;64187;+;376.8	77;60505;61248;+;234.4	66;51353;53980;+;301.8	83;64184;67000;+;376.7	61;47871;49298;+;94.1	66;51353;53980;+;101.8	59;46590;47156;+;183.8	72;56927;57565;+;70.4	75;58378;60228;+;265.0	87;69301;71526;+;391.7	65;50322;50837;+;77.6	87;69301;71526;+;70.3	A	9/9	contiguous	22711	1	1	67033..67554+;173;unnamed;0
CP043374.1	MPF_F	IncFII(K);IncFII(Yp);IncFII(pAR0022);repB(R1701)	238	0	0	GA	0															not_admitted	not_admitted	not_admitted	not_admitted	not_admitted	not_admitted	not_admitted	not_admitted	not_admitted	not_admitted	1	80;80803;81795;-;372.3	179;166613;167980;-;383.7	183;169238;169990;-;233.7	193;175973;178612;-;258.5	178;163764;166613;-;346.4	201;181807;183231;-;89.3	193;175973;178612;-;88.7	203;183958;184524;-;169.3	79;80143;80790;-;68.8	187;170862;172817;-;258.0	174;158990;161302;-;393.2	89;87606;88190;-;55.9	64;65430;67748;-;66.8	A	9/9	split_2	118528	1	1	163228..163761-;177;unnamed;0
CP043603.1	MPF_F	IncFII(pHN7A8);IncR	190	0	0	GA	0															not_admitted	not_admitted	not_admitted	not_admitted	not_admitted	not_admitted	not_admitted	not_admitted	not_admitted	not_admitted	1	69;54989;55981;+;369.5	82;62814;64187;+;376.8	77;60505;61248;+;234.4	66;51353;53980;+;301.8	83;64184;67000;+;376.7	61;47871;49298;+;94.1	66;51353;53980;+;101.8	59;46590;47156;+;183.8	72;56927;57565;+;70.4	75;58378;60228;+;265.0	87;69301;71526;+;391.7	65;50322;50837;+;77.6	87;69301;71526;+;70.3	A	9/9	contiguous	22711	1	1	67033..67554+;173;unnamed;0
CP043604.1	MPF_T	IncX3	57	0	0	GA	1	31;29039;29683;-;46.4	30;28765;29055;-;73.1	29;25987;28740;-;47.0	29;25987;28740;-;142.4	29;25987;28740;-;73.3	28;25207;25977;-;60.1	26;23873;24928;-;133.2		25;22950;23678;-;119.4	24;22015;22944;-;138.8	23;20804;22018;-;128.3	21;19574;20608;-;65.7	20;17736;19571;-;495.9		pfam	pfam_only	A	7/7	canonical	1	1	unscoreable	2	0	0														not_admitted	not_admitted	not_admitted	not_admitted	not_admitted	not_admitted	not_admitted
CP043605.1	MPF_F	IncFII(K);repB(R1701)	159	0	0	GA	0															not_admitted	not_admitted	not_admitted	not_admitted	not_admitted	not_admitted	not_admitted	not_admitted	not_admitted	not_admitted	1	102;87307;88296;-;366.6	92;80393;81760;-;384.0	96;83018;83770;-;233.7	106;89739;92378;-;258.5	91;77544;80393;-;346.4	113;95571;96995;-;89.2	106;89739;92378;-;88.2	115;97722;98288;-;169.3	101;86656;87294;-;66.9	100;84642;86597;-;259.7	87;72770;75082;-;393.1	112;94873;95457;-;53.6	87;72770;75082;-;66.6	A	9/9	contiguous	24952	1	1	77008..77541-;177;unnamed;0
CP043737.1	MPF_F	IncFIA;IncFIB(AP001918);IncFIC(FII)	182	0	0	GA	0															not_admitted	not_admitted	not_admitted	not_admitted	not_admitted	not_admitted	not_admitted	not_admitted	not_admitted	not_admitted	1	22;16294;17286;+;369.3	33;22972;24345;+;378.0	26;20015;20758;+;234.5	19;12658;15285;+;305.4	34;24342;27164;+;389.5	13;9176;10603;+;94.3	19;12658;15285;+;98.5	11;7895;8461;+;182.9	23;17295;17933;+;68.4	24;17930;19738;+;268.4	37;28693;30846;+;391.9	17;11627;12142;+;78.4	37;28693;30846;+;70.4	A	9/9	contiguous	20798	1	1	27186..27677+;163;TraS;0
CP043740.1	MPF_F	IncFII(pSE11)	122	0	0	GA	0															not_admitted	not_admitted	not_admitted	not_admitted	not_admitted	not_admitted	not_admitted	not_admitted	not_admitted	not_admitted	1	110;104778;105770;+;369.3		116;109487;110230;+;234.1	107;101139;103769;+;306.5	0;1;2826;+;389.2	99;96430;97857;+;94.7	107;101139;103769;+;98.5	97;95149;95715;+;183.8	113;106767;107405;+;68.6	114;107402;109210;+;267.9	3;4330;6564;+;391.7	103;98985;99500;+;78.4	3;4330;6564;+;70.3	B	8/9	split_2	109486	1	1	2823..3332+;169;unnamed;0
CP043741.1	MPF_F	IncFIB(AP001918);IncFII(pCoo)	135	0	0	GA	0															not_admitted	not_admitted	not_admitted	not_admitted	not_admitted	not_admitted	not_admitted	not_admitted	not_admitted	not_admitted	1	108;98503;98931;+;32.1			105;95401;97494;+;195.1			105;95401;97494;+;101.2				105;95401;97494;+;22.8			D	2/9	contiguous	3102	0	0	
CP043743.1	MPF_F	IncFIB(AP001918);IncFII(pCoo)	134	0	0	GA	0															not_admitted	not_admitted	not_admitted	not_admitted	not_admitted	not_admitted	not_admitted	not_admitted	not_admitted	not_admitted	1	29;31780;32208;-;32.1			32;33217;35310;-;195.1			32;33217;35310;-;101.2				32;33217;35310;-;22.8			D	2/9	contiguous	1437	0	0	
CP043745.1	MPF_F	IncFIA;IncFIB(AP001918);IncFII	155	0	0	GA	0															not_admitted	not_admitted	not_admitted	not_admitted	not_admitted	not_admitted	not_admitted	not_admitted	not_admitted	not_admitted	1	34;23893;24885;+;367.4	45;30571;31944;+;380.9	38;27614;28357;+;235.0	31;20257;22884;+;305.4	46;31941;34766;+;385.9	25;16775;18202;+;94.3	31;20257;22884;+;98.5	23;15494;16060;+;183.8	35;24894;25532;+;68.6	36;25529;27337;+;268.3	49;36269;38431;+;391.3	29;19226;19741;+;78.4	49;36269;38431;+;70.4	A	9/9	contiguous	20775	1	1	34763..35272+;169;unnamed;0
CP043748.1	MPF_F	IncFIA;IncFIB(AP001918);IncFII(pSE11)	141	0	0	GA	0															not_admitted	not_admitted	not_admitted	not_admitted	not_admitted	not_admitted	not_admitted	not_admitted	not_admitted	not_admitted	1	62;55067;56059;+;369.3	73;62106;63482;+;381.0	68;59776;60519;+;232.6	59;51431;54058;+;305.6	74;63479;66304;+;389.2	52;47949;49376;+;94.1	59;51431;54058;+;99.7	50;46668;47234;+;183.8	65;57056;57694;+;68.6	66;57691;59499;+;268.0	77;67809;69989;+;390.6	56;50400;50915;+;77.3	77;67809;69989;+;70.4	A	9/9	contiguous	21141	1	1	66301..66810+;169;unnamed;0
CP043759.1	MPF_F	IncFII	115	0	0	GA	0															not_admitted	not_admitted	not_admitted	not_admitted	not_admitted	not_admitted	not_admitted	not_admitted	not_admitted	not_admitted	1	2;2702;3694;-;369.3	110;107520;108896;-;380.7	114;110114;110857;-;233.3	5;4703;7330;-;302.9	109;104701;107523;-;380.3	11;9242;10669;-;94.3	5;4703;7330;-;100.3	13;11384;11950;-;183.8	1;2055;2693;-;68.3	0;250;2058;-;268.3	106;100960;103167;-;391.7	8;7846;8361;-;78.0	106;100960;103167;-;70.3	A	9/9	split_2	109864	1	1	104183..104680-;165;TraS;0
CP043767.1	MPF_F	IncHI2;IncHI2A	367	0	0	GA	0															not_admitted	not_admitted	not_admitted	not_admitted	not_admitted	not_admitted	not_admitted	not_admitted	not_admitted	not_admitted	1	325;285206;286264;-;276.9	140;123748;125163;+;194.1	139;122712;123758;+;173.7	343;306903;309584;-;169.3	141;125172;129122;+;101.6	347;311914;313269;-;80.7	343;306903;309584;-;72.2	350;314993;315781;-;74.8	327;286406;287917;-;62.7	324;281999;285187;-;58.3	133;113587;115671;-;56.7	344;309593;310543;-;45.9	133;113587;115671;-;38.8	A	9/9	split_3	201406	0	1	
CP044008.1	MPF_T	IncY	87	0	0	GA	1	10;9363;10025;-;48.3	9;9053;9352;-;36.6	8;6293;9043;-;61.8	8;6293;9043;-;132.4	8;6293;9043;-;47.3	7;5558;6274;-;137.0	5;4237;5244;-;137.8		3;3341;4027;-;158.3	2;2455;3348;-;147.4	1;1262;2458;-;134.7	0;209;1258;-;71.5	81;78056;79963;-;24.4		pfam	pfam_only	A	7/7	canonical	1	1	unscoreable	2	0	0														not_admitted	not_admitted	not_admitted	not_admitted	not_admitted	not_admitted	not_admitted
CP044024.1	MPF_F	IncFII	87	0	0	GA	0															not_admitted	not_admitted	not_admitted	not_admitted	not_admitted	not_admitted	not_admitted	not_admitted	not_admitted	not_admitted	1	36;31015;31701;-;195.4	25;23559;24932;-;381.7	30;26862;27452;-;215.9	40;33912;35339;-;306.3	24;21826;23562;-;376.0	48;38741;40192;-;94.2	39;32710;33915;-;96.7	50;40907;41473;-;174.3	33;29728;30366;-;68.6	32;27881;29731;-;266.1	19;16385;18469;-;391.4	45;37366;37881;-;78.4	19;16385;18469;-;70.5	A	9/9	contiguous	24522	1	1	20741..21808-;355;unnamed;0
CP044025.1	MPF_T	IncI2	83	0	0	GA	1	18;20317;20562;-;49.4		37;36430;36666;-;36.7	36;34020;36377;-;58.5	36;34020;36377;-;42.8		52;42757;43752;-;128.5		35;33122;33613;-;108.7	34;32355;33125;-;170.5	33;31226;32365;-;154.7	22;22564;24102;-;207.1	30;28180;28992;-;137.0		none	none	A	7/7	rearranged	0	0	unscoreable	23	1	0														not_admitted	not_admitted	not_admitted	not_admitted	not_admitted	not_admitted	not_admitted
CP044026.1	-	-	54	0	0	GA	1	30;17523;17882;-;45.9		27;16538;16861;-;35.4	25;15440;16294;-;64.8		22;13220;13888;-;27.0	20;11668;12714;-;107.3		17;10723;11070;-;61.9	16;9929;10726;-;175.1	14;8695;9441;-;141.9	12;7709;8014;-;54.1	10;5369;7114;-;263.9		pfam	pfam_only	A	7/7	canonical	1	0	unscoreable	10	0	0														not_admitted	not_admitted	not_admitted	not_admitted	not_admitted	not_admitted	not_admitted
CP044027.1	MPF_T	IncFII(pEH01)	49	0	0	GA	1	38;20870;21535;+;45.6	39;21539;21835;+;67.3	40;21848;23275;+;49.4	40;21848;23275;+;142.1	40;21848;23275;+;50.5	0;415;912;+;92.7	2;1164;2021;+;160.7		5;2679;3179;+;109.9	6;3127;3999;+;154.2	9;4588;5304;+;157.4	12;6173;6493;+;30.3	17;8575;10302;+;47.5		pfam	both	A	7/7	rearranged	1	1	unscoreable	13	0	0														not_admitted	not_admitted	not_admitted	not_admitted	not_admitted	not_admitted	not_admitted
CP044166.1	MPF_T	-	217	0	0	GA	1		169;147857;148120;+;56.2	170;148133;150901;+;75.0	170;148133;150901;+;172.1	170;148133;150901;+;86.1	175;152768;153739;+;81.6	176;153736;154734;+;120.0		178;154878;155537;+;178.1	179;155534;156427;+;162.4	180;156437;157618;+;164.4	181;157599;158612;+;93.9	183;159279;160982;+;350.0		pfam	pfam_only	A	7/7	canonical	1	1	unscoreable	6	0	0														not_admitted	not_admitted	not_admitted	not_admitted	not_admitted	not_admitted	not_admitted
CP044292.1	MPF_T	IncX1	51	0	0	GA	1	34;36972;37616;-;47.1	33;36698;36988;-;73.5	32;33915;36674;-;44.8	32;33915;36674;-;133.3	32;33915;36674;-;71.9	31;33176;33913;-;57.5	29;31839;32894;-;131.7		28;30927;31649;-;116.0	27;29992;30921;-;133.3	26;28781;29995;-;128.6	25;27726;28763;-;66.4			pfam	pfam_only	B	6/7	canonical	1	1	unscoreable	1	0	0														not_admitted	not_admitted	not_admitted	not_admitted	not_admitted	not_admitted	not_admitted
CP044299.1	MPF_F	IncFIA(HI1);IncHI1A;IncHI1B(R27)	298	0	0	GA	0															not_admitted	not_admitted	not_admitted	not_admitted	not_admitted	not_admitted	not_admitted	not_admitted	not_admitted	not_admitted	1	35;39464;40516;+;277.6	199;171190;172068;+;157.6	198;170154;171200;+;171.3	18;16294;18975;+;160.6		14;12588;13946;+;84.0	18;16294;18975;+;76.5	11;10136;10921;+;68.7	33;37811;39319;+;65.6	36;40571;43579;+;59.6	192;161135;163219;-;50.2	17;15335;16285;+;45.2	192;161135;163219;-;36.5	B	8/9	split_3	161054	0	1	
CP044306.1	MPF_F	IncHI2;IncHI2A	312	0	0	GA	0															not_admitted	not_admitted	not_admitted	not_admitted	not_admitted	not_admitted	not_admitted	not_admitted	not_admitted	not_admitted	1	181;142636;143694;-;276.9	303;252755;254170;+;194.1	302;251719;252765;+;174.3	197;163219;165900;-;168.0	304;254179;258132;+;101.6	202;168233;169588;-;80.7	197;163219;165900;-;72.2	205;171311;172099;-;74.8	184;144538;145089;-;29.5	178;139455;141146;-;60.4		198;165909;166859;-;46.1		A	9/9	split_2	114724	1	1	258367..259599+;410;unnamed;0
CP044347.1	MPF_F	IncFIB(AP001918);IncFIC(FII)	166	0	0	GA	0															not_admitted	not_admitted	not_admitted	not_admitted	not_admitted	not_admitted	not_admitted	not_admitted	not_admitted	not_admitted	1	37;31072;32070;+;346.4	50;38006;38578;+;173.5	41;34799;35542;+;234.1	34;27436;30063;+;305.4	52;39254;41938;+;345.4	28;23954;25381;+;94.3	34;27436;30063;+;98.5	26;22673;23239;+;182.3	38;32079;32717;+;68.4	39;32714;34522;+;268.4	57;44098;44940;+;284.2	32;26405;26920;+;78.4	57;44098;44940;+;55.3	A	9/9	contiguous	21425	1	1	41960..42451+;163;TraS;0
CP044348.1	MPF_F	-	112	0	0	GA	0															not_admitted	not_admitted	not_admitted	not_admitted	not_admitted	not_admitted	not_admitted	not_admitted	not_admitted	not_admitted	1	15;15293;15979;+;271.9	25;21658;23031;+;378.0	20;18855;19433;+;192.6	10;11371;12708;+;239.0	26;23028;23576;+;159.5		11;12779;13033;+;49.4	5;6691;7257;+;183.8	16;15988;16626;+;68.4	18;17779;18417;+;212.9	29;27271;29475;+;391.8		29;27271;29475;+;70.3	B	8/9	contiguous	20580	1	1	24798..25547+;249;unnamed;0
CP044351.1	MPF_T	IncX4	146	0	0	GA	1	38;31478;32089;+;53.8	39;32061;32375;+;30.8	40;32433;32753;+;39.0	142;106526;108850;+;81.7	142;106526;108850;+;33.6	35;29507;30148;-;33.9	36;30150;31145;-;126.4		144;108981;109718;+;158.9	145;109715;110494;+;167.2		0;1;1020;+;91.9	1;1071;3038;+;287.7		pfam	pfam_only	B	6/7	uncallable	0	0	unscoreable	2	0	0														not_admitted	not_admitted	not_admitted	not_admitted	not_admitted	not_admitted	not_admitted
CP044369.1	MPF_F	IncFIA(HI1);IncFII(pKP91)	231	0	0	GA	0															not_admitted	not_admitted	not_admitted	not_admitted	not_admitted	not_admitted	not_admitted	not_admitted	not_admitted	not_admitted	1	4;1165;1644;+;190.2	18;7514;8563;+;255.0	13;5181;5798;+;171.2	226;148491;149435;+;173.2	20;9153;10535;+;159.7	215;143240;144301;+;38.6	228;150183;150947;+;45.1	212;141948;142514;+;169.3	5;1657;2295;+;64.7	7;2839;4008;+;137.9	25;13980;16262;+;384.5	218;145275;145730;+;22.3	25;13980;16262;+;65.8	A	9/9	split_2	149018	1	1	10532..11398+;288;unnamed;0
CP044377.1	MPF_F	IncFIB(pNDM-Mar);IncHI1B(pNDM-MAR);IncN	399	0	0	GA	0															not_admitted	not_admitted	not_admitted	not_admitted	not_admitted	not_admitted	not_admitted	not_admitted	not_admitted	not_admitted	1	311;243760;244797;-;279.5	95;71429;72838;+;190.4	94;70402;71439;+;175.6	330;255980;258343;-;149.2	96;72840;75653;+;121.7	335;260453;261823;-;65.6	330;255980;258343;-;45.9	338;263468;264328;-;79.0	312;244794;246155;-;69.9	309;240564;242402;-;61.5	87;61307;63205;-;39.8	331;258507;259013;-;30.5	87;61307;63205;-;35.5	A	9/9	split_2	202161	1	1	75805..76635+;276;unnamed;0
CP044378.1	MPF_F	IncFIB(K);IncFII(K)	202	0	0	GA	0															not_admitted	not_admitted	not_admitted	not_admitted	not_admitted	not_admitted	not_admitted	not_admitted	not_admitted	not_admitted	1	171;122503;123495;+;359.5	181;129009;129542;+;173.0	177;127001;127666;+;205.7	166;118843;119787;+;179.2	183;130378;131112;+;185.4	158;114547;115257;+;73.6	168;120267;121343;+;88.9	154;112541;113107;+;167.0	172;123508;124146;+;67.0	173;124205;126160;+;253.5	188;135662;137350;+;284.2	160;115887;116444;+;52.5	188;135662;137350;+;67.2	A	9/9	contiguous	23121	1	1	131135..133228+;697;unnamed;0
CP044381.1	MPF_F	IncFIB(pNDM-Mar);IncHI1B(pNDM-MAR);IncN	393	0	0	GA	0															not_admitted	not_admitted	not_admitted	not_admitted	not_admitted	not_admitted	not_admitted	not_admitted	not_admitted	not_admitted	1	34;28812;29402;+;189.1	249;208298;209707;-;190.4	250;209697;210734;-;175.6	15;14822;17185;+;150.1	247;204327;207665;-;75.5	11;11341;12711;+;65.6	15;14822;17185;+;44.2	8;8836;9696;+;79.0	32;27006;28367;+;69.9	37;30761;32599;+;61.5		14;14040;14777;+;56.9		A	9/9	split_2	200861	0	1	
CP044382.1	MPF_F	IncFIB(K);IncFII(K)	175	0	0	GA	0															not_admitted	not_admitted	not_admitted	not_admitted	not_admitted	not_admitted	not_admitted	not_admitted	not_admitted	not_admitted	1	139;96063;96782;+;279.1	151;102293;102904;+;224.4	146;100286;100951;+;203.2	134;92129;93073;+;177.9	153;103661;104419;+;183.8	125;87774;88190;+;39.5	135;93070;94632;+;90.1	121;85828;86394;+;167.0	140;96795;97433;+;67.0	142;98814;99353;+;201.5	159;108321;109745;+;223.8	128;89173;89730;+;52.5		A	9/9	contiguous	22493	1	1	104416..105303+;295;unnamed;0
CP044383.1	MPF_T	IncP1	81	0	0	GA	1		4;3237;3620;+;68.7	5;3623;3949;+;50.6	6;3946;6489;+;94.8	6;3946;6489;+;106.4	12;9967;10662;+;99.8	13;10929;12488;+;113.8		7;6486;7193;+;91.8	8;7209;8099;+;90.7	11;9361;9954;+;221.5	3;2167;3123;+;134.6	47;32488;34434;-;428.2		conjscan	conjscan_only	A	7/7	canonical	1	0	unscoreable	3	0	0														not_admitted	not_admitted	not_admitted	not_admitted	not_admitted	not_admitted	not_admitted
CP044386.1	MPF_F	IncFIB(pNDM-Mar);IncHI1B(pNDM-MAR);IncN	427	0	0	GA	0															not_admitted	not_admitted	not_admitted	not_admitted	not_admitted	not_admitted	not_admitted	not_admitted	not_admitted	not_admitted	1	48;39427;40464;+;279.6	279;219156;220355;-;166.0	281;221021;221590;-;96.1	30;26097;28247;+;110.4	277;216556;218949;-;92.6	25;23172;23774;+;59.5	30;26097;28247;+;44.4	20;19901;20761;+;79.0	47;38069;39430;+;69.9	50;41000;43660;+;59.9	292;229279;230907;+;55.7	28;25103;25840;+;52.7	292;229279;230907;+;41.3	A	9/9	split_2	209378	1	1	215186..216556-;456;unnamed;0
CP044387.1	MPF_F	IncFIB(K);IncFII(K)	209	0	0	GA	0															not_admitted	not_admitted	not_admitted	not_admitted	not_admitted	not_admitted	not_admitted	not_admitted	not_admitted	not_admitted	1	172;117013;118005;+;359.5	184;123519;124892;+;374.7	180;121809;122129;+;105.0	166;113351;113902;+;89.1	185;125048;126538;+;307.1	158;108340;109764;+;88.4	169;115077;115988;+;45.0	156;107047;107613;+;167.0	173;118018;118656;+;67.0	176;119702;120580;+;194.5	191;130424;131860;+;245.3	160;110393;110950;+;52.5	191;130424;131860;+;66.7	A	9/9	contiguous	23377	1	1	126636..127733+;365;unnamed;0
CP044390.1	MPF_F	IncFIB(K);IncFII(K)	196	0	0	GA	0															not_admitted	not_admitted	not_admitted	not_admitted	not_admitted	not_admitted	not_admitted	not_admitted	not_admitted	not_admitted	1	165;121585;122274;+;270.5	175;127787;128869;+;358.2	171;125779;126444;+;205.4	160;117617;118561;+;174.0	177;129153;130823;+;346.3	151;112607;113677;+;47.4	162;118936;120255;+;91.1	148;111315;111881;+;167.0	166;122287;122925;+;67.0	167;122984;124804;+;259.4	181;133815;136145;+;383.9	154;114660;115217;+;52.5	181;133815;136145;+;66.6	A	9/9	contiguous	22500	1	1	130906..132003+;365;unnamed;0
CP044391.1	MPF_F	IncFIA(HI1);IncFII(pKP91)	143	0	0	GA	0															not_admitted	not_admitted	not_admitted	not_admitted	not_admitted	not_admitted	not_admitted	not_admitted	not_admitted	not_admitted	1	91;65634;66623;+;363.9	103;72167;72700;+;196.1	99;70158;70823;+;205.4	86;61552;62751;+;217.6	106;73617;76376;+;306.3	75;56300;57514;+;86.9	87;62980;64011;+;86.3	72;55170;55574;+;125.4	92;66636;67274;+;64.7	95;68656;69114;+;141.0	111;79443;81239;+;385.4	78;58335;58919;+;53.4	111;79443;81239;+;66.2	A	9/9	contiguous	24273	1	1	76387..76911+;174;unnamed;0
CP044394.1	MPF_F	IncFIB(K);IncFII(K)	196	0	0	GA	0															not_admitted	not_admitted	not_admitted	not_admitted	not_admitted	not_admitted	not_admitted	not_admitted	not_admitted	not_admitted	1	164;120764;121243;+;192.9	175;126758;127291;+;190.9	171;124750;125415;+;205.4	157;116593;117537;+;172.9	177;128126;128860;+;188.9	149;112297;113007;+;75.0	159;118018;119229;+;88.8	145;110292;110858;+;167.0	165;121256;121894;+;67.0	167;123276;123908;+;201.0	182;133274;135001;+;385.6	151;113637;114194;+;52.5	182;133274;135001;+;66.2	A	9/9	contiguous	22982	1	1	128883..130976+;697;unnamed;0
CP044395.1	MPF_F	IncFIA(HI1);IncFII(pKP91)	131	0	0	GA	0															not_admitted	not_admitted	not_admitted	not_admitted	not_admitted	not_admitted	not_admitted	not_admitted	not_admitted	not_admitted	1	104;76196;77185;-;362.3	91;69311;70159;-;179.4	97;71995;72660;-;206.0	110;79941;80729;-;156.2	90;67727;69286;-;341.8	121;85095;86519;-;88.4	109;78809;79948;-;91.4	124;87245;87811;-;167.7	103;75545;76183;-;64.7	101;73532;74098;-;154.3	83;61580;63376;-;382.2	119;83899;84483;-;53.4	83;61580;63376;-;66.2	A	9/9	contiguous	25665	1	1	66769..67776-;335;unnamed;0
CP044547.1	MPF_F	-	273	0	0	GA	0															not_admitted	not_admitted	not_admitted	not_admitted	not_admitted	not_admitted	not_admitted	not_admitted	not_admitted	not_admitted	1	174;105796;106833;+;310.6	199;130590;132041;+;266.3	198;129590;130600;+;226.7	195;125933;128380;+;167.4	201;132452;136156;+;143.1	192;123649;124851;+;122.3	195;125933;128380;+;111.9	190;122172;122804;+;106.9	175;106781;107512;+;101.9	211;143955;145406;+;229.8	186;118301;120061;-;33.2	193;124848;125474;+;78.9	186;118301;120061;-;25.1	A	9/9	contiguous	38159	0	1	
CP045203.1	-	pKPC-CAV1321	296	0	0	GA	0															not_admitted	not_admitted	not_admitted	not_admitted	not_admitted	not_admitted	not_admitted	not_admitted	not_admitted	not_admitted	1	65;56053;57120;+;276.8	85;73034;74476;+;260.7	84;71937;73037;+;198.4	61;51459;53945;+;223.8	86;74491;78009;+;240.0	57;46834;48231;+;109.8	61;51459;53945;+;120.8	55;44925;45551;+;87.1	64;54743;56056;+;41.0	88;78445;81102;+;136.9	49;40401;42377;+;22.7	58;48228;48794;+;71.6	49;40401;42377;+;33.5	A	9/9	contiguous	38044	0	1	
CP045668.1	-	-	78	0	0	GA	0															not_admitted	not_admitted	not_admitted	not_admitted	not_admitted	not_admitted	not_admitted	not_admitted	not_admitted	not_admitted	1	55;54686;55669;+;349.6	63;60292;61650;+;346.6	59;58363;59121;+;207.3	52;51047;53638;+;254.0	64;61652;64504;+;305.3	48;48609;49940;+;92.2	52;51047;53638;+;91.1	46;47332;47898;+;135.8	57;55899;56507;+;69.9	58;56504;58366;+;233.8	66;65122;67329;+;358.8	51;50513;51034;+;42.1	66;65122;67329;+;70.5	A	9/9	contiguous	17790	1	1	64501..65046+;181;unnamed;0
CP046494.1	MPF_T	-	30	0	0	GA	1	1;1758;2378;+;63.5	19;15506;15811;+;50.4	20;15825;16193;+;86.7	21;16193;18634;+;165.6	21;16193;18634;+;104.3	22;18631;19341;+;176.4	24;19658;20605;+;150.3		25;20906;21784;+;126.4	26;21781;22608;+;166.3	27;22605;23819;+;174.7	28;23819;24880;+;93.8			pfam	both	B	6/7	canonical	1	0	unscoreable	1	0	0														not_admitted	not_admitted	not_admitted	not_admitted	not_admitted	not_admitted	not_admitted
CP046499.1	MPF_T	-	50	0	0	GA	1	0;5;391;+;30.3	5;7417;7731;+;80.9	6;7733;7999;+;39.2	7;8064;10634;+;38.3	7;8064;10634;+;110.3	8;10653;11432;+;55.6	10;11787;13265;+;87.0		11;13272;13982;+;126.9	12;14009;15001;+;168.2	13;15017;16369;+;211.8	4;6191;7204;+;121.9	2;3649;5706;+;351.5		conjscan	conjscan_only	A	7/7	canonical	1	0	unscoreable	4	0	0														not_admitted	not_admitted	not_admitted	not_admitted	not_admitted	not_admitted	not_admitted
CP046501.1	MPF_T	-	51	0	0	GA	1	48;37043;37633;+;63.3	3;2832;3146;+;80.9	4;3148;3414;+;39.2	5;3479;6049;+;38.3	5;3479;6049;+;110.3	6;6068;6847;+;55.6	8;7202;8680;+;87.0		9;8687;9397;+;126.9	10;9424;10416;+;168.2	11;10432;11784;+;211.8	2;1606;2619;+;121.9	0;27;1121;+;201.6		conjscan	conjscan_only	A	7/7	canonical	1	0	unscoreable	3	0	0														not_admitted	not_admitted	not_admitted	not_admitted	not_admitted	not_admitted	not_admitted
CP046886.1	MPF_F	IncFII(pHN7A8);IncR	170	0	0	GA	0															not_admitted	not_admitted	not_admitted	not_admitted	not_admitted	not_admitted	not_admitted	not_admitted	not_admitted	not_admitted	1	68;54156;55148;+;369.5	81;61981;63354;+;376.8	76;59672;60415;+;234.4	65;50520;53147;+;301.8	82;63351;66167;+;376.7	60;47038;48465;+;94.1	65;50520;53147;+;101.8	58;45757;46323;+;183.8	71;56094;56732;+;70.4	74;57545;59395;+;265.0	86;68468;70693;+;391.7	64;49489;50004;+;77.6	86;68468;70693;+;70.3	A	9/9	contiguous	22711	1	1	66200..66721+;173;unnamed;0
CP046887.1	MPF_F	IncFIB(pNDM-Mar);RepB	310	0	0	GA	0															not_admitted	not_admitted	not_admitted	not_admitted	not_admitted	not_admitted	not_admitted	not_admitted	not_admitted	not_admitted	1	240;209896;210933;-;282.3	79;56897;58309;+;188.2	78;55870;56907;+;173.1	251;221767;224484;-;152.2	80;58284;62255;+;120.9	255;226597;227970;-;63.3	251;221767;224484;-;84.3	258;229616;230476;-;79.1	241;210930;212291;-;70.4	239;206704;209886;-;59.2	71;46562;48688;-;58.0	252;224529;225266;-;59.2	71;46562;48688;-;40.6	A	9/9	split_2	183054	0	1	
CP046892.1	MPF_T	IncX3	68	0	0	GA	1	42;37862;38506;-;46.4	41;37588;37878;-;73.1	40;34810;37563;-;47.0	40;34810;37563;-;142.4	40;34810;37563;-;73.3	39;34030;34800;-;60.1	37;32696;33751;-;133.2		36;31773;32501;-;119.4	35;30838;31767;-;138.8	34;29627;30841;-;128.3	32;28397;29431;-;65.7	31;26559;28394;-;495.9		pfam	pfam_only	A	7/7	canonical	1	1	unscoreable	2	0	0														not_admitted	not_admitted	not_admitted	not_admitted	not_admitted	not_admitted	not_admitted
CP046894.1	-	IncFII(pCRY)	66	0	0	GA	1	61;46382;47071;-;46.3		59;45674;46048;-;35.8	58;43207;45717;-;77.1		57;42542;43210;-;61.9	55;41204;42136;-;126.7		53;40202;41005;-;102.7	52;39381;40205;-;148.3	51;38105;39394;-;142.3	49;36640;37716;-;57.7	47;34680;36290;-;220.5		pfam	pfam_only	A	7/7	canonical	1	0	unscoreable	5	0	0														not_admitted	not_admitted	not_admitted	not_admitted	not_admitted	not_admitted	not_admitted
CP046896.1	MPF_F	IncFII(pBK30683);IncR	114	0	0	GA	0															not_admitted	not_admitted	not_admitted	not_admitted	not_admitted	not_admitted	not_admitted	not_admitted	not_admitted	not_admitted	1	79;59320;60309;+;366.0	89;65856;67223;+;384.0	85;63846;64598;+;233.7	75;55224;57863;+;258.5	90;67223;70072;+;346.4	69;50970;52394;+;89.2	75;55224;57863;+;88.7	67;49677;50243;+;169.3	80;60322;60960;+;67.0	81;61019;62974;+;259.7	94;72536;74848;+;390.0	70;52467;53051;+;54.5	94;72536;74848;+;64.0	A	9/9	contiguous	22859	1	1	70075..70608+;177;unnamed;0
CP046968.1	MPF_F	IncFII(pHN7A8);IncR	188	0	0	GA	0															not_admitted	not_admitted	not_admitted	not_admitted	not_admitted	not_admitted	not_admitted	not_admitted	not_admitted	not_admitted	1	66;53402;54394;+;369.5	79;61227;62600;+;376.8	74;58918;59661;+;234.4	63;49766;52393;+;301.8	80;62597;65413;+;376.7	58;46284;47711;+;94.1	63;49766;52393;+;101.8	56;45003;45569;+;183.8	69;55340;55978;+;70.4	72;56791;58641;+;265.0	84;67714;69939;+;391.7	62;48735;49250;+;77.6	84;67714;69939;+;70.3	A	9/9	contiguous	22711	1	1	65446..65967+;173;unnamed;0
CP046969.1	MPF_F	IncFIB(K);IncFII(K);IncFII(pAR0022)	227	0	0	GA	0															not_admitted	not_admitted	not_admitted	not_admitted	not_admitted	not_admitted	not_admitted	not_admitted	not_admitted	not_admitted	1	138;137465;138454;-;366.6	128;130551;131918;-;384.1	132;133176;133928;-;233.7	142;139911;142550;-;258.5	127;127729;130551;-;346.4	152;146454;147878;-;89.5	142;139911;142550;-;88.7	154;148605;149171;-;167.0	137;136814;137452;-;66.9	136;134800;136755;-;259.4	123;122804;125113;-;393.1	150;145258;145842;-;53.8	123;122804;125113;-;66.6	A	9/9	contiguous	25801	1	1	127104..127706-;200;TraS;0
CP047036.1	MPF_F	-	51	0	0	GA	0															not_admitted	not_admitted	not_admitted	not_admitted	not_admitted	not_admitted	not_admitted	not_admitted	not_admitted	not_admitted	1	28;23099;24721;-;381.2	21;17386;18444;-;250.2	22;18943;19884;-;173.3	32;25875;28358;-;304.9	20;13962;17207;-;175.4	34;28780;29940;-;115.6	32;25875;28358;-;109.7	36;30452;31171;-;92.5	27;22484;22864;-;97.0	24;20272;20811;-;128.8	5;4702;6249;-;357.1	33;28355;28783;-;74.5		A	9/9	contiguous	25750	0	1	
CP047042.1	MPF_F	-	50	0	0	GA	0															not_admitted	not_admitted	not_admitted	not_admitted	not_admitted	not_admitted	not_admitted	not_admitted	not_admitted	not_admitted	1	24;23074;24060;-;383.3	17;17370;18569;-;338.5	19;19030;19527;-;138.6	30;25848;28331;-;304.9	15;13948;16875;-;210.3	32;28753;30006;-;115.3	30;25848;28331;-;109.7	34;30722;31045;-;90.7	23;22361;23113;-;110.4	22;20255;21691;-;279.2	2;3962;6244;-;504.6	31;28328;28756;-;74.5	2;3962;6244;-;92.2	A	9/9	contiguous	26760	0	1	
CP047083.1	MPF_T	-	40	0	0	GA	1	5;5226;5771;-;58.1	18;16462;16758;-;65.7	17;16175;16462;-;50.4	16;13708;16173;-;91.1	16;13708;16173;-;88.1	12;11027;11857;-;51.4	10;9529;10752;-;46.2		9;8617;9312;-;123.2	8;7446;8606;-;163.7	6;5772;7001;-;209.5	19;16759;17697;-;132.3	0;602;2425;-;323.2		conjscan	conjscan_only	A	7/7	canonical	1	0	unscoreable	10	0	0														not_admitted	not_admitted	not_admitted	not_admitted	not_admitted	not_admitted	not_admitted
CP047084.1	MPF_T	-	58	0	0	GA	1		24;23942;24205;-;54.5	23;21155;23923;-;73.3	23;21155;23923;-;178.6	23;21155;23923;-;86.1	18;18299;19270;-;81.8	17;17304;18302;-;116.3		15;16495;17157;-;177.6	14;15611;16498;-;161.4	13;14412;15584;-;166.0	12;13439;14431;-;93.2	11;11627;13438;-;348.4		pfam	pfam_only	A	7/7	canonical	1	1	unscoreable	5	0	0														not_admitted	not_admitted	not_admitted	not_admitted	not_admitted	not_admitted	not_admitted
CP047091.1	MPF_F	IncFII(pHN7A8);IncN	104	0	0	GA	0															not_admitted	not_admitted	not_admitted	not_admitted	not_admitted	not_admitted	not_admitted	not_admitted	not_admitted	not_admitted	1	77;62983;63975;+;369.5	90;70808;72181;+;376.8	85;68499;69242;+;234.4	74;59347;61974;+;301.8	91;72178;74994;+;376.7	69;55865;57292;+;94.1	74;59347;61974;+;101.8	67;54584;55150;+;183.8	80;64921;65559;+;70.4	83;66372;68222;+;265.0	95;77295;79520;+;391.7	73;58316;58831;+;78.0	95;77295;79520;+;70.3	A	9/9	contiguous	22711	1	1	75027..75548+;173;unnamed;0
CP047287.1	-	repUS18	67	0	0	GA	1	18;17325;17945;-;37.3	17;16985;17323;-;33.8	16;16622;16936;-;31.9	15;14180;16618;-;58.7	15;14180;16618;-;38.6	14;13494;14183;-;49.5	13;12440;13444;-;104.3		11;11520;12278;-;156.3	10;10726;11520;-;177.5	9;9515;10726;-;137.0	8;8435;9466;-;95.9	7;6377;8389;-;294.0		pfam	pfam_only	A	7/7	canonical	1	0	unscoreable	1	0	0														not_admitted	not_admitted	not_admitted	not_admitted	not_admitted	not_admitted	not_admitted
CP047288.1	MPF_F	-	173	0	0	GA	0															not_admitted	not_admitted	not_admitted	not_admitted	not_admitted	not_admitted	not_admitted	not_admitted	not_admitted	not_admitted	1	105;88977;90032;+;268.1	117;101640;103049;+;229.6	116;100617;101624;+;214.6	101;84498;86984;+;211.5	118;103069;106302;+;215.1	98;81782;83074;+;117.6	101;84498;86984;+;113.8	96;80131;80784;+;91.1	104;87757;88977;+;45.7	120;106774;109545;+;119.2	90;75738;77651;+;20.5	99;83091;83603;+;68.8	90;75738;77651;+;24.7	A	9/9	contiguous	31036	0	1	
CP047483.1	MPF_T	-	56	0	0	GA	1		45;41241;41504;-;54.5	44;38454;41222;-;73.3	44;38454;41222;-;178.6	44;38454;41222;-;86.1	39;35598;36569;-;81.8	38;34603;35601;-;116.3		36;33794;34456;-;177.6	35;32910;33797;-;158.6	34;31708;32883;-;165.9	33;30735;31727;-;93.2	32;28923;30734;-;348.4		pfam	pfam_only	A	7/7	canonical	1	1	unscoreable	5	0	0														not_admitted	not_admitted	not_admitted	not_admitted	not_admitted	not_admitted	not_admitted
CP047536.1	MPF_F	IncHI2;IncHI2A	267	0	0	GA	0															not_admitted	not_admitted	not_admitted	not_admitted	not_admitted	not_admitted	not_admitted	not_admitted	not_admitted	not_admitted	1	45;50420;51478;+;276.9	201;189170;190585;-;194.1	202;190575;191621;-;174.3	29;28167;30848;+;168.0	200;185208;189161;-;101.7	25;24482;25837;+;80.7	29;28167;30848;+;72.2	22;21970;22758;+;74.8	43;48767;50278;+;62.0	46;51497;54685;+;57.3	209;198663;200747;+;56.8	28;27208;28158;+;46.1	209;198663;200747;+;38.8	A	9/9	split_3	176693	1	1	183738..185027-;429;unnamed;0
CP047611.1	-	-	50	0	0	GA	1	9;5557;6159;+;50.7	10;6156;6443;+;48.4	11;6459;9194;+;58.9	11;6459;9194;+;140.0	11;6459;9194;+;57.3	12;9204;9911;+;113.5	14;10158;11216;+;127.8		16;11579;12268;+;138.7	17;12265;13173;+;132.8	18;13163;14446;+;126.2	19;14446;15480;+;85.6	20;15467;17299;+;410.0		pfam	pfam_only	A	7/7	canonical	1	1	unscoreable	2	0	0														not_admitted	not_admitted	not_admitted	not_admitted	not_admitted	not_admitted	not_admitted
CP047612.1	MPF_T	IncX4	46	0	0	GA	1	39;25325;25945;+;46.9	40;25959;26285;+;64.4	41;26304;29051;+;62.7	41;26304;29051;+;150.8	41;26304;29051;+;45.4	42;29063;29779;+;96.1	43;29790;30869;+;157.5		45;31384;32070;+;169.0	0;198;527;+;52.7	1;520;1638;+;164.1	2;1640;2668;+;85.0	3;2700;4517;+;317.3		pfam	pfam_only	A	7/7	canonical	1	1	unscoreable	1	0	0														not_admitted	not_admitted	not_admitted	not_admitted	not_admitted	not_admitted	not_admitted
CP047613.1	MPF_F	IncFII	70	0	0	GA	0															not_admitted	not_admitted	not_admitted	not_admitted	not_admitted	not_admitted	not_admitted	not_admitted	not_admitted	not_admitted	1	17;11310;12302;+;369.3	26;17364;18737;+;381.0	21;15001;15774;+;234.0	14;7674;10301;+;303.5	27;18734;21559;+;386.0	7;4088;5515;+;91.9	14;7674;10301;+;98.5	5;2807;3373;+;182.2	18;12311;12949;+;68.7	19;12946;14754;+;268.0	30;23063;25252;+;391.8	12;6643;7158;+;77.9	30;23063;25252;+;70.3	A	9/9	contiguous	20256	1	1	21556..22065+;169;unnamed;0
CP047775.1	MPF_T	IncN;IncR	104	0	0	GA	1	56;43738;44472;+;32.5		59;45115;45432;+;63.3	60;45432;48032;+;113.8	60;45432;48032;+;76.4	61;48050;48763;+;105.5	63;49014;50054;+;142.4		64;50273;50971;+;131.9	65;50982;51866;+;159.7	66;51866;53026;+;156.3	67;53068;54063;+;81.2	81;65801;67330;-;38.5		pfam	both	A	7/7	canonical	1	0	unscoreable	3	0	0														not_admitted	not_admitted	not_admitted	not_admitted	not_admitted	not_admitted	not_admitted
CP048291.1	MPF_T	IncX1;IncX3	55	0	0	GA	1	42;41497;42144;-;45.2	41;41223;41519;-;66.8	40;38448;41201;-;44.2	40;38448;41201;-;148.1	40;38448;41201;-;74.2	39;37679;38437;-;67.3	37;36252;37382;-;103.0		36;35293;36006;-;120.0	35;34359;35288;-;133.8	34;33157;34362;-;136.0	33;32124;33155;-;76.5	32;30286;32121;-;487.1		pfam	pfam_only	A	7/7	canonical	1	1	unscoreable	1	0	0														not_admitted	not_admitted	not_admitted	not_admitted	not_admitted	not_admitted	not_admitted
CP048293.1	MPF_F	IncHI2;IncHI2A	304	0	0	GA	0															not_admitted	not_admitted	not_admitted	not_admitted	not_admitted	not_admitted	not_admitted	not_admitted	not_admitted	not_admitted	1	272;234137;235195;-;276.9	125;107521;108936;+;194.1	124;106485;107531;+;173.7	290;255834;258515;-;168.0	126;108945;112895;+;101.6	294;260845;262200;-;80.7	290;255834;258515;-;72.2	297;263924;264712;-;74.8	274;235337;236848;-;62.7	271;230930;234118;-;58.3	118;97360;99444;-;56.7	291;258524;259474;-;46.4	118;97360;99444;-;38.8	A	9/9	split_3	166564	0	1	
CP048296.1	MPF_F	IncFIB(AP001918);IncFIC(FII)	134	0	0	GA	0															not_admitted	not_admitted	not_admitted	not_admitted	not_admitted	not_admitted	not_admitted	not_admitted	not_admitted	not_admitted	1	53;46210;47202;+;369.3	64;52888;54261;+;383.0	57;49931;50674;+;234.1	50;42574;45201;+;305.4	65;54258;57080;+;374.0	44;39092;40519;+;94.3	50;42574;45201;+;98.5	42;37811;38377;+;183.8	54;47211;47849;+;68.4	55;47846;49654;+;268.4	69;59352;61622;+;391.1	48;41543;42058;+;78.4	69;59352;61622;+;70.3	A	9/9	contiguous	21541	1	1	57102..57581+;159;TraS;0
CP048299.1	MPF_F	IncHI2;IncHI2A	313	0	0	GA	0															not_admitted	not_admitted	not_admitted	not_admitted	not_admitted	not_admitted	not_admitted	not_admitted	not_admitted	not_admitted	1	190;182608;183666;+;276.9	9;9239;10654;+;194.1	76;75486;76382;-;174.9	173;158398;161079;+;168.0	10;10663;14616;+;101.6	273;256477;257046;+;202.0	173;158398;161079;+;72.2	166;152201;152989;+;74.8	188;180955;182466;+;62.0	191;183685;186873;+;57.3	83;83425;85509;+;56.8	172;157439;158389;+;46.1	83;83425;85509;+;38.8	A	9/9	split_5	247238	1	1	14797..16086+;429;unnamed;0
CP048300.1	MPF_F	IncFII	116	0	0	GA	0															not_admitted	not_admitted	not_admitted	not_admitted	not_admitted	not_admitted	not_admitted	not_admitted	not_admitted	not_admitted	1	18;13184;14176;+;369.3	29;20226;21599;+;381.0	24;17893;18636;+;233.3	15;9548;12175;+;305.4	30;21596;24421;+;389.2	9;5970;7397;+;94.3	15;9548;12175;+;98.5	7;4689;5255;+;183.8	21;15173;15811;+;67.4	22;15808;17616;+;268.0	33;25924;28194;+;391.7	13;8518;9033;+;78.4	33;25924;28194;+;70.3	A	9/9	contiguous	21235	1	1	24418..24927+;169;unnamed;0
CP048302.1	MPF_F	IncFII	116	0	0	GA	0															not_admitted	not_admitted	not_admitted	not_admitted	not_admitted	not_admitted	not_admitted	not_admitted	not_admitted	not_admitted	1	79;64833;65825;+;369.3	90;71875;73248;+;381.0	85;69542;70285;+;233.3	76;61197;63824;+;305.4	91;73245;76070;+;389.2	70;57619;59046;+;94.3	76;61197;63824;+;98.5	68;56338;56904;+;183.8	82;66822;67460;+;67.4	83;67457;69265;+;268.0	94;77573;79843;+;391.7	74;60167;60682;+;78.4	94;77573;79843;+;70.3	A	9/9	contiguous	21235	1	1	76067..76576+;169;unnamed;0
CP048303.1	MPF_F	IncHI2;IncHI2A	316	0	0	GA	0															not_admitted	not_admitted	not_admitted	not_admitted	not_admitted	not_admitted	not_admitted	not_admitted	not_admitted	not_admitted	1	21;27896;28954;+;276.9	157;147605;149020;+;194.1	224;213852;214748;-;174.9	4;3686;6367;+;168.0	158;149029;152982;+;101.6	104;101765;102334;+;202.0	4;3686;6367;+;72.2	314;290567;291355;+;74.8	19;26243;27754;+;62.0	22;28973;32161;+;57.3	231;221791;223875;+;56.8	3;2727;3677;+;46.1	231;221791;223875;+;38.8	A	9/9	split_6	287840	1	1	153163..154452+;429;unnamed;0
CP048381.1	MPF_F	IncFIB(K);IncFII(K)	180	0	0	GA	0															not_admitted	not_admitted	not_admitted	not_admitted	not_admitted	not_admitted	not_admitted	not_admitted	not_admitted	not_admitted	1	135;127152;128141;-;363.3	124;119966;121333;-;382.2	128;122591;123343;-;236.4	139;129598;132237;-;259.0	123;117123;119966;-;342.9	150;136204;137628;-;88.8	139;129598;132237;-;87.6	152;138355;138921;-;167.9	133;126229;126876;-;65.9	132;124215;126170;-;259.5	119;112226;114538;-;392.8	147;135008;135592;-;53.8	119;112226;114538;-;65.9	A	9/9	contiguous	26129	1	1	116588..117112-;174;unnamed;0
CP048413.1	MPF_F	Col(pHAD28);IncFIB(K);IncFII(pKP91)	294	0	0	GA	0															not_admitted	not_admitted	not_admitted	not_admitted	not_admitted	not_admitted	not_admitted	not_admitted	not_admitted	not_admitted	1	105;98083;99072;-;363.3	94;90897;92264;-;382.2	98;93522;94274;-;233.7	109;100529;103168;-;259.4	93;88048;90897;-;342.9	119;107130;108554;-;89.2	109;100529;103168;-;88.3	121;109281;109847;-;167.9	103;97160;97807;-;65.9	102;95146;97101;-;259.5	89;83954;86236;-;393.3	117;105934;106518;-;53.8	89;83954;86236;-;65.9	A	9/9	contiguous	25327	1	1	87515..88045-;176;unnamed;0
CP048471.1	MPF_T	-	423	0	0	GA	1	396;369272;369943;-;78.3	385;361874;362218;-;69.2	384;361581;361874;-;66.9	383;359150;361570;-;129.3	383;359150;361570;-;95.5	381;357830;358525;-;47.1	379;356500;357534;-;112.4		378;355757;356482;-;191.2	377;354954;355760;-;191.8	376;353747;354964;-;197.5	375;352699;353769;-;115.4	372;349584;351992;-;232.5		pfam	pfam_only	A	7/7	canonical	1	0	unscoreable	14	0	0														not_admitted	not_admitted	not_admitted	not_admitted	not_admitted	not_admitted	not_admitted
CP048472.1	MPF_T	-	170	0	0	GA	1	96;93688;94425;+;75.2	167;175219;175620;-;74.9	98;94790;95116;+;73.6	99;95116;97485;+;240.3	165;172448;174916;-;122.7	164;171667;172476;-;47.8	162;170262;171458;-;110.2		103;99342;100055;+;176.9	160;168713;169579;-;191.3	158;166911;168224;-;225.2	168;175610;176581;-;133.5	57;50844;52793;-;546.2		conjscan	conjscan_only	A	7/7	uncallable	0	0	unscoreable	11	0	0														not_admitted	not_admitted	not_admitted	not_admitted	not_admitted	not_admitted	not_admitted
CP048487.1	MPF_T	-	397	0	0	GA	1		81;73235;73534;+;89.6	82;73537;73878;+;107.1	83;73871;76252;+;175.1	83;73871;76252;+;114.2	84;76252;76950;+;207.7	86;77185;78120;+;166.9		88;78426;79097;+;218.9	89;79094;79945;+;190.6	90;79955;81124;+;183.3	91;81133;82134;+;100.2	115;103917;105836;-;331.8		pfam	both	A	7/7	canonical	1	0	unscoreable	2	0	0														not_admitted	not_admitted	not_admitted	not_admitted	not_admitted	not_admitted	not_admitted
CP048488.1	MPF_T	-	233	0	0	GA	1	138;146319;147056;+;75.2	230;250225;250626;-;74.9	140;147421;147747;+;73.6	141;147747;150116;+;240.3	228;247454;249922;-;122.8	227;246673;247482;-;48.3	225;245268;246455;-;113.0		145;151973;152686;+;176.9	223;243720;244574;-;185.2	221;241919;243232;-;222.0	231;250616;251587;-;133.5	97;103765;105714;-;574.0		conjscan	conjscan_only	A	7/7	uncallable	0	0	unscoreable	11	0	0														not_admitted	not_admitted	not_admitted	not_admitted	not_admitted	not_admitted	not_admitted
CP048491.1	MPF_T	-	144	0	0	GA	1		118;113559;113852;+;90.5	119;113852;114193;+;106.6	120;114168;116552;+;174.4	120;114168;116552;+;108.7	121;116549;117226;+;177.1	123;117462;118382;+;161.5		125;118708;119379;+;210.4	126;119376;120233;+;183.4	127;120244;121413;+;178.6	128;121422;122438;+;100.5	63;58021;59940;+;336.0		pfam	both	A	7/7	canonical	1	0	unscoreable	2	0	0														not_admitted	not_admitted	not_admitted	not_admitted	not_admitted	not_admitted	not_admitted
CP048549.1	MPF_T	-	397	0	0	GA	1		81;73235;73534;+;89.6	82;73537;73878;+;107.1	83;73871;76252;+;175.1	83;73871;76252;+;114.2	84;76252;76950;+;207.7	86;77185;78120;+;166.9		88;78426;79097;+;218.9	89;79094;79945;+;190.6	90;79955;81124;+;183.3	91;81133;82134;+;100.2	115;103917;105836;-;331.8		pfam	both	A	7/7	canonical	1	0	unscoreable	2	0	0														not_admitted	not_admitted	not_admitted	not_admitted	not_admitted	not_admitted	not_admitted
CP048550.1	MPF_T	-	156	0	0	GA	1	84;86113;86850;+;73.9	153;167647;168048;-;74.9	86;87215;87541;+;73.6	87;87541;89910;+;240.3	151;164876;167344;-;122.7	150;164095;164904;-;47.8	148;162690;163886;-;110.2		91;91767;92480;+;176.9	146;161141;162007;-;191.3	144;159339;160652;-;225.2	154;168038;169009;-;133.5	45;43254;45203;-;544.1		conjscan	conjscan_only	A	7/7	uncallable	0	0	unscoreable	11	0	0														not_admitted	not_admitted	not_admitted	not_admitted	not_admitted	not_admitted	not_admitted
CP048854.1	MPF_F	IncFIB(AP001918);IncFII	150	0	0	GA	0															not_admitted	not_admitted	not_admitted	not_admitted	not_admitted	not_admitted	not_admitted	not_admitted	not_admitted	not_admitted	1	88;78886;79878;-;369.5	76;71460;72833;-;381.7	83;75037;75780;-;233.1	91;80887;83517;-;304.1	75;68641;71463;-;373.4	100;87009;88460;-;93.8	91;80887;83517;-;98.9	102;89175;89741;-;182.3	86;77904;78542;-;68.6	85;76057;77907;-;272.5	71;64084;66369;-;391.6	96;85136;85648;-;80.9	71;64084;66369;-;70.3	A	9/9	contiguous	25091	1	1	68123..68620-;165;TraS;0
CP048856.1	MPF_F	IncFII(pRSB107)	83	0	0	GA	0															not_admitted	not_admitted	not_admitted	not_admitted	not_admitted	not_admitted	not_admitted	not_admitted	not_admitted	not_admitted	1	57;44328;45320;+;369.5	69;51374;52747;+;381.7	62;48426;49169;+;233.1	54;40689;43319;+;304.1	70;52744;55566;+;389.2	46;35837;37288;+;93.7	54;40689;43319;+;98.7	44;34556;35122;+;174.3	59;45664;46302;+;68.6	60;46299;48149;+;267.9	74;57838;60126;+;391.6	49;38148;38663;+;82.8	74;57838;60126;+;70.3	A	9/9	contiguous	23282	1	1	55587..56084+;165;TraS;0
CP048858.1	MPF_F	Col156;IncFIB(AP001918);IncFII(29)	131	0	0	GA	0															not_admitted	not_admitted	not_admitted	not_admitted	not_admitted	not_admitted	not_admitted	not_admitted	not_admitted	not_admitted	1	73;69642;70634;-;369.5	61;62215;63588;-;381.7	68;65793;66536;-;233.1	76;71643;74273;-;304.0	60;59396;62218;-;388.5	83;77404;78831;-;93.9	76;71643;74273;-;99.3	85;79546;80112;-;183.1	71;68660;69298;-;68.6	70;66813;68663;-;271.9	56;54980;57124;-;391.3	80;75760;76275;-;73.9	56;54980;57124;-;70.4	A	9/9	contiguous	24566	1	1	58895..59374-;159;TraS;0
CP048866.1	MPF_F	Col156;IncFIB(AP001918)	160	0	0	GA	0															not_admitted	not_admitted	not_admitted	not_admitted	not_admitted	not_admitted	not_admitted	not_admitted	not_admitted	not_admitted	1	112;101884;102876;-;369.5	97;93043;94416;-;381.7	104;96621;97364;-;234.4	115;103885;106515;-;297.8	96;90227;93046;-;373.5	122;109783;111234;-;93.8	115;103885;106515;-;99.0	124;111949;112515;-;174.3	109;100303;100941;-;70.8	106;97641;99491;-;270.8	92;85912;87957;-;392.1	119;108408;108923;-;82.8	92;85912;87957;-;72.1	A	9/9	contiguous	26037	1	1	89711..90202-;163;TraS;0
CP048868.1	MPF_F	Col156;IncFIA;IncFIB(AP001918);IncFII(pRSB107)	202	0	0	GA	0															not_admitted	not_admitted	not_admitted	not_admitted	not_admitted	not_admitted	not_admitted	not_admitted	not_admitted	not_admitted	1	125;111710;112702;-;369.5	112;102578;103951;-;386.6	120;107861;108604;-;231.4	128;113711;116338;-;303.9	111;99762;102581;-;386.3	134;118223;119674;-;94.1	128;113711;116338;-;96.5	136;120389;120955;-;184.3	123;110728;111366;-;68.7	122;108881;110731;-;266.7	107;95324;97504;-;391.8	131;116854;117369;-;75.2	107;95324;97504;-;70.3	A	9/9	contiguous	25065	1	1	99246..99737-;163;TraS;0
CP048869.1	MPF_F	IncFII(pCoo)	74	0	0	GA	0															not_admitted	not_admitted	not_admitted	not_admitted	not_admitted	not_admitted	not_admitted	not_admitted	not_admitted	not_admitted	1	58;43773;44759;+;355.4	64;48992;50353;+;342.6	62;47581;48360;+;195.4	55;40089;42680;+;215.3	65;50355;53246;+;287.0	50;37136;38500;+;82.6	55;40089;42680;+;88.2	48;35856;36419;+;136.5	60;45135;45749;+;82.6	61;45746;47584;+;257.5	68;54869;57100;+;371.9	54;39479;40078;+;46.6	68;54869;57100;+;68.9	A	9/9	contiguous	19013	1	1	53256..53813+;185;unnamed;0
CP048871.1	MPF_F	Col156;IncFIB(AP001918);IncFII(29)	135	0	0	GA	0															not_admitted	not_admitted	not_admitted	not_admitted	not_admitted	not_admitted	not_admitted	not_admitted	not_admitted	not_admitted	1	79;75890;76882;-;369.5	67;68463;69836;-;381.7	74;72041;72784;-;233.1	82;77891;80521;-;304.0	66;65644;68466;-;388.5	88;83643;85070;-;93.9	82;77891;80521;-;99.3	90;85785;86351;-;183.1	77;74908;75546;-;68.6	76;73061;74911;-;271.9	62;61156;63372;-;391.2	85;81999;82514;-;73.9	62;61156;63372;-;70.3	A	9/9	contiguous	24629	1	1	65143..65622-;159;TraS;0
CP048927.1	MPF_T	IncX1	63	0	0	GA	1	61;52269;52916;+;45.2	62;52894;53190;+;77.5	0;1;2754;+;46.6	0;1;2754;+;148.0	0;1;2754;+;75.3	1;2765;3523;+;67.3	3;3761;4894;+;106.4		4;5140;5853;+;119.7	5;5858;6787;+;134.3	6;6784;7989;+;132.5	7;7991;9022;+;76.6	8;9025;10860;+;490.8		pfam	pfam_only	A	7/7	canonical	1	1	unscoreable	1	0	0														not_admitted	not_admitted	not_admitted	not_admitted	not_admitted	not_admitted	not_admitted
CP048936.1	MPF_F	IncB/O/K/Z;IncFII	236	0	0	GA	0															not_admitted	not_admitted	not_admitted	not_admitted	not_admitted	not_admitted	not_admitted	not_admitted	not_admitted	not_admitted	1	205;164140;165132;+;369.5	217;171973;173346;+;384.6	211;169302;170045;+;234.4	202;161101;163131;+;175.6	218;173343;176168;+;385.4	195;156923;158350;+;93.5	202;161101;163131;+;99.8	193;155642;156208;+;177.4	208;166539;167177;+;70.0	209;167174;169024;+;265.0	226;180957;183218;+;391.6	199;159471;159986;+;77.6	226;180957;183218;+;70.3	A	9/9	contiguous	25315	1	1	176165..176674+;169;unnamed;0
CP049164.1	MPF_F	IncFII(pSE11)	90	0	0	GA	0															not_admitted	not_admitted	not_admitted	not_admitted	not_admitted	not_admitted	not_admitted	not_admitted	not_admitted	not_admitted	1	71;54326;55318;+;369.5	85;62042;63415;+;386.0	78;59094;59837;+;234.4	68;50687;53317;+;297.8	86;63412;66237;+;386.5	60;45815;47242;+;93.9	68;50687;53317;+;98.7	58;44534;45100;+;174.3	73;55662;56300;+;68.6	76;57012;58817;+;267.0	68;50687;53317;+;20.8	63;48126;48641;+;78.4		A	9/9	contiguous	18878	1	1	66234..66743+;169;unnamed;0
CP049307.1	MPF_F	IncHI2;IncHI2A	370	1	1	GA	1	352;315301;315840;+;23.7	308;272425;272811;-;85.3	307;272159;272428;-;32.5	306;269696;272146;-;37.9	306;269696;272146;-;125.2	305;268956;269699;-;226.6	303;267253;268620;-;177.3		302;266530;267234;-;235.9	301;265541;266533;-;223.0	300;264258;265538;-;208.0	309;272808;273878;-;118.3	311;274348;276345;-;333.6	182;165728;168916;+;58.3	conjscan	conjscan_only	A	7/7	canonical	1	0	unscoreable	3	0	1	181;164651;165709;+;276.9	357;322263;323678;-;194.1	358;323668;324714;-;174.1	163;141082;143763;+;168.0	356;318304;322254;-;102.0	300;264258;265538;-;208.0	163;141082;143763;+;72.2	156;134885;135673;+;74.8	179;162998;164509;+;62.7	182;165728;168916;+;58.3	311;274348;276345;-;103.8	162;140123;141073;+;46.4	311;274348;276345;-;99.0	A	9/9	split_4	188783	0	1	
CP049309.1	MPF_F	IncHI2;IncHI2A	330	0	0	GA	0															not_admitted	not_admitted	not_admitted	not_admitted	not_admitted	not_admitted	not_admitted	not_admitted	not_admitted	not_admitted	1	156;141398;142456;+;276.9	39;31982;33397;-;194.1	40;33387;34433;-;173.7	138;118078;120759;+;168.0	38;28023;31973;-;101.6	134;114393;115748;+;80.7	138;118078;120759;+;72.2	131;111881;112669;+;74.8	154;139745;141256;+;62.7	157;142475;145663;+;58.3	46;41474;43558;+;56.7	137;117119;118069;+;46.4	46;41474;43558;+;38.8	A	9/9	split_3	114452	0	1	
CP049311.1	MPF_F	IncHI2;IncHI2A	370	1	1	GA	1	148;126271;126810;+;23.7	104;83395;83781;-;85.3	103;83129;83398;-;32.5	102;80666;83116;-;37.9	102;80666;83116;-;125.2	101;79926;80669;-;226.6	99;78223;79590;-;177.3		98;77500;78204;-;235.9	97;76511;77503;-;223.0	96;75228;76508;-;208.0	105;83778;84848;-;118.3	107;85318;87315;-;333.6	277;249458;252646;+;58.3	conjscan	conjscan_only	A	7/7	canonical	1	0	unscoreable	3	0	1	276;248381;249439;+;276.9	153;133233;134648;-;194.1	154;134638;135684;-;174.1	258;224812;227493;+;168.0	152;129274;133224;-;102.0	96;75228;76508;-;208.0	258;224812;227493;+;72.2	251;218615;219403;+;74.8	274;246728;248239;+;62.7	277;249458;252646;+;58.3	107;85318;87315;-;103.8	257;223853;224803;+;46.4	107;85318;87315;-;99.0	A	9/9	split_4	174230	0	1	
CP049734.2	MPF_T	-	329	0	0	GA	1	30;31086;32261;+;71.4	75;72500;72862;-;66.3	74;72174;72500;-;67.1	73;69805;72174;-;200.2	29;28589;31108;+;94.0		33;33284;34357;+;82.7		69;67269;67982;-;173.2	35;35117;35944;+;183.9	36;35956;37293;+;192.3	37;37290;38339;+;127.2	60;58811;60505;+;485.1		none	none	A	7/7	uncallable	0	0	unscoreable	9	0	0														not_admitted	not_admitted	not_admitted	not_admitted	not_admitted	not_admitted	not_admitted
CP049735.2	MPF_T	-	205	0	0	GA	1	121;90216;91217;-;70.3	120;89888;90199;-;83.6	201;152074;152373;-;66.0	200;149607;152063;-;177.9	200;149607;152063;-;123.3	199;148832;149635;-;47.6	197;147460;148641;-;113.7		114;84254;84940;-;171.3	195;145947;146759;-;184.5	193;144196;145491;-;223.8	203;152739;153716;-;130.0	41;30244;32298;-;456.4		conjscan	both	A	7/7	canonical	1	0	unscoreable	4	0	0														not_admitted	not_admitted	not_admitted	not_admitted	not_admitted	not_admitted	not_admitted
CP049982.1	MPF_T	IncX1	52	0	0	GA	1	39;35468;36115;-;45.2	38;35194;35490;-;77.5	37;32422;35175;-;46.6	37;32422;35175;-;148.0	37;32422;35175;-;75.3	36;31653;32411;-;67.3	34;30282;31415;-;106.4		33;29323;30036;-;119.7	32;28389;29318;-;134.3	31;27187;28392;-;132.5	30;26154;27185;-;76.6	29;24316;26151;-;490.8		pfam	pfam_only	A	7/7	canonical	1	1	unscoreable	1	0	0														not_admitted	not_admitted	not_admitted	not_admitted	not_admitted	not_admitted	not_admitted
CP049987.1	MPF_T	IncX1	53	0	0	GA	1	38;34114;34761;-;45.2	37;33840;34136;-;77.5	36;31068;33821;-;46.6	36;31068;33821;-;148.0	36;31068;33821;-;75.3	35;30299;31057;-;67.3	33;28928;30061;-;106.4		32;27969;28682;-;119.7	31;27035;27964;-;134.3	30;25833;27038;-;132.5	29;24800;25831;-;76.6	28;22962;24797;-;490.8		pfam	pfam_only	A	7/7	canonical	1	1	unscoreable	1	0	0														not_admitted	not_admitted	not_admitted	not_admitted	not_admitted	not_admitted	not_admitted
CP050294.1	-	-	467	0	0	GA	1	286;277481;278134;-;74.8	285;277154;277468;-;73.3	284;276857;277150;-;57.0	283;275490;276860;-;125.5	283;275490;276860;-;101.4	280;272574;273308;-;32.1	279;271348;272391;-;107.2		278;270561;271280;-;211.0	277;269767;270564;-;187.5	276;268304;269767;-;195.0	275;267282;268307;-;138.2	274;265122;267269;-;280.0		pfam	pfam_only	A	7/7	canonical	1	0	unscoreable	1	0	0														not_admitted	not_admitted	not_admitted	not_admitted	not_admitted	not_admitted	not_admitted
CP050295.1	MPF_T	-	683	0	0	GA	1	435;420853;421611;-;67.4	434;420530;420841;-;75.9	433;420223;420519;-;83.9	432;417802;420213;-;122.7	432;417802;420213;-;103.4	430;416180;416899;-;31.8	427;414595;415731;-;145.5		426;413879;414598;-;201.2	425;413067;413882;-;197.2	424;411738;413060;-;161.3	423;410683;411741;-;122.2	422;408570;410705;-;269.6		pfam	pfam_only	A	7/7	canonical	1	0	unscoreable	3	0	0														not_admitted	not_admitted	not_admitted	not_admitted	not_admitted	not_admitted	not_admitted
CP050513.1	MPF_T	-	1814	0	0	GA	1		1110;1019316;1019615;+;87.9	1111;1019620;1019961;+;105.8	1112;1019936;1022332;+;172.4	1112;1019936;1022332;+;108.5	1113;1022332;1023033;+;198.9	1115;1023268;1024203;+;160.3		1117;1024519;1025190;+;214.7	1118;1025190;1026044;+;183.4	1119;1026054;1027226;+;180.8	954;863784;865277;+;213.4	1346;1236586;1238505;+;333.2		pfam	both	A	7/7	canonical	1	0	unscoreable	2	0	0														not_admitted	not_admitted	not_admitted	not_admitted	not_admitted	not_admitted	not_admitted
CP050515.1	MPF_T	-	971	0	0	GA	1	902;958687;959349;+;25.2	903;959346;959645;+;91.3	904;959651;959989;+;101.4	905;959982;962348;+;176.5	905;959982;962348;+;104.2	906;962348;963046;+;200.1	908;963280;964200;+;163.7		910;964539;965210;+;201.1	911;965207;966061;+;183.3	912;966071;967243;+;175.3	913;967627;968247;+;98.7	264;264059;265972;-;329.8		pfam	both	A	7/7	canonical	1	0	unscoreable	2	0	0														not_admitted	not_admitted	not_admitted	not_admitted	not_admitted	not_admitted	not_admitted
CP050517.1	MPF_T	-	314	0	0	GA	1	230;206687;207838;-;69.7	229;206328;206687;-;52.3	228;205999;206325;-;46.1	227;203476;205995;-;139.2	227;203476;205995;-;94.4		222;200226;201299;-;90.2		221;199463;200197;-;111.1	220;198636;199466;-;184.7	218;197286;198185;-;197.0	217;196240;197289;-;125.3	216;193548;196271;-;230.2		none	none	A	7/7	canonical	0	0	unscoreable	5	0	0														not_admitted	not_admitted	not_admitted	not_admitted	not_admitted	not_admitted	not_admitted
CP050552.1	MPF_T	-	1702	0	0	GA	1	882;611464;612084;+;22.8	883;612081;612380;+;90.3	884;612480;612725;+;57.5	886;613488;615086;+;116.2	885;612718;613443;+;110.4		890;616453;616941;+;74.1		891;617552;617956;+;127.1	892;617953;618429;+;92.9	895;619387;619743;+;83.8	897;620014;621045;+;107.6	1485;1057183;1057998;-;157.5		none	none	A	7/7	canonical	0	0	unscoreable	6	0	0														not_admitted	not_admitted	not_admitted	not_admitted	not_admitted	not_admitted	not_admitted
CP050559.1	MPF_T	-	1878	0	0	GA	1	26;29494;30201;-;63.5	1636;1559741;1560040;+;87.9	1637;1560045;1560365;+;106.1	23;26426;28795;-;205.0	1638;1560362;1562758;+;108.4	1639;1562758;1563459;+;198.9	1641;1563694;1564629;+;160.3		1643;1564945;1565616;+;215.6	1644;1565616;1566470;+;183.4	18;21867;22985;-;183.3	1487;1406615;1408108;+;213.3	7;8562;10130;+;487.0		pfam	both	A	7/7	uncallable	0	0	unscoreable	4	0	0														not_admitted	not_admitted	not_admitted	not_admitted	not_admitted	not_admitted	not_admitted
CP050564.1	MPF_T	-	402	0	0	GA	1		10;10129;10512;+;74.8	11;10502;10804;+;67.5	12;10815;13265;+;169.9	12;10815;13265;+;122.3	13;13243;14040;+;48.6	15;14254;15402;+;109.4		16;15423;16085;+;129.3	17;16103;16915;+;185.4	19;17364;18662;+;212.3	9;9162;10139;+;133.1	33;29153;31084;+;541.0		conjscan	conjscan_only	A	7/7	canonical	1	0	unscoreable	3	0	0														not_admitted	not_admitted	not_admitted	not_admitted	not_admitted	not_admitted	not_admitted
CP050684.1	MPF_T	-	55	0	0	GA	1		29;23911;24174;+;54.5	30;24193;26961;+;73.3	30;24193;26961;+;178.6	30;24193;26961;+;86.1	35;28843;29829;+;82.0	36;29833;30825;+;111.7		38;30972;31634;+;177.6	39;31631;32518;+;161.4	40;32545;33717;+;166.0	41;33698;34690;+;93.2	42;34691;36502;+;348.4		pfam	pfam_only	A	7/7	canonical	1	1	unscoreable	5	0	0														not_admitted	not_admitted	not_admitted	not_admitted	not_admitted	not_admitted	not_admitted
CP050741.1	MPF_F	IncFIB(S);IncFII(S);IncFII(pAR0022)	133	0	0	GA	0															not_admitted	not_admitted	not_admitted	not_admitted	not_admitted	not_admitted	not_admitted	not_admitted	not_admitted	not_admitted	1	38;28749;29741;+;366.7	47;34989;36371;+;392.4	44;33208;33957;+;231.0	35;25114;27762;+;314.1	48;36368;39190;+;394.4	27;21160;22581;+;91.5	35;25114;27762;+;97.8	25;19867;20433;+;185.6	40;30053;30691;+;70.6	42;31144;32970;+;271.0	51;40844;43051;+;374.0	30;23387;23902;+;96.7	51;40844;43051;+;72.1	A	9/9	contiguous	20977	1	1	39212..39700+;162;TraS;0
CP050746.1	MPF_F	IncFIB(S);IncFII(S);IncFII(pAR0022)	143	0	0	GA	0															not_admitted	not_admitted	not_admitted	not_admitted	not_admitted	not_admitted	not_admitted	not_admitted	not_admitted	not_admitted	1	53;50172;51164;-;366.7	44;43542;44924;-;392.4	47;45956;46705;-;231.0	56;52151;54799;-;314.1	43;40723;43545;-;394.4	64;57332;58753;-;91.5	56;52151;54799;-;97.8	66;59480;60046;-;185.6	51;49222;49860;-;70.6	49;46943;48769;-;271.0	40;36853;39069;-;374.0	61;56011;56526;-;96.7	40;36853;39069;-;72.0	A	9/9	contiguous	22627	1	1	40213..40701-;162;TraS;0
CP050835.1	MPF_T	IncR;pKPC-CAV1321;repB(R1701)	404	0	0	GA	0															not_admitted	not_admitted	not_admitted	not_admitted	not_admitted	not_admitted	not_admitted	not_admitted	not_admitted	not_admitted	1	381;318179;319246;+;276.8	401;335159;336598;+;253.3	400;334062;335162;+;197.1	375;312519;313664;+;202.8	402;336613;340056;+;242.3	371;307883;309280;+;109.8	377;314722;316071;+;123.6	369;305976;306602;+;86.7	380;316869;318182;+;40.5	0;55;2658;+;137.8	363;301452;303422;+;22.1	372;309277;309843;+;72.5	363;301452;303422;+;33.6	A	9/9	split_2	336558	0	1	
CP050837.1	MPF_F	Col(pHAD28);Col440II;IncFII(Yp);IncFII(pAR0022)	145	0	0	GA	0															not_admitted	not_admitted	not_admitted	not_admitted	not_admitted	not_admitted	not_admitted	not_admitted	not_admitted	not_admitted	1	61;44460;45452;+;366.4	70;50387;51757;+;376.5	67;48851;49603;+;228.0	58;40753;43392;+;257.0	71;51757;54630;+;336.7	49;35821;37236;+;82.8	58;40753;43392;+;83.7	47;34528;35094;+;165.2	62;45465;46082;+;68.5	63;46079;47959;+;252.0	73;55418;57718;+;388.3	52;38065;38646;+;52.6	73;55418;57718;+;65.7	A	9/9	contiguous	20890	1	1	54641..55174+;177;unnamed;0
CP050859.2	MPF_T	IncN	79	0	0	GA	1	17;12335;13069;+;32.5		20;13712;14029;+;63.3	21;14029;16629;+;113.8	21;14029;16629;+;76.4	22;16647;17360;+;105.5	24;17611;18651;+;142.4		25;18870;19568;+;131.9	26;19579;20463;+;159.7	27;20463;21623;+;156.3	28;21665;22660;+;81.2	54;44677;46206;-;38.5		pfam	both	A	7/7	canonical	1	0	unscoreable	3	0	0														not_admitted	not_admitted	not_admitted	not_admitted	not_admitted	not_admitted	not_admitted
CP050860.1	MPF_F	IncFIB(K);IncFII(K);IncFII(pAR0022)	255	0	0	GA	0															not_admitted	not_admitted	not_admitted	not_admitted	not_admitted	not_admitted	not_admitted	not_admitted	not_admitted	not_admitted	1	46;32007;32996;+;363.3	57;38815;40182;+;384.1	53;36805;37557;+;233.7	42;27911;30550;+;259.0	58;40182;43004;+;346.4	32;22559;23983;+;89.5	42;27911;30550;+;88.7	30;21266;21832;+;167.0	48;33272;33919;+;65.9	49;33978;35933;+;259.4	62;45621;47933;+;393.1	34;24595;25179;+;53.8	62;45621;47933;+;66.6	A	9/9	contiguous	24355	1	1	43027..43629+;200;TraS;0
CP051780.1	MPF_T	IncX4	45	0	0	GA	1	8;6043;6654;+;53.8	9;6626;6940;+;30.8	10;6998;7318;+;39.0	11;7321;9693;+;81.6	11;7321;9693;+;33.6	5;4072;4713;-;33.9	6;4715;5710;-;126.4		13;9824;10561;+;158.9	14;10558;11337;+;167.2	15;11327;12469;+;142.9	16;12469;13488;+;91.9	17;13655;15505;+;291.7		pfam	pfam_only	A	7/7	uncallable	0	0	unscoreable	2	0	0														not_admitted	not_admitted	not_admitted	not_admitted	not_admitted	not_admitted	not_admitted
CP051784.1	MPF_T	IncX4	52	0	0	GA	1	10;7268;7879;+;53.8	11;7851;8165;+;30.8	12;8223;8543;+;39.0	13;8546;10918;+;81.6	13;8546;10918;+;33.6	7;5297;5938;-;33.9	8;5940;6935;-;126.4		15;11049;11786;+;158.9	16;11783;12562;+;167.2	17;12552;13694;+;142.9	18;13694;14713;+;91.9	19;14764;16731;+;291.4		pfam	pfam_only	A	7/7	uncallable	0	0	unscoreable	2	0	0														not_admitted	not_admitted	not_admitted	not_admitted	not_admitted	not_admitted	not_admitted
CP051788.1	MPF_T	IncX4	46	0	0	GA	1	14;8646;9257;+;53.8	15;9229;9543;+;30.8	16;9601;9921;+;39.0	17;9924;12296;+;81.6	17;9924;12296;+;33.6	11;6675;7316;-;33.9	12;7318;8313;-;126.4		19;12427;13164;+;158.9	20;13161;13940;+;167.2	21;13930;15072;+;142.9	22;15072;16091;+;91.9	23;16142;18109;+;291.4		pfam	pfam_only	A	7/7	uncallable	0	0	unscoreable	2	0	0														not_admitted	not_admitted	not_admitted	not_admitted	not_admitted	not_admitted	not_admitted
CP051794.1	MPF_T	IncX4	50	0	0	GA	1	7;4287;4898;+;53.8	8;4870;5184;+;30.8	9;5242;5562;+;39.0	10;5565;7937;+;81.6	10;5565;7937;+;33.6	4;2316;2957;-;33.9	5;2959;3954;-;126.4		12;8068;8805;+;158.9	13;8802;9581;+;167.2	14;9571;10713;+;142.9	15;10713;11732;+;91.9	16;11783;13750;+;291.4		pfam	pfam_only	A	7/7	uncallable	0	0	unscoreable	2	0	0														not_admitted	not_admitted	not_admitted	not_admitted	not_admitted	not_admitted	not_admitted
CP052137.1	MPF_F	Col(pHAD28);IncFIB(K);IncFII(pKP91)	261	0	0	GA	0															not_admitted	not_admitted	not_admitted	not_admitted	not_admitted	not_admitted	not_admitted	not_admitted	not_admitted	not_admitted	1	216;196540;197529;-;363.3	205;189354;190721;-;382.2	209;191979;192731;-;233.7	220;198986;201625;-;259.4	204;186505;189354;-;342.9	230;205587;207011;-;89.2	220;198986;201625;-;88.3	232;207738;208304;-;167.9	214;195617;196264;-;65.9	213;193603;195558;-;259.5	200;182411;184693;-;393.3	228;204391;204975;-;53.8	200;182411;184693;-;65.9	A	9/9	contiguous	25327	1	1	185972..186502-;176;unnamed;0
CP052139.1	-	IncFII(pCRY);IncQ1;pKPC-CAV1321	361	0	0	GA	0															not_admitted	not_admitted	not_admitted	not_admitted	not_admitted	not_admitted	not_admitted	not_admitted	not_admitted	not_admitted	1	234;200310;201377;+;276.8	254;217291;218733;+;260.7	253;216194;217294;+;198.4	230;195716;198202;+;223.8	255;218748;222266;+;240.0	226;191091;192488;+;109.8	230;195716;198202;+;120.8	224;189182;189808;+;87.1	233;199000;200313;+;41.0	257;222702;225359;+;136.9	218;184658;186634;+;22.7	227;192485;193051;+;71.6	218;184658;186634;+;33.5	A	9/9	contiguous	38044	0	1	
CP052140.1	MPF_F	IncFIB(K)	171	0	0	GA	0															not_admitted	not_admitted	not_admitted	not_admitted	not_admitted	not_admitted	not_admitted	not_admitted	not_admitted	not_admitted	1	122;115918;116907;-;363.3	111;108732;110099;-;382.2	115;111357;112109;-;236.4	126;118364;121003;-;259.0	110;108133;108732;-;134.2	137;124970;126394;-;88.8	126;118364;121003;-;87.6	139;127121;127687;-;167.9	120;114995;115642;-;65.9	119;112981;114936;-;259.5		134;123774;124358;-;53.8		A	9/9	contiguous	18988	0	1	
CP052145.1	-	IncFII(K);IncFII(pAR0022);IncR	103	0	0	GA	0															not_admitted	not_admitted	not_admitted	not_admitted	not_admitted	not_admitted	not_admitted	not_admitted	not_admitted	not_admitted	1	89;78819;79817;+;370.9	94;83548;84912;+;351.6	92;82177;82950;+;208.9	86;75160;77781;+;214.6	95;84915;87785;+;238.4	83;72869;74200;+;86.5	86;75160;77781;+;89.0	81;71588;72163;+;86.8	90;79787;80215;+;63.5	91;80243;82180;+;232.0	97;88512;90644;+;375.4	85;74621;75151;+;33.1	97;88512;90644;+;65.2	A	9/9	contiguous	16924	1	1	87794..88357+;187;unnamed;0
CP052148.1	MPF_F	IncFIB(K);IncFII(K)	204	0	0	GA	0															not_admitted	not_admitted	not_admitted	not_admitted	not_admitted	not_admitted	not_admitted	not_admitted	not_admitted	not_admitted	1	158;155107;156096;-;363.3	147;147921;149288;-;382.2	151;150546;151298;-;236.4	162;157553;160192;-;259.0	146;145078;147921;-;342.9	173;164159;165583;-;88.8	162;157553;160192;-;87.6	175;166310;166876;-;167.9	156;154184;154831;-;65.9	155;152170;154125;-;259.5	142;140181;142493;-;392.8	170;162963;163547;-;53.8	142;140181;142493;-;65.9	A	9/9	contiguous	26129	1	1	144543..145067-;174;unnamed;0
CP052151.1	MPF_F	IncFIB(K);IncFII(pKP91)	272	0	0	GA	0															not_admitted	not_admitted	not_admitted	not_admitted	not_admitted	not_admitted	not_admitted	not_admitted	not_admitted	not_admitted	1	210;205307;206296;-;363.3	199;198091;199458;-;383.5	203;200716;201468;-;233.7	214;207753;210392;-;259.0	198;195269;198091;-;346.5	225;214360;215784;-;88.0	214;207753;210392;-;88.7	227;216511;217077;-;167.9	208;204384;205031;-;65.1	207;202340;204325;-;254.0	194;190371;192653;-;393.3	222;213164;213748;-;53.8	194;190371;192653;-;65.8	A	9/9	contiguous	26140	1	1	194644..195246-;200;TraS;0
CP052160.1	-	IncFII(K);IncFII(pAR0022)	53	0	0	GA	0															not_admitted	not_admitted	not_admitted	not_admitted	not_admitted	not_admitted	not_admitted	not_admitted	not_admitted	not_admitted	1	18;16384;17382;+;370.9	23;21113;22477;+;351.6	21;19742;20515;+;208.9	15;12725;15346;+;214.6	24;22480;25350;+;238.4	12;10434;11765;+;86.5	15;12725;15346;+;89.0	10;9153;9728;+;86.8	19;17352;17780;+;63.5	20;17808;19745;+;232.0	26;26077;28209;+;375.4	14;12186;12716;+;33.1	26;26077;28209;+;65.2	A	9/9	contiguous	16924	1	1	25359..25922+;187;unnamed;0
CP052164.1	MPF_F	IncFIA(HI1);IncFII(K)	115	0	0	GA	0															not_admitted	not_admitted	not_admitted	not_admitted	not_admitted	not_admitted	not_admitted	not_admitted	not_admitted	not_admitted	1	90;65999;66988;+;366.0	100;72535;73902;+;384.6	96;70525;71277;+;233.7	86;61903;64542;+;258.5	101;73902;76745;+;347.6	79;57651;59075;+;89.3	86;61903;64542;+;88.7	77;56358;56924;+;167.8	91;67001;67639;+;67.0	92;67698;69653;+;259.2	105;79441;81753;+;393.2	80;59148;59732;+;54.9	105;79441;81753;+;65.8	A	9/9	contiguous	23083	1	1	76756..77289+;177;unnamed;0
CP052165.1	-	IncFII(K);IncFII(pAR0022);IncR	99	0	0	GA	0															not_admitted	not_admitted	not_admitted	not_admitted	not_admitted	not_admitted	not_admitted	not_admitted	not_admitted	not_admitted	1	85;68889;69887;+;370.9	90;73618;74982;+;351.6	88;72247;73020;+;208.9	82;65230;67851;+;214.6	91;74985;77855;+;238.4	79;62939;64270;+;86.5	82;65230;67851;+;89.0	77;61658;62233;+;86.8	86;69857;70285;+;63.5	87;70313;72250;+;232.0	93;78582;80714;+;375.4	81;64691;65221;+;33.1	93;78582;80714;+;65.2	A	9/9	contiguous	16924	1	1	77864..78427+;187;unnamed;0
CP052168.1	MPF_F	IncFIB(K);IncFII(K)	228	0	0	GA	0															not_admitted	not_admitted	not_admitted	not_admitted	not_admitted	not_admitted	not_admitted	not_admitted	not_admitted	not_admitted	1	171;174574;175563;-;366.0	161;167660;169027;-;381.2	165;170285;171037;-;233.7	175;177006;179645;-;260.3	160;164811;167660;-;345.6	184;183460;184884;-;89.2	175;177006;179645;-;88.7	186;185611;186177;-;167.0	170;173923;174561;-;66.9	169;171909;173864;-;259.2	156;160016;162325;-;392.8	182;182279;182848;-;49.7	156;160016;162325;-;65.8	A	9/9	contiguous	25595	1	1	164250..164798-;182;unnamed;0
CP052169.1	MPF_F	IncFIB(pQil);IncFII(K)	156	0	0	GA	0															not_admitted	not_admitted	not_admitted	not_admitted	not_admitted	not_admitted	not_admitted	not_admitted	not_admitted	not_admitted	1	131;107326;108315;+;366.0	141;113862;115229;+;384.6	137;111852;112604;+;233.7	127;103230;105869;+;258.5	142;115229;118072;+;347.6	120;98978;100402;+;89.3	127;103230;105869;+;88.7	118;97685;98251;+;167.8	132;108328;108966;+;67.0	133;109025;110980;+;259.2	146;120768;123080;+;393.2	121;100475;101059;+;54.9	146;120768;123080;+;65.8	A	9/9	contiguous	23083	1	1	118083..118616+;177;unnamed;0
CP052170.1	MPF_T	IncX3	59	0	0	GA	1	29;25124;25768;-;46.4	28;24850;25140;-;73.1	27;22072;24825;-;47.0	27;22072;24825;-;145.4	27;22072;24825;-;73.3	26;21292;22062;-;60.1	24;19958;21013;-;133.2		23;19035;19763;-;119.4	22;18100;19029;-;138.8	21;16889;18103;-;128.3	19;15659;16693;-;65.7	18;13821;15656;-;495.9		pfam	pfam_only	A	7/7	canonical	1	1	unscoreable	2	0	0														not_admitted	not_admitted	not_admitted	not_admitted	not_admitted	not_admitted	not_admitted
CP052173.1	MPF_F	Col(pHAD28);IncFIB(K);IncFII(pKP91)	300	0	0	GA	0															not_admitted	not_admitted	not_admitted	not_admitted	not_admitted	not_admitted	not_admitted	not_admitted	not_admitted	not_admitted	1	255;236116;237105;-;363.3	244;228930;230297;-;382.2	248;231555;232307;-;233.7	259;238562;241201;-;259.4	243;226081;228930;-;342.9	269;245163;246587;-;89.2	259;238562;241201;-;88.3	271;247314;247880;-;167.9	253;235193;235840;-;65.9	252;233179;235134;-;259.5	239;221987;224269;-;393.3	267;243967;244551;-;53.8	239;221987;224269;-;65.9	A	9/9	contiguous	25327	1	1	225548..226078-;176;unnamed;0
CP052176.1	MPF_F	IncFIB(K);IncFII(K)	231	0	0	GA	0															not_admitted	not_admitted	not_admitted	not_admitted	not_admitted	not_admitted	not_admitted	not_admitted	not_admitted	not_admitted	1	186;180380;181369;-;363.3	175;173194;174561;-;382.2	179;175819;176571;-;236.4	190;182826;185465;-;259.0	174;170345;173194;-;342.9	200;189445;190869;-;88.8	190;182826;185465;-;87.3	202;191596;192162;-;167.9	184;179457;180104;-;65.9	183;177443;179398;-;259.5	170;166251;168533;-;393.3	197;188249;188833;-;53.8	170;166251;168533;-;65.9	A	9/9	contiguous	25345	1	1	169812..170342-;176;unnamed;0
CP052205.1	-	IncFII(K);IncFII(pAR0022);IncR	121	0	0	GA	0															not_admitted	not_admitted	not_admitted	not_admitted	not_admitted	not_admitted	not_admitted	not_admitted	not_admitted	not_admitted	1	89;71003;72001;+;370.9	94;75732;77096;+;351.6	92;74361;75134;+;208.9	86;67344;69965;+;214.6	95;77099;79969;+;238.4	83;65053;66384;+;86.5	86;67344;69965;+;89.0	81;63772;64347;+;86.8	90;71971;72399;+;63.5	91;72427;74364;+;232.0	97;80696;82828;+;375.4	85;66805;67335;+;33.1	97;80696;82828;+;65.2	A	9/9	contiguous	16924	1	1	79978..80541+;187;unnamed;0
CP052208.1	MPF_F	IncFIB(pNDM-Mar);RepB	262	0	0	GA	0															not_admitted	not_admitted	not_admitted	not_admitted	not_admitted	not_admitted	not_admitted	not_admitted	not_admitted	not_admitted	1	175;162550;163587;-;282.3	77;60189;61598;+;190.4	76;59162;60199;+;175.9	203;189254;191971;-;149.6	78;61600;65508;+;122.1	207;194084;195454;-;65.6	203;189254;191971;-;85.2	210;197100;197960;-;79.0	176;163584;164945;-;69.9	174;159355;162540;-;59.6	69;49838;51964;-;57.8	204;192016;192753;-;56.9	69;49838;51964;-;41.0	A	9/9	split_3	147262	0	1	
CP052214.1	MPF_F	IncFIB(K);IncFII(K)	206	0	0	GA	0															not_admitted	not_admitted	not_admitted	not_admitted	not_admitted	not_admitted	not_admitted	not_admitted	not_admitted	not_admitted	1	138;132753;133742;-;363.3	127;125567;126934;-;383.5	131;128192;128944;-;233.7	142;135199;137838;-;259.0	126;122745;125567;-;346.5	153;141806;143230;-;88.0	142;135199;137838;-;88.7	155;143957;144523;-;167.9	136;131830;132477;-;66.9	135;129816;131771;-;259.7	122;117815;120127;-;392.8	150;140610;141194;-;53.8	122;117815;120127;-;65.9	A	9/9	contiguous	26142	1	1	122120..122722-;200;TraS;0
CP052218.1	MPF_F	IncFIB(K);IncFII(K);IncFII(pAR0022)	228	0	0	GA	0															not_admitted	not_admitted	not_admitted	not_admitted	not_admitted	not_admitted	not_admitted	not_admitted	not_admitted	not_admitted	1	139;136381;137370;-;366.6	129;129467;130834;-;384.1	133;132092;132844;-;233.7	143;138827;141466;-;258.5	128;126645;129467;-;346.4	153;145370;146794;-;89.2	143;138827;141466;-;88.7	155;147521;148087;-;167.0	138;135730;136368;-;66.9	137;133716;135671;-;259.4	124;121720;124029;-;393.1	151;144174;144758;-;53.8	124;121720;124029;-;66.6	A	9/9	contiguous	25801	1	1	126020..126622-;200;TraS;0
CP052219.1	MPF_F	IncR	127	0	0	GA	0															not_admitted	not_admitted	not_admitted	not_admitted	not_admitted	not_admitted	not_admitted	not_admitted	not_admitted	not_admitted	1				8;4720;6462;+;259.9		0;37;1461;+;89.2	8;4720;6462;+;44.9	126;106381;106947;+;169.3				1;1575;2159;+;55.4		D	3/9	split_2	106344	0	0	
CP052233.1	MPF_F	IncFIB(pNDM-Mar);RepB	232	0	0	GA	0															not_admitted	not_admitted	not_admitted	not_admitted	not_admitted	not_admitted	not_admitted	not_admitted	not_admitted	not_admitted	1	73;56082;57119;+;282.3			170;158437;161154;-;149.6		174;163267;164637;-;65.6	170;158437;161154;-;85.2	177;166283;167143;-;79.0	72;54724;56085;+;69.9	74;57129;60314;+;59.6		171;161199;161936;-;56.9		C	6/9	split_2	111559	0	1	
CP052236.1	MPF_F	IncHI1B(pNDM-MAR)	361	0	0	GA	0															not_admitted	not_admitted	not_admitted	not_admitted	not_admitted	not_admitted	not_admitted	not_admitted	not_admitted	not_admitted	1	35;33612;34649;-;282.3	221;195913;197322;+;190.4	220;194886;195923;+;175.9	87;82658;85375;-;149.6	222;197324;201232;+;122.1	91;87488;88858;-;65.6	87;82658;85375;-;85.2	94;90504;91364;-;79.0	36;34646;36007;-;69.9	34;30417;33602;-;59.6	213;185562;187688;-;57.8	88;85420;86157;-;56.9	213;185562;187688;-;41.0	A	9/9	split_3	166907	0	1	
CP052240.1	MPF_F	IncFIB(pNDM-Mar);IncHI1B(pNDM-MAR)	312	0	0	GA	0															not_admitted	not_admitted	not_admitted	not_admitted	not_admitted	not_admitted	not_admitted	not_admitted	not_admitted	not_admitted	1	173;150671;151708;-;282.3	77;58927;60336;+;190.4	76;57900;58937;+;175.9	250;221742;224459;-;149.6	78;60338;64246;+;122.1	254;226572;227942;-;65.6	250;221742;224459;-;85.2	257;229588;230448;-;79.0	174;151705;153066;-;69.9	172;147476;150661;-;59.6	69;48576;50702;-;57.8	251;224504;225241;-;56.9	69;48576;50702;-;41.0	A	9/9	split_3	181012	0	1	
CP052242.1	MPF_F	IncFIB(pNDM-Mar);RepB	284	0	0	GA	0															not_admitted	not_admitted	not_admitted	not_admitted	not_admitted	not_admitted	not_admitted	not_admitted	not_admitted	not_admitted	1	174;162764;163801;-;282.3	77;60188;61597;+;190.4	76;59161;60198;+;175.9	224;210611;213328;-;149.6	78;61599;65507;+;122.1	228;215441;216811;-;65.6	224;210611;213328;-;85.2	231;218457;219317;-;79.0	175;163798;165159;-;69.9	173;159569;162754;-;59.6	69;49837;51963;-;57.8	225;213373;214110;-;56.9	69;49837;51963;-;41.0	A	9/9	split_3	168620	0	1	
CP052243.1	MPF_F	IncFIB(K);IncFII(K)	251	0	0	GA	0															not_admitted	not_admitted	not_admitted	not_admitted	not_admitted	not_admitted	not_admitted	not_admitted	not_admitted	not_admitted	1	205;209066;210055;-;363.3	194;201880;203247;-;382.2	198;204505;205257;-;236.4	209;211512;214151;-;259.0	193;199037;201880;-;342.9	220;218118;219542;-;88.8	209;211512;214151;-;87.6	222;220269;220835;-;167.9	203;208143;208790;-;65.9	202;206129;208084;-;259.5	189;194140;196452;-;392.8	217;216922;217506;-;53.8	189;194140;196452;-;65.9	A	9/9	contiguous	26129	1	1	198502..199026-;174;unnamed;0
CP052261.1	MPF_F	IncFII	79	0	0	GA	0															not_admitted	not_admitted	not_admitted	not_admitted	not_admitted	not_admitted	not_admitted	not_admitted	not_admitted	not_admitted	1	52;40812;41804;+;369.5	66;49273;50646;+;381.3	60;46325;47068;+;234.4	49;37173;39803;+;305.1	67;50643;53465;+;373.4	41;32480;33931;+;94.0	49;37173;39803;+;98.3	39;31199;31765;+;172.8	55;42747;43385;+;71.4	58;44198;46048;+;267.1	71;55737;57944;+;391.7	45;35035;35550;+;81.8	71;55737;57944;+;70.4	A	9/9	contiguous	24538	1	1	53487..53966+;159;TraS;0
CP052263.1	MPF_F	IncFIB(K);IncFII(K)	200	0	0	GA	0															not_admitted	not_admitted	not_admitted	not_admitted	not_admitted	not_admitted	not_admitted	not_admitted	not_admitted	not_admitted	1	137;133003;133992;-;363.3	126;125817;127184;-;383.5	130;128442;129194;-;233.7	141;135449;138088;-;259.0	125;122995;125817;-;346.5	152;142055;143479;-;88.0	141;135449;138088;-;88.7	154;144206;144772;-;167.9	135;132080;132727;-;65.1	134;130066;132021;-;259.7	121;118067;120379;-;393.2	149;140859;141443;-;53.8	121;118067;120379;-;65.9	A	9/9	contiguous	26139	1	1	122370..122972-;200;TraS;0
CP052266.1	MPF_F	Col(pHAD28);IncFIB(K);IncFII(pKP91)	261	0	0	GA	0															not_admitted	not_admitted	not_admitted	not_admitted	not_admitted	not_admitted	not_admitted	not_admitted	not_admitted	not_admitted	1	216;201913;202902;-;363.3	205;194727;196094;-;382.2	209;197352;198104;-;233.7	220;204359;206998;-;259.4	204;191878;194727;-;342.9	230;210960;212384;-;89.2	220;204359;206998;-;88.3	232;213111;213677;-;167.9	214;200990;201637;-;65.9	213;198976;200931;-;259.5	200;187784;190066;-;393.3	228;209764;210348;-;53.8	200;187784;190066;-;65.9	A	9/9	contiguous	25327	1	1	191345..191875-;176;unnamed;0
CP052269.1	MPF_F	IncFIB(pNDM-Mar);RepB	283	0	0	GA	0															not_admitted	not_admitted	not_admitted	not_admitted	not_admitted	not_admitted	not_admitted	not_admitted	not_admitted	not_admitted	1	176;164752;165789;-;282.3	78;61254;62663;+;190.4	77;60227;61264;+;175.9	223;209611;212328;-;149.6	79;62665;66573;+;122.1	227;214441;215811;-;65.6	223;209611;212328;-;85.2	230;217457;218317;-;79.0	177;165786;167147;-;69.9	175;161557;164742;-;59.6	70;50903;53029;-;57.8	224;212373;213110;-;56.9	70;50903;53029;-;41.0	A	9/9	split_3	166554	0	1	
CP052276.1	MPF_F	IncFIB(K);IncFII(K)	214	0	0	GA	0															not_admitted	not_admitted	not_admitted	not_admitted	not_admitted	not_admitted	not_admitted	not_admitted	not_admitted	not_admitted	1	146;139527;140516;-;363.3	135;132341;133708;-;383.5	139;134966;135718;-;233.7	150;141973;144612;-;259.0	134;129519;132341;-;346.5	161;148580;150004;-;88.0	150;141973;144612;-;88.7	163;150731;151297;-;167.9	144;138604;139251;-;66.9	143;136590;138545;-;259.7	130;124589;126901;-;392.8	158;147384;147968;-;53.8	130;124589;126901;-;65.9	A	9/9	contiguous	26142	1	1	128894..129496-;200;TraS;0
CP052279.1	MPF_F	Col(pHAD28);IncFIB(K);IncFII(pKP91)	278	0	0	GA	0															not_admitted	not_admitted	not_admitted	not_admitted	not_admitted	not_admitted	not_admitted	not_admitted	not_admitted	not_admitted	1	233;216280;217269;-;363.3	222;209094;210461;-;382.2	226;211719;212471;-;233.7	237;218726;221365;-;259.4	221;206245;209094;-;342.9	247;225327;226751;-;89.2	237;218726;221365;-;88.3	249;227478;228044;-;167.9	231;215357;216004;-;65.9	230;213343;215298;-;259.5	217;202151;204433;-;393.3	245;224131;224715;-;53.8	217;202151;204433;-;65.9	A	9/9	contiguous	25327	1	1	205712..206242-;176;unnamed;0
CP052287.1	MPF_F	IncFIB(pQil);IncFII(K)	215	0	0	GA	0															not_admitted	not_admitted	not_admitted	not_admitted	not_admitted	not_admitted	not_admitted	not_admitted	not_admitted	not_admitted	1	189;168578;169567;+;366.6	199;175084;176451;+;381.2	195;173075;173827;+;229.6	185;164496;167135;+;256.8	200;176451;179300;+;345.0	177;159877;161301;+;89.2	185;164496;167135;+;88.8	175;158584;159150;+;169.3	190;169580;170218;+;67.0	191;170277;172232;+;259.2	205;181760;184072;+;393.1	178;161415;161999;+;54.3	205;181760;184072;+;66.6	A	9/9	contiguous	23176	1	1	179303..179833+;176;unnamed;0
CP052288.1	MPF_F	IncFIB(K);IncFII(K)	199	0	0	GA	0															not_admitted	not_admitted	not_admitted	not_admitted	not_admitted	not_admitted	not_admitted	not_admitted	not_admitted	not_admitted	1	155;135104;136093;+;363.3	166;141912;143279;+;383.5	162;139902;140654;+;233.7	151;131008;133647;+;259.0	167;143279;146101;+;346.5	139;125616;127040;+;88.0	151;131008;133647;+;88.7	137;124323;124889;+;167.9	157;136369;137016;+;66.9	158;137075;139030;+;259.7	171;148719;151031;+;392.8	142;127652;128236;+;53.8	171;148719;151031;+;65.9	A	9/9	contiguous	24396	1	1	146124..146726+;200;TraS;0
CP052293.1	MPF_F	IncFIB(K);IncFII(K)	214	0	0	GA	0															not_admitted	not_admitted	not_admitted	not_admitted	not_admitted	not_admitted	not_admitted	not_admitted	not_admitted	not_admitted	1	146;139527;140516;-;363.3	135;132341;133708;-;383.5	139;134966;135718;-;233.7	150;141973;144612;-;259.0	134;129519;132341;-;346.5	161;148580;150004;-;88.0	150;141973;144612;-;88.7	163;150731;151297;-;167.9	144;138604;139251;-;66.9	143;136590;138545;-;259.7	130;124589;126901;-;392.8	158;147384;147968;-;53.8	130;124589;126901;-;65.9	A	9/9	contiguous	26142	1	1	128894..129496-;200;TraS;0
CP052296.1	MPF_F	Col(pHAD28);IncFIB(K);IncFII(pKP91)	255	0	0	GA	0															not_admitted	not_admitted	not_admitted	not_admitted	not_admitted	not_admitted	not_admitted	not_admitted	not_admitted	not_admitted	1	210;196649;197638;-;363.3	199;189463;190830;-;382.2	203;192088;192840;-;233.7	214;199095;201734;-;259.4	198;186614;189463;-;342.9	224;205696;207120;-;89.2	214;199095;201734;-;88.3	226;207847;208413;-;167.9	208;195726;196373;-;65.9	207;193712;195667;-;259.5	194;182520;184802;-;393.3	222;204500;205084;-;53.8	194;182520;184802;-;65.9	A	9/9	contiguous	25327	1	1	186081..186611-;176;unnamed;0
CP052298.1	MPF_F	IncFIB(K);IncFII(K)	214	0	0	GA	0															not_admitted	not_admitted	not_admitted	not_admitted	not_admitted	not_admitted	not_admitted	not_admitted	not_admitted	not_admitted	1	146;141601;142590;-;363.3	135;134415;135782;-;383.5	139;137040;137792;-;233.7	150;144047;146686;-;259.0	134;131593;134415;-;346.5	161;150654;152078;-;88.0	150;144047;146686;-;88.7	163;152805;153371;-;167.9	144;140678;141325;-;66.9	143;138664;140619;-;259.7	130;126663;128975;-;392.8	158;149458;150042;-;53.8	130;126663;128975;-;65.9	A	9/9	contiguous	26142	1	1	130968..131570-;200;TraS;0
CP052302.1	MPF_F	Col(pHAD28);IncFIB(K);IncFII(pKP91)	268	0	0	GA	0															not_admitted	not_admitted	not_admitted	not_admitted	not_admitted	not_admitted	not_admitted	not_admitted	not_admitted	not_admitted	1	223;207887;208876;-;363.3	212;200701;202068;-;382.2	216;203326;204078;-;233.7	227;210333;212972;-;259.4	211;197852;200701;-;342.9	237;216934;218358;-;89.2	227;210333;212972;-;88.3	239;219085;219651;-;167.9	221;206964;207611;-;65.9	220;204950;206905;-;259.5	207;193758;196040;-;393.3	235;215738;216322;-;53.8	207;193758;196040;-;65.9	A	9/9	contiguous	25327	1	1	197319..197849-;176;unnamed;0
CP052307.1	MPF_F	IncFIB(K);IncFII(K)	211	0	0	GA	0															not_admitted	not_admitted	not_admitted	not_admitted	not_admitted	not_admitted	not_admitted	not_admitted	not_admitted	not_admitted	1	143;139376;140365;-;363.3	132;132190;133557;-;383.5	136;134815;135567;-;233.7	147;141822;144461;-;259.0	131;129368;132190;-;346.5	158;148429;149853;-;88.0	147;141822;144461;-;88.7	160;150580;151146;-;167.9	141;138453;139100;-;66.9	140;136439;138394;-;259.7	127;124438;126750;-;392.8	155;147233;147817;-;53.8	127;124438;126750;-;65.9	A	9/9	contiguous	26142	1	1	128743..129345-;200;TraS;0
CP052310.1	MPF_F	IncFIB(pNDM-Mar);RepB	289	0	0	GA	0															not_admitted	not_admitted	not_admitted	not_admitted	not_admitted	not_admitted	not_admitted	not_admitted	not_admitted	not_admitted	1	76;58194;59231;+;282.3	177;162008;163417;-;190.4	178;163407;164444;-;175.9	229;213286;216003;-;149.6	176;158098;162006;-;122.1	233;218116;219486;-;65.6	229;213286;216003;-;85.2	236;221132;221992;-;79.0	75;56836;58197;+;69.9	77;59241;62426;+;59.6	185;171642;173768;+;57.8	230;216048;216785;-;56.9	185;171642;173768;+;41.0	A	9/9	split_3	164296	0	1	
CP052316.1	-	IncFII(K);IncFII(pAR0022);IncR	136	0	0	GA	0															not_admitted	not_admitted	not_admitted	not_admitted	not_admitted	not_admitted	not_admitted	not_admitted	not_admitted	not_admitted	1	57;59405;60403;-;370.9	52;54310;55674;-;351.6	54;56272;57045;-;208.9	60;61441;64062;-;214.6	51;51437;54307;-;238.4	63;65022;66353;-;86.5	60;61441;64062;-;89.0	65;67059;67634;-;86.8	56;59007;59435;-;63.5	55;57042;58979;-;232.0	49;48578;50710;-;375.4	61;64071;64601;-;33.1	49;48578;50710;-;65.2	A	9/9	contiguous	18481	1	1	50865..51428-;187;unnamed;0
CP052321.1	-	IncFIA(HI1);IncFIB(K);IncFII(K);IncFII(pAR0022)	208	0	0	GA	0															not_admitted	not_admitted	not_admitted	not_admitted	not_admitted	not_admitted	not_admitted	not_admitted	not_admitted	not_admitted	1	125;118004;119002;-;370.9	120;112909;114273;-;351.6	122;114871;115644;-;208.9	128;120040;122661;-;214.6	119;110036;112906;-;238.8	131;123621;124952;-;85.3	128;120040;122661;-;89.0	133;125658;126233;-;86.8	124;117606;118034;-;63.5	123;115641;117578;-;232.0	117;107201;109333;-;377.1	129;122670;123200;-;32.9	117;107201;109333;-;67.2	A	9/9	contiguous	18457	1	1	109464..110027-;187;unnamed;0
CP052325.1	MPF_F	IncFIB(pNDM-Mar);IncHI1B(pNDM-MAR)	238	0	0	GA	0															not_admitted	not_admitted	not_admitted	not_admitted	not_admitted	not_admitted	not_admitted	not_admitted	not_admitted	not_admitted	1	164;144353;145390;-;282.3	76;56205;57614;+;190.4	75;55178;56215;+;175.6	176;156222;158939;-;149.6	77;57616;61530;+;120.2	180;161052;162422;-;65.6	176;156222;158939;-;85.2	183;164068;164928;-;77.6	165;145387;146748;-;69.9	163;141161;144343;-;60.1	68;45853;47979;-;57.7	177;158984;159721;-;56.9	68;45853;47979;-;41.0	A	9/9	split_2	118215	0	1	
CP052327.1	MPF_F	IncFIB(pNDM-Mar);IncHI1B(pNDM-MAR)	309	0	0	GA	0															not_admitted	not_admitted	not_admitted	not_admitted	not_admitted	not_admitted	not_admitted	not_admitted	not_admitted	not_admitted	1	173;151199;152236;-;282.3	77;58927;60336;+;190.4	76;57900;58937;+;175.9	247;215724;218441;-;149.6	78;60338;64246;+;122.1	251;220554;221924;-;65.6	247;215724;218441;-;85.2	254;223570;224430;-;79.0	174;152233;153594;-;69.9	172;148004;151189;-;59.6	69;48576;50702;-;57.8	248;218486;219223;-;56.9	69;48576;50702;-;41.0	A	9/9	split_3	174994	0	1	
CP052330.1	MPF_F	IncFIA(HI1);IncFII(K);IncFII(pAR0022)	125	0	0	GA	0															not_admitted	not_admitted	not_admitted	not_admitted	not_admitted	not_admitted	not_admitted	not_admitted	not_admitted	not_admitted	1	99;70873;71862;+;363.3	110;77681;79048;+;384.6	106;75671;76423;+;233.7	95;66777;69416;+;258.5	111;79048;81870;+;346.4	88;62525;63949;+;89.3	95;66777;69416;+;88.7	86;61232;61798;+;167.8	101;72138;72785;+;65.9	102;72844;74799;+;259.2	115;84488;86800;+;393.2	89;64022;64606;+;54.9	115;84488;86800;+;65.8	A	9/9	contiguous	23256	1	1	81893..82495+;200;TraS;0
CP052337.1	MPF_F	IncFIB(K);IncFII(K)	247	0	0	GA	0															not_admitted	not_admitted	not_admitted	not_admitted	not_admitted	not_admitted	not_admitted	not_admitted	not_admitted	not_admitted	1	185;185849;186838;-;363.3	174;178663;180030;-;382.2	178;181288;182040;-;236.4	189;188295;190934;-;258.5	173;175814;178663;-;342.9	196;193762;195186;-;89.3	189;188295;190934;-;88.7	198;195913;196479;-;167.8	183;184926;185573;-;65.9	182;182912;184867;-;259.5	169;171693;174002;-;392.8	195;193105;193689;-;54.9	169;171693;174002;-;65.8	A	9/9	contiguous	24220	1	1	175281..175811-;176;unnamed;0
CP052338.1	MPF_F	IncFIA(HI1);IncFII(K);IncFII(pAR0022)	122	0	0	GA	0															not_admitted	not_admitted	not_admitted	not_admitted	not_admitted	not_admitted	not_admitted	not_admitted	not_admitted	not_admitted	1	96;69016;70005;+;363.3	107;75824;77191;+;385.4	103;73814;74566;+;236.4	92;64920;67559;+;258.5	108;77191;80013;+;346.4	85;60668;62092;+;89.3	92;64920;67559;+;88.7	83;59375;59941;+;167.8	98;70281;70928;+;65.9	99;70987;72942;+;259.5	112;82631;84943;+;393.2	86;62165;62749;+;54.9	112;82631;84943;+;65.8	A	9/9	contiguous	23256	1	1	80036..80638+;200;TraS;0
CP052353.1	-	IncFII(K);IncFII(pAR0022);IncR	80	0	0	GA	0															not_admitted	not_admitted	not_admitted	not_admitted	not_admitted	not_admitted	not_admitted	not_admitted	not_admitted	not_admitted	1	67;48581;49579;+;370.9	72;53308;54672;+;349.0	70;51942;52712;+;205.6	64;44922;47543;+;214.8	73;54675;57545;+;243.4	61;42631;43962;+;86.0	64;44922;47543;+;89.3	59;41350;41925;+;86.8	68;49549;49977;+;64.0	69;50005;51942;+;231.2	75;58248;60380;+;376.5	63;44383;44913;+;34.8	75;58248;60380;+;67.6	A	9/9	contiguous	16898	1	1	57554..58117+;187;unnamed;0
CP052358.1	MPF_F	IncFIA(HI1);IncFII(K);IncFII(pAR0022)	121	0	0	GA	0															not_admitted	not_admitted	not_admitted	not_admitted	not_admitted	not_admitted	not_admitted	not_admitted	not_admitted	not_admitted	1	96;69017;70006;+;366.0		102;73543;74295;+;233.7	92;64921;67560;+;258.5		85;60669;62093;+;89.3	92;64921;67560;+;88.7	83;59376;59942;+;167.8	97;70019;70657;+;67.0	98;70716;72671;+;259.2	111;78640;80952;+;393.2	86;62166;62750;+;54.9	111;78640;80952;+;65.8	C	7/9	contiguous	19264	0	1	
CP052359.1	MPF_T	IncN	64	0	0	GA	1	21;17407;18141;+;32.5		24;18784;19101;+;63.3	25;19101;21701;+;113.8	25;19101;21701;+;76.4	26;21719;22432;+;105.5	28;22683;23723;+;142.4		29;23942;24640;+;131.9	30;24651;25535;+;159.7	31;25535;26695;+;156.3	32;26737;27732;+;81.2	41;35726;37255;-;38.5		pfam	both	A	7/7	canonical	1	0	unscoreable	11	0	0														not_admitted	not_admitted	not_admitted	not_admitted	not_admitted	not_admitted	not_admitted
CP052364.1	MPF_F	IncFIA(HI1);IncFII(K);IncFII(pAR0022)	123	0	0	GA	0															not_admitted	not_admitted	not_admitted	not_admitted	not_admitted	not_admitted	not_admitted	not_admitted	not_admitted	not_admitted	1	98;72028;73017;+;366.0	108;78564;79931;+;384.6	104;76554;77306;+;233.7	94;67932;70571;+;258.5	109;79931;82753;+;346.4	87;63680;65104;+;89.3	94;67932;70571;+;88.7	85;62387;62953;+;167.8	99;73030;73668;+;67.0	100;73727;75682;+;259.2	113;85371;87683;+;393.2	88;65177;65761;+;54.9	113;85371;87683;+;65.8	A	9/9	contiguous	22984	1	1	82776..83378+;200;TraS;0
CP052374.1	MPF_F	IncFIA(HI1);IncFII(K);IncFII(pAR0022)	122	0	0	GA	0															not_admitted	not_admitted	not_admitted	not_admitted	not_admitted	not_admitted	not_admitted	not_admitted	not_admitted	not_admitted	1	97;70927;71916;+;366.0	107;77463;78830;+;384.6	103;75453;76205;+;233.7	93;66831;69470;+;258.5	108;78830;81652;+;346.4	86;62579;64003;+;89.3	93;66831;69470;+;88.7	84;61286;61852;+;167.8	98;71929;72567;+;67.0	99;72626;74581;+;259.2	112;84270;86582;+;393.2	87;64076;64660;+;54.9	112;84270;86582;+;65.8	A	9/9	contiguous	22984	1	1	81675..82277+;200;TraS;0
CP052380.1	MPF_F	Col(pHAD28);IncFIB(K);IncFII(pKP91)	260	0	0	GA	0															not_admitted	not_admitted	not_admitted	not_admitted	not_admitted	not_admitted	not_admitted	not_admitted	not_admitted	not_admitted	1	215;195498;196487;-;363.3	204;188312;189679;-;382.2	208;190937;191689;-;233.7	219;197944;200583;-;259.4	203;185463;188312;-;342.9	229;204545;205969;-;89.2	219;197944;200583;-;88.3	231;206696;207262;-;167.9	213;194575;195222;-;65.9	212;192561;194516;-;259.5	199;181369;183651;-;393.3	227;203349;203933;-;53.8	199;181369;183651;-;65.9	A	9/9	contiguous	25327	1	1	184930..185460-;176;unnamed;0
CP052394.1	MPF_T	IncN	72	0	0	GA	1	29;23035;23769;+;32.5		32;24412;24729;+;63.3	33;24729;27329;+;113.8	33;24729;27329;+;76.4	34;27347;28060;+;105.5	36;28311;29351;+;142.4		37;29570;30268;+;131.9	38;30279;31163;+;159.7	39;31163;32323;+;156.3	40;32365;33360;+;81.2	49;41354;42883;-;38.5		pfam	both	A	7/7	canonical	1	0	unscoreable	11	0	0														not_admitted	not_admitted	not_admitted	not_admitted	not_admitted	not_admitted	not_admitted
CP052400.1	MPF_F	IncFIB(pNDM-Mar);IncHI1B(pNDM-MAR)	244	0	0	GA	0															not_admitted	not_admitted	not_admitted	not_admitted	not_admitted	not_admitted	not_admitted	not_admitted	not_admitted	not_admitted	1	170;156248;157285;-;282.3	32;31686;33095;+;190.4	31;30659;31696;+;175.6	182;168117;170834;-;149.6	33;33097;37011;+;120.2	186;172947;174317;-;65.6	182;168117;170834;-;85.2	189;175963;176823;-;79.0	171;157282;158643;-;69.8	169;153053;156238;-;60.2	24;21334;23460;-;57.7	183;170879;171616;-;56.9	24;21334;23460;-;41.0	A	9/9	split_2	154629	0	1	
CP052401.1	MPF_F	IncFIB(K);IncFII(K)	220	0	0	GA	0															not_admitted	not_admitted	not_admitted	not_admitted	not_admitted	not_admitted	not_admitted	not_admitted	not_admitted	not_admitted	1	163;166617;167606;-;366.0	153;159703;161070;-;381.2	157;162328;163080;-;233.7	167;169049;171688;-;260.3	152;156854;159703;-;345.6	176;175503;176927;-;89.2	167;169049;171688;-;88.7	178;177654;178220;-;167.0	162;165966;166604;-;66.9	161;163952;165907;-;259.7	148;152057;154369;-;393.2	174;174322;174891;-;49.7	148;152057;154369;-;65.8	A	9/9	contiguous	25597	1	1	156293..156841-;182;unnamed;0
CP052405.1	MPF_F	IncFIB(K);IncFII(K);IncFII(pAR0022)	257	0	0	GA	0															not_admitted	not_admitted	not_admitted	not_admitted	not_admitted	not_admitted	not_admitted	not_admitted	not_admitted	not_admitted	1	169;167406;168395;-;366.6	159;160492;161859;-;384.1	163;163117;163869;-;233.7	173;169852;172491;-;258.5	158;157670;160492;-;346.4	183;176395;177819;-;89.5	173;169852;172491;-;88.7	185;178546;179112;-;167.0	168;166755;167393;-;66.9	167;164741;166696;-;259.4	154;152745;155054;-;393.1	181;175199;175783;-;53.8	154;152745;155054;-;66.6	A	9/9	contiguous	25801	1	1	157045..157647-;200;TraS;0
CP052408.1	MPF_F	IncFIB(K);IncFII(K)	161	0	0	GA	0															not_admitted	not_admitted	not_admitted	not_admitted	not_admitted	not_admitted	not_admitted	not_admitted	not_admitted	not_admitted	1	105;106001;106993;-;366.6	95;99180;100550;-;381.2	99;101752;102504;-;232.4	108;108019;110658;-;258.7	94;96331;99180;-;344.2	117;114473;115897;-;89.2	108;108019;110658;-;88.8	119;116624;117190;-;167.0	104;105350;105988;-;67.0	103;103347;105353;-;259.0	90;92208;94517;-;393.2	115;113292;113861;-;49.7	90;92208;94517;-;65.8	A	9/9	contiguous	24416	1	1	95798..96328-;176;unnamed;0
CP052415.1	MPF_F	IncFIB(K);IncFII(K)	194	0	0	GA	0															not_admitted	not_admitted	not_admitted	not_admitted	not_admitted	not_admitted	not_admitted	not_admitted	not_admitted	not_admitted	1	138;144697;145689;-;366.6	128;137876;139246;-;381.2	132;140448;141200;-;232.4	141;146715;149354;-;258.7	127;135027;137876;-;344.2	150;153169;154593;-;89.2	141;146715;149354;-;88.8	152;155320;155886;-;167.0	137;144046;144684;-;67.0	136;142043;144049;-;259.0	123;130904;133213;-;393.2	148;151988;152557;-;49.7	123;130904;133213;-;65.8	A	9/9	contiguous	24416	1	1	134494..135024-;176;unnamed;0
CP052433.1	MPF_T	IncN	68	0	0	GA	1	20;14602;15336;+;32.5		23;15979;16296;+;63.3	24;16296;18896;+;113.8	24;16296;18896;+;76.4	25;18914;19627;+;105.5	27;19878;20918;+;142.4		28;21137;21835;+;131.9	29;21846;22730;+;159.7	30;22730;23890;+;156.3	31;23932;24927;+;81.2	45;36665;38194;-;38.5		pfam	both	A	7/7	canonical	1	0	unscoreable	3	0	0														not_admitted	not_admitted	not_admitted	not_admitted	not_admitted	not_admitted	not_admitted
CP052435.1	MPF_F	IncFIB(K)	180	0	0	GA	0															not_admitted	not_admitted	not_admitted	not_admitted	not_admitted	not_admitted	not_admitted	not_admitted	not_admitted	not_admitted	1	92;84200;85189;-;366.6		86;79911;80663;-;233.7	96;86646;89285;-;258.5		106;93189;94613;-;89.5	96;86646;89285;-;88.7	108;95340;95906;-;167.0	91;83549;84187;-;66.9	90;81535;83490;-;259.7		104;91993;92577;-;53.8		C	7/9	contiguous	15429	0	1	
CP052436.1	MPF_F	IncFIB(pQil);IncFII(K);repB(R1701)	127	0	0	GA	0															not_admitted	not_admitted	not_admitted	not_admitted	not_admitted	not_admitted	not_admitted	not_admitted	not_admitted	not_admitted	1	102;85192;86181;+;366.6	112;91728;93095;+;382.7	108;89718;90470;+;233.7	98;81110;83749;+;258.5	113;93095;95917;+;346.4	91;76861;78285;+;89.3	98;81110;83749;+;88.7	89;75568;76134;+;169.3	103;86194;86832;+;66.9	104;86891;88846;+;259.7	117;98533;100845;+;393.1	92;78357;78941;+;54.7	117;98533;100845;+;66.6	A	9/9	contiguous	22965	1	1	95940..96542+;200;TraS;0
CP052437.1	-	IncFII(K);IncFII(pAR0022);IncR	80	0	0	GA	0															not_admitted	not_admitted	not_admitted	not_admitted	not_admitted	not_admitted	not_admitted	not_admitted	not_admitted	not_admitted	1	67;48580;49578;+;370.9	72;53307;54671;+;349.0	70;51941;52711;+;205.6	64;44921;47542;+;214.8	73;54674;57544;+;243.4	61;42630;43961;+;86.0	64;44921;47542;+;89.3	59;41349;41924;+;86.8	68;49548;49976;+;64.0	69;50004;51941;+;231.2	75;58247;60379;+;376.5	63;44382;44912;+;34.8	75;58247;60379;+;67.6	A	9/9	contiguous	16898	1	1	57553..58116+;187;unnamed;0
CP052438.1	MPF_F	IncFII(pBK30683)	80	0	0	GA	0															not_admitted	not_admitted	not_admitted	not_admitted	not_admitted	not_admitted	not_admitted	not_admitted	not_admitted	not_admitted	1	55;39674;40663;+;366.6	65;46210;47577;+;382.7	61;44200;44952;+;233.7	51;35592;38231;+;258.5	66;47577;50426;+;346.5	43;30974;32398;+;89.2	51;35592;38231;+;87.8	41;29681;30247;+;169.3	56;40676;41314;+;67.0	57;41373;43328;+;259.7	70;52912;55224;+;392.3	44;32512;33096;+;54.4	70;52912;55224;+;66.1	A	9/9	contiguous	23231	1	1	50439..50987+;182;unnamed;0
CP052441.1	MPF_F	IncFIB(K);IncFII(K)	247	0	0	GA	0															not_admitted	not_admitted	not_admitted	not_admitted	not_admitted	not_admitted	not_admitted	not_admitted	not_admitted	not_admitted	1	201;203988;204977;-;363.3	190;196802;198169;-;382.2	194;199427;200179;-;236.4	205;206434;209073;-;259.0	189;193959;196802;-;342.5	216;213040;214464;-;88.8	205;206434;209073;-;87.6	218;215191;215757;-;167.9	199;203065;203712;-;65.9	198;201051;203006;-;259.5	185;189062;191374;-;392.8	213;211844;212428;-;53.8	185;189062;191374;-;65.9	A	9/9	contiguous	26129	1	1	193424..193948-;174;unnamed;0
CP052444.1	MPF_F	IncC	207	0	0	GA	0															not_admitted	not_admitted	not_admitted	not_admitted	not_admitted	not_admitted	not_admitted	not_admitted	not_admitted	not_admitted	1	126;101829;102836;+;332.9	196;163695;165128;+;339.2	195;162665;163693;+;221.7	121;96630;99077;+;354.5	197;165141;168755;+;375.3	44;24607;25767;+;156.3	121;96630;99077;+;128.3	114;86234;86860;+;92.7	124;99899;101164;+;67.9	127;102952;105750;+;145.3	105;80559;82424;+;47.3	117;89071;89649;+;100.2	105;80559;82424;+;52.0	A	9/9	split_3	140534	0	1	
CP052446.1	MPF_T	IncN	64	0	0	GA	1	21;15684;16418;+;32.5		24;17061;17378;+;63.3	25;17378;19978;+;113.8	25;17378;19978;+;76.4	26;19996;20709;+;105.5	28;20960;22000;+;142.4		29;22219;22917;+;131.9	30;22928;23812;+;159.7	31;23812;24972;+;156.3	32;25014;26009;+;81.2	41;34003;35532;-;38.5		pfam	both	A	7/7	canonical	1	0	unscoreable	11	0	0														not_admitted	not_admitted	not_admitted	not_admitted	not_admitted	not_admitted	not_admitted
CP052450.1	MPF_F	Col(pHAD28);IncFIB(K);IncFII(pKP91)	262	0	0	GA	0															not_admitted	not_admitted	not_admitted	not_admitted	not_admitted	not_admitted	not_admitted	not_admitted	not_admitted	not_admitted	1	217;197584;198573;-;363.3	206;190398;191765;-;382.2	210;193023;193775;-;233.7	221;200030;202669;-;259.4	205;187549;190398;-;342.9	231;206631;208055;-;89.2	221;200030;202669;-;88.3	233;208782;209348;-;167.9	215;196661;197308;-;65.9	214;194647;196602;-;259.5	201;183455;185737;-;393.3	229;205435;206019;-;53.8	201;183455;185737;-;65.9	A	9/9	contiguous	25327	1	1	187016..187546-;176;unnamed;0
CP052469.1	MPF_F	IncFIB(K);IncFII(K)	217	0	0	GA	0															not_admitted	not_admitted	not_admitted	not_admitted	not_admitted	not_admitted	not_admitted	not_admitted	not_admitted	not_admitted	1	161;164390;165382;-;366.6	151;157569;158939;-;381.2	155;160141;160893;-;232.4	164;166408;169047;-;258.7	150;154720;157569;-;344.2	173;172862;174286;-;89.2	164;166408;169047;-;88.8	175;175013;175579;-;167.0	160;163739;164377;-;67.0	159;161736;163742;-;259.0	146;150597;152906;-;393.2	171;171681;172250;-;49.7	146;150597;152906;-;65.8	A	9/9	contiguous	24416	1	1	154187..154717-;176;unnamed;0
CP052477.1	MPF_F	IncFIB(K);IncFII(K)	203	0	0	GA	0															not_admitted	not_admitted	not_admitted	not_admitted	not_admitted	not_admitted	not_admitted	not_admitted	not_admitted	not_admitted	1	147;151214;152206;-;366.6	137;144393;145763;-;381.2	141;146965;147717;-;232.4	150;153232;155871;-;258.7	134;140170;142815;-;300.0	159;159686;161110;-;89.2	150;153232;155871;-;88.8	161;161837;162403;-;167.0	146;150563;151201;-;67.0	145;148560;150566;-;259.0	130;136047;138356;-;393.2	157;158505;159074;-;49.7	130;136047;138356;-;65.8	A	9/9	contiguous	25790	1	1	139637..140167-;176;unnamed;0
CP052480.1	MPF_T	IncFII(pMET)	29	0	0	GA	1	15;14072;14782;-;47.5	14;13770;14075;-;72.7	13;11019;13757;-;49.1	13;11019;13757;-;151.1	13;11019;13757;-;32.2	12;10300;11001;-;143.3	10;8982;10052;-;165.1		8;8077;8760;-;196.0	7;7172;8077;-;154.7	6;5878;7128;-;147.3	5;4863;5888;-;66.1	1;1273;3009;-;48.2		pfam	pfam_only	A	7/7	canonical	1	1	unscoreable	5	0	0														not_admitted	not_admitted	not_admitted	not_admitted	not_admitted	not_admitted	not_admitted
CP052488.1	MPF_F	IncFIB(pNDM-Mar);RepB	264	0	0	GA	0															not_admitted	not_admitted	not_admitted	not_admitted	not_admitted	not_admitted	not_admitted	not_admitted	not_admitted	not_admitted	1	172;161339;162376;-;282.3	77;60153;61562;+;190.4	76;59126;60163;+;175.9	204;192024;194741;-;149.6	78;61564;65472;+;122.1	208;196854;198224;-;65.6	204;192024;194741;-;85.2	211;199870;200730;-;79.0	173;162373;163734;-;69.9	171;158144;161329;-;59.6	69;49802;51928;-;57.8	205;194786;195523;-;56.9	69;49802;51928;-;41.0	A	9/9	split_3	150068	0	1	
CP052491.1	MPF_F	IncFIB(K);IncFII(pKP91)	271	0	0	GA	0															not_admitted	not_admitted	not_admitted	not_admitted	not_admitted	not_admitted	not_admitted	not_admitted	not_admitted	not_admitted	1	168;162026;163015;-;363.3	157;154810;156177;-;383.5	161;157435;158187;-;233.7	212;202533;203699;-;219.9	156;151988;154810;-;346.5	223;207667;209091;-;88.0	172;164472;165947;-;90.9	225;209818;210384;-;167.9	166;161103;161750;-;65.1	165;159059;161044;-;254.0	152;147090;149372;-;393.3	220;206471;207055;-;53.8	152;147090;149372;-;65.8	A	9/9	split_2	62728	1	1	151363..151965-;200;TraS;0
CP052496.1	-	IncFII(K);IncFII(pAR0022);IncR	119	0	0	GA	0															not_admitted	not_admitted	not_admitted	not_admitted	not_admitted	not_admitted	not_admitted	not_admitted	not_admitted	not_admitted	1	105;80808;81806;+;370.9	110;85537;86901;+;351.6	108;84166;84939;+;208.9	102;77149;79770;+;214.6	111;86904;89774;+;238.4	99;74858;76189;+;86.5	102;77149;79770;+;89.0	97;73577;74152;+;86.8	106;81776;82204;+;63.5	107;82232;84169;+;232.0	113;90501;92633;+;375.4	101;76610;77140;+;33.1	113;90501;92633;+;65.2	A	9/9	contiguous	16924	1	1	89783..90346+;187;unnamed;0
CP052499.1	MPF_F	IncFIB(K);IncFII(K)	237	0	0	GA	0															not_admitted	not_admitted	not_admitted	not_admitted	not_admitted	not_admitted	not_admitted	not_admitted	not_admitted	not_admitted	1	191;195514;196503;-;363.3	180;188328;189695;-;382.2	184;190953;191705;-;236.4	195;197960;200599;-;259.0	179;185485;188328;-;342.9	206;204566;205990;-;88.8	195;197960;200599;-;87.6	208;206717;207283;-;167.9	189;194591;195238;-;65.9	188;192577;194532;-;259.5	175;180588;182900;-;392.8	203;203370;203954;-;53.8	175;180588;182900;-;65.9	A	9/9	contiguous	26129	1	1	184950..185474-;174;unnamed;0
CP052504.1	MPF_F	Col(pHAD28);IncFIB(K);IncFII(pKP91)	260	0	0	GA	0															not_admitted	not_admitted	not_admitted	not_admitted	not_admitted	not_admitted	not_admitted	not_admitted	not_admitted	not_admitted	1	215;200557;201546;-;363.3	204;193371;194738;-;382.2	208;195996;196748;-;233.7	219;203003;205642;-;259.4	203;190522;193371;-;342.9	229;209604;211028;-;89.2	219;203003;205642;-;88.3	231;211755;212321;-;167.9	213;199634;200281;-;65.9	212;197620;199575;-;259.5	199;186428;188710;-;393.3	227;208408;208992;-;53.8	199;186428;188710;-;65.9	A	9/9	contiguous	25327	1	1	189989..190519-;176;unnamed;0
CP052506.1	MPF_F	IncFIB(K);IncFII(K)	204	0	0	GA	0															not_admitted	not_admitted	not_admitted	not_admitted	not_admitted	not_admitted	not_admitted	not_admitted	not_admitted	not_admitted	1	158;155107;156096;-;363.3	147;147921;149288;-;382.2	151;150546;151298;-;236.4	162;157553;160192;-;259.0	146;145078;147921;-;342.9	173;164159;165583;-;88.8	162;157553;160192;-;87.6	175;166310;166876;-;167.9	156;154184;154831;-;65.9	155;152170;154125;-;259.5	142;140181;142493;-;392.8	170;162963;163547;-;53.8	142;140181;142493;-;65.9	A	9/9	contiguous	26129	1	1	144543..145067-;174;unnamed;0
CP052507.1	MPF_T	IncX3	59	0	0	GA	1	29;25124;25768;-;46.4	28;24850;25140;-;73.1	27;22072;24825;-;47.0	27;22072;24825;-;145.4	27;22072;24825;-;73.3	26;21292;22062;-;60.1	24;19958;21013;-;133.2		23;19035;19763;-;119.4	22;18100;19029;-;138.8	21;16889;18103;-;128.3	19;15659;16693;-;65.7	18;13821;15656;-;495.9		pfam	pfam_only	A	7/7	canonical	1	1	unscoreable	2	0	0														not_admitted	not_admitted	not_admitted	not_admitted	not_admitted	not_admitted	not_admitted
CP052511.1	MPF_F	IncFIB(K);IncFII(K)	229	0	0	GA	0															not_admitted	not_admitted	not_admitted	not_admitted	not_admitted	not_admitted	not_admitted	not_admitted	not_admitted	not_admitted	1	187;185157;186146;-;363.3	176;177971;179338;-;382.2	180;180596;181348;-;236.4	191;187603;190242;-;259.0	175;175122;177971;-;342.9	202;194209;195633;-;88.8	191;187603;190242;-;87.3	204;196360;196926;-;167.9	185;184234;184881;-;65.9	184;182220;184175;-;259.5	171;171001;173310;-;392.8	199;193013;193597;-;53.8	171;171001;173310;-;65.8	A	9/9	contiguous	25359	1	1	174589..175119-;176;unnamed;0
CP052512.1	MPF_F	IncFII(K);IncFII(pAR0022);repB(R1701)	123	0	0	GA	0															not_admitted	not_admitted	not_admitted	not_admitted	not_admitted	not_admitted	not_admitted	not_admitted	not_admitted	not_admitted	1	60;50756;51745;-;366.0	50;43842;45209;-;384.1	54;46467;47219;-;233.7	64;53202;55841;-;258.5	49;41020;43842;-;346.4	71;58669;60093;-;89.3	64;53202;55841;-;88.7	73;60820;61386;-;167.8	59;50105;50743;-;67.0	58;48091;50046;-;259.4	45;36090;38402;-;393.2	70;58012;58596;-;54.9	45;36090;38402;-;65.8	A	9/9	contiguous	24730	1	1	40395..40997-;200;TraS;0
CP052521.1	MPF_F	Col(pHAD28);IncFIB(K);IncFII(pKP91)	260	0	0	GA	0															not_admitted	not_admitted	not_admitted	not_admitted	not_admitted	not_admitted	not_admitted	not_admitted	not_admitted	not_admitted	1	215;200750;201739;-;363.3	204;193564;194931;-;382.2	208;196189;196941;-;233.7	219;203196;205835;-;259.4	203;190715;193564;-;342.9	229;209797;211221;-;89.2	219;203196;205835;-;88.3	231;211948;212514;-;167.9	213;199827;200474;-;65.9	212;197813;199768;-;259.5	199;186621;188903;-;393.3	227;208601;209185;-;53.8	199;186621;188903;-;65.9	A	9/9	contiguous	25327	1	1	190182..190712-;176;unnamed;0
CP052523.1	MPF_F	Col(pHAD28);IncFIB(K);IncFII(pKP91)	260	0	0	GA	0															not_admitted	not_admitted	not_admitted	not_admitted	not_admitted	not_admitted	not_admitted	not_admitted	not_admitted	not_admitted	1	215;200750;201739;-;363.3	204;193564;194931;-;382.2	208;196189;196941;-;233.7	219;203196;205835;-;259.4	203;190715;193564;-;342.9	229;209797;211221;-;89.2	219;203196;205835;-;88.3	231;211948;212514;-;167.9	213;199827;200474;-;65.9	212;197813;199768;-;259.5	199;186621;188903;-;393.3	227;208601;209185;-;53.8	199;186621;188903;-;65.9	A	9/9	contiguous	25327	1	1	190182..190712-;176;unnamed;0
CP052525.1	MPF_F	IncFIB(K);IncFII(K)	192	0	0	GA	0															not_admitted	not_admitted	not_admitted	not_admitted	not_admitted	not_admitted	not_admitted	not_admitted	not_admitted	not_admitted	1	124;113658;114647;-;366.0	114;106744;108111;-;384.6	118;109369;110121;-;233.7	128;116104;118743;-;258.5	113;103901;106744;-;347.6	135;121571;122995;-;89.3	128;116104;118743;-;88.7	137;123722;124288;-;167.8	123;113007;113645;-;67.0	122;110993;112948;-;259.2	109;98893;101205;-;393.2	134;120914;121498;-;54.9	109;98893;101205;-;65.8	A	9/9	contiguous	24829	1	1	103357..103890-;177;unnamed;0
CP052526.1	MPF_F	IncFIA(HI1);IncFII(pKP91)	143	0	0	GA	0															not_admitted	not_admitted	not_admitted	not_admitted	not_admitted	not_admitted	not_admitted	not_admitted	not_admitted	not_admitted	1	116;108942;109934;+;362.9	130;117843;119210;+;382.2	126;115833;116585;+;225.6	113;105277;107916;+;259.1	131;119210;122053;+;341.4	103;100028;101452;+;89.2	113;105277;107916;+;83.9	101;98735;99301;+;168.4	120;111965;112612;+;64.9	122;112989;114944;+;257.4	134;124180;126480;+;392.7	105;102084;102656;+;53.5	134;124180;126480;+;66.6	A	9/9	contiguous	25445	1	1	122139..123119+;326;unnamed;0
CP052528.1	MPF_F	IncFII(pSE11)	86	0	0	GA	0															not_admitted	not_admitted	not_admitted	not_admitted	not_admitted	not_admitted	not_admitted	not_admitted	not_admitted	not_admitted	1	57;44493;45485;+;369.5	71;52209;53582;+;386.0	64;49261;50004;+;234.4	54;40854;43484;+;304.6	72;53579;56404;+;386.5	46;35982;37409;+;93.7	54;40854;43484;+;99.2	44;34701;35267;+;174.3	59;45829;46467;+;68.6	62;47179;48984;+;267.0	76;58646;60853;+;382.1	49;38293;38808;+;78.4	76;58646;60853;+;66.8	A	9/9	contiguous	23945	1	1	56401..56910+;169;unnamed;0
CP052534.1	MPF_F	Col(pHAD28);IncFIB(K);IncFII(pKP91)	282	0	0	GA	0															not_admitted	not_admitted	not_admitted	not_admitted	not_admitted	not_admitted	not_admitted	not_admitted	not_admitted	not_admitted	1	237;219006;219995;-;363.3	226;211820;213187;-;382.2	230;214445;215197;-;233.7	241;221452;224091;-;259.4	225;208971;211820;-;342.9	251;228053;229477;-;89.2	241;221452;224091;-;88.3	253;230204;230770;-;167.9	235;218083;218730;-;65.9	234;216069;218024;-;259.5	221;204875;207157;-;393.3	249;226857;227441;-;53.8	221;204875;207157;-;65.9	A	9/9	contiguous	25329	1	1	208438..208968-;176;unnamed;0
CP052535.1	MPF_F	IncFIA(HI1);IncFII(pKP91)	169	0	0	GA	0															not_admitted	not_admitted	not_admitted	not_admitted	not_admitted	not_admitted	not_admitted	not_admitted	not_admitted	not_admitted	1	144;126654;127646;+;366.6	154;133163;134530;+;379.8	150;131154;131906;+;232.2	141;122989;125628;+;259.3	155;134530;137352;+;346.6	131;117740;119164;+;88.4	141;122989;125628;+;88.8	129;116447;117013;+;167.0	145;127659;128297;+;67.0	146;128356;130311;+;258.5	159;139321;141630;+;391.8	133;119800;120357;+;52.7	159;139321;141630;+;66.6	A	9/9	contiguous	22874	1	1	137376..137978+;200;TraS;0
CP052538.1	MPF_F	IncFIA(HI1);IncFIB(K);IncFII(K);IncFII(pKP91)	337	0	0	GA	0															not_admitted	not_admitted	not_admitted	not_admitted	not_admitted	not_admitted	not_admitted	not_admitted	not_admitted	not_admitted	1	156;143288;144277;+;363.3	258;246832;248199;-;384.6	163;148086;148838;+;236.4	152;139192;141831;+;259.0	257;244010;246832;-;346.2	142;133815;135239;+;88.4	152;139192;141831;+;88.7	140;132522;133088;+;168.4	158;144553;145200;+;65.9	159;145259;147214;+;259.7	172;156124;158433;+;393.1	281;261875;262459;-;53.8	172;156124;158433;+;66.6	A	9/9	split_2	129353	1	1	243385..243987-;200;TraS;0
CP052539.1	MPF_F	IncFIB(pNDM-Mar);IncHI1B(pNDM-MAR)	246	0	0	GA	0															not_admitted	not_admitted	not_admitted	not_admitted	not_admitted	not_admitted	not_admitted	not_admitted	not_admitted	not_admitted	1	175;149627;150664;-;282.3	79;59333;60742;+;190.4	78;58306;59343;+;175.6	187;161495;164212;-;149.6	80;60744;64712;+;121.3	191;166325;167695;-;65.6	187;161495;164212;-;85.2	194;169341;170201;-;79.0	176;150661;152022;-;69.9	174;146432;149617;-;59.6	71;48981;51107;-;57.7	188;164257;164994;-;56.9	71;48981;51107;-;41.0	A	9/9	split_2	120360	0	1	
CP052540.1	MPF_F	IncFII(K);IncFII(pAR0022);repB(R1701)	123	0	0	GA	0															not_admitted	not_admitted	not_admitted	not_admitted	not_admitted	not_admitted	not_admitted	not_admitted	not_admitted	not_admitted	1	61;53057;54046;-;366.0	51;46143;47510;-;384.6	55;48768;49520;-;233.7	65;55503;58142;-;258.5	50;43321;46143;-;346.4	72;60970;62394;-;89.3	65;55503;58142;-;88.7	74;63121;63687;-;167.8	60;52406;53044;-;67.0	59;50392;52347;-;259.2	46;38391;40703;-;393.2	71;60313;60897;-;54.9	46;38391;40703;-;65.8	A	9/9	contiguous	24730	1	1	42696..43298-;200;TraS;0
CP052545.1	MPF_F	Col(pHAD28);IncFIB(K);IncFII(pKP91)	260	0	0	GA	0															not_admitted	not_admitted	not_admitted	not_admitted	not_admitted	not_admitted	not_admitted	not_admitted	not_admitted	not_admitted	1	215;195343;196332;-;363.3	204;188157;189524;-;382.2	208;190782;191534;-;233.7	219;197789;200428;-;259.4	203;185308;188157;-;342.9	229;204390;205814;-;89.2	219;197789;200428;-;88.3	231;206541;207107;-;167.9	213;194420;195067;-;65.9	212;192406;194361;-;259.5	199;181214;183496;-;393.3	227;203194;203778;-;53.8	199;181214;183496;-;65.9	A	9/9	contiguous	25327	1	1	184775..185305-;176;unnamed;0
CP052553.1	MPF_F	IncFIA(HI1);IncFII(K)	113	0	0	GA	0															not_admitted	not_admitted	not_admitted	not_admitted	not_admitted	not_admitted	not_admitted	not_admitted	not_admitted	not_admitted	1	88;65174;66163;+;366.0	98;71710;73077;+;384.6	94;69700;70452;+;233.7	84;61078;63717;+;258.5	99;73077;75920;+;347.6	77;56826;58250;+;89.3	84;61078;63717;+;88.7	75;55533;56099;+;167.8	89;66176;66814;+;67.0	90;66873;68828;+;259.2	103;78616;80928;+;393.2	78;58323;58907;+;54.9	103;78616;80928;+;65.8	A	9/9	contiguous	23083	1	1	75931..76464+;177;unnamed;0
CP052558.1	MPF_F	IncFIB(pNDM-Mar);RepB	274	0	0	GA	0															not_admitted	not_admitted	not_admitted	not_admitted	not_admitted	not_admitted	not_admitted	not_admitted	not_admitted	not_admitted	1	64;51175;52212;+;282.3	162;153159;154568;-;190.4	163;154558;155595;-;175.9	214;204437;207154;-;149.6	161;149249;153157;-;122.1	218;209267;210637;-;65.6	214;204437;207154;-;85.2	221;212283;213143;-;79.0	63;49817;51178;+;69.9	65;52222;55407;+;59.6	170;162793;164919;+;57.8	215;207199;207936;-;56.9	170;162793;164919;+;41.0	A	9/9	split_3	162466	0	1	
CP052564.1	MPF_F	IncFIB(pQil);IncFII(K)	100	0	0	GA	0															not_admitted	not_admitted	not_admitted	not_admitted	not_admitted	not_admitted	not_admitted	not_admitted	not_admitted	not_admitted	1	75;58578;59567;+;366.0	85;65114;66481;+;384.6	81;63104;63856;+;233.7	71;54482;57121;+;258.5	86;66481;69324;+;347.6	64;50230;51654;+;89.3	71;54482;57121;+;88.7	62;48937;49503;+;167.8	76;59580;60218;+;67.0	77;60277;62232;+;259.2	90;72020;74332;+;393.2	65;51727;52311;+;54.9	90;72020;74332;+;65.8	A	9/9	contiguous	23083	1	1	69335..69868+;177;unnamed;0
CP052566.1	MPF_F	IncFII(K);IncR	151	0	0	GA	0															not_admitted	not_admitted	not_admitted	not_admitted	not_admitted	not_admitted	not_admitted	not_admitted	not_admitted	not_admitted	1	126;106450;107439;+;366.0	136;112930;114300;+;380.7	132;110976;111728;+;230.7	122;102368;105007;+;258.5	137;114300;117143;+;346.5	114;97685;99109;+;89.2	122;102368;105007;+;88.7	112;96392;96958;+;169.3	127;107452;108090;+;67.0	128;108149;110104;+;259.7	141;119728;122040;+;392.8	115;99223;99807;+;55.4	141;119728;122040;+;65.9	A	9/9	contiguous	23336	1	1	117154..117678+;174;unnamed;0
CP052570.1	MPF_F	Col(pHAD28);IncFIB(K);IncFII(pKP91)	292	0	0	GA	0															not_admitted	not_admitted	not_admitted	not_admitted	not_admitted	not_admitted	not_admitted	not_admitted	not_admitted	not_admitted	1	247;227325;228314;-;363.3	236;220139;221506;-;382.2	240;222764;223516;-;233.7	251;229771;232410;-;259.4	235;217290;220139;-;342.9	261;236372;237796;-;89.2	251;229771;232410;-;88.3	263;238523;239089;-;167.9	245;226402;227049;-;65.9	244;224388;226343;-;259.5	231;213196;215478;-;393.3	259;235176;235760;-;53.8	231;213196;215478;-;65.9	A	9/9	contiguous	25327	1	1	216757..217287-;176;unnamed;0
CP052586.1	MPF_F	IncFIB(K);IncFII(K)	251	0	0	GA	0															not_admitted	not_admitted	not_admitted	not_admitted	not_admitted	not_admitted	not_admitted	not_admitted	not_admitted	not_admitted	1	205;209891;210880;-;363.3	194;202705;204072;-;382.2	198;205330;206082;-;236.4	209;212337;214976;-;259.0	193;199862;202705;-;342.9	220;218943;220367;-;88.8	209;212337;214976;-;87.6	222;221094;221660;-;167.9	203;208968;209615;-;65.9	202;206954;208909;-;259.5	189;194965;197277;-;392.8	217;217747;218331;-;53.8	189;194965;197277;-;65.9	A	9/9	contiguous	26129	1	1	199327..199851-;174;unnamed;0
CP052707.1	MPF_F	IncFIB(K);IncFII(K)	226	0	0	GA	0															not_admitted	not_admitted	not_admitted	not_admitted	not_admitted	not_admitted	not_admitted	not_admitted	not_admitted	not_admitted	1	184;183932;184921;-;363.3	173;176746;178113;-;382.2	177;179371;180123;-;236.4	188;186378;189017;-;259.0	172;173897;176746;-;342.9	199;192984;194408;-;88.8	188;186378;189017;-;87.6	201;195135;195701;-;167.9	182;183009;183656;-;65.9	181;180995;182950;-;259.5	168;169776;172085;-;392.8	196;191788;192372;-;53.8	168;169776;172085;-;65.8	A	9/9	contiguous	25359	1	1	173364..173894-;176;unnamed;0
CP052717.1	MPF_F	IncFIB(K);IncFII(K)	226	0	0	GA	0															not_admitted	not_admitted	not_admitted	not_admitted	not_admitted	not_admitted	not_admitted	not_admitted	not_admitted	not_admitted	1	184;183932;184921;-;363.3	173;176746;178113;-;382.2	177;179371;180123;-;236.4	188;186378;189017;-;259.0	172;173897;176746;-;342.9	199;192984;194408;-;88.8	188;186378;189017;-;87.6	201;195135;195701;-;167.9	182;183009;183656;-;65.9	181;180995;182950;-;259.5	168;169776;172085;-;392.8	196;191788;192372;-;53.8	168;169776;172085;-;65.8	A	9/9	contiguous	25359	1	1	173364..173894-;176;unnamed;0
CP052768.1	MPF_T	IncX3	54	0	0	GA	1	21;12974;13618;+;46.4	22;13602;13892;+;73.1	23;13917;16670;+;47.0	23;13917;16670;+;142.4	23;13917;16670;+;73.3	24;16680;17450;+;60.1	26;17729;18784;+;133.2		27;18979;19707;+;119.4	28;19713;20642;+;138.8	29;20639;21853;+;128.3	31;22049;23083;+;65.7	32;23086;24921;+;495.9		pfam	pfam_only	A	7/7	canonical	1	1	unscoreable	2	0	0														not_admitted	not_admitted	not_admitted	not_admitted	not_admitted	not_admitted	not_admitted
CP052790.1	MPF_T	IncX4	50	0	0	GA	1	16;7432;8052;+;41.6	17;8066;8392;+;64.4	18;8411;11158;+;63.8	18;8411;11158;+;151.8	18;8411;11158;+;46.1	19;11170;11886;+;94.2	20;11898;12992;+;150.1		22;13507;14193;+;169.0	23;14190;15098;+;142.4	24;15091;16209;+;163.9	25;16211;17239;+;85.0	26;17271;19088;+;316.5		pfam	pfam_only	A	7/7	canonical	1	1	unscoreable	1	0	0														not_admitted	not_admitted	not_admitted	not_admitted	not_admitted	not_admitted	not_admitted
CP052800.1	MPF_T	IncX4	51	0	0	GA	1	42;25602;26222;+;46.9	43;26236;26562;+;64.4	44;26581;29328;+;62.7	44;26581;29328;+;151.8	44;26581;29328;+;46.1	45;29340;30056;+;97.3	46;30067;31146;+;157.5		48;31661;32347;+;169.0	49;32344;33252;+;142.4	50;33245;34363;+;163.9		0;46;1863;+;316.5		pfam	pfam_only	B	6/7	canonical	1	1	unscoreable	1	0	0														not_admitted	not_admitted	not_admitted	not_admitted	not_admitted	not_admitted	not_admitted
CP052871.1	MPF_F	IncHI2;IncHI2A	319	0	0	GA	0															not_admitted	not_admitted	not_admitted	not_admitted	not_admitted	not_admitted	not_admitted	not_admitted	not_admitted	not_admitted	1	169;152191;153249;+;276.9	43;35039;36454;-;194.1	44;36444;37490;-;173.7	151;128872;131553;+;168.0	42;31080;35030;-;101.6	147;125187;126542;+;80.7	151;128872;131553;+;72.2	144;122675;123463;+;74.8	167;150538;152049;+;62.7	170;153268;156456;+;58.3	50;44531;46615;+;56.7	150;127913;128863;+;46.4	50;44531;46615;+;38.8	A	9/9	split_3	122188	0	1	
CP052872.1	MPF_T	IncN	85	0	0	GA	1	7;3490;4224;+;32.5		10;4867;5184;+;63.3	11;5184;7784;+;113.8	11;5184;7784;+;76.4	12;7802;8515;+;105.5	14;8766;9806;+;142.4		15;10025;10723;+;131.9	16;10734;11618;+;159.7	17;11618;12778;+;156.3	18;12820;13815;+;81.2	69;52272;53801;+;38.5		pfam	both	A	7/7	canonical	1	0	unscoreable	3	0	0														not_admitted	not_admitted	not_admitted	not_admitted	not_admitted	not_admitted	not_admitted
CP053329.1	MPF_F	IncFII(SARC14);IncFII(Yp)	93	0	0	GA	0															not_admitted	not_admitted	not_admitted	not_admitted	not_admitted	not_admitted	not_admitted	not_admitted	not_admitted	not_admitted	1	68;57965;58966;+;355.1	73;62834;64195;+;336.5	71;61420;62199;+;195.0	65;54312;56903;+;219.6	74;64197;67094;+;292.8	60;51307;52668;+;81.6	65;54312;56903;+;88.5	58;50027;50590;+;144.9	69;58977;59597;+;78.4	70;59594;61423;+;256.0	77;68734;70983;+;377.9	64;53688;54302;+;48.7	77;68734;70983;+;67.9	A	9/9	contiguous	18707	1	1	67106..67666+;186;unnamed;0
CP053334.1	MPF_F	-	112	0	0	GA	0															not_admitted	not_admitted	not_admitted	not_admitted	not_admitted	not_admitted	not_admitted	not_admitted	not_admitted	not_admitted	1	74;56648;58246;-;327.2	68;52220;53608;-;248.9	70;54097;54924;-;171.0	77;62314;64854;-;158.5	67;48480;52220;-;124.9	79;65376;66623;-;62.2	77;62314;64854;-;81.3	81;67418;68050;-;41.5	72;55465;56214;-;97.1	75;58406;60274;-;73.6	31;20170;22443;+;335.5	78;64855;65376;-;74.5	31;20170;22443;+;65.4	A	9/9	split_2	47248	1	1	48107..48355-;82;unnamed;0
CP053405.1	-	-	32	0	0	GA	1	13;11341;12003;-;39.2	12;11031;11336;-;53.3	11;8269;11019;-;57.4	11;8269;11019;-;129.0	11;8269;11019;-;48.9	10;7514;8248;-;133.5	8;6135;7238;-;152.5		6;5176;5862;-;124.3	5;4275;5183;-;135.1	4;2998;4275;-;130.5	3;1972;2994;-;73.9			pfam	pfam_only	B	6/7	canonical	1	1	unscoreable	2	0	0														not_admitted	not_admitted	not_admitted	not_admitted	not_admitted	not_admitted	not_admitted
CP053407.1	MPF_F	IncFII(S);IncFII(pAR0022)	99	0	0	GA	0															not_admitted	not_admitted	not_admitted	not_admitted	not_admitted	not_admitted	not_admitted	not_admitted	not_admitted	not_admitted	1	52;41752;42744;+;366.0	61;47992;49374;+;393.5	58;46211;46960;+;229.0	48;38117;39052;+;207.5	62;49371;52193;+;394.4	41;34163;35584;+;90.6	49;39053;40765;+;99.3	39;32870;33436;+;188.8	54;43056;43694;+;70.6	56;44147;45973;+;271.0	65;53847;56090;+;374.0	44;36390;36905;+;94.3	65;53847;56090;+;72.0	A	9/9	contiguous	20977	1	1	52215..52703+;162;TraS;0
CP053469.1	-	-	55	0	0	GA	1			7;6502;6789;-;32.9	6;4019;6490;-;52.7	6;4019;6490;-;97.7				16;14844;15515;-;77.3	15;14055;14777;-;131.0	14;12804;14045;-;165.2	8;6782;7768;-;95.7	10;8162;10462;-;284.3		none	none	B	6/7	uncallable	0	0	unscoreable	8	0	0														not_admitted	not_admitted	not_admitted	not_admitted	not_admitted	not_admitted	not_admitted
CP053703.1	MPF_T	IncN	71	0	0	GA	1	17;15821;16555;-;32.5		14;14862;15179;-;63.3	13;12262;14862;-;113.8	13;12262;14862;-;76.4	12;11531;12244;-;105.5	10;10240;11280;-;142.4		9;9323;10021;-;131.9	8;8428;9312;-;159.7	7;7328;8428;-;127.7	6;6232;7227;-;81.2	1;768;1658;+;40.1		pfam	both	A	7/7	canonical	1	0	unscoreable	7	0	0														not_admitted	not_admitted	not_admitted	not_admitted	not_admitted	not_admitted	not_admitted
CP053916.1	-	-	61	0	0	GA	1	41;26339;27025;-;42.2	54;41831;42169;+;48.3	55;42173;42484;+;54.7	56;42486;44945;+;72.5	56;42486;44945;+;110.4	57;44985;45737;+;55.1	59;46072;48015;+;95.8		60;48040;48753;+;139.1	0;1;1080;+;181.3	1;1086;2420;+;197.4	53;40795;41844;+;117.8	47;31888;34476;-;377.9		conjscan	conjscan_only	A	7/7	canonical	1	0	unscoreable	12	0	0														not_admitted	not_admitted	not_admitted	not_admitted	not_admitted	not_admitted	not_admitted
CP053919.1	-	IncFII(Y);pSM22	151	0	0	GA	0															not_admitted	not_admitted	not_admitted	not_admitted	not_admitted	not_admitted	not_admitted	not_admitted	not_admitted	not_admitted	1	45;34526;35524;+;370.6	52;39838;41199;+;357.8	48;37890;38660;+;218.8	41;30159;32771;+;215.2	53;41196;44078;+;247.8	37;27444;28802;+;90.6	41;30159;32771;+;84.3	35;26166;26741;+;86.3	46;35494;35925;+;59.8	47;35956;37890;+;239.1	58;46250;48364;+;370.0	40;29603;30148;+;27.4	58;46250;48364;+;64.2	A	9/9	contiguous	20084	1	1	44089..44634+;181;unnamed;0
CP054213.1	MPF_F	IncFII(pSFO)	101	0	0	GA	0															not_admitted	not_admitted	not_admitted	not_admitted	not_admitted	not_admitted	not_admitted	not_admitted	not_admitted	not_admitted	1	45;46148;47179;-;355.9	36;39333;40700;-;352.4	42;42874;43668;-;214.3	50;49011;51656;-;244.4	35;36365;39340;-;315.1	55;53952;55343;-;97.9	50;49011;51656;-;91.3	57;56083;56682;-;81.7	44;45509;46138;-;61.6	43;43668;45512;-;191.5	32;32107;34674;-;373.0	51;51744;52298;-;39.1	32;32107;34674;-;67.6	A	9/9	contiguous	23976	1	1	35765..36340-;191;unnamed;0
CP054243.1	MPF_F	Col156;IncFIA;IncFIB(AP001918);IncFII(pRSB107)	164	0	0	GA	0															not_admitted	not_admitted	not_admitted	not_admitted	not_admitted	not_admitted	not_admitted	not_admitted	not_admitted	not_admitted	1	75;66098;67090;-;369.5	60;57704;58348;-;192.7	70;62477;62842;-;96.7	78;68098;70725;-;303.9	58;55710;56981;-;367.2	83;72609;74060;-;94.1	78;68098;70725;-;96.5	85;74775;75236;-;161.7	73;65116;65754;-;68.7	72;63269;65119;-;266.7	53;49896;51908;-;392.1	81;71241;71756;-;75.2	53;49896;51908;-;70.5	A	9/9	contiguous	24879	1	1	54163..55713-;516;unnamed;0
CP054247.1	MPF_F	Col156;IncFIA;IncFIB(AP001918);IncFII(pRSB107)	189	0	0	GA	0															not_admitted	not_admitted	not_admitted	not_admitted	not_admitted	not_admitted	not_admitted	not_admitted	not_admitted	not_admitted	1	91;69625;70617;-;369.5	78;60495;61868;-;386.6	86;65776;66519;-;231.4	94;71626;73707;-;193.4	77;59227;60498;-;367.2		94;71626;73707;-;97.3	106;78489;78755;-;92.6	89;68643;69281;-;68.7	88;66796;68646;-;266.7	70;53922;55268;-;330.9	98;74768;75283;-;75.2	70;53922;55268;-;48.2	A	9/9	contiguous	24567	1	1	58568..59230-;220;unnamed;0
CP054250.1	MPF_F	Col156;IncFIA;IncFIB(AP001918);IncFII(pRSB107)	221	0	0	GA	0															not_admitted	not_admitted	not_admitted	not_admitted	not_admitted	not_admitted	not_admitted	not_admitted	not_admitted	not_admitted	1	176;136924;137916;+;369.5	190;145668;147041;+;386.6	182;141015;141758;+;231.4	173;133288;135915;+;303.9	191;147038;149857;+;386.3	167;129952;131403;+;94.1	173;133288;135915;+;96.5	166;128672;129952;+;181.0	178;138260;138898;+;68.7	180;139560;140738;+;268.7	197;152754;154133;+;349.1	170;132257;132772;+;75.2	197;152754;154133;+;71.3	A	9/9	contiguous	24082	1	1	149882..150373+;163;TraS;0
CP054318.1	MPF_F	Col156;IncFIB(AP001918);IncFII(29)	141	0	0	GA	0															not_admitted	not_admitted	not_admitted	not_admitted	not_admitted	not_admitted	not_admitted	not_admitted	not_admitted	not_admitted	1	59;40251;41243;+;369.5	69;47302;48675;+;381.7	64;44097;45089;+;231.9	54;37216;38004;+;179.4	70;48672;51494;+;388.5	46;32056;33483;+;93.9	56;38400;39242;+;52.2	44;30775;31341;+;183.1	61;41587;42225;+;68.6	63;42892;44070;+;273.9	74;53766;55910;+;391.3	49;34612;35127;+;73.9	74;53766;55910;+;70.4	A	9/9	contiguous	22991	1	1	51516..51995+;159;TraS;0
CP054320.1	MPF_T	IncX1;IncX9	53	0	0	GA	1	4;3265;3912;+;42.8	5;3890;4186;+;77.5	6;4205;4579;+;51.2	7;4609;6960;+;148.3	7;4609;6960;+;63.9	8;6971;7720;+;67.5	10;8031;9092;+;135.0		11;9337;9825;+;68.4	13;10353;10982;+;95.9	15;11145;12185;+;134.6	16;12187;13218;+;76.4	17;13221;15056;+;482.7		pfam	pfam_only	A	7/7	canonical	1	0	unscoreable	2	0	0														not_admitted	not_admitted	not_admitted	not_admitted	not_admitted	not_admitted	not_admitted
CP054329.1	MPF_F	IncFII(pCoo)	91	0	0	GA	0															not_admitted	not_admitted	not_admitted	not_admitted	not_admitted	not_admitted	not_admitted	not_admitted	not_admitted	not_admitted	1	77;58254;59246;+;369.3	89;65292;66668;+;381.9	84;62962;63705;+;234.1	73;54613;56376;+;304.9	90;66665;67216;+;128.5	65;50151;51347;+;79.8	73;54613;56376;+;49.1	63;48870;49436;+;183.8	80;60243;60881;+;68.6	82;61699;62685;+;270.6	4;2675;4702;+;392.0	69;52461;52976;+;76.4	4;2675;4702;+;70.5	A	9/9	split_2	63990	0	1	
CP054336.1	MPF_F	IncFIA;IncFIB(AP001918);IncFII	170	0	0	GA	0															not_admitted	not_admitted	not_admitted	not_admitted	not_admitted	not_admitted	not_admitted	not_admitted	not_admitted	not_admitted	1	97;82823;83815;-;367.4	84;75764;77137;-;380.9	91;79351;80094;-;235.0	100;84824;86854;-;175.7	82;72941;75226;-;207.5	107;89505;90932;-;94.3	100;84824;86854;-;99.3	109;91845;92213;-;113.5	96;82176;82814;-;68.6	93;80371;81216;-;265.0	78;69251;70798;-;348.3	103;88002;88481;-;65.9	78;69251;70798;-;71.1	A	9/9	contiguous	22594	1	1	72435..72944-;169;unnamed;0
CP054423.1	MPF_T	IncX1	52	0	0	GA	1	38;35237;35884;-;45.2	37;34963;35259;-;77.5	36;32191;34944;-;46.6	36;32191;34944;-;148.0	36;32191;34944;-;75.3	35;31431;32180;-;68.8	33;30059;31120;-;134.1		32;29099;29812;-;119.7	30;28164;28916;-;102.4	29;26962;28167;-;131.7	28;25929;26960;-;80.0	27;24091;25926;-;489.3		pfam	pfam_only	A	7/7	canonical	1	1	unscoreable	2	0	0														not_admitted	not_admitted	not_admitted	not_admitted	not_admitted	not_admitted	not_admitted
CP054450.1	MPF_F	Col156;IncFIB(AP001918);IncFII	203	0	0	GA	0															not_admitted	not_admitted	not_admitted	not_admitted	not_admitted	not_admitted	not_admitted	not_admitted	not_admitted	not_admitted	1	5;3233;4225;-;369.5	195;154331;155917;-;381.1	200;158149;158871;-;231.5	9;6732;7865;-;195.0	194;151726;154383;-;327.9	16;11133;12584;-;93.8	8;5234;6775;-;101.1	18;13331;13831;-;158.9	2;1653;2291;-;70.8	202;159148;160116;-;273.7	189;147143;148801;-;331.5	13;9758;10273;-;82.8	189;147143;148801;-;70.9	A	9/9	split_2	157495	1	1	151210..151701-;163;TraS;0
CP054455.1	MPF_F	IncFIB(AP001918);IncFII	155	0	0	GA	0															not_admitted	not_admitted	not_admitted	not_admitted	not_admitted	not_admitted	not_admitted	not_admitted	not_admitted	not_admitted	1	87;88379;89371;-;369.3	78;81944;83317;-;381.0	83;84907;85650;-;231.6	90;90380;93007;-;306.4	77;79122;81947;-;386.0	96;95062;96489;-;94.3	90;90380;93007;-;98.5	98;97204;97770;-;183.3	86;87732;88370;-;68.7	85;85927;87735;-;267.9	74;75465;77618;-;391.8	92;93523;94038;-;77.3	74;75465;77618;-;70.4	A	9/9	contiguous	21739	1	1	78616..79125-;169;unnamed;0
CP054458.1	MPF_F	IncFIA;IncFIB(AP001918);IncFII	161	0	0	GA	0															not_admitted	not_admitted	not_admitted	not_admitted	not_admitted	not_admitted	not_admitted	not_admitted	not_admitted	not_admitted	1	102;93866;94858;-;367.4	91;86807;88180;-;380.9	98;90394;91137;-;235.0	105;95867;98494;-;305.4	90;83985;86810;-;385.9	111;100549;101976;-;94.3	105;95867;98494;-;98.5	113;102691;103257;-;183.8	101;93219;93857;-;68.6	100;91414;93222;-;268.3	87;80302;82482;-;391.3	107;99010;99525;-;78.4	87;80302;82482;-;70.4	A	9/9	contiguous	22389	1	1	83479..83988-;169;unnamed;0
CP054716.1	-	-	59	0	0	GA	1	5;4850;5335;-;85.0	28;26950;27294;-;29.0		26;24201;26612;-;62.6		25;23548;24204;-;82.9	23;22174;23100;-;96.8		22;21235;22011;-;92.5	21;20435;21232;-;167.3	20;19225;20448;-;137.5	12;10310;11854;-;217.9	17;16308;17822;-;247.3		pfam	pfam_only	A	7/7	canonical	1	0	unscoreable	12	0	0														not_admitted	not_admitted	not_admitted	not_admitted	not_admitted	not_admitted	not_admitted
CP055459.1	MPF_T	IncN	69	0	0	GA	1	24;21326;22063;+;32.0		27;22706;22846;+;31.7	29;24088;26688;+;111.8	29;24088;26688;+;76.4	30;26706;27419;+;105.5	32;27670;28710;+;142.4		33;28929;29627;+;131.9	34;29638;30522;+;159.7	35;30522;31682;+;156.3	36;31724;32719;+;81.2	46;43265;44794;-;38.5		pfam	both	A	7/7	canonical	1	0	unscoreable	4	0	0														not_admitted	not_admitted	not_admitted	not_admitted	not_admitted	not_admitted	not_admitted
CP055627.1	MPF_F	IncFIA;IncFII;IncFII(pCoo)	104	0	0	GA	0															not_admitted	not_admitted	not_admitted	not_admitted	not_admitted	not_admitted	not_admitted	not_admitted	not_admitted	not_admitted	1	81;70473;71465;+;369.3	90;76524;77900;+;381.0	85;74194;74937;+;233.3	78;66837;69464;+;305.8	91;77897;80722;+;389.2	72;63498;64925;+;94.1	78;66837;69464;+;98.5	70;62217;62783;+;183.8	82;71474;72112;+;68.4	83;72109;73917;+;268.3	78;66837;69464;+;22.1	75;65806;66321;+;78.3		A	9/9	contiguous	15680	1	1	80719..81228+;169;unnamed;0
CP055670.1	MPF_F	IncHI2;IncHI2A	186	0	0	GA	0															not_admitted	not_admitted	not_admitted	not_admitted	not_admitted	not_admitted	not_admitted	not_admitted	not_admitted	not_admitted	1	61;55960;57018;-;276.9			77;75843;78524;-;168.0		81;80854;82209;-;80.7	77;75843;78524;-;72.2	84;83933;84721;-;74.8	63;57160;58671;-;62.0	60;52753;55941;-;57.3		78;78533;79483;-;46.1		C	6/9	contiguous	31180	0	1	
CP055703.1	MPF_F	IncFIB(pB171)	135	0	0	GA	0															not_admitted	not_admitted	not_admitted	not_admitted	not_admitted	not_admitted	not_admitted	not_admitted	not_admitted	not_admitted	1	71;84681;85679;-;355.1	64;78594;79958;-;356.4	68;81418;82200;-;218.0	78;88366;90969;-;217.3	63;75361;78594;-;299.0	82;92476;93873;-;93.6	78;88366;90969;-;101.6	84;94622;95206;-;97.7	70;84050;84670;-;57.0	69;82197;84053;-;214.7	56;69713;72244;-;358.5	79;90966;91523;-;39.5	56;69713;72244;-;68.0	A	9/9	contiguous	24909	1	1	74642..75352-;236;unnamed;0
CP055705.1	MPF_T	IncX1;IncX3	58	0	0	GA	1	44;43085;43732;-;45.2	43;42811;43107;-;77.5	42;40039;42792;-;47.9	42;40039;42792;-;147.9	42;40039;42792;-;75.3	41;39270;40028;-;67.3	39;37899;39032;-;106.3		38;36941;37654;-;118.5	37;36007;36936;-;133.8	36;34805;36010;-;132.5	35;33772;34803;-;79.0	34;31934;33769;-;489.3		pfam	pfam_only	A	7/7	canonical	1	1	unscoreable	1	0	0														not_admitted	not_admitted	not_admitted	not_admitted	not_admitted	not_admitted	not_admitted
CP055715.1	MPF_T	IncX1	49	0	0	GA	1	22;21331;21978;-;45.6	21;21057;21353;-;77.5	20;18285;21038;-;46.6	20;18285;21038;-;148.0	20;18285;21038;-;73.5	19;17525;18274;-;70.2	17;16153;17214;-;135.0		16;15194;15907;-;120.7	15;14260;15189;-;136.2	14;13058;14263;-;133.5	13;12025;13056;-;77.9	12;10187;12022;-;487.4		pfam	pfam_only	A	7/7	canonical	1	1	unscoreable	1	0	0														not_admitted	not_admitted	not_admitted	not_admitted	not_admitted	not_admitted	not_admitted
CP055749.1	MPF_F	IncFIB(AP001918);IncFII(pHN7A8)	155	0	0	GA	0															not_admitted	not_admitted	not_admitted	not_admitted	not_admitted	not_admitted	not_admitted	not_admitted	not_admitted	not_admitted	1	76;79679;80671;-;369.3	61;70137;71000;-;291.5	66;72587;73330;-;235.5	79;81680;84307;-;304.6	59;66801;69626;-;375.5	86;86481;87887;-;94.4	79;81680;84307;-;99.1	88;88602;89168;-;183.8	73;78044;78682;-;68.6	68;73610;74239;-;212.2	55;62307;64559;-;391.7	82;84823;85338;-;81.0	55;62307;64559;-;70.3	A	9/9	contiguous	26295	1	1	66295..66804-;169;unnamed;0
CP055750.1	MPF_F	IncFIA;IncFII	111	0	0	GA	0															not_admitted	not_admitted	not_admitted	not_admitted	not_admitted	not_admitted	not_admitted	not_admitted	not_admitted	not_admitted	1	87;79320;80318;+;349.2	95;86135;87541;+;341.8	92;84419;85204;+;217.8	83;75448;78087;+;251.4	96;87541;90450;+;315.0	81;73593;74927;+;97.2	83;75448;78087;+;117.8	79;72268;72846;+;124.8	90;81881;82483;+;56.2	91;82480;84417;+;243.1	103;94038;96224;+;372.3	82;74939;75451;+;60.2	103;94038;96224;+;61.7	A	9/9	contiguous	21770	1	1	90465..91115+;216;unnamed;1
CP056025.1	MPF_F	IncFIB(K);IncFII(K)	222	0	0	GA	0															not_admitted	not_admitted	not_admitted	not_admitted	not_admitted	not_admitted	not_admitted	not_admitted	not_admitted	not_admitted	1	165;168567;169556;-;366.0	155;161653;163020;-;380.7	159;164278;165030;-;233.7	169;170999;173638;-;258.7	154;158804;161653;-;345.6	178;177453;178877;-;89.2	169;170999;173638;-;88.8	180;179604;180170;-;167.0	164;167916;168554;-;67.0	163;165902;167857;-;259.7	146;149053;150258;-;186.1	176;176272;176841;-;49.7	146;149053;150258;-;68.0	A	9/9	contiguous	30551	1	1	158243..158791-;182;unnamed;0
CP056026.1	MPF_F	IncFIB(pQil);IncFII(K)	137	0	0	GA	0															not_admitted	not_admitted	not_admitted	not_admitted	not_admitted	not_admitted	not_admitted	not_admitted	not_admitted	not_admitted	1	84;81347;82339;-;366.6	74;74433;75800;-;380.7	78;77058;77810;-;233.7	87;83365;86004;-;258.5	73;71584;74433;-;345.6	95;89261;90685;-;88.8	87;83365;86004;-;88.7	97;91412;91978;-;169.3	83;80696;81334;-;67.0	82;78682;80637;-;259.7	63;60808;62013;-;186.1	94;88563;89147;-;55.4	63;60808;62013;-;68.0	A	9/9	contiguous	30604	1	1	71023..71571-;182;unnamed;0
CP056027.1	-	pKPC-CAV1193	51	0	0	GA	1	7;6537;7226;+;46.2		9;7560;7934;+;34.6	10;7891;10401;+;76.2		11;10398;11066;+;61.5	13;11472;12404;+;126.7		15;12601;13404;+;102.2	16;13401;14225;+;149.0	17;14212;15507;+;142.5	19;15896;16972;+;57.1	21;17322;18932;+;220.5		pfam	pfam_only	A	7/7	canonical	1	0	unscoreable	5	0	0														not_admitted	not_admitted	not_admitted	not_admitted	not_admitted	not_admitted	not_admitted
CP056175.1	MPF_F	IncFIB(pQil);IncFII(Yp);IncFII(pAR0022)	135	0	0	GA	0															not_admitted	not_admitted	not_admitted	not_admitted	not_admitted	not_admitted	not_admitted	not_admitted	not_admitted	not_admitted	1	96;86542;87534;-;374.4	88;80490;81860;-;375.5	91;82647;83396;-;222.4	99;88548;91187;-;252.5	87;77641;80490;-;336.5	105;93397;94809;-;85.2	99;88548;91187;-;91.3	107;95536;96102;-;163.0	95;85903;86529;-;68.6	94;84014;85906;-;259.9	84;73807;76014;-;391.8	103;92580;93149;-;55.3	84;73807;76014;-;65.9	A	9/9	contiguous	21729	1	1	77108..77638-;176;unnamed;0
CP056177.1	-	-	51	0	0	GA	1	47;42399;43067;-;44.1	46;42096;42389;-;73.6	45;39339;42086;-;63.4	45;39339;42086;-;138.1	45;39339;42086;-;58.9	44;38605;39327;-;120.0	42;37303;38304;-;161.0		40;36420;37103;-;172.2	39;35524;36420;-;141.7	38;34247;35527;-;162.2	37;33208;34236;-;81.1			pfam	pfam_only	B	6/7	canonical	1	1	unscoreable	2	0	0														not_admitted	not_admitted	not_admitted	not_admitted	not_admitted	not_admitted	not_admitted
CP056243.1	MPF_F	IncFIA;IncFIB(AP001918);IncFII(pCoo)	105	0	0	GA	0															not_admitted	not_admitted	not_admitted	not_admitted	not_admitted	not_admitted	not_admitted	not_admitted	not_admitted	not_admitted	1	56;68133;69125;-;366.8	45;61114;62487;-;380.9	52;64661;65404;-;235.0	59;70134;72761;-;301.8	44;58292;61117;-;384.0	66;74816;76243;-;94.2	59;70134;72761;-;98.5	68;76958;77524;-;183.4	55;67486;68124;-;68.4	54;65681;67489;-;268.3	41;54636;56789;-;391.5	62;73277;73792;-;78.4	41;54636;56789;-;69.2	A	9/9	contiguous	22322	1	1	57786..58295-;169;unnamed;0
CP056264.1	MPF_F	IncFII(pCoo)	98	0	0	GA	0															not_admitted	not_admitted	not_admitted	not_admitted	not_admitted	not_admitted	not_admitted	not_admitted	not_admitted	not_admitted	1	69;51492;52484;+;369.5	81;58504;59877;+;388.1	75;55833;56576;+;234.1	65;48782;50215;+;303.2	82;59874;62699;+;382.8	57;44094;45521;+;93.9		55;42813;43379;+;182.3	72;53113;53751;+;69.8	73;53748;55556;+;267.9	86;64941;67148;+;380.8	61;46643;47158;+;77.9	86;64941;67148;+;66.5	A	9/9	contiguous	22128	1	1	62696..63205+;169;unnamed;0
CP056274.1	MPF_F	Col156;IncFIB(AP001918);IncFII	161	0	0	GA	0															not_admitted	not_admitted	not_admitted	not_admitted	not_admitted	not_admitted	not_admitted	not_admitted	not_admitted	not_admitted	1	96;93246;94238;+;369.5	111;101706;103079;+;381.7	104;98758;99501;+;234.4	93;89607;92237;+;297.8	112;103076;105895;+;373.5	122;111574;113025;-;94.2	93;89607;92237;+;99.0	124;113740;114306;-;174.3	99;95181;95819;+;70.8	102;96631;98481;+;270.8	82;79844;82141;-;391.6	119;110199;110714;-;82.8	82;79844;82141;-;70.3	A	9/9	contiguous	33896	1	1	105920..106411+;163;TraS;0
CP056283.1	MPF_F	IncFIA;IncFII	114	0	0	GA	0															not_admitted	not_admitted	not_admitted	not_admitted	not_admitted	not_admitted	not_admitted	not_admitted	not_admitted	not_admitted	1	86;69954;70946;+;369.5	101;79284;80594;+;378.7	91;74010;74753;+;234.4	83;66318;68945;+;300.9	102;80591;83410;+;385.4	77;62738;64165;+;93.9	83;66318;68945;+;101.1	75;61457;62023;+;182.7	88;71290;71928;+;70.7	89;71925;73733;+;267.1	105;84942;87149;+;380.8	81;65287;65802;+;76.0	105;84942;87149;+;66.5	A	9/9	contiguous	23485	1	1	83435..83926+;163;TraS;0
CP056316.1	MPF_F	IncFIA;IncFIB(AP001918);IncFII(pRSB107)	101	0	0	GA	0															not_admitted	not_admitted	not_admitted	not_admitted	not_admitted	not_admitted	not_admitted	not_admitted	not_admitted	not_admitted	1				56;46069;48696;+;303.9		50;42733;44184;+;94.1	56;46069;48696;+;96.5	48;41452;42018;+;184.3			61;50707;52932;+;391.7	53;45038;45553;+;75.2	61;50707;52932;+;70.3	D	3/9	contiguous	9255	0	0	
CP056317.1	MPF_T	IncN	70	0	0	GA	1	27;22334;23068;+;32.5		30;23711;24028;+;63.3	31;24028;26628;+;113.8	31;24028;26628;+;76.4	32;26646;27359;+;105.5	34;27610;28650;+;142.4		35;28869;29567;+;131.9	36;29578;30462;+;159.7	37;30462;31622;+;156.3	38;31664;32659;+;81.2	47;40653;42182;-;38.5		pfam	both	A	7/7	canonical	1	0	unscoreable	11	0	0														not_admitted	not_admitted	not_admitted	not_admitted	not_admitted	not_admitted	not_admitted
CP056356.1	MPF_F	IncFII	182	0	0	GA	0															not_admitted	not_admitted	not_admitted	not_admitted	not_admitted	not_admitted	not_admitted	not_admitted	not_admitted	not_admitted	1	152;119862;120854;+;369.3	166;127756;129132;+;381.5	160;125081;125824;+;234.1	147;114641;117283;+;300.9	167;129129;131942;+;387.4	140;111158;112585;+;92.6	147;114641;117283;+;100.8	138;109877;110443;+;183.8	155;121691;122329;+;68.6	158;123041;124804;+;268.4	171;134191;136425;+;391.5	144;113610;114125;+;77.4	171;134191;136425;+;70.3	A	9/9	contiguous	24314	1	1	131967..132464+;165;TraS;0
CP056358.1	MPF_F	IncFIB(AP001918);IncFII(pRSB107)	140	0	0	GA	0															not_admitted	not_admitted	not_admitted	not_admitted	not_admitted	not_admitted	not_admitted	not_admitted	not_admitted	not_admitted	1	64;61803;62795;-;369.6	52;54648;56021;-;385.7	59;57954;58697;-;234.1	67;63804;66431;-;304.2	51;51829;54651;-;384.9	73;68316;69767;-;93.9	67;63804;66431;-;97.1	75;70482;71048;-;183.8	62;60821;61459;-;68.7	61;58974;60824;-;266.7	47;47394;49583;-;391.3	70;66947;67462;-;75.5	47;47394;49583;-;70.3	A	9/9	contiguous	23088	1	1	51328..51807-;159;TraS;0
CP056371.1	MPF_F	Col156;IncFIB(AP001918);IncFII	138	0	0	GA	0															not_admitted	not_admitted	not_admitted	not_admitted	not_admitted	not_admitted	not_admitted	not_admitted	not_admitted	not_admitted	1	90;82798;83790;-;369.5	75;73957;75330;-;381.7	82;77535;78278;-;234.4	93;84799;87429;-;297.8	74;71141;73960;-;373.5	100;90697;92148;-;93.8	93;84799;87429;-;99.0	102;92863;93429;-;174.3	87;81217;81855;-;70.8	84;78555;80405;-;270.8	70;66484;68871;-;391.4	97;89322;89837;-;82.8	70;66484;68871;-;70.2	A	9/9	contiguous	26379	1	1	70625..71116-;163;TraS;0
CP056405.1	MPF_F	IncFII(pSE11)	81	0	0	GA	0															not_admitted	not_admitted	not_admitted	not_admitted	not_admitted	not_admitted	not_admitted	not_admitted	not_admitted	not_admitted	1	53;41133;42125;+;369.5	67;49593;50966;+;381.7	61;46645;47388;+;233.1	50;37494;40124;+;305.1	68;50963;53785;+;388.5	42;32640;34091;+;94.0	50;37494;40124;+;97.3	40;31359;31925;+;172.8	56;43068;43706;+;70.1	59;44518;46368;+;272.0	72;56057;58381;+;391.0	45;34951;35466;+;80.9	72;56057;58381;+;70.2	A	9/9	contiguous	24698	1	1	53807..54286+;159;TraS;0
CP056419.1	MPF_F	IncFIA(HI1);IncFII(pKP91)	176	0	0	GA	0															not_admitted	not_admitted	not_admitted	not_admitted	not_admitted	not_admitted	not_admitted	not_admitted	not_admitted	not_admitted	1				108;84997;87840;+;168.9				102;82258;82689;+;118.9			108;84997;87840;+;143.8		108;84997;87840;+;66.1	D	2/9	contiguous	2739	0	0	
CP056461.1	MPF_F	IncFIB(pQil);IncFII(Yp);IncFII(pAR0022)	136	0	0	GA	0															not_admitted	not_admitted	not_admitted	not_admitted	not_admitted	not_admitted	not_admitted	not_admitted	not_admitted	not_admitted	1	97;87902;88894;-;374.4	89;81850;83220;-;375.5	92;84007;84756;-;222.4	100;89908;92547;-;252.5	88;79001;81850;-;336.5	106;94757;96169;-;85.2	100;89908;92547;-;91.3	108;96896;97462;-;163.0	96;87263;87889;-;68.6	95;85374;87266;-;259.9	85;75167;77374;-;391.8	104;93940;94509;-;55.3	85;75167;77374;-;65.9	A	9/9	contiguous	21729	1	1	78468..78998-;176;unnamed;0
CP056464.1	-	-	51	0	0	GA	1	47;42399;43067;-;44.1	46;42096;42389;-;73.6	45;39339;42086;-;63.4	45;39339;42086;-;138.1	45;39339;42086;-;58.9	44;38605;39327;-;120.0	42;37303;38304;-;161.0		40;36420;37103;-;172.2	39;35524;36420;-;141.7	38;34247;35527;-;162.2	37;33208;34236;-;81.1			pfam	pfam_only	B	6/7	canonical	1	1	unscoreable	2	0	0														not_admitted	not_admitted	not_admitted	not_admitted	not_admitted	not_admitted	not_admitted
CP056471.1	MPF_F	IncFIA;IncFIB(AP001918)	120	0	0	GA	0															not_admitted	not_admitted	not_admitted	not_admitted	not_admitted	not_admitted	not_admitted	not_admitted	not_admitted	not_admitted	1	57;53649;54641;-;367.4	46;46590;47963;-;380.9	53;50177;50920;-;235.0	60;55650;58277;-;305.4	45;43768;46593;-;385.9	66;60332;61759;-;94.2	60;55650;58277;-;98.5	68;62474;63040;-;183.8	56;53002;53640;-;68.6	55;51197;53005;-;268.3	42;40526;42265;-;392.2	62;58793;59308;-;78.4	42;40526;42265;-;70.9	A	9/9	contiguous	21948	1	1	43262..43771-;169;unnamed;0
CP056472.1	MPF_F	IncFII(pSE11)	83	0	0	GA	0															not_admitted	not_admitted	not_admitted	not_admitted	not_admitted	not_admitted	not_admitted	not_admitted	not_admitted	not_admitted	1	55;45579;46571;+;369.5	67;52625;53998;+;381.7	60;49677;50420;+;234.4	52;41940;44570;+;297.8	68;53995;56820;+;374.0	45;37471;38898;+;93.9	52;41940;44570;+;98.7	43;36190;36756;+;174.3	57;46915;47553;+;68.5	58;47550;49400;+;271.9	72;59062;61296;+;391.7	48;39782;40297;+;78.4	72;59062;61296;+;70.3	A	9/9	contiguous	22872	1	1	56817..57326+;169;unnamed;0
CP056493.1	MPF_F	IncFIA;IncFIB(AP001918)	89	0	0	GA	0															not_admitted	not_admitted	not_admitted	not_admitted	not_admitted	not_admitted	not_admitted	not_admitted	not_admitted	not_admitted	1	41;37570;38562;-;367.4	30;30511;31884;-;380.9	37;34098;34841;-;235.0	44;39571;42198;-;305.4	29;27689;30514;-;385.9	50;44253;45680;-;94.2	44;39571;42198;-;98.5	52;46395;46961;-;183.8	40;36923;37561;-;68.6	39;35118;36926;-;268.3	26;24447;26186;-;392.2	46;42714;43229;-;78.4	26;24447;26186;-;70.9	A	9/9	contiguous	21948	1	1	27183..27692-;169;unnamed;0
CP056494.1	MPF_F	IncFII(pSE11)	85	0	0	GA	0															not_admitted	not_admitted	not_admitted	not_admitted	not_admitted	not_admitted	not_admitted	not_admitted	not_admitted	not_admitted	1	57;47025;48017;+;369.5	69;54071;55444;+;381.7	62;51123;51866;+;234.4	54;43386;46016;+;297.8	70;55441;58266;+;374.0	47;38917;40344;+;93.9	54;43386;46016;+;98.7	45;37636;38202;+;174.3	59;48361;48999;+;68.5	60;48996;50846;+;271.9	74;60508;62742;+;391.7	50;41228;41743;+;78.4	74;60508;62742;+;70.3	A	9/9	contiguous	22872	1	1	58263..58772+;169;unnamed;0
CP056496.1	MPF_F	IncHI1A(NDM-CIT);IncHI1B(pNDM-CIT)	331	1	1	GA	1		286;256107;256490;-;86.7	65;67733;68002;-;32.5	284;253376;255826;-;42.3	284;253376;255826;-;138.4	63;64530;65273;-;226.6	281;250942;252306;-;179.3		60;62104;62808;-;235.9	279;249219;250211;-;224.4	58;59832;61112;-;208.0	67;68382;69452;-;118.3	289;258012;260027;-;346.4	29;31553;34729;+;57.9	conjscan	conjscan_only	A	7/7	canonical	1	0	unscoreable	6	0	1	28;30827;31534;+;214.6	193;186405;187820;-;200.0	194;187810;188856;-;168.3	11;9302;11983;+;156.8	192;182407;186396;-;103.1	58;59832;61112;-;208.0	11;9302;11983;+;73.5	4;3144;3929;+;69.5	26;28826;30334;+;62.3	29;31553;34729;+;57.9	289;258012;260027;-;105.6	10;8343;9293;+;45.4	289;258012;260027;-;99.4	A	9/9	split_4	254868	0	1	
CP056500.1	MPF_F	IncFII(Yp);IncFII(pAR0022)	127	0	0	GA	0															not_admitted	not_admitted	not_admitted	not_admitted	not_admitted	not_admitted	not_admitted	not_admitted	not_admitted	not_admitted	1	106;85373;86365;+;366.4	115;91303;92673;+;377.3	112;89764;90516;+;228.0	103;81666;84305;+;257.3	116;92673;95543;+;337.3	94;76758;78173;+;86.6	103;81666;84305;+;83.9	92;75465;76031;+;161.5	107;86378;86995;+;68.7	108;86992;88872;+;251.9	118;96353;98653;+;390.5	97;78996;79559;+;55.8	118;96353;98653;+;65.9	A	9/9	contiguous	20888	1	1	95677..96117+;146;unnamed;0
CP056501.1	MPF_F	IncFII(Yp)	87	0	0	GA	0															not_admitted	not_admitted	not_admitted	not_admitted	not_admitted	not_admitted	not_admitted	not_admitted	not_admitted	not_admitted	1	64;49086;50078;+;362.9	73;55168;56538;+;378.1	70;53632;54384;+;223.8	61;45421;48060;+;259.1	74;56538;59417;+;342.9	51;40237;41658;+;87.4	61;45421;48060;+;83.9	49;38944;39510;+;167.2	65;50091;50729;+;66.0	66;50788;52743;+;255.2	76;60187;62487;+;390.5	53;42119;42682;+;55.8	76;60187;62487;+;65.8	A	9/9	contiguous	21243	1	1	59420..59950+;176;unnamed;0
CP056540.1	MPF_F	Col440I;IncFIB(K);IncFII(pKP91)	271	0	0	GA	0															not_admitted	not_admitted	not_admitted	not_admitted	not_admitted	not_admitted	not_admitted	not_admitted	not_admitted	not_admitted	1	205;188791;189780;-;366.1	195;181574;182944;-;380.8	199;184140;184892;-;233.8	209;191234;193873;-;255.6	194;178725;181574;-;338.3	216;196592;198016;-;80.6	209;191234;193873;-;92.6	218;198737;199303;-;160.3	204;188149;188778;-;68.3	203;186194;188149;-;254.0	191;174775;177072;-;391.8	215;195960;196529;-;53.4	191;174775;177072;-;67.1	A	9/9	contiguous	23962	1	1	178192..178719-;175;unnamed;0
CP056541.1	MPF_F	IncFII(K);IncFII(pAR0022);repB(R1701)	162	0	0	GA	0															not_admitted	not_admitted	not_admitted	not_admitted	not_admitted	not_admitted	not_admitted	not_admitted	not_admitted	not_admitted	1	98;94880;95872;-;366.6	88;87996;89363;-;381.2	92;90620;91372;-;232.4	101;96898;99537;-;259.3	87;85174;87996;-;346.6	111;103411;104835;-;88.4	101;96898;99537;-;88.7	113;105562;106128;-;167.0	97;94229;94867;-;67.0	96;92215;94170;-;258.5	83;80893;83205;-;393.1	109;102218;102775;-;52.7	83;80893;83205;-;66.6	A	9/9	contiguous	24669	1	1	84548..85150-;200;TraS;0
CP056542.1	MPF_F	IncFII(Yp)	120	0	0	GA	0															not_admitted	not_admitted	not_admitted	not_admitted	not_admitted	not_admitted	not_admitted	not_admitted	not_admitted	not_admitted	1	91;74854;75846;+;372.3	105;83158;84528;+;383.1	99;80359;81111;+;223.0	88;71189;73828;+;254.8	106;84528;87407;+;333.2	80;66577;67998;+;86.6	88;71189;73828;+;88.2	78;65290;65856;+;159.4	92;75859;76506;+;68.8	94;76883;78838;+;253.1	110;90184;92502;+;389.0	82;68459;69043;+;55.9	110;90184;92502;+;65.6	A	9/9	contiguous	24894	1	1	87424..88092+;222;unnamed;0
CP056558.1	MPF_F	IncFIC(FII)	92	0	0	GA	0															not_admitted	not_admitted	not_admitted	not_admitted	not_admitted	not_admitted	not_admitted	not_admitted	not_admitted	not_admitted	1	62;45147;46139;+;371.9	74;52661;54028;+;380.1	69;50352;51095;+;232.8	59;41508;44138;+;306.8	75;54025;56847;+;389.5	52;36964;38412;+;92.9	59;41508;44138;+;99.6	50;35683;36249;+;183.9	66;47630;48268;+;68.4	67;48265;50073;+;269.4	79;59093;61300;+;380.4	55;39293;39808;+;75.6	79;59093;61300;+;66.5	A	9/9	contiguous	23410	1	1	56869..57348+;159;TraS;0
CP056561.1	MPF_F	IncFII(pECLA);repE(pEh60-7)	156	0	0	GA	0															not_admitted	not_admitted	not_admitted	not_admitted	not_admitted	not_admitted	not_admitted	not_admitted	not_admitted	not_admitted	1	96;78217;79215;+;360.7	104;84131;85495;+;367.2	99;81705;82487;+;213.5	88;72678;75287;+;223.4	105;85495;88776;+;309.0	80;67692;69101;+;97.0	88;72678;75287;+;103.5	78;66362;66943;+;93.9	97;79226;79849;+;63.5	98;79846;81708;+;216.3	112;93442;96009;+;367.0	86;71876;72430;+;43.8	112;93442;96009;+;70.7	A	9/9	contiguous	27080	1	1	88785..89498+;237;unnamed;0
CP056570.1	MPF_F	Col156;IncFIB(AP001918);IncFII(29)	130	0	0	GA	0															not_admitted	not_admitted	not_admitted	not_admitted	not_admitted	not_admitted	not_admitted	not_admitted	not_admitted	not_admitted	1	72;70074;71066;-;369.5	60;62647;64020;-;381.7	67;66225;66968;-;233.1	75;72075;74705;-;297.8	59;59807;62650;-;384.7	82;77836;79263;-;93.9	75;72075;74705;-;100.2	84;79978;80544;-;183.1	70;69092;69730;-;68.6	69;67245;69095;-;271.9	55;55391;57535;-;391.3	79;76192;76707;-;73.9	55;55391;57535;-;70.4	A	9/9	contiguous	24587	1	1	59306..59785-;159;TraS;0
CP056571.1	MPF_F	IncFII(pCoo)	92	0	0	GA	0															not_admitted	not_admitted	not_admitted	not_admitted	not_admitted	not_admitted	not_admitted	not_admitted	not_admitted	not_admitted	1	67;52058;53050;+;369.5	79;59104;60477;+;381.7	72;56156;56899;+;234.4	64;48419;51049;+;297.8	80;60474;63320;+;384.7	56;43566;45017;+;93.4	64;48419;51049;+;100.2	54;42285;42851;+;174.3	69;53394;54032;+;68.6	70;54029;55879;+;267.6	84;65562;67805;+;391.7	59;45877;46392;+;82.8	84;65562;67805;+;70.3	A	9/9	contiguous	23277	1	1	63317..63826+;169;unnamed;0
CP056572.1	-	-	50	0	0	GA	1	13;12565;13146;-;47.0		11;11803;12126;-;35.4	10;9372;11801;-;61.6	10;9372;11801;-;36.1	9;8474;9142;-;27.0	7;6924;7970;-;106.8		5;5977;6723;-;151.2	4;5183;5980;-;175.1	3;3970;5193;-;144.0	2;2957;3970;-;111.7	1;604;2637;-;263.5		pfam	pfam_only	A	7/7	canonical	1	0	unscoreable	4	0	0														not_admitted	not_admitted	not_admitted	not_admitted	not_admitted	not_admitted	not_admitted
CP056582.1	MPF_F	IncFIB(K);IncFII(pKP91)	207	0	0	GA	0															not_admitted	not_admitted	not_admitted	not_admitted	not_admitted	not_admitted	not_admitted	not_admitted	not_admitted	not_admitted	1	72;50771;51760;+;368.3	82;57502;58872;+;377.3	78;55554;56306;+;232.9	69;47103;49742;+;254.8	83;58872;61721;+;342.9	58;41890;43308;+;84.4	69;47103;49742;+;88.2	56;40603;41169;+;149.8	73;51773;52402;+;67.3	74;52402;54357;+;256.2	86;63390;65720;+;390.6	61;43991;44560;+;55.2	86;63390;65720;+;66.7	A	9/9	contiguous	22787	1	1	61735..62280+;181;unnamed;0
CP056583.1	MPF_F	IncFII(K);repB(R1701)	156	0	0	GA	0															not_admitted	not_admitted	not_admitted	not_admitted	not_admitted	not_admitted	not_admitted	not_admitted	not_admitted	not_admitted	1	131;105114;106103;+;366.0	141;111594;112964;+;380.7	137;109640;110392;+;230.7	127;101032;103671;+;258.5	142;112964;115807;+;346.5	119;96349;97773;+;89.2	127;101032;103671;+;88.7	117;95056;95622;+;169.3	132;106116;106754;+;67.0	133;106813;108768;+;259.7	146;118392;120704;+;392.8	120;97887;98471;+;55.4	146;118392;120704;+;65.9	A	9/9	contiguous	23336	1	1	115818..116342+;174;unnamed;0
CP056585.1	MPF_F	IncFIA;IncFIB(AP001918);IncFII	147	0	0	GA	0															not_admitted	not_admitted	not_admitted	not_admitted	not_admitted	not_admitted	not_admitted	not_admitted	not_admitted	not_admitted	1	96;109097;110089;-;369.3	86;102040;103413;-;373.5	92;105625;106368;-;235.0	99;111098;113725;-;304.6	85;99227;102043;-;387.9	106;115884;117311;-;90.9	99;111098;113725;-;98.5	108;118026;118592;-;183.8	95;108450;109088;-;68.4	94;106645;108453;-;268.3	82;95512;97665;-;391.5	102;114241;114756;-;78.4	82;95512;97665;-;69.2	A	9/9	contiguous	22514	1	1	98673..99194-;173;unnamed;0
CP056599.1	MPF_F	IncFIA;IncFIB(AP001918);IncFII(pRSB107)	155	0	0	GA	0															not_admitted	not_admitted	not_admitted	not_admitted	not_admitted	not_admitted	not_admitted	not_admitted	not_admitted	not_admitted	1	91;75698;76690;-;369.5	78;66566;67939;-;386.6	86;71849;72592;-;231.4	94;77699;80326;-;303.9	77;63750;66569;-;386.3	100;82211;83662;-;94.2	94;77699;80326;-;96.5	102;84377;84943;-;184.3	89;74716;75354;-;68.7	88;72869;74719;-;266.7	73;59267;61492;-;391.7	97;80842;81357;-;75.2	73;59267;61492;-;70.3	A	9/9	contiguous	25110	1	1	63234..63725-;163;TraS;0
CP056605.1	MPF_F	IncFIB(AP001918);IncFII(pRSB107)	129	0	0	GA	0															not_admitted	not_admitted	not_admitted	not_admitted	not_admitted	not_admitted	not_admitted	not_admitted	not_admitted	not_admitted	1	68;59113;60105;+;369.5	81;66952;68325;+;382.9	75;64269;65012;+;234.4	65;55477;58104;+;300.9	82;68322;71147;+;385.9	58;51890;53317;+;91.8	65;55477;58104;+;101.1	56;50609;51175;+;182.3	70;60734;61372;+;69.5	73;62184;63992;+;268.4	86;73389;75578;+;391.8	62;54446;54961;+;77.6	86;73389;75578;+;70.3	A	9/9	contiguous	22780	1	1	71144..71653+;169;unnamed;0
CP056609.1	MPF_F	IncFIC(FII)	164	0	0	GA	0															not_admitted	not_admitted	not_admitted	not_admitted	not_admitted	not_admitted	not_admitted	not_admitted	not_admitted	not_admitted	1	52;44327;45319;+;369.5	66;53473;54846;+;382.9	60;50802;51545;+;232.8	49;40688;43318;+;300.9	67;54843;57668;+;386.5	38;34024;35475;+;93.9	49;40688;43318;+;101.1	36;32743;33309;+;182.3	53;45328;45966;+;70.8	58;49347;50525;+;268.8	71;59910;62162;+;382.0	42;36579;37094;+;81.5	71;59910;62162;+;66.8	A	9/9	contiguous	27167	1	1	57665..58174+;169;unnamed;0
CP056614.1	MPF_F	IncFIC(FII)	164	0	0	GA	0															not_admitted	not_admitted	not_admitted	not_admitted	not_admitted	not_admitted	not_admitted	not_admitted	not_admitted	not_admitted	1	52;44327;45319;+;369.5	66;53473;54846;+;382.9	60;50802;51545;+;232.8	49;40688;43318;+;300.9	67;54843;57668;+;386.5	38;34024;35475;+;93.9	49;40688;43318;+;101.1	36;32743;33309;+;182.3	53;45328;45966;+;70.8	58;49347;50525;+;268.8	71;59910;62162;+;382.0	42;36579;37094;+;81.5	71;59910;62162;+;66.8	A	9/9	contiguous	27167	1	1	57665..58174+;169;unnamed;0
CP056627.1	MPF_T	IncY;pESA2	164	0	0	GA	1	97;81926;82636;-;48.1	96;81624;81929;-;73.1	95;78873;81611;-;49.1	95;78873;81611;-;153.1	95;78873;81611;-;34.5	94;78148;78855;-;143.2	92;76821;77894;-;160.6		90;75917;76600;-;197.2	89;75012;75917;-;154.7	88;73726;74976;-;147.0	86;72711;73586;-;66.6	82;69122;70858;-;40.6		pfam	pfam_only	A	7/7	canonical	1	1	unscoreable	6	0	0														not_admitted	not_admitted	not_admitted	not_admitted	not_admitted	not_admitted	not_admitted
CP056643.1	MPF_F	IncFIB(AP001918);IncFII(29)	151	0	0	GA	0															not_admitted	not_admitted	not_admitted	not_admitted	not_admitted	not_admitted	not_admitted	not_admitted	not_admitted	not_admitted	1	88;73023;74021;+;349.2	98;80937;82343;+;340.7	93;78122;78907;+;217.6	83;68759;71398;+;249.6	99;82343;85195;+;315.5	81;66904;68238;+;97.2	83;68759;71398;+;117.8	79;65579;66157;+;126.2	91;75584;76189;+;56.1	92;76186;78120;+;240.3	104;88282;90468;+;375.2	82;68250;68762;+;60.4	104;88282;90468;+;60.2	A	9/9	contiguous	22703	1	1	85209..86102+;297;unnamed;0
CP056656.1	MPF_F	IncFIB(pQil);IncFII(pKP91)	141	0	0	GA	0															not_admitted	not_admitted	not_admitted	not_admitted	not_admitted	not_admitted	not_admitted	not_admitted	not_admitted	not_admitted	1	68;60656;61645;-;366.6	58;53795;55165;-;383.8	62;56367;57119;-;233.2	72;63088;65727;-;257.3	57;50922;53795;-;347.6	80;68921;70345;-;89.2	72;63088;65727;-;87.7	82;71072;71638;-;168.5	67;60005;60643;-;66.9	66;57991;59946;-;259.7	54;47060;49369;-;393.1	79;68223;68807;-;54.4	54;47060;49369;-;66.6	A	9/9	contiguous	24012	1	1	50378..50911-;177;unnamed;0
CP056669.1	MPF_F	IncFIB(K);IncFII(K);IncFII(pAR0022)	250	0	0	GA	0															not_admitted	not_admitted	not_admitted	not_admitted	not_admitted	not_admitted	not_admitted	not_admitted	not_admitted	not_admitted	1	165;164343;165332;-;366.6	155;157429;158796;-;382.0	159;160054;160806;-;233.7	169;166775;169414;-;258.5	154;154580;157429;-;346.4	177;172609;174033;-;89.2	169;166775;169414;-;88.7	179;174760;175326;-;169.3	164;163692;164330;-;67.0	163;161678;163633;-;259.2	147;148742;151054;-;393.1	176;171911;172495;-;54.3	147;148742;151054;-;66.6	A	9/9	contiguous	26018	1	1	154047..154577-;176;unnamed;0
CP056670.1	MPF_F	IncFII(Yp)	79	0	0	GA	0															not_admitted	not_admitted	not_admitted	not_admitted	not_admitted	not_admitted	not_admitted	not_admitted	not_admitted	not_admitted	1	56;40282;41274;+;362.9	65;46364;47734;+;378.1	62;44828;45580;+;223.8	53;36617;39256;+;259.1	66;47734;50613;+;342.9	43;31433;32854;+;87.4	53;36617;39256;+;83.9	41;30140;30706;+;167.2	57;41287;41925;+;66.0	58;41984;43939;+;255.2	68;51383;53683;+;390.5	45;33315;33878;+;55.8	68;51383;53683;+;65.8	A	9/9	contiguous	21243	1	1	50616..51146+;176;unnamed;0
CP056767.1	MPF_F	IncFIB(pENTE01);IncFII(pECLA);repE(pEh60-7)	175	0	0	GA	0															not_admitted	not_admitted	not_admitted	not_admitted	not_admitted	not_admitted	not_admitted	not_admitted	not_admitted	not_admitted	1	92;72933;73931;+;358.7	101;79198;80562;+;359.5	95;76412;77194;+;214.0	84;67440;70046;+;214.0	102;80562;83975;+;307.7	77;63372;64775;+;90.4	84;67440;70046;+;94.5	75;62042;62623;+;102.2	93;73942;74565;+;63.9	94;74562;76415;+;214.8	106;86118;88718;+;360.7	82;66665;67204;+;46.3	106;86118;88718;+;70.9	A	9/9	contiguous	24076	1	1	83988..84584+;198;unnamed;0
CP056787.1	MPF_F	IncFIA;IncFIB(AP001918);IncFII	193	0	0	GA	0															not_admitted	not_admitted	not_admitted	not_admitted	not_admitted	not_admitted	not_admitted	not_admitted	not_admitted	not_admitted	1	123;109907;110899;-;367.4	112;102848;104221;-;380.9	119;106435;107178;-;235.0	126;111908;114535;-;305.4	111;100026;102851;-;385.9	132;116590;118017;-;94.3	126;111908;114535;-;98.5	134;118732;119298;-;182.1	122;109260;109898;-;68.6	121;107455;109263;-;268.3	108;96334;98523;-;391.3	128;115051;115566;-;78.4	108;96334;98523;-;70.4	A	9/9	contiguous	22398	1	1	99520..100029-;169;unnamed;0
CP056795.1	MPF_F	IncFIB(pNDM-Mar);IncHI1B(pNDM-MAR)	229	0	0	GA	0															not_admitted	not_admitted	not_admitted	not_admitted	not_admitted	not_admitted	not_admitted	not_admitted	not_admitted	not_admitted	1	160;136811;137848;-;282.3	76;57563;58972;+;190.4	75;56536;57573;+;175.1	173;148683;151400;-;149.2	77;58974;62882;+;122.7	177;153513;154883;-;63.4	173;148683;151400;-;83.2	180;156529;157389;-;79.0	161;137845;139206;-;69.9	159;133619;136801;-;59.7	68;47205;49331;-;57.8	174;151445;152182;-;57.6	68;47205;49331;-;41.0	A	9/9	split_2	109324	0	1	
CP056798.1	MPF_F	IncFII(pRSB107)	80	0	0	GA	0															not_admitted	not_admitted	not_admitted	not_admitted	not_admitted	not_admitted	not_admitted	not_admitted	not_admitted	not_admitted	1	54;41770;42762;+;369.5	67;49955;51328;+;381.7	62;47282;48025;+;233.1	51;38131;40761;+;305.1	68;51325;54147;+;370.9	43;33436;34863;+;94.7	51;38131;40761;+;97.3	41;32155;32721;+;172.8	57;43705;44343;+;70.1	60;45155;47005;+;266.5	72;56419;58716;+;391.6	47;35991;36506;+;78.9	72;56419;58716;+;70.3	A	9/9	contiguous	24264	1	1	54169..54648+;159;TraS;0
CP056799.1	MPF_T	-	48	0	0	GA	1	15;13085;13858;+;21.6	4;3526;3909;+;68.3	5;3912;4238;+;50.2	6;4235;6778;+;99.2	6;4235;6778;+;108.9	11;10245;11015;+;107.5	13;11155;12750;+;119.6		7;6775;7482;+;88.1	8;7498;8388;+;156.2	10;8838;10232;+;218.2	3;2456;3412;+;133.6	30;26237;28180;-;443.4		conjscan	conjscan_only	A	7/7	canonical	1	0	unscoreable	4	0	0														not_admitted	not_admitted	not_admitted	not_admitted	not_admitted	not_admitted	not_admitted
CP056811.1	MPF_F	IncFIB(AP001918);IncFIC(FII)	135	0	0	GA	0															not_admitted	not_admitted	not_admitted	not_admitted	not_admitted	not_admitted	not_admitted	not_admitted	not_admitted	not_admitted	1	87;96695;97687;-;369.3	78;89577;90995;-;380.8	83;93223;93966;-;233.3	90;98696;101323;-;306.8	77;86761;89580;-;387.2	97;103378;104805;-;94.1	90;98696;101323;-;99.8	99;105520;106086;-;183.0	86;96048;96686;-;68.7	85;94243;96051;-;266.3	74;83070;85223;-;392.7	93;101839;102354;-;75.8	74;83070;85223;-;68.4	A	9/9	contiguous	22450	0	1	
CP056812.1	MPF_T	pSL483	47	0	0	GA	1	3;2284;2961;+;29.7			6;3718;6243;+;58.7	6;3718;6243;+;38.4	7;6212;6907;+;83.1	45;34185;35237;-;92.4		8;7132;7923;+;138.5	9;7944;8732;+;168.9	10;8725;9951;+;158.0	11;10028;11089;+;79.4	12;11111;13132;+;312.0		pfam	pfam_only	A	7/7	uncallable	0	0	unscoreable	2	0	0														not_admitted	not_admitted	not_admitted	not_admitted	not_admitted	not_admitted	not_admitted
CP056819.1	MPF_F	IncFIB(AP001918);IncFII	94	0	0	GA	0															not_admitted	not_admitted	not_admitted	not_admitted	not_admitted	not_admitted	not_admitted	not_admitted	not_admitted	not_admitted	1	46;41973;42965;-;369.5	28;32356;33507;-;320.6	38;36710;37453;-;234.4	49;43974;46604;-;297.8	27;29540;32359;-;373.5	56;49872;51323;-;93.8	49;43974;46604;-;99.0	58;52038;52604;-;174.3	43;40392;41030;-;70.8	40;37730;39580;-;270.8	23;25063;27270;-;391.7	53;48497;49012;-;82.8	23;25063;27270;-;70.3	A	9/9	contiguous	26975	1	1	29024..29515-;163;TraS;0
CP056820.1	MPF_T	-	48	0	0	GA	1	24;20677;21324;-;42.8	23;20403;20699;-;66.8	22;17628;20381;-;44.2	22;17628;20381;-;148.1	22;17628;20381;-;74.9	21;16859;17617;-;67.3	19;15432;16562;-;103.0		18;14473;15186;-;120.1	17;13539;14468;-;133.8	16;12337;13542;-;132.5	15;11304;12335;-;76.5	14;9466;11301;-;488.6		pfam	pfam_only	A	7/7	canonical	1	1	unscoreable	1	0	0														not_admitted	not_admitted	not_admitted	not_admitted	not_admitted	not_admitted	not_admitted
CP056843.1	MPF_F	IncFII(29);IncX1	134	0	0	GA	0															not_admitted	not_admitted	not_admitted	not_admitted	not_admitted	not_admitted	not_admitted	not_admitted	not_admitted	not_admitted	1	108;85752;86744;+;369.2	121;93156;94529;+;376.8	115;90478;91221;+;234.3	105;82116;84743;+;306.8	122;94526;97348;+;389.2	100;78777;80204;+;93.9	105;82116;84743;+;99.7	98;77496;78062;+;183.8	110;87088;87726;+;68.7	113;88438;90201;+;268.1	126;99620;101881;+;391.6	103;81085;81600;+;78.4	126;99620;101881;+;70.3	A	9/9	contiguous	22124	1	1	97369..97866+;165;TraS;0
CP056847.1	MPF_F	IncFIB(AP001918);IncFII(pCoo)	164	0	0	GA	0															not_admitted	not_admitted	not_admitted	not_admitted	not_admitted	not_admitted	not_admitted	not_admitted	not_admitted	not_admitted	1	100;103576;104568;-;370.2	92;97507;98880;-;380.4	96;100101;100844;-;233.3	103;105577;108204;-;303.5	91;94688;97510;-;386.8	107;110116;111543;-;94.3	103;105577;108204;-;100.3	109;112258;112824;-;183.8	99;102929;103567;-;68.3	98;101124;102932;-;268.2	88;90929;93154;-;391.7	104;108720;109235;-;78.0	88;90929;93154;-;70.3	A	9/9	contiguous	21329	1	1	94170..94667-;165;TraS;0
CP056866.1	MPF_T	IncX3	59	0	0	GA	1	17;15606;16250;-;46.4	16;15332;15622;-;73.1	15;12554;15307;-;47.0	15;12554;15307;-;145.4	15;12554;15307;-;73.3	14;11774;12544;-;60.1	12;10440;11495;-;133.2		11;9517;10245;-;119.4	10;8582;9511;-;138.8	9;7371;8585;-;128.3	7;6141;7175;-;65.7	6;4303;6138;-;495.9		pfam	pfam_only	A	7/7	canonical	1	1	unscoreable	2	0	0														not_admitted	not_admitted	not_admitted	not_admitted	not_admitted	not_admitted	not_admitted
CP056868.1	MPF_F	IncFIB(AP001918);IncFIC(FII)	162	0	0	GA	0															not_admitted	not_admitted	not_admitted	not_admitted	not_admitted	not_admitted	not_admitted	not_admitted	not_admitted	not_admitted	1	75;83793;84785;-;367.4	64;76734;78110;-;378.0	71;80321;81064;-;233.4	78;85794;88421;-;305.4	63;73915;76737;-;389.5	85;90476;91903;-;94.3	78;85794;88421;-;98.5	87;92618;93184;-;183.8	74;83146;83784;-;68.4	73;81341;83149;-;268.4	60;70197;72386;-;391.8	81;88937;89452;-;78.4	60;70197;72386;-;70.3	A	9/9	contiguous	22421	1	1	73402..73893-;163;TraS;0
CP056871.1	MPF_F	IncFIA;IncFIB(AP001918)	104	0	0	GA	0															not_admitted	not_admitted	not_admitted	not_admitted	not_admitted	not_admitted	not_admitted	not_admitted	not_admitted	not_admitted	1	41;37570;38562;-;367.4	30;30511;31884;-;380.9	37;34098;34841;-;235.0	44;39571;42198;-;305.4	29;27689;30514;-;385.9	50;44253;45680;-;94.3	44;39571;42198;-;98.5	52;46395;46961;-;183.8	40;36923;37561;-;68.6	39;35118;36926;-;268.3	26;24447;26186;-;392.2	46;42714;43229;-;78.4	26;24447;26186;-;70.9	A	9/9	contiguous	21948	1	1	27183..27692-;169;unnamed;0
CP056872.1	MPF_F	IncFII(pSE11)	83	0	0	GA	0															not_admitted	not_admitted	not_admitted	not_admitted	not_admitted	not_admitted	not_admitted	not_admitted	not_admitted	not_admitted	1	55;45579;46571;+;369.5	67;52625;53998;+;381.7	60;49677;50420;+;234.4	52;41940;44570;+;297.8	68;53995;56820;+;374.0	45;37471;38898;+;93.9	52;41940;44570;+;98.7	43;36190;36756;+;174.3	57;46915;47553;+;68.5	58;47550;49400;+;271.9	72;59062;61296;+;391.7	48;39782;40297;+;78.4	72;59062;61296;+;70.3	A	9/9	contiguous	22872	1	1	56817..57326+;169;unnamed;0
CP056874.1	MPF_F	IncFIA;IncFIB(AP001918)	104	0	0	GA	0															not_admitted	not_admitted	not_admitted	not_admitted	not_admitted	not_admitted	not_admitted	not_admitted	not_admitted	not_admitted	1	41;37570;38562;-;367.4	30;30511;31884;-;380.9	37;34098;34841;-;235.0	44;39571;42198;-;305.4	29;27689;30514;-;385.9	50;44253;45680;-;94.3	44;39571;42198;-;98.5	52;46395;46961;-;183.8	40;36923;37561;-;68.6	39;35118;36926;-;268.3	26;24447;26186;-;392.2	46;42714;43229;-;78.4	26;24447;26186;-;70.9	A	9/9	contiguous	21948	1	1	27183..27692-;169;unnamed;0
CP056875.1	MPF_F	IncFII(pSE11)	84	0	0	GA	0															not_admitted	not_admitted	not_admitted	not_admitted	not_admitted	not_admitted	not_admitted	not_admitted	not_admitted	not_admitted	1	56;48333;49325;+;369.5	68;55379;56752;+;381.7	61;52431;53174;+;234.4	53;44694;47324;+;297.8	69;56749;59574;+;374.0	46;40225;41652;+;93.9	53;44694;47324;+;98.7	44;38944;39510;+;174.3	58;49669;50307;+;68.5	59;50304;52154;+;271.9	73;61816;64050;+;391.7	49;42536;43051;+;78.4	73;61816;64050;+;70.3	A	9/9	contiguous	22872	1	1	59571..60080+;169;unnamed;0
CP056877.1	MPF_F	Col156;IncFIA;IncFIB(pB171);IncFII(pRSB107)	175	0	0	GA	0															not_admitted	not_admitted	not_admitted	not_admitted	not_admitted	not_admitted	not_admitted	not_admitted	not_admitted	not_admitted	1	138;127648;128640;-;369.5	125;118516;119889;-;386.6	133;123799;124542;-;231.4	141;129649;132276;-;303.9	124;115700;118519;-;386.3	147;134161;135612;-;94.1	141;129649;132276;-;96.5	149;136327;136893;-;184.3	136;126666;127304;-;68.7	135;124819;126669;-;266.8	120;111253;113442;-;391.8	144;132792;133307;-;75.2	120;111253;113442;-;70.3	A	9/9	contiguous	25074	1	1	115184..115675-;163;TraS;0
CP056903.1	MPF_F	IncFIC(FII)	161	0	0	GA	0															not_admitted	not_admitted	not_admitted	not_admitted	not_admitted	not_admitted	not_admitted	not_admitted	not_admitted	not_admitted	1	52;44327;45319;+;369.5	66;53473;54846;+;382.9	60;50802;51545;+;232.8	49;40688;43318;+;300.9	67;54843;57668;+;386.5	38;34024;35475;+;93.9	49;40688;43318;+;101.1	36;32743;33309;+;182.3	53;45328;45966;+;70.8	58;49347;50525;+;268.8	71;59910;62144;+;382.0	42;36579;37094;+;81.5	71;59910;62144;+;66.8	A	9/9	contiguous	27167	1	1	57665..58174+;169;unnamed;0
CP056908.1	MPF_F	IncFII(SARC14);IncFII(p14)	104	0	0	GA	0															not_admitted	not_admitted	not_admitted	not_admitted	not_admitted	not_admitted	not_admitted	not_admitted	not_admitted	not_admitted	1	88;76805;77806;+;355.1	93;81676;83037;+;334.4	91;80260;81039;+;197.0	85;73152;75743;+;219.6	94;83039;85936;+;294.5	80;70147;71508;+;83.7	85;73152;75743;+;88.7	78;68867;69430;+;145.8	89;77817;78437;+;80.0	90;78434;80263;+;256.0	97;87576;89825;+;376.3	84;72528;73142;+;49.4	97;87576;89825;+;67.3	A	9/9	contiguous	18709	1	1	85948..86508+;186;unnamed;0
CP056915.1	MPF_F	IncFIB(AP001918);IncFII	140	0	0	GA	0															not_admitted	not_admitted	not_admitted	not_admitted	not_admitted	not_admitted	not_admitted	not_admitted	not_admitted	not_admitted	1	82;93411;94403;-;369.3	73;86976;88349;-;381.0	78;89939;90682;-;231.6	85;95412;98039;-;306.4	72;84154;86979;-;386.0	91;100094;101521;-;94.3	85;95412;98039;-;98.5	93;102236;102802;-;183.3	81;92764;93402;-;68.7	80;90959;92767;-;267.9	66;79720;81873;-;391.8	87;98555;99070;-;77.3	66;79720;81873;-;70.4	A	9/9	contiguous	22516	1	1	84017..84157-;46;unnamed;0
CP056922.1	MPF_F	IncFII(29)	105	0	0	GA	0															not_admitted	not_admitted	not_admitted	not_admitted	not_admitted	not_admitted	not_admitted	not_admitted	not_admitted	not_admitted	1	80;66668;67660;+;369.3	91;73707;75083;+;381.0	86;71377;72120;+;235.0	77;63032;65659;+;303.1	92;75080;77923;+;373.9	70;59446;60873;+;94.3	77;63032;65659;+;99.3	68;58165;58731;+;183.8	83;68657;69295;+;68.6	84;69292;71100;+;268.3	95;79457;81844;+;391.4	74;62001;62516;+;78.4	95;79457;81844;+;70.2	A	9/9	contiguous	21292	1	1	77945..78424+;159;TraS;0
CP056923.1	MPF_T	IncI2(Delta)	80	0	0	GA	1	43;31518;32000;-;81.1		58;47594;47878;-;36.6	57;45231;47588;-;60.7	57;45231;47588;-;44.0	68;52909;53553;-;41.0	69;53559;54554;-;123.5		55;44331;45065;-;144.4	54;43564;44334;-;170.4	53;42435;43574;-;154.7	46;33768;35306;-;207.1	51;39371;41329;-;283.3		pfam	pfam_only	A	7/7	rearranged	1	0	unscoreable	15	0	0														not_admitted	not_admitted	not_admitted	not_admitted	not_admitted	not_admitted	not_admitted
CP056929.1	MPF_F	IncFIB(AP001918);IncFII(29)	162	0	0	GA	0															not_admitted	not_admitted	not_admitted	not_admitted	not_admitted	not_admitted	not_admitted	not_admitted	not_admitted	not_admitted	1	99;98125;99117;-;371.9	88;91065;92438;-;377.6	95;94652;95395;-;235.0	102;100126;102753;-;305.4	87;88246;91068;-;389.1	109;104912;106339;-;94.3	102;100126;102753;-;98.3	111;107054;107620;-;183.8	98;97478;98116;-;68.4	97;95673;97481;-;268.3	84;84565;86718;-;391.8	105;103269;103784;-;78.4	84;84565;86718;-;70.4	A	9/9	contiguous	22489	1	1	87733..88224-;163;TraS;0
CP056930.1	MPF_T	IncI2(Delta)	80	0	0	GA	1	43;31522;32004;-;81.1		58;47598;47882;-;36.6	57;45235;47592;-;60.7	57;45235;47592;-;44.0	68;52913;53557;-;41.0	69;53563;54558;-;123.5		55;44335;45069;-;144.4	54;43568;44338;-;170.4	53;42439;43578;-;154.7	46;33772;35310;-;207.1	51;39375;41333;-;283.3		pfam	pfam_only	A	7/7	rearranged	1	0	unscoreable	15	0	0														not_admitted	not_admitted	not_admitted	not_admitted	not_admitted	not_admitted	not_admitted
CP056934.1	MPF_F	IncFIB(AP001918);IncFII(pCoo)	108	0	0	GA	0															not_admitted	not_admitted	not_admitted	not_admitted	not_admitted	not_admitted	not_admitted	not_admitted	not_admitted	not_admitted	1	55;68265;69257;-;369.3	44;61246;62619;-;380.9	51;64793;65536;-;233.8	58;70266;72791;-;305.5	43;58433;61249;-;385.5	67;76313;77740;-;94.3	58;70266;72791;-;98.7	69;78455;79021;-;182.9	54;67618;68256;-;68.4	53;65813;67621;-;268.3	40;54717;56870;-;391.0	63;74670;75185;-;73.6	40;54717;56870;-;69.2	A	9/9	contiguous	23738	1	1	57879..58400-;173;unnamed;0
CP056941.1	MPF_F	IncFII	77	0	0	GA	0															not_admitted	not_admitted	not_admitted	not_admitted	not_admitted	not_admitted	not_admitted	not_admitted	not_admitted	not_admitted	1	49;38491;39483;+;369.3	62;46157;47530;+;377.6	55;43200;43943;+;235.0	46;34855;37482;+;303.1	63;47527;50349;+;389.1	41;31269;32696;+;94.3	46;34855;37482;+;99.3	39;29988;30554;+;183.8	52;40480;41118;+;68.6	53;41115;42923;+;268.3	66;51877;54030;+;391.8	45;33824;34339;+;78.4	66;51877;54030;+;70.4	A	9/9	contiguous	21889	1	1	50371..50862+;163;TraS;0
CP056948.1	MPF_F	IncFII(29)	74	0	0	GA	0															not_admitted	not_admitted	not_admitted	not_admitted	not_admitted	not_admitted	not_admitted	not_admitted	not_admitted	not_admitted	1	50;40507;41499;+;369.3	61;47546;48922;+;381.0	56;45216;45959;+;234.4	47;36871;39498;+;305.1	62;48919;51762;+;373.9	41;33374;34801;+;94.3	47;36871;39498;+;99.0	39;32093;32659;+;183.8	53;42496;43134;+;67.1	54;43131;44939;+;268.0	65;53296;55521;+;391.7	45;35840;36355;+;77.4	65;53296;55521;+;70.3	A	9/9	contiguous	21203	1	1	51784..52263+;159;TraS;0
CP056956.1	MPF_F	IncFIA;IncFIB(AP001918);IncFIC(FII)	168	0	0	GA	0															not_admitted	not_admitted	not_admitted	not_admitted	not_admitted	not_admitted	not_admitted	not_admitted	not_admitted	not_admitted	1	101;94275;95267;-;364.3	90;87216;88589;-;378.0	97;90803;91546;-;234.5	104;96276;98903;-;305.4	89;84397;87219;-;389.5	109;100957;102384;-;94.3	104;96276;98903;-;98.5	111;103099;103665;-;183.8	100;93628;94266;-;68.4	99;91823;93631;-;268.4	86;80715;82868;-;391.9	106;99419;99934;-;78.4	86;80715;82868;-;70.4	A	9/9	contiguous	22384	1	1	83884..84375-;163;TraS;0
CP056975.1	MPF_F	IncFIB(AP001918);IncFIC(FII)	109	0	0	GA	0															not_admitted	not_admitted	not_admitted	not_admitted	not_admitted	not_admitted	not_admitted	not_admitted	not_admitted	not_admitted	1	45;43538;44530;-;369.3	36;37103;38476;-;381.0	41;40066;40809;-;231.1	48;45539;48169;-;306.8	35;34281;37106;-;387.5	56;51607;53034;-;94.7	48;45539;48169;-;99.2	58;53749;54315;-;182.3	44;42891;43529;-;68.6	43;41086;42894;-;268.3	32;30562;32778;-;390.7	53;50208;50723;-;76.4	32;30562;32778;-;70.3	A	9/9	contiguous	23187	1	1	33775..34284-;169;unnamed;0
CP056977.1	MPF_F	IncFII(pCoo)	106	0	0	GA	0															not_admitted	not_admitted	not_admitted	not_admitted	not_admitted	not_admitted	not_admitted	not_admitted	not_admitted	not_admitted	1	81;63199;64191;+;369.5	92;69933;71306;+;376.8	86;67255;67998;+;234.4	78;59560;62190;+;300.9	93;71303;74125;+;389.2	69;54078;55505;+;93.9	78;59560;62190;+;101.1	67;52797;53363;+;182.3	83;64535;65173;+;70.7	84;65170;66978;+;268.3	97;76397;78685;+;391.6	73;56627;57142;+;77.9	97;76397;78685;+;70.3	A	9/9	contiguous	23600	1	1	74146..74643+;165;TraS;0
CP056978.1	MPF_T	IncN	59	0	0	GA	1	12;8452;9186;+;32.5	14;9486;9779;+;28.7	15;9829;10146;+;63.3	16;10146;12746;+;111.8	16;10146;12746;+;76.8	17;12764;13477;+;97.1	19;13728;14768;+;153.6		20;14987;15685;+;131.9	21;15696;16580;+;159.0	22;16580;17740;+;154.9	23;17782;18777;+;81.2	39;36969;37859;-;40.1		pfam	both	A	7/7	canonical	1	0	unscoreable	2	0	0														not_admitted	not_admitted	not_admitted	not_admitted	not_admitted	not_admitted	not_admitted
CP056986.1	MPF_F	IncHI2;IncHI2A;IncQ1	231	0	0	GA	0															not_admitted	not_admitted	not_admitted	not_admitted	not_admitted	not_admitted	not_admitted	not_admitted	not_admitted	not_admitted	1	38;37357;38415;+;276.9			19;13767;16448;+;168.0		15;10082;11437;+;80.7	19;13767;16448;+;72.2	12;7810;8358;+;56.6	36;35704;37215;+;62.0	39;38434;41622;+;57.3		18;12808;13758;+;46.1		C	6/9	split_2	30624	0	1	
CP056987.1	MPF_F	IncFIB(AP001918);IncFIC(FII)	147	0	0	GA	0															not_admitted	not_admitted	not_admitted	not_admitted	not_admitted	not_admitted	not_admitted	not_admitted	not_admitted	not_admitted	1	60;60461;61453;-;369.3	49;53402;54778;-;378.0	56;56989;57732;-;235.0	63;62462;65089;-;306.4	48;50583;53405;-;389.5	70;67248;68675;-;92.1	63;62462;65089;-;98.5	72;69390;69956;-;183.8	59;59814;60452;-;68.4	58;58009;59817;-;268.3	45;46903;49056;-;391.5	66;65605;66120;-;78.4	45;46903;49056;-;69.2	A	9/9	contiguous	22487	1	1	50070..50561-;163;TraS;0
CP057008.1	MPF_F	IncHI2;IncHI2A;IncQ1	241	0	0	GA	0															not_admitted	not_admitted	not_admitted	not_admitted	not_admitted	not_admitted	not_admitted	not_admitted	not_admitted	not_admitted	1	27;31209;32267;+;276.9	155;150238;151653;-;194.1	156;151643;152689;-;174.3	11;8955;11636;+;168.0	154;146276;150229;-;101.6	7;5270;6625;+;80.7	11;8955;11636;+;72.2	4;2758;3546;+;74.8	25;29556;31067;+;62.0	28;32286;35474;+;57.3	163;159731;161815;+;56.8	10;7996;8946;+;46.1	163;159731;161815;+;38.8	A	9/9	split_3	156973	1	1	144806..146095-;429;unnamed;0
CP057013.1	MPF_F	IncFIB(AP001918);IncFII(pCoo)	90	0	0	GA	0															not_admitted	not_admitted	not_admitted	not_admitted	not_admitted	not_admitted	not_admitted	not_admitted	not_admitted	not_admitted	1	39;50215;51207;-;369.3	30;43800;45173;-;377.0	35;46740;47483;-;234.7	44;53785;56427;-;303.4	29;40978;43803;-;383.7	51;58482;59909;-;94.2	44;53785;56427;-;100.3	53;60624;61190;-;182.9	38;49568;50206;-;68.7	37;47763;49571;-;268.1	26;37268;39475;-;391.8	47;56943;57458;-;78.4	26;37268;39475;-;70.3	A	9/9	contiguous	23356	1	1	40472..40981-;169;unnamed;0
CP057015.1	MPF_F	IncFIB(AP001918);IncFII(pCoo)	90	0	0	GA	0															not_admitted	not_admitted	not_admitted	not_admitted	not_admitted	not_admitted	not_admitted	not_admitted	not_admitted	not_admitted	1	39;50215;51207;-;369.3	30;43800;45173;-;377.0	35;46740;47483;-;234.7	44;53785;56427;-;303.4	29;40978;43803;-;383.7	51;58482;59909;-;94.2	44;53785;56427;-;100.3	53;60624;61190;-;182.9	38;49568;50206;-;68.7	37;47763;49571;-;268.1	26;37268;39475;-;391.8	47;56943;57458;-;78.4	26;37268;39475;-;70.3	A	9/9	contiguous	23356	1	1	40472..40981-;169;unnamed;0
CP057017.1	MPF_F	IncFIB(AP001918);IncFII(pCoo)	90	0	0	GA	0															not_admitted	not_admitted	not_admitted	not_admitted	not_admitted	not_admitted	not_admitted	not_admitted	not_admitted	not_admitted	1	39;50215;51207;-;369.3	30;43800;45173;-;377.0	35;46740;47483;-;234.7	44;53785;56427;-;303.4	29;40978;43803;-;383.7	51;58482;59909;-;94.2	44;53785;56427;-;100.3	53;60624;61190;-;182.9	38;49568;50206;-;68.7	37;47763;49571;-;268.1	26;37268;39475;-;391.8	47;56943;57458;-;78.4	26;37268;39475;-;70.3	A	9/9	contiguous	23356	1	1	40472..40981-;169;unnamed;0
CP057023.1	MPF_F	IncFIB(AP001918);IncFII(pCoo)	90	0	0	GA	0															not_admitted	not_admitted	not_admitted	not_admitted	not_admitted	not_admitted	not_admitted	not_admitted	not_admitted	not_admitted	1	39;50215;51207;-;369.3	30;43800;45173;-;377.0	35;46740;47483;-;234.7	44;53785;56427;-;303.4	29;40978;43803;-;383.7	51;58482;59909;-;94.2	44;53785;56427;-;100.3	53;60624;61190;-;182.9	38;49568;50206;-;68.7	37;47763;49571;-;268.1	26;37268;39475;-;391.8	47;56943;57458;-;78.4	26;37268;39475;-;70.3	A	9/9	contiguous	23356	1	1	40472..40981-;169;unnamed;0
CP057025.1	MPF_F	IncFIB(AP001918);IncFII(pCoo)	90	0	0	GA	0															not_admitted	not_admitted	not_admitted	not_admitted	not_admitted	not_admitted	not_admitted	not_admitted	not_admitted	not_admitted	1	39;50215;51207;-;369.3	30;43800;45173;-;377.0	35;46740;47483;-;234.7	44;53785;56427;-;303.4	29;40978;43803;-;383.7	51;58482;59909;-;94.2	44;53785;56427;-;100.3	53;60624;61190;-;182.9	38;49568;50206;-;68.7	37;47763;49571;-;268.1	26;37268;39475;-;391.8	47;56943;57458;-;78.4	26;37268;39475;-;70.3	A	9/9	contiguous	23356	1	1	40472..40981-;169;unnamed;0
CP057027.1	MPF_F	IncFIB(AP001918);IncFII(pCoo)	90	0	0	GA	0															not_admitted	not_admitted	not_admitted	not_admitted	not_admitted	not_admitted	not_admitted	not_admitted	not_admitted	not_admitted	1	39;50215;51207;-;369.3	30;43800;45173;-;377.0	35;46740;47483;-;234.7	44;53785;56427;-;303.4	29;40978;43803;-;383.7	51;58482;59909;-;94.2	44;53785;56427;-;100.3	53;60624;61190;-;182.9	38;49568;50206;-;68.7	37;47763;49571;-;268.1	26;37268;39475;-;391.8	47;56943;57458;-;78.4	26;37268;39475;-;70.3	A	9/9	contiguous	23356	1	1	40472..40981-;169;unnamed;0
CP057039.1	MPF_F	IncFIA(HI1);IncFIB(pB171);IncFII(pCoo)	75	0	0	GA	0															not_admitted	not_admitted	not_admitted	not_admitted	not_admitted	not_admitted	not_admitted	not_admitted	not_admitted	not_admitted	1	37;47899;48891;-;368.4	26;40880;42253;-;380.9	33;44427;45170;-;234.6	40;49900;52527;-;305.4	25;38067;40883;-;387.9	46;54582;56009;-;94.3	40;49900;52527;-;98.5	48;56724;57290;-;183.8	36;47252;47890;-;68.7	35;45447;47255;-;268.9	22;34351;36504;-;391.5	42;53043;53558;-;78.4	22;34351;36504;-;69.2	A	9/9	contiguous	22373	1	1	37513..38034-;173;unnamed;0
CP057046.1	MPF_F	IncFIA;IncFIB(AP001918);IncFIC(FII)	138	0	0	GA	0															not_admitted	not_admitted	not_admitted	not_admitted	not_admitted	not_admitted	not_admitted	not_admitted	not_admitted	not_admitted	1	74;79607;80599;-;368.6	63;72548;73924;-;374.3	70;76135;76878;-;232.5	77;81608;84235;-;305.4	62;69735;72551;-;386.1	84;86290;87717;-;94.3	77;81608;84235;-;98.5	86;88432;88998;-;183.8	73;78960;79598;-;67.3	72;77155;78963;-;268.3	59;66019;68172;-;391.1	80;84751;85266;-;77.3	59;66019;68172;-;69.2	A	9/9	contiguous	22413	1	1	69181..69702-;173;unnamed;0
CP057048.1	MPF_T	pEC4115	50	0	0	GA	1	45;35650;36261;-;40.5	44;35364;35678;-;30.3	43;34986;35306;-;43.1	42;32611;34983;-;81.6	42;32611;34983;-;33.6	46;36329;36970;-;33.9	48;37196;38173;-;132.9		40;31743;32480;-;158.9	39;30967;31746;-;166.7	38;29835;30977;-;143.5	37;28816;29835;-;91.9	36;26798;28765;-;291.2		pfam	pfam_only	A	7/7	rearranged	1	0	unscoreable	2	0	0														not_admitted	not_admitted	not_admitted	not_admitted	not_admitted	not_admitted	not_admitted
CP057051.1	MPF_F	IncFIA;IncFIB(AP001918);IncFIC(FII)	138	0	0	GA	0															not_admitted	not_admitted	not_admitted	not_admitted	not_admitted	not_admitted	not_admitted	not_admitted	not_admitted	not_admitted	1	74;79607;80599;-;368.6	63;72548;73924;-;374.3	70;76135;76878;-;232.5	77;81608;84235;-;305.4	62;69735;72551;-;386.1	84;86290;87717;-;94.3	77;81608;84235;-;98.5	86;88432;88998;-;183.8	73;78960;79598;-;67.3	72;77155;78963;-;268.3	59;66019;68172;-;391.1	80;84751;85266;-;77.3	59;66019;68172;-;69.2	A	9/9	contiguous	22413	1	1	69181..69702-;173;unnamed;0
CP057053.1	MPF_T	pEC4115	50	0	0	GA	1	3;1973;2584;+;40.5	4;2556;2870;+;30.3	5;2928;3248;+;43.1	6;3251;5623;+;81.6	6;3251;5623;+;33.6	2;1264;1905;+;33.9	0;61;1038;+;132.9		8;5754;6491;+;158.9	9;6488;7267;+;166.7	10;7257;8399;+;143.5	11;8399;9418;+;91.9	12;9469;11436;+;291.2		pfam	pfam_only	A	7/7	rearranged	1	0	unscoreable	2	0	0														not_admitted	not_admitted	not_admitted	not_admitted	not_admitted	not_admitted	not_admitted
CP057056.1	MPF_T	IncY	89	0	0	GA	1	28;25763;26425;-;48.3	27;25453;25752;-;36.6	26;22693;25443;-;61.8	26;22693;25443;-;134.0	26;22693;25443;-;47.3	25;21958;22674;-;137.0	23;20637;21644;-;137.8		21;19741;20427;-;158.2	20;18855;19748;-;147.4	19;17662;18858;-;131.8	18;16609;17658;-;71.5	11;9964;11871;-;24.4		pfam	pfam_only	A	7/7	canonical	1	1	unscoreable	8	0	0														not_admitted	not_admitted	not_admitted	not_admitted	not_admitted	not_admitted	not_admitted
CP057058.1	MPF_F	IncFIA;IncFIB(AP001918);IncFIC(FII)	138	0	0	GA	0															not_admitted	not_admitted	not_admitted	not_admitted	not_admitted	not_admitted	not_admitted	not_admitted	not_admitted	not_admitted	1	74;79607;80599;-;368.6	63;72548;73924;-;374.3	70;76135;76878;-;232.5	77;81608;84235;-;305.4	62;69735;72551;-;386.1	84;86290;87717;-;94.3	77;81608;84235;-;98.5	86;88432;88998;-;183.8	73;78960;79598;-;67.3	72;77155;78963;-;268.3	59;66019;68172;-;391.1	80;84751;85266;-;77.3	59;66019;68172;-;69.2	A	9/9	contiguous	22413	1	1	69181..69702-;173;unnamed;0
CP057076.1	MPF_F	IncFII;IncI1-I(Alpha)	153	0	0	GA	0															not_admitted	not_admitted	not_admitted	not_admitted	not_admitted	not_admitted	not_admitted	not_admitted	not_admitted	not_admitted	1	43;40664;41656;-;369.5	27;28260;29633;-;381.7	38;36815;37558;-;234.4	46;42665;45295;-;304.1	26;25441;28263;-;374.0	57;50035;51486;-;94.2	46;42665;45295;-;97.1	59;52201;52767;-;174.3	41;39682;40320;-;68.6	40;37835;39685;-;266.1	22;20998;23169;-;391.2	54;48660;49175;-;78.4	22;20998;23169;-;70.3	A	9/9	contiguous	31203	1	1	24940..25419-;159;TraS;0
CP057077.1	MPF_T	IncN	59	0	0	GA	1	14;8922;9656;+;32.5	16;9956;10249;+;28.7	17;10299;10616;+;63.3	18;10616;13216;+;111.8	18;10616;13216;+;76.8	19;13234;13947;+;97.1	21;14198;15238;+;153.6		22;15457;16155;+;131.9	23;16166;17050;+;159.0	24;17050;18210;+;154.9	25;18252;19247;+;81.2	41;37439;38968;-;38.5		pfam	both	A	7/7	canonical	1	0	unscoreable	2	0	0														not_admitted	not_admitted	not_admitted	not_admitted	not_admitted	not_admitted	not_admitted
CP057086.1	MPF_F	IncFIB(AP001918);IncFIC(FII)	95	0	0	GA	0															not_admitted	not_admitted	not_admitted	not_admitted	not_admitted	not_admitted	not_admitted	not_admitted	not_admitted	not_admitted	1	50;49850;50842;-;365.8	39;42831;44204;-;378.0	46;46378;47121;-;234.1	53;51851;54478;-;305.4	38;40018;42834;-;387.9	59;56533;57960;-;94.3	53;51851;54478;-;98.5	61;58675;59241;-;183.8	49;49203;49841;-;66.6	48;47398;49206;-;268.3	35;36285;38456;-;391.8	55;54994;55509;-;76.5	35;36285;38456;-;70.4	A	9/9	contiguous	22390	1	1	39464..39985-;173;unnamed;0
CP057088.1	MPF_F	IncFIB(AP001918);IncFII	150	0	0	GA	0															not_admitted	not_admitted	not_admitted	not_admitted	not_admitted	not_admitted	not_admitted	not_admitted	not_admitted	not_admitted	1	88;73189;74181;+;369.3	97;79240;80616;+;376.4	92;76910;77653;+;233.2	85;69550;72180;+;305.8	98;80613;83435;+;385.1	77;65091;66518;+;95.7	85;69550;72180;+;96.9	75;63810;64376;+;183.8	89;74190;74828;+;68.7	90;74825;76633;+;268.8	101;84969;87149;+;389.1	80;67402;67917;+;77.3	101;84969;87149;+;70.3	A	9/9	contiguous	21159	1	1	83457..83936+;159;TraS;0
CP057089.1	MPF_T	IncN	57	0	0	GA	1	24;17159;17893;+;32.5	26;18193;18486;+;28.7	27;18536;18853;+;63.3	28;18853;21453;+;111.8	28;18853;21453;+;76.8	29;21471;22184;+;97.1	31;22435;23475;+;153.6		32;23694;24392;+;131.9	33;24403;25287;+;159.0	34;25287;26447;+;154.9	35;26489;27484;+;81.2	39;32053;33582;-;38.5		pfam	both	A	7/7	canonical	1	0	unscoreable	5	0	0														not_admitted	not_admitted	not_admitted	not_admitted	not_admitted	not_admitted	not_admitted
CP057091.1	MPF_F	IncFIB(AP001918);IncFII(pCoo)	177	0	0	GA	0															not_admitted	not_admitted	not_admitted	not_admitted	not_admitted	not_admitted	not_admitted	not_admitted	not_admitted	not_admitted	1	113;110685;111677;-;369.3	101;102914;104287;-;376.8	107;106222;106965;-;233.3	116;112686;115313;-;303.5	100;100095;102917;-;389.2	122;117222;118649;-;94.3	116;112686;115313;-;99.2	124;119364;119930;-;183.8	110;109050;109688;-;68.6	109;107245;109053;-;268.3	92;92828;95068;-;391.7	119;115829;116344;-;78.0	92;92828;95068;-;70.3	A	9/9	contiguous	26536	1	1	99577..100074-;165;TraS;0
CP057110.1	MPF_F	IncFIA;IncFIB(AP001918);IncFIC(FII)	116	0	0	GA	0															not_admitted	not_admitted	not_admitted	not_admitted	not_admitted	not_admitted	not_admitted	not_admitted	not_admitted	not_admitted	1	57;62076;62891;-;294.5	43;52300;53673;-;378.0	50;55887;56630;-;234.5	60;63900;66527;-;305.4	42;50144;52303;-;390.5	66;68582;70009;-;94.3	60;63900;66527;-;98.5	68;70724;71290;-;180.9	53;58712;59350;-;68.4	52;56907;58715;-;268.4	38;45800;47953;-;391.9	62;67043;67558;-;78.4	38;45800;47953;-;70.4	A	9/9	contiguous	24924	1	1	49482..50045-;187;unnamed;0
CP057113.1	MPF_F	IncFIB(AP001918);IncFIC(FII)	110	0	0	GA	0															not_admitted	not_admitted	not_admitted	not_admitted	not_admitted	not_admitted	not_admitted	not_admitted	not_admitted	not_admitted	1	61;65876;66868;-;369.3	50;58818;60191;-;380.9	57;62404;63147;-;234.5	64;67877;70504;-;305.7	49;55999;58821;-;389.5	71;72559;73986;-;94.3	64;67877;70504;-;98.5	73;74701;75267;-;183.8	60;65229;65867;-;68.4	59;63424;65232;-;267.5	46;52353;54506;-;391.9	67;71020;71535;-;78.4	46;52353;54506;-;70.4	A	9/9	contiguous	22348	1	1	55486..55977-;163;TraS;0
CP057116.1	MPF_F	IncFIB(AP001918);IncFIC(FII)	110	0	0	GA	0															not_admitted	not_admitted	not_admitted	not_admitted	not_admitted	not_admitted	not_admitted	not_admitted	not_admitted	not_admitted	1	61;65876;66868;-;369.3	50;58818;60191;-;380.9	57;62404;63147;-;234.5	64;67877;70504;-;305.7	49;55999;58821;-;389.5	71;72559;73986;-;94.3	64;67877;70504;-;98.5	73;74701;75267;-;183.8	60;65229;65867;-;68.4	59;63424;65232;-;267.5	46;52353;54506;-;391.9	67;71020;71535;-;78.4	46;52353;54506;-;70.4	A	9/9	contiguous	22348	1	1	55486..55977-;163;TraS;0
CP057120.1	MPF_F	IncFIB(AP001918);IncFIC(FII)	156	0	0	GA	0															not_admitted	not_admitted	not_admitted	not_admitted	not_admitted	not_admitted	not_admitted	not_admitted	not_admitted	not_admitted	1	94;95174;96166;-;369.3	85;88739;90115;-;381.0	90;91702;92445;-;234.4	97;97175;99802;-;305.4	84;85920;88742;-;392.0	104;101856;103283;-;94.7	97;97175;99802;-;98.5	106;103998;104564;-;183.4	93;94527;95165;-;68.7	92;92722;94530;-;268.0	81;82234;84387;-;391.5	100;100318;100833;-;78.4	81;82234;84387;-;69.2	A	9/9	contiguous	21764	1	1	85419..85898-;159;TraS;0
CP057121.1	MPF_F	IncFII(pCoo)	72	0	0	GA	0															not_admitted	not_admitted	not_admitted	not_admitted	not_admitted	not_admitted	not_admitted	not_admitted	not_admitted	not_admitted	1	48;35339;36331;+;369.3	59;42378;43754;+;381.0	54;40048;40791;+;234.4	45;31700;34330;+;301.6	60;43751;46576;+;389.2	39;27887;29314;+;94.1	45;31700;34330;+;98.8	37;26606;27172;+;183.8	51;37328;37966;+;67.1	52;37963;39771;+;268.0	63;48079;50331;+;391.7	43;30436;30951;+;78.4	63;48079;50331;+;70.3	A	9/9	contiguous	21473	1	1	46573..47082+;169;unnamed;0
CP057124.1	MPF_F	IncFIA;IncFIB(AP001918);IncFII(29)	167	0	0	GA	0															not_admitted	not_admitted	not_admitted	not_admitted	not_admitted	not_admitted	not_admitted	not_admitted	not_admitted	not_admitted	1	110;113458;114450;-;371.9	99;106398;107771;-;377.6	106;109985;110728;-;235.0	113;115459;118086;-;305.4	98;103579;106401;-;389.1	120;120245;121672;-;94.3	113;115459;118086;-;98.3	122;122387;122953;-;181.1	109;112811;113449;-;68.4	108;111006;112814;-;268.3	95;99898;102051;-;391.8	116;118602;119117;-;78.4	95;99898;102051;-;70.4	A	9/9	contiguous	22489	1	1	103066..103557-;163;TraS;0
CP057128.1	MPF_F	IncFIB(AP001918);IncFII(pSE11)	91	0	0	GA	0															not_admitted	not_admitted	not_admitted	not_admitted	not_admitted	not_admitted	not_admitted	not_admitted	not_admitted	not_admitted	1	35;46949;47941;-;369.3	24;39890;41266;-;380.3	31;43477;44220;-;235.0	38;48950;51577;-;305.4	23;37077;39893;-;387.9	45;53632;55059;-;94.3	38;48950;51577;-;98.5	47;55774;56340;-;182.9	34;46302;46940;-;68.4	33;44497;46305;-;268.4	20;33299;35515;-;391.4	41;52093;52608;-;78.4	20;33299;35515;-;69.2	A	9/9	contiguous	22475	1	1	36523..37044-;173;unnamed;0
CP057130.1	MPF_F	IncFIA;IncFIB(AP001918);IncFII(29)	116	0	0	GA	0															not_admitted	not_admitted	not_admitted	not_admitted	not_admitted	not_admitted	not_admitted	not_admitted	not_admitted	not_admitted	1	59;57035;58027;-;369.3	47;49976;51349;-;378.0	54;53562;54305;-;235.0	62;59036;61663;-;305.4	46;47157;49979;-;388.4	69;63822;65249;-;94.3	62;59036;61663;-;98.5	71;65964;66530;-;183.8	58;56388;57026;-;68.4	57;55030;56391;-;101.0	43;43476;45629;-;391.8	65;62179;62694;-;78.4	43;43476;45629;-;70.4	A	9/9	contiguous	22488	1	1	46644..47135-;163;TraS;0
CP057135.1	MPF_F	IncFII(pSFO)	114	0	0	GA	0															not_admitted	not_admitted	not_admitted	not_admitted	not_admitted	not_admitted	not_admitted	not_admitted	not_admitted	not_admitted	1	88;74716;75708;+;370.2	100;82598;83974;+;381.0	94;79110;79853;+;234.1	85;71077;73707;+;301.9	101;83971;86793;+;386.0	78;66615;68042;+;92.5	85;71077;73707;+;97.8	76;65334;65900;+;183.8	89;75717;76355;+;68.7	92;77067;78830;+;267.5	105;89039;91246;+;391.4	81;68926;69441;+;76.6	105;89039;91246;+;69.2	A	9/9	contiguous	23705	1	1	86815..87294+;159;TraS;0
CP057138.1	MPF_F	IncFIB(AP001918);IncFII(pSE11)	85	0	0	GA	0															not_admitted	not_admitted	not_admitted	not_admitted	not_admitted	not_admitted	not_admitted	not_admitted	not_admitted	not_admitted	1	38;48207;49199;-;366.3	27;41148;42524;-;380.3	34;44735;45478;-;235.0	41;50208;52835;-;305.4	26;38335;41151;-;387.9	48;54890;56317;-;94.3	41;50208;52835;-;98.5	50;57032;57598;-;183.8	37;47560;48198;-;68.4	36;45755;47563;-;268.3	23;34565;36772;-;391.4	44;53351;53866;-;78.4	23;34565;36772;-;69.2	A	9/9	contiguous	22467	1	1	37781..38302-;173;unnamed;0
CP057140.1	MPF_F	IncFIA;IncFIB(AP001918);IncFII(29)	116	0	0	GA	0															not_admitted	not_admitted	not_admitted	not_admitted	not_admitted	not_admitted	not_admitted	not_admitted	not_admitted	not_admitted	1	50;53695;54687;-;369.3	39;46637;48010;-;378.0	46;50223;50966;-;235.0	53;55696;58323;-;305.4	38;43818;46640;-;388.4	60;60482;61909;-;94.3	53;55696;58323;-;98.5	62;62624;63190;-;183.8	49;53048;53686;-;68.4	48;51243;53051;-;268.4	35;40137;42290;-;391.8	56;58839;59354;-;78.4	35;40137;42290;-;70.4	A	9/9	contiguous	22487	1	1	43305..43796-;163;TraS;0
CP057142.1	MPF_F	IncFIB(AP001918);IncFII(pCoo)	90	0	0	GA	0															not_admitted	not_admitted	not_admitted	not_admitted	not_admitted	not_admitted	not_admitted	not_admitted	not_admitted	not_admitted	1	39;49846;50838;-;369.3	30;43431;44804;-;377.0	35;46371;47114;-;234.7	44;53416;56058;-;303.4	29;40609;43434;-;383.7	51;58113;59540;-;94.2	44;53416;56058;-;100.3	53;60255;60821;-;182.9	38;49199;49837;-;68.7	37;47394;49202;-;268.1	26;36890;39106;-;391.8	47;56574;57089;-;78.4	26;36890;39106;-;70.3	A	9/9	contiguous	23365	1	1	40103..40612-;169;unnamed;0
CP057145.1	MPF_F	IncFII	97	0	0	GA	0															not_admitted	not_admitted	not_admitted	not_admitted	not_admitted	not_admitted	not_admitted	not_admitted	not_admitted	not_admitted	1	74;55952;56944;+;369.3	85;62994;64367;+;381.0	80;60661;61404;+;233.3	71;52316;54943;+;304.6	86;64364;67189;+;389.2	66;48737;50164;+;94.4	71;52316;54943;+;99.2	64;47456;48022;+;183.8	77;57941;58579;+;68.6	78;58576;60384;+;268.0	89;68693;70864;+;391.8	70;51285;51800;+;78.0	89;68693;70864;+;70.4	A	9/9	contiguous	21237	1	1	67186..67695+;169;unnamed;0
CP057153.1	MPF_F	IncFIB(AP001918);IncFII(pHN7A8)	161	0	0	GA	0															not_admitted	not_admitted	not_admitted	not_admitted	not_admitted	not_admitted	not_admitted	not_admitted	not_admitted	not_admitted	1	136;107449;108447;+;348.9	145;114649;116055;+;340.8	141;112542;113327;+;217.6	132;103577;106216;+;253.3	146;116055;118964;+;312.3	130;101722;103056;+;97.2	132;103577;106216;+;118.2	128;100397;100975;+;126.1	139;110004;110609;+;57.4	140;110606;112540;+;241.3	153;122543;124729;+;377.1	131;103068;103580;+;60.3	153;122543;124729;+;60.9	A	9/9	contiguous	22146	1	1	118979..119629+;216;unnamed;1
CP057156.1	MPF_F	IncFIC(FII)	108	0	0	GA	0															not_admitted	not_admitted	not_admitted	not_admitted	not_admitted	not_admitted	not_admitted	not_admitted	not_admitted	not_admitted	1	79;65045;66037;+;369.3	95;74538;75914;+;366.2	87;71366;72109;+;231.1	76;61406;64036;+;304.8	96;75911;78736;+;380.6	65;53994;55424;+;93.4	76;61406;64036;+;98.6	63;52713;53279;+;173.4	83;68089;68727;+;68.6	85;69198;71102;+;263.6	101;81262;83406;+;391.9	68;56305;56820;+;81.4	101;81262;83406;+;70.4	A	9/9	contiguous	28549	1	1	78733..79242+;169;unnamed;0
CP057157.1	MPF_T	IncX4;pEC4115	56	0	0	GA	1	21;14062;14673;+;40.5	22;14645;14959;+;30.3	23;15017;15337;+;43.1	24;15340;17712;+;81.6	24;15340;17712;+;33.6	20;13353;13994;+;33.9	18;12150;13127;+;132.9		26;17843;18580;+;156.5	27;18577;19356;+;167.2	28;19346;20488;+;143.5	29;20488;21507;+;91.9	30;21558;23525;+;290.5		pfam	pfam_only	A	7/7	rearranged	1	0	unscoreable	14	0	0														not_admitted	not_admitted	not_admitted	not_admitted	not_admitted	not_admitted	not_admitted
CP057161.1	MPF_T	IncX4	51	0	0	GA	1	41;24338;24958;+;41.6	42;24972;25298;+;64.4	43;25317;28064;+;63.8	43;25317;28064;+;151.8	43;25317;28064;+;46.1	44;28076;28792;+;94.2	45;28804;29898;+;150.1		47;30413;31099;+;169.0	48;31096;32004;+;142.4	49;31997;33115;+;163.9	50;33117;34145;+;85.0	0;21;653;+;151.8		pfam	pfam_only	A	7/7	canonical	1	1	unscoreable	1	0	0														not_admitted	not_admitted	not_admitted	not_admitted	not_admitted	not_admitted	not_admitted
CP057164.1	MPF_F	IncFII(pCoo)	103	0	0	GA	0															not_admitted	not_admitted	not_admitted	not_admitted	not_admitted	not_admitted	not_admitted	not_admitted	not_admitted	not_admitted	1	82;74953;75945;+;369.3	90;80638;82014;+;380.7	86;78677;79420;+;232.7	79;71317;73944;+;303.5	91;82011;84833;+;380.3	73;67978;69405;+;94.3	79;71317;73944;+;100.3	71;66697;67263;+;183.8	83;75954;76592;+;68.3	84;76589;78397;+;268.3	94;86367;88574;+;391.7	76;70286;70801;+;78.0	94;86367;88574;+;70.3	A	9/9	contiguous	19670	1	1	84854..85351+;165;TraS;0
CP057177.1	MPF_F	IncFII(pCoo)	76	0	0	GA	0															not_admitted	not_admitted	not_admitted	not_admitted	not_admitted	not_admitted	not_admitted	not_admitted	not_admitted	not_admitted	1	47;35262;36254;+;369.5	58;42150;43523;+;381.0	53;39841;40584;+;231.8	44;31626;34253;+;303.2	59;43520;46342;+;389.2	38;28284;29711;+;94.7	44;31626;34253;+;98.5	36;27003;27569;+;183.8	48;36263;36901;+;70.6	51;37714;39564;+;272.8	63;48614;50794;+;391.8	41;30595;31110;+;78.4	63;48614;50794;+;70.3	A	9/9	contiguous	21611	1	1	46363..46860+;165;TraS;0
CP057179.1	MPF_F	IncFIB(AP001918)	91	0	0	GA	0															not_admitted	not_admitted	not_admitted	not_admitted	not_admitted	not_admitted	not_admitted	not_admitted	not_admitted	not_admitted	1	18;19226;20218;-;369.3	8;12521;13897;-;380.7	14;15754;16497;-;233.1	21;21227;23854;-;303.5	7;9699;12524;-;380.3	27;25766;27193;-;94.3	21;21227;23854;-;100.3	29;27908;28474;-;183.8	17;18579;19217;-;68.7	16;16774;18582;-;267.8	21;21227;23854;-;22.0	24;24370;24885;-;78.0		A	9/9	contiguous	18209	1	1	8611..9591-;326;unnamed;0
CP057187.1	MPF_F	IncFIB(AP001918);IncFII(pSE11)	83	0	0	GA	0															not_admitted	not_admitted	not_admitted	not_admitted	not_admitted	not_admitted	not_admitted	not_admitted	not_admitted	not_admitted	1	33;46964;47956;-;369.3	22;39944;41317;-;380.9	29;43492;44235;-;235.0	36;48965;51592;-;305.4	21;37122;39947;-;387.0	42;53647;55074;-;94.2	36;48965;51592;-;98.5	44;55789;56355;-;184.5	32;46317;46955;-;68.4	31;44512;46320;-;268.3	18;33358;35619;-;391.3	38;52108;52623;-;78.4	18;33358;35619;-;69.1	A	9/9	contiguous	22431	1	1	36616..37125-;169;unnamed;0
CP057191.1	MPF_F	IncFIB(AP001918);IncFII(pCoo)	105	0	0	GA	0															not_admitted	not_admitted	not_admitted	not_admitted	not_admitted	not_admitted	not_admitted	not_admitted	not_admitted	not_admitted	1	53;61419;62411;-;369.3	42;54361;55734;-;380.9	49;57947;58690;-;235.0	56;63420;66047;-;305.4	41;51548;54364;-;387.9	63;68206;69633;-;94.3	56;63420;66047;-;98.5	65;70348;70914;-;182.9	52;60772;61410;-;68.4	51;58967;60775;-;268.3	37;47832;49781;-;391.5	59;66563;67078;-;78.4	37;47832;49781;-;69.4	A	9/9	contiguous	22516	1	1	50994..51515-;173;unnamed;0
CP057193.1	MPF_F	IncFIB(AP001918);IncFII;IncQ1	150	0	0	GA	0															not_admitted	not_admitted	not_admitted	not_admitted	not_admitted	not_admitted	not_admitted	not_admitted	not_admitted	not_admitted	1	92;96733;97725;-;369.3	83;90298;91671;-;381.0	88;93261;94004;-;231.6	95;98734;101361;-;306.4	82;87476;90301;-;386.0	101;103416;104843;-;94.3	95;98734;101361;-;98.5	103;105558;106124;-;183.3	91;96086;96724;-;68.7	90;94281;96089;-;267.9	79;83819;85972;-;391.8	97;101877;102392;-;77.3	79;83819;85972;-;70.4	A	9/9	contiguous	21739	1	1	86970..87479-;169;unnamed;0
CP057195.1	MPF_F	IncFIA;IncFII	125	0	0	GA	0															not_admitted	not_admitted	not_admitted	not_admitted	not_admitted	not_admitted	not_admitted	not_admitted	not_admitted	not_admitted	1	101;89163;90161;+;349.2	109;95978;97384;+;341.8	106;94262;95047;+;217.8	97;85291;87930;+;251.4	110;97384;100293;+;315.0	95;83436;84770;+;97.2	97;85291;87930;+;117.8	93;82111;82689;+;124.8	104;91724;92326;+;56.2	105;92323;94260;+;243.1	117;103881;106067;+;372.3	96;84782;85294;+;60.2	117;103881;106067;+;61.7	A	9/9	contiguous	21770	1	1	100308..100958+;216;unnamed;1
CP057196.1	MPF_T	IncY	85	0	0	GA	1	55;50167;50829;+;48.3	56;50840;51139;+;36.6	57;51149;53899;+;61.6	57;51149;53899;+;134.0	57;51149;53899;+;46.2	58;53918;54634;+;137.0	60;54948;55955;+;138.0		62;56165;56851;+;158.3	63;56844;57893;+;121.8					pfam	pfam_only	D	4/7	canonical	1	1	unscoreable	2	0	0														not_admitted	not_admitted	not_admitted	not_admitted	not_admitted	not_admitted	not_admitted
CP057201.1	MPF_F	IncFIB(AP001918);IncFIC(FII)	112	0	0	GA	0															not_admitted	not_admitted	not_admitted	not_admitted	not_admitted	not_admitted	not_admitted	not_admitted	not_admitted	not_admitted	1	63;67212;68204;-;369.3	52;60154;61527;-;380.9	59;63740;64483;-;234.5	66;69213;71840;-;305.7	51;57335;60157;-;389.5	73;73895;75322;-;94.3	66;69213;71840;-;98.5	75;76037;76603;-;183.8	62;66565;67203;-;68.4	61;64760;66568;-;267.5	48;53689;55842;-;391.9	69;72356;72871;-;78.4	48;53689;55842;-;70.4	A	9/9	contiguous	22348	1	1	56822..57313-;163;TraS;0
CP057205.1	MPF_F	IncFII	179	0	0	GA	0															not_admitted	not_admitted	not_admitted	not_admitted	not_admitted	not_admitted	not_admitted	not_admitted	not_admitted	not_admitted	1	73;63979;64971;+;369.3	84;71018;72394;+;381.0	79;68688;69431;+;231.8	70;60343;62970;+;305.1	85;72391;75234;+;373.9	142;130613;131947;+;97.0	144;132468;135107;+;115.4	63;55476;56042;+;183.8	76;65968;66606;+;67.1	77;66603;68411;+;268.3	88;76768;78975;+;392.0	69;59312;59827;+;77.4	88;76768;78975;+;70.3	A	9/9	split_2	76992	1	1	75256..75735+;159;TraS;0
CP057208.1	MPF_F	IncFII	179	0	0	GA	0															not_admitted	not_admitted	not_admitted	not_admitted	not_admitted	not_admitted	not_admitted	not_admitted	not_admitted	not_admitted	1	73;63979;64971;+;369.3	84;71018;72394;+;381.0	79;68688;69431;+;231.8	70;60343;62970;+;305.1	85;72391;75234;+;373.9	142;130613;131947;+;97.0	144;132468;135107;+;115.4	63;55476;56042;+;183.8	76;65968;66606;+;67.1	77;66603;68411;+;268.3	88;76768;78975;+;392.0	69;59312;59827;+;77.4	88;76768;78975;+;70.3	A	9/9	split_2	76992	1	1	75256..75735+;159;TraS;0
CP057224.1	MPF_F	IncFIB(AP001918);IncFII(pCoo)	104	0	0	GA	0															not_admitted	not_admitted	not_admitted	not_admitted	not_admitted	not_admitted	not_admitted	not_admitted	not_admitted	not_admitted	1	52;61421;62413;-;369.3	41;54363;55736;-;380.9	48;57949;58692;-;235.0	55;63422;66049;-;305.4	40;51550;54366;-;387.9	62;68104;69531;-;94.3	55;63422;66049;-;98.5	64;70246;70812;-;183.8	51;60774;61412;-;68.4	50;58969;60777;-;268.4	37;47834;49987;-;391.9	58;66565;67080;-;78.4	37;47834;49987;-;70.4	A	9/9	contiguous	22412	1	1	50996..51517-;173;unnamed;0
CP057226.1	MPF_F	IncFIB(AP001918);IncFII(29)	160	0	0	GA	0															not_admitted	not_admitted	not_admitted	not_admitted	not_admitted	not_admitted	not_admitted	not_admitted	not_admitted	not_admitted	1	95;94896;95888;-;371.9	84;87836;89209;-;377.6	91;91423;92166;-;235.0	98;96897;99524;-;305.4	83;85017;87839;-;389.1	105;101683;103110;-;94.3	98;96897;99524;-;98.3	107;103825;104391;-;183.8	94;94249;94887;-;68.4	93;92444;94252;-;268.3	80;81336;83489;-;391.8	101;100040;100555;-;78.7	80;81336;83489;-;70.4	A	9/9	contiguous	22489	1	1	84504..84995-;163;TraS;0
CP057235.1	MPF_F	IncFIB(AP001918);IncFII(29)	162	0	0	GA	0															not_admitted	not_admitted	not_admitted	not_admitted	not_admitted	not_admitted	not_admitted	not_admitted	not_admitted	not_admitted	1	98;98479;99471;-;371.9	87;91419;92792;-;377.6	94;95006;95749;-;235.0	101;100480;103107;-;305.4	86;88600;91422;-;389.1	108;105266;106693;-;94.1	101;100480;103107;-;98.3	110;107408;107974;-;183.8	97;97832;98470;-;68.4	96;96027;97835;-;268.3	83;84919;87072;-;391.8	104;103623;104138;-;78.4	83;84919;87072;-;70.4	A	9/9	contiguous	22489	1	1	88087..88578-;163;TraS;0
CP057236.1	MPF_T	IncX1;IncX3	48	0	0	GA	1	34;26229;26876;-;45.6	33;25955;26251;-;76.6	32;23183;25936;-;46.6	32;23183;25936;-;147.9	32;23183;25936;-;75.3	31;22414;23172;-;67.5	29;21043;22176;-;109.2		28;20085;20798;-;120.0	27;19151;20080;-;133.7	26;17949;19154;-;132.5	25;16916;17947;-;76.3	24;15078;16913;-;486.3		pfam	pfam_only	A	7/7	canonical	1	1	unscoreable	1	0	0														not_admitted	not_admitted	not_admitted	not_admitted	not_admitted	not_admitted	not_admitted
CP057252.1	MPF_F	IncFIA;IncFII(29)	118	0	0	GA	0															not_admitted	not_admitted	not_admitted	not_admitted	not_admitted	not_admitted	not_admitted	not_admitted	not_admitted	not_admitted	1	92;84960;85952;+;368.6	103;91635;93011;+;378.0	96;88681;89424;+;234.1	89;81324;83951;+;306.8	104;93008;95830;+;389.5	82;77738;79165;+;94.3	89;81324;83951;+;98.5	80;76457;77023;+;183.8	93;85961;86599;+;67.3	94;86596;88404;+;267.1	107;97363;99516;+;391.8	86;80293;80808;+;77.3	107;97363;99516;+;70.4	A	9/9	contiguous	20906	1	1	95852..96331+;159;TraS;0
CP057255.1	MPF_F	IncFIA;IncFIB(AP001918);IncFII(29)	116	0	0	GA	0															not_admitted	not_admitted	not_admitted	not_admitted	not_admitted	not_admitted	not_admitted	not_admitted	not_admitted	not_admitted	1	49;57956;58948;-;369.3	38;50898;52271;-;378.0	45;54484;55227;-;235.0	52;59957;62584;-;305.4	37;48079;50901;-;388.4	59;64743;66170;-;94.3	52;59957;62584;-;98.5	61;66885;67451;-;183.8	48;57309;57947;-;68.4	47;55504;57312;-;268.4	34;44398;46551;-;391.8	55;63100;63615;-;78.4	34;44398;46551;-;70.4	A	9/9	contiguous	22487	1	1	47566..48057-;163;TraS;0
CP057268.1	MPF_F	IncFIA(HI1);IncHI1A;IncHI1B(R27);IncQ1	232	0	0	GA	0															not_admitted	not_admitted	not_admitted	not_admitted	not_admitted	not_admitted	not_admitted	not_admitted	not_admitted	not_admitted	1	15;14855;15907;+;277.6	144;135348;136763;-;201.7	145;136753;137799;-;171.3	231;207337;210018;+;160.9	143;131350;135339;-;103.1	227;203631;204989;+;84.0	231;207337;210018;+;76.5	224;201179;201964;+;68.7	13;13202;14710;+;65.6	16;15930;19106;+;58.9	151;144734;146818;+;50.2	230;206378;207328;+;45.2	151;144734;146818;+;36.5	A	9/9	split_3	194135	0	1	
CP057271.1	MPF_F	IncFIA(HI1);IncHI1A;IncHI1B(R27);IncQ1	241	0	0	GA	0															not_admitted	not_admitted	not_admitted	not_admitted	not_admitted	not_admitted	not_admitted	not_admitted	not_admitted	not_admitted	1	15;14855;15907;+;277.6	153;142068;143483;-;201.7	154;143473;144519;-;171.3	240;214058;216739;+;160.9	152;138070;142059;-;103.1	236;210352;211710;+;84.0	240;214058;216739;+;76.5	233;207900;208685;+;68.7	13;13202;14710;+;65.6	16;15930;19106;+;58.9	160;151454;153538;+;50.2	239;213099;214049;+;45.2	160;151454;153538;+;36.5	A	9/9	split_3	200856	0	1	
CP057274.1	MPF_F	IncFIB(AP001918);IncFII;IncQ1	152	0	0	GA	0															not_admitted	not_admitted	not_admitted	not_admitted	not_admitted	not_admitted	not_admitted	not_admitted	not_admitted	not_admitted	1	94;100060;101052;-;369.3	85;93625;94998;-;381.0	90;96588;97331;-;231.6	97;102061;104688;-;306.4	84;90803;93628;-;386.0	103;106743;108170;-;94.3	97;102061;104688;-;98.5	105;108885;109451;-;183.3	93;99413;100051;-;68.7	92;97608;99416;-;267.9	81;87146;89299;-;391.8	99;105204;105719;-;77.3	81;87146;89299;-;70.4	A	9/9	contiguous	21739	1	1	90297..90806-;169;unnamed;0
CP057277.1	MPF_F	IncFIA(HI1);IncHI1A;IncHI1B(R27);IncQ1	241	0	0	GA	0															not_admitted	not_admitted	not_admitted	not_admitted	not_admitted	not_admitted	not_admitted	not_admitted	not_admitted	not_admitted	1	15;14855;15907;+;277.6	153;142068;143483;-;201.7	154;143473;144519;-;171.3	240;214058;216739;+;160.9	152;138070;142059;-;103.1	236;210352;211710;+;84.0	240;214058;216739;+;76.5	233;207900;208685;+;68.7	13;13202;14710;+;65.6	16;15930;19106;+;58.9	160;151454;153538;+;50.2	239;213099;214049;+;45.2	160;151454;153538;+;36.5	A	9/9	split_3	200856	0	1	
CP057282.1	MPF_F	IncHI2;IncHI2A	197	0	0	GA	0															not_admitted	not_admitted	not_admitted	not_admitted	not_admitted	not_admitted	not_admitted	not_admitted	not_admitted	not_admitted	1	27;30461;31519;+;276.9			11;8955;11636;+;168.0		7;5270;6625;+;80.7	11;8955;11636;+;72.2	4;2758;3546;+;74.8	25;28808;30319;+;62.0	28;31538;34726;+;57.3		10;7996;8946;+;46.1		C	6/9	contiguous	28780	0	1	
CP057288.1	MPF_F	IncHI2;IncHI2A	197	0	0	GA	0															not_admitted	not_admitted	not_admitted	not_admitted	not_admitted	not_admitted	not_admitted	not_admitted	not_admitted	not_admitted	1	27;30461;31519;+;276.9			11;8955;11636;+;168.0		7;5270;6625;+;80.7	11;8955;11636;+;72.2	4;2758;3546;+;74.8	25;28808;30319;+;62.0	28;31538;34726;+;57.3		10;7996;8946;+;46.1		C	6/9	contiguous	28780	0	1	
CP057295.1	MPF_F	IncFII(pSE11);IncX1	123	0	0	GA	0															not_admitted	not_admitted	not_admitted	not_admitted	not_admitted	not_admitted	not_admitted	not_admitted	not_admitted	not_admitted	1	101;85317;86315;+;349.2	110;92278;93684;+;340.6	106;90174;90959;+;219.0	97;81445;84084;+;252.0	111;93684;96572;+;313.4	95;79590;80924;+;97.2	97;81445;84084;+;116.4	93;78265;78843;+;126.1	104;87636;88241;+;57.0	105;88238;90172;+;241.0	116;99416;101575;+;375.2	96;80936;81448;+;57.8	116;99416;101575;+;60.3	A	9/9	contiguous	21151	1	1	96586..97236+;216;unnamed;1
CP057304.1	MPF_F	IncFII(pSE11);IncX1	123	0	0	GA	0															not_admitted	not_admitted	not_admitted	not_admitted	not_admitted	not_admitted	not_admitted	not_admitted	not_admitted	not_admitted	1	101;85317;86315;+;349.2	110;92278;93684;+;340.6	106;90174;90959;+;219.0	97;81445;84084;+;252.0	111;93684;96572;+;313.4	95;79590;80924;+;97.2	97;81445;84084;+;116.4	93;78265;78843;+;126.1	104;87636;88241;+;57.0	105;88238;90172;+;241.0	116;99416;101575;+;375.2	96;80936;81448;+;57.8	116;99416;101575;+;60.3	A	9/9	contiguous	21151	1	1	96586..97236+;216;unnamed;1
CP057320.1	MPF_F	repE(pEh60-7)	111	0	0	GA	0															not_admitted	not_admitted	not_admitted	not_admitted	not_admitted	not_admitted	not_admitted	not_admitted	not_admitted	not_admitted	1	5;2266;3264;+;355.1	12;7987;9351;+;356.4	8;5745;6527;+;218.0	109;98317;100920;+;217.3	13;9351;12584;+;299.0	105;95413;96810;+;93.6	109;98317;100920;+;101.6	103;94080;94664;+;103.8	6;3275;3895;+;57.0	7;3892;5748;+;214.7	20;15701;18232;+;358.3	108;97763;98320;+;39.5	20;15701;18232;+;68.0	A	9/9	split_2	96051	1	1	12593..13303+;236;unnamed;0
CP057324.1	-	pKPC-CAV1321	283	0	0	GA	0															not_admitted	not_admitted	not_admitted	not_admitted	not_admitted	not_admitted	not_admitted	not_admitted	not_admitted	not_admitted	1	152;125054;126121;+;276.8	172;142042;143484;+;260.7	171;140945;142045;+;198.4	148;120460;122946;+;223.8	173;143499;147017;+;240.0	144;115835;117232;+;109.8	148;120460;122946;+;120.8	142;113926;114552;+;87.1	151;123744;125057;+;41.0	175;147453;150110;+;136.9	136;109402;111378;+;22.7	145;117229;117795;+;71.6	136;109402;111378;+;33.5	A	9/9	contiguous	38051	0	1	
CP057325.1	MPF_F	repE(pEh60-7)	114	0	0	GA	0															not_admitted	not_admitted	not_admitted	not_admitted	not_admitted	not_admitted	not_admitted	not_admitted	not_admitted	not_admitted	1	79;62756;63754;+;355.1	86;68477;69841;+;356.4	82;66235;67017;+;218.0	72;57466;60069;+;217.3	87;69841;73074;+;299.0	68;54562;55959;+;93.6	72;57466;60069;+;101.6	66;53229;53813;+;103.8	80;63765;64385;+;57.0	81;64382;66238;+;214.7	94;76191;78722;+;358.3	71;56912;57469;+;39.5	94;76191;78722;+;68.0	A	9/9	contiguous	22962	1	1	73083..73793+;236;unnamed;0
CP057326.1	-	-	44	0	0	GA	1	2;752;1342;-;52.3		0;109;423;-;47.8	43;32812;35073;-;58.2	43;32812;35073;-;29.5	4;1755;2387;-;44.6	5;2390;3379;-;128.3		40;31766;32494;-;157.1	39;30993;31766;-;156.8	38;29867;31003;-;150.2	37;28848;29867;-;90.9	35;26327;28312;-;300.4		pfam	pfam_only	A	7/7	canonical	1	0	unscoreable	5	0	0														not_admitted	not_admitted	not_admitted	not_admitted	not_admitted	not_admitted	not_admitted
CP057369.1	MPF_F	IncFIC(FII);IncR	161	0	0	GA	0															not_admitted	not_admitted	not_admitted	not_admitted	not_admitted	not_admitted	not_admitted	not_admitted	not_admitted	not_admitted	1	142;129336;130328;+;369.3	150;135024;136397;+;380.7	146;133060;133803;+;232.7	139;125700;128327;+;303.5	151;136394;139216;+;380.3	135;122361;123788;+;94.3	139;125700;128327;+;100.3	133;121080;121646;+;183.8	143;130337;130975;+;68.3	144;130972;132780;+;267.0	154;140750;142930;+;391.8	138;124669;125184;+;78.0	154;140750;142930;+;70.4	A	9/9	contiguous	19670	1	1	139237..139734+;165;TraS;0
CP057370.1	MPF_T	IncX1	54	0	0	GA	1	25;16403;17050;+;45.2	26;17028;17324;+;77.5	27;17343;20096;+;47.9	27;17343;20096;+;148.1	27;17343;20096;+;76.3	28;20107;20856;+;67.5	30;21167;22228;+;135.0		31;22473;23186;+;120.0	32;23191;24120;+;133.8	33;24117;25322;+;132.5	34;25324;26355;+;79.0	35;26358;28193;+;486.8		pfam	pfam_only	A	7/7	canonical	1	1	unscoreable	1	0	0														not_admitted	not_admitted	not_admitted	not_admitted	not_admitted	not_admitted	not_admitted
CP057373.1	MPF_T	IncX2	46	0	0	GA	1	7;7273;7917;-;47.1	6;6999;7289;-;73.5	5;4216;6975;-;44.8	5;4216;6975;-;133.3	5;4216;6975;-;71.9	4;3477;4214;-;57.5	2;2140;3195;-;131.7		1;1228;1950;-;116.0	0;293;1222;-;133.3	45;36870;37655;-;130.9	44;35815;36852;-;66.4	43;33975;35810;-;543.4		pfam	pfam_only	A	7/7	canonical	1	1	unscoreable	1	0	0														not_admitted	not_admitted	not_admitted	not_admitted	not_admitted	not_admitted	not_admitted
CP057382.1	MPF_F	IncFIB(AP001918);IncFIC(FII)	90	0	0	GA	0															not_admitted	not_admitted	not_admitted	not_admitted	not_admitted	not_admitted	not_admitted	not_admitted	not_admitted	not_admitted	1	58;57692;58684;-;367.3	49;51257;52630;-;381.0	54;54220;54963;-;233.3	61;59693;62320;-;305.4	48;48438;51260;-;385.5	67;64375;65802;-;94.5	61;59693;62320;-;98.5	69;66517;67083;-;183.4	57;57045;57683;-;68.7	56;55240;57048;-;267.8	45;44751;46904;-;391.8	63;62836;63351;-;76.7	45;44751;46904;-;70.4	A	9/9	contiguous	21766	1	1	47920..48417-;165;TraS;1
CP057397.1	MPF_F	IncHI2;IncHI2A	263	0	0	GA	0															not_admitted	not_admitted	not_admitted	not_admitted	not_admitted	not_admitted	not_admitted	not_admitted	not_admitted	not_admitted	1	29;32558;33616;+;276.9	190;178419;179834;-;194.1	191;179824;180870;-;174.3	13;10304;12985;+;168.0	189;174457;178410;-;101.6	9;6619;7974;+;80.7	13;10304;12985;+;72.2	6;4107;4895;+;74.8	27;30905;32416;+;62.0	30;33635;36823;+;57.3	198;187912;189996;+;56.8	12;9345;10295;+;46.1	198;187912;189996;+;38.8	A	9/9	split_3	183805	1	1	172987..174276-;429;unnamed;0
CP057398.1	MPF_F	IncFIB(AP001918);IncFIC(FII)	162	0	0	GA	0															not_admitted	not_admitted	not_admitted	not_admitted	not_admitted	not_admitted	not_admitted	not_admitted	not_admitted	not_admitted	1		112;121994;123367;-;373.9	119;125580;126323;-;234.5	121;126830;128602;-;192.0	111;119175;121997;-;389.5		121;126830;128602;-;99.0				108;116225;117646;-;293.8			D	4/9	contiguous	10605	1	0	118662..119153-;163;TraS;0
CP057409.1	MPF_T	IncN	59	0	0	GA	1	14;9329;10063;+;32.5	16;10363;10656;+;28.7	17;10706;11023;+;63.3	18;11023;13623;+;111.8	18;11023;13623;+;76.8	19;13641;14354;+;97.1	21;14605;15645;+;153.6		22;15864;16562;+;131.9	23;16573;17457;+;159.0	24;17457;18617;+;154.9	25;18659;19654;+;81.2	41;37831;39360;-;38.5		pfam	both	A	7/7	canonical	1	0	unscoreable	2	0	0														not_admitted	not_admitted	not_admitted	not_admitted	not_admitted	not_admitted	not_admitted
CP057442.1	MPF_F	IncFIB(AP001918);IncFII(29)	111	0	0	GA	0															not_admitted	not_admitted	not_admitted	not_admitted	not_admitted	not_admitted	not_admitted	not_admitted	not_admitted	not_admitted	1	55;58309;59301;-;369.3	41;49990;51363;-;378.0	48;53576;54319;-;235.0	58;60310;62937;-;305.4	40;47171;49993;-;388.4	65;65096;66523;-;94.3	58;60310;62937;-;98.5	67;67238;67804;-;183.8	54;57662;58300;-;68.4	50;54596;55225;-;213.0	37;43463;45643;-;391.8	61;63453;63968;-;78.4	37;43463;45643;-;70.3	A	9/9	contiguous	23775	1	1	46658..47149-;163;TraS;0
CP057443.1	MPF_T	IncX1	47	0	0	GA	1	18;18466;19113;-;45.6	17;18192;18488;-;77.5	16;15420;18173;-;46.6	16;15420;18173;-;148.0	16;15420;18173;-;73.5	15;14660;15409;-;70.2	13;13288;14349;-;135.0		12;12330;12950;-;116.7	11;11396;12325;-;136.2	10;10194;11399;-;132.5	9;9161;10192;-;76.3	8;7323;9158;-;489.3		pfam	pfam_only	A	7/7	canonical	1	1	unscoreable	1	0	0														not_admitted	not_admitted	not_admitted	not_admitted	not_admitted	not_admitted	not_admitted
CP057445.1	MPF_F	IncFIA;IncFIB(AP001918);IncFII(pCoo)	128	0	0	GA	0															not_admitted	not_admitted	not_admitted	not_admitted	not_admitted	not_admitted	not_admitted	not_admitted	not_admitted	not_admitted	1	76;80766;81758;-;369.3	65;73708;75081;-;380.4	72;77294;78037;-;235.0	79;82767;85394;-;303.3	64;70889;73711;-;386.4	86;87449;88876;-;90.9	79;82767;85394;-;98.5	88;89591;90157;-;184.2	75;80119;80757;-;68.4	74;78314;80122;-;268.0	61;67208;69361;-;391.6	82;85910;86425;-;78.2	61;67208;69361;-;69.2	A	9/9	contiguous	22383	1	1	70376..70867-;163;TraS;0
CP057448.1	MPF_F	IncFIA;IncFIB(AP001918);IncFIC(FII)	114	0	0	GA	0															not_admitted	not_admitted	not_admitted	not_admitted	not_admitted	not_admitted	not_admitted	not_admitted	not_admitted	not_admitted	1	50;53472;54464;-;366.3	39;46453;47826;-;380.9	46;50000;50743;-;235.0	53;55473;58100;-;305.4	38;43634;46456;-;387.0	60;60155;61582;-;94.3	53;55473;58100;-;98.5	62;62297;62863;-;183.8	49;52825;53463;-;68.4	48;51020;52828;-;268.3	35;39953;42106;-;391.4	56;58616;59131;-;77.3	35;39953;42106;-;69.2	A	9/9	contiguous	22344	1	1	43121..43612-;163;TraS;0
CP057451.1	MPF_F	IncFIA;IncFIB(AP001918);IncFII(29)	128	0	0	GA	0															not_admitted	not_admitted	not_admitted	not_admitted	not_admitted	not_admitted	not_admitted	not_admitted	not_admitted	not_admitted	1	74;79654;80646;-;371.9	63;72595;73971;-;378.0	70;76182;76925;-;235.0	77;81655;84282;-;305.4	62;69776;72598;-;389.5	84;86441;87868;-;94.3	77;81655;84282;-;98.3	86;88583;89149;-;183.8	73;79007;79645;-;68.4	72;77202;79010;-;268.4	59;66090;68243;-;391.8	80;84798;85313;-;78.4	59;66090;68243;-;70.4	A	9/9	contiguous	22493	1	1	69275..69754-;159;TraS;0
CP057456.1	MPF_F	IncFIB(AP001918);IncFIC(FII)	103	0	0	GA	0															not_admitted	not_admitted	not_admitted	not_admitted	not_admitted	not_admitted	not_admitted	not_admitted	not_admitted	not_admitted	1	51;54269;55261;-;368.6	40;47210;48586;-;374.3	47;50797;51540;-;234.1	54;56270;58897;-;306.8	39;44397;47213;-;386.1	61;60952;62379;-;94.3	54;56270;58897;-;98.5	63;63094;63660;-;183.8	50;53622;54260;-;67.3	49;51817;53625;-;267.1	36;40681;42834;-;391.1	57;59413;59928;-;77.3	36;40681;42834;-;69.2	A	9/9	contiguous	22413	1	1	43843..44364-;173;unnamed;0
CP057469.1	MPF_F	IncFIA;IncFIB(AP001918);IncFIC(FII)	125	0	0	GA	0															not_admitted	not_admitted	not_admitted	not_admitted	not_admitted	not_admitted	not_admitted	not_admitted	not_admitted	not_admitted	1	58;65629;66621;-;366.3	47;58570;59946;-;374.3	54;62157;62900;-;235.2	61;67630;70257;-;302.4	46;55757;58573;-;386.1	68;72312;73739;-;94.3	61;67630;70257;-;98.3	70;74454;75020;-;183.8	57;64982;65620;-;68.4	56;63177;64985;-;267.3	43;52041;54194;-;391.1	64;70773;71288;-;78.4	43;52041;54194;-;69.2	A	9/9	contiguous	22413	1	1	55203..55724-;173;unnamed;0
CP057471.1	MPF_F	IncFIB(AP001918);IncFII(pSE11)	89	0	0	GA	0															not_admitted	not_admitted	not_admitted	not_admitted	not_admitted	not_admitted	not_admitted	not_admitted	not_admitted	not_admitted	1	21;23631;24623;+;369.3	32;30306;31682;+;380.3	25;27352;28095;+;235.0	18;19995;22622;+;305.4	33;31679;34495;+;386.9	50;56193;57620;-;94.3	18;19995;22622;+;98.5	52;58335;58901;-;182.2	22;24632;25270;+;68.4	23;25267;27075;+;268.2	36;36058;38256;+;391.5	15;18964;19479;+;78.4	36;36058;38256;+;69.2	A	9/9	split_2	39371	1	1	34528..35049+;173;unnamed;0
CP057472.1	MPF_T	IncX1;IncX3	47	0	0	GA	1	33;28229;28876;-;45.2	32;27955;28251;-;66.8	31;25180;27933;-;44.2	31;25180;27933;-;148.1	31;25180;27933;-;74.2	30;24411;25169;-;67.3	28;22984;24114;-;103.0		27;22025;22738;-;120.1	26;21091;22020;-;133.8	25;19889;21094;-;134.5	24;18856;19887;-;76.5	23;17018;18853;-;488.2		pfam	pfam_only	A	7/7	canonical	1	1	unscoreable	1	0	0														not_admitted	not_admitted	not_admitted	not_admitted	not_admitted	not_admitted	not_admitted
CP057474.1	MPF_F	IncFIB(AP001918);IncFII	96	0	0	GA	0															not_admitted	not_admitted	not_admitted	not_admitted	not_admitted	not_admitted	not_admitted	not_admitted	not_admitted	not_admitted	1	50;44975;45967;-;369.3	38;37924;39297;-;380.9	45;41510;42253;-;235.0	53;46976;49603;-;305.4	37;35108;37927;-;387.8	59;51762;53189;-;94.3	53;46976;49603;-;98.5	61;53904;54470;-;182.9	49;44328;44966;-;68.4	47;42530;44140;-;268.7	34;31418;33571;-;388.4	55;50119;50634;-;78.4	34;31418;33571;-;70.4	A	9/9	contiguous	22486	1	1	34604..35083-;159;TraS;0
CP057478.1	MPF_T	IncI2(Delta)	77	0	0	GA	1	41;29361;29843;-;81.1	56;45378;45668;-;28.9	55;44987;45271;-;34.4	54;42624;44981;-;60.1	54;42624;44981;-;44.0	65;50732;51373;-;43.4	66;51379;52374;-;136.6		52;41724;42458;-;144.4	51;40957;41727;-;170.5	50;39828;40967;-;154.7	44;31612;33150;-;207.1	48;36708;38666;-;287.0		pfam	pfam_only	A	7/7	rearranged	1	0	unscoreable	13	0	0														not_admitted	not_admitted	not_admitted	not_admitted	not_admitted	not_admitted	not_admitted
CP057480.1	MPF_F	IncFIB(AP001918);IncFII(29)	101	0	0	GA	0															not_admitted	not_admitted	not_admitted	not_admitted	not_admitted	not_admitted	not_admitted	not_admitted	not_admitted	not_admitted	1	51;59731;60723;-;369.3	40;52673;54046;-;378.0	47;56259;57002;-;235.0	54;61732;64359;-;305.4	39;49854;52676;-;388.4	61;66518;67945;-;94.3	54;61732;64359;-;98.5	63;68660;69226;-;183.8	50;59084;59722;-;68.4	49;57279;59087;-;268.4	36;46173;48326;-;391.8	57;64875;65390;-;78.8	36;46173;48326;-;70.4	A	9/9	contiguous	22487	1	1	49341..49832-;163;TraS;0
CP057486.1	MPF_F	IncFIB(AP001918);IncFII(pCoo)	108	0	0	GA	0															not_admitted	not_admitted	not_admitted	not_admitted	not_admitted	not_admitted	not_admitted	not_admitted	not_admitted	not_admitted	1	56;62565;63557;-;369.3	42;54284;55657;-;380.9	49;57832;58575;-;233.8	59;64566;67193;-;305.4	41;51462;54287;-;385.6	66;69248;70675;-;94.3	59;64566;67193;-;98.5	68;71390;71956;-;183.1	55;61918;62556;-;68.4	51;58852;60222;-;268.8	38;47806;49959;-;391.5	62;67709;68224;-;78.4	38;47806;49959;-;69.2	A	9/9	contiguous	23584	1	1	50956..51465-;169;unnamed;0
CP057488.1	MPF_F	IncFIB(AP001918);IncFIC(FII)	165	0	0	GA	0															not_admitted	not_admitted	not_admitted	not_admitted	not_admitted	not_admitted	not_admitted	not_admitted	not_admitted	not_admitted	1	100;97396;98388;-;368.6	89;90338;91714;-;381.0	96;93924;94667;-;235.0	103;99397;102024;-;305.4	88;87528;90341;-;389.0	110;104079;105506;-;94.3	103;99397;102024;-;98.5	112;106221;106787;-;181.7	99;96749;97387;-;67.6	98;94944;96752;-;267.7	85;83837;85990;-;389.7	106;102540;103055;-;77.3	85;83837;85990;-;70.4	A	9/9	contiguous	22384	1	1	87006..87503-;165;TraS;0
CP057489.1	MPF_T	IncX1;IncX3	41	0	0	GA	1	27;24936;25583;-;45.6	26;24662;24958;-;77.5	25;21890;24643;-;46.6	25;21890;24643;-;148.0	25;21890;24643;-;73.5	24;21130;21879;-;70.2	22;19758;20819;-;135.0		21;18799;19512;-;120.7	20;17865;18794;-;136.2	19;16663;17868;-;132.5	18;15630;16661;-;76.5	17;13792;15627;-;488.6		pfam	pfam_only	A	7/7	canonical	1	1	unscoreable	1	0	0														not_admitted	not_admitted	not_admitted	not_admitted	not_admitted	not_admitted	not_admitted
CP057492.1	MPF_F	IncFIB(AP001918);IncFII(pCoo)	108	0	0	GA	0															not_admitted	not_admitted	not_admitted	not_admitted	not_admitted	not_admitted	not_admitted	not_admitted	not_admitted	not_admitted	1	56;62565;63557;-;369.3	42;54284;55657;-;380.9	49;57832;58575;-;233.8	59;64566;67193;-;305.4	41;51462;54287;-;385.6	66;69248;70675;-;94.3	59;64566;67193;-;98.5	68;71390;71956;-;183.1	55;61918;62556;-;68.4	51;58852;60222;-;268.8	38;47806;49959;-;391.5	62;67709;68224;-;78.4	38;47806;49959;-;69.2	A	9/9	contiguous	23584	1	1	50956..51465-;169;unnamed;0
CP057494.1	MPF_F	IncFIB(AP001918);IncFII(pCoo)	157	0	0	GA	0															not_admitted	not_admitted	not_admitted	not_admitted	not_admitted	not_admitted	not_admitted	not_admitted	not_admitted	not_admitted	1	90;94276;95268;-;369.3	81;87862;89235;-;377.2	86;90801;91544;-;231.9	95;97846;100491;-;303.7	80;85046;87865;-;389.7	104;103879;105306;-;94.1	95;97846;100491;-;100.3	106;106021;106587;-;183.8	89;93629;94267;-;68.7	88;91824;93632;-;268.1	76;80569;82767;-;391.8	101;102480;102995;-;73.0	76;80569;82767;-;70.3	A	9/9	contiguous	25452	1	1	84524..85021-;165;TraS;0
CP057501.1	MPF_F	IncFII(29)	90	0	0	GA	0															not_admitted	not_admitted	not_admitted	not_admitted	not_admitted	not_admitted	not_admitted	not_admitted	not_admitted	not_admitted	1	61;47345;48337;+;368.5	76;56034;57407;+;374.8	69;52855;53598;+;232.1	58;43706;46336;+;302.2	77;57404;60250;+;372.8	51;39345;40799;+;94.0	58;43706;46336;+;98.2	49;38064;38630;+;176.5	64;49290;49928;+;70.4	67;50741;52591;+;262.7	81;62494;64746;+;391.7	54;41563;42078;+;82.1	81;62494;64746;+;70.3	A	9/9	contiguous	24430	1	1	60247..60756+;169;unnamed;0
CP057508.1	MPF_F	IncFIB(AP001918);IncFII(pCoo)	112	0	0	GA	0															not_admitted	not_admitted	not_admitted	not_admitted	not_admitted	not_admitted	not_admitted	not_admitted	not_admitted	not_admitted	1	39;47845;48837;-;367.8	28;40826;42199;-;380.9	35;44373;45116;-;235.0	42;49846;52473;-;301.8	27;38004;40829;-;387.0	49;54528;55955;-;94.2	42;49846;52473;-;98.5	51;56670;57236;-;184.5	38;47198;47836;-;68.9	37;45393;47201;-;268.3	24;34348;36501;-;391.5	45;52989;53504;-;78.4	24;34348;36501;-;69.2	A	9/9	contiguous	22322	1	1	37498..38007-;169;unnamed;0
CP057511.1	MPF_T	IncN	59	0	0	GA	1	12;8783;9517;+;32.5	14;9817;10110;+;28.7	15;10160;10477;+;63.3	16;10477;13077;+;111.8	16;10477;13077;+;76.8	17;13095;13808;+;97.1	19;14059;15099;+;153.6		20;15318;16016;+;131.9	21;16027;16911;+;159.0	22;16911;18071;+;152.0	23;18113;19108;+;81.2	41;39006;40535;-;38.5		pfam	both	A	7/7	canonical	1	0	unscoreable	2	0	0														not_admitted	not_admitted	not_admitted	not_admitted	not_admitted	not_admitted	not_admitted
CP057513.1	MPF_F	IncFII(29)	126	0	0	GA	0															not_admitted	not_admitted	not_admitted	not_admitted	not_admitted	not_admitted	not_admitted	not_admitted	not_admitted	not_admitted	1	102;84061;85053;+;369.3	113;91100;92476;+;381.0	108;88770;89513;+;234.4	99;80425;83052;+;302.9	114;92473;95316;+;373.9	93;76840;78267;+;94.3	99;80425;83052;+;99.0	91;75559;76125;+;183.8	105;86050;86688;+;67.1	106;86685;88493;+;265.3	117;96850;99084;+;391.7	97;79394;79909;+;77.4	117;96850;99084;+;70.3	A	9/9	contiguous	21291	1	1	95338..95817+;159;TraS;0
CP057517.1	MPF_F	IncFII(29)	125	0	0	GA	0															not_admitted	not_admitted	not_admitted	not_admitted	not_admitted	not_admitted	not_admitted	not_admitted	not_admitted	not_admitted	1	101;84062;85054;+;369.3	112;91101;92477;+;381.0	107;88771;89514;+;234.4	98;80426;83053;+;302.9	113;92474;95317;+;373.9	92;76841;78268;+;94.3	98;80426;83053;+;99.0	90;75560;76126;+;183.8	104;86051;86689;+;67.1	105;86686;88494;+;265.3	116;96851;99085;+;391.7	96;79395;79910;+;77.4	116;96851;99085;+;70.3	A	9/9	contiguous	21291	1	1	95339..95818+;159;TraS;0
CP057522.1	MPF_F	IncFIB(AP001918);IncFII(pCoo)	88	0	0	GA	0															not_admitted	not_admitted	not_admitted	not_admitted	not_admitted	not_admitted	not_admitted	not_admitted	not_admitted	not_admitted	1	41;50630;51622;-;369.3	30;43611;44984;-;380.9	37;47158;47901;-;233.8	44;52631;55258;-;305.4	29;40789;43614;-;385.6	50;57313;58740;-;94.3	44;52631;55258;-;98.5	52;59455;60021;-;183.1	40;49983;50621;-;68.4	39;48178;49986;-;267.5	26;37133;39286;-;391.5	46;55774;56289;-;78.4	26;37133;39286;-;69.2	A	9/9	contiguous	22322	1	1	40283..40792-;169;unnamed;0
CP057524.1	MPF_F	IncFIB(AP001918);IncFII(pSE11)	85	0	0	GA	0															not_admitted	not_admitted	not_admitted	not_admitted	not_admitted	not_admitted	not_admitted	not_admitted	not_admitted	not_admitted	1	38;48225;49217;-;366.3	27;41166;42542;-;380.3	34;44753;45496;-;235.0	41;50226;52853;-;305.4	26;38353;41169;-;387.9	48;54908;56335;-;94.3	41;50226;52853;-;98.5	50;57050;57616;-;183.8	37;47578;48216;-;68.4	36;45773;47581;-;268.3	23;34565;36790;-;391.4	44;53369;53884;-;78.4	23;34565;36790;-;69.1	A	9/9	contiguous	22485	1	1	37799..38320-;173;unnamed;0
CP057527.1	MPF_F	IncFII(pCoo)	74	0	0	GA	0															not_admitted	not_admitted	not_admitted	not_admitted	not_admitted	not_admitted	not_admitted	not_admitted	not_admitted	not_admitted	1	50;39870;40862;+;369.3	61;46912;48285;+;380.2	56;44579;45322;+;235.0	47;36231;38861;+;301.6	62;48282;51107;+;389.2	41;32418;33845;+;94.1	47;36231;38861;+;98.8	39;31137;31703;+;183.8	53;41859;42497;+;68.6	54;42494;44302;+;268.3	65;52611;54836;+;391.7	45;34967;35482;+;78.4	65;52611;54836;+;70.3	A	9/9	contiguous	21474	1	1	51104..51613+;169;unnamed;0
CP057528.1	MPF_T	IncI2(Delta)	80	0	0	GA	1	43;31364;31846;-;81.1	59;47815;48105;-;28.9	58;47424;47708;-;36.5	57;45061;47418;-;58.5	57;45061;47418;-;44.9	68;52739;53383;-;41.0	69;53389;54384;-;123.5		55;44161;44895;-;144.3	54;43394;44164;-;170.5	53;42265;43404;-;154.7	46;33614;35152;-;207.1	51;39217;41175;-;289.2		pfam	pfam_only	A	7/7	rearranged	1	0	unscoreable	14	0	0														not_admitted	not_admitted	not_admitted	not_admitted	not_admitted	not_admitted	not_admitted
CP057529.1	MPF_T	IncX4	47	0	0	GA	1	40;25354;25974;+;46.9	41;25988;26314;+;64.4	42;26333;29080;+;62.7	42;26333;29080;+;150.8	42;26333;29080;+;45.4	43;29092;29808;+;95.7	44;29820;30914;+;150.1		46;31429;32115;+;168.8	0;243;572;+;52.1	1;565;1683;+;163.9	2;1685;2713;+;85.0	3;2745;4562;+;316.5		pfam	pfam_only	A	7/7	canonical	1	1	unscoreable	1	0	0														not_admitted	not_admitted	not_admitted	not_admitted	not_admitted	not_admitted	not_admitted
CP057536.1	MPF_F	IncFII(29)	125	0	0	GA	0															not_admitted	not_admitted	not_admitted	not_admitted	not_admitted	not_admitted	not_admitted	not_admitted	not_admitted	not_admitted	1	101;84062;85054;+;369.3	112;91101;92477;+;381.0	107;88771;89514;+;234.4	98;80426;83053;+;302.9	113;92474;95317;+;373.9	92;76841;78268;+;94.3	98;80426;83053;+;99.0	90;75560;76126;+;183.8	104;86051;86689;+;67.1	105;86686;88494;+;265.3	116;96851;99085;+;391.7	96;79395;79910;+;77.4	116;96851;99085;+;70.3	A	9/9	contiguous	21291	1	1	95339..95818+;159;TraS;0
CP057541.1	MPF_F	IncFII(pCoo)	68	0	0	GA	0															not_admitted	not_admitted	not_admitted	not_admitted	not_admitted	not_admitted	not_admitted	not_admitted	not_admitted	not_admitted	1	45;36339;37331;+;369.3	55;42664;44037;+;381.0	49;40059;40802;+;232.1	42;32700;35330;+;301.5	56;44034;46859;+;389.2	35;28887;30314;+;94.1	42;32700;35330;+;100.2	33;27606;28172;+;183.8	46;37340;37978;+;68.7	47;37975;39783;+;268.3	59;48361;50541;+;391.8	39;31436;31951;+;78.9	59;48361;50541;+;70.4	A	9/9	contiguous	20755	1	1	46856..47365+;169;unnamed;0
CP057547.1	MPF_F	IncFII(pCoo)	74	0	0	GA	0															not_admitted	not_admitted	not_admitted	not_admitted	not_admitted	not_admitted	not_admitted	not_admitted	not_admitted	not_admitted	1	50;39871;40863;+;369.3	61;46913;48286;+;380.2	56;44580;45323;+;235.0	47;36232;38862;+;301.6	62;48283;51108;+;389.2	41;32419;33846;+;94.1	47;36232;38862;+;98.8	39;31138;31704;+;183.8	53;41860;42498;+;68.6	54;42495;44303;+;268.3	65;52612;54846;+;391.7	45;34968;35483;+;78.4	65;52612;54846;+;70.3	A	9/9	contiguous	21474	1	1	51105..51614+;169;unnamed;0
CP057548.1	MPF_T	IncI2(Delta)	81	0	0	GA	1	44;31364;31846;-;81.1	60;47815;48105;-;28.9	59;47424;47708;-;36.5	58;45061;47418;-;58.5	58;45061;47418;-;44.9	69;52739;53383;-;41.0	70;53389;54384;-;123.5		56;44161;44895;-;144.3	55;43394;44164;-;170.5	54;42265;43404;-;154.7	47;33614;35152;-;207.1	52;39217;41175;-;289.2		pfam	pfam_only	A	7/7	rearranged	1	0	unscoreable	14	0	0														not_admitted	not_admitted	not_admitted	not_admitted	not_admitted	not_admitted	not_admitted
CP057556.1	MPF_F	IncFII(29)	125	0	0	GA	0															not_admitted	not_admitted	not_admitted	not_admitted	not_admitted	not_admitted	not_admitted	not_admitted	not_admitted	not_admitted	1	101;84062;85054;+;369.3	112;91101;92477;+;381.0	107;88771;89514;+;234.4	98;80426;83053;+;302.9	113;92474;95317;+;373.9	92;76841;78268;+;94.3	98;80426;83053;+;99.0	90;75560;76126;+;183.8	104;86051;86689;+;67.1	105;86686;88494;+;265.3	116;96851;99085;+;391.7	96;79395;79910;+;77.4	116;96851;99085;+;70.3	A	9/9	contiguous	21291	1	1	95339..95818+;159;TraS;0
CP057571.1	MPF_F	IncFIA;IncFIB(AP001918);IncFII(29)	128	0	0	GA	0															not_admitted	not_admitted	not_admitted	not_admitted	not_admitted	not_admitted	not_admitted	not_admitted	not_admitted	not_admitted	1	77;80877;81869;-;371.9	66;73818;75194;-;378.0	73;77405;78148;-;235.0	80;82878;85505;-;305.4	65;70999;73821;-;389.5	87;87664;89091;-;94.3	80;82878;85505;-;98.3	89;89806;90372;-;183.8	76;80230;80868;-;68.4	75;78425;80233;-;268.4	62;67313;69466;-;391.8	83;86021;86536;-;78.4	62;67313;69466;-;70.4	A	9/9	contiguous	22493	1	1	70498..70977-;159;TraS;0
CP057575.1	MPF_F	IncFIA;IncFIB(AP001918);IncFII(29)	112	0	0	GA	0															not_admitted	not_admitted	not_admitted	not_admitted	not_admitted	not_admitted	not_admitted	not_admitted	not_admitted	not_admitted	1	48;52438;53430;-;368.6	37;45380;46753;-;378.0	44;48966;49709;-;235.0	51;54439;57066;-;306.8	36;42561;45383;-;388.4	58;59121;60548;-;94.3	51;54439;57066;-;98.5	60;61263;61829;-;183.8	47;51791;52429;-;67.4	46;49986;51794;-;268.4	33;38880;41033;-;391.8	54;57582;58097;-;77.3	33;38880;41033;-;70.4	A	9/9	contiguous	22383	1	1	42048..42539-;163;TraS;0
CP057578.1	MPF_F	IncFIA(HI1);IncFIB(pB171);IncFII(pCoo)	76	0	0	GA	0															not_admitted	not_admitted	not_admitted	not_admitted	not_admitted	not_admitted	not_admitted	not_admitted	not_admitted	not_admitted	1	37;48169;49161;-;368.4	26;41150;42523;-;380.9	33;44697;45440;-;234.6	40;50170;52797;-;305.4	25;38337;41153;-;387.9	46;54852;56279;-;94.3	40;50170;52797;-;98.5	48;56994;57560;-;183.8	36;47522;48160;-;69.4	35;45717;47525;-;268.9	22;34621;36774;-;391.4	42;53313;53828;-;78.4	22;34621;36774;-;69.2	A	9/9	contiguous	22373	1	1	37783..38304-;173;unnamed;0
CP057579.1	MPF_T	IncX4	46	0	0	GA	1	32;19761;20381;+;46.9	33;20395;20721;+;64.4	34;20740;23487;+;62.7	34;20740;23487;+;150.8	34;20740;23487;+;45.4	35;23499;24215;+;96.1	36;24226;25305;+;157.5		38;25820;26506;+;169.0	39;26503;27411;+;142.4	40;27404;28522;+;164.1	41;28524;29552;+;85.0	42;29584;31401;+;317.3		pfam	pfam_only	A	7/7	canonical	1	1	unscoreable	1	0	0														not_admitted	not_admitted	not_admitted	not_admitted	not_admitted	not_admitted	not_admitted
CP057585.1	MPF_F	IncFIA;IncFIB(AP001918);IncFII(29)	112	0	0	GA	0															not_admitted	not_admitted	not_admitted	not_admitted	not_admitted	not_admitted	not_admitted	not_admitted	not_admitted	not_admitted	1	48;52438;53430;-;368.6	37;45380;46753;-;378.0	44;48966;49709;-;235.0	51;54439;57066;-;306.8	36;42561;45383;-;388.4	58;59121;60548;-;94.3	51;54439;57066;-;98.5	60;61263;61829;-;183.8	47;51791;52429;-;67.4	46;49986;51794;-;268.4	33;38880;41033;-;391.8	54;57582;58097;-;77.3	33;38880;41033;-;70.4	A	9/9	contiguous	22383	1	1	42048..42539-;163;TraS;0
CP057588.1	MPF_F	IncFIA;IncFIB(AP001918);IncFII(29)	167	0	0	GA	0															not_admitted	not_admitted	not_admitted	not_admitted	not_admitted	not_admitted	not_admitted	not_admitted	not_admitted	not_admitted	1	110;113458;114450;-;371.9	99;106398;107771;-;377.6	106;109985;110728;-;235.0	113;115459;118086;-;305.4	98;103579;106401;-;389.1	120;120245;121672;-;94.3	113;115459;118086;-;98.3	122;122387;122953;-;181.1	109;112811;113449;-;68.4	108;111006;112814;-;268.3	95;99898;102051;-;391.8	116;118602;119117;-;78.4	95;99898;102051;-;70.4	A	9/9	contiguous	22489	1	1	103066..103557-;163;TraS;0
CP057590.1	MPF_F	IncFIA;IncFIB(AP001918);IncFII(29)	128	0	0	GA	0															not_admitted	not_admitted	not_admitted	not_admitted	not_admitted	not_admitted	not_admitted	not_admitted	not_admitted	not_admitted	1	77;80893;81885;-;371.9	66;73834;75210;-;378.0	73;77421;78164;-;235.0	80;82894;85521;-;305.4	65;71015;73837;-;389.5	87;87680;89107;-;94.3	80;82894;85521;-;98.3	89;89822;90388;-;183.8	76;80246;80884;-;68.4	75;78441;80249;-;268.4	62;67329;69482;-;391.8	83;86037;86552;-;78.4	62;67329;69482;-;70.4	A	9/9	contiguous	22493	1	1	70514..70993-;159;TraS;0
CP057595.1	MPF_F	IncFIA;IncFIB(AP001918);IncFIC(FII)	113	0	0	GA	0															not_admitted	not_admitted	not_admitted	not_admitted	not_admitted	not_admitted	not_admitted	not_admitted	not_admitted	not_admitted	1	52;53875;54867;-;368.6	40;46835;48211;-;374.3	47;50422;51165;-;234.1	55;55876;58503;-;307.2	39;44022;46838;-;386.1	62;60558;61985;-;94.2	55;55876;58503;-;98.5	64;62700;63266;-;183.8	50;53247;53564;-;46.2	49;51442;53250;-;267.1	36;40306;42459;-;391.1	58;59019;59534;-;77.3	36;40306;42459;-;69.2	A	9/9	contiguous	22394	1	1	43468..43989-;173;unnamed;0
CP057604.1	MPF_F	IncFIA;IncFIB(AP001918);IncFII(29)	165	0	0	GA	0															not_admitted	not_admitted	not_admitted	not_admitted	not_admitted	not_admitted	not_admitted	not_admitted	not_admitted	not_admitted	1	108;113084;114076;-;371.9	97;106024;107397;-;377.6	104;109611;110354;-;235.0	111;115085;117712;-;305.4	96;103205;106027;-;389.1	118;119871;121298;-;94.3	111;115085;117712;-;98.3	120;122013;122579;-;181.1	107;112437;113075;-;68.4	106;110632;112440;-;268.3	93;99524;101677;-;391.8	114;118228;118743;-;78.4	93;99524;101677;-;70.4	A	9/9	contiguous	22489	1	1	102692..103183-;163;TraS;0
CP057606.1	MPF_F	IncFIB(AP001918);IncFII(pCoo)	90	0	0	GA	0															not_admitted	not_admitted	not_admitted	not_admitted	not_admitted	not_admitted	not_admitted	not_admitted	not_admitted	not_admitted	1	39;50116;51108;-;369.3	30;43701;45074;-;377.0	35;46641;47384;-;234.7	44;53686;56328;-;303.4	29;40879;43704;-;383.7	51;58383;59810;-;94.2	44;53686;56328;-;100.3	53;60525;61091;-;182.9	38;49469;50107;-;68.7	37;47664;49472;-;268.1	26;37160;39376;-;391.8	47;56844;57359;-;78.4	26;37160;39376;-;70.3	A	9/9	contiguous	23365	1	1	40373..40882-;169;unnamed;0
CP057609.1	MPF_F	IncFIB(AP001918);IncFII(pCoo)	90	0	0	GA	0															not_admitted	not_admitted	not_admitted	not_admitted	not_admitted	not_admitted	not_admitted	not_admitted	not_admitted	not_admitted	1	39;50116;51108;-;369.3	30;43701;45074;-;377.0	35;46641;47384;-;234.7	44;53686;56328;-;303.4	29;40879;43704;-;383.7	51;58383;59810;-;94.2	44;53686;56328;-;100.3	53;60525;61091;-;182.9	38;49469;50107;-;68.7	37;47664;49472;-;268.1	26;37160;39376;-;391.8	47;56844;57359;-;78.4	26;37160;39376;-;70.3	A	9/9	contiguous	23365	1	1	40373..40882-;169;unnamed;0
CP057613.1	MPF_F	IncFIB(AP001918);IncFII(pCoo)	90	0	0	GA	0															not_admitted	not_admitted	not_admitted	not_admitted	not_admitted	not_admitted	not_admitted	not_admitted	not_admitted	not_admitted	1	39;50116;51108;-;369.3	30;43701;45074;-;377.0	35;46641;47384;-;234.7	44;53686;56328;-;303.4	29;40879;43704;-;383.7	51;58383;59810;-;94.2	44;53686;56328;-;100.3	53;60525;61091;-;182.9	38;49469;50107;-;68.7	37;47664;49472;-;268.1	26;37160;39376;-;391.8	47;56844;57359;-;78.4	26;37160;39376;-;70.3	A	9/9	contiguous	23365	1	1	40373..40882-;169;unnamed;0
CP057616.1	MPF_F	IncFIA;IncFIB(AP001918);IncFII(29)	128	0	0	GA	0															not_admitted	not_admitted	not_admitted	not_admitted	not_admitted	not_admitted	not_admitted	not_admitted	not_admitted	not_admitted	1	74;79665;80657;-;371.9	63;72606;73982;-;378.0	70;76193;76936;-;235.0	77;81666;84293;-;305.4	62;69787;72609;-;389.5	84;86452;87879;-;94.3	77;81666;84293;-;98.3	86;88594;89160;-;183.8	73;79018;79656;-;68.4	72;77213;79021;-;268.4	59;66101;68254;-;391.8	80;84809;85324;-;78.4	59;66101;68254;-;70.4	A	9/9	contiguous	22493	1	1	69286..69765-;159;TraS;0
CP057618.1	MPF_F	IncFIA;IncFIB(AP001918);IncFII(pCoo)	129	0	0	GA	0															not_admitted	not_admitted	not_admitted	not_admitted	not_admitted	not_admitted	not_admitted	not_admitted	not_admitted	not_admitted	1	77;80663;81655;-;369.3	66;73605;74978;-;380.4	73;77191;77934;-;235.0	80;82664;85291;-;303.3	65;70786;73608;-;386.4	87;87346;88773;-;90.9	80;82664;85291;-;98.5	89;89488;90054;-;184.2	76;80016;80654;-;68.4	75;78211;80019;-;268.0	62;67105;69258;-;391.6	83;85807;86322;-;78.2	62;67105;69258;-;69.2	A	9/9	contiguous	22383	1	1	70273..70764-;163;TraS;0
CP057622.1	MPF_F	IncFIA;IncFIB(AP001918);IncFIC(FII)	123	0	0	GA	0															not_admitted	not_admitted	not_admitted	not_admitted	not_admitted	not_admitted	not_admitted	not_admitted	not_admitted	not_admitted	1	62;67846;68838;-;368.6	50;60785;62161;-;374.3	57;64372;65115;-;234.1	65;69847;72474;-;306.8	49;57972;60788;-;386.1	72;74529;75956;-;94.3	65;69847;72474;-;98.5	74;76671;77237;-;183.8	61;67199;67837;-;67.3	59;65392;66021;-;212.6	46;54256;56409;-;391.1	68;72990;73505;-;77.3	46;54256;56409;-;69.2	A	9/9	contiguous	22415	1	1	57418..57939-;173;unnamed;0
CP057627.1	MPF_F	IncFIA;IncFIB(AP001918);IncFIC(FII)	119	0	0	GA	0															not_admitted	not_admitted	not_admitted	not_admitted	not_admitted	not_admitted	not_admitted	not_admitted	not_admitted	not_admitted	1	52;54772;55764;-;366.3	41;47753;49126;-;380.9	48;51300;52043;-;235.0	55;56773;59400;-;305.4	40;44934;47756;-;387.0	62;61455;62882;-;94.3	55;56773;59400;-;98.5	64;63597;64163;-;183.8	51;54125;54763;-;68.4	50;52320;54128;-;268.3	37;41253;43406;-;391.4	58;59916;60431;-;77.3	37;41253;43406;-;69.2	A	9/9	contiguous	22344	1	1	44421..44912-;163;TraS;0
CP057637.1	MPF_F	IncFIA;IncFIB(AP001918);IncFII(29)	115	0	0	GA	0															not_admitted	not_admitted	not_admitted	not_admitted	not_admitted	not_admitted	not_admitted	not_admitted	not_admitted	not_admitted	1	50;53695;54687;-;369.3	39;46637;48010;-;378.0	46;50223;50966;-;235.0	53;55696;58323;-;305.4	38;43818;46640;-;388.4	60;60482;61909;-;94.3	53;55696;58323;-;98.5	62;62624;63190;-;183.8	49;53048;53686;-;68.4	48;51243;53051;-;268.4	35;40137;42290;-;391.8	56;58839;59354;-;78.4	35;40137;42290;-;70.4	A	9/9	contiguous	22487	1	1	43305..43796-;163;TraS;0
CP057641.1	MPF_F	IncFIB(AP001918);IncFIC(FII)	166	0	0	GA	0															not_admitted	not_admitted	not_admitted	not_admitted	not_admitted	not_admitted	not_admitted	not_admitted	not_admitted	not_admitted	1	97;96255;97247;-;369.3	88;89821;91197;-;380.2	93;92783;93526;-;232.2	100;98256;100883;-;305.4	87;87002;89824;-;392.0	107;103036;104463;-;94.0	100;98256;100883;-;98.5	109;105178;105744;-;183.8	96;95608;96246;-;68.7	95;93803;95611;-;268.0	84;83315;85468;-;391.5	103;101399;101914;-;78.4	84;83315;85468;-;69.2	A	9/9	contiguous	21863	1	1	86501..86980-;159;TraS;0
CP057644.1	MPF_F	IncFIB(AP001918);IncFII(29)	163	0	0	GA	0															not_admitted	not_admitted	not_admitted	not_admitted	not_admitted	not_admitted	not_admitted	not_admitted	not_admitted	not_admitted	1	98;97481;98473;-;371.9	87;90421;91794;-;377.6	94;94008;94751;-;235.0	101;99482;102109;-;305.4	86;87602;90424;-;389.1	108;104268;105695;-;94.3	101;99482;102109;-;98.3	110;106410;106976;-;183.8	97;96834;97472;-;68.4	96;95029;96837;-;268.3	83;83921;86074;-;391.8	104;102625;103140;-;78.4	83;83921;86074;-;70.4	A	9/9	contiguous	22489	1	1	87089..87580-;163;TraS;0
CP057646.1	MPF_F	IncFIA;IncFII	165	0	0	GA	0															not_admitted	not_admitted	not_admitted	not_admitted	not_admitted	not_admitted	not_admitted	not_admitted	not_admitted	not_admitted	1	139;120593;121591;+;349.3	149;128327;129763;+;341.7	144;125692;126477;+;216.6	135;116721;119360;+;253.3	150;129763;132672;+;317.2	133;114866;116200;+;96.3	135;116721;119360;+;118.2	131;113541;114119;+;126.2	142;123154;123759;+;57.1	143;123756;125690;+;240.4	155;135518;137704;+;370.6	134;116212;116724;+;60.3	155;135518;137704;+;61.8	A	9/9	contiguous	21977	1	1	132687..133334+;215;unnamed;1
CP057647.1	MPF_F	IncFII	69	0	0	GA	0															not_admitted	not_admitted	not_admitted	not_admitted	not_admitted	not_admitted	not_admitted	not_admitted	not_admitted	not_admitted	1	45;37893;38885;+;369.3	56;44932;46308;+;381.0	51;42602;43345;+;231.8	42;34257;36884;+;305.1	57;46305;49151;+;373.9	37;30672;32099;+;94.2	42;34257;36884;+;99.0	35;29391;29957;+;183.8	48;39882;40520;+;67.1	49;40517;42325;+;268.3	60;50655;52808;+;391.8	41;33226;33741;+;77.4	60;50655;52808;+;70.4	A	9/9	contiguous	21264	1	1	49148..49657+;169;unnamed;0
CP057651.1	MPF_F	IncFII	71	0	0	GA	0															not_admitted	not_admitted	not_admitted	not_admitted	not_admitted	not_admitted	not_admitted	not_admitted	not_admitted	not_admitted	1	47;35345;36337;+;369.3	58;42387;43760;+;381.0	53;40054;40797;+;235.0	44;31706;34336;+;301.6	59;43757;46582;+;389.2	38;27893;29320;+;94.1	44;31706;34336;+;98.8	36;26612;27178;+;183.8	50;37334;37972;+;68.6	51;37969;39777;+;268.3	62;48086;50311;+;391.7	42;30442;30957;+;78.4	62;48086;50311;+;70.3	A	9/9	contiguous	21474	1	1	46579..47088+;169;unnamed;0
CP057661.1	MPF_F	IncFIB(AP001918);IncFII(29)	164	0	0	GA	0															not_admitted	not_admitted	not_admitted	not_admitted	not_admitted	not_admitted	not_admitted	not_admitted	not_admitted	not_admitted	1	100;97329;98321;-;371.9	89;90269;91642;-;377.6	96;93856;94599;-;235.0	103;99330;101957;-;302.8	88;87450;90272;-;389.1	110;104116;105543;-;94.3	103;99330;101957;-;98.3	112;106258;106824;-;183.8	99;96682;97320;-;68.4	98;94877;96685;-;268.3	85;83769;85922;-;391.8	106;102473;102988;-;78.4	85;83769;85922;-;70.4	A	9/9	contiguous	22489	1	1	86937..87428-;163;TraS;0
CP057666.1	MPF_F	IncFIB(AP001918);IncFII(pRSB107)	142	0	0	GA	0															not_admitted	not_admitted	not_admitted	not_admitted	not_admitted	not_admitted	not_admitted	not_admitted	not_admitted	not_admitted	1	86;85929;86921;-;369.3	73;76935;78308;-;379.8	80;81427;82170;-;235.0	89;87930;90560;-;303.8	72;74116;76938;-;389.2	99;94597;96024;-;94.4	89;87930;90560;-;98.5	101;96739;97305;-;183.8	83;84294;84932;-;67.5	82;82447;84297;-;265.1	69;70393;72582;-;391.8	95;92954;93469;-;76.4	69;70393;72582;-;70.3	A	9/9	contiguous	26346	1	1	73598..74095-;165;TraS;0
CP057670.1	MPF_F	IncFII(29)	77	0	0	GA	0															not_admitted	not_admitted	not_admitted	not_admitted	not_admitted	not_admitted	not_admitted	not_admitted	not_admitted	not_admitted	1	51;38233;39225;+;371.9	62;44912;46285;+;377.6	55;41955;42698;+;235.0	48;34597;37224;+;305.4	63;46282;49104;+;389.1	42;31011;32438;+;94.3	48;34597;37224;+;98.3	40;29730;30296;+;183.8	52;39234;39872;+;68.4	53;39869;41677;+;268.3	66;50632;52785;+;391.8	46;33566;34081;+;78.4	66;50632;52785;+;70.4	A	9/9	contiguous	20902	1	1	49126..49617+;163;TraS;0
CP057674.1	MPF_F	IncFIB(AP001918);IncFII(pCoo)	126	0	0	GA	0															not_admitted	not_admitted	not_admitted	not_admitted	not_admitted	not_admitted	not_admitted	not_admitted	not_admitted	not_admitted	1	71;78255;79247;-;369.3	60;71233;72606;-;380.9	67;74780;75523;-;234.7	76;81825;84467;-;299.4	59;68411;71236;-;383.7	83;86522;87949;-;94.2	76;81825;84467;-;100.3	85;88664;89230;-;184.5	70;77608;78246;-;68.7	69;75803;77611;-;268.1	56;64692;66908;-;391.7	79;84983;85498;-;78.4	56;64692;66908;-;70.3	A	9/9	contiguous	23972	1	1	67905..68414-;169;unnamed;0
CP057678.1	MPF_F	IncFIB(AP001918);IncFII(29)	160	0	0	GA	0															not_admitted	not_admitted	not_admitted	not_admitted	not_admitted	not_admitted	not_admitted	not_admitted	not_admitted	not_admitted	1	95;94896;95888;-;371.9	84;87836;89209;-;377.6	91;91423;92166;-;235.0	98;96897;99524;-;305.4	83;85017;87839;-;389.1	105;101683;103110;-;94.3	98;96897;99524;-;98.3	107;103825;104391;-;183.8	94;94249;94887;-;68.4	93;92444;94252;-;268.3	80;81336;83489;-;391.8	101;100040;100555;-;78.7	80;81336;83489;-;70.4	A	9/9	contiguous	22489	1	1	84504..84995-;163;TraS;0
CP057691.1	MPF_F	IncFIB(AP001918);IncFII(pHN7A8)	116	0	0	GA	0															not_admitted	not_admitted	not_admitted	not_admitted	not_admitted	not_admitted	not_admitted	not_admitted	not_admitted	not_admitted	1	55;52977;53969;-;369.3	44;45919;47292;-;381.0	51;49505;50248;-;235.0	58;54978;57605;-;305.4	43;43100;45922;-;388.6	65;59660;61087;-;91.1	58;54978;57605;-;98.5	67;61802;62368;-;184.2	54;52330;52968;-;68.4	53;50525;52333;-;268.3	40;39414;41567;-;391.5	61;58121;58636;-;78.7	40;39414;41567;-;69.2	A	9/9	contiguous	22388	1	1	42599..43078-;159;TraS;0
CP057697.1	MPF_F	IncFIB(AP001918);IncFIC(FII)	195	0	0	GA	0															not_admitted	not_admitted	not_admitted	not_admitted	not_admitted	not_admitted	not_admitted	not_admitted	not_admitted	not_admitted	1	124;122593;123585;-;369.3	113;115574;116947;-;381.0	120;119121;119864;-;234.4	127;124594;127221;-;302.9	112;112752;115577;-;389.2	133;129276;130703;-;94.3	127;124594;127221;-;98.5	135;131418;131984;-;183.8	123;121946;122584;-;68.7	122;120141;121949;-;268.3	109;109095;111248;-;390.5	129;127737;128252;-;78.4	109;109095;111248;-;69.2	A	9/9	contiguous	22323	1	1	112246..112755-;169;unnamed;0
CP057699.1	MPF_F	IncFII(pHN7A8)	88	0	0	GA	0															not_admitted	not_admitted	not_admitted	not_admitted	not_admitted	not_admitted	not_admitted	not_admitted	not_admitted	not_admitted	1	62;54619;55611;+;369.3	72;60940;62316;+;381.0	66;58340;59083;+;234.4	59;50983;53610;+;302.9	73;62313;65135;+;389.2	53;47501;48928;+;94.3	59;50983;53610;+;98.5	51;46220;46786;+;183.8	63;55620;56258;+;68.7	64;56255;58063;+;268.3	77;67410;69626;+;391.7	57;49952;50467;+;78.4	77;67410;69626;+;70.4	A	9/9	contiguous	21190	1	1	65157..65636+;159;TraS;0
CP057706.1	MPF_F	IncFIA;IncFII(pSE11)	93	0	0	GA	0															not_admitted	not_admitted	not_admitted	not_admitted	not_admitted	not_admitted	not_admitted	not_admitted	not_admitted	not_admitted	1	64;48483;49475;+;369.3	74;54882;56255;+;376.8	68;52204;52947;+;233.3	61;44847;47474;+;306.8	75;56252;59074;+;389.2	55;41509;42936;+;94.1	61;44847;47474;+;99.5	53;40228;40794;+;183.8	65;49484;50122;+;68.7	66;50119;51927;+;267.6	78;60607;62787;+;391.8	58;43817;44332;+;78.4	78;60607;62787;+;70.4	A	9/9	contiguous	20379	1	1	59095..59592+;165;TraS;0
CP057707.1	MPF_T	IncI2(Delta)	77	0	0	GA	1	38;30100;30582;-;81.1	54;46557;46847;-;28.9	53;46166;46450;-;36.5	52;43803;46160;-;58.5	52;43803;46160;-;44.9	63;51373;52014;-;42.8	64;52020;53015;-;128.5		50;42903;43637;-;144.3	49;42136;42906;-;170.5	48;41007;42146;-;154.7	41;32350;33888;-;207.1	46;37959;39917;-;288.2		pfam	pfam_only	A	7/7	rearranged	1	0	unscoreable	14	1	0														not_admitted	not_admitted	not_admitted	not_admitted	not_admitted	not_admitted	not_admitted
CP057714.1	MPF_F	IncFIA(HI1);IncHI1A;IncHI1B(R27);IncQ1	241	0	0	GA	0															not_admitted	not_admitted	not_admitted	not_admitted	not_admitted	not_admitted	not_admitted	not_admitted	not_admitted	not_admitted	1	15;14855;15907;+;277.6	153;142074;143489;-;201.7	154;143479;144525;-;171.3	240;214064;216745;+;160.9	152;138076;142065;-;103.1	236;210358;211716;+;84.0	240;214064;216745;+;76.5	233;207906;208691;+;68.7	13;13202;14710;+;65.6	16;15930;19106;+;58.9	160;151460;153544;+;50.2	239;213105;214055;+;45.2	160;151460;153544;+;36.5	A	9/9	split_3	200862	0	1	
CP057715.1	MPF_F	-	87	0	0	GA	0															not_admitted	not_admitted	not_admitted	not_admitted	not_admitted	not_admitted	not_admitted	not_admitted	not_admitted	not_admitted	1	73;62063;63661;+;331.8	79;66697;68085;+;239.5	77;65384;66211;+;178.8	70;55479;58013;+;141.2	80;68085;73154;+;117.9	68;53714;54961;+;56.7	70;55479;58013;+;77.2	66;52258;52887;+;54.0	75;64098;64847;+;97.3	72;60051;61907;+;74.4	19;16497;18806;-;348.0	69;54961;55479;+;73.4	19;16497;18806;-;63.9	A	9/9	split_2	51588	1	1	73255..73443+;62;unnamed;0
CP057718.1	MPF_F	IncFIA;IncFII(pSE11)	93	0	0	GA	0															not_admitted	not_admitted	not_admitted	not_admitted	not_admitted	not_admitted	not_admitted	not_admitted	not_admitted	not_admitted	1	64;48483;49475;+;369.3	74;54882;56255;+;376.8	68;52204;52947;+;233.3	61;44847;47474;+;306.8	75;56252;59074;+;389.2	55;41509;42936;+;94.1	61;44847;47474;+;99.5	53;40228;40794;+;183.8	65;49484;50122;+;68.7	66;50119;51927;+;267.6	78;60607;62787;+;391.8	58;43817;44332;+;78.4	78;60607;62787;+;70.4	A	9/9	contiguous	20379	1	1	59095..59592+;165;TraS;0
CP057726.1	MPF_F	IncHI2;IncHI2A	304	0	0	GA	0															not_admitted	not_admitted	not_admitted	not_admitted	not_admitted	not_admitted	not_admitted	not_admitted	not_admitted	not_admitted	1	29;31810;32868;+;276.9	208;198916;200331;-;194.1	209;200321;201367;-;174.3	13;10304;12985;+;168.0	207;194954;198907;-;101.6	9;6619;7974;+;80.7	13;10304;12985;+;72.2	6;4107;4895;+;74.8	27;30157;31668;+;62.0	30;32887;36075;+;57.3	216;208409;210493;+;56.8	12;9345;10295;+;46.1	216;208409;210493;+;38.8	A	9/9	split_2	204302	1	1	193484..194773-;429;unnamed;0
CP057730.1	MPF_F	IncHI2;IncHI2A	288	0	0	GA	0															not_admitted	not_admitted	not_admitted	not_admitted	not_admitted	not_admitted	not_admitted	not_admitted	not_admitted	not_admitted	1	29;31810;32868;+;276.9	194;184223;185638;-;194.1	195;185628;186674;-;174.3	13;10304;12985;+;168.0	193;180261;184214;-;101.6	9;6619;7974;+;80.7	13;10304;12985;+;72.2	6;4107;4895;+;74.8	27;30157;31668;+;62.0	30;32887;36075;+;57.3	265;240083;242167;-;56.8	12;9345;10295;+;46.1	265;240083;242167;-;38.8	A	9/9	split_3	235976	1	1	178791..180080-;429;unnamed;0
CP057732.1	MPF_F	IncHI2;IncHI2A	304	0	0	GA	0															not_admitted	not_admitted	not_admitted	not_admitted	not_admitted	not_admitted	not_admitted	not_admitted	not_admitted	not_admitted	1	27;30461;31519;+;276.9	209;197830;199245;-;194.1	210;199235;200281;-;174.3	11;8955;11636;+;168.0	208;193868;197821;-;101.6	7;5270;6625;+;80.7	11;8955;11636;+;72.2	4;2758;3546;+;74.8	25;28808;30319;+;62.0	28;31538;34726;+;57.3	217;207234;209318;+;56.8	10;7996;8946;+;46.1	217;207234;209318;+;38.8	A	9/9	split_2	204476	1	1	192398..193687-;429;unnamed;0
CP057734.1	MPF_F	IncFII(29)	149	0	0	GA	0															not_admitted	not_admitted	not_admitted	not_admitted	not_admitted	not_admitted	not_admitted	not_admitted	not_admitted	not_admitted	1	120;100965;101957;+;369.3	133;108630;110003;+;376.2	126;105674;106417;+;233.3	117;97335;99956;+;302.3	134;110000;112819;+;389.2	113;93999;95426;+;94.3	117;97335;99956;+;90.8	111;92718;93284;+;183.8	123;102954;103592;+;68.6	124;103589;105397;+;267.0	141;117797;120022;+;391.7	116;96304;96819;+;78.0	141;117797;120022;+;70.3	A	9/9	contiguous	25079	1	1	112844..113335+;163;TraS;0
CP057739.1	MPF_F	IncHI2;IncHI2A	304	0	0	GA	0															not_admitted	not_admitted	not_admitted	not_admitted	not_admitted	not_admitted	not_admitted	not_admitted	not_admitted	not_admitted	1	27;30461;31519;+;276.9	209;197830;199245;-;194.1	210;199235;200281;-;174.3	11;8955;11636;+;168.0	208;193868;197821;-;101.6	7;5270;6625;+;80.7	11;8955;11636;+;72.2	4;2758;3546;+;74.8	25;28808;30319;+;62.0	28;31538;34726;+;57.3	217;207234;209318;+;56.8	10;7996;8946;+;46.1	217;207234;209318;+;38.8	A	9/9	split_2	204476	1	1	192398..193687-;429;unnamed;0
CP057741.1	MPF_F	IncFII(29)	149	0	0	GA	0															not_admitted	not_admitted	not_admitted	not_admitted	not_admitted	not_admitted	not_admitted	not_admitted	not_admitted	not_admitted	1	120;100964;101956;+;369.3	133;108629;110002;+;376.2	126;105673;106416;+;233.3	117;97334;99955;+;302.3	134;109999;112818;+;389.2	113;93998;95425;+;94.3	117;97334;99955;+;90.8	111;92717;93283;+;183.8	123;102953;103591;+;68.6	124;103588;105396;+;267.0	141;117796;120021;+;391.7	116;96303;96818;+;78.0	141;117796;120021;+;70.3	A	9/9	contiguous	25079	1	1	112843..113334+;163;TraS;0
CP057747.1	MPF_F	IncFIB(pB171)	135	0	0	GA	0															not_admitted	not_admitted	not_admitted	not_admitted	not_admitted	not_admitted	not_admitted	not_admitted	not_admitted	not_admitted	1	71;84681;85679;-;355.1	64;78594;79958;-;356.4	68;81418;82200;-;218.0	78;88366;90969;-;217.3	63;75361;78594;-;299.0	82;92476;93873;-;93.6	78;88366;90969;-;101.6	84;94622;95206;-;103.8	70;84050;84670;-;57.0	69;82197;84053;-;214.7	56;69713;72244;-;358.5	79;90966;91523;-;39.5	56;69713;72244;-;68.0	A	9/9	contiguous	24909	1	1	74642..75352-;236;unnamed;0
CP057748.1	-	repE(pEh60-7)	107	0	0	GA	0															not_admitted	not_admitted	not_admitted	not_admitted	not_admitted	not_admitted	not_admitted	not_admitted	not_admitted	not_admitted	1				98;101478;102728;-;216.2							96;98472;101003;-;358.5		96;98472;101003;-;68.0	D	1/9	contiguous	3006	0	0	
CP057749.1	MPF_T	IncX1;IncX3	58	0	0	GA	1	44;43085;43732;-;45.2	43;42811;43107;-;77.5	42;40039;42792;-;47.9	42;40039;42792;-;147.9	42;40039;42792;-;75.3	41;39270;40028;-;67.3	39;37899;39032;-;106.3		38;36941;37654;-;118.5	37;36007;36936;-;133.8	36;34805;36010;-;132.5	35;33772;34803;-;79.0	34;31934;33769;-;489.3		pfam	pfam_only	A	7/7	canonical	1	1	unscoreable	1	0	0														not_admitted	not_admitted	not_admitted	not_admitted	not_admitted	not_admitted	not_admitted
CP057752.1	MPF_F	IncHI2;IncHI2A	304	0	0	GA	0															not_admitted	not_admitted	not_admitted	not_admitted	not_admitted	not_admitted	not_admitted	not_admitted	not_admitted	not_admitted	1	27;30461;31519;+;276.9	209;197830;199245;-;194.1	210;199235;200281;-;174.3	11;8955;11636;+;168.0	208;193868;197821;-;101.6	7;5270;6625;+;80.7	11;8955;11636;+;72.2	4;2758;3546;+;74.8	25;28808;30319;+;62.0	28;31538;34726;+;57.3	217;207234;209318;+;56.8	10;7996;8946;+;46.1	217;207234;209318;+;38.8	A	9/9	split_2	204476	1	1	192398..193687-;429;unnamed;0
CP057754.1	MPF_F	IncFII(29)	149	0	0	GA	0															not_admitted	not_admitted	not_admitted	not_admitted	not_admitted	not_admitted	not_admitted	not_admitted	not_admitted	not_admitted	1	120;100964;101956;+;369.3	133;108629;110002;+;376.2	126;105673;106416;+;233.3	117;97334;99955;+;302.3	134;109999;112818;+;389.2	113;93998;95425;+;94.3	117;97334;99955;+;90.8	111;92717;93283;+;183.8	123;102953;103591;+;68.6	124;103588;105396;+;267.0	141;117796;120021;+;391.7	116;96303;96818;+;78.0	141;117796;120021;+;70.3	A	9/9	contiguous	25079	1	1	112843..113334+;163;TraS;0
CP057760.1	MPF_F	IncHI2;IncHI2A	304	0	0	GA	0															not_admitted	not_admitted	not_admitted	not_admitted	not_admitted	not_admitted	not_admitted	not_admitted	not_admitted	not_admitted	1	27;30461;31519;+;276.9	209;197830;199245;-;194.1	210;199235;200281;-;174.3	11;8955;11636;+;168.0	208;193868;197821;-;101.6	7;5270;6625;+;80.7	11;8955;11636;+;72.2	4;2758;3546;+;74.8	25;28808;30319;+;62.0	28;31538;34726;+;57.3	217;207234;209318;+;56.8	10;7996;8946;+;46.1	217;207234;209318;+;38.8	A	9/9	split_2	204476	1	1	192398..193687-;429;unnamed;0
CP057762.1	MPF_F	IncFII(29)	145	0	0	GA	0															not_admitted	not_admitted	not_admitted	not_admitted	not_admitted	not_admitted	not_admitted	not_admitted	not_admitted	not_admitted	1	116;97306;98298;+;369.3	129;104971;106344;+;376.2	122;102015;102758;+;233.3	113;93676;96297;+;302.3	130;106341;109160;+;389.2	109;90340;91767;+;94.3	113;93676;96297;+;90.8	107;89059;89625;+;183.8	119;99295;99933;+;68.6	120;99930;101738;+;267.0	137;114138;116363;+;391.7	112;92645;93160;+;78.0	137;114138;116363;+;70.3	A	9/9	contiguous	25079	1	1	109185..109676+;163;TraS;0
CP057768.1	MPF_F	IncFIA;IncFII	213	0	0	GA	0															not_admitted	not_admitted	not_admitted	not_admitted	not_admitted	not_admitted	not_admitted	not_admitted	not_admitted	not_admitted	1	180;155020;156018;+;349.2	189;162223;163629;+;340.0	185;160119;160904;+;217.6	175;150756;153395;+;248.9	190;163629;166538;+;314.9	173;148883;150229;+;94.8	175;150756;153395;+;114.4	171;147558;148136;+;129.2	183;157581;158183;+;56.2	184;158180;160117;+;240.3	197;170119;172317;+;370.5	174;150226;150759;+;52.3	197;170119;172317;+;61.7	A	9/9	contiguous	22561	1	1	166553..167200+;215;unnamed;1
CP057769.1	MPF_F	IncFII(pSE11)	76	0	0	GA	0															not_admitted	not_admitted	not_admitted	not_admitted	not_admitted	not_admitted	not_admitted	not_admitted	not_admitted	not_admitted	1	54;43413;44411;+;349.2	62;50228;51634;+;341.2	59;48512;49297;+;217.8	50;39541;42180;+;251.4	63;51634;54543;+;314.9	48;37686;39020;+;97.2	50;39541;42180;+;117.8	46;36361;36939;+;124.8	57;45974;46576;+;56.2	58;46573;48510;+;243.1	68;57388;59574;+;370.4	49;39032;39544;+;60.2	68;57388;59574;+;61.9	A	9/9	contiguous	21027	1	1	54558..55208+;216;unnamed;1
CP057775.1	MPF_F	IncFII(29)	76	0	0	GA	0															not_admitted	not_admitted	not_admitted	not_admitted	not_admitted	not_admitted	not_admitted	not_admitted	not_admitted	not_admitted	1	51;42928;43920;+;369.3	63;50311;51687;+;381.0	57;47636;48379;+;234.4	48;39292;41919;+;305.1	64;51684;54518;+;373.9	42;35706;37133;+;94.3	48;39292;41919;+;99.0	40;34425;34991;+;183.8	54;44917;45555;+;67.1	55;45552;47360;+;267.3	67;56056;58263;+;391.7	46;38261;38776;+;78.4	67;56056;58263;+;70.3	A	9/9	contiguous	21631	1	1	54543..55040+;165;TraS;0
CP057779.1	MPF_F	IncFII(29)	94	0	0	GA	0															not_admitted	not_admitted	not_admitted	not_admitted	not_admitted	not_admitted	not_admitted	not_admitted	not_admitted	not_admitted	1	70;48139;49131;+;369.3	81;55178;56554;+;381.0	76;52848;53591;+;233.3	67;44503;47130;+;303.1	82;56551;59394;+;373.9	62;40917;42344;+;94.3	67;44503;47130;+;99.3	60;39636;40202;+;183.8	73;50128;50766;+;68.5	74;50763;52571;+;268.0	85;60928;63108;+;391.8	66;43472;43987;+;78.4	85;60928;63108;+;70.3	A	9/9	contiguous	21292	1	1	59415..59912+;165;TraS;0
CP057780.1	MPF_T	IncP1	48	0	0	GA	1	47;40784;41557;-;21.5	9;9037;9420;-;68.3	8;8708;9034;-;50.2	7;6168;8711;-;99.2	7;6168;8711;-;108.9	2;1931;2701;-;107.5	0;196;1791;-;116.6		6;5464;6171;-;88.1	5;4558;5448;-;156.2	3;2714;4108;-;218.2	10;9534;10490;-;133.6	31;26204;28147;+;443.4		conjscan	conjscan_only	A	7/7	canonical	1	0	unscoreable	3	0	0														not_admitted	not_admitted	not_admitted	not_admitted	not_admitted	not_admitted	not_admitted
CP057783.1	MPF_F	IncFII(pECLA)	144	0	0	GA	0															not_admitted	not_admitted	not_admitted	not_admitted	not_admitted	not_admitted	not_admitted	not_admitted	not_admitted	not_admitted	1	28;39521;40525;-;356.4	20;33703;35067;-;363.2	25;36255;37040;-;211.0	35;43152;45752;-;227.5	19;30392;33703;-;301.5	39;47014;48414;-;91.6	35;43152;45752;-;103.1	41;49163;49744;-;97.5	27;38890;39510;-;59.5	26;37037;38893;-;216.7	16;26013;28559;-;361.4	36;45749;46306;-;44.2	16;26013;28559;-;69.5	A	9/9	contiguous	23150	1	1	29666..30391-;241;unnamed;0
CP057785.1	MPF_F	IncFIA;IncFII	212	0	0	GA	0															not_admitted	not_admitted	not_admitted	not_admitted	not_admitted	not_admitted	not_admitted	not_admitted	not_admitted	not_admitted	1	179;155022;156020;+;349.2	188;162225;163631;+;340.0	184;160121;160906;+;213.7	174;150758;153397;+;248.9	189;163631;166540;+;314.4	172;148885;150231;+;94.8	174;150758;153397;+;114.4	170;147560;148138;+;129.2	182;157583;158185;+;56.2	183;158182;160119;+;240.3	196;170121;172319;+;370.5	173;150228;150761;+;52.3	196;170121;172319;+;61.7	A	9/9	contiguous	22561	1	1	166555..167202+;215;unnamed;1
CP057786.1	MPF_F	IncFII(pSE11)	76	0	0	GA	0															not_admitted	not_admitted	not_admitted	not_admitted	not_admitted	not_admitted	not_admitted	not_admitted	not_admitted	not_admitted	1	54;43414;44412;+;349.2	62;50229;51635;+;341.2	59;48513;49298;+;217.8	50;39542;42181;+;251.4	63;51635;54544;+;314.9	48;37687;39021;+;97.2	50;39542;42181;+;117.8	46;36362;36940;+;124.8	57;45975;46577;+;56.2	58;46574;48511;+;243.1	68;57389;59575;+;370.4	49;39033;39545;+;60.2	68;57389;59575;+;61.9	A	9/9	contiguous	21027	1	1	54559..55209+;216;unnamed;1
CP057791.1	MPF_F	IncFIB(AP001918);IncFIC(FII)	202	0	0	GA	0															not_admitted	not_admitted	not_admitted	not_admitted	not_admitted	not_admitted	not_admitted	not_admitted	not_admitted	not_admitted	1	96;98135;99127;-;369.3	85;91116;92489;-;380.9	92;94663;95406;-;235.0	103;104227;105303;-;229.5	84;88294;91119;-;387.0	108;107462;108889;-;94.1	99;100136;101770;-;100.3	110;109604;110170;-;182.7	95;97488;98126;-;68.4	94;95683;97491;-;267.4	78;82677;84599;-;391.9	104;105819;106334;-;78.4	78;82677;84599;-;70.6	A	9/9	contiguous	26927	1	1	87788..88297-;169;unnamed;0
CP057792.1	MPF_F	IncFII(pRSB107)	147	0	0	GA	0															not_admitted	not_admitted	not_admitted	not_admitted	not_admitted	not_admitted	not_admitted	not_admitted	not_admitted	not_admitted	1	111;97926;98918;+;369.5	122;104972;106345;+;381.7	116;102024;102767;+;233.1	108;94287;96917;+;304.1	123;106342;109167;+;388.5	100;89730;91157;+;93.9	108;94287;96917;+;97.1	98;88449;89015;+;174.3	113;99262;99900;+;68.5	114;99897;101747;+;272.0	135;121750;123987;-;391.1	104;92286;92801;+;71.9	135;121750;123987;-;70.3	A	9/9	contiguous	33301	1	1	109164..109673+;169;unnamed;0
CP057797.1	MPF_F	IncFIA;IncFIB(AP001918)	127	0	0	GA	0															not_admitted	not_admitted	not_admitted	not_admitted	not_admitted	not_admitted	not_admitted	not_admitted	not_admitted	not_admitted	1				65;76652;77137;-;76.0		72;79192;79800;-;73.0						68;77653;78168;-;78.4		D	2/9	contiguous	2540	0	0	
CP057800.1	MPF_F	IncFII	92	0	0	GA	0															not_admitted	not_admitted	not_admitted	not_admitted	not_admitted	not_admitted	not_admitted	not_admitted	not_admitted	not_admitted	1	60;44341;45333;+;369.3	74;53923;55296;+;381.0	69;51590;52333;+;233.3	57;40705;43332;+;304.6	75;55293;58118;+;389.2	52;37126;38553;+;94.4	57;40705;43332;+;99.2	50;35845;36411;+;183.8	66;48870;49508;+;68.6	67;49505;51313;+;268.0	81;62329;64527;+;391.7	56;39674;40189;+;78.0	81;62329;64527;+;70.3	A	9/9	contiguous	26484	1	1	58115..58624+;169;unnamed;0
CP057805.1	MPF_F	IncFII(29)	157	0	0	GA	0															not_admitted	not_admitted	not_admitted	not_admitted	not_admitted	not_admitted	not_admitted	not_admitted	not_admitted	not_admitted	1	123;105836;106828;+;370.1	140;114534;115907;+;382.2	132;111584;112327;+;229.2	120;102197;104827;+;305.6	141;115904;118729;+;378.5	109;97043;98497;+;93.5	120;102197;104827;+;98.6	107;95762;96328;+;174.9	127;108006;108644;+;67.3	130;109457;111307;+;264.3	146;121847;123133;+;248.6	113;99497;100012;+;78.2	146;121847;123133;+;71.7	A	9/9	contiguous	26085	1	1	118726..119235+;169;unnamed;0
CP057806.1	MPF_T	IncX1;IncX3	56	0	0	GA	1	42;37362;38009;-;45.5	41;37088;37384;-;76.6	40;34316;37069;-;46.6	40;34316;37069;-;147.9	40;34316;37069;-;75.3	39;33547;34305;-;67.5	37;32176;33309;-;109.2		36;31218;31931;-;120.0	35;30284;31213;-;133.7	34;29082;30287;-;132.5	33;28049;29080;-;76.3	32;26211;28046;-;486.3		pfam	pfam_only	A	7/7	canonical	1	1	unscoreable	1	0	0														not_admitted	not_admitted	not_admitted	not_admitted	not_admitted	not_admitted	not_admitted
CP057809.1	MPF_F	IncFII(29)	157	0	0	GA	0															not_admitted	not_admitted	not_admitted	not_admitted	not_admitted	not_admitted	not_admitted	not_admitted	not_admitted	not_admitted	1	123;105836;106828;+;370.1	140;114534;115907;+;382.2	132;111584;112327;+;229.2	120;102197;104827;+;305.6	141;115904;118729;+;378.5	109;97043;98497;+;93.5	120;102197;104827;+;98.6	107;95762;96328;+;174.9	127;108006;108644;+;67.3	130;109457;111307;+;264.3	146;121847;123133;+;248.6	113;99497;100012;+;78.2	146;121847;123133;+;71.7	A	9/9	contiguous	26085	1	1	118726..119235+;169;unnamed;0
CP057810.1	MPF_T	IncX1;IncX3	57	0	0	GA	1	43;37367;38014;-;45.5	42;37093;37389;-;76.6	41;34321;37074;-;46.6	41;34321;37074;-;147.9	41;34321;37074;-;75.3	40;33552;34310;-;67.5	38;32181;33314;-;109.2		37;31223;31936;-;120.0	36;30289;31218;-;133.7	35;29087;30292;-;132.5	34;28054;29085;-;76.3	33;26216;28051;-;486.3		pfam	pfam_only	A	7/7	canonical	1	1	unscoreable	1	0	0														not_admitted	not_admitted	not_admitted	not_admitted	not_admitted	not_admitted	not_admitted
CP057813.1	MPF_F	IncFIA;IncFIB(AP001918)	127	0	0	GA	0															not_admitted	not_admitted	not_admitted	not_admitted	not_admitted	not_admitted	not_admitted	not_admitted	not_admitted	not_admitted	1				65;76652;77137;-;76.0		72;79192;79800;-;73.0						68;77653;78168;-;78.0		D	2/9	contiguous	2540	0	0	
CP057816.1	MPF_F	IncFII	92	0	0	GA	0															not_admitted	not_admitted	not_admitted	not_admitted	not_admitted	not_admitted	not_admitted	not_admitted	not_admitted	not_admitted	1	60;44341;45333;+;369.3	74;53923;55296;+;381.0	69;51590;52333;+;233.3	57;40705;43332;+;304.6	75;55293;58118;+;389.2	52;37126;38553;+;94.4	57;40705;43332;+;99.2	50;35845;36411;+;183.8	66;48870;49508;+;68.6	67;49505;51313;+;268.0	81;62329;64527;+;391.7	56;39674;40189;+;78.0	81;62329;64527;+;70.3	A	9/9	contiguous	26484	1	1	58115..58624+;169;unnamed;0
CP057819.1	MPF_F	IncFIB(AP001918);IncFIC(FII)	202	0	0	GA	0															not_admitted	not_admitted	not_admitted	not_admitted	not_admitted	not_admitted	not_admitted	not_admitted	not_admitted	not_admitted	1	96;98134;99126;-;369.3	85;91115;92488;-;380.9	92;94662;95405;-;235.0	103;104226;105302;-;229.5	84;88293;91118;-;387.0	108;107461;108888;-;94.1	99;100135;101769;-;100.3	110;109603;110169;-;182.7	95;97487;98125;-;68.4	94;95682;97490;-;267.4	78;82676;84598;-;391.9	104;105818;106333;-;78.4	78;82676;84598;-;70.6	A	9/9	contiguous	26927	1	1	87787..88296-;169;unnamed;0
CP057820.1	MPF_F	IncFII(pRSB107)	147	0	0	GA	0															not_admitted	not_admitted	not_admitted	not_admitted	not_admitted	not_admitted	not_admitted	not_admitted	not_admitted	not_admitted	1	111;97926;98918;+;369.5	122;104972;106345;+;381.7	116;102024;102767;+;233.1	108;94287;96917;+;304.1	123;106342;109167;+;388.5	100;89730;91157;+;93.9	108;94287;96917;+;97.1	98;88449;89015;+;174.3	113;99262;99900;+;68.5	114;99897;101747;+;272.0	135;121750;123996;-;391.1	104;92286;92801;+;71.9	135;121750;123996;-;70.3	A	9/9	contiguous	33301	1	1	109164..109673+;169;unnamed;0
CP057835.1	MPF_F	IncFIB(AP001918);IncFII	108	0	0	GA	0															not_admitted	not_admitted	not_admitted	not_admitted	not_admitted	not_admitted	not_admitted	not_admitted	not_admitted	not_admitted	1	58;58714;59706;-;368.9	47;51656;53029;-;380.9	54;55242;55985;-;233.7	61;60715;63342;-;305.4	46;48843;51659;-;387.9	68;65397;66824;-;94.3	61;60715;63342;-;98.5	70;67539;68105;-;182.9	57;58067;58705;-;68.4	56;56262;58070;-;268.3	43;45076;47283;-;393.1	64;63858;64373;-;76.6	43;45076;47283;-;69.1	A	9/9	contiguous	22463	1	1	48289..48810-;173;unnamed;0
CP057844.1	MPF_F	IncFIB(AP001918);IncFII	142	0	0	GA	0															not_admitted	not_admitted	not_admitted	not_admitted	not_admitted	not_admitted	not_admitted	not_admitted	not_admitted	not_admitted	1	92;91674;92666;-;367.3	81;84615;85991;-;374.3	88;88202;88945;-;234.1	95;93675;96302;-;305.3	80;81802;84618;-;387.9	102;98357;99784;-;94.4	95;93675;96302;-;99.7	104;100499;101065;-;183.8	91;91027;91665;-;67.3	90;89222;91030;-;268.3	77;78086;80239;-;391.1	98;96818;97333;-;77.3	77;78086;80239;-;69.2	A	9/9	contiguous	22413	1	1	81248..81769-;173;unnamed;0
CP057850.1	MPF_F	IncFIB(AP001918);IncFII	142	0	0	GA	0															not_admitted	not_admitted	not_admitted	not_admitted	not_admitted	not_admitted	not_admitted	not_admitted	not_admitted	not_admitted	1	92;91674;92666;-;367.3	81;84615;85991;-;374.3	88;88202;88945;-;234.1	95;93675;96302;-;305.3	80;81802;84618;-;387.9	102;98357;99784;-;94.4	95;93675;96302;-;99.7	104;100499;101065;-;183.8	91;91027;91665;-;67.3	90;89222;91030;-;268.3	77;78086;80239;-;391.1	98;96818;97333;-;77.3	77;78086;80239;-;69.2	A	9/9	contiguous	22413	1	1	81248..81769-;173;unnamed;0
CP057855.1	MPF_F	IncFIB(AP001918);IncFII	142	0	0	GA	0															not_admitted	not_admitted	not_admitted	not_admitted	not_admitted	not_admitted	not_admitted	not_admitted	not_admitted	not_admitted	1	92;91674;92666;-;367.3	81;84615;85991;-;374.3	88;88202;88945;-;234.1	95;93675;96302;-;305.3	80;81802;84618;-;387.9	102;98357;99784;-;94.4	95;93675;96302;-;99.7	104;100499;101065;-;183.8	91;91027;91665;-;67.3	90;89222;91030;-;268.3	77;78086;80239;-;391.1	98;96818;97333;-;77.3	77;78086;80239;-;69.2	A	9/9	contiguous	22413	1	1	81248..81769-;173;unnamed;0
CP057874.1	MPF_F	IncFIA;IncFIB(AP001918);IncFII(29)	116	0	0	GA	0															not_admitted	not_admitted	not_admitted	not_admitted	not_admitted	not_admitted	not_admitted	not_admitted	not_admitted	not_admitted	1	51;53708;54700;-;369.3	40;46650;48023;-;378.0	47;50236;50979;-;235.0	54;55709;58336;-;305.4	39;43831;46653;-;389.2	61;60495;61922;-;94.3	54;55709;58336;-;98.5	63;62637;63203;-;183.8	50;53061;53699;-;68.4	49;51256;53064;-;268.4	36;40149;42302;-;391.1	57;58852;59367;-;78.4	36;40149;42302;-;69.2	A	9/9	contiguous	22488	1	1	43318..43809-;163;TraS;0
CP057877.1	MPF_F	IncFIA;IncFIB(AP001918);IncFII(29)	118	0	0	GA	0															not_admitted	not_admitted	not_admitted	not_admitted	not_admitted	not_admitted	not_admitted	not_admitted	not_admitted	not_admitted	1	58;57726;58718;-;369.3	47;50668;52041;-;378.0	54;54254;54997;-;235.0	61;59727;62354;-;305.4	46;47849;50671;-;388.4	68;64513;65940;-;94.3	61;59727;62354;-;98.5	70;66655;67221;-;183.8	57;57079;57717;-;68.4	56;55274;57082;-;268.4	43;44168;46321;-;391.8	64;62870;63385;-;78.4	43;44168;46321;-;70.4	A	9/9	contiguous	22487	1	1	47336..47827-;163;TraS;0
CP057880.1	MPF_F	IncFIA;IncFIB(AP001918);IncFII(pCoo)	121	0	0	GA	0															not_admitted	not_admitted	not_admitted	not_admitted	not_admitted	not_admitted	not_admitted	not_admitted	not_admitted	not_admitted	1	66;69508;70500;-;369.3	55;62450;63823;-;380.4	62;66036;66779;-;235.0	69;71509;74136;-;303.3	54;59631;62453;-;384.8	76;76191;77618;-;90.9	69;71509;74136;-;98.5	78;78333;78899;-;184.2	65;68861;69499;-;68.4	64;67056;68864;-;268.0	51;55950;58103;-;391.6	72;74652;75167;-;78.2	51;55950;58103;-;69.2	A	9/9	contiguous	22383	1	1	59118..59609-;163;TraS;0
CP057883.1	MPF_F	IncFIB(AP001918);IncFII(pCoo)	110	0	0	GA	0															not_admitted	not_admitted	not_admitted	not_admitted	not_admitted	not_admitted	not_admitted	not_admitted	not_admitted	not_admitted	1	50;60089;61081;-;366.3	39;53070;54443;-;380.9	46;56617;57360;-;235.0	53;62090;64717;-;303.8	38;50248;53073;-;387.0	60;66772;68199;-;94.3	53;62090;64717;-;98.4	62;68914;69480;-;184.2	49;59442;60080;-;68.4	48;57637;59445;-;268.3	35;46592;48745;-;391.5	56;65233;65748;-;78.4	35;46592;48745;-;69.2	A	9/9	contiguous	22322	1	1	49742..50251-;169;unnamed;0
CP057886.1	MPF_F	IncFIB(AP001918);IncFIC(FII)	113	0	0	GA	0															not_admitted	not_admitted	not_admitted	not_admitted	not_admitted	not_admitted	not_admitted	not_admitted	not_admitted	not_admitted	1	52;55339;56331;-;369.3	42;48319;49692;-;377.3	48;51867;52610;-;235.2	55;57340;59967;-;303.6	41;45497;48322;-;387.0	62;62022;63449;-;90.9	55;57340;59967;-;98.5	64;64164;64730;-;184.2	51;54692;55330;-;68.4	50;52887;54695;-;268.3	38;41841;43994;-;391.1	58;60483;60998;-;78.2	38;41841;43994;-;69.2	A	9/9	contiguous	22323	1	1	44991..45500-;169;unnamed;0
CP057889.1	MPF_F	IncFIA;IncFIB(AP001918);IncFII(pCoo)	121	0	0	GA	0															not_admitted	not_admitted	not_admitted	not_admitted	not_admitted	not_admitted	not_admitted	not_admitted	not_admitted	not_admitted	1	66;69508;70500;-;369.3	55;62450;63823;-;380.4	62;66036;66779;-;235.0	69;71509;74136;-;303.3	54;59631;62453;-;384.8	76;76191;77618;-;90.9	69;71509;74136;-;98.5	78;78333;78899;-;184.2	65;68861;69499;-;68.4	64;67056;68864;-;268.0	51;55950;58103;-;391.6	72;74652;75167;-;78.2	51;55950;58103;-;69.2	A	9/9	contiguous	22383	1	1	59118..59609-;163;TraS;0
CP057894.1	MPF_F	IncFIA(HI1);IncHI1A;IncHI1B(R27);IncQ1	241	0	0	GA	0															not_admitted	not_admitted	not_admitted	not_admitted	not_admitted	not_admitted	not_admitted	not_admitted	not_admitted	not_admitted	1	15;14855;15907;+;277.6	153;142074;143489;-;201.7	154;143479;144525;-;171.3	240;214064;216745;+;160.9	152;138076;142065;-;103.1	236;210358;211716;+;84.0	240;214064;216745;+;76.5	233;207906;208691;+;68.7	13;13202;14710;+;65.6	16;15930;19106;+;58.9	160;151460;153544;+;50.2	239;213105;214055;+;45.2	160;151460;153544;+;36.5	A	9/9	split_3	200862	0	1	
CP057902.1	MPF_F	IncFIB(AP001918);IncFIC(FII)	212	0	0	GA	0															not_admitted	not_admitted	not_admitted	not_admitted	not_admitted	not_admitted	not_admitted	not_admitted	not_admitted	not_admitted	1	148;144907;145899;-;368.6	134;135330;136706;-;380.5	141;138916;139659;-;235.0	151;146908;149535;-;305.4	133;132520;135333;-;389.0	158;151590;153017;-;94.3	151;146908;149535;-;98.5	160;153732;154298;-;183.8	147;144260;144898;-;67.6	146;142542;144263;-;268.4	130;128829;130982;-;389.7	154;150051;150566;-;77.3	130;128829;130982;-;70.4	A	9/9	contiguous	24903	1	1	131998..132495-;165;TraS;0
CP057904.1	MPF_T	IncX1	41	0	0	GA	1	22;15441;16088;+;46.9	23;16066;16362;+;77.5	24;16381;19134;+;46.7	24;16381;19134;+;144.4	24;16381;19134;+;71.5	25;19145;19903;+;67.3	27;20200;21330;+;102.8		28;21575;22288;+;119.7	29;22293;23222;+;133.8	30;23219;24424;+;132.5	31;24426;25457;+;76.5	32;25460;27295;+;488.6		pfam	pfam_only	A	7/7	canonical	1	1	unscoreable	1	0	0														not_admitted	not_admitted	not_admitted	not_admitted	not_admitted	not_admitted	not_admitted
CP057907.1	MPF_F	IncFIB(AP001918);IncFII(pCoo)	104	0	0	GA	0															not_admitted	not_admitted	not_admitted	not_admitted	not_admitted	not_admitted	not_admitted	not_admitted	not_admitted	not_admitted	1	52;61311;62303;-;369.3	41;54253;55626;-;380.9	48;57839;58582;-;235.0	55;63312;65939;-;305.4	40;51440;54256;-;387.9	62;68098;69525;-;94.3	55;63312;65939;-;98.5	64;70240;70806;-;182.9	51;60664;61302;-;68.4	50;58859;60667;-;268.3	37;47724;49877;-;391.1	58;66455;66970;-;78.4	37;47724;49877;-;69.2	A	9/9	contiguous	22516	1	1	50886..51407-;173;unnamed;0
CP057912.1	MPF_F	IncFIB(AP001918);IncFIC(FII)	212	0	0	GA	0															not_admitted	not_admitted	not_admitted	not_admitted	not_admitted	not_admitted	not_admitted	not_admitted	not_admitted	not_admitted	1	148;144907;145899;-;368.6	134;135330;136706;-;380.5	141;138916;139659;-;235.0	151;146908;149535;-;305.4	133;132520;135333;-;389.0	158;151590;153017;-;94.3	151;146908;149535;-;98.5	160;153732;154298;-;183.8	147;144260;144898;-;67.6	146;142542;144263;-;268.4	130;128829;130982;-;389.7	154;150051;150566;-;77.3	130;128829;130982;-;70.4	A	9/9	contiguous	24903	1	1	131998..132495-;165;TraS;0
CP057914.1	MPF_T	IncX1	41	0	0	GA	1	3;2761;3408;+;46.9	4;3386;3682;+;77.5	5;3701;6454;+;46.7	5;3701;6454;+;144.4	5;3701;6454;+;71.5	6;6465;7223;+;67.3	8;7520;8650;+;102.8		9;8895;9608;+;119.7	10;9613;10542;+;133.8	11;10539;11744;+;132.5	12;11746;12777;+;76.5	13;12780;14615;+;488.6		pfam	pfam_only	A	7/7	canonical	1	1	unscoreable	1	0	0														not_admitted	not_admitted	not_admitted	not_admitted	not_admitted	not_admitted	not_admitted
CP057917.1	MPF_F	IncFIB(AP001918);IncFII(pCoo)	112	0	0	GA	0															not_admitted	not_admitted	not_admitted	not_admitted	not_admitted	not_admitted	not_admitted	not_admitted	not_admitted	not_admitted	1	39;47845;48837;-;367.8	28;40826;42199;-;380.9	35;44373;45116;-;235.0	42;49846;52473;-;301.8	27;38004;40829;-;387.0	49;54528;55955;-;94.2	42;49846;52473;-;98.5	51;56670;57236;-;184.5	38;47198;47836;-;68.9	37;45393;47201;-;268.3	24;34348;36501;-;391.5	45;52989;53504;-;78.4	24;34348;36501;-;69.2	A	9/9	contiguous	22322	1	1	37498..38007-;169;unnamed;0
CP057923.1	MPF_F	IncFIB(AP001918);IncFII(pSE11)	150	0	0	GA	0															not_admitted	not_admitted	not_admitted	not_admitted	not_admitted	not_admitted	not_admitted	not_admitted	not_admitted	not_admitted	1	89;95843;96835;-;369.3	78;88785;90158;-;380.9	85;92371;93114;-;235.0	92;97844;100471;-;306.8	77;85972;88788;-;387.9	99;102630;104057;-;94.3	92;97844;100471;-;98.5	101;104772;105338;-;182.9	88;95196;95834;-;68.4	87;93391;95199;-;268.3	74;82229;84409;-;391.8	95;100987;101502;-;78.4	74;82229;84409;-;70.4	A	9/9	contiguous	22543	1	1	85418..85939-;173;unnamed;0
CP057931.1	MPF_F	IncFIA;IncFIB(AP001918);IncFII(29)	111	0	0	GA	0															not_admitted	not_admitted	not_admitted	not_admitted	not_admitted	not_admitted	not_admitted	not_admitted	not_admitted	not_admitted	1	48;51423;52415;-;368.6	37;44365;45738;-;378.0	44;47951;48694;-;235.0	51;53424;56051;-;306.8	36;41546;44368;-;388.4	58;58106;59533;-;94.3	51;53424;56051;-;98.5	60;60248;60814;-;183.8	47;50776;51414;-;67.3	46;48971;50779;-;268.4	33;37865;40018;-;391.8	54;56567;57082;-;77.3	33;37865;40018;-;70.4	A	9/9	contiguous	22383	1	1	41033..41524-;163;TraS;0
CP057933.1	MPF_F	IncFIB(AP001918);IncFII(pSE11)	143	0	0	GA	0															not_admitted	not_admitted	not_admitted	not_admitted	not_admitted	not_admitted	not_admitted	not_admitted	not_admitted	not_admitted	1	80;84268;85260;-;369.3	71;77833;79209;-;381.0	76;80796;81539;-;235.0	83;86269;88899;-;306.8	70;75011;77836;-;389.2	92;92337;93764;-;94.9	83;86269;88899;-;98.5	94;94479;95045;-;183.8	79;83621;84259;-;68.7	78;81816;83624;-;268.0	67;71282;73507;-;391.7	89;90938;91453;-;76.1	67;71282;73507;-;70.3	A	9/9	contiguous	23197	1	1	74505..75014-;169;unnamed;0
CP057938.1	MPF_T	IncX1;IncX3	45	0	0	GA	1	31;27381;28028;-;45.6	30;27107;27403;-;77.5	29;24335;27088;-;46.6	29;24335;27088;-;148.0	29;24335;27088;-;73.5	28;23575;24324;-;70.2	26;22203;23264;-;135.0		25;21244;21957;-;120.7	24;20310;21239;-;136.2	19;16663;17535;-;133.7	18;15630;16661;-;76.5	17;13792;15627;-;488.6		pfam	pfam_only	A	7/7	canonical	1	1	unscoreable	5	0	0														not_admitted	not_admitted	not_admitted	not_admitted	not_admitted	not_admitted	not_admitted
CP057943.1	MPF_F	IncFIB(AP001918);IncFII(pSE11)	144	0	0	GA	0															not_admitted	not_admitted	not_admitted	not_admitted	not_admitted	not_admitted	not_admitted	not_admitted	not_admitted	not_admitted	1	78;88570;89562;-;369.3	69;82135;83511;-;381.0	74;85098;85841;-;233.3	81;90571;93201;-;306.8	68;79316;82138;-;389.2	90;96639;98066;-;94.9	81;90571;93201;-;98.5	92;98781;99347;-;183.8	77;87923;88561;-;68.7	76;86118;87926;-;268.0	65;75592;77781;-;391.8	87;95240;95755;-;76.1	65;75592;77781;-;70.4	A	9/9	contiguous	23189	1	1	78797..79294-;165;TraS;0
CP057948.1	MPF_T	IncI2(Delta)	79	0	0	GA	1	41;29983;30465;-;81.1	56;45928;46218;-;28.9	55;45537;45821;-;37.2	54;43174;45531;-;60.7	54;43174;45531;-;44.0	66;51582;52223;-;42.9	67;52229;53224;-;128.5		52;42274;43008;-;144.3	51;41507;42277;-;170.5	50;40378;41517;-;154.7	44;32234;33772;-;208.0	48;37330;39288;-;287.0		pfam	pfam_only	A	7/7	rearranged	1	0	unscoreable	14	0	0														not_admitted	not_admitted	not_admitted	not_admitted	not_admitted	not_admitted	not_admitted
CP057952.1	MPF_F	IncFIA;IncFIB(AP001918);IncFII(29)	167	0	0	GA	0															not_admitted	not_admitted	not_admitted	not_admitted	not_admitted	not_admitted	not_admitted	not_admitted	not_admitted	not_admitted	1	110;113458;114450;-;371.9	99;106398;107771;-;377.6	106;109985;110728;-;235.0	113;115459;118086;-;305.4	98;103579;106401;-;389.1	120;120245;121672;-;94.3	113;115459;118086;-;98.3	122;122387;122953;-;181.1	109;112811;113449;-;68.4	108;111006;112814;-;268.3	95;99898;102051;-;391.8	116;118602;119117;-;78.4	95;99898;102051;-;70.4	A	9/9	contiguous	22489	1	1	103066..103557-;163;TraS;0
CP057954.1	MPF_T	IncI2(Delta)	75	0	0	GA	1	40;28945;29427;-;81.1	55;44889;45179;-;28.9	54;44498;44782;-;36.5	53;42135;44492;-;60.7	53;42135;44492;-;44.0	63;49392;50033;-;42.9	64;50039;51034;-;128.5		51;41235;41969;-;144.4	50;40468;41238;-;170.4	49;39339;40478;-;154.7	43;31195;32733;-;206.4	47;36291;38249;-;287.0		pfam	pfam_only	A	7/7	rearranged	1	0	unscoreable	12	1	0														not_admitted	not_admitted	not_admitted	not_admitted	not_admitted	not_admitted	not_admitted
CP057958.1	MPF_F	IncFIB(pB171);IncFII(pSE11)	92	0	0	GA	0															not_admitted	not_admitted	not_admitted	not_admitted	not_admitted	not_admitted	not_admitted	not_admitted	not_admitted	not_admitted	1	34;47019;48011;-;369.3	23;39960;41333;-;380.4	30;43547;44290;-;235.0	37;49020;51647;-;305.4	22;37147;39963;-;387.9	43;53702;55129;-;94.3	37;49020;51647;-;98.5	45;55844;56410;-;182.9	33;46372;47010;-;68.4	32;44567;46375;-;268.4	19;33342;35585;-;391.4	39;52163;52678;-;78.4	19;33342;35585;-;69.1	A	9/9	contiguous	22502	1	1	36593..37114-;173;unnamed;0
CP057960.1	MPF_F	IncFIB(AP001918);IncFII(pSE11)	134	0	0	GA	0															not_admitted	not_admitted	not_admitted	not_admitted	not_admitted	not_admitted	not_admitted	not_admitted	not_admitted	not_admitted	1	73;77302;78294;-;369.3	62;70244;71617;-;380.9	69;73830;74573;-;235.0	76;79303;81930;-;306.8	61;67431;70247;-;387.9	83;84089;85516;-;94.3	76;79303;81930;-;98.5	85;86231;86797;-;182.9	72;76655;77293;-;68.4	71;74850;76658;-;268.3	57;63635;64828;-;208.8	79;82446;82961;-;78.4	57;63635;64828;-;71.7	A	9/9	contiguous	22596	1	1	66877..67398-;173;unnamed;0
CP057963.1	MPF_F	IncFIA;IncFIB(AP001918);IncFII(29)	114	0	0	GA	0															not_admitted	not_admitted	not_admitted	not_admitted	not_admitted	not_admitted	not_admitted	not_admitted	not_admitted	not_admitted	1	48;51052;52044;-;368.6	37;43994;45367;-;378.0	44;47580;48323;-;235.0	51;53053;55680;-;304.8	36;41175;43997;-;388.4	58;57735;59162;-;94.3	51;53053;55680;-;98.5	60;59877;60443;-;183.8	47;50405;51043;-;67.3	46;48600;50408;-;268.4	33;37494;39647;-;391.8	54;56196;56711;-;77.3	33;37494;39647;-;70.4	A	9/9	contiguous	22383	1	1	40662..41153-;163;TraS;0
CP057965.1	MPF_F	IncFIB(AP001918);IncFII(pHN7A8)	155	0	0	GA	0															not_admitted	not_admitted	not_admitted	not_admitted	not_admitted	not_admitted	not_admitted	not_admitted	not_admitted	not_admitted	1	76;79679;80671;-;369.3	61;70137;71000;-;291.5	66;72587;73330;-;235.5	79;81680;84307;-;304.6	59;66801;69626;-;375.5	86;86481;87887;-;94.4	79;81680;84307;-;99.1	88;88602;89168;-;183.8	73;78044;78682;-;68.6	68;73610;74239;-;212.2	55;62307;64559;-;391.7	82;84823;85338;-;81.0	55;62307;64559;-;70.3	A	9/9	contiguous	26295	1	1	66295..66804-;169;unnamed;0
CP057968.1	MPF_F	IncFIB(AP001918);IncFII(29)	104	0	0	GA	0															not_admitted	not_admitted	not_admitted	not_admitted	not_admitted	not_admitted	not_admitted	not_admitted	not_admitted	not_admitted	1	54;66133;67125;-;369.3	43;59075;60448;-;378.0	50;62661;63404;-;235.0	57;68134;70761;-;305.4	42;56256;59078;-;387.9	64;72920;74347;-;94.3	57;68134;70761;-;98.5	66;75062;75628;-;183.8	53;65486;66124;-;66.6	52;63681;65489;-;268.4	39;52575;54728;-;391.8	60;71277;71792;-;78.4	39;52575;54728;-;70.4	A	9/9	contiguous	22487	1	1	55743..56234-;163;TraS;0
CP057969.1	MPF_F	IncFII(pCoo)	86	0	0	GA	0															not_admitted	not_admitted	not_admitted	not_admitted	not_admitted	not_admitted	not_admitted	not_admitted	not_admitted	not_admitted	1	54;40486;41478;+;369.3	67;47833;49206;+;376.8	60;44877;45620;+;233.3	51;36850;39477;+;300.9	68;49203;52028;+;389.2	45;33511;34938;+;94.1	51;36850;39477;+;102.3	43;32230;32796;+;182.0	55;41487;42125;+;68.6	58;42837;44600;+;268.4	72;54270;56531;+;391.6	48;35819;36334;+;78.4	72;54270;56531;+;70.3	A	9/9	contiguous	22040	1	1	52025..52534+;169;unnamed;0
CP057971.1	MPF_F	IncFIA;IncFIB(AP001918);IncFII(pCoo)	141	0	0	GA	0															not_admitted	not_admitted	not_admitted	not_admitted	not_admitted	not_admitted	not_admitted	not_admitted	not_admitted	not_admitted	1	74;78391;79383;-;369.3	63;71333;72706;-;380.9	70;74919;75662;-;235.0	77;80392;83019;-;305.4	62;68514;71336;-;386.4	84;85074;86501;-;94.3	77;80392;83019;-;98.5	86;87216;87782;-;183.8	73;77744;78382;-;68.4	72;75939;77747;-;268.4	59;64787;66985;-;391.8	80;83535;84050;-;78.4	59;64787;66985;-;70.3	A	9/9	contiguous	22429	1	1	68001..68492-;163;TraS;0
CP057974.1	MPF_F	IncFIB(AP001918);IncFIC(FII)	99	0	0	GA	0															not_admitted	not_admitted	not_admitted	not_admitted	not_admitted	not_admitted	not_admitted	not_admitted	not_admitted	not_admitted	1	40;47430;48422;-;369.3	29;40371;41744;-;380.9	36;43958;44701;-;233.9	43;49431;52058;-;305.4	28;37558;40374;-;387.9	48;54113;55540;-;94.3	43;49431;52058;-;98.5	50;56255;56821;-;183.6	39;46783;47421;-;68.4	38;44978;46786;-;268.4	25;33761;35995;-;390.4	44;52574;53089;-;78.4	25;33761;35995;-;69.1	A	9/9	contiguous	22494	1	1	37004..37525-;173;unnamed;0
CP057979.1	MPF_F	IncFIA;IncFIB(AP001918);IncFII(29)	113	0	0	GA	0															not_admitted	not_admitted	not_admitted	not_admitted	not_admitted	not_admitted	not_admitted	not_admitted	not_admitted	not_admitted	1	56;55767;56759;-;369.3	45;48709;50082;-;378.0	52;52295;53038;-;235.0	59;57768;60395;-;305.4	44;45890;48712;-;388.4	66;62554;63981;-;94.3	59;57768;60395;-;98.5	68;64696;65262;-;183.8	55;55120;55758;-;68.4	54;53315;55123;-;268.4	41;42209;44362;-;391.8	62;60911;61426;-;78.4	41;42209;44362;-;70.4	A	9/9	contiguous	22487	1	1	45377..45868-;163;TraS;0
CP057981.1	MPF_F	IncFII	137	0	0	GA	0															not_admitted	not_admitted	not_admitted	not_admitted	not_admitted	not_admitted	not_admitted	not_admitted	not_admitted	not_admitted	1	110;92185;93183;+;348.1	118;98996;100402;+;342.9	115;97280;98065;+;217.9	105;87921;90560;+;252.8	119;100402;103311;+;312.9	101;85054;86382;+;98.1	105;87921;90560;+;118.2	99;83729;84307;+;126.9	113;94742;95347;+;58.8	114;95344;97278;+;241.5	124;106154;108352;+;370.5	104;87412;87924;+;59.4	124;106154;108352;+;61.8	A	9/9	contiguous	22425	1	1	103326..103973+;215;unnamed;1
CP057982.1	MPF_F	IncFII(pSE11)	71	0	0	GA	0															not_admitted	not_admitted	not_admitted	not_admitted	not_admitted	not_admitted	not_admitted	not_admitted	not_admitted	not_admitted	1	49;38430;39428;+;349.2	57;45245;46651;+;341.2	54;43529;44314;+;217.8	45;34558;37197;+;251.4	58;46651;49560;+;314.9	43;32703;34037;+;97.2	45;34558;37197;+;117.8	41;31378;31956;+;124.8	52;40991;41593;+;56.2	53;41590;43527;+;243.1	63;52405;54591;+;370.4	44;34049;34561;+;60.2	63;52405;54591;+;61.9	A	9/9	contiguous	21027	1	1	49575..50225+;216;unnamed;1
CP057984.1	MPF_F	IncFII	138	0	0	GA	0															not_admitted	not_admitted	not_admitted	not_admitted	not_admitted	not_admitted	not_admitted	not_admitted	not_admitted	not_admitted	1	111;94894;95892;+;348.1	119;101705;103111;+;342.9	116;99989;100774;+;217.9	106;90630;93269;+;252.8	120;103111;106020;+;312.9	102;87763;89091;+;98.1	106;90630;93269;+;118.2	100;86438;87016;+;126.9	114;97451;98056;+;58.8	115;98053;99987;+;241.5	125;108863;111061;+;370.5	105;90121;90633;+;59.4	125;108863;111061;+;61.8	A	9/9	contiguous	22425	1	1	106035..106682+;215;unnamed;1
CP057985.1	MPF_F	IncFII(pSE11)	71	0	0	GA	0															not_admitted	not_admitted	not_admitted	not_admitted	not_admitted	not_admitted	not_admitted	not_admitted	not_admitted	not_admitted	1	49;38430;39428;+;349.2	57;45245;46651;+;341.2	54;43529;44314;+;217.8	45;34558;37197;+;251.4	58;46651;49560;+;314.9	43;32703;34037;+;97.2	45;34558;37197;+;117.8	41;31378;31956;+;124.8	52;40991;41593;+;56.2	53;41590;43527;+;243.1	63;52405;54591;+;370.4	44;34049;34561;+;60.2	63;52405;54591;+;61.9	A	9/9	contiguous	21027	1	1	49575..50225+;216;unnamed;1
CP057988.1	MPF_F	IncFII	137	0	0	GA	0															not_admitted	not_admitted	not_admitted	not_admitted	not_admitted	not_admitted	not_admitted	not_admitted	not_admitted	not_admitted	1	110;92185;93183;+;348.1	118;98996;100402;+;342.9	115;97280;98065;+;217.9	105;87921;90560;+;252.8	119;100402;103311;+;312.9	101;85054;86382;+;98.1	105;87921;90560;+;118.2	99;83729;84307;+;126.9	113;94742;95347;+;58.8	114;95344;97278;+;241.5	124;106154;108352;+;370.5	104;87412;87924;+;59.4	124;106154;108352;+;61.8	A	9/9	contiguous	22425	1	1	103326..103973+;215;unnamed;1
CP057989.1	MPF_F	IncFII(pSE11)	71	0	0	GA	0															not_admitted	not_admitted	not_admitted	not_admitted	not_admitted	not_admitted	not_admitted	not_admitted	not_admitted	not_admitted	1	49;38430;39428;+;349.2	57;45245;46651;+;341.2	54;43529;44314;+;217.8	45;34558;37197;+;251.4	58;46651;49560;+;314.9	43;32703;34037;+;97.2	45;34558;37197;+;117.8	41;31378;31956;+;124.8	52;40991;41593;+;56.2	53;41590;43527;+;243.1	63;52405;54591;+;370.4	44;34049;34561;+;60.2	63;52405;54591;+;61.9	A	9/9	contiguous	21027	1	1	49575..50225+;216;unnamed;1
CP057991.1	MPF_F	IncFII	137	0	0	GA	0															not_admitted	not_admitted	not_admitted	not_admitted	not_admitted	not_admitted	not_admitted	not_admitted	not_admitted	not_admitted	1	110;92185;93183;+;348.1	118;98996;100402;+;342.9	115;97280;98065;+;217.9	105;87921;90560;+;252.8	119;100402;103311;+;312.9	101;85054;86382;+;98.1	105;87921;90560;+;118.2	99;83729;84307;+;126.9	113;94742;95347;+;58.8	114;95344;97278;+;241.5	124;106154;108352;+;370.5	104;87412;87924;+;59.4	124;106154;108352;+;61.8	A	9/9	contiguous	22425	1	1	103326..103973+;215;unnamed;1
CP057992.1	MPF_F	IncFII(pSE11)	71	0	0	GA	0															not_admitted	not_admitted	not_admitted	not_admitted	not_admitted	not_admitted	not_admitted	not_admitted	not_admitted	not_admitted	1	49;38430;39428;+;349.2	57;45245;46651;+;341.2	54;43529;44314;+;217.8	45;34558;37197;+;251.4	58;46651;49560;+;314.9	43;32703;34037;+;97.2	45;34558;37197;+;117.8	41;31378;31956;+;124.8	52;40991;41593;+;56.2	53;41590;43527;+;243.1	63;52405;54591;+;370.4	44;34049;34561;+;60.2	63;52405;54591;+;61.9	A	9/9	contiguous	21027	1	1	49575..50225+;216;unnamed;1
CP057997.1	MPF_F	IncFIB(AP001918);IncFIC(FII)	157	0	0	GA	0															not_admitted	not_admitted	not_admitted	not_admitted	not_admitted	not_admitted	not_admitted	not_admitted	not_admitted	not_admitted	1	94;95174;96166;-;369.3	85;88740;90116;-;380.2	90;91702;92445;-;232.2	97;97175;99802;-;305.4	84;85921;88743;-;392.0	104;101856;103283;-;94.7	97;97175;99802;-;98.5	106;103998;104564;-;183.4	93;94527;95165;-;68.7	92;92722;94530;-;268.0	81;82234;84387;-;391.5	100;100318;100833;-;76.7	81;82234;84387;-;69.2	A	9/9	contiguous	21764	1	1	85420..85899-;159;TraS;0
CP057999.1	MPF_T	pEC4115	45	0	0	GA	1	37;29526;30137;-;40.5	36;29240;29554;-;30.3	35;28862;29182;-;39.0	34;26487;28859;-;81.6	34;26487;28859;-;33.6	38;30206;30847;-;33.9	40;31073;32050;-;132.9		32;25619;26356;-;158.9	31;24843;25622;-;167.2	30;23711;24853;-;143.5	29;22692;23711;-;91.9	28;20674;22641;-;291.2		pfam	pfam_only	A	7/7	rearranged	1	0	unscoreable	2	0	0														not_admitted	not_admitted	not_admitted	not_admitted	not_admitted	not_admitted	not_admitted
CP058005.1	MPF_F	IncFIB(AP001918);IncFII(pCoo)	101	0	0	GA	0															not_admitted	not_admitted	not_admitted	not_admitted	not_admitted	not_admitted	not_admitted	not_admitted	not_admitted	not_admitted	1	50;63288;64280;-;369.3	39;56230;57603;-;380.9	46;59816;60559;-;235.0	53;65289;67916;-;305.4	38;53417;56233;-;387.9	60;70075;71502;-;94.3	53;65289;67916;-;98.5	62;72217;72783;-;182.9	49;62641;63279;-;68.4	48;60836;62644;-;268.3	35;49701;51854;-;391.1	56;68432;68947;-;78.4	35;49701;51854;-;69.2	A	9/9	contiguous	22516	1	1	52863..53384-;173;unnamed;0
CP058008.1	MPF_F	IncFII(pCoo)	80	0	0	GA	0															not_admitted	not_admitted	not_admitted	not_admitted	not_admitted	not_admitted	not_admitted	not_admitted	not_admitted	not_admitted	1	56;45916;46908;+;369.3	67;52958;54331;+;381.0	62;50625;51368;+;235.0	53;42277;44907;+;301.6	68;54328;57153;+;389.2	46;38465;39892;+;94.1	53;42277;44907;+;98.8	44;37133;37750;+;178.7	59;47905;48543;+;68.6	60;48540;50348;+;268.3	71;58656;60890;+;391.7	50;41013;41528;+;78.9	71;58656;60890;+;70.3	A	9/9	contiguous	21523	1	1	57150..57659+;169;unnamed;0
CP058013.1	MPF_F	IncFII(pCoo)	80	0	0	GA	0															not_admitted	not_admitted	not_admitted	not_admitted	not_admitted	not_admitted	not_admitted	not_admitted	not_admitted	not_admitted	1	56;45916;46908;+;369.3	67;52958;54331;+;381.0	62;50625;51368;+;235.0	53;42277;44907;+;301.6	68;54328;57153;+;389.2	46;38465;39892;+;94.1	53;42277;44907;+;98.8	44;37133;37750;+;178.7	59;47905;48543;+;68.6	60;48540;50348;+;268.3	71;58656;60890;+;391.7	50;41013;41528;+;78.9	71;58656;60890;+;70.3	A	9/9	contiguous	21523	1	1	57150..57659+;169;unnamed;0
CP058015.1	MPF_F	IncFIB(AP001918);IncFII(pCoo)	101	0	0	GA	0															not_admitted	not_admitted	not_admitted	not_admitted	not_admitted	not_admitted	not_admitted	not_admitted	not_admitted	not_admitted	1	55;62671;63663;-;369.3	44;55613;56986;-;380.9	51;59199;59942;-;235.0	58;64672;67299;-;305.4	43;52800;55616;-;387.9	65;69458;70885;-;94.3	58;64672;67299;-;98.5	67;71600;72166;-;183.8	54;62024;62662;-;68.4	53;60219;62027;-;268.3	40;49084;51237;-;391.1	61;67815;68330;-;78.4	40;49084;51237;-;69.2	A	9/9	contiguous	22516	1	1	52246..52767-;173;unnamed;0
CP058017.1	MPF_T	IncX1;IncX3	48	0	0	GA	1	34;27739;28386;-;45.2	33;27465;27761;-;77.5	32;24693;27446;-;46.6	32;24693;27446;-;148.0	32;24693;27446;-;72.9	31;23924;24682;-;67.3	29;22497;23627;-;103.0		28;21539;22252;-;120.0	27;20605;21534;-;136.3	26;19403;20608;-;132.5	25;18370;19401;-;76.5	24;16532;18367;-;489.3		pfam	pfam_only	A	7/7	canonical	1	1	unscoreable	1	0	0														not_admitted	not_admitted	not_admitted	not_admitted	not_admitted	not_admitted	not_admitted
CP058020.1	MPF_F	IncFIB(AP001918);IncFII(29)	160	0	0	GA	0															not_admitted	not_admitted	not_admitted	not_admitted	not_admitted	not_admitted	not_admitted	not_admitted	not_admitted	not_admitted	1	95;94890;95882;-;371.9	84;87830;89203;-;377.6	91;91417;92160;-;235.0	98;96891;99518;-;305.4	83;85011;87833;-;389.1	105;101677;103104;-;94.3	98;96891;99518;-;98.3	107;103819;104385;-;183.8	94;94243;94881;-;68.4	93;92438;94246;-;268.3	80;81330;83483;-;391.8	101;100034;100549;-;78.4	80;81330;83483;-;70.4	A	9/9	contiguous	22489	1	1	84498..84989-;163;TraS;0
CP058024.1	MPF_F	IncFIB(AP001918);IncFIC(FII)	169	0	0	GA	0															not_admitted	not_admitted	not_admitted	not_admitted	not_admitted	not_admitted	not_admitted	not_admitted	not_admitted	not_admitted	1	103;100825;101817;-;369.3	89;92487;93863;-;381.0	96;96073;96816;-;233.3	106;102826;105453;-;303.8	88;89677;92490;-;389.0	113;107509;108936;-;94.3	106;102826;105453;-;100.4	115;109651;110217;-;183.8	99;98898;99536;-;68.6	98;97093;98901;-;267.7	85;85986;88139;-;389.7	109;105969;106484;-;77.4	85;85986;88139;-;70.4	A	9/9	contiguous	23665	1	1	89155..89652-;165;TraS;0
CP058026.1	MPF_F	IncFIB(AP001918);IncFII(pCoo)	90	0	0	GA	0															not_admitted	not_admitted	not_admitted	not_admitted	not_admitted	not_admitted	not_admitted	not_admitted	not_admitted	not_admitted	1	38;47851;48843;-;366.3	27;40827;42200;-;380.9	34;44379;45122;-;235.0	41;49852;52479;-;305.4	26;38005;40830;-;388.7	47;54534;55961;-;94.3	41;49852;52479;-;98.5	49;56676;57242;-;181.1	37;47204;47842;-;68.4	36;45399;47207;-;268.3	23;34349;36502;-;391.5	43;52995;53510;-;78.4	23;34349;36502;-;69.2	A	9/9	contiguous	22327	1	1	37499..38008-;169;unnamed;0
CP058028.1	MPF_F	IncFIB(AP001918);IncFIC(FII)	90	0	0	GA	0															not_admitted	not_admitted	not_admitted	not_admitted	not_admitted	not_admitted	not_admitted	not_admitted	not_admitted	not_admitted	1	58;57692;58684;-;367.3	49;51257;52630;-;381.0	54;54220;54963;-;233.3	61;59693;62320;-;305.4	48;48438;51260;-;385.5	67;64375;65802;-;94.5	61;59693;62320;-;98.5	69;66517;67083;-;183.4	57;57045;57683;-;68.7	56;55240;57048;-;267.8	45;44751;46904;-;391.8	63;62836;63351;-;76.7	45;44751;46904;-;70.4	A	9/9	contiguous	21766	1	1	47920..48417-;165;TraS;1
CP058064.1	MPF_F	IncHI2;IncHI2A	292	0	0	GA	0															not_admitted	not_admitted	not_admitted	not_admitted	not_admitted	not_admitted	not_admitted	not_admitted	not_admitted	not_admitted	1	27;30461;31519;+;276.9	205;191425;192840;-;194.1	206;192830;193876;-;174.3	11;8955;11636;+;168.0	204;187463;191416;-;101.6	7;5270;6625;+;80.7	11;8955;11636;+;72.2	4;2758;3546;+;74.8	25;28808;30319;+;62.0	28;31538;34726;+;57.3	213;200918;203002;+;56.8	10;7996;8946;+;46.1	213;200918;203002;+;38.8	A	9/9	split_2	198160	1	1	185993..187282-;429;unnamed;0
CP058066.1	MPF_T	IncX4	67	0	0	GA	1	44;45416;46027;-;54.0	43;45130;45444;-;30.3	42;44752;45072;-;46.2	41;42377;44749;-;80.3	41;42377;44749;-;33.6	46;47368;48009;+;32.8	45;46371;47366;+;125.4		39;41509;42246;-;160.1	38;40733;41512;-;167.2	37;39601;40743;-;143.5	36;38582;39601;-;92.1	35;36564;38531;-;290.2		pfam	pfam_only	A	7/7	uncallable	0	0	unscoreable	1	0	0														not_admitted	not_admitted	not_admitted	not_admitted	not_admitted	not_admitted	not_admitted
CP058067.1	MPF_T	IncX1;IncX3	53	0	0	GA	1	39;38128;38775;-;45.2	38;37854;38150;-;77.5	37;35082;37835;-;47.9	37;35082;37835;-;147.9	37;35082;37835;-;75.3	36;34313;35071;-;67.3	34;32942;34075;-;106.3		31;30155;30868;-;120.1	30;29221;30150;-;134.1	29;28019;29224;-;134.1	28;26986;28017;-;76.4	27;25148;26983;-;482.7		pfam	pfam_only	A	7/7	canonical	1	1	unscoreable	3	0	0														not_admitted	not_admitted	not_admitted	not_admitted	not_admitted	not_admitted	not_admitted
CP058071.1	MPF_F	IncFIB(AP001918);IncFIC(FII)	133	0	0	GA	0															not_admitted	not_admitted	not_admitted	not_admitted	not_admitted	not_admitted	not_admitted	not_admitted	not_admitted	not_admitted	1	85;76082;77074;-;369.3	74;69023;70396;-;378.0	81;72610;73353;-;234.1	88;78083;80710;-;305.4	73;66204;69026;-;389.5	94;82765;84192;-;94.3	88;78083;80710;-;98.5	96;84907;85473;-;183.8	84;75435;76073;-;68.4	83;73630;75438;-;268.4	70;62522;64675;-;391.9	90;81226;81741;-;78.4	70;62522;64675;-;70.4	A	9/9	contiguous	22385	1	1	65691..66182-;163;TraS;0
CP058073.1	MPF_F	IncFIB(AP001918);IncFIC(FII)	133	0	0	GA	0															not_admitted	not_admitted	not_admitted	not_admitted	not_admitted	not_admitted	not_admitted	not_admitted	not_admitted	not_admitted	1	85;76082;77074;-;369.3	74;69023;70396;-;378.0	81;72610;73353;-;234.1	88;78083;80710;-;305.4	73;66204;69026;-;389.5	94;82765;84192;-;94.3	88;78083;80710;-;98.5	96;84907;85473;-;183.8	84;75435;76073;-;68.4	83;73630;75438;-;268.4	70;62522;64675;-;391.9	90;81226;81741;-;78.4	70;62522;64675;-;70.4	A	9/9	contiguous	22385	1	1	65691..66182-;163;TraS;0
CP058075.1	MPF_F	IncFIB(AP001918);IncFIC(FII)	128	0	0	GA	0															not_admitted	not_admitted	not_admitted	not_admitted	not_admitted	not_admitted	not_admitted	not_admitted	not_admitted	not_admitted	1	80;72662;73654;-;369.3	69;65603;66976;-;378.0	76;69190;69933;-;234.1	83;74663;77290;-;305.4	68;62784;65606;-;389.5	89;79345;80772;-;94.3	83;74663;77290;-;98.5	91;81487;82053;-;183.8	79;72015;72653;-;68.4	78;70210;72018;-;268.4	65;59102;61255;-;391.9	85;77806;78321;-;78.4	65;59102;61255;-;70.4	A	9/9	contiguous	22385	1	1	62271..62762-;163;TraS;0
CP058077.1	MPF_F	IncFIB(AP001918);IncFIC(FII)	133	0	0	GA	0															not_admitted	not_admitted	not_admitted	not_admitted	not_admitted	not_admitted	not_admitted	not_admitted	not_admitted	not_admitted	1	85;76082;77074;-;369.3	74;69023;70396;-;378.0	81;72610;73353;-;234.1	88;78083;80710;-;305.4	73;66204;69026;-;389.5	94;82765;84192;-;94.3	88;78083;80710;-;98.5	96;84907;85473;-;183.8	84;75435;76073;-;68.4	83;73630;75438;-;268.4	70;62522;64675;-;391.9	90;81226;81741;-;78.4	70;62522;64675;-;70.4	A	9/9	contiguous	22385	1	1	65691..66182-;163;TraS;0
CP058079.1	MPF_F	IncFIB(AP001918);IncFIC(FII)	133	0	0	GA	0															not_admitted	not_admitted	not_admitted	not_admitted	not_admitted	not_admitted	not_admitted	not_admitted	not_admitted	not_admitted	1	85;76082;77074;-;369.3	74;69023;70396;-;378.0	81;72610;73353;-;234.1	88;78083;80710;-;305.4	73;66204;69026;-;389.5	94;82765;84192;-;94.3	88;78083;80710;-;98.5	96;84907;85473;-;183.8	84;75435;76073;-;68.4	83;73630;75438;-;268.4	70;62522;64675;-;391.9	90;81226;81741;-;78.4	70;62522;64675;-;70.4	A	9/9	contiguous	22385	1	1	65691..66182-;163;TraS;0
CP058082.1	MPF_F	IncFII	84	0	0	GA	0															not_admitted	not_admitted	not_admitted	not_admitted	not_admitted	not_admitted	not_admitted	not_admitted	not_admitted	not_admitted	1	56;47126;48124;+;348.4	67;55076;56482;+;342.9	63;52998;53783;+;217.9	51;42862;45501;+;252.8	68;56482;59391;+;312.7	47;39983;41323;+;98.1	51;42862;45501;+;118.2	45;38658;39236;+;126.9	61;50448;51065;+;56.9	62;51062;52996;+;241.6	73;62237;64435;+;370.5	50;42353;42865;+;60.0	73;62237;64435;+;61.8	A	9/9	contiguous	23579	1	1	59406..60056+;216;unnamed;1
CP058084.1	MPF_F	IncFIB(AP001918);IncFIC(FII)	206	0	0	GA	0															not_admitted	not_admitted	not_admitted	not_admitted	not_admitted	not_admitted	not_admitted	not_admitted	not_admitted	not_admitted	1	142;140275;141267;-;368.6	131;133217;134593;-;380.5	138;136803;137546;-;235.0	145;142276;144903;-;305.4	130;130407;133220;-;389.0	152;146958;148385;-;94.3	145;142276;144903;-;98.5	154;149100;149666;-;183.8	141;139628;140266;-;67.6	140;137823;139631;-;268.2	127;126716;128869;-;389.7	148;145419;145934;-;77.3	127;126716;128869;-;70.4	A	9/9	contiguous	22384	1	1	129885..130382-;165;TraS;0
CP058085.1	MPF_T	IncX4	54	0	0	GA	1	43;34363;34983;-;46.9	42;34023;34349;-;64.4	41;31257;34004;-;62.7	41;31257;34004;-;154.4	41;31257;34004;-;46.1	40;30529;31245;-;97.3	39;29439;30518;-;157.5		37;28256;28942;-;168.8	36;27351;28259;-;142.1	35;26240;27358;-;163.7	34;25210;26238;-;85.0	33;23361;25178;-;317.4		pfam	pfam_only	A	7/7	canonical	1	1	unscoreable	1	0	0														not_admitted	not_admitted	not_admitted	not_admitted	not_admitted	not_admitted	not_admitted
CP058089.1	MPF_F	IncFII	84	0	0	GA	0															not_admitted	not_admitted	not_admitted	not_admitted	not_admitted	not_admitted	not_admitted	not_admitted	not_admitted	not_admitted	1	56;47126;48124;+;348.4	67;55076;56482;+;342.9	63;52998;53783;+;217.9	51;42862;45501;+;252.8	68;56482;59391;+;312.7	47;39983;41323;+;98.1	51;42862;45501;+;118.2	45;38658;39236;+;126.9	61;50448;51065;+;56.9	62;51062;52996;+;241.6	73;62237;64435;+;370.5	50;42353;42865;+;60.0	73;62237;64435;+;61.8	A	9/9	contiguous	23579	1	1	59406..60056+;216;unnamed;1
CP058092.1	MPF_F	IncFII	84	0	0	GA	0															not_admitted	not_admitted	not_admitted	not_admitted	not_admitted	not_admitted	not_admitted	not_admitted	not_admitted	not_admitted	1	56;47126;48124;+;348.4	67;55076;56482;+;342.9	63;52998;53783;+;217.9	51;42862;45501;+;252.8	68;56482;59391;+;312.7	47;39983;41323;+;98.1	51;42862;45501;+;118.2	45;38658;39236;+;126.9	61;50448;51065;+;56.9	62;51062;52996;+;241.6	73;62237;64435;+;370.5	50;42353;42865;+;60.0	73;62237;64435;+;61.8	A	9/9	contiguous	23579	1	1	59406..60056+;216;unnamed;1
CP058094.1	MPF_F	IncFIB(AP001918);IncFIC(FII)	160	0	0	GA	0															not_admitted	not_admitted	not_admitted	not_admitted	not_admitted	not_admitted	not_admitted	not_admitted	not_admitted	not_admitted	1	97;96776;97768;-;369.3	88;90342;91718;-;380.2	93;93304;94047;-;232.2	100;98777;101404;-;305.4	87;87523;90345;-;392.0	107;103458;104885;-;94.7	100;98777;101404;-;98.5	109;105600;106166;-;183.4	96;96129;96767;-;68.7	95;94324;96132;-;268.0	84;83836;85989;-;391.5	103;101920;102435;-;76.7	84;83836;85989;-;69.2	A	9/9	contiguous	21764	1	1	87022..87501-;159;TraS;0
CP058103.1	MPF_F	IncFII	84	0	0	GA	0															not_admitted	not_admitted	not_admitted	not_admitted	not_admitted	not_admitted	not_admitted	not_admitted	not_admitted	not_admitted	1	56;47126;48124;+;348.4	67;55076;56482;+;342.9	63;52998;53783;+;217.9	51;42862;45501;+;252.8	68;56482;59391;+;312.7	47;39983;41323;+;98.1	51;42862;45501;+;118.2	45;38658;39236;+;126.9	61;50448;51065;+;56.9	62;51062;52996;+;241.6	73;62237;64435;+;370.5	50;42353;42865;+;60.0	73;62237;64435;+;61.8	A	9/9	contiguous	23579	1	1	59406..60056+;216;unnamed;1
CP058105.1	MPF_F	IncFIB(AP001918);IncFIC(FII)	160	0	0	GA	0															not_admitted	not_admitted	not_admitted	not_admitted	not_admitted	not_admitted	not_admitted	not_admitted	not_admitted	not_admitted	1	97;96776;97768;-;369.3	88;90342;91718;-;380.2	93;93304;94047;-;232.2	100;98777;101404;-;305.4	87;87523;90345;-;392.0	107;103458;104885;-;94.7	100;98777;101404;-;98.5	109;105600;106166;-;183.4	96;96129;96767;-;68.7	95;94324;96132;-;268.0	84;83836;85989;-;391.5	103;101920;102435;-;76.7	84;83836;85989;-;69.2	A	9/9	contiguous	21764	1	1	87022..87501-;159;TraS;0
CP058778.1	MPF_F	IncFII(pCoo)	108	0	0	GA	0															not_admitted	not_admitted	not_admitted	not_admitted	not_admitted	not_admitted	not_admitted	not_admitted	not_admitted	not_admitted	1	81;62593;63207;+;132.5	92;68277;69350;+;355.6	88;66312;66950;+;175.1	77;58958;59896;+;197.0	95;70187;71008;+;192.6	72;55616;57043;+;94.1	78;59893;61584;+;101.9	70;54335;54901;+;183.8	83;63592;64230;+;64.4	85;65191;65706;+;154.5	100;74003;76033;+;383.3	76;57926;58324;+;25.1	100;74003;76033;+;70.7	A	9/9	contiguous	19668	1	1	70953..71384+;143;unnamed;0
CP058779.1	MPF_T	IncX1	62	0	0	GA	1	40;27506;28150;+;47.1	41;28134;28424;+;73.5	42;28448;31096;+;44.9	42;28448;31096;+;133.4	42;28448;31096;+;72.1	43;31208;31945;+;57.5	45;32227;32721;+;53.8		48;33474;34196;+;116.0	49;34202;35131;+;129.9	50;35128;36342;+;128.6	51;36360;37397;+;66.4	53;37613;39238;+;544.0		pfam	pfam_only	A	7/7	canonical	1	1	unscoreable	3	0	0														not_admitted	not_admitted	not_admitted	not_admitted	not_admitted	not_admitted	not_admitted
CP058799.1	MPF_F	IncFIB(pNDM-Mar);IncHI1B(pNDM-MAR)	342	0	0	GA	0															not_admitted	not_admitted	not_admitted	not_admitted	not_admitted	not_admitted	not_admitted	not_admitted	not_admitted	not_admitted	1	268;235048;236085;-;282.3	89;69289;70698;+;190.4	88;68262;69299;+;175.7	282;248142;250859;-;149.6	90;70700;74668;+;121.3	286;252972;254342;-;65.6	282;248142;250859;-;85.2	289;255988;256848;-;79.0	269;236082;237443;-;69.9	267;231853;235038;-;59.9	81;58937;61063;-;57.7	283;250904;251641;-;56.9	81;58937;61063;-;41.0	A	9/9	split_2	197051	0	1	
CP058800.1	MPF_F	IncFIB(K)	104	0	0	GA	0															not_admitted	not_admitted	not_admitted	not_admitted	not_admitted	not_admitted	not_admitted	not_admitted	not_admitted	not_admitted	1	48;60135;61127;-;366.6	38;53232;54599;-;381.2	42;55857;56609;-;233.7	50;62142;64781;-;258.7	37;50383;53232;-;345.6	59;68596;70020;-;89.2	50;62142;64781;-;88.8	61;70747;71313;-;167.0	47;59484;60122;-;67.0	46;57481;59487;-;259.6	33;45585;47897;-;392.7	57;67415;67984;-;49.7	33;45585;47897;-;66.6	A	9/9	contiguous	25162	1	1	49822..50370-;182;unnamed;0
CP058801.1	MPF_F	IncFII	110	0	0	GA	0															not_admitted	not_admitted	not_admitted	not_admitted	not_admitted	not_admitted	not_admitted	not_admitted	not_admitted	not_admitted	1	86;71171;72163;+;369.5	96;77942;79315;+;381.7	91;75269;76012;+;234.4	83;67532;70162;+;304.1	97;79312;82134;+;374.0	76;63082;64533;+;94.2	83;67532;70162;+;97.1	74;61801;62367;+;174.3	88;72507;73145;+;68.6	89;73142;74992;+;266.1	101;84406;86658;+;391.1	79;65393;65908;+;78.4	101;84406;86658;+;70.3	A	9/9	contiguous	22605	1	1	82156..82635+;159;TraS;0
CP058915.1	MPF_F	IncFII(pHN7A8)	88	0	0	GA	0															not_admitted	not_admitted	not_admitted	not_admitted	not_admitted	not_admitted	not_admitted	not_admitted	not_admitted	not_admitted	1	84;70694;71686;-;371.8	75;64259;65632;-;381.0	80;67222;67965;-;233.3	87;72695;74386;-;84.7	74;61440;64262;-;389.2	6;2812;3465;-;71.1	87;72695;74386;-;101.9	9;4956;5522;-;183.8	83;70047;70685;-;68.6	82;68242;70050;-;268.0	70;57728;59386;-;387.3	3;1416;1931;-;78.0	70;57728;59386;-;70.9	A	9/9	split_2	71279	1	1	60922..61419-;165;TraS;0
CP059361.1	MPF_T	-	39	0	0	GA	1				38;34376;36424;-;179.4		31;30329;31063;-;85.6	30;29337;30332;-;116.9		28;28534;29193;-;177.9	27;27647;28537;-;162.9	26;26459;27637;-;164.3	25;25465;26478;-;93.9	23;23094;24905;-;344.8		pfam	pfam_only	A	7/7	canonical	1	0	unscoreable	8	0	0														not_admitted	not_admitted	not_admitted	not_admitted	not_admitted	not_admitted	not_admitted
CP059363.1	MPF_T	-	49	0	0	GA	1		7;4678;4941;+;59.3	8;4954;7722;+;73.3	8;4954;7722;+;174.2	8;4954;7722;+;86.0	13;9960;10676;+;84.6	14;10673;11671;+;119.5		16;11818;12480;+;177.6	17;12477;13364;+;161.4	18;13391;14563;+;166.0	19;14544;15536;+;93.2	20;15537;17348;+;348.4		pfam	pfam_only	A	7/7	canonical	1	1	unscoreable	5	0	0														not_admitted	not_admitted	not_admitted	not_admitted	not_admitted	not_admitted	not_admitted
CP059367.1	MPF_T	-	63	0	0	GA	1		23;19195;19458;-;59.3	22;16414;19182;-;73.3	22;16414;19182;-;174.2	22;16414;19182;-;86.0	17;13459;14430;-;83.3	16;12464;13462;-;119.5		14;11655;12317;-;177.6	13;10771;11658;-;161.4	12;9572;10744;-;166.0	11;8599;9591;-;93.2	10;6787;8598;-;348.4		pfam	pfam_only	A	7/7	canonical	1	1	unscoreable	5	0	0														not_admitted	not_admitted	not_admitted	not_admitted	not_admitted	not_admitted	not_admitted
CP059370.1	MPF_T	-	191	0	0	GA	1	34;27969;28514;-;54.1	48;39662;39958;-;64.2	47;39375;39662;-;45.0	46;36906;39371;-;93.0	46;36906;39371;-;88.9	42;33871;34665;-;57.7	40;32383;33603;-;54.9		38;31357;32052;-;122.1	37;30192;31346;-;166.5	35;28507;29748;-;214.7	49;39968;40906;-;130.3	29;23345;25168;-;321.1		conjscan	both	A	7/7	canonical	1	0	unscoreable	11	0	0														not_admitted	not_admitted	not_admitted	not_admitted	not_admitted	not_admitted	not_admitted
CP059905.1	MPF_F	IncFIB(AP001918);IncFII	162	0	0	GA	0															not_admitted	not_admitted	not_admitted	not_admitted	not_admitted	not_admitted	not_admitted	not_admitted	not_admitted	not_admitted	1	12;6854;7471;+;195.9	24;13534;14907;+;374.6	17;10576;11319;+;234.1	8;3763;4347;+;129.7	25;14904;15995;+;307.4	0;36;1163;+;93.2	9;4364;5845;+;100.3	160;140148;140714;+;183.8	14;7856;8494;+;67.3	15;8491;10299;+;268.3	29;19282;21435;+;391.1	4;2187;2702;+;77.3	29;19282;21435;+;69.2	A	9/9	split_2	140112	1	1	15995..17719+;574;unnamed;0
CP059923.1	MPF_F	IncFIB(AP001918);IncFII(pCoo)	143	0	0	GA	0															not_admitted	not_admitted	not_admitted	not_admitted	not_admitted	not_admitted	not_admitted	not_admitted	not_admitted	not_admitted	1	93;83140;84132;+;370.2	101;88825;90201;+;380.4	97;86864;87607;+;233.3	89;79503;81263;+;304.9	104;90740;93022;+;206.6	83;76164;77591;+;94.3	90;81217;82131;+;52.1	81;74883;75449;+;183.8	94;84141;84779;+;68.2	95;84776;86584;+;268.2	107;94556;96817;+;391.6	86;78472;78987;+;78.0	107;94556;96817;+;70.3	A	9/9	contiguous	19673	1	1	93043..93540+;165;TraS;0
CP059926.1	MPF_F	IncFIB(AP001918);IncFII(pSE11)	150	0	0	GA	0															not_admitted	not_admitted	not_admitted	not_admitted	not_admitted	not_admitted	not_admitted	not_admitted	not_admitted	not_admitted	1	25;15653;16507;+;291.2	36;22691;24067;+;380.7	31;20361;21104;+;234.1	21;12358;13146;+;168.9	38;24362;26887;+;295.9	11;7303;8730;+;94.7	22;13163;14644;+;99.9	9;6175;6588;+;143.5	28;17641;18279;+;68.6	29;18276;20084;+;267.9	42;28422;30674;+;391.7	15;9858;10373;+;78.4	42;28422;30674;+;70.3	A	9/9	contiguous	22247	1	1	26908..27081+;57;unnamed;0
CP059927.1	MPF_F	IncFII(pHN7A8)	135	0	0	GA	0															not_admitted	not_admitted	not_admitted	not_admitted	not_admitted	not_admitted	not_admitted	not_admitted	not_admitted	not_admitted	1	112;107014;107985;-;346.1	102;100579;101952;-;377.3	107;103518;104261;-;235.0	115;108994;111621;-;305.5	101;97757;100582;-;388.1		115;108994;111621;-;99.7	124;115818;116384;-;183.8	111;106345;106983;-;68.0	109;104706;105386;-;250.4	97;94047;95378;-;248.4	117;112137;112436;-;48.7	97;94047;95378;-;71.4	A	9/9	contiguous	21771	1	1	97251..97760-;169;unnamed;0
CP059928.1	MPF_T	IncX4	51	0	0	GA	1	46;32421;33041;-;46.9	45;32081;32407;-;64.4	44;29315;32062;-;62.7	44;29315;32062;-;151.8	44;29315;32062;-;46.1	43;28587;29303;-;97.3	42;27497;28576;-;157.5		40;26296;26982;-;169.0	39;25391;26299;-;141.0	38;24280;25398;-;163.9	37;23250;24278;-;85.0	36;21401;23218;-;316.5		pfam	pfam_only	A	7/7	canonical	1	1	unscoreable	1	0	0														not_admitted	not_admitted	not_admitted	not_admitted	not_admitted	not_admitted	not_admitted
CP059945.1	MPF_F	IncFIB(AP001918);IncFIC(FII)	146	0	0	GA	0															not_admitted	not_admitted	not_admitted	not_admitted	not_admitted	not_admitted	not_admitted	not_admitted	not_admitted	not_admitted	1	97;77183;78175;-;369.3	84;70122;71495;-;378.0	91;73709;74452;-;234.1	101;80682;81407;-;160.0	83;68764;70125;-;384.4	108;83868;85295;-;94.3	100;79184;80728;-;100.6	110;86010;86576;-;183.8	95;76534;76851;-;47.7	93;74746;75573;-;265.1	77;63621;64898;-;249.1	104;82329;82844;-;78.4	77;63621;64898;-;71.5	A	9/9	contiguous	22389	1	1	68388..68819-;143;unnamed;0
CP060098.1	MPF_F	IncFII(pSE11)	164	0	0	GA	0															not_admitted	not_admitted	not_admitted	not_admitted	not_admitted	not_admitted	not_admitted	not_admitted	not_admitted	not_admitted	1	40;40245;41237;-;369.3	29;33187;34560;-;380.9	36;36773;37516;-;233.7	43;42246;44873;-;302.1	28;30365;33190;-;387.0	50;46928;48253;-;56.4	43;42246;44873;-;98.5	52;48968;49534;-;183.8	39;39598;40236;-;68.4	38;37793;39601;-;268.3	25;26619;28862;-;392.6	46;45389;45904;-;78.4	25;26619;28862;-;70.2	A	9/9	contiguous	22349	1	1	29859..30368-;169;unnamed;0
CP060100.1	MPF_F	IncFII(pSE11)	164	0	0	GA	0															not_admitted	not_admitted	not_admitted	not_admitted	not_admitted	not_admitted	not_admitted	not_admitted	not_admitted	not_admitted	1	34;30697;31689;-;369.3	23;23639;25012;-;380.9	30;27225;27968;-;233.7	37;32698;35325;-;302.1	22;20817;23642;-;387.0	44;37380;38705;-;56.4	37;32698;35325;-;98.5	46;39420;39986;-;183.8	33;30050;30688;-;68.4	32;28245;30053;-;268.3	19;17071;19314;-;392.6	40;35841;36356;-;78.4	19;17071;19314;-;70.2	A	9/9	contiguous	22349	1	1	20311..20820-;169;unnamed;0
CP060106.1	MPF_F	IncFII(pHN7A8)	104	0	0	GA	0															not_admitted	not_admitted	not_admitted	not_admitted	not_admitted	not_admitted	not_admitted	not_admitted	not_admitted	not_admitted	1	40;28065;29057;+;369.3	51;34703;36076;+;380.9	44;31786;32529;+;233.9	37;24963;27056;+;194.9	52;36073;38898;+;385.6	29;19131;20558;+;94.3	37;24963;27056;+;99.4	27;17850;18416;+;183.8	41;29066;29704;+;68.4	42;29701;31509;+;267.5	55;40401;42554;+;391.5	32;21581;22096;+;78.4	55;40401;42554;+;69.2	A	9/9	contiguous	22551	1	1	38895..39404+;169;unnamed;0
CP060110.1	MPF_F	IncFIA;IncFIB(pB171);IncFII(29);IncHI2;IncHI2A;IncN	398	0	0	GA	0															not_admitted	not_admitted	not_admitted	not_admitted	not_admitted	not_admitted	not_admitted	not_admitted	not_admitted	not_admitted	1	202;187163;188155;+;369.4	213;193832;195205;+;380.6	206;190884;191627;+;232.7	199;183524;186154;+;305.1	214;195202;198021;+;386.7	190;178042;179469;+;93.6	199;183524;186154;+;97.1	188;176761;177327;+;182.3	203;188164;188802;+;68.6	204;188799;190607;+;266.3	218;200291;202285;+;391.6	194;180597;181112;+;81.8	218;200291;202285;+;70.6	A	9/9	contiguous	23530	1	1	198046..198537+;163;TraS;0
CP060166.1	MPF_F	IncFIB(S);IncFII(S);IncFII(pAR0022);IncQ1	143	0	0	GA	0															not_admitted	not_admitted	not_admitted	not_admitted	not_admitted	not_admitted	not_admitted	not_admitted	not_admitted	not_admitted	1	118;91991;92983;+;366.7	127;98231;99613;+;392.4	124;96450;97199;+;231.0	115;88356;91004;+;314.0	128;99610;102432;+;394.4	107;84402;85823;+;91.5	115;88356;91004;+;97.8	105;83109;83675;+;188.1	120;93295;93933;+;70.6	122;94386;96212;+;271.0	131;104086;106248;+;374.1	110;86629;87144;+;96.7	131;104086;106248;+;72.1	A	9/9	contiguous	20977	1	1	102454..102942+;162;TraS;0
CP060651.1	MPF_F	IncHI1A(NDM-CIT);IncHI1B(pNDM-CIT)	341	1	1	GA	1		66;67857;68243;-;89.6	65;67591;67860;-;32.5	294;267794;270244;-;42.3	294;267794;270244;-;138.4	63;64388;65131;-;226.2	61;62787;64052;-;179.6		60;62064;62768;-;235.7	289;263637;264629;-;224.4	58;59789;61072;-;206.6	67;68230;69309;-;118.3	299;272430;274445;-;346.4	29;31510;34686;+;57.9	conjscan	conjscan_only	A	7/7	canonical	1	0	unscoreable	6	0	1	28;30784;31491;+;214.6	194;194102;195517;-;200.0	195;195507;196553;-;168.3	11;9302;11983;+;156.8	193;190104;194093;-;103.1	58;59789;61072;-;206.6	11;9302;11983;+;73.5	4;3144;3929;+;69.5	26;28783;30291;+;62.3	29;31510;34686;+;57.9	299;272430;274445;-;105.6	10;8343;9293;+;45.4	299;272430;274445;-;99.4	A	9/9	split_4	269286	0	1	
CP060652.1	MPF_F	IncFII(Yp);IncFII(pAR0022)	102	0	0	GA	0															not_admitted	not_admitted	not_admitted	not_admitted	not_admitted	not_admitted	not_admitted	not_admitted	not_admitted	not_admitted	1	83;62637;63629;+;368.4	91;68342;69712;+;376.7	87;66376;67125;+;218.2	80;59019;61649;+;285.5	92;69712;72534;+;336.5	74;55597;56991;+;90.7	80;59019;61649;+;98.6	72;54314;54880;+;169.9	84;63646;64275;+;66.9	85;64272;66125;+;260.5	95;73870;76080;+;382.2	75;57013;57552;+;67.5	95;73870;76080;+;60.3	A	9/9	contiguous	19556	1	1	72556..72987+;143;TraS;0
CP060655.1	MPF_F	IncFII(Yp);IncFII(pAR0022)	126	0	0	GA	0															not_admitted	not_admitted	not_admitted	not_admitted	not_admitted	not_admitted	not_admitted	not_admitted	not_admitted	not_admitted	1	79;63733;64719;+;368.4	87;69432;70802;+;376.7	83;67466;68215;+;218.2	76;60109;62739;+;285.5	88;70802;73624;+;336.5	70;56687;58081;+;90.7	76;60109;62739;+;98.6	68;55404;55970;+;169.9	80;64736;65365;+;66.9	81;65362;67215;+;260.5	91;74960;77170;+;382.2	71;58103;58642;+;67.5	91;74960;77170;+;60.3	A	9/9	contiguous	19556	1	1	73646..74077+;143;TraS;0
CP060660.1	MPF_F	IncFII(Yp);IncFII(pAR0022);IncHI1A(NDM-CIT);IncHI1B(pNDM-CIT)	447	1	1	GA	1	197;179735;180211;-;78.8	66;67857;68243;-;89.6	65;67591;67860;-;32.5	400;353650;356100;-;42.3	400;353650;356100;-;138.4	63;64388;65131;-;226.2	61;62787;64052;-;179.6		60;62064;62768;-;235.7	395;349493;350485;-;224.4	58;59789;61072;-;206.6	67;68230;69309;-;118.3	405;358286;360301;-;346.4	216;193061;194914;+;260.5	conjscan	conjscan_only	A	7/7	canonical	1	0	unscoreable	32	0	1	214;191432;192418;+;368.4	222;197131;198501;+;376.7	218;195165;195914;+;218.2	211;187808;190438;+;285.5	223;198501;201323;+;336.5	58;59789;61072;-;206.6	211;187808;190438;+;98.6	203;183103;183669;+;169.9	215;192435;193064;+;66.9	216;193061;194914;+;260.5	226;202659;204869;+;382.2	206;185802;186341;+;67.5	405;358286;360301;-;99.4	A	9/9	split_3	298497	1	1	201345..201776+;143;TraS;0
CP060663.1	MPF_F	IncHI1A(NDM-CIT);IncHI1B(pNDM-CIT)	341	1	1	GA	1		66;67857;68243;-;89.6	65;67591;67860;-;32.5	294;267794;270244;-;42.3	294;267794;270244;-;138.4	63;64388;65131;-;226.2	61;62787;64052;-;179.6		60;62064;62768;-;235.7	289;263637;264629;-;224.4	58;59789;61072;-;206.6	67;68230;69309;-;118.3	299;272430;274445;-;346.4	29;31510;34686;+;57.9	conjscan	conjscan_only	A	7/7	canonical	1	0	unscoreable	6	0	1	28;30784;31491;+;214.6	194;194102;195517;-;200.0	195;195507;196553;-;168.3	11;9302;11983;+;156.8	193;190104;194093;-;103.1	58;59789;61072;-;206.6	11;9302;11983;+;73.5	4;3144;3929;+;69.5	26;28783;30291;+;62.3	29;31510;34686;+;57.9	299;272430;274445;-;105.6	10;8343;9293;+;45.4	299;272430;274445;-;99.4	A	9/9	split_4	269286	0	1	
CP060664.1	MPF_F	IncFII(Yp);IncFII(pAR0022)	102	0	0	GA	0															not_admitted	not_admitted	not_admitted	not_admitted	not_admitted	not_admitted	not_admitted	not_admitted	not_admitted	not_admitted	1	83;62637;63629;+;368.4	91;68342;69712;+;376.7	87;66376;67125;+;218.2	80;59019;61649;+;285.5	92;69712;72534;+;336.5	74;55597;56991;+;90.7	80;59019;61649;+;98.6	72;54314;54880;+;169.9	84;63646;64275;+;66.9	85;64272;66125;+;260.5	95;73870;76080;+;382.2	75;57013;57552;+;67.5	95;73870;76080;+;60.3	A	9/9	contiguous	19556	1	1	72556..72987+;143;TraS;0
CP060845.1	MPF_F	IncFIA(HI1);IncHI1A;IncHI1B(R27)	266	0	0	GA	0															not_admitted	not_admitted	not_admitted	not_admitted	not_admitted	not_admitted	not_admitted	not_admitted	not_admitted	not_admitted	1	15;14855;15907;+;277.6	177;167355;168770;-;202.4	178;168760;169806;-;171.3	264;239303;241984;+;160.6	176;163357;167346;-;103.1	260;235597;236955;+;84.0	264;239303;241984;+;76.5	257;233145;233930;+;68.7	13;13202;14710;+;65.6	16;15930;19106;+;58.9	184;176741;178825;+;50.2	263;238344;239294;+;45.2	184;176741;178825;+;36.5	A	9/9	split_3	226101	0	1	
CP061001.1	MPF_T	IncFII	58	0	0	GA	1	8;3545;4216;+;37.5		9;4515;4838;+;37.3	10;4891;5637;+;27.1			20;8531;9478;+;82.3		23;9996;10556;+;52.1	25;10692;11033;+;57.4	28;11531;12706;+;128.2	29;12917;13966;+;65.5	31;14340;15968;+;237.7		none	none	A	7/7	canonical	0	0	unscoreable	14	0	0														not_admitted	not_admitted	not_admitted	not_admitted	not_admitted	not_admitted	not_admitted
CP061213.1	MPF_F	IncHI2;IncHI2A	211	0	0	GA	0															not_admitted	not_admitted	not_admitted	not_admitted	not_admitted	not_admitted	not_admitted	not_admitted	not_admitted	not_admitted	1	54;60813;61871;+;276.9			38;38560;41241;+;168.0		34;34875;36230;+;80.7	38;38560;41241;+;72.2	31;32363;33151;+;74.8	52;59160;60671;+;61.8	55;61890;65078;+;57.3		37;37601;38551;+;46.1		C	6/9	split_2	29527	0	1	
CP061215.1	MPF_T	IncX1	65	0	0	GA	1	13;6307;6954;+;45.2	14;6932;7228;+;77.5	15;7247;7915;+;49.3	55;43774;45768;-;150.8	15;7247;7915;+;66.4	54;43014;43763;-;67.5	52;41642;42703;-;135.0		51;40684;41397;-;120.0	50;39750;40679;-;133.8	49;38548;39753;-;132.5	48;37515;38546;-;78.9	47;35677;37512;-;489.3		pfam	pfam_only	A	7/7	canonical	1	0	unscoreable	1	0	0														not_admitted	not_admitted	not_admitted	not_admitted	not_admitted	not_admitted	not_admitted
CP061230.1	MPF_F	IncFIA;IncFIB(AP001918);IncFII(29)	106	0	0	GA	0															not_admitted	not_admitted	not_admitted	not_admitted	not_admitted	not_admitted	not_admitted	not_admitted	not_admitted	not_admitted	1	87;75736;76728;-;369.3	76;68677;70050;-;380.9	83;72264;73007;-;234.4	90;77737;80364;-;305.4	75;65858;68680;-;384.6	96;82523;83950;-;94.3	90;77737;80364;-;98.5	98;84665;85231;-;183.8	86;75089;75727;-;68.4	85;73284;75092;-;268.4	72;62177;64330;-;391.8	92;80880;81395;-;78.4	72;62177;64330;-;70.4	A	9/9	contiguous	22488	1	1	65345..65836-;163;TraS;0
CP061231.1	MPF_F	IncFII(pHN7A8)	65	0	0	GA	0															not_admitted	not_admitted	not_admitted	not_admitted	not_admitted	not_admitted	not_admitted	not_admitted	not_admitted	not_admitted	1	34;36987;37985;-;349.2	26;30271;31677;-;340.5	30;32996;33781;-;219.0	38;39218;41857;-;251.4	25;27362;30271;-;315.0	40;42378;43712;-;97.0	38;39218;41857;-;119.0	42;44459;45037;-;126.2	32;35714;36319;-;58.0	31;33783;35717;-;241.0	20;22361;24520;-;375.2	39;41854;42366;-;58.5	20;22361;24520;-;60.3	A	9/9	contiguous	22098	1	1	26700..27347-;215;unnamed;1
CP061234.1	MPF_F	IncHI2;IncHI2A;IncN	297	0	0	GA	0															not_admitted	not_admitted	not_admitted	not_admitted	not_admitted	not_admitted	not_admitted	not_admitted	not_admitted	not_admitted	1	72;53503;54567;-;276.9	209;156853;158268;+;194.1	208;156225;156863;+;90.6	98;75562;76503;-;106.4	211;158954;160963;+;70.7	105;79114;79809;-;83.8		110;82188;82976;-;74.8	74;54709;56220;-;62.0	70;50304;51095;-;25.2	197;146714;148798;-;56.8	100;76802;77029;-;29.9	197;146714;148798;-;38.8	A	9/9	split_3	108650	1	1	160978..162228+;416;unnamed;0
CP061235.1	MPF_T	IncP1	66	0	0	GA	1	28;18161;18808;+;22.0	14;8576;8920;+;68.7		16;9790;11823;+;99.8	15;9281;9790;+;98.7	22;15394;15927;+;79.5			17;11820;12527;+;88.1	18;12543;13415;+;141.2	21;14944;15228;+;51.4	13;7507;8463;+;133.6	47;31616;32377;-;206.9		conjscan	conjscan_only	B	6/7	uncallable	0	0	unscoreable	8	0	0														not_admitted	not_admitted	not_admitted	not_admitted	not_admitted	not_admitted	not_admitted
CP061237.1	MPF_F	IncFII(pCoo)	88	0	0	GA	0															not_admitted	not_admitted	not_admitted	not_admitted	not_admitted	not_admitted	not_admitted	not_admitted	not_admitted	not_admitted	1	44;32443;33300;-;275.8	31;24376;24981;-;152.4	37;28084;28656;-;52.6	48;35256;36491;-;224.3	28;22039;23391;-;161.8	56;40600;42030;-;93.4	47;34309;35256;-;51.5	58;42745;43311;-;172.1	41;31012;31677;-;55.2	39;29160;30569;-;75.8	21;16911;19064;-;391.5	53;38962;39477;-;77.1	21;16911;19064;-;70.4	A	9/9	contiguous	25834	1	1	21679..21963-;94;unnamed;0
CP061262.1	MPF_F	IncFII(pHN7A8)	84	0	0	GA	0															not_admitted	not_admitted	not_admitted	not_admitted	not_admitted	not_admitted	not_admitted	not_admitted	not_admitted	not_admitted	1	52;35094;36092;+;349.2	62;41844;42461;+;162.6	56;39298;40083;+;219.0	45;31226;33424;+;252.0	66;43666;44004;+;79.0	43;29290;30705;+;96.7	45;31226;33424;+;94.3	41;28049;28492;+;96.7	54;36760;37365;+;58.0	55;37362;39296;+;241.0	74;49029;50702;+;376.2	44;30717;31229;+;58.5	74;49029;50702;+;61.0	A	9/9	contiguous	20980	1	1	44001..45704+;567;unnamed;0
CP061263.1	MPF_F	IncFIA;IncFIB(AP001918);IncFII(29)	115	0	0	GA	0															not_admitted	not_admitted	not_admitted	not_admitted	not_admitted	not_admitted	not_admitted	not_admitted	not_admitted	not_admitted	1	6;3802;4794;+;369.3	17;10475;11848;+;380.9	10;7674;8264;+;216.0	0;171;806;+;124.4	18;11845;13863;+;385.9	110;86143;87570;+;94.3	2;1454;2794;+;100.2	108;84862;85428;+;183.8	7;4803;5441;+;68.4	8;5438;7246;+;268.4	22;16195;18114;+;392.4	114;88698;89213;+;78.4	22;16195;18114;+;70.7	A	9/9	split_2	88527	1	1	14105..14668+;187;unnamed;0
CP061265.1	MPF_F	IncHI2;IncHI2A;IncQ1	177	0	0	GA	0															not_admitted	not_admitted	not_admitted	not_admitted	not_admitted	not_admitted	not_admitted	not_admitted	not_admitted	not_admitted	1				163;130480;133161;+;168.3		159;126795;128150;+;80.7	163;130480;133161;+;72.2	155;124284;124883;+;57.9				162;129521;130471;+;46.1		D	3/9	contiguous	6196	0	0	
CP061266.1	MPF_F	IncFII	225	0	0	GA	0															not_admitted	not_admitted	not_admitted	not_admitted	not_admitted	not_admitted	not_admitted	not_admitted	not_admitted	not_admitted	1	165;129363;130355;-;368.5	150;120295;121668;-;374.3	157;124102;124845;-;233.1	168;131364;133994;-;305.3	149;117527;120298;-;374.4	177;137046;137483;-;35.1	168;131364;133994;-;98.2	180;139213;139779;-;183.8	162;127772;128410;-;71.0	159;125109;126959;-;262.7	144;112978;115212;-;395.3	174;135773;136288;-;82.6	144;112978;115212;-;70.4	A	9/9	contiguous	26235	1	1	116947..117456-;169;unnamed;0
CP061512.1	MPF_F	IncHI2;IncHI2A	323	0	0	GA	0															not_admitted	not_admitted	not_admitted	not_admitted	not_admitted	not_admitted	not_admitted	not_admitted	not_admitted	not_admitted	1	30;32276;33334;+;276.9	226;213619;215034;-;194.1	227;215024;216070;-;173.7	11;8955;11636;+;168.0	225;209660;213610;-;101.6	7;5270;6625;+;80.7	11;8955;11636;+;72.2	4;2758;3546;+;74.8	28;30623;32134;+;62.7	31;33353;36541;+;58.3	233;223111;225195;+;56.7	10;7996;8946;+;46.4	233;223111;225195;+;38.8	A	9/9	split_3	220353	0	1	
CP061542.1	MPF_F	-	166	0	0	GA	0															not_admitted	not_admitted	not_admitted	not_admitted	not_admitted	not_admitted	not_admitted	not_admitted	not_admitted	not_admitted	1	59;32162;33175;-;325.4	51;26901;27914;-;215.2	52;27939;28394;-;120.7	67;36087;36935;-;129.3	47;25273;26256;-;121.0	71;38864;40117;-;106.1	65;34777;35430;-;51.6	74;41041;41472;-;64.0	57;31421;31705;-;54.0	54;28817;30259;-;79.4	107;56126;56611;-;119.7	68;37492;38124;-;43.4		A	9/9	contiguous	30853	1	1	23397..25268-;623;unnamed;0
CP061720.1	-	IncFII(Y);pSM22	151	0	0	GA	0															not_admitted	not_admitted	not_admitted	not_admitted	not_admitted	not_admitted	not_admitted	not_admitted	not_admitted	not_admitted	1	110;101456;102454;+;370.6	117;106768;108129;+;357.8	113;104820;105590;+;218.8	106;97089;99701;+;215.2	118;108126;111008;+;247.8	102;94374;95732;+;90.6	106;97089;99701;+;84.3	100;93096;93671;+;86.3	111;102424;102855;+;59.8	112;102886;104820;+;239.1	123;113180;115294;+;370.0	105;96533;97078;+;27.4	123;113180;115294;+;64.2	A	9/9	contiguous	20084	1	1	111019..111564+;181;unnamed;0
CP061774.1	MPF_T	-	279	0	0	GA	1	192;165102;166181;+;91.6	189;162039;162386;+;73.7	190;162389;162688;+;88.4	191;162692;165109;+;128.6	191;162692;165109;+;100.1	193;166193;166915;+;40.2	195;167145;168185;+;138.4		196;168220;168915;+;179.9	197;168912;169721;+;203.3	198;169721;170953;+;203.8	199;170934;171965;+;129.0	200;171962;174049;+;304.4		pfam	pfam_only	A	7/7	canonical	1	0	unscoreable	1	0	0														not_admitted	not_admitted	not_admitted	not_admitted	not_admitted	not_admitted	not_admitted
CP061776.1	MPF_T	-	96	0	0	GA	1		14;13246;13638;-;74.5	13;12954;13253;-;62.5	12;10508;12943;-;174.9	12;10508;12943;-;129.2	11;9712;10515;-;45.4	10;8356;9537;-;112.1		9;7672;8334;-;135.6	8;6826;7656;-;186.5	6;5071;6366;-;219.7	15;13628;14593;-;124.2	89;95262;97199;-;533.7		conjscan	conjscan_only	A	7/7	canonical	1	0	unscoreable	2	0	0														not_admitted	not_admitted	not_admitted	not_admitted	not_admitted	not_admitted	not_admitted
CP061837.1	MPF_F	ColRNAI;IncFII(pHN7A8)	139	0	0	GA	0															not_admitted	not_admitted	not_admitted	not_admitted	not_admitted	not_admitted	not_admitted	not_admitted	not_admitted	not_admitted	1	76;69019;70011;-;357.1	59;58888;60261;-;370.1	65;62471;63214;-;232.9	79;71020;73647;-;305.1	58;56069;58891;-;375.2	86;77759;78640;-;93.8	79;71020;73647;-;98.4	89;79903;80469;-;172.1	70;65849;66487;-;70.1	67;63478;64107;-;204.0	53;51305;53512;-;391.4	83;76120;76635;-;80.8	53;51305;53512;-;70.3	A	9/9	contiguous	28598	1	1	55568..56047-;159;TraS;1
CP062994.1	MPF_F	IncHI1B(pNDM-MAR)	357	0	0	GA	0															not_admitted	not_admitted	not_admitted	not_admitted	not_admitted	not_admitted	not_admitted	not_admitted	not_admitted	not_admitted	1	122;94908;95945;+;282.3	230;182348;183757;+;190.4	229;181321;182358;+;175.9	110;81359;84076;+;148.7	231;183759;187667;+;122.1	106;77876;79246;+;65.6	110;81359;84076;+;85.2	103;75370;76230;+;79.0	121;93550;94911;+;69.8	123;95955;99140;+;58.9	222;171997;174123;-;57.8	109;80577;81314;+;57.1	222;171997;174123;-;41.0	A	9/9	split_2	108389	0	1	
CP062995.1	MPF_F	IncFIB(K);IncFII(K)	249	0	0	GA	0															not_admitted	not_admitted	not_admitted	not_admitted	not_admitted	not_admitted	not_admitted	not_admitted	not_admitted	not_admitted	1	146;145713;146702;-;363.3	135;138528;139895;-;381.2	139;141152;141904;-;233.7	150;148159;150798;-;259.0	134;135679;138528;-;346.5	161;154766;156190;-;88.0	150;148159;150798;-;88.7	163;156917;157483;-;167.9	144;144790;145437;-;65.1	143;142776;144731;-;259.5	130;131554;133863;-;392.7	158;153570;154154;-;53.1	130;131554;133863;-;66.6	A	9/9	contiguous	25363	1	1	135146..135676-;176;unnamed;0
CP063015.1	MPF_F	IncFIB(pQil);IncFII(K);IncFII(pAR0022)	127	0	0	GA	0															not_admitted	not_admitted	not_admitted	not_admitted	not_admitted	not_admitted	not_admitted	not_admitted	not_admitted	not_admitted	1	75;77621;78610;-;366.6	65;70707;72074;-;384.1	69;73332;74084;-;233.7	79;80067;82706;-;258.5	64;67885;70707;-;346.4	86;85533;86957;-;89.3	79;80067;82706;-;88.7	88;87684;88250;-;169.3	74;76970;77608;-;66.9	73;74956;76911;-;259.4	60;62957;65269;-;393.1	85;84877;85461;-;54.7	60;62957;65269;-;66.6	A	9/9	contiguous	24727	1	1	67260..67862-;200;TraS;0
CP063084.1	MPF_T	-	43	0	0	GA	1		9;7403;7663;-;55.2	8;4616;7384;-;75.1	8;4616;7384;-;171.5	8;4616;7384;-;84.5	2;1261;2079;-;77.7	1;284;1261;-;116.3		42;36536;37066;-;140.3	41;35652;36539;-;159.5	40;34472;35641;-;165.1	39;33493;34491;-;94.2	36;30368;32179;-;345.6		pfam	pfam_only	A	7/7	canonical	1	1	unscoreable	7	0	0														not_admitted	not_admitted	not_admitted	not_admitted	not_admitted	not_admitted	not_admitted
CP063167.1	-	-	2255	0	0	GA	1		936;1064081;1064416;-;66.8	935;1063682;1064071;-;88.3	934;1061184;1063634;-;145.6	934;1061184;1063634;-;108.6	933;1060457;1061191;-;144.8	932;1059174;1060220;-;141.6		931;1058277;1059005;-;145.9	930;1057438;1058277;-;176.5	929;1056101;1057441;-;161.5	4;5424;6863;-;490.8	927;1053117;1055060;-;359.5		pfam	both	A	7/7	canonical	1	0	unscoreable	0	0	0														not_admitted	not_admitted	not_admitted	not_admitted	not_admitted	not_admitted	not_admitted
CP063534.1	MPF_T	-	40	0	0	GA	1		33;30681;30941;+;55.2	34;30960;33728;+;75.1	34;30960;33728;+;171.1	34;30960;33728;+;84.4		0;1;1008;+;117.3		2;1161;1823;+;173.0	3;1820;2707;+;158.8	4;2718;3887;+;165.1	5;3868;4875;+;94.1	7;5453;7264;+;345.3		none	none	A	7/7	rearranged	0	1	unscoreable	2	0	0														not_admitted	not_admitted	not_admitted	not_admitted	not_admitted	not_admitted	not_admitted
CP063685.2	MPF_F	IncC	297	0	0	GA	0															not_admitted	not_admitted	not_admitted	not_admitted	not_admitted	not_admitted	not_admitted	not_admitted	not_admitted	not_admitted	1	101;71320;72327;+;332.9	286;230771;232204;+;339.2	285;229741;230769;+;221.7	96;66400;68568;+;250.6	287;232217;235831;+;375.3	84;52811;54127;+;135.0	96;66400;68568;+;129.2	82;51287;51913;+;92.1	99;69390;70655;+;67.6	102;72443;75238;+;145.3	73;45612;47477;+;47.4	85;54124;54702;+;100.2	73;45612;47477;+;52.0	A	9/9	split_2	186605	0	1	
CP063712.1	MPF_F	IncFIA;IncFIB(AP001918)	169	0	0	GA	0															not_admitted	not_admitted	not_admitted	not_admitted	not_admitted	not_admitted	not_admitted	not_admitted	not_admitted	not_admitted	1	51;43739;44731;+;369.3	62;50781;52154;+;381.0	57;48448;49191;+;233.3	48;40103;42730;+;304.6	63;52151;54976;+;389.2	43;36524;37951;+;94.4	48;40103;42730;+;99.2	41;35243;35809;+;183.8	54;45728;46366;+;68.6	55;46363;48171;+;268.0	66;56480;58696;+;391.7	47;39072;39587;+;78.0	66;56480;58696;+;70.3	A	9/9	contiguous	21237	1	1	54973..55482+;169;unnamed;0
CP063715.1	MPF_F	IncFII	114	0	0	GA	0															not_admitted	not_admitted	not_admitted	not_admitted	not_admitted	not_admitted	not_admitted	not_admitted	not_admitted	not_admitted	1	110;94821;95813;-;365.3	94;87235;88608;-;380.9	102;90914;91432;-;113.7	113;96822;98903;-;191.5	93;84416;87238;-;387.5	9;4176;5603;-;94.8	113;96822;98903;-;100.2	11;6318;6884;-;183.8	107;93554;94192;-;70.2	105;92038;93207;-;139.2	85;77055;79178;-;391.5	5;2536;3051;-;77.6	85;77055;79178;-;69.9	A	9/9	split_2	94286	1	1	83883..84395-;170;TraS;0
CP063717.1	MPF_F	IncFIB(AP001918);IncFIC(FII)	110	0	0	GA	0															not_admitted	not_admitted	not_admitted	not_admitted	not_admitted	not_admitted	not_admitted	not_admitted	not_admitted	not_admitted	1	72;59166;60158;+;369.3	81;64834;66207;+;380.7	77;62870;63613;+;232.7	69;55530;58157;+;303.5	82;66204;69026;+;377.1	65;52191;53618;+;94.3	69;55530;58157;+;100.3	63;50910;51476;+;183.8	73;60167;60805;+;68.3	75;61745;62590;+;265.0	85;70560;72740;+;391.8	68;54499;55014;+;78.0	85;70560;72740;+;70.4	A	9/9	contiguous	19650	1	1	69047..69544+;165;TraS;0
CP063719.1	MPF_F	IncHI2;IncHI2A;IncN	296	0	0	GA	0															not_admitted	not_admitted	not_admitted	not_admitted	not_admitted	not_admitted	not_admitted	not_admitted	not_admitted	not_admitted	1	27;32340;33398;+;276.9	206;188602;190017;-;194.1	207;190007;191053;-;174.3	11;9588;12269;+;168.0	205;184640;188593;-;101.6	7;5903;7258;+;80.7	11;9588;12269;+;72.2	4;3391;4179;+;74.8	25;30687;32198;+;62.0	28;33417;36605;+;57.3	214;198095;200179;+;56.8	10;8629;9579;+;46.1	214;198095;200179;+;38.8	A	9/9	split_3	194704	1	1	183170..184459-;429;unnamed;0
CP063721.1	MPF_T	IncX4	46	0	0	GA	1	14;7479;8099;+;41.6	15;8113;8439;+;64.4	16;8458;11205;+;63.8	16;8458;11205;+;151.8	16;8458;11205;+;46.1	17;11217;11933;+;94.2	18;11945;13039;+;150.1		20;13554;14240;+;169.0	21;14237;15145;+;142.4	22;15138;16256;+;163.9	23;16258;17286;+;85.0	24;17318;19135;+;316.5		pfam	pfam_only	A	7/7	canonical	1	1	unscoreable	1	0	0														not_admitted	not_admitted	not_admitted	not_admitted	not_admitted	not_admitted	not_admitted
CP063726.1	MPF_F	IncFIB(AP001918);IncFII;IncQ1	158	0	0	GA	0															not_admitted	not_admitted	not_admitted	not_admitted	not_admitted	not_admitted	not_admitted	not_admitted	not_admitted	not_admitted	1	54;53430;54422;-;369.3	45;46995;48368;-;381.0	50;49958;50701;-;231.6	57;55431;58058;-;306.4	44;44173;46998;-;386.0	63;60113;61540;-;94.3	57;55431;58058;-;98.5	65;62255;62821;-;183.3	53;52783;53421;-;68.7	52;50978;52786;-;267.9	41;40516;42669;-;391.8	59;58574;59089;-;77.3	41;40516;42669;-;70.4	A	9/9	contiguous	21739	1	1	43667..44176-;169;unnamed;0
CP063755.1	MPF_T	IncC;IncFII(S);IncFII(pAR0022);IncX1	206	0	0	GA	1	106;70784;71431;+;45.2	107;71409;71705;+;77.5	108;71724;74477;+;46.6	108;71724;74477;+;148.0	108;71724;74477;+;75.3	109;74488;75246;+;65.9	111;75484;76617;+;108.9		112;76862;77575;+;120.0	113;77580;78509;+;129.7	84;56944;58260;+;135.0	115;79713;80477;+;55.2	116;80746;82581;+;486.5		pfam	pfam_only	A	7/7	canonical	1	1	unscoreable	1	0	0														not_admitted	not_admitted	not_admitted	not_admitted	not_admitted	not_admitted	not_admitted
CP063758.1	MPF_T	IncFII(S);IncFII(pAR0022);IncX1	90	0	0	GA	1		1;304;600;+;77.5	2;619;3372;+;46.6	2;619;3372;+;148.0	2;619;3372;+;75.3	3;3383;4141;+;65.9	5;4379;5512;+;108.9		6;5757;6470;+;120.0	7;6475;7404;+;129.7	8;7401;8606;+;132.5	9;8608;9372;+;55.2	10;9641;11476;+;486.5		pfam	pfam_only	A	7/7	canonical	1	1	unscoreable	1	0	0														not_admitted	not_admitted	not_admitted	not_admitted	not_admitted	not_admitted	not_admitted
CP064039.1	-	-	93	0	0	GA	1	51;37641;38156;-;52.6	79;59599;59928;-;65.8		77;56818;59232;-;49.3	77;56818;59232;-;98.9	76;56063;56821;-;35.2	74;53795;55108;-;94.5		73;53106;53780;-;144.2	71;52224;52775;-;126.4	69;50553;51809;-;191.1	63;44793;46415;-;177.2			conjscan	conjscan_only	B	6/7	canonical	1	0	unscoreable	20	0	0														not_admitted	not_admitted	not_admitted	not_admitted	not_admitted	not_admitted	not_admitted
CP064040.1	-	-	110	0	0	GA	0															not_admitted	not_admitted	not_admitted	not_admitted	not_admitted	not_admitted	not_admitted	not_admitted	not_admitted	not_admitted	1	22;19056;20135;+;108.1			19;15474;18506;+;119.8	25;21818;23701;+;43.5								9;7756;9891;+;33.9	D	3/9	contiguous	14062	1	0	23856..24245+;129;unnamed;0
CP064297.1	MPF_F	ColRNAI;IncFII(K);repB(R1701)	159	0	0	GA	0															not_admitted	not_admitted	not_admitted	not_admitted	not_admitted	not_admitted	not_admitted	not_admitted	not_admitted	not_admitted	1	100;93051;93665;-;261.7	90;86185;87561;-;380.7	94;88763;89515;-;230.7	105;95481;97583;-;154.9	89;83349;86192;-;346.5	114;101378;102802;-;89.2	105;95481;97583;-;89.5	116;103529;104095;-;169.3	99;92400;93038;-;67.0	98;90386;92341;-;259.7	85;78453;80765;-;392.8	113;100680;101264;-;55.4	85;78453;80765;-;65.9	A	9/9	contiguous	25076	1	1	82814..83338-;174;unnamed;0
CP064821.1	-	IncFIB(pNDM-Mar);IncHI1B(pNDM-MAR)	395	0	0	GA	0															not_admitted	not_admitted	not_admitted	not_admitted	not_admitted	not_admitted	not_admitted	not_admitted	not_admitted	not_admitted	1	357;208170;208481;+;68.8	159;88834;89022;-;42.2		332;194837;195235;+;52.8		325;191520;191771;+;38.1			23;11125;11352;+;24.9	29;14559;15314;+;42.2		330;193583;193957;+;31.6		C	6/9	split_3	197045	0	1	
CP064852.1	MPF_F	IncFII(Yp)	108	0	0	GA	0															not_admitted	not_admitted	not_admitted	not_admitted	not_admitted	not_admitted	not_admitted	not_admitted	not_admitted	not_admitted	1	64;48666;49658;+;372.3	75;55692;57062;+;383.1	72;54171;54923;+;222.2	61;45001;47640;+;254.8	76;57062;59941;+;333.2	53;40389;41810;+;86.6	61;45001;47640;+;88.2	51;39102;39668;+;159.4	65;49671;50318;+;68.8	67;50695;52650;+;253.1	80;62713;65031;+;390.7	55;42271;42855;+;55.9	80;62713;65031;+;66.8	A	9/9	contiguous	23611	1	1	59958..60626+;222;unnamed;0
CP064853.1	MPF_F	IncFIA(HI1);IncFII(pKP91)	137	0	0	GA	0															not_admitted	not_admitted	not_admitted	not_admitted	not_admitted	not_admitted	not_admitted	not_admitted	not_admitted	not_admitted	1	111;90959;91948;+;363.3	121;97512;98879;+;382.8	117;95502;96254;+;226.1	107;86877;89516;+;258.8	122;98879;101701;+;343.6	97;81647;83071;+;90.9	107;86877;89516;+;84.3	95;80354;80920;+;168.4	112;91961;92599;+;66.0	113;92658;94613;+;259.7	126;103670;105979;+;393.2	98;83284;83841;+;54.3	126;103670;105979;+;65.8	A	9/9	contiguous	23316	1	1	101724..102326+;200;TraS;0
CP064854.1	MPF_F	IncC	197	0	0	GA	0															not_admitted	not_admitted	not_admitted	not_admitted	not_admitted	not_admitted	not_admitted	not_admitted	not_admitted	not_admitted	1	93;66838;67845;+;332.9	186;153106;154539;+;339.2	185;152064;153104;+;221.6	88;61639;64086;+;354.2	187;154552;158166;+;375.3	83;52812;54128;+;135.0	88;61639;64086;+;128.6	81;51288;51914;+;92.1	91;64908;66173;+;67.6	94;67961;70756;+;145.3	72;45613;47478;+;47.4	84;54125;54703;+;100.2	72;45613;47478;+;52.0	A	9/9	split_2	108939	0	1	
CP065520.1	MPF_F	-	318	0	0	GA	0															not_admitted	not_admitted	not_admitted	not_admitted	not_admitted	not_admitted	not_admitted	not_admitted	not_admitted	not_admitted	1	30;19878;20915;+;310.6	81;66382;67833;+;261.8	80;65382;66392;+;226.5	77;61752;64199;+;165.7	82;67842;70340;+;235.8	74;59470;60669;+;123.7	77;61752;64199;+;110.7	72;57993;58625;+;109.2	31;20863;21594;+;101.4	86;74154;75752;+;237.3	68;54115;55875;-;33.2	75;60684;61292;+;80.5	68;54115;55875;-;25.8	A	9/9	split_2	54276	0	1	
CP065860.1	MPF_T	IncHI2;IncHI2A	336	1	0	GA	1	249;229407;229946;+;23.7	130;126652;127038;-;85.3		129;124842;126374;-;39.5	129;124842;126374;-;126.1		124;121477;122844;-;177.3		123;120754;121458;-;235.9	122;119765;120757;-;223.0	121;118482;119762;-;208.0	131;127035;127724;-;115.4	134;128519;130570;-;329.3		none	none	A	7/7	canonical	0	0	unscoreable	6	0	1		254;236369;237784;-;194.1	255;237774;238820;-;173.7	11;8955;11636;+;168.0	253;232410;236360;-;101.6	121;118482;119762;-;208.0	11;8955;11636;+;72.2	4;2758;3546;+;74.8			134;128519;130570;-;103.7	10;7996;8946;+;46.4	134;128519;130570;-;98.9	C	6/9	split_3	235016	0	0	
CP066116.1	MPF_F	IncHI2;IncHI2A	417	1	1	GA	1	321;295624;296163;+;23.7	277;252748;253134;-;85.3	276;252482;252751;-;32.5	275;250019;252469;-;37.9	275;250019;252469;-;125.2	274;249279;250022;-;226.6	272;247576;248943;-;177.3		271;246853;247557;-;235.9	270;245864;246856;-;223.0	269;244581;245861;-;208.0	278;253131;254201;-;118.3	280;254671;256668;-;333.6	30;33352;36540;+;58.3	conjscan	conjscan_only	A	7/7	canonical	1	0	unscoreable	3	0	1	29;32275;33333;+;276.9	326;302586;304001;-;194.1	327;303991;305037;-;174.1	11;8955;11636;+;168.0	325;298627;302577;-;102.0	269;244581;245861;-;208.0	11;8955;11636;+;72.2	4;2758;3546;+;74.8	27;30622;32133;+;62.7	30;33352;36540;+;58.3	280;254671;256668;-;103.8	10;7996;8946;+;46.4	280;254671;256668;-;99.0	A	9/9	split_4	301233	0	1	
CP066202.1	MPF_F	IncFIA;IncFIB(AP001918);IncFII(pCoo)	162	0	0	GA	0															not_admitted	not_admitted	not_admitted	not_admitted	not_admitted	not_admitted	not_admitted	not_admitted	not_admitted	not_admitted	1	87;91996;92988;-;372.1	76;84937;86313;-;378.0	83;88524;89267;-;235.0	90;93997;96624;-;303.5	75;82118;84940;-;388.9	97;98753;100204;-;94.6	90;93997;96624;-;100.3	99;100919;101485;-;183.8	86;91349;91987;-;68.5	85;89544;91352;-;268.3	69;75729;77882;-;391.9	93;97140;97655;-;77.7	69;75729;77882;-;70.4	A	9/9	contiguous	25190	1	1	81605..82096-;163;TraS;0
CP066261.1	MPF_T	IncN2	64	0	0	GA	1	56;45132;45914;-;33.3	54;44589;44885;-;36.0	53;44232;44549;-;71.9	52;41658;44231;-;118.0	52;41658;44231;-;74.2	51;40929;41642;-;107.4	49;39623;40660;-;119.6	48;39415;39546;-;40.1	47;38709;39404;-;132.6	46;37811;38698;-;147.8	45;36678;37811;-;166.3	44;35626;36627;-;90.1	17;12006;13538;+;51.8		pfam	both	A	7/7	canonical	1	0	ga	2	0	0														not_admitted	not_admitted	not_admitted	not_admitted	not_admitted	not_admitted	not_admitted
CP066319.1	MPF_F	IncFIB(AP001918);IncFII	148	0	0	GA	0															not_admitted	not_admitted	not_admitted	not_admitted	not_admitted	not_admitted	not_admitted	not_admitted	not_admitted	not_admitted	1	89;94011;95003;-;369.3	80;87576;88952;-;381.0	85;90539;91282;-;230.0	92;96012;98639;-;306.5	79;84757;87579;-;387.5	99;100694;102121;-;94.3	92;96012;98639;-;98.5	101;102836;103402;-;183.3	88;93364;94002;-;66.7	87;91559;93367;-;267.9	76;81008;83224;-;391.7	95;99155;99670;-;77.3	76;81008;83224;-;70.3	A	9/9	contiguous	21828	1	1	84239..84736-;165;TraS;0
CP066322.1	MPF_F	IncFIB(AP001918);IncFIC(FII)	161	0	0	GA	0															not_admitted	not_admitted	not_admitted	not_admitted	not_admitted	not_admitted	not_admitted	not_admitted	not_admitted	not_admitted	1	87;81979;82971;-;369.3	77;75305;76681;-;381.0	83;78507;79250;-;235.0	90;83980;86610;-;303.5	76;72483;75308;-;389.2	98;89633;91060;-;94.7	90;83980;86610;-;98.5	100;91775;92341;-;183.8	86;81332;81970;-;68.7	85;79527;81335;-;268.0	73;68827;70980;-;391.8	95;88234;88749;-;76.4	73;68827;70980;-;70.4	A	9/9	contiguous	22948	1	1	71977..72486-;169;unnamed;0
CP066330.1	MPF_F	IncFIB(S);IncFII(S);IncFII(pAR0022)	116	0	0	GA	0															not_admitted	not_admitted	not_admitted	not_admitted	not_admitted	not_admitted	not_admitted	not_admitted	not_admitted	not_admitted	1	41;38251;39243;-;366.7	32;31621;33003;-;392.4	35;34035;34784;-;231.0	44;40230;42878;-;314.1	31;28802;31624;-;394.4	52;45411;46832;-;91.5	44;40230;42878;-;97.8	54;47559;48125;-;188.1	39;37301;37939;-;70.6	37;35022;36848;-;271.0	28;24986;27148;-;374.1	49;44090;44605;-;96.7	28;24986;27148;-;72.1	A	9/9	contiguous	22573	1	1	28292..28780-;162;TraS;0
CP066331.1	MPF_T	IncX1;IncX3	48	0	0	GA	1	34;26230;26877;-;45.5	33;25956;26252;-;76.6	32;23184;25937;-;46.6	32;23184;25937;-;147.9	32;23184;25937;-;75.3	31;22415;23173;-;67.5	29;21044;22177;-;109.2		28;20086;20799;-;120.0	27;19152;20081;-;133.7	26;17950;19155;-;132.5	25;16917;17948;-;75.8	24;15079;16914;-;486.3		pfam	pfam_only	A	7/7	canonical	1	1	unscoreable	1	0	0														not_admitted	not_admitted	not_admitted	not_admitted	not_admitted	not_admitted	not_admitted
CP067063.1	MPF_F	IncHI2;IncHI2A	439	0	0	GA	0															not_admitted	not_admitted	not_admitted	not_admitted	not_admitted	not_admitted	not_admitted	not_admitted	not_admitted	not_admitted	1	400;354780;355838;+;276.9	256;224193;225608;-;194.1	258;225693;226643;-;174.1	371;329130;330863;+;163.9	255;221233;224184;-;103.3	366;323706;326711;+;78.5	372;330818;331714;+;56.4	364;321626;322111;+;58.7	398;353339;354214;+;57.2		264;233682;235766;+;56.7	369;328076;329026;+;46.4	264;233682;235766;+;38.8	B	8/9	split_3	133547	1	0	220226..221269-;347;unnamed;0
CP067094.1	MPF_F	repFIB;repHI5B	322	0	0	GA	0															not_admitted	not_admitted	not_admitted	not_admitted	not_admitted	not_admitted	not_admitted	not_admitted	not_admitted	not_admitted	1	160;125282;126319;-;282.2	315;277537;278979;-;188.6	316;278936;279973;-;172.0	171;137188;139905;-;143.5	314;273591;277535;-;119.0	175;142028;143395;-;63.7	171;137188;139905;-;80.6	178;145050;145910;-;73.9	161;126316;127677;-;71.7	159;122091;125267;-;58.7	1;2951;5077;+;62.0	172;139954;140691;-;56.3	1;2951;5077;+;39.7	A	9/9	split_3	275985	0	1	
CP067095.1	MPF_F	IncFIB(K);IncFII(Yp)	186	0	0	GA	0															not_admitted	not_admitted	not_admitted	not_admitted	not_admitted	not_admitted	not_admitted	not_admitted	not_admitted	not_admitted	1	60;53428;54420;+;366.6	69;59568;60938;+;376.4	66;58029;58781;+;229.0	57;49715;52354;+;258.8	70;60938;63787;+;336.6	50;45755;47170;+;82.7	57;49715;52354;+;84.2	48;44462;45028;+;162.4	61;54433;55050;+;66.8	62;55047;56921;+;256.7	72;64571;66850;+;389.8	51;47265;47834;+;53.1	72;64571;66850;+;66.6	A	9/9	contiguous	20109	1	1	63798..64334+;178;unnamed;0
CP067096.1	MPF_T	IncN;IncX3	109	0	0	GA	1	29;20048;20692;+;46.4	30;20676;20966;+;73.1	78;59618;59935;+;63.3	31;20991;23744;+;142.4	79;59935;62535;+;76.4	80;62553;63266;+;105.5	82;63517;64557;+;142.4		83;64776;65474;+;131.9	36;26787;27716;+;138.8	37;27713;28927;+;128.3	39;29123;30157;+;65.7	40;30160;31995;+;495.9		pfam	both	A	7/7	canonical	1	0	unscoreable	9	0	0														not_admitted	not_admitted	not_admitted	not_admitted	not_admitted	not_admitted	not_admitted
CP067443.1	MPF_F	IncFIB(K);IncFII(K)	241	0	0	GA	0															not_admitted	not_admitted	not_admitted	not_admitted	not_admitted	not_admitted	not_admitted	not_admitted	not_admitted	not_admitted	1	185;188679;189671;-;366.6	175;181858;183228;-;381.2	179;184430;185182;-;232.4	188;190697;193336;-;258.7	174;179009;181858;-;344.2	197;197151;198575;-;89.2	188;190697;193336;-;88.8	199;199302;199868;-;167.0	184;188028;188666;-;67.0	183;186025;188031;-;259.0	170;174886;177195;-;393.2	195;195970;196539;-;49.7	170;174886;177195;-;65.8	A	9/9	contiguous	24416	1	1	178476..179006-;176;unnamed;0
CP067444.1	MPF_T	IncN3	70	0	0	GA	1	62;50332;51114;-;33.0	60;49789;50085;-;36.0	59;49432;49749;-;71.9	58;46858;49431;-;117.9	58;46858;49431;-;74.2	57;46141;46842;-;99.8	55;44835;45872;-;122.7	54;44627;44758;-;40.1	53;43921;44616;-;132.6	52;43023;43910;-;151.1	51;41890;43023;-;166.3	50;40838;41839;-;90.0	44;33618;35150;+;48.1		pfam	both	A	7/7	canonical	1	0	ga	7	0	0														not_admitted	not_admitted	not_admitted	not_admitted	not_admitted	not_admitted	not_admitted
CP067446.1	MPF_T	IncX3	56	0	0	GA	1	3;2256;2900;+;46.4	4;2884;3174;+;73.1	5;3199;5952;+;47.0	5;3199;5952;+;145.4	5;3199;5952;+;73.3	6;5962;6732;+;60.1	8;7011;8066;+;133.2		9;8261;8989;+;119.4	10;8995;9924;+;138.8	11;9921;11135;+;128.3	13;11331;12365;+;65.7	14;12368;14203;+;495.9		pfam	pfam_only	A	7/7	canonical	1	1	unscoreable	2	0	0														not_admitted	not_admitted	not_admitted	not_admitted	not_admitted	not_admitted	not_admitted
CP067449.1	MPF_F	IncFIB(K);IncFII(K)	244	0	0	GA	0															not_admitted	not_admitted	not_admitted	not_admitted	not_admitted	not_admitted	not_admitted	not_admitted	not_admitted	not_admitted	1	198;199357;200346;-;363.3	187;192171;193538;-;382.2	191;194796;195548;-;236.4	202;201803;204442;-;259.0	186;189328;192171;-;342.9	213;208409;209833;-;88.8	202;201803;204442;-;87.6	215;210560;211126;-;167.9	196;198434;199081;-;65.9	195;196420;198375;-;259.5	182;184431;186743;-;392.8	210;207213;207797;-;53.8	182;184431;186743;-;65.9	A	9/9	contiguous	26129	1	1	188793..189317-;174;unnamed;0
CP067450.1	MPF_F	IncFIB(pNDM-Mar);IncHI1B(pNDM-MAR)	260	0	0	GA	0															not_admitted	not_admitted	not_admitted	not_admitted	not_admitted	not_admitted	not_admitted	not_admitted	not_admitted	not_admitted	1	185;162315;163352;-;282.3	77;59420;60829;+;190.4	76;58393;59430;+;176.7	198;174184;176901;-;148.7	78;60831;64745;+;121.7	202;179014;180384;-;65.6	198;174184;176901;-;85.2	205;182030;182890;-;79.0	186;163349;164710;-;69.9	184;159123;162305;-;60.1	69;49069;51195;-;57.8	199;176946;177683;-;56.9	69;49069;51195;-;41.0	A	9/9	split_2	132961	0	1	
CP067451.1	MPF_F	IncFIB(pQil);IncFII(K)	133	0	0	GA	0															not_admitted	not_admitted	not_admitted	not_admitted	not_admitted	not_admitted	not_admitted	not_admitted	not_admitted	not_admitted	1	79;75641;76630;-;363.3	68;68455;69822;-;380.7	72;71080;71832;-;236.4	83;78087;80726;-;259.0	67;65606;68455;-;345.6	91;83983;85407;-;88.8	83;78087;80726;-;87.6	93;86134;86700;-;169.3	77;74718;75365;-;65.9	76;72704;74659;-;259.5	63;60808;63120;-;392.7	90;83285;83869;-;55.4	63;60808;63120;-;66.5	A	9/9	contiguous	25326	1	1	65045..65593-;182;unnamed;0
CP067455.1	MPF_F	IncFIB(K);IncFII(K)	222	0	0	GA	0															not_admitted	not_admitted	not_admitted	not_admitted	not_admitted	not_admitted	not_admitted	not_admitted	not_admitted	not_admitted	1	166;167409;168401;-;366.6	156;160588;161958;-;381.2	160;163160;163912;-;232.4	169;169427;172066;-;258.7	155;157739;160588;-;344.2	178;175881;177305;-;89.2	169;169427;172066;-;88.8	180;178032;178598;-;167.0	165;166758;167396;-;67.0	164;164755;166761;-;259.0	151;153616;155925;-;393.2	176;174700;175269;-;49.7	151;153616;155925;-;65.8	A	9/9	contiguous	24416	1	1	157206..157736-;176;unnamed;0
CP067460.1	MPF_F	IncFII(K);IncR	140	0	0	GA	0															not_admitted	not_admitted	not_admitted	not_admitted	not_admitted	not_admitted	not_admitted	not_admitted	not_admitted	not_admitted	1	55;39675;40664;+;366.0	65;46211;47578;+;380.7	61;44201;44953;+;233.7	51;35593;38232;+;258.5	68;49156;51801;+;301.6	43;30912;32336;+;88.8	51;35593;38232;+;88.7	41;29619;30185;+;169.3	56;40677;41315;+;67.0	57;41374;43329;+;259.7	72;54287;56596;+;393.2	44;32450;33034;+;55.4	72;54287;56596;+;65.8	A	9/9	contiguous	24668	1	1	51814..52362+;182;unnamed;0
CP067461.1	MPF_F	IncFIB(pQil);IncFII(K)	138	0	0	GA	0															not_admitted	not_admitted	not_admitted	not_admitted	not_admitted	not_admitted	not_admitted	not_admitted	not_admitted	not_admitted	1	80;78807;79796;-;366.0	70;71893;73260;-;380.7	74;74518;75270;-;233.7	84;81239;83878;-;258.5	67;67670;70315;-;301.6	92;87135;88559;-;88.8	84;81239;83878;-;88.7	94;89286;89852;-;169.3	79;78156;78794;-;67.0	78;76142;78097;-;259.7	63;62875;65184;-;393.2	91;86437;87021;-;55.4	63;62875;65184;-;65.8	A	9/9	contiguous	26411	1	1	67109..67657-;182;unnamed;0
CP067462.1	MPF_T	IncX3	56	0	0	GA	1	3;2256;2900;+;46.4	4;2884;3174;+;73.1	5;3199;5952;+;47.0	5;3199;5952;+;145.4	5;3199;5952;+;73.3	6;5962;6732;+;60.1	8;7011;8066;+;133.2		9;8261;8989;+;119.4	10;8995;9924;+;138.8	11;9921;11135;+;128.3	13;11331;12365;+;65.7	14;12368;14203;+;495.9		pfam	pfam_only	A	7/7	canonical	1	1	unscoreable	2	0	0														not_admitted	not_admitted	not_admitted	not_admitted	not_admitted	not_admitted	not_admitted
CP067466.1	MPF_F	IncFIB(K);IncFII(K);repB(R1701)	237	0	0	GA	0															not_admitted	not_admitted	not_admitted	not_admitted	not_admitted	not_admitted	not_admitted	not_admitted	not_admitted	not_admitted	1	181;180676;181668;-;366.6	171;173855;175225;-;381.2	175;176427;177179;-;232.4	184;182694;185333;-;258.7	170;171006;173855;-;344.2	193;189148;190572;-;89.2	184;182694;185333;-;88.8	195;191299;191865;-;167.0	180;180025;180663;-;67.0	179;178022;180028;-;259.0	166;166880;169192;-;393.2	191;187967;188536;-;49.7	166;166880;169192;-;65.8	A	9/9	contiguous	24419	1	1	170473..171003-;176;unnamed;0
CP067470.1	MPF_F	IncR	151	0	0	GA	0															not_admitted	not_admitted	not_admitted	not_admitted	not_admitted	not_admitted	not_admitted	not_admitted	not_admitted	not_admitted	1	49;34980;35972;+;366.6	59;41423;42793;+;381.2	55;39469;40221;+;232.4	46;31315;33954;+;258.7	60;42793;45642;+;344.2	37;26076;27500;+;89.2	46;31315;33954;+;88.8	35;24783;25349;+;167.0	50;35985;36623;+;67.0	51;36620;38626;+;259.0	64;47456;49765;+;393.2	39;28112;28681;+;49.7	64;47456;49765;+;65.8	A	9/9	contiguous	22673	1	1	45645..46175+;176;unnamed;0
CP067471.1	MPF_T	IncX3	56	0	0	GA	1	43;35384;36028;-;46.4	42;35110;35400;-;73.1	41;32332;35085;-;47.0	41;32332;35085;-;145.4	41;32332;35085;-;73.3	40;31552;32322;-;60.1	38;30218;31273;-;133.2		37;29295;30023;-;119.4	36;28360;29289;-;138.8	35;27149;28363;-;128.3	33;25919;26953;-;65.7	32;24081;25916;-;495.9		pfam	pfam_only	A	7/7	canonical	1	1	unscoreable	2	0	0														not_admitted	not_admitted	not_admitted	not_admitted	not_admitted	not_admitted	not_admitted
CP067474.1	MPF_F	IncFIB(pNDM-Mar);IncHI1B(pNDM-MAR)	260	0	0	GA	0															not_admitted	not_admitted	not_admitted	not_admitted	not_admitted	not_admitted	not_admitted	not_admitted	not_admitted	not_admitted	1	185;162315;163352;-;282.3	77;59420;60829;+;190.4	76;58393;59430;+;176.7	198;174184;176901;-;148.7	78;60831;64745;+;121.7	202;179014;180384;-;65.6	198;174184;176901;-;85.2	205;182030;182890;-;79.0	186;163349;164710;-;69.9	184;159123;162305;-;60.1	69;49069;51195;-;57.8	199;176946;177683;-;56.9	69;49069;51195;-;41.0	A	9/9	split_2	132961	0	1	
CP067475.1	MPF_F	IncFIB(K);IncFII(K)	223	0	0	GA	0															not_admitted	not_admitted	not_admitted	not_admitted	not_admitted	not_admitted	not_admitted	not_admitted	not_admitted	not_admitted	1	177;178818;179807;-;363.3	166;171632;172999;-;382.2	170;174257;175009;-;236.4	181;181264;183903;-;259.0	165;168789;171632;-;342.9	192;187870;189294;-;88.8	181;181264;183903;-;87.6	194;190021;190587;-;167.9	175;177895;178542;-;65.9	174;175881;177836;-;259.5	161;163892;166204;-;392.8	189;186674;187258;-;53.8	161;163892;166204;-;65.9	A	9/9	contiguous	26129	1	1	168254..168778-;174;unnamed;0
CP067476.1	MPF_F	IncFIB(pQil);IncFII(K)	132	0	0	GA	0															not_admitted	not_admitted	not_admitted	not_admitted	not_admitted	not_admitted	not_admitted	not_admitted	not_admitted	not_admitted	1	78;75369;76358;-;366.0	68;68455;69822;-;380.7	72;71080;71832;-;233.7	82;77801;80440;-;258.5	67;65606;68455;-;345.6	90;83697;85121;-;88.8	82;77801;80440;-;88.7	92;85848;86414;-;169.3	77;74718;75356;-;67.0	76;72704;74659;-;259.7	63;60808;63120;-;392.7	89;82999;83583;-;55.4	63;60808;63120;-;66.5	A	9/9	contiguous	25040	1	1	65045..65593-;182;unnamed;0
CP067480.1	MPF_F	IncFIB(K);IncFII(K)	233	0	0	GA	0															not_admitted	not_admitted	not_admitted	not_admitted	not_admitted	not_admitted	not_admitted	not_admitted	not_admitted	not_admitted	1	140;130630;131619;-;366.6	130;123716;125083;-;380.5	134;126341;127093;-;233.7	144;133073;135715;-;258.5	129;120867;123716;-;344.6	152;138909;140333;-;89.2	144;133073;135715;-;88.2	154;141060;141626;-;169.3	139;129979;130617;-;66.9	138;127965;129920;-;259.7	122;115318;117630;-;393.1	151;138211;138795;-;53.6	122;115318;117630;-;66.6	A	9/9	contiguous	25742	1	1	120376..120864-;162;unnamed;0
CP067481.1	MPF_F	IncFIB(pQil);IncFII(K)	129	0	0	GA	0															not_admitted	not_admitted	not_admitted	not_admitted	not_admitted	not_admitted	not_admitted	not_admitted	not_admitted	not_admitted	1	71;66625;67614;-;366.6	61;59711;61078;-;384.0	65;62336;63088;-;233.7	75;69057;71696;-;258.5	60;56862;59711;-;346.4	81;75096;76520;-;89.3	75;69057;71696;-;88.7	83;77247;77813;-;169.3	70;65974;66612;-;67.0	69;63960;65915;-;259.7	56;52088;54400;-;393.1	80;74438;75022;-;54.4	56;52088;54400;-;66.6	A	9/9	contiguous	25159	1	1	56326..56859-;177;unnamed;0
CP067482.1	MPF_T	IncN	82	0	0	GA	1	34;35533;36267;-;32.5		31;34573;34890;-;63.3	30;31973;34573;-;113.8	30;31973;34573;-;76.4	29;31242;31955;-;105.5	27;29951;30991;-;142.4		26;29034;29732;-;131.9	25;28139;29023;-;159.7	24;26979;28139;-;156.3	23;25942;26937;-;81.2	73;61933;63462;+;38.5		pfam	both	A	7/7	canonical	1	0	unscoreable	3	0	0														not_admitted	not_admitted	not_admitted	not_admitted	not_admitted	not_admitted	not_admitted
CP067486.1	MPF_F	IncFII(K);IncR	155	0	0	GA	0															not_admitted	not_admitted	not_admitted	not_admitted	not_admitted	not_admitted	not_admitted	not_admitted	not_admitted	not_admitted	1	55;39814;40806;+;366.6	65;46257;47627;+;381.2	61;44303;45055;+;232.4	52;36149;38788;+;258.7	66;47627;50476;+;344.2	43;30910;32334;+;89.2	52;36149;38788;+;88.8	41;29617;30183;+;167.0	56;40819;41457;+;67.0	57;41454;43460;+;259.0	70;52290;54599;+;393.2	45;32946;33515;+;49.7	70;52290;54599;+;65.8	A	9/9	contiguous	22673	1	1	50479..51009+;176;unnamed;0
CP067487.1	MPF_T	IncX3	58	0	0	GA	1	3;2256;2900;+;46.4	4;2884;3174;+;73.1	5;3199;5952;+;47.0	5;3199;5952;+;145.4	5;3199;5952;+;73.3	6;5962;6732;+;60.1	8;7011;8066;+;133.2		9;8261;8989;+;119.4	10;8995;9924;+;138.8	11;9921;11078;+;96.4	15;12531;13565;+;65.7	16;13568;15403;+;495.9		pfam	pfam_only	A	7/7	canonical	1	1	unscoreable	4	0	0														not_admitted	not_admitted	not_admitted	not_admitted	not_admitted	not_admitted	not_admitted
CP067490.1	MPF_F	IncFIB(K)	148	0	0	GA	0															not_admitted	not_admitted	not_admitted	not_admitted	not_admitted	not_admitted	not_admitted	not_admitted	not_admitted	not_admitted	1	106;103036;104028;-;365.9	96;96215;97585;-;381.2	100;98787;99539;-;232.4	109;105054;107693;-;258.7	95;93366;96215;-;344.2	118;111508;112932;-;89.2	109;105054;107693;-;88.8	120;113659;114225;-;167.0	105;102385;103023;-;67.0	104;100382;102388;-;259.0	91;89240;91552;-;393.2	116;110327;110896;-;49.7	91;89240;91552;-;65.8	A	9/9	contiguous	24419	1	1	92833..93363-;176;unnamed;0
CP067491.1	MPF_F	IncFII(Yp);repB(R1701)	151	0	0	GA	0															not_admitted	not_admitted	not_admitted	not_admitted	not_admitted	not_admitted	not_admitted	not_admitted	not_admitted	not_admitted	1	61;64018;65010;-;362.9	52;57558;58928;-;378.1	55;59712;60464;-;223.8	64;66036;68675;-;259.1	51;54679;57558;-;343.0	74;72438;73859;-;87.4	64;66036;68675;-;83.9	76;74586;75152;-;167.2	60;63367;64005;-;66.0	59;61353;63308;-;255.2	49;51609;53909;-;390.5	72;71414;71977;-;55.8	49;51609;53909;-;65.8	A	9/9	contiguous	22977	1	1	54146..54676-;176;unnamed;0
CP067492.1	MPF_F	IncFIB(pQil);IncFII(K)	135	0	0	GA	0															not_admitted	not_admitted	not_admitted	not_admitted	not_admitted	not_admitted	not_admitted	not_admitted	not_admitted	not_admitted	1	79;75359;76348;-;366.0	69;68445;69812;-;380.7	73;71070;71822;-;233.7	83;77791;80430;-;258.5	67;65606;67960;-;193.3	91;83687;85111;-;88.8	83;77791;80430;-;88.7	93;85838;86404;-;169.3	78;74708;75346;-;67.0	77;72694;74649;-;259.7	63;60808;63120;-;392.7	90;82989;83573;-;55.4	63;60808;63120;-;66.5	A	9/9	contiguous	25030	1	1	65045..65593-;182;unnamed;0
CP067493.1	MPF_T	IncX3	61	0	0	GA	1	46;37072;37716;-;46.4	45;36798;37088;-;73.1	44;34020;36773;-;47.0	44;34020;36773;-;145.4	44;34020;36773;-;73.3	43;33240;34010;-;60.1	41;31906;32961;-;133.2		40;30983;31711;-;119.4	39;30048;30977;-;138.8	38;28837;30051;-;128.3	36;27607;28641;-;65.7	35;25769;27604;-;495.9		pfam	pfam_only	A	7/7	canonical	1	1	unscoreable	2	0	0														not_admitted	not_admitted	not_admitted	not_admitted	not_admitted	not_admitted	not_admitted
CP067496.1	MPF_F	IncFIB(pQil);IncFII(K)	152	0	0	GA	0															not_admitted	not_admitted	not_admitted	not_admitted	not_admitted	not_admitted	not_admitted	not_admitted	not_admitted	not_admitted	1	95;90871;91860;-;366.0	85;83957;85324;-;380.7	89;86582;87334;-;233.7	99;93303;95942;-;258.5	84;81108;83957;-;345.6	107;99199;100623;-;88.8	99;93303;95942;-;88.7	109;101350;101916;-;169.3	94;90220;90858;-;67.0	93;88206;90161;-;259.7	80;76310;78622;-;392.7	106;98501;99085;-;55.4	80;76310;78622;-;66.5	A	9/9	contiguous	25040	1	1	80547..81095-;182;unnamed;0
CP067498.1	MPF_T	IncX3	59	0	0	GA	1	43;35384;36028;-;46.4	42;35110;35400;-;73.1	41;32332;35085;-;47.0	41;32332;35085;-;145.4	41;32332;35085;-;73.3	40;31552;32322;-;60.1	38;30218;31273;-;133.2		37;29295;30023;-;119.4	36;28360;29289;-;138.8	35;27149;28363;-;128.3	33;25919;26953;-;65.7	32;24081;25916;-;495.9		pfam	pfam_only	A	7/7	canonical	1	1	unscoreable	2	0	0														not_admitted	not_admitted	not_admitted	not_admitted	not_admitted	not_admitted	not_admitted
CP067501.1	MPF_F	IncFIB(K);IncFII(K)	189	0	0	GA	0															not_admitted	not_admitted	not_admitted	not_admitted	not_admitted	not_admitted	not_admitted	not_admitted	not_admitted	not_admitted	1	133;135220;136212;-;366.6	123;128399;129769;-;381.2	127;130971;131723;-;232.4	136;137238;139877;-;258.7	122;125550;128399;-;342.4	145;143692;145116;-;89.2	136;137238;139877;-;88.8	147;145843;146409;-;167.0	132;134569;135207;-;67.0	131;132566;134572;-;259.0	118;121427;123736;-;393.2	143;142511;143080;-;49.7	118;121427;123736;-;65.8	A	9/9	contiguous	24416	1	1	125017..125547-;176;unnamed;0
CP067503.1	MPF_F	IncFII(K);repB(R1701)	104	0	0	GA	0															not_admitted	not_admitted	not_admitted	not_admitted	not_admitted	not_admitted	not_admitted	not_admitted	not_admitted	not_admitted	1	71;52582;53571;+;366.6	81;59118;60485;+;384.0	77;57108;57860;+;233.7	67;48500;51139;+;258.5	82;60485;63334;+;346.4	61;43677;45101;+;89.3	67;48500;51139;+;88.7	59;42384;42950;+;169.3	72;53584;54222;+;67.0	73;54281;56236;+;259.7	86;65796;68108;+;393.1	62;45173;45757;+;54.7	86;65796;68108;+;66.6	A	9/9	contiguous	23412	1	1	63337..63870+;177;unnamed;0
CP067517.1	MPF_F	IncFIB(K);IncFII(K)	173	0	0	GA	0															not_admitted	not_admitted	not_admitted	not_admitted	not_admitted	not_admitted	not_admitted	not_admitted	not_admitted	not_admitted	1	85;95210;96199;-;366.6	75;88296;89663;-;384.1	79;90921;91673;-;233.7	89;97656;100295;-;258.5	74;85474;88296;-;346.4	99;104199;105623;-;89.5	89;97656;100295;-;88.7	101;106350;106916;-;167.0	84;94559;95197;-;66.9	83;92545;94500;-;259.4	70;80549;82858;-;393.1	97;103003;103587;-;53.8	70;80549;82858;-;66.6	A	9/9	contiguous	25801	1	1	84849..85451-;200;TraS;0
CP067522.1	MPF_F	IncFIB(K);IncFII(K)	177	0	0	GA	0															not_admitted	not_admitted	not_admitted	not_admitted	not_admitted	not_admitted	not_admitted	not_admitted	not_admitted	not_admitted	1	121;120729;121721;-;366.6	111;113855;115222;-;380.7	115;116480;117232;-;232.4	124;122747;125386;-;258.7	110;111006;113855;-;345.6	133;129201;130625;-;89.2	124;122747;125386;-;88.8	135;131352;131918;-;167.0	120;120078;120716;-;67.0	119;118075;120081;-;259.0	106;106208;108520;-;392.7	131;128020;128589;-;49.7	106;106208;108520;-;66.5	A	9/9	contiguous	25144	1	1	110445..110993-;182;unnamed;0
CP067523.1	MPF_T	IncX3	57	0	0	GA	1	44;35384;36028;-;46.4	43;35110;35400;-;73.1	42;32332;35085;-;47.0	42;32332;35085;-;145.4	42;32332;35085;-;73.3	41;31552;32322;-;60.1	39;30218;31273;-;133.2		38;29295;30023;-;119.4	37;28360;29289;-;138.8	36;27149;28363;-;128.3	34;25919;26953;-;65.7	33;24081;25916;-;495.9		pfam	pfam_only	A	7/7	canonical	1	1	unscoreable	2	0	0														not_admitted	not_admitted	not_admitted	not_admitted	not_admitted	not_admitted	not_admitted
CP067526.1	MPF_F	IncFIB(K)	172	0	0	GA	0															not_admitted	not_admitted	not_admitted	not_admitted	not_admitted	not_admitted	not_admitted	not_admitted	not_admitted	not_admitted	1	116;108526;109518;-;366.6	106;101705;103075;-;381.2	110;104277;105029;-;232.4	119;110544;113183;-;258.7	105;98856;101705;-;344.2	128;116998;118422;-;89.2	119;110544;113183;-;88.8	130;119149;119715;-;167.0	115;107875;108513;-;67.0	114;105872;107878;-;259.0		126;115817;116386;-;49.7		A	9/9	contiguous	20293	1	1	98323..98853-;176;unnamed;0
CP067527.1	MPF_F	IncFIB(pQil);IncFII(K)	132	0	0	GA	0															not_admitted	not_admitted	not_admitted	not_admitted	not_admitted	not_admitted	not_admitted	not_admitted	not_admitted	not_admitted	1	78;75369;76358;-;366.0	68;68455;69822;-;380.7	72;71080;71832;-;233.7	82;77801;80440;-;258.5	67;65606;68455;-;345.6	90;83697;85121;-;88.8	82;77801;80440;-;88.7	92;85848;86414;-;169.3	77;74718;75356;-;67.0	76;72704;74659;-;259.7	63;60808;63120;-;392.7	89;82999;83583;-;55.4	63;60808;63120;-;66.5	A	9/9	contiguous	25040	1	1	65045..65593-;182;unnamed;0
CP067528.1	MPF_T	IncX3	56	0	0	GA	1	3;2256;2900;+;46.4	4;2884;3174;+;73.1	5;3199;5952;+;47.0	5;3199;5952;+;145.4	5;3199;5952;+;73.3	6;5962;6732;+;60.1	8;7011;8066;+;133.2		9;8261;8989;+;119.4	10;8995;9924;+;138.8	11;9921;11135;+;128.3	13;11331;12365;+;65.7	14;12368;14203;+;495.9		pfam	pfam_only	A	7/7	canonical	1	1	unscoreable	2	0	0														not_admitted	not_admitted	not_admitted	not_admitted	not_admitted	not_admitted	not_admitted
CP067531.1	MPF_F	IncFIB(pNDM-Mar);IncHI1B(pNDM-MAR)	330	0	0	GA	0															not_admitted	not_admitted	not_admitted	not_admitted	not_admitted	not_admitted	not_admitted	not_admitted	not_admitted	not_admitted	1	251;250823;251857;-;282.2	64;54907;56316;+;190.4	63;53880;54917;+;176.7	265;264438;267155;-;148.5	65;56318;60286;+;120.1	269;269268;270638;-;65.8	265;264438;267155;-;85.2	272;272284;273144;-;79.1	254;253618;254964;-;70.1	250;247631;250813;-;58.3	56;44566;46692;-;57.1	266;267200;267937;-;56.9	56;44566;46692;-;41.0	A	9/9	split_2	227718	0	1	
CP067532.1	MPF_F	IncFIB(pQil);IncFII(K)	115	0	0	GA	0															not_admitted	not_admitted	not_admitted	not_admitted	not_admitted	not_admitted	not_admitted	not_admitted	not_admitted	not_admitted	1	61;60327;61316;-;366.6	51;53414;54781;-;380.5	55;56038;56790;-;233.7	65;62770;65412;-;258.5	50;50565;53414;-;345.6	73;68669;70093;-;88.8	65;62770;65412;-;87.7	75;70820;71386;-;169.3	60;59676;60314;-;66.9	59;57662;59617;-;259.7	46;45767;48079;-;392.7	72;67971;68555;-;55.4	46;45767;48079;-;66.5	A	9/9	contiguous	25053	1	1	50004..50552-;182;unnamed;0
CP067537.1	MPF_F	IncFIB(K);IncFII(K)	203	0	0	GA	0															not_admitted	not_admitted	not_admitted	not_admitted	not_admitted	not_admitted	not_admitted	not_admitted	not_admitted	not_admitted	1	145;148881;149873;-;366.6	135;142060;143430;-;380.7	139;144632;145384;-;232.4	148;150899;153538;-;258.7	134;139211;142060;-;344.2	157;157353;158777;-;89.2	148;150899;153538;-;88.8	159;159504;160070;-;167.0	144;148230;148868;-;67.0	143;146227;148233;-;259.0	130;135088;137397;-;393.2	155;156172;156741;-;49.7	130;135088;137397;-;65.8	A	9/9	contiguous	24416	1	1	138678..139208-;176;unnamed;0
CP067538.1	MPF_F	IncFII(Yp);repB(R1701)	132	0	0	GA	0															not_admitted	not_admitted	not_admitted	not_admitted	not_admitted	not_admitted	not_admitted	not_admitted	not_admitted	not_admitted	1	109;94394;95386;+;362.9	118;100476;101846;+;378.1	115;98940;99692;+;223.8	105;90737;93232;+;259.2	119;101846;104725;+;343.0	95;85553;86974;+;87.4	105;90737;93232;+;83.9	93;84260;84826;+;167.2	110;95399;96037;+;66.0	111;96096;98051;+;255.2	121;105495;107795;+;390.5	97;87435;87998;+;55.8	121;105495;107795;+;65.8	A	9/9	contiguous	21235	1	1	104728..105258+;176;unnamed;0
CP067539.1	MPF_F	IncFIB(pQil);IncFII(K)	134	0	0	GA	0															not_admitted	not_admitted	not_admitted	not_admitted	not_admitted	not_admitted	not_admitted	not_admitted	not_admitted	not_admitted	1	78;75369;76358;-;366.0	68;68455;69822;-;380.7	72;71080;71832;-;233.7	82;77801;80440;-;258.5	67;65606;68455;-;345.6	90;83697;85121;-;88.8	82;77801;80440;-;88.7	92;85848;86414;-;169.3	77;74718;75356;-;67.0	76;72704;74659;-;259.7	63;60808;63120;-;392.7	89;82999;83583;-;55.4	63;60808;63120;-;66.5	A	9/9	contiguous	25040	1	1	65045..65593-;182;unnamed;0
CP067540.1	MPF_T	IncX3	56	0	0	GA	1	43;35384;36028;-;46.4	42;35110;35400;-;73.1	41;32332;35085;-;47.0	41;32332;35085;-;145.4	41;32332;35085;-;73.3	40;31552;32322;-;60.1	38;30218;31273;-;133.2		37;29295;30023;-;119.4	36;28360;29289;-;138.8	35;27149;28363;-;128.3	33;25919;26953;-;65.7	32;24081;25916;-;495.9		pfam	pfam_only	A	7/7	canonical	1	1	unscoreable	2	0	0														not_admitted	not_admitted	not_admitted	not_admitted	not_admitted	not_admitted	not_admitted
CP067544.1	MPF_F	IncFIB(K);IncFII(K)	205	0	0	GA	0															not_admitted	not_admitted	not_admitted	not_admitted	not_admitted	not_admitted	not_admitted	not_admitted	not_admitted	not_admitted	1	146;147583;148572;-;366.0	135;140668;141816;-;321.6	140;143294;144046;-;233.7	150;150015;152654;-;258.7	134;137819;140668;-;345.6	159;156469;157893;-;89.2	150;150015;152654;-;88.8	161;158620;159186;-;167.0	145;146932;147570;-;67.0	144;144918;146873;-;259.7	130;133021;135333;-;392.7	157;155288;155857;-;49.7	130;133021;135333;-;66.5	A	9/9	contiguous	25599	1	1	137258..137806-;182;unnamed;0
CP067545.1	MPF_F	IncFIB(pQil);IncFII(K)	129	0	0	GA	0															not_admitted	not_admitted	not_admitted	not_admitted	not_admitted	not_admitted	not_admitted	not_admitted	not_admitted	not_admitted	1	76;72542;73531;-;366.0	66;65628;66995;-;380.7	70;68253;69005;-;233.7	80;74974;77613;-;258.5	65;62779;65628;-;345.6	88;80870;82294;-;88.8	80;74974;77613;-;88.7	90;83021;83587;-;169.3	75;71891;72529;-;67.0	74;69877;71832;-;259.7	61;57981;60293;-;392.7	87;80172;80756;-;55.4	61;57981;60293;-;66.5	A	9/9	contiguous	25040	1	1	62218..62766-;182;unnamed;0
CP067546.1	MPF_F	IncFII(Yp)	98	0	0	GA	0															not_admitted	not_admitted	not_admitted	not_admitted	not_admitted	not_admitted	not_admitted	not_admitted	not_admitted	not_admitted	1	75;58293;59285;+;362.9	84;64375;65745;+;378.1	81;62839;63591;+;223.8	71;54636;57131;+;259.2	85;65745;68624;+;343.0	61;49452;50873;+;87.4	71;54636;57131;+;83.9	59;48159;48725;+;167.2	76;59298;59936;+;66.0	77;59995;61950;+;255.2	87;69394;71694;+;390.5	63;51334;51897;+;55.8	87;69394;71694;+;65.8	A	9/9	contiguous	21235	1	1	68627..69157+;176;unnamed;0
CP067547.1	MPF_T	IncX3	56	0	0	GA	1	43;35384;36028;-;46.4	42;35110;35400;-;73.1	41;32332;35085;-;47.0	41;32332;35085;-;145.4	41;32332;35085;-;73.3	40;31552;32322;-;60.1	38;30218;31273;-;133.2		37;29295;30023;-;119.4	36;28360;29289;-;138.8	35;27149;28363;-;128.3	33;25919;26953;-;65.7	32;24081;25916;-;495.9		pfam	pfam_only	A	7/7	canonical	1	1	unscoreable	2	0	0														not_admitted	not_admitted	not_admitted	not_admitted	not_admitted	not_admitted	not_admitted
CP067552.1	MPF_F	IncR	158	0	0	GA	0															not_admitted	not_admitted	not_admitted	not_admitted	not_admitted	not_admitted	not_admitted	not_admitted	not_admitted	not_admitted	1	56;39636;40625;+;366.6	66;46172;47539;+;380.5	62;44162;44914;+;233.7	52;35540;38179;+;258.5	67;47539;50388;+;346.4	45;31288;32712;+;88.1	52;35540;38179;+;88.7	43;29995;30561;+;169.3	57;40638;41276;+;66.9	58;41335;43290;+;259.7	74;53914;56223;+;393.1	46;32785;33369;+;54.3	74;53914;56223;+;66.5	A	9/9	contiguous	23919	1	1	50391..50921+;176;unnamed;0
CP067553.1	MPF_F	IncFIB(pQil);IncFII(K)	132	0	0	GA	0															not_admitted	not_admitted	not_admitted	not_admitted	not_admitted	not_admitted	not_admitted	not_admitted	not_admitted	not_admitted	1	78;75369;76358;-;366.0	68;68455;69822;-;380.7	72;71080;71832;-;233.7	82;77801;80440;-;258.5	67;65606;68455;-;345.6	90;83697;85121;-;88.8	82;77801;80440;-;88.7	92;85848;86414;-;169.3	77;74718;75356;-;67.0	76;72704;74659;-;259.7	63;60808;63120;-;392.7	89;82999;83583;-;55.4	63;60808;63120;-;66.5	A	9/9	contiguous	25040	1	1	65045..65593-;182;unnamed;0
CP067554.1	MPF_T	IncN4	51	0	0	GA	1	48;32897;33637;+;34.8	50;33961;34251;+;45.9		0;1;2631;+;124.9	0;1;2631;+;86.8	1;2641;3348;+;114.6	3;3607;4650;+;127.4	4;4745;4915;+;41.4	5;4918;5634;+;145.6	6;5637;6524;+;144.4	7;6521;7675;+;174.0	8;7668;8699;+;78.1	13;13107;14684;-;50.6		pfam	both	A	7/7	canonical	1	0	ga	6	0	0														not_admitted	not_admitted	not_admitted	not_admitted	not_admitted	not_admitted	not_admitted
CP067557.1	MPF_F	IncFIB(K);IncFII(K);IncQ1	259	0	0	GA	0															not_admitted	not_admitted	not_admitted	not_admitted	not_admitted	not_admitted	not_admitted	not_admitted	not_admitted	not_admitted	1	48;32278;33267;+;363.3	59;39085;40452;+;381.2	55;37076;37828;+;233.7	44;28182;30821;+;259.0	60;40452;43301;+;346.5	33;22790;24214;+;88.0	44;28182;30821;+;88.7	31;21497;22063;+;167.9	50;33543;34190;+;65.1	51;34249;36204;+;259.5	64;45117;47426;+;392.7	36;24826;25410;+;53.1	64;45117;47426;+;66.6	A	9/9	contiguous	23620	1	1	43304..43834+;176;unnamed;0
CP067558.1	MPF_F	IncFII(K);IncR	154	0	0	GA	0															not_admitted	not_admitted	not_admitted	not_admitted	not_admitted	not_admitted	not_admitted	not_admitted	not_admitted	not_admitted	1	84;69042;70031;-;366.0	74;62181;63551;-;380.7	78;64753;65505;-;230.7	88;71474;74113;-;258.5	73;59338;62181;-;346.5	96;77372;78754;-;89.3	88;71474;74113;-;88.7	44;30634;31200;+;169.3	83;68391;69029;-;67.0	82;66377;68332;-;259.7	69;54441;56753;-;392.8	95;76674;77258;-;55.4	69;54441;56753;-;65.9	A	9/9	split_2	46738	1	1	58803..59327-;174;unnamed;0
CP067559.1	MPF_F	IncFIB(pQil);IncFII(K)	117	0	0	GA	0															not_admitted	not_admitted	not_admitted	not_admitted	not_admitted	not_admitted	not_admitted	not_admitted	not_admitted	not_admitted	1	63;57104;58093;-;366.0	53;50190;51557;-;380.7	57;52815;53567;-;233.7	67;59536;62175;-;258.5	52;47341;50190;-;345.6	75;65432;66856;-;88.8	67;59536;62175;-;88.7	77;67583;68149;-;169.3	62;56453;57091;-;67.0	61;54439;56394;-;259.7	48;42543;44855;-;392.7	74;64734;65318;-;55.4	48;42543;44855;-;66.5	A	9/9	contiguous	25040	1	1	46780..47328-;182;unnamed;0
CP067560.1	MPF_T	IncN3	75	0	0	GA	1	67;59430;60212;-;33.0	65;58887;59183;-;36.0	64;58530;58847;-;71.9	63;55956;58529;-;117.9	63;55956;58529;-;74.2	62;55239;55940;-;99.8	60;53933;54970;-;122.7	59;53725;53856;-;40.1	58;53019;53714;-;132.6	57;52121;53008;-;151.1	56;50988;52121;-;166.3	55;49936;50937;-;90.0	49;42716;44248;+;48.1		pfam	both	A	7/7	canonical	1	0	ga	7	0	0														not_admitted	not_admitted	not_admitted	not_admitted	not_admitted	not_admitted	not_admitted
CP067564.1	MPF_F	IncFIA(pBK30683)	153	0	0	GA	0															not_admitted	not_admitted	not_admitted	not_admitted	not_admitted	not_admitted	not_admitted	not_admitted	not_admitted	not_admitted	1	64;52155;53147;+;363.0	75;59155;60522;+;382.8	70;56701;57453;+;235.3	61;48490;51129;+;259.1	76;60522;63365;+;345.8	51;43264;44688;+;89.2	61;48490;51129;+;83.9	49;41971;42537;+;168.4	65;53160;53798;+;66.0	66;53857;55812;+;255.2	81;66133;68442;+;393.1	53;45300;45869;+;55.3	81;66133;68442;+;66.6	A	9/9	contiguous	24162	1	1	63376..63900+;174;unnamed;0
CP067569.1	MPF_F	IncFIB(K);IncFII(K)	177	0	0	GA	0															not_admitted	not_admitted	not_admitted	not_admitted	not_admitted	not_admitted	not_admitted	not_admitted	not_admitted	not_admitted	1	121;120729;121721;-;366.6	111;113855;115222;-;380.7	115;116480;117232;-;232.4	124;122747;125386;-;258.7	110;111006;113855;-;345.6	133;129201;130625;-;89.2	124;122747;125386;-;88.8	135;131352;131918;-;167.0	120;120078;120716;-;67.0	119;118075;120081;-;259.0	106;106208;108520;-;392.7	131;128020;128589;-;49.7	106;106208;108520;-;66.5	A	9/9	contiguous	25144	1	1	110445..110993-;182;unnamed;0
CP067570.1	MPF_T	IncX3	56	0	0	GA	1	43;35384;36028;-;46.4	42;35110;35400;-;73.1	41;32332;35085;-;47.0	41;32332;35085;-;145.4	41;32332;35085;-;73.3	40;31552;32322;-;60.1	38;30218;31273;-;133.2		37;29295;30023;-;119.4	36;28360;29289;-;138.8	35;27149;28363;-;128.3	33;25919;26953;-;65.7	32;24081;25916;-;495.9		pfam	pfam_only	A	7/7	canonical	1	1	unscoreable	2	0	0														not_admitted	not_admitted	not_admitted	not_admitted	not_admitted	not_admitted	not_admitted
CP067573.1	MPF_F	IncFIB(pQil);IncFII(K)	130	0	0	GA	0															not_admitted	not_admitted	not_admitted	not_admitted	not_admitted	not_admitted	not_admitted	not_admitted	not_admitted	not_admitted	1	76;70475;71464;-;366.0	66;63561;64928;-;380.7	70;66186;66938;-;233.7	80;72907;75546;-;258.5	65;60712;63561;-;345.6	88;78803;80227;-;88.8	80;72907;75546;-;88.7	90;80954;81520;-;169.3	75;69824;70462;-;67.0	74;67810;69765;-;259.7	61;55914;58226;-;392.7	87;78105;78689;-;55.4	61;55914;58226;-;66.5	A	9/9	contiguous	25040	1	1	60151..60699-;182;unnamed;0
CP067576.1	MPF_F	IncFIB(K);IncFII(K)	241	0	0	GA	0															not_admitted	not_admitted	not_admitted	not_admitted	not_admitted	not_admitted	not_admitted	not_admitted	not_admitted	not_admitted	1	185;188816;189808;-;366.6	175;181995;183365;-;381.2	179;184567;185319;-;232.4	188;190834;193473;-;258.7	174;179146;181995;-;344.2	197;197288;198712;-;89.2	188;190834;193473;-;88.8	199;199439;200005;-;167.0	184;188165;188803;-;67.0	183;186162;188168;-;259.0	170;175023;177332;-;393.2	195;196107;196676;-;49.7	170;175023;177332;-;65.8	A	9/9	contiguous	24416	1	1	178613..179143-;176;unnamed;0
CP067577.1	MPF_F	IncFII(K);IncR	164	0	0	GA	0															not_admitted	not_admitted	not_admitted	not_admitted	not_admitted	not_admitted	not_admitted	not_admitted	not_admitted	not_admitted	1	121;106479;107468;-;366.0	111;99618;100988;-;380.7	115;102190;102942;-;230.7	125;108911;111550;-;258.5	110;96775;99618;-;346.5	133;114809;116233;-;89.2	125;108911;111550;-;88.7	135;116960;117526;-;169.3	120;105828;106466;-;67.0	119;103814;105769;-;259.7	106;91878;94190;-;392.8	132;114111;114695;-;55.4	106;91878;94190;-;65.9	A	9/9	contiguous	25082	1	1	96240..96764-;174;unnamed;0
CP067580.1	MPF_F	IncFIA(HI1);IncFIB(K)	226	0	0	GA	0															not_admitted	not_admitted	not_admitted	not_admitted	not_admitted	not_admitted	not_admitted	not_admitted	not_admitted	not_admitted	1	39;49004;49993;-;366.6	29;42090;43457;-;384.1	33;44715;45467;-;233.7	43;51450;54089;-;258.5	28;39268;42090;-;346.4	53;57993;59417;-;89.5	43;51450;54089;-;88.7	55;60144;60710;-;167.0	38;48353;48991;-;66.9	37;46339;48294;-;259.4	24;34343;36652;-;393.1	51;56797;57381;-;53.8	24;34343;36652;-;66.6	A	9/9	contiguous	25801	1	1	38643..39245-;200;TraS;0
CP067581.1	MPF_F	IncFIB(pQil);IncFII(K)	120	0	0	GA	0															not_admitted	not_admitted	not_admitted	not_admitted	not_admitted	not_admitted	not_admitted	not_admitted	not_admitted	not_admitted	1	66;68934;69923;-;366.0	56;62020;63387;-;380.7	60;64645;65397;-;233.7	70;71366;74005;-;258.5	55;59171;62020;-;345.6	78;77262;78686;-;88.8	70;71366;74005;-;88.7	80;79413;79979;-;169.3	65;68283;68921;-;67.0	64;66269;68224;-;259.7	51;54373;56685;-;392.7	77;76564;77148;-;55.4	51;54373;56685;-;66.5	A	9/9	contiguous	25040	1	1	58610..59158-;182;unnamed;0
CP067585.1	MPF_F	IncFIB(K);IncFII(K);repB(R1701)	232	0	0	GA	0															not_admitted	not_admitted	not_admitted	not_admitted	not_admitted	not_admitted	not_admitted	not_admitted	not_admitted	not_admitted	1	176;177765;178757;-;366.6	166;170944;172314;-;381.2	170;173516;174268;-;232.4	179;179783;182422;-;258.7	165;168095;170944;-;344.2	188;186237;187661;-;89.2	179;179783;182422;-;88.8	190;188388;188954;-;167.0	175;177114;177752;-;67.0	174;175111;177117;-;259.0	161;163969;166281;-;393.2	186;185056;185625;-;49.7	161;163969;166281;-;65.8	A	9/9	contiguous	24419	1	1	167562..168092-;176;unnamed;0
CP067589.1	MPF_F	IncFIA(HI1);IncFIB(K)	262	0	0	GA	0															not_admitted	not_admitted	not_admitted	not_admitted	not_admitted	not_admitted	not_admitted	not_admitted	not_admitted	not_admitted	1	39;49004;49993;-;366.6	29;42090;43457;-;384.1	33;44715;45467;-;233.7	43;51450;54089;-;258.5	28;39268;42090;-;346.4	53;57993;59417;-;89.5	43;51450;54089;-;88.7	55;60144;60710;-;167.0	38;48353;48991;-;66.9	37;46339;48294;-;259.4	24;34343;36652;-;393.1	51;56797;57381;-;53.8	24;34343;36652;-;66.6	A	9/9	contiguous	25801	1	1	38643..39245-;200;TraS;0
CP067590.1	MPF_F	IncFIB(pQil);IncFII(K)	132	0	0	GA	0															not_admitted	not_admitted	not_admitted	not_admitted	not_admitted	not_admitted	not_admitted	not_admitted	not_admitted	not_admitted	1	78;75369;76358;-;366.0	68;68455;69822;-;380.7	72;71080;71832;-;233.7	82;77801;80440;-;258.5	67;65606;68455;-;345.6	90;83697;85121;-;88.8	82;77801;80440;-;88.7	92;85848;86414;-;169.3	77;74718;75356;-;67.0	76;72704;74659;-;259.7	63;60808;63120;-;392.7	89;82999;83583;-;55.4	63;60808;63120;-;66.5	A	9/9	contiguous	25040	1	1	65045..65593-;182;unnamed;0
CP067593.1	MPF_F	IncFIB(K);IncFII(K)	203	0	0	GA	0															not_admitted	not_admitted	not_admitted	not_admitted	not_admitted	not_admitted	not_admitted	not_admitted	not_admitted	not_admitted	1	145;148921;149913;-;366.0	135;142060;143430;-;380.7	139;144632;145384;-;233.7	148;150939;153578;-;258.7	134;139211;142060;-;344.2	157;157393;158817;-;89.2	148;150939;153578;-;88.8	159;159544;160110;-;167.0	144;148270;148908;-;67.0	143;146256;148211;-;259.7	130;135088;137397;-;393.2	155;156212;156781;-;49.7	130;135088;137397;-;65.8	A	9/9	contiguous	24456	1	1	138678..139208-;176;unnamed;0
CP067594.1	MPF_F	IncFII(Yp);repB(R1701)	132	0	0	GA	0															not_admitted	not_admitted	not_admitted	not_admitted	not_admitted	not_admitted	not_admitted	not_admitted	not_admitted	not_admitted	1	109;94394;95386;+;362.9	118;100476;101846;+;378.1	115;98940;99692;+;223.8	105;90737;93232;+;259.2	119;101846;104725;+;343.0	95;85553;86974;+;87.4	105;90737;93232;+;83.9	93;84260;84826;+;167.2	110;95399;96037;+;66.0	111;96096;98051;+;255.2	121;105495;107795;+;390.5	97;87435;87998;+;55.8	121;105495;107795;+;65.8	A	9/9	contiguous	21235	1	1	104728..105258+;176;unnamed;0
CP067595.1	MPF_F	IncFIB(pQil);IncFII(K)	128	0	0	GA	0															not_admitted	not_admitted	not_admitted	not_admitted	not_admitted	not_admitted	not_admitted	not_admitted	not_admitted	not_admitted	1	78;75329;76318;-;366.6	68;68455;69822;-;380.7	72;71080;71832;-;232.4	82;77761;80400;-;258.5	67;65606;68455;-;345.6	90;83657;85081;-;88.8	82;77761;80400;-;88.7	92;85808;86374;-;169.3	77;74678;75316;-;67.0	76;72675;74681;-;259.0	63;60808;63120;-;392.7	89;82959;83543;-;55.4	63;60808;63120;-;66.5	A	9/9	contiguous	25000	1	1	65045..65593-;182;unnamed;0
CP067597.1	MPF_T	IncX3	56	0	0	GA	1	43;35384;36028;-;46.4	42;35110;35400;-;73.1	41;32332;35085;-;47.0	41;32332;35085;-;145.4	41;32332;35085;-;73.3	40;31552;32322;-;60.1	38;30218;31273;-;133.2		37;29295;30023;-;119.4	36;28360;29289;-;138.8	35;27149;28363;-;128.3	33;25919;26953;-;65.7	32;24081;25916;-;495.9		pfam	pfam_only	A	7/7	canonical	1	1	unscoreable	2	0	0														not_admitted	not_admitted	not_admitted	not_admitted	not_admitted	not_admitted	not_admitted
CP067599.1	MPF_F	IncFIB(K);IncFII(Yp)	173	0	0	GA	0															not_admitted	not_admitted	not_admitted	not_admitted	not_admitted	not_admitted	not_admitted	not_admitted	not_admitted	not_admitted	1	93;94974;95966;-;362.9	84;88514;89884;-;378.1	87;90668;91420;-;223.8	96;96992;99631;-;259.1	83;85635;88514;-;343.0	106;103394;104815;-;87.4	96;96992;99631;-;83.9	108;105542;106108;-;167.2	92;94323;94961;-;66.0	91;92309;94264;-;255.2	81;82565;84865;-;390.5	104;102370;102933;-;55.8	81;82565;84865;-;65.8	A	9/9	contiguous	22977	1	1	85102..85632-;176;unnamed;0
CP067600.1	MPF_F	IncFIB(pQil);IncFII(K)	152	0	0	GA	0															not_admitted	not_admitted	not_admitted	not_admitted	not_admitted	not_admitted	not_admitted	not_admitted	not_admitted	not_admitted	1	95;90871;91860;-;366.0	85;83957;85324;-;380.7	89;86582;87334;-;233.7	99;93303;95942;-;258.5	84;81108;83957;-;345.6	107;99199;100623;-;88.8	99;93303;95942;-;88.7	109;101350;101916;-;169.3	94;90220;90858;-;67.0	93;88206;90161;-;259.7	80;76310;78622;-;392.7	106;98501;99085;-;55.4	80;76310;78622;-;66.5	A	9/9	contiguous	25040	1	1	80547..81095-;182;unnamed;0
CP067602.1	MPF_T	IncX3	59	0	0	GA	1	43;35384;36028;-;46.4	42;35110;35400;-;73.1	41;32332;35085;-;47.0	41;32332;35085;-;145.4	41;32332;35085;-;73.3	40;31552;32322;-;60.1	38;30218;31273;-;133.2		37;29295;30023;-;119.4	36;28360;29289;-;138.8	35;27149;28363;-;128.3	33;25919;26953;-;65.7	32;24081;25916;-;495.9		pfam	pfam_only	A	7/7	canonical	1	1	unscoreable	2	0	0														not_admitted	not_admitted	not_admitted	not_admitted	not_admitted	not_admitted	not_admitted
CP067609.1	MPF_F	IncFIB(K);IncFII(K)	169	0	0	GA	0															not_admitted	not_admitted	not_admitted	not_admitted	not_admitted	not_admitted	not_admitted	not_admitted	not_admitted	not_admitted	1	113;124613;125605;-;366.6	103;117792;119162;-;381.2	107;120364;121116;-;232.4	116;126631;129270;-;258.7	102;114943;117792;-;344.2	125;133085;134509;-;89.2	116;126631;129270;-;88.8	127;135236;135802;-;167.0	112;123962;124600;-;67.0	111;121959;123965;-;259.0	98;110817;113129;-;393.2	123;131904;132473;-;49.7	98;110817;113129;-;65.8	A	9/9	contiguous	24419	1	1	114410..114940-;176;unnamed;0
CP067613.1	MPF_F	IncFIB(K);IncFII(K)	217	0	0	GA	0															not_admitted	not_admitted	not_admitted	not_admitted	not_admitted	not_admitted	not_admitted	not_admitted	not_admitted	not_admitted	1	161;166806;167798;-;366.6	151;159985;161355;-;380.7	155;162557;163309;-;232.4	164;168824;171463;-;258.7	150;157136;159985;-;345.6	173;175278;176702;-;89.2	164;168824;171463;-;88.8	175;177429;177995;-;167.0	160;166155;166793;-;67.0	159;164152;166158;-;259.0	146;152338;154650;-;392.7	171;174097;174666;-;49.7	146;152338;154650;-;66.5	A	9/9	contiguous	25091	1	1	156575..157123-;182;unnamed;0
CP067614.1	MPF_F	IncFIB(pQil);IncFII(K)	136	0	0	GA	0															not_admitted	not_admitted	not_admitted	not_admitted	not_admitted	not_admitted	not_admitted	not_admitted	not_admitted	not_admitted	1	78;75369;76358;-;363.7	68;68455;69822;-;380.7	72;71080;71832;-;233.7	82;77801;80440;-;258.5	67;65606;68455;-;345.6	90;83697;85121;-;88.8	82;77801;80440;-;88.7	92;85848;86414;-;169.3	77;74718;75356;-;67.0	76;72704;74659;-;259.7	63;60808;63120;-;392.7	89;82999;83583;-;55.4	63;60808;63120;-;66.5	A	9/9	contiguous	25040	1	1	65045..65593-;182;unnamed;0
CP067618.1	MPF_F	IncFII(Yp);repB(R1701)	155	0	0	GA	0															not_admitted	not_admitted	not_admitted	not_admitted	not_admitted	not_admitted	not_admitted	not_admitted	not_admitted	not_admitted	1	132;107658;108650;+;362.9	141;113740;115110;+;378.1	138;112204;112956;+;223.8	129;103993;106632;+;259.1	142;115110;117989;+;343.0	119;98809;100230;+;87.4	129;103993;106632;+;83.9	117;97516;98082;+;167.2	133;108663;109301;+;66.0	134;109360;111315;+;255.2	144;118759;121059;+;390.5	121;100691;101254;+;55.8	144;118759;121059;+;65.8	A	9/9	contiguous	21243	1	1	117992..118522+;176;unnamed;0
CP067619.1	MPF_T	IncX3	56	0	0	GA	1	43;35243;35887;-;46.4	42;34969;35259;-;73.1	41;32191;34944;-;47.0	41;32191;34944;-;145.4	41;32191;34944;-;73.3	40;31411;32181;-;60.1	38;30077;31132;-;133.2		37;29154;29882;-;119.4	36;28219;29148;-;138.8	35;27008;28222;-;128.3	33;25778;26812;-;65.7	32;23940;25775;-;495.9		pfam	pfam_only	A	7/7	canonical	1	1	unscoreable	2	0	0														not_admitted	not_admitted	not_admitted	not_admitted	not_admitted	not_admitted	not_admitted
CP067623.1	MPF_F	IncFIB(K);IncFII(K)	217	0	0	GA	0															not_admitted	not_admitted	not_admitted	not_admitted	not_admitted	not_admitted	not_admitted	not_admitted	not_admitted	not_admitted	1	161;164754;165746;-;366.6	151;157933;159303;-;381.2	155;160505;161257;-;232.4	164;166772;169411;-;258.7	150;155084;157933;-;344.2	173;173226;174650;-;89.2	164;166772;169411;-;88.8	175;175377;175943;-;167.0	160;164103;164741;-;67.0	159;162100;164106;-;259.0	146;150958;153270;-;393.2	171;172045;172614;-;49.7	146;150958;153270;-;65.8	A	9/9	contiguous	24419	1	1	154551..155081-;176;unnamed;0
CP067624.1	MPF_F	IncFIB(pQil);IncFII(K)	132	0	0	GA	0															not_admitted	not_admitted	not_admitted	not_admitted	not_admitted	not_admitted	not_admitted	not_admitted	not_admitted	not_admitted	1	78;75369;76358;-;366.0	68;68455;69822;-;380.7	72;71080;71832;-;233.7	82;77801;80440;-;258.5	67;65606;68455;-;345.6	90;83697;85121;-;88.8	82;77801;80440;-;88.7	92;85848;86414;-;169.3	77;74718;75356;-;67.0	76;72704;74659;-;259.7	63;60808;63120;-;392.7	89;82999;83583;-;55.4	63;60808;63120;-;66.5	A	9/9	contiguous	25040	1	1	65045..65593-;182;unnamed;0
CP067625.1	MPF_T	IncX3	56	0	0	GA	1	43;35384;36028;-;46.4	42;35110;35400;-;73.1	41;32332;35085;-;47.0	41;32332;35085;-;145.4	41;32332;35085;-;73.3	40;31552;32322;-;60.1	38;30218;31273;-;133.2		37;29295;30023;-;119.4	36;28360;29289;-;138.8	35;27149;28363;-;128.3	33;25919;26953;-;65.7	32;24081;25916;-;495.9		pfam	pfam_only	A	7/7	canonical	1	1	unscoreable	2	0	0														not_admitted	not_admitted	not_admitted	not_admitted	not_admitted	not_admitted	not_admitted
CP067628.1	MPF_F	IncFIB(K);IncFII(K);repB(R1701)	232	0	0	GA	0															not_admitted	not_admitted	not_admitted	not_admitted	not_admitted	not_admitted	not_admitted	not_admitted	not_admitted	not_admitted	1	176;177765;178757;-;366.6	166;170944;172314;-;381.2	170;173516;174268;-;232.4	179;179783;182422;-;258.7	165;168095;170944;-;344.2	188;186237;187661;-;89.2	179;179783;182422;-;88.8	190;188388;188954;-;167.0	175;177114;177752;-;67.0	174;175111;177117;-;259.0	161;163969;166281;-;393.2	186;185056;185625;-;49.7	161;163969;166281;-;65.8	A	9/9	contiguous	24419	1	1	167562..168092-;176;unnamed;0
CP067632.1	MPF_F	IncFIB(K);IncFII(K)	208	0	0	GA	0															not_admitted	not_admitted	not_admitted	not_admitted	not_admitted	not_admitted	not_admitted	not_admitted	not_admitted	not_admitted	1	145;149556;150548;-;366.6	135;142735;144105;-;380.7	139;145307;146059;-;232.4	148;151574;154213;-;258.7	134;139886;142735;-;345.6	157;158028;159452;-;89.2	148;151574;154213;-;88.8	159;160179;160745;-;167.0	144;148905;149543;-;67.0	143;146902;148908;-;259.0	130;135088;137400;-;392.7	155;156847;157416;-;49.7	130;135088;137400;-;66.5	A	9/9	contiguous	25091	1	1	139325..139873-;182;unnamed;0
CP067633.1	MPF_F	IncFII(Yp);repB(R1701)	137	0	0	GA	0															not_admitted	not_admitted	not_admitted	not_admitted	not_admitted	not_admitted	not_admitted	not_admitted	not_admitted	not_admitted	1	114;99791;100783;+;362.9	123;105873;107243;+;378.1	120;104337;105089;+;223.8	110;96134;98629;+;259.2	124;107243;110122;+;343.0	100;90950;92371;+;87.4	110;96134;98629;+;83.9	98;89657;90223;+;167.2	115;100796;101434;+;66.0	116;101493;103448;+;255.2	126;110892;113192;+;390.5	102;92832;93395;+;55.8	126;110892;113192;+;65.8	A	9/9	contiguous	21235	1	1	110125..110655+;176;unnamed;0
CP067634.1	MPF_F	IncFIB(pQil);IncFII(K)	131	0	0	GA	0															not_admitted	not_admitted	not_admitted	not_admitted	not_admitted	not_admitted	not_admitted	not_admitted	not_admitted	not_admitted	1	78;75369;76358;-;366.0	68;68455;69822;-;380.7	72;71080;71832;-;233.7	82;77801;80440;-;258.5	67;65606;68455;-;345.6	90;83697;85121;-;88.8	82;77801;80440;-;88.7	92;85848;86414;-;169.3	77;74718;75356;-;67.0	76;72704;74659;-;259.7	63;60808;63120;-;392.7	89;82999;83583;-;55.4	63;60808;63120;-;66.5	A	9/9	contiguous	25040	1	1	65045..65593-;182;unnamed;0
CP067635.1	MPF_T	IncX3	56	0	0	GA	1	3;2256;2900;+;46.4	4;2884;3174;+;73.1	5;3199;5952;+;47.0	5;3199;5952;+;145.4	5;3199;5952;+;73.3	6;5962;6732;+;60.1	8;7011;8066;+;133.2		9;8261;8989;+;119.4	10;8995;9924;+;138.8	11;9921;11135;+;128.3	13;11331;12365;+;65.7	14;12368;14203;+;495.9		pfam	pfam_only	A	7/7	canonical	1	1	unscoreable	2	0	0														not_admitted	not_admitted	not_admitted	not_admitted	not_admitted	not_admitted	not_admitted
CP067638.1	MPF_F	IncFIB(K);IncFII(K)	203	0	0	GA	0															not_admitted	not_admitted	not_admitted	not_admitted	not_admitted	not_admitted	not_admitted	not_admitted	not_admitted	not_admitted	1	145;148881;149873;-;366.6	135;142060;143430;-;380.7	139;144632;145384;-;232.4	148;150899;153538;-;258.7	134;139211;142060;-;344.2	157;157353;158777;-;89.2	148;150899;153538;-;88.8	159;159504;160070;-;167.0	144;148230;148868;-;67.0	143;146227;148233;-;259.0	130;135088;137397;-;393.2	155;156172;156741;-;49.7	130;135088;137397;-;65.8	A	9/9	contiguous	24416	1	1	138678..139208-;176;unnamed;0
CP067639.1	MPF_F	IncFIB(pQil);IncFII(K)	128	0	0	GA	0															not_admitted	not_admitted	not_admitted	not_admitted	not_admitted	not_admitted	not_admitted	not_admitted	not_admitted	not_admitted	1	78;75369;76358;-;366.0	68;68455;69822;-;380.7	72;71080;71832;-;233.7	82;77801;80440;-;258.5	67;65606;68455;-;345.6	90;83697;85121;-;88.8	82;77801;80440;-;88.7	92;85848;86414;-;169.3	77;74718;75356;-;67.0	76;72704;74659;-;259.7	63;60808;63120;-;392.7	89;82999;83583;-;55.4	63;60808;63120;-;66.5	A	9/9	contiguous	25040	1	1	65045..65593-;182;unnamed;0
CP067640.1	MPF_F	IncFII(Yp)	98	0	0	GA	0															not_admitted	not_admitted	not_admitted	not_admitted	not_admitted	not_admitted	not_admitted	not_admitted	not_admitted	not_admitted	1	75;58293;59285;+;362.9	84;64375;65745;+;378.1	81;62839;63591;+;223.8	71;54636;57131;+;259.2	85;65745;68624;+;343.0	61;49452;50873;+;87.4	71;54636;57131;+;83.9	59;48159;48725;+;167.2	76;59298;59936;+;66.0	77;59995;61950;+;255.2	87;69394;71694;+;390.5	63;51334;51897;+;55.8	87;69394;71694;+;65.8	A	9/9	contiguous	21235	1	1	68627..69157+;176;unnamed;0
CP067641.1	MPF_T	IncX3	56	0	0	GA	1	43;35384;36028;-;46.4	42;35110;35400;-;73.1	41;32332;35085;-;47.0	41;32332;35085;-;145.4	41;32332;35085;-;73.3	40;31552;32322;-;60.1	38;30218;31273;-;133.2		37;29295;30023;-;119.4	36;28360;29289;-;138.8	35;27149;28363;-;128.3	33;25919;26953;-;65.7	32;24081;25916;-;495.9		pfam	pfam_only	A	7/7	canonical	1	1	unscoreable	2	0	0														not_admitted	not_admitted	not_admitted	not_admitted	not_admitted	not_admitted	not_admitted
CP067645.1	MPF_F	IncFIB(pQil);IncFII(K)	118	0	0	GA	0															not_admitted	not_admitted	not_admitted	not_admitted	not_admitted	not_admitted	not_admitted	not_admitted	not_admitted	not_admitted	1	64;64838;65827;-;366.0	54;57924;59291;-;380.7	58;60549;61301;-;233.7	68;67270;69909;-;258.5	53;55075;57924;-;345.6	76;73166;74590;-;88.8	68;67270;69909;-;88.7	78;75317;75883;-;169.3	63;64187;64825;-;67.0	62;62173;64128;-;259.7	49;50277;52589;-;392.7	75;72468;73052;-;55.4	49;50277;52589;-;66.5	A	9/9	contiguous	25040	1	1	54514..55062-;182;unnamed;0
CP067646.1	MPF_T	IncX3	56	0	0	GA	1	43;35384;36028;-;46.4	42;35110;35400;-;73.1	41;32332;35085;-;47.0	41;32332;35085;-;145.4	41;32332;35085;-;73.3	40;31552;32322;-;60.1	38;30218;31273;-;133.2		37;29295;30023;-;119.4	36;28360;29289;-;138.8	35;27149;28363;-;128.3	33;25919;26953;-;65.7	32;24081;25916;-;495.9		pfam	pfam_only	A	7/7	canonical	1	1	unscoreable	2	0	0														not_admitted	not_admitted	not_admitted	not_admitted	not_admitted	not_admitted	not_admitted
CP067649.1	MPF_F	IncFIB(K);IncFII(K)	196	0	0	GA	0															not_admitted	not_admitted	not_admitted	not_admitted	not_admitted	not_admitted	not_admitted	not_admitted	not_admitted	not_admitted	1	170;145639;146628;+;363.3	181;152447;153814;+;383.5	177;150437;151189;+;232.2	166;141543;144182;+;259.0	182;153814;156636;+;346.5	155;136151;137575;+;88.0	166;141543;144182;+;88.7	153;134858;135424;+;167.9	172;146904;147551;+;66.9	173;147610;149565;+;259.7	186;159254;161566;+;392.8	158;138187;138771;+;53.8	186;159254;161566;+;65.9	A	9/9	contiguous	24396	1	1	156659..157261+;200;TraS;0
CP067653.1	MPF_F	IncFIB(K);IncFII(K)	135	0	0	GA	0															not_admitted	not_admitted	not_admitted	not_admitted	not_admitted	not_admitted	not_admitted	not_admitted	not_admitted	not_admitted	1	79;88628;89620;-;366.6	69;81807;83177;-;381.2	73;84379;85131;-;232.4	82;90646;93285;-;258.7	68;78958;81807;-;344.2	91;97100;98524;-;89.2	82;90646;93285;-;88.8	93;99251;99817;-;167.0	78;87977;88615;-;67.0	77;85974;87980;-;259.0	64;74832;77144;-;393.2	89;95919;96488;-;49.7	64;74832;77144;-;65.8	A	9/9	contiguous	24419	1	1	78425..78955-;176;unnamed;0
CP067658.1	MPF_F	IncFIB(K);IncFII(K)	217	0	0	GA	0															not_admitted	not_admitted	not_admitted	not_admitted	not_admitted	not_admitted	not_admitted	not_admitted	not_admitted	not_admitted	1	161;164091;165083;-;366.6	151;157270;158640;-;381.2	155;159842;160594;-;232.4	164;166109;168748;-;258.7	150;154421;157270;-;344.2	173;172563;173987;-;89.2	164;166109;168748;-;88.8	175;174714;175280;-;167.0	160;163440;164078;-;67.0	159;161437;163443;-;259.0	146;150298;152607;-;393.2	171;171382;171951;-;49.7	146;150298;152607;-;65.8	A	9/9	contiguous	24416	1	1	153888..154418-;176;unnamed;0
CP067661.1	MPF_F	IncFIB(K);IncFII(K)	247	0	0	GA	0															not_admitted	not_admitted	not_admitted	not_admitted	not_admitted	not_admitted	not_admitted	not_admitted	not_admitted	not_admitted	1	201;206922;207911;-;363.3	190;199736;201103;-;382.2	194;202361;203113;-;236.4	205;209368;212007;-;259.0	189;196893;199736;-;342.9	216;215974;217398;-;88.8	205;209368;212007;-;87.6	218;218125;218691;-;167.9	199;205999;206646;-;65.9	198;203985;205940;-;259.5	185;191996;194308;-;392.8	213;214778;215362;-;53.8	185;191996;194308;-;65.9	A	9/9	contiguous	26129	1	1	196358..196882-;174;unnamed;0
CP067665.1	MPF_F	IncFIB(K);IncFII(K)	223	0	0	GA	0															not_admitted	not_admitted	not_admitted	not_admitted	not_admitted	not_admitted	not_admitted	not_admitted	not_admitted	not_admitted	1	167;170055;171047;-;366.6	157;163234;164604;-;381.2	161;165806;166558;-;232.4	170;172073;174712;-;258.7	156;160385;163234;-;344.2	179;178527;179951;-;89.2	170;172073;174712;-;88.8	181;180678;181244;-;167.0	166;169404;170042;-;67.0	165;167401;169407;-;259.0	152;156262;158571;-;393.2	177;177346;177915;-;49.7	152;156262;158571;-;65.8	A	9/9	contiguous	24416	1	1	159852..160382-;176;unnamed;0
CP067666.1	MPF_F	IncC	250	0	0	GA	0															not_admitted	not_admitted	not_admitted	not_admitted	not_admitted	not_admitted	not_admitted	not_admitted	not_admitted	not_admitted	1	5;5200;6207;+;332.9	104;93806;95239;+;339.2	103;92776;93804;+;221.7	0;1;2448;+;354.5	105;95252;98866;+;375.3	246;194993;196309;+;135.0	0;1;2448;+;128.3	244;193469;194095;+;92.7	3;3270;4535;+;67.9	6;6323;9121;+;145.3	235;187794;189659;+;47.3	247;196306;196884;+;100.2	235;187794;189659;+;52.0	A	9/9	split_3	196305	0	1	
CP067669.1	MPF_F	IncFIB(pQil);IncFII(K)	132	0	0	GA	0															not_admitted	not_admitted	not_admitted	not_admitted	not_admitted	not_admitted	not_admitted	not_admitted	not_admitted	not_admitted	1	78;75369;76358;-;366.0	68;68455;69822;-;380.7	72;71080;71832;-;233.7	82;77801;80440;-;258.5	67;65606;68455;-;345.6	90;83697;85121;-;88.8	82;77801;80440;-;88.7	92;85848;86414;-;169.3	77;74718;75356;-;67.0	76;72704;74659;-;259.7	63;60808;63120;-;392.7	89;82999;83583;-;55.4	63;60808;63120;-;66.5	A	9/9	contiguous	25040	1	1	65045..65593-;182;unnamed;0
CP067672.1	MPF_F	IncFIB(K);IncFII(pKP91)	216	0	0	GA	0															not_admitted	not_admitted	not_admitted	not_admitted	not_admitted	not_admitted	not_admitted	not_admitted	not_admitted	not_admitted	1	160;163027;164016;-;363.3	150;156113;157480;-;382.6	154;158738;159490;-;233.7	164;165473;168112;-;258.5	149;153264;156113;-;345.6	172;171369;172793;-;88.8	164;165473;168112;-;87.7	174;173520;174086;-;169.3	159;162376;163014;-;66.0	158;160362;162317;-;259.7	145;148468;150780;-;392.5	171;170671;171255;-;55.4	145;148468;150780;-;66.6	A	9/9	contiguous	25052	1	1	152703..153251-;182;unnamed;0
CP067676.1	MPF_F	IncFIB(K);IncFII(K)	233	0	0	GA	0															not_admitted	not_admitted	not_admitted	not_admitted	not_admitted	not_admitted	not_admitted	not_admitted	not_admitted	not_admitted	1	187;187979;188968;-;363.3	176;180793;182160;-;382.2	180;183418;184170;-;236.4	191;190425;193064;-;259.0	175;177950;180793;-;342.9	202;197031;198455;-;88.8	191;190425;193064;-;87.6	204;199182;199748;-;167.9	185;187056;187703;-;65.9	184;185042;186997;-;259.5	171;173053;175365;-;392.8	199;195835;196419;-;53.8	171;173053;175365;-;65.9	A	9/9	contiguous	26129	1	1	177415..177939-;174;unnamed;0
CP067679.1	MPF_F	IncFIB(K);IncFII(K)	203	0	0	GA	0															not_admitted	not_admitted	not_admitted	not_admitted	not_admitted	not_admitted	not_admitted	not_admitted	not_admitted	not_admitted	1	145;148881;149873;-;366.6	135;142060;143430;-;380.7	139;144632;145384;-;232.4	148;150899;153538;-;258.7	134;139211;142060;-;344.2	157;157353;158777;-;89.2	148;150899;153538;-;88.8	159;159504;160070;-;167.0	144;148230;148868;-;67.0	143;146227;148233;-;259.0	130;135088;137397;-;393.2	155;156172;156741;-;49.7	130;135088;137397;-;65.8	A	9/9	contiguous	24416	1	1	138678..139208-;176;unnamed;0
CP067680.1	MPF_F	IncFII(Yp);repB(R1701)	132	0	0	GA	0															not_admitted	not_admitted	not_admitted	not_admitted	not_admitted	not_admitted	not_admitted	not_admitted	not_admitted	not_admitted	1	58;61602;62594;-;362.9	49;55142;56512;-;378.1	52;57296;58048;-;223.8	62;63756;66251;-;259.2	48;52263;55142;-;343.0	72;70014;71435;-;87.4	62;63756;66251;-;83.9	74;72162;72728;-;167.2	57;60951;61589;-;66.0	56;58937;60892;-;255.2	46;49193;51493;-;390.5	70;68990;69553;-;55.8	46;49193;51493;-;65.8	A	9/9	contiguous	22969	1	1	51730..52260-;176;unnamed;0
CP067681.1	MPF_F	IncFIB(pQil);IncFII(K)	129	0	0	GA	0															not_admitted	not_admitted	not_admitted	not_admitted	not_admitted	not_admitted	not_admitted	not_admitted	not_admitted	not_admitted	1	79;75368;76357;-;366.0	68;68455;69822;-;380.7	72;71080;71832;-;233.7	83;77800;80439;-;258.5	67;65606;68455;-;345.6	91;83696;85120;-;88.8	83;77800;80439;-;88.7	93;85847;86413;-;169.3	78;74717;75355;-;67.0	76;72704;73336;-;203.2	63;60808;63120;-;392.7	90;82998;83582;-;55.4	63;60808;63120;-;66.5	A	9/9	contiguous	25039	1	1	65045..65593-;182;unnamed;0
CP067682.1	MPF_T	IncX3	56	0	0	GA	1	43;35384;36028;-;46.4	42;35110;35400;-;73.1	41;32332;35085;-;47.0	41;32332;35085;-;145.4	41;32332;35085;-;73.3	40;31552;32322;-;60.1	38;30218;31273;-;133.2		37;29295;30023;-;119.4	36;28360;29289;-;138.8	35;27149;28363;-;128.3	33;25919;26953;-;65.7	32;24081;25916;-;495.9		pfam	pfam_only	A	7/7	canonical	1	1	unscoreable	2	0	0														not_admitted	not_admitted	not_admitted	not_admitted	not_admitted	not_admitted	not_admitted
CP067686.1	MPF_F	IncFIB(K)	218	0	0	GA	0															not_admitted	not_admitted	not_admitted	not_admitted	not_admitted	not_admitted	not_admitted	not_admitted	not_admitted	not_admitted	1	165;165441;166430;-;366.6	155;158527;159894;-;380.5	159;161152;161904;-;233.7	169;167887;170526;-;258.5	154;155678;158527;-;346.4	176;173354;174778;-;88.1	169;167887;170526;-;88.7	178;175505;176071;-;169.3	164;164790;165428;-;66.9	163;162776;164731;-;259.7	147;149843;152152;-;393.1	175;172697;173281;-;54.3	147;149843;152152;-;66.5	A	9/9	contiguous	25662	1	1	155145..155675-;176;unnamed;0
CP067690.1	MPF_T	IncFIB(K);IncX3	175	0	0	GA	1	17;14342;14938;+;44.2	18;14922;15212;+;73.1	19;15237;16370;+;48.6	19;15237;16370;+;67.0	19;15237;16370;+;75.5		21;17806;18861;+;133.2		22;19056;19784;+;119.4	23;19790;20719;+;138.8	24;20716;21930;+;128.3	26;22126;23160;+;65.7	27;23163;24998;+;495.9		none	none	A	7/7	canonical	0	1	unscoreable	2	0	0														not_admitted	not_admitted	not_admitted	not_admitted	not_admitted	not_admitted	not_admitted
CP067691.1	MPF_F	IncFII(pBK30683)	127	0	0	GA	0															not_admitted	not_admitted	not_admitted	not_admitted	not_admitted	not_admitted	not_admitted	not_admitted	not_admitted	not_admitted	1	101;77499;78488;+;363.3	111;84035;85402;+;382.7	107;82025;82777;+;233.7	97;73403;76042;+;258.5	112;85402;88251;+;345.6	89;68722;70146;+;89.2	97;73403;76042;+;87.7	87;67429;67995;+;169.3	102;78501;79139;+;66.0	103;79198;81153;+;259.7	116;90737;93049;+;392.7	90;70260;70844;+;55.4	116;90737;93049;+;66.5	A	9/9	contiguous	23308	1	1	88264..88812+;182;unnamed;0
CP067695.1	MPF_F	IncFIB(K)	213	0	0	GA	0															not_admitted	not_admitted	not_admitted	not_admitted	not_admitted	not_admitted	not_admitted	not_admitted	not_admitted	not_admitted	1	160;158200;159189;-;366.6	150;151286;152653;-;380.5	154;153911;154663;-;233.7	164;160646;163285;-;258.5	149;148437;151286;-;346.4	171;166113;167537;-;88.1	164;160646;163285;-;88.7	173;168264;168830;-;169.3	159;157549;158187;-;66.9	158;155535;157490;-;259.7	142;142602;144911;-;393.1	170;165456;166040;-;54.3	142;142602;144911;-;66.5	A	9/9	contiguous	25662	1	1	147904..148434-;176;unnamed;0
CP067699.1	MPF_F	IncHI1B(pNDM-MAR)	202	0	0	GA	0															not_admitted	not_admitted	not_admitted	not_admitted	not_admitted	not_admitted	not_admitted	not_admitted	not_admitted	not_admitted	1	28;27023;28060;-;282.3	108;110414;111823;+;190.0	107;109387;110424;+;176.6	40;38892;41609;-;148.5	109;111825;115739;+;120.9	44;43722;45092;-;65.8	40;38892;41609;-;85.2	47;46738;47598;-;79.0	29;28057;29418;-;69.9	27;23831;27013;-;60.1	100;100061;102187;-;58.4	41;41654;42391;-;56.9	100;100061;102187;-;41.0	A	9/9	split_2	87994	0	1	
CP067701.1	MPF_T	IncX3	56	0	0	GA	1	43;35384;36028;-;46.4	42;35110;35400;-;73.1	41;32332;35085;-;47.0	41;32332;35085;-;145.4	41;32332;35085;-;73.3	40;31552;32322;-;60.1	38;30218;31273;-;133.2		37;29295;30023;-;119.4	36;28360;29289;-;138.8	35;27149;28363;-;128.3	33;25919;26953;-;65.7	32;24081;25916;-;495.9		pfam	pfam_only	A	7/7	canonical	1	1	unscoreable	2	0	0														not_admitted	not_admitted	not_admitted	not_admitted	not_admitted	not_admitted	not_admitted
CP067704.1	MPF_F	IncFII(K);repB(R1701)	148	0	0	GA	0															not_admitted	not_admitted	not_admitted	not_admitted	not_admitted	not_admitted	not_admitted	not_admitted	not_admitted	not_admitted	1	91;81859;82848;-;366.6	81;74945;76312;-;384.0	85;77570;78322;-;233.7	95;84291;86930;-;258.5	80;72096;74945;-;346.4	102;90123;91547;-;89.2	95;84291;86930;-;88.2	104;92274;92840;-;169.3	90;81208;81846;-;66.9	89;79194;81149;-;259.7	76;67322;69634;-;393.1	101;89425;90009;-;53.6	76;67322;69634;-;66.6	A	9/9	contiguous	24952	1	1	71560..72093-;177;unnamed;0
CP067706.1	MPF_T	IncN2	52	0	0	GA	1	44;37278;38060;-;33.2	42;36735;37031;-;36.0	41;36378;36695;-;71.9	40;33804;36377;-;118.0	40;33804;36377;-;74.2	39;33087;33788;-;98.9	37;31781;32818;-;121.9		36;30867;31562;-;127.6	35;29969;30856;-;142.7	34;28830;29969;-;172.5	33;27778;28779;-;90.1	18;12141;13673;+;46.3		pfam	both	A	7/7	canonical	1	0	unscoreable	2	0	0														not_admitted	not_admitted	not_admitted	not_admitted	not_admitted	not_admitted	not_admitted
CP067719.1	MPF_F	IncFIB(pQil);IncFII(K)	132	0	0	GA	0															not_admitted	not_admitted	not_admitted	not_admitted	not_admitted	not_admitted	not_admitted	not_admitted	not_admitted	not_admitted	1	78;75369;76358;-;366.0	68;68455;69822;-;380.7	72;71080;71832;-;233.7	82;77801;80440;-;258.5	67;65606;68455;-;345.6	90;83697;85121;-;88.8	82;77801;80440;-;88.7	92;85848;86414;-;169.3	77;74718;75356;-;67.0	76;72704;74659;-;259.7	63;60808;63120;-;392.7	89;82999;83583;-;55.4	63;60808;63120;-;66.5	A	9/9	contiguous	25040	1	1	65045..65593-;182;unnamed;0
CP067722.1	MPF_F	IncFIB(K);IncFII(K)	216	0	0	GA	0															not_admitted	not_admitted	not_admitted	not_admitted	not_admitted	not_admitted	not_admitted	not_admitted	not_admitted	not_admitted	1	190;170059;171048;+;363.3	201;176867;178234;+;383.5	197;174857;175609;+;233.7	186;165963;168602;+;259.0	202;178234;181056;+;346.5	175;160571;161995;+;88.0	186;165963;168602;+;88.7	173;159278;159844;+;167.9	192;171324;171971;+;66.9	193;172030;173985;+;259.7	206;183674;185986;+;392.8	178;162607;163191;+;53.8	206;183674;185986;+;65.9	A	9/9	contiguous	24396	1	1	181079..181681+;200;TraS;0
CP067723.1	MPF_F	IncFIB(pQil);IncFII(K)	166	0	0	GA	0															not_admitted	not_admitted	not_admitted	not_admitted	not_admitted	not_admitted	not_admitted	not_admitted	not_admitted	not_admitted	1	112;104560;105549;-;366.0	102;97646;99013;-;380.7	106;100271;101023;-;233.7	116;106992;109631;-;258.5	101;94797;97646;-;345.6	124;112888;114312;-;88.8	116;106992;109631;-;88.7	126;115039;115605;-;169.3	111;103909;104547;-;66.9	110;101895;103850;-;259.7	97;89999;92311;-;392.7	123;112190;112774;-;55.4	97;89999;92311;-;66.5	A	9/9	contiguous	25040	1	1	94236..94784-;182;unnamed;0
CP067725.1	MPF_F	IncFIB(K);IncFII(K)	213	0	0	GA	0															not_admitted	not_admitted	not_admitted	not_admitted	not_admitted	not_admitted	not_admitted	not_admitted	not_admitted	not_admitted	1	161;163452;164441;-;366.0	151;156538;157905;-;380.7	155;159163;159915;-;233.7	165;165884;168523;-;258.5	150;153689;156538;-;345.6	173;171780;173204;-;88.8	165;165884;168523;-;88.7	175;173931;174497;-;169.3	160;162801;163439;-;67.0	159;160787;162742;-;259.7	146;148891;151203;-;392.7	172;171082;171666;-;55.4	146;148891;151203;-;66.5	A	9/9	contiguous	25040	1	1	153128..153676-;182;unnamed;0
CP067726.1	MPF_F	IncFIB(pQil);IncFII(K)	136	0	0	GA	0															not_admitted	not_admitted	not_admitted	not_admitted	not_admitted	not_admitted	not_admitted	not_admitted	not_admitted	not_admitted	1	78;76668;77660;-;366.6	68;69847;71217;-;381.2	72;72419;73171;-;232.4	81;78686;81325;-;258.7	67;66998;69847;-;344.2	90;85140;86564;-;89.2	81;78686;81325;-;88.8	92;87291;87857;-;167.3	77;76017;76655;-;67.0	76;74014;76020;-;259.0	63;62875;65184;-;393.2	88;83959;84528;-;49.7	63;62875;65184;-;65.8	A	9/9	contiguous	24416	1	1	66465..66995-;176;unnamed;0
CP067727.1	MPF_T	IncX3	56	0	0	GA	1	43;35384;36028;-;46.4	42;35110;35400;-;73.1	41;32332;35085;-;47.0	41;32332;35085;-;145.4	41;32332;35085;-;73.3	40;31552;32322;-;60.1	38;30218;31273;-;133.2		37;29295;30023;-;119.4	36;28360;29289;-;138.8	35;27149;28363;-;128.3	33;25919;26953;-;65.7	32;24081;25916;-;495.9		pfam	pfam_only	A	7/7	canonical	1	1	unscoreable	2	0	0														not_admitted	not_admitted	not_admitted	not_admitted	not_admitted	not_admitted	not_admitted
CP067730.1	MPF_F	IncFIB(pQil);IncFII(K)	134	0	0	GA	0															not_admitted	not_admitted	not_admitted	not_admitted	not_admitted	not_admitted	not_admitted	not_admitted	not_admitted	not_admitted	1	78;76671;77663;-;366.6	68;69850;71220;-;381.2	72;72422;73174;-;232.4	81;78689;81328;-;258.7	67;67001;69850;-;344.2	90;85143;86567;-;89.2	81;78689;81328;-;88.8	92;87294;87860;-;167.0	77;76020;76658;-;67.0	76;74017;76023;-;259.0	63;62875;65187;-;393.2	88;83962;84531;-;49.7	63;62875;65187;-;65.8	A	9/9	contiguous	24419	1	1	66468..66998-;176;unnamed;0
CP067731.1	MPF_T	IncX3	56	0	0	GA	1	43;35383;36027;-;46.4	42;35109;35399;-;73.1	41;32331;35084;-;47.0	41;32331;35084;-;145.4	41;32331;35084;-;73.3	40;31551;32321;-;60.1	38;30217;31272;-;133.2		37;29294;30022;-;119.4	36;28359;29288;-;138.8	35;27148;28362;-;128.3	33;25918;26952;-;65.7	32;24080;25915;-;495.9		pfam	pfam_only	A	7/7	canonical	1	1	unscoreable	2	0	0														not_admitted	not_admitted	not_admitted	not_admitted	not_admitted	not_admitted	not_admitted
CP067737.1	MPF_F	IncFIB(K);IncFII(K)	208	0	0	GA	0															not_admitted	not_admitted	not_admitted	not_admitted	not_admitted	not_admitted	not_admitted	not_admitted	not_admitted	not_admitted	1	150;152257;153249;-;366.6	140;145436;146806;-;380.7	144;148008;148760;-;232.4	153;154275;156914;-;258.7	139;142587;145436;-;344.2	162;160729;162153;-;89.2	153;154275;156914;-;88.8	164;162880;163446;-;167.0	149;151606;152244;-;67.0	148;149603;151609;-;259.0	135;138464;140773;-;393.2	160;159548;160117;-;49.7	135;138464;140773;-;65.8	A	9/9	contiguous	24416	1	1	142054..142584-;176;unnamed;0
CP067738.1	MPF_F	IncFIB(pQil);IncFII(K)	136	0	0	GA	0															not_admitted	not_admitted	not_admitted	not_admitted	not_admitted	not_admitted	not_admitted	not_admitted	not_admitted	not_admitted	1	80;77057;78046;-;366.0	70;70143;71510;-;380.7	74;72768;73520;-;233.7	84;79489;82128;-;258.5	69;67294;70143;-;345.6	92;85385;86809;-;88.8	84;79489;82128;-;88.7	94;87536;88102;-;169.3	79;76406;77044;-;67.0	78;74392;76347;-;259.7	65;62496;64808;-;392.7	91;84687;85271;-;55.4	65;62496;64808;-;66.5	A	9/9	contiguous	25040	1	1	66733..67281-;182;unnamed;0
CP067739.1	MPF_F	IncFII(Yp)	97	0	0	GA	0															not_admitted	not_admitted	not_admitted	not_admitted	not_admitted	not_admitted	not_admitted	not_admitted	not_admitted	not_admitted	1	74;57712;58704;+;362.9	83;63794;65164;+;378.1	80;62258;63010;+;223.8	70;54055;56550;+;259.2	84;65164;68043;+;343.0	60;48871;50292;+;87.4	70;54055;56550;+;83.9	58;47578;48144;+;167.2	75;58717;59355;+;66.0	76;59414;61369;+;255.2	86;68813;71113;+;390.5	62;50753;51316;+;55.8	86;68813;71113;+;65.8	A	9/9	contiguous	21235	1	1	68046..68576+;176;unnamed;0
CP067740.1	MPF_T	IncX3	56	0	0	GA	1	43;35384;36028;-;46.4	42;35110;35400;-;73.1	41;32332;35085;-;47.0	41;32332;35085;-;145.4	41;32332;35085;-;73.3	40;31552;32322;-;60.1	38;30218;31273;-;133.2		37;29295;30023;-;119.4	36;28360;29289;-;138.8	35;27149;28363;-;128.3	33;25919;26953;-;65.7	32;24081;25916;-;495.9		pfam	pfam_only	A	7/7	canonical	1	1	unscoreable	2	0	0														not_admitted	not_admitted	not_admitted	not_admitted	not_admitted	not_admitted	not_admitted
CP067744.1	MPF_F	IncFIB(K);IncFII(K)	206	0	0	GA	0															not_admitted	not_admitted	not_admitted	not_admitted	not_admitted	not_admitted	not_admitted	not_admitted	not_admitted	not_admitted	1	150;154827;155819;-;366.6	140;148006;149376;-;381.2	144;150578;151330;-;232.4	153;156845;159484;-;258.7	139;145157;148006;-;344.2	162;163299;164723;-;89.2	153;156845;159484;-;88.8	164;165450;166016;-;167.0	149;154176;154814;-;67.0	148;152173;154179;-;259.0	135;141034;143343;-;393.2	160;162118;162687;-;49.7	135;141034;143343;-;65.8	A	9/9	contiguous	24416	1	1	144624..145154-;176;unnamed;0
CP067746.1	MPF_F	IncFIB(K);IncFII(K)	167	0	0	GA	0															not_admitted	not_admitted	not_admitted	not_admitted	not_admitted	not_admitted	not_admitted	not_admitted	not_admitted	not_admitted	1	111;123785;124777;-;366.6	101;116964;118334;-;381.2	105;119536;120288;-;232.4	114;125803;128442;-;258.7	100;114115;116964;-;344.2	123;132257;133681;-;89.2	114;125803;128442;-;88.8	125;134408;134974;-;167.0	110;123134;123772;-;67.0	109;121131;123137;-;259.0	96;109989;112301;-;393.2	121;131076;131645;-;49.7	96;109989;112301;-;65.8	A	9/9	contiguous	24419	1	1	113582..114112-;176;unnamed;0
CP067751.1	MPF_F	IncFIB(K);IncFII(K)	256	0	0	GA	0															not_admitted	not_admitted	not_admitted	not_admitted	not_admitted	not_admitted	not_admitted	not_admitted	not_admitted	not_admitted	1	201;192052;193044;-;366.6	191;185168;186535;-;381.2	195;187792;188544;-;232.2	204;194070;196709;-;259.3	190;182319;185168;-;346.5	212;200295;201719;-;89.3	204;194070;196709;-;88.8	214;202446;203012;-;167.0	200;191401;192039;-;67.0	199;189387;191342;-;259.2	186;178194;180503;-;392.7	210;199108;199665;-;52.5	186;178194;180503;-;66.6	A	9/9	contiguous	24252	1	1	181786..182316-;176;unnamed;0
CP067753.1	MPF_F	IncFIB(K);IncFII(K)	203	0	0	GA	0															not_admitted	not_admitted	not_admitted	not_admitted	not_admitted	not_admitted	not_admitted	not_admitted	not_admitted	not_admitted	1	145;148881;149873;-;366.6	135;142060;143430;-;380.7	139;144632;145384;-;232.4	148;150899;153538;-;258.7	134;139211;142060;-;344.2	157;157353;158777;-;89.2	148;150899;153538;-;88.8	159;159504;160070;-;167.0	144;148230;148868;-;67.0	143;146227;148233;-;259.0	130;135088;137397;-;393.2	155;156172;156741;-;49.7	130;135088;137397;-;65.8	A	9/9	contiguous	24416	1	1	138678..139208-;176;unnamed;0
CP067754.1	MPF_F	IncFII(Yp);repB(R1701)	132	0	0	GA	0															not_admitted	not_admitted	not_admitted	not_admitted	not_admitted	not_admitted	not_admitted	not_admitted	not_admitted	not_admitted	1	58;61602;62594;-;362.9	49;55142;56512;-;378.1	52;57296;58048;-;223.8	62;63756;66251;-;259.2	48;52263;55142;-;343.0	72;70014;71435;-;87.4	62;63756;66251;-;83.9	74;72162;72728;-;167.2	57;60951;61589;-;66.0	56;58937;60892;-;255.2	46;49193;51493;-;390.5	70;68990;69553;-;55.8	46;49193;51493;-;65.8	A	9/9	contiguous	22969	1	1	51730..52260-;176;unnamed;0
CP067755.1	MPF_F	IncFIB(pQil);IncFII(K)	128	0	0	GA	0															not_admitted	not_admitted	not_admitted	not_admitted	not_admitted	not_admitted	not_admitted	not_admitted	not_admitted	not_admitted	1	78;75369;76358;-;366.0	68;68455;69822;-;380.7	72;71080;71832;-;233.7	82;77801;80440;-;258.5	67;65606;68455;-;345.6	90;83697;85121;-;88.8	82;77801;80440;-;88.7	92;85848;86414;-;169.3	77;74718;75356;-;67.0	76;72704;74659;-;259.7	63;60808;63120;-;392.7	89;82999;83583;-;55.4	63;60808;63120;-;66.5	A	9/9	contiguous	25040	1	1	65045..65593-;182;unnamed;0
CP067756.1	MPF_T	IncX3	56	0	0	GA	1	43;35384;36028;-;46.4	42;35110;35400;-;73.1	41;32332;35085;-;47.0	41;32332;35085;-;145.4	41;32332;35085;-;73.3	40;31552;32322;-;60.1	38;30218;31273;-;133.2		37;29295;30023;-;119.4	36;28360;29289;-;138.8	35;27149;28363;-;128.3	33;25919;26953;-;65.7	32;24081;25916;-;495.9		pfam	pfam_only	A	7/7	canonical	1	1	unscoreable	2	0	0														not_admitted	not_admitted	not_admitted	not_admitted	not_admitted	not_admitted	not_admitted
CP067762.1	MPF_F	IncFIB(K);IncFII(K)	205	0	0	GA	0															not_admitted	not_admitted	not_admitted	not_admitted	not_admitted	not_admitted	not_admitted	not_admitted	not_admitted	not_admitted	1	147;150569;151561;-;366.6	137;143748;145118;-;380.7	141;146320;147072;-;232.4	150;152587;155226;-;258.7	136;140899;143748;-;344.2	159;159041;160465;-;89.2	150;152587;155226;-;88.8	161;161192;161758;-;167.0	146;149918;150556;-;67.0	145;147915;149921;-;259.0	132;136776;139085;-;393.2	157;157860;158429;-;49.7	132;136776;139085;-;65.8	A	9/9	contiguous	24416	1	1	140366..140896-;176;unnamed;0
CP067763.1	MPF_F	IncFII(K);repB(R1701)	142	0	0	GA	0															not_admitted	not_admitted	not_admitted	not_admitted	not_admitted	not_admitted	not_admitted	not_admitted	not_admitted	not_admitted	1	97;72437;73429;+;362.9	106;78519;79889;+;378.1	103;76983;77735;+;223.8	93;68780;71275;+;259.2	107;79889;82768;+;343.0	83;63596;65017;+;87.4	93;68780;71275;+;83.9	81;62303;62869;+;167.2	98;73442;74080;+;66.0	99;74139;76094;+;255.2	109;83538;85850;+;390.5	85;65478;66041;+;55.8	109;83538;85850;+;65.8	A	9/9	contiguous	21235	1	1	82771..83301+;176;unnamed;0
CP067765.1	MPF_T	IncX3	56	0	0	GA	1	43;35384;36028;-;46.4	42;35110;35400;-;73.1	41;32332;35085;-;47.0	41;32332;35085;-;145.4	41;32332;35085;-;73.3	40;31552;32322;-;60.1	38;30218;31273;-;133.2		37;29295;30023;-;119.4	36;28360;29289;-;138.8	35;27149;28363;-;128.3	33;25919;26953;-;65.7	32;24081;25916;-;495.9		pfam	pfam_only	A	7/7	canonical	1	1	unscoreable	2	0	0														not_admitted	not_admitted	not_admitted	not_admitted	not_admitted	not_admitted	not_admitted
CP067770.1	MPF_F	IncFIB(K);IncFII(K)	216	0	0	GA	0															not_admitted	not_admitted	not_admitted	not_admitted	not_admitted	not_admitted	not_admitted	not_admitted	not_admitted	not_admitted	1	160;162891;163883;-;366.6	150;156070;157440;-;381.2	154;158642;159394;-;232.4	163;164909;167548;-;258.7	149;153221;156070;-;344.2	172;171363;172787;-;89.2	163;164909;167548;-;88.8	174;173514;174080;-;167.0	159;162240;162878;-;67.0	158;160237;162243;-;259.0	145;149230;151407;-;393.4	170;170182;170751;-;49.7	145;149230;151407;-;65.9	A	9/9	contiguous	24284	1	1	152688..153218-;176;unnamed;0
CP067771.1	MPF_F	IncFIB(pQil);IncFII(K)	133	0	0	GA	0															not_admitted	not_admitted	not_admitted	not_admitted	not_admitted	not_admitted	not_admitted	not_admitted	not_admitted	not_admitted	1	79;76670;77662;-;366.6	69;69849;71219;-;381.2	73;72421;73173;-;232.4	82;78688;81327;-;258.7	68;67000;69849;-;344.2	91;85142;86566;-;89.2	82;78688;81327;-;88.8	93;87293;87859;-;169.3	78;76019;76657;-;67.0	77;74016;76022;-;259.0	64;62876;65185;-;393.2	89;83961;84530;-;49.7	64;62876;65185;-;65.8	A	9/9	contiguous	24417	1	1	66467..66997-;176;unnamed;0
CP067772.1	MPF_T	IncX3	56	0	0	GA	1	43;35384;36028;-;46.4	42;35110;35400;-;73.1	41;32332;35085;-;47.0	41;32332;35085;-;145.4	41;32332;35085;-;73.3	40;31552;32322;-;60.1	38;30218;31273;-;133.2		37;29295;30023;-;119.4	36;28360;29289;-;138.8	35;27149;28363;-;128.3	33;25919;26953;-;65.7	32;24081;25916;-;495.9		pfam	pfam_only	A	7/7	canonical	1	1	unscoreable	2	0	0														not_admitted	not_admitted	not_admitted	not_admitted	not_admitted	not_admitted	not_admitted
CP067779.1	MPF_F	IncFIB(pQil);IncFII(K)	165	0	0	GA	0															not_admitted	not_admitted	not_admitted	not_admitted	not_admitted	not_admitted	not_admitted	not_admitted	not_admitted	not_admitted	1	111;104282;105271;-;366.0	101;97368;98735;-;380.7	105;99993;100745;-;233.7	115;106714;109353;-;258.5	100;94519;97368;-;345.6	123;112610;114034;-;88.8	115;106714;109353;-;88.7	125;114761;115327;-;169.3	110;103631;104269;-;67.0	109;101617;103572;-;259.7	96;89721;92033;-;392.7	122;111912;112496;-;55.4	96;89721;92033;-;66.5	A	9/9	contiguous	25040	1	1	93958..94506-;182;unnamed;0
CP067780.1	MPF_T	IncN2	58	0	0	GA	1	50;41663;42445;-;33.3	48;41120;41416;-;36.0	47;40763;41080;-;71.9	46;38189;40762;-;118.0	46;38189;40762;-;74.2	45;37460;38173;-;107.4	43;36154;37191;-;121.9	42;35946;36077;-;40.1	41;35240;35935;-;132.6	40;34342;35229;-;147.8	39;33209;34342;-;166.3	38;32157;33158;-;90.1	20;12623;14155;+;51.3		pfam	both	A	7/7	canonical	1	0	ga	2	0	0														not_admitted	not_admitted	not_admitted	not_admitted	not_admitted	not_admitted	not_admitted
CP067782.1	MPF_F	IncFIB(K);IncFII(K)	213	0	0	GA	0															not_admitted	not_admitted	not_admitted	not_admitted	not_admitted	not_admitted	not_admitted	not_admitted	not_admitted	not_admitted	1	161;164844;165833;-;366.0	151;157930;159297;-;381.2	155;160555;161307;-;233.7	165;167276;169915;-;258.5	150;155081;157930;-;344.2	173;173172;174596;-;88.8	165;167276;169915;-;88.7	175;175323;175889;-;169.3	160;164193;164831;-;67.0	159;162179;164134;-;259.7	146;150958;153267;-;393.2	172;172474;173058;-;55.4	146;150958;153267;-;65.8	A	9/9	contiguous	24365	1	1	154548..155078-;176;unnamed;0
CP067783.1	MPF_F	IncFIB(pQil);IncFII(K)	132	0	0	GA	0															not_admitted	not_admitted	not_admitted	not_admitted	not_admitted	not_admitted	not_admitted	not_admitted	not_admitted	not_admitted	1	78;75369;76358;-;366.0	68;68455;69822;-;380.7	72;71080;71832;-;233.7	82;77801;80440;-;258.5	67;65606;68455;-;345.6	90;83697;85121;-;88.8	82;77801;80440;-;88.7	92;85848;86414;-;169.3	77;74718;75356;-;67.0	76;72704;74659;-;259.7	63;60808;63120;-;392.7	89;82999;83583;-;55.4	63;60808;63120;-;66.5	A	9/9	contiguous	25040	1	1	65045..65593-;182;unnamed;0
CP067784.1	MPF_T	IncX3	56	0	0	GA	1	43;35384;36028;-;46.4	42;35110;35400;-;73.1	41;32332;35085;-;47.0	41;32332;35085;-;145.4	41;32332;35085;-;73.3	40;31552;32322;-;60.1	38;30218;31273;-;133.2		37;29295;30023;-;119.4	36;28360;29289;-;138.8	35;27149;28363;-;128.3	33;25919;26953;-;65.7	32;24081;25916;-;495.9		pfam	pfam_only	A	7/7	canonical	1	1	unscoreable	2	0	0														not_admitted	not_admitted	not_admitted	not_admitted	not_admitted	not_admitted	not_admitted
CP067786.1	MPF_F	IncFIB(K);IncFII(K)	218	0	0	GA	0															not_admitted	not_admitted	not_admitted	not_admitted	not_admitted	not_admitted	not_admitted	not_admitted	not_admitted	not_admitted	1	162;167992;168984;-;366.6	152;161171;162541;-;381.2	156;163743;164495;-;232.4	165;170010;172649;-;258.7	151;158322;161171;-;344.2	174;176464;177888;-;89.2	165;170010;172649;-;88.8	176;178615;179181;-;167.0	161;167341;167979;-;67.0	160;165338;167344;-;259.0	147;154199;156508;-;393.2	172;175283;175852;-;49.7	147;154199;156508;-;65.8	A	9/9	contiguous	24416	1	1	157789..158319-;176;unnamed;0
CP067787.1	MPF_F	IncFIB(pQil);IncFII(K)	132	0	0	GA	0															not_admitted	not_admitted	not_admitted	not_admitted	not_admitted	not_admitted	not_admitted	not_admitted	not_admitted	not_admitted	1	78;75357;76346;-;366.0	68;68455;69822;-;380.7	72;71080;71811;-;233.8	82;77789;80428;-;258.5	67;65606;68455;-;345.6	90;83685;85109;-;88.8	82;77789;80428;-;88.7	92;85836;86402;-;169.3	77;74706;75344;-;67.0	76;72692;74647;-;259.7	63;60808;63120;-;392.7	89;82987;83571;-;55.4	63;60808;63120;-;66.5	A	9/9	contiguous	25028	1	1	65045..65593-;182;unnamed;0
CP067790.1	MPF_F	IncFIB(K);IncFII(K);IncR	222	0	0	GA	0															not_admitted	not_admitted	not_admitted	not_admitted	not_admitted	not_admitted	not_admitted	not_admitted	not_admitted	not_admitted	1	166;166489;167481;-;366.6	156;159668;161038;-;381.2	160;162240;162992;-;232.4	169;168507;171146;-;258.7	155;156819;159668;-;344.2	178;174961;176385;-;89.2	169;168507;171146;-;88.8	180;177112;177678;-;169.3	165;165838;166476;-;67.0	164;163835;165841;-;259.0	151;152693;155005;-;393.2	176;173780;174349;-;49.7	151;152693;155005;-;65.8	A	9/9	contiguous	24419	1	1	156286..156816-;176;unnamed;0
CP067791.1	MPF_F	IncFII(K);repB(R1701)	139	0	0	GA	0															not_admitted	not_admitted	not_admitted	not_admitted	not_admitted	not_admitted	not_admitted	not_admitted	not_admitted	not_admitted	1	81;74437;75426;-;366.0	71;67523;68890;-;380.7	75;70148;70900;-;233.7	85;76869;79508;-;258.5	70;64674;67523;-;345.6	93;82765;84189;-;88.8	85;76869;79508;-;88.7	95;84916;85482;-;169.3	80;73786;74424;-;67.0	79;71772;73727;-;259.7	66;59876;62188;-;392.7	92;82067;82651;-;55.4	66;59876;62188;-;66.5	A	9/9	contiguous	25040	1	1	64113..64661-;182;unnamed;0
CP067793.1	MPF_F	IncFIB(pQil);IncFII(K)	158	0	0	GA	0															not_admitted	not_admitted	not_admitted	not_admitted	not_admitted	not_admitted	not_admitted	not_admitted	not_admitted	not_admitted	1	104;94433;95422;-;366.0	94;87519;88886;-;380.7	98;90144;90896;-;233.7	108;96865;99504;-;258.5	93;84670;87519;-;345.6	116;102761;104185;-;88.8	108;96865;99504;-;88.7	118;104912;105478;-;169.3	103;93782;94420;-;67.0	102;91768;93723;-;259.7	89;79872;82184;-;392.7	115;102063;102647;-;55.4	89;79872;82184;-;66.5	A	9/9	contiguous	25040	1	1	84109..84657-;182;unnamed;0
CP067797.1	MPF_F	IncFIB(K);IncFII(K)	189	0	0	GA	0															not_admitted	not_admitted	not_admitted	not_admitted	not_admitted	not_admitted	not_admitted	not_admitted	not_admitted	not_admitted	1	147;150709;151701;-;365.9	137;143888;145258;-;381.2	141;146460;147212;-;232.4	150;152727;155366;-;258.7	136;141039;143888;-;344.2	159;159181;160605;-;89.2	150;152727;155366;-;88.8	161;161332;161898;-;167.0	146;150058;150696;-;67.0	145;148055;150061;-;259.0	132;136913;139225;-;393.2	157;158000;158569;-;49.7	132;136913;139225;-;65.8	A	9/9	contiguous	24419	1	1	140506..141036-;176;unnamed;0
CP067798.1	MPF_F	IncFIB(pQil);IncFII(K);IncX3	190	1	1	GA	1	156;133900;134385;+;82.5	54;39001;39291;+;73.1	55;39316;42069;+;47.0	55;39316;42069;+;145.4	55;39316;42069;+;73.3	56;42079;42849;+;60.1	59;44304;45383;+;133.1		60;45578;46306;+;119.4	61;46312;47241;+;138.8	62;47238;48452;+;128.3	64;48648;49682;+;65.7	65;49685;51520;+;495.9	134;117284;119239;-;259.7	pfam	pfam_only	A	7/7	canonical	1	1	unscoreable	35	0	1	136;119949;120938;-;366.0	126;113035;114402;-;380.7	130;115660;116412;-;233.7	140;122381;125020;-;258.5	125;110186;113035;-;345.6	62;47238;48452;+;128.3	140;122381;125020;-;88.7	150;130428;130994;-;169.3	135;119298;119936;-;67.0	134;117284;119239;-;259.7	121;105388;107700;-;392.7	147;127579;128163;-;55.4	65;49685;51520;+;88.7	A	9/9	split_2	83190	1	1	109625..110173-;182;unnamed;0
CP067805.1	MPF_F	IncFIB(K);IncFII(K)	220	0	0	GA	0															not_admitted	not_admitted	not_admitted	not_admitted	not_admitted	not_admitted	not_admitted	not_admitted	not_admitted	not_admitted	1	164;164812;165804;-;366.6	154;157991;159361;-;381.2	158;160563;161315;-;232.4	167;166830;169469;-;258.7	153;155142;157991;-;344.2	176;173284;174708;-;89.2	167;166830;169469;-;88.8	178;175435;176001;-;167.0	163;164161;164799;-;67.0	162;162158;164164;-;259.0	149;151019;153328;-;393.2	174;172103;172672;-;49.7	149;151019;153328;-;65.8	A	9/9	contiguous	24416	1	1	154609..155139-;176;unnamed;0
CP067809.1	MPF_F	IncFIB(K);IncFII(K)	197	0	0	GA	0															not_admitted	not_admitted	not_admitted	not_admitted	not_admitted	not_admitted	not_admitted	not_admitted	not_admitted	not_admitted	1	141;138708;139700;-;366.6	131;131887;133257;-;381.2	135;134459;135211;-;232.4	144;140726;143365;-;258.7	130;129038;131887;-;344.2	153;147180;148604;-;89.2	144;140726;143365;-;88.8	155;149331;149897;-;167.0	140;138057;138695;-;67.0	139;136054;138060;-;259.0	126;124912;127224;-;393.2	151;145999;146568;-;49.7	126;124912;127224;-;65.8	A	9/9	contiguous	24419	1	1	128505..129035-;176;unnamed;0
CP067814.1	MPF_F	IncFIB(K);IncFII(K);IncR	177	0	0	GA	0															not_admitted	not_admitted	not_admitted	not_admitted	not_admitted	not_admitted	not_admitted	not_admitted	not_admitted	not_admitted	1	78;85550;86542;-;366.6	68;78729;80099;-;381.2	72;81301;82053;-;232.4	81;87568;90207;-;258.7	67;75880;78729;-;344.2	90;94022;95446;-;89.2	81;87568;90207;-;88.8	92;96173;96739;-;167.0	77;84899;85537;-;67.0	76;82896;84902;-;259.0	63;71754;74066;-;393.2	88;92841;93410;-;49.7	63;71754;74066;-;65.8	A	9/9	contiguous	24419	1	1	75347..75877-;176;unnamed;0
CP067818.1	MPF_F	IncFIB(K);IncFII(K)	217	0	0	GA	0															not_admitted	not_admitted	not_admitted	not_admitted	not_admitted	not_admitted	not_admitted	not_admitted	not_admitted	not_admitted	1	161;164754;165746;-;366.6	151;157933;159303;-;381.2	155;160505;161257;-;232.4	164;166772;169411;-;258.7	150;155084;157933;-;344.2	173;173226;174650;-;89.2	164;166772;169411;-;88.8	175;175377;175943;-;167.0	160;164103;164741;-;67.0	159;162100;164106;-;259.0	146;150958;153270;-;393.2	171;172045;172614;-;49.7	146;150958;153270;-;65.8	A	9/9	contiguous	24419	1	1	154551..155081-;176;unnamed;0
CP067819.1	MPF_F	IncFIB(pQil);IncFII(K)	132	0	0	GA	0															not_admitted	not_admitted	not_admitted	not_admitted	not_admitted	not_admitted	not_admitted	not_admitted	not_admitted	not_admitted	1	78;75369;76358;-;366.0	68;68455;69822;-;380.7	72;71080;71832;-;233.7	82;77801;80440;-;258.5	67;65606;68455;-;345.6	90;83697;85121;-;88.8	82;77801;80440;-;88.7	92;85848;86414;-;169.3	77;74718;75356;-;67.0	76;72704;74659;-;259.7	63;60808;63120;-;392.7	89;82999;83583;-;55.4	63;60808;63120;-;66.5	A	9/9	contiguous	25040	1	1	65045..65593-;182;unnamed;0
CP067820.1	MPF_T	IncX3	56	0	0	GA	1	3;2256;2900;+;46.4	4;2884;3174;+;73.1	5;3199;5952;+;47.0	5;3199;5952;+;145.4	5;3199;5952;+;73.3	6;5962;6732;+;60.1	8;7011;8066;+;133.2		9;8261;8989;+;119.4	10;8995;9924;+;138.8	11;9921;11135;+;128.3	13;11331;12365;+;65.7	14;12368;14203;+;495.9		pfam	pfam_only	A	7/7	canonical	1	1	unscoreable	2	0	0														not_admitted	not_admitted	not_admitted	not_admitted	not_admitted	not_admitted	not_admitted
CP067823.1	MPF_F	IncFIB(K)	189	0	0	GA	0															not_admitted	not_admitted	not_admitted	not_admitted	not_admitted	not_admitted	not_admitted	not_admitted	not_admitted	not_admitted	1	143;137558;138547;-;363.3	132;130372;131739;-;380.5	136;132997;133749;-;233.7	147;140004;142643;-;259.0	131;127523;130372;-;346.4	157;146610;148034;-;89.5	147;140004;142643;-;88.7	159;148761;149327;-;167.0	141;136635;137282;-;66.9	140;134621;136576;-;259.7	124;121688;123997;-;393.1	155;145414;145998;-;53.8	124;121688;123997;-;66.6	A	9/9	contiguous	27073	1	1	126990..127520-;176;unnamed;0
CP067827.1	MPF_F	IncFIB(K);IncFII(pKP91)	292	0	0	GA	0															not_admitted	not_admitted	not_admitted	not_admitted	not_admitted	not_admitted	not_admitted	not_admitted	not_admitted	not_admitted	1	200;198487;199479;-;363.0	189;191235;192602;-;382.8	193;193860;194612;-;232.1	203;200505;203144;-;259.1	188;188392;191235;-;343.9	213;206946;208370;-;89.2	203;200505;203144;-;83.9	215;209097;209663;-;168.4	199;197836;198474;-;66.0	197;195501;197456;-;256.2	183;183498;185807;-;391.8	211;205765;206334;-;55.3	183;183498;185807;-;66.6	A	9/9	contiguous	25599	1	1	187857..188381-;174;unnamed;0
CP067828.1	MPF_F	IncFII(K);IncR	131	0	0	GA	0															not_admitted	not_admitted	not_admitted	not_admitted	not_admitted	not_admitted	not_admitted	not_admitted	not_admitted	not_admitted	1	63;49412;50401;+;366.0	73;55948;57315;+;380.7	69;53938;54690;+;233.7	59;45330;47969;+;258.5	74;57315;60164;+;345.6	51;40649;42073;+;88.8	59;45330;47969;+;88.7	49;39356;39922;+;169.3	64;50414;51052;+;67.0	65;51111;53066;+;259.7	78;62650;64962;+;392.7	52;42187;42771;+;55.4	78;62650;64962;+;66.5	A	9/9	contiguous	23294	1	1	60177..60725+;182;unnamed;0
CP067832.1	MPF_F	IncFIB(K);IncFII(K)	215	0	0	GA	0															not_admitted	not_admitted	not_admitted	not_admitted	not_admitted	not_admitted	not_admitted	not_admitted	not_admitted	not_admitted	1	158;161631;162623;-;366.6	148;154810;156180;-;381.2	152;157382;158134;-;232.4	161;163649;166288;-;258.7	147;151961;154810;-;344.2	170;170103;171527;-;89.2	161;163649;166288;-;88.8	172;172254;172820;-;167.0	157;160980;161618;-;67.0	156;158977;160983;-;259.0	143;147838;150147;-;393.2	168;168922;169491;-;49.7	143;147838;150147;-;65.8	A	9/9	contiguous	24416	1	1	151428..151958-;176;unnamed;0
CP067833.1	MPF_F	IncFIB(pQil);IncFII(K)	132	0	0	GA	0															not_admitted	not_admitted	not_admitted	not_admitted	not_admitted	not_admitted	not_admitted	not_admitted	not_admitted	not_admitted	1	78;75368;76357;-;366.0	68;68454;69821;-;380.7	72;71079;71831;-;233.7	82;77800;80439;-;256.9	67;65605;68454;-;345.6	90;83696;85120;-;88.8	82;77800;80439;-;88.8	92;85847;86413;-;169.3	77;74717;75355;-;67.0	76;72703;74658;-;259.7	63;60807;63119;-;392.7	89;82998;83582;-;55.4	63;60807;63119;-;66.5	A	9/9	contiguous	25040	1	1	65044..65592-;182;unnamed;0
CP067834.1	MPF_T	IncX3	56	0	0	GA	1	3;2256;2900;+;46.4	4;2884;3174;+;73.1	5;3199;5952;+;47.0	5;3199;5952;+;145.4	5;3199;5952;+;73.3	6;5962;6732;+;60.1	8;7011;8066;+;133.2		9;8261;8989;+;119.4	10;8995;9924;+;138.8	11;9921;11135;+;128.3	13;11331;12365;+;65.7	14;12368;14203;+;495.9		pfam	pfam_only	A	7/7	canonical	1	1	unscoreable	2	0	0														not_admitted	not_admitted	not_admitted	not_admitted	not_admitted	not_admitted	not_admitted
CP067837.1	MPF_F	IncFIB(K);IncFII(K)	212	0	0	GA	0															not_admitted	not_admitted	not_admitted	not_admitted	not_admitted	not_admitted	not_admitted	not_admitted	not_admitted	not_admitted	1	187;165428;166420;+;366.6	197;171871;173241;+;381.2	193;169917;170669;+;232.4	184;161763;164402;+;260.1	198;173241;176090;+;344.2	173;156371;157795;+;88.0	184;161763;164402;+;88.7	171;155078;155644;+;167.9	188;166433;167071;+;67.0	189;167068;169074;+;259.0	202;177904;180216;+;392.8	176;158407;158991;+;53.8	202;177904;180216;+;65.9	A	9/9	contiguous	22826	1	1	176093..176623+;176;unnamed;0
CP067838.1	MPF_F	IncFII(K);IncR	130	0	0	GA	0															not_admitted	not_admitted	not_admitted	not_admitted	not_admitted	not_admitted	not_admitted	not_admitted	not_admitted	not_admitted	1	50;34745;35737;+;363.2	61;41556;42923;+;383.5	57;39546;40298;+;233.7	47;31080;33719;+;258.7	62;42923;45772;+;346.5	38;25841;27265;+;89.2	47;31080;33719;+;88.8	36;24548;25114;+;167.0	52;36013;36660;+;66.9	53;36719;38674;+;259.7	66;47586;49898;+;393.2	40;27877;28446;+;49.7	66;47586;49898;+;65.8	A	9/9	contiguous	23038	1	1	45775..46305+;176;unnamed;0
CP067847.1	MPF_F	IncFIB(pQil);IncFII(K);repB(R1701)	161	0	0	GA	0															not_admitted	not_admitted	not_admitted	not_admitted	not_admitted	not_admitted	not_admitted	not_admitted	not_admitted	not_admitted	1	110;83554;84543;+;366.0	120;90090;91457;+;380.7	116;88080;88832;+;233.7	106;79472;82111;+;258.5	121;91457;94306;+;345.6	98;74791;76215;+;88.8	106;79472;82111;+;88.7	96;73498;74064;+;169.3	111;84556;85194;+;67.0	112;85253;87208;+;259.7	125;96792;99104;+;392.7	99;76329;76913;+;55.4	125;96792;99104;+;66.5	A	9/9	contiguous	23294	1	1	94319..94867+;182;unnamed;0
CP067850.1	MPF_F	IncFIB(K);IncFII(K);IncR	155	0	0	GA	0															not_admitted	not_admitted	not_admitted	not_admitted	not_admitted	not_admitted	not_admitted	not_admitted	not_admitted	not_admitted	1	99;109744;110736;-;366.6	89;102923;104293;-;381.2	93;105495;106247;-;232.4	102;111762;114401;-;258.7	88;100074;102923;-;344.2	111;118216;119640;-;89.2	102;111762;114401;-;88.8	113;120367;120933;-;167.0	98;109093;109731;-;67.0	97;107090;109096;-;259.0	84;95948;98260;-;393.2	109;117035;117604;-;49.7	84;95948;98260;-;65.8	A	9/9	contiguous	24419	1	1	99541..100071-;176;unnamed;0
CP067854.1	MPF_F	IncFIB(K);IncFII(K)	167	0	0	GA	0															not_admitted	not_admitted	not_admitted	not_admitted	not_admitted	not_admitted	not_admitted	not_admitted	not_admitted	not_admitted	1	111;123785;124777;-;366.6	101;116964;118334;-;381.2	105;119536;120288;-;232.4	114;125803;128442;-;258.7	100;114115;116964;-;344.2	123;132257;133681;-;89.2	114;125803;128442;-;88.8	125;134408;134974;-;167.0	110;123134;123772;-;67.0	109;121131;123137;-;259.0	96;109989;112301;-;393.2	121;131076;131645;-;49.7	96;109989;112301;-;65.8	A	9/9	contiguous	24419	1	1	113582..114112-;176;unnamed;0
CP067859.1	MPF_F	IncFII(K);IncFII(pAR0022);repB(R1701)	207	0	0	GA	0															not_admitted	not_admitted	not_admitted	not_admitted	not_admitted	not_admitted	not_admitted	not_admitted	not_admitted	not_admitted	1	95;69142;70134;+;362.9	105;75681;77048;+;384.1	101;73671;74423;+;233.7	92;65477;68116;+;259.1	106;77048;79870;+;346.4	198;171928;173142;-;128.3	92;65477;68116;+;83.9	80;59000;59566;+;167.2	96;70147;70785;+;66.0	97;70844;72799;+;259.4	110;82486;84795;+;393.1	84;62175;62738;+;55.8	195;168860;170695;-;88.7	A	9/9	split_2	112928	1	1	79893..80495+;200;TraS;0
CP067863.1	MPF_F	IncFIB(pQil);IncFII(K)	138	0	0	GA	0															not_admitted	not_admitted	not_admitted	not_admitted	not_admitted	not_admitted	not_admitted	not_admitted	not_admitted	not_admitted	1	84;85895;86884;-;366.0	74;78981;80348;-;380.7	78;81606;82358;-;233.7	88;88327;90966;-;258.5	73;76132;78981;-;345.6	96;94223;95647;-;88.8	88;88327;90966;-;88.7	98;96374;96940;-;169.3	83;85244;85882;-;67.0	82;83230;85185;-;259.7	69;71334;73646;-;392.7	95;93525;94109;-;55.4	69;71334;73646;-;66.5	A	9/9	contiguous	25040	1	1	75571..76119-;182;unnamed;0
CP067867.1	MPF_F	IncFIB(K);IncFII(K)	219	0	0	GA	0															not_admitted	not_admitted	not_admitted	not_admitted	not_admitted	not_admitted	not_admitted	not_admitted	not_admitted	not_admitted	1	161;165519;166508;-;366.0	151;158605;159972;-;380.7	155;161230;161982;-;233.7	165;167951;170590;-;258.5	150;155756;158605;-;345.6	175;174549;175973;-;89.2	165;167951;170590;-;88.7	177;176700;177266;-;167.0	160;164868;165506;-;67.0	159;162854;164809;-;259.7	146;150958;153270;-;392.8	173;173368;173937;-;49.7	146;150958;153270;-;65.8	A	9/9	contiguous	25742	1	1	155195..155743-;182;unnamed;0
CP067868.1	MPF_F	IncFIB(pQil);IncFII(K)	130	0	0	GA	0															not_admitted	not_admitted	not_admitted	not_admitted	not_admitted	not_admitted	not_admitted	not_admitted	not_admitted	not_admitted	1	78;74604;75596;-;366.6	68;67783;69153;-;381.2	72;70355;71107;-;232.4	81;76622;79261;-;258.7	67;64934;67783;-;344.2	88;82374;83798;-;88.8	81;76622;79261;-;88.8	90;84525;85091;-;169.3	77;73953;74591;-;67.0	76;71950;73956;-;259.0	63;60808;63120;-;393.1	87;81676;82260;-;55.4	63;60808;63120;-;66.6	A	9/9	contiguous	23717	1	1	64401..64931-;176;unnamed;0
CP067869.1	MPF_T	IncX3	56	0	0	GA	1	43;35384;36028;-;46.4	42;35110;35400;-;73.1	41;32332;35085;-;47.0	41;32332;35085;-;145.4	41;32332;35085;-;73.3	40;31552;32322;-;60.1	38;30218;31273;-;133.2		37;29295;30023;-;119.4	36;28360;29289;-;138.8	35;27149;28363;-;128.3	33;25919;26953;-;65.7	32;24081;25916;-;495.9		pfam	pfam_only	A	7/7	canonical	1	1	unscoreable	2	0	0														not_admitted	not_admitted	not_admitted	not_admitted	not_admitted	not_admitted	not_admitted
CP067872.1	MPF_F	IncFIB(K);IncFII(K)	203	0	0	GA	0															not_admitted	not_admitted	not_admitted	not_admitted	not_admitted	not_admitted	not_admitted	not_admitted	not_admitted	not_admitted	1	145;148881;149873;-;366.6	135;142060;143430;-;380.7	139;144632;145384;-;232.4	148;150899;153538;-;258.7	134;139211;142060;-;344.2	157;157353;158777;-;89.2	148;150899;153538;-;88.8	159;159504;160070;-;167.0	144;148230;148868;-;67.0	143;146227;148233;-;259.0	130;135088;137397;-;393.2	155;156172;156741;-;49.7	130;135088;137397;-;65.8	A	9/9	contiguous	24416	1	1	138678..139208-;176;unnamed;0
CP067873.1	MPF_F	IncFII(Yp);repB(R1701)	132	0	0	GA	0															not_admitted	not_admitted	not_admitted	not_admitted	not_admitted	not_admitted	not_admitted	not_admitted	not_admitted	not_admitted	1	109;94394;95386;+;362.9	118;100476;101846;+;378.1	115;98940;99692;+;223.8	105;90737;93232;+;259.2	119;101846;104725;+;343.0	95;85553;86974;+;87.4	105;90737;93232;+;83.9	93;84260;84826;+;167.2	110;95399;96037;+;66.0	111;96096;98051;+;255.2	121;105495;107795;+;390.5	97;87435;87998;+;55.8	121;105495;107795;+;65.8	A	9/9	contiguous	21235	1	1	104728..105258+;176;unnamed;0
CP067874.1	MPF_F	IncFIB(pQil);IncFII(K)	128	0	0	GA	0															not_admitted	not_admitted	not_admitted	not_admitted	not_admitted	not_admitted	not_admitted	not_admitted	not_admitted	not_admitted	1	78;75369;76358;-;366.0	68;68455;69822;-;380.7	72;71080;71832;-;233.7	82;77801;80440;-;258.5	67;65606;68455;-;345.6	90;83697;85121;-;88.8	82;77801;80440;-;88.7	92;85848;86414;-;169.3	77;74718;75356;-;67.0	76;72704;74659;-;259.7	63;60808;63120;-;392.7	89;82999;83583;-;55.4	63;60808;63120;-;66.5	A	9/9	contiguous	25040	1	1	65045..65593-;182;unnamed;0
CP067875.1	MPF_T	IncX3	56	0	0	GA	1	43;35384;36028;-;46.4	42;35110;35400;-;73.1	41;32332;35085;-;47.0	41;32332;35085;-;145.4	41;32332;35085;-;73.3	40;31552;32322;-;60.1	38;30218;31273;-;133.2		37;29295;30023;-;119.4	36;28360;29289;-;138.8	35;27149;28363;-;128.3	33;25919;26953;-;65.7	32;24081;25916;-;495.9		pfam	pfam_only	A	7/7	canonical	1	1	unscoreable	2	0	0														not_admitted	not_admitted	not_admitted	not_admitted	not_admitted	not_admitted	not_admitted
CP067878.1	MPF_F	IncFIB(pNDM-Mar);IncHI1B(pNDM-MAR)	230	0	0	GA	0															not_admitted	not_admitted	not_admitted	not_admitted	not_admitted	not_admitted	not_admitted	not_admitted	not_admitted	not_admitted	1	26;25284;26321;-;282.3	177;150502;151911;+;190.0	176;149475;150512;+;176.6	38;37153;39870;-;149.6	178;151913;155827;+;120.9	42;41983;43353;-;65.6	38;37153;39870;-;85.2	45;44999;45859;-;79.0	27;26318;27679;-;69.9	25;22092;25274;-;60.1	169;140149;142275;-;58.4	39;39915;40652;-;56.9	169;140149;142275;-;41.0	A	9/9	split_2	129821	0	1	
CP067879.1	MPF_F	IncFIB(K);IncFII(K)	155	0	0	GA	0															not_admitted	not_admitted	not_admitted	not_admitted	not_admitted	not_admitted	not_admitted	not_admitted	not_admitted	not_admitted	1	99;103675;104667;-;366.6	89;96854;98224;-;380.7	93;99426;100178;-;232.4	102;105693;108332;-;258.7	88;94005;96854;-;345.6	111;112147;113571;-;89.2	102;105693;108332;-;88.8	113;114298;114864;-;169.3	98;103024;103662;-;67.0	97;101021;103027;-;259.0	84;89207;91519;-;392.7	109;110966;111535;-;49.7	84;89207;91519;-;66.5	A	9/9	contiguous	25091	1	1	93444..93992-;182;unnamed;0
CP067883.1	MPF_F	IncFIB(K);IncFII(K);IncFII(pAR0022)	241	0	0	GA	0															not_admitted	not_admitted	not_admitted	not_admitted	not_admitted	not_admitted	not_admitted	not_admitted	not_admitted	not_admitted	1	153;152956;153945;-;366.6	143;146042;147409;-;384.1	147;148667;149419;-;233.7	157;155402;158041;-;258.5	142;143220;146042;-;346.4	167;161945;163369;-;89.5	157;155402;158041;-;88.7	169;164096;164662;-;167.0	152;152305;152943;-;66.9	151;150291;152246;-;259.4	138;138295;140604;-;393.1	165;160749;161333;-;53.8	138;138295;140604;-;66.6	A	9/9	contiguous	25801	1	1	142595..143197-;200;TraS;0
CP067884.1	MPF_F	IncFIB(pQil);IncFII(K)	132	0	0	GA	0															not_admitted	not_admitted	not_admitted	not_admitted	not_admitted	not_admitted	not_admitted	not_admitted	not_admitted	not_admitted	1	78;75369;76358;-;366.0	68;68455;69822;-;380.7	72;71080;71832;-;233.7	82;77801;80440;-;258.5	67;65606;68455;-;345.6	90;83697;85121;-;88.8	82;77801;80440;-;88.7	92;85848;86414;-;169.3	77;74718;75356;-;66.9	76;72704;74659;-;259.7	63;60808;63120;-;392.7	89;82999;83583;-;55.4	63;60808;63120;-;66.5	A	9/9	contiguous	25040	1	1	65045..65593-;182;unnamed;0
CP067886.1	MPF_F	IncFIB(K);IncFII(K)	197	0	0	GA	0															not_admitted	not_admitted	not_admitted	not_admitted	not_admitted	not_admitted	not_admitted	not_admitted	not_admitted	not_admitted	1	141;138708;139700;-;366.6	131;131887;133257;-;381.2	135;134459;135211;-;232.4	144;140726;143365;-;258.7	130;129038;131887;-;344.2	153;147180;148604;-;89.2	144;140726;143365;-;88.8	155;149331;149897;-;167.0	140;138057;138695;-;67.0	139;136054;138060;-;259.0	126;124912;127224;-;393.2	151;145999;146568;-;49.7	126;124912;127224;-;65.8	A	9/9	contiguous	24419	1	1	128505..129035-;176;unnamed;0
CP067891.1	MPF_F	IncFIB(K);IncFII(K)	203	0	0	GA	0															not_admitted	not_admitted	not_admitted	not_admitted	not_admitted	not_admitted	not_admitted	not_admitted	not_admitted	not_admitted	1	145;148881;149873;-;366.6	135;142060;143430;-;380.7	139;144632;145384;-;232.4	148;150899;153538;-;258.7	134;139211;142060;-;344.2	157;157353;158777;-;89.2	148;150899;153538;-;88.8	159;159504;160070;-;167.0	144;148230;148868;-;67.0	143;146227;148233;-;259.0	130;135088;137397;-;393.2	155;156172;156741;-;49.7	130;135088;137397;-;65.8	A	9/9	contiguous	24416	1	1	138678..139208-;176;unnamed;0
CP067892.1	MPF_F	IncFII(Yp);repB(R1701)	132	0	0	GA	0															not_admitted	not_admitted	not_admitted	not_admitted	not_admitted	not_admitted	not_admitted	not_admitted	not_admitted	not_admitted	1	109;94387;95379;+;362.9	118;100469;101839;+;378.1	115;98933;99685;+;223.8	105;90730;93225;+;259.2	119;101839;104718;+;343.0	95;85546;86967;+;87.4	105;90730;93225;+;83.9	93;84253;84819;+;167.2	110;95392;96030;+;66.0	111;96089;98044;+;255.2	121;105488;107788;+;390.5	97;87428;87991;+;55.8	121;105488;107788;+;65.8	A	9/9	contiguous	21235	1	1	104721..105251+;176;unnamed;0
CP067893.1	MPF_F	IncFIB(pQil);IncFII(K)	133	0	0	GA	0															not_admitted	not_admitted	not_admitted	not_admitted	not_admitted	not_admitted	not_admitted	not_admitted	not_admitted	not_admitted	1	80;77057;78046;-;366.0	70;70143;71510;-;380.7	74;72768;73520;-;233.7	84;79489;82128;-;258.5	69;67294;70143;-;345.6	92;85385;86809;-;88.8	84;79489;82128;-;88.7	94;87536;88102;-;169.3	79;76406;77044;-;67.0	78;74392;76347;-;259.7	65;62496;64808;-;392.7	91;84687;85271;-;55.4	65;62496;64808;-;66.5	A	9/9	contiguous	25040	1	1	66733..67281-;182;unnamed;0
CP067894.1	MPF_T	IncX3	57	0	0	GA	1	44;36485;37129;-;46.4	43;36211;36501;-;73.1	42;33433;36186;-;47.0	42;33433;36186;-;145.4	42;33433;36186;-;73.3	41;32653;33423;-;60.1	39;31319;32374;-;133.2		38;30396;31124;-;119.4	37;29461;30390;-;138.8	36;28250;29464;-;128.3	34;27020;28054;-;65.7	33;25182;27017;-;495.9		pfam	pfam_only	A	7/7	canonical	1	1	unscoreable	2	0	0														not_admitted	not_admitted	not_admitted	not_admitted	not_admitted	not_admitted	not_admitted
CP067900.1	MPF_F	IncFIA(HI1);IncFIB(K)	262	0	0	GA	0															not_admitted	not_admitted	not_admitted	not_admitted	not_admitted	not_admitted	not_admitted	not_admitted	not_admitted	not_admitted	1	174;171655;172644;-;366.6	164;164741;166108;-;384.1	168;167366;168118;-;233.7	178;174101;176740;-;258.5	163;161919;164741;-;346.4	188;180644;182068;-;89.5	178;174101;176740;-;88.7	190;182795;183361;-;167.0	173;171004;171642;-;66.9	172;168990;170945;-;259.4	159;156994;159303;-;393.1	186;179448;180032;-;53.8	159;156994;159303;-;66.6	A	9/9	contiguous	25801	1	1	161294..161896-;200;TraS;0
CP067901.1	MPF_F	IncFIB(pQil);IncFII(K)	128	0	0	GA	0															not_admitted	not_admitted	not_admitted	not_admitted	not_admitted	not_admitted	not_admitted	not_admitted	not_admitted	not_admitted	1	78;75369;76358;-;366.0	68;68455;69822;-;380.7	72;71080;71832;-;233.7	82;77815;80454;-;258.5	67;65606;68455;-;345.6	90;83711;85135;-;88.8	82;77815;80454;-;88.7	92;85862;86428;-;169.3	77;74718;75356;-;67.0	76;72704;74659;-;259.7	63;60808;63120;-;392.7	89;83013;83597;-;55.4	63;60808;63120;-;66.5	A	9/9	contiguous	25054	1	1	65045..65593-;182;unnamed;0
CP067903.1	MPF_F	IncFIB(K)	279	0	0	GA	0															not_admitted	not_admitted	not_admitted	not_admitted	not_admitted	not_admitted	not_admitted	not_admitted	not_admitted	not_admitted	1	216;203206;204195;-;363.3	201;194302;194940;-;199.2	205;196198;196950;-;233.7	220;205652;208291;-;259.0	197;189378;191996;-;302.5	231;212258;213682;-;88.0	220;205652;208291;-;88.7	233;214409;214975;-;167.9	210;199836;200162;-;44.1	209;197822;199777;-;259.7	193;184453;186762;-;393.1	228;211062;211646;-;53.8	193;184453;186762;-;66.6	A	9/9	contiguous	29956	1	1	188753..189355-;200;TraS;0
CP067905.1	MPF_F	IncFII(K);repB(R1701)	127	0	0	GA	0															not_admitted	not_admitted	not_admitted	not_admitted	not_admitted	not_admitted	not_admitted	not_admitted	not_admitted	not_admitted	1	69;64841;65830;-;366.0	59;57927;59294;-;380.7	63;60552;61304;-;233.7	73;67273;69912;-;258.5	58;55078;57927;-;345.6	81;73169;74593;-;88.8	73;67273;69912;-;88.7	83;75320;75886;-;169.3	68;64190;64828;-;67.0	67;62176;64131;-;259.7	54;50280;52592;-;392.7	80;72471;73055;-;55.4	54;50280;52592;-;66.5	A	9/9	contiguous	25040	1	1	54517..55065-;182;unnamed;0
CP067917.1	MPF_F	IncFIB(K);IncFII(K);IncFII(Yp)	300	0	0	GA	0															not_admitted	not_admitted	not_admitted	not_admitted	not_admitted	not_admitted	not_admitted	not_admitted	not_admitted	not_admitted	1	145;148881;149873;-;366.6	135;142060;143430;-;380.7	139;144632;145384;-;232.4	211;202287;204782;-;259.2	134;139211;142060;-;344.2	157;157353;158777;-;89.2	148;150899;153538;-;88.8	223;210693;211259;-;167.2	144;148230;148868;-;67.0	143;146227;148233;-;259.0	130;135088;137397;-;393.2	219;207521;208084;-;55.8	195;187724;190024;-;65.8	A	9/9	split_2	75605	1	1	138678..139208-;176;unnamed;0
CP067918.1	MPF_F	IncFIB(pQil);IncFII(K)	131	0	0	GA	0															not_admitted	not_admitted	not_admitted	not_admitted	not_admitted	not_admitted	not_admitted	not_admitted	not_admitted	not_admitted	1	78;75369;76358;-;366.0	68;68455;69822;-;380.7	72;71080;71832;-;233.7	82;77801;80440;-;258.5	67;65606;68455;-;345.6	90;83697;85121;-;88.8	82;77801;80440;-;88.7	92;85848;86414;-;169.3	77;74718;75356;-;67.0	76;72704;74659;-;259.7	63;60808;63120;-;392.7	89;82999;83583;-;55.4	63;60808;63120;-;66.5	A	9/9	contiguous	25040	1	1	65045..65593-;182;unnamed;0
CP067919.1	MPF_T	IncX3	56	0	0	GA	1	43;35384;36028;-;46.4	42;35110;35400;-;73.1	41;32332;35085;-;47.0	41;32332;35085;-;145.4	41;32332;35085;-;73.3	40;31552;32322;-;60.1	38;30218;31273;-;133.2		37;29295;30023;-;119.4	36;28360;29289;-;138.8	35;27149;28363;-;128.3	33;25919;26953;-;65.7	32;24081;25916;-;495.9		pfam	pfam_only	A	7/7	canonical	1	1	unscoreable	2	0	0														not_admitted	not_admitted	not_admitted	not_admitted	not_admitted	not_admitted	not_admitted
CP067923.1	MPF_F	IncFIB(K);IncFII(K)	167	0	0	GA	0															not_admitted	not_admitted	not_admitted	not_admitted	not_admitted	not_admitted	not_admitted	not_admitted	not_admitted	not_admitted	1	111;123785;124777;-;366.6	101;116964;118334;-;381.2	105;119536;120288;-;232.4	114;125803;128442;-;258.7	100;114115;116964;-;344.2	123;132257;133681;-;89.2	114;125803;128442;-;88.8	125;134408;134974;-;167.0	110;123134;123772;-;67.0	109;121131;123137;-;259.0	96;109989;112301;-;393.2	121;131076;131645;-;49.7	96;109989;112301;-;65.8	A	9/9	contiguous	24419	1	1	113582..114112-;176;unnamed;0
CP067928.1	MPF_T	IncX3	64	0	0	GA	1	51;45296;45940;-;46.4	50;45022;45312;-;73.1	49;42244;44997;-;47.0	49;42244;44997;-;145.4	49;42244;44997;-;73.3	48;41464;42234;-;60.1	46;40130;41185;-;133.2		45;39207;39935;-;119.4	44;38272;39201;-;138.8	43;37061;38275;-;128.3	41;35831;36865;-;65.7	40;33993;35828;-;495.9		pfam	pfam_only	A	7/7	canonical	1	1	unscoreable	2	0	0														not_admitted	not_admitted	not_admitted	not_admitted	not_admitted	not_admitted	not_admitted
CP067932.1	MPF_F	IncHI1B(pNDM-MAR)	301	0	0	GA	0															not_admitted	not_admitted	not_admitted	not_admitted	not_admitted	not_admitted	not_admitted	not_admitted	not_admitted	not_admitted	1	30;27805;28842;-;282.3	163;148731;149729;+;159.5	162;147704;148741;+;176.6	43;39674;42391;-;149.7	166;151208;155122;+;120.9	47;44504;45874;-;63.4	43;39674;42391;-;85.2	50;47520;48380;-;79.0	31;28839;30200;-;69.9	29;24613;27795;-;59.6	155;138378;140504;-;58.4	44;42436;43173;-;56.8	155;138378;140504;-;41.0	A	9/9	split_2	126595	0	1	
CP067933.1	MPF_F	IncFIB(K);IncFII(K)	206	0	0	GA	0															not_admitted	not_admitted	not_admitted	not_admitted	not_admitted	not_admitted	not_admitted	not_admitted	not_admitted	not_admitted	1	143;141335;142324;-;363.3	130;131530;132897;-;382.2	136;136774;137526;-;234.5	147;143781;146420;-;259.0	129;128948;131530;-;343.2	158;150387;151811;-;88.8	147;143781;146420;-;87.6	160;152538;153104;-;167.9	141;140412;141059;-;65.9	140;138398;140353;-;259.5	123;123494;125803;-;392.8	155;149191;149775;-;53.8	123;123494;125803;-;65.8	A	9/9	contiguous	29044	1	1	127978..128901-;307;unnamed;0
CP067938.1	MPF_F	IncFIA	105	0	0	GA	0															not_admitted	not_admitted	not_admitted	not_admitted	not_admitted	not_admitted	not_admitted	not_admitted	not_admitted	not_admitted	1	42;33343;34335;+;369.5	52;40681;42054;+;386.6	47;37441;38184;+;231.4	39;29707;32334;+;303.9	53;42051;44870;+;386.3	33;26371;27822;+;94.1	39;29707;32334;+;96.5	31;25090;25656;+;184.3	44;34679;35317;+;68.7	45;35314;37164;+;266.7	57;47128;49344;+;391.8	36;28676;29191;+;75.2	57;47128;49344;+;70.3	A	9/9	contiguous	22038	1	1	44895..45386+;163;TraS;0
CP067940.1	MPF_F	IncFIB(K);IncFII(Yp)	172	0	0	GA	0															not_admitted	not_admitted	not_admitted	not_admitted	not_admitted	not_admitted	not_admitted	not_admitted	not_admitted	not_admitted	1	149;140386;141378;+;362.9	158;146468;147838;+;378.1	155;144932;145684;+;223.8	146;136721;139360;+;259.1	159;147838;150717;+;343.0	136;131537;132958;+;87.4	146;136721;139360;+;83.9	134;130244;130810;+;167.2	150;141391;142029;+;66.0	151;142088;144043;+;255.2	161;151487;153787;+;390.5	138;133419;133982;+;55.8	161;151487;153787;+;65.8	A	9/9	contiguous	21243	1	1	150720..151250+;176;unnamed;0
CP067941.1	MPF_F	IncFIB(pQil);IncFII(K)	152	0	0	GA	0															not_admitted	not_admitted	not_admitted	not_admitted	not_admitted	not_admitted	not_admitted	not_admitted	not_admitted	not_admitted	1	95;90871;91860;-;366.0	85;83957;85324;-;380.7	89;86582;87334;-;233.7	99;93303;95942;-;258.5	84;81108;83957;-;345.6	107;99199;100623;-;88.8	99;93303;95942;-;88.7	109;101350;101916;-;169.3	94;90220;90858;-;67.0	93;88206;90161;-;259.7	80;76310;78622;-;392.7	106;98501;99085;-;55.4	80;76310;78622;-;66.5	A	9/9	contiguous	25040	1	1	80547..81095-;182;unnamed;0
CP067942.1	MPF_T	IncX3	62	0	0	GA	1	43;35384;36028;-;46.4	42;35110;35400;-;73.1	41;32332;35085;-;47.0	41;32332;35085;-;145.4	41;32332;35085;-;73.3	40;31552;32322;-;60.1	38;30218;31273;-;133.2		37;29295;30023;-;119.4	36;28360;29289;-;138.8	35;27149;28363;-;128.3	33;25919;26953;-;65.7	32;24081;25916;-;495.9		pfam	pfam_only	A	7/7	canonical	1	1	unscoreable	2	0	0														not_admitted	not_admitted	not_admitted	not_admitted	not_admitted	not_admitted	not_admitted
CP067945.1	MPF_F	IncFIB(K);IncFII(K)	148	0	0	GA	0															not_admitted	not_admitted	not_admitted	not_admitted	not_admitted	not_admitted	not_admitted	not_admitted	not_admitted	not_admitted	1	96;100897;101886;-;366.0	86;93983;95350;-;380.7	90;96608;97360;-;233.7	100;103329;105968;-;258.5	85;91134;93983;-;345.6	108;109225;110649;-;88.8	100;103329;105968;-;88.7	110;111376;111942;-;169.3	95;100246;100884;-;67.0	94;98232;100187;-;259.7	81;86336;88648;-;392.7	107;108527;109111;-;55.4	81;86336;88648;-;66.5	A	9/9	contiguous	25040	1	1	90573..91121-;182;unnamed;0
CP067949.1	MPF_F	IncFIB(K);IncFII(K)	262	0	0	GA	0															not_admitted	not_admitted	not_admitted	not_admitted	not_admitted	not_admitted	not_admitted	not_admitted	not_admitted	not_admitted	1	216;221006;221995;-;363.3	205;213820;215187;-;382.2	209;216445;217197;-;236.4	220;223452;226091;-;259.0	204;210977;213820;-;342.9	231;230058;231482;-;88.8	220;223452;226091;-;87.6	233;232209;232775;-;167.9	214;220083;220730;-;65.9	213;218069;220024;-;259.5	200;206080;208392;-;392.8	228;228862;229446;-;53.8	200;206080;208392;-;65.9	A	9/9	contiguous	26129	1	1	210442..210966-;174;unnamed;0
CP067952.1	MPF_F	IncFIB(K);IncFII(K)	245	0	0	GA	0															not_admitted	not_admitted	not_admitted	not_admitted	not_admitted	not_admitted	not_admitted	not_admitted	not_admitted	not_admitted	1	199;200390;201379;-;363.3	188;193204;194571;-;382.2	192;195829;196581;-;236.4	203;202836;205475;-;259.0	187;190361;193204;-;339.4	214;209442;210866;-;88.8	203;202836;205475;-;87.6	216;211593;212159;-;167.9	197;199467;200114;-;65.9	196;197453;199408;-;259.5	183;185464;187776;-;392.8	211;208246;208830;-;53.8	183;185464;187776;-;65.9	A	9/9	contiguous	26129	1	1	189826..190350-;174;unnamed;0
CP067954.1	MPF_F	IncFIB(pQil);IncFII(K)	123	0	0	GA	0															not_admitted	not_admitted	not_admitted	not_admitted	not_admitted	not_admitted	not_admitted	not_admitted	not_admitted	not_admitted	1	63;56986;57975;-;366.0	53;50072;51439;-;384.6	57;52697;53449;-;233.7	67;59432;62071;-;258.5	52;47223;50072;-;345.0	74;64898;66322;-;89.3	67;59432;62071;-;88.7	76;67049;67615;-;169.3	62;56335;56973;-;67.0	61;54321;56276;-;259.2	48;42447;44759;-;393.2	73;64242;64826;-;54.9	48;42447;44759;-;65.8	A	9/9	contiguous	24602	1	1	46690..47220-;176;unnamed;0
CP067958.1	MPF_F	IncC	252	0	0	GA	0															not_admitted	not_admitted	not_admitted	not_admitted	not_admitted	not_admitted	not_admitted	not_admitted	not_admitted	not_admitted	1	19;18854;19861;+;332.9	120;108809;110242;+;339.2	119;107779;108807;+;221.7	14;13655;16102;+;354.5	121;110255;113869;+;375.3	9;4783;6099;+;135.0	14;13655;16102;+;128.3	7;3259;3885;+;92.7	17;16924;18189;+;67.9	20;19977;22775;+;145.3	251;202797;204662;+;47.3	10;6096;6674;+;100.2	251;202797;204662;+;52.0	A	9/9	split_3	199538	0	1	
CP067959.1	MPF_F	IncFIB(K);IncFII(K)	214	0	0	GA	0															not_admitted	not_admitted	not_admitted	not_admitted	not_admitted	not_admitted	not_admitted	not_admitted	not_admitted	not_admitted	1	157;160152;161144;-;366.6	147;153331;154701;-;381.2	151;155903;156655;-;232.4	160;162170;164809;-;258.7	146;150482;153331;-;344.2	169;168624;170048;-;89.2	160;162170;164809;-;88.8	171;170775;171341;-;167.0	156;159501;160139;-;67.0	155;157498;159504;-;259.0	142;146359;148668;-;393.2	167;167443;168012;-;49.7	142;146359;148668;-;65.8	A	9/9	contiguous	24416	1	1	149949..150479-;176;unnamed;0
CP067962.1	MPF_F	IncFIB(pNDM-Mar);IncHI1B(pNDM-MAR)	260	0	0	GA	0															not_admitted	not_admitted	not_admitted	not_admitted	not_admitted	not_admitted	not_admitted	not_admitted	not_admitted	not_admitted	1	185;162316;163353;-;282.3	77;59421;60830;+;190.4	76;58394;59431;+;176.7	198;174185;176902;-;148.7	78;60832;64746;+;121.7	202;179015;180385;-;65.6	198;174185;176902;-;85.2	205;182031;182891;-;79.0	186;163350;164711;-;69.9	184;159124;162306;-;60.1	69;49070;51196;-;57.8	199;176947;177684;-;56.9	69;49070;51196;-;41.0	A	9/9	split_2	132961	0	1	
CP067963.1	MPF_F	IncFIB(pQil);IncFII(K)	132	0	0	GA	0															not_admitted	not_admitted	not_admitted	not_admitted	not_admitted	not_admitted	not_admitted	not_admitted	not_admitted	not_admitted	1	78;75369;76358;-;366.0	68;68455;69822;-;380.7	72;71080;71832;-;233.7	82;77801;80440;-;258.5	67;65606;68455;-;345.6	90;83697;85121;-;88.8	82;77801;80440;-;88.7	92;85848;86414;-;169.3	77;74718;75356;-;67.0	76;72704;74659;-;259.7	63;60808;63120;-;392.7	89;82999;83583;-;55.4	63;60808;63120;-;66.5	A	9/9	contiguous	25040	1	1	65045..65593-;182;unnamed;0
CP068026.1	MPF_T	IncFIB(K)	229	0	0	GA	1	106;66429;67298;-;31.8	227;137648;137872;-;28.8	226;137480;137638;-;34.5	224;135882;136709;-;96.5			217;133054;133374;-;60.4		91;58917;59615;-;131.9	212;131165;131626;-;76.0	87;57061;57390;-;79.8	207;128753;129313;-;37.0			none	none	B	6/7	canonical	0	0	unscoreable	23	0	0														not_admitted	not_admitted	not_admitted	not_admitted	not_admitted	not_admitted	not_admitted
CP068027.1	MPF_T	IncFIB(K)	203	0	0	GA	1	52;33673;33924;-;29.0		153;98538;98891;-;34.8	50;31542;31988;-;56.1			144;93062;93490;-;60.3		142;91808;92326;-;113.6	141;91286;91768;-;89.2	39;25581;25850;-;45.2				none	none	C	5/7	rearranged	0	0	unscoreable	18	0	0														not_admitted	not_admitted	not_admitted	not_admitted	not_admitted	not_admitted	not_admitted
CP068028.1	MPF_F	IncFII(K);repB(R1701)	170	0	0	GA	0															not_admitted	not_admitted	not_admitted	not_admitted	not_admitted	not_admitted	not_admitted	not_admitted	not_admitted	not_admitted	1	29;16047;16766;-;280.1	14;10038;10241;-;94.5	19;11957;12487;-;126.8	35;20111;20605;-;83.2	12;8672;8923;-;65.5		34;19519;19977;-;36.3	47;26529;26942;-;133.8	27;15395;15721;-;45.8	24;13700;14002;-;99.6	4;2049;2723;-;192.3		4;2049;2723;-;62.7	B	8/9	contiguous	24480	1	1	8028..8375-;115;unnamed;0
CP068396.1	MPF_F	IncHI2;IncHI2A	399	0	0	GA	0															not_admitted	not_admitted	not_admitted	not_admitted	not_admitted	not_admitted	not_admitted	not_admitted	not_admitted	not_admitted	1	259;241921;242979;-;276.9	93;92473;93888;-;194.1	94;93878;94924;-;173.7	16;13025;15706;+;168.0	92;88514;92464;-;101.6	12;9340;10695;+;80.7	16;13025;15706;+;72.2	4;2758;3546;+;74.8	261;243121;244632;-;62.7	258;238714;241902;-;58.3	102;103120;105204;+;56.7	15;12066;13016;+;46.4	102;103120;105204;+;38.8	A	9/9	split_3	240363	0	1	
CP068397.1	MPF_T	IncN	91	0	0	GA	1	34;32504;33241;-;32.0		31;31544;31861;-;63.3	30;28944;31544;-;111.8	30;28944;31544;-;76.4	29;28213;28926;-;105.5	26;25767;26750;-;142.7		25;24850;25548;-;131.9	24;23955;24839;-;159.7	23;22795;23955;-;156.3	22;21758;22753;-;81.2			pfam	both	B	6/7	canonical	1	0	unscoreable	4	0	0														not_admitted	not_admitted	not_admitted	not_admitted	not_admitted	not_admitted	not_admitted
CP068398.1	MPF_T	IncX3	70	0	0	GA	1	12;6155;6799;+;47.4	13;6783;7073;+;71.8	14;7098;9668;+;47.2	14;7098;9668;+;140.8	14;7098;9668;+;64.0	16;10927;11697;+;59.7	18;11976;13031;+;134.8		19;13226;13954;+;118.7	20;13960;14889;+;139.9	21;14886;16091;+;128.4	22;16103;17131;+;65.4	23;17134;18969;+;495.5		pfam	pfam_only	A	7/7	canonical	1	1	unscoreable	2	0	0														not_admitted	not_admitted	not_admitted	not_admitted	not_admitted	not_admitted	not_admitted
CP068635.1	-	-	83	0	0	GA	1	73;65843;66358;-;46.5	21;18482;18811;-;65.8	20;18157;18471;-;30.4	19;15702;18116;-;51.1	19;15702;18116;-;99.0	18;14947;15705;-;34.3	15;12686;13993;-;91.1		14;11982;12656;-;147.4	13;11101;11973;-;159.1	11;9430;10686;-;190.4	5;3671;5293;-;175.5			conjscan	conjscan_only	B	6/7	canonical	1	0	unscoreable	8	0	0														not_admitted	not_admitted	not_admitted	not_admitted	not_admitted	not_admitted	not_admitted
CP068636.1	-	-	97	0	0	GA	1	18;14829;15344;-;49.4	49;38296;38496;-;34.6	48;37971;38285;-;30.4	47;35516;37930;-;51.4	47;35516;37930;-;99.1	46;34761;35519;-;35.1	43;32497;33807;-;98.1		41;31592;32266;-;147.3	40;30699;31583;-;159.1	38;29028;30284;-;191.1	33;23248;24870;-;176.6	11;7970;9931;-;40.1		conjscan	conjscan_only	A	7/7	canonical	1	0	unscoreable	28	0	0														not_admitted	not_admitted	not_admitted	not_admitted	not_admitted	not_admitted	not_admitted
CP068637.1	-	-	93	0	0	GA	1	51;37641;38156;-;52.6	79;59599;59928;-;65.8		77;56818;59232;-;49.3	77;56818;59232;-;98.9	76;56063;56821;-;35.2	74;53795;55108;-;94.5		73;53106;53780;-;144.2	71;52224;52775;-;126.4	69;50553;51809;-;191.1	63;44793;46415;-;177.2			conjscan	conjscan_only	B	6/7	canonical	1	0	unscoreable	20	0	0														not_admitted	not_admitted	not_admitted	not_admitted	not_admitted	not_admitted	not_admitted
CP068837.1	MPF_T	ColKP3;IncX3	81	0	0	GA	1	39;28392;28937;+;46.6	40;29022;29312;+;73.1		43;30399;30737;+;55.7	42;29800;30399;+;46.1	46;32100;32687;+;44.8			50;34709;35008;+;36.7	52;35536;36036;+;51.9		56;37878;38303;+;48.7	59;38618;39286;+;141.3		pfam	pfam_only	C	5/7	uncallable	0	0	unscoreable	12	0	0														not_admitted	not_admitted	not_admitted	not_admitted	not_admitted	not_admitted	not_admitted
CP068913.1	MPF_F	IncFII(pCoo)	82	0	0	GA	0															not_admitted	not_admitted	not_admitted	not_admitted	not_admitted	not_admitted	not_admitted	not_admitted	not_admitted	not_admitted	1				74;51583;57891;+;301.7		70;48244;49671;+;94.3		68;46963;47529;+;183.8				73;50552;51067;+;78.0		D	3/9	contiguous	4620	0	0	
CP068929.1	MPF_T	ColKP3;IncX3	81	0	0	GA	1	40;27619;28194;+;37.8	41;28178;28468;+;73.1		43;29787;30032;+;23.3			49;32519;33262;+;92.6				55;35960;36334;+;68.0	59;37088;37453;+;27.0	62;38651;38854;+;56.1		none	none	C	5/7	canonical	0	0	unscoreable	16	0	0														not_admitted	not_admitted	not_admitted	not_admitted	not_admitted	not_admitted	not_admitted
CP069018.1	-	-	408	0	0	GA	1	92;96442;97554;-;70.8	96;100419;100700;-;90.3	95;100125;100403;-;61.3	94;97757;100135;-;71.1	94;97757;100135;-;46.4	91;95678;96445;-;63.2	89;94231;95244;-;121.1		88;93533;94213;-;180.7	87;92793;93527;-;180.0	86;91366;92790;-;168.6	85;90386;91369;-;116.6	63;68962;70896;+;295.2		pfam	pfam_only	A	7/7	canonical	1	0	unscoreable	2	0	0														not_admitted	not_admitted	not_admitted	not_admitted	not_admitted	not_admitted	not_admitted
CP069019.1	MPF_T	-	297	0	0	GA	1	107;95809;96963;-;74.8	111;99753;100148;-;74.4	110;99482;99760;-;88.8	109;97117;99492;-;82.1	109;97117;99492;-;47.0	106;95000;95812;-;71.3	99;89397;90476;-;124.0		105;94232;94885;-;171.5	104;93435;94232;-;168.1	103;92059;93438;-;182.0	102;91069;92055;-;103.7	87;79857;81857;+;286.2		pfam	both	A	7/7	canonical	1	0	unscoreable	14	0	0														not_admitted	not_admitted	not_admitted	not_admitted	not_admitted	not_admitted	not_admitted
CP069021.1	MPF_T	-	148	0	0	GA	1	7;5844;6998;-;74.5	11;9788;10081;-;75.3	10;9517;9795;-;88.8	9;7152;9527;-;84.3	9;7152;9527;-;45.7	6;5035;5847;-;70.8			5;4364;5017;-;166.9	4;3567;4364;-;164.7	3;2191;3570;-;182.9	2;1200;2186;-;103.0	139;128498;129568;+;172.2		pfam	both	B	6/7	uncallable	0	0	unscoreable	5	0	0														not_admitted	not_admitted	not_admitted	not_admitted	not_admitted	not_admitted	not_admitted
CP069301.1	MPF_T	-	139	0	0	GA	1		115;109815;110111;-;94.4	114;109461;109799;-;108.3	113;107102;109468;-;172.9	113;107102;109468;-;106.9	112;106383;107105;-;152.1	110;105140;106126;-;163.9		108;104106;104777;-;200.0	107;103258;104109;-;182.7	106;102102;103247;-;178.2	105;101074;102105;-;100.9	104;99162;101108;-;371.6		pfam	both	A	7/7	canonical	1	0	unscoreable	2	0	0														not_admitted	not_admitted	not_admitted	not_admitted	not_admitted	not_admitted	not_admitted
CP069702.1	MPF_F	IncHI2;IncHI2A	265	0	0	GA	0															not_admitted	not_admitted	not_admitted	not_admitted	not_admitted	not_admitted	not_admitted	not_admitted	not_admitted	not_admitted	1	27;31208;32266;+;276.9	184;167540;168913;-;194.1	185;168903;169949;-;174.3	11;8955;11636;+;168.0		7;5270;6625;+;80.7	11;8955;11636;+;72.2	4;2758;3546;+;74.8	25;29555;31066;+;61.8	28;32285;35473;+;57.3	192;176991;179075;+;56.8	10;7996;8946;+;46.1	192;176991;179075;+;38.8	B	8/9	split_3	174233	0	1	
CP069705.1	MPF_T	IncI2(Delta)	73	0	0	GA	1	37;33676;34158;-;81.1		52;49765;50049;-;36.6	51;47402;49759;-;58.5	51;47402;49759;-;44.9	61;54861;55505;-;41.0	62;55511;56506;-;123.9		49;46502;47236;-;144.3	48;45735;46505;-;170.5	47;44606;45745;-;154.7	40;35937;37475;-;207.1	45;41558;43516;-;289.6		pfam	pfam_only	A	7/7	rearranged	1	0	unscoreable	14	0	0														not_admitted	not_admitted	not_admitted	not_admitted	not_admitted	not_admitted	not_admitted
CP070330.1	MPF_F	IncFIA(HI1);IncFII(K)	128	0	0	GA	0															not_admitted	not_admitted	not_admitted	not_admitted	not_admitted	not_admitted	not_admitted	not_admitted	not_admitted	not_admitted	1	93;70035;71027;+;363.2	106;78456;79823;+;382.8	101;75998;76750;+;235.0	90;66370;69009;+;259.2	107;79823;82666;+;343.1	81;61779;62339;+;78.4	90;66370;69009;+;84.4	77;59832;60398;+;167.0	96;72449;73096;+;65.6	97;73155;75110;+;255.7	110;84504;86810;+;393.1	83;63179;63736;+;50.5	110;84504;86810;+;66.6	A	9/9	contiguous	24672	1	1	82679..83227+;182;unnamed;0
CP070394.1	MPF_F	IncHI2;IncHI2A	268	0	0	GA	0															not_admitted	not_admitted	not_admitted	not_admitted	not_admitted	not_admitted	not_admitted	not_admitted	not_admitted	not_admitted	1	7;8285;9343;-;276.9	160;135719;137134;+;194.1	159;134683;135729;+;174.3	23;28916;31597;-;168.0	161;137143;141096;+;101.6	27;33927;35282;-;80.7	23;28916;31597;-;72.2	30;37006;37794;-;74.8	9;9485;10996;-;62.0	6;5078;8266;-;57.3	152;125557;127641;-;56.8	24;31606;32556;-;46.1	152;125557;127641;-;38.8	A	9/9	split_2	132065	1	1	141277..142566+;429;unnamed;0
CP070398.1	MPF_F	IncHI2;IncHI2A;IncQ1	265	0	0	GA	0															not_admitted	not_admitted	not_admitted	not_admitted	not_admitted	not_admitted	not_admitted	not_admitted	not_admitted	not_admitted	1	118;107443;108501;-;276.9	260;230785;232200;+;194.1	259;229749;230795;+;174.3	135;130009;130755;-;82.8	261;232209;236162;+;101.6	139;133085;134440;-;80.7	134;128074;129963;-;74.2	142;136164;136952;-;74.8	120;108643;110154;-;62.0	117;104236;107424;-;57.3	252;220623;222707;-;56.8	136;130764;131714;-;46.1	252;220623;222707;-;38.8	A	9/9	split_2	127973	1	1	236343..237632+;429;unnamed;0
CP070400.1	MPF_F	IncFIB(pB171);IncFII(29)	226	0	0	GA	0															not_admitted	not_admitted	not_admitted	not_admitted	not_admitted	not_admitted	not_admitted	not_admitted	not_admitted	not_admitted	1	22;14601;15593;+;369.3	34;21678;23051;+;376.8	29;19369;20112;+;236.3	19;10965;13592;+;301.9	35;23048;25873;+;389.2	12;7379;8806;+;93.8	19;10965;13592;+;102.1	10;6098;6664;+;183.8	24;15937;16575;+;68.8	27;17287;19092;+;265.1	39;28115;30349;+;391.7	16;9934;10449;+;78.3	39;28115;30349;+;70.3	A	9/9	contiguous	22017	1	1	25870..26379+;169;unnamed;0
CP070402.1	MPF_T	IncX1	54	0	0	GA	1	46;40710;41357;-;45.2	45;40436;40732;-;77.5	44;37664;40417;-;46.6	44;37664;40417;-;148.0	44;37664;40417;-;75.3	43;36895;37653;-;67.3	41;35524;36657;-;106.4		40;34566;35279;-;119.7	39;33632;34561;-;133.8	38;32430;33635;-;132.5	37;31397;32428;-;79.0	36;29559;31394;-;488.3		pfam	pfam_only	A	7/7	canonical	1	1	unscoreable	1	0	0														not_admitted	not_admitted	not_admitted	not_admitted	not_admitted	not_admitted	not_admitted
CP070406.1	MPF_F	IncHI2;IncHI2A;IncQ1	277	0	0	GA	0															not_admitted	not_admitted	not_admitted	not_admitted	not_admitted	not_admitted	not_admitted	not_admitted	not_admitted	not_admitted	1	5;7021;8079;-;276.9	237;215363;216778;-;194.1	238;216768;217814;-;174.3	22;28724;31405;-;168.0	236;211401;215354;-;101.6	26;33735;35090;-;80.7	22;28724;31405;-;72.2	29;36814;37602;-;74.8	7;8221;9732;-;62.0	4;3814;7002;-;57.3	245;224856;226940;+;56.8	23;31414;32364;-;46.1	245;224856;226940;+;38.8	A	9/9	split_3	221042	1	1	209931..211220-;429;unnamed;0
CP070852.1	MPF_T	-	75	0	0	GA	1				24;20477;22495;+;25.9									30;26520;28031;+;464.7		none	none	D	2/7	uncallable	0	0	unscoreable	5	0	0														not_admitted	not_admitted	not_admitted	not_admitted	not_admitted	not_admitted	not_admitted
CP070877.2	-	-	290	0	0	GA	1	23;22930;23907;-;67.9	26;26731;27015;-;86.7	25;26432;26707;-;56.1	24;24073;26442;-;83.9	24;24073;26442;-;62.3	22;22021;22830;-;73.2	20;20528;21529;-;97.6		19;19881;20525;-;166.0	18;19146;19877;-;139.8	17;17686;19143;-;170.9	16;16586;17575;-;109.5			pfam	pfam_only	B	6/7	canonical	1	0	unscoreable	1	0	0														not_admitted	not_admitted	not_admitted	not_admitted	not_admitted	not_admitted	not_admitted
CP070884.2	-	-	97	0	0	GA	1	60;51761;52849;+;67.6	57;48653;48937;+;86.7	58;48961;49236;+;56.1	59;49226;51595;+;83.9	59;49226;51595;+;62.3	61;52839;53318;+;38.4									pfam	both	D	1/7	uncallable	0	0	unscoreable	0	0	0														not_admitted	not_admitted	not_admitted	not_admitted	not_admitted	not_admitted	not_admitted
CP070885.2	-	-	296	0	0	GA	1	30;27004;27357;-;63.2	29;26723;27007;-;86.7	28;26424;26699;-;56.1	27;24599;26434;-;84.5	27;24599;26434;-;63.1	23;22017;22826;-;73.2	21;20524;21525;-;97.6		20;19877;20521;-;166.0	19;19142;19873;-;139.8	18;17682;19139;-;170.9	17;16582;17571;-;109.5			pfam	pfam_only	B	6/7	canonical	1	0	unscoreable	3	0	0														not_admitted	not_admitted	not_admitted	not_admitted	not_admitted	not_admitted	not_admitted
CP071152.1	-	-	241	0	0	GA	0															not_admitted	not_admitted	not_admitted	not_admitted	not_admitted	not_admitted	not_admitted	not_admitted	not_admitted	not_admitted	1		161;150634;151968;-;208.1	162;151965;153086;-;170.4	9;5100;7709;-;144.7	160;147504;150623;-;179.9	18;13979;15358;-;93.7	9;5100;7709;-;59.3	20;16553;17422;-;58.6			22;19556;21484;+;44.2	10;7719;8342;-;50.6	22;19556;21484;+;34.2	C	6/9	split_2	146865	0	0	
CP071168.1	MPF_F	IncFII(K);repB(R1701)	120	0	0	GA	0															not_admitted	not_admitted	not_admitted	not_admitted	not_admitted	not_admitted	not_admitted	not_admitted	not_admitted	not_admitted	1	62;54545;55534;-;366.6	52;47631;48998;-;384.0	56;50256;51008;-;233.7	66;56977;59616;-;258.5	51;44782;47631;-;346.4	74;63875;65299;-;89.2	66;56977;59616;-;88.2	76;66026;66592;-;169.3	61;53894;54532;-;66.9	60;51880;53835;-;259.7	47;40008;42320;-;393.1	73;63177;63761;-;53.6	47;40008;42320;-;66.6	A	9/9	contiguous	26018	1	1	44246..44779-;177;unnamed;0
CP071169.1	MPF_T	IncX3	57	0	0	GA	1	18;10563;11207;+;46.4	19;11191;11481;+;73.1	20;11506;14259;+;47.0	20;11506;14259;+;142.4	20;11506;14259;+;73.3	21;14269;15039;+;60.1	23;15318;16373;+;133.2		24;16568;17296;+;119.4	25;17302;18231;+;138.8	26;18228;19442;+;128.3	28;19638;20672;+;65.7	29;20675;22510;+;495.2		pfam	pfam_only	A	7/7	canonical	1	1	unscoreable	2	0	0														not_admitted	not_admitted	not_admitted	not_admitted	not_admitted	not_admitted	not_admitted
CP071789.1	MPF_F	IncA	278	0	0	GA	0															not_admitted	not_admitted	not_admitted	not_admitted	not_admitted	not_admitted	not_admitted	not_admitted	not_admitted	not_admitted	1	148;125331;126335;+;330.1	69;61687;63120;+;336.4	68;60657;61685;+;223.9	143;120126;122573;+;352.8	70;63133;66738;+;377.7	138;111299;112615;+;136.3	143;120126;122573;+;130.4	136;109775;110401;+;93.9	146;123395;124663;+;69.6	149;126486;129224;+;138.7	127;104120;105985;+;46.9	139;112612;113190;+;98.1	127;104120;105985;+;51.6	A	9/9	split_2	65829	0	1	
CP071790.1	MPF_F	IncFII(Yp);IncFII(pAR0022)	108	0	0	GA	0															not_admitted	not_admitted	not_admitted	not_admitted	not_admitted	not_admitted	not_admitted	not_admitted	not_admitted	not_admitted	1	46;33260;34246;+;368.4	54;38959;40329;+;376.7	50;36993;37742;+;218.2	43;29636;32266;+;283.8	55;40329;43151;+;336.5	37;26214;27608;+;90.9	43;29636;32266;+;98.6	35;24931;25497;+;169.9	47;34263;34892;+;66.9	48;34889;36742;+;260.5	59;44486;46678;+;384.8	38;27630;28169;+;67.5	59;44486;46678;+;63.9	A	9/9	contiguous	19555	1	1	43173..43604+;143;TraS;0
CP071791.1	MPF_F	IncHI2;IncHI2A	362	0	0	GA	0															not_admitted	not_admitted	not_admitted	not_admitted	not_admitted	not_admitted	not_admitted	not_admitted	not_admitted	not_admitted	1	273;234684;235742;-;276.9	54;42665;44080;+;194.1	53;41629;42675;+;173.7	300;267595;270276;-;168.0	55;44089;48039;+;101.6	304;272606;273961;-;80.7	300;267595;270276;-;72.2	307;275685;276473;-;74.8	275;235884;237395;-;62.7	272;231477;234665;-;58.3	47;32504;34588;-;56.7	301;270285;271235;-;46.4	47;32504;34588;-;38.8	A	9/9	split_3	243181	0	1	
CP071866.2	-	-	100	0	0	GA	1	56;48305;48655;+;58.3	57;48652;48936;+;86.7	58;48960;49235;+;56.1	60;49743;50831;+;86.0	59;49225;49746;+;65.4	64;52837;53625;+;44.4									pfam	pfam_only	D	1/7	uncallable	0	0	unscoreable	2	0	0														not_admitted	not_admitted	not_admitted	not_admitted	not_admitted	not_admitted	not_admitted
CP071915.1	MPF_T	-	1719	1	0	GA	1	109;142164;142862;-;61.6	817;1051368;1051745;+;87.8	818;1051742;1052011;+;33.3	819;1052022;1054472;+;39.4	819;1052022;1054472;+;139.0	820;1054469;1055197;+;217.6	821;1055209;1056585;+;172.7		822;1056598;1057302;+;225.1	823;1057299;1058303;+;222.1	824;1058306;1059598;+;206.6	358;465356;466708;-;215.3	814;1047879;1049873;+;344.8		conjscan	conjscan_only	A	7/7	canonical	1	0	unscoreable	2	0	1	1241;1582025;1582975;-;207.3			1248;1587083;1589971;-;297.6	1238;1578723;1580240;-;243.6	824;1058306;1059598;+;206.6	819;1052022;1054472;+;41.8				814;1047879;1049873;+;103.5		814;1047879;1049873;+;99.9	D	3/9	split_2	539204	0	0	
CP072912.1	MPF_F	Col156;IncFIB(AP001918);IncFII(29)	150	0	0	GA	0															not_admitted	not_admitted	not_admitted	not_admitted	not_admitted	not_admitted	not_admitted	not_admitted	not_admitted	not_admitted	1	63;56642;57634;-;369.5	49;47724;48632;-;282.0	58;52794;53384;-;214.7	66;58642;61272;-;304.0	47;45333;47264;-;390.0	74;64402;65010;-;73.1	66;58642;61272;-;99.3	77;66543;67004;-;161.2	61;55660;56298;-;68.6	60;53813;55663;-;271.9	41;40071;42011;-;391.6	70;62759;63274;-;73.9	41;40071;42011;-;70.6	A	9/9	contiguous	26472	1	1	44443..45375-;310;unnamed;0
CP073109.1	MPF_T	IncX1	55	0	0	GA	1	52;43575;44222;-;45.2	51;43301;43597;-;77.5	50;40529;43282;-;46.6	50;40529;43282;-;148.0	50;40529;43282;-;75.3	49;39769;40518;-;67.5	47;38397;39458;-;135.2		46;37439;38152;-;120.0	45;36505;37434;-;133.8	44;35303;36508;-;132.5	43;34270;35301;-;79.0	42;32432;34267;-;489.3		pfam	pfam_only	A	7/7	canonical	1	1	unscoreable	1	0	0														not_admitted	not_admitted	not_admitted	not_admitted	not_admitted	not_admitted	not_admitted
CP073288.1	MPF_F	IncFII(K);IncFII(Yp);IncR	160	0	0	GA	0															not_admitted	not_admitted	not_admitted	not_admitted	not_admitted	not_admitted	not_admitted	not_admitted	not_admitted	not_admitted	1	103;77453;78442;+;366.0	113;83933;85303;+;380.7	109;81979;82731;+;230.7	99;73371;76010;+;258.5	114;85303;88146;+;346.5	91;68688;70112;+;89.2	99;73371;76010;+;88.7	89;67395;67961;+;169.3	104;78455;79093;+;67.0	105;79152;81107;+;258.0	118;90731;93043;+;392.8	92;70226;70810;+;55.4	118;90731;93043;+;65.9	A	9/9	contiguous	23336	1	1	88157..88681+;174;unnamed;0
CP073292.1	MPF_F	IncFIA;IncFIB(AP001918);IncFIC(FII)	170	0	0	GA	0															not_admitted	not_admitted	not_admitted	not_admitted	not_admitted	not_admitted	not_admitted	not_admitted	not_admitted	not_admitted	1	99;109365;110357;-;369.3	88;102306;103679;-;378.0	95;105893;106636;-;234.5	102;111366;113993;-;305.4	87;99487;102309;-;389.5	107;116048;117475;-;94.3	102;111366;113993;-;98.5	109;118190;118756;-;183.8	98;108718;109356;-;68.4	97;106913;108721;-;268.4	84;95805;97958;-;391.9	103;114509;115024;-;77.6	84;95805;97958;-;70.4	A	9/9	contiguous	22385	1	1	98974..99465-;163;TraS;0
CP073293.1	MPF_F	IncFII(pHN7A8);IncR	172	0	0	GA	0															not_admitted	not_admitted	not_admitted	not_admitted	not_admitted	not_admitted	not_admitted	not_admitted	not_admitted	not_admitted	1	41;32928;33920;+;369.5	54;40753;42126;+;376.8	49;38444;39187;+;234.4	38;29292;31919;+;301.8	55;42123;44939;+;376.7	33;25810;27237;+;94.1	38;29292;31919;+;101.8	31;24529;25095;+;183.8	44;34866;35504;+;70.4	47;36317;38167;+;265.0	59;47240;49465;+;391.7	37;28261;28776;+;77.6	59;47240;49465;+;70.3	A	9/9	contiguous	22711	1	1	44972..45493+;173;unnamed;0
CP073604.1	MPF_T	IncP1	46	0	0	GA	1	2;1931;2704;+;21.5	38;33467;33850;+;68.3	39;33853;34179;+;50.2	40;34176;36719;+;99.2	40;34176;36719;+;108.9	45;40186;40956;+;107.5	0;52;1596;+;119.9		41;36716;37423;+;88.1	42;37439;38329;+;156.2	44;38779;40173;+;218.2	37;32397;33353;+;133.6	17;15109;17052;-;437.7		conjscan	conjscan_only	A	7/7	rearranged	1	0	unscoreable	2	0	0														not_admitted	not_admitted	not_admitted	not_admitted	not_admitted	not_admitted	not_admitted
CP073606.1	MPF_T	IncI2(Delta)	83	0	0	GA	1	9;10402;10884;+;81.1		77;57018;57302;+;36.6	78;57308;59665;+;60.7	78;57308;59665;+;44.0	67;51343;51987;+;41.0	66;50342;51337;+;123.5		80;59831;60565;+;144.3	81;60562;61332;+;170.5	82;61322;62461;+;154.7	6;7095;8633;+;207.1	1;1072;3030;+;289.2		pfam	pfam_only	A	7/7	rearranged	1	0	unscoreable	15	0	0														not_admitted	not_admitted	not_admitted	not_admitted	not_admitted	not_admitted	not_admitted
CP073611.1	MPF_T	IncI2(Delta)	84	0	0	GA	1	40;30027;30509;+;81.1		25;14164;14448;+;36.6	26;14454;16811;+;60.7	26;14454;16811;+;44.0	15;8489;9133;+;41.0	14;7488;8483;+;123.5		28;16977;17711;+;144.3	29;17708;18478;+;170.5	30;18468;19607;+;154.7	37;26720;28258;+;207.1	32;20697;22655;+;289.2		pfam	pfam_only	A	7/7	rearranged	1	0	unscoreable	15	0	0														not_admitted	not_admitted	not_admitted	not_admitted	not_admitted	not_admitted	not_admitted
CP073612.1	MPF_T	IncP1	49	0	0	GA	1	32;26378;27151;-;21.5	43;36327;36710;-;68.3	42;35998;36324;-;50.2	41;33458;36001;-;99.2	41;33458;36001;-;108.9	36;29221;29991;-;107.5	34;27486;29081;-;119.8		40;32754;33461;-;88.1	39;31848;32738;-;156.2	37;30004;31398;-;218.2	44;36824;37780;-;133.6	17;12030;13973;+;437.7		conjscan	conjscan_only	A	7/7	canonical	1	0	unscoreable	4	0	0														not_admitted	not_admitted	not_admitted	not_admitted	not_admitted	not_admitted	not_admitted
CP073614.1	MPF_T	IncI2(Delta)	76	0	0	GA	1	71;53540;54022;+;81.1	56;37699;37989;+;28.9	57;38096;38380;+;34.4	58;38386;40743;+;60.1	58;38386;40743;+;44.0	47;31994;32635;+;43.4	46;30993;31988;+;136.6		60;40909;41643;+;144.4	61;41640;42410;+;170.5	62;42400;43539;+;154.7	68;50233;51771;+;207.1	64;44717;46675;+;287.0		pfam	pfam_only	A	7/7	rearranged	1	0	unscoreable	13	0	0														not_admitted	not_admitted	not_admitted	not_admitted	not_admitted	not_admitted	not_admitted
CP073616.1	MPF_T	IncX4	95	0	0	GA	1	20;12539;12973;+;46.9	21;13173;13499;+;64.1	22;13518;14234;+;65.5	72;45415;47136;+;155.3	22;13518;14234;+;48.1	74;48175;48891;+;97.3	75;48902;49981;+;157.5		77;50499;51182;+;169.5	78;51205;52089;+;142.7	79;52082;53200;+;163.9	81;53576;54229;+;86.5	82;54261;56078;+;316.7		pfam	pfam_only	A	7/7	canonical	1	0	unscoreable	5	0	0														not_admitted	not_admitted	not_admitted	not_admitted	not_admitted	not_admitted	not_admitted
CP073679.1	MPF_T	-	1585	0	0	GA	1		850;755431;755730;-;89.1	849;755085;755426;-;104.9	1411;1278127;1280034;-;205.6	848;752714;755110;-;108.5	847;752013;752714;-;202.5	845;750842;751777;-;162.8		1407;1275561;1276274;-;169.6	842;749000;749854;-;183.4	1404;1273566;1274684;-;183.4	1007;907501;908994;-;213.3	1401;1268946;1270136;+;406.3		pfam	both	A	7/7	canonical	1	0	unscoreable	8	0	0														not_admitted	not_admitted	not_admitted	not_admitted	not_admitted	not_admitted	not_admitted
CP074216.1	MPF_F	IncFII(S);IncFII(pAR0022)	113	0	0	GA	0															not_admitted	not_admitted	not_admitted	not_admitted	not_admitted	not_admitted	not_admitted	not_admitted	not_admitted	not_admitted	1	45;30195;31187;+;361.6	55;36917;39403;+;390.5	52;35142;35885;+;228.3	42;27106;29208;+;196.2		34;22628;24049;+;90.5	42;27106;29208;+;98.5	32;21335;21901;+;189.2	47;31499;32137;+;71.1	49;32590;34014;+;133.1	58;41261;43513;+;370.3	37;24834;25349;+;88.5	58;41261;43513;+;71.9	B	8/9	contiguous	19926	0	1	
CP074218.1	MPF_T	IncX1	53	0	0	GA	1	13;5721;6368;+;45.2	14;6346;6642;+;77.5	15;6661;9414;+;46.6	15;6661;9414;+;147.7	15;6661;9414;+;75.3	16;9425;10183;+;63.5	18;10421;11554;+;108.2		19;11801;12514;+;117.1	20;12519;13448;+;133.9	21;13445;14650;+;132.5	22;14652;15683;+;76.6	23;15686;17521;+;492.3		pfam	pfam_only	A	7/7	canonical	1	1	unscoreable	1	0	0														not_admitted	not_admitted	not_admitted	not_admitted	not_admitted	not_admitted	not_admitted
CP074227.1	MPF_F	IncFII(S);IncFII(pAR0022)	98	0	0	GA	0															not_admitted	not_admitted	not_admitted	not_admitted	not_admitted	not_admitted	not_admitted	not_admitted	not_admitted	not_admitted	1	89;73415;74407;+;366.4	0;1;1383;+;393.4	96;78362;79105;+;228.9	86;69780;72428;+;313.6	1;1380;4202;+;388.6		86;69780;72428;+;97.8		91;74719;75357;+;71.8	93;75810;77636;+;269.6	4;6060;8321;+;374.0	82;68053;68568;+;89.0	4;6060;8321;+;72.1	B	8/9	split_2	78361	1	1	4224..4706+;160;TraS;0
CP074228.1	MPF_T	IncX1	44	0	0	GA	1	33;24712;25359;+;47.0	34;25337;25633;+;77.5	35;25652;28405;+;46.6	35;25652;28405;+;148.1	35;25652;28405;+;71.6	36;28416;29174;+;67.3	38;29471;30601;+;103.0		39;30846;31559;+;119.7	40;31564;32316;+;109.3	42;32480;33685;+;132.5	43;33687;34718;+;79.0	0;1;1836;+;489.3		pfam	pfam_only	A	7/7	canonical	1	1	unscoreable	2	0	0														not_admitted	not_admitted	not_admitted	not_admitted	not_admitted	not_admitted	not_admitted
CP074230.1	MPF_T	IncN	70	0	0	GA	1	19;17050;17784;+;32.5	21;18084;18377;+;28.7	22;18427;18744;+;63.3	23;18744;21344;+;111.8	23;18744;21344;+;76.8	24;21362;22075;+;97.1	26;22326;23366;+;153.6		27;23585;24283;+;131.9	28;24294;25178;+;159.0	29;25178;26338;+;154.9	30;26380;27375;+;81.2	42;43077;44606;-;38.5		pfam	both	A	7/7	canonical	1	0	unscoreable	2	0	0														not_admitted	not_admitted	not_admitted	not_admitted	not_admitted	not_admitted	not_admitted
CP074235.1	MPF_T	IncX1	46	0	0	GA	1	42;30962;31609;-;46.9	41;30688;30984;-;77.5	40;27916;30669;-;46.6	40;27916;30669;-;148.1	40;27916;30669;-;71.6	39;27147;27905;-;67.3	37;25776;26909;-;106.4		36;24817;25530;-;119.7	35;23883;24812;-;133.8	34;22681;23886;-;132.5	33;21648;22679;-;76.5	32;19810;21645;-;488.6		pfam	pfam_only	A	7/7	canonical	1	1	unscoreable	1	0	0														not_admitted	not_admitted	not_admitted	not_admitted	not_admitted	not_admitted	not_admitted
CP074237.1	MPF_T	IncX1	44	0	0	GA	1	34;27748;28395;+;45.2	35;28373;28669;+;77.5	36;28688;31441;+;46.6	36;28688;31441;+;148.1	36;28688;31441;+;75.3	37;31452;32201;+;66.6	39;32512;33573;+;134.6		40;33818;34531;+;120.0	41;34536;35465;+;133.8	42;35462;36667;+;134.4	43;36669;37700;+;76.5	0;1;1836;+;488.6		pfam	pfam_only	A	7/7	canonical	1	1	unscoreable	1	0	0														not_admitted	not_admitted	not_admitted	not_admitted	not_admitted	not_admitted	not_admitted
CP074243.1	MPF_F	IncFIB(AP001918);IncFII	154	0	0	GA	0															not_admitted	not_admitted	not_admitted	not_admitted	not_admitted	not_admitted	not_admitted	not_admitted	not_admitted	not_admitted	1	27;19181;20173;+;369.3	36;25232;26608;+;381.0	31;22902;23645;+;230.0	24;15545;18172;+;306.5	37;26605;29427;+;387.5	17;12105;13490;+;93.0	24;15545;18172;+;98.5	12;9446;10012;+;183.3	28;20182;20820;+;66.7	29;20817;22625;+;267.9	40;30960;33167;+;391.7	21;14514;15029;+;77.3	40;30960;33167;+;70.3	A	9/9	contiguous	21514	1	1	29448..29945+;165;TraS;0
CP074248.1	MPF_F	IncFIB(AP001918);IncFII	150	0	0	GA	0															not_admitted	not_admitted	not_admitted	not_admitted	not_admitted	not_admitted	not_admitted	not_admitted	not_admitted	not_admitted	1	26;18968;19960;+;369.3	35;25019;26395;+;381.0	30;22689;23432;+;230.0	23;15332;17959;+;306.5	36;26392;29214;+;387.5	16;11850;13277;+;94.3	23;15332;17959;+;98.5	14;10569;11135;+;183.3	27;19969;20607;+;66.7	28;20604;22412;+;267.9	39;30747;32954;+;391.7	20;14301;14816;+;77.3	39;30747;32954;+;70.3	A	9/9	contiguous	20178	1	1	29235..29732+;165;TraS;0
CP074271.1	MPF_F	IncFII(Yp);IncFII(pAR0022)	241	0	0	GA	0															not_admitted	not_admitted	not_admitted	not_admitted	not_admitted	not_admitted	not_admitted	not_admitted	not_admitted	not_admitted	1	140;134223;135218;+;357.2	146;139466;140830;+;335.6	144;138055;138834;+;196.8	137;130539;133130;+;219.6	147;140832;143729;+;291.8	134;128107;129468;+;80.5	137;130539;133130;+;87.7	132;126827;127390;+;145.5	142;135594;136208;+;80.0	143;136205;138058;+;259.9	150;145305;147608;+;376.2	136;129914;130528;+;48.7	150;145305;147608;+;67.0	A	9/9	contiguous	18478	1	1	143741..144301+;186;unnamed;0
CP074273.1	MPF_T	IncFII(29);IncFII(p96A)	75	0	0	GA	1	35;34114;34596;-;88.4	61;59328;59681;-;32.1	60;58957;59328;-;35.8	59;56508;59000;-;62.7		57;54282;54959;-;53.3	55;52849;53793;-;116.5		54;51842;52693;-;100.4	53;51030;51845;-;160.4	52;49693;51033;-;131.9	42;39652;41214;-;194.6	48;46403;47908;-;237.2		pfam	pfam_only	A	7/7	canonical	1	0	unscoreable	14	0	0														not_admitted	not_admitted	not_admitted	not_admitted	not_admitted	not_admitted	not_admitted
CP074277.1	MPF_F	IncFIB(pB171);IncFII(Yp);IncFII(pAR0022)	148	0	0	GA	0															not_admitted	not_admitted	not_admitted	not_admitted	not_admitted	not_admitted	not_admitted	not_admitted	not_admitted	not_admitted	1	146;114972;115958;+;356.5	3;3236;4600;+;332.8	1;1827;2603;+;199.2	143;111303;113894;+;220.4	4;4602;7499;+;278.9	136;107491;108852;+;82.0	143;111303;113894;+;88.1	134;106211;106774;+;142.6		0;1;1830;+;252.9	7;9132;11372;+;374.4	142;110675;111292;+;42.2	7;9132;11372;+;66.8	B	8/9	split_2	114971	1	1	7511..8071+;186;unnamed;0
CP074282.1	MPF_F	IncFIB(pB171);IncFII(Yp);IncFII(pAR0022)	148	0	0	GA	0															not_admitted	not_admitted	not_admitted	not_admitted	not_admitted	not_admitted	not_admitted	not_admitted	not_admitted	not_admitted	1	43;26450;27436;+;356.5	48;31301;32665;+;332.8	46;29892;30668;+;199.2	40;22781;25372;+;220.4	49;32667;35564;+;278.9	33;18969;20330;+;82.0	40;22781;25372;+;88.1	31;17689;18252;+;142.6	44;27455;28069;+;80.9	45;28066;29895;+;252.9	52;37197;39437;+;374.4	39;22153;22770;+;42.2	52;37197;39437;+;66.8	A	9/9	contiguous	19508	1	1	35576..36136+;186;unnamed;0
CP074295.1	MPF_F	IncFIB(pB171);IncFII(Yp);IncFII(pAR0022)	194	0	0	GA	0															not_admitted	not_admitted	not_admitted	not_admitted	not_admitted	not_admitted	not_admitted	not_admitted	not_admitted	not_admitted	1	162;194540;195532;-;367.9	154;188117;189487;-;385.6	158;190848;191597;-;226.5	165;196538;199165;-;299.2	153;185298;188117;-;374.2	170;201431;202861;-;91.5	165;196538;199165;-;97.5	172;203579;204145;-;181.9	161;193902;194531;-;68.8	159;191639;193540;-;262.8	150;181448;183604;-;390.0	168;200275;200790;-;76.4	150;181448;183604;-;75.6	A	9/9	contiguous	22131	0	1	
CP074311.1	MPF_T	IncN4	49	0	0	GA	1	43;28714;29448;+;35.7	45;29777;30067;+;44.9	46;30117;30431;+;66.0	47;30431;33067;+;123.2	47;30431;33067;+;88.6	48;33077;33784;+;112.7	1;257;1297;+;126.1	2;1392;1562;+;39.2	3;1565;2281;+;143.6	4;2284;3171;+;142.1	5;3168;4325;+;172.5	6;4318;5349;+;78.8	11;9685;11262;-;59.8		pfam	both	A	7/7	rearranged	1	0	ga	5	0	0														not_admitted	not_admitted	not_admitted	not_admitted	not_admitted	not_admitted	not_admitted
CP074326.1	MPF_T	IncFII(29);IncFII(p96A)	56	0	0	GA	1	3;2431;2913;+;89.1	33;25887;26240;+;32.6	34;26240;26611;+;35.8	35;26568;29060;+;62.7		37;30609;31286;+;51.4	39;31775;32719;+;115.7		40;32875;33726;+;100.4	41;33723;34538;+;160.4	42;34535;35875;+;132.8	52;44344;45906;+;195.5	46;37650;39269;+;236.8		pfam	pfam_only	A	7/7	canonical	1	0	unscoreable	11	0	0														not_admitted	not_admitted	not_admitted	not_admitted	not_admitted	not_admitted	not_admitted
CP074329.1	MPF_F	IncFII(S);IncFII(pAR0022)	97	0	0	GA	0															not_admitted	not_admitted	not_admitted	not_admitted	not_admitted	not_admitted	not_admitted	not_admitted	not_admitted	not_admitted	1	19;14438;15433;+;357.2	25;19664;21025;+;334.4	23;18270;19049;+;196.8	16;10754;13345;+;219.6	26;21027;23924;+;289.8	13;8322;9683;+;81.6	16;10754;13345;+;87.7	11;7042;7605;+;145.5	21;15809;16423;+;79.9	22;16420;18273;+;258.0	29;25503;28397;+;374.8	15;10129;10743;+;47.7	29;25503;28397;+;58.7	A	9/9	contiguous	18461	1	1	23936..24496+;186;unnamed;0
CP074336.1	MPF_F	IncC	231	0	0	GA	0															not_admitted	not_admitted	not_admitted	not_admitted	not_admitted	not_admitted	not_admitted	not_admitted	not_admitted	not_admitted	1	163;151678;152685;-;332.9	64;42273;43706;-;339.2	65;43708;44736;-;221.7	168;155437;157884;-;355.4	63;38646;42260;-;375.3	173;165395;166711;-;135.0	168;155437;157884;-;128.6	175;167609;168235;-;92.1	165;153350;154615;-;67.6	162;148767;151562;-;145.3	184;172045;173910;-;47.4	172;164820;165398;-;100.2	184;172045;173910;-;52.0	A	9/9	split_2	133399	0	1	
CP074549.1	MPF_F	IncFII(Yp);IncFII(pAR0022)	109	0	0	GA	0															not_admitted	not_admitted	not_admitted	not_admitted	not_admitted	not_admitted	not_admitted	not_admitted	not_admitted	not_admitted	1	67;51795;52781;+;368.4	75;57494;58864;+;376.7	71;55528;56277;+;218.2	64;48171;50801;+;285.1	76;58864;61686;+;336.5	58;44656;46050;+;91.1	64;48171;50801;+;98.1	56;43373;43939;+;170.1	68;52798;53427;+;66.9	69;53424;55277;+;257.4	79;63022;65214;+;384.8	59;46072;46611;+;67.1	79;63022;65214;+;63.9	A	9/9	contiguous	19649	1	1	61708..62139+;143;TraS;0
CP074574.1	-	-	119	0	0	GA	1				30;28128;29930;+;24.7								35;35125;36507;+;137.3	5;2876;5968;-;178.3		none	none	D	3/7	uncallable	0	0	unscoreable	4	0	0														not_admitted	not_admitted	not_admitted	not_admitted	not_admitted	not_admitted	not_admitted
CP074590.1	MPF_F	IncHI2;IncHI2A	195	0	0	GA	0															not_admitted	not_admitted	not_admitted	not_admitted	not_admitted	not_admitted	not_admitted	not_admitted	not_admitted	not_admitted	1	185;167875;168933;+;276.9			167;144555;147236;+;168.0		163;140870;142225;+;80.7	167;144555;147236;+;72.2	160;138358;139146;+;74.8	183;166222;167733;+;62.7	186;168952;172140;+;58.3		166;143596;144546;+;46.4		C	6/9	split_2	30594	0	1	
CP074597.1	MPF_T	IncFII(29);IncFII(p96A)	102	0	0	GA	1	34;34311;34793;-;89.0	59;58431;58784;-;32.1	58;58060;58431;-;36.7	57;55611;58103;-;63.9		56;54643;55320;-;53.3	54;53210;54154;-;116.1		53;52203;53054;-;99.9	52;51391;52206;-;159.4	51;50054;51394;-;132.8	41;40021;41583;-;195.9	47;46650;48269;-;236.9		pfam	pfam_only	A	7/7	canonical	1	0	unscoreable	13	0	0														not_admitted	not_admitted	not_admitted	not_admitted	not_admitted	not_admitted	not_admitted
CP074600.1	MPF_F	IncFII(SARC14);IncFII(Yp)	102	0	0	GA	0															not_admitted	not_admitted	not_admitted	not_admitted	not_admitted	not_admitted	not_admitted	not_admitted	not_admitted	not_admitted	1	33;48985;49980;-;357.2	27;43373;44737;-;335.3	29;45369;46148;-;196.8	36;51073;53664;-;218.3	26;40474;43371;-;292.8	39;54735;56096;-;81.6	36;51073;53664;-;87.8	41;56813;57376;-;145.5	31;47995;48609;-;80.5	30;46145;47998;-;258.5	23;36595;38898;-;376.2	37;53675;54289;-;47.3	89;91126;92253;-;68.5	A	9/9	split_2	54531	1	1	39902..40462-;186;unnamed;0
CP074602.1	MPF_F	IncFIB(pB171);IncFII(Yp)	104	0	0	GA	0															not_admitted	not_admitted	not_admitted	not_admitted	not_admitted	not_admitted	not_admitted	not_admitted	not_admitted	not_admitted	1	33;37160;38155;-;354.0	27;31703;33064;-;335.3	29;33697;34476;-;197.0	36;39248;41839;-;219.7	26;28804;31701;-;291.6	40;42910;44271;-;81.7	36;39248;41839;-;87.7	42;44988;45551;-;145.8	31;36299;36913;-;77.7	30;34473;36302;-;259.4	23;24934;27225;-;375.5	37;41850;42464;-;49.8	23;24934;27225;-;59.1	A	9/9	contiguous	20054	1	1	28232..28792-;186;unnamed;0
CP074605.1	MPF_F	IncFIB(S);IncFII(S);IncFII(pAR0022)	121	0	0	GA	0															not_admitted	not_admitted	not_admitted	not_admitted	not_admitted	not_admitted	not_admitted	not_admitted	not_admitted	not_admitted	1	32;21307;22299;+;366.7	41;27547;28929;+;392.4	38;25766;26515;+;231.0	29;17672;20320;+;314.1	42;28926;31748;+;394.4	21;13718;15139;+;91.5	29;17672;20320;+;97.8	19;12425;12991;+;188.1	34;22611;23249;+;70.6	36;23702;25528;+;271.0	45;33402;35564;+;374.1	24;15945;16460;+;96.7	45;33402;35564;+;72.1	A	9/9	contiguous	20977	1	1	31770..32258+;162;TraS;0
CP074616.1	MPF_F	Col156;IncFIA;IncFIB(AP001918);IncFII(pRSB107)	187	0	0	GA	0															not_admitted	not_admitted	not_admitted	not_admitted	not_admitted	not_admitted	not_admitted	not_admitted	not_admitted	not_admitted	1	110;98828;99820;-;366.7	99;91720;93093;-;382.9	105;95021;95764;-;232.1	113;100829;103456;-;303.9	98;88898;91723;-;386.5	119;105341;106792;-;94.1	113;100829;103456;-;96.5	121;107507;108073;-;184.3	108;97846;98484;-;70.7	107;96041;97849;-;267.1	94;84470;86668;-;391.8	116;103972;104487;-;75.2	94;84470;86668;-;70.3	A	9/9	contiguous	23037	1	1	88392..88901-;169;unnamed;0
CP074618.1	MPF_F	IncFIB(S);IncFII(S);IncFII(pAR0022)	118	0	0	GA	0															not_admitted	not_admitted	not_admitted	not_admitted	not_admitted	not_admitted	not_admitted	not_admitted	not_admitted	not_admitted	1	32;21283;22275;+;366.7	41;27523;28905;+;392.4	38;25742;26491;+;231.0	29;17648;20296;+;314.1	42;28902;31724;+;394.4	21;13694;15115;+;91.5	29;17648;20296;+;97.8	19;12401;12967;+;188.1	34;22587;23225;+;70.6	36;23678;25504;+;271.0	45;33378;35630;+;374.0	24;15921;16436;+;96.7	45;33378;35630;+;72.0	A	9/9	contiguous	20977	1	1	31746..32234+;162;TraS;0
CP074621.1	MPF_F	IncFIB(S);IncFII(S);IncFII(pAR0022)	129	0	0	GA	0															not_admitted	not_admitted	not_admitted	not_admitted	not_admitted	not_admitted	not_admitted	not_admitted	not_admitted	not_admitted	1	40;27189;28181;+;366.7	49;33429;34811;+;392.4	46;31648;32397;+;231.0	37;23554;26202;+;314.1	50;34808;37630;+;394.4	29;19600;21021;+;91.5	37;23554;26202;+;97.8	27;18307;18873;+;188.1	42;28493;29131;+;70.6	44;29584;31410;+;271.0	53;39284;41518;+;374.0	32;21827;22342;+;96.7	53;39284;41518;+;72.0	A	9/9	contiguous	20977	1	1	37652..38140+;162;TraS;0
CP074635.1	MPF_T	IncFII(pMET)	37	0	0	GA	1	30;21655;22365;-;47.1	29;21353;21658;-;73.1	28;18602;21340;-;49.1	28;18602;21340;-;151.4	28;18602;21340;-;32.2	27;17883;18584;-;143.7	25;16564;17634;-;165.1		23;15659;16342;-;197.8	22;14754;15659;-;154.4	21;13448;14710;-;146.6	19;12101;13126;-;66.1	15;8510;10246;-;46.3		pfam	pfam_only	A	7/7	canonical	1	1	unscoreable	6	0	0														not_admitted	not_admitted	not_admitted	not_admitted	not_admitted	not_admitted	not_admitted
CP074637.1	-	-	50	0	0	GA	1	6;4706;5308;+;46.0	7;5305;5592;+;48.2	8;5608;8343;+;58.4	8;5608;8343;+;143.7	8;5608;8343;+;58.8	9;8353;9054;+;103.1	11;9301;10359;+;133.6		12;10722;11411;+;142.7	13;11408;12316;+;135.2	14;12306;13592;+;125.7	15;13582;14616;+;86.5	16;14603;16435;+;411.7		pfam	pfam_only	A	7/7	canonical	1	1	unscoreable	1	0	0														not_admitted	not_admitted	not_admitted	not_admitted	not_admitted	not_admitted	not_admitted
CP074642.1	MPF_T	IncFII(pMET)	37	0	0	GA	1	35;25007;25717;+;47.1	36;25714;26019;+;73.1	0;1;2739;+;49.1	0;1;2739;+;151.4	0;1;2739;+;32.2	1;2757;3458;+;143.7	3;3707;4777;+;165.1		5;4999;5682;+;197.8	6;5682;6587;+;154.4	7;6631;7893;+;147.1	9;8215;9240;+;66.1	13;11095;12831;+;46.3		pfam	pfam_only	A	7/7	canonical	1	1	unscoreable	6	0	0														not_admitted	not_admitted	not_admitted	not_admitted	not_admitted	not_admitted	not_admitted
CP074646.1	MPF_T	IncFII(pMET)	36	0	0	GA	1	26;16785;17495;+;47.1	27;17492;17797;+;73.1	28;17810;20548;+;49.1	28;17810;20548;+;151.4	28;17810;20548;+;32.2	29;20566;21267;+;143.7	31;21516;22586;+;165.1		33;22808;23491;+;197.8	34;23491;24396;+;154.4	35;24440;25702;+;146.6	0;1;1026;+;66.1	4;2881;4617;+;46.3		pfam	pfam_only	A	7/7	canonical	1	1	unscoreable	5	0	0														not_admitted	not_admitted	not_admitted	not_admitted	not_admitted	not_admitted	not_admitted
CP074654.1	MPF_T	IncFII(pMET)	37	0	0	GA	1	32;21293;22003;+;47.1	33;22000;22305;+;70.8	34;22318;25056;+;49.1	34;22318;25056;+;151.4	34;22318;25056;+;32.2	35;25074;25775;+;143.7	0;1;1062;+;165.3		2;1284;1967;+;197.8	3;1967;2872;+;154.4	4;2916;4178;+;147.2	6;4500;5525;+;66.1	10;7380;9116;+;46.3		pfam	pfam_only	A	7/7	rearranged	1	1	unscoreable	5	0	0														not_admitted	not_admitted	not_admitted	not_admitted	not_admitted	not_admitted	not_admitted
CP074655.1	MPF_F	IncFIB(pB171);IncFII(Yp)	113	0	0	GA	0															not_admitted	not_admitted	not_admitted	not_admitted	not_admitted	not_admitted	not_admitted	not_admitted	not_admitted	not_admitted	1	10;7578;8564;+;354.6	16;12786;14150;+;331.5	14;11377;12153;+;200.1	7;3909;6500;+;215.3	17;14152;17046;+;280.5	0;1;1362;+;82.7	7;3909;6500;+;89.9	112;100683;101246;+;142.6	12;8940;9554;+;81.2	13;9551;11380;+;253.0	20;18692;20935;+;375.7	6;3257;3898;+;43.5	20;18692;20935;+;68.1	A	9/9	split_2	100682	1	1	17056..17631+;191;unnamed;0
CP074667.1	MPF_T	IncFII(29);IncFII(p96A)	74	0	0	GA	1	30;27491;27973;+;89.1	5;2407;2760;+;32.1	6;2760;3131;+;35.8	7;3088;5580;+;62.7		9;7129;7806;+;53.3	11;8295;9239;+;116.5		12;9395;10246;+;100.4	13;10243;11058;+;160.4	14;11055;12395;+;131.9	24;20874;22436;+;194.6	18;14180;15799;+;236.7		pfam	pfam_only	A	7/7	canonical	1	0	unscoreable	13	0	0														not_admitted	not_admitted	not_admitted	not_admitted	not_admitted	not_admitted	not_admitted
CP074669.1	MPF_T	IncFII(29);IncFII(p96A)	76	0	0	GA	1	21;22794;23276;-;89.1	48;48009;48362;-;32.1	47;47638;48009;-;35.8	46;45189;47681;-;62.7		44;42963;43640;-;53.3	42;41531;42475;-;116.5		41;40524;41375;-;100.4	40;39712;40527;-;160.4	39;38375;39715;-;131.9	28;28332;29894;-;194.6	35;35145;36590;-;237.9		pfam	pfam_only	A	7/7	canonical	1	0	unscoreable	15	0	0														not_admitted	not_admitted	not_admitted	not_admitted	not_admitted	not_admitted	not_admitted
CP074674.1	MPF_F	IncFIB(S);IncFII(S);IncFII(pAR0022)	120	0	0	GA	0															not_admitted	not_admitted	not_admitted	not_admitted	not_admitted	not_admitted	not_admitted	not_admitted	not_admitted	not_admitted	1	32;21283;22275;+;366.7	41;27523;28905;+;392.4	38;25742;26491;+;231.0	29;17648;20296;+;314.1	42;28902;31724;+;394.4	21;13694;15115;+;91.5	29;17648;20296;+;97.8	19;12401;12967;+;188.1	34;22587;23225;+;70.6	36;23678;25504;+;271.0	45;33378;35540;+;374.1	24;15921;16436;+;96.7	45;33378;35540;+;72.1	A	9/9	contiguous	20977	1	1	31746..32234+;162;TraS;0
CP075012.1	MPF_F	IncFIB(pB171);IncFII(Yp)	114	0	0	GA	0															not_admitted	not_admitted	not_admitted	not_admitted	not_admitted	not_admitted	not_admitted	not_admitted	not_admitted	not_admitted	1	10;7578;8564;+;354.6	16;12786;14150;+;331.5	14;11377;12153;+;200.1	7;3909;6500;+;215.3	17;14152;17046;+;280.5	0;1;1362;+;82.7	7;3909;6500;+;89.9	113;100599;101162;+;142.6	12;8940;9554;+;81.2	13;9551;11380;+;253.0	20;18692;20935;+;375.7	6;3257;3898;+;43.5	20;18692;20935;+;68.1	A	9/9	split_2	100598	1	1	17056..17631+;191;unnamed;0
CP075020.1	MPF_F	IncFIB(S);IncFII(S);IncFII(pAR0022)	116	0	0	GA	0															not_admitted	not_admitted	not_admitted	not_admitted	not_admitted	not_admitted	not_admitted	not_admitted	not_admitted	not_admitted	1	29;22455;23447;+;365.1	39;29177;30559;+;392.1	36;27402;28145;+;228.9	26;18820;21468;+;315.1	40;30556;31395;+;231.1	19;14887;16308;+;90.6	26;18820;21468;+;97.8	17;13594;14160;+;189.2	31;23759;24397;+;71.0	33;24850;26676;+;270.0	44;35064;37415;+;374.6	22;17093;17608;+;89.0	44;35064;37415;+;71.9	A	9/9	contiguous	21470	1	1	31478..33415+;645;unnamed;0
CP075023.1	MPF_F	IncFIB(pB171);IncFII(S);IncFII(pAR0022)	127	0	0	GA	0															not_admitted	not_admitted	not_admitted	not_admitted	not_admitted	not_admitted	not_admitted	not_admitted	not_admitted	not_admitted	1	41;29553;30545;+;369.6	55;37086;38465;+;387.8	50;34752;35498;+;232.2	38;25920;28547;+;299.4	56;38465;41284;+;366.8	33;22224;23654;+;91.5	38;25920;28547;+;97.4	31;20940;21506;+;181.9	42;30554;31186;+;68.0	46;32128;33795;+;181.9	59;42997;45207;+;389.2	35;24295;24810;+;76.4	59;42997;45207;+;75.3	A	9/9	contiguous	22057	0	1	
CP075027.1	MPF_F	IncFIB(S);IncFII(S);IncFII(pAR0022);IncHI2;IncHI2A	278	0	0	GA	0															not_admitted	not_admitted	not_admitted	not_admitted	not_admitted	not_admitted	not_admitted	not_admitted	not_admitted	not_admitted	1	277;253791;254849;+;276.9	106;95329;96744;-;194.1	107;96734;97780;-;174.3	261;230024;232705;+;168.0	105;91367;95320;-;101.6	257;226339;227694;+;80.7	261;230024;232705;+;72.2	254;223827;224615;+;74.8	275;252138;253649;+;62.0	0;43;3189;+;58.0	243;212720;214909;-;372.5	260;229065;230015;+;46.1	243;212720;214909;-;72.1	A	9/9	split_4	253748	1	1	89897..91186-;429;unnamed;0
CP075145.1	MPF_F	IncFIB(S);IncFII(Yp)	129	0	0	GA	0															not_admitted	not_admitted	not_admitted	not_admitted	not_admitted	not_admitted	not_admitted	not_admitted	not_admitted	not_admitted	1	118;109653;110648;+;357.2	124;114901;116262;+;334.4	122;113485;114264;+;196.6	115;105969;108560;+;219.6	125;116264;119167;+;290.9	111;102201;103562;+;81.5	115;105969;108560;+;88.4	109;100921;101484;+;146.6	120;111024;111638;+;79.9	121;111635;113488;+;260.1	128;120798;123032;+;375.6	114;105344;105958;+;50.4	128;120798;123032;+;59.1	A	9/9	contiguous	19877	1	1	119177..119734+;185;unnamed;0
CP075568.1	MPF_T	-	141	0	0	GA	1	84;68070;68987;-;38.4	98;77905;78096;-;45.2	97;77600;77896;-;30.7	96;75487;77613;-;72.2	96;75487;77613;-;67.3	94;74241;74933;-;77.5	91;72764;73627;-;136.1		90;72090;72764;-;73.2	89;71526;72062;-;108.9	86;70015;71034;-;146.1	85;68971;70005;-;91.2	78;61799;62974;+;62.1		pfam	both	A	7/7	canonical	1	0	unscoreable	9	0	0														not_admitted	not_admitted	not_admitted	not_admitted	not_admitted	not_admitted	not_admitted
CP075774.1	-	-	93	0	0	GA	1	71;65728;66435;-;34.8		69;65000;65398;-;24.9	68;62602;65046;-;71.6		66;61699;62358;-;51.7	64;60368;61339;-;119.2		63;59220;60035;-;140.4	62;58402;59223;-;145.5	59;56490;57836;-;140.0	58;55184;56479;-;61.4	55;52583;54142;-;264.0		pfam	pfam_only	A	7/7	canonical	1	0	unscoreable	7	0	0														not_admitted	not_admitted	not_admitted	not_admitted	not_admitted	not_admitted	not_admitted
CP075789.1	-	-	70	0	0	GA	1	16;13332;14039;-;34.8		14;12604;13002;-;24.9	13;10215;12650;-;71.6		11;9302;9961;-;52.7	9;7971;8942;-;118.6		8;6823;7638;-;140.4	7;6017;6826;-;145.2	4;4145;5494;-;137.4	3;3101;4135;-;62.2	0;473;2059;-;263.9		pfam	pfam_only	A	7/7	canonical	1	0	unscoreable	14	0	0														not_admitted	not_admitted	not_admitted	not_admitted	not_admitted	not_admitted	not_admitted
CP076044.1	MPF_F	IncFIA;IncFIB(AP001918);IncFIC(FII)	102	0	0	GA	0															not_admitted	not_admitted	not_admitted	not_admitted	not_admitted	not_admitted	not_admitted	not_admitted	not_admitted	not_admitted	1	82;76486;77478;+;368.6	93;83161;84537;+;374.3	86;80207;80950;+;234.1	79;72850;75477;+;306.8	94;84534;87350;+;386.1	72;69368;70795;+;94.3	79;72850;75477;+;98.5	70;68087;68653;+;183.8	83;77487;78125;+;67.3	84;78122;79930;+;268.0	97;88913;91066;+;391.1	76;71819;72334;+;77.3	97;88913;91066;+;69.2	A	9/9	contiguous	20826	1	1	87383..87904+;173;unnamed;0
CP076065.1	MPF_T	IncP1	67	0	0	GA	1		59;41804;42268;-;63.5	58;41489;41800;-;49.8	57;39321;41492;-;91.4	57;39321;41492;-;112.6	50;34536;35300;-;122.3	48;33638;34288;-;52.5		55;38156;38938;-;147.6	54;37239;38138;-;186.5	51;35321;35836;-;191.9	60;42285;43247;-;127.6			conjscan	conjscan_only	B	6/7	canonical	1	0	unscoreable	5	0	0														not_admitted	not_admitted	not_admitted	not_admitted	not_admitted	not_admitted	not_admitted
CP076070.1	MPF_T	IncP1	80	0	0	GA	1	10;8983;9618;+;23.5	77;67036;67500;+;63.5	78;67504;67815;+;49.8	0;64;1611;+;92.3			8;6645;8318;+;143.1		2;1994;2776;+;147.6	3;2748;3626;+;143.2	5;4189;5610;+;223.3	76;66057;67019;+;127.6	24;23615;25285;-;525.7		none	none	A	7/7	canonical	0	0	unscoreable	5	0	0														not_admitted	not_admitted	not_admitted	not_admitted	not_admitted	not_admitted	not_admitted
CP076121.1	-	-	113	0	0	GA	1	11;13539;14204;+;48.7	12;14266;14559;+;30.9	13;14583;14942;+;38.0	14;14953;17442;+;95.0	14;14953;17442;+;49.5	16;18165;18899;+;129.6	19;19508;20422;+;139.5		20;20682;21458;+;140.0	21;21458;22261;+;159.5	23;22958;24229;+;152.9	24;24226;25272;+;90.0	26;25622;27436;+;316.5		pfam	both	A	7/7	canonical	1	0	unscoreable	5	0	0														not_admitted	not_admitted	not_admitted	not_admitted	not_admitted	not_admitted	not_admitted
CP076328.1	MPF_T	IncFII(29);IncFII(p96A)	76	0	0	GA	1	11;10633;11115;-;89.1	37;35848;36201;-;32.1	36;35477;35848;-;35.8	35;33028;35520;-;62.7		33;30802;31479;-;53.3	31;29369;30313;-;116.1		30;28362;29213;-;100.4	29;27550;28365;-;160.4	28;26213;27553;-;131.9	18;16171;17733;-;194.6	24;22809;24428;-;236.7		pfam	pfam_only	A	7/7	canonical	1	0	unscoreable	14	0	0														not_admitted	not_admitted	not_admitted	not_admitted	not_admitted	not_admitted	not_admitted
CP077064.1	MPF_F	IncFII(pCoo)	87	0	0	GA	0															not_admitted	not_admitted	not_admitted	not_admitted	not_admitted	not_admitted	not_admitted	not_admitted	not_admitted	not_admitted	1	24;32451;33443;-;370.2	16;26385;27758;-;380.4	20;28979;29722;-;234.4	27;34452;37079;-;303.5	15;23566;26388;-;386.8	31;38991;40418;-;94.3	27;34452;37079;-;100.3	33;41133;41699;-;183.8	23;31804;32442;-;68.3	22;29999;31807;-;263.5	12;19789;22032;-;391.7	28;37595;38110;-;78.0	12;19789;22032;-;70.3	A	9/9	contiguous	21344	1	1	23048..23545-;165;TraS;0
CP077246.1	MPF_F	IncFII	74	0	0	GA	0															not_admitted	not_admitted	not_admitted	not_admitted	not_admitted	not_admitted	not_admitted	not_admitted	not_admitted	not_admitted	1	42;31781;32773;+;366.4	53;38508;39881;+;382.9	47;35837;36580;+;234.4	39;28145;30772;+;300.9	54;39878;42697;+;385.4	33;24565;25992;+;93.9	39;28145;30772;+;101.1	31;23284;23850;+;182.7	44;33117;33755;+;70.7	45;33752;35560;+;267.1	57;44229;46427;+;380.8	37;27114;27629;+;76.0	57;44229;46427;+;66.5	A	9/9	contiguous	20945	1	1	42722..43213+;163;TraS;0
CP077251.1	MPF_T	IncI2(Delta)	72	0	0	GA	1	16;14308;14790;-;81.1		30;29858;30142;-;36.6	29;27495;29852;-;59.8	29;27495;29852;-;45.0	38;34092;34733;-;42.9	39;34739;35734;-;128.5		27;26598;27332;-;144.3	26;25831;26601;-;170.4	25;24702;25841;-;154.7	19;16558;18096;-;206.9	23;21654;23612;-;288.2		pfam	pfam_only	A	7/7	rearranged	1	0	unscoreable	12	1	0														not_admitted	not_admitted	not_admitted	not_admitted	not_admitted	not_admitted	not_admitted
CP077287.1	MPF_T	IncFII(pCRY)	30	0	0	GA	1	10;8513;9223;-;47.5	9;8211;8516;-;73.1	8;5460;8198;-;49.1	8;5460;8198;-;151.5	8;5460;8198;-;32.2	7;4738;5442;-;142.7	5;3413;4486;-;161.8		3;2508;3191;-;196.5	2;1603;2508;-;154.4	1;288;1556;-;147.4	29;21034;21759;-;67.1	25;17443;19179;-;48.2		pfam	pfam_only	A	7/7	canonical	1	1	unscoreable	19	0	0														not_admitted	not_admitted	not_admitted	not_admitted	not_admitted	not_admitted	not_admitted
CP077295.1	MPF_F	Col156;IncFIB(AP001918);IncFII	152	0	0	GA	0															not_admitted	not_admitted	not_admitted	not_admitted	not_admitted	not_admitted	not_admitted	not_admitted	not_admitted	not_admitted	1	104;98060;99052;-;369.5	89;89219;90592;-;381.7	96;92797;93540;-;234.4	107;100061;102691;-;297.8	88;86403;89222;-;388.5	114;105959;107410;-;93.8	107;100061;102691;-;99.0	116;108125;108691;-;174.3	101;96479;97117;-;70.8	98;93817;95667;-;270.8	84;81845;84133;-;391.6	111;104584;105099;-;82.8	84;81845;84133;-;70.3	A	9/9	contiguous	26280	1	1	85887..86378-;163;TraS;0
CP077315.1	MPF_F	Col156;IncFIB(AP001918);IncFII(29)	135	0	0	GA	0															not_admitted	not_admitted	not_admitted	not_admitted	not_admitted	not_admitted	not_admitted	not_admitted	not_admitted	not_admitted	1	128;114196;115188;-;369.5	116;106769;108142;-;381.7	123;110347;111090;-;233.1	131;116197;118827;-;304.0	115;105036;106772;-;390.9	2;1310;2737;-;93.9	131;116197;118827;-;99.3	4;3452;4018;-;183.1	126;113214;113852;-;69.6	125;111367;113217;-;271.9	110;99472;101679;-;391.2		110;99472;101679;-;70.3	B	8/9	split_2	114887	1	1	103951..105018-;355;unnamed;0
CP077328.1	MPF_F	IncFII	73	0	0	GA	0															not_admitted	not_admitted	not_admitted	not_admitted	not_admitted	not_admitted	not_admitted	not_admitted	not_admitted	not_admitted	1	11;7941;8933;-;366.4	0;833;2206;-;382.9	6;4134;4877;-;234.4	14;9942;12569;-;300.9	72;61977;63878;-;115.3	20;14722;16149;-;93.9	14;9942;12569;-;101.1	22;16864;17430;-;182.7	9;6959;7597;-;70.7	8;5154;6962;-;267.1	69;58247;60445;-;380.8	16;13085;13600;-;76.0	69;58247;60445;-;66.5	A	9/9	split_2	61144	1	1	61461..61952-;163;TraS;0
CP077347.1	MPF_T	IncFII(pCRY)	28	0	0	GA	1	19;15915;16625;-;47.5	18;15613;15918;-;73.1	17;12862;15600;-;49.1	17;12862;15600;-;151.5	17;12862;15600;-;32.2	16;12140;12844;-;142.7	14;10815;11888;-;161.8		12;9910;10593;-;196.5	11;9005;9910;-;154.4	10;7690;8958;-;147.4	9;6675;7700;-;66.1	5;3084;4820;-;48.2		pfam	pfam_only	A	7/7	canonical	1	1	unscoreable	5	0	0														not_admitted	not_admitted	not_admitted	not_admitted	not_admitted	not_admitted	not_admitted
CP077354.1	MPF_T	IncI2(Delta)	71	0	0	GA	1	52;36342;36824;+;81.1		38;20990;21274;+;36.6	39;21280;23637;+;59.8	39;21280;23637;+;45.0	30;16399;17040;+;42.9	29;15398;16393;+;128.5		41;23800;24534;+;144.3	42;24531;25301;+;170.4	43;25291;26430;+;154.7	49;33036;34574;+;206.9	45;27520;29478;+;288.2		pfam	pfam_only	A	7/7	rearranged	1	0	unscoreable	12	1	0														not_admitted	not_admitted	not_admitted	not_admitted	not_admitted	not_admitted	not_admitted
CP077362.1	MPF_F	IncFII	100	0	0	GA	0															not_admitted	not_admitted	not_admitted	not_admitted	not_admitted	not_admitted	not_admitted	not_admitted	not_admitted	not_admitted	1	1;1928;2920;-;371.9	92;78307;79680;-;381.0	97;81270;82013;-;234.3	4;3929;6559;-;306.8	91;75485;78310;-;389.2	11;9582;11009;-;94.0	4;3929;6559;-;98.5	13;11724;12290;-;176.6	0;1281;1919;-;69.3	99;82289;82777;-;160.2	88;71712;73982;-;391.5	8;8189;8704;-;77.6	88;71712;73982;-;70.3	A	9/9	split_2	81008	1	1	74979..75488-;169;unnamed;0
CP077380.1	MPF_F	IncFII	95	0	0	GA	0															not_admitted	not_admitted	not_admitted	not_admitted	not_admitted	not_admitted	not_admitted	not_admitted	not_admitted	not_admitted	1	56;50877;51869;-;369.5	43;42114;43487;-;381.7	51;47028;47771;-;233.1	59;52878;55508;-;305.1	42;39295;42117;-;388.5	70;61451;62902;-;94.2	59;52878;55508;-;97.1	72;63617;64183;-;183.8	54;49895;50533;-;68.6	53;48048;49898;-;272.0	38;34681;37023;-;391.5	64;57536;58051;-;82.8	38;34681;37023;-;70.3	A	9/9	contiguous	28936	1	1	38777..39274-;165;TraS;0
CP077390.1	MPF_F	Col156;IncFIB(AP001918);IncFII(29)	136	0	0	GA	0															not_admitted	not_admitted	not_admitted	not_admitted	not_admitted	not_admitted	not_admitted	not_admitted	not_admitted	not_admitted	1	12;9400;10392;+;369.5	24;16446;17819;+;381.7	17;13498;14241;+;233.1	9;5761;8391;+;304.0	25;17816;19552;+;390.9	2;1203;2630;+;93.9	9;5761;8391;+;99.3	0;75;488;+;143.5	14;10736;11374;+;69.6	15;11371;13221;+;271.9	30;22909;25116;+;391.2	5;3759;4274;+;73.9	30;22909;25116;+;70.3	A	9/9	contiguous	22834	1	1	19570..20637+;355;unnamed;0
CP077397.1	MPF_F	IncFII	100	0	0	GA	0															not_admitted	not_admitted	not_admitted	not_admitted	not_admitted	not_admitted	not_admitted	not_admitted	not_admitted	not_admitted	1	60;45130;46122;+;371.9	69;51180;52553;+;381.0	64;48847;49590;+;234.3	57;41491;44121;+;306.8	70;52550;55375;+;389.2	50;37041;38468;+;94.0	57;41491;44121;+;98.5	48;35760;36326;+;176.6	61;46131;46769;+;69.3	62;46766;48571;+;266.8	73;56878;59148;+;391.5	53;39346;39861;+;77.6	73;56878;59148;+;70.3	A	9/9	contiguous	21118	1	1	55372..55881+;169;unnamed;0
CP077665.1	MPF_T	IncX4	41	0	0	GA	1	27;26790;27410;-;41.6	26;26450;26776;-;64.4	25;23684;26431;-;63.8	25;23684;26431;-;151.8	25;23684;26431;-;46.1	24;22956;23672;-;94.2	23;21850;22944;-;150.1		21;20649;21335;-;169.0	20;19744;20652;-;142.4	19;18633;19751;-;163.7	18;17603;18631;-;85.0	17;15754;17571;-;314.8		pfam	pfam_only	A	7/7	canonical	1	1	unscoreable	1	0	0														not_admitted	not_admitted	not_admitted	not_admitted	not_admitted	not_admitted	not_admitted
CP077822.1	MPF_F	IncFIA(HI1);IncFII(pKP91)	112	0	0	GA	0															not_admitted	not_admitted	not_admitted	not_admitted	not_admitted	not_admitted	not_admitted	not_admitted	not_admitted	not_admitted	1	36;40812;41801;-;366.6	26;33928;35295;-;381.2	30;36552;37304;-;232.2	40;43244;45883;-;259.1	25;31106;33928;-;346.6	48;49469;50893;-;89.3	40;43244;45883;-;88.8	50;51620;52186;-;167.0	35;40161;40799;-;67.0	34;38147;40102;-;259.2	22;26856;29138;-;392.6	46;48282;48839;-;52.5	22;26856;29138;-;65.9	A	9/9	contiguous	24764	1	1	30480..31082-;200;TraS;0
CP078021.1	MPF_F	IncHI1A(NDM-CIT);IncHI1B(pNDM-CIT)	296	0	0	GA	0															not_admitted	not_admitted	not_admitted	not_admitted	not_admitted	not_admitted	not_admitted	not_admitted	not_admitted	not_admitted	1	28;30370;31425;+;278.1	188;174450;175865;-;201.9	189;175855;176901;-;168.3	11;9302;11983;+;156.8	187;170452;174441;-;103.1	7;5602;6960;+;80.3	11;9302;11983;+;73.5	4;3144;3929;+;69.5	26;28717;30225;+;62.3	29;31444;34620;+;57.9	197;185039;187123;+;48.5	10;8343;9293;+;45.4	197;185039;187123;+;36.5	A	9/9	split_2	181895	0	1	
CP078023.1	MPF_T	IncFIB(K);IncFII	109	0	0	GA	1	75;63844;64578;+;32.5		78;65221;65538;+;63.3	79;65538;68138;+;113.8	79;65538;68138;+;76.4	80;68156;68869;+;105.5	82;69120;70160;+;142.4								pfam	both	D	2/7	canonical	1	0	unscoreable	3	0	0														not_admitted	not_admitted	not_admitted	not_admitted	not_admitted	not_admitted	not_admitted
CP078024.1	MPF_T	-	45	0	0	GA	1	16;15953;16615;-;48.3	15;15643;15942;-;35.9	14;12883;15633;-;61.8	14;12883;15633;-;134.0	14;12883;15633;-;47.3	13;12148;12864;-;136.8	11;10827;11834;-;137.8		9;9931;10617;-;158.3	8;9045;9938;-;147.4	7;7852;9048;-;134.7	6;6799;7848;-;71.5	0;154;2061;-;24.4		pfam	pfam_only	A	7/7	canonical	1	1	unscoreable	7	0	0														not_admitted	not_admitted	not_admitted	not_admitted	not_admitted	not_admitted	not_admitted
CP078039.1	MPF_F	-	237	0	0	GA	0															not_admitted	not_admitted	not_admitted	not_admitted	not_admitted	not_admitted	not_admitted	not_admitted	not_admitted	not_admitted	1	22;27174;28325;+;233.3	198;193013;194407;-;136.3	199;194404;195399;-;168.9	9;10409;13093;+;120.0	197;187679;193009;-;118.9	211;206879;208237;+;92.2	9;10409;13093;+;44.3	209;204956;205612;+;65.1	21;25882;27177;+;60.4	23;28328;32602;+;82.9		8;9668;10396;+;32.1	205;201555;203429;+;34.1	A	9/9	split_2	197211	1	1	186678..187568-;296;unnamed;1
CP078040.1	-	-	253	0	0	GA	0															not_admitted	not_admitted	not_admitted	not_admitted	not_admitted	not_admitted	not_admitted	not_admitted	not_admitted	not_admitted	1	64;52668;53666;-;253.5	168;146460;147869;+;148.8	167;145469;146458;+;173.1	105;95580;98192;-;127.4	169;147882;151718;+;122.7	112;103273;104607;-;103.4	105;95580;98192;-;70.4	114;105707;106387;-;41.1	66;53841;55010;-;56.6	63;49271;52651;-;81.5	120;109480;111387;-;39.7	106;98192;99028;-;69.2	120;109480;111387;-;32.2	A	9/9	split_3	98611	0	1	
CP078109.1	MPF_T	IncN	67	0	0	GA	1	27;19426;20160;-;32.4		24;18469;18786;-;64.4	22;15868;18015;-;116.7	23;17978;18469;-;80.1	21;15137;15850;-;104.4	19;13852;14889;-;141.2		18;12935;13633;-;133.5	17;12040;12924;-;159.4	16;11102;12040;-;55.8	14;9841;10836;-;87.6	7;3375;4904;+;40.1		pfam	both	A	7/7	canonical	1	0	unscoreable	9	0	0														not_admitted	not_admitted	not_admitted	not_admitted	not_admitted	not_admitted	not_admitted
CP079700.1	MPF_T	-	46	0	0	GA	1				18;18663;20678;-;21.9									12;13127;14638;-;466.8		none	none	D	2/7	uncallable	0	0	unscoreable	5	0	0														not_admitted	not_admitted	not_admitted	not_admitted	not_admitted	not_admitted	not_admitted
CP079746.1	-	-	314	0	0	GA	1	145;143148;143753;+;40.5		168;168290;168595;-;24.8	167;165765;168296;-;47.8	167;165765;168296;-;36.6		165;163864;164988;-;41.1		161;160532;161317;-;75.4	160;159744;160535;-;151.1	159;158527;159744;-;172.4	102;107046;108401;-;418.5	183;180998;182902;-;26.6		none	none	A	7/7	canonical	0	0	unscoreable	17	0	0														not_admitted	not_admitted	not_admitted	not_admitted	not_admitted	not_admitted	not_admitted
CP079750.1	MPF_T	-	47	0	0	GA	1	4;4748;5458;-;101.0	3;4444;4737;-;43.3		2;1721;4432;-;78.0	2;1721;4432;-;57.1	1;1083;1724;-;71.2	14;13293;14378;-;71.0		13;12505;13293;-;74.6	12;11753;12490;-;149.0	11;10372;11751;-;180.8	10;9319;10356;-;92.0	6;5722;7239;-;35.6		pfam	both	A	7/7	rearranged	1	0	unscoreable	3	0	0														not_admitted	not_admitted	not_admitted	not_admitted	not_admitted	not_admitted	not_admitted
CP080283.1	MPF_T	-	94	0	0	GA	1	71;49800;50717;+;38.4	58;40416;40877;+;62.4	59;40886;41182;+;30.7	60;41169;43853;+;72.8	60;41169;43853;+;67.9	61;43850;44542;+;77.5	64;45155;46018;+;136.1		66;46307;46693;+;42.9	67;46721;47506;+;178.1	68;47509;48771;+;145.4	70;48995;49816;+;90.5	77;55819;57369;-;62.4		pfam	both	A	7/7	canonical	1	0	unscoreable	9	0	0														not_admitted	not_admitted	not_admitted	not_admitted	not_admitted	not_admitted	not_admitted
CP080431.1	-	-	113	0	0	GA	1	78;68770;69450;-;41.3	77;68441;68773;-;78.2	76;68080;68436;-;82.7	75;65685;68087;-;152.5	75;65685;68087;-;124.8	74;64966;65679;-;176.7	72;63783;64736;-;126.3		70;62804;63487;-;175.1	69;61950;62807;-;194.8	68;60751;61950;-;177.3	67;59744;60754;-;101.7	66;57817;59757;-;343.6		pfam	both	A	7/7	canonical	1	0	unscoreable	2	0	0														not_admitted	not_admitted	not_admitted	not_admitted	not_admitted	not_admitted	not_admitted
CP080433.1	MPF_T	-	75	0	0	GA	1	69;55540;56205;-;28.7	68;55177;55518;-;75.2	67;54826;55152;-;73.2	66;52455;54839;-;164.5	66;52455;54839;-;109.9	65;51728;52441;-;126.8	63;50363;51379;-;124.5		61;49339;50022;-;156.3	60;48500;49342;-;176.3	59;47230;48498;-;175.3	58;46241;47233;-;102.1	57;44362;46263;-;350.5		pfam	both	A	7/7	canonical	1	0	unscoreable	2	0	0														not_admitted	not_admitted	not_admitted	not_admitted	not_admitted	not_admitted	not_admitted
CP080434.1	-	-	51	0	0	GA	1		12;9838;10161;-;85.4	11;9566;9835;-;44.2	10;7081;9564;-;71.1	10;7081;9564;-;128.9	8;6111;6830;-;53.6	6;4101;5813;-;127.4		5;3410;4096;-;170.6	4;2406;3407;-;197.2	3;1165;2403;-;197.1	13;10306;11262;-;131.4	15;13238;15235;-;265.6		conjscan	both	A	7/7	canonical	1	0	unscoreable	3	0	0														not_admitted	not_admitted	not_admitted	not_admitted	not_admitted	not_admitted	not_admitted
CP080653.1	MPF_F	IncFIB(K);IncFII(K)	215	0	0	GA	0															not_admitted	not_admitted	not_admitted	not_admitted	not_admitted	not_admitted	not_admitted	not_admitted	not_admitted	not_admitted	1	162;163357;164349;-;366.6	152;156536;157906;-;380.7	156;159108;159860;-;232.4	165;165375;168014;-;258.7	151;153687;156536;-;345.6	174;171829;173253;-;89.2	165;165375;168014;-;88.8	176;173980;174546;-;167.0	161;162706;163344;-;67.0	160;160703;162709;-;259.0	147;148889;151201;-;392.7	172;170648;171217;-;49.7	147;148889;151201;-;66.5	A	9/9	contiguous	25091	1	1	153126..153674-;182;unnamed;0
CP080654.1	MPF_F	IncFIB(pQil);IncFII(K)	132	0	0	GA	0															not_admitted	not_admitted	not_admitted	not_admitted	not_admitted	not_admitted	not_admitted	not_admitted	not_admitted	not_admitted	1	78;75369;76358;-;366.0	68;68455;69822;-;380.7	72;71080;71832;-;233.7	82;77801;80440;-;258.5	67;65606;68455;-;345.6	90;83697;85121;-;88.8	82;77801;80440;-;88.7	92;85848;86414;-;169.3	77;74718;75356;-;67.0	76;72704;74659;-;259.7	63;60808;63120;-;392.7	89;82999;83583;-;55.4	63;60808;63120;-;66.5	A	9/9	contiguous	25040	1	1	65045..65593-;182;unnamed;0
CP080655.1	MPF_T	IncX3	56	0	0	GA	1	52;41265;41909;-;46.4	51;40991;41281;-;73.1	50;38213;40966;-;47.0	50;38213;40966;-;145.4	50;38213;40966;-;73.3	49;37433;38203;-;60.1	47;36099;37154;-;133.2		46;35176;35904;-;119.4	45;34241;35170;-;138.8	44;33030;34244;-;128.3	42;31800;32834;-;65.7	41;29962;31797;-;495.9		pfam	pfam_only	A	7/7	canonical	1	1	unscoreable	2	0	0														not_admitted	not_admitted	not_admitted	not_admitted	not_admitted	not_admitted	not_admitted
CP080658.1	MPF_F	IncFIB(K);IncFII(K)	217	0	0	GA	0															not_admitted	not_admitted	not_admitted	not_admitted	not_admitted	not_admitted	not_admitted	not_admitted	not_admitted	not_admitted	1	161;163359;164351;-;366.6	151;156538;157908;-;380.7	155;159110;159862;-;232.4	164;165377;168016;-;258.7	150;153689;156538;-;345.6	173;171831;173255;-;89.2	164;165377;168016;-;88.8	175;173982;174548;-;167.0	160;162708;163346;-;67.0	159;160705;162711;-;259.0	146;148891;151203;-;392.7	171;170650;171219;-;49.7	146;148891;151203;-;66.5	A	9/9	contiguous	25091	1	1	153128..153676-;182;unnamed;0
CP080659.1	MPF_T	IncX3	66	0	0	GA	1	6;7209;7853;-;46.4	5;6935;7225;-;73.1	4;4157;6910;-;47.0	4;4157;6910;-;145.4	4;4157;6910;-;73.3		59;46623;47678;-;133.2		58;45700;46428;-;119.4	57;44765;45694;-;138.8	56;43692;44768;-;95.1	53;41124;42158;-;65.7	52;39286;41121;-;495.9		none	none	A	7/7	rearranged	0	1	unscoreable	2	0	0														not_admitted	not_admitted	not_admitted	not_admitted	not_admitted	not_admitted	not_admitted
CP080662.1	MPF_F	IncFIB(K);IncFII(K)	217	0	0	GA	0															not_admitted	not_admitted	not_admitted	not_admitted	not_admitted	not_admitted	not_admitted	not_admitted	not_admitted	not_admitted	1	161;163359;164351;-;366.6	151;156538;157908;-;380.7	155;159110;159862;-;232.4	164;165377;168016;-;258.7	150;153689;156538;-;345.6	173;171831;173255;-;89.2	164;165377;168016;-;88.8	175;173982;174548;-;167.0	160;162708;163346;-;67.0	159;160705;162711;-;259.0	146;148891;151203;-;392.7	171;170650;171219;-;49.7	146;148891;151203;-;66.5	A	9/9	contiguous	25091	1	1	153128..153676-;182;unnamed;0
CP080663.1	MPF_T	IncX3	66	0	0	GA	1	6;7209;7853;-;46.4	5;6935;7225;-;73.1	4;4157;6910;-;47.0	4;4157;6910;-;145.4	4;4157;6910;-;73.3		59;46623;47678;-;133.2		58;45700;46428;-;119.4	57;44765;45694;-;138.8	56;43692;44768;-;95.1	53;41124;42158;-;65.7	52;39286;41121;-;495.9		none	none	A	7/7	rearranged	0	1	unscoreable	2	0	0														not_admitted	not_admitted	not_admitted	not_admitted	not_admitted	not_admitted	not_admitted
CP080666.1	MPF_F	IncFIB(pQil);IncFII(K)	157	0	0	GA	0															not_admitted	not_admitted	not_admitted	not_admitted	not_admitted	not_admitted	not_admitted	not_admitted	not_admitted	not_admitted	1	35;23561;24550;+;366.0	45;30097;31464;+;380.7	41;28087;28839;+;233.7	31;19479;22118;+;258.5	46;31464;34313;+;345.6	23;14798;16222;+;88.8	31;19479;22118;+;88.7	21;13505;14071;+;169.3	36;24563;25201;+;67.0	37;25260;27215;+;259.7	50;36799;39111;+;392.7	24;16336;16920;+;55.4	50;36799;39111;+;66.5	A	9/9	contiguous	23294	1	1	34326..34874+;182;unnamed;0
CP080667.1	MPF_F	IncFIB(K)	143	0	0	GA	0															not_admitted	not_admitted	not_admitted	not_admitted	not_admitted	not_admitted	not_admitted	not_admitted	not_admitted	not_admitted	1	137;118740;119732;+;366.6			134;115075;117714;+;258.7		125;109836;111260;+;89.2	134;115075;117714;+;88.8	123;108543;109109;+;167.0	138;119745;120383;+;67.0	139;120380;122386;+;259.0		127;111872;112441;+;49.7		C	6/9	contiguous	11837	0	1	
CP080668.1	MPF_T	IncX3	64	0	0	GA	1	6;7209;7853;-;46.4	5;6935;7225;-;73.1	4;4157;6910;-;47.0	4;4157;6910;-;145.4	4;4157;6910;-;73.3		58;45423;46478;-;133.2		57;44500;45228;-;119.4	56;43565;44494;-;138.8	55;42354;43568;-;128.3	53;41124;42158;-;65.7	52;39286;41121;-;495.9		none	none	A	7/7	rearranged	0	1	unscoreable	1	0	0														not_admitted	not_admitted	not_admitted	not_admitted	not_admitted	not_admitted	not_admitted
CP080671.1	MPF_F	IncFIB(K);IncFII(K)	217	0	0	GA	0															not_admitted	not_admitted	not_admitted	not_admitted	not_admitted	not_admitted	not_admitted	not_admitted	not_admitted	not_admitted	1	161;163359;164351;-;366.6	151;156538;157908;-;380.7	155;159110;159862;-;232.4	164;165377;168016;-;258.7	150;153689;156538;-;345.6	173;171831;173255;-;89.2	164;165377;168016;-;88.8	175;173982;174548;-;167.0	160;162708;163346;-;67.0	159;160705;162711;-;259.0	146;148891;151203;-;392.7	171;170650;171219;-;49.7	146;148891;151203;-;66.5	A	9/9	contiguous	25091	1	1	153128..153676-;182;unnamed;0
CP080672.1	MPF_T	IncX3	66	0	0	GA	1	6;7209;7853;-;46.4	5;6935;7225;-;73.1	4;4157;6910;-;47.0	4;4157;6910;-;145.4	4;4157;6910;-;73.3		59;46623;47678;-;133.2		58;45700;46428;-;119.4	57;44765;45694;-;138.8	56;43692;44768;-;95.1	53;41124;42158;-;65.7	52;39286;41121;-;495.9		none	none	A	7/7	rearranged	0	1	unscoreable	2	0	0														not_admitted	not_admitted	not_admitted	not_admitted	not_admitted	not_admitted	not_admitted
CP080675.1	MPF_F	IncFIB(K);IncFII(K)	217	0	0	GA	0															not_admitted	not_admitted	not_admitted	not_admitted	not_admitted	not_admitted	not_admitted	not_admitted	not_admitted	not_admitted	1	161;163359;164351;-;366.6	151;156538;157908;-;380.7	155;159110;159862;-;232.4	164;165377;168016;-;258.7	150;153689;156538;-;345.6	173;171831;173255;-;89.2	164;165377;168016;-;88.8	175;173982;174548;-;167.0	160;162708;163346;-;67.0	159;160705;162711;-;259.0	146;148891;151203;-;392.7	171;170650;171219;-;49.7	146;148891;151203;-;66.5	A	9/9	contiguous	25091	1	1	153128..153676-;182;unnamed;0
CP080676.1	MPF_T	IncX3	66	0	0	GA	1	6;7209;7853;-;46.4	5;6935;7225;-;73.1	4;4157;6910;-;47.0	4;4157;6910;-;145.4	4;4157;6910;-;73.3		59;46623;47678;-;133.2		58;45700;46428;-;119.4	57;44765;45694;-;138.8	56;43692;44768;-;95.1	53;41124;42158;-;65.7	52;39286;41121;-;495.9		none	none	A	7/7	rearranged	0	1	unscoreable	2	0	0														not_admitted	not_admitted	not_admitted	not_admitted	not_admitted	not_admitted	not_admitted
CP080679.1	MPF_F	IncFIB(K);IncFII(K)	219	0	0	GA	0															not_admitted	not_admitted	not_admitted	not_admitted	not_admitted	not_admitted	not_admitted	not_admitted	not_admitted	not_admitted	1	161;163451;164440;-;366.0	151;156537;157904;-;380.7	155;159162;159914;-;230.7	165;165883;168522;-;260.4	150;153688;156537;-;345.6	174;172337;173761;-;89.2	165;165883;168522;-;88.7	176;174488;175054;-;167.0	160;162800;163438;-;67.0	159;160786;162741;-;259.1	146;148890;151202;-;392.7	172;171156;171725;-;49.7	146;148890;151202;-;66.5	A	9/9	contiguous	25598	1	1	153127..153675-;182;unnamed;0
CP080680.1	MPF_T	IncX3	64	0	0	GA	1	6;7209;7853;-;46.4	5;6935;7225;-;73.1	4;4157;6910;-;47.0	4;4157;6910;-;145.4	4;4157;6910;-;73.3		58;45423;46478;-;133.2		57;44500;45228;-;119.4	56;43565;44494;-;138.8	55;42354;43568;-;128.3	53;41124;42158;-;65.7	52;39286;41121;-;495.9		none	none	A	7/7	rearranged	0	1	unscoreable	1	0	0														not_admitted	not_admitted	not_admitted	not_admitted	not_admitted	not_admitted	not_admitted
CP080685.1	MPF_F	IncFIB(K);IncFII(K)	217	0	0	GA	0															not_admitted	not_admitted	not_admitted	not_admitted	not_admitted	not_admitted	not_admitted	not_admitted	not_admitted	not_admitted	1	161;163359;164351;-;366.6	151;156538;157908;-;380.7	155;159110;159862;-;232.4	164;165377;168016;-;258.7	150;153689;156538;-;345.6	173;171831;173255;-;89.2	164;165377;168016;-;88.8	175;173982;174548;-;167.0	160;162708;163346;-;67.0	159;160705;162711;-;259.0	146;148891;151203;-;392.7	171;170650;171219;-;49.7	146;148891;151203;-;66.5	A	9/9	contiguous	25091	1	1	153128..153676-;182;unnamed;0
CP080686.1	MPF_T	IncX3	64	0	0	GA	1	6;7209;7853;-;46.4	5;6935;7225;-;73.1	4;4157;6910;-;47.0	4;4157;6910;-;145.4	4;4157;6910;-;73.3		58;45423;46478;-;133.2		57;44500;45228;-;119.4	56;43565;44494;-;138.8	55;42354;43568;-;128.3	53;41124;42158;-;65.7	52;39286;41121;-;495.9		none	none	A	7/7	rearranged	0	1	unscoreable	1	0	0														not_admitted	not_admitted	not_admitted	not_admitted	not_admitted	not_admitted	not_admitted
CP080689.1	MPF_F	IncFIB(K);IncFII(K)	218	0	0	GA	0															not_admitted	not_admitted	not_admitted	not_admitted	not_admitted	not_admitted	not_admitted	not_admitted	not_admitted	not_admitted	1	161;163359;164351;-;366.6	151;156538;157908;-;380.7	155;159110;159862;-;235.3	164;165377;168016;-;258.7	150;153689;156538;-;345.6	173;171831;173255;-;89.2	164;165377;168016;-;88.8	175;173982;174548;-;167.0	160;162708;163346;-;67.0	159;160705;162711;-;259.0	146;148891;151203;-;392.7	171;170650;171219;-;49.7	146;148891;151203;-;66.5	A	9/9	contiguous	25091	1	1	153128..153676-;182;unnamed;0
CP080690.1	MPF_F	IncFIB(pQil);IncFII(K)	126	0	0	GA	0															not_admitted	not_admitted	not_admitted	not_admitted	not_admitted	not_admitted	not_admitted	not_admitted	not_admitted	not_admitted	1	35;23560;24549;+;366.0	45;30096;31463;+;380.7	41;28086;28838;+;233.7	31;19478;22117;+;258.5	46;31463;34312;+;345.6	23;14797;16221;+;88.8	31;19478;22117;+;88.7	21;13504;14070;+;169.3	36;24562;25200;+;67.0	37;25259;27214;+;259.7	50;36798;39110;+;392.7	24;16335;16919;+;55.4	50;36798;39110;+;66.5	A	9/9	contiguous	23294	1	1	34325..34873+;182;unnamed;0
CP080691.1	MPF_T	IncX3	55	0	0	GA	1	42;36011;36655;-;46.4	41;35737;36027;-;73.1	40;32959;35712;-;47.0	40;32959;35712;-;145.4	40;32959;35712;-;73.3	39;32179;32949;-;60.1	37;30845;31900;-;133.2		36;29922;30650;-;119.4	35;28987;29916;-;138.8	34;27776;28990;-;128.3	32;26546;27580;-;65.7	31;24708;26543;-;495.9		pfam	pfam_only	A	7/7	canonical	1	1	unscoreable	2	0	0														not_admitted	not_admitted	not_admitted	not_admitted	not_admitted	not_admitted	not_admitted
CP080694.1	MPF_F	IncFIB(K);IncFII(K)	217	0	0	GA	0															not_admitted	not_admitted	not_admitted	not_admitted	not_admitted	not_admitted	not_admitted	not_admitted	not_admitted	not_admitted	1	161;163359;164351;-;366.6	151;156538;157908;-;380.7	155;159110;159862;-;232.4	164;165377;168016;-;258.7	150;153689;156538;-;345.6	173;171831;173255;-;89.2	164;165377;168016;-;88.8	175;173982;174548;-;167.0	160;162708;163346;-;67.0	159;160705;162711;-;259.0	146;148891;151203;-;392.7	171;170650;171219;-;49.7	146;148891;151203;-;66.5	A	9/9	contiguous	25091	1	1	153128..153676-;182;unnamed;0
CP080695.1	MPF_T	IncX3	64	0	0	GA	1	6;7209;7853;-;46.4	5;6935;7225;-;73.1	4;4157;6910;-;47.0	4;4157;6910;-;145.4	4;4157;6910;-;73.3		58;45423;46478;-;133.2		57;44500;45228;-;119.4	56;43565;44494;-;138.8	55;42354;43568;-;128.3	53;41124;42158;-;65.7	52;39286;41121;-;495.9		none	none	A	7/7	rearranged	0	1	unscoreable	1	0	0														not_admitted	not_admitted	not_admitted	not_admitted	not_admitted	not_admitted	not_admitted
CP080698.1	MPF_F	IncFIB(K);IncFII(K)	217	0	0	GA	0															not_admitted	not_admitted	not_admitted	not_admitted	not_admitted	not_admitted	not_admitted	not_admitted	not_admitted	not_admitted	1	161;163359;164351;-;366.6	151;156538;157908;-;380.7	155;159110;159862;-;232.4	164;165377;168016;-;258.7	150;153689;156538;-;345.6	173;171831;173255;-;89.2	164;165377;168016;-;88.8	175;173982;174548;-;167.0	160;162708;163346;-;67.0	159;160705;162711;-;259.0	146;148891;151203;-;392.7	171;170650;171219;-;49.7	146;148891;151203;-;66.5	A	9/9	contiguous	25091	1	1	153128..153676-;182;unnamed;0
CP080699.1	MPF_F	IncFIB(pQil);IncFII(K)	126	0	0	GA	0															not_admitted	not_admitted	not_admitted	not_admitted	not_admitted	not_admitted	not_admitted	not_admitted	not_admitted	not_admitted	1	90;84543;85532;-;366.0	80;77629;78996;-;380.7	84;80254;81006;-;233.7	94;86975;89614;-;258.5	79;74780;77629;-;345.6	102;92871;94295;-;88.8	94;86975;89614;-;88.7	104;95022;95588;-;169.3	89;83892;84530;-;67.0	88;81878;83833;-;259.7	75;69982;72294;-;392.7	101;92173;92757;-;55.4	75;69982;72294;-;66.5	A	9/9	contiguous	25040	1	1	74219..74767-;182;unnamed;0
CP080700.1	MPF_T	IncX3	64	0	0	GA	1	6;7209;7853;-;46.4	5;6935;7225;-;73.1	4;4157;6910;-;47.0	4;4157;6910;-;145.4	4;4157;6910;-;73.3		58;45423;46478;-;133.2		57;44500;45228;-;119.4	56;43565;44494;-;138.8	55;42354;43568;-;128.3	53;41124;42158;-;65.7	52;39286;41121;-;495.9		none	none	A	7/7	rearranged	0	1	unscoreable	1	0	0														not_admitted	not_admitted	not_admitted	not_admitted	not_admitted	not_admitted	not_admitted
CP080703.1	MPF_F	IncFIB(pQil);IncFII(K)	163	0	0	GA	0															not_admitted	not_admitted	not_admitted	not_admitted	not_admitted	not_admitted	not_admitted	not_admitted	not_admitted	not_admitted	1	109;111095;112084;-;366.0	99;104181;105548;-;380.7	103;106806;107558;-;233.7	113;113527;116166;-;258.5	98;101332;104181;-;345.6	121;119423;120847;-;88.8	113;113527;116166;-;88.7	123;121574;122140;-;169.3	108;110444;111082;-;67.0	107;108430;110385;-;259.7	94;96534;98846;-;392.7	120;118725;119309;-;55.4	94;96534;98846;-;66.5	A	9/9	contiguous	25040	1	1	100771..101319-;182;unnamed;0
CP080704.1	MPF_F	IncFIB(K)	139	0	0	GA	0															not_admitted	not_admitted	not_admitted	not_admitted	not_admitted	not_admitted	not_admitted	not_admitted	not_admitted	not_admitted	1	5;3628;4620;-;366.6			8;5646;8285;-;258.7		17;12100;13524;-;89.2	8;5646;8285;-;88.8	19;14251;14817;-;167.0	4;2977;3615;-;67.0	3;974;2980;-;259.0		15;10919;11488;-;49.7		C	6/9	contiguous	13277	0	1	
CP080705.1	MPF_T	IncX3	64	0	0	GA	1	6;7209;7853;-;46.4	5;6935;7225;-;73.1	4;4157;6910;-;47.0	4;4157;6910;-;145.4	4;4157;6910;-;73.3		58;45423;46478;-;133.2		57;44500;45228;-;119.4	56;43565;44494;-;138.8	55;42354;43568;-;128.3	53;41124;42158;-;65.7	52;39286;41121;-;495.9		none	none	A	7/7	rearranged	0	1	unscoreable	1	0	0														not_admitted	not_admitted	not_admitted	not_admitted	not_admitted	not_admitted	not_admitted
CP080708.1	MPF_F	IncFIB(K);IncFII(K)	217	0	0	GA	0															not_admitted	not_admitted	not_admitted	not_admitted	not_admitted	not_admitted	not_admitted	not_admitted	not_admitted	not_admitted	1	161;163359;164351;-;366.6	151;156538;157908;-;380.7	155;159110;159862;-;232.4	164;165377;168016;-;258.7	150;153689;156538;-;345.6	173;171831;173255;-;89.2	164;165377;168016;-;88.8	175;173982;174548;-;167.0	160;162708;163346;-;67.0	159;160705;162711;-;259.0	146;148891;151203;-;392.7	171;170650;171219;-;49.7	146;148891;151203;-;66.5	A	9/9	contiguous	25091	1	1	153128..153676-;182;unnamed;0
CP080709.1	MPF_T	IncX3	65	0	0	GA	1	6;7209;7853;-;46.4	5;6935;7225;-;73.1	4;4157;6910;-;47.0	4;4157;6910;-;145.4	4;4157;6910;-;73.3		58;45423;46478;-;133.2		57;44500;45228;-;119.4	56;43565;44494;-;138.8	55;42354;43568;-;128.3	53;41124;42158;-;65.7	52;39286;41121;-;495.9		none	none	A	7/7	rearranged	0	1	unscoreable	1	0	0														not_admitted	not_admitted	not_admitted	not_admitted	not_admitted	not_admitted	not_admitted
CP080713.1	MPF_F	IncFIB(K);IncFII(K)	217	0	0	GA	0															not_admitted	not_admitted	not_admitted	not_admitted	not_admitted	not_admitted	not_admitted	not_admitted	not_admitted	not_admitted	1	161;163359;164351;-;366.6	151;156538;157908;-;380.7	155;159110;159862;-;232.4	164;165377;168016;-;258.7	150;153689;156538;-;345.6	173;171831;173255;-;89.2	164;165377;168016;-;88.8	175;173982;174548;-;167.0	160;162708;163346;-;67.0	159;160705;162711;-;259.0	146;148891;151203;-;392.7	171;170650;171219;-;49.7	146;148891;151203;-;66.5	A	9/9	contiguous	25091	1	1	153128..153676-;182;unnamed;0
CP080714.1	MPF_T	IncX3	64	0	0	GA	1	6;7209;7853;-;46.4	5;6935;7225;-;73.1	4;4157;6910;-;47.0	4;4157;6910;-;145.4	4;4157;6910;-;73.3		58;45423;46478;-;133.2		57;44500;45228;-;119.4	56;43565;44494;-;138.8	55;42354;43568;-;128.3	53;41124;42158;-;65.7	52;39286;41121;-;495.9		none	none	A	7/7	rearranged	0	1	unscoreable	1	0	0														not_admitted	not_admitted	not_admitted	not_admitted	not_admitted	not_admitted	not_admitted
CP080717.1	MPF_F	IncFIB(K);IncFII(K)	217	0	0	GA	0															not_admitted	not_admitted	not_admitted	not_admitted	not_admitted	not_admitted	not_admitted	not_admitted	not_admitted	not_admitted	1	161;163359;164351;-;366.6	151;156538;157908;-;380.7	155;159110;159862;-;232.4	164;165377;168016;-;258.7	150;153689;156538;-;345.6	173;171831;173255;-;89.2	164;165377;168016;-;88.8	175;173982;174548;-;167.0	160;162708;163346;-;67.0	159;160705;162711;-;259.0	146;148891;151203;-;392.7	171;170650;171219;-;49.7	146;148891;151203;-;66.5	A	9/9	contiguous	25091	1	1	153128..153676-;182;unnamed;0
CP080718.1	MPF_F	IncFII(K)	61	0	0	GA	0															not_admitted	not_admitted	not_admitted	not_admitted	not_admitted	not_admitted	not_admitted	not_admitted	not_admitted	not_admitted	1	25;26822;27811;-;366.0	15;19908;21275;-;380.7	19;22533;23285;-;233.7	29;29254;31893;-;258.5	14;17059;19908;-;345.6	37;35150;36574;-;88.8	29;29254;31893;-;88.7	39;37301;37867;-;169.3	24;26171;26809;-;67.0	23;24157;26112;-;259.7	10;12261;14573;-;392.7	36;34452;35036;-;55.4	10;12261;14573;-;66.5	A	9/9	contiguous	25040	1	1	16498..17046-;182;unnamed;0
CP080719.1	MPF_T	IncX3	57	0	0	GA	1	21;12973;13617;+;46.4	22;13601;13891;+;73.1	23;13916;16669;+;47.0	23;13916;16669;+;145.4	23;13916;16669;+;73.3		34;27640;28695;+;133.2		35;28890;29618;+;119.4	36;29624;30553;+;138.8	37;30550;31764;+;128.3	39;31960;32994;+;65.7	40;32997;34832;+;495.9		none	none	A	7/7	canonical	0	1	unscoreable	1	0	0														not_admitted	not_admitted	not_admitted	not_admitted	not_admitted	not_admitted	not_admitted
CP080723.1	MPF_F	IncFIB(K);IncFII(K)	218	0	0	GA	0															not_admitted	not_admitted	not_admitted	not_admitted	not_admitted	not_admitted	not_admitted	not_admitted	not_admitted	not_admitted	1	161;163451;164440;-;366.0	151;156537;157904;-;380.7	155;159162;159914;-;233.7	165;165883;168522;-;260.4	150;153688;156537;-;345.6	174;172337;173761;-;89.2	165;165883;168522;-;88.7	176;174488;175054;-;167.0	160;162800;163438;-;67.0	159;160786;162741;-;259.7	146;148890;151202;-;392.7	172;171156;171725;-;49.7	146;148890;151202;-;66.5	A	9/9	contiguous	25598	1	1	153127..153675-;182;unnamed;0
CP080724.1	MPF_T	IncX3	64	0	0	GA	1	6;7209;7853;-;46.4	5;6935;7225;-;73.1	4;4157;6910;-;47.0	4;4157;6910;-;145.4	4;4157;6910;-;73.3		58;45423;46478;-;133.2		57;44500;45228;-;119.4	56;43565;44494;-;138.8	55;42354;43568;-;128.3	53;41124;42158;-;65.7	52;39286;41121;-;495.9		none	none	A	7/7	rearranged	0	1	unscoreable	1	0	0														not_admitted	not_admitted	not_admitted	not_admitted	not_admitted	not_admitted	not_admitted
CP080727.1	MPF_F	IncFIB(K);IncFII(K)	218	0	0	GA	0															not_admitted	not_admitted	not_admitted	not_admitted	not_admitted	not_admitted	not_admitted	not_admitted	not_admitted	not_admitted	1	161;163451;164440;-;366.0	151;156537;157904;-;380.7	155;159162;159914;-;233.7	165;165883;168522;-;260.4	150;153688;156537;-;345.6	174;172337;173761;-;89.2	165;165883;168522;-;88.7	176;174488;175054;-;167.0	160;162800;163438;-;67.0	159;160786;162741;-;259.7	146;148890;151202;-;392.7	172;171156;171725;-;49.7	146;148890;151202;-;66.5	A	9/9	contiguous	25598	1	1	153127..153675-;182;unnamed;0
CP080728.1	MPF_T	IncX3	64	0	0	GA	1	6;7209;7853;-;46.4	5;6935;7225;-;73.1	4;4157;6910;-;47.0	4;4157;6910;-;145.4	4;4157;6910;-;73.3		58;45423;46478;-;133.2		57;44500;45228;-;119.4	56;43565;44494;-;138.8	55;42354;43568;-;128.3	53;41124;42158;-;65.7	52;39286;41121;-;495.9		none	none	A	7/7	rearranged	0	1	unscoreable	1	0	0														not_admitted	not_admitted	not_admitted	not_admitted	not_admitted	not_admitted	not_admitted
CP080731.1	MPF_F	IncFIB(K);IncFII(K)	217	0	0	GA	0															not_admitted	not_admitted	not_admitted	not_admitted	not_admitted	not_admitted	not_admitted	not_admitted	not_admitted	not_admitted	1	161;163359;164351;-;366.6	151;156538;157908;-;380.7	155;159110;159862;-;232.4	164;165377;168016;-;258.7	150;153689;156538;-;345.6	173;171831;173255;-;89.2	164;165377;168016;-;88.8	175;173982;174548;-;167.0	160;162708;163346;-;67.0	159;160705;162711;-;259.0	146;148891;151203;-;392.7	171;170650;171219;-;49.7	146;148891;151203;-;66.5	A	9/9	contiguous	25091	1	1	153128..153676-;182;unnamed;0
CP080732.1	MPF_T	IncX3	64	0	0	GA	1	6;7209;7853;-;46.4	5;6935;7225;-;73.1	4;4157;6910;-;47.0	4;4157;6910;-;145.4	4;4157;6910;-;73.3		58;45423;46478;-;133.2		57;44500;45228;-;119.4	56;43565;44494;-;138.8	55;42354;43568;-;128.3	53;41124;42158;-;65.7	52;39286;41121;-;495.9		none	none	A	7/7	rearranged	0	1	unscoreable	1	0	0														not_admitted	not_admitted	not_admitted	not_admitted	not_admitted	not_admitted	not_admitted
CP080735.1	MPF_F	IncFIB(K);IncFII(K)	217	0	0	GA	0															not_admitted	not_admitted	not_admitted	not_admitted	not_admitted	not_admitted	not_admitted	not_admitted	not_admitted	not_admitted	1	161;163359;164351;-;366.6	151;156538;157908;-;380.7	155;159110;159862;-;232.4	164;165377;168016;-;258.7	150;153689;156538;-;345.6	173;171831;173255;-;89.2	164;165377;168016;-;88.8	175;173982;174548;-;167.0	160;162708;163346;-;67.0	159;160705;162711;-;259.0	146;148891;151203;-;392.7	171;170650;171219;-;49.7	146;148891;151203;-;66.5	A	9/9	contiguous	25091	1	1	153128..153676-;182;unnamed;0
CP080736.1	MPF_T	IncX3	64	0	0	GA	1	6;7209;7853;-;46.4	5;6935;7225;-;73.1	4;4157;6910;-;47.0	4;4157;6910;-;145.4	4;4157;6910;-;73.3		58;45423;46478;-;133.2		57;44500;45228;-;119.4	56;43565;44494;-;138.8	55;42354;43568;-;128.3	53;41124;42158;-;65.7	52;39286;41121;-;495.9		none	none	A	7/7	rearranged	0	1	unscoreable	1	0	0														not_admitted	not_admitted	not_admitted	not_admitted	not_admitted	not_admitted	not_admitted
CP080739.1	MPF_F	IncFIB(K);IncFII(K)	217	0	0	GA	0															not_admitted	not_admitted	not_admitted	not_admitted	not_admitted	not_admitted	not_admitted	not_admitted	not_admitted	not_admitted	1	161;163359;164351;-;366.6	151;156538;157908;-;380.7	155;159110;159862;-;235.3	164;165377;168016;-;258.7	150;153689;156538;-;345.6	173;171831;173255;-;89.2	164;165377;168016;-;88.8	175;173982;174548;-;167.0	160;162708;163346;-;67.0	159;160705;162711;-;259.6	146;148891;151203;-;392.7	171;170650;171219;-;49.7	146;148891;151203;-;66.5	A	9/9	contiguous	25091	1	1	153128..153676-;182;unnamed;0
CP080740.1	MPF_T	IncX3	64	0	0	GA	1	6;7209;7853;-;46.4	5;6935;7225;-;73.1	4;4157;6910;-;47.0	4;4157;6910;-;145.4	4;4157;6910;-;73.3		58;45423;46478;-;133.2		57;44500;45228;-;119.4	56;43565;44494;-;138.8	55;42354;43568;-;128.3	53;41124;42158;-;65.7	52;39286;41121;-;495.9		none	none	A	7/7	rearranged	0	1	unscoreable	1	0	0														not_admitted	not_admitted	not_admitted	not_admitted	not_admitted	not_admitted	not_admitted
CP080746.1	MPF_F	IncFIB(K);IncFII(K)	217	0	0	GA	0															not_admitted	not_admitted	not_admitted	not_admitted	not_admitted	not_admitted	not_admitted	not_admitted	not_admitted	not_admitted	1	161;163359;164351;-;366.6	151;156538;157908;-;380.7	155;159110;159862;-;232.4	164;165377;168016;-;258.7	150;153689;156538;-;345.6	173;171831;173255;-;89.2	164;165377;168016;-;88.8	175;173982;174548;-;167.0	160;162708;163346;-;67.0	159;160705;162711;-;259.0	146;148891;151203;-;392.7	171;170650;171219;-;49.7	146;148891;151203;-;66.5	A	9/9	contiguous	25091	1	1	153128..153676-;182;unnamed;0
CP080747.1	MPF_T	IncX3	64	0	0	GA	1	6;7209;7853;-;46.4	5;6935;7225;-;73.1	4;4157;6910;-;47.0	4;4157;6910;-;145.4	4;4157;6910;-;73.3		58;45423;46478;-;133.2		57;44500;45228;-;119.4	56;43565;44494;-;138.8	55;42354;43568;-;128.3	53;41124;42158;-;65.7	52;39286;41121;-;495.9		none	none	A	7/7	rearranged	0	1	unscoreable	1	0	0														not_admitted	not_admitted	not_admitted	not_admitted	not_admitted	not_admitted	not_admitted
CP080752.1	MPF_F	IncFIB(K);IncFII(K)	213	0	0	GA	0															not_admitted	not_admitted	not_admitted	not_admitted	not_admitted	not_admitted	not_admitted	not_admitted	not_admitted	not_admitted	1	39;26502;27494;+;366.6	49;32945;34315;+;380.7	45;30991;31743;+;232.4	36;22837;25476;+;258.7	50;34315;37164;+;345.6	27;17598;19022;+;89.2	36;22837;25476;+;88.8	25;16305;16871;+;167.0	40;27507;28145;+;67.0	41;28142;30148;+;259.0	54;39650;41962;+;392.7	29;19634;20203;+;49.7	54;39650;41962;+;66.5	A	9/9	contiguous	23345	1	1	37177..37725+;182;unnamed;0
CP080753.1	MPF_F	IncFIB(pQil)	98	0	0	GA	0															not_admitted	not_admitted	not_admitted	not_admitted	not_admitted	not_admitted	not_admitted	not_admitted	not_admitted	not_admitted	1	88;64997;65986;+;366.0		94;69523;70275;+;233.7	84;60915;63554;+;258.5		76;56234;57658;+;88.8	84;60915;63554;+;88.7	74;54941;55507;+;169.3	89;65999;66637;+;67.0	90;66696;68651;+;259.7		77;57772;58356;+;55.4		C	7/9	contiguous	14582	0	1	
CP080754.1	MPF_T	IncX3	64	0	0	GA	1	6;7209;7853;-;46.4	5;6935;7225;-;73.1	4;4157;6910;-;47.0	4;4157;6910;-;145.4	4;4157;6910;-;73.3		58;45423;46478;-;133.2		57;44500;45228;-;119.4	56;43565;44494;-;138.8	55;42354;43568;-;128.3	53;41124;42158;-;65.7	52;39286;41121;-;495.9		none	none	A	7/7	rearranged	0	1	unscoreable	1	0	0														not_admitted	not_admitted	not_admitted	not_admitted	not_admitted	not_admitted	not_admitted
CP081140.1	MPF_F	-	103	0	0	GA	0															not_admitted	not_admitted	not_admitted	not_admitted	not_admitted	not_admitted	not_admitted	not_admitted	not_admitted	not_admitted	1	90;58051;59094;+;369.2	95;63077;64504;+;325.8	93;61863;62675;+;219.1	86;53763;56489;+;164.6	96;64520;67522;+;208.7	82;50765;52081;+;102.7	86;53763;56489;+;108.4	80;49474;50052;+;83.7	91;59109;59816;+;107.6	92;59813;61870;+;91.0	59;34425;36584;+;381.3	85;53109;53753;+;41.9	59;34425;36584;+;90.0	A	9/9	contiguous	30095	1	1	67594..68112+;172;unnamed;0
CP081141.1	-	-	91	0	0	GA	0															not_admitted	not_admitted	not_admitted	not_admitted	not_admitted	not_admitted	not_admitted	not_admitted	not_admitted	not_admitted	1	62;42737;43774;+;362.2	66;48018;49442;+;304.0	65;47184;48008;+;224.1	58;38539;41148;+;180.9	67;49457;52432;+;196.6	55;35803;37122;+;108.1	58;38539;41148;+;108.7	53;34511;35083;+;107.7	63;43786;44514;+;95.9	64;44507;47197;+;112.7	44;25263;27392;+;395.2	57;37842;38534;+;37.8	44;25263;27392;+;86.9	A	9/9	contiguous	24194	1	1	52477..53025+;182;unnamed;0
CP081145.1	MPF_F	-	216	0	0	GA	0															not_admitted	not_admitted	not_admitted	not_admitted	not_admitted	not_admitted	not_admitted	not_admitted	not_admitted	not_admitted	1	203;151551;152594;+;369.2	208;156577;158004;+;325.8	46;37464;38288;+;224.1	39;28819;31428;+;180.9	209;158020;161022;+;208.7	36;26083;27402;+;108.1	39;28819;31428;+;108.7	34;24791;25363;+;107.7	204;152609;153316;+;107.6	45;34787;37477;+;112.7	113;82771;84900;+;395.2	198;146609;147253;+;41.9	166;124793;126952;+;90.0	A	9/9	split_4	133229	1	1	161094..161612+;172;unnamed;0
CP082148.1	MPF_F	IncHI2;IncHI2A	369	0	0	GA	0															not_admitted	not_admitted	not_admitted	not_admitted	not_admitted	not_admitted	not_admitted	not_admitted	not_admitted	not_admitted	1	159;136243;137301;-;276.5	264;236203;237618;+;194.1	263;235167;236213;+;173.2	177;157939;160620;-;168.0	265;237627;241577;+;101.6	181;162950;164305;-;80.7	177;157939;160620;-;72.2	184;166029;166817;-;74.8	161;137443;138954;-;62.9	158;133036;136224;-;58.3	257;226084;228168;-;56.7	178;160629;161579;-;46.4	257;226084;228168;-;38.8	A	9/9	split_3	104591	0	1	
CP082149.1	MPF_F	IncC;repHI5B	274	0	0	GA	0															not_admitted	not_admitted	not_admitted	not_admitted	not_admitted	not_admitted	not_admitted	not_admitted	not_admitted	not_admitted	1	229;182668;183675;+;332.9	119;100812;102245;+;339.2	118;99782;100810;+;221.7	224;177469;179916;+;354.5	120;102258;105872;+;375.3	176;138165;139325;+;156.3	224;177469;179916;+;128.3	217;167073;167699;+;92.7	227;180738;182003;+;67.9	230;183791;186589;+;145.3	208;161398;163263;+;47.3	220;169910;170488;+;100.2	208;161398;163263;+;52.0	A	9/9	split_3	84009	0	1	
CP082328.1	MPF_F	IncFII	123	0	0	GA	0															not_admitted	not_admitted	not_admitted	not_admitted	not_admitted	not_admitted	not_admitted	not_admitted	not_admitted	not_admitted	1	38;20828;21136;-;89.8	26;14000;14356;-;101.3	31;16946;17284;-;43.3	46;23781;24419;-;111.2	22;12159;12671;-;128.7	56;29558;29872;-;35.9		60;31784;32050;-;85.6	34;19260;19862;-;44.8	32;17937;18335;-;137.9	11;6894;7094;-;70.9	52;28074;28367;-;39.9	11;6894;7094;-;51.9	A	9/9	contiguous	24890	1	1	11697..12128-;143;unnamed;0
CP082329.1	MPF_F	IncFIA;IncFIB(AP001918);IncFII	256	0	0	GA	0															not_admitted	not_admitted	not_admitted	not_admitted	not_admitted	not_admitted	not_admitted	not_admitted	not_admitted	not_admitted	1	133;78628;79002;-;141.7	117;72340;72759;-;131.6	125;75425;75763;-;98.7	142;81886;82524;-;105.7	111;70212;70703;-;113.8			149;87571;87897;-;102.0	131;77788;78300;-;42.2	127;76419;76862;-;142.4	103;65320;66054;-;127.5		103;65320;66054;-;70.1	B	8/9	contiguous	22251	1	1	69886..70260-;124;unnamed;0
CP082373.1	MPF_F	IncC	186	0	0	GA	0															not_admitted	not_admitted	not_admitted	not_admitted	not_admitted	not_admitted	not_admitted	not_admitted	not_admitted	not_admitted	1	103;84032;85039;+;332.9	4;3992;5425;+;339.2	3;2962;3990;+;221.7	98;78833;81280;+;354.2	5;5438;9052;+;375.3	89;65522;66838;+;135.0	98;78833;81280;+;128.6	87;63998;64624;+;92.1	101;82102;83367;+;67.6	104;85155;87950;+;145.3	78;58323;60188;+;47.5	90;66835;67413;+;100.2	78;58323;60188;+;52.0	A	9/9	split_2	82193	0	1	
CP082375.1	MPF_F	IncC	144	0	0	GA	0															not_admitted	not_admitted	not_admitted	not_admitted	not_admitted	not_admitted	not_admitted	not_admitted	not_admitted	not_admitted	1	63;54139;55146;+;332.9	99;86317;87750;+;339.2	98;85287;86315;+;221.7	58;48940;51387;+;354.2	100;87763;91377;+;375.3	49;35629;36945;+;135.0	58;48940;51387;+;128.6	47;34105;34731;+;92.1	61;52209;53474;+;67.6	64;55262;58057;+;145.3	38;28430;30295;+;47.4	50;36942;37520;+;100.2	38;28430;30295;+;52.0	A	9/9	split_2	59333	0	1	
CP082377.1	MPF_F	IncFIA;IncFIB(AP001918);IncFIC(FII)	163	0	0	GA	0															not_admitted	not_admitted	not_admitted	not_admitted	not_admitted	not_admitted	not_admitted	not_admitted	not_admitted	not_admitted	1	104;111789;112781;-;369.3	93;104730;106103;-;378.0	100;108317;109060;-;234.5	107;113790;116417;-;305.4	92;101911;104733;-;389.5	113;118472;119929;-;93.5	107;113790;116417;-;98.5	115;120616;121182;-;182.9	103;111142;111780;-;68.4	102;109337;111145;-;268.4	89;98229;100382;-;391.9	109;116933;117448;-;78.4	89;98229;100382;-;70.4	A	9/9	contiguous	22387	1	1	101398..101889-;163;TraS;0
CP082383.2	MPF_F	IncHI2;IncHI2A	293	0	0	GA	0															not_admitted	not_admitted	not_admitted	not_admitted	not_admitted	not_admitted	not_admitted	not_admitted	not_admitted	not_admitted	1		188;182468;183883;-;194.1	189;183873;184919;-;173.7	11;9543;12224;+;168.0	187;178509;182459;-;101.6	7;5858;7213;+;80.7	11;9543;12224;+;72.2	4;3346;4134;+;74.8			195;191960;194044;+;56.7	10;8584;9534;+;46.4	195;191960;194044;+;38.8	C	6/9	split_2	188614	0	0	
CP082385.1	MPF_F	IncFIC(FII)	112	0	0	GA	0															not_admitted	not_admitted	not_admitted	not_admitted	not_admitted	not_admitted	not_admitted	not_admitted	not_admitted	not_admitted	1	8;8175;9167;-;369.3	0;2106;3479;-;380.7	4;4700;5443;-;232.7	11;10176;12803;-;303.5		15;14715;16142;-;94.3	11;10176;12803;-;100.3	17;16857;17423;-;183.8	7;7528;8166;-;68.3	6;5723;7531;-;268.3	108;98247;100427;-;391.8	12;13319;13834;-;78.0	108;98247;100427;-;70.4	B	8/9	split_2	96141	0	1	
CP082395.1	MPF_F	IncC;IncHI2;IncHI2A	313	0	0	GA	0															not_admitted	not_admitted	not_admitted	not_admitted	not_admitted	not_admitted	not_admitted	not_admitted	not_admitted	not_admitted	1	216;192880;193887;+;332.9			211;187681;190128;+;354.2		200;174370;175686;+;135.0	211;187681;190128;+;128.6	198;172846;173472;+;92.1	214;190950;192215;+;67.6	217;194003;196798;+;145.3	189;167171;169036;+;47.4	201;175683;176261;+;100.2	189;167171;169036;+;52.0	C	6/9	contiguous	26832	0	1	
CP082405.1	MPF_T	IncFII(S);IncFII(pAR0022);IncX1	92	0	0	GA	1	19;19713;20360;-;45.2	18;19439;19735;-;77.5	17;16667;19420;-;46.6	17;16667;19420;-;148.0	17;16667;19420;-;75.3	16;15898;16656;-;65.9	14;14527;15660;-;108.9		13;13569;14282;-;120.0	12;12635;13564;-;129.7	11;11433;12638;-;132.5	10;10667;11431;-;55.2	9;8563;10398;-;486.5		pfam	pfam_only	A	7/7	canonical	1	1	unscoreable	1	0	0														not_admitted	not_admitted	not_admitted	not_admitted	not_admitted	not_admitted	not_admitted
CP082407.1	MPF_F	IncC	209	0	0	GA	0															not_admitted	not_admitted	not_admitted	not_admitted	not_admitted	not_admitted	not_admitted	not_admitted	not_admitted	not_admitted	1	174;144348;145355;+;332.9	66;59163;60596;+;339.2	65;58133;59161;+;221.7	169;139149;141596;+;354.2	67;60609;64223;+;375.3	160;125838;127154;+;135.0	169;139149;141596;+;128.6	158;124314;124940;+;92.1	172;142418;143683;+;67.6	175;145471;148266;+;145.3	149;118639;120504;+;47.4	161;127151;127729;+;100.2	149;118639;120504;+;52.0	A	9/9	split_2	87338	0	1	
CP082410.1	MPF_F	IncC	212	0	0	GA	0															not_admitted	not_admitted	not_admitted	not_admitted	not_admitted	not_admitted	not_admitted	not_admitted	not_admitted	not_admitted	1	123;100675;101682;+;332.9	2;2665;4098;+;339.2	1;1635;2663;+;221.7	118;95476;97923;+;354.2	3;4111;7725;+;375.3	109;82165;83481;+;135.0	118;95476;97923;+;128.6	107;80641;81267;+;92.1	121;98745;100010;+;67.6	124;101798;104593;+;145.3	98;74966;76831;+;47.4	110;83478;84056;+;100.2	98;74966;76831;+;52.0	A	9/9	split_2	100163	0	1	
CP082416.1	MPF_T	IncX1	37	0	0	GA	1	22;21054;21701;+;45.2	23;21679;21975;+;77.5	24;21994;24747;+;46.6	24;21994;24747;+;148.1	24;21994;24747;+;75.3	25;24758;25507;+;66.6	27;25818;26879;+;134.6		28;27124;27837;+;120.0	29;27842;28771;+;133.8	30;28768;29973;+;134.4	31;29975;31006;+;76.5	32;31009;32844;+;488.6		pfam	pfam_only	A	7/7	canonical	1	1	unscoreable	1	0	0														not_admitted	not_admitted	not_admitted	not_admitted	not_admitted	not_admitted	not_admitted
CP082418.1	MPF_F	IncHI2;IncHI2A	305	0	0	GA	0															not_admitted	not_admitted	not_admitted	not_admitted	not_admitted	not_admitted	not_admitted	not_admitted	not_admitted	not_admitted	1	275;243218;244276;-;276.9	122;105080;106495;+;194.1	121;104044;105090;+;173.7	293;264915;267596;-;168.0	123;106504;110454;+;98.5	297;269926;271281;-;80.7	293;264915;267596;-;72.2	300;273005;273793;-;74.8	277;244418;245929;-;62.7	274;240011;243199;-;58.3	115;94919;97003;-;56.7	294;267605;268555;-;46.4	115;94919;97003;-;38.8	A	9/9	split_3	178086	0	1	
CP082423.2	MPF_F	IncHI1A(NDM-CIT);IncHI1B(pNDM-CIT)	361	1	1	GA	1		104;102487;102873;-;89.6	103;102221;102490;-;32.5	102;99758;102208;-;37.9	102;99758;102208;-;125.2	101;99018;99761;-;226.2	99;97360;98682;-;179.4		98;96637;97341;-;235.7	97;95648;96640;-;223.1	96;94362;95645;-;206.6	105;102860;103939;-;118.3	107;104409;106406;-;345.5	67;66084;69260;+;57.9	conjscan	conjscan_only	A	7/7	canonical	1	0	unscoreable	3	0	1	66;65358;66065;+;214.6	259;244669;246084;-;200.0	260;246074;247120;-;168.3	49;43889;46570;+;156.8	258;240671;244660;-;103.1	96;94362;95645;-;206.6	49;43889;46570;+;73.5	42;37731;38516;+;69.5	64;63357;64865;+;62.3	67;66084;69260;+;57.9	107;104409;106406;-;101.4	48;42930;43880;+;45.4	107;104409;106406;-;98.9	A	9/9	split_3	208343	0	1	
CP082424.2	MPF_F	IncFIB(S);IncFII(S);IncFII(pAR0022)	117	0	0	GA	0															not_admitted	not_admitted	not_admitted	not_admitted	not_admitted	not_admitted	not_admitted	not_admitted	not_admitted	not_admitted	1	76;57639;58631;+;366.7	85;63879;65261;+;392.4	82;62098;62847;+;231.0	73;54004;56652;+;314.1	86;65258;68080;+;394.4	65;50050;51471;+;91.5	73;54004;56652;+;97.8	63;48757;49323;+;188.1	78;58943;59581;+;70.6	80;60034;61860;+;271.0	89;69734;72013;+;371.4	68;52277;52792;+;96.7	89;69734;72013;+;69.5	A	9/9	contiguous	20977	1	1	68102..68590+;162;TraS;0
CP082427.1	MPF_F	IncHI2;IncHI2A	251	0	0	GA	0															not_admitted	not_admitted	not_admitted	not_admitted	not_admitted	not_admitted	not_admitted	not_admitted	not_admitted	not_admitted	1	248;233188;234246;+;276.9	127;116829;118244;-;194.1	128;118234;119280;-;174.3	231;208083;210764;+;168.0	126;112867;116820;-;101.6	227;204398;205753;+;80.7	231;208083;210764;+;72.2	223;200548;201336;+;74.8	246;231535;233046;+;62.0		135;126322;128406;+;56.8	230;207124;208074;+;46.1	135;126322;128406;+;38.8	B	8/9	split_3	120321	1	0	111397..112686-;429;unnamed;0
CP082428.1	MPF_F	IncC	191	0	0	GA	0															not_admitted	not_admitted	not_admitted	not_admitted	not_admitted	not_admitted	not_admitted	not_admitted	not_admitted	not_admitted	1	31;26431;27438;-;332.9	140;112743;114176;-;339.2	141;114178;115206;-;221.7	36;30190;32637;-;354.2	139;109116;112730;-;375.3	45;44632;45948;-;135.0	36;30190;32637;-;128.6	47;46846;47472;-;92.1	33;28103;29368;-;67.6	30;23520;26315;-;145.3	56;51282;53147;-;47.4	44;44057;44635;-;100.2	56;51282;53147;-;52.0	A	9/9	split_2	90658	0	1	
CP082430.1	MPF_F	IncFIB(S);IncFII(S);IncFII(pAR0022)	119	0	0	GA	0															not_admitted	not_admitted	not_admitted	not_admitted	not_admitted	not_admitted	not_admitted	not_admitted	not_admitted	not_admitted	1	32;21343;22335;+;366.7	41;27583;28965;+;392.4	38;25802;26551;+;231.0	29;17708;20356;+;314.1	42;28962;31784;+;394.4	21;13754;15175;+;91.5	29;17708;20356;+;97.8	19;12461;13027;+;188.1	34;22647;23285;+;70.6	36;23738;25564;+;271.0	45;33438;35681;+;371.4	24;15981;16496;+;96.7	45;33438;35681;+;69.6	A	9/9	contiguous	20977	1	1	31806..32294+;162;TraS;0
CP082433.1	MPF_T	IncFIB(K);IncN	103	0	0	GA	1	14;10720;11382;-;48.3	13;10410;10709;-;36.6	12;7650;10400;-;61.8	12;7650;10400;-;134.0	12;7650;10400;-;47.3	11;6915;7631;-;137.0	9;5594;6601;-;137.8		7;4698;5384;-;158.2	6;3812;4705;-;147.4	5;2619;3815;-;131.8	4;1566;2615;-;71.5	100;92508;94415;-;24.4		pfam	pfam_only	A	7/7	canonical	1	1	unscoreable	2	0	0														not_admitted	not_admitted	not_admitted	not_admitted	not_admitted	not_admitted	not_admitted
CP082437.1	MPF_F	IncC	178	0	0	GA	0															not_admitted	not_admitted	not_admitted	not_admitted	not_admitted	not_admitted	not_admitted	not_admitted	not_admitted	not_admitted	1	67;58063;59070;+;332.9	139;119111;120544;+;339.2	138;118081;119109;+;221.7	62;52864;55311;+;354.2	140;120557;124171;+;375.3	53;39553;40869;+;135.0	62;52864;55311;+;128.6	51;38029;38655;+;92.1	65;56133;57398;+;67.6	68;59186;61981;+;145.3	42;32354;34219;+;47.4	54;40866;41444;+;100.2	42;32354;34219;+;52.0	A	9/9	split_2	88203	0	1	
CP082438.1	MPF_T	IncFII(29);IncFII(p96A)	55	0	0	GA	1	45;40468;40950;+;89.1	18;15268;15621;+;32.6	19;15621;15992;+;35.8	20;15949;18441;+;62.7		22;19990;20667;+;51.4	24;21156;22100;+;115.7		25;22369;23106;+;101.3	26;23103;23918;+;160.4	28;24777;25382;+;134.8	38;33850;35412;+;195.5	32;27157;28776;+;236.8		pfam	pfam_only	A	7/7	canonical	1	0	unscoreable	15	0	0														not_admitted	not_admitted	not_admitted	not_admitted	not_admitted	not_admitted	not_admitted
CP082440.1	MPF_F	IncC	142	0	0	GA	0															not_admitted	not_admitted	not_admitted	not_admitted	not_admitted	not_admitted	not_admitted	not_admitted	not_admitted	not_admitted	1	91;78216;79223;+;332.9	118;104846;106279;+;339.2	117;103816;104844;+;221.7	86;73017;75464;+;354.2	119;106292;109906;+;375.3	70;48075;49391;+;135.0	86;73017;75464;+;128.6	68;46551;47177;+;92.1	89;76286;77551;+;67.6	92;79339;82134;+;145.3	59;40876;42741;+;47.4	71;49388;49966;+;100.2	59;40876;42741;+;52.0	A	9/9	split_3	65416	0	1	
CP082444.1	MPF_F	IncHI2;IncHI2A	317	0	0	GA	0															not_admitted	not_admitted	not_admitted	not_admitted	not_admitted	not_admitted	not_admitted	not_admitted	not_admitted	not_admitted	1	133;128065;129123;-;276.9	264;247633;249048;+;194.1	263;246597;247643;+;173.7	150;148696;151377;-;168.0	265;249057;253007;+;101.6	154;153707;155062;-;80.7	150;148696;151377;-;72.2	157;156786;157574;-;74.8	135;129265;130776;-;62.7	132;124858;128046;-;58.3	257;237473;239557;-;56.7	151;151386;152336;-;46.4	257;237473;239557;-;38.8	A	9/9	split_2	124199	0	1	
CP082450.1	MPF_F	IncC	194	0	0	GA	0															not_admitted	not_admitted	not_admitted	not_admitted	not_admitted	not_admitted	not_admitted	not_admitted	not_admitted	not_admitted	1	162;134046;135053;+;332.9	31;29973;31406;-;339.2	32;31408;32436;-;221.7	157;128847;131294;+;354.2	30;26346;29960;-;375.3	148;115536;116852;+;135.0	157;128847;131294;+;128.6	146;114012;114638;+;92.1	160;132116;133381;+;67.6	163;135169;137964;+;145.3	137;108337;110202;+;47.4	149;116849;117427;+;100.2	137;108337;110202;+;52.0	A	9/9	split_2	108823	0	1	
CP082452.1	MPF_F	IncC	180	0	0	GA	0															not_admitted	not_admitted	not_admitted	not_admitted	not_admitted	not_admitted	not_admitted	not_admitted	not_admitted	not_admitted	1	7;11177;12184;+;332.9	56;55115;56548;-;339.2	57;56550;57578;-;221.7	2;5978;8425;+;354.2	55;51488;55102;-;375.3	173;140678;141994;+;135.0	2;5978;8425;+;128.6	171;139154;139780;+;92.1	5;9247;10512;+;67.6	8;12300;15095;+;145.3	162;133479;135344;+;47.4	174;141991;142569;+;100.2	162;133479;135344;+;52.0	A	9/9	split_3	136013	0	1	
CP082465.1	MPF_F	IncHI2;IncHI2A	331	0	0	GA	0															not_admitted	not_admitted	not_admitted	not_admitted	not_admitted	not_admitted	not_admitted	not_admitted	not_admitted	not_admitted	1	101;91237;92295;-;276.9	234;210373;211788;-;194.1	235;211778;212824;-;173.7	121;112930;115611;-;168.0	233;206414;210364;-;101.6	125;117941;119296;-;80.7	121;112930;115611;-;72.2	128;121020;121532;-;71.5	103;92437;93948;-;62.8	99;88031;89983;-;58.6	241;219865;221949;+;56.7	122;115620;116570;-;46.4	241;219865;221949;+;38.8	A	9/9	split_3	131834	0	1	
CP082469.1	MPF_F	IncC;IncHI2;IncHI2A	422	0	0	GA	0															not_admitted	not_admitted	not_admitted	not_admitted	not_admitted	not_admitted	not_admitted	not_admitted	not_admitted	not_admitted	1	412;376173;377231;+;276.9	234;199566;200999;-;339.2	235;201001;202029;-;221.7	108;105620;108301;-;168.0	233;195939;199553;-;373.6	112;110631;111986;-;80.7	108;105620;108301;-;72.2	115;113710;114498;-;74.8	410;374520;376031;+;62.0	413;377250;380438;+;57.3	363;327870;329954;-;56.8	109;108310;109260;-;46.1	363;327870;329954;-;38.8	A	9/9	split_4	271630	0	1	
CP082474.1	MPF_F	IncFII(S);IncFII(pAR0022)	114	0	0	GA	0															not_admitted	not_admitted	not_admitted	not_admitted	not_admitted	not_admitted	not_admitted	not_admitted	not_admitted	not_admitted	1	28;27709;28701;-;366.7	19;21079;22461;-;392.4	22;23493;24242;-;231.0	31;29688;32336;-;314.1	18;18260;21082;-;394.4	39;34869;36290;-;91.5	31;29688;32336;-;97.8	41;37017;37583;-;188.1	26;26759;27397;-;70.6	24;24480;26306;-;271.0	15;14327;16606;-;371.4	36;33548;34063;-;96.7	15;14327;16606;-;69.5	A	9/9	contiguous	22690	1	1	17750..18238-;162;TraS;0
CP082476.1	MPF_F	IncC	212	0	0	GA	0															not_admitted	not_admitted	not_admitted	not_admitted	not_admitted	not_admitted	not_admitted	not_admitted	not_admitted	not_admitted	1	114;104905;105912;-;332.9	12;11197;12630;-;339.2	13;12632;13660;-;221.7	119;108664;111111;-;354.2	11;7570;11184;-;375.3	128;123106;124422;-;135.0	119;108664;111111;-;128.6	130;125320;125946;-;92.1	116;106577;107842;-;67.6	113;101994;104789;-;145.3	139;129756;131621;-;47.4	127;122531;123109;-;100.2	139;129756;131621;-;52.0	A	9/9	split_2	122186	0	1	
CP082479.1	MPF_F	IncC	151	0	0	GA	0															not_admitted	not_admitted	not_admitted	not_admitted	not_admitted	not_admitted	not_admitted	not_admitted	not_admitted	not_admitted	1		28;24996;26429;+;339.2	27;23966;24994;+;221.7	125;95194;95901;-;192.9	29;26442;30056;+;375.3	121;91669;92985;+;135.0		119;90145;90771;+;92.1			110;84471;86336;+;47.4	122;92982;93560;+;100.2	110;84471;86336;+;52.0	C	6/9	split_2	71228	0	0	
CP082484.1	MPF_T	IncI2(Delta)	86	0	0	GA	1	0;68;550;+;81.1	70;47934;48224;+;28.9	71;48331;48615;+;36.5	72;48621;50978;+;60.7	72;48621;50978;+;44.1	60;42546;43187;+;42.8	59;41545;42540;+;128.5		74;51144;51878;+;144.4	75;51875;52645;+;170.5	76;52635;53774;+;154.7	83;60923;62461;+;207.1	78;54888;56846;+;287.0		pfam	pfam_only	A	7/7	rearranged	1	0	unscoreable	13	1	0														not_admitted	not_admitted	not_admitted	not_admitted	not_admitted	not_admitted	not_admitted
CP082487.1	MPF_F	IncFIA(HI1);IncHI1A;IncHI1B(R27);IncQ1	239	0	0	GA	0															not_admitted	not_admitted	not_admitted	not_admitted	not_admitted	not_admitted	not_admitted	not_admitted	not_admitted	not_admitted	1	5;7822;8874;-;277.6	108;99521;100936;+;201.7	107;98485;99531;+;171.3	22;27577;30258;-;160.9	109;100945;104934;+;103.1	26;32606;33964;-;84.0	22;27577;30258;-;76.5	29;35631;36416;-;68.7	7;9019;10527;-;65.6	4;4623;7799;-;58.9	101;89466;91550;-;50.2	23;30267;31217;-;45.2	101;89466;91550;-;36.5	A	9/9	split_2	96322	0	1	
CP082489.1	MPF_F	IncC	147	0	0	GA	0															not_admitted	not_admitted	not_admitted	not_admitted	not_admitted	not_admitted	not_admitted	not_admitted	not_admitted	not_admitted	1	110;88964;89971;+;332.9	3;2952;4385;+;339.2	2;1922;2950;+;221.7	105;83765;86212;+;354.2	4;4398;8012;+;375.3	96;70454;71770;+;135.0	105;83765;86212;+;128.6	94;68930;69556;+;92.1	108;87034;88299;+;67.6	111;90087;92882;+;145.3	85;63255;65120;+;47.4	97;71767;72345;+;100.2	85;63255;65120;+;52.0	A	9/9	split_2	88165	0	1	
CP082491.1	MPF_F	IncHI2;IncHI2A	259	0	0	GA	0															not_admitted	not_admitted	not_admitted	not_admitted	not_admitted	not_admitted	not_admitted	not_admitted	not_admitted	not_admitted	1	180;169458;170516;+;276.9	58;56119;57534;-;194.1	59;57524;58570;-;174.3	162;144101;146782;+;168.0	57;52157;56110;-;101.6	158;140416;141771;+;80.7	162;144101;146782;+;72.2	155;137904;138692;+;74.8	178;167805;169316;+;62.0	181;170535;173723;+;57.3	67;65612;67696;+;56.8	161;143142;144092;+;46.1	67;65612;67696;+;38.8	A	9/9	split_3	118378	1	1	51389..51976-;195;unnamed;0
CP082501.1	MPF_F	IncC	134	0	0	GA	0															not_admitted	not_admitted	not_admitted	not_admitted	not_admitted	not_admitted	not_admitted	not_admitted	not_admitted	not_admitted	1	4;2738;3745;+;332.9			133;104084;106531;+;354.2		124;90773;92089;+;135.0	133;104084;106531;+;128.6	122;89249;89875;+;92.1	2;808;2073;+;67.6	5;3861;6656;+;145.3	113;83574;85439;+;47.4	125;92086;92664;+;100.2	113;83574;85439;+;52.0	C	6/9	split_2	103276	0	1	
CP082513.1	MPF_F	IncC	223	0	0	GA	0															not_admitted	not_admitted	not_admitted	not_admitted	not_admitted	not_admitted	not_admitted	not_admitted	not_admitted	not_admitted	1	60;50823;51830;+;332.9	116;87794;89227;-;339.2	118;89461;90258;-;200.6	54;45902;47809;+;252.4	115;84167;87781;-;375.3	43;32310;33626;+;135.0	54;45902;47809;+;112.7	41;30786;31412;+;92.1	58;48893;50158;+;67.6	61;51946;54741;+;145.3	32;25111;26976;+;47.4	44;33623;34201;+;100.2	32;25111;26976;+;52.0	A	9/9	split_2	64350	0	1	
CP082516.1	MPF_F	-	212	0	0	GA	0															not_admitted	not_admitted	not_admitted	not_admitted	not_admitted	not_admitted	not_admitted	not_admitted	not_admitted	not_admitted	1	129;122708;123715;+;332.9			124;117509;119956;+;355.4		119;108682;109998;+;135.0	124;117509;119956;+;128.6	117;107158;107784;+;92.1	127;120778;122043;+;67.6	130;123831;126626;+;145.3	108;101483;103348;+;47.4	120;109995;110573;+;100.2	108;101483;103348;+;52.0	C	6/9	contiguous	22348	0	1	
CP082524.1	MPF_T	IncX1;IncX3	48	0	0	GA	1	13;6290;6937;+;45.5	14;6915;7211;+;76.6	15;7230;9983;+;46.6	15;7230;9983;+;147.9	15;7230;9983;+;75.3	16;9994;10752;+;67.5	18;10990;12123;+;109.2		19;12368;13081;+;120.0	20;13086;14015;+;133.7	21;14012;15217;+;132.5	22;15219;16250;+;76.3	23;16253;18088;+;486.3		pfam	pfam_only	A	7/7	canonical	1	1	unscoreable	1	0	0														not_admitted	not_admitted	not_admitted	not_admitted	not_admitted	not_admitted	not_admitted
CP082532.1	MPF_F	IncFIB(AP001918);IncFII	150	0	0	GA	0															not_admitted	not_admitted	not_admitted	not_admitted	not_admitted	not_admitted	not_admitted	not_admitted	not_admitted	not_admitted	1	92;92604;93596;+;369.3	101;98655;100031;+;381.0	96;96325;97068;+;230.0	89;88968;91595;+;306.5	102;100028;102850;+;387.5	82;85486;86913;+;94.3	89;88968;91595;+;98.5	80;84205;84771;+;183.3	93;93605;94243;+;66.7	94;94240;96048;+;267.9	105;104383;106599;+;391.7	86;87937;88452;+;77.3	105;104383;106599;+;70.3	A	9/9	contiguous	20178	1	1	102871..103368+;165;TraS;0
CP082546.1	MPF_F	IncC	179	0	0	GA	0															not_admitted	not_admitted	not_admitted	not_admitted	not_admitted	not_admitted	not_admitted	not_admitted	not_admitted	not_admitted	1	97;75629;76636;+;332.9	169;137026;138459;+;339.2	168;135996;137024;+;221.7	92;70430;72877;+;354.2	170;138472;142086;+;375.3	83;57119;58435;+;135.0	92;70430;72877;+;128.6	81;55595;56221;+;92.1	95;73699;74964;+;67.6	98;76752;79547;+;145.3	72;49920;51785;+;47.4	84;58432;59010;+;100.2	72;49920;51785;+;52.0	A	9/9	split_2	88552	0	1	
CP082549.1	MPF_T	IncX1	42	0	0	GA	1	30;28434;29081;-;45.1	29;28160;28456;-;77.5	28;25388;28141;-;46.6	28;25388;28141;-;146.1	28;25388;28141;-;75.0	27;24628;25377;-;67.5	25;23256;24317;-;135.0		24;22298;23011;-;119.7	23;21364;22293;-;133.8	22;20162;21367;-;132.5	21;19129;20160;-;79.0	20;17291;19126;-;489.3		pfam	pfam_only	A	7/7	canonical	1	1	unscoreable	1	0	0														not_admitted	not_admitted	not_admitted	not_admitted	not_admitted	not_admitted	not_admitted
CP082551.1	MPF_F	IncC	122	0	0	GA	0															not_admitted	not_admitted	not_admitted	not_admitted	not_admitted	not_admitted	not_admitted	not_admitted	not_admitted	not_admitted	1				44;36494;38941;+;355.4		39;27667;28983;+;135.0	44;36494;38941;+;128.6	37;26143;26769;+;92.1	47;39763;41028;+;67.6		28;20468;22333;+;47.4	40;28980;29558;+;100.2	28;20468;22333;+;52.0	D	4/9	contiguous	19295	0	0	
CP082562.1	MPF_F	IncFIB(AP001918);IncFII	150	0	0	GA	0															not_admitted	not_admitted	not_admitted	not_admitted	not_admitted	not_admitted	not_admitted	not_admitted	not_admitted	not_admitted	1	40;40172;41164;-;369.3	31;33737;35113;-;381.0	36;36700;37443;-;230.0	43;42173;44800;-;306.5	30;30918;33740;-;387.5	50;46855;48282;-;94.3	43;42173;44800;-;98.5	53;48999;49565;-;183.3	39;39525;40163;-;66.7	38;37720;39528;-;267.9	27;27169;29385;-;391.7	46;45316;45831;-;77.3	27;27169;29385;-;70.3	A	9/9	contiguous	21830	1	1	30400..30897-;165;TraS;0
CP082567.1	MPF_F	IncFIB(AP001918);IncFII	150	0	0	GA	0															not_admitted	not_admitted	not_admitted	not_admitted	not_admitted	not_admitted	not_admitted	not_admitted	not_admitted	not_admitted	1	118;121565;122557;-;369.3	109;115130;116506;-;381.0	114;118093;118836;-;230.0	121;123566;126193;-;306.5	108;112311;115133;-;387.5	128;128248;129675;-;94.3	121;123566;126193;-;98.5	130;130390;130956;-;183.3	117;120918;121556;-;66.7	116;119113;120921;-;267.9	105;108571;110778;-;391.7	124;126709;127224;-;77.3	105;108571;110778;-;70.3	A	9/9	contiguous	21819	1	1	111793..112290-;165;TraS;0
CP082572.1	MPF_F	IncFIA(HI1);IncHI1A;IncHI1B(R27);IncQ1	257	0	0	GA	0															not_admitted	not_admitted	not_admitted	not_admitted	not_admitted	not_admitted	not_admitted	not_admitted	not_admitted	not_admitted	1	55;56388;57440;+;277.6	209;199381;200796;-;201.7	210;200786;201832;-;171.3	38;34422;37103;+;160.9	208;195383;199372;-;103.1	34;30716;32074;+;84.0	38;34422;37103;+;76.5	31;28264;29049;+;68.7	53;54735;56243;+;65.6	56;57463;60639;+;58.9	216;208767;210851;+;50.2	37;33463;34413;+;45.2	216;208767;210851;+;36.5	A	9/9	split_3	180503	0	1	
CP082573.1	MPF_F	IncFIB(S);IncFII(S);IncFII(pAR0022)	116	0	0	GA	0															not_admitted	not_admitted	not_admitted	not_admitted	not_admitted	not_admitted	not_admitted	not_admitted	not_admitted	not_admitted	1	76;57188;58180;+;366.7	85;63428;64810;+;392.4	82;61647;62396;+;231.0	73;53553;56201;+;314.1	86;64807;67629;+;394.4	65;49599;51020;+;91.5	73;53553;56201;+;97.8	63;48306;48872;+;188.1	78;58492;59130;+;70.6	80;59583;61409;+;271.0	89;69283;71445;+;374.1	68;51826;52341;+;96.7	89;69283;71445;+;72.1	A	9/9	contiguous	20977	1	1	67651..68139+;162;TraS;0
CP082578.1	MPF_T	IncX4	43	0	0	GA	1	14;7345;7965;+;41.6	15;7979;8305;+;64.4	16;8324;11071;+;63.7	16;8324;11071;+;151.8	16;8324;11071;+;46.1	17;11083;11799;+;94.2	18;11811;12905;+;150.1		20;13420;14106;+;169.0	21;14103;15011;+;142.4	22;15004;16122;+;163.9	23;16124;17152;+;85.0	24;17184;19001;+;316.5		pfam	pfam_only	A	7/7	canonical	1	1	unscoreable	1	0	0														not_admitted	not_admitted	not_admitted	not_admitted	not_admitted	not_admitted	not_admitted
CP082599.1	MPF_F	IncC	142	0	0	GA	0															not_admitted	not_admitted	not_admitted	not_admitted	not_admitted	not_admitted	not_admitted	not_admitted	not_admitted	not_admitted	1	134;112717;113724;-;332.9	107;85661;87094;-;339.2	108;87096;88124;-;221.7	139;116476;118923;-;354.2	106;82034;85648;-;375.3	14;19104;20420;-;135.0	139;116476;118923;-;128.6	16;21318;21944;-;92.1	136;114389;115654;-;67.6	133;109806;112601;-;145.3	25;25754;27619;-;47.4	13;18529;19107;-;100.2	25;25754;27619;-;52.0	A	9/9	split_3	97947	0	1	
CP082603.1	MPF_F	IncFIB(AP001918);IncFII	148	0	0	GA	0															not_admitted	not_admitted	not_admitted	not_admitted	not_admitted	not_admitted	not_admitted	not_admitted	not_admitted	not_admitted	1	31;32460;33452;-;369.3	22;26025;27401;-;381.0	27;28988;29731;-;230.0	34;34461;37088;-;306.5	21;23206;26028;-;387.5	41;39143;40570;-;94.3	34;34461;37088;-;98.5	44;41286;41852;-;183.3	30;31813;32451;-;66.7	29;30008;31816;-;267.9	18;19466;21673;-;391.7	37;37604;38119;-;77.3	18;19466;21673;-;70.3	A	9/9	contiguous	21820	1	1	22688..23185-;165;TraS;0
CP082616.1	MPF_F	IncC	207	0	0	GA	0															not_admitted	not_admitted	not_admitted	not_admitted	not_admitted	not_admitted	not_admitted	not_admitted	not_admitted	not_admitted	1	50;51288;52295;+;332.9	3;5081;6514;-;339.2	4;6516;7544;-;221.7	45;46089;48536;+;354.2	2;1454;5068;-;375.3	116;111533;112798;-;103.4	45;46089;48536;+;128.6	118;113696;114322;-;92.1	48;49358;50623;+;67.6	51;52411;55206;+;145.3	127;118132;119997;-;47.4	31;31542;32120;+;100.2	127;118132;119997;-;51.9	A	9/9	split_3	116678	0	1	
CP082622.1	MPF_F	IncHI2;IncHI2A	176	0	0	GA	0															not_admitted	not_admitted	not_admitted	not_admitted	not_admitted	not_admitted	not_admitted	not_admitted	not_admitted	not_admitted	1		157;153846;155261;-;194.1	158;155251;156297;-;174.1	31;30847;33528;+;168.0	156;149884;153837;-;100.6	27;27162;28517;+;80.7	31;30847;33528;+;72.2	24;24650;25438;+;74.8			168;165296;167374;+;53.3	30;29888;30838;+;46.1	168;165296;167374;+;38.8	C	6/9	split_2	140646	0	0	
CP082623.1	MPF_F	IncFII(pCoo)	130	0	0	GA	0															not_admitted	not_admitted	not_admitted	not_admitted	not_admitted	not_admitted	not_admitted	not_admitted	not_admitted	not_admitted	1	84;85301;86293;-;369.3	74;78202;79575;-;380.4	78;80796;81539;-;233.3	87;87302;89932;-;306.8	73;75383;78205;-;386.8	96;93724;95151;-;94.7	87;87302;89932;-;99.2	98;95866;96432;-;183.8	81;83666;84304;-;68.3	80;81819;83669;-;265.1	70;71597;73849;-;391.7	93;92325;92840;-;75.0	70;71597;73849;-;70.3	A	9/9	contiguous	24269	1	1	74865..75362-;165;TraS;0
CP082625.1	MPF_F	IncHI2;IncHI2A	263	0	0	GA	0															not_admitted	not_admitted	not_admitted	not_admitted	not_admitted	not_admitted	not_admitted	not_admitted	not_admitted	not_admitted	1	144;140428;141486;+;276.9	49;40121;41536;-;194.1	50;41526;42572;-;173.7	118;106691;109372;+;168.0	48;36162;40112;-;101.6	114;103006;104361;+;80.7	118;106691;109372;+;72.4	110;100494;101282;+;74.8	142;138775;140286;+;62.4	145;141505;144693;+;57.7	56;49613;51697;+;56.7	117;105732;106682;+;46.1	56;49613;51697;+;38.8	A	9/9	split_3	105343	0	1	
CP082630.1	MPF_F	IncHI2;IncHI2A	341	1	1	GA	1	243;228314;228853;+;23.7	199;185438;185824;-;85.3	198;185172;185441;-;32.5	197;182709;185159;-;37.9	197;182709;185159;-;125.2	196;181969;182712;-;226.6	194;180266;181633;-;177.3		193;179543;180247;-;235.9	192;178554;179546;-;223.0	191;177271;178551;-;208.0	200;185821;186891;-;118.3	202;187361;189358;-;333.6	31;35720;38908;+;58.3	conjscan	conjscan_only	A	7/7	canonical	1	0	unscoreable	3	0	1	30;34643;35701;+;276.9	248;235276;236691;-;194.1	249;236681;237727;-;174.1	12;11074;13755;+;168.0	247;231317;235267;-;102.0	191;177271;178551;-;208.0	12;11074;13755;+;72.2	5;4877;5665;+;74.8	28;32990;34501;+;62.7	31;35720;38908;+;58.3	202;187361;189358;-;103.8	11;10115;11065;+;46.4	202;187361;189358;-;99.0	A	9/9	split_4	231804	0	1	
CP082632.1	MPF_T	IncN	52	0	0	GA	1	16;16500;17234;-;32.5	14;15907;16200;-;28.7	13;15540;15857;-;63.3	12;12940;15540;-;111.8	12;12940;15540;-;76.8	11;12209;12922;-;97.1	9;10918;11958;-;153.6		8;10001;10699;-;131.9	7;9106;9990;-;159.0	6;7946;9106;-;154.9	5;6909;7904;-;81.2	1;811;2340;+;38.5		pfam	both	A	7/7	canonical	1	0	unscoreable	5	0	0														not_admitted	not_admitted	not_admitted	not_admitted	not_admitted	not_admitted	not_admitted
CP082637.1	MPF_F	IncFII	130	0	0	GA	0															not_admitted	not_admitted	not_admitted	not_admitted	not_admitted	not_admitted	not_admitted	not_admitted	not_admitted	not_admitted	1	6;4766;5758;+;369.3	16;11481;12854;+;381.0	12;9517;10260;+;233.3	3;1127;3757;+;306.8	17;12851;15673;+;389.2	124;113667;115094;+;94.7	3;1127;3757;+;99.2	122;112386;112952;+;183.8	9;6755;7393;+;68.3	10;7390;9240;+;265.1	24;20654;22843;+;391.8	127;115978;116493;+;75.0	24;20654;22843;+;70.4	A	9/9	split_2	114851	1	1	15695..16174+;159;TraS;0
CP082651.1	MPF_T	IncN	83	0	0	GA	1	75;67528;68262;-;32.5		72;66568;66885;-;63.3	71;63968;66568;-;111.8	71;63968;66568;-;76.4	70;63237;63950;-;105.5	68;61946;62986;-;142.4		67;61029;61727;-;131.9	66;60134;61018;-;159.7	65;58974;60134;-;156.3	64;57937;58932;-;81.2	60;51840;53369;+;38.5		pfam	both	A	7/7	canonical	1	0	unscoreable	6	0	0														not_admitted	not_admitted	not_admitted	not_admitted	not_admitted	not_admitted	not_admitted
CP082655.1	MPF_F	IncFIB(AP001918);IncFII	148	0	0	GA	0															not_admitted	not_admitted	not_admitted	not_admitted	not_admitted	not_admitted	not_admitted	not_admitted	not_admitted	not_admitted	1	57;54290;55282;-;369.3	48;47855;49231;-;381.0	53;50818;51561;-;230.0	60;56291;58918;-;306.5	47;45036;47858;-;387.5	67;60973;62400;-;94.3	60;56291;58918;-;98.5	69;63115;63681;-;183.3	56;53643;54281;-;66.7	55;51838;53646;-;267.9	44;41305;43503;-;391.7	63;59434;59949;-;77.3	44;41305;43503;-;70.3	A	9/9	contiguous	21810	1	1	44518..45015-;165;TraS;0
CP082659.1	MPF_F	IncA	225	0	0	GA	0															not_admitted	not_admitted	not_admitted	not_admitted	not_admitted	not_admitted	not_admitted	not_admitted	not_admitted	not_admitted	1	136;104129;105133;+;330.1	30;28038;29471;+;336.4	29;26996;28036;+;223.9	131;98924;101371;+;352.8	31;29484;33089;+;377.7	126;90097;91413;+;136.3	131;98924;101371;+;130.4	124;88573;89199;+;94.3	134;102193;103461;+;69.7	137;105284;108022;+;138.7	115;82918;84783;+;46.9	127;91410;91988;+;98.1	115;82918;84783;+;51.6	A	9/9	split_2	78288	0	1	
CP082660.1	MPF_T	IncX1;IncX3	49	0	0	GA	1	13;6267;6914;+;45.4	14;6892;7188;+;77.5	15;7207;9960;+;46.6	15;7207;9960;+;147.3	15;7207;9960;+;71.4	16;9971;10729;+;67.3	18;11026;12156;+;103.0		19;12401;13114;+;120.0	20;13119;14048;+;133.8	21;14045;15250;+;132.5	22;15252;16283;+;79.0	23;16286;18121;+;488.2		pfam	pfam_only	A	7/7	canonical	1	1	unscoreable	1	0	0														not_admitted	not_admitted	not_admitted	not_admitted	not_admitted	not_admitted	not_admitted
CP082667.1	MPF_F	IncHI2;IncHI2A	376	1	1	GA	1	250;232006;232545;+;23.7	127;127551;127937;-;85.3	126;127285;127554;-;32.5	125;124822;127272;-;37.9	125;124822;127272;-;125.2	124;124082;124825;-;226.6	122;122379;123746;-;177.3		121;121656;122360;-;235.9	120;120667;121659;-;223.0	119;119384;120664;-;208.0	128;127934;129004;-;118.3	130;129474;131471;-;333.6	32;38011;41199;+;57.3	conjscan	conjscan_only	A	7/7	canonical	1	0	unscoreable	3	0	1	31;36934;37992;+;276.9	256;240361;241776;-;194.1	257;241766;242812;-;173.7	12;9865;12546;+;168.0	255;236483;240352;-;102.7	119;119384;120664;-;208.0	12;9865;12546;+;72.2	5;3668;4456;+;74.8	29;35281;36792;+;62.0	32;38011;41199;+;57.3	130;129474;131471;-;103.8	11;8906;9856;+;46.1	130;129474;131471;-;99.0	A	9/9	split_4	238098	0	1	
CP082673.1	MPF_F	IncFIB(S);IncFII(S);IncFII(pAR0022)	125	0	0	GA	0															not_admitted	not_admitted	not_admitted	not_admitted	not_admitted	not_admitted	not_admitted	not_admitted	not_admitted	not_admitted	1	87;75680;76672;-;366.7	78;69050;70432;-;392.4	81;71464;72213;-;231.0	90;77659;80307;-;314.1	77;68403;69053;-;182.6	98;82840;84261;-;91.5	90;77659;80307;-;97.8	100;84988;85554;-;186.6	85;74730;75368;-;70.6	83;72451;74277;-;271.0	72;62318;64579;-;371.4	95;81519;82034;-;96.7	72;62318;64579;-;69.6	A	9/9	contiguous	22670	1	1	67849..68241-;130;unnamed;0
CP082680.1	MPF_T	IncX1;IncX3	57	0	0	GA	1	13;6230;6877;+;45.6	14;6855;7151;+;76.6	15;7170;9923;+;46.6	15;7170;9923;+;147.9	15;7170;9923;+;75.3	16;9934;10692;+;67.5	18;10930;12063;+;109.2		19;12308;13021;+;120.0	20;13026;13955;+;133.7	21;13952;15157;+;132.5	22;15159;16190;+;76.3	23;16193;18028;+;486.3		pfam	pfam_only	A	7/7	canonical	1	1	unscoreable	1	0	0														not_admitted	not_admitted	not_admitted	not_admitted	not_admitted	not_admitted	not_admitted
CP082685.1	MPF_F	IncHI2;IncHI2A	143	0	0	GA	0															not_admitted	not_admitted	not_admitted	not_admitted	not_admitted	not_admitted	not_admitted	not_admitted	not_admitted	not_admitted	1	28;32383;33441;+;276.9	123;118695;120014;-;194.4		11;9145;11826;+;168.0	122;114733;118686;-;101.6	7;5460;6815;+;80.7	11;9145;11826;+;72.1	4;2948;3736;+;74.8	26;30730;32241;+;62.0	29;33460;36648;+;57.3		10;8186;9136;+;46.1		B	8/9	split_3	115747	1	1	113263..114552-;429;unnamed;0
CP082693.1	MPF_F	IncHI2;IncHI2A	265	0	0	GA	0															not_admitted	not_admitted	not_admitted	not_admitted	not_admitted	not_admitted	not_admitted	not_admitted	not_admitted	not_admitted	1				152;138605;141286;+;168.1		144;132213;133568;+;80.7	152;138605;141286;+;72.2	141;129701;130489;+;74.8		8;8823;11057;-;59.3		151;137646;138596;+;46.1		D	4/9	split_2	129782	0	1	
CP082699.1	MPF_F	IncHI2;IncHI2A	284	0	0	GA	0															not_admitted	not_admitted	not_admitted	not_admitted	not_admitted	not_admitted	not_admitted	not_admitted	not_admitted	not_admitted	1		79;76460;77875;+;194.1	78;75424;76470;+;174.1	204;197886;200567;-;168.0	80;77884;81837;+;100.6	208;202897;204252;-;80.7	204;197886;200567;-;72.2	211;205976;206764;-;74.8			68;64347;66425;-;53.3	205;200576;201526;-;46.1	68;64347;66425;-;38.8	C	6/9	split_2	141629	0	0	
CP082700.1	MPF_F	IncFII(pCoo)	127	0	0	GA	0															not_admitted	not_admitted	not_admitted	not_admitted	not_admitted	not_admitted	not_admitted	not_admitted	not_admitted	not_admitted	1	4;3590;4582;-;369.3	122;114655;116028;-;380.4	126;117249;117992;-;233.3	7;5591;8221;-;306.8	121;111836;114658;-;386.8	16;12013;13440;-;94.7	7;5591;8221;-;99.2	18;14155;14721;-;183.8	1;1955;2593;-;68.3	0;108;1958;-;265.1	118;108050;110302;-;391.7	13;10614;11129;-;75.0	118;108050;110302;-;70.3	A	9/9	split_2	117141	1	1	111318..111815-;165;TraS;0
CP082712.1	MPF_F	IncHI2;IncHI2A	276	0	0	GA	0															not_admitted	not_admitted	not_admitted	not_admitted	not_admitted	not_admitted	not_admitted	not_admitted	not_admitted	not_admitted	1	57;54769;55827;-;276.9	166;157289;158704;+;194.1	165;156253;157299;+;174.3	73;75161;77842;-;168.0	167;158713;162666;+;101.1	77;80172;81527;-;80.7	73;75161;77842;-;72.2	80;83251;84039;-;74.8	59;55969;57480;-;62.0	56;51562;54750;-;57.3	158;147127;149211;-;56.8	74;77851;78801;-;46.1	158;147127;149211;-;38.8	A	9/9	split_2	107151	1	1	162847..164136+;429;unnamed;0
CP082719.1	MPF_F	IncFIB(AP001918);IncFII	148	0	0	GA	0															not_admitted	not_admitted	not_admitted	not_admitted	not_admitted	not_admitted	not_admitted	not_admitted	not_admitted	not_admitted	1	38;29649;30641;+;369.3	47;35700;37076;+;381.0	42;33370;34113;+;230.0	35;26013;28640;+;306.5	48;37073;39895;+;387.5	28;22531;23958;+;94.3	35;26013;28640;+;98.5	26;21250;21816;+;183.3	39;30650;31288;+;66.7	40;31285;33093;+;267.9	51;41428;43626;+;391.7	32;24982;25497;+;77.3	51;41428;43626;+;70.3	A	9/9	contiguous	20178	1	1	39916..40413+;165;TraS;0
CP082725.1	MPF_T	IncX1	46	0	0	GA	1	32;30700;31347;-;45.2	31;30426;30722;-;77.5	30;27654;30407;-;46.6	30;27654;30407;-;148.1	30;27654;30407;-;75.3	29;26894;27643;-;66.6	27;25522;26583;-;134.6		26;24564;25277;-;120.0	25;23630;24559;-;133.8	24;22428;23633;-;134.4	23;21395;22426;-;76.5	22;19557;21392;-;488.6		pfam	pfam_only	A	7/7	canonical	1	1	unscoreable	1	0	0														not_admitted	not_admitted	not_admitted	not_admitted	not_admitted	not_admitted	not_admitted
CP082730.1	MPF_T	IncX1;IncX3	51	0	0	GA	1	40;26900;27547;+;45.6	41;27525;27821;+;76.6	42;27840;30593;+;46.6	42;27840;30593;+;147.9	42;27840;30593;+;75.3	43;30604;31362;+;67.5	45;31600;32733;+;109.2		46;32978;33691;+;118.2	47;33696;34625;+;133.7	48;34622;35827;+;132.5	49;35829;36860;+;76.3			pfam	pfam_only	B	6/7	canonical	1	1	unscoreable	1	0	0														not_admitted	not_admitted	not_admitted	not_admitted	not_admitted	not_admitted	not_admitted
CP082731.1	MPF_T	IncN	65	0	0	GA	1	13;13218;13952;-;32.5	11;12625;12918;-;28.7	10;12258;12575;-;63.3	9;9658;12258;-;111.8	9;9658;12258;-;76.8	8;8927;9640;-;97.1	6;7636;8676;-;153.6		5;6719;7417;-;131.9	4;5824;6708;-;159.0	3;4664;5824;-;154.9	2;3627;4622;-;81.2	53;42048;43577;+;38.5		pfam	both	A	7/7	canonical	1	0	unscoreable	2	0	0														not_admitted	not_admitted	not_admitted	not_admitted	not_admitted	not_admitted	not_admitted
CP082734.1	MPF_T	IncFIB(K)	97	0	0	GA	1	41;34177;34839;+;48.3	42;34850;35149;+;36.6	43;35159;37909;+;61.8	43;35159;37909;+;134.0	43;35159;37909;+;47.3	44;37928;38644;+;137.0	46;38958;39965;+;137.8		48;40175;40861;+;158.2	49;40854;41747;+;147.4	50;41744;42940;+;131.8	92;83223;84113;-;71.9	85;76578;78485;-;24.4		pfam	pfam_only	A	7/7	canonical	1	1	unscoreable	8	0	0														not_admitted	not_admitted	not_admitted	not_admitted	not_admitted	not_admitted	not_admitted
CP082737.1	MPF_F	IncC	172	0	0	GA	0															not_admitted	not_admitted	not_admitted	not_admitted	not_admitted	not_admitted	not_admitted	not_admitted	not_admitted	not_admitted	1	34;32347;33354;-;332.9	124;112332;113765;+;339.2	123;111302;112330;+;221.7	39;36106;38553;-;354.2	125;113778;117392;+;375.3	48;50548;51864;-;135.0	39;36106;38553;-;128.6	50;52762;53388;-;92.1	36;34019;35284;-;67.6	33;29436;32231;-;145.3	59;57198;59063;-;47.4	47;49973;50551;-;100.2	59;57198;59063;-;52.0	A	9/9	split_2	84342	0	1	
CP082738.1	MPF_T	IncX1	44	0	0	GA	1	39;32680;33327;+;45.2	40;33305;33601;+;77.5	41;33620;36373;+;46.6	41;33620;36373;+;148.1	41;33620;36373;+;75.3	42;36384;37133;+;66.6	0;119;808;+;84.5		1;1053;1766;+;120.0	2;1771;2700;+;133.8	3;2697;3902;+;134.4	4;3904;4935;+;76.5	5;4938;6773;+;488.6		pfam	pfam_only	A	7/7	rearranged	1	1	unscoreable	0	0	0														not_admitted	not_admitted	not_admitted	not_admitted	not_admitted	not_admitted	not_admitted
CP082742.1	MPF_T	IncX1;IncX3	51	0	0	GA	1	38;36483;37130;-;45.4	37;36209;36505;-;77.5	36;33437;36190;-;46.6	36;33437;36190;-;147.2	36;33437;36190;-;70.5	35;32668;33426;-;67.3	33;31241;32371;-;103.0		32;30283;30996;-;120.0	31;29349;30278;-;133.8	30;28147;29352;-;132.5	29;27114;28145;-;79.0	28;25276;27111;-;488.2		pfam	pfam_only	A	7/7	canonical	1	1	unscoreable	1	0	0														not_admitted	not_admitted	not_admitted	not_admitted	not_admitted	not_admitted	not_admitted
CP082749.1	MPF_F	IncFIB(AP001918);IncFII	150	0	0	GA	0															not_admitted	not_admitted	not_admitted	not_admitted	not_admitted	not_admitted	not_admitted	not_admitted	not_admitted	not_admitted	1	1;1866;2858;-;369.3	142;142221;143597;-;381.0	147;145184;145927;-;230.0	4;3867;6494;-;306.5	141;139402;142224;-;387.5	11;8549;9976;-;94.3	4;3867;6494;-;98.5	13;10691;11257;-;183.3	0;1219;1857;-;66.7	149;146204;146692;-;162.1	138;135635;137869;-;391.7	7;7010;7525;-;77.3	138;135635;137869;-;70.3	A	9/9	split_2	144985	1	1	138884..139381-;165;TraS;0
CP083235.1	MPF_F	IncHI2;IncHI2A	357	0	0	GA	0															not_admitted	not_admitted	not_admitted	not_admitted	not_admitted	not_admitted	not_admitted	not_admitted	not_admitted	not_admitted	1	216;193134;194192;+;276.9	52;41993;43408;-;194.1	53;43398;44444;-;173.7	198;169814;172495;+;168.0	51;38034;41984;-;101.6	194;166129;167484;+;80.7	198;169814;172495;+;72.2	191;163618;164406;+;74.8	214;191481;192992;+;62.7	217;194211;197399;+;58.3	59;51485;53569;+;56.7	197;168855;169805;+;46.4	59;51485;53569;+;38.8	A	9/9	split_3	156177	0	1	
CP083493.1	MPF_F	IncFIB(AP001918);IncFIC(FII)	101	0	0	GA	0															not_admitted	not_admitted	not_admitted	not_admitted	not_admitted	not_admitted	not_admitted	not_admitted	not_admitted	not_admitted	1	33;27856;28848;+;369.6	44;34534;35907;+;378.0	37;31577;32320;+;234.1	30;24220;26847;+;305.7	45;35904;38726;+;388.4	24;20759;22165;+;94.2	30;24220;26847;+;97.7	22;19457;20023;+;183.8	34;28857;29495;+;68.3	35;29492;31300;+;268.4	48;40255;42408;+;392.2	28;23189;23704;+;78.4	48;40255;42408;+;70.4	A	9/9	contiguous	20798	1	1	38748..39239+;163;TraS;0
CP083494.1	MPF_F	IncC	175	0	0	GA	0															not_admitted	not_admitted	not_admitted	not_admitted	not_admitted	not_admitted	not_admitted	not_admitted	not_admitted	not_admitted	1	67;55613;56620;+;332.9	131;108362;109795;+;339.2	130;107332;108360;+;221.7	62;50414;52861;+;354.8	132;109808;113422;+;374.5	57;41542;42858;+;135.0	62;50414;52861;+;128.3	55;40018;40644;+;92.7	65;53683;54948;+;67.9	68;56736;59534;+;145.3	46;34343;36208;+;47.3	58;42855;43433;+;100.2	46;34343;36208;+;52.0	A	9/9	split_2	75465	0	1	
CP083531.1	MPF_F	IncFIA;IncFIB(AP001918);IncFIC(FII)	154	0	0	GA	0															not_admitted	not_admitted	not_admitted	not_admitted	not_admitted	not_admitted	not_admitted	not_admitted	not_admitted	not_admitted	1	103;114133;115125;-;369.4	92;107074;108447;-;377.0	99;110661;111404;-;234.5	106;116134;118761;-;304.1	91;104255;107077;-;380.9	112;120816;122243;-;94.3	106;116134;118761;-;97.5	114;122958;123524;-;182.9	102;113486;114124;-;68.4	101;111681;113489;-;268.4	88;100573;102726;-;392.2	108;119277;119792;-;78.4	88;100573;102726;-;70.4	A	9/9	contiguous	22385	1	1	103742..104233-;163;TraS;0
CP083532.1	MPF_F	IncHI2;IncHI2A	298	0	0	GA	0															not_admitted	not_admitted	not_admitted	not_admitted	not_admitted	not_admitted	not_admitted	not_admitted	not_admitted	not_admitted	1	89;85671;86729;+;271.8	262;238107;239522;-;193.1	263;239512;240558;-;174.3	70;62157;64838;+;169.1	261;236866;238098;-;78.5	66;58472;59827;+;75.5	70;62157;64838;+;72.2	63;55960;56748;+;74.8	87;84018;85529;+;62.0	90;86748;89936;+;57.3	270;247600;249684;+;56.8	69;61198;62148;+;46.1	270;247600;249684;+;38.8	A	9/9	split_3	191640	1	1	234145..236853-;902;unnamed;0
CP083755.1	MPF_F	IncHI2;IncHI2A	347	0	0	GA	0															not_admitted	not_admitted	not_admitted	not_admitted	not_admitted	not_admitted	not_admitted	not_admitted	not_admitted	not_admitted	1	6;7436;8494;+;276.9	121;112579;113994;+;194.1	120;111543;112589;+;173.7	336;300575;303256;+;168.0	122;114003;117953;+;101.6	332;296890;298245;+;80.7	336;300575;303256;+;72.2	329;294378;295166;+;74.8	4;5783;7294;+;62.7	7;8513;11701;+;58.3	114;102418;104502;-;56.7	335;299616;300566;+;46.4	114;102418;104502;-;38.8	A	9/9	split_3	294792	0	1	
CP084173.1	MPF_T	-	84	0	0	GA	1	20;13997;14683;+;47.6	21;14664;15029;+;69.3	22;15033;15365;+;71.9	23;15355;17748;+;137.7	23;15355;17748;+;66.9	24;17758;18516;+;163.5	26;18746;19633;+;68.8		27;19812;20513;+;174.8	28;20510;21400;+;158.7	29;21390;22526;+;189.9	31;22840;23907;+;91.4	32;23907;25727;+;281.2		pfam	pfam_only	A	7/7	canonical	1	0	unscoreable	2	0	0														not_admitted	not_admitted	not_admitted	not_admitted	not_admitted	not_admitted	not_admitted
CP084535.1	MPF_F	IncHI2;IncHI2A;IncN	291	0	0	GA	0															not_admitted	not_admitted	not_admitted	not_admitted	not_admitted	not_admitted	not_admitted	not_admitted	not_admitted	not_admitted	1	150;129866;130924;-;276.9	271;239801;241216;+;194.1	270;238765;239811;+;174.3	206;180341;183022;+;168.0	272;241225;245178;+;101.7	202;176656;178011;+;80.7	206;180341;183022;+;72.2	199;174144;174932;+;74.8	152;131066;132577;-;62.0	149;126659;129847;-;57.3	263;229639;231723;-;56.8	205;179382;180332;+;46.1	263;229639;231723;-;38.8	A	9/9	split_3	114566	1	1	245359..246648+;429;unnamed;0
CP084537.1	MPF_T	IncFIB(K)	71	0	0	GA	1	22;20148;20810;-;48.3	21;19838;20137;-;36.6	20;17078;19828;-;60.6	20;17078;19828;-;134.0	20;17078;19828;-;48.6	19;16343;17059;-;137.0	17;15022;16029;-;137.8		15;14126;14812;-;158.3	14;13240;14133;-;147.4	13;12047;13243;-;134.7	12;10994;12043;-;71.5	5;4349;6256;-;24.3		pfam	pfam_only	A	7/7	canonical	1	1	unscoreable	8	0	0														not_admitted	not_admitted	not_admitted	not_admitted	not_admitted	not_admitted	not_admitted
CP084538.1	MPF_T	IncX3	115	0	0	GA	1	48;37088;37732;+;46.4	49;37716;38006;+;73.1	50;38031;40784;+;47.0	50;38031;40784;+;142.4	50;38031;40784;+;73.3	51;40794;41564;+;60.1	53;41843;42898;+;133.2		54;43093;43821;+;119.4	55;43827;44756;+;138.8	56;44753;45967;+;128.3	0;1;1035;+;65.7	1;1038;2873;+;495.9		pfam	pfam_only	A	7/7	canonical	1	1	unscoreable	3	0	0														not_admitted	not_admitted	not_admitted	not_admitted	not_admitted	not_admitted	not_admitted
CP084577.1	-	-	83	0	0	GA	0															not_admitted	not_admitted	not_admitted	not_admitted	not_admitted	not_admitted	not_admitted	not_admitted	not_admitted	not_admitted	1	13;21182;22288;-;354.8	7;14931;16385;-;157.5	8;16382;17212;-;126.2	17;24139;26865;-;182.2	6;11898;14867;-;182.4	19;27187;28533;-;80.8	17;24139;26865;-;101.6	21;29268;29858;-;91.6	12;20568;21212;-;72.1	9;17190;18251;-;156.1	2;7471;9429;-;317.7		2;7471;9429;-;70.8	B	8/9	contiguous	21797	1	1	10533..11687-;384;unnamed;0
CP084985.1	MPF_F	IncFIB(pNDM-Mar);IncHI1B(pNDM-MAR);IncR	418	0	0	GA	0															not_admitted	not_admitted	not_admitted	not_admitted	not_admitted	not_admitted	not_admitted	not_admitted	not_admitted	not_admitted	1	337;309512;310549;-;282.3	119;99373;100782;+;190.4	118;98346;99383;+;176.7	349;321381;324098;-;148.7	120;100784;104722;+;118.9	353;326211;327581;-;65.6	349;321381;324098;-;85.2	356;329227;330087;-;79.0	338;310546;311907;-;69.9	336;306317;309502;-;58.9	111;89039;91165;-;58.0	350;324143;324880;-;57.0	111;89039;91165;-;39.7	A	9/9	split_2	240188	0	1	
CP085055.1	MPF_T	IncFII(29);IncFII(p96A)	74	0	0	GA	1	45;38386;38868;+;89.1	19;13300;13653;+;32.1	20;13653;14024;+;35.8	21;13981;16473;+;62.7		23;18022;18699;+;53.3	25;19188;20132;+;116.1		26;20288;21139;+;100.4	27;21136;21951;+;160.4	28;21948;23288;+;131.9	38;31768;33330;+;194.6	32;25073;26692;+;236.7		pfam	pfam_only	A	7/7	canonical	1	0	unscoreable	14	0	0														not_admitted	not_admitted	not_admitted	not_admitted	not_admitted	not_admitted	not_admitted
CP085519.1	MPF_F	IncFII(pHN7A8);IncX1	89	0	0	GA	0															not_admitted	not_admitted	not_admitted	not_admitted	not_admitted	not_admitted	not_admitted	not_admitted	not_admitted	not_admitted	1				80;61331;61870;+;77.2		75;57849;59276;+;94.1		73;56568;57134;+;183.8				79;60300;60815;+;78.0		D	3/9	contiguous	4763	0	0	
CP085520.1	MPF_T	IncI2(Delta)	78	0	0	GA	1	38;32911;33393;-;81.1		57;50335;50619;-;36.6	56;47972;50329;-;58.5	56;47972;50329;-;44.9	66;55431;56075;-;41.0	67;56081;57076;-;123.9		54;47072;47806;-;144.3	53;46305;47075;-;170.5	52;45176;46315;-;154.7	45;36507;38045;-;207.1	50;42128;44086;-;289.6		pfam	pfam_only	A	7/7	rearranged	1	0	unscoreable	18	0	0														not_admitted	not_admitted	not_admitted	not_admitted	not_admitted	not_admitted	not_admitted
CP085521.1	MPF_F	IncFII(29)	72	0	0	GA	0															not_admitted	not_admitted	not_admitted	not_admitted	not_admitted	not_admitted	not_admitted	not_admitted	not_admitted	not_admitted	1	45;35296;36288;+;369.2	57;42519;43892;+;376.8	52;40210;40953;+;234.3	42;31660;34287;+;303.5	58;43889;46711;+;389.2	38;28322;29749;+;94.1	42;31660;34287;+;98.4	36;27041;27607;+;183.8	47;36632;37270;+;70.4	50;38083;39933;+;265.0	62;48978;51185;+;391.7	41;30630;31145;+;78.4	62;48978;51185;+;70.3	A	9/9	contiguous	21937	1	1	46733..47224+;163;TraS;0
CP085736.1	MPF_T	IncN4	82	0	0	GA	1	31;17226;17966;+;34.9	33;18290;18580;+;45.6	34;18632;18946;+;65.3	35;18946;21576;+;124.9	35;18946;21576;+;86.8	36;21586;22293;+;114.7	38;22552;23595;+;126.7	39;23690;23860;+;41.4	40;23863;24579;+;145.6	41;24582;25469;+;144.4	42;25466;26620;+;174.0	43;26613;27644;+;78.5	80;62558;64135;-;54.8		pfam	both	A	7/7	canonical	1	0	ga	2	0	0														not_admitted	not_admitted	not_admitted	not_admitted	not_admitted	not_admitted	not_admitted
CP085739.1	MPF_F	IncHI1A(NDM-CIT);IncHI1B(pNDM-CIT)	350	1	1	GA	1		222;191990;192379;+;83.3	223;192376;192645;+;32.5	224;192658;195108;+;37.9	224;192658;195108;+;125.2	225;195105;195848;+;226.2	227;196184;197551;+;179.3		228;197570;198274;+;235.7	229;198271;199263;+;223.1	230;199266;200549;+;206.6	221;190924;192003;+;118.3	219;188457;190454;+;345.5	259;225652;228828;-;57.9	conjscan	conjscan_only	A	7/7	canonical	1	0	unscoreable	3	0	1	260;228847;229554;-;214.6	74;54735;56150;+;200.0	73;53699;54745;+;168.3	277;248342;251023;-;156.8	75;56159;60148;+;103.1	230;199266;200549;+;206.6	277;248342;251023;-;73.5	284;256396;257181;-;69.5	262;230047;231555;-;62.3	259;225652;228828;-;57.9	219;188457;190454;+;101.4	278;251032;251982;-;45.4	219;188457;190454;+;98.9	A	9/9	split_3	202697	0	1	
CP086672.1	MPF_F	IncHI1B(pNDM-MAR)	384	0	0	GA	0															not_admitted	not_admitted	not_admitted	not_admitted	not_admitted	not_admitted	not_admitted	not_admitted	not_admitted	not_admitted	1	158;118164;119201;+;282.3	257;206118;207527;+;190.4	256;205091;206128;+;175.9	146;104615;107332;+;148.7	258;207529;211437;+;122.1	142;101132;102502;+;65.6	146;104615;107332;+;85.2	139;98626;99486;+;79.0	157;116806;118167;+;69.8	159;119211;122396;+;58.9	249;195767;197893;-;57.8	145;103833;104570;+;57.1	249;195767;197893;-;41.0	A	9/9	split_2	108903	0	1	
CP086673.1	MPF_F	IncC	208	0	0	GA	0															not_admitted	not_admitted	not_admitted	not_admitted	not_admitted	not_admitted	not_admitted	not_admitted	not_admitted	not_admitted	1	94;70794;71801;+;332.9	197;163605;165038;+;339.2	196;162575;163603;+;221.7	89;65595;68042;+;354.2	198;165051;168665;+;375.3	84;56768;58084;+;135.0	89;65595;68042;+;128.6	82;55244;55870;+;92.1	92;68864;70129;+;67.6	95;71917;74712;+;145.3	73;49569;51434;+;47.4	85;58081;58659;+;100.2	73;49569;51434;+;52.0	A	9/9	split_2	115482	0	1	
CP086674.1	MPF_F	IncFIB(K);IncFII(K)	179	0	0	GA	0															not_admitted	not_admitted	not_admitted	not_admitted	not_admitted	not_admitted	not_admitted	not_admitted	not_admitted	not_admitted	1	123;130475;131467;-;366.6	113;123561;124928;-;381.2	117;126186;126938;-;233.7	126;132493;135132;-;258.7	112;120712;123561;-;345.6	135;138947;140371;-;89.2	126;132493;135132;-;88.8	137;141098;141664;-;167.0	122;129824;130462;-;67.0	121;127810;129765;-;259.7	108;115914;118226;-;392.7	133;137766;138335;-;49.7	108;115914;118226;-;66.5	A	9/9	contiguous	25184	1	1	120151..120699-;182;unnamed;0
CP086675.1	MPF_F	IncFIB(pQil);IncFII(K)	118	0	0	GA	0															not_admitted	not_admitted	not_admitted	not_admitted	not_admitted	not_admitted	not_admitted	not_admitted	not_admitted	not_admitted	1	64;64082;65071;-;366.0	54;57261;58631;-;381.2	58;59833;60585;-;232.4	68;66514;69153;-;258.5	53;54412;57261;-;344.2	76;72410;73834;-;88.8	68;66514;69153;-;88.7	78;74561;75127;-;169.3	63;63431;64069;-;67.0	62;61428;63434;-;259.0	49;50289;52598;-;392.8	75;71712;72296;-;55.4	49;50289;52598;-;65.8	A	9/9	contiguous	24272	1	1	53879..54409-;176;unnamed;0
CP087279.1	-	-	127	0	0	GA	1	32;37653;38318;+;48.7	33;38380;38673;+;30.9	34;38697;39056;+;38.0	35;39067;41556;+;94.8	35;39067;41556;+;49.5	37;42279;43013;+;129.6	40;43622;44536;+;140.0		41;44796;45572;+;139.6	42;45572;46375;+;161.3	44;47039;48343;+;152.8	45;48340;49386;+;89.8	47;49736;51550;+;316.8		pfam	both	A	7/7	canonical	1	0	unscoreable	5	0	0														not_admitted	not_admitted	not_admitted	not_admitted	not_admitted	not_admitted	not_admitted
CP087878.1	-	-	114	0	0	GA	0															not_admitted	not_admitted	not_admitted	not_admitted	not_admitted	not_admitted	not_admitted	not_admitted	not_admitted	not_admitted	1	111;65520;66473;-;323.9	107;62084;63445;-;188.7	108;63442;64299;-;117.2	2;2520;5201;-;171.3	106;58619;62080;-;111.0	4;5663;6883;-;61.1	2;2520;5201;-;121.8	6;7753;8442;-;62.5	110;64783;65520;-;79.6	113;67013;68650;-;77.1	100;52346;54520;+;336.1	3;5188;5661;-;68.3	100;52346;54520;+;65.3	A	9/9	split_2	64493	1	1	58329..58583-;84;unnamed;0
CP087973.1	MPF_T	-	398	0	0	GA	1		393;320336;320719;-;73.8	391;320045;320275;-;41.7	390;318331;320034;-;172.3	390;318331;320034;-;124.8	387;316799;317605;-;52.1	386;315439;316626;-;110.8		385;314757;315095;-;64.5	384;313927;314739;-;185.4	381;312175;313056;-;218.4	394;320709;321686;-;106.6	365;299223;300080;-;344.9		conjscan	conjscan_only	A	7/7	canonical	1	0	unscoreable	6	0	0														not_admitted	not_admitted	not_admitted	not_admitted	not_admitted	not_admitted	not_admitted
CP088349.1	MPF_F	IncFIA;IncFIB(AP001918);IncFII;IncFII(pSE11)	237	0	0	GA	0															not_admitted	not_admitted	not_admitted	not_admitted	not_admitted	not_admitted	not_admitted	not_admitted	not_admitted	not_admitted	1	198;171936;172928;-;369.5	186;164509;165882;-;381.7	121;108972;109715;-;235.0	128;114445;117072;-;305.4	113;102563;105388;-;385.9	134;119127;120554;-;94.3	201;173937;176567;-;98.7	136;121269;121835;-;183.8	124;111797;112435;-;68.6	123;109992;111800;-;268.3	110;98871;101060;-;391.3	130;117588;118103;-;78.4	110;98871;101060;-;70.4	A	9/9	split_2	75066	1	1	102057..102566-;169;unnamed;0
CP088357.1	MPF_F	Col156;IncFIA;IncFIB(AP001918);IncFII	169	0	0	GA	0															not_admitted	not_admitted	not_admitted	not_admitted	not_admitted	not_admitted	not_admitted	not_admitted	not_admitted	not_admitted	1	109;102836;103828;-;367.4	98;95777;97150;-;380.9	105;99364;100107;-;235.0	112;104837;107464;-;305.4	97;92955;95780;-;385.9	118;109519;110946;-;94.3	112;104837;107464;-;98.5	120;111661;112227;-;183.8	108;102189;102827;-;68.6	107;100384;102192;-;268.3	94;89263;91452;-;391.3	114;107980;108495;-;78.4	94;89263;91452;-;70.4	A	9/9	contiguous	22398	1	1	92449..92958-;169;unnamed;0
CP088373.1	MPF_F	Col156;IncFIA;IncFIB(AP001918);IncFII(pRSB107)	161	0	0	GA	0															not_admitted	not_admitted	not_admitted	not_admitted	not_admitted	not_admitted	not_admitted	not_admitted	not_admitted	not_admitted	1	31;23610;24602;+;369.5		40;30248;30991;+;231.4	28;19974;22601;+;303.9		22;16638;18089;+;94.1	28;19974;22601;+;96.5	20;15357;15923;+;184.3	33;24946;25584;+;68.7	38;29342;29971;+;205.9	28;19974;22601;+;21.8	25;18943;19458;+;75.2		C	7/9	contiguous	14891	0	1	
CP088376.1	MPF_F	IncFII(pHN7A8)	83	0	0	GA	0															not_admitted	not_admitted	not_admitted	not_admitted	not_admitted	not_admitted	not_admitted	not_admitted	not_admitted	not_admitted	1	30;32932;33918;-;355.4	24;27338;28699;-;342.6	26;29331;30110;-;194.4	33;35011;37602;-;215.3	23;24448;27336;-;287.2	38;39191;40555;-;83.1	33;35011;37602;-;88.2	40;41272;41835;-;136.5	28;31942;32556;-;82.6	27;30107;31945;-;258.5	20;20606;22837;-;371.9	34;37613;38212;-;46.6	20;20606;22837;-;68.9	A	9/9	contiguous	20666	1	1	23862..24440-;192;unnamed;0
CP088382.1	MPF_F	IncFII(pSE11)	85	0	0	GA	0															not_admitted	not_admitted	not_admitted	not_admitted	not_admitted	not_admitted	not_admitted	not_admitted	not_admitted	not_admitted	1	23;17310;18302;+;369.5	35;24356;25729;+;381.7	28;21408;22151;+;234.4	20;13671;16301;+;297.8	36;25726;28551;+;374.0	13;9202;10629;+;93.9	20;13671;16301;+;98.7	11;7921;8487;+;174.3	25;18646;19284;+;68.5	26;19281;21131;+;266.9	40;30793;33054;+;391.7	16;11513;12028;+;78.4	40;30793;33054;+;70.3	A	9/9	contiguous	22872	1	1	28548..29057+;169;unnamed;0
CP088385.1	MPF_T	IncI2(Delta)	78	0	0	GA	1	6;5629;6111;+;81.1	67;46909;47199;+;28.9	68;47306;47590;+;36.5	69;47596;49953;+;60.7	69;47596;49953;+;44.0	58;41218;41859;+;42.9	57;40217;41212;+;128.5		71;50119;50853;+;144.4	72;50850;51620;+;170.5	73;51610;52749;+;154.7	3;2322;3860;+;208.0	75;53839;55797;+;288.2		pfam	pfam_only	A	7/7	rearranged	1	0	unscoreable	10	1	0														not_admitted	not_admitted	not_admitted	not_admitted	not_admitted	not_admitted	not_admitted
CP088386.1	MPF_F	IncFII(pSE11)	88	0	0	GA	0															not_admitted	not_admitted	not_admitted	not_admitted	not_admitted	not_admitted	not_admitted	not_admitted	not_admitted	not_admitted	1	67;51314;52306;+;369.5	81;59030;60403;+;386.0	74;56082;56825;+;234.4	64;47675;50305;+;297.8	82;60400;63225;+;386.5	56;42803;44230;+;93.9	64;47675;50305;+;98.7	54;41522;42088;+;174.3	69;52650;53288;+;68.6	72;54000;55805;+;267.0	86;65467;67836;+;381.8	59;45114;45629;+;78.4	86;65467;67836;+;66.7	A	9/9	contiguous	23945	1	1	63222..63731+;169;unnamed;0
CP088394.1	MPF_F	IncFIB(AP001918);IncFII	133	0	0	GA	0															not_admitted	not_admitted	not_admitted	not_admitted	not_admitted	not_admitted	not_admitted	not_admitted	not_admitted	not_admitted	1	51;38634;39626;+;367.4	62;45312;46685;+;380.9	55;42355;43098;+;235.0	48;34998;37625;+;305.4	63;46682;49507;+;385.9	42;31516;32943;+;94.3	48;34998;37625;+;98.5	40;30235;30801;+;183.8	52;39635;40273;+;68.6	53;40270;42078;+;268.3	66;51010;53199;+;391.3	46;33967;34482;+;78.4	66;51010;53199;+;70.4	A	9/9	contiguous	20775	1	1	49504..50013+;169;unnamed;0
CP088402.1	MPF_F	IncFIB(AP001918);IncFII(pRSB107)	182	0	0	GA	0															not_admitted	not_admitted	not_admitted	not_admitted	not_admitted	not_admitted	not_admitted	not_admitted	not_admitted	not_admitted	1	29;29342;30334;-;367.4	18;22283;23656;-;378.0	25;25870;26613;-;234.5	32;31343;33970;-;305.4	17;19464;22286;-;389.5	38;36025;37452;-;94.3	32;31343;33970;-;98.5	40;38167;38733;-;183.8	28;28695;29333;-;68.4	27;26890;28698;-;268.4	14;15755;17935;-;391.8	34;34486;35001;-;78.4	14;15755;17935;-;70.3	A	9/9	contiguous	22412	1	1	18951..19442-;163;TraS;0
CP088404.1	MPF_F	Col156;IncFIB(AP001918);IncFII(29)	168	0	0	GA	0															not_admitted	not_admitted	not_admitted	not_admitted	not_admitted	not_admitted	not_admitted	not_admitted	not_admitted	not_admitted	1	129;111465;112457;-;367.9	117;104038;105411;-;381.7	124;107616;108359;-;233.1	132;113466;116096;-;304.0	116;101219;104041;-;388.5	139;119227;120654;-;93.9	132;113466;116096;-;99.3	141;121369;121935;-;183.1	127;110483;111121;-;68.6	126;108636;110486;-;271.9	112;96740;98947;-;391.2	136;117583;118098;-;73.9	112;96740;98947;-;70.3	A	9/9	contiguous	24629	1	1	100718..101197-;159;TraS;0
CP088405.1	MPF_F	IncFII(pRSB107)	92	0	0	GA	0															not_admitted	not_admitted	not_admitted	not_admitted	not_admitted	not_admitted	not_admitted	not_admitted	not_admitted	not_admitted	1	54;39315;40307;+;367.9	67;46094;47467;+;381.7	61;43420;44163;+;233.1	49;35671;37275;+;305.8	69;48107;50311;+;193.2	42;31221;32648;+;93.9	50;37259;38029;+;41.1	40;29940;30506;+;174.3	56;40651;41289;+;68.6	59;42661;43035;+;155.0	75;53663;54781;+;188.5	45;33532;34047;+;82.8	75;53663;54781;+;71.9	A	9/9	contiguous	23723	1	1	50308..50817+;169;unnamed;0
CP088409.1	MPF_F	Col156;IncFIB(AP001918);IncFII(29)	173	0	0	GA	0															not_admitted	not_admitted	not_admitted	not_admitted	not_admitted	not_admitted	not_admitted	not_admitted	not_admitted	not_admitted	1	170;147486;148478;+;369.5	9;4942;6315;+;381.7	2;1994;2737;+;233.1	167;143847;146477;+;304.0	10;6312;9134;+;388.5	160;139289;140716;+;93.9	167;143847;146477;+;99.3	158;138008;138574;+;183.1	172;148822;149460;+;68.6	0;65;1717;+;272.2	18;13946;16162;+;391.2	163;141845;142360;+;73.9	18;13946;16162;+;70.3	A	9/9	split_2	148757	1	1	9156..9635+;159;TraS;0
CP088411.1	MPF_F	IncFIB(AP001918);IncFII	131	0	0	GA	0															not_admitted	not_admitted	not_admitted	not_admitted	not_admitted	not_admitted	not_admitted	not_admitted	not_admitted	not_admitted	1	90;84738;85730;-;367.4	79;77679;79052;-;380.9	86;81266;82009;-;235.0	93;86739;89366;-;305.4	78;74857;77682;-;385.9	99;91421;92848;-;94.3	93;86739;89366;-;98.5	101;93563;94129;-;183.8	89;84091;84729;-;68.6	88;82286;84094;-;268.3	75;71165;73354;-;391.3	95;89882;90397;-;78.4	75;71165;73354;-;70.4	A	9/9	contiguous	22398	1	1	74351..74860-;169;unnamed;0
CP088423.1	MPF_F	IncHI2;IncHI2A	314	0	0	GA	0															not_admitted	not_admitted	not_admitted	not_admitted	not_admitted	not_admitted	not_admitted	not_admitted	not_admitted	not_admitted	1	255;224440;225498;+;276.9	148;125628;127043;+;194.1	147;124592;125638;+;173.7	38;32194;33210;-;106.3	149;127052;131002;+;101.6	42;35540;36895;-;80.7	237;202113;203801;+;74.9	45;38619;39407;-;74.8	253;222787;224298;+;62.7	256;225517;228705;+;58.3	141;115467;117551;-;56.7	39;33219;34169;-;46.4	141;115467;117551;-;38.8	A	9/9	split_4	193323	0	1	
CP088425.1	MPF_F	IncFIB(AP001918);IncFII	130	0	0	GA	0															not_admitted	not_admitted	not_admitted	not_admitted	not_admitted	not_admitted	not_admitted	not_admitted	not_admitted	not_admitted	1	43;42688;43680;-;369.3	34;36253;37629;-;381.0	39;39216;39959;-;230.0	46;44689;47316;-;306.4	33;33749;36256;-;387.9	53;49371;50798;-;94.3	46;44689;47316;-;98.5	55;51513;52079;-;183.3	42;42041;42679;-;68.7	41;40236;42044;-;267.9	29;29747;31900;-;391.8	49;47832;48347;-;77.3	29;29747;31900;-;70.4	A	9/9	contiguous	21766	1	1	33433..33666-;77;unnamed;0
CP088428.1	MPF_F	Col156;IncFIB(AP001918);IncFII	140	0	0	GA	0															not_admitted	not_admitted	not_admitted	not_admitted	not_admitted	not_admitted	not_admitted	not_admitted	not_admitted	not_admitted	1	99;81645;82637;+;369.5	110;88372;89745;+;382.9	104;85701;86444;+;234.4	96;78009;80636;+;300.9	111;89742;92561;+;385.4	90;74429;75856;+;93.9	96;78009;80636;+;102.2	88;73148;73714;+;182.7	101;82981;83619;+;70.7	102;83616;85424;+;267.1	114;94093;96282;+;380.8	94;76978;77493;+;76.0	114;94093;96282;+;66.5	A	9/9	contiguous	20945	1	1	92586..93077+;163;TraS;0
CP088434.1	MPF_F	Col156;IncFIB(AP001918);IncFII(29)	170	0	0	GA	0															not_admitted	not_admitted	not_admitted	not_admitted	not_admitted	not_admitted	not_admitted	not_admitted	not_admitted	not_admitted	1	141;124843;125835;-;369.5	129;117416;118789;-;381.7	136;120994;121737;-;233.1	144;126844;129474;-;304.0	128;114597;117419;-;388.5	151;132605;134032;-;93.9	144;126844;129474;-;99.3	153;134747;135313;-;183.1	139;123861;124499;-;68.6	138;122014;123864;-;271.9	120;107506;109785;-;391.0	148;130961;131476;-;73.9	120;107506;109785;-;70.3	A	9/9	contiguous	27241	1	1	114096..114575-;159;TraS;0
CP088435.1	MPF_T	pXuzhou21	60	0	0	GA	1				3;1289;3817;+;60.9	3;1289;3817;+;36.2	4;3801;4481;+;81.8	55;35614;36666;-;91.7		5;4706;5497;+;139.3	6;5517;6305;+;166.0	7;6298;7524;+;158.0	10;8004;9065;+;76.7	11;9087;11108;+;312.2		pfam	pfam_only	A	7/7	uncallable	0	0	unscoreable	2	0	0														not_admitted	not_admitted	not_admitted	not_admitted	not_admitted	not_admitted	not_admitted
CP088438.1	MPF_F	IncFII(pSE11)	88	0	0	GA	0															not_admitted	not_admitted	not_admitted	not_admitted	not_admitted	not_admitted	not_admitted	not_admitted	not_admitted	not_admitted	1	21;18363;19355;-;369.5	9;10936;12309;-;381.7	16;14514;15257;-;234.4	24;20364;22994;-;297.8	8;8114;10939;-;374.0	31;26036;27463;-;93.9	24;20364;22994;-;98.7	33;28178;28744;-;174.3	19;17381;18019;-;68.5	18;15534;17384;-;266.9	0;1053;3248;-;391.8	28;24637;25152;-;78.4	0;1053;3248;-;70.4	A	9/9	contiguous	27125	1	1	7608..8117-;169;unnamed;0
CP088439.1	-	-	43	0	0	GA	1	6;7286;8182;+;45.1	31;30099;30590;-;68.0	30;29785;30099;-;51.1	29;27264;29771;-;96.8	29;27264;29771;-;113.1	28;26507;27295;-;47.5	26;24581;26299;-;86.7		24;23484;24182;-;122.8	23;22546;23484;-;162.6	21;20629;22089;-;205.5	32;30602;31585;-;135.1	4;4768;6726;+;354.3		conjscan	conjscan_only	A	7/7	canonical	1	0	unscoreable	5	0	0														not_admitted	not_admitted	not_admitted	not_admitted	not_admitted	not_admitted	not_admitted
CP088442.1	MPF_F	Col156;IncFIA;IncFIB(AP001918);IncFII(pRSB107)	129	0	0	GA	0															not_admitted	not_admitted	not_admitted	not_admitted	not_admitted	not_admitted	not_admitted	not_admitted	not_admitted	not_admitted	1	103;90732;91724;-;369.5		98;86883;87626;-;231.4	106;92733;95360;-;303.9		112;97245;98696;-;94.1	106;92733;95360;-;96.5	114;99411;99977;-;184.3	101;89750;90388;-;68.7	100;87903;89753;-;266.7	94;82972;84888;-;392.3	109;95876;96391;-;75.2	94;82972;84888;-;70.6	C	7/9	contiguous	16439	0	1	
CP088444.1	MPF_F	IncFIA;IncFIB(AP001918);IncFII(pSE11)	124	0	0	GA	0															not_admitted	not_admitted	not_admitted	not_admitted	not_admitted	not_admitted	not_admitted	not_admitted	not_admitted	not_admitted	1	107;94011;95003;-;369.5	93;85914;87287;-;386.0	100;89492;90235;-;234.4	110;96012;98642;-;297.8	92;83092;85917;-;386.5	118;102087;103514;-;93.9	110;96012;98642;-;98.7	120;104229;104795;-;174.3	105;93029;93667;-;68.6	102;90512;92317;-;267.0	88;78562;80850;-;381.9	115;100688;101203;-;78.4	88;78562;80850;-;66.7	A	9/9	contiguous	25667	1	1	82586..83095-;169;unnamed;0
CP088450.1	MPF_F	IncFIB(AP001918);IncFII	136	0	0	GA	0															not_admitted	not_admitted	not_admitted	not_admitted	not_admitted	not_admitted	not_admitted	not_admitted	not_admitted	not_admitted	1	95;90696;91688;-;367.4	84;83637;85010;-;380.9	91;87224;87967;-;235.0	98;92697;95324;-;305.4	83;80815;83640;-;385.9	104;97379;98806;-;94.3	98;92697;95324;-;98.5	106;99521;100087;-;183.8	94;90049;90687;-;68.6	93;88244;90052;-;268.3	80;77123;79312;-;391.3	100;95840;96355;-;78.4	80;77123;79312;-;70.4	A	9/9	contiguous	22398	1	1	80309..80818-;169;unnamed;0
CP088453.1	MPF_F	IncFIA;IncFIB(AP001918);IncFII(pRSB107)	133	0	0	GA	0															not_admitted	not_admitted	not_admitted	not_admitted	not_admitted	not_admitted	not_admitted	not_admitted	not_admitted	not_admitted	1	88;86123;87115;-;369.5	78;78673;80046;-;386.6	83;82274;83017;-;231.4	91;88124;90751;-;303.9	77;75857;78676;-;386.3	97;92636;94087;-;94.1	91;88124;90751;-;96.5	99;94802;95368;-;184.3	86;85141;85779;-;68.7	85;83294;85144;-;266.7	73;71374;73599;-;391.7	94;91267;91782;-;75.2	73;71374;73599;-;70.3	A	9/9	contiguous	23428	1	1	75341..75832-;163;TraS;0
CP088454.1	MPF_F	IncFII(pSE11)	87	0	0	GA	0															not_admitted	not_admitted	not_admitted	not_admitted	not_admitted	not_admitted	not_admitted	not_admitted	not_admitted	not_admitted	1	23;22515;23507;-;369.5	11;15088;16461;-;381.7	18;18666;19409;-;234.4	26;24516;27146;-;297.8	10;12266;15091;-;374.0	33;30188;31615;-;93.9	26;24516;27146;-;98.7	35;32330;32896;-;174.3	21;21533;22171;-;68.5	20;19686;21536;-;266.9	2;5205;7397;-;391.8	30;28789;29304;-;78.4	2;5205;7397;-;70.4	A	9/9	contiguous	27125	1	1	11760..12269-;169;unnamed;0
CP088457.1	MPF_F	IncFIB(AP001918);IncFII	140	0	0	GA	0															not_admitted	not_admitted	not_admitted	not_admitted	not_admitted	not_admitted	not_admitted	not_admitted	not_admitted	not_admitted	1	59;51086;52078;-;369.5	47;43660;45033;-;381.7	54;47237;47980;-;233.1	62;53087;55717;-;304.1	46;40841;43663;-;373.4	71;59209;60660;-;93.8	62;53087;55717;-;98.9	73;61375;61941;-;182.3	57;50104;50742;-;68.6	56;48257;50107;-;272.5	42;36317;38569;-;391.7	67;57336;57848;-;80.9	42;36317;38569;-;70.3	A	9/9	contiguous	25058	1	1	40323..40820-;165;TraS;0
CP088462.1	MPF_F	Col156;IncFIB(AP001918);IncFII(29)	171	0	0	GA	0															not_admitted	not_admitted	not_admitted	not_admitted	not_admitted	not_admitted	not_admitted	not_admitted	not_admitted	not_admitted	1	72;58355;59347;+;369.5	84;65401;66774;+;381.7	77;62453;63196;+;233.1	69;54716;57346;+;304.0	85;66771;69593;+;388.5	62;50158;51585;+;93.9	69;54716;57346;+;99.3	60;48877;49443;+;183.1	74;59691;60329;+;68.6	75;60326;62176;+;271.9	93;74405;76675;+;391.1	65;52714;53229;+;73.9	93;74405;76675;+;70.3	A	9/9	contiguous	25528	1	1	69615..70094+;159;TraS;0
CP088467.1	MPF_F	IncFIB(AP001918);IncFII	165	0	0	GA	0															not_admitted	not_admitted	not_admitted	not_admitted	not_admitted	not_admitted	not_admitted	not_admitted	not_admitted	not_admitted	1	102;93845;94837;-;369.5	92;86693;88066;-;381.7	97;89996;90739;-;234.4	105;95846;97840;-;162.3	91;83874;86696;-;374.0	113;101474;102925;-;94.2	105;95846;97840;-;98.0	115;103640;104206;-;174.3	100;92863;93501;-;68.6	99;91016;92866;-;266.1	87;79377;81602;-;391.1	110;100099;100614;-;78.4	87;79377;81602;-;70.3	A	9/9	contiguous	24263	1	1	83373..83852-;159;TraS;0
CP088475.1	MPF_F	Col156;IncFIA;IncFIB(AP001918);IncFII	152	0	0	GA	0															not_admitted	not_admitted	not_admitted	not_admitted	not_admitted	not_admitted	not_admitted	not_admitted	not_admitted	not_admitted	1	100;84498;85490;-;369.5	88;77071;78444;-;381.7	95;80649;81392;-;234.4	103;86499;89129;-;297.8	87;74249;77074;-;374.0	110;92171;93598;-;93.9	103;86499;89129;-;98.7	112;94313;94879;-;174.3	98;83516;84154;-;68.5	97;81669;83519;-;266.9	83;69827;72007;-;391.8	107;90772;91287;-;78.4	83;69827;72007;-;70.4	A	9/9	contiguous	24486	1	1	73743..74252-;169;unnamed;0
CP088481.1	MPF_T	-	57	0	0	GA	1	39;31639;32373;-;32.6	37;31046;31339;-;29.3	36;30679;30996;-;63.9	35;28079;30679;-;115.2	35;28079;30679;-;76.2	34;27348;28061;-;105.1	32;26057;27097;-;142.6		31;25140;25838;-;131.9	30;24245;25129;-;159.7	29;23085;24245;-;156.3	28;22047;23042;-;81.4	24;15949;17478;+;38.5		pfam	both	A	7/7	canonical	1	0	unscoreable	17	0	0														not_admitted	not_admitted	not_admitted	not_admitted	not_admitted	not_admitted	not_admitted
CP088487.1	MPF_F	IncFIA;IncFIB(AP001918);IncFII(pRSB107)	170	0	0	GA	0															not_admitted	not_admitted	not_admitted	not_admitted	not_admitted	not_admitted	not_admitted	not_admitted	not_admitted	not_admitted	1	140;116906;117688;-;288.8	136;114536;115909;-;386.6		143;118697;121324;-;303.9	135;111720;114539;-;386.3	149;123209;124660;-;94.1	143;118697;121324;-;96.5	151;125375;125941;-;184.3			131;107256;109463;-;391.8	146;121840;122355;-;75.2	131;107256;109463;-;70.3	C	6/9	contiguous	18119	1	0	111204..111695-;163;TraS;0
CP088488.1	MPF_T	IncX1;IncX10	51	0	0	GA	1	3;1658;2305;-;45.0	2;1384;1680;-;75.2	1;1132;1362;-;49.0	50;32485;35076;-;148.3	50;32485;35076;-;73.7	49;31725;32474;-;65.3	47;30353;31414;-;131.2		46;29395;30108;-;118.8	45;28461;29390;-;133.7	44;27259;28464;-;132.5	43;26226;27257;-;76.2	42;24388;26223;-;486.3		pfam	pfam_only	A	7/7	canonical	1	0	unscoreable	1	0	0														not_admitted	not_admitted	not_admitted	not_admitted	not_admitted	not_admitted	not_admitted
CP088493.1	MPF_T	-	48	0	0	GA	1	44;31849;32496;-;45.2	43;31575;31871;-;76.7	42;28803;31556;-;46.6	42;28803;31556;-;148.0	42;28803;31556;-;73.5	41;28043;28792;-;70.2	39;26671;27732;-;134.7		38;25713;26426;-;118.8	37;24779;25708;-;133.7	36;23577;24782;-;132.5	35;22544;23575;-;76.2	34;20706;22541;-;486.3		pfam	pfam_only	A	7/7	canonical	1	1	unscoreable	1	0	0														not_admitted	not_admitted	not_admitted	not_admitted	not_admitted	not_admitted	not_admitted
CP088497.1	MPF_F	IncFIB(AP001918);IncFII	136	0	0	GA	0															not_admitted	not_admitted	not_admitted	not_admitted	not_admitted	not_admitted	not_admitted	not_admitted	not_admitted	not_admitted	1	63;47633;48625;+;369.5	73;54404;55777;+;381.7	68;51731;52474;+;234.4	60;43994;46624;+;304.1	74;55774;58596;+;373.4	51;39051;40502;+;93.8	60;43994;46624;+;96.8	49;37770;38336;+;182.3	65;48969;49607;+;68.6	66;49604;51454;+;265.9	78;60868;63120;+;391.7	55;41863;42375;+;80.9	78;60868;63120;+;70.3	A	9/9	contiguous	23098	1	1	58617..59114+;165;TraS;0
CP088507.1	MPF_F	Col156;IncFIB(AP001918);IncFII(29)	158	0	0	GA	0															not_admitted	not_admitted	not_admitted	not_admitted	not_admitted	not_admitted	not_admitted	not_admitted	not_admitted	not_admitted	1	30;29054;30046;-;369.5	18;21627;23000;-;381.7	25;25205;25948;-;233.1	33;31055;33685;-;304.0	17;18808;21630;-;388.5	41;36815;38242;-;93.9	33;31055;33685;-;99.3	43;38957;39523;-;183.1	28;28072;28710;-;68.6	27;26225;28075;-;271.9	13;14266;16536;-;391.1	37;35172;35687;-;74.0	13;14266;16536;-;70.3	A	9/9	contiguous	24691	1	1	18307..18786-;159;TraS;0
CP088511.1	MPF_F	IncFII	83	0	0	GA	0															not_admitted	not_admitted	not_admitted	not_admitted	not_admitted	not_admitted	not_admitted	not_admitted	not_admitted	not_admitted	1	40;39385;40377;-;369.5	29;32233;33606;-;381.7	35;35536;36279;-;234.4	43;41386;44016;-;297.8	28;29414;32236;-;374.0	50;47034;48485;-;94.2	43;41386;44016;-;98.7	52;49200;49766;-;174.3	38;38403;39041;-;68.5	37;36556;38406;-;266.9	24;24881;27142;-;391.1	47;45659;46174;-;78.4	24;24881;27142;-;70.3	A	9/9	contiguous	24319	1	1	28913..29392-;159;TraS;0
CP088513.1	MPF_F	Col156;IncFIB(AP001918);IncFII(29)	162	0	0	GA	0															not_admitted	not_admitted	not_admitted	not_admitted	not_admitted	not_admitted	not_admitted	not_admitted	not_admitted	not_admitted	1	151;123322;124314;-;369.5	139;115895;117268;-;381.7	146;119473;120216;-;233.1	154;125323;127953;-;304.0	138;113076;115898;-;388.5	161;131084;132271;-;93.0	154;125323;127953;-;99.3	1;945;1511;-;183.1	149;122340;122978;-;68.6	148;120493;122343;-;271.9	134;108525;110804;-;391.0	158;129440;129955;-;74.0	134;108525;110804;-;70.3	A	9/9	split_2	130139	1	1	112575..113054-;159;TraS;0
CP088521.1	MPF_F	IncFIB(AP001918);IncFII	169	0	0	GA	0															not_admitted	not_admitted	not_admitted	not_admitted	not_admitted	not_admitted	not_admitted	not_admitted	not_admitted	not_admitted	1	90;85750;86742;-;367.3	79;78690;80063;-;374.3	86;82278;83021;-;234.1	93;87751;90378;-;305.4	78;75877;78693;-;387.9	100;92433;93860;-;94.4	93;87751;90378;-;99.1	102;94575;95141;-;183.8	89;85103;85741;-;67.3	88;83298;85106;-;268.3	75;72161;74314;-;391.1	96;90894;91409;-;77.3	75;72161;74314;-;69.2	A	9/9	contiguous	22414	1	1	75323..75844-;173;unnamed;0
CP088523.1	MPF_T	-	129	0	0	GA	1	0;422;1099;+;30.1			3;1852;4365;+;56.2	3;1852;4365;+;38.1	4;4328;5029;+;73.0	118;113801;114853;+;103.1		6;5260;6057;+;132.7	7;6077;6865;+;167.9	8;6858;8090;+;146.8	9;8156;9223;+;78.0	10;9240;11261;+;297.3		pfam	pfam_only	A	7/7	canonical	1	0	unscoreable	3	0	0														not_admitted	not_admitted	not_admitted	not_admitted	not_admitted	not_admitted	not_admitted
CP088524.1	MPF_T	IncN4	52	0	0	GA	1	17;8109;8849;+;34.8	19;9173;9463;+;45.9	20;9513;9827;+;65.3	21;9827;12457;+;124.9	21;9827;12457;+;86.8	22;12467;13174;+;114.6	24;13433;14476;+;127.4	25;14571;14741;+;41.4	26;14744;15460;+;145.6	27;15463;16350;+;144.4	28;16347;17501;+;174.0	29;17494;18525;+;78.1	34;22933;24510;-;50.6		pfam	both	A	7/7	canonical	1	0	ga	6	0	0														not_admitted	not_admitted	not_admitted	not_admitted	not_admitted	not_admitted	not_admitted
CP088528.1	MPF_F	IncFII	63	0	0	GA	0															not_admitted	not_admitted	not_admitted	not_admitted	not_admitted	not_admitted	not_admitted	not_admitted	not_admitted	not_admitted	1	40;39389;40381;-;369.5	29;32237;33610;-;381.7	35;35540;36283;-;234.4	43;41390;44020;-;297.8	28;29418;32240;-;374.0	50;47038;48489;-;94.2	43;41390;44020;-;98.7	52;49204;49770;-;174.3	38;38407;39045;-;68.5	37;36560;38410;-;266.9	24;24885;27146;-;391.1	47;45663;46178;-;78.4	24;24885;27146;-;70.3	A	9/9	contiguous	24319	1	1	28917..29396-;159;TraS;0
CP088530.1	MPF_F	IncFIA;IncFIB(AP001918);IncFII	139	0	0	GA	0															not_admitted	not_admitted	not_admitted	not_admitted	not_admitted	not_admitted	not_admitted	not_admitted	not_admitted	not_admitted	1	56;41389;42381;+;367.4	67;48067;49440;+;380.9	60;45110;45853;+;235.0	53;37753;40380;+;305.4	68;49437;52262;+;385.9	47;34271;35698;+;94.3	53;37753;40380;+;98.5	45;32990;33556;+;184.4	57;42390;43028;+;68.6	58;43025;44833;+;268.3	71;53765;55954;+;391.3	51;36722;37237;+;78.4	71;53765;55954;+;70.4	A	9/9	contiguous	20775	1	1	52259..52768+;169;unnamed;0
CP088531.1	MPF_F	IncFII	80	0	0	GA	0															not_admitted	not_admitted	not_admitted	not_admitted	not_admitted	not_admitted	not_admitted	not_admitted	not_admitted	not_admitted	1	69;59532;60524;+;369.5	79;66303;67676;+;381.7	74;63630;64373;+;234.4	66;55893;58523;+;304.1		58;51040;52491;+;94.2	66;55893;58523;+;100.7	56;49759;50325;+;174.3	71;60868;61506;+;68.6	72;61503;63353;+;266.1	3;2474;4699;+;391.1	61;53351;53866;+;78.4	3;2474;4699;+;70.3	B	8/9	split_2	63829	0	1	
CP088544.1	MPF_F	IncFIB(AP001918);IncFII	98	0	0	GA	0															not_admitted	not_admitted	not_admitted	not_admitted	not_admitted	not_admitted	not_admitted	not_admitted	not_admitted	not_admitted	1	61;47483;48475;+;369.5	72;54210;55583;+;382.9	66;51539;52282;+;233.4	58;43847;46474;+;300.9	73;55580;58399;+;385.4	52;40267;41694;+;93.9	58;43847;46474;+;101.1	50;38986;39552;+;182.7	63;48819;49457;+;70.7	64;49454;51262;+;264.7	76;59931;62147;+;391.7	56;42816;43331;+;76.0	76;59931;62147;+;70.3	A	9/9	contiguous	20945	1	1	58424..58915+;163;TraS;0
CP088548.1	MPF_F	Col156;IncFIA;IncFIB(AP001918);IncFII(pRSB107)	138	0	0	GA	0															not_admitted	not_admitted	not_admitted	not_admitted	not_admitted	not_admitted	not_admitted	not_admitted	not_admitted	not_admitted	1	47;37542;38534;+;369.5		52;41640;42383;+;231.4	44;33906;36533;+;303.9		38;30570;32021;+;94.1	44;33906;36533;+;96.5	36;29289;29855;+;184.3	49;38878;39516;+;68.7	50;39513;41363;+;265.4	44;33906;36533;+;21.8	41;32875;33390;+;75.2		C	7/9	contiguous	12351	0	1	
CP088550.1	MPF_T	IncX1;IncX10	48	0	0	GA	1	28;21957;22604;-;45.2	27;21683;21979;-;74.6	26;18908;21661;-;46.1	26;18908;21661;-;148.0	26;18908;21661;-;73.5	25;18139;18897;-;68.9	23;16768;17901;-;109.2		22;15810;16523;-;120.0	21;14876;15805;-;133.7	20;13674;14879;-;132.5	19;12641;13672;-;76.2	18;10803;12638;-;486.3		pfam	pfam_only	A	7/7	canonical	1	1	unscoreable	1	0	0														not_admitted	not_admitted	not_admitted	not_admitted	not_admitted	not_admitted	not_admitted
CP088565.1	MPF_F	Col156;IncFIB(AP001918);IncFII(29)	150	0	0	GA	0															not_admitted	not_admitted	not_admitted	not_admitted	not_admitted	not_admitted	not_admitted	not_admitted	not_admitted	not_admitted	1	21;17966;18958;-;369.5	9;10539;11912;-;381.7	16;14117;14860;-;233.1	24;19967;22597;-;304.0	8;7720;10542;-;388.5	31;25728;27155;-;93.9	24;19967;22597;-;99.3	33;27870;28436;-;183.1	19;16984;17622;-;68.6	18;15137;16987;-;271.9	0;629;2908;-;391.0	28;24084;24599;-;73.9	0;629;2908;-;70.3	A	9/9	contiguous	27241	1	1	7219..7698-;159;TraS;0
CP088568.1	-	-	47	0	0	GA	1	40;26792;27394;+;49.6	41;27391;27678;+;48.4	42;27694;30429;+;59.0	42;27694;30429;+;139.9	42;27694;30429;+;57.6	43;30439;31146;+;112.9	45;31393;32451;+;127.8			0;275;1183;+;132.8	1;1173;2456;+;129.8	2;2456;3490;+;85.4	3;3477;5309;+;412.1		pfam	pfam_only	B	6/7	canonical	1	1	unscoreable	1	0	0														not_admitted	not_admitted	not_admitted	not_admitted	not_admitted	not_admitted	not_admitted
CP088569.1	MPF_T	pXuzhou21	61	0	0	GA	1	2;1060;1737;+;28.8			5;2494;5022;+;60.9	5;2494;5022;+;36.2	6;5006;5686;+;82.0	57;37034;38086;-;91.7		7;5911;6702;+;139.3	8;6722;7510;+;166.0	9;7503;8729;+;158.0	12;9209;10270;+;76.7	13;10292;12313;+;312.2		pfam	pfam_only	A	7/7	uncallable	0	0	unscoreable	4	0	0														not_admitted	not_admitted	not_admitted	not_admitted	not_admitted	not_admitted	not_admitted
CP088571.1	MPF_F	IncFII(pRSB107)	86	0	0	GA	0															not_admitted	not_admitted	not_admitted	not_admitted	not_admitted	not_admitted	not_admitted	not_admitted	not_admitted	not_admitted	1	21;15909;16901;+;369.5	31;22680;24053;+;381.7	26;20007;20750;+;233.1	18;12270;14900;+;297.8	32;24050;26875;+;389.2	11;7810;9237;+;94.3	18;12270;14900;+;98.7	9;6529;7095;+;179.9	23;17245;17883;+;68.6	24;17880;19730;+;267.2	36;29117;31342;+;385.9	14;10121;10636;+;77.9	36;29117;31342;+;68.6	A	9/9	contiguous	22588	1	1	26872..27381+;169;unnamed;0
CP088574.1	MPF_F	IncFII	65	0	0	GA	0															not_admitted	not_admitted	not_admitted	not_admitted	not_admitted	not_admitted	not_admitted	not_admitted	not_admitted	not_admitted	1	47;37230;38222;+;369.5	57;44001;45374;+;381.7	52;41328;42071;+;234.4	44;33591;36221;+;304.1	58;45371;48193;+;374.0	36;28738;30189;+;94.2	44;33591;36221;+;97.1	34;27457;28023;+;174.3	49;38566;39204;+;68.6	50;39201;41051;+;266.1	62;50465;52645;+;391.2	39;31049;31564;+;78.4	62;50465;52645;+;70.3	A	9/9	contiguous	23008	1	1	48215..48694+;159;TraS;0
CP088575.1	MPF_F	IncFIA;IncFIB(AP001918);IncFII(pRSB107)	147	0	0	GA	0															not_admitted	not_admitted	not_admitted	not_admitted	not_admitted	not_admitted	not_admitted	not_admitted	not_admitted	not_admitted	1	123;101888;102880;+;369.5	133;108659;110032;+;386.6	128;105986;106729;+;231.4	120;98252;100879;+;304.1	134;110029;112848;+;386.3	114;94916;96367;+;94.1	120;98252;100879;+;96.6	112;93635;94201;+;184.3	125;103224;103862;+;68.7	126;103859;105709;+;266.7	140;115985;117289;+;249.0	117;97221;97736;+;75.2	140;115985;117289;+;71.4	A	9/9	contiguous	22350	1	1	112873..113364+;163;TraS;0
CP088579.1	MPF_F	Col156;IncFIB(AP001918);IncFII(29)	171	0	0	GA	0															not_admitted	not_admitted	not_admitted	not_admitted	not_admitted	not_admitted	not_admitted	not_admitted	not_admitted	not_admitted	1	24;18155;19147;+;369.5	36;25201;26574;+;381.7	29;22253;22996;+;233.1	21;14516;17146;+;304.0	37;26571;29393;+;388.5	14;9958;11385;+;93.9	21;14516;17146;+;99.3	12;8677;9243;+;183.1	26;19491;20129;+;68.6	27;20126;21976;+;271.9	45;34205;36493;+;391.0	17;12514;13029;+;73.9	45;34205;36493;+;70.2	A	9/9	contiguous	25528	1	1	29415..29894+;159;TraS;0
CP088585.1	MPF_F	IncFII(pSE11)	81	0	0	GA	0															not_admitted	not_admitted	not_admitted	not_admitted	not_admitted	not_admitted	not_admitted	not_admitted	not_admitted	not_admitted	1	47;35601;36593;+;369.5	59;42647;44020;+;381.7	52;39699;40442;+;234.4	44;31962;34592;+;297.8	60;44017;46842;+;374.0	37;27493;28920;+;93.9	44;31962;34592;+;98.7	35;26212;26778;+;174.3	49;36937;37575;+;67.3	50;37572;39422;+;266.9	67;50397;52640;+;391.7	40;29804;30319;+;78.4	67;50397;52640;+;70.3	A	9/9	contiguous	24185	1	1	46839..47348+;169;unnamed;0
CP088594.1	MPF_F	Col156;IncFIA;IncFIB(AP001918);IncFII(pRSB107)	163	0	0	GA	0															not_admitted	not_admitted	not_admitted	not_admitted	not_admitted	not_admitted	not_admitted	not_admitted	not_admitted	not_admitted	1	27;21645;22637;-;369.5		22;17796;18539;-;231.4	30;23646;26273;-;303.9		36;28158;29609;-;94.1	30;23646;26273;-;96.5	38;30324;30890;-;184.3	25;20663;21301;-;68.7	24;18816;20666;-;266.7	30;23646;26273;-;21.8	33;26789;27304;-;75.2		C	7/9	contiguous	12528	0	1	
CP088601.1	MPF_F	IncHI2;IncHI2A	375	0	0	GA	0															not_admitted	not_admitted	not_admitted	not_admitted	not_admitted	not_admitted	not_admitted	not_admitted	not_admitted	not_admitted	1	61;56073;57131;-;276.9	330;304971;306386;-;194.1	331;306376;307422;-;173.7	88;88986;91667;-;168.0	329;301012;304962;-;101.6	92;93997;95352;-;80.7	88;88986;91667;-;72.2	95;97076;97864;-;74.8	63;57273;58784;-;62.7	60;52866;56054;-;58.3	232;218312;220396;-;56.7	89;91676;92626;-;46.4	232;218312;220396;-;38.8	A	9/9	split_4	253510	0	1	
CP088603.1	MPF_F	-	37	0	0	GA	0															not_admitted	not_admitted	not_admitted	not_admitted	not_admitted	not_admitted	not_admitted	not_admitted	not_admitted	not_admitted	1	21;15030;16022;+;369.5		31;20836;21426;+;215.9	18;11391;14021;+;297.8		11;6922;8349;+;93.9	18;11391;14021;+;98.7	9;5641;6207;+;174.3	25;17144;17782;+;68.5	26;17779;19629;+;266.9	18;11391;14021;+;20.8	14;9233;9748;+;78.4		C	7/9	contiguous	15195	0	1	
CP088611.1	MPF_F	Col156;IncFIA;IncFIB(AP001918);IncFII	176	0	0	GA	0															not_admitted	not_admitted	not_admitted	not_admitted	not_admitted	not_admitted	not_admitted	not_admitted	not_admitted	not_admitted	1	32;24853;25845;+;367.4	77;71582;72955;-;380.9	84;75169;75912;-;235.0	29;21217;23844;+;305.4	76;68760;71585;-;385.9	23;17735;19162;+;94.3	29;21217;23844;+;98.5	21;16454;17020;+;183.8	33;25854;26429;+;48.2	86;76189;77997;-;268.3	73;65069;67258;-;391.3	27;20186;20701;+;78.4	73;65069;67258;-;70.4	A	9/9	split_2	59735	1	1	68254..68763-;169;unnamed;0
CP088615.1	MPF_F	IncFIA;IncFIB(AP001918);IncFII	189	0	0	GA	0															not_admitted	not_admitted	not_admitted	not_admitted	not_admitted	not_admitted	not_admitted	not_admitted	not_admitted	not_admitted	1	150;123335;124327;+;367.4	161;130013;131386;+;380.9	154;127056;127799;+;235.0	147;119699;122326;+;305.4	162;131383;134208;+;385.9	141;116217;117644;+;94.3	147;119699;122326;+;98.5	139;114936;115502;+;183.8	151;124336;124974;+;68.6	152;124971;126779;+;268.3	165;135711;137891;+;391.3	145;118668;119183;+;78.4	165;135711;137891;+;70.4	A	9/9	contiguous	20775	1	1	134205..134714+;169;unnamed;0
CP088618.1	MPF_F	Col156;IncFIA;IncFIB(AP001918);IncFII(pRSB107)	188	0	0	GA	0															not_admitted	not_admitted	not_admitted	not_admitted	not_admitted	not_admitted	not_admitted	not_admitted	not_admitted	not_admitted	1	80;69130;70122;-;369.5	67;59998;61371;-;386.6	75;65281;66024;-;231.4	83;71131;73758;-;303.9	66;57182;60001;-;386.3	89;75643;77094;-;94.1	83;71131;73758;-;96.5	91;77809;78375;-;184.3	78;68148;68786;-;68.7	77;66301;68151;-;266.7	62;52699;54924;-;391.7	86;74274;74789;-;75.2	62;52699;54924;-;70.3	A	9/9	contiguous	25110	1	1	56666..57157-;163;TraS;0
CP088620.1	MPF_F	IncFII(pSE11)	80	0	0	GA	0															not_admitted	not_admitted	not_admitted	not_admitted	not_admitted	not_admitted	not_admitted	not_admitted	not_admitted	not_admitted	1	11;8349;9341;+;369.5	23;15941;17314;+;381.7	18;13268;14011;+;234.4	8;4710;7340;+;297.8	24;17311;20133;+;374.0	0;25;1284;+;92.4	8;4710;7340;+;98.7	78;66509;67075;+;174.3	15;10506;11144;+;68.5	16;11141;12991;+;266.5	28;22405;24765;+;390.9	3;2168;2683;+;78.4	28;22405;24765;+;70.2	A	9/9	split_2	66484	1	1	20154..20651+;165;TraS;0
CP088626.1	MPF_F	Col156;IncFIB(AP001918);IncFII	152	0	0	GA	0															not_admitted	not_admitted	not_admitted	not_admitted	not_admitted	not_admitted	not_admitted	not_admitted	not_admitted	not_admitted	1	36;35211;36203;-;369.5	21;26370;27743;-;381.7	28;29948;30691;-;234.4	39;37212;39842;-;297.8	20;23554;26373;-;373.5	46;43110;44561;-;94.2	39;37212;39842;-;99.0	48;45276;45842;-;174.3	33;33630;34268;-;70.8	30;30968;32818;-;270.8	16;18951;21284;-;391.5	43;41735;42250;-;82.8	16;18951;21284;-;70.2	A	9/9	contiguous	26325	1	1	23038..23529-;163;TraS;0
CP088630.1	MPF_F	Col156;IncFIA;IncFIB(AP001918);IncFII	182	0	0	GA	0															not_admitted	not_admitted	not_admitted	not_admitted	not_admitted	not_admitted	not_admitted	not_admitted	not_admitted	not_admitted	1	44;35711;36703;+;367.4	55;42389;43762;+;380.9	48;39432;40175;+;235.0	41;32075;34702;+;305.4	56;43759;46584;+;385.9	35;28593;30020;+;94.3	41;32075;34702;+;98.5	33;27312;27878;+;183.8	45;36712;37350;+;68.6	46;37347;39155;+;268.3	59;48087;50276;+;391.3	39;31044;31559;+;78.4	59;48087;50276;+;70.4	A	9/9	contiguous	20775	1	1	46581..47090+;169;unnamed;0
CP088633.1	MPF_F	Col156;IncFIB(AP001918);IncFII(29)	170	0	0	GA	0															not_admitted	not_admitted	not_admitted	not_admitted	not_admitted	not_admitted	not_admitted	not_admitted	not_admitted	not_admitted	1	106;85767;86759;+;369.5	118;92813;94186;+;381.7	111;89865;90608;+;233.1	103;82128;84758;+;304.0	119;94183;97005;+;388.5	96;77570;78997;+;93.9	103;82128;84758;+;99.3	94;76289;76855;+;183.1	108;87103;87741;+;68.6	109;87738;89588;+;271.9	127;101817;104078;+;391.1	99;80126;80641;+;73.9	127;101817;104078;+;70.3	A	9/9	contiguous	25528	1	1	97027..97506+;159;TraS;0
CP088640.1	MPF_F	IncFII(pSE11)	83	0	0	GA	0															not_admitted	not_admitted	not_admitted	not_admitted	not_admitted	not_admitted	not_admitted	not_admitted	not_admitted	not_admitted	1	12;7754;8746;-;369.5	81;68132;69505;-;381.7	7;3905;4648;-;234.4	15;9755;12385;-;297.8	80;65310;68135;-;374.0	22;15427;16854;-;93.9	15;9755;12385;-;98.7	24;17569;18135;-;174.3	10;6772;7410;-;68.5	9;4925;6775;-;266.9	76;60852;63068;-;391.8	19;14028;14543;-;78.4	76;60852;63068;-;70.3	A	9/9	split_2	64227	1	1	64804..65313-;169;unnamed;0
CP088642.1	MPF_F	IncFIB(AP001918);IncFII(29)	103	0	0	GA	0															not_admitted	not_admitted	not_admitted	not_admitted	not_admitted	not_admitted	not_admitted	not_admitted	not_admitted	not_admitted	1	47;47154;48146;-;369.5	35;39727;41100;-;381.7	42;43305;44048;-;233.1	50;49155;51785;-;304.0	34;36908;39730;-;388.5	59;55693;57120;-;93.9	50;49155;51785;-;99.3	61;57835;58401;-;183.1	45;46172;46810;-;68.6	44;44325;46175;-;271.9	27;29754;32096;-;390.9	56;54049;54564;-;73.9	27;29754;32096;-;70.2	A	9/9	contiguous	28081	1	1	36407..36886-;159;TraS;0
CP088646.1	MPF_F	IncFII(pHN7A8)	78	0	0	GA	0															not_admitted	not_admitted	not_admitted	not_admitted	not_admitted	not_admitted	not_admitted	not_admitted	not_admitted	not_admitted	1	35;37987;38973;-;352.9	29;32393;33754;-;343.5	31;34386;35165;-;195.3	38;40066;42657;-;216.1	28;29509;32391;-;288.8	43;44245;45609;-;83.1	38;40066;42657;-;87.4	45;46326;46889;-;136.5	33;36997;37611;-;82.6	32;35162;37000;-;259.4	25;25646;27877;-;371.9	39;42668;43336;-;47.2	25;25646;27877;-;68.9	A	9/9	contiguous	20680	1	1	28924..29499-;191;unnamed;0
CP088650.1	MPF_F	IncFIA;IncFII;IncFII(pCoo)	150	0	0	GA	0															not_admitted	not_admitted	not_admitted	not_admitted	not_admitted	not_admitted	not_admitted	not_admitted	not_admitted	not_admitted	1	68;64262;65254;-;369.3	57;56839;58212;-;381.0	62;59802;60545;-;229.7	71;66263;68890;-;302.8	56;54017;56842;-;389.2	75;70802;72229;-;95.7	71;66263;68890;-;96.8	77;72944;73510;-;183.8	65;62627;63265;-;68.6	64;60822;62630;-;268.0	54;50324;52513;-;392.1	72;69406;69921;-;78.0	54;50324;52513;-;70.4	A	9/9	contiguous	22620	1	1	52767..54020-;417;unnamed;0
CP088653.1	MPF_F	IncFII(pCoo)	81	0	0	GA	0															not_admitted	not_admitted	not_admitted	not_admitted	not_admitted	not_admitted	not_admitted	not_admitted	not_admitted	not_admitted	1	10;9221;10213;-;369.5	0;2069;3442;-;381.7	5;5372;6115;-;234.4	13;11222;13852;-;304.1		21;17254;18705;-;94.2	13;11222;13852;-;96.8	23;19420;19986;-;174.3	8;8239;8877;-;68.6	7;6392;8242;-;266.1	76;65036;67198;-;391.2	18;15879;16394;-;78.4	76;65036;67198;-;70.4	B	8/9	split_2	62967	0	1	
CP088657.1	MPF_F	IncFII(pSE11)	85	0	0	GA	0															not_admitted	not_admitted	not_admitted	not_admitted	not_admitted	not_admitted	not_admitted	not_admitted	not_admitted	not_admitted	1	19;13701;14693;+;369.5	31;20747;22120;+;381.7	24;17799;18542;+;233.1	16;10062;12692;+;305.1	32;22117;24942;+;374.0	9;5611;7038;+;93.9	16;10062;12692;+;97.1	7;4330;4896;+;174.3	21;15037;15675;+;68.6	22;15672;17522;+;272.0	36;27184;29346;+;391.9	12;7922;8437;+;78.4	36;27184;29346;+;70.4	A	9/9	contiguous	22854	1	1	24939..25448+;169;unnamed;0
CP088661.1	MPF_F	Col156;IncFIA;IncFIB(AP001918);IncFII(pRSB107)	218	0	0	GA	0															not_admitted	not_admitted	not_admitted	not_admitted	not_admitted	not_admitted	not_admitted	not_admitted	not_admitted	not_admitted	1	177;155856;156848;-;369.5	24;27263;28636;-;386.6	172;152190;152750;-;140.3	180;157857;160487;-;297.8	160;143070;145892;-;388.5	35;33077;34528;-;94.1	180;157857;160487;-;99.6	37;35243;35809;-;184.3	175;154874;155512;-;68.6	174;153027;154877;-;267.6	19;19973;22189;-;391.8	184;162380;162895;-;82.8	156;138600;140798;-;70.4	A	9/9	split_2	142407	1	1	142552..143049-;165;unnamed;0
CP088663.1	MPF_F	IncFIB(AP001918);IncFII	137	0	0	GA	0															not_admitted	not_admitted	not_admitted	not_admitted	not_admitted	not_admitted	not_admitted	not_admitted	not_admitted	not_admitted	1	101;110199;111191;-;369.5	89;102772;104145;-;381.7	96;106350;107093;-;234.4	104;112200;114830;-;297.8	88;99950;102775;-;374.0	112;117872;119299;-;94.1	104;112200;114830;-;98.7	114;120014;120580;-;174.3	99;109217;109855;-;67.3	98;107370;109220;-;266.9	84;95492;97708;-;391.8	109;116473;116988;-;78.4	84;95492;97708;-;70.3	A	9/9	contiguous	24522	1	1	99444..99953-;169;unnamed;0
CP088666.1	MPF_T	IncI2(Delta)	81	0	0	GA	1	80;60391;60873;+;81.1		65;44523;44807;+;36.6	66;44813;47170;+;58.5	66;44813;47170;+;44.9	55;38518;39165;+;41.6	54;37526;38512;+;122.8		68;47336;48070;+;144.4	69;48067;48837;+;170.5	70;48827;49966;+;154.7	77;57085;58623;+;207.1	72;51056;53014;+;287.0		pfam	pfam_only	A	7/7	rearranged	1	0	unscoreable	15	0	0														not_admitted	not_admitted	not_admitted	not_admitted	not_admitted	not_admitted	not_admitted
CP088667.1	MPF_F	Col156;IncFIB(AP001918);IncFII(29)	169	0	0	GA	0															not_admitted	not_admitted	not_admitted	not_admitted	not_admitted	not_admitted	not_admitted	not_admitted	not_admitted	not_admitted	1	57;44245;45237;+;367.9	69;51291;52664;+;381.7	62;48343;49086;+;233.1	54;40606;43236;+;304.0	70;52661;55483;+;388.5	47;36048;37475;+;93.9	54;40606;43236;+;99.3	45;34767;35333;+;183.1	59;45581;46219;+;68.6	60;46216;48066;+;271.9	74;57755;59971;+;391.2	50;38604;39119;+;73.9	74;57755;59971;+;70.3	A	9/9	contiguous	22988	1	1	55505..55984+;159;TraS;0
CP088670.1	MPF_F	Col156;IncFIB(AP001918);IncFII(29)	175	0	0	GA	0															not_admitted	not_admitted	not_admitted	not_admitted	not_admitted	not_admitted	not_admitted	not_admitted	not_admitted	not_admitted	1	64;55671;56663;-;369.5	52;48244;49617;-;381.7	59;51822;52565;-;233.1	67;57672;60302;-;300.0	51;45425;48247;-;388.5	74;63433;64860;-;93.9	67;57672;60302;-;99.3	76;65575;66141;-;183.1	62;54689;55327;-;68.6	61;52842;54692;-;271.9	47;40883;43153;-;391.1	71;61789;62304;-;74.0	47;40883;43153;-;70.3	A	9/9	contiguous	24692	1	1	44924..45403-;159;TraS;0
CP088671.1	MPF_F	-	100	0	0	GA	0															not_admitted	not_admitted	not_admitted	not_admitted	not_admitted	not_admitted	not_admitted	not_admitted	not_admitted	not_admitted	1	63;47083;48681;+;327.9	69;51720;53108;+;244.0	67;50401;51228;+;170.0	60;40449;42989;+;160.8	70;53108;57058;+;130.1	58;38680;39930;+;59.4	60;40449;42989;+;81.4	56;37253;37885;+;41.9	65;49112;49861;+;95.1	62;45029;46924;+;72.0	98;76908;79181;-;343.5	59;39930;40448;+;70.0	98;76908;79181;-;64.2	A	9/9	split_2	39655	1	1	57183..57434+;83;unnamed;0
CP088680.1	MPF_F	IncFII(pSE11)	89	0	0	GA	0															not_admitted	not_admitted	not_admitted	not_admitted	not_admitted	not_admitted	not_admitted	not_admitted	not_admitted	not_admitted	1	40;28573;29565;+;369.5	52;35619;36992;+;381.7	45;32671;33414;+;234.4	37;24934;27564;+;297.8	53;36989;39814;+;374.0	30;20484;21911;+;93.8	37;24934;27564;+;98.7	28;19203;19769;+;174.3	42;29909;30547;+;68.5	43;30544;32394;+;266.9	61;44800;46857;+;392.0	33;22795;23310;+;78.4	61;44800;46857;+;70.5	A	9/9	contiguous	25597	1	1	39811..40320+;169;unnamed;0
CP088696.1	MPF_T	-	58	0	0	GA	1	22;11724;12458;+;32.6	24;12758;13051;+;29.3	25;13101;13418;+;63.9	26;13418;16018;+;115.2	26;13418;16018;+;76.2	27;16036;16749;+;105.1	29;17000;18040;+;142.6		30;18259;18957;+;131.9	31;18968;19852;+;159.7	32;19852;21012;+;156.3	33;21055;22050;+;81.4	37;26619;28148;-;38.5		pfam	both	A	7/7	canonical	1	0	unscoreable	17	0	0														not_admitted	not_admitted	not_admitted	not_admitted	not_admitted	not_admitted	not_admitted
CP088702.1	MPF_F	IncFIA;IncFIB(AP001918);IncFII(pSE11)	187	0	0	GA	0															not_admitted	not_admitted	not_admitted	not_admitted	not_admitted	not_admitted	not_admitted	not_admitted	not_admitted	not_admitted	1	39;28594;29586;+;369.5	51;35640;37013;+;381.7	44;32692;33435;+;234.4	36;24955;27585;+;297.8	52;37010;39835;+;374.0	29;20486;21913;+;93.9	36;24955;27585;+;98.7	27;19205;19771;+;174.3	41;29930;30568;+;68.5	42;30565;32415;+;266.9	56;42077;44293;+;391.8	32;22797;23312;+;78.4	56;42077;44293;+;70.3	A	9/9	contiguous	22872	1	1	39832..40341+;169;unnamed;0
CP088705.1	MPF_T	IncN4	53	0	0	GA	1	13;6540;7280;+;34.9	15;7604;7894;+;45.6	16;7946;8260;+;65.3	17;8260;10890;+;124.9	17;8260;10890;+;86.8	18;10900;11607;+;114.7	20;11866;12909;+;126.7	21;13004;13174;+;41.4	22;13177;13893;+;145.6	23;13896;14783;+;144.4	24;14780;15934;+;174.0	25;15927;16958;+;78.1	30;21366;22943;-;50.6		pfam	both	A	7/7	canonical	1	0	ga	6	0	0														not_admitted	not_admitted	not_admitted	not_admitted	not_admitted	not_admitted	not_admitted
CP088708.1	MPF_F	IncFIA;IncFIB(AP001918);IncFII	169	0	0	GA	0															not_admitted	not_admitted	not_admitted	not_admitted	not_admitted	not_admitted	not_admitted	not_admitted	not_admitted	not_admitted	1	87;72074;73066;+;367.4	98;78752;80125;+;380.9	91;75795;76538;+;235.0	84;68438;71065;+;305.4	99;80122;82947;+;385.9	78;64956;66383;+;94.3	84;68438;71065;+;98.5	76;63675;64241;+;183.8	88;73075;73713;+;68.6	89;73710;75518;+;268.3	102;84450;86648;+;391.3	82;67407;67922;+;78.4	102;84450;86648;+;70.4	A	9/9	contiguous	20775	1	1	82944..83453+;169;unnamed;0
CP088713.1	MPF_F	IncFII	128	0	0	GA	0															not_admitted	not_admitted	not_admitted	not_admitted	not_admitted	not_admitted	not_admitted	not_admitted	not_admitted	not_admitted	1	88;64250;65242;+;369.5	98;71021;72394;+;381.7	93;68348;69091;+;234.4	85;60611;63241;+;304.1	99;72391;75213;+;374.0	77;55758;57209;+;94.2	85;60611;63241;+;97.1	75;54477;55043;+;174.3	90;65586;66224;+;68.6	91;66221;68071;+;266.1	103;77485;79710;+;391.1	80;58069;58584;+;78.4	103;77485;79710;+;70.3	A	9/9	contiguous	23008	1	1	75235..75714+;159;TraS;0
CP088715.1	MPF_T	IncX4	46	0	0	GA	1	45;31893;32513;+;41.6		0;213;2960;+;63.8	0;213;2960;+;151.8	0;213;2960;+;46.1	1;2972;3688;+;94.2	2;3700;4794;+;150.1		4;5309;5995;+;169.0	5;5992;6900;+;142.4	6;6893;8011;+;163.9	7;8013;9041;+;85.0	8;9073;10890;+;316.5		pfam	pfam_only	A	7/7	canonical	1	1	unscoreable	1	0	0														not_admitted	not_admitted	not_admitted	not_admitted	not_admitted	not_admitted	not_admitted
CP088727.1	MPF_T	IncX1;IncX9	50	0	0	GA	1	32;31762;32409;-;42.8	31;31488;31784;-;77.5	30;28716;31469;-;46.6	30;28716;31469;-;148.0	30;28716;31469;-;75.3	29;27956;28705;-;67.5	27;26584;27645;-;135.0		26;25626;26339;-;119.8	25;24692;25621;-;134.1	24;23490;24695;-;134.1	23;22457;23488;-;76.4	22;20619;22454;-;482.7		pfam	pfam_only	A	7/7	canonical	1	1	unscoreable	1	0	0														not_admitted	not_admitted	not_admitted	not_admitted	not_admitted	not_admitted	not_admitted
CP088728.1	MPF_F	Col156;IncFIB(AP001918);IncFII(29)	142	0	0	GA	0															not_admitted	not_admitted	not_admitted	not_admitted	not_admitted	not_admitted	not_admitted	not_admitted	not_admitted	not_admitted	1	117;91924;92895;+;321.8	129;98971;100344;+;381.7	122;96023;96766;+;234.4	111;88819;89418;+;92.2	130;100341;103166;+;374.0	101;83725;85152;+;93.9	114;90332;90937;+;29.1	99;82444;83010;+;174.3	119;93261;93899;+;68.6	120;93896;95746;+;266.9	134;105410;107608;+;391.2	105;86280;86795;+;73.9	134;105410;107608;+;70.3	A	9/9	contiguous	22966	1	1	103163..103672+;169;unnamed;0
CP088730.1	MPF_F	Col156;IncFIA;IncFIB(AP001918);IncFII(pRSB107)	147	0	0	GA	0															not_admitted	not_admitted	not_admitted	not_admitted	not_admitted	not_admitted	not_admitted	not_admitted	not_admitted	not_admitted	1	106;90000;90992;-;369.5		101;86151;86894;-;231.4	109;92001;94628;-;303.9		115;96513;97964;-;94.1	109;92001;94628;-;96.5	117;98679;99245;-;184.3	104;89018;89656;-;68.7	103;87171;89021;-;266.7	109;92001;94628;-;21.8	112;95144;95659;-;75.2		C	7/9	contiguous	12528	0	1	
CP088731.1	MPF_T	IncX4	48	0	0	GA	1	17;8929;9549;+;46.3	18;9563;9889;+;64.4	19;9908;12655;+;61.6	19;9908;12655;+;151.8	19;9908;12655;+;46.2	20;12667;13383;+;94.1	21;13395;14489;+;150.1		23;15004;15690;+;169.0	24;15687;16595;+;142.3	25;16588;17706;+;163.9	26;17708;18736;+;85.0	27;18768;20585;+;316.7		pfam	pfam_only	A	7/7	canonical	1	1	unscoreable	1	0	0														not_admitted	not_admitted	not_admitted	not_admitted	not_admitted	not_admitted	not_admitted
CP088733.1	MPF_T	IncX1;IncX3	48	0	0	GA	1	28;22234;22881;-;45.6	27;21960;22256;-;76.6	26;19188;21941;-;46.6	26;19188;21941;-;147.9	26;19188;21941;-;75.3	25;18419;19177;-;67.5	23;17048;18181;-;109.2		22;16090;16803;-;120.0	21;15156;16085;-;133.7	20;13954;15159;-;132.5	19;12921;13952;-;76.3	18;11083;12918;-;486.3		pfam	pfam_only	A	7/7	canonical	1	1	unscoreable	1	0	0														not_admitted	not_admitted	not_admitted	not_admitted	not_admitted	not_admitted	not_admitted
CP088735.1	MPF_F	Col156;IncFIA;IncFIB(AP001918);IncFII(pRSB107)	169	0	0	GA	0															not_admitted	not_admitted	not_admitted	not_admitted	not_admitted	not_admitted	not_admitted	not_admitted	not_admitted	not_admitted	1	154;130083;131075;+;369.5	168;138834;140207;+;386.6	160;134619;134924;+;109.2	151;126447;129074;+;303.9		145;123111;124562;+;94.1	151;126447;129074;+;96.5	143;121830;122396;+;184.3	156;131419;132057;+;68.7	157;132054;133904;+;266.7	4;3005;5248;+;391.7	148;125416;125931;+;75.2	4;3005;5248;+;70.3	B	8/9	split_2	135829	0	1	
CP088736.1	MPF_T	-	72	0	0	GA	1		61;46255;46638;-;68.7	60;45926;46252;-;50.6	59;43386;45929;-;96.2	59;43386;45929;-;106.9	54;39140;39910;-;100.7	53;37396;39000;-;120.3		58;42682;43389;-;92.3	57;41776;42666;-;153.7	55;39923;41317;-;220.3	62;46752;47708;-;135.2	23;16314;18260;+;442.7		conjscan	conjscan_only	A	7/7	canonical	1	0	unscoreable	2	0	0														not_admitted	not_admitted	not_admitted	not_admitted	not_admitted	not_admitted	not_admitted
CP088739.1	MPF_F	IncFIA;IncFIB(AP001918);IncFII	177	0	0	GA	0															not_admitted	not_admitted	not_admitted	not_admitted	not_admitted	not_admitted	not_admitted	not_admitted	not_admitted	not_admitted	1	120;111651;112643;-;367.4	109;104592;105965;-;380.9	116;108179;108922;-;235.0	123;113652;116279;-;305.4	108;101770;104595;-;385.9	129;118334;119761;-;94.3	123;113652;116279;-;98.5	131;120476;121042;-;183.8	119;111004;111642;-;68.6	118;109199;111007;-;268.3	105;98087;100267;-;390.8	125;116795;117310;-;78.4	105;98087;100267;-;70.4	A	9/9	contiguous	22389	1	1	101264..101773-;169;unnamed;0
CP088741.1	MPF_F	IncFIB(AP001918);IncFII	132	0	0	GA	0															not_admitted	not_admitted	not_admitted	not_admitted	not_admitted	not_admitted	not_admitted	not_admitted	not_admitted	not_admitted	1	94;97451;98443;+;369.3	103;103502;104878;+;381.0	98;101172;101915;+;230.0	91;93815;96442;+;306.4	104;104875;107448;+;387.8	84;90333;91760;+;94.3	91;93815;96442;+;98.5	82;89052;89618;+;183.3	95;98452;99090;+;68.7	96;99087;100895;+;267.9	108;109232;111394;+;391.8	88;92784;93299;+;77.3	108;109232;111394;+;70.4	A	9/9	contiguous	20180	1	1	107466..107699+;77;unnamed;0
CP088751.1	MPF_F	IncFII(pSE11)	87	0	0	GA	0															not_admitted	not_admitted	not_admitted	not_admitted	not_admitted	not_admitted	not_admitted	not_admitted	not_admitted	not_admitted	1	43;38900;39892;-;369.5	31;31473;32846;-;381.7	38;35051;35794;-;235.0	46;40901;43531;-;297.8	30;28651;31476;-;374.0	53;46573;48000;-;93.9	46;40901;43531;-;98.7	55;48715;49281;-;174.3	41;37918;38556;-;68.5	40;36071;37921;-;266.9	26;24121;26409;-;391.6	50;45174;45689;-;78.4	26;24121;26409;-;70.3	A	9/9	contiguous	24594	1	1	28145..28654-;169;unnamed;0
CP088752.1	MPF_T	IncP1	50	0	0	GA	1	17;14500;15273;+;21.5	6;4941;5324;+;68.3	7;5327;5653;+;50.2	8;5650;8193;+;99.2	8;5650;8193;+;108.9	13;11660;12430;+;107.5	15;12570;14165;+;119.8		9;8190;8897;+;88.1	10;8913;9803;+;156.2	12;10253;11647;+;218.2	5;3871;4827;+;133.6	32;27738;29681;-;443.4		conjscan	conjscan_only	A	7/7	canonical	1	0	unscoreable	4	0	0														not_admitted	not_admitted	not_admitted	not_admitted	not_admitted	not_admitted	not_admitted
CP088755.1	MPF_F	Col156;IncFIB(AP001918);IncFII(29)	160	0	0	GA	0															not_admitted	not_admitted	not_admitted	not_admitted	not_admitted	not_admitted	not_admitted	not_admitted	not_admitted	not_admitted	1	60;45927;46919;+;369.5	72;52973;54346;+;381.7	65;50025;50768;+;233.1	57;42288;44918;+;304.0	73;54343;57165;+;388.5	50;37730;39157;+;93.9	57;42288;44918;+;99.3	48;36449;37015;+;183.1	62;47263;47901;+;68.6	63;47898;49748;+;271.9	77;59437;61680;+;391.1	53;40286;40801;+;74.0	77;59437;61680;+;70.3	A	9/9	contiguous	22988	1	1	57187..57666+;159;TraS;0
CP088757.1	MPF_T	IncX1;IncX10	48	0	0	GA	1	32;25154;25801;-;45.5	31;24880;25176;-;77.1	30;22108;24861;-;46.6	30;22108;24861;-;147.9	30;22108;24861;-;75.3	29;21339;22097;-;67.5	27;19968;21101;-;109.2		26;19010;19723;-;120.0	25;18076;19005;-;133.7	24;16874;18079;-;132.5	23;15841;16872;-;76.3	22;14003;15838;-;486.3		pfam	pfam_only	A	7/7	canonical	1	1	unscoreable	1	0	0														not_admitted	not_admitted	not_admitted	not_admitted	not_admitted	not_admitted	not_admitted
CP088769.1	MPF_T	-	47	0	0	GA	1	12;6384;7031;+;45.5	13;7009;7305;+;76.7	14;7324;10077;+;46.6	14;7324;10077;+;148.0	14;7324;10077;+;75.3	15;10088;10846;+;67.3	17;11143;12273;+;103.0		18;12519;13232;+;119.7	19;13237;14166;+;133.8	20;14163;15368;+;132.5	21;15370;16401;+;76.7	22;16404;18239;+;486.7		pfam	pfam_only	A	7/7	canonical	1	1	unscoreable	1	0	0														not_admitted	not_admitted	not_admitted	not_admitted	not_admitted	not_admitted	not_admitted
CP088770.1	MPF_T	IncFIA	139	0	0	GA	1	63;49193;49927;-;32.6	61;48600;48893;-;29.3	60;48233;48550;-;63.9	66;51291;52868;+;51.6	59;47100;48233;-;78.1	67;52886;53599;+;105.1	69;53850;54890;+;142.6		70;55109;55807;+;131.9	71;55818;56702;+;159.7	72;56702;57862;+;156.3	73;57905;58900;+;81.4	78;63740;64999;-;27.6		pfam	both	A	7/7	canonical	1	0	unscoreable	19	0	0														not_admitted	not_admitted	not_admitted	not_admitted	not_admitted	not_admitted	not_admitted
CP088774.1	MPF_F	IncFIB(AP001918);IncFII	154	0	0	GA	0															not_admitted	not_admitted	not_admitted	not_admitted	not_admitted	not_admitted	not_admitted	not_admitted	not_admitted	not_admitted	1	73;66676;67668;-;369.5	62;59568;60941;-;382.9	68;62869;63612;-;233.4	76;68677;71304;-;300.9	61;56752;59571;-;385.4	82;73457;74884;-;93.9	76;68677;71304;-;101.1	84;75599;76165;-;182.7	71;65694;66332;-;70.7	70;63889;65697;-;264.7	58;53004;55220;-;391.7	78;71820;72335;-;76.0	58;53004;55220;-;70.3	A	9/9	contiguous	22595	1	1	56236..56727-;163;TraS;0
CP088778.1	MPF_F	Col156;IncFIA;IncFIB(AP001918);IncFII	177	0	0	GA	0															not_admitted	not_admitted	not_admitted	not_admitted	not_admitted	not_admitted	not_admitted	not_admitted	not_admitted	not_admitted	1	40;30501;31493;+;367.4	51;37179;38552;+;380.9	44;34222;34965;+;235.0	37;26865;29492;+;305.4	52;38549;41374;+;385.9	31;23383;24810;+;94.3	37;26865;29492;+;98.5	29;22102;22668;+;183.8	41;31502;32140;+;68.6	42;32137;33945;+;268.3	55;42877;45066;+;391.3	35;25834;26349;+;78.4	55;42877;45066;+;70.4	A	9/9	contiguous	20775	1	1	41371..41880+;169;unnamed;0
CP088784.1	MPF_F	IncFIA;IncFIB(AP001918);IncFII	169	0	0	GA	0															not_admitted	not_admitted	not_admitted	not_admitted	not_admitted	not_admitted	not_admitted	not_admitted	not_admitted	not_admitted	1	152;126223;127215;+;367.4	163;132901;134274;+;380.9	156;129944;130687;+;235.0	149;122587;125214;+;305.4	164;134271;137096;+;385.9	143;119105;120532;+;94.3	149;122587;125214;+;98.5	141;117824;118390;+;183.8	153;127224;127862;+;68.6	154;127859;129667;+;268.3	167;138599;140788;+;391.3	147;121556;122071;+;78.4	167;138599;140788;+;70.4	A	9/9	contiguous	20775	1	1	137093..137602+;169;unnamed;0
CP088787.1	MPF_F	Col156;IncFIA;IncFIB(AP001918);IncFII(pRSB107)	162	0	0	GA	0															not_admitted	not_admitted	not_admitted	not_admitted	not_admitted	not_admitted	not_admitted	not_admitted	not_admitted	not_admitted	1	53;43530;44522;+;369.5	66;52281;53654;+;386.6	58;47628;48371;+;231.4	50;39894;42521;+;303.9	67;53651;56470;+;386.3	44;36558;38009;+;94.1	50;39894;42521;+;96.5	42;35277;35843;+;184.3	55;44866;45504;+;68.7	56;45501;47351;+;266.7	71;58728;60953;+;391.7	47;38863;39378;+;75.2	71;58728;60953;+;70.3	A	9/9	contiguous	23451	1	1	56495..56986+;163;TraS;0
CP088791.1	MPF_T	IncP1	53	0	0	GA	1	11;9560;10333;+;21.6	0;22;342;+;62.0	1;345;671;+;50.2	2;668;3211;+;99.2	2;668;3211;+;108.9	7;6678;7460;+;106.4	9;7672;9225;+;108.5		3;3208;3915;+;88.1	4;3931;4821;+;156.2	6;5271;6665;+;218.2	52;45385;46341;+;133.6	27;23864;25807;-;443.4		conjscan	conjscan_only	A	7/7	canonical	1	0	unscoreable	4	0	0														not_admitted	not_admitted	not_admitted	not_admitted	not_admitted	not_admitted	not_admitted
CP088793.1	MPF_F	IncFII(pSE11)	82	0	0	GA	0															not_admitted	not_admitted	not_admitted	not_admitted	not_admitted	not_admitted	not_admitted	not_admitted	not_admitted	not_admitted	1	24;18511;19503;+;369.5	36;25557;26930;+;381.7	29;22609;23352;+;233.1	21;14872;17502;+;297.8	37;26927;29752;+;374.0	14;10403;11830;+;93.9	21;14872;17502;+;98.7	12;9122;9688;+;174.3	26;19847;20485;+;68.5	27;20482;22332;+;266.9	41;31994;34219;+;391.1	17;12714;13229;+;78.4	41;31994;34219;+;70.3	A	9/9	contiguous	22872	1	1	29749..30258+;169;unnamed;0
CP088794.1	MPF_F	-	44	0	0	GA	0															not_admitted	not_admitted	not_admitted	not_admitted	not_admitted	not_admitted	not_admitted	not_admitted	not_admitted	not_admitted	1	24;20180;21172;-;369.5	13;12752;14125;-;381.7	19;16331;17074;-;233.1	28;23618;24811;-;276.0	12;9933;12755;-;388.5	36;27940;29367;-;93.9	27;22180;23592;-;100.9	38;30080;30646;-;183.1	22;19198;19836;-;68.6	21;17351;19201;-;271.9	27;22180;23592;-;23.0	32;26298;26813;-;73.9		A	9/9	contiguous	20147	1	1	9432..9911-;159;TraS;0
CP088796.1	MPF_F	Col156;IncFIB(AP001918);IncFII(29)	171	0	0	GA	0															not_admitted	not_admitted	not_admitted	not_admitted	not_admitted	not_admitted	not_admitted	not_admitted	not_admitted	not_admitted	1	153;134065;135057;-;369.5	141;126638;128011;-;381.7	148;130216;130959;-;233.1	156;136066;138696;-;304.0	140;123819;126641;-;388.5	163;141827;143254;-;93.9	156;136066;138696;-;99.3	165;143969;144535;-;183.1	151;133083;133721;-;68.6	150;131236;133086;-;271.9	132;116737;119007;-;391.1	160;140183;140698;-;73.9	132;116737;119007;-;70.3	A	9/9	contiguous	27232	1	1	123318..123797-;159;TraS;0
CP088797.1	-	IncFIB(AP001918);IncFII(pRSB107)	92	0	0	GA	0															not_admitted	not_admitted	not_admitted	not_admitted	not_admitted	not_admitted	not_admitted	not_admitted	not_admitted	not_admitted	1				4;3325;4005;+;146.9										D	1/9	contiguous	0	0	0	
CP088803.1	MPF_F	Col156;IncFIB(AP001918);IncFII(29)	171	0	0	GA	0															not_admitted	not_admitted	not_admitted	not_admitted	not_admitted	not_admitted	not_admitted	not_admitted	not_admitted	not_admitted	1	138;121626;122618;-;369.5	126;114199;115572;-;381.7	133;117777;118520;-;233.1	141;123627;126257;-;304.0	125;111380;114202;-;388.5	148;129388;130815;-;93.9	141;123627;126257;-;99.3	150;131530;132096;-;183.1	136;120644;121282;-;68.6	135;118797;120647;-;271.9	117;104271;106568;-;391.0	145;127744;128259;-;73.9	117;104271;106568;-;70.2	A	9/9	contiguous	27259	1	1	110879..111358-;159;TraS;0
CP088805.1	MPF_F	IncFIA;IncFIB(AP001918);IncFII(pCoo)	170	0	0	GA	0															not_admitted	not_admitted	not_admitted	not_admitted	not_admitted	not_admitted	not_admitted	not_admitted	not_admitted	not_admitted	1	116;112656;113648;-;372.1	105;105597;106973;-;378.0	112;109184;109927;-;235.0	119;114657;117284;-;303.5	104;102778;105600;-;388.9	126;119413;120864;-;94.6	119;114657;117284;-;100.3	128;121579;122145;-;183.8	115;112009;112647;-;68.5	114;110204;112012;-;268.3	101;99096;101249;-;391.9	122;117800;118315;-;77.7	101;99096;101249;-;70.4	A	9/9	contiguous	22483	1	1	102265..102756-;163;TraS;0
CP088806.1	MPF_F	IncHI2;IncHI2A;IncQ1	259	0	0	GA	0															not_admitted	not_admitted	not_admitted	not_admitted	not_admitted	not_admitted	not_admitted	not_admitted	not_admitted	not_admitted	1	221;198920;199978;+;276.9	107;90782;92197;-;194.1	108;92187;93233;-;174.3	205;176667;179348;+;168.0	106;86820;90773;-;101.6	201;172982;174337;+;80.7	205;176667;179348;+;72.2	198;170470;171258;+;74.8	219;197267;198778;+;62.0	222;199997;203185;+;57.3	115;100275;102359;+;56.8	204;175708;176658;+;46.1	115;100275;102359;+;38.8	A	9/9	split_3	113177	1	1	85350..86639-;429;unnamed;0
CP088813.1	MPF_F	IncFIA;IncFIB(AP001918);IncFII	145	0	0	GA	0															not_admitted	not_admitted	not_admitted	not_admitted	not_admitted	not_admitted	not_admitted	not_admitted	not_admitted	not_admitted	1	71;63138;64130;-;368.1	59;56075;57448;-;380.9	66;59662;60405;-;235.0	74;65139;67766;-;305.4	58;53253;56078;-;385.9	80;69821;71248;-;94.3	74;65139;67766;-;98.5	82;71963;72529;-;184.4	70;62491;63129;-;68.6	69;61046;62494;-;154.4	55;49561;51750;-;391.3	76;68282;68797;-;78.4	55;49561;51750;-;70.4	A	9/9	contiguous	22402	1	1	52747..53256-;169;unnamed;0
CP088819.1	MPF_F	Col156;IncFIB(AP001918);IncFII(29)	170	0	0	GA	0															not_admitted	not_admitted	not_admitted	not_admitted	not_admitted	not_admitted	not_admitted	not_admitted	not_admitted	not_admitted	1	29;22653;23645;+;369.5	41;29699;31072;+;381.7	34;26751;27494;+;233.1	26;19014;21644;+;304.0	42;31069;33891;+;388.5	19;14456;15883;+;93.9	26;19014;21644;+;99.3	17;13175;13741;+;183.1	31;23989;24627;+;68.6	32;24624;26474;+;271.9	50;38703;41000;+;391.0	22;17012;17527;+;73.9	50;38703;41000;+;70.2	A	9/9	contiguous	25528	1	1	33913..34392+;159;TraS;0
CP088821.1	MPF_F	IncFIA;IncFIB(AP001918);IncFII(pRSB107)	126	0	0	GA	0															not_admitted	not_admitted	not_admitted	not_admitted	not_admitted	not_admitted	not_admitted	not_admitted	not_admitted	not_admitted	1	96;78565;79557;+;369.5	109;87316;88689;+;386.6	101;82663;83406;+;231.4	93;74929;77556;+;303.9	110;88686;91505;+;386.3	87;71593;73044;+;94.1	93;74929;77556;+;96.5	85;70312;70878;+;184.3	98;79901;80539;+;68.7	99;80536;82386;+;266.7	114;93763;95280;+;340.0	90;73898;74413;+;75.2	114;93763;95280;+;59.3	A	9/9	contiguous	23451	1	1	91530..92021+;163;TraS;0
CP088823.1	MPF_T	IncX1;IncX10	47	0	0	GA	1	15;8634;9281;+;45.5	16;9259;9555;+;77.1	17;9574;12327;+;46.6	17;9574;12327;+;147.9	17;9574;12327;+;75.3	18;12338;13096;+;67.5	20;13334;14467;+;109.2		21;14712;15425;+;120.0	22;15430;16359;+;133.7	23;16356;17561;+;132.5	24;17563;18594;+;76.3	25;18597;20432;+;486.3		pfam	pfam_only	A	7/7	canonical	1	1	unscoreable	1	0	0														not_admitted	not_admitted	not_admitted	not_admitted	not_admitted	not_admitted	not_admitted
CP088827.1	MPF_F	Col156;IncFIB(AP001918);IncFII(29)	173	0	0	GA	0															not_admitted	not_admitted	not_admitted	not_admitted	not_admitted	not_admitted	not_admitted	not_admitted	not_admitted	not_admitted	1	14;10195;11187;-;369.5	0;1991;3364;-;381.7	9;6346;7089;-;233.1	17;12196;14826;-;304.0		24;17957;19384;-;93.9	17;12196;14826;-;99.3	26;20099;20665;-;183.1	12;9213;9851;-;68.6	11;7366;9216;-;271.9	164;139613;141901;-;391.0	21;16313;16828;-;73.9	164;139613;141901;-;70.2	B	8/9	split_2	137622	0	1	
CP088834.1	MPF_F	Col156;IncFIB(AP001918);IncFII(29)	171	0	0	GA	0															not_admitted	not_admitted	not_admitted	not_admitted	not_admitted	not_admitted	not_admitted	not_admitted	not_admitted	not_admitted	1	156;135818;136810;-;369.5	144;128391;129764;-;381.7	151;131969;132712;-;233.1	159;137819;140449;-;304.0	143;125572;128394;-;388.5	166;143580;145007;-;93.9	159;137819;140449;-;99.3	168;145722;146072;-;114.9	154;134836;135474;-;68.6	153;132989;134839;-;271.9	135;118481;120760;-;391.0	163;141936;142451;-;73.9	135;118481;120760;-;70.3	A	9/9	contiguous	27241	1	1	125071..125550-;159;TraS;0
CP088843.1	MPF_F	IncFII	92	0	0	GA	0															not_admitted	not_admitted	not_admitted	not_admitted	not_admitted	not_admitted	not_admitted	not_admitted	not_admitted	not_admitted	1	16;16492;17484;-;369.5	5;9384;10757;-;382.9	11;12685;13428;-;234.4	19;18493;21120;-;300.9	4;6568;9387;-;385.4	25;23273;24700;-;93.9	19;18493;21120;-;101.1	27;25415;25981;-;182.7	14;15510;16148;-;70.7	13;13705;15513;-;267.1	1;2829;5036;-;380.8	21;21636;22151;-;76.0	1;2829;5036;-;66.5	A	9/9	contiguous	22586	1	1	6052..6543-;163;TraS;0
CP088857.1	MPF_F	IncFII(pSE11)	80	0	0	GA	0															not_admitted	not_admitted	not_admitted	not_admitted	not_admitted	not_admitted	not_admitted	not_admitted	not_admitted	not_admitted	1	11;7774;8766;+;369.5	22;14820;16193;+;381.7	16;11872;12615;+;233.1	8;4135;6765;+;304.1	23;16190;19015;+;388.6	0;108;869;+;80.2	8;4135;6765;+;98.3	78;65274;65840;+;174.3	13;9110;9748;+;68.6	14;9745;11595;+;266.7	27;21257;23545;+;391.6	4;1997;2512;+;81.8	27;21257;23545;+;70.3	A	9/9	split_2	65166	1	1	19012..19521+;169;unnamed;0
CP088858.1	MPF_T	IncI2(Delta)	84	0	0	GA	1	67;45816;46298;+;81.1		52;29944;30228;+;36.5	53;30234;32591;+;59.8	53;30234;32591;+;45.0	42;23693;24337;+;41.0	41;22692;23687;+;123.9		55;32754;33488;+;144.3	56;33485;34255;+;170.5	57;34245;35384;+;154.7	64;42509;44047;+;207.1	59;36474;38432;+;288.3		pfam	pfam_only	A	7/7	rearranged	1	0	unscoreable	15	0	0														not_admitted	not_admitted	not_admitted	not_admitted	not_admitted	not_admitted	not_admitted
CP088881.1	MPF_F	Col156;IncFIA;IncFIB(AP001918);IncFII	184	0	0	GA	0															not_admitted	not_admitted	not_admitted	not_admitted	not_admitted	not_admitted	not_admitted	not_admitted	not_admitted	not_admitted	1	142;131953;132945;-;369.5	130;124526;125899;-;381.7	137;128104;128847;-;234.4	145;134061;136583;-;298.0	129;121704;124529;-;374.0	152;139625;141052;-;93.9	145;134061;136583;-;98.7	154;141767;142333;-;174.3	140;130971;131609;-;68.5	139;129124;130974;-;266.9	125;117165;119462;-;391.6	149;138226;138741;-;78.4	125;117165;119462;-;70.3	A	9/9	contiguous	24602	1	1	121198..121707-;169;unnamed;0
CP088883.1	MPF_F	IncFIB(pNDM-Mar);RepB	251	0	0	GA	0															not_admitted	not_admitted	not_admitted	not_admitted	not_admitted	not_admitted	not_admitted	not_admitted	not_admitted	not_admitted	1	0;1823;2860;-;282.3	168;146994;148403;+;190.4	167;145967;147004;+;175.6	35;35640;38357;-;149.6	169;148405;152373;+;121.3	39;40470;41840;-;65.6	35;35640;38357;-;85.2	42;43486;44346;-;79.0	1;2857;4218;-;69.9	250;221557;222888;-;43.6	160;136661;138787;-;57.7	36;38402;39139;-;56.9	160;136661;138787;-;41.0	A	9/9	split_4	219734	0	1	
CP088893.1	MPF_F	IncFIB(AP001918);IncFII	180	0	0	GA	0															not_admitted	not_admitted	not_admitted	not_admitted	not_admitted	not_admitted	not_admitted	not_admitted	not_admitted	not_admitted	1	114;91442;92434;+;369.5	125;98169;99542;+;382.9	119;95498;96241;+;233.4	111;87806;90433;+;300.9	126;99539;102358;+;385.4	105;84226;85653;+;93.9	111;87806;90433;+;101.1	103;82945;83511;+;182.7	116;92778;93416;+;70.7	117;93413;95221;+;264.7	129;103890;106088;+;391.8	109;86775;87290;+;76.0	129;103890;106088;+;70.3	A	9/9	contiguous	20945	1	1	102383..102874+;163;TraS;0
CP089858.1	MPF_F	IncFIB(K);IncFII(pKP91)	174	0	0	GA	0															not_admitted	not_admitted	not_admitted	not_admitted	not_admitted	not_admitted	not_admitted	not_admitted	not_admitted	not_admitted	1	121;117736;118725;-;361.7	110;110550;111917;-;382.9	114;113175;113927;-;232.7	125;120182;122821;-;257.3	109;108409;110550;-;345.6	133;126207;127631;-;89.7	125;120182;122821;-;89.1	135;128358;128924;-;169.3	119;116813;117460;-;65.9	118;114799;116754;-;259.7	105;103466;105769;-;393.2	132;125550;126134;-;54.4	105;103466;105769;-;65.8	A	9/9	contiguous	24892	1	1	107706..108305-;199;unnamed;0
CP089863.1	MPF_F	IncFIB(K);IncFII(pKP91)	188	0	0	GA	0															not_admitted	not_admitted	not_admitted	not_admitted	not_admitted	not_admitted	not_admitted	not_admitted	not_admitted	not_admitted	1	150;152551;153540;-;363.3	140;145637;147004;-;384.6	144;148262;149014;-;233.7	154;154997;157636;-;258.5	139;142788;145637;-;345.5	163;160977;162401;-;89.3	154;154997;157636;-;88.2	165;163128;163694;-;167.0	149;151900;152538;-;66.0	148;149886;151841;-;260.6	135;138045;140327;-;393.2	161;159781;160365;-;55.2	135;138045;140327;-;65.9	A	9/9	contiguous	25083	1	1	142255..142785-;176;unnamed;0
CP089866.1	MPF_F	IncFIB(K);IncFII(pKP91)	176	0	0	GA	0															not_admitted	not_admitted	not_admitted	not_admitted	not_admitted	not_admitted	not_admitted	not_admitted	not_admitted	not_admitted	1	24;24745;25737;-;366.6	14;17861;19228;-;381.2	18;20485;21237;-;232.2	27;26763;29402;-;259.3	13;15012;17861;-;346.5	35;32988;34412;-;89.1	27;26763;29402;-;88.8	37;35139;35705;-;167.0	23;24094;24732;-;67.0	22;22080;24035;-;259.2	9;10892;13198;-;392.1	33;31801;32358;-;51.5	9;10892;13198;-;66.6	A	9/9	contiguous	24247	1	1	14479..15009-;176;unnamed;0
CP089867.1	MPF_F	IncFIA(HI1);IncFII(pKP91)	111	0	0	GA	0															not_admitted	not_admitted	not_admitted	not_admitted	not_admitted	not_admitted	not_admitted	not_admitted	not_admitted	not_admitted	1	21;15183;16136;+;366.8	31;21653;23020;+;381.2	27;19644;20396;+;232.2	18;11480;14119;+;259.3	32;23020;25869;+;346.5	10;7183;7893;+;75.3	18;11480;14119;+;88.8	7;5177;5743;+;167.0	22;16149;16787;+;67.0	23;16846;18801;+;259.2	36;27684;29990;+;392.1	12;8523;9080;+;51.5	36;27684;29990;+;66.6	A	9/9	contiguous	22507	1	1	25872..26402+;176;unnamed;0
CP089954.1	MPF_F	IncFII(pHN7A8);IncR	194	0	0	GA	0															not_admitted	not_admitted	not_admitted	not_admitted	not_admitted	not_admitted	not_admitted	not_admitted	not_admitted	not_admitted	1	71;57662;58654;+;369.5	84;65487;66860;+;376.8	79;63178;63921;+;234.4	68;54026;56653;+;301.8	85;66857;69673;+;376.7	63;50544;51971;+;94.1	68;54026;56653;+;101.8	61;49263;49829;+;183.8	74;59600;60238;+;70.4	77;61051;62901;+;265.0	89;71974;74199;+;391.7	67;52995;53510;+;77.6	89;71974;74199;+;70.3	A	9/9	contiguous	22711	1	1	69706..70227+;173;unnamed;0
CP089955.1	MPF_F	IncFIB(K);IncFII(K);IncFII(pAR0022)	269	0	0	GA	0															not_admitted	not_admitted	not_admitted	not_admitted	not_admitted	not_admitted	not_admitted	not_admitted	not_admitted	not_admitted	1	226;227365;228354;-;363.3	215;220179;221546;-;384.1	219;222804;223556;-;233.7	230;229811;232450;-;259.0	214;217357;220179;-;346.4	240;236378;237802;-;89.5	230;229811;232450;-;88.7	242;238529;239095;-;167.0	224;226442;227089;-;65.9	223;224428;226383;-;259.4	210;212428;214740;-;393.1	238;235182;235766;-;53.8	210;212428;214740;-;66.6	A	9/9	contiguous	26101	1	1	216732..217334-;200;TraS;0
CP090109.1	MPF_T	-	1139	0	0	GA	1	753;785454;786074;+;22.2	754;786071;786370;+;90.6	755;786376;786714;+;103.2	756;786707;789073;+;181.8	756;786707;789073;+;107.1	757;789073;789771;+;200.5	759;789996;790916;+;165.4		761;791255;791926;+;209.4	762;791923;792780;+;186.2	763;792790;793965;+;180.1	764;793972;795003;+;106.0	1076;1097726;1099639;-;328.7		pfam	both	A	7/7	canonical	1	0	unscoreable	2	0	0														not_admitted	not_admitted	not_admitted	not_admitted	not_admitted	not_admitted	not_admitted
CP090115.1	MPF_T	-	715	0	0	GA	1		373;310464;310847;-;74.8	372;310172;310471;-;64.7	371;308842;310161;-;149.2	371;308842;310161;-;125.3							374;310837;311205;-;70.8	367;305608;307542;-;548.0		none	none	D	3/7	uncallable	0	0	unscoreable	3	0	0														not_admitted	not_admitted	not_admitted	not_admitted	not_admitted	not_admitted	not_admitted
CP090116.1	MPF_T	-	1185	0	0	GA	1	780;785411;786031;+;22.2	781;786028;786327;+;90.6	782;786333;786671;+;103.2	783;786773;787669;+;114.9	783;786773;787669;+;101.0	785;789031;789729;+;200.5	787;789954;790874;+;165.4		789;791213;791884;+;209.4	790;791881;792738;+;186.2	791;792748;793680;+;77.8	793;793931;794962;+;106.0	1118;1097648;1099561;-;328.7		pfam	both	A	7/7	canonical	1	0	unscoreable	4	0	0														not_admitted	not_admitted	not_admitted	not_admitted	not_admitted	not_admitted	not_admitted
CP090118.1	MPF_T	-	295	0	0	GA	1		290;258466;258912;-;74.2	289;258236;258466;-;38.7	287;255743;258007;-;168.3	287;255743;258007;-;53.1	286;255291;255797;-;41.4						291;258902;259495;-;124.0	285;254512;255342;-;340.0		conjscan	conjscan_only	D	3/7	uncallable	0	0	unscoreable	2	0	0														not_admitted	not_admitted	not_admitted	not_admitted	not_admitted	not_admitted	not_admitted
CP090120.1	MPF_T	-	1168	0	0	GA	1	676;701605;702225;+;22.2	677;702222;702521;+;90.6	678;702527;702865;+;103.2	679;702858;704348;+;183.1	679;702858;704348;+;108.1	681;705223;705921;+;200.5	683;706146;707066;+;165.4		685;707405;708076;+;209.4	686;708073;708930;+;186.2	687;708940;710115;+;179.8	688;710122;711153;+;106.0	1105;1107833;1109746;-;328.7		pfam	both	A	7/7	canonical	1	0	unscoreable	3	0	0														not_admitted	not_admitted	not_admitted	not_admitted	not_admitted	not_admitted	not_admitted
CP090199.1	MPF_T	-	744	0	0	GA	1		384;310454;310837;-;74.8	383;310162;310461;-;64.7	382;308832;310151;-;149.2	382;308832;310151;-;125.3							385;310827;311420;-;124.6	378;305597;307531;-;548.0		none	none	D	3/7	uncallable	0	0	unscoreable	3	0	0														not_admitted	not_admitted	not_admitted	not_admitted	not_admitted	not_admitted	not_admitted
CP090202.1	MPF_T	-	1254	0	0	GA	1	815;785449;786069;+;22.2	816;786066;786365;+;90.6	817;786371;786664;+;98.1	818;786702;788192;+;183.1	818;786702;788192;+;108.1	820;789067;789765;+;200.5	822;789990;790910;+;165.4		824;791249;791920;+;209.4	825;791917;792774;+;186.2	826;792784;793959;+;180.1	827;793966;794997;+;106.0	1176;1098378;1099715;-;323.9		pfam	both	A	7/7	canonical	1	0	unscoreable	3	0	0														not_admitted	not_admitted	not_admitted	not_admitted	not_admitted	not_admitted	not_admitted
CP090247.1	MPF_F	IncFIA;IncFIB(AP001918);IncFII(pHN7A8)	157	0	0	GA	0															not_admitted	not_admitted	not_admitted	not_admitted	not_admitted	not_admitted	not_admitted	not_admitted	not_admitted	not_admitted	1	94;81750;82742;+;369.5	107;89575;90948;+;376.8	102;87266;88009;+;234.4	91;78114;80741;+;301.8	108;90945;93761;+;376.7	86;74632;76059;+;94.1	91;78114;80741;+;101.8	84;73351;73917;+;183.8	97;83688;84326;+;70.4	100;85139;86989;+;265.0	112;96062;98278;+;391.7	90;77083;77598;+;78.0	112;96062;98278;+;70.3	A	9/9	contiguous	22711	1	1	93794..94315+;173;unnamed;0
CP090248.1	MPF_T	IncX3	58	0	0	GA	1	1;1318;1962;-;46.4	0;1044;1334;-;73.1		57;44427;46115;-;76.7		56;43647;44417;-;60.1	54;42313;43368;-;133.2		53;41390;42118;-;119.4	52;40455;41384;-;138.8	51;39244;40458;-;128.3	49;38014;39048;-;65.7	48;36176;38011;-;495.9		pfam	pfam_only	A	7/7	canonical	1	0	unscoreable	2	0	0														not_admitted	not_admitted	not_admitted	not_admitted	not_admitted	not_admitted	not_admitted
CP090249.1	MPF_F	IncHI2;IncHI2A	341	0	0	GA	0															not_admitted	not_admitted	not_admitted	not_admitted	not_admitted	not_admitted	not_admitted	not_admitted	not_admitted	not_admitted	1	30;33430;34488;+;276.9	178;159487;160902;-;194.1	179;160892;161938;-;173.7	11;8955;11636;+;168.0	177;155528;159478;-;101.6	118;109773;110993;-;216.3	11;8955;11636;+;72.2	4;2758;3546;+;74.8	28;31777;33288;+;62.7	31;34507;37695;+;58.3	185;168979;171063;+;56.7	10;7996;8946;+;46.4	185;168979;171063;+;38.8	A	9/9	split_4	166221	0	1	
CP090255.1	MPF_T	IncN	62	0	0	GA	1	17;13623;14357;+;32.5		20;15000;15317;+;63.3	21;15317;17917;+;113.8	21;15317;17917;+;76.4	22;17935;18648;+;105.5	24;18899;19939;+;142.4		25;20158;20856;+;131.9	26;20867;21751;+;159.7	27;21751;22911;+;156.3	28;22953;23948;+;81.2	40;34194;35723;-;38.5		pfam	both	A	7/7	canonical	1	0	unscoreable	3	0	0														not_admitted	not_admitted	not_admitted	not_admitted	not_admitted	not_admitted	not_admitted
CP090258.1	MPF_T	IncN	69	0	0	GA	1	22;16405;17139;+;32.5		25;17782;18099;+;63.3	26;18099;20699;+;113.8	26;18099;20699;+;76.4	27;20717;21430;+;105.5	29;21681;22721;+;142.4		30;22940;23638;+;131.9	31;23649;24533;+;159.7	32;24533;25693;+;156.3	33;25735;26730;+;81.2	46;37417;38946;-;38.5		pfam	both	A	7/7	canonical	1	0	unscoreable	3	0	0														not_admitted	not_admitted	not_admitted	not_admitted	not_admitted	not_admitted	not_admitted
CP090259.1	MPF_F	IncFII(pSE11)	83	0	0	GA	0															not_admitted	not_admitted	not_admitted	not_admitted	not_admitted	not_admitted	not_admitted	not_admitted	not_admitted	not_admitted	1	55;43271;44263;+;369.5	67;50317;51690;+;381.7	60;47369;48112;+;234.4	52;39632;42262;+;297.8	68;51687;54512;+;374.0	45;35163;36590;+;93.9	52;39632;42262;+;98.7	43;33882;34448;+;174.3	57;44607;45245;+;68.6	58;45242;47092;+;266.9	72;56754;58943;+;391.8	48;37474;37989;+;78.4	72;56754;58943;+;70.4	A	9/9	contiguous	22872	1	1	54509..55018+;169;unnamed;0
CP090262.1	MPF_F	IncFIB(AP001918);IncFII	184	0	0	GA	0															not_admitted	not_admitted	not_admitted	not_admitted	not_admitted	not_admitted	not_admitted	not_admitted	not_admitted	not_admitted	1	123;117727;118719;-;369.3	112;110304;111677;-;381.0	117;113267;114010;-;235.0	126;119728;122355;-;304.6	111;107485;110307;-;389.2	132;124507;125934;-;91.9	126;119728;122355;-;99.2	134;126649;127215;-;183.8	120;116092;116730;-;68.6	119;114287;116095;-;268.0	108;103744;105951;-;391.5	128;122871;123386;-;78.4	108;103744;105951;-;70.4	A	9/9	contiguous	22905	1	1	106967..107464-;165;TraS;0
CP090263.1	MPF_F	IncHI2;IncHI2A	198	0	0	GA	0															not_admitted	not_admitted	not_admitted	not_admitted	not_admitted	not_admitted	not_admitted	not_admitted	not_admitted	not_admitted	1	29;32557;33615;+;276.9			13;10304;12985;+;168.0		9;6619;7974;+;80.7	13;10304;12985;+;72.2	6;4107;4895;+;74.8	27;30904;32415;+;61.8	30;33634;36822;+;57.3		12;9345;10295;+;46.1		C	6/9	split_2	29527	0	1	
CP090265.1	MPF_T	IncN	66	0	0	GA	1	26;22619;23353;-;32.5		23;21659;21976;-;63.3	22;19059;21659;-;113.8	22;19059;21659;-;76.4	21;18328;19041;-;105.5	19;17037;18077;-;142.4		18;16120;16818;-;131.9	17;15225;16109;-;159.7	16;14065;15225;-;156.3	15;13028;14023;-;81.2	43;36937;38466;-;38.5		pfam	both	A	7/7	canonical	1	0	unscoreable	3	0	0														not_admitted	not_admitted	not_admitted	not_admitted	not_admitted	not_admitted	not_admitted
CP090266.1	MPF_F	IncFIA;IncFIB(AP001918);IncFII	169	0	0	GA	0															not_admitted	not_admitted	not_admitted	not_admitted	not_admitted	not_admitted	not_admitted	not_admitted	not_admitted	not_admitted	1	109;102546;103538;-;367.4	98;95487;96860;-;380.9	105;99074;99817;-;235.0	112;104547;107174;-;305.4	97;92665;95490;-;385.9	118;109229;110656;-;94.3	112;104547;107174;-;98.5	120;111371;111937;-;183.8	108;101899;102537;-;68.6	107;100094;101902;-;268.3	94;88973;91162;-;391.3	114;107690;108205;-;78.4	94;88973;91162;-;70.4	A	9/9	contiguous	22398	1	1	92159..92668-;169;unnamed;0
CP090268.1	MPF_T	-	65	0	0	GA	1	55;44910;45545;-;49.8	54;44642;44920;-;38.8	53;41846;44620;-;42.9	53;41846;44620;-;143.0	53;41846;44620;-;63.7	52;41070;41834;-;79.4	50;39651;40808;-;101.9		48;38804;39511;-;149.4	47;37878;38801;-;136.8	46;36683;37885;-;134.2	45;35652;36686;-;70.4	44;33775;35649;-;463.2		pfam	pfam_only	A	7/7	canonical	1	1	unscoreable	2	0	0														not_admitted	not_admitted	not_admitted	not_admitted	not_admitted	not_admitted	not_admitted
CP090269.1	MPF_F	IncHI2;IncHI2A	190	0	0	GA	0															not_admitted	not_admitted	not_admitted	not_admitted	not_admitted	not_admitted	not_admitted	not_admitted	not_admitted	not_admitted	1	29;32557;33615;+;276.9			13;10304;12985;+;168.0		9;6619;7974;+;80.7	13;10304;12985;+;72.2	6;4107;4895;+;74.8	27;30904;32415;+;62.0	30;33634;36822;+;57.3		12;9345;10295;+;46.1		C	6/9	split_2	29527	0	1	
CP090276.1	MPF_F	IncFIB(AP001918);IncFIC(FII)	123	0	0	GA	0															not_admitted	not_admitted	not_admitted	not_admitted	not_admitted	not_admitted	not_admitted	not_admitted	not_admitted	not_admitted	1	38;35850;36842;-;369.3	27;28791;30164;-;378.0	34;32378;33121;-;234.1	41;37851;40478;-;305.4	26;25972;28794;-;389.5	47;42533;43960;-;94.3	41;37851;40478;-;98.5	49;44675;45241;-;183.8	37;35203;35841;-;68.4	36;33398;35206;-;268.4	20;19750;21942;-;391.8	43;40994;41509;-;78.4	20;19750;21942;-;70.3	A	9/9	contiguous	24925	1	1	25459..25950-;163;TraS;0
CP090279.1	MPF_T	IncX1	61	0	0	GA	1	44;30491;31135;+;47.1	45;31119;31409;+;73.5	46;31433;34192;+;44.8	46;31433;34192;+;133.3	46;31433;34192;+;71.9	47;34194;34931;+;57.5	49;35213;36268;+;131.7		50;36458;37180;+;116.0	51;37186;38115;+;132.4	52;38112;39326;+;128.6	53;39344;40381;+;66.4	54;40386;42221;+;543.4		pfam	pfam_only	A	7/7	canonical	1	1	unscoreable	1	0	0														not_admitted	not_admitted	not_admitted	not_admitted	not_admitted	not_admitted	not_admitted
CP090281.1	MPF_T	IncX3	61	0	0	GA	1	29;24529;25173;-;46.4	28;24255;24545;-;73.1	27;21477;24230;-;47.0	27;21477;24230;-;142.4	27;21477;24230;-;73.3	26;20697;21467;-;60.1	24;19363;20418;-;133.2		23;18440;19168;-;119.4	22;17505;18434;-;138.8	21;16294;17508;-;128.3	19;15064;16098;-;65.7	18;13226;15061;-;495.9		pfam	pfam_only	A	7/7	canonical	1	1	unscoreable	2	0	0														not_admitted	not_admitted	not_admitted	not_admitted	not_admitted	not_admitted	not_admitted
CP090283.1	MPF_F	IncFIB(AP001918);IncFIC(FII)	170	0	0	GA	0															not_admitted	not_admitted	not_admitted	not_admitted	not_admitted	not_admitted	not_admitted	not_admitted	not_admitted	not_admitted	1	122;117015;118007;-;369.3	111;109956;111329;-;378.0	118;113543;114286;-;234.1	125;119016;121643;-;305.4	110;107137;109959;-;389.5	131;123698;125125;-;94.3	125;119016;121643;-;98.5	133;125840;126406;-;183.8	121;116368;117006;-;68.4	120;114563;116371;-;268.6	107;103455;105608;-;391.9	127;122159;122674;-;78.4	107;103455;105608;-;70.4	A	9/9	contiguous	22385	1	1	106624..107115-;163;TraS;0
CP090284.1	MPF_F	IncFIA(HI1);IncHI1A;IncHI1B(R27)	217	0	0	GA	0															not_admitted	not_admitted	not_admitted	not_admitted	not_admitted	not_admitted	not_admitted	not_admitted	not_admitted	not_admitted	1	15;14859;15911;+;277.6	121;108646;110061;-;201.7	122;110051;111097;-;171.3	215;183421;186102;+;160.6	120;104648;108637;-;103.1	211;179715;181073;+;84.0	215;183421;186102;+;76.5	208;177263;178048;+;68.7	13;13206;14714;+;65.6	16;15934;19110;+;58.9	128;118032;120116;+;50.2	214;182462;183412;+;45.2	128;118032;120116;+;36.5	A	9/9	split_3	170215	0	1	
CP090286.1	MPF_T	IncX4	43	0	0	GA	1	29;20772;21392;+;41.6	30;21406;21732;+;64.4	31;21751;24498;+;63.8	31;21751;24498;+;151.8	31;21751;24498;+;46.1	32;24510;25226;+;94.2	33;25238;26332;+;150.1		35;26847;27533;+;169.0	36;27530;28438;+;142.4	37;28431;29549;+;163.9	38;29551;30579;+;85.0	39;30611;32428;+;314.8		pfam	pfam_only	A	7/7	canonical	1	1	unscoreable	1	0	0														not_admitted	not_admitted	not_admitted	not_admitted	not_admitted	not_admitted	not_admitted
CP090287.1	MPF_T	IncX3	58	0	0	GA	1	1;1322;1966;-;46.4	0;1048;1338;-;73.1		57;44431;46119;-;76.7		56;43651;44421;-;60.1	54;42317;43372;-;133.2		53;41394;42122;-;119.4	52;40459;41388;-;138.8	51;39248;40462;-;128.3	49;38018;39052;-;65.7	48;36180;38015;-;495.9		pfam	pfam_only	A	7/7	canonical	1	0	unscoreable	2	0	0														not_admitted	not_admitted	not_admitted	not_admitted	not_admitted	not_admitted	not_admitted
CP090297.1	MPF_F	IncFIB(AP001918);IncFII	170	0	0	GA	0															not_admitted	not_admitted	not_admitted	not_admitted	not_admitted	not_admitted	not_admitted	not_admitted	not_admitted	not_admitted	1	116;108269;109261;+;369.3	127;115311;116684;+;381.0	122;112978;113721;+;235.0	113;104633;107260;+;304.6	128;116681;119503;+;389.2	107;101054;102481;+;91.9	113;104633;107260;+;99.2	105;99773;100339;+;183.8	119;110258;110896;+;68.6	120;110893;112701;+;268.0	131;121037;123244;+;391.5	111;103602;104117;+;78.4	131;121037;123244;+;70.4	A	9/9	contiguous	21264	1	1	119524..120021+;165;TraS;0
CP090298.1	MPF_F	IncHI2;IncHI2A	200	0	0	GA	0															not_admitted	not_admitted	not_admitted	not_admitted	not_admitted	not_admitted	not_admitted	not_admitted	not_admitted	not_admitted	1	29;32557;33615;+;276.9			13;10304;12985;+;168.0		9;6619;7974;+;80.7	13;10304;12985;+;72.2	6;4107;4895;+;74.8	27;30904;32415;+;61.8	30;33634;36822;+;57.3		12;9345;10295;+;46.1		C	6/9	split_2	29527	0	1	
CP090300.1	MPF_T	ColKP3;IncX3	66	0	0	GA	1	54;41643;42287;+;46.4	55;42271;42561;+;73.1	56;42586;45339;+;47.0	56;42586;45339;+;142.4	56;42586;45339;+;73.3	57;45349;46119;+;60.1	59;46398;47453;+;132.8		60;47648;48376;+;119.4	61;48382;49311;+;138.8	62;49308;50522;+;128.3	64;50718;51752;+;65.7	65;51755;53590;+;495.9		pfam	pfam_only	A	7/7	canonical	1	1	unscoreable	2	0	0														not_admitted	not_admitted	not_admitted	not_admitted	not_admitted	not_admitted	not_admitted
CP090301.1	MPF_F	IncFII(pSE11)	85	0	0	GA	0															not_admitted	not_admitted	not_admitted	not_admitted	not_admitted	not_admitted	not_admitted	not_admitted	not_admitted	not_admitted	1	54;40685;41677;+;369.5	66;47731;49104;+;381.7	59;44783;45526;+;234.4	51;37046;39676;+;297.8	67;49101;51926;+;374.0	44;32577;34004;+;93.9	51;37046;39676;+;98.7	42;31296;31862;+;174.3	56;42021;42659;+;68.5	57;42656;44506;+;266.9	71;54168;56429;+;391.7	47;34888;35403;+;78.4	71;54168;56429;+;70.3	A	9/9	contiguous	22872	1	1	51923..52432+;169;unnamed;0
CP090405.1	MPF_T	IncI2	80	0	0	GA	1	7;6431;6913;-;81.1		22;22509;22793;-;36.6	21;20146;22503;-;58.5	21;20146;22503;-;44.9	34;28944;29588;-;41.0	35;29594;30589;-;123.7		19;19246;19980;-;144.3	18;18479;19249;-;170.5	17;17350;18489;-;154.7	10;8681;10219;-;207.1	15;14302;16260;-;289.6		pfam	pfam_only	A	7/7	rearranged	1	0	unscoreable	17	0	0														not_admitted	not_admitted	not_admitted	not_admitted	not_admitted	not_admitted	not_admitted
CP090406.1	MPF_F	IncFII(29)	60	0	0	GA	0															not_admitted	not_admitted	not_admitted	not_admitted	not_admitted	not_admitted	not_admitted	not_admitted	not_admitted	not_admitted	1	27;27702;28694;-;369.5	16;20552;21925;-;382.9	22;23853;24596;-;234.4	30;29703;32333;-;300.9	15;17733;20555;-;384.7	38;35592;37019;-;93.9	30;29703;32333;-;101.1	40;37734;38300;-;182.3	25;26720;27358;-;69.9	24;24873;26723;-;266.7	12;14001;16199;-;380.8	34;33957;34472;-;81.5	12;14001;16199;-;66.5	A	9/9	contiguous	23733	1	1	17215..17712-;165;TraS;0
CP090551.1	MPF_T	-	1440	0	0	GA	1			774;701537;702796;+;99.4	775;702789;704279;+;183.1	775;702789;704279;+;108.1	777;705154;705852;+;200.5	779;706510;706998;+;74.1		782;707649;708008;+;101.3	783;708005;708862;+;186.2	784;708872;710047;+;179.8	785;710054;711085;+;106.0	1368;1208819;1210732;-;328.7		pfam	both	A	7/7	canonical	1	0	unscoreable	4	0	0														not_admitted	not_admitted	not_admitted	not_admitted	not_admitted	not_admitted	not_admitted
CP090553.1	MPF_T	-	430	0	0	GA	1		427;261901;262284;-;74.8	426;261609;261911;-;65.9	425;260495;261598;-;119.6	425;260495;261598;-;125.3	421;258262;259173;-;49.9	419;256977;257639;-;46.0		418;256314;256976;-;129.1	417;255484;256296;-;183.5	414;253730;254587;-;222.0	428;262274;263251;-;129.2	398;240577;243159;-;486.7		conjscan	conjscan_only	A	7/7	canonical	1	0	unscoreable	6	0	0														not_admitted	not_admitted	not_admitted	not_admitted	not_admitted	not_admitted	not_admitted
CP090555.1	MPF_T	-	2508	0	0	GA	1	2203;1850969;1852111;+;74.3	2199;1847778;1848179;+;47.0	2200;1848142;1848468;+;47.4	2201;1849010;1849939;+;135.3			2207;1853167;1854240;+;84.7		2208;1854269;1855003;+;115.2	2209;1855000;1855827;+;178.6	2210;1856222;1857175;+;194.5	2243;1883833;1885005;-;182.8	2213;1858866;1860893;+;230.0		none	none	A	7/7	canonical	0	0	unscoreable	16	0	0														not_admitted	not_admitted	not_admitted	not_admitted	not_admitted	not_admitted	not_admitted
CP090858.1	MPF_F	IncFII(pHN7A8)	74	0	0	GA	0															not_admitted	not_admitted	not_admitted	not_admitted	not_admitted	not_admitted	not_admitted	not_admitted	not_admitted	not_admitted	1	23;16862;17854;+;357.1	35;24713;26086;+;370.1	29;21760;22503;+;234.2	20;13223;15853;+;305.4	36;26083;28926;+;378.5	11;8127;9557;+;93.4	20;13223;15853;+;99.0	9;6846;7412;+;172.1	25;18483;19121;+;70.1	27;19592;21496;+;262.9	40;31167;33347;+;391.8	15;10682;11197;+;77.1	40;31167;33347;+;70.3	A	9/9	contiguous	24321	1	1	28948..29439+;163;TraS;1
CP090863.1	MPF_F	IncFII(pHN7A8)	76	0	0	GA	0															not_admitted	not_admitted	not_admitted	not_admitted	not_admitted	not_admitted	not_admitted	not_admitted	not_admitted	not_admitted	1	3;1679;2671;-;357.1	67;55381;56754;-;370.1	73;58964;59707;-;234.2	6;3680;6310;-;305.4	66;52541;55384;-;378.5	15;9976;11406;-;93.4	6;3680;6310;-;99.0	17;12121;12687;-;172.1	1;412;1050;-;70.1	75;59971;61875;-;262.9	62;48120;50300;-;391.8	11;8336;8851;-;77.1	62;48120;50300;-;70.3	A	9/9	split_2	59559	1	1	52028..52519-;163;TraS;1
CP091033.1	MPF_T	-	2022	0	0	GA	1	678;708672;709592;-;67.6	95;88219;88518;+;90.6	96;88525;88863;+;97.4	97;88835;91222;+;168.7	97;88835;91222;+;100.1	98;91219;91920;+;197.6	99;92146;93078;+;165.4		101;93392;94063;+;203.2	102;94060;94917;+;182.6	103;94926;96098;+;173.6	104;96107;97111;+;114.9	111;102384;104297;-;328.9		pfam	both	A	7/7	canonical	1	0	unscoreable	7	0	0														not_admitted	not_admitted	not_admitted	not_admitted	not_admitted	not_admitted	not_admitted
CP091035.1	MPF_T	-	595	0	0	GA	1		152;138210;138581;+;65.6	153;138578;138877;+;59.3	154;138884;141316;+;151.3	154;138884;141316;+;123.2	155;141303;142094;+;51.4	156;142124;143290;+;111.3		157;143301;143894;+;107.0	158;143976;144803;+;176.8	160;145238;146548;+;215.1	151;137648;138220;+;122.7	182;165359;167266;+;503.5		conjscan	conjscan_only	A	7/7	canonical	1	0	unscoreable	2	0	0														not_admitted	not_admitted	not_admitted	not_admitted	not_admitted	not_admitted	not_admitted
CP091126.1	MPF_F	IncHI2;IncHI2A	330	0	0	GA	0															not_admitted	not_admitted	not_admitted	not_admitted	not_admitted	not_admitted	not_admitted	not_admitted	not_admitted	not_admitted	1	29;32274;33332;+;276.9	199;183038;184453;+;194.1	196;180802;181341;+;83.8	11;8955;11636;+;168.0	200;184462;188412;+;101.6	7;5270;6625;+;80.7	11;8955;11636;+;72.2	4;2758;3546;+;74.8	27;30621;32132;+;62.7	30;33351;36539;+;58.3	190;171678;173762;-;56.7	10;7996;8946;+;46.4	190;171678;173762;-;38.8	A	9/9	split_3	181704	0	1	
CP091127.1	MPF_F	IncFIB(K);IncFII(K);IncFII(pAR0022)	206	0	0	GA	0															not_admitted	not_admitted	not_admitted	not_admitted	not_admitted	not_admitted	not_admitted	not_admitted	not_admitted	not_admitted	1	117;124501;125490;-;366.6	107;117617;118984;-;381.2	111;120241;120993;-;231.5	121;126933;129572;-;256.8	106;114768;117617;-;345.0	129;132767;134191;-;89.2	121;126933;129572;-;88.8	131;134918;135484;-;169.3	116;123850;124488;-;67.0	115;121836;123791;-;259.2	101;109999;112308;-;393.1	128;132069;132653;-;54.3	101;109999;112308;-;66.6	A	9/9	contiguous	24919	1	1	114235..114765-;176;unnamed;0
CP091385.1	MPF_F	IncFII	435	0	0	GA	0															not_admitted	not_admitted	not_admitted	not_admitted	not_admitted	not_admitted	not_admitted	not_admitted	not_admitted	not_admitted	1	364;238803;239795;+;369.3	378;246642;247379;+;265.2	369;242416;243159;+;235.0	361;235269;237794;+;305.9	380;248013;250838;+;389.2	355;231921;233348;+;94.3	361;235269;237794;+;98.4	353;230640;231206;+;181.3	366;240139;240777;+;68.6	367;240774;241889;+;178.6	382;252603;254756;+;391.9	360;234473;234988;+;78.4	382;252603;254756;+;70.4	A	9/9	contiguous	21963	1	1	251363..252094+;243;unnamed;1
CP091388.1	MPF_T	IncX1	57	0	0	GA	1	37;27317;27964;+;42.8	38;27942;28238;+;77.5	39;28257;31010;+;46.6	39;28257;31010;+;150.3	39;28257;31010;+;75.3	40;31021;31770;+;67.5	42;32081;33142;+;135.0		43;33387;34100;+;120.0	44;34105;35034;+;133.8	45;35031;36236;+;132.5	46;36238;37269;+;79.0	47;37272;39107;+;489.3		pfam	pfam_only	A	7/7	canonical	1	1	unscoreable	1	0	0														not_admitted	not_admitted	not_admitted	not_admitted	not_admitted	not_admitted	not_admitted
CP091399.1	MPF_F	IncFII	378	0	0	GA	0															not_admitted	not_admitted	not_admitted	not_admitted	not_admitted	not_admitted	not_admitted	not_admitted	not_admitted	not_admitted	1	105;83173;84165;-;366.6	91;74519;75892;-;384.4	100;79366;80109;-;235.0	108;85174;87804;-;300.5	90;71676;74522;-;384.2	113;89964;91034;-;93.4	108;85174;87804;-;97.6	116;92105;92671;-;183.8	103;82191;82829;-;68.6	102;80386;82194;-;263.6	86;67280;69460;-;391.4	110;88325;88840;-;75.8	86;67280;69460;-;70.3	A	9/9	contiguous	24825	1	1	71170..71679-;169;unnamed;0
CP091402.1	MPF_F	IncFIB(pB171);IncFII(pRSB107)	150	0	0	GA	0															not_admitted	not_admitted	not_admitted	not_admitted	not_admitted	not_admitted	not_admitted	not_admitted	not_admitted	not_admitted	1	144;124719;125711;+;369.6	4;1913;3286;+;385.7	149;128817;129560;+;234.1	141;121083;123710;+;304.2	5;3283;6105;+;383.3	135;117747;119198;+;93.9	141;121083;123710;+;97.2	133;116466;117032;+;183.8	146;126055;126693;+;68.7	147;126690;128540;+;266.7	9;8351;10558;+;391.8	138;120052;120567;+;76.4	9;8351;10558;+;70.3	A	9/9	split_2	126904	1	1	6127..6606+;159;TraS;0
CP091405.1	MPF_F	IncFII(pCoo)	214	0	0	GA	0															not_admitted	not_admitted	not_admitted	not_admitted	not_admitted	not_admitted	not_admitted	not_admitted	not_admitted	not_admitted	1	132;98195;99181;+;355.4	138;103717;104775;+;225.2	135;102004;102783;+;193.9	130;94510;97101;+;215.2	139;104777;105598;+;174.5	125;91557;92921;+;82.6	130;94510;97101;+;88.2	123;90277;90840;+;136.5	133;99558;100172;+;82.6	134;100169;102007;+;259.4	146;111845;114076;+;371.9	129;93900;94499;+;46.6	146;111845;114076;+;68.9	A	9/9	contiguous	21568	0	1	
CP091406.1	MPF_F	IncFII(Yp)	82	0	0	GA	0															not_admitted	not_admitted	not_admitted	not_admitted	not_admitted	not_admitted	not_admitted	not_admitted	not_admitted	not_admitted	1	27;27392;28378;-;355.4	20;21271;22638;-;342.4	23;23791;24570;-;190.1	30;29471;32062;-;215.6	18;19193;20926;-;217.5	33;33114;34478;-;83.3	30;29471;32062;-;88.0	35;35195;35758;-;137.4	25;26402;27016;-;82.6	24;24567;26405;-;262.2	13;14521;16752;-;372.4	31;32073;32672;-;53.1	13;14521;16752;-;62.8	A	9/9	contiguous	20674	1	1	18787..19152-;121;unnamed;0
CP092291.1	MPF_T	IncX4	41	0	0	GA	1	3;4929;5549;-;41.6	2;4589;4915;-;64.4	1;1823;4570;-;63.8	1;1823;4570;-;151.8	1;1823;4570;-;46.1	0;1095;1811;-;94.2			40;32091;32777;-;169.0	39;31186;32094;-;142.4	38;30075;31193;-;163.9	37;29045;30073;-;85.0	36;27196;29013;-;314.8		pfam	pfam_only	B	6/7	uncallable	0	1	unscoreable	0	0	0														not_admitted	not_admitted	not_admitted	not_admitted	not_admitted	not_admitted	not_admitted
CP092293.1	MPF_T	-	97	0	0	GA	1	4;3707;4447;-;34.8	2;3093;3383;-;46.6	1;2727;3041;-;65.3	49;35114;37759;-;123.5	0;98;2743;-;86.6	48;34397;35104;-;116.1	46;33095;34138;-;126.7	45;32830;33000;-;41.4	44;32111;32827;-;145.6	43;31221;32108;-;146.9	91;65087;66112;-;174.4	41;29046;30077;-;78.1	35;22771;24348;+;54.8		pfam	both	A	7/7	canonical	1	0	ga	14	0	0														not_admitted	not_admitted	not_admitted	not_admitted	not_admitted	not_admitted	not_admitted
CP092296.1	MPF_T	IncX4	42	0	0	GA	1	18;10393;11013;+;41.6	19;11027;11353;+;64.4	20;11372;14119;+;63.8	20;11372;14119;+;151.8	20;11372;14119;+;46.1	21;14131;14847;+;94.2	22;14859;15953;+;150.1		24;16468;17154;+;169.0	25;17151;18059;+;142.4	26;18052;19170;+;163.9	27;19172;20200;+;85.0	28;20232;22049;+;314.8		pfam	pfam_only	A	7/7	canonical	1	1	unscoreable	1	0	0														not_admitted	not_admitted	not_admitted	not_admitted	not_admitted	not_admitted	not_admitted
CP092300.1	MPF_T	IncX4	41	0	0	GA	1	13;6354;6974;+;41.6	14;6988;7314;+;64.4	15;7333;10080;+;63.8	15;7333;10080;+;151.8	15;7333;10080;+;46.1	16;10092;10808;+;94.2	17;10820;11914;+;150.1		19;12429;13115;+;169.0	20;13112;14020;+;142.4	21;14013;15131;+;163.9	22;15133;16161;+;85.0	23;16193;18010;+;314.8		pfam	pfam_only	A	7/7	canonical	1	1	unscoreable	1	0	0														not_admitted	not_admitted	not_admitted	not_admitted	not_admitted	not_admitted	not_admitted
CP092303.1	MPF_T	IncX4	51	0	0	GA	1	19;12327;12947;+;41.6	20;12961;13287;+;64.4	21;13306;16053;+;63.8	21;13306;16053;+;151.8	21;13306;16053;+;46.1	22;16065;16781;+;94.2	23;16793;17887;+;150.1		25;18402;19088;+;169.0	26;19085;19993;+;142.4	27;19986;21104;+;163.9	28;21106;22134;+;85.0	29;22166;23983;+;314.8		pfam	pfam_only	A	7/7	canonical	1	1	unscoreable	1	0	0														not_admitted	not_admitted	not_admitted	not_admitted	not_admitted	not_admitted	not_admitted
CP092305.1	MPF_T	IncX4	43	0	0	GA	1	13;13844;14464;-;41.6	12;13504;13830;-;64.4	11;10738;13485;-;63.8	11;10738;13485;-;151.8	11;10738;13485;-;46.1	10;10010;10726;-;94.2	9;8904;9998;-;150.1		7;7703;8389;-;169.0	6;6798;7706;-;142.4	5;5687;6805;-;163.9	4;4657;5685;-;85.0	3;2808;4625;-;314.8		pfam	pfam_only	A	7/7	canonical	1	1	unscoreable	1	0	0														not_admitted	not_admitted	not_admitted	not_admitted	not_admitted	not_admitted	not_admitted
CP092309.1	MPF_T	IncX4	41	0	0	GA	1	13;14792;15412;-;41.6	12;14452;14778;-;64.4	11;11686;14433;-;63.8	11;11686;14433;-;151.8	11;11686;14433;-;46.1	10;10958;11674;-;94.2	9;9852;10946;-;150.1		7;8651;9337;-;169.0	6;7746;8654;-;142.4	5;6635;7753;-;163.9	4;5605;6633;-;85.0	3;3756;5573;-;314.8		pfam	pfam_only	A	7/7	canonical	1	1	unscoreable	1	0	0														not_admitted	not_admitted	not_admitted	not_admitted	not_admitted	not_admitted	not_admitted
CP092312.1	MPF_T	IncX4	45	0	0	GA	1	43;31392;32012;+;39.8	44;32026;32352;+;64.4		0;2;1813;+;123.7		1;1825;2541;+;94.2	2;2553;3116;+;105.3		5;4163;4849;+;169.0	6;4846;5754;+;142.4	7;5747;6865;+;163.9	8;6867;7895;+;85.0	10;8885;9745;+;219.1		pfam	pfam_only	A	7/7	canonical	1	0	unscoreable	2	0	0														not_admitted	not_admitted	not_admitted	not_admitted	not_admitted	not_admitted	not_admitted
CP092315.1	MPF_T	IncX1	58	0	0	GA	1	36;35296;35943;-;45.2	35;35022;35318;-;77.5	34;32250;35003;-;46.6	34;32250;35003;-;148.1	34;32250;35003;-;75.3	33;31490;32239;-;67.5	31;30118;31179;-;134.6		30;29160;29873;-;120.0	29;28226;29155;-;133.8	28;27024;28229;-;134.4	27;25991;27022;-;76.5	26;24153;25988;-;488.6		pfam	pfam_only	A	7/7	canonical	1	1	unscoreable	1	0	0														not_admitted	not_admitted	not_admitted	not_admitted	not_admitted	not_admitted	not_admitted
CP092316.1	MPF_T	IncX4	41	0	0	GA	1	28;20146;20766;+;41.6	29;20780;21106;+;64.4	30;21125;23872;+;63.8	30;21125;23872;+;151.8	30;21125;23872;+;46.1	31;23884;24600;+;94.2	32;24612;25706;+;150.1		34;26221;26907;+;169.0	35;26904;27812;+;142.4	36;27805;28923;+;163.9	37;28925;29953;+;85.0	38;29985;31802;+;314.8		pfam	pfam_only	A	7/7	canonical	1	1	unscoreable	1	0	0														not_admitted	not_admitted	not_admitted	not_admitted	not_admitted	not_admitted	not_admitted
CP092317.1	MPF_T	IncFII(pCRY)	36	0	0	GA	1	30;24706;25416;-;47.5	29;24404;24709;-;73.1	28;21653;24391;-;49.1	28;21653;24391;-;151.1	28;21653;24391;-;32.2	27;20924;21634;-;141.2	25;19599;20672;-;160.6		23;18694;19377;-;195.9	22;17789;18694;-;154.9	21;16495;17745;-;147.1	20;15480;16505;-;66.1	16;11889;13625;-;45.3		pfam	pfam_only	A	7/7	canonical	1	1	unscoreable	5	0	0														not_admitted	not_admitted	not_admitted	not_admitted	not_admitted	not_admitted	not_admitted
CP092320.1	MPF_T	IncX4	43	0	0	GA	1	42;32651;33271;+;41.6	0;60;308;+;60.5	1;327;3074;+;63.8	1;327;3074;+;151.8	1;327;3074;+;46.1	2;3086;3802;+;94.2	3;3814;4908;+;150.1		5;5423;6109;+;169.0	6;6106;7014;+;142.4	7;7007;8125;+;163.9	8;8127;9155;+;85.0	9;9187;11004;+;314.8		pfam	pfam_only	A	7/7	canonical	1	1	unscoreable	1	0	0														not_admitted	not_admitted	not_admitted	not_admitted	not_admitted	not_admitted	not_admitted
CP092324.1	MPF_T	IncX4	42	0	0	GA	1		0;214;540;+;64.4	1;559;3306;+;63.8	1;559;3306;+;151.8	1;559;3306;+;46.1	2;3318;4034;+;94.2	3;4046;5140;+;150.1		5;5655;6341;+;169.0	6;6338;7246;+;142.4	7;7239;8357;+;163.9	8;8359;9387;+;85.0	9;9419;11236;+;314.8		pfam	pfam_only	A	7/7	canonical	1	1	unscoreable	1	0	0														not_admitted	not_admitted	not_admitted	not_admitted	not_admitted	not_admitted	not_admitted
CP092325.1	MPF_T	IncN4	51	0	0	GA	1	30;23544;24284;-;34.8	28;22930;23220;-;45.9	27;22566;22880;-;65.3	26;19937;22582;-;124.9	26;19937;22582;-;86.8	25;19220;19927;-;114.6	23;17918;18961;-;127.4	22;17653;17823;-;41.4	21;16934;17650;-;145.6	20;16044;16931;-;144.5	19;14893;16047;-;172.2	18;13869;14900;-;78.1	13;7884;9461;+;52.1		pfam	both	A	7/7	canonical	1	0	ga	6	0	0														not_admitted	not_admitted	not_admitted	not_admitted	not_admitted	not_admitted	not_admitted
CP092328.1	MPF_T	IncX4	42	0	0	GA	1	10;11144;11764;-;41.6	9;10804;11130;-;64.4	8;8038;10785;-;63.8	8;8038;10785;-;151.8	8;8038;10785;-;46.1	7;7310;8026;-;94.2	6;6204;7298;-;150.1		4;5003;5689;-;169.0	3;4098;5006;-;142.4	2;2987;4105;-;163.9	1;1957;2985;-;84.8	0;108;1925;-;314.8		pfam	pfam_only	A	7/7	canonical	1	1	unscoreable	1	0	0														not_admitted	not_admitted	not_admitted	not_admitted	not_admitted	not_admitted	not_admitted
CP092330.1	MPF_T	IncX4	43	0	0	GA	1	36;26104;26724;+;41.6	37;26738;27064;+;64.4	38;27083;29830;+;63.8	38;27083;29830;+;151.8	38;27083;29830;+;46.1	39;29842;30558;+;94.2	40;30570;31664;+;150.1		42;32179;32865;+;169.0	0;138;467;+;52.7	1;460;1578;+;163.9	2;1580;2608;+;85.0	3;2640;4457;+;314.8		pfam	pfam_only	A	7/7	canonical	1	1	unscoreable	1	0	0														not_admitted	not_admitted	not_admitted	not_admitted	not_admitted	not_admitted	not_admitted
CP092842.1	-	-	851	0	0	GA	1	802;809256;810152;-;82.6	797;803357;803677;-;88.0	796;803094;803357;-;32.2	795;800641;803082;-;29.0	795;800641;803082;-;132.9	794;799913;800644;-;232.0	792;798313;799542;-;196.4		790;797171;797854;-;233.1	789;796191;797174;-;222.9	788;794986;796194;-;232.8	798;803674;804642;-;121.6	800;805232;807214;-;352.3		conjscan	conjscan_only	A	7/7	canonical	1	0	unscoreable	5	0	0														not_admitted	not_admitted	not_admitted	not_admitted	not_admitted	not_admitted	not_admitted
CP093077.1	MPF_T	IncX1	42	0	0	GA	1	37;27282;27929;+;46.9	38;27907;28203;+;77.5	39;28222;30975;+;46.6	39;28222;30975;+;148.1	39;28222;30975;+;71.6	40;30986;31744;+;67.3			0;425;1138;+;119.7	1;1143;2072;+;133.8	2;2069;3274;+;132.5	3;3276;4307;+;76.5	4;4310;6145;+;488.6		pfam	pfam_only	B	6/7	uncallable	0	1	unscoreable	0	0	0														not_admitted	not_admitted	not_admitted	not_admitted	not_admitted	not_admitted	not_admitted
CP093097.1	MPF_T	IncX1	42	0	0	GA	1	22;21837;22484;-;46.9	21;21563;21859;-;77.5	20;18791;21544;-;46.6	20;18791;21544;-;148.1	20;18791;21544;-;71.6	19;18022;18780;-;67.3	17;16651;17784;-;106.4		16;15692;16405;-;119.7	15;14758;15687;-;133.8	14;13556;14761;-;132.5	13;12523;13554;-;76.5	12;10685;12520;-;488.6		pfam	pfam_only	A	7/7	canonical	1	1	unscoreable	1	0	0														not_admitted	not_admitted	not_admitted	not_admitted	not_admitted	not_admitted	not_admitted
CP093098.1	MPF_T	IncN4	50	0	0	GA	1	19;9298;10038;+;34.9	21;10362;10652;+;45.7	22;10704;11018;+;65.3	23;11018;13648;+;122.4	23;11018;13648;+;86.8	24;13658;14365;+;114.7	26;14624;15667;+;126.7	27;15762;15932;+;41.4	28;15935;16651;+;145.6	29;16654;17541;+;144.4	30;17538;18692;+;174.0	31;18685;19716;+;78.1	36;24124;25701;-;59.4		pfam	both	A	7/7	canonical	1	0	ga	6	0	0														not_admitted	not_admitted	not_admitted	not_admitted	not_admitted	not_admitted	not_admitted
CP093105.1	MPF_T	IncX1	43	0	0	GA	1	27;17125;17772;+;46.9	28;17750;18046;+;77.5	29;18065;20818;+;46.6	29;18065;20818;+;148.1	29;18065;20818;+;71.6	30;20829;21587;+;67.3	32;21825;22958;+;106.4		33;23204;23917;+;119.7	34;23922;24851;+;133.8	35;24848;26053;+;132.5	36;26055;27086;+;76.5	37;27089;28924;+;488.6		pfam	pfam_only	A	7/7	canonical	1	1	unscoreable	1	0	0														not_admitted	not_admitted	not_admitted	not_admitted	not_admitted	not_admitted	not_admitted
CP093114.1	MPF_T	IncX1	42	0	0	GA	1	22;12479;13126;+;46.9	23;13104;13400;+;77.5	24;13419;16172;+;46.6	24;13419;16172;+;148.1	24;13419;16172;+;71.6	25;16183;16941;+;67.3	27;17179;18312;+;106.4		28;18558;19271;+;119.7	29;19276;20205;+;133.8	30;20202;21407;+;132.5	31;21409;22440;+;76.5	32;22443;24278;+;488.6		pfam	pfam_only	A	7/7	canonical	1	1	unscoreable	1	0	0														not_admitted	not_admitted	not_admitted	not_admitted	not_admitted	not_admitted	not_admitted
CP093127.1	MPF_T	IncN4	52	0	0	GA	1	25;14099;14839;+;34.9	27;15163;15453;+;47.4	28;15505;15819;+;65.3	29;15819;18449;+;123.6	29;15819;18449;+;87.4	30;18459;19166;+;114.7	32;19425;20468;+;126.7	33;20563;20733;+;41.4	34;20736;21452;+;145.6	35;21455;22342;+;144.4	36;22339;23493;+;174.0	37;23486;24517;+;78.1	42;28925;30502;-;54.8		pfam	both	A	7/7	canonical	1	0	ga	6	0	0														not_admitted	not_admitted	not_admitted	not_admitted	not_admitted	not_admitted	not_admitted
CP093130.1	MPF_T	IncI2(Delta)	75	0	0	GA	1	39;29382;29864;-;81.1	54;45439;45729;-;28.9	53;45048;45332;-;34.4	52;42685;45042;-;60.1	52;42685;45042;-;44.0	63;50793;51434;-;43.4	64;51440;52435;-;136.6		50;41785;42519;-;144.4	49;41018;41788;-;170.5	48;39889;41028;-;154.7	42;31633;33171;-;207.1	46;36729;38687;-;287.0		pfam	pfam_only	A	7/7	rearranged	1	0	unscoreable	13	0	0														not_admitted	not_admitted	not_admitted	not_admitted	not_admitted	not_admitted	not_admitted
CP093305.1	MPF_F	-	343	0	0	GA	1	192;167606;168082;-;74.3			202;175075;176718;+;47.6	202;175075;176718;+;62.8		205;178390;179460;+;57.6		198;172218;172931;-;89.0	197;171700;172221;-;83.4	195;170119;171330;-;171.0	187;161812;163398;-;149.8	207;180723;182579;+;44.8		none	none	A	7/7	canonical	0	0	unscoreable	11	0	0														not_admitted	not_admitted	not_admitted	not_admitted	not_admitted	not_admitted	not_admitted
CP093306.1	MPF_T	-	434	0	0	GA	1	429;294146;294628;+;59.2	20;19376;19735;-;56.6	19;19040;19360;-;43.2	18;16512;19046;-;41.9	18;16512;19046;-;79.5	17;15758;16519;-;28.4	14;13499;14245;-;34.5		10;10129;10827;-;97.2	9;9365;10129;-;170.6	8;8034;9368;-;142.4	21;19677;20726;-;120.0	24;22140;24029;-;30.9		conjscan	conjscan_only	A	7/7	canonical	1	0	unscoreable	13	0	0														not_admitted	not_admitted	not_admitted	not_admitted	not_admitted	not_admitted	not_admitted
CP093307.1	MPF_F	-	134	0	0	GA	0															not_admitted	not_admitted	not_admitted	not_admitted	not_admitted	not_admitted	not_admitted	not_admitted	not_admitted	not_admitted	1	7;6483;7484;+;387.8	13;12125;12751;+;234.2	12;11313;12113;+;228.1	3;2257;4929;+;208.8	15;13561;14676;+;174.5	0;162;650;+;77.9	3;2257;4929;+;130.5	132;89291;89887;+;136.7	8;7495;8268;+;97.7	10;9642;10946;+;135.8	120;78700;80868;+;417.6	2;1568;2218;+;57.0	120;78700;80868;+;76.7	A	9/9	split_2	89129	1	1	14673..16613+;646;unnamed;0
CP093315.1	MPF_F	IncFIB(K);IncFII(K)	242	0	0	GA	0															not_admitted	not_admitted	not_admitted	not_admitted	not_admitted	not_admitted	not_admitted	not_admitted	not_admitted	not_admitted	1	190;192944;193936;-;366.6	180;186123;187493;-;381.2	184;188695;189447;-;232.4	193;194962;197601;-;258.7	179;183274;186123;-;344.2	202;201416;202840;-;89.2	193;194962;197601;-;88.8	204;203567;204133;-;167.0	189;192293;192931;-;67.0	188;190290;192296;-;259.0	175;179148;181460;-;397.6	200;200235;200804;-;49.7	175;179148;181460;-;69.7	A	9/9	contiguous	24419	1	1	182741..183271-;176;unnamed;0
CP093454.1	MPF_F	IncC	196	0	0	GA	0															not_admitted	not_admitted	not_admitted	not_admitted	not_admitted	not_admitted	not_admitted	not_admitted	not_admitted	not_admitted	1	100;78065;79072;+;332.9	185;153359;154792;+;339.2	184;152329;153357;+;221.7	95;72866;75313;+;354.2	186;154805;158419;+;375.3	83;57152;58468;+;135.0	95;72866;75313;+;128.6	81;55628;56254;+;92.1	98;76135;77400;+;67.6	101;79188;81983;+;145.3	72;49953;51818;+;47.4	84;58465;59043;+;100.2	72;49953;51818;+;52.0	A	9/9	split_2	104852	0	1	
CP093455.1	MPF_F	IncFIB(K);IncFII(K)	194	0	0	GA	0															not_admitted	not_admitted	not_admitted	not_admitted	not_admitted	not_admitted	not_admitted	not_admitted	not_admitted	not_admitted	1	126;121875;122864;-;363.3	115;114689;116056;-;383.5	119;117314;118066;-;233.7	130;124321;126960;-;259.0	114;111867;114689;-;346.5	141;130928;132352;-;88.0	130;124321;126960;-;88.7	143;133079;133645;-;167.9	124;120952;121599;-;66.9	123;118938;120893;-;259.7	110;106937;109249;-;392.8	138;129732;130316;-;53.8	110;106937;109249;-;65.9	A	9/9	contiguous	26142	1	1	111242..111844-;200;TraS;0
CP094244.1	MPF_T	-	115	0	0	GA	1	39;28173;28763;+;64.4	49;40346;40660;+;82.0		51;40996;42546;+;40.3	51;40996;42546;+;111.4	54;43582;44355;+;58.2	56;45142;45525;+;30.5		58;46404;47051;+;101.4	61;47748;48134;+;95.8	62;48150;49502;+;213.7	48;39264;40268;+;113.7	41;32010;33926;+;343.6		conjscan	conjscan_only	A	7/7	canonical	1	0	unscoreable	14	0	0														not_admitted	not_admitted	not_admitted	not_admitted	not_admitted	not_admitted	not_admitted
CP094252.1	-	-	74	0	0	GA	1	31;18963;19505;+;101.7	4;2698;3075;-;71.2	3;2462;2644;-;30.7	0;1002;1472;-;46.7	2;1975;2238;-;68.4	70;45323;45955;-;27.4	68;43880;45157;-;101.0		67;43109;43813;-;137.6	66;42050;43081;-;166.7	62;40140;41276;-;226.2	6;3279;4034;-;83.7	29;16241;18085;+;330.9		conjscan	conjscan_only	A	7/7	rearranged	1	0	unscoreable	6	0	0														not_admitted	not_admitted	not_admitted	not_admitted	not_admitted	not_admitted	not_admitted
CP094253.1	MPF_T	-	77	0	0	GA	1	72;53170;53847;-;53.0	71;52769;53056;-;51.3		70;50218;52398;-;127.2	70;50218;52398;-;81.2	66;47874;48575;-;173.8	67;48526;49611;-;140.5		65;46866;47714;-;144.5	64;45961;46854;-;160.3	63;44537;45961;-;168.2	61;43548;43817;-;25.0	60;42113;43450;-;244.2		pfam	both	A	7/7	canonical	1	0	unscoreable	3	0	0														not_admitted	not_admitted	not_admitted	not_admitted	not_admitted	not_admitted	not_admitted
CP094347.1	MPF_F	-	86	0	0	GA	0															not_admitted	not_admitted	not_admitted	not_admitted	not_admitted	not_admitted	not_admitted	not_admitted	not_admitted	not_admitted	1	85;68280;69281;+;396.4	5;4295;5701;+;376.3	4;3472;4284;+;250.0	81;64140;66764;+;207.9	6;5713;8760;+;223.5	77;61218;62567;+;121.9	81;64140;66764;+;126.6	75;59959;60552;+;168.9	0;30;572;+;107.8	2;1864;3108;+;177.4	63;49278;51275;+;423.1	80;63452;64102;+;54.1	63;49278;51275;+;80.7	A	9/9	split_2	68250	0	1	
CP094368.3	MPF_F	IncHI1B(pNDM-MAR)	384	0	0	GA	0															not_admitted	not_admitted	not_admitted	not_admitted	not_admitted	not_admitted	not_admitted	not_admitted	not_admitted	not_admitted	1	70;55671;56708;-;282.3	257;205851;207260;+;190.4	256;204824;205861;+;175.9	82;67540;70257;-;148.7	258;207262;211170;+;122.1	86;72370;73740;-;65.6	82;67540;70257;-;85.2	89;75386;76246;-;79.0	71;56705;58066;-;69.8	69;52476;55661;-;58.9	249;195500;197626;-;57.8	83;70302;71039;-;57.1	249;195500;197626;-;41.0	A	9/9	split_2	154786	0	1	
CP094369.1	MPF_F	IncFIB(K);IncFII(K)	178	0	0	GA	0															not_admitted	not_admitted	not_admitted	not_admitted	not_admitted	not_admitted	not_admitted	not_admitted	not_admitted	not_admitted	1	122;129275;130267;-;366.6	112;122361;123728;-;380.7	116;124986;125738;-;233.7	125;131293;133932;-;258.7	111;119512;122361;-;345.6	134;137747;139171;-;89.2	125;131293;133932;-;88.8	136;139898;140464;-;167.0	121;128624;129262;-;67.0	120;126610;128565;-;259.7	107;114714;117026;-;392.7	132;136566;137135;-;49.7	107;114714;117026;-;66.5	A	9/9	contiguous	25184	1	1	118951..119499-;182;unnamed;0
CP094370.1	MPF_F	IncC	209	0	0	GA	0															not_admitted	not_admitted	not_admitted	not_admitted	not_admitted	not_admitted	not_admitted	not_admitted	not_admitted	not_admitted	1	97;69097;70104;+;332.9	198;157915;159348;+;339.2	197;156885;157913;+;221.7	92;63898;66345;+;354.5	199;159361;162975;+;375.3	87;55026;56342;+;135.0	92;63898;66345;+;128.3	85;53502;54128;+;92.7	95;67167;68432;+;67.9	98;70220;73018;+;145.3	76;47827;49692;+;47.3	88;56339;56917;+;100.2	76;47827;49692;+;52.0	A	9/9	split_2	111534	0	1	
CP094371.1	MPF_F	IncFIB(pQil);IncFII(K)	118	0	0	GA	0															not_admitted	not_admitted	not_admitted	not_admitted	not_admitted	not_admitted	not_admitted	not_admitted	not_admitted	not_admitted	1	64;64082;65071;-;366.0	54;57261;58631;-;380.7	58;59833;60585;-;232.4	68;66514;69153;-;258.5	53;54412;57261;-;344.2	76;72410;73834;-;88.8	68;66514;69153;-;88.7	78;74561;75127;-;169.3	63;63431;64069;-;67.0	62;61428;63434;-;259.0	49;50289;52598;-;392.8	75;71712;72296;-;55.4	49;50289;52598;-;65.8	A	9/9	contiguous	24272	1	1	53879..54409-;176;unnamed;0
CP094621.1	MPF_T	-	364	0	0	GA	1		196;169947;170327;-;77.3	195;169655;169954;-;65.3	193;167124;169106;-;173.0	194;169118;169645;-;134.6	192;166414;167073;-;51.1	190;165051;166211;-;101.0		189;164345;165007;-;130.6	188;163488;164327;-;183.0	185;161706;162284;-;199.1	197;170317;171927;-;135.8	310;273951;275891;-;521.7		conjscan	conjscan_only	A	7/7	canonical	1	0	unscoreable	4	0	0														not_admitted	not_admitted	not_admitted	not_admitted	not_admitted	not_admitted	not_admitted
CP094840.1	-	-	73	0	0	GA	1	50;30821;31507;+;101.8	20;14674;15051;-;71.2	19;14333;14620;-;42.5	16;12974;13390;-;37.1	18;13682;14320;-;108.4	13;10648;11424;-;38.3	11;9205;10482;-;100.9		10;8434;9138;-;138.0	8;7376;8044;-;167.3	6;5466;6779;-;225.5	22;15255;15623;-;73.9	48;28241;30244;+;336.7		conjscan	both	A	7/7	canonical	1	0	unscoreable	9	0	0														not_admitted	not_admitted	not_admitted	not_admitted	not_admitted	not_admitted	not_admitted
CP094884.1	MPF_F	IncFIB(K);IncFII(K)	251	0	0	GA	0															not_admitted	not_admitted	not_admitted	not_admitted	not_admitted	not_admitted	not_admitted	not_admitted	not_admitted	not_admitted	1	205;209066;210055;-;363.3	194;201880;203247;-;382.2	198;204505;205257;-;236.4	209;211512;214151;-;259.0	193;199037;201880;-;342.9	220;218118;219542;-;88.8	209;211512;214151;-;87.6	222;220269;220835;-;167.9	203;208143;208790;-;65.9	202;206129;208084;-;259.5	189;194140;196452;-;392.8	217;216922;217506;-;53.8	189;194140;196452;-;65.9	A	9/9	contiguous	26129	1	1	198502..199026-;174;unnamed;0
CP094886.1	MPF_F	IncFIB(K);IncFII(K)	251	0	0	GA	0															not_admitted	not_admitted	not_admitted	not_admitted	not_admitted	not_admitted	not_admitted	not_admitted	not_admitted	not_admitted	1	205;209066;210055;-;363.3	194;201880;203247;-;382.2	198;204505;205257;-;236.4	209;211512;214151;-;259.0	193;199037;201880;-;342.9	220;218118;219542;-;88.8	209;211512;214151;-;87.6	222;220269;220835;-;167.9	203;208143;208790;-;65.9	202;206129;208084;-;259.5	189;194140;196452;-;392.8	217;216922;217506;-;53.8	189;194140;196452;-;65.9	A	9/9	contiguous	26129	1	1	198502..199026-;174;unnamed;0
CP094888.1	MPF_F	IncFII(pKP91)	261	0	0	GA	0															not_admitted	not_admitted	not_admitted	not_admitted	not_admitted	not_admitted	not_admitted	not_admitted	not_admitted	not_admitted	1	199;197921;198910;-;368.2	190;190319;191689;-;378.9	194;192885;193637;-;232.9	202;199939;202578;-;254.8	189;187497;190319;-;346.7	130;128999;130219;+;216.3	202;199939;202578;-;88.2	214;208617;209183;-;148.2	198;197279;197908;-;67.3	197;195324;197279;-;253.9	186;183407;185737;-;388.9	209;205114;205683;-;53.9	186;183407;185737;-;65.2	A	9/9	split_2	79618	1	1	186857..187471-;204;TraS;0
CP094889.1	MPF_F	IncFII(Yp)	137	0	0	GA	0															not_admitted	not_admitted	not_admitted	not_admitted	not_admitted	not_admitted	not_admitted	not_admitted	not_admitted	not_admitted	1	111;97872;98864;+;372.3	122;104898;106268;+;383.1	119;103377;104129;+;222.2	108;94207;96846;+;254.8	123;106268;109147;+;333.2	100;89595;91016;+;86.6	108;94207;96846;+;88.2	98;88308;88874;+;159.4	112;98877;99524;+;68.8	114;99901;101856;+;253.1	127;111925;114243;+;390.7	102;91477;92061;+;55.9	127;111925;114243;+;66.8	A	9/9	contiguous	23617	1	1	109164..109832+;222;unnamed;0
CP094898.1	MPF_F	IncFIB(K);IncFII(K);IncFII(pAR0022)	231	0	0	GA	0															not_admitted	not_admitted	not_admitted	not_admitted	not_admitted	not_admitted	not_admitted	not_admitted	not_admitted	not_admitted	1	140;126831;127820;-;366.6	130;119947;121314;-;381.2	134;122571;123323;-;231.5	144;129263;131902;-;256.8	129;117098;119947;-;345.0	151;135097;136521;-;89.2	144;129263;131902;-;88.8	153;137248;137814;-;168.0	139;126180;126818;-;67.0	138;124166;126121;-;259.2	124;112326;114638;-;393.1	150;134399;134983;-;54.3	124;112326;114638;-;66.6	A	9/9	contiguous	24922	1	1	116565..117095-;176;unnamed;0
CP094904.1	MPF_F	IncFIB(K);IncFII(K);IncR	234	0	0	GA	0															not_admitted	not_admitted	not_admitted	not_admitted	not_admitted	not_admitted	not_admitted	not_admitted	not_admitted	not_admitted	1	178;172209;173201;-;366.6	168;165388;166758;-;381.2	172;167960;168712;-;232.4	181;174227;176866;-;258.7	167;162539;165388;-;344.2	190;180681;182105;-;89.2	181;174227;176866;-;88.8	192;182832;183398;-;167.0	177;171558;172196;-;67.0	176;169555;171561;-;259.0	163;158416;160725;-;393.2	188;179500;180069;-;49.7	163;158416;160725;-;65.8	A	9/9	contiguous	24416	1	1	162006..162536-;176;unnamed;0
CP094907.1	MPF_F	IncFII(pBK30683)	101	0	0	GA	0															not_admitted	not_admitted	not_admitted	not_admitted	not_admitted	not_admitted	not_admitted	not_admitted	not_admitted	not_admitted	1	76;60340;61329;+;363.3	86;66876;68243;+;382.7	82;64866;65618;+;233.7	72;56244;58883;+;258.5	87;68243;71092;+;345.6	64;51563;52987;+;89.2	72;56244;58883;+;87.7	62;50270;50836;+;169.3	77;61342;61980;+;66.0	78;62039;63994;+;259.7	91;73578;75890;+;392.7	65;53101;53685;+;55.4	91;73578;75890;+;66.5	A	9/9	contiguous	23308	1	1	71105..71653+;182;unnamed;0
CP094913.1	MPF_F	IncFIB(K);IncFII(K)	220	0	0	GA	0															not_admitted	not_admitted	not_admitted	not_admitted	not_admitted	not_admitted	not_admitted	not_admitted	not_admitted	not_admitted	1	162;165251;166243;-;366.6	152;158430;159800;-;381.2	156;161002;161754;-;232.4	165;167269;169908;-;258.7	151;155581;158430;-;344.2	174;173723;175147;-;89.2	165;167269;169908;-;88.8	176;175874;176440;-;167.0	161;164600;165238;-;67.0	160;162597;164603;-;259.0	147;151455;153767;-;392.7	172;172542;173111;-;49.7	147;151455;153767;-;66.5	A	9/9	contiguous	24419	1	1	155048..155578-;176;unnamed;0
CP094914.1	MPF_F	IncFIA(pBK30683);IncFII(Yp)	163	0	0	GA	0															not_admitted	not_admitted	not_admitted	not_admitted	not_admitted	not_admitted	not_admitted	not_admitted	not_admitted	not_admitted	1	140;116000;116992;+;362.9	149;122082;123452;+;378.1	146;120546;121298;+;223.8	137;112335;114974;+;259.1	150;123452;126331;+;343.0	127;107151;108572;+;87.4	137;112335;114974;+;83.9	125;105858;106424;+;167.2	141;117005;117643;+;66.0	142;117702;119657;+;255.2	152;127101;129401;+;390.5	129;109033;109596;+;55.8	152;127101;129401;+;65.8	A	9/9	contiguous	21243	1	1	126334..126864+;176;unnamed;0
CP094915.1	MPF_T	IncX3;repB(R1701)	124	0	0	GA	1	37;25062;25706;+;46.4	38;25690;25980;+;73.1	39;26005;27138;+;48.6	39;26005;27138;+;67.0	39;26005;27138;+;75.5		41;28574;29629;+;133.2		42;29824;30552;+;119.4	43;30558;31487;+;138.8	44;31484;32698;+;128.3	46;32894;33928;+;65.7	47;33931;35766;+;495.9		none	none	A	7/7	canonical	0	1	unscoreable	2	0	0														not_admitted	not_admitted	not_admitted	not_admitted	not_admitted	not_admitted	not_admitted
CP095392.1	-	-	289	0	0	GA	1				51;47767;49950;+;21.8		53;54603;55829;+;15.8									conjscan	conjscan_only	D	1/7	uncallable	0	0	unscoreable	0	0	0														not_admitted	not_admitted	not_admitted	not_admitted	not_admitted	not_admitted	not_admitted
CP095396.1	-	-	228	0	0	GA	1				70;70454;72637;+;21.8		72;77290;78516;+;14.9									conjscan	conjscan_only	D	1/7	uncallable	0	0	unscoreable	0	0	0														not_admitted	not_admitted	not_admitted	not_admitted	not_admitted	not_admitted	not_admitted
CP095455.1	MPF_F	IncHI2;IncHI2A	276	0	0	GA	0															not_admitted	not_admitted	not_admitted	not_admitted	not_admitted	not_admitted	not_admitted	not_admitted	not_admitted	not_admitted	1	28;31273;32331;+;276.9	194;174939;176354;-;194.1	195;176344;177390;-;174.3	11;8955;11636;+;168.0	193;170977;174930;-;101.7	7;5270;6625;+;80.7	11;8955;11636;+;72.2	4;2758;3546;+;74.8	26;29620;31131;+;61.8	29;32350;35538;+;57.3	202;184432;186516;+;56.8	10;7996;8946;+;46.1	202;184432;186516;+;38.8	A	9/9	split_3	181674	1	1	169507..170796-;429;unnamed;0
CP095456.1	MPF_F	IncFII(pCoo)	138	0	0	GA	0															not_admitted	not_admitted	not_admitted	not_admitted	not_admitted	not_admitted	not_admitted	not_admitted	not_admitted	not_admitted	1	110;89171;90163;+;371.8	121;95840;97213;+;376.8	114;92892;93635;+;235.0	107;85535;88162;+;303.5	122;97210;100032;+;389.2	101;82196;83623;+;94.3	107;85535;88162;+;100.3	99;80915;81481;+;183.8	111;90172;90810;+;68.8	112;90807;92615;+;268.3	126;102304;104520;+;391.7	104;84504;85019;+;78.0	126;102304;104520;+;70.3	A	9/9	contiguous	21389	1	1	100053..100550+;165;TraS;0
CP095469.1	MPF_F	IncFII(pKP91)	261	0	0	GA	0															not_admitted	not_admitted	not_admitted	not_admitted	not_admitted	not_admitted	not_admitted	not_admitted	not_admitted	not_admitted	1	199;197921;198910;-;368.2	190;190319;191689;-;378.9	194;192885;193637;-;232.9	202;199939;202578;-;254.8	189;187497;190319;-;346.7	130;128999;130219;+;216.3	202;199939;202578;-;88.2	214;208617;209183;-;148.2	198;197279;197908;-;67.3	197;195324;197279;-;253.9	186;183407;185737;-;388.9	209;205114;205683;-;53.9	186;183407;185737;-;65.2	A	9/9	split_2	79618	1	1	186857..187471-;204;TraS;0
CP095470.1	MPF_F	IncFII(Yp)	137	0	0	GA	0															not_admitted	not_admitted	not_admitted	not_admitted	not_admitted	not_admitted	not_admitted	not_admitted	not_admitted	not_admitted	1	111;97872;98864;+;372.3	122;104898;106268;+;383.1	119;103377;104129;+;222.2	108;94207;96846;+;254.8	123;106268;109147;+;333.2	100;89595;91016;+;86.6	108;94207;96846;+;88.2	98;88308;88874;+;159.4	112;98877;99524;+;68.8	114;99901;101856;+;253.1	127;111925;114243;+;390.7	102;91477;92061;+;55.9	127;111925;114243;+;66.8	A	9/9	contiguous	23617	1	1	109164..109832+;222;unnamed;0
CP095569.1	MPF_F	IncFII	107	0	0	GA	0															not_admitted	not_admitted	not_admitted	not_admitted	not_admitted	not_admitted	not_admitted	not_admitted	not_admitted	not_admitted	1	80;54919;55533;+;154.2	93;62058;63056;+;221.4	87;59014;59724;+;228.9	76;51284;52639;+;306.6	94;63053;65875;+;374.0	69;46835;48286;+;94.2	77;52859;53911;+;49.8	67;45554;46120;+;174.3	83;56253;56891;+;68.6	84;56888;58648;+;264.3	98;68147;70354;+;391.2	72;49146;49661;+;78.4	98;68147;70354;+;70.3	A	9/9	contiguous	22593	1	1	65897..66376+;159;TraS;0
CP095582.1	MPF_F	IncFII	152	0	0	GA	0															not_admitted	not_admitted	not_admitted	not_admitted	not_admitted	not_admitted	not_admitted	not_admitted	not_admitted	not_admitted	1	107;68906;69328;+;80.5	120;75471;75830;+;130.4	116;72961;73518;+;210.7	102;65492;66025;+;116.0	125;77139;78578;+;280.5	95;61190;62092;+;91.6	104;66658;67710;+;49.8	91;59362;59865;+;114.8	111;70368;70685;+;43.7	114;71906;72445;+;204.5	133;82570;83391;+;285.4	98;63166;63474;+;37.1	133;82570;83391;+;50.5	A	9/9	contiguous	23208	1	1	78575..78772+;65;unnamed;0
CP095605.1	MPF_F	IncFII	113	0	0	GA	0															not_admitted	not_admitted	not_admitted	not_admitted	not_admitted	not_admitted	not_admitted	not_admitted	not_admitted	not_admitted	1	86;68736;69728;+;369.5	96;75717;76868;+;320.6	91;72986;73348;+;69.7	83;65098;67728;+;304.1	97;76865;79771;+;373.9	76;60708;62102;+;75.5	83;65098;67728;+;97.1	74;59486;59857;+;94.2	88;70072;70710;+;68.6	89;70707;72557;+;266.1	102;82821;84002;+;248.8	79;62962;63477;+;78.4	102;82821;84002;+;71.7	A	9/9	contiguous	23335	1	1	80022..80192+;56;TraS;0
CP095623.1	MPF_F	IncFII	125	0	0	GA	0															not_admitted	not_admitted	not_admitted	not_admitted	not_admitted	not_admitted	not_admitted	not_admitted	not_admitted	not_admitted	1	87;68716;69243;+;157.9	101;75701;76348;+;231.7	94;73356;73553;+;59.1	79;65258;65614;+;61.2	103;76848;79670;+;374.0	73;61534;61974;+;55.1	83;66868;67710;+;50.1	70;59474;60649;+;158.1	90;70469;70690;+;29.7	91;70687;72537;+;266.1	108;82924;83664;+;224.4	75;62952;63467;+;73.5	108;82924;83664;+;73.1	A	9/9	contiguous	23450	1	1	79692..80171+;159;TraS;0
CP096298.1	MPF_F	-	153	0	0	GA	0															not_admitted	not_admitted	not_admitted	not_admitted	not_admitted	not_admitted	not_admitted	not_admitted	not_admitted	not_admitted	1	126;109416;110471;+;268.1	139;122254;123489;+;202.5	137;121056;122063;+;214.6	122;104937;107423;+;211.5	140;123509;126631;+;215.2	119;102221;103513;+;117.6	122;104937;107423;+;113.8	117;100570;101223;+;91.1	125;108196;109416;+;45.7	142;127103;129874;+;119.2	111;96177;98090;+;20.5	120;103530;104042;+;68.8	111;96177;98090;+;24.6	A	9/9	contiguous	30926	0	1	
CP096582.1	MPF_T	-	102	0	0	GA	1	90;71774;72679;-;37.2	101;81610;81918;-;62.6	100;81313;81606;-;32.7	99;78642;81326;-;76.3	99;78642;81326;-;74.5	98;77959;78645;-;77.8	95;76471;77334;-;136.1		94;75802;76467;-;61.5	93;74986;75777;-;175.8	92;73701;74441;-;162.1	91;72663;73691;-;94.6	31;21348;22907;+;60.4		pfam	both	A	7/7	canonical	1	0	unscoreable	2	0	0														not_admitted	not_admitted	not_admitted	not_admitted	not_admitted	not_admitted	not_admitted
CP096599.1	MPF_F	IncHI2;IncHI2A	419	0	0	GA	0															not_admitted	not_admitted	not_admitted	not_admitted	not_admitted	not_admitted	not_admitted	not_admitted	not_admitted	not_admitted	1	106;92289;93347;+;276.9	290;246177;247592;-;194.1	291;247582;248136;-;77.1	83;68979;71072;+;168.9	289;243481;246168;-;104.3	79;65296;66651;+;80.7	84;71072;71659;+;36.0	76;62785;63573;+;74.8	103;90637;91722;+;56.9	107;93366;96554;+;58.3	300;257103;257747;+;32.8	82;68020;68970;+;46.4	300;257103;257747;+;41.8	A	9/9	split_2	194318	1	1	242219..243466-;415;unnamed;0
CP096858.1	MPF_T	-	52	0	0	GA	1				9;7714;9732;-;25.4									3;1907;3457;-;460.3		none	none	D	2/7	uncallable	0	0	unscoreable	5	0	0														not_admitted	not_admitted	not_admitted	not_admitted	not_admitted	not_admitted	not_admitted
CP096891.1	MPF_F	-	97	0	0	GA	0															not_admitted	not_admitted	not_admitted	not_admitted	not_admitted	not_admitted	not_admitted	not_admitted	not_admitted	not_admitted	1	1;2279;3322;-;369.2	93;68150;69577;-;325.8	95;69975;70787;-;219.1	5;4884;7610;-;164.6	92;65132;68134;-;208.7	9;9292;10608;-;102.7	5;4884;7610;-;108.4	11;11321;11899;-;82.6	0;1557;2264;-;107.6	96;70780;71184;-;50.1	27;21662;23821;-;381.4	6;7620;8264;-;41.9	27;21662;23821;-;89.7	A	9/9	split_2	69223	1	1	64542..65060-;172;unnamed;0
CP096993.1	MPF_F	IncHI2;IncHI2A	350	0	0	GA	0															not_admitted	not_admitted	not_admitted	not_admitted	not_admitted	not_admitted	not_admitted	not_admitted	not_admitted	not_admitted	1	343;276040;277098;-;276.9	146;120473;121648;+;171.4	145;119929;120483;+;77.1	16;16220;18313;-;168.9	148;121896;125846;+;101.6	21;20639;21994;-;80.7	15;15633;16220;-;36.0	25;23905;24204;-;43.4	346;277665;278750;-;56.9	342;272833;276021;-;58.3	136;110320;112404;-;56.7	17;18322;18924;-;40.3	136;110320;112404;-;38.8	A	9/9	split_3	262032	0	1	
CP097249.1	MPF_F	repFIB;repHI5B	340	0	0	GA	0															not_admitted	not_admitted	not_admitted	not_admitted	not_admitted	not_admitted	not_admitted	not_admitted	not_admitted	not_admitted	1	127;100511;101548;+;282.2	209;179261;180703;+;188.4	208;178267;179304;+;172.4	115;85725;88442;+;141.1	210;180678;184643;+;117.7	111;82235;83602;+;63.7	115;85725;88442;+;80.6	108;79720;80580;+;73.9	126;99153;100514;+;71.7	128;101563;104739;+;58.7	201;168912;171038;-;62.0	114;84939;85676;+;56.3	201;168912;171038;-;39.7	A	9/9	split_2	100958	0	1	
CP097396.1	MPF_F	IncFIB(pNDM-Mar);IncHI1B(pNDM-MAR)	301	0	0	GA	0															not_admitted	not_admitted	not_admitted	not_admitted	not_admitted	not_admitted	not_admitted	not_admitted	not_admitted	not_admitted	1	55;54482;55519;+;282.3	212;200872;202281;-;190.4	213;202271;203308;-;175.7	41;39708;42425;+;149.6	211;196902;200870;-;121.3	37;36225;37595;+;65.6	41;39708;42425;+;85.2	34;33719;34579;+;79.0	54;53124;54485;+;69.9	56;55529;58714;+;59.9	220;210507;212633;+;57.7	40;38926;39663;+;56.9	220;210507;212633;+;41.0	A	9/9	split_2	176788	0	1	
CP097400.1	MPF_F	IncFIB(K);IncFII(pBK30683)	233	0	0	GA	0															not_admitted	not_admitted	not_admitted	not_admitted	not_admitted	not_admitted	not_admitted	not_admitted	not_admitted	not_admitted	1	73;64958;65950;-;366.6	63;58085;59452;-;382.7	67;60710;61462;-;233.7	76;66976;69615;-;258.7	62;55236;58085;-;345.6	85;73430;74854;-;89.2	76;66976;69615;-;88.8	86;74854;76146;-;166.0	72;64307;64945;-;67.0	71;62304;64310;-;259.0	58;50437;52749;-;392.7	83;72249;72818;-;49.7	58;50437;52749;-;66.5	A	9/9	contiguous	24417	1	1	54675..55223-;182;unnamed;0
CP097401.1	MPF_F	IncFIA(pBK30683);IncFII(K)	158	0	0	GA	0															not_admitted	not_admitted	not_admitted	not_admitted	not_admitted	not_admitted	not_admitted	not_admitted	not_admitted	not_admitted	1	36;24198;24812;+;259.6	46;30274;31644;+;381.2	42;28320;29072;+;232.4	30;19861;22020;+;253.5	47;31644;34493;+;344.2	21;15046;16470;+;89.2	30;19861;22020;+;84.8	19;13753;14319;+;169.3	37;24825;25463;+;66.0	38;25522;27477;+;259.7	51;36307;38616;+;393.2	22;16584;17168;+;55.4	51;36307;38616;+;65.8	A	9/9	contiguous	22554	1	1	34496..35026+;176;unnamed;0
CP097402.1	MPF_F	IncFII(pBK30683);repB(R1701)	141	0	0	GA	0															not_admitted	not_admitted	not_admitted	not_admitted	not_admitted	not_admitted	not_admitted	not_admitted	not_admitted	not_admitted	1	18;21318;22307;-;363.3	8;14398;15771;-;382.6	12;17029;17781;-;233.7	22;23764;26403;-;258.5	7;11556;14405;-;345.6	30;29660;31084;-;89.2	22;23764;26403;-;87.7	32;31811;32377;-;169.3	17;20667;21305;-;66.0	16;18653;20608;-;259.7	3;6758;9070;-;392.7	29;28962;29546;-;55.4	3;6758;9070;-;66.5	A	9/9	contiguous	25053	1	1	10995..11543-;182;unnamed;0
CP097404.1	MPF_F	IncFIB(K);IncFII(K)	217	0	0	GA	0															not_admitted	not_admitted	not_admitted	not_admitted	not_admitted	not_admitted	not_admitted	not_admitted	not_admitted	not_admitted	1	79;73017;74006;+;366.6	89;79553;80920;+;384.5	85;77543;78295;+;231.8	75;68921;71563;+;258.5	90;80920;83742;+;346.4	68;64284;65708;+;89.2	75;68921;71563;+;88.2	66;62991;63557;+;169.3	80;74019;74657;+;66.9	81;74716;76671;+;259.7	94;86357;88666;+;392.8	69;65822;66406;+;54.3	94;86357;88666;+;65.8	A	9/9	contiguous	23366	1	1	83765..84367+;200;TraS;0
CP097409.1	-	IncFIA(HI1);IncFII(K);IncFII(pAR0022)	85	0	0	GA	0															not_admitted	not_admitted	not_admitted	not_admitted	not_admitted	not_admitted	not_admitted	not_admitted	not_admitted	not_admitted	1	35;35616;36614;-;370.2	30;30524;31888;-;350.2	32;32483;33253;-;204.8	38;37652;40273;-;216.9	29;27651;30521;-;243.4	41;41233;42564;-;85.3	38;37652;40273;-;92.2	43;43270;43845;-;87.7	34;35218;35646;-;64.0	33;33253;35190;-;231.2	27;24816;26948;-;376.5	39;40282;40812;-;34.9	27;24816;26948;-;67.6	A	9/9	contiguous	18454	1	1	27079..27642-;187;unnamed;0
CP097659.1	MPF_F	IncFII(pHN7A8);repB(R1701)	172	0	0	GA	0															not_admitted	not_admitted	not_admitted	not_admitted	not_admitted	not_admitted	not_admitted	not_admitted	not_admitted	not_admitted	1	70;55618;56610;+;369.5			67;51982;54609;+;301.8		62;48500;49927;+;94.1	67;51982;54609;+;101.8	60;47219;47785;+;183.8			67;51982;54609;+;20.8	66;50951;51466;+;77.6		D	4/9	contiguous	8399	0	0	
CP097695.1	MPF_F	IncFII(pHN7A8);repB(R1701)	179	0	0	GA	0															not_admitted	not_admitted	not_admitted	not_admitted	not_admitted	not_admitted	not_admitted	not_admitted	not_admitted	not_admitted	1	111;84808;85800;+;369.5			108;81172;83799;+;301.8		103;77690;79117;+;94.1	108;81172;83799;+;101.8	101;76409;76975;+;183.8			108;81172;83799;+;20.8	107;80141;80656;+;77.6		D	4/9	contiguous	8399	0	0	
CP097696.1	MPF_F	IncFIB(K)	263	0	0	GA	0															not_admitted	not_admitted	not_admitted	not_admitted	not_admitted	not_admitted	not_admitted	not_admitted	not_admitted	not_admitted	1	212;174157;175146;+;363.3	223;180965;182332;+;382.2	219;178955;179707;+;233.7	208;170061;172700;+;259.4	224;182332;185181;+;342.9	198;164675;166099;+;89.2	208;170061;172700;+;88.3	196;163382;163948;+;167.9	214;175422;176069;+;65.9	215;176128;178083;+;259.5	228;186993;189275;+;393.3	200;166711;167295;+;53.8	228;186993;189275;+;65.9	A	9/9	contiguous	23611	1	1	185184..185714+;176;unnamed;0
CP098445.1	MPF_F	IncC	242	0	0	GA	0															not_admitted	not_admitted	not_admitted	not_admitted	not_admitted	not_admitted	not_admitted	not_admitted	not_admitted	not_admitted	1	119;94095;95102;+;332.9	230;193846;195279;+;339.2	229;192804;193844;+;220.9	114;88896;91343;+;354.2	231;195292;198906;+;375.3	109;80069;81385;+;135.0	114;88896;91343;+;128.6	107;78545;79171;+;92.1	117;92165;93430;+;67.6	120;95218;98013;+;145.3	98;72870;74735;+;47.4	110;81382;81960;+;100.2	98;72870;74735;+;52.0	A	9/9	split_2	122422	0	1	
CP098603.1	MPF_T	-	119	0	0	GA	1	17;13786;14376;+;62.5	90;73684;74076;+;75.8	91;74079;74345;+;36.2	92;74413;76332;+;35.2	92;74413;76332;+;108.3	95;77121;77786;+;55.0	97;78566;79249;+;91.1		99;80184;80771;+;89.0	100;80785;81777;+;167.7	101;82167;83147;+;215.9	30;24417;25301;+;112.9	21;17635;19692;+;346.5		conjscan	conjscan_only	A	7/7	canonical	1	0	unscoreable	23	0	0														not_admitted	not_admitted	not_admitted	not_admitted	not_admitted	not_admitted	not_admitted
CP098607.1	-	-	109	0	0	GA	1	3;3157;3819;+;28.2			6;4485;6872;+;51.8	6;4485;6872;+;49.7	7;6946;7650;+;56.7	8;7656;8633;+;118.7		9;8820;9593;+;146.9	10;9590;10399;+;172.1	11;10389;11786;+;147.3	12;11786;12832;+;81.3	13;12833;14596;+;294.2		pfam	both	A	7/7	canonical	1	0	unscoreable	2	0	0														not_admitted	not_admitted	not_admitted	not_admitted	not_admitted	not_admitted	not_admitted
CP098932.1	MPF_F	IncFIB(AP001918);IncFII(pSE11)	137	0	0	GA	0															not_admitted	not_admitted	not_admitted	not_admitted	not_admitted	not_admitted	not_admitted	not_admitted	not_admitted	not_admitted	1	115;95382;96380;+;349.5	124;102419;103825;+;345.3	120;100315;101100;+;216.1	111;91510;94149;+;253.5	125;103825;106734;+;313.2	109;89637;90983;+;97.8	111;91510;94149;+;117.1	107;88312;88890;+;128.5	118;97777;98382;+;57.4	119;98379;100313;+;241.0	130;109580;111766;+;374.5	110;90980;91513;+;52.3	130;109580;111766;+;60.1	A	9/9	contiguous	21268	1	1	106749..107399+;216;unnamed;1
CP098936.1	MPF_F	IncFII(29)	62	0	0	GA	0															not_admitted	not_admitted	not_admitted	not_admitted	not_admitted	not_admitted	not_admitted	not_admitted	not_admitted	not_admitted	1				55;42007;43215;+;225.8		53;40134;41480;+;97.8		51;38809;39387;+;128.5			56;43187;44263;+;179.5	54;41477;42010;+;52.3	56;43187;44263;+;63.4	D	3/9	contiguous	4378	0	0	
CP098943.1	MPF_F	IncFII(29)	70	0	0	GA	0															not_admitted	not_admitted	not_admitted	not_admitted	not_admitted	not_admitted	not_admitted	not_admitted	not_admitted	not_admitted	1	57;45879;46877;+;349.5	66;50729;51706;+;243.5	63;48991;49563;+;44.2	53;42007;44646;+;253.5		51;40134;41480;+;97.8	53;42007;44646;+;117.1	49;38809;39387;+;128.5	61;48274;48879;+;57.4		53;42007;44646;+;23.0	52;41477;42010;+;52.3		C	7/9	contiguous	11920	0	0	
CP098948.1	MPF_F	IncFIB(AP001918);IncFII(29)	164	0	0	GA	0															not_admitted	not_admitted	not_admitted	not_admitted	not_admitted	not_admitted	not_admitted	not_admitted	not_admitted	not_admitted	1	76;72879;73877;-;349.5	66;64723;66129;-;342.9	71;68159;68944;-;216.1	80;75110;77749;-;253.5	65;61814;64723;-;314.9	82;78276;79622;-;97.4	80;75110;77749;-;117.1	84;80369;80947;-;128.5	73;70877;71482;-;57.4	72;68946;70880;-;241.0	59;56781;58967;-;370.4	81;77746;78279;-;52.3	59;56781;58967;-;61.8	A	9/9	contiguous	23588	1	1	61149..61799-;216;unnamed;1
CP098957.1	MPF_F	IncFII(29)	62	0	0	GA	0															not_admitted	not_admitted	not_admitted	not_admitted	not_admitted	not_admitted	not_admitted	not_admitted	not_admitted	not_admitted	1				55;42007;43215;+;225.8		53;40134;41480;+;97.8		51;38809;39387;+;128.5			56;43187;44263;+;179.5	54;41477;42010;+;52.3	56;43187;44263;+;63.4	D	3/9	contiguous	4378	0	0	
CP098966.1	MPF_F	IncFIB(AP001918);IncFII	188	0	0	GA	0															not_admitted	not_admitted	not_admitted	not_admitted	not_admitted	not_admitted	not_admitted	not_admitted	not_admitted	not_admitted	1	71;81845;82837;-;369.3	62;75410;76786;-;381.0	67;78373;79116;-;230.0	74;83846;86473;-;306.4	61;72591;75413;-;389.2	80;88528;89955;-;94.3	74;83846;86473;-;98.6	82;90670;91236;-;183.3	70;81198;81836;-;68.7	69;79393;81201;-;267.9	58;68869;71058;-;391.8	76;86989;87504;-;77.7	58;68869;71058;-;70.3	A	9/9	contiguous	21801	1	1	72073..72570-;165;TraS;0
CP098970.1	MPF_F	IncFIB(AP001918);IncFII(pRSB107)	102	0	0	GA	0															not_admitted	not_admitted	not_admitted	not_admitted	not_admitted	not_admitted	not_admitted	not_admitted	not_admitted	not_admitted	1	90;76630;77622;+;371.9			87;72991;75621;+;303.7		78;68360;69787;+;94.3	87;72991;75621;+;100.2	76;67079;67645;+;185.2	91;77631;78269;+;68.7		87;72991;75621;+;22.0	82;70908;71423;+;78.4		D	5/9	contiguous	10552	0	0	
CP098976.1	MPF_F	IncFII(pRSB107)	118	0	0	GA	0															not_admitted	not_admitted	not_admitted	not_admitted	not_admitted	not_admitted	not_admitted	not_admitted	not_admitted	not_admitted	1	92;74540;75532;+;369.5		99;79372;80115;+;234.4	89;70901;73531;+;303.7		80;66270;67697;+;94.3	89;70901;73531;+;100.2	78;64989;65555;+;185.2	96;76652;77290;+;70.7	97;77287;79095;+;267.1	106;84171;86387;+;391.7	84;68818;69333;+;78.4	106;84171;86387;+;70.3	C	7/9	contiguous	19182	0	1	
CP098992.1	MPF_F	IncFIB(AP001918);IncFII	128	0	0	GA	0															not_admitted	not_admitted	not_admitted	not_admitted	not_admitted	not_admitted	not_admitted	not_admitted	not_admitted	not_admitted	1	70;82689;83681;-;369.3	61;76254;77630;-;381.0	66;79217;79960;-;230.0	73;84690;87317;-;306.4	60;73435;76257;-;389.2	79;89372;90799;-;94.3	73;84690;87317;-;98.5	81;91514;92080;-;183.3	69;82042;82680;-;68.7	68;80237;82045;-;267.9	57;69650;71902;-;391.7	75;87833;88348;-;77.7	57;69650;71902;-;70.3	A	9/9	contiguous	21864	1	1	72917..73414-;165;TraS;0
CP099004.1	MPF_F	IncFII(pHN7A8)	92	0	0	GA	0															not_admitted	not_admitted	not_admitted	not_admitted	not_admitted	not_admitted	not_admitted	not_admitted	not_admitted	not_admitted	1	66;55866;56858;+;369.3	77;62543;63916;+;380.9	70;59587;60330;+;231.0	63;52230;54857;+;306.8	78;63913;66729;+;387.9	57;48748;50175;+;94.3	63;52230;54857;+;98.5	55;47467;48033;+;182.8	67;56867;57505;+;68.7	68;57502;59310;+;268.3	81;68292;70445;+;391.9	61;51199;51714;+;78.4	81;68292;70445;+;70.4	A	9/9	contiguous	20825	1	1	66762..67283+;173;unnamed;0
CP099006.1	MPF_F	IncFIA;IncFII	118	0	0	GA	0															not_admitted	not_admitted	not_admitted	not_admitted	not_admitted	not_admitted	not_admitted	not_admitted	not_admitted	not_admitted	1	95;83843;84841;+;349.3	102;88828;90264;+;341.7	99;87006;87842;+;44.3	91;79971;82610;+;253.3	103;90264;93173;+;317.2	89;78116;79450;+;96.3	91;79971;82610;+;118.2	87;76791;77369;+;126.2	98;86404;87009;+;57.1		108;96018;96974;+;129.7	90;79462;79974;+;60.3		B	8/9	contiguous	19227	1	0	93188..93835+;215;unnamed;1
CP099007.1	MPF_T	IncX1	49	0	0	GA	1	24;25357;26004;-;45.2	23;25083;25379;-;77.5	22;22311;25064;-;47.9	22;22311;25064;-;147.9	22;22311;25064;-;75.3	21;21542;22300;-;67.3	19;20171;21304;-;106.3		18;19213;19926;-;118.5	17;18279;19208;-;133.8	16;17077;18282;-;132.5	15;16044;17075;-;79.0	14;14206;16041;-;489.3		pfam	pfam_only	A	7/7	canonical	1	1	unscoreable	1	0	0														not_admitted	not_admitted	not_admitted	not_admitted	not_admitted	not_admitted	not_admitted
CP099011.1	MPF_F	IncFIB(AP001918);IncFIC(FII)	184	0	0	GA	0															not_admitted	not_admitted	not_admitted	not_admitted	not_admitted	not_admitted	not_admitted	not_admitted	not_admitted	not_admitted	1	119;121246;122238;-;368.6	108;114188;115564;-;380.5	115;117774;118517;-;235.0	122;123247;125874;-;305.4	107;111378;114191;-;389.0	129;127929;129356;-;94.3	122;123247;125874;-;98.5	131;130071;130637;-;183.8	118;120599;121237;-;67.6	117;118794;120602;-;268.2	104;107687;109840;-;389.7	125;126390;126905;-;77.3	104;107687;109840;-;70.4	A	9/9	contiguous	22384	1	1	110856..111353-;165;TraS;0
CP099012.1	MPF_T	IncX1	40	0	0	GA	1	35;26753;27400;+;46.9	36;27378;27674;+;77.5	37;27693;30446;+;46.7	37;27693;30446;+;144.4	37;27693;30446;+;71.5	38;30457;31215;+;67.3			0;289;1002;+;119.7	1;1007;1936;+;133.8	2;1933;3138;+;132.5	3;3140;4171;+;76.5	4;4174;6009;+;488.6		pfam	pfam_only	B	6/7	uncallable	0	1	unscoreable	0	0	0														not_admitted	not_admitted	not_admitted	not_admitted	not_admitted	not_admitted	not_admitted
CP099016.1	MPF_F	IncFII	86	0	0	GA	0															not_admitted	not_admitted	not_admitted	not_admitted	not_admitted	not_admitted	not_admitted	not_admitted	not_admitted	not_admitted	1	63;49159;50151;+;369.3	75;56510;57883;+;374.4	70;54201;54944;+;235.0	60;45523;48150;+;306.8	76;57880;60702;+;389.2	55;42184;43611;+;93.8	60;45523;48150;+;98.4	53;40903;41469;+;183.8	67;51439;52077;+;68.6	68;52074;53924;+;265.1	79;62235;64478;+;391.7	58;44492;45007;+;78.4	79;62235;64478;+;70.3	A	9/9	contiguous	21332	1	1	60723..61220+;165;TraS;0
CP099022.1	MPF_F	IncFIB(AP001918);IncFII(pRSB107)	123	0	0	GA	0															not_admitted	not_admitted	not_admitted	not_admitted	not_admitted	not_admitted	not_admitted	not_admitted	not_admitted	not_admitted	1	101;86567;87559;+;371.9	110;92617;93993;+;381.0	105;90288;91031;+;233.5	98;82928;85558;+;303.7	111;93990;96812;+;389.2	89;78297;79724;+;94.3	98;82928;85558;+;100.2	87;77016;77582;+;185.2	102;87568;88206;+;68.7	103;88203;90011;+;267.9	114;98346;100562;+;391.7	93;80845;81360;+;78.4	114;98346;100562;+;70.3	A	9/9	contiguous	21330	1	1	96833..97330+;165;TraS;0
CP099026.1	MPF_F	IncFII	86	0	0	GA	0															not_admitted	not_admitted	not_admitted	not_admitted	not_admitted	not_admitted	not_admitted	not_admitted	not_admitted	not_admitted	1	63;49159;50151;+;369.3	75;56510;57883;+;374.4	70;54201;54944;+;235.0	60;45523;48150;+;306.8	76;57880;60702;+;389.2	55;42184;43611;+;93.8	60;45523;48150;+;98.4	53;40903;41469;+;183.8	67;51439;52077;+;68.6	68;52074;53924;+;265.1	79;62235;64487;+;391.7	58;44492;45007;+;78.4	79;62235;64487;+;70.3	A	9/9	contiguous	21332	1	1	60723..61220+;165;TraS;0
CP099029.1	MPF_F	IncFIA(HI1);IncFIB(K);IncFII	115	0	0	GA	0															not_admitted	not_admitted	not_admitted	not_admitted	not_admitted	not_admitted	not_admitted	not_admitted	not_admitted	not_admitted	1	61;59744;60736;-;369.3	49;52012;53385;-;374.4	54;54951;55694;-;235.0	64;61745;64372;-;306.8	48;49193;52015;-;389.2	69;66284;67711;-;93.8	64;61745;64372;-;98.4	71;68426;68992;-;183.8	57;57818;58456;-;68.6	56;55971;57821;-;265.1	45;45426;47660;-;391.7	66;64888;65403;-;78.4	45;45426;47660;-;70.3	A	9/9	contiguous	23000	1	1	48675..49172-;165;TraS;0
CP099042.1	MPF_F	IncFIB(AP001918);IncFII;IncQ1	156	0	0	GA	0															not_admitted	not_admitted	not_admitted	not_admitted	not_admitted	not_admitted	not_admitted	not_admitted	not_admitted	not_admitted	1	96;99950;100942;-;369.3	87;93515;94888;-;381.0	92;96478;97221;-;231.6	99;101951;104578;-;306.4	86;90693;93518;-;386.0	105;106633;108060;-;94.3	99;101951;104578;-;98.5	107;108775;109341;-;183.3	95;99303;99941;-;68.7	94;97498;99306;-;267.9	79;84329;86320;-;392.1	101;105094;105609;-;77.3	79;84329;86320;-;70.5	A	9/9	contiguous	24446	1	1	90187..90696-;169;unnamed;0
CP099047.1	MPF_F	IncFIB(AP001918);IncFII	189	0	0	GA	0															not_admitted	not_admitted	not_admitted	not_admitted	not_admitted	not_admitted	not_admitted	not_admitted	not_admitted	not_admitted	1	72;82150;83142;-;369.3	63;75715;77091;-;381.0	68;78678;79421;-;230.0	75;84151;86778;-;306.4	62;72896;75718;-;389.2	81;88833;90260;-;94.3	75;84151;86778;-;98.6	83;90975;91541;-;183.3	71;81503;82141;-;68.7	70;79698;81506;-;267.9	59;69174;71363;-;391.8	77;87294;87809;-;77.7	59;69174;71363;-;70.3	A	9/9	contiguous	21801	1	1	72378..72875-;165;TraS;0
CP099052.1	MPF_F	IncFIB(AP001918);IncFII;IncQ1	156	0	0	GA	0															not_admitted	not_admitted	not_admitted	not_admitted	not_admitted	not_admitted	not_admitted	not_admitted	not_admitted	not_admitted	1	96;99950;100942;-;369.3	87;93515;94888;-;381.0	92;96478;97221;-;231.6	99;101951;104578;-;306.4	86;90693;93518;-;386.0	105;106633;108060;-;94.3	99;101951;104578;-;98.5	107;108775;109341;-;183.3	95;99303;99941;-;68.7	94;97498;99306;-;267.9	79;84329;86320;-;392.1	101;105094;105609;-;77.3	79;84329;86320;-;70.5	A	9/9	contiguous	24446	1	1	90187..90696-;169;unnamed;0
CP099057.1	MPF_F	IncFIB(AP001918);IncFIC(FII)	136	0	0	GA	0															not_admitted	not_admitted	not_admitted	not_admitted	not_admitted	not_admitted	not_admitted	not_admitted	not_admitted	not_admitted	1	95;104237;105229;-;371.9	86;97816;99189;-;377.6	91;100765;101508;-;235.0	98;106238;108868;-;306.7	85;94994;97819;-;389.2	107;112034;113461;-;95.2	98;106238;108868;-;100.3	109;114176;114742;-;183.8	94;103590;104228;-;68.6	93;101785;103593;-;268.3	79;88647;90443;-;389.8	103;110501;111016;-;79.2	79;88647;90443;-;69.6	A	9/9	contiguous	25529	1	1	94488..94997-;169;unnamed;0
CP099060.1	MPF_F	IncFIB(AP001918)	147	0	0	GA	0															not_admitted	not_admitted	not_admitted	not_admitted	not_admitted	not_admitted	not_admitted	not_admitted	not_admitted	not_admitted	1	105;81869;82597;+;210.4	120;91112;92485;+;376.8	115;88803;89546;+;235.0	102;78230;80860;+;305.4	121;92482;95298;+;389.2	20;16389;17816;-;93.3	102;78230;80860;+;99.1	22;18531;19097;-;183.8	112;86083;86721;+;68.4	113;86718;88526;+;268.3	125;97599;99743;+;391.8	97;76076;76591;+;78.4	125;97599;99743;+;70.4	A	9/9	split_2	81210	1	1	95331..95852+;173;unnamed;0
CP099063.1	MPF_F	IncFIB(AP001918)	147	0	0	GA	0															not_admitted	not_admitted	not_admitted	not_admitted	not_admitted	not_admitted	not_admitted	not_admitted	not_admitted	not_admitted	1	105;81867;82595;+;210.4	120;91110;92483;+;376.8	115;88801;89544;+;235.0	102;78228;80858;+;305.4	121;92480;95296;+;389.2	20;16389;17816;-;93.3	102;78228;80858;+;99.1	22;18531;19097;-;183.8	112;86081;86719;+;68.4	113;86716;88524;+;268.3	125;97597;99741;+;391.8	97;76074;76589;+;78.4	125;97597;99741;+;70.4	A	9/9	split_2	81208	1	1	95329..95850+;173;unnamed;0
CP099066.1	MPF_F	IncFIB(AP001918)	147	0	0	GA	0															not_admitted	not_admitted	not_admitted	not_admitted	not_admitted	not_admitted	not_admitted	not_admitted	not_admitted	not_admitted	1	105;81867;82595;+;210.4	120;91110;92483;+;376.8	115;88801;89544;+;235.0	102;78228;80858;+;305.4	121;92480;95296;+;389.2	20;16389;17816;-;93.3	102;78228;80858;+;99.1	22;18531;19097;-;183.8	112;86081;86719;+;68.4	113;86716;88524;+;268.3	125;97597;99741;+;391.8	97;76074;76589;+;78.4	125;97597;99741;+;70.4	A	9/9	split_2	81208	1	1	95329..95850+;173;unnamed;0
CP099069.1	MPF_F	IncFIB(AP001918)	147	0	0	GA	0															not_admitted	not_admitted	not_admitted	not_admitted	not_admitted	not_admitted	not_admitted	not_admitted	not_admitted	not_admitted	1	105;81867;82595;+;210.4	120;91110;92483;+;376.8	115;88801;89544;+;235.0	102;78228;80858;+;305.4	121;92480;95296;+;389.2	20;16389;17816;-;93.3	102;78228;80858;+;99.1	22;18531;19097;-;183.8	112;86081;86719;+;68.4	113;86716;88524;+;268.3	125;97597;99741;+;391.8	97;76074;76589;+;78.4	125;97597;99741;+;70.4	A	9/9	split_2	81208	1	1	95329..95850+;173;unnamed;0
CP099073.1	MPF_F	IncFIB(AP001918)	147	0	0	GA	0															not_admitted	not_admitted	not_admitted	not_admitted	not_admitted	not_admitted	not_admitted	not_admitted	not_admitted	not_admitted	1	105;81869;82597;+;210.4	120;91112;92485;+;376.8	115;88803;89546;+;235.0	102;78230;80860;+;305.4	121;92482;95298;+;389.2	20;16389;17816;-;93.3	102;78230;80860;+;99.1	22;18531;19097;-;183.8	112;86083;86721;+;68.4	113;86718;88526;+;268.3	125;97599;99743;+;391.8	97;76076;76591;+;78.4	125;97599;99743;+;70.4	A	9/9	split_2	81210	1	1	95331..95852+;173;unnamed;0
CP099076.1	MPF_F	IncFIB(AP001918)	147	0	0	GA	0															not_admitted	not_admitted	not_admitted	not_admitted	not_admitted	not_admitted	not_admitted	not_admitted	not_admitted	not_admitted	1	105;81869;82597;+;210.4	120;91112;92485;+;376.8	115;88803;89546;+;235.0	102;78230;80860;+;305.4	121;92482;95298;+;389.2	20;16389;17816;-;93.3	102;78230;80860;+;99.1	22;18531;19097;-;183.8	112;86083;86721;+;68.4	113;86718;88526;+;268.3	125;97599;99743;+;391.8	97;76076;76591;+;78.4	125;97599;99743;+;70.4	A	9/9	split_2	81210	1	1	95331..95852+;173;unnamed;0
CP099079.1	MPF_F	IncFIB(H89-PhagePlasmid);IncFIB(pB171);IncFII(29)	240	0	0	GA	0															not_admitted	not_admitted	not_admitted	not_admitted	not_admitted	not_admitted	not_admitted	not_admitted	not_admitted	not_admitted	1	198;166731;167723;+;369.2	210;173808;175181;+;376.8	205;171499;172242;+;236.3	195;163095;165722;+;300.9	211;175178;178003;+;389.2	188;159509;160936;+;93.8	195;163095;165722;+;102.3	186;158228;158794;+;183.8	200;168067;168705;+;68.8	203;169417;171222;+;265.1	215;180245;182497;+;391.7	192;162064;162579;+;78.3	215;180245;182497;+;70.3	A	9/9	contiguous	22017	1	1	178000..178509+;169;unnamed;0
CP099082.1	MPF_F	IncFII(pHN7A8)	74	0	0	GA	0															not_admitted	not_admitted	not_admitted	not_admitted	not_admitted	not_admitted	not_admitted	not_admitted	not_admitted	not_admitted	1	47;35049;36041;+;369.4	60;42883;44256;+;376.8	55;40565;41308;+;234.5	44;31413;34040;+;300.9	61;44253;47075;+;376.7	38;28074;29501;+;94.2	44;31413;34040;+;102.3	36;26793;27359;+;183.8	50;36987;37625;+;70.4	53;38438;40288;+;265.0	65;49347;51545;+;391.7	41;30382;30897;+;78.4	65;49347;51545;+;70.3	A	9/9	contiguous	22554	1	1	47096..47593+;165;TraS;0
CP099090.1	MPF_F	IncFIB(AP001918)	147	0	0	GA	0															not_admitted	not_admitted	not_admitted	not_admitted	not_admitted	not_admitted	not_admitted	not_admitted	not_admitted	not_admitted	1	105;81869;82597;+;210.4	120;91112;92485;+;376.8	115;88803;89546;+;235.0	102;78230;80860;+;305.4	121;92482;95298;+;389.2	20;16389;17816;-;93.3	102;78230;80860;+;99.1	22;18531;19097;-;183.8	112;86083;86721;+;68.4	113;86718;88526;+;268.3	125;97599;99743;+;391.8	97;76076;76591;+;78.4	125;97599;99743;+;70.4	A	9/9	split_2	81210	1	1	95331..95852+;173;unnamed;0
CP099093.1	MPF_F	IncFIB(AP001918)	147	0	0	GA	0															not_admitted	not_admitted	not_admitted	not_admitted	not_admitted	not_admitted	not_admitted	not_admitted	not_admitted	not_admitted	1	105;81869;82597;+;210.4	120;91112;92485;+;376.8	115;88803;89546;+;235.0	102;78230;80860;+;305.4	121;92482;95298;+;389.2	20;16389;17816;-;93.3	102;78230;80860;+;99.1	22;18531;19097;-;183.8	112;86083;86721;+;68.4	113;86718;88526;+;268.3	125;97599;99743;+;391.8	97;76076;76591;+;78.4	125;97599;99743;+;70.4	A	9/9	split_2	81210	1	1	95331..95852+;173;unnamed;0
CP099096.1	MPF_F	IncFIB(AP001918)	147	0	0	GA	0															not_admitted	not_admitted	not_admitted	not_admitted	not_admitted	not_admitted	not_admitted	not_admitted	not_admitted	not_admitted	1	105;81869;82597;+;210.4	120;91112;92485;+;376.8	115;88803;89546;+;235.0	102;78230;80860;+;305.4	121;92482;95298;+;389.2	20;16389;17816;-;93.3	102;78230;80860;+;99.1	22;18531;19097;-;183.8	112;86083;86721;+;68.4	113;86718;88526;+;268.3	125;97599;99743;+;391.8	97;76076;76591;+;78.4	125;97599;99743;+;70.4	A	9/9	split_2	81210	1	1	95331..95852+;173;unnamed;0
CP099109.1	MPF_F	IncFIA;IncFIB(AP001918);IncFII(29)	117	0	0	GA	0															not_admitted	not_admitted	not_admitted	not_admitted	not_admitted	not_admitted	not_admitted	not_admitted	not_admitted	not_admitted	1	50;53695;54687;-;369.3	39;46637;48010;-;378.0	46;50223;50966;-;235.0	53;55696;58323;-;305.4	38;43818;46640;-;388.4	60;60482;61909;-;94.3	53;55696;58323;-;98.5	62;62624;63190;-;183.8	49;53048;53686;-;68.4	48;51243;53051;-;268.4	35;40137;42290;-;391.8	56;58839;59354;-;78.4	35;40137;42290;-;70.4	A	9/9	contiguous	22487	1	1	43305..43796-;163;TraS;0
CP099110.1	MPF_T	IncX1	50	0	0	GA	1	25;14751;15398;+;45.2	26;15376;15672;+;77.5	27;15691;18444;+;47.9	27;15691;18444;+;147.9	27;15691;18444;+;75.3	28;18455;19213;+;67.3	30;19451;20584;+;106.3		31;20829;21542;+;118.5	32;21547;22476;+;133.8	33;22473;23678;+;132.5	34;23680;24711;+;79.0	35;24714;26549;+;489.3		pfam	pfam_only	A	7/7	canonical	1	1	unscoreable	1	0	0														not_admitted	not_admitted	not_admitted	not_admitted	not_admitted	not_admitted	not_admitted
CP099116.1	MPF_F	IncFIB(AP001918);IncFII(pHN7A8)	86	0	0	GA	0															not_admitted	not_admitted	not_admitted	not_admitted	not_admitted	not_admitted	not_admitted	not_admitted	not_admitted	not_admitted	1	51;52006;53004;-;346.7	41;43836;45272;-;340.5	46;47120;47905;-;217.8	55;54237;56876;-;252.7	40;40948;43836;-;314.2	57;57397;58731;-;97.0	55;54237;56876;-;117.2	59;59478;60056;-;126.2	48;49838;50443;-;57.1	47;47907;49841;-;241.9	35;35921;38107;-;370.6	56;56873;57385;-;60.8	35;35921;38107;-;61.8	A	9/9	contiguous	23557	1	1	40287..40934-;215;unnamed;1
CP099122.1	MPF_F	IncFIB(AP001918);IncFII;IncQ1	152	0	0	GA	0															not_admitted	not_admitted	not_admitted	not_admitted	not_admitted	not_admitted	not_admitted	not_admitted	not_admitted	not_admitted	1	94;100471;101463;-;369.3	85;94036;95409;-;381.0	90;96999;97742;-;231.6	97;102472;105099;-;306.4	84;91214;94039;-;386.0	103;107154;108581;-;94.3	97;102472;105099;-;98.5	105;109296;109862;-;183.3	93;99824;100462;-;68.7	92;98019;99827;-;267.9	81;87557;89710;-;391.8	99;105615;106130;-;77.3	81;87557;89710;-;70.4	A	9/9	contiguous	21739	1	1	90708..91217-;169;unnamed;0
CP099124.1	MPF_F	IncFIA(HI1);IncHI1A;IncHI1B(R27);IncQ1	221	0	0	GA	0															not_admitted	not_admitted	not_admitted	not_admitted	not_admitted	not_admitted	not_admitted	not_admitted	not_admitted	not_admitted	1	15;14855;15907;+;277.6			220;189184;191865;+;160.9		216;185478;186836;+;84.0	220;189184;191865;+;76.5	213;183026;183811;+;68.7	13;13202;14710;+;65.6	16;15930;19106;+;58.9		219;188225;189175;+;45.2		C	6/9	split_2	175982	0	1	
CP099137.1	MPF_F	IncFIB(AP001918);IncFII	155	0	0	GA	0															not_admitted	not_admitted	not_admitted	not_admitted	not_admitted	not_admitted	not_admitted	not_admitted	not_admitted	not_admitted	1	98;107555;108547;-;369.3	89;101121;102497;-;381.0	94;104084;104827;-;233.5	101;109556;112186;-;301.7	88;98299;101124;-;389.2	111;115981;117408;-;94.1	101;109556;112186;-;102.2	113;118123;118689;-;183.8	97;106908;107546;-;68.7	96;105103;106911;-;268.0	85;94570;96795;-;380.3	108;114582;115097;-;76.6	85;94570;96795;-;66.5	A	9/9	contiguous	23553	1	1	97793..98302-;169;unnamed;0
CP099139.1	MPF_T	IncY	86	0	0	GA	1	60;59509;60171;+;48.3	61;60182;60481;+;36.6	62;60491;63241;+;61.8	62;60491;63241;+;132.4	62;60491;63241;+;47.3	63;63260;63976;+;137.0	65;64290;65297;+;137.8		67;65507;66193;+;158.3	68;66186;67079;+;147.4	69;67076;68272;+;134.7	70;68276;69325;+;71.5	77;74063;75970;+;24.4		pfam	pfam_only	A	7/7	canonical	1	1	unscoreable	8	0	0														not_admitted	not_admitted	not_admitted	not_admitted	not_admitted	not_admitted	not_admitted
CP099153.1	MPF_F	IncFIC(FII);IncR	155	0	0	GA	0															not_admitted	not_admitted	not_admitted	not_admitted	not_admitted	not_admitted	not_admitted	not_admitted	not_admitted	not_admitted	1	136;123850;124842;+;369.3	144;129538;130911;+;380.7	140;127574;128317;+;232.7	133;120214;122841;+;303.5	145;130908;133730;+;380.3	129;116875;118302;+;94.3	133;120214;122841;+;100.3	127;115594;116160;+;184.5	137;124851;125489;+;68.3	138;125486;127294;+;267.0	148;135264;137453;+;391.8	132;119183;119698;+;78.0	148;135264;137453;+;70.4	A	9/9	contiguous	19670	1	1	133751..134248+;165;TraS;0
CP099154.1	MPF_F	IncFIB(AP001918);IncFII	109	0	0	GA	0															not_admitted	not_admitted	not_admitted	not_admitted	not_admitted	not_admitted	not_admitted	not_admitted	not_admitted	not_admitted	1	53;70965;71957;-;368.3	42;63911;65284;-;375.8	49;67493;68236;-;233.1	56;72966;75593;-;304.9	41;61092;63914;-;386.6	63;77648;79075;-;91.8	56;72966;75593;-;98.5	65;79790;80356;-;184.5	52;70318;70956;-;68.6	51;68513;70321;-;267.7	38;57374;59563;-;385.9	59;76109;76624;-;78.5	38;57374;59563;-;68.7	A	9/9	contiguous	22416	1	1	60579..61070-;163;TraS;0
CP099170.1	MPF_F	IncFII(pCoo)	67	0	0	GA	0															not_admitted	not_admitted	not_admitted	not_admitted	not_admitted	not_admitted	not_admitted	not_admitted	not_admitted	not_admitted	1	44;33678;34670;+;369.3	54;40003;41376;+;381.0	48;37398;38141;+;232.1	41;30039;32669;+;301.5	55;41373;44198;+;389.2	34;26226;27653;+;94.1	41;30039;32669;+;100.2	32;24945;25511;+;183.8	45;34679;35317;+;68.7	46;35314;37122;+;268.3	58;45700;47880;+;391.8	38;28775;29290;+;78.9	58;45700;47880;+;70.4	A	9/9	contiguous	20755	1	1	44195..44704+;169;unnamed;0
CP099175.1	MPF_F	IncFII(pCoo)	67	0	0	GA	0															not_admitted	not_admitted	not_admitted	not_admitted	not_admitted	not_admitted	not_admitted	not_admitted	not_admitted	not_admitted	1	44;33678;34670;+;369.3	54;40003;41376;+;381.0	48;37398;38141;+;232.1	41;30039;32669;+;301.5	55;41373;44198;+;389.2	34;26226;27653;+;94.1	41;30039;32669;+;100.2	32;24945;25511;+;183.8	45;34679;35317;+;68.7	46;35314;37122;+;268.3	58;45700;47880;+;391.8	38;28775;29290;+;78.9	58;45700;47880;+;70.4	A	9/9	contiguous	20755	1	1	44195..44704+;169;unnamed;0
CP099183.1	MPF_F	IncFIB(AP001918);IncFII(pHN7A8)	90	0	0	GA	0															not_admitted	not_admitted	not_admitted	not_admitted	not_admitted	not_admitted	not_admitted	not_admitted	not_admitted	not_admitted	1	67;59279;60277;+;346.7	77;67011;68447;+;340.5	72;64378;65163;+;217.8	63;55407;58046;+;252.7	78;68447;71335;+;314.2	61;53552;54886;+;97.0	63;55407;58046;+;117.2	59;52227;52805;+;126.2	70;61840;62445;+;57.1	71;62442;64376;+;243.4	83;74176;76362;+;370.6	62;54898;55410;+;60.8	83;74176;76362;+;61.8	A	9/9	contiguous	21949	1	1	71349..71996+;215;unnamed;1
CP099185.1	MPF_T	IncX1	48	0	0	GA	1	46;34882;35529;-;45.2	45;34608;34904;-;77.5	44;31836;34589;-;46.6	44;31836;34589;-;148.1	44;31836;34589;-;74.4	43;31067;31825;-;67.3	41;29696;30829;-;106.4		40;28737;29450;-;119.7	39;27803;28732;-;136.2	38;26601;27806;-;132.5	37;25568;26599;-;76.5	36;23730;25565;-;489.3		pfam	pfam_only	A	7/7	canonical	1	1	unscoreable	1	0	0														not_admitted	not_admitted	not_admitted	not_admitted	not_admitted	not_admitted	not_admitted
CP099187.1	MPF_F	IncFIA;IncFIB(AP001918);IncFII(pSE11)	90	0	0	GA	0															not_admitted	not_admitted	not_admitted	not_admitted	not_admitted	not_admitted	not_admitted	not_admitted	not_admitted	not_admitted	1	37;48264;49256;-;369.3	26;41205;42581;-;380.3	33;44792;45535;-;235.0	40;50265;52892;-;305.4	25;38392;41208;-;387.9	47;54947;56374;-;94.3	40;50265;52892;-;98.5	49;57089;57655;-;182.9	36;47617;48255;-;68.4	35;45812;47620;-;268.4	21;33318;35507;-;391.5	43;53408;53923;-;78.4	21;33318;35507;-;69.2	A	9/9	contiguous	23771	1	1	37838..38359-;173;unnamed;0
CP099189.1	MPF_F	IncFIA;IncFIB(AP001918);IncFII(pSE11)	90	0	0	GA	0															not_admitted	not_admitted	not_admitted	not_admitted	not_admitted	not_admitted	not_admitted	not_admitted	not_admitted	not_admitted	1	37;48264;49256;-;369.3	26;41205;42581;-;380.3	33;44792;45535;-;235.0	40;50265;52892;-;305.4	25;38392;41208;-;387.9	47;54947;56374;-;94.3	40;50265;52892;-;98.5	49;57089;57655;-;182.9	36;47617;48255;-;68.4	35;45812;47620;-;268.4	21;33318;35507;-;391.5	43;53408;53923;-;78.4	21;33318;35507;-;69.2	A	9/9	contiguous	23771	1	1	37838..38359-;173;unnamed;0
CP099191.1	MPF_F	IncFIB(AP001918);IncFII(pCoo)	100	0	0	GA	0															not_admitted	not_admitted	not_admitted	not_admitted	not_admitted	not_admitted	not_admitted	not_admitted	not_admitted	not_admitted	1	52;61410;62402;-;369.3	41;54352;55725;-;380.9	48;57938;58681;-;235.0	55;63411;66038;-;305.4	40;51539;54355;-;387.9	62;68197;69624;-;94.3	55;63411;66038;-;98.5	64;70339;70905;-;183.8	51;60763;61401;-;68.4	50;58958;60766;-;268.3	37;47823;49976;-;391.1	58;66554;67069;-;78.4	37;47823;49976;-;69.2	A	9/9	contiguous	22516	1	1	50985..51506-;173;unnamed;0
CP099193.1	MPF_F	IncHI2;IncHI2A	233	0	0	GA	0															not_admitted	not_admitted	not_admitted	not_admitted	not_admitted	not_admitted	not_admitted	not_admitted	not_admitted	not_admitted	1	27;31965;33023;+;276.9	149;144924;146339;-;195.9	150;146329;147375;-;174.3	11;8955;11636;+;168.0	148;140962;144915;-;101.6	7;5270;6625;+;80.7	11;8955;11636;+;72.2	4;2758;3546;+;74.8	25;30312;31823;+;62.0	28;33042;36230;+;57.3	157;154418;156502;+;56.8	10;7996;8946;+;46.1	157;154418;156502;+;38.8	A	9/9	split_3	151660	1	1	139492..140781-;429;unnamed;0
CP099194.1	MPF_F	IncFIA;IncFIB(AP001918);IncFIC(FII)	119	0	0	GA	0															not_admitted	not_admitted	not_admitted	not_admitted	not_admitted	not_admitted	not_admitted	not_admitted	not_admitted	not_admitted	1	52;54772;55764;-;366.3	41;47753;49126;-;380.9	48;51300;52043;-;235.0	55;56773;59400;-;305.4	40;44934;47756;-;387.0	62;61455;62882;-;94.3	55;56773;59400;-;98.5	64;63597;64163;-;183.8	51;54125;54763;-;68.4	50;52320;54128;-;268.3	37;41253;43406;-;391.4	58;59916;60431;-;77.3	37;41253;43406;-;69.2	A	9/9	contiguous	22344	1	1	44421..44912-;163;TraS;0
CP099198.1	MPF_F	IncFIA;IncFIB(AP001918);IncFII(29)	111	0	0	GA	0															not_admitted	not_admitted	not_admitted	not_admitted	not_admitted	not_admitted	not_admitted	not_admitted	not_admitted	not_admitted	1	48;51425;52417;-;367.3	37;44367;45740;-;378.0	44;47953;48696;-;235.0	51;53426;56053;-;306.8	36;41548;44370;-;388.4	58;58108;59535;-;94.3	51;53426;56053;-;98.5	60;60250;60816;-;183.8	47;50778;51416;-;67.3	46;48973;50781;-;268.4	33;37867;40020;-;391.8	54;56569;57084;-;77.3	33;37867;40020;-;70.4	A	9/9	contiguous	22383	1	1	41035..41526-;163;TraS;0
CP099199.1	MPF_T	IncX1	62	0	0	GA	1	48;36958;37605;-;44.8	47;36684;36980;-;77.5	46;33912;36665;-;46.6	46;33912;36665;-;148.0	46;33912;36665;-;75.0	45;33143;33901;-;68.5	43;31716;32846;-;103.0		42;30758;31471;-;120.0	41;29824;30753;-;136.3	40;28622;29827;-;132.5	39;27589;28620;-;76.4	38;25751;27586;-;488.5		pfam	pfam_only	A	7/7	canonical	1	1	unscoreable	1	0	0														not_admitted	not_admitted	not_admitted	not_admitted	not_admitted	not_admitted	not_admitted
CP099202.1	MPF_F	IncFIA(HI1);IncHI1A;IncHI1B(R27);IncQ1	241	0	0	GA	0															not_admitted	not_admitted	not_admitted	not_admitted	not_admitted	not_admitted	not_admitted	not_admitted	not_admitted	not_admitted	1	15;14855;15907;+;277.6	153;142074;143489;-;201.7	154;143479;144525;-;171.3	240;214064;216745;+;160.9	152;138076;142065;-;103.1	236;210358;211716;+;84.0	240;214064;216745;+;76.5	233;207906;208691;+;68.7	13;13202;14710;+;65.6	16;15930;19106;+;58.9	160;151460;153544;+;50.2	239;213105;214055;+;45.2	160;151460;153544;+;36.5	A	9/9	split_3	200862	0	1	
CP099204.1	MPF_F	IncFIA(HI1);IncHI1A;IncHI1B(R27);IncQ1	241	0	0	GA	0															not_admitted	not_admitted	not_admitted	not_admitted	not_admitted	not_admitted	not_admitted	not_admitted	not_admitted	not_admitted	1	15;14855;15907;+;277.6	153;142074;143489;-;201.7	154;143479;144525;-;171.3	240;214064;216745;+;160.9	152;138076;142065;-;103.1	236;210358;211716;+;84.0	240;214064;216745;+;76.5	233;207906;208691;+;68.7	13;13202;14710;+;65.6	16;15930;19106;+;58.9	160;151460;153544;+;50.2	239;213105;214055;+;45.2	160;151460;153544;+;36.5	A	9/9	split_3	200862	0	1	
CP099206.1	MPF_F	IncFIA;IncFIB(pB171);IncFIC(FII)	101	0	0	GA	0															not_admitted	not_admitted	not_admitted	not_admitted	not_admitted	not_admitted	not_admitted	not_admitted	not_admitted	not_admitted	1	56;57110;58102;-;367.3	44;49385;50761;-;378.0	49;52325;53068;-;235.3	59;59111;61333;-;224.7	43;46566;49388;-;388.9		59;59111;61333;-;99.3	64;64892;65281;-;113.8	55;56463;57101;-;68.4	51;53345;54190;-;264.7	40;42857;45037;-;389.3		40;42857;45037;-;70.3	B	8/9	contiguous	22035	1	1	46053..46544-;163;TraS;0
CP099210.1	MPF_F	IncFIA(HI1);IncFII(pCoo)	148	0	0	GA	0															not_admitted	not_admitted	not_admitted	not_admitted	not_admitted	not_admitted	not_admitted	not_admitted	not_admitted	not_admitted	1	121;106790;107788;+;349.0	130;113993;115399;+;338.3	126;111888;112673;+;218.1	117;102918;105557;+;252.9	131;115399;118254;+;313.1	115;101063;102397;+;97.2	117;102918;105557;+;117.8	113;99738;100316;+;125.9	124;109350;109955;+;59.2	125;109952;111886;+;246.4	137;121329;123515;+;370.5	116;102409;102921;+;58.8	137;121329;123515;+;61.7	A	9/9	contiguous	21591	1	1	118269..119156+;295;unnamed;0
CP099211.1	MPF_F	IncFIB(AP001918);IncFII(pHN7A8)	131	0	0	GA	0															not_admitted	not_admitted	not_admitted	not_admitted	not_admitted	not_admitted	not_admitted	not_admitted	not_admitted	not_admitted	1	75;81908;82894;-;354.9	69;76308;77669;-;338.5	71;78301;79080;-;195.8	78;83957;86548;-;215.5	68;73415;76306;-;288.6	80;87601;88965;-;84.5	78;83957;86548;-;88.4	82;89682;90245;-;135.8	73;80915;81532;-;83.4	72;79077;80918;-;254.8	65;69561;71792;-;371.9		65;69561;71792;-;68.8	B	8/9	contiguous	20121	1	1	72848..73405-;185;unnamed;0
CP099212.1	MPF_F	IncFII(pCoo)	94	0	0	GA	0															not_admitted	not_admitted	not_admitted	not_admitted	not_admitted	not_admitted	not_admitted	not_admitted	not_admitted	not_admitted	1	73;64777;65763;+;357.6	79;69996;71357;+;343.5	77;68585;69364;+;195.3	70;61093;63684;+;217.2	80;71359;74244;+;288.5	65;58141;59505;+;83.0	70;61093;63684;+;88.4	63;56861;57424;+;136.5	75;66139;66753;+;82.6	76;66750;68588;+;260.1	83;75872;78103;+;371.9	69;60414;61082;+;48.6	83;75872;78103;+;68.8	A	9/9	contiguous	19011	1	1	74256..74816+;186;unnamed;0
CP099214.1	MPF_F	IncFIA(HI1);IncFII(pCoo)	146	0	0	GA	0															not_admitted	not_admitted	not_admitted	not_admitted	not_admitted	not_admitted	not_admitted	not_admitted	not_admitted	not_admitted	1	119;106784;107782;+;349.0	128;113987;115393;+;338.3	124;111882;112667;+;218.1	115;102912;105551;+;252.9	129;115393;118248;+;313.1	113;101057;102391;+;97.2	115;102912;105551;+;117.8	111;99732;100310;+;125.9	122;109344;109949;+;59.2	123;109946;111880;+;246.4	135;121323;123509;+;370.5	114;102403;102915;+;58.8	135;121323;123509;+;61.7	A	9/9	contiguous	21591	1	1	118263..119150+;295;unnamed;0
CP099215.1	MPF_F	IncFIB(AP001918);IncFII(pHN7A8)	131	0	0	GA	0															not_admitted	not_admitted	not_admitted	not_admitted	not_admitted	not_admitted	not_admitted	not_admitted	not_admitted	not_admitted	1	75;81908;82894;-;354.9	69;76308;77669;-;338.5	71;78301;79080;-;195.8	78;83957;86548;-;215.5	68;73415;76306;-;288.6	80;87601;88965;-;84.5	78;83957;86548;-;88.4	82;89682;90245;-;135.8	73;80915;81532;-;83.4	72;79077;80918;-;254.8	65;69561;71792;-;371.9		65;69561;71792;-;68.8	B	8/9	contiguous	20121	1	1	72848..73405-;185;unnamed;0
CP099216.1	MPF_F	IncFII(pCoo)	94	0	0	GA	0															not_admitted	not_admitted	not_admitted	not_admitted	not_admitted	not_admitted	not_admitted	not_admitted	not_admitted	not_admitted	1	73;64777;65763;+;357.6	79;69996;71357;+;343.5	77;68585;69364;+;195.3	70;61093;63684;+;217.2	80;71359;74244;+;288.5	65;58141;59505;+;83.0	70;61093;63684;+;88.4	63;56861;57424;+;136.5	75;66139;66753;+;82.6	76;66750;68588;+;260.1	83;75872;78103;+;371.9	69;60414;61082;+;48.6	83;75872;78103;+;68.8	A	9/9	contiguous	19011	1	1	74256..74816+;186;unnamed;0
CP099226.1	MPF_F	IncFIB(AP001918);IncFII	142	0	0	GA	0															not_admitted	not_admitted	not_admitted	not_admitted	not_admitted	not_admitted	not_admitted	not_admitted	not_admitted	not_admitted	1	92;91674;92666;-;367.3	81;84615;85991;-;374.3	88;88202;88945;-;234.1	95;93675;96302;-;305.3	80;81802;84618;-;387.9	102;98357;99784;-;94.4	95;93675;96302;-;99.7	104;100499;101065;-;183.8	91;91027;91665;-;67.3	90;89222;91030;-;268.3	77;78086;80239;-;391.1	98;96818;97333;-;77.3	77;78086;80239;-;69.2	A	9/9	contiguous	22413	1	1	81248..81769-;173;unnamed;0
CP099232.1	MPF_F	IncFIB(AP001918);IncFII	142	0	0	GA	0															not_admitted	not_admitted	not_admitted	not_admitted	not_admitted	not_admitted	not_admitted	not_admitted	not_admitted	not_admitted	1	92;91674;92666;-;367.3	81;84615;85991;-;374.3	88;88202;88945;-;234.1	95;93675;96302;-;305.3	80;81802;84618;-;387.9	102;98357;99784;-;94.4	95;93675;96302;-;99.7	104;100499;101065;-;183.8	91;91027;91665;-;67.3	90;89222;91030;-;268.3	77;78086;80239;-;391.1	98;96818;97333;-;77.3	77;78086;80239;-;69.2	A	9/9	contiguous	22413	1	1	81248..81769-;173;unnamed;0
CP099238.1	MPF_F	IncFIB(AP001918);IncFII	142	0	0	GA	0															not_admitted	not_admitted	not_admitted	not_admitted	not_admitted	not_admitted	not_admitted	not_admitted	not_admitted	not_admitted	1	92;91674;92666;-;367.3	81;84615;85991;-;374.3	88;88202;88945;-;234.1	95;93675;96302;-;305.3	80;81802;84618;-;387.9	102;98357;99784;-;94.4	95;93675;96302;-;99.7	104;100499;101065;-;183.8	91;91027;91665;-;67.3	90;89222;91030;-;268.3	77;78086;80239;-;391.1	98;96818;97333;-;77.3	77;78086;80239;-;69.2	A	9/9	contiguous	22413	1	1	81248..81769-;173;unnamed;0
CP099244.1	MPF_F	IncFIB(AP001918);IncFII;IncQ1	167	0	0	GA	0															not_admitted	not_admitted	not_admitted	not_admitted	not_admitted	not_admitted	not_admitted	not_admitted	not_admitted	not_admitted	1	107;108776;109768;-;369.3	98;102341;103714;-;381.0	103;105304;106047;-;231.6	110;110777;113404;-;306.4	97;99519;102344;-;386.0	116;115459;116886;-;94.3	110;110777;113404;-;98.5	118;117601;118167;-;183.3	106;108129;108767;-;68.7	105;106324;108132;-;267.9	94;95862;98015;-;390.8	112;113920;114435;-;77.3	94;95862;98015;-;70.4	A	9/9	contiguous	21739	1	1	99013..99522-;169;unnamed;0
CP099247.1	MPF_F	IncFIB(AP001918);IncFII;IncQ1	167	0	0	GA	0															not_admitted	not_admitted	not_admitted	not_admitted	not_admitted	not_admitted	not_admitted	not_admitted	not_admitted	not_admitted	1	107;108776;109768;-;369.3	98;102341;103714;-;381.0	103;105304;106047;-;231.6	110;110777;113404;-;306.4	97;99519;102344;-;386.0	116;115459;116886;-;94.3	110;110777;113404;-;98.5	118;117601;118167;-;183.3	106;108129;108767;-;68.7	105;106324;108132;-;267.9	94;95862;98015;-;390.8	112;113920;114435;-;77.3	94;95862;98015;-;70.4	A	9/9	contiguous	21739	1	1	99013..99522-;169;unnamed;0
CP099250.1	MPF_F	IncFIB(AP001918);IncFII;IncQ1	167	0	0	GA	0															not_admitted	not_admitted	not_admitted	not_admitted	not_admitted	not_admitted	not_admitted	not_admitted	not_admitted	not_admitted	1	107;108776;109768;-;369.3	98;102341;103714;-;381.0	103;105304;106047;-;231.6	110;110777;113404;-;306.4	97;99519;102344;-;386.0	116;115459;116886;-;94.3	110;110777;113404;-;98.5	118;117601;118167;-;183.3	106;108129;108767;-;68.7	105;106324;108132;-;267.9	94;95862;98015;-;390.8	112;113920;114435;-;77.3	94;95862;98015;-;70.4	A	9/9	contiguous	21739	1	1	99013..99522-;169;unnamed;0
CP099256.1	MPF_F	IncFIA;IncFIB(AP001918);IncFII(29)	112	0	0	GA	0															not_admitted	not_admitted	not_admitted	not_admitted	not_admitted	not_admitted	not_admitted	not_admitted	not_admitted	not_admitted	1	50;53312;54304;-;369.3	39;46254;47627;-;378.0	46;49840;50583;-;235.0	53;55313;57940;-;305.4	38;43435;46257;-;388.4	60;60099;61526;-;94.3	53;55313;57940;-;98.5	62;62241;62807;-;183.8	49;52665;53303;-;68.3	48;50860;52668;-;268.4	35;39754;41907;-;391.8	56;58456;58971;-;78.4	35;39754;41907;-;70.4	A	9/9	contiguous	22487	1	1	42922..43413-;163;TraS;0
CP099259.1	MPF_F	IncFIA;IncFIB(AP001918);IncFII(29)	116	0	0	GA	0															not_admitted	not_admitted	not_admitted	not_admitted	not_admitted	not_admitted	not_admitted	not_admitted	not_admitted	not_admitted	1	50;53695;54687;-;369.3	39;46637;48010;-;378.0	46;50223;50966;-;235.0	53;55696;58323;-;305.4	38;43818;46640;-;388.4	60;60482;61909;-;94.3	53;55696;58323;-;98.5	62;62624;63190;-;183.8	49;53048;53686;-;68.4	48;51243;53051;-;268.4	35;40137;42290;-;391.8	56;58839;59354;-;78.4	35;40137;42290;-;70.4	A	9/9	contiguous	22487	1	1	43305..43796-;163;TraS;0
CP099268.1	MPF_F	IncFIA;IncFIB(AP001918);IncFII(pCoo)	85	0	0	GA	0															not_admitted	not_admitted	not_admitted	not_admitted	not_admitted	not_admitted	not_admitted	not_admitted	not_admitted	not_admitted	1	38;47850;48842;-;367.8	27;40831;42204;-;380.9	34;44378;45121;-;235.0	41;49851;52478;-;301.8	26;38009;40834;-;384.0	47;54533;55960;-;94.2	41;49851;52478;-;98.5	49;56675;57241;-;183.4	37;47203;47841;-;68.4	36;45398;47206;-;268.3	23;34353;36506;-;391.5	43;52994;53509;-;78.4	23;34353;36506;-;69.2	A	9/9	contiguous	22322	1	1	37503..38012-;169;unnamed;0
CP099271.1	MPF_F	IncFIA;IncFIB(AP001918);IncFII(29)	112	0	0	GA	0															not_admitted	not_admitted	not_admitted	not_admitted	not_admitted	not_admitted	not_admitted	not_admitted	not_admitted	not_admitted	1	50;53312;54304;-;369.3	39;46254;47627;-;378.0	46;49840;50583;-;235.0	53;55313;57940;-;305.4	38;43435;46257;-;388.4	60;60099;61526;-;94.3	53;55313;57940;-;98.5	62;62241;62807;-;183.8	49;52665;53303;-;68.3	48;50860;52668;-;268.4	35;39754;41907;-;391.8	56;58456;58971;-;78.4	35;39754;41907;-;70.4	A	9/9	contiguous	22487	1	1	42922..43413-;163;TraS;0
CP099273.1	MPF_T	IncX4	47	0	0	GA	1	42;30286;30906;-;46.9	41;29946;30272;-;64.4	40;27180;29927;-;62.7	40;27180;29927;-;150.8	40;27180;29927;-;45.4	39;26452;27168;-;96.1	38;25362;26441;-;157.5		36;24161;24847;-;169.0	35;23256;24164;-;142.4	34;22145;23263;-;164.1	33;21115;22143;-;85.0	32;19266;21083;-;317.3		pfam	pfam_only	A	7/7	canonical	1	1	unscoreable	1	0	0														not_admitted	not_admitted	not_admitted	not_admitted	not_admitted	not_admitted	not_admitted
CP099295.1	MPF_F	IncHI2;IncHI2A	307	0	0	GA	0															not_admitted	not_admitted	not_admitted	not_admitted	not_admitted	not_admitted	not_admitted	not_admitted	not_admitted	not_admitted	1	29;31810;32868;+;276.9	211;200060;201475;-;194.1	212;201465;202511;-;174.3	13;10304;12985;+;168.0	210;196098;200051;-;101.6	9;6619;7974;+;80.7	13;10304;12985;+;72.2	6;4107;4895;+;74.8	27;30157;31668;+;62.0	30;32887;36075;+;57.3	219;209553;211637;+;56.8	12;9345;10295;+;46.1	219;209553;211637;+;38.8	A	9/9	split_2	205446	1	1	194628..195917-;429;unnamed;0
CP099476.1	-	-	154	0	0	GA	1	40;37415;38119;-;49.8	39;37122;37418;-;40.6	38;36766;37107;-;53.4	37;34356;36773;-;160.1	37;34356;36773;-;65.8	36;33631;34341;-;74.4	34;32221;33210;-;99.1		32;31204;32004;-;86.1	31;30167;31207;-;134.6	30;28995;30170;-;143.4	29;27788;28828;-;95.9	28;25842;27677;-;246.3		pfam	pfam_only	A	7/7	canonical	1	0	unscoreable	2	0	0														not_admitted	not_admitted	not_admitted	not_admitted	not_admitted	not_admitted	not_admitted
CP099527.1	MPF_F	-	104	0	0	GA	0															not_admitted	not_admitted	not_admitted	not_admitted	not_admitted	not_admitted	not_admitted	not_admitted	not_admitted	not_admitted	1	52;49676;50407;+;179.2	66;62925;64334;+;230.0	65;61902;62909;+;214.0	48;45197;47683;+;211.5	67;64354;67587;+;215.1	45;42481;43773;+;117.6	48;45197;47683;+;113.3	43;40830;41483;+;92.3	51;48534;49676;+;45.8	69;68059;70830;+;119.2	37;36437;38350;+;20.5	46;43790;44302;+;68.8	37;36437;38350;+;24.6	A	9/9	contiguous	31622	0	1	
CP099528.1	-	-	84	0	0	GA	0															not_admitted	not_admitted	not_admitted	not_admitted	not_admitted	not_admitted	not_admitted	not_admitted	not_admitted	not_admitted	1	79;73367;74362;-;361.1	69;66097;67488;-;329.8	76;70021;70809;-;206.4	82;75403;78096;-;251.9	68;63221;66091;-;306.1	6;2482;3852;-;93.4	82;75403;78096;-;123.7	8;4596;5168;-;117.7	78;72731;73351;-;69.2	77;70806;72734;-;239.9	65;59484;61706;-;386.2	83;78093;78605;-;53.8	65;59484;61706;-;77.6	A	9/9	split_2	75611	1	1	62783..63208-;141;unnamed;0
CP099618.1	MPF_T	-	130	0	0	GA	1	97;95256;95873;-;33.8	95;93586;93909;-;65.4	94;93252;93593;-;84.4	93;90893;93259;-;142.8	93;90893;93259;-;100.2	92;90166;90891;-;160.7	90;88781;89845;-;103.7		88;87666;88343;-;176.9	87;86657;87664;-;193.5	86;85345;86655;-;175.0	85;84318;85340;-;94.6	84;82389;84305;-;302.0		pfam	both	A	7/7	canonical	1	0	unscoreable	3	0	0														not_admitted	not_admitted	not_admitted	not_admitted	not_admitted	not_admitted	not_admitted
CP099709.1	MPF_T	IncX5	67	0	0	GA	1	0;138;791;+;47.4	1;772;1065;+;72.1	2;1085;3844;+;42.2	2;1085;3844;+;128.8	2;1085;3844;+;70.5	3;3852;4586;+;57.9	5;4861;5916;+;132.4		6;6190;6918;+;117.7	7;6924;7853;+;136.5	8;7850;9058;+;129.8	9;9070;10113;+;66.3	10;10116;11951;+;501.0		pfam	pfam_only	A	7/7	canonical	1	1	unscoreable	1	0	0														not_admitted	not_admitted	not_admitted	not_admitted	not_admitted	not_admitted	not_admitted
CP099710.1	-	-	41	0	0	GA	1	37;35518;36186;-;44.1	36;35215;35508;-;73.6	35;32458;35205;-;63.4	35;32458;35205;-;138.1	35;32458;35205;-;58.9	34;31724;32446;-;120.0	32;30422;31423;-;161.0		30;29539;30222;-;172.2	29;28643;29539;-;141.7	28;27366;28646;-;161.7	27;26327;27355;-;81.0			pfam	pfam_only	B	6/7	canonical	1	1	unscoreable	2	0	0														not_admitted	not_admitted	not_admitted	not_admitted	not_admitted	not_admitted	not_admitted
CP099719.1	MPF_F	IncHI2;IncHI2A	375	0	0	GA	0															not_admitted	not_admitted	not_admitted	not_admitted	not_admitted	not_admitted	not_admitted	not_admitted	not_admitted	not_admitted	1	181;157641;158699;+;276.9	345;297372;298787;-;194.1	1;2299;3345;-;173.7	157;135396;137489;+;168.9	344;293413;297363;-;101.6	153;131714;133069;+;80.7	158;137489;138076;+;36.0	150;129503;129991;+;61.5	178;156283;157074;+;55.9	182;158718;161906;+;58.3	8;10381;12465;+;56.7	156;134437;135387;+;46.4	8;10381;12465;+;38.8	A	9/9	split_3	295073	0	1	
CP099720.1	MPF_F	IncFIB(pENTAS01);IncFII(pENTA)	214	0	0	GA	0															not_admitted	not_admitted	not_admitted	not_admitted	not_admitted	not_admitted	not_admitted	not_admitted	not_admitted	not_admitted	1	139;111070;111930;+;252.0	149;117327;118562;+;366.9	143;114556;115338;+;213.0	132;106046;108142;+;116.7	151;118690;120099;+;281.5	121;100888;101556;+;73.7	132;106046;108142;+;101.1	118;98818;99399;+;95.2	140;112078;112701;+;62.6	142;113807;114559;+;188.3	156;124165;126732;+;365.0	129;104732;105286;+;46.0	156;124165;126732;+;76.5	A	9/9	contiguous	25347	1	1	120104..121978+;624;unnamed;0
CP099785.1	MPF_F	-	108	0	0	GA	0															not_admitted	not_admitted	not_admitted	not_admitted	not_admitted	not_admitted	not_admitted	not_admitted	not_admitted	not_admitted	1	42;29838;30881;+;369.2	48;34861;35517;+;219.6	46;33651;34463;+;219.1	38;25549;28275;+;164.6	50;36305;39307;+;208.7	34;23121;23867;+;105.4	38;25549;28275;+;108.4	31;21259;21837;+;82.6	44;31032;31604;+;108.1	45;31601;33658;+;92.2	11;6452;8611;+;381.4	37;24895;25539;+;41.9	11;6452;8611;+;89.7	A	9/9	contiguous	29853	1	1	39379..39897+;172;unnamed;0
CP099787.1	MPF_F	-	106	0	0	GA	0															not_admitted	not_admitted	not_admitted	not_admitted	not_admitted	not_admitted	not_admitted	not_admitted	not_admitted	not_admitted	1	74;49474;50517;-;369.2	67;44065;45492;-;325.8	70;46026;46703;-;175.3	78;52079;54805;-;164.6	65;41046;43535;-;112.3	82;56536;57579;-;104.5	78;52079;54805;-;108.4	85;58518;59096;-;82.6	73;48752;49459;-;107.6	71;46696;48486;-;93.7	104;69658;71817;-;381.4	79;54815;55459;-;41.9	104;69658;71817;-;89.7	A	9/9	contiguous	28612	1	1	40540..40974-;144;unnamed;0
CP099791.1	MPF_F	-	111	0	0	GA	0															not_admitted	not_admitted	not_admitted	not_admitted	not_admitted	not_admitted	not_admitted	not_admitted	not_admitted	not_admitted	1	34;20089;21039;+;324.3	41;26300;27727;+;325.8	39;25090;25902;+;219.1	30;16467;18527;+;115.1	42;27743;30745;+;208.7	25;12970;14118;+;103.2	30;16467;18527;+;109.3	22;11510;12088;+;82.0	37;22336;23043;+;107.6	38;23040;25097;+;92.2	0;21;944;+;139.3	28;15146;15790;+;41.9	0;21;944;+;91.9	A	9/9	contiguous	27722	1	1	30817..31335+;172;unnamed;0
CP100007.1	MPF_T	IncX1	59	0	0	GA	1	18;16441;17085;-;47.1	17;16167;16457;-;73.5	16;13384;16143;-;44.8	16;13384;16143;-;133.3	16;13384;16143;-;71.9	15;12645;13382;-;57.5	13;11308;12363;-;131.7		12;10396;11118;-;116.0	11;9461;10390;-;133.3	10;8250;9464;-;128.6	9;7195;8232;-;66.4	8;5355;7190;-;543.4		pfam	pfam_only	A	7/7	canonical	1	1	unscoreable	1	0	0														not_admitted	not_admitted	not_admitted	not_admitted	not_admitted	not_admitted	not_admitted
CP100008.1	MPF_T	IncFII(pEH01)	41	0	0	GA	1	36;24881;25585;-;47.3	35;24581;24877;-;67.8	34;21824;24568;-;49.1	34;21824;24568;-;152.2	34;21824;24568;-;48.4	33;21102;21809;-;139.6	31;19786;20856;-;158.5		29;18917;19600;-;190.5	28;18012;18917;-;154.1	27;16705;17970;-;155.2	25;15516;16541;-;67.4	19;11704;13431;-;47.5		pfam	both	A	7/7	canonical	1	1	unscoreable	8	0	0														not_admitted	not_admitted	not_admitted	not_admitted	not_admitted	not_admitted	not_admitted
CP100014.1	MPF_F	IncHI2	245	0	0	GA	0															not_admitted	not_admitted	not_admitted	not_admitted	not_admitted	not_admitted	not_admitted	not_admitted	not_admitted	not_admitted	1	20;25536;26594;+;276.9			4;3283;5964;+;168.3		0;117;953;+;83.0	4;3283;5964;+;72.2		18;23883;25394;+;62.0	21;26613;29801;+;57.3		3;2324;3274;+;46.1		D	5/9	split_2	26496	0	1	
CP100017.1	MPF_T	IncI2	78	0	0	GA	1	44;37245;37727;-;81.1		59;53323;53607;-;36.6	58;50960;53317;-;58.5	58;50960;53317;-;42.8		74;60907;61902;-;128.5		56;50060;50794;-;146.1	55;49293;50063;-;170.5	54;48164;49303;-;154.7	47;39495;41033;-;207.1	52;45116;47074;-;289.6		none	none	A	7/7	rearranged	0	0	unscoreable	20	1	0														not_admitted	not_admitted	not_admitted	not_admitted	not_admitted	not_admitted	not_admitted
CP100026.1	MPF_F	IncHI2;IncHI2A	250	0	0	GA	0															not_admitted	not_admitted	not_admitted	not_admitted	not_admitted	not_admitted	not_admitted	not_admitted	not_admitted	not_admitted	1	27;31208;32266;+;276.9			11;8955;11636;+;168.0		7;5270;6625;+;80.7	11;8955;11636;+;72.2	4;2758;3546;+;74.8	25;29555;31066;+;61.9	28;32285;35473;+;57.3		10;7996;8946;+;46.1		C	6/9	split_2	29527	0	1	
CP100029.1	MPF_F	IncFII	121	0	0	GA	0															not_admitted	not_admitted	not_admitted	not_admitted	not_admitted	not_admitted	not_admitted	not_admitted	not_admitted	not_admitted	1	63;64207;65199;-;369.5	50;54343;55716;-;381.7	55;57646;58389;-;234.4	66;66208;68838;-;304.1	49;51524;54346;-;374.0	74;71837;73288;-;92.7	66;66208;68838;-;97.1	76;74003;74569;-;174.3	58;60513;61151;-;68.6	57;58666;60516;-;266.1	45;46919;49252;-;391.0	71;70462;70977;-;78.4	45;46919;49252;-;70.2	A	9/9	contiguous	27084	1	1	51023..51502-;159;TraS;0
CP100030.1	MPF_F	IncFII	67	0	0	GA	0															not_admitted	not_admitted	not_admitted	not_admitted	not_admitted	not_admitted	not_admitted	not_admitted	not_admitted	not_admitted	1	45;39078;40076;+;348.1	52;44866;46272;+;341.1	48;42769;43554;+;212.5	41;35205;37844;+;256.4	53;46272;49181;+;313.4	39;33332;34672;+;96.6	41;35205;37844;+;118.2	37;32007;32585;+;126.2	46;40306;40911;+;61.8	47;40908;42767;+;247.1	60;52754;54940;+;375.5	40;34675;35208;+;56.3	60;52754;54940;+;60.1	A	9/9	contiguous	20747	1	1	49196..49843+;215;unnamed;1
CP100031.1	MPF_T	IncI2	85	0	0	GA	1	45;34346;34828;-;81.1		60;50482;50766;-;36.6	59;48119;50476;-;58.5	59;48119;50476;-;44.9	72;56917;57561;-;41.0	73;57567;58562;-;123.7		57;47219;47953;-;144.3	56;46452;47222;-;170.5	55;45323;46462;-;154.7	48;36596;38134;-;207.1	53;42211;44169;-;288.2		pfam	pfam_only	A	7/7	rearranged	1	0	unscoreable	17	0	0														not_admitted	not_admitted	not_admitted	not_admitted	not_admitted	not_admitted	not_admitted
CP100046.1	MPF_F	IncFIA(HI1);IncHI1A;IncHI1B(R27)	195	0	0	GA	0															not_admitted	not_admitted	not_admitted	not_admitted	not_admitted	not_admitted	not_admitted	not_admitted	not_admitted	not_admitted	1	76;67868;68920;+;277.6	160;138976;140391;-;203.0	161;140381;141427;-;171.3	57;45835;48516;+;160.6	159;136904;138967;-;109.0	52;42130;43488;+;84.0	57;45835;48516;+;76.5	49;39678;40463;+;68.7	74;66215;67723;+;65.6	77;68943;72119;+;58.9	168;148935;150446;+;51.6	56;44876;45826;+;45.2	168;148935;150446;+;37.1	A	9/9	split_3	109257	1	1	135117..136844-;575;unnamed;0
CP100063.1	MPF_F	IncHI2;IncHI2A	194	0	0	GA	0															not_admitted	not_admitted	not_admitted	not_admitted	not_admitted	not_admitted	not_admitted	not_admitted	not_admitted	not_admitted	1	30;33920;34978;+;275.1			14;11667;14348;+;168.0		10;7982;9337;+;80.7	14;11667;14348;+;72.2	4;2758;3546;+;74.8	28;32267;33778;+;62.0	31;34997;38185;+;57.3		13;10708;11658;+;46.1		C	6/9	split_2	32239	0	1	
CP100065.1	MPF_F	IncFII(29)	94	0	0	GA	0															not_admitted	not_admitted	not_admitted	not_admitted	not_admitted	not_admitted	not_admitted	not_admitted	not_admitted	not_admitted	1	67;52156;53148;+;369.3	78;59216;60589;+;376.8	73;56907;57650;+;235.0	64;48520;51147;+;303.8	79;60586;63411;+;389.2	59;45181;46608;+;94.3	64;48520;51147;+;98.9	57;43900;44466;+;183.8	70;54145;54783;+;67.5	71;54780;56630;+;265.1	83;65653;67887;+;391.7	62;47489;48004;+;76.9	83;65653;67887;+;70.3	A	9/9	contiguous	21753	1	1	63408..63917+;169;unnamed;0
CP100066.1	MPF_T	IncX4	88	0	0	GA	1	10;4678;5298;+;46.9	11;5312;5638;+;64.4	12;5657;8404;+;62.7	12;5657;8404;+;151.8	12;5657;8404;+;46.1	13;8416;9132;+;97.3	14;9143;10222;+;157.5		16;10737;11423;+;167.4	17;11420;12328;+;142.3	18;12321;13439;+;162.9	19;13441;14469;+;85.0	20;14501;16318;+;316.5		pfam	pfam_only	A	7/7	canonical	1	1	unscoreable	1	0	0														not_admitted	not_admitted	not_admitted	not_admitted	not_admitted	not_admitted	not_admitted
CP100649.1	MPF_F	IncFII(S);IncFII(pAR0022)	135	0	0	GA	0															not_admitted	not_admitted	not_admitted	not_admitted	not_admitted	not_admitted	not_admitted	not_admitted	not_admitted	not_admitted	1	93;73362;74354;+;366.4	128;104609;105154;+;198.3	125;102834;103577;+;228.9	89;69728;70528;+;160.5	130;105989;108811;+;388.6	82;65795;67216;+;90.5	90;70525;72375;+;97.2	80;64502;65068;+;189.2	95;74666;75304;+;71.8	97;75751;77568;+;259.7	90;70525;72375;+;22.9	85;68001;68516;+;89.0		A	9/9	split_2	41487	1	1	108833..109315+;160;TraS;0
CP101282.1	-	-	166	0	0	GA	1	99;65418;65909;+;76.5			155;96100;97578;-;79.6	155;96100;97578;-;55.9	39;22656;23351;-;108.3	37;21539;22219;-;102.5		35;20305;21123;-;77.7	34;19394;20308;-;116.9	146;89786;90934;-;136.7	92;58594;60540;-;115.9	48;31970;33604;-;47.2		pfam	both	A	7/7	canonical	1	0	unscoreable	25	0	0														not_admitted	not_admitted	not_admitted	not_admitted	not_admitted	not_admitted	not_admitted
CP101341.1	MPF_F	IncHI2;IncHI2A;IncN	212	0	0	GA	0															not_admitted	not_admitted	not_admitted	not_admitted	not_admitted	not_admitted	not_admitted	not_admitted	not_admitted	not_admitted	1	27;31208;32266;+;276.9			11;8955;11636;+;168.0		7;5270;6625;+;80.7	11;8955;11636;+;72.2	4;2758;3546;+;74.8	25;29555;31066;+;62.0	28;32285;35473;+;57.3		10;7996;8946;+;46.1		C	6/9	split_2	29527	0	1	
CP101349.1	MPF_F	IncHI2;IncHI2A;IncN;IncQ1	215	0	0	GA	0															not_admitted	not_admitted	not_admitted	not_admitted	not_admitted	not_admitted	not_admitted	not_admitted	not_admitted	not_admitted	1	27;31208;32266;+;276.9			11;8955;11636;+;168.0		7;5270;6625;+;80.7	11;8955;11636;+;72.2	4;2758;3546;+;74.8	25;29555;31066;+;62.0	28;32285;35473;+;57.3		10;7996;8946;+;46.1		C	6/9	split_2	29527	0	1	
CP101353.1	MPF_F	IncHI2;IncHI2A	291	0	0	GA	0															not_admitted	not_admitted	not_admitted	not_admitted	not_admitted	not_admitted	not_admitted	not_admitted	not_admitted	not_admitted	1	30;32544;33602;+;276.9	207;190563;191978;-;194.1	208;191968;193014;-;174.3	11;8955;11636;+;168.0	206;186601;190554;-;101.7	7;5270;6625;+;80.7	11;8955;11636;+;72.2	4;2758;3546;+;74.8	28;30891;32402;+;62.0	31;33621;36809;+;57.3	215;200056;202140;+;56.8	10;7996;8946;+;46.1	215;200056;202140;+;38.8	A	9/9	split_3	197298	1	1	185131..186420-;429;unnamed;0
CP101710.1	-	-	96	0	0	GA	1	56;44717;45442;-;57.1	77;58282;58698;+;60.7	78;58695;58982;+;51.9	79;58982;61573;+;74.0	79;58982;61573;+;102.8	80;61524;62345;+;36.6	83;63152;64603;+;31.4		84;64603;65265;+;162.8	85;65388;66290;+;183.0	88;67469;68002;+;200.1	76;57312;58280;+;137.2	58;45983;47884;-;338.0		conjscan	conjscan_only	A	7/7	canonical	1	0	unscoreable	22	0	0														not_admitted	not_admitted	not_admitted	not_admitted	not_admitted	not_admitted	not_admitted
CP101797.1	MPF_F	IncFIB(AP001918);IncFIC(FII)	141	0	0	GA	0															not_admitted	not_admitted	not_admitted	not_admitted	not_admitted	not_admitted	not_admitted	not_admitted	not_admitted	not_admitted	1	84;77778;78770;-;369.3	75;71343;72716;-;381.0	80;74306;75049;-;231.1	87;79779;82406;-;306.8	74;68521;71346;-;389.2	92;84317;85744;-;94.1	87;79779;82406;-;99.5	94;86459;87025;-;183.8	83;77131;77769;-;68.7	82;75326;77134;-;267.6	71;64856;67018;-;391.8	89;82921;83436;-;78.4	71;64856;67018;-;70.4	A	9/9	contiguous	21603	1	1	68015..68524-;169;unnamed;0
CP101799.1	MPF_T	IncX1	49	0	0	GA	1	18;16441;17085;-;47.1	17;16167;16457;-;73.5	16;13384;16143;-;44.8	16;13384;16143;-;133.3	16;13384;16143;-;71.9	15;12645;13382;-;57.5	13;11308;12363;-;131.7		12;10396;11118;-;116.0	11;9461;10390;-;133.3	10;8250;9464;-;128.6	9;7195;8232;-;66.4	8;5355;7190;-;543.4		pfam	pfam_only	A	7/7	canonical	1	1	unscoreable	1	0	0														not_admitted	not_admitted	not_admitted	not_admitted	not_admitted	not_admitted	not_admitted
CP101801.1	MPF_F	IncFIA(HI1);IncHI1A;IncHI1B(R27)	215	0	0	GA	0															not_admitted	not_admitted	not_admitted	not_admitted	not_admitted	not_admitted	not_admitted	not_admitted	not_admitted	not_admitted	1	15;14859;15911;+;277.6	118;108668;110083;-;201.7	119;110073;111119;-;171.3	213;184220;186901;+;160.6	117;104670;108659;-;103.1	209;180514;181872;+;84.0	213;184220;186901;+;76.5	206;178062;178847;+;68.7	13;13206;14714;+;65.6	16;15934;19110;+;58.9	125;118054;120138;+;50.2	212;183261;184211;+;45.2	125;118054;120138;+;36.5	A	9/9	split_3	171014	0	1	
CP101950.1	MPF_T	-	73	0	0	GA	1	5;2888;3472;+;44.9		7;3829;4149;+;35.7	8;4154;5086;+;49.9	8;4154;5086;+;45.1		72;47740;48735;+;132.2		11;6660;8162;+;146.3	11;6660;8162;+;171.4	12;8152;9291;+;155.4	13;9313;10368;+;96.9	14;10386;12344;+;285.5		none	none	A	7/7	canonical	0	0	unscoreable	3	0	0														not_admitted	not_admitted	not_admitted	not_admitted	not_admitted	not_admitted	not_admitted
CP101951.1	MPF_F	IncFII	94	0	0	GA	0															not_admitted	not_admitted	not_admitted	not_admitted	not_admitted	not_admitted	not_admitted	not_admitted	not_admitted	not_admitted	1	82;75814;76806;-;369.3	73;69403;70776;-;376.7	78;72342;73085;-;235.0	88;79555;81711;-;230.3	72;66587;69406;-;389.7	1;1266;3242;-;93.0	88;79555;81711;-;100.7	3;3410;3976;-;183.8	81;75167;75805;-;68.7	80;73362;75170;-;268.3	68;62074;64308;-;382.9		68;62074;64308;-;70.4	B	8/9	split_2	78289	1	1	66065..66562-;165;TraS;0
CP101952.1	MPF_F	IncFIB(AP001918);IncFIC(FII)	104	0	0	GA	0															not_admitted	not_admitted	not_admitted	not_admitted	not_admitted	not_admitted	not_admitted	not_admitted	not_admitted	not_admitted	1	51;39773;40765;+;369.3	62;45829;47202;+;380.2	57;43886;44239;+;130.9	48;36479;38764;+;230.7	64;47740;50022;+;210.2	40;32653;34080;+;94.7	48;36479;38764;+;99.1	38;31372;31938;+;183.4	52;40774;41412;+;68.7	54;41947;43218;+;269.5	67;51556;53754;+;391.5	45;35105;35620;+;76.7	67;51556;53754;+;69.2	A	9/9	contiguous	20184	1	1	50044..50523+;159;TraS;0
CP101955.1	MPF_F	IncFII	96	0	0	GA	0															not_admitted	not_admitted	not_admitted	not_admitted	not_admitted	not_admitted	not_admitted	not_admitted	not_admitted	not_admitted	1	78;62291;63283;+;369.3	87;68321;69694;+;376.7	82;66012;66755;+;235.0	72;57066;59711;+;303.7	88;69691;72510;+;389.7	64;52250;53677;+;94.1	72;57066;59711;+;100.3	62;50969;51535;+;183.8	79;63292;63930;+;68.7	80;63927;65735;+;268.3	92;74582;76825;+;391.4	67;54561;55076;+;73.0	92;74582;76825;+;69.1	A	9/9	contiguous	23613	1	1	72535..73020+;161;TraS;0
CP101957.1	-	-	53	0	0	GA	1	21;13857;14438;+;46.3		23;14875;15198;+;39.3	24;15200;16621;+;61.5	24;15200;16621;+;39.8	26;17861;18526;+;25.1	28;19295;20086;+;83.2		30;20280;21026;+;157.5	31;21023;21820;+;177.2	32;21810;23021;+;142.1	33;23021;24034;+;111.5	35;25452;26378;+;155.4		pfam	pfam_only	A	7/7	canonical	1	0	unscoreable	5	0	0														not_admitted	not_admitted	not_admitted	not_admitted	not_admitted	not_admitted	not_admitted
CP101958.1	MPF_F	IncFIB(AP001918);IncFIC(FII)	99	0	0	GA	0															not_admitted	not_admitted	not_admitted	not_admitted	not_admitted	not_admitted	not_admitted	not_admitted	not_admitted	not_admitted	1	43;35186;36178;-;369.3	33;28751;30124;-;380.2	38;31713;32066;-;130.9	47;38685;39815;-;242.3	32;25932;28754;-;392.0	53;41870;43297;-;94.7	46;37187;38731;-;100.6	55;44013;44579;-;183.4	42;34539;35177;-;68.7	41;32734;34542;-;268.0	29;22200;24398;-;391.5	49;40331;40846;-;76.7	29;22200;24398;-;69.2	A	9/9	contiguous	21813	1	1	25431..25910-;159;TraS;0
CP101960.1	MPF_F	IncFII	101	0	0	GA	0															not_admitted	not_admitted	not_admitted	not_admitted	not_admitted	not_admitted	not_admitted	not_admitted	not_admitted	not_admitted	1	33;32079;33071;-;369.3	23;25667;26542;-;173.3	29;28607;29350;-;235.0	40;35946;37976;-;230.5	22;22851;25670;-;389.7	50;41688;43115;-;94.1	40;35946;37976;-;100.8	52;43830;44396;-;183.8	32;31432;32070;-;68.7	31;29627;31435;-;268.3	18;19085;20572;-;326.2	46;40288;40803;-;73.0	18;19085;20572;-;54.0	A	9/9	contiguous	24745	1	1	22329..22826-;165;TraS;0
CP101962.1	MPF_F	IncFIB(AP001918);IncFIC(FII)	93	0	0	GA	0															not_admitted	not_admitted	not_admitted	not_admitted	not_admitted	not_admitted	not_admitted	not_admitted	not_admitted	not_admitted	1	50;41876;42868;+;369.3	59;47929;49302;+;380.2	54;45597;46340;+;232.2	47;38240;40867;+;305.4	60;49299;52121;+;392.0	41;34758;36185;+;94.7	47;38240;40867;+;98.5	39;33477;34043;+;183.4	51;42877;43515;+;68.7	52;43512;45320;+;268.0	63;53655;55853;+;391.5	45;37209;37724;+;76.7	63;53655;55853;+;69.2	A	9/9	contiguous	20178	1	1	52143..52622+;159;TraS;0
CP101963.1	MPF_F	IncFII	97	0	0	GA	0															not_admitted	not_admitted	not_admitted	not_admitted	not_admitted	not_admitted	not_admitted	not_admitted	not_admitted	not_admitted	1	17;17752;18744;-;369.3	8;11341;12714;-;376.7	13;14280;15023;-;235.0	22;21323;23968;-;303.7	7;8525;11344;-;389.7	30;27357;28784;-;94.1	22;21323;23968;-;100.3	32;29499;30065;-;183.8	16;17105;17743;-;68.7	15;15300;17108;-;268.3	3;4020;6245;-;383.0	27;25958;26473;-;73.0	3;4020;6245;-;70.4	A	9/9	contiguous	25479	1	1	8003..8500-;165;TraS;0
CP101969.1	MPF_F	IncFII	94	0	0	GA	0															not_admitted	not_admitted	not_admitted	not_admitted	not_admitted	not_admitted	not_admitted	not_admitted	not_admitted	not_admitted	1	2;2254;3246;-;369.3	87;79967;81340;-;376.7	92;82906;83649;-;235.0	7;5825;8470;-;303.7	86;77151;79970;-;389.7	15;11859;13286;-;94.1	7;5825;8470;-;100.3	17;14001;14567;-;183.8	1;1607;2245;-;68.7	0;432;1610;-;34.0	82;72656;74872;-;383.0	12;10460;10975;-;73.0	82;72656;74872;-;70.4	A	9/9	split_2	82474	1	1	76629..77126-;165;TraS;0
CP101970.1	MPF_F	IncFIB(AP001918);IncFIC(FII)	95	0	0	GA	0															not_admitted	not_admitted	not_admitted	not_admitted	not_admitted	not_admitted	not_admitted	not_admitted	not_admitted	not_admitted	1	12;8628;9620;+;369.3	21;14681;16054;+;380.2	16;12349;13092;+;232.2	8;4990;6156;+;241.4	22;16051;18873;+;392.0	2;1508;2935;+;94.7	9;6138;7619;+;99.9	0;227;793;+;183.4	13;9629;10267;+;68.7	14;10264;12072;+;268.0	25;20407;22605;+;391.5	6;3959;4474;+;76.7	25;20407;22605;+;69.2	A	9/9	contiguous	20180	1	1	18895..19374+;159;TraS;0
CP101973.1	MPF_F	IncFII(pHN7A8)	74	0	0	GA	0															not_admitted	not_admitted	not_admitted	not_admitted	not_admitted	not_admitted	not_admitted	not_admitted	not_admitted	not_admitted	1	61;52226;53212;+;355.4	68;57966;59333;+;342.4	65;56034;56813;+;190.1	58;48542;51133;+;216.0	69;59335;62226;+;288.5	55;46126;47490;+;83.2	58;48542;51133;+;88.0	53;44846;45409;+;137.4	63;53588;54202;+;82.6	64;54199;56037;+;262.2		57;47932;48531;+;53.4		A	9/9	contiguous	14489	1	1	62236..62793+;185;unnamed;0
CP101974.1	MPF_F	IncFIA;IncFIB(AP001918);IncFII(29)	94	0	0	GA	0															not_admitted	not_admitted	not_admitted	not_admitted	not_admitted	not_admitted	not_admitted	not_admitted	not_admitted	not_admitted	1	23;22989;23981;-;369.3	12;15930;17303;-;380.9	19;19517;20260;-;235.0	26;24990;27617;-;305.4	11;13111;15933;-;384.6	32;29776;31203;-;94.3	26;24990;27617;-;98.5	34;31918;32484;-;183.8	22;22342;22980;-;68.4	21;20537;22345;-;268.4	8;9430;11583;-;391.8	28;28133;28648;-;78.4	8;9430;11583;-;70.4	A	9/9	contiguous	22488	1	1	12598..13089-;163;TraS;0
CP101977.1	MPF_F	IncFII(pHN7A8)	83	0	0	GA	0															not_admitted	not_admitted	not_admitted	not_admitted	not_admitted	not_admitted	not_admitted	not_admitted	not_admitted	not_admitted	1	52;40548;41534;+;357.6	59;46309;47676;+;342.4	56;44377;45156;+;190.1	49;36864;39455;+;217.2	60;47678;50560;+;288.5	44;33912;35276;+;83.0	49;36864;39455;+;88.4	42;32632;33195;+;136.5	54;41910;42527;+;85.5	55;42524;44380;+;258.0	63;52192;54441;+;371.9	48;36185;36853;+;48.0	63;52192;54441;+;68.8	A	9/9	contiguous	19560	1	1	50570..51145+;191;unnamed;0
CP101980.1	MPF_F	IncFII(pHN7A8)	85	0	0	GA	0															not_admitted	not_admitted	not_admitted	not_admitted	not_admitted	not_admitted	not_admitted	not_admitted	not_admitted	not_admitted	1	36;36217;37203;-;357.6	29;30075;31442;-;342.4	32;32595;33374;-;190.1	39;38296;40887;-;217.2	28;27191;30073;-;288.5	44;42475;43839;-;83.0	39;38296;40887;-;88.4	46;44556;45119;-;136.5	34;35224;35841;-;85.5	33;33371;35227;-;258.0	25;23310;25559;-;371.9	40;40898;41566;-;48.0	25;23310;25559;-;68.8	A	9/9	contiguous	21246	1	1	26606..27181-;191;unnamed;0
CP101982.1	MPF_F	IncFIA;IncFIB(AP001918);IncFII(29)	112	0	0	GA	0															not_admitted	not_admitted	not_admitted	not_admitted	not_admitted	not_admitted	not_admitted	not_admitted	not_admitted	not_admitted	1	16;10390;11382;+;369.3	28;17069;18442;+;380.9	21;14550;14855;+;109.2	13;6754;9381;+;305.4	29;18439;21261;+;384.6	6;3167;4594;+;94.3	13;6754;9381;+;98.5	4;1886;2452;+;183.8	17;11391;12029;+;68.4	18;12026;13834;+;268.4	37;26421;28574;+;391.8	11;5723;6238;+;78.4	37;26421;28574;+;70.4	A	9/9	contiguous	24535	1	1	21283..21774+;163;TraS;0
CP102116.1	MPF_F	IncFII	98	0	0	GA	0															not_admitted	not_admitted	not_admitted	not_admitted	not_admitted	not_admitted	not_admitted	not_admitted	not_admitted	not_admitted	1	43;40705;41697;-;369.5	33;33553;34926;-;381.7	38;36856;37599;-;234.4	46;42706;45336;-;304.1	32;30734;33556;-;374.0	53;48335;49786;-;94.2	46;42706;45336;-;97.1	55;50501;51067;-;174.3	41;39723;40361;-;68.6	40;37876;39726;-;266.1	28;26219;28462;-;391.1	50;46960;47475;-;78.4	28;26219;28462;-;70.3	A	9/9	contiguous	24282	1	1	30233..30712-;159;TraS;0
CP102202.1	MPF_F	IncFII	78	0	0	GA	0															not_admitted	not_admitted	not_admitted	not_admitted	not_admitted	not_admitted	not_admitted	not_admitted	not_admitted	not_admitted	1	39;37533;38525;-;369.5	29;30381;31754;-;381.7	34;33684;34427;-;234.4	42;39534;42164;-;304.1	28;27562;30384;-;374.0	49;45163;46614;-;94.2	42;39534;42164;-;97.1	51;47329;47895;-;174.3	37;36551;37189;-;68.6	36;34704;36554;-;266.1	24;23029;25290;-;391.1	46;43788;44303;-;78.4	24;23029;25290;-;70.3	A	9/9	contiguous	24300	1	1	27061..27540-;159;TraS;0
CP102204.1	MPF_F	IncFII	84	0	0	GA	0															not_admitted	not_admitted	not_admitted	not_admitted	not_admitted	not_admitted	not_admitted	not_admitted	not_admitted	not_admitted	1	11;8818;9810;+;369.5	21;15589;16962;+;381.7	16;12916;13659;+;234.4	8;5179;7809;+;304.1	22;16959;19781;+;374.0	1;729;2180;+;94.2	8;5179;7809;+;97.1		13;10154;10792;+;68.6	14;10789;12639;+;266.1	26;22053;24269;+;391.2	4;3040;3555;+;78.4	26;22053;24269;+;70.3	B	8/9	contiguous	21324	1	1	19803..20282+;159;TraS;0
CP102207.1	MPF_F	IncFII	90	0	0	GA	0															not_admitted	not_admitted	not_admitted	not_admitted	not_admitted	not_admitted	not_admitted	not_admitted	not_admitted	not_admitted	1	88;76430;77422;+;369.5	7;4801;6174;+;381.7	2;2128;2871;+;234.4	85;72791;75421;+;304.1	8;6171;8993;+;374.0	78;68341;69792;+;94.2	85;72791;75421;+;97.1	76;67060;67626;+;174.3		0;1;1851;+;266.1	12;11265;13481;+;391.2	81;70652;71167;+;78.4	12;11265;13481;+;70.3	B	8/9	split_2	76429	1	1	9015..9494+;159;TraS;0
CP102210.1	MPF_F	IncFII	95	0	0	GA	0															not_admitted	not_admitted	not_admitted	not_admitted	not_admitted	not_admitted	not_admitted	not_admitted	not_admitted	not_admitted	1	3;3640;4632;+;369.5	13;10411;11784;+;381.7	8;7738;8481;+;234.4	0;1;2631;+;304.1	14;11781;14603;+;374.0	88;81214;82665;+;94.2	0;1;2631;+;97.1	86;79933;80499;+;174.3	5;4976;5614;+;68.6	6;5611;7461;+;264.8	18;16875;19064;+;391.2	91;83525;84040;+;78.4	18;16875;19064;+;70.3	A	9/9	split_2	83524	1	1	14625..15104+;159;TraS;0
CP102213.1	MPF_F	IncFII	90	0	0	GA	0															not_admitted	not_admitted	not_admitted	not_admitted	not_admitted	not_admitted	not_admitted	not_admitted	not_admitted	not_admitted	1	59;53354;54346;-;369.5	49;46202;47575;-;381.7	54;49505;50248;-;234.4	62;55379;58009;-;304.1	48;43383;46205;-;374.0	69;61008;62459;-;94.2	62;55379;58009;-;97.1	71;63174;63740;-;174.3	57;52372;53010;-;68.6	56;50525;52375;-;266.1	44;38868;41111;-;391.1	66;59633;60148;-;78.4	44;38868;41111;-;70.3	A	9/9	contiguous	24306	1	1	42882..43361-;159;TraS;0
CP102216.1	MPF_F	IncFII	97	0	0	GA	0															not_admitted	not_admitted	not_admitted	not_admitted	not_admitted	not_admitted	not_admitted	not_admitted	not_admitted	not_admitted	1	22;17442;18434;+;369.5	33;24212;25585;+;381.7	28;21539;22282;+;234.4	19;13803;16433;+;304.1	34;25582;28404;+;374.0	12;9353;10804;+;94.2	19;13803;16433;+;97.1	10;8072;8638;+;174.3	25;19098;19415;+;48.0	26;19412;21262;+;264.8	38;30676;32865;+;391.2	15;11664;12179;+;78.4	38;30676;32865;+;70.3	A	9/9	contiguous	22604	1	1	28426..28905+;159;TraS;0
CP102219.1	MPF_F	IncFII	95	0	0	GA	0															not_admitted	not_admitted	not_admitted	not_admitted	not_admitted	not_admitted	not_admitted	not_admitted	not_admitted	not_admitted	1	22;24932;25924;-;369.5	12;17780;19153;-;381.7	17;21083;21826;-;234.4	25;26933;29563;-;304.1	11;14961;17783;-;374.0	32;32562;34013;-;94.2	25;26933;29563;-;97.1	34;34728;35294;-;174.3	20;23950;24588;-;68.6	19;22103;23953;-;264.8	7;10500;12689;-;391.2	29;31187;31702;-;78.4	7;10500;12689;-;70.3	A	9/9	contiguous	24228	1	1	14460..14939-;159;TraS;0
CP102222.1	MPF_F	IncFII	97	0	0	GA	0															not_admitted	not_admitted	not_admitted	not_admitted	not_admitted	not_admitted	not_admitted	not_admitted	not_admitted	not_admitted	1	26;19648;20640;+;369.5	37;26418;27791;+;381.7	32;23745;24488;+;234.4	23;16009;18639;+;304.1	38;27788;30610;+;374.0	16;11559;13010;+;94.2	23;16009;18639;+;97.1	14;10278;10844;+;169.9	29;21304;21621;+;48.0	30;21618;23468;+;266.1	42;32882;35107;+;391.1	19;13870;14385;+;78.4	42;32882;35107;+;70.3	A	9/9	contiguous	22604	1	1	30632..31111+;159;TraS;0
CP102225.1	MPF_F	IncFII	92	0	0	GA	0															not_admitted	not_admitted	not_admitted	not_admitted	not_admitted	not_admitted	not_admitted	not_admitted	not_admitted	not_admitted	1	37;27450;28442;+;369.5	47;34221;35594;+;381.7	42;31548;32291;+;234.4	34;23811;26441;+;304.1	48;35591;38413;+;374.0	27;19361;20812;+;94.2	34;23811;26441;+;97.1	25;18080;18646;+;174.3	39;28786;29424;+;68.6	40;29421;31271;+;266.1	53;40677;42911;+;391.1	30;21672;22187;+;78.4	53;40677;42911;+;70.3	A	9/9	contiguous	22597	1	1	38435..38914+;159;TraS;0
CP102229.1	MPF_F	IncFII	78	0	0	GA	0															not_admitted	not_admitted	not_admitted	not_admitted	not_admitted	not_admitted	not_admitted	not_admitted	not_admitted	not_admitted	1	3;3640;4632;+;369.5	13;10411;11784;+;381.7	8;7738;8481;+;234.4	0;1;2631;+;304.1	14;11781;14603;+;374.0	71;62973;64424;+;94.2	0;1;2631;+;97.1	69;61692;62258;+;174.3	5;4976;5614;+;68.6	6;5611;7461;+;266.1	18;16875;19100;+;391.1	74;65284;65799;+;78.4	18;16875;19100;+;70.3	A	9/9	split_2	65283	1	1	14625..15104+;159;TraS;0
CP102231.1	MPF_F	IncFII(pSE11)	76	0	0	GA	0															not_admitted	not_admitted	not_admitted	not_admitted	not_admitted	not_admitted	not_admitted	not_admitted	not_admitted	not_admitted	1	38;27008;28000;+;369.5	50;34050;35423;+;381.7	43;31255;31845;+;215.9	35;23369;25999;+;297.8	51;35420;38245;+;374.0	28;18900;20327;+;93.9	35;23369;25999;+;98.7	26;17619;18185;+;174.3	40;28344;28982;+;68.5	41;28979;30829;+;266.9	55;40487;42739;+;391.7	31;21211;21726;+;78.4	55;40487;42739;+;70.3	A	9/9	contiguous	22868	1	1	38242..38751+;169;unnamed;0
CP102437.1	MPF_F	IncFII(pHN7A8);IncN	216	0	0	GA	1	69;50677;51162;-;82.6		169;124970;125287;+;63.3	170;125287;127887;+;113.8	170;125287;127887;+;76.4	171;127905;128618;+;105.5	173;128869;129909;+;142.4		174;130128;130826;+;131.9	175;130837;131721;+;159.7	176;131721;132881;+;156.3	177;132923;133918;+;81.2	193;148128;149657;-;38.5		pfam	both	A	7/7	canonical	1	0	unscoreable	10	0	0														not_admitted	not_admitted	not_admitted	not_admitted	not_admitted	not_admitted	not_admitted
CP103578.1	MPF_F	IncFIB(pQil);IncHI2;IncHI2A	515	0	0	GA	0															not_admitted	not_admitted	not_admitted	not_admitted	not_admitted	not_admitted	not_admitted	not_admitted	not_admitted	not_admitted	1	64;65189;66247;+;276.9			47;41869;44550;+;168.0		43;38184;39539;+;80.7	47;41869;44550;+;72.2	40;35672;36460;+;74.8	62;63536;65047;+;62.7	65;66266;69454;+;58.3		46;40910;41860;+;46.4		C	6/9	split_2	30594	0	1	
CP104101.1	-	-	186	0	0	GA	1	42;49898;51010;-;72.8	46;53983;54264;-;88.3	45;53581;53859;-;64.7	44;51213;53591;-;73.4	44;51213;53591;-;47.4	41;49134;49901;-;61.1	39;47689;48702;-;117.0		38;46991;47671;-;186.0	37;46251;46985;-;179.0	36;44806;46248;-;169.9	35;43743;44726;-;116.6	26;32009;33934;+;294.9		pfam	pfam_only	A	7/7	canonical	1	0	unscoreable	10	0	0														not_admitted	not_admitted	not_admitted	not_admitted	not_admitted	not_admitted	not_admitted
CP104102.1	-	-	158	0	0	GA	1	15;10957;12063;+;71.2	11;7811;8092;+;91.5	12;8108;8386;+;61.9	13;8376;10754;+;72.4	13;8376;10754;+;48.7	16;12060;12827;+;59.6	18;13262;14275;+;118.3		19;14293;14973;+;183.4	20;14979;15713;+;180.0	21;15716;17158;+;169.0	22;17238;18221;+;118.4	55;39553;41466;-;296.0		pfam	pfam_only	A	7/7	canonical	1	0	unscoreable	2	0	0														not_admitted	not_admitted	not_admitted	not_admitted	not_admitted	not_admitted	not_admitted
CP104106.1	-	-	105	0	0	GA	1	15;14656;15189;-;73.9	14;14358;14639;-;89.6	13;13968;14246;-;62.8	12;11600;13978;-;72.7	12;11600;13978;-;45.7	9;9521;10288;-;60.6	7;8073;9086;-;119.6		6;7375;8055;-;185.5	5;6647;7369;-;178.4	4;5220;6644;-;170.2	3;4240;5223;-;114.9	103;102411;104324;+;294.0		pfam	pfam_only	A	7/7	canonical	1	0	unscoreable	2	0	0														not_admitted	not_admitted	not_admitted	not_admitted	not_admitted	not_admitted	not_admitted
CP104412.1	MPF_F	IncFII	98	0	0	GA	0															not_admitted	not_admitted	not_admitted	not_admitted	not_admitted	not_admitted	not_admitted	not_admitted	not_admitted	not_admitted	1	89;77025;78017;+;369.5	1;380;1753;+;381.7	94;81123;81866;+;234.4	86;73386;76016;+;304.1	2;1750;4572;+;374.0	79;68936;70387;+;94.2	86;73386;76016;+;97.1	77;67655;68221;+;174.3	91;78361;78999;+;68.6	92;78996;80846;+;266.1	6;6844;9078;+;391.1	82;71247;71762;+;78.4	6;6844;9078;+;70.3	A	9/9	split_2	80743	1	1	4594..5073+;159;TraS;0
CP104416.1	MPF_F	IncFII	98	0	0	GA	0															not_admitted	not_admitted	not_admitted	not_admitted	not_admitted	not_admitted	not_admitted	not_admitted	not_admitted	not_admitted	1	51;40007;40999;+;369.5	61;46778;48151;+;381.7	56;44105;44848;+;234.4	48;36368;38998;+;304.1	62;48148;50970;+;374.0	41;31918;33369;+;94.2	48;36368;38998;+;97.1	39;30637;31203;+;174.3	53;41343;41981;+;68.6	54;41978;43828;+;266.1	66;53242;55485;+;391.1	44;34229;34744;+;78.4	66;53242;55485;+;70.3	A	9/9	contiguous	22605	1	1	50992..51471+;159;TraS;0
CP104420.1	MPF_F	IncFII	99	0	0	GA	0															not_admitted	not_admitted	not_admitted	not_admitted	not_admitted	not_admitted	not_admitted	not_admitted	not_admitted	not_admitted	1	41;38950;39942;-;369.5	31;31798;33171;-;381.7	36;35101;35844;-;234.4	45;41898;43580;-;305.6	30;28979;31801;-;374.0	52;46579;48030;-;94.2	44;40951;41898;-;49.8	54;48745;49311;-;174.3	39;37968;38606;-;68.6	38;36121;37971;-;266.1	26;24491;26707;-;391.2	49;45204;45719;-;78.4	26;24491;26707;-;70.3	A	9/9	contiguous	24254	1	1	28478..28957-;159;TraS;0
CP104422.1	MPF_F	IncFII	97	0	0	GA	0															not_admitted	not_admitted	not_admitted	not_admitted	not_admitted	not_admitted	not_admitted	not_admitted	not_admitted	not_admitted	1	34;26102;27094;+;369.5	44;32873;34246;+;381.7	39;30200;30943;+;234.4	31;22463;25093;+;304.1	45;34243;37065;+;374.0	24;18013;19464;+;94.2	31;22463;25093;+;97.1	22;16732;17298;+;174.3	36;27438;28076;+;68.6	37;28073;29923;+;266.1	49;39337;41562;+;391.1	27;20324;20839;+;78.4	49;39337;41562;+;70.3	A	9/9	contiguous	22605	1	1	37087..37566+;159;TraS;0
CP104426.1	MPF_F	IncFII	98	0	0	GA	0															not_admitted	not_admitted	not_admitted	not_admitted	not_admitted	not_admitted	not_admitted	not_admitted	not_admitted	not_admitted	1	35;26536;27528;+;369.5	45;33307;34680;+;381.7	40;30634;31377;+;234.4	32;22897;25527;+;304.1	46;34677;37499;+;374.0	25;18447;19898;+;94.2	32;22897;25527;+;97.1	23;17166;17732;+;174.3	37;27872;28510;+;68.6	38;28507;30357;+;266.1	50;39771;42005;+;391.1	28;20758;21273;+;78.4	50;39771;42005;+;70.3	A	9/9	contiguous	22605	1	1	37521..38000+;159;TraS;0
CP104433.1	MPF_F	IncFII	99	0	0	GA	0															not_admitted	not_admitted	not_admitted	not_admitted	not_admitted	not_admitted	not_admitted	not_admitted	not_admitted	not_admitted	1	62;48278;49270;+;369.5	72;55049;56422;+;381.7	67;52376;53119;+;234.4	59;44639;47269;+;304.1	73;56419;59241;+;374.0	51;40196;41647;+;94.2	59;44639;47269;+;97.1	49;38915;39481;+;174.3	64;49614;50252;+;68.6	65;50249;52099;+;266.1	77;61513;63729;+;391.2	55;42500;43015;+;78.4	77;61513;63729;+;70.3	A	9/9	contiguous	22598	1	1	59263..59742+;159;TraS;0
CP104437.1	MPF_F	IncFII	98	0	0	GA	0															not_admitted	not_admitted	not_admitted	not_admitted	not_admitted	not_admitted	not_admitted	not_admitted	not_admitted	not_admitted	1	26;19647;20639;+;369.5	36;26418;27791;+;381.7	31;23745;24488;+;234.4	23;16008;18638;+;304.1	37;27788;30610;+;374.0	16;11558;13009;+;94.2	23;16008;18638;+;97.1	14;10277;10843;+;174.3	28;20983;21621;+;68.6	29;21618;23468;+;266.1	41;32882;35125;+;391.1	19;13869;14384;+;78.4	41;32882;35125;+;70.3	A	9/9	contiguous	22605	1	1	30632..31111+;159;TraS;0
CP104905.1	MPF_T	-	59	0	0	GA	1	43;29563;30153;+;62.5	54;41316;41579;+;69.2	55;41582;41848;+;36.2	56;41915;44338;+;34.4	56;41915;44338;+;108.0	58;44623;45288;+;55.0	1;585;1253;+;90.8		3;2067;2789;+;128.0	4;2803;3795;+;167.7	6;4184;5164;+;215.9	53;40187;41191;+;116.2	45;33414;35471;+;346.5		conjscan	conjscan_only	A	7/7	rearranged	1	0	unscoreable	10	0	0														not_admitted	not_admitted	not_admitted	not_admitted	not_admitted	not_admitted	not_admitted
CP104975.1	MPF_T	-	676	0	0	GA	1			224;176064;176363;+;59.3	226;177111;178196;+;97.8	225;176374;177057;+;120.6	228;178785;179570;+;56.2	230;180038;180430;+;71.1		232;181002;181367;+;51.8	235;182132;182461;+;75.0	237;182937;184202;+;201.6	222;175142;175717;+;126.5	281;218898;219512;+;234.6		conjscan	conjscan_only	A	7/7	canonical	1	0	unscoreable	6	0	0														not_admitted	not_admitted	not_admitted	not_admitted	not_admitted	not_admitted	not_admitted
CP107229.1	MPF_F	IncFII(pKP91);repB(R1701)	107	0	0	GA	0															not_admitted	not_admitted	not_admitted	not_admitted	not_admitted	not_admitted	not_admitted	not_admitted	not_admitted	not_admitted	1	81;58741;59730;+;363.3	92;65549;66916;+;384.6	88;63539;64291;+;233.7	77;54645;57284;+;257.0	93;66916;69759;+;346.2	69;49856;51280;+;89.2	77;54645;57284;+;88.7	67;48563;49129;+;169.3	83;60006;60653;+;66.9	84;60712;62667;+;259.7	97;72343;74625;+;393.2	71;51892;52476;+;54.4	97;72343;74625;+;65.8	A	9/9	contiguous	23780	1	1	69770..70294+;174;unnamed;0
CP109689.1	MPF_F	IncC	216	0	0	GA	0															not_admitted	not_admitted	not_admitted	not_admitted	not_admitted	not_admitted	not_admitted	not_admitted	not_admitted	not_admitted	1	42;36538;37545;+;332.9	140;123793;125226;+;339.2	139;122763;123791;+;221.7	37;31339;33786;+;351.9	141;125239;128853;+;375.3	32;22467;23783;+;135.0	37;31339;33786;+;128.3	30;20943;21569;+;92.7	40;34608;35873;+;67.9	43;37661;40459;+;145.3	210;172758;174863;+;92.6	33;23780;24358;+;100.2	210;172758;174863;+;97.8	A	9/9	split_3	151815	0	1	
CP109701.1	MPF_F	IncC	216	0	0	GA	0															not_admitted	not_admitted	not_admitted	not_admitted	not_admitted	not_admitted	not_admitted	not_admitted	not_admitted	not_admitted	1	159;131454;132461;+;332.9	41;40292;41725;+;339.2	40;39262;40290;+;221.7	154;126255;128702;+;351.9	42;41738;45352;+;375.3	149;117383;118699;+;135.0	154;126255;128702;+;128.3	147;115859;116485;+;92.7	157;129524;130789;+;67.9	160;132577;135375;+;145.3	112;89254;91359;+;92.6	150;118696;119274;+;100.2	112;89254;91359;+;97.8	A	9/9	split_3	93315	0	1	
CP109704.1	MPF_F	IncFII(K)	123	0	0	GA	0															not_admitted	not_admitted	not_admitted	not_admitted	not_admitted	not_admitted	not_admitted	not_admitted	not_admitted	not_admitted	1	50;33871;34860;+;366.0	60;40407;41774;+;380.7	56;38397;39149;+;233.7	46;29789;32428;+;258.5	61;41774;44623;+;345.6	38;25108;26532;+;88.8	46;29789;32428;+;88.7	36;23815;24381;+;169.3	51;34873;35511;+;67.0	52;35570;37525;+;259.7	65;47109;49421;+;392.7	39;26646;27230;+;55.4	65;47109;49421;+;66.5	A	9/9	contiguous	23294	1	1	44636..45184+;182;unnamed;0
CP109705.1	MPF_F	IncFIB(K);IncR	193	0	0	GA	0															not_admitted	not_admitted	not_admitted	not_admitted	not_admitted	not_admitted	not_admitted	not_admitted	not_admitted	not_admitted	1	135;117252;118244;+;366.6	145;123695;125065;+;381.2	141;121741;122493;+;232.4	132;113587;116226;+;258.7	146;125065;127914;+;344.2	123;108348;109772;+;89.2	132;113587;116226;+;88.8	121;107055;107621;+;167.0	136;118257;118895;+;67.0	137;118892;120898;+;259.0	150;129728;132037;+;393.2	125;110384;110953;+;49.7	150;129728;132037;+;65.8	A	9/9	contiguous	22673	1	1	127917..128447+;176;unnamed;0
CP109714.1	MPF_F	IncC	220	0	0	GA	0															not_admitted	not_admitted	not_admitted	not_admitted	not_admitted	not_admitted	not_admitted	not_admitted	not_admitted	not_admitted	1	99;83374;84381;-;332.9	217;174092;175525;-;339.2	218;175527;176555;-;221.7	104;87133;89580;-;351.9	216;170465;174079;-;375.3	111;97134;98450;-;135.0	104;87133;89580;-;128.3	113;99348;99974;-;92.7	101;85046;86311;-;67.9	98;80461;82923;-;145.9	148;124469;126574;-;92.6	110;96559;97137;-;100.2	148;124469;126574;-;97.8	A	9/9	split_3	95066	0	1	
CP109722.1	MPF_F	IncC	215	0	0	GA	0															not_admitted	not_admitted	not_admitted	not_admitted	not_admitted	not_admitted	not_admitted	not_admitted	not_admitted	not_admitted	1	86;71879;72886;-;332.9	203;162617;164050;-;339.2	204;164052;165080;-;221.7	91;75638;78085;-;351.9	202;158990;162604;-;375.3	96;85641;86957;-;135.0	91;75638;78085;-;128.3	98;87855;88481;-;92.7	88;73551;74816;-;67.9	85;68965;71763;-;145.3	133;112980;115085;-;92.6	95;85066;85644;-;100.2	133;112980;115085;-;97.8	A	9/9	split_3	95087	0	1	
CP109726.1	MPF_F	IncC	218	0	0	GA	0															not_admitted	not_admitted	not_admitted	not_admitted	not_admitted	not_admitted	not_admitted	not_admitted	not_admitted	not_admitted	1	146;120413;121420;-;332.9	48;32733;34166;-;339.2	49;34168;35196;-;221.7	151;124172;126619;-;351.9	47;29106;32720;-;375.3	156;134175;135491;-;135.0	151;124172;126619;-;128.3	158;136389;137015;-;92.7	148;122085;123350;-;67.9	145;117499;120297;-;145.3	196;163474;165579;-;92.6	155;133600;134178;-;100.2	196;163474;165579;-;97.8	A	9/9	split_3	134368	0	1	
CP109737.1	MPF_F	IncHI2;IncHI2A	376	0	0	GA	0															not_admitted	not_admitted	not_admitted	not_admitted	not_admitted	not_admitted	not_admitted	not_admitted	not_admitted	not_admitted	1	95;89049;90107;+;276.9	345;326498;327913;-;194.1	346;327903;328949;-;173.7	77;65729;68410;+;168.0	344;322539;326489;-;101.6	73;62044;63399;+;80.7	77;65729;68410;+;72.2	70;59532;60320;+;74.8	93;87396;88907;+;62.7	96;90126;93314;+;58.3	352;335990;338074;+;56.7	76;64770;65720;+;46.4	352;335990;338074;+;38.8	A	9/9	split_3	276458	0	1	
CP109752.1	MPF_F	IncHI2;IncHI2A	374	0	0	GA	0															not_admitted	not_admitted	not_admitted	not_admitted	not_admitted	not_admitted	not_admitted	not_admitted	not_admitted	not_admitted	1	74;71753;72811;-;276.9	202;188543;189958;+;194.1	201;187507;188553;+;173.7	93;93448;96129;-;168.0	203;189967;193917;+;101.6	97;98459;99814;-;80.7	93;93448;96129;-;72.2	100;101538;102326;-;74.8	76;72953;74464;-;62.7	73;68546;71734;-;58.3	195;178382;180466;-;56.7	94;96138;97088;-;46.4	195;178382;180466;-;38.8	A	9/9	split_3	121421	0	1	
CP109756.1	MPF_T	-	636	0	0	GA	1	410;371236;371940;+;26.4	457;415645;416028;+;87.8	458;416025;416297;+;32.4	459;416313;418766;+;47.9	459;416313;418766;+;136.3	460;418763;419488;+;229.0	462;419818;421203;+;174.3		463;421216;421920;+;232.0	464;421917;422909;+;225.8	465;422912;424198;+;204.4	127;98119;99876;+;294.2	454;412132;414138;+;343.2		conjscan	conjscan_only	A	7/7	canonical	1	0	unscoreable	3	0	0														not_admitted	not_admitted	not_admitted	not_admitted	not_admitted	not_admitted	not_admitted
CP110411.1	MPF_F	IncFIB(AP001918);IncFIC(FII)	215	0	0	GA	0															not_admitted	not_admitted	not_admitted	not_admitted	not_admitted	not_admitted	not_admitted	not_admitted	not_admitted	not_admitted	1	205;186609;187601;+;369.3	0;195;782;+;195.9	209;190482;191072;+;216.5	202;182973;185600;+;303.7	3;1558;2181;+;177.4	197;179491;180918;+;94.2	202;182973;185600;+;101.5	195;178210;178776;+;184.4	206;187610;188248;+;68.4	207;188245;190053;+;268.0	8;6691;7833;+;268.9	201;181942;182457;+;78.0	8;6691;7833;+;71.7	A	9/9	split_2	190287	1	1	2534..4381+;615;unnamed;0
CP110413.1	MPF_F	IncFII(pHN7A8)	82	0	0	GA	0															not_admitted	not_admitted	not_admitted	not_admitted	not_admitted	not_admitted	not_admitted	not_admitted	not_admitted	not_admitted	1	48;39592;40584;+;369.5	63;50062;51435;+;376.8	56;45108;45851;+;234.4	45;35956;38583;+;303.7	64;51432;54248;+;376.7	40;32474;33901;+;94.2	45;35956;38583;+;101.5	38;31193;31759;+;184.4	51;41530;42168;+;70.4	54;42981;44831;+;265.0	68;56548;58764;+;391.7	44;34925;35440;+;78.0	68;56548;58764;+;70.3	A	9/9	contiguous	25355	1	1	54281..54802+;173;unnamed;0
CP110414.1	MPF_T	IncX3	61	0	0	GA	1	53;39354;39998;+;46.4	54;39982;40272;+;73.1	55;40297;43050;+;47.0	55;40297;43050;+;142.4	55;40297;43050;+;73.3	56;43060;43830;+;60.1	59;44303;45163;+;101.3		60;45358;46086;+;119.4	0;175;705;+;80.8	3;1638;2156;+;84.3	5;2710;3306;+;67.1	6;3309;5144;+;495.9		pfam	pfam_only	A	7/7	canonical	1	1	unscoreable	4	0	0														not_admitted	not_admitted	not_admitted	not_admitted	not_admitted	not_admitted	not_admitted
CP110485.1	MPF_F	IncFIB(K);IncFII(K);IncFII(pAR0022)	261	0	0	GA	0															not_admitted	not_admitted	not_admitted	not_admitted	not_admitted	not_admitted	not_admitted	not_admitted	not_admitted	not_admitted	1	231;197450;198442;+;366.6	241;203959;205326;+;381.2	237;201950;202702;+;232.4	228;193785;196424;+;258.9	242;205326;208148;+;346.6	219;188453;189871;+;89.3	228;193785;196424;+;88.8	217;187160;187726;+;167.0	232;198455;199093;+;67.0	233;199152;201107;+;258.5	246;210117;212429;+;393.1	221;190511;191068;+;52.7	246;210117;212429;+;66.6	A	9/9	contiguous	22957	1	1	208172..208774+;200;TraS;0
CP110489.1	MPF_T	IncN4	52	0	0	GA	1	35;25775;26515;-;35.1	33;25161;25451;-;44.7	32;24796;25110;-;65.3	31;22166;24796;-;123.6	31;22166;24796;-;87.4	30;21449;22156;-;114.6	28;20147;21190;-;126.7	27;19882;20052;-;41.4	26;19163;19879;-;145.6	25;18273;19160;-;144.4	24;17122;18276;-;174.0	23;16098;17129;-;78.1	18;10113;11690;+;54.8		pfam	both	A	7/7	canonical	1	0	ga	6	0	0														not_admitted	not_admitted	not_admitted	not_admitted	not_admitted	not_admitted	not_admitted
CP110543.1	MPF_T	IncY	88	0	0	GA	1	63;62119;62781;+;48.3	64;62792;63091;+;36.6	65;63101;65851;+;61.8	65;63101;65851;+;132.4	65;63101;65851;+;47.3	66;65870;66586;+;137.0	68;66900;67907;+;137.8		70;68117;68803;+;158.3	71;68796;69689;+;147.4	72;69686;70882;+;134.7	73;70886;71935;+;66.1	80;76673;78580;+;24.4		pfam	pfam_only	A	7/7	canonical	1	1	unscoreable	8	0	0														not_admitted	not_admitted	not_admitted	not_admitted	not_admitted	not_admitted	not_admitted
CP110546.1	MPF_F	IncFIB(pNDM-Mar);RepB	343	0	0	GA	0															not_admitted	not_admitted	not_admitted	not_admitted	not_admitted	not_admitted	not_admitted	not_admitted	not_admitted	not_admitted	1	146;127786;128823;+;282.3			132;113038;114993;+;150.0		128;109555;110925;+;65.6	134;116103;116954;+;60.9	125;107049;107909;+;79.0	145;126428;127789;+;69.9	150;132360;133280;+;26.5		131;112256;112993;+;56.9		C	6/9	contiguous	25311	0	1	
CP110556.1	MPF_F	IncFIA(pBK30683);IncFII(K)	212	0	0	GA	0															not_admitted	not_admitted	not_admitted	not_admitted	not_admitted	not_admitted	not_admitted	not_admitted	not_admitted	not_admitted	1	140;136628;137617;-;366.0	130;129767;131137;-;380.7	134;132339;133091;-;230.7	144;139060;141699;-;258.5	129;126924;129767;-;346.5	152;144958;146382;-;89.2	144;139060;141699;-;88.7	154;147109;147675;-;169.3	139;135977;136615;-;67.0	138;133963;135918;-;259.7	125;122027;124339;-;392.8	151;144260;144844;-;55.4	125;122027;124339;-;65.9	A	9/9	contiguous	25082	1	1	126389..126913-;174;unnamed;0
CP110564.1	MPF_F	IncFIA(pBK30683);IncFII(K)	210	0	0	GA	0															not_admitted	not_admitted	not_admitted	not_admitted	not_admitted	not_admitted	not_admitted	not_admitted	not_admitted	not_admitted	1	175;147968;148957;+;366.0	185;154448;155818;+;380.7	181;152494;153246;+;230.7	171;143886;146525;+;258.5	186;155818;158661;+;346.5	163;139203;140627;+;89.2	171;143886;146525;+;88.7	161;137910;138476;+;169.3	176;148970;149608;+;67.0	177;149667;151622;+;259.7	190;161246;163558;+;392.8	164;140741;141325;+;55.4	190;161246;163558;+;65.9	A	9/9	contiguous	23336	1	1	158672..159196+;174;unnamed;0
CP110572.1	MPF_F	IncFIA(pBK30683);IncFII(K)	212	0	0	GA	0															not_admitted	not_admitted	not_admitted	not_admitted	not_admitted	not_admitted	not_admitted	not_admitted	not_admitted	not_admitted	1	133;110289;111278;+;366.0	143;116769;118139;+;380.7	139;114815;115567;+;230.7	129;106207;108846;+;258.5	144;118139;120982;+;346.5	121;101524;102948;+;89.2	129;106207;108846;+;88.7	119;100231;100797;+;169.3	134;111291;111929;+;67.0	135;111988;113943;+;259.7	148;123567;125879;+;392.8	122;103062;103646;+;55.4	148;123567;125879;+;65.9	A	9/9	contiguous	23336	1	1	120993..121517+;174;unnamed;0
CP110575.1	MPF_F	IncFIB(K);IncFII(K)	212	0	0	GA	0															not_admitted	not_admitted	not_admitted	not_admitted	not_admitted	not_admitted	not_admitted	not_admitted	not_admitted	not_admitted	1	106;103468;104460;-;366.6	96;96647;98017;-;381.2	100;99219;99971;-;232.4	109;105486;108125;-;258.7	95;93798;96647;-;344.2	118;111940;113364;-;86.7	109;105486;108125;-;88.6	120;114091;114657;-;167.0	105;102817;103455;-;67.0	104;100814;102820;-;259.0	91;89675;91984;-;393.2	116;110759;111328;-;49.7	91;89675;91984;-;65.8	A	9/9	contiguous	24416	1	1	93265..93795-;176;unnamed;0
CP110577.1	MPF_F	IncFIB(K)	223	0	0	GA	0															not_admitted	not_admitted	not_admitted	not_admitted	not_admitted	not_admitted	not_admitted	not_admitted	not_admitted	not_admitted	1	47;39027;40016;+;363.3	58;45835;47202;+;382.2	54;43825;44577;+;236.4	43;34931;37570;+;259.0	59;47202;50045;+;342.9	32;29540;30964;+;88.8	43;34931;37570;+;87.6	30;28247;28813;+;167.9	49;40292;40939;+;65.9	50;40998;42953;+;259.5	63;52630;54942;+;392.8	35;31576;32160;+;53.8	63;52630;54942;+;65.9	A	9/9	contiguous	24383	1	1	50056..50580+;174;unnamed;0
CP110578.1	MPF_T	IncR	131	0	0	GA	1	0;108;770;+;48.3	1;781;1080;+;36.6	2;1090;3840;+;61.8	2;1090;3840;+;134.0	2;1090;3840;+;47.3	3;3859;4575;+;137.0	5;4889;5896;+;137.8		7;6106;6792;+;158.3	8;6785;7678;+;147.4	9;7675;8871;+;134.7	10;8875;9924;+;71.5	17;14662;16569;+;24.3		pfam	pfam_only	A	7/7	canonical	1	1	unscoreable	8	0	0														not_admitted	not_admitted	not_admitted	not_admitted	not_admitted	not_admitted	not_admitted
CP110583.1	MPF_F	RepB	282	0	0	GA	0															not_admitted	not_admitted	not_admitted	not_admitted	not_admitted	not_admitted	not_admitted	not_admitted	not_admitted	not_admitted	1	270;253799;254836;+;282.3	91;78749;79819;-;169.7	92;79809;80846;-;175.6	257;239183;241900;+;148.9	87;73215;77183;-;121.3	253;235700;237070;+;65.6	257;239183;241900;+;85.2	250;233194;234054;+;79.0	269;252441;253802;+;69.9	271;254846;258031;+;59.6	99;88045;90171;+;58.0	256;238401;239138;+;56.9	99;88045;90171;+;40.6	A	9/9	split_2	181631	0	1	
CP110586.1	MPF_F	IncFIB(K);IncFII(K)	247	0	0	GA	0															not_admitted	not_admitted	not_admitted	not_admitted	not_admitted	not_admitted	not_admitted	not_admitted	not_admitted	not_admitted	1	18;11254;12243;+;363.3	29;18062;19429;+;382.2	25;16052;16804;+;236.4	14;7158;9797;+;259.0	30;19429;22272;+;342.9	3;1767;3191;+;88.8	14;7158;9797;+;87.6	1;474;1040;+;167.9	20;12519;13166;+;65.9	21;13225;15180;+;259.5	34;24857;27169;+;392.8	6;3803;4387;+;53.8	34;24857;27169;+;65.9	A	9/9	contiguous	24383	1	1	22283..22807+;174;unnamed;0
CP110589.1	MPF_T	IncFII(pEH01)	36	0	0	GA	1	9;8330;9034;-;47.3	8;8030;8326;-;67.3	7;5273;8017;-;49.1	7;5273;8017;-;149.6	7;5273;8017;-;48.3	6;4554;5258;-;139.3	4;3235;4302;-;159.8		2;2366;3049;-;189.7	1;1461;2366;-;153.7	0;154;1419;-;155.2	35;23376;24401;-;67.3	30;19565;21292;-;47.5		pfam	both	A	7/7	canonical	1	1	unscoreable	6	0	0														not_admitted	not_admitted	not_admitted	not_admitted	not_admitted	not_admitted	not_admitted
CP110591.1	MPF_F	Col(pHAD28);IncFIB(K);IncFII(pKP91)	295	0	0	GA	0															not_admitted	not_admitted	not_admitted	not_admitted	not_admitted	not_admitted	not_admitted	not_admitted	not_admitted	not_admitted	1	124;116820;117809;+;363.3	135;123628;124995;+;382.2	131;121618;122370;+;233.7	120;112724;115363;+;259.4	136;124995;127844;+;342.9	110;107338;108762;+;89.2	120;112724;115363;+;88.3	108;106045;106611;+;167.9	126;118085;118732;+;65.9	127;118791;120746;+;259.5	140;129656;131938;+;393.3	112;109374;109958;+;53.8	140;129656;131938;+;65.9	A	9/9	contiguous	23611	1	1	127847..128377+;176;unnamed;0
CP110595.1	MPF_F	IncC	152	0	0	GA	0															not_admitted	not_admitted	not_admitted	not_admitted	not_admitted	not_admitted	not_admitted	not_admitted	not_admitted	not_admitted	1	144;121312;121872;-;94.5	127;103658;105091;-;339.2	128;105093;106121;-;221.7	149;124624;127071;-;354.5	126;100031;103645;-;375.3	3;6373;7689;-;135.0	149;124624;127071;-;128.3	5;8587;9213;-;92.7	146;122537;123802;-;67.9		14;13023;14888;-;47.3	2;5798;6376;-;100.2	14;13023;14888;-;52.0	B	8/9	split_2	118826	0	0	
CP110596.1	MPF_F	IncFII(pSE11)	84	0	0	GA	0															not_admitted	not_admitted	not_admitted	not_admitted	not_admitted	not_admitted	not_admitted	not_admitted	not_admitted	not_admitted	1	31;29547;30539;-;369.5	19;22120;23493;-;381.7	26;25698;26441;-;234.4	34;31548;34178;-;297.8	18;19298;22123;-;374.0	41;37220;38647;-;93.9	34;31548;34178;-;98.7	43;39362;39928;-;174.3	29;28565;29203;-;67.3	28;26718;28568;-;266.9	14;14849;17056;-;391.8	38;35821;36336;-;78.4	14;14849;17056;-;70.4	A	9/9	contiguous	24513	1	1	18792..19301-;169;unnamed;0
CP110597.1	MPF_F	IncFIB(K);IncFII(pKP91)	165	0	0	GA	0															not_admitted	not_admitted	not_admitted	not_admitted	not_admitted	not_admitted	not_admitted	not_admitted	not_admitted	not_admitted	1	90;93238;94227;-;363.6	79;86052;87419;-;381.6	83;88677;89429;-;231.2	94;95684;98323;-;254.3	78;83203;86052;-;346.5	101;101339;102763;-;88.1	94;95684;98323;-;88.3	103;103490;104056;-;169.3	88;92315;92962;-;65.9	87;90301;92256;-;259.7	74;78455;80737;-;393.1	99;100143;100727;-;52.9	74;78455;80737;-;66.6	A	9/9	contiguous	25035	1	1	82670..83200-;176;unnamed;0
CP110604.1	MPF_F	IncC	152	0	0	GA	0															not_admitted	not_admitted	not_admitted	not_admitted	not_admitted	not_admitted	not_admitted	not_admitted	not_admitted	not_admitted	1	16;16421;16981;-;94.5	151;127005;128207;-;284.2	0;202;1230;-;221.7	21;19733;22180;-;354.5	150;123378;126992;-;375.3	27;29720;31036;-;135.0	21;19733;22180;-;128.3	29;31934;32560;-;92.7	18;17646;18911;-;67.9		38;36370;38235;-;47.3	26;29145;29723;-;100.2	38;36370;38235;-;52.0	B	8/9	split_2	126803	0	0	
CP110605.1	MPF_F	IncFII(pSE11)	84	0	0	GA	0															not_admitted	not_admitted	not_admitted	not_admitted	not_admitted	not_admitted	not_admitted	not_admitted	not_admitted	not_admitted	1	19;13677;14669;+;369.5	31;20723;22096;+;381.7	24;17775;18518;+;234.4	16;10038;12668;+;297.8	32;22093;24918;+;374.0	9;5569;6996;+;93.9	16;10038;12668;+;98.7	7;4288;4854;+;174.3	21;15013;15651;+;67.3	22;15648;17498;+;266.9	36;27160;29367;+;391.8	12;7880;8395;+;78.4	36;27160;29367;+;70.4	A	9/9	contiguous	22872	1	1	24915..25424+;169;unnamed;0
CP110606.1	MPF_F	IncFIB(K);IncFII(pKP91)	164	0	0	GA	0															not_admitted	not_admitted	not_admitted	not_admitted	not_admitted	not_admitted	not_admitted	not_admitted	not_admitted	not_admitted	1	48;50304;51293;-;363.6	37;43118;44485;-;381.6	41;45743;46495;-;231.2	52;52750;55389;-;254.3	36;40269;43118;-;346.5	59;58405;59829;-;88.1	52;52750;55389;-;88.3	61;60556;61122;-;169.3	46;49381;50028;-;65.9	45;47367;49322;-;259.7	32;35521;37803;-;393.1	57;57209;57793;-;52.9	32;35521;37803;-;66.6	A	9/9	contiguous	25035	1	1	39736..40266-;176;unnamed;0
CP110610.1	MPF_F	IncFIB(K);IncFII(K)	265	0	0	GA	0															not_admitted	not_admitted	not_admitted	not_admitted	not_admitted	not_admitted	not_admitted	not_admitted	not_admitted	not_admitted	1	194;189373;190362;+;363.3	205;196181;197548;+;382.2	201;194171;194923;+;236.4	190;185277;187916;+;259.0	206;197548;200391;+;342.9	179;179886;181310;+;88.8	190;185277;187916;+;87.6	177;178593;179159;+;167.9	196;190638;191285;+;65.9	197;191344;193299;+;259.5	210;202976;205288;+;392.8	182;181922;182506;+;53.8	210;202976;205288;+;65.9	A	9/9	contiguous	24383	1	1	200402..200926+;174;unnamed;0
CP110722.1	MPF_F	IncFIA(pBK30683);IncFIB(K)(pCAV1099-114);IncFII(pKP91)	158	0	0	GA	0															not_admitted	not_admitted	not_admitted	not_admitted	not_admitted	not_admitted	not_admitted	not_admitted	not_admitted	not_admitted	1	30;19857;20846;+;360.1	40;26364;27731;+;384.1	36;24354;25106;+;234.4	26;15761;18400;+;259.0	41;27731;30553;+;346.4	18;10952;12376;+;89.3	26;15761;18400;+;89.1	16;9659;10225;+;169.3	31;20859;21497;+;64.7	32;21556;23511;+;258.0	45;33801;36113;+;393.1	19;12449;13033;+;54.6	45;33801;36113;+;66.6	A	9/9	contiguous	24142	1	1	30576..31178+;200;TraS;0
CP110726.1	MPF_F	IncFIB(K);IncFII(pKP91)	171	0	0	GA	0															not_admitted	not_admitted	not_admitted	not_admitted	not_admitted	not_admitted	not_admitted	not_admitted	not_admitted	not_admitted	1	12;8966;9955;-;363.6	1;1780;3147;-;381.6	5;4405;5157;-;231.2	16;11412;14051;-;254.3		23;17067;18491;-;88.1	16;11412;14051;-;88.3	25;19218;19784;-;169.3	10;8043;8690;-;65.9	9;6029;7984;-;259.7	166;155491;157773;-;393.1	21;15871;16455;-;52.9	166;155491;157773;-;66.6	B	8/9	split_2	153711	0	1	
CP110728.1	MPF_F	IncFII(pSE11)	84	0	0	GA	0															not_admitted	not_admitted	not_admitted	not_admitted	not_admitted	not_admitted	not_admitted	not_admitted	not_admitted	not_admitted	1	66;53090;54082;+;369.5	78;60136;61509;+;381.7	71;57188;57931;+;234.4	63;49451;52081;+;297.8	79;61506;64331;+;374.0	56;44982;46409;+;93.9	63;49451;52081;+;98.7	54;43701;44267;+;174.3	68;54426;55064;+;67.3	69;55061;56911;+;266.9	83;66573;68780;+;391.8	59;47293;47808;+;78.4	83;66573;68780;+;70.4	A	9/9	contiguous	22872	1	1	64328..64837+;169;unnamed;0
CP110729.1	MPF_F	IncC	152	0	0	GA	0															not_admitted	not_admitted	not_admitted	not_admitted	not_admitted	not_admitted	not_admitted	not_admitted	not_admitted	not_admitted	1	141;117156;117716;+;94.5	6;5699;7132;+;339.2	5;4669;5697;+;221.7	136;111957;114404;+;354.5	7;7145;10759;+;375.3	130;103101;104417;+;135.0	136;111957;114404;+;128.3	128;101577;102203;+;92.7	139;115226;116491;+;67.9		119;95902;97767;+;47.3	131;104414;104992;+;100.2	119;95902;97767;+;52.0	B	8/9	split_2	112487	0	0	
CP110731.1	MPF_F	Col156;IncFIA;IncFIB(AP001918);IncFII	187	0	0	GA	0															not_admitted	not_admitted	not_admitted	not_admitted	not_admitted	not_admitted	not_admitted	not_admitted	not_admitted	not_admitted	1	86;71331;72323;+;369.5	96;78102;78971;+;282.5	91;75429;76172;+;234.4	83;67692;70322;+;304.1	98;79471;81162;+;376.5	76;63240;64691;+;94.2	83;67692;70322;+;97.1	74;61959;62525;+;174.3	88;72667;73305;+;68.6	89;73302;75152;+;266.1	103;84566;86809;+;391.1	79;65552;66034;+;68.5	103;84566;86809;+;70.3	A	9/9	contiguous	22607	1	1	81227..82294+;355;unnamed;0
CP110735.1	MPF_F	IncFIB(K);IncFII(K);IncQ1	262	0	0	GA	0															not_admitted	not_admitted	not_admitted	not_admitted	not_admitted	not_admitted	not_admitted	not_admitted	not_admitted	not_admitted	1	68;58370;59362;+;366.6	78;64879;66246;+;381.2	74;62870;63622;+;232.2	65;54705;57344;+;259.3	79;66246;69095;+;346.5	57;49695;51119;+;89.3	65;54705;57344;+;88.8	55;48402;48968;+;167.0	69;59375;60013;+;67.0	70;60072;62027;+;259.2	83;70911;73220;+;392.7	59;51749;52306;+;52.5	83;70911;73220;+;66.6	A	9/9	contiguous	22509	1	1	69098..69628+;176;unnamed;0
CP110741.1	MPF_F	IncHI1B(pNDM-MAR);repB	317	0	0	GA	0															not_admitted	not_admitted	not_admitted	not_admitted	not_admitted	not_admitted	not_admitted	not_admitted	not_admitted	not_admitted	1		262;255857;257212;+;190.6	260;253711;254748;+;176.7	172;188440;191298;-;302.5	263;257214;261128;+;120.2								184;198267;199739;-;47.4	D	4/9	split_2	68774	0	0	
CP110744.1	MPF_F	IncFII(K);repB(R1701)	118	0	0	GA	0															not_admitted	not_admitted	not_admitted	not_admitted	not_admitted	not_admitted	not_admitted	not_admitted	not_admitted	not_admitted	1	16;16969;17958;-;366.0	6;10055;11422;-;384.6	10;12680;13432;-;233.7	20;19415;22054;-;258.5	5;7206;10055;-;346.4	27;24882;26306;-;89.3	20;19415;22054;-;88.7	29;27033;27599;-;167.8	15;16318;16956;-;67.0	14;14304;16259;-;259.2	1;2430;4742;-;393.2	26;24225;24809;-;54.9	1;2430;4742;-;65.8	A	9/9	contiguous	24603	1	1	6673..7203-;176;unnamed;0
CP110746.1	MPF_F	IncFII(pKP91);IncR	112	0	0	GA	0															not_admitted	not_admitted	not_admitted	not_admitted	not_admitted	not_admitted	not_admitted	not_admitted	not_admitted	not_admitted	1	32;31624;32616;-;363.2	21;24394;25761;-;382.8	25;27019;27771;-;234.4	35;33642;36281;-;257.7	20;21551;24394;-;340.7	45;40087;41511;-;88.4	35;33642;36281;-;83.9	47;42238;42804;-;168.4	31;30973;31611;-;65.7	29;28641;30596;-;257.4	16;16655;18964;-;393.1	43;38900;39469;-;49.2	16;16655;18964;-;66.6	A	9/9	contiguous	25583	1	1	21016..21540-;174;unnamed;0
CP110748.1	MPF_F	IncHI1B(pNDM-MAR);repB	327	0	0	GA	0															not_admitted	not_admitted	not_admitted	not_admitted	not_admitted	not_admitted	not_admitted	not_admitted	not_admitted	not_admitted	1		204;188106;189515;-;190.4	205;189505;190542;-;176.7	108;107474;110332;-;302.5	203;184190;188104;-;120.2						150;144862;146202;+;26.0		120;117301;118773;-;47.4	D	4/9	split_3	82031	0	0	
CP110750.1	MPF_F	IncFIB(K);IncFII(K)	252	0	0	GA	0															not_admitted	not_admitted	not_admitted	not_admitted	not_admitted	not_admitted	not_admitted	not_admitted	not_admitted	not_admitted	1	106;93674;94666;+;366.6	116;100117;101487;+;381.2	112;98163;98915;+;232.4	103;90009;92648;+;258.7	117;101487;104336;+;344.2	94;84770;86194;+;89.2	103;90009;92648;+;88.8	92;83477;84043;+;167.0	107;94679;95317;+;67.0	108;95314;97320;+;259.0	121;106150;108459;+;393.2	96;86806;87375;+;49.7	121;106150;108459;+;65.8	A	9/9	contiguous	22673	1	1	104339..104869+;176;unnamed;0
CP110756.1	MPF_F	IncFIB(K)	245	0	0	GA	0															not_admitted	not_admitted	not_admitted	not_admitted	not_admitted	not_admitted	not_admitted	not_admitted	not_admitted	not_admitted	1	111;98177;99169;+;362.9	121;104733;106100;+;380.4	117;102723;103475;+;235.3	108;94512;97151;+;259.1	122;106100;108937;+;337.5	98;89286;90710;+;88.4	108;94512;97151;+;83.9	96;87993;88559;+;168.4	112;99182;99820;+;66.0	113;99879;101834;+;255.2	126;111526;113835;+;393.1	100;91322;91891;+;53.7	126;111526;113835;+;66.6	A	9/9	contiguous	23533	1	1	108948..109472+;174;unnamed;0
CP110758.1	MPF_T	IncR	141	0	0	GA	1	94;79556;80218;-;48.3	93;79246;79545;-;36.6	92;76486;79236;-;61.8	92;76486;79236;-;134.0	92;76486;79236;-;47.3	91;75751;76467;-;137.0	89;74430;75437;-;137.8		87;73534;74220;-;158.3	86;72648;73541;-;147.4	85;71455;72651;-;134.7	84;70402;71451;-;71.5	77;63757;65664;-;24.3		pfam	pfam_only	A	7/7	canonical	1	1	unscoreable	8	0	0														not_admitted	not_admitted	not_admitted	not_admitted	not_admitted	not_admitted	not_admitted
CP110766.1	MPF_T	IncN3	73	0	0	GA	1	46;35837;36619;-;33.3	44;35294;35590;-;36.0	43;34937;35254;-;71.9	42;32363;34936;-;118.0	42;32363;34936;-;74.2	41;31646;32347;-;98.9	39;30340;31377;-;121.9	38;30132;30263;-;40.1	37;29426;30121;-;132.6	36;28528;29415;-;147.8	35;27395;28528;-;166.3	34;26343;27344;-;90.1	28;19119;20651;+;52.0		pfam	both	A	7/7	canonical	1	0	ga	7	0	0														not_admitted	not_admitted	not_admitted	not_admitted	not_admitted	not_admitted	not_admitted
CP110771.1	MPF_F	Col(pHAD28);IncFIB(K);IncFII(pKP91)	288	0	0	GA	0															not_admitted	not_admitted	not_admitted	not_admitted	not_admitted	not_admitted	not_admitted	not_admitted	not_admitted	not_admitted	1	136;120962;121951;-;363.3	125;113776;115143;-;382.2	129;116401;117153;-;233.7	140;123408;126047;-;259.4	124;110927;113776;-;342.9	150;130009;131433;-;89.2	140;123408;126047;-;88.3	152;132160;132726;-;167.9	134;120039;120686;-;65.9	133;118025;119980;-;259.5	120;106833;109115;-;393.3	148;128813;129397;-;53.8	120;106833;109115;-;65.9	A	9/9	contiguous	25327	1	1	110394..110924-;176;unnamed;0
CP111087.1	MPF_F	IncFII(S);IncFII(pAR0022)	90	0	0	GA	0															not_admitted	not_admitted	not_admitted	not_admitted	not_admitted	not_admitted	not_admitted	not_admitted	not_admitted	not_admitted	1	29;31525;32520;-;357.2	23;25915;27276;-;334.4	25;27909;28688;-;196.8	32;33613;36204;-;219.6	22;23016;25913;-;292.8	36;37638;38999;-;81.6	32;33613;36204;-;87.7	38;39716;40279;-;145.5	27;30535;31149;-;79.9	26;28685;30538;-;258.1	19;19146;21437;-;375.5	33;36215;36829;-;49.5	19;19146;21437;-;59.1	A	9/9	contiguous	20570	1	1	22444..23004-;186;unnamed;0
CP113093.1	MPF_F	IncFIB(AP001918);IncFII(pHN7A8)	123	0	0	GA	0															not_admitted	not_admitted	not_admitted	not_admitted	not_admitted	not_admitted	not_admitted	not_admitted	not_admitted	not_admitted	1	84;72626;73618;+;371.7	103;83183;84556;+;378.7	96;80015;80758;+;234.2	81;68987;71617;+;303.2	104;84553;87396;+;372.3	70;63206;64660;+;94.4	81;68987;71617;+;100.6	68;61925;62491;+;175.1	91;76451;77089;+;70.4	94;77901;79751;+;264.4	108;89683;91908;+;391.7	74;66072;66584;+;77.5	108;89683;91908;+;70.3	A	9/9	contiguous	27758	1	1	87418..87930+;170;TraS;0
CP113095.1	MPF_F	IncFIB(AP001918);IncFII	104	0	0	GA	0															not_admitted	not_admitted	not_admitted	not_admitted	not_admitted	not_admitted	not_admitted	not_admitted	not_admitted	not_admitted	1	52;56939;57937;-;349.6	43;49358;50764;-;342.0	47;52059;52844;-;217.9	56;59170;61809;-;250.8	42;46449;49358;-;313.8	58;62330;63664;-;96.8	56;59170;61809;-;118.9	60;64411;64989;-;126.2	49;54777;55382;-;57.0	48;52846;54780;-;240.8	37;41769;43967;-;370.4	57;61806;62318;-;60.4	37;41769;43967;-;61.8	A	9/9	contiguous	22642	1	1	45784..46434-;216;unnamed;1
CP113221.1	MPF_F	IncFIB(pNDM-Mar);IncHI1B(pNDM-MAR)	349	0	0	GA	0															not_admitted	not_admitted	not_admitted	not_admitted	not_admitted	not_admitted	not_admitted	not_admitted	not_admitted	not_admitted	1	256;222060;223097;+;282.3	99;93899;95308;-;190.4	100;95298;96335;-;175.6	241;208518;211235;+;149.6	98;91894;93897;-;123.4	3;3522;4601;+;207.3	241;208518;211235;+;85.2	234;202530;203390;+;79.0	255;220702;222063;+;69.9	257;223107;226289;+;60.1	107;103530;105656;+;57.7	240;207736;208473;+;56.9	107;103530;105656;+;41.0	A	9/9	split_3	219585	1	1	89984..91918-;644;unnamed;0
CP113223.1	MPF_F	IncFIB(K);IncFII(K);IncFII(pAR0022)	229	0	0	GA	0															not_admitted	not_admitted	not_admitted	not_admitted	not_admitted	not_admitted	not_admitted	not_admitted	not_admitted	not_admitted	1	64;66176;67165;-;366.6	53;59264;60631;-;384.5	57;61889;62641;-;231.8	69;68970;71261;-;259.0	52;56442;59264;-;346.4	77;74472;75182;-;75.5	69;68970;71261;-;85.1	80;76622;77188;-;169.3	63;65525;66163;-;66.9	61;63605;64144;-;140.8	48;51519;53828;-;392.8	76;73774;74358;-;54.3	48;51519;53828;-;65.8	A	9/9	contiguous	25103	1	1	55817..56419-;200;TraS;0
CP113227.1	-	-	209	0	0	GA	0															not_admitted	not_admitted	not_admitted	not_admitted	not_admitted	not_admitted	not_admitted	not_admitted	not_admitted	not_admitted	1	124;112035;113078;+;298.6	132;118440;119849;+;261.3	131;117391;118443;+;211.7	121;107784;110258;+;274.5	133;119853;122678;+;294.9	116;98024;99337;+;131.9	121;107784;110258;+;128.3	114;96177;96812;+;86.3	123;110830;112035;+;66.2	95;78084;81374;+;114.3	109;92261;94021;+;42.4	117;99348;99824;+;84.1	109;92261;94021;+;56.5	A	9/9	contiguous	41769	0	1	
CP113868.1	-	-	104	0	0	GA	0															not_admitted	not_admitted	not_admitted	not_admitted	not_admitted	not_admitted	not_admitted	not_admitted	not_admitted	not_admitted	1	102;97123;98229;-;357.4	95;89616;91070;-;159.2	96;91067;91897;-;128.0	1;694;3420;-;180.4	94;86598;89552;-;182.2	3;3742;5088;-;79.3	1;694;3420;-;98.3	5;5823;6413;-;93.3	101;96509;97153;-;72.1	97;91875;92936;-;159.6	89;81545;83503;-;321.9		89;81545;83503;-;72.6	B	8/9	split_2	96429	1	1	85284..86438-;384;unnamed;0
CP113982.1	MPF_F	IncFII(pRSB107)	93	0	0	GA	0															not_admitted	not_admitted	not_admitted	not_admitted	not_admitted	not_admitted	not_admitted	not_admitted	not_admitted	not_admitted	1	69;56170;57162;+;369.3	83;63707;64582;+;172.8	76;61029;61619;+;214.8	66;53080;55161;+;192.1	84;64579;66315;+;391.2	55;47895;48503;+;73.0	66;53080;55161;+;99.9	52;45796;46362;+;183.8	73;58575;58796;+;29.7	74;58793;60601;+;268.0	66;53080;55161;+;22.9	59;49624;50139;+;76.4		A	9/9	contiguous	18783	1	1	66312..66509+;65;unnamed;0
CP113989.1	MPF_T	IncX1;IncX3	49	0	0	GA	1	47;39132;39779;+;45.4	48;39757;40053;+;77.5	0;1;2754;+;46.6	0;1;2754;+;147.3	0;1;2754;+;71.4	1;2765;3523;+;67.3	3;3820;4950;+;103.0		4;5195;5908;+;120.0	5;5913;6842;+;133.8	6;6839;8044;+;132.5	7;8046;9077;+;79.0	8;9080;10915;+;488.2		pfam	pfam_only	A	7/7	canonical	1	1	unscoreable	1	0	0														not_admitted	not_admitted	not_admitted	not_admitted	not_admitted	not_admitted	not_admitted
CP114145.1	MPF_F	IncFIB(pECLA);IncFIB(pENTE01);IncFII(pECLA)	187	0	0	GA	0															not_admitted	not_admitted	not_admitted	not_admitted	not_admitted	not_admitted	not_admitted	not_admitted	not_admitted	not_admitted	1	104;86678;87676;+;358.7	113;92886;94250;+;367.1	107;90139;90921;+;214.0	96;81132;83741;+;212.8	114;94250;97531;+;311.6	89;77435;78838;+;90.5	96;81132;83741;+;100.0	87;76105;76686;+;102.3	105;87687;88310;+;63.4	106;88307;90142;+;219.2	119;100190;102781;+;366.9	94;80345;80884;+;42.9	119;100190;102781;+;71.1	A	9/9	contiguous	24085	1	1	97540..98253+;237;unnamed;0
CP114146.1	MPF_F	IncFII(pAR0022);IncFII(pSFO)	88	0	0	GA	0															not_admitted	not_admitted	not_admitted	not_admitted	not_admitted	not_admitted	not_admitted	not_admitted	not_admitted	not_admitted	1	64;52084;53070;+;368.4	71;57366;58739;+;375.9	68;55817;56566;+;218.2	61;48460;51090;+;285.5	72;58739;61561;+;334.9	55;45038;46432;+;90.9	61;48460;51090;+;98.6	53;43755;44321;+;170.1	65;53087;53716;+;66.9	66;53713;55566;+;260.5	75;63007;65175;+;384.9	56;46454;46993;+;67.5	75;63007;65175;+;64.0	A	9/9	contiguous	19252	1	1	61575..62051+;158;TraS;0
CP114338.1	MPF_F	IncFIA;IncFIB(AP001918);IncFII	157	0	0	GA	0															not_admitted	not_admitted	not_admitted	not_admitted	not_admitted	not_admitted	not_admitted	not_admitted	not_admitted	not_admitted	1	93;85076;86068;-;369.3	82;78018;79391;-;380.9	89;81604;82377;-;234.0	96;87077;89704;-;303.5	81;75196;78021;-;385.9	102;91863;93290;-;91.9	96;87077;89704;-;98.5	104;94005;94571;-;182.9	92;84429;85067;-;68.7	91;82624;84432;-;268.0	78;71504;73693;-;391.3	97;90220;90735;-;76.4	78;71504;73693;-;70.4	A	9/9	contiguous	22501	1	1	74690..75199-;169;unnamed;0
CP114341.1	MPF_F	IncFIA;IncFII;IncY	136	0	0	GA	0															not_admitted	not_admitted	not_admitted	not_admitted	not_admitted	not_admitted	not_admitted	not_admitted	not_admitted	not_admitted	1	85;76559;77551;+;369.3	94;82613;83986;+;381.0	89;80250;81023;+;234.0	82;72923;75550;+;303.5	95;83983;86808;+;386.0	76;69441;70868;+;94.3	82;72923;75550;+;98.5	74;68160;68726;+;183.8	86;77560;78198;+;68.7	87;78195;80003;+;268.0	98;88312;90573;+;391.6	80;71892;72407;+;78.4	98;88312;90573;+;70.3	A	9/9	contiguous	20152	1	1	86805..87314+;169;unnamed;0
CP114343.1	MPF_T	IncP1	48	0	0	GA	1	21;17131;17904;+;21.5	10;7572;7955;+;68.3	11;7958;8284;+;50.2	12;8281;10824;+;99.2	12;8281;10824;+;108.9	17;14291;15061;+;107.5	19;15201;16796;+;119.8		13;10821;11528;+;88.1	14;11544;12434;+;156.2	16;12884;14278;+;218.2	9;6502;7458;+;133.6	36;30311;32254;-;443.4		conjscan	conjscan_only	A	7/7	canonical	1	0	unscoreable	4	0	0														not_admitted	not_admitted	not_admitted	not_admitted	not_admitted	not_admitted	not_admitted
CP114345.1	MPF_F	IncFIA;IncFII;IncY	136	0	0	GA	0															not_admitted	not_admitted	not_admitted	not_admitted	not_admitted	not_admitted	not_admitted	not_admitted	not_admitted	not_admitted	1	85;76559;77551;+;369.3	94;82613;83986;+;381.0	89;80250;81023;+;234.0	82;72923;75550;+;303.5	95;83983;86808;+;386.0	76;69441;70868;+;94.3	82;72923;75550;+;98.5	74;68160;68726;+;183.8	86;77560;78198;+;68.7	87;78195;80003;+;268.0	98;88312;90564;+;391.7	80;71892;72407;+;78.4	98;88312;90564;+;70.3	A	9/9	contiguous	20152	1	1	86805..87314+;169;unnamed;0
CP114348.1	MPF_F	IncFIA;IncFIB(AP001918);IncFII	154	0	0	GA	0															not_admitted	not_admitted	not_admitted	not_admitted	not_admitted	not_admitted	not_admitted	not_admitted	not_admitted	not_admitted	1	90;83763;84755;-;369.3	79;76705;78078;-;380.9	86;80291;81064;-;234.0	93;85764;88391;-;303.5	78;73883;76708;-;385.9	99;90550;91977;-;91.9	93;85764;88391;-;98.3	101;92692;93258;-;182.9	89;83116;83754;-;68.7	88;81311;83119;-;268.0	75;70191;72380;-;391.3	94;88907;89422;-;76.4	75;70191;72380;-;70.4	A	9/9	contiguous	22501	1	1	73377..73886-;169;unnamed;0
CP114351.1	MPF_F	IncC	189	0	0	GA	0															not_admitted	not_admitted	not_admitted	not_admitted	not_admitted	not_admitted	not_admitted	not_admitted	not_admitted	not_admitted	1	67;59729;60736;-;332.9	176;143086;144519;-;339.2	177;144521;145549;-;221.7	72;63488;65935;-;354.2	175;139459;143073;-;375.3	84;79156;80472;-;135.0	72;63488;65935;-;128.6	86;81370;81996;-;92.1	69;61401;62666;-;67.6	66;56818;59613;-;145.3	95;85806;87671;-;47.4	83;78581;79159;-;100.2	95;85806;87671;-;52.0	A	9/9	split_2	87703	0	1	
CP114368.1	MPF_F	IncC	191	0	0	GA	0															not_admitted	not_admitted	not_admitted	not_admitted	not_admitted	not_admitted	not_admitted	not_admitted	not_admitted	not_admitted	1	97;72547;73554;+;332.9	180;146631;148064;+;339.2	179;145601;146629;+;221.7	92;67348;69795;+;354.2	181;148077;151691;+;375.3	80;52812;54128;+;135.0	92;67348;69795;+;128.6	78;51288;51914;+;92.1	95;70617;71882;+;67.6	98;73670;76465;+;145.3	69;45613;47478;+;47.4	81;54125;54703;+;100.2	69;45613;47478;+;52.0	A	9/9	split_2	102464	0	1	
CP114554.1	-	-	352	0	0	GA	0															not_admitted	not_admitted	not_admitted	not_admitted	not_admitted	not_admitted	not_admitted	not_admitted	not_admitted	not_admitted	1	188;187461;188471;+;375.2	181;182026;183162;+;89.7	179;181063;181734;+;129.4	196;192944;193987;+;132.7	203;197052;198884;+;197.3	193;191188;192348;+;93.8	198;194262;195425;+;69.3	191;189869;190420;+;105.4	189;188461;189537;+;71.6	186;186239;186784;+;83.6	59;62001;63791;-;29.2	195;192554;192925;+;38.8	176;177469;179253;-;54.6	A	9/9	split_2	135051	1	1	198860..200446+;528;unnamed;0
CP114559.1	-	-	205	0	0	GA	0															not_admitted	not_admitted	not_admitted	not_admitted	not_admitted	not_admitted	not_admitted	not_admitted	not_admitted	not_admitted	1	73;59720;60730;-;375.7	77;65033;66481;-;189.3	78;66462;67286;-;133.1	65;52764;55247;-;178.1	60;47738;51133;-;198.0	68;55843;57003;-;94.1	65;52764;55247;-;65.3	70;57771;58322;-;105.4	72;58654;59730;-;70.2	75;61408;62949;-;78.3	82;68959;70734;+;27.8	66;55266;55637;-;38.6	82;68959;70734;+;55.8	A	9/9	contiguous	21221	0	1	
CP114754.1	MPF_F	IncFIB(K);IncFII(K)	308	0	0	GA	0															not_admitted	not_admitted	not_admitted	not_admitted	not_admitted	not_admitted	not_admitted	not_admitted	not_admitted	not_admitted	1	128;113326;114045;+;281.9	141;119866;121233;+;382.2	137;117856;118608;+;236.4	124;108959;111598;+;259.0	142;121233;124076;+;342.9	114;104219;104989;+;79.5	124;108959;111598;+;87.6	111;102271;102837;+;169.3	130;114321;114968;+;65.9	132;116351;116812;+;141.8	146;126662;128974;+;392.8	117;105601;106185;+;53.8	146;126662;128974;+;65.9	A	9/9	contiguous	24391	1	1	124087..124470+;127;unnamed;0
CP114755.1	MPF_F	IncFII(pBK30683)	117	0	0	GA	0															not_admitted	not_admitted	not_admitted	not_admitted	not_admitted	not_admitted	not_admitted	not_admitted	not_admitted	not_admitted	1	92;70580;71569;+;366.6	102;77117;78484;+;380.5	98;75107;75859;+;233.7	88;66498;69137;+;258.5	103;78647;81307;+;308.3	7;6464;7684;+;216.3	88;66498;69137;+;87.8	78;60700;61266;+;169.3	93;71582;72220;+;66.9	94;72406;74235;+;259.9	107;83357;85666;+;392.7	82;63532;64101;+;52.3	107;83357;85666;+;66.6	A	9/9	split_2	76893	1	1	81330..81932+;200;TraS;0
CP114757.1	MPF_T	IncX1;IncX10	51	0	0	GA	1	38;26072;26719;-;45.5	37;25798;26094;-;76.6	36;23026;25779;-;46.6	36;23026;25779;-;147.9	36;23026;25779;-;75.3	35;22257;23015;-;67.5	33;20886;22019;-;109.2		31;19927;20547;-;115.9	30;18993;19922;-;133.7	28;17790;18224;-;87.8	27;16757;17788;-;76.3	25;14978;16204;-;386.7		pfam	pfam_only	A	7/7	canonical	1	1	unscoreable	4	0	0														not_admitted	not_admitted	not_admitted	not_admitted	not_admitted	not_admitted	not_admitted
CP115334.1	MPF_F	IncFIC(FII);IncR	182	0	0	GA	0															not_admitted	not_admitted	not_admitted	not_admitted	not_admitted	not_admitted	not_admitted	not_admitted	not_admitted	not_admitted	1	153;120846;121838;+;369.3	162;126533;127906;+;380.7	157;124570;125313;+;232.7	149;117511;119220;+;232.3	163;127903;129639;+;382.3	144;113873;115300;+;94.3	149;117511;119220;+;49.9	142;112592;113158;+;183.8	154;121847;122485;+;68.3	155;122482;124290;+;268.3	168;133241;134437;+;225.0	147;116181;116696;+;78.0	168;133241;134437;+;71.7	A	9/9	contiguous	20649	1	1	129657..130724+;355;unnamed;0
CP115336.1	MPF_T	IncX1;IncX9	52	0	0	GA	1	27;27752;28399;-;45.2	26;27478;27774;-;77.5	25;24706;27459;-;46.6	25;24706;27459;-;148.0	25;24706;27459;-;75.3	24;23946;24695;-;67.5	22;22574;23635;-;135.0		21;21616;22329;-;119.8	20;20682;21611;-;134.1	18;19481;19915;-;89.4	17;18448;19479;-;76.4	16;16610;18445;-;482.7		pfam	pfam_only	A	7/7	canonical	1	1	unscoreable	2	0	0														not_admitted	not_admitted	not_admitted	not_admitted	not_admitted	not_admitted	not_admitted
CP115908.1	MPF_T	-	140	0	0	GA	1		137;145753;146157;-;70.9	136;145461;145760;-;63.0	135;142992;145457;-;188.0	135;142992;145457;-;134.6	134;142211;143020;-;46.5	132;140803;141993;-;111.0		131;140108;140785;-;121.3	130;139239;140090;-;187.4	128;137429;138751;-;226.8	138;146147;147118;-;132.6	63;68724;70649;-;552.4		conjscan	conjscan_only	A	7/7	canonical	1	0	unscoreable	3	0	0														not_admitted	not_admitted	not_admitted	not_admitted	not_admitted	not_admitted	not_admitted
CP115909.1	MPF_T	-	106	0	0	GA	1		104;108135;108530;-;72.8	103;107843;108142;-;64.5	102;105397;107832;-;171.6	102;105397;107832;-;122.3	101;104595;105404;-;51.0	99;103223;104404;-;115.5		98;102539;103201;-;131.7	97;101693;102523;-;187.0	95;99928;101226;-;217.8	105;108520;109557;-;125.5	78;85360;87312;-;549.5		conjscan	conjscan_only	A	7/7	canonical	1	0	unscoreable	3	0	0														not_admitted	not_admitted	not_admitted	not_admitted	not_admitted	not_admitted	not_admitted
CP115910.1	MPF_T	-	210	0	0	GA	1	43;43908;44627;+;59.9	204;201322;201726;-;73.6	45;45007;45333;+;72.2	46;45333;47702;+;226.5	202;198557;201019;-;129.7	201;197776;198585;-;46.3	199;196368;197558;-;108.5		49;49491;50264;+;175.3	197;194820;195674;-;183.1	160;151043;152350;-;227.8	205;201716;202687;-;130.5	95;86225;88168;-;543.3		conjscan	conjscan_only	A	7/7	uncallable	0	0	unscoreable	10	0	0														not_admitted	not_admitted	not_admitted	not_admitted	not_admitted	not_admitted	not_admitted
CP115967.1	-	-	177	0	0	GA	0															not_admitted	not_admitted	not_admitted	not_admitted	not_admitted	not_admitted	not_admitted	not_admitted	not_admitted	not_admitted	1	154;154989;156014;-;396.9	149;149867;151309;-;359.3	150;151309;152124;-;231.5	160;158319;160874;-;429.5	148;147035;149851;-;364.7	163;162406;163713;-;94.7	160;158319;160874;-;99.6	165;164513;165076;-;166.3	153;154236;154973;-;103.8	152;152506;154239;-;275.3	61;54346;56742;+;481.2		61;54346;56742;+;61.6	B	8/9	split_2	110167	1	1	145848..146672-;274;unnamed;0
CP116019.1	MPF_T	IncFIB(K)	120	0	0	GA	1	80;77735;78397;+;48.3	81;78408;78707;+;36.6	82;78717;81467;+;61.6	82;78717;81467;+;134.0	82;78717;81467;+;46.2	83;81486;82202;+;137.0	85;82516;83523;+;137.8		87;83733;84419;+;158.3	88;84412;85305;+;146.0	89;85302;86498;+;134.8	90;86502;87551;+;71.5	97;92289;94196;+;24.3		pfam	pfam_only	A	7/7	canonical	1	1	unscoreable	8	0	0														not_admitted	not_admitted	not_admitted	not_admitted	not_admitted	not_admitted	not_admitted
CP116020.1	MPF_T	-	41	0	0	GA	1		20;18399;18707;-;67.6	19;18071;18388;-;84.6	18;15624;18074;-;142.6	18;15624;18074;-;84.6	17;14959;15603;-;97.0	15;13673;14686;-;161.4		13;12566;13324;-;142.8	12;11742;12563;-;197.9	11;10552;11742;-;188.9	10;9537;10574;-;83.0	9;7646;9574;-;402.6		pfam	both	A	7/7	canonical	1	0	unscoreable	2	0	0														not_admitted	not_admitted	not_admitted	not_admitted	not_admitted	not_admitted	not_admitted
CP117206.1	MPF_T	IncX3	58	0	0	GA	1	45;38165;38809;-;46.4	44;37891;38181;-;73.1	43;35113;37866;-;47.0	43;35113;37866;-;142.4	43;35113;37866;-;73.3	42;34333;35103;-;60.1	40;32999;34054;-;133.2		39;32076;32804;-;119.4	38;31141;32070;-;138.8	37;29930;31144;-;128.3	35;28700;29734;-;65.7	34;26862;28697;-;495.9		pfam	pfam_only	A	7/7	canonical	1	1	unscoreable	2	0	0														not_admitted	not_admitted	not_admitted	not_admitted	not_admitted	not_admitted	not_admitted
CP117211.1	MPF_F	IncFIB(pB171);IncFII	138	0	0	GA	0															not_admitted	not_admitted	not_admitted	not_admitted	not_admitted	not_admitted	not_admitted	not_admitted	not_admitted	not_admitted	1	110;89794;90786;+;369.6	121;96518;97891;+;380.7	116;94185;94928;+;233.3	107;86158;88785;+;303.5	122;97888;100707;+;383.9	102;82578;84029;+;94.6	107;86158;88785;+;100.3	100;81297;81863;+;183.2	111;90795;91433;+;68.6	114;92145;93908;+;267.9	125;102239;104410;+;391.8	106;85127;85642;+;79.0	125;102239;104410;+;70.4	A	9/9	contiguous	20942	1	1	100732..101223+;163;TraS;0
CP117214.1	MPF_F	IncFIB(pQil);IncFII(K)	120	0	0	GA	0															not_admitted	not_admitted	not_admitted	not_admitted	not_admitted	not_admitted	not_admitted	not_admitted	not_admitted	not_admitted	1	95;69749;70738;+;366.0	105;76285;77652;+;384.6	101;74275;75027;+;233.7	91;65653;68292;+;258.5	106;77652;80501;+;345.0	84;61402;62826;+;89.3	91;65653;68292;+;88.7	82;60109;60675;+;169.3	96;70751;71389;+;67.0	97;71448;73403;+;259.2	110;82965;85277;+;393.2	85;62898;63482;+;54.9	110;82965;85277;+;65.8	A	9/9	contiguous	22856	1	1	80504..81034+;176;unnamed;0
CP117217.1	MPF_F	IncFIB(pQil);IncFII(K)	123	0	0	GA	0															not_admitted	not_admitted	not_admitted	not_admitted	not_admitted	not_admitted	not_admitted	not_admitted	not_admitted	not_admitted	1	98;70854;71843;+;366.0	108;77390;78757;+;384.6	104;75380;76132;+;233.7	94;66758;69397;+;258.5	109;78757;81606;+;345.0	87;62507;63931;+;89.3	94;66758;69397;+;88.7	85;61214;61780;+;169.3	99;71856;72494;+;67.0	100;72553;74508;+;259.2	113;84070;86382;+;393.2	88;64003;64587;+;54.9	113;84070;86382;+;65.8	A	9/9	contiguous	22856	1	1	81609..82139+;176;unnamed;0
CP117219.1	MPF_T	IncN4	50	0	0	GA	1	24;19665;20405;-;34.9	22;19051;19341;-;45.6	21;18685;18999;-;65.3	20;16055;18685;-;123.6	20;16055;18685;-;87.4	19;15338;16045;-;114.7	17;14036;15079;-;126.7	16;13771;13941;-;41.4	15;13052;13768;-;145.6	14;12162;13049;-;144.4	13;11011;12165;-;174.0	12;9987;11018;-;78.1	7;4001;5578;+;54.8		pfam	both	A	7/7	canonical	1	0	ga	6	0	0														not_admitted	not_admitted	not_admitted	not_admitted	not_admitted	not_admitted	not_admitted
CP117222.1	MPF_F	IncFIB(pQil);IncFII(K)	123	0	0	GA	0															not_admitted	not_admitted	not_admitted	not_admitted	not_admitted	not_admitted	not_admitted	not_admitted	not_admitted	not_admitted	1	98;70854;71843;+;366.0	108;77390;78757;+;384.6	104;75380;76132;+;233.7	94;66758;69397;+;258.5	109;78757;81606;+;345.0	87;62507;63931;+;89.3	94;66758;69397;+;88.7	85;61214;61780;+;169.3	99;71856;72494;+;67.0	100;72553;74508;+;259.2	113;84070;86382;+;393.2	88;64003;64587;+;54.9	113;84070;86382;+;65.8	A	9/9	contiguous	22856	1	1	81609..82139+;176;unnamed;0
CP117686.1	MPF_T	rep38	51	0	0	GA	1				14;13347;15362;-;22.7									9;7772;9322;-;464.4		none	none	D	2/7	uncallable	0	0	unscoreable	4	0	0														not_admitted	not_admitted	not_admitted	not_admitted	not_admitted	not_admitted	not_admitted
CP117822.1	MPF_T	-	41	0	0	GA	1		8;8479;8871;-;58.1	7;8156;8476;-;50.2	6;5604;8168;-;104.6	6;5604;8168;-;109.4	1;1307;2080;-;109.7			5;4891;5607;-;92.4	4;3984;4874;-;169.0	2;2099;3499;-;207.2	9;8884;9843;-;139.4	26;22861;24795;+;468.1		conjscan	both	B	6/7	uncallable	0	0	unscoreable	1	0	0														not_admitted	not_admitted	not_admitted	not_admitted	not_admitted	not_admitted	not_admitted
CP118543.1	MPF_F	IncFII(S);IncFII(pAR0022)	113	0	0	GA	0															not_admitted	not_admitted	not_admitted	not_admitted	not_admitted	not_admitted	not_admitted	not_admitted	not_admitted	not_admitted	1	29;18038;19030;+;359.8	39;24760;27246;+;390.5	36;22985;23728;+;228.3	26;14949;17051;+;196.2		18;10471;11892;+;90.5	26;14949;17051;+;98.5	16;9178;9744;+;189.2	31;19342;19980;+;71.1	33;20433;22259;+;269.6	42;29104;31338;+;370.2	21;12677;13192;+;88.5	42;29104;31338;+;72.0	B	8/9	contiguous	19926	0	1	
CP119055.1	MPF_F	IncFII(pAR0022);IncFII(pSFO)	93	0	0	GA	0															not_admitted	not_admitted	not_admitted	not_admitted	not_admitted	not_admitted	not_admitted	not_admitted	not_admitted	not_admitted	1	69;56479;57465;+;368.4	76;61761;63134;+;375.9	73;60212;60961;+;218.2	66;52855;55485;+;285.5	77;63134;65956;+;334.9	60;49433;50827;+;90.9	66;52855;55485;+;98.6	58;48150;48716;+;169.9	70;57482;58111;+;66.9	71;58108;59961;+;257.4	80;67402;69570;+;384.9	61;50849;51388;+;67.5	80;67402;69570;+;64.0	A	9/9	contiguous	19252	1	1	65970..66446+;158;TraS;0
CP119077.1	MPF_T	IncP1	75	0	0	GA	1		54;37622;38005;+;68.7	55;38008;38334;+;50.6	56;38331;40874;+;96.6	56;38331;40874;+;106.9	61;44350;45120;+;100.7	62;45260;46864;+;120.3		57;40871;41578;+;91.3	58;41594;42484;+;152.4	60;42943;44337;+;220.3	53;36552;37508;+;135.2	20;13160;15106;-;442.7		conjscan	conjscan_only	A	7/7	canonical	1	0	unscoreable	2	0	0														not_admitted	not_admitted	not_admitted	not_admitted	not_admitted	not_admitted	not_admitted
CP119118.1	MPF_F	IncFIB(pB171);IncFII	152	0	0	GA	0															not_admitted	not_admitted	not_admitted	not_admitted	not_admitted	not_admitted	not_admitted	not_admitted	not_admitted	not_admitted	1	17;18245;19237;-;369.3	8;11810;13183;-;380.7	13;14773;15546;-;232.8	20;20246;22873;-;303.5	7;8994;11813;-;386.2	26;24928;26355;-;94.3	20;20246;22873;-;98.5	28;27070;27636;-;183.2	16;17598;18236;-;68.7	15;15793;17601;-;268.0	4;5282;7462;-;391.8	22;23389;23904;-;78.4	4;5282;7462;-;70.4	A	9/9	contiguous	21788	1	1	8478..8969-;163;TraS;0
CP119119.1	MPF_T	IncX4	48	0	0	GA	1	2;2267;2887;-;41.6	1;1927;2253;-;64.4	0;439;1908;-;65.0	0;439;1908;-;127.3	0;439;1908;-;48.1	46;31370;32086;-;94.2	45;30264;31358;-;150.1		43;29063;29749;-;168.8	42;28158;29066;-;142.4	41;27047;28165;-;164.0	40;26017;27045;-;85.0	39;24168;25985;-;316.5		pfam	pfam_only	A	7/7	rearranged	1	1	unscoreable	1	0	0														not_admitted	not_admitted	not_admitted	not_admitted	not_admitted	not_admitted	not_admitted
CP119184.1	MPF_F	IncFIB(pNDM-Mar);IncHI1B(pNDM-MAR)	323	0	0	GA	0															not_admitted	not_admitted	not_admitted	not_admitted	not_admitted	not_admitted	not_admitted	not_admitted	not_admitted	not_admitted	1	83;65247;66284;-;282.3	259;199232;199747;+;98.6	258;197996;199033;+;175.6	100;77109;79826;-;149.6	261;200432;204400;+;121.3	105;81938;83308;-;65.6	100;77109;79826;-;85.2	108;84953;85459;-;62.2	84;66281;67642;-;69.9	81;62269;62802;-;27.8	249;188680;190806;-;56.5	101;79871;80608;-;56.9	249;188680;190806;-;38.7	A	9/9	split_2	138163	0	1	
CP119185.1	MPF_F	IncFIB(K);IncFII(K)	277	0	0	GA	0															not_admitted	not_admitted	not_admitted	not_admitted	not_admitted	not_admitted	not_admitted	not_admitted	not_admitted	not_admitted	1	89;76286;76900;-;259.6	75;69833;70471;-;225.2	79;71729;72481;-;236.4	94;78753;81173;-;217.8	73;66839;69106;-;343.7	105;85160;86101;-;79.0	94;78753;81173;-;87.7	107;86753;88045;-;164.6	87;75363;76010;-;65.9	84;73444;73983;-;140.7	67;61369;63195;-;393.7	103;84136;84720;-;53.8	67;61369;63195;-;66.3	A	9/9	contiguous	25384	1	1	66264..66842-;192;unnamed;0
CP119235.1	MPF_F	-	114	0	0	GA	0															not_admitted	not_admitted	not_admitted	not_admitted	not_admitted	not_admitted	not_admitted	not_admitted	not_admitted	not_admitted	1	4;2824;3867;-;369.2	111;69007;70434;-;325.8	113;70836;71372;-;185.0	9;5574;8153;-;164.7	110;65971;68991;-;208.7	13;9835;10827;-;104.3	9;5574;8153;-;107.8	16;11863;12441;-;83.7	3;2102;2809;-;107.6	0;50;1222;-;98.3	37;23145;25304;-;381.3	10;8163;8807;-;41.9	37;23145;25304;-;90.0	A	9/9	split_2	70786	1	1	65703..66029-;108;unnamed;0
CP119254.1	-	-	103	0	0	GA	0															not_admitted	not_admitted	not_admitted	not_admitted	not_admitted	not_admitted	not_admitted	not_admitted	not_admitted	not_admitted	1	83;52822;53952;-;329.8	78;47249;48673;-;300.5	79;48683;51202;-;222.6	87;55541;57604;-;119.3	77;46441;47235;-;132.3	91;59564;60853;-;108.0	87;55541;57604;-;108.2	93;61601;62173;-;106.8	81;52174;52446;-;54.0	79;48683;51202;-;111.0	2;882;2198;-;399.0	88;57751;58845;-;38.2	2;882;2198;-;88.0	A	9/9	split_2	60719	1	1	44228..46492-;754;unnamed;0
CP119445.1	MPF_F	IncFII(pCoo)	105	0	0	GA	0															not_admitted	not_admitted	not_admitted	not_admitted	not_admitted	not_admitted	not_admitted	not_admitted	not_admitted	not_admitted	1	76;60717;61709;+;369.5	89;68120;69493;+;382.5	83;65443;66186;+;234.1	73;57078;59708;+;297.8	90;69490;72315;+;386.5	62;50330;51757;+;94.0	73;57078;59708;+;100.5	60;49049;49615;+;182.3	78;62053;62691;+;68.6	81;63403;65166;+;267.3	94;74557;76818;+;391.7	66;52879;53394;+;76.4	94;74557;76818;+;70.3	A	9/9	contiguous	25508	1	1	72312..72821+;169;unnamed;0
CP119482.1	MPF_F	IncHI2	287	0	0	GA	0															not_admitted	not_admitted	not_admitted	not_admitted	not_admitted	not_admitted	not_admitted	not_admitted	not_admitted	not_admitted	1	10;11509;12567;+;276.9	173;171081;172496;-;194.1	174;172486;173532;-;174.1	280;261167;263848;+;168.0	172;167119;171072;-;101.6	276;257482;258837;+;80.7	280;261167;263848;+;72.2	273;254970;255758;+;74.8	8;9856;11367;+;62.0	11;12586;15774;+;57.3	181;180572;182656;+;56.8	279;260208;261158;+;46.1	181;180572;182656;+;38.8	A	9/9	split_3	251311	0	1	
CP119484.1	MPF_F	IncFIB(AP001918);IncFII	148	0	0	GA	0															not_admitted	not_admitted	not_admitted	not_admitted	not_admitted	not_admitted	not_admitted	not_admitted	not_admitted	not_admitted	1	0;218;547;+;108.4	9;5606;6982;+;381.0	4;3276;4019;+;230.0	145;142739;145366;+;306.5	10;6979;9801;+;387.5	138;139257;140684;+;94.3	145;142739;145366;+;98.5	136;137976;138542;+;183.3	1;556;1194;+;66.7	2;1191;2999;+;267.9	13;11334;13559;+;391.7	142;141708;142223;+;77.3	13;11334;13559;+;70.3	A	9/9	split_2	142521	1	1	9822..10319+;165;TraS;0
CP119488.1	MPF_F	IncFIB(AP001918);IncFII	149	0	0	GA	0															not_admitted	not_admitted	not_admitted	not_admitted	not_admitted	not_admitted	not_admitted	not_admitted	not_admitted	not_admitted	1	138;136329;137321;+;369.3	147;142380;143756;+;381.0	142;140050;140793;+;230.0	135;132693;135320;+;306.5		128;129211;130638;+;94.3	135;132693;135320;+;98.5	126;127930;128496;+;183.3	139;137330;137968;+;66.7	140;137965;139773;+;267.9	3;2109;4307;+;391.7	132;131662;132177;+;77.3	3;2109;4307;+;70.3	B	8/9	split_2	140271	0	1	
CP119492.1	MPF_F	IncFIA(HI1);IncHI1A;IncHI1B(R27);IncQ1	247	0	0	GA	0															not_admitted	not_admitted	not_admitted	not_admitted	not_admitted	not_admitted	not_admitted	not_admitted	not_admitted	not_admitted	1	21;25480;26532;+;277.6	162;153994;155409;-;201.7	163;155399;156445;-;171.3	4;3514;6195;+;160.9	161;149996;153985;-;103.1	0;27;1166;+;84.6	4;3514;6195;+;76.5	244;219817;220602;+;68.7	19;23827;25335;+;65.6	22;26555;29731;+;58.9	170;163336;165420;+;50.2	3;2555;3505;+;45.2	170;163336;165420;+;36.5	A	9/9	split_4	219790	0	1	
CP119493.1	MPF_F	IncFIB(AP001918);IncFIC(FII)	162	0	0	GA	0															not_admitted	not_admitted	not_admitted	not_admitted	not_admitted	not_admitted	not_admitted	not_admitted	not_admitted	not_admitted	1	15;17585;18577;-;369.3	5;10911;12287;-;381.0	11;14113;14856;-;235.0	18;19586;22216;-;303.5	4;8089;10914;-;389.2	26;25239;26666;-;94.7	18;19586;22216;-;98.5	28;27381;27947;-;183.8	14;16938;17576;-;68.7	13;15133;16941;-;268.0	1;4433;6586;-;391.8	23;23840;24355;-;76.4	1;4433;6586;-;70.4	A	9/9	contiguous	22948	1	1	7583..8092-;169;unnamed;0
CP119496.1	MPF_F	IncHI1A;IncHI1B(R27);IncQ1	197	0	0	GA	0															not_admitted	not_admitted	not_admitted	not_admitted	not_admitted	not_admitted	not_admitted	not_admitted	not_admitted	not_admitted	1	59;60325;61377;+;277.6	153;151060;152475;-;201.7	154;152465;153511;-;171.3	42;38359;41040;+;160.9	152;147062;151051;-;103.1	38;34653;36011;+;84.0	42;38359;41040;+;76.5	35;32201;32986;+;68.7	57;58672;60180;+;65.6	60;61400;64576;+;58.9	160;160446;162530;+;50.2	41;37400;38350;+;45.2	160;160446;162530;+;36.5	A	9/9	split_3	128245	0	1	
CP119497.1	MPF_F	IncFIB(AP001918);IncFIC(FII)	152	0	0	GA	0															not_admitted	not_admitted	not_admitted	not_admitted	not_admitted	not_admitted	not_admitted	not_admitted	not_admitted	not_admitted	1	41;37630;38622;-;369.3	31;30956;32329;-;381.0	37;34158;34901;-;235.0	44;39631;42261;-;303.5	30;29700;30959;-;353.3	50;45284;46711;-;94.7	44;39631;42261;-;98.5	52;47426;47992;-;183.8	40;36983;37621;-;68.7	39;35178;36986;-;268.0	6;3534;5687;+;391.8	47;43885;44400;-;76.4	6;3534;5687;+;70.4	A	9/9	split_2	43892	1	1	28984..29688-;234;unnamed;0
CP119511.1	MPF_F	IncA	203	0	0	GA	0															not_admitted	not_admitted	not_admitted	not_admitted	not_admitted	not_admitted	not_admitted	not_admitted	not_admitted	not_admitted	1	95;69258;70262;+;330.1	193;155707;157140;+;336.4	192;154677;155705;+;223.9	90;64053;66500;+;352.8	194;157153;160758;+;377.7	85;55226;56542;+;136.3	90;64053;66500;+;130.4	83;53702;54328;+;94.3	93;67322;68590;+;69.7	96;70413;73151;+;138.7	74;48047;49912;+;47.6	86;56539;57117;+;98.1	74;48047;49912;+;52.1	A	9/9	split_2	109106	0	1	
CP119565.2	MPF_F	IncFIB(K)	226	0	0	GA	0															not_admitted	not_admitted	not_admitted	not_admitted	not_admitted	not_admitted	not_admitted	not_admitted	not_admitted	not_admitted	1	178;152050;153075;-;363.1	167;144867;146234;-;380.5	171;147492;148244;-;233.7	183;155438;157132;-;260.5	166;142018;144867;-;346.4	193;161094;161804;-;75.8	182;154494;155438;-;44.7	196;163244;163810;-;167.0	176;151127;151774;-;66.9	175;149207;151084;-;197.7	159;136185;138494;-;393.1	191;159934;160482;-;44.4	159;136185;138494;-;66.6	A	9/9	contiguous	27059	1	1	141566..142015-;149;unnamed;0
CP120235.2	MPF_F	Col156;IncFIB(K);IncFII(29)	310	0	0	GA	0															not_admitted	not_admitted	not_admitted	not_admitted	not_admitted	not_admitted	not_admitted	not_admitted	not_admitted	not_admitted	1	78;67547;68539;-;369.5	250;200591;202120;-;380.0	254;203378;204130;-;233.7	266;210380;213019;-;259.0	66;57309;60131;-;388.5	91;75307;76734;-;93.9	266;210380;213019;-;88.7	93;77449;78015;-;183.1	76;66566;67204;-;68.6	75;64719;66569;-;272.0	60;52716;54398;-;347.7	87;73664;74179;-;73.9	60;52716;54398;-;70.8	A	9/9	split_2	157664	1	1	56808..57287-;159;TraS;0
CP120242.1	MPF_T	-	61	0	0	GA	1		34;27966;28229;+;54.5	35;28248;31016;+;73.3	35;28248;31016;+;178.6	35;28248;31016;+;86.1		42;33888;34880;+;111.7		44;35027;35689;+;177.6	45;35686;36573;+;161.4	46;36600;37772;+;166.0	47;38007;38744;+;94.1	48;38745;40556;+;348.4		none	none	A	7/7	canonical	0	1	unscoreable	7	0	0														not_admitted	not_admitted	not_admitted	not_admitted	not_admitted	not_admitted	not_admitted
CP120245.1	MPF_T	-	61	0	0	GA	1		34;27964;28227;+;54.5	35;28246;31014;+;73.3	35;28246;31014;+;178.6	35;28246;31014;+;86.1	40;32896;33882;+;81.3	41;33886;34878;+;111.7		43;35025;35687;+;177.6	44;35684;36175;+;87.2	46;36597;37769;+;166.0	47;37750;38742;+;93.2	48;38743;40554;+;348.4		pfam	pfam_only	A	7/7	canonical	1	1	unscoreable	5	0	0														not_admitted	not_admitted	not_admitted	not_admitted	not_admitted	not_admitted	not_admitted
CP120248.1	MPF_T	-	62	0	0	GA	1		35;27968;28231;+;54.5	36;28250;31018;+;73.3	36;28250;31018;+;178.6	36;28250;31018;+;86.1	41;32900;33886;+;81.3	42;33890;34882;+;111.7		44;35029;35691;+;177.6	45;35688;36179;+;87.2	47;36601;37773;+;166.0	48;37754;38746;+;93.2	49;38747;40558;+;348.4		pfam	pfam_only	A	7/7	canonical	1	1	unscoreable	5	0	0														not_admitted	not_admitted	not_admitted	not_admitted	not_admitted	not_admitted	not_admitted
CP120260.1	MPF_T	-	62	0	0	GA	1		33;27966;28229;+;54.5	34;28248;31016;+;73.3	34;28248;31016;+;178.6	34;28248;31016;+;86.1	39;32898;33884;+;81.3	40;33888;34880;+;111.7		42;35027;35689;+;177.6	43;35686;36177;+;87.2	45;36599;37771;+;166.0	46;37752;38744;+;93.2	48;39560;40555;+;225.0		pfam	pfam_only	A	7/7	canonical	1	1	unscoreable	5	0	0														not_admitted	not_admitted	not_admitted	not_admitted	not_admitted	not_admitted	not_admitted
CP120281.1	MPF_T	-	61	0	0	GA	1		36;30049;30312;+;54.5	37;30331;31002;+;76.3	38;31026;33098;+;179.5	37;30331;31002;+;71.7	43;34980;35966;+;81.3	44;35970;36962;+;111.7		46;37109;37771;+;177.6	47;37768;38259;+;87.2	49;38681;39853;+;166.0	50;39834;40826;+;93.2	51;40827;42638;+;348.4		pfam	pfam_only	A	7/7	canonical	1	0	unscoreable	5	0	0														not_admitted	not_admitted	not_admitted	not_admitted	not_admitted	not_admitted	not_admitted
CP120284.1	MPF_T	-	60	0	0	GA	1		34;27965;28228;+;54.5	35;28247;31015;+;73.3	35;28247;31015;+;178.6	35;28247;31015;+;86.1	40;32897;33883;+;81.3	41;33887;34879;+;111.7		43;35026;35688;+;177.6	44;35685;36572;+;161.4	45;36599;37771;+;166.0	46;37752;38744;+;93.2	47;38745;40556;+;348.4		pfam	pfam_only	A	7/7	canonical	1	1	unscoreable	5	0	0														not_admitted	not_admitted	not_admitted	not_admitted	not_admitted	not_admitted	not_admitted
CP120287.1	MPF_T	-	57	0	0	GA	1		22;21467;21730;-;54.5	21;18680;21448;-;73.3	21;18680;21448;-;178.6	21;18680;21448;-;86.1	16;15812;16798;-;81.3	15;14816;15808;-;111.7		13;14007;14669;-;177.6	12;13123;14010;-;161.4	11;11924;13096;-;166.0	10;10951;11943;-;93.2	9;9139;10950;-;348.4		pfam	pfam_only	A	7/7	canonical	1	1	unscoreable	5	0	0														not_admitted	not_admitted	not_admitted	not_admitted	not_admitted	not_admitted	not_admitted
CP120290.1	MPF_T	-	61	0	0	GA	1		33;27969;28232;+;54.5	34;28251;31019;+;73.3	34;28251;31019;+;178.6	34;28251;31019;+;86.1	39;32901;33887;+;81.3	40;33891;34883;+;111.7		42;35030;35692;+;177.6	43;35689;36180;+;87.2	45;36602;37774;+;166.0	46;37755;38747;+;93.2	47;38748;40559;+;348.4		pfam	pfam_only	A	7/7	canonical	1	1	unscoreable	5	0	0														not_admitted	not_admitted	not_admitted	not_admitted	not_admitted	not_admitted	not_admitted
CP120293.1	MPF_T	-	60	0	0	GA	1		33;27967;28230;+;54.5	34;28249;31017;+;73.3	34;28249;31017;+;178.6	34;28249;31017;+;86.1	39;32899;33885;+;81.3	40;33889;34881;+;111.7		42;35028;35690;+;177.6	43;35687;36574;+;161.4	44;36601;37773;+;166.0	45;37754;38746;+;93.2	47;39562;40557;+;225.0		pfam	pfam_only	A	7/7	canonical	1	1	unscoreable	5	0	0														not_admitted	not_admitted	not_admitted	not_admitted	not_admitted	not_admitted	not_admitted
CP120296.1	MPF_T	-	60	0	0	GA	1		33;27968;28231;+;54.5	34;28250;31018;+;73.3	34;28250;31018;+;178.6	34;28250;31018;+;86.1	39;32900;33886;+;81.3	40;33890;34882;+;111.7		42;35029;35691;+;177.6	43;35688;36179;+;87.2	45;36601;37773;+;166.0	46;37754;38746;+;93.2	47;38747;40558;+;348.4		pfam	pfam_only	A	7/7	canonical	1	1	unscoreable	5	0	0														not_admitted	not_admitted	not_admitted	not_admitted	not_admitted	not_admitted	not_admitted
CP120299.1	MPF_T	-	63	0	0	GA	1		36;27965;28228;+;54.5	37;28247;31015;+;73.3	37;28247;31015;+;178.6	37;28247;31015;+;86.1	42;32897;33883;+;81.3	43;33887;34879;+;111.7		45;35026;35688;+;177.6	46;35685;36176;+;87.2	48;36598;37770;+;166.0	49;37751;38743;+;93.2	50;38744;40555;+;348.4		pfam	pfam_only	A	7/7	canonical	1	1	unscoreable	5	0	0														not_admitted	not_admitted	not_admitted	not_admitted	not_admitted	not_admitted	not_admitted
CP120302.1	MPF_T	-	63	0	0	GA	1		35;27966;28229;+;54.5	36;28248;31016;+;73.3	36;28248;31016;+;178.6	36;28248;31016;+;86.1		43;33888;34880;+;111.7		45;35027;35689;+;177.6	46;35686;36177;+;87.2	48;36599;37771;+;166.0	49;38006;38743;+;94.1	50;38744;40555;+;348.4		none	none	A	7/7	canonical	0	1	unscoreable	7	0	0														not_admitted	not_admitted	not_admitted	not_admitted	not_admitted	not_admitted	not_admitted
CP120305.1	MPF_T	-	59	0	0	GA	1		33;27966;28229;+;54.5	34;28248;31016;+;73.3	34;28248;31016;+;178.6	34;28248;31016;+;86.1	39;32898;33884;+;81.3	40;33888;34880;+;111.7		42;35027;35689;+;177.6	43;35686;36573;+;161.4	44;36600;37772;+;166.0	45;38007;38744;+;94.1	46;38745;40556;+;348.4		pfam	pfam_only	A	7/7	canonical	1	1	unscoreable	5	0	0														not_admitted	not_admitted	not_admitted	not_admitted	not_admitted	not_admitted	not_admitted
CP120307.1	MPF_T	-	59	0	0	GA	1		32;27969;28232;+;54.5	33;28251;31019;+;73.3	33;28251;31019;+;178.6	33;28251;31019;+;86.1	38;32901;33887;+;81.3	39;33891;34883;+;111.7		41;35030;35692;+;177.6	42;35689;36180;+;87.2	44;36602;37774;+;166.0	45;37755;38747;+;93.2	46;38748;40559;+;348.4		pfam	pfam_only	A	7/7	canonical	1	1	unscoreable	5	0	0														not_admitted	not_admitted	not_admitted	not_admitted	not_admitted	not_admitted	not_admitted
CP120310.1	MPF_T	-	63	0	0	GA	1		35;27969;28232;+;54.5	36;28251;31019;+;73.3	36;28251;31019;+;178.6	36;28251;31019;+;86.1	41;32901;33887;+;81.3	42;33891;34883;+;111.7		44;35030;35692;+;177.6	45;35689;36576;+;161.4	46;36603;37775;+;166.0	47;38010;38747;+;94.1	48;38748;40559;+;348.4		pfam	pfam_only	A	7/7	canonical	1	1	unscoreable	5	0	0														not_admitted	not_admitted	not_admitted	not_admitted	not_admitted	not_admitted	not_admitted
CP120313.1	MPF_T	-	61	0	0	GA	1		33;27967;28230;+;54.5	34;28249;31017;+;73.3	34;28249;31017;+;178.6	34;28249;31017;+;86.1	39;32899;33885;+;81.3	40;33889;34881;+;111.7		42;35028;35690;+;177.6	43;35687;36574;+;161.4	44;36601;37773;+;166.0	45;37754;38746;+;93.2	46;38747;40558;+;348.4		pfam	pfam_only	A	7/7	canonical	1	1	unscoreable	5	0	0														not_admitted	not_admitted	not_admitted	not_admitted	not_admitted	not_admitted	not_admitted
CP120574.1	-	-	57	0	0	GA	1	22;17641;18672;+;22.6			20;14294;16264;+;23.3									25;19718;21661;+;418.9		none	none	D	2/7	uncallable	0	0	unscoreable	3	0	0														not_admitted	not_admitted	not_admitted	not_admitted	not_admitted	not_admitted	not_admitted
CP120873.1	MPF_F	IncFIA(HI1);IncFII(K);IncFII(pAR0022)	123	0	0	GA	0															not_admitted	not_admitted	not_admitted	not_admitted	not_admitted	not_admitted	not_admitted	not_admitted	not_admitted	not_admitted	1	98;75107;76096;+;366.6	108;81643;83010;+;384.1	104;79633;80385;+;233.7	94;71011;73650;+;258.5	109;83010;85832;+;346.4	87;66759;68183;+;88.1	94;71011;73650;+;88.7	84;65467;66033;+;169.3	99;76109;76747;+;66.9	100;76806;78761;+;259.4	113;88448;90760;+;393.1	88;68256;68840;+;54.3	113;88448;90760;+;66.6	A	9/9	contiguous	22981	1	1	85855..86457+;200;TraS;0
CP120875.1	MPF_F	IncFII(K);IncFII(pAR0022);repB(R1701);repFIB;repHI5B	409	0	0	GA	0															not_admitted	not_admitted	not_admitted	not_admitted	not_admitted	not_admitted	not_admitted	not_admitted	not_admitted	not_admitted	1	218;211996;213033;+;282.2	105;97029;98471;+;188.6	104;96035;97072;+;172.0	207;198410;201127;+;143.5	106;98473;102417;+;119.0	203;194920;196287;+;63.7	207;198410;201127;+;80.6	200;192405;193265;+;73.9	217;210638;211999;+;71.7	219;213048;216224;+;58.7	97;86675;88801;-;62.0	206;197624;198361;+;56.3	97;86675;88801;-;39.7	A	9/9	split_2	126373	0	1	
CP121101.1	-	-	268	0	0	GA	0															not_admitted	not_admitted	not_admitted	not_admitted	not_admitted	not_admitted	not_admitted	not_admitted	not_admitted	not_admitted	1	28;25746;26756;-;102.0			32;28503;29987;-;93.5	22;20295;21764;-;58.6						171;140650;142173;-;22.2		171;140650;142173;-;45.5	D	3/9	split_2	120355	0	0	
CP121348.1	MPF_F	IncFIB(AP001918);IncFII	184	0	0	GA	0															not_admitted	not_admitted	not_admitted	not_admitted	not_admitted	not_admitted	not_admitted	not_admitted	not_admitted	not_admitted	1	7;3647;4639;-;369.3	155;129853;131226;-;380.9	161;132813;133019;-;61.9	12;7633;8271;-;92.4	154;128120;129856;-;389.4	17;10325;10933;-;73.0	10;5647;7266;-;100.4	20;12466;13032;-;183.3	5;3001;3318;-;48.0	164;133831;135639;-;267.9	147;123544;125349;-;392.5	14;8787;9302;-;77.3	147;123544;125349;-;70.7	A	9/9	split_2	130830	1	1	127959..128123-;54;unnamed;0
CP121428.1	MPF_T	IncX1;IncX3	64	0	0	GA	1	44;36272;36787;-;46.0	43;35867;36163;-;66.8	42;34328;35845;-;45.2	42;34328;35845;-;149.6	42;34328;35845;-;75.9	39;32327;33085;-;67.3	37;31357;32031;-;52.2		35;29943;30656;-;120.0	34;29009;29938;-;133.8	32;27043;28242;-;88.1	32;27043;28242;-;52.6	31;25080;26774;-;456.9		pfam	pfam_only	A	7/7	canonical	1	1	unscoreable	5	0	0														not_admitted	not_admitted	not_admitted	not_admitted	not_admitted	not_admitted	not_admitted
CP121707.1	-	-	72	0	0	GA	1	25;17289;18320;+;22.8			23;13941;15848;+;23.3									29;19367;21154;+;420.4		none	none	D	2/7	uncallable	0	0	unscoreable	4	0	0														not_admitted	not_admitted	not_admitted	not_admitted	not_admitted	not_admitted	not_admitted
CP121724.1	-	-	70	0	0	GA	1	58;43720;44751;+;22.8			56;40372;42279;+;23.3									61;45796;47583;+;420.5		none	none	D	2/7	uncallable	0	0	unscoreable	3	0	0														not_admitted	not_admitted	not_admitted	not_admitted	not_admitted	not_admitted	not_admitted
CP121775.1	MPF_T	-	212	0	0	GA	1	60;51741;52163;-;65.2		2;2990;3253;-;26.1	1;516;2993;-;66.5	1;516;2993;-;77.4		210;176301;176828;-;40.4		65;56398;57114;-;85.5	64;55592;56401;-;128.8	63;54284;55519;-;97.4	55;45378;47690;-;134.7			none	none	B	6/7	rearranged	0	0	unscoreable	6	0	0														not_admitted	not_admitted	not_admitted	not_admitted	not_admitted	not_admitted	not_admitted
CP122657.1	MPF_F	IncFII(pHN7A8)	100	0	0	GA	0															not_admitted	not_admitted	not_admitted	not_admitted	not_admitted	not_admitted	not_admitted	not_admitted	not_admitted	not_admitted	1	22;17180;18172;+;369.3	33;23818;25191;+;380.9	26;20901;21644;+;233.9	19;13544;16171;+;305.4	34;25188;28013;+;385.6	14;10063;11490;+;94.3	19;13544;16171;+;98.4	12;8782;9348;+;183.8	23;18181;18819;+;68.4	24;18816;20624;+;267.5	37;29516;31669;+;391.5	17;12513;13028;+;78.4	37;29516;31669;+;69.2	A	9/9	contiguous	20734	1	1	28010..28519+;169;unnamed;0
CP122668.1	MPF_F	IncFII(29)	89	0	0	GA	0															not_admitted	not_admitted	not_admitted	not_admitted	not_admitted	not_admitted	not_admitted	not_admitted	not_admitted	not_admitted	1	12;7286;7972;+;271.9	24;13732;15105;+;376.8	19;11414;12157;+;234.5	7;3341;4816;+;305.9	25;15102;17918;+;389.2	1;668;1429;+;80.0	8;4794;5816;+;87.0	87;64518;65084;+;183.8	13;7981;8619;+;68.6	17;10349;11137;+;237.9	30;20220;22463;+;391.7	4;2310;2825;+;78.4	30;20220;22463;+;70.3	A	9/9	split_2	63850	1	1	17951..18472+;173;unnamed;0
CP122702.1	MPF_F	IncFIA;IncFIB(pB171);IncFII(pCoo)	211	0	0	GA	0															not_admitted	not_admitted	not_admitted	not_admitted	not_admitted	not_admitted	not_admitted	not_admitted	not_admitted	not_admitted	1	75;59071;59796;+;286.9	89;66317;67690;+;376.8	83;63519;64262;+;233.3	70;55167;56651;+;308.8	90;67687;70509;+;389.2	62;52356;52859;+;38.4	71;56708;57640;+;62.7	59;50348;50974;+;179.5	78;60793;61431;+;68.6	80;61847;63133;+;269.9	95;72782;74962;+;391.8	67;54136;54651;+;78.4	95;72782;74962;+;70.3	A	9/9	contiguous	22434	1	1	70530..71027+;165;TraS;0
CP122735.1	MPF_F	IncFII(29);IncX1	153	0	0	GA	0															not_admitted	not_admitted	not_admitted	not_admitted	not_admitted	not_admitted	not_admitted	not_admitted	not_admitted	not_admitted	1	104;91503;92495;-;369.3	91;83415;84791;-;376.2	98;87001;87744;-;233.3	107;93504;96131;-;303.8	90;80602;83418;-;389.2	112;98287;99714;-;94.3	107;93504;96131;-;99.2	114;100429;100995;-;183.8	101;89868;90506;-;67.5	100;88021;89871;-;271.5	86;76112;78301;-;391.8	108;96647;97162;-;78.0	86;76112;78301;-;70.3	A	9/9	contiguous	24317	1	1	80048..80569-;173;unnamed;0
CP122741.1	MPF_F	IncFII(29)	80	0	0	GA	0															not_admitted	not_admitted	not_admitted	not_admitted	not_admitted	not_admitted	not_admitted	not_admitted	not_admitted	not_admitted	1	9;6977;7969;+;369.3	23;14685;16058;+;376.2	16;11729;12472;+;235.0	6;3340;5967;+;303.6	24;16055;18877;+;389.2	0;1;1428;+;93.7	6;3340;5967;+;95.7	79;64927;65493;+;183.8	12;8966;9604;+;67.5	14;9830;11452;+;265.5	29;21150;23366;+;391.5	3;2309;2824;+;77.7	29;21150;23366;+;70.3	A	9/9	split_2	64926	1	1	18899..19378+;159;TraS;0
CP122748.1	MPF_T	IncI2(Delta)	79	0	0	GA	1	78;56805;57287;+;81.1	62;40540;40833;+;28.6	63;40936;41220;+;36.5	64;41226;43583;+;60.7	64;41226;43583;+;44.0	53;34848;35489;+;42.9	52;33847;34842;+;128.5		66;43749;44483;+;144.4	67;44480;45250;+;170.5	68;45240;46379;+;154.7	75;53498;55036;+;208.0	70;47469;49427;+;287.0		pfam	pfam_only	A	7/7	rearranged	1	0	unscoreable	14	1	0														not_admitted	not_admitted	not_admitted	not_admitted	not_admitted	not_admitted	not_admitted
CP122749.1	MPF_F	IncFII(pCoo);IncX1	178	0	0	GA	0															not_admitted	not_admitted	not_admitted	not_admitted	not_admitted	not_admitted	not_admitted	not_admitted	not_admitted	not_admitted	1	115;94508;95500;-;369.3	100;86738;88111;-;376.8	107;90045;90788;-;235.0	118;96509;99136;-;306.8	99;83919;86741;-;389.2	126;101632;102717;-;52.9	118;96509;99136;-;94.7	128;103432;103998;-;183.8	112;92873;93511;-;68.6	109;91065;91694;-;212.6	94;79439;81646;-;391.7	121;99652;100167;-;78.4	94;79439;81646;-;70.3	A	9/9	contiguous	23993	1	1	83401..83898-;165;TraS;0
CP122756.1	MPF_F	IncFII(29);IncX1	152	0	0	GA	0															not_admitted	not_admitted	not_admitted	not_admitted	not_admitted	not_admitted	not_admitted	not_admitted	not_admitted	not_admitted	1	103;91502;92494;-;369.3	90;83414;84790;-;376.2	97;87000;87743;-;233.3	106;93503;96130;-;303.8	89;80601;83417;-;389.2	111;98286;99713;-;94.3	106;93503;96130;-;99.2	113;100428;100994;-;183.8	100;89867;90505;-;67.5	99;88020;89870;-;271.5	85;76111;78300;-;391.8	107;96646;97161;-;78.0	85;76111;78300;-;70.3	A	9/9	contiguous	24317	1	1	80047..80568-;173;unnamed;0
CP122781.1	MPF_F	IncFII(pSE11)	77	0	0	GA	0															not_admitted	not_admitted	not_admitted	not_admitted	not_admitted	not_admitted	not_admitted	not_admitted	not_admitted	not_admitted	1	30;35316;36314;-;348.6	21;27151;28587;-;341.7	25;30436;31221;-;218.4	35;38758;40185;-;254.8	20;24263;27151;-;314.8	36;40182;41492;-;93.3	34;37547;38761;-;121.3	39;42789;43367;-;125.9	27;33157;33759;-;57.1	26;31223;33160;-;240.9	15;19235;21421;-;370.3	36;40182;41492;-;56.8	15;19235;21421;-;61.8	A	9/9	contiguous	23554	1	1	23602..24249-;215;unnamed;1
CP122782.1	MPF_F	IncFII	86	0	0	GA	0															not_admitted	not_admitted	not_admitted	not_admitted	not_admitted	not_admitted	not_admitted	not_admitted	not_admitted	not_admitted	1	17;10130;11122;+;369.3	30;17518;18891;+;376.8	24;14840;15583;+;233.4	13;6493;7968;+;308.9	31;18888;21704;+;389.2	6;3010;4086;+;54.2	14;7946;9121;+;85.6	4;1729;2295;+;183.8	20;12119;12757;+;68.6	22;13934;14563;+;212.2	36;24006;26186;+;391.8	11;5462;5977;+;78.4	36;24006;26186;+;70.3	A	9/9	contiguous	22277	1	1	21737..22258+;173;unnamed;0
CP122783.1	MPF_T	IncI2(Delta)	83	0	0	GA	1	80;60132;60614;+;81.1	64;43818;44108;+;28.9	65;44215;44499;+;36.4	66;44505;46862;+;60.7	66;44505;46862;+;43.4	54;38114;38755;+;43.0	53;37113;38108;+;136.6		68;47028;47762;+;144.4	69;47759;48529;+;170.5	70;48519;49658;+;154.7	77;56811;58364;+;207.9	72;50788;52746;+;286.6		pfam	pfam_only	A	7/7	rearranged	1	0	unscoreable	15	0	0														not_admitted	not_admitted	not_admitted	not_admitted	not_admitted	not_admitted	not_admitted
CP122797.1	MPF_F	IncFIB(pB171);IncFII(pCoo)	131	0	0	GA	0															not_admitted	not_admitted	not_admitted	not_admitted	not_admitted	not_admitted	not_admitted	not_admitted	not_admitted	not_admitted	1	95;80437;81429;-;369.3	81;72663;74036;-;376.8	87;75971;76714;-;233.3	99;83591;84520;-;195.7	80;69844;72666;-;389.2	107;87117;87878;-;78.2	98;82438;83535;-;68.1	110;89260;89826;-;183.8	92;78802;79440;-;68.6	89;76994;77623;-;213.0	76;65365;67572;-;391.7	103;85581;86096;-;78.4	76;65365;67572;-;70.3	A	9/9	contiguous	23895	1	1	69326..69823-;165;TraS;0
CP122800.1	MPF_T	IncX1;IncX3	53	0	0	GA	1	39;27654;28301;+;45.2	40;28279;28575;+;77.5	41;28594;29625;+;48.9	44;31009;32697;+;83.6	41;28594;29625;+;76.8	45;32708;33466;+;67.3	47;33763;34893;+;103.0		48;35139;35852;+;120.0	49;35857;36786;+;134.9	50;36783;37988;+;133.4	51;37990;39021;+;77.9	52;39024;40859;+;489.5		pfam	pfam_only	A	7/7	canonical	1	0	unscoreable	3	0	0														not_admitted	not_admitted	not_admitted	not_admitted	not_admitted	not_admitted	not_admitted
CP122812.1	MPF_T	IncX1;IncX3	61	0	0	GA	1	41;32138;32785;+;45.2	42;32763;33059;+;77.5	43;33078;34109;+;48.9	46;35493;37181;+;83.6	43;33078;34109;+;76.8	47;37192;37950;+;67.3	49;38247;39377;+;103.0		50;39623;40066;+;78.1	52;40342;41271;+;134.9	53;41268;42473;+;133.4	54;42475;43506;+;77.9	55;43509;45344;+;488.6		pfam	pfam_only	A	7/7	canonical	1	0	unscoreable	3	0	0														not_admitted	not_admitted	not_admitted	not_admitted	not_admitted	not_admitted	not_admitted
CP122813.1	MPF_F	IncFII(pSE11)	110	0	0	GA	0															not_admitted	not_admitted	not_admitted	not_admitted	not_admitted	not_admitted	not_admitted	not_admitted	not_admitted	not_admitted	1	52;43985;44857;-;268.0			55;46269;46742;-;74.4		61;48654;49415;-;80.0	54;45243;46073;-;69.8	64;50797;51423;-;179.5				58;47258;47773;-;77.4		D	4/9	contiguous	6812	0	0	
CP122815.1	MPF_F	IncFIB(pB171);IncFII(pCoo)	128	0	0	GA	0															not_admitted	not_admitted	not_admitted	not_admitted	not_admitted	not_admitted	not_admitted	not_admitted	not_admitted	not_admitted	1	93;80429;81421;-;369.3	81;72658;74031;-;376.8	87;75966;76709;-;233.3	97;83583;84512;-;195.7	80;69839;72661;-;389.2	105;87104;88531;-;94.2	96;82430;83527;-;68.1	107;89247;89813;-;183.8	90;78794;79432;-;68.6	89;76989;78797;-;268.3	75;65359;67566;-;391.7	101;85573;86088;-;78.4	75;65359;67566;-;70.3	A	9/9	contiguous	23888	1	1	69321..69818-;165;TraS;0
CP122838.1	MPF_F	IncFIB(AP001918)	110	0	0	GA	0															not_admitted	not_admitted	not_admitted	not_admitted	not_admitted	not_admitted	not_admitted	not_admitted	not_admitted	not_admitted	1	93;82483;83475;+;369.5		103;90194;90937;+;230.0	90;78847;81474;+;305.1	0;1;2820;+;389.2	85;75350;76798;+;94.2	90;78847;81474;+;100.2	83;74069;74635;+;180.7	97;84762;85400;+;67.5	98;85397;87205;+;268.3	3;4362;6560;+;389.6	89;77816;78331;+;78.8	3;4362;6560;+;70.3	B	8/9	split_2	90193	0	1	
CP122839.1	MPF_F	IncHI2;IncHI2A;IncQ1	233	0	0	GA	0															not_admitted	not_admitted	not_admitted	not_admitted	not_admitted	not_admitted	not_admitted	not_admitted	not_admitted	not_admitted	1	165;156765;157823;+;276.9	83;75933;77348;-;194.1	84;77338;78384;-;174.3	148;134512;137193;+;168.0	81;71972;75703;-;80.1	142;130825;132180;+;80.7	148;134512;137193;+;72.2	139;128313;129101;+;74.8	163;155112;156623;+;62.0	167;158180;161029;+;58.4	92;86203;88287;+;56.8	147;134276;134503;+;29.9	92;86203;88287;+;38.8	A	9/9	split_3	86208	1	1	70502..71791-;429;unnamed;0
CP122842.1	MPF_F	IncFII(pCoo);IncX1	138	0	0	GA	0															not_admitted	not_admitted	not_admitted	not_admitted	not_admitted	not_admitted	not_admitted	not_admitted	not_admitted	not_admitted	1	43;33282;34274;+;369.3	55;40672;42045;+;376.8	49;37994;38737;+;233.3	40;30192;32273;+;193.0	56;42042;44864;+;389.2	32;26173;27600;+;94.3	40;30192;32273;+;99.3	30;24892;25458;+;183.8	46;35271;35909;+;68.6	47;35906;37714;+;268.3	60;47136;49361;+;391.8	36;28616;29131;+;78.4	60;47136;49361;+;70.3	A	9/9	contiguous	22244	1	1	44885..45382+;165;TraS;0
CP122858.1	MPF_F	IncFII(29);IncX1	154	0	0	GA	0															not_admitted	not_admitted	not_admitted	not_admitted	not_admitted	not_admitted	not_admitted	not_admitted	not_admitted	not_admitted	1	102;91740;92732;-;369.3	89;83652;85028;-;376.2	96;87238;87981;-;233.3	105;93741;96368;-;303.8	88;80839;83655;-;389.2	110;98524;99951;-;94.3	105;93741;96368;-;99.2	112;100666;101232;-;183.8	99;90105;90743;-;67.5	98;88258;90108;-;271.5	84;76331;78538;-;391.7	106;96884;97399;-;78.0	84;76331;78538;-;70.3	A	9/9	contiguous	24335	1	1	80285..80806-;173;unnamed;0
CP122888.1	MPF_F	IncFII(pSE11)	56	0	0	GA	0															not_admitted	not_admitted	not_admitted	not_admitted	not_admitted	not_admitted	not_admitted	not_admitted	not_admitted	not_admitted	1	21;14975;15847;+;268.0			18;13090;13563;+;74.4		12;9751;11178;+;93.3	19;13759;14589;+;69.8	10;8470;9036;+;183.8				15;12059;12574;+;76.9		D	4/9	contiguous	6505	0	0	
CP122889.1	MPF_F	IncFIB(pB171);IncFII(pCoo)	139	0	0	GA	0															not_admitted	not_admitted	not_admitted	not_admitted	not_admitted	not_admitted	not_admitted	not_admitted	not_admitted	not_admitted	1	43;27548;28234;+;271.9	57;34635;36008;+;376.8	51;31957;32700;+;233.3	38;24149;25816;+;193.7	58;36005;38827;+;389.2	30;20796;21557;+;80.0	38;24149;25816;+;78.3	27;18848;19414;+;183.8	46;29231;29869;+;68.6	49;31048;31677;+;213.0	63;41100;43307;+;391.7	34;22573;23088;+;78.4	63;41100;43307;+;70.3	A	9/9	contiguous	22252	1	1	38848..39345+;165;TraS;0
CP122892.1	MPF_T	IncX1;IncX3	62	0	0	GA	1	18;18269;18916;-;45.2	17;17995;18291;-;77.5	16;15223;17976;-;47.3	16;15223;17976;-;148.0	16;15223;17976;-;73.5	15;14454;15212;-;67.3	13;13027;14157;-;103.0		12;12068;12781;-;120.0	11;11134;12063;-;134.9	10;9932;11137;-;133.4	9;8899;9930;-;77.9	8;7061;8896;-;489.5		pfam	pfam_only	A	7/7	canonical	1	1	unscoreable	1	0	0														not_admitted	not_admitted	not_admitted	not_admitted	not_admitted	not_admitted	not_admitted
CP122893.1	MPF_T	IncX4	49	0	0	GA	1	14;6759;7379;+;46.9	15;7393;7719;+;64.4	16;7738;10485;+;62.7	16;7738;10485;+;150.8	16;7738;10485;+;45.4	17;10497;11213;+;96.1	18;11224;12069;+;158.3		21;12819;13505;+;169.0	22;13502;14410;+;142.4	23;14403;15521;+;164.1	24;15523;16551;+;85.0	25;16583;18400;+;317.3		pfam	pfam_only	A	7/7	canonical	1	1	unscoreable	2	0	0														not_admitted	not_admitted	not_admitted	not_admitted	not_admitted	not_admitted	not_admitted
CP123377.1	MPF_F	IncHI2;IncHI2A	349	0	0	GA	0															not_admitted	not_admitted	not_admitted	not_admitted	not_admitted	not_admitted	not_admitted	not_admitted	not_admitted	not_admitted	1	137;123888;124946;-;276.9	296;274739;276154;-;194.1	297;276144;277190;-;173.7	166;158139;160820;-;168.0	295;270780;274730;-;101.6	172;164680;165843;-;63.6	166;158139;160820;-;72.2	175;167567;168355;-;74.8	139;125088;126599;-;62.7	136;120681;123869;-;58.3	303;284231;286315;+;56.7	167;160829;161779;-;46.4	303;284231;286315;+;38.8	A	9/9	split_3	163550	0	1	
CP123379.1	MPF_F	IncFII(pECLA);IncX10;repE(pEh60-7)	136	0	0	GA	0															not_admitted	not_admitted	not_admitted	not_admitted	not_admitted	not_admitted	not_admitted	not_admitted	not_admitted	not_admitted	1	58;40408;41403;+;362.4	66;46243;47607;+;369.7	61;43890;44672;+;211.2	50;34401;37010;+;225.6	67;47607;50888;+;307.8	42;30392;31795;+;97.0	50;34401;37010;+;103.1	40;29062;29643;+;94.6	59;41414;42037;+;63.4	60;42034;43893;+;210.5	71;53111;55711;+;361.4	48;33599;34153;+;44.4	71;53111;55711;+;71.2	A	9/9	contiguous	24049	1	1	50897..51610+;237;unnamed;0
CP123602.1	MPF_T	IncFIB(K)	97	0	0	GA	1	80;70272;70934;-;48.3	79;69962;70261;-;36.6	78;68918;69952;-;63.3	77;67201;68844;-;52.6	78;68918;69952;-;51.4	76;66466;67182;-;137.0	74;65145;66152;-;136.0		72;64249;64935;-;158.3	71;63363;64256;-;147.4	70;62236;63366;-;103.2	68;61114;61869;-;73.5	62;54467;56374;-;24.3		pfam	pfam_only	A	7/7	canonical	1	0	unscoreable	8	0	0														not_admitted	not_admitted	not_admitted	not_admitted	not_admitted	not_admitted	not_admitted
CP123617.1	MPF_F	pADAP;pSM22	110	0	0	GA	0															not_admitted	not_admitted	not_admitted	not_admitted	not_admitted	not_admitted	not_admitted	not_admitted	not_admitted	not_admitted	1	42;38533;39012;-;184.7	36;32945;34312;-;367.8	39;35157;35951;-;202.4	49;43487;44524;-;187.0	35;30112;32943;-;291.5	54;45973;46404;-;35.2	48;41895;43490;-;102.5	58;47843;48406;-;164.4	41;37848;38522;-;61.9	40;35948;37798;-;241.7	33;27510;29384;-;380.5	50;44538;45092;-;57.0	33;27510;29384;-;58.3	A	9/9	contiguous	20333	1	1	29585..30115-;176;unnamed;0
CP123649.1	MPF_F	IncHI2;IncHI2A	331	0	0	GA	0															not_admitted	not_admitted	not_admitted	not_admitted	not_admitted	not_admitted	not_admitted	not_admitted	not_admitted	not_admitted	1	3;1976;3034;+;276.9	151;136546;137961;+;194.1	150;135510;136556;+;173.7	316;279793;282474;+;168.0	152;137970;141920;+;101.6	312;276108;277463;+;80.7	316;279793;282474;+;72.2	309;273596;274384;+;74.8	1;323;1834;+;62.7	4;3053;6241;+;58.3	144;126385;128469;-;56.7	315;278834;279784;+;46.4	144;126385;128469;-;38.8	A	9/9	split_3	279470	0	1	
CP123651.1	MPF_F	IncFIA(HI1);IncHI1A;IncHI1B(R27)	279	0	0	GA	0															not_admitted	not_admitted	not_admitted	not_admitted	not_admitted	not_admitted	not_admitted	not_admitted	not_admitted	not_admitted	1	55;56277;57329;+;277.6	227;217798;219213;-;201.7	228;219203;220249;-;171.3	36;34256;36937;+;160.6	226;213800;217789;-;103.1	32;30550;31908;+;84.0	36;34256;36937;+;76.5	29;28098;28883;+;68.7	53;54624;56132;+;65.6	56;57352;60528;+;58.9	234;227184;229268;+;50.2	35;33297;34247;+;45.2	234;227184;229268;+;36.5	A	9/9	split_3	199086	0	1	
CP123653.1	MPF_T	IncP1	48	0	0	GA	1	14;11769;12542;+;21.5	3;2210;2593;+;68.3	4;2596;2922;+;49.3	5;2919;5462;+;99.2	5;2919;5462;+;108.9	10;8929;9699;+;107.5	12;9839;11434;+;119.8		6;5459;6166;+;88.1	7;6182;7072;+;156.2	9;7522;8916;+;218.2	2;1140;2096;+;133.6	29;24947;26890;-;443.4		conjscan	conjscan_only	A	7/7	canonical	1	0	unscoreable	4	0	0														not_admitted	not_admitted	not_admitted	not_admitted	not_admitted	not_admitted	not_admitted
CP123666.1	MPF_F	IncA	200	0	0	GA	0															not_admitted	not_admitted	not_admitted	not_admitted	not_admitted	not_admitted	not_admitted	not_admitted	not_admitted	not_admitted	1	170;128860;129864;+;330.1	63;51431;52864;+;336.4	62;50389;51429;+;223.9	165;123655;126102;+;352.8	64;52877;56482;+;377.7	160;114828;116144;+;136.3	165;123655;126102;+;130.4	158;113304;113930;+;94.3	168;126924;128192;+;69.7	171;130015;132753;+;138.7	149;107649;109514;+;46.9	161;116141;116719;+;98.1	149;107649;109514;+;51.6	A	9/9	split_2	79626	0	1	
CP123673.1	MPF_F	IncHI2;IncHI2A;IncN	274	0	0	GA	0															not_admitted	not_admitted	not_admitted	not_admitted	not_admitted	not_admitted	not_admitted	not_admitted	not_admitted	not_admitted	1	27;32438;33496;+;276.9	180;163143;164558;-;194.1	181;164548;165594;-;174.3	11;9686;12367;+;168.0	179;159181;163134;-;101.6	7;6001;7356;+;80.7	11;9686;12367;+;72.2	4;3489;4277;+;74.8	25;30785;32296;+;62.0	28;33515;36703;+;57.3	188;172636;174720;+;56.8	10;8727;9677;+;46.1	188;172636;174720;+;38.8	A	9/9	split_3	169147	1	1	157711..159000-;429;unnamed;0
CP123681.1	MPF_F	IncHI2;IncHI2A	257	0	0	GA	0															not_admitted	not_admitted	not_admitted	not_admitted	not_admitted	not_admitted	not_admitted	not_admitted	not_admitted	not_admitted	1	219;203954;205012;-;276.9	56;56247;57662;+;194.1	55;55211;56257;+;173.7	245;236068;238749;-;168.0	57;57671;61621;+;101.6	249;241079;242434;-;80.7	245;236068;238749;-;72.4	252;244158;244946;-;74.8	221;205154;206665;-;62.4	218;200747;203935;-;57.7	49;46086;48170;-;56.7	246;238758;239708;-;46.1	49;46086;48170;-;38.8	A	9/9	split_3	198072	0	1	
CP123685.1	MPF_F	IncHI2	267	0	0	GA	0															not_admitted	not_admitted	not_admitted	not_admitted	not_admitted	not_admitted	not_admitted	not_admitted	not_admitted	not_admitted	1	28;31936;32994;+;276.9	196;189065;190480;-;194.1	197;190470;191516;-;174.3	12;10632;13313;+;168.0	195;185103;189056;-;101.6	8;6947;8302;+;80.7	12;10632;13313;+;72.2	5;4435;5223;+;74.8	26;30283;31794;+;62.0	29;33013;36201;+;57.3	204;198558;200642;+;56.8	11;9673;10623;+;46.1	204;198558;200642;+;38.8	A	9/9	split_2	194123	1	1	183633..184922-;429;unnamed;0
CP123693.1	MPF_F	IncC	210	0	0	GA	0															not_admitted	not_admitted	not_admitted	not_admitted	not_admitted	not_admitted	not_admitted	not_admitted	not_admitted	not_admitted	1	11;10380;11387;-;332.9	118;95140;96573;-;339.2	119;96575;97603;-;221.7	16;14139;16586;-;354.2	117;91513;95127;-;375.3	25;28581;29897;-;135.0	16;14139;16586;-;128.6	27;30795;31421;-;92.1	13;12052;13317;-;67.6	10;7469;10264;-;145.3	36;35231;37096;-;47.4	24;28006;28584;-;100.2	36;35231;37096;-;52.0	A	9/9	split_2	89106	0	1	
CP123699.1	MPF_F	IncC	185	0	0	GA	0															not_admitted	not_admitted	not_admitted	not_admitted	not_admitted	not_admitted	not_admitted	not_admitted	not_admitted	not_admitted	1	120;95301;96308;-;332.9	42;27853;29286;-;339.2	43;29288;30316;-;221.7	125;99060;101507;-;354.2	41;24226;27840;-;375.3	134;113502;114818;-;135.0	125;99060;101507;-;128.6	136;115716;116342;-;92.1	122;96973;98238;-;67.6	119;92390;95185;-;145.3	145;120152;122017;-;47.4	133;112927;113505;-;100.2	145;120152;122017;-;52.0	A	9/9	split_2	95926	0	1	
CP123701.1	MPF_F	IncC	196	0	0	GA	0															not_admitted	not_admitted	not_admitted	not_admitted	not_admitted	not_admitted	not_admitted	not_admitted	not_admitted	not_admitted	1	165;136631;137638;+;332.9	61;54068;55501;+;339.2	60;53038;54066;+;221.7	160;131432;133879;+;354.2	62;55514;59128;+;375.3	151;118121;119437;+;135.0	160;131432;133879;+;128.6	149;116597;117223;+;92.1	163;134701;135966;+;67.6	166;137754;140549;+;145.3	140;110922;112787;+;47.4	152;119434;120012;+;100.2	140;110922;112787;+;52.0	A	9/9	split_2	84716	0	1	
CP123704.1	MPF_F	IncHI2;IncHI2A	271	0	0	GA	0															not_admitted	not_admitted	not_admitted	not_admitted	not_admitted	not_admitted	not_admitted	not_admitted	not_admitted	not_admitted	1	190;178806;179864;+;276.9	95;78499;79914;-;194.1	96;79904;80950;-;173.7	164;145069;147750;+;168.0	94;74540;78490;-;101.6	160;141384;142739;+;80.7	164;145069;147750;+;72.4	156;138872;139660;+;74.8	188;177153;178664;+;62.4	191;179883;183071;+;57.7	102;87991;90075;+;56.7	163;144110;145060;+;46.1	102;87991;90075;+;38.8	A	9/9	split_3	105343	0	1	
CP123708.1	MPF_F	IncFIA(HI1);IncHI1A;IncHI1B(R27)	236	0	0	GA	0															not_admitted	not_admitted	not_admitted	not_admitted	not_admitted	not_admitted	not_admitted	not_admitted	not_admitted	not_admitted	1	55;55413;56012;+;191.6	186;172736;174151;-;201.7	187;174141;175187;-;171.3	38;32992;35673;+;160.9	185;168738;172727;-;103.1	34;29286;30644;+;84.0	38;32992;35673;+;76.5	31;26834;27619;+;68.7	52;53306;54814;+;65.6	56;56035;59211;+;58.9	193;182122;184206;+;50.2	37;32033;32983;+;45.2	193;182122;184206;+;36.5	A	9/9	split_3	155288	0	1	
CP123778.1	MPF_T	IncFII(pCTU2)	34	0	0	GA	1	16;14676;15386;+;45.1	17;15383;15661;+;67.9	18;15674;18418;+;47.6	18;15674;18418;+;144.2	18;15674;18418;+;44.1	19;18434;19138;+;133.6	21;19387;20463;+;168.6		23;20672;21355;+;189.9	24;21355;22260;+;153.3	25;22303;23589;+;143.8	26;23586;24611;+;69.0	31;26598;28334;+;48.2		pfam	pfam_only	A	7/7	canonical	1	1	unscoreable	6	0	0														not_admitted	not_admitted	not_admitted	not_admitted	not_admitted	not_admitted	not_admitted
CP123873.1	MPF_F	IncFII(K);IncR;repB(R1701)	205	0	0	GA	0															not_admitted	not_admitted	not_admitted	not_admitted	not_admitted	not_admitted	not_admitted	not_admitted	not_admitted	not_admitted	1	131;105816;106460;-;264.3	119;99396;100004;-;192.3	123;101262;102014;-;233.7	136;108604;110700;-;216.2	115;96508;97062;-;140.8		136;108604;110700;-;85.9	146;115138;116430;-;166.0	129;104894;105220;-;45.2	126;102976;103515;-;140.8	109;89562;91844;-;393.2	142;113157;113645;-;22.6	109;89562;91844;-;65.8	A	9/9	contiguous	25576	1	1	95306..96511-;401;unnamed;0
CP123874.1	MPF_T	IncX1	60	0	0	GA	1	19;15546;16112;-;47.2	18;15195;15485;-;73.5	17;12976;15171;-;44.3	17;12976;15171;-;133.8	17;12976;15171;-;71.9	15;11674;12411;-;57.5	13;10337;11392;-;131.7		12;9425;10147;-;116.0	11;8490;9419;-;133.3	10;7279;8493;-;128.6	8;6225;6761;-;63.8	7;4742;6220;-;435.0		pfam	pfam_only	A	7/7	canonical	1	1	unscoreable	3	0	0														not_admitted	not_admitted	not_admitted	not_admitted	not_admitted	not_admitted	not_admitted
CP124763.1	MPF_F	repA(pKOX)	241	0	0	GA	0															not_admitted	not_admitted	not_admitted	not_admitted	not_admitted	not_admitted	not_admitted	not_admitted	not_admitted	not_admitted	1	69;53402;54475;+;276.5	92;71731;73182;+;241.5	91;70645;71715;+;187.2	65;48854;51337;+;237.5	95;74705;77470;+;147.8	62;45831;47162;+;107.0	65;48854;51337;+;119.6	60;44048;44665;+;78.3	68;52149;53402;+;57.4		54;39479;41440;+;23.7	63;47177;47782;+;74.9	54;39479;41440;+;32.4	B	8/9	contiguous	35226	0	0	
CP124765.1	MPF_F	IncFIB(pB171);IncFII(pBK30683)	239	0	0	GA	0															not_admitted	not_admitted	not_admitted	not_admitted	not_admitted	not_admitted	not_admitted	not_admitted	not_admitted	not_admitted	1	225;195250;196239;+;366.6	235;201786;203153;+;380.5	231;199776;200528;+;233.7	221;191168;193807;+;258.5	236;203153;205975;+;346.6	214;186664;188088;+;89.2	221;191168;193807;+;87.8	212;185371;185937;+;169.3	226;196252;196890;+;66.9	227;196949;198904;+;259.7	1;819;3128;+;392.7	215;188202;188771;+;52.3	1;819;3128;+;66.6	A	9/9	split_2	202334	1	1	205998..206600+;200;TraS;0
CP124767.1	MPF_F	IncHI1A(NDM-CIT);IncHI1B(pNDM-CIT)	395	1	1	GA	1		35;33220;33606;+;89.6	36;33603;33872;+;32.5	150;154646;157096;+;42.3	150;154646;157096;+;138.4	38;36332;37075;+;226.2	40;37411;38778;+;179.3		41;38797;39501;+;235.7	155;160261;161253;+;224.4	43;40493;41776;+;206.6	34;32154;33233;+;118.3	145;150445;152460;+;346.4	72;66879;70055;-;57.9	conjscan	conjscan_only	A	7/7	rearranged	1	0	unscoreable	6	0	1	73;70074;70781;-;214.6	265;248472;249887;+;200.0	264;247436;248482;+;168.3	90;89582;92263;-;156.8	266;249896;253885;+;103.1	43;40493;41776;+;206.6	90;89582;92263;-;73.5	97;97636;98421;-;69.5	75;71274;72782;-;62.3	72;66879;70055;-;57.9	145;150445;152460;+;105.6	91;92272;93222;-;45.4	145;150445;152460;+;99.4	A	9/9	split_4	209403	0	1	
CP124770.1	MPF_T	IncN	71	0	0	GA	1	33;27146;27880;+;32.5		36;28523;28840;+;63.3	37;28840;31440;+;113.8	37;28840;31440;+;76.4	38;31458;32171;+;105.5	40;32422;33462;+;142.4		41;33681;34379;+;131.9	42;34390;35274;+;159.7	43;35274;36434;+;156.3	44;36476;37471;+;81.2	52;45726;47255;-;38.5		pfam	both	A	7/7	canonical	1	0	unscoreable	10	0	0														not_admitted	not_admitted	not_admitted	not_admitted	not_admitted	not_admitted	not_admitted
CP124771.1	MPF_T	IncX5	66	0	0	GA	1	11;5660;6304;+;36.9	12;6288;6578;+;69.0	13;6600;9359;+;42.6	13;6600;9359;+;132.2	13;6600;9359;+;70.5	14;9367;10116;+;54.1	16;10395;11450;+;135.2		17;11690;12418;+;120.9	18;12423;13352;+;134.2	19;13349;14560;+;136.9	20;14572;15615;+;64.1	21;15618;17453;+;504.8		pfam	pfam_only	A	7/7	canonical	1	1	unscoreable	1	0	0														not_admitted	not_admitted	not_admitted	not_admitted	not_admitted	not_admitted	not_admitted
CP124775.1	MPF_F	IncFII(Yp);IncFII(pAR0022)	87	0	0	GA	0															not_admitted	not_admitted	not_admitted	not_admitted	not_admitted	not_admitted	not_admitted	not_admitted	not_admitted	not_admitted	1	76;64223;65209;+;368.4	83;69505;70878;+;375.9	80;67956;68705;+;218.2	73;60599;63229;+;285.5	84;70878;73700;+;334.9	67;57177;58571;+;90.9	73;60599;63229;+;98.6	65;55894;56460;+;170.1	77;65226;65855;+;66.9	78;65852;67705;+;260.5	0;1;2169;+;384.9	68;58593;59132;+;67.5	0;1;2169;+;64.0	A	9/9	split_2	70877	1	1	73714..74190+;158;TraS;0
CP124880.1	MPF_F	IncFIB(K);IncFII(K)	271	0	0	GA	0															not_admitted	not_admitted	not_admitted	not_admitted	not_admitted	not_admitted	not_admitted	not_admitted	not_admitted	not_admitted	1	210;209822;210811;-;366.0	200;202961;204331;-;380.7	204;205533;206285;-;233.7	214;212254;214893;-;258.5	199;200118;202961;-;346.5	222;218152;219576;-;88.8	214;212254;214893;-;88.7	224;220303;220869;-;167.9	209;209171;209809;-;67.0	208;207157;209112;-;259.7	195;195221;197533;-;392.8	221;217454;218038;-;55.4	195;195221;197533;-;65.9	A	9/9	contiguous	25082	1	1	199583..200107-;174;unnamed;0
CP124971.1	MPF_F	IncFIA;IncFIB(AP001918);IncFII	202	0	0	GA	0															not_admitted	not_admitted	not_admitted	not_admitted	not_admitted	not_admitted	not_admitted	not_admitted	not_admitted	not_admitted	1	131;113233;114225;-;367.4	120;106174;107547;-;380.9	127;109761;110504;-;235.0	134;115234;117861;-;305.4	119;103352;106177;-;385.9	140;119916;121343;-;94.3	134;115234;117861;-;98.5	142;122058;122624;-;182.1	130;112586;113224;-;68.6	129;110781;112589;-;268.3	116;99651;101849;-;391.3	136;118377;118892;-;78.4	116;99651;101849;-;70.4	A	9/9	contiguous	22407	1	1	102846..103355-;169;unnamed;0
CP124977.1	MPF_F	IncFIA;IncFIB(AP001918);IncFII	204	0	0	GA	0															not_admitted	not_admitted	not_admitted	not_admitted	not_admitted	not_admitted	not_admitted	not_admitted	not_admitted	not_admitted	1	171;148210;149202;-;367.4	160;141151;142524;-;380.9	167;144738;145481;-;235.0	174;150211;152838;-;305.4	159;138329;141154;-;385.9	180;154893;156320;-;94.3	174;150211;152838;-;98.5	182;157035;157601;-;182.1	170;147563;148201;-;68.6	169;145758;147566;-;268.3	156;134637;136826;-;391.3	176;153354;153869;-;78.4	156;134637;136826;-;70.4	A	9/9	contiguous	22398	1	1	137823..138332-;169;unnamed;0
CP124989.1	MPF_F	IncFIB(AP001918);IncFII(pRSB107)	149	0	0	GA	0															not_admitted	not_admitted	not_admitted	not_admitted	not_admitted	not_admitted	not_admitted	not_admitted	not_admitted	not_admitted	1	18;20265;21257;-;369.6	7;13109;14482;-;385.7	13;16416;17159;-;234.1	21;22266;24893;-;302.5	6;10290;13112;-;384.9	27;26778;28229;-;93.9	21;22266;24893;-;96.7	29;28944;29510;-;183.8	16;19283;19921;-;68.7	15;17436;19286;-;266.7	2;5828;8044;-;390.5	24;25409;25924;-;76.4	2;5828;8044;-;70.3	A	9/9	contiguous	23116	1	1	9789..10268-;159;TraS;0
CP124991.1	MPF_F	IncFIA;IncFIB(AP001918);IncFII;IncQ1	150	0	0	GA	0															not_admitted	not_admitted	not_admitted	not_admitted	not_admitted	not_admitted	not_admitted	not_admitted	not_admitted	not_admitted	1				134;113538;115994;+;303.7		128;109952;111379;+;91.9	134;113538;115994;+;99.3	126;108671;109237;+;182.9			135;115991;116737;+;47.7	133;112507;113022;+;76.4		D	3/9	contiguous	7320	0	0	
CP124997.1	MPF_F	IncFII(29)	91	0	0	GA	0															not_admitted	not_admitted	not_admitted	not_admitted	not_admitted	not_admitted	not_admitted	not_admitted	not_admitted	not_admitted	1	65;49975;50967;+;369.5	76;56702;58075;+;388.1	70;54031;54774;+;234.1	62;46339;48966;+;300.9	77;58072;60894;+;386.5	56;42759;44186;+;93.9	62;46339;48966;+;102.0	54;41478;42044;+;182.7	67;51311;51949;+;70.7	68;51946;53754;+;267.2	80;62428;64635;+;391.8	60;45308;45823;+;76.0	80;62428;64635;+;70.3	A	9/9	contiguous	20950	1	1	60915..61412+;165;TraS;0
CP125002.1	MPF_F	IncFIA;IncFIB(AP001918);IncFII(pAMA1167-NDM-5)	147	0	0	GA	0															not_admitted	not_admitted	not_admitted	not_admitted	not_admitted	not_admitted	not_admitted	not_admitted	not_admitted	not_admitted	1	99;84026;85018;+;369.5	109;89339;90712;+;386.6	106;88157;88702;+;44.4	96;80390;83017;+;303.9	110;90709;93528;+;386.3	90;77054;78505;+;94.1	96;80390;83017;+;96.5	88;75773;76339;+;184.3	101;85362;86000;+;68.7		114;95786;97984;+;391.8	93;79359;79874;+;75.2	114;95786;97984;+;70.3	B	8/9	contiguous	20013	1	0	93553..94044+;163;TraS;0
CP125005.1	MPF_F	Col156;IncFIA;IncFIB(AP001918);IncFII(pRSB107)	169	0	0	GA	0															not_admitted	not_admitted	not_admitted	not_admitted	not_admitted	not_admitted	not_admitted	not_admitted	not_admitted	not_admitted	1	101;91533;92525;-;369.5	93;87375;88748;-;386.6	96;89385;89930;-;44.4	104;93534;96161;-;303.9	92;84559;87378;-;386.3	110;98046;99497;-;94.1	104;93534;96161;-;96.5	112;100212;100778;-;184.3			88;80094;82301;-;391.8	107;96677;97192;-;75.2	88;80094;82301;-;70.3	C	7/9	contiguous	20118	1	0	84043..84534-;163;TraS;0
CP125030.1	MPF_F	IncHI2;IncHI2A	360	0	0	GA	0															not_admitted	not_admitted	not_admitted	not_admitted	not_admitted	not_admitted	not_admitted	not_admitted	not_admitted	not_admitted	1	259;221013;222071;-;276.9	47;36616;38031;+;194.1	46;35580;36626;+;173.7	277;242710;245391;-;168.0	48;38040;41990;+;101.6	281;247721;249076;-;80.7	277;242710;245391;-;72.2	284;250800;251588;-;74.8	261;222213;223724;-;62.7	258;217806;220994;-;58.3	40;26455;28539;-;56.7	278;245400;246350;-;46.4	40;26455;28539;-;38.8	A	9/9	split_3	224345	0	1	
CP125034.1	MPF_F	IncFII(pHN7A8)	86	0	0	GA	0															not_admitted	not_admitted	not_admitted	not_admitted	not_admitted	not_admitted	not_admitted	not_admitted	not_admitted	not_admitted	1	13;10178;11170;+;372.1	24;16856;18229;+;378.0	17;13899;14642;+;233.9	10;6542;9169;+;303.5	25;18226;21048;+;388.9	5;2962;4413;+;94.6	10;6542;9169;+;100.3	3;1681;2247;+;183.8	14;11179;11817;+;68.5	15;11814;13622;+;268.3	28;22577;24730;+;391.9	9;5511;6026;+;77.7	28;22577;24730;+;70.4	A	9/9	contiguous	20896	1	1	21070..21561+;163;TraS;0
CP125035.1	MPF_F	IncFIA;IncFIB(AP001918);IncFII	200	0	0	GA	0															not_admitted	not_admitted	not_admitted	not_admitted	not_admitted	not_admitted	not_admitted	not_admitted	not_admitted	not_admitted	1	14;10081;11073;+;367.4	25;16759;18132;+;380.9	18;13802;14545;+;235.0	11;6445;9072;+;305.4	26;18129;20954;+;385.9	5;2963;4390;+;94.3	11;6445;9072;+;98.5	3;1682;2248;+;182.1	15;11082;11720;+;68.6	16;11717;13525;+;268.3	29;22457;24637;+;391.3	9;5414;5929;+;78.4	29;22457;24637;+;70.4	A	9/9	contiguous	20775	1	1	20951..21460+;169;unnamed;0
CP125044.1	MPF_F	IncFIA;IncFIB(AP001918);IncFII	196	0	0	GA	0															not_admitted	not_admitted	not_admitted	not_admitted	not_admitted	not_admitted	not_admitted	not_admitted	not_admitted	not_admitted	1	167;138502;139494;+;367.4	178;145180;146553;+;380.9	171;142223;142966;+;235.0	164;134866;137493;+;305.4	179;146550;149375;+;385.9	158;131384;132811;+;94.3	164;134866;137493;+;98.5	156;130103;130669;+;182.1	168;139503;140141;+;68.6	169;140138;141946;+;268.3	182;150878;153067;+;391.3	162;133835;134350;+;78.4	182;150878;153067;+;70.4	A	9/9	contiguous	20775	1	1	149372..149881+;169;unnamed;0
CP125060.1	MPF_F	IncFIA;IncFIB(AP001918);IncFII	137	0	0	GA	0															not_admitted	not_admitted	not_admitted	not_admitted	not_admitted	not_admitted	not_admitted	not_admitted	not_admitted	not_admitted	1	34;32450;33442;-;369.5	21;24672;26045;-;382.9	27;27973;28716;-;234.1	37;34451;37081;-;300.9	20;23968;24675;-;201.3	47;41141;42568;-;91.9	37;34451;37081;-;100.9	49;43283;43849;-;182.9	32;31468;32106;-;68.6	29;28993;30756;-;267.3	12;14843;17068;-;380.7	42;39498;40013;-;77.9	12;14843;17068;-;66.5	A	9/9	contiguous	28440	0	1	
CP125061.1	MPF_T	IncX2	44	0	0	GA	1	12;12098;12742;-;47.1	11;11824;12114;-;73.5	10;9041;11800;-;44.8	10;9041;11800;-;133.3	10;9041;11800;-;71.9	9;8302;9039;-;57.5	7;6965;8020;-;131.7		6;6053;6775;-;116.0	5;5118;6047;-;132.4	4;3907;5121;-;128.6	3;2852;3889;-;66.4	2;1012;2847;-;543.4		pfam	pfam_only	A	7/7	canonical	1	1	unscoreable	1	0	0														not_admitted	not_admitted	not_admitted	not_admitted	not_admitted	not_admitted	not_admitted
CP125156.1	MPF_T	-	5632	1	0	GA	1	625;640913;642850;+;119.6	3446;3293192;3293485;+;74.1	3447;3293498;3295051;+;49.2	3447;3293498;3295051;+;150.8	3447;3293498;3295051;+;34.0	3449;3296252;3296959;+;143.5	3450;3297212;3298285;+;159.8		3452;3298507;3299190;+;194.6	3453;3299190;3300095;+;154.7	3454;3300139;3301389;+;143.3	815;834323;835456;-;426.5	3459;3304186;3306045;+;32.0		pfam	pfam_only	A	7/7	canonical	1	1	unscoreable	17	0	1	4577;4391499;4392440;-;196.9		1170;1173843;1174697;-;33.9	4587;4400826;4403600;-;282.8	4575;4388194;4389723;-;224.8	3454;3300139;3301389;+;143.3	3448;3294999;3296234;+;34.6				4600;4411263;4413362;-;35.0		4600;4411263;4413362;-;46.7	D	4/9	split_3	3237420	0	0	
CP125157.1	MPF_F	IncHI1B(pNDM-MAR);IncR	450	0	0	GA	0															not_admitted	not_admitted	not_admitted	not_admitted	not_admitted	not_admitted	not_admitted	not_admitted	not_admitted	not_admitted	1	169;123470;124507;+;282.3	353;275839;277038;-;166.0	355;277237;278274;-;175.9	155;109926;112643;+;148.7	352;271930;275739;-;93.8	151;106443;107813;+;65.6	155;109926;112643;+;85.2	148;103937;104797;+;79.0	168;122112;123473;+;69.8	171;126952;127485;+;27.2	363;285469;287595;+;57.8	154;109144;109881;+;57.1	363;285469;287595;+;41.0	A	9/9	split_2	181532	0	1	
CP125392.1	MPF_T	-	52	0	0	GA	1		33;25623;25886;+;59.3	34;25899;28667;+;75.1	34;25899;28667;+;177.8	34;25899;28667;+;86.1	39;30642;31613;+;81.0	40;31610;32557;+;113.5		42;32704;33366;+;177.6	43;33363;34250;+;161.4	44;34277;35452;+;165.9	45;35433;36425;+;93.2	46;36426;38237;+;348.4		pfam	pfam_only	A	7/7	canonical	1	1	unscoreable	5	0	0														not_admitted	not_admitted	not_admitted	not_admitted	not_admitted	not_admitted	not_admitted
CP125751.1	MPF_F	IncFIB(K);IncFII(K)	211	0	0	GA	0															not_admitted	not_admitted	not_admitted	not_admitted	not_admitted	not_admitted	not_admitted	not_admitted	not_admitted	not_admitted	1	153;155433;156425;-;367.7	143;148601;149971;-;380.7	147;151173;151925;-;232.4	156;157451;160090;-;258.7	142;145752;148601;-;344.2	165;163905;165329;-;89.2	156;157451;160090;-;88.8	167;166056;166622;-;167.0	152;154782;155420;-;66.0	151;152768;154723;-;259.7	138;141629;143938;-;393.2	163;162724;163293;-;49.7	138;141629;143938;-;65.8	A	9/9	contiguous	24427	1	1	145219..145749-;176;unnamed;0
CP125752.1	MPF_F	IncFIA(pBK30683);IncFII(Yp)	163	0	0	GA	0															not_admitted	not_admitted	not_admitted	not_admitted	not_admitted	not_admitted	not_admitted	not_admitted	not_admitted	not_admitted	1	140;115503;116495;+;362.9	149;121585;122955;+;378.1	146;120049;120801;+;223.8	137;111838;114477;+;259.1	150;122955;125834;+;343.0	127;106654;108075;+;87.4	137;111838;114477;+;83.9	125;105361;105927;+;167.2	141;116508;117146;+;66.0	142;117205;119160;+;255.2	152;126604;128904;+;390.5	129;108536;109099;+;55.8	152;126604;128904;+;65.8	A	9/9	contiguous	21243	1	1	125837..126367+;176;unnamed;0
CP125753.1	MPF_F	IncFII(pBK30683)	96	0	0	GA	0															not_admitted	not_admitted	not_admitted	not_admitted	not_admitted	not_admitted	not_admitted	not_admitted	not_admitted	not_admitted	1	71;55444;56433;+;363.3	81;61980;63347;+;382.7	77;59970;60722;+;233.7	67;51348;53987;+;258.5	82;63347;66196;+;345.6	59;46667;48091;+;89.2	67;51348;53987;+;87.7	57;45374;45940;+;169.3	72;56446;57084;+;66.0	73;57143;59098;+;259.7	86;68682;70994;+;392.7	60;48205;48789;+;55.4	86;68682;70994;+;66.5	A	9/9	contiguous	23308	1	1	66209..66757+;182;unnamed;0
CP125755.1	MPF_T	IncN3	52	0	0	GA	1	44;32149;32931;-;33.0	42;31606;31902;-;36.0	41;31249;31566;-;71.9	40;28675;31248;-;117.9	40;28675;31248;-;74.2	39;27958;28659;-;99.8	37;26652;27689;-;122.7	36;26444;26575;-;40.1	35;25738;26433;-;132.6	34;24840;25727;-;151.1	33;23707;24840;-;166.3	32;22655;23656;-;90.0	26;15435;16967;+;48.1		pfam	both	A	7/7	canonical	1	0	ga	7	0	0														not_admitted	not_admitted	not_admitted	not_admitted	not_admitted	not_admitted	not_admitted
CP126020.1	MPF_T	-	270	0	0	GA	1		2;1989;2369;+;78.1	3;2362;2661;+;64.0	4;2671;5124;+;178.4	4;2671;5124;+;129.7	5;5096;5893;+;50.2	6;6092;7249;+;105.4		7;7293;7955;+;131.0	8;7973;8812;+;178.8	10;9279;10580;+;214.3	1;1181;1999;+;138.2			conjscan	conjscan_only	B	6/7	canonical	1	0	unscoreable	2	0	0														not_admitted	not_admitted	not_admitted	not_admitted	not_admitted	not_admitted	not_admitted
CP126021.1	MPF_T	-	188	0	0	GA	1		151;150611;151000;+;76.9	152;150993;151292;+;61.8	153;151302;153755;+;170.3	153;151302;153755;+;130.2	154;153727;154545;+;54.0	156;154745;155932;+;104.4		157;155929;156609;+;131.2	158;156627;157451;+;190.3	160;157931;159229;+;223.7	150;149652;150668;+;62.5	164;163307;165229;+;536.3		conjscan	conjscan_only	A	7/7	canonical	1	0	unscoreable	6	0	0														not_admitted	not_admitted	not_admitted	not_admitted	not_admitted	not_admitted	not_admitted
CP126023.1	MPF_T	-	81	0	0	GA	1		78;79179;79559;-;77.1	77;78887;79186;-;64.0	76;76424;78877;-;177.2	76;76424;78877;-;129.4	75;75655;76452;-;47.7	74;74297;75457;-;106.0		73;73766;74254;-;83.4			79;79541;80518;-;137.9			conjscan	conjscan_only	D	4/7	canonical	1	0	unscoreable	1	0	0														not_admitted	not_admitted	not_admitted	not_admitted	not_admitted	not_admitted	not_admitted
CP126024.1	MPF_T	-	198	0	0	GA	1		2;1946;2326;+;74.4	3;2319;2618;+;64.6	4;2628;4820;+;173.8	4;2628;4820;+;130.8	8;6420;7217;+;51.2	10;7687;8574;+;86.2		11;8618;9280;+;133.5		110;101695;102123;-;85.5	1;976;1956;+;137.4	140;128258;129574;+;230.4		conjscan	conjscan_only	B	6/7	canonical	1	0	unscoreable	5	0	0														not_admitted	not_admitted	not_admitted	not_admitted	not_admitted	not_admitted	not_admitted
CP128222.1	MPF_F	IncFII	106	0	0	GA	0															not_admitted	not_admitted	not_admitted	not_admitted	not_admitted	not_admitted	not_admitted	not_admitted	not_admitted	not_admitted	1	82;68075;69067;+;369.5	92;74846;76219;+;381.7	87;72173;72916;+;234.4	79;64436;67066;+;304.1	93;76216;79038;+;374.0	72;59986;61437;+;94.2	79;64436;67066;+;97.1	70;58705;59271;+;174.3	84;69411;70049;+;68.6	85;70046;71896;+;266.1	97;81310;83580;+;391.1	75;62297;62812;+;78.4	97;81310;83580;+;70.3	A	9/9	contiguous	22605	1	1	79060..79539+;159;TraS;0
CP128223.1	MPF_T	IncFIB(K)	78	0	0	GA	1	48;38837;39499;+;48.3	49;39510;39809;+;36.6	50;39819;42569;+;60.6	50;39819;42569;+;134.0	50;39819;42569;+;48.6	51;42588;43304;+;137.0	53;43618;44625;+;137.8		55;44835;45521;+;158.3	56;45514;46407;+;147.4	57;46404;47600;+;134.7	58;47604;48653;+;71.5	65;53391;55298;+;24.3		pfam	pfam_only	A	7/7	canonical	1	1	unscoreable	8	0	0														not_admitted	not_admitted	not_admitted	not_admitted	not_admitted	not_admitted	not_admitted
CP128419.1	MPF_F	IncHI2;IncHI2A	427	0	0	GA	0															not_admitted	not_admitted	not_admitted	not_admitted	not_admitted	not_admitted	not_admitted	not_admitted	not_admitted	not_admitted	1	29;32275;33333;+;276.9	273;247501;248916;-;194.1	274;248906;249952;-;173.7	11;8955;11636;+;168.0	272;243542;247492;-;101.6	7;5270;6625;+;80.7	11;8955;11636;+;72.2	4;2758;3546;+;74.8	27;30622;32133;+;62.7	30;33352;36540;+;58.3	283;258218;260302;+;56.7	10;7996;8946;+;46.4	283;258218;260302;+;38.8	A	9/9	split_3	255460	0	1	
CP128432.1	-	-	114	0	0	GA	1		59;58525;58842;-;32.2		57;55837;58194;-;47.5	57;55837;58194;-;37.8				52;52433;53209;-;43.9	51;51450;52436;-;85.5	49;50307;51275;-;127.7	47;46610;47467;-;70.3	46;44844;46610;-;363.7		none	none	B	6/7	uncallable	0	0	unscoreable	7	0	0														not_admitted	not_admitted	not_admitted	not_admitted	not_admitted	not_admitted	not_admitted
CP128577.1	MPF_F	IncFIA(HI1);IncFII	154	0	0	GA	0															not_admitted	not_admitted	not_admitted	not_admitted	not_admitted	not_admitted	not_admitted	not_admitted	not_admitted	not_admitted	1	7;4180;5172;-;364.9	138;119054;120427;-;377.4	150;126825;127568;-;233.5	10;6180;8210;-;175.1	137;117126;119057;-;386.0	22;12827;14257;-;93.7	10;6180;8210;-;99.1	24;14972;15538;-;181.5	1;724;1356;-;70.5	152;127845;128945;-;266.0	131;112022;113767;-;392.8	18;11187;11702;-;80.5	131;112022;113767;-;70.8	A	9/9	split_2	127121	1	1	116239..117168-;309;unnamed;0
CP128657.1	MPF_F	IncFIB(K);IncFII(pKP91)	176	0	0	GA	0															not_admitted	not_admitted	not_admitted	not_admitted	not_admitted	not_admitted	not_admitted	not_admitted	not_admitted	not_admitted	1	139;136534;137523;-;361.7	128;129348;130715;-;382.9	132;131973;132725;-;232.9	143;138980;141619;-;257.3	127;126505;129348;-;345.3	152;145014;146438;-;89.7	143;138980;141619;-;89.1	154;147165;147731;-;169.3	137;135611;136258;-;65.9	136;133597;135552;-;259.7	124;122265;124568;-;389.2	151;144357;144941;-;54.4	124;122265;124568;-;65.8	A	9/9	contiguous	24900	1	1	125970..126494-;174;unnamed;0
CP128666.1	-	IncFIA(HI1);IncFII(K);IncFII(pAR0022)	102	0	0	GA	0															not_admitted	not_admitted	not_admitted	not_admitted	not_admitted	not_admitted	not_admitted	not_admitted	not_admitted	not_admitted	1	71;57756;58754;+;370.9	76;62485;63849;+;352.8	74;61114;61887;+;208.9	68;54097;56718;+;214.6	77;63852;66722;+;238.4	65;51806;53137;+;86.5	68;54097;56718;+;89.0	63;50525;51100;+;87.7	72;58724;59152;+;63.8	73;59180;61117;+;232.0	79;67449;69581;+;375.4	67;53558;54088;+;32.9	79;67449;69581;+;65.1	A	9/9	contiguous	16924	1	1	66731..67294+;187;unnamed;0
CP128670.1	MPF_F	IncFIA;IncFIB(AP001918);IncFII	163	0	0	GA	0															not_admitted	not_admitted	not_admitted	not_admitted	not_admitted	not_admitted	not_admitted	not_admitted	not_admitted	not_admitted	1	93;85582;86574;-;367.4	82;78523;79896;-;380.9	89;82110;82853;-;235.0	96;87583;90210;-;305.4	81;75701;78526;-;385.9	102;92265;93692;-;94.3	96;87583;90210;-;98.5	104;94407;94973;-;183.8	92;84935;85573;-;68.6	91;83130;84938;-;268.3	78;71982;74198;-;391.2	98;90726;91241;-;78.4	78;71982;74198;-;70.4	A	9/9	contiguous	22425	1	1	75195..75704-;169;unnamed;0
CP128671.1	MPF_F	IncFIA(pBK30683);IncFII(Yp)	166	0	0	GA	0															not_admitted	not_admitted	not_admitted	not_admitted	not_admitted	not_admitted	not_admitted	not_admitted	not_admitted	not_admitted	1	143;116509;117501;+;362.9	152;122591;123961;+;378.1	149;121055;121807;+;223.8	140;112844;115483;+;259.1	153;123961;126840;+;343.0	130;107660;109081;+;87.4	140;112844;115483;+;83.9	128;106367;106933;+;167.2	144;117514;118152;+;66.0	145;118211;120166;+;255.2	155;127610;129910;+;390.5	132;109542;110105;+;55.8	155;127610;129910;+;65.8	A	9/9	contiguous	21243	1	1	126843..127373+;176;unnamed;0
CP128672.1	MPF_F	IncFII(pBK30683)	99	0	0	GA	0															not_admitted	not_admitted	not_admitted	not_admitted	not_admitted	not_admitted	not_admitted	not_admitted	not_admitted	not_admitted	1	27;28798;29790;-;362.9	14;19858;21225;-;382.6	18;22483;23235;-;233.7	30;30816;33455;-;258.5	13;17009;19858;-;345.6	38;36712;38136;-;88.8	30;30816;33455;-;87.7	40;38863;39429;-;169.3	23;26121;26768;-;65.7	22;24107;26062;-;259.7	9;12211;14523;-;392.7	37;36014;36598;-;55.4	9;12211;14523;-;66.5	A	9/9	contiguous	26652	1	1	16448..16996-;182;unnamed;0
CP128673.1	MPF_T	IncX3	56	0	0	GA	1	43;35383;36027;-;46.4	42;35109;35399;-;73.1	41;32331;35084;-;47.0	41;32331;35084;-;145.4	41;32331;35084;-;73.3	40;31551;32321;-;60.1	38;30217;31272;-;133.2		37;29294;30022;-;119.4	36;28359;29288;-;138.8	35;27148;28362;-;128.3	33;25918;26952;-;65.7	32;24080;25915;-;495.9		pfam	pfam_only	A	7/7	canonical	1	1	unscoreable	2	0	0														not_admitted	not_admitted	not_admitted	not_admitted	not_admitted	not_admitted	not_admitted
CP128684.1	MPF_F	IncFIB(K);IncFII(pKP91)	174	0	0	GA	0															not_admitted	not_admitted	not_admitted	not_admitted	not_admitted	not_admitted	not_admitted	not_admitted	not_admitted	not_admitted	1	138;134851;135840;-;361.7	127;127665;129032;-;382.9	131;130290;131042;-;232.7	142;137297;139936;-;257.3	126;125524;127665;-;345.6	150;143322;144746;-;89.7	142;137297;139936;-;89.1	152;145473;146039;-;169.3	136;133928;134575;-;65.9	135;131914;133869;-;259.7	122;120581;122884;-;393.2	149;142665;143249;-;54.4	122;120581;122884;-;65.8	A	9/9	contiguous	24892	1	1	124821..125420-;199;unnamed;0
CP128688.1	MPF_F	IncFIB(K);IncFII(pKP91)	173	0	0	GA	0															not_admitted	not_admitted	not_admitted	not_admitted	not_admitted	not_admitted	not_admitted	not_admitted	not_admitted	not_admitted	1	22;24749;25741;-;366.6	12;17865;19232;-;381.2	16;20489;21241;-;232.2	25;26767;29406;-;259.3	11;15016;17865;-;346.5	33;32992;34416;-;89.1	25;26767;29406;-;88.8	35;35143;35709;-;167.0	21;24098;24736;-;67.0	20;22084;24039;-;259.2	7;10896;13202;-;392.1	31;31805;32362;-;51.5	7;10896;13202;-;66.6	A	9/9	contiguous	24247	1	1	14483..15013-;176;unnamed;0
CP128689.1	MPF_F	IncFIA(HI1);IncFII(pKP91)	109	0	0	GA	0															not_admitted	not_admitted	not_admitted	not_admitted	not_admitted	not_admitted	not_admitted	not_admitted	not_admitted	not_admitted	1	20;15147;16139;+;366.6	30;21656;23023;+;381.2	26;19647;20399;+;232.2	17;11482;14121;+;259.3	31;23023;25872;+;346.5	9;6472;7896;+;89.1	17;11482;14121;+;88.8	7;5179;5745;+;167.0	21;16152;16790;+;67.0	22;16849;18804;+;259.2	35;27686;29992;+;392.1	11;8526;9083;+;51.5	35;27686;29992;+;66.6	A	9/9	contiguous	22507	1	1	25875..26405+;176;unnamed;0
CP128691.1	MPF_F	IncHI1B(pNDM-MAR)	320	0	0	GA	0															not_admitted	not_admitted	not_admitted	not_admitted	not_admitted	not_admitted	not_admitted	not_admitted	not_admitted	not_admitted	1	117;100438;101475;+;282.3	173;155059;156468;+;190.4	172;154032;155069;+;176.7	105;86889;89606;+;149.6	174;156470;160438;+;120.1	101;83406;84776;+;65.6	105;86889;89606;+;85.2	98;80900;81760;+;79.0	116;99080;100441;+;69.9	118;101485;104670;+;58.9	165;144724;146850;-;57.7	104;86107;86844;+;60.0	165;144724;146850;-;41.0	A	9/9	split_2	75570	0	1	
CP128693.1	-	IncFIA(HI1);IncFII(K);IncFII(pAR0022)	84	0	0	GA	0															not_admitted	not_admitted	not_admitted	not_admitted	not_admitted	not_admitted	not_admitted	not_admitted	not_admitted	not_admitted	1	55;44709;45707;+;370.2	60;49435;50799;+;350.2	58;48070;48840;+;204.8	52;41050;43671;+;216.9	61;50802;53672;+;243.4	49;38759;40090;+;85.3	52;41050;43671;+;92.2	47;37478;38053;+;87.7	56;45677;46105;+;64.0	57;46133;48070;+;231.2	63;54375;56507;+;376.5	51;40511;41041;+;34.9	63;54375;56507;+;67.6	A	9/9	contiguous	16897	1	1	53681..54244+;187;unnamed;0
CP128697.1	MPF_F	IncFIA;IncFIB(AP001918);IncFII	145	0	0	GA	0															not_admitted	not_admitted	not_admitted	not_admitted	not_admitted	not_admitted	not_admitted	not_admitted	not_admitted	not_admitted	1	75;67269;68261;-;367.4	64;60210;61583;-;380.9	71;63797;64540;-;235.0	78;69270;71897;-;305.4	63;57388;60213;-;385.9	84;73952;75379;-;94.3	78;69270;71897;-;98.5	86;76094;76660;-;182.1	74;66622;67260;-;68.6	73;64817;66625;-;268.3	60;53696;55885;-;391.3	80;72413;72928;-;78.4	60;53696;55885;-;70.4	A	9/9	contiguous	22398	1	1	56882..57391-;169;unnamed;0
CP128700.1	MPF_F	IncFIB(K);IncFII(pKP91)	190	0	0	GA	0															not_admitted	not_admitted	not_admitted	not_admitted	not_admitted	not_admitted	not_admitted	not_admitted	not_admitted	not_admitted	1	136;136536;137525;-;363.3	126;129622;130989;-;384.6	130;132247;132999;-;233.7	140;138982;141621;-;258.5	125;126773;129622;-;345.5	149;144962;146386;-;89.3	140;138982;141621;-;88.2	151;147113;147679;-;167.0	135;135885;136523;-;66.0	134;133871;135826;-;260.6	121;122030;124312;-;393.2	147;143766;144350;-;55.2	121;122030;124312;-;65.9	A	9/9	contiguous	25083	1	1	126240..126770-;176;unnamed;0
CP128703.1	MPF_F	IncFIB(pQil);IncFII(K)	127	0	0	GA	0															not_admitted	not_admitted	not_admitted	not_admitted	not_admitted	not_admitted	not_admitted	not_admitted	not_admitted	not_admitted	1	101;80566;81555;+;366.0	112;87101;88468;+;381.2	108;85091;85843;+;233.7	97;76484;79123;+;258.5	113;88468;91290;+;345.9	89;71804;73228;+;88.8	97;76484;79123;+;88.7	87;70511;71077;+;169.3	102;81568;82206;+;66.9	104;83587;84219;+;203.2	117;93905;96214;+;393.1	90;73342;73926;+;55.4	117;93905;96214;+;66.6	A	9/9	contiguous	23394	1	1	91313..91915+;200;TraS;0
CP128705.1	MPF_F	IncHI1B(pNDM-MAR)	178	0	0	GA	0															not_admitted	not_admitted	not_admitted	not_admitted	not_admitted	not_admitted	not_admitted	not_admitted	not_admitted	not_admitted	1	27;27047;28084;-;282.3			42;40246;42963;-;149.2		46;45076;46446;-;63.4	42;40246;42963;-;83.2	49;48092;48952;-;78.0	28;28081;29442;-;69.9	26;23855;27037;-;59.7		43;43008;43745;-;56.9		C	6/9	contiguous	24237	0	1	
CP128710.1	MPF_F	IncHI1B(pNDM-MAR)	182	0	0	GA	0															not_admitted	not_admitted	not_admitted	not_admitted	not_admitted	not_admitted	not_admitted	not_admitted	not_admitted	not_admitted	1	28;27047;28084;-;282.3			43;40246;42963;-;149.2		47;45076;46446;-;63.4	43;40246;42963;-;83.2	50;48092;48952;-;78.0	29;28081;29442;-;69.9	27;23855;27037;-;59.7		44;43008;43745;-;56.9		C	6/9	contiguous	24237	0	1	
CP128716.1	MPF_F	IncFIB(pNDM-Mar);IncHI1B(pNDM-MAR)	266	0	0	GA	0															not_admitted	not_admitted	not_admitted	not_admitted	not_admitted	not_admitted	not_admitted	not_admitted	not_admitted	not_admitted	1	194;176886;177923;-;282.3	74;54453;55862;+;190.4	73;53426;54463;+;177.5	207;188755;191472;-;149.6	75;55864;57984;+;123.2	211;193585;194955;-;65.6	207;188755;191472;-;85.2	214;196601;197461;-;79.0	195;177920;179281;-;69.9	193;173694;176876;-;60.1	66;44101;46227;-;57.7	208;191517;192254;-;56.9	66;44101;46227;-;41.0	A	9/9	split_2	152500	1	1	58035..59777+;580;unnamed;0
CP128718.1	MPF_F	IncFII(K);repB(R1701)	166	0	0	GA	0															not_admitted	not_admitted	not_admitted	not_admitted	not_admitted	not_admitted	not_admitted	not_admitted	not_admitted	not_admitted	1	86;60638;61627;+;366.6	96;67174;68541;+;384.0	92;65164;65916;+;233.7	82;56556;59195;+;258.5	97;68541;69353;+;206.9	75;51939;53363;+;89.2	82;56556;59195;+;88.2	73;50646;51212;+;169.3	87;61640;62278;+;66.9	88;62337;64292;+;259.7	134;102258;104570;-;393.1	76;53477;54061;+;53.6	134;102258;104570;-;66.6	A	9/9	split_2	51612	1	1	69390..70094+;234;unnamed;0
CP128720.1	MPF_F	IncHI2;IncHI2A	370	0	0	GA	0															not_admitted	not_admitted	not_admitted	not_admitted	not_admitted	not_admitted	not_admitted	not_admitted	not_admitted	not_admitted	1	30;33341;34399;+;276.9	196;180720;182135;-;194.1	197;182125;183171;-;173.7	11;8955;11636;+;168.0	195;176761;180711;-;101.6	7;5270;6625;+;80.7	11;8955;11636;+;72.2	4;2758;3546;+;74.8	28;31688;33199;+;62.7	31;34418;37606;+;58.3	205;191437;193521;+;56.7	10;7996;8946;+;46.4	205;191437;193521;+;38.8	A	9/9	split_3	188679	0	1	
CP128724.1	MPF_F	IncFIA(pBK30683);IncFII(Yp)	175	0	0	GA	0															not_admitted	not_admitted	not_admitted	not_admitted	not_admitted	not_admitted	not_admitted	not_admitted	not_admitted	not_admitted	1	70;70726;71718;-;362.9	61;64266;65636;-;378.1	64;66420;67172;-;223.8	73;72744;75383;-;259.1	60;61387;64266;-;343.0	83;79146;80567;-;87.4	73;72744;75383;-;83.9	85;81294;81860;-;167.2	69;70075;70713;-;66.0	68;68061;70016;-;255.2	58;58317;60617;-;390.5	81;78122;78685;-;55.8	58;58317;60617;-;65.8	A	9/9	contiguous	22977	1	1	60854..61384-;176;unnamed;0
CP128726.1	MPF_F	IncFIB(K)	182	0	0	GA	0															not_admitted	not_admitted	not_admitted	not_admitted	not_admitted	not_admitted	not_admitted	not_admitted	not_admitted	not_admitted	1	103;97948;98937;+;366.6			99;93852;96494;+;258.5		91;89062;90486;+;89.2	99;93852;96494;+;88.2	89;87769;88335;+;169.3	104;98950;99588;+;67.0	105;99647;101524;+;259.6	130;119355;121664;+;393.1	93;91097;91681;+;54.0	130;119355;121664;+;66.6	C	6/9	contiguous	31586	0	1	
CP128727.1	MPF_F	IncFIA(pBK30683);IncFII(pKP91)	166	0	0	GA	0															not_admitted	not_admitted	not_admitted	not_admitted	not_admitted	not_admitted	not_admitted	not_admitted	not_admitted	not_admitted	1	95;97865;98857;-;363.2	83;90361;91728;-;384.4	87;92986;93738;-;235.5	98;99883;102522;-;256.6	82;87539;90361;-;341.3	108;106977;108401;-;90.9	98;99883;102522;-;88.3	110;109128;109694;-;168.5	93;96942;97589;-;67.2	91;94610;96565;-;259.6	79;83266;85575;-;392.7	106;105796;106365;-;52.1	79;83266;85575;-;66.6	A	9/9	contiguous	25862	1	1	86913..87515-;200;TraS;0
CP128730.1	MPF_F	IncFIB(K);IncFII(K)	219	0	0	GA	0															not_admitted	not_admitted	not_admitted	not_admitted	not_admitted	not_admitted	not_admitted	not_admitted	not_admitted	not_admitted	1	163;168139;169131;-;366.6	153;161318;162688;-;381.2	157;163890;164642;-;232.4	166;170157;172796;-;258.7	152;158469;161318;-;344.2	175;176611;178035;-;89.2	166;170157;172796;-;88.8	177;178762;179328;-;167.0	162;167488;168126;-;67.0	161;165485;167491;-;259.0	148;154346;156655;-;393.2	173;175430;175999;-;49.7	148;154346;156655;-;65.8	A	9/9	contiguous	24416	1	1	157936..158466-;176;unnamed;0
CP128731.1	MPF_F	IncFIA(pBK30683);IncFII(Yp)	140	0	0	GA	0															not_admitted	not_admitted	not_admitted	not_admitted	not_admitted	not_admitted	not_admitted	not_admitted	not_admitted	not_admitted	1	117;98750;99742;+;362.9	126;104832;106202;+;378.1	123;103296;104048;+;223.8	114;95085;97724;+;259.1	127;106202;109081;+;343.0	104;89902;91323;+;87.4	114;95085;97724;+;83.9	102;88609;89175;+;167.2	118;99755;100393;+;66.0	119;100452;102407;+;255.2	129;109852;112152;+;390.5	106;91784;92347;+;55.8	129;109852;112152;+;65.8	A	9/9	contiguous	21243	1	1	109084..109458+;124;unnamed;0
CP128733.1	MPF_T	IncX3	57	0	0	GA	1	44;35382;36026;-;46.4	43;35108;35398;-;73.1	42;32330;35083;-;47.0	42;32330;35083;-;145.4	42;32330;35083;-;73.3	41;31550;32320;-;60.1	39;30216;31271;-;133.2		38;29521;30021;-;79.9	36;28359;29288;-;138.8	35;27148;28362;-;128.3	33;25918;26952;-;65.7	32;24080;25915;-;495.9		pfam	pfam_only	A	7/7	canonical	1	1	unscoreable	2	0	0														not_admitted	not_admitted	not_admitted	not_admitted	not_admitted	not_admitted	not_admitted
CP128737.1	MPF_F	IncFIB(pNDM-Mar);RepB	274	0	0	GA	0															not_admitted	not_admitted	not_admitted	not_admitted	not_admitted	not_admitted	not_admitted	not_admitted	not_admitted	not_admitted	1	247;214038;215075;+;282.3	83;76150;77505;-;187.7	84;77552;78589;-;173.1	235;199287;202004;+;151.4	82;72204;76148;-;120.5	231;195801;197174;+;63.3	235;199287;202004;+;84.3	228;193295;194155;+;79.2	246;212680;214041;+;70.4	248;215085;218267;+;59.2	91;85771;87897;+;58.0	234;198505;199242;+;59.2	91;85771;87897;+;40.6	A	9/9	split_2	142881	0	1	
CP128738.1	MPF_T	IncFIB(K)	189	0	0	GA	1	166;152323;152808;+;82.5	15;15702;15992;+;73.1	16;16017;17150;+;48.6	16;16017;17150;+;67.0	16;16017;17150;+;75.5		18;18586;19641;+;133.2		19;19836;20564;+;119.4	20;20570;21265;+;81.7	21;21298;21738;+;85.0	23;21934;22968;+;65.7	24;22971;24806;+;495.9		none	none	A	7/7	canonical	0	1	unscoreable	2	0	0														not_admitted	not_admitted	not_admitted	not_admitted	not_admitted	not_admitted	not_admitted
CP128739.1	MPF_F	IncFIA(pBK30683);IncFII(Yp)	134	0	0	GA	0															not_admitted	not_admitted	not_admitted	not_admitted	not_admitted	not_admitted	not_admitted	not_admitted	not_admitted	not_admitted	1	111;95454;96446;+;362.9	120;101536;102906;+;378.1	117;100000;100752;+;223.8	108;91789;94428;+;259.1	121;102906;105785;+;343.0	98;86605;88026;+;87.4	108;91789;94428;+;83.9	96;85312;85878;+;167.2	112;96459;97097;+;66.0	113;97156;99111;+;255.2	123;106556;108856;+;390.5	100;88487;89050;+;55.8	123;106556;108856;+;65.8	A	9/9	contiguous	21244	1	1	105788..106162+;124;unnamed;0
CP128744.1	MPF_F	ColRNAI;IncFIB(pNDM-Mar);RepB	262	0	0	GA	0															not_admitted	not_admitted	not_admitted	not_admitted	not_admitted	not_admitted	not_admitted	not_admitted	not_admitted	not_admitted	1	189;154273;155310;-;282.3	84;60468;61823;+;187.7	83;59384;60421;+;174.0	200;166143;168860;-;150.6	85;61825;65769;+;120.5	204;170973;172346;-;63.3	200;166143;168860;-;85.7	207;173992;174852;-;79.2	190;155307;156668;-;70.4	188;151081;154263;-;59.1	75;50075;52201;-;58.0	201;168905;169642;-;59.2	75;50075;52201;-;40.6	A	9/9	split_2	123917	0	1	
CP128745.1	MPF_F	IncFIB(K);IncFII(K)	173	0	0	GA	0															not_admitted	not_admitted	not_admitted	not_admitted	not_admitted	not_admitted	not_admitted	not_admitted	not_admitted	not_admitted	1	147;124714;125706;+;366.6	157;131157;132527;+;381.2	153;129203;129955;+;232.4	144;121586;123688;+;152.6	158;132527;135376;+;344.2	133;115809;117233;+;89.2	144;121586;123688;+;89.5	131;114516;115082;+;167.0	148;125719;126357;+;67.0	149;126354;128360;+;259.0	162;137190;139520;+;393.2	135;117845;118414;+;49.7	162;137190;139520;+;65.8	A	9/9	contiguous	22674	1	1	135379..135909+;176;unnamed;0
CP128746.1	MPF_F	IncFIA(pBK30683);IncFII(Yp)	154	0	0	GA	0															not_admitted	not_admitted	not_admitted	not_admitted	not_admitted	not_admitted	not_admitted	not_admitted	not_admitted	not_admitted	1	131;109182;110174;+;362.9	140;115264;116634;+;378.1	137;113728;114480;+;223.8	128;105517;108156;+;259.1	141;116634;119513;+;343.0	119;100332;101753;+;87.4	128;105517;108156;+;83.9	117;99039;99605;+;167.2	132;110187;110825;+;66.0	133;110884;112839;+;255.2	143;120283;122583;+;390.5	121;102214;102777;+;55.8	143;120283;122583;+;65.8	A	9/9	contiguous	21244	1	1	119516..120046+;176;unnamed;0
CP128747.1	MPF_F	IncFII(pBK30683)	112	0	0	GA	0															not_admitted	not_admitted	not_admitted	not_admitted	not_admitted	not_admitted	not_admitted	not_admitted	not_admitted	not_admitted	1	29;28116;29105;-;363.3	19;21931;22569;-;200.5	23;23827;24579;-;233.7	33;30562;33201;-;258.5	15;17155;20004;-;345.6	41;36458;37882;-;89.2	33;30562;33201;-;87.7	43;38609;39175;-;169.3	28;27465;28103;-;66.0	27;25451;27406;-;259.7	11;12357;14669;-;392.7	40;35760;36344;-;55.4	11;12357;14669;-;66.5	A	9/9	contiguous	26252	1	1	16594..17142-;182;unnamed;0
CP128748.1	MPF_T	IncX3	77	0	0	GA	1	58;49846;50490;-;46.4	57;49572;49862;-;73.1	56;48414;49547;-;48.6	56;48414;49547;-;67.0	56;48414;49547;-;75.5					54;46325;47227;-;138.9	53;45114;46328;-;128.3	51;43884;44918;-;65.7	50;42046;43881;-;495.9		none	none	C	5/7	uncallable	0	1	unscoreable	2	0	0														not_admitted	not_admitted	not_admitted	not_admitted	not_admitted	not_admitted	not_admitted
CP128753.1	MPF_F	IncFIB(K);IncFII(pKP91)	196	0	0	GA	0															not_admitted	not_admitted	not_admitted	not_admitted	not_admitted	not_admitted	not_admitted	not_admitted	not_admitted	not_admitted	1	102;102599;103588;-;363.3	91;95413;96780;-;383.5	95;98038;98790;-;232.0	106;105045;107684;-;259.0	90;92591;95413;-;346.5	130;125067;126491;+;88.0	106;105045;107684;-;88.7	128;123774;124340;+;167.9	100;101676;102323;-;65.1	99;99662;101617;-;259.7	86;87693;89975;-;393.3	114;110456;111040;-;53.8	86;87693;89975;-;65.8	A	9/9	contiguous	37374	1	1	91966..92568-;200;TraS;0
CP128754.1	MPF_T	IncFIA(HI1);IncN;IncR	161	0	0	GA	1	27;20786;21520;+;32.5		30;22163;22480;+;63.3	31;22480;25080;+;113.8	31;22480;25080;+;76.4	32;25098;25811;+;105.5	34;26062;27102;+;142.4		35;27321;28019;+;131.9	36;28030;28914;+;159.7	37;28914;30074;+;156.3	38;30116;31111;+;81.2	138;118586;120115;-;38.5		pfam	both	A	7/7	canonical	1	0	unscoreable	6	0	0														not_admitted	not_admitted	not_admitted	not_admitted	not_admitted	not_admitted	not_admitted
CP128760.1	MPF_F	IncFIB(K);IncFII(K)	201	0	0	GA	0															not_admitted	not_admitted	not_admitted	not_admitted	not_admitted	not_admitted	not_admitted	not_admitted	not_admitted	not_admitted	1	144;143201;144193;-;366.6	134;136380;137750;-;381.2	138;138952;139704;-;232.4	147;145219;147858;-;258.7	133;133531;136380;-;344.2	156;151673;153097;-;89.2	147;145219;147858;-;88.8	158;153824;154390;-;167.0	143;142550;143188;-;67.0	142;140547;142553;-;259.0	129;129408;131717;-;393.2	154;150492;151061;-;49.7	129;129408;131717;-;65.8	A	9/9	contiguous	24416	1	1	132998..133528-;176;unnamed;0
CP128761.1	MPF_T	IncN4	52	0	0	GA	1	9;7035;7775;-;34.8	7;6421;6711;-;45.6	6;6057;6371;-;65.3	5;3427;6057;-;123.5	5;3427;6057;-;87.4	4;2710;3417;-;114.7	2;1408;2451;-;126.7	1;1143;1313;-;41.4	0;424;1140;-;145.6	51;34522;34947;-;71.6	50;33371;34525;-;174.0	49;32347;33378;-;78.0	44;26362;27939;+;50.6		pfam	both	A	7/7	canonical	1	0	ga	6	0	0														not_admitted	not_admitted	not_admitted	not_admitted	not_admitted	not_admitted	not_admitted
CP128766.1	MPF_F	IncFIB(K);IncFII(K)	219	0	0	GA	0															not_admitted	not_admitted	not_admitted	not_admitted	not_admitted	not_admitted	not_admitted	not_admitted	not_admitted	not_admitted	1	163;168420;169412;-;366.6	153;161599;162969;-;381.2	157;164171;164923;-;232.4	166;170438;173077;-;258.7	152;158750;161599;-;344.2	175;176892;178316;-;89.2	166;170438;173077;-;88.8	177;179043;179609;-;167.0	162;167769;168407;-;67.0	161;165766;167772;-;259.0	148;154627;156936;-;393.2	173;175711;176280;-;49.7	148;154627;156936;-;65.8	A	9/9	contiguous	24416	1	1	158217..158747-;176;unnamed;0
CP128767.1	MPF_T	IncN	67	0	0	GA	1	16;11409;12143;+;32.5		19;12786;13103;+;63.3	20;13103;15703;+;113.8	20;13103;15703;+;76.4	21;15721;16434;+;105.5	23;16685;17725;+;142.4		24;17944;18642;+;131.9	25;18653;19537;+;159.7	26;19537;20697;+;156.3	27;20739;21734;+;81.2	44;42324;43853;-;38.5		pfam	both	A	7/7	canonical	1	0	unscoreable	3	0	0														not_admitted	not_admitted	not_admitted	not_admitted	not_admitted	not_admitted	not_admitted
CP128768.1	MPF_T	IncX3	56	0	0	GA	1	43;35384;36028;-;46.4	42;35110;35400;-;73.1	41;32332;35085;-;47.0	41;32332;35085;-;145.4	41;32332;35085;-;73.3	40;31552;32322;-;60.1	38;30218;31273;-;133.2		37;29295;30023;-;119.4	36;28360;29289;-;138.8	35;27149;28363;-;128.3	33;25919;26953;-;65.7	32;24081;25916;-;495.9		pfam	pfam_only	A	7/7	canonical	1	1	unscoreable	2	0	0														not_admitted	not_admitted	not_admitted	not_admitted	not_admitted	not_admitted	not_admitted
CP128772.1	MPF_F	IncFII(pKP91);repB(R1701)	120	0	0	GA	0															not_admitted	not_admitted	not_admitted	not_admitted	not_admitted	not_admitted	not_admitted	not_admitted	not_admitted	not_admitted	1	96;71413;72402;+;366.0	106;77920;79287;+;383.1	102;75910;76662;+;236.7	92;67331;69970;+;258.5	107;79287;82136;+;346.2	84;61991;63415;+;89.2	92;67331;69970;+;88.7	82;60698;61264;+;170.0	97;72415;73053;+;66.9	98;73112;75067;+;259.7	111;83949;86231;+;393.2	86;64027;64611;+;53.8	111;83949;86231;+;65.8	A	9/9	contiguous	23251	1	1	82139..82669+;176;unnamed;0
CP128774.1	MPF_F	IncFIA;IncFIB(AP001918);IncFII	163	0	0	GA	0															not_admitted	not_admitted	not_admitted	not_admitted	not_admitted	not_admitted	not_admitted	not_admitted	not_admitted	not_admitted	1	90;82789;83781;-;367.4	79;75730;77103;-;380.9	86;79317;80060;-;235.0	93;84790;87417;-;305.4	78;72908;75733;-;385.9	99;89472;90899;-;94.3	93;84790;87417;-;98.5	101;91614;92180;-;183.8	89;82142;82780;-;68.6	88;80337;82145;-;268.3	75;69207;71405;-;391.3	95;87933;88448;-;78.4	75;69207;71405;-;70.4	A	9/9	contiguous	22407	1	1	72402..72911-;169;unnamed;0
CP128775.1	MPF_F	IncFII(pBK30683)	100	0	0	GA	0															not_admitted	not_admitted	not_admitted	not_admitted	not_admitted	not_admitted	not_admitted	not_admitted	not_admitted	not_admitted	1	27;28798;29790;-;362.9	14;19858;21225;-;382.6	18;22483;23235;-;233.7	30;30816;33455;-;258.5	13;17009;19858;-;345.6	38;36712;38136;-;88.8	30;30816;33455;-;87.7	40;38863;39429;-;169.3	23;26121;26768;-;65.7	22;24107;26062;-;259.7	9;12211;14523;-;392.7	37;36014;36598;-;55.4	9;12211;14523;-;66.5	A	9/9	contiguous	26652	1	1	16448..16996-;182;unnamed;0
CP128778.1	MPF_F	IncFIB(pQil);IncFII(K)	170	0	0	GA	0															not_admitted	not_admitted	not_admitted	not_admitted	not_admitted	not_admitted	not_admitted	not_admitted	not_admitted	not_admitted	1	142;114085;115074;+;366.6	152;120621;121988;+;382.2	148;118611;119363;+;236.4	138;109989;112628;+;258.5	153;121988;124837;+;341.9	131;105738;107162;+;89.3	138;109989;112628;+;88.7	129;104445;105011;+;169.3	143;115087;115725;+;66.9	144;115784;117739;+;259.7	160;129909;132221;+;392.7	132;107234;107818;+;54.7	160;129909;132221;+;66.5	A	9/9	contiguous	25464	1	1	124850..125398+;182;unnamed;0
CP128786.1	MPF_F	IncFIB(AP001918);IncFIC(FII)	177	0	0	GA	0															not_admitted	not_admitted	not_admitted	not_admitted	not_admitted	not_admitted	not_admitted	not_admitted	not_admitted	not_admitted	1	91;98705;99697;-;367.4	80;91646;93019;-;378.0	87;95233;95976;-;233.4	94;100706;103333;-;305.4	79;88827;91649;-;389.5	100;105388;106815;-;94.3	94;100706;103333;-;98.5	102;107530;108096;-;183.8	90;98058;98696;-;68.4	89;96253;98061;-;268.4	76;85109;87298;-;391.8	96;103849;104364;-;78.1	76;85109;87298;-;70.3	A	9/9	contiguous	22421	1	1	88314..88805-;163;TraS;0
CP128787.1	MPF_F	IncFII(pBK30683);repB(R1701)	193	0	0	GA	0															not_admitted	not_admitted	not_admitted	not_admitted	not_admitted	not_admitted	not_admitted	not_admitted	not_admitted	not_admitted	1	114;100606;101595;-;363.3	104;93692;95059;-;382.7	108;96317;97069;-;233.7	118;103052;105691;-;258.5	103;91458;93692;-;346.5	126;108948;110372;-;89.2	118;103052;105691;-;87.7	128;111099;111665;-;169.3	113;99955;100593;-;66.0	112;97941;99896;-;259.7	100;88492;90669;-;392.9	125;108250;108834;-;55.4	100;88492;90669;-;66.7	A	9/9	contiguous	22607	0	1	
CP128789.1	MPF_F	IncFIB(K);IncFII(pKP91)	218	0	0	GA	0															not_admitted	not_admitted	not_admitted	not_admitted	not_admitted	not_admitted	not_admitted	not_admitted	not_admitted	not_admitted	1	161;160817;161806;-;363.3	150;153631;154998;-;384.2	154;156256;157008;-;233.7	165;163263;165902;-;259.0	149;150782;153631;-;345.8	172;168918;170342;-;89.2	165;163263;165902;-;88.6	174;171069;171635;-;169.3	159;159894;160541;-;65.9	158;157880;159835;-;259.7	145;146034;148316;-;393.1	170;167722;168306;-;52.9	145;146034;148316;-;66.6	A	9/9	contiguous	25035	1	1	150249..150779-;176;unnamed;0
CP128836.1	-	-	792	0	0	GA	1	31;23866;24465;+;111.2	336;298298;298573;+;34.2		339;300027;302006;+;22.6								242;197626;199257;+;393.0	177;141493;144357;+;48.8		none	none	D	3/7	uncallable	0	0	unscoreable	10	0	0														not_admitted	not_admitted	not_admitted	not_admitted	not_admitted	not_admitted	not_admitted
CP128860.1	MPF_F	-	68	0	0	GA	0															not_admitted	not_admitted	not_admitted	not_admitted	not_admitted	not_admitted	not_admitted	not_admitted	not_admitted	not_admitted	1	8;6172;7164;+;358.3	18;13918;15285;+;348.6	11;9682;10479;+;221.8	2;1447;4116;+;246.9	19;15278;18535;+;314.5	65;56556;57941;+;98.6	2;1447;4116;+;96.2	63;55224;55823;+;90.3	9;7173;7793;+;58.0	10;7790;9682;+;226.1	25;21392;24073;+;354.5	1;588;1154;+;37.3	25;21392;24073;+;66.5	A	9/9	split_2	55968	1	1	18565..19134+;189;unnamed;0
CP128862.1	MPF_F	-	72	0	0	GA	0															not_admitted	not_admitted	not_admitted	not_admitted	not_admitted	not_admitted	not_admitted	not_admitted	not_admitted	not_admitted	1	37;36606;37598;-;358.3	27;28485;29852;-;350.9	34;33291;34088;-;221.8	44;40331;42322;-;247.9	26;25235;28492;-;314.5	49;44899;46284;-;98.6	44;40331;42322;-;52.9	51;47017;47616;-;90.3	36;35977;36597;-;58.0	35;34088;35980;-;226.1	20;19697;22378;-;354.5	45;42615;43181;-;37.3	20;19697;22378;-;66.5	A	9/9	contiguous	27320	1	1	24636..25205-;189;unnamed;0
CP128864.1	MPF_F	-	71	0	0	GA	0															not_admitted	not_admitted	not_admitted	not_admitted	not_admitted	not_admitted	not_admitted	not_admitted	not_admitted	not_admitted	1	28;21016;22008;+;358.3	38;28762;30129;+;350.9	31;24526;25323;+;221.8	22;16291;18960;+;246.9	39;30122;33379;+;314.5	17;12329;13714;+;98.6	22;16291;18960;+;96.0	15;10997;11596;+;90.3	29;22017;22637;+;58.0	30;22634;24526;+;226.1	45;36236;38917;+;354.5	21;15432;15998;+;37.3	45;36236;38917;+;66.5	A	9/9	contiguous	25239	1	1	33409..33978+;189;unnamed;0
CP129115.1	MPF_F	-	70	0	0	GA	0															not_admitted	not_admitted	not_admitted	not_admitted	not_admitted	not_admitted	not_admitted	not_admitted	not_admitted	not_admitted	1	44;30107;31099;+;358.3	54;37853;39220;+;350.9	47;33617;34414;+;221.8	38;25382;28051;+;246.9	55;39213;42470;+;314.5	33;21420;22805;+;98.6	38;25382;28051;+;96.0	31;20088;20687;+;90.3	45;31108;31728;+;58.0	46;31725;33617;+;226.1	61;45327;48008;+;354.5	37;24523;25089;+;37.3	61;45327;48008;+;66.5	A	9/9	contiguous	25239	1	1	42500..43069+;189;unnamed;0
CP129117.1	MPF_F	-	70	0	0	GA	0															not_admitted	not_admitted	not_admitted	not_admitted	not_admitted	not_admitted	not_admitted	not_admitted	not_admitted	not_admitted	1	1;537;1529;+;358.3	11;8284;9651;+;350.9	4;4047;4844;+;221.8	65;57528;60197;+;246.9	12;9644;12901;+;314.5	60;53566;54951;+;98.6	65;57528;60197;+;96.0	58;52234;52833;+;90.3	2;1538;2158;+;58.0	3;2155;4047;+;226.1	18;15758;18439;+;354.5	64;56669;57235;+;37.3	18;15758;18439;+;66.5	A	9/9	split_2	56991	1	1	12931..13500+;189;unnamed;0
CP129258.1	MPF_F	IncFIB(AP001918);IncFII	130	0	0	GA	0															not_admitted	not_admitted	not_admitted	not_admitted	not_admitted	not_admitted	not_admitted	not_admitted	not_admitted	not_admitted	1	62;65384;66376;-;369.3	53;58949;60325;-;381.0	58;61912;62655;-;230.0	65;67385;70012;-;306.4	52;56130;58952;-;389.0	72;72067;73494;-;94.3	65;67385;70012;-;98.5	74;74209;74775;-;183.3	61;64737;65375;-;68.7	60;62932;64740;-;267.9	49;52425;54596;-;391.8	68;70528;71043;-;77.7	49;52425;54596;-;70.3	A	9/9	contiguous	21784	1	1	55629..56108-;159;TraS;0
CP129669.1	MPF_T	-	190	0	0	GA	1		94;90031;90408;+;78.9	95;90405;90689;+;67.6	96;90700;93156;+;172.9	96;90700;93156;+;119.1	97;93128;93931;+;51.7	99;94125;95303;+;116.5		100;95325;95987;+;131.4	101;96004;96816;+;190.9	103;97272;98570;+;220.1	93;89070;90041;+;136.8	114;107486;109438;+;553.4		conjscan	conjscan_only	A	7/7	canonical	1	0	unscoreable	13	0	0														not_admitted	not_admitted	not_admitted	not_admitted	not_admitted	not_admitted	not_admitted
CP129670.1	MPF_T	-	200	0	0	GA	1		6;5997;6377;-;75.0	5;5716;6000;-;65.2	4;3249;5705;-;172.9	4;3249;5705;-;119.4	3;2474;3277;-;51.7	1;1102;2280;-;116.5		0;418;1080;-;131.4	199;204595;204969;-;99.9	197;202838;204139;-;224.3	7;6367;7344;-;128.7	185;191212;193122;-;530.9		conjscan	conjscan_only	A	7/7	canonical	1	0	unscoreable	14	0	0														not_admitted	not_admitted	not_admitted	not_admitted	not_admitted	not_admitted	not_admitted
CP130046.1	MPF_T	-	2207	0	0	GA	1	1007;785030;786118;-;92.6	1335;1047217;1047516;+;87.9	1336;1047521;1047841;+;106.1	1337;1047838;1049427;+;173.8	1337;1047838;1049427;+;109.6	1339;1050235;1050936;+;198.9	1340;1051173;1052420;+;159.1		1341;1052425;1053096;+;213.5	1003;781616;782332;-;141.3	1002;780309;781388;-;210.3	1148;897520;898434;+;173.9	999;777201;779000;-;307.5		pfam	both	A	7/7	canonical	1	0	unscoreable	4	0	0														not_admitted	not_admitted	not_admitted	not_admitted	not_admitted	not_admitted	not_admitted
CP130049.1	MPF_T	-	1515	0	0	GA	1	537;495016;496104;-;92.6	799;756862;757161;+;87.9	800;757166;757507;+;105.8	801;757482;759881;+;172.8	801;757482;759881;+;108.5	802;759881;760582;+;198.9	804;760817;761752;+;160.3		806;762068;762739;+;213.5	532;491513;492265;-;196.1	531;490302;491513;-;210.1	651;606782;608275;+;213.3	529;487197;489296;-;307.9		pfam	both	A	7/7	canonical	1	0	unscoreable	3	0	0														not_admitted	not_admitted	not_admitted	not_admitted	not_admitted	not_admitted	not_admitted
CP130052.1	MPF_T	-	1626	0	0	GA	1	627;556774;558576;-;91.4	898;819340;819639;+;87.9	899;819644;819985;+;105.8	900;819960;822356;+;172.8	900;819960;822356;+;108.5	901;822356;823057;+;198.9	903;823292;824227;+;160.3		905;824543;825214;+;213.5	906;825214;826068;+;183.4	621;552776;553390;-;202.2	745;669256;670749;+;213.3	618;549838;551109;-;192.2		pfam	both	A	7/7	canonical	1	0	unscoreable	4	0	0														not_admitted	not_admitted	not_admitted	not_admitted	not_admitted	not_admitted	not_admitted
CP130055.1	MPF_T	-	1848	0	0	GA	1	1112;891289;892050;+;80.4	799;633774;634073;-;87.9	798;633449;633769;-;106.1	797;631862;633325;-;174.1	797;631862;633325;-;101.1	795;630352;631053;-;198.9	794;629180;630115;-;160.3		793;628191;628799;-;204.1	792;627336;627995;-;134.2	1125;900075;900980;+;211.0	985;782853;784346;-;213.3	1129;902464;904059;+;255.2		pfam	both	A	7/7	canonical	1	0	unscoreable	8	0	0														not_admitted	not_admitted	not_admitted	not_admitted	not_admitted	not_admitted	not_admitted
CP130474.1	MPF_F	IncFIA(HI1);IncHI1A;IncHI1B(R27)	214	0	0	GA	0															not_admitted	not_admitted	not_admitted	not_admitted	not_admitted	not_admitted	not_admitted	not_admitted	not_admitted	not_admitted	1	15;14859;15911;+;277.6	118;108668;110083;-;201.7	119;110073;111119;-;171.3	212;183443;186124;+;160.6	117;104670;108659;-;103.1	208;179737;181095;+;84.0	212;183443;186124;+;76.5	205;177285;178070;+;68.7	13;13206;14714;+;65.6	16;15934;19110;+;58.9	125;118054;120138;+;50.2	211;182484;183434;+;45.2	125;118054;120138;+;36.5	A	9/9	split_3	170237	0	1	
CP131129.1	MPF_T	-	85	0	0	GA	1	60;45106;46023;-;37.9	71;54926;55387;-;62.4	70;54621;54917;-;30.7	69;51950;54550;-;70.8	69;51950;54550;-;68.7	68;51261;51953;-;83.3	65;49788;50651;-;135.3		64;49123;49788;-;71.0	63;48310;49095;-;179.1	62;47045;48307;-;145.4	61;46007;47035;-;96.2	51;35800;37350;+;62.2		pfam	both	A	7/7	canonical	1	0	unscoreable	10	0	0														not_admitted	not_admitted	not_admitted	not_admitted	not_admitted	not_admitted	not_admitted
CP132116.1	MPF_T	-	58	0	0	GA	1		0;144;407;-;54.5		57;53276;55885;-;178.8	57;53276;55885;-;86.2	52;50420;51391;-;81.8	51;49425;50423;-;116.3		49;48616;49278;-;177.6	48;47732;48619;-;161.4	47;46533;47705;-;166.0	46;45560;46552;-;93.2	45;43748;45559;-;348.4		pfam	pfam_only	A	7/7	canonical	1	0	unscoreable	5	0	0														not_admitted	not_admitted	not_admitted	not_admitted	not_admitted	not_admitted	not_admitted
CP132117.1	MPF_T	-	40	0	0	GA	1	28;18164;18709;-;58.1	1;380;676;-;65.7	0;93;380;-;50.4	39;25783;28101;-;91.1	39;25783;28101;-;60.4	37;24318;25148;-;51.4	35;22817;24043;-;51.7		33;21792;22487;-;123.2	32;20621;21781;-;163.7	30;18947;20176;-;209.5	2;677;1615;-;132.6	23;13540;15363;-;322.9		conjscan	conjscan_only	A	7/7	canonical	1	0	unscoreable	10	0	0														not_admitted	not_admitted	not_admitted	not_admitted	not_admitted	not_admitted	not_admitted
CP132119.1	MPF_T	-	82	0	0	GA	1		0;410;673;+;54.5	1;692;3460;+;73.3	1;692;3460;+;178.6	1;692;3460;+;86.1	6;5345;6316;+;81.8	7;6313;7311;+;116.3		9;7458;8120;+;177.6	10;8117;9004;+;161.4	11;9031;10203;+;166.0	12;10184;11176;+;93.2	13;11177;12988;+;348.4		pfam	pfam_only	A	7/7	canonical	1	1	unscoreable	5	0	0														not_admitted	not_admitted	not_admitted	not_admitted	not_admitted	not_admitted	not_admitted
CP132120.1	MPF_T	-	40	0	0	GA	1		12;11183;11479;-;65.7	11;10896;11183;-;50.4	10;8429;10894;-;91.1	10;8429;10894;-;88.1	6;5748;6578;-;51.4	4;4250;5473;-;46.2		3;3338;4033;-;123.2	2;2167;3327;-;163.7	0;493;1722;-;209.5	13;11480;12418;-;132.3	35;27260;29083;-;323.2		conjscan	conjscan_only	A	7/7	canonical	1	0	unscoreable	6	0	0														not_admitted	not_admitted	not_admitted	not_admitted	not_admitted	not_admitted	not_admitted
CP132122.1	MPF_T	-	54	0	0	GA	1		11;8902;9165;-;54.5	10;6115;8883;-;73.3	10;6115;8883;-;178.6	10;6115;8883;-;86.1	5;3259;4230;-;81.8	4;2264;3262;-;116.3		2;1455;2117;-;177.6	1;571;1458;-;158.6	53;48549;49100;-;146.7	52;47576;48568;-;93.2	51;45764;47575;-;348.4		pfam	pfam_only	A	7/7	canonical	1	1	unscoreable	5	0	0														not_admitted	not_admitted	not_admitted	not_admitted	not_admitted	not_admitted	not_admitted
CP132124.1	MPF_T	-	58	0	0	GA	1		0;339;602;+;54.5	1;621;3389;+;73.3	1;621;3389;+;178.6	1;621;3389;+;86.1	6;5274;6245;+;81.8	7;6242;7240;+;116.3		9;7387;8049;+;177.6	10;8046;8933;+;161.4	11;8960;10132;+;166.0	12;10113;11105;+;93.2	13;11106;12917;+;348.4		pfam	pfam_only	A	7/7	canonical	1	1	unscoreable	5	0	0														not_admitted	not_admitted	not_admitted	not_admitted	not_admitted	not_admitted	not_admitted
CP132125.1	MPF_T	-	41	0	0	GA	1	23;17716;18261;-;58.1	36;28952;29248;-;65.7	35;28665;28952;-;50.4	34;26198;28663;-;91.1	34;26198;28663;-;88.1	30;23517;24347;-;51.4	28;22019;23242;-;46.2		27;21107;21802;-;123.2	26;19936;21096;-;163.7	24;18262;19491;-;209.5	37;29249;30187;-;132.3	18;13092;14915;-;323.2		conjscan	conjscan_only	A	7/7	canonical	1	0	unscoreable	10	0	0														not_admitted	not_admitted	not_admitted	not_admitted	not_admitted	not_admitted	not_admitted
CP132129.1	MPF_T	-	41	0	0	GA	1	14;11755;12300;+;58.1	1;768;1064;+;65.7	2;1064;1351;+;50.4	3;1353;3818;+;91.1	3;1353;3818;+;88.1	7;5669;6499;+;51.4	9;6774;7997;+;46.2		10;8214;8909;+;123.2	11;8920;10080;+;163.7	13;10525;11754;+;209.5	0;87;767;+;132.3	19;15101;16924;+;323.2		conjscan	conjscan_only	A	7/7	canonical	1	0	unscoreable	10	0	0														not_admitted	not_admitted	not_admitted	not_admitted	not_admitted	not_admitted	not_admitted
CP132131.1	MPF_T	-	42	0	0	GA	1	21;15311;15856;-;58.1	34;26547;26843;-;65.7	33;26260;26547;-;50.4	32;23793;26258;-;91.1	32;23793;26258;-;88.1	28;21112;21942;-;51.4	26;19614;20837;-;46.2		25;18702;19397;-;123.2	24;17531;18691;-;163.7	22;15857;17086;-;209.5	35;26844;27782;-;132.3	16;10687;12510;-;323.2		conjscan	conjscan_only	A	7/7	canonical	1	0	unscoreable	10	0	0														not_admitted	not_admitted	not_admitted	not_admitted	not_admitted	not_admitted	not_admitted
CP132133.1	MPF_T	-	58	0	0	GA	1		52;50168;50431;+;54.5	53;50450;53218;+;73.3	53;50450;53218;+;178.6	53;50450;53218;+;86.1		1;152;1150;+;116.3		3;1297;1959;+;177.6	4;1956;2843;+;161.4	5;2870;4042;+;166.0	6;4023;5015;+;93.2	7;5016;6827;+;348.4		none	none	A	7/7	rearranged	0	1	unscoreable	1	0	0														not_admitted	not_admitted	not_admitted	not_admitted	not_admitted	not_admitted	not_admitted
CP132134.1	MPF_T	-	42	0	0	GA	1	40;31203;31748;-;58.1	11;10497;10793;-;65.7	10;10210;10497;-;50.4	9;7743;10208;-;91.1	9;7743;10208;-;88.1	5;5062;5892;-;51.4	3;3564;4787;-;46.2		2;2652;3347;-;123.2	1;1481;2641;-;163.7	41;31749;31880;-;37.1	12;10794;11732;-;132.3	35;26579;28402;-;323.2		conjscan	conjscan_only	A	7/7	canonical	1	0	unscoreable	9	0	0														not_admitted	not_admitted	not_admitted	not_admitted	not_admitted	not_admitted	not_admitted
CP132210.1	MPF_F	IncA	195	0	0	GA	0															not_admitted	not_admitted	not_admitted	not_admitted	not_admitted	not_admitted	not_admitted	not_admitted	not_admitted	not_admitted	1	67;52843;53847;+;330.1	185;152629;154062;+;336.4	184;151587;152627;+;223.9	62;47638;50085;+;352.8	186;154075;157680;+;377.7	57;38811;40127;+;136.3	62;47638;50085;+;130.4	55;37287;37913;+;93.9	65;50907;52175;+;69.6	68;53998;56736;+;138.7	46;31632;33497;+;46.9	58;40124;40702;+;98.1	46;31632;33497;+;51.6	A	9/9	split_2	122443	0	1	
CP132211.1	MPF_F	IncFII(K);repB(R1701)	164	0	0	GA	0															not_admitted	not_admitted	not_admitted	not_admitted	not_admitted	not_admitted	not_admitted	not_admitted	not_admitted	not_admitted	1	139;113295;114284;+;366.0	149;119775;121145;+;380.7	145;117821;118573;+;230.7	135;109213;111852;+;258.5	150;121145;123988;+;346.5	127;104530;105954;+;89.2	135;109213;111852;+;88.7	125;103237;103803;+;169.3	140;114297;114935;+;67.0	141;114994;116949;+;259.7	154;126573;128885;+;393.2	128;106068;106652;+;55.4	154;126573;128885;+;65.9	A	9/9	contiguous	23336	1	1	123999..124523+;174;unnamed;0
CP132318.1	-	-	165	0	0	GA	1	92;100227;100787;-;91.1	91;99850;100173;-;74.0	90;99558;99848;-;67.7	89;97150;99561;-;138.4	89;97150;99561;-;93.3	87;95267;95983;-;46.6	85;94063;95082;-;124.5		82;92493;93227;-;186.4	81;91711;92493;-;182.3	80;90293;91714;-;192.6	79;89298;90296;-;135.6	78;87178;89301;-;269.7		pfam	pfam_only	A	7/7	canonical	1	0	unscoreable	3	0	0														not_admitted	not_admitted	not_admitted	not_admitted	not_admitted	not_admitted	not_admitted
CP132319.1	-	-	147	0	0	GA	1	85;79026;79502;-;91.0	84;78654;78977;-;74.8	83;78362;78652;-;62.3	82;75954;78365;-;141.3	82;75954;78365;-;101.9	80;74071;74787;-;46.7	78;72867;73886;-;124.9		75;71295;72029;-;182.9	74;70513;71295;-;182.3	73;69095;70516;-;188.9	72;68100;69098;-;136.0	71;65980;68103;-;268.7		pfam	pfam_only	A	7/7	canonical	1	0	unscoreable	3	0	0														not_admitted	not_admitted	not_admitted	not_admitted	not_admitted	not_admitted	not_admitted
CP132325.1	MPF_F	IncA	197	0	0	GA	0															not_admitted	not_admitted	not_admitted	not_admitted	not_admitted	not_admitted	not_admitted	not_admitted	not_admitted	not_admitted	1	65;52843;53847;+;330.1	186;162275;163708;+;336.4	185;161245;162273;+;223.9	60;47638;50085;+;352.8	187;163721;167326;+;377.7	55;38811;40127;+;136.3	60;47638;50085;+;130.4	53;37287;37913;+;93.9	63;50907;52175;+;69.6	66;53998;56736;+;138.7	44;31632;33497;+;46.9	56;40124;40702;+;98.1	44;31632;33497;+;51.6	A	9/9	split_2	132089	0	1	
CP133142.1	MPF_T	IncX1;IncX3	51	0	0	GA	1	13;12346;12993;-;45.6	12;12072;12368;-;76.6	11;9300;12053;-;46.6	11;9300;12053;-;147.9	11;9300;12053;-;75.3	10;8531;9289;-;67.5	8;7160;8293;-;109.2		7;6202;6915;-;118.2	6;5268;6197;-;133.7	5;4066;5271;-;132.5	4;3033;4064;-;76.3	3;1195;3030;-;486.3		pfam	pfam_only	A	7/7	canonical	1	1	unscoreable	1	0	0														not_admitted	not_admitted	not_admitted	not_admitted	not_admitted	not_admitted	not_admitted
CP133144.1	MPF_F	IncFIA;IncFII	148	0	0	GA	0															not_admitted	not_admitted	not_admitted	not_admitted	not_admitted	not_admitted	not_admitted	not_admitted	not_admitted	not_admitted	1	48;46808;47800;+;371.6	57;52862;54235;+;380.7	52;50529;51272;+;233.3	45;43172;45799;+;303.5	58;54232;57051;+;386.2	39;39586;41013;+;91.9	45;43172;45799;+;99.0	37;38305;38871;+;182.9	49;47809;48447;+;64.9	50;48444;50252;+;268.2	61;58583;60808;+;391.7	44;42141;42656;+;76.4	61;58583;60808;+;70.3	A	9/9	contiguous	20278	1	1	57076..57567+;163;TraS;0
CP133155.1	MPF_F	IncFIB(pQil);IncFII(K)	159	0	0	GA	0															not_admitted	not_admitted	not_admitted	not_admitted	not_admitted	not_admitted	not_admitted	not_admitted	not_admitted	not_admitted	1	126;94795;95787;+;362.9	138;101789;103156;+;380.9	133;99336;100001;+;208.3	122;91131;93422;+;259.5	139;103156;106005;+;339.2	113;85908;87332;+;88.4	122;91131;93422;+;80.7	112;84616;85908;+;158.2	127;95800;96438;+;65.5	129;97201;98118;+;158.9	143;107743;110028;+;382.1	115;87944;88513;+;53.7	143;107743;110028;+;66.5	A	9/9	contiguous	23127	1	1	106008..106352+;114;unnamed;0
CP133156.1	MPF_F	IncFII(pBK30683)	101	0	0	GA	0															not_admitted	not_admitted	not_admitted	not_admitted	not_admitted	not_admitted	not_admitted	not_admitted	not_admitted	not_admitted	1	32;24627;25241;-;259.6	16;16459;17100;-;226.9	21;18387;18755;-;139.0	36;26643;28829;-;178.2	14;12876;15731;-;347.6	46;32914;33300;-;35.8	36;26643;28829;-;84.6	48;34013;35077;-;97.7		26;20269;21456;-;158.0	10;8823;10646;-;384.2	44;31906;32475;-;55.3	10;8823;10646;-;67.0	B	8/9	contiguous	25190	1	1	12188..12859-;223;unnamed;0
CP133157.1	MPF_F	IncFIB(K);IncFII(K)	304	0	0	GA	0															not_admitted	not_admitted	not_admitted	not_admitted	not_admitted	not_admitted	not_admitted	not_admitted	not_admitted	not_admitted	1	255;183554;184546;+;366.6	266;190033;191424;+;381.2	262;188049;188801;+;232.2	249;179890;180999;+;209.6	267;191424;194273;+;346.5	241;175849;176307;+;40.3	251;181585;182181;+;42.3	236;173592;174158;+;167.0	256;184559;185197;+;67.0	258;185959;186876;+;162.0	273;196832;198397;+;283.9	243;176936;177493;+;52.5	273;196832;198397;+;67.3	A	9/9	contiguous	23240	1	1	194276..194599+;107;unnamed;0
CP134892.1	MPF_F	IncC	174	0	0	GA	0															not_admitted	not_admitted	not_admitted	not_admitted	not_admitted	not_admitted	not_admitted	not_admitted	not_admitted	not_admitted	1	98;70921;71928;+;333.1	163;125814;127247;+;339.5	162;124784;125812;+;221.6	90;64470;66917;+;354.2	164;127260;130874;+;375.3	85;55643;56959;+;135.0	90;64470;66917;+;128.6	83;54119;54745;+;91.1	93;67739;69004;+;68.7	99;72044;74842;+;145.3	74;48444;50309;+;47.4	86;56956;57534;+;100.2	74;48444;50309;+;52.0	A	9/9	split_2	78816	0	1	
CP134900.1	MPF_T	-	60	0	0	GA	1		34;29415;29798;-;68.6	33;29086;29412;-;49.1	32;26546;29089;-;97.7	32;26546;29089;-;104.7	27;22288;23070;-;104.1	25;20514;22076;-;111.3		31;25842;26549;-;92.3	30;24936;25826;-;153.6	28;23083;24477;-;218.8	35;29912;30868;-;134.5	2;2803;4749;+;442.6		conjscan	conjscan_only	A	7/7	canonical	1	0	unscoreable	3	0	0														not_admitted	not_admitted	not_admitted	not_admitted	not_admitted	not_admitted	not_admitted
CP134901.1	MPF_T	IncX4	47	0	0	GA	1	31;19525;20145;+;41.6	32;20159;20485;+;61.9	33;20504;23251;+;62.7	33;20504;23251;+;153.2	33;20504;23251;+;45.6	34;23263;23979;+;93.5	35;23991;25085;+;150.1		37;25600;26286;+;169.0	38;26283;27191;+;143.2	39;27184;28293;+;164.9	40;28295;29323;+;85.1	41;29355;31172;+;313.0		pfam	pfam_only	A	7/7	canonical	1	1	unscoreable	1	0	0														not_admitted	not_admitted	not_admitted	not_admitted	not_admitted	not_admitted	not_admitted
CP134906.1	MPF_F	IncFIB(AP001918);IncFII(pRSB107)	124	0	0	GA	0															not_admitted	not_admitted	not_admitted	not_admitted	not_admitted	not_admitted	not_admitted	not_admitted	not_admitted	not_admitted	1	50;39509;40501;+;371.9	59;45560;46936;+;381.0	54;43230;43973;+;233.5	47;35870;38500;+;303.7	60;46933;49755;+;389.2	38;31239;32666;+;94.3	47;35870;38500;+;100.2	36;29958;30524;+;185.2	51;40510;41148;+;68.7	52;41145;42953;+;267.9	63;51289;53478;+;390.5	42;33787;34302;+;78.4	63;51289;53478;+;70.3	A	9/9	contiguous	21331	1	1	49776..50273+;165;TraS;0
CP134911.1	MPF_F	IncFIB(AP001918);IncFIC(FII)	117	0	0	GA	0															not_admitted	not_admitted	not_admitted	not_admitted	not_admitted	not_admitted	not_admitted	not_admitted	not_admitted	not_admitted	1	69;62587;63579;-;369.3	58;55528;56901;-;378.0	65;59115;59858;-;234.1	72;64588;67215;-;305.4	57;52709;55531;-;389.5	78;69270;70697;-;94.3	72;64588;67215;-;98.5	80;71412;71978;-;183.8	68;61940;62578;-;68.4	67;60135;61943;-;268.4	54;49027;51180;-;391.9	74;67731;68246;-;78.4	54;49027;51180;-;70.4	A	9/9	contiguous	22385	1	1	52196..52687-;163;TraS;0
CP134913.1	MPF_F	IncFIB(AP001918);IncFIC(FII)	161	0	0	GA	0															not_admitted	not_admitted	not_admitted	not_admitted	not_admitted	not_admitted	not_admitted	not_admitted	not_admitted	not_admitted	1	112;97846;98838;-;369.3	101;90787;92160;-;378.0	108;94374;95117;-;234.1	115;99847;102474;-;305.4	100;87968;90790;-;389.5	121;104529;105956;-;94.3	115;99847;102474;-;98.5	123;106671;107237;-;183.8	111;97199;97837;-;68.4	110;95394;97202;-;268.4	97;84286;86439;-;391.9	117;102990;103505;-;78.4	97;84286;86439;-;70.4	A	9/9	contiguous	22385	1	1	87455..87946-;163;TraS;0
CP134919.1	MPF_F	IncFIA;IncFIB(AP001918)	110	0	0	GA	0															not_admitted	not_admitted	not_admitted	not_admitted	not_admitted	not_admitted	not_admitted	not_admitted	not_admitted	not_admitted	1	45;38920;39912;-;369.5			48;40921;43548;-;303.9		54;45433;46884;-;94.1	48;40921;43548;-;96.5	56;47599;48165;-;184.3	43;37938;38576;-;68.7		48;40921;43548;-;21.8	51;44064;44579;-;75.2		D	5/9	contiguous	9661	0	0	
CP134924.1	MPF_F	IncFIB(AP001918);IncFIC(FII)	141	0	0	GA	0															not_admitted	not_admitted	not_admitted	not_admitted	not_admitted	not_admitted	not_admitted	not_admitted	not_admitted	not_admitted	1	93;79566;80558;-;369.3	82;72507;73883;-;378.0	89;76094;76837;-;234.1	96;81567;84194;-;305.4	81;69688;72510;-;389.5	103;86249;87676;-;94.3	96;81567;84194;-;98.5	105;88391;88957;-;183.8	92;78919;79557;-;68.4	91;77114;78922;-;268.4	78;66006;68159;-;391.9	99;84710;85225;-;78.4	78;66006;68159;-;70.4	A	9/9	contiguous	22385	1	1	69175..69666-;163;TraS;0
CP134925.1	MPF_T	IncX4	49	0	0	GA	1	46;30448;31068;+;45.4	47;31082;31408;+;65.2	48;31427;34174;+;62.7	48;31427;34174;+;151.8	48;31427;34174;+;46.1	0;21;716;+;86.0	1;728;1822;+;150.1		3;2337;3023;+;169.0	4;3020;3928;+;142.4	5;3921;5039;+;163.6	6;5041;6069;+;85.0	7;6101;7918;+;316.5		pfam	pfam_only	A	7/7	rearranged	1	1	unscoreable	1	0	0														not_admitted	not_admitted	not_admitted	not_admitted	not_admitted	not_admitted	not_admitted
CP134934.1	MPF_F	IncFII(pSE11)	73	0	0	GA	0															not_admitted	not_admitted	not_admitted	not_admitted	not_admitted	not_admitted	not_admitted	not_admitted	not_admitted	not_admitted	1	45;34629;35621;+;369.5	57;41675;43048;+;381.7	50;38727;39470;+;234.4	42;30990;33620;+;297.8	58;43045;45870;+;374.0	35;26521;27948;+;93.9	42;30990;33620;+;98.7	33;25240;25806;+;174.3	47;35965;36603;+;68.5	48;36600;38450;+;271.9	62;48112;50346;+;391.7	38;28832;29347;+;78.4	62;48112;50346;+;70.3	A	9/9	contiguous	22872	1	1	45867..46376+;169;unnamed;0
CP134935.1	MPF_T	IncX3	60	0	0	GA	1	47;38900;39544;-;46.4	46;38626;38916;-;73.1	45;35848;38601;-;47.0	45;35848;38601;-;142.4	45;35848;38601;-;73.3	44;35068;35838;-;60.1	42;33734;34789;-;133.2		41;32811;33539;-;119.4	40;31876;32805;-;138.8	39;30665;31879;-;128.3	37;29435;30469;-;65.7	36;27597;29432;-;495.9		pfam	pfam_only	A	7/7	canonical	1	1	unscoreable	2	0	0														not_admitted	not_admitted	not_admitted	not_admitted	not_admitted	not_admitted	not_admitted
CP134939.1	MPF_T	IncX3	60	0	0	GA	1	47;38900;39544;-;46.4	46;38626;38916;-;73.1	45;35848;38601;-;47.0	45;35848;38601;-;142.4	45;35848;38601;-;73.3	44;35068;35838;-;60.1	42;33734;34789;-;133.2		41;32811;33539;-;119.4	40;31876;32805;-;138.8	39;30665;31879;-;128.3	37;29435;30469;-;65.7	36;27597;29432;-;495.9		pfam	pfam_only	A	7/7	canonical	1	1	unscoreable	2	0	0														not_admitted	not_admitted	not_admitted	not_admitted	not_admitted	not_admitted	not_admitted
CP135470.1	MPF_F	IncC	220	0	0	GA	0															not_admitted	not_admitted	not_admitted	not_admitted	not_admitted	not_admitted	not_admitted	not_admitted	not_admitted	not_admitted	1	133;95466;96473;-;332.9	209;166909;168342;+;339.2	208;165879;166907;+;221.7	138;99225;101672;-;354.2	210;168355;171969;+;375.3	45;26117;27277;+;156.3	138;99225;101672;-;128.6	145;111397;112023;-;92.1	135;97138;98403;-;67.6	132;92555;95350;-;145.3	154;115833;117698;-;47.4	142;108608;109186;-;100.2	154;115833;117698;-;52.0	A	9/9	split_3	142238	0	1	
CP135473.1	-	-	49	0	0	GA	1	10;10949;11551;-;49.6	9;10665;10952;-;48.4	8;7914;10649;-;59.0	8;7914;10649;-;139.9	8;7914;10649;-;57.6	7;7197;7904;-;112.9	5;5892;6950;-;127.8		3;4840;5529;-;139.5	2;3935;4843;-;132.8	1;2662;3945;-;129.7	0;1628;2662;-;85.4			pfam	pfam_only	B	6/7	canonical	1	1	unscoreable	2	0	0														not_admitted	not_admitted	not_admitted	not_admitted	not_admitted	not_admitted	not_admitted
CP136911.1	MPF_F	IncC	227	0	0	GA	0															not_admitted	not_admitted	not_admitted	not_admitted	not_admitted	not_admitted	not_admitted	not_admitted	not_admitted	not_admitted	1	22;24195;25202;+;332.9	118;107339;108772;+;339.2	117;106309;107337;+;221.7	17;18996;21443;+;354.2	119;108785;112399;+;375.3	175;144692;145852;+;156.3	17;18996;21443;+;128.6	10;8645;9271;+;92.1	20;22265;23530;+;67.6	23;25318;28113;+;145.3	1;2970;4835;+;47.4	13;11482;12060;+;100.2	1;2970;4835;+;52.0	A	9/9	split_3	141722	0	1	
CP136914.1	MPF_F	IncC	225	0	0	GA	0															not_admitted	not_admitted	not_admitted	not_admitted	not_admitted	not_admitted	not_admitted	not_admitted	not_admitted	not_admitted	1	118;91211;92218;+;332.9	214;174355;175788;+;339.2	213;173325;174353;+;221.7	113;86012;88459;+;354.2	215;175801;179415;+;375.3	45;26117;27277;+;156.3	113;86012;88459;+;128.6	106;75661;76287;+;92.1	116;89281;90546;+;67.6	119;92334;95129;+;145.3	97;69986;71851;+;47.4	109;78498;79076;+;100.2	97;69986;71851;+;52.0	A	9/9	split_3	149684	0	1	
CP136915.1	MPF_F	Col156;IncFIA;IncFIB(AP001918);IncFII(pRSB107)	171	0	0	GA	0															not_admitted	not_admitted	not_admitted	not_admitted	not_admitted	not_admitted	not_admitted	not_admitted	not_admitted	not_admitted	1	107;94437;95429;-;369.5	94;85305;86678;-;386.6	102;90588;91331;-;231.4	110;96438;99065;-;303.9	93;82489;85308;-;386.3	116;100950;102401;-;94.1	110;96438;99065;-;96.5	118;103116;103682;-;184.3	105;93455;94093;-;68.7	104;91608;93458;-;266.7	89;78024;80231;-;391.8	113;99581;100096;-;75.2	89;78024;80231;-;70.3	A	9/9	contiguous	25092	1	1	81973..82464-;163;TraS;0
CP136916.1	MPF_T	IncI2(Delta)	68	0	0	GA	1	49;41976;42560;-;42.6	48;41686;41976;-;28.9	47;41295;41579;-;36.4	46;38932;41289;-;60.7	46;38932;41289;-;43.4	56;46391;47035;-;41.0	57;47041;48036;-;123.7		44;38032;38766;-;144.4	43;37265;38035;-;170.5	42;36136;37275;-;154.7	35;27381;28919;-;208.0	40;32984;34942;-;287.0		pfam	pfam_only	A	7/7	rearranged	1	0	unscoreable	11	0	0														not_admitted	not_admitted	not_admitted	not_admitted	not_admitted	not_admitted	not_admitted
CP136985.1	MPF_T	-	665	0	0	GA	1	423;396585;397289;+;26.8	320;301360;301743;+;88.5	342;320700;320969;-;32.5	322;302022;304472;+;40.2	322;302022;304472;+;137.7	323;304469;305212;+;231.7	337;315805;317172;-;177.3		336;315082;315786;-;231.4	327;307616;308608;+;223.5	328;308611;309903;+;209.3	61;58881;60638;+;294.2	317;297862;299859;+;348.5		conjscan	conjscan_only	A	7/7	uncallable	0	0	unscoreable	12	0	0														not_admitted	not_admitted	not_admitted	not_admitted	not_admitted	not_admitted	not_admitted
CP137011.1	MPF_F	IncFII(pHN7A8);IncR	191	0	0	GA	0															not_admitted	not_admitted	not_admitted	not_admitted	not_admitted	not_admitted	not_admitted	not_admitted	not_admitted	not_admitted	1	97;78578;79570;-;369.5	84;70372;71745;-;376.8	89;73311;74054;-;234.4	100;80579;83206;-;301.8	83;67559;70375;-;376.7	105;85261;86688;-;94.1	100;80579;83206;-;101.8	107;87403;87969;-;183.8	94;76994;77632;-;70.4	91;74331;76181;-;265.0	79;63033;65258;-;391.7	101;83722;84237;-;77.6	79;63033;65258;-;70.3	A	9/9	contiguous	24370	1	1	67005..67526-;173;unnamed;0
CP137446.1	MPF_F	IncFIB(K)	203	0	0	GA	0															not_admitted	not_admitted	not_admitted	not_admitted	not_admitted	not_admitted	not_admitted	not_admitted	not_admitted	not_admitted	1	149;153344;154333;-;366.6	139;146430;147797;-;380.5	143;149055;149807;-;233.7	153;155790;158429;-;258.5	138;143581;146430;-;346.4	161;162323;163747;-;88.1	153;155790;158429;-;88.7	163;164474;165040;-;169.3	148;152693;153331;-;66.9	147;150679;152634;-;259.7	131;137746;140055;-;393.1	160;161831;162250;-;22.0	131;137746;140055;-;66.5	A	9/9	contiguous	26728	1	1	143048..143578-;176;unnamed;0
CP137447.1	MPF_F	IncC	225	0	0	GA	0															not_admitted	not_admitted	not_admitted	not_admitted	not_admitted	not_admitted	not_admitted	not_admitted	not_admitted	not_admitted	1	118;91211;92218;+;332.9	214;174355;175788;+;339.2	213;173325;174353;+;221.7	113;86012;88459;+;354.2	215;175801;179415;+;375.3	45;26117;27277;+;156.3	113;86012;88459;+;128.6	106;75661;76287;+;92.1	116;89281;90546;+;67.6	119;92334;95129;+;145.3	97;69986;71851;+;47.4	109;78498;79076;+;100.2	97;69986;71851;+;52.0	A	9/9	split_3	149684	0	1	
CP137451.1	MPF_F	IncC	228	0	0	GA	0															not_admitted	not_admitted	not_admitted	not_admitted	not_admitted	not_admitted	not_admitted	not_admitted	not_admitted	not_admitted	1	118;91211;92218;+;332.9	217;176800;178233;+;339.2	216;175770;176798;+;221.7	113;86012;88459;+;354.2	218;178246;181860;+;375.3	45;26117;27277;+;156.3	113;86012;88459;+;128.6	106;75661;76287;+;92.1	116;89281;90546;+;67.6	119;92334;95129;+;145.3	97;69986;71851;+;47.4	109;78498;79076;+;100.2	97;69986;71851;+;52.0	A	9/9	split_3	152129	0	1	
CP137456.1	MPF_F	IncFIB(K);IncFII(K);IncFII(pAR0022)	181	0	0	GA	0															not_admitted	not_admitted	not_admitted	not_admitted	not_admitted	not_admitted	not_admitted	not_admitted	not_admitted	not_admitted	1	148;158574;159563;-;366.6	138;151660;153027;-;384.6	142;154285;155037;-;233.7	152;161017;163659;-;258.5	137;148838;151660;-;346.4	159;167026;168450;-;89.2	152;161017;163659;-;88.2	161;169177;169743;-;169.3	147;157923;158561;-;67.0	146;155909;157864;-;259.4	133;143910;146222;-;392.2	157;165831;166415;-;54.0	133;143910;146222;-;66.6	A	9/9	contiguous	25267	1	1	148213..148815-;200;TraS;0
CP137457.1	MPF_F	IncC	189	0	0	GA	0															not_admitted	not_admitted	not_admitted	not_admitted	not_admitted	not_admitted	not_admitted	not_admitted	not_admitted	not_admitted	1	100;77498;78505;+;332.9	178;142482;143915;+;339.2	177;141452;142480;+;221.7	95;72299;74746;+;354.2	179;143928;147542;+;375.3	44;26107;27267;+;156.3	95;72299;74746;+;128.6	88;61948;62574;+;92.1	98;75568;76833;+;67.6	101;78621;81416;+;145.3	79;56273;58138;+;47.4	91;64785;65363;+;100.2	79;56273;58138;+;52.0	A	9/9	split_3	117821	0	1	
CP137537.1	-	-	262	0	0	GA	0															not_admitted	not_admitted	not_admitted	not_admitted	not_admitted	not_admitted	not_admitted	not_admitted	not_admitted	not_admitted	1	22;23401;24558;+;246.0	7;8392;9822;+;212.0	6;7220;8392;+;202.6	17;18876;20471;+;230.1	8;9838;13239;+;204.8	14;16371;17660;+;111.1	18;20419;21261;+;63.1	12;14696;15307;+;105.3	21;22085;23404;+;39.6	23;24537;30224;+;67.8	171;176335;178188;-;54.5	15;17733;18422;+;63.3	171;176335;178188;-;42.6	A	9/9	split_2	169115	0	1	
CP137538.1	MPF_T	-	74	0	0	GA	1	62;52761;53663;+;39.6	51;43538;43909;+;71.3	52;43906;44205;+;50.8	53;44192;46861;+;63.8	53;44192;46861;+;82.2	54;46864;47523;+;67.7	57;48175;49041;+;142.5		58;49038;49712;+;92.1	59;49737;50519;+;199.2	60;50521;51741;+;174.5	61;51752;52774;+;112.7	68;58441;59976;-;65.3		pfam	both	A	7/7	canonical	1	0	unscoreable	7	0	0														not_admitted	not_admitted	not_admitted	not_admitted	not_admitted	not_admitted	not_admitted
CP137720.1	MPF_F	IncFIB(S);IncFII(S);IncFII(pAR0022)	117	0	0	GA	0															not_admitted	not_admitted	not_admitted	not_admitted	not_admitted	not_admitted	not_admitted	not_admitted	not_admitted	not_admitted	1	108;87474;88466;-;366.7	99;80844;82226;-;392.4	102;83258;84007;-;231.0	111;89453;92101;-;314.1	98;78025;80847;-;394.4	2;711;2132;-;91.5	111;89453;92101;-;97.8	4;2859;3425;-;185.6	106;86524;87162;-;70.6	104;84245;86071;-;271.0	95;74137;76371;-;374.0	116;93313;93828;-;96.7	95;74137;76371;-;72.0	A	9/9	split_2	92602	1	1	77515..78003-;162;TraS;0
CP137924.1	MPF_F	IncFIB(K);IncFII(K)	251	0	0	GA	0															not_admitted	not_admitted	not_admitted	not_admitted	not_admitted	not_admitted	not_admitted	not_admitted	not_admitted	not_admitted	1	205;209075;210064;-;363.3	194;201889;203256;-;382.2	198;204514;205266;-;236.4	209;211521;214160;-;259.0	193;199046;201889;-;342.9	220;218127;219551;-;88.8	209;211521;214160;-;87.6	222;220278;220844;-;167.9	203;208152;208799;-;65.9	202;206138;208093;-;259.5	189;194149;196461;-;392.8	217;216931;217515;-;53.8	189;194149;196461;-;65.9	A	9/9	contiguous	26129	1	1	198511..199035-;174;unnamed;0
CP137925.1	MPF_F	IncFIB(pNDM-Mar);RepB	257	0	0	GA	0															not_admitted	not_admitted	not_admitted	not_admitted	not_admitted	not_admitted	not_admitted	not_admitted	not_admitted	not_admitted	1	175;154295;155332;-;282.3	90;64829;66241;+;186.7	89;63802;64839;+;173.5	186;166166;168883;-;151.1	91;66216;70187;+;122.0	190;170996;172369;-;61.9	186;166166;168883;-;84.7	193;174015;174875;-;79.2	176;155329;156690;-;70.3	174;151103;154285;-;60.0	82;54477;56603;-;57.9	187;168928;169665;-;59.2	82;54477;56603;-;40.6	A	9/9	split_2	119538	0	1	
CP137932.1	MPF_F	-	102	0	0	GA	0															not_admitted	not_admitted	not_admitted	not_admitted	not_admitted	not_admitted	not_admitted	not_admitted	not_admitted	not_admitted	1	82;55282;56325;+;369.2	87;60304;61731;+;325.8	85;59094;59906;+;219.1	78;50994;53720;+;164.6	88;61747;64740;+;208.7	74;47996;49312;+;102.7	78;50994;53720;+;108.4	72;46705;47283;+;82.6	83;56340;57047;+;107.6	84;57044;59101;+;92.2	52;33099;35258;+;381.4	77;50340;50984;+;41.9	52;33099;35258;+;89.7	A	9/9	contiguous	28648	1	1	64812..65330+;172;unnamed;0
CP137937.1	MPF_F	IncFIA;IncFIB(AP001918);IncFII	161	0	0	GA	0															not_admitted	not_admitted	not_admitted	not_admitted	not_admitted	not_admitted	not_admitted	not_admitted	not_admitted	not_admitted	1	95;85052;86044;-;369.3	84;77994;79367;-;380.9	91;81580;82353;-;234.0	98;87053;89680;-;303.5	83;75172;77997;-;385.9	104;91839;93266;-;91.9	98;87053;89680;-;98.5	106;93981;94547;-;182.9	94;84405;85043;-;68.7	93;82600;84408;-;268.0	80;71480;73669;-;391.3	99;90196;90711;-;76.4	80;71480;73669;-;70.4	A	9/9	contiguous	22501	1	1	74666..75175-;169;unnamed;0
CP138390.1	-	-	78	0	0	GA	1	14;11168;11875;-;34.8	13;10849;11187;-;27.9	12;10440;10838;-;24.6	11;8051;10486;-;71.6		9;7129;7797;-;50.4	7;5807;6772;-;119.8		6;4660;5475;-;141.1	5;3851;4663;-;146.1	3;2211;3563;-;140.0	2;1167;2201;-;62.1	77;61149;62549;-;207.3		pfam	pfam_only	A	7/7	canonical	1	0	unscoreable	3	0	0														not_admitted	not_admitted	not_admitted	not_admitted	not_admitted	not_admitted	not_admitted
CP138579.1	-	-	64	0	0	GA	1	50;36562;37269;+;34.8	51;37250;37588;+;27.9	52;37599;37997;+;24.6	53;37951;40386;+;71.6		55;40640;41308;+;50.4	57;41665;42630;+;119.8		58;42962;43777;+;141.1	59;43774;44586;+;146.1	61;44874;46226;+;140.0	62;46236;47270;+;62.1	1;484;2097;+;264.1		pfam	pfam_only	A	7/7	canonical	1	0	unscoreable	3	0	0														not_admitted	not_admitted	not_admitted	not_admitted	not_admitted	not_admitted	not_admitted
CP138711.1	MPF_F	IncFIB(pNDM-Mar)	302	0	0	GA	0															not_admitted	not_admitted	not_admitted	not_admitted	not_admitted	not_admitted	not_admitted	not_admitted	not_admitted	not_admitted	1	226;193144;194181;-;282.3	82;58366;59565;+;166.0	81;57130;58167;+;176.7	241;205009;207726;-;149.6	83;59567;62803;+;120.5	148;119188;120267;-;207.3	241;205009;207726;-;85.2	248;212855;213715;-;79.0	227;194178;195539;-;70.0	225;189949;193134;-;59.6	73;47809;49935;-;57.7	242;207771;208508;-;56.9	73;47809;49935;-;41.0	A	9/9	split_3	165046	1	1	63073..63534+;153;unnamed;0
CP138712.1	MPF_F	IncHI2;IncHI2A	298	0	0	GA	0															not_admitted	not_admitted	not_admitted	not_admitted	not_admitted	not_admitted	not_admitted	not_admitted	not_admitted	not_admitted	1	32;30946;32004;+;276.9	204;180720;182135;-;194.1	205;182125;183171;-;174.1	12;8956;11637;+;168.0	203;176758;180711;-;101.6	7;5272;6627;+;80.7	12;8956;11637;+;72.2	4;2758;3546;+;74.8	29;29588;30379;+;55.8	33;32023;35211;+;57.3	212;190212;192296;+;56.8	11;7997;8947;+;46.1	212;190212;192296;+;38.8	A	9/9	split_3	187454	1	1	176164..176577-;137;unnamed;0
CP139221.1	MPF_F	IncFII(pHN7A8);IncR	159	0	0	GA	0															not_admitted	not_admitted	not_admitted	not_admitted	not_admitted	not_admitted	not_admitted	not_admitted	not_admitted	not_admitted	1	66;51504;52496;+;369.5	79;59329;60702;+;376.8	74;57020;57763;+;234.4	63;47868;50495;+;301.8	80;60699;63515;+;376.7	58;44386;45813;+;94.1	63;47868;50495;+;101.8	56;43105;43671;+;183.8	69;53442;54080;+;70.4	72;54893;56743;+;265.0	84;65816;68032;+;391.7	62;46837;47352;+;77.6	84;65816;68032;+;70.3	A	9/9	contiguous	22711	1	1	63548..64069+;173;unnamed;0
CP139226.1	MPF_F	IncFIA(HI1);IncFII(K);IncL	228	0	0	GA	0															not_admitted	not_admitted	not_admitted	not_admitted	not_admitted	not_admitted	not_admitted	not_admitted	not_admitted	not_admitted	1	43;45098;46087;-;363.3	33;38237;39607;-;380.7	37;40809;41561;-;230.7	47;47544;50183;-;259.0	32;35394;38237;-;344.2	54;53012;54436;-;88.1	47;47544;50183;-;87.3	56;55163;55729;-;169.3	42;44447;45085;-;64.7	41;42433;44388;-;259.7	28;30497;32809;-;392.8	53;52355;52939;-;54.3	28;30497;32809;-;65.9	A	9/9	contiguous	24666	1	1	34859..35383-;174;unnamed;0
CP139232.1	MPF_F	IncFIA(HI1);IncFII(K);IncL	226	0	0	GA	0															not_admitted	not_admitted	not_admitted	not_admitted	not_admitted	not_admitted	not_admitted	not_admitted	not_admitted	not_admitted	1	43;45246;46235;-;363.3	33;38385;39755;-;380.7	37;40957;41709;-;230.7	47;47692;50331;-;259.0	32;35542;38385;-;344.2	54;53160;54584;-;88.1	47;47692;50331;-;87.3	56;55311;55877;-;169.3	42;44595;45233;-;64.7	41;42581;44536;-;259.7	28;30645;32957;-;392.8	53;52503;53087;-;54.3	28;30645;32957;-;65.9	A	9/9	contiguous	24666	1	1	35007..35531-;174;unnamed;0
CP139239.1	MPF_F	IncFII(pHN7A8);IncR	145	0	0	GA	0															not_admitted	not_admitted	not_admitted	not_admitted	not_admitted	not_admitted	not_admitted	not_admitted	not_admitted	not_admitted	1	66;51504;52496;+;369.5			63;47868;50495;+;301.8		58;44386;45813;+;94.1	63;47868;50495;+;101.8	56;43105;43671;+;183.8	69;53442;54080;+;70.4		63;47868;50495;+;20.8	62;46837;47352;+;77.6		D	5/9	contiguous	10337	0	0	
CP139820.1	MPF_T	-	57	0	0	GA	1				13;11141;13159;+;24.4									18;17348;18730;+;411.1		none	none	D	2/7	uncallable	0	0	unscoreable	4	0	0														not_admitted	not_admitted	not_admitted	not_admitted	not_admitted	not_admitted	not_admitted
CP139948.1	MPF_F	IncFIB(K);IncFII(K)	198	0	0	GA	0															not_admitted	not_admitted	not_admitted	not_admitted	not_admitted	not_admitted	not_admitted	not_admitted	not_admitted	not_admitted	1	113;111035;112024;-;366.0	103;104122;105489;-;381.2	107;106747;107499;-;233.7	117;113467;116106;-;257.8	102;101273;104122;-;345.6	125;119363;120787;-;88.8	117;113467;116106;-;88.7	127;121514;122080;-;169.3	112;110384;111022;-;66.9	111;108463;110325;-;197.8	98;96475;98787;-;392.7	124;118665;119249;-;55.4	98;96475;98787;-;66.5	A	9/9	contiguous	25039	1	1	100712..101260-;182;unnamed;0
CP139950.1	MPF_T	IncFIA(HI1);IncN;IncR	167	0	0	GA	1	65;56647;57381;-;32.5		62;55687;56004;-;63.3	61;53087;55687;-;113.8	61;53087;55687;-;76.4	60;52356;53069;-;105.5	58;51065;52105;-;142.4		57;50148;50846;-;131.9	56;49253;50137;-;159.7	55;48093;49253;-;156.3	54;47056;48051;-;81.2	35;27734;29263;+;38.5		pfam	both	A	7/7	canonical	1	0	unscoreable	3	0	0														not_admitted	not_admitted	not_admitted	not_admitted	not_admitted	not_admitted	not_admitted
CP140141.1	MPF_T	-	71	0	0	GA	1				60;39770;41485;+;26.2									68;45811;47340;+;463.8		none	none	D	2/7	uncallable	0	0	unscoreable	7	0	0														not_admitted	not_admitted	not_admitted	not_admitted	not_admitted	not_admitted	not_admitted
CP140147.1	MPF_T	-	59	0	0	GA	1				4;5209;7227;-;24.4									58;49453;49815;-;33.2		none	none	D	2/7	uncallable	0	0	unscoreable	0	0	0														not_admitted	not_admitted	not_admitted	not_admitted	not_admitted	not_admitted	not_admitted
CP140736.1	MPF_T	IncFII(29);IncFII(p96A)	74	0	0	GA	1	56;50456;50938;-;89.1	7;7943;8296;-;32.1	6;7572;7943;-;35.8	5;5123;7615;-;62.7		3;2897;3574;-;53.3	1;1464;2408;-;116.1		0;457;1308;-;100.4		73;66036;67376;-;131.9	63;55994;57556;-;194.6	69;62632;64251;-;236.7		pfam	pfam_only	B	6/7	canonical	1	0	unscoreable	14	0	0														not_admitted	not_admitted	not_admitted	not_admitted	not_admitted	not_admitted	not_admitted
CP140797.1	MPF_T	-	1100	0	0	GA	1	399;385187;385849;+;22.6	400;385846;386145;+;90.4	401;386145;386489;+;102.8	402;386482;388848;+;172.7	402;386482;388848;+;108.2	403;388848;389543;+;202.2	405;389777;390697;+;164.7		407;391036;391707;+;209.3	408;391704;392561;+;183.0	409;392571;393743;+;180.5	410;393752;394792;+;108.0	682;650956;652380;-;327.9		pfam	both	A	7/7	canonical	1	0	unscoreable	2	0	0														not_admitted	not_admitted	not_admitted	not_admitted	not_admitted	not_admitted	not_admitted
CP140799.1	MPF_T	-	656	0	0	GA	1			154;151179;151478;+;63.5	155;151488;152954;+;145.4	155;151488;152954;+;117.6							151;149854;150819;+;132.6	157;153297;155300;+;549.7		none	none	D	3/7	uncallable	0	0	unscoreable	3	0	0														not_admitted	not_admitted	not_admitted	not_admitted	not_admitted	not_admitted	not_admitted
CP140800.1	MPF_T	-	348	0	0	GA	1	175;161851;162513;+;69.6	341;300040;300510;-;73.4	340;299837;300067;-;40.7	339;298123;299826;-;170.5	339;298123;299826;-;122.2	337;296596;297399;-;52.0	335;295225;296256;-;114.4		334;294542;295204;-;129.8	333;293550;294524;-;183.3	331;291959;293257;-;210.7	342;300500;301093;-;124.2	317;279462;280679;-;488.9		conjscan	conjscan_only	A	7/7	canonical	1	0	unscoreable	4	0	0														not_admitted	not_admitted	not_admitted	not_admitted	not_admitted	not_admitted	not_admitted
CP140804.1	MPF_T	-	432	0	0	GA	1	77;70314;70730;+;71.0	218;197757;198140;-;74.3	217;197465;197764;-;64.5	216;195268;197178;-;172.6		215;194222;195025;-;49.8	213;192849;193880;-;113.3		212;192166;192828;-;131.6	210;191337;191774;-;124.1	208;189583;190881;-;210.4	219;198130;199107;-;128.6	195;177078;178076;-;396.8		conjscan	conjscan_only	A	7/7	canonical	1	0	unscoreable	4	0	0														not_admitted	not_admitted	not_admitted	not_admitted	not_admitted	not_admitted	not_admitted
CP140826.1	MPF_T	-	1100	0	0	GA	1	399;385187;385849;+;22.6	400;385846;386145;+;90.4	401;386145;386489;+;102.8	402;386482;388848;+;172.7	402;386482;388848;+;108.2	403;388848;389543;+;202.2	405;389777;390697;+;164.7		407;391036;391707;+;209.3	408;391704;392561;+;183.0	409;392571;393743;+;180.5	410;393752;394792;+;108.0	682;650956;652380;-;327.9		pfam	both	A	7/7	canonical	1	0	unscoreable	2	0	0														not_admitted	not_admitted	not_admitted	not_admitted	not_admitted	not_admitted	not_admitted
CP140828.1	MPF_T	-	656	0	0	GA	1			154;151179;151478;+;63.5	155;151488;152954;+;145.4	155;151488;152954;+;117.6							151;149854;150819;+;132.6	157;153297;155300;+;549.7		none	none	D	3/7	uncallable	0	0	unscoreable	3	0	0														not_admitted	not_admitted	not_admitted	not_admitted	not_admitted	not_admitted	not_admitted
CP140829.1	MPF_T	-	348	0	0	GA	1	175;161851;162513;+;69.6	341;300040;300510;-;73.4	340;299837;300067;-;40.7	339;298123;299826;-;170.5	339;298123;299826;-;122.2	337;296596;297399;-;52.0	335;295225;296256;-;114.4		334;294542;295204;-;129.8	333;293550;294524;-;183.3	331;291959;293257;-;210.7	342;300500;301093;-;124.2	317;279462;280679;-;488.9		conjscan	conjscan_only	A	7/7	canonical	1	0	unscoreable	4	0	0														not_admitted	not_admitted	not_admitted	not_admitted	not_admitted	not_admitted	not_admitted
CP140836.1	MPF_T	-	374	0	0	GA	1	207;178532;179236;+;69.3	369;316010;316480;-;73.4	368;315807;316037;-;40.7	366;314094;315134;-;139.5	367;315089;315796;-;125.2	364;312567;313370;-;52.0	362;311195;312376;-;113.9		361;310512;311174;-;129.8	360;309682;310494;-;183.6	358;307928;309226;-;210.7	370;316470;317447;-;129.6	345;295427;297358;-;549.9		conjscan	conjscan_only	A	7/7	canonical	1	0	unscoreable	4	0	0														not_admitted	not_admitted	not_admitted	not_admitted	not_admitted	not_admitted	not_admitted
CP140837.1	MPF_T	-	692	0	0	GA	1		140;152490;152864;+;78.1	141;152861;153160;+;63.5	142;153170;155617;+;167.7	142;153170;155617;+;116.5		146;156851;157750;+;92.9		147;157770;158348;+;96.4	148;158446;159270;+;185.1	150;159711;161000;+;206.2	139;151535;152500;+;132.7	177;184541;186544;+;549.7		none	none	A	7/7	canonical	0	0	unscoreable	4	0	0														not_admitted	not_admitted	not_admitted	not_admitted	not_admitted	not_admitted	not_admitted
CP140838.1	MPF_T	-	1273	0	0	GA	1	403;367662;368324;+;22.3	404;368321;368620;+;90.5	405;368626;368964;+;102.5	406;368957;371323;+;173.1	406;368957;371323;+;108.2	407;371323;372021;+;198.2	409;372255;373175;+;163.5		411;373514;374185;+;208.5	412;374182;375039;+;184.0	414;375350;376219;+;180.2	415;376228;377223;+;107.9	842;738365;740278;-;330.5		pfam	both	A	7/7	canonical	1	0	unscoreable	3	0	0														not_admitted	not_admitted	not_admitted	not_admitted	not_admitted	not_admitted	not_admitted
CP140858.1	MPF_T	-	324	0	0	GA	1		256;251372;251752;-;74.9	255;251083;251382;-;67.7	254;249529;251073;-;174.9	254;249529;251073;-;118.8	252;247853;248653;-;52.2	250;246485;247633;-;114.3		249;245803;246465;-;129.6	248;244965;245786;-;185.9	245;243238;244518;-;204.3	257;251742;252707;-;128.2	233;229029;230996;-;549.9		conjscan	conjscan_only	A	7/7	canonical	1	0	unscoreable	5	0	0														not_admitted	not_admitted	not_admitted	not_admitted	not_admitted	not_admitted	not_admitted
CP140859.1	MPF_T	-	378	0	0	GA	1	215;181648;182115;+;70.6	373;321263;321646;-;72.1	372;320971;321270;-;64.5	370;318505;320298;-;138.2	371;320253;320960;-;125.2	369;317730;318533;-;52.0	367;316358;317539;-;113.9		366;315675;316337;-;129.8	365;314845;315657;-;183.6	363;313091;314389;-;210.7	374;321636;322613;-;129.6	349;300586;302517;-;549.9		conjscan	conjscan_only	A	7/7	canonical	1	0	unscoreable	3	0	0														not_admitted	not_admitted	not_admitted	not_admitted	not_admitted	not_admitted	not_admitted
CP140869.1	MPF_T	-	548	0	0	GA	1		260;241793;242164;+;73.7	261;242164;242463;+;65.6	262;242473;244920;+;174.4	262;242473;244920;+;118.0	263;244892;245692;+;56.7	265;245913;247061;+;114.7		266;247082;247744;+;129.1	267;247761;248582;+;186.1	269;249022;250302;+;205.4	259;240838;241803;+;129.1	299;280714;282681;+;547.9		conjscan	conjscan_only	A	7/7	canonical	1	0	unscoreable	3	0	0														not_admitted	not_admitted	not_admitted	not_admitted	not_admitted	not_admitted	not_admitted
CP140882.1	MPF_T	-	1801	0	0	GA	1		844;817049;817348;+;87.9	845;817353;817694;+;105.8	846;817669;820065;+;172.4	846;817669;820065;+;108.5	847;820065;820766;+;198.9	849;821001;821936;+;160.3		851;822252;822923;+;214.7	852;822923;823777;+;183.4	853;823787;824959;+;180.8	700;666917;668410;+;213.4	1080;1031595;1033514;+;336.3		pfam	both	A	7/7	canonical	1	0	unscoreable	3	0	0														not_admitted	not_admitted	not_admitted	not_admitted	not_admitted	not_admitted	not_admitted
CP140885.1	MPF_T	-	282	0	0	GA	1	62;60615;61589;-;78.6	61;60265;60603;-;75.1	60;59962;60261;-;77.2	59;57500;59959;-;122.9	59;57500;59959;-;98.2	56;55761;56402;-;29.9	52;53134;54162;-;146.4		51;52413;53108;-;180.4	50;51628;52416;-;196.6	49;50405;51607;-;206.3	48;49396;50424;-;134.4	47;47300;49399;-;313.0		pfam	pfam_only	A	7/7	canonical	1	0	unscoreable	5	0	0														not_admitted	not_admitted	not_admitted	not_admitted	not_admitted	not_admitted	not_admitted
CP140906.1	MPF_T	-	1258	0	0	GA	1	310;300154;300861;+;64.5	218;223020;223400;+;70.0	312;301234;301560;+;69.3	313;301560;303929;+;204.7	220;223700;226153;+;123.4	221;226128;226928;+;40.6	223;227095;227940;+;109.4		226;229586;230248;+;134.6	227;230265;231077;+;183.3	229;231534;232826;+;217.8	1203;1131035;1132468;-;211.5	239;241004;242923;+;540.2		conjscan	conjscan_only	A	7/7	rearranged	1	0	unscoreable	18	0	0														not_admitted	not_admitted	not_admitted	not_admitted	not_admitted	not_admitted	not_admitted
CP140907.1	-	-	203	0	0	GA	1	20;19608;20165;-;90.7	19;19237;19560;-;74.0	18;18947;19237;-;67.5	17;16539;18950;-;133.8	17;16539;18950;-;100.8	15;14652;15368;-;38.7	13;13448;14467;-;124.5		10;11862;12596;-;178.6	9;11080;11862;-;184.1	8;9662;11083;-;193.7	7;8663;9661;-;136.4	6;6579;8666;-;271.7		pfam	pfam_only	A	7/7	canonical	1	0	unscoreable	3	0	0														not_admitted	not_admitted	not_admitted	not_admitted	not_admitted	not_admitted	not_admitted
CP140908.1	-	-	154	0	0	GA	1	58;54554;55114;+;90.6	59;55160;55483;+;75.9	60;55485;55775;+;68.5	61;55772;58183;+;140.7	61;55772;58183;+;96.8	63;59346;60062;+;44.0	65;60247;61266;+;126.9		68;62098;62832;+;185.7	69;62832;63608;+;179.6	71;64314;64634;+;107.4	73;65029;66027;+;136.9	74;66024;68147;+;268.5		pfam	pfam_only	A	7/7	canonical	1	0	unscoreable	4	0	0														not_admitted	not_admitted	not_admitted	not_admitted	not_admitted	not_admitted	not_admitted
CP140909.1	MPF_T	-	128	0	0	GA	1	28;21698;22441;-;36.7	33;27453;27764;+;81.6	97;86984;87667;-;60.2	96;84538;86973;-;173.9	96;84538;86973;-;122.5	95;83745;84545;-;53.0	93;82370;83551;-;113.5		39;32742;33416;+;164.2	91;80840;81670;-;187.6	89;79081;80379;-;217.8	98;87657;88622;-;129.1	76;65409;67361;-;549.5		conjscan	both	A	7/7	canonical	1	0	unscoreable	16	0	0														not_admitted	not_admitted	not_admitted	not_admitted	not_admitted	not_admitted	not_admitted
CP140912.1	MPF_T	-	271	0	0	GA	1	83;69353;70441;+;95.2	80;66253;66591;+;75.5	81;66595;66894;+;77.7	82;66897;69356;+;122.4	82;66897;69356;+;98.4	84;70453;71154;+;34.4	86;71387;72415;+;146.8		87;72455;73150;+;181.9	88;73147;73956;+;197.8	90;74174;75166;+;206.7	91;75147;76175;+;134.9	92;76172;78271;+;311.3		pfam	pfam_only	A	7/7	canonical	1	0	unscoreable	2	0	0														not_admitted	not_admitted	not_admitted	not_admitted	not_admitted	not_admitted	not_admitted
CP140920.1	MPF_T	-	1805	0	0	GA	1		849;817057;817356;+;87.9	850;817361;817702;+;105.8	851;817677;820073;+;172.4	851;817677;820073;+;108.5	852;820073;820774;+;198.9	854;821009;821944;+;160.3		856;822260;822931;+;214.7	857;822931;823785;+;183.4	858;823795;824967;+;180.8	704;666919;668412;+;213.4	1083;1031605;1033524;+;336.3		pfam	both	A	7/7	canonical	1	0	unscoreable	3	0	0														not_admitted	not_admitted	not_admitted	not_admitted	not_admitted	not_admitted	not_admitted
CP140923.1	MPF_T	-	297	0	0	GA	1	58;56417;57505;-;95.3	62;60268;60606;-;75.1	61;59965;60264;-;77.2	59;57502;59529;-;123.3	60;59513;59962;-;102.3	57;55764;56405;-;29.9	53;53137;54165;-;146.4		52;52422;53111;-;141.5	51;51630;52418;-;196.6	50;50407;51609;-;206.3	49;49398;50426;-;134.4	48;47650;49401;-;313.8		pfam	pfam_only	A	7/7	canonical	1	0	unscoreable	3	0	0														not_admitted	not_admitted	not_admitted	not_admitted	not_admitted	not_admitted	not_admitted
CP140933.1	MPF_T	-	1525	0	0	GA	1		896;881374;881673;+;89.1	897;881678;882019;+;106.8	898;881994;884390;+;172.9	898;881994;884390;+;108.5	899;884390;885091;+;204.3	901;885327;886262;+;162.8		903;886578;887249;+;215.8	904;887249;888103;+;183.4	905;888113;889288;+;182.1	750;729591;731084;+;213.4	1041;1013297;1015216;+;336.3		pfam	both	A	7/7	canonical	1	0	unscoreable	2	0	0														not_admitted	not_admitted	not_admitted	not_admitted	not_admitted	not_admitted	not_admitted
CP140936.1	MPF_T	-	1566	0	0	GA	1	1258;1222255;1222962;-;63.0	671;628613;628912;-;87.9	670;628267;628608;-;105.8	1255;1219188;1221557;-;205.0	669;625896;628292;-;108.5	668;625195;625896;-;198.9	666;624025;624960;-;160.3		664;623038;623709;-;214.7	663;622184;623038;-;183.4	1250;1214631;1215749;-;182.4	823;783093;784586;-;213.3	430;401238;403157;-;333.2		pfam	both	A	7/7	canonical	1	0	unscoreable	6	0	0														not_admitted	not_admitted	not_admitted	not_admitted	not_admitted	not_admitted	not_admitted
CP140939.1	MPF_T	-	251	0	0	GA	1	65;52055;52696;-;45.0	200;173006;173305;+;96.8	201;173309;173647;+;95.5	202;173619;176021;+;174.4	202;173619;176021;+;107.2	203;176021;176719;+;199.3	205;176957;177853;+;162.3		207;178301;178852;+;183.1	208;178849;179706;+;183.9	210;180202;180798;+;179.2	211;180898;181950;+;102.6	223;194407;195312;+;214.2		pfam	both	A	7/7	canonical	1	0	unscoreable	4	0	0														not_admitted	not_admitted	not_admitted	not_admitted	not_admitted	not_admitted	not_admitted
CP140941.1	MPF_T	-	164	0	0	GA	1		98;110615;111007;-;74.0	97;110323;110622;-;63.8	96;107877;110312;-;174.6	96;107877;110312;-;123.5	95;107078;107884;-;53.5	93;105703;106884;-;115.7		92;105019;105681;-;132.7	91;104173;105003;-;188.0	89;102409;103707;-;217.8	99;110997;111962;-;126.1	77;88592;90550;-;549.0		conjscan	conjscan_only	A	7/7	canonical	1	0	unscoreable	3	0	0														not_admitted	not_admitted	not_admitted	not_admitted	not_admitted	not_admitted	not_admitted
CP140942.1	MPF_T	-	1371	0	0	GA	1		832;806971;807270;+;87.0	833;807275;807616;+;106.8	834;807591;809987;+;172.1	834;807591;809987;+;108.6	835;809987;810688;+;200.5	837;810924;811859;+;162.8		839;812175;812846;+;215.6	840;812846;813700;+;182.5	841;813710;814882;+;180.8	682;657543;658388;+;167.4	935;899704;901623;+;336.9		pfam	both	A	7/7	canonical	1	0	unscoreable	2	0	0														not_admitted	not_admitted	not_admitted	not_admitted	not_admitted	not_admitted	not_admitted
CP140947.1	MPF_T	-	1633	0	0	GA	1	225;204735;205442;+;63.0	803;796357;796656;+;87.9	804;796661;796951;+;106.5	228;207076;209445;+;205.0	805;796978;799374;+;108.5	806;799374;800075;+;198.9	808;800310;801245;+;160.3		810;801561;802232;+;214.7	811;802232;803086;+;183.4	233;212884;214002;+;182.4	655;641624;643117;+;213.3	1060;1030307;1032226;+;333.2		pfam	both	A	7/7	canonical	1	0	unscoreable	8	0	0														not_admitted	not_admitted	not_admitted	not_admitted	not_admitted	not_admitted	not_admitted
CP140951.1	MPF_T	-	118	0	0	GA	1		65;57853;58245;-;74.0	64;57561;57860;-;63.8	63;55115;57550;-;174.6	63;55115;57550;-;123.5	62;54316;55122;-;53.5	60;52941;54122;-;115.7		59;52257;52919;-;132.7	58;51411;52241;-;188.0	56;49647;50945;-;217.8	66;58235;59200;-;126.1	42;34894;36852;-;549.0		conjscan	conjscan_only	A	7/7	canonical	1	0	unscoreable	3	0	0														not_admitted	not_admitted	not_admitted	not_admitted	not_admitted	not_admitted	not_admitted
CP140953.1	MPF_T	-	1362	0	0	GA	1		827;806960;807259;+;87.0	828;807264;807605;+;106.8	829;807580;809976;+;172.1	829;807580;809976;+;108.6	830;809976;810677;+;200.5	832;810913;811848;+;162.8		834;812164;812835;+;215.6	835;812835;813689;+;182.5	836;813699;814871;+;180.8	681;656889;658382;+;213.3	928;899695;901614;+;336.9		pfam	both	A	7/7	canonical	1	0	unscoreable	2	0	0														not_admitted	not_admitted	not_admitted	not_admitted	not_admitted	not_admitted	not_admitted
CP140958.1	MPF_T	-	1560	0	0	GA	1	1254;1203693;1204400;-;63.0	670;628618;628917;-;87.9	669;628272;628613;-;105.8	1251;1200625;1202994;-;205.0	668;625901;628297;-;108.5	667;625200;625901;-;198.9	665;624030;624965;-;160.3		663;623043;623714;-;214.7	662;622189;623043;-;183.4	1246;1196068;1197186;-;182.4	820;783104;784597;-;213.3	427;401238;403157;-;333.2		pfam	both	A	7/7	canonical	1	0	unscoreable	6	0	0														not_admitted	not_admitted	not_admitted	not_admitted	not_admitted	not_admitted	not_admitted
CP140962.1	MPF_T	-	250	0	0	GA	1	66;52051;52692;-;45.0	199;173005;173304;+;96.8	200;173308;173646;+;95.5	202;174325;176019;+;145.3	201;173618;174265;+;110.1	203;176019;176717;+;199.3	205;176955;177851;+;162.3		207;178178;178849;+;206.9	209;179018;179704;+;162.2	211;180200;180796;+;179.2	212;180896;181948;+;102.6	222;193391;195310;+;333.3		pfam	both	A	7/7	canonical	1	0	unscoreable	5	0	0														not_admitted	not_admitted	not_admitted	not_admitted	not_admitted	not_admitted	not_admitted
CP140963.1	MPF_T	-	170	0	0	GA	1		107;110636;111028;-;74.0	106;110344;110643;-;63.8	105;107898;110333;-;174.6	105;107898;110333;-;123.5	104;107099;107905;-;53.5	102;105724;106905;-;115.7		101;105040;105702;-;132.7	100;104194;105024;-;188.0	98;102430;103728;-;217.8	108;111018;111983;-;126.1	86;88613;90571;-;549.0		conjscan	conjscan_only	A	7/7	canonical	1	0	unscoreable	3	0	0														not_admitted	not_admitted	not_admitted	not_admitted	not_admitted	not_admitted	not_admitted
CP142010.1	MPF_T	-	50	0	0	GA	1	45;32891;33481;+;64.3	3;3861;4175;+;76.6		5;4511;7081;+;35.5	5;4511;7081;+;110.5	7;7220;7879;+;55.0	8;8447;9922;+;84.9		9;9929;10639;+;126.0	10;10665;11657;+;166.9	11;11673;13016;+;209.6	2;2778;3785;+;116.3	47;36741;38798;+;343.4		conjscan	conjscan_only	A	7/7	canonical	1	0	unscoreable	4	0	0														not_admitted	not_admitted	not_admitted	not_admitted	not_admitted	not_admitted	not_admitted
CP142081.1	MPF_T	-	71	0	0	GA	1	65;51617;52207;+;63.3	4;3867;4181;+;82.0	5;4183;4449;+;39.2	6;4514;7084;+;36.2	6;4514;7084;+;110.5	7;7103;7882;+;58.3	9;8357;9835;+;85.5		10;9841;10551;+;128.3	11;10578;11570;+;168.2	12;11586;12938;+;211.8	3;2835;3785;+;119.6	67;54637;56694;+;351.4		conjscan	conjscan_only	A	7/7	canonical	1	0	unscoreable	3	0	0														not_admitted	not_admitted	not_admitted	not_admitted	not_admitted	not_admitted	not_admitted
CP142083.1	MPF_T	-	33	0	0	GA	1	9;8559;9461;+;40.9	32;25792;26169;+;71.2		0;37;2670;+;64.9	0;37;2670;+;82.6	1;2673;3332;+;68.1	4;3972;4838;+;139.8		5;4835;5509;+;92.1	6;5534;6322;+;199.4	7;6319;7539;+;173.3	8;7550;8572;+;112.7	15;14194;15762;-;70.1		pfam	both	A	7/7	canonical	1	0	unscoreable	7	0	0														not_admitted	not_admitted	not_admitted	not_admitted	not_admitted	not_admitted	not_admitted
CP142527.1	MPF_F	IncFIB(AP001918);IncFII	181	0	0	GA	0															not_admitted	not_admitted	not_admitted	not_admitted	not_admitted	not_admitted	not_admitted	not_admitted	not_admitted	not_admitted	1	144;122958;123950;-;369.3	133;115535;116908;-;381.0	138;118498;119241;-;235.0	147;124959;127586;-;304.6	132;113031;115538;-;389.6	153;129738;131165;-;94.3	147;124959;127586;-;99.2	155;131880;132446;-;183.8	141;121323;121961;-;68.6	140;119518;121326;-;268.0	128;109002;111182;-;391.6	149;128102;128617;-;78.4	128;109002;111182;-;70.4	A	9/9	contiguous	22878	1	1	112716..112949-;77;unnamed;0
CP142532.1	MPF_F	IncFIB(AP001918);IncFIC(FII)	186	0	0	GA	0															not_admitted	not_admitted	not_admitted	not_admitted	not_admitted	not_admitted	not_admitted	not_admitted	not_admitted	not_admitted	1	17;14299;15291;-;369.3	6;7240;8613;-;378.0	13;10827;11570;-;234.1	20;16300;18927;-;305.4	5;4421;7243;-;389.5	26;20982;22409;-;94.3	20;16300;18927;-;98.5	28;23124;23690;-;183.8	16;13652;14290;-;68.4	15;11847;13655;-;268.4	2;739;2892;-;391.9	22;19443;19958;-;78.4	2;739;2892;-;70.4	A	9/9	contiguous	22385	1	1	3908..4399-;163;TraS;0
CP142533.1	MPF_F	IncFII	144	0	0	GA	0															not_admitted	not_admitted	not_admitted	not_admitted	not_admitted	not_admitted	not_admitted	not_admitted	not_admitted	not_admitted	1	119;92891;93883;-;369.5	109;85739;87112;-;381.7	114;89042;89785;-;234.4	122;94892;97522;-;304.1	108;82920;85742;-;374.0	130;100924;102375;-;94.2	122;94892;97522;-;97.1	132;103090;103656;-;174.3	117;91909;92547;-;68.6	116;90062;91912;-;266.1	104;78405;80648;-;391.1	127;99549;100064;-;78.4	104;78405;80648;-;70.3	A	9/9	contiguous	24685	1	1	82419..82898-;159;TraS;0
CP142537.1	MPF_F	IncFIA;IncFIB(AP001918);IncFIC(FII)	168	0	0	GA	0															not_admitted	not_admitted	not_admitted	not_admitted	not_admitted	not_admitted	not_admitted	not_admitted	not_admitted	not_admitted	1	139;143474;144466;-;369.3	128;136415;137788;-;378.0	135;140002;140745;-;234.5	142;145475;148102;-;305.4	127;133596;136418;-;389.5	148;150157;151584;-;94.3	142;145475;148102;-;98.5	150;152299;152865;-;182.9	138;142827;143465;-;68.4	137;141022;142830;-;268.4	124;129914;132067;-;391.9	144;148618;149133;-;78.4	124;129914;132067;-;70.4	A	9/9	contiguous	22385	1	1	133083..133574-;163;TraS;0
CP142542.1	MPF_F	IncFIB(AP001918);IncFIC(FII)	142	0	0	GA	0															not_admitted	not_admitted	not_admitted	not_admitted	not_admitted	not_admitted	not_admitted	not_admitted	not_admitted	not_admitted	1				91;92177;92650;-;74.4		95;94704;96131;-;94.3		97;96846;97412;-;183.8				92;93166;93681;-;78.4		D	3/9	contiguous	4669	0	0	
CP142544.1	MPF_F	IncHI2;IncHI2A	274	0	0	GA	0															not_admitted	not_admitted	not_admitted	not_admitted	not_admitted	not_admitted	not_admitted	not_admitted	not_admitted	not_admitted	1	81;76330;77388;-;276.5	194;182307;183722;+;194.1	193;181271;182317;+;174.3	99;98917;101598;-;168.0	195;183731;187684;+;101.7	103;103928;105283;-;80.7	99;98917;101598;-;72.2	106;107006;107794;-;74.8	83;77530;79041;-;62.0	80;73123;76311;-;57.3	186;172145;174229;-;56.8	100;101607;102557;-;46.1	186;172145;174229;-;38.8	A	9/9	split_3	110608	1	1	187865..189154+;429;unnamed;0
CP142547.1	MPF_F	IncFIB(AP001918);IncFII;IncX1	208	1	1	GA	1	110;90370;90879;-;79.1	64;59172;59462;-;73.5	63;56389;59148;-;44.8	63;56389;59148;-;133.3	63;56389;59148;-;71.9	62;55650;56387;-;57.5	60;54313;55368;-;131.7		59;53401;54123;-;116.0	58;52466;53395;-;132.4	57;51255;52469;-;128.3	56;50200;51237;-;66.4	55;48360;50195;-;543.4	130;103656;105464;+;268.0	pfam	pfam_only	A	7/7	canonical	1	1	unscoreable	29	0	1	128;102020;103012;+;369.3	137;108071;109447;+;381.0	132;105741;106484;+;235.5	125;98384;101011;+;305.4	138;109444;112269;+;389.2	57;51255;52469;-;128.3	125;98384;101011;+;98.5	116;93621;94187;+;183.8	129;103021;103659;+;68.4	130;103656;105464;+;268.0	141;113773;116007;+;391.7	122;97353;97868;+;78.0	55;48360;50195;-;90.1	A	9/9	split_2	65413	1	1	112266..112775+;169;unnamed;0
CP142550.1	MPF_T	IncX3	57	0	0	GA	1	28;26133;26777;-;46.4	27;25859;26149;-;73.1	26;23081;25834;-;47.0	26;23081;25834;-;142.4	26;23081;25834;-;73.3	25;22301;23071;-;60.1	23;20967;22022;-;133.2		22;20044;20772;-;119.4	21;19109;20038;-;138.8	20;17898;19112;-;128.3	18;16668;17702;-;65.7	17;14830;16665;-;495.9		pfam	pfam_only	A	7/7	canonical	1	1	unscoreable	2	0	0														not_admitted	not_admitted	not_admitted	not_admitted	not_admitted	not_admitted	not_admitted
CP142551.1	MPF_F	IncFIB(AP001918);IncFIC(FII)	146	0	0	GA	0															not_admitted	not_admitted	not_admitted	not_admitted	not_admitted	not_admitted	not_admitted	not_admitted	not_admitted	not_admitted	1	18;15813;16805;-;369.3	6;8755;10128;-;378.0	13;12342;13085;-;234.1	21;17814;20441;-;305.4	5;5936;8758;-;389.5	27;22496;23923;-;94.3	21;17814;20441;-;98.5	29;24638;25204;-;183.8	17;15166;15804;-;68.4	15;13362;14207;-;265.0	2;2254;4407;-;391.9	23;20957;21472;-;78.4	2;2254;4407;-;70.4	A	9/9	contiguous	22384	1	1	5423..5914-;163;TraS;0
CP142553.1	MPF_T	IncN	62	0	0	GA	1	55;47953;48687;-;32.5	53;47360;47653;-;28.7	52;46993;47310;-;63.3	51;44393;46993;-;111.8	51;44393;46993;-;76.8	50;43662;44375;-;97.1	48;42371;43411;-;153.6		47;41454;42152;-;131.9	46;40559;41443;-;159.0	45;39399;40559;-;154.9	44;38362;39357;-;81.2	40;32264;33793;+;38.5		pfam	both	A	7/7	canonical	1	0	unscoreable	5	0	0														not_admitted	not_admitted	not_admitted	not_admitted	not_admitted	not_admitted	not_admitted
CP142555.1	MPF_F	IncFII	85	0	0	GA	0															not_admitted	not_admitted	not_admitted	not_admitted	not_admitted	not_admitted	not_admitted	not_admitted	not_admitted	not_admitted	1	20;15689;16681;+;369.3	29;21743;23116;+;381.0	24;19380;20153;+;234.0	17;12050;14680;+;303.5	30;23113;25938;+;386.0	10;7345;8772;+;94.3	17;12050;14680;+;98.5	8;6064;6630;+;183.8	21;16690;17328;+;68.7	22;17325;19133;+;268.0	33;27442;29649;+;391.7	14;9900;10415;+;78.6	33;27442;29649;+;70.3	A	9/9	contiguous	21378	1	1	25935..26444+;169;unnamed;0
CP142558.1	MPF_F	IncFIB(AP001918);IncFIC(FII)	146	0	0	GA	0															not_admitted	not_admitted	not_admitted	not_admitted	not_admitted	not_admitted	not_admitted	not_admitted	not_admitted	not_admitted	1				117;111868;113781;+;70.1		110;108386;109813;+;94.3		108;107321;107671;+;114.9			120;115284;116465;+;175.4	114;110837;111352;+;78.0		D	3/9	contiguous	7963	0	0	
CP142561.1	MPF_F	IncFIB(AP001918);IncFIC(FII)	157	0	0	GA	0															not_admitted	not_admitted	not_admitted	not_admitted	not_admitted	not_admitted	not_admitted	not_admitted	not_admitted	not_admitted	1		97;104988;106361;-;378.0	104;108575;109318;-;234.1	107;109944;112262;-;305.8	96;102169;104991;-;389.5	113;114317;115078;-;80.2	107;109944;112262;-;98.1	115;115869;116435;-;183.8		106;109595;109891;-;71.0	93;98488;100437;-;392.2	109;112778;113293;-;78.4	93;98488;100437;-;70.6	C	7/9	contiguous	17381	1	1	101656..102147-;163;TraS;0
CP142565.1	MPF_F	IncFIA;IncFIB(AP001918);IncFII(pHN7A8)	143	0	0	GA	0															not_admitted	not_admitted	not_admitted	not_admitted	not_admitted	not_admitted	not_admitted	not_admitted	not_admitted	not_admitted	1	37;28051;29043;+;369.5	50;35876;37249;+;376.8	45;33567;34310;+;234.4	34;24415;27042;+;301.8	51;37246;40062;+;376.7	29;20933;22360;+;94.1	34;24415;27042;+;101.8	27;19652;20218;+;183.8	40;29989;30627;+;70.4	43;31440;33290;+;265.0	55;42363;44579;+;391.7	33;23384;23899;+;78.0	55;42363;44579;+;70.3	A	9/9	contiguous	22711	1	1	40095..40616+;173;unnamed;0
CP142567.1	MPF_F	IncHI2;IncHI2A	295	0	0	GA	0															not_admitted	not_admitted	not_admitted	not_admitted	not_admitted	not_admitted	not_admitted	not_admitted	not_admitted	not_admitted	1	63;67581;68639;+;276.5	247;242803;244218;-;194.1	248;244208;245254;-;174.3	47;45328;48009;+;168.0	246;238841;242794;-;101.7	43;41643;42998;+;80.7	47;45328;48009;+;72.2	40;39131;39919;+;74.8	61;65928;67439;+;62.0	64;68658;71846;+;57.3	255;252296;254380;+;56.8	46;44369;45319;+;46.1	255;252296;254380;+;38.8	A	9/9	split_3	213165	1	1	237371..238660-;429;unnamed;0
CP142571.1	MPF_F	IncHI2;IncHI2A	231	0	0	GA	0															not_admitted	not_admitted	not_admitted	not_admitted	not_admitted	not_admitted	not_admitted	not_admitted	not_admitted	not_admitted	1	171;147233;148291;-;276.5			187;167863;170544;-;168.0		191;172874;173416;-;60.7	187;167863;170544;-;72.2	196;177496;178284;-;74.8	173;148433;149944;-;62.0			188;170553;171503;-;46.1		D	5/9	contiguous	30263	0	0	
CP142574.1	MPF_F	IncFIB(AP001918);IncFIC(FII)	155	0	0	GA	0															not_admitted	not_admitted	not_admitted	not_admitted	not_admitted	not_admitted	not_admitted	not_admitted	not_admitted	not_admitted	1	72;68244;69236;+;368.9	83;74922;76295;+;378.0	76;71965;72708;+;234.5	69;64608;67235;+;305.4	84;76292;77008;+;207.6	63;61126;62553;+;94.3	69;64608;67235;+;98.5	61;59845;60411;+;183.8	73;69245;69883;+;68.4	74;69880;71688;+;268.0	92;83230;85383;+;391.9	67;63577;64092;+;78.4	92;83230;85383;+;70.4	A	9/9	contiguous	23385	0	1	
CP142577.1	MPF_F	IncC;p0111	272	0	0	GA	0															not_admitted	not_admitted	not_admitted	not_admitted	not_admitted	not_admitted	not_admitted	not_admitted	not_admitted	not_admitted	1	144;132651;133553;-;258.4	90;87048;88481;-;339.2	91;88483;89511;-;221.7	149;136305;138752;-;354.2	89;83421;87035;-;375.3	160;150747;152063;-;135.0	149;136305;138752;-;128.6	162;152961;153587;-;92.1	146;134218;135483;-;67.6		171;157397;159262;-;47.4	159;150172;150750;-;100.2	171;157397;159262;-;52.0	B	8/9	split_2	73976	0	0	
CP142578.1	MPF_F	IncFII(pHN7A8)	91	0	0	GA	0															not_admitted	not_admitted	not_admitted	not_admitted	not_admitted	not_admitted	not_admitted	not_admitted	not_admitted	not_admitted	1	15;12225;13217;-;369.5	2;4019;5392;-;376.8	7;6958;7701;-;234.4	18;14226;16853;-;301.8	1;1206;4022;-;376.7	23;18908;20335;-;94.1	18;14226;16853;-;101.8	25;21050;21616;-;183.8	12;10641;11279;-;70.4	9;7978;9828;-;265.0	89;73543;75714;-;391.8	19;17369;17884;-;78.0	89;73543;75714;-;70.3	A	9/9	split_2	72337	1	1	652..1173-;173;unnamed;0
CP142582.1	MPF_F	IncFIB(AP001918);IncFIC(FII)	166	0	0	GA	0															not_admitted	not_admitted	not_admitted	not_admitted	not_admitted	not_admitted	not_admitted	not_admitted	not_admitted	not_admitted	1	109;93831;94823;+;369.3	121;100507;101880;+;378.0	114;97550;98293;+;234.1	106;90195;92822;+;302.7	122;101877;104699;+;389.5	100;86712;88139;+;94.3	106;90195;92822;+;98.5	98;85431;85997;+;183.8	110;94832;95470;+;68.4	112;96428;97273;+;265.0	125;106227;108380;+;391.9	104;89163;89645;+;68.2	125;106227;108380;+;70.4	A	9/9	contiguous	20796	1	1	104721..105212+;163;TraS;0
CP142584.1	MPF_F	IncFIB(AP001918);IncFIC(FII)	171	0	0	GA	0															not_admitted	not_admitted	not_admitted	not_admitted	not_admitted	not_admitted	not_admitted	not_admitted	not_admitted	not_admitted	1	1;1134;2126;-;369.3	161;152635;154008;-;378.0	168;156222;156965;-;234.1	4;3135;5762;-;305.4	160;149816;152638;-;389.5	10;7817;9244;-;94.3	4;3135;5762;-;98.5	12;9959;10525;-;174.3	0;487;1125;-;68.4	170;157242;158513;-;269.9	157;146134;148287;-;391.9	6;6278;6793;-;78.4	157;146134;148287;-;70.4	A	9/9	split_2	156755	1	1	149303..149794-;163;TraS;0
CP142585.1	MPF_F	IncFII(pHN7A8);IncN	118	0	0	GA	0															not_admitted	not_admitted	not_admitted	not_admitted	not_admitted	not_admitted	not_admitted	not_admitted	not_admitted	not_admitted	1		105;95164;96537;-;376.8	110;98103;98846;-;234.4	2;2000;4627;-;301.8	104;92351;95167;-;376.7	7;6682;8109;-;94.1	2;2000;4627;-;101.8	9;8824;9390;-;183.8	115;101786;102424;-;70.4	112;99123;100973;-;265.0	100;87798;90050;-;391.7	3;5143;5658;-;78.0	100;87798;90050;-;70.3	B	8/9	split_2	99786	1	1	91797..92318-;173;unnamed;0
CP142586.1	MPF_F	IncFII	97	0	0	GA	0															not_admitted	not_admitted	not_admitted	not_admitted	not_admitted	not_admitted	not_admitted	not_admitted	not_admitted	not_admitted	1	2;1466;2458;-;369.5	89;78242;79615;-;381.7	94;81545;82288;-;234.4	5;3468;6095;-;304.1	88;75423;78245;-;374.0	10;7984;8886;-;94.0	5;3468;6095;-;97.1	13;10357;10716;-;107.8	0;484;1122;-;68.6	96;82565;83857;-;267.8	84;70944;73151;-;391.2	7;6615;7124;-;68.3	84;70944;73151;-;70.3	A	9/9	split_2	82081	1	1	74922..75401-;159;TraS;0
CP143331.1	MPF_F	IncC	194	0	0	GA	0															not_admitted	not_admitted	not_admitted	not_admitted	not_admitted	not_admitted	not_admitted	not_admitted	not_admitted	not_admitted	1	181;147682;148689;+;332.9	75;65122;66555;+;339.2	74;64092;65120;+;221.7	176;142483;144930;+;354.2	76;66568;70182;+;375.3	167;129172;130488;+;135.0	176;142483;144930;+;128.6	165;127648;128274;+;92.1	179;145752;147017;+;67.6	182;148805;151600;+;145.3	156;121973;123838;+;47.4	168;130485;131063;+;100.2	156;121973;123838;+;52.0	A	9/9	split_2	84713	0	1	
CP143333.1	MPF_F	IncHI2;IncHI2A	371	1	1	GA	1	221;208532;209071;+;23.7	93;98051;98437;-;85.3	92;97785;98054;-;32.5	91;95322;97772;-;37.9	91;95322;97772;-;125.2	90;94582;95325;-;226.6	88;92879;94246;-;177.3		87;92156;92860;-;235.9	86;91167;92159;-;223.0	85;89884;91164;-;208.0	94;98434;99504;-;118.3	96;99974;101971;-;333.6	22;26720;29908;+;58.3	conjscan	conjscan_only	A	7/7	canonical	1	0	unscoreable	3	0	1	21;25643;26701;+;276.9	226;215494;216909;-;194.1	227;216899;217945;-;173.7	3;2323;5004;+;168.0	225;211535;215485;-;101.6	85;89884;91164;-;208.0	3;2323;5004;+;72.2	367;333296;334084;+;74.8	19;23990;25501;+;62.7	22;26720;29908;+;58.3	96;99974;101971;-;103.8	2;1364;2314;+;46.4	96;99974;101971;-;99.0	A	9/9	split_5	331932	0	1	
CP143335.1	MPF_F	IncHI2;IncHI2A	377	1	1	GA	1	136;116727;117266;-;23.7	269;232125;232511;+;85.3	270;232508;232777;+;32.5	271;232790;235240;+;37.9	271;232790;235240;+;125.2	272;235237;235980;+;226.6	274;236316;237683;+;177.3		275;237702;238406;+;235.9	276;238403;239395;+;223.0	277;239398;240678;+;208.0	268;231058;232128;+;118.3	266;228591;230588;+;333.6	341;300597;303785;-;58.3	conjscan	conjscan_only	A	7/7	canonical	1	0	unscoreable	3	0	1	342;303804;304862;-;276.9	131;108889;110304;+;194.1	130;107853;108899;+;173.7	360;325501;328182;-;168.0	132;110313;114263;+;101.6	277;239398;240678;+;208.0	360;325501;328182;-;72.2	367;333591;334379;-;74.8	344;305004;306515;-;62.7	341;300597;303785;-;58.3	266;228591;230588;+;103.8	361;328191;329141;-;46.4	266;228591;230588;+;99.0	A	9/9	split_4	225738	0	1	
CP143338.1	MPF_F	IncC	194	0	0	GA	0															not_admitted	not_admitted	not_admitted	not_admitted	not_admitted	not_admitted	not_admitted	not_admitted	not_admitted	not_admitted	1	167;130929;131936;-;332.9	79;52280;53713;-;339.2	80;53715;54743;-;221.7	172;134688;137135;-;354.2	78;48653;52267;-;375.3	181;149130;150446;-;135.0	172;134688;137135;-;128.6	183;151344;151970;-;92.1	169;132601;133866;-;67.6	166;128018;130813;-;145.3	192;155780;157645;-;47.4	180;148555;149133;-;100.2	192;155780;157645;-;52.0	A	9/9	split_2	107127	0	1	
CP143973.1	MPF_T	IncN2	72	0	0	GA	1	64;55397;56179;-;33.3	62;54854;55150;-;36.0	61;54497;54814;-;71.9	60;51923;54496;-;118.0	60;51923;54496;-;74.2	59;51194;51907;-;107.4	57;49888;50925;-;121.9	56;49680;49811;-;40.1	55;48974;49669;-;132.6	54;48076;48963;-;147.8	53;46943;48076;-;166.3	52;45891;46892;-;90.1	20;12623;14155;+;51.3		pfam	both	A	7/7	canonical	1	0	ga	2	0	0														not_admitted	not_admitted	not_admitted	not_admitted	not_admitted	not_admitted	not_admitted
CP143977.1	MPF_T	IncN2	72	0	0	GA	1	64;55397;56179;-;33.3	62;54854;55150;-;36.0	61;54497;54814;-;71.9	60;51923;54496;-;118.0	60;51923;54496;-;74.2	59;51194;51907;-;107.4	57;49888;50925;-;121.9	56;49680;49811;-;40.1	55;48974;49669;-;132.6	54;48076;48963;-;147.8	53;46943;48076;-;166.3	52;45891;46892;-;90.1	20;12623;14155;+;51.3		pfam	both	A	7/7	canonical	1	0	ga	2	0	0														not_admitted	not_admitted	not_admitted	not_admitted	not_admitted	not_admitted	not_admitted
CP144217.1	-	IncFII(K);IncFII(pAR0022);IncR	75	0	0	GA	0															not_admitted	not_admitted	not_admitted	not_admitted	not_admitted	not_admitted	not_admitted	not_admitted	not_admitted	not_admitted	1	7;9914;10912;-;370.2	2;4822;6186;-;350.2	4;6781;7551;-;205.1	10;11950;14571;-;216.9	1;1949;4819;-;243.4	13;15531;16862;-;85.3	10;11950;14571;-;92.2	15;17568;18143;-;87.7	6;9516;9944;-;64.0	5;7551;9488;-;231.2	74;64978;65820;-;118.1	11;14580;15110;-;34.9	74;64978;65820;-;68.8	A	9/9	split_2	63029	1	1	1377..1940-;187;unnamed;0
CP144326.1	MPF_F	IncC	180	0	0	GA	0															not_admitted	not_admitted	not_admitted	not_admitted	not_admitted	not_admitted	not_admitted	not_admitted	not_admitted	not_admitted	1	127;97549;98184;+;255.0			120;90672;93119;+;354.5		60;39028;40188;+;156.3	120;90672;93119;+;128.3	113;80276;80902;+;92.7	123;93941;95206;+;67.9	128;98300;101098;+;145.3	104;74601;76466;+;47.3	116;83113;83691;+;100.2	104;74601;76466;+;52.0	C	6/9	split_2	59272	0	1	
CP144327.1	MPF_F	IncFIB(pNDM-Mar);IncHI1B(pNDM-MAR)	343	0	0	GA	0															not_admitted	not_admitted	not_admitted	not_admitted	not_admitted	not_admitted	not_admitted	not_admitted	not_admitted	not_admitted	1	90;85098;86135;-;282.3	241;213170;214579;+;190.4	240;212143;213180;+;176.7	105;99366;102083;-;145.0	242;214581;215762;+;82.8	109;104196;105566;-;63.4	105;99366;102083;-;85.2	112;107212;108072;-;79.0	91;86132;87493;-;69.8	89;81906;85088;-;59.7	233;202812;204938;-;57.8	106;102128;102865;-;56.9	233;202812;204938;-;41.0	A	9/9	split_2	132675	1	1	215804..218488+;894;unnamed;0
CP144667.1	MPF_T	-	375	0	0	GA	1		101;94433;94732;+;86.9	102;94735;95076;+;105.4	103;95069;97450;+;172.6	103;95069;97450;+;106.0	104;97450;98148;+;208.4	106;98383;99318;+;162.3		108;99624;100295;+;220.9	109;100292;101146;+;184.6	110;101161;102333;+;183.3	111;102342;103352;+;98.6	74;72848;73408;-;151.4		pfam	both	A	7/7	canonical	1	0	unscoreable	2	0	0														not_admitted	not_admitted	not_admitted	not_admitted	not_admitted	not_admitted	not_admitted
CP144668.1	MPF_T	-	192	0	0	GA	1	119;122608;123345;+;75.2	189;204125;204526;-;73.1	121;123710;124036;+;73.6	122;124036;126405;+;239.2	187;201354;203822;-;125.4	186;200579;201382;-;45.0	184;199174;200370;-;112.0		126;128262;128975;+;176.9	182;197625;198491;-;189.2	180;195820;197136;-;226.5	190;204516;205487;-;133.5	81;79762;81711;-;544.5		conjscan	conjscan_only	A	7/7	uncallable	0	0	unscoreable	11	0	0														not_admitted	not_admitted	not_admitted	not_admitted	not_admitted	not_admitted	not_admitted
CP145937.1	MPF_T	-	262	0	0	GA	0															not_admitted	not_admitted	not_admitted	not_admitted	not_admitted	not_admitted	not_admitted	not_admitted	not_admitted	not_admitted	1	31;29263;30348;+;271.5			27;24710;27199;+;239.7		24;21611;22999;+;104.8	27;24710;27199;+;122.7	22;19750;20340;+;84.8	30;28007;29266;+;54.1		16;15221;17173;+;21.5	25;23002;23535;+;70.4	16;15221;17173;+;36.9	D	5/9	contiguous	14042	0	0	
CP146035.1	MPF_F	IncFII(SARC14);IncFII(p14)	102	0	0	GA	0															not_admitted	not_admitted	not_admitted	not_admitted	not_admitted	not_admitted	not_admitted	not_admitted	not_admitted	not_admitted	1	17;12309;13304;+;357.2	23;17553;18914;+;336.5	21;16141;16920;+;197.5	14;8625;11216;+;216.4	24;18916;21813;+;292.5	8;5379;6740;+;81.9	14;8625;11216;+;87.7	6;4099;4662;+;145.5	19;13680;14294;+;79.6	20;14291;16144;+;259.9	27;23450;25660;+;361.0	13;8000;8614;+;48.0	27;23450;25660;+;67.4	A	9/9	contiguous	19351	1	1	21825..22385+;186;unnamed;0
CP146230.1	MPF_F	-	129	0	0	GA	0															not_admitted	not_admitted	not_admitted	not_admitted	not_admitted	not_admitted	not_admitted	not_admitted	not_admitted	not_admitted	1	59;39122;40165;+;369.2	65;44143;45570;+;325.8	63;42933;43745;+;219.1	55;34835;37648;+;164.4	66;45586;48588;+;208.7	51;32161;33153;+;104.3	55;34835;37648;+;108.3	48;30545;31123;+;82.6	60;40180;40887;+;107.6	62;41768;42940;+;98.3	30;17825;19984;+;381.4	54;34181;34825;+;41.9	30;17825;19984;+;89.7	A	9/9	contiguous	27761	1	1	48660..49178+;172;unnamed;0
CP146241.1	MPF_T	-	483	0	0	GA	1	436;490053;490967;-;89.1	430;482666;482998;-;87.3	429;482385;482666;-;32.5	428;479917;482373;-;36.2	428;479917;482373;-;125.4	427;479156;479920;-;230.7	425;477483;478844;-;194.6		424;476797;477486;-;217.6	423;475817;476800;-;209.4	422;474663;475820;-;218.0	431;482995;484002;-;117.2	434;486063;488045;-;340.9		conjscan	conjscan_only	A	7/7	canonical	1	0	unscoreable	5	0	0														not_admitted	not_admitted	not_admitted	not_admitted	not_admitted	not_admitted	not_admitted
CP146243.1	MPF_T	-	189	0	0	GA	1		68;90406;90810;+;69.6	69;90803;91102;+;61.5	70;91115;93412;+;183.7	70;91115;93412;+;134.6	71;93384;94193;+;46.5	73;94411;95601;+;111.5		74;95619;96281;+;125.6	75;96298;97152;+;186.7	77;97640;98962;+;227.0	67;89445;90416;+;129.5	168;185338;187305;+;553.6		conjscan	conjscan_only	A	7/7	canonical	1	0	unscoreable	3	0	0														not_admitted	not_admitted	not_admitted	not_admitted	not_admitted	not_admitted	not_admitted
CP146245.1	MPF_T	-	165	0	0	GA	1	36;36889;37596;+;54.6	109;115648;116052;-;71.8	38;37983;38309;+;72.1	39;38309;40678;+;200.7	107;113345;115345;-;118.7	105;112097;112906;-;49.5	103;110695;111888;-;108.8		43;42507;43220;+;167.3	101;109146;110000;-;189.5	99;107350;108657;-;222.7	110;116042;117013;-;134.0	16;11803;13773;-;551.3		conjscan	conjscan_only	A	7/7	uncallable	0	0	unscoreable	12	0	0														not_admitted	not_admitted	not_admitted	not_admitted	not_admitted	not_admitted	not_admitted
CP146536.1	MPF_F	IncFII(Yp)	114	0	0	GA	0															not_admitted	not_admitted	not_admitted	not_admitted	not_admitted	not_admitted	not_admitted	not_admitted	not_admitted	not_admitted	1	26;17327;18319;+;362.9	37;24327;24965;+;195.1	32;21873;22625;+;235.3	23;13662;16301;+;259.1	39;25693;28542;+;338.1	13;8437;9861;+;88.4	23;13662;16301;+;83.9	11;7144;7710;+;167.1	27;18332;18970;+;67.3	28;19029;20984;+;255.2	43;30282;32594;+;390.6	15;10473;11042;+;53.7	43;30282;32594;+;66.5	A	9/9	contiguous	23138	1	1	28545..29075+;176;unnamed;0
CP146542.1	MPF_F	IncFII(Yp)	95	0	0	GA	0															not_admitted	not_admitted	not_admitted	not_admitted	not_admitted	not_admitted	not_admitted	not_admitted	not_admitted	not_admitted	1	62;43906;44520;+;259.6	74;50856;52226;+;383.0	68;48057;48809;+;223.0	58;39865;42504;+;259.1	75;52226;55099;+;344.4	48;34634;36058;+;88.4	58;39865;42504;+;83.9	46;33341;33907;+;162.5	63;44533;45171;+;66.0	64;45230;47185;+;259.7	78;56652;58961;+;392.7	50;36676;37245;+;53.7	78;56652;58961;+;66.6	A	9/9	contiguous	23311	1	1	55110..55643+;177;unnamed;0
CP146551.1	MPF_T	IncI2(Delta)	75	0	0	GA	1	30;22280;22762;-;81.1		44;38339;38623;-;36.5	43;35976;38333;-;59.8	43;35976;38333;-;45.0	53;43471;44115;-;41.5	54;44121;45116;-;123.9		42;35078;35812;-;144.3	41;34311;35081;-;170.5	40;33182;34321;-;154.7	33;24531;26069;-;207.1	38;30134;32092;-;287.0		pfam	pfam_only	A	7/7	rearranged	1	0	unscoreable	13	0	0														not_admitted	not_admitted	not_admitted	not_admitted	not_admitted	not_admitted	not_admitted
CP146554.1	MPF_F	Col156;IncFIB(AP001918);IncFII	162	0	0	GA	0															not_admitted	not_admitted	not_admitted	not_admitted	not_admitted	not_admitted	not_admitted	not_admitted	not_admitted	not_admitted	1	139;127856;128659;-;289.8	125;118067;119440;-;374.3	132;121655;122398;-;234.1	142;129668;132295;-;305.4	124;115254;118070;-;387.9	148;134350;135777;-;94.4	142;129668;132295;-;99.1	150;136492;137058;-;183.8	135;124480;125118;-;67.3	134;122675;124483;-;268.3	121;111538;113691;-;391.1	144;132811;133326;-;77.3	121;111538;113691;-;69.2	A	9/9	contiguous	24954	1	1	114700..115221-;173;unnamed;0
CP146574.1	MPF_F	IncFIB(K);IncFII(K)	245	0	0	GA	0															not_admitted	not_admitted	not_admitted	not_admitted	not_admitted	not_admitted	not_admitted	not_admitted	not_admitted	not_admitted	1	95;95951;96940;-;363.3	83;89495;90133;-;194.8	87;91391;92143;-;236.4	99;98396;101035;-;259.0	81;85924;88767;-;342.9	110;105002;106426;-;88.8	99;98396;101035;-;86.8	112;107153;107719;-;167.9	93;95028;95675;-;65.9	91;93015;93647;-;203.0	77;81027;83339;-;392.8	107;103806;104390;-;53.8	77;81027;83339;-;65.9	A	9/9	contiguous	26126	1	1	85389..85913-;174;unnamed;0
CP146576.1	MPF_F	Col156;IncFIB(AP001918);IncFII(29)	165	0	0	GA	0															not_admitted	not_admitted	not_admitted	not_admitted	not_admitted	not_admitted	not_admitted	not_admitted	not_admitted	not_admitted	1	2;1838;2830;-;369.5	155;131060;132433;-;381.7	162;134638;135381;-;233.1	6;5302;6468;-;240.1	154;128241;131063;-;388.5	13;9599;11026;-;93.9	5;3839;5320;-;100.7	15;11741;12307;-;183.1	0;856;1494;-;68.6	164;135658;136626;-;274.7	150;123636;125969;-;391.0	10;7955;8470;-;73.9	150;123636;125969;-;70.2	A	9/9	split_2	134802	1	1	127740..128219-;159;TraS;0
CP146579.1	MPF_F	IncFIB(K);IncFII(K)	232	0	0	GA	0															not_admitted	not_admitted	not_admitted	not_admitted	not_admitted	not_admitted	not_admitted	not_admitted	not_admitted	not_admitted	1	38;42044;43036;-;366.6	28;35223;36593;-;381.2	32;37795;38547;-;232.4	41;44061;46700;-;258.7	27;32374;35223;-;344.8	50;50515;51939;-;89.2	41;44061;46700;-;88.8	52;52666;53232;-;167.0	37;41393;42031;-;67.0	36;39390;41396;-;259.0	23;28252;30561;-;393.2	48;49334;49903;-;48.3	23;28252;30561;-;65.8	A	9/9	contiguous	24414	1	1	31673..32371-;232;unnamed;0
CP146863.1	MPF_T	-	51	0	0	GA	1				11;7732;9747;+;23.6									17;13772;15322;+;468.1		none	none	D	2/7	uncallable	0	0	unscoreable	5	0	0														not_admitted	not_admitted	not_admitted	not_admitted	not_admitted	not_admitted	not_admitted
CP147853.1	MPF_F	IncFIA(HI1)(pAR0022);IncFII(S);IncFII(pAR0022)	138	0	0	GA	0															not_admitted	not_admitted	not_admitted	not_admitted	not_admitted	not_admitted	not_admitted	not_admitted	not_admitted	not_admitted	1	17;15842;16834;-;364.4	5;6932;8314;-;384.4	9;9880;10623;-;235.5	20;17843;20473;-;300.5	4;4113;6935;-;388.2	28;23712;25139;-;94.4	20;17843;20473;-;101.7	30;25854;26420;-;185.9	12;12705;13343;-;68.6	11;10900;12708;-;268.8	1;408;2579;-;391.8	24;22069;22584;-;76.0	1;408;2579;-;70.4	A	9/9	contiguous	25446	1	1	3612..4091-;159;TraS;0
CP148558.1	MPF_F	IncFIA(HI1);IncFIB(AP001918);IncFII(pSE11)	175	0	0	GA	0															not_admitted	not_admitted	not_admitted	not_admitted	not_admitted	not_admitted	not_admitted	not_admitted	not_admitted	not_admitted	1	145;105131;106123;+;365.5	158;112765;114138;+;376.8	153;110456;111199;+;233.3	139;101499;102227;+;136.8	159;114135;114758;+;180.3	133;98837;100024;+;71.1	141;102920;103849;+;93.6	131;96739;98019;+;180.2	148;107066;107704;+;68.5	151;108305;110179;+;267.9	165;119226;121415;+;391.0	136;100468;100983;+;78.4	165;119226;121415;+;70.3	A	9/9	contiguous	22487	1	1	114755..115504+;249;unnamed;0
CP148560.1	MPF_F	IncFIA(HI1);IncFIB(AP001918);IncFII(pSE11)	165	0	0	GA	0															not_admitted	not_admitted	not_admitted	not_admitted	not_admitted	not_admitted	not_admitted	not_admitted	not_admitted	not_admitted	1	119;88043;89035;+;365.5	132;95677;97050;+;376.8	127;93368;94111;+;233.3	114;84409;85572;+;242.1	133;97047;99866;+;389.0	107;81746;82354;+;73.1	115;85554;86759;+;95.3	104;79647;80213;+;183.8	122;89978;90616;+;68.5	125;91328;93091;+;268.1	137;102139;104328;+;391.8	111;83378;83893;+;78.4	137;102139;104328;+;70.3	A	9/9	contiguous	22492	1	1	99891..100382+;163;TraS;0
CP148771.1	MPF_F	IncFIA;IncFIB(AP001918);IncFII;IncQ1	178	0	0	GA	0															not_admitted	not_admitted	not_admitted	not_admitted	not_admitted	not_admitted	not_admitted	not_admitted	not_admitted	not_admitted	1	99;76343;77335;+;369.5	109;83115;83984;+;292.0	104;80442;81185;+;234.4	95;72705;73871;+;240.1	111;84484;85671;+;338.7	86;67851;69302;+;94.2	96;73853;75334;+;98.6	84;66570;67136;+;174.3	101;77679;78317;+;68.6	102;78357;80165;+;266.2	120;92119;94317;+;391.2	89;70162;70677;+;78.4	120;92119;94317;+;70.3	A	9/9	contiguous	25549	1	1	85733..87307+;524;unnamed;0
CP148773.1	MPF_F	IncFIA;IncFIB(AP001918);IncFII;IncQ1	176	0	0	GA	0															not_admitted	not_admitted	not_admitted	not_admitted	not_admitted	not_admitted	not_admitted	not_admitted	not_admitted	not_admitted	1	117;91718;92710;+;369.5	127;98489;99862;+;381.7	122;95816;96559;+;234.4	112;88080;89246;+;240.1	128;99859;102681;+;374.0	104;84046;84678;+;72.9	113;89228;90556;+;98.6	101;81947;82513;+;174.3	119;93054;93692;+;68.6	120;93689;95539;+;266.1	136;107493;109691;+;391.2	107;85538;86053;+;78.4	136;107493;109691;+;70.3	A	9/9	contiguous	25546	1	1	102703..103182+;159;TraS;0
CP148997.1	MPF_F	IncFII(pHN7A8);IncR	191	0	0	GA	0															not_admitted	not_admitted	not_admitted	not_admitted	not_admitted	not_admitted	not_admitted	not_admitted	not_admitted	not_admitted	1	97;78573;79565;-;369.5	84;70367;71740;-;376.8	89;73306;74049;-;234.4	100;80574;83201;-;301.8	83;67554;70370;-;376.7	105;85256;86683;-;94.1	100;80574;83201;-;101.8	107;87398;87964;-;183.8	94;76989;77627;-;70.4	91;74326;76176;-;265.0	79;63028;65253;-;391.7	101;83717;84232;-;77.6	79;63028;65253;-;70.3	A	9/9	contiguous	24370	1	1	67000..67521-;173;unnamed;0
CP149524.1	MPF_T	IncFII(p96A)	61	0	0	GA	1	5;3496;3762;+;42.5	38;26959;27312;+;32.6	39;27312;27683;+;35.8	40;27640;30132;+;62.7		43;31682;32359;+;51.4	45;32848;33792;+;115.7		46;33948;34799;+;100.4	47;34796;35611;+;160.4	48;35608;36948;+;132.8	59;46089;46982;+;177.1	52;38725;40344;+;236.8		pfam	pfam_only	A	7/7	canonical	1	0	unscoreable	15	0	0														not_admitted	not_admitted	not_admitted	not_admitted	not_admitted	not_admitted	not_admitted
CP149526.1	MPF_T	IncN4	57	0	0	GA	1	48;32900;33640;+;34.8	50;33964;34254;+;45.6	51;34306;34620;+;65.3	52;34620;37250;+;123.6	52;34620;37250;+;86.6	53;37260;37967;+;114.7	55;38226;39269;+;126.7	56;39364;39534;+;41.4	0;1;717;+;146.2	1;720;1607;+;144.4	2;1604;2758;+;170.1	3;2751;3782;+;78.1	8;8192;9769;-;53.0		pfam	both	A	7/7	canonical	1	0	ga	6	0	0														not_admitted	not_admitted	not_admitted	not_admitted	not_admitted	not_admitted	not_admitted
CP151659.1	MPF_F	IncFIB(K);IncN	200	1	1	GA	1	166;150030;150515;+;82.5		93;88329;88646;-;63.3	92;85729;88329;-;113.8	92;85729;88329;-;76.4	91;84998;85711;-;105.5	89;83707;84747;-;142.4		88;82790;83488;-;131.9	87;81895;82779;-;159.7	86;80735;81895;-;156.3	85;79698;80693;-;81.2	58;47360;48889;+;38.5	146;133901;135856;-;259.7	pfam	both	A	7/7	canonical	1	0	unscoreable	21	0	1	148;136566;137555;-;366.6	138;129652;131019;-;380.5	142;132277;133029;-;233.7	152;139012;141651;-;258.5	137;126803;129652;-;346.4	86;80735;81895;-;156.3	152;139012;141651;-;88.7	161;146630;147196;-;169.3	147;135915;136553;-;66.9	146;133901;135856;-;259.7	130;120968;123277;-;393.1	158;143822;144406;-;54.3	58;47360;48889;+;69.1	A	9/9	split_3	99270	1	1	126270..126800-;176;unnamed;0
CP151894.1	-	-	156	0	0	GA	1	113;78546;79175;+;55.5	59;52151;52489;-;27.9	58;51742;52140;-;24.6	49;44622;46538;-;47.7		47;43700;44368;-;50.4	45;42378;43343;-;119.8		44;41231;42046;-;141.1	43;40422;41234;-;146.1	41;38782;40134;-;140.0	40;37738;38772;-;62.1	37;35083;36696;-;264.1		pfam	pfam_only	A	7/7	canonical	1	0	unscoreable	13	0	0														not_admitted	not_admitted	not_admitted	not_admitted	not_admitted	not_admitted	not_admitted
CP152305.1	MPF_T	IncP1	71	0	0	GA	1		23;19799;20236;+;64.3	24;20239;20550;+;48.5	25;20547;23105;+;97.7	25;20547;23105;+;115.5	30;26664;27440;+;105.6	32;27668;29254;+;137.1		26;23102;23860;+;143.6	27;23872;24765;+;181.5	29;25256;26647;+;219.9	22;18827;19786;+;126.1	56;46588;48495;-;560.8		conjscan	conjscan_only	A	7/7	canonical	1	0	unscoreable	3	0	0														not_admitted	not_admitted	not_admitted	not_admitted	not_admitted	not_admitted	not_admitted
CP152306.1	MPF_T	IncP1	71	0	0	GA	1		23;19799;20236;+;64.3	24;20239;20550;+;48.5	25;20547;23105;+;97.7	25;20547;23105;+;115.5	30;26664;27440;+;105.6	32;27668;29254;+;137.1		26;23102;23860;+;143.6	27;23872;24765;+;181.5	29;25256;26647;+;219.9	22;18827;19786;+;126.1	56;46588;48495;-;560.8		conjscan	conjscan_only	A	7/7	canonical	1	0	unscoreable	3	0	0														not_admitted	not_admitted	not_admitted	not_admitted	not_admitted	not_admitted	not_admitted
CP154635.1	MPF_F	IncFIB(pNDM-Mar);IncHI1B(pNDM-MAR)	364	0	0	GA	0															not_admitted	not_admitted	not_admitted	not_admitted	not_admitted	not_admitted	not_admitted	not_admitted	not_admitted	not_admitted	1	108;103691;104728;-;282.3	301;264490;265899;+;190.4	300;263463;264500;+;176.7	120;115560;118277;-;148.7	302;265901;269839;+;118.9	125;120620;121990;-;65.6	120;115560;118277;-;85.2	128;123636;124496;-;79.0	109;104725;106086;-;69.9	107;100496;103681;-;58.9	293;254156;256282;-;58.0	121;118322;119059;-;57.0	293;254156;256282;-;39.7	A	9/9	split_2	165405	0	1	
CP154636.1	MPF_F	IncFIB(pNDM-Mar);IncHI1B(pNDM-MAR)	369	0	0	GA	0															not_admitted	not_admitted	not_admitted	not_admitted	not_admitted	not_admitted	not_admitted	not_admitted	not_admitted	not_admitted	1	147;139814;140851;+;282.3	304;269972;271381;+;190.4	303;268945;269982;+;176.7	135;126259;128982;+;148.7	305;271383;275321;+;118.9	131;122776;124146;+;65.6	135;126259;128982;+;86.1	128;120270;121130;+;79.0	146;138456;139817;+;69.9	148;140861;144046;+;58.9	296;259619;261745;-;58.0	134;125477;126214;+;57.0	296;259619;261745;-;39.7	A	9/9	split_2	151113	0	1	
CP154637.1	MPF_F	IncFIB(pNDM-Mar);IncHI1B(pNDM-MAR)	371	0	0	GA	0															not_admitted	not_admitted	not_admitted	not_admitted	not_admitted	not_admitted	not_admitted	not_admitted	not_admitted	not_admitted	1	124;120605;121642;-;282.3	308;273883;275292;+;190.4	307;272856;273893;+;176.7	137;132481;135198;-;148.7	309;275294;279232;+;118.9	141;137311;138681;-;65.6	137;132481;135198;-;85.2	144;140327;141187;-;79.0	125;121639;123000;-;69.9	123;117410;120595;-;58.9	300;263611;265737;-;58.0	138;135243;135980;-;57.0	300;263611;265737;-;39.7	A	9/9	split_2	157884	0	1	
CP154638.1	MPF_F	IncFIB(pNDM-Mar);IncHI1B(pNDM-MAR)	362	0	0	GA	0															not_admitted	not_admitted	not_admitted	not_admitted	not_admitted	not_admitted	not_admitted	not_admitted	not_admitted	not_admitted	1	331;293869;294906;-;282.3	147;119926;121335;+;190.4	146;118899;119936;+;176.7	343;305738;308455;-;148.7	148;121337;125275;+;118.6	347;310568;311938;-;65.6	343;305738;308455;-;85.2	350;313584;314444;-;79.0	332;294903;296264;-;69.9	330;290674;293859;-;58.9	139;109572;111698;-;58.0	344;308500;309237;-;57.0	139;109572;111698;-;39.7	A	9/9	split_2	204012	0	1	
CP154639.1	MPF_F	IncFIB(pNDM-Mar);IncHI1B(pNDM-MAR)	358	0	0	GA	0															not_admitted	not_admitted	not_admitted	not_admitted	not_admitted	not_admitted	not_admitted	not_admitted	not_admitted	not_admitted	1	114;107243;108280;-;282.3	294;255656;257065;+;190.4	293;254629;255666;+;176.7	126;118642;121359;-;148.7	295;257067;261005;+;118.6	130;123472;124842;-;65.6	126;118642;121359;-;85.2	133;126488;127348;-;79.0	115;108277;109638;-;69.9	113;104048;107233;-;58.9	286;245354;247480;-;58.0	127;121404;122141;-;57.0	286;245354;247480;-;39.7	A	9/9	split_2	153019	0	1	
CP155420.1	MPF_T	-	68	0	0	GA	1		27;20411;20674;+;54.5	28;20693;21364;+;76.3	29;21388;22752;+;180.1	28;20693;21364;+;71.7		38;26331;27323;+;109.8		40;27470;28132;+;177.6	41;28129;28620;+;88.1	43;29042;30217;+;165.9	44;30451;31188;+;93.9	45;31189;33000;+;346.1		none	none	A	7/7	canonical	0	0	unscoreable	9	0	0														not_admitted	not_admitted	not_admitted	not_admitted	not_admitted	not_admitted	not_admitted
CP155652.1	MPF_F	IncFIB(K)	229	0	0	GA	0															not_admitted	not_admitted	not_admitted	not_admitted	not_admitted	not_admitted	not_admitted	not_admitted	not_admitted	not_admitted	1	211;207295;208284;+;366.0	221;213831;215198;+;384.0	217;211821;212573;+;233.7	207;203199;205838;+;258.5	222;215198;218047;+;346.4	200;198104;199774;+;88.9	207;203199;205838;+;88.7	198;196811;197377;+;169.3	212;208297;208935;+;67.0	213;208994;210949;+;259.7	226;220511;222823;+;392.8	201;199873;200457;+;54.4	226;220511;222823;+;65.8	A	9/9	contiguous	23700	1	1	218050..218583+;177;unnamed;0
CP155665.1	MPF_F	IncFIB(pNDM-Mar);IncHI1B(pNDM-MAR)	403	0	0	GA	0															not_admitted	not_admitted	not_admitted	not_admitted	not_admitted	not_admitted	not_admitted	not_admitted	not_admitted	not_admitted	1	349;313777;314814;-;282.3	236;214124;215533;-;190.4	237;215523;216560;-;177.5	361;325646;328363;-;149.6	235;210208;214122;-;120.2	365;330476;331846;-;65.6	361;325646;328363;-;85.2	368;333492;334352;-;79.0	350;314811;316172;-;69.9	348;310585;313767;-;60.1	244;223759;225885;+;57.7	362;328408;329145;-;56.9	244;223759;225885;+;41.0	A	9/9	split_2	123284	0	1	
CP155720.1	MPF_F	IncFIB(K);IncFII(K)	252	0	0	GA	0															not_admitted	not_admitted	not_admitted	not_admitted	not_admitted	not_admitted	not_admitted	not_admitted	not_admitted	not_admitted	1	3;3215;4204;-;363.3	245;243993;245360;-;382.2	249;246618;247370;-;236.4	7;5661;8300;-;259.0	244;241150;243993;-;342.9	18;12267;13691;-;88.8	7;5661;8300;-;87.6	20;14418;14984;-;167.9	1;2292;2939;-;65.9	0;278;2233;-;259.5	240;236253;238565;-;392.8	15;11071;11655;-;53.8	240;236253;238565;-;65.9	A	9/9	split_2	246340	1	1	240615..241139-;174;unnamed;0
CP155825.1	-	-	189	0	0	GA	1	32;28993;29565;-;44.3	31;28693;28980;-;58.9	30;28332;28673;-;86.3	29;25978;28332;-;152.7	29;25978;28332;-;83.8	28;25265;25981;-;128.2	26;24068;24961;-;139.4		24;23138;23824;-;180.0	23;22290;23141;-;173.7	22;21121;22287;-;166.0	21;20087;21124;-;124.4	20;17964;20090;-;371.6		pfam	both	A	7/7	canonical	1	0	unscoreable	2	0	0														not_admitted	not_admitted	not_admitted	not_admitted	not_admitted	not_admitted	not_admitted
CP156948.1	MPF_F	IncFIB(pNDM-Mar);IncHI1B(pNDM-MAR)	366	0	0	GA	0															not_admitted	not_admitted	not_admitted	not_admitted	not_admitted	not_admitted	not_admitted	not_admitted	not_admitted	not_admitted	1	289;264461;265498;-;282.3	96;76617;77732;+;114.1	94;74230;75267;+;176.7	301;276330;279047;-;148.7	97;77734;81672;+;118.9	305;281160;282530;-;65.6	301;276330;279047;-;85.2	309;285239;286102;-;79.0	290;265495;266856;-;69.9	288;261266;264451;-;58.9	87;64923;67049;-;58.0	302;279092;279829;-;57.0	87;64923;67049;-;39.7	A	9/9	split_2	220316	0	1	
CP156952.1	MPF_F	IncFIB(K)	172	0	0	GA	0															not_admitted	not_admitted	not_admitted	not_admitted	not_admitted	not_admitted	not_admitted	not_admitted	not_admitted	not_admitted	1	125;118493;119482;-;363.3	114;111307;112674;-;380.5	118;113932;114684;-;233.7	129;120939;123578;-;259.0	113;108458;111307;-;346.4	139;127545;128969;-;89.5	129;120939;123578;-;88.7	141;129696;130262;-;167.0	123;117570;118217;-;66.9	122;115556;117511;-;259.7	106;102623;104932;-;393.1	137;126349;126933;-;53.8	106;102623;104932;-;66.6	A	9/9	contiguous	27073	1	1	107925..108455-;176;unnamed;0
CP157006.1	-	-	315	0	0	GA	0															not_admitted	not_admitted	not_admitted	not_admitted	not_admitted	not_admitted	not_admitted	not_admitted	not_admitted	not_admitted	1	44;44972;46135;+;309.3	62;64018;65412;+;245.2	59;62039;63082;+;217.9	57;58879;61296;+;226.2	63;65418;68519;+;241.5	53;54882;56567;+;129.9	57;58879;61296;+;134.3	51;53019;53657;+;110.9	43;43817;44962;+;54.8	45;46336;49182;+;116.9	29;30848;32668;+;71.3	55;57472;57981;+;71.0	29;30848;32668;+;60.0	A	9/9	contiguous	34570	1	1	68563..68937+;124;unnamed;0
CP157007.1	-	-	133	0	0	GA	1		126;126928;127308;-;68.0	125;126616;126927;-;47.5	124;124052;126619;-;96.6	124;124052;126619;-;109.4	56;60361;61146;-;90.7	54;58575;60089;-;116.5		60;63977;64717;-;149.9	59;63052;63951;-;164.7	57;61175;62605;-;206.7	127;127319;128287;-;127.5	8;7761;9665;+;496.0		conjscan	conjscan_only	A	7/7	canonical	1	0	unscoreable	6	0	0														not_admitted	not_admitted	not_admitted	not_admitted	not_admitted	not_admitted	not_admitted
CP157125.1	MPF_F	IncFII(pRSB107)	76	0	0	GA	0															not_admitted	not_admitted	not_admitted	not_admitted	not_admitted	not_admitted	not_admitted	not_admitted	not_admitted	not_admitted	1	62;53104;54096;+;369.5	72;59875;61248;+;381.7	67;57202;57945;+;234.4	59;49465;52095;+;297.8	73;61245;64067;+;374.0	50;44611;46038;+;93.4	59;49465;52095;+;98.7	48;43330;43896;+;174.3	64;54440;55078;+;68.6	65;55075;56925;+;266.9	0;87;2303;+;391.2	53;46922;47437;+;78.4	0;87;2303;+;70.3	A	9/9	split_2	61158	1	1	64089..64568+;159;TraS;0
CP157129.1	MPF_T	IncI2(Delta)	81	0	0	GA	1	41;32311;32793;-;81.1		59;48392;48676;-;36.6	58;46029;48386;-;58.5	58;46029;48386;-;44.9	69;54034;54681;-;41.6	70;54687;55673;-;122.2		56;45129;45863;-;144.4	54;44361;45062;-;171.0	52;43231;43899;-;157.1	45;34928;36100;-;160.3	50;40183;42141;-;287.0		pfam	pfam_only	A	7/7	rearranged	1	0	unscoreable	18	0	0														not_admitted	not_admitted	not_admitted	not_admitted	not_admitted	not_admitted	not_admitted
CP157130.1	MPF_F	IncFII(29)	74	0	0	GA	0															not_admitted	not_admitted	not_admitted	not_admitted	not_admitted	not_admitted	not_admitted	not_admitted	not_admitted	not_admitted	1	56;44618;45610;+;369.3	67;51505;52878;+;376.8	62;49197;49940;+;234.5	53;40979;43609;+;300.4	68;52875;55697;+;389.2	46;36530;37957;+;93.5	53;40979;43609;+;102.3	44;35249;35815;+;183.8	57;45619;46257;+;68.6	60;47070;48920;+;265.0	53;40979;43609;+;20.8	49;38838;39353;+;78.4		A	9/9	contiguous	17626	1	1	55719..56198+;159;TraS;0
CP157136.1	MPF_F	IncC	203	0	0	GA	0															not_admitted	not_admitted	not_admitted	not_admitted	not_admitted	not_admitted	not_admitted	not_admitted	not_admitted	not_admitted	1	82;70206;71213;-;332.9	186;153923;155356;-;339.2	187;155358;156386;-;221.7	87;73965;76412;-;354.2	185;150296;153910;-;375.3	96;88407;89723;-;135.0	87;73965;76412;-;128.6	98;90621;91247;-;92.1	84;71878;73143;-;67.6	81;67295;70090;-;145.3	107;95057;96922;-;47.4	95;87832;88410;-;100.2	107;95057;96922;-;52.0	A	9/9	split_2	88063	0	1	
CP157147.1	MPF_F	IncFII(pCoo)	100	0	0	GA	0															not_admitted	not_admitted	not_admitted	not_admitted	not_admitted	not_admitted	not_admitted	not_admitted	not_admitted	not_admitted	1	17;20929;21921;-;369.5	7;13777;15150;-;381.7	12;17080;17823;-;234.4	20;22930;25560;-;304.1	6;10958;13780;-;374.0	27;28559;30010;-;94.2	20;22930;25560;-;97.1	29;30725;31291;-;174.3	15;19947;20585;-;68.6	14;18100;19950;-;266.1	2;6396;8684;-;391.0	24;27184;27699;-;78.4	2;6396;8684;-;70.3	A	9/9	contiguous	24329	1	1	10457..10936-;159;TraS;0
EF107516.1	MPF_T	-	72	0	0	GA	1		2;1564;1986;+;63.6	3;1990;2301;+;47.9	4;2298;4841;+;92.9	4;2298;4841;+;121.0	9;8423;9190;+;124.7	11;9425;11107;+;139.8		5;4838;5620;+;133.6	6;5639;6529;+;179.4	8;7035;8405;+;226.7	1;592;1551;+;134.0	42;37292;39196;-;511.6		conjscan	conjscan_only	A	7/7	canonical	1	0	unscoreable	3	0	0														not_admitted	not_admitted	not_admitted	not_admitted	not_admitted	not_admitted	not_admitted
FJ012880.1	MPF_T	-	65	0	0	GA	1	14;14655;15332;-;53.3	13;14215;14520;-;63.1	12;13889;14215;-;70.5	11;11419;13881;-;126.3	11;11419;13881;-;80.9	8;9355;10056;-;172.6	9;10068;11093;-;142.5		7;8377;9324;-;144.0	6;7475;8365;-;160.1	5;6051;7475;-;168.2	4;4958;6070;-;100.0	3;2505;4961;-;333.7		pfam	both	A	7/7	canonical	1	0	unscoreable	1	0	0														not_admitted	not_admitted	not_admitted	not_admitted	not_admitted	not_admitted	not_admitted
FJ012881.1	MPF_T	-	61	0	0	GA	1	14;14655;15332;-;53.3	13;14215;14520;-;63.1	12;13889;14215;-;70.5	11;11419;13881;-;126.3	11;11419;13881;-;80.9	8;9355;10056;-;172.6	9;10068;11093;-;142.5		7;8377;9324;-;144.0	6;7475;8365;-;160.1	5;6051;7475;-;168.2	4;4958;6070;-;100.0	3;2505;4961;-;333.7		pfam	both	A	7/7	canonical	1	0	unscoreable	1	0	0														not_admitted	not_admitted	not_admitted	not_admitted	not_admitted	not_admitted	not_admitted
FJ012882.1	MPF_T	-	64	0	0	GA	1	14;14886;15563;-;53.0	13;14446;14751;-;63.1	12;14120;14446;-;70.5	11;11650;14112;-;127.3	11;11650;14112;-;81.0	8;9586;10287;-;173.8	9;10299;11324;-;140.8		7;8575;9423;-;144.5	6;7670;8563;-;160.4	5;6249;7670;-;168.9	4;5156;6268;-;100.4	3;2505;5159;-;333.6		pfam	both	A	7/7	canonical	1	0	unscoreable	1	0	0														not_admitted	not_admitted	not_admitted	not_admitted	not_admitted	not_admitted	not_admitted
FN543095.1	MPF_T	IncFII(pCTU2);pESA2	28	0	0	GA	1	13;11057;11767;+;45.0	14;11764;12042;+;67.9	15;12055;14799;+;47.6	15;12055;14799;+;143.9	15;12055;14799;+;43.9	16;14815;15522;+;133.3	18;15776;16849;+;164.5		20;17057;17740;+;188.5	21;17740;18645;+;154.0	22;18688;19992;+;143.2	23;19989;21101;+;67.2	0;732;2468;+;40.1		pfam	pfam_only	A	7/7	canonical	1	1	unscoreable	14	0	0														not_admitted	not_admitted	not_admitted	not_admitted	not_admitted	not_admitted	not_admitted
FP885893.1	MPF_T	-	44	0	0	GA	1	27;20161;21084;-;40.6	38;29950;30324;-;70.1	37;29651;29953;-;45.5	36;26995;29664;-;68.8	36;26995;29664;-;84.0	35;26330;26992;-;73.4	32;24827;25693;-;146.3		31;24153;24830;-;92.9	30;23333;24127;-;185.8	29;22105;23331;-;169.0	28;21071;22093;-;92.6	14;9587;11158;+;64.4		pfam	both	A	7/7	canonical	1	0	unscoreable	14	0	0														not_admitted	not_admitted	not_admitted	not_admitted	not_admitted	not_admitted	not_admitted
GQ983559.1	MPF_T	-	63	0	0	GA	1	14;13050;13655;+;25.1	3;2797;3225;+;64.6	4;3228;3539;+;48.8	5;3536;6073;+;103.2	5;3536;6073;+;109.8	10;9653;10426;+;100.9	12;10687;12423;+;138.5		6;6070;6846;+;151.2	7;6859;7764;+;179.5	9;8240;9634;+;220.4	2;1823;2785;+;129.2	37;33533;35446;-;517.5		conjscan	both	A	7/7	canonical	1	0	unscoreable	4	0	0														not_admitted	not_admitted	not_admitted	not_admitted	not_admitted	not_admitted	not_admitted
JF274991.1	MPF_F	IncFII(S);IncFII(pAR0022)	138	0	0	GA	0															not_admitted	not_admitted	not_admitted	not_admitted	not_admitted	not_admitted	not_admitted	not_admitted	not_admitted	not_admitted	1	24;23427;24419;-;366.7	15;16797;18179;-;392.4	18;19211;19960;-;231.0	27;25406;28054;-;314.1	14;13978;16800;-;394.4	35;30587;32008;-;91.5	27;25406;28054;-;97.8	37;32735;33301;-;188.1	22;22477;23115;-;70.6	20;20198;22024;-;271.0	11;10162;12324;-;374.1	32;29266;29781;-;96.7	11;10162;12324;-;72.1	A	9/9	contiguous	22573	1	1	13468..13956-;162;TraS;0
JF274992.1	MPF_F	IncFIB(AP001918);IncFII(S);IncFII(pAR0022)	165	0	0	GA	0															not_admitted	not_admitted	not_admitted	not_admitted	not_admitted	not_admitted	not_admitted	not_admitted	not_admitted	not_admitted	1	24;23427;24419;-;366.7	15;16797;18179;-;392.4	18;19211;19960;-;231.0	27;25406;28054;-;314.1	14;13978;16800;-;394.4	35;30587;32008;-;91.5	27;25406;28054;-;97.8	37;32735;33301;-;188.1	22;22477;23115;-;70.6	20;20198;22024;-;271.0	11;10162;12324;-;374.1	32;29266;29781;-;96.7	11;10162;12324;-;72.1	A	9/9	contiguous	22573	1	1	13468..13956-;162;TraS;0
JN102341.1	MPF_T	IncN	62	0	0	GA	1	25;22991;23725;+;32.5	27;24025;24318;+;28.7	28;24368;24685;+;63.3	29;24685;27285;+;111.8	29;24685;27285;+;76.8	30;27303;28016;+;97.1	32;28267;29307;+;153.6		33;29526;30224;+;126.8	34;30235;31119;+;159.0	35;31119;32279;+;154.9	36;32321;33316;+;81.2	40;37885;39414;-;38.5		pfam	both	A	7/7	canonical	1	0	unscoreable	5	0	0														not_admitted	not_admitted	not_admitted	not_admitted	not_admitted	not_admitted	not_admitted
JN102342.1	MPF_T	IncN	50	0	0	GA	1	16;14270;15004;+;32.1	18;15304;15597;+;28.7	19;15647;15964;+;63.3	20;15964;18564;+;111.8	20;15964;18564;+;76.8	21;18582;19295;+;97.1	23;19546;20586;+;153.6		24;20805;21503;+;131.9	25;21514;22398;+;159.0	26;22398;23558;+;154.9	27;23600;24595;+;81.2	31;29164;30693;-;38.5		pfam	both	A	7/7	canonical	1	0	unscoreable	5	0	0														not_admitted	not_admitted	not_admitted	not_admitted	not_admitted	not_admitted	not_admitted
JN102343.1	MPF_T	IncN	52	0	0	GA	1	12;8297;9031;+;32.5	14;9331;9624;+;28.7	15;9674;9991;+;63.3	16;9991;12591;+;111.8	16;9991;12591;+;76.8	17;12609;13322;+;97.1	19;13573;14613;+;153.6		20;14832;15530;+;131.9	21;15541;16425;+;159.0	22;16425;17585;+;154.9	23;17627;18622;+;81.2	36;35544;37073;-;38.5		pfam	both	A	7/7	canonical	1	0	unscoreable	2	0	0														not_admitted	not_admitted	not_admitted	not_admitted	not_admitted	not_admitted	not_admitted
JN102344.1	MPF_T	IncN	59	0	0	GA	1	12;8785;9519;+;32.5	14;9819;10112;+;28.7	15;10162;10479;+;63.3	16;10479;13079;+;111.8	16;10479;13079;+;76.8	17;13097;13810;+;97.1	19;14061;15101;+;153.6		20;15320;16018;+;131.9	21;16029;16913;+;159.0	22;16913;18073;+;154.9	23;18115;19110;+;81.2	39;37302;38831;-;38.5		pfam	both	A	7/7	canonical	1	0	unscoreable	2	0	0														not_admitted	not_admitted	not_admitted	not_admitted	not_admitted	not_admitted	not_admitted
JN106164.1	MPF_T	IncP1	65	0	0	GA	1	15;13709;14353;+;23.4	4;3377;3841;+;63.6	5;3845;4156;+;49.8	6;4153;6711;+;91.0	6;4153;6711;+;114.0	11;10345;11109;+;123.7	13;11357;13093;+;141.9		7;6708;7490;+;144.6	8;7508;8407;+;185.3	10;8906;10327;+;223.1	3;2398;3360;+;127.4	37;37456;39369;-;525.1		conjscan	conjscan_only	A	7/7	canonical	1	0	unscoreable	4	0	0														not_admitted	not_admitted	not_admitted	not_admitted	not_admitted	not_admitted	not_admitted
JN106165.1	MPF_T	IncP1	55	0	0	GA	1	15;13691;14326;+;23.5	4;3374;3838;+;63.5	5;3842;4153;+;49.8	6;4150;6708;+;91.0	6;4150;6708;+;112.1	11;10342;11106;+;122.3	13;11354;13072;+;143.0		7;6705;7487;+;147.6	8;7505;8404;+;186.5	10;8900;10321;+;223.3	3;2395;3357;+;127.6	25;25306;27219;-;525.1		conjscan	conjscan_only	A	7/7	canonical	1	0	unscoreable	4	0	0														not_admitted	not_admitted	not_admitted	not_admitted	not_admitted	not_admitted	not_admitted
JN106166.1	MPF_T	IncP1	71	0	0	GA	1	15;13691;14326;+;23.5	4;3374;3838;+;63.5	5;3842;4153;+;49.8	6;4150;6708;+;91.0	6;4150;6708;+;112.1	11;10342;11106;+;122.3	13;11354;13072;+;143.0		7;6705;7487;+;147.6	8;7505;8404;+;186.5	10;8900;10321;+;223.3	3;2395;3357;+;127.6	25;25306;27219;-;525.1		conjscan	conjscan_only	A	7/7	canonical	1	0	unscoreable	4	0	0														not_admitted	not_admitted	not_admitted	not_admitted	not_admitted	not_admitted	not_admitted
JN106167.1	MPF_T	IncP1	84	0	0	GA	1	15;13651;14295;+;24.2	4;3385;3846;+;63.6	5;3850;4161;+;49.3	6;4158;6716;+;98.6	6;4158;6716;+;118.4	11;10250;11017;+;130.8	13;11259;13034;+;148.0		7;6713;7477;+;146.5	8;7496;8389;+;185.0	10;8844;10232;+;223.6	3;2409;3371;+;136.2	37;34495;36399;-;519.5		conjscan	both	A	7/7	canonical	1	0	unscoreable	3	0	0														not_admitted	not_admitted	not_admitted	not_admitted	not_admitted	not_admitted	not_admitted
JN106168.1	MPF_T	IncP1	56	0	0	GA	1	15;13691;14326;+;23.5	4;3374;3838;+;63.5	5;3842;4153;+;49.8	6;4150;6708;+;91.0	6;4150;6708;+;112.1	11;10342;11106;+;122.3	13;11354;13072;+;143.0		7;6705;7487;+;147.6	8;7505;8404;+;186.5	10;8900;10321;+;223.3	3;2395;3357;+;127.6	25;25306;27219;-;525.1		conjscan	conjscan_only	A	7/7	canonical	1	0	unscoreable	4	0	0														not_admitted	not_admitted	not_admitted	not_admitted	not_admitted	not_admitted	not_admitted
JN106169.1	MPF_T	IncP1	72	0	0	GA	1	15;13691;14326;+;23.5	4;3374;3838;+;63.5	5;3842;4153;+;49.8	6;4150;6708;+;91.0	6;4150;6708;+;112.1	11;10342;11106;+;122.3	13;11354;13072;+;143.0		7;6705;7487;+;147.6	8;7505;8404;+;186.5	10;8900;10321;+;223.3	3;2395;3357;+;127.5	25;25291;27204;-;525.1		conjscan	conjscan_only	A	7/7	canonical	1	0	unscoreable	4	0	0														not_admitted	not_admitted	not_admitted	not_admitted	not_admitted	not_admitted	not_admitted
JN106170.1	MPF_T	IncP1	88	0	0	GA	1	15;13652;14296;+;24.2	4;3386;3847;+;63.6	5;3851;4162;+;49.3	6;4159;6717;+;98.6	6;4159;6717;+;118.4	11;10251;11018;+;130.8	13;11260;13035;+;148.0		7;6714;7478;+;146.5	8;7497;8390;+;185.0	10;8845;10233;+;223.6	3;2410;3372;+;136.2	25;24088;25992;-;519.5		conjscan	both	A	7/7	canonical	1	0	unscoreable	12	0	0														not_admitted	not_admitted	not_admitted	not_admitted	not_admitted	not_admitted	not_admitted
JN106171.1	MPF_T	IncP1	88	0	0	GA	1	15;13663;14253;+;23.1	4;3391;3855;+;62.5	5;3859;4170;+;51.3	6;4167;6725;+;94.6	6;4167;6725;+;113.4	11;10285;11058;+;125.5	13;11301;13019;+;148.0		7;6722;7510;+;146.4	8;7528;8421;+;181.1	10;8889;10268;+;218.3	3;2396;3361;+;131.2	56;56542;58446;-;526.9		conjscan	conjscan_only	A	7/7	canonical	1	0	unscoreable	4	0	0														not_admitted	not_admitted	not_admitted	not_admitted	not_admitted	not_admitted	not_admitted
JN106172.1	MPF_T	IncP1	59	0	0	GA	1	15;13691;14326;+;23.5	4;3374;3838;+;63.5	5;3842;4153;+;49.8	6;4150;6708;+;91.0	6;4150;6708;+;112.1	11;10342;11106;+;122.3	13;11354;13072;+;143.0		7;6705;7487;+;147.6	8;7505;8404;+;186.5	10;8900;10321;+;223.3	3;2395;3357;+;127.6	24;24128;26041;-;525.1		conjscan	conjscan_only	A	7/7	canonical	1	0	unscoreable	12	0	0														not_admitted	not_admitted	not_admitted	not_admitted	not_admitted	not_admitted	not_admitted
JN106173.1	MPF_T	IncP1	59	0	0	GA	1	15;13691;14326;+;23.5	4;3374;3838;+;63.5	5;3842;4153;+;49.8	6;4150;6708;+;91.0	6;4150;6708;+;112.1	11;10342;11106;+;122.3	13;11354;13072;+;143.0		7;6705;7487;+;147.6	8;7505;8404;+;186.5	10;8900;10321;+;223.3	3;2395;3357;+;127.6	25;25306;27219;-;525.1		conjscan	conjscan_only	A	7/7	canonical	1	0	unscoreable	4	0	0														not_admitted	not_admitted	not_admitted	not_admitted	not_admitted	not_admitted	not_admitted
JN106174.1	MPF_T	IncP1	63	0	0	GA	1	15;13694;14329;+;23.5	4;3377;3841;+;63.5	5;3845;4156;+;49.8	6;4153;6711;+;91.0	6;4153;6711;+;112.1	11;10345;11109;+;122.3	13;11357;13075;+;143.0		7;6708;7490;+;147.6	8;7508;8407;+;186.5	10;8903;10324;+;223.3	3;2398;3360;+;127.6	25;25309;27222;-;525.1		conjscan	conjscan_only	A	7/7	canonical	1	0	unscoreable	4	0	0														not_admitted	not_admitted	not_admitted	not_admitted	not_admitted	not_admitted	not_admitted
JN106175.1	MPF_T	IncP1	91	0	0	GA	1	15;13651;14295;+;24.2	4;3385;3846;+;63.6	5;3850;4161;+;49.3	6;4158;6716;+;98.6	6;4158;6716;+;118.4	11;10250;11017;+;130.8	13;11259;13034;+;148.0		7;6713;7477;+;146.5	8;7496;8389;+;185.0	10;8844;10232;+;223.6	3;2409;3371;+;136.2	25;24087;25991;-;519.5		conjscan	both	A	7/7	canonical	1	0	unscoreable	13	0	0														not_admitted	not_admitted	not_admitted	not_admitted	not_admitted	not_admitted	not_admitted
JN581942.1	MPF_T	-	44	0	0	GA	1	9;7629;8327;+;43.3	11;8711;9016;+;70.9	12;9029;9343;+;84.9	13;9346;11817;+;122.0	13;9346;11817;+;98.5	14;11814;12503;+;157.1	16;12744;13772;+;174.7		18;14025;14720;+;157.4	19;14732;15532;+;191.3	20;15532;16719;+;185.3	21;16685;17761;+;88.0	23;20744;22267;-;51.9		pfam	both	A	7/7	canonical	1	0	unscoreable	4	0	0														not_admitted	not_admitted	not_admitted	not_admitted	not_admitted	not_admitted	not_admitted
JNBM01000002.1	MPF_F	IncFII(K);IncR	176	0	0	GA	0															not_admitted	not_admitted	not_admitted	not_admitted	not_admitted	not_admitted	not_admitted	not_admitted	not_admitted	not_admitted	1	151;135140;136132;+;366.6	161;141583;142953;+;381.2	157;139629;140381;+;232.4	148;131475;134114;+;258.7	162;142953;145802;+;344.2	139;126236;127660;+;89.2	148;131475;134114;+;88.8	137;124943;125509;+;167.0	152;136145;136783;+;67.0	153;136780;138786;+;259.0	166;147616;149925;+;393.2	141;128272;128841;+;49.7	166;147616;149925;+;65.8	A	9/9	contiguous	22673	1	1	145805..146335+;176;unnamed;0
JNBM01000003.1	MPF_T	IncX3	55	0	0	GA	1	43;35384;36028;-;46.4	42;35110;35400;-;73.1	41;32332;35085;-;47.0	41;32332;35085;-;145.4	41;32332;35085;-;73.3	40;31552;32322;-;60.1	38;30218;31273;-;133.2		37;29295;30023;-;119.4	36;28360;29289;-;138.8	35;27149;28363;-;128.3	33;25919;26953;-;65.7	32;24081;25916;-;495.9		pfam	pfam_only	A	7/7	canonical	1	1	unscoreable	2	0	0														not_admitted	not_admitted	not_admitted	not_admitted	not_admitted	not_admitted	not_admitted
JNBM01000005.1	MPF_F	IncFIB(pQil);IncFII(K)	132	0	0	GA	0															not_admitted	not_admitted	not_admitted	not_admitted	not_admitted	not_admitted	not_admitted	not_admitted	not_admitted	not_admitted	1	107;87546;88535;+;366.0	117;94082;95449;+;380.7	113;92072;92824;+;233.7	103;83464;86103;+;258.5	118;95449;98298;+;345.6	95;78783;80207;+;88.8	103;83464;86103;+;88.7	93;77490;78056;+;169.3	108;88548;89186;+;67.0	109;89245;91200;+;259.7	122;100784;103096;+;392.7	96;80321;80905;+;55.4	122;100784;103096;+;66.5	A	9/9	contiguous	23294	1	1	98311..98859+;182;unnamed;0
JQ004406.1	MPF_T	IncP1	65	0	0	GA	1	5;2870;3499;-;24.1	17;13667;14131;-;65.0	16;13352;13663;-;47.0	15;10797;13355;-;98.2	15;10797;13355;-;122.1	10;6462;7232;-;134.8	7;4139;6055;-;154.6		14;10027;10800;-;145.4	13;9116;10009;-;185.7	11;7251;8654;-;222.0	18;14145;15107;-;134.9	41;31047;32951;+;521.1		conjscan	conjscan_only	A	7/7	canonical	1	0	unscoreable	5	0	0														not_admitted	not_admitted	not_admitted	not_admitted	not_admitted	not_admitted	not_admitted
JQ004407.1	MPF_T	IncP1	59	0	0	GA	1	5;2872;3501;-;24.1	17;13669;14133;-;65.0	16;13354;13665;-;47.0	15;10799;13357;-;98.2	15;10799;13357;-;122.1	10;6464;7234;-;134.8	7;4141;6057;-;155.8		14;10029;10802;-;145.4	13;9118;10011;-;185.7	11;7253;8656;-;222.0	18;14147;15109;-;134.7	41;31055;32959;+;521.1		conjscan	conjscan_only	A	7/7	canonical	1	0	unscoreable	5	0	0														not_admitted	not_admitted	not_admitted	not_admitted	not_admitted	not_admitted	not_admitted
JQ004408.1	MPF_T	IncP1	65	0	0	GA	1	5;2872;3501;-;24.1	17;13669;14133;-;65.0	16;13354;13665;-;47.0	15;10799;13357;-;98.2	15;10799;13357;-;122.1	10;6464;7234;-;134.8	7;4141;6057;-;155.8		14;10029;10802;-;145.4	13;9118;10011;-;185.7	11;7253;8656;-;222.0	18;14147;15109;-;134.7	41;31055;32959;+;521.1		conjscan	conjscan_only	A	7/7	canonical	1	0	unscoreable	5	0	0														not_admitted	not_admitted	not_admitted	not_admitted	not_admitted	not_admitted	not_admitted
JQ004409.1	MPF_T	IncP1	63	0	0	GA	1	5;2872;3501;-;24.1	17;13540;14004;-;65.0	16;13225;13536;-;47.0	15;10670;13228;-;98.2	15;10670;13228;-;122.1	10;6335;7105;-;134.8	7;4141;5928;-;156.0		14;9900;10673;-;145.4	13;8989;9882;-;185.7	11;7124;8527;-;222.0	18;14018;14980;-;134.9	41;30926;32830;+;521.1		conjscan	conjscan_only	A	7/7	canonical	1	0	unscoreable	5	0	0														not_admitted	not_admitted	not_admitted	not_admitted	not_admitted	not_admitted	not_admitted
JQ432563.1	MPF_T	-	54	0	0	GA	1		4;3241;3648;+;60.9	5;3651;3962;+;51.2	6;3959;6517;+;98.8	6;3959;6517;+;108.3	11;10054;10839;+;99.3	13;11095;12825;+;140.9		7;6514;7233;+;140.9	8;7245;8135;+;177.2	10;8613;10031;+;226.4	3;2251;3207;+;132.8	32;27534;29450;-;504.6		conjscan	conjscan_only	A	7/7	canonical	1	0	unscoreable	3	0	0														not_admitted	not_admitted	not_admitted	not_admitted	not_admitted	not_admitted	not_admitted
JQ432564.1	MPF_T	-	65	0	0	GA	1		4;3229;3636;+;60.8	5;3639;3950;+;52.7	6;3947;6505;+;99.4	6;3947;6505;+;108.0	11;10052;10831;+;103.2	13;11082;12821;+;142.8		7;6502;7227;+;123.5	8;7239;8129;+;175.9	10;8605;10029;+;227.0	3;2229;3197;+;135.7	44;34533;36449;-;510.9		conjscan	conjscan_only	A	7/7	canonical	1	0	unscoreable	3	0	0														not_admitted	not_admitted	not_admitted	not_admitted	not_admitted	not_admitted	not_admitted
JX127248.1	MPF_F	IncFIA;IncFIB(AP001918);IncFII(pRSB107);IncQ1	192	0	0	GA	0															not_admitted	not_admitted	not_admitted	not_admitted	not_admitted	not_admitted	not_admitted	not_admitted	not_admitted	not_admitted	1	45;35650;36642;+;369.5	58;44401;45774;+;386.6	50;39748;40491;+;231.4	42;32014;34641;+;303.9	59;45771;48590;+;386.3	36;28678;30129;+;94.1	42;32014;34641;+;96.5	34;27397;27963;+;184.3	47;36986;37624;+;68.7	48;37621;39471;+;266.7	63;50848;53037;+;391.8	39;30983;31498;+;75.2	63;50848;53037;+;70.3	A	9/9	contiguous	23451	1	1	48615..49106+;163;TraS;0
JX469826.1	MPF_T	IncP1	71	0	0	GA	1	15;13606;14241;+;22.6	4;3379;3843;+;62.5	5;3847;4158;+;51.3	6;4155;6713;+;94.5	6;4155;6713;+;113.3	11;10279;11052;+;125.7	13;11295;13007;+;148.0		7;6710;7498;+;146.4	8;7516;8409;+;181.1	10;8877;10262;+;220.8	3;2392;3357;+;133.9	45;44376;46280;-;526.9		conjscan	conjscan_only	A	7/7	canonical	1	0	unscoreable	4	0	0														not_admitted	not_admitted	not_admitted	not_admitted	not_admitted	not_admitted	not_admitted
JX469827.1	MPF_T	IncP1	66	0	0	GA	1	17;15502;16143;+;24.2	4;3385;3846;+;63.6	5;3850;4161;+;49.3	6;4158;6716;+;98.6	6;4158;6716;+;118.4	13;12098;12865;+;130.8	15;13107;14882;+;148.0		7;6713;7477;+;145.1	8;7496;8389;+;185.0	12;10692;12080;+;223.6	3;2409;3371;+;136.2	27;26986;28890;-;519.5		conjscan	both	A	7/7	canonical	1	0	unscoreable	5	0	0														not_admitted	not_admitted	not_admitted	not_admitted	not_admitted	not_admitted	not_admitted
JX469828.1	MPF_T	IncP1	71	0	0	GA	1	28;22579;23169;+;24.3	17;12313;12777;+;62.5	18;12781;13092;+;51.2	19;13089;15647;+;94.5	19;13089;15647;+;113.7	24;19199;19972;+;128.7	26;20212;21936;+;147.3		20;15644;16432;+;144.9	21;16450;17343;+;181.0	23;17812;19182;+;221.3	16;11326;12291;+;129.0	62;53353;55257;-;528.8		conjscan	conjscan_only	A	7/7	canonical	1	0	unscoreable	4	0	0														not_admitted	not_admitted	not_admitted	not_admitted	not_admitted	not_admitted	not_admitted
JX469829.1	MPF_T	IncP1	62	0	0	GA	1	15;13618;14253;+;22.9	4;3368;3832;+;62.5	5;3836;4147;+;51.2	6;4144;6702;+;94.9	6;4144;6702;+;113.8	11;10284;11057;+;124.9	13;11297;13009;+;147.0		7;6699;7487;+;146.8	8;7505;8410;+;170.5	10;8879;10267;+;221.2	3;2381;3346;+;129.0	31;29406;31310;-;526.6		conjscan	both	A	7/7	canonical	1	0	unscoreable	4	0	0														not_admitted	not_admitted	not_admitted	not_admitted	not_admitted	not_admitted	not_admitted
JX469830.1	MPF_T	IncP1	93	0	0	GA	1		4;3277;3714;+;64.3	5;3717;4028;+;48.5	6;4025;6583;+;97.7	6;4025;6583;+;115.5	11;10142;10918;+;105.0	13;11146;12732;+;137.1		7;6580;7338;+;143.6	8;7350;8243;+;181.5	10;8734;10125;+;219.9	3;2305;3264;+;126.1	57;49386;51293;-;560.8		conjscan	conjscan_only	A	7/7	canonical	1	0	unscoreable	3	0	0														not_admitted	not_admitted	not_admitted	not_admitted	not_admitted	not_admitted	not_admitted
JX469831.1	MPF_T	IncP1	63	0	0	GA	1	15;13691;14326;+;23.5	4;3374;3838;+;63.5	5;3842;4153;+;49.8	6;4150;6708;+;91.0	6;4150;6708;+;112.1	11;10342;11106;+;122.3	13;11354;13072;+;143.0		7;6705;7487;+;147.6	8;7505;8404;+;186.5	10;8900;10321;+;223.3	3;2395;3357;+;127.6	31;31131;33044;-;525.1		conjscan	conjscan_only	A	7/7	canonical	1	0	unscoreable	4	0	0														not_admitted	not_admitted	not_admitted	not_admitted	not_admitted	not_admitted	not_admitted
JX469833.1	MPF_T	IncP1	91	0	0	GA	1		4;3280;3717;+;64.3	5;3720;4031;+;48.5	6;4028;6586;+;97.7	6;4028;6586;+;115.5	11;10145;10921;+;105.0	13;11149;12735;+;137.1		7;6583;7341;+;143.6	8;7353;8246;+;181.5	10;8737;10128;+;219.9	3;2308;3267;+;126.1	55;42678;44585;-;560.8		conjscan	conjscan_only	A	7/7	canonical	1	0	unscoreable	3	0	0														not_admitted	not_admitted	not_admitted	not_admitted	not_admitted	not_admitted	not_admitted
JX469834.1	MPF_T	IncP1	46	0	0	GA	1	15;13475;14110;+;23.5	4;3374;3838;+;63.5	5;3842;4153;+;49.8	6;4150;6708;+;91.0	6;4150;6708;+;112.1	11;10342;11106;+;122.3	13;11354;12856;+;144.0		7;6705;7487;+;147.6	8;7505;8404;+;186.5	10;8900;10321;+;223.3	3;2395;3357;+;127.6	25;24289;26202;-;525.1		conjscan	conjscan_only	A	7/7	canonical	1	0	unscoreable	4	0	0														not_admitted	not_admitted	not_admitted	not_admitted	not_admitted	not_admitted	not_admitted
JX486125.1	MPF_T	IncP1	65	0	0	GA	1	15;13702;14337;+;23.5	4;3373;3837;+;66.5	5;3841;4152;+;49.8	6;4149;6707;+;91.0	6;4149;6707;+;112.0	11;10341;11105;+;122.3	13;11353;13083;+;143.0		7;6704;7486;+;145.8	8;7504;8403;+;186.5	10;8899;10320;+;223.1	3;2394;3359;+;128.3	39;36016;37929;-;525.1		conjscan	conjscan_only	A	7/7	canonical	1	0	unscoreable	4	0	0														not_admitted	not_admitted	not_admitted	not_admitted	not_admitted	not_admitted	not_admitted
JX486126.1	MPF_F	IncFII	99	0	0	GA	0															not_admitted	not_admitted	not_admitted	not_admitted	not_admitted	not_admitted	not_admitted	not_admitted	not_admitted	not_admitted	1	27;28241;29233;-;369.5	16;21133;22506;-;382.9	22;24434;25177;-;234.4	30;30242;32869;-;298.7	15;18317;21136;-;385.4	36;35022;36449;-;91.4	30;30242;32869;-;101.1	38;37164;37730;-;182.3	25;27259;27897;-;70.7	24;25454;27262;-;267.1	12;14605;16785;-;380.8	32;33385;33900;-;76.0	12;14605;16785;-;66.5	A	9/9	contiguous	22559	1	1	17801..18292-;163;TraS;0
KC170278.1	-	-	55	0	0	GA	1	8;3982;4704;+;41.9	10;5067;5384;+;61.2	11;5397;5714;+;84.8	12;5711;8194;+;141.6	12;5711;8194;+;95.2	13;8191;8877;+;116.1	15;9128;10147;+;136.1		16;10393;11091;+;160.8	17;11102;11911;+;182.1	18;11911;13068;+;187.5	19;13016;14107;+;99.2	23;18234;19757;-;65.2		pfam	both	A	7/7	canonical	1	0	unscoreable	5	0	0														not_admitted	not_admitted	not_admitted	not_admitted	not_admitted	not_admitted	not_admitted
KC170279.1	MPF_T	IncP1	60	0	0	GA	1	15;13691;14326;+;23.5	4;3374;3838;+;63.5	5;3842;4153;+;49.8	6;4150;6708;+;91.0	6;4150;6708;+;112.1	11;10342;11106;+;122.3	13;11354;13072;+;143.0		7;6705;7487;+;145.8	8;7505;8404;+;186.5	10;8900;10321;+;223.3	3;2395;3357;+;127.6	38;36275;38188;-;525.1		conjscan	conjscan_only	A	7/7	canonical	1	0	unscoreable	4	0	0														not_admitted	not_admitted	not_admitted	not_admitted	not_admitted	not_admitted	not_admitted
KC170280.1	MPF_T	Col(pHAD28);IncN	63	0	0	GA	1	43;36422;37159;-;32.0		40;35462;35779;-;63.3	39;32863;35349;-;111.9	39;32863;35349;-;73.5	38;32132;32845;-;105.5	36;30841;31881;-;142.4		35;29925;30539;-;129.9	34;29030;29914;-;159.7	33;27870;29030;-;156.3	32;26833;27828;-;81.2	22;14759;16288;+;38.5		pfam	both	A	7/7	canonical	1	0	unscoreable	3	0	0														not_admitted	not_admitted	not_admitted	not_admitted	not_admitted	not_admitted	not_admitted
KC170281.1	MPF_T	IncU	39	0	0	GA	1		10;7953;8276;+;65.4	11;8294;8614;+;82.6	12;8611;11058;+;160.0	12;8611;11058;+;81.9	13;11055;11699;+;105.2	15;12015;13025;+;164.0		17;13346;14095;+;154.9	18;14098;14931;+;207.7	19;14931;16139;+;187.9	20;16117;17145;+;91.3	21;17111;19036;+;409.1		pfam	both	A	7/7	canonical	1	0	unscoreable	2	0	0														not_admitted	not_admitted	not_admitted	not_admitted	not_admitted	not_admitted	not_admitted
KC170282.1	-	-	60	0	0	GA	1	53;40236;41102;-;24.4	50;37440;37793;-;74.5	49;37104;37427;-;85.9	47;34115;36577;-;143.8	47;34115;36577;-;101.2	46;33423;34112;-;112.1	44;32078;33148;-;161.2		42;30981;31769;-;188.2	41;30126;30968;-;195.0	40;28942;30129;-;186.1	39;27947;28945;-;117.2	38;25924;27981;-;373.7		pfam	both	A	7/7	canonical	1	0	unscoreable	5	0	0														not_admitted	not_admitted	not_admitted	not_admitted	not_admitted	not_admitted	not_admitted
KC170283.1	MPF_T	-	49	0	0	GA	1		4;3114;3497;+;65.7	5;3500;3814;+;44.4	6;3811;6348;+;100.0	6;3811;6348;+;104.5	11;9831;10601;+;104.3	12;10614;12362;+;125.5		7;6345;7052;+;88.7	8;7066;7956;+;165.7	10;8415;9818;+;220.7	3;2047;3003;+;135.4	27;23738;25684;-;453.6		conjscan	conjscan_only	A	7/7	canonical	1	0	unscoreable	2	0	0														not_admitted	not_admitted	not_admitted	not_admitted	not_admitted	not_admitted	not_admitted
KC170284.1	MPF_T	IncU	38	0	0	GA	1		10;8614;8937;+;64.4	11;8955;9275;+;82.4	12;9272;11719;+;158.5	12;9272;11719;+;84.6	13;11716;12360;+;104.0	15;12676;13686;+;161.6		17;14007;14756;+;156.6	18;14759;15592;+;208.9	19;15592;16806;+;184.2	20;16784;17812;+;90.7	21;17778;19703;+;404.0		pfam	both	A	7/7	canonical	1	0	unscoreable	2	0	0														not_admitted	not_admitted	not_admitted	not_admitted	not_admitted	not_admitted	not_admitted
KC170285.1	-	-	48	0	0	GA	1	36;27556;28464;-;41.1	4;3627;4094;+;67.8	5;4094;4408;+;49.2	6;4422;6941;+;88.6	6;4422;6941;+;111.2	7;6898;7698;+;48.1	9;7905;9554;+;87.1		11;9942;10658;+;104.4	12;10676;11602;+;141.0	14;12058;13572;+;207.5	3;2633;3616;+;134.1	38;29024;31006;-;356.1		conjscan	conjscan_only	A	7/7	canonical	1	0	unscoreable	5	0	0														not_admitted	not_admitted	not_admitted	not_admitted	not_admitted	not_admitted	not_admitted
KC964605.1	MPF_T	IncP1	69	0	0	GA	1	16;15314;15943;+;24.1	4;4682;5146;+;65.0	5;5150;5461;+;47.0	6;5458;8016;+;98.2	6;5458;8016;+;122.1	11;11581;12351;+;134.8	14;12758;14674;+;155.8		7;8013;8786;+;145.4	8;8804;9697;+;185.7	10;10159;11562;+;222.0	3;3706;4668;+;134.7	49;44701;46605;-;521.1		conjscan	conjscan_only	A	7/7	canonical	1	0	unscoreable	5	0	0														not_admitted	not_admitted	not_admitted	not_admitted	not_admitted	not_admitted	not_admitted
KC964606.1	MPF_T	IncP1	68	0	0	GA	1	16;15314;15943;+;24.1	4;4682;5146;+;65.0	5;5150;5461;+;47.0	6;5458;8016;+;98.2	6;5458;8016;+;122.1	11;11581;12351;+;134.8	14;12758;14674;+;155.8		7;8013;8786;+;145.4	8;8804;9697;+;185.7	10;10159;11562;+;222.0	3;3706;4668;+;134.7	48;43715;45619;-;521.1		conjscan	conjscan_only	A	7/7	canonical	1	0	unscoreable	5	0	0														not_admitted	not_admitted	not_admitted	not_admitted	not_admitted	not_admitted	not_admitted
KC964607.1	MPF_T	IncP1	66	0	0	GA	1	16;15314;15943;+;24.1	4;4682;5146;+;65.0	5;5150;5461;+;47.0	6;5458;8016;+;98.2	6;5458;8016;+;122.1	11;11581;12351;+;134.8	14;12758;14674;+;155.8		7;8013;8786;+;145.4	8;8804;9697;+;185.7	10;10159;11562;+;222.0	3;3706;4668;+;134.7	46;41331;43235;-;521.1		conjscan	conjscan_only	A	7/7	canonical	1	0	unscoreable	5	0	0														not_admitted	not_admitted	not_admitted	not_admitted	not_admitted	not_admitted	not_admitted
KJ817376.1	-	-	90	0	0	GA	0															not_admitted	not_admitted	not_admitted	not_admitted	not_admitted	not_admitted	not_admitted	not_admitted	not_admitted	not_admitted	1	35;36762;37790;-;360.3	10;9893;11281;-;338.7	11;11284;12228;-;233.6	39;39745;42144;-;354.1	9;6320;9889;-;358.1	45;45940;47229;-;141.1	39;39745;42144;-;132.3	47;48112;48738;-;108.4	36;37774;38898;-;76.2	34;33067;36759;-;151.8	53;51111;52931;-;61.4	44;45293;45865;-;72.9	53;51111;52931;-;50.5	A	9/9	split_2	44791	0	1	
KJ850907.1	MPF_T	-	50	0	0	GA	1	16;8855;9616;+;34.2	18;12106;12414;+;73.1	19;12424;12747;+;79.8	20;12754;15234;+;197.3	20;12754;15234;+;106.8	21;15239;15961;+;232.9	23;16373;17455;+;170.0		25;17762;18472;+;204.9	26;18469;19341;+;184.0	27;19341;20501;+;191.5	28;20485;21552;+;91.9	30;22100;24604;+;350.1		pfam	both	A	7/7	canonical	1	0	unscoreable	4	0	0														not_admitted	not_admitted	not_admitted	not_admitted	not_admitted	not_admitted	not_admitted
KM506769.1	MPF_F	IncC	169	0	0	GA	0															not_admitted	not_admitted	not_admitted	not_admitted	not_admitted	not_admitted	not_admitted	not_admitted	not_admitted	not_admitted	1	51;47879;48886;+;332.9	118;113609;115042;+;339.2	117;112579;113607;+;221.7	46;42680;45127;+;354.5	119;115055;118669;+;373.1	40;32367;33683;+;135.0	46;42680;45127;+;128.3	38;30843;31469;+;92.7	49;45949;47214;+;67.9	52;49002;51800;+;145.3	29;25168;27033;+;47.3	41;33680;34258;+;100.2	29;25168;27033;+;52.0	A	9/9	split_2	89887	0	1	
KM877269.1	MPF_F	IncHI2;IncHI2A	275	0	0	GA	0															not_admitted	not_admitted	not_admitted	not_admitted	not_admitted	not_admitted	not_admitted	not_admitted	not_admitted	not_admitted	1	232;202132;203190;-;276.9	70;57008;58423;+;194.1	69;55972;57018;+;174.3	248;222762;225443;-;168.0	71;58432;62385;+;101.6	252;227773;229128;-;80.7	248;222762;225443;-;72.2	255;230852;231640;-;74.8	234;203332;204843;-;62.0	231;198925;202113;-;57.3	62;46846;48930;-;56.8	249;225452;226402;-;46.1	62;46846;48930;-;38.8	A	9/9	split_2	184006	1	1	62566..63855+;429;unnamed;0
KR827391.1	MPF_F	IncC	197	0	0	GA	0															not_admitted	not_admitted	not_admitted	not_admitted	not_admitted	not_admitted	not_admitted	not_admitted	not_admitted	not_admitted	1	52;47959;48966;+;332.9	137;125531;126964;+;339.2	136;124501;125529;+;221.7	47;42760;45207;+;354.5	138;126977;130591;+;373.1	41;32447;33763;+;135.0	47;42760;45207;+;128.3	39;30923;31549;+;92.7	50;46029;47294;+;67.9	53;49082;51880;+;145.3	30;25248;27113;+;47.3	42;33760;34338;+;100.2	30;25248;27113;+;52.0	A	9/9	split_2	101729	1	1	130749..132206+;485;unnamed;0
KR827392.1	MPF_F	IncC	177	0	0	GA	0															not_admitted	not_admitted	not_admitted	not_admitted	not_admitted	not_admitted	not_admitted	not_admitted	not_admitted	not_admitted	1	66;59902;60909;+;332.9	125;110103;111536;+;339.2	124;109073;110101;+;221.7	61;54703;57150;+;354.5	126;111549;115163;+;373.1	55;44390;45706;+;135.0	61;54703;57150;+;128.3	53;42866;43492;+;92.7	64;57972;59237;+;67.9	67;61025;63823;+;145.3	44;37191;39056;+;47.3	56;45703;46281;+;100.2	44;37191;39056;+;52.0	A	9/9	split_2	74358	0	1	
KR827393.1	MPF_F	IncC	200	0	0	GA	0															not_admitted	not_admitted	not_admitted	not_admitted	not_admitted	not_admitted	not_admitted	not_admitted	not_admitted	not_admitted	1	55;45568;46575;+;332.9	153;134485;135918;+;339.2	152;133455;134483;+;221.7	50;40369;42816;+;354.2	154;135931;139545;+;375.3	45;31542;32858;+;135.0	50;40369;42816;+;128.6	43;30018;30644;+;92.1	53;43638;44903;+;67.6	56;46691;49486;+;145.3	34;24343;26208;+;47.4	46;32855;33433;+;100.2	34;24343;26208;+;52.0	A	9/9	split_2	111588	0	1	
KR827394.1	MPF_F	IncC	248	1	1	GA	1	115;107255;107788;+;34.1	3;3493;3870;+;87.0	4;3867;4151;+;27.9	5;4164;6626;+;36.9	5;4164;6626;+;131.3	6;6623;7366;+;220.2	7;7379;8746;+;178.6		8;8777;9481;+;227.5	9;9478;10470;+;226.2	10;10473;11762;+;205.9	2;2480;3496;+;121.1	0;1;2010;+;335.4	52;51457;54267;+;141.4	conjscan	conjscan_only	A	7/7	canonical	1	0	unscoreable	3	0	1	51;50334;51341;+;332.9	111;100807;102240;+;339.2	110;99777;100805;+;221.7	46;45135;47582;+;354.2	112;102253;105867;+;375.3	10;10473;11762;+;205.9	46;45135;47582;+;128.3	39;34716;35342;+;91.8	49;48404;49669;+;68.1	52;51457;54267;+;141.4	0;1;2010;+;104.4	42;37553;38131;+;98.5	0;1;2010;+;99.7	A	9/9	split_3	102252	0	1	
KT325596.1	MPF_T	-	54	0	0	GA	1	14;14717;15394;-;52.5	13;14277;14603;-;62.9	12;13951;14277;-;70.5	11;11481;13943;-;127.3	11;11481;13943;-;81.0	8;9417;10118;-;173.8	9;10130;11155;-;140.9		7;8407;9255;-;144.5	6;7502;8395;-;160.3	5;6078;7502;-;168.2	4;4985;6058;-;100.6	3;2514;4988;-;333.7		pfam	both	A	7/7	canonical	1	0	unscoreable	1	0	0														not_admitted	not_admitted	not_admitted	not_admitted	not_admitted	not_admitted	not_admitted
KT780723.1	MPF_F	IncFII(Yp)	168	0	0	GA	0															not_admitted	not_admitted	not_admitted	not_admitted	not_admitted	not_admitted	not_admitted	not_admitted	not_admitted	not_admitted	1	70;53346;54338;+;370.3	78;59078;60448;+;377.9	74;57112;57861;+;220.3	67;49728;52358;+;282.7	79;60448;63312;+;334.5	61;46462;47856;+;90.9	67;49728;52358;+;98.6	59;45179;45745;+;170.1	71;54355;54984;+;66.9	72;54981;56861;+;260.1	82;64937;67102;+;383.6	62;47878;48417;+;65.9	82;64937;67102;+;63.4	A	9/9	contiguous	19758	1	1	63329..63760+;143;TraS;1
KU160531.1	MPF_F	IncC	211	0	0	GA	0															not_admitted	not_admitted	not_admitted	not_admitted	not_admitted	not_admitted	not_admitted	not_admitted	not_admitted	not_admitted	1	112;89100;90107;+;332.9	200;164018;165451;+;339.2	199;162988;164016;+;221.7	107;83901;86348;+;354.2	201;165464;169078;+;375.3	98;70590;71906;+;135.0	107;83901;86348;+;128.6	96;69066;69692;+;92.1	110;87170;88435;+;67.6	113;90223;93018;+;145.3	87;63391;65256;+;47.4	99;71903;72481;+;100.2	87;63391;65256;+;52.0	A	9/9	split_2	102073	0	1	
KU238092.1	MPF_T	IncP1	66	0	0	GA	1	64;60204;60839;+;23.5	53;49887;50351;+;63.5	54;50355;50666;+;49.8	55;50663;53221;+;91.0	55;50663;53221;+;112.1	60;56855;57619;+;122.3	62;57867;59585;+;143.0		56;53218;54000;+;145.8	57;54018;54917;+;186.5	59;55413;56834;+;223.3	52;48908;49870;+;127.6	21;25660;27573;-;525.1		conjscan	conjscan_only	A	7/7	canonical	1	0	unscoreable	4	0	0														not_admitted	not_admitted	not_admitted	not_admitted	not_admitted	not_admitted	not_admitted
KU351673.1	MPF_T	IncU	57	0	0	GA	1		28;26056;26379;-;66.6	27;25718;26038;-;82.6	26;23274;25721;-;158.4	26;23274;25721;-;86.2	25;22633;23277;-;105.7	23;21307;22317;-;161.6		21;20237;20986;-;157.6	20;19401;20234;-;208.0	19;18187;19401;-;188.0	18;17181;18209;-;90.4	17;15290;17215;-;408.7		pfam	both	A	7/7	canonical	1	0	unscoreable	2	0	0														not_admitted	not_admitted	not_admitted	not_admitted	not_admitted	not_admitted	not_admitted
KX863569.1	MPF_T	IncN3	63	0	0	GA	1	39;29511;30293;-;33.2	37;28968;29264;-;36.0	36;28611;28928;-;71.4	35;26037;28610;-;117.0	35;26037;28610;-;76.5	34;25311;26021;-;107.4	32;24005;25042;-;120.4	31;23797;23928;-;40.1	30;23091;23786;-;127.9	29;22193;23080;-;142.9	28;21060;22193;-;171.5	27;20008;21009;-;90.0	21;12784;14316;+;53.5		pfam	both	A	7/7	canonical	1	0	ga	7	0	0														not_admitted	not_admitted	not_admitted	not_admitted	not_admitted	not_admitted	not_admitted
KY075659.1	MPF_F	IncHI2;IncHI2A	271	0	0	GA	0															not_admitted	not_admitted	not_admitted	not_admitted	not_admitted	not_admitted	not_admitted	not_admitted	not_admitted	not_admitted	1	228;195365;196423;-;276.9	71;58348;59763;+;194.1	70;57312;58358;+;174.3	246;216327;218672;-;168.5	72;59772;63725;+;101.7	250;221002;222357;-;80.7	246;216327;218672;-;39.2	253;224081;224869;-;74.8	230;196565;198076;-;62.0	227;192158;195346;-;57.3	62;48185;50269;-;56.8	247;218681;219631;-;46.1	62;48185;50269;-;38.8	A	9/9	split_2	175896	1	1	63906..65195+;429;unnamed;0
KY271404.1	MPF_F	IncFIB(K);IncFII(K)	236	0	0	GA	0															not_admitted	not_admitted	not_admitted	not_admitted	not_admitted	not_admitted	not_admitted	not_admitted	not_admitted	not_admitted	1	213;203199;204188;+;363.3	224;210007;211374;+;380.7	220;207997;208749;+;233.7	208;199102;200223;+;223.3	225;211374;214217;+;345.9	196;193712;195136;+;88.8	209;200267;201742;+;89.7	194;192419;192985;+;167.9	215;204464;205111;+;65.9	216;205170;207125;+;259.7	229;216803;219115;+;392.8	199;195748;196332;+;53.8	229;216803;219115;+;65.9	A	9/9	contiguous	24384	1	1	214228..214611+;127;unnamed;0
LC257588.1	MPF_F	IncFII(pCoo)	129	0	0	GA	0															not_admitted	not_admitted	not_admitted	not_admitted	not_admitted	not_admitted	not_admitted	not_admitted	not_admitted	not_admitted	1	28;29112;30104;-;365.9	16;20882;22255;-;381.0	21;23845;24588;-;234.3	31;31113;33740;-;306.8	15;18060;20885;-;389.2	39;36598;38025;-;94.3	31;31113;33740;-;98.5	41;38740;39306;-;183.8	25;27526;28164;-;69.2	22;24864;26714;-;263.2	12;14349;16556;-;390.5	35;34963;35478;-;75.3	12;14349;16556;-;68.6	A	9/9	contiguous	24391	1	1	17554..18063-;169;unnamed;0
LC257592.1	MPF_F	IncFII(pCoo)	73	0	0	GA	0															not_admitted	not_admitted	not_admitted	not_admitted	not_admitted	not_admitted	not_admitted	not_admitted	not_admitted	not_admitted	1	43;31238;32230;+;365.9	55;39087;40460;+;381.0	50;36754;37497;+;234.3	40;27602;30229;+;306.8	56;40457;43282;+;389.2	32;23317;24744;+;94.3	40;27602;30229;+;98.5	30;22036;22602;+;183.8	46;33178;33816;+;69.2	49;34628;36478;+;263.2	59;44786;46993;+;390.5	36;25864;26379;+;75.3	59;44786;46993;+;68.6	A	9/9	contiguous	22750	1	1	43279..43788+;169;unnamed;0
LC483179.2	MPF_T	ColKP3;IncX3	66	0	0	GA	1	53;44833;45477;-;46.4	52;44559;44849;-;73.1	51;41832;44534;-;47.1	51;41832;44534;-;142.5	51;41832;44534;-;73.3	50;41002;41772;-;60.1	48;39668;40723;-;132.8		47;38745;39473;-;119.4	46;37810;38739;-;138.8	45;36599;37813;-;128.3	43;35369;36403;-;65.7	42;33531;35366;-;495.9		pfam	pfam_only	A	7/7	canonical	1	1	unscoreable	2	0	0														not_admitted	not_admitted	not_admitted	not_admitted	not_admitted	not_admitted	not_admitted
LC521833.1	MPF_T	ColKP3;IncX3	65	0	0	GA	1	14;9197;9841;+;46.4	15;9825;10115;+;73.1	16;10140;12893;+;47.0	16;10140;12893;+;142.4	16;10140;12893;+;73.3	17;12903;13673;+;60.1	19;13952;15007;+;132.8		20;15202;15930;+;119.4	21;15936;16865;+;138.8	22;16862;18076;+;128.3	24;18272;19306;+;65.7	25;19309;21144;+;495.9		pfam	pfam_only	A	7/7	canonical	1	1	unscoreable	2	0	0														not_admitted	not_admitted	not_admitted	not_admitted	not_admitted	not_admitted	not_admitted
LC521834.1	MPF_F	IncFIB(pQil);IncFII(K);IncFII(pAR0022)	183	0	0	GA	0															not_admitted	not_admitted	not_admitted	not_admitted	not_admitted	not_admitted	not_admitted	not_admitted	not_admitted	not_admitted	1	179;173497;174486;-;366.6	169;166583;167950;-;384.1	173;169208;169960;-;233.7	0;123;2762;-;258.5	168;163761;166583;-;346.6	9;8175;9599;-;89.3	0;123;2762;-;88.7	11;10326;10892;-;169.3	178;172846;173484;-;66.9	177;170832;172787;-;259.4	164;158833;161145;-;393.1	8;7519;8103;-;54.7	164;158833;161145;-;66.6	A	9/9	split_2	173374	1	1	163136..163738-;200;TraS;0
LC521835.1	MPF_F	IncFIB(pQil);IncFII(K)	169	0	0	GA	0															not_admitted	not_admitted	not_admitted	not_admitted	not_admitted	not_admitted	not_admitted	not_admitted	not_admitted	not_admitted	1	144;126397;127386;+;366.6	154;132933;134300;+;384.1	150;130923;131675;+;233.7	140;122301;124940;+;258.5	155;134300;137122;+;346.6	133;118050;119474;+;89.3	140;122301;124940;+;88.7	131;116757;117323;+;169.3	145;127399;128037;+;66.9	146;128096;130051;+;259.4	159;139738;142050;+;393.1	134;119546;120130;+;54.7	159;139738;142050;+;66.6	A	9/9	contiguous	22981	1	1	137145..137747+;200;TraS;0
LC521836.1	MPF_F	IncFII	112	0	0	GA	0															not_admitted	not_admitted	not_admitted	not_admitted	not_admitted	not_admitted	not_admitted	not_admitted	not_admitted	not_admitted	1	103;95460;96452;-;369.3	94;89025;90398;-;381.0	99;91988;92761;-;234.0	106;97461;100088;-;303.5	93;86203;89028;-;386.0		106;97461;100088;-;99.2	2;2260;2610;-;114.9	102;94813;95451;-;68.7	101;93008;94816;-;268.0	90;82492;84699;-;391.7	108;100604;101119;-;78.4	90;82492;84699;-;70.3	A	9/9	split_2	98344	1	1	85697..86206-;169;unnamed;0
LC521837.1	MPF_T	IncN2	57	0	0	GA	1	49;37269;38051;-;33.2	47;36726;37022;-;36.0	46;36369;36686;-;71.9	45;33795;36368;-;118.0	45;33795;36368;-;74.2	44;33078;33779;-;98.9	42;31772;32809;-;121.9		41;30858;31553;-;127.6	40;29960;30847;-;142.7	39;28821;29960;-;172.5	38;27769;28770;-;90.1	19;12868;13671;+;46.4		pfam	both	A	7/7	canonical	1	0	unscoreable	2	0	0														not_admitted	not_admitted	not_admitted	not_admitted	not_admitted	not_admitted	not_admitted
LC521838.1	MPF_F	IncFII	112	0	0	GA	0															not_admitted	not_admitted	not_admitted	not_admitted	not_admitted	not_admitted	not_admitted	not_admitted	not_admitted	not_admitted	1	90;84932;85924;-;369.3	81;78497;79870;-;381.0	86;81460;82233;-;234.0	93;86933;89560;-;303.5	80;75675;78500;-;386.0	99;91615;93042;-;94.3	93;86933;89560;-;99.2	101;93757;94323;-;183.8	89;84285;84923;-;68.7	88;82480;84288;-;268.0	77;71964;74171;-;391.7	95;90076;90591;-;78.4	77;71964;74171;-;70.3	A	9/9	contiguous	21793	1	1	75169..75678-;169;unnamed;0
LC521840.1	MPF_F	IncFIB(pNDM-Mar);IncHI1B(pNDM-MAR)	303	0	0	GA	0															not_admitted	not_admitted	not_admitted	not_admitted	not_admitted	not_admitted	not_admitted	not_admitted	not_admitted	not_admitted	1	241;214400;215437;-;282.3	78;61084;62493;+;190.4	77;60057;61094;+;175.7	253;226269;228986;-;149.6	79;62495;66463;+;121.3	257;231099;232469;-;65.6	253;226269;228986;-;85.2	260;234115;234975;-;79.0	242;215434;216795;-;69.9	240;211205;214390;-;59.9	70;50732;52858;-;57.7	254;229031;229768;-;56.9	70;50732;52858;-;41.0	A	9/9	split_2	183383	0	1	
LC521841.1	MPF_F	IncFIB(AP001918);IncFII	166	0	0	GA	0															not_admitted	not_admitted	not_admitted	not_admitted	not_admitted	not_admitted	not_admitted	not_admitted	not_admitted	not_admitted	1	113;107112;108104;-;369.3	104;100677;102050;-;381.0	109;103640;104413;-;234.0	116;109113;111740;-;303.5	103;97855;100680;-;386.0	122;113795;115222;-;94.3	116;109113;111740;-;99.2	124;115937;116503;-;183.8	112;106465;107103;-;68.7	111;104660;106468;-;268.0	100;94144;96351;-;391.7	118;112256;112771;-;78.4	100;94144;96351;-;70.3	A	9/9	contiguous	21793	1	1	97349..97858-;169;unnamed;0
LC521842.1	MPF_F	IncFIA;IncFIB(AP001918);IncFII(pRSB107)	182	0	0	GA	0															not_admitted	not_admitted	not_admitted	not_admitted	not_admitted	not_admitted	not_admitted	not_admitted	not_admitted	not_admitted	1	135;115864;116856;-;369.5	122;106732;108105;-;385.9	130;112015;112758;-;231.4	138;117865;120492;-;303.9	121;103916;106735;-;388.0	144;122377;123828;-;94.1	138;117865;120492;-;96.5	146;124543;125109;-;184.3	133;114882;115520;-;68.7	132;113035;114885;-;266.7	117;99460;101658;-;391.8	141;121008;121523;-;75.2	117;99460;101658;-;70.3	A	9/9	contiguous	25083	1	1	103400..103891-;163;TraS;0
LC521843.1	MPF_F	IncFIA;IncFIB(AP001918);IncFII(pRSB107)	176	0	0	GA	0															not_admitted	not_admitted	not_admitted	not_admitted	not_admitted	not_admitted	not_admitted	not_admitted	not_admitted	not_admitted	1	129;111330;112322;-;369.5	116;102198;103571;-;385.9	124;107481;108224;-;231.4	132;113331;115958;-;303.9	115;99382;102201;-;388.0	138;117843;119294;-;94.1	132;113331;115958;-;96.5	140;120009;120575;-;184.3	127;110348;110986;-;68.7	126;108501;110351;-;266.7	111;94917;97124;-;391.8	135;116474;116989;-;75.2	111;94917;97124;-;70.3	A	9/9	contiguous	25092	1	1	98866..99357-;163;TraS;0
LC521846.1	MPF_F	IncFIA;IncFIB(AP001918);IncFII(pRSB107)	182	0	0	GA	0															not_admitted	not_admitted	not_admitted	not_admitted	not_admitted	not_admitted	not_admitted	not_admitted	not_admitted	not_admitted	1	135;115864;116856;-;369.5	122;106732;108105;-;385.9	130;112015;112758;-;231.4	138;117865;120492;-;303.9	121;103916;106735;-;388.0	144;122377;123828;-;94.1	138;117865;120492;-;96.5	146;124543;125109;-;184.3	133;114882;115520;-;68.7	132;113035;114885;-;266.7	117;99460;101658;-;391.8	141;121008;121523;-;75.2	117;99460;101658;-;70.3	A	9/9	contiguous	25083	1	1	103400..103891-;163;TraS;0
LC521847.1	MPF_F	IncC	208	0	0	GA	0															not_admitted	not_admitted	not_admitted	not_admitted	not_admitted	not_admitted	not_admitted	not_admitted	not_admitted	not_admitted	1	178;147015;148022;+;332.9	83;68705;70138;+;339.2	82;67675;68703;+;221.7	173;141816;144263;+;354.2	84;70151;73765;+;375.3	164;128505;129821;+;135.0	173;141816;144263;+;128.6	162;126981;127607;+;92.1	176;145085;146350;+;67.6	179;148138;150933;+;145.3	153;121306;123171;+;47.4	165;129818;130396;+;100.2	153;121306;123171;+;52.0	A	9/9	split_2	80463	0	1	
LC521848.1	MPF_T	IncX3	82	0	0	GA	1	15;8497;9039;+;47.2	16;9124;9414;+;73.1	77;55589;58342;+;47.0	17;9560;10996;+;144.1	17;9560;10996;+;74.7	20;12193;12963;+;60.1	22;13242;14297;+;133.2		23;14492;15220;+;119.4	24;15226;16155;+;138.8	25;16152;17366;+;128.3	27;17562;18596;+;65.7	28;18599;20434;+;495.9		pfam	pfam_only	A	7/7	canonical	1	0	unscoreable	5	0	0														not_admitted	not_admitted	not_admitted	not_admitted	not_admitted	not_admitted	not_admitted
LC521849.1	MPF_F	IncFIB(pNDM-Mar);IncHI1B(pNDM-MAR)	342	0	0	GA	0															not_admitted	not_admitted	not_admitted	not_admitted	not_admitted	not_admitted	not_admitted	not_admitted	not_admitted	not_admitted	1	77;71261;72298;-;282.3	262;225516;226925;+;190.4	261;224489;225526;+;175.7	91;84355;87072;-;149.6	263;226927;230895;+;121.3	95;89185;90555;-;65.6	91;84355;87072;-;85.2	98;92201;93061;-;79.0	78;72295;73656;-;69.9	75;68199;68816;-;27.4	254;215164;217290;-;57.7	92;87117;87854;-;56.9	254;215164;217290;-;41.0	A	9/9	split_2	158728	0	1	
LC521851.1	MPF_F	IncFIA;IncFIB(AP001918);IncFII	151	0	0	GA	0															not_admitted	not_admitted	not_admitted	not_admitted	not_admitted	not_admitted	not_admitted	not_admitted	not_admitted	not_admitted	1				77;58279;58914;-;105.2			76;56289;57875;-;100.8	82;61062;61412;-;114.0			76;56289;57875;-;23.9	78;59420;59944;-;66.1		D	3/9	contiguous	4773	0	0	
LC521852.1	MPF_F	IncC;IncFII(K);repB(R1701)	361	0	0	GA	0															not_admitted	not_admitted	not_admitted	not_admitted	not_admitted	not_admitted	not_admitted	not_admitted	not_admitted	not_admitted	1	89;60922;61911;+;366.6	98;67445;68812;+;384.0	94;65435;66187;+;233.7	281;224375;226822;+;354.2	176;143419;147033;+;375.3	232;179322;180482;+;156.3	281;224375;226822;+;128.6	76;50930;51496;+;169.3	284;227644;228909;+;67.6	287;230697;233492;+;145.3	103;74121;76433;+;393.1	277;216861;217439;+;100.2	103;74121;76433;+;66.6	A	9/9	split_4	179767	0	1	
LC521853.1	MPF_F	IncC	243	0	0	GA	0															not_admitted	not_admitted	not_admitted	not_admitted	not_admitted	not_admitted	not_admitted	not_admitted	not_admitted	not_admitted	1	46;41930;42937;+;332.9	178;163245;164678;+;339.2	177;162215;163243;+;221.7	41;36731;39178;+;354.2	179;164691;168305;+;375.3	235;200598;201758;+;156.3	41;36731;39178;+;128.6	34;26380;27006;+;92.1	44;40000;41265;+;67.6	47;43053;45848;+;145.3	25;20705;22570;+;47.4	37;29217;29795;+;100.2	25;20705;22570;+;52.0	A	9/9	split_3	179893	0	1	
LC521854.1	MPF_F	IncFIB(pQil);IncFII(K)	212	0	0	GA	0															not_admitted	not_admitted	not_admitted	not_admitted	not_admitted	not_admitted	not_admitted	not_admitted	not_admitted	not_admitted	1	148;128821;129810;+;366.6	158;135357;136724;+;384.0	154;133347;134099;+;233.7	142;124741;126510;+;259.8	159;136724;139573;+;346.4	136;121126;121548;+;35.2	143;126492;127031;+;42.2		149;129823;130461;+;66.9	150;130520;132475;+;259.7	163;142034;144346;+;393.1	137;121662;122246;+;53.6	163;142034;144346;+;66.6	B	8/9	contiguous	20908	1	1	139576..140193+;205;unnamed;0
LC546831.1	MPF_F	IncFII(S);pSM22	90	0	0	GA	0															not_admitted	not_admitted	not_admitted	not_admitted	not_admitted	not_admitted	not_admitted	not_admitted	not_admitted	not_admitted	1	76;59411;60409;+;363.5	82;64646;66016;+;361.4	79;62992;63786;+;201.3	71;54505;57135;+;258.3	83;66016;68838;+;301.4	68;51990;53387;+;88.5	71;54505;57135;+;108.7	66;50704;51270;+;155.9	77;60420;61094;+;60.5	78;61091;62995;+;242.7	85;69380;71587;+;383.8	70;53938;54492;+;53.5	85;69380;71587;+;67.5	A	9/9	contiguous	18676	1	1	68854..69390+;178;unnamed;0
LC553464.1	MPF_F	IncFII(29)	92	0	0	GA	0															not_admitted	not_admitted	not_admitted	not_admitted	not_admitted	not_admitted	not_admitted	not_admitted	not_admitted	not_admitted	1	68;54648;55640;+;369.3	79;61690;63063;+;381.0	74;59357;60100;+;233.3	65;51012;53639;+;303.5	80;63060;65882;+;389.2	59;46899;48326;+;94.3	65;51012;53639;+;99.2	57;45618;46184;+;183.8	71;56637;57275;+;68.6	72;57272;59080;+;268.0	83;67416;69632;+;391.7	62;49204;49719;+;78.0	83;67416;69632;+;70.3	A	9/9	contiguous	21798	1	1	65903..66400+;165;TraS;0
LC605646.1	MPF_F	IncFII(S);pSM22	90	0	0	GA	0															not_admitted	not_admitted	not_admitted	not_admitted	not_admitted	not_admitted	not_admitted	not_admitted	not_admitted	not_admitted	1	76;59381;60379;+;363.5	82;64616;65986;+;361.4	79;62962;63756;+;201.3	71;54475;57105;+;258.3	83;65986;68808;+;301.4	68;51960;53357;+;88.5	71;54475;57105;+;108.7	66;50674;51240;+;155.9	77;60390;61064;+;60.5	78;61061;62965;+;242.7	85;69350;71557;+;383.8	70;53908;54462;+;53.5	85;69350;71557;+;67.5	A	9/9	contiguous	18676	1	1	68824..69360+;178;unnamed;0
LC605996.1	MPF_F	IncFII(S);pSM22	90	0	0	GA	0															not_admitted	not_admitted	not_admitted	not_admitted	not_admitted	not_admitted	not_admitted	not_admitted	not_admitted	not_admitted	1	76;59396;60394;+;363.5	82;64631;66001;+;361.4	79;62977;63771;+;201.3	71;54490;57120;+;258.3	83;66001;68823;+;301.4	68;51975;53372;+;88.5	71;54490;57120;+;108.7	66;50689;51255;+;155.9	77;60405;61079;+;60.5	78;61076;62980;+;242.7	85;69365;71572;+;383.8	70;53923;54477;+;53.5	85;69365;71572;+;67.5	A	9/9	contiguous	18676	1	1	68839..69375+;178;unnamed;0
LC613143.1	MPF_F	IncC	208	0	0	GA	0															not_admitted	not_admitted	not_admitted	not_admitted	not_admitted	not_admitted	not_admitted	not_admitted	not_admitted	not_admitted	1	166;139358;140365;+;332.9	71;61050;62483;+;339.2	70;60020;61048;+;221.7	161;134159;136606;+;354.2	72;62496;66110;+;375.3	152;120848;122164;+;135.0	161;134159;136606;+;128.6	150;119324;119950;+;92.1	164;137428;138693;+;67.6	167;140481;143276;+;145.3	141;113650;115515;+;47.4	153;122161;122739;+;100.2	141;113650;115515;+;52.0	A	9/9	split_2	80461	0	1	
LC613145.1	MPF_T	IncN2	54	0	0	GA	1	46;40947;41729;-;33.2	44;40404;40700;-;36.0	43;40047;40364;-;71.9	42;37473;40046;-;118.0	42;37473;40046;-;74.2	41;36756;37457;-;98.9	39;35450;36487;-;121.9	38;35242;35373;-;39.6	37;34536;35231;-;127.6	36;33638;34525;-;142.7	35;32499;33638;-;172.5	34;31447;32448;-;90.1	15;15927;17459;-;46.3		pfam	both	A	7/7	canonical	1	0	ga	2	0	0														not_admitted	not_admitted	not_admitted	not_admitted	not_admitted	not_admitted	not_admitted
LC613146.1	MPF_F	IncFIB(pQil);IncFII(K);IncFII(pAR0022)	189	0	0	GA	0															not_admitted	not_admitted	not_admitted	not_admitted	not_admitted	not_admitted	not_admitted	not_admitted	not_admitted	not_admitted	1	100;105116;106141;-;366.4	90;98202;99569;-;384.1	94;100827;101579;-;233.7	105;108504;110198;-;260.0	89;95380;98202;-;346.6	113;113377;114447;-;38.6	104;107560;108504;-;44.7	115;115174;115740;-;169.3	99;104465;105103;-;66.9	98;102451;104406;-;259.4	85;90452;92764;-;393.1	111;112368;112952;-;54.7	85;90452;92764;-;66.6	A	9/9	contiguous	24722	1	1	94755..95357-;200;TraS;0
LC613147.1	MPF_F	IncFIA;IncFIB(AP001918);IncFII	150	0	0	GA	0															not_admitted	not_admitted	not_admitted	not_admitted	not_admitted	not_admitted	not_admitted	not_admitted	not_admitted	not_admitted	1				71;56422;59049;-;303.5			71;56422;59049;-;99.0	77;61199;61765;-;182.9			71;56422;59049;-;22.1	72;59565;60080;-;76.4		D	3/9	contiguous	4777	0	0	
LC620535.1	MPF_F	IncFIA;IncFIB(AP001918);IncFIC(FII)	248	0	0	GA	0															not_admitted	not_admitted	not_admitted	not_admitted	not_admitted	not_admitted	not_admitted	not_admitted	not_admitted	not_admitted	1	226;157858;158385;-;154.3	212;151346;151732;-;132.4	217;154184;154522;-;98.6	232;161074;161415;-;71.9	207;148963;149454;-;107.6	238;163479;164537;-;40.4	229;159391;160233;-;50.6	241;166149;166580;-;130.3	223;156747;157064;-;44.7		200;144607;145158;-;99.8	236;162515;162823;-;37.1		B	8/9	contiguous	21542	1	0	148637..148981-;114;unnamed;0
LC623882.1	MPF_T	-	52	0	0	GA	1	34;33276;34037;-;34.2	32;30478;30786;-;73.1	31;30145;30468;-;79.8	30;27658;30138;-;199.3	30;27658;30138;-;108.6	29;26930;27652;-;234.1	27;25436;26518;-;170.0		25;24419;25129;-;205.4	24;23550;24422;-;184.0	23;22390;23550;-;190.7	22;21339;22406;-;91.5	20;18287;20791;-;350.1		pfam	both	A	7/7	canonical	1	0	unscoreable	4	0	0														not_admitted	not_admitted	not_admitted	not_admitted	not_admitted	not_admitted	not_admitted
LC623883.1	MPF_T	-	52	0	0	GA	1	34;33275;34036;-;34.2	32;30477;30785;-;73.1	31;30144;30467;-;79.8	30;27657;30137;-;199.3	30;27657;30137;-;108.6	29;26929;27651;-;234.1	27;25435;26517;-;170.0		25;24418;25128;-;205.4	24;23549;24421;-;184.0	23;22389;23549;-;190.7	22;21338;22405;-;91.5	20;18286;20790;-;350.1		pfam	both	A	7/7	canonical	1	0	unscoreable	4	0	0														not_admitted	not_admitted	not_admitted	not_admitted	not_admitted	not_admitted	not_admitted
LC623884.1	MPF_T	IncP1	69	0	0	GA	1	54;51691;52326;-;23.5	65;62179;62643;-;63.5	64;61864;62175;-;49.8	63;59309;61867;-;91.0	63;59309;61867;-;112.1	58;54911;55675;-;122.3	56;52945;54663;-;143.0		62;58530;59312;-;145.8	61;57613;58512;-;186.5	59;55696;57117;-;223.3	66;62660;63622;-;127.6	30;21457;23370;+;525.1		conjscan	conjscan_only	A	7/7	canonical	1	0	unscoreable	4	0	0														not_admitted	not_admitted	not_admitted	not_admitted	not_admitted	not_admitted	not_admitted
LC623885.1	MPF_T	-	52	0	0	GA	1	39;33554;34318;-;43.8	37;30713;31018;-;77.7	36;30374;30697;-;84.6	35;27830;30364;-;207.9	35;27830;30364;-;102.8	34;27106;27825;-;231.5	31;25328;26413;-;165.9		30;24284;25015;-;198.5	29;23409;24287;-;202.0	28;22276;23412;-;198.2	27;21228;22298;-;101.2	26;18412;21006;-;330.4		pfam	both	A	7/7	canonical	1	0	unscoreable	3	0	0														not_admitted	not_admitted	not_admitted	not_admitted	not_admitted	not_admitted	not_admitted
LC623886.1	MPF_T	-	52	0	0	GA	1	34;33275;34036;-;34.2	32;30477;30785;-;73.1	31;30144;30467;-;79.8	30;27657;30137;-;199.3	30;27657;30137;-;108.6	29;26929;27651;-;234.1	27;25435;26517;-;170.0		25;24418;25128;-;205.4	24;23549;24421;-;184.0	23;22389;23549;-;190.7	22;21338;22405;-;91.8	20;18286;20790;-;350.1		pfam	both	A	7/7	canonical	1	0	unscoreable	4	0	0														not_admitted	not_admitted	not_admitted	not_admitted	not_admitted	not_admitted	not_admitted
LC623887.1	MPF_T	-	52	0	0	GA	1	34;33275;34036;-;34.2	32;30477;30785;-;73.1	31;30144;30467;-;79.8	30;27657;30137;-;199.3	30;27657;30137;-;108.6	29;26929;27651;-;234.1	27;25435;26517;-;170.0		25;24418;25128;-;205.4	24;23549;24421;-;184.0	23;22389;23549;-;190.7	22;21338;22405;-;91.8	20;18286;20790;-;350.1		pfam	both	A	7/7	canonical	1	0	unscoreable	4	0	0														not_admitted	not_admitted	not_admitted	not_admitted	not_admitted	not_admitted	not_admitted
LC623888.1	MPF_T	-	49	0	0	GA	1	31;32238;32999;-;34.2	29;29440;29748;-;73.1	28;29107;29430;-;79.8	27;26620;29100;-;199.3	27;26620;29100;-;108.6	26;25892;26614;-;234.1	24;24398;25480;-;170.0		22;23381;24091;-;205.4	21;22512;23384;-;184.0	20;21352;22512;-;190.7	19;20301;21368;-;91.5	17;17249;19753;-;350.1		pfam	both	A	7/7	canonical	1	0	unscoreable	4	0	0														not_admitted	not_admitted	not_admitted	not_admitted	not_admitted	not_admitted	not_admitted
LC623889.1	MPF_T	-	51	0	0	GA	1		47;40351;40776;-;64.4	46;40037;40348;-;51.1	45;37500;40040;-;103.7	45;37500;40040;-;119.0	40;33066;33827;-;125.0	38;30985;32817;-;148.4		44;36718;37500;-;149.1	43;35795;36700;-;180.4	41;33846;35273;-;227.1	48;40802;41761;-;128.5	20;16187;18094;+;508.9		conjscan	conjscan_only	A	7/7	canonical	1	0	unscoreable	3	0	0														not_admitted	not_admitted	not_admitted	not_admitted	not_admitted	not_admitted	not_admitted
LC623890.1	MPF_T	IncP1	63	0	0	GA	1	47;39028;39657;-;24.1	59;49825;50289;-;65.0	58;49510;49821;-;47.0	57;46955;49513;-;98.2	57;46955;49513;-;122.1	52;42620;43390;-;134.8	49;40297;42213;-;155.4		56;46185;46958;-;145.4	55;45274;46167;-;185.7	53;43409;44812;-;222.0	60;50303;51265;-;134.7	20;14779;16683;+;521.1		conjscan	conjscan_only	A	7/7	canonical	1	0	unscoreable	5	0	0														not_admitted	not_admitted	not_admitted	not_admitted	not_admitted	not_admitted	not_admitted
LC623891.1	MPF_T	-	53	0	0	GA	1	40;35305;36069;-;44.5	38;32465;32770;-;77.7	37;32126;32449;-;84.6	36;29582;32116;-;207.9	36;29582;32116;-;102.7	35;28858;29577;-;231.6	33;27339;28424;-;165.9		32;26295;27026;-;198.9	31;25420;26298;-;202.0	30;24287;25423;-;198.2	29;23239;24309;-;101.4	28;20423;23017;-;330.6		pfam	both	A	7/7	canonical	1	0	unscoreable	2	0	0														not_admitted	not_admitted	not_admitted	not_admitted	not_admitted	not_admitted	not_admitted
LC623892.1	-	-	60	0	0	GA	1		57;51112;51507;-;58.0	56;50798;51055;-;31.3	55;48243;50801;-;105.9	55;48243;50801;-;117.9	50;43784;44563;-;91.3			54;47455;48246;-;133.3	53;46506;47444;-;185.6	51;44581;46053;-;223.5	58;51522;52484;-;120.9	28;25828;27738;+;504.2		conjscan	conjscan_only	B	6/7	uncallable	0	0	unscoreable	1	0	0														not_admitted	not_admitted	not_admitted	not_admitted	not_admitted	not_admitted	not_admitted
LC623893.1	MPF_T	-	55	0	0	GA	1	42;34969;35733;-;43.8	40;32128;32433;-;77.7	39;31789;32112;-;84.6	38;29245;31779;-;207.9	38;29245;31779;-;102.8	37;28521;29240;-;231.5	34;26743;27828;-;165.9		33;25699;26430;-;198.5	32;24824;25702;-;202.0	31;23691;24827;-;198.2	30;22643;23713;-;101.2	29;19827;22421;-;330.4		pfam	both	A	7/7	canonical	1	0	unscoreable	3	0	0														not_admitted	not_admitted	not_admitted	not_admitted	not_admitted	not_admitted	not_admitted
LC623894.1	MPF_T	-	84	0	0	GA	1		80;66842;67225;-;68.7	79;66513;66839;-;50.6	78;63973;66516;-;96.2	78;63973;66516;-;106.9	73;59727;60497;-;100.7	72;57983;59587;-;120.3		77;63269;63976;-;92.3	76;62363;63253;-;153.7	74;60510;61904;-;220.3	81;67339;68295;-;135.2	33;24265;26211;+;442.7		conjscan	conjscan_only	A	7/7	canonical	1	0	unscoreable	2	0	0														not_admitted	not_admitted	not_admitted	not_admitted	not_admitted	not_admitted	not_admitted
LC623895.1	MPF_T	-	92	0	0	GA	1		88;71544;71927;-;68.7	87;71215;71541;-;50.6	86;68675;71218;-;96.2	86;68675;71218;-;106.9	81;64429;65199;-;100.7	80;62685;64289;-;120.3		85;67971;68678;-;92.3	84;67065;67955;-;152.4	82;65212;66606;-;220.3	89;72041;72997;-;135.2	33;21587;23533;+;442.7		conjscan	conjscan_only	A	7/7	canonical	1	0	unscoreable	2	0	0														not_admitted	not_admitted	not_admitted	not_admitted	not_admitted	not_admitted	not_admitted
LC623896.1	MPF_T	IncP1	62	0	0	GA	1	47;43259;43894;-;23.5	58;53747;54211;-;63.5	57;53432;53743;-;49.8	56;50877;53435;-;91.0	56;50877;53435;-;112.1	51;46479;47243;-;122.3	49;44513;46231;-;143.0		55;50098;50880;-;145.8	54;49181;50080;-;186.5	52;47264;48685;-;223.3	59;54228;55190;-;127.6	36;29130;31043;+;525.1		conjscan	conjscan_only	A	7/7	canonical	1	0	unscoreable	4	0	0														not_admitted	not_admitted	not_admitted	not_admitted	not_admitted	not_admitted	not_admitted
LC623897.1	MPF_T	IncP1	48	0	0	GA	1	33;25524;26159;-;23.5	44;36012;36476;-;63.5	43;35697;36008;-;49.8	42;33142;35700;-;91.0	42;33142;35700;-;112.1	37;28744;29508;-;122.3	35;26778;28496;-;143.0		41;32363;33145;-;145.8	40;31446;32345;-;186.5	38;29529;30950;-;223.3	45;36493;37455;-;127.6	21;16348;18261;+;525.1		conjscan	conjscan_only	A	7/7	canonical	1	0	unscoreable	15	0	0														not_admitted	not_admitted	not_admitted	not_admitted	not_admitted	not_admitted	not_admitted
LC623898.1	MPF_T	IncP1	55	0	0	GA	1	40;39074;39709;-;23.5	51;49562;50026;-;63.5	50;49247;49558;-;49.8	49;46692;49250;-;91.0	49;46692;49250;-;112.1	44;42294;43058;-;122.3	42;40328;42046;-;143.0		48;45913;46695;-;145.8	47;44996;45895;-;186.5	45;43079;44500;-;223.3	52;50043;51005;-;127.6	21;16348;18261;+;525.1		conjscan	conjscan_only	A	7/7	canonical	1	0	unscoreable	4	0	0														not_admitted	not_admitted	not_admitted	not_admitted	not_admitted	not_admitted	not_admitted
LC623899.1	MPF_T	-	54	0	0	GA	1	41;34722;35486;-;43.8	39;31881;32186;-;77.7	38;31542;31865;-;84.6	37;28998;31532;-;207.9	37;28998;31532;-;102.7	36;28274;28993;-;231.8	34;26755;27840;-;165.9		33;25711;26442;-;198.9	32;24836;25714;-;202.0	31;23703;24839;-;198.2	30;22655;23725;-;101.2	29;19839;22433;-;330.4		pfam	both	A	7/7	canonical	1	0	unscoreable	2	0	0														not_admitted	not_admitted	not_admitted	not_admitted	not_admitted	not_admitted	not_admitted
LC623900.1	MPF_T	IncP1	74	0	0	GA	1		70;61782;62219;-;64.3	69;61468;61779;-;48.5	68;58913;61471;-;97.7	68;58913;61471;-;115.5	63;54578;55354;-;105.6	61;52764;54350;-;137.1		67;58158;58916;-;143.6	66;57253;58146;-;181.5	64;55371;56762;-;219.9	71;62232;63191;-;126.1	40;35658;37565;+;560.8		conjscan	conjscan_only	A	7/7	canonical	1	0	unscoreable	3	0	0														not_admitted	not_admitted	not_admitted	not_admitted	not_admitted	not_admitted	not_admitted
LC623901.1	MPF_T	IncP1	84	0	0	GA	1		80;66361;66798;-;64.3	79;66047;66358;-;48.5	78;63492;66050;-;97.7	78;63492;66050;-;115.5	73;59157;59933;-;105.6	71;57343;58929;-;137.1		77;62737;63495;-;143.6	76;61832;62725;-;181.5	74;59950;61341;-;219.9	81;66811;67770;-;126.1	50;40237;42144;+;560.8		conjscan	conjscan_only	A	7/7	canonical	1	0	unscoreable	3	0	0														not_admitted	not_admitted	not_admitted	not_admitted	not_admitted	not_admitted	not_admitted
LC623902.1	MPF_T	-	56	0	0	GA	1	42;35190;35795;-;25.1	53;45629;46057;-;64.5	52;45315;45626;-;48.8	51;42781;45318;-;103.2	51;42781;45318;-;109.8	46;38428;39201;-;100.5	44;36422;38167;-;138.5		50;42008;42784;-;151.2	49;41090;41995;-;179.5	47;39220;40614;-;220.4	54;46069;47031;-;138.6	21;15852;17765;+;517.2		conjscan	both	A	7/7	canonical	1	0	unscoreable	4	0	0														not_admitted	not_admitted	not_admitted	not_admitted	not_admitted	not_admitted	not_admitted
LC623903.1	MPF_T	IncP1	53	0	0	GA	1	38;38483;39124;-;23.4	49;48992;49456;-;63.6	48;48677;48988;-;49.8	47;46122;48680;-;91.0	47;46122;48680;-;112.1	42;41724;42488;-;123.7	40;39740;41476;-;141.9		46;45343;46125;-;144.6	45;44426;45325;-;185.3	43;42506;43927;-;223.1	50;49473;50435;-;127.4	21;16202;18115;+;525.5		conjscan	conjscan_only	A	7/7	canonical	1	0	unscoreable	4	0	0														not_admitted	not_admitted	not_admitted	not_admitted	not_admitted	not_admitted	not_admitted
LC623904.1	MPF_T	-	53	0	0	GA	1	40;34919;35683;-;44.6	38;32079;32384;-;77.7	37;31740;32063;-;84.6	36;29196;31730;-;207.9	36;29196;31730;-;102.7	35;28472;29191;-;231.8	33;26953;28038;-;165.9		32;25909;26640;-;198.9	31;25034;25912;-;202.0	30;23901;25037;-;198.2	29;22853;23923;-;101.2	28;20037;22631;-;330.4		pfam	both	A	7/7	canonical	1	0	unscoreable	2	0	0														not_admitted	not_admitted	not_admitted	not_admitted	not_admitted	not_admitted	not_admitted
LC623905.1	MPF_T	-	52	0	0	GA	1	35;33723;34484;-;34.2	33;30925;31233;-;73.1	32;30592;30915;-;79.8	31;28105;30585;-;199.3	31;28105;30585;-;106.8	30;27376;28098;-;231.5	27;25598;26680;-;170.0		25;24581;25291;-;204.9	24;23712;24584;-;184.0	23;22552;23712;-;191.6	22;21501;22568;-;91.8	20;18449;20953;-;350.1		pfam	both	A	7/7	canonical	1	0	unscoreable	4	0	0														not_admitted	not_admitted	not_admitted	not_admitted	not_admitted	not_admitted	not_admitted
LC623906.1	MPF_T	-	50	0	0	GA	1	32;33070;33834;-;36.4	30;30271;30582;-;71.7	29;29932;30255;-;84.0	28;27445;29925;-;198.6	28;27445;29925;-;100.1	27;26723;27439;-;218.2	25;25247;26326;-;161.3		23;23972;24682;-;203.7	22;23103;23975;-;177.9	21;21949;23103;-;193.8	20;20898;21965;-;92.4	19;17933;20404;-;350.0		pfam	both	A	7/7	canonical	1	0	unscoreable	3	0	0														not_admitted	not_admitted	not_admitted	not_admitted	not_admitted	not_admitted	not_admitted
LC623907.1	MPF_T	-	51	0	0	GA	1	33;32942;33703;-;34.2	31;30144;30452;-;73.1	30;29811;30134;-;79.8	29;27324;29804;-;199.3	29;27324;29804;-;108.6	28;26596;27318;-;234.1	26;25102;26184;-;170.0		24;23827;24537;-;204.9	23;22958;23830;-;184.0	22;21798;22958;-;190.7	21;20747;21814;-;91.7	19;17593;20199;-;349.2		pfam	both	A	7/7	canonical	1	0	unscoreable	4	0	0														not_admitted	not_admitted	not_admitted	not_admitted	not_admitted	not_admitted	not_admitted
LC623908.1	MPF_T	-	50	0	0	GA	1	34;33282;34043;-;34.2	32;30484;30792;-;73.1	31;30151;30474;-;79.8	30;27664;30144;-;199.3	30;27664;30144;-;108.6	29;26936;27658;-;234.1	27;25442;26524;-;170.0		25;24425;25135;-;205.4	24;23556;24428;-;184.0	23;22396;23556;-;190.7	22;21345;22412;-;91.5	20;18293;20797;-;350.1		pfam	both	A	7/7	canonical	1	0	unscoreable	4	0	0														not_admitted	not_admitted	not_admitted	not_admitted	not_admitted	not_admitted	not_admitted
LC623909.1	MPF_T	-	49	0	0	GA	1	32;33415;34176;-;34.2	30;30617;30925;-;73.1	29;30284;30607;-;79.8	28;27797;30277;-;199.3	28;27797;30277;-;106.8	27;27068;27790;-;232.4	25;25575;26657;-;170.0		23;24558;25268;-;204.9	22;23689;24561;-;184.0	21;22529;23689;-;190.7	20;21478;22545;-;91.8	19;18426;20930;-;350.1		pfam	both	A	7/7	canonical	1	0	unscoreable	3	0	0														not_admitted	not_admitted	not_admitted	not_admitted	not_admitted	not_admitted	not_admitted
LC623910.1	MPF_T	IncP1	49	0	0	GA	1	33;29444;30034;-;22.9	45;40153;40581;-;63.6	44;39838;40149;-;50.9	43;37283;39841;-;93.0	43;37283;39841;-;114.4	38;32931;33704;-;123.2	35;30677;32518;-;152.5		42;36498;37286;-;141.7	41;35587;36480;-;181.1	39;33724;35118;-;220.7	46;40603;41568;-;130.5	22;16220;18124;+;524.0		conjscan	conjscan_only	A	7/7	canonical	1	0	unscoreable	5	0	0														not_admitted	not_admitted	not_admitted	not_admitted	not_admitted	not_admitted	not_admitted
LC623911.1	-	-	69	0	0	GA	1	55;56836;57492;-;24.0	66;66768;67202;-;65.4	65;66451;66762;-;45.1	64;63902;66454;-;82.1	64;63902;66454;-;112.6	59;59562;60365;-;88.1	57;57813;59348;-;110.5		63;63174;63905;-;82.9	62;62257;63153;-;160.8	60;60381;61790;-;213.9	67;67214;68176;-;137.1	20;15895;17838;+;462.0		conjscan	conjscan_only	A	7/7	canonical	1	0	unscoreable	4	0	0														not_admitted	not_admitted	not_admitted	not_admitted	not_admitted	not_admitted	not_admitted
LC623912.1	MPF_T	-	49	0	0	GA	1	32;33414;34175;-;34.2	30;30616;30924;-;73.1	29;30283;30606;-;79.8	28;27796;30276;-;199.3	28;27796;30276;-;106.8	27;27067;27789;-;232.4	25;25574;26656;-;170.0		23;24557;25267;-;204.9	22;23688;24560;-;184.0	21;22528;23688;-;190.7	20;21477;22544;-;91.8	19;18425;20929;-;350.1		pfam	both	A	7/7	canonical	1	0	unscoreable	3	0	0														not_admitted	not_admitted	not_admitted	not_admitted	not_admitted	not_admitted	not_admitted
LC623913.1	MPF_T	IncP1	58	0	0	GA	1	43;45667;46302;-;23.5	54;56155;56619;-;63.5	53;55840;56151;-;49.8	52;53285;55843;-;91.0	52;53285;55843;-;112.1	47;48887;49651;-;122.3	45;46921;48639;-;143.0		51;52506;53288;-;145.8	50;51589;52488;-;186.5	48;49672;51093;-;223.3	55;56636;57598;-;127.6	27;25037;26950;+;525.1		conjscan	conjscan_only	A	7/7	canonical	1	0	unscoreable	4	0	0														not_admitted	not_admitted	not_admitted	not_admitted	not_admitted	not_admitted	not_admitted
LC623914.1	MPF_T	IncP1	60	0	0	GA	1	45;47020;47655;-;23.5	56;57508;57972;-;63.5	55;57193;57504;-;49.8	54;54638;57196;-;91.0	54;54638;57196;-;112.1	49;50240;51004;-;122.3	47;48274;49992;-;143.0		53;53859;54641;-;145.8	52;52942;53841;-;186.5	50;51025;52446;-;221.2	57;57989;58951;-;127.6	26;23778;25691;+;525.1		conjscan	conjscan_only	A	7/7	canonical	1	0	unscoreable	4	0	0														not_admitted	not_admitted	not_admitted	not_admitted	not_admitted	not_admitted	not_admitted
LC623915.1	MPF_T	IncP1	56	0	0	GA	1	41;38444;39034;-;24.3	52;48872;49336;-;62.5	51;48557;48868;-;51.1	50;46002;48560;-;96.2	50;46002;48560;-;116.8	45;41656;42429;-;125.2	43;39677;41413;-;148.1		49;45217;46005;-;144.7	48;44306;45199;-;181.0	46;42446;43837;-;221.2	53;49358;50323;-;129.5	30;25486;27390;+;528.6		conjscan	conjscan_only	A	7/7	canonical	1	0	unscoreable	4	0	0														not_admitted	not_admitted	not_admitted	not_admitted	not_admitted	not_admitted	not_admitted
LC623916.1	MPF_T	-	51	0	0	GA	1	33;33786;34547;-;34.2	31;30988;31296;-;73.1	30;30655;30978;-;79.8	29;28168;30648;-;199.3	29;28168;30648;-;106.8	28;27439;28161;-;231.5	26;25945;27027;-;170.0		24;24928;25638;-;204.9	23;24059;24931;-;184.0	22;22899;24059;-;190.7	21;21848;22915;-;91.8	19;18371;20875;-;350.1		pfam	both	A	7/7	canonical	1	0	unscoreable	4	0	0														not_admitted	not_admitted	not_admitted	not_admitted	not_admitted	not_admitted	not_admitted
LC623917.1	-	-	51	0	0	GA	1	37;31563;32219;-;25.2	48;41487;41921;-;62.4	47;41170;41481;-;48.8	46;38621;41173;-;90.4	46;38621;41173;-;113.2	41;34294;35064;-;113.3	39;32541;34034;-;117.5		45;37893;38624;-;96.0	44;36978;37874;-;159.2	42;35081;36511;-;216.3	49;41932;42894;-;130.4	21;16417;18360;+;460.5		conjscan	conjscan_only	A	7/7	canonical	1	0	unscoreable	4	0	0														not_admitted	not_admitted	not_admitted	not_admitted	not_admitted	not_admitted	not_admitted
LC623918.1	MPF_T	-	53	0	0	GA	1	35;35472;36233;-;34.2	33;32674;32982;-;73.1	32;32341;32664;-;79.8	31;29854;32334;-;199.3	31;29854;32334;-;108.6	30;29126;29848;-;234.1	28;27632;28714;-;170.0		26;26615;27325;-;205.4	25;25746;26618;-;184.0	24;24586;25746;-;190.7	23;23535;24602;-;91.5	21;20483;22987;-;350.1		pfam	both	A	7/7	canonical	1	0	unscoreable	4	0	0														not_admitted	not_admitted	not_admitted	not_admitted	not_admitted	not_admitted	not_admitted
LC623919.1	MPF_T	-	72	0	0	GA	1	57;51614;52243;-;23.4	68;61983;62408;-;62.6	67;61669;61980;-;53.3	66;59135;61672;-;91.7	66;59135;61672;-;116.7	61;54762;55526;-;129.7	59;52859;54517;-;145.6		65;58350;59138;-;136.6	64;57439;58332;-;176.9	62;55547;56950;-;217.7	69;62430;63389;-;134.7	22;16938;18842;+;532.3		conjscan	conjscan_only	A	7/7	canonical	1	0	unscoreable	4	0	0														not_admitted	not_admitted	not_admitted	not_admitted	not_admitted	not_admitted	not_admitted
LC623920.1	MPF_T	-	52	0	0	GA	1	34;33243;34004;-;34.2	32;30445;30753;-;73.1	31;30112;30435;-;79.8	30;27625;30105;-;199.3	30;27625;30105;-;108.6	29;26897;27619;-;234.1	27;25403;26485;-;170.0		25;24386;25096;-;205.4	24;23517;24389;-;184.0	23;22357;23517;-;190.7	22;21306;22373;-;91.5	20;18254;20758;-;350.1		pfam	both	A	7/7	canonical	1	0	unscoreable	4	0	0														not_admitted	not_admitted	not_admitted	not_admitted	not_admitted	not_admitted	not_admitted
LC623921.1	MPF_T	-	53	0	0	GA	1	40;34450;35214;-;43.1	38;31610;31915;-;77.7	37;31271;31594;-;84.6	36;28727;31261;-;207.8	36;28727;31261;-;102.7	35;28003;28722;-;232.8	33;26484;27569;-;165.9		32;25440;26171;-;197.7	31;24565;25443;-;202.0	30;23432;24568;-;198.2	29;22384;23454;-;101.2	28;19577;22162;-;330.4		pfam	both	A	7/7	canonical	1	0	unscoreable	2	0	0														not_admitted	not_admitted	not_admitted	not_admitted	not_admitted	not_admitted	not_admitted
LC623922.1	MPF_T	IncP1	51	0	0	GA	1	35;29129;29758;-;24.1	47;39923;40387;-;65.0	46;39608;39919;-;47.0	45;37053;39611;-;98.2	45;37053;39611;-;122.1	40;32718;33488;-;134.8	37;30398;32311;-;155.8		44;36283;37056;-;145.4	43;35372;36265;-;185.7	41;33507;34910;-;222.0	48;40401;41363;-;134.7	20;14722;16626;+;521.1		conjscan	conjscan_only	A	7/7	canonical	1	0	unscoreable	5	0	0														not_admitted	not_admitted	not_admitted	not_admitted	not_admitted	not_admitted	not_admitted
LC623923.1	MPF_T	-	55	0	0	GA	1	42;35038;35802;-;43.8	40;32197;32502;-;77.7	39;31858;32181;-;84.6	38;29314;31848;-;207.9	38;29314;31848;-;102.8	37;28590;29309;-;231.5	34;26812;27897;-;165.9		33;25768;26499;-;198.5	32;24893;25771;-;202.0	31;23760;24896;-;198.2	30;22712;23782;-;101.2	29;19896;22490;-;330.4		pfam	both	A	7/7	canonical	1	0	unscoreable	3	0	0														not_admitted	not_admitted	not_admitted	not_admitted	not_admitted	not_admitted	not_admitted
LC623924.1	MPF_T	IncP1	61	0	0	GA	1	46;42577;43212;-;22.8	57;52975;53439;-;63.0	56;52660;52971;-;51.3	55;50105;52663;-;94.6	55;50105;52663;-;113.3	50;45772;46545;-;125.5	48;43811;45529;-;148.0		54;49320;50108;-;148.7	53;48409;49302;-;181.3	51;46562;47941;-;218.3	58;53461;54426;-;133.8	23;16411;18315;+;528.8		conjscan	conjscan_only	A	7/7	canonical	1	0	unscoreable	4	0	0														not_admitted	not_admitted	not_admitted	not_admitted	not_admitted	not_admitted	not_admitted
LC623925.1	MPF_T	-	55	0	0	GA	1	40;32965;33582;-;23.5	51;43322;43747;-;61.9	50;43008;43319;-;53.3	49;40474;43011;-;91.7	49;40474;43011;-;116.7	44;36101;36865;-;129.7	42;34198;35856;-;145.6		48;39689;40477;-;136.6	47;38778;39671;-;176.9	45;36886;38289;-;217.7	52;43769;44728;-;134.8	22;17077;18981;+;532.3		conjscan	conjscan_only	A	7/7	canonical	1	0	unscoreable	4	0	0														not_admitted	not_admitted	not_admitted	not_admitted	not_admitted	not_admitted	not_admitted
LC623926.1	MPF_T	-	52	0	0	GA	1	34;33276;34037;-;34.2	32;30478;30786;-;73.1	31;30145;30468;-;79.8	30;27658;30138;-;199.3	30;27658;30138;-;108.6	29;26930;27652;-;234.1	27;25436;26518;-;170.0		25;24419;25129;-;205.4	24;23550;24422;-;184.0	23;22390;23550;-;190.7	22;21339;22406;-;91.5	20;18287;20791;-;350.1		pfam	both	A	7/7	canonical	1	0	unscoreable	4	0	0														not_admitted	not_admitted	not_admitted	not_admitted	not_admitted	not_admitted	not_admitted
LC623927.1	MPF_T	IncP1	56	0	0	GA	1	41;40082;40717;-;23.5	52;50570;51034;-;63.5	51;50255;50566;-;49.8	50;47700;50258;-;91.0	50;47700;50258;-;112.1	45;43302;44066;-;122.3	43;41336;43054;-;143.0		49;46921;47703;-;147.6	48;46004;46903;-;186.5	46;44087;45508;-;223.3	53;51051;52013;-;127.6	31;27189;29102;+;525.1		conjscan	conjscan_only	A	7/7	canonical	1	0	unscoreable	4	0	0														not_admitted	not_admitted	not_admitted	not_admitted	not_admitted	not_admitted	not_admitted
LC623928.1	MPF_T	-	59	0	0	GA	1	44;33445;34062;-;22.4	55;43827;44252;-;62.0	54;43513;43824;-;53.3	53;40979;43516;-;91.2	53;40979;43516;-;116.6	48;36604;37368;-;126.2	46;34686;36359;-;153.8		52;40194;40982;-;142.0	51;39283;40176;-;175.5	49;37391;38794;-;217.5	56;44266;45225;-;135.3	23;17086;18990;+;523.0		conjscan	conjscan_only	A	7/7	canonical	1	0	unscoreable	4	0	0														not_admitted	not_admitted	not_admitted	not_admitted	not_admitted	not_admitted	not_admitted
LC623929.1	MPF_T	-	61	0	0	GA	1		57;46825;47232;-;60.8	56;46511;46822;-;52.7	55;43956;46514;-;100.2	55;43956;46514;-;110.9	50;39630;40409;-;103.8	48;37646;39379;-;142.9		54;43234;43959;-;123.5	53;42332;43222;-;175.9	51;40432;41856;-;227.0	58;47264;48232;-;134.9	21;16171;18087;+;510.6		conjscan	conjscan_only	A	7/7	canonical	1	0	unscoreable	3	0	0														not_admitted	not_admitted	not_admitted	not_admitted	not_admitted	not_admitted	not_admitted
LC623930.1	MPF_T	-	50	0	0	GA	1	34;33470;34234;-;37.0	32;30666;30977;-;71.7	31;30328;30651;-;84.2	30;27841;30321;-;199.6	30;27841;30321;-;100.7	29;27122;27835;-;216.3	27;25643;26722;-;167.1		25;24367;25077;-;206.1	24;23498;24370;-;177.4	23;22347;23498;-;195.0	22;21296;22363;-;92.1	21;18331;20802;-;350.1		pfam	both	A	7/7	canonical	1	0	unscoreable	3	0	0														not_admitted	not_admitted	not_admitted	not_admitted	not_admitted	not_admitted	not_admitted
LC623931.1	MPF_T	IncP1	61	0	0	GA	1	46;44507;45142;-;23.5	57;55004;55468;-;63.5	56;54689;55000;-;49.8	55;52134;54692;-;91.0	55;52134;54692;-;112.1	50;47736;48500;-;122.3	48;45761;47488;-;143.0		54;51355;52137;-;147.6	53;50438;51337;-;186.5	51;48521;49942;-;223.3	58;55485;56447;-;127.6	36;31614;33527;+;525.1		conjscan	conjscan_only	A	7/7	canonical	1	0	unscoreable	4	0	0														not_admitted	not_admitted	not_admitted	not_admitted	not_admitted	not_admitted	not_admitted
LC623932.1	MPF_T	-	54	0	0	GA	1	41;34722;35486;-;43.8	39;31881;32186;-;77.7	38;31542;31865;-;84.6	37;28998;31532;-;207.9	37;28998;31532;-;102.7	36;28274;28993;-;231.8	34;26755;27840;-;165.9		33;25711;26442;-;198.9	32;24836;25714;-;202.0	31;23703;24839;-;198.2	30;22655;23725;-;101.2	29;19839;22433;-;330.4		pfam	both	A	7/7	canonical	1	0	unscoreable	2	0	0														not_admitted	not_admitted	not_admitted	not_admitted	not_admitted	not_admitted	not_admitted
LC623933.1	MPF_F	Col(pHAD28);IncFII(pBK30683)	150	0	0	GA	0															not_admitted	not_admitted	not_admitted	not_admitted	not_admitted	not_admitted	not_admitted	not_admitted	not_admitted	not_admitted	1	83;66403;67392;+;363.8	96;74965;76332;+;380.7	92;72956;73708;+;233.7	79;62321;64960;+;261.6	97;76332;79154;+;346.6	69;57076;58500;+;89.2	79;62321;64960;+;87.8	67;55783;56349;+;168.5	87;69423;70070;+;66.0	88;70129;72084;+;259.7	102;81979;84291;+;393.1	72;59317;59901;+;53.9	102;81979;84291;+;66.6	A	9/9	contiguous	26196	1	1	79178..79780+;200;TraS;0
LC663721.1	-	-	44	0	0	GA	1	14;12111;13007;+;45.1	41;35477;35968;-;68.0	40;35163;35477;-;51.1	39;32642;35149;-;96.8	39;32642;35149;-;113.1	38;31885;32673;-;47.5	36;29959;31677;-;86.7		34;28862;29560;-;122.8	33;27924;28862;-;162.6	31;26007;27467;-;205.5	42;35980;36963;-;135.1	12;9593;11551;+;355.7		conjscan	conjscan_only	A	7/7	canonical	1	0	unscoreable	5	0	0														not_admitted	not_admitted	not_admitted	not_admitted	not_admitted	not_admitted	not_admitted
LC663722.1	MPF_F	IncC	182	0	0	GA	0															not_admitted	not_admitted	not_admitted	not_admitted	not_admitted	not_admitted	not_admitted	not_admitted	not_admitted	not_admitted	1	112;88332;89339;+;332.9	171;138528;139961;+;339.2	170;137498;138526;+;221.7	107;83133;85580;+;354.5	172;139974;143588;+;375.3	102;74261;75577;+;135.0	107;83133;85580;+;128.3	100;72737;73363;+;92.7	110;86402;87667;+;67.9	113;89455;92253;+;145.3	91;67062;68927;+;47.3	103;75574;76152;+;100.2	91;67062;68927;+;52.0	A	9/9	split_2	72912	0	1	
LC663726.1	MPF_T	IncN	70	0	0	GA	1	27;21819;22553;+;32.5		30;23196;23513;+;63.3	31;23513;26113;+;113.8	31;23513;26113;+;76.4	32;26131;26844;+;105.5	34;27095;28135;+;142.4		35;28354;29052;+;131.9	36;29063;29947;+;159.7	37;29947;31107;+;156.3	38;31149;32144;+;81.2	47;40138;41667;-;38.5		pfam	both	A	7/7	canonical	1	0	unscoreable	11	0	0														not_admitted	not_admitted	not_admitted	not_admitted	not_admitted	not_admitted	not_admitted
LC663727.1	MPF_T	IncN	50	0	0	GA	1	12;8740;9474;+;32.5		15;10117;10434;+;63.3	16;10434;13034;+;113.8	16;10434;13034;+;76.4	17;13052;13765;+;105.5	19;14016;15056;+;142.4		20;15275;15973;+;131.9	21;15984;16868;+;159.7	22;16868;18028;+;156.3	23;18070;19065;+;81.2	32;27059;28588;-;38.5		pfam	both	A	7/7	canonical	1	0	unscoreable	11	0	0														not_admitted	not_admitted	not_admitted	not_admitted	not_admitted	not_admitted	not_admitted
LC663728.1	MPF_T	IncN	54	0	0	GA	1	11;7453;8187;+;32.5	13;8487;8780;+;28.7	14;8830;9147;+;63.3	15;9147;11747;+;111.8	15;9147;11747;+;76.8	16;11765;12478;+;97.1	18;12729;13769;+;153.6		19;13988;14686;+;131.9	20;14697;15581;+;159.0	21;15581;16741;+;154.9	22;16783;17778;+;81.2	36;35402;36931;-;38.5		pfam	both	A	7/7	canonical	1	0	unscoreable	2	0	0														not_admitted	not_admitted	not_admitted	not_admitted	not_admitted	not_admitted	not_admitted
LC663729.1	MPF_T	IncN	85	0	0	GA	1	44;37843;38577;-;32.5		41;36883;37200;-;63.3	40;34283;36883;-;113.8	40;34283;36883;-;76.4	39;33552;34265;-;105.5	37;32261;33301;-;142.4		36;31344;32042;-;131.9	35;30449;31333;-;159.7	34;29289;30449;-;156.3	33;28252;29247;-;81.2	62;52297;53826;-;38.5		pfam	both	A	7/7	canonical	1	0	unscoreable	3	0	0														not_admitted	not_admitted	not_admitted	not_admitted	not_admitted	not_admitted	not_admitted
LC663730.1	MPF_T	IncN	70	0	0	GA	1	27;21819;22553;+;32.5		30;23196;23513;+;63.3	31;23513;26113;+;113.8	31;23513;26113;+;76.4	32;26131;26844;+;105.5	34;27095;28135;+;142.4		35;28354;29052;+;131.9	36;29063;29947;+;159.7	37;29947;31107;+;156.3	38;31149;32144;+;81.2	47;40138;41667;-;38.5		pfam	both	A	7/7	canonical	1	0	unscoreable	11	0	0														not_admitted	not_admitted	not_admitted	not_admitted	not_admitted	not_admitted	not_admitted
LC663731.1	MPF_F	IncFII(pHN7A8);IncX1	121	0	0	GA	0															not_admitted	not_admitted	not_admitted	not_admitted	not_admitted	not_admitted	not_admitted	not_admitted	not_admitted	not_admitted	1	99;78432;79424;+;369.3	110;85474;86847;+;381.0	105;83141;83884;+;233.3	96;74796;77423;+;303.5	111;86844;89669;+;389.2	90;71217;72644;+;94.0	96;74796;77423;+;98.5	88;69936;70502;+;183.8	102;80421;81059;+;68.6	103;81056;82864;+;268.0	114;91172;93370;+;391.7	94;73765;74280;+;77.3	114;91172;93370;+;70.3	A	9/9	contiguous	21236	1	1	89666..90175+;169;unnamed;0
LC663732.1	MPF_T	IncX4	44	0	0	GA	1	27;20927;21547;-;47.9	26;20587;20913;-;64.4	25;17821;20568;-;62.7	25;17821;20568;-;152.1	25;17821;20568;-;46.1	24;17093;17809;-;97.3	23;16003;17082;-;157.5		21;14820;15506;-;167.2	20;13915;14823;-;142.4	19;12804;13922;-;163.7	18;11774;12802;-;85.0	17;9925;11742;-;316.5		pfam	pfam_only	A	7/7	canonical	1	1	unscoreable	1	0	0														not_admitted	not_admitted	not_admitted	not_admitted	not_admitted	not_admitted	not_admitted
LC663736.1	MPF_T	-	89	0	0	GA	1	71;61072;61989;-;37.9	82;70892;71353;-;62.4	81;70587;70883;-;30.7	80;67916;70516;-;70.8	80;67916;70516;-;68.7	79;67227;67919;-;83.3	76;65754;66617;-;135.3		75;65089;65754;-;71.0	74;64276;65061;-;179.1	73;63011;64273;-;145.4	72;61973;63001;-;96.2	65;54367;55917;+;62.2		pfam	both	A	7/7	canonical	1	0	unscoreable	7	0	0														not_admitted	not_admitted	not_admitted	not_admitted	not_admitted	not_admitted	not_admitted
LC663737.1	MPF_T	-	95	0	0	GA	1	82;61331;62248;-;37.9	93;71151;71612;-;62.4	92;70846;71142;-;30.7	91;68175;70775;-;70.8	91;68175;70775;-;68.7	90;67486;68178;-;83.3	87;66013;66876;-;135.3		86;65348;66013;-;71.0	85;64535;65320;-;179.1	84;63270;64532;-;145.4	83;62232;63260;-;96.2	76;54626;56176;+;62.2		pfam	both	A	7/7	canonical	1	0	unscoreable	7	0	0														not_admitted	not_admitted	not_admitted	not_admitted	not_admitted	not_admitted	not_admitted
LC663738.1	MPF_T	-	95	0	0	GA	1	82;61331;62248;-;37.9	93;71151;71612;-;62.4	92;70846;71142;-;30.7	91;68175;70775;-;70.8	91;68175;70775;-;68.7	90;67486;68178;-;83.3	87;66013;66876;-;135.3		86;65348;66013;-;71.0	85;64535;65320;-;179.1	84;63270;64532;-;145.4	83;62232;63260;-;96.2	76;54626;56176;+;62.2		pfam	both	A	7/7	canonical	1	0	unscoreable	7	0	0														not_admitted	not_admitted	not_admitted	not_admitted	not_admitted	not_admitted	not_admitted
LC663739.1	MPF_T	-	95	0	0	GA	1	82;61331;62248;-;37.9	93;71151;71612;-;62.4	92;70846;71142;-;30.7	91;68175;70775;-;70.8	91;68175;70775;-;68.7	90;67486;68178;-;83.3	87;66013;66876;-;135.3		86;65348;66013;-;71.0	85;64535;65320;-;179.1	84;63270;64532;-;145.4	83;62232;63260;-;96.2	76;54626;56176;+;62.2		pfam	both	A	7/7	canonical	1	0	unscoreable	7	0	0														not_admitted	not_admitted	not_admitted	not_admitted	not_admitted	not_admitted	not_admitted
LC663740.1	MPF_T	-	95	0	0	GA	1	82;61331;62248;-;37.9	93;71151;71612;-;62.4	92;70846;71142;-;30.7	91;68175;70775;-;70.8	91;68175;70775;-;68.7	90;67486;68178;-;83.3	87;66013;66876;-;135.3		86;65348;66013;-;71.0	85;64535;65320;-;179.1	84;63270;64532;-;145.4	83;62232;63260;-;96.2	76;54626;56176;+;62.2		pfam	both	A	7/7	canonical	1	0	unscoreable	7	0	0														not_admitted	not_admitted	not_admitted	not_admitted	not_admitted	not_admitted	not_admitted
LC685593.1	MPF_T	-	81	0	0	GA	1	61;50939;51856;-;38.4	74;62016;62477;-;62.4	73;61711;62007;-;30.7	72;59040;61724;-;72.0	72;59040;61724;-;67.8	71;58351;59043;-;77.5	66;55636;56499;-;136.1		65;54962;55636;-;73.0	64;54149;54934;-;178.1	63;52884;54146;-;145.4	62;51840;52874;-;91.2	55;44288;45838;+;62.4		pfam	both	A	7/7	canonical	1	0	unscoreable	9	0	0														not_admitted	not_admitted	not_admitted	not_admitted	not_admitted	not_admitted	not_admitted
LC709173.1	MPF_T	IncI2	76	0	0	GA	1	17;20326;20808;-;81.1		32;36398;36682;-;36.6	31;34035;36392;-;58.5	31;34035;36392;-;42.8	44;42135;42776;-;42.8	45;42782;43777;-;128.5		29;33135;33869;-;144.3	28;32368;33138;-;170.5	27;31239;32378;-;154.7	20;22576;24114;-;207.1	25;28191;30149;-;289.6		pfam	pfam_only	A	7/7	rearranged	1	0	unscoreable	17	1	0														not_admitted	not_admitted	not_admitted	not_admitted	not_admitted	not_admitted	not_admitted
LC712329.1	MPF_T	IncI2	76	0	0	GA	1	17;20326;20808;-;81.1		32;36398;36682;-;36.6	31;34035;36392;-;58.5	31;34035;36392;-;42.8	44;42135;42776;-;42.8	45;42782;43777;-;128.5		29;33135;33869;-;144.3	28;32368;33138;-;170.5	27;31239;32378;-;154.7	20;22576;24114;-;207.1	25;28191;30149;-;289.6		pfam	pfam_only	A	7/7	rearranged	1	0	unscoreable	17	1	0														not_admitted	not_admitted	not_admitted	not_admitted	not_admitted	not_admitted	not_admitted
LC712384.1	MPF_T	IncI2	76	0	0	GA	1	17;20326;20808;-;81.1		32;36398;36682;-;36.6	31;34035;36392;-;58.5	31;34035;36392;-;42.8	44;42135;42776;-;42.8	45;42782;43777;-;128.5		29;33135;33869;-;144.3	28;32368;33138;-;170.5	27;31239;32378;-;154.7	20;22576;24114;-;207.1	25;28191;30149;-;289.6		pfam	pfam_only	A	7/7	rearranged	1	0	unscoreable	17	1	0														not_admitted	not_admitted	not_admitted	not_admitted	not_admitted	not_admitted	not_admitted
LC716358.1	MPF_T	IncX3	58	0	0	GA	1	45;38931;39575;-;46.4	44;38657;38947;-;73.1	43;35879;38632;-;47.0	43;35879;38632;-;142.4	43;35879;38632;-;73.3	42;35099;35869;-;60.1	40;33765;34820;-;133.2		39;32842;33570;-;119.4	38;31907;32836;-;138.8	37;30696;31910;-;128.3	35;29466;30500;-;65.7	34;27628;29463;-;495.9		pfam	pfam_only	A	7/7	canonical	1	1	unscoreable	2	0	0														not_admitted	not_admitted	not_admitted	not_admitted	not_admitted	not_admitted	not_admitted
LC720959.1	MPF_T	IncN	65	0	0	GA	1	20;14570;15304;+;32.5		23;15947;16264;+;63.3	24;16264;18864;+;113.8	24;16264;18864;+;76.4	25;18882;19595;+;105.5	27;19846;20886;+;142.4		28;21105;21803;+;131.9	29;21814;22698;+;159.7	30;22698;23858;+;156.3	31;23900;24895;+;81.2	40;32889;34418;-;38.5		pfam	both	A	7/7	canonical	1	0	unscoreable	11	0	0														not_admitted	not_admitted	not_admitted	not_admitted	not_admitted	not_admitted	not_admitted
LC720960.1	MPF_T	IncN	65	0	0	GA	1	20;14945;15679;+;32.5		23;16322;16639;+;63.3	24;16639;19239;+;113.8	24;16639;19239;+;76.4	25;19257;19970;+;105.5	27;20221;21261;+;142.4		28;21480;22178;+;131.9	29;22189;23073;+;159.7	30;23073;24233;+;156.3	31;24275;25270;+;81.2	40;33264;34793;-;38.5		pfam	both	A	7/7	canonical	1	0	unscoreable	11	0	0														not_admitted	not_admitted	not_admitted	not_admitted	not_admitted	not_admitted	not_admitted
LC732581.1	MPF_T	-	48	0	0	GA	1	32;28859;29569;-;101.0	31;28555;28848;-;41.2		30;25832;28543;-;78.0	30;25832;28543;-;57.1	29;25194;25835;-;71.2	42;37404;38489;-;71.0		41;36616;37404;-;74.6	40;35864;36601;-;149.0	39;34483;35862;-;180.8	38;33430;34467;-;92.0	34;29833;31350;-;35.6		pfam	both	A	7/7	rearranged	1	0	unscoreable	3	0	0														not_admitted	not_admitted	not_admitted	not_admitted	not_admitted	not_admitted	not_admitted
LC735981.1	MPF_F	IncFIB(pECLA)	200	0	0	GA	0															not_admitted	not_admitted	not_admitted	not_admitted	not_admitted	not_admitted	not_admitted	not_admitted	not_admitted	not_admitted	1	106;107007;108005;-;364.2	97;100406;101770;-;359.5	103;103759;104541;-;214.1	114;111363;113972;-;214.8	96;97008;100406;-;306.6	122;116585;117988;-;90.2	114;111363;113972;-;103.5	124;118737;119318;-;100.9	105;106370;106996;-;64.3	104;104538;106373;-;222.5	90;90434;92989;-;360.8	116;114220;114762;-;46.9	90;90434;92989;-;72.8	A	9/9	contiguous	28303	1	1	96317..97006-;229;unnamed;0
LC735983.1	-	IncFII(K);IncFII(pAR0022);IncR	152	0	0	GA	0															not_admitted	not_admitted	not_admitted	not_admitted	not_admitted	not_admitted	not_admitted	not_admitted	not_admitted	not_admitted	1	12;17543;18541;-;370.9	7;12450;13814;-;350.2	9;14410;15180;-;203.4	15;19579;22200;-;217.3	6;9577;12447;-;243.4	18;23160;24491;-;86.0	15;19579;22200;-;92.2	20;25197;25772;-;87.7	11;17145;17573;-;64.0	10;15180;17117;-;231.2	3;6743;8668;-;376.9	16;22209;22739;-;34.9	3;6743;8668;-;68.0	A	9/9	contiguous	18454	1	1	9005..9568-;187;unnamed;0
LC735984.1	MPF_F	IncFII(pECLA);IncHI2;IncHI2A	326	0	0	GA	0															not_admitted	not_admitted	not_admitted	not_admitted	not_admitted	not_admitted	not_admitted	not_admitted	not_admitted	not_admitted	1	38;43489;44547;+;276.9	221;207797;209212;-;194.1	222;209202;210248;-;173.7	11;8955;11636;+;168.0	220;203838;207788;-;101.6	7;5270;6625;+;80.7	11;8955;11636;+;72.2	4;2758;3546;+;74.8	36;41836;43347;+;62.7	39;44566;47754;+;58.3	228;217289;219373;+;56.7	10;7996;8946;+;46.4	228;217289;219373;+;38.8	A	9/9	split_3	214531	0	1	
LC744433.1	MPF_F	IncFII	99	0	0	GA	0															not_admitted	not_admitted	not_admitted	not_admitted	not_admitted	not_admitted	not_admitted	not_admitted	not_admitted	not_admitted	1	75;63295;64287;+;369.5	85;70066;71439;+;381.7	80;67393;68136;+;234.4	72;59656;62286;+;304.1	86;71436;74258;+;374.0	65;55206;56657;+;94.2	72;59656;62286;+;97.1	63;53925;54491;+;174.3	77;64631;65269;+;68.6	78;65266;67116;+;266.1	90;76530;78728;+;391.2	68;57517;58032;+;78.4	90;76530;78728;+;70.3	A	9/9	contiguous	22605	1	1	74280..74759+;159;TraS;0
LC744434.1	MPF_F	IncFII	94	0	0	GA	0															not_admitted	not_admitted	not_admitted	not_admitted	not_admitted	not_admitted	not_admitted	not_admitted	not_admitted	not_admitted	1	70;59438;60430;+;369.5	80;66209;67582;+;381.7	75;63536;64279;+;234.4	67;55799;58429;+;304.1	81;67579;70401;+;374.0	60;51349;52800;+;94.2	67;55799;58429;+;97.1	58;50068;50634;+;174.3	72;60774;61412;+;68.6	73;61409;63259;+;266.1	85;72673;74889;+;391.2	63;53660;54175;+;78.4	85;72673;74889;+;70.3	A	9/9	contiguous	22605	1	1	70423..70902+;159;TraS;0
LC744435.1	MPF_F	IncFIA;IncFII	108	0	0	GA	0															not_admitted	not_admitted	not_admitted	not_admitted	not_admitted	not_admitted	not_admitted	not_admitted	not_admitted	not_admitted	1				96;88981;90606;+;144.6			96;88981;90606;+;99.8	94;88086;88652;+;183.8			96;88981;90606;+;24.0			D	2/9	contiguous	895	0	0	
LC744436.1	MPF_F	IncFII	88	0	0	GA	0															not_admitted	not_admitted	not_admitted	not_admitted	not_admitted	not_admitted	not_admitted	not_admitted	not_admitted	not_admitted	1	62;53243;54235;+;369.3	71;59297;60670;+;380.7	66;56934;57707;+;232.8	59;49604;52234;+;303.5	72;60667;63486;+;385.6	52;44899;46326;+;94.3	59;49604;52234;+;98.5	50;43618;44184;+;183.8	63;54244;54882;+;68.7	64;54879;56687;+;268.0	75;65018;67252;+;391.7	56;47454;47969;+;78.6	75;65018;67252;+;70.3	A	9/9	contiguous	21400	1	1	63511..64002+;163;TraS;0
LC744437.1	MPF_T	IncX3	58	0	0	GA	1	45;37512;38156;-;46.4	44;37238;37528;-;73.1	43;34460;37213;-;47.0	43;34460;37213;-;142.4	43;34460;37213;-;73.3	42;33680;34450;-;60.1	40;32346;33401;-;133.2		39;31423;32151;-;119.4	38;30488;31417;-;138.8	37;29277;30491;-;128.3	35;28047;29081;-;65.7	34;26209;28044;-;494.3		pfam	pfam_only	A	7/7	canonical	1	1	unscoreable	2	0	0														not_admitted	not_admitted	not_admitted	not_admitted	not_admitted	not_admitted	not_admitted
LC744438.1	MPF_F	IncC	189	0	0	GA	0															not_admitted	not_admitted	not_admitted	not_admitted	not_admitted	not_admitted	not_admitted	not_admitted	not_admitted	not_admitted	1	91;66838;67845;+;332.9	178;146197;147630;+;339.2	177;145167;146195;+;221.7	86;61639;64086;+;354.2	179;147643;151257;+;375.3	81;52812;54128;+;135.0	86;61639;64086;+;128.6	79;51288;51914;+;92.1	89;64908;66173;+;67.6	92;67961;70756;+;145.3	70;45613;47478;+;47.4	82;54125;54703;+;100.2	70;45613;47478;+;52.0	A	9/9	split_2	102030	0	1	
LC744439.1	MPF_F	IncFII	86	0	0	GA	0															not_admitted	not_admitted	not_admitted	not_admitted	not_admitted	not_admitted	not_admitted	not_admitted	not_admitted	not_admitted	1	63;56819;57811;+;369.0	72;62873;64246;+;380.7	67;60510;61283;+;232.8	60;53180;55810;+;303.5	73;64243;67068;+;386.0	53;48475;49902;+;94.3	60;53180;55810;+;98.5	51;47205;47708;+;148.1	64;57820;58458;+;64.9	65;58455;60263;+;268.0	76;68572;70779;+;391.7	57;51030;51545;+;78.6	76;68572;70779;+;70.3	A	9/9	contiguous	21367	1	1	67065..67574+;169;unnamed;0
LC744440.1	MPF_F	IncFII	106	0	0	GA	0															not_admitted	not_admitted	not_admitted	not_admitted	not_admitted	not_admitted	not_admitted	not_admitted	not_admitted	not_admitted	1	82;68479;69471;+;369.5	92;75250;76623;+;381.7	87;72577;73320;+;234.4	79;64840;67470;+;304.1	93;76620;79442;+;374.0	72;60390;61841;+;94.2	79;64840;67470;+;97.1	70;59109;59675;+;174.3	84;69815;70453;+;68.6	85;70450;72300;+;266.1	97;81714;83894;+;391.2	75;62701;63216;+;78.4	97;81714;83894;+;70.3	A	9/9	contiguous	22605	1	1	79464..79943+;159;TraS;0
LC744441.1	MPF_F	IncHI2;IncHI2A	318	0	0	GA	0															not_admitted	not_admitted	not_admitted	not_admitted	not_admitted	not_admitted	not_admitted	not_admitted	not_admitted	not_admitted	1	29;32275;33333;+;276.9	230;212563;213978;-;194.1	231;213968;215014;-;173.7	11;8955;11636;+;168.0	229;208604;212554;-;101.6	7;5270;6625;+;80.7	11;8955;11636;+;72.2	4;2758;3546;+;74.8	27;30622;32133;+;62.7	30;33352;36540;+;58.3	237;222055;224139;+;56.7	10;7996;8946;+;46.4	237;222055;224139;+;38.8	A	9/9	split_3	219297	0	1	
LC744443.1	MPF_F	IncFII	106	0	0	GA	0															not_admitted	not_admitted	not_admitted	not_admitted	not_admitted	not_admitted	not_admitted	not_admitted	not_admitted	not_admitted	1	82;68806;69798;+;369.5	92;75577;76950;+;381.7	87;72904;73647;+;234.4	79;65167;67797;+;304.1	93;76947;79769;+;374.0	72;60717;62168;+;94.2	79;65167;67797;+;97.1	70;59436;60002;+;174.3	84;70142;70780;+;68.6	85;70777;72627;+;266.1	97;82041;84311;+;391.1	75;63028;63543;+;78.4	97;82041;84311;+;70.3	A	9/9	contiguous	22605	1	1	79791..80270+;159;TraS;0
LC744444.1	MPF_F	IncFIA;IncFII	140	0	0	GA	0															not_admitted	not_admitted	not_admitted	not_admitted	not_admitted	not_admitted	not_admitted	not_admitted	not_admitted	not_admitted	1	114;108152;109144;+;371.6	123;114206;115579;+;380.7	118;111873;112616;+;233.0	111;104516;107143;+;303.5	124;115576;118395;+;386.2	105;100930;102357;+;91.9	111;104516;107143;+;98.5	103;99649;100215;+;182.9	115;109153;109791;+;64.9	116;109788;111596;+;268.2	127;119927;122143;+;391.7	110;103485;104000;+;76.4	127;119927;122143;+;70.3	A	9/9	contiguous	20278	1	1	118420..118911+;163;TraS;0
LC744445.1	MPF_F	IncC	219	0	0	GA	0															not_admitted	not_admitted	not_admitted	not_admitted	not_admitted	not_admitted	not_admitted	not_admitted	not_admitted	not_admitted	1	93;66837;67844;+;332.9	208;175939;177372;+;339.2	207;174897;175937;+;221.6	88;61638;64085;+;354.2	209;177385;180999;+;375.3	83;52811;54127;+;135.0	88;61638;64085;+;128.6	81;51287;51913;+;92.1	91;64907;66172;+;67.6	94;67960;70755;+;145.3	72;45612;47477;+;47.4	84;54124;54702;+;100.2	72;45612;47477;+;52.0	A	9/9	split_2	131773	0	1	
LC744446.1	MPF_T	IncX3	58	0	0	GA	1	45;38024;38668;-;46.4	44;37750;38040;-;73.1	43;34972;37725;-;47.0	43;34972;37725;-;142.4	43;34972;37725;-;73.3	42;34192;34962;-;60.1	40;32858;33913;-;133.2		39;31935;32663;-;119.4	38;31000;31929;-;138.8	37;29789;31003;-;128.3	35;28559;29593;-;65.7	34;26721;28556;-;495.9		pfam	pfam_only	A	7/7	canonical	1	1	unscoreable	2	0	0														not_admitted	not_admitted	not_admitted	not_admitted	not_admitted	not_admitted	not_admitted
LC744447.1	MPF_F	IncFII	84	0	0	GA	0															not_admitted	not_admitted	not_admitted	not_admitted	not_admitted	not_admitted	not_admitted	not_admitted	not_admitted	not_admitted	1	61;56010;57002;+;369.3	70;62064;63437;+;380.7	65;59701;60474;+;232.8	58;52371;55001;+;303.5	71;63434;66259;+;386.0	51;47666;49093;+;94.3	58;52371;55001;+;98.5	49;46385;46951;+;183.8	62;57011;57649;+;68.7	63;57646;59454;+;268.0	74;67763;69961;+;391.7	55;50221;50736;+;78.6	74;67763;69961;+;70.3	A	9/9	contiguous	21378	1	1	66256..66765+;169;unnamed;0
LC744448.1	MPF_F	IncFIB(pNDM-Mar);IncHI1B(pNDM-MAR)	286	0	0	GA	0															not_admitted	not_admitted	not_admitted	not_admitted	not_admitted	not_admitted	not_admitted	not_admitted	not_admitted	not_admitted	1	213;189239;190276;-;282.3	72;54763;56172;+;190.4	71;53736;54773;+;175.7	225;201108;203825;-;149.6	73;56174;60142;+;121.3	229;205938;207308;-;65.6	225;201108;203825;-;85.2	232;208954;209814;-;79.0	214;190273;191634;-;69.9	212;186044;189229;-;59.9	64;44411;46537;-;57.7	226;203870;204607;-;56.9	64;44411;46537;-;41.0	A	9/9	split_2	164543	0	1	
LC744449.1	MPF_F	IncFII	106	0	0	GA	0															not_admitted	not_admitted	not_admitted	not_admitted	not_admitted	not_admitted	not_admitted	not_admitted	not_admitted	not_admitted	1	82;68809;69801;+;369.5	92;75580;76953;+;381.7	87;72907;73650;+;234.4	79;65170;67800;+;304.1	93;76950;79772;+;374.0	72;60720;62171;+;94.2	79;65170;67800;+;97.1	70;59439;60005;+;174.3	84;70145;70783;+;68.6	85;70780;72630;+;266.1	97;82044;84251;+;391.2	75;63031;63546;+;78.4	97;82044;84251;+;70.3	A	9/9	contiguous	22605	1	1	79794..80273+;159;TraS;0
LC744450.1	MPF_F	IncFIA;IncFII	141	0	0	GA	0															not_admitted	not_admitted	not_admitted	not_admitted	not_admitted	not_admitted	not_admitted	not_admitted	not_admitted	not_admitted	1	115;109008;110000;+;371.6	124;115062;116435;+;380.7	119;112729;113472;+;233.0	112;105372;107999;+;303.5	125;116432;119251;+;386.2	106;101786;103213;+;91.9	112;105372;107999;+;98.5	104;100505;101071;+;182.9	116;110009;110647;+;64.9	117;110644;112452;+;268.2	128;120783;123017;+;391.7	111;104341;104856;+;76.4	128;120783;123017;+;70.3	A	9/9	contiguous	20278	1	1	119276..119767+;163;TraS;0
LC744451.1	MPF_F	IncFII	108	0	0	GA	0															not_admitted	not_admitted	not_admitted	not_admitted	not_admitted	not_admitted	not_admitted	not_admitted	not_admitted	not_admitted	1	82;75199;76191;+;369.3	91;81253;82626;+;381.0	86;78890;79663;+;234.0	79;71563;74190;+;303.5	92;82623;85448;+;386.0	74;68081;69508;+;94.3	79;71563;74190;+;99.2	72;66800;67366;+;183.8	83;76200;76838;+;68.7	84;76835;78643;+;268.0	95;86952;89222;+;391.6	78;70532;71047;+;78.4	95;86952;89222;+;70.3	A	9/9	contiguous	20152	1	1	85445..85954+;169;unnamed;0
LC744452.1	MPF_F	IncFIA;IncFII	141	0	0	GA	0															not_admitted	not_admitted	not_admitted	not_admitted	not_admitted	not_admitted	not_admitted	not_admitted	not_admitted	not_admitted	1	115;109008;110000;+;371.6	124;115062;116435;+;380.7	119;112729;113472;+;233.0	112;105372;107999;+;303.5	125;116432;119251;+;386.2	106;101786;103213;+;91.9	112;105372;107999;+;98.5	104;100505;101071;+;182.9	116;110009;110647;+;64.9	117;110644;112452;+;268.2	128;120783;123017;+;391.7	111;104341;104856;+;76.4	128;120783;123017;+;70.3	A	9/9	contiguous	20278	1	1	119276..119767+;163;TraS;0
LC744453.1	MPF_F	IncFII	111	0	0	GA	0															not_admitted	not_admitted	not_admitted	not_admitted	not_admitted	not_admitted	not_admitted	not_admitted	not_admitted	not_admitted	1	85;74252;75244;+;369.3	94;80306;81679;+;381.0	89;77943;78716;+;234.0	82;70616;73243;+;303.5	95;81676;84501;+;386.0	77;67134;68561;+;94.3	82;70616;73243;+;99.2	75;65853;66419;+;183.8	86;75253;75891;+;68.7	87;75888;77696;+;268.0	98;86005;88275;+;391.6	81;69585;70100;+;78.4	98;86005;88275;+;70.3	A	9/9	contiguous	20152	1	1	84498..85007+;169;unnamed;0
LC744454.1	MPF_F	IncC	233	0	0	GA	0															not_admitted	not_admitted	not_admitted	not_admitted	not_admitted	not_admitted	not_admitted	not_admitted	not_admitted	not_admitted	1	101;73969;74976;+;332.9	222;186860;188293;+;339.2	221;185818;186858;+;221.6	96;68770;71217;+;354.2	223;188306;191920;+;375.3	86;54125;55441;+;135.0	96;68770;71217;+;128.6	84;52601;53227;+;92.1	99;72039;73304;+;67.6	102;75092;77887;+;145.3	72;45613;47478;+;47.4	87;55438;56016;+;100.2	72;45613;47478;+;52.0	A	9/9	split_2	142693	0	1	
LC744455.1	MPF_F	IncFIA;IncFII	140	0	0	GA	0															not_admitted	not_admitted	not_admitted	not_admitted	not_admitted	not_admitted	not_admitted	not_admitted	not_admitted	not_admitted	1	111;103312;104304;+;371.6	120;109366;110739;+;380.7	115;107033;107776;+;233.0	108;99676;102303;+;303.5	121;110736;113555;+;386.2	102;96090;97517;+;91.9	108;99676;102303;+;98.5	100;94809;95375;+;182.9	112;104313;104951;+;64.9	113;104948;106756;+;268.2	124;115087;117303;+;391.7	107;98645;99160;+;76.4	124;115087;117303;+;70.3	A	9/9	contiguous	20278	1	1	113580..114071+;163;TraS;0
LC744456.1	MPF_F	IncFIA;IncFII	141	0	0	GA	0															not_admitted	not_admitted	not_admitted	not_admitted	not_admitted	not_admitted	not_admitted	not_admitted	not_admitted	not_admitted	1	115;109008;110000;+;371.6	124;115062;116435;+;380.7	119;112729;113472;+;233.0	112;105372;107999;+;303.5	125;116432;119251;+;386.2	106;101786;103213;+;91.9	112;105372;107999;+;98.5	104;100505;101071;+;182.9	116;110009;110647;+;64.9	117;110644;112452;+;268.2	128;120783;123017;+;391.7	111;104341;104856;+;76.4	128;120783;123017;+;70.3	A	9/9	contiguous	20278	1	1	119276..119767+;163;TraS;0
LC744457.1	MPF_F	IncFIA;IncFII	141	0	0	GA	0															not_admitted	not_admitted	not_admitted	not_admitted	not_admitted	not_admitted	not_admitted	not_admitted	not_admitted	not_admitted	1	115;109008;110000;+;371.6	124;115062;116435;+;380.7	119;112729;113472;+;233.0	112;105372;107999;+;303.5	125;116432;119251;+;386.2	106;101786;103213;+;91.9	112;105372;107999;+;98.5	104;100505;101071;+;182.9	116;110009;110647;+;64.9	117;110644;112452;+;268.2	128;120783;123017;+;391.7	111;104341;104856;+;76.4	128;120783;123017;+;70.3	A	9/9	contiguous	20278	1	1	119276..119767+;163;TraS;0
LC744458.1	MPF_F	IncFII	99	0	0	GA	0															not_admitted	not_admitted	not_admitted	not_admitted	not_admitted	not_admitted	not_admitted	not_admitted	not_admitted	not_admitted	1	76;67776;68768;+;369.3	85;73830;75203;+;381.0	80;71467;72240;+;234.0	73;64137;66767;+;303.5	86;75200;78025;+;386.0	66;59432;60859;+;94.3	73;64137;66767;+;98.5	64;58151;58717;+;183.8	77;68777;69415;+;68.7	78;69412;71220;+;268.0	89;79529;81745;+;391.7	70;61987;62502;+;78.6	89;79529;81745;+;70.3	A	9/9	contiguous	21378	1	1	78022..78531+;169;unnamed;0
LC744460.1	MPF_T	IncX3	58	0	0	GA	1	45;38024;38668;-;46.4	44;37750;38040;-;73.1	43;34972;37725;-;47.0	43;34972;37725;-;142.4	43;34972;37725;-;73.3	42;34192;34962;-;60.1	40;32858;33913;-;133.2		39;31935;32663;-;119.4	38;31000;31929;-;138.8	37;29789;31003;-;128.3	35;28559;29593;-;65.7	34;26721;28556;-;495.9		pfam	pfam_only	A	7/7	canonical	1	1	unscoreable	2	0	0														not_admitted	not_admitted	not_admitted	not_admitted	not_admitted	not_admitted	not_admitted
LC744461.1	MPF_F	IncFIA;IncFII	141	0	0	GA	0															not_admitted	not_admitted	not_admitted	not_admitted	not_admitted	not_admitted	not_admitted	not_admitted	not_admitted	not_admitted	1	115;108997;109989;+;371.6	124;115051;116424;+;380.7	119;112718;113461;+;233.0	112;105361;107988;+;303.5	125;116421;119240;+;386.2	106;101775;103202;+;91.9	112;105361;107988;+;98.5	104;100494;101060;+;182.9	116;109998;110636;+;64.9	117;110633;112441;+;268.2	128;120772;122952;+;391.8	111;104330;104845;+;76.4	128;120772;122952;+;70.4	A	9/9	contiguous	20278	1	1	119265..119756+;163;TraS;0
LC744462.1	MPF_F	IncFIA;IncFII	142	0	0	GA	0															not_admitted	not_admitted	not_admitted	not_admitted	not_admitted	not_admitted	not_admitted	not_admitted	not_admitted	not_admitted	1	116;108992;109984;+;371.6	125;115046;116419;+;380.7	120;112713;113456;+;233.0	113;105356;107983;+;303.5	126;116416;119235;+;386.2	107;101770;103197;+;91.9	113;105356;107983;+;98.5	105;100489;101055;+;182.9	117;109993;110631;+;64.9	118;110628;112436;+;268.2	129;120767;122947;+;391.8	112;104325;104840;+;76.4	129;120767;122947;+;70.4	A	9/9	contiguous	20278	1	1	119260..119751+;163;TraS;0
LC744463.1	MPF_F	IncFII	97	0	0	GA	0															not_admitted	not_admitted	not_admitted	not_admitted	not_admitted	not_admitted	not_admitted	not_admitted	not_admitted	not_admitted	1	73;61834;62826;+;369.5	83;68605;69978;+;381.7	78;65932;66675;+;234.4	70;58195;60825;+;304.1	84;69975;72797;+;374.0	63;53745;55196;+;94.2	70;58195;60825;+;97.1	61;52464;53030;+;174.3	75;63170;63808;+;68.6	76;63805;65655;+;266.1	88;75069;77294;+;391.1	66;56056;56571;+;78.4	88;75069;77294;+;70.3	A	9/9	contiguous	22605	1	1	72819..73298+;159;TraS;0
LC744465.1	MPF_F	IncFII	109	0	0	GA	0															not_admitted	not_admitted	not_admitted	not_admitted	not_admitted	not_admitted	not_admitted	not_admitted	not_admitted	not_admitted	1	82;68501;69493;+;369.5	92;75272;76645;+;381.7	87;72599;73342;+;234.4	79;64862;67492;+;304.1	93;76642;79464;+;374.0	72;60412;61863;+;94.2	79;64862;67492;+;97.1	70;59131;59697;+;174.3	84;69837;70475;+;68.6	85;70472;72322;+;266.1	100;84652;86529;+;391.8	75;62723;63238;+;78.4	100;84652;86529;+;70.7	A	9/9	contiguous	25521	1	1	79486..79965+;159;TraS;0
LC744466.1	MPF_F	IncFII	93	0	0	GA	0															not_admitted	not_admitted	not_admitted	not_admitted	not_admitted	not_admitted	not_admitted	not_admitted	not_admitted	not_admitted	1	69;58985;59977;+;369.5	79;65756;67129;+;381.7	74;63083;63826;+;234.4	66;55346;57976;+;304.1	80;67126;69948;+;374.0	59;50896;52347;+;94.2	66;55346;57976;+;97.1	57;49615;50181;+;174.3	71;60321;60959;+;68.6	72;60956;62806;+;266.1	84;72220;74400;+;391.2	62;53207;53722;+;78.4	84;72220;74400;+;70.3	A	9/9	contiguous	22605	1	1	69970..70449+;159;TraS;0
LC744467.1	MPF_F	IncFII	109	0	0	GA	0															not_admitted	not_admitted	not_admitted	not_admitted	not_admitted	not_admitted	not_admitted	not_admitted	not_admitted	not_admitted	1	85;68801;69793;+;369.5	95;75572;76945;+;381.7	90;72899;73642;+;234.4	82;65162;67792;+;304.1	96;76942;79764;+;374.0	75;60712;62163;+;94.2	82;65162;67792;+;97.1	73;59431;59997;+;174.3	87;70137;70775;+;68.6	88;70772;72622;+;266.1	100;82036;84243;+;391.2	78;63023;63538;+;78.4	100;82036;84243;+;70.3	A	9/9	contiguous	22605	1	1	79786..80265+;159;TraS;0
LC744468.1	MPF_F	IncFIA;IncFII	141	0	0	GA	0															not_admitted	not_admitted	not_admitted	not_admitted	not_admitted	not_admitted	not_admitted	not_admitted	not_admitted	not_admitted	1	115;109008;110000;+;371.6	124;115062;116435;+;380.7	119;112729;113472;+;233.0	112;105372;107999;+;303.5	125;116432;119251;+;386.2	106;101786;103213;+;91.9	112;105372;107999;+;98.5	104;100505;101071;+;182.9	116;110009;110647;+;64.9	117;110644;112452;+;268.2	128;120783;123017;+;391.7	111;104341;104856;+;76.4	128;120783;123017;+;70.3	A	9/9	contiguous	20278	1	1	119276..119767+;163;TraS;0
LC744470.1	MPF_F	IncFII	107	0	0	GA	0															not_admitted	not_admitted	not_admitted	not_admitted	not_admitted	not_admitted	not_admitted	not_admitted	not_admitted	not_admitted	1	83;68771;69763;+;369.5	93;75542;76915;+;381.7	88;72869;73612;+;234.4	80;65132;67762;+;304.1	94;76912;79734;+;374.0	73;60682;62133;+;94.2	80;65132;67762;+;97.1	71;59401;59967;+;175.1	85;70107;70745;+;68.6	86;70742;72592;+;266.1	98;82006;84213;+;391.2	76;62993;63508;+;78.4	98;82006;84213;+;70.3	A	9/9	contiguous	22605	1	1	79756..80235+;159;TraS;0
LC744471.1	MPF_F	IncHI2;IncHI2A	353	0	0	GA	0															not_admitted	not_admitted	not_admitted	not_admitted	not_admitted	not_admitted	not_admitted	not_admitted	not_admitted	not_admitted	1	29;32275;33333;+;276.9	265;231954;233369;-;194.1	266;233359;234405;-;173.7	11;8955;11636;+;168.0	264;227995;231945;-;101.6	7;5270;6625;+;80.7	11;8955;11636;+;72.2	4;2758;3546;+;74.8	27;30622;32133;+;62.7	30;33352;36540;+;58.3	272;241446;243530;+;56.7	10;7996;8946;+;46.4	272;241446;243530;+;38.8	A	9/9	split_3	238688	0	1	
LC744472.1	MPF_F	IncFII	111	0	0	GA	0															not_admitted	not_admitted	not_admitted	not_admitted	not_admitted	not_admitted	not_admitted	not_admitted	not_admitted	not_admitted	1	85;74252;75244;+;369.3	94;80306;81679;+;381.0	89;77943;78716;+;234.0	82;70616;73243;+;303.5	95;81676;84501;+;386.0	77;67134;68561;+;94.3	82;70616;73243;+;99.2	75;65853;66419;+;183.8	86;75253;75891;+;68.7	87;75888;77696;+;268.0	98;86005;88266;+;391.6	81;69585;70100;+;78.4	98;86005;88266;+;70.3	A	9/9	contiguous	20152	1	1	84498..85007+;169;unnamed;0
LC744473.1	MPF_F	IncFII	107	0	0	GA	0															not_admitted	not_admitted	not_admitted	not_admitted	not_admitted	not_admitted	not_admitted	not_admitted	not_admitted	not_admitted	1	83;68771;69763;+;369.5	93;75542;76915;+;381.7	88;72869;73612;+;234.4	80;65132;67762;+;304.1	94;76912;79734;+;374.0	73;60682;62133;+;94.2	80;65132;67762;+;97.1	71;59401;59967;+;174.3	85;70107;70745;+;68.6	86;70742;72592;+;266.1	98;82006;84204;+;391.2	76;62993;63508;+;78.4	98;82006;84204;+;70.3	A	9/9	contiguous	22605	1	1	79756..80235+;159;TraS;0
LC744475.1	MPF_F	IncFII	106	0	0	GA	0															not_admitted	not_admitted	not_admitted	not_admitted	not_admitted	not_admitted	not_admitted	not_admitted	not_admitted	not_admitted	1	82;68504;69496;+;369.5	92;75275;76648;+;381.7	87;72602;73345;+;234.4	79;64865;67495;+;304.1	93;76645;79467;+;374.0	72;60415;61866;+;94.2	79;64865;67495;+;97.1	70;59134;59700;+;174.3	84;69840;70478;+;68.6	85;70475;72325;+;266.1	97;81739;84009;+;391.1	75;62726;63241;+;78.4	97;81739;84009;+;70.3	A	9/9	contiguous	22605	1	1	79489..79968+;159;TraS;0
LC744478.1	MPF_T	IncX3	58	0	0	GA	1	45;37844;38488;-;46.4	44;37570;37860;-;73.1	43;34792;37545;-;47.0	43;34792;37545;-;142.4	43;34792;37545;-;73.3	42;34012;34782;-;60.1	40;32678;33733;-;133.2		39;31755;32483;-;119.4	38;30820;31749;-;138.8	37;29609;30823;-;128.3	35;28379;29413;-;65.7	34;26541;28376;-;495.9		pfam	pfam_only	A	7/7	canonical	1	1	unscoreable	2	0	0														not_admitted	not_admitted	not_admitted	not_admitted	not_admitted	not_admitted	not_admitted
LC744480.1	MPF_F	IncFII	107	0	0	GA	0															not_admitted	not_admitted	not_admitted	not_admitted	not_admitted	not_admitted	not_admitted	not_admitted	not_admitted	not_admitted	1	83;68771;69763;+;369.5	93;75542;76915;+;381.7	88;72869;73612;+;234.4	80;65132;67762;+;304.1	94;76912;79734;+;374.0	73;60682;62133;+;94.2	80;65132;67762;+;97.1	71;59401;59967;+;174.3	85;70107;70745;+;68.6	86;70742;72592;+;266.1	98;82006;84186;+;391.2	76;62993;63508;+;78.4	98;82006;84186;+;70.3	A	9/9	contiguous	22605	1	1	79756..80235+;159;TraS;0
LC744481.1	MPF_T	IncX3	58	0	0	GA	1	45;38024;38668;-;46.4	44;37750;38040;-;73.1	43;34972;37725;-;47.0	43;34972;37725;-;142.4	43;34972;37725;-;73.3	42;34192;34962;-;60.1	40;32858;33913;-;133.2		39;31935;32663;-;119.4	38;31000;31929;-;138.8	37;29789;31003;-;128.3	35;28559;29593;-;65.7	34;26721;28556;-;495.9		pfam	pfam_only	A	7/7	canonical	1	1	unscoreable	2	0	0														not_admitted	not_admitted	not_admitted	not_admitted	not_admitted	not_admitted	not_admitted
LC744482.1	MPF_T	IncX3	58	0	0	GA	1	45;37524;38168;-;46.4	44;37250;37540;-;73.1	43;34472;37225;-;47.0	43;34472;37225;-;142.4	43;34472;37225;-;73.3	42;33692;34462;-;60.1	40;32358;33413;-;133.2		39;31435;32163;-;119.4	38;30500;31429;-;138.8	37;29289;30503;-;128.3	35;28059;29093;-;65.7	34;26221;28056;-;495.9		pfam	pfam_only	A	7/7	canonical	1	1	unscoreable	2	0	0														not_admitted	not_admitted	not_admitted	not_admitted	not_admitted	not_admitted	not_admitted
LC744483.1	MPF_F	IncFIA;IncFII	141	0	0	GA	0															not_admitted	not_admitted	not_admitted	not_admitted	not_admitted	not_admitted	not_admitted	not_admitted	not_admitted	not_admitted	1	115;109008;110000;+;371.6	124;115062;116435;+;380.7	119;112729;113472;+;233.0	112;105372;107999;+;303.5	125;116432;119251;+;386.2	106;101786;103213;+;91.9	112;105372;107999;+;98.5	104;100505;101071;+;182.9	116;110009;110647;+;64.9	117;110644;112452;+;268.2	128;120783;123017;+;391.7	111;104341;104856;+;76.4	128;120783;123017;+;70.3	A	9/9	contiguous	20278	1	1	119276..119767+;163;TraS;0
LC744484.1	MPF_T	IncX3	58	0	0	GA	1	45;38024;38668;-;46.4	44;37750;38040;-;73.1	43;34972;37725;-;47.0	43;34972;37725;-;142.4	43;34972;37725;-;73.3	42;34192;34962;-;60.1	40;32858;33913;-;133.2		39;31935;32663;-;119.4	38;31000;31929;-;138.8	37;29789;31003;-;128.3	35;28559;29593;-;65.7	34;26721;28556;-;495.9		pfam	pfam_only	A	7/7	canonical	1	1	unscoreable	2	0	0														not_admitted	not_admitted	not_admitted	not_admitted	not_admitted	not_admitted	not_admitted
LC744485.1	MPF_F	IncFII	85	0	0	GA	0															not_admitted	not_admitted	not_admitted	not_admitted	not_admitted	not_admitted	not_admitted	not_admitted	not_admitted	not_admitted	1	60;55181;56173;+;371.9	71;63821;65194;+;381.0	64;58872;59645;+;234.0	57;51542;54172;+;303.5	72;65191;68016;+;386.0	49;46837;48264;+;91.9	57;51542;54172;+;98.5	47;45556;46122;+;182.9	61;56182;56820;+;68.7	62;56817;58625;+;267.8	75;69520;71727;+;391.7	54;49392;49907;+;78.6	75;69520;71727;+;70.3	A	9/9	contiguous	23964	1	1	68013..68522+;169;unnamed;0
LC744486.1	MPF_F	IncFIA;IncFIB(AP001918);IncFII	163	0	0	GA	0															not_admitted	not_admitted	not_admitted	not_admitted	not_admitted	not_admitted	not_admitted	not_admitted	not_admitted	not_admitted	1	122;114354;115346;+;371.6	133;121031;122404;+;380.9	126;118075;118818;+;235.0	119;110718;113345;+;303.5	134;122401;125226;+;385.9	113;107132;108559;+;91.9	119;110718;113345;+;99.0	111;105851;106417;+;182.9	123;115355;115993;+;64.9	124;115990;117798;+;268.3	137;126730;128919;+;391.6	118;109687;110202;+;76.4	137;126730;128919;+;70.4	A	9/9	contiguous	20879	1	1	125223..125678+;151;unnamed;0
LC744487.1	MPF_F	IncFII	107	0	0	GA	0															not_admitted	not_admitted	not_admitted	not_admitted	not_admitted	not_admitted	not_admitted	not_admitted	not_admitted	not_admitted	1	83;68771;69763;+;369.5	93;75542;76915;+;381.7	88;72869;73612;+;234.4	80;65132;67762;+;304.1	94;76912;79734;+;374.0	73;60682;62133;+;94.2	80;65132;67762;+;97.1	71;59401;59967;+;174.3	85;70107;70745;+;68.6	86;70742;72592;+;266.1	98;82006;84258;+;391.1	76;62993;63508;+;78.4	98;82006;84258;+;70.3	A	9/9	contiguous	22605	1	1	79756..80235+;159;TraS;0
LC744488.1	MPF_F	IncFII	107	0	0	GA	0															not_admitted	not_admitted	not_admitted	not_admitted	not_admitted	not_admitted	not_admitted	not_admitted	not_admitted	not_admitted	1	83;68771;69763;+;369.5	93;75542;76915;+;381.7	88;72869;73612;+;234.4	80;65132;67762;+;304.1	94;76912;79734;+;374.0	73;60682;62133;+;94.2	80;65132;67762;+;97.1	71;59401;59967;+;174.3	85;70107;70745;+;68.6	86;70742;72592;+;266.1	98;82006;84150;+;391.3	76;62993;63508;+;78.4	98;82006;84150;+;70.4	A	9/9	contiguous	22605	1	1	79756..80235+;159;TraS;0
LC744489.1	MPF_F	IncHI2;IncHI2A	317	0	0	GA	0															not_admitted	not_admitted	not_admitted	not_admitted	not_admitted	not_admitted	not_admitted	not_admitted	not_admitted	not_admitted	1	29;32275;33333;+;276.9	229;210529;211944;-;194.1	230;211934;212980;-;173.7	11;8955;11636;+;168.0	228;206570;210520;-;101.6	7;5270;6625;+;80.7	11;8955;11636;+;72.2	4;2758;3546;+;74.8	27;30622;32133;+;62.7	30;33352;36540;+;58.3	236;220021;222105;+;56.7	10;7996;8946;+;46.4	236;220021;222105;+;38.8	A	9/9	split_3	217263	0	1	
LC744491.1	MPF_F	IncFII	107	0	0	GA	0															not_admitted	not_admitted	not_admitted	not_admitted	not_admitted	not_admitted	not_admitted	not_admitted	not_admitted	not_admitted	1	83;68771;69763;+;369.5	93;75542;76915;+;381.7	88;72869;73612;+;234.4	80;65132;67762;+;304.1	94;76912;79734;+;374.0	73;60682;62133;+;94.2	80;65132;67762;+;97.1	71;59401;59967;+;174.3	85;70107;70745;+;68.6	86;70742;72592;+;266.1	98;82006;84213;+;391.2	76;62993;63508;+;78.4	98;82006;84213;+;70.3	A	9/9	contiguous	22605	1	1	79756..80235+;159;TraS;0
LC744492.1	MPF_T	IncX3	58	0	0	GA	1	45;38024;38668;-;46.4	44;37750;38040;-;73.1	43;34972;37725;-;47.0	43;34972;37725;-;142.4	43;34972;37725;-;73.3	42;34192;34962;-;60.1	40;32858;33913;-;133.2		39;31935;32663;-;119.4	38;31000;31929;-;138.8	37;29789;31003;-;128.3	35;28559;29593;-;65.7	34;26721;28556;-;495.9		pfam	pfam_only	A	7/7	canonical	1	1	unscoreable	2	0	0														not_admitted	not_admitted	not_admitted	not_admitted	not_admitted	not_admitted	not_admitted
LC744493.1	MPF_F	IncHI2;IncHI2A	318	0	0	GA	0															not_admitted	not_admitted	not_admitted	not_admitted	not_admitted	not_admitted	not_admitted	not_admitted	not_admitted	not_admitted	1	29;32275;33333;+;276.9	230;212548;213963;-;194.1	231;213953;214999;-;173.7	11;8955;11636;+;168.0	229;208589;212539;-;101.6	7;5270;6625;+;80.7	11;8955;11636;+;72.2	4;2758;3546;+;74.8	27;30622;32133;+;62.7	30;33352;36540;+;58.3	237;222040;224124;+;56.7	10;7996;8946;+;46.4	237;222040;224124;+;38.8	A	9/9	split_3	219282	0	1	
LC744494.1	MPF_F	IncC	243	0	0	GA	0															not_admitted	not_admitted	not_admitted	not_admitted	not_admitted	not_admitted	not_admitted	not_admitted	not_admitted	not_admitted	1	94;66838;67845;+;332.9	232;179545;180978;+;339.2	231;178503;179543;+;221.6	89;61639;64086;+;354.2	233;180991;184605;+;375.3	84;52812;54128;+;135.0	89;61639;64086;+;128.6	82;51288;51914;+;92.1	92;64908;66173;+;67.6	95;67961;70756;+;145.3	73;45613;47478;+;47.4	85;54125;54703;+;100.2	73;45613;47478;+;52.0	A	9/9	split_2	135378	0	1	
LC744495.1	MPF_T	IncX3	58	0	0	GA	1	45;38024;38668;-;46.4	44;37750;38040;-;73.1	43;34972;37725;-;47.0	43;34972;37725;-;142.4	43;34972;37725;-;73.3	42;34192;34962;-;60.1	40;32858;33913;-;133.2		39;31935;32663;-;119.4	38;31000;31929;-;138.8	37;29789;31003;-;128.3	35;28559;29593;-;65.7	34;26721;28556;-;495.9		pfam	pfam_only	A	7/7	canonical	1	1	unscoreable	2	0	0														not_admitted	not_admitted	not_admitted	not_admitted	not_admitted	not_admitted	not_admitted
LC744497.1	MPF_F	IncFII	106	0	0	GA	0															not_admitted	not_admitted	not_admitted	not_admitted	not_admitted	not_admitted	not_admitted	not_admitted	not_admitted	not_admitted	1	82;68809;69801;+;369.5	92;75580;76953;+;381.7	87;72907;73650;+;234.4	79;65170;67800;+;304.1	93;76950;79772;+;374.0	72;60720;62171;+;94.2	79;65170;67800;+;97.1	70;59439;60005;+;174.3	84;70145;70783;+;68.6	85;70780;72630;+;266.1	97;82044;84242;+;391.2	75;63031;63546;+;78.4	97;82044;84242;+;70.3	A	9/9	contiguous	22605	1	1	79794..80273+;159;TraS;0
LC744498.1	MPF_F	IncFII	105	0	0	GA	0															not_admitted	not_admitted	not_admitted	not_admitted	not_admitted	not_admitted	not_admitted	not_admitted	not_admitted	not_admitted	1	81;67835;68827;+;369.5	91;74606;75979;+;381.7	86;71933;72676;+;234.4	78;64196;66826;+;304.1	92;75976;78798;+;374.0	71;59746;61197;+;94.2	78;64196;66826;+;97.1	69;58465;59031;+;174.3	83;69171;69809;+;68.6	84;69806;71656;+;266.1	96;81070;83304;+;391.1	74;62057;62572;+;78.4	96;81070;83304;+;70.3	A	9/9	contiguous	22605	1	1	78820..79299+;159;TraS;0
LC744499.1	MPF_F	IncFIA;IncFIB(AP001918);IncFII	175	0	0	GA	0															not_admitted	not_admitted	not_admitted	not_admitted	not_admitted	not_admitted	not_admitted	not_admitted	not_admitted	not_admitted	1	140;125000;125992;+;369.5	153;132397;133770;+;382.9	147;129726;130469;+;234.1	137;121361;123991;+;300.9	154;133767;136592;+;384.7	127;115874;117301;+;91.9	137;121361;123991;+;100.9	125;114593;115159;+;182.9	142;126336;126974;+;68.6	145;127686;129449;+;267.3	158;138834;141050;+;380.8	132;118429;118944;+;77.9	158;138834;141050;+;66.5	A	9/9	contiguous	24241	1	1	136589..137098+;169;unnamed;0
LC744500.1	MPF_F	IncHI2;IncHI2A	318	0	0	GA	0															not_admitted	not_admitted	not_admitted	not_admitted	not_admitted	not_admitted	not_admitted	not_admitted	not_admitted	not_admitted	1	29;32274;33332;+;276.9	230;212545;213960;-;194.1	231;213950;214996;-;173.7	11;8955;11636;+;168.0	229;208586;212536;-;101.6	7;5270;6625;+;80.7	11;8955;11636;+;72.2	4;2758;3546;+;74.8	27;30621;32132;+;62.7	30;33351;36539;+;58.3	237;222037;224121;+;56.7	10;7996;8946;+;46.4	237;222037;224121;+;38.8	A	9/9	split_3	219279	0	1	
LC744502.1	MPF_F	IncC	203	0	0	GA	0															not_admitted	not_admitted	not_admitted	not_admitted	not_admitted	not_admitted	not_admitted	not_admitted	not_admitted	not_admitted	1	92;67666;68673;+;332.9	192;165907;167340;+;339.2	191;164877;165905;+;221.7	87;62467;64914;+;354.2	193;167353;170967;+;375.3	82;53640;54956;+;135.0	87;62467;64914;+;128.6	80;52116;52742;+;92.1	90;65736;67001;+;67.6	93;68789;71584;+;145.3	71;46441;48306;+;47.4	83;54953;55531;+;100.2	71;46441;48306;+;52.0	A	9/9	split_2	120912	0	1	
LC744503.1	MPF_T	IncFIA;IncFIB(AP001918);IncFII;IncX3	232	1	0	GA	1	166;143332;143841;-;78.3	218;185569;185859;-;73.1	217;182791;185544;-;47.0	217;182791;185544;-;142.4	217;182791;185544;-;73.3	216;182011;182781;-;60.1	214;180677;181732;-;133.2		213;179754;180482;-;119.4	212;178819;179748;-;138.8	211;177608;178822;-;128.3	209;176378;177412;-;65.7	208;174540;176375;-;495.9		pfam	pfam_only	A	7/7	canonical	1	1	unscoreable	2	0	1				177;149318;151945;+;303.5		211;177608;178822;-;128.3	177;149318;151945;+;98.5	171;146602;147168;+;182.9			208;174540;176375;-;64.4	176;148287;148802;+;76.4	208;174540;176375;-;88.7	D	3/9	split_2	31006	0	0	
LC744504.1	MPF_F	IncHI2;IncHI2A	426	0	0	GA	0															not_admitted	not_admitted	not_admitted	not_admitted	not_admitted	not_admitted	not_admitted	not_admitted	not_admitted	not_admitted	1	29;32275;33333;+;276.9	336;304606;306021;-;194.1	337;306011;307057;-;173.7	11;8955;11636;+;168.3	335;300647;304597;-;101.6	7;5270;6625;+;81.2	11;8955;11636;+;72.1	4;2758;3546;+;74.8	27;30622;32133;+;62.7	30;33352;36540;+;58.3	343;314098;316182;+;56.7	10;7996;8946;+;46.4	343;314098;316182;+;38.8	A	9/9	split_3	311340	0	1	
LC744506.1	MPF_T	IncX3	59	0	0	GA	1	46;40605;41249;-;46.4	45;40331;40621;-;73.1	44;37553;40306;-;47.0	44;37553;40306;-;142.4	44;37553;40306;-;73.3	43;36773;37543;-;60.1	41;35439;36494;-;133.2		40;34516;35244;-;119.4	39;33581;34510;-;138.8	38;32370;33584;-;128.3	36;31140;32174;-;65.7	35;29302;31137;-;495.9		pfam	pfam_only	A	7/7	canonical	1	1	unscoreable	2	0	0														not_admitted	not_admitted	not_admitted	not_admitted	not_admitted	not_admitted	not_admitted
LC744507.1	MPF_T	IncX3	59	0	0	GA	1	46;40605;41249;-;46.4	45;40331;40621;-;73.1	44;37553;40306;-;47.0	44;37553;40306;-;142.4	44;37553;40306;-;73.3	43;36773;37543;-;60.1	41;35439;36494;-;133.2		40;34516;35244;-;119.4	39;33581;34510;-;138.8	38;32370;33584;-;128.3	36;31140;32174;-;65.7	35;29302;31137;-;495.9		pfam	pfam_only	A	7/7	canonical	1	1	unscoreable	2	0	0														not_admitted	not_admitted	not_admitted	not_admitted	not_admitted	not_admitted	not_admitted
LC744508.1	MPF_T	IncX3	58	0	0	GA	1	45;37524;38168;-;46.4	44;37250;37540;-;73.1	43;34472;37225;-;47.0	43;34472;37225;-;142.4	43;34472;37225;-;73.3	42;33692;34462;-;60.1	40;32358;33413;-;133.2		39;31435;32163;-;119.4	38;30500;31429;-;138.8	37;29289;30503;-;128.3	35;28059;29093;-;65.7	34;26221;28056;-;495.9		pfam	pfam_only	A	7/7	canonical	1	1	unscoreable	2	0	0														not_admitted	not_admitted	not_admitted	not_admitted	not_admitted	not_admitted	not_admitted
LC744509.1	MPF_T	IncX3	60	0	0	GA	1	47;38021;38665;-;46.4	46;37747;38037;-;73.1	45;34969;37722;-;47.0	45;34969;37722;-;142.4	45;34969;37722;-;73.3	44;34189;34959;-;60.1	42;32855;33910;-;133.2		41;31932;32660;-;119.4	40;30997;31926;-;138.8	39;29786;31000;-;128.3	37;28556;29590;-;65.7	36;26718;28553;-;495.9		pfam	pfam_only	A	7/7	canonical	1	1	unscoreable	2	0	0														not_admitted	not_admitted	not_admitted	not_admitted	not_admitted	not_admitted	not_admitted
LC744511.1	MPF_T	IncX3	75	0	0	GA	1	59;40653;41171;-;47.4	58;40252;40542;-;73.1		56;37643;39589;-;143.3	57;39555;40106;-;60.8	55;36697;37467;-;60.1	53;35788;36228;-;86.4		51;34448;35068;-;117.3	50;33742;34212;-;65.7	47;32305;32745;-;85.0		42;29245;30225;-;320.5		pfam	pfam_only	B	6/7	canonical	1	0	unscoreable	7	0	0														not_admitted	not_admitted	not_admitted	not_admitted	not_admitted	not_admitted	not_admitted
LC744512.1	MPF_F	IncFII	106	0	0	GA	0															not_admitted	not_admitted	not_admitted	not_admitted	not_admitted	not_admitted	not_admitted	not_admitted	not_admitted	not_admitted	1	82;68809;69801;+;369.5	92;75580;76953;+;381.7	87;72907;73650;+;234.4	79;65170;67800;+;304.1	93;76950;79772;+;374.0	72;60720;62171;+;94.2	79;65170;67800;+;97.1	70;59439;60005;+;174.3	84;70145;70783;+;68.6	85;70780;72630;+;266.1	97;82044;84278;+;391.1	75;63031;63546;+;78.4	97;82044;84278;+;70.3	A	9/9	contiguous	22605	1	1	79794..80273+;159;TraS;0
LC744513.1	MPF_T	IncX3	58	0	0	GA	1	45;38024;38668;-;46.4	44;37750;38040;-;73.1	43;34972;37725;-;47.0	43;34972;37725;-;142.4	43;34972;37725;-;73.3	42;34192;34962;-;60.1	40;32858;33913;-;133.2		39;31935;32663;-;119.4	38;31000;31929;-;138.8	37;29789;31003;-;128.3	35;28559;29593;-;65.7	34;26721;28556;-;495.9		pfam	pfam_only	A	7/7	canonical	1	1	unscoreable	2	0	0														not_admitted	not_admitted	not_admitted	not_admitted	not_admitted	not_admitted	not_admitted
LC744514.1	MPF_F	IncC	215	0	0	GA	0															not_admitted	not_admitted	not_admitted	not_admitted	not_admitted	not_admitted	not_admitted	not_admitted	not_admitted	not_admitted	1	94;66838;67845;+;332.9	204;175889;177322;+;339.2	203;174859;175887;+;221.7	89;61639;64086;+;354.2	205;177335;180949;+;375.3	84;52812;54128;+;135.0	89;61639;64086;+;128.6	82;51288;51914;+;92.1	92;64908;66173;+;67.6	95;67961;70756;+;145.3	73;45613;47478;+;47.4	85;54125;54703;+;100.2	73;45613;47478;+;52.0	A	9/9	split_2	131722	0	1	
LC744515.1	MPF_F	IncFII	106	0	0	GA	0															not_admitted	not_admitted	not_admitted	not_admitted	not_admitted	not_admitted	not_admitted	not_admitted	not_admitted	not_admitted	1	82;68809;69801;+;369.5	92;75580;76953;+;381.7	87;72907;73650;+;234.2	79;65170;67800;+;304.1	93;76950;79772;+;374.0	72;60720;62171;+;94.2	79;65170;67800;+;97.1	70;59439;60005;+;174.3	84;70145;70783;+;68.6	85;70780;72630;+;266.1	97;82044;84305;+;391.1	75;63031;63546;+;78.4	97;82044;84305;+;70.3	A	9/9	contiguous	22605	1	1	79794..80273+;159;TraS;0
LC744516.1	MPF_F	IncFIA;IncFII	141	0	0	GA	0															not_admitted	not_admitted	not_admitted	not_admitted	not_admitted	not_admitted	not_admitted	not_admitted	not_admitted	not_admitted	1	115;109008;110000;+;371.6	124;115062;116435;+;380.7	119;112729;113472;+;233.0	112;105372;107999;+;303.5	125;116432;119251;+;386.2	106;101786;103213;+;91.9	112;105372;107999;+;98.5	104;100505;101071;+;182.9	116;110009;110647;+;64.9	117;110644;112452;+;268.2	128;120783;123017;+;391.7	111;104341;104856;+;76.4	128;120783;123017;+;70.3	A	9/9	contiguous	20278	1	1	119276..119767+;163;TraS;0
LC746220.1	MPF_F	IncFII(K);repB(R1701)	166	0	0	GA	0															not_admitted	not_admitted	not_admitted	not_admitted	not_admitted	not_admitted	not_admitted	not_admitted	not_admitted	not_admitted	1	141;120011;121000;+;366.0	151;126491;127861;+;380.7	147;124537;125289;+;230.7	137;115929;118568;+;258.5	152;127861;130704;+;346.5	128;111247;112671;+;89.2	137;115929;118568;+;88.7	126;109954;110520;+;169.3	142;121013;121651;+;67.0	143;121710;123665;+;259.7	156;133289;135601;+;392.8	129;112785;113369;+;55.4	156;133289;135601;+;65.9	A	9/9	contiguous	23335	1	1	130715..131239+;174;unnamed;0
LC746221.1	MPF_T	IncN	58	0	0	GA	1	12;8975;9709;+;32.5	14;10009;10302;+;28.7	15;10352;10669;+;63.3	16;10669;13269;+;111.8	16;10669;13269;+;76.8	17;13287;14000;+;97.1	19;14251;15291;+;153.6		20;15510;16208;+;131.9	21;16219;17103;+;159.0	22;17103;18263;+;154.9	23;18305;19300;+;81.2	39;37492;39021;-;38.5		pfam	both	A	7/7	canonical	1	0	unscoreable	2	0	0														not_admitted	not_admitted	not_admitted	not_admitted	not_admitted	not_admitted	not_admitted
LC746222.1	MPF_T	IncP1	67	0	0	GA	1	52;44495;45139;-;24.2	63;54944;55405;-;63.6	62;54629;54940;-;49.3	61;52074;54632;-;98.6	61;52074;54632;-;118.4	56;47773;48540;-;130.8	54;45756;47531;-;148.0		60;51313;52077;-;145.1	59;50401;51294;-;185.0	57;48558;49946;-;223.6	64;55419;56381;-;136.2	41;31748;33652;+;519.5		conjscan	both	A	7/7	canonical	1	0	unscoreable	4	0	0														not_admitted	not_admitted	not_admitted	not_admitted	not_admitted	not_admitted	not_admitted
LC746223.1	MPF_T	IncP1	62	0	0	GA	1	46;38103;38732;-;24.1	58;48915;49379;-;65.0	57;48600;48911;-;47.0	56;46045;48603;-;98.2	56;46045;48603;-;122.1	51;41710;42480;-;134.8	48;39372;41303;-;155.8		55;45275;46048;-;145.4	54;44364;45257;-;185.7	52;42499;43902;-;222.0	59;49393;50355;-;134.7	20;14779;16683;+;521.1		conjscan	conjscan_only	A	7/7	canonical	1	0	unscoreable	5	0	0														not_admitted	not_admitted	not_admitted	not_admitted	not_admitted	not_admitted	not_admitted
LC746224.1	MPF_T	IncP1	82	0	0	GA	1	66;63731;64360;-;24.1	78;74528;74992;-;65.0	77;74213;74524;-;47.0	76;71658;74216;-;98.2	76;71658;74216;-;122.1	71;67323;68093;-;134.8	68;65000;66916;-;155.8		75;70888;71661;-;145.4	74;69977;70870;-;185.7	72;68112;69515;-;222.0	79;75006;75968;-;134.7	24;20254;22158;+;521.1		conjscan	conjscan_only	A	7/7	canonical	1	0	unscoreable	5	0	0														not_admitted	not_admitted	not_admitted	not_admitted	not_admitted	not_admitted	not_admitted
LC746225.1	MPF_T	IncP1	78	0	0	GA	1	62;58256;58885;-;24.1	74;69053;69517;-;65.0	73;68738;69049;-;47.0	72;66183;68741;-;98.2	72;66183;68741;-;122.1	67;61848;62618;-;134.8	64;59525;61441;-;155.8		71;65413;66186;-;145.4	70;64502;65395;-;185.7	68;62637;64040;-;222.0	75;69531;70493;-;134.7	20;14779;16683;+;521.1		conjscan	conjscan_only	A	7/7	canonical	1	0	unscoreable	5	0	0														not_admitted	not_admitted	not_admitted	not_admitted	not_admitted	not_admitted	not_admitted
LC746226.1	MPF_T	IncP1	77	0	0	GA	1	61;49966;50595;-;24.1	73;60778;61242;-;65.0	72;60463;60774;-;47.0	71;57908;60466;-;98.2	71;57908;60466;-;122.1	66;53573;54343;-;134.8	63;51235;53166;-;155.8		70;57138;57911;-;145.4	69;56227;57120;-;185.7	67;54362;55765;-;222.0	74;61256;62218;-;134.7	21;15317;16687;+;482.1		conjscan	conjscan_only	A	7/7	canonical	1	0	unscoreable	5	0	0														not_admitted	not_admitted	not_admitted	not_admitted	not_admitted	not_admitted	not_admitted
LC746227.1	MPF_T	IncP1	68	0	0	GA	1	52;44443;45072;-;24.1	64;55255;55719;-;65.0	63;54940;55251;-;47.0	62;52385;54943;-;98.2	62;52385;54943;-;122.1	57;48050;48820;-;134.8	54;45712;47643;-;155.8		61;51615;52388;-;145.4	60;50704;51597;-;185.7	58;48839;50242;-;222.0	65;55733;56695;-;134.7	20;14779;16683;+;521.1		conjscan	conjscan_only	A	7/7	canonical	1	0	unscoreable	5	0	0														not_admitted	not_admitted	not_admitted	not_admitted	not_admitted	not_admitted	not_admitted
LC763831.1	MPF_F	IncFII	88	0	0	GA	0															not_admitted	not_admitted	not_admitted	not_admitted	not_admitted	not_admitted	not_admitted	not_admitted	not_admitted	not_admitted	1	57;43815;44807;+;370.3	70;51480;52853;+;376.2	63;48524;49267;+;233.3	54;40179;42806;+;300.8	71;52850;55669;+;389.2	49;36843;38270;+;94.3	54;40179;42806;+;98.8	47;35562;36128;+;183.8	60;45804;46442;+;68.6	61;46439;48247;+;268.3	75;57940;60147;+;391.7	52;39148;39663;+;76.9	75;57940;60147;+;70.3	A	9/9	contiguous	22378	1	1	55694..56185+;163;TraS;0
LC763832.1	MPF_T	IncI2	80	0	0	GA	1	42;32752;33234;-;81.1			56;46467;48851;-;58.5	56;46467;48851;-;44.9	67;54564;55205;-;42.8	69;55537;56205;-;108.6		54;45567;46301;-;144.3	53;44800;45570;-;170.5	52;43671;44810;-;154.7	45;35002;36540;-;207.1	50;40623;42581;-;289.6		pfam	pfam_only	A	7/7	rearranged	1	0	unscoreable	17	1	0														not_admitted	not_admitted	not_admitted	not_admitted	not_admitted	not_admitted	not_admitted
LC763833.1	MPF_F	IncFII(pCoo)	76	0	0	GA	0															not_admitted	not_admitted	not_admitted	not_admitted	not_admitted	not_admitted	not_admitted	not_admitted	not_admitted	not_admitted	1	49;39577;40569;+;369.3	60;46617;47990;+;381.0	55;44284;45027;+;233.3	46;35941;38568;+;302.3	61;47987;50812;+;389.2	40;32363;33790;+;94.1	46;35941;38568;+;99.2	38;31082;31648;+;183.8	52;41566;42204;+;68.6	53;42201;44009;+;268.0	64;52316;54514;+;391.8	44;34910;35425;+;78.4	64;52316;54514;+;70.3	A	9/9	contiguous	21234	1	1	50809..51318+;169;unnamed;0
LC765517.1	MPF_F	IncFIB(K);IncFII(K);repB(R1701)	316	0	0	GA	0															not_admitted	not_admitted	not_admitted	not_admitted	not_admitted	not_admitted	not_admitted	not_admitted	not_admitted	not_admitted	1	162;152658;153647;+;366.6	172;159194;160561;+;384.0	168;157184;157936;+;233.7	158;148576;151215;+;258.5	173;160561;163410;+;346.4	151;143959;145383;+;89.2	158;148576;151215;+;88.2	149;142666;143232;+;169.3	163;153660;154298;+;66.9	164;154357;156312;+;259.7	177;165872;168184;+;393.1	152;145497;146081;+;53.6	264;273221;275530;-;66.6	A	9/9	split_2	130555	1	1	163413..163946+;177;unnamed;0
LC771430.1	MPF_T	-	60	0	0	GA	1	30;21469;22179;+;101.0	31;22190;22483;+;41.2		32;22495;25206;+;78.0	32;22495;25206;+;57.1	33;25203;25844;+;71.2	20;12549;13634;+;71.0		21;13634;14422;+;74.6	22;14437;15174;+;149.0	23;15176;16555;+;180.8	24;16571;17608;+;92.0	28;19688;21205;+;35.6		pfam	both	A	7/7	rearranged	1	0	unscoreable	3	0	0														not_admitted	not_admitted	not_admitted	not_admitted	not_admitted	not_admitted	not_admitted
LC771431.1	MPF_T	-	50	0	0	GA	1	30;21469;22179;+;101.0	31;22190;22483;+;41.2		32;22495;25206;+;78.0	32;22495;25206;+;57.1	33;25203;25844;+;71.2	20;12549;13634;+;71.0		21;13634;14422;+;74.6	22;14437;15174;+;149.0	23;15176;16555;+;180.8	24;16571;17608;+;92.0	28;19688;21205;+;35.6		pfam	both	A	7/7	rearranged	1	0	unscoreable	3	0	0														not_admitted	not_admitted	not_admitted	not_admitted	not_admitted	not_admitted	not_admitted
LC771582.1	MPF_T	IncN	66	0	0	GA	1	20;15351;16085;+;32.5		23;16728;17045;+;63.3	24;17045;19645;+;113.8	24;17045;19645;+;76.4	25;19663;20376;+;105.5	27;20627;21667;+;142.4		28;21886;22584;+;131.9	29;22595;23479;+;159.7	30;23479;24639;+;156.3	31;24681;25676;+;81.2	40;33670;35199;-;38.5		pfam	both	A	7/7	canonical	1	0	unscoreable	11	0	0														not_admitted	not_admitted	not_admitted	not_admitted	not_admitted	not_admitted	not_admitted
LC771583.1	MPF_T	IncN	66	0	0	GA	1	20;15351;16085;+;32.5		23;16728;17045;+;63.3	24;17045;19645;+;113.8	24;17045;19645;+;76.4	25;19663;20376;+;105.5	27;20627;21667;+;142.4		28;21886;22584;+;131.9	29;22595;23479;+;159.7	30;23479;24639;+;156.3	31;24681;25676;+;81.2	40;33670;35199;-;38.5		pfam	both	A	7/7	canonical	1	0	unscoreable	11	0	0														not_admitted	not_admitted	not_admitted	not_admitted	not_admitted	not_admitted	not_admitted
LC771584.1	MPF_T	IncN	66	0	0	GA	1	20;14681;15415;+;32.5		23;16058;16375;+;63.3	24;16375;18975;+;113.8	24;16375;18975;+;76.4	25;18993;19706;+;105.5	27;19957;20997;+;142.4		28;21216;21914;+;131.9	29;21925;22809;+;159.7	30;22809;23969;+;156.3	31;24011;25006;+;81.2	40;33000;34529;-;38.5		pfam	both	A	7/7	canonical	1	0	unscoreable	11	0	0														not_admitted	not_admitted	not_admitted	not_admitted	not_admitted	not_admitted	not_admitted
LC771585.1	MPF_T	IncN	64	0	0	GA	1	20;15351;16085;+;32.5		23;16728;17045;+;63.3	24;17045;19645;+;113.8	24;17045;19645;+;76.4	25;19663;20376;+;105.5	27;20627;21667;+;142.4		28;21886;22584;+;131.9	29;22595;23479;+;159.7	30;23479;24639;+;156.3	31;24681;25676;+;81.2	40;33670;35199;-;38.5		pfam	both	A	7/7	canonical	1	0	unscoreable	11	0	0														not_admitted	not_admitted	not_admitted	not_admitted	not_admitted	not_admitted	not_admitted
LC771586.1	MPF_T	IncN;IncN4;IncX1	143	0	0	GA	1	97;67109;67843;+;32.5	77;53021;53311;-;45.9	76;52657;52971;-;65.3	75;50027;52657;-;124.9	75;50027;52657;-;86.8	74;49310;50017;-;114.6	104;72385;73425;+;142.4	71;47743;47913;-;41.4	70;47024;47740;-;145.6	106;74353;75237;+;159.7	68;44983;46137;-;174.0	108;76439;77434;+;81.2	62;37974;39551;+;50.6		pfam	both	A	7/7	uncallable	0	0	ga	16	0	0														not_admitted	not_admitted	not_admitted	not_admitted	not_admitted	not_admitted	not_admitted
LC771587.1	MPF_T	IncN	64	0	0	GA	1	20;15782;16516;+;32.5		23;17159;17476;+;63.3	24;17476;20076;+;113.8	24;17476;20076;+;76.4	25;20094;20807;+;105.5	27;21058;22098;+;142.4		28;22317;23015;+;131.9	29;23026;23910;+;159.7	30;23910;25070;+;156.3	31;25112;26107;+;81.2	40;34101;35630;-;38.5		pfam	both	A	7/7	canonical	1	0	unscoreable	11	0	0														not_admitted	not_admitted	not_admitted	not_admitted	not_admitted	not_admitted	not_admitted
LC778279.1	MPF_T	IncX3	58	0	0	GA	1	1;1317;1961;-;46.4	0;1043;1333;-;73.1		57;44426;46114;-;76.7		56;43646;44416;-;60.1	54;42312;43367;-;133.2		53;41389;42117;-;119.4	52;40454;41383;-;138.8	51;39243;40457;-;128.3	49;38013;39047;-;65.7	48;36175;38010;-;495.9		pfam	pfam_only	A	7/7	canonical	1	0	unscoreable	2	0	0														not_admitted	not_admitted	not_admitted	not_admitted	not_admitted	not_admitted	not_admitted
LC778280.1	MPF_T	ColKP3;IncX3	64	0	0	GA	1	29;23704;24348;-;46.4	28;23430;23720;-;73.1	27;20652;23405;-;47.0	27;20652;23405;-;142.4	27;20652;23405;-;73.3	26;19872;20642;-;60.1	24;18538;19593;-;132.8		23;17615;18343;-;119.4	22;16680;17609;-;138.8	21;15469;16683;-;128.3	19;14239;15273;-;65.7	18;12401;14236;-;495.9		pfam	pfam_only	A	7/7	canonical	1	1	unscoreable	2	0	0														not_admitted	not_admitted	not_admitted	not_admitted	not_admitted	not_admitted	not_admitted
LC789757.1	MPF_T	IncX3	58	0	0	GA	1	45;38024;38668;-;46.4	44;37750;38040;-;73.1	43;34972;37725;-;47.0	43;34972;37725;-;142.4	43;34972;37725;-;73.3	42;34192;34962;-;60.1	40;32858;33913;-;133.2		39;31935;32663;-;119.4	38;31000;31929;-;138.8	37;29789;31003;-;128.3	35;28559;29593;-;65.7	34;26721;28556;-;495.9		pfam	pfam_only	A	7/7	canonical	1	1	unscoreable	2	0	0														not_admitted	not_admitted	not_admitted	not_admitted	not_admitted	not_admitted	not_admitted
LC789758.1	MPF_T	IncX3	58	0	0	GA	1	45;38024;38668;-;46.4	44;37750;38040;-;73.1	43;34972;37725;-;47.0	43;34972;37725;-;142.4	43;34972;37725;-;73.3	42;34192;34962;-;60.1	40;32858;33913;-;133.2		39;31935;32663;-;119.4	38;31000;31929;-;138.8	37;29789;31003;-;128.3	35;28559;29593;-;65.7	34;26721;28556;-;495.9		pfam	pfam_only	A	7/7	canonical	1	1	unscoreable	2	0	0														not_admitted	not_admitted	not_admitted	not_admitted	not_admitted	not_admitted	not_admitted
LC789759.1	MPF_T	IncX3	58	0	0	GA	1	45;38024;38668;-;46.4	44;37750;38040;-;73.1	43;34972;37725;-;47.0	43;34972;37725;-;142.4	43;34972;37725;-;73.3	42;34192;34962;-;60.1	40;32858;33913;-;133.2		39;31935;32663;-;119.4	38;31000;31929;-;138.8	37;29789;31003;-;128.3	35;28559;29593;-;65.7	34;26721;28556;-;495.9		pfam	pfam_only	A	7/7	canonical	1	1	unscoreable	2	0	0														not_admitted	not_admitted	not_admitted	not_admitted	not_admitted	not_admitted	not_admitted
LC789760.1	MPF_T	IncX3	58	0	0	GA	1	45;38024;38668;-;46.4	44;37750;38040;-;73.1	43;34972;37725;-;47.0	43;34972;37725;-;142.4	43;34972;37725;-;73.3	42;34192;34962;-;60.1	40;32858;33913;-;133.2		39;31935;32663;-;119.4	38;31000;31929;-;138.8	37;29789;31003;-;128.3	35;28559;29593;-;65.7	34;26721;28556;-;495.9		pfam	pfam_only	A	7/7	canonical	1	1	unscoreable	2	0	0														not_admitted	not_admitted	not_admitted	not_admitted	not_admitted	not_admitted	not_admitted
LC807771.1	MPF_F	IncFIA;IncFII	126	0	0	GA	0															not_admitted	not_admitted	not_admitted	not_admitted	not_admitted	not_admitted	not_admitted	not_admitted	not_admitted	not_admitted	1	100;89637;90629;+;371.6	109;95691;97064;+;380.7	104;93358;94101;+;233.3	97;86001;88628;+;303.5	110;97061;99880;+;386.2	91;82415;83842;+;91.9	97;86001;88628;+;99.0	89;81134;81700;+;182.9	101;90638;91276;+;64.9	102;91273;93081;+;268.2	113;101412;103637;+;391.7	96;84970;85485;+;76.4	113;101412;103637;+;70.3	A	9/9	contiguous	20278	1	1	99905..100396+;163;TraS;0
LC807772.1	MPF_F	ColKP3;IncFIA;IncFIB(AP001918);IncFII	151	0	0	GA	0															not_admitted	not_admitted	not_admitted	not_admitted	not_admitted	not_admitted	not_admitted	not_admitted	not_admitted	not_admitted	1	87;79016;80008;-;367.1	76;71866;73239;-;382.9	82;75167;75910;-;234.4	90;81017;83647;-;297.8	75;69047;71869;-;384.1	99;87435;88886;-;94.1	90;81017;83647;-;100.5	101;89601;90167;-;183.8	85;78034;78672;-;69.6	84;76187;78037;-;266.4	71;64569;66776;-;379.8	96;86060;86575;-;77.9	71;64569;66776;-;66.5	A	9/9	contiguous	25032	1	1	68529..69026-;165;TraS;0
LC807773.1	MPF_F	IncFIA;IncFII	125	0	0	GA	0															not_admitted	not_admitted	not_admitted	not_admitted	not_admitted	not_admitted	not_admitted	not_admitted	not_admitted	not_admitted	1	99;92527;93519;+;369.3	108;98581;99954;+;381.0	103;96218;96991;+;234.0	96;88891;91518;+;303.5	109;99951;102776;+;386.0	90;85409;86836;+;94.3	96;88891;91518;+;98.5	88;84128;84694;+;183.8	100;93528;94166;+;68.7	101;94163;95971;+;268.0	112;104280;106532;+;391.7	94;87860;88375;+;78.4	112;104280;106532;+;70.3	A	9/9	contiguous	20152	1	1	102773..103282+;169;unnamed;0
LC807775.1	MPF_F	IncFIA;IncFIB(AP001918);IncFII	143	0	0	GA	0															not_admitted	not_admitted	not_admitted	not_admitted	not_admitted	not_admitted	not_admitted	not_admitted	not_admitted	not_admitted	1	77;71124;72116;-;371.6	68;64307;65680;-;381.7	73;67610;68353;-;234.4	80;73125;75752;-;303.5	67;61488;64310;-;374.0	86;77911;79338;-;91.9	80;73125;75752;-;99.0	88;80053;80619;-;182.9	76;70477;71115;-;68.7	75;68630;70480;-;266.1	63;56919;59216;-;391.0	81;76268;76783;-;76.4	63;56919;59216;-;70.2	A	9/9	contiguous	23134	1	1	60987..61466-;159;TraS;0
LC807776.1	MPF_F	IncHI2;IncHI2A	257	0	0	GA	0															not_admitted	not_admitted	not_admitted	not_admitted	not_admitted	not_admitted	not_admitted	not_admitted	not_admitted	not_admitted	1	27;31208;32266;+;276.9	161;151101;152516;-;194.1	162;152506;153552;-;174.3	11;8955;11636;+;168.0	160;147139;151092;-;101.6	7;5270;6625;+;80.7	11;8955;11636;+;72.2	4;2758;3546;+;74.8	25;29555;31066;+;62.0	28;32285;35473;+;57.3	169;160594;162678;+;56.8	10;7996;8946;+;46.1	169;160594;162678;+;38.8	A	9/9	split_3	157836	1	1	145669..146958-;429;unnamed;0
LC807779.1	MPF_F	IncFIA;IncFII	124	0	0	GA	0															not_admitted	not_admitted	not_admitted	not_admitted	not_admitted	not_admitted	not_admitted	not_admitted	not_admitted	not_admitted	1	99;92597;93589;+;369.3	108;98646;100019;+;381.0	103;96318;97061;+;234.4	96;88961;91588;+;302.6	109;100016;102841;+;372.0	91;85619;87046;+;94.3	96;88961;91588;+;97.6	89;84338;84904;+;174.3	100;93598;94236;+;68.7	101;94233;96041;+;267.3	112;104345;106570;+;391.1	94;87930;88445;+;78.4	112;104345;106570;+;70.3	A	9/9	contiguous	20007	1	1	102838..103347+;169;unnamed;0
LC807780.1	MPF_F	IncFIA;IncFIB(AP001918);IncFII	128	0	0	GA	0															not_admitted	not_admitted	not_admitted	not_admitted	not_admitted	not_admitted	not_admitted	not_admitted	not_admitted	not_admitted	1				72;62885;63379;-;74.3		78;65538;66965;-;91.9		80;67680;68246;-;182.9				73;63895;64410;-;76.4		D	3/9	contiguous	4795	0	0	
LC807781.1	MPF_F	IncFII	91	0	0	GA	0															not_admitted	not_admitted	not_admitted	not_admitted	not_admitted	not_admitted	not_admitted	not_admitted	not_admitted	not_admitted	1	68;61594;62586;+;369.3	77;67648;69021;+;381.0	72;65285;66058;+;234.0	65;57955;60585;+;303.5	78;69018;71843;+;386.0	58;53250;54677;+;94.3	65;57955;60585;+;98.5	56;51969;52535;+;183.8	69;62595;63233;+;68.7	70;63230;65038;+;268.0	81;73347;75572;+;391.7	62;55805;56320;+;78.6	81;73347;75572;+;70.3	A	9/9	contiguous	21378	1	1	71840..72349+;169;unnamed;0
LC807782.1	MPF_F	IncHI2;IncHI2A	255	0	0	GA	0															not_admitted	not_admitted	not_admitted	not_admitted	not_admitted	not_admitted	not_admitted	not_admitted	not_admitted	not_admitted	1	29;31985;33043;+;276.9	163;151871;153286;-;194.1	164;153276;154322;-;174.3	11;8955;11636;+;168.0	162;147909;151862;-;101.6	7;5270;6625;+;80.7	11;8955;11636;+;72.2	4;2758;3546;+;74.8	27;30332;31843;+;62.0	30;33062;36250;+;57.3	171;161364;163448;+;56.8	10;7996;8946;+;46.1	171;161364;163448;+;38.8	A	9/9	split_3	158606	1	1	146439..147728-;429;unnamed;0
LC807785.1	MPF_F	IncFIA;IncFIB(AP001918);IncFII	149	0	0	GA	0															not_admitted	not_admitted	not_admitted	not_admitted	not_admitted	not_admitted	not_admitted	not_admitted	not_admitted	not_admitted	1		80;73596;74969;-;380.9	87;77182;77955;-;234.0	93;80903;83530;-;303.5	79;70774;73599;-;385.9	99;85689;87116;-;91.9	93;80903;83530;-;98.5	101;87831;88397;-;182.9	90;80007;80264;-;30.2	89;78202;80010;-;268.0	76;68093;69271;-;206.2	94;84046;84561;-;76.4		B	8/9	contiguous	19738	1	1	70268..70777-;169;unnamed;0
LC807786.1	MPF_F	IncHI2;IncHI2A	186	0	0	GA	0															not_admitted	not_admitted	not_admitted	not_admitted	not_admitted	not_admitted	not_admitted	not_admitted	not_admitted	not_admitted	1	29;31985;33043;+;276.9			11;8955;11636;+;168.0		7;5270;6625;+;80.7	11;8955;11636;+;72.2	4;2758;3546;+;74.8	27;30332;31843;+;62.0	30;33062;36250;+;57.3		10;7996;8946;+;46.1		C	6/9	split_2	30304	0	1	
LC807788.1	MPF_F	IncHI2;IncHI2A;IncN;IncX2	297	0	0	GA	0															not_admitted	not_admitted	not_admitted	not_admitted	not_admitted	not_admitted	not_admitted	not_admitted	not_admitted	not_admitted	1	198;176184;177242;+;276.9	77;65052;66467;-;194.1	78;66457;67503;-;174.3	180;153154;155835;+;168.0	76;61090;65043;-;101.6	176;149469;150824;+;80.7	180;153154;155835;+;72.2	173;146957;147745;+;74.8	196;174531;176042;+;62.0	199;177261;180449;+;57.3	85;74545;76629;+;56.8	179;152195;153145;+;46.1	85;74545;76629;+;38.8	A	9/9	split_3	116171	1	1	59620..60909-;429;unnamed;0
LC807789.1	MPF_F	IncFIA;IncFIB(pB171);IncFII	161	0	0	GA	0															not_admitted	not_admitted	not_admitted	not_admitted	not_admitted	not_admitted	not_admitted	not_admitted	not_admitted	not_admitted	1	92;80220;81212;-;369.3	81;73162;74535;-;380.9	88;76748;77521;-;234.0	95;82221;84848;-;303.5	80;70340;73165;-;385.9	101;87007;88434;-;91.9	95;82221;84848;-;98.0	103;89149;89715;-;182.9	91;79573;80211;-;68.7	90;77768;79576;-;268.0	77;66630;68837;-;391.3	96;85364;85879;-;76.4	77;66630;68837;-;70.4	A	9/9	contiguous	22519	1	1	69834..70343-;169;unnamed;0
LC807790.1	MPF_F	IncFIA;IncFIB(AP001918);IncFII	149	0	0	GA	0															not_admitted	not_admitted	not_admitted	not_admitted	not_admitted	not_admitted	not_admitted	not_admitted	not_admitted	not_admitted	1	90;83772;84764;-;369.3	79;76714;78087;-;380.9	86;80300;81073;-;234.0	93;85773;88400;-;303.5	78;73892;76717;-;385.9	99;90559;91986;-;91.9	93;85773;88400;-;98.5	101;92701;93267;-;182.9	89;83125;83763;-;68.7	88;81320;83128;-;268.0	75;70191;72389;-;391.3	94;88916;89431;-;76.4	75;70191;72389;-;70.4	A	9/9	contiguous	22510	1	1	73386..73895-;169;unnamed;0
LC807792.1	MPF_F	IncFIA;IncFII	125	0	0	GA	0															not_admitted	not_admitted	not_admitted	not_admitted	not_admitted	not_admitted	not_admitted	not_admitted	not_admitted	not_admitted	1	99;92527;93519;+;369.3	108;98581;99954;+;381.0	103;96218;96991;+;234.0	96;88891;91518;+;303.5	109;99951;102776;+;386.0	90;85409;86836;+;94.3	96;88891;91518;+;98.5	88;84128;84694;+;183.8	100;93528;94166;+;68.7	101;94163;95971;+;268.0	112;104280;106532;+;391.7	94;87860;88375;+;78.4	112;104280;106532;+;70.3	A	9/9	contiguous	20152	1	1	102773..103282+;169;unnamed;0
LC807793.1	MPF_F	IncFIA;IncFIB(AP001918);IncFII	149	0	0	GA	0															not_admitted	not_admitted	not_admitted	not_admitted	not_admitted	not_admitted	not_admitted	not_admitted	not_admitted	not_admitted	1	90;83772;84764;-;369.3	79;76714;78087;-;380.9	86;80300;81073;-;234.0	93;85773;88400;-;303.5	78;73892;76717;-;385.9	99;90559;91986;-;91.9	93;85773;88400;-;98.5	101;92701;93267;-;182.9	89;83125;83763;-;68.7	88;81320;83128;-;268.0	75;70191;72389;-;391.3	94;88916;89431;-;76.4	75;70191;72389;-;70.4	A	9/9	contiguous	22510	1	1	73386..73895-;169;unnamed;0
LC807794.1	MPF_F	ColKP3;IncFIA;IncFIB(AP001918);IncFII	149	0	0	GA	0															not_admitted	not_admitted	not_admitted	not_admitted	not_admitted	not_admitted	not_admitted	not_admitted	not_admitted	not_admitted	1	56;44625;45617;+;369.5	67;51400;52773;+;382.5	61;48723;49466;+;234.4	53;40986;43616;+;300.9	68;52770;55592;+;384.1	44;35747;37198;+;94.1	53;40986;43616;+;99.7	42;34466;35032;+;183.8	58;45961;46599;+;69.6	59;46596;48446;+;266.4	72;57863;60070;+;388.3	47;38058;38573;+;76.7	72;57863;60070;+;66.4	A	9/9	contiguous	23397	1	1	55613..56110+;165;TraS;0
LC807795.1	MPF_F	IncFII	89	0	0	GA	0															not_admitted	not_admitted	not_admitted	not_admitted	not_admitted	not_admitted	not_admitted	not_admitted	not_admitted	not_admitted	1	65;56357;57349;+;369.5	75;63128;64501;+;381.7	70;60455;61198;+;234.4	62;52718;55348;+;304.1	76;64498;67320;+;374.0	55;48268;49719;+;94.2	62;52718;55348;+;97.1	53;46987;47553;+;174.3	67;57693;58331;+;68.6	68;58328;60178;+;266.1	80;69592;71853;+;391.1	58;50579;51094;+;78.4	80;69592;71853;+;70.3	A	9/9	contiguous	22605	1	1	67342..67821+;159;TraS;0
LC807797.1	MPF_T	IncX3	57	0	0	GA	1	4;2808;3452;+;46.4	5;3436;3726;+;73.1	6;3751;6504;+;47.0	6;3751;6504;+;142.4	6;3751;6504;+;73.3	7;6514;7284;+;60.1	9;7563;8618;+;133.2		10;8813;9541;+;119.4	11;9547;10476;+;138.8	12;10473;11687;+;128.3	14;11883;12917;+;65.7	15;12920;14755;+;495.9		pfam	pfam_only	A	7/7	canonical	1	1	unscoreable	2	0	0														not_admitted	not_admitted	not_admitted	not_admitted	not_admitted	not_admitted	not_admitted
LC807798.1	MPF_F	IncFII(pBK30683)	97	0	0	GA	0															not_admitted	not_admitted	not_admitted	not_admitted	not_admitted	not_admitted	not_admitted	not_admitted	not_admitted	not_admitted	1	52;40050;41042;+;363.5	66;49682;51049;+;380.8	62;47672;48424;+;233.7	49;36385;39024;+;255.4	67;51049;53874;+;346.3	43;31881;33305;+;89.2	49;36385;39024;+;83.9	41;30588;31154;+;169.3	57;44139;44786;+;66.0	58;44845;46800;+;259.7	70;55619;57928;+;393.1	44;33419;33988;+;52.3	70;55619;57928;+;66.6	A	9/9	contiguous	25031	1	1	53891..54562+;223;unnamed;0
LC807799.1	MPF_F	IncFIB(pNDM-Mar);IncHI1B(pNDM-MAR)	304	0	0	GA	0															not_admitted	not_admitted	not_admitted	not_admitted	not_admitted	not_admitted	not_admitted	not_admitted	not_admitted	not_admitted	1	78;67574;68611;+;282.3			66;54025;56742;+;149.6		62;50542;51912;+;65.6	66;54025;56742;+;85.2		77;66216;67577;+;69.9	79;68621;71806;+;59.9		65;53243;53980;+;56.9		D	5/9	contiguous	18079	0	1	
LC807800.1	MPF_F	IncFIA;IncFII	125	0	0	GA	0															not_admitted	not_admitted	not_admitted	not_admitted	not_admitted	not_admitted	not_admitted	not_admitted	not_admitted	not_admitted	1	99;92533;93525;+;369.3	108;98587;99960;+;381.0	103;96224;96997;+;234.0	96;88897;91524;+;303.5	109;99957;102782;+;386.0	90;85415;86842;+;94.3	96;88897;91524;+;98.5	88;84134;84700;+;183.8	100;93534;94172;+;68.7	101;94169;95977;+;268.0	112;104286;106538;+;391.7	94;87866;88381;+;78.4	112;104286;106538;+;70.3	A	9/9	contiguous	20152	1	1	102779..103288+;169;unnamed;0
LC807801.1	MPF_T	IncX3	57	0	0	GA	1	25;21115;21759;-;46.4	24;20841;21131;-;73.1	23;18063;20816;-;47.0	23;18063;20816;-;142.4	23;18063;20816;-;73.3	22;17283;18053;-;60.1	20;15949;17004;-;133.2		19;15026;15754;-;119.4	18;14091;15020;-;138.8	17;12880;14094;-;128.3	15;11650;12684;-;65.7	14;9812;11647;-;495.9		pfam	pfam_only	A	7/7	canonical	1	1	unscoreable	2	0	0														not_admitted	not_admitted	not_admitted	not_admitted	not_admitted	not_admitted	not_admitted
LC807803.1	MPF_F	IncHI2;IncHI2A	297	0	0	GA	0															not_admitted	not_admitted	not_admitted	not_admitted	not_admitted	not_admitted	not_admitted	not_admitted	not_admitted	not_admitted	1	51;50195;51253;-;276.9	171;160490;161905;+;194.1	170;159454;160500;+;174.3	68;72782;75463;-;168.0	172;161914;165867;+;101.6	72;77793;79148;-;80.7	68;72782;75463;-;72.2	75;80872;81660;-;74.8	53;51395;52906;-;62.0	50;46988;50176;-;57.3	163;150328;152412;-;56.8	69;75472;76422;-;46.1	163;150328;152412;-;38.8	A	9/9	split_3	114926	1	1	166048..167337+;429;unnamed;0
LC807804.1	MPF_F	IncC;IncFIB(K)	237	0	0	GA	0															not_admitted	not_admitted	not_admitted	not_admitted	not_admitted	not_admitted	not_admitted	not_admitted	not_admitted	not_admitted	1	60;59833;60840;+;332.9	147;140018;140929;+;281.0	146;138988;140016;+;221.7	55;54634;57081;+;354.2	151;142777;146391;+;375.3	44;41323;42639;+;135.0	55;54634;57081;+;128.6	42;39799;40425;+;92.1	58;57903;59168;+;67.6	61;60956;63751;+;145.3	33;34124;35989;+;47.4	45;42636;43214;+;100.2	33;34124;35989;+;52.0	A	9/9	split_2	108653	0	1	
LC807805.1	MPF_F	IncC	136	0	0	GA	0															not_admitted	not_admitted	not_admitted	not_admitted	not_admitted	not_admitted	not_admitted	not_admitted	not_admitted	not_admitted	1		107;86073;87506;-;339.2	108;87508;88536;-;221.7	1;121;984;-;199.1	106;82446;86060;-;375.3	12;12979;14295;-;135.0		14;15193;15819;-;92.1			23;19629;21494;-;47.4	11;12404;12982;-;100.2	23;19629;21494;-;52.0	C	6/9	split_2	87387	0	0	
LC807806.1	MPF_T	IncC;IncN	136	0	0	GA	1	116;90337;90870;-;34.1	32;24710;25003;+;28.7	33;25053;25370;+;63.3	34;25370;27970;+;111.8	34;25370;27970;+;76.8	35;27988;28701;+;97.1	37;28952;29992;+;153.6		38;30211;30909;+;131.9	39;30920;31804;+;159.0	40;31804;32964;+;154.9	41;33006;34001;+;81.2	48;44383;45912;-;38.6		pfam	both	A	7/7	canonical	1	0	unscoreable	2	0	0														not_admitted	not_admitted	not_admitted	not_admitted	not_admitted	not_admitted	not_admitted
LC807807.1	MPF_F	IncY	229	0	0	GA	0															not_admitted	not_admitted	not_admitted	not_admitted	not_admitted	not_admitted	not_admitted	not_admitted	not_admitted	not_admitted	1	182;161301;162308;-;332.9			187;165060;167507;-;354.2		198;179502;180818;-;135.0	187;165060;167507;-;128.6	200;181716;182342;-;92.1	184;162973;164238;-;67.6	181;158390;161185;-;145.3	209;186152;188017;-;47.4	197;178927;179505;-;100.2	209;186152;188017;-;52.0	C	6/9	contiguous	27762	0	1	
LN554848.1	-	-	100	0	0	GA	0															not_admitted	not_admitted	not_admitted	not_admitted	not_admitted	not_admitted	not_admitted	not_admitted	not_admitted	not_admitted	1	16;10722;11783;+;362.4	22;16844;18217;+;306.8	20;15544;16332;+;169.1	9;5267;7867;+;179.4	23;18229;21027;+;289.0	4;2038;3573;+;92.2	9;5267;7867;+;99.6	2;798;1307;+;118.7	18;12729;13373;+;96.7	19;13383;15176;+;229.7	25;21602;23677;+;400.4	5;3586;4005;+;43.8	25;21602;23677;+;79.6	A	9/9	contiguous	20804	0	1	
LN794247.1	MPF_F	IncFIB(S);IncFII(S);IncFII(pAR0022);IncQ1	154	0	0	GA	0															not_admitted	not_admitted	not_admitted	not_admitted	not_admitted	not_admitted	not_admitted	not_admitted	not_admitted	not_admitted	1	136;106868;107860;+;366.7	145;113108;114490;+;392.4	142;111327;112076;+;231.0	133;103233;105881;+;314.0	146;114487;117309;+;394.4	125;99279;100700;+;91.5	133;103233;105881;+;97.8	123;97986;98552;+;188.1	138;108172;108810;+;70.6	140;109263;111089;+;271.0	149;118963;121125;+;374.1	128;101506;102021;+;96.7	4;2299;3168;+;73.6	A	9/9	split_2	116664	1	1	117331..117819+;162;TraS;0
LR134219.1	MPF_F	IncFIB(K);IncFII(pKP91)	209	0	0	GA	0															not_admitted	not_admitted	not_admitted	not_admitted	not_admitted	not_admitted	not_admitted	not_admitted	not_admitted	not_admitted	1	196;181503;182492;+;362.9	207;188311;189678;+;382.2	203;186301;187053;+;236.4	192;177407;180046;+;259.0	0;33;1901;+;83.3	181;172016;173440;+;88.8	192;177407;180046;+;88.7	179;170723;171289;+;167.9	198;182768;183415;+;65.9	199;183474;185429;+;259.5	4;3713;5995;+;391.5	184;174052;174636;+;53.8	4;3713;5995;+;65.9	A	9/9	split_2	188278	1	1	1904..2434+;176;unnamed;0
LR134252.1	MPF_F	IncFIB(K);IncFII(pKP91)	318	0	0	GA	0															not_admitted	not_admitted	not_admitted	not_admitted	not_admitted	not_admitted	not_admitted	not_admitted	not_admitted	not_admitted	1	69;74672;75661;-;366.3	58;67561;68931;-;381.9	62;70126;70878;-;233.1	73;77118;79757;-;260.6	57;64712;67561;-;338.3	81;82495;83919;-;80.5	73;77118;79757;-;92.6	83;84643;85209;-;157.8	68;74030;74659;-;68.1	67;72075;74030;-;253.7	54;60722;63040;-;391.2	80;81863;82432;-;56.6	54;60722;63040;-;66.7	A	9/9	contiguous	23921	1	1	64153..64698-;181;unnamed;0
LR134255.1	-	IncFII(K);IncFII(pAR0022);IncR	88	0	0	GA	0															not_admitted	not_admitted	not_admitted	not_admitted	not_admitted	not_admitted	not_admitted	not_admitted	not_admitted	not_admitted	1	69;53858;54856;+;370.9	74;58587;59951;+;352.8	72;57216;57989;+;208.9	66;50199;52820;+;214.6	75;59954;62824;+;238.4	63;47908;49239;+;86.5	66;50199;52820;+;89.0	61;46627;47202;+;87.7	70;54826;55254;+;63.5	71;55282;57219;+;232.0	77;63551;65683;+;375.4	65;49660;50190;+;32.9	77;63551;65683;+;65.1	A	9/9	contiguous	16924	1	1	62833..63396+;187;unnamed;0
LR213461.1	MPF_F	IncFII(pSE11)	103	0	0	GA	0															not_admitted	not_admitted	not_admitted	not_admitted	not_admitted	not_admitted	not_admitted	not_admitted	not_admitted	not_admitted	1	63;52315;53307;-;369.5	49;44218;45591;-;386.0	56;47796;48539;-;234.4	66;54316;56946;-;297.8	48;41453;44221;-;386.6	74;60391;61818;-;93.9	66;54316;56946;-;98.7	76;62533;63099;-;174.3	61;51333;51971;-;68.6	58;48816;50621;-;267.0	42;35530;37818;-;381.9	71;58992;59507;-;78.4	42;35530;37818;-;66.7	A	9/9	contiguous	27003	1	1	41012..41377-;121;unnamed;0
LR606148.1	MPF_T	-	436	0	0	GA	1		434;460829;461212;-;72.2	433;460537;460836;-;59.8	432;457957;460527;-;170.8	432;457957;460527;-;119.6	431;457296;458015;-;46.2	430;456110;457291;-;109.8		429;455421;456083;-;137.6	428;454599;455408;-;178.3	426;452850;454145;-;204.0	435;461202;462299;-;131.9	253;270492;272405;+;560.3		conjscan	conjscan_only	A	7/7	canonical	1	0	unscoreable	2	0	0														not_admitted	not_admitted	not_admitted	not_admitted	not_admitted	not_admitted	not_admitted
LR606149.1	MPF_T	-	228	0	0	GA	1		58;62739;63122;-;71.5	57;62447;62746;-;64.4	56;59981;62437;-;177.7	56;59981;62437;-;122.0	55;59206;60009;-;37.3	53;57840;59015;-;111.5		52;57153;57815;-;138.9	51;56324;57136;-;188.1	49;54569;55870;-;220.2	59;63112;64089;-;123.7	36;43043;45019;-;541.5		conjscan	conjscan_only	A	7/7	canonical	1	0	unscoreable	15	0	0														not_admitted	not_admitted	not_admitted	not_admitted	not_admitted	not_admitted	not_admitted
LR606151.1	MPF_T	-	148	0	0	GA	1	115;109744;110835;-;90.5	118;113594;113941;-;75.3	117;113295;113594;-;78.3	116;110832;113291;-;122.7	116;110832;113291;-;94.4	114;109031;109729;-;40.5	113;107769;108797;-;152.9		112;107043;107735;-;177.6	111;106234;107046;-;201.0	110;105023;106234;-;213.6	109;104020;105042;-;134.5	108;101936;104023;-;312.0		pfam	pfam_only	A	7/7	canonical	1	0	unscoreable	0	0	0														not_admitted	not_admitted	not_admitted	not_admitted	not_admitted	not_admitted	not_admitted
LR699074.1	MPF_T	-	122	0	0	GA	1	88;93488;94192;-;72.0	87;93186;93488;-;73.5	86;92893;93189;-;83.8	85;90470;92881;-;128.9	85;90470;92881;-;101.7	83;88780;89529;-;29.2	81;87445;88575;-;141.8		80;86672;87448;-;198.2	79;85866;86675;-;196.0	78;84516;85862;-;203.9	77;83444;84535;-;124.3	76;81298;83466;-;272.5		pfam	pfam_only	A	7/7	canonical	1	0	unscoreable	2	0	0														not_admitted	not_admitted	not_admitted	not_admitted	not_admitted	not_admitted	not_admitted
LR723678.1	MPF_T	-	209	0	0	GA	1	191;186234;187400;-;78.3	195;190316;190606;-;73.8	194;190012;190290;-;79.9	193;187617;190022;-;88.8	193;187617;190022;-;41.1	190;185440;186237;-;61.7	184;180261;181286;-;122.8		189;184778;185443;-;139.0	188;184080;184781;-;167.2	187;182758;184083;-;174.1	186;181722;182756;-;105.6	167;162195;164162;+;278.1		pfam	both	A	7/7	canonical	1	0	unscoreable	2	0	0														not_admitted	not_admitted	not_admitted	not_admitted	not_admitted	not_admitted	not_admitted
LR723680.1	MPF_T	-	133	0	0	GA	1	14;10033;11124;+;90.5	11;6927;7274;+;75.3	12;7274;7573;+;78.3	13;7577;10036;+;121.0	13;7577;10036;+;93.6	15;11139;11837;+;40.7	16;12071;13099;+;152.1		17;13133;13825;+;179.1	18;13822;14634;+;201.8	19;14634;15845;+;212.5	20;15826;16848;+;132.8	21;16845;18932;+;312.4		pfam	pfam_only	A	7/7	canonical	1	0	unscoreable	0	0	0														not_admitted	not_admitted	not_admitted	not_admitted	not_admitted	not_admitted	not_admitted
LR828252.1	MPF_T	-	47	0	0	GA	1	35;32361;32951;-;61.8	30;25023;25337;-;76.6		28;22117;24687;-;35.5	28;22117;24687;-;110.5	27;21312;22097;-;56.3	26;19370;20848;-;85.4		25;18653;19363;-;126.1	24;17635;18627;-;167.4	23;16276;17619;-;209.6	31;25550;26557;-;115.9	33;27042;29099;-;344.4		conjscan	conjscan_only	A	7/7	canonical	1	0	unscoreable	4	0	0														not_admitted	not_admitted	not_admitted	not_admitted	not_admitted	not_admitted	not_admitted
LR861787.1	MPF_F	IncFII(pSE11)	92	0	0	GA	0															not_admitted	not_admitted	not_admitted	not_admitted	not_admitted	not_admitted	not_admitted	not_admitted	not_admitted	not_admitted	1	53;44155;45147;-;369.5	39;36058;37431;-;386.0	46;39636;40379;-;234.4	56;46156;48786;-;297.8	38;33236;36061;-;386.5	64;52231;53658;-;93.9	56;46156;48786;-;98.7	66;54373;54939;-;174.3	51;43173;43811;-;68.6	48;40656;42461;-;267.0	34;28742;30994;-;382.0	61;50832;51347;-;78.4	34;28742;30994;-;66.8	A	9/9	contiguous	25631	1	1	32730..33239-;169;unnamed;0
LR861790.1	MPF_F	IncFII	99	0	0	GA	0															not_admitted	not_admitted	not_admitted	not_admitted	not_admitted	not_admitted	not_admitted	not_admitted	not_admitted	not_admitted	1	61;54464;55456;-;369.5	51;47312;48685;-;381.7	56;50615;51358;-;234.4	64;56465;59095;-;304.1	50;44493;47315;-;374.0	71;62094;63545;-;94.2	64;56465;59095;-;97.1	73;64260;64826;-;174.3	59;53482;54120;-;68.6	58;51635;53485;-;266.1	46;39978;42221;-;391.1	68;60719;61234;-;78.4	46;39978;42221;-;70.3	A	9/9	contiguous	24282	1	1	43992..44471-;159;TraS;0
LR890216.1	MPF_F	IncHI2;IncHI2A	308	0	0	GA	0															not_admitted	not_admitted	not_admitted	not_admitted	not_admitted	not_admitted	not_admitted	not_admitted	not_admitted	not_admitted	1	31;33626;34684;+;276.9	179;167678;169093;-;194.1	180;169083;170129;-;173.7	13;10306;12987;+;168.0	178;163719;167669;-;101.6	9;6621;7976;+;80.7	13;10306;12987;+;72.2	6;4109;4897;+;74.8	29;31973;33484;+;62.7	32;34703;37891;+;58.3	186;177170;179254;+;56.7	12;9347;10297;+;46.4	186;177170;179254;+;38.8	A	9/9	split_3	173061	0	1	
LR890249.1	MPF_F	IncFII(K);IncFII(pAR0022);IncR	207	0	0	GA	0															not_admitted	not_admitted	not_admitted	not_admitted	not_admitted	not_admitted	not_admitted	not_admitted	not_admitted	not_admitted	1	173;144182;145171;+;363.3	182;150626;151996;+;382.3	178;148678;149430;+;233.9	169;140100;142739;+;259.1	183;151996;154818;+;345.6	160;134772;136196;+;90.9	169;140100;142739;+;84.5	158;133479;134045;+;169.1	174;145184;145822;+;67.3	175;145881;147836;+;259.7	186;156787;159090;+;392.7	162;136808;137377;+;52.9	186;156787;159090;+;65.8	A	9/9	contiguous	23308	1	1	154842..155444+;200;TraS;0
LR890250.1	MPF_T	IncN	57	0	0	GA	1	13;7409;8149;+;34.8	15;8473;8763;+;45.9	16;8814;9128;+;65.3	17;9128;11758;+;123.7	17;9128;11758;+;87.4	18;11768;12475;+;114.7	20;12734;13777;+;128.1	21;13872;14042;+;41.4	22;14045;14761;+;145.6	23;14764;15651;+;144.4	24;15648;16802;+;174.0	25;16795;17826;+;78.1	31;24747;26324;-;52.2		pfam	both	A	7/7	canonical	1	0	ga	7	0	0														not_admitted	not_admitted	not_admitted	not_admitted	not_admitted	not_admitted	not_admitted
LR890263.1	MPF_F	IncFII	135	0	0	GA	0															not_admitted	not_admitted	not_admitted	not_admitted	not_admitted	not_admitted	not_admitted	not_admitted	not_admitted	not_admitted	1	98;72777;73769;+;369.5	111;82090;83463;+;381.7	107;79414;80157;+;233.1	95;69138;71768;+;303.9	114;84226;85413;+;157.6	87;64436;65887;+;94.2	95;69138;71768;+;97.1	86;63156;64436;+;172.6	104;76652;77290;+;68.6	105;77287;79137;+;268.8	123;89887;90771;+;110.5	91;67000;67515;+;81.1	124;91195;92229;+;51.4	A	9/9	contiguous	28039	1	1	85371..86303+;310;unnamed;0
LR890265.1	MPF_F	IncFII(pRSB107)	95	0	0	GA	0															not_admitted	not_admitted	not_admitted	not_admitted	not_admitted	not_admitted	not_admitted	not_admitted	not_admitted	not_admitted	1	52;40968;41960;+;369.5	70;50648;51586;+;200.2	62;47269;47787;+;119.3	48;37332;38687;+;306.6	72;51720;54407;+;329.4	41;32771;34222;+;94.2	49;38756;39961;+;98.9	39;31490;32056;+;175.8	57;43692;44330;+;70.1	60;45142;46992;+;266.4	76;56648;58837;+;391.8	45;35326;35841;+;81.1	76;56648;58837;+;70.4	A	9/9	contiguous	25158	1	1	54404..54913+;169;unnamed;0
LR890282.1	MPF_F	IncFIB(K);IncFII(K);IncFII(pAR0022)	271	0	0	GA	0															not_admitted	not_admitted	not_admitted	not_admitted	not_admitted	not_admitted	not_admitted	not_admitted	not_admitted	not_admitted	1	185;181678;182667;-;366.6	175;174817;176187;-;383.8	179;177389;178141;-;230.7	189;184110;186749;-;258.5	174;171944;174817;-;347.6	199;192209;193633;-;89.2	189;184110;186749;-;87.8	201;194360;194926;-;168.5	184;181027;181665;-;66.9	183;179013;180968;-;259.7	171;168082;170391;-;392.7	197;190311;190895;-;54.4	171;168082;170391;-;66.6	A	9/9	contiguous	26278	1	1	171400..171933-;177;unnamed;0
LR890389.1	MPF_F	IncFIA(HI1);IncFII(K)	121	0	0	GA	0															not_admitted	not_admitted	not_admitted	not_admitted	not_admitted	not_admitted	not_admitted	not_admitted	not_admitted	not_admitted	1	95;76305;77297;+;362.4	106;83179;84546;+;382.8	102;81169;81921;+;235.0	92;72640;75279;+;259.3	107;84546;87368;+;341.0	83;67657;69081;+;86.0	92;72640;75279;+;84.3	81;66364;66930;+;168.4	96;77310;77948;+;64.6	98;78325;80280;+;259.0	111;89335;91644;+;393.2	84;69294;69851;+;53.2	111;89335;91644;+;65.8	A	9/9	contiguous	22971	1	1	87391..87993+;200;TraS;0
LR890400.1	MPF_F	IncFIB(pNDM-Mar);RepB	297	0	0	GA	0															not_admitted	not_admitted	not_admitted	not_admitted	not_admitted	not_admitted	not_admitted	not_admitted	not_admitted	not_admitted	1	225;180196;181233;-;283.1	81;54519;55874;+;188.4	80;53435;54472;+;173.2	236;192067;194784;-;151.5	82;55849;59820;+;121.3	240;196897;198270;-;63.3	236;192067;194784;-;84.3	243;199916;200776;-;79.1	226;181230;182591;-;70.4	224;177004;180186;-;59.2	72;44124;46250;-;57.2	237;194829;195566;-;59.2	72;44124;46250;-;41.1	A	9/9	split_2	155792	0	1	
LR890401.1	MPF_F	IncFIB(K);IncFII(K)	246	0	0	GA	0															not_admitted	not_admitted	not_admitted	not_admitted	not_admitted	not_admitted	not_admitted	not_admitted	not_admitted	not_admitted	1	200;205955;206944;-;363.3	189;198769;200136;-;382.2	193;201394;202146;-;236.4	204;208401;211040;-;259.0	188;195926;198769;-;342.9	215;215007;216431;-;88.8	204;208401;211040;-;87.6	217;217158;217724;-;167.9	198;205032;205679;-;65.9	197;203018;204973;-;259.5	184;191029;193341;-;392.8	212;213811;214395;-;53.8	184;191029;193341;-;65.9	A	9/9	contiguous	26129	1	1	195391..195915-;174;unnamed;0
LR890439.1	MPF_F	IncFIB(K);IncFII(K)	230	0	0	GA	0															not_admitted	not_admitted	not_admitted	not_admitted	not_admitted	not_admitted	not_admitted	not_admitted	not_admitted	not_admitted	1	174;151083;152072;+;363.3	184;157619;158986;+;382.6	180;155609;156361;+;233.7	170;146987;149626;+;258.5	189;161877;164297;+;194.7	162;142306;143730;+;89.2	170;146987;149626;+;87.7	160;141013;141579;+;169.3	175;152085;152723;+;66.0	176;152782;154737;+;259.7	193;166782;169094;+;392.7	163;143844;144428;+;55.4	193;166782;169094;+;66.5	A	9/9	contiguous	25769	1	1	164310..164858+;182;unnamed;0
LR890440.1	MPF_F	IncFII(K);repB(R1701)	175	0	0	GA	0															not_admitted	not_admitted	not_admitted	not_admitted	not_admitted	not_admitted	not_admitted	not_admitted	not_admitted	not_admitted	1	119;93173;94162;+;363.3	129;99709;101076;+;382.6	125;97699;98451;+;233.7	115;89077;91716;+;258.5	134;103967;106387;+;194.7	108;84826;86250;+;89.2	115;89077;91716;+;88.7	106;83533;84099;+;169.3	120;94175;94813;+;66.0	121;94872;96827;+;259.7	138;108872;111184;+;392.7	109;86322;86906;+;54.4	138;108872;111184;+;66.5	A	9/9	contiguous	25339	1	1	106400..106948+;182;unnamed;0
LR890452.1	MPF_F	IncFIB(K);IncFII(K)	232	0	0	GA	0															not_admitted	not_admitted	not_admitted	not_admitted	not_admitted	not_admitted	not_admitted	not_admitted	not_admitted	not_admitted	1	47;49214;50203;-;363.3	36;42028;43395;-;382.2	40;44653;45405;-;236.4	51;51660;54299;-;259.0	35;39185;42028;-;342.9	62;58266;59690;-;88.8	51;51660;54299;-;87.6	64;60417;60983;-;167.9	45;48291;48938;-;65.9	44;46277;48232;-;259.5	31;34288;36600;-;392.8	59;57070;57654;-;53.8	31;34288;36600;-;65.9	A	9/9	contiguous	26129	1	1	38650..39174-;174;unnamed;0
LR890477.1	MPF_F	IncFIB(K);IncFII(K);IncFII(pAR0022)	323	0	0	GA	0															not_admitted	not_admitted	not_admitted	not_admitted	not_admitted	not_admitted	not_admitted	not_admitted	not_admitted	not_admitted	1	223;226485;227474;-;366.6	213;219601;220968;-;381.2	217;222225;222977;-;231.5	227;228917;231556;-;256.8	212;216752;219601;-;345.0	235;234751;236175;-;89.2	227;228917;231556;-;88.8	237;236902;237468;-;169.3	222;225834;226472;-;67.0	221;223820;225775;-;259.2	207;211983;214292;-;393.1	234;234053;234637;-;54.3	207;211983;214292;-;66.6	A	9/9	contiguous	24919	1	1	216219..216749-;176;unnamed;0
LR890513.1	MPF_F	IncFIB(K)	309	0	0	GA	0															not_admitted	not_admitted	not_admitted	not_admitted	not_admitted	not_admitted	not_admitted	not_admitted	not_admitted	not_admitted	1	213;197590;198582;-;363.2	203;190676;192043;-;383.8	207;193301;194053;-;233.7	216;199608;202247;-;259.0	202;187827;190676;-;346.4	148;134311;135114;+;157.7	216;199608;202247;-;88.7	225;207773;208339;-;169.3	212;196939;197577;-;66.0	211;194925;196880;-;259.6	197;183054;185366;-;392.8	222;204964;205548;-;54.4	197;183054;185366;-;65.8	A	9/9	split_2	73462	1	1	187294..187824-;176;unnamed;0
LR890526.1	MPF_F	-	138	0	0	GA	0															not_admitted	not_admitted	not_admitted	not_admitted	not_admitted	not_admitted	not_admitted	not_admitted	not_admitted	not_admitted	1	110;92106;93137;-;368.4	102;85368;86813;-;321.9	103;86813;87622;-;214.4	117;95863;98457;-;232.9	101;81430;85365;-;228.0	125;102418;103740;-;95.8	117;95863;98457;-;81.1	127;104476;105087;-;108.2	109;91321;92109;-;89.9	107;88758;90038;-;150.6	137;113529;114206;-;71.8	118;98472;99152;-;50.9	137;113529;114206;-;27.4	A	9/9	contiguous	32099	0	1	
LR890579.1	MPF_F	IncFII	81	0	0	GA	0															not_admitted	not_admitted	not_admitted	not_admitted	not_admitted	not_admitted	not_admitted	not_admitted	not_admitted	not_admitted	1	57;44492;45484;+;369.5	67;51263;52636;+;381.7	62;48590;49333;+;234.4	54;40853;43483;+;304.1	68;52633;55455;+;374.0	46;36000;37451;+;94.2	54;40853;43483;+;100.7	44;34719;35285;+;174.3	59;45828;46466;+;68.6	60;46463;48313;+;266.1	72;57727;60015;+;391.0	49;38311;38826;+;78.4	72;57727;60015;+;70.3	A	9/9	contiguous	23008	1	1	55477..55956+;159;TraS;0
LR890580.1	-	-	43	0	0	GA	1	26;22951;23847;+;45.2	10;9014;9505;-;68.5	9;8700;9014;-;51.1	8;6179;8686;-;96.6	8;6179;8686;-;113.0	7;5422;6210;-;44.2	5;3496;5214;-;86.9		3;2399;3097;-;122.8	2;1461;2399;-;163.0	42;36418;36876;-;144.3	11;9517;10500;-;134.8	24;20433;22391;+;355.7		conjscan	conjscan_only	A	7/7	canonical	1	0	unscoreable	16	0	0														not_admitted	not_admitted	not_admitted	not_admitted	not_admitted	not_admitted	not_admitted
LR890590.1	MPF_F	IncFII(Yp)	86	0	0	GA	0															not_admitted	not_admitted	not_admitted	not_admitted	not_admitted	not_admitted	not_admitted	not_admitted	not_admitted	not_admitted	1	61;48005;48997;+;362.9	72;55005;56372;+;382.8	67;52551;53303;+;235.3	58;44340;46979;+;259.1	73;56372;59221;+;342.7	48;39114;40538;+;88.4	58;44340;46979;+;83.9	46;37821;38387;+;167.1	62;49010;49648;+;66.0	63;49707;51662;+;255.2	77;60961;63273;+;390.6	50;41150;41719;+;53.7	77;60961;63273;+;66.5	A	9/9	contiguous	23140	1	1	59224..59754+;176;unnamed;0
LR890599.1	MPF_F	IncFIB(K)(pCAV1099-114);IncFII(pKP91)	144	0	0	GA	0															not_admitted	not_admitted	not_admitted	not_admitted	not_admitted	not_admitted	not_admitted	not_admitted	not_admitted	not_admitted	1	94;90187;91176;-;363.3	84;83315;84685;-;383.0	88;85881;86633;-;228.4	98;92619;95258;-;260.3	83;80466;83315;-;341.9	107;99246;100670;-;90.9	98;92619;95258;-;89.1	109;101397;101963;-;169.1	93;89536;90174;-;64.4	92;87522;89477;-;258.1	80;76344;78650;-;393.1	105;98065;98634;-;52.6	80;76344;78650;-;66.6	A	9/9	contiguous	25053	1	1	79933..80463-;176;unnamed;0
LR890662.1	MPF_F	IncFII	138	0	0	GA	0															not_admitted	not_admitted	not_admitted	not_admitted	not_admitted	not_admitted	not_admitted	not_admitted	not_admitted	not_admitted	1	104;72741;73733;+;369.5	115;79790;80701;+;293.2	109;76839;77582;+;233.1	98;69701;70237;+;114.2	117;81161;82867;+;390.6	89;64950;65852;+;94.0	100;70528;71115;+;48.2	86;63226;63687;+;161.2	106;74077;74715;+;68.6	107;74712;76562;+;271.9	126;87549;89891;+;390.9	92;67093;67482;+;47.3	126;87549;89891;+;70.2	A	9/9	contiguous	24323	1	1	82917..83063+;48;unnamed;0
LR890664.1	MPF_F	IncFII(29)	103	0	0	GA	0															not_admitted	not_admitted	not_admitted	not_admitted	not_admitted	not_admitted	not_admitted	not_admitted	not_admitted	not_admitted	1	60;41938;42930;+;369.5	77;51187;52560;+;381.7	69;48240;48983;+;233.1	55;38296;39465;+;237.1	78;52557;54488;+;374.9	48;33737;35164;+;93.9	57;39724;40929;+;98.9	46;32455;32901;+;120.9	64;44663;45301;+;70.1	67;46113;47963;+;267.8	86;58737;59774;+;188.8	51;36420;36809;+;47.3	86;58737;59774;+;72.0	A	9/9	contiguous	26282	1	1	54446..55381+;311;unnamed;0
LR890699.1	MPF_F	IncFIA(HI1);IncFIB(K)(pCAV1099-114);IncFII(pKP91)	216	0	0	GA	0															not_admitted	not_admitted	not_admitted	not_admitted	not_admitted	not_admitted	not_admitted	not_admitted	not_admitted	not_admitted	1	86;70960;71949;+;368.3	96;77691;79061;+;378.9	92;75743;76495;+;230.9	83;67292;69931;+;254.8	97;79061;81883;+;344.9	72;61595;63013;+;85.0	83;67292;69931;+;88.2	70;60308;60874;+;149.8	87;71962;72591;+;67.3	88;72591;74546;+;256.2	100;83642;85972;+;390.6	75;63808;64377;+;55.2	100;83642;85972;+;66.7	A	9/9	contiguous	23334	1	1	81909..82523+;204;TraS;0
LR890742.1	MPF_F	IncFIB(pQil);IncFII(K)	185	0	0	GA	0															not_admitted	not_admitted	not_admitted	not_admitted	not_admitted	not_admitted	not_admitted	not_admitted	not_admitted	not_admitted	1	123;129859;130851;-;362.9	112;122484;123851;-;382.8	117;125553;126305;-;235.3	126;131877;134516;-;259.1	111;119662;122484;-;346.1	136;138318;139742;-;89.2	126;131877;134516;-;83.9	138;140469;141035;-;168.4	122;129208;129846;-;66.0	121;127194;129149;-;255.2	107;115302;117614;-;393.1	134;137137;137706;-;53.7	107;115302;117614;-;66.6	A	9/9	contiguous	25167	1	1	119037..119639-;200;TraS;0
LR890744.1	MPF_T	IncR	148	0	0	GA	1	21;16377;17039;+;48.3	22;17050;17349;+;36.6	23;17359;20109;+;61.8	23;17359;20109;+;134.0	23;17359;20109;+;47.3	24;20128;20844;+;137.0	26;21158;22165;+;137.8		28;22375;23061;+;158.3	29;23054;23947;+;147.4	30;23944;25140;+;134.7	31;25144;26193;+;71.5	38;30931;32838;+;24.3		pfam	pfam_only	A	7/7	canonical	1	1	unscoreable	8	0	0														not_admitted	not_admitted	not_admitted	not_admitted	not_admitted	not_admitted	not_admitted
LR962488.1	MPF_T	repUS11	54	0	0	GA	1				16;16655;19012;+;21.2			14;15513;16340;+;29.4						12;13384;15159;+;173.8		none	none	D	3/7	rearranged	0	0	unscoreable	2	0	0														not_admitted	not_admitted	not_admitted	not_admitted	not_admitted	not_admitted	not_admitted
LR962587.1	MPF_T	-	137	0	0	GA	1				40;36396;38753;+;24.7			38;35254;36081;+;30.9						36;33122;34900;+;160.1		none	none	D	3/7	rearranged	0	0	unscoreable	2	0	0														not_admitted	not_admitted	not_admitted	not_admitted	not_admitted	not_admitted	not_admitted
LR962622.1	MPF_T	repUS11	84	0	0	GA	1				19;18226;20583;+;24.8			17;17021;17911;+;30.7						15;14952;16730;+;159.5		none	none	D	3/7	rearranged	0	0	unscoreable	2	0	0														not_admitted	not_admitted	not_admitted	not_admitted	not_admitted	not_admitted	not_admitted
LR962724.1	MPF_T	repUS11	52	0	0	GA	1				19;18988;21345;+;24.1			17;17784;18674;+;29.6						15;15714;17492;+;162.1		none	none	D	3/7	rearranged	0	0	unscoreable	2	0	0														not_admitted	not_admitted	not_admitted	not_admitted	not_admitted	not_admitted	not_admitted
LR990731.1	-	-	88	0	0	GA	1			27;22122;22466;+;42.3	28;22463;24862;+;131.8	28;22463;24862;+;60.1	29;24865;25527;+;113.8	31;25846;26997;+;106.5		32;27096;27848;+;144.9	33;27845;28687;+;157.1	34;28684;29976;+;152.7	13;12133;14010;-;157.2	36;31025;32968;+;300.6		pfam	both	A	7/7	canonical	1	0	unscoreable	14	0	0														not_admitted	not_admitted	not_admitted	not_admitted	not_admitted	not_admitted	not_admitted
LR990732.1	-	-	85	0	0	GA	1	53;43174;43629;+;48.3	67;55202;55543;+;52.8	68;55559;55900;+;72.1	69;55903;58335;+;136.9	69;55903;58335;+;76.3	70;58332;59021;+;105.1	72;59273;60331;+;123.9		73;60343;61038;+;145.9	60;50425;51384;+;174.8	74;61038;62324;+;156.0	48;37155;38720;-;229.5	76;63314;65302;+;368.8		pfam	both	A	7/7	canonical	1	0	unscoreable	20	0	0														not_admitted	not_admitted	not_admitted	not_admitted	not_admitted	not_admitted	not_admitted
LR990733.1	MPF_T	-	50	0	0	GA	1		39;35559;35987;+;63.1	40;35990;36301;+;47.2	41;36298;38859;+;100.1	41;36298;38859;+;113.0	46;42408;43184;+;112.8	48;43411;45018;+;127.9		42;38856;39599;+;124.3	43;39611;40510;+;176.5	45;41022;42392;+;217.0	37;33970;34929;+;131.3	9;10206;12113;-;516.3		conjscan	conjscan_only	A	7/7	canonical	1	0	unscoreable	17	0	0														not_admitted	not_admitted	not_admitted	not_admitted	not_admitted	not_admitted	not_admitted
LR990737.1	-	-	82	0	0	GA	1	40;32577;33359;-;52.6	28;27095;27436;-;52.8	27;26738;27079;-;72.1	26;24303;26735;-;136.9	26;24303;26735;-;76.3	25;23617;24306;-;105.1	23;22307;23365;-;123.9		22;21600;22295;-;145.9	38;31254;32213;-;174.8	21;20314;21600;-;156.0	45;37858;39423;+;229.5	19;17336;19324;-;368.8		pfam	both	A	7/7	canonical	1	0	unscoreable	18	0	0														not_admitted	not_admitted	not_admitted	not_admitted	not_admitted	not_admitted	not_admitted
LR990738.1	MPF_T	-	51	0	0	GA	1	6;5056;5772;+;22.9	46;41163;41591;+;63.1	47;41594;41905;+;47.2	48;41902;44463;+;100.1	48;41902;44463;+;113.0	2;1834;2610;+;112.8	4;2837;4444;+;127.9		49;44460;45203;+;124.3	50;45215;46114;+;176.5	1;448;1818;+;217.0	44;39574;40533;+;131.3	16;15807;17714;-;516.3		conjscan	conjscan_only	A	7/7	rearranged	1	0	unscoreable	17	0	0														not_admitted	not_admitted	not_admitted	not_admitted	not_admitted	not_admitted	not_admitted
LR990740.1	MPF_T	-	51	0	0	GA	1	35;32715;33431;-;22.9	46;43074;43502;-;63.1	45;42760;43071;-;47.2	44;40202;42763;-;100.1	44;40202;42763;-;113.0	39;35877;36653;-;112.8	37;34043;35650;-;127.9		43;39462;40205;-;124.3	42;38551;39450;-;176.5	40;36669;38039;-;217.0	48;44132;45091;-;131.3	25;20773;22680;+;516.3		conjscan	conjscan_only	A	7/7	canonical	1	0	unscoreable	4	0	0														not_admitted	not_admitted	not_admitted	not_admitted	not_admitted	not_admitted	not_admitted
LR990742.1	-	-	82	0	0	GA	1	38;31527;32309;+;52.6	50;37450;37791;+;52.8	51;37807;38148;+;72.1	52;38151;40583;+;136.9	52;38151;40583;+;76.3	53;40580;41269;+;105.1	55;41521;42579;+;123.9		56;42591;43286;+;145.9	40;32673;33632;+;174.8	57;43286;44572;+;156.0	33;25463;27028;-;229.5	59;45562;47550;+;368.8		pfam	both	A	7/7	canonical	1	0	unscoreable	18	0	0														not_admitted	not_admitted	not_admitted	not_admitted	not_admitted	not_admitted	not_admitted
LR990743.1	MPF_T	-	51	0	0	GA	1	23;23877;24593;-;22.9	34;34236;34664;-;63.1	33;33922;34233;-;47.2	32;31364;33925;-;100.1	32;31364;33925;-;113.0	27;27039;27815;-;112.8	25;25205;26812;-;127.9		31;30624;31367;-;124.3	30;29713;30612;-;176.5	28;27831;29201;-;217.0	36;35294;36253;-;131.3	13;11935;13842;+;516.3		conjscan	conjscan_only	A	7/7	canonical	1	0	unscoreable	4	0	0														not_admitted	not_admitted	not_admitted	not_admitted	not_admitted	not_admitted	not_admitted
LT174530.1	MPF_T	IncI2	79	0	0	GA	1	40;33637;34119;-;81.1		55;49715;49999;-;36.6	54;47352;49709;-;58.5	54;47352;49709;-;42.8	67;55452;56093;-;42.8	68;56099;57094;-;128.5		52;46452;47186;-;144.3	51;45685;46455;-;170.5	50;44556;45695;-;154.7	43;35887;37425;-;207.1	48;41508;43466;-;289.6		pfam	pfam_only	A	7/7	rearranged	1	0	unscoreable	17	1	0														not_admitted	not_admitted	not_admitted	not_admitted	not_admitted	not_admitted	not_admitted
LT174531.1	MPF_F	IncFII(pSE11)	82	0	0	GA	0															not_admitted	not_admitted	not_admitted	not_admitted	not_admitted	not_admitted	not_admitted	not_admitted	not_admitted	not_admitted	1	55;42453;43445;+;369.5	67;49499;50872;+;381.7	60;46551;47294;+;234.4	52;38814;41444;+;297.8	68;50869;53694;+;374.0	45;34345;35772;+;93.9	52;38814;41444;+;98.7	43;33064;33630;+;174.3	57;43789;44427;+;67.3	58;44424;46274;+;266.9	72;55936;58143;+;391.8	48;36656;37171;+;78.4	72;55936;58143;+;70.4	A	9/9	contiguous	22872	1	1	53691..54200+;169;unnamed;0
LT599585.1	MPF_F	-	396	0	0	GA	0															not_admitted	not_admitted	not_admitted	not_admitted	not_admitted	not_admitted	not_admitted	not_admitted	not_admitted	not_admitted	1	264;243576;244604;+;305.9	319;294374;295831;+;273.7	318;293428;294384;+;225.5	315;289748;292180;+;160.2	320;295847;299446;+;219.3	312;287336;288544;+;119.5	315;289748;292180;+;111.7	308;284745;285422;+;102.6	265;244552;245283;+;100.0	329;305877;307508;+;233.4	304;280894;282660;-;26.5	313;288541;289164;+;79.4	304;280894;282660;-;27.7	A	9/9	split_2	62301	0	1	
LT904879.1	MPF_F	IncHI1A;IncHI1B(R27);IncQ1	244	0	0	GA	0															not_admitted	not_admitted	not_admitted	not_admitted	not_admitted	not_admitted	not_admitted	not_admitted	not_admitted	not_admitted	1	151;131419;132471;+;277.6	36;31445;32860;-;201.7	37;32850;33896;-;171.3	127;103201;105882;+;160.6	35;29733;31436;-;116.8	123;99496;100722;+;64.5	127;103201;105882;+;76.5	119;97045;97830;+;68.7	149;129766;131274;+;65.6	152;132494;135670;+;58.9	43;40831;42915;+;50.2	126;102242;103192;+;45.2	43;40831;42915;+;36.5	A	9/9	split_3	102761	1	1	28075..29736-;553;unnamed;0
LT904889.1	MPF_T	IncFIB(K)	67	0	0	GA	1	64;61523;62185;+;48.3	65;62196;62495;+;36.6	66;62505;65255;+;60.6	66;62505;65255;+;134.0	66;62505;65255;+;48.6	0;1;717;+;137.0	2;1031;2038;+;137.8		4;2248;2934;+;158.3	5;2927;3820;+;147.4	6;3817;5013;+;134.7	7;5017;6066;+;71.5	14;10803;12710;+;24.3		pfam	pfam_only	A	7/7	rearranged	1	1	unscoreable	8	0	0														not_admitted	not_admitted	not_admitted	not_admitted	not_admitted	not_admitted	not_admitted
LT904892.1	MPF_F	IncC	237	0	0	GA	0															not_admitted	not_admitted	not_admitted	not_admitted	not_admitted	not_admitted	not_admitted	not_admitted	not_admitted	not_admitted	1	223;177658;178665;+;332.9	45;35244;36677;+;339.2	44;34214;35242;+;221.7	218;172459;174906;+;354.5	46;36690;40304;+;375.3	169;130284;131444;-;156.3	218;172459;174906;+;128.3	211;162063;162689;+;92.7	221;175728;176993;+;67.9	224;178781;181579;+;145.3	202;156388;158253;+;47.3	214;164900;165478;+;100.2	202;156388;158253;+;52.0	A	9/9	split_3	144567	0	1	
MF116002.1	MPF_F	IncFIB(K);IncFII(K)	218	0	0	GA	0															not_admitted	not_admitted	not_admitted	not_admitted	not_admitted	not_admitted	not_admitted	not_admitted	not_admitted	not_admitted	1	172;164482;165471;-;363.3	161;157296;158663;-;383.5	165;159921;160673;-;233.7	176;166928;169567;-;259.0	160;154474;157296;-;346.5	187;173535;174959;-;88.0	176;166928;169567;-;88.7	189;175686;176252;-;167.9	170;163559;164206;-;66.9	169;161545;163500;-;259.7	156;149544;151856;-;392.8	184;172339;172923;-;53.8	156;149544;151856;-;65.9	A	9/9	contiguous	26142	1	1	153849..154451-;200;TraS;0
MF150084.1	MPF_F	IncFIB(K);IncFII(K)	237	0	0	GA	0															not_admitted	not_admitted	not_admitted	not_admitted	not_admitted	not_admitted	not_admitted	not_admitted	not_admitted	not_admitted	1	184;188724;189713;-;366.0	174;181810;183177;-;381.2	178;184435;185187;-;233.7	188;191156;193795;-;258.5	173;178961;181810;-;345.6	196;197052;198476;-;88.8	188;191156;193795;-;88.7	198;199203;199769;-;169.3	183;188073;188711;-;66.9	182;186059;188014;-;259.7	169;174163;176475;-;392.7	195;196354;196938;-;55.4	169;174163;176475;-;66.5	A	9/9	contiguous	25040	1	1	178400..178948-;182;unnamed;0
MF344581.1	MPF_F	IncHI2;IncHI2A	319	0	0	GA	0															not_admitted	not_admitted	not_admitted	not_admitted	not_admitted	not_admitted	not_admitted	not_admitted	not_admitted	not_admitted	1	34;33935;34993;+;276.9	182;167175;168590;-;194.1	183;168580;169626;-;173.7	11;8956;11637;+;168.0	181;163216;167166;-;101.6	7;5271;6626;+;80.7	11;8956;11637;+;72.4	4;2759;3547;+;74.8	32;32282;33793;+;62.4	35;35012;38200;+;57.7	189;176667;178751;+;56.7	10;7997;8947;+;46.1	189;176667;178751;+;38.8	A	9/9	split_3	173908	0	1	
MF554641.1	MPF_F	IncFIA;IncFIB(AP001918);IncFII;IncI(Gamma)	226	0	0	GA	0															not_admitted	not_admitted	not_admitted	not_admitted	not_admitted	not_admitted	not_admitted	not_admitted	not_admitted	not_admitted	1	39;27043;28035;+;369.3	50;33721;35094;+;380.9	43;30734;31507;+;234.0	36;23407;26034;+;305.6	51;35091;37916;+;386.3	30;19925;21352;+;94.3	36;23407;26034;+;98.5	28;18644;19210;+;182.1	40;28044;28682;+;68.7	41;28679;30487;+;268.0	54;39420;41618;+;391.7	34;22376;22891;+;78.4	54;39420;41618;+;70.3	A	9/9	contiguous	20776	1	1	37913..38422+;169;unnamed;0
MG288679.1	MPF_F	Col(pHAD28);IncFIB(K);IncFII(pKP91)	265	0	0	GA	0															not_admitted	not_admitted	not_admitted	not_admitted	not_admitted	not_admitted	not_admitted	not_admitted	not_admitted	not_admitted	1	240;213972;214961;+;363.3	251;220780;222147;+;382.2	247;218770;219522;+;233.7	236;209876;212515;+;259.4	252;222147;224996;+;342.9	226;204490;205914;+;89.2	236;209876;212515;+;88.3	224;203197;203763;+;167.9	242;215237;215884;+;65.9	243;215943;217898;+;259.5	256;226808;229090;+;393.3	228;206526;207110;+;53.8	256;226808;229090;+;65.9	A	9/9	contiguous	23611	1	1	224999..225529+;176;unnamed;0
MG764551.1	MPF_F	Col(pHAD28);IncFIB(K);IncFII(pKP91)	297	0	0	GA	0															not_admitted	not_admitted	not_admitted	not_admitted	not_admitted	not_admitted	not_admitted	not_admitted	not_admitted	not_admitted	1	252;233657;234646;-;363.3	241;226471;227838;-;382.2	245;229096;229848;-;233.7	256;236103;238742;-;259.4	240;223622;226471;-;342.9	266;242704;244128;-;89.2	256;236103;238742;-;88.3	268;244855;245421;-;167.9	250;232734;233381;-;65.9	249;230720;232675;-;259.5	236;219528;221810;-;393.3	264;241508;242092;-;53.8	236;219528;221810;-;65.9	A	9/9	contiguous	25327	1	1	223089..223619-;176;unnamed;0
MG773377.1	MPF_T	IncX3	69	0	0	GA	1		45;34190;34438;-;65.4	44;31412;34165;-;47.0	44;31412;34165;-;142.4	44;31412;34165;-;73.3	43;30632;31402;-;60.1	41;29298;30353;-;133.1		40;28375;29103;-;119.4	39;27440;28369;-;138.8	38;26229;27443;-;128.3	36;25161;26033;-;65.0	34;23160;23963;-;281.8		pfam	pfam_only	A	7/7	canonical	1	1	unscoreable	2	0	0														not_admitted	not_admitted	not_admitted	not_admitted	not_admitted	not_admitted	not_admitted
MG879028.1	MPF_T	IncP1	82	0	0	GA	1	34;29203;29838;+;23.5	23;18907;19371;+;63.5	24;19375;19686;+;49.8	25;19683;22241;+;91.0	25;19683;22241;+;112.1	30;25854;26618;+;122.3	32;26866;28584;+;143.0		26;22238;23020;+;145.8	27;23038;23937;+;186.5	29;24433;25833;+;223.3	22;17928;18890;+;127.6	62;57514;59427;-;525.1		conjscan	conjscan_only	A	7/7	canonical	1	0	unscoreable	4	0	0														not_admitted	not_admitted	not_admitted	not_admitted	not_admitted	not_admitted	not_admitted
MH339998.1	MPF_T	Col(pHAD28);IncN	58	0	0	GA	1	43;39616;40350;+;32.5	45;40650;40943;+;28.7	46;40993;41310;+;63.3	47;41310;43910;+;111.8	47;41310;43910;+;76.8	48;43928;44641;+;97.1	50;44892;45569;+;114.9						18;13428;14957;+;38.5		pfam	both	D	3/7	canonical	1	0	unscoreable	2	0	0														not_admitted	not_admitted	not_admitted	not_admitted	not_admitted	not_admitted	not_admitted
MH430881.1	MPF_I	IncFIB(K);IncI1-I(Alpha)	242	0	0	GA	1	237;198636;199196;+;85.6	148;122300;122599;-;36.6	147;120737;122290;-;62.4	147;120737;122290;-;135.5	147;120737;122290;-;47.7		142;117479;118306;-;111.2		140;116594;116932;-;72.0	139;115708;116601;-;146.0	137;114523;115056;-;120.0	232;195346;196899;+;215.5	128;106828;108735;-;24.3		none	none	A	7/7	canonical	0	1	unscoreable	17	0	0														not_admitted	not_admitted	not_admitted	not_admitted	not_admitted	not_admitted	not_admitted
MH430882.1	MPF_T	IncFIB(K)	127	0	0	GA	1	59;54342;55004;-;48.3	58;54032;54331;-;36.6	57;52469;54022;-;62.4	57;52469;54022;-;135.5	57;52469;54022;-;47.7		52;49211;50038;-;111.2		50;48326;48664;-;72.0	49;47440;48333;-;146.0	47;46255;46788;-;120.0	46;45198;46088;-;71.9	38;38560;40467;-;24.3		none	none	A	7/7	canonical	0	1	unscoreable	13	0	0														not_admitted	not_admitted	not_admitted	not_admitted	not_admitted	not_admitted	not_admitted
MH733011.1	MPF_F	IncFIB(pNDM-Mar);IncHI1B(pNDM-MAR);IncN	349	0	0	GA	0															not_admitted	not_admitted	not_admitted	not_admitted	not_admitted	not_admitted	not_admitted	not_admitted	not_admitted	not_admitted	1	279;251855;252892;-;282.3	93;76895;78304;+;190.4	92;75868;76905;+;175.6	292;263724;266441;-;148.7	94;78306;82274;+;121.3	296;268554;269924;-;65.6	292;263724;266441;-;85.2	299;271570;272430;-;79.0	280;252889;254250;-;69.9	278;248660;251845;-;59.2	85;66543;68669;-;58.4	293;266486;267223;-;56.9	85;66543;68669;-;41.0	A	9/9	split_2	205027	0	1	
MK036889.1	MPF_F	IncFIB(K);IncFII(K)	270	0	0	GA	0															not_admitted	not_admitted	not_admitted	not_admitted	not_admitted	not_admitted	not_admitted	not_admitted	not_admitted	not_admitted	1	210;194978;195967;-;366.6	200;188064;189431;-;384.0	204;190689;191441;-;233.7	214;197410;200049;-;258.5	199;185215;188064;-;346.4	223;203740;205164;-;88.0	214;197410;200049;-;88.2	225;205891;206457;-;167.9	209;194327;194965;-;66.9	208;192313;194268;-;259.7	195;180441;182753;-;393.1	220;202544;203128;-;53.6	195;180441;182753;-;66.6	A	9/9	contiguous	25450	1	1	184679..185212-;177;unnamed;0
MK649823.1	MPF_F	IncFIB(pQil);IncFII(K);IncFII(pAR0022)	243	0	0	GA	0															not_admitted	not_admitted	not_admitted	not_admitted	not_admitted	not_admitted	not_admitted	not_admitted	not_admitted	not_admitted	1	74;55047;56036;+;366.6	84;61583;62950;+;384.1	80;59573;60325;+;233.7	70;50951;53590;+;258.5	85;62950;65772;+;346.6	63;46700;48124;+;89.3	70;50951;53590;+;88.7	61;45407;45973;+;169.3	75;56049;56687;+;66.9	76;56746;58701;+;259.4	89;68388;70700;+;393.1	64;48196;48780;+;54.7	89;68388;70700;+;66.6	A	9/9	contiguous	22981	1	1	65795..66397+;200;TraS;0
MK649824.1	MPF_F	IncFIA;IncFIB(pQil);IncFII(K);IncFII(pAMA1167-NDM-5)	217	0	0	GA	0															not_admitted	not_admitted	not_admitted	not_admitted	not_admitted	not_admitted	not_admitted	not_admitted	not_admitted	not_admitted	1	117;97767;98756;+;366.6	127;104303;105670;+;382.2	123;102293;103045;+;236.4	113;93671;96310;+;258.5	128;105670;108519;+;341.9	106;89420;90844;+;89.3	113;93671;96310;+;88.7	104;88127;88693;+;169.3	118;98769;99407;+;66.9	119;99466;101421;+;259.7	135;113591;115903;+;392.7	107;90916;91500;+;54.7	135;113591;115903;+;66.5	A	9/9	contiguous	25464	1	1	108532..109080+;182;unnamed;0
MK649825.1	MPF_F	IncFIB(pNDM-Mar);IncHI1B(pNDM-MAR)	307	0	0	GA	0															not_admitted	not_admitted	not_admitted	not_admitted	not_admitted	not_admitted	not_admitted	not_admitted	not_admitted	not_admitted	1	232;204630;205667;-;282.3	103;81387;82796;+;190.4	102;80360;81397;+;175.7	246;217722;220439;-;149.6	104;82798;86766;+;121.3	250;222552;223922;-;65.6	246;217722;220439;-;85.2	253;225568;226428;-;79.0	233;205664;207025;-;69.9	231;201435;204620;-;59.9	95;71035;73161;-;57.7	247;220484;221221;-;56.9	95;71035;73161;-;41.0	A	9/9	split_2	154533	0	1	
MK649826.1	MPF_F	IncFIB(K);IncFII(K);IncFII(pAR0022)	250	0	0	GA	0															not_admitted	not_admitted	not_admitted	not_admitted	not_admitted	not_admitted	not_admitted	not_admitted	not_admitted	not_admitted	1	207;212482;213471;-;363.3	196;205296;206663;-;384.1	200;207921;208673;-;233.7	211;214928;217567;-;259.0	195;202474;205296;-;346.4	221;221495;222919;-;89.5	211;214928;217567;-;88.7	223;223646;224212;-;167.0	205;211559;212206;-;65.9	204;209545;211500;-;259.4	191;197545;199857;-;393.1	219;220299;220883;-;53.8	191;197545;199857;-;66.6	A	9/9	contiguous	26101	1	1	201849..202451-;200;TraS;0
MK649827.1	MPF_F	IncFIB(K);IncFII(pKP91)	187	0	0	GA	0															not_admitted	not_admitted	not_admitted	not_admitted	not_admitted	not_admitted	not_admitted	not_admitted	not_admitted	not_admitted	1	55;54556;55545;-;363.3	45;47642;49009;-;384.1	49;50267;51019;-;233.7	59;57002;59641;-;258.5	44;44793;47642;-;345.5	67;62982;64406;-;89.3	59;57002;59641;-;88.5	69;65133;65699;-;167.0	54;53905;54543;-;66.0	53;51891;53846;-;260.6	40;40023;42332;-;393.1	65;61786;62370;-;54.6	40;40023;42332;-;66.6	A	9/9	contiguous	25110	1	1	44260..44790-;176;unnamed;0
MK649828.1	MPF_F	IncFIB(K);IncFII(pKP91)	185	0	0	GA	0															not_admitted	not_admitted	not_admitted	not_admitted	not_admitted	not_admitted	not_admitted	not_admitted	not_admitted	not_admitted	1	132;127474;128463;-;363.3	122;120560;121927;-;384.6	126;123185;123937;-;231.1	136;129920;132559;-;258.5	121;117711;120560;-;345.5	144;135899;137323;-;89.3	136;129920;132559;-;88.5	146;138050;138616;-;167.0	131;126823;127461;-;66.0	130;124809;126764;-;260.6	117;112967;115249;-;393.2	142;134703;135287;-;54.6	117;112967;115249;-;65.8	A	9/9	contiguous	25083	1	1	117130..117708-;192;unnamed;0
MK649829.1	MPF_F	IncFIB(K);IncFII(pKP91)	193	0	0	GA	0															not_admitted	not_admitted	not_admitted	not_admitted	not_admitted	not_admitted	not_admitted	not_admitted	not_admitted	not_admitted	1	140;148100;149089;-;363.3	130;141186;142553;-;384.6	134;143811;144563;-;233.7	144;150546;153185;-;258.5	129;138337;141186;-;345.5	152;156526;157950;-;89.3	144;150546;153185;-;88.5	154;158677;159243;-;167.0	139;147449;148087;-;66.0	138;145435;147390;-;260.6	125;133567;135876;-;393.1	150;155330;155914;-;54.6	125;133567;135876;-;66.6	A	9/9	contiguous	25110	1	1	137804..138334-;176;unnamed;0
MK715437.1	MPF_T	IncX3	57	0	0	GA	1	42;35606;36250;-;46.4	41;35332;35622;-;73.1	40;32554;35307;-;47.0	40;32554;35307;-;142.4	40;32554;35307;-;73.3	39;31774;32544;-;60.1	37;30440;31495;-;133.2		36;29517;30245;-;119.4	35;28582;29511;-;138.8	34;27371;28585;-;128.3	32;26141;27175;-;65.7	31;24303;26138;-;495.9		pfam	pfam_only	A	7/7	canonical	1	1	unscoreable	2	0	0														not_admitted	not_admitted	not_admitted	not_admitted	not_admitted	not_admitted	not_admitted
MN366356.1	MPF_T	IncP1	69	0	0	GA	1	16;14000;14629;+;24.1	4;3368;3832;+;65.0	5;3836;4147;+;47.0	6;4144;6702;+;98.2	6;4144;6702;+;122.1	11;10267;11037;+;134.8	14;11444;13360;+;155.8		7;6699;7472;+;145.4	8;7490;8383;+;185.7	10;8845;10248;+;222.0	3;2392;3354;+;134.7	49;43386;45290;-;521.1		conjscan	conjscan_only	A	7/7	canonical	1	0	unscoreable	5	0	0														not_admitted	not_admitted	not_admitted	not_admitted	not_admitted	not_admitted	not_admitted
MN366357.1	MPF_T	-	70	0	0	GA	1	18;9373;10134;+;34.2	20;12624;12932;+;73.1	21;12942;13265;+;79.8	22;13272;15752;+;199.3	22;13272;15752;+;108.6	23;15758;16480;+;234.1	26;17176;18258;+;170.0		28;18565;19275;+;204.9	29;19272;20144;+;184.0	30;20144;21304;+;190.7	31;21288;22355;+;91.7	33;22872;25376;+;350.1		pfam	both	A	7/7	canonical	1	0	unscoreable	4	0	0														not_admitted	not_admitted	not_admitted	not_admitted	not_admitted	not_admitted	not_admitted
MN366358.1	MPF_T	IncP1	59	0	0	GA	1	15;13702;14337;+;23.5	4;3373;3837;+;66.5	5;3841;4152;+;49.8	6;4149;6707;+;91.0	6;4149;6707;+;112.0	11;10341;11105;+;122.3	13;11353;13083;+;143.0		7;6704;7486;+;145.8	8;7504;8403;+;186.5	10;8899;10320;+;223.1	3;2394;3359;+;128.3	39;37938;39851;-;525.7		conjscan	conjscan_only	A	7/7	canonical	1	0	unscoreable	4	0	0														not_admitted	not_admitted	not_admitted	not_admitted	not_admitted	not_admitted	not_admitted
MN366359.1	MPF_T	IncP1	63	0	0	GA	1	15;13691;14326;+;23.5	4;3374;3838;+;63.5	5;3842;4153;+;49.8	6;4150;6708;+;91.0	6;4150;6708;+;112.1	11;10342;11106;+;122.3	13;11354;13072;+;143.0		7;6705;7487;+;145.8	8;7505;8404;+;186.5	10;8900;10321;+;223.3	3;2395;3357;+;127.6	26;26542;28455;-;525.1		conjscan	conjscan_only	A	7/7	canonical	1	0	unscoreable	4	0	0														not_admitted	not_admitted	not_admitted	not_admitted	not_admitted	not_admitted	not_admitted
MN366360.1	MPF_T	IncP1	68	0	0	GA	1	16;14000;14629;+;24.1	4;3368;3832;+;65.0	5;3836;4147;+;47.0	6;4144;6702;+;98.2	6;4144;6702;+;122.1	11;10267;11037;+;134.8	14;11444;13360;+;155.8		7;6699;7472;+;145.4	8;7490;8383;+;185.7	10;8845;10248;+;222.0	3;2392;3354;+;134.7	48;42491;44395;-;521.1		conjscan	conjscan_only	A	7/7	canonical	1	0	unscoreable	5	0	0														not_admitted	not_admitted	not_admitted	not_admitted	not_admitted	not_admitted	not_admitted
MN366361.1	MPF_T	IncP1	77	0	0	GA	1	15;13655;14245;+;24.4	4;3379;3843;+;62.5	5;3847;4158;+;51.2	6;4155;6713;+;94.5	6;4155;6713;+;113.8	11;10274;11047;+;126.5	13;11287;13011;+;148.1		7;6710;7498;+;147.0	8;7516;8409;+;181.0	10;8878;10257;+;221.2	3;2392;3357;+;133.1	60;46485;48389;+;528.7		conjscan	conjscan_only	A	7/7	canonical	1	0	unscoreable	4	0	0														not_admitted	not_admitted	not_admitted	not_admitted	not_admitted	not_admitted	not_admitted
MN536506.1	MPF_T	-	68	0	0	GA	1	11;10433;11059;-;60.5	53;50154;50459;-;77.7	52;49815;50138;-;84.6	51;47271;49805;-;207.9	51;47271;49805;-;102.7	50;46547;47266;-;231.6	48;45028;46113;-;165.9		47;43984;44715;-;198.9	46;43109;43987;-;202.0	45;41976;43112;-;198.2	44;40928;41998;-;101.4	43;38100;40706;-;330.6		pfam	both	A	7/7	canonical	1	0	unscoreable	2	0	0														not_admitted	not_admitted	not_admitted	not_admitted	not_admitted	not_admitted	not_admitted
MN657244.1	MPF_F	IncC	138	0	0	GA	0															not_admitted	not_admitted	not_admitted	not_admitted	not_admitted	not_admitted	not_admitted	not_admitted	not_admitted	not_admitted	1		127;104029;105462;+;339.2	126;102999;104027;+;221.7	90;67457;69904;+;354.2	128;105475;109089;+;375.3	80;52812;54128;+;135.0	90;67457;69904;+;128.6	78;51288;51914;+;92.1	93;70726;71991;+;67.6		69;45613;47478;+;47.4	81;54125;54703;+;100.2	69;45613;47478;+;52.0	C	7/9	split_2	59862	0	0	
MN657248.1	MPF_F	IncFIB(pQil);IncFII(K)	158	0	0	GA	0															not_admitted	not_admitted	not_admitted	not_admitted	not_admitted	not_admitted	not_admitted	not_admitted	not_admitted	not_admitted	1	133;100166;101155;+;366.0	143;106702;108069;+;384.6	139;104692;105444;+;233.7	129;96070;98709;+;258.5	144;108069;110918;+;345.0	122;91819;93243;+;89.3	129;96070;98709;+;88.7	120;90526;91092;+;169.3	134;101168;101806;+;67.0	135;101865;103820;+;259.2	148;113382;115694;+;393.2	123;93315;93899;+;54.9	148;113382;115694;+;65.8	A	9/9	contiguous	22856	1	1	110921..111451+;176;unnamed;0
MN657249.1	MPF_F	IncC	179	0	0	GA	0															not_admitted	not_admitted	not_admitted	not_admitted	not_admitted	not_admitted	not_admitted	not_admitted	not_admitted	not_admitted	1	95;72620;73627;+;332.9	167;143904;145337;+;339.2	166;142874;143902;+;221.7	90;67421;69868;+;354.2	168;145350;148964;+;375.3	80;52776;54092;+;135.0	90;67421;69868;+;128.6	78;51252;51878;+;92.1	93;70690;71955;+;67.6	96;73743;76538;+;145.3	69;45577;47442;+;47.4	81;54089;54667;+;100.2	69;45577;47442;+;52.0	A	9/9	split_2	99773	0	1	
MN657250.1	MPF_F	IncC	180	0	0	GA	0															not_admitted	not_admitted	not_admitted	not_admitted	not_admitted	not_admitted	not_admitted	not_admitted	not_admitted	not_admitted	1	95;72656;73663;+;332.9	169;145140;146573;+;339.2	168;144110;145138;+;221.7	90;67457;69904;+;354.2	170;146586;150200;+;375.3	80;52812;54128;+;135.0	90;67457;69904;+;128.6	78;51288;51914;+;92.1	93;70726;71991;+;67.6	96;73779;76574;+;145.3	69;45613;47478;+;47.4	81;54125;54703;+;100.2	69;45613;47478;+;52.0	A	9/9	split_2	100973	0	1	
MN657251.1	MPF_F	IncFIB(pQil);IncFII(K)	118	0	0	GA	0															not_admitted	not_admitted	not_admitted	not_admitted	not_admitted	not_admitted	not_admitted	not_admitted	not_admitted	not_admitted	1	64;62789;63778;-;366.0	54;55875;57242;-;380.7	58;58500;59252;-;233.7	68;65221;67860;-;258.5	53;53026;55875;-;345.6	76;71117;72541;-;88.8	68;65221;67860;-;88.7	78;73268;73834;-;169.3	63;62138;62776;-;67.0	62;60124;62079;-;259.7	49;48228;50540;-;392.7	75;70419;71003;-;55.4	49;48228;50540;-;66.5	A	9/9	contiguous	25040	1	1	52465..53013-;182;unnamed;0
MN657252.1	MPF_F	IncC	203	0	0	GA	0															not_admitted	not_admitted	not_admitted	not_admitted	not_admitted	not_admitted	not_admitted	not_admitted	not_admitted	not_admitted	1	99;71322;72329;+;332.9	195;159132;160565;+;339.2	194;158102;159130;+;221.7	94;66123;68570;+;354.2	196;160578;164192;+;375.3	83;52812;54128;+;135.0	94;66123;68570;+;128.6	81;51288;51914;+;92.1	97;69392;70657;+;67.6	100;72445;75240;+;145.3	72;45613;47478;+;47.4	84;54125;54703;+;100.2	72;45613;47478;+;52.0	A	9/9	split_2	114965	0	1	
MN661402.1	MPF_F	IncFIA(pBK30683);IncFII(Yp);repFIB;repHI5B	427	0	0	GA	0															not_admitted	not_admitted	not_admitted	not_admitted	not_admitted	not_admitted	not_admitted	not_admitted	not_admitted	not_admitted	1	42;46588;47580;-;372.3	32;39585;40955;-;383.1	35;41724;42476;-;222.2	45;48603;51242;-;258.9	31;36730;39585;-;333.3	52;54352;55773;-;88.0	45;48603;51242;-;88.4	54;56494;57060;-;161.7	265;232850;234211;+;71.7	40;43997;45952;-;254.7	28;32667;34985;-;390.7	254;219836;220573;+;56.3	28;32667;34985;-;66.8	A	9/9	split_2	200183	1	1	36042..36713-;223;unnamed;0
MN868654.1	MPF_F	IncFII(pHN7A8)	150	0	0	GA	0															not_admitted	not_admitted	not_admitted	not_admitted	not_admitted	not_admitted	not_admitted	not_admitted	not_admitted	not_admitted	1	109;67033;67698;+;228.5	123;75447;75836;+;70.2	118;72564;73049;+;155.5	103;63897;64352;+;78.5	127;76840;77547;+;137.2		104;64405;64791;+;40.5	91;58552;58758;+;72.9	112;69124;69441;+;49.2	117;71487;71891;+;116.8	135;82551;82805;+;68.7	101;62276;62632;+;39.7	135;82551;82805;+;51.9	A	9/9	contiguous	23999	1	1	77529..78557+;342;unnamed;0
MN956836.1	MPF_F	IncFIB(K);IncFIB(pNDM-Mar);IncFII(pBK30683);IncHI1B(pNDM-MAR)	791	0	0	GA	0															not_admitted	not_admitted	not_admitted	not_admitted	not_admitted	not_admitted	not_admitted	not_admitted	not_admitted	not_admitted	1	400;258750;259229;+;192.9	414;265303;265647;+;45.0	408;262797;263300;+;83.5	391;254337;255065;+;111.6	417;266933;267418;+;104.5	384;250799;251164;+;38.1			402;259556;259882;+;45.9	404;261277;261459;+;49.0	427;272620;272994;+;111.4	109;77943;78215;+;32.2	428;272942;273790;+;33.7	B	8/9	split_2	194999	1	1	267599..267889+;96;unnamed;0
MW191861.1	MPF_T	IncN	108	0	0	GA	1	21;12287;12856;+;30.4		23;13527;13844;+;63.3	25;14864;15304;+;53.5		28;16533;17231;+;102.9	30;17869;18453;+;78.9		32;19055;19363;+;40.3			39;22071;22445;+;43.3			pfam	both	D	4/7	canonical	1	0	unscoreable	11	0	0														not_admitted	not_admitted	not_admitted	not_admitted	not_admitted	not_admitted	not_admitted
MW265923.1	MPF_T	rep38	75	0	0	GA	1				4;1814;3829;+;23.6									10;7855;9405;+;462.8		none	none	D	2/7	uncallable	0	0	unscoreable	5	0	0														not_admitted	not_admitted	not_admitted	not_admitted	not_admitted	not_admitted	not_admitted
MW646304.1	MPF_F	IncFII	60	0	0	GA	0															not_admitted	not_admitted	not_admitted	not_admitted	not_admitted	not_admitted	not_admitted	not_admitted	not_admitted	not_admitted	1	11;6225;7013;+;290.4	22;12549;13922;+;381.7	17;9895;10446;+;131.0	6;3196;4017;+;115.3	23;13919;16603;+;373.7		8;4141;5217;+;49.7		12;7279;7860;+;68.9	15;8746;9621;+;236.6	28;19286;19672;+;130.0	1;472;987;+;78.4	28;19286;19672;+;53.9	B	8/9	contiguous	18814	1	1	17207..17692+;161;unnamed;1
MZ382871.1	MPF_F	IncHI2;IncHI2A	451	1	1	GA	1	292;273650;274189;+;23.7	248;230774;231160;-;85.3	247;230508;230777;-;32.5	246;228045;230495;-;37.9	246;228045;230495;-;125.2	245;227305;228048;-;226.6	243;225602;226969;-;177.3		242;224879;225583;-;235.9	241;223890;224882;-;223.0	240;222607;223887;-;208.0	249;231157;232227;-;118.3	251;232697;234694;-;333.6	30;31900;35088;+;58.3	conjscan	conjscan_only	A	7/7	canonical	1	0	unscoreable	3	0	1	29;30823;31881;+;276.9	297;280612;282027;-;194.1	298;282017;283063;-;174.1	11;8955;11636;+;168.0	296;276653;280603;-;102.0	240;222607;223887;-;208.0	11;8955;11636;+;72.2	4;2758;3546;+;74.8	27;29170;30681;+;62.7	30;31900;35088;+;58.3	251;232697;234694;-;103.8	10;7996;8946;+;46.4	251;232697;234694;-;99.0	A	9/9	split_4	279259	0	1	
MZ382872.1	MPF_T	IncN2	74	0	0	GA	1	50;41255;42037;-;33.3	48;40712;41008;-;36.0	47;40355;40672;-;71.9	46;37781;40354;-;118.0	46;37781;40354;-;74.2	45;37052;37765;-;107.4	43;35746;36783;-;119.6	42;35538;35669;-;40.1	41;34832;35527;-;132.6	40;33934;34821;-;147.8	39;32801;33934;-;166.3	38;31749;32750;-;90.1	17;12016;13548;+;51.8		pfam	both	A	7/7	canonical	1	0	ga	2	0	0														not_admitted	not_admitted	not_admitted	not_admitted	not_admitted	not_admitted	not_admitted
MZ690482.1	MPF_F	IncFIB(K);IncFII(K);IncFII(pAR0022)	282	0	0	GA	0															not_admitted	not_admitted	not_admitted	not_admitted	not_admitted	not_admitted	not_admitted	not_admitted	not_admitted	not_admitted	1	180;119741;120070;-;109.9	170;113165;114223;-;322.8	174;115667;116071;-;140.2	187;123189;123866;-;70.2	165;110084;111919;-;94.7			197;129635;130324;-;168.3	179;119090;119728;-;66.9	177;117579;117830;-;69.6	159;105675;106184;-;136.7	192;126968;127552;-;54.3	159;105675;106184;-;69.5	A	9/9	contiguous	23960	1	1	109422..110024-;200;TraS;0
MZ690483.1	MPF_F	IncFIB(K);IncFII(K);IncFII(pAR0022)	259	0	0	GA	0															not_admitted	not_admitted	not_admitted	not_admitted	not_admitted	not_admitted	not_admitted	not_admitted	not_admitted	not_admitted	1	231;163551;163880;+;109.9	241;169402;170010;+;219.5	237;167401;168138;+;206.5	223;158939;160501;+;254.7	247;171255;172037;+;183.9		223;158939;160501;+;32.1	212;153292;153948;+;168.6	232;163893;164531;+;66.9	233;165314;166207;+;161.2	256;177443;177952;+;136.7	218;156063;156647;+;54.3	256;177443;177952;+;69.5	A	9/9	contiguous	24151	1	1	172120..173436+;438;unnamed;0
MZ690486.1	MPF_F	IncFIB(K);IncFII(K);IncFII(pAR0022);IncHI1B(pNDM-MAR);repB	381	0	0	GA	0															not_admitted	not_admitted	not_admitted	not_admitted	not_admitted	not_admitted	not_admitted	not_admitted	not_admitted	not_admitted	1	4;2384;2713;+;109.9	12;7796;8836;+;193.2	9;6231;6872;+;163.8	379;270364;271521;+;156.7	15;9749;10567;+;185.7	370;266218;266667;+;35.4	380;271703;272116;+;41.1	367;264316;264972;+;168.6	5;2726;3364;+;66.9	6;4741;5232;+;162.7	25;16269;17345;+;133.9	372;267087;267344;+;21.7	25;16269;17345;+;67.6	A	9/9	split_2	269319	1	1	10534..10863+;109;unnamed;0
MZ690487.1	MPF_F	IncFIA(HI1);IncFIB(K);IncR;repB(R1701)	411	0	0	GA	0															not_admitted	not_admitted	not_admitted	not_admitted	not_admitted	not_admitted	not_admitted	not_admitted	not_admitted	not_admitted	1	225;152312;152713;+;108.9	236;157916;158761;+;208.7	230;156157;156603;+;83.5	216;148114;148497;+;45.8	240;160008;160790;+;183.9		219;149268;149864;+;42.3	204;142065;142754;+;168.3	226;152652;153290;+;66.9	228;154665;154964;+;104.0	247;166196;166840;+;135.7	209;144843;145415;+;54.5	247;166196;166840;+;68.7	A	9/9	contiguous	24131	1	1	160796..161989+;397;unnamed;0
NC_000914.2	MPF_T	-	544	0	0	GA	1		541;533475;533858;-;73.0	540;533183;533482;-;65.3	538;530715;532703;-;176.8	539;532723;533172;-;122.5	537;529940;530743;-;37.3	535;528577;529752;-;114.3		534;527891;528553;-;127.1	533;527061;527873;-;186.3	531;525304;526599;-;220.0	542;533848;534825;-;122.8	514;510341;512263;-;576.2		conjscan	conjscan_only	A	7/7	canonical	1	0	unscoreable	3	0	0														not_admitted	not_admitted	not_admitted	not_admitted	not_admitted	not_admitted	not_admitted
NC_001735.4	MPF_T	IncP1	54	0	0	GA	1	34;28915;29550;+;23.5	23;18597;19061;+;62.5	24;19065;19376;+;47.4	25;19373;21931;+;91.0	25;19373;21931;+;111.9	30;25565;26329;+;122.3	32;26578;28296;+;143.0		26;21928;22710;+;145.7	27;22728;23627;+;186.7	29;24123;25544;+;223.3	22;17618;18580;+;126.7	48;46887;48800;-;525.1		conjscan	conjscan_only	A	7/7	canonical	1	0	unscoreable	4	0	0														not_admitted	not_admitted	not_admitted	not_admitted	not_admitted	not_admitted	not_admitted
NC_001949.1	MPF_T	rep33	63	0	0	GA	1				9;6382;8400;+;23.4									15;12410;14002;+;523.8		none	none	D	2/7	uncallable	0	0	unscoreable	5	0	0														not_admitted	not_admitted	not_admitted	not_admitted	not_admitted	not_admitted	not_admitted
NC_002033.1	MPF_F	-	187	0	0	GA	0															not_admitted	not_admitted	not_admitted	not_admitted	not_admitted	not_admitted	not_admitted	not_admitted	not_admitted	not_admitted	1	108;111947;112969;-;416.6	103;106404;107858;-;384.4	104;107858;108670;-;237.6	113;115376;117946;-;432.9	102;103653;106391;-;347.0	116;120044;121420;-;108.3	113;115376;117946;-;95.5	118;122214;122837;-;208.1	107;111174;111938;-;114.8	106;109058;111172;-;306.7	89;90847;93177;+;548.2		89;90847;93177;+;68.3	B	8/9	contiguous	31367	0	1	
NC_002134.1	MPF_F	IncFII	111	0	0	GA	0															not_admitted	not_admitted	not_admitted	not_admitted	not_admitted	not_admitted	not_admitted	not_admitted	not_admitted	not_admitted	1	79;63015;64007;+;369.5	90;69786;71159;+;381.7	85;67113;67856;+;234.4	76;59376;62006;+;304.1	91;71156;73978;+;374.0	68;54523;55974;+;94.2	76;59376;62006;+;97.1	66;53242;53808;+;174.3	81;64351;64989;+;68.6	83;65910;66836;+;269.1	95;76250;78466;+;391.2	71;56834;57349;+;78.4	95;76250;78466;+;70.3	A	9/9	contiguous	23008	1	1	74000..74479+;159;TraS;0
NC_002147.1	MPF_T	-	195	0	0	GA	1	140;140576;141313;+;75.2	17;15613;16014;-;73.1	142;141678;142004;+;73.6	143;142004;144373;+;239.2	15;12842;15310;-;125.4	14;12067;12870;-;45.0	12;10662;11858;-;112.0		147;146230;146943;+;176.9	10;9113;9979;-;189.2	8;7308;8624;-;226.5	18;16004;16975;-;133.5	102;97732;99681;-;544.5		conjscan	conjscan_only	A	7/7	uncallable	0	0	unscoreable	11	0	0														not_admitted	not_admitted	not_admitted	not_admitted	not_admitted	not_admitted	not_admitted
NC_002305.1	MPF_F	IncFIA(HI1);IncHI1A;IncHI1B(R27)	201	0	0	GA	0															not_admitted	not_admitted	not_admitted	not_admitted	not_admitted	not_admitted	not_admitted	not_admitted	not_admitted	not_admitted	1	5;8181;9233;-;277.6	121;111870;113285;+;201.7	120;110834;111880;+;171.3	22;28465;31146;-;160.6	122;113294;117283;+;103.1	26;33494;34852;-;84.0	22;28465;31146;-;76.5	29;36519;37304;-;68.7	7;9378;10886;-;65.7	4;4982;8158;-;58.9	114;101815;103899;-;50.2	23;31155;32105;-;45.2	114;101815;103899;-;36.4	A	9/9	split_2	108312	0	1	
NC_002377.1	MPF_T	-	193	0	0	GA	1	142;151232;151951;+;58.2	99;104952;105356;-;71.8	144;152331;152657;+;68.7	145;152657;155026;+;226.4	97;102187;104649;-;129.8	96;101406;102215;-;45.7	94;100001;101188;-;107.4		148;156815;157588;+;176.5	92;98453;99307;-;185.7	90;96666;97967;-;226.5	100;105346;106317;-;131.9	26;28152;30074;-;556.9		conjscan	conjscan_only	A	7/7	uncallable	0	0	unscoreable	18	0	0														not_admitted	not_admitted	not_admitted	not_admitted	not_admitted	not_admitted	not_admitted
NC_002483.1	MPF_F	IncFIA;IncFIB(AP001918);IncFIC(FII)	102	0	0	GA	0															not_admitted	not_admitted	not_admitted	not_admitted	not_admitted	not_admitted	not_admitted	not_admitted	not_admitted	not_admitted	1	82;77377;78369;+;368.6	93;84052;85428;+;374.3	86;81098;81841;+;234.1	79;73741;76368;+;306.8	94;85425;88241;+;386.1	72;70259;71686;+;94.3	79;73741;76368;+;98.5	70;68978;69544;+;183.8	83;78378;79016;+;67.3	84;79013;80821;+;268.0	97;89804;91957;+;391.1	76;72710;73225;+;77.3	97;89804;91957;+;69.2	A	9/9	contiguous	20826	1	1	88274..88795+;173;unnamed;0
NC_002490.1	MPF_T	-	71	0	0	GA	1	1;435;1010;+;52.7	4;3353;3709;+;71.4	5;3712;4080;+;79.4	6;4094;6541;+;156.8	6;4094;6541;+;88.7	7;6538;7218;+;149.4	10;7794;8840;+;172.0		12;9150;9971;+;183.8	13;9982;10818;+;190.8	46;30256;31659;-;205.7	15;12158;13189;+;89.6	16;13155;15164;+;361.2		pfam	both	A	7/7	canonical	1	0	unscoreable	8	0	0														not_admitted	not_admitted	not_admitted	not_admitted	not_admitted	not_admitted	not_admitted
NC_002525.1	MPF_T	IncI2(Delta)	94	0	0	GA	1	56;46638;47120;-;81.1	72;63264;63554;-;28.9	71;62873;63157;-;36.4	70;60510;62867;-;60.7	70;60510;62867;-;43.4	81;68618;69259;-;43.0	82;69265;70260;-;136.6		68;59610;60344;-;144.4	67;58843;59613;-;170.5	66;57714;58853;-;154.7	59;48888;50441;-;207.9	64;54506;56464;-;286.8		pfam	pfam_only	A	7/7	rearranged	1	0	unscoreable	14	0	0														not_admitted	not_admitted	not_admitted	not_admitted	not_admitted	not_admitted	not_admitted
NC_002575.1	MPF_T	-	200	0	0	GA	1	178;192879;193601;+;53.4	145;157661;158044;-;74.6	180;193963;194289;+;71.6	181;194289;196658;+;199.5	143;154908;157358;-;123.6	142;154133;154930;-;43.4	141;152761;153942;-;114.0		184;198479;199192;+;164.8	139;151249;152061;-;183.5	137;149495;150793;-;218.5	146;158034;159011;-;129.2	126;137408;139411;-;534.0		conjscan	conjscan_only	A	7/7	uncallable	0	0	unscoreable	11	0	0														not_admitted	not_admitted	not_admitted	not_admitted	not_admitted	not_admitted	not_admitted
NC_002579.1	MPF_T	-	34	0	0	GA	1	33;24756;25406;-;51.2	32;24442;24729;-;38.0	31;21658;24429;-;32.0	31;21658;24429;-;152.5	31;21658;24429;-;89.3	30;20919;21647;-;99.1	28;19667;20668;-;122.4		26;18772;19458;-;131.5	25;17913;18770;-;157.2	24;16794;17903;-;169.9	23;15750;16781;-;94.1	22;14011;15750;-;344.5		pfam	pfam_only	A	7/7	canonical	1	1	unscoreable	2	0	0														not_admitted	not_admitted	not_admitted	not_admitted	not_admitted	not_admitted	not_admitted
NC_002679.1	MPF_T	-	345	0	0	GA	1	226;228254;229105;+;82.3	227;229118;229426;+;76.5	228;229432;229740;+;64.0	229;229737;232154;+;116.2	229;229737;232154;+;98.8	231;233045;233758;+;29.9	232;233985;235055;+;145.4		233;235069;235800;+;188.1	234;235797;236633;+;185.6	235;236617;237975;+;208.1	236;237941;238987;+;114.0	237;238965;241292;+;284.0		pfam	pfam_only	A	7/7	canonical	1	0	unscoreable	1	0	0														not_admitted	not_admitted	not_admitted	not_admitted	not_admitted	not_admitted	not_admitted
NC_002682.1	MPF_T	-	238	0	0	GA	1	228;198372;199133;+;92.2	105;80584;80916;-;87.9	104;80303;80584;-;32.1	103;77842;80292;-;36.4	103;77842;80292;-;129.6	102;77087;77845;-;238.4	100;75385;76755;-;196.5		99;74692;75381;-;224.5	98;73631;74695;-;213.5	97;72498;73634;-;227.9	106;80913;81896;-;120.0	230;201260;203239;+;331.2		conjscan	conjscan_only	A	7/7	canonical	1	0	unscoreable	3	0	0														not_admitted	not_admitted	not_admitted	not_admitted	not_admitted	not_admitted	not_admitted
NC_003037.1	MPF_T	-	1397	0	0	GA	1		774;719850;720149;-;89.1	773;719504;719845;-;106.3	772;717133;719529;-;172.9	772;717133;719529;-;108.5	771;716432;717133;-;204.3	769;715261;716196;-;162.8		767;714274;714945;-;215.8	766;713420;714274;-;183.4	765;712238;713410;-;182.1	914;867356;868849;-;213.3	550;513088;515007;-;336.4		pfam	both	A	7/7	canonical	1	0	unscoreable	2	0	0														not_admitted	not_admitted	not_admitted	not_admitted	not_admitted	not_admitted	not_admitted
NC_003064.2	MPF_T	-	538	0	0	GA	1		160;161191;161490;+;87.8	161;161493;161834;+;105.3	162;161827;164208;+;172.7	162;161827;164208;+;107.5	163;164208;164906;+;209.3	165;165141;166076;+;163.8		167;166382;167053;+;221.1	168;167050;167904;+;185.3	169;167919;169091;+;185.6	170;169100;170110;+;100.3	110;113538;115457;-;326.6		pfam	both	A	7/7	canonical	1	0	unscoreable	2	0	0														not_admitted	not_admitted	not_admitted	not_admitted	not_admitted	not_admitted	not_admitted
NC_003065.3	MPF_T	-	195	0	0	GA	1	166;183877;184614;+;73.4	41;49875;50276;-;70.9	168;184979;185305;+;73.6	169;185305;187674;+;240.3	39;47104;49572;-;125.4	38;46329;47132;-;45.0	36;44924;46120;-;112.0		173;189531;190244;+;176.9	34;43375;44241;-;186.7	32;41570;42886;-;225.0	42;50266;51237;-;133.5	128;141249;143225;-;573.0		conjscan	conjscan_only	A	7/7	uncallable	0	0	unscoreable	11	0	0														not_admitted	not_admitted	not_admitted	not_admitted	not_admitted	not_admitted	not_admitted
NC_003277.2	MPF_F	IncFIB(S);IncFII(S);IncFII(pAR0022)	116	0	0	GA	0															not_admitted	not_admitted	not_admitted	not_admitted	not_admitted	not_admitted	not_admitted	not_admitted	not_admitted	not_admitted	1	97;72222;73214;+;366.7	106;78462;79844;+;392.4	103;76681;77430;+;231.0	94;68587;71235;+;314.1	107;79841;82663;+;394.4	86;64633;66054;+;91.5	94;68587;71235;+;97.8	84;63340;63906;+;185.6	99;73526;74164;+;70.6	101;74617;76443;+;271.0	110;84317;86560;+;374.0	89;66860;67375;+;96.7	110;84317;86560;+;72.0	A	9/9	contiguous	20977	1	1	82685..83173+;162;TraS;0
NC_003292.1	MPF_T	IncN	63	0	0	GA	1	7;3160;3894;+;32.5	9;4194;4487;+;28.7	10;4537;4848;+;57.4	11;4853;7453;+;100.3	11;4853;7453;+;77.1	12;7471;8184;+;87.4	14;8435;9475;+;145.4		15;9694;10392;+;127.3	16;10403;11287;+;150.1	17;11287;12447;+;156.0	18;12486;13481;+;80.0	22;18046;19575;-;38.5		pfam	both	A	7/7	canonical	1	0	unscoreable	5	0	0														not_admitted	not_admitted	not_admitted	not_admitted	not_admitted	not_admitted	not_admitted
NC_003350.1	MPF_T	-	145	0	0	GA	1	129;103168;104085;-;38.1	140;112995;113456;-;62.7	139;112690;112986;-;30.7	138;110019;112703;-;70.6	138;110019;112703;-;68.2	137;109330;110022;-;79.4	134;107853;108716;-;138.7		133;107189;107869;-;65.1	132;106378;107163;-;174.1	131;105110;106375;-;145.7	130;104069;105100;-;98.2	124;96954;98504;+;61.5		pfam	both	A	7/7	canonical	1	0	unscoreable	6	0	0														not_admitted	not_admitted	not_admitted	not_admitted	not_admitted	not_admitted	not_admitted
NC_003384.1	MPF_F	IncFIA(HI1);IncHI1A;IncHI1B(R27);IncQ1	250	0	0	GA	0															not_admitted	not_admitted	not_admitted	not_admitted	not_admitted	not_admitted	not_admitted	not_admitted	not_admitted	not_admitted	1	83;72846;73898;+;277.6	227;196295;197710;-;201.7	228;197700;198746;-;171.3	64;51248;53929;+;161.3	226;192297;196286;-;103.1	60;47542;48900;+;84.0	64;51248;53929;+;76.5	57;45090;45875;+;68.7	81;71193;72701;+;65.6	84;73921;77097;+;58.9	234;205681;207765;+;50.1	63;50289;51239;+;45.2	234;205681;207765;+;36.5	A	9/9	split_2	160591	0	1	
NC_003905.1	MPF_F	IncT	281	0	0	GA	0															not_admitted	not_admitted	not_admitted	not_admitted	not_admitted	not_admitted	not_admitted	not_admitted	not_admitted	not_admitted	1	205;157503;158579;+;282.5	226;175900;177351;+;247.0	225;174795;175886;+;190.4	201;152959;155445;+;219.1	227;177361;180657;+;264.3	198;149941;151290;+;111.5	201;152959;155445;+;115.3	196;148152;148769;+;84.9	204;156253;157503;+;57.9	229;181127;183829;+;126.3	190;143556;145523;+;22.6	199;151287;151877;+;73.9	190;143556;145523;+;31.3	A	9/9	contiguous	37571	0	1	
NC_003922.1	MPF_T	-	68	0	0	GA	1	33;33079;33981;-;38.9	44;42819;43196;-;71.2	43;42523;42822;-;50.8	42;39867;42536;-;66.0	42;39867;42536;-;82.7	41;39202;39864;-;70.7	38;37701;38567;-;148.5		37;37030;37704;-;92.1	36;36223;37005;-;199.4	35;35001;36221;-;174.5	34;33968;34990;-;112.7	27;26776;28350;+;70.4		pfam	both	A	7/7	canonical	1	0	unscoreable	7	0	0														not_admitted	not_admitted	not_admitted	not_admitted	not_admitted	not_admitted	not_admitted
NC_004041.2	MPF_T	-	365	0	0	GA	1	146;161901;162569;+;22.0	147;162566;162865;+;92.8	148;162871;163209;+;104.5	149;163202;165568;+;177.4	149;163202;165568;+;113.9	150;165565;166266;+;202.5	152;166499;167431;+;169.1		154;167756;168427;+;214.8	155;168424;169281;+;184.1	156;169290;170465;+;176.3	157;170474;171502;+;111.7	169;180067;181986;-;333.0		pfam	both	A	7/7	canonical	1	0	unscoreable	13	0	0														not_admitted	not_admitted	not_admitted	not_admitted	not_admitted	not_admitted	not_admitted
NC_004058.1	MPF_T	-	36	0	0	GA	1	13;9472;10155;+;44.1		15;10572;10928;+;40.4	16;10900;13323;+;82.4	16;10900;13323;+;34.8	17;13339;14037;+;45.8	18;14064;15059;+;123.6		19;15241;16014;+;143.7	20;16021;16797;+;171.9	21;16790;17968;+;147.2	22;17983;19041;+;87.8	23;19051;20883;+;303.5		pfam	pfam_only	A	7/7	canonical	1	0	unscoreable	1	0	0														not_admitted	not_admitted	not_admitted	not_admitted	not_admitted	not_admitted	not_admitted
NC_004444.1	MPF_F	-	221	0	0	GA	0															not_admitted	not_admitted	not_admitted	not_admitted	not_admitted	not_admitted	not_admitted	not_admitted	not_admitted	not_admitted	1	167;150550;151602;+;324.9	176;156919;158319;+;305.2	175;155897;156922;+;233.6	164;146294;148759;+;310.5	177;158331;161546;+;371.4	154;132702;133967;+;129.9	164;146294;148759;+;129.9	152;130775;131413;+;88.5	166;149325;150563;+;71.7	132;110517;113138;+;124.9	147;126778;128607;+;38.4	155;133978;134478;+;93.4	147;126778;128607;+;55.1	A	9/9	contiguous	47814	0	1	
NC_004574.1	MPF_T	-	163	0	0	GA	1	82;70117;71271;+;72.6	21;17711;17992;+;90.8	79;67320;67598;+;89.5	80;67588;69963;+;88.7	80;67588;69963;+;44.3	83;71271;72080;+;70.9	90;76429;77505;+;128.6		84;72097;72750;+;169.2	85;72753;73448;+;169.2	86;73445;74824;+;182.0	87;74829;75815;+;104.1	95;82508;84508;-;286.7		pfam	both	A	7/7	canonical	1	0	unscoreable	7	0	0														not_admitted	not_admitted	not_admitted	not_admitted	not_admitted	not_admitted	not_admitted
NC_004846.1	MPF_T	-	36	0	0	GA	1	13;9526;10209;+;44.1		15;10626;10982;+;40.4	16;10954;13377;+;82.4	16;10954;13377;+;34.8	17;13393;14091;+;45.8	18;14118;15113;+;123.6		19;15295;16068;+;143.7	20;16075;16851;+;171.9	21;16844;18022;+;147.2	22;18037;19095;+;87.8	23;19105;20937;+;303.5		pfam	pfam_only	A	7/7	canonical	1	0	unscoreable	1	0	0														not_admitted	not_admitted	not_admitted	not_admitted	not_admitted	not_admitted	not_admitted
NC_004956.1	MPF_T	IncP1	106	0	0	GA	1	74;76280;76915;-;23.5	85;86768;87232;-;63.5	84;86453;86764;-;49.8	83;83898;86456;-;91.0	83;83898;86456;-;112.1	78;79500;80264;-;122.3	76;77534;79252;-;143.0		82;83119;83901;-;147.6	81;82202;83101;-;186.5	79;80285;81706;-;223.3	86;87249;88211;-;127.6	21;14780;16693;+;525.1		conjscan	conjscan_only	A	7/7	canonical	1	0	unscoreable	4	0	0														not_admitted	not_admitted	not_admitted	not_admitted	not_admitted	not_admitted	not_admitted
NC_004998.1	MPF_F	IncFIB(AP001918);IncFII	134	0	0	GA	0															not_admitted	not_admitted	not_admitted	not_admitted	not_admitted	not_admitted	not_admitted	not_admitted	not_admitted	not_admitted	1	19;13362;14354;+;367.3	30;20041;21414;+;374.3	23;17083;17826;+;234.1	16;9726;12353;+;305.4	31;21411;24227;+;387.9	10;6244;7671;+;94.4	16;9726;12353;+;99.1	8;4963;5529;+;183.8	20;14363;15001;+;67.3	21;14998;16806;+;268.3	34;25790;27943;+;391.1	14;8695;9210;+;77.3	34;25790;27943;+;69.2	A	9/9	contiguous	20827	1	1	24260..24781+;173;unnamed;0
NC_004999.1	MPF_T	-	103	0	0	GA	1	91;72310;73215;-;38.7	102;82150;82611;-;64.9	101;81853;82146;-;35.3	100;79182;81866;-;76.2	100;79182;81866;-;72.2	99;78496;79185;-;79.9	96;77008;77871;-;131.4		95;76339;77004;-;58.8	94;75523;76314;-;176.1	93;74237;75520;-;155.5	92;73199;74227;-;93.7	84;64674;66230;+;65.9		pfam	both	A	7/7	canonical	1	0	unscoreable	8	0	0														not_admitted	not_admitted	not_admitted	not_admitted	not_admitted	not_admitted	not_admitted
NC_005012.1	MPF_T	-	54	0	0	GA	1				52;34857;37325;+;105.0		29;21047;21925;+;29.3	10;8008;9156;+;97.5		0;1;678;+;112.5	1;678;1748;+;97.7	2;1745;2881;+;143.9	4;3085;4038;+;100.8	6;4452;6338;+;243.9		pfam	pfam_only	A	7/7	rearranged	1	0	unscoreable	5	0	0														not_admitted	not_admitted	not_admitted	not_admitted	not_admitted	not_admitted	not_admitted
NC_005088.1	MPF_T	IncP1	72	0	0	GA	1	29;30620;31255;+;23.5	18;20303;20767;+;63.5	19;20771;21082;+;49.8	20;21079;23637;+;91.0	20;21079;23637;+;112.1	25;27271;28035;+;122.3	27;28283;30001;+;143.0		21;23634;24416;+;145.8	22;24434;25333;+;186.0	24;25829;27250;+;223.3	17;19324;20286;+;128.7	53;51936;53849;-;525.1		conjscan	conjscan_only	A	7/7	canonical	1	0	unscoreable	4	0	0														not_admitted	not_admitted	not_admitted	not_admitted	not_admitted	not_admitted	not_admitted
NC_005128.1	MPF_F	-	63	0	0	GA	0															not_admitted	not_admitted	not_admitted	not_admitted	not_admitted	not_admitted	not_admitted	not_admitted	not_admitted	not_admitted	1	12;9312;10322;+;381.8	18;14307;15713;+;300.7	16;13100;13879;+;174.6	10;6084;8633;+;201.0	19;15717;18527;+;305.0	8;4141;5673;+;88.3	10;6084;8633;+;99.9	6;2804;3379;+;134.7	14;10579;11292;+;90.8	15;11329;13053;+;234.9	21;19460;21565;+;396.2	9;5679;6071;+;33.5	21;19460;21565;+;74.1	A	9/9	contiguous	16656	1	1	18610..19143+;177;unnamed;0
NC_005205.1	MPF_T	-	84	0	0	GA	1	58;47681;48388;+;38.2		60;48736;49224;+;27.3	61;49178;51619;+;74.5		62;51622;52308;+;49.1	64;52706;53638;+;128.0		66;54046;54834;+;106.3	67;54824;55633;+;140.3	68;55620;56987;+;125.6	69;56997;58028;+;48.5	72;58814;60472;+;252.1		pfam	pfam_only	A	7/7	canonical	1	0	unscoreable	5	0	0														not_admitted	not_admitted	not_admitted	not_admitted	not_admitted	not_admitted	not_admitted
NC_005211.1	MPF_F	IncHI2;IncHI2A	300	0	0	GA	0															not_admitted	not_admitted	not_admitted	not_admitted	not_admitted	not_admitted	not_admitted	not_admitted	not_admitted	not_admitted	1	28;31209;32267;+;276.9	197;186045;187460;-;194.1	198;187450;188496;-;173.7	11;8955;11636;+;168.0	196;182086;186036;-;101.6	7;5270;6625;+;80.7	11;8955;11636;+;72.2	4;2758;3546;+;74.8	26;29556;31067;+;62.7	29;32286;35474;+;58.3	204;195537;197621;+;56.7	10;7996;8946;+;46.4	204;195537;197621;+;38.8	A	9/9	split_3	192779	0	1	
NC_005240.1	MPF_T	-	43	0	0	GA	1	14;12401;13312;+;41.0	3;3172;3549;+;72.4	4;3546;3845;+;50.8	5;3832;6501;+;63.5	5;3832;6501;+;81.5	6;6504;7163;+;75.2	9;7817;8683;+;139.7		10;8680;9354;+;89.0	11;9379;10167;+;199.1	12;10164;11384;+;172.1	13;11395;12414;+;54.8	21;18720;20294;-;71.2		pfam	both	A	7/7	canonical	1	0	unscoreable	8	0	0														not_admitted	not_admitted	not_admitted	not_admitted	not_admitted	not_admitted	not_admitted
NC_005241.1	MPF_T	-	434	0	0	GA	1	355;367391;367825;-;71.2	362;374197;374544;+;33.6		364;374871;377327;+;67.5	364;374871;377327;+;94.6		366;378119;379162;+;80.7		360;372042;372749;-;117.7	359;371118;372032;-;164.2	358;369877;371118;-;171.9	350;361458;363260;-;177.0	368;380415;382280;+;36.0		none	none	A	7/7	canonical	0	0	unscoreable	9	0	0														not_admitted	not_admitted	not_admitted	not_admitted	not_admitted	not_admitted	not_admitted
NC_005247.1	MPF_T	-	38	0	0	GA	1	13;7731;8390;+;48.4		16;8824;9195;+;28.9	17;9152;11659;+;86.1		18;11649;12329;+;46.7	19;12356;13282;+;126.5		21;13486;14295;+;86.6	22;14292;15119;+;143.5	23;15106;16467;+;124.5	25;17263;18345;+;51.6	27;18695;20302;+;206.8		pfam	pfam_only	A	7/7	canonical	1	0	unscoreable	5	0	0														not_admitted	not_admitted	not_admitted	not_admitted	not_admitted	not_admitted	not_admitted
NC_005327.1	MPF_F	IncFII	102	0	0	GA	0															not_admitted	not_admitted	not_admitted	not_admitted	not_admitted	not_admitted	not_admitted	not_admitted	not_admitted	not_admitted	1	72;62560;63552;+;369.5	82;69331;70704;+;381.7	77;66658;67401;+;234.4	69;58921;61551;+;304.1	83;70701;73523;+;374.0	62;54471;55922;+;94.2	69;58921;61551;+;97.1	60;53190;53756;+;174.3	74;63896;64534;+;68.6	75;64531;66381;+;266.1	87;75795;77993;+;391.2	65;56782;57297;+;78.4	87;75795;77993;+;70.3	A	9/9	contiguous	22605	1	1	73545..74024+;159;TraS;0
NC_005793.2	MPF_T	-	78	0	0	GA	1		64;63034;63462;+;64.6	65;63465;63776;+;48.8	66;63773;65146;+;104.8	66;63773;65146;+;111.8							63;62060;63022;+;129.2	71;69737;71650;-;516.7		none	none	D	3/7	uncallable	0	0	unscoreable	4	0	0														not_admitted	not_admitted	not_admitted	not_admitted	not_admitted	not_admitted	not_admitted
NC_005814.1	MPF_T	IncFII(pCRY)	28	0	0	GA	1	5;3591;4301;+;47.5	6;4298;4603;+;72.9	7;4616;7354;+;48.7	7;4616;7354;+;152.6	7;4616;7354;+;34.5	8;7372;8076;+;143.3	10;8328;9401;+;161.8		12;9622;10305;+;196.5	13;10305;11210;+;154.3	14;11254;12504;+;147.2	15;12494;13519;+;66.1	19;15374;17110;+;48.2		pfam	pfam_only	A	7/7	canonical	1	1	unscoreable	5	0	0														not_admitted	not_admitted	not_admitted	not_admitted	not_admitted	not_admitted	not_admitted
NC_005871.1	MPF_F	-	72	0	0	GA	0															not_admitted	not_admitted	not_admitted	not_admitted	not_admitted	not_admitted	not_admitted	not_admitted	not_admitted	not_admitted	1	12;9108;10112;+;393.9	17;14048;15409;+;322.7	15;12808;13599;+;197.8	8;5259;7847;+;278.4	18;15414;18218;+;395.4	6;3385;4848;+;98.1	8;5259;7847;+;92.7	4;2091;2654;+;126.2	13;10303;11007;+;91.5	14;11009;12811;+;281.1	21;19147;21252;+;394.4	7;4860;5255;+;22.4	21;19147;21252;+;77.3	A	9/9	contiguous	17056	0	1	
NC_005918.1	MPF_T	-	54	0	0	GA	1	23;17976;18674;+;37.8			25;19359;21911;+;76.6		26;21908;22594;+;56.2	28;23141;24073;+;135.2		29;24492;25280;+;100.3	30;25270;26079;+;140.1	31;26066;27415;+;126.2	32;27425;28483;+;48.9	40;31626;33299;+;244.0		pfam	pfam_only	A	7/7	canonical	1	0	unscoreable	8	0	0														not_admitted	not_admitted	not_admitted	not_admitted	not_admitted	not_admitted	not_admitted
NC_006134.1	MPF_T	-	50	0	0	GA	1		28;25048;25311;+;51.4	29;25330;28098;+;74.7	29;25330;28098;+;175.9	29;25330;28098;+;86.1	34;29974;30960;+;86.1	35;30964;31956;+;112.5		37;32100;32759;+;177.9	38;32756;33646;+;162.9	39;33656;34834;+;164.3	40;34815;35822;+;93.9	41;35823;37634;+;350.6		pfam	pfam_only	A	7/7	canonical	1	1	unscoreable	5	0	0														not_admitted	not_admitted	not_admitted	not_admitted	not_admitted	not_admitted	not_admitted
NC_006135.1	MPF_T	-	52	0	0	GA	1		29;25297;25560;+;51.9	30;25573;28224;+;73.4	30;25573;28224;+;173.2	30;25573;28224;+;84.2	36;30334;31305;+;84.5	37;31302;32147;+;120.7		39;32447;33109;+;177.6	40;33106;33993;+;161.4	41;34020;35195;+;165.9	42;35176;36168;+;93.2	43;36169;37980;+;348.4		pfam	pfam_only	A	7/7	canonical	1	1	unscoreable	6	0	0														not_admitted	not_admitted	not_admitted	not_admitted	not_admitted	not_admitted	not_admitted
NC_006139.1	MPF_T	-	106	0	0	GA	1		12;13830;14156;+;64.8	13;14157;16871;+;31.1	13;14157;16871;+;76.6	13;14157;16871;+;105.8		16;18188;19246;+;94.6		17;19288;19953;+;173.2	18;19963;20949;+;159.7	20;21481;22635;+;211.4	11;12879;13820;+;130.4	23;24978;26411;+;254.8		none	none	A	7/7	canonical	0	1	unscoreable	5	0	0														not_admitted	not_admitted	not_admitted	not_admitted	not_admitted	not_admitted	not_admitted
NC_006143.1	MPF_T	IncU	91	0	0	GA	1		28;27071;27394;-;66.6	27;26733;27053;-;82.6	26;24289;26736;-;158.4	26;24289;26736;-;86.2	25;23648;24292;-;105.7	23;22322;23332;-;161.6		21;21252;22001;-;157.6	76;70413;71462;-;235.3	75;69196;70416;-;216.3	18;18196;19224;-;90.4	17;16305;18230;-;408.7		pfam	both	A	7/7	canonical	1	0	unscoreable	2	0	0														not_admitted	not_admitted	not_admitted	not_admitted	not_admitted	not_admitted	not_admitted
NC_006154.1	MPF_T	pIP32953	33	0	0	GA	1	3;2572;3189;+;47.8	4;3194;3487;+;68.4	5;3506;6253;+;58.8	5;3506;6253;+;145.6	5;3506;6253;+;67.4	6;6318;7031;+;112.9	10;7975;9015;+;147.5		12;9186;9869;+;180.3	13;9869;10816;+;138.2	14;10813;12045;+;160.9	16;12262;13275;+;67.7	24;18500;20266;+;48.6		pfam	both	A	7/7	canonical	1	1	unscoreable	12	0	0														not_admitted	not_admitted	not_admitted	not_admitted	not_admitted	not_admitted	not_admitted
NC_006323.1	MPF_F	IncFIB(pHCM2);IncFII(Yp);IncFII(pAR0022)	145	0	0	GA	0															not_admitted	not_admitted	not_admitted	not_admitted	not_admitted	not_admitted	not_admitted	not_admitted	not_admitted	not_admitted	1	104;91284;92270;+;371.3	111;96566;97936;+;366.6	108;95017;95766;+;215.8	101;88266;90290;+;159.8	112;97936;100755;+;334.6	94;84234;85628;+;91.7	101;88266;90290;+;99.5	92;82951;83517;+;169.0	105;92462;92917;+;69.1	106;92914;94764;+;259.3	115;102177;104276;+;376.0	95;85650;86189;+;66.1	115;102177;104276;+;47.7	A	9/9	contiguous	19226	0	1	
NC_006365.1	MPF_F	-	143	0	0	GA	0															not_admitted	not_admitted	not_admitted	not_admitted	not_admitted	not_admitted	not_admitted	not_admitted	not_admitted	not_admitted	1	29;25879;26844;+;347.3	34;30618;31988;+;321.2	32;29312;30100;+;140.4	26;22172;24889;+;204.8	35;31985;34744;+;260.5	25;20609;22063;+;45.2	26;22172;24889;+;101.7	23;19321;19878;+;94.4	30;26861;27523;+;81.2	31;27552;29315;+;214.0	36;34823;36826;+;365.3		36;34823;36826;+;70.6	B	8/9	contiguous	15502	1	1	34823..36826+;667;unnamed;0
NC_006366.1	MPF_F	-	55	0	0	GA	0															not_admitted	not_admitted	not_admitted	not_admitted	not_admitted	not_admitted	not_admitted	not_admitted	not_admitted	not_admitted	1	23;20446;21390;+;361.1	28;24749;26113;+;375.0	26;23497;24243;+;211.0	20;16832;19459;+;274.0	29;26125;28932;+;388.8	18;15178;16584;+;75.9	20;16832;19459;+;117.5	16;13940;14509;+;191.1	24;21347;21826;+;54.8	25;21819;23510;+;247.8	31;29613;31448;+;407.8		31;29613;31448;+;67.0	B	8/9	contiguous	15673	1	1	28934..29521+;195;unnamed;0
NC_006525.1	MPF_T	-	178	0	0	GA	1	25;24590;25012;+;76.2	18;17885;18232;-;32.1		16;15104;17560;-;69.1	16;15104;17560;-;95.2		14;13264;14316;-;76.6		20;19700;20407;+;116.4	21;20425;21336;+;167.6	22;21336;22580;+;175.4	30;29517;31334;+;135.8	12;10158;12026;-;35.1		none	none	A	7/7	canonical	0	0	unscoreable	9	0	0														not_admitted	not_admitted	not_admitted	not_admitted	not_admitted	not_admitted	not_admitted
NC_006671.1	MPF_F	IncFII(pRSB107)	113	0	0	GA	0															not_admitted	not_admitted	not_admitted	not_admitted	not_admitted	not_admitted	not_admitted	not_admitted	not_admitted	not_admitted	1	25;26562;27554;-;371.9	16;20127;21503;-;381.0	21;23090;23833;-;233.5	28;28563;31193;-;303.7	15;17308;20130;-;389.2	37;34397;35824;-;94.3	28;28563;31193;-;100.2	39;36539;37105;-;185.2	24;25915;26553;-;68.7	23;24110;25918;-;267.9	12;13576;15774;-;391.7	33;32761;33276;-;78.4	12;13576;15774;-;70.3	A	9/9	contiguous	22963	1	1	16790..17287-;165;TraS;0
NC_006823.1	MPF_F	-	272	0	0	GA	0															not_admitted	not_admitted	not_admitted	not_admitted	not_admitted	not_admitted	not_admitted	not_admitted	not_admitted	not_admitted	1	118;98149;99204;-;345.6	96;79698;81122;-;241.4	97;81125;82072;-;241.3	101;83198;85645;-;184.0	95;76806;79688;-;329.0	105;87144;88406;-;95.9	101;83198;85645;-;101.5	107;89284;89904;-;113.9	117;97388;98152;-;94.7	116;95172;97385;-;79.7	121;100633;102339;+;27.5	103;85991;86647;-;91.9	121;100633;102339;+;35.2	A	9/9	contiguous	23827	0	1	
NC_006824.1	MPF_T	-	214	0	0	GA	1	23;23815;24414;+;21.4	12;13680;14105;+;65.9	13;14108;14419;+;52.9	14;14416;16953;+;80.9	14;14416;16953;+;119.7	19;20556;21314;+;125.1	21;21570;23216;+;148.6		15;16950;17735;+;135.5	16;17753;18649;+;181.4	18;19149;20537;+;223.6	11;12707;13666;+;126.9	50;53860;55764;-;507.2		conjscan	conjscan_only	A	7/7	canonical	1	0	unscoreable	4	0	0														not_admitted	not_admitted	not_admitted	not_admitted	not_admitted	not_admitted	not_admitted
NC_006830.1	MPF_T	IncP1	104	0	0	GA	1	15;13724;14314;+;23.1	4;3452;3916;+;62.5	5;3920;4231;+;51.3	6;4228;6786;+;94.3	6;4228;6786;+;113.1	11;10346;11119;+;125.5	13;11362;13080;+;148.0		7;6783;7571;+;146.4	8;7589;8482;+;181.1	10;8950;10329;+;218.6	3;2457;3422;+;128.4	65;63794;65698;-;528.2		conjscan	conjscan_only	A	7/7	canonical	1	0	unscoreable	4	0	0														not_admitted	not_admitted	not_admitted	not_admitted	not_admitted	not_admitted	not_admitted
NC_006842.1	MPF_T	-	55	0	0	GA	1		36;25673;25981;+;73.7	37;25993;26295;+;81.6	38;26299;28752;+;133.4	38;26299;28752;+;85.2	53;44060;44800;+;168.7	54;44752;45837;+;138.0		39;28833;29516;+;167.4	40;29523;30431;+;180.5	41;30428;31618;+;188.5	28;18517;20070;+;169.4	43;32621;34531;+;363.5		pfam	both	A	7/7	canonical	1	0	unscoreable	16	0	0														not_admitted	not_admitted	not_admitted	not_admitted	not_admitted	not_admitted	not_admitted
NC_007141.1	MPF_T	-	54	0	0	GA	1		18;12027;12290;+;51.9	19;12303;15071;+;73.3	19;12303;15071;+;173.1	19;12303;15071;+;84.1	24;17064;18035;+;84.5	25;18032;19030;+;119.5		27;19177;19839;+;177.6	28;19836;20723;+;161.4	29;20750;21925;+;165.9	30;21906;22898;+;93.2	31;22899;24710;+;348.4		pfam	pfam_only	A	7/7	canonical	1	1	unscoreable	5	0	0														not_admitted	not_admitted	not_admitted	not_admitted	not_admitted	not_admitted	not_admitted
NC_007182.1	MPF_F	-	110	0	0	GA	1			91;68202;68567;+;42.7	93;69272;70732;+;69.0	92;68564;69142;+;65.1		97;72031;72267;+;30.5			103;74327;74758;+;74.1	105;74923;76128;+;134.2	106;76125;77072;+;68.6		10;5899;6714;-;156.5	none	none	C	5/7	canonical	0	0	unscoreable	9	0	0														not_admitted	not_admitted	not_admitted	not_admitted	not_admitted	not_admitted	not_admitted
NC_007183.1	MPF_F	-	110	0	0	GA	1			91;68202;68567;+;42.7	93;69272;70732;+;69.0	92;68564;69142;+;65.1		97;72031;72267;+;30.5			103;74327;74758;+;74.1	105;74923;76128;+;134.2	106;76125;77072;+;68.6		10;5899;6714;-;156.5	none	none	C	5/7	canonical	0	0	unscoreable	9	0	0														not_admitted	not_admitted	not_admitted	not_admitted	not_admitted	not_admitted	not_admitted
NC_007206.1	MPF_T	-	37	0	0	GA	1	14;9748;10431;+;43.9	15;10450;10764;+;28.7	16;10847;11203;+;39.1	17;11175;13598;+;82.4	17;11175;13598;+;34.8	18;13614;14312;+;45.8	19;14339;15394;+;124.6		20;15576;16349;+;144.1	21;16356;17132;+;171.4	22;17125;18303;+;150.5	23;18312;19376;+;91.2	24;19386;21176;+;311.4		pfam	pfam_only	A	7/7	canonical	1	0	unscoreable	0	0	0														not_admitted	not_admitted	not_admitted	not_admitted	not_admitted	not_admitted	not_admitted
NC_007208.1	MPF_F	IncFII(S);IncFII(pAR0022)	97	0	0	GA	0															not_admitted	not_admitted	not_admitted	not_admitted	not_admitted	not_admitted	not_admitted	not_admitted	not_admitted	not_admitted	1	56;47218;48210;-;366.4	47;40116;41498;-;393.4	50;42530;43273;-;228.9	59;49188;51836;-;257.1	46;37297;40119;-;385.9		59;49188;51836;-;97.3		54;46268;46906;-;71.8	52;43994;45817;-;264.3	43;33423;35441;-;374.4	63;53048;53563;-;89.0	43;33423;35441;-;72.4	B	8/9	contiguous	19625	1	1	36793..37275-;160;TraS;0
NC_007274.1	MPF_T	-	163	0	0	GA	1				158;127806;129761;+;68.4					159;129758;130069;+;37.6	160;130059;130607;+;92.9					none	none	D	3/7	uncallable	0	0	unscoreable	0	0	0														not_admitted	not_admitted	not_admitted	not_admitted	not_admitted	not_admitted	not_admitted
NC_007275.1	MPF_T	-	59	0	0	GA	1	25;20077;20790;+;36.2			27;21475;24027;+;72.1		28;24024;24710;+;49.4	30;25107;26042;+;129.3		32;26441;27229;+;100.5	33;27219;28028;+;137.7	34;28015;29415;+;127.5	35;29425;30456;+;48.0	40;33866;35518;+;261.5		pfam	pfam_only	A	7/7	canonical	1	0	unscoreable	7	0	0														not_admitted	not_admitted	not_admitted	not_admitted	not_admitted	not_admitted	not_admitted
NC_007353.2	MPF_T	IncP1	54	0	0	GA	1	51;44973;45563;+;24.3	40;34683;35147;+;62.5	41;35151;35462;+;50.7	42;35459;38017;+;95.1	42;35459;38017;+;115.1	47;41578;42351;+;126.5	49;42594;44330;+;148.1		43;38014;38802;+;145.1	44;38820;39713;+;180.8	46;40182;41561;+;221.2	39;33696;34661;+;129.7	9;11870;13774;-;528.7		conjscan	conjscan_only	A	7/7	canonical	1	0	unscoreable	4	0	0														not_admitted	not_admitted	not_admitted	not_admitted	not_admitted	not_admitted	not_admitted
NC_007506.1	MPF_T	-	48	0	0	GA	1	29;21983;22894;-;42.0	46;37332;37709;-;72.4	45;37036;37335;-;51.5	44;34380;37049;-;63.5	44;34380;37049;-;82.5	37;28134;28706;-;68.9	34;26614;27480;-;140.7		33;25943;26617;-;92.9	32;25136;25918;-;199.2	31;23914;25134;-;176.6	30;22881;23903;-;112.7	21;14527;16101;+;73.7		pfam	both	A	7/7	canonical	1	0	unscoreable	15	0	0														not_admitted	not_admitted	not_admitted	not_admitted	not_admitted	not_admitted	not_admitted
NC_007675.1	MPF_F	IncFIB(AP001918);IncFII	201	0	0	GA	0															not_admitted	not_admitted	not_admitted	not_admitted	not_admitted	not_admitted	not_admitted	not_admitted	not_admitted	not_admitted	1	23;25586;26554;-;372.0	14;19153;20529;-;381.0	19;22114;22857;-;233.5	26;27587;30217;-;303.7	13;16334;19156;-;389.2	34;33487;34914;-;94.3	26;27587;30217;-;96.1	36;35630;36196;-;184.8	22;24939;25577;-;68.4	21;23134;24942;-;268.2	10;12602;14800;-;391.7	30;31850;32365;-;76.2	10;12602;14800;-;70.3	A	9/9	contiguous	23028	1	1	15816..16313-;165;TraS;0
NC_007682.3	MPF_T	IncN	67	0	0	GA	1	35;29833;30567;+;32.5	37;30867;31160;+;28.7	38;31210;31521;+;60.7	39;31526;34126;+;103.9	39;31526;34126;+;77.1	40;34144;34857;+;84.8	42;35108;36148;+;153.6		43;36367;37065;+;131.9	44;37076;37960;+;159.0	45;37960;39120;+;154.9	46;39162;40157;+;81.2	50;44726;46255;-;38.5		pfam	both	A	7/7	canonical	1	0	unscoreable	5	0	0														not_admitted	not_admitted	not_admitted	not_admitted	not_admitted	not_admitted	not_admitted
NC_007713.1	MPF_F	-	114	0	0	GA	1			26;16012;16377;+;42.7	28;17082;18542;+;69.0	27;16374;16952;+;65.1		33;20168;20932;+;56.0			38;22148;22579;+;74.1	40;22744;23949;+;134.2	41;23946;24893;+;68.6		56;35280;36095;-;156.5	none	none	C	5/7	canonical	0	0	unscoreable	8	0	0														not_admitted	not_admitted	not_admitted	not_admitted	not_admitted	not_admitted	not_admitted
NC_007762.1	MPF_T	-	204	0	0	GA	1	50;47889;48626;+;54.4	198;188147;188530;-;71.7	51;48730;49092;+;70.3	52;49092;51461;+;231.9	196;185389;187845;-;120.0	195;184614;185417;-;41.8	193;183248;184423;-;114.4		55;53250;54023;+;165.3	191;181731;182543;-;189.9	189;179970;181277;-;217.0	199;188520;189497;-;128.7	176;167977;169953;-;549.3		conjscan	conjscan_only	A	7/7	uncallable	0	0	unscoreable	4	0	0														not_admitted	not_admitted	not_admitted	not_admitted	not_admitted	not_admitted	not_admitted
NC_007926.1	MPF_T	-	102	0	0	GA	1	90;70997;71902;-;37.2	101;80834;81295;-;65.2	100;80537;80830;-;32.7	99;77866;80550;-;76.3	99;77866;80550;-;74.5	98;77183;77869;-;77.8	95;75695;76558;-;136.1		94;75026;75691;-;61.5	93;74210;75001;-;175.8	92;72924;74207;-;159.6	91;71886;72914;-;94.6	33;20573;22132;+;60.4		pfam	both	A	7/7	canonical	1	0	unscoreable	2	0	0														not_admitted	not_admitted	not_admitted	not_admitted	not_admitted	not_admitted	not_admitted
NC_007941.1	MPF_F	Col156;IncFIB(AP001918);IncFII(29)	131	0	0	GA	0															not_admitted	not_admitted	not_admitted	not_admitted	not_admitted	not_admitted	not_admitted	not_admitted	not_admitted	not_admitted	1	107;89619;90611;+;369.5	119;96665;98038;+;381.7	112;93717;94460;+;233.1	104;85980;88610;+;304.0	120;98035;100857;+;388.5	97;81422;82849;+;93.9	104;85980;88610;+;99.3	95;80141;80707;+;180.9	109;90955;91593;+;68.6	110;91590;93440;+;271.9	124;103129;105273;+;391.3	100;83978;84493;+;73.9	124;103129;105273;+;70.4	A	9/9	contiguous	22988	1	1	100879..101358+;159;TraS;0
NC_007949.1	MPF_T	-	356	0	0	GA	1	339;343201;343812;+;73.0	333;335625;336008;+;34.7	334;336009;336314;+;37.2	335;336326;338866;+;58.9	335;336326;338866;+;66.6		337;339646;341064;+;79.6		341;344538;345269;+;150.2	342;345269;346141;+;214.9	343;346138;347589;+;183.9	349;352944;354500;+;259.5	329;331277;333229;+;27.7		none	none	A	7/7	canonical	0	0	unscoreable	12	0	0														not_admitted	not_admitted	not_admitted	not_admitted	not_admitted	not_admitted	not_admitted
NC_007950.1	MPF_T	-	335	0	0	GA	1	192;188484;189140;+;39.3	223;219427;219792;-;33.2	222;219121;219372;-;26.3	221;216575;219127;-;36.0	221;216575;219127;-;61.2	220;215686;216561;-;26.8	219;214433;215689;-;54.9		213;209815;210585;-;104.9	212;209012;209818;-;179.7	211;207754;209022;-;183.1	204;199588;201150;-;257.8	227;222200;224107;-;32.8		conjscan	conjscan_only	A	7/7	canonical	1	0	unscoreable	22	0	0														not_admitted	not_admitted	not_admitted	not_admitted	not_admitted	not_admitted	not_admitted
NC_007960.1	MPF_T	-	188	0	0	GA	1	94;94575;95327;-;73.1	93;94255;94560;-;75.8	92;93962;94258;-;88.5	91;91540;93951;-;125.5	91;91540;93951;-;102.7	89;89920;90639;-;31.1	86;88387;89517;-;148.2		85;87674;88390;-;209.7	84;86874;87677;-;203.7	83;85530;86867;-;211.2	82;84509;85567;-;126.0	81;82387;84531;-;258.3		pfam	pfam_only	A	7/7	canonical	1	0	unscoreable	4	0	0														not_admitted	not_admitted	not_admitted	not_admitted	not_admitted	not_admitted	not_admitted
NC_007961.1	MPF_T	-	131	0	0	GA	1		26;24190;24561;-;77.2	25;23898;24197;-;65.0	24;21435;23888;-;181.8	24;21435;23888;-;135.6	23;20666;21463;-;50.5	21;19317;20471;-;109.9		20;18612;19274;-;128.6	19;17755;18615;-;181.9	17;15988;17289;-;218.0	27;24551;25540;-;139.4	128;118888;120813;-;514.7		conjscan	conjscan_only	A	7/7	canonical	1	0	unscoreable	3	0	0														not_admitted	not_admitted	not_admitted	not_admitted	not_admitted	not_admitted	not_admitted
NC_007972.2	MPF_T	-	176	0	0	GA	1	157;152047;152469;-;76.2	164;158827;159174;+;32.1		166;159499;161955;+;69.1	166;159499;161955;+;95.2		168;162743;163795;+;76.6		162;156652;157359;-;116.4	161;155723;156634;-;167.6	160;154479;155723;-;175.4	152;145725;147542;-;135.8	170;165033;166901;+;35.1		none	none	A	7/7	canonical	0	0	unscoreable	9	0	0														not_admitted	not_admitted	not_admitted	not_admitted	not_admitted	not_admitted	not_admitted
NC_008042.1	MPF_T	-	109	0	0	GA	1	54;66906;68060;-;73.1	58;70850;71143;-;76.7	57;70579;70857;-;87.3	56;68214;70589;-;85.6	56;68214;70589;-;43.2	53;66097;66906;-;69.4	46;60669;61748;-;124.5		52;65427;66080;-;170.4	51;64729;65424;-;168.3	50;63353;64732;-;178.6	49;62362;63348;-;103.9	31;43449;45443;+;286.8		pfam	both	A	7/7	canonical	1	0	unscoreable	3	0	0														not_admitted	not_admitted	not_admitted	not_admitted	not_admitted	not_admitted	not_admitted
NC_008308.1	MPF_F	-	270	0	0	GA	0															not_admitted	not_admitted	not_admitted	not_admitted	not_admitted	not_admitted	not_admitted	not_admitted	not_admitted	not_admitted	1	139;133297;134316;+;420.2	144;138471;139922;+;379.3	143;137653;138471;+;234.5	133;128334;130940;+;415.7	145;139939;142980;+;348.1	130;124821;126194;+;103.6	133;128334;130940;+;90.4	128;123395;124000;+;191.8	140;134331;135101;+;113.6	141;135124;137250;+;291.3	154;149149;151491;-;543.9		154;149149;151491;-;67.8	B	8/9	contiguous	25754	0	1	
NC_008341.1	MPF_T	-	56	0	0	GA	1	48;54793;55551;+;62.6	21;27197;27652;-;66.8	20;26877;27194;-;44.9	19;24364;26862;-;81.5	19;24364;26862;-;106.1	18;23637;24386;-;56.3	17;21880;23454;-;79.8		16;21073;21765;-;144.2	8;8758;9339;-;103.5	6;6945;8306;-;216.9	22;27662;28627;-;131.6	46;52240;54159;+;337.6		conjscan	conjscan_only	A	7/7	canonical	1	0	unscoreable	3	0	0														not_admitted	not_admitted	not_admitted	not_admitted	not_admitted	not_admitted	not_admitted
NC_008342.1	MPF_T	-	63	0	0	GA	1	59;53052;53729;-;25.3	58;52760;53059;-;61.6	57;52435;52755;-;46.3	56;50013;52433;-;148.7	56;50013;52433;-;80.1	55;49303;50016;-;126.5	53;47799;48965;-;135.3		51;46727;47437;-;116.2	50;45975;46730;-;127.7	49;44848;45978;-;155.1	48;43726;44844;-;93.9	47;41733;43733;-;327.8		pfam	both	A	7/7	canonical	1	0	unscoreable	2	0	0														not_admitted	not_admitted	not_admitted	not_admitted	not_admitted	not_admitted	not_admitted
NC_008357.1	MPF_T	IncP1	102	0	0	GA	1		23;19799;20236;+;64.3	24;20239;20550;+;48.5	25;20547;21671;+;51.1	25;20547;21671;+;117.4	37;34465;35241;+;105.6	39;35469;37055;+;137.1		33;30903;31661;+;143.6	34;31673;32566;+;181.5	36;33057;34448;+;219.9	22;18827;19786;+;126.1	87;75640;77547;-;560.8		conjscan	conjscan_only	A	7/7	canonical	1	0	unscoreable	10	0	0														not_admitted	not_admitted	not_admitted	not_admitted	not_admitted	not_admitted	not_admitted
NC_008382.1	MPF_T	-	172	0	0	GA	1	135;122061;123038;+;69.5	136;123055;123366;+;80.0	137;123448;123726;+;52.4	138;123785;126079;+;106.8	138;123785;126079;+;36.1	139;126210;127013;+;30.3	140;127018;128205;+;66.0		141;128452;129126;+;169.1	142;129154;129936;+;160.6	143;129947;131320;+;180.2	144;131317;132318;+;107.5	61;56589;58643;+;458.9		pfam	pfam_only	A	7/7	canonical	1	0	unscoreable	13	0	0														not_admitted	not_admitted	not_admitted	not_admitted	not_admitted	not_admitted	not_admitted
NC_008383.1	MPF_T	-	142	0	0	GA	1		140;145748;146140;-;74.1	139;145456;145755;-;63.6	138;143010;145445;-;172.0	138;143010;145445;-;122.3	137;142208;143017;-;58.8	135;140836;142017;-;114.1		134;140152;140814;-;135.0	133;139306;140136;-;188.5	131;137542;138840;-;217.5	141;146130;147095;-;128.2	118;123855;125807;-;554.4		conjscan	conjscan_only	A	7/7	canonical	1	0	unscoreable	3	0	0														not_admitted	not_admitted	not_admitted	not_admitted	not_admitted	not_admitted	not_admitted
NC_008385.1	MPF_T	IncP1	47	0	0	GA	1	34;31631;32266;-;23.5	45;42119;42583;-;63.5	44;41804;42115;-;49.8	43;39249;41807;-;91.0	43;39249;41807;-;112.1	38;34851;35615;-;122.3	36;32885;34603;-;143.0		42;38470;39252;-;145.8	41;37553;38452;-;186.5	39;35636;37057;-;223.3	46;42600;43562;-;127.6	23;17502;19415;+;525.1		conjscan	conjscan_only	A	7/7	canonical	1	0	unscoreable	4	0	0														not_admitted	not_admitted	not_admitted	not_admitted	not_admitted	not_admitted	not_admitted
NC_008386.1	MPF_T	-	107	0	0	GA	1	18;16919;17611;-;81.3	17;16650;16931;-;65.4	16;16372;16647;-;55.2	15;14019;16379;-;106.3	15;14019;16379;-;47.7	13;13178;13888;-;144.4	11;11544;12716;-;111.4		10;10806;11480;-;197.3	9;10051;10809;-;194.3	8;8720;10051;-;178.6	7;7740;8723;-;109.5	105;104010;106175;+;349.0		pfam	pfam_only	A	7/7	canonical	1	0	unscoreable	2	0	0														not_admitted	not_admitted	not_admitted	not_admitted	not_admitted	not_admitted	not_admitted
NC_008459.1	MPF_T	IncP1	44	0	0	GA	1	28;23106;23741;+;23.4	17;12904;13368;+;63.5	18;13372;13683;+;49.8	19;13680;16238;+;92.8	19;13680;16238;+;111.8	24;19839;20603;+;127.0	26;20851;22440;+;143.2		20;16235;17017;+;146.1	21;17035;17934;+;186.5	23;18406;19818;+;223.3	16;11926;12888;+;127.3	38;34769;36682;-;519.8		conjscan	conjscan_only	A	7/7	canonical	1	0	unscoreable	4	0	0														not_admitted	not_admitted	not_admitted	not_admitted	not_admitted	not_admitted	not_admitted
NC_008460.1	MPF_F	IncFIB(AP001918);IncFII(pCoo)	140	0	0	GA	0															not_admitted	not_admitted	not_admitted	not_admitted	not_admitted	not_admitted	not_admitted	not_admitted	not_admitted	not_admitted	1	91;75879;76871;+;369.3	102;82655;84028;+;383.6	96;79977;80720;+;233.8	88;72243;74870;+;304.2	103;84025;86847;+;382.7	82;68901;70352;+;94.0	88;72243;74870;+;97.4	80;67620;68186;+;182.3	93;77215;77853;+;70.6	94;77850;79700;+;266.4	107;89093;91291;+;390.6	85;71212;71727;+;79.9	107;89093;91291;+;70.3	A	9/9	contiguous	21473	1	1	86869..87348+;159;TraS;0
NC_008545.1	MPF_F	-	181	0	0	GA	0															not_admitted	not_admitted	not_admitted	not_admitted	not_admitted	not_admitted	not_admitted	not_admitted	not_admitted	not_admitted	1	22;15111;16142;+;368.4	30;22202;23647;+;322.2	29;21393;22202;+;215.3	15;9752;12346;+;231.3	31;23644;27585;+;226.6	7;4502;5824;+;95.1	15;9752;12346;+;80.3	5;3155;3766;+;107.6	23;16139;16927;+;90.1	25;18210;19490;+;149.3	175;157460;159568;+;419.7	14;9057;9737;+;51.3	175;157460;159568;+;69.9	A	9/9	split_2	154305	0	1	
NC_008573.1	MPF_F	-	284	0	0	GA	0															not_admitted	not_admitted	not_admitted	not_admitted	not_admitted	not_admitted	not_admitted	not_admitted	not_admitted	not_admitted	1	85;75580;76731;-;232.9	151;148511;149905;+;136.3	150;147519;148514;+;168.3	96;89025;91709;-;122.9	152;149909;155239;+;118.9	138;134681;136039;-;92.2	96;89025;91709;-;44.9	140;137306;137962;-;65.1	86;76728;78023;-;58.1	84;71303;75577;-;82.5		97;91722;92450;-;32.1	144;139489;141363;-;34.1	A	9/9	split_2	78606	1	1	155350..156240+;296;unnamed;1
NC_008607.1	MPF_F	-	217	0	0	GA	0															not_admitted	not_admitted	not_admitted	not_admitted	not_admitted	not_admitted	not_admitted	not_admitted	not_admitted	not_admitted	1	159;146125;147114;-;349.8	188;177324;178811;+;321.2	187;176472;177314;+;228.0	164;152244;154694;-;339.0	153;139653;143027;-;320.8	166;155173;156579;-;101.7	164;152244;154694;-;108.2	168;157561;158160;-;210.5	158;145175;146158;-;99.5	162;148258;150303;-;65.5	185;173408;174820;+;41.3	165;154691;155176;-;123.8	185;173408;174820;+;48.1	A	9/9	contiguous	37671	1	1	139299..139649-;116;unnamed;0
NC_008612.1	MPF_F	IncC	191	0	0	GA	0															not_admitted	not_admitted	not_admitted	not_admitted	not_admitted	not_admitted	not_admitted	not_admitted	not_admitted	not_admitted	1	68;57103;58110;+;332.9	128;107318;108751;+;339.2	127;106288;107316;+;221.7	63;51904;54351;+;354.5	129;108764;112378;+;375.3	187;146502;147662;+;156.3	63;51904;54351;+;128.3	56;41508;42134;+;92.7	66;55173;56438;+;67.9	69;58226;61024;+;145.3	47;35833;37698;+;47.3	59;44345;44923;+;100.2	47;35833;37698;+;52.0	A	9/9	split_3	110669	0	1	
NC_008613.1	MPF_F	IncC	163	0	0	GA	0															not_admitted	not_admitted	not_admitted	not_admitted	not_admitted	not_admitted	not_admitted	not_admitted	not_admitted	not_admitted	1	60;51557;52564;+;332.9	119;101753;103186;+;339.2	118;100723;101751;+;221.7	55;46358;48805;+;354.5	120;103199;106813;+;375.3	50;37486;38802;+;135.0	55;46358;48805;+;128.3	48;35962;36588;+;92.7	58;49627;50892;+;67.9	61;52680;55478;+;145.3	39;30287;32152;+;47.3	51;38799;39377;+;100.2	39;30287;32152;+;52.0	A	9/9	split_2	72912	0	1	
NC_008739.1	MPF_G	-	228	0	0	GA	0															not_admitted	not_admitted	not_admitted	not_admitted	not_admitted	not_admitted	not_admitted	not_admitted	not_admitted	not_admitted	1	28;25677;26831;-;113.2			30;27289;30417;-;222.7	25;22280;23914;-;71.1		30;27289;30417;-;29.9				42;38653;40701;-;28.7		42;38653;40701;-;46.2	D	3/9	contiguous	16373	0	0	
NC_008757.1	MPF_T	-	318	0	0	GA	1	113;116229;116765;+;63.9	70;73184;73543;+;91.9	71;73540;73824;+;29.0	99;97607;100072;+;51.8	72;73846;76287;+;131.3	73;76284;77012;+;205.4	74;77023;78396;+;172.5		75;78409;79113;+;228.1	76;79110;80123;+;224.5	77;80126;81445;+;201.6	107;107238;109205;+;136.7	67;69719;71710;+;346.1		conjscan	conjscan_only	A	7/7	rearranged	1	0	unscoreable	10	0	0														not_admitted	not_admitted	not_admitted	not_admitted	not_admitted	not_admitted	not_admitted
NC_008770.1	MPF_T	-	53	0	0	GA	1				51;34862;37330;+;105.0		29;21048;21926;+;29.3	10;8007;9155;+;97.5		0;1;678;+;112.5	1;678;1748;+;97.7	2;1745;2881;+;143.9	4;3085;4038;+;100.8	6;4452;6338;+;243.9		pfam	pfam_only	A	7/7	rearranged	1	0	unscoreable	5	0	0														not_admitted	not_admitted	not_admitted	not_admitted	not_admitted	not_admitted	not_admitted
NC_008771.1	MPF_T	-	44	0	0	GA	1		15;14853;15161;-;55.2	14;14465;14848;-;37.8	13;12088;14502;-;92.9	13;12088;14502;-;39.3	12;11420;12085;-;149.1	10;10145;11128;-;142.2		9;9425;10141;-;152.5	8;8631;9428;-;172.6	7;7282;8634;-;192.1	6;6261;7304;-;81.1	5;3988;6264;-;341.6		pfam	both	A	7/7	canonical	1	0	unscoreable	1	0	0														not_admitted	not_admitted	not_admitted	not_admitted	not_admitted	not_admitted	not_admitted
NC_008790.1	MPF_T	-	51	0	0	GA	1		26;21367;21630;+;51.9	27;21643;24411;+;73.3	27;21643;24411;+;173.1	27;21643;24411;+;84.1	32;26404;27375;+;84.5	33;27372;28370;+;119.5		35;28517;29179;+;177.6	36;29176;30063;+;161.4	37;30090;31265;+;165.9	38;31246;32238;+;93.2	39;32239;34050;+;348.4		pfam	pfam_only	A	7/7	canonical	1	1	unscoreable	5	0	0														not_admitted	not_admitted	not_admitted	not_admitted	not_admitted	not_admitted	not_admitted
NC_008826.1	MPF_F	-	658	0	0	GA	0															not_admitted	not_admitted	not_admitted	not_admitted	not_admitted	not_admitted	not_admitted	not_admitted	not_admitted	not_admitted	1	368;300972;302024;+;341.7	396;324628;326073;+;307.2	395;323651;324604;+;239.9	392;320102;322531;+;174.4	397;326090;329608;+;302.4	388;317220;318428;+;112.5	392;320102;322531;+;141.0	386;315663;316304;+;158.2	369;301978;302763;+;107.0	404;333972;335675;-;245.9	382;311837;313606;-;45.6	390;318917;319609;+;98.0	382;311837;313606;-;41.4	A	9/9	contiguous	33000	0	1	
NC_009131.1	MPF_T	IncN	75	0	0	GA	1	26;22607;23341;+;32.5	28;23641;23934;+;28.7	29;23984;24301;+;63.3	30;24301;26901;+;111.8	30;24301;26901;+;76.8	31;26919;27632;+;97.1	33;27883;28923;+;153.6		34;29142;29840;+;131.9	35;29851;30735;+;159.0	36;30735;31895;+;154.9	37;31937;32932;+;81.2	66;59076;60605;-;38.5		pfam	both	A	7/7	canonical	1	0	unscoreable	2	0	0														not_admitted	not_admitted	not_admitted	not_admitted	not_admitted	not_admitted	not_admitted
NC_009132.1	MPF_T	IncN	73	0	0	GA	1	47;41024;41758;-;32.5	45;40431;40724;-;28.7	44;40064;40381;-;63.3	43;37464;40064;-;111.8	43;37464;40064;-;76.8	42;36733;37446;-;97.1	40;35442;36482;-;153.6		39;34525;35223;-;131.9	38;33630;34514;-;159.0	37;32470;33630;-;154.9	36;31433;32428;-;81.2	7;3760;5289;+;38.5		pfam	both	A	7/7	canonical	1	0	unscoreable	2	0	0														not_admitted	not_admitted	not_admitted	not_admitted	not_admitted	not_admitted	not_admitted
NC_009133.1	MPF_F	IncFII	110	0	0	GA	0															not_admitted	not_admitted	not_admitted	not_admitted	not_admitted	not_admitted	not_admitted	not_admitted	not_admitted	not_admitted	1	79;63014;64006;+;369.5	89;69785;71158;+;381.7	84;67112;67855;+;234.4	76;59375;62005;+;304.1	90;71155;73977;+;374.0	68;54522;55973;+;94.2	76;59375;62005;+;97.1	66;53241;53807;+;174.3	81;64350;64988;+;68.6	82;64985;66835;+;266.1	94;76249;78474;+;391.1	71;56833;57348;+;78.4	94;76249;78474;+;70.3	A	9/9	contiguous	23008	1	1	73999..74478+;159;TraS;0
NC_009139.1	MPF_F	IncC	195	0	0	GA	0															not_admitted	not_admitted	not_admitted	not_admitted	not_admitted	not_admitted	not_admitted	not_admitted	not_admitted	not_admitted	1	100;74068;75075;+;332.9	185;147940;149373;+;339.2	184;146831;147859;+;221.5	95;68869;71316;+;354.2	186;149386;153000;+;374.6	90;59997;61313;+;135.0	95;68869;71316;+;128.3	88;58473;59099;+;92.7	98;72138;73403;+;67.9	101;75191;77989;+;145.3	79;52798;54663;+;47.3	91;61310;61888;+;100.2	79;52798;54663;+;52.0	A	9/9	split_2	96588	0	1	
NC_009140.1	MPF_F	IncC	202	0	0	GA	0															not_admitted	not_admitted	not_admitted	not_admitted	not_admitted	not_admitted	not_admitted	not_admitted	not_admitted	not_admitted	1	104;86719;87726;+;332.9	192;166376;167809;+;339.2	191;165346;166374;+;221.7	99;81520;83967;+;354.2	193;167822;171436;+;375.3	83;56577;57893;+;135.0	99;81520;83967;+;128.6	81;55053;55679;+;92.1	102;84789;86054;+;67.6	105;87842;90637;+;145.3	72;49378;51243;+;47.4	84;57890;58468;+;100.2	72;49378;51243;+;52.0	A	9/9	split_3	118444	0	1	
NC_009350.1	MPF_F	-	177	0	0	GA	0															not_admitted	not_admitted	not_admitted	not_admitted	not_admitted	not_admitted	not_admitted	not_admitted	not_admitted	not_admitted	1	36;30038;31027;+;356.1	42;35154;36518;+;366.0	39;32689;34296;+;196.3	33;26405;28990;+;245.5	43;36518;38005;+;342.6	31;24503;25831;+;93.7	33;26405;28990;+;89.0	29;23235;23801;+;128.2	37;31037;31645;+;69.5	39;32689;34296;+;232.3	47;40743;42905;+;381.7	32;25843;26394;+;44.9	47;40743;42905;+;63.9	A	9/9	contiguous	17508	1	1	37986..39362+;458;unnamed;0
NC_009378.1	MPF_F	IncFIB(pHCM2);IncFII(Yp);IncFII(pAR0022)	139	0	0	GA	0															not_admitted	not_admitted	not_admitted	not_admitted	not_admitted	not_admitted	not_admitted	not_admitted	not_admitted	not_admitted	1	96;92444;93430;-;371.3	89;86781;88151;-;366.6	92;88951;89700;-;215.8	99;94424;97054;-;285.5	88;83962;86781;-;334.6	105;99085;100479;-;91.7	99;94424;97054;-;98.6	107;101196;101762;-;169.0	95;91798;92427;-;67.8	94;89951;91801;-;259.3	111;104094;106193;+;385.0	104;98524;99063;-;66.1	111;104094;106193;+;64.0	A	9/9	contiguous	20132	0	1	
NC_009425.1	MPF_F	IncFIB(pENTE01)	143	0	0	GA	0															not_admitted	not_admitted	not_admitted	not_admitted	not_admitted	not_admitted	not_admitted	not_admitted	not_admitted	not_admitted	1	105;119244;120248;+;357.4	113;125089;126453;+;362.6	108;122728;123513;+;205.0	97;113515;116115;+;229.9	115;127223;130378;+;305.4	93;110850;112250;+;95.2	97;113515;116115;+;94.1	91;109520;110101;+;98.8	106;120258;120878;+;59.3	107;120875;122731;+;208.7	119;132635;135196;+;364.0	96;112961;113518;+;42.5	119;132635;135196;+;68.2	A	9/9	contiguous	23115	1	1	130387..131106+;239;unnamed;0
NC_009426.1	MPF_F	-	188	0	0	GA	0															not_admitted	not_admitted	not_admitted	not_admitted	not_admitted	not_admitted	not_admitted	not_admitted	not_admitted	not_admitted	1	167;168558;169580;-;416.6	162;163015;164469;-;384.4	163;164469;165281;-;237.6	173;171988;174594;-;432.8	161;160264;163002;-;347.0	176;176656;178032;-;108.3	173;171988;174594;-;95.4	178;178826;179449;-;208.1	166;167785;168549;-;114.8	165;165669;167783;-;306.7	148;147458;149788;+;548.2		148;147458;149788;+;68.3	B	8/9	contiguous	31368	0	1	
NC_009469.1	MPF_T	-	87	0	0	GA	1	52;51980;52666;+;47.6	53;52647;53012;+;69.3	54;53016;53348;+;71.9	55;53338;55731;+;137.7	55;53338;55731;+;66.9	56;55741;56499;+;163.5	58;56729;57616;+;68.8		59;57795;58496;+;174.8	60;58493;59383;+;158.7	61;59373;60509;+;189.9	63;60823;61890;+;91.4	64;61890;63710;+;281.2		pfam	pfam_only	A	7/7	canonical	1	0	unscoreable	2	0	0														not_admitted	not_admitted	not_admitted	not_admitted	not_admitted	not_admitted	not_admitted
NC_009475.1	MPF_T	-	256	0	0	GA	1		220;189698;189994;-;93.9	219;189360;189698;-;111.7	218;187001;189367;-;174.7	218;187001;189367;-;105.8	217;186282;187004;-;151.8	215;185042;186028;-;162.3		213;184020;184691;-;194.5	212;183172;184023;-;182.2	211;182015;183160;-;173.3	210;180987;182018;-;104.0	209;179075;181021;-;366.7		pfam	both	A	7/7	canonical	1	0	unscoreable	2	0	0														not_admitted	not_admitted	not_admitted	not_admitted	not_admitted	not_admitted	not_admitted
NC_009602.1	MPF_F	IncFIA;IncFIB(AP001918);IncFII(pSFO)	133	0	0	GA	0															not_admitted	not_admitted	not_admitted	not_admitted	not_admitted	not_admitted	not_admitted	not_admitted	not_admitted	not_admitted	1	114;100446;101438;+;369.3	124;106497;107873;+;380.2	119;104167;104910;+;232.2	111;96810;99437;+;305.4	125;107870;110692;+;385.6		111;96810;99437;+;98.0	100;91271;91837;+;181.8	115;101447;102085;+;68.7	117;102370;103890;+;268.6	128;112226;114433;+;393.7	108;95779;96294;+;77.4	128;112226;114433;+;69.2	A	9/9	contiguous	20955	1	1	110714..111193+;159;TraS;0
NC_009621.1	MPF_T	-	1286	0	0	GA	1	1107;1086273;1086980;-;64.5	331;343528;343908;+;70.0	1105;1085574;1085900;-;69.3	1104;1083205;1085574;-;204.7	333;344208;346661;+;123.1	334;346636;347436;+;39.7	336;347627;348835;+;110.2		1101;1080639;1081352;-;170.1	338;349492;350304;+;182.3	340;350761;352053;+;218.4	72;76062;77495;-;213.1	351;360345;362264;+;541.1		conjscan	conjscan_only	A	7/7	uncallable	0	0	unscoreable	24	0	0														not_admitted	not_admitted	not_admitted	not_admitted	not_admitted	not_admitted	not_admitted
NC_009622.1	MPF_T	-	187	0	0	GA	1	73;64478;65566;-;97.9	76;68328;68666;-;75.7	75;68025;68324;-;76.0	74;65563;68022;-;119.7	74;65563;68022;-;97.0	72;63765;64466;-;35.3	70;62504;63532;-;145.6		69;61783;62478;-;186.0	68;60977;61786;-;196.6	67;59766;60977;-;209.6	66;58757;59785;-;135.1	65;56661;58760;-;317.5		pfam	pfam_only	A	7/7	canonical	1	0	unscoreable	1	0	0														not_admitted	not_admitted	not_admitted	not_admitted	not_admitted	not_admitted	not_admitted
NC_009649.1	MPF_F	IncFIB(K);IncFII(K)	191	0	0	GA	0															not_admitted	not_admitted	not_admitted	not_admitted	not_admitted	not_admitted	not_admitted	not_admitted	not_admitted	not_admitted	1	172;153487;154479;+;366.6	182;160026;161393;+;381.2	178;158016;158768;+;233.7	169;150482;152461;+;126.3	183;161393;164242;+;345.6	159;144584;146008;+;89.2	169;150482;152461;+;89.8	157;143291;143857;+;167.0	173;154492;155130;+;66.9	174;155189;157144;+;259.7	187;166728;169040;+;392.7	161;146620;147189;+;49.7	187;166728;169040;+;66.5	A	9/9	contiguous	23437	1	1	164255..164803+;182;unnamed;0
NC_009650.1	MPF_F	IncFIB(pQil);IncFII(K)	129	0	0	GA	0															not_admitted	not_admitted	not_admitted	not_admitted	not_admitted	not_admitted	not_admitted	not_admitted	not_admitted	not_admitted	1	110;85187;86176;+;366.0	120;91723;93090;+;381.2	116;89713;90465;+;233.7	106;81105;83744;+;258.5	121;93090;95939;+;345.6	98;76424;77848;+;88.8	106;81105;83744;+;88.7	96;75131;75697;+;169.3	111;86189;86827;+;66.9	112;86886;88841;+;259.7	125;98425;100737;+;392.7	99;77962;78546;+;55.4	125;98425;100737;+;66.5	A	9/9	contiguous	23294	1	1	95952..96500+;182;unnamed;0
NC_009661.1	MPF_F	-	85	0	0	GA	0															not_admitted	not_admitted	not_admitted	not_admitted	not_admitted	not_admitted	not_admitted	not_admitted	not_admitted	not_admitted	1	63;59553;60566;-;371.6	56;53326;54714;-;317.2	60;56110;56985;-;184.1	66;61627;64215;-;208.9	55;50513;53323;-;352.3	68;64695;66221;-;97.6	66;61627;64215;-;90.0	70;67036;67602;-;118.7	62;58793;59530;-;91.5	61;56982;58796;-;232.0	53;47813;49939;-;409.0	67;64219;64674;-;38.2	53;47813;49939;-;80.3	A	9/9	contiguous	19223	1	1	49942..50475-;177;unnamed;0
NC_009669.1	MPF_T	-	175	0	0	GA	1	102;97103;98182;-;91.6	105;100898;101245;-;73.7	104;100596;100895;-;88.4	103;98175;100592;-;126.8	103;98175;100592;-;100.1	101;96368;97090;-;40.2	100;95101;96138;-;143.0		99;94371;95066;-;181.8	98;93565;94374;-;203.3	97;92333;93565;-;203.2	96;91321;92352;-;129.0	95;89237;91324;-;305.4		pfam	pfam_only	A	7/7	canonical	1	0	unscoreable	0	0	0														not_admitted	not_admitted	not_admitted	not_admitted	not_admitted	not_admitted	not_admitted
NC_009702.1	MPF_F	-	66	0	0	GA	0															not_admitted	not_admitted	not_admitted	not_admitted	not_admitted	not_admitted	not_admitted	not_admitted	not_admitted	not_admitted	1	39;27501;28511;+;381.8	45;32497;33903;+;301.4	43;31290;32069;+;172.2	37;24273;26822;+;199.5	46;33907;36720;+;298.9	35;22330;23862;+;87.6	37;24273;26822;+;100.0	33;20993;21568;+;135.1	41;28768;29481;+;88.4	42;29518;31242;+;230.0	53;40171;42270;+;396.7	36;23868;24260;+;34.3	53;40171;42270;+;74.2	A	9/9	contiguous	19178	1	1	36803..37339+;178;unnamed;0
NC_009704.1	MPF_T	pIP31758(p59)	69	0	0	GA	1	33;28986;29492;+;82.8	9;7175;7513;+;61.0	10;7570;7830;+;35.0	11;7823;10360;+;96.0	11;7823;10360;+;110.6	16;13874;14611;+;121.7	18;14831;16195;+;114.7		12;10357;11079;+;102.8	13;11094;11981;+;168.8	15;12438;13817;+;214.5	25;21911;23443;+;218.7	55;45463;47400;-;463.5		conjscan	conjscan_only	A	7/7	canonical	1	0	unscoreable	15	0	0														not_admitted	not_admitted	not_admitted	not_admitted	not_admitted	not_admitted	not_admitted
NC_009777.1	MPF_T	-	99	0	0	GA	1	49;43391;43993;-;35.4			46;40392;42722;-;75.8	46;40392;42722;-;51.4	45;39724;40389;-;60.2	43;38518;39468;-;109.1		41;37539;38294;-;142.9	40;36775;37542;-;174.1	39;35589;36782;-;147.6	37;34222;35238;-;97.4	36;32440;34218;-;308.1		pfam	pfam_only	A	7/7	canonical	1	0	unscoreable	5	0	0														not_admitted	not_admitted	not_admitted	not_admitted	not_admitted	not_admitted	not_admitted
NC_009779.1	MPF_T	IncFII(pCTU2);pESA2	39	0	0	GA	1	24;19928;20638;+;45.1	25;20635;20913;+;67.5	26;20926;23670;+;47.6	26;20926;23670;+;144.4	26;20926;23670;+;44.1	27;23686;24390;+;130.9	29;24639;25715;+;168.6		31;25923;26606;+;190.9	32;26606;27511;+;153.3	33;27554;28858;+;143.2	34;28855;29880;+;69.0	0;752;2488;+;40.6		pfam	pfam_only	A	7/7	canonical	1	1	unscoreable	2	0	0														not_admitted	not_admitted	not_admitted	not_admitted	not_admitted	not_admitted	not_admitted
NC_009837.1	MPF_F	IncFIB(AP001918);IncFIC(FII)	180	0	0	GA	0															not_admitted	not_admitted	not_admitted	not_admitted	not_admitted	not_admitted	not_admitted	not_admitted	not_admitted	not_admitted	1	38;29354;30346;+;367.3	49;35989;40185;+;376.7	42;33075;33818;+;234.1	35;25718;28345;+;305.4	49;35989;40185;+;385.8	28;22236;23663;+;94.4	35;25718;28345;+;99.1	26;20955;21521;+;183.8	39;30355;30993;+;67.3	40;30990;32798;+;268.3	52;41689;43842;+;391.5	32;24687;25202;+;77.3	52;41689;43842;+;70.4	A	9/9	contiguous	20734	1	1	40182..40691+;169;unnamed;0
NC_009838.1	MPF_F	IncHI2;IncHI2A	247	0	0	GA	0															not_admitted	not_admitted	not_admitted	not_admitted	not_admitted	not_admitted	not_admitted	not_admitted	not_admitted	not_admitted	1	28;33164;34222;+;276.9	160;166261;167676;-;194.1	161;167666;168712;-;174.3	11;8955;11636;+;168.0	159;162299;166252;-;101.6	7;5270;6625;+;80.7	11;8955;11636;+;72.2	4;2758;3546;+;74.8	26;31511;33022;+;62.0	29;34241;37429;+;57.3	168;175754;177838;+;56.8	10;7996;8946;+;46.1	168;175754;177838;+;38.8	A	9/9	split_3	172996	1	1	160829..162118-;429;unnamed;0
NC_009955.1	MPF_T	-	204	0	0	GA	1	49;42877;44031;+;73.9	45;39794;40087;+;75.3	46;40080;40358;+;90.4	47;40348;42723;+;82.6	47;40348;42723;+;46.7	50;44031;44840;+;70.9	57;49186;50262;+;128.6		51;44855;45511;+;172.9	52;45513;46208;+;165.4	53;46205;47584;+;176.2	54;47589;48575;+;103.7	61;55361;57364;-;289.2		pfam	both	A	7/7	canonical	1	0	unscoreable	6	0	0														not_admitted	not_admitted	not_admitted	not_admitted	not_admitted	not_admitted	not_admitted
NC_009957.1	MPF_T	-	143	0	0	GA	1	47;37217;38371;+;74.5	43;34146;34439;+;75.3	44;34390;34710;+;88.2	45;34700;37063;+;84.8	45;34700;37063;+;43.9	48;38371;39180;+;69.4	55;43526;44602;+;131.4		49;39197;39850;+;171.9	50;39853;40548;+;167.5	51;40545;41924;+;179.8	52;41929;42915;+;104.1	59;48594;50594;-;288.4		pfam	both	A	7/7	canonical	1	0	unscoreable	6	0	0														not_admitted	not_admitted	not_admitted	not_admitted	not_admitted	not_admitted	not_admitted
NC_009966.1	MPF_F	-	63	0	0	GA	0															not_admitted	not_admitted	not_admitted	not_admitted	not_admitted	not_admitted	not_admitted	not_admitted	not_admitted	not_admitted	1	18;14311;15195;+;344.0	23;18559;19923;+;372.9	21;17298;18053;+;209.0	15;10667;13264;+;268.3	24;19937;22786;+;337.6	13;9016;10389;+;74.2	15;10667;13264;+;109.9	11;7721;8311;+;185.9	19;15208;15630;+;64.7	20;15623;17311;+;208.4	26;23567;25432;+;404.5		26;23567;25432;+;70.9	B	8/9	contiguous	15846	1	1	22776..23567+;263;unnamed;0
NC_009980.1	MPF_T	IncN	63	0	0	GA	1	27;25654;26388;+;32.5	29;26688;26981;+;28.7	30;27031;27348;+;63.3	31;27348;29948;+;111.8	31;27348;29948;+;76.8	32;29966;30679;+;97.1	34;30930;31970;+;153.6		35;32189;32887;+;131.9	36;32898;33782;+;159.0	37;33782;34942;+;154.9	38;34984;35979;+;81.2	50;51681;53210;-;38.5		pfam	both	A	7/7	canonical	1	0	unscoreable	2	0	0														not_admitted	not_admitted	not_admitted	not_admitted	not_admitted	not_admitted	not_admitted
NC_009981.1	MPF_F	IncHI1A;IncHI1B(R27);IncQ1	234	0	0	GA	0															not_admitted	not_admitted	not_admitted	not_admitted	not_admitted	not_admitted	not_admitted	not_admitted	not_admitted	not_admitted	1	16;16145;17197;+;277.6	147;131725;133140;-;201.7	148;133130;134176;-;171.3	233;202402;205083;+;160.9	146;127727;131716;-;103.1	229;198696;200054;+;84.0	233;202402;205083;+;76.5	226;196244;197029;+;68.7	14;14492;16000;+;65.6	17;17220;20396;+;58.9	154;141111;143195;+;50.2	232;201443;202393;+;45.2	154;141111;143195;+;36.5	A	9/9	split_3	187910	0	1	
NC_009982.1	MPF_T	IncW	46	0	0	GA	1	2;1020;1718;+;43.3	4;2102;2407;+;70.9	5;2420;2734;+;84.9	6;2737;5208;+;122.0	6;2737;5208;+;98.5	7;5205;5894;+;157.1	9;6135;7163;+;174.7		11;7416;8111;+;157.4	12;8122;8922;+;191.3	13;8922;10109;+;185.3	14;10075;11151;+;88.0	16;14134;15657;-;51.8		pfam	both	A	7/7	canonical	1	0	unscoreable	4	0	0														not_admitted	not_admitted	not_admitted	not_admitted	not_admitted	not_admitted	not_admitted
NC_009998.1	MPF_F	-	76	0	0	GA	0															not_admitted	not_admitted	not_admitted	not_admitted	not_admitted	not_admitted	not_admitted	not_admitted	not_admitted	not_admitted	1	8;8850;9863;-;370.0	2;3389;4777;-;317.2	5;5401;6276;-;187.8	11;10924;13512;-;206.4	1;573;3386;-;352.2	13;13992;15518;-;101.2	11;10924;13512;-;90.0	15;16333;16899;-;119.7	7;8087;8827;-;91.1	6;6273;8090;-;233.9	75;73478;75604;-;408.9	12;13516;13971;-;37.5	75;73478;75604;-;80.0	A	9/9	split_2	72905	1	1	2..535-;177;unnamed;0
NC_009999.1	MPF_F	-	77	0	0	GA	0															not_admitted	not_admitted	not_admitted	not_admitted	not_admitted	not_admitted	not_admitted	not_admitted	not_admitted	not_admitted	1	33;36758;37771;-;371.7	27;31288;32676;-;317.5	30;33312;34187;-;187.9	36;38832;41420;-;205.7	26;28466;31285;-;351.0	38;41900;43429;-;99.5	36;38832;41420;-;90.3	40;44241;44807;-;119.1	32;35995;36735;-;91.4	31;34184;35998;-;233.6	23;25051;27177;-;409.0	37;41424;41879;-;38.2	23;25051;27177;-;80.3	A	9/9	contiguous	19190	1	1	27895..28428-;177;unnamed;0
NC_010000.1	MPF_T	-	55	0	0	GA	1		27;22549;22869;+;53.4	28;22881;23177;+;25.1	29;23179;25605;+;81.3	29;23179;25605;+;94.2	30;25625;26383;+;40.4	31;26393;27724;+;91.1		32;27779;28477;+;116.7	33;28477;29355;+;152.9	35;29791;31086;+;220.0	40;35021;36745;+;149.6	53;45118;46998;+;425.9		conjscan	conjscan_only	A	7/7	canonical	1	0	unscoreable	18	0	0														not_admitted	not_admitted	not_admitted	not_admitted	not_admitted	not_admitted	not_admitted
NC_010070.1	MPF_F	-	190	0	0	GA	0															not_admitted	not_admitted	not_admitted	not_admitted	not_admitted	not_admitted	not_admitted	not_admitted	not_admitted	not_admitted	1	106;94946;95971;-;272.4	93;83408;84889;-;179.4	94;84900;85916;-;149.2	97;86855;89437;-;68.1	92;79972;83394;-;57.7	100;90627;91988;-;76.2	97;86855;89437;-;63.3	102;92953;93552;-;36.0	105;94437;94934;-;63.6	84;72065;73468;-;109.7	66;50998;53025;+;223.9		66;50998;53025;+;46.9	B	8/9	split_2	43948	1	1	79685..79879-;64;unnamed;0
NC_010332.1	MPF_T	-	46	0	0	GA	1	31;32414;33184;-;34.1	29;29616;29924;-;73.1	28;29283;29606;-;79.8	27;26796;29276;-;199.6	27;26796;29276;-;106.5	26;26071;26790;-;228.9	24;24577;25659;-;170.8		22;23560;24270;-;205.1	21;22691;23563;-;183.0	20;21531;22691;-;190.6	19;20480;21547;-;91.8	17;17230;19932;-;327.8		pfam	both	A	7/7	canonical	1	0	unscoreable	4	0	0														not_admitted	not_admitted	not_admitted	not_admitted	not_admitted	not_admitted	not_admitted
NC_010377.1	MPF_F	pYE854	98	0	0	GA	0															not_admitted	not_admitted	not_admitted	not_admitted	not_admitted	not_admitted	not_admitted	not_admitted	not_admitted	not_admitted	1	64;62372;63955;-;329.9	59;58488;59876;-;247.2	60;59886;60749;-;155.9	68;67997;70570;-;168.2	58;54838;58491;-;130.9	70;71100;72350;-;53.8	68;67997;70570;-;86.8	72;73137;73787;-;62.7	63;61653;62372;-;96.9	66;64359;65936;-;82.3	18;15280;17352;+;320.8	69;70570;71076;-;71.6	18;15280;17352;+;60.2	A	9/9	split_2	57857	1	1	54487..54747-;86;unnamed;0
NC_010378.1	MPF_T	IncX1	58	0	0	GA	1	28;27296;27943;-;45.2	27;27022;27318;-;77.5	26;24250;27003;-;47.5	26;24250;27003;-;148.0	26;24250;27003;-;75.3	25;23490;24239;-;67.5	23;22118;23179;-;135.0		22;21160;21873;-;120.0	21;20226;21155;-;133.8	20;19024;20229;-;132.5	19;17991;19022;-;78.7	18;16153;17988;-;488.1		pfam	pfam_only	A	7/7	canonical	1	1	unscoreable	1	0	0														not_admitted	not_admitted	not_admitted	not_admitted	not_admitted	not_admitted	not_admitted
NC_010409.1	MPF_F	IncFIB(AP001918);IncFIC(FII)	157	0	0	GA	0															not_admitted	not_admitted	not_admitted	not_admitted	not_admitted	not_admitted	not_admitted	not_admitted	not_admitted	not_admitted	1	110;113950;114942;-;369.3	99;106509;107882;-;380.9	104;109448;110191;-;233.3	113;115951;118581;-;303.8	98;103687;106512;-;387.0	121;121538;122965;-;94.3	113;115951;118581;-;99.2	123;123680;124246;-;183.8	107;112315;112953;-;67.5	106;110468;112318;-;265.1	95;100030;102183;-;391.5	118;120139;120654;-;78.2	95;100030;102183;-;70.4	A	9/9	contiguous	23650	1	1	103181..103690-;169;unnamed;0
NC_010421.1	MPF_T	IncX1	44	0	0	GA	1	22;20387;21034;-;47.0	21;20113;20409;-;77.5	20;17341;20094;-;46.6	20;17341;20094;-;148.1	20;17341;20094;-;71.6	19;16572;17330;-;67.3	17;15145;16275;-;103.0		16;14187;14900;-;119.7	15;13430;14182;-;109.3	13;12061;13266;-;132.5	12;11028;12059;-;79.0	11;9190;11025;-;489.3		pfam	pfam_only	A	7/7	canonical	1	1	unscoreable	2	0	0														not_admitted	not_admitted	not_admitted	not_admitted	not_admitted	not_admitted	not_admitted
NC_010422.1	MPF_T	IncFII(S);IncFII(pAR0022);IncX1	91	0	0	GA	1	59;52152;52799;-;45.2	58;51878;52174;-;77.5	57;49106;51859;-;46.6	57;49106;51859;-;148.0	57;49106;51859;-;75.3	56;48337;49095;-;65.9	54;46966;48099;-;108.9		53;46008;46721;-;120.0	52;45074;46003;-;129.7	51;43872;45077;-;132.5	50;43106;43870;-;55.2	49;41002;42837;-;486.5		pfam	pfam_only	A	7/7	canonical	1	1	unscoreable	1	0	0														not_admitted	not_admitted	not_admitted	not_admitted	not_admitted	not_admitted	not_admitted
NC_010488.1	MPF_F	IncFIB(AP001918);IncFII	151	0	0	GA	0															not_admitted	not_admitted	not_admitted	not_admitted	not_admitted	not_admitted	not_admitted	not_admitted	not_admitted	not_admitted	1	22;25071;26063;-;369.3	11;17648;19021;-;381.0	16;20611;21354;-;235.0	25;27072;29699;-;304.6	10;14829;17651;-;389.2	31;31851;33278;-;94.3	25;27072;29699;-;99.2	33;33993;34559;-;183.8	19;23436;24074;-;68.6	18;21631;23439;-;268.0	7;11124;13295;-;391.6	27;30215;30730;-;78.4	7;11124;13295;-;70.4	A	9/9	contiguous	22869	1	1	14311..14808-;165;TraS;0
NC_010509.1	MPF_T	-	62	0	0	GA	1	31;18400;19188;+;42.9	33;21750;22064;+;61.9	34;22077;22418;+;84.3	35;22424;24913;+;197.0	35;22424;24913;+;93.4	36;24926;25636;+;225.8	38;25962;27059;+;135.0		40;27359;28114;+;192.9	41;28111;28989;+;187.6	42;28989;30131;+;196.7	43;30115;31188;+;88.9	44;31391;34084;+;335.6		pfam	both	A	7/7	canonical	1	0	unscoreable	3	0	0														not_admitted	not_admitted	not_admitted	not_admitted	not_admitted	not_admitted	not_admitted
NC_010553.1	MPF_T	-	309	0	0	GA	1	64;56442;56864;-;73.3	6;7766;8146;-;28.9	5;7462;7773;-;24.4	4;4991;7468;-;59.1	4;4991;7468;-;81.7		2;3224;4237;-;59.3		69;61097;61813;-;88.1	68;60219;61100;-;146.4	67;58950;60209;-;139.9	59;50122;52389;-;143.6	0;4;1872;-;29.1		none	none	A	7/7	canonical	0	0	unscoreable	7	0	0														not_admitted	not_admitted	not_admitted	not_admitted	not_admitted	not_admitted	not_admitted
NC_010555.1	MPF_T	IncX8	49	0	0	GA	1	6;2685;3320;+;49.9	7;3310;3588;+;38.8	8;3610;6384;+;42.9	8;3610;6384;+;143.1	8;3610;6384;+;64.2	9;6396;7160;+;79.4	11;7422;8579;+;101.9		13;8719;9426;+;149.4	14;9429;10352;+;136.8	15;10345;11547;+;134.2	16;11544;12578;+;70.6	17;12581;14434;+;462.8		pfam	pfam_only	A	7/7	canonical	1	1	unscoreable	2	0	0														not_admitted	not_admitted	not_admitted	not_admitted	not_admitted	not_admitted	not_admitted
NC_010558.1	MPF_F	IncFIA;IncFIB(AP001918);IncFII	190	0	0	GA	0															not_admitted	not_admitted	not_admitted	not_admitted	not_admitted	not_admitted	not_admitted	not_admitted	not_admitted	not_admitted	1	52;49029;50021;+;371.6	63;55706;57079;+;380.9	56;52750;53493;+;235.0	49;45393;48020;+;303.5	64;57076;59901;+;385.9	43;41807;43234;+;91.9	49;45393;48020;+;99.0	41;40526;41092;+;182.9	53;50030;50668;+;64.9	54;50665;52473;+;268.3	67;61405;63576;+;391.6	48;44362;44877;+;76.4	67;61405;63576;+;70.4	A	9/9	contiguous	20879	1	1	59898..60353+;151;unnamed;0
NC_010579.1	MPF_T	-	41	0	0	GA	1		40;37905;38297;+;58.1	0;57;323;+;33.1	1;311;2875;+;104.6	1;311;2875;+;109.4	6;6399;7172;+;109.7	8;7447;8817;+;109.1		2;2872;3588;+;92.4	3;3605;4495;+;169.0	5;4980;6380;+;207.2	39;36933;37892;+;139.4	22;21982;23916;-;468.1		conjscan	both	A	7/7	canonical	1	0	unscoreable	3	0	0														not_admitted	not_admitted	not_admitted	not_admitted	not_admitted	not_admitted	not_admitted
NC_010606.1	MPF_F	-	95	0	0	GA	0															not_admitted	not_admitted	not_admitted	not_admitted	not_admitted	not_admitted	not_admitted	not_admitted	not_admitted	not_admitted	1	78;49412;50455;+;369.2	84;54440;54976;+;201.7	82;53226;54038;+;219.1	75;45124;47850;+;164.6	86;55885;58887;+;208.7	71;42128;43444;+;102.7	75;45124;47850;+;108.4	69;40837;41415;+;83.7	79;50470;51177;+;107.6	81;51968;53233;+;98.0	46;26558;28717;+;381.3	74;44470;45114;+;41.9	46;26558;28717;+;90.0	A	9/9	contiguous	29327	1	1	58959..59477+;172;unnamed;0
NC_010614.1	MPF_F	-	87	0	0	GA	0															not_admitted	not_admitted	not_admitted	not_admitted	not_admitted	not_admitted	not_admitted	not_admitted	not_admitted	not_admitted	1	15;12412;13422;+;378.4	22;17777;19108;+;302.0	20;16498;17277;+;168.4	14;9041;12286;+;188.9	23;19186;22017;+;289.5	11;6757;8265;+;78.8	14;9041;12286;+;95.7	9;5414;5989;+;118.2	18;13993;14700;+;92.1	19;14714;16444;+;219.1	28;24563;26668;+;391.5	12;8269;8649;+;33.8	28;24563;26668;+;78.2	A	9/9	contiguous	19149	1	1	22110..22640+;176;unnamed;0
NC_010627.1	MPF_T	-	600	0	0	GA	1	314;309504;310157;-;41.5		312;308663;309100;-;35.9	311;306090;308663;-;55.1		310;305400;306077;-;116.2	308;304224;305138;-;156.3		305;303063;303914;-;170.7	304;302149;303066;-;181.5	303;300770;302131;-;139.0	301;299202;300239;-;83.5	294;295438;297243;-;316.7		pfam	both	A	7/7	canonical	1	0	unscoreable	11	0	0														not_admitted	not_admitted	not_admitted	not_admitted	not_admitted	not_admitted	not_admitted
NC_010643.1	MPF_T	IncW	43	0	0	GA	1	25;23603;24301;-;43.3	23;22914;23219;-;70.3	22;22590;22901;-;82.8	21;20116;22587;-;125.3	21;20116;22587;-;98.4	20;19430;20119;-;156.2	18;18161;19189;-;173.9		16;17214;17909;-;157.4	15;16402;17202;-;191.3	14;15215;16402;-;185.3	13;14173;15249;-;88.0	11;9667;11190;+;50.7		pfam	both	A	7/7	canonical	1	0	unscoreable	4	0	0														not_admitted	not_admitted	not_admitted	not_admitted	not_admitted	not_admitted	not_admitted
NC_010657.1	MPF_T	IncX4	46	0	0	GA	1	29;18852;19472;+;41.6	30;19486;19812;+;61.9	31;19831;22578;+;62.7	31;19831;22578;+;153.2	31;19831;22578;+;45.6	32;22590;23306;+;93.5	33;23318;24412;+;150.1		35;24927;25613;+;169.0	36;25610;26518;+;143.2	37;26511;27620;+;164.9	38;27622;28650;+;85.1	39;28682;30499;+;313.0		pfam	pfam_only	A	7/7	canonical	1	1	unscoreable	1	0	0														not_admitted	not_admitted	not_admitted	not_admitted	not_admitted	not_admitted	not_admitted
NC_010679.1	MPF_T	-	169	0	0	GA	1	168;120147;120455;-;41.5		104;73817;74152;+;25.0	105;74136;76685;+;75.1	105;74136;76685;+;54.0	106;76688;77392;+;127.3	107;77470;78468;+;84.2		109;78670;79569;+;64.9	110;79566;80474;+;110.4	111;80471;81769;+;142.1	4;4608;6626;+;132.2	98;65197;66885;+;46.3		pfam	both	A	7/7	canonical	1	0	unscoreable	5	0	0														not_admitted	not_admitted	not_admitted	not_admitted	not_admitted	not_admitted	not_admitted
NC_010696.1	MPF_T	-	43	0	0	GA	1	3;2266;2943;+;31.0			6;3689;6163;+;57.9	6;3689;6163;+;51.9	7;6150;6824;+;82.8	41;33171;34226;-;106.2		9;7046;7849;+;127.1	10;7870;8655;+;167.4	11;8648;9871;+;159.8	12;9940;11013;+;83.7	13;11023;13074;+;296.3		pfam	both	A	7/7	uncallable	0	0	unscoreable	3	0	0														not_admitted	not_admitted	not_admitted	not_admitted	not_admitted	not_admitted	not_admitted
NC_010697.1	MPF_T	-	66	0	0	GA	1	29;25229;25714;+;85.8		7;3924;4238;+;39.8	8;4235;6607;+;55.4	8;4235;6607;+;42.8	9;6609;7256;+;33.8	10;7256;8221;+;125.1		11;8224;8952;+;169.5	12;8952;9713;+;172.6	13;9706;10854;+;128.0	21;18398;19915;+;210.7	15;11900;13696;+;301.6		pfam	pfam_only	A	7/7	canonical	1	0	unscoreable	12	0	0														not_admitted	not_admitted	not_admitted	not_admitted	not_admitted	not_admitted	not_admitted
NC_010699.1	MPF_F	-	47	0	0	GA	0															not_admitted	not_admitted	not_admitted	not_admitted	not_admitted	not_admitted	not_admitted	not_admitted	not_admitted	not_admitted	1	16;12319;13344;+;355.0	21;17212;18582;+;345.7	19;15777;16565;+;182.1	13;8674;11322;+;227.0	22;18586;21606;+;253.0	11;6684;8057;+;98.7	13;8674;11322;+;111.0	9;5367;5933;+;100.2	17;13329;13922;+;64.5	18;13885;15777;+;225.5	25;22956;25322;+;351.0	12;8077;8610;+;49.4	25;22956;25322;+;73.8	A	9/9	contiguous	17589	1	1	21575..22048+;157;unnamed;0
NC_010716.1	MPF_T	IncW	44	0	0	GA	1	22;22678;23376;-;43.3	20;21989;22294;-;70.7	19;21662;21976;-;81.2	18;19188;21659;-;122.0	18;19188;21659;-;98.5	17;18502;19191;-;157.8	15;17235;18263;-;174.7		14;16286;16981;-;157.9	13;15474;16274;-;191.3	12;14287;15474;-;186.1	11;13243;14220;-;88.3	9;8737;10260;+;51.1		pfam	both	A	7/7	canonical	1	0	unscoreable	3	0	0														not_admitted	not_admitted	not_admitted	not_admitted	not_admitted	not_admitted	not_admitted
NC_010726.1	MPF_T	IncFII(pMET)	48	0	0	GA	1	5;3534;4244;+;47.5	6;4241;4546;+;73.1	7;4559;7297;+;49.1	7;4559;7297;+;151.4	7;4559;7297;+;32.2	8;7316;8026;+;141.1	10;8275;9351;+;170.4		12;9620;10255;+;189.1	13;10255;11160;+;155.4	14;11207;12475;+;147.2	15;12465;13490;+;66.1	19;15346;17082;+;46.4		pfam	pfam_only	A	7/7	canonical	1	1	unscoreable	5	0	0														not_admitted	not_admitted	not_admitted	not_admitted	not_admitted	not_admitted	not_admitted
NC_010802.1	MPF_F	-	189	0	0	GA	0															not_admitted	not_admitted	not_admitted	not_admitted	not_admitted	not_admitted	not_admitted	not_admitted	not_admitted	not_admitted	1	22;17515;18540;+;272.4	35;28597;30078;+;179.4	34;27570;28586;+;149.2	31;24049;26631;+;68.1	36;30092;33514;+;57.7	28;21498;22859;+;76.2	31;24049;26631;+;63.3	26;19934;20533;+;36.0	23;18552;19049;+;63.6	44;40018;41421;+;109.7	62;60461;62488;-;223.9		62;60461;62488;-;46.9	B	8/9	split_2	42946	1	1	33607..33801+;64;unnamed;0
NC_010841.1	MPF_T	-	174	0	0	GA	1	149;157955;158677;+;53.4	113;122640;123023;-;71.1	151;159039;159365;+;71.6	152;159365;161734;+;199.5	111;119881;122337;-;122.3	110;119106;119909;-;46.2	108;117734;118915;-;114.0		155;163555;164268;+;163.3	106;116222;117034;-;187.2	104;114474;115766;-;218.1	158;166307;167341;+;98.7	94;103981;105984;-;543.4		conjscan	conjscan_only	A	7/7	uncallable	0	0	unscoreable	21	0	0														not_admitted	not_admitted	not_admitted	not_admitted	not_admitted	not_admitted	not_admitted
NC_010860.1	MPF_T	IncX1	44	0	0	GA	1	14;6332;6979;+;46.9	15;6957;7253;+;77.5	16;7272;10025;+;46.6	16;7272;10025;+;148.1	16;7272;10025;+;71.6	17;10036;10794;+;67.3	19;11032;12165;+;106.4		20;12411;13124;+;119.7	21;13129;14058;+;133.8	22;14055;15260;+;132.5	23;15262;16293;+;76.5	24;16296;18131;+;488.6		pfam	pfam_only	A	7/7	canonical	1	1	unscoreable	1	0	0														not_admitted	not_admitted	not_admitted	not_admitted	not_admitted	not_admitted	not_admitted
NC_010862.1	MPF_F	IncFIB(pB171);IncFII(pCoo)	117	0	0	GA	0															not_admitted	not_admitted	not_admitted	not_admitted	not_admitted	not_admitted	not_admitted	not_admitted	not_admitted	not_admitted	1	66;61379;62371;-;372.6	55;54319;55692;-;378.7	62;57906;58649;-;233.9	69;63380;66007;-;304.4	54;51497;54322;-;389.1	76;68166;69593;-;94.3	69;63380;66007;-;98.3	78;70308;70874;-;183.8	65;60732;61370;-;62.2	64;58927;60735;-;268.3	51;47840;49993;-;391.9	72;66523;67038;-;78.4	51;47840;49993;-;70.4	A	9/9	contiguous	22468	1	1	50991..51500-;169;unnamed;0
NC_010865.1	MPF_T	-	166	0	0	GA	1		164;179524;179916;-;74.0	163;179232;179531;-;63.8	162;177521;179221;-;175.4	162;177521;179221;-;124.1	160;175988;176794;-;53.5	158;174613;175794;-;115.7		157;173929;174591;-;132.7	156;173083;173913;-;188.0	154;171319;172617;-;217.8	165;179906;180871;-;124.3	140;154897;156855;-;549.0		conjscan	conjscan_only	A	7/7	canonical	1	0	unscoreable	4	0	0														not_admitted	not_admitted	not_admitted	not_admitted	not_admitted	not_admitted	not_admitted
NC_010870.1	MPF_F	IncHI2;IncHI2A	287	0	0	GA	0															not_admitted	not_admitted	not_admitted	not_admitted	not_admitted	not_admitted	not_admitted	not_admitted	not_admitted	not_admitted	1	28;31105;32163;+;276.9	173;163175;164590;-;194.1	174;164580;165626;-;173.7	10;7785;10466;+;168.0	172;159216;163166;-;101.6	6;4100;5455;+;80.5	10;7785;10466;+;72.2	3;1588;2376;+;74.8	26;29452;30963;+;62.7	29;32182;35370;+;58.3	180;172667;174751;+;56.7	9;6826;7776;+;46.4	180;172667;174751;+;38.8	A	9/9	split_3	171079	0	1	
NC_010900.1	MPF_T	-	38	0	0	GA	1	35;25534;26271;-;40.5		33;24789;25172;-;37.6	32;22364;24850;-;92.9	32;22364;24850;-;39.5	31;21680;22351;-;47.9	30;20779;21675;-;119.5		28;19509;20267;-;147.5	27;18718;19512;-;169.9					pfam	both	D	4/7	canonical	1	0	unscoreable	2	0	0														not_admitted	not_admitted	not_admitted	not_admitted	not_admitted	not_admitted	not_admitted
NC_010919.1	MPF_T	IncU	52	0	0	GA	1		29;27071;27394;-;66.6	28;26733;27053;-;82.6	27;24289;26736;-;158.4	27;24289;26736;-;86.2	26;23648;24292;-;105.7	24;22322;23332;-;161.6		22;21252;22001;-;157.6	21;20416;21249;-;208.0	20;19202;20416;-;188.0	19;18196;19224;-;90.4	18;16305;18230;-;408.7		pfam	both	A	7/7	canonical	1	0	unscoreable	2	0	0														not_admitted	not_admitted	not_admitted	not_admitted	not_admitted	not_admitted	not_admitted
NC_010929.1	MPF_T	-	237	0	0	GA	1	137;153093;153812;+;59.9	86;98298;98702;-;72.1	139;154192;154518;+;72.2	140;154518;156887;+;226.5	84;95527;97995;-;122.8	83;94746;95555;-;43.5	81;93350;94537;-;113.3		143;158676;159449;+;176.5	79;91801;92655;-;190.2	77;90008;91312;-;222.5	87;98692;99663;-;129.5	201;211052;212995;-;539.2		conjscan	conjscan_only	A	7/7	uncallable	0	0	unscoreable	10	0	0														not_admitted	not_admitted	not_admitted	not_admitted	not_admitted	not_admitted	not_admitted
NC_010935.1	MPF_T	IncP1	93	0	0	GA	1	37;31140;31730;+;23.1	26;20868;21332;+;62.5	27;21336;21647;+;51.3	28;21644;24202;+;94.6	28;21644;24202;+;113.4	33;27762;28535;+;125.5	35;28778;30496;+;148.0		29;24199;24987;+;146.4	30;25005;25898;+;181.1	32;26366;27745;+;218.3	25;19873;20838;+;131.2	89;86034;87938;-;526.9		conjscan	conjscan_only	A	7/7	canonical	1	0	unscoreable	4	0	0														not_admitted	not_admitted	not_admitted	not_admitted	not_admitted	not_admitted	not_admitted
NC_011003.1	MPF_F	-	104	0	0	GA	0															not_admitted	not_admitted	not_admitted	not_admitted	not_admitted	not_admitted	not_admitted	not_admitted	not_admitted	not_admitted	1	35;37908;38918;-;389.2	23;29205;30659;-;347.2	27;32664;33497;-;222.8	46;44330;46936;-;217.4	22;26157;29195;-;212.1	49;48385;49818;-;101.1	46;44330;46936;-;97.5	51;50496;51086;-;114.8	34;37210;37911;-;103.3	31;34456;35700;-;167.8	66;63145;65064;-;385.5	47;46939;47601;-;51.6	66;63145;65064;-;79.0	A	9/9	contiguous	36988	0	1	
NC_011061.1	MPF_T	-	69	0	0	GA	1		8;8373;8675;+;73.3	9;8672;8923;+;41.4	10;8929;11391;+;54.5	10;8929;11391;+;105.4	11;11408;12166;+;79.3	13;12401;13591;+;137.7		14;13629;14321;+;144.0	15;14328;15266;+;222.0	16;15285;16571;+;193.2	7;7197;8201;+;125.6	5;4374;6545;+;358.2		conjscan	conjscan_only	A	7/7	canonical	1	0	unscoreable	3	0	0														not_admitted	not_admitted	not_admitted	not_admitted	not_admitted	not_admitted	not_admitted
NC_011092.1	MPF_T	IncFIB(K)	120	0	0	GA	1	96;88835;89497;+;48.3	97;89508;89807;+;36.6	98;89817;92567;+;60.6	98;89817;92567;+;131.5	98;89817;92567;+;48.6	99;92586;93302;+;137.0	101;93616;94623;+;137.8		103;94833;95519;+;158.3	104;95512;96405;+;147.4	65;65850;66419;-;196.0	106;97602;98651;+;71.5	113;103389;105296;+;24.3		pfam	pfam_only	A	7/7	canonical	1	1	unscoreable	8	0	0														not_admitted	not_admitted	not_admitted	not_admitted	not_admitted	not_admitted	not_admitted
NC_011143.1	MPF_T	-	394	0	0	GA	1	7;6786;7448;+;48.6	8;7474;7803;+;81.4	9;7816;8151;+;93.0	10;8144;10549;+;163.6	10;8144;10549;+;115.6	11;10546;11301;+;197.6	12;11553;12491;+;123.6		14;12816;13496;+;187.7	15;13493;14323;+;204.3	16;14320;15546;+;178.3	17;15543;16541;+;93.6	21;19464;21059;+;286.6		pfam	both	A	7/7	canonical	1	0	unscoreable	3	0	0														not_admitted	not_admitted	not_admitted	not_admitted	not_admitted	not_admitted	not_admitted
NC_011148.1	MPF_T	pSL483	51	0	0	GA	1	30;21057;21734;-;29.7			27;17776;20301;-;58.7	27;17776;20301;-;38.4	26;17112;17807;-;83.1	35;25378;26430;+;92.4		25;16096;16887;-;138.5	24;15286;16074;-;168.9	23;14067;15293;-;158.0	22;12929;13990;-;79.3	21;10886;12907;-;311.8		pfam	pfam_only	A	7/7	uncallable	0	0	unscoreable	6	0	0														not_admitted	not_admitted	not_admitted	not_admitted	not_admitted	not_admitted	not_admitted
NC_011204.1	MPF_T	IncFII(S);IncFII(pAR0022);IncX1	91	0	0	GA	1	72;63388;64035;-;45.2	71;63114;63410;-;77.5	70;60342;63095;-;46.6	70;60342;63095;-;148.0	70;60342;63095;-;75.3	69;59573;60331;-;65.9	67;58202;59335;-;108.9		66;57244;57957;-;120.0	65;56310;57239;-;129.7	64;55108;56313;-;132.5	63;54342;55106;-;55.2	62;52238;54073;-;484.6		pfam	pfam_only	A	7/7	canonical	1	1	unscoreable	1	0	0														not_admitted	not_admitted	not_admitted	not_admitted	not_admitted	not_admitted	not_admitted
NC_011311.1	MPF_F	-	76	0	0	GA	0															not_admitted	not_admitted	not_admitted	not_admitted	not_admitted	not_admitted	not_admitted	not_admitted	not_admitted	not_admitted	1	9;7732;8736;+;384.9	16;13541;14926;+;307.3	13;11549;12292;+;183.2	6;4191;6722;+;186.8	17;14923;17718;+;322.9	4;2337;3767;+;85.9	6;4191;6722;+;75.0	2;1035;1595;+;110.3	11;9119;9817;+;81.6	12;9821;11539;+;239.6	19;18326;20404;+;385.3	5;3780;4181;+;32.2	19;18326;20404;+;70.7	A	9/9	contiguous	17291	1	1	17817..18314+;165;unnamed;0
NC_011351.1	MPF_T	pEC4115	48	0	0	GA	1	7;4386;4997;+;40.5	8;4969;5283;+;30.3	9;5341;5661;+;42.3	10;5664;8036;+;81.6	10;5664;8036;+;33.6	6;3677;4318;+;33.9	4;2474;3451;+;132.9		12;8167;8904;+;158.9	13;8901;9680;+;166.7	14;9670;10812;+;142.8	15;10812;11831;+;91.9	16;11883;13850;+;291.3		pfam	pfam_only	A	7/7	rearranged	1	0	unscoreable	2	0	0														not_admitted	not_admitted	not_admitted	not_admitted	not_admitted	not_admitted	not_admitted
NC_011352.1	MPF_T	-	43	0	0	GA	1				12;7813;9831;+;25.4									19;14087;15631;+;461.5		none	none	D	2/7	uncallable	0	0	unscoreable	6	0	0														not_admitted	not_admitted	not_admitted	not_admitted	not_admitted	not_admitted	not_admitted
NC_011370.1	MPF_T	-	283	0	0	GA	1	133;150263;151435;+;71.6	130;147062;147433;+;53.1	131;147436;147762;+;46.6	132;147766;150285;+;142.5	132;147766;150285;+;92.9		136;152477;153550;+;89.1		137;153610;154344;+;102.2	138;154341;155174;+;185.5	139;155185;156519;+;193.4	140;156516;157565;+;122.2	141;157534;160242;+;228.5		none	none	A	7/7	canonical	0	0	unscoreable	2	0	0														not_admitted	not_admitted	not_admitted	not_admitted	not_admitted	not_admitted	not_admitted
NC_011383.1	MPF_T	IncN	72	0	0	GA	1	62;64151;64888;-;32.0		59;63191;63508;-;63.3	58;60591;63191;-;111.8	58;60591;63191;-;76.4	57;59860;60573;-;105.5	55;58569;59609;-;142.4		54;57652;58350;-;131.9	53;56757;57641;-;159.7	52;55597;56757;-;156.3	51;54560;55555;-;81.2	43;47024;48553;+;38.5		pfam	both	A	7/7	canonical	1	0	unscoreable	10	0	0														not_admitted	not_admitted	not_admitted	not_admitted	not_admitted	not_admitted	not_admitted
NC_011385.1	MPF_T	IncN	85	0	0	GA	1	75;69994;70728;-;32.5		72;69034;69351;-;63.3	71;67859;69034;-;78.6	71;67859;69034;-;78.5	61;56891;57604;-;105.5	59;55600;56640;-;142.4		58;54683;55381;-;131.9	57;53788;54672;-;159.7	56;52628;53788;-;156.3	55;51591;52586;-;81.2	23;15750;17279;+;38.5		pfam	both	A	7/7	canonical	1	0	unscoreable	3	0	0														not_admitted	not_admitted	not_admitted	not_admitted	not_admitted	not_admitted	not_admitted
NC_011409.1	MPF_G	-	72	0	0	GA	0															not_admitted	not_admitted	not_admitted	not_admitted	not_admitted	not_admitted	not_admitted	not_admitted	not_admitted	not_admitted	1	55;47013;47954;-;169.0			47;38650;41520;+;277.6	50;42277;43770;+;184.7						36;30481;32730;+;34.8		36;30481;32730;+;50.2	D	3/9	contiguous	16532	0	0	
NC_011413.1	MPF_F	IncFII(pSE11)	105	0	0	GA	0															not_admitted	not_admitted	not_admitted	not_admitted	not_admitted	not_admitted	not_admitted	not_admitted	not_admitted	not_admitted	1	63;49771;50769;+;349.5	73;56808;58214;+;342.9	69;54704;55489;+;216.0	59;45899;48538;+;253.5	74;58214;61102;+;313.4	57;44026;45372;+;97.8	59;45899;48538;+;117.1	55;42701;43279;+;128.5	67;52166;52771;+;57.4	68;52768;54702;+;241.5	79;63948;66134;+;374.5	58;45369;45902;+;52.3	79;63948;66134;+;60.1	A	9/9	contiguous	21247	1	1	61116..61766+;216;unnamed;1
NC_011603.1	MPF_F	IncFIB(pB171);IncFII(pCoo)	115	0	0	GA	0															not_admitted	not_admitted	not_admitted	not_admitted	not_admitted	not_admitted	not_admitted	not_admitted	not_admitted	not_admitted	1	63;56425;57417;-;372.6	52;49365;50738;-;378.7	59;52952;53695;-;233.9	66;58426;61053;-;304.4	51;46543;49368;-;389.1	73;63212;64639;-;94.3	66;58426;61053;-;98.3	75;65354;65920;-;183.8	62;55778;56416;-;62.2	61;53973;55781;-;268.3	48;42886;45039;-;391.9	69;61569;62084;-;78.4	48;42886;45039;-;70.4	A	9/9	contiguous	22468	1	1	46037..46546-;169;unnamed;0
NC_011617.1	MPF_T	IncN	78	0	0	GA	1	36;34005;34739;+;32.5		39;35382;35699;+;63.3	40;35699;38299;+;113.8	40;35699;38299;+;76.4	41;38317;39030;+;105.5	43;39281;40321;+;142.4		44;40540;41238;+;131.9	45;41249;42133;+;159.7	46;42133;43293;+;156.3	47;43335;44330;+;81.2	55;52585;54114;-;38.5		pfam	both	A	7/7	canonical	1	0	unscoreable	10	0	0														not_admitted	not_admitted	not_admitted	not_admitted	not_admitted	not_admitted	not_admitted
NC_011664.1	MPF_F	-	87	0	0	GA	0															not_admitted	not_admitted	not_admitted	not_admitted	not_admitted	not_admitted	not_admitted	not_admitted	not_admitted	not_admitted	1	51;47431;48444;+;370.0	57;52502;53890;+;317.8	54;51003;51878;+;187.9	48;43782;46370;+;206.9	58;53893;56706;+;352.2	46;41776;43302;+;101.2	48;43782;46370;+;90.0	44;40395;40961;+;119.7	52;48467;49207;+;90.3	53;49204;51006;+;233.7	60;57280;59406;+;408.3	47;43323;43778;+;37.4	60;57280;59406;+;80.0	A	9/9	contiguous	16885	1	1	56744..57277+;177;unnamed;0
NC_011665.1	MPF_F	-	51	0	0	GA	0															not_admitted	not_admitted	not_admitted	not_admitted	not_admitted	not_admitted	not_admitted	not_admitted	not_admitted	not_admitted	1	25;26466;27473;+;368.6	32;32302;33690;+;317.7	28;30041;30916;+;187.0	22;22820;25408;+;204.7	33;33693;36521;+;353.0	20;20811;22340;+;99.9	22;22820;25408;+;82.7	18;19433;19999;+;119.9	26;27496;28233;+;91.5	27;28230;30044;+;233.7	35;37095;39221;+;409.7	21;22361;22816;+;37.5	35;37095;39221;+;80.3	A	9/9	contiguous	17662	1	1	36559..37092+;177;unnamed;0
NC_011668.1	MPF_F	-	64	0	0	GA	0															not_admitted	not_admitted	not_admitted	not_admitted	not_admitted	not_admitted	not_admitted	not_admitted	not_admitted	not_admitted	1	19;22489;23502;-;371.7	12;16246;17634;-;317.8	16;19040;19915;-;188.0	22;24563;27151;-;207.4	11;13430;16243;-;354.4	24;27631;29157;-;101.2	22;24563;27151;-;90.0	26;29969;30535;-;119.0	18;21726;22466;-;91.4	17;19912;21729;-;233.6	9;10733;12856;-;409.0	23;27155;27613;-;38.2	9;10733;12856;-;80.3	A	9/9	contiguous	19236	1	1	12859..13392-;177;unnamed;0
NC_011747.1	MPF_F	IncFIB(AP001918);IncFII	133	0	0	GA	0															not_admitted	not_admitted	not_admitted	not_admitted	not_admitted	not_admitted	not_admitted	not_admitted	not_admitted	not_admitted	1	68;60538;61530;+;369.3	77;66589;67965;+;381.0	72;64259;65002;+;230.0	65;56902;59529;+;306.4	78;67962;70472;+;387.9	58;53420;54847;+;94.3	65;56902;59529;+;98.5	56;52139;52705;+;183.3	69;61539;62177;+;68.7	70;62174;63982;+;267.9	82;72321;74474;+;391.8	62;55871;56386;+;77.3	82;72321;74474;+;70.4	A	9/9	contiguous	20182	1	1	70555..70788+;77;unnamed;0
NC_011812.1	MPF_F	IncFII	85	0	0	GA	0															not_admitted	not_admitted	not_admitted	not_admitted	not_admitted	not_admitted	not_admitted	not_admitted	not_admitted	not_admitted	1	52;39739;40731;+;369.5	62;46510;47883;+;381.7	57;43837;44580;+;234.4	49;36100;38730;+;304.1	63;47880;50702;+;374.0	41;31247;32698;+;94.2	49;36100;38730;+;97.1	39;29966;30532;+;174.3	54;41075;41713;+;66.7	55;41710;43560;+;266.1	71;55843;57888;+;391.4	44;33558;34073;+;78.4	71;55843;57888;+;70.4	A	9/9	contiguous	25877	1	1	50724..51203+;159;TraS;0
NC_011838.1	MPF_F	-	222	0	0	GA	0															not_admitted	not_admitted	not_admitted	not_admitted	not_admitted	not_admitted	not_admitted	not_admitted	not_admitted	not_admitted	1	168;151746;152798;+;324.9	177;158115;159515;+;305.2	176;157093;158118;+;233.6	165;147490;149955;+;310.5	178;159527;162742;+;371.4	155;133898;135163;+;129.9	165;147490;149955;+;129.9	153;131971;132609;+;88.5	167;150521;151759;+;71.7	132;110517;113138;+;124.9	148;127974;129803;+;38.4	156;135174;135674;+;93.4	148;127974;129803;+;55.1	A	9/9	contiguous	49010	0	1	
NC_011982.1	MPF_T	-	261	0	0	GA	1	170;168516;169232;-;53.2	258;256509;256913;-;72.7	168;167812;168138;-;72.0	167;165443;167812;-;197.0	256;253744;256206;-;129.7	255;252963;253772;-;49.3	253;251561;252745;-;112.5		164;162905;163618;-;166.6	251;250013;250867;-;184.0	249;248211;249524;-;225.7	259;256903;257874;-;132.5	94;84307;86271;-;550.1		conjscan	conjscan_only	A	7/7	rearranged	1	0	unscoreable	10	0	0														not_admitted	not_admitted	not_admitted	not_admitted	not_admitted	not_admitted	not_admitted
NC_011984.1	MPF_T	-	206	0	0	GA	1		203;209367;209771;-;77.3	202;209075;209374;-;62.2	201;206596;209064;-;183.8	201;206596;209064;-;120.0	200;205815;206624;-;47.2	198;204407;205603;-;109.9		197;203730;204392;-;121.8	196;202858;203712;-;194.8	194;201057;202370;-;227.5	204;209761;210732;-;135.4	138;142668;144638;-;560.9		conjscan	conjscan_only	A	7/7	canonical	1	0	unscoreable	3	0	0														not_admitted	not_admitted	not_admitted	not_admitted	not_admitted	not_admitted	not_admitted
NC_011986.1	MPF_T	-	88	0	0	GA	1	18;18233;19321;-;92.0	21;22081;22431;-;77.4	20;21780;21992;-;44.7	19;19318;21777;-;125.0	19;19318;21777;-;93.8	17;17522;18220;-;42.5	16;16261;17289;-;149.2		15;15533;16225;-;178.5	14;14727;15536;-;200.3	13;13519;14727;-;211.9	12;12516;13538;-;131.4	11;10420;12519;-;301.8		pfam	pfam_only	A	7/7	canonical	1	0	unscoreable	0	0	0														not_admitted	not_admitted	not_admitted	not_admitted	not_admitted	not_admitted	not_admitted
NC_011991.1	MPF_T	-	116	0	0	GA	1		110;126301;126666;-;81.1	109;126009;126308;-;64.6	108;123567;126005;-;134.3	108;123567;126005;-;121.2	107;122804;123592;-;62.0	105;121425;122531;-;106.0		104;120719;121384;-;122.0	103;119879;120700;-;186.7	101;118069;119406;-;227.5	111;126684;127646;-;122.1	61;62749;64686;-;430.5		conjscan	conjscan_only	A	7/7	canonical	1	0	unscoreable	3	0	0														not_admitted	not_admitted	not_admitted	not_admitted	not_admitted	not_admitted	not_admitted
NC_012040.1	MPF_T	-	44	0	0	GA	1		9;11349;11609;+;54.2	10;11616;14390;+;78.4	10;11616;14390;+;162.5	10;11616;14390;+;80.1	11;14387;15379;+;74.2	15;17607;18617;+;104.2		17;19299;19967;+;174.8	18;19964;20899;+;151.3	19;20896;22071;+;158.5	20;22071;23072;+;101.2	22;23627;25423;+;341.5		pfam	pfam_only	A	7/7	canonical	1	1	unscoreable	5	0	0														not_admitted	not_admitted	not_admitted	not_admitted	not_admitted	not_admitted	not_admitted
NC_012439.1	MPF_F	-	68	0	0	GA	0															not_admitted	not_admitted	not_admitted	not_admitted	not_admitted	not_admitted	not_admitted	not_admitted	not_admitted	not_admitted	1	21;16016;17008;-;162.6	30;23761;25164;-;231.5	31;25166;26053;-;179.2	35;28176;30956;-;112.9	29;20265;23756;-;322.3	40;32848;34098;-;103.1	35;28176;30956;-;119.2	43;35294;35821;-;60.2	20;15327;16043;-;79.3	17;11386;13944;-;35.5	1;972;2924;+;24.8	36;30946;31461;-;103.5	1;972;2924;+;54.8	A	9/9	contiguous	34322	1	1	19879..20268-;129;unnamed;1
NC_012555.1	MPF_F	IncHI2;IncHI2A	350	0	0	GA	0															not_admitted	not_admitted	not_admitted	not_admitted	not_admitted	not_admitted	not_admitted	not_admitted	not_admitted	not_admitted	1	29;32275;33333;+;276.9	220;206923;208338;-;194.1	221;208328;209374;-;173.7	11;8955;11636;+;168.0	219;202964;206914;-;101.6	7;5270;6625;+;80.7	11;8955;11636;+;72.2	4;2758;3546;+;74.8	27;30622;32133;+;62.7	30;33352;36540;+;58.3	227;216415;218499;+;56.7	10;7996;8946;+;46.4	227;216415;218499;+;38.8	A	9/9	split_3	213657	0	1	
NC_012556.1	MPF_F	IncHI2;IncHI2A	356	0	0	GA	0															not_admitted	not_admitted	not_admitted	not_admitted	not_admitted	not_admitted	not_admitted	not_admitted	not_admitted	not_admitted	1	29;32275;33333;+;276.9	226;212644;214059;-;194.1	227;214049;215095;-;173.7	11;8955;11636;+;168.0	225;208685;212635;-;101.6	7;5270;6625;+;80.7	11;8955;11636;+;72.2	4;2758;3546;+;74.8	27;30622;32133;+;62.7	30;33352;36540;+;58.3	233;222136;224220;+;56.7	10;7996;8946;+;46.4	233;222136;224220;+;38.8	A	9/9	split_3	219378	0	1	
NC_012586.1	MPF_T	-	2283	0	0	GA	1	967;990745;991359;+;22.1	968;991356;991658;+;99.0	969;991663;992001;+;101.7	970;991976;994351;+;170.6	970;991976;994351;+;108.9	971;994351;995046;+;192.3	973;995281;996195;+;159.3		975;996528;997199;+;205.5	976;997223;998065;+;179.1	977;998062;999228;+;174.7	354;376413;377837;+;217.2	992;1011201;1013108;-;316.8		pfam	both	A	7/7	canonical	1	0	unscoreable	2	0	0														not_admitted	not_admitted	not_admitted	not_admitted	not_admitted	not_admitted	not_admitted
NC_012674.1	MPF_T	-	104	0	0	GA	1	90;71114;72019;-;38.7	101;80954;81415;-;64.9	100;80657;80950;-;35.3	99;77986;80670;-;76.2	99;77986;80670;-;72.2	98;77300;77989;-;79.9	95;75812;76675;-;131.4		94;75143;75808;-;58.8	93;74327;75118;-;176.1	92;73041;74324;-;155.5	91;72003;73031;-;93.7	83;63478;65034;+;65.9		pfam	both	A	7/7	canonical	1	0	unscoreable	8	0	0														not_admitted	not_admitted	not_admitted	not_admitted	not_admitted	not_admitted	not_admitted
NC_012690.1	MPF_F	IncC	176	0	0	GA	0															not_admitted	not_admitted	not_admitted	not_admitted	not_admitted	not_admitted	not_admitted	not_admitted	not_admitted	not_admitted	1		166;138007;139440;+;339.2	165;136977;138005;+;221.7	81;61093;61800;+;192.9	167;139453;143067;+;375.3	72;47782;49098;+;135.0						73;49095;49673;+;100.2		D	5/9	split_2	91671	0	0	
NC_012692.1	MPF_F	IncC	197	0	0	GA	0															not_admitted	not_admitted	not_admitted	not_admitted	not_admitted	not_admitted	not_admitted	not_admitted	not_admitted	not_admitted	1	99;76775;77782;+;332.9	187;156432;157865;+;339.2	186;155402;156430;+;221.7	94;71576;74023;+;354.2	188;157878;161492;+;375.3	85;58265;59581;+;135.0	94;71576;74023;+;128.6	83;56741;57367;+;92.1	97;74845;76110;+;67.6	100;77898;80693;+;145.3	74;51066;52931;+;47.4	86;59578;60156;+;100.2	74;51066;52931;+;52.0	A	9/9	split_2	106812	0	1	
NC_012693.1	MPF_F	IncC	186	0	0	GA	0															not_admitted	not_admitted	not_admitted	not_admitted	not_admitted	not_admitted	not_admitted	not_admitted	not_admitted	not_admitted	1	104;86719;87726;+;332.9	176;148116;149549;+;339.2	175;147086;148114;+;221.7	99;81520;83967;+;354.2	177;149562;153176;+;375.3	83;56577;57893;+;135.0	99;81520;83967;+;128.6	81;55053;55679;+;92.1	102;84789;86054;+;67.6	105;87842;90637;+;145.3	72;49378;51243;+;47.4	84;57890;58468;+;100.2	72;49378;51243;+;52.0	A	9/9	split_3	100184	0	1	
NC_012720.2	MPF_F	-	139	0	0	GA	0															not_admitted	not_admitted	not_admitted	not_admitted	not_admitted	not_admitted	not_admitted	not_admitted	not_admitted	not_admitted	1	26;28495;29526;-;366.9	19;22073;23518;-;324.2	20;23518;24336;-;210.1	31;32024;34624;-;211.9	18;18630;22076;-;233.9	36;38601;39938;-;94.2	31;32024;34624;-;77.9	38;40668;41279;-;85.1	25;27707;28498;-;87.9	23;25147;26412;-;152.1	54;59343;61409;-;407.2	32;34638;35336;-;51.2	54;59343;61409;-;52.5	A	9/9	contiguous	40713	0	1	
NC_012725.2	MPF_F	-	134	0	0	GA	0															not_admitted	not_admitted	not_admitted	not_admitted	not_admitted	not_admitted	not_admitted	not_admitted	not_admitted	not_admitted	1	29;33042;34073;-;367.6	21;25383;26828;-;326.0	23;27868;28680;-;212.5	34;36598;39198;-;215.4	20;21925;25386;-;234.4	39;43175;44512;-;94.2	34;36598;39198;-;79.4	41;45242;45853;-;84.9	28;32254;33045;-;87.9	26;29694;30959;-;152.1	57;62266;64332;-;407.2	35;39212;39910;-;51.2	57;62266;64332;-;52.5	A	9/9	contiguous	40341	1	1	21230..21925-;231;unnamed;0
NC_012847.1	MPF_T	-	33	0	0	GA	1		7;5269;5619;+;92.4	8;5638;5961;+;85.9	9;5961;8321;+;173.3	9;5961;8321;+;106.6	10;8318;9073;+;94.1	12;9491;10420;+;133.2		14;10713;11384;+;188.2	15;11387;12241;+;182.1	16;12269;13384;+;179.7	17;13402;14454;+;97.9	24;20983;22896;+;348.9		pfam	both	A	7/7	canonical	1	0	unscoreable	8	0	0														not_admitted	not_admitted	not_admitted	not_admitted	not_admitted	not_admitted	not_admitted
NC_012853.1	MPF_T	-	546	0	0	GA	1		66;69390;69770;+;76.1	67;69760;70059;+;66.9	68;70069;72516;+;173.2	68;70069;72516;+;117.9	69;72488;73288;+;56.1	70;73508;74656;+;111.4		71;74676;75338;+;129.3	72;75355;76176;+;184.5	74;76622;77902;+;206.3	65;68435;69400;+;129.2	100;103326;105323;+;551.4		conjscan	conjscan_only	A	7/7	canonical	1	0	unscoreable	2	0	0														not_admitted	not_admitted	not_admitted	not_admitted	not_admitted	not_admitted	not_admitted
NC_012885.1	MPF_F	IncA	182	0	0	GA	0															not_admitted	not_admitted	not_admitted	not_admitted	not_admitted	not_admitted	not_admitted	not_admitted	not_admitted	not_admitted	1	93;67946;68950;+;330.1	170;132068;133501;+;335.4	169;131038;132066;+;224.1	88;62741;65188;+;350.7	171;133514;137119;+;377.7	83;53914;55230;+;136.3	88;62741;65188;+;130.4	81;52390;53016;+;94.3	91;66010;67278;+;69.7	94;69101;71839;+;139.4	72;46735;48600;+;46.9	84;55227;55805;+;98.1	72;46735;48600;+;51.6	A	9/9	split_2	86779	0	1	
NC_012919.1	MPF_T	-	59	0	0	GA	1	38;39160;39774;+;28.9	27;29003;29428;+;61.1	28;29431;29742;+;51.2	29;29739;32279;+;107.4	29;29739;32279;+;117.4	34;35927;36709;+;113.7	36;36952;38634;+;144.6		30;32279;33055;+;137.7	31;33073;33978;+;185.2	33;34488;35909;+;226.7	26;28002;28991;+;111.0	9;10793;12697;-;496.9		conjscan	conjscan_only	A	7/7	canonical	1	0	unscoreable	4	0	0														not_admitted	not_admitted	not_admitted	not_admitted	not_admitted	not_admitted	not_admitted
NC_012944.1	MPF_F	IncFIA;IncFIB(AP001918);IncFIC(FII)	138	0	0	GA	0															not_admitted	not_admitted	not_admitted	not_admitted	not_admitted	not_admitted	not_admitted	not_admitted	not_admitted	not_admitted	1	73;67757;68749;+;369.3	84;74432;75808;+;378.0	77;71478;72221;+;234.5	70;64121;66748;+;305.4	85;75805;78627;+;389.5	63;60639;62066;+;94.7	70;64121;66748;+;98.5	61;59358;59924;+;183.8	74;68758;69396;+;68.4	75;69393;71201;+;268.3	88;80156;82309;+;391.9	67;63090;63605;+;78.4	88;80156;82309;+;70.4	A	9/9	contiguous	20798	1	1	78649..79140+;163;TraS;0
NC_012970.1	MPF_T	-	81	0	0	GA	1	35;28058;28747;-;37.4	64;61346;61708;-;55.2	63;61024;61392;-;44.8	62;58522;60996;-;75.4	62;58522;60996;-;85.7	61;57712;58461;-;26.2	59;56169;57518;-;61.6		58;55448;56158;-;118.7	57;54495;55406;-;140.3	56;53214;54485;-;206.2	72;68095;69588;+;257.9	37;30423;32882;-;319.3		conjscan	conjscan_only	A	7/7	canonical	1	0	unscoreable	12	0	0														not_admitted	not_admitted	not_admitted	not_admitted	not_admitted	not_admitted	not_admitted
NC_013122.1	MPF_F	IncFIA;IncFII	136	0	0	GA	0															not_admitted	not_admitted	not_admitted	not_admitted	not_admitted	not_admitted	not_admitted	not_admitted	not_admitted	not_admitted	1				41;33673;36303;+;300.9		35;30093;31520;+;93.9	41;33673;36303;+;101.1	33;28812;29378;+;182.7			41;33673;36303;+;20.8	39;32642;33157;+;76.0		D	3/9	contiguous	4861	0	0	
NC_013175.1	MPF_F	Col156;IncFIB(AP001918);IncFII(29)	132	0	0	GA	0															not_admitted	not_admitted	not_admitted	not_admitted	not_admitted	not_admitted	not_admitted	not_admitted	not_admitted	not_admitted	1	108;89611;90603;+;369.5	120;96657;98030;+;381.7	113;93709;94452;+;233.1	105;85972;88602;+;304.0	121;98027;100849;+;388.5	98;81573;82841;+;92.4	105;85972;88602;+;99.3	95;80134;80700;+;183.1	110;90947;91585;+;68.6	111;91582;93432;+;271.9	125;103121;105265;+;391.3	101;83970;84485;+;73.9	125;103121;105265;+;70.4	A	9/9	contiguous	22987	1	1	100871..101350+;159;TraS;0
NC_013362.1	MPF_F	IncFII(29)	80	0	0	GA	0															not_admitted	not_admitted	not_admitted	not_admitted	not_admitted	not_admitted	not_admitted	not_admitted	not_admitted	not_admitted	1	51;36504;37496;+;369.5	64;43971;45344;+;381.0	57;41083;41826;+;234.4	48;32865;35495;+;306.8	65;45341;48160;+;387.9	40;28177;29604;+;94.1	48;32865;35495;+;99.7	38;26896;27462;+;183.8	52;37505;38143;+;70.6	55;38956;40806;+;265.0	69;50431;52629;+;391.7	44;30729;31244;+;78.8	69;50431;52629;+;70.3	A	9/9	contiguous	23535	1	1	48185..48676+;163;TraS;0
NC_013365.1	MPF_F	IncFIA(HI1);IncHI1A;IncHI1B(R27);IncQ1	236	0	0	GA	0															not_admitted	not_admitted	not_admitted	not_admitted	not_admitted	not_admitted	not_admitted	not_admitted	not_admitted	not_admitted	1	31;31235;32287;+;277.6	161;143049;144464;-;201.7	162;144454;145500;-;171.3	11;9122;11803;+;160.9	160;139141;143040;-;103.2	7;5416;6774;+;84.0	11;9122;11803;+;76.5	4;2964;3749;+;68.7	29;29582;31090;+;65.6	32;32310;35486;+;58.9	168;152435;154519;+;50.2	10;8163;9113;+;45.2	168;152435;154519;+;36.5	A	9/9	split_3	149471	0	1	
NC_013438.1	-	-	40	0	0	GA	1	4;2902;3564;+;42.5	5;3577;3909;+;67.1	6;4049;6832;+;65.6	6;4049;6832;+;154.1	6;4049;6832;+;74.8	7;6918;7649;+;78.3	9;7869;8795;+;88.9		11;8991;9698;+;106.5	12;9710;10597;+;159.2	13;10608;11792;+;158.8	14;11857;12891;+;99.7	17;13706;15607;+;369.6		pfam	both	A	7/7	canonical	1	1	unscoreable	4	0	0														not_admitted	not_admitted	not_admitted	not_admitted	not_admitted	not_admitted	not_admitted
NC_013503.1	MPF_T	IncX1;IncX3	52	0	0	GA	1	38;34875;35522;-;45.2	37;34601;34897;-;77.5	36;31829;34582;-;47.9	36;31829;34582;-;147.9	36;31829;34582;-;75.3	35;31060;31818;-;67.3	33;29689;30822;-;106.3		32;28731;29444;-;118.5	31;27797;28726;-;133.8	30;26595;27800;-;132.5	29;25562;26593;-;79.0	28;23724;25559;-;489.3		pfam	pfam_only	A	7/7	canonical	1	1	unscoreable	1	0	0														not_admitted	not_admitted	not_admitted	not_admitted	not_admitted	not_admitted	not_admitted
NC_013542.1	MPF_F	IncFII	83	0	0	GA	0															not_admitted	not_admitted	not_admitted	not_admitted	not_admitted	not_admitted	not_admitted	not_admitted	not_admitted	not_admitted	1	41;39349;40341;-;369.5	29;31922;33295;-;381.7	36;35500;36243;-;234.4	44;41350;43980;-;297.8	28;29100;31925;-;374.0	51;47022;48449;-;93.9	44;41350;43980;-;98.7	53;49164;49730;-;174.3	39;38367;39005;-;68.5	38;36520;38370;-;266.9	24;24687;26858;-;391.8	48;45623;46138;-;78.4	24;24687;26858;-;70.4	A	9/9	contiguous	24477	1	1	28594..29103-;169;unnamed;0
NC_013655.1	MPF_F	Col156;IncFIB(AP001918);IncFII(29)	139	0	0	GA	0															not_admitted	not_admitted	not_admitted	not_admitted	not_admitted	not_admitted	not_admitted	not_admitted	not_admitted	not_admitted	1	24;18773;19765;+;369.5	36;25819;27192;+;381.7	29;22871;23614;+;233.1	21;15134;17764;+;304.0	37;27189;30011;+;388.5	14;10576;12003;+;93.9	21;15134;17764;+;99.3	12;9295;9861;+;183.1	26;20109;20747;+;68.6	27;20744;22594;+;271.9	45;34985;36967;+;391.6	17;13132;13647;+;73.9	45;34985;36967;+;70.5	A	9/9	contiguous	25690	1	1	30033..30512+;159;TraS;0
NC_013718.1	MPF_T	IncX4	58	0	0	GA	1	52;35579;36199;-;46.9	51;35239;35565;-;64.4	50;32473;35220;-;62.7	50;32473;35220;-;151.8	50;32473;35220;-;46.1		46;29604;30683;-;157.5		44;28403;29089;-;169.0	43;27498;28406;-;142.3	42;26387;27505;-;162.9	41;25357;26385;-;85.0	40;23508;25370;-;317.2		none	none	A	7/7	canonical	0	1	unscoreable	4	0	0														not_admitted	not_admitted	not_admitted	not_admitted	not_admitted	not_admitted	not_admitted
NC_013727.1	MPF_F	IncFII	81	0	0	GA	0															not_admitted	not_admitted	not_admitted	not_admitted	not_admitted	not_admitted	not_admitted	not_admitted	not_admitted	not_admitted	1	58;45264;46256;+;369.5	68;52035;53408;+;381.7	63;49362;50105;+;234.4	55;41625;44255;+;304.1	69;53405;56227;+;374.0	47;36772;38223;+;94.2	55;41625;44255;+;96.8	45;35491;36057;+;174.3	60;46600;47238;+;68.6	61;47235;49085;+;266.1	73;58499;60724;+;391.1	50;39083;39598;+;78.4	73;58499;60724;+;70.3	A	9/9	contiguous	23008	1	1	56249..56728+;159;TraS;0
NC_013930.1	MPF_T	-	293	1	0	GA	1	228;182711;183502;+;99.6	219;174078;174476;+;65.2		222;175209;177692;+;43.5	222;175209;177692;+;68.7		224;178482;179588;+;49.5		225;179634;180416;+;96.6	226;180416;181270;+;169.6	227;181324;182664;+;185.6	259;209523;210995;+;312.2			none	none	B	6/7	canonical	0	0	unscoreable	11	0	1				222;175209;177692;+;28.9		227;181324;182664;+;185.6	222;175209;177692;+;28.5				216;170268;172115;+;49.6		216;170268;172115;+;43.5	D	1/9	contiguous	11056	0	0	
NC_013950.1	MPF_F	IncFII(K);repB(R1701)	122	0	0	GA	0															not_admitted	not_admitted	not_admitted	not_admitted	not_admitted	not_admitted	not_admitted	not_admitted	not_admitted	not_admitted	1	91;62098;63087;+;366.6	101;68634;70001;+;384.0	97;66624;67376;+;233.7	87;58016;60655;+;258.5	102;70001;72520;+;346.8	80;53399;54823;+;89.2	87;58016;60655;+;88.2	78;52106;52672;+;169.3	92;63100;63738;+;66.9	93;63797;65752;+;259.7	107;75314;77626;+;393.1	81;54937;55521;+;53.6	107;75314;77626;+;66.6	A	9/9	contiguous	23208	1	1	72481..72852+;123;unnamed;0
NC_013951.1	MPF_F	Col156;IncFIA;IncFIB(AP001918);IncFII(pRSB107)	177	0	0	GA	0															not_admitted	not_admitted	not_admitted	not_admitted	not_admitted	not_admitted	not_admitted	not_admitted	not_admitted	not_admitted	1	106;92174;93166;-;369.5	93;83042;84415;-;386.6	101;88325;89068;-;231.7	109;94175;96169;-;163.2	92;80227;82977;-;354.6	116;98688;100139;-;94.1	109;94175;96169;-;97.2	118;100854;101420;-;184.3	104;91192;91830;-;68.7	103;89345;91195;-;266.7	88;76122;77969;-;392.4	113;97319;97834;-;75.2	88;76122;77969;-;70.7	A	9/9	contiguous	24732	1	1	79711..80202-;163;TraS;0
NC_014007.1	MPF_F	-	216	1	1	GA	1	176;152155;152919;-;86.3	171;146126;146458;-;89.4	170;145845;146126;-;34.1	169;143396;145834;-;29.3	169;143396;145834;-;138.8	168;142635;143399;-;246.1	166;140928;142286;-;193.8		165;140245;140928;-;233.5	164;139199;140248;-;233.4	163;137976;139202;-;217.5	172;146455;147522;-;120.9	174;148142;150145;-;336.5	112;90346;91443;+;100.0	conjscan	conjscan_only	A	7/7	canonical	1	0	unscoreable	12	0	1	109;87076;88089;+;328.2	119;95320;96741;+;304.3	115;92864;93763;+;212.8	105;83340;85859;+;210.1	120;96746;100474;+;173.3	163;137976;139202;-;217.5	105;83340;85859;+;120.0	101;79973;80608;+;93.8	113;91415;92299;+;102.0	112;90346;91443;+;100.0	174;148142;150145;-;92.2	104;82708;83343;+;140.0	174;148142;150145;-;99.7	A	9/9	split_2	68169	0	1	
NC_014016.1	MPF_F	IncFIB(pQil);IncFII(K)	132	0	0	GA	0															not_admitted	not_admitted	not_admitted	not_admitted	not_admitted	not_admitted	not_admitted	not_admitted	not_admitted	not_admitted	1	113;91355;92344;+;366.0	123;97891;99258;+;380.7	119;95881;96633;+;233.7	109;87273;89912;+;258.5	124;99258;102107;+;345.6	101;82592;84016;+;88.8	109;87273;89912;+;88.7	99;81299;81865;+;169.3	114;92357;92995;+;67.0	115;93054;95009;+;259.7	128;104593;106905;+;392.7	102;84130;84714;+;55.4	128;104593;106905;+;66.5	A	9/9	contiguous	23294	1	1	102120..102668+;182;unnamed;0
NC_014105.1	MPF_T	-	47	0	0	GA	1		27;24626;25009;-;70.3		25;21743;24307;-;93.3	25;21743;24307;-;98.1	20;17518;18294;-;67.8	19;15676;17304;-;103.1		24;21036;21743;-;143.4	23;20157;21023;-;180.2	21;18307;19746;-;216.1	28;25111;26121;-;132.2	43;36857;38746;+;445.1		conjscan	conjscan_only	A	7/7	canonical	1	0	unscoreable	3	0	0														not_admitted	not_admitted	not_admitted	not_admitted	not_admitted	not_admitted	not_admitted
NC_014107.1	MPF_F	Col(pHAD28);IncFIB(pECLA);IncFII(pECLA)	235	0	0	GA	0															not_admitted	not_admitted	not_admitted	not_admitted	not_admitted	not_admitted	not_admitted	not_admitted	not_admitted	not_admitted	1	141;109852;110850;+;364.2	150;116087;117451;+;359.5	144;113316;114098;+;214.9	133;103885;106494;+;214.8	151;117451;120849;+;306.6	125;99869;101272;+;90.2	133;103885;106494;+;103.5	123;98539;99120;+;100.9	142;110861;111487;+;64.3	143;111484;113319;+;222.5	155;122906;125461;+;360.8	131;103095;103637;+;46.9	155;122906;125461;+;72.7	A	9/9	contiguous	24367	1	1	120851..121540+;229;unnamed;0
NC_014108.1	MPF_F	-	115	0	0	GA	0															not_admitted	not_admitted	not_admitted	not_admitted	not_admitted	not_admitted	not_admitted	not_admitted	not_admitted	not_admitted	1	61;40863;42461;+;329.5	67;45500;46888;+;243.3	65;44181;45008;+;170.0	58;34229;36772;+;161.6	68;46888;50838;+;128.2	56;32463;33710;+;58.8	58;34229;36772;+;83.2	54;31036;31668;+;41.5	63;42892;43641;+;95.2	60;38815;40704;+;72.2	108;79145;81418;-;339.2	57;33710;34228;+;70.7	108;79145;81418;-;65.0	A	9/9	split_2	48109	1	1	50963..51214+;83;unnamed;0
NC_014111.1	MPF_T	-	34	0	0	GA	1		18;16112;16432;-;54.6		16;13347;15761;-;86.4	16;13347;15761;-;43.3	15;12679;13344;-;120.9	10;10340;11311;-;128.3		9;9626;10336;-;154.2	8;8850;9629;-;174.5	7;7549;8847;-;191.3	6;6528;7571;-;83.1	5;4255;6531;-;343.5		pfam	both	A	7/7	canonical	1	0	unscoreable	5	0	0														not_admitted	not_admitted	not_admitted	not_admitted	not_admitted	not_admitted	not_admitted
NC_014113.1	MPF_T	-	32	0	0	GA	1		16;15380;15700;-;54.6		14;12615;15029;-;86.4	14;12615;15029;-;43.3	13;11947;12612;-;120.9	10;10340;11311;-;128.3		9;9626;10336;-;154.4	8;8850;9629;-;173.9	7;7549;8847;-;191.3	6;6528;7571;-;83.1	5;4255;6531;-;343.5		pfam	both	A	7/7	canonical	1	0	unscoreable	3	0	0														not_admitted	not_admitted	not_admitted	not_admitted	not_admitted	not_admitted	not_admitted
NC_014120.1	MPF_T	-	527	0	0	GA	1	26;22597;23034;-;74.6		227;215202;215582;-;28.6	484;453114;455576;-;53.6	226;214504;215208;-;82.0		482;451311;452369;-;50.6		31;27323;28024;-;85.9	30;26442;27326;-;149.6	29;25131;26429;-;153.4	21;16056;18314;-;149.5	480;448154;450025;-;38.0		none	none	A	7/7	canonical	0	0	unscoreable	9	0	0														not_admitted	not_admitted	not_admitted	not_admitted	not_admitted	not_admitted	not_admitted
NC_014124.1	MPF_F	-	133	0	0	GA	0															not_admitted	not_admitted	not_admitted	not_admitted	not_admitted	not_admitted	not_admitted	not_admitted	not_admitted	not_admitted	1	58;57074;58126;+;324.7	67;63446;64846;+;304.4	66;62424;63449;+;232.4	55;52815;55280;+;312.1	68;64858;68265;+;371.6	50;42186;43451;+;131.9	55;52815;55280;+;130.0	48;40262;40903;+;89.6	57;55846;57087;+;71.6	29;21396;24017;+;122.9	43;36280;38109;+;38.7	51;43462;43962;+;87.4	43;36280;38109;+;55.1	A	9/9	contiguous	43462	0	1	
NC_014208.1	MPF_T	IncN	71	0	0	GA	1	9;5428;6162;+;32.5		12;6805;7122;+;63.3	13;7122;9722;+;113.8	13;7122;9722;+;76.4	14;9740;10453;+;105.5	16;10704;11744;+;142.4		17;11963;12661;+;131.9	18;12672;13556;+;159.7	19;13556;14716;+;156.3	20;14758;15753;+;81.2	47;34513;36042;+;38.5		pfam	both	A	7/7	canonical	1	0	unscoreable	3	0	0														not_admitted	not_admitted	not_admitted	not_admitted	not_admitted	not_admitted	not_admitted
NC_014214.1	MPF_T	-	139	0	0	GA	0															not_admitted	not_admitted	not_admitted	not_admitted	not_admitted	not_admitted	not_admitted	not_admitted	not_admitted	not_admitted	1				99;85232;87832;-;32.5			99;85232;87832;-;46.8				90;73145;75835;+;65.9		90;73145;75835;+;72.7	D	1/9	contiguous	12087	0	0	
NC_014231.1	MPF_T	IncN	66	0	0	GA	1	23;17191;17925;+;32.5	25;18225;18518;+;28.7	26;18568;18885;+;63.3	27;18885;21485;+;111.8	27;18885;21485;+;76.8	28;21503;22216;+;97.1	30;22467;23507;+;153.6		31;23726;24424;+;131.9	32;24435;25319;+;159.0	33;25319;26479;+;154.9	34;26521;27516;+;81.2	47;39487;41016;-;38.5		pfam	both	A	7/7	canonical	1	0	unscoreable	2	0	0														not_admitted	not_admitted	not_admitted	not_admitted	not_admitted	not_admitted	not_admitted
NC_014304.1	MPF_G	-	111	0	0	GA	0															not_admitted	not_admitted	not_admitted	not_admitted	not_admitted	not_admitted	not_admitted	not_admitted	not_admitted	not_admitted	1	40;39857;40831;-;195.2			44;42930;45794;-;286.5	37;36506;38014;-;261.5						55;54851;56950;-;37.0		55;54851;56950;-;49.3	D	3/9	contiguous	18345	0	0	
NC_014305.1	MPF_F	-	166	0	0	GA	0															not_admitted	not_admitted	not_admitted	not_admitted	not_admitted	not_admitted	not_admitted	not_admitted	not_admitted	not_admitted	1	149;147080;148072;+;357.2	157;153416;154783;+;362.5	152;150570;151364;+;213.1	144;142703;145372;+;241.5	158;154809;157811;+;304.9	138;138713;140098;+;98.6	144;142703;145372;+;94.3	136;137378;137980;+;92.5	150;148082;148711;+;61.6	151;148708;150570;+;203.2	161;159627;162251;+;372.6	142;141893;142438;+;49.3	161;159627;162251;+;66.5	A	9/9	contiguous	22249	1	1	157834..158403+;189;unnamed;0
NC_014312.1	MPF_F	IncFII(K);IncFII(pAR0022);IncR	160	0	0	GA	0															not_admitted	not_admitted	not_admitted	not_admitted	not_admitted	not_admitted	not_admitted	not_admitted	not_admitted	not_admitted	1	125;106199;107188;+;366.6	135;112735;114102;+;384.1	131;110725;111477;+;233.7	121;102103;104742;+;258.5	136;114102;116924;+;346.4	114;97852;99276;+;89.3	121;102103;104742;+;88.7	112;96559;97125;+;169.3	126;107201;107839;+;66.9	127;107898;109853;+;259.4	140;119540;121852;+;393.1	115;99348;99932;+;54.5	140;119540;121852;+;66.6	A	9/9	contiguous	22981	1	1	116947..117549+;200;TraS;0
NC_014368.1	MPF_T	IncN	103	0	0	GA	1	6;2340;3074;+;32.5	8;3374;3667;+;28.7	9;3717;4028;+;57.4	10;4033;6633;+;100.3	10;4033;6633;+;77.1	11;6651;7364;+;105.2	13;7618;8658;+;142.2		14;8877;9575;+;127.3	15;9586;10470;+;150.1	16;10470;11630;+;156.0	17;11669;12664;+;80.0	74;57351;58880;-;38.5		pfam	both	A	7/7	canonical	1	0	unscoreable	2	0	0														not_admitted	not_admitted	not_admitted	not_admitted	not_admitted	not_admitted	not_admitted
NC_014382.1	MPF_F	IncFII	79	0	0	GA	0															not_admitted	not_admitted	not_admitted	not_admitted	not_admitted	not_admitted	not_admitted	not_admitted	not_admitted	not_admitted	1	16;13990;14982;-;369.3	5;6567;7940;-;381.0	10;9530;10273;-;233.3	19;15991;18618;-;307.0	4;3745;6570;-;389.2	25;20771;22198;-;94.2	19;15991;18618;-;98.3		13;12355;12993;-;68.6	12;10550;12358;-;268.0	19;15991;18618;-;22.1	21;19134;19649;-;77.6		B	8/9	contiguous	17026	1	1	3239..3748-;169;unnamed;0
NC_014384.1	MPF_F	IncFIA;IncFII	133	0	0	GA	0															not_admitted	not_admitted	not_admitted	not_admitted	not_admitted	not_admitted	not_admitted	not_admitted	not_admitted	not_admitted	1	68;56847;57839;+;369.5	79;63574;64947;+;382.9	73;60903;61646;+;234.4	65;53211;55838;+;300.9	80;64944;67763;+;385.4	59;49631;51058;+;93.9	65;53211;55838;+;101.1	57;48350;48916;+;182.7	70;58183;58821;+;70.7	71;58818;60626;+;267.1	83;69295;71520;+;380.7	63;52180;52695;+;76.0	83;69295;71520;+;66.5	A	9/9	contiguous	20945	1	1	67788..68279+;163;TraS;0
NC_014385.1	MPF_F	IncFIA;IncFII;IncN	169	1	1	GA	1	63;54279;54926;-;76.4		116;92096;92413;+;63.3	117;92413;95013;+;111.8	117;92413;95013;+;76.4	118;95031;95744;+;105.5	120;95995;97035;+;142.4		121;97254;97952;+;131.9	122;97963;98847;+;159.7	123;98847;100007;+;156.3	124;100049;101044;+;81.2	132;107051;108580;-;38.5	83;67998;69806;+;267.1	pfam	both	A	7/7	canonical	1	0	unscoreable	27	0	1	80;66027;67019;+;369.5	91;72754;73284;+;193.2	85;70083;70826;+;234.4	77;62391;65018;+;300.9	151;121464;124283;+;385.4	123;98847;100007;+;156.3	77;62391;65018;+;101.1	69;57530;58096;+;182.7	82;67363;68001;+;70.7	83;67998;69806;+;267.1	154;125815;128049;+;380.7	75;61360;61875;+;76.0	132;107051;108580;-;69.1	A	9/9	split_2	68285	1	1	124308..124799+;163;TraS;0
NC_014544.1	MPF_F	-	70	0	0	GA	0															not_admitted	not_admitted	not_admitted	not_admitted	not_admitted	not_admitted	not_admitted	not_admitted	not_admitted	not_admitted	1	21;19506;20501;+;350.6	26;24241;25644;+;319.4	24;22969;23757;+;139.0	18;15829;18546;+;212.2	27;25641;28400;+;252.7	17;14269;15723;+;45.4	18;15829;18546;+;98.5	15;12981;13538;+;98.4	22;20518;21180;+;82.7	23;21194;22972;+;212.8	28;28473;30434;+;361.3		28;28473;30434;+;69.1	B	8/9	contiguous	15492	1	1	28473..30434+;653;unnamed;0
NC_014615.1	MPF_F	IncFIB(AP001918);IncFII;IncQ1	184	0	0	GA	0															not_admitted	not_admitted	not_admitted	not_admitted	not_admitted	not_admitted	not_admitted	not_admitted	not_admitted	not_admitted	1	23;14703;15695;+;367.4	34;21381;22754;+;380.9	27;18424;19167;+;235.0	20;11067;13694;+;305.4	35;22751;25576;+;385.9	10;6277;7704;+;94.3	20;11067;13694;+;98.5	8;4996;5562;+;183.8	24;15704;16342;+;68.6	25;16339;18147;+;268.3	38;27079;29259;+;391.3	17;10045;10551;+;69.6	38;27079;29259;+;70.4	A	9/9	contiguous	22083	1	1	25573..26082+;169;unnamed;0
NC_014621.1	MPF_T	-	246	0	0	GA	1	4;1750;2460;+;91.9	15;13612;13875;+;81.4	16;13875;14156;+;31.1	17;14167;16617;+;22.4	17;14167;16617;+;129.5	18;16620;17402;+;231.5	20;17713;19080;+;198.4		21;19077;19766;+;225.2	22;19763;20776;+;206.5	23;20773;21906;+;224.3	14;12520;13527;+;120.0	12;9924;11912;+;346.2		conjscan	conjscan_only	A	7/7	canonical	1	0	unscoreable	10	0	0														not_admitted	not_admitted	not_admitted	not_admitted	not_admitted	not_admitted	not_admitted
NC_014629.1	MPF_T	-	34	0	0	GA	1	1;897;1544;-;50.6	0;583;870;-;43.7		33;21685;23856;-;153.0		32;20946;21674;-;99.1	30;19687;20688;-;123.3		28;18785;19474;-;129.2	27;17926;18783;-;156.2	26;16807;17916;-;172.5	25;15763;16794;-;94.3	24;14024;15763;-;337.2		pfam	pfam_only	A	7/7	canonical	1	0	unscoreable	2	0	0														not_admitted	not_admitted	not_admitted	not_admitted	not_admitted	not_admitted	not_admitted
NC_014634.1	MPF_T	-	126	0	0	GA	1		73;75575;75895;+;67.9	80;81739;81996;+;30.5	81;82024;84438;+;63.7	81;82024;84438;+;91.2	86;86996;87751;+;63.2	87;87763;88815;+;60.9		74;75907;76590;+;101.5	75;76604;77440;+;190.3	76;77442;78536;+;197.2	79;80785;81717;+;121.0	77;78569;80431;+;336.7		conjscan	conjscan_only	A	7/7	canonical	1	0	unscoreable	6	0	0														not_admitted	not_admitted	not_admitted	not_admitted	not_admitted	not_admitted	not_admitted
NC_014641.1	MPF_T	IncP1	103	0	0	GA	1	15;13721;14311;+;23.1	4;3449;3913;+;62.5	5;3917;4228;+;51.3	6;4225;6783;+;94.6	6;4225;6783;+;113.4	11;10343;11116;+;125.5	13;11359;13077;+;148.0		7;6780;7568;+;146.4	8;7586;8479;+;181.1	10;8947;10326;+;218.3	3;2454;3419;+;131.2	65;63791;65695;-;526.9		conjscan	conjscan_only	A	7/7	canonical	1	0	unscoreable	4	0	0														not_admitted	not_admitted	not_admitted	not_admitted	not_admitted	not_admitted	not_admitted
NC_014653.1	MPF_F	-	159	0	0	GA	0															not_admitted	not_admitted	not_admitted	not_admitted	not_admitted	not_admitted	not_admitted	not_admitted	not_admitted	not_admitted	1	25;23075;24085;+;370.1	32;28425;29798;+;327.1	29;26898;27662;+;192.5	16;16730;19315;+;204.2	33;29801;32512;+;278.5	14;14805;16295;+;85.8	16;16730;19315;+;94.8	12;13502;14056;+;129.8	27;24443;25072;+;86.7	28;25069;26901;+;249.1	36;33276;35168;+;385.9	15;16302;16721;+;41.5	36;33276;35168;+;68.7	A	9/9	contiguous	19774	0	1	
NC_014723.1	MPF_F	-	169	0	0	GA	0															not_admitted	not_admitted	not_admitted	not_admitted	not_admitted	not_admitted	not_admitted	not_admitted	not_admitted	not_admitted	1	67;66117;67118;+;397.6	73;71383;72786;+;342.2	72;70584;71372;+;211.9	63;61984;64593;+;212.1	74;72799;75849;+;225.8	60;59211;60551;+;118.4	63;61984;64593;+;120.4	58;57958;58545;+;158.3	68;67118;67891;+;97.6	70;68988;70220;+;154.8	49;48695;50719;+;425.2	62;61281;61934;+;55.5	49;48695;50719;+;76.4	A	9/9	contiguous	24104	0	1	
NC_014725.1	MPF_T	IncFIB(K)	76	0	0	GA	1	19;18065;18727;+;48.3	20;18738;19037;+;36.6	21;19047;21797;+;60.6	21;19047;21797;+;131.5	21;19047;21797;+;48.6	22;21816;22532;+;137.0	24;22846;23853;+;137.8		26;24063;24749;+;158.3	27;24742;25635;+;147.4	28;25632;26828;+;134.7	29;26832;27881;+;71.5	37;32616;34523;+;24.3		pfam	pfam_only	A	7/7	canonical	1	1	unscoreable	9	0	0														not_admitted	not_admitted	not_admitted	not_admitted	not_admitted	not_admitted	not_admitted
NC_014819.1	MPF_F	-	156	0	0	GA	0															not_admitted	not_admitted	not_admitted	not_admitted	not_admitted	not_admitted	not_admitted	not_admitted	not_admitted	not_admitted	1	87;89407;90417;+;366.8	91;93898;95283;+;331.3	90;92963;93886;+;177.5	82;84786;87533;+;261.2	92;95293;98235;+;269.9	79;82207;83535;+;91.1	82;84786;87533;+;100.2	77;80892;81491;+;101.2	88;90407;91138;+;92.7	89;91135;92958;+;181.0	41;46260;48875;-;331.6	81;84343;84789;+;35.3	41;46260;48875;-;91.9	A	9/9	split_2	49033	0	1	
NC_014839.1	MPF_F	-	409	0	0	GA	0															not_admitted	not_admitted	not_admitted	not_admitted	not_admitted	not_admitted	not_admitted	not_admitted	not_admitted	not_admitted	1	394;380496;381488;+;352.2	403;387005;388372;+;358.2	397;383959;384756;+;221.5	389;375981;378620;+;232.2	404;388365;391496;+;296.4	381;371763;373130;+;100.4	389;375981;378620;+;90.3	379;370426;371025;+;78.7	395;381498;382124;+;59.8	396;382121;383959;+;213.7	0;65;2677;+;364.1	387;375165;375713;+;37.4	0;65;2677;+;69.0	A	9/9	split_2	388300	1	1	391523..392092+;189;unnamed;0
NC_014842.1	MPF_F	-	123	0	0	GA	0															not_admitted	not_admitted	not_admitted	not_admitted	not_admitted	not_admitted	not_admitted	not_admitted	not_admitted	not_admitted	1	81;70645;71637;+;354.7	89;76555;77922;+;363.9	84;74105;74902;+;219.5	75;65725;68370;+;242.0	90;77915;81028;+;298.2	68;61653;63020;+;101.5	75;65725;68370;+;94.0	66;60316;60915;+;78.1	82;71647;72270;+;60.2	83;72267;74105;+;210.4	95;83649;86291;+;369.3	73;64900;65448;+;37.0	95;83649;86291;+;69.8	A	9/9	contiguous	23333	1	1	81050..81625+;191;unnamed;0
NC_014908.1	MPF_F	-	140	0	0	GA	0															not_admitted	not_admitted	not_admitted	not_admitted	not_admitted	not_admitted	not_admitted	not_admitted	not_admitted	not_admitted	1	24;23554;24708;+;213.7	29;31082;32590;+;168.9	28;30099;31079;+;190.6	20;18799;21243;+;190.1	30;32599;38373;+;125.0	17;16472;17902;+;120.9	20;18799;21243;+;121.1	15;14557;15333;+;105.4	23;22418;23554;+;54.1	25;24723;28715;+;47.9	7;5438;7261;+;60.4	18;17902;18417;+;73.0	7;5438;7261;+;54.8	A	9/9	contiguous	27161	1	1	38484..39299+;271;unnamed;0
NC_014911.1	MPF_T	IncP1	87	0	0	GA	1	60;58780;59415;+;23.5	49;48463;48927;+;63.5	50;48931;49242;+;49.8	51;49239;51797;+;91.0	51;49239;51797;+;112.1	56;55431;56195;+;122.3	58;56443;58161;+;143.0		52;51794;52576;+;145.8	53;52594;53493;+;186.0	55;53989;55410;+;223.3	48;47484;48446;+;128.7	4;7874;9787;-;525.1		conjscan	conjscan_only	A	7/7	canonical	1	0	unscoreable	4	0	0														not_admitted	not_admitted	not_admitted	not_admitted	not_admitted	not_admitted	not_admitted
NC_014917.1	MPF_F	-	102	0	0	GA	0															not_admitted	not_admitted	not_admitted	not_admitted	not_admitted	not_admitted	not_admitted	not_admitted	not_admitted	not_admitted	1	25;20243;21244;+;42.6		29;23389;24093;+;30.4	4;3041;5620;-;33.1		55;42256;43503;-;40.1	4;3041;5620;-;77.4						17;13545;15011;+;42.6	D	3/9	contiguous	39215	0	0	
NC_015054.1	MPF_T	IncX7	42	0	0	GA	1	11;6176;6802;+;43.5	12;6815;7141;+;63.8	13;7160;9907;+;62.0	13;7160;9907;+;147.0	13;7160;9907;+;47.8	14;9918;10637;+;96.9	15;10650;11744;+;149.4		18;12045;12731;+;158.1	19;12731;13642;+;138.1	20;13635;14753;+;162.1	21;14754;15782;+;80.3	22;15769;17631;+;319.2		pfam	pfam_only	A	7/7	canonical	1	1	unscoreable	2	0	0														not_admitted	not_admitted	not_admitted	not_admitted	not_admitted	not_admitted	not_admitted
NC_015058.1	MPF_T	-	191	0	0	GA	1			147;140303;140566;+;70.4	148;140547;142916;+;40.6					154;147261;148067;+;43.8	149;142951;143793;+;82.2	150;143796;145070;+;151.4	155;148064;149026;+;144.5	159;150145;152235;+;48.6		none	none	B	6/7	uncallable	0	0	unscoreable	6	0	0														not_admitted	not_admitted	not_admitted	not_admitted	not_admitted	not_admitted	not_admitted
NC_015060.1	MPF_T	-	129	0	0	GA	1			43;44290;44556;-;72.2	42;41943;44312;-;44.2	42;41943;44312;-;29.9				36;36510;37376;-;48.7	41;41104;41943;-;86.0	40;39722;41101;-;147.7	35;35533;36435;-;139.5	32;32384;34570;-;59.5		none	none	B	6/7	uncallable	0	0	unscoreable	5	0	0														not_admitted	not_admitted	not_admitted	not_admitted	not_admitted	not_admitted	not_admitted
NC_015068.1	MPF_T	pJARS36	44	0	0	GA	1	3;1974;2627;+;46.4		6;3153;3461;+;34.8	7;3464;5890;+;57.2	7;3464;5890;+;42.2	8;5887;6564;+;31.1	9;6572;7609;+;110.9		10;7754;8500;+;158.2	11;8497;9279;+;173.3	12;9276;10493;+;138.2	13;10493;11512;+;99.2	14;11516;13474;+;272.6		pfam	pfam_only	A	7/7	canonical	1	0	unscoreable	3	0	0														not_admitted	not_admitted	not_admitted	not_admitted	not_admitted	not_admitted	not_admitted
NC_015154.1	MPF_F	IncFIB(K);IncFII(K)	108	0	0	GA	0															not_admitted	not_admitted	not_admitted	not_admitted	not_admitted	not_admitted	not_admitted	not_admitted	not_admitted	not_admitted	1	89;73279;74268;+;366.6	99;79815;81182;+;384.0	95;77805;78557;+;233.7	85;69197;71836;+;258.5	100;81182;84031;+;346.4	77;63743;65167;+;89.2	85;69197;71836;+;88.2	75;62450;63016;+;169.3	90;74281;74919;+;66.9	91;74978;76933;+;259.7	104;86493;88805;+;393.1	78;65281;65865;+;53.6	104;86493;88805;+;66.6	A	9/9	contiguous	24043	1	1	84034..84567+;177;unnamed;0
NC_015156.1	MPF_F	-	197	0	0	GA	0															not_admitted	not_admitted	not_admitted	not_admitted	not_admitted	not_admitted	not_admitted	not_admitted	not_admitted	not_admitted	1	101;130877;131881;-;381.9	96;125973;127394;-;294.3	98;127808;128566;-;146.8	104;132752;135343;-;183.1	95;123157;125976;-;282.7	106;135744;137231;-;82.8	104;132752;135343;-;80.9	108;137958;138527;-;107.3	100;130287;130865;-;76.3	99;128563;130290;-;221.4	93;120381;122456;-;394.3	105;135346;135747;-;23.7	93;120381;122456;-;68.3	A	9/9	contiguous	17577	1	1	122514..123074-;186;unnamed;0
NC_015162.1	MPF_T	-	236	0	0	GA	0															not_admitted	not_admitted	not_admitted	not_admitted	not_admitted	not_admitted	not_admitted	not_admitted	not_admitted	not_admitted	1				218;178009;180660;+;35.7			218;178009;180660;+;48.0				221;183521;186217;+;64.5		221;183521;186217;+;57.5	D	1/9	contiguous	5512	0	0	
NC_015178.1	MPF_T	-	288	0	0	GA	1	150;139117;139830;+;41.1	151;139811;140176;+;68.5	152;140180;140512;+;71.5	153;140502;142895;+;139.7	153;140502;142895;+;67.7	154;142905;143663;+;163.6	156;143893;144780;+;64.0		158;144959;145660;+;177.5	159;145657;146547;+;158.7	160;146537;147673;+;189.9	164;151297;152364;+;91.4	165;152364;154184;+;281.2		pfam	pfam_only	A	7/7	canonical	1	0	unscoreable	5	0	0														not_admitted	not_admitted	not_admitted	not_admitted	not_admitted	not_admitted	not_admitted
NC_015184.1	MPF_T	-	600	0	0	GA	1		373;349543;349842;+;88.0	374;349845;350186;+;106.1	375;350179;352560;+;172.6	375;350179;352560;+;108.0	376;352560;353258;+;209.5	378;353493;354428;+;162.9		380;354734;355405;+;220.9	381;355402;356256;+;184.6	382;356271;357443;+;185.4	383;357452;358462;+;99.5	308;286239;288158;-;322.1		pfam	both	A	7/7	canonical	1	0	unscoreable	2	0	0														not_admitted	not_admitted	not_admitted	not_admitted	not_admitted	not_admitted	not_admitted
NC_015187.1	MPF_T	-	69	0	0	GA	1	66;63440;64144;-;50.3	65;63094;63459;-;67.0	64;62758;63090;-;70.9	63;60375;62768;-;139.4	63;60375;62768;-;66.2	62;59607;60365;-;160.7	60;58490;59377;-;69.6		58;57610;58311;-;175.2	57;56723;57613;-;158.3	56;55597;56733;-;192.0	54;54216;55283;-;87.4	42;42971;45007;-;275.2		pfam	pfam_only	A	7/7	canonical	1	0	unscoreable	14	0	0														not_admitted	not_admitted	not_admitted	not_admitted	not_admitted	not_admitted	not_admitted
NC_015258.1	MPF_T	-	75	0	0	GA	1		62;55119;55523;-;77.1	61;54827;55126;-;61.4	60;52349;54817;-;199.0	60;52349;54817;-;132.4	59;51568;52377;-;41.9	57;50151;51347;-;111.1		56;49459;50136;-;120.9	55;48587;49441;-;186.1	53;46789;48102;-;223.9	63;55513;56484;-;130.3			conjscan	conjscan_only	B	6/7	canonical	1	0	unscoreable	3	0	0														not_admitted	not_admitted	not_admitted	not_admitted	not_admitted	not_admitted	not_admitted
NC_015377.1	MPF_F	-	120	0	0	GA	0															not_admitted	not_admitted	not_admitted	not_admitted	not_admitted	not_admitted	not_admitted	not_admitted	not_admitted	not_admitted	1	27;31529;32545;-;369.7	19;23817;25262;-;319.7	20;25262;26071;-;224.4	32;34445;37042;-;221.7	18;20032;23820;-;213.9	37;39815;41140;-;105.0	32;34445;37042;-;84.2	39;41882;42493;-;109.9	26;30744;31532;-;90.9	24;28184;29461;-;151.8	56;61058;63223;-;416.0	33;37057;37734;-;51.1	56;61058;63223;-;66.8	A	9/9	contiguous	41026	0	1	
NC_015378.1	MPF_F	-	152	0	0	GA	0															not_admitted	not_admitted	not_admitted	not_admitted	not_admitted	not_admitted	not_admitted	not_admitted	not_admitted	not_admitted	1	90;73271;74632;-;189.4	110;91601;93202;+;189.7	109;90525;91589;+;191.0	94;77119;79548;-;148.5	111;93199;97281;+;163.9	98;81339;82697;-;108.7	94;77119;79548;-;84.8	100;83953;84807;-;81.4	91;74636;75967;-;58.5	89;70554;73271;-;37.1	121;102809;104725;+;33.9	97;80496;81320;-;70.3	121;102809;104725;+;41.1	A	9/9	contiguous	32255	0	1	
NC_015383.1	MPF_T	-	402	0	0	GA	1	10;10469;10891;+;65.2		70;60657;60920;+;26.1	71;60917;63394;+;66.5	71;60917;63394;+;77.4		74;64366;65376;+;51.1		5;5528;6244;+;85.5	6;6241;7116;+;143.7	7;7124;8398;+;131.7	15;14942;17254;+;134.7	76;66710;68578;+;36.2		none	none	A	7/7	canonical	0	0	unscoreable	9	0	0														not_admitted	not_admitted	not_admitted	not_admitted	not_admitted	not_admitted	not_admitted
NC_015386.1	MPF_T	-	167	0	0	GA	1		140;134760;135125;+;43.5	143;136519;136782;+;43.2	144;136779;139355;+;44.1	144;136779;139355;+;84.9				120;118734;119330;-;77.1	119;117614;118693;-;171.4	118;116181;117617;-;161.0	139;133776;134708;+;78.7	137;131293;133335;+;227.7		none	none	B	6/7	uncallable	0	0	unscoreable	3	0	0														not_admitted	not_admitted	not_admitted	not_admitted	not_admitted	not_admitted	not_admitted
NC_015423.1	MPF_F	-	92	0	0	GA	0															not_admitted	not_admitted	not_admitted	not_admitted	not_admitted	not_admitted	not_admitted	not_admitted	not_admitted	not_admitted	1	23;19395;20396;+;396.4	29;24895;26301;+;377.4	28;24072;24884;+;250.9	19;15255;17879;+;207.9	30;26313;29360;+;223.5	15;12333;13682;+;122.0	19;15255;17879;+;126.6	13;11074;11667;+;171.3	24;20396;21172;+;106.8	26;22464;23708;+;178.4	1;396;2393;+;423.1	18;14567;15217;+;54.1	1;396;2393;+;80.7	A	9/9	contiguous	25917	0	1	
NC_015579.1	MPF_T	-	188	0	0	GA	1	21;15941;16666;+;96.3	47;43441;43773;-;92.1	46;43169;43441;-;34.6	45;40746;43172;-;29.9	45;40746;43172;-;140.0	44;40017;40739;-;205.4	42;38478;39761;-;178.6		41;37791;38429;-;219.0	40;36778;37794;-;235.5	39;35441;36781;-;212.0	48;43770;44708;-;126.2	24;18673;20766;+;347.4		conjscan	conjscan_only	A	7/7	canonical	1	0	unscoreable	4	0	0														not_admitted	not_admitted	not_admitted	not_admitted	not_admitted	not_admitted	not_admitted
NC_015582.1	MPF_T	-	52	0	0	GA	1	39;40132;40737;-;37.2	37;38929;39249;-;64.8	36;38589;38927;-;84.7	35;36230;38596;-;142.0	35;36230;38596;-;106.1	34;35509;36228;-;188.0	32;34193;35230;-;111.1		30;33106;33783;-;183.3	29;32097;33104;-;191.4	28;30824;32095;-;177.8	27;29804;30820;-;97.1	26;27905;29785;-;333.2		pfam	both	A	7/7	canonical	1	0	unscoreable	3	0	0														not_admitted	not_admitted	not_admitted	not_admitted	not_admitted	not_admitted	not_admitted
NC_015595.1	MPF_T	-	124	0	0	GA	1	89;91148;91813;-;45.4	88;90813;91151;-;79.7	87;90466;90816;-;84.2	86;88062;90473;-;155.6	86;88062;90473;-;124.8	85;87342;88058;-;195.7	84;86174;87118;-;121.4		83;85135;85833;-;180.8	82;84281;85138;-;195.2	81;83051;84277;-;186.9	80;82043;83047;-;100.1	79;80095;82059;-;346.4		pfam	both	A	7/7	canonical	1	0	unscoreable	0	0	0														not_admitted	not_admitted	not_admitted	not_admitted	not_admitted	not_admitted	not_admitted
NC_015599.1	MPF_T	IncN	65	0	0	GA	1	32;26641;27375;-;32.5		29;25681;25998;-;63.3	28;23081;25681;-;113.8	28;23081;25681;-;76.4	27;22350;23063;-;105.5	25;21059;22099;-;142.4		24;20142;20840;-;131.9	23;19247;20131;-;159.7	22;18087;19247;-;156.3	21;17050;18045;-;81.2	17;10946;12475;+;38.5		pfam	both	A	7/7	canonical	1	0	unscoreable	6	0	0														not_admitted	not_admitted	not_admitted	not_admitted	not_admitted	not_admitted	not_admitted
NC_015603.1	MPF_T	-	53	0	0	GA	1				6;4634;6652;+;23.6									12;10677;12221;+;462.7		none	none	D	2/7	uncallable	0	0	unscoreable	5	0	0														not_admitted	not_admitted	not_admitted	not_admitted	not_admitted	not_admitted	not_admitted
NC_015685.1	MPF_T	-	167	0	0	GA	1	121;119126;119860;-;76.2	120;118810;119112;-;76.9	119;118517;118813;-;86.8	118;116096;118507;-;124.8	118;116096;118507;-;102.2	116;114475;115191;-;33.0	114;112929;114059;-;144.4		113;112216;112932;-;208.7	112;111416;112219;-;203.5	111;110064;111413;-;211.4	110;109043;110101;-;123.2	109;106909;109065;-;263.0		pfam	pfam_only	A	7/7	canonical	1	0	unscoreable	2	0	0														not_admitted	not_admitted	not_admitted	not_admitted	not_admitted	not_admitted	not_admitted
NC_015689.1	MPF_T	-	131	0	0	GA	1		128;130794;131159;-;77.0	127;130502;130801;-;65.9	126;128055;130493;-;158.1	126;128055;130493;-;124.1	125;127277;128080;-;60.2	123;125895;127091;-;110.5		122;125215;125877;-;124.2	121;124355;125218;-;187.3	119;122601;123899;-;222.3	129;131149;132111;-;130.1	106;108113;110023;-;505.6		conjscan	conjscan_only	A	7/7	canonical	1	0	unscoreable	3	0	0														not_admitted	not_admitted	not_admitted	not_admitted	not_admitted	not_admitted	not_admitted
NC_015710.1	MPF_F	-	125	0	0	GA	0															not_admitted	not_admitted	not_admitted	not_admitted	not_admitted	not_admitted	not_admitted	not_admitted	not_admitted	not_admitted	1	79;88389;89450;-;353.6	75;83505;84977;-;271.6	76;84964;85779;-;175.5	83;90938;93610;-;314.3	74;80494;83508;-;319.9	86;94444;95679;-;98.6	83;90938;93610;-;81.2	88;96378;96953;-;184.4	80;89455;90000;-;50.9	77;85776;87500;-;139.7	70;76613;78439;-;346.3		70;76613;78439;-;61.0	B	8/9	contiguous	19765	1	1	79991..80362-;123;unnamed;0
NC_015724.1	MPF_T	-	404	0	0	GA	1	381;400034;400483;-;73.8	388;406918;407268;+;41.1		390;407594;410038;+;56.6	390;407594;410038;+;89.1		392;411174;411848;+;46.9		386;404758;405465;-;98.2	385;403848;404741;-;151.8	384;402580;403833;-;175.3	387;405849;406898;+;140.5	394;413130;414986;+;36.4		none	none	A	7/7	canonical	0	0	unscoreable	8	0	0														not_admitted	not_admitted	not_admitted	not_admitted	not_admitted	not_admitted	not_admitted
NC_015727.1	MPF_T	-	1449	0	0	GA	1		491;505413;505796;-;88.7	490;505144;505416;-;31.6	489;503245;505131;-;39.5		488;502160;503248;-;227.2	487;500790;502163;-;171.3		486;500055;500759;-;233.6	485;499066;500058;-;223.3	484;497786;499063;-;204.6	492;505961;506449;-;114.4	496;507741;509327;-;266.1		conjscan	conjscan_only	A	7/7	canonical	1	0	unscoreable	3	0	0														not_admitted	not_admitted	not_admitted	not_admitted	not_admitted	not_admitted	not_admitted
NC_015728.1	-	-	95	0	0	GA	1	14;11507;12109;-;64.5	13;11204;11485;-;87.1	12;10926;11204;-;63.6	11;9740;10936;-;96.6	11;9740;10936;-;45.3										none	none	D	1/7	uncallable	0	0	unscoreable	0	0	0														not_admitted	not_admitted	not_admitted	not_admitted	not_admitted	not_admitted	not_admitted
NC_015872.1	MPF_T	IncN2	45	0	0	GA	1	13;10894;11676;-;33.2	11;10351;10647;-;36.0	10;9994;10311;-;71.9	9;7420;9993;-;118.0	9;7420;9993;-;74.2	8;6703;7404;-;98.9	6;5397;6434;-;121.9		5;4483;5178;-;127.6	4;3585;4472;-;142.7	3;2446;3585;-;172.5	2;1394;2395;-;90.1	32;21704;23236;+;46.3		pfam	both	A	7/7	canonical	1	0	unscoreable	2	0	0														not_admitted	not_admitted	not_admitted	not_admitted	not_admitted	not_admitted	not_admitted
NC_015963.1	MPF_F	IncFIB(pENTAS01);IncFII(pENTA)	174	0	0	GA	0															not_admitted	not_admitted	not_admitted	not_admitted	not_admitted	not_admitted	not_admitted	not_admitted	not_admitted	not_admitted	1	78;61699;62694;+;358.2	86;67562;68923;+;355.0	81;65182;65970;+;216.2	69;54894;57500;+;221.5	87;68923;72348;+;294.4	64;51785;53191;+;90.2	69;54894;57500;+;104.5	62;50455;51036;+;92.7	79;62705;63328;+;61.6	80;63325;65181;+;204.1	92;74845;77403;+;366.9	67;54164;54724;+;42.7	92;74845;77403;+;69.4	A	9/9	contiguous	24390	1	1	72361..72957+;198;unnamed;0
NC_015974.1	MPF_T	-	151	0	0	GA	1	101;96309;96974;+;45.4	102;96971;97309;+;79.7	103;97306;97656;+;84.2	104;97649;100060;+;157.2	104;97649;100060;+;124.9	105;100064;100777;+;195.5	107;101014;101958;+;131.4		108;102295;102993;+;180.3	109;102990;103847;+;195.1	110;103851;105068;+;185.0	111;105072;106076;+;102.6	112;106060;108024;+;343.4		pfam	both	A	7/7	canonical	1	0	unscoreable	1	0	0														not_admitted	not_admitted	not_admitted	not_admitted	not_admitted	not_admitted	not_admitted
NC_016021.1	MPF_T	-	85	0	0	GA	1	5;3791;4501;+;49.3	6;4505;4828;+;60.0		7;5155;7527;+;191.4	7;5155;7527;+;86.2	8;7544;8230;+;68.2	10;8772;9602;+;81.0		12;9808;10497;+;158.8	13;10494;11414;+;144.8	14;11411;12544;+;163.5	15;12534;13574;+;85.6	16;13588;15408;+;252.3		pfam	pfam_only	A	7/7	canonical	1	0	unscoreable	2	0	0														not_admitted	not_admitted	not_admitted	not_admitted	not_admitted	not_admitted	not_admitted
NC_016036.1	MPF_T	IncX1;IncX3	78	0	0	GA	1	23;14086;14733;+;45.2	24;14711;15007;+;77.5	25;15026;17779;+;47.9	25;15026;17779;+;147.9	25;15026;17779;+;75.3	55;43169;43948;+;149.1	57;44208;45635;+;141.0		29;20164;20877;+;118.5	30;20882;21811;+;133.8	33;23120;24349;+;132.5	34;24351;25382;+;79.0	35;25385;27220;+;489.3		conjscan	both	A	7/7	canonical	1	1	unscoreable	3	0	0														not_admitted	not_admitted	not_admitted	not_admitted	not_admitted	not_admitted	not_admitted
NC_016039.1	MPF_F	IncFII	83	0	0	GA	0															not_admitted	not_admitted	not_admitted	not_admitted	not_admitted	not_admitted	not_admitted	not_admitted	not_admitted	not_admitted	1	58;44864;45856;+;369.5	70;51910;53283;+;381.7	63;48962;49705;+;234.4	55;41225;43855;+;297.8	71;53280;56105;+;374.0	48;36756;38183;+;93.9	55;41225;43855;+;98.7	46;35475;36041;+;174.3	60;46200;46838;+;68.5	61;46835;48685;+;266.9	75;58347;60509;+;391.9	51;39067;39582;+;78.4	75;58347;60509;+;70.4	A	9/9	contiguous	22872	1	1	56102..56611+;169;unnamed;0
NC_016108.1	MPF_T	-	112	0	0	GA	1	39;41277;41897;+;24.2	29;31766;32188;+;68.6	30;32190;32501;+;52.7	31;32498;35041;+;94.3	31;32498;35041;+;120.0	36;38564;39385;+;108.8	38;39667;41262;+;124.5		32;35038;35778;+;149.0	33;35799;36695;+;180.0	35;37135;38493;+;209.7	28;30792;31754;+;124.9	95;109398;111299;-;505.5		conjscan	conjscan_only	A	7/7	canonical	1	0	unscoreable	3	0	0														not_admitted	not_admitted	not_admitted	not_admitted	not_admitted	not_admitted	not_admitted
NC_016138.1	MPF_G	-	135	0	0	GA	0															not_admitted	not_admitted	not_admitted	not_admitted	not_admitted	not_admitted	not_admitted	not_admitted	not_admitted	not_admitted	1	27;23532;24470;-;189.8			32;26262;29204;-;279.2	24;20238;21782;-;217.8								45;37481;39712;-;46.1	D	3/9	contiguous	17243	0	0	
NC_016608.1	MPF_T	rep38	38	0	0	GA	1				11;7516;9531;+;22.5									17;13558;15111;+;462.2		none	none	D	2/7	uncallable	0	0	unscoreable	5	0	0														not_admitted	not_admitted	not_admitted	not_admitted	not_admitted	not_admitted	not_admitted
NC_016644.1	MPF_T	-	100	0	0	GA	1	88;70644;71549;-;37.2	99;80481;80942;-;65.2	98;80184;80477;-;32.7	97;77513;80197;-;76.3	97;77513;80197;-;74.5	96;76830;77516;-;77.8	93;75342;76205;-;136.1		92;74673;75338;-;61.5	91;73857;74648;-;175.8	90;72571;73854;-;159.6	89;71533;72561;-;94.6	32;20219;21778;+;60.4		pfam	both	A	7/7	canonical	1	0	unscoreable	2	0	0														not_admitted	not_admitted	not_admitted	not_admitted	not_admitted	not_admitted	not_admitted
NC_016825.1	MPF_F	IncFIA(HI1);IncHI1A;IncHI1B(R27)	201	0	0	GA	0															not_admitted	not_admitted	not_admitted	not_admitted	not_admitted	not_admitted	not_admitted	not_admitted	not_admitted	not_admitted	1	31;29219;30271;-;277.6			54;55158;57839;-;160.6		58;60187;61545;-;84.0	54;55158;57839;-;76.5	61;63212;63997;-;68.7	33;30416;31924;-;65.6	30;26020;29196;-;58.9	134;118130;120214;-;50.2	55;57848;58798;-;45.2	134;118130;120214;-;36.5	C	6/9	split_3	92110	0	1	
NC_016846.1	MPF_F	IncFII(K);IncR	131	0	0	GA	0															not_admitted	not_admitted	not_admitted	not_admitted	not_admitted	not_admitted	not_admitted	not_admitted	not_admitted	not_admitted	1	70;66516;67505;-;366.6	60;59602;60969;-;384.0	64;62227;62979;-;233.7	74;68962;71601;-;258.5	59;56753;59602;-;346.4	81;74428;75852;-;89.3	74;68962;71601;-;88.7	83;76579;77145;-;169.3	69;65865;66503;-;66.9	68;63851;65806;-;259.4	55;52012;54291;-;393.3	80;73772;74356;-;54.7	55;52012;54291;-;65.9	A	9/9	contiguous	24567	1	1	56217..56750-;177;unnamed;0
NC_016851.1	MPF_G	-	95	0	0	GA	0															not_admitted	not_admitted	not_admitted	not_admitted	not_admitted	not_admitted	not_admitted	not_admitted	not_admitted	not_admitted	1	32;25564;26526;+;108.1			31;22850;25567;+;101.0	35;28084;29685;+;115.9						18;14033;16204;+;26.2		18;14033;16204;+;33.8	D	3/9	contiguous	14051	0	0	
NC_016853.1	MPF_T	-	77	0	0	GA	1		51;29847;30155;+;73.0		53;31051;32925;+;125.9	52;30473;30964;+;85.3	76;48242;48949;+;168.9	0;1;1035;+;135.8		54;33083;33688;+;160.2	55;33709;34299;+;91.4	57;34598;35788;+;188.5	40;23029;23919;+;138.0	61;37838;38698;+;177.8		pfam	both	A	7/7	rearranged	1	0	unscoreable	26	0	0														not_admitted	not_admitted	not_admitted	not_admitted	not_admitted	not_admitted	not_admitted
NC_016855.1	MPF_F	IncFIB(S);IncFII(S);IncFII(pAR0022)	116	0	0	GA	0															not_admitted	not_admitted	not_admitted	not_admitted	not_admitted	not_admitted	not_admitted	not_admitted	not_admitted	not_admitted	1	97;72202;73194;+;366.7	106;78442;79824;+;392.4	103;76661;77410;+;231.0	94;68567;71215;+;314.1	107;79821;82643;+;394.4	86;64613;66034;+;91.5	94;68567;71215;+;97.8	84;63320;63886;+;188.1	99;73506;74144;+;70.6	101;74597;76423;+;271.0	110;84297;86459;+;374.1	89;66840;67355;+;96.7	110;84297;86459;+;72.1	A	9/9	contiguous	20977	1	1	82665..83153+;162;TraS;0
NC_016858.1	MPF_F	IncFIB(S);IncFII(S);IncFII(pAR0022)	116	0	0	GA	0															not_admitted	not_admitted	not_admitted	not_admitted	not_admitted	not_admitted	not_admitted	not_admitted	not_admitted	not_admitted	1	18;20638;21630;-;366.7	9;14008;15390;-;392.4	12;16422;17171;-;231.0	21;22617;25265;-;314.1	8;11189;14011;-;392.2	29;27798;29219;-;91.5	21;22617;25265;-;97.8	31;29946;30512;-;188.1	16;19688;20326;-;70.6	14;17409;19235;-;268.1	5;7373;9535;-;374.1	26;26477;26992;-;96.7	5;7373;9535;-;72.1	A	9/9	contiguous	22573	1	1	10679..11167-;162;TraS;0
NC_016864.1	MPF_F	IncFIB(S);IncFII(S);IncFII(pAR0022)	115	0	0	GA	0															not_admitted	not_admitted	not_admitted	not_admitted	not_admitted	not_admitted	not_admitted	not_admitted	not_admitted	not_admitted	1	73;54013;55005;+;366.7	82;60253;61635;+;392.4	79;58472;59221;+;231.0	70;50378;53026;+;314.1	83;61632;64454;+;394.4	62;46424;47845;+;91.5	70;50378;53026;+;97.8	60;45131;45697;+;188.1	75;55317;55955;+;70.6	77;56408;58234;+;271.0	86;66108;68270;+;374.1	65;48651;49166;+;96.7	86;66108;68270;+;72.1	A	9/9	contiguous	20977	1	1	64476..64964+;162;TraS;0
NC_016905.1	MPF_F	-	73	0	0	GA	0															not_admitted	not_admitted	not_admitted	not_admitted	not_admitted	not_admitted	not_admitted	not_admitted	not_admitted	not_admitted	1	13;18566;19579;-;371.7	7;13096;14484;-;317.5	10;15120;15995;-;187.9	16;20640;23228;-;206.4	6;10274;13093;-;351.0	18;23708;25234;-;97.4	16;20640;23228;-;90.0	20;26046;26612;-;119.4	12;17803;18543;-;91.4	11;15992;17806;-;233.6	3;6859;8985;-;409.0	17;23232;23687;-;37.5	3;6859;8985;-;80.3	A	9/9	contiguous	19187	1	1	9703..10236-;177;unnamed;0
NC_016966.1	MPF_F	IncFIB(K);IncFII(K);IncFII(pAR0022)	243	0	0	GA	0															not_admitted	not_admitted	not_admitted	not_admitted	not_admitted	not_admitted	not_admitted	not_admitted	not_admitted	not_admitted	1	164;137488;138477;+;366.6	174;144024;145391;+;384.1	170;142014;142766;+;233.7	160;133392;136031;+;258.5	175;145391;148213;+;346.4	150;128064;129488;+;89.5	160;133392;136031;+;88.7	148;126771;127337;+;167.0	165;138490;139128;+;66.9	166;139187;141142;+;259.4	179;150829;153138;+;393.1	152;130100;130684;+;53.8	179;150829;153138;+;66.6	A	9/9	contiguous	24058	1	1	148236..148838+;200;TraS;0
NC_016968.1	MPF_T	IncP1	82	0	0	GA	1	15;13661;14251;+;23.1	4;3389;3853;+;62.5	5;3857;4168;+;51.3	6;4165;6723;+;94.6	6;4165;6723;+;113.4	11;10283;11056;+;125.5	13;11299;13017;+;148.0		7;6720;7508;+;146.4	8;7526;8419;+;181.1	10;8887;10266;+;218.3	3;2394;3359;+;130.7	60;62089;63993;-;526.9		conjscan	conjscan_only	A	7/7	canonical	1	0	unscoreable	4	0	0														not_admitted	not_admitted	not_admitted	not_admitted	not_admitted	not_admitted	not_admitted
NC_016974.1	MPF_F	IncC	222	0	0	GA	0															not_admitted	not_admitted	not_admitted	not_admitted	not_admitted	not_admitted	not_admitted	not_admitted	not_admitted	not_admitted	1	99;75033;76040;+;332.9	212;168180;169613;+;339.2	211;167138;168178;+;221.6	94;69834;72281;+;354.2	213;169626;173240;+;375.3	85;56523;57839;+;135.0	94;69834;72281;+;128.6	83;54999;55625;+;91.1	97;73103;74368;+;67.6	100;76156;78951;+;145.3	74;49324;51189;+;47.4	86;57836;58414;+;97.3	74;49324;51189;+;52.0	A	9/9	split_2	120302	0	1	
NC_016976.1	MPF_F	IncC	210	0	0	GA	0															not_admitted	not_admitted	not_admitted	not_admitted	not_admitted	not_admitted	not_admitted	not_admitted	not_admitted	not_admitted	1	105;77903;78910;+;332.9	200;160712;162145;+;339.2	199;159682;160710;+;221.7	100;72704;75151;+;354.5	201;162158;165772;+;375.3	95;63832;65148;+;135.0	100;72704;75151;+;128.3	93;62308;62934;+;92.7	103;75973;77238;+;67.9	106;79026;81824;+;145.3	58;36189;37808;+;93.6	96;65145;65723;+;100.2	58;36189;37808;+;98.4	A	9/9	split_3	125969	0	1	
NC_016978.1	MPF_T	IncP1	85	0	0	GA	1		4;3374;3838;+;62.9	5;3842;4153;+;51.3	6;4150;6708;+;94.6	6;4150;6708;+;113.4	11;10268;11041;+;125.5	13;11284;13017;+;147.9		7;6705;7493;+;146.4	8;7511;8404;+;181.1	10;8872;10251;+;218.3	3;2395;3357;+;127.6	52;52935;54839;-;526.9		conjscan	conjscan_only	A	7/7	canonical	1	0	unscoreable	3	0	0														not_admitted	not_admitted	not_admitted	not_admitted	not_admitted	not_admitted	not_admitted
NC_016980.1	MPF_F	IncFIB(pNDM-Mar);IncHI1B(pNDM-MAR)	293	0	0	GA	0															not_admitted	not_admitted	not_admitted	not_admitted	not_admitted	not_admitted	not_admitted	not_admitted	not_admitted	not_admitted	1	103;95860;96897;+;282.3	225;212008;213417;-;190.4	226;213407;214444;-;175.7	91;82311;85028;+;149.6	224;208038;212006;-;121.3	87;78828;80198;+;65.6	91;82311;85028;+;85.2	84;76322;77182;+;79.0	102;94502;95863;+;69.9	104;96907;100092;+;59.9	233;221640;223766;+;57.7	90;81529;82266;+;56.9	233;221640;223766;+;41.0	A	9/9	split_2	145318	0	1	
NC_016983.1	MPF_F	-	234	0	0	GA	0															not_admitted	not_admitted	not_admitted	not_admitted	not_admitted	not_admitted	not_admitted	not_admitted	not_admitted	not_admitted	1	82;71781;72788;+;329.4	200;176868;178307;+;325.0	199;175832;176866;+;208.0	77;66552;69002;+;315.0	201;178314;181955;+;345.7	71;57312;58661;+;124.9	77;66552;69002;+;134.6	69;55739;56368;+;86.9	80;69815;71083;+;65.4	83;72984;75764;+;142.3	63;51527;53395;+;44.9	72;58718;59209;+;85.4	63;51527;53395;+;48.3	A	9/9	split_2	126787	0	1	
NC_017054.1	MPF_F	IncFIB(S);IncFII(S);IncFII(pAR0022)	118	0	0	GA	0															not_admitted	not_admitted	not_admitted	not_admitted	not_admitted	not_admitted	not_admitted	not_admitted	not_admitted	not_admitted	1	97;72148;73140;+;366.7	106;78388;79770;+;392.4	103;76607;77356;+;231.0	94;68513;71161;+;314.1	107;79767;82589;+;392.2	86;64559;65980;+;91.5	94;68513;71161;+;97.8	84;63266;63832;+;188.1	99;73452;74090;+;70.6	101;74543;76369;+;268.1	111;84242;86404;+;374.1	89;66786;67301;+;96.7	111;84242;86404;+;72.1	A	9/9	contiguous	20976	1	1	82611..82814+;67;unnamed;0
NC_017163.1	MPF_F	-	103	0	0	GA	0															not_admitted	not_admitted	not_admitted	not_admitted	not_admitted	not_admitted	not_admitted	not_admitted	not_admitted	not_admitted	1	47;32443;33486;+;369.2	52;37465;38892;+;325.8	50;36255;37067;+;219.1	43;28155;30881;+;164.6	53;38908;41910;+;208.7	39;25157;26473;+;102.7	43;28155;30881;+;108.4	37;23866;24444;+;82.6	48;33501;34208;+;107.6	49;34205;36262;+;92.2	19;11146;13305;+;381.4	42;27501;28145;+;41.9	19;11146;13305;+;89.7	A	9/9	contiguous	27762	1	1	41982..42500+;172;unnamed;0
NC_017273.1	MPF_T	-	475	0	0	GA	0															not_admitted	not_admitted	not_admitted	not_admitted	not_admitted	not_admitted	not_admitted	not_admitted	not_admitted	not_admitted	1				51;45995;48556;-;29.5			51;45995;48556;-;70.7				47;40025;42454;-;50.0		47;40025;42454;-;69.9	D	1/9	contiguous	5970	0	0	
NC_017282.1	MPF_T	-	51	0	0	GA	1		31;28725;29018;-;58.7	30;25944;28712;-;75.1	30;25944;28712;-;177.2	30;25944;28712;-;84.6	25;22990;23982;-;87.8	24;21994;22986;-;110.5		22;21191;21850;-;177.9	21;20304;21194;-;162.9	20;19116;20294;-;164.3	19;18128;19135;-;93.9	18;16316;18127;-;344.8		pfam	pfam_only	A	7/7	canonical	1	1	unscoreable	5	0	0														not_admitted	not_admitted	not_admitted	not_admitted	not_admitted	not_admitted	not_admitted
NC_017284.1	MPF_T	-	52	0	0	GA	1				50;34563;37031;+;105.0		28;20904;21860;+;31.6	10;8037;9185;+;95.3		0;1;678;+;112.5	1;678;1748;+;97.7	2;1745;2881;+;143.9	4;3085;4035;+;100.7	6;4449;6359;+;242.9		pfam	pfam_only	A	7/7	rearranged	1	0	unscoreable	5	0	0														not_admitted	not_admitted	not_admitted	not_admitted	not_admitted	not_admitted	not_admitted
NC_017324.1	MPF_T	-	1668	0	0	GA	1	903;872276;872983;+;63.5	1181;1133045;1133344;-;89.1	1180;1132699;1133040;-;106.8	906;873682;876051;+;205.0	1179;1130328;1132724;-;108.5	1178;1129627;1130328;-;204.3	1176;1128456;1129391;-;160.1		1174;1127469;1128140;-;215.8	1173;1126615;1127469;-;183.4	911;879491;880609;+;183.3	1321;1281288;1282781;-;213.3	918;886814;888382;-;487.0		pfam	both	A	7/7	uncallable	0	0	unscoreable	9	0	0														not_admitted	not_admitted	not_admitted	not_admitted	not_admitted	not_admitted	not_admitted
NC_017327.1	MPF_T	-	1682	0	0	GA	1	233;210696;211784;-;95.2	902;862191;862490;+;87.9	903;862495;862836;+;105.8	904;862811;865207;+;172.3	904;862811;865207;+;108.5	905;865207;865908;+;198.9	907;866143;867078;+;160.3		909;867394;868065;+;213.5	228;207181;207990;-;197.3	227;205970;207181;-;206.5	762;712779;714272;+;213.3	996;957312;959231;+;333.2		pfam	both	A	7/7	canonical	1	0	unscoreable	3	0	0														not_admitted	not_admitted	not_admitted	not_admitted	not_admitted	not_admitted	not_admitted
NC_017386.1	MPF_T	-	237	0	0	GA	1	37;35160;35870;+;91.9	47;46909;47241;+;86.1	48;47241;47522;+;31.1	49;47533;49983;+;22.4	49;47533;49983;+;129.5	50;49986;50768;+;231.5	52;51079;52446;+;198.4		53;52443;53132;+;225.2	54;53129;54142;+;206.5	55;54139;55272;+;224.3	46;45905;46912;+;120.0	44;43309;45297;+;346.2		conjscan	conjscan_only	A	7/7	canonical	1	0	unscoreable	9	0	0														not_admitted	not_admitted	not_admitted	not_admitted	not_admitted	not_admitted	not_admitted
NC_017508.1	MPF_T	-	52	0	0	GA	1		50;40919;41344;-;64.8	49;40605;40916;-;51.1	48;38068;40608;-;106.1	48;38068;40608;-;119.0	43;33634;34395;-;122.7	41;31529;33385;-;148.4		47;37286;38068;-;148.7	46;36363;37268;-;179.7	44;34414;35841;-;227.8	51;41370;42329;-;126.3	22;17183;19090;+;513.0		conjscan	conjscan_only	A	7/7	canonical	1	0	unscoreable	3	0	0														not_admitted	not_admitted	not_admitted	not_admitted	not_admitted	not_admitted	not_admitted
NC_017536.1	MPF_T	-	131	0	0	GA	1		128;130792;131157;-;77.0	127;130500;130799;-;65.9	126;128053;130491;-;158.1	126;128053;130491;-;124.1	125;127275;128078;-;60.2	123;125893;127089;-;110.5		122;125213;125875;-;124.2	121;124353;125216;-;187.3	119;122599;123897;-;222.3	129;131147;132109;-;130.1	106;108111;110021;-;505.6		conjscan	conjscan_only	A	7/7	canonical	1	0	unscoreable	3	0	0														not_admitted	not_admitted	not_admitted	not_admitted	not_admitted	not_admitted	not_admitted
NC_017539.1	MPF_T	-	167	0	0	GA	1	121;119126;119860;-;76.2	120;118810;119112;-;76.9	119;118517;118813;-;86.8	118;116096;118507;-;124.8	118;116096;118507;-;102.2	116;114475;115191;-;33.0	114;112929;114059;-;144.4		113;112216;112932;-;208.7	112;111416;112219;-;203.5	111;110064;111413;-;211.4	110;109043;110101;-;123.2	109;106909;109065;-;263.0		pfam	pfam_only	A	7/7	canonical	1	0	unscoreable	2	0	0														not_admitted	not_admitted	not_admitted	not_admitted	not_admitted	not_admitted	not_admitted
NC_017555.1	MPF_T	-	35	0	0	GA	1	14;9160;9759;-;63.9	27;22415;22738;-;49.6	26;22033;22401;-;86.4	25;19592;22033;-;164.2	25;19592;22033;-;104.6	24;18885;19595;-;184.3	22;17615;18565;-;148.4		20;16434;17312;-;122.5	19;15628;16437;-;166.3	18;14417;15631;-;176.8	17;13356;14417;-;101.9	16;11427;13346;-;329.0		pfam	both	A	7/7	canonical	1	0	unscoreable	3	0	0														not_admitted	not_admitted	not_admitted	not_admitted	not_admitted	not_admitted	not_admitted
NC_017556.1	MPF_T	-	42	0	0	GA	1		33;27383;27679;-;37.3	32;27043;27363;-;63.8	31;24422;27040;-;91.4	31;24422;27040;-;81.9	30;23627;24334;-;108.7	28;22185;23249;-;130.6		27;21169;21894;-;129.7	26;20268;21167;-;176.9	25;19133;20278;-;180.0	24;18118;19143;-;73.3	20;12319;13866;+;72.8		pfam	both	A	7/7	canonical	1	0	unscoreable	4	0	0														not_admitted	not_admitted	not_admitted	not_admitted	not_admitted	not_admitted	not_admitted
NC_017557.1	MPF_T	-	31	0	0	GA	1	22;18792;19625;-;53.8	20;18151;18444;-;55.6	19;17817;18137;-;89.6	18;15278;17827;-;117.3	18;15278;17827;-;75.0	17;14556;15281;-;132.4	15;13060;14088;-;122.7		14;12172;12864;-;146.7	13;11354;12160;-;206.2	12;10176;11357;-;203.2	11;9060;10127;-;97.3	7;3495;5021;+;72.8		pfam	both	A	7/7	canonical	1	0	unscoreable	5	0	0														not_admitted	not_admitted	not_admitted	not_admitted	not_admitted	not_admitted	not_admitted
NC_017570.1	MPF_F	-	72	0	0	GA	0															not_admitted	not_admitted	not_admitted	not_admitted	not_admitted	not_admitted	not_admitted	not_admitted	not_admitted	not_admitted	1	24;25789;26796;+;371.9	31;31623;33011;+;318.1	27;29364;30239;+;184.1	21;22140;24728;+;208.4	32;33014;35845;+;350.0	19;20134;21660;+;97.5	21;22140;24728;+;90.0	17;18757;19335;+;119.6	25;26819;27556;+;91.1	26;27553;29367;+;230.9	34;36404;38530;+;409.1	20;21681;22136;+;38.2	34;36404;38530;+;80.4	A	9/9	contiguous	17647	1	1	35883..36401+;172;unnamed;0
NC_017572.1	MPF_F	-	56	0	0	GA	0															not_admitted	not_admitted	not_admitted	not_admitted	not_admitted	not_admitted	not_admitted	not_admitted	not_admitted	not_admitted	1	27;35198;36205;-;370.2	20;28999;30387;-;317.8	24;31758;32633;-;186.1	30;37263;39851;-;207.3	19;26183;28996;-;353.9	32;40331;41863;-;101.3	30;37263;39851;-;89.5	34;42675;43241;-;120.7	26;34438;35175;-;91.1	25;32630;34441;-;233.3	16;22768;24894;-;409.7	31;39855;40310;-;38.2	16;22768;24894;-;80.3	A	9/9	contiguous	19907	1	1	25612..26145-;177;unnamed;0
NC_017577.1	MPF_F	-	131	0	0	GA	0															not_admitted	not_admitted	not_admitted	not_admitted	not_admitted	not_admitted	not_admitted	not_admitted	not_admitted	not_admitted	1	5;9072;10178;-;234.4	56;57956;59350;+;142.6	55;56949;57956;+;172.0	17;20198;22879;-;122.5	57;59353;64431;+;98.8	43;43991;45322;-;97.3	17;20198;22879;-;48.7	45;46529;47185;-;66.1	6;10175;11482;-;50.1	4;4784;9067;-;82.1	49;48766;50640;-;23.7	18;22889;23578;-;38.4	49;48766;50640;-;37.5	A	9/9	split_2	54569	1	1	64565..65500+;311;unnamed;0
NC_017580.1	MPF_G	-	100	0	0	GA	0															not_admitted	not_admitted	not_admitted	not_admitted	not_admitted	not_admitted	not_admitted	not_admitted	not_admitted	not_admitted	1	85;75423;76376;+;110.1			84;72700;75426;+;87.7	88;77948;79546;+;113.7		84;72700;75426;+;25.9				59;53015;55153;+;37.7		59;53015;55153;+;35.4	D	3/9	contiguous	24933	0	0	
NC_017590.1	MPF_T	-	172	0	0	GA	0															not_admitted	not_admitted	not_admitted	not_admitted	not_admitted	not_admitted	not_admitted	not_admitted	not_admitted	not_admitted	1				155;125830;128373;+;29.1			155;125830;128373;+;74.9				158;131914;134367;+;50.7		158;131914;134367;+;69.8	D	1/9	contiguous	6084	0	0	
NC_017624.1	MPF_T	IncX1	43	0	0	GA	1	18;16417;17064;-;45.2	17;16143;16439;-;77.5	16;13371;16124;-;46.6	16;13371;16124;-;148.1	16;13371;16124;-;75.3	15;12611;13360;-;66.6	13;11338;12300;-;134.2		12;10286;10999;-;120.0	11;9352;10281;-;133.8	10;8150;9355;-;134.4	9;7117;8148;-;76.5	8;5279;7114;-;488.6		pfam	pfam_only	A	7/7	canonical	1	1	unscoreable	1	0	0														not_admitted	not_admitted	not_admitted	not_admitted	not_admitted	not_admitted	not_admitted
NC_017627.1	MPF_F	IncFIC(FII)	138	0	0	GA	0															not_admitted	not_admitted	not_admitted	not_admitted	not_admitted	not_admitted	not_admitted	not_admitted	not_admitted	not_admitted	1	81;71779;72771;-;369.5	70;64623;65996;-;381.6	76;67930;68673;-;234.4	84;73780;76407;-;303.8	69;61804;64626;-;385.9	90;78292;79743;-;93.9	84;73780;76407;-;99.3	92;80458;81024;-;182.3	79;70797;71435;-;70.7	78;68950;70800;-;266.4	65;57181;59532;-;391.5	87;76923;77438;-;76.5	65;57181;59532;-;70.3	A	9/9	contiguous	23277	1	1	61286..61783-;165;TraS;0
NC_017630.1	MPF_F	Col156;IncFIB(AP001918);IncFII(29)	135	0	0	GA	0															not_admitted	not_admitted	not_admitted	not_admitted	not_admitted	not_admitted	not_admitted	not_admitted	not_admitted	not_admitted	1	24;24194;24811;-;214.2	12;16392;17765;-;378.6	18;19969;20712;-;233.9	27;25820;28450;-;303.8	11;13573;16395;-;388.5	34;31583;33010;-;93.9	27;25820;28450;-;99.0	36;33724;34290;-;182.5	21;22836;23474;-;68.9	20;20989;22839;-;271.9	7;9157;11301;-;391.3	31;29939;30454;-;73.9	7;9157;11301;-;70.3	A	9/9	contiguous	24567	1	1	13072..13551-;159;TraS;0
NC_017639.1	MPF_F	IncFII(pSE11)	105	0	0	GA	0															not_admitted	not_admitted	not_admitted	not_admitted	not_admitted	not_admitted	not_admitted	not_admitted	not_admitted	not_admitted	1	100;77479;78636;+;349.5			97;75863;76336;+;74.4		91;72511;73938;+;93.8	99;76787;77482;+;52.3	89;71228;71794;+;183.1				94;74830;75345;+;77.4		D	4/9	contiguous	6251	0	0	
NC_017640.1	MPF_F	IncFIB(AP001918)	97	0	0	GA	0															not_admitted	not_admitted	not_admitted	not_admitted	not_admitted	not_admitted	not_admitted	not_admitted	not_admitted	not_admitted	1	49;45232;46224;-;369.3	38;37663;38838;-;381.5	43;40772;41515;-;233.3	52;47233;49692;-;275.1	36;34648;37467;-;389.2	58;51917;53344;-;94.1	52;47233;49692;-;99.5	60;54059;54625;-;183.3	46;43597;44235;-;68.6	45;41792;43600;-;268.0	33;31925;33106;-;192.1	53;50377;50892;-;77.3	32;31479;31910;-;66.6	A	9/9	contiguous	22580	0	1	
NC_017645.1	MPF_F	IncC	193	0	0	GA	0															not_admitted	not_admitted	not_admitted	not_admitted	not_admitted	not_admitted	not_admitted	not_admitted	not_admitted	not_admitted	1	98;75075;76082;+;332.9	183;150474;151907;+;339.2	182;149444;150472;+;221.7	93;69876;72323;+;354.2	184;151920;155534;+;375.3	83;56576;57892;+;135.0	93;69876;72323;+;128.6	81;55052;55678;+;92.1	96;73145;74410;+;67.6	99;76198;78993;+;145.3	72;49377;51242;+;47.4	84;57889;58467;+;100.2	72;49377;51242;+;52.0	A	9/9	split_2	102543	0	1	
NC_017720.1	MPF_F	IncFIB(S);IncFII(S);IncFII(pAR0022)	116	0	0	GA	0															not_admitted	not_admitted	not_admitted	not_admitted	not_admitted	not_admitted	not_admitted	not_admitted	not_admitted	not_admitted	1	18;20638;21630;-;366.7	9;14008;15390;-;392.4	12;16422;17171;-;231.0	21;22617;25265;-;314.1	8;11189;14011;-;392.2	29;27798;29219;-;91.5	21;22617;25265;-;97.8	31;29946;30512;-;188.1	16;19688;20326;-;70.6	14;17409;19235;-;268.1	5;7373;9535;-;374.1	26;26477;26992;-;96.7	5;7373;9535;-;72.1	A	9/9	contiguous	22573	1	1	10679..11167-;162;TraS;0
NC_017848.1	MPF_F	-	105	0	0	GA	0															not_admitted	not_admitted	not_admitted	not_admitted	not_admitted	not_admitted	not_admitted	not_admitted	not_admitted	not_admitted	1	36;28717;29760;-;370.9	32;23056;24495;-;314.2	33;24520;25347;-;215.3	40;31358;34060;-;185.5	31;19995;23045;-;169.1	43;35446;36768;-;105.9	40;31358;34060;-;96.1	45;37484;38062;-;98.6	35;27994;28701;-;101.8	34;25322;27997;-;107.1	67;51699;53831;-;383.2	41;34077;34709;-;43.4	67;51699;53831;-;91.0	A	9/9	contiguous	31704	1	1	19411..19980-;189;unnamed;0
NC_017858.1	MPF_T	-	55	0	0	GA	1		9;7264;7689;+;65.4	10;7692;8003;+;51.1	11;8000;10540;+;105.5	11;8000;10540;+;118.9	16;14180;14941;+;118.1	21;18826;20172;+;61.6		12;10540;11322;+;149.1	13;11340;12245;+;178.6	15;12725;14152;+;228.5	8;6278;7237;+;126.8	39;34540;36447;-;512.4		conjscan	conjscan_only	A	7/7	canonical	1	0	unscoreable	6	0	0														not_admitted	not_admitted	not_admitted	not_admitted	not_admitted	not_admitted	not_admitted
NC_017903.1	MPF_T	pXuzhou21	52	0	0	GA	1	3;2284;2961;+;28.6			6;3718;6240;+;58.7	6;3718;6240;+;38.4	7;6224;6904;+;83.2	50;35372;36424;-;92.8		8;7129;7920;+;139.8	9;7941;8729;+;168.9	10;8722;9948;+;157.0	11;10025;11086;+;79.1	12;11108;13129;+;311.2		pfam	pfam_only	A	7/7	uncallable	0	0	unscoreable	2	0	0														not_admitted	not_admitted	not_admitted	not_admitted	not_admitted	not_admitted	not_admitted
NC_017908.2	MPF_T	IncP1	61	0	0	GA	1	13;12065;12700;+;23.5	2;1748;2212;+;63.5	3;2216;2527;+;49.8	4;2524;5082;+;91.0	4;2524;5082;+;112.1	9;8716;9480;+;122.3	11;9728;11446;+;143.0		5;5079;5861;+;147.6	6;5879;6778;+;186.5	8;7274;8695;+;223.3	1;769;1731;+;127.6	25;26664;28577;-;525.1		conjscan	conjscan_only	A	7/7	canonical	1	0	unscoreable	4	0	0														not_admitted	not_admitted	not_admitted	not_admitted	not_admitted	not_admitted	not_admitted
NC_017923.1	MPF_T	-	65	0	0	GA	1	43;26877;27527;+;42.0		45;27890;28273;+;32.9	46;28288;30780;+;104.7	46;28288;30780;+;47.2	47;30841;31479;+;136.3	48;31498;32421;+;135.6		50;32582;33403;+;117.5	51;33400;34206;+;168.4	52;34203;35438;+;138.3	53;35435;36493;+;77.4	55;36843;38522;+;285.8		pfam	both	A	7/7	canonical	1	0	unscoreable	3	0	0														not_admitted	not_admitted	not_admitted	not_admitted	not_admitted	not_admitted	not_admitted
NC_017958.1	MPF_G	-	959	0	0	GA	0															not_admitted	not_admitted	not_admitted	not_admitted	not_admitted	not_admitted	not_admitted	not_admitted	not_admitted	not_admitted	1	33;35150;36100;-;219.1			37;38170;41061;-;299.7	30;31856;33376;-;265.7						55;54124;56316;-;28.7		55;54124;56316;-;44.3	D	3/9	contiguous	22268	0	0	
NC_017965.1	MPF_T	-	63	0	0	GA	1	32;30313;31077;-;45.6	30;29657;29977;-;31.1	29;29207;29638;-;33.5	28;27772;29244;-;93.9	28;27772;29244;-;56.9	26;26173;26814;-;113.8	24;24833;25774;-;109.8		21;23512;24204;-;170.5	20;22644;23468;-;194.0	19;21428;22633;-;177.5	18;20306;21418;-;90.5	16;17795;19723;-;326.2		pfam	both	A	7/7	canonical	1	0	unscoreable	6	0	0														not_admitted	not_admitted	not_admitted	not_admitted	not_admitted	not_admitted	not_admitted
NC_018107.1	MPF_F	IncU;repFIB;repHI5B	408	0	0	GA	0															not_admitted	not_admitted	not_admitted	not_admitted	not_admitted	not_admitted	not_admitted	not_admitted	not_admitted	not_admitted	1	207;193311;194348;-;282.2	99;87816;89258;-;188.6	100;89215;90252;-;172.0	220;207849;208628;-;89.2	98;83870;87814;-;119.0	225;211119;212297;-;64.3	219;206281;207747;-;84.1	228;214139;214645;-;57.7	208;194345;195706;-;71.7	206;190120;193296;-;58.7	107;97465;99591;+;62.0	222;209045;209782;-;56.3	107;97465;99591;+;39.7	A	9/9	split_2	130269	0	1	
NC_018141.1	MPF_F	-	159	0	0	GA	0															not_admitted	not_admitted	not_admitted	not_admitted	not_admitted	not_admitted	not_admitted	not_admitted	not_admitted	not_admitted	1	137;130838;131818;-;353.5	132;125712;127094;-;322.3	134;127578;128324;-;149.9	140;132785;135334;-;186.8	131;122878;125715;-;241.5	141;135583;137049;-;46.9	140;132785;135334;-;88.0	143;137817;138377;-;99.3	136;130161;130826;-;81.7	135;128357;130168;-;209.8	129;120264;122117;-;397.9		129;120264;122117;-;81.9	B	8/9	contiguous	17553	1	1	122207..122863-;218;unnamed;0
NC_018682.1	MPF_T	-	240	0	0	GA	1		237;243742;244131;-;70.2	236;243450;243749;-;63.9	235;240986;243439;-;176.6	235;240986;243439;-;119.9	234;240211;241011;-;41.9	232;238836;240020;-;113.6		231;238167;238829;-;133.4	230;237337;238149;-;191.0	228;235585;236883;-;224.6	238;244121;245098;-;129.7	216;222560;224542;-;555.0		conjscan	conjscan_only	A	7/7	canonical	1	0	unscoreable	3	0	0														not_admitted	not_admitted	not_admitted	not_admitted	not_admitted	not_admitted	not_admitted
NC_018683.1	MPF_T	-	1583	0	0	GA	1		946;924635;924934;-;89.1	945;924289;924630;-;106.8	944;921918;924314;-;171.3	944;921918;924314;-;108.5	943;921217;921918;-;204.3	941;920046;920981;-;162.8		939;919059;919730;-;215.8	938;918205;919059;-;183.4	937;917023;918195;-;182.1	1088;1075542;1077035;-;213.3	807;794078;795997;-;336.3		pfam	both	A	7/7	canonical	1	0	unscoreable	2	0	0														not_admitted	not_admitted	not_admitted	not_admitted	not_admitted	not_admitted	not_admitted
NC_018696.1	MPF_T	-	785	0	0	GA	1	518;530372;531025;+;41.5		520;531429;531866;+;35.8	521;531866;534439;+;55.4		522;534452;535129;+;116.2	524;535391;536305;+;156.3		527;536615;537466;+;167.7	528;537463;538380;+;180.3	529;538398;539759;+;136.9	531;540289;541326;+;83.3	537;543281;545086;+;316.7		pfam	both	A	7/7	canonical	1	0	unscoreable	10	0	0														not_admitted	not_admitted	not_admitted	not_admitted	not_admitted	not_admitted	not_admitted
NC_018699.1	MPF_T	repUS72	40	0	0	GA	1				0;632;2617;-;21.1									34;31677;33221;-;467.4		none	none	D	2/7	uncallable	0	0	unscoreable	0	0	0														not_admitted	not_admitted	not_admitted	not_admitted	not_admitted	not_admitted	not_admitted
NC_018954.1	MPF_F	IncFIB(AP001918);IncFII	148	0	0	GA	0															not_admitted	not_admitted	not_admitted	not_admitted	not_admitted	not_admitted	not_admitted	not_admitted	not_admitted	not_admitted	1	40;39506;40498;-;369.3	31;33071;34447;-;381.0	36;36034;36777;-;230.0	43;41507;44134;-;306.5	30;30252;33074;-;387.6	50;46189;47616;-;94.3	43;41507;44134;-;98.5	52;48331;48897;-;183.3	39;38859;39497;-;66.7	38;37054;38862;-;267.9	27;26512;28719;-;391.7	46;44650;45165;-;77.3	27;26512;28719;-;70.3	A	9/9	contiguous	21819	1	1	29734..30231-;165;TraS;0
NC_018966.1	MPF_F	IncFIB(AP001918);IncFII	148	0	0	GA	0															not_admitted	not_admitted	not_admitted	not_admitted	not_admitted	not_admitted	not_admitted	not_admitted	not_admitted	not_admitted	1	40;39504;40496;-;369.3	31;33069;34445;-;381.0	36;36032;36775;-;230.0	43;41505;44132;-;306.5	30;30250;33072;-;387.5	50;46187;47614;-;94.3	43;41505;44132;-;98.5	52;48329;48895;-;183.3	39;38857;39495;-;66.7	38;37052;38860;-;267.9	27;26511;28718;-;391.7	46;44648;45163;-;77.3	27;26511;28718;-;70.3	A	9/9	contiguous	21818	1	1	29732..30229-;165;TraS;0
NC_018994.1	MPF_F	IncC	222	0	0	GA	0															not_admitted	not_admitted	not_admitted	not_admitted	not_admitted	not_admitted	not_admitted	not_admitted	not_admitted	not_admitted	1	97;73794;74801;+;332.9	212;185462;186895;+;339.2	211;184432;185460;+;221.7	92;68595;71042;+;354.2	213;186908;190522;+;375.3	82;53950;55266;+;135.0	92;68595;71042;+;128.6	80;52426;53052;+;92.1	95;71864;73129;+;67.6	98;74917;77712;+;145.3	71;46751;48616;+;47.4	83;55263;55841;+;100.2	71;46751;48616;+;52.0	A	9/9	split_2	140157	0	1	
NC_018998.1	MPF_F	IncFII	118	0	0	GA	0															not_admitted	not_admitted	not_admitted	not_admitted	not_admitted	not_admitted	not_admitted	not_admitted	not_admitted	not_admitted	1	93;64380;65372;+;369.5	103;71151;72524;+;381.7	98;68478;69221;+;234.4	90;60741;63371;+;304.1	104;72521;75343;+;374.0	81;55888;57339;+;94.2	90;60741;63371;+;97.1	79;54607;55173;+;174.3	95;65716;66354;+;68.6	96;66351;68201;+;266.1	108;77615;79849;+;391.1	84;58199;58714;+;78.4	108;77615;79849;+;70.3	A	9/9	contiguous	23008	1	1	75365..75844+;159;TraS;0
NC_019013.1	MPF_T	IncX1;IncX3	58	0	0	GA	1	44;42803;43450;-;45.2	43;42529;42825;-;77.5	42;39757;42510;-;47.9	42;39757;42510;-;147.9	42;39757;42510;-;75.3	41;38988;39746;-;67.3	39;37617;38750;-;106.3		38;36659;37372;-;118.5	37;35725;36654;-;133.8	36;34523;35728;-;132.5	35;33490;34521;-;79.0	34;31652;33487;-;489.3		pfam	pfam_only	A	7/7	canonical	1	1	unscoreable	1	0	0														not_admitted	not_admitted	not_admitted	not_admitted	not_admitted	not_admitted	not_admitted
NC_019033.1	MPF_T	IncN	50	0	0	GA	1	9;6296;7030;+;32.5	11;7330;7623;+;28.7	12;7673;7990;+;63.3	13;7990;10590;+;111.8	13;7990;10590;+;76.8	14;10608;11321;+;97.1	16;11572;12612;+;153.6		17;12831;13529;+;131.9	18;13540;14424;+;159.0	19;14424;15584;+;154.9	20;15626;16621;+;81.2	29;26599;28128;-;38.5		pfam	both	A	7/7	canonical	1	0	unscoreable	10	0	0														not_admitted	not_admitted	not_admitted	not_admitted	not_admitted	not_admitted	not_admitted
NC_019037.1	MPF_F	IncFII	96	0	0	GA	0															not_admitted	not_admitted	not_admitted	not_admitted	not_admitted	not_admitted	not_admitted	not_admitted	not_admitted	not_admitted	1	30;27678;28670;-;369.5	15;18650;20023;-;382.9	21;21951;22694;-;234.1	33;29679;32306;-;300.9	14;15831;18653;-;384.7	39;34459;35886;-;93.6	33;29679;32306;-;101.1	42;36779;37144;-;99.6	26;25633;26271;-;70.1	23;22971;24821;-;266.4	11;12108;14297;-;389.3	35;32822;33337;-;76.0	11;12108;14297;-;68.1	A	9/9	contiguous	24671	1	1	15313..15810-;165;TraS;0
NC_019039.1	MPF_T	IncI2	72	0	0	GA	1	40;30889;31371;-;81.1	54;46829;47119;-;28.9	53;46438;46722;-;36.6	52;44075;46432;-;60.6	52;44075;46432;-;44.0	63;51645;52286;-;42.8	64;52292;53287;-;128.5		51;43179;43913;-;144.9	50;42412;43182;-;170.4	49;41283;42422;-;153.5	43;33140;34678;-;207.1	47;38236;39948;-;290.2		pfam	pfam_only	A	7/7	rearranged	1	0	unscoreable	12	1	0														not_admitted	not_admitted	not_admitted	not_admitted	not_admitted	not_admitted	not_admitted
NC_019045.2	MPF_F	IncC	195	0	0	GA	0															not_admitted	not_admitted	not_admitted	not_admitted	not_admitted	not_admitted	not_admitted	not_admitted	not_admitted	not_admitted	1	96;72460;73467;+;332.9	185;155876;157309;+;339.2	184;154846;155874;+;221.7	91;67261;69708;+;354.2	186;157322;160936;+;375.3	82;53950;55266;+;135.0	91;67261;69708;+;128.6	80;52426;53052;+;92.1	94;70530;71795;+;67.6	97;73583;76378;+;145.3	71;46751;48616;+;47.4	83;55263;55841;+;100.2	71;46751;48616;+;52.0	A	9/9	split_2	110571	0	1	
NC_019046.1	MPF_T	IncX1	43	0	0	GA	1	30;24221;24736;-;46.0	29;23816;24112;-;66.8	28;21041;23794;-;44.2	28;21041;23794;-;148.1	28;21041;23794;-;72.1	27;20272;21030;-;66.9	25;18845;19975;-;103.0		24;17886;18599;-;120.0	23;16952;17881;-;133.8	22;15750;16955;-;134.5	21;14717;15748;-;76.5	20;12879;14714;-;488.0		pfam	pfam_only	A	7/7	canonical	1	1	unscoreable	1	0	0														not_admitted	not_admitted	not_admitted	not_admitted	not_admitted	not_admitted	not_admitted
NC_019047.1	MPF_T	IncX2	45	0	0	GA	1	24;15717;16361;+;47.1	25;16345;16635;+;73.5	26;16659;19418;+;44.8	26;16659;19418;+;136.0	26;16659;19418;+;71.9	27;19420;20157;+;57.5	29;20439;21494;+;131.7		30;21684;22406;+;116.0	31;22412;23341;+;132.4	32;23338;24552;+;128.6	33;24570;25607;+;66.4	34;25612;27447;+;543.4		pfam	pfam_only	A	7/7	canonical	1	1	unscoreable	1	0	0														not_admitted	not_admitted	not_admitted	not_admitted	not_admitted	not_admitted	not_admitted
NC_019057.1	MPF_F	IncFII	81	0	0	GA	0															not_admitted	not_admitted	not_admitted	not_admitted	not_admitted	not_admitted	not_admitted	not_admitted	not_admitted	not_admitted	1	58;45251;46243;+;369.5	68;52022;53395;+;381.7	63;49349;50092;+;234.4	55;41612;44242;+;304.1	69;53392;56214;+;374.0	47;36759;38210;+;94.2	55;41612;44242;+;96.8	45;35478;36044;+;174.3	60;46587;47225;+;68.6	61;47222;49072;+;266.1	73;58486;60711;+;391.1	50;39070;39585;+;78.4	73;58486;60711;+;70.3	A	9/9	contiguous	23008	1	1	56236..56715+;159;TraS;0
NC_019065.1	MPF_F	IncC	169	0	0	GA	0															not_admitted	not_admitted	not_admitted	not_admitted	not_admitted	not_admitted	not_admitted	not_admitted	not_admitted	not_admitted	1	99;75499;76506;+;332.9	159;125705;127138;+;339.2	158;124675;125703;+;221.7	94;70300;72747;+;354.5	160;127151;130765;+;375.3	89;61428;62744;+;135.0	94;70300;72747;+;128.3	87;59904;60530;+;92.7	97;73569;74834;+;67.9	100;76622;79420;+;145.3	78;54229;56094;+;47.3	90;62741;63319;+;100.2	78;54229;56094;+;52.0	A	9/9	split_2	72922	0	1	
NC_019066.1	MPF_F	IncC	191	0	0	GA	0															not_admitted	not_admitted	not_admitted	not_admitted	not_admitted	not_admitted	not_admitted	not_admitted	not_admitted	not_admitted	1	92;71327;72334;+;332.9	181;150983;152416;+;339.2	180;149953;150981;+;221.7	87;66128;68575;+;354.2	182;152429;156043;+;375.3		87;66128;68575;+;128.6		90;69397;70662;+;67.6	93;72450;75245;+;145.3	72;49375;51240;+;47.4		72;49375;51240;+;52.0	C	7/9	split_2	103054	0	1	
NC_019067.1	MPF_T	IncX1;IncX3	50	0	0	GA	1	48;37086;37601;-;46.4	47;36681;36977;-;76.6	46;33909;36662;-;46.6	46;33909;36662;-;147.9	46;33909;36662;-;75.3	45;33140;33898;-;67.5	43;31769;32902;-;109.2		42;30811;31524;-;118.2	41;29877;30806;-;133.7	40;28675;29880;-;132.5	39;27642;28673;-;76.3	38;25804;27639;-;486.3		pfam	pfam_only	A	7/7	canonical	1	1	unscoreable	1	0	0														not_admitted	not_admitted	not_admitted	not_admitted	not_admitted	not_admitted	not_admitted
NC_019069.1	MPF_F	IncC	197	0	0	GA	0															not_admitted	not_admitted	not_admitted	not_admitted	not_admitted	not_admitted	not_admitted	not_admitted	not_admitted	not_admitted	1	96;72460;73467;+;332.9	187;156646;158079;+;339.2	186;155616;156644;+;221.7	91;67261;69708;+;354.2	188;158092;161706;+;375.3	82;53950;55266;+;135.0	91;67261;69708;+;128.6	80;52426;53052;+;92.1	94;70530;71795;+;67.6	97;73583;76378;+;145.3	71;46751;48616;+;47.4	83;55263;55841;+;100.2	71;46751;48616;+;52.0	A	9/9	split_2	111341	0	1	
NC_019071.1	MPF_F	IncFII	82	0	0	GA	0															not_admitted	not_admitted	not_admitted	not_admitted	not_admitted	not_admitted	not_admitted	not_admitted	not_admitted	not_admitted	1	57;45249;46241;+;369.5	67;52020;53393;+;381.7	62;49347;50090;+;234.4	54;41610;44240;+;297.8	68;53390;56212;+;374.0	46;36757;38208;+;94.2	54;41610;44240;+;98.7	44;35476;36042;+;174.3	59;46585;47223;+;67.3	60;47220;49070;+;267.2	72;58484;59734;+;228.8	49;39068;39583;+;78.4	73;59703;60572;+;72.5	A	9/9	contiguous	24227	1	1	56234..56713+;159;TraS;0
NC_019072.1	MPF_F	IncFII	80	0	0	GA	0															not_admitted	not_admitted	not_admitted	not_admitted	not_admitted	not_admitted	not_admitted	not_admitted	not_admitted	not_admitted	1	57;44864;45856;+;369.5	67;51635;53008;+;381.7	62;48962;49705;+;234.4	54;41225;43855;+;304.1	68;53005;55827;+;374.0	47;36775;38226;+;94.2	54;41225;43855;+;96.8	45;35494;36060;+;174.3	59;46200;46838;+;68.6	60;46835;48685;+;266.1	72;58099;60261;+;391.2	50;39086;39601;+;78.4	72;58099;60261;+;70.4	A	9/9	contiguous	22605	1	1	55849..56328+;159;TraS;0
NC_019073.1	MPF_F	IncFII(pHN7A8)	91	0	0	GA	0															not_admitted	not_admitted	not_admitted	not_admitted	not_admitted	not_admitted	not_admitted	not_admitted	not_admitted	not_admitted	1	65;51350;52342;+;369.5	78;59175;60548;+;376.8	73;56866;57609;+;234.4	62;47714;50341;+;301.8	79;60545;63361;+;376.7	57;44232;45659;+;94.1	62;47714;50341;+;101.8	55;42951;43517;+;183.8	68;53288;53926;+;70.4	71;54739;56589;+;265.0	83;65662;67887;+;391.7	61;46683;47198;+;78.0	83;65662;67887;+;70.3	A	9/9	contiguous	22711	1	1	63394..63915+;173;unnamed;0
NC_019082.1	MPF_T	IncN	59	0	0	GA	1	29;24876;25610;+;32.5		32;26254;26571;+;63.3	33;26571;29171;+;113.8	33;26571;29171;+;76.4	34;29189;29902;+;105.5	36;30153;31193;+;142.4		37;31412;32110;+;131.9	38;32121;32918;+;153.2	39;33007;34167;+;156.3	40;34210;35205;+;81.2	49;43203;44732;-;38.5		pfam	both	A	7/7	canonical	1	0	unscoreable	11	0	0														not_admitted	not_admitted	not_admitted	not_admitted	not_admitted	not_admitted	not_admitted
NC_019083.1	MPF_T	IncX3(pEC14)	50	0	0	GA	1	36;26587;27231;-;47.4	35;26313;26603;-;71.9	34;23535;26288;-;47.0	34;23535;26288;-;145.2	34;23535;26288;-;67.4	33;22770;23525;-;61.1	31;21440;22495;-;128.8		30;20454;21182;-;119.7	29;19519;20448;-;140.1	28;18311;19522;-;128.3	26;17081;18115;-;65.4	25;15243;17078;-;497.3		pfam	pfam_only	A	7/7	canonical	1	1	unscoreable	2	0	0														not_admitted	not_admitted	not_admitted	not_admitted	not_admitted	not_admitted	not_admitted
NC_019087.1	MPF_T	IncN	54	0	0	GA	1	11;8217;8951;+;32.5	13;9251;9544;+;28.7	14;9594;9911;+;63.3	15;9911;12511;+;111.8	15;9911;12511;+;76.8	16;12529;13242;+;97.1	18;13493;14533;+;153.6		19;14752;15450;+;131.9	20;15461;16345;+;159.0	21;16345;17505;+;154.9	22;17547;18542;+;81.2	35;30506;32035;-;38.5		pfam	both	A	7/7	canonical	1	0	unscoreable	2	0	0														not_admitted	not_admitted	not_admitted	not_admitted	not_admitted	not_admitted	not_admitted
NC_019088.1	MPF_T	IncX1	54	0	0	GA	1	40;39337;39852;-;46.1	39;38932;39228;-;77.7	38;36160;38913;-;44.5	38;36160;38913;-;147.8	38;36160;38913;-;73.4	37;35391;36149;-;67.3	35;34020;35153;-;105.7		34;33062;33775;-;119.7	33;32128;33057;-;130.0	32;30926;32131;-;127.9	31;29893;30924;-;76.5	30;28055;29890;-;489.3		pfam	pfam_only	A	7/7	canonical	1	1	unscoreable	1	0	0														not_admitted	not_admitted	not_admitted	not_admitted	not_admitted	not_admitted	not_admitted
NC_019089.1	MPF_F	IncFII	96	0	0	GA	0															not_admitted	not_admitted	not_admitted	not_admitted	not_admitted	not_admitted	not_admitted	not_admitted	not_admitted	not_admitted	1	23;25804;26796;-;369.3	14;19369;20742;-;381.0	19;22332;23105;-;234.0	26;27805;30435;-;303.5	13;16547;19372;-;386.0	33;33713;35140;-;94.3	26;27805;30435;-;98.5	35;35855;36421;-;183.8	22;25157;25795;-;68.7	21;23352;25160;-;268.0	10;12818;15043;-;391.7	29;32070;32585;-;78.6	10;12818;15043;-;70.3	A	9/9	contiguous	23037	1	1	16041..16550-;169;unnamed;0
NC_019090.1	MPF_F	IncFII	86	0	0	GA	0															not_admitted	not_admitted	not_admitted	not_admitted	not_admitted	not_admitted	not_admitted	not_admitted	not_admitted	not_admitted	1	63;48569;49561;+;369.5	73;55340;56713;+;381.7	68;52667;53410;+;234.4	60;44930;47560;+;304.1	74;56710;59532;+;374.0	53;40480;41931;+;94.2	60;44930;47560;+;97.1	51;39199;39765;+;174.3	65;49905;50543;+;68.6	66;50540;52390;+;266.1	78;61804;64056;+;391.1	56;42791;43306;+;78.4	78;61804;64056;+;70.3	A	9/9	contiguous	22605	1	1	59554..60033+;159;TraS;0
NC_019094.1	MPF_F	IncFII	99	0	0	GA	0															not_admitted	not_admitted	not_admitted	not_admitted	not_admitted	not_admitted	not_admitted	not_admitted	not_admitted	not_admitted	1	72;61873;62865;-;370.7	59;53395;54768;-;386.8	66;57193;58185;-;233.2	75;63874;66504;-;305.5	58;50612;53398;-;384.2	89;72222;73676;-;93.5	75;63874;66504;-;98.1	91;74391;74957;-;183.9	68;60059;60697;-;70.5	67;58212;60062;-;264.6	54;46884;48911;-;392.0	85;70609;71124;-;81.5	54;46884;48911;-;70.5	A	9/9	contiguous	27507	1	1	50068..50577-;169;unnamed;0
NC_019095.1	MPF_F	IncFII	87	0	0	GA	0															not_admitted	not_admitted	not_admitted	not_admitted	not_admitted	not_admitted	not_admitted	not_admitted	not_admitted	not_admitted	1	64;51316;52308;+;369.5	74;58087;59460;+;381.7	69;55414;56157;+;234.4	62;48592;50949;+;304.4	75;59457;62279;+;374.0	55;44142;45593;+;94.2	62;48592;50949;+;97.6	53;42861;43427;+;174.3	66;52652;53290;+;68.6	67;53287;55137;+;266.1	79;64551;66848;+;391.0	58;46453;46968;+;78.4	79;64551;66848;+;70.2	A	9/9	contiguous	21690	1	1	62301..62780+;159;TraS;0
NC_019096.1	MPF_T	IncX1;IncX3	51	0	0	GA	1	49;36956;37603;-;45.6	48;36682;36978;-;76.6	47;33910;36663;-;46.6	47;33910;36663;-;147.9	47;33910;36663;-;75.3	46;33141;33899;-;67.5	44;31770;32903;-;109.2		43;30812;31525;-;118.2	42;29878;30807;-;133.7	41;28676;29881;-;132.5	40;27643;28674;-;76.3	39;25805;27640;-;486.3		pfam	pfam_only	A	7/7	canonical	1	1	unscoreable	1	0	0														not_admitted	not_admitted	not_admitted	not_admitted	not_admitted	not_admitted	not_admitted
NC_019098.1	MPF_T	IncN	50	0	0	GA	1	13;7990;8724;+;32.5	15;9024;9317;+;28.7	16;9367;9684;+;63.3	17;9684;12284;+;111.8	17;9684;12284;+;76.8	18;12302;13015;+;97.1	20;13266;14306;+;153.6		21;14525;15223;+;131.9	22;15234;16118;+;159.0	23;16118;17278;+;154.9	24;17320;18315;+;81.2	28;22884;24413;-;38.5		pfam	both	A	7/7	canonical	1	0	unscoreable	5	0	0														not_admitted	not_admitted	not_admitted	not_admitted	not_admitted	not_admitted	not_admitted
NC_019106.1	MPF_T	IncFII(S);IncFII(pAR0022);IncX1	91	0	0	GA	1	58;40908;41555;+;45.2	59;41533;41829;+;77.5	60;41848;44601;+;46.6	60;41848;44601;+;148.0	60;41848;44601;+;75.3	61;44612;45370;+;65.9	63;45608;46741;+;108.9		64;46986;47699;+;120.0	65;47704;48633;+;129.7	66;48630;49835;+;132.5	67;49837;50601;+;55.2	68;50870;52705;+;486.5		pfam	pfam_only	A	7/7	canonical	1	1	unscoreable	1	0	0														not_admitted	not_admitted	not_admitted	not_admitted	not_admitted	not_admitted	not_admitted
NC_019107.1	MPF_F	IncC	203	0	0	GA	0															not_admitted	not_admitted	not_admitted	not_admitted	not_admitted	not_admitted	not_admitted	not_admitted	not_admitted	not_admitted	1	112;92363;93370;+;332.9	193;164441;165874;+;339.2	192;163411;164439;+;221.7	106;87163;88032;+;226.4	194;165887;169501;+;375.3	90;62219;63535;+;135.0	107;88100;89611;+;130.9	88;60695;61321;+;92.1	110;90433;91698;+;67.6	113;93486;96281;+;145.3	79;55020;56885;+;47.4	91;63532;64110;+;100.2	79;55020;56885;+;52.0	A	9/9	split_3	110867	0	1	
NC_019112.1	MPF_F	IncFII(S);IncFII(pAR0022)	110	0	0	GA	0															not_admitted	not_admitted	not_admitted	not_admitted	not_admitted	not_admitted	not_admitted	not_admitted	not_admitted	not_admitted	1	54;46326;47318;-;361.6	44;38110;40596;-;390.5	47;41628;42371;-;228.3	57;48305;50407;-;196.2		65;53464;54885;-;90.5	57;48305;50407;-;98.5	67;55612;56178;-;189.2	52;45376;46014;-;71.8	50;43097;44923;-;269.6	41;33919;36252;-;370.0	62;52164;52679;-;88.5	41;33919;36252;-;71.9	B	8/9	contiguous	21693	0	1	
NC_019114.1	MPF_F	IncHI2;IncHI2A	234	0	0	GA	0															not_admitted	not_admitted	not_admitted	not_admitted	not_admitted	not_admitted	not_admitted	not_admitted	not_admitted	not_admitted	1	29;29956;31014;+;276.9	163;160538;161953;-;194.1	164;161943;162989;-;174.1	12;8953;11634;+;168.0	162;156576;160529;-;101.6	7;5270;6625;+;80.7	12;8953;11634;+;72.2	4;2758;3546;+;74.8	27;28303;29814;+;62.0	30;31033;34221;+;57.3	171;170029;172113;+;56.8	11;7994;8944;+;46.1	171;170029;172113;+;38.8	A	9/9	split_2	167271	1	1	155106..156395-;429;unnamed;0
NC_019115.1	MPF_T	IncI2(Delta)	85	0	0	GA	1	47;34657;35139;+;81.1		32;18783;19067;+;36.6	33;19073;21430;+;58.5	33;19073;21430;+;44.9	18;12155;12802;+;41.6	17;11163;12149;+;122.2		35;21596;22330;+;144.3	36;22327;23097;+;170.5	37;23087;24226;+;154.7	44;31351;32889;+;207.1	39;25316;27274;+;289.6		pfam	pfam_only	A	7/7	rearranged	1	0	unscoreable	19	0	0														not_admitted	not_admitted	not_admitted	not_admitted	not_admitted	not_admitted	not_admitted
NC_019116.1	MPF_F	IncC	159	0	0	GA	0															not_admitted	not_admitted	not_admitted	not_admitted	not_admitted	not_admitted	not_admitted	not_admitted	not_admitted	not_admitted	1		149;125070;126503;+;339.2	148;124040;125068;+;221.7	90;61822;62529;-;192.9	150;126516;130130;+;375.3	86;58297;59613;+;135.0		84;56773;57399;+;92.1			75;51098;52963;+;47.4	87;59610;60188;+;100.2	75;51098;52963;+;52.0	C	6/9	split_2	75418	0	0	
NC_019117.1	MPF_F	IncFIA;IncFIB(AP001918);IncFII(pCoo)	131	0	0	GA	0															not_admitted	not_admitted	not_admitted	not_admitted	not_admitted	not_admitted	not_admitted	not_admitted	not_admitted	not_admitted	1	28;26395;27387;-;372.1	17;19336;20709;-;378.0	24;22923;23666;-;235.0	31;28396;31023;-;303.5	16;16517;19339;-;388.9	36;33152;34603;-;94.6	31;28396;31023;-;100.3	38;35318;35884;-;183.8	27;25748;26386;-;68.5	26;23943;25751;-;268.3	12;12834;14987;-;391.9	32;31539;32054;-;77.7	12;12834;14987;-;70.4	A	9/9	contiguous	22484	1	1	16004..16495-;163;TraS;0
NC_019118.1	MPF_F	IncC	159	0	0	GA	0															not_admitted	not_admitted	not_admitted	not_admitted	not_admitted	not_admitted	not_admitted	not_admitted	not_admitted	not_admitted	1		149;125325;126758;+;339.2	148;124295;125323;+;221.7	90;61763;62470;-;192.9	150;126771;130385;+;375.3	86;58238;59554;+;135.0		84;56714;57340;+;92.1			75;51039;52904;+;47.4	87;59551;60129;+;100.2	75;51039;52904;+;52.0	C	6/9	split_2	75732	0	0	
NC_019121.1	MPF_F	IncC	197	0	0	GA	0															not_admitted	not_admitted	not_admitted	not_admitted	not_admitted	not_admitted	not_admitted	not_admitted	not_admitted	not_admitted	1	118;92920;93927;-;332.9	44;28578;30011;-;339.2	45;30013;31041;-;221.7	123;96679;99126;-;354.2	43;24951;28565;-;375.3	132;111121;112437;-;135.0	123;96679;99126;-;128.6	134;113335;113961;-;92.1	120;94592;95857;-;67.6	117;90009;92804;-;145.3	143;117771;119636;-;47.4	131;110546;111124;-;100.2	143;117771;119636;-;52.0	A	9/9	split_2	92820	0	1	
NC_019122.1	MPF_F	IncFIA;IncFIB(AP001918);IncFII(pCoo)	136	0	0	GA	0															not_admitted	not_admitted	not_admitted	not_admitted	not_admitted	not_admitted	not_admitted	not_admitted	not_admitted	not_admitted	1	28;26395;27387;-;372.1	17;19336;20709;-;378.0	24;22923;23666;-;235.0	31;28396;31023;-;303.5	16;16517;19339;-;388.9	36;33152;34603;-;94.6	31;28396;31023;-;100.3	38;35318;35884;-;183.8	27;25748;26386;-;68.5	26;23943;25751;-;268.3	12;12834;14987;-;391.9	32;31539;32054;-;77.7	12;12834;14987;-;70.4	A	9/9	contiguous	22484	1	1	16004..16495-;163;TraS;0
NC_019124.1	MPF_T	IncN	50	0	0	GA	1	35;29181;29915;-;32.5	33;28588;28881;-;28.7	32;28221;28538;-;63.3	31;25621;28221;-;111.8	31;25621;28221;-;76.8	30;24890;25603;-;97.1	28;23599;24639;-;153.6		27;22682;23380;-;131.9	26;21787;22671;-;159.0	25;20627;21787;-;154.9	24;19590;20585;-;81.2	20;13492;15021;+;38.5		pfam	both	A	7/7	canonical	1	0	unscoreable	5	0	0														not_admitted	not_admitted	not_admitted	not_admitted	not_admitted	not_admitted	not_admitted
NC_019125.1	MPF_F	IncFII(Yp);IncFII(pAR0022)	131	0	0	GA	0															not_admitted	not_admitted	not_admitted	not_admitted	not_admitted	not_admitted	not_admitted	not_admitted	not_admitted	not_admitted	1	118;89782;90777;+;352.4	125;95081;96361;+;335.6	123;93588;94367;+;196.0	114;86099;88690;+;219.6	126;96363;99317;+;288.7	110;83668;85029;+;81.6	114;86099;88690;+;86.3	108;82388;82951;+;145.5	120;91152;91766;+;79.9	122;92626;93591;+;262.4	129;100838;103129;+;375.5	113;85579;86088;+;36.0	129;100838;103129;+;59.0	A	9/9	contiguous	18450	1	1	99271..99831+;186;unnamed;0
NC_019128.1	MPF_T	IncX4	49	0	0	GA	1	32;19799;20419;+;46.9	33;20433;20759;+;64.4	34;20778;23525;+;62.7	34;20778;23525;+;150.8	34;20778;23525;+;45.4	35;23537;24253;+;96.1	36;24264;25343;+;157.5		38;25858;26544;+;169.0	39;26541;27449;+;142.4	40;27442;28560;+;163.9	41;28562;29590;+;85.0	42;29622;31439;+;316.5		pfam	pfam_only	A	7/7	canonical	1	1	unscoreable	1	0	0														not_admitted	not_admitted	not_admitted	not_admitted	not_admitted	not_admitted	not_admitted
NC_019129.1	MPF_T	IncX4	44	0	0	GA	1	29;18690;19310;+;47.4	30;19324;19650;+;64.4	31;19669;22416;+;62.7	31;19669;22416;+;150.8	31;19669;22416;+;45.4	32;22428;23144;+;96.1	33;23155;24234;+;157.5		35;24749;25435;+;169.0	36;25432;26340;+;142.4	37;26333;27451;+;164.1	38;27453;28481;+;85.0	39;28513;30330;+;317.3		pfam	pfam_only	A	7/7	canonical	1	1	unscoreable	1	0	0														not_admitted	not_admitted	not_admitted	not_admitted	not_admitted	not_admitted	not_admitted
NC_019130.1	MPF_T	IncX4	48	0	0	GA	1	31;19797;20417;+;46.9	32;20431;20757;+;64.4	33;20776;23523;+;62.7	33;20776;23523;+;150.8	33;20776;23523;+;45.4	34;23535;24251;+;96.1	35;24262;25341;+;157.5		37;25856;26542;+;169.0	38;26539;27447;+;142.4	39;27440;28558;+;163.9	40;28560;29588;+;85.0	41;29620;31437;+;316.5		pfam	pfam_only	A	7/7	canonical	1	1	unscoreable	1	0	0														not_admitted	not_admitted	not_admitted	not_admitted	not_admitted	not_admitted	not_admitted
NC_019138.1	MPF_T	IncX1	44	0	0	GA	1	30;30097;30744;-;45.2	29;29823;30119;-;77.5	28;27051;29804;-;46.6	28;27051;29804;-;148.1	28;27051;29804;-;75.3	27;26291;27040;-;66.6	25;24919;25980;-;134.6		24;23961;24674;-;120.0	23;23027;23956;-;133.8	22;21825;23030;-;134.4	21;20792;21823;-;76.5	20;18954;20789;-;488.6		pfam	pfam_only	A	7/7	canonical	1	1	unscoreable	1	0	0														not_admitted	not_admitted	not_admitted	not_admitted	not_admitted	not_admitted	not_admitted
NC_019153.1	MPF_F	IncC	189	0	0	GA	0															not_admitted	not_admitted	not_admitted	not_admitted	not_admitted	not_admitted	not_admitted	not_admitted	not_admitted	not_admitted	1	178;147282;148289;-;332.9	98;69211;70644;-;339.2	99;70646;71674;-;221.7	183;151041;153488;-;354.2	97;65584;69198;-;375.3	6;5282;6598;-;135.0	183;151041;153488;-;128.6	8;7496;8122;-;92.1	180;148954;150219;-;67.6	177;144371;147166;-;145.3	17;11931;13796;-;47.4	5;4707;5285;-;100.2	17;11931;13796;-;52.0	A	9/9	split_3	146334	0	1	
NC_019155.1	MPF_F	IncFIB(pQil);IncFII(K)	137	0	0	GA	0															not_admitted	not_admitted	not_admitted	not_admitted	not_admitted	not_admitted	not_admitted	not_admitted	not_admitted	not_admitted	1	43;46076;47065;-;366.0	32;39242;40612;-;380.7	36;41814;42566;-;232.4	47;48508;51147;-;258.7	31;36363;39242;-;344.1	57;54961;56385;-;89.2	47;48508;51147;-;88.7	59;57112;57678;-;167.3	42;45425;46063;-;67.0	40;43409;44041;-;202.7	27;32271;34580;-;393.2	55;53780;54349;-;49.7	27;32271;34580;-;65.8	A	9/9	contiguous	24841	1	1	35861..36406-;181;unnamed;0
NC_019157.1	MPF_T	IncX3	56	0	0	GA	1	23;13793;14437;+;46.4	24;14421;14711;+;73.1	25;14736;17489;+;47.0	25;14736;17489;+;145.4	25;14736;17489;+;73.3	26;17499;18269;+;60.1	28;18548;19603;+;133.2		29;19798;20526;+;119.4	30;20532;21461;+;138.8	31;21458;22672;+;128.3	33;22868;23902;+;65.7	34;23905;25740;+;495.9		pfam	pfam_only	A	7/7	canonical	1	1	unscoreable	2	0	0														not_admitted	not_admitted	not_admitted	not_admitted	not_admitted	not_admitted	not_admitted
NC_019158.1	MPF_F	IncC	172	0	0	GA	0															not_admitted	not_admitted	not_admitted	not_admitted	not_admitted	not_admitted	not_admitted	not_admitted	not_admitted	not_admitted	1	96;72460;73467;+;332.9	162;127715;129148;+;339.2	161;126685;127713;+;221.7	91;67261;69708;+;354.2	163;129161;132775;+;375.3	82;53950;55266;+;135.0	91;67261;69708;+;128.6	80;52426;53052;+;92.1	94;70530;71795;+;67.6	97;73583;76378;+;145.3	71;46751;48616;+;47.4	83;55263;55841;+;100.2	71;46751;48616;+;52.0	A	9/9	split_2	82410	0	1	
NC_019161.1	MPF_T	IncX3	51	0	0	GA	1	38;34451;35095;-;46.4	37;34177;34467;-;73.1	36;31399;34152;-;47.0	36;31399;34152;-;145.4	36;31399;34152;-;73.3	35;30619;31389;-;60.1	33;29285;30340;-;133.2		32;28362;29090;-;119.4	31;27427;28356;-;138.8	30;26216;27430;-;128.3	28;24986;26020;-;65.7	27;23148;24983;-;495.9		pfam	pfam_only	A	7/7	canonical	1	1	unscoreable	2	0	0														not_admitted	not_admitted	not_admitted	not_admitted	not_admitted	not_admitted	not_admitted
NC_019162.1	MPF_T	IncX3	67	0	0	GA	1	54;46039;46683;-;46.4	53;45765;46055;-;73.1	52;42987;45740;-;47.0	52;42987;45740;-;142.4	52;42987;45740;-;73.3	51;42207;42977;-;60.1	49;40873;41928;-;133.2		48;39950;40678;-;119.4	47;39015;39944;-;138.8	46;37804;39018;-;128.3	44;36574;37608;-;65.7	43;34736;36571;-;495.9		pfam	pfam_only	A	7/7	canonical	1	1	unscoreable	2	0	0														not_admitted	not_admitted	not_admitted	not_admitted	not_admitted	not_admitted	not_admitted
NC_019163.1	MPF_T	IncN2	52	0	0	GA	1	44;37276;38058;-;33.2	42;36733;37029;-;36.0	41;36376;36693;-;71.9	40;33802;36375;-;118.0	40;33802;36375;-;74.2	39;33085;33786;-;98.9	37;31779;32816;-;121.9		36;30865;31560;-;127.6	35;29967;30854;-;142.7	34;28828;29967;-;172.5	33;27776;28777;-;90.1	18;12139;13671;+;46.3		pfam	both	A	7/7	canonical	1	0	unscoreable	2	0	0														not_admitted	not_admitted	not_admitted	not_admitted	not_admitted	not_admitted	not_admitted
NC_019165.1	MPF_F	IncFII(K);IncR	119	0	0	GA	0															not_admitted	not_admitted	not_admitted	not_admitted	not_admitted	not_admitted	not_admitted	not_admitted	not_admitted	not_admitted	1	43;48818;49807;-;366.0	33;41986;43356;-;380.7	37;44558;45310;-;232.4	47;51250;53889;-;258.5	32;39137;41986;-;345.6	56;57145;58569;-;88.8	47;51250;53889;-;88.7	58;59296;59862;-;169.3	42;48167;48805;-;67.0	41;46153;48108;-;259.7	28;34339;36651;-;392.7	55;56447;57031;-;55.4	28;34339;36651;-;66.5	A	9/9	contiguous	24957	1	1	38576..39124-;182;unnamed;0
NC_019202.1	MPF_G	-	117	0	0	GA	0															not_admitted	not_admitted	not_admitted	not_admitted	not_admitted	not_admitted	not_admitted	not_admitted	not_admitted	not_admitted	1	99;78265;79203;+;190.1			91;70558;73500;+;281.2	102;80947;82482;+;220.1								77;59134;61365;+;46.1	D	3/9	contiguous	21813	0	0	
NC_019248.1	MPF_T	-	34	0	0	GA	1		11;9316;9657;-;90.7	10;8974;9297;-;86.4	9;6614;8974;-;175.5	9;6614;8974;-;107.5	8;5859;6617;-;83.3	5;4539;5312;-;100.5		4;3576;4247;-;182.5	3;2722;3573;-;181.3	2;1563;2687;-;180.6	1;447;1499;-;97.8	28;20561;22501;-;352.9		pfam	both	A	7/7	canonical	1	0	unscoreable	2	0	0														not_admitted	not_admitted	not_admitted	not_admitted	not_admitted	not_admitted	not_admitted
NC_019256.1	MPF_T	IncX1	42	0	0	GA	1	16;8763;9278;+;46.0	17;9387;9683;+;77.5	18;9702;11279;+;46.4	18;9702;11279;+;149.4	18;9702;11279;+;76.9	21;13243;13992;+;67.5	23;14303;15364;+;135.0		24;15609;16322;+;120.0	25;16327;17145;+;120.3					pfam	pfam_only	D	4/7	canonical	1	1	unscoreable	3	0	0														not_admitted	not_admitted	not_admitted	not_admitted	not_admitted	not_admitted	not_admitted
NC_019263.1	MPF_T	IncP1	83	0	0	GA	1	15;13662;14252;+;23.1	4;3390;3854;+;62.5	5;3858;4169;+;51.3	6;4166;6724;+;94.6	6;4166;6724;+;113.4	11;10284;11057;+;125.5	13;11300;13018;+;148.0		7;6721;7509;+;146.4	8;7527;8420;+;181.1	10;8888;10267;+;218.3	3;2395;3360;+;131.4	61;60310;62214;-;526.9		conjscan	conjscan_only	A	7/7	canonical	1	0	unscoreable	4	0	0														not_admitted	not_admitted	not_admitted	not_admitted	not_admitted	not_admitted	not_admitted
NC_019264.1	MPF_T	IncP1	62	0	0	GA	1	15;13662;14252;+;23.1	4;3390;3854;+;62.5	5;3858;4169;+;51.3	6;4166;6724;+;94.6	6;4166;6724;+;113.4	11;10284;11057;+;125.5	13;11300;13018;+;148.0		7;6721;7509;+;146.4	8;7527;8420;+;181.1	10;8888;10267;+;218.3	3;2395;3360;+;131.2	40;43222;45126;-;526.9		conjscan	conjscan_only	A	7/7	canonical	1	0	unscoreable	4	0	0														not_admitted	not_admitted	not_admitted	not_admitted	not_admitted	not_admitted	not_admitted
NC_019266.1	MPF_T	-	51	0	0	GA	1	19;16184;16900;+;35.7			22;17705;20137;+;71.7		23;20134;20820;+;50.2	25;21216;22148;+;130.3		26;22573;23361;+;99.5	27;23351;24160;+;142.5	28;24147;25496;+;125.2	29;25506;26564;+;53.8	36;30506;32143;+;254.7		pfam	pfam_only	A	7/7	canonical	1	0	unscoreable	9	0	0														not_admitted	not_admitted	not_admitted	not_admitted	not_admitted	not_admitted	not_admitted
NC_019268.1	MPF_T	-	57	0	0	GA	1	27;26381;27091;-;101.0	26;26077;26370;-;41.2		25;23354;26065;-;78.0	25;23354;26065;-;57.1	24;22716;23357;-;71.2	37;34926;36011;-;71.0		36;34138;34926;-;74.6	35;33386;34123;-;149.0	34;32005;33384;-;180.8	33;30952;31989;-;92.0	29;27355;28872;-;35.6		pfam	both	A	7/7	rearranged	1	0	unscoreable	3	0	0														not_admitted	not_admitted	not_admitted	not_admitted	not_admitted	not_admitted	not_admitted
NC_019281.1	MPF_T	-	56	0	0	GA	1	26;25272;25982;-;101.0	25;24968;25261;-;41.2		24;22245;24956;-;78.0	24;22245;24956;-;57.1	23;21607;22248;-;71.2	36;33817;34902;-;71.0		35;33029;33817;-;74.6	34;32277;33014;-;149.0	33;30896;32275;-;180.8	32;29843;30880;-;92.0	28;26246;27763;-;35.6		pfam	both	A	7/7	rearranged	1	0	unscoreable	3	0	0														not_admitted	not_admitted	not_admitted	not_admitted	not_admitted	not_admitted	not_admitted
NC_019283.1	MPF_T	IncP1	76	0	0	GA	1	15;13662;14252;+;23.1	4;3390;3854;+;62.5	5;3858;4169;+;51.3	6;4166;6724;+;94.6	6;4166;6724;+;113.4	11;10284;11057;+;125.5	13;11300;13018;+;148.0		7;6721;7509;+;146.4	8;7527;8420;+;181.1	10;8888;10267;+;218.3	3;2395;3360;+;131.2	54;57076;58980;-;526.9		conjscan	conjscan_only	A	7/7	canonical	1	0	unscoreable	4	0	0														not_admitted	not_admitted	not_admitted	not_admitted	not_admitted	not_admitted	not_admitted
NC_019312.1	MPF_T	IncP1	60	0	0	GA	1	45;48565;49200;-;23.5	56;59053;59517;-;63.5	55;58738;59049;-;49.8	54;56183;58741;-;91.0	54;56183;58741;-;112.1	49;51785;52549;-;122.3	47;49819;51537;-;143.0		53;55404;56186;-;145.8	52;54487;55386;-;186.5	50;52570;53991;-;223.3	57;59534;60496;-;127.6	27;24278;26191;+;525.1		conjscan	conjscan_only	A	7/7	canonical	1	0	unscoreable	4	0	0														not_admitted	not_admitted	not_admitted	not_admitted	not_admitted	not_admitted	not_admitted
NC_019313.1	MPF_T	-	325	0	0	GA	1	257;227463;228551;+;98.1	253;224364;224702;+;71.4	254;224706;225005;+;77.7	255;225008;227065;+;123.0	255;225008;227065;+;98.9	258;228563;229264;+;36.0	260;229497;230525;+;146.2		261;230564;231259;+;183.5	262;231256;232068;+;197.6	263;232065;233276;+;205.3	264;233257;234285;+;135.8	265;234282;236381;+;313.1		pfam	pfam_only	A	7/7	canonical	1	0	unscoreable	2	0	0														not_admitted	not_admitted	not_admitted	not_admitted	not_admitted	not_admitted	not_admitted
NC_019318.1	MPF_T	IncP1	65	0	0	GA	1	49;48397;49038;-;24.2	60;58846;59307;-;63.6	59;58531;58842;-;49.3	58;55976;58534;-;98.6	58;55976;58534;-;118.4	53;51675;52442;-;130.8	51;49658;51433;-;148.0		57;55215;55979;-;145.1	56;54303;55196;-;185.0	54;52460;53848;-;223.6	61;59321;60283;-;136.2	39;35660;37564;+;519.5		conjscan	both	A	7/7	canonical	1	0	unscoreable	3	0	0														not_admitted	not_admitted	not_admitted	not_admitted	not_admitted	not_admitted	not_admitted
NC_019320.1	MPF_T	IncP1	67	0	0	GA	1	51;47120;47755;+;23.5	40;36803;37267;+;63.5	41;37271;37582;+;49.8	42;37579;40137;+;91.0	42;37579;40137;+;112.1	47;43771;44535;+;122.3	49;44783;46501;+;143.0		43;40134;40916;+;147.6	44;40934;41833;+;186.5	46;42329;43750;+;223.3	39;35824;36786;+;127.6	61;58735;60648;-;525.1		conjscan	conjscan_only	A	7/7	canonical	1	0	unscoreable	4	0	0														not_admitted	not_admitted	not_admitted	not_admitted	not_admitted	not_admitted	not_admitted
NC_019328.1	MPF_T	-	82	0	0	GA	1	63;57686;58387;+;38.3			65;59072;61624;+;68.4		66;61621;62307;+;50.3	68;62704;63636;+;132.9		69;64044;64832;+;101.8	70;64822;65631;+;136.0	71;65618;66988;+;129.8	72;66998;68029;+;45.4	76;69075;70727;+;247.2		pfam	pfam_only	A	7/7	canonical	1	0	unscoreable	5	0	0														not_admitted	not_admitted	not_admitted	not_admitted	not_admitted	not_admitted	not_admitted
NC_019337.1	MPF_T	-	38	0	0	GA	1	23;21745;22377;-;56.4		21;21009;21368;-;25.7	20;18554;21016;-;112.4	20;18554;21016;-;50.1	19;17817;18557;-;80.7	18;16672;17811;-;83.7		16;15699;16454;-;48.2	15;14749;15702;-;66.2	14;13677;14711;-;112.8	13;12600;13673;-;63.1	11;10497;12335;-;260.7		pfam	pfam_only	A	7/7	canonical	1	0	unscoreable	3	0	0														not_admitted	not_admitted	not_admitted	not_admitted	not_admitted	not_admitted	not_admitted
NC_019341.1	MPF_T	-	59	0	0	GA	1		52;34912;35208;+;28.6	53;35254;35565;+;56.8	54;35565;36977;+;110.7	54;35565;36977;+;77.3	0;1;708;+;99.0	2;931;1983;+;119.0		3;2267;3007;+;78.3	4;3010;3921;+;139.3	5;3918;5066;+;173.9	6;5083;6090;+;67.3	9;9622;11175;-;82.8		pfam	both	A	7/7	rearranged	1	0	unscoreable	3	0	0														not_admitted	not_admitted	not_admitted	not_admitted	not_admitted	not_admitted	not_admitted
NC_019342.1	MPF_F	IncFII(p14)	146	0	0	GA	0															not_admitted	not_admitted	not_admitted	not_admitted	not_admitted	not_admitted	not_admitted	not_admitted	not_admitted	not_admitted	1	51;55135;56130;-;355.9	45;49549;50910;-;335.1	47;51543;52322;-;197.8	54;57223;59814;-;217.2	44;46650;49547;-;290.7	58;60886;62247;-;81.6	54;57223;59814;-;87.7	60;62964;63527;-;145.9	49;54145;54759;-;81.3	48;52319;54148;-;262.5	41;42778;45012;-;373.5	55;59825;60439;-;47.8	41;42778;45012;-;66.1	A	9/9	contiguous	20186	1	1	46078..46638-;186;unnamed;0
NC_019343.1	MPF_T	IncFII(29);IncFII(p96A)	74	0	0	GA	1	34;30179;30628;+;89.4	8;5062;5415;+;32.1	9;5415;5786;+;35.8	10;5743;8235;+;62.7		12;9784;10461;+;53.3	14;10949;11893;+;116.5		15;12049;12900;+;100.4	16;12897;13712;+;160.4	17;13709;15049;+;131.9	27;23529;25091;+;194.6	21;16834;18453;+;236.7		pfam	pfam_only	A	7/7	canonical	1	0	unscoreable	14	0	0														not_admitted	not_admitted	not_admitted	not_admitted	not_admitted	not_admitted	not_admitted
NC_019351.1	MPF_T	rep33	27	0	0	GA	1				12;7972;9969;+;22.5									19;14489;15979;+;421.6		none	none	D	2/7	uncallable	0	0	unscoreable	6	0	0														not_admitted	not_admitted	not_admitted	not_admitted	not_admitted	not_admitted	not_admitted
NC_019360.1	MPF_F	IncHI1A(NDM-CIT);IncHI1B(pNDM-CIT)	316	0	0	GA	0															not_admitted	not_admitted	not_admitted	not_admitted	not_admitted	not_admitted	not_admitted	not_admitted	not_admitted	not_admitted	1	272;250670;251725;+;278.1	98;97259;98674;-;200.0	99;98664;99710;-;168.3	255;229549;232230;+;156.8	97;93261;97250;-;103.1	251;225846;227207;+;74.8	255;229549;232230;+;73.5	248;223388;224173;+;69.5	270;249017;250525;+;62.3	273;251744;254920;+;57.9	105;106647;108731;+;48.5	254;228590;229540;+;45.4	105;106647;108731;+;36.5	A	9/9	split_2	158483	0	1	
NC_019369.1	MPF_T	IncP1	84	0	0	GA	1	15;13679;14269;+;24.3	4;3377;3841;+;62.5	5;3845;4156;+;51.1	6;4153;6711;+;96.2	6;4153;6711;+;116.8	11;10284;11057;+;125.2	13;11300;13036;+;148.1		7;6708;7496;+;144.7	8;7514;8407;+;181.0	10;8876;10267;+;221.2	3;2390;3355;+;129.5	26;25323;27227;-;528.6		conjscan	conjscan_only	A	7/7	canonical	1	0	unscoreable	4	0	0														not_admitted	not_admitted	not_admitted	not_admitted	not_admitted	not_admitted	not_admitted
NC_019375.1	MPF_F	IncC;IncR	225	0	0	GA	0															not_admitted	not_admitted	not_admitted	not_admitted	not_admitted	not_admitted	not_admitted	not_admitted	not_admitted	not_admitted	1	77;65905;66912;-;332.9	182;144496;145929;-;339.2	183;145931;146959;-;221.7	82;69664;72111;-;354.5	181;140869;144483;-;375.3	87;79667;80983;-;135.0	82;69664;72111;-;128.3	89;81881;82507;-;92.7	79;67577;68842;-;67.9	76;62991;65789;-;145.3	98;86317;88182;-;47.3	86;79092;79670;-;100.2	98;86317;88182;-;52.0	A	9/9	split_2	82940	0	1	
NC_019378.1	MPF_T	-	107	0	0	GA	1	14;13048;13653;+;25.1	3;2795;3223;+;64.6	4;3226;3537;+;48.8	5;3534;6071;+;103.2	5;3534;6071;+;109.8	10;9651;10424;+;102.6	12;10685;12421;+;138.3		6;6068;6844;+;151.2	7;6857;7762;+;179.5	9;8238;9632;+;220.4	2;1821;2783;+;129.2	43;38514;40427;-;518.3		conjscan	both	A	7/7	canonical	1	0	unscoreable	3	0	0														not_admitted	not_admitted	not_admitted	not_admitted	not_admitted	not_admitted	not_admitted
NC_019380.1	MPF_F	IncC	200	0	0	GA	0															not_admitted	not_admitted	not_admitted	not_admitted	not_admitted	not_admitted	not_admitted	not_admitted	not_admitted	not_admitted	1	90;66838;67845;+;332.9	189;154670;156103;+;339.2	188;153640;154668;+;221.7	85;61639;64086;+;354.2	190;156116;159730;+;375.3	80;52812;54128;+;135.0	85;61639;64086;+;128.6	78;51288;51914;+;92.1	88;64908;66173;+;67.6	91;67961;70756;+;145.3	69;45613;47478;+;47.4	81;54125;54703;+;100.2	69;45613;47478;+;52.0	A	9/9	split_2	110503	0	1	
NC_019384.1	MPF_T	IncX3	63	0	0	GA	1	32;25530;26174;+;46.4	33;26158;26448;+;73.1	34;26473;29226;+;47.0	34;26473;29226;+;145.4	34;26473;29226;+;73.3	35;29236;30006;+;60.1	37;30285;31340;+;133.2		38;31535;32263;+;119.4	39;32269;33198;+;138.8	40;33195;34409;+;128.3	42;34605;35639;+;65.7	43;35642;37477;+;495.9		pfam	pfam_only	A	7/7	canonical	1	1	unscoreable	2	0	0														not_admitted	not_admitted	not_admitted	not_admitted	not_admitted	not_admitted	not_admitted
NC_019389.1	MPF_F	IncFII(K);repB(R1701)	155	0	0	GA	0															not_admitted	not_admitted	not_admitted	not_admitted	not_admitted	not_admitted	not_admitted	not_admitted	not_admitted	not_admitted	1	76;51432;52421;+;366.0	86;57912;59282;+;380.7	82;55958;56710;+;236.4	72;47350;49989;+;258.5	87;59282;62125;+;346.5	64;42667;44091;+;89.2	72;47350;49989;+;88.7	62;41374;41940;+;169.3	77;52434;53072;+;66.0	78;53131;55086;+;259.5	91;64710;67022;+;392.8	65;44205;44789;+;55.4	91;64710;67022;+;65.9	A	9/9	contiguous	23336	1	1	62136..62660+;174;unnamed;0
NC_019390.1	MPF_F	IncFIB(K);IncFII(K)	220	0	0	GA	0															not_admitted	not_admitted	not_admitted	not_admitted	not_admitted	not_admitted	not_admitted	not_admitted	not_admitted	not_admitted	1	183;169910;170902;+;366.6	193;176419;177786;+;380.7	189;174410;175162;+;232.2	180;166245;168884;+;259.3	194;177786;180635;+;346.5	172;161235;162659;+;89.3	180;166245;168884;+;88.8	170;159942;160508;+;167.0	184;170915;171553;+;67.0	185;171612;173567;+;259.2	198;182450;184759;+;392.7	174;163289;163846;+;52.5	198;182450;184759;+;66.6	A	9/9	contiguous	22508	1	1	180638..181087+;149;unnamed;0
NC_019424.1	MPF_F	IncFII	83	0	0	GA	0															not_admitted	not_admitted	not_admitted	not_admitted	not_admitted	not_admitted	not_admitted	not_admitted	not_admitted	not_admitted	1	60;44730;45722;+;369.5	70;51501;52874;+;381.7	65;48828;49571;+;234.4	57;41091;43721;+;305.1	71;52871;55693;+;374.0	50;36641;38092;+;94.2	57;41091;43721;+;97.1	48;35360;35926;+;174.3	62;46066;46704;+;68.6	63;46701;48551;+;266.1	75;57965;60217;+;391.1	53;38952;39467;+;78.4	75;57965;60217;+;70.3	A	9/9	contiguous	22605	1	1	55715..56194+;159;TraS;0
NC_019555.1	MPF_T	-	157	0	0	GA	1		154;174200;174583;-;72.6	153;173908;174207;-;63.8	152;171441;173897;-;178.0	152;171441;173897;-;122.5	151;170666;171469;-;45.7	149;169294;170475;-;115.3		148;168611;169273;-;130.4	147;167779;168594;-;185.2	145;166019;167317;-;220.0	155;174573;175550;-;131.9	134;154001;155935;-;549.2		conjscan	conjscan_only	A	7/7	canonical	1	0	unscoreable	3	0	0														not_admitted	not_admitted	not_admitted	not_admitted	not_admitted	not_admitted	not_admitted
NC_019846.2	MPF_T	-	181	0	0	GA	1	95;101579;102667;-;99.0	98;105429;105767;-;75.0	97;105126;105425;-;77.7	96;102664;105123;-;126.3	96;102664;105123;-;98.0	94;100866;101567;-;35.0	92;99605;100633;-;146.7		91;98884;99579;-;184.1	90;98078;98887;-;195.5	89;96876;98078;-;209.5	88;95867;96895;-;132.4	87;93777;95870;-;310.5		pfam	pfam_only	A	7/7	canonical	1	0	unscoreable	1	0	0														not_admitted	not_admitted	not_admitted	not_admitted	not_admitted	not_admitted	not_admitted
NC_019848.2	MPF_T	-	1391	0	0	GA	1		651;684073;684372;+;89.1	652;684377;684718;+;106.8	653;684693;687089;+;172.9	653;684693;687089;+;108.5	654;687089;687790;+;204.3	656;688026;688961;+;160.1		658;689277;689948;+;215.8	659;689948;690802;+;183.4	660;690812;691984;+;182.1	503;528096;529589;+;213.3	939;952084;954003;+;336.1		pfam	both	A	7/7	canonical	1	0	unscoreable	2	0	0														not_admitted	not_admitted	not_admitted	not_admitted	not_admitted	not_admitted	not_admitted
NC_019888.1	MPF_T	IncN	92	0	0	GA	1	15;11138;11872;+;32.5		18;12515;12832;+;63.3	19;12832;15432;+;111.8	19;12832;15432;+;76.8	20;15450;16163;+;97.1	22;16414;17454;+;153.6		23;17673;18371;+;131.9	24;18382;19266;+;159.0	25;19266;20426;+;154.9	26;20468;21463;+;81.2	69;68436;69965;-;38.5		pfam	both	A	7/7	canonical	1	0	unscoreable	3	0	0														not_admitted	not_admitted	not_admitted	not_admitted	not_admitted	not_admitted	not_admitted
NC_019899.1	MPF_T	IncX5	56	0	0	GA	1	44;39700;40344;-;43.1	43;39426;39716;-;69.0	42;36645;39404;-;42.6	42;36645;39404;-;133.4	42;36645;39404;-;71.4	41;35903;36637;-;55.3	39;34573;35628;-;132.5		38;33605;34333;-;120.2	37;32671;33600;-;133.7	36;31463;32674;-;136.2	35;30408;31451;-;63.5	34;28570;30405;-;501.3		pfam	pfam_only	A	7/7	canonical	1	1	unscoreable	1	0	0														not_admitted	not_admitted	not_admitted	not_admitted	not_admitted	not_admitted	not_admitted
NC_019941.1	MPF_T	-	89	0	0	GA	1	49;46672;47307;+;46.4	50;47407;47754;+;51.0	51;47758;48030;+;108.1	52;48027;50375;+;124.4	52;48027;50375;+;78.5	53;50372;51100;+;163.5	55;51595;52707;+;105.3		57;52872;53582;+;173.4	58;53579;54391;+;191.1	59;54388;55557;+;162.1	60;55547;56623;+;108.3	61;56617;58536;+;321.2		pfam	both	A	7/7	canonical	1	0	unscoreable	2	0	0														not_admitted	not_admitted	not_admitted	not_admitted	not_admitted	not_admitted	not_admitted
NC_019985.2	MPF_T	-	59	0	0	GA	1	29;27475;28185;-;101.0	28;27171;27464;-;41.2		27;24448;27159;-;78.0	27;24448;27159;-;57.1	26;23810;24451;-;71.2	39;36020;37105;-;71.0		38;35232;36020;-;74.6	37;34480;35217;-;149.0	36;33099;34478;-;180.8	35;32046;33083;-;92.0	31;28449;29966;-;35.6		pfam	both	A	7/7	rearranged	1	0	unscoreable	3	0	0														not_admitted	not_admitted	not_admitted	not_admitted	not_admitted	not_admitted	not_admitted
NC_020060.1	MPF_T	-	220	0	0	GA	1		214;210631;211014;-;73.3	213;210339;210638;-;64.6	212;207873;210329;-;176.9	212;207873;210329;-;117.8	211;207098;207901;-;44.2	209;205745;206923;-;109.7		208;205058;205720;-;131.6	207;204228;205040;-;189.7	205;202471;203766;-;217.0	215;211004;211981;-;133.6	192;190804;192777;-;552.6		conjscan	conjscan_only	A	7/7	canonical	1	0	unscoreable	15	0	0														not_admitted	not_admitted	not_admitted	not_admitted	not_admitted	not_admitted	not_admitted
NC_020061.1	MPF_T	-	568	0	0	GA	1		562;543473;543856;-;75.8	561;543181;543480;-;61.3	560;540715;543171;-;172.2	560;540715;543171;-;121.3	559;539940;540743;-;42.2	558;538757;539935;-;111.9		557;538070;538732;-;132.1	556;537241;538053;-;182.4	554;535491;536792;-;212.0	563;543846;544823;-;119.3	543;523800;525776;-;548.2		conjscan	conjscan_only	A	7/7	canonical	1	0	unscoreable	12	0	0														not_admitted	not_admitted	not_admitted	not_admitted	not_admitted	not_admitted	not_admitted
NC_020086.1	MPF_T	Col(pHAD28);IncFII(pBK30683);IncN	100	0	0	GA	1	57;43047;43781;+;32.5		60;44424;44741;+;63.3	61;44741;47341;+;113.8	61;44741;47341;+;76.4	62;47359;48072;+;105.5	64;48323;49363;+;142.4		65;49582;50280;+;131.9	66;50291;51175;+;159.7	67;51175;52335;+;156.3	68;52377;53372;+;81.2	21;18612;20141;-;38.5		pfam	both	A	7/7	canonical	1	0	unscoreable	3	0	0														not_admitted	not_admitted	not_admitted	not_admitted	not_admitted	not_admitted	not_admitted
NC_020087.1	MPF_F	IncFII(K);repB(R1701)	160	0	0	GA	0															not_admitted	not_admitted	not_admitted	not_admitted	not_admitted	not_admitted	not_admitted	not_admitted	not_admitted	not_admitted	1	103;92539;93528;-;366.6	93;85625;86992;-;384.0	97;88250;89002;-;233.7	107;94971;97610;-;258.5	92;82776;85625;-;346.4	114;100803;102227;-;89.2	107;94971;97610;-;88.2	116;102954;103520;-;169.3	102;91888;92526;-;66.9	101;89874;91829;-;259.7	88;78002;80314;-;393.1	113;100105;100689;-;53.6	88;78002;80314;-;66.6	A	9/9	contiguous	24952	1	1	82240..82773-;177;unnamed;0
NC_020088.1	MPF_T	IncN	64	0	0	GA	1	11;7970;8704;+;32.5		14;9347;9664;+;63.3	15;9664;12264;+;113.8	15;9664;12264;+;76.4	16;12282;12953;+;106.4							47;39966;41495;-;38.5		pfam	both	D	2/7	uncallable	0	0	unscoreable	2	0	0														not_admitted	not_admitted	not_admitted	not_admitted	not_admitted	not_admitted	not_admitted
NC_020121.1	MPF_T	-	41	0	0	GA	1		40;37905;38297;+;58.1	0;57;323;+;33.1	1;311;2875;+;104.6	1;311;2875;+;109.4	6;6399;7172;+;109.7	8;7447;8817;+;109.1		2;2872;3588;+;92.4	3;3605;4495;+;169.0	5;4980;6380;+;207.2	39;36933;37892;+;139.4	22;21982;23916;-;468.1		conjscan	both	A	7/7	canonical	1	0	unscoreable	3	0	0														not_admitted	not_admitted	not_admitted	not_admitted	not_admitted	not_admitted	not_admitted
NC_020122.1	MPF_T	IncN4	52	0	0	GA	1	1;507;1247;+;34.8	3;1571;1861;+;44.3	4;1914;2228;+;64.7	5;2228;4858;+;117.7	5;2228;4858;+;86.1	6;4868;5575;+;114.6	8;5834;6877;+;127.4	9;6972;7142;+;41.4	10;7145;7861;+;145.6	11;7864;8751;+;144.4	12;8748;9902;+;174.0	13;9895;10926;+;78.1	18;15328;16905;-;50.6		pfam	both	A	7/7	canonical	1	0	ga	6	0	0														not_admitted	not_admitted	not_admitted	not_admitted	not_admitted	not_admitted	not_admitted
NC_020132.1	MPF_F	IncFIB(K);IncFII(K)	177	0	0	GA	0															not_admitted	not_admitted	not_admitted	not_admitted	not_admitted	not_admitted	not_admitted	not_admitted	not_admitted	not_admitted	1	152;137900;138892;+;366.6	162;144343;145713;+;381.2	158;142389;143141;+;232.4	149;134235;136874;+;258.7	163;145713;148562;+;344.2	139;128997;130421;+;89.2	149;134235;136874;+;88.8	137;127704;128270;+;167.0	153;138905;139543;+;67.0	154;139540;141546;+;259.0	167;150376;152685;+;393.2	141;131033;131602;+;49.7	167;150376;152685;+;65.8	A	9/9	contiguous	22672	1	1	148565..149095+;176;unnamed;0
NC_020180.1	MPF_F	IncC	206	0	0	GA	0															not_admitted	not_admitted	not_admitted	not_admitted	not_admitted	not_admitted	not_admitted	not_admitted	not_admitted	not_admitted	1	99;70555;71562;+;332.9	194;150930;152363;+;339.2	193;149900;150928;+;221.7	94;65356;67803;+;354.5	195;152376;155990;+;375.3	89;56484;57800;+;135.0	94;65356;67803;+;128.3	87;54960;55586;+;92.7	97;68625;69890;+;67.9	100;71678;74476;+;145.3	78;49285;51150;+;47.3	90;57797;58375;+;100.2	78;49285;51150;+;52.0	A	9/9	split_2	103091	0	1	
NC_020270.1	MPF_T	IncI2	86	0	0	GA	1	49;34031;34513;-;81.1		63;50090;50374;-;36.5	62;47727;50084;-;59.8	62;47727;50084;-;45.0	74;55937;56584;-;41.6	75;56590;57576;-;120.4		61;46829;47563;-;144.3	60;46062;46832;-;169.8	59;44933;46072;-;154.7	52;36282;37820;-;207.1	57;41885;43843;-;287.0		pfam	pfam_only	A	7/7	rearranged	1	0	unscoreable	15	0	0														not_admitted	not_admitted	not_admitted	not_admitted	not_admitted	not_admitted	not_admitted
NC_020271.1	MPF_F	IncFIA;IncFIB(AP001918);IncFII	146	0	0	GA	0															not_admitted	not_admitted	not_admitted	not_admitted	not_admitted	not_admitted	not_admitted	not_admitted	not_admitted	not_admitted	1				77;64309;65799;+;306.0		69;60723;62150;+;94.3		67;59442;60008;+;182.9			81;68463;70367;+;391.5	74;63278;63793;+;78.4	81;68463;70367;+;70.6	D	3/9	contiguous	9021	0	0	
NC_020278.2	MPF_F	IncFII	85	0	0	GA	0															not_admitted	not_admitted	not_admitted	not_admitted	not_admitted	not_admitted	not_admitted	not_admitted	not_admitted	not_admitted	1	62;51570;52562;+;369.5	72;58341;59714;+;381.7	67;55668;56411;+;234.4	59;47931;50561;+;304.1	73;59711;62533;+;374.0	52;43481;44932;+;94.2	59;47931;50561;+;97.1	50;42200;42766;+;174.3	64;52906;53544;+;68.6	65;53541;55391;+;266.1	77;64805;67075;+;391.1	55;45792;46307;+;78.4	77;64805;67075;+;70.3	A	9/9	contiguous	22605	1	1	62555..63034+;159;TraS;0
NC_020522.1	MPF_T	-	82	0	0	GA	1	33;28794;29393;-;28.6	43;38051;38425;-;63.2	42;37743;38054;-;47.6	41;35209;37746;-;93.7	41;35209;37746;-;113.0	36;31036;31776;-;98.8	34;29390;30811;-;112.6		40;34481;35212;-;108.4	39;33588;34466;-;161.0	37;31795;33147;-;187.7	44;38439;39398;-;126.9	32;26866;28797;-;431.7		conjscan	conjscan_only	A	7/7	canonical	1	0	unscoreable	3	0	0														not_admitted	not_admitted	not_admitted	not_admitted	not_admitted	not_admitted	not_admitted
NC_020527.1	MPF_T	-	1392	0	0	GA	1		771;719517;719816;-;89.1	770;719171;719512;-;106.3	769;716800;719196;-;172.9	769;716800;719196;-;108.5	768;716099;716800;-;204.3	766;714928;715863;-;162.8		764;713941;714612;-;215.8	763;713087;713941;-;183.4	762;711905;713077;-;182.1	911;867023;868516;-;213.3	548;512748;514667;-;336.4		pfam	both	A	7/7	canonical	1	0	unscoreable	2	0	0														not_admitted	not_admitted	not_admitted	not_admitted	not_admitted	not_admitted	not_admitted
NC_020542.1	MPF_T	-	263	0	0	GA	1	212;208528;209196;+;45.7	213;209193;209540;+;76.0	214;209537;209887;+;86.9	215;209880;212288;+;159.0	215;209880;212288;+;117.8	216;212292;213011;+;202.0	218;213242;214186;+;125.4		219;214521;215219;+;171.2	220;215216;216073;+;198.2	221;216077;217300;+;185.2	222;217304;218308;+;98.2	223;218292;220253;+;336.6		pfam	both	A	7/7	canonical	1	0	unscoreable	1	0	0														not_admitted	not_admitted	not_admitted	not_admitted	not_admitted	not_admitted	not_admitted
NC_020562.1	MPF_F	-	182	0	0	GA	0															not_admitted	not_admitted	not_admitted	not_admitted	not_admitted	not_admitted	not_admitted	not_admitted	not_admitted	not_admitted	1	37;41926;42948;-;392.1	33;37395;38324;-;289.0	34;38324;39145;-;239.9	43;45390;47981;-;467.0		46;49819;51144;-;105.1	43;45390;47981;-;100.2	48;51955;52521;-;207.7	36;41168;41914;-;113.5	35;39306;41171;-;292.1		44;47983;48963;-;28.4		B	8/9	contiguous	14560	0	1	
NC_020797.1	MPF_T	-	64	0	0	GA	1	32;32818;33720;-;38.9	43;42558;42935;-;71.2	42;42262;42561;-;50.8	41;39606;42275;-;66.0	41;39606;42275;-;82.7	40;38941;39603;-;70.7	37;37440;38306;-;148.5		36;36769;37443;-;92.1	35;35962;36744;-;199.4	34;34740;35960;-;174.5	33;33707;34729;-;112.7	26;26515;28089;+;70.4		pfam	both	A	7/7	canonical	1	0	unscoreable	7	0	0														not_admitted	not_admitted	not_admitted	not_admitted	not_admitted	not_admitted	not_admitted
NC_020798.1	MPF_T	-	53	0	0	GA	1	34;31482;32267;-;42.9	32;28617;28928;-;56.6	31;28263;28604;-;84.0	30;25768;28257;-;196.2	30;25768;28257;-;93.4	28;24874;25584;-;222.0	26;23451;24548;-;131.0		24;22398;23153;-;191.1	23;21523;22401;-;187.6	22;20393;21523;-;193.1	21;19294;20277;-;89.7	20;16362;19091;-;335.8		pfam	both	A	7/7	canonical	1	0	unscoreable	4	0	0														not_admitted	not_admitted	not_admitted	not_admitted	not_admitted	not_admitted	not_admitted
NC_020811.1	MPF_T	IncX3	68	0	0	GA	1	55;46039;46683;-;46.4	54;45765;46055;-;73.1	53;42987;45740;-;47.0	53;42987;45740;-;142.4	53;42987;45740;-;73.3	52;42207;42977;-;60.1	50;40873;41928;-;133.2		49;39950;40678;-;119.4	48;39015;39944;-;138.8	47;37804;39018;-;128.3	45;36574;37608;-;65.7	44;34736;36571;-;495.9		pfam	pfam_only	A	7/7	canonical	1	1	unscoreable	2	0	0														not_admitted	not_admitted	not_admitted	not_admitted	not_admitted	not_admitted	not_admitted
NC_020818.1	MPF_T	-	55	0	0	GA	1	21;22675;23385;-;101.0	20;22371;22664;-;41.2		19;19648;22359;-;78.0	19;19648;22359;-;57.1	18;19010;19651;-;71.2	31;31220;32305;-;71.0		30;30432;31220;-;74.6	29;29680;30417;-;149.0	28;28299;29678;-;179.5	27;27246;28283;-;92.0	23;23649;25166;-;35.6		pfam	both	A	7/7	rearranged	1	0	unscoreable	3	0	0														not_admitted	not_admitted	not_admitted	not_admitted	not_admitted	not_admitted	not_admitted
NC_020820.1	MPF_T	rep38	38	0	0	GA	1				11;11462;13477;-;24.2									5;5695;7206;-;462.6		none	none	D	2/7	uncallable	0	0	unscoreable	5	0	0														not_admitted	not_admitted	not_admitted	not_admitted	not_admitted	not_admitted	not_admitted
NC_021077.1	MPF_T	IncP1	119	0	0	GA	1	104;106121;106756;-;23.5	115;116609;117073;-;63.5	114;116294;116605;-;49.8	113;113739;116297;-;91.0	113;113739;116297;-;112.1	108;109341;110105;-;122.3	106;107375;109093;-;143.0		112;112960;113742;-;147.6	111;112043;112942;-;186.5	109;110126;111547;-;223.3	116;117090;118052;-;127.6	94;93228;95141;+;525.1		conjscan	conjscan_only	A	7/7	canonical	1	0	unscoreable	4	0	0														not_admitted	not_admitted	not_admitted	not_admitted	not_admitted	not_admitted	not_admitted
NC_021079.1	MPF_T	IncX4	55	0	0	GA	1	41;34244;34864;-;41.6	40;33904;34230;-;61.9	39;31138;33885;-;62.7	39;31138;33885;-;153.2	39;31138;33885;-;45.6	38;30410;31126;-;93.5	37;29247;30398;-;147.1		35;28104;28790;-;169.0	34;27199;28107;-;143.2	33;26097;27206;-;164.9	32;25067;26095;-;85.1	31;23218;25035;-;313.0		pfam	pfam_only	A	7/7	canonical	1	1	unscoreable	1	0	0														not_admitted	not_admitted	not_admitted	not_admitted	not_admitted	not_admitted	not_admitted
NC_021199.1	MPF_F	IncFIA(pBK30683);IncFII(pKP91)	160	0	0	GA	0															not_admitted	not_admitted	not_admitted	not_admitted	not_admitted	not_admitted	not_admitted	not_admitted	not_admitted	not_admitted	1	55;39764;40753;+;363.3	66;46571;47938;+;382.8	62;44562;45314;+;233.7	51;35668;38307;+;259.4	67;47938;50781;+;344.0	41;30282;31706;+;89.2	51;35668;38307;+;88.3	39;28989;29555;+;167.5	57;41029;41676;+;65.9	58;41735;43690;+;259.7	71;53368;55677;+;393.1	43;32318;32902;+;53.2	71;53368;55677;+;66.6	A	9/9	contiguous	24379	1	1	50792..51316+;174;unnamed;0
NC_021209.1	MPF_T	-	113	0	0	GA	1		111;107478;107870;-;74.9	110;107186;107485;-;62.7	109;104740;107175;-;174.5	109;104740;107175;-;128.5	108;103944;104747;-;46.8	106;102588;103769;-;111.7		105;101904;102566;-;135.6	104;101058;101888;-;187.2	102;99303;100598;-;219.2	112;107860;108825;-;124.5	86;85731;87668;-;537.0		conjscan	conjscan_only	A	7/7	canonical	1	0	unscoreable	3	0	0														not_admitted	not_admitted	not_admitted	not_admitted	not_admitted	not_admitted	not_admitted
NC_021212.1	MPF_T	-	44	0	0	GA	1		37;36485;36781;-;28.3	36;36128;36439;-;60.5	35;33498;36128;-;99.9	35;33498;36128;-;79.7	34;32787;33494;-;108.8	32;31565;32563;-;124.6	31;31279;31464;-;52.4	30;30542;31282;-;72.0	29;29628;30539;-;138.7	28;28495;29631;-;170.1	27;27471;28478;-;67.2	22;20034;21581;+;78.3		pfam	both	A	7/7	canonical	1	0	ga	5	0	0														not_admitted	not_admitted	not_admitted	not_admitted	not_admitted	not_admitted	not_admitted
NC_021238.1	MPF_T	pKP1433	63	0	0	GA	1	7;3407;4144;+;32.0		10;4788;5099;+;60.7	11;5104;7704;+;111.8	11;5104;7704;+;76.4	12;7722;8435;+;105.5	14;8686;9726;+;142.4		15;9945;10643;+;131.6	16;10654;11538;+;159.7	17;11538;12698;+;156.3	18;12740;13735;+;81.2			pfam	both	B	6/7	canonical	1	0	unscoreable	3	0	0														not_admitted	not_admitted	not_admitted	not_admitted	not_admitted	not_admitted	not_admitted
NC_021492.1	MPF_F	-	129	0	0	GA	0															not_admitted	not_admitted	not_admitted	not_admitted	not_admitted	not_admitted	not_admitted	not_admitted	not_admitted	not_admitted	1	88;86672;87676;-;360.5	80;80485;81849;-;365.3	85;83429;84217;-;222.2	95;90645;93284;-;224.7	79;77477;80485;-;291.0	102;95376;96794;-;95.5	95;90645;93284;-;110.1	104;97545;98123;-;83.6	87;86055;86663;-;57.7	86;84214;86058;-;213.1	75;72634;75201;-;353.2	98;93732;94310;-;36.8	75;72634;75201;-;66.1	A	9/9	contiguous	24911	1	1	76770..77471-;233;unnamed;0
NC_021501.1	MPF_F	IncFIB(pB171);IncFII(Yp);IncFII(pAR0022)	126	0	0	GA	0															not_admitted	not_admitted	not_admitted	not_admitted	not_admitted	not_admitted	not_admitted	not_admitted	not_admitted	not_admitted	1	86;82457;83449;-;369.4	78;76374;77744;-;376.7	82;78961;79710;-;218.2	89;84437;87067;-;285.5	77;73552;76374;-;336.5	95;89095;90489;-;89.4	89;84437;87067;-;98.6	97;91206;91772;-;169.9	85;81811;82440;-;66.9	84;79961;81814;-;260.5	73;69970;72216;-;384.7	94;88534;89073;-;67.5	73;69970;72216;-;63.8	A	9/9	contiguous	21236	1	1	73261..73530-;89;TraS;0
NC_021502.1	MPF_F	IncFIA(HI1);IncFII(K);IncL	200	0	0	GA	0															not_admitted	not_admitted	not_admitted	not_admitted	not_admitted	not_admitted	not_admitted	not_admitted	not_admitted	not_admitted	1	132;112880;113869;+;366.6	142;119416;120783;+;384.0	138;117406;118158;+;233.7	128;108798;111437;+;258.5	143;120783;123632;+;346.4	122;104494;105399;+;90.6	128;108798;111437;+;84.0	119;102683;103249;+;169.3	133;113882;114520;+;67.0	134;114579;116534;+;259.7	147;126094;128406;+;393.1	123;105472;106056;+;54.4	147;126094;128406;+;66.6	A	9/9	contiguous	23411	1	1	123635..124168+;177;unnamed;0
NC_021506.1	MPF_F	-	221	0	0	GA	0															not_admitted	not_admitted	not_admitted	not_admitted	not_admitted	not_admitted	not_admitted	not_admitted	not_admitted	not_admitted	1	167;150480;151532;+;324.9	176;156849;158249;+;305.2	175;155827;156852;+;233.6	164;146224;148689;+;310.5	177;158261;161476;+;371.4	154;132632;133897;+;129.9	164;146224;148689;+;129.9	152;130705;131343;+;88.5	166;149255;150493;+;71.7	131;109251;111872;+;124.9	147;126708;128537;+;38.4	155;133908;134408;+;93.4	147;126708;128537;+;55.1	A	9/9	contiguous	49010	0	1	
NC_021516.1	MPF_T	rep38	32	0	0	GA	1				25;21939;23954;-;24.6									19;16360;17913;-;464.2		none	none	D	2/7	uncallable	0	0	unscoreable	5	0	0														not_admitted	not_admitted	not_admitted	not_admitted	not_admitted	not_admitted	not_admitted
NC_021594.1	MPF_F	-	88	0	0	GA	0															not_admitted	not_admitted	not_admitted	not_admitted	not_admitted	not_admitted	not_admitted	not_admitted	not_admitted	not_admitted	1	45;31873;32868;+;358.2	54;38412;39791;+;373.6	48;35503;36288;+;216.3	42;28225;30843;+;213.0	55;39793;42666;+;253.2	37;25348;26742;+;85.9	42;28225;30843;+;113.1	35;23991;24566;+;107.8	46;32880;33485;+;73.7	47;33482;35506;+;225.2	58;44434;46794;+;369.0	41;27653;28222;+;44.6	58;44434;46794;+;63.6	A	9/9	contiguous	20443	1	1	42669..43550+;293;unnamed;0
NC_021622.1	MPF_T	IncN	73	0	0	GA	1	33;26122;26856;+;32.5		36;27499;27816;+;63.3	37;27816;30416;+;113.8	37;27816;30416;+;76.4	38;30434;31147;+;105.5	40;31398;32438;+;142.4		41;32657;33355;+;131.9	42;33366;34250;+;159.7	43;34250;35410;+;156.3	44;35452;36447;+;81.2	1;746;2275;+;38.5		pfam	both	A	7/7	canonical	1	0	unscoreable	3	0	0														not_admitted	not_admitted	not_admitted	not_admitted	not_admitted	not_admitted	not_admitted
NC_021654.1	MPF_F	IncFIB(K);IncFII(K)	273	0	0	GA	0															not_admitted	not_admitted	not_admitted	not_admitted	not_admitted	not_admitted	not_admitted	not_admitted	not_admitted	not_admitted	1	14;9891;10883;+;366.6	24;16334;17704;+;381.2	20;14380;15132;+;232.4	11;6226;8865;+;258.7	25;17704;20553;+;344.2	2;987;2411;+;89.2	11;6226;8865;+;88.8	0;81;260;+;38.8	15;10896;11534;+;67.0	16;11531;13537;+;259.0	29;22367;24676;+;393.2	4;3023;3592;+;49.7	29;22367;24676;+;65.8	A	9/9	contiguous	22286	1	1	20556..21086+;176;unnamed;0
NC_021660.2	MPF_T	IncN	63	0	0	GA	1	52;47240;47977;-;32.0		49;46279;46596;-;63.3	48;43679;46279;-;111.8	48;43679;46279;-;76.4	47;42948;43661;-;105.5	45;41657;42697;-;142.4		44;40740;41438;-;131.9	43;39845;40729;-;159.7	42;38685;39845;-;156.3	41;37648;38643;-;81.2	26;20101;21630;+;38.5		pfam	both	A	7/7	canonical	1	0	unscoreable	3	0	0														not_admitted	not_admitted	not_admitted	not_admitted	not_admitted	not_admitted	not_admitted
NC_021664.2	MPF_T	IncN	63	0	0	GA	1	52;45716;46453;-;32.0		49;44755;45072;-;63.3	48;42155;44755;-;111.8	48;42155;44755;-;76.4	47;41424;42137;-;105.5	45;40133;41173;-;142.4		44;39216;39914;-;131.9	43;38321;39205;-;159.7	42;37161;38321;-;156.3	41;36124;37119;-;81.2	25;18316;19845;+;38.5		pfam	both	A	7/7	canonical	1	0	unscoreable	3	0	0														not_admitted	not_admitted	not_admitted	not_admitted	not_admitted	not_admitted	not_admitted
NC_021667.1	MPF_F	IncC	208	0	0	GA	0															not_admitted	not_admitted	not_admitted	not_admitted	not_admitted	not_admitted	not_admitted	not_admitted	not_admitted	not_admitted	1	129;105257;106264;+;332.9	17;16725;18158;+;339.2	16;15695;16723;+;221.7	124;100058;102505;+;354.2	18;18171;21785;+;375.3	115;86747;88063;+;135.0	124;100058;102505;+;128.6	113;85223;85849;+;92.2	127;103327;104592;+;67.6	130;106380;109175;+;145.3	104;79548;81413;+;47.4	116;88060;88638;+;100.2	104;79548;81413;+;52.0	A	9/9	split_2	90685	0	1	
NC_021727.1	MPF_F	-	93	0	0	GA	0															not_admitted	not_admitted	not_admitted	not_admitted	not_admitted	not_admitted	not_admitted	not_admitted	not_admitted	not_admitted	1	48;36689;37732;-;370.9	44;31028;32467;-;314.2	45;32492;33319;-;215.3	52;39330;42032;-;185.5	43;27967;31017;-;169.1	55;43418;44740;-;105.9	52;39330;42032;-;96.1	57;45456;46034;-;98.6	47;35966;36673;-;101.8	46;33294;35969;-;107.1	79;59551;61683;-;383.2	53;42049;42681;-;43.4	79;59551;61683;-;91.0	A	9/9	contiguous	31584	1	1	27383..27952-;189;unnamed;0
NC_021731.1	MPF_F	-	93	0	0	GA	0															not_admitted	not_admitted	not_admitted	not_admitted	not_admitted	not_admitted	not_admitted	not_admitted	not_admitted	not_admitted	1	48;36689;37732;-;370.9	44;31028;32467;-;314.2	45;32492;33319;-;215.3	52;39330;42032;-;185.5	43;27967;31017;-;169.1	55;43418;44740;-;105.9	52;39330;42032;-;96.1	57;45456;46034;-;98.6	47;35966;36673;-;101.8	46;33294;35969;-;107.1	79;59549;61681;-;383.2	53;42049;42681;-;43.4	79;59549;61681;-;91.0	A	9/9	contiguous	31582	1	1	27383..27952-;189;unnamed;0
NC_021815.1	MPF_F	IncC	243	0	0	GA	0															not_admitted	not_admitted	not_admitted	not_admitted	not_admitted	not_admitted	not_admitted	not_admitted	not_admitted	not_admitted	1	115;85826;86833;+;332.9	230;208614;210047;+;339.2	229;207584;208612;+;221.7	110;80627;83074;+;355.4	231;210060;213674;+;373.6	105;71800;73116;+;135.0	110;80627;83074;+;128.6	103;70276;70902;+;92.1	113;83896;85161;+;67.6	116;86949;89744;+;145.3	94;64601;66466;+;47.4	106;73113;73691;+;100.2	94;64601;66466;+;52.0	A	9/9	split_2	145459	0	1	
NC_021817.1	MPF_F	IncFII(S);IncFII(pAR0022)	86	0	0	GA	0															not_admitted	not_admitted	not_admitted	not_admitted	not_admitted	not_admitted	not_admitted	not_admitted	not_admitted	not_admitted	1	22;24655;25650;-;357.2	16;19045;20406;-;334.4	18;21039;21818;-;196.8	25;26743;29334;-;219.6	15;16146;19043;-;292.8	29;30768;32129;-;81.6	25;26743;29334;-;87.7	31;32846;33409;-;145.5	20;23665;24279;-;79.9	19;21815;23668;-;258.1	12;12276;14567;-;375.5	26;29345;29959;-;49.5	12;12276;14567;-;59.1	A	9/9	contiguous	20570	1	1	15574..16134-;186;unnamed;0
NC_021842.2	MPF_T	IncX1	39	0	0	GA	1	35;34442;35089;-;45.2	34;34168;34464;-;77.5	33;31396;34149;-;46.6	33;31396;34149;-;148.1	33;31396;34149;-;75.3	32;30636;31385;-;66.6	30;29264;30325;-;134.6		29;28306;29019;-;120.0	28;27372;28301;-;133.8	27;26170;27375;-;134.4	26;25137;26168;-;76.5	25;23299;25134;-;488.6		pfam	pfam_only	A	7/7	canonical	1	1	unscoreable	1	0	0														not_admitted	not_admitted	not_admitted	not_admitted	not_admitted	not_admitted	not_admitted
NC_021845.1	MPF_F	IncHI2;IncHI2A	172	0	0	GA	0															not_admitted	not_admitted	not_admitted	not_admitted	not_admitted	not_admitted	not_admitted	not_admitted	not_admitted	not_admitted	1	14;17556;18614;-;277.0	153;145567;146982;+;194.1	152;144531;145577;+;174.1	30;38418;41099;-;168.0	154;146991;150941;+;101.6	64;71820;72980;-;156.3	30;38418;41099;-;72.2	37;46508;47296;-;75.8	16;18756;20267;-;62.5	13;14349;17537;-;58.3	146;135405;137489;-;56.7	31;41108;42058;-;45.8	146;135405;137489;-;38.8	A	9/9	split_3	132642	0	1	
NC_021871.1	MPF_F	IncFIB(pB171);IncFII(Cf)	101	0	0	GA	0															not_admitted	not_admitted	not_admitted	not_admitted	not_admitted	not_admitted	not_admitted	not_admitted	not_admitted	not_admitted	1	20;22609;23610;-;355.1	14;17021;18382;-;331.6	16;19017;19796;-;195.7	23;24672;27263;-;218.3	13;14122;17019;-;292.8	30;29524;30885;-;81.6	23;24672;27263;-;87.7	32;31602;32165;-;146.7	18;21619;22233;-;79.7	17;19793;21622;-;256.3	10;10237;12486;-;376.3	24;27274;27873;-;49.3	10;10237;12486;-;67.3	A	9/9	contiguous	21365	1	1	13550..14110-;186;unnamed;0
NC_021909.1	MPF_T	-	602	0	0	GA	1	25;25468;26640;+;73.6	22;22267;22638;+;51.2	23;22641;22967;+;49.4	24;22971;25490;+;140.5	24;22971;25490;+;94.2		28;27666;28739;+;81.5		29;28794;29528;+;112.9	30;29525;30358;+;184.6	31;30368;31705;+;192.4	32;31702;32751;+;129.3	33;32720;35524;+;228.2		none	none	A	7/7	canonical	0	0	unscoreable	2	0	0														not_admitted	not_admitted	not_admitted	not_admitted	not_admitted	not_admitted	not_admitted
NC_021910.1	MPF_T	-	261	0	0	GA	1		255;263447;263830;-;74.0	254;263155;263454;-;64.5	253;260689;263145;-;178.4	253;260689;263145;-;122.9	252;259914;260717;-;41.5	250;258548;259723;-;114.6		249;257861;258523;-;134.6	248;257031;257843;-;191.6	246;255278;256573;-;217.2	256;263820;264797;-;133.6	234;243219;245192;-;555.0		conjscan	conjscan_only	A	7/7	canonical	1	0	unscoreable	3	0	0														not_admitted	not_admitted	not_admitted	not_admitted	not_admitted	not_admitted	not_admitted
NC_021911.1	MPF_T	-	1033	0	0	GA	1		773;824217;824516;+;90.7	774;824522;824863;+;100.8	775;824860;827214;+;171.1	775;824860;827214;+;110.6	776;827211;827912;+;198.9	778;828145;829077;+;169.3		780;829398;830069;+;208.1	781;830066;830923;+;183.6	782;830932;832107;+;177.1	783;832116;833147;+;111.7	794;839163;841082;-;323.9		pfam	both	A	7/7	canonical	1	0	unscoreable	12	0	0														not_admitted	not_admitted	not_admitted	not_admitted	not_admitted	not_admitted	not_admitted
NC_021918.1	MPF_T	-	52	0	0	GA	1		6;5336;5761;+;64.5	7;5764;6075;+;48.8	8;6072;8612;+;106.8	8;6072;8612;+;117.2	13;12282;13049;+;119.9	15;13298;15154;+;146.1		9;8612;9394;+;152.5	10;9412;10317;+;180.6	12;10839;12263;+;227.4	5;4350;5309;+;128.2	34;27590;29497;-;508.9		conjscan	both	A	7/7	canonical	1	0	unscoreable	3	0	0														not_admitted	not_admitted	not_admitted	not_admitted	not_admitted	not_admitted	not_admitted
NC_022050.1	MPF_T	-	212	0	0	GA	1	38;35103;36248;+;78.7	34;31925;32212;+;68.3	35;32225;32503;+;86.9	36;32493;34889;+;98.1	36;32493;34889;+;39.3	39;36245;37015;+;66.2	46;41140;42165;+;123.8		40;37012;37677;+;127.6	41;37674;38399;+;166.7	42;38396;39616;+;111.4	44;39708;40712;+;107.1	65;61189;63138;-;278.9		pfam	both	A	7/7	canonical	1	0	unscoreable	3	0	0														not_admitted	not_admitted	not_admitted	not_admitted	not_admitted	not_admitted	not_admitted
NC_022105.1	MPF_T	IncX4	50	0	0	GA	1	31;24287;24907;-;41.6	30;23947;24273;-;64.4	29;21181;23928;-;63.8	29;21181;23928;-;151.8	29;21181;23928;-;46.1	28;20453;21169;-;94.2	27;19347;20441;-;150.1		25;18146;18832;-;169.0	24;17241;18149;-;142.4	23;16130;17248;-;163.9	22;15100;16128;-;85.0	21;13251;15068;-;316.5		pfam	pfam_only	A	7/7	canonical	1	1	unscoreable	1	0	0														not_admitted	not_admitted	not_admitted	not_admitted	not_admitted	not_admitted	not_admitted
NC_022114.1	MPF_T	rep38	28	0	0	GA	1				12;8053;10068;+;24.6									18;14510;16051;+;461.8		none	none	D	2/7	uncallable	0	0	unscoreable	5	0	0														not_admitted	not_admitted	not_admitted	not_admitted	not_admitted	not_admitted	not_admitted
NC_022235.1	MPF_F	-	141	0	0	GA	0															not_admitted	not_admitted	not_admitted	not_admitted	not_admitted	not_admitted	not_admitted	not_admitted	not_admitted	not_admitted	1	19;15576;16598;+;418.3	23;20347;21825;+;377.4	22;19532;20347;+;231.7	13;10598;13204;+;415.4	24;21839;24880;+;341.5	10;7168;8547;+;100.9	13;10598;13204;+;90.0	8;5802;6374;+;195.7	20;16613;17383;+;115.7	21;17386;19521;+;286.1	33;30438;32789;-;540.1		33;30438;32789;-;67.6	B	8/9	contiguous	24636	0	1	
NC_022271.1	MPF_T	-	100	0	0	GA	1	49;42835;43437;-;35.4			46;39836;42166;-;75.8	46;39836;42166;-;51.4	45;39168;39833;-;60.2	43;37962;38912;-;109.1		41;36983;37738;-;142.9	40;36219;36986;-;174.1	39;35033;36226;-;147.6	37;33666;34682;-;97.4	36;31884;33662;-;308.1		pfam	pfam_only	A	7/7	canonical	1	0	unscoreable	5	0	0														not_admitted	not_admitted	not_admitted	not_admitted	not_admitted	not_admitted	not_admitted
NC_022333.1	MPF_F	IncFII(pCoo)	204	0	0	GA	0															not_admitted	not_admitted	not_admitted	not_admitted	not_admitted	not_admitted	not_admitted	not_admitted	not_admitted	not_admitted	1	16;21639;22625;-;355.4	10;16045;17406;-;343.5	12;18038;18817;-;193.9	19;23718;26309;-;215.2	9;13161;16043;-;289.0	24;27898;29262;-;82.6	19;23718;26309;-;88.2	26;29979;30542;-;136.5	14;20649;21263;-;82.6	13;18814;20652;-;259.4	6;9296;11527;-;371.9	20;26320;26919;-;46.6	6;9296;11527;-;68.9	A	9/9	contiguous	20683	1	1	12576..13151-;191;unnamed;0
NC_022354.1	MPF_T	-	52	0	0	GA	1		34;30419;30682;-;56.2	33;27638;30406;-;75.1	33;27638;30406;-;176.0	33;27638;30406;-;86.5	28;24782;25771;-;84.3	27;23790;24785;-;116.9		25;22987;23646;-;177.9	24;22100;22990;-;162.9	23;20909;22090;-;165.3	22;19921;20928;-;94.4	21;18109;19920;-;344.8		pfam	pfam_only	A	7/7	canonical	1	1	unscoreable	5	0	0														not_admitted	not_admitted	not_admitted	not_admitted	not_admitted	not_admitted	not_admitted
NC_022355.1	MPF_T	-	70	0	0	GA	1		32;22215;22478;+;56.2	33;22491;25259;+;75.1	33;22491;25259;+;175.8	33;22491;25259;+;86.5	38;27126;28115;+;84.3	39;28112;29107;+;116.9		41;29251;29910;+;178.1	42;29907;30803;+;162.0	43;30813;31991;+;164.3	44;31972;32991;+;94.4	46;33788;35599;+;344.8		pfam	pfam_only	A	7/7	canonical	1	1	unscoreable	6	0	0														not_admitted	not_admitted	not_admitted	not_admitted	not_admitted	not_admitted	not_admitted
NC_022372.1	MPF_F	IncFIB(AP001918)	147	0	0	GA	0															not_admitted	not_admitted	not_admitted	not_admitted	not_admitted	not_admitted	not_admitted	not_admitted	not_admitted	not_admitted	1		104;84620;86053;+;339.2	103;83590;84618;+;221.7	76;59422;60447;+;225.8	105;86066;89680;+;375.3	67;46111;47427;+;135.0		65;44587;45213;+;92.1			56;38912;40777;+;47.4	68;47424;48002;+;100.2	56;38912;40777;+;52.0	C	6/9	split_2	47154	0	0	
NC_022374.1	MPF_T	IncN	68	0	0	GA	1	26;20528;21262;+;32.5		29;21905;22222;+;63.3	30;22222;24822;+;113.8	30;22222;24822;+;76.4	31;24840;25553;+;105.5	33;25804;26844;+;142.4		34;27063;27761;+;131.9	35;27772;28656;+;159.7	36;28656;29816;+;156.3	37;29858;30853;+;81.2	45;39108;40637;-;38.5		pfam	both	A	7/7	canonical	1	0	unscoreable	10	0	0														not_admitted	not_admitted	not_admitted	not_admitted	not_admitted	not_admitted	not_admitted
NC_022375.2	MPF_T	IncN	75	0	0	GA	1	15;10964;11698;+;32.5		18;12341;12658;+;63.3	19;12658;15258;+;113.8	19;12658;15258;+;76.4	20;15276;15989;+;105.5	22;16240;17280;+;142.4		23;17499;18197;+;131.9	24;18208;19092;+;159.7	25;19092;20252;+;156.3	26;20295;21290;+;81.2	52;44134;45663;-;38.5		pfam	both	A	7/7	canonical	1	0	unscoreable	3	0	0														not_admitted	not_admitted	not_admitted	not_admitted	not_admitted	not_admitted	not_admitted
NC_022377.1	MPF_F	IncC	167	0	0	GA	0															not_admitted	not_admitted	not_admitted	not_admitted	not_admitted	not_admitted	not_admitted	not_admitted	not_admitted	not_admitted	1	92;69724;70731;+;332.9	156;124379;125812;+;339.2	155;123349;124377;+;221.7	87;64525;66972;+;354.5	157;125825;129439;+;375.3	82;55653;56969;+;135.0	87;64525;66972;+;128.3	80;54129;54755;+;92.7	90;67794;69059;+;67.9	93;70847;73645;+;145.3	71;48453;50318;+;47.3	83;56966;57544;+;100.2	71;48453;50318;+;52.0	A	9/9	split_2	77372	0	1	
NC_022437.1	MPF_T	-	52	0	0	GA	1	32;25089;25613;+;22.3			18;10278;12689;+;57.2		19;12700;13377;+;63.8	21;13762;14700;+;140.7		33;25698;26486;+;117.6	34;26479;27276;+;144.0	35;27260;28555;+;128.5	26;19089;20615;+;224.8	41;31563;33095;+;243.6		pfam	pfam_only	A	7/7	canonical	1	0	unscoreable	13	0	0														not_admitted	not_admitted	not_admitted	not_admitted	not_admitted	not_admitted	not_admitted
NC_022520.1	MPF_T	IncI2(Delta)	96	0	0	GA	1	43;30866;31348;-;81.1		57;46925;47209;-;36.5	56;44562;46919;-;59.8	56;44562;46919;-;45.0	68;52772;53419;-;41.6	69;53425;54411;-;120.4		55;43664;44398;-;144.3	54;42897;43667;-;170.6	53;41768;42907;-;154.7	46;33117;34655;-;207.1	51;38720;40678;-;287.0		pfam	pfam_only	A	7/7	rearranged	1	0	unscoreable	15	0	0														not_admitted	not_admitted	not_admitted	not_admitted	not_admitted	not_admitted	not_admitted
NC_022522.2	MPF_F	IncC;IncQ1	210	0	0	GA	0															not_admitted	not_admitted	not_admitted	not_admitted	not_admitted	not_admitted	not_admitted	not_admitted	not_admitted	not_admitted	1	96;68752;69759;+;332.9	200;157513;158946;+;339.2	199;156483;157511;+;221.7	91;63553;66000;+;354.5	201;158959;162573;+;375.3	86;54681;55997;+;135.0	91;63553;66000;+;128.3	84;53157;53783;+;92.7	94;66822;68087;+;67.9	97;69875;72673;+;145.3	75;47482;49347;+;47.3	87;55994;56572;+;100.2	75;47482;49347;+;52.0	A	9/9	split_2	111477	0	1	
NC_022536.1	MPF_T	-	606	0	0	GA	1	147;128453;129625;+;72.7	144;125270;125623;+;52.7	145;125626;125952;+;48.7	146;125956;128475;+;139.3	146;125956;128475;+;94.3		150;130655;131728;+;88.9		151;131834;132568;+;117.0	152;132565;133398;+;178.4	153;133407;134729;+;189.9	154;134726;135775;+;126.0	155;135744;138536;+;222.8		none	none	A	7/7	canonical	0	0	unscoreable	2	0	0														not_admitted	not_admitted	not_admitted	not_admitted	not_admitted	not_admitted	not_admitted
NC_022589.1	MPF_F	-	133	0	0	GA	0															not_admitted	not_admitted	not_admitted	not_admitted	not_admitted	not_admitted	not_admitted	not_admitted	not_admitted	not_admitted	1	15;19528;20583;-;268.1	3;6511;7920;-;229.2	4;7936;8967;-;214.5	19;22576;25062;-;211.5	2;3258;6491;-;215.1	22;26486;27778;-;117.6	19;22576;25062;-;113.8	24;28776;29429;-;91.1	16;20583;21803;-;45.7	0;16;2787;-;119.2	30;31909;33822;-;20.5	21;25957;26469;-;68.8	30;31909;33822;-;24.6	A	9/9	contiguous	31893	0	1	
NC_022609.1	MPF_F	IncFIB(pQil);IncFII(K)	155	0	0	GA	0															not_admitted	not_admitted	not_admitted	not_admitted	not_admitted	not_admitted	not_admitted	not_admitted	not_admitted	not_admitted	1	84;69763;70755;+;362.9	97;78273;79643;+;383.8	93;76319;77071;+;233.7	81;66098;68737;+;258.5	98;79643;82516;+;347.6	73;62194;62904;+;75.5	81;66098;68737;+;88.7	70;60188;60754;+;168.9	88;72786;73433;+;66.0	89;73492;75447;+;259.7	101;84069;86378;+;392.7	74;63018;63602;+;54.4	101;84069;86378;+;66.6	A	9/9	contiguous	23881	1	1	82527..83060+;177;unnamed;0
NC_022650.1	MPF_T	-	79	0	0	GA	1		36;24491;24874;+;68.7	37;24877;25203;+;50.6	38;25200;27743;+;96.2	38;25200;27743;+;106.9	43;31219;31989;+;100.7	44;32129;33733;+;119.3		39;27740;28447;+;92.3	40;28463;29353;+;152.4	42;29812;31206;+;220.3	35;23421;24377;+;135.2	78;54638;55879;-;320.7		conjscan	conjscan_only	A	7/7	canonical	1	0	unscoreable	2	0	0														not_admitted	not_admitted	not_admitted	not_admitted	not_admitted	not_admitted	not_admitted
NC_022651.1	MPF_F	IncFIA;IncFII	129	0	0	GA	0															not_admitted	not_admitted	not_admitted	not_admitted	not_admitted	not_admitted	not_admitted	not_admitted	not_admitted	not_admitted	1	63;55206;56198;-;369.5	52;48635;49471;-;286.6	58;51399;52142;-;234.4	66;57207;59834;-;300.9		72;61987;63414;-;93.9	66;57207;59834;-;101.1	74;64129;64695;-;182.7	61;54224;54862;-;70.7	60;52419;54227;-;267.1	66;57207;59834;-;20.8	68;60350;60865;-;76.0		B	8/9	contiguous	15494	0	1	
NC_022652.1	MPF_F	IncC	182	0	0	GA	0															not_admitted	not_admitted	not_admitted	not_admitted	not_admitted	not_admitted	not_admitted	not_admitted	not_admitted	not_admitted	1	81;63132;64139;+;332.9	170;140613;142046;+;339.2	169;139583;140611;+;221.7	76;57933;60380;+;354.2	171;142059;145673;+;375.3	71;49106;50422;+;135.0	76;57933;60380;+;128.6	69;47582;48208;+;92.1	79;61202;62467;+;67.6	82;64255;67050;+;145.3	60;41907;43772;+;47.4	72;50419;50997;+;100.2	60;41907;43772;+;52.0	A	9/9	split_2	100152	0	1	
NC_022656.1	MPF_T	-	33	0	0	GA	1	17;14681;15226;+;54.1	5;3937;4233;+;64.2	6;4233;4520;+;45.0	7;4524;6989;+;93.0	7;4524;6989;+;88.9	10;8841;9635;+;59.3	12;9903;11123;+;54.7		13;11143;11838;+;121.0	14;11849;13003;+;162.5	16;13447;14688;+;214.7	4;2989;3927;+;133.2	22;18027;19850;+;322.9		conjscan	both	A	7/7	canonical	1	0	unscoreable	9	0	0														not_admitted	not_admitted	not_admitted	not_admitted	not_admitted	not_admitted	not_admitted
NC_022739.1	MPF_F	-	393	0	0	GA	0															not_admitted	not_admitted	not_admitted	not_admitted	not_admitted	not_admitted	not_admitted	not_admitted	not_admitted	not_admitted	1	345;265055;266092;+;309.9	368;287080;288531;+;263.4	367;286079;287080;+;228.3	364;282419;284866;+;162.0	369;288541;292737;+;228.9	361;280126;281328;+;119.4	364;282419;284866;+;110.0	359;278649;279281;+;109.1	346;266040;266771;+;100.8	378;300663;302255;+;237.6	355;274778;276538;-;33.2	362;281343;281951;+;79.0	355;274778;276538;-;25.1	A	9/9	contiguous	35608	0	1	
NC_022740.1	MPF_T	IncX3	58	0	0	GA	1	43;36616;37260;-;46.4	42;36342;36632;-;73.1	41;33564;36317;-;47.0	41;33564;36317;-;142.4	41;33564;36317;-;73.3	40;32784;33554;-;60.1	38;31450;32505;-;133.2		37;30527;31255;-;119.4	36;29592;30521;-;138.8	35;28381;29595;-;128.3	33;27151;28185;-;65.7	32;25313;27148;-;495.9		pfam	pfam_only	A	7/7	canonical	1	1	unscoreable	2	0	0														not_admitted	not_admitted	not_admitted	not_admitted	not_admitted	not_admitted	not_admitted
NC_022995.1	MPF_F	-	680	0	0	GA	0															not_admitted	not_admitted	not_admitted	not_admitted	not_admitted	not_admitted	not_admitted	not_admitted	not_admitted	not_admitted	1	582;484890;485987;+;288.2	633;535589;537076;+;225.6	632;534611;535570;+;231.6	629;530796;533264;+;146.2	634;537093;540380;+;200.5	626;528395;529663;+;115.3	629;530796;533264;+;128.2	624;526538;527530;+;97.7	583;486019;486729;+;108.4	645;547893;549593;+;198.9	620;522396;524153;-;35.6	627;529679;530341;+;72.3	620;522396;524153;-;45.1	A	9/9	split_2	63003	0	1	
NC_023026.1	MPF_T	-	57	0	0	GA	1		3;1967;2320;+;43.2	4;2321;2653;+;25.5	5;2659;5148;+;50.4	5;2659;5148;+;58.8		7;5879;7210;+;47.0		9;7677;8462;+;66.5	10;8473;9576;+;119.1	11;9586;11940;+;191.0	2;981;1952;+;111.3	16;13718;16063;+;129.2		none	none	A	7/7	canonical	0	0	unscoreable	6	0	0														not_admitted	not_admitted	not_admitted	not_admitted	not_admitted	not_admitted	not_admitted
NC_023141.1	MPF_T	-	82	0	0	GA	1	74;70859;71974;-;69.9	77;74862;75167;-;88.3	76;72146;74800;-;58.8	76;72146;74800;-;90.0	76;72146;74800;-;36.2	73;70050;70862;-;71.6	71;68542;69546;-;96.1		70;67855;68508;-;173.2	69;67108;67848;-;143.9	68;65693;67105;-;181.9	67;64701;65693;-;110.6	62;58147;60156;+;230.1		pfam	both	A	7/7	canonical	1	1	unscoreable	6	0	0														not_admitted	not_admitted	not_admitted	not_admitted	not_admitted	not_admitted	not_admitted
NC_023148.1	MPF_T	-	147	0	0	GA	1	49;49841;50995;-;74.9	53;53785;54078;-;75.2	52;53514;53834;-;85.9	51;51149;53524;-;84.3	51;51149;53524;-;47.3	48;49032;49844;-;67.3	41;43603;44679;-;124.8		47;48361;49014;-;168.1	46;47660;48358;-;163.6	45;46284;47663;-;179.9	44;45293;46279;-;104.7	33;36786;38789;+;286.8		pfam	both	A	7/7	canonical	1	0	unscoreable	10	0	0														not_admitted	not_admitted	not_admitted	not_admitted	not_admitted	not_admitted	not_admitted
NC_023274.1	MPF_T	-	49	0	0	GA	1	32;22412;23041;-;56.5	45;36137;36460;-;50.2	44;35741;36109;-;79.5	43;33309;35744;-;153.9	43;33309;35744;-;105.6	42;32581;33312;-;141.9	40;31420;32370;-;149.5		38;30209;31102;-;89.1	37;29397;30206;-;146.6	36;28186;29400;-;123.3	35;27143;28189;-;87.2	34;25223;27133;-;329.8		pfam	both	A	7/7	canonical	1	0	unscoreable	3	0	0														not_admitted	not_admitted	not_admitted	not_admitted	not_admitted	not_admitted	not_admitted
NC_023277.2	MPF_F	IncFIA(HI1);IncHI1A;IncHI1B(R27);IncQ1;IncX1;IncX3	319	1	1	GA	1	156;136268;136915;+;45.2	157;136893;137189;+;77.5	158;137208;137798;+;50.4	159;137807;139960;+;148.6	158;137208;137798;+;44.5	160;139971;140729;+;67.3	162;141026;142156;+;103.0		163;142402;143115;+;120.0	164;143120;144049;+;134.9	165;144046;145251;+;133.4	166;145253;146284;+;77.9	167;146287;148122;+;488.6	17;17679;20855;+;58.9	pfam	pfam_only	A	7/7	canonical	1	0	unscoreable	1	0	1	16;16604;17656;+;277.6	231;210301;211716;-;201.7	232;211706;212752;-;171.3	318;282290;284971;+;160.9	230;206303;210292;-;103.1	165;144046;145251;+;133.4	318;282290;284971;+;76.5	311;276132;276917;+;68.7	14;14951;16459;+;65.6	17;17679;20855;+;58.9	167;146287;148122;+;57.5	317;281331;282281;+;45.2	167;146287;148122;+;84.8	A	9/9	split_4	267339	0	1	
NC_023289.2	MPF_F	IncFIA(HI1);IncHI1A;IncHI1B(R27);IncQ1	260	0	0	GA	0															not_admitted	not_admitted	not_admitted	not_admitted	not_admitted	not_admitted	not_admitted	not_admitted	not_admitted	not_admitted	1	16;16656;17708;+;277.6	172;161836;163251;-;201.7	173;163241;164287;-;171.3	259;233825;236506;+;160.9	171;157838;161827;-;103.1	255;230119;231477;+;84.0	259;233825;236506;+;76.5	252;227667;228452;+;68.7	14;15003;16511;+;65.6	17;17731;20907;+;58.9	179;171222;173306;+;50.2	258;232866;233816;+;45.2	179;171222;173306;+;36.5	A	9/9	split_3	218822	0	1	
NC_023291.1	MPF_F	IncC	149	0	0	GA	0															not_admitted	not_admitted	not_admitted	not_admitted	not_admitted	not_admitted	not_admitted	not_admitted	not_admitted	not_admitted	1	78;59358;60365;+;332.9	139;110152;111585;+;336.2	138;109122;110150;+;221.7	73;54159;56606;+;354.2	140;111598;115212;+;375.3	68;45287;46603;+;135.0	73;54159;56606;+;128.3	66;43763;44389;+;92.7	76;57428;58693;+;68.0	79;60481;63279;+;145.3	57;38088;39953;+;47.4	69;46600;47178;+;100.2	57;38088;39953;+;52.0	A	9/9	split_2	73510	0	1	
NC_023315.1	MPF_F	IncFII	96	0	0	GA	0															not_admitted	not_admitted	not_admitted	not_admitted	not_admitted	not_admitted	not_admitted	not_admitted	not_admitted	not_admitted	1	25;24612;25604;-;369.3	13;16911;18287;-;381.0	19;20152;20895;-;234.1	28;26613;29240;-;304.6	12;14092;16914;-;389.2	35;31391;32818;-;94.3	28;26613;29240;-;98.5	37;33533;34099;-;183.8	22;22977;23615;-;68.6	21;21172;22980;-;268.0	9;10360;12558;-;391.7	31;29755;30270;-;78.4	9;10360;12558;-;70.4	A	9/9	contiguous	23173	1	1	13574..14071-;165;TraS;0
NC_023322.1	MPF_T	-	52	0	0	GA	1	23;24675;25385;-;101.0	22;24371;24664;-;41.2		21;21648;24359;-;78.0	21;21648;24359;-;57.1	20;21010;21651;-;71.2	33;33220;34305;-;71.0		32;32432;33220;-;74.6	31;31680;32417;-;149.0	30;30299;31678;-;180.8	29;29246;30283;-;92.0	25;25649;27166;-;35.6		pfam	both	A	7/7	rearranged	1	0	unscoreable	3	0	0														not_admitted	not_admitted	not_admitted	not_admitted	not_admitted	not_admitted	not_admitted
NC_023323.1	MPF_T	IncX1	67	0	0	GA	1	50;45434;46147;-;32.6	48;44820;45113;-;28.7	47;44453;44770;-;63.3	46;41853;44453;-;111.8	46;41853;44453;-;76.8	45;41122;41835;-;97.1	43;39831;40871;-;153.6		42;38914;39612;-;131.9	41;38019;38903;-;159.0	40;36859;38019;-;154.9	39;35822;36817;-;81.2			pfam	both	B	6/7	canonical	1	0	unscoreable	2	0	0														not_admitted	not_admitted	not_admitted	not_admitted	not_admitted	not_admitted	not_admitted
NC_023331.1	MPF_T	-	55	0	0	GA	1	21;10385;11023;+;46.6	22;11010;11297;+;64.7	23;11316;14075;+;42.1	23;11316;14075;+;133.2	23;11316;14075;+;61.7	24;14132;14833;+;52.1	26;15112;16188;+;126.9		28;16315;17055;+;144.2	29;17060;17980;+;142.8	30;17977;19488;+;138.3	31;19490;20551;+;75.0	32;20553;22520;+;426.3		pfam	pfam_only	A	7/7	canonical	1	1	unscoreable	2	0	0														not_admitted	not_admitted	not_admitted	not_admitted	not_admitted	not_admitted	not_admitted
NC_023332.1	MPF_F	IncFIB(K);IncFII(K);IncFII(pAR0022)	240	0	0	GA	0															not_admitted	not_admitted	not_admitted	not_admitted	not_admitted	not_admitted	not_admitted	not_admitted	not_admitted	not_admitted	1	164;134724;135713;+;366.6	174;141260;142627;+;384.4	170;139250;140002;+;233.7	160;130628;133267;+;258.5	175;142627;145449;+;346.4	150;125300;126724;+;89.2	160;130628;133267;+;87.8	148;124007;124573;+;169.3	165;135726;136364;+;66.9	166;136423;138378;+;259.7	179;148067;150379;+;393.1	152;127336;127920;+;53.8	179;148067;150379;+;66.6	A	9/9	contiguous	24060	1	1	145473..146075+;200;TraS;0
NC_023333.1	MPF_F	IncFIB(K);IncFII(K);IncFII(pAR0022)	264	0	0	GA	0															not_admitted	not_admitted	not_admitted	not_admitted	not_admitted	not_admitted	not_admitted	not_admitted	not_admitted	not_admitted	1	157;135133;136122;+;366.6	167;141669;143036;+;384.1	163;139659;140411;+;233.7	153;131037;133676;+;258.5	168;143036;145858;+;346.4	143;125709;127133;+;89.5	153;131037;133676;+;88.7	141;124416;124982;+;167.0	158;136135;136773;+;66.9	159;136832;138787;+;259.4	172;148474;150783;+;393.1	145;127745;128329;+;53.8	172;148474;150783;+;66.6	A	9/9	contiguous	24058	1	1	145881..146483+;200;TraS;0
NC_023334.1	MPF_F	IncFIB(K);IncFII(K);IncFII(pAR0022)	224	0	0	GA	0															not_admitted	not_admitted	not_admitted	not_admitted	not_admitted	not_admitted	not_admitted	not_admitted	not_admitted	not_admitted	1	157;133891;134880;+;366.6	167;140427;141794;+;384.1	163;138417;139169;+;233.7	153;129795;132434;+;258.5	168;141794;144616;+;346.4	143;124467;125891;+;89.5	153;129795;132434;+;88.7	141;123174;123740;+;167.0	158;134893;135531;+;66.9	159;135590;137545;+;259.4	172;147232;149541;+;393.1	145;126503;127087;+;53.8	172;147232;149541;+;66.6	A	9/9	contiguous	24058	1	1	144639..145241+;200;TraS;0
NC_023898.1	MPF_F	IncC	205	0	0	GA	0															not_admitted	not_admitted	not_admitted	not_admitted	not_admitted	not_admitted	not_admitted	not_admitted	not_admitted	not_admitted	1	92;67976;68983;+;332.9	195;160515;161948;+;339.2	194;159485;160513;+;221.7	87;62777;65224;+;354.2	196;161961;165575;+;375.3	82;53950;55266;+;135.0	87;62777;65224;+;128.6	80;52426;53052;+;92.1	90;66046;67311;+;67.6	93;69099;71894;+;145.3	71;46751;48616;+;47.4	83;55263;55841;+;100.2	71;46751;48616;+;52.0	A	9/9	split_2	115210	0	1	
NC_023903.1	MPF_F	IncFIB(pQil);IncFII(K)	132	0	0	GA	0															not_admitted	not_admitted	not_admitted	not_admitted	not_admitted	not_admitted	not_admitted	not_admitted	not_admitted	not_admitted	1	113;91358;92347;+;366.0	123;97894;99261;+;380.7	119;95884;96636;+;233.7	109;87276;89915;+;258.5	124;99261;102110;+;345.6	101;82595;84019;+;88.8	109;87276;89915;+;88.7	99;81302;81868;+;169.3	114;92360;92998;+;67.0	115;93057;95012;+;259.7	128;104596;106908;+;392.7	102;84133;84717;+;55.4	128;104596;106908;+;66.5	A	9/9	contiguous	23294	1	1	102123..102671+;182;unnamed;0
NC_023904.1	MPF_F	IncFIB(pQil);IncFII(K)	132	0	0	GA	0															not_admitted	not_admitted	not_admitted	not_admitted	not_admitted	not_admitted	not_admitted	not_admitted	not_admitted	not_admitted	1	113;91340;92329;+;366.0	123;97876;99243;+;380.7	119;95866;96618;+;233.7	109;87258;89897;+;258.5	124;99243;102092;+;345.6	101;82577;84001;+;88.8	109;87258;89897;+;88.7	99;81284;81850;+;169.3	114;92342;92980;+;67.0	115;93039;94994;+;259.7	128;104578;106890;+;392.7	102;84115;84699;+;55.4	128;104578;106890;+;66.5	A	9/9	contiguous	23294	1	1	102105..102653+;182;unnamed;0
NC_023905.1	MPF_F	IncFIB(pQil);IncFII(K)	136	0	0	GA	0															not_admitted	not_admitted	not_admitted	not_admitted	not_admitted	not_admitted	not_admitted	not_admitted	not_admitted	not_admitted	1	117;93762;94754;+;366.6	127;100301;101668;+;380.7	123;98291;99043;+;233.7	114;90097;92736;+;258.7	128;101668;104517;+;343.9	105;84858;86282;+;89.2	114;90097;92736;+;88.8	103;83565;84131;+;167.0	118;94767;95405;+;67.0	119;95464;97419;+;259.7	132;107003;109315;+;392.7	107;86894;87463;+;49.7	132;107003;109315;+;66.5	A	9/9	contiguous	23438	1	1	104530..105078+;182;unnamed;0
NC_023906.1	MPF_F	IncFIB(pQil);IncFII(K)	132	0	0	GA	0															not_admitted	not_admitted	not_admitted	not_admitted	not_admitted	not_admitted	not_admitted	not_admitted	not_admitted	not_admitted	1	113;91358;92347;+;366.0	123;97894;99261;+;380.7	119;95884;96636;+;233.7	109;87276;89915;+;260.3	124;99261;102110;+;345.6	101;82595;84019;+;88.8	109;87276;89915;+;88.7	99;81302;81868;+;169.3	114;92360;92998;+;67.0	115;93057;95012;+;259.7	128;104596;106908;+;392.7	102;84133;84717;+;55.4	128;104596;106908;+;66.5	A	9/9	contiguous	23294	1	1	102123..102671+;182;unnamed;0
NC_023907.1	MPF_T	IncP1	91	0	0	GA	1		40;30502;30885;+;68.4	41;30888;31214;+;48.3	42;31211;33754;+;98.7	42;31211;33754;+;109.1	47;37230;38012;+;104.8	49;38224;39777;+;111.4		43;33751;34458;+;91.0	44;34474;35364;+;152.5	46;35823;37217;+;220.3	39;29432;30388;+;135.2	78;58001;59947;-;441.2		conjscan	conjscan_only	A	7/7	canonical	1	0	unscoreable	3	0	0														not_admitted	not_admitted	not_admitted	not_admitted	not_admitted	not_admitted	not_admitted
NC_023909.1	MPF_T	IncN	72	0	0	GA	1	29;24644;25378;+;32.5		32;26021;26338;+;63.3	33;26338;28938;+;113.8	33;26338;28938;+;76.4	34;28956;29669;+;105.5	36;29920;30960;+;142.4		37;31179;31877;+;131.9	38;31888;32772;+;159.7	39;32772;33932;+;156.3	40;33974;34969;+;81.2	49;42963;44492;-;38.5		pfam	both	A	7/7	canonical	1	0	unscoreable	11	0	0														not_admitted	not_admitted	not_admitted	not_admitted	not_admitted	not_admitted	not_admitted
NC_023910.1	MPF_T	IncN	67	0	0	GA	1	24;19832;20566;+;32.5		27;21209;21526;+;63.3	28;21526;24126;+;113.8	28;21526;24126;+;76.4	29;24144;24857;+;105.5	31;25108;26148;+;142.4		32;26367;27065;+;131.9	33;27076;27960;+;159.7	34;27960;29120;+;156.3	35;29162;30157;+;81.2	44;38151;39680;-;38.5		pfam	both	A	7/7	canonical	1	0	unscoreable	11	0	0														not_admitted	not_admitted	not_admitted	not_admitted	not_admitted	not_admitted	not_admitted
NC_023911.1	MPF_F	repFIB;repHI5B	317	0	0	GA	0															not_admitted	not_admitted	not_admitted	not_admitted	not_admitted	not_admitted	not_admitted	not_admitted	not_admitted	not_admitted	1	285;244070;245107;-;282.2	160;128749;130191;+;188.4	159;127755;128792;+;172.4	296;255976;258693;-;141.5	161;130166;134131;+;117.7	300;260816;262183;-;61.9	296;255976;258693;-;80.6	303;263838;264698;-;73.9	286;245104;246465;-;71.7	284;240879;244055;-;58.7	152;118400;120526;-;62.0	297;258742;259479;-;56.3	152;118400;120526;-;39.7	A	9/9	split_2	145438	0	1	
NC_023914.1	MPF_T	IncX3	68	0	0	GA	1	55;46039;46683;-;46.4	54;45765;46055;-;73.1	53;42987;45740;-;47.0	53;42987;45740;-;142.4	53;42987;45740;-;73.3	52;42207;42977;-;60.1	50;40873;41928;-;133.2		49;39950;40678;-;119.4	48;39015;39944;-;138.8	47;37804;39018;-;128.3	45;36574;37608;-;65.7	44;34736;36571;-;495.9		pfam	pfam_only	A	7/7	canonical	1	1	unscoreable	2	0	0														not_admitted	not_admitted	not_admitted	not_admitted	not_admitted	not_admitted	not_admitted
NC_024954.1	MPF_T	IncN2	52	0	0	GA	1	44;37278;38060;-;33.2	42;36735;37031;-;36.0	41;36378;36695;-;71.9	40;33804;36377;-;118.0	40;33804;36377;-;74.2	39;33087;33788;-;98.9	37;31781;32818;-;121.9		36;30867;31562;-;127.6	35;29969;30856;-;142.7	34;28830;29969;-;172.5	33;27778;28779;-;90.1	18;12141;13673;+;46.3		pfam	both	A	7/7	canonical	1	0	unscoreable	2	0	0														not_admitted	not_admitted	not_admitted	not_admitted	not_admitted	not_admitted	not_admitted
NC_024956.1	MPF_F	IncFII	96	0	0	GA	0															not_admitted	not_admitted	not_admitted	not_admitted	not_admitted	not_admitted	not_admitted	not_admitted	not_admitted	not_admitted	1	62;68235;69227;-;367.3	51;61175;62548;-;374.3	58;64763;65506;-;234.1	65;70236;72863;-;305.4	50;58362;61178;-;387.9	71;74918;76345;-;94.4	65;70236;72863;-;99.1	73;77060;77626;-;183.8	61;67588;68226;-;67.3	60;65783;67591;-;268.3	47;54646;56799;-;391.1	67;73379;73894;-;77.3	47;54646;56799;-;69.2	A	9/9	contiguous	22414	1	1	57808..58329-;173;unnamed;0
NC_024961.1	MPF_T	IncX1	51	0	0	GA	1	37;36444;37091;-;45.2	36;36170;36466;-;77.5	35;33398;36151;-;46.6	35;33398;36151;-;148.0	35;33398;36151;-;75.3	34;32638;33387;-;67.5	32;31266;32327;-;135.0		31;30308;31021;-;120.0	30;29374;30303;-;133.8	29;28172;29377;-;132.5	28;27139;28170;-;79.0	27;25301;27136;-;486.8		pfam	pfam_only	A	7/7	canonical	1	1	unscoreable	1	0	0														not_admitted	not_admitted	not_admitted	not_admitted	not_admitted	not_admitted	not_admitted
NC_024967.1	MPF_T	IncN	86	0	0	GA	1	24;21211;21945;-;32.5		21;20251;20568;-;63.3	20;17651;20251;-;113.8	20;17651;20251;-;76.4	19;16920;17633;-;105.5	17;15629;16669;-;142.4		16;14712;15410;-;131.9	15;13817;14701;-;159.7	14;12657;13817;-;156.3	13;11620;12615;-;81.2	63;57511;59040;-;38.5		pfam	both	A	7/7	canonical	1	0	unscoreable	3	0	0														not_admitted	not_admitted	not_admitted	not_admitted	not_admitted	not_admitted	not_admitted
NC_024974.1	MPF_T	IncN	53	0	0	GA	1	34;28733;29467;-;32.5	32;28140;28433;-;28.7	31;27773;28090;-;63.3	30;25172;27658;-;112.0	30;25172;27658;-;74.0	29;24441;25154;-;97.1	27;23150;24190;-;153.6		26;22233;22931;-;131.9	25;21338;22222;-;159.0	24;20178;21338;-;154.9	23;19141;20136;-;81.2	19;13043;14572;+;38.5		pfam	both	A	7/7	canonical	1	0	unscoreable	5	0	0														not_admitted	not_admitted	not_admitted	not_admitted	not_admitted	not_admitted	not_admitted
NC_024983.1	MPF_F	IncHI2;IncHI2A	344	0	0	GA	0															not_admitted	not_admitted	not_admitted	not_admitted	not_admitted	not_admitted	not_admitted	not_admitted	not_admitted	not_admitted	1	29;32275;33333;+;276.9	254;230819;232234;-;194.1	255;232224;233270;-;173.7	11;8955;11636;+;168.0	253;226860;230810;-;101.6	7;5270;6625;+;80.7	11;8955;11636;+;72.2	4;2758;3546;+;74.8	27;30622;32133;+;62.7	30;33352;36540;+;58.3	261;240311;242395;+;56.7	10;7996;8946;+;46.4	261;240311;242395;+;38.8	A	9/9	split_3	237553	0	1	
NC_024992.1	MPF_F	IncFIB(K);IncFII(K)	199	0	0	GA	0															not_admitted	not_admitted	not_admitted	not_admitted	not_admitted	not_admitted	not_admitted	not_admitted	not_admitted	not_admitted	1	162;136092;137084;+;366.6	172;142535;143905;+;381.2	168;140581;141333;+;232.4	159;132427;135066;+;258.7	173;143905;146754;+;344.2	150;127188;128612;+;89.2	159;132427;135066;+;88.8	148;125895;126461;+;167.0	163;137097;137735;+;67.0	164;137732;139738;+;259.0	177;148568;150880;+;393.2	152;129224;129793;+;49.7	177;148568;150880;+;65.8	A	9/9	contiguous	22673	1	1	146757..147287+;176;unnamed;0
NC_024998.1	MPF_T	IncP1	66	0	0	GA	1	36;33002;33637;-;23.5	47;43490;43954;-;63.5	46;43175;43486;-;49.8	45;40620;43178;-;91.0	45;40620;43178;-;112.1	40;36222;36986;-;122.3	38;34256;35974;-;143.0		44;39841;40623;-;145.8	43;38924;39823;-;186.5	41;37007;38428;-;223.3	48;43971;44933;-;127.6	17;12210;14123;+;525.1		conjscan	conjscan_only	A	7/7	canonical	1	0	unscoreable	4	0	0														not_admitted	not_admitted	not_admitted	not_admitted	not_admitted	not_admitted	not_admitted
NC_025000.1	MPF_T	-	56	0	0	GA	1	27;26381;27091;-;101.0	26;26077;26370;-;41.2		25;23354;26065;-;78.0	25;23354;26065;-;57.1	24;22716;23357;-;71.2	37;34926;36011;-;71.0		36;34138;34926;-;74.6	35;33386;34123;-;149.0	34;32005;33384;-;180.8	33;30952;31989;-;92.0	29;27355;28872;-;35.6		pfam	both	A	7/7	rearranged	1	0	unscoreable	3	0	0														not_admitted	not_admitted	not_admitted	not_admitted	not_admitted	not_admitted	not_admitted
NC_025019.1	MPF_T	IncN	81	0	0	GA	1	21;16002;16736;+;32.5		24;17379;17696;+;63.3	25;17696;20296;+;113.8	25;17696;20296;+;76.4	26;20314;21027;+;105.5	28;21278;22318;+;142.4		29;22537;23235;+;131.9	30;23246;24130;+;159.7	31;24130;25290;+;156.3	32;25332;26327;+;81.2	58;50284;51813;-;38.5		pfam	both	A	7/7	canonical	1	0	unscoreable	3	0	0														not_admitted	not_admitted	not_admitted	not_admitted	not_admitted	not_admitted	not_admitted
NC_025104.1	MPF_F	-	97	0	0	GA	0															not_admitted	not_admitted	not_admitted	not_admitted	not_admitted	not_admitted	not_admitted	not_admitted	not_admitted	not_admitted	1	84;54957;56000;+;369.2	89;59983;61410;+;327.1	87;58769;59581;+;219.1	80;50669;53395;+;164.6	90;61426;64428;+;208.7	76;47671;48987;+;102.7	80;50669;53395;+;108.4	74;46380;46958;+;83.7	85;56015;56722;+;107.6	86;56719;58776;+;91.0	52;30436;32595;+;381.3	79;50015;50659;+;41.9	52;30436;32595;+;90.0	A	9/9	contiguous	30990	1	1	64500..65018+;172;unnamed;0
NC_025109.2	MPF_F	-	115	0	0	GA	0															not_admitted	not_admitted	not_admitted	not_admitted	not_admitted	not_admitted	not_admitted	not_admitted	not_admitted	not_admitted	1	102;71198;72241;+;369.2	107;76220;77647;+;325.8	105;75010;75822;+;219.1	98;66910;69636;+;164.6	108;77663;80665;+;208.7	94;63912;65228;+;102.7	98;66910;69636;+;108.4	92;62621;63199;+;82.6	103;72256;72963;+;107.6	104;72960;75017;+;92.2	56;33090;35249;+;381.4	97;66256;66900;+;41.9	56;33090;35249;+;89.7	A	9/9	split_2	44573	1	1	80737..81255+;172;unnamed;0
NC_025111.1	MPF_F	-	97	0	0	GA	0															not_admitted	not_admitted	not_admitted	not_admitted	not_admitted	not_admitted	not_admitted	not_admitted	not_admitted	not_admitted	1	84;54959;56002;+;369.0	89;59985;61412;+;325.8	87;58771;59583;+;219.1	80;50671;53397;+;164.6	90;61428;64430;+;208.7	76;47673;48989;+;102.7	80;50671;53397;+;108.5	74;46382;46960;+;83.7	85;56017;56724;+;107.6	86;56721;58778;+;91.0	55;33513;35672;+;381.3	79;50017;50661;+;41.9	55;33513;35672;+;90.0	A	9/9	contiguous	27915	1	1	64502..65020+;172;unnamed;0
NC_025116.1	MPF_T	-	57	0	0	GA	1	41;34979;35689;-;101.0	40;34675;34968;-;41.2		39;31952;34663;-;78.0	39;31952;34663;-;57.1	38;31314;31955;-;71.2	51;43524;44609;-;71.0		50;42736;43524;-;74.6	49;41984;42721;-;149.0	48;40603;41982;-;180.8	47;39550;40587;-;92.0	43;35953;37470;-;35.6		pfam	both	A	7/7	rearranged	1	0	unscoreable	3	0	0														not_admitted	not_admitted	not_admitted	not_admitted	not_admitted	not_admitted	not_admitted
NC_025127.1	MPF_F	-	193	0	0	GA	0															not_admitted	not_admitted	not_admitted	not_admitted	not_admitted	not_admitted	not_admitted	not_admitted	not_admitted	not_admitted	1	73;63425;64432;+;329.4	159;133472;134911;+;325.0	158;132436;133470;+;208.0	68;58196;60646;+;315.0	160;134918;138559;+;345.7	62;48957;50306;+;124.9	68;58196;60646;+;134.6	60;47384;48013;+;86.9	71;61459;62727;+;65.4	74;64628;67408;+;142.3	54;43170;45038;+;44.9	63;50362;50853;+;85.4	54;43170;45038;+;48.3	A	9/9	split_2	91748	0	1	
NC_025130.1	MPF_T	IncX3	68	0	0	GA	1	24;15110;15754;+;46.4	25;15738;16028;+;73.1	26;16053;18806;+;47.0	26;16053;18806;+;142.4	26;16053;18806;+;73.3	27;18816;19586;+;60.1	29;19865;20920;+;133.2		31;21270;21842;+;110.5	32;21848;22777;+;138.8	33;22774;23988;+;128.3	35;24184;25218;+;65.7	36;25221;27056;+;495.9		pfam	pfam_only	A	7/7	canonical	1	1	unscoreable	3	0	0														not_admitted	not_admitted	not_admitted	not_admitted	not_admitted	not_admitted	not_admitted
NC_025131.1	MPF_F	IncFIA(pBK30683);IncFII(pBK30683)	164	0	0	GA	0															not_admitted	not_admitted	not_admitted	not_admitted	not_admitted	not_admitted	not_admitted	not_admitted	not_admitted	not_admitted	1	55;39306;40295;+;363.3	65;45842;47209;+;382.6	61;43832;44584;+;233.7	51;35210;37849;+;258.5	66;47209;50058;+;345.6	42;30530;31954;+;89.2	51;35210;37849;+;87.7	40;29237;29803;+;169.3	56;40308;40946;+;66.0	57;41005;42960;+;259.7	70;52544;54856;+;392.7	43;32068;32652;+;55.4	70;52544;54856;+;66.5	A	9/9	contiguous	23307	1	1	50071..50619+;182;unnamed;0
NC_025133.1	MPF_T	-	79	0	0	GA	1	36;32778;33452;-;28.9	35;32415;32756;-;76.3	34;32064;32390;-;73.2	33;29693;32077;-;164.5	33;29693;32077;-;109.9	32;28966;29679;-;126.8	30;27601;28617;-;124.5		28;26577;27260;-;156.3	27;25738;26580;-;176.3	26;24468;25736;-;175.3	25;23479;24471;-;102.1	24;21585;23501;-;356.1		pfam	both	A	7/7	canonical	1	0	unscoreable	2	0	0														not_admitted	not_admitted	not_admitted	not_admitted	not_admitted	not_admitted	not_admitted
NC_025139.1	MPF_F	IncFIB(AP001918);IncFII	157	0	0	GA	0															not_admitted	not_admitted	not_admitted	not_admitted	not_admitted	not_admitted	not_admitted	not_admitted	not_admitted	not_admitted	1	133;127758;128750;-;367.3	122;120698;122071;-;374.3	129;124286;125029;-;234.1	136;129759;132386;-;305.4	121;117885;120701;-;387.9	142;134441;135868;-;94.4	136;129759;132386;-;99.1	144;136583;137149;-;183.8	132;127111;127749;-;67.3	131;125306;127114;-;268.3	118;114169;116322;-;391.1	138;132902;133417;-;77.3	118;114169;116322;-;69.2	A	9/9	contiguous	22414	1	1	117331..117852-;173;unnamed;0
NC_025141.1	MPF_F	IncFII;IncN	167	1	1	GA	1	99;79335;79982;-;76.4	34;23248;23541;+;28.7	35;23591;23908;+;63.3	36;23908;26508;+;111.8	36;23908;26508;+;76.8	37;26526;27239;+;97.1	39;27490;28530;+;153.6		40;28749;29447;+;131.9	41;29458;30342;+;159.0	42;30342;31502;+;154.9	43;31544;32539;+;81.2	47;37108;38637;-;38.5	119;93701;95509;+;268.0	pfam	both	A	7/7	canonical	1	0	unscoreable	33	0	1	115;91077;92069;+;369.3	126;98119;99492;+;381.0	121;95786;96529;+;233.3	112;87441;90068;+;304.7	127;99489;102314;+;389.2	42;30342;31502;+;154.9	112;87441;90068;+;99.2	105;82581;83147;+;183.8	118;93066;93704;+;68.6	119;93701;95509;+;268.0	130;103818;106034;+;391.7	111;86410;86925;+;78.0	130;103818;106034;+;70.3	A	9/9	split_2	73476	1	1	102311..102820+;169;unnamed;0
NC_025152.1	-	-	82	0	0	GA	1	53;44542;44988;-;41.4	80;67371;67700;-;65.8	79;67046;67360;-;30.4	78;64591;67005;-;51.1	78;64591;67005;-;99.0	77;63836;64594;-;34.3	75;61574;62881;-;91.1		74;60870;61544;-;147.4	73;59989;60861;-;159.1	71;58318;59574;-;190.4	66;52558;54180;-;175.5			conjscan	conjscan_only	B	6/7	canonical	1	0	unscoreable	18	0	0														not_admitted	not_admitted	not_admitted	not_admitted	not_admitted	not_admitted	not_admitted
NC_025153.1	-	-	34	0	0	GA	1		17;11125;11388;+;37.1		19;11615;13906;+;107.5	19;11615;13906;+;35.1		20;13906;14925;+;49.8		22;15086;15739;+;92.6	23;15736;16683;+;77.9	24;16685;17869;+;150.9	27;20245;21192;+;91.9	29;21544;23223;+;215.0		none	none	A	7/7	canonical	0	0	unscoreable	5	0	0														not_admitted	not_admitted	not_admitted	not_admitted	not_admitted	not_admitted	not_admitted
NC_025166.1	MPF_F	IncFIB(pQil);IncFII(K)	132	0	0	GA	0															not_admitted	not_admitted	not_admitted	not_admitted	not_admitted	not_admitted	not_admitted	not_admitted	not_admitted	not_admitted	1	107;87546;88535;+;366.0	117;94082;95449;+;380.7	113;92072;92824;+;233.7	103;83464;86103;+;258.5	118;95449;98298;+;345.6	95;78783;80207;+;88.8	103;83464;86103;+;88.7	93;77490;78056;+;169.3	108;88548;89186;+;67.0	109;89245;91200;+;259.7	122;100784;103096;+;392.7	96;80321;80905;+;55.4	122;100784;103096;+;66.5	A	9/9	contiguous	23294	1	1	98311..98859+;182;unnamed;0
NC_025167.1	MPF_F	IncFIB(pQil);IncFII(K)	116	0	0	GA	0															not_admitted	not_admitted	not_admitted	not_admitted	not_admitted	not_admitted	not_admitted	not_admitted	not_admitted	not_admitted	1	91;73049;74038;+;366.0	101;79585;80952;+;380.7	97;77575;78327;+;233.7	87;68967;71606;+;258.5	102;80952;83801;+;345.6	79;64287;65711;+;88.8	87;68967;71606;+;88.7	77;62994;63560;+;169.3	92;74051;74689;+;67.0	93;74748;76703;+;259.7	106;86287;88599;+;392.7	80;65825;66409;+;55.4	106;86287;88599;+;66.5	A	9/9	contiguous	23293	1	1	83814..84362+;182;unnamed;0
NC_025175.1	MPF_F	IncFIB(AP001918);IncFII;IncQ1	180	0	0	GA	0															not_admitted	not_admitted	not_admitted	not_admitted	not_admitted	not_admitted	not_admitted	not_admitted	not_admitted	not_admitted	1	37;35670;36662;-;367.3	26;28610;29983;-;374.3	33;32198;32941;-;234.1	40;37671;40298;-;305.4	25;25797;28613;-;387.9	46;42353;43780;-;94.4	40;37671;40298;-;99.1	48;44495;45061;-;183.8	36;35023;35661;-;67.3	35;33218;35026;-;268.3	22;22081;24234;-;391.1	42;40814;41329;-;77.3	22;22081;24234;-;69.2	A	9/9	contiguous	22414	1	1	25243..25764-;173;unnamed;0
NC_025177.1	MPF_F	IncFII	93	0	0	GA	0															not_admitted	not_admitted	not_admitted	not_admitted	not_admitted	not_admitted	not_admitted	not_admitted	not_admitted	not_admitted	1	23;15622;16614;+;369.5	39;24871;26244;+;381.3	33;21923;22666;+;233.1	20;11983;14613;+;305.1	40;26241;29066;+;373.4	8;5318;6769;+;93.9	20;11983;14613;+;97.3	6;4037;4603;+;172.8	28;18346;18984;+;70.1	31;19796;21646;+;266.7	44;31308;33542;+;391.7	12;8130;8642;+;80.9	44;31308;33542;+;70.3	A	9/9	contiguous	27271	1	1	29063..29572+;169;unnamed;0
NC_025179.1	MPF_F	IncFIA;IncFIB(AP001918);IncFIC(FII)	155	0	0	GA	0															not_admitted	not_admitted	not_admitted	not_admitted	not_admitted	not_admitted	not_admitted	not_admitted	not_admitted	not_admitted	1	121;121246;122238;+;367.4	132;127924;129297;+;378.0	125;124967;125710;+;234.5	118;117610;120237;+;305.4	133;129294;132116;+;389.5	112;114128;115555;+;94.3	118;117610;120237;+;98.8	110;112847;113413;+;183.8	122;122247;122885;+;68.4	123;122882;124690;+;268.4	136;133645;135852;+;391.8	116;116579;117094;+;78.4	136;133645;135852;+;70.3	A	9/9	contiguous	20798	1	1	132138..132629+;163;TraS;0
NC_025182.1	MPF_T	IncX2	55	0	0	GA	1	10;5352;5996;+;47.1	11;5980;6270;+;73.5	12;6294;9053;+;44.8	12;6294;9053;+;133.3	12;6294;9053;+;71.9	13;9055;9792;+;57.5	18;11557;12390;+;103.4		19;12580;13302;+;116.0	20;13308;14237;+;133.3	21;14234;15448;+;128.6	22;15466;16503;+;66.4	23;16508;18343;+;543.4		pfam	pfam_only	A	7/7	canonical	1	1	unscoreable	4	0	0														not_admitted	not_admitted	not_admitted	not_admitted	not_admitted	not_admitted	not_admitted
NC_025183.1	MPF_T	IncN	82	0	0	GA	1	22;15388;16122;+;32.5		25;16765;17082;+;63.3	26;17082;19682;+;113.8	26;17082;19682;+;76.4	27;19700;20413;+;105.5	29;20664;21704;+;142.4		30;21923;22621;+;131.9	31;22632;23516;+;159.7	32;23516;24676;+;156.3	33;24718;25713;+;81.2	59;49670;51199;-;38.5		pfam	both	A	7/7	canonical	1	0	unscoreable	3	0	0														not_admitted	not_admitted	not_admitted	not_admitted	not_admitted	not_admitted	not_admitted
NC_025184.1	MPF_F	IncFIB(pB171);IncFII(Yp);IncFII(pAR0022)	124	0	0	GA	0															not_admitted	not_admitted	not_admitted	not_admitted	not_admitted	not_admitted	not_admitted	not_admitted	not_admitted	not_admitted	1	39;27334;28326;+;369.4	47;33039;34409;+;376.7	43;31073;31822;+;218.2	36;23716;26346;+;285.5	48;34409;37231;+;336.5	30;20294;21688;+;89.4	36;23716;26346;+;98.6	28;19011;19577;+;169.9	40;28343;28972;+;66.9	41;28969;30822;+;260.5	51;38568;40814;+;384.7	31;21710;22249;+;67.5	51;38568;40814;+;63.8	A	9/9	contiguous	19557	1	1	37253..37684+;143;TraS;0
NC_025186.1	MPF_T	IncN	74	0	0	GA	1	16;12123;12857;+;32.5		19;13500;13817;+;63.3	20;13817;16417;+;113.8	20;13817;16417;+;76.4	21;16435;17148;+;105.5	23;17399;18439;+;142.4		24;18658;19356;+;131.9	25;19367;20251;+;159.7	26;20251;21411;+;156.3	27;21453;22448;+;81.2	56;47053;48582;-;38.5		pfam	both	A	7/7	canonical	1	0	unscoreable	3	0	0														not_admitted	not_admitted	not_admitted	not_admitted	not_admitted	not_admitted	not_admitted
NC_025187.1	MPF_F	IncFIB(pQil);IncFII(K)	135	0	0	GA	0															not_admitted	not_admitted	not_admitted	not_admitted	not_admitted	not_admitted	not_admitted	not_admitted	not_admitted	not_admitted	1	110;88371;89360;+;366.0	120;94907;96274;+;380.7	116;92897;93649;+;233.7	106;84289;86928;+;258.5	121;96274;99123;+;345.6	97;79609;81033;+;88.8	106;84289;86928;+;88.7	95;78316;78882;+;169.3	111;89373;90011;+;67.0	112;90070;92025;+;259.7	125;101609;103921;+;392.7	98;81147;81731;+;55.4	125;101609;103921;+;66.5	A	9/9	contiguous	23293	1	1	99136..99684+;182;unnamed;0
NC_028464.1	MPF_T	IncW	41	0	0	GA	1	2;1020;1616;+;43.8	4;2103;2408;+;70.9	5;2421;2735;+;81.2	6;2738;5209;+;121.9	6;2738;5209;+;98.2	7;5206;5886;+;122.9	9;6127;7155;+;170.9		11;7409;8104;+;158.3	12;8115;8915;+;158.0	13;8915;10102;+;186.1	14;10068;11144;+;88.0	16;14127;15650;-;51.8		pfam	both	A	7/7	canonical	1	0	unscoreable	4	0	0														not_admitted	not_admitted	not_admitted	not_admitted	not_admitted	not_admitted	not_admitted
NC_032101.1	MPF_T	IncN	76	0	0	GA	1	14;11684;12475;+;33.1		17;13058;13375;+;63.3	18;13375;15975;+;111.8	18;13375;15975;+;76.4	19;15993;16706;+;105.2	21;16957;17997;+;142.4		22;18216;18914;+;131.9	23;18925;19809;+;159.7	24;19809;20969;+;156.3	25;21011;22006;+;81.2	53;42615;44144;-;38.5		pfam	both	A	7/7	canonical	1	0	unscoreable	3	0	0														not_admitted	not_admitted	not_admitted	not_admitted	not_admitted	not_admitted	not_admitted
NC_032103.1	MPF_F	IncFII(pBK30683);repB(R1701)	124	0	0	GA	0															not_admitted	not_admitted	not_admitted	not_admitted	not_admitted	not_admitted	not_admitted	not_admitted	not_admitted	not_admitted	1	100;80255;81244;+;366.0	110;86791;88158;+;384.0	106;84781;85533;+;233.7	96;76159;78798;+;258.5	111;88158;91007;+;346.4	90;71905;73329;+;89.2	96;76159;78798;+;88.7	88;70612;71178;+;169.3	101;81257;81895;+;67.0	102;81954;83909;+;259.7	115;93471;95783;+;390.0	91;73402;73986;+;54.5	115;93471;95783;+;64.0	A	9/9	contiguous	22859	1	1	91010..91543+;177;unnamed;0
NZ_AF411480.1	MPF_F	-	31	0	0	GA	0															not_admitted	not_admitted	not_admitted	not_admitted	not_admitted	not_admitted	not_admitted	not_admitted	not_admitted	not_admitted	1	17;12306;13301;+;357.2	23;17547;18908;+;336.5	21;16135;16914;+;197.5	14;8622;11213;+;216.4	24;18910;21744;+;253.6	8;5376;6737;+;81.9	14;8622;11213;+;87.7	6;4096;4659;+;145.5	19;13677;14288;+;52.3	20;14285;16138;+;259.9	27;23440;25650;+;357.2	13;7997;8611;+;48.0	27;23440;25650;+;67.3	A	9/9	contiguous	19344	1	1	21815..22375+;186;unnamed;0
NZ_AP013065.1	-	IncFII(Y)	67	0	0	GA	0															not_admitted	not_admitted	not_admitted	not_admitted	not_admitted	not_admitted	not_admitted	not_admitted	not_admitted	not_admitted	1	44;33586;34584;+;370.6	51;38898;40259;+;357.8	47;36950;37720;+;215.3	40;29219;31831;+;215.2	52;40256;43138;+;247.8	36;26482;27840;+;90.6	40;29219;31831;+;83.8	34;25204;25779;+;87.3	45;34554;34985;+;58.9	46;35016;36950;+;238.9	57;45310;47424;+;370.0	39;28663;29208;+;27.4	57;45310;47424;+;64.2	A	9/9	contiguous	20106	1	1	43149..43694+;181;unnamed;0
NZ_AP014611.1	MPF_F	IncC	213	0	0	GA	0															not_admitted	not_admitted	not_admitted	not_admitted	not_admitted	not_admitted	not_admitted	not_admitted	not_admitted	not_admitted	1	125;93031;94038;+;332.9	203;159731;161164;+;339.2	202;158689;159729;+;221.6	120;87832;90279;+;354.5	204;161177;164791;+;375.3	113;77030;78346;+;135.0	120;87832;90279;+;128.3	111;75506;76132;+;92.7	123;91101;92366;+;67.9	126;94154;96952;+;145.3	102;69831;71696;+;47.3	114;78343;78921;+;100.2	102;69831;71696;+;52.0	A	9/9	split_2	91346	0	1	
NZ_AP014634.1	MPF_F	IncC	216	0	0	GA	0															not_admitted	not_admitted	not_admitted	not_admitted	not_admitted	not_admitted	not_admitted	not_admitted	not_admitted	not_admitted	1	119;95453;96445;-;369.3	110;89018;90391;-;379.5	115;91981;92754;-;234.0	170;134902;136167;+;304.5	109;86196;89021;-;386.0	163;130197;131624;+;94.3	122;97454;98836;-;100.1	161;128916;129482;+;183.8	118;94806;95444;-;68.7	117;93001;94809;-;268.0	106;82476;84692;-;391.7	167;132752;133267;+;78.6	106;82476;84692;-;70.3	A	9/9	split_2	52426	1	1	85690..86199-;169;unnamed;0
NZ_AP014682.1	MPF_T	rep38	52	0	0	GA	1				12;7627;9645;+;25.4									18;13670;15181;+;465.5		none	none	D	2/7	uncallable	0	0	unscoreable	5	0	0														not_admitted	not_admitted	not_admitted	not_admitted	not_admitted	not_admitted	not_admitted
NZ_AP014804.1	MPF_F	IncFIB(AP001918);IncFII(pCoo)	161	0	0	GA	0															not_admitted	not_admitted	not_admitted	not_admitted	not_admitted	not_admitted	not_admitted	not_admitted	not_admitted	not_admitted	1	86;86048;87040;-;369.5	69;76442;77815;-;386.6	76;80023;80766;-;234.4	89;88049;90679;-;297.7	68;73620;76445;-;385.8	98;93952;95379;-;93.9	89;88049;90679;-;102.0	100;96094;96660;-;181.1	81;83690;84328;-;70.1	78;81043;82878;-;262.9	64;69189;71378;-;390.0	94;92312;92827;-;77.1	64;69189;71378;-;70.3	A	9/9	contiguous	26905	1	1	73114..73623-;169;unnamed;0
NZ_AP014813.1	-	-	43	0	0	GA	1	24;26220;26963;-;50.2	23;25689;26093;-;74.6	22;25350;25688;-;86.4	21;22964;25357;-;167.7	21;22964;25357;-;94.9	20;22245;22937;-;112.4	19;21031;22089;-;114.3		17;20050;20781;-;140.0	16;19202;20053;-;184.0	15;17967;19205;-;165.5	14;16942;17970;-;91.8	13;14792;16933;-;337.2		pfam	both	A	7/7	canonical	1	0	unscoreable	1	0	0														not_admitted	not_admitted	not_admitted	not_admitted	not_admitted	not_admitted	not_admitted
NZ_AP014859.1	-	-	203	0	0	GA	1	79;73300;73815;+;49.2	51;45390;45719;+;65.8	179;162738;163052;+;30.7	180;163092;165506;+;51.6	53;46085;48499;+;99.0	181;165503;166261;+;35.2	183;167216;168532;+;96.0		57;51546;52220;+;147.4	186;169433;170305;+;159.7	60;53516;54772;+;191.0	65;58931;60553;+;177.1	87;78900;80861;+;40.1		conjscan	conjscan_only	A	7/7	canonical	1	0	unscoreable	20	0	0														not_admitted	not_admitted	not_admitted	not_admitted	not_admitted	not_admitted	not_admitted
NZ_AP014860.1	-	-	90	0	0	GA	1	50;44440;44955;-;46.5	88;67281;67610;-;65.8	87;66956;67270;-;30.4	86;64501;66915;-;51.1	86;64501;66915;-;99.0	85;64040;64504;-;19.8	81;62202;62552;-;47.0		78;61047;61445;-;67.5	76;59934;60263;-;48.3		64;52526;53233;-;79.8			conjscan	conjscan_only	C	5/7	canonical	1	0	unscoreable	29	0	0														not_admitted	not_admitted	not_admitted	not_admitted	not_admitted	not_admitted	not_admitted
NZ_AP014861.1	-	-	130	0	0	GA	1	19;19745;20260;+;49.2	120;109881;110210;+;65.8	121;110221;110535;+;30.7	122;110575;112989;+;51.6	122;110575;112989;+;99.0	123;112986;113744;+;35.2	125;114699;116015;+;96.0		127;116233;116907;+;144.3	128;116916;117788;+;159.7	0;88;1218;+;191.4	5;5376;6998;+;177.1	27;25345;27306;+;40.1		conjscan	conjscan_only	A	7/7	canonical	1	0	unscoreable	13	0	0														not_admitted	not_admitted	not_admitted	not_admitted	not_admitted	not_admitted	not_admitted
NZ_AP014863.1	-	-	75	0	0	GA	1	15;14510;15034;+;29.4	17;16253;16648;+;50.1	18;16649;16948;+;39.7	19;16945;19413;+;83.4	19;16945;19413;+;97.7	24;22924;23703;+;52.1	26;23898;25460;+;119.8		20;19416;20147;+;99.7	21;20157;21110;+;165.7	23;21529;22911;+;193.7	7;6213;7730;+;238.0	35;33204;35078;-;431.7		conjscan	conjscan_only	A	7/7	canonical	1	0	unscoreable	20	0	0														not_admitted	not_admitted	not_admitted	not_admitted	not_admitted	not_admitted	not_admitted
NZ_AP014876.1	MPF_F	IncFII	81	0	0	GA	0															not_admitted	not_admitted	not_admitted	not_admitted	not_admitted	not_admitted	not_admitted	not_admitted	not_admitted	not_admitted	1	57;45426;46418;+;369.5	67;52197;53570;+;381.7	62;49524;50267;+;234.4	54;41787;44417;+;304.1	68;53567;56389;+;374.0	47;37444;38895;+;94.2	54;41787;44417;+;97.1	45;36163;36729;+;174.3	59;46762;47400;+;68.6	60;47397;49247;+;266.1	72;58661;60868;+;391.2	50;39648;40163;+;78.4	72;58661;60868;+;70.3	A	9/9	contiguous	22498	1	1	56411..56890+;159;TraS;0
NZ_AP014877.1	MPF_F	-	76	0	0	GA	0															not_admitted	not_admitted	not_admitted	not_admitted	not_admitted	not_admitted	not_admitted	not_admitted	not_admitted	not_admitted	1	61;53118;54110;+;369.5	74;60515;61888;+;388.1	68;57844;58587;+;234.1	58;49479;52109;+;300.9	75;61885;64710;+;384.7	50;44792;46219;+;93.6	58;49479;52109;+;101.1	48;43511;44077;+;182.3	63;54454;55092;+;68.6	66;55804;57567;+;267.3	2;1812;4001;+;380.8	54;47341;47856;+;77.9	2;1812;4001;+;66.5	A	9/9	split_2	60073	0	1	
NZ_AP014939.1	MPF_F	IncC	208	0	0	GA	0															not_admitted	not_admitted	not_admitted	not_admitted	not_admitted	not_admitted	not_admitted	not_admitted	not_admitted	not_admitted	1	91;66784;67791;+;332.1	195;153612;155045;+;339.9	194;152582;153610;+;223.6	86;61588;64032;+;358.0	196;155058;158675;+;377.4	81;52707;54029;+;133.1	86;61588;64032;+;130.7	79;51183;51809;+;94.6	89;64854;66119;+;69.6	92;67907;70711;+;144.1	69;45508;47373;+;49.3	82;54026;54604;+;101.2	69;45508;47373;+;52.1	A	9/9	split_2	109550	0	1	
NZ_AP015030.1	MPF_T	-	587	1	0	GA	1	354;253059;253976;-;38.1	365;262887;263348;-;62.7	364;262582;262878;-;30.7	363;259911;262595;-;70.6	363;259911;262595;-;68.2	362;259222;259914;-;79.4	359;257745;258608;-;138.7		358;257080;257745;-;65.1	357;256269;257054;-;174.1	356;255001;256266;-;145.7	478;366730;368499;-;294.3	349;246845;248395;+;61.5		pfam	both	A	7/7	canonical	1	0	unscoreable	6	0	1	66;63687;64631;-;226.8			70;66678;69557;-;312.3	63;60381;61904;-;269.2	356;255001;256266;-;145.7	294;203038;205926;-;83.4				349;246845;248395;+;332.0	296;206402;206728;-;21.8	349;246845;248395;+;65.2	D	4/9	split_3	194620	0	0	
NZ_AP015031.1	MPF_F	-	316	0	0	GA	0															not_admitted	not_admitted	not_admitted	not_admitted	not_admitted	not_admitted	not_admitted	not_admitted	not_admitted	not_admitted	1		298;254316;255770;+;262.3	297;253318;254319;+;228.6	294;249689;252136;+;165.5	299;255779;259528;+;230.8	291;247408;248607;+;121.0	294;249689;252136;+;109.5	289;245931;246563;+;109.2		307;266104;267729;+;239.7		292;248622;249230;+;80.1		C	7/9	contiguous	20173	0	1	
NZ_AP015033.1	MPF_T	-	36	0	0	GA	1	7;8391;9020;+;54.9	30;25031;25354;+;50.2	31;25382;25750;+;79.5	32;25747;28182;+;153.9	32;25747;28182;+;105.8	33;28179;28910;+;141.3	35;29121;30071;+;146.9		1;318;1211;+;89.1	2;1214;2023;+;144.6	3;2020;3237;+;123.2	4;3234;4280;+;86.6	5;4290;6200;+;329.8		pfam	both	A	7/7	canonical	1	0	unscoreable	2	0	0														not_admitted	not_admitted	not_admitted	not_admitted	not_admitted	not_admitted	not_admitted
NZ_AP017611.1	MPF_F	IncFIB(AP001918);IncFII;IncX1;IncX3	173	0	0	GA	0															not_admitted	not_admitted	not_admitted	not_admitted	not_admitted	not_admitted	not_admitted	not_admitted	not_admitted	not_admitted	1	110;112142;113134;-;367.3	99;105082;106455;-;379.8	106;108670;109413;-;234.1	113;114143;116770;-;305.3	98;102269;105085;-;390.3	120;118825;120252;-;94.4	113;114143;116770;-;99.7	122;120967;121533;-;183.8	109;111495;112133;-;67.3	108;109690;111498;-;268.3	95;98472;100706;-;391.7	116;117286;117801;-;77.1	95;98472;100706;-;70.3	A	9/9	contiguous	22495	1	1	101715..102236-;173;unnamed;0
NZ_AP017614.1	MPF_T	IncI2	77	0	0	GA	1	38;33616;34098;-;81.1		53;49694;49978;-;36.6	52;47331;49688;-;58.5	52;47331;49688;-;42.8	65;55431;56072;-;42.8	66;56078;57073;-;128.5		50;46431;47165;-;144.3	49;45664;46434;-;170.5	48;44535;45674;-;154.7	41;35866;37404;-;207.1	46;41487;43445;-;289.6		pfam	pfam_only	A	7/7	rearranged	1	0	unscoreable	17	1	0														not_admitted	not_admitted	not_admitted	not_admitted	not_admitted	not_admitted	not_admitted
NZ_AP017618.1	MPF_F	IncFIB(AP001918);IncFII	142	0	0	GA	0															not_admitted	not_admitted	not_admitted	not_admitted	not_admitted	not_admitted	not_admitted	not_admitted	not_admitted	not_admitted	1	28;26356;27348;-;369.3			31;28357;30984;-;304.6		37;33136;34563;-;94.3	31;28357;30984;-;99.2	39;35278;35844;-;183.8	25;24721;25359;-;68.6		31;28357;30984;-;22.1	33;31500;32015;-;78.4		D	5/9	contiguous	10557	0	0	
NZ_AP017619.1	MPF_T	IncI2	76	0	0	GA	1	37;33034;33516;-;81.1		52;49112;49396;-;36.6	51;46749;49106;-;58.5	51;46749;49106;-;42.8	64;54849;55490;-;42.8	65;55496;56491;-;128.5		49;45849;46583;-;144.3	48;45082;45852;-;170.5	47;43953;45092;-;154.7	40;35284;36822;-;207.1	45;40905;42863;-;289.6		pfam	pfam_only	A	7/7	rearranged	1	0	unscoreable	17	1	0														not_admitted	not_admitted	not_admitted	not_admitted	not_admitted	not_admitted	not_admitted
NZ_AP017621.1	MPF_F	IncFIB(AP001918);IncFII	142	0	0	GA	0															not_admitted	not_admitted	not_admitted	not_admitted	not_admitted	not_admitted	not_admitted	not_admitted	not_admitted	not_admitted	1	28;26356;27348;-;369.3			31;28357;30984;-;304.6		37;33136;34563;-;94.3	31;28357;30984;-;99.2	39;35278;35844;-;183.8	25;24721;25359;-;68.6		31;28357;30984;-;22.1	33;31500;32015;-;78.4		D	5/9	contiguous	10557	0	0	
NZ_AP017622.1	MPF_T	IncI2	76	0	0	GA	1	37;32533;33015;-;81.1		52;48611;48895;-;36.6	51;46248;48605;-;58.5	51;46248;48605;-;42.8	64;54348;54989;-;42.8	65;54995;55990;-;128.5		49;45348;46082;-;144.3	48;44581;45351;-;170.5	47;43452;44591;-;154.7	40;34783;36321;-;207.1	45;40404;42362;-;289.6		pfam	pfam_only	A	7/7	rearranged	1	0	unscoreable	17	1	0														not_admitted	not_admitted	not_admitted	not_admitted	not_admitted	not_admitted	not_admitted
NZ_AP017656.1	MPF_F	-	381	0	0	GA	0															not_admitted	not_admitted	not_admitted	not_admitted	not_admitted	not_admitted	not_admitted	not_admitted	not_admitted	not_admitted	1	196;189060;190076;+;392.6	202;194135;195601;+;372.6	201;193311;194135;+;243.5	190;183990;186581;+;479.2	203;195625;198423;+;355.7	187;180770;182098;+;99.9	190;183990;186581;+;96.8	185;179400;179966;+;192.6	197;190087;190833;+;109.9	198;190830;192671;+;284.4	335;333885;336191;-;550.0	189;182957;183988;+;21.8	335;333885;336191;-;58.8	A	9/9	split_2	154485	0	1	
NZ_AP017657.1	MPF_F	-	171	0	0	GA	0															not_admitted	not_admitted	not_admitted	not_admitted	not_admitted	not_admitted	not_admitted	not_admitted	not_admitted	not_admitted	1	132;110076;111098;+;394.9	136;114655;116121;+;366.7	135;113669;114655;+;242.9	126;105040;107631;+;468.2	137;116138;118939;+;359.5	40;35138;36448;+;217.4	126;105040;107631;+;98.2	121;100509;101075;+;202.9	133;111110;111856;+;114.8	134;111853;113688;+;293.2	156;134280;135560;-;328.0	125;104058;105038;+;32.8	156;134280;135560;-;65.5	A	9/9	split_2	99142	0	1	
NZ_AP017932.1	MPF_T	rep38	37	0	0	GA	1				12;11393;13408;-;21.5									6;5818;7368;-;462.5		none	none	D	2/7	uncallable	0	0	unscoreable	5	0	0														not_admitted	not_admitted	not_admitted	not_admitted	not_admitted	not_admitted	not_admitted
NZ_AP017988.1	MPF_T	-	298	0	0	GA	1		291;294330;294701;-;78.8	290;294038;294337;-;61.2	289;291548;294025;-;183.8	289;291548;294025;-;127.8	288;290767;291576;-;45.0	287;289374;290564;-;117.7		286;288694;289356;-;120.0	285;287825;288697;-;191.0	283;286081;287376;-;218.5	292;294691;295662;-;129.2	105;110715;112640;-;525.2		conjscan	conjscan_only	A	7/7	canonical	1	0	unscoreable	2	0	0														not_admitted	not_admitted	not_admitted	not_admitted	not_admitted	not_admitted	not_admitted
NZ_AP017990.1	MPF_T	-	73	0	0	GA	1		70;77794;78198;-;77.0	69;77502;77801;-;61.5	68;75024;77492;-;181.1	68;75024;77492;-;132.3	67;74243;75052;-;47.2	65;72826;74022;-;110.7		64;72131;72808;-;125.3	63;71259;72113;-;189.6	61;69458;70774;-;217.3	71;78188;79159;-;130.1	31;37239;39119;-;545.9		conjscan	conjscan_only	A	7/7	canonical	1	0	unscoreable	3	0	0														not_admitted	not_admitted	not_admitted	not_admitted	not_admitted	not_admitted	not_admitted
NZ_AP018136.1	MPF_F	IncFII	95	0	0	GA	0															not_admitted	not_admitted	not_admitted	not_admitted	not_admitted	not_admitted	not_admitted	not_admitted	not_admitted	not_admitted	1	71;58291;59283;+;369.5	81;65062;66435;+;381.7	76;62389;63132;+;234.4	68;54652;57282;+;304.1	82;66432;69254;+;374.0	61;50202;51653;+;94.2	68;54652;57282;+;97.1	59;48921;49487;+;174.3	73;59627;60265;+;68.6	74;60262;62112;+;266.1	86;71526;73787;+;391.1	64;52513;53028;+;78.4	86;71526;73787;+;70.3	A	9/9	contiguous	22605	1	1	69276..69755+;159;TraS;0
NZ_AP018139.1	MPF_F	IncFII	98	0	0	GA	0															not_admitted	not_admitted	not_admitted	not_admitted	not_admitted	not_admitted	not_admitted	not_admitted	not_admitted	not_admitted	1	75;65115;66107;+;369.3	84;71169;72542;+;381.0	79;68806;69579;+;234.0	72;61476;64106;+;303.5	85;72539;75364;+;386.0	65;56771;58198;+;94.3	72;61476;64106;+;98.5	63;55490;56056;+;183.8	76;66116;66754;+;68.7	77;66751;68559;+;268.0	88;76868;79084;+;391.7	69;59326;59841;+;78.6	88;76868;79084;+;70.3	A	9/9	contiguous	21378	1	1	75361..75870+;169;unnamed;0
NZ_AP018140.1	MPF_F	IncFII(pHN7A8)	90	0	0	GA	0															not_admitted	not_admitted	not_admitted	not_admitted	not_admitted	not_admitted	not_admitted	not_admitted	not_admitted	not_admitted	1	68;57456;58448;+;369.3	79;64498;65871;+;381.0	74;62165;62908;+;233.3	65;53820;56447;+;303.5	80;65868;68693;+;389.2	59;50241;51668;+;93.7	65;53820;56447;+;98.5	57;48960;49526;+;183.8	71;59445;60083;+;68.6	72;60080;61888;+;268.0	83;70196;72403;+;391.7	63;52789;53304;+;77.3	83;70196;72403;+;70.3	A	9/9	contiguous	21236	1	1	68690..69199+;169;unnamed;0
NZ_AP018141.1	MPF_T	IncX3	57	0	0	GA	1	12;7494;8138;+;46.4	13;8122;8412;+;73.1	14;8437;11190;+;47.0	14;8437;11190;+;142.4	14;8437;11190;+;73.3	15;11200;11970;+;60.1	17;12249;13304;+;133.2		18;13499;14227;+;119.4	19;14233;15162;+;138.8	20;15159;16373;+;128.3	22;16569;17603;+;65.7	23;17606;19441;+;495.9		pfam	pfam_only	A	7/7	canonical	1	1	unscoreable	2	0	0														not_admitted	not_admitted	not_admitted	not_admitted	not_admitted	not_admitted	not_admitted
NZ_AP018142.1	MPF_T	IncX3	57	0	0	GA	1	12;7494;8138;+;46.4	13;8122;8412;+;73.1	14;8437;11190;+;47.0	14;8437;11190;+;142.4	14;8437;11190;+;73.3	15;11200;11970;+;60.1	17;12249;13304;+;133.2		18;13499;14227;+;119.4	19;14233;15162;+;138.8	20;15159;16373;+;128.3	22;16569;17603;+;65.7	23;17606;19441;+;495.9		pfam	pfam_only	A	7/7	canonical	1	1	unscoreable	2	0	0														not_admitted	not_admitted	not_admitted	not_admitted	not_admitted	not_admitted	not_admitted
NZ_AP018143.1	MPF_F	IncC	214	0	0	GA	0															not_admitted	not_admitted	not_admitted	not_admitted	not_admitted	not_admitted	not_admitted	not_admitted	not_admitted	not_admitted	1	100;72656;73663;+;332.9	203;164790;166223;+;339.2	202;163760;164788;+;221.7	95;67457;69904;+;354.2	204;166236;169850;+;375.3	83;52812;54128;+;135.0	95;67457;69904;+;128.6	81;51288;51914;+;92.1	98;70726;71991;+;67.6	101;73779;76574;+;145.3	72;45613;47478;+;47.4	84;54125;54703;+;100.2	72;45613;47478;+;52.0	A	9/9	split_2	120623	0	1	
NZ_AP018144.1	MPF_F	IncFII	107	0	0	GA	0															not_admitted	not_admitted	not_admitted	not_admitted	not_admitted	not_admitted	not_admitted	not_admitted	not_admitted	not_admitted	1	83;68810;69802;+;369.5	93;75581;76954;+;381.7	88;72908;73651;+;234.4	80;65171;67801;+;304.1	94;76951;79773;+;374.0	73;60721;62172;+;94.2	80;65171;67801;+;97.1	71;59440;60006;+;174.3	85;70146;70784;+;68.6	86;70781;72631;+;266.1	98;82045;84297;+;391.1	76;63032;63547;+;78.4	98;82045;84297;+;70.3	A	9/9	contiguous	22605	1	1	79795..80274+;159;TraS;0
NZ_AP018145.1	MPF_F	IncC	235	0	0	GA	0															not_admitted	not_admitted	not_admitted	not_admitted	not_admitted	not_admitted	not_admitted	not_admitted	not_admitted	not_admitted	1	105;81935;82942;+;332.9	224;189902;191335;+;339.2	223;188872;189900;+;221.7	100;76736;79183;+;354.2	225;191348;194962;+;375.3	95;67909;69225;+;135.0	100;76736;79183;+;128.6	93;66385;67011;+;92.1	103;80005;81270;+;67.6	106;83058;85853;+;145.3	84;60710;62575;+;47.4	96;69222;69800;+;100.2	84;60710;62575;+;52.0	A	9/9	split_2	130638	0	1	
NZ_AP018146.1	MPF_T	IncX3	58	0	0	GA	1	12;7494;8138;+;46.4	13;8122;8412;+;73.1	14;8437;11190;+;47.0	14;8437;11190;+;142.4	14;8437;11190;+;73.3	15;11200;11970;+;60.1	17;12249;13304;+;133.2		18;13499;14227;+;119.4	19;14233;15162;+;138.8	20;15159;16373;+;128.3	22;16569;17603;+;65.7	23;17606;19441;+;495.9		pfam	pfam_only	A	7/7	canonical	1	1	unscoreable	2	0	0														not_admitted	not_admitted	not_admitted	not_admitted	not_admitted	not_admitted	not_admitted
NZ_AP018147.1	MPF_F	IncFII	111	0	0	GA	0															not_admitted	not_admitted	not_admitted	not_admitted	not_admitted	not_admitted	not_admitted	not_admitted	not_admitted	not_admitted	1	85;74252;75244;+;369.3	94;80306;81679;+;381.0	89;77943;78716;+;234.0	82;70616;73243;+;303.5	95;81676;84501;+;386.0	77;67134;68561;+;94.3	82;70616;73243;+;99.2	75;65853;66419;+;183.8	86;75253;75891;+;68.7	87;75888;77696;+;268.0	98;86005;88275;+;391.6	81;69585;70100;+;78.4	98;86005;88275;+;70.3	A	9/9	contiguous	20152	1	1	84498..85007+;169;unnamed;0
NZ_AP018350.1	MPF_T	IncW	40	0	0	GA	1	32;26719;27417;-;43.3	30;26030;26335;-;70.9	29;25703;26017;-;84.9	28;23229;25700;-;122.0	28;23229;25700;-;98.5	27;22543;23232;-;157.1	25;21274;22302;-;174.7		23;20326;21021;-;157.4	22;19515;20315;-;191.3	21;18328;19515;-;185.3	20;17286;18362;-;88.0	18;12780;14303;+;51.8		pfam	both	A	7/7	canonical	1	0	unscoreable	4	0	0														not_admitted	not_admitted	not_admitted	not_admitted	not_admitted	not_admitted	not_admitted
NZ_AP018352.1	MPF_F	IncHI2;IncHI2A	411	0	0	GA	0															not_admitted	not_admitted	not_admitted	not_admitted	not_admitted	not_admitted	not_admitted	not_admitted	not_admitted	not_admitted	1	369;322199;323257;-;276.9	122;109271;110686;+;194.1	121;108235;109281;+;173.7	387;343896;346577;-;168.0	123;110695;114252;+;102.2	391;348907;350262;-;80.7	387;343896;346577;-;72.2	394;351986;352774;-;74.8	371;323399;324910;-;62.7	368;318992;322180;-;58.3	115;99111;101195;-;56.7	388;346586;347536;-;46.4	115;99111;101195;-;38.8	A	9/9	split_3	252875	1	1	114282..114644+;120;unnamed;0
NZ_AP018353.1	MPF_F	IncFII(pCoo)	95	0	0	GA	0															not_admitted	not_admitted	not_admitted	not_admitted	not_admitted	not_admitted	not_admitted	not_admitted	not_admitted	not_admitted	1	75;58683;59675;+;370.2	83;64368;65741;+;380.4	79;62404;63147;+;234.4	72;55047;57674;+;303.5	84;65738;68560;+;386.8	68;51708;53135;+;94.3	72;55047;57674;+;100.3	66;50427;50993;+;183.8	76;59684;60322;+;68.3	77;60319;62127;+;263.5	87;70094;72337;+;391.7	71;54016;54531;+;78.0	87;70094;72337;+;70.3	A	9/9	contiguous	19667	1	1	68581..69078+;165;TraS;0
NZ_AP018354.1	MPF_F	IncFII(pCoo)	101	0	0	GA	0															not_admitted	not_admitted	not_admitted	not_admitted	not_admitted	not_admitted	not_admitted	not_admitted	not_admitted	not_admitted	1	79;62980;63972;+;369.3	90;70025;71398;+;376.8	85;67692;68435;+;233.3	76;59344;61971;+;306.8	91;71395;74220;+;389.2	70;55870;57297;+;94.3	76;59344;61971;+;98.5	68;54589;55155;+;183.8	82;64969;65607;+;68.6	83;65604;67412;+;268.3	95;76462;78651;+;391.8	74;58313;58828;+;78.4	95;76462;78651;+;70.3	A	9/9	contiguous	21873	1	1	74217..74726+;169;unnamed;0
NZ_AP018355.1	MPF_T	IncI2	83	0	0	GA	1	40;29700;30182;+;81.1		25;13819;14103;+;36.6	26;14109;16466;+;58.5	26;14109;16466;+;44.9	13;7024;7668;+;41.0	12;6023;7018;+;123.7		28;16632;17366;+;144.3	29;17363;18133;+;170.5	30;18123;19262;+;154.7	37;26393;27931;+;208.0	32;20352;22310;+;289.6		pfam	pfam_only	A	7/7	rearranged	1	0	unscoreable	17	0	0														not_admitted	not_admitted	not_admitted	not_admitted	not_admitted	not_admitted	not_admitted
NZ_AP018362.1	MPF_T	IncN	68	0	0	GA	1	23;18039;18773;+;32.5		26;19416;19733;+;63.3	27;19733;22333;+;113.8	27;19733;22333;+;76.4	28;22351;23064;+;105.5	30;23315;24355;+;142.4		31;24574;25272;+;131.9	32;25283;26167;+;159.7	33;26167;27327;+;156.3	34;27369;28364;+;81.2	43;36358;37887;-;38.5		pfam	both	A	7/7	canonical	1	0	unscoreable	11	0	0														not_admitted	not_admitted	not_admitted	not_admitted	not_admitted	not_admitted	not_admitted
NZ_AP018363.1	MPF_T	IncN	69	0	0	GA	1	49;39308;40042;-;32.5		46;38348;38665;-;63.3	45;35748;38348;-;113.8	45;35748;38348;-;76.4	44;35017;35730;-;105.5	42;33726;34766;-;142.4		41;32809;33507;-;131.9	40;31914;32798;-;159.7	39;30754;31914;-;156.3	38;29717;30712;-;81.2	29;20194;21723;+;38.5		pfam	both	A	7/7	canonical	1	0	unscoreable	11	0	0														not_admitted	not_admitted	not_admitted	not_admitted	not_admitted	not_admitted	not_admitted
NZ_AP018378.1	MPF_T	-	45	0	0	GA	1		25;21687;22070;-;70.3	24;21365;21682;-;34.8	23;18804;21368;-;93.3	23;18804;21368;-;98.1	18;14567;15343;-;67.8	17;12726;14285;-;103.8		22;18097;18804;-;142.4	21;17218;18084;-;180.2	19;15356;16807;-;215.1	26;22172;23170;-;132.2	41;33911;35800;+;445.1		conjscan	conjscan_only	A	7/7	canonical	1	0	unscoreable	2	0	0														not_admitted	not_admitted	not_admitted	not_admitted	not_admitted	not_admitted	not_admitted
NZ_AP018382.1	MPF_T	-	45	0	0	GA	1		25;21687;22070;-;70.3	24;21365;21682;-;34.8	23;18804;21368;-;93.3	23;18804;21368;-;98.1	18;14567;15343;-;67.8	17;12726;14285;-;103.8		22;18097;18804;-;142.4	21;17218;18084;-;180.2	19;15356;16807;-;215.1	26;22172;23170;-;132.2	41;33911;35800;+;445.1		conjscan	conjscan_only	A	7/7	canonical	1	0	unscoreable	2	0	0														not_admitted	not_admitted	not_admitted	not_admitted	not_admitted	not_admitted	not_admitted
NZ_AP018386.1	MPF_T	-	45	0	0	GA	1		25;21687;22070;-;70.3	24;21365;21682;-;34.8	23;18804;21368;-;93.3	23;18804;21368;-;98.1	18;14567;15343;-;67.8	17;12726;14285;-;103.8		22;18097;18804;-;142.4	21;17218;18084;-;180.2	19;15356;16807;-;215.1	26;22172;23170;-;132.2	41;33911;35800;+;445.1		conjscan	conjscan_only	A	7/7	canonical	1	0	unscoreable	2	0	0														not_admitted	not_admitted	not_admitted	not_admitted	not_admitted	not_admitted	not_admitted
NZ_AP018396.1	MPF_F	repA(pKOX)	282	0	0	GA	0															not_admitted	not_admitted	not_admitted	not_admitted	not_admitted	not_admitted	not_admitted	not_admitted	not_admitted	not_admitted	1	27;25693;26766;+;276.5	49;44017;45468;+;241.5	48;42931;44001;+;187.0	23;21145;23628;+;234.6	50;45478;48690;+;256.9	20;18123;19454;+;107.7	23;21145;23628;+;119.1	18;16340;16957;+;77.9	26;24440;25693;+;57.1	52;49195;51927;+;123.7	12;11770;13731;+;23.7	21;19454;20074;+;74.7	12;11770;13731;+;32.4	A	9/9	contiguous	37425	0	1	
NZ_AP018411.1	MPF_T	IncX4	42	0	0	GA	1	26;24532;25152;-;41.6	25;24192;24518;-;64.4	24;21426;24173;-;63.8	24;21426;24173;-;151.8	24;21426;24173;-;46.1	23;20698;21414;-;94.2	22;19592;20686;-;150.1		20;18391;19077;-;169.0	19;17486;18394;-;142.4	18;16375;17493;-;163.9	17;15345;16373;-;85.0	16;13496;15313;-;314.8		pfam	pfam_only	A	7/7	canonical	1	1	unscoreable	1	0	0														not_admitted	not_admitted	not_admitted	not_admitted	not_admitted	not_admitted	not_admitted
NZ_AP018412.1	MPF_T	IncI2	75	0	0	GA	1	36;32048;32530;-;81.1		51;48126;48410;-;36.6	50;45763;48120;-;58.5	50;45763;48120;-;42.8	63;53863;54504;-;42.8	64;54510;55505;-;128.5		48;44863;45597;-;144.3	47;44096;44866;-;170.5	46;42967;44106;-;154.7	39;34298;35836;-;207.1	44;39919;41877;-;289.6		pfam	pfam_only	A	7/7	rearranged	1	0	unscoreable	17	1	0														not_admitted	not_admitted	not_admitted	not_admitted	not_admitted	not_admitted	not_admitted
NZ_AP018456.1	MPF_F	Col156;IncFIA;IncFIB(AP001918);IncFII(pRSB107)	183	0	0	GA	0															not_admitted	not_admitted	not_admitted	not_admitted	not_admitted	not_admitted	not_admitted	not_admitted	not_admitted	not_admitted	1	115;104505;105497;-;369.5	102;95373;96746;-;386.6	110;100656;101399;-;231.4	118;106506;109133;-;303.9	101;92557;95376;-;386.3	124;111018;112469;-;94.1	118;106506;109133;-;96.5	126;113184;113750;-;184.3	113;103523;104161;-;68.7	112;101676;103526;-;266.7	97;88110;90299;-;391.8	121;109649;110164;-;75.2	97;88110;90299;-;70.3	A	9/9	contiguous	25074	1	1	92041..92532-;163;TraS;0
NZ_AP018458.1	MPF_F	IncFIA;IncFIB(AP001918);IncFII(pRSB107)	133	0	0	GA	0															not_admitted	not_admitted	not_admitted	not_admitted	not_admitted	not_admitted	not_admitted	not_admitted	not_admitted	not_admitted	1	65;62757;63749;-;369.5	52;53625;54998;-;386.6	60;58908;59651;-;231.4	68;64758;67385;-;303.9	51;50809;53628;-;386.3	74;69270;70721;-;94.1	68;64758;67385;-;96.5	76;71436;72002;-;184.3	63;61775;62413;-;68.7	62;59928;61778;-;266.7	47;46353;48551;-;391.8	71;67901;68416;-;75.2	47;46353;48551;-;70.3	A	9/9	contiguous	25083	1	1	50293..50784-;163;TraS;0
NZ_AP018520.1	MPF_F	-	204	0	0	GA	0															not_admitted	not_admitted	not_admitted	not_admitted	not_admitted	not_admitted	not_admitted	not_admitted	not_admitted	not_admitted	1	152;159743;160762;+;394.8	158;164816;166279;+;373.8	157;164400;164816;+;141.7	147;154725;157316;+;480.1	160;166408;169089;+;303.0	144;151579;152904;+;102.0	147;154725;157316;+;100.8	142;150209;150775;+;186.2	153;160775;161515;+;113.9	154;161512;163383;+;281.0	55;60230;62512;-;531.4	146;153790;154725;+;35.6	55;60230;62512;-;60.3	A	9/9	split_2	106178	0	1	
NZ_AP018665.1	MPF_F	-	217	0	0	GA	0															not_admitted	not_admitted	not_admitted	not_admitted	not_admitted	not_admitted	not_admitted	not_admitted	not_admitted	not_admitted	1	82;81368;82390;-;398.5	76;75885;77348;-;372.2	77;77348;78163;-;245.2	88;84873;87467;-;479.8	75;73058;75868;-;366.6	91;89332;90663;-;102.6	88;84873;87467;-;98.0	93;91468;92034;-;192.3	81;80614;81357;-;117.2	80;78752;80614;-;282.6	148;145184;147475;-;544.9	89;87469;88482;-;31.1	148;145184;147475;-;58.7	A	9/9	split_2	72126	0	1	
NZ_AP018666.1	MPF_F	-	216	0	0	GA	0															not_admitted	not_admitted	not_admitted	not_admitted	not_admitted	not_admitted	not_admitted	not_admitted	not_admitted	not_admitted	1	80;82023;83042;-;394.0	76;76867;78321;-;366.1	77;78321;79148;-;241.2	86;85513;88104;-;469.7	75;74035;76848;-;356.6	89;89963;91303;-;101.1	86;85513;88104;-;103.1	91;92114;92680;-;189.9	79;81264;82010;-;118.5	78;79432;81267;-;289.3	42;34377;36671;+;541.1	87;88106;88936;-;29.4	42;34377;36671;+;64.8	A	9/9	split_2	57737	0	1	
NZ_AP018672.1	MPF_F	IncC	194	0	0	GA	0															not_admitted	not_admitted	not_admitted	not_admitted	not_admitted	not_admitted	not_admitted	not_admitted	not_admitted	not_admitted	1	114;88746;89753;+;332.9	184;148974;150407;+;339.2	183;147944;148972;+;221.7	109;83547;85994;+;354.5	185;150420;154034;+;375.3	47;27255;28415;+;156.3	109;83547;85994;+;128.3	102;73151;73777;+;92.7	112;86816;88081;+;67.9	115;89869;92667;+;145.3	93;67476;69341;+;47.3	105;75988;76566;+;100.2	93;67476;69341;+;52.0	A	9/9	split_3	123165	0	1	
NZ_AP018673.1	MPF_F	IncFII(K);repB(R1701)	168	0	0	GA	0															not_admitted	not_admitted	not_admitted	not_admitted	not_admitted	not_admitted	not_admitted	not_admitted	not_admitted	not_admitted	1	142;107465;108454;+;366.0	152;113945;115315;+;380.7	148;111991;112743;+;230.7	138;103383;106022;+;258.5	153;115315;118158;+;346.5	130;98700;100124;+;89.2	138;103383;106022;+;88.7	128;97407;97973;+;169.3	143;108467;109105;+;67.0	144;109164;111119;+;259.7	157;120743;123055;+;392.8	131;100238;100822;+;55.4	157;120743;123055;+;65.9	A	9/9	contiguous	23336	1	1	118169..118693+;174;unnamed;0
NZ_AP018687.1	MPF_F	IncC	206	0	0	GA	0															not_admitted	not_admitted	not_admitted	not_admitted	not_admitted	not_admitted	not_admitted	not_admitted	not_admitted	not_admitted	1	163;119901;120908;-;332.1	63;39337;40770;-;339.9	64;40772;41800;-;223.6	168;123660;126104;-;357.0	62;35707;39324;-;377.4	173;133662;134984;-;133.1	168;123660;126104;-;130.7	175;135882;136508;-;94.6	165;121573;122838;-;69.6	162;116981;119785;-;144.1	185;140318;142183;-;49.3	172;133087;133665;-;101.2	185;140318;142183;-;52.1	A	9/9	split_2	104611	0	1	
NZ_AP018719.1	-	-	169	0	0	GA	0															not_admitted	not_admitted	not_admitted	not_admitted	not_admitted	not_admitted	not_admitted	not_admitted	not_admitted	not_admitted	1	117;102513;103562;-;365.1	108;93182;94645;-;214.9	109;94649;95473;-;187.6	121;105465;108134;-;231.2	107;89840;93172;-;260.5	124;109541;110794;-;142.6	121;105465;108134;-;115.1	126;111506;112246;-;117.8	116;101782;102474;-;86.6	113;98011;99903;-;285.2	134;115775;117700;-;36.7	122;108153;108728;-;63.7	134;115775;117700;-;48.8	A	9/9	contiguous	25935	0	1	
NZ_AP018720.1	-	-	121	0	0	GA	0															not_admitted	not_admitted	not_admitted	not_admitted	not_admitted	not_admitted	not_admitted	not_admitted	not_admitted	not_admitted	1	71;56854;57897;+;358.2	45;36544;37974;+;254.4	44;35674;36456;+;200.9	42;32745;35312;+;201.0	46;37987;40905;+;230.9	39;30180;31436;+;138.2	42;32745;35312;+;133.5	37;28956;29549;+;146.5	72;57836;58639;+;111.6	74;59630;61378;+;180.9	25;22210;24000;+;68.2	41;32179;32742;+;68.0	25;22210;24000;+;56.0	A	9/9	contiguous	37420	0	1	
NZ_AP018723.1	-	-	124	0	0	GA	0															not_admitted	not_admitted	not_admitted	not_admitted	not_admitted	not_admitted	not_admitted	not_admitted	not_admitted	not_admitted	1	91;75955;76995;-;327.2	66;54813;56255;-;252.2	67;56255;57076;-;207.4	70;58553;60115;-;220.5	65;51402;54803;-;249.9	73;61337;62875;-;110.2	69;57477;58379;-;49.8	75;63629;64228;-;122.2	90;75224;75817;-;73.4	15;11503;14769;-;56.8	83;69822;70523;+;42.1	71;60133;60600;-;49.1	83;69822;70523;+;53.9	A	9/9	split_2	64452	0	1	
NZ_AP018741.1	MPF_T	IncN;IncR	153	0	0	GA	1	23;16894;17628;+;32.5		26;18271;18588;+;63.3	27;18588;21188;+;113.8	27;18588;21188;+;76.4	28;21206;21919;+;105.5	105;92398;93438;+;142.4		106;93657;94355;+;131.9	33;24138;25022;+;159.7	34;25022;26182;+;156.3	35;26224;27219;+;81.2	128;113710;115239;-;38.5		pfam	both	A	7/7	canonical	1	0	unscoreable	6	0	0														not_admitted	not_admitted	not_admitted	not_admitted	not_admitted	not_admitted	not_admitted
NZ_AP018742.1	MPF_T	IncN	65	0	0	GA	1	20;15862;16596;+;32.5		23;17239;17556;+;63.3	24;17556;20156;+;113.8	24;17556;20156;+;76.4	25;20174;20887;+;105.5	27;21138;22178;+;142.4		28;22397;23095;+;131.9	29;23106;23990;+;159.7	30;23990;25150;+;156.3	31;25192;26187;+;81.2	40;34181;35710;-;38.5		pfam	both	A	7/7	canonical	1	0	unscoreable	11	0	0														not_admitted	not_admitted	not_admitted	not_admitted	not_admitted	not_admitted	not_admitted
NZ_AP018744.1	MPF_T	IncN	68	0	0	GA	1	23;16894;17628;+;32.5		26;18271;18588;+;63.3	27;18588;21188;+;113.8	27;18588;21188;+;76.4	28;21206;21919;+;105.5	30;22170;23210;+;142.4		31;23429;24127;+;131.9	32;24138;25022;+;159.7	33;25022;26182;+;156.3	34;26224;27219;+;81.2	43;35213;36742;-;38.5		pfam	both	A	7/7	canonical	1	0	unscoreable	11	0	0														not_admitted	not_admitted	not_admitted	not_admitted	not_admitted	not_admitted	not_admitted
NZ_AP018745.1	MPF_T	IncN	68	0	0	GA	1	23;16894;17628;+;32.5		26;18271;18588;+;63.3	27;18588;21188;+;113.8	27;18588;21188;+;76.4	28;21206;21919;+;105.5	30;22170;23210;+;142.4		31;23429;24127;+;131.9	32;24138;25022;+;159.7	33;25022;26182;+;156.3	34;26224;27219;+;81.2	43;35213;36742;-;38.5		pfam	both	A	7/7	canonical	1	0	unscoreable	11	0	0														not_admitted	not_admitted	not_admitted	not_admitted	not_admitted	not_admitted	not_admitted
NZ_AP018746.1	MPF_T	IncN	68	0	0	GA	1	23;16894;17628;+;32.5		26;18271;18588;+;63.3	27;18588;21188;+;113.8	27;18588;21188;+;76.4	28;21206;21919;+;105.5	30;22170;23210;+;142.4		31;23429;24127;+;131.9	32;24138;25022;+;159.7	33;25022;26182;+;156.3	34;26224;27219;+;81.2	43;35213;36742;-;38.5		pfam	both	A	7/7	canonical	1	0	unscoreable	11	0	0														not_admitted	not_admitted	not_admitted	not_admitted	not_admitted	not_admitted	not_admitted
NZ_AP018748.1	MPF_F	IncFIB(pNDM-Mar);IncHI1B(pNDM-MAR)	341	0	0	GA	0															not_admitted	not_admitted	not_admitted	not_admitted	not_admitted	not_admitted	not_admitted	not_admitted	not_admitted	not_admitted	1	184;170943;171980;-;282.3	29;28484;29893;+;190.4	28;27457;28494;+;175.7	201;184034;186751;-;149.6	30;29895;33863;+;121.3	205;188864;190234;-;65.6	201;184034;186751;-;85.2	208;191880;192740;-;79.0	185;171977;172798;-;38.3	182;167881;168498;-;27.4	21;18132;20258;-;57.7	202;186796;187533;-;56.9	21;18132;20258;-;41.0	A	9/9	split_2	173748	0	1	
NZ_AP018749.1	MPF_F	IncFIB(K)	105	0	0	GA	0															not_admitted	not_admitted	not_admitted	not_admitted	not_admitted	not_admitted	not_admitted	not_admitted	not_admitted	not_admitted	1	47;61200;61670;-;117.8	37;53977;55350;-;381.2	41;56608;57360;-;233.7	51;63832;65526;-;260.1	36;51135;53984;-;345.6	60;69341;70765;-;89.2	50;62888;63832;-;44.7	62;71492;72058;-;167.0	45;58232;60871;-;57.5	45;58232;60871;-;258.8	32;46337;48649;-;392.7	58;68160;68729;-;49.7	32;46337;48649;-;66.6	A	9/9	contiguous	25155	1	1	50574..51122-;182;unnamed;0
NZ_AP018751.1	MPF_F	IncFIB(K)	106	0	0	GA	0															not_admitted	not_admitted	not_admitted	not_admitted	not_admitted	not_admitted	not_admitted	not_admitted	not_admitted	not_admitted	1	50;60122;61114;-;366.6	40;53219;54586;-;381.2	44;55844;56596;-;233.7	52;62129;64768;-;258.7	39;50370;53219;-;345.6	61;68583;70007;-;89.2	52;62129;64768;-;88.8	63;70734;71300;-;167.0	49;59471;60109;-;67.0	48;57468;59474;-;259.6	35;45572;47884;-;392.7	59;67402;67971;-;49.7	35;45572;47884;-;66.6	A	9/9	contiguous	25162	1	1	49809..50357-;182;unnamed;0
NZ_AP018754.1	MPF_F	IncFIB(K)	105	0	0	GA	0															not_admitted	not_admitted	not_admitted	not_admitted	not_admitted	not_admitted	not_admitted	not_admitted	not_admitted	not_admitted	1	49;60136;61128;-;366.6	39;53233;54600;-;381.2	43;55858;56610;-;233.7	51;62143;64782;-;258.7	38;50384;53233;-;345.6	60;68597;70021;-;89.2	51;62143;64782;-;88.8	62;70748;71314;-;167.0	48;59485;60123;-;67.0	47;57482;59488;-;259.6	34;45586;47898;-;392.7	58;67416;67985;-;49.7	34;45586;47898;-;66.6	A	9/9	contiguous	25162	1	1	49823..50371-;182;unnamed;0
NZ_AP018757.1	MPF_F	IncFIB(K);IncFII(pBK30683)	239	0	0	GA	0															not_admitted	not_admitted	not_admitted	not_admitted	not_admitted	not_admitted	not_admitted	not_admitted	not_admitted	not_admitted	1	192;166030;167022;+;356.5	200;171898;173268;+;356.8	195;169532;170326;+;215.5	186;160952;163597;+;238.0	201;173261;176545;+;300.3	181;157575;158978;+;103.3	186;160952;163597;+;89.6	179;156241;156840;+;77.7	193;167032;167652;+;55.5	194;167649;169532;+;214.4	206;181874;184468;+;368.6	184;160124;160678;+;41.5	206;181874;184468;+;69.6	A	9/9	contiguous	25633	1	1	176569..177144+;191;unnamed;0
NZ_AP018785.1	MPF_F	Col156;IncFIB(AP001918);IncFII(29);IncFII(pRSB107)	197	0	0	GA	0															not_admitted	not_admitted	not_admitted	not_admitted	not_admitted	not_admitted	not_admitted	not_admitted	not_admitted	not_admitted	1	62;52158;53150;+;369.5	77;61132;62505;+;381.7	72;58459;59202;+;234.4	59;48519;51149;+;304.0	78;62502;65348;+;384.1	52;43961;45412;+;94.2	59;48519;51149;+;99.3	184;158936;159502;+;183.1	67;54882;55520;+;70.1	70;56332;58182;+;266.4	82;67590;69824;+;391.7	55;46517;47032;+;73.9	82;67590;69824;+;70.3	A	9/9	split_2	114975	1	1	65345..65854+;169;unnamed;0
NZ_AP018799.1	MPF_F	IncFII(pCoo)	108	0	0	GA	0															not_admitted	not_admitted	not_admitted	not_admitted	not_admitted	not_admitted	not_admitted	not_admitted	not_admitted	not_admitted	1	81;66372;67364;+;369.5	91;72806;74179;+;382.9	85;70135;70878;+;234.4	77;62734;65364;+;300.9	92;74176;77001;+;384.7	69;58046;59473;+;93.9	77;62734;65364;+;101.1	67;56765;57331;+;182.3		83;68008;69858;+;266.7	96;79243;81495;+;380.7	73;60595;61110;+;76.0	96;79243;81495;+;66.5	B	8/9	contiguous	22478	1	1	76998..77507+;169;unnamed;0
NZ_AP018801.1	MPF_F	IncFII(pCoo)	88	0	0	GA	0															not_admitted	not_admitted	not_admitted	not_admitted	not_admitted	not_admitted	not_admitted	not_admitted	not_admitted	not_admitted	1	66;49699;50424;+;284.0			62;45794;48424;+;297.8		52;40729;42156;+;95.2	62;45794;48424;+;100.5	50;39448;40014;+;183.8	68;50911;51549;+;69.8	69;51546;52862;+;76.5	74;55592;57541;+;392.1	56;43281;43796;+;77.7	74;55592;57541;+;70.6	C	6/9	contiguous	16144	0	1	
NZ_AP018806.1	MPF_T	IncI2	76	0	0	GA	1	37;32495;32977;-;81.1		52;48573;48857;-;36.6	51;46210;48567;-;58.5	51;46210;48567;-;42.8	64;54310;54951;-;42.8	65;54957;55952;-;128.5		49;45310;46044;-;144.3	48;44543;45313;-;170.5	47;43414;44553;-;154.7	40;34745;36283;-;207.1	45;40366;42324;-;289.6		pfam	pfam_only	A	7/7	rearranged	1	0	unscoreable	17	1	0														not_admitted	not_admitted	not_admitted	not_admitted	not_admitted	not_admitted	not_admitted
NZ_AP018807.1	MPF_T	IncX4	47	0	0	GA	1	25;25188;25799;-;53.8	24;24902;25216;-;30.8	23;24524;24844;-;39.0	22;22149;24521;-;81.6	22;22149;24521;-;33.6	28;27129;27770;+;33.9	27;26132;27127;+;126.4		20;21281;22018;-;158.9	19;20505;21284;-;167.2	18;19373;20515;-;142.9	17;18354;19373;-;91.9	16;16336;18303;-;291.4		pfam	pfam_only	A	7/7	uncallable	0	0	unscoreable	2	0	0														not_admitted	not_admitted	not_admitted	not_admitted	not_admitted	not_admitted	not_admitted
NZ_AP018811.1	MPF_F	IncFII(pHN7A8)	94	0	0	GA	0															not_admitted	not_admitted	not_admitted	not_admitted	not_admitted	not_admitted	not_admitted	not_admitted	not_admitted	not_admitted	1	63;48987;49979;+;369.5	79;57686;58555;+;285.6	72;54735;55478;+;228.7	60;45348;47978;+;304.7	81;59055;61877;+;376.1	51;40659;42113;+;93.5	60;45348;47978;+;98.6	49;39378;39944;+;177.1	67;51157;51795;+;70.5	70;52608;54458;+;264.4	85;64149;66419;+;391.6	55;43211;43726;+;76.0	85;64149;66419;+;70.3	A	9/9	contiguous	24771	1	1	61899..62378+;159;TraS;0
NZ_AP018812.1	MPF_T	IncI2	81	0	0	GA	1	42;34047;34529;-;81.1		57;50124;50408;-;36.6	56;47761;50118;-;58.5	56;47761;50118;-;42.8	69;55861;56502;-;42.8	70;56508;57503;-;128.5		54;46861;47595;-;144.3	53;46094;46864;-;170.5	52;44944;46104;-;130.5	45;36297;37835;-;207.1	50;41918;43876;-;289.6		pfam	pfam_only	A	7/7	rearranged	1	0	unscoreable	17	1	0														not_admitted	not_admitted	not_admitted	not_admitted	not_admitted	not_admitted	not_admitted
NZ_AP018819.1	-	-	81	0	0	GA	1	12;12641;13753;+;22.9	2;2769;3149;+;48.4	3;3168;3500;+;46.2	4;3497;6076;+;98.9	4;3497;6076;+;109.8	9;9965;10720;+;57.1	11;10923;12638;+;111.8		5;6063;6782;+;143.3	6;6800;7783;+;171.6	8;8572;9939;+;205.6	1;1790;2755;+;127.4	39;35251;37143;+;449.1		conjscan	conjscan_only	A	7/7	canonical	1	0	unscoreable	3	0	0														not_admitted	not_admitted	not_admitted	not_admitted	not_admitted	not_admitted	not_admitted
NZ_AP018821.1	MPF_F	-	258	0	0	GA	0															not_admitted	not_admitted	not_admitted	not_admitted	not_admitted	not_admitted	not_admitted	not_admitted	not_admitted	not_admitted	1	188;188027;189049;-;398.5	182;182544;184007;-;372.3	183;184007;184822;-;244.8	194;191517;194111;-;479.4	181;179711;182527;-;365.1	197;195967;197298;-;102.6	194;191517;194111;-;97.5	199;198103;198669;-;192.0	187;187273;188016;-;116.7	186;185411;187273;-;285.0	112;108994;111285;+;545.0	195;194113;195126;-;28.2	112;108994;111285;+;58.8	A	9/9	split_2	89109	0	1	
NZ_AP018822.1	MPF_T	-	116	0	0	GA	1	80;78545;79228;-;40.7	79;78207;78548;-;79.6	78;77861;78196;-;83.4	77;75604;77868;-;165.8	77;75604;77868;-;117.2	73;72138;72833;-;178.6	68;68428;69372;-;123.8		66;67410;68099;-;168.7	65;66556;67413;-;187.1	64;65324;66550;-;180.4	63;64317;65321;-;101.3	62;62339;64351;-;342.0		pfam	both	A	7/7	canonical	1	0	unscoreable	8	0	0														not_admitted	not_admitted	not_admitted	not_admitted	not_admitted	not_admitted	not_admitted
NZ_AP018829.1	-	-	234	0	0	GA	1	77;114267;114935;+;80.5	130;168559;168879;+;92.5	131;168879;169160;+;33.5	132;169164;171590;+;28.4	132;169164;171590;+;124.9	133;171587;172339;+;194.2	134;172343;173668;+;172.6		135;173671;174354;+;207.6	136;174351;175226;+;215.5	137;175223;176419;+;199.0	129;167576;168547;+;129.0	107;145617;147590;+;342.2		conjscan	conjscan_only	A	7/7	canonical	1	0	unscoreable	1	0	0														not_admitted	not_admitted	not_admitted	not_admitted	not_admitted	not_admitted	not_admitted
NZ_AP018830.1	MPF_F	IncFII(K);IncQ1;IncR;repB(R1701)	244	0	0	GA	0															not_admitted	not_admitted	not_admitted	not_admitted	not_admitted	not_admitted	not_admitted	not_admitted	not_admitted	not_admitted	1	169;135167;136156;+;366.6	179;141703;143070;+;384.0	175;139693;140445;+;233.7	165;131085;133724;+;258.5	180;143070;145919;+;346.4	158;126468;127892;+;89.2	165;131085;133724;+;88.2	156;125175;125741;+;169.3	170;136169;136807;+;66.9	171;136866;138821;+;259.7	184;148381;150693;+;393.1	159;128006;128590;+;53.6	184;148381;150693;+;66.6	A	9/9	contiguous	23206	1	1	145922..146455+;177;unnamed;0
NZ_AP018831.1	MPF_T	ColKP3;IncX3	65	0	0	GA	1	25;21116;21760;-;46.4	24;20842;21132;-;73.1	23;18064;20817;-;47.0	23;18064;20817;-;142.4	23;18064;20817;-;73.3	22;17284;18054;-;60.1	20;15950;17005;-;132.8		19;15027;15755;-;119.4	18;14092;15021;-;138.8	17;12881;14095;-;128.3	15;11651;12685;-;65.7	14;9813;11648;-;495.9		pfam	pfam_only	A	7/7	canonical	1	1	unscoreable	2	0	0														not_admitted	not_admitted	not_admitted	not_admitted	not_admitted	not_admitted	not_admitted
NZ_AP018833.1	MPF_F	IncFIA;IncFII	141	0	0	GA	0															not_admitted	not_admitted	not_admitted	not_admitted	not_admitted	not_admitted	not_admitted	not_admitted	not_admitted	not_admitted	1	116;109569;110561;+;371.6	125;115623;116996;+;380.7	120;113290;114033;+;233.0	113;105933;108560;+;303.5	126;116993;119812;+;386.2	107;102347;103774;+;91.9	113;105933;108560;+;98.5	105;101066;101632;+;182.9	117;110570;111208;+;64.9	118;111205;113013;+;268.2	129;121344;123578;+;391.7	112;104902;105417;+;76.4	129;121344;123578;+;70.3	A	9/9	contiguous	20278	1	1	119837..120328+;163;TraS;0
NZ_AP018836.1	MPF_T	ColKP3;IncX3	65	0	0	GA	1	25;21116;21760;-;46.4	24;20842;21132;-;73.1	23;18064;20817;-;47.0	23;18064;20817;-;142.4	23;18064;20817;-;73.3	22;17284;18054;-;60.1	20;15950;17005;-;132.8		19;15027;15755;-;119.4	18;14092;15021;-;138.8	17;12881;14095;-;128.3	15;11651;12685;-;65.7	14;9813;11648;-;495.9		pfam	pfam_only	A	7/7	canonical	1	1	unscoreable	2	0	0														not_admitted	not_admitted	not_admitted	not_admitted	not_admitted	not_admitted	not_admitted
NZ_AP018837.1	MPF_T	ColKP3;IncX3	65	0	0	GA	1	25;21116;21760;-;46.4	24;20842;21132;-;73.1	23;18064;20817;-;47.0	23;18064;20817;-;142.4	23;18064;20817;-;73.3	22;17284;18054;-;60.1	20;15950;17005;-;132.8		19;15027;15755;-;119.4	18;14092;15021;-;138.8	17;12881;14095;-;128.3	15;11651;12685;-;65.7	14;9813;11648;-;495.9		pfam	pfam_only	A	7/7	canonical	1	1	unscoreable	2	0	0														not_admitted	not_admitted	not_admitted	not_admitted	not_admitted	not_admitted	not_admitted
NZ_AP018838.1	MPF_T	ColKP3;IncX3	65	0	0	GA	1	25;21116;21760;-;46.4	24;20842;21132;-;73.1	23;18064;20817;-;47.0	23;18064;20817;-;142.4	23;18064;20817;-;73.3	22;17284;18054;-;60.1	20;15950;17005;-;132.8		19;15027;15755;-;119.4	18;14092;15021;-;138.8	17;12881;14095;-;128.3	15;11651;12685;-;65.7	14;9813;11648;-;495.9		pfam	pfam_only	A	7/7	canonical	1	1	unscoreable	2	0	0														not_admitted	not_admitted	not_admitted	not_admitted	not_admitted	not_admitted	not_admitted
NZ_AP019010.1	MPF_F	pSM22	108	0	0	GA	0															not_admitted	not_admitted	not_admitted	not_admitted	not_admitted	not_admitted	not_admitted	not_admitted	not_admitted	not_admitted	1	56;55930;56928;-;363.5	50;50323;51693;-;361.4	53;52553;53347;-;201.3	62;59657;62287;-;257.6	49;47489;50323;-;300.9	65;63405;64802;-;88.5	62;59657;62287;-;91.6	67;65522;66088;-;156.6	55;55245;55919;-;62.5	54;53344;55248;-;242.4	46;44556;46757;-;386.9	63;62300;62854;-;54.0	46;44556;46757;-;67.5	A	9/9	contiguous	20966	1	1	46959..47492-;177;unnamed;0
NZ_AP019401.1	MPF_F	IncFIB(K);IncFII(K);IncFII(pAR0022)	213	0	0	GA	0															not_admitted	not_admitted	not_admitted	not_admitted	not_admitted	not_admitted	not_admitted	not_admitted	not_admitted	not_admitted	1	91;81885;82874;-;366.6	79;74224;75591;-;380.7	83;76849;77601;-;233.7	95;84317;86956;-;258.5	78;71375;74224;-;345.6	102;90151;91575;-;89.2	95;84317;86956;-;87.8	104;92302;92868;-;168.5	90;81234;81872;-;66.9	89;79220;81175;-;259.2	74;66606;68912;-;393.1	101;89453;90037;-;54.4	74;66606;68912;-;66.6	A	9/9	contiguous	25696	1	1	70842..71372-;176;unnamed;0
NZ_AP019402.1	MPF_T	IncN	65	0	0	GA	1	20;15763;16497;+;32.5		23;17140;17457;+;63.3	24;17457;20057;+;113.8	24;17457;20057;+;76.4	25;20075;20788;+;105.5	27;21039;22079;+;142.4		28;22298;22996;+;131.9	29;23007;23891;+;159.7	30;23891;25051;+;156.3	31;25093;26088;+;81.2	40;34082;35611;-;38.5		pfam	both	A	7/7	canonical	1	0	unscoreable	11	0	0														not_admitted	not_admitted	not_admitted	not_admitted	not_admitted	not_admitted	not_admitted
NZ_AP019403.1	MPF_T	IncN	64	0	0	GA	1	19;15763;16497;+;32.5		22;17140;17457;+;63.3	23;17457;20057;+;113.8	23;17457;20057;+;76.4	24;20075;20788;+;105.5	26;21039;22079;+;142.4		27;22298;22996;+;131.9	28;23007;23891;+;159.7	29;23891;25051;+;156.3	30;25093;26088;+;81.2	39;34082;35611;-;38.5		pfam	both	A	7/7	canonical	1	0	unscoreable	11	0	0														not_admitted	not_admitted	not_admitted	not_admitted	not_admitted	not_admitted	not_admitted
NZ_AP019404.1	MPF_T	IncN	67	0	0	GA	1	21;17103;17837;+;32.5		24;18480;18797;+;63.3	25;18797;21397;+;113.8	25;18797;21397;+;76.4	26;21415;22128;+;105.5	28;22379;23419;+;142.4		29;23638;24336;+;131.9	30;24347;25231;+;159.7	31;25231;26391;+;156.3	32;26433;27428;+;81.2	40;35070;36599;-;38.5		pfam	both	A	7/7	canonical	1	0	unscoreable	10	0	0														not_admitted	not_admitted	not_admitted	not_admitted	not_admitted	not_admitted	not_admitted
NZ_AP019405.1	MPF_F	IncFIB(K);IncFII(K);IncFII(pAR0022);IncN	302	1	1	GA	1	197;164261;164746;+;82.5		89;66218;66535;+;63.3	90;66535;69135;+;113.8	90;66535;69135;+;76.4	91;69153;69866;+;105.5	93;70117;71157;+;142.4		94;71376;72074;+;131.9	95;72085;72969;+;159.7	96;72969;74129;+;156.3	97;74171;75166;+;81.2	41;32209;33738;-;38.5	175;147668;149623;-;259.2	pfam	both	A	7/7	canonical	1	0	unscoreable	23	0	1	177;150333;151322;-;366.6	165;142673;144040;-;381.2	169;145297;146049;-;231.5	181;152765;155404;-;256.8	164;139824;142673;-;345.0	96;72969;74129;+;156.3	181;152765;155404;-;88.7	191;160750;161316;-;167.3	176;149682;150320;-;67.0	175;147668;149623;-;259.2	159;135052;137364;-;393.1	188;157901;158485;-;54.3	41;32209;33738;-;69.1	A	9/9	split_3	128541	1	1	139291..139821-;176;unnamed;0
NZ_AP019413.1	MPF_T	-	38	0	0	GA	1	2;1519;2226;+;33.4			4;2911;5463;+;70.7		5;5460;6152;+;56.3	8;7645;8577;+;129.2		10;9012;9800;+;100.6	11;9790;10599;+;140.5	12;10586;11953;+;126.4	13;11963;13018;+;49.6	19;14748;14948;+;42.2		pfam	pfam_only	A	7/7	canonical	1	0	unscoreable	9	0	0														not_admitted	not_admitted	not_admitted	not_admitted	not_admitted	not_admitted	not_admitted
NZ_AP019532.1	MPF_T	-	109	0	0	GA	1	40;32926;33396;+;89.7	12;9963;10238;+;44.8	65;50106;52871;+;40.2	65;50106;52871;+;139.4	13;10253;13003;+;62.0	14;13014;13763;+;117.1	16;14121;15212;+;129.9		69;55313;55999;+;164.8	19;16123;17052;+;150.5	21;17366;18421;+;139.3	89;68475;69989;+;209.9	23;19436;21388;+;378.6		pfam	pfam_only	A	7/7	rearranged	1	1	unscoreable	34	0	0														not_admitted	not_admitted	not_admitted	not_admitted	not_admitted	not_admitted	not_admitted
NZ_AP019550.1	MPF_T	IncN	66	0	0	GA	1	21;16370;17104;+;32.5		24;17747;18064;+;63.3	25;18064;20664;+;113.8	25;18064;20664;+;76.4	26;20682;21395;+;105.5	28;21646;22686;+;142.4		29;22905;23603;+;131.9	30;23614;24498;+;159.7	31;24498;25658;+;156.3	32;25700;26695;+;81.2	41;34689;36218;-;38.5		pfam	both	A	7/7	canonical	1	0	unscoreable	11	0	0														not_admitted	not_admitted	not_admitted	not_admitted	not_admitted	not_admitted	not_admitted
NZ_AP019564.1	MPF_F	-	95	0	0	GA	0															not_admitted	not_admitted	not_admitted	not_admitted	not_admitted	not_admitted	not_admitted	not_admitted	not_admitted	not_admitted	1	69;54052;55104;+;321.6	75;58709;59818;+;131.4	73;57864;58385;+;62.3	63;48679;49869;+;91.7	77;60206;60943;+;119.4	60;46908;48197;+;82.8	64;49866;51242;+;97.6	58;45536;46195;+;85.6	70;55142;55762;+;74.0	72;56788;57864;+;152.6	82;65451;67433;+;349.6		82;65451;67433;+;78.4	B	8/9	contiguous	19915	1	1	61035..63128+;697;unnamed;0
NZ_AP019631.1	MPF_F	IncFII(pECLA);IncR	127	0	0	GA	0															not_admitted	not_admitted	not_admitted	not_admitted	not_admitted	not_admitted	not_admitted	not_admitted	not_admitted	not_admitted	1	51;36767;37765;+;360.7	60;43023;44387;+;366.1	54;40252;41034;+;212.1	43;30762;33371;+;222.6	61;44387;47677;+;306.8	35;26662;28071;+;97.0	43;30762;33371;+;104.6	33;25332;25913;+;97.8	52;37776;38399;+;63.4	53;38396;40255;+;213.8	65;49865;52432;+;365.0	41;29960;30514;+;43.9	65;49865;52432;+;76.7	A	9/9	contiguous	24533	1	1	47679..48368+;229;unnamed;0
NZ_AP019633.1	MPF_F	IncFII(pECLA);IncR	140	0	0	GA	0															not_admitted	not_admitted	not_admitted	not_admitted	not_admitted	not_admitted	not_admitted	not_admitted	not_admitted	not_admitted	1	73;52420;53418;+;360.7	81;58334;59698;+;367.2	76;55908;56690;+;213.5	65;46881;49490;+;223.4	82;59698;62979;+;309.0	58;42402;43811;+;97.0	65;46881;49490;+;100.8	56;41072;41653;+;94.6	74;53429;54052;+;63.6	75;54049;55911;+;216.3	86;65198;67765;+;368.1	63;46079;46633;+;44.5	86;65198;67765;+;71.4	A	9/9	contiguous	24126	1	1	62988..63701+;237;unnamed;0
NZ_AP019670.1	MPF_F	IncFIB(K);IncX3	272	1	1	GA	1	187;166919;167395;-;76.1	256;231626;231916;-;73.1	255;228848;231601;-;47.0	255;228848;231601;-;142.4	255;228848;231601;-;73.3	254;228068;228838;-;60.1	252;226734;227789;-;133.2		251;225811;226539;-;119.4	250;224876;225805;-;138.8	249;223665;224879;-;128.3	247;222435;223469;-;65.7	246;220597;222432;-;495.9	206;180697;182640;+;255.0	pfam	pfam_only	A	7/7	canonical	1	1	unscoreable	29	0	1	204;179069;180061;+;372.3	214;185703;187073;+;381.7	211;184167;184919;+;230.8	201;175407;178046;+;254.4	215;187073;189916;+;346.5	249;223665;224879;-;128.3	201;175407;178046;+;87.3	192;170220;170786;+;163.8	205;180074;180700;+;67.7	206;180697;182640;+;255.0	217;190661;192955;+;391.8	196;173117;173671;+;57.5	246;220597;222432;-;88.7	A	9/9	split_2	53445	1	1	189927..190454+;175;unnamed;0
NZ_AP019671.1	MPF_F	IncFII(Yp);IncFII(pAR0022)	177	0	0	GA	0															not_admitted	not_admitted	not_admitted	not_admitted	not_admitted	not_admitted	not_admitted	not_admitted	not_admitted	not_admitted	1	156;126739;127725;+;370.3	163;132021;133394;+;375.9	160;130472;131221;+;217.5	153;123115;125745;+;285.5	164;133394;136213;+;335.9	147;119693;121087;+;88.7	153;123115;125745;+;98.7	145;118410;118976;+;170.1	157;127742;128371;+;66.7	158;128368;130221;+;258.2	167;137611;139878;+;384.7	148;121109;121648;+;66.4	167;137611;139878;+;63.8	A	9/9	contiguous	19201	1	1	136238..136711+;157;TraS;0
NZ_AP019676.1	MPF_F	IncFIB(AP001918);IncFII	154	0	0	GA	0															not_admitted	not_admitted	not_admitted	not_admitted	not_admitted	not_admitted	not_admitted	not_admitted	not_admitted	not_admitted	1	101;105334;106326;-;369.3	90;97911;99284;-;381.0	95;100874;101617;-;235.0	104;107335;109962;-;304.6	89;95092;97914;-;389.2	110;112114;113541;-;94.3	104;107335;109962;-;99.2	113;114255;114821;-;183.8	98;103699;104337;-;68.6	97;101894;103702;-;268.0	86;91324;93558;-;391.5	106;110478;110993;-;78.4	86;91324;93558;-;70.3	A	9/9	contiguous	22931	1	1	94574..95071-;165;TraS;0
NZ_AP019677.1	MPF_F	IncFII(pCoo)	86	0	0	GA	0															not_admitted	not_admitted	not_admitted	not_admitted	not_admitted	not_admitted	not_admitted	not_admitted	not_admitted	not_admitted	1	63;50454;51446;+;367.0	75;57888;59261;+;376.8	71;55924;56667;+;234.4	59;46814;47638;+;160.2	76;59258;62083;+;375.5	52;41826;43253;+;94.7	60;47664;49445;+;99.8	50;40545;41111;+;183.8	66;52389;53027;+;70.8	69;53839;55647;+;266.5	80;64325;66631;+;391.6	55;44131;44646;+;76.1	80;64325;66631;+;70.2	A	9/9	contiguous	23780	1	1	62080..62589+;169;unnamed;0
NZ_AP019678.1	MPF_T	IncX1	67	0	0	GA	1	53;41828;42472;-;47.1	52;41554;41844;-;73.5	51;38771;41530;-;44.8	51;38771;41530;-;133.3	51;38771;41530;-;71.9	50;38032;38769;-;57.5	45;35359;36192;-;103.4		44;34447;35169;-;116.0	43;33512;34441;-;132.4	42;32301;33515;-;128.6	41;31246;32283;-;66.4	40;29406;31241;-;543.4		pfam	pfam_only	A	7/7	canonical	1	1	unscoreable	4	0	0														not_admitted	not_admitted	not_admitted	not_admitted	not_admitted	not_admitted	not_admitted
NZ_AP019679.1	MPF_T	IncX3	58	0	0	GA	1	43;36616;37260;-;46.4	42;36342;36632;-;73.1	41;33564;36317;-;47.0	41;33564;36317;-;142.4	41;33564;36317;-;73.3	40;32784;33554;-;60.1	38;31450;32505;-;133.2		37;30527;31255;-;119.4	36;29592;30521;-;138.8	35;28381;29595;-;128.3	33;27151;28185;-;65.7	32;25313;27148;-;495.9		pfam	pfam_only	A	7/7	canonical	1	1	unscoreable	2	0	0														not_admitted	not_admitted	not_admitted	not_admitted	not_admitted	not_admitted	not_admitted
NZ_AP019688.1	MPF_F	IncC	229	0	0	GA	0															not_admitted	not_admitted	not_admitted	not_admitted	not_admitted	not_admitted	not_admitted	not_admitted	not_admitted	not_admitted	1	85;62447;63454;+;332.9	218;174084;175517;+;339.0	217;173042;174082;+;220.8	80;57248;59695;+;354.5	219;175530;179159;+;369.1	75;48421;49737;+;135.5	80;57248;59695;+;128.6	73;46897;47523;+;92.7	83;60517;61782;+;67.6	86;63570;66365;+;145.3	65;40114;43086;+;29.8	76;49734;50312;+;100.2	65;40114;43086;+;51.1	A	9/9	split_2	135416	0	1	
NZ_AP019690.1	MPF_F	IncFII(K);repB(R1701)	104	0	0	GA	0															not_admitted	not_admitted	not_admitted	not_admitted	not_admitted	not_admitted	not_admitted	not_admitted	not_admitted	not_admitted	1	78;61795;62784;+;366.0	88;68275;69645;+;380.7	84;66321;67073;+;230.7	74;57713;60352;+;258.5	89;69645;72488;+;346.5	66;53032;54456;+;89.2	74;57713;60352;+;88.7	64;51739;52305;+;169.3	79;62797;63435;+;66.9	80;63494;65449;+;259.7	94;76138;78420;+;394.1	67;54570;55154;+;55.4	94;76138;78420;+;65.8	A	9/9	contiguous	24399	1	1	72499..73023+;174;unnamed;0
NZ_AP019741.1	-	-	257	0	0	GA	0															not_admitted	not_admitted	not_admitted	not_admitted	not_admitted	not_admitted	not_admitted	not_admitted	not_admitted	not_admitted	1	55;47574;48782;-;284.2	187;159739;161307;+;211.5	186;158643;159719;+;175.4	183;154502;157072;+;125.3	236;209576;212542;-;193.7	180;151678;153060;+;100.3	183;154502;157072;+;105.3	178;150043;150669;+;97.3	54;46699;47547;-;70.4	244;226630;228039;-;76.6		181;153063;153725;+;68.2		A	9/9	split_3	179931	1	1	207967..209448-;493;unnamed;0
NZ_AP019764.1	MPF_T	IncX1;IncX3	57	0	0	GA	1	44;38925;39572;-;45.2	43;38651;38947;-;77.7	42;35879;38632;-;46.6	42;35879;38632;-;147.7	42;35879;38632;-;75.3	41;35110;35868;-;63.5	39;33739;34872;-;108.2		38;32779;33492;-;117.1	37;31845;32774;-;133.9	36;30643;31848;-;132.5	35;29610;30641;-;76.6	32;26459;28243;-;490.9		pfam	pfam_only	A	7/7	canonical	1	1	unscoreable	3	0	0														not_admitted	not_admitted	not_admitted	not_admitted	not_admitted	not_admitted	not_admitted
NZ_AP019778.1	-	-	225	0	0	GA	0															not_admitted	not_admitted	not_admitted	not_admitted	not_admitted	not_admitted	not_admitted	not_admitted	not_admitted	not_admitted	1	59;85168;86232;-;311.5	53;77182;78630;-;328.6	54;78664;79611;-;244.1	63;88184;90583;-;256.8	52;73523;77185;-;345.3	68;92664;93992;-;120.5	63;88184;90583;-;132.0	70;94867;95484;-;104.3	60;86225;87391;-;44.2	58;82368;85166;-;137.6	19;26079;27923;-;49.4	66;91316;91870;-;69.8	19;26079;27923;-;48.7	A	9/9	split_2	68788	0	1	
NZ_AP019800.1	-	-	261	0	0	GA	0															not_admitted	not_admitted	not_admitted	not_admitted	not_admitted	not_admitted	not_admitted	not_admitted	not_admitted	not_admitted	1	52;54713;55915;+;230.7	122;114275;115741;+;122.4	121;113245;114285;+;164.6	48;49800;52331;+;183.1	123;115754;119716;+;120.0	76;79494;80912;-;55.6	48;49800;52331;+;88.8	78;81669;82238;-;98.3	51;53412;54716;+;51.3	35;32255;37459;-;62.1			59;61239;63209;-;40.6	B	8/9	split_2	83499	1	1	119880..120500+;206;unnamed;0
NZ_AP019804.1	MPF_F	IncFIB(pB171);IncFII	142	0	0	GA	0															not_admitted	not_admitted	not_admitted	not_admitted	not_admitted	not_admitted	not_admitted	not_admitted	not_admitted	not_admitted	1	114;95204;96196;+;372.1	125;101928;103301;+;380.7	120;99595;100338;+;233.3	111;91568;94195;+;303.5	126;103298;106117;+;386.2	106;87988;89439;+;94.6	111;91568;94195;+;100.3	104;86707;87273;+;183.2	115;96205;96843;+;68.6	118;97555;99318;+;267.9	129;107649;109838;+;391.8	110;90537;91052;+;79.0	129;107649;109838;+;70.4	A	9/9	contiguous	20942	1	1	106142..106633+;163;TraS;0
NZ_AP019818.1	MPF_F	IncC	164	0	0	GA	0															not_admitted	not_admitted	not_admitted	not_admitted	not_admitted	not_admitted	not_admitted	not_admitted	not_admitted	not_admitted	1	84;62447;63454;+;332.1	153;125589;127022;+;339.0	152;124559;125587;+;220.8	79;57248;59695;+;354.5	154;127035;130664;+;369.1	74;48421;49737;+;135.5	79;57248;59695;+;128.3	72;46897;47523;+;92.7	82;60517;61782;+;68.0	85;63570;66374;+;137.8	63;40114;43086;+;29.8	75;49734;50312;+;100.2	63;40114;43086;+;51.1	A	9/9	split_2	86921	0	1	
NZ_AP019851.1	-	-	317	0	0	GA	0															not_admitted	not_admitted	not_admitted	not_admitted	not_admitted	not_admitted	not_admitted	not_admitted	not_admitted	not_admitted	1	16;19504;20700;+;232.4	82;78804;80273;+;128.4	81;77780;78814;+;159.2	12;14594;17125;+;177.2	83;80285;84199;+;114.7	40;44103;45533;-;51.1	12;14594;17125;+;86.0	42;46296;46865;-;97.7	15;18188;19507;+;51.9	316;304090;306135;-;26.1			23;25918;27888;-;38.2	B	8/9	split_3	289496	1	1	84353..84982+;209;unnamed;0
NZ_AP019852.1	-	-	101	0	0	GA	0															not_admitted	not_admitted	not_admitted	not_admitted	not_admitted	not_admitted	not_admitted	not_admitted	not_admitted	not_admitted	1	49;45481;46554;-;304.1	2;7054;8451;-;264.0	3;8467;9468;-;175.8	52;48195;50777;-;198.5	1;2420;7051;-;173.3	56;52500;53819;-;115.0	52;48195;50777;-;120.5	58;54616;55182;-;44.9	50;46523;47665;-;40.0	45;39300;44177;-;103.4	61;56332;57903;-;34.1	55;51890;52495;-;50.5	61;56332;57903;-;38.8	A	9/9	split_2	53912	1	1	1159..1665-;168;unnamed;0
NZ_AP019854.1	MPF_T	-	45	0	0	GA	1		1;413;796;+;70.3	2;801;1118;+;34.8	3;1115;3679;+;93.3	3;1115;3679;+;98.1	8;7140;7916;+;67.8	9;8198;9757;+;103.8		4;3679;4386;+;142.4	5;4399;5265;+;180.2	7;5676;7127;+;215.1		30;25741;27630;-;445.1		conjscan	conjscan_only	B	6/7	canonical	1	0	unscoreable	2	0	0														not_admitted	not_admitted	not_admitted	not_admitted	not_admitted	not_admitted	not_admitted
NZ_AP021845.1	MPF_T	-	446	1	1	GA	1	327;273515;274207;-;82.5	394;338352;338735;-;86.7	393;338083;338355;-;32.1	392;335621;338071;-;42.3	392;335621;338071;-;138.4	391;334887;335624;-;223.0	389;333187;334551;-;179.3		388;332453;333157;-;232.3	387;331464;332456;-;224.4	386;330181;331461;-;204.5	395;338732;339799;-;117.4	397;340257;342272;-;346.4	309;258321;260228;-;258.7	conjscan	conjscan_only	A	7/7	canonical	1	0	unscoreable	19	0	1	312;262104;263150;-;362.2	304;253536;254999;-;217.3	305;255003;255803;-;204.3	317;265072;267741;-;226.8	303;250170;253526;-;277.6	386;330181;331461;-;204.5	317;265072;267741;-;120.7	322;271148;271948;-;124.7	311;261367;261852;-;83.1	309;258321;260228;-;258.7	397;340257;342272;-;105.6	318;267757;268350;-;57.9	397;340257;342272;-;99.4	A	9/9	split_2	90087	1	1	249641..250186-;181;unnamed;0
NZ_AP021871.1	-	-	138	0	0	GA	0															not_admitted	not_admitted	not_admitted	not_admitted	not_admitted	not_admitted	not_admitted	not_admitted	not_admitted	not_admitted	1	35;33560;34648;+;85.0			23;19972;22794;+;172.0							130;110809;112980;+;42.0		130;110809;112980;+;45.8	D	2/9	split_2	90837	0	0	
NZ_AP021897.1	MPF_T	IncP1	63	0	0	GA	1		33;24377;24760;+;68.7	34;24763;25089;+;50.6	35;25086;27629;+;96.2	35;25086;27629;+;107.1	40;31105;31875;+;104.8	41;32066;33625;+;112.1		36;27626;28333;+;89.8	37;28349;29239;+;152.4	39;29698;31092;+;224.7	32;23307;24263;+;135.9	5;4340;6286;-;442.7		conjscan	conjscan_only	A	7/7	canonical	1	0	unscoreable	2	0	0														not_admitted	not_admitted	not_admitted	not_admitted	not_admitted	not_admitted	not_admitted
NZ_AP021910.1	MPF_F	IncFIB(K);IncFII(pKP91)	146	0	0	GA	0															not_admitted	not_admitted	not_admitted	not_admitted	not_admitted	not_admitted	not_admitted	not_admitted	not_admitted	not_admitted	1	26;25546;26535;-;363.3	15;18360;19727;-;382.2	19;20985;21737;-;236.4	30;27992;30631;-;259.0	14;15511;18360;-;342.9	40;34611;36035;-;88.8	30;27992;30631;-;87.3	42;36762;37328;-;167.9	24;24623;25270;-;65.9	23;22609;24564;-;259.5	10;11417;13699;-;393.3	37;33415;33999;-;53.8	10;11417;13699;-;65.9	A	9/9	contiguous	25345	1	1	14978..15508-;176;unnamed;0
NZ_AP021915.1	MPF_F	IncFIB(AP001918);IncFIC(FII);IncQ1	163	0	0	GA	0															not_admitted	not_admitted	not_admitted	not_admitted	not_admitted	not_admitted	not_admitted	not_admitted	not_admitted	not_admitted	1	53;45949;46941;+;369.3	64;52627;54000;+;378.0	57;49670;50413;+;234.1	50;42313;44940;+;305.4	65;53997;56819;+;389.5	44;38831;40258;+;94.3	50;42313;44940;+;98.5	42;37550;38116;+;183.8	54;46950;47588;+;68.4	55;47585;49393;+;268.4	68;58348;60501;+;391.9	48;41282;41797;+;78.4	68;58348;60501;+;70.4	A	9/9	contiguous	20798	1	1	56841..57332+;163;TraS;0
NZ_AP021930.1	MPF_F	IncFIB(K);IncFII(pKP91)	156	0	0	GA	0															not_admitted	not_admitted	not_admitted	not_admitted	not_admitted	not_admitted	not_admitted	not_admitted	not_admitted	not_admitted	1	26;26323;27312;-;363.3	15;19137;20504;-;383.5	19;21762;22514;-;233.7	30;28769;31408;-;259.0	14;16315;19137;-;346.5	41;35376;36800;-;88.0	30;28769;31408;-;88.7	43;37527;38093;-;167.9	24;25400;26047;-;65.1	23;23386;25341;-;259.7	10;11417;13699;-;393.3	38;34180;34764;-;53.8	10;11417;13699;-;65.8	A	9/9	contiguous	26110	1	1	15690..16292-;200;TraS;0
NZ_AP021934.1	MPF_F	IncFIB(AP001918);IncFIC(FII)	113	0	0	GA	0															not_admitted	not_admitted	not_admitted	not_admitted	not_admitted	not_admitted	not_admitted	not_admitted	not_admitted	not_admitted	1	53;45949;46941;+;369.3	64;52627;54000;+;378.0	57;49670;50413;+;234.1	50;42313;44940;+;305.4	65;53997;56819;+;389.5	44;38831;40258;+;94.3	50;42313;44940;+;98.5	42;37550;38116;+;183.8	54;46950;47588;+;68.4	55;47585;49393;+;268.4	68;58348;60501;+;391.9	48;41282;41797;+;78.4	68;58348;60501;+;70.4	A	9/9	contiguous	20798	1	1	56841..57332+;163;TraS;0
NZ_AP021947.1	MPF_F	IncFIA;IncFIB(AP001918);IncFIC(FII)	222	0	0	GA	0															not_admitted	not_admitted	not_admitted	not_admitted	not_admitted	not_admitted	not_admitted	not_admitted	not_admitted	not_admitted	1	129;119427;120419;-;367.5	118;112368;113741;-;378.3	125;115955;116698;-;234.5	132;121428;124055;-;305.4	117;109549;112371;-;389.5	138;126110;127537;-;94.7	132;121428;124055;-;98.8	140;128252;128818;-;183.8	128;118780;119418;-;68.4	127;116975;118783;-;268.4	114;105777;108020;-;391.7	134;124571;125086;-;78.4	114;105777;108020;-;70.3	A	9/9	contiguous	22475	1	1	109036..109527-;163;TraS;0
NZ_AP021951.1	MPF_F	IncFIB(pNDM-Mar);RepB	302	0	0	GA	0															not_admitted	not_admitted	not_admitted	not_admitted	not_admitted	not_admitted	not_admitted	not_admitted	not_admitted	not_admitted	1	25;24186;25223;-;282.3	190;160952;162307;+;188.4	189;159868;160905;+;173.2	38;37289;40006;-;151.5	191;162282;166253;+;120.9	42;42119;43492;-;63.3	38;37289;40006;-;84.3	45;45138;45998;-;79.1	28;26566;27813;-;57.9	24;20994;24176;-;59.3	181;150563;152689;-;58.0	39;40051;40788;-;59.2	181;150563;152689;-;40.6	A	9/9	split_2	141288	0	1	
NZ_AP021953.1	MPF_F	IncFII(K)	142	0	0	GA	0															not_admitted	not_admitted	not_admitted	not_admitted	not_admitted	not_admitted	not_admitted	not_admitted	not_admitted	not_admitted	1	113;88978;89967;+;366.6	123;95458;96828;+;383.8	119;93504;94256;+;233.2	109;84896;87535;+;258.5	124;96828;99701;+;347.6	101;80078;81502;+;89.2	109;84896;87535;+;87.8	99;78785;79351;+;168.5	114;89980;90618;+;66.9	115;90677;92632;+;259.7	130;102454;104754;+;392.7	102;81616;81972;+;25.0	130;102454;104754;+;66.6	A	9/9	contiguous	23669	1	1	99712..100245+;177;unnamed;0
NZ_AP021954.1	MPF_F	IncFII(pBK30683)	125	0	0	GA	0															not_admitted	not_admitted	not_admitted	not_admitted	not_admitted	not_admitted	not_admitted	not_admitted	not_admitted	not_admitted	1	99;77766;78758;+;362.9		105;82312;83064;+;236.7	96;74101;76740;+;259.1		88;69331;70755;+;88.4	96;74101;76740;+;83.9	86;68038;68604;+;161.5	100;78771;79409;+;65.5	101;79468;81423;+;258.7	113;86768;89080;+;390.6	89;70869;71438;+;52.4	113;86768;89080;+;66.5	C	7/9	contiguous	18730	0	1	
NZ_AP021965.1	MPF_T	-	56	0	0	GA	1	14;6846;7493;+;45.4	15;7471;7767;+;67.5	16;7789;10542;+;44.2	16;7789;10542;+;147.9	16;7789;10542;+;75.3	17;10553;11308;+;68.9	19;11607;12701;+;113.0		20;12958;13671;+;118.7	21;13676;14605;+;133.9	22;14602;15807;+;132.5	23;15809;16840;+;76.3	24;16843;18678;+;484.5		pfam	pfam_only	A	7/7	canonical	1	1	unscoreable	1	0	0														not_admitted	not_admitted	not_admitted	not_admitted	not_admitted	not_admitted	not_admitted
NZ_AP021974.1	MPF_T	-	194	1	0	GA	1	24;19213;19746;+;61.5		110;81243;81560;+;63.3	111;81560;84160;+;111.8	111;81560;84160;+;76.4	112;84178;84891;+;105.5	114;85142;86182;+;142.4		115;86401;87099;+;131.9	116;87110;87994;+;159.7	117;87994;89154;+;156.3	118;89196;90191;+;81.2		5;2900;4777;-;231.9	pfam	both	B	6/7	canonical	1	0	unscoreable	20	0	1	7;5398;6396;-;363.9	1;839;1204;-;114.7	4;2115;2900;-;217.5	13;9027;11642;-;238.9		117;87994;89154;+;156.3	13;9027;11642;-;111.6	18;14976;15557;-;81.9	6;4774;5388;-;60.9	5;2900;4777;-;231.9		14;11692;12249;-;38.5		B	8/9	split_2	87155	0	1	
NZ_AP021984.1	MPF_F	RepB	278	0	0	GA	0															not_admitted	not_admitted	not_admitted	not_admitted	not_admitted	not_admitted	not_admitted	not_admitted	not_admitted	not_admitted	1	249;221960;222997;+;282.3	114;106838;108193;-;188.4	115;108240;109277;-;173.2	235;206277;208994;+;151.5	113;102892;106863;-;120.9	231;202791;204164;+;63.3	235;206277;208994;+;84.3	228;200285;201145;+;79.1	248;220602;221963;+;70.4	250;223007;226189;+;59.2	123;117522;119648;+;58.0	234;205495;206232;+;59.2	123;117522;119648;+;40.6	A	9/9	split_2	120115	0	1	
NZ_AP021985.1	MPF_F	IncFII(pAR0022);IncFII(pBK30683)	121	0	0	GA	0															not_admitted	not_admitted	not_admitted	not_admitted	not_admitted	not_admitted	not_admitted	not_admitted	not_admitted	not_admitted	1	91;75109;76101;+;372.3	101;81734;83104;+;383.1	98;80213;80965;+;222.2	88;71447;74086;+;258.9	102;83104;85959;+;333.3	81;66916;68337;+;88.0	88;71447;74086;+;88.4	79;65629;66195;+;161.7	92;76114;76740;+;68.3	93;76737;78692;+;254.3	105;87704;90022;+;390.7	83;68949;69518;+;55.7	105;87704;90022;+;66.8	A	9/9	contiguous	22075	1	1	85976..86647+;223;unnamed;0
NZ_AP022004.1	MPF_F	Col156;IncFIB(AP001918);IncFII	148	0	0	GA	0															not_admitted	not_admitted	not_admitted	not_admitted	not_admitted	not_admitted	not_admitted	not_admitted	not_admitted	not_admitted	1	58;45461;46453;+;369.5	73;53921;55294;+;381.7	66;50973;51716;+;234.4	55;41822;44452;+;297.8	74;55291;58110;+;373.5	48;37103;38554;+;93.8	55;41822;44452;+;99.0	46;35822;36388;+;174.3	61;47396;48034;+;70.8	64;48846;50696;+;265.0	78;60380;62623;+;391.7	51;39414;39929;+;82.8	78;60380;62623;+;70.3	A	9/9	contiguous	24558	1	1	58135..58626+;163;TraS;0
NZ_AP022007.1	MPF_F	IncFII(pBK30683);RepB	130	0	0	GA	0															not_admitted	not_admitted	not_admitted	not_admitted	not_admitted	not_admitted	not_admitted	not_admitted	not_admitted	not_admitted	1	41;48503;49495;-;362.9	30;41128;42495;-;380.9	35;44197;44949;-;236.7	44;50521;53160;-;259.1	29;38279;41128;-;342.7	52;56506;57930;-;88.4	44;50521;53160;-;83.9	54;58657;59223;-;161.5	40;47852;48490;-;65.5	39;45838;47793;-;258.7	25;34227;36539;-;390.6	51;55823;56392;-;52.4	25;34227;36539;-;66.5	A	9/9	contiguous	24430	1	1	37746..38276-;176;unnamed;0
NZ_AP022008.1	MPF_F	IncFII(K)	117	0	0	GA	0															not_admitted	not_admitted	not_admitted	not_admitted	not_admitted	not_admitted	not_admitted	not_admitted	not_admitted	not_admitted	1	72;58329;59318;+;366.6	82;64809;66179;+;383.8	78;62855;63607;+;233.2	68;54247;56886;+;258.5	83;66179;69052;+;347.6	60;49628;51052;+;89.3	68;54247;56886;+;87.8	58;48335;48901;+;168.5	73;59331;59969;+;66.9	74;60028;61983;+;259.7	86;70605;72905;+;392.7	61;51166;51750;+;54.4	86;70605;72905;+;66.6	A	9/9	contiguous	22270	1	1	69063..69596+;177;unnamed;0
NZ_AP022015.1	MPF_F	IncFIB(K);IncFIB(pNDM-Mar);RepB	398	0	0	GA	0															not_admitted	not_admitted	not_admitted	not_admitted	not_admitted	not_admitted	not_admitted	not_admitted	not_admitted	not_admitted	1	371;316409;317446;+;282.3	111;102701;104056;-;188.4	112;104103;105140;-;173.2	358;301626;304343;+;151.5	110;98755;102726;-;120.9	212;189429;190853;-;89.3	358;301626;304343;+;84.3	351;295634;296494;+;78.9	368;313819;315066;+;57.9	372;317456;320638;+;59.2	120;112319;114445;+;58.0	357;300844;301581;+;59.2	120;112319;114445;+;40.6	A	9/9	split_3	218701	0	1	
NZ_AP022017.1	MPF_F	IncFII(K)	128	0	0	GA	0															not_admitted	not_admitted	not_admitted	not_admitted	not_admitted	not_admitted	not_admitted	not_admitted	not_admitted	not_admitted	1	99;83698;84687;+;366.6	109;90178;91548;+;383.8	105;88224;88976;+;233.2	95;79616;82255;+;258.5	110;91548;94421;+;347.6	91;75950;77374;+;89.2	95;79616;82255;+;87.8	89;74657;75223;+;168.5	100;84700;85338;+;66.9	101;85397;87352;+;259.7	116;97174;99474;+;392.7	92;77488;77844;+;25.0	116;97174;99474;+;66.6	A	9/9	contiguous	22517	1	1	94432..94965+;177;unnamed;0
NZ_AP022018.1	MPF_F	IncFII(pBK30683)	134	0	0	GA	0															not_admitted	not_admitted	not_admitted	not_admitted	not_admitted	not_admitted	not_admitted	not_admitted	not_admitted	not_admitted	1	105;82797;83789;+;362.9	117;90574;91941;+;380.9	111;87343;88095;+;236.7	102;79132;81771;+;259.1	118;91941;94790;+;342.7	94;74362;75786;+;88.4	102;79132;81771;+;83.9	92;73069;73635;+;161.5	106;83802;84440;+;65.5	107;84499;86454;+;258.7	122;96530;98842;+;390.6	95;75900;76469;+;52.4	122;96530;98842;+;66.5	A	9/9	contiguous	23461	1	1	94793..95323+;176;unnamed;0
NZ_AP022021.1	MPF_T	pKPC-CAV1321	404	0	0	GA	0															not_admitted	not_admitted	not_admitted	not_admitted	not_admitted	not_admitted	not_admitted	not_admitted	not_admitted	not_admitted	1	166;131021;132088;+;276.8	186;148002;149444;+;260.7	185;146905;148005;+;198.4	162;126427;128913;+;223.8	187;149459;152977;+;240.0	20;12427;13638;-;128.3	162;126427;128913;+;120.8	156;119893;120519;+;87.1	165;129711;131024;+;41.0	189;153413;156070;+;136.9	17;9359;11194;-;64.4	159;123196;123762;+;71.6	17;9359;11194;-;88.7	A	9/9	split_2	144054	0	1	
NZ_AP022022.1	MPF_F	-	187	0	0	GA	0															not_admitted	not_admitted	not_admitted	not_admitted	not_admitted	not_admitted	not_admitted	not_admitted	not_admitted	not_admitted	1	125;96259;97257;+;363.9	131;101451;102824;+;365.2	128;99755;100540;+;217.5	119;91013;93628;+;238.9	132;102824;105817;+;307.9	116;88431;89822;+;87.2	119;91013;93628;+;111.6	114;87098;87679;+;81.9	126;97267;97881;+;60.9	127;97878;99755;+;231.9	136;108110;110548;+;367.0	118;90406;90963;+;38.5	136;108110;110548;+;70.7	A	9/9	contiguous	21012	1	1	105830..106615+;261;unnamed;0
NZ_AP022031.1	MPF_F	IncFII(pCoo)	78	0	0	GA	0															not_admitted	not_admitted	not_admitted	not_admitted	not_admitted	not_admitted	not_admitted	not_admitted	not_admitted	not_admitted	1	39;29080;30072;+;370.2	47;34768;36141;+;380.4	43;32804;33547;+;233.3	36;25444;28071;+;303.5	48;36138;38960;+;386.8	32;22105;23532;+;94.3	36;25444;28071;+;100.3	30;20824;21390;+;183.8	40;30081;30719;+;68.3	41;30716;32524;+;268.2	51;40494;42782;+;391.6	35;24413;24928;+;78.0	51;40494;42782;+;70.3	A	9/9	contiguous	19670	1	1	38981..39478+;165;TraS;0
NZ_AP022045.1	MPF_F	Col156;IncFIA;IncFIB(AP001918);IncFII(pRSB107)	176	1	0	GA	1	18;16751;17260;-;78.2		87;73281;73598;+;63.3	88;73598;75862;+;111.9	88;73598;75862;+;76.6						26;21451;22902;+;93.7		54;43453;45714;+;31.6	40;31914;33764;+;267.9	none	none	D	3/7	uncallable	0	0	unscoreable	35	0	1	37;29943;30935;+;369.5	49;36989;38362;+;381.7	42;34041;34784;+;233.1	34;26304;28934;+;304.1	50;38359;41181;+;389.2	26;21451;22902;+;93.7	34;26304;28934;+;98.7	24;20170;20736;+;174.3	39;31279;31917;+;68.6	40;31914;33764;+;267.9	54;43453;45714;+;391.6	29;23762;24277;+;82.8	54;43453;45714;+;70.3	A	9/9	contiguous	23283	1	1	41202..41699+;165;TraS;0
NZ_AP022050.1	MPF_F	IncFIB(AP001918);IncFII;IncQ1	141	0	0	GA	0															not_admitted	not_admitted	not_admitted	not_admitted	not_admitted	not_admitted	not_admitted	not_admitted	not_admitted	not_admitted	1	20;15219;16211;+;367.4	31;21897;23270;+;380.9	24;18940;19683;+;235.0	17;11583;14210;+;305.4	32;23267;26092;+;385.9	11;8101;9528;+;94.3	17;11583;14210;+;98.5	9;6820;7386;+;183.8	21;16220;16858;+;68.6	22;16855;18663;+;268.3	35;27595;29820;+;391.2	15;10552;11067;+;78.4	35;27595;29820;+;70.4	A	9/9	contiguous	20775	1	1	26089..26598+;169;unnamed;0
NZ_AP022059.1	MPF_T	IncN	89	0	0	GA	1	11;6423;7160;+;32.0		14;7803;8120;+;63.3	15;8120;10720;+;111.8	15;8120;10720;+;76.4	16;10738;11451;+;105.5	18;11702;12742;+;142.4		19;12961;13659;+;131.9	20;13670;14554;+;159.7	21;14554;15714;+;156.3	22;15756;16751;+;81.2	68;52864;54393;-;38.5		pfam	both	A	7/7	canonical	1	0	unscoreable	3	0	0														not_admitted	not_admitted	not_admitted	not_admitted	not_admitted	not_admitted	not_admitted
NZ_AP022072.1	MPF_F	IncFII(pSE11)	96	0	0	GA	0															not_admitted	not_admitted	not_admitted	not_admitted	not_admitted	not_admitted	not_admitted	not_admitted	not_admitted	not_admitted	1	34;25778;26770;+;369.5	49;33642;34511;+;297.3	41;30697;31440;+;234.4	31;22139;24769;+;297.8	51;35009;37834;+;386.2	23;17267;18694;+;94.1	31;22139;24769;+;98.7	21;15986;16552;+;174.3	38;27935;28573;+;68.5	39;28570;30420;+;267.2	55;40076;42283;+;391.2	26;19578;20093;+;78.4	55;40076;42283;+;70.3	A	9/9	contiguous	24090	1	1	37831..38340+;169;unnamed;0
NZ_AP022079.1	MPF_F	IncFIB(K);IncFII(K);IncFII(pAR0022)	248	0	0	GA	0															not_admitted	not_admitted	not_admitted	not_admitted	not_admitted	not_admitted	not_admitted	not_admitted	not_admitted	not_admitted	1	199;168109;169101;+;366.6	209;174618;175985;+;379.8	205;172609;173361;+;232.2	196;164444;167083;+;259.3	210;175985;178807;+;346.0	186;159188;160612;+;88.4	196;164444;167083;+;88.8	184;157895;158461;+;167.0	200;169114;169752;+;67.0	201;169811;171766;+;258.5	214;180776;183088;+;391.8	188;161254;161811;+;52.7	214;180776;183088;+;66.6	A	9/9	contiguous	22881	1	1	178831..179433+;200;TraS;0
NZ_AP022080.1	MPF_F	IncC	214	0	0	GA	0															not_admitted	not_admitted	not_admitted	not_admitted	not_admitted	not_admitted	not_admitted	not_admitted	not_admitted	not_admitted	1	55;49938;50945;+;332.9	154;135316;136749;+;339.2	153;134286;135314;+;221.7	50;44739;47186;+;354.2	155;136762;140376;+;375.3	211;172669;173829;+;156.3	50;44739;47186;+;128.6	43;34388;35014;+;92.1	53;48008;49273;+;67.6	56;51061;53856;+;145.3	34;28713;30578;+;47.4	46;37225;37803;+;100.2	34;28713;30578;+;52.0	A	9/9	split_3	143956	0	1	
NZ_AP022081.1	MPF_T	IncN	69	0	0	GA	1	31;27734;28468;-;32.5		28;26774;27091;-;63.3	24;20505;22961;-;113.9	24;20505;22961;-;51.1	23;19774;20487;-;105.5	21;18483;19523;-;142.4		20;17566;18264;-;131.9	19;16671;17555;-;159.7	18;15511;16671;-;156.3	17;14474;15469;-;81.2	8;4951;6480;+;38.5		pfam	both	A	7/7	canonical	1	0	unscoreable	14	0	0														not_admitted	not_admitted	not_admitted	not_admitted	not_admitted	not_admitted	not_admitted
NZ_AP022091.1	MPF_F	IncFII	85	0	0	GA	0															not_admitted	not_admitted	not_admitted	not_admitted	not_admitted	not_admitted	not_admitted	not_admitted	not_admitted	not_admitted	1	33;25003;25995;+;369.5	43;31773;33146;+;381.7	38;29101;29844;+;234.4	30;21364;23994;+;304.1	44;33143;35965;+;374.0	22;16511;17962;+;94.2	30;21364;23994;+;96.8	20;15230;15796;+;174.3	35;26339;26977;+;68.6	36;26974;28824;+;266.1	48;38237;40507;+;391.1	25;18822;19337;+;78.4	48;38237;40507;+;70.3	A	9/9	contiguous	23007	1	1	35987..36466+;159;TraS;0
NZ_AP022096.1	MPF_F	IncFIA;IncFIB(AP001918);IncFIC(FII)	154	0	0	GA	0															not_admitted	not_admitted	not_admitted	not_admitted	not_admitted	not_admitted	not_admitted	not_admitted	not_admitted	not_admitted	1	77;68245;69237;+;369.3	88;74923;76296;+;378.0	81;71966;72709;+;234.5	74;64609;67236;+;305.4	89;76293;79115;+;389.5	68;61127;62554;+;94.3	74;64609;67236;+;98.5	66;59846;60412;+;182.9	78;69246;69884;+;68.4	79;69881;71689;+;268.4	92;80644;82797;+;391.9	72;63578;64093;+;78.4	92;80644;82797;+;70.4	A	9/9	contiguous	20798	1	1	79137..79628+;163;TraS;0
NZ_AP022106.1	MPF_F	Col156;IncFIA;IncFIB(AP001918);IncFII	150	0	0	GA	0															not_admitted	not_admitted	not_admitted	not_admitted	not_admitted	not_admitted	not_admitted	not_admitted	not_admitted	not_admitted	1	87;71133;72125;+;367.4	97;77814;79187;+;380.9	91;74854;75597;+;235.0	84;67497;70124;+;305.4	98;79184;82009;+;385.9	78;64015;65442;+;94.3	84;67497;70124;+;98.5	76;62734;63300;+;183.8	88;72134;72772;+;68.6	89;72769;74577;+;268.3	101;83512;85728;+;388.8	82;66466;66981;+;78.4	101;83512;85728;+;70.4	A	9/9	contiguous	20778	1	1	82006..82515+;169;unnamed;0
NZ_AP022109.1	MPF_T	pKPC-CAV1321	389	1	1	GA	1	207;173755;174315;-;36.3	302;239949;240335;-;85.3	301;239683;239952;-;32.5	300;237220;239670;-;37.9	300;237220;239670;-;125.2	299;236480;237223;-;226.6	297;234777;236144;-;177.3		296;234054;234758;-;235.9	295;233065;234057;-;223.0	294;231782;233062;-;208.0	303;240332;241402;-;118.3	305;241872;243869;-;333.6	203;169099;171756;+;136.9	conjscan	conjscan_only	A	7/7	canonical	1	0	unscoreable	6	0	1	177;144640;145707;+;276.8	199;163688;165130;+;260.7	198;162591;163691;+;198.4	173;140046;142532;+;223.8	200;165145;167256;+;241.9	294;231782;233062;-;208.0	173;140046;142532;+;120.8	167;133512;134138;+;87.1	176;143330;144643;+;41.0	203;169099;171756;+;136.9	305;241872;243869;-;103.8	170;136815;137381;+;71.6	305;241872;243869;-;99.0	A	9/9	split_2	108360	1	1	167287..168663+;458;unnamed;0
NZ_AP022111.1	MPF_F	-	146	0	0	GA	0															not_admitted	not_admitted	not_admitted	not_admitted	not_admitted	not_admitted	not_admitted	not_admitted	not_admitted	not_admitted	1	43;32752;33738;+;355.4	50;38572;39936;+;368.8	47;36863;37714;+;198.3	40;29119;31704;+;243.8	51;39936;42779;+;340.1	38;27217;28545;+;93.7	40;29119;31704;+;88.7	36;25934;26500;+;129.7	44;33748;34362;+;76.4	46;35013;36866;+;243.3	54;44160;46355;+;381.6	39;28557;29108;+;44.8	54;44160;46355;+;63.9	A	9/9	contiguous	18226	1	1	42776..43345+;189;unnamed;0
NZ_AP022114.1	MPF_F	IncFIB(pQil);IncFII(K)	127	0	0	GA	0															not_admitted	not_admitted	not_admitted	not_admitted	not_admitted	not_admitted	not_admitted	not_admitted	not_admitted	not_admitted	1	25;26151;27140;-;366.6	15;19237;20604;-;384.6	19;21862;22614;-;233.7	30;29466;31235;-;259.8	14;16394;19237;-;346.2	38;34429;35853;-;89.2	29;28594;29484;-;44.3	40;36580;37146;-;168.5	24;25500;26138;-;66.9	23;23486;25441;-;259.7	10;11498;13810;-;393.1	37;33731;34315;-;54.4	10;11498;13810;-;66.6	A	9/9	contiguous	25082	1	1	15859..16383-;174;unnamed;0
NZ_AP022116.1	MPF_F	IncFII(pBK30683)	97	0	0	GA	0															not_admitted	not_admitted	not_admitted	not_admitted	not_admitted	not_admitted	not_admitted	not_admitted	not_admitted	not_admitted	1	42;32690;33679;+;366.6	52;39170;40540;+;383.8	48;37216;37968;+;230.9	38;28608;31247;+;258.5	53;40540;43413;+;347.6	30;23990;25414;+;89.2	38;28608;31247;+;88.2	28;22697;23263;+;168.5	43;33692;34330;+;66.9	44;34389;36344;+;259.7	56;44966;47275;+;392.7	31;25528;26112;+;54.4	56;44966;47275;+;66.6	A	9/9	contiguous	22269	1	1	43424..43957+;177;unnamed;0
NZ_AP022121.1	MPF_F	IncFIA;IncFIB(AP001918);IncFIC(FII)	154	0	0	GA	0															not_admitted	not_admitted	not_admitted	not_admitted	not_admitted	not_admitted	not_admitted	not_admitted	not_admitted	not_admitted	1	77;68244;69236;+;369.3	88;74922;76295;+;378.0	81;71965;72708;+;234.5	74;64608;67235;+;305.4	89;76292;79114;+;389.5	68;61126;62553;+;94.3	74;64608;67235;+;98.5	66;59845;60411;+;182.9	78;69245;69883;+;68.4	79;69880;71688;+;268.4	92;80643;82796;+;391.9	72;63577;64092;+;78.4	92;80643;82796;+;70.4	A	9/9	contiguous	20798	1	1	79136..79627+;163;TraS;0
NZ_AP022127.1	MPF_T	pKPC-CAV1321	250	0	0	GA	0															not_admitted	not_admitted	not_admitted	not_admitted	not_admitted	not_admitted	not_admitted	not_admitted	not_admitted	not_admitted	1	70;57107;58174;-;276.8	50;39754;41196;-;260.7	51;41193;42293;-;198.4	74;60282;62768;-;223.8	49;36221;39739;-;240.0	132;115430;116650;-;216.3	74;60282;62768;-;120.8		71;58171;59484;-;41.0	47;33128;35785;-;136.9		77;65433;65999;-;71.6		B	8/9	split_2	82302	0	1	
NZ_AP022129.1	MPF_T	IncX10	78	0	0	GA	1	64;48107;48751;-;45.7	63;47833;48123;-;73.1	62;45055;47808;-;47.0	62;45055;47808;-;146.6	62;45055;47808;-;65.8	61;44274;45044;-;62.0	59;42940;43995;-;131.2		58;41981;42709;-;119.7	57;41046;41975;-;140.2	56;39838;41049;-;128.3	54;38608;39642;-;65.4	53;36770;38605;-;495.5		pfam	pfam_only	A	7/7	canonical	1	1	unscoreable	2	0	0														not_admitted	not_admitted	not_admitted	not_admitted	not_admitted	not_admitted	not_admitted
NZ_AP022140.1	MPF_F	IncFII(pKP91);IncR	106	0	0	GA	0															not_admitted	not_admitted	not_admitted	not_admitted	not_admitted	not_admitted	not_admitted	not_admitted	not_admitted	not_admitted	1	81;57492;58481;+;366.6	91;63972;65342;+;383.8	87;62018;62770;+;233.2	77;53396;56035;+;256.4	92;65342;68215;+;345.6	70;49145;50569;+;89.2	77;53396;56035;+;88.7	68;47852;48418;+;169.3	82;58494;59132;+;66.9	83;59191;61146;+;259.7	95;69768;72077;+;392.7	71;50641;51225;+;54.3	95;69768;72077;+;66.6	A	9/9	contiguous	21916	1	1	68226..68759+;177;unnamed;0
NZ_AP022143.1	MPF_F	repFIB;repHI5B	257	0	0	GA	0															not_admitted	not_admitted	not_admitted	not_admitted	not_admitted	not_admitted	not_admitted	not_admitted	not_admitted	not_admitted	1	230;185253;186290;-;282.2	134;98831;100273;+;188.6	133;97837;98874;+;172.0	241;197159;199876;-;143.5	135;100248;104219;+;118.9	245;201999;203366;-;63.7	241;197159;199876;-;80.6	248;205021;205881;-;73.9	231;186287;187648;-;71.7	229;182062;185238;-;58.9	126;88494;90620;-;60.4	242;199925;200662;-;56.3	126;88494;90620;-;39.7	A	9/9	split_2	116527	0	1	
NZ_AP022172.1	MPF_F	Col156;IncFIB(AP001918);IncFII(29);IncFII(pRSB107)	221	0	0	GA	0															not_admitted	not_admitted	not_admitted	not_admitted	not_admitted	not_admitted	not_admitted	not_admitted	not_admitted	not_admitted	1	56;49277;50269;-;369.5	44;41850;43223;-;381.7	51;45428;46171;-;233.1	140;120102;122732;-;304.1	43;39031;41853;-;388.5	148;125974;127425;-;94.2	59;51278;53908;-;99.3	68;59181;59747;-;183.1	132;115731;116369;-;70.1	53;46448;48298;-;271.9	117;101409;103661;-;391.7	144;124355;124870;-;81.1	117;101409;103661;-;70.3	A	9/9	split_2	86943	1	1	38530..39009-;159;TraS;0
NZ_AP022175.1	MPF_F	IncFII	73	0	0	GA	0															not_admitted	not_admitted	not_admitted	not_admitted	not_admitted	not_admitted	not_admitted	not_admitted	not_admitted	not_admitted	1	41;30068;31060;+;369.5	51;36839;38212;+;381.7	46;34166;34909;+;234.4	38;26429;29059;+;304.1	52;38209;41031;+;374.0	31;21979;23430;+;94.2	38;26429;29059;+;97.1	29;20698;21264;+;174.3	43;31404;32042;+;68.6	44;32039;33889;+;266.1	56;43303;45564;+;391.1	34;24290;24805;+;78.4	56;43303;45564;+;70.3	A	9/9	contiguous	22605	1	1	41053..41532+;159;TraS;0
NZ_AP022178.1	MPF_T	IncFIB(AP001918);IncFIB(K)	139	0	0	GA	1	132;116363;117025;-;48.3	131;116053;116352;-;36.6	130;113293;116043;-;60.6	130;113293;116043;-;134.0	130;113293;116043;-;48.6	129;112558;113274;-;137.0	127;111237;112244;-;137.8		125;110341;111027;-;158.3	124;109455;110348;-;147.4	123;108262;109458;-;134.7	122;107209;108258;-;71.5	115;100564;102471;-;24.3		pfam	pfam_only	A	7/7	canonical	1	1	unscoreable	8	0	0														not_admitted	not_admitted	not_admitted	not_admitted	not_admitted	not_admitted	not_admitted
NZ_AP022185.1	MPF_F	IncFII(pKP91);repB(R1701)	144	0	0	GA	0															not_admitted	not_admitted	not_admitted	not_admitted	not_admitted	not_admitted	not_admitted	not_admitted	not_admitted	not_admitted	1	27;27261;28250;-;363.3	16;20076;21443;-;382.8	20;22700;23452;-;233.7	31;29707;32346;-;259.4	15;17233;20076;-;344.0	41;36308;37732;-;89.2	31;29707;32346;-;88.3	43;38459;39025;-;167.5	25;26338;26985;-;65.9	24;24324;26279;-;259.7	11;12337;14646;-;393.1	39;35112;35696;-;53.2	11;12337;14646;-;66.6	A	9/9	contiguous	26122	1	1	16698..17222-;174;unnamed;0
NZ_AP022208.1	MPF_F	Col156;IncFIB(AP001918);IncFII(29);IncFII(pSE11)	254	0	0	GA	0															not_admitted	not_admitted	not_admitted	not_admitted	not_admitted	not_admitted	not_admitted	not_admitted	not_admitted	not_admitted	1	71;54960;55952;+;369.5	83;62006;63379;+;381.7	162;129548;130291;+;234.4	68;51321;53951;+;304.0	84;63376;66198;+;388.5	147;117343;118770;+;94.1	68;51321;53951;+;99.3	59;45482;46048;+;183.1	73;56296;56934;+;68.6	74;56931;58781;+;271.9	174;138921;141110;+;391.8	150;119654;120169;+;78.4	89;68457;70634;+;70.3	A	9/9	split_2	93439	1	1	66220..66699+;159;TraS;0
NZ_AP022218.1	MPF_T	IncX1	64	0	0	GA	1	13;5839;6483;+;47.1	14;6467;6757;+;73.5	15;6781;9540;+;44.8	15;6781;9540;+;133.3	15;6781;9540;+;71.9	16;9542;10279;+;57.5	18;10561;11616;+;131.7		19;11806;12528;+;116.0	20;12534;13463;+;132.4	21;13460;14674;+;128.6	22;14692;15729;+;66.4	23;15734;17569;+;543.4		pfam	pfam_only	A	7/7	canonical	1	1	unscoreable	1	0	0														not_admitted	not_admitted	not_admitted	not_admitted	not_admitted	not_admitted	not_admitted
NZ_AP022223.1	MPF_F	IncFIA;IncFIB(AP001918);IncFII	164	0	0	GA	0															not_admitted	not_admitted	not_admitted	not_admitted	not_admitted	not_admitted	not_admitted	not_admitted	not_admitted	not_admitted	1	101;81857;82849;+;367.4	112;88535;89908;+;380.9	105;85578;86321;+;235.0	98;78221;80848;+;305.4	113;89905;92730;+;385.9	92;74739;76166;+;94.3	98;78221;80848;+;98.5	90;73458;74024;+;183.8	102;82858;83496;+;68.6	103;83493;85301;+;268.3	116;94233;96431;+;391.3	96;77190;77705;+;78.4	116;94233;96431;+;70.4	A	9/9	contiguous	20775	1	1	92727..93236+;169;unnamed;0
NZ_AP022225.1	MPF_F	IncFII(pSE11)	84	0	0	GA	0															not_admitted	not_admitted	not_admitted	not_admitted	not_admitted	not_admitted	not_admitted	not_admitted	not_admitted	not_admitted	1	50;39003;39995;+;369.5	62;46048;47421;+;381.7	55;43101;43844;+;235.0	47;35364;37994;+;297.8	63;47418;50243;+;374.0	40;30895;32346;+;94.2	47;35364;37994;+;98.7	38;29614;30180;+;174.3	52;40339;40977;+;68.5	53;40974;42824;+;267.9	67;52485;54818;+;391.6	43;33206;33721;+;78.4	67;52485;54818;+;70.2	A	9/9	contiguous	22871	1	1	50240..50749+;169;unnamed;0
NZ_AP022246.1	MPF_F	IncFIB(AP001918);IncFII	154	0	0	GA	0															not_admitted	not_admitted	not_admitted	not_admitted	not_admitted	not_admitted	not_admitted	not_admitted	not_admitted	not_admitted	1	58;45395;46387;+;369.3	69;52437;53810;+;381.0	64;50104;50847;+;235.0	55;41759;44386;+;304.6	70;53807;56629;+;389.2	49;38180;39607;+;94.3	55;41759;44386;+;99.2	46;36900;37466;+;183.8	61;47384;48022;+;68.6	62;48019;49827;+;268.0	73;58163;60397;+;391.5	53;40728;41243;+;78.4	73;58163;60397;+;70.3	A	9/9	contiguous	21263	1	1	56650..57147+;165;TraS;0
NZ_AP022247.1	MPF_F	IncFII(pCoo)	86	0	0	GA	0															not_admitted	not_admitted	not_admitted	not_admitted	not_admitted	not_admitted	not_admitted	not_admitted	not_admitted	not_admitted	1	31;23827;24819;+;367.0	43;31261;32634;+;376.8	39;29297;30040;+;234.4	27;20187;21011;+;160.2	44;32631;35456;+;375.5	20;15199;16626;+;94.7	28;21037;22818;+;99.8	18;13918;14484;+;183.8	34;25762;26400;+;70.8	37;27212;29020;+;266.5	48;37698;40004;+;391.6	23;17504;18019;+;76.1	48;37698;40004;+;70.2	A	9/9	contiguous	23780	1	1	35453..35962+;169;unnamed;0
NZ_AP022248.1	MPF_T	IncX1	67	0	0	GA	1	53;41828;42472;-;47.1	52;41554;41844;-;73.5	51;38771;41530;-;44.8	51;38771;41530;-;133.3	51;38771;41530;-;71.9	50;38032;38769;-;57.5	45;35359;36192;-;103.4		44;34447;35169;-;116.0	43;33512;34441;-;132.4	42;32301;33515;-;128.6	41;31246;32283;-;66.4	40;29406;31241;-;543.4		pfam	pfam_only	A	7/7	canonical	1	1	unscoreable	4	0	0														not_admitted	not_admitted	not_admitted	not_admitted	not_admitted	not_admitted	not_admitted
NZ_AP022249.1	MPF_T	IncX3	58	0	0	GA	1	12;6098;6742;+;46.4	13;6726;7016;+;73.1	14;7041;9794;+;47.0	14;7041;9794;+;142.4	14;7041;9794;+;73.3	15;9804;10574;+;60.1	17;10853;11908;+;133.2		18;12103;12831;+;119.4	19;12837;13766;+;138.8	20;13763;14977;+;128.3	22;15173;16207;+;65.7	23;16210;18045;+;495.9		pfam	pfam_only	A	7/7	canonical	1	1	unscoreable	2	0	0														not_admitted	not_admitted	not_admitted	not_admitted	not_admitted	not_admitted	not_admitted
NZ_AP022255.1	MPF_F	-	65	0	0	GA	0															not_admitted	not_admitted	not_admitted	not_admitted	not_admitted	not_admitted	not_admitted	not_admitted	not_admitted	not_admitted	1	53;38999;39988;+;359.1	59;44058;45428;+;367.4	57;42630;43493;+;206.5	50;35441;38017;+;234.2	60;45428;48262;+;318.6	47;33398;34732;+;90.2	50;35441;38017;+;89.5	45;32100;32666;+;124.4	54;39999;40598;+;72.3	56;40738;42633;+;242.0	63;49646;51856;+;382.1	48;34747;35304;+;44.7	63;49646;51856;+;63.1	A	9/9	contiguous	17546	1	1	48262..48822+;186;unnamed;0
NZ_AP022269.1	MPF_F	IncFIB(K);IncX3	272	1	1	GA	1	82;71250;71726;+;76.1	13;6729;7019;+;73.1	14;7044;9797;+;47.0	14;7044;9797;+;142.4	14;7044;9797;+;73.3	15;9807;10577;+;60.1	17;10856;11911;+;133.2		18;12106;12834;+;119.4	19;12840;13769;+;138.8	20;13766;14980;+;128.3	22;15176;16210;+;65.7	23;16213;18048;+;495.9	63;56005;57948;-;255.0	pfam	pfam_only	A	7/7	canonical	1	1	unscoreable	29	0	1	65;58584;59576;-;372.3	55;51572;52942;-;381.7	58;53726;54478;-;230.8	68;60599;63238;-;254.4	54;48729;51572;-;346.5	20;13766;14980;+;128.3	68;60599;63238;-;87.3	77;67859;68425;-;163.8	64;57945;58571;-;67.7	63;56005;57948;-;255.0	52;45690;47984;-;391.8	73;64974;65528;-;57.5	23;16213;18048;+;88.7	A	9/9	split_2	54093	1	1	48191..48718-;175;unnamed;0
NZ_AP022270.1	MPF_F	IncFII(Yp);IncFII(pAR0022)	177	0	0	GA	0															not_admitted	not_admitted	not_admitted	not_admitted	not_admitted	not_admitted	not_admitted	not_admitted	not_admitted	not_admitted	1	155;124621;125607;+;370.3	162;129903;131276;+;375.9	159;128354;129103;+;217.5	152;120997;123627;+;285.5	163;131276;134095;+;335.9	146;117575;118969;+;88.7	152;120997;123627;+;98.7	144;116292;116858;+;170.1	156;125624;126253;+;66.7	157;126250;128103;+;258.2	166;135493;137760;+;384.7	147;118991;119530;+;66.4	166;135493;137760;+;63.8	A	9/9	contiguous	19201	1	1	134120..134593+;157;TraS;0
NZ_AP022288.1	MPF_F	IncFIB(AP001918);IncFII(pSE11)	143	0	0	GA	0															not_admitted	not_admitted	not_admitted	not_admitted	not_admitted	not_admitted	not_admitted	not_admitted	not_admitted	not_admitted	1	78;65137;66129;+;369.5	90;72183;73556;+;381.7	83;69235;69978;+;234.1	75;61498;64128;+;297.8	91;73553;76378;+;373.9	67;57029;58456;+;93.9	75;61498;64128;+;98.7	65;55748;56314;+;174.3	80;66473;67111;+;68.5	81;67108;68958;+;266.9	95;78620;80935;+;391.6	70;59340;59855;+;78.4	95;78620;80935;+;70.3	A	9/9	contiguous	22872	1	1	76375..76884+;169;unnamed;0
NZ_AP022291.1	MPF_F	-	138	0	0	GA	0															not_admitted	not_admitted	not_admitted	not_admitted	not_admitted	not_admitted	not_admitted	not_admitted	not_admitted	not_admitted	1	104;95230;96216;-;355.4	97;89032;90396;-;368.8	100;91254;92105;-;198.2	107;97264;99849;-;245.5	96;86189;89032;-;340.1	109;100423;101751;-;92.7	107;97264;99849;-;88.7	111;102468;103034;-;129.7	103;94606;95220;-;76.4	101;92102;93955;-;244.5	93;82640;84808;-;381.7	108;99860;100411;-;44.9	93;82640;84808;-;63.9	A	9/9	contiguous	19828	1	1	85623..86192-;189;unnamed;0
NZ_AP022299.1	MPF_F	IncFIB(AP001918);IncFII(pRSB107)	141	0	0	GA	0															not_admitted	not_admitted	not_admitted	not_admitted	not_admitted	not_admitted	not_admitted	not_admitted	not_admitted	not_admitted	1	33;25415;26407;+;367.7	43;31802;33175;+;383.2	37;29124;29867;+;234.4	30;21779;24406;+;304.2	44;33172;35994;+;385.6	24;18437;19888;+;91.3	30;21779;24406;+;97.4	22;17156;17722;+;182.5	34;26416;27042;+;65.7	35;27039;28847;+;265.0	48;38240;40447;+;391.3	27;20748;21263;+;76.5	48;38240;40447;+;69.8	A	9/9	contiguous	21084	1	1	36016..36495+;159;TraS;0
NZ_AP022300.1	MPF_F	IncFII	99	0	0	GA	0															not_admitted	not_admitted	not_admitted	not_admitted	not_admitted	not_admitted	not_admitted	not_admitted	not_admitted	not_admitted	1	44;31767;32759;+;369.5	54;38538;39911;+;381.7	49;35865;36608;+;234.4	41;28128;30758;+;304.1	55;39908;42730;+;374.0	33;23275;24726;+;94.2	41;28128;30758;+;96.8	31;21994;22560;+;174.3	46;33103;33741;+;68.6	47;33738;35588;+;266.1	59;45002;47299;+;391.0	36;25586;26101;+;78.4	59;45002;47299;+;70.2	A	9/9	contiguous	23008	1	1	42752..43231+;159;TraS;0
NZ_AP022320.1	MPF_T	-	253	0	0	GA	1	55;53584;54504;+;35.8	44;44325;44693;+;68.9	45;44690;44992;+;44.8	46;44979;47642;+;70.0	46;44979;47642;+;79.1	47;47654;48316;+;76.4	50;48952;49818;+;142.8		51;49815;50492;+;90.3	52;50531;51340;+;187.4	53;51342;52565;+;177.9	54;52575;53597;+;111.5	59;58638;60281;-;59.2		pfam	both	A	7/7	canonical	1	0	unscoreable	5	0	0														not_admitted	not_admitted	not_admitted	not_admitted	not_admitted	not_admitted	not_admitted
NZ_AP022328.1	MPF_F	IncFII(pSFO)	81	0	0	GA	0															not_admitted	not_admitted	not_admitted	not_admitted	not_admitted	not_admitted	not_admitted	not_admitted	not_admitted	not_admitted	1	53;40918;41910;+;369.5	65;47964;49337;+;381.2	58;45016;45759;+;234.4	50;37279;39909;+;297.8	66;49334;52159;+;372.3	43;32810;34237;+;93.9	50;37279;39909;+;98.7	41;31529;32095;+;174.3	55;42254;42892;+;68.5	56;42889;44739;+;266.9	70;54401;56599;+;391.8	46;35121;35636;+;78.4	70;54401;56599;+;70.4	A	9/9	contiguous	22872	1	1	52156..52665+;169;unnamed;0
NZ_AP022338.1	MPF_T	-	275	0	0	GA	1	221;208225;209379;-;71.6	224;212187;212477;-;70.2	223;211897;212142;-;73.9	222;209376;211907;-;91.0	222;209376;211907;-;43.1	220;207398;208228;-;72.9	213;201980;203059;-;128.1		219;206732;207385;-;160.1	218;206034;206729;-;169.7	217;204643;206037;-;174.5	216;203652;204641;-;107.3	186;178495;180519;+;285.0		pfam	both	A	7/7	canonical	1	0	unscoreable	2	0	0														not_admitted	not_admitted	not_admitted	not_admitted	not_admitted	not_admitted	not_admitted
NZ_AP022339.1	MPF_T	-	117	0	0	GA	1	16;13425;14591;+;80.0	12;10244;10534;+;74.0	13;10544;10822;+;80.1	14;10812;13208;+;91.4	14;10812;13208;+;41.9	17;14588;15385;+;62.2	23;19564;20589;+;127.5		18;15382;16059;+;137.6	19;16056;16769;+;166.2	20;16766;18091;+;172.6	21;18093;19127;+;102.3	26;22110;23231;-;167.2		pfam	both	A	7/7	canonical	1	0	unscoreable	4	0	0														not_admitted	not_admitted	not_admitted	not_admitted	not_admitted	not_admitted	not_admitted
NZ_AP022340.1	-	-	78	0	0	GA	1	47;49546;50658;-;72.5	51;53619;53900;-;91.6	50;53229;53507;-;62.5	49;50861;53239;-;76.2	49;50861;53239;-;48.4	46;48782;49549;-;61.7	44;47334;48347;-;118.6		43;46636;47316;-;183.8	42;45896;46630;-;178.9	41;44469;45893;-;167.5	39;43474;43770;-;55.4	33;35310;37223;+;293.0		pfam	pfam_only	A	7/7	canonical	1	0	unscoreable	7	0	0														not_admitted	not_admitted	not_admitted	not_admitted	not_admitted	not_admitted	not_admitted
NZ_AP022349.1	MPF_T	IncN	65	0	0	GA	1	20;15017;15751;+;32.5		23;16394;16711;+;63.3	24;16711;19311;+;113.8	24;16711;19311;+;76.4	25;19329;20042;+;105.5	27;20293;21333;+;142.4		28;21552;22250;+;131.9	29;22261;23145;+;159.7	30;23145;24305;+;156.3	31;24347;25342;+;81.2	40;33336;34865;-;38.5		pfam	both	A	7/7	canonical	1	0	unscoreable	11	0	0														not_admitted	not_admitted	not_admitted	not_admitted	not_admitted	not_admitted	not_admitted
NZ_AP022350.1	MPF_T	IncN	50	0	0	GA	1	20;14906;15640;+;32.5		23;16283;16600;+;63.3	24;16600;19200;+;113.8	24;16600;19200;+;76.4	25;19218;19931;+;105.5									pfam	both	D	1/7	uncallable	0	0	unscoreable	2	0	0														not_admitted	not_admitted	not_admitted	not_admitted	not_admitted	not_admitted	not_admitted
NZ_AP022353.1	MPF_F	IncFIA;IncFIB(AP001918);IncFII;IncN	161	0	0	GA	0															not_admitted	not_admitted	not_admitted	not_admitted	not_admitted	not_admitted	not_admitted	not_admitted	not_admitted	not_admitted	1	59;47337;48329;+;367.4	72;56603;57976;+;380.9	65;53646;54389;+;235.0	56;43701;46328;+;305.4	73;57973;60798;+;385.9	50;40219;41646;+;94.3	56;43701;46328;+;98.5	48;38938;39504;+;183.8	60;48338;48976;+;68.6	61;48973;50781;+;268.3	76;62301;64490;+;391.3	54;42670;43185;+;78.4	76;62301;64490;+;70.4	A	9/9	contiguous	23363	1	1	60795..61304+;169;unnamed;0
NZ_AP022354.1	MPF_F	IncFII(pSE11);IncN	153	1	1	GA	1	113;92837;93346;-;78.2		50;40547;40864;+;63.3	51;40864;43464;+;113.8	51;40864;43464;+;76.4	52;43482;44195;+;105.5	54;44446;45486;+;142.4		55;45705;46403;+;131.9	56;46414;47298;+;159.7	57;47298;48458;+;156.3	58;48500;49495;+;81.2	67;57489;59018;-;38.5	134;107433;109283;+;266.9	pfam	both	A	7/7	canonical	1	0	unscoreable	30	0	1	131;105462;106454;+;369.5	143;112508;113881;+;381.7	136;109560;110303;+;234.4	128;101823;104453;+;297.8	144;113878;114729;+;241.3	57;47298;48458;+;156.3	128;101823;104453;+;99.9	119;96073;96639;+;174.3	133;106798;107436;+;68.5	134;107433;109283;+;266.9	0;1;2235;+;391.7	124;99665;100180;+;78.4	0;1;2235;+;70.3	A	9/9	split_3	113877	1	1	114800..115225+;141;unnamed;0
NZ_AP022355.1	MPF_F	IncFII(pSE11)	142	1	1	GA	1	8;7771;8280;-;78.2		95;76962;77279;+;63.3	96;77279;79879;+;113.8	96;77279;79879;+;76.4	97;79897;80610;+;105.5	99;80861;81901;+;142.4		100;82120;82818;+;131.9	101;82829;83713;+;159.7	102;83713;84873;+;156.3	103;84915;85910;+;81.2	112;93904;95433;-;38.5	29;22367;24217;+;266.9	pfam	both	A	7/7	canonical	1	0	unscoreable	30	0	1	26;20396;21388;+;369.5	38;27442;28815;+;381.7	31;24494;25237;+;234.4	23;16757;19387;+;297.8	39;28812;29663;+;241.3	102;83713;84873;+;156.3	23;16757;19387;+;99.9	14;11007;11573;+;174.3	28;21732;22370;+;68.5	29;22367;24217;+;266.9	47;36419;38653;+;391.7	19;14599;15114;+;78.4	47;36419;38653;+;70.3	A	9/9	split_2	72706	1	1	29734..30159+;141;unnamed;0
NZ_AP022356.1	MPF_T	IncN	65	0	0	GA	1	20;15575;16309;+;32.5		23;16952;17269;+;63.3	24;17269;19869;+;113.8	24;17269;19869;+;76.4	25;19887;20600;+;105.5	27;20851;21891;+;142.4		28;22110;22808;+;131.9	29;22819;23703;+;159.7	30;23703;24863;+;156.3	31;24905;25900;+;81.2	40;33894;35423;-;38.5		pfam	both	A	7/7	canonical	1	0	unscoreable	11	0	0														not_admitted	not_admitted	not_admitted	not_admitted	not_admitted	not_admitted	not_admitted
NZ_AP022358.1	MPF_T	IncFIB(K);IncFII(K);IncFII(pAR0022)	214	0	0	GA	1	35;27860;28594;+;32.5		38;29237;29554;+;63.3	39;29554;32154;+;113.8	39;29554;32154;+;76.4	40;32172;32885;+;105.5	42;33136;34176;+;142.4		43;34395;35093;+;131.9	44;35104;35988;+;159.7	45;35988;37148;+;156.3	46;37190;38185;+;81.2	55;46179;47708;-;38.5		pfam	both	A	7/7	canonical	1	0	unscoreable	11	0	0														not_admitted	not_admitted	not_admitted	not_admitted	not_admitted	not_admitted	not_admitted
NZ_AP022359.1	MPF_F	IncFIA;IncFIB(AP001918);IncFII(pRSB107);IncN	172	1	1	GA	1	50;40923;41432;-;79.6		121;102844;103161;+;63.3	122;103161;105761;+;113.8	122;103161;105761;+;76.4	123;105779;106492;+;105.5	125;106743;107783;+;142.4		126;108002;108700;+;131.9	127;108711;109595;+;159.7	128;109595;110755;+;156.3	129;110797;111792;+;81.2	138;119786;121315;-;38.5	70;54323;56173;+;266.7	pfam	both	A	7/7	canonical	1	0	unscoreable	29	0	1	67;52352;53344;+;369.5	80;61103;62476;+;386.6	72;56450;57193;+;231.4	64;48716;51343;+;303.9	81;62473;65292;+;386.3	128;109595;110755;+;156.3	64;48716;51343;+;96.5	56;44099;44665;+;184.3	69;53688;54326;+;68.7	70;54323;56173;+;266.7	85;67550;69793;+;391.7	61;47685;48200;+;75.2	85;67550;69793;+;70.3	A	9/9	split_2	65496	1	1	65317..65808+;163;TraS;0
NZ_AP022361.1	MPF_F	IncFIA;IncFIB(AP001918)	167	0	0	GA	0															not_admitted	not_admitted	not_admitted	not_admitted	not_admitted	not_admitted	not_admitted	not_admitted	not_admitted	not_admitted	1	93;82462;83454;-;369.5	82;75354;76727;-;382.9	88;78655;79398;-;234.4	96;84463;87090;-;300.9	81;72538;75357;-;385.4	102;89243;90670;-;93.9	96;84463;87090;-;101.1	104;91385;91951;-;182.7	91;81480;82118;-;70.7	90;79675;81483;-;267.1	78;68808;71006;-;380.8	98;87606;88121;-;76.0	78;68808;71006;-;66.5	A	9/9	contiguous	22577	1	1	72022..72513-;163;TraS;0
NZ_AP022363.1	MPF_F	IncFIA;IncFIB(AP001918)	172	0	0	GA	0															not_admitted	not_admitted	not_admitted	not_admitted	not_admitted	not_admitted	not_admitted	not_admitted	not_admitted	not_admitted	1	98;85207;86199;-;369.5	87;78099;79472;-;382.9	93;81400;82143;-;234.4	101;87208;89835;-;300.9	86;75283;78102;-;385.4	107;91988;93415;-;93.9	101;87208;89835;-;101.1	109;94130;94696;-;182.7	96;84225;84863;-;70.7	95;82420;84228;-;267.1	83;71553;73751;-;380.8	103;90351;90866;-;76.0	83;71553;73751;-;66.5	A	9/9	contiguous	22577	1	1	74767..75258-;163;TraS;0
NZ_AP022364.1	MPF_F	IncFIA;IncFIB(AP001918)	138	0	0	GA	0															not_admitted	not_admitted	not_admitted	not_admitted	not_admitted	not_admitted	not_admitted	not_admitted	not_admitted	not_admitted	1	73;65122;66114;+;369.5		78;69178;69921;+;234.4	70;61486;64113;+;300.9		64;57906;59333;+;93.9	70;61486;64113;+;101.1	62;56625;57191;+;182.7	75;66458;67096;+;70.7	76;67093;68901;+;267.1	102;92303;94510;-;380.8	68;60455;60970;+;76.0	102;92303;94510;-;66.5	C	7/9	split_2	35678	0	1	
NZ_AP022365.1	MPF_F	IncFIA;IncFIB(AP001918)	167	0	0	GA	0															not_admitted	not_admitted	not_admitted	not_admitted	not_admitted	not_admitted	not_admitted	not_admitted	not_admitted	not_admitted	1	93;82462;83454;-;369.5	82;75354;76727;-;382.9	88;78655;79398;-;234.4	96;84463;87090;-;300.9	81;72538;75357;-;385.4	102;89243;90670;-;93.9	96;84463;87090;-;101.1	104;91385;91951;-;182.7	91;81480;82118;-;70.7	90;79675;81483;-;267.1	78;68808;71006;-;380.8	98;87606;88121;-;76.0	78;68808;71006;-;66.5	A	9/9	contiguous	22577	1	1	72022..72513-;163;TraS;0
NZ_AP022366.1	MPF_F	IncFIA;IncFIB(AP001918)	156	0	0	GA	0															not_admitted	not_admitted	not_admitted	not_admitted	not_admitted	not_admitted	not_admitted	not_admitted	not_admitted	not_admitted	1	82;70851;71843;-;369.5	71;63743;65116;-;382.9	77;67044;67787;-;234.4	85;72852;75479;-;300.9	70;60927;63746;-;385.4	91;77632;79059;-;93.9	85;72852;75479;-;101.1	93;79774;80340;-;182.7	80;69869;70507;-;70.7	79;68064;69872;-;267.1	67;57188;59395;-;380.8	87;75995;76510;-;76.0	67;57188;59395;-;66.5	A	9/9	contiguous	22586	1	1	60411..60902-;163;TraS;0
NZ_AP022367.1	MPF_T	IncFIB(AP001918);IncN	109	0	0	GA	1			92;73844;74161;-;63.3	89;72494;72925;-;64.1			84;69268;70212;-;142.8		83;68310;69008;-;131.9	82;67415;68299;-;159.7	81;66255;67415;-;156.3	80;65218;66213;-;81.2	71;55695;57224;+;38.5		none	none	A	7/7	canonical	0	0	unscoreable	14	0	0														not_admitted	not_admitted	not_admitted	not_admitted	not_admitted	not_admitted	not_admitted
NZ_AP022368.1	MPF_F	IncFIA;IncFIB(AP001918)	168	0	0	GA	0															not_admitted	not_admitted	not_admitted	not_admitted	not_admitted	not_admitted	not_admitted	not_admitted	not_admitted	not_admitted	1	94;83350;84342;-;369.5	83;76242;77615;-;382.9	89;79543;80286;-;234.4	97;85351;87978;-;300.9	82;73426;76245;-;385.4	103;90131;91558;-;94.3	97;85351;87978;-;101.1	105;92273;92839;-;182.7	92;82368;83006;-;70.7	91;80563;82371;-;267.1	79;69687;71894;-;380.8	99;88494;89009;-;76.0	79;69687;71894;-;66.5	A	9/9	contiguous	22586	1	1	72910..73401-;163;TraS;0
NZ_AP022369.1	MPF_F	IncFIA;IncFIB(AP001918)	170	0	0	GA	0															not_admitted	not_admitted	not_admitted	not_admitted	not_admitted	not_admitted	not_admitted	not_admitted	not_admitted	not_admitted	1	73;65128;66120;+;369.5	84;71855;73228;+;382.9	78;69184;69927;+;234.4	70;61492;64119;+;300.9	85;73225;76044;+;385.4	64;57912;59339;+;93.9	70;61492;64119;+;101.1	62;56631;57197;+;182.7	75;66464;67102;+;70.7	76;67099;68907;+;267.1	88;77576;79756;+;380.8	68;60461;60976;+;76.0	88;77576;79756;+;66.5	A	9/9	contiguous	20945	1	1	76069..76560+;163;TraS;0
NZ_AP022370.1	MPF_I	IncFII(pSDP9R)	118	0	0	GA	1	41;25692;26171;+;73.3		93;73129;73446;+;63.3	94;73446;76046;+;113.8	94;73446;76046;+;76.4	95;76064;76777;+;105.5	97;77028;78068;+;142.4		98;78287;78985;+;131.9	99;78996;79880;+;159.7	100;79880;81040;+;156.3	44;27454;28641;+;122.0			pfam	both	B	6/7	canonical	1	0	unscoreable	5	0	0														not_admitted	not_admitted	not_admitted	not_admitted	not_admitted	not_admitted	not_admitted
NZ_AP022377.1	MPF_F	IncC	189	0	0	GA	0															not_admitted	not_admitted	not_admitted	not_admitted	not_admitted	not_admitted	not_admitted	not_admitted	not_admitted	not_admitted	1	96;69562;70569;+;333.7	178;141520;142953;+;339.3	177;140490;141518;+;223.5	91;64363;66810;+;354.2	179;142966;146580;+;374.6	86;55536;56852;+;135.0	91;64363;66810;+;128.3	84;54012;54638;+;91.7	94;67632;68897;+;68.1	97;70687;73491;+;136.8	75;48336;50201;+;47.3	87;56849;57427;+;99.7	75;48336;50201;+;52.0	A	9/9	split_2	94630	0	1	
NZ_AP022390.1	MPF_F	IncC	183	0	0	GA	0															not_admitted	not_admitted	not_admitted	not_admitted	not_admitted	not_admitted	not_admitted	not_admitted	not_admitted	not_admitted	1	91;66033;67040;+;332.9	166;131575;133008;+;340.0	165;130545;131573;+;221.7	86;60834;63281;+;354.2	167;133021;136635;+;375.3	78;50776;52092;+;135.0	86;60834;63281;+;128.6	76;49252;49878;+;92.1	89;64103;65368;+;67.6	92;67156;69951;+;145.3	67;43577;45442;+;47.4	79;52089;52667;+;100.2	67;43577;45442;+;52.0	A	9/9	split_2	89444	0	1	
NZ_AP022395.1	MPF_F	IncC	250	0	0	GA	0															not_admitted	not_admitted	not_admitted	not_admitted	not_admitted	not_admitted	not_admitted	not_admitted	not_admitted	not_admitted	1	160;144593;145600;-;332.9	12;11006;12439;-;339.2	13;12441;13469;-;221.7	165;148352;150799;-;354.2	11;7379;10993;-;375.3	170;158310;159626;-;135.0	165;148352;150799;-;128.6	172;160524;161150;-;92.1	162;146265;147530;-;67.6	159;141682;144477;-;145.3	181;164960;166825;-;47.4	169;157735;158313;-;100.2	181;164960;166825;-;52.0	A	9/9	split_2	157581	0	1	
NZ_AP022397.1	MPF_F	IncFII(pAR0022);IncFII(pRSB107)	89	0	0	GA	0															not_admitted	not_admitted	not_admitted	not_admitted	not_admitted	not_admitted	not_admitted	not_admitted	not_admitted	not_admitted	1	70;60134;61120;+;368.4	78;65833;67203;+;376.7	74;63867;64616;+;218.2	67;56510;59140;+;285.5	79;67203;70025;+;336.5	61;53088;54482;+;90.9	67;56510;59140;+;98.6	59;51805;52371;+;169.9	71;61137;61766;+;66.9	72;61763;63616;+;257.4	82;71361;73553;+;384.8	62;54504;55043;+;64.9	82;71361;73553;+;63.9	A	9/9	contiguous	19556	1	1	70047..70478+;143;TraS;0
NZ_AP022400.1	MPF_F	IncC	250	0	0	GA	0															not_admitted	not_admitted	not_admitted	not_admitted	not_admitted	not_admitted	not_admitted	not_admitted	not_admitted	not_admitted	1	88;64802;65809;+;332.9	236;197952;199385;+;339.2	235;196922;197950;+;221.7	83;59603;62050;+;354.2	237;199398;203012;+;375.3	78;50776;52092;+;135.0	83;59603;62050;+;128.6	76;49252;49878;+;92.1	86;62872;64137;+;67.6	89;65925;68720;+;145.3	67;43577;45442;+;47.4	79;52089;52667;+;100.2	67;43577;45442;+;52.0	A	9/9	split_2	155821	0	1	
NZ_AP022401.1	MPF_F	IncFII(pAR0022);IncFII(pRSB107)	89	0	0	GA	0															not_admitted	not_admitted	not_admitted	not_admitted	not_admitted	not_admitted	not_admitted	not_admitted	not_admitted	not_admitted	1	71;60142;61128;+;368.3	78;65424;66797;+;375.9	75;63875;64624;+;217.5	68;56518;59148;+;285.5	79;66797;69616;+;335.9	62;53096;54490;+;88.7	68;56518;59148;+;98.6	60;51813;52379;+;170.1	72;61145;61774;+;66.7	73;61771;63624;+;258.2	82;71014;73245;+;384.8	63;54512;55051;+;66.4	82;71014;73245;+;63.9	A	9/9	contiguous	19201	1	1	69641..70114+;157;TraS;0
NZ_AP022403.1	MPF_T	-	53	0	0	GA	1		6;5206;5514;+;67.6	7;5525;5842;+;84.6	8;5839;8289;+;144.0	8;5839;8289;+;84.6	9;8311;8955;+;97.0	11;9228;10241;+;161.4		13;10591;11349;+;142.7	14;11352;12173;+;197.9	15;12173;13360;+;188.9	16;13338;14375;+;83.1	17;14338;16266;+;403.5		pfam	both	A	7/7	canonical	1	0	unscoreable	2	0	0														not_admitted	not_admitted	not_admitted	not_admitted	not_admitted	not_admitted	not_admitted
NZ_AP022410.1	MPF_F	-	97	0	0	GA	0															not_admitted	not_admitted	not_admitted	not_admitted	not_admitted	not_admitted	not_admitted	not_admitted	not_admitted	not_admitted	1	62;50216;51208;+;369.5	74;57262;58635;+;386.6	67;54314;55057;+;234.4	59;46577;49207;+;303.8	75;58632;61457;+;386.5	51;41724;43175;+;94.2	59;46577;49207;+;96.8	49;40443;41009;+;174.3	64;51552;52190;+;68.6	65;52187;54037;+;266.1	79;63687;65876;+;391.8	54;44035;44550;+;78.4	79;63687;65876;+;70.3	A	9/9	contiguous	23244	1	1	61454..61963+;169;unnamed;0
NZ_AP022432.1	MPF_F	repE(pEh60-7)	186	0	0	GA	0															not_admitted	not_admitted	not_admitted	not_admitted	not_admitted	not_admitted	not_admitted	not_admitted	not_admitted	not_admitted	1	168;136910;137908;+;360.1	177;143142;144506;+;364.4	171;140395;141177;+;212.4	158;130080;132689;+;223.5	178;144506;147787;+;311.4	150;126116;127525;+;97.0	158;130080;132689;+;104.6	148;124786;125367;+;93.4	169;137919;138542;+;63.6	170;138539;140398;+;207.6	183;150446;153037;+;366.9	156;129278;129832;+;44.6	183;150446;153037;+;71.1	A	9/9	contiguous	25660	1	1	147796..148509+;237;unnamed;0
NZ_AP022433.1	MPF_F	IncFII(pAR0022)	116	0	0	GA	0															not_admitted	not_admitted	not_admitted	not_admitted	not_admitted	not_admitted	not_admitted	not_admitted	not_admitted	not_admitted	1	90;74552;75538;+;367.9	97;79861;81234;+;375.9	94;78312;79061;+;218.5	87;70928;73558;+;285.5	98;81234;84056;+;336.5	8;7530;8750;+;216.3	87;70928;73558;+;98.6	79;66223;66789;+;169.9	91;75555;76184;+;66.4	92;76181;78061;+;259.6	101;85745;87970;+;384.8	82;68922;69461;+;65.3	101;85745;87970;+;63.9	A	9/9	split_2	78215	1	1	84075..84572+;165;TraS;0
NZ_AP022436.1	MPF_T	IncX10	64	0	0	GA	1	13;6453;7097;+;45.7	14;7081;7371;+;73.1	15;7396;10149;+;47.0	15;7396;10149;+;146.6	15;7396;10149;+;65.8	16;10160;10930;+;62.0	18;11209;12264;+;131.2		19;12495;13223;+;119.7	20;13229;14158;+;140.2	21;14155;15366;+;128.3	23;15562;16596;+;65.4	24;16599;18434;+;495.5		pfam	pfam_only	A	7/7	canonical	1	1	unscoreable	2	0	0														not_admitted	not_admitted	not_admitted	not_admitted	not_admitted	not_admitted	not_admitted
NZ_AP022447.1	MPF_T	pKPC-CAV1321	335	0	0	GA	0															not_admitted	not_admitted	not_admitted	not_admitted	not_admitted	not_admitted	not_admitted	not_admitted	not_admitted	not_admitted	1	235;200533;201600;+;276.8	256;217624;218052;+;120.2	255;216527;217627;+;198.4	231;195939;198425;+;223.8	258;219194;222712;+;240.0	130;97158;98378;+;216.3	231;195939;198425;+;120.8	225;189483;190031;+;74.5	234;199223;200536;+;41.0	260;223148;225814;+;136.9	217;184655;186631;+;22.7	228;192708;193274;+;71.6	217;184655;186631;+;33.5	A	9/9	split_2	125990	0	1	
NZ_AP022448.1	MPF_F	IncFII(pAR0022);IncFII(pRSB107)	93	0	0	GA	0															not_admitted	not_admitted	not_admitted	not_admitted	not_admitted	not_admitted	not_admitted	not_admitted	not_admitted	not_admitted	1	74;64563;65549;+;367.9	82;70296;71666;+;377.3	78;68330;69079;+;218.7	71;60939;63569;+;285.5	83;71666;74527;+;335.1	65;57517;58911;+;90.9	71;60939;63569;+;97.9	63;56234;56800;+;169.9	75;65566;66195;+;66.6	76;66192;68087;+;258.3	86;76203;78446;+;384.8	66;58933;59472;+;67.5	86;76203;78446;+;63.8	A	9/9	contiguous	19969	1	1	74546..75031+;161;TraS;0
NZ_AP022466.1	MPF_F	IncFIB(K);IncFII(Yp);IncFII(pAR0022)	376	0	0	GA	0															not_admitted	not_admitted	not_admitted	not_admitted	not_admitted	not_admitted	not_admitted	not_admitted	not_admitted	not_admitted	1	113;90568;91560;+;370.3	121;96302;97672;+;377.9	117;94336;95085;+;217.0	110;86950;89580;+;285.5	130;102905;105727;+;336.5	34;30633;31853;+;216.3	110;86950;89580;+;98.6	102;82245;82811;+;169.0	114;91577;92206;+;65.6	115;92203;94080;+;260.5	133;107063;109255;+;384.8	105;84944;85483;+;67.5	133;107063;109255;+;63.9	A	9/9	split_2	76430	1	1	105749..106180+;143;TraS;0
NZ_AP022467.1	MPF_T	IncW	40	0	0	GA	1	19;16599;17297;-;43.3	17;15910;16215;-;70.9	16;15583;15897;-;84.9	15;13109;15580;-;122.0	15;13109;15580;-;98.5	14;12423;13112;-;157.1	12;11154;12182;-;174.7						7;3934;5457;+;51.8		pfam	both	D	3/7	canonical	1	0	unscoreable	6	0	0														not_admitted	not_admitted	not_admitted	not_admitted	not_admitted	not_admitted	not_admitted
NZ_AP022476.1	MPF_T	-	61	0	0	GA	1	44;34492;35364;-;21.6		42;33651;33941;-;58.5	41;31003;33651;-;103.6	41;31003;33651;-;89.9	40;30228;31001;-;104.7	38;28897;29964;-;123.7		37;27898;28617;-;132.5	36;27017;27895;-;151.5	35;25863;27020;-;161.8	34;24820;25851;-;80.5	29;18354;19892;+;47.8		pfam	both	A	7/7	canonical	1	0	unscoreable	6	0	0														not_admitted	not_admitted	not_admitted	not_admitted	not_admitted	not_admitted	not_admitted
NZ_AP022483.1	MPF_F	IncFIA(pBK30683);IncFIB(AP001918);IncFII	167	0	0	GA	0															not_admitted	not_admitted	not_admitted	not_admitted	not_admitted	not_admitted	not_admitted	not_admitted	not_admitted	not_admitted	1	40;30418;31410;+;367.4	51;37096;38469;+;380.9	44;34139;34882;+;235.0	37;26782;29409;+;305.4	52;38466;41291;+;385.9	31;23300;24727;+;94.3	37;26782;29409;+;98.5	29;22019;22585;+;183.8	41;31419;32057;+;68.6	42;32054;33862;+;268.3	55;42794;44983;+;391.3	35;25751;26266;+;78.4	55;42794;44983;+;70.4	A	9/9	contiguous	20775	1	1	41288..41797+;169;unnamed;0
NZ_AP022484.1	MPF_T	IncI2(Delta)	87	0	0	GA	1	44;32467;32949;-;81.1	60;48994;49284;-;28.9	59;48603;48887;-;36.5	58;46240;48597;-;60.7	58;46240;48597;-;44.1	70;54031;54672;-;42.8	71;54678;55673;-;128.5		56;45340;46074;-;144.4	55;44573;45343;-;170.5	54;43444;44583;-;154.7	47;34717;36255;-;207.1	52;40332;42290;-;287.0		pfam	pfam_only	A	7/7	rearranged	1	0	unscoreable	15	1	0														not_admitted	not_admitted	not_admitted	not_admitted	not_admitted	not_admitted	not_admitted
NZ_AP022487.1	MPF_F	IncC	183	0	0	GA	0															not_admitted	not_admitted	not_admitted	not_admitted	not_admitted	not_admitted	not_admitted	not_admitted	not_admitted	not_admitted	1	91;66034;67041;+;332.9	166;131576;133009;+;340.0	165;130546;131574;+;221.7	86;60835;63282;+;354.2	167;133022;136636;+;375.3	78;50776;52092;+;135.0	86;60835;63282;+;128.6	76;49252;49878;+;92.1	89;64104;65369;+;67.6	92;67157;69952;+;145.3	67;43577;45442;+;47.4	79;52089;52667;+;100.2	67;43577;45442;+;52.0	A	9/9	split_2	89445	0	1	
NZ_AP022495.1	MPF_F	IncC	249	0	0	GA	0															not_admitted	not_admitted	not_admitted	not_admitted	not_admitted	not_admitted	not_admitted	not_admitted	not_admitted	not_admitted	1	159;143562;144569;-;332.9	12;11006;12439;-;339.2	13;12441;13469;-;221.7	164;147321;149768;-;354.2	11;7379;10993;-;375.3	169;157279;158595;-;135.0	164;147321;149768;-;128.6	171;159493;160119;-;92.1	161;145234;146499;-;67.6	158;140651;143446;-;145.3	180;163929;165794;-;47.4	168;156704;157282;-;100.2	180;163929;165794;-;52.0	A	9/9	split_2	156550	0	1	
NZ_AP022496.1	MPF_F	Col(pHAD28);IncFII(pAR0022)	128	0	0	GA	0															not_admitted	not_admitted	not_admitted	not_admitted	not_admitted	not_admitted	not_admitted	not_admitted	not_admitted	not_admitted	1	95;84966;85952;+;368.4	102;90248;91621;+;375.9	99;88699;89448;+;218.5	92;81342;83972;+;285.5	103;91621;94443;+;336.5	86;77920;79314;+;90.9	92;81342;83972;+;98.6	84;76637;77203;+;169.9	96;85969;86598;+;66.9	97;86595;88448;+;257.4	106;96132;98357;+;384.8	87;79336;79875;+;64.9	106;96132;98357;+;63.9	A	9/9	contiguous	19495	1	1	94462..94959+;165;TraS;0
NZ_AP022499.1	MPF_T	pKPC-CAV1321	344	0	0	GA	0															not_admitted	not_admitted	not_admitted	not_admitted	not_admitted	not_admitted	not_admitted	not_admitted	not_admitted	not_admitted	1	220;188707;189774;+;276.8	240;205685;207127;+;260.7	239;204588;205688;+;198.4	216;184113;186599;+;223.8	241;207142;210660;+;240.0	64;61296;62516;-;216.3	216;184113;186599;+;120.8	210;177579;178205;+;87.1	219;187397;188710;+;40.7	243;211096;213753;+;136.9	204;173055;175031;+;22.7	213;180882;181448;+;71.6	204;173055;175031;+;33.5	A	9/9	split_2	149800	0	1	
NZ_AP022500.1	MPF_F	IncFIB(pENTAS01);IncFII(pENTA)	158	0	0	GA	0															not_admitted	not_admitted	not_admitted	not_admitted	not_admitted	not_admitted	not_admitted	not_admitted	not_admitted	not_admitted	1	85;70670;71665;+;357.4	92;76051;77415;+;360.6	88;74153;74941;+;215.5	77;64638;67244;+;212.9	93;77415;80834;+;301.3	71;61281;62684;+;90.2	77;64638;67244;+;99.9	69;59951;60532;+;96.7	86;71676;72299;+;62.0	87;72296;74152;+;204.1	99;83650;86208;+;364.4	75;63914;64468;+;44.6	99;83650;86208;+;69.4	A	9/9	contiguous	23699	1	1	80843..81544+;233;unnamed;0
NZ_AP022501.1	MPF_F	IncFII(pAR0022)	115	0	0	GA	0															not_admitted	not_admitted	not_admitted	not_admitted	not_admitted	not_admitted	not_admitted	not_admitted	not_admitted	not_admitted	1	90;72142;73134;+;370.3	98;77849;79219;+;377.9	94;75883;76632;+;217.0	87;68524;71154;+;285.5	99;79219;82080;+;333.9	81;65102;66496;+;91.7	87;68524;71154;+;98.1	79;63819;64385;+;169.9	91;73151;73780;+;65.6	92;73777;75627;+;258.9	102;83756;85984;+;384.8	82;66518;67057;+;65.7	102;83756;85984;+;63.9	A	9/9	contiguous	19937	1	1	82099..82584+;161;TraS;0
NZ_AP022511.1	MPF_F	IncHI2;IncHI2A	319	0	0	GA	0															not_admitted	not_admitted	not_admitted	not_admitted	not_admitted	not_admitted	not_admitted	not_admitted	not_admitted	not_admitted	1	29;32376;33434;+;276.9	169;164997;166412;-;194.1	170;166402;167448;-;173.7	11;9056;11737;+;168.0	168;161038;164988;-;101.6	7;5371;6726;+;80.7	11;9056;11737;+;72.2	4;2859;3647;+;74.8	27;30723;32234;+;62.8	30;33453;36641;+;58.3	176;174489;176573;+;56.7	10;8097;9047;+;46.4	176;174489;176573;+;38.8	A	9/9	split_3	171630	0	1	
NZ_AP022514.1	MPF_F	IncC	251	0	0	GA	0															not_admitted	not_admitted	not_admitted	not_admitted	not_admitted	not_admitted	not_admitted	not_admitted	not_admitted	not_admitted	1	161;145784;146791;-;332.9	12;11006;12439;-;339.2	13;12441;13469;-;221.7	166;149543;151990;-;354.2	11;7379;10993;-;375.3	171;159501;160817;-;135.0	166;149543;151990;-;128.6	173;161715;162341;-;92.1	163;147456;148721;-;67.6	160;142873;145668;-;145.3	182;166151;168016;-;47.4	170;158926;159504;-;100.2	182;166151;168016;-;52.0	A	9/9	split_2	158772	0	1	
NZ_AP022526.1	MPF_F	IncFIA;IncFII;IncN	137	0	0	GA	0															not_admitted	not_admitted	not_admitted	not_admitted	not_admitted	not_admitted	not_admitted	not_admitted	not_admitted	not_admitted	1	111;97483;98475;+;367.4	122;104161;105534;+;380.9	115;101204;101947;+;235.0	108;93847;96474;+;305.4	123;105531;108356;+;385.9	102;90365;91792;+;94.3	108;93847;96474;+;98.5	100;89084;89650;+;183.8	112;98484;99122;+;68.6	113;99119;100927;+;268.3	126;109859;112048;+;391.3	106;92816;93331;+;78.4	126;109859;112048;+;70.4	A	9/9	contiguous	20775	1	1	108353..108862+;169;unnamed;0
NZ_AP022529.1	MPF_T	IncN3	60	0	0	GA	1	32;24150;24932;+;33.2	34;25179;25475;+;36.0	35;25515;25832;+;71.4	36;25833;28406;+;117.0	36;25833;28406;+;76.5	37;28422;29132;+;107.4	39;29401;30438;+;121.1	40;30515;30646;+;40.1	41;30657;31352;+;127.9	21;16910;17764;-;143.1	20;15777;16910;-;171.5	19;14725;15726;-;90.0	13;7501;9033;+;54.7		pfam	both	A	7/7	canonical	1	0	ga	17	0	0														not_admitted	not_admitted	not_admitted	not_admitted	not_admitted	not_admitted	not_admitted
NZ_AP022534.1	MPF_F	IncFIC(FII)	137	0	0	GA	0															not_admitted	not_admitted	not_admitted	not_admitted	not_admitted	not_admitted	not_admitted	not_admitted	not_admitted	not_admitted	1	54;41211;42203;+;369.5	65;48256;49629;+;381.7	117;89187;89930;+;235.0	51;37572;40202;+;305.1	66;49626;52472;+;384.1	43;32718;34169;+;94.0	51;37572;40202;+;97.1	41;31437;32003;+;172.8	56;42547;43185;+;68.6	57;43182;45032;+;272.0	128;98581;100797;+;391.7	46;35029;35544;+;82.8	71;55727;56917;+;71.7	A	9/9	split_2	67144	1	1	52469..52978+;169;unnamed;0
NZ_AP022541.1	MPF_F	IncHI2	232	0	0	GA	0															not_admitted	not_admitted	not_admitted	not_admitted	not_admitted	not_admitted	not_admitted	not_admitted	not_admitted	not_admitted	1	216;190808;191866;-;276.9	89;76696;78111;+;194.1	88;75660;76706;+;174.3	0;102;2783;-;168.0	90;78120;82073;+;101.6	4;5113;6468;-;80.9	0;102;2783;-;72.2	7;8192;8980;-;74.8	218;192008;193519;-;62.0	215;187601;190789;-;57.3	81;66534;68618;-;56.8	1;2792;3742;-;46.1	81;66534;68618;-;38.8	A	9/9	split_3	191906	1	1	82254..83543+;429;unnamed;0
NZ_AP022543.1	MPF_F	IncFIB(AP001918);IncFIC(FII)	127	0	0	GA	0															not_admitted	not_admitted	not_admitted	not_admitted	not_admitted	not_admitted	not_admitted	not_admitted	not_admitted	not_admitted	1	79;70851;71843;-;369.3	56;46136;47509;+;378.0	49;43179;43922;+;234.1	82;72852;75479;-;305.4	57;47506;50328;+;389.5	88;77534;78961;-;94.3	82;72852;75479;-;98.5	90;79676;80242;-;183.8	78;70204;70842;-;68.4	47;41232;42902;+;268.6	60;51857;54010;+;391.9	84;75995;76510;-;78.4	60;51857;54010;+;70.4	A	9/9	contiguous	38444	1	1	50350..50841+;163;TraS;0
NZ_AP022551.1	MPF_T	IncP1	56	0	0	GA	1	34;27953;28726;-;21.7	48;39155;39538;-;68.3	47;38826;39152;-;50.2	46;36685;38829;-;99.4	46;36685;38829;-;109.3	38;30796;31566;-;107.5	36;29061;30656;-;119.6		42;34329;35036;-;88.1	41;33423;34313;-;156.2	39;31579;32973;-;218.2	49;39652;40608;-;133.6	19;13260;15203;+;443.4		conjscan	conjscan_only	A	7/7	canonical	1	0	unscoreable	7	0	0														not_admitted	not_admitted	not_admitted	not_admitted	not_admitted	not_admitted	not_admitted
NZ_AP022552.1	MPF_T	IncX3	58	0	0	GA	1	13;5822;6469;+;45.2	14;6447;6743;+;77.5	15;6762;9515;+;46.6	15;6762;9515;+;148.0	15;6762;9515;+;73.5	16;9526;10284;+;67.3	18;10581;11711;+;103.0		19;11956;12669;+;120.0	20;12674;13603;+;136.3	21;13600;14805;+;132.5	22;14807;15838;+;76.4	23;15841;17676;+;489.3		pfam	pfam_only	A	7/7	canonical	1	1	unscoreable	1	0	0														not_admitted	not_admitted	not_admitted	not_admitted	not_admitted	not_admitted	not_admitted
NZ_AP022652.1	MPF_T	IncX1	56	0	0	GA	1	43;38516;39163;-;45.2	42;38242;38538;-;65.9	41;35467;38220;-;44.2	41;35467;38220;-;148.0	41;35467;38220;-;71.6	40;34698;35456;-;67.3	38;33327;34460;-;106.4		37;32369;33082;-;119.7	36;31435;32364;-;136.0	35;30233;31438;-;132.5	34;29200;30231;-;76.5	33;27362;29197;-;489.3		pfam	pfam_only	A	7/7	canonical	1	1	unscoreable	1	0	0														not_admitted	not_admitted	not_admitted	not_admitted	not_admitted	not_admitted	not_admitted
NZ_AP022666.1	MPF_T	pKPC-CAV1321	377	0	0	GA	0															not_admitted	not_admitted	not_admitted	not_admitted	not_admitted	not_admitted	not_admitted	not_admitted	not_admitted	not_admitted	1	253;216958;218025;+;276.8	273;233936;235378;+;260.7	272;232839;233939;+;198.4	249;212364;214850;+;223.8	274;235393;238911;+;240.0	141;108186;109406;+;216.3	249;212364;214850;+;120.8	243;205830;206456;+;87.1	252;215648;216961;+;41.0	276;239347;242004;+;136.9	237;201306;203282;+;22.7	246;209133;209699;+;71.6	237;201306;203282;+;33.5	A	9/9	split_2	131161	0	1	
NZ_AP022667.1	MPF_T	IncFIB(K)	173	0	0	GA	1	159;139196;139729;+;63.9		105;88444;88761;+;63.3	106;88761;91361;+;113.8	106;88761;91361;+;76.4	107;91379;92092;+;105.5	109;92343;93383;+;142.4		110;93602;94300;+;131.9	111;94311;95195;+;159.7	112;95195;96355;+;156.3	113;96397;97392;+;81.2			pfam	both	B	6/7	canonical	1	0	unscoreable	3	0	0														not_admitted	not_admitted	not_admitted	not_admitted	not_admitted	not_admitted	not_admitted
NZ_AP022812.1	MPF_F	IncFIB(AP001918);IncFII(pCoo)	134	0	0	GA	0															not_admitted	not_admitted	not_admitted	not_admitted	not_admitted	not_admitted	not_admitted	not_admitted	not_admitted	not_admitted	1	78;74031;75023;-;369.3	67;66874;68247;-;383.6	73;70182;70925;-;233.8	81;76032;78659;-;304.2	66;64055;66877;-;382.7	87;80550;82001;-;94.0	81;76032;78659;-;97.4	89;82716;83282;-;182.3	76;73049;73687;-;70.6	75;71202;73052;-;266.4	62;59611;61809;-;390.6	84;79175;79690;-;79.9	62;59611;61809;-;70.3	A	9/9	contiguous	23105	1	1	63554..64033-;159;TraS;0
NZ_AP022816.1	MPF_F	IncFIB(AP001918);IncFII(pCoo)	135	0	0	GA	0															not_admitted	not_admitted	not_admitted	not_admitted	not_admitted	not_admitted	not_admitted	not_admitted	not_admitted	not_admitted	1	79;74089;75081;-;369.3	68;66932;68305;-;383.6	74;70240;70983;-;233.8	82;76090;78717;-;304.2	67;64113;66935;-;382.7	88;80608;82059;-;94.0	82;76090;78717;-;97.4	90;82774;83340;-;182.3	77;73107;73745;-;70.6	76;71260;73110;-;266.4	63;59606;61867;-;390.5	85;79233;79748;-;79.9	63;59606;61867;-;70.3	A	9/9	contiguous	23168	1	1	63612..64091-;159;TraS;0
NZ_AP022827.1	-	-	126	0	0	GA	0															not_admitted	not_admitted	not_admitted	not_admitted	not_admitted	not_admitted	not_admitted	not_admitted	not_admitted	not_admitted	1	105;85272;86258;+;349.4	65;52751;54190;-;233.1	103;83885;84646;+;116.6	68;55104;57659;-;125.5	102;79411;83898;+;200.0	73;59976;61265;-;108.0	68;55104;57659;-;113.0	75;62032;62595;-;112.2	107;86985;87911;+;66.3	63;49441;51576;-;105.9	57;43664;44947;-;272.7	71;58601;59209;-;23.0	57;43664;44947;-;78.3	A	9/9	contiguous	43321	1	1	83885..84646+;253;unnamed;0
NZ_AP022840.1	MPF_F	-	146	0	0	GA	0															not_admitted	not_admitted	not_admitted	not_admitted	not_admitted	not_admitted	not_admitted	not_admitted	not_admitted	not_admitted	1	90;85231;86214;-;352.5	83;79294;80664;-;322.0	86;81509;82288;-;140.0	93;87175;89727;-;185.3	82;76430;79297;-;248.1	94;89982;91421;-;45.7	93;87175;89727;-;87.7	96;92214;92774;-;102.8	88;84089;84751;-;88.8	87;82285;84030;-;221.2	80;73871;75772;-;396.4		80;73871;75772;-;80.7	B	8/9	contiguous	18343	1	1	75814..76437-;207;unnamed;0
NZ_AP023037.1	-	-	32	0	0	GA	1		25;38200;38484;-;29.6		24;35495;37909;-;145.9			15;26637;27824;+;31.0		22;32524;33459;-;78.8	21;31090;32430;-;87.2	20;29775;31127;-;154.4	18;28574;29542;-;100.1	10;19291;21177;+;250.1		none	none	A	7/7	uncallable	0	0	unscoreable	8	0	0														not_admitted	not_admitted	not_admitted	not_admitted	not_admitted	not_admitted	not_admitted
NZ_AP023051.1	MPF_F	IncC	207	0	0	GA	0															not_admitted	not_admitted	not_admitted	not_admitted	not_admitted	not_admitted	not_admitted	not_admitted	not_admitted	not_admitted	1	95;72656;73663;+;332.9	193;161718;163151;+;339.2	192;160688;161716;+;221.7	90;67457;69904;+;354.2	194;163164;166778;+;375.3	80;52812;54128;+;135.0	90;67457;69904;+;128.6	78;51288;51914;+;92.1	93;70726;71991;+;67.6	96;73779;76574;+;145.3	69;45613;47478;+;47.4	81;54125;54703;+;100.2	69;45613;47478;+;52.0	A	9/9	split_2	117551	0	1	
NZ_AP023056.1	-	-	42	0	0	GA	1	32;26256;26849;-;43.6			29;23216;25597;-;67.3	29;23216;25597;-;50.7	28;22587;23219;-;62.3	25;21069;22034;-;94.2		23;20092;20892;-;158.5	22;19334;20095;-;167.7	21;18070;19341;-;148.4	20;17049;18035;-;90.7	19;15286;17049;-;364.5		pfam	pfam_only	A	7/7	canonical	1	0	unscoreable	5	0	0														not_admitted	not_admitted	not_admitted	not_admitted	not_admitted	not_admitted	not_admitted
NZ_AP023078.1	MPF_F	-	90	0	0	GA	0															not_admitted	not_admitted	not_admitted	not_admitted	not_admitted	not_admitted	not_admitted	not_admitted	not_admitted	not_admitted	1	52;44626;45669;+;369.2	57;49648;51075;+;325.8	55;48438;49250;+;219.1	48;40338;43064;+;164.6	58;51091;54102;+;208.7	44;37340;38656;+;102.7	48;40338;43064;+;108.4	42;36049;36627;+;83.7	53;45684;46391;+;107.6	54;46388;48445;+;92.2	28;24068;26227;+;381.3	47;39684;40328;+;41.9	28;24068;26227;+;89.7	A	9/9	contiguous	27023	1	1	54174..54692+;172;unnamed;0
NZ_AP023079.1	MPF_T	-	48	0	0	GA	1	32;28811;29521;-;101.0	31;28507;28800;-;41.2		30;25784;28495;-;78.0	30;25784;28495;-;57.1	29;25146;25787;-;71.2	42;37356;38441;-;71.0		41;36568;37356;-;74.6	40;35816;36553;-;149.0	39;34435;35814;-;180.8	38;33382;34419;-;92.0	34;29785;31302;-;35.6		pfam	both	A	7/7	rearranged	1	0	unscoreable	3	0	0														not_admitted	not_admitted	not_admitted	not_admitted	not_admitted	not_admitted	not_admitted
NZ_AP023177.1	MPF_T	-	647	0	0	GA	1	420;403780;404064;+;48.8	320;307515;307883;-;90.1	319;307249;307518;-;30.9	529;495370;497829;+;52.2	318;305323;307230;-;131.8	316;304083;304811;-;182.1	313;302490;303545;-;121.1		312;301770;302477;-;223.1	311;300757;301773;-;222.6	310;299478;300770;-;210.9	425;408303;410549;+;138.4	323;309363;311369;-;338.1		conjscan	conjscan_only	A	7/7	uncallable	0	0	unscoreable	13	0	0														not_admitted	not_admitted	not_admitted	not_admitted	not_admitted	not_admitted	not_admitted
NZ_AP023178.1	-	-	82	0	0	GA	1	3;2159;2875;+;87.9		60;33494;33853;+;43.1	61;33850;36351;+;86.8	61;33850;36351;+;44.1	62;36363;37073;+;103.2	64;37609;38601;+;124.6		66;38797;39591;+;124.9	67;39591;40436;+;158.7	68;40423;41700;+;143.9	79;54097;55764;+;131.6	71;43128;44780;+;329.9		pfam	both	A	7/7	canonical	1	0	unscoreable	13	0	0														not_admitted	not_admitted	not_admitted	not_admitted	not_admitted	not_admitted	not_admitted
NZ_AP023183.1	-	-	920	0	0	GA	1	442;426009;427988;-;77.4	767;719010;719366;-;31.2		765;716244;718706;-;55.1	765;716244;718706;-;78.4		763;714381;715430;-;61.1		834;775837;776550;-;93.7	833;774950;775831;-;164.3	832;773688;774947;-;163.0	823;764601;766316;-;145.3	760;711162;713033;-;42.9		none	none	A	7/7	canonical	0	0	unscoreable	10	0	0														not_admitted	not_admitted	not_admitted	not_admitted	not_admitted	not_admitted	not_admitted
NZ_AP023191.1	MPF_F	IncHI2;IncHI2A	306	0	0	GA	0															not_admitted	not_admitted	not_admitted	not_admitted	not_admitted	not_admitted	not_admitted	not_admitted	not_admitted	not_admitted	1	28;33666;34724;+;276.9	213;193181;194596;-;194.1	214;194586;195632;-;174.1	12;10914;13595;+;168.0	212;189219;193172;-;101.6	8;7229;8584;+;80.7	12;10914;13595;+;72.2	5;4717;5505;+;74.8	26;32013;33524;+;62.0	29;34743;37931;+;57.3	221;202674;204758;+;56.8	11;9955;10905;+;46.1	221;202674;204758;+;38.8	A	9/9	split_3	197957	1	1	187749..189038-;429;unnamed;0
NZ_AP023192.1	MPF_F	IncFIB(AP001918);IncFIC(FII)	129	0	0	GA	0															not_admitted	not_admitted	not_admitted	not_admitted	not_admitted	not_admitted	not_admitted	not_admitted	not_admitted	not_admitted	1	80;74854;75846;-;369.3	69;67795;69168;-;378.0	76;71382;72125;-;234.1	83;76855;79482;-;305.4	68;64976;67798;-;389.5	89;81537;82964;-;94.3	83;76855;79482;-;98.5	91;83679;84245;-;183.8	79;74207;74845;-;68.4	78;72402;74210;-;268.4	65;61294;63447;-;391.9	85;79998;80513;-;78.4	65;61294;63447;-;70.4	A	9/9	contiguous	22385	1	1	64463..64954-;163;TraS;0
NZ_AP023194.1	MPF_T	IncX3	59	0	0	GA	1	25;21116;21760;-;46.4	24;20842;21132;-;73.1	23;18064;20817;-;47.0	23;18064;20817;-;142.4	23;18064;20817;-;73.3	22;17284;18054;-;60.1	20;15950;17005;-;133.2		19;15027;15755;-;119.4	18;14092;15021;-;138.8	17;12881;14095;-;128.3	15;11651;12685;-;65.7	14;9813;11648;-;495.9		pfam	pfam_only	A	7/7	canonical	1	1	unscoreable	2	0	0														not_admitted	not_admitted	not_admitted	not_admitted	not_admitted	not_admitted	not_admitted
NZ_AP023198.1	MPF_F	IncHI2;IncHI2A	306	0	0	GA	0															not_admitted	not_admitted	not_admitted	not_admitted	not_admitted	not_admitted	not_admitted	not_admitted	not_admitted	not_admitted	1	28;33666;34724;+;276.9	213;193181;194596;-;194.1	214;194586;195632;-;174.1	12;10914;13595;+;168.0	212;189219;193172;-;101.6	8;7229;8584;+;80.7	12;10914;13595;+;72.2	5;4717;5505;+;74.8	26;32013;33524;+;62.0	29;34743;37931;+;57.3	221;202674;204758;+;56.8	11;9955;10905;+;46.1	221;202674;204758;+;38.8	A	9/9	split_3	197957	1	1	187749..189038-;429;unnamed;0
NZ_AP023199.1	MPF_F	IncFIB(AP001918);IncFIC(FII)	133	0	0	GA	0															not_admitted	not_admitted	not_admitted	not_admitted	not_admitted	not_admitted	not_admitted	not_admitted	not_admitted	not_admitted	1	84;74367;75359;-;369.3	73;67308;68681;-;378.0	80;70895;71638;-;234.1	87;76368;78995;-;305.4	72;64489;67311;-;389.5	93;81050;82477;-;94.3	87;76368;78995;-;98.5	95;83192;83758;-;183.8	83;73720;74358;-;68.4	82;71915;73723;-;268.4	69;60807;62960;-;391.9	89;79511;80026;-;78.4	69;60807;62960;-;70.4	A	9/9	contiguous	22385	1	1	63976..64467-;163;TraS;0
NZ_AP023201.1	MPF_T	-	79	0	0	GA	1		40;27895;28278;+;68.7	41;28281;28607;+;49.1	42;28604;31147;+;96.6	42;28604;31147;+;106.9	47;34626;35408;+;101.5	49;35620;37182;+;111.4		43;31144;31851;+;92.3	44;31867;32757;+;152.4	46;33216;34613;+;220.5	39;26825;27781;+;134.7	2;1157;3103;-;442.6		conjscan	conjscan_only	A	7/7	canonical	1	0	unscoreable	3	0	0														not_admitted	not_admitted	not_admitted	not_admitted	not_admitted	not_admitted	not_admitted
NZ_AP023202.1	MPF_T	IncX3	60	0	0	GA	1	20;12365;13009;+;46.4	21;12993;13283;+;73.1	22;13308;16061;+;47.0	22;13308;16061;+;142.4	22;13308;16061;+;73.3	23;16071;16841;+;60.1	25;17120;18175;+;133.2		26;18370;19098;+;119.4	27;19104;20033;+;138.8	28;20030;21244;+;128.3	30;21440;22474;+;65.7	31;22477;24312;+;495.9		pfam	pfam_only	A	7/7	canonical	1	1	unscoreable	2	0	0														not_admitted	not_admitted	not_admitted	not_admitted	not_admitted	not_admitted	not_admitted
NZ_AP023210.1	MPF_T	IncX3	57	0	0	GA	1	39;28488;29132;+;46.4	40;29116;29406;+;73.1	41;29431;32184;+;47.0	41;29431;32184;+;142.4	41;29431;32184;+;73.3	42;32194;32964;+;60.1	44;33243;34298;+;133.2		45;34493;35221;+;119.4	46;35227;36156;+;138.8	47;36153;37367;+;128.3	49;37563;38597;+;65.7	50;38600;40435;+;495.9		pfam	pfam_only	A	7/7	canonical	1	1	unscoreable	2	0	0														not_admitted	not_admitted	not_admitted	not_admitted	not_admitted	not_admitted	not_admitted
NZ_AP023220.2	MPF_F	IncFII	110	0	0	GA	0															not_admitted	not_admitted	not_admitted	not_admitted	not_admitted	not_admitted	not_admitted	not_admitted	not_admitted	not_admitted	1	14;10091;11083;+;369.5	24;16862;18235;+;381.7	19;14189;14932;+;234.4	11;6452;9082;+;304.1	25;18232;21054;+;374.0	4;2002;3453;+;94.2	11;6452;9082;+;97.1	2;721;1287;+;174.3	16;11427;12065;+;68.6	17;12062;13912;+;266.1	32;26242;28182;+;391.6	7;4313;4828;+;78.4	32;26242;28182;+;70.6	A	9/9	contiguous	25521	1	1	21076..21555+;159;TraS;0
NZ_AP023221.2	MPF_F	IncFIB(pB171);IncFII	156	0	0	GA	0															not_admitted	not_admitted	not_admitted	not_admitted	not_admitted	not_admitted	not_admitted	not_admitted	not_admitted	not_admitted	1	25;24868;25860;-;372.1	14;17763;19136;-;380.7	19;20726;21469;-;233.3	28;26869;29496;-;303.5	13;16279;17766;-;389.2	35;31625;33076;-;94.2	28;26869;29496;-;100.3	37;33791;34357;-;174.3	24;24221;24859;-;68.6	21;21746;23509;-;267.9	3;6047;8245;-;391.7	31;30012;30527;-;79.0	3;6047;8245;-;70.4	A	9/9	contiguous	27744	0	1	
NZ_AP023227.1	MPF_T	IncX3	57	0	0	GA	1	29;27078;27722;-;46.4	28;26804;27094;-;73.1	27;24026;26779;-;47.0	27;24026;26779;-;142.4	27;24026;26779;-;73.3	26;23246;24016;-;60.1	24;21912;22967;-;133.2		23;20989;21717;-;119.4	22;20054;20983;-;138.8	21;18843;20057;-;128.3	19;17613;18647;-;65.7	18;15775;17610;-;495.9		pfam	pfam_only	A	7/7	canonical	1	1	unscoreable	2	0	0														not_admitted	not_admitted	not_admitted	not_admitted	not_admitted	not_admitted	not_admitted
NZ_AP023228.1	MPF_F	IncFIA;IncFIB(AP001918);IncFII	203	0	0	GA	0															not_admitted	not_admitted	not_admitted	not_admitted	not_admitted	not_admitted	not_admitted	not_admitted	not_admitted	not_admitted	1	70;58399;59391;-;367.4	59;51340;52713;-;380.9	66;54927;55670;-;235.0	73;60400;63027;-;305.4	58;48518;51343;-;385.9	79;65082;65843;-;80.2	73;60400;63027;-;98.5	82;67225;67791;-;183.8	69;57752;58390;-;68.6	68;55947;57755;-;268.3	55;44826;47015;-;391.3	75;63543;64058;-;78.4	55;44826;47015;-;70.4	A	9/9	contiguous	22399	1	1	48012..48521-;169;unnamed;0
NZ_AP023229.1	MPF_T	IncX4	46	0	0	GA	1	40;26318;26938;+;46.4	41;26952;27278;+;64.4	42;27297;30044;+;62.7	42;27297;30044;+;152.7	42;27297;30044;+;45.6	43;30056;30772;+;94.1	44;30784;31878;+;149.6		0;44;628;+;150.6	1;625;1533;+;142.4	2;1526;2635;+;164.6	3;2637;3665;+;85.0	4;3697;5514;+;317.3		pfam	pfam_only	A	7/7	canonical	1	1	unscoreable	0	0	0														not_admitted	not_admitted	not_admitted	not_admitted	not_admitted	not_admitted	not_admitted
NZ_AP023231.2	MPF_F	IncFII	92	0	0	GA	0															not_admitted	not_admitted	not_admitted	not_admitted	not_admitted	not_admitted	not_admitted	not_admitted	not_admitted	not_admitted	1	21;14764;15756;+;369.5	31;21535;22908;+;381.7	26;18862;19605;+;234.4	18;11125;13755;+;304.1	32;22905;25553;+;374.3	11;6675;8126;+;94.2	18;11125;13755;+;97.1	8;5607;5957;+;107.5	23;16100;16738;+;68.6	24;16735;18585;+;266.1	38;30585;32837;+;391.1	14;8986;9501;+;78.4	38;30585;32837;+;70.3	A	9/9	contiguous	24978	0	1	
NZ_AP023232.2	MPF_F	IncFIB(pB171);IncFII	160	0	0	GA	0															not_admitted	not_admitted	not_admitted	not_admitted	not_admitted	not_admitted	not_admitted	not_admitted	not_admitted	not_admitted	1	20;14017;15009;+;372.1	31;20741;22114;+;380.7	26;18408;19151;+;233.3	17;10381;13008;+;303.5	32;22111;23598;+;389.2	10;6801;8252;+;94.2	17;10381;13008;+;100.3	8;5520;6086;+;174.3	21;15018;15656;+;68.6	24;16368;18131;+;267.9	43;31638;33836;+;391.7	14;9350;9865;+;79.0	43;31638;33836;+;70.4	A	9/9	contiguous	26118	0	1	
NZ_AP023236.1	MPF_F	IncFII	106	0	0	GA	0															not_admitted	not_admitted	not_admitted	not_admitted	not_admitted	not_admitted	not_admitted	not_admitted	not_admitted	not_admitted	1	83;69330;70322;+;369.5	93;76101;77474;+;381.7	88;73428;74171;+;234.4	80;65691;68321;+;304.1	94;77471;80293;+;374.0	73;61241;62692;+;94.2	80;65691;68321;+;97.1	71;59960;60526;+;174.3	85;70666;71304;+;68.6	86;71301;73151;+;266.1	98;82565;84826;+;391.1	76;63552;64067;+;78.4	98;82565;84826;+;70.3	A	9/9	contiguous	22605	1	1	80315..80794+;159;TraS;0
NZ_AP023244.1	MPF_T	-	340	0	0	GA	1	247;243347;244204;+;79.6	248;244217;244525;+;76.1	249;244531;244839;+;63.7	250;244836;247253;+;114.5	250;244836;247253;+;98.7	252;248144;248857;+;31.0	253;249021;250154;+;145.3		254;250167;250898;+;189.4	255;250895;251731;+;186.4	256;251715;253073;+;208.7	257;253039;254085;+;114.3	258;254063;256396;+;284.2		pfam	pfam_only	A	7/7	canonical	1	0	unscoreable	7	0	0														not_admitted	not_admitted	not_admitted	not_admitted	not_admitted	not_admitted	not_admitted
NZ_AP023245.1	MPF_T	-	278	0	0	GA	1	4;2353;3129;+;94.7	27;25890;26222;+;91.2	28;26222;26503;+;28.2	29;26514;28964;+;34.8	29;26514;28964;+;130.5	30;28961;29719;+;241.5	32;30051;31421;+;196.6		33;31425;32114;+;228.6	34;32111;33166;+;214.4	35;33163;34320;+;217.1	26;24910;25893;+;120.4	6;5135;7123;+;334.0		conjscan	conjscan_only	A	7/7	canonical	1	0	unscoreable	6	0	0														not_admitted	not_admitted	not_admitted	not_admitted	not_admitted	not_admitted	not_admitted
NZ_AP023248.1	-	-	278	0	0	GA	1	127;124209;124862;-;74.4	126;123882;124196;-;72.7	125;123585;123878;-;56.6	124;121186;123588;-;127.6	124;121186;123588;-;100.0	122;119300;120034;-;30.9	121;118074;119117;-;107.1		120;117286;118005;-;209.5	119;116492;117289;-;189.6	118;115029;116492;-;193.6	117;114007;115032;-;138.5	116;111847;113994;-;287.1		pfam	pfam_only	A	7/7	canonical	1	0	unscoreable	0	0	0														not_admitted	not_admitted	not_admitted	not_admitted	not_admitted	not_admitted	not_admitted
NZ_AP023250.1	MPF_T	-	304	0	0	GA	1	154;169915;170673;-;73.1	153;169593;169904;-;82.3	152;169287;169583;-;84.9	151;166866;169277;-;120.3	151;166866;169277;-;101.8	149;165244;165963;-;30.0	146;163687;164814;-;142.8		145;162962;163681;-;203.1	144;162150;162965;-;202.5	143;160785;162143;-;197.3	142;159767;160825;-;122.5	141;157648;159789;-;254.9		pfam	pfam_only	A	7/7	canonical	1	0	unscoreable	4	0	0														not_admitted	not_admitted	not_admitted	not_admitted	not_admitted	not_admitted	not_admitted
NZ_AP023251.1	-	-	260	0	0	GA	1	64;70092;70784;-;74.2	63;69765;70079;-;74.2	62;69468;69761;-;57.0	61;67069;69471;-;125.3	61;67069;69471;-;98.2	59;65183;65917;-;32.0	58;63957;65000;-;107.2		57;63173;63892;-;208.2	56;62379;63176;-;187.2	55;60916;62379;-;195.5	54;59894;60919;-;137.6	53;57734;59881;-;284.2		pfam	pfam_only	A	7/7	canonical	1	0	unscoreable	0	0	0														not_admitted	not_admitted	not_admitted	not_admitted	not_admitted	not_admitted	not_admitted
NZ_AP023252.1	MPF_T	-	249	0	0	GA	1	4;2349;3125;+;94.7	60;48780;49112;-;92.4	59;48499;48780;-;31.4	58;46038;48488;-;35.6	58;46038;48488;-;130.9	57;45283;46041;-;241.7	55;43592;44962;-;196.8		54;42899;43588;-;228.5	53;41850;42902;-;211.6	52;40696;41853;-;227.6	61;49109;50092;-;119.3	6;5131;7119;+;338.4		conjscan	conjscan_only	A	7/7	canonical	1	0	unscoreable	3	0	0														not_admitted	not_admitted	not_admitted	not_admitted	not_admitted	not_admitted	not_admitted
NZ_AP023255.1	MPF_T	-	616	0	0	GA	1	526;554030;554638;+;64.6	527;554651;554965;+;73.8	468;499718;500044;+;72.1	469;500044;502413;+;192.0	529;555259;557661;+;98.0	531;558812;559546;+;32.1	532;559729;560772;+;106.8		533;560844;561563;+;210.4	534;561560;562360;+;183.8	535;562357;563820;+;195.2	536;563817;564842;+;137.7	460;486449;488071;+;472.8		pfam	pfam_only	A	7/7	canonical	1	0	unscoreable	9	0	0														not_admitted	not_admitted	not_admitted	not_admitted	not_admitted	not_admitted	not_admitted
NZ_AP023256.1	MPF_T	-	262	0	0	GA	1	4;2349;3125;+;94.7	52;45910;46236;+;88.2	53;46236;46517;+;31.9	54;46531;48978;+;35.3	54;46531;48978;+;130.2	55;48975;49733;+;240.0	57;50065;51435;+;196.8		58;51439;52128;+;229.8	59;52125;53177;+;211.6	60;53174;54331;+;227.6	51;44930;45913;+;120.4	6;5131;7119;+;338.2		conjscan	conjscan_only	A	7/7	canonical	1	0	unscoreable	3	0	0														not_admitted	not_admitted	not_admitted	not_admitted	not_admitted	not_admitted	not_admitted
NZ_AP023258.1	MPF_T	-	271	0	0	GA	1		33;33922;34299;+;75.3	34;34292;34591;+;62.4	35;34599;37067;+;180.7	35;34599;37067;+;127.9	36;37039;37848;+;44.9	38;38057;39256;+;112.0		39;39271;39933;+;120.3	40;39950;40801;+;188.0	42;41267;42580;+;229.0	32;32961;33932;+;136.4	63;62518;64449;+;545.0		conjscan	conjscan_only	A	7/7	canonical	1	0	unscoreable	3	0	0														not_admitted	not_admitted	not_admitted	not_admitted	not_admitted	not_admitted	not_admitted
NZ_AP023271.1	MPF_T	-	157	0	0	GA	1		5;5225;5629;+;71.9	6;5622;5921;+;61.7	7;5931;8399;+;185.3	7;5931;8399;+;131.3	8;8371;9180;+;49.9	10;9398;10585;+;111.0		11;10603;11280;+;121.8	12;11298;12149;+;187.0	14;12637;13956;+;226.8	4;4264;5235;+;131.1	42;40850;42820;+;550.2		conjscan	conjscan_only	A	7/7	canonical	1	0	unscoreable	3	0	0														not_admitted	not_admitted	not_admitted	not_admitted	not_admitted	not_admitted	not_admitted
NZ_AP023275.1	MPF_T	-	311	0	0	GA	1		170;165614;166018;+;68.6	171;166011;166310;+;59.0	172;166321;168789;+;187.6	172;166321;168789;+;133.1	173;168761;169570;+;46.1	175;169788;170978;+;112.0		176;170996;171658;+;122.4	177;171736;172530;+;185.9	179;173018;174340;+;227.0	169;164653;165624;+;127.8	275;271803;273770;-;552.3		conjscan	conjscan_only	A	7/7	canonical	1	0	unscoreable	3	0	0														not_admitted	not_admitted	not_admitted	not_admitted	not_admitted	not_admitted	not_admitted
NZ_AP023276.1	MPF_T	-	89	0	0	GA	1	19;17385;18329;+;75.3	20;18423;18752;+;75.9	21;18798;19076;+;58.4	22;19069;21429;+;122.6	22;19069;21429;+;35.0	24;21560;22369;+;30.2	25;22374;23642;+;74.6		26;23807;24481;+;155.6	27;24478;25341;+;149.4	28;25334;26746;+;184.1	29;26743;27744;+;107.2	43;41838;43868;-;466.8		pfam	pfam_only	A	7/7	canonical	1	0	unscoreable	2	0	0														not_admitted	not_admitted	not_admitted	not_admitted	not_admitted	not_admitted	not_admitted
NZ_AP023277.1	MPF_T	-	100	0	0	GA	1	45;42928;44016;-;89.9	48;46776;47126;-;76.4	47;46475;46687;-;45.3	46;44013;46472;-;124.5	46;44013;46472;-;94.9	44;42217;42915;-;43.2	42;40956;41984;-;147.4		41;40228;40920;-;176.8	40;39422;40231;-;199.8	39;38205;39422;-;211.8	38;37202;38224;-;131.0	37;35103;37205;-;304.3		pfam	pfam_only	A	7/7	canonical	1	0	unscoreable	1	0	0														not_admitted	not_admitted	not_admitted	not_admitted	not_admitted	not_admitted	not_admitted
NZ_AP023282.1	MPF_T	-	358	0	0	GA	1		204;215850;216254;-;69.1	203;215570;215857;-;61.9	202;213080;215548;-;184.5	202;213080;215548;-;132.7	201;212299;213108;-;47.2	199;210891;212081;-;112.2		198;210196;210873;-;119.4	197;209327;210046;-;188.2	195;207517;208839;-;227.0	205;216244;217215;-;129.2	290;302305;304272;-;550.6		conjscan	conjscan_only	A	7/7	canonical	1	0	unscoreable	3	0	0														not_admitted	not_admitted	not_admitted	not_admitted	not_admitted	not_admitted	not_admitted
NZ_AP023283.1	MPF_T	-	260	0	0	GA	1	122;120257;120973;+;53.2	36;34345;34749;+;72.7	124;121351;121677;+;72.0	125;121677;124046;+;197.0	38;35052;37514;+;129.7	39;37486;38295;+;49.3	41;38513;39697;+;112.5		128;125871;126584;+;166.6	43;40391;41245;+;184.0	45;41734;43047;+;225.7	35;33384;34355;+;132.5	198;203219;205183;+;550.1		conjscan	conjscan_only	A	7/7	rearranged	1	0	unscoreable	10	0	0														not_admitted	not_admitted	not_admitted	not_admitted	not_admitted	not_admitted	not_admitted
NZ_AP023284.1	MPF_T	-	96	0	0	GA	1	94;86883;87971;+;89.9	91;83773;84123;+;76.4	92;84212;84424;+;45.3	93;84427;86886;+;124.5	93;84427;86886;+;94.9	95;87984;88682;+;43.2	0;162;1190;+;147.4		1;1226;1918;+;176.8	2;1915;2724;+;199.8	3;2724;3941;+;211.8	4;3922;4944;+;131.0	5;4941;7043;+;304.3		pfam	pfam_only	A	7/7	rearranged	1	0	unscoreable	0	0	0														not_admitted	not_admitted	not_admitted	not_admitted	not_admitted	not_admitted	not_admitted
NZ_AP023295.1	MPF_F	IncFII(pCoo)	69	0	0	GA	0															not_admitted	not_admitted	not_admitted	not_admitted	not_admitted	not_admitted	not_admitted	not_admitted	not_admitted	not_admitted	1	45;35032;36024;+;369.3	56;42077;43450;+;381.0	51;39744;40487;+;235.0	42;31393;34023;+;301.6	57;43447;46272;+;389.2	36;27580;29007;+;94.1	42;31393;34023;+;98.8	34;26299;26865;+;183.8	48;37021;37659;+;68.6	49;37656;39464;+;268.3	60;47775;49973;+;391.7	40;30129;30644;+;78.4	60;47775;49973;+;70.3	A	9/9	contiguous	21476	1	1	46269..46778+;169;unnamed;0
NZ_AP023301.1	MPF_F	IncFIB(AP001918);IncFIC(FII)	145	0	0	GA	0															not_admitted	not_admitted	not_admitted	not_admitted	not_admitted	not_admitted	not_admitted	not_admitted	not_admitted	not_admitted	1	127;110491;111483;+;369.3	135;116179;117552;+;380.7	131;114215;114958;+;232.7	124;106855;109482;+;303.5	136;117549;120371;+;380.3	120;103516;104943;+;94.3	124;106855;109482;+;100.3	118;102235;102801;+;183.8	128;111492;112130;+;68.3	129;112127;113935;+;268.3	139;121905;124085;+;391.8	123;105824;106339;+;78.0	139;121905;124085;+;70.4	A	9/9	contiguous	19670	1	1	120392..120889+;165;TraS;0
NZ_AP023305.1	MPF_F	IncHI2;IncHI2A	134	0	0	GA	0															not_admitted	not_admitted	not_admitted	not_admitted	not_admitted	not_admitted	not_admitted	not_admitted	not_admitted	not_admitted	1	39;44280;45338;+;276.9			23;22027;24708;+;168.0		19;18342;19697;+;80.7	23;22027;24708;+;72.2	16;15830;16618;+;74.8	37;42627;44138;+;62.0	40;45357;48545;+;57.3		22;21068;22018;+;46.1		C	6/9	split_2	29527	0	1	
NZ_AP023307.1	MPF_F	IncFIB(AP001918);IncFIC(FII)	146	0	0	GA	0															not_admitted	not_admitted	not_admitted	not_admitted	not_admitted	not_admitted	not_admitted	not_admitted	not_admitted	not_admitted	1	79;76287;77279;-;369.3	71;70218;71591;-;380.7	75;72812;73555;-;232.7	82;78288;80915;-;303.5	70;67399;70221;-;380.3	86;82827;84254;-;94.3	82;78288;80915;-;100.3	88;84969;85535;-;183.8	78;75640;76278;-;68.3	77;73835;75643;-;268.3	67;63685;65865;-;391.8	83;81431;81946;-;78.0	67;63685;65865;-;70.4	A	9/9	contiguous	21284	1	1	66881..67378-;165;TraS;0
NZ_AP023310.1	MPF_F	IncHI2;IncHI2A;IncQ1	255	0	0	GA	0															not_admitted	not_admitted	not_admitted	not_admitted	not_admitted	not_admitted	not_admitted	not_admitted	not_admitted	not_admitted	1	27;31308;32366;+;276.9	170;153768;155183;-;194.1	171;155173;156219;-;174.3	11;9055;11736;+;168.0	169;149806;153759;-;101.6	7;5370;6725;+;80.7	11;9055;11736;+;72.2	4;2858;3646;+;74.8	25;29655;31166;+;62.0	28;32385;35573;+;57.3	178;163261;165345;+;56.8	10;8096;9046;+;46.1	178;163261;165345;+;38.8	A	9/9	split_3	160403	1	1	148336..149625-;429;unnamed;0
NZ_AP023312.1	MPF_F	IncFIA(HI1);IncHI1A;IncHI1B(R27)	262	0	0	GA	0															not_admitted	not_admitted	not_admitted	not_admitted	not_admitted	not_admitted	not_admitted	not_admitted	not_admitted	not_admitted	1	28;30606;31658;+;277.6	176;161736;163151;-;201.7	177;163141;164187;-;171.3	11;9221;11902;+;160.9	175;157741;161727;-;103.1	7;5515;6873;+;84.0	11;9221;11902;+;76.5	4;3063;3848;+;67.9	26;28953;30461;+;65.6	29;31681;34857;+;58.9	183;171121;173205;+;50.2	10;8262;9212;+;45.2	183;171121;173205;+;36.4	A	9/9	split_2	168058	0	1	
NZ_AP023314.1	MPF_F	IncFIB(AP001918);IncFIC(FII)	114	0	0	GA	0															not_admitted	not_admitted	not_admitted	not_admitted	not_admitted	not_admitted	not_admitted	not_admitted	not_admitted	not_admitted	1	96;77770;78762;+;369.3	104;83458;84831;+;380.7	100;81494;82237;+;232.7	93;74134;76761;+;303.5	105;84828;87650;+;380.3	89;70795;72222;+;94.3	93;74134;76761;+;100.3	87;69514;70080;+;183.8	97;78771;79409;+;68.3	98;79406;81214;+;268.3	108;89184;91373;+;391.8	92;73103;73618;+;78.0	108;89184;91373;+;70.4	A	9/9	contiguous	19670	1	1	87671..88168+;165;TraS;0
NZ_AP023316.1	MPF_F	IncHI2;IncHI2A;IncQ1	255	0	0	GA	0															not_admitted	not_admitted	not_admitted	not_admitted	not_admitted	not_admitted	not_admitted	not_admitted	not_admitted	not_admitted	1	27;31308;32366;+;276.9	170;153768;155183;-;194.1	171;155173;156219;-;174.3	11;9055;11736;+;168.0	169;149806;153759;-;101.6	7;5370;6725;+;80.7	11;9055;11736;+;72.2	4;2858;3646;+;74.8	25;29655;31166;+;62.0	28;32385;35573;+;57.3	178;163261;165345;+;56.8	10;8096;9046;+;46.1	178;163261;165345;+;38.8	A	9/9	split_3	160403	1	1	148336..149625-;429;unnamed;0
NZ_AP023318.1	MPF_F	IncHI2;IncHI2A	160	0	0	GA	0															not_admitted	not_admitted	not_admitted	not_admitted	not_admitted	not_admitted	not_admitted	not_admitted	not_admitted	not_admitted	1	27;31308;32366;+;276.9			11;9055;11736;+;168.0		7;5370;6725;+;80.7	11;9055;11736;+;72.2	4;2858;3646;+;74.8	25;29655;31166;+;62.0	28;32385;35573;+;57.3		10;8096;9046;+;46.1		C	6/9	split_2	29527	0	1	
NZ_AP023328.1	MPF_T	-	102	0	0	GA	1	17;15183;15794;-;49.8	16;14756;15079;-;60.0		15;12057;14429;-;191.4	15;12057;14429;-;86.2	14;11354;12040;-;66.1	11;9137;9835;-;61.1		9;8242;8931;-;158.8	8;7325;8245;-;144.8	7;6195;7328;-;162.8	6;5165;6205;-;85.6	5;3331;5151;-;252.3		pfam	pfam_only	A	7/7	canonical	1	0	unscoreable	3	0	0														not_admitted	not_admitted	not_admitted	not_admitted	not_admitted	not_admitted	not_admitted
NZ_AP023338.1	MPF_F	IncFIB(pNDM-Mar);IncHI1B(pNDM-MAR)	312	0	0	GA	0															not_admitted	not_admitted	not_admitted	not_admitted	not_admitted	not_admitted	not_admitted	not_admitted	not_admitted	not_admitted	1	243;220397;221434;-;282.3	77;58175;59584;+;190.4	76;57148;58185;+;176.7	255;232266;234983;-;149.6	78;59586;63554;+;120.1	170;148312;149568;-;206.8	255;232266;234983;-;85.2	262;240112;240972;-;79.0	244;221431;222792;-;70.0	242;217202;220387;-;59.6	69;47823;49949;-;57.7	256;235028;235765;-;56.9	69;47823;49949;-;41.0	A	9/9	split_3	192289	0	1	
NZ_AP023339.1	MPF_F	repA(pKOX)	238	0	0	GA	0															not_admitted	not_admitted	not_admitted	not_admitted	not_admitted	not_admitted	not_admitted	not_admitted	not_admitted	not_admitted	1	177;122544;123617;+;276.5	198;140867;142318;+;241.5	197;139781;140851;+;187.0	173;117996;120479;+;234.6	199;142328;145540;+;256.9	170;114974;116305;+;107.7	173;117996;120479;+;119.1	168;113191;113808;+;77.9	176;121291;122544;+;57.1	201;146045;148777;+;123.5	162;108621;110582;+;23.7	171;116305;116925;+;74.7	162;108621;110582;+;32.4	A	9/9	contiguous	37424	0	1	
NZ_AP023340.1	MPF_F	IncFIB(K);IncFII(K)	181	0	0	GA	0															not_admitted	not_admitted	not_admitted	not_admitted	not_admitted	not_admitted	not_admitted	not_admitted	not_admitted	not_admitted	1	130;121953;122945;-;366.6	120;115069;116436;-;381.2	124;117693;118445;-;232.2	133;123971;126610;-;259.3	119;112220;115069;-;346.5	141;130196;131620;-;89.3	133;123971;126610;-;88.8	143;132347;132913;-;167.0	129;121302;121940;-;67.0	128;119288;121243;-;259.2	115;108095;110404;-;392.7	139;129009;129566;-;52.5	115;108095;110404;-;66.6	A	9/9	contiguous	24252	1	1	111687..112217-;176;unnamed;0
NZ_AP023341.1	MPF_F	IncFII	83	0	0	GA	0															not_admitted	not_admitted	not_admitted	not_admitted	not_admitted	not_admitted	not_admitted	not_admitted	not_admitted	not_admitted	1	59;45396;46388;+;369.5	69;52167;53540;+;381.7	64;49494;50237;+;234.4	56;41757;44387;+;304.1	70;53537;56359;+;374.0	49;37307;38758;+;94.2	56;41757;44387;+;97.1	47;36026;36592;+;174.3	61;46732;47370;+;68.6	62;47367;49217;+;266.1	74;58631;60874;+;391.1	52;39618;40133;+;78.4	74;58631;60874;+;70.3	A	9/9	contiguous	22605	1	1	56381..56860+;159;TraS;0
NZ_AP023399.1	MPF_T	IncP1	158	0	0	GA	1	25;23629;24264;+;23.5	14;13312;13776;+;63.5	15;13780;14091;+;49.8	16;14088;16646;+;91.0	16;14088;16646;+;112.1	21;20280;21044;+;122.3	23;21292;23010;+;143.0		17;16643;17425;+;145.8	18;17443;18342;+;186.5	20;18838;20259;+;223.3	13;12333;13295;+;127.6			conjscan	conjscan_only	B	6/7	canonical	1	0	unscoreable	4	0	0														not_admitted	not_admitted	not_admitted	not_admitted	not_admitted	not_admitted	not_admitted
NZ_AP023400.1	-	-	105	0	0	GA	0															not_admitted	not_admitted	not_admitted	not_admitted	not_admitted	not_admitted	not_admitted	not_admitted	not_admitted	not_admitted	1	57;49654;50622;-;336.8	52;45856;47244;-;229.7	53;47257;48060;-;162.7	93;70971;73460;-;192.9		95;73989;75215;-;72.3	93;70971;73460;-;74.8	97;76004;76666;-;61.9	56;48902;49657;-;92.9	91;67137;68975;-;75.3	41;29942;31894;+;339.3	94;73462;73992;-;73.4	41;29942;31894;+;65.2	B	8/9	contiguous	46062	0	1	
NZ_AP023401.1	MPF_T	IncP1	61	0	0	GA	1	46;48398;49033;-;23.5	57;58886;59350;-;63.5	56;58571;58882;-;49.8	55;56016;58574;-;91.0	55;56016;58574;-;112.1	50;51618;52382;-;122.3	48;49652;51370;-;143.0		54;55237;56019;-;145.8	53;54320;55219;-;186.5	51;52403;53824;-;223.3	58;59367;60329;-;127.6	27;23163;25076;+;525.1		conjscan	conjscan_only	A	7/7	canonical	1	0	unscoreable	4	0	0														not_admitted	not_admitted	not_admitted	not_admitted	not_admitted	not_admitted	not_admitted
NZ_AP023411.1	MPF_T	-	71	0	0	GA	1	45;37464;38501;+;48.1	46;38505;38828;+;60.0		47;39155;41527;+;191.4	47;39155;41527;+;86.2	48;41544;42230;+;68.2	50;42772;43602;+;80.2		52;43808;44497;+;156.8	53;44494;45414;+;144.8	54;45411;46544;+;163.5	55;46534;47574;+;85.6	56;47588;49408;+;252.3		pfam	pfam_only	A	7/7	canonical	1	0	unscoreable	2	0	0														not_admitted	not_admitted	not_admitted	not_admitted	not_admitted	not_admitted	not_admitted
NZ_AP023429.1	MPF_T	IncX1;IncX3	60	0	0	GA	1	46;41569;42216;-;45.2	45;41295;41591;-;77.5	44;40515;41276;-;49.7	43;38524;40518;-;148.5	44;40515;41276;-;69.7	42;37755;38513;-;67.3	40;36328;37458;-;103.0		39;35369;36082;-;120.0	38;34435;35364;-;134.9	37;33233;34438;-;133.4	36;32200;33231;-;77.9	35;30362;32197;-;488.6		pfam	pfam_only	A	7/7	canonical	1	0	unscoreable	1	0	0														not_admitted	not_admitted	not_admitted	not_admitted	not_admitted	not_admitted	not_admitted
NZ_AP023434.1	MPF_F	IncFII	106	0	0	GA	0															not_admitted	not_admitted	not_admitted	not_admitted	not_admitted	not_admitted	not_admitted	not_admitted	not_admitted	not_admitted	1	83;69322;70314;+;369.5	93;76093;77466;+;381.7	88;73420;74163;+;234.4	80;65683;68313;+;304.1	94;77463;80285;+;374.0	73;61233;62684;+;94.2	80;65683;68313;+;97.1	71;59952;60518;+;174.3	85;70658;71296;+;68.6	86;71293;73143;+;266.1	98;82557;84818;+;391.1	76;63544;64059;+;78.4	98;82557;84818;+;70.3	A	9/9	contiguous	22605	1	1	80307..80786+;159;TraS;0
NZ_AP023435.1	MPF_F	IncFIB(pB171);IncFII	165	0	0	GA	0															not_admitted	not_admitted	not_admitted	not_admitted	not_admitted	not_admitted	not_admitted	not_admitted	not_admitted	not_admitted	1	125;97735;98727;+;372.1	136;104459;105832;+;380.7	131;102126;102869;+;233.3	122;94099;96726;+;303.5	137;105829;107316;+;389.2	115;90519;91970;+;94.2	122;94099;96726;+;100.3	112;89392;89805;+;132.6	126;98736;99374;+;68.6	129;100086;101849;+;267.9	149;115328;117535;+;391.7	119;93068;93583;+;79.0	149;115328;117535;+;70.3	A	9/9	contiguous	25936	0	1	
NZ_AP023448.1	MPF_F	IncHI2;IncHI2A	297	0	0	GA	0															not_admitted	not_admitted	not_admitted	not_admitted	not_admitted	not_admitted	not_admitted	not_admitted	not_admitted	not_admitted	1	255;225367;226425;-;276.9	84;70056;71471;+;194.1	83;69020;70066;+;173.7	273;247064;249745;-;168.0	85;71480;75430;+;101.6	277;252075;253430;-;80.7	273;247064;249745;-;72.2	280;255154;255942;-;74.8	257;226567;228078;-;62.7	254;222160;225348;-;58.3	77;59895;61979;-;56.7	274;249754;250704;-;46.4	77;59895;61979;-;38.8	A	9/9	split_3	195259	0	1	
NZ_AP023449.1	MPF_F	IncFIB(K);IncR	241	0	0	GA	0															not_admitted	not_admitted	not_admitted	not_admitted	not_admitted	not_admitted	not_admitted	not_admitted	not_admitted	not_admitted	1	137;162887;163885;-;358.4	128;156298;157662;-;364.3	134;159642;160424;-;213.5	146;168094;170703;-;222.6	127;152894;156298;-;308.7	156;174504;175913;-;92.2	146;168094;170703;-;103.1	158;176662;177243;-;98.7	136;162253;162876;-;63.4	135;160421;162256;-;219.2	123;148112;150703;-;367.4	148;170951;171505;-;42.9	123;148112;150703;-;71.1	A	9/9	contiguous	28550	1	1	152203..152892-;229;unnamed;0
NZ_AP023454.1	MPF_F	IncFII	104	0	0	GA	0															not_admitted	not_admitted	not_admitted	not_admitted	not_admitted	not_admitted	not_admitted	not_admitted	not_admitted	not_admitted	1	81;68187;69179;+;369.5	91;74958;76331;+;381.7	86;72285;73028;+;234.4	78;64548;67178;+;304.1	92;76328;79150;+;374.0	71;60098;61549;+;94.2	78;64548;67178;+;97.1	69;58817;59383;+;174.3	83;69523;70161;+;68.6	84;70158;72008;+;266.1	96;81422;83683;+;391.1	74;62409;62924;+;78.4	96;81422;83683;+;70.3	A	9/9	contiguous	22605	1	1	79172..79651+;159;TraS;0
NZ_AP023455.1	MPF_F	IncFIB(K);IncFII(K)	193	0	0	GA	0															not_admitted	not_admitted	not_admitted	not_admitted	not_admitted	not_admitted	not_admitted	not_admitted	not_admitted	not_admitted	1	179;174701;175690;-;366.6	169;167787;169154;-;384.5	173;170412;171164;-;231.8	183;177144;179786;-;258.5	168;164965;167787;-;346.4	190;182990;184414;-;89.2	183;177144;179786;-;88.2	192;185141;185707;-;169.3	178;174050;174688;-;66.9	177;172036;173991;-;259.7	164;160041;162350;-;392.8	189;182292;182876;-;54.3	164;160041;162350;-;65.8	A	9/9	contiguous	25100	1	1	164340..164942-;200;TraS;0
NZ_AP024089.1	MPF_F	-	332	0	0	GA	0															not_admitted	not_admitted	not_admitted	not_admitted	not_admitted	not_admitted	not_admitted	not_admitted	not_admitted	not_admitted	1	223;229942;230946;+;380.8	228;234428;235849;+;294.2	226;233256;234014;+;147.4	220;226480;229071;+;187.5	229;235846;238665;+;283.5	218;224592;226079;+;82.8	220;226480;229071;+;81.6	216;223296;223865;+;106.5	224;230957;231535;+;76.4	225;231532;233259;+;223.3	231;239366;241441;+;395.1	219;226076;226477;+;23.8	231;239366;241441;+;68.1	A	9/9	contiguous	16070	1	1	238748..239308+;186;unnamed;0
NZ_AP024092.1	-	-	46	0	0	GA	1		37;30857;31174;-;59.2	36;30492;30797;-;87.9	35;28053;30488;-;129.1	35;28053;30488;-;84.0	15;11343;12074;-;184.3	14;10317;11339;-;122.6		33;27257;27946;-;167.8	32;26537;27247;-;135.8	30;25132;26286;-;191.1	29;24092;25135;-;116.8	28;22112;24016;-;318.8		pfam	both	A	7/7	canonical	1	0	unscoreable	1	0	0														not_admitted	not_admitted	not_admitted	not_admitted	not_admitted	not_admitted	not_admitted
NZ_AP024113.1	MPF_F	IncFIA;IncFIB(AP001918);IncFIC(FII)	136	0	0	GA	0															not_admitted	not_admitted	not_admitted	not_admitted	not_admitted	not_admitted	not_admitted	not_admitted	not_admitted	not_admitted	1	72;69023;70015;-;369.3	61;62004;63377;-;380.9	68;65551;66294;-;235.0	75;71024;73651;-;305.3	60;59182;62007;-;387.0	80;75706;76809;-;93.3	75;71024;73651;-;98.3	86;82803;83369;-;183.8	71;68376;69014;-;68.6	70;66571;68379;-;268.0	57;55525;57678;-;391.9	76;74167;74682;-;78.4	57;55525;57678;-;70.4	A	9/9	contiguous	27278	1	1	58676..59185-;169;unnamed;0
NZ_AP024116.1	MPF_F	IncFII	106	0	0	GA	0															not_admitted	not_admitted	not_admitted	not_admitted	not_admitted	not_admitted	not_admitted	not_admitted	not_admitted	not_admitted	1	82;70307;71299;+;365.3	94;77516;78889;+;380.9	88;74690;75433;+;226.5	79;66668;69298;+;305.3	95;78886;81708;+;387.5	70;61609;63036;+;94.8	79;66668;69298;+;99.4	68;60328;60894;+;183.8	85;71928;72566;+;70.2	86;72563;74413;+;263.4	98;83256;85481;+;391.3	74;64162;64677;+;77.6	98;83256;85481;+;69.8	A	9/9	contiguous	22928	1	1	81729..82241+;170;TraS;0
NZ_AP024124.1	MPF_F	IncFIA(HI1);IncFIB(AP001918);IncFII	140	0	0	GA	0															not_admitted	not_admitted	not_admitted	not_admitted	not_admitted	not_admitted	not_admitted	not_admitted	not_admitted	not_admitted	1	91;95889;96881;-;364.9	68;80970;82343;-;377.4	80;88743;89486;-;233.5	94;97890;100520;-;300.5	67;78154;80973;-;384.5	105;104539;105969;-;93.7	94;97890;100520;-;98.4	107;106684;107250;-;181.5	85;92432;93064;-;70.5	82;89763;91613;-;263.6	63;73731;75884;-;392.0	101;102899;103414;-;80.5	63;73731;75884;-;70.4	A	9/9	contiguous	32953	1	1	77638..78129-;163;TraS;0
NZ_AP024127.1	MPF_F	IncFIA(HI1);IncFIB(AP001918);IncFII	139	0	0	GA	0															not_admitted	not_admitted	not_admitted	not_admitted	not_admitted	not_admitted	not_admitted	not_admitted	not_admitted	not_admitted	1	90;95893;96885;-;364.9	11;7370;8743;+;377.4	79;88747;89490;-;233.5	93;97894;100524;-;300.5	12;8740;11559;+;384.5	104;104543;105973;-;93.7	93;97894;100524;-;98.4	106;106688;107254;-;181.5	84;92436;93068;-;70.5	81;89767;91617;-;263.6	16;13829;15982;+;392.0	100;102903;103418;-;80.5	16;13829;15982;+;70.4	A	9/9	split_2	99318	1	1	11584..12075+;163;TraS;0
NZ_AP024128.1	MPF_T	IncI2(Delta)	78	0	0	GA	1	43;31395;31877;-;81.1	58;47339;47629;-;28.9	57;46948;47232;-;36.5	56;44585;46942;-;60.7	56;44585;46942;-;40.7	66;51842;52483;-;33.7	67;52489;53484;-;128.5		54;43685;44419;-;144.4	53;42918;43688;-;170.4	52;41789;42928;-;154.7	46;33645;35183;-;207.1	50;38741;40699;-;287.0		pfam	pfam_only	A	7/7	rearranged	1	0	unscoreable	12	1	0														not_admitted	not_admitted	not_admitted	not_admitted	not_admitted	not_admitted	not_admitted
NZ_AP024138.1	-	-	55	0	0	GA	1		52;46947;47342;-;58.0	51;46633;46890;-;31.3	50;44078;46636;-;105.9	50;44078;46636;-;117.9	45;39628;40407;-;91.3			49;43290;44081;-;133.3	48;42341;43279;-;185.6	46;40425;41888;-;223.6	53;47357;48319;-;120.9	19;14631;16541;+;508.5		conjscan	conjscan_only	B	6/7	uncallable	0	0	unscoreable	1	0	0														not_admitted	not_admitted	not_admitted	not_admitted	not_admitted	not_admitted	not_admitted
NZ_AP024167.1	-	-	328	0	0	GA	0															not_admitted	not_admitted	not_admitted	not_admitted	not_admitted	not_admitted	not_admitted	not_admitted	not_admitted	not_admitted	1	157;150339;151535;+;232.4	223;209642;211111;+;128.4	222;208618;209652;+;159.2	153;145429;147960;+;177.2	224;211123;215037;+;114.7	181;174941;176371;-;51.1	153;145429;147960;+;86.0	183;177134;177703;-;97.7	156;149023;150342;+;51.9	140;128678;133873;-;55.4			164;156753;158723;-;38.2	B	8/9	split_2	82445	1	1	215191..215820+;209;unnamed;0
NZ_AP024174.1	MPF_F	IncFIB(K);IncFII(K);IncFII(pAR0022)	269	0	0	GA	0															not_admitted	not_admitted	not_admitted	not_admitted	not_admitted	not_admitted	not_admitted	not_admitted	not_admitted	not_admitted	1	186;184856;185848;-;363.5	174;175502;176869;-;384.5	178;178127;178879;-;233.7	189;186874;189513;-;259.0	173;172659;175502;-;345.6	196;192888;194312;-;89.3	189;186874;189513;-;88.7	198;195039;195605;-;169.3	185;184205;184843;-;66.0	184;182191;184146;-;259.6	168;167657;169969;-;392.5	195;192230;192814;-;54.4	168;167657;169969;-;66.6	A	9/9	contiguous	27382	1	1	172115..172648-;177;unnamed;0
NZ_AP024177.1	MPF_F	IncFII(Yp)	84	0	0	GA	0															not_admitted	not_admitted	not_admitted	not_admitted	not_admitted	not_admitted	not_admitted	not_admitted	not_admitted	not_admitted	1	59;44354;45346;+;362.9	70;51354;52721;+;382.8	65;48900;49652;+;235.3	56;40689;43328;+;259.1	71;52721;55570;+;342.7	46;35463;36887;+;88.4	56;40689;43328;+;83.9	44;34170;34736;+;167.1	60;45359;45997;+;66.0	61;46056;48011;+;255.2	75;57310;59622;+;390.6	48;37499;38068;+;53.7	75;57310;59622;+;66.5	A	9/9	contiguous	23140	1	1	55573..56103+;176;unnamed;0
NZ_AP024206.1	MPF_T	IncX3	58	0	0	GA	1	45;38024;38668;-;46.4	44;37750;38040;-;73.1	43;34972;37725;-;47.0	43;34972;37725;-;142.4	43;34972;37725;-;73.3	42;34192;34962;-;60.1	40;32858;33913;-;133.2		39;31935;32663;-;119.4	38;31000;31929;-;138.8	37;29789;31003;-;128.3	35;28559;29593;-;65.7	34;26721;28556;-;495.9		pfam	pfam_only	A	7/7	canonical	1	1	unscoreable	2	0	0														not_admitted	not_admitted	not_admitted	not_admitted	not_admitted	not_admitted	not_admitted
NZ_AP024326.1	-	-	1069	0	0	GA	1	1058;1004016;1004438;-;74.6			947;902338;904800;-;53.8	947;902338;904800;-;81.4		945;900528;901550;-;61.1		1063;1008612;1009316;-;96.9	1062;1007737;1008609;-;177.7	1061;1006484;1007740;-;165.3	1053;997380;999818;-;149.8	943;897281;899152;-;42.0		none	none	A	7/7	canonical	0	0	unscoreable	9	0	0														not_admitted	not_admitted	not_admitted	not_admitted	not_admitted	not_admitted	not_admitted
NZ_AP024328.1	-	-	468	0	0	GA	1	462;427747;428169;-;75.6			391;365573;368035;-;57.0	391;365573;368035;-;81.5		389;363763;364782;-;65.2		467;432358;433062;-;95.2	466;431483;432355;-;175.7	465;430230;431486;-;166.7	457;421111;423540;-;151.4	387;360540;362411;-;43.5		none	none	A	7/7	canonical	0	0	unscoreable	9	0	0														not_admitted	not_admitted	not_admitted	not_admitted	not_admitted	not_admitted	not_admitted
NZ_AP024404.1	-	-	106	0	0	GA	0															not_admitted	not_admitted	not_admitted	not_admitted	not_admitted	not_admitted	not_admitted	not_admitted	not_admitted	not_admitted	1	58;49844;50812;-;336.8	53;46046;47434;-;229.7	54;47447;48250;-;162.7	94;71162;73651;-;192.9		96;74180;75406;-;72.3	94;71162;73651;-;74.8	98;76195;76857;-;61.9	57;49092;49847;-;92.9	92;67328;69166;-;75.3	41;29691;31643;+;339.3	95;73653;74183;-;73.4	41;29691;31643;+;65.2	B	8/9	contiguous	46504	0	1	
NZ_AP024499.1	MPF_F	IncFII	101	0	0	GA	0															not_admitted	not_admitted	not_admitted	not_admitted	not_admitted	not_admitted	not_admitted	not_admitted	not_admitted	not_admitted	1	22;24366;25358;-;369.5	12;17214;18587;-;381.7	17;20517;21260;-;234.4	25;26367;28997;-;304.1	11;14395;17217;-;374.0	33;32399;33850;-;94.2	25;26367;28997;-;97.1	35;34565;35131;-;174.3	20;23384;24022;-;68.6	19;21537;23387;-;266.1	7;9862;12123;-;391.1	30;31024;31539;-;78.4	7;9862;12123;-;70.3	A	9/9	contiguous	24703	1	1	13894..14373-;159;TraS;0
NZ_AP024500.1	MPF_F	IncHI2;IncHI2A	319	0	0	GA	0															not_admitted	not_admitted	not_admitted	not_admitted	not_admitted	not_admitted	not_admitted	not_admitted	not_admitted	not_admitted	1	302;268334;269392;-;276.9	132;119939;121354;+;194.1	131;118903;119949;+;173.7	1;5865;8546;-;168.0	133;121363;125313;+;102.7	5;10876;12231;-;80.7	1;5865;8546;-;72.2	8;13955;14743;-;74.8	304;269534;271045;-;62.7	301;265127;268315;-;58.3	125;109779;111863;-;56.7	2;8555;9505;-;46.4	125;109779;111863;-;38.8	A	9/9	split_3	263669	0	1	
NZ_AP024516.1	-	-	72	0	0	GA	1	24;25406;25930;+;47.9	34;34554;34916;-;53.5	33;34252;34557;-;44.8	32;31748;34252;-;81.4	32;31748;34252;-;106.1	31;31024;31767;-;60.1	29;29292;30800;-;85.0		28;28609;29295;-;130.6	27;27681;28598;-;157.1	25;25931;27226;-;199.2	35;34909;35880;-;128.1	22;22968;24884;+;344.8		conjscan	conjscan_only	A	7/7	canonical	1	0	unscoreable	4	0	0														not_admitted	not_admitted	not_admitted	not_admitted	not_admitted	not_admitted	not_admitted
NZ_AP024517.1	-	-	47	0	0	GA	1	29;24723;25217;-;49.4	32;25954;26280;+;42.7	33;26280;26576;+;34.3	34;26554;28893;+;64.8			37;29929;30984;+;61.3		39;31108;31734;+;81.2	40;31731;32639;+;110.1	41;32644;33720;+;149.5	43;35621;36598;+;97.1	44;36595;38217;+;259.8		none	none	A	7/7	canonical	0	0	unscoreable	6	0	0														not_admitted	not_admitted	not_admitted	not_admitted	not_admitted	not_admitted	not_admitted
NZ_AP024519.1	MPF_F	IncFII(pHN7A8)	110	0	0	GA	0															not_admitted	not_admitted	not_admitted	not_admitted	not_admitted	not_admitted	not_admitted	not_admitted	not_admitted	not_admitted	1	86;81465;82457;-;369.3	77;75031;76404;-;381.0	82;77994;78737;-;233.5	89;83466;86096;-;303.5	76;72209;75034;-;389.2	95;89119;90546;-;94.7	89;83466;86096;-;98.5	97;91261;91827;-;183.8	85;80818;81456;-;68.7	84;79013;80821;-;268.0	73;68499;70706;-;391.7	92;87720;88235;-;76.4	73;68499;70706;-;70.3	A	9/9	contiguous	22762	1	1	71703..72212-;169;unnamed;0
NZ_AP024564.1	-	-	170	0	0	GA	0															not_admitted	not_admitted	not_admitted	not_admitted	not_admitted	not_admitted	not_admitted	not_admitted	not_admitted	not_admitted	1	114;109347;110507;+;222.2	119;117302;118774;+;186.1	118;116304;117299;+;187.7	109;104349;106787;+;187.0	120;118788;123350;+;118.4	106;101869;103365;+;112.0	109;104349;106787;+;116.9	104;100143;100889;+;103.0	113;108191;109372;+;51.3	115;110510;114916;+;42.8		107;103410;103907;+;80.3	1;2749;4548;+;31.5	A	9/9	split_2	116039	1	1	123334..124887+;517;unnamed;0
NZ_AP024569.1	MPF_F	IncFIB(K);IncFII(pKP91)	237	0	0	GA	0															not_admitted	not_admitted	not_admitted	not_admitted	not_admitted	not_admitted	not_admitted	not_admitted	not_admitted	not_admitted	1	192;182477;183466;-;363.3	181;175291;176658;-;382.2	185;177916;178668;-;233.7	196;184923;187562;-;259.4	180;172442;175291;-;342.9	206;191524;192948;-;89.2	196;184923;187562;-;88.3	208;193675;194241;-;167.9	190;181554;182201;-;65.9	189;179540;181495;-;259.5	176;168348;170630;-;393.3	204;190328;190912;-;53.8	176;168348;170630;-;65.9	A	9/9	contiguous	25327	1	1	171909..172439-;176;unnamed;0
NZ_AP024571.1	MPF_F	IncFIB(K);IncFII(pKP91)	237	0	0	GA	0															not_admitted	not_admitted	not_admitted	not_admitted	not_admitted	not_admitted	not_admitted	not_admitted	not_admitted	not_admitted	1	192;182477;183466;-;363.3	181;175291;176658;-;382.2	185;177916;178668;-;233.7	196;184923;187562;-;259.4	180;172442;175291;-;342.9	206;191524;192948;-;89.2	196;184923;187562;-;88.3	208;193675;194241;-;167.9	190;181554;182201;-;65.9	189;179540;181495;-;259.5	176;168348;170630;-;393.3	204;190328;190912;-;53.8	176;168348;170630;-;65.9	A	9/9	contiguous	25327	1	1	171909..172439-;176;unnamed;0
NZ_AP024573.1	MPF_F	IncFIB(K);IncFII(pKP91)	237	0	0	GA	0															not_admitted	not_admitted	not_admitted	not_admitted	not_admitted	not_admitted	not_admitted	not_admitted	not_admitted	not_admitted	1	192;182477;183466;-;363.3	181;175291;176658;-;382.2	185;177916;178668;-;233.7	196;184923;187562;-;259.4	180;172442;175291;-;342.9	206;191524;192948;-;89.2	196;184923;187562;-;88.3	208;193675;194241;-;167.9	190;181554;182201;-;65.9	189;179540;181495;-;259.5	176;168348;170630;-;393.3	204;190328;190912;-;53.8	176;168348;170630;-;65.9	A	9/9	contiguous	25327	1	1	171909..172439-;176;unnamed;0
NZ_AP024577.1	MPF_F	IncFIB(K);IncFII(pKP91)	237	0	0	GA	0															not_admitted	not_admitted	not_admitted	not_admitted	not_admitted	not_admitted	not_admitted	not_admitted	not_admitted	not_admitted	1	192;182477;183466;-;363.3	181;175291;176658;-;382.2	185;177916;178668;-;233.7	196;184923;187562;-;259.4	180;172442;175291;-;342.9	206;191524;192948;-;89.2	196;184923;187562;-;88.3	208;193675;194241;-;167.9	190;181554;182201;-;65.9	189;179540;181495;-;259.5	176;168348;170630;-;393.3	204;190328;190912;-;53.8	176;168348;170630;-;65.9	A	9/9	contiguous	25327	1	1	171909..172439-;176;unnamed;0
NZ_AP024580.1	MPF_F	IncFIB(K);IncFII(pKP91)	237	0	0	GA	0															not_admitted	not_admitted	not_admitted	not_admitted	not_admitted	not_admitted	not_admitted	not_admitted	not_admitted	not_admitted	1	192;182477;183466;-;363.3	181;175291;176658;-;382.2	185;177916;178668;-;233.7	196;184923;187562;-;259.4	180;172442;175291;-;342.9	206;191524;192948;-;89.2	196;184923;187562;-;88.3	208;193675;194241;-;167.9	190;181554;182201;-;65.9	189;179540;181495;-;259.5	176;168348;170630;-;393.3	204;190328;190912;-;53.8	176;168348;170630;-;65.9	A	9/9	contiguous	25327	1	1	171909..172439-;176;unnamed;0
NZ_AP024583.1	MPF_F	IncHI2;IncHI2A	318	0	0	GA	0															not_admitted	not_admitted	not_admitted	not_admitted	not_admitted	not_admitted	not_admitted	not_admitted	not_admitted	not_admitted	1	106;98555;99613;+;276.9	276;254005;255420;-;194.1	277;255410;256456;-;173.7	88;75235;77916;+;168.0	275;250046;253996;-;101.6	84;71550;72905;+;80.7	88;75235;77916;+;72.2	81;69038;69826;+;74.8	104;96902;98413;+;62.7	107;99632;102820;+;58.3	283;263497;265581;+;56.7	87;74276;75226;+;46.4	283;263497;265581;+;38.8	A	9/9	split_3	194459	0	1	
NZ_AP024586.1	MPF_F	-	212	0	0	GA	0															not_admitted	not_admitted	not_admitted	not_admitted	not_admitted	not_admitted	not_admitted	not_admitted	not_admitted	not_admitted	1	122;103389;104381;+;351.5	131;109307;110671;+;364.4	125;106834;107613;+;221.9	115;97728;100328;+;213.5	132;110671;114063;+;303.5	109;93195;94604;+;93.0	115;97728;100328;+;102.1	107;91862;92446;+;102.8	123;104391;105011;+;58.8	124;105008;106834;+;211.8	137;116156;118684;+;365.0	114;97177;97731;+;41.9	137;116156;118684;+;66.7	A	9/9	contiguous	24294	1	1	114079..114672+;197;unnamed;0
NZ_AP024587.1	MPF_F	IncFII(pECLA);repE(pEh60-7)	135	0	0	GA	0															not_admitted	not_admitted	not_admitted	not_admitted	not_admitted	not_admitted	not_admitted	not_admitted	not_admitted	not_admitted	1	119;103876;104874;+;353.9	127;109801;111165;+;358.6	122;107339;108118;+;216.3	112;98214;100814;+;219.5	128;111165;114170;+;301.5	107;95382;96791;+;92.9	112;98214;100814;+;95.4	105;94049;94633;+;105.3	120;104884;105504;+;59.0	121;105501;107339;+;219.7	132;116404;118959;+;365.4	110;97469;98023;+;43.7	132;116404;118959;+;71.6	A	9/9	contiguous	22355	1	1	114179..114892+;237;unnamed;0
NZ_AP024591.1	MPF_F	-	127	0	0	GA	0															not_admitted	not_admitted	not_admitted	not_admitted	not_admitted	not_admitted	not_admitted	not_admitted	not_admitted	not_admitted	1	90;73714;74718;+;357.2	97;79120;80484;+;362.9	93;77160;77942;+;219.1	84;68970;71579;+;229.8	98;80524;83736;+;301.8	82;66992;68383;+;92.7	84;68970;71579;+;103.0	80;65661;66242;+;84.0	91;74726;75343;+;63.6	92;75340;77160;+;213.5	102;85911;88427;+;363.9	83;68425;68970;+;43.0	102;85911;88427;+;66.2	A	9/9	contiguous	20250	1	1	83749..84321+;190;unnamed;0
NZ_AP024593.1	MPF_F	IncFIB(K)(pCAV1099-114);IncFII(K)	168	0	0	GA	0															not_admitted	not_admitted	not_admitted	not_admitted	not_admitted	not_admitted	not_admitted	not_admitted	not_admitted	not_admitted	1	113;120560;121552;-;363.2	102;113311;114678;-;382.8	106;115936;116688;-;235.0	116;122578;125217;-;259.2	101;110468;113311;-;338.1	125;128619;130043;-;86.0	116;122578;125217;-;84.5	127;130770;131336;-;168.4	112;119909;120547;-;64.6	110;117577;119532;-;257.8	98;106091;108418;-;392.6	124;127849;128406;-;53.2	98;106091;108418;-;66.5	A	9/9	contiguous	24679	1	1	109924..110457-;177;unnamed;0
NZ_AP024688.1	MPF_F	IncFIB(pB171);IncFII	162	0	0	GA	0															not_admitted	not_admitted	not_admitted	not_admitted	not_admitted	not_admitted	not_admitted	not_admitted	not_admitted	not_admitted	1	87;75278;76270;-;372.1	76;68173;69546;-;380.7	81;71136;71879;-;233.3	90;77279;79906;-;303.5	75;65357;68176;-;386.2	95;82035;83486;-;94.6	90;77279;79906;-;100.3	97;84201;84767;-;183.2	86;74631;75269;-;68.6	83;72156;73919;-;267.9	72;61636;63825;-;391.8	91;80422;80937;-;79.0	72;61636;63825;-;70.4	A	9/9	contiguous	22565	1	1	64841..65332-;163;TraS;0
NZ_AP024751.1	MPF_T	IncN;IncR	140	0	0	GA	1	24;21337;22074;+;32.0		27;22717;23034;+;63.3	28;23034;25634;+;111.8	28;23034;25634;+;76.4	29;25652;26365;+;105.5	31;26616;27656;+;142.4		32;27875;28573;+;131.9	33;28584;29468;+;159.7	34;29468;30628;+;156.3	35;30670;31665;+;81.2	119;108360;109889;-;38.5		pfam	both	A	7/7	canonical	1	0	unscoreable	3	0	0														not_admitted	not_admitted	not_admitted	not_admitted	not_admitted	not_admitted	not_admitted
NZ_AP024754.1	MPF_T	IncN;IncR	139	0	0	GA	1	24;21339;22076;+;32.0		27;22719;23036;+;63.3	28;23036;25636;+;111.8	28;23036;25636;+;76.4	29;25654;26367;+;105.5	31;26618;27658;+;142.4		32;27877;28575;+;131.9	33;28586;29470;+;159.7	34;29470;30630;+;156.3	35;30672;31667;+;81.2	119;108110;109639;-;38.5		pfam	both	A	7/7	canonical	1	0	unscoreable	3	0	0														not_admitted	not_admitted	not_admitted	not_admitted	not_admitted	not_admitted	not_admitted
NZ_AP024757.1	MPF_T	IncN;IncR	139	0	0	GA	1	24;21349;22086;+;32.0		27;22729;23046;+;63.3	28;23046;25646;+;111.8	28;23046;25646;+;76.4	29;25664;26377;+;105.5	31;26628;27668;+;142.4		32;27887;28585;+;131.9	33;28596;29480;+;159.7	34;29480;30640;+;156.3	35;30682;31677;+;81.2	118;108406;109935;-;38.5		pfam	both	A	7/7	canonical	1	0	unscoreable	3	0	0														not_admitted	not_admitted	not_admitted	not_admitted	not_admitted	not_admitted	not_admitted
NZ_AP024761.1	MPF_T	IncN;IncR	147	0	0	GA	1	28;21314;22051;+;32.0		31;22694;23011;+;63.3	32;23011;25611;+;111.8	32;23011;25611;+;76.4	33;25629;26342;+;105.5	35;26593;27633;+;142.4		36;27852;28550;+;131.9	37;28561;29445;+;159.7	38;29445;30605;+;156.3	39;30647;31642;+;81.2	121;108347;109876;-;38.5		pfam	both	A	7/7	canonical	1	0	unscoreable	3	0	0														not_admitted	not_admitted	not_admitted	not_admitted	not_admitted	not_admitted	not_admitted
NZ_AP024764.1	MPF_T	IncN;IncR	142	0	0	GA	1	24;20560;21297;+;32.0		27;21940;22257;+;63.3	28;22257;24857;+;111.8	28;22257;24857;+;76.4	29;24875;25588;+;105.5	31;25839;26879;+;142.4		32;27098;27796;+;131.9	33;27807;28691;+;159.7	34;28691;29851;+;156.3	35;29893;30888;+;81.2	119;107453;108982;-;38.5		pfam	both	A	7/7	canonical	1	0	unscoreable	3	0	0														not_admitted	not_admitted	not_admitted	not_admitted	not_admitted	not_admitted	not_admitted
NZ_AP024767.1	MPF_T	IncN;IncR	139	0	0	GA	1	24;21337;22074;+;32.0		27;22717;23034;+;63.3	28;23034;25634;+;111.8	28;23034;25634;+;76.4	29;25652;26365;+;105.5	31;26616;27656;+;142.4		32;27875;28573;+;131.9	33;28584;29468;+;159.7	34;29468;30628;+;156.3	35;30670;31665;+;81.2	119;109472;111001;-;38.5		pfam	both	A	7/7	canonical	1	0	unscoreable	3	0	0														not_admitted	not_admitted	not_admitted	not_admitted	not_admitted	not_admitted	not_admitted
NZ_AP024770.1	MPF_T	IncN;IncR	139	0	0	GA	1	25;21378;22115;+;32.0		28;22758;23075;+;63.3	29;23075;25675;+;111.8	29;23075;25675;+;76.4	30;25693;26406;+;105.5	32;26657;27697;+;142.4		33;27916;28614;+;131.9	34;28625;29509;+;159.7	35;29509;30669;+;156.3	36;30711;31706;+;81.2	119;108420;109949;-;38.5		pfam	both	A	7/7	canonical	1	0	unscoreable	3	0	0														not_admitted	not_admitted	not_admitted	not_admitted	not_admitted	not_admitted	not_admitted
NZ_AP024773.1	MPF_T	IncN;IncR	140	0	0	GA	1	24;21339;22076;+;32.0		27;22719;23036;+;63.3	28;23036;25636;+;111.8	28;23036;25636;+;76.4	29;25654;26367;+;105.5	31;26618;27658;+;142.4		32;27877;28575;+;131.9	33;28586;29470;+;159.7	34;29470;30630;+;156.3	35;30672;31667;+;81.2	118;108381;109910;-;38.5		pfam	both	A	7/7	canonical	1	0	unscoreable	3	0	0														not_admitted	not_admitted	not_admitted	not_admitted	not_admitted	not_admitted	not_admitted
NZ_AP024776.1	MPF_T	IncN;IncR	140	0	0	GA	1	24;21339;22076;+;32.0		27;22719;23036;+;63.3	28;23036;25636;+;111.8	28;23036;25636;+;76.4	29;25654;26367;+;105.5	31;26618;27658;+;142.4		32;27877;28575;+;131.9	33;28586;29470;+;159.7	34;29470;30630;+;156.3	35;30672;31667;+;81.2	119;108375;109904;-;38.5		pfam	both	A	7/7	canonical	1	0	unscoreable	3	0	0														not_admitted	not_admitted	not_admitted	not_admitted	not_admitted	not_admitted	not_admitted
NZ_AP024779.1	MPF_T	IncN;IncR	139	0	0	GA	1	24;21337;22074;+;32.0		27;22717;23034;+;63.3	28;23034;25634;+;111.8	28;23034;25634;+;76.4	29;25652;26365;+;105.5	31;26616;27656;+;142.4		32;27875;28573;+;131.9	33;28584;29468;+;159.7	34;29468;30628;+;156.3	35;30670;31665;+;81.2	118;108387;109916;-;38.5		pfam	both	A	7/7	canonical	1	0	unscoreable	3	0	0														not_admitted	not_admitted	not_admitted	not_admitted	not_admitted	not_admitted	not_admitted
NZ_AP024782.1	MPF_T	IncN;IncR	138	0	0	GA	1	24;21337;22074;+;32.0		27;22717;23034;+;63.3	28;23034;25634;+;111.8	28;23034;25634;+;76.4	29;25652;26365;+;105.5	31;26616;27656;+;142.4		32;27875;28573;+;131.9	33;28584;29468;+;159.7	34;29468;30628;+;156.3	35;30670;31665;+;81.2	117;108380;109909;-;38.5		pfam	both	A	7/7	canonical	1	0	unscoreable	3	0	0														not_admitted	not_admitted	not_admitted	not_admitted	not_admitted	not_admitted	not_admitted
NZ_AP024785.1	MPF_F	IncFIB(pNDM-Mar);RepB	239	0	0	GA	0															not_admitted	not_admitted	not_admitted	not_admitted	not_admitted	not_admitted	not_admitted	not_admitted	not_admitted	not_admitted	1	170;151185;152222;-;282.3	70;59310;60719;+;190.4	69;58283;59320;+;176.7	183;163054;165771;-;149.6	71;60721;64689;+;120.1	187;167884;169254;-;65.6	183;163054;165771;-;85.2	190;170900;171760;-;79.1	171;152219;153580;-;69.9	169;147990;151175;-;59.9	62;48969;51095;-;57.8	184;165816;166553;-;57.2	62;48969;51095;-;41.0	A	9/9	split_2	121931	0	1	
NZ_AP024786.1	MPF_T	IncN;IncR	141	0	0	GA	1	24;20930;21667;+;32.0		27;22310;22627;+;63.3	28;22627;25227;+;111.8	28;22627;25227;+;76.4	29;25245;25958;+;105.5	31;26209;27249;+;142.4		32;27468;28166;+;131.9	33;28177;29061;+;159.7	34;29061;30221;+;156.3	35;30263;31258;+;81.2	120;114437;115966;-;38.5		pfam	both	A	7/7	canonical	1	0	unscoreable	3	0	0														not_admitted	not_admitted	not_admitted	not_admitted	not_admitted	not_admitted	not_admitted
NZ_AP024789.1	MPF_F	IncFIB(pNDM-Mar);RepB	239	0	0	GA	0															not_admitted	not_admitted	not_admitted	not_admitted	not_admitted	not_admitted	not_admitted	not_admitted	not_admitted	not_admitted	1	170;151248;152285;-;282.3	70;59310;60719;+;190.4	69;58283;59320;+;176.7	183;163117;165834;-;149.6	71;60721;64689;+;120.1	187;167947;169317;-;65.6	183;163117;165834;-;85.2	190;170963;171823;-;79.1	171;152282;153643;-;69.9	169;148053;151238;-;59.9	62;48969;51095;-;57.8	184;165879;166616;-;57.2	62;48969;51095;-;41.0	A	9/9	split_2	121994	0	1	
NZ_AP024790.1	MPF_T	IncN;IncR	139	0	0	GA	1	24;21336;22073;+;32.0		27;22716;23033;+;63.3	28;23033;25633;+;111.8	28;23033;25633;+;76.4	29;25651;26364;+;105.5	31;26615;27655;+;142.4		32;27874;28572;+;131.9	33;28583;29467;+;159.7	34;29467;30627;+;156.3	35;30669;31664;+;81.2	118;108390;109919;-;38.5		pfam	both	A	7/7	canonical	1	0	unscoreable	3	0	0														not_admitted	not_admitted	not_admitted	not_admitted	not_admitted	not_admitted	not_admitted
NZ_AP024793.1	MPF_T	IncN;IncR	150	0	0	GA	1	24;20819;21556;+;32.0		27;22199;22516;+;63.3	28;22516;25116;+;111.8	28;22516;25116;+;76.4	29;25134;25847;+;105.5	31;26098;27138;+;142.4		32;27357;28055;+;131.9	33;28066;28950;+;159.7	34;28950;30110;+;156.3	35;30152;31147;+;81.2	128;117775;119304;-;38.5		pfam	both	A	7/7	canonical	1	0	unscoreable	3	0	0														not_admitted	not_admitted	not_admitted	not_admitted	not_admitted	not_admitted	not_admitted
NZ_AP024796.1	MPF_T	IncN;IncR	146	0	0	GA	1	24;21417;22154;+;32.0		27;22797;23114;+;63.3	28;23114;25714;+;111.8	28;23114;25714;+;76.4	29;25732;26445;+;105.5	31;26696;27736;+;142.4		32;27955;28653;+;131.9	33;28664;29548;+;159.7	34;29548;30708;+;156.3	35;30750;31745;+;81.2	127;118382;119911;-;38.5		pfam	both	A	7/7	canonical	1	0	unscoreable	3	0	0														not_admitted	not_admitted	not_admitted	not_admitted	not_admitted	not_admitted	not_admitted
NZ_AP024856.1	-	-	195	0	0	GA	0															not_admitted	not_admitted	not_admitted	not_admitted	not_admitted	not_admitted	not_admitted	not_admitted	not_admitted	not_admitted	1				68;71100;73775;+;159.1		64;67533;68915;+;82.4	68;71100;73775;+;97.7	62;65698;66345;+;60.3	2;1185;2645;-;46.9	194;213850;217008;-;84.1		67;70382;71086;+;50.1		D	5/9	split_3	212665	0	1	
NZ_AP024863.1	-	-	80	0	0	GA	1				31;33061;35385;+;57.1	31;33061;35385;+;44.7	32;35382;36053;+;57.8	34;36454;37287;+;99.3		37;38395;39156;+;156.6	38;39153;39941;+;175.1	39;39934;41160;+;144.6	40;41334;42374;+;101.6	41;42371;44155;+;299.4		pfam	pfam_only	A	7/7	canonical	1	0	unscoreable	3	0	0														not_admitted	not_admitted	not_admitted	not_admitted	not_admitted	not_admitted	not_admitted
NZ_AP024891.1	-	-	121	0	0	GA	0															not_admitted	not_admitted	not_admitted	not_admitted	not_admitted	not_admitted	not_admitted	not_admitted	not_admitted	not_admitted	1	41;35488;36429;+;94.9			40;32792;35494;+;103.7	44;38020;39609;+;101.0						8;4677;6863;+;30.7		8;4677;6863;+;29.4	D	3/9	split_2	33343	0	0	
NZ_AP024923.1	MPF_F	IncFII(pHN7A8)	88	0	0	GA	0															not_admitted	not_admitted	not_admitted	not_admitted	not_admitted	not_admitted	not_admitted	not_admitted	not_admitted	not_admitted	1	59;41211;42203;+;369.5	75;49910;51283;+;375.1	68;46959;47702;+;233.7	56;37572;40202;+;305.1	76;51280;54105;+;374.5	47;32883;34337;+;93.5	56;37572;40202;+;98.6	45;31602;32168;+;177.1	63;43381;44019;+;70.6	66;44832;46682;+;264.4	80;56347;58572;+;391.7	51;35435;35950;+;76.0	80;56347;58572;+;70.3	A	9/9	contiguous	24745	1	1	54102..54611+;169;unnamed;0
NZ_AP024941.1	MPF_F	-	230	0	0	GA	0															not_admitted	not_admitted	not_admitted	not_admitted	not_admitted	not_admitted	not_admitted	not_admitted	not_admitted	not_admitted	1	67;65908;66915;+;335.4	219;204229;205671;+;315.1	218;203455;204225;+;187.2	62;60696;63140;+;338.0	220;205684;209238;+;368.8	132;128140;129360;+;216.3	62;60696;63140;+;126.9	55;50324;50959;+;85.4	65;63978;65243;+;65.1	68;66925;69699;+;134.1	45;43180;45051;+;46.2	58;53167;53733;+;91.1	45;43180;45051;+;53.0	A	9/9	split_3	162504	0	1	
NZ_AP024942.1	MPF_T	IncP1	69	0	0	GA	1	54;52052;52687;-;23.5	65;62540;63004;-;63.5	64;62225;62536;-;49.8	63;59670;62228;-;91.0	63;59670;62228;-;112.1	58;55272;56036;-;122.3	56;53306;55024;-;143.0		62;58891;59673;-;145.8	61;57974;58873;-;186.5	59;56057;57478;-;221.2	66;63021;63983;-;127.6	28;24668;26581;+;525.1		conjscan	conjscan_only	A	7/7	canonical	1	0	unscoreable	4	0	0														not_admitted	not_admitted	not_admitted	not_admitted	not_admitted	not_admitted	not_admitted
NZ_AP024949.1	MPF_T	IncP1	69	0	0	GA	1	54;53209;53844;-;23.5	65;63697;64161;-;63.5	64;63382;63693;-;49.8	63;60827;63385;-;91.0	63;60827;63385;-;112.1	58;56429;57193;-;122.3	56;54463;56181;-;143.0		62;60048;60830;-;145.8	61;59131;60030;-;186.5	59;57214;58635;-;221.2	66;64178;65140;-;127.6	27;23130;25043;+;525.1		conjscan	conjscan_only	A	7/7	canonical	1	0	unscoreable	4	0	0														not_admitted	not_admitted	not_admitted	not_admitted	not_admitted	not_admitted	not_admitted
NZ_AP024959.1	MPF_F	-	365	0	0	GA	1	222;217396;217824;-;73.7		153;162568;162879;-;25.8	152;160112;162574;-;49.1	152;160112;162574;-;80.7		150;158298;159341;-;49.4		227;222100;222801;-;77.9	226;221228;222103;-;155.3	225;219921;221216;-;147.4	217;210950;213160;-;140.0	148;155027;156898;-;39.2		none	none	A	7/7	canonical	0	0	unscoreable	8	0	0														not_admitted	not_admitted	not_admitted	not_admitted	not_admitted	not_admitted	not_admitted
NZ_AP024960.1	-	-	77	0	0	GA	1	41;35741;36613;-;33.9	39;35153;35431;-;32.6	38;34821;35153;-;62.2	37;32153;34819;-;99.2	37;32153;34819;-;77.2	36;31435;32142;-;97.2	34;29970;31145;-;100.1	33;29756;29947;-;80.6	32;29028;29759;-;129.2	31;28132;29031;-;144.8	30;26984;28135;-;178.7	8;6972;8339;-;227.3			pfam	both	B	6/7	canonical	1	0	ga	2	0	0														not_admitted	not_admitted	not_admitted	not_admitted	not_admitted	not_admitted	not_admitted
NZ_AP025010.1	MPF_F	repFIB;repHI5B	435	0	0	GA	0															not_admitted	not_admitted	not_admitted	not_admitted	not_admitted	not_admitted	not_admitted	not_admitted	not_admitted	not_admitted	1	343;301117;302154;-;282.2	129;103612;105054;+;188.4	128;102618;103655;+;172.4	359;315475;318192;-;149.9	339;292550;296494;-;119.4	363;320305;321672;-;63.8	359;315475;318192;-;87.4	366;323302;324165;-;82.3	344;302151;303512;-;73.0	342;297926;301102;-;58.2	121;93263;95389;-;62.0	360;318241;318975;-;59.3	121;93263;95389;-;39.7	A	9/9	split_2	230039	0	1	
NZ_AP025011.1	MPF_F	IncFIB(K);IncFII(K);IncFII(pAR0022)	276	0	0	GA	0															not_admitted	not_admitted	not_admitted	not_admitted	not_admitted	not_admitted	not_admitted	not_admitted	not_admitted	not_admitted	1	209;212654;213643;-;366.7	199;205740;207107;-;383.7	203;208365;209117;-;233.7	213;215097;217739;-;258.5	198;203056;205740;-;346.6	221;220934;222358;-;89.3	213;215097;217739;-;88.2	223;223085;223651;-;169.3	208;212003;212641;-;66.9	207;209989;211944;-;259.6	194;198109;200421;-;393.2	220;220236;220820;-;54.3	194;198109;200421;-;65.8	A	9/9	contiguous	24976	1	1	202347..202880-;177;unnamed;0
NZ_AP025012.1	MPF_F	IncFII(K);IncFII(pAR0022);repB(R1701)	143	0	0	GA	0															not_admitted	not_admitted	not_admitted	not_admitted	not_admitted	not_admitted	not_admitted	not_admitted	not_admitted	not_admitted	1	119;114392;115381;+;366.7	129;120928;122295;+;383.7	125;118918;119670;+;233.7	115;110296;112938;+;258.5	130;122295;125144;+;346.4	107;105677;107101;+;89.3	115;110296;112938;+;88.2	105;104384;104950;+;169.3	120;115394;116032;+;66.9	121;116091;118046;+;259.6	134;127606;129918;+;393.2	108;107215;107799;+;54.3	134;127606;129918;+;65.8	A	9/9	contiguous	23222	1	1	125147..125680+;177;unnamed;0
NZ_AP025015.1	MPF_F	-	155	0	0	GA	0															not_admitted	not_admitted	not_admitted	not_admitted	not_admitted	not_admitted	not_admitted	not_admitted	not_admitted	not_admitted	1	18;21151;22302;+;232.9	125;105326;106720;-;137.7	126;106717;107712;-;168.9	7;6173;8857;+;122.9	124;98960;105322;-;119.0	138;119167;120525;+;92.0	7;6173;8857;+;44.9	136;117244;117900;+;64.9	17;19859;21154;+;57.8	19;22305;26579;+;83.1		6;5432;6160;+;32.1	132;113845;115719;+;33.9	A	9/9	split_2	113735	1	1	97958..98848-;296;unnamed;0
NZ_AP025033.1	MPF_T	-	139	0	0	GA	1		59;59475;59846;-;74.3	58;59183;59482;-;64.5	57;56707;59172;-;174.5	57;56707;59172;-;130.0	56;55932;56735;-;53.1	54;54554;55762;-;113.6		53;53872;54534;-;121.4	52;53006;53854;-;185.3	50;51231;52538;-;222.1	60;59836;60804;-;128.6	38;40646;42577;-;521.4		conjscan	conjscan_only	A	7/7	canonical	1	0	unscoreable	14	0	0														not_admitted	not_admitted	not_admitted	not_admitted	not_admitted	not_admitted	not_admitted
NZ_AP025146.1	-	-	295	0	0	GA	0															not_admitted	not_admitted	not_admitted	not_admitted	not_admitted	not_admitted	not_admitted	not_admitted	not_admitted	not_admitted	1	231;217870;219072;-;231.4	161;158071;159537;-;121.7	162;159527;160567;-;164.7	235;221454;223985;-;183.1	160;154096;158058;-;120.0	207;192905;194323;+;55.3	235;221454;223985;-;89.2	205;191579;192148;+;98.3	232;219069;220373;-;51.3	248;236338;241542;+;65.9			224;210575;212545;+;40.6	B	8/9	split_2	82242	1	1	153312..153932-;206;unnamed;0
NZ_AP025151.1	-	-	262	0	0	GA	0															not_admitted	not_admitted	not_admitted	not_admitted	not_admitted	not_admitted	not_admitted	not_admitted	not_admitted	not_admitted	1	189;160664;161866;-;231.4	119;100893;102359;-;122.4	120;102349;103389;-;164.6	193;164248;166779;-;183.1	118;96918;100880;-;120.0	165;135722;137140;+;54.7	193;164248;166779;-;89.2	163;134396;134965;+;98.3	190;161863;163167;-;51.1	206;179121;184325;+;65.9			182;153370;155340;+;40.6	B	8/9	split_2	82203	1	1	96134..96754-;206;unnamed;0
NZ_AP025154.1	MPF_F	-	183	0	0	GA	0															not_admitted	not_admitted	not_admitted	not_admitted	not_admitted	not_admitted	not_admitted	not_admitted	not_admitted	not_admitted	1	20;23358;24362;+;332.7	97;84028;85467;+;325.0	96;82992;84026;+;207.7	15;18130;20580;+;313.2	98;85474;89115;+;345.7	9;8866;10212;+;125.7	15;18130;20580;+;133.6	7;7296;7925;+;87.5	18;21392;22660;+;64.9	21;24379;27192;+;144.5	1;3082;4950;+;44.6	10;10269;10760;+;86.0	1;3082;4950;+;48.4	A	9/9	split_2	82392	0	1	
NZ_AP025157.1	MPF_F	-	184	0	0	GA	0															not_admitted	not_admitted	not_admitted	not_admitted	not_admitted	not_admitted	not_admitted	not_admitted	not_admitted	not_admitted	1	20;23358;24362;+;332.7	97;84029;85468;+;325.0	96;82993;84027;+;207.7	15;18130;20580;+;313.2	98;85475;87532;+;347.9	9;8866;10212;+;125.7	15;18130;20580;+;133.6	7;7296;7925;+;87.5	18;21392;22660;+;64.9	21;24379;27192;+;144.5	1;3082;4950;+;44.6	10;10269;10760;+;86.0	1;3082;4950;+;48.4	A	9/9	split_2	82393	1	1	87529..89106+;525;unnamed;0
NZ_AP025173.1	MPF_F	-	402	0	0	GA	1	20;22057;22491;+;64.4	13;15296;15643;-;28.0		11;12518;14971;-;66.4	11;12518;14971;-;88.2		9;10723;11772;-;52.9		15;17156;17863;+;97.9	16;17880;18779;+;163.2	17;18779;20008;+;179.2	25;26667;28469;+;177.2	7;7608;9464;-;41.9		none	none	A	7/7	canonical	0	0	unscoreable	9	0	0														not_admitted	not_admitted	not_admitted	not_admitted	not_admitted	not_admitted	not_admitted
NZ_AP025181.1	MPF_T	IncW	47	0	0	GA	1	10;8157;8855;+;43.3	12;9239;9544;+;70.9	13;9557;9871;+;84.9	14;9874;12345;+;122.0	14;9874;12345;+;98.5	15;12342;13031;+;157.1	17;13272;14300;+;174.7		19;14553;15248;+;157.4	20;15259;16059;+;191.3	21;16059;17246;+;185.3	22;17212;18288;+;88.0	24;21271;22794;-;51.8		pfam	both	A	7/7	canonical	1	0	unscoreable	4	0	0														not_admitted	not_admitted	not_admitted	not_admitted	not_admitted	not_admitted	not_admitted
NZ_AP025198.1	-	-	34	0	0	GA	1				11;8415;10862;+;92.4			4;3296;4384;+;56.0		13;11002;11667;+;94.8	14;11667;12704;+;94.5	15;12704;14164;+;150.1	18;15060;15998;+;109.9	20;16361;18226;+;238.1		none	none	A	7/7	rearranged	0	0	unscoreable	10	0	0														not_admitted	not_admitted	not_admitted	not_admitted	not_admitted	not_admitted	not_admitted
NZ_AP025207.1	MPF_T	IncP1	70	0	0	GA	1		42;32908;33291;-;68.7	41;32579;32905;-;50.6	40;30039;32582;-;94.8	40;30039;32582;-;107.0	35;25793;26563;-;104.8	34;24043;25602;-;113.8		39;29335;30042;-;91.8	38;28429;29319;-;152.4	36;26576;27970;-;224.7	43;33405;34361;-;135.2	9;6394;8340;+;442.7		conjscan	conjscan_only	A	7/7	canonical	1	0	unscoreable	2	0	0														not_admitted	not_admitted	not_admitted	not_admitted	not_admitted	not_admitted	not_admitted
NZ_AP025211.1	MPF_T	IncP1	71	0	0	GA	1		40;32091;32474;-;68.7	39;31762;32088;-;50.6	38;29222;31765;-;94.8	38;29222;31765;-;107.0	33;24976;25746;-;104.8	32;23226;24785;-;113.8		37;28518;29225;-;91.8	36;27612;28502;-;152.4	34;25759;27153;-;224.7	41;32588;33544;-;135.2	7;5577;7523;+;442.7		conjscan	conjscan_only	A	7/7	canonical	1	0	unscoreable	2	0	0														not_admitted	not_admitted	not_admitted	not_admitted	not_admitted	not_admitted	not_admitted
NZ_AP025217.1	MPF_T	IncP1	66	0	0	GA	1		59;44691;45074;-;68.7	58;44362;44688;-;50.6	57;41822;44365;-;94.8	57;41822;44365;-;107.0	52;37576;38346;-;104.8	51;35826;37385;-;112.1		56;41118;41825;-;91.8	55;40212;41102;-;152.4	53;38359;39753;-;224.7	60;45188;46144;-;132.7	25;15489;17435;+;442.7		conjscan	conjscan_only	A	7/7	canonical	1	0	unscoreable	2	0	0														not_admitted	not_admitted	not_admitted	not_admitted	not_admitted	not_admitted	not_admitted
NZ_AP025222.1	MPF_T	IncP1	68	0	0	GA	1		4;3961;4344;+;68.7	5;4347;4673;+;50.6	6;4670;7213;+;94.8	6;4670;7213;+;107.0	11;10689;11459;+;104.8	12;11650;13209;+;112.1		7;7210;7917;+;91.8	8;7933;8823;+;152.4	10;9282;10676;+;224.7	3;2891;3847;+;132.7	39;31600;33546;-;442.7		conjscan	conjscan_only	A	7/7	canonical	1	0	unscoreable	2	0	0														not_admitted	not_admitted	not_admitted	not_admitted	not_admitted	not_admitted	not_admitted
NZ_AP025261.1	-	-	72	0	0	GA	1	12;10077;10949;-;41.1	10;9489;9767;-;32.6	9;9157;9489;-;62.2	8;6489;9155;-;103.0	8;6489;9155;-;76.0	7;5771;6478;-;97.5	5;4298;5488;-;111.3	4;4084;4275;-;81.9	3;3356;4087;-;126.4	2;2460;3353;-;144.8	1;1321;2463;-;178.3	56;49057;50424;-;228.0			pfam	both	B	6/7	canonical	1	0	ga	2	0	0														not_admitted	not_admitted	not_admitted	not_admitted	not_admitted	not_admitted	not_admitted
NZ_AP025274.1	-	-	399	0	0	GA	0															not_admitted	not_admitted	not_admitted	not_admitted	not_admitted	not_admitted	not_admitted	not_admitted	not_admitted	not_admitted	1	255;192942;193985;-;303.0	177;129427;130866;-;270.3	178;130866;131906;-;244.9	260;196656;199052;-;269.0	176;125171;129427;-;314.5	265;207695;209056;-;130.9	260;196656;199052;-;133.8	267;210178;210816;-;89.6	257;194674;195846;-;43.3	254;189549;192929;-;121.9	272;213155;215008;-;47.4	264;207104;207625;-;85.3	272;213155;215008;-;55.1	A	9/9	split_2	87984	0	1	
NZ_AP025287.1	-	-	86	0	0	GA	1		34;39928;40311;-;36.5	33;39662;39925;-;35.1	74;67628;70213;+;38.5	74;67628;70213;+;73.4		77;71505;73622;+;30.8		78;73638;74363;+;85.6	79;74374;75411;+;150.3	80;75424;77274;+;127.0	35;40376;41296;-;105.8	38;42438;43871;-;149.9		none	none	A	7/7	canonical	0	0	unscoreable	3	0	0														not_admitted	not_admitted	not_admitted	not_admitted	not_admitted	not_admitted	not_admitted
NZ_AP025335.1	MPF_F	IncFIB(K);IncFII(pBK30683)	185	0	0	GA	0															not_admitted	not_admitted	not_admitted	not_admitted	not_admitted	not_admitted	not_admitted	not_admitted	not_admitted	not_admitted	1	138;116142;117134;+;356.5	146;122010;123380;+;356.8	141;119644;120438;+;215.5	132;111064;113709;+;238.0	147;123373;126657;+;300.3	127;107687;109090;+;103.3	132;111064;113709;+;89.6	125;106353;106952;+;77.7	139;117144;117764;+;55.5	140;117761;119644;+;214.4	152;131986;134580;+;368.6	130;110236;110790;+;41.5	152;131986;134580;+;69.6	A	9/9	contiguous	25633	1	1	126681..127256+;191;unnamed;0
NZ_AP025336.1	MPF_F	IncC	209	0	0	GA	0															not_admitted	not_admitted	not_admitted	not_admitted	not_admitted	not_admitted	not_admitted	not_admitted	not_admitted	not_admitted	1	136;107938;108945;+;332.9	198;163107;164540;+;339.2	197;162077;163105;+;221.7	131;102739;105186;+;354.5	199;164553;168167;+;375.3	45;26117;27277;+;156.3	131;102739;105186;+;128.3	124;92343;92969;+;92.7	134;106008;107273;+;67.9	137;109061;111859;+;145.3	115;86668;88533;+;47.3	127;95180;95758;+;100.2	115;86668;88533;+;52.0	A	9/9	split_3	138436	0	1	
NZ_AP025357.1	MPF_T	-	141	0	0	GA	1	85;84971;85636;+;44.6	86;85633;85971;+;79.5	87;85968;86318;+;80.0	88;86311;88722;+;159.3	88;86311;88722;+;124.1	89;88726;89439;+;195.5	91;89676;90620;+;132.4		92;90961;91659;+;180.8	93;91656;92513;+;195.2	94;92517;93743;+;188.4	95;93747;94751;+;100.1	96;94735;96699;+;346.4		pfam	both	A	7/7	canonical	1	0	unscoreable	1	0	0														not_admitted	not_admitted	not_admitted	not_admitted	not_admitted	not_admitted	not_admitted
NZ_AP025469.1	MPF_F	-	65	0	0	GA	0															not_admitted	not_admitted	not_admitted	not_admitted	not_admitted	not_admitted	not_admitted	not_admitted	not_admitted	not_admitted	1	27;19017;20030;+;384.1	32;23747;25147;+;281.3	30;22442;23221;+;149.2	24;15442;18021;+;202.8	33;25149;27953;+;289.6	22;13586;15064;+;84.2	24;15442;18021;+;96.1	20;12287;12856;+;82.7	28;20120;20815;+;84.9	29;20812;22440;+;231.6	37;29674;31755;+;397.1	23;15074;15439;+;29.6	37;29674;31755;+;76.7	A	9/9	contiguous	17387	1	1	28038..28592+;184;unnamed;0
NZ_AP025478.1	MPF_F	-	198	0	0	GA	0															not_admitted	not_admitted	not_admitted	not_admitted	not_admitted	not_admitted	not_admitted	not_admitted	not_admitted	not_admitted	1	153;172495;173505;-;378.6	148;167063;168469;-;292.0	150;168955;169734;-;168.1	155;174347;176896;-;191.8	46;51914;54727;-;310.8	157;177446;178984;-;91.0	155;174347;176896;-;95.8	58;67512;68087;-;115.8	51;59296;60009;-;91.8	50;57531;59258;-;222.0	42;46989;49088;-;395.3	156;177048;177443;-;29.7	42;46989;49088;-;73.3	A	9/9	split_2	130457	1	1	51300..51830-;176;unnamed;0
NZ_AP025479.1	MPF_F	-	140	0	0	GA	0															not_admitted	not_admitted	not_admitted	not_admitted	not_admitted	not_admitted	not_admitted	not_admitted	not_admitted	not_admitted	1	42;37947;38957;-;379.2	36;31913;33319;-;292.0	38;33805;34584;-;167.8	44;39799;42348;-;191.8	35;29090;31909;-;312.4	46;42898;44436;-;91.0	44;39799;42348;-;95.8	48;45198;45773;-;115.8	41;36980;37693;-;90.9	40;35216;36943;-;221.5	31;23578;25683;-;393.8	45;42500;42895;-;29.7	31;23578;25683;-;74.9	A	9/9	contiguous	21620	1	1	28473..29006-;177;unnamed;0
NZ_AP025485.1	MPF_F	-	68	0	0	GA	0															not_admitted	not_admitted	not_admitted	not_admitted	not_admitted	not_admitted	not_admitted	not_admitted	not_admitted	not_admitted	1	62;66566;67579;-;384.1	55;59609;61015;-;297.0	57;61513;62295;-;147.1	65;68575;71157;-;200.7	54;56803;59607;-;285.6	67;71535;72080;-;52.9	65;68575;71157;-;93.9	2;1419;1988;-;81.2	59;63991;64686;-;86.5	58;62297;63994;-;238.4	48;48973;51066;-;396.5	66;71160;71525;-;30.7	48;48973;51066;-;76.6	A	9/9	split_2	70116	1	1	56170..56724-;184;unnamed;0
NZ_AP025494.1	-	-	231	0	0	GA	0															not_admitted	not_admitted	not_admitted	not_admitted	not_admitted	not_admitted	not_admitted	not_admitted	not_admitted	not_admitted	1	12;13443;14510;+;250.4	108;109258;110664;-;164.8	110;111331;112278;-;200.4	199;185270;187927;+;172.1	107;103162;109254;-;145.8	157;145959;147317;+;83.2	199;185270;187927;+;95.3	155;144082;144750;+;55.4	10;11606;13186;+;55.9	13;14642;17620;+;84.9	118;121337;123250;+;41.3	198;184555;185256;+;48.1	118;121337;123250;+;47.2	A	9/9	split_4	173664	1	1	101649..103070-;473;unnamed;0
NZ_AP025501.1	MPF_F	-	222	0	0	GA	0															not_admitted	not_admitted	not_admitted	not_admitted	not_admitted	not_admitted	not_admitted	not_admitted	not_admitted	not_admitted	1	24;28800;29810;+;378.6	31;34986;36371;+;268.6	29;33721;34500;+;165.4	22;25409;27958;+;191.0	32;36375;39188;+;311.0	20;23322;24860;+;91.0	22;25409;27958;+;95.8	18;21985;22560;+;115.8	25;30064;30777;+;88.6	26;30814;32541;+;220.1	61;63022;65127;+;398.0	21;24863;25258;+;30.5	61;63022;65127;+;74.5	A	9/9	split_2	41037	1	1	39272..39808+;178;unnamed;0
NZ_AP025512.1	MPF_F	-	157	0	0	GA	0															not_admitted	not_admitted	not_admitted	not_admitted	not_admitted	not_admitted	not_admitted	not_admitted	not_admitted	not_admitted	1	78;59950;60960;+;377.7	87;66945;68351;+;303.1	85;65618;66397;+;167.9	74;55901;58450;+;191.9	88;68355;71168;+;305.8	71;53575;55113;+;88.6	74;55901;58450;+;98.2	69;52238;52810;+;118.7	79;61214;61927;+;93.4	80;61964;63763;+;227.5	92;73530;75629;+;400.5	72;55116;55511;+;29.5	92;73530;75629;+;75.5	A	9/9	contiguous	21292	1	1	71251..71787+;178;unnamed;0
NZ_AP025513.1	MPF_F	-	126	0	0	GA	0															not_admitted	not_admitted	not_admitted	not_admitted	not_admitted	not_admitted	not_admitted	not_admitted	not_admitted	not_admitted	1	59;56783;57793;-;377.9	108;99332;100738;-;299.9	110;101242;102021;-;167.2	62;59323;61872;-;193.0	107;96515;99328;-;304.2	65;62657;64063;-;90.5	120;108556;111105;-;100.3	67;64960;65532;-;119.4	58;55816;56529;-;92.5	57;54076;55779;-;226.9	104;92405;94504;-;402.1	122;111495;111890;-;29.5	104;92405;94504;-;76.1	A	9/9	split_2	57419	1	1	95899..96432-;177;unnamed;0
NZ_AP025521.1	MPF_T	rep33	93	0	0	GA	1				48;43372;45390;+;23.4									54;49400;50992;+;523.8		none	none	D	2/7	uncallable	0	0	unscoreable	5	0	0														not_admitted	not_admitted	not_admitted	not_admitted	not_admitted	not_admitted	not_admitted
NZ_AP025532.1	MPF_F	-	101	0	0	GA	0															not_admitted	not_admitted	not_admitted	not_admitted	not_admitted	not_admitted	not_admitted	not_admitted	not_admitted	not_admitted	1	82;53956;54999;+;369.2	87;58978;60405;+;325.8	85;57768;58580;+;219.1	78;49668;52394;+;164.6	88;60421;63423;+;208.7	74;46670;47986;+;102.7	78;49668;52394;+;108.4	72;45379;45957;+;82.0	83;55014;55721;+;107.6	84;55718;57775;+;92.2	54;32659;34818;+;381.4	77;49014;49658;+;41.9	54;32659;34818;+;89.7	A	9/9	contiguous	27762	1	1	63495..64013+;172;unnamed;0
NZ_AP025547.1	MPF_F	IncFIA(HI1);IncHI1A;IncHI1B(R27)	273	0	0	GA	0															not_admitted	not_admitted	not_admitted	not_admitted	not_admitted	not_admitted	not_admitted	not_admitted	not_admitted	not_admitted	1	15;14856;15908;+;277.6	178;176240;177655;-;201.7	179;177645;178691;-;171.3	272;254241;256922;+;160.9	177;172242;176231;-;103.1	268;250535;251893;+;84.0	272;254241;256922;+;76.5	265;248083;248868;+;68.7	13;13203;14711;+;65.6	16;15931;19107;+;58.9	185;185625;187709;+;50.2	271;253282;254232;+;45.2	185;185625;187709;+;36.4	A	9/9	split_3	241038	0	1	
NZ_AP025552.1	MPF_F	IncFIA(HI1);IncHI1A;IncHI1B(R27)	220	0	0	GA	0															not_admitted	not_admitted	not_admitted	not_admitted	not_admitted	not_admitted	not_admitted	not_admitted	not_admitted	not_admitted	1	15;14855;15907;+;277.6	126;113344;114759;-;201.7	127;114749;115795;-;171.3	216;188772;191453;+;160.9	125;109346;113335;-;103.1	212;185066;186424;+;84.0	216;188772;191453;+;76.5	209;182614;183399;+;68.7	13;13202;14710;+;65.6	16;15930;19106;+;58.9	133;122730;124814;+;50.2	215;187813;188763;+;45.2	133;122730;124814;+;36.5	A	9/9	split_3	175570	0	1	
NZ_AP025641.1	MPF_F	IncHI2;IncHI2A	294	0	0	GA	0															not_admitted	not_admitted	not_admitted	not_admitted	not_admitted	not_admitted	not_admitted	not_admitted	not_admitted	not_admitted	1	28;32764;33822;+;276.9			11;8955;9941;+;105.4		7;5270;6625;+;80.7	15;13091;14794;+;74.9	4;2758;3546;+;74.8	26;31111;32622;+;62.7	29;33841;37029;+;58.3		10;7996;8946;+;46.4		C	6/9	contiguous	31083	0	1	
NZ_AP025654.1	MPF_F	IncHI2;IncHI2A	295	0	0	GA	0															not_admitted	not_admitted	not_admitted	not_admitted	not_admitted	not_admitted	not_admitted	not_admitted	not_admitted	not_admitted	1	28;32767;33825;+;276.9			11;8955;9941;+;105.4		7;5270;6625;+;80.7	15;13091;14794;+;74.9	4;2758;3546;+;74.8	26;31114;32625;+;62.7	29;33844;37032;+;58.3		10;7996;8946;+;46.4		C	6/9	contiguous	31086	0	1	
NZ_AP025658.1	MPF_F	IncFIA;IncFIB(AP001918);IncFIC(FII)	169	0	0	GA	0															not_admitted	not_admitted	not_admitted	not_admitted	not_admitted	not_admitted	not_admitted	not_admitted	not_admitted	not_admitted	1	96;108104;109096;-;369.3	85;101045;102418;-;378.0	92;104632;105375;-;234.5	99;110105;112732;-;305.4	84;98226;101048;-;389.5	105;114787;116214;-;94.3	99;110105;112732;-;98.5	107;116929;117495;-;182.9	95;107457;108095;-;68.4	94;105652;107460;-;268.4	81;94544;96697;-;391.9	101;113248;113763;-;78.4	81;94544;96697;-;70.4	A	9/9	contiguous	22385	1	1	97713..98204-;163;TraS;0
NZ_AP025659.1	MPF_T	-	83	0	0	GA	1		8;5710;6093;+;68.7	9;6096;6422;+;48.3	10;6419;8962;+;98.2	10;6419;8962;+;107.1	15;12438;13220;+;105.1	17;13432;15003;+;111.3		11;8959;9666;+;91.0	12;9682;10572;+;153.1	14;11031;12425;+;220.3	7;4640;5596;+;135.2	53;35343;37289;-;442.7		conjscan	conjscan_only	A	7/7	canonical	1	0	unscoreable	3	0	0														not_admitted	not_admitted	not_admitted	not_admitted	not_admitted	not_admitted	not_admitted
NZ_AP025660.1	MPF_T	IncN	68	0	0	GA	1	20;15762;16496;+;32.5		23;17139;17456;+;63.3	24;17456;20056;+;113.8	24;17456;20056;+;76.4	25;20074;20787;+;105.5	27;21038;22078;+;142.4		28;22297;22995;+;131.9	29;23006;23890;+;159.7	30;23890;25050;+;156.3	31;25092;26087;+;81.2			pfam	both	B	6/7	canonical	1	0	unscoreable	3	0	0														not_admitted	not_admitted	not_admitted	not_admitted	not_admitted	not_admitted	not_admitted
NZ_AP025663.1	MPF_F	IncFIA;IncFIB(AP001918);IncFIC(FII)	169	0	0	GA	0															not_admitted	not_admitted	not_admitted	not_admitted	not_admitted	not_admitted	not_admitted	not_admitted	not_admitted	not_admitted	1	96;108104;109096;-;369.3	85;101045;102418;-;378.0	92;104632;105375;-;234.5	99;110105;112732;-;305.4	84;98226;101048;-;389.5	105;114787;116214;-;94.3	99;110105;112732;-;98.5	107;116929;117495;-;182.9	95;107457;108095;-;68.4	94;105652;107460;-;268.4	81;94544;96697;-;391.9	101;113248;113763;-;78.4	81;94544;96697;-;70.4	A	9/9	contiguous	22385	1	1	97713..98204-;163;TraS;0
NZ_AP025664.1	MPF_T	-	83	0	0	GA	1		8;5710;6093;+;68.7	9;6096;6422;+;48.3	10;6419;8962;+;98.2	10;6419;8962;+;107.1	15;12438;13220;+;105.1	17;13432;15003;+;111.3		11;8959;9666;+;91.0	12;9682;10572;+;153.1	14;11031;12425;+;220.3	7;4640;5596;+;135.2	53;35343;37289;-;442.7		conjscan	conjscan_only	A	7/7	canonical	1	0	unscoreable	3	0	0														not_admitted	not_admitted	not_admitted	not_admitted	not_admitted	not_admitted	not_admitted
NZ_AP025665.1	MPF_T	IncN	36	0	0	GA	1	13;11033;11767;-;32.5		10;10073;10390;-;63.3	9;7473;10073;-;113.8	9;7473;10073;-;76.4	8;6742;7455;-;105.5	6;5451;6491;-;142.4		5;4534;5232;-;131.9	4;3639;4523;-;159.7	3;2479;3639;-;156.3	2;1442;2437;-;81.2			pfam	both	B	6/7	canonical	1	0	unscoreable	3	0	0														not_admitted	not_admitted	not_admitted	not_admitted	not_admitted	not_admitted	not_admitted
NZ_AP025673.1	-	-	57	0	0	GA	1	44;39450;40019;-;39.5	43;39074;39445;-;37.6	42;38730;39050;-;51.8	41;36214;38724;-;105.7	41;36214;38724;-;78.8	38;33905;34603;-;78.2	39;34626;35813;-;64.5		37;33201;33890;-;135.7	36;32248;33198;-;157.9	35;30725;32251;-;154.6	34;29427;30728;-;73.2	33;27517;29430;-;344.2		pfam	both	A	7/7	canonical	1	0	unscoreable	1	0	0														not_admitted	not_admitted	not_admitted	not_admitted	not_admitted	not_admitted	not_admitted
NZ_AP025674.1	MPF_T	-	55	0	0	GA	1	41;32370;32975;-;25.1	52;42847;43275;-;64.3	51;42533;42844;-;48.5	50;39978;42536;-;103.6	50;39978;42536;-;108.0	45;35625;36398;-;102.7	43;33604;35367;-;136.6		49;39205;39981;-;149.5	48;38287;39192;-;178.3	46;36417;37811;-;220.4	53;43287;44249;-;137.4	26;18084;20069;+;474.5		conjscan	both	A	7/7	canonical	1	0	unscoreable	4	0	0														not_admitted	not_admitted	not_admitted	not_admitted	not_admitted	not_admitted	not_admitted
NZ_AP025676.1	MPF_F	IncFII	77	0	0	GA	0															not_admitted	not_admitted	not_admitted	not_admitted	not_admitted	not_admitted	not_admitted	not_admitted	not_admitted	not_admitted	1	52;40719;41711;+;369.5	63;47765;49138;+;381.7	57;44817;45560;+;235.0	49;37080;39710;+;305.1	64;49135;51981;+;384.1	42;32629;34080;+;94.0	49;37080;39710;+;97.1	40;31348;31914;+;172.8	54;42055;42693;+;68.6	55;42690;44540;+;272.0	68;54211;56445;+;391.7	45;34940;35455;+;82.8	68;54211;56445;+;70.3	A	9/9	contiguous	22863	1	1	51978..52487+;169;unnamed;0
NZ_AP025679.1	MPF_F	IncFII(pRSB107)	81	0	0	GA	0															not_admitted	not_admitted	not_admitted	not_admitted	not_admitted	not_admitted	not_admitted	not_admitted	not_admitted	not_admitted	1	56;42863;43855;+;369.5	68;49909;51282;+;381.7	61;46961;47704;+;234.4	53;39224;41854;+;297.8	69;51279;54125;+;379.8	45;34533;35960;+;93.9	53;39224;41854;+;98.8	43;33252;33818;+;174.3	58;44199;44837;+;68.6	59;44834;46684;+;272.5	73;56367;58619;+;391.7	49;37088;37603;+;80.9	73;56367;58619;+;70.3	A	9/9	contiguous	23115	1	1	54122..54631+;169;unnamed;0
NZ_AP025680.1	MPF_T	IncX4	47	0	0	GA	1	9;4241;4861;+;46.3	10;4875;5201;+;60.5	11;5220;7967;+;63.8	11;5220;7967;+;151.8	11;5220;7967;+;46.1	12;7930;8694;+;93.8	13;8706;9800;+;150.1		15;10315;11001;+;169.0	16;10998;11906;+;142.3	17;11899;13017;+;163.9	18;13019;14047;+;85.0	19;14079;15896;+;317.1		pfam	pfam_only	A	7/7	canonical	1	1	unscoreable	1	0	0														not_admitted	not_admitted	not_admitted	not_admitted	not_admitted	not_admitted	not_admitted
NZ_AP025742.1	MPF_F	IncFIB(AP001918);IncFII(pSE11)	269	0	0	GA	0															not_admitted	not_admitted	not_admitted	not_admitted	not_admitted	not_admitted	not_admitted	not_admitted	not_admitted	not_admitted	1	130;109429;110421;-;371.2	117;100882;102255;-;370.6	123;104446;105189;-;233.5	133;111430;114057;-;304.9	116;98042;100885;-;375.7	139;115969;117399;-;93.5	133;111430;114057;-;98.9	141;118114;118680;-;173.4	128;107969;108607;-;71.0	125;105453;107258;-;263.7	111;92912;95056;-;391.9	136;114573;115088;-;80.3	111;92912;95056;-;70.4	A	9/9	contiguous	25202	1	1	97523..98020-;165;TraS;1
NZ_AP025752.1	MPF_F	IncFIB(AP001918);IncFII(pSE11)	267	0	0	GA	0															not_admitted	not_admitted	not_admitted	not_admitted	not_admitted	not_admitted	not_admitted	not_admitted	not_admitted	not_admitted	1	133;109420;110412;-;371.2	120;100873;102246;-;370.6	126;104437;105180;-;233.5	136;111421;114048;-;304.9	119;98033;100876;-;375.7	142;115960;117390;-;93.5	136;111421;114048;-;98.9	144;118105;118671;-;173.4	131;107960;108598;-;71.0	128;105444;107249;-;263.7	114;92903;95047;-;391.9	139;114564;115079;-;80.3	114;92903;95047;-;70.4	A	9/9	contiguous	25202	1	1	97514..98011-;165;TraS;1
NZ_AP025755.1	MPF_F	IncFIB(AP001918);IncFII(pSE11)	253	0	0	GA	0															not_admitted	not_admitted	not_admitted	not_admitted	not_admitted	not_admitted	not_admitted	not_admitted	not_admitted	not_admitted	1	128;108771;109763;-;371.2	116;100225;101598;-;370.6	121;103788;104531;-;233.5	131;110772;113399;-;304.3	115;97385;100228;-;375.7	137;115311;116741;-;93.5	131;110772;113399;-;98.9	139;117456;118022;-;173.4	126;107311;107949;-;71.0	123;104795;106600;-;263.7	110;92255;94399;-;391.9	134;113915;114430;-;80.3	110;92255;94399;-;70.4	A	9/9	contiguous	25201	1	1	96866..97363-;165;TraS;1
NZ_AP025756.1	MPF_F	IncFIC(FII)	81	0	0	GA	0															not_admitted	not_admitted	not_admitted	not_admitted	not_admitted	not_admitted	not_admitted	not_admitted	not_admitted	not_admitted	1	52;41919;42911;+;369.3	68;51412;52788;+;369.4	60;48240;48983;+;232.0	49;38280;40910;+;304.8	69;52785;55610;+;380.6	38;30868;32298;+;93.5	49;38280;40910;+;98.6	36;29587;30153;+;173.4	56;44963;45601;+;68.6	58;46072;47976;+;263.6	74;58136;60280;+;391.9	41;33179;33694;+;81.4	74;58136;60280;+;70.4	A	9/9	contiguous	28549	1	1	55607..56116+;169;unnamed;0
NZ_AP025765.1	MPF_F	IncHI2;IncHI2A	409	0	0	GA	0															not_admitted	not_admitted	not_admitted	not_admitted	not_admitted	not_admitted	not_admitted	not_admitted	not_admitted	not_admitted	1	29;32275;33333;+;276.9	275;245196;246611;-;194.1	276;246601;247647;-;173.7	11;8955;11636;+;168.0	274;241237;245187;-;101.6	7;5270;6625;+;80.7	11;8955;11636;+;72.2	4;2758;3546;+;74.8	27;30622;32133;+;62.7	30;33352;36540;+;58.3	282;254688;256772;+;56.7	10;7996;8946;+;46.4	282;254688;256772;+;38.8	A	9/9	split_3	251930	0	1	
NZ_AP025768.1	MPF_F	IncHI2;IncHI2A	410	0	0	GA	0															not_admitted	not_admitted	not_admitted	not_admitted	not_admitted	not_admitted	not_admitted	not_admitted	not_admitted	not_admitted	1	29;32275;33333;+;276.9	276;245196;246611;-;194.1	277;246601;247647;-;173.7	11;8955;11636;+;168.0	275;241237;245187;-;101.6	7;5270;6625;+;80.7	11;8955;11636;+;72.2	4;2758;3546;+;74.8	27;30622;32133;+;62.7	30;33352;36540;+;58.3	283;254688;256772;+;56.7	10;7996;8946;+;46.4	283;254688;256772;+;38.8	A	9/9	split_3	251930	0	1	
NZ_AP025773.1	MPF_F	IncHI2;IncHI2A	408	0	0	GA	0															not_admitted	not_admitted	not_admitted	not_admitted	not_admitted	not_admitted	not_admitted	not_admitted	not_admitted	not_admitted	1	31;33613;34671;+;276.9	274;242327;243742;-;194.1	275;243732;244778;-;173.7	11;8955;11636;+;168.0	273;238368;242318;-;101.6	7;5270;6625;+;80.7	11;8955;11636;+;72.2	4;2758;3546;+;74.8	29;31960;33471;+;62.7	32;34690;37878;+;58.3	281;251819;253903;+;56.7	10;7996;8946;+;46.4	281;251819;253903;+;38.8	A	9/9	split_3	249061	0	1	
NZ_AP025775.1	MPF_F	IncHI2;IncHI2A	409	0	0	GA	0															not_admitted	not_admitted	not_admitted	not_admitted	not_admitted	not_admitted	not_admitted	not_admitted	not_admitted	not_admitted	1	29;32275;33333;+;276.9	275;244291;245706;-;194.1	276;245696;246742;-;173.7	11;8955;11636;+;168.0	274;240332;244282;-;101.6	7;5270;6625;+;80.7	11;8955;11636;+;72.2	4;2758;3546;+;74.8	27;30622;32133;+;62.7	30;33352;36540;+;58.3	282;253783;255867;+;56.7	10;7996;8946;+;46.4	282;253783;255867;+;38.8	A	9/9	split_3	251025	0	1	
NZ_AP025778.1	MPF_F	IncHI2;IncHI2A	412	0	0	GA	0															not_admitted	not_admitted	not_admitted	not_admitted	not_admitted	not_admitted	not_admitted	not_admitted	not_admitted	not_admitted	1	29;32275;33333;+;276.9	278;245562;246977;-;194.1	279;246967;248013;-;173.7	11;8955;11636;+;168.0	277;241603;245553;-;101.6	7;5270;6625;+;80.7	11;8955;11636;+;72.2	4;2758;3546;+;74.8	27;30622;32133;+;62.7	30;33352;36540;+;58.3	285;255054;257138;+;56.7	10;7996;8946;+;47.1	285;255054;257138;+;38.8	A	9/9	split_3	252296	0	1	
NZ_AP025781.1	MPF_F	IncHI2;IncHI2A	408	0	0	GA	0															not_admitted	not_admitted	not_admitted	not_admitted	not_admitted	not_admitted	not_admitted	not_admitted	not_admitted	not_admitted	1	31;33613;34671;+;276.9	274;242327;243742;-;194.1	275;243732;244778;-;173.7	11;8955;11636;+;168.0	273;238368;242318;-;101.6	7;5270;6625;+;80.7	11;8955;11636;+;72.2	4;2758;3546;+;74.8	29;31960;33471;+;62.7	32;34690;37878;+;58.3	281;251819;253903;+;56.7	10;7996;8946;+;46.4	281;251819;253903;+;38.8	A	9/9	split_3	249061	0	1	
NZ_AP025783.1	MPF_F	IncHI2;IncHI2A	409	0	0	GA	0															not_admitted	not_admitted	not_admitted	not_admitted	not_admitted	not_admitted	not_admitted	not_admitted	not_admitted	not_admitted	1	31;33613;34671;+;276.9	275;243665;245080;-;194.1	276;245070;246116;-;173.7	11;8955;11636;+;168.0	274;239706;243656;-;101.6	7;5270;6625;+;80.7	11;8955;11636;+;72.2	4;2758;3546;+;74.8	29;31960;33471;+;62.7	32;34690;37878;+;58.3	282;253157;255241;+;56.7	10;7996;8946;+;46.4	282;253157;255241;+;38.8	A	9/9	split_3	250399	0	1	
NZ_AP025785.1	MPF_F	IncHI2;IncHI2A	410	0	0	GA	0															not_admitted	not_admitted	not_admitted	not_admitted	not_admitted	not_admitted	not_admitted	not_admitted	not_admitted	not_admitted	1	29;32275;33333;+;276.9	275;244488;245903;-;194.1	276;245893;246939;-;173.7	11;8955;11636;+;168.0	274;240529;244479;-;101.6	7;5270;6625;+;80.7	11;8955;11636;+;72.2	4;2758;3546;+;74.8	27;30622;32133;+;62.7	30;33352;36540;+;58.3	282;253980;256064;+;56.7	10;7996;8946;+;46.4	282;253980;256064;+;38.8	A	9/9	split_3	251222	0	1	
NZ_AP025788.1	MPF_F	IncHI2;IncHI2A	408	0	0	GA	0															not_admitted	not_admitted	not_admitted	not_admitted	not_admitted	not_admitted	not_admitted	not_admitted	not_admitted	not_admitted	1	31;33613;34671;+;276.9	274;242327;243742;-;194.1	275;243732;244778;-;173.7	11;8955;11636;+;168.0	273;238368;242318;-;101.6	7;5270;6625;+;80.7	11;8955;11636;+;72.2	4;2758;3546;+;74.8	29;31960;33471;+;62.7	32;34690;37878;+;58.3	281;251819;253903;+;56.7	10;7996;8946;+;46.4	281;251819;253903;+;38.8	A	9/9	split_3	249061	0	1	
NZ_AP025791.1	MPF_F	IncHI2;IncHI2A	407	0	0	GA	0															not_admitted	not_admitted	not_admitted	not_admitted	not_admitted	not_admitted	not_admitted	not_admitted	not_admitted	not_admitted	1	31;33613;34671;+;276.9	274;242327;243742;-;194.1	275;243732;244778;-;173.7	11;8955;11636;+;168.0	273;238368;242318;-;101.6	7;5270;6625;+;80.7	11;8955;11636;+;72.2	4;2758;3546;+;74.8	29;31960;33471;+;62.7	32;34690;37878;+;58.3	281;251819;253903;+;56.7	10;7996;8946;+;46.4	281;251819;253903;+;38.8	A	9/9	split_3	249061	0	1	
NZ_AP025793.1	MPF_F	IncHI2;IncHI2A	410	0	0	GA	0															not_admitted	not_admitted	not_admitted	not_admitted	not_admitted	not_admitted	not_admitted	not_admitted	not_admitted	not_admitted	1	29;32275;33333;+;276.9	276;244802;246217;-;194.1	277;246207;247253;-;173.7	11;8955;11636;+;168.0	275;240843;244793;-;101.6	7;5270;6625;+;80.7	11;8955;11636;+;72.2	4;2758;3546;+;74.8	27;30622;32133;+;62.7	30;33352;36540;+;58.3	283;254294;256378;+;56.7	10;7996;8946;+;47.1	283;254294;256378;+;38.8	A	9/9	split_3	251536	0	1	
NZ_AP025796.1	MPF_F	IncHI2;IncHI2A	408	0	0	GA	0															not_admitted	not_admitted	not_admitted	not_admitted	not_admitted	not_admitted	not_admitted	not_admitted	not_admitted	not_admitted	1	31;33613;34671;+;276.9	274;242327;243742;-;194.1	275;243732;244778;-;173.7	11;8955;11636;+;168.0	273;238368;242318;-;101.6	7;5270;6625;+;80.7	11;8955;11636;+;72.2	4;2758;3546;+;74.8	29;31960;33471;+;62.7	32;34690;37878;+;58.3	281;251819;253903;+;56.7	10;7996;8946;+;46.4	281;251819;253903;+;38.8	A	9/9	split_3	249061	0	1	
NZ_AP025798.1	MPF_F	IncHI2;IncHI2A	408	0	0	GA	0															not_admitted	not_admitted	not_admitted	not_admitted	not_admitted	not_admitted	not_admitted	not_admitted	not_admitted	not_admitted	1	31;33613;34671;+;276.9	274;242327;243742;-;194.1	275;243732;244778;-;173.7	11;8955;11636;+;168.0	273;238368;242318;-;101.6	7;5270;6625;+;80.7	11;8955;11636;+;72.2	4;2758;3546;+;74.8	29;31960;33471;+;62.7	32;34690;37878;+;58.3	281;251819;253903;+;56.7	10;7996;8946;+;46.4	281;251819;253903;+;38.8	A	9/9	split_3	249061	0	1	
NZ_AP025800.1	MPF_F	IncHI2;IncHI2A	410	0	0	GA	0															not_admitted	not_admitted	not_admitted	not_admitted	not_admitted	not_admitted	not_admitted	not_admitted	not_admitted	not_admitted	1	29;32275;33333;+;276.9	276;244802;246217;-;194.1	277;246207;247253;-;173.7	11;8955;11636;+;168.0	275;240843;244793;-;101.6	7;5270;6625;+;80.7	11;8955;11636;+;72.2	4;2758;3546;+;74.8	27;30622;32133;+;62.7	30;33352;36540;+;58.3	283;254294;256378;+;56.7	10;7996;8946;+;47.1	283;254294;256378;+;38.8	A	9/9	split_3	251536	0	1	
NZ_AP025802.1	MPF_F	IncHI2;IncHI2A	411	0	0	GA	0															not_admitted	not_admitted	not_admitted	not_admitted	not_admitted	not_admitted	not_admitted	not_admitted	not_admitted	not_admitted	1	29;32275;33333;+;276.9	275;245826;247241;-;194.1	276;247231;248277;-;173.7	11;8955;11636;+;168.0	274;241867;245817;-;101.6	7;5270;6625;+;80.7	11;8955;11636;+;72.2	4;2758;3546;+;74.8	27;30622;32133;+;62.7	30;33352;36540;+;58.3	282;255318;257402;+;56.7	10;7996;8946;+;46.4	282;255318;257402;+;38.8	A	9/9	split_3	252560	0	1	
NZ_AP025805.1	MPF_F	IncHI2;IncHI2A	412	0	0	GA	0															not_admitted	not_admitted	not_admitted	not_admitted	not_admitted	not_admitted	not_admitted	not_admitted	not_admitted	not_admitted	1	29;32275;33333;+;276.9	278;246087;247502;-;194.1	279;247492;248538;-;173.7	11;8955;11636;+;168.0	277;242128;246078;-;101.6	7;5270;6625;+;80.7	11;8955;11636;+;72.2	4;2758;3546;+;74.8	27;30622;32133;+;62.7	30;33352;36540;+;58.3	285;255579;257663;+;56.7	10;7996;8946;+;47.1	285;255579;257663;+;38.8	A	9/9	split_3	252821	0	1	
NZ_AP025808.1	MPF_F	IncHI2;IncHI2A	411	0	0	GA	0															not_admitted	not_admitted	not_admitted	not_admitted	not_admitted	not_admitted	not_admitted	not_admitted	not_admitted	not_admitted	1	29;32275;33333;+;276.9	275;245826;247241;-;194.1	276;247231;248277;-;173.7	11;8955;11636;+;168.0	274;241867;245817;-;101.6	7;5270;6625;+;80.7	11;8955;11636;+;72.2	4;2758;3546;+;74.8	27;30622;32133;+;62.7	30;33352;36540;+;58.3	282;255318;257402;+;56.7	10;7996;8946;+;46.4	282;255318;257402;+;38.8	A	9/9	split_3	252560	0	1	
NZ_AP025811.1	MPF_F	IncHI2;IncHI2A	411	0	0	GA	0															not_admitted	not_admitted	not_admitted	not_admitted	not_admitted	not_admitted	not_admitted	not_admitted	not_admitted	not_admitted	1	30;33640;34671;+;277.0	277;246140;247555;-;194.1	278;247545;248591;-;173.7	11;8955;11636;+;168.0	276;242181;246131;-;101.6	7;5270;6625;+;80.7	11;8955;11636;+;72.2	4;2758;3546;+;74.8	27;30622;32133;+;62.7	31;34690;37878;+;58.3	284;255632;257716;+;56.7	10;7996;8946;+;47.1	284;255632;257716;+;38.8	A	9/9	split_3	252874	0	1	
NZ_AP025813.1	MPF_F	IncHI2;IncHI2A	409	0	0	GA	0															not_admitted	not_admitted	not_admitted	not_admitted	not_admitted	not_admitted	not_admitted	not_admitted	not_admitted	not_admitted	1	29;32275;33333;+;276.9	275;244369;245784;-;194.1	276;245774;246820;-;173.7	11;8955;11636;+;168.0	274;240410;244360;-;101.6	7;5270;6625;+;80.7	11;8955;11636;+;72.2	4;2758;3546;+;74.8	27;30622;32133;+;62.7	30;33352;36540;+;58.3	282;253861;255945;+;56.7	10;7996;8946;+;46.4	282;253861;255945;+;38.8	A	9/9	split_3	251103	0	1	
NZ_AP025816.1	MPF_F	IncHI2;IncHI2A	411	0	0	GA	0															not_admitted	not_admitted	not_admitted	not_admitted	not_admitted	not_admitted	not_admitted	not_admitted	not_admitted	not_admitted	1	29;32275;33333;+;276.9	275;245826;247241;-;194.1	276;247231;248277;-;173.7	11;8955;11636;+;168.0	274;241867;245817;-;101.6	7;5270;6625;+;80.7	11;8955;11636;+;72.2	4;2758;3546;+;74.8	27;30622;32133;+;62.7	30;33352;36540;+;58.3	282;255318;257402;+;56.7	10;7996;8946;+;46.4	282;255318;257402;+;38.8	A	9/9	split_3	252560	0	1	
NZ_AP025819.1	MPF_F	IncHI2;IncHI2A	411	0	0	GA	0															not_admitted	not_admitted	not_admitted	not_admitted	not_admitted	not_admitted	not_admitted	not_admitted	not_admitted	not_admitted	1	29;32275;33333;+;276.9	275;244488;245903;-;194.1	276;245893;246939;-;173.7	11;8955;11636;+;168.0	274;240529;244479;-;101.6	7;5270;6625;+;80.7	11;8955;11636;+;72.2	4;2758;3546;+;74.8	27;30622;32133;+;62.7	30;33352;36540;+;58.3	282;253980;256064;+;56.7	10;7996;8946;+;46.4	282;253980;256064;+;38.8	A	9/9	split_3	251222	0	1	
NZ_AP025822.1	MPF_F	IncHI2;IncHI2A	405	0	0	GA	0															not_admitted	not_admitted	not_admitted	not_admitted	not_admitted	not_admitted	not_admitted	not_admitted	not_admitted	not_admitted	1	29;32275;33333;+;276.9	272;241440;242855;-;194.1	273;242845;243891;-;173.7	11;8955;11636;+;168.0	271;237481;241431;-;101.6	7;5270;6625;+;80.7	11;8955;11636;+;72.2	4;2758;3546;+;74.8	27;30622;32133;+;62.7	30;33352;36540;+;58.3	279;250932;253016;+;56.7	10;7996;8946;+;46.4	279;250932;253016;+;38.8	A	9/9	split_3	248174	0	1	
NZ_AP025828.1	MPF_F	IncHI2;IncHI2A	410	0	0	GA	0															not_admitted	not_admitted	not_admitted	not_admitted	not_admitted	not_admitted	not_admitted	not_admitted	not_admitted	not_admitted	1	29;32275;33333;+;276.9	277;246002;247417;-;194.1	278;247407;248453;-;173.7	11;8955;11636;+;168.0	276;242043;245993;-;101.6	7;5270;6625;+;80.7	11;8955;11636;+;72.2	4;2758;3546;+;74.8	27;30622;32133;+;62.7	30;33352;36540;+;58.3	284;255494;257578;+;56.7	10;7996;8946;+;47.1	284;255494;257578;+;38.8	A	9/9	split_3	252736	0	1	
NZ_AP025831.1	MPF_F	IncHI2;IncHI2A	413	0	0	GA	0															not_admitted	not_admitted	not_admitted	not_admitted	not_admitted	not_admitted	not_admitted	not_admitted	not_admitted	not_admitted	1	29;32275;33333;+;276.9	279;247339;248754;-;194.1	280;248744;249790;-;173.7	11;8955;11636;+;168.0	278;243380;247330;-;101.6	7;5270;6625;+;80.7	11;8955;11636;+;72.2	4;2758;3546;+;74.8	27;30622;32133;+;62.7	30;33352;36540;+;58.3	286;256831;258915;+;56.7	10;7996;8946;+;47.1	286;256831;258915;+;38.8	A	9/9	split_3	254073	0	1	
NZ_AP025834.1	MPF_F	IncHI2;IncHI2A	351	0	0	GA	0															not_admitted	not_admitted	not_admitted	not_admitted	not_admitted	not_admitted	not_admitted	not_admitted	not_admitted	not_admitted	1	29;32275;33333;+;276.9		218;191572;192570;-;173.9	11;8955;11636;+;168.0		7;5270;6625;+;80.7	11;8955;11636;+;72.2	4;2758;3546;+;74.8	27;30622;32133;+;62.7	30;33352;36540;+;58.3	224;199611;201695;+;56.7	10;7996;8946;+;47.1	224;199611;201695;+;38.8	C	7/9	split_3	196853	0	1	
NZ_AP025837.1	MPF_F	IncHI2;IncHI2A	418	0	0	GA	0															not_admitted	not_admitted	not_admitted	not_admitted	not_admitted	not_admitted	not_admitted	not_admitted	not_admitted	not_admitted	1	29;32275;33333;+;276.9	282;248676;250091;-;194.1	283;250081;251127;-;173.7	11;8955;11636;+;168.0	281;244717;248667;-;101.6	7;5270;6625;+;80.7	11;8955;11636;+;72.2	4;2758;3546;+;74.8	27;30622;32133;+;62.7	30;33352;36540;+;58.3	289;258168;260252;+;56.7	10;7996;8946;+;47.1	289;258168;260252;+;38.8	A	9/9	split_3	255410	0	1	
NZ_AP025840.1	MPF_F	IncHI2;IncHI2A	415	0	0	GA	0															not_admitted	not_admitted	not_admitted	not_admitted	not_admitted	not_admitted	not_admitted	not_admitted	not_admitted	not_admitted	1	29;32275;33333;+;276.9	281;248678;250093;-;194.1	282;250083;251129;-;173.7	11;8955;11636;+;168.0	280;244719;248669;-;101.6	7;5270;6625;+;80.7	11;8955;11636;+;72.2	4;2758;3546;+;74.8	27;30622;32133;+;62.7	30;33352;36540;+;58.3	288;258170;260254;+;56.7	10;7996;8946;+;47.1	288;258170;260254;+;38.8	A	9/9	split_3	255412	0	1	
NZ_AP025843.1	MPF_F	IncHI2;IncHI2A	404	0	0	GA	0															not_admitted	not_admitted	not_admitted	not_admitted	not_admitted	not_admitted	not_admitted	not_admitted	not_admitted	not_admitted	1	29;32275;33333;+;276.9	270;242515;243930;-;194.1	271;243920;244966;-;173.7	11;8955;11636;+;168.0	269;238556;242506;-;101.6	7;5270;6625;+;80.7	11;8955;11636;+;72.2	4;2758;3546;+;74.8	27;30622;32133;+;62.7	30;33352;36540;+;58.3	277;252007;254091;+;56.7	10;7996;8946;+;46.4	277;252007;254091;+;38.8	A	9/9	split_3	249249	0	1	
NZ_AP025848.1	MPF_F	IncHI2;IncHI2A	407	0	0	GA	0															not_admitted	not_admitted	not_admitted	not_admitted	not_admitted	not_admitted	not_admitted	not_admitted	not_admitted	not_admitted	1	29;32275;33333;+;276.9	274;242582;243997;-;194.1	275;243987;245033;-;173.7	11;8955;11636;+;168.0	273;238623;242573;-;101.6	7;5270;6625;+;80.7	11;8955;11636;+;72.2	4;2758;3546;+;74.8	27;30622;32133;+;62.7	30;33352;36540;+;58.3	281;252074;254158;+;56.7	10;7996;8946;+;46.4	281;252074;254158;+;38.8	A	9/9	split_3	249316	0	1	
NZ_AP025852.1	MPF_F	IncHI2;IncHI2A	407	0	0	GA	0															not_admitted	not_admitted	not_admitted	not_admitted	not_admitted	not_admitted	not_admitted	not_admitted	not_admitted	not_admitted	1	29;32275;33333;+;276.9	274;242582;243997;-;194.1	275;243987;245033;-;173.7	11;8955;11636;+;168.0	273;238623;242573;-;101.6	7;5270;6625;+;80.7	11;8955;11636;+;72.2	4;2758;3546;+;74.8	27;30622;32133;+;62.7	30;33352;36540;+;58.3	281;252074;254158;+;56.7	10;7996;8946;+;46.4	281;252074;254158;+;38.8	A	9/9	split_3	249316	0	1	
NZ_AP025856.1	MPF_F	IncHI2;IncHI2A	403	0	0	GA	0															not_admitted	not_admitted	not_admitted	not_admitted	not_admitted	not_admitted	not_admitted	not_admitted	not_admitted	not_admitted	1	29;32275;33333;+;276.9	278;245714;247129;-;194.1	279;247119;248165;-;173.7	11;8955;11636;+;168.0	277;241755;245705;-;101.6	7;5270;6625;+;80.7	11;8955;11636;+;72.2	4;2758;3546;+;74.8	27;30622;32133;+;62.7	30;33352;36540;+;58.3		10;7996;8946;+;46.4		A	9/9	split_3	244361	0	1	
NZ_AP025860.1	MPF_F	IncHI2;IncHI2A	413	0	0	GA	0															not_admitted	not_admitted	not_admitted	not_admitted	not_admitted	not_admitted	not_admitted	not_admitted	not_admitted	not_admitted	1	29;32275;33333;+;276.9	278;245714;247129;-;194.1	279;247119;248165;-;173.7	11;8955;11636;+;168.0	277;241755;245705;-;101.6	7;5270;6625;+;80.7	11;8955;11636;+;72.2	4;2758;3546;+;74.8	27;30622;32133;+;62.7	30;33352;36540;+;58.3		10;7996;8946;+;46.4		A	9/9	split_3	244361	0	1	
NZ_AP025864.1	MPF_F	IncHI2;IncHI2A	405	0	0	GA	0															not_admitted	not_admitted	not_admitted	not_admitted	not_admitted	not_admitted	not_admitted	not_admitted	not_admitted	not_admitted	1	29;32275;33333;+;276.9	278;245714;247129;-;194.1	279;247119;248165;-;173.7	11;8955;11636;+;168.0	277;241755;245705;-;101.6	7;5270;6625;+;80.7	11;8955;11636;+;72.2	4;2758;3546;+;74.8	27;30622;32133;+;62.7	30;33352;36540;+;58.3		10;7996;8946;+;46.4		A	9/9	split_3	244361	0	1	
NZ_AP025868.1	MPF_F	IncHI2;IncHI2A	391	0	0	GA	0															not_admitted	not_admitted	not_admitted	not_admitted	not_admitted	not_admitted	not_admitted	not_admitted	not_admitted	not_admitted	1	31;33500;34558;+;276.9	246;221488;222903;-;194.1	247;222893;223939;-;173.7	11;8955;11636;+;168.0	245;217529;221479;-;101.6	7;5270;6625;+;80.7	11;8955;11636;+;72.2	4;2758;3546;+;74.8	29;31847;33358;+;62.8	32;34577;37765;+;58.3	256;232205;234289;+;56.7	10;7996;8946;+;46.4	256;232205;234289;+;38.8	A	9/9	split_3	229447	0	1	
NZ_AP025872.1	MPF_F	IncHI2;IncHI2A	399	0	0	GA	0															not_admitted	not_admitted	not_admitted	not_admitted	not_admitted	not_admitted	not_admitted	not_admitted	not_admitted	not_admitted	1	31;33500;34558;+;276.9	254;228534;229949;-;194.1	255;229939;230985;-;173.7	11;8955;11636;+;168.0	253;224575;228525;-;101.6	7;5270;6625;+;80.7	11;8955;11636;+;72.2	4;2758;3546;+;74.8	29;31847;33358;+;62.8	32;34577;37765;+;58.3	264;239251;241335;+;56.7	10;7996;8946;+;46.4	264;239251;241335;+;38.8	A	9/9	split_3	236493	0	1	
NZ_AP025876.1	MPF_F	IncHI2;IncHI2A	422	0	0	GA	0															not_admitted	not_admitted	not_admitted	not_admitted	not_admitted	not_admitted	not_admitted	not_admitted	not_admitted	not_admitted	1	29;32275;33333;+;276.9	275;244489;245904;-;194.1	276;245894;246940;-;173.7	11;8955;11636;+;168.0	274;240530;244480;-;101.6	7;5270;6625;+;80.7	11;8955;11636;+;72.2	4;2758;3546;+;74.8	27;30622;32133;+;62.7	30;33352;36540;+;58.3	285;255206;257290;+;56.7	10;7996;8946;+;46.4	285;255206;257290;+;38.8	A	9/9	split_3	252448	0	1	
NZ_AP025880.1	MPF_F	IncHI2;IncHI2A	420	0	0	GA	0															not_admitted	not_admitted	not_admitted	not_admitted	not_admitted	not_admitted	not_admitted	not_admitted	not_admitted	not_admitted	1	29;32275;33333;+;276.9	275;244488;245903;-;194.1	276;245893;246939;-;173.7	11;8955;11636;+;168.0	274;240529;244479;-;101.6	7;5270;6625;+;80.7	11;8955;11636;+;72.2	4;2758;3546;+;74.8	27;30622;32133;+;62.7	30;33352;36540;+;58.3	285;255205;257289;+;56.7	10;7996;8946;+;46.4	285;255205;257289;+;38.8	A	9/9	split_3	252447	0	1	
NZ_AP025884.1	MPF_F	IncHI2;IncHI2A	403	0	0	GA	0															not_admitted	not_admitted	not_admitted	not_admitted	not_admitted	not_admitted	not_admitted	not_admitted	not_admitted	not_admitted	1	29;32275;33333;+;276.9	269;238680;240095;-;194.1	270;240085;241131;-;173.7	11;8955;11636;+;168.0	268;234721;238671;-;101.6	7;5270;6625;+;80.7	11;8955;11636;+;72.2	4;2758;3546;+;74.8	27;30622;32133;+;62.7	30;33352;36540;+;58.3		10;7996;8946;+;46.4		A	9/9	split_3	237327	0	1	
NZ_AP025888.1	MPF_F	IncHI2;IncHI2A	409	0	0	GA	0															not_admitted	not_admitted	not_admitted	not_admitted	not_admitted	not_admitted	not_admitted	not_admitted	not_admitted	not_admitted	1	29;32275;33333;+;276.9	275;244020;245435;-;194.1	276;245425;246471;-;173.7	11;8955;11636;+;168.0	274;240061;244011;-;101.6	7;5270;6625;+;80.7	11;8955;11636;+;72.2	4;2758;3546;+;74.8	27;30622;32133;+;62.7	30;33352;36540;+;58.3		10;7996;8946;+;46.4		A	9/9	split_3	242667	0	1	
NZ_AP025892.1	MPF_F	IncHI2;IncHI2A	380	0	0	GA	0															not_admitted	not_admitted	not_admitted	not_admitted	not_admitted	not_admitted	not_admitted	not_admitted	not_admitted	not_admitted	1	32;33500;34558;+;276.9	233;206383;207798;-;194.1	234;207788;208834;-;173.7	11;8955;11636;+;168.0	232;202424;206374;-;101.6	7;5270;6625;+;80.7	11;8955;11636;+;72.2	4;2758;3546;+;74.8	30;31847;33358;+;62.7	33;34577;37765;+;58.3	243;217100;219184;+;56.7	10;7996;8946;+;46.4	243;217100;219184;+;38.8	A	9/9	split_3	214342	0	1	
NZ_AP025896.1	MPF_F	IncHI2;IncHI2A	413	0	0	GA	0															not_admitted	not_admitted	not_admitted	not_admitted	not_admitted	not_admitted	not_admitted	not_admitted	not_admitted	not_admitted	1	29;32275;33333;+;276.9	275;244229;245644;-;194.1	276;245634;246680;-;173.7	11;8955;11636;+;168.0	274;241302;244220;-;103.4	7;5270;6625;+;80.7	11;8955;11636;+;72.2	4;2758;3546;+;74.8	27;30622;32133;+;62.7	30;33352;36540;+;58.3	285;254946;257030;+;56.7	10;7996;8946;+;46.4	285;254946;257030;+;38.8	A	9/9	split_3	252188	1	1	240970..241233-;87;unnamed;0
NZ_AP025900.1	MPF_F	IncHI2;IncHI2A	424	0	0	GA	0															not_admitted	not_admitted	not_admitted	not_admitted	not_admitted	not_admitted	not_admitted	not_admitted	not_admitted	not_admitted	1	33;34725;35783;+;276.9	279;246939;248354;-;194.1	280;248344;249390;-;173.7	11;8955;11636;+;168.0	278;242980;246930;-;101.6	7;5270;6625;+;80.7	11;8955;11636;+;72.2	4;2758;3546;+;74.8	31;33072;34583;+;62.7	34;35802;38990;+;58.3	289;257656;259740;+;56.7	10;7996;8946;+;46.4	289;257656;259740;+;38.8	A	9/9	split_3	254898	0	1	
NZ_AP025904.1	MPF_F	IncHI2;IncHI2A	412	0	0	GA	0															not_admitted	not_admitted	not_admitted	not_admitted	not_admitted	not_admitted	not_admitted	not_admitted	not_admitted	not_admitted	1	32;33500;34558;+;276.9	267;235937;237352;-;194.1	268;237342;238388;-;173.7	11;8955;11636;+;168.0	266;231978;235928;-;101.6	7;5270;6625;+;80.7	11;8955;11636;+;72.2	4;2758;3546;+;74.8	30;31847;33358;+;62.7	33;34577;37765;+;58.3	277;246654;248738;+;56.7	10;7996;8946;+;46.4	277;246654;248738;+;38.8	A	9/9	split_3	243896	0	1	
NZ_AP025908.1	MPF_F	IncHI2;IncHI2A	408	0	0	GA	0															not_admitted	not_admitted	not_admitted	not_admitted	not_admitted	not_admitted	not_admitted	not_admitted	not_admitted	not_admitted	1	29;32275;33333;+;276.9	275;244021;245436;-;194.1	276;245426;246472;-;173.7	11;8955;11636;+;168.0	274;240062;244012;-;101.6	7;5270;6625;+;80.7	11;8955;11636;+;72.2	4;2758;3546;+;74.8	27;30622;32133;+;62.7	30;33352;36540;+;58.3		10;7996;8946;+;46.4		A	9/9	split_3	242668	0	1	
NZ_AP025912.1	MPF_F	IncHI2;IncHI2A	422	0	0	GA	0															not_admitted	not_admitted	not_admitted	not_admitted	not_admitted	not_admitted	not_admitted	not_admitted	not_admitted	not_admitted	1	31;33500;34558;+;276.9	277;245714;247129;-;194.1	278;247119;248165;-;173.7	11;8955;11636;+;168.0	276;241755;245705;-;101.6	7;5270;6625;+;80.7	11;8955;11636;+;72.2	4;2758;3546;+;74.8	29;31847;33358;+;62.8	32;34577;37765;+;58.3	287;256431;258515;+;56.7	10;7996;8946;+;46.4	287;256431;258515;+;38.8	A	9/9	split_3	253673	0	1	
NZ_AP025916.1	MPF_F	IncHI2;IncHI2A	413	0	0	GA	0															not_admitted	not_admitted	not_admitted	not_admitted	not_admitted	not_admitted	not_admitted	not_admitted	not_admitted	not_admitted	1	29;32275;33333;+;276.9	278;246542;247957;-;194.1	279;247947;248993;-;173.7	11;8955;11636;+;168.0	277;242583;246533;-;101.6	7;5270;6625;+;80.7	11;8955;11636;+;72.2	4;2758;3546;+;74.8	27;30622;32133;+;62.7	30;33352;36540;+;58.3		10;7996;8946;+;46.4		A	9/9	split_3	245189	0	1	
NZ_AP025920.1	MPF_F	IncHI2;IncHI2A	423	0	0	GA	0															not_admitted	not_admitted	not_admitted	not_admitted	not_admitted	not_admitted	not_admitted	not_admitted	not_admitted	not_admitted	1	31;33507;34565;+;276.9	279;246946;248361;-;194.1	280;248351;249397;-;173.7	13;10187;12868;+;168.0	278;242987;246937;-;101.6	9;6502;7857;+;80.7	13;10187;12868;+;72.2	6;3990;4778;+;74.8	29;31854;33365;+;62.7	32;34584;37772;+;58.3	288;255052;256140;+;45.7	12;9228;10178;+;46.4	288;255052;256140;+;40.5	A	9/9	split_3	251062	0	1	
NZ_AP025924.1	MPF_F	IncHI2;IncHI2A	396	0	0	GA	0															not_admitted	not_admitted	not_admitted	not_admitted	not_admitted	not_admitted	not_admitted	not_admitted	not_admitted	not_admitted	1	29;32275;33333;+;276.9	260;231012;232427;-;194.1	261;232417;233463;-;173.7	11;8955;11636;+;168.0	259;227053;231003;-;101.6	7;5270;6625;+;80.7	11;8955;11636;+;72.2	4;2758;3546;+;74.8	27;30622;32133;+;62.7	30;33352;36540;+;58.3		10;7996;8946;+;46.4		A	9/9	split_3	229659	0	1	
NZ_AP025928.1	MPF_F	IncHI2;IncHI2A	424	0	0	GA	0															not_admitted	not_admitted	not_admitted	not_admitted	not_admitted	not_admitted	not_admitted	not_admitted	not_admitted	not_admitted	1	31;33500;34558;+;276.9	277;245712;247127;-;194.1	278;247117;248163;-;173.7	11;8955;11636;+;168.0	276;241753;245703;-;101.6	7;5270;6625;+;80.7	11;8955;11636;+;72.2	4;2758;3546;+;74.8	29;31847;33358;+;62.8	32;34577;37765;+;58.3	287;256429;258513;+;56.7	10;7996;8946;+;46.4	287;256429;258513;+;38.8	A	9/9	split_3	253671	0	1	
NZ_AP025932.1	MPF_F	IncHI2;IncHI2A	412	0	0	GA	0															not_admitted	not_admitted	not_admitted	not_admitted	not_admitted	not_admitted	not_admitted	not_admitted	not_admitted	not_admitted	1	29;32275;33333;+;276.9	275;244123;245538;-;194.1	276;245528;246574;-;173.7	11;8955;11636;+;168.0	274;240164;244114;-;101.6	7;5270;6625;+;80.7	11;8955;11636;+;72.2	4;2758;3546;+;74.8	27;30622;32133;+;62.7	30;33352;36540;+;58.3	285;254840;256924;+;56.7	10;7996;8946;+;46.4	285;254840;256924;+;38.8	A	9/9	split_3	252082	0	1	
NZ_AP026089.1	MPF_T	IncX4	48	0	0	GA	1	7;4439;5050;+;53.5	8;5022;5336;+;30.3	9;5394;5714;+;39.0	10;5717;8089;+;81.6	10;5717;8089;+;33.6	4;2468;3109;-;33.9	5;3111;4106;-;126.4		12;8220;8957;+;158.9	13;8954;9733;+;167.2	14;9723;10865;+;143.1	15;10865;11884;+;91.9	16;11935;13902;+;291.2		pfam	pfam_only	A	7/7	uncallable	0	0	unscoreable	2	0	0														not_admitted	not_admitted	not_admitted	not_admitted	not_admitted	not_admitted	not_admitted
NZ_AP026094.1	MPF_F	IncFII	75	0	0	GA	0															not_admitted	not_admitted	not_admitted	not_admitted	not_admitted	not_admitted	not_admitted	not_admitted	not_admitted	not_admitted	1	50;38800;39792;+;365.8	61;45838;47211;+;381.0	56;43505;44248;+;233.3	47;35164;37791;+;305.4	62;47208;50033;+;389.2	41;31586;33013;+;94.3	47;35164;37791;+;98.8	39;30305;30871;+;183.8	53;40743;41381;+;70.3	54;41378;43228;+;264.7	65;51536;53815;+;391.6	45;34134;34649;+;78.4	65;51536;53815;+;70.3	A	9/9	contiguous	21231	1	1	50030..50539+;169;unnamed;0
NZ_AP026103.1	MPF_T	IncX4	42	0	0	GA	1	7;4329;4940;+;53.8	8;4912;5226;+;30.3	9;5284;5604;+;45.3	10;5607;7979;+;81.6	10;5607;7979;+;33.6	4;2358;2999;-;33.9	5;3001;3996;-;126.4		12;8110;8847;+;156.5	13;8844;9623;+;167.2	14;9613;10755;+;143.5	15;10755;11774;+;91.9	16;11825;13792;+;290.5		pfam	pfam_only	A	7/7	uncallable	0	0	unscoreable	2	0	0														not_admitted	not_admitted	not_admitted	not_admitted	not_admitted	not_admitted	not_admitted
NZ_AP026376.1	MPF_F	-	219	0	0	GA	0															not_admitted	not_admitted	not_admitted	not_admitted	not_admitted	not_admitted	not_admitted	not_admitted	not_admitted	not_admitted	1	104;97693;98436;+;279.6	17;18973;20415;+;315.1	16;17932;18969;+;218.9	98;92104;94548;+;338.0	18;20428;23982;+;368.8	93;83253;84578;+;127.9	98;92104;94548;+;126.9	91;81732;82367;+;85.4	101;95386;96651;+;65.1	105;98446;101220;+;134.1	81;74588;76459;+;46.2	94;84575;85141;+;91.1	81;74588;76459;+;53.0	A	9/9	split_2	80514	0	1	
NZ_AP026383.1	MPF_F	IncHI2;IncHI2A	277	0	0	GA	0															not_admitted	not_admitted	not_admitted	not_admitted	not_admitted	not_admitted	not_admitted	not_admitted	not_admitted	not_admitted	1	30;32022;33080;+;276.9	124;118976;120391;+;194.1	123;117940;118986;+;172.3	12;8952;11633;+;168.0	125;120400;124350;+;101.6	7;5268;6623;+;80.7	12;8952;11633;+;72.2	4;2758;3546;+;74.8	28;30369;31880;+;62.7	31;33099;36287;+;58.3	117;108815;110899;-;56.7	11;7993;8943;+;46.4	117;108815;110899;-;38.8	A	9/9	split_3	117642	0	1	
NZ_AP026384.1	MPF_F	IncFIB(pB171);IncFII(S);IncFII(SARC14)	128	0	0	GA	0															not_admitted	not_admitted	not_admitted	not_admitted	not_admitted	not_admitted	not_admitted	not_admitted	not_admitted	not_admitted	1	68;69255;70250;-;357.0	58;61196;62557;-;336.1	60;63194;63973;-;195.8	71;71343;73934;-;218.1	57;58297;61194;-;290.9	74;75356;76717;-;80.7	71;71343;73934;-;87.3	76;77434;77997;-;143.8	66;68265;68879;-;79.9	61;63970;65145;-;254.4	54;54427;56718;-;375.8	72;73945;74544;-;50.4	54;54427;56718;-;65.0	A	9/9	contiguous	23007	1	1	57725..58285-;186;unnamed;0
NZ_AP026393.1	MPF_F	IncFIB(pNDM-Mar);IncHI1B(pNDM-MAR)	270	0	0	GA	0															not_admitted	not_admitted	not_admitted	not_admitted	not_admitted	not_admitted	not_admitted	not_admitted	not_admitted	not_admitted	1	184;152190;152900;-;205.4	70;55118;55750;+;118.9	69;54091;55128;+;173.7	202;166016;166678;-;66.3	72;56521;60489;+;123.4	206;168753;170126;-;65.4	198;163742;164731;-;58.4	210;172006;172602;-;62.5		180;147982;149010;-;39.9	62;44808;46931;-;55.0	203;166723;167460;-;57.1	62;44808;46931;-;41.0	B	8/9	split_2	127198	0	1	
NZ_AP026394.1	MPF_F	IncHI2;IncHI2A	256	0	0	GA	0															not_admitted	not_admitted	not_admitted	not_admitted	not_admitted	not_admitted	not_admitted	not_admitted	not_admitted	not_admitted	1	206;175012;176070;-;276.9	92;74790;76205;+;194.1	91;73862;74800;+;174.3	227;195715;198051;-;166.9	94;76454;80164;+;77.9	232;200371;201489;-;81.4	227;195715;198051;-;48.0	238;203529;204239;-;74.6	209;176954;177736;-;33.4	204;171805;173703;-;58.8	80;64700;66784;-;56.7	228;198060;199010;-;40.5	80;64700;66784;-;38.9	A	9/9	split_2	138829	0	1	
NZ_AP026395.1	MPF_F	IncFII(pKP91);repB(R1701)	141	0	0	GA	0															not_admitted	not_admitted	not_admitted	not_admitted	not_admitted	not_admitted	not_admitted	not_admitted	not_admitted	not_admitted	1	114;103124;104113;+;363.9	125;109519;110886;+;384.3	121;107509;108261;+;233.7	110;99042;101681;+;258.5	126;110886;113678;+;346.4	103;94424;95848;+;89.3	110;99042;101681;+;87.7	101;93131;93697;+;169.3	115;104126;104764;+;66.0	117;105666;106637;+;262.5	131;116416;118728;+;392.5	104;95962;96546;+;54.3	131;116416;118728;+;66.6	A	9/9	contiguous	23285	1	1	113689..114273+;194;unnamed;0
NZ_AP026396.1	MPF_F	IncFII(Yp)	96	0	0	GA	0															not_admitted	not_admitted	not_admitted	not_admitted	not_admitted	not_admitted	not_admitted	not_admitted	not_admitted	not_admitted	1	73;58117;59106;+;366.6	83;64597;65967;+;383.4	79;62643;63395;+;233.2	69;54035;56674;+;258.5	84;65967;68660;+;345.6	61;48315;49739;+;89.2	69;54035;56674;+;87.8	59;47022;47588;+;168.5	74;59119;59757;+;66.9	75;59816;61759;+;257.6	87;70366;72675;+;392.7	62;49853;50437;+;54.4	87;70366;72675;+;66.6	A	9/9	contiguous	23344	1	1	68838..69002+;54;unnamed;0
NZ_AP026408.1	MPF_F	IncFIB(pNDM-Mar);IncHI1B(pNDM-MAR)	253	0	0	GA	0															not_admitted	not_admitted	not_admitted	not_admitted	not_admitted	not_admitted	not_admitted	not_admitted	not_admitted	not_admitted	1	176;153875;154912;-;282.3	72;55202;56611;+;190.4	71;54175;55212;+;173.7	189;167377;168456;-;129.7	73;56613;60581;+;123.4	193;170569;171204;-;67.2	188;165744;167384;-;88.1	199;174926;175786;-;78.1	177;154909;156270;-;69.9	172;149328;150695;-;45.8	64;44868;46994;-;57.7	190;168501;169238;-;56.9	64;44868;46994;-;41.0	A	9/9	split_2	130058	0	1	
NZ_AP026409.1	MPF_F	IncHI2;IncHI2A	246	0	0	GA	0															not_admitted	not_admitted	not_admitted	not_admitted	not_admitted	not_admitted	not_admitted	not_admitted	not_admitted	not_admitted	1	69;60980;62038;+;276.9	187;162382;163797;-;194.1	188;163787;164833;-;173.7	221;197172;199853;-;168.0	186;158423;162373;-;101.6	226;202182;203537;-;80.7	221;197172;199853;-;72.0	229;205260;206048;-;74.8	67;59327;60838;+;62.6	70;62057;65245;+;57.7	194;171873;173957;+;56.7	222;199862;200812;-;46.4	194;171873;173957;+;38.8	A	9/9	split_3	145933	0	1	
NZ_AP026411.1	MPF_F	IncFII(Yp)	97	0	0	GA	0															not_admitted	not_admitted	not_admitted	not_admitted	not_admitted	not_admitted	not_admitted	not_admitted	not_admitted	not_admitted	1	74;58151;59140;+;366.6	84;64631;66001;+;382.7	80;62677;63429;+;233.2	70;54069;56708;+;258.5	85;66001;68874;+;345.4	61;48349;49773;+;89.2	70;54069;56708;+;87.8	60;47057;48349;+;165.2	75;59153;59791;+;66.9	76;59850;61805;+;257.6	88;70425;72734;+;392.7	62;49887;50471;+;54.4	88;70425;72734;+;66.6	A	9/9	contiguous	23368	1	1	68885..69418+;177;unnamed;0
NZ_AP026421.1	MPF_F	IncFIB(pNDM-Mar);IncHI1B(pNDM-MAR)	249	0	0	GA	0															not_admitted	not_admitted	not_admitted	not_admitted	not_admitted	not_admitted	not_admitted	not_admitted	not_admitted	not_admitted	1	175;155760;156797;-;282.3	74;56523;57932;+;190.4	73;55496;56533;+;173.7	188;167628;170345;-;149.6	75;57934;61902;+;123.4	192;172458;173828;-;65.4	188;167628;170345;-;85.2	195;175474;176334;-;78.1	176;156794;158155;-;69.9	171;151213;152580;-;45.8	66;46189;48315;-;57.7	189;170390;171127;-;56.9	66;46189;48315;-;41.0	A	9/9	split_2	129285	0	1	
NZ_AP026422.1	MPF_F	IncHI2;IncHI2A	245	0	0	GA	0															not_admitted	not_admitted	not_admitted	not_admitted	not_admitted	not_admitted	not_admitted	not_admitted	not_admitted	not_admitted	1	203;174113;175171;-;276.9	86;73696;75111;+;194.1	85;72660;73706;+;173.7	220;194495;197176;-;168.0	87;75120;79070;+;101.6	225;199505;200860;-;80.7	220;194495;197176;-;72.0	228;202584;203372;-;74.8	205;175313;176824;-;62.6	202;170906;174094;-;57.7	79;63535;65619;-;56.7	221;197185;198135;-;46.4	79;63535;65619;-;38.8	A	9/9	split_2	139049	0	1	
NZ_AP026423.1	MPF_F	IncFIB(K);IncFII(Yp);IncFII(pAR0022)	190	0	0	GA	0															not_admitted	not_admitted	not_admitted	not_admitted	not_admitted	not_admitted	not_admitted	not_admitted	not_admitted	not_admitted	1	141;141946;142932;-;368.4	133;135863;137233;-;376.7	137;138450;139199;-;218.2	144;143926;146556;-;285.5	132;133041;135863;-;336.5	150;148584;149978;-;90.9	144;143926;146556;-;98.6	152;150695;151261;-;169.9	140;141300;141929;-;66.9	139;139450;141303;-;257.4	129;129513;131705;-;385.8	149;148023;148562;-;64.9	129;129513;131705;-;63.8	A	9/9	contiguous	21182	1	1	132588..133019-;143;TraS;0
NZ_AP026424.1	MPF_F	IncFII(pBK30683)	93	0	0	GA	0															not_admitted	not_admitted	not_admitted	not_admitted	not_admitted	not_admitted	not_admitted	not_admitted	not_admitted	not_admitted	1	68;53856;54845;+;366.6	79;60311;61681;+;382.7	75;58357;59109;+;233.2	64;49774;52413;+;258.5	80;61681;64281;+;346.9	56;45093;46517;+;89.2	64;49774;52413;+;88.7	54;43800;44366;+;167.0	69;54858;55496;+;66.9	71;56853;57485;+;203.2	84;66858;69170;+;393.1	57;46631;47215;+;54.8	84;66858;69170;+;66.6	A	9/9	contiguous	23058	1	1	65017..65304+;95;unnamed;1
NZ_AP026426.1	-	IncFII(K);IncFII(pAR0022);IncR	65	0	0	GA	0															not_admitted	not_admitted	not_admitted	not_admitted	not_admitted	not_admitted	not_admitted	not_admitted	not_admitted	not_admitted	1	50;37433;38431;+;370.2	55;42160;43524;+;349.0	53;40794;41564;+;205.6	47;33774;36395;+;215.9	56;43527;46397;+;244.4	44;31483;32814;+;86.0	47;33774;36395;+;92.2	42;30202;30777;+;87.7	51;38401;38829;+;64.0	52;38857;40794;+;231.7	58;47100;49232;+;376.5	46;33235;33765;+;34.8	58;47100;49232;+;67.6	A	9/9	contiguous	16898	1	1	46406..46969+;187;unnamed;0
NZ_AP026526.1	MPF_F	IncC;IncQ1	206	0	0	GA	0															not_admitted	not_admitted	not_admitted	not_admitted	not_admitted	not_admitted	not_admitted	not_admitted	not_admitted	not_admitted	1	94;67782;68789;+;332.9	195;155294;156727;+;339.2	194;154264;155292;+;221.7	89;62583;65030;+;354.5	196;156740;160354;+;375.3	84;53711;55027;+;135.0	89;62583;65030;+;128.3	82;52187;52813;+;92.7	92;65852;67117;+;67.9	95;68905;71703;+;145.3	73;46512;48377;+;47.3	85;55024;55602;+;100.2	73;46512;48377;+;52.0	A	9/9	split_2	110228	0	1	
NZ_AP026527.1	MPF_T	IncN	64	0	0	GA	1	18;13269;14003;+;32.5		21;14646;14963;+;63.3	22;14963;17563;+;113.8	22;14963;17563;+;76.4	23;17581;18294;+;105.5	25;18545;19585;+;142.4		26;19804;20502;+;131.9	27;20513;21397;+;159.7	28;21397;22557;+;156.3	29;22599;23594;+;81.2	38;31588;33117;-;38.5		pfam	both	A	7/7	canonical	1	0	unscoreable	11	0	0														not_admitted	not_admitted	not_admitted	not_admitted	not_admitted	not_admitted	not_admitted
NZ_AP026554.1	-	-	353	0	0	GA	0															not_admitted	not_admitted	not_admitted	not_admitted	not_admitted	not_admitted	not_admitted	not_admitted	not_admitted	not_admitted	1	68;53685;54770;-;253.0	224;196186;197610;+;187.3	223;195146;196186;+;200.5	197;166364;168979;-;203.8	225;197613;202418;+;110.8	202;171648;172994;-;116.1	197;166364;168979;-;92.9	204;174257;174907;-;87.4	70;54940;56304;-;58.8	67;49177;53502;-;63.8	209;177510;179381;-;34.0	198;168990;169619;-;64.6	209;177510;179381;-;35.3	A	9/9	split_2	148436	1	1	202538..203848+;436;unnamed;0
NZ_AP026733.1	-	-	184	0	0	GA	0															not_admitted	not_admitted	not_admitted	not_admitted	not_admitted	not_admitted	not_admitted	not_admitted	not_admitted	not_admitted	1	145;147821;148852;+;255.2	71;71518;72921;-;126.6	72;72921;73910;-;161.2	93;91748;94345;+;156.7	70;67299;71501;-;136.2	87;87079;88407;+;103.4	93;91748;94345;+;82.0	85;85300;85995;+;48.0	143;146509;147675;+;59.8	146;148859;152236;+;83.0	79;80240;82141;+;41.4	92;90978;91748;+;56.7	79;80240;82141;+;27.0	A	9/9	split_2	81560	0	1	
NZ_AP026734.1	MPF_F	IncC	173	0	0	GA	0															not_admitted	not_admitted	not_admitted	not_admitted	not_admitted	not_admitted	not_admitted	not_admitted	not_admitted	not_admitted	1	87;68566;69573;+;332.9	162;140946;142379;+;339.2	161;139916;140944;+;221.7	82;63367;65814;+;354.5	163;142392;146006;+;375.3	77;54495;55811;+;135.0	82;63367;65814;+;128.3	75;52971;53597;+;92.7	85;66636;67901;+;67.9	88;69689;72487;+;145.3	66;47296;49161;+;47.3	78;55808;56386;+;100.2	66;47296;49161;+;52.0	A	9/9	split_2	95096	0	1	
NZ_AP026735.1	-	-	70	0	0	GA	1		61;42995;43342;+;72.7	62;43353;43646;+;30.2	63;43649;46084;+;75.1	63;43649;46084;+;95.4	64;46104;46862;+;49.0	65;46873;48525;+;87.6		66;48525;49244;+;107.9	67;49244;50125;+;155.5	69;50584;51891;+;216.9	5;4178;5800;+;161.7	18;13561;15447;+;435.9		conjscan	conjscan_only	A	7/7	canonical	1	0	unscoreable	14	0	0														not_admitted	not_admitted	not_admitted	not_admitted	not_admitted	not_admitted	not_admitted
NZ_AP026770.1	-	-	38	0	0	GA	1		30;35180;35464;-;29.6		28;32621;34297;-;146.9			19;23615;24802;+;31.0		26;29505;30440;-;78.8	25;28071;29411;-;87.2	24;26753;28108;-;154.4	22;25552;26520;-;100.1	12;16377;18209;+;250.3		none	none	A	7/7	uncallable	0	0	unscoreable	11	0	0														not_admitted	not_admitted	not_admitted	not_admitted	not_admitted	not_admitted	not_admitted
NZ_AP026771.1	-	-	36	0	0	GA	1				20;20547;22961;-;145.9			11;11691;12878;+;31.0			17;16144;18207;-;83.6	16;14826;16181;-;154.4	14;13628;14596;-;100.1	5;5556;6233;+;145.8		none	none	B	6/7	uncallable	0	0	unscoreable	10	0	0														not_admitted	not_admitted	not_admitted	not_admitted	not_admitted	not_admitted	not_admitted
NZ_AP026782.1	MPF_F	-	227	0	0	GA	0															not_admitted	not_admitted	not_admitted	not_admitted	not_admitted	not_admitted	not_admitted	not_admitted	not_admitted	not_admitted	1	123;108374;109381;+;329.4	8;9398;10837;+;325.0	7;8362;9396;+;208.0	118;103145;105595;+;315.0	9;10844;14485;+;345.7	112;93905;95254;+;124.9	118;103145;105595;+;134.6	110;92332;92961;+;86.9	121;106408;107676;+;65.4	124;109577;112357;+;142.3	104;88118;89986;+;44.9	113;95311;95802;+;85.4	104;88118;89986;+;48.3	A	9/9	split_2	101215	0	1	
NZ_AP026789.1	MPF_F	Col156;IncFIA;IncFIB(AP001918);IncFII(pRSB107)	178	0	0	GA	0															not_admitted	not_admitted	not_admitted	not_admitted	not_admitted	not_admitted	not_admitted	not_admitted	not_admitted	not_admitted	1	30;28652;29644;-;369.5	17;19520;20893;-;386.6	25;24803;25546;-;231.4	33;30653;33280;-;303.9	16;16704;19523;-;386.3	39;35165;36616;-;94.1	33;30653;33280;-;96.5	41;37331;37897;-;184.3	28;27670;28308;-;68.7	27;25823;27673;-;266.7	171;152580;153959;+;267.3	36;33796;34311;-;75.2	171;152580;153959;+;71.3	A	9/9	split_2	135876	1	1	16188..16679-;163;TraS;0
NZ_AP026790.1	MPF_T	IncI2	76	0	0	GA	1	39;33119;33601;-;81.1		54;49197;49481;-;36.6	53;46834;49191;-;58.5	53;46834;49191;-;42.8	63;54307;54951;-;41.0	64;54957;55952;-;123.7		51;45934;46668;-;144.3	50;45167;45937;-;170.5	49;44038;45177;-;154.7	42;35369;36907;-;207.1	47;40990;42948;-;289.6		pfam	pfam_only	A	7/7	rearranged	1	0	unscoreable	14	0	0														not_admitted	not_admitted	not_admitted	not_admitted	not_admitted	not_admitted	not_admitted
NZ_AP026791.1	MPF_T	IncX4	46	0	0	GA	1	29;21950;22570;-;47.9	28;21610;21936;-;64.4	27;18844;21591;-;62.7	27;18844;21591;-;152.1	27;18844;21591;-;46.1	26;18116;18832;-;97.3	25;17026;18105;-;157.5		23;15843;16529;-;167.2	22;14938;15846;-;142.4	21;13827;14945;-;163.7	20;12797;13825;-;85.0	19;10948;12765;-;317.4		pfam	pfam_only	A	7/7	canonical	1	1	unscoreable	1	0	0														not_admitted	not_admitted	not_admitted	not_admitted	not_admitted	not_admitted	not_admitted
NZ_AP026795.1	MPF_F	Col156;IncFIA;IncFIB(AP001918);IncFII(pRSB107)	179	0	0	GA	0															not_admitted	not_admitted	not_admitted	not_admitted	not_admitted	not_admitted	not_admitted	not_admitted	not_admitted	not_admitted	1	30;28652;29644;-;369.5	17;19520;20893;-;386.6	25;24803;25546;-;231.4	33;30653;33280;-;303.9	16;16704;19523;-;386.3	39;35165;36616;-;94.1	33;30653;33280;-;96.5	41;37331;37897;-;184.3	28;27670;28308;-;68.7	27;25823;27673;-;266.7	172;152590;153987;+;267.3	36;33796;34311;-;75.2	172;152590;153987;+;71.3	A	9/9	split_2	135886	1	1	16188..16679-;163;TraS;0
NZ_AP026796.1	MPF_T	IncI2	75	0	0	GA	1	38;33121;33603;-;81.1		53;49199;49483;-;36.6	52;46836;49193;-;58.5	52;46836;49193;-;42.8	62;54309;54953;-;41.0	63;54959;55954;-;123.7		50;45936;46670;-;144.3	49;45169;45939;-;170.5	48;44040;45179;-;154.7	41;35371;36909;-;207.1	46;40992;42950;-;289.6		pfam	pfam_only	A	7/7	rearranged	1	0	unscoreable	14	0	0														not_admitted	not_admitted	not_admitted	not_admitted	not_admitted	not_admitted	not_admitted
NZ_AP026797.1	MPF_T	IncX4	46	0	0	GA	1	29;21950;22570;-;47.9	28;21610;21936;-;64.4	27;18844;21591;-;62.7	27;18844;21591;-;152.1	27;18844;21591;-;46.1	26;18116;18832;-;97.3	25;17026;18105;-;157.5		23;15843;16529;-;167.2	22;14938;15846;-;142.4	21;13827;14945;-;163.7	20;12797;13825;-;85.0	19;10948;12765;-;317.4		pfam	pfam_only	A	7/7	canonical	1	1	unscoreable	1	0	0														not_admitted	not_admitted	not_admitted	not_admitted	not_admitted	not_admitted	not_admitted
NZ_AP026828.1	MPF_F	-	129	0	0	GA	0															not_admitted	not_admitted	not_admitted	not_admitted	not_admitted	not_admitted	not_admitted	not_admitted	not_admitted	not_admitted	1	102;82337;83392;+;268.1	115;94967;96376;+;229.6	114;93944;94951;+;214.6	98;77858;80344;+;211.5	116;96396;99629;+;215.1	95;75142;76434;+;117.6	98;77858;80344;+;113.8	93;73491;74144;+;91.1	101;81195;82337;+;46.0	118;100101;102872;+;119.2	87;69098;71011;+;20.5	96;76451;76963;+;68.8	87;69098;71011;+;24.6	A	9/9	contiguous	31003	0	1	
NZ_AP026888.1	MPF_F	IncFII(Yp);IncFII(pAR0022)	104	0	0	GA	0															not_admitted	not_admitted	not_admitted	not_admitted	not_admitted	not_admitted	not_admitted	not_admitted	not_admitted	not_admitted	1	87;75021;76007;+;370.3	94;80303;81676;+;375.9	91;78754;79503;+;217.5	84;71397;74027;+;285.5	95;81676;84495;+;335.9	78;67975;69369;+;88.7	84;71397;74027;+;98.6	76;66692;67258;+;170.1	88;76024;76653;+;66.7	89;76650;78503;+;258.2	98;85893;88178;+;384.7	79;69391;69930;+;66.4	98;85893;88178;+;63.8	A	9/9	contiguous	19201	1	1	84520..84993+;157;TraS;0
NZ_AP026903.1	MPF_F	IncHI2;IncHI2A	349	0	0	GA	0															not_admitted	not_admitted	not_admitted	not_admitted	not_admitted	not_admitted	not_admitted	not_admitted	not_admitted	not_admitted	1	217;179887;180945;-;276.9	59;48418;49833;+;194.1	58;47382;48428;+;173.7	235;201584;204265;-;168.0	60;49842;53792;+;101.6	239;206595;207950;-;80.7	235;201584;204265;-;72.2	242;209674;210462;-;74.8	219;181087;182598;-;62.7	216;176680;179868;-;58.3	52;38258;40342;-;56.7	236;204274;205224;-;46.4	52;38258;40342;-;38.8	A	9/9	split_3	171416	0	1	
NZ_AP026909.1	MPF_T	IncI2	77	0	0	GA	1	41;35313;35795;-;81.1		56;51391;51675;-;36.6	55;49028;51385;-;58.5	55;49028;51385;-;42.8	68;57128;57769;-;42.8	69;57775;58770;-;128.5		53;48128;48862;-;144.3	52;47361;48131;-;170.5	51;46232;47371;-;154.7	44;37563;39101;-;207.1	49;43184;45142;-;289.6		pfam	pfam_only	A	7/7	rearranged	1	0	unscoreable	17	1	0														not_admitted	not_admitted	not_admitted	not_admitted	not_admitted	not_admitted	not_admitted
NZ_AP026939.1	MPF_F	IncC	173	0	0	GA	0															not_admitted	not_admitted	not_admitted	not_admitted	not_admitted	not_admitted	not_admitted	not_admitted	not_admitted	not_admitted	1	101;74387;75394;+;332.9	162;125844;127277;+;339.2	161;124814;125842;+;221.7	96;69188;71635;+;354.5	163;127290;130904;+;375.3	91;60316;61632;+;135.0	96;69188;71635;+;128.3	89;58792;59418;+;92.7	99;72457;73722;+;67.9	102;75510;78308;+;145.3	80;53117;54982;+;47.3	92;61629;62207;+;100.2	80;53117;54982;+;52.0	A	9/9	split_2	74173	0	1	
NZ_AP026941.1	-	pKPC-CAV1321	353	0	0	GA	0															not_admitted	not_admitted	not_admitted	not_admitted	not_admitted	not_admitted	not_admitted	not_admitted	not_admitted	not_admitted	1	201;174524;175591;+;276.8	245;213332;214609;+;261.3	244;212235;213335;+;198.4	197;169930;172416;+;223.8	248;216140;219658;+;240.0	193;165305;166702;+;109.8	197;169930;172416;+;120.8	191;163396;164022;+;87.1	200;173214;174527;+;41.0	250;220094;222751;+;136.9	185;158872;160848;+;22.7	194;166699;167265;+;71.6	185;158872;160848;+;33.5	A	9/9	split_2	61222	0	1	
NZ_AP026942.1	MPF_F	IncC	173	0	0	GA	0															not_admitted	not_admitted	not_admitted	not_admitted	not_admitted	not_admitted	not_admitted	not_admitted	not_admitted	not_admitted	1	101;74387;75394;+;332.9	162;125844;127277;+;339.2	161;124814;125842;+;221.7	96;69188;71635;+;354.5	163;127290;130904;+;375.3	91;60316;61632;+;135.0	96;69188;71635;+;128.3	89;58792;59418;+;92.7	99;72457;73722;+;67.9	102;75510;78308;+;145.3	80;53117;54982;+;47.3	92;61629;62207;+;100.2	80;53117;54982;+;52.0	A	9/9	split_2	74173	0	1	
NZ_AP026949.1	MPF_F	IncHI2;IncHI2A	276	0	0	GA	0															not_admitted	not_admitted	not_admitted	not_admitted	not_admitted	not_admitted	not_admitted	not_admitted	not_admitted	not_admitted	1	27;31208;32266;+;276.9	190;181834;183249;-;194.1	191;183239;184285;-;174.3	11;8955;11636;+;168.0	189;177872;181825;-;101.6	7;5270;6625;+;80.7	11;8955;11636;+;72.2	4;2758;3546;+;74.8	25;29555;31066;+;62.0	28;32285;35473;+;57.3	198;191327;193411;+;56.8	10;7996;8946;+;46.1	198;191327;193411;+;38.8	A	9/9	split_3	188569	1	1	177326..177691-;121;unnamed;0
NZ_AP026950.1	MPF_T	IncFIB(K)	78	0	0	GA	1	48;47363;48025;+;48.3	49;48036;48335;+;36.6	50;48345;51095;+;60.6	50;48345;51095;+;131.5	50;48345;51095;+;48.6	51;51114;51830;+;137.0	53;52144;53151;+;137.8		55;53361;54047;+;158.3	56;54040;54933;+;147.4	14;12297;12866;+;196.0	58;56130;57179;+;71.5	65;61917;63824;+;24.3		pfam	pfam_only	A	7/7	canonical	1	1	unscoreable	8	0	0														not_admitted	not_admitted	not_admitted	not_admitted	not_admitted	not_admitted	not_admitted
NZ_AP026951.1	MPF_T	IncFII(p96A);IncFII(pSE11)	63	0	0	GA	1	5;3951;4433;+;88.8	41;31751;32104;+;32.1	42;32104;32475;+;36.6	43;32432;34924;+;62.8		45;36244;36921;+;53.3	47;37410;38354;+;115.7		48;38510;39361;+;100.4	49;39358;40173;+;160.4	50;40170;41510;+;134.5	60;49982;51544;+;197.7	54;43295;44914;+;238.0		pfam	pfam_only	A	7/7	canonical	1	0	unscoreable	12	0	0														not_admitted	not_admitted	not_admitted	not_admitted	not_admitted	not_admitted	not_admitted
NZ_AP026962.1	MPF_F	IncHI2;IncHI2A;IncN	279	0	0	GA	0															not_admitted	not_admitted	not_admitted	not_admitted	not_admitted	not_admitted	not_admitted	not_admitted	not_admitted	not_admitted	1	29;32557;33615;+;276.9	196;181084;182499;-;194.1	197;182489;183535;-;174.3	13;10304;12985;+;168.0	195;177122;181075;-;101.6	9;6619;7974;+;80.7	13;10304;12985;+;72.2	6;4107;4895;+;74.8	27;30904;32415;+;62.0	30;33634;36822;+;57.3	204;190577;192661;+;56.8	12;9345;10295;+;46.1	204;190577;192661;+;38.8	A	9/9	split_3	186470	1	1	175652..176941-;429;unnamed;0
NZ_AP027047.1	MPF_F	-	337	0	0	GA	0															not_admitted	not_admitted	not_admitted	not_admitted	not_admitted	not_admitted	not_admitted	not_admitted	not_admitted	not_admitted	1	229;229932;230936;+;380.8	234;234418;235839;+;294.2	232;233246;234004;+;147.4	226;226470;229061;+;187.5	235;235836;238655;+;282.6	224;224582;226069;+;82.8	226;226470;229061;+;81.6	222;223286;223855;+;106.5	230;230947;231525;+;76.4	231;231522;233249;+;223.3	237;239356;241431;+;395.1	225;226066;226467;+;23.8	237;239356;241431;+;68.1	A	9/9	contiguous	16070	1	1	238738..239298+;186;unnamed;0
NZ_AP027051.1	MPF_F	-	158	0	0	GA	0															not_admitted	not_admitted	not_admitted	not_admitted	not_admitted	not_admitted	not_admitted	not_admitted	not_admitted	not_admitted	1	23;19248;20252;+;382.2	28;23735;25156;+;294.4	26;22563;23321;+;144.7	20;15786;18377;+;189.0	29;25153;27966;+;281.7	18;13898;15385;+;83.4	20;15786;18377;+;80.7	16;12602;13171;+;109.6	24;20282;20842;+;76.5	25;20839;22566;+;220.6	31;28667;30742;+;394.8	19;15382;15783;+;23.7	31;28667;30742;+;68.1	A	9/9	contiguous	16065	1	1	28049..28609+;186;unnamed;0
NZ_AP027054.1	MPF_F	-	183	0	0	GA	0															not_admitted	not_admitted	not_admitted	not_admitted	not_admitted	not_admitted	not_admitted	not_admitted	not_admitted	not_admitted	1	24;19255;20259;+;382.2	29;23742;25163;+;294.4	27;22570;23328;+;144.7	21;15793;18384;+;189.0	30;25160;27973;+;281.9	19;13905;15392;+;83.4	21;15793;18384;+;80.7	16;12608;13177;+;109.6	25;20289;20849;+;76.5	26;20846;22573;+;220.6	32;28674;30749;+;394.8	20;15389;15790;+;23.7	32;28674;30749;+;68.1	A	9/9	contiguous	16066	1	1	28056..28616+;186;unnamed;0
NZ_AP027057.1	-	-	157	0	0	GA	1	125;126288;126752;-;33.3	91;91675;91995;+;37.2	92;92008;92328;+;48.2	93;92331;94769;+;116.6	93;92331;94769;+;76.7	95;95866;96459;+;55.1	94;94766;95863;+;118.9		96;96503;97183;+;143.8	97;97180;98085;+;142.0	98;98082;99455;+;176.2	108;110504;112513;+;230.5	100;100541;102502;+;354.1		pfam	both	A	7/7	canonical	1	0	unscoreable	22	0	0														not_admitted	not_admitted	not_admitted	not_admitted	not_admitted	not_admitted	not_admitted
NZ_AP027144.1	-	-	239	0	0	GA	1	21;16503;17162;+;73.1	22;17152;17451;+;70.4	23;17451;17750;+;79.8	24;17765;20182;+;132.6	24;17765;20182;+;93.4	26;20915;21634;+;38.7	27;21789;22853;+;110.1		28;22870;23625;+;172.0	29;23622;24473;+;189.6	30;24483;25847;+;196.6	31;25903;26790;+;117.7	32;26807;29233;+;236.4		pfam	pfam_only	A	7/7	canonical	1	0	unscoreable	1	0	0														not_admitted	not_admitted	not_admitted	not_admitted	not_admitted	not_admitted	not_admitted
NZ_AP027145.1	-	-	94	0	0	GA	1	46;41119;41841;-;81.9	45;40808;41122;-;82.5	44;40509;40805;-;73.0	43;38089;40500;-;122.1	43;38089;40500;-;109.4	41;36559;37272;-;25.3	39;35197;36288;-;112.7		38;34424;35197;-;183.9	37;33609;34427;-;193.6	36;32298;33599;-;199.0	35;31271;32320;-;117.0	34;29214;31253;-;299.4		pfam	pfam_only	A	7/7	canonical	1	0	unscoreable	3	0	0														not_admitted	not_admitted	not_admitted	not_admitted	not_admitted	not_admitted	not_admitted
NZ_AP027146.1	-	-	86	0	0	GA	1	60;53654;54376;-;79.0	59;53343;53657;-;83.0	58;53044;53340;-;71.7	57;50624;53035;-;124.2	57;50624;53035;-;105.6		53;47728;48819;-;115.2		52;46955;47728;-;185.7	51;46140;46958;-;195.6	50;44829;46130;-;199.0	49;43802;44851;-;117.0	48;41745;43784;-;299.4		none	none	A	7/7	canonical	0	0	unscoreable	3	0	0														not_admitted	not_admitted	not_admitted	not_admitted	not_admitted	not_admitted	not_admitted
NZ_AP027150.1	-	-	130	0	0	GA	1	118;163448;164173;-;61.0	117;163146;163451;-;74.0	116;162844;163140;-;72.8	115;160398;162833;-;131.9	115;160398;162833;-;88.4	113;158970;159692;-;53.2	111;157694;158824;-;126.1		110;156933;157682;-;179.9	109;156067;156936;-;187.5	108;154708;156054;-;204.7	107;153756;154760;-;131.7	106;151357;153747;-;252.4		pfam	pfam_only	A	7/7	canonical	1	0	unscoreable	2	0	0														not_admitted	not_admitted	not_admitted	not_admitted	not_admitted	not_admitted	not_admitted
NZ_AP027157.1	MPF_F	IncFIB(AP001918);IncFII(pSE11)	146	0	0	GA	0															not_admitted	not_admitted	not_admitted	not_admitted	not_admitted	not_admitted	not_admitted	not_admitted	not_admitted	not_admitted	1	84;88838;89830;-;357.1	67;78542;79915;-;370.1	75;82347;83090;-;234.2	87;90839;93466;-;306.8	66;75726;78545;-;375.7	94;95622;97052;-;93.4	87;90839;93466;-;98.8	96;97767;98333;-;172.1	79;85729;86367;-;70.1	77;83354;85258;-;263.3	62;71222;73492;-;391.6	90;93982;94497;-;77.1	62;71222;73492;-;70.3	A	9/9	contiguous	26545	0	1	
NZ_AP027168.1	MPF_F	IncFII	98	0	0	GA	0															not_admitted	not_admitted	not_admitted	not_admitted	not_admitted	not_admitted	not_admitted	not_admitted	not_admitted	not_admitted	1	74;56408;57400;+;369.5	85;63135;64508;+;382.9	79;60464;61207;+;234.4	71;52772;55399;+;306.4	86;64505;67324;+;385.4	65;49192;50619;+;93.9	71;52772;55399;+;98.5	63;47911;48477;+;182.7	76;57744;58382;+;70.7	77;58379;60187;+;267.1	89;68856;71063;+;380.8	69;51741;52256;+;77.3	89;68856;71063;+;66.5	A	9/9	contiguous	20945	1	1	67349..67840+;163;TraS;0
NZ_AP027171.1	MPF_F	IncFIB(AP001918);IncFII;IncQ1	150	0	0	GA	0															not_admitted	not_admitted	not_admitted	not_admitted	not_admitted	not_admitted	not_admitted	not_admitted	not_admitted	not_admitted	1	126;104904;105896;+;367.3	137;111583;112956;+;374.3	130;108625;109368;+;234.1	123;101268;103895;+;305.4	138;112953;115769;+;387.9	117;97786;99213;+;94.4	123;101268;103895;+;99.1	115;96505;97071;+;183.8	127;105905;106543;+;67.3	128;106540;108348;+;268.3	141;117332;119485;+;391.1	121;100237;100752;+;77.3	141;117332;119485;+;69.2	A	9/9	contiguous	20827	1	1	115802..116323+;173;unnamed;0
NZ_AP027177.1	MPF_F	IncFIB(AP001918);IncFII;IncQ1	170	0	0	GA	0															not_admitted	not_admitted	not_admitted	not_admitted	not_admitted	not_admitted	not_admitted	not_admitted	not_admitted	not_admitted	1	146;123199;124191;+;367.3	157;129878;131251;+;374.3	150;126920;127663;+;234.1	143;119563;122190;+;305.4	158;131248;134064;+;387.9	137;116081;117508;+;94.4	143;119563;122190;+;99.1	135;114800;115366;+;183.8	147;124200;124838;+;67.3	148;124835;126643;+;268.3	161;135627;137780;+;391.1	141;118532;119047;+;77.3	161;135627;137780;+;69.2	A	9/9	contiguous	20827	1	1	134097..134618+;173;unnamed;0
NZ_AP027186.1	MPF_F	IncFII(pCoo)	75	0	0	GA	0															not_admitted	not_admitted	not_admitted	not_admitted	not_admitted	not_admitted	not_admitted	not_admitted	not_admitted	not_admitted	1	49;39597;40589;+;369.3	60;46639;48012;+;381.0	55;44306;45049;+;233.3	46;35961;38588;+;302.3	61;48009;50834;+;389.2	40;32383;33810;+;94.1	46;35961;38588;+;99.2	38;31102;31668;+;183.8	52;41586;42224;+;68.6	53;42221;44029;+;268.0	64;52338;54527;+;391.8	44;34930;35445;+;78.4	64;52338;54527;+;70.3	A	9/9	contiguous	21236	1	1	50831..51340+;169;unnamed;0
NZ_AP027194.1	MPF_F	IncFII(29)	74	0	0	GA	0															not_admitted	not_admitted	not_admitted	not_admitted	not_admitted	not_admitted	not_admitted	not_admitted	not_admitted	not_admitted	1	44;33854;34846;+;369.2	58;41736;43109;+;381.0	51;38771;39514;+;234.4	41;30218;32845;+;300.9	59;43106;45925;+;387.9	36;26879;28306;+;94.1	41;30218;32845;+;102.3	34;25598;26164;+;183.8	46;35190;35828;+;70.4	49;36641;38491;+;265.1	63;48196;50403;+;391.7	39;29187;29702;+;76.8	63;48196;50403;+;70.3	A	9/9	contiguous	22598	1	1	45950..46441+;163;TraS;0
NZ_AP027199.1	MPF_F	IncFII(pCoo)	61	0	0	GA	0															not_admitted	not_admitted	not_admitted	not_admitted	not_admitted	not_admitted	not_admitted	not_admitted	not_admitted	not_admitted	1	35;24590;25582;+;369.5	47;31636;33009;+;386.6	40;28688;29431;+;234.4	32;20951;23581;+;303.8	48;33006;35822;+;385.9	24;16257;17684;+;93.6	32;20951;23581;+;98.5	22;14976;15542;+;182.3	37;25926;26564;+;69.5	38;26561;28411;+;266.7	52;38123;40303;+;391.6	28;18812;19327;+;78.3	52;38123;40303;+;70.4	A	9/9	contiguous	23147	1	1	35855..36376+;173;unnamed;0
NZ_AP027260.1	MPF_F	IncFII(pHN7A8)	73	0	0	GA	0															not_admitted	not_admitted	not_admitted	not_admitted	not_admitted	not_admitted	not_admitted	not_admitted	not_admitted	not_admitted	1	23;16166;17158;+;357.1	37;24017;25390;+;370.1	30;21064;21807;+;234.2	20;12530;15157;+;305.1	38;25387;28233;+;378.5	14;8944;10374;+;93.4	20;12530;15157;+;98.4	12;7663;8229;+;172.1	26;17787;18425;+;70.1	28;18896;20800;+;262.9	42;30448;32718;+;392.2	18;11499;12014;+;80.8	42;30448;32718;+;70.3	A	9/9	contiguous	22785	1	1	28230..28739+;169;unnamed;0
NZ_AP027264.1	MPF_F	IncFII(K);repB(R1701)	119	0	0	GA	0															not_admitted	not_admitted	not_admitted	not_admitted	not_admitted	not_admitted	not_admitted	not_admitted	not_admitted	not_admitted	1	72;74773;75762;-;366.0	62;67859;69226;-;380.7	66;70484;71236;-;233.7	76;77205;79844;-;258.5	61;65010;67859;-;345.6	84;83101;84525;-;88.8	76;77205;79844;-;88.7	86;85252;85818;-;169.3	71;74122;74760;-;67.0	70;72108;74063;-;259.7	57;60212;62524;-;392.7	83;82403;82987;-;55.4	57;60212;62524;-;66.5	A	9/9	contiguous	25040	1	1	64449..64997-;182;unnamed;0
NZ_AP027402.1	MPF_T	IncI2	78	0	0	GA	1	38;33114;33596;-;81.1		54;49126;49410;-;36.6	53;46763;49120;-;58.5	53;46763;49120;-;42.8	66;54863;55504;-;42.8	67;55510;56505;-;128.5		51;45863;46597;-;144.3	50;45096;45866;-;170.5	49;43967;45106;-;154.7	41;35364;36902;-;207.1	47;40919;42877;-;289.6		pfam	pfam_only	A	7/7	rearranged	1	0	unscoreable	18	1	0														not_admitted	not_admitted	not_admitted	not_admitted	not_admitted	not_admitted	not_admitted
NZ_AP027403.1	MPF_F	IncFIA;IncFII;IncFII(pCoo)	105	0	0	GA	0															not_admitted	not_admitted	not_admitted	not_admitted	not_admitted	not_admitted	not_admitted	not_admitted	not_admitted	not_admitted	1	79;68910;69902;+;369.3	88;74961;76337;+;381.0	83;72631;73374;+;233.3	76;65274;67901;+;306.8	89;76334;79159;+;389.2	70;61935;63362;+;94.1	76;65274;67901;+;98.5	68;60654;61220;+;183.8	80;69911;70549;+;68.4	81;70546;72354;+;268.3	92;80662;82860;+;392.1	73;64243;64758;+;78.3	92;80662;82860;+;70.2	A	9/9	contiguous	20008	1	1	79156..79665+;169;unnamed;0
NZ_AP027412.1	MPF_F	IncFII(29)	66	0	0	GA	0															not_admitted	not_admitted	not_admitted	not_admitted	not_admitted	not_admitted	not_admitted	not_admitted	not_admitted	not_admitted	1	42;32189;33181;+;369.3	52;38732;40105;+;381.0	48;36768;37511;+;234.4	39;28553;31180;+;303.8	53;40102;42924;+;389.8	35;25214;26641;+;94.3	39;28553;31180;+;99.7	33;23933;24499;+;183.8	43;33190;33828;+;68.6	46;34641;36491;+;265.1	57;45196;47412;+;391.7	38;27522;28037;+;78.4	57;45196;47412;+;70.3	A	9/9	contiguous	21263	1	1	42946..43425+;159;TraS;0
NZ_AP027413.1	MPF_T	IncI2	77	0	0	GA	1	39;29825;30307;-;81.1		54;45921;46205;-;36.6	53;43558;45915;-;58.5	53;43558;45915;-;44.9	64;51733;52377;-;41.0	65;52383;53378;-;123.7		51;42658;43392;-;144.3	50;41891;42661;-;170.5	49;40762;41901;-;154.7	42;32075;33613;-;207.1	47;37690;39648;-;287.0		pfam	pfam_only	A	7/7	rearranged	1	0	unscoreable	15	0	0														not_admitted	not_admitted	not_admitted	not_admitted	not_admitted	not_admitted	not_admitted
NZ_AP027416.1	MPF_F	IncHI2;IncHI2A	271	0	0	GA	0															not_admitted	not_admitted	not_admitted	not_admitted	not_admitted	not_admitted	not_admitted	not_admitted	not_admitted	not_admitted	1	30;34515;35573;+;276.9	184;177301;178716;-;194.1	185;178706;179752;-;174.3	13;10305;12986;+;168.0	183;172820;177292;-;100.9	9;6620;7975;+;80.7	13;10305;12986;+;72.2	6;4108;4896;+;74.8	28;32862;34373;+;62.0	31;35592;38780;+;57.3	192;186794;188878;+;56.6	12;9346;10296;+;46.1	192;186794;188878;+;38.8	A	9/9	split_3	182686	1	1	171350..172639-;429;unnamed;0
NZ_AP027418.1	MPF_F	IncHI2;IncHI2A	309	0	0	GA	0															not_admitted	not_admitted	not_admitted	not_admitted	not_admitted	not_admitted	not_admitted	not_admitted	not_admitted	not_admitted	1	28;33165;34223;+;276.9	212;202614;204029;-;194.1	213;204019;205065;-;174.3	11;8955;11636;+;168.0	211;198133;202605;-;100.9	7;5270;6625;+;80.7	11;8955;11636;+;72.2	4;2758;3546;+;74.8	26;31512;33023;+;62.0	29;34242;37430;+;57.3	220;212107;214191;+;56.6	10;7996;8946;+;46.1	220;212107;214191;+;38.8	A	9/9	split_3	209349	1	1	196663..197952-;429;unnamed;0
NZ_AP027420.1	MPF_F	IncFIC(FII);IncN	90	0	0	GA	0															not_admitted	not_admitted	not_admitted	not_admitted	not_admitted	not_admitted	not_admitted	not_admitted	not_admitted	not_admitted	1	73;62447;63439;+;369.3	84;69489;70862;+;381.0	79;67156;67899;+;233.3	70;58811;61438;+;302.3	85;70859;73684;+;389.2	64;55233;56660;+;94.1	70;58811;61438;+;99.2	62;53952;54518;+;183.8	76;64436;65074;+;68.6	77;65071;66879;+;268.0	88;75188;77377;+;391.8	68;57780;58295;+;78.4	88;75188;77377;+;70.3	A	9/9	contiguous	21236	1	1	73681..74190+;169;unnamed;0
NZ_AP027422.1	MPF_F	IncHI2;IncHI2A	269	0	0	GA	0															not_admitted	not_admitted	not_admitted	not_admitted	not_admitted	not_admitted	not_admitted	not_admitted	not_admitted	not_admitted	1	88;79844;80902;-;276.9	208;190825;192240;+;194.1	207;189789;190835;+;174.3	105;102431;105112;-;168.0	209;192249;196721;+;100.9	109;107442;108797;-;80.7	105;102431;105112;-;72.2	112;110521;111309;-;74.8	90;81044;82555;-;62.0	87;76637;79825;-;57.3	200;180663;182747;-;56.6	106;105121;106071;-;46.1	200;180663;182747;-;38.8	A	9/9	split_3	115612	1	1	196902..198191+;429;unnamed;0
NZ_AP027425.1	MPF_F	Col(pHAD28);IncFIB(AP001918);IncFIC(FII)	152	0	0	GA	0															not_admitted	not_admitted	not_admitted	not_admitted	not_admitted	not_admitted	not_admitted	not_admitted	not_admitted	not_admitted	1	69;66084;67076;-;369.3	61;60015;61388;-;380.7	65;62609;63352;-;232.7	72;68085;70712;-;303.5	60;57196;60018;-;380.3	76;72624;74051;-;94.3	72;68085;70712;-;100.3	78;74766;75332;-;183.8	68;65437;66075;-;68.3	67;63632;65440;-;268.3	57;53482;55662;-;391.8	73;71228;71743;-;78.0	57;53482;55662;-;70.4	A	9/9	contiguous	21284	1	1	56678..57175-;165;TraS;0
NZ_AP027427.1	MPF_T	IncP1	69	0	0	GA	1		28;16805;17188;+;68.7	29;17191;17517;+;50.6	30;17514;20057;+;94.8	30;17514;20057;+;107.0	35;23533;24303;+;104.8	36;24494;26053;+;113.8		31;20054;20761;+;91.8	32;20777;21667;+;152.4	34;22126;23520;+;224.7	27;15735;16691;+;134.8	66;46057;48003;-;442.7		conjscan	conjscan_only	A	7/7	canonical	1	0	unscoreable	2	0	0														not_admitted	not_admitted	not_admitted	not_admitted	not_admitted	not_admitted	not_admitted
NZ_AP027428.1	MPF_F	IncFII(29)	82	0	0	GA	0															not_admitted	not_admitted	not_admitted	not_admitted	not_admitted	not_admitted	not_admitted	not_admitted	not_admitted	not_admitted	1	53;38058;39050;+;369.3	66;45723;47096;+;376.8	59;42767;43510;+;233.9	50;34422;37049;+;304.0	67;47093;49918;+;389.2	46;31086;32513;+;94.3	50;34422;37049;+;99.0	44;29805;30371;+;183.8	56;40047;40685;+;68.6	57;40682;42490;+;267.5	71;52160;54358;+;391.7	49;33391;33906;+;78.0	71;52160;54358;+;70.3	A	9/9	contiguous	22355	1	1	49915..50424+;169;unnamed;0
NZ_AP027431.1	MPF_F	IncFIA(HI1);IncHI1A;IncHI1B(R27)	224	0	0	GA	0															not_admitted	not_admitted	not_admitted	not_admitted	not_admitted	not_admitted	not_admitted	not_admitted	not_admitted	not_admitted	1	15;14855;15907;+;277.6	134;121492;122907;-;201.7	135;122897;123943;-;171.3	223;194888;197569;+;160.9	133;117494;121483;-;103.1	219;191182;192540;+;84.0	223;194888;197569;+;76.5	216;188730;189515;+;68.7	13;13202;14710;+;65.6	16;15930;19040;+;58.9	141;130878;132962;+;50.2	222;193929;194879;+;45.2	141;130878;132962;+;36.5	A	9/9	split_3	181686	0	1	
NZ_AP027433.1	MPF_F	IncFII(29)	81	0	0	GA	0															not_admitted	not_admitted	not_admitted	not_admitted	not_admitted	not_admitted	not_admitted	not_admitted	not_admitted	not_admitted	1	33;25257;26249;+;369.3	46;32922;34295;+;376.8	39;29966;30709;+;233.9	30;21621;24248;+;304.0	47;34292;37117;+;389.2	26;18285;19712;+;94.3	30;21621;24248;+;99.0	24;17004;17570;+;183.8	36;27246;27884;+;68.6	37;27881;29689;+;267.5	51;39359;41557;+;391.7	29;20590;21105;+;78.0	51;39359;41557;+;70.3	A	9/9	contiguous	22355	1	1	37114..37623+;169;unnamed;0
NZ_AP027437.1	MPF_F	IncFII(29)	81	0	0	GA	0															not_admitted	not_admitted	not_admitted	not_admitted	not_admitted	not_admitted	not_admitted	not_admitted	not_admitted	not_admitted	1	49;35117;36109;+;369.3	62;42782;44155;+;376.8	55;39826;40569;+;233.9	46;31481;34108;+;304.0	63;44152;46977;+;389.2	42;28145;29572;+;94.3	46;31481;34108;+;99.0	40;26864;27430;+;183.8	52;37106;37744;+;68.6	53;37741;39549;+;267.5	67;49219;51417;+;391.7	45;30450;30965;+;78.0	67;49219;51417;+;70.3	A	9/9	contiguous	22355	1	1	46974..47483+;169;unnamed;0
NZ_AP027441.1	MPF_T	IncX1	63	0	0	GA	1	37;34337;34984;-;45.2	36;34063;34359;-;77.5	35;31291;34044;-;46.6	35;31291;34044;-;148.0	35;31291;34044;-;75.3	34;30531;31280;-;67.5	32;29159;30220;-;135.0		31;28201;28914;-;120.0	30;27267;28196;-;133.8	29;26065;27270;-;132.5	28;25032;26063;-;79.0	27;23194;25029;-;486.8		pfam	pfam_only	A	7/7	canonical	1	1	unscoreable	1	0	0														not_admitted	not_admitted	not_admitted	not_admitted	not_admitted	not_admitted	not_admitted
NZ_AP027443.1	MPF_T	IncI2	77	0	0	GA	1	27;21572;22054;+;81.1		12;5692;5976;+;36.6	13;5982;8339;+;58.5	13;5982;8339;+;42.8		76;59330;60325;+;128.5		15;8505;9239;+;144.3	16;9236;10006;+;170.5	17;9996;11135;+;154.7	24;18266;19804;+;207.1	19;12225;14183;+;289.6		none	none	A	7/7	canonical	0	0	unscoreable	8	1	0														not_admitted	not_admitted	not_admitted	not_admitted	not_admitted	not_admitted	not_admitted
NZ_AP027444.1	MPF_F	IncFIB(AP001918);IncFIC(FII)	109	0	0	GA	0															not_admitted	not_admitted	not_admitted	not_admitted	not_admitted	not_admitted	not_admitted	not_admitted	not_admitted	not_admitted	1	80;68166;69158;+;369.3	89;74196;75569;+;381.0	84;71863;72606;+;233.3	77;64530;67157;+;305.4	90;75566;78388;+;385.5	71;61048;62475;+;94.5	77;64530;67157;+;98.5	69;59767;60333;+;183.4	81;69167;69805;+;68.7	82;69802;71610;+;267.8	93;79922;82075;+;391.8	75;63499;64014;+;76.7	93;79922;82075;+;70.4	A	9/9	contiguous	20155	1	1	78409..78906+;165;TraS;1
NZ_AP027484.1	MPF_T	IncFIB(K)	116	0	0	GA	1	95;91316;91978;-;48.3	94;91006;91305;-;36.6	93;88246;90996;-;61.8	93;88246;90996;-;134.0	93;88246;90996;-;47.2	92;87511;88227;-;137.0	90;86190;87197;-;137.8		88;85294;85980;-;158.2	87;84408;85301;-;147.4	86;83215;84411;-;131.8	85;82162;83211;-;71.5	78;75517;77424;-;24.4		pfam	pfam_only	A	7/7	canonical	1	1	unscoreable	8	0	0														not_admitted	not_admitted	not_admitted	not_admitted	not_admitted	not_admitted	not_admitted
NZ_AP027486.1	MPF_T	IncI2	78	0	0	GA	1	74;58465;58947;-;81.1		9;11716;12000;-;36.6	8;9353;11710;-;58.5	8;9353;11710;-;42.8	21;18139;18783;-;41.3	22;18789;19784;-;124.0		6;8453;9187;-;143.5	5;7686;8456;-;170.5	4;6557;7696;-;154.7	77;60715;62253;-;207.1	2;3509;5467;-;285.8		pfam	pfam_only	A	7/7	rearranged	1	0	unscoreable	13	0	0														not_admitted	not_admitted	not_admitted	not_admitted	not_admitted	not_admitted	not_admitted
NZ_AP027488.1	MPF_F	IncFIA(HI1);IncHI1A;IncHI1B(R27)	215	0	0	GA	0															not_admitted	not_admitted	not_admitted	not_admitted	not_admitted	not_admitted	not_admitted	not_admitted	not_admitted	not_admitted	1	161;136561;137613;-;277.6	50;37709;39124;+;201.7	49;36673;37719;+;171.3	179;157672;160353;-;160.9	51;39133;43122;+;103.1	183;162701;164059;-;84.0	179;157672;160353;-;76.5	186;165726;166511;-;68.7	163;137758;139266;-;65.6	160;133362;136538;-;59.3	43;27654;29738;-;50.2	180;160362;161312;-;45.2	43;27654;29738;-;36.5	A	9/9	split_2	138072	0	1	
NZ_AP027489.1	MPF_F	IncFIB(AP001918);IncFIC(FII)	153	0	0	GA	0															not_admitted	not_admitted	not_admitted	not_admitted	not_admitted	not_admitted	not_admitted	not_admitted	not_admitted	not_admitted	1	94;92018;93010;-;369.3	83;84959;86335;-;378.0	90;88546;89289;-;235.0	97;94019;96646;-;306.4	82;82140;84962;-;389.5	104;98805;100232;-;92.1	97;94019;96646;-;98.5	106;100947;101513;-;183.8	93;91371;92009;-;68.4	92;89566;91374;-;268.3	75;72815;74323;-;348.0	100;97162;97677;-;78.4	75;72815;74323;-;69.9	A	9/9	contiguous	28132	1	1	81627..82118-;163;TraS;0
NZ_AP027495.1	MPF_F	IncFIB(AP001918);IncFIC(FII)	96	0	0	GA	0															not_admitted	not_admitted	not_admitted	not_admitted	not_admitted	not_admitted	not_admitted	not_admitted	not_admitted	not_admitted	1	57;58395;59387;-;369.7	45;49529;50902;-;378.1	50;52478;53221;-;234.1	60;60396;63023;-;306.8	44;46707;49532;-;389.2	67;65163;66590;-;94.0	60;60396;63023;-;100.0	69;67305;67871;-;175.5	56;57847;58386;-;52.7	52;53498;55306;-;267.6	41;43044;45203;-;389.2	63;63539;64054;-;76.3	41;43044;45203;-;70.4	A	9/9	contiguous	24261	1	1	46201..46710-;169;unnamed;0
NZ_AP027497.1	MPF_T	IncI2	75	0	0	GA	1	36;32049;32531;-;81.1		51;48127;48411;-;36.6	50;45764;48121;-;58.5	50;45764;48121;-;42.8	63;53864;54505;-;42.8	64;54511;55506;-;128.5		48;44864;45598;-;144.3	47;44097;44867;-;170.5	46;42968;44107;-;154.7	39;34299;35837;-;207.1	44;39920;41878;-;289.6		pfam	pfam_only	A	7/7	rearranged	1	0	unscoreable	17	1	0														not_admitted	not_admitted	not_admitted	not_admitted	not_admitted	not_admitted	not_admitted
NZ_AP027502.1	MPF_T	IncI2	87	0	0	GA	1	48;39366;39848;-;81.1		63;55444;55728;-;36.6	62;53081;55438;-;58.5	62;53081;55438;-;42.8	75;61181;61822;-;42.8	76;61828;62823;-;128.5		60;52181;52915;-;144.3	59;51414;52184;-;170.5	58;50285;51424;-;154.7	51;41616;43154;-;207.1	56;47237;49195;-;289.6		pfam	pfam_only	A	7/7	rearranged	1	0	unscoreable	17	1	0														not_admitted	not_admitted	not_admitted	not_admitted	not_admitted	not_admitted	not_admitted
NZ_AP027508.1	MPF_T	IncP1	69	0	0	GA	1		41;30104;30487;+;68.7	42;30490;30816;+;50.6	43;30813;33356;+;94.8	43;30813;33356;+;107.0	48;36832;37602;+;104.8	49;37793;39352;+;113.8		44;33353;34060;+;91.8	45;34076;34966;+;152.4	47;35425;36819;+;224.7	40;29034;29990;+;132.7	10;8719;10665;-;442.7		conjscan	conjscan_only	A	7/7	canonical	1	0	unscoreable	2	0	0														not_admitted	not_admitted	not_admitted	not_admitted	not_admitted	not_admitted	not_admitted
NZ_AP027514.1	MPF_T	IncX4	52	0	0	GA	1	21;17264;17884;-;41.6	20;16924;17250;-;64.4	19;14158;16905;-;63.8	19;14158;16905;-;151.8	19;14158;16905;-;46.1	18;13430;14146;-;94.2	17;12324;13418;-;150.1		15;11123;11809;-;169.0	14;10218;11126;-;142.4	13;9107;10225;-;163.9	12;8077;9105;-;85.0	11;6228;8045;-;316.5		pfam	pfam_only	A	7/7	canonical	1	1	unscoreable	1	0	0														not_admitted	not_admitted	not_admitted	not_admitted	not_admitted	not_admitted	not_admitted
NZ_AP027517.1	MPF_T	IncP1	68	0	0	GA	1		22;15931;16314;-;68.7	21;15602;15928;-;50.6	20;13062;15605;-;94.8	20;13062;15605;-;107.0	15;8816;9586;-;104.8	14;7066;8625;-;113.8		19;12358;13065;-;91.8	18;11452;12342;-;152.4	16;9599;10993;-;224.7	23;16428;17384;-;132.7	53;35752;37698;+;442.7		conjscan	conjscan_only	A	7/7	canonical	1	0	unscoreable	2	0	0														not_admitted	not_admitted	not_admitted	not_admitted	not_admitted	not_admitted	not_admitted
NZ_AP027521.1	MPF_T	IncI2(Delta)	81	0	0	GA	1	40;33625;34107;-;81.1		55;49703;49987;-;36.5	54;47340;49697;-;61.1	54;47340;49697;-;44.0	67;56124;56768;-;41.0	68;56774;57769;-;123.7		52;46440;47174;-;144.3	51;45673;46443;-;170.5	50;44544;45683;-;154.7	43;35875;37413;-;207.1	48;41496;43454;-;289.6		pfam	pfam_only	A	7/7	rearranged	1	0	unscoreable	17	0	0														not_admitted	not_admitted	not_admitted	not_admitted	not_admitted	not_admitted	not_admitted
NZ_AP027524.1	MPF_T	IncN	61	0	0	GA	1	27;21747;22481;+;32.5	29;22781;23074;+;28.7	30;23124;23441;+;63.3	31;23441;26041;+;111.8	31;23441;26041;+;76.8	32;26059;26772;+;97.1	34;27023;28063;+;153.6		35;28282;28980;+;131.9	36;28991;29875;+;159.0	37;29875;31035;+;154.9	38;31077;32072;+;81.2	42;36641;38170;-;38.5		pfam	both	A	7/7	canonical	1	0	unscoreable	5	0	0														not_admitted	not_admitted	not_admitted	not_admitted	not_admitted	not_admitted	not_admitted
NZ_AP027533.1	MPF_F	IncFII(29)	94	0	0	GA	0															not_admitted	not_admitted	not_admitted	not_admitted	not_admitted	not_admitted	not_admitted	not_admitted	not_admitted	not_admitted	1	72;62796;63788;+;369.3	81;68850;70223;+;381.0	76;66517;67260;+;233.3	69;59157;61787;+;303.5	82;70220;73045;+;389.2	63;54707;56134;+;94.7	69;59157;61787;+;98.5	61;53426;53992;+;183.8	73;63797;64435;+;64.0	74;64432;66240;+;268.0	85;74548;76779;+;389.1	66;57018;57533;+;76.4	85;74548;76779;+;70.3	A	9/9	contiguous	21122	1	1	73042..73551+;169;unnamed;0
NZ_AP027534.1	MPF_T	IncI2	75	0	0	GA	1	36;32218;32700;-;81.1		51;48296;48580;-;36.6	50;45933;48290;-;58.5	50;45933;48290;-;44.9	63;54717;55361;-;41.2	64;55367;56362;-;123.7		48;45033;45767;-;144.3	47;44266;45036;-;170.5	46;43137;44276;-;154.7	39;34468;36006;-;207.1	44;40089;42047;-;289.6		pfam	pfam_only	A	7/7	rearranged	1	0	unscoreable	17	0	0														not_admitted	not_admitted	not_admitted	not_admitted	not_admitted	not_admitted	not_admitted
NZ_AP027539.1	MPF_T	IncI2	76	0	0	GA	1	37;32202;32684;-;81.1		52;48280;48564;-;36.6	51;45917;48274;-;58.5	51;45917;48274;-;44.9	64;54701;55345;-;41.2	65;55351;56346;-;123.7		49;45017;45751;-;144.3	48;44250;45020;-;170.5	47;43121;44260;-;154.7	40;34452;35990;-;207.1	45;40073;42031;-;289.6		pfam	pfam_only	A	7/7	rearranged	1	0	unscoreable	17	0	0														not_admitted	not_admitted	not_admitted	not_admitted	not_admitted	not_admitted	not_admitted
NZ_AP027546.1	MPF_F	IncFII(29)	93	0	0	GA	0															not_admitted	not_admitted	not_admitted	not_admitted	not_admitted	not_admitted	not_admitted	not_admitted	not_admitted	not_admitted	1	70;57596;58588;+;369.3	80;64311;65684;+;381.0	76;62347;63090;+;233.3	67;53957;56587;+;303.8	81;65681;68503;+;389.2	60;49509;50936;+;94.3	67;53957;56587;+;99.2	58;48228;48794;+;184.4	73;59585;60223;+;67.5	74;60220;62070;+;265.1	84;70036;72252;+;391.7	63;51820;52335;+;78.1	84;70036;72252;+;70.3	A	9/9	contiguous	21808	1	1	68524..69021+;165;TraS;0
NZ_AP027547.1	MPF_T	IncI2	74	0	0	GA	1	36;32166;32648;-;81.1		51;48266;48550;-;36.5	50;45903;48260;-;58.5	50;45903;48260;-;44.9	60;53206;53853;-;41.6	61;53859;54845;-;122.2		48;45003;45737;-;144.3	47;44236;45006;-;170.5	46;43107;44246;-;154.7	39;34416;35954;-;207.1	44;40043;42001;-;287.0		pfam	pfam_only	A	7/7	rearranged	1	0	unscoreable	14	0	0														not_admitted	not_admitted	not_admitted	not_admitted	not_admitted	not_admitted	not_admitted
NZ_AP027552.1	MPF_T	IncP1	84	0	0	GA	1		44;33782;34165;+;68.7	45;34168;34494;+;50.6	46;34491;37034;+;94.8	46;34491;37034;+;107.0	51;40510;41280;+;104.8	52;41471;43030;+;113.8		47;37031;37738;+;91.8	48;37754;38644;+;152.4	50;39103;40497;+;224.7	43;32712;33668;+;132.7	13;12398;14344;-;442.7		conjscan	conjscan_only	A	7/7	canonical	1	0	unscoreable	2	0	0														not_admitted	not_admitted	not_admitted	not_admitted	not_admitted	not_admitted	not_admitted
NZ_AP027556.1	MPF_F	IncFII(pCoo)	84	0	0	GA	0															not_admitted	not_admitted	not_admitted	not_admitted	not_admitted	not_admitted	not_admitted	not_admitted	not_admitted	not_admitted	1	59;43923;44915;+;369.5	71;50969;52342;+;381.7	64;48021;48764;+;234.4	56;40284;42914;+;297.8	72;52339;55185;+;384.1	48;35433;36884;+;93.4	56;40284;42914;+;100.2	46;34152;34718;+;174.3	61;45259;45897;+;68.6	62;45894;47744;+;266.9	76;57427;59661;+;391.7	51;37744;38259;+;82.8	76;57427;59661;+;70.3	A	9/9	contiguous	23275	1	1	55182..55691+;169;unnamed;0
NZ_AP027557.1	MPF_T	IncI2(Delta)	80	0	0	GA	1	39;33570;34052;-;81.1		54;49648;49932;-;36.5	53;47285;49642;-;61.1	53;47285;49642;-;44.0	66;56069;56713;-;41.0	67;56719;57714;-;123.7		51;46385;47119;-;144.3	50;45618;46388;-;170.5	49;44489;45628;-;154.7	42;35820;37358;-;207.1	47;41441;43399;-;289.6		pfam	pfam_only	A	7/7	rearranged	1	0	unscoreable	17	0	0														not_admitted	not_admitted	not_admitted	not_admitted	not_admitted	not_admitted	not_admitted
NZ_AP027558.1	MPF_T	-	44	0	0	GA	1	17;13956;14576;-;41.6	16;13616;13942;-;64.4	15;10850;13597;-;62.7	15;10850;13597;-;151.8	15;10850;13597;-;46.1	14;10122;10838;-;94.0	13;9016;10110;-;150.1		11;7815;8501;-;169.5	10;6910;7818;-;142.6	9;5799;6917;-;163.3	8;4769;5797;-;85.0	7;2920;4737;-;313.0		pfam	pfam_only	A	7/7	canonical	1	1	unscoreable	1	0	0														not_admitted	not_admitted	not_admitted	not_admitted	not_admitted	not_admitted	not_admitted
NZ_AP027564.1	MPF_F	Col156;IncFIB(AP001918);IncFII;IncFII(29)	247	0	0	GA	0															not_admitted	not_admitted	not_admitted	not_admitted	not_admitted	not_admitted	not_admitted	not_admitted	not_admitted	not_admitted	1	111;88119;89111;+;369.5	122;94846;96219;+;382.9	116;92175;92918;+;234.4	193;163501;166131;-;304.0	177;151254;154076;-;388.5	102;80903;82330;+;93.9	108;84483;87110;+;101.1	202;171404;171970;-;183.1	113;89455;90093;+;70.7	187;158671;160521;-;271.9	173;146721;148982;-;391.1	106;83452;83967;+;76.0	173;146721;148982;-;70.3	A	9/9	split_2	90501	1	1	150753..151232-;159;unnamed;0
NZ_AP027565.1	MPF_T	IncI2(Delta)	81	0	0	GA	1	40;33635;34117;-;81.1		55;49713;49997;-;36.5	54;47350;49707;-;61.1	54;47350;49707;-;44.0	67;56134;56778;-;41.0	68;56784;57779;-;123.7		52;46450;47184;-;144.3	51;45683;46453;-;170.5	50;44554;45693;-;154.7	43;35885;37423;-;207.1	48;41506;43464;-;289.6		pfam	pfam_only	A	7/7	rearranged	1	0	unscoreable	17	0	0														not_admitted	not_admitted	not_admitted	not_admitted	not_admitted	not_admitted	not_admitted
NZ_AP027566.1	MPF_T	-	44	0	0	GA	1	17;13956;14576;-;41.6	16;13616;13942;-;64.4	15;10850;13597;-;62.7	15;10850;13597;-;151.8	15;10850;13597;-;46.1	14;10122;10838;-;94.0	13;9016;10110;-;150.1		11;7815;8501;-;169.5	10;6910;7818;-;142.6	9;5799;6917;-;163.3	8;4769;5797;-;85.0	7;2920;4737;-;313.0		pfam	pfam_only	A	7/7	canonical	1	1	unscoreable	1	0	0														not_admitted	not_admitted	not_admitted	not_admitted	not_admitted	not_admitted	not_admitted
NZ_AP027571.1	MPF_F	IncFIA;IncFIB(AP001918);IncFIC(FII)	169	0	0	GA	0															not_admitted	not_admitted	not_admitted	not_admitted	not_admitted	not_admitted	not_admitted	not_admitted	not_admitted	not_admitted	1	97;108088;109080;-;369.3	86;101029;102402;-;378.0	93;104616;105359;-;234.5	100;110089;112716;-;305.4	85;98210;101032;-;389.5	106;114771;116198;-;94.3	100;110089;112716;-;98.5	108;116913;117479;-;182.9	96;107441;108079;-;68.4	95;105636;107444;-;268.4	82;94528;96681;-;391.9	102;113232;113747;-;78.4	82;94528;96681;-;70.4	A	9/9	contiguous	22385	1	1	97697..98188-;163;TraS;0
NZ_AP027573.1	MPF_T	IncI2	74	0	0	GA	1	36;32166;32648;-;81.1		51;48268;48552;-;36.5	50;45905;48262;-;58.5	50;45905;48262;-;44.9	60;53208;53855;-;41.6	61;53861;54847;-;122.2		48;45005;45739;-;144.3	47;44238;45008;-;170.5	46;43109;44248;-;154.7	39;34416;35954;-;207.1	44;40037;41995;-;287.0		pfam	pfam_only	A	7/7	rearranged	1	0	unscoreable	14	0	0														not_admitted	not_admitted	not_admitted	not_admitted	not_admitted	not_admitted	not_admitted
NZ_AP027578.1	MPF_F	IncFIB(AP001918);IncFII	115	0	0	GA	0															not_admitted	not_admitted	not_admitted	not_admitted	not_admitted	not_admitted	not_admitted	not_admitted	not_admitted	not_admitted	1	56;56206;57198;-;369.3	47;49771;51144;-;381.0	52;52734;53477;-;233.3	59;58207;60834;-;306.4	46;46949;49774;-;389.2	65;62889;64316;-;94.3	59;58207;60834;-;98.5	67;65031;65597;-;183.8	55;55559;56197;-;68.7	54;53754;55562;-;268.0	43;43247;45445;-;391.7	61;61350;61865;-;77.7	43;43247;45445;-;70.3	A	9/9	contiguous	21784	1	1	46443..46952-;169;unnamed;0
NZ_AP027579.1	MPF_F	IncFII(pHN7A8);IncN	102	0	0	GA	0															not_admitted	not_admitted	not_admitted	not_admitted	not_admitted	not_admitted	not_admitted	not_admitted	not_admitted	not_admitted	1	75;63107;64099;+;369.5	88;70932;72305;+;376.8	83;68623;69366;+;234.4	72;59471;62098;+;301.8	89;72302;75118;+;376.7	67;55989;57416;+;94.1	72;59471;62098;+;101.8	65;54708;55274;+;183.8	78;65045;65683;+;70.4	81;66496;68346;+;265.0	93;77419;79698;+;391.6	71;58440;58955;+;78.0	93;77419;79698;+;70.3	A	9/9	contiguous	22711	1	1	75151..75672+;173;unnamed;0
NZ_AP027580.1	MPF_T	IncI2(Delta)	81	0	0	GA	1	42;36066;36548;-;81.1		56;52134;52418;-;36.5	55;49771;52128;-;58.4	55;49771;52128;-;44.3	68;58569;59213;-;41.0	69;59219;60214;-;123.7		54;48875;49609;-;144.3	53;48108;48878;-;170.5	52;46979;48118;-;154.7	45;38316;39854;-;207.1	50;43931;45889;-;287.0		pfam	pfam_only	A	7/7	rearranged	1	0	unscoreable	16	0	0														not_admitted	not_admitted	not_admitted	not_admitted	not_admitted	not_admitted	not_admitted
NZ_AP027581.1	MPF_T	IncX4	43	0	0	GA	1	14;12496;13116;-;41.6	13;12156;12482;-;64.4	12;9390;12137;-;63.8	12;9390;12137;-;151.8	12;9390;12137;-;46.1	11;8662;9378;-;94.2	10;7556;8650;-;150.1		8;6355;7041;-;169.0	7;5450;6358;-;142.4	6;4339;5457;-;163.9	5;3309;4337;-;85.0	4;1460;3277;-;316.5		pfam	pfam_only	A	7/7	canonical	1	1	unscoreable	1	0	0														not_admitted	not_admitted	not_admitted	not_admitted	not_admitted	not_admitted	not_admitted
NZ_AP027590.1	MPF_F	IncFII(29)	104	0	0	GA	0															not_admitted	not_admitted	not_admitted	not_admitted	not_admitted	not_admitted	not_admitted	not_admitted	not_admitted	not_admitted	1	82;70991;71983;+;369.3	91;77045;78418;+;377.9	86;74712;75455;+;233.3	79;67352;69982;+;303.5	92;78415;81240;+;389.2	73;62902;64329;+;94.7	79;67352;69982;+;98.5	71;61621;62187;+;183.8	83;71992;72630;+;64.0	84;72627;74435;+;268.0	95;82743;84992;+;389.1	76;65213;65728;+;76.4	95;82743;84992;+;70.3	A	9/9	contiguous	21122	1	1	81237..81746+;169;unnamed;0
NZ_AP027591.1	MPF_T	IncX1	60	0	0	GA	1	16;8863;9507;+;47.1	17;9491;9781;+;73.5	18;9805;12564;+;44.8	18;9805;12564;+;133.3	18;9805;12564;+;71.9	19;12566;13303;+;57.5	21;13585;14640;+;131.7		22;14830;15552;+;116.0	23;15558;16487;+;132.4	24;16484;17698;+;128.6	25;17716;18753;+;66.4	26;18758;20593;+;543.4		pfam	pfam_only	A	7/7	canonical	1	1	unscoreable	1	0	0														not_admitted	not_admitted	not_admitted	not_admitted	not_admitted	not_admitted	not_admitted
NZ_AP027596.1	MPF_F	IncFII(29)	104	0	0	GA	0															not_admitted	not_admitted	not_admitted	not_admitted	not_admitted	not_admitted	not_admitted	not_admitted	not_admitted	not_admitted	1	82;71001;71993;+;369.3	91;77055;78428;+;377.9	86;74722;75465;+;233.3	79;67362;69992;+;303.5	92;78425;81250;+;389.2	73;62912;64339;+;94.7	79;67362;69992;+;98.5	71;61631;62197;+;183.8	83;72002;72640;+;64.0	84;72637;74445;+;268.0	95;82753;85002;+;389.1	76;65223;65738;+;76.4	95;82753;85002;+;70.3	A	9/9	contiguous	21122	1	1	81247..81756+;169;unnamed;0
NZ_AP027597.1	MPF_F	IncFIB(AP001918);IncFII(29)	96	0	0	GA	0															not_admitted	not_admitted	not_admitted	not_admitted	not_admitted	not_admitted	not_admitted	not_admitted	not_admitted	not_admitted	1	48;51458;52450;-;368.6	37;44400;45773;-;378.0	44;47986;48729;-;235.0	51;53459;56086;-;306.8	36;41581;44403;-;388.4	58;58141;59568;-;94.3	51;53459;56086;-;98.5	60;60283;60849;-;183.8	47;50811;51449;-;67.3	46;49006;50814;-;268.4	33;37864;40053;-;391.8	54;56602;57117;-;77.3	33;37864;40053;-;70.3	A	9/9	contiguous	22419	1	1	41068..41559-;163;TraS;0
NZ_AP027601.1	MPF_F	IncFIA;IncFIB(AP001918);IncFIC(FII)	113	0	0	GA	0															not_admitted	not_admitted	not_admitted	not_admitted	not_admitted	not_admitted	not_admitted	not_admitted	not_admitted	not_admitted	1	56;58500;59492;-;369.3	47;52065;53438;-;381.0	52;55028;55771;-;233.3	59;60501;63128;-;303.5	46;49243;52068;-;389.2	63;65040;66467;-;94.3	59;60501;63128;-;98.5	65;67182;67748;-;183.8	55;57853;58491;-;64.0	54;56048;57856;-;268.0	39;40803;42989;-;389.2	60;63644;64159;-;78.0	39;40803;42989;-;70.3	A	9/9	contiguous	26379	1	1	48737..49246-;169;unnamed;0
NZ_AP027603.1	MPF_F	IncFII(29)	93	0	0	GA	0															not_admitted	not_admitted	not_admitted	not_admitted	not_admitted	not_admitted	not_admitted	not_admitted	not_admitted	not_admitted	1	70;57596;58588;+;369.3	80;64311;65684;+;381.0	76;62347;63090;+;233.3	67;53957;56587;+;303.8	81;65681;68503;+;389.2	60;49509;50936;+;94.3	67;53957;56587;+;99.2	58;48228;48794;+;184.4	73;59585;60223;+;67.5	74;60220;62070;+;265.1	84;70036;72252;+;391.7	63;51820;52335;+;78.1	84;70036;72252;+;70.3	A	9/9	contiguous	21808	1	1	68524..69021+;165;TraS;0
NZ_AP027613.1	MPF_T	IncI2(Delta)	79	0	0	GA	1	40;34333;34815;-;81.1		54;50401;50685;-;36.5	53;48038;50395;-;58.4	53;48038;50395;-;44.3	66;56836;57480;-;41.0	67;57486;58481;-;123.7		52;47142;47876;-;144.3	51;46375;47145;-;170.5	50;45246;46385;-;154.7	43;36583;38121;-;207.1	48;42198;44156;-;287.0		pfam	pfam_only	A	7/7	rearranged	1	0	unscoreable	16	0	0														not_admitted	not_admitted	not_admitted	not_admitted	not_admitted	not_admitted	not_admitted
NZ_AP027621.1	MPF_T	IncN	63	0	0	GA	1	29;22852;23586;+;32.5	31;23886;24179;+;28.7	32;24229;24546;+;63.3	33;24546;27146;+;111.8	33;24546;27146;+;76.8	34;27164;27877;+;97.1	36;28128;29168;+;153.6		37;29387;30085;+;131.9	38;30096;30980;+;159.0	39;30980;32140;+;154.9	40;32182;33177;+;81.2	44;37746;39275;-;38.5		pfam	both	A	7/7	canonical	1	0	unscoreable	5	0	0														not_admitted	not_admitted	not_admitted	not_admitted	not_admitted	not_admitted	not_admitted
NZ_AP027624.1	MPF_T	IncI2	73	0	0	GA	1	1;1693;2175;-;81.1		16;17771;18055;-;36.6	15;15408;17765;-;58.5	15;15408;17765;-;44.9	28;24192;24836;-;41.2	29;24842;25837;-;123.7		13;14508;15242;-;144.3	12;13741;14511;-;170.5	11;12612;13751;-;154.7	4;3943;5481;-;207.1	9;9564;11522;-;289.6		pfam	pfam_only	A	7/7	rearranged	1	0	unscoreable	17	0	0														not_admitted	not_admitted	not_admitted	not_admitted	not_admitted	not_admitted	not_admitted
NZ_AP027627.1	MPF_F	IncHI1A;IncHI1B(R27)	240	0	0	GA	0															not_admitted	not_admitted	not_admitted	not_admitted	not_admitted	not_admitted	not_admitted	not_admitted	not_admitted	not_admitted	1	15;14855;15907;+;277.6	148;130547;131962;-;201.7	149;131952;132998;-;171.3	239;205976;208657;+;160.9	147;126549;130538;-;103.1	235;202270;203628;+;84.0	239;205976;208657;+;76.5	232;199818;200603;+;68.7	13;13202;14710;+;65.6	16;15930;19106;+;58.9	155;139933;142017;+;50.2	238;205017;205967;+;45.2	155;139933;142017;+;36.5	A	9/9	split_3	192774	0	1	
NZ_AP027633.1	MPF_F	IncFIA(HI1);IncHI1A;IncHI1B(R27)	226	0	0	GA	0															not_admitted	not_admitted	not_admitted	not_admitted	not_admitted	not_admitted	not_admitted	not_admitted	not_admitted	not_admitted	1	15;14855;15907;+;277.6	133;116734;118149;-;201.7	134;118139;119185;-;171.3	224;192118;194799;+;160.9	132;112736;116725;-;103.1	220;188412;189770;+;84.0	224;192118;194799;+;76.5	217;185960;186745;+;68.7	13;13202;14710;+;65.6	16;15930;19106;+;58.9	141;126076;128160;+;50.2	223;191159;192109;+;45.2	141;126076;128160;+;36.5	A	9/9	split_3	178916	0	1	
NZ_AP027636.1	MPF_T	IncI2	77	0	0	GA	1	38;32049;32531;-;81.1		53;48127;48411;-;36.6	52;45764;48121;-;58.5	52;45764;48121;-;42.8	65;53864;54505;-;42.8	66;54511;55506;-;128.5		50;44864;45598;-;144.3	49;44097;44867;-;170.5	48;42968;44107;-;154.7	41;34299;35837;-;207.1	46;39920;41878;-;289.6		pfam	pfam_only	A	7/7	rearranged	1	0	unscoreable	17	1	0														not_admitted	not_admitted	not_admitted	not_admitted	not_admitted	not_admitted	not_admitted
NZ_AP027638.1	MPF_F	IncFIA(HI1);IncHI1A;IncHI1B(R27)	261	0	0	GA	0															not_admitted	not_admitted	not_admitted	not_admitted	not_admitted	not_admitted	not_admitted	not_admitted	not_admitted	not_admitted	1	15;14856;15908;+;277.6	164;151904;153319;-;201.7	165;153309;154355;-;171.3	260;231243;233924;+;160.9	163;147906;151895;-;103.1	256;227537;228895;+;84.0	260;231243;233924;+;76.5	253;225085;225870;+;68.7	13;13203;14711;+;65.6	16;15931;19107;+;58.9	171;161289;163373;+;50.2	259;230284;231234;+;45.2	171;161289;163373;+;36.4	A	9/9	split_3	218040	0	1	
NZ_AP027640.1	MPF_F	IncFIA(HI1);IncHI1A;IncHI1B(R27);p0111	308	0	0	GA	0															not_admitted	not_admitted	not_admitted	not_admitted	not_admitted	not_admitted	not_admitted	not_admitted	not_admitted	not_admitted	1	149;130982;132034;-;277.6	257;228788;230203;+;201.7	256;227752;228798;+;171.3	167;152093;154774;-;160.9	258;230212;234201;+;103.1	171;157122;158480;-;84.0	167;152093;154774;-;76.5	174;160147;160932;-;68.7	151;132179;133687;-;65.6	148;127783;130959;-;58.9	250;218733;220817;-;48.6	168;154783;155733;-;45.2	250;218733;220817;-;36.5	A	9/9	split_2	102429	0	1	
NZ_AP027641.1	MPF_T	IncX1	81	0	0	GA	1	52;38127;38771;+;47.1	53;38755;39045;+;73.5	54;39069;41828;+;44.8	54;39069;41828;+;133.3	54;39069;41828;+;71.9	55;41830;42567;+;57.5	57;42849;43904;+;131.7		58;44094;44816;+;116.0	59;44822;45751;+;132.4	60;45748;46962;+;128.6	61;46980;48017;+;66.3	62;48022;49857;+;543.4		pfam	pfam_only	A	7/7	canonical	1	1	unscoreable	1	0	0														not_admitted	not_admitted	not_admitted	not_admitted	not_admitted	not_admitted	not_admitted
NZ_AP027644.1	MPF_T	IncI2	73	0	0	GA	1	71;57531;58013;+;81.1		56;41651;41935;+;36.6	57;41941;44298;+;58.5	57;41941;44298;+;44.9	44;34870;35514;+;41.2	43;33869;34864;+;123.7		59;44464;45198;+;144.3	60;45195;45965;+;170.5	61;45955;47094;+;154.7	68;54225;55763;+;207.1	63;48184;50142;+;289.6		pfam	pfam_only	A	7/7	rearranged	1	0	unscoreable	17	0	0														not_admitted	not_admitted	not_admitted	not_admitted	not_admitted	not_admitted	not_admitted
NZ_AP027649.1	MPF_F	IncFIA(HI1);IncHI1A;IncHI1B(R27)	238	0	0	GA	0															not_admitted	not_admitted	not_admitted	not_admitted	not_admitted	not_admitted	not_admitted	not_admitted	not_admitted	not_admitted	1	15;14855;15907;+;277.6	146;126002;127417;-;201.7	147;127407;128453;-;171.3	236;201430;204111;+;160.9	145;122004;125993;-;103.1	232;197724;199082;+;84.0	236;201430;204111;+;76.5	229;195272;196057;+;68.7	13;13202;14710;+;65.6	16;15930;19106;+;58.9	153;135388;137472;+;50.2	235;200471;201421;+;45.2	153;135388;137472;+;36.5	A	9/9	split_3	188228	0	1	
NZ_AP027653.1	MPF_F	IncFIB(AP001918);IncFIC(FII)	181	0	0	GA	0															not_admitted	not_admitted	not_admitted	not_admitted	not_admitted	not_admitted	not_admitted	not_admitted	not_admitted	not_admitted	1	119;116965;117957;-;367.3	106;107276;108649;-;380.9	115;113493;114236;-;234.1	122;118966;121593;-;305.4	105;104454;107279;-;387.0	129;123648;125075;-;94.4	122;118966;121593;-;99.1	131;125790;126356;-;183.8	118;116318;116956;-;67.3	117;114513;116321;-;268.3	102;100797;102950;-;391.5	125;122109;122624;-;77.3	102;100797;102950;-;70.4	A	9/9	contiguous	24993	1	1	103984..104457-;157;unnamed;0
NZ_AP027655.1	MPF_T	IncI2	75	0	0	GA	1	36;31179;31661;-;81.1		51;47257;47541;-;36.6	50;44894;47251;-;58.5	50;44894;47251;-;44.9	63;53678;54322;-;41.2	64;54328;55323;-;123.7		48;43994;44728;-;144.3	47;43227;43997;-;170.5	46;42098;43237;-;154.7	39;33429;34967;-;207.1	44;39050;41008;-;289.6		pfam	pfam_only	A	7/7	rearranged	1	0	unscoreable	17	0	0														not_admitted	not_admitted	not_admitted	not_admitted	not_admitted	not_admitted	not_admitted
NZ_AP027668.1	MPF_T	IncI2	76	0	0	GA	1	37;32204;32686;-;81.1		52;48282;48566;-;36.6	51;45919;48276;-;58.5	51;45919;48276;-;44.9	64;54703;55347;-;41.2	65;55353;56348;-;123.7		49;45019;45753;-;144.3	48;44252;45022;-;170.5	47;43123;44262;-;154.7	40;34454;35992;-;207.1	45;40075;42033;-;289.6		pfam	pfam_only	A	7/7	rearranged	1	0	unscoreable	17	0	0														not_admitted	not_admitted	not_admitted	not_admitted	not_admitted	not_admitted	not_admitted
NZ_AP027669.1	MPF_T	IncP1	63	0	0	GA	1		28;19877;20260;+;68.7	29;20263;20589;+;50.6	30;20586;23129;+;96.2	30;20586;23129;+;107.0	35;26605;27375;+;104.8	36;27566;29125;+;113.8		31;23126;23833;+;91.8	32;23849;24739;+;152.4	34;25198;26592;+;224.7	27;18807;19763;+;135.2	62;44828;45532;-;168.8		conjscan	conjscan_only	A	7/7	canonical	1	0	unscoreable	2	0	0														not_admitted	not_admitted	not_admitted	not_admitted	not_admitted	not_admitted	not_admitted
NZ_AP027674.1	MPF_F	IncFIB(AP001918);IncFIC(FII)	206	0	0	GA	0															not_admitted	not_admitted	not_admitted	not_admitted	not_admitted	not_admitted	not_admitted	not_admitted	not_admitted	not_admitted	1	136;129390;130382;-;369.3	125;122371;123744;-;380.9	132;125918;126661;-;235.0	139;131391;134018;-;303.8	124;119549;122374;-;385.2	144;136073;137500;-;94.3	139;131391;134018;-;99.2	146;138215;138781;-;184.4	135;128743;129381;-;68.4	134;126938;128746;-;268.0	121;115892;118045;-;391.9	140;134534;135049;-;78.0	121;115892;118045;-;70.4	A	9/9	contiguous	22323	1	1	119043..119552-;169;unnamed;0
NZ_AP027675.1	MPF_T	IncI2(Delta)	73	0	0	GA	1	37;32911;33393;-;81.1		52;49000;49284;-;36.6	51;46637;48994;-;58.5	51;46637;48994;-;44.9	61;54096;54740;-;41.0	62;54746;55741;-;123.9		49;45737;46471;-;144.3	48;44970;45740;-;170.5	47;43841;44980;-;154.7	40;35172;36710;-;207.1	45;40793;42751;-;289.6		pfam	pfam_only	A	7/7	rearranged	1	0	unscoreable	14	0	0														not_admitted	not_admitted	not_admitted	not_admitted	not_admitted	not_admitted	not_admitted
NZ_AP027677.1	MPF_F	IncFIA(HI1);IncHI1A;IncHI1B(R27)	261	0	0	GA	0															not_admitted	not_admitted	not_admitted	not_admitted	not_admitted	not_admitted	not_admitted	not_admitted	not_admitted	not_admitted	1	15;14856;15908;+;277.6	164;151904;153319;-;201.7	165;153309;154355;-;171.3	260;231243;233924;+;160.9	163;147906;151895;-;103.1	256;227537;228895;+;84.0	260;231243;233924;+;76.5	253;225085;225870;+;68.7	13;13203;14711;+;65.6	16;15931;19107;+;58.9	171;161289;163373;+;50.2	259;230284;231234;+;45.2	171;161289;163373;+;36.4	A	9/9	split_3	218040	0	1	
NZ_AP027680.1	MPF_F	IncHI2;IncHI2A	247	0	0	GA	0															not_admitted	not_admitted	not_admitted	not_admitted	not_admitted	not_admitted	not_admitted	not_admitted	not_admitted	not_admitted	1	27;32473;33531;+;276.9	164;149178;150593;-;194.1	165;150583;151629;-;174.3	11;8955;11636;+;168.0	163;145216;149169;-;101.6	7;5270;6625;+;80.7	11;8955;11636;+;72.2	4;2758;3546;+;74.8	25;30820;32331;+;62.0	28;33550;36738;+;57.3	172;158671;160755;+;56.8	10;7996;8946;+;46.1	172;158671;160755;+;38.8	A	9/9	split_3	155913	1	1	143746..145035-;429;unnamed;0
NZ_AP027682.1	MPF_T	IncI2(Delta)	74	0	0	GA	1	38;32911;33393;-;81.1		53;49000;49284;-;36.6	52;46637;48994;-;58.5	52;46637;48994;-;44.9	62;54096;54740;-;41.0	63;54746;55741;-;123.9		50;45737;46471;-;144.3	49;44970;45740;-;170.5	48;43841;44980;-;154.7	41;35172;36710;-;207.1	46;40793;42751;-;289.6		pfam	pfam_only	A	7/7	rearranged	1	0	unscoreable	14	0	0														not_admitted	not_admitted	not_admitted	not_admitted	not_admitted	not_admitted	not_admitted
NZ_AP027687.1	MPF_F	IncFIB(AP001918);IncFII	137	0	0	GA	0															not_admitted	not_admitted	not_admitted	not_admitted	not_admitted	not_admitted	not_admitted	not_admitted	not_admitted	not_admitted	1	81;72764;73756;-;369.3	72;66329;67702;-;381.0	77;69292;70035;-;233.3	84;74765;77392;-;306.4	71;63507;66332;-;389.2	90;79447;80874;-;94.3	84;74765;77392;-;98.5	92;81589;82155;-;183.8	80;72117;72755;-;68.7	79;70312;72120;-;268.0	68;59814;62003;-;391.8	86;77908;78423;-;77.7	68;59814;62003;-;70.3	A	9/9	contiguous	21775	1	1	63001..63510-;169;unnamed;0
NZ_AP027689.1	MPF_T	IncN	63	0	0	GA	1	30;23107;23841;+;32.5	32;24141;24434;+;28.7	33;24484;24801;+;63.3	34;24801;27401;+;111.8	34;24801;27401;+;76.8	35;27419;28132;+;97.1	37;28383;29423;+;153.6		38;29642;30340;+;131.9	39;30351;31235;+;159.0	40;31235;32395;+;154.9	41;32437;33432;+;81.2	45;38001;39530;-;38.5		pfam	both	A	7/7	canonical	1	0	unscoreable	5	0	0														not_admitted	not_admitted	not_admitted	not_admitted	not_admitted	not_admitted	not_admitted
NZ_AP027695.1	MPF_F	IncFIA(HI1);IncHI1A;IncHI1B(R27)	238	0	0	GA	0															not_admitted	not_admitted	not_admitted	not_admitted	not_admitted	not_admitted	not_admitted	not_admitted	not_admitted	not_admitted	1	15;14855;15907;+;277.6	146;126002;127417;-;201.7	147;127407;128453;-;171.3	236;201431;204112;+;160.9	145;122004;125993;-;103.1	232;197725;199083;+;84.0	236;201431;204112;+;76.5	229;195273;196058;+;68.7	13;13202;14710;+;65.6	16;15930;19106;+;58.9	153;135388;137472;+;50.2	235;200472;201422;+;45.2	153;135388;137472;+;36.5	A	9/9	split_3	188229	0	1	
NZ_AP027699.1	MPF_T	IncI2(Delta)	74	0	0	GA	1	38;32911;33393;-;81.1		53;49000;49284;-;36.6	52;46637;48994;-;58.5	52;46637;48994;-;44.9	62;54096;54740;-;41.0	63;54746;55741;-;123.9		50;45737;46471;-;144.3	49;44970;45740;-;170.5	48;43841;44980;-;154.7	41;35172;36710;-;207.1	46;40793;42751;-;289.6		pfam	pfam_only	A	7/7	rearranged	1	0	unscoreable	14	0	0														not_admitted	not_admitted	not_admitted	not_admitted	not_admitted	not_admitted	not_admitted
NZ_AP027706.1	MPF_T	IncX1	112	0	0	GA	1	23;12826;13470;+;47.1	24;13454;13744;+;73.5	94;69599;69916;+;63.3	25;13768;16527;+;133.3	95;69916;71844;+;77.5	26;16529;17266;+;57.5	28;17548;18603;+;131.7		29;18793;19515;+;116.0	30;19521;20450;+;132.4	31;20447;21661;+;128.6	32;21679;22716;+;66.4	33;22721;24556;+;543.4		pfam	pfam_only	A	7/7	canonical	1	0	unscoreable	2	0	0														not_admitted	not_admitted	not_admitted	not_admitted	not_admitted	not_admitted	not_admitted
NZ_AP027711.1	MPF_T	IncI2(Delta)	73	0	0	GA	1	37;32911;33393;-;81.1		52;49000;49284;-;36.6	51;46637;48994;-;58.5	51;46637;48994;-;44.9	61;54096;54740;-;41.0	62;54746;55741;-;123.9		49;45737;46471;-;144.3	48;44970;45740;-;170.5	47;43841;44980;-;154.7	40;35172;36710;-;207.1	45;40793;42751;-;289.6		pfam	pfam_only	A	7/7	rearranged	1	0	unscoreable	14	0	0														not_admitted	not_admitted	not_admitted	not_admitted	not_admitted	not_admitted	not_admitted
NZ_AP027715.1	MPF_T	IncI2(Delta)	74	0	0	GA	1	38;32911;33393;-;81.1		53;49000;49284;-;36.6	52;46637;48994;-;58.5	52;46637;48994;-;44.9	62;54096;54740;-;41.0	63;54746;55741;-;123.9		50;45737;46471;-;144.3	49;44970;45740;-;170.5	48;43841;44980;-;154.7	41;35172;36710;-;207.1	46;40793;42751;-;289.6		pfam	pfam_only	A	7/7	rearranged	1	0	unscoreable	14	0	0														not_admitted	not_admitted	not_admitted	not_admitted	not_admitted	not_admitted	not_admitted
NZ_AP027750.1	MPF_T	IncX1	60	0	0	GA	1	12;11969;12613;-;47.1	11;11695;11985;-;73.5	10;8912;11671;-;44.8	10;8912;11671;-;133.3	10;8912;11671;-;71.9	9;8173;8910;-;57.5	7;6836;7891;-;131.7		6;5924;6646;-;116.0	5;4989;5918;-;132.4	4;3778;4992;-;128.6	3;2723;3760;-;66.4	2;883;2718;-;543.4		pfam	pfam_only	A	7/7	canonical	1	1	unscoreable	1	0	0														not_admitted	not_admitted	not_admitted	not_admitted	not_admitted	not_admitted	not_admitted
NZ_AP027760.1	MPF_F	IncHI2;IncHI2A;IncN	247	0	0	GA	0															not_admitted	not_admitted	not_admitted	not_admitted	not_admitted	not_admitted	not_admitted	not_admitted	not_admitted	not_admitted	1	27;31208;32266;+;276.9	164;157875;159290;-;194.1	165;159280;160326;-;174.3	11;8955;11636;+;168.0	163;153913;157866;-;101.6	7;5270;6625;+;80.7	11;8955;11636;+;72.2	4;2758;3546;+;74.8	25;29555;31066;+;62.0	28;32285;35473;+;57.3	172;167368;169452;+;56.8	10;7996;8946;+;46.1	172;167368;169452;+;38.8	A	9/9	split_3	164610	1	1	152443..153732-;429;unnamed;0
NZ_AP027765.1	MPF_F	IncFIB(AP001918);IncFIC(FII)	112	0	0	GA	0															not_admitted	not_admitted	not_admitted	not_admitted	not_admitted	not_admitted	not_admitted	not_admitted	not_admitted	not_admitted	1	50;51284;52276;-;369.3	39;44225;45598;-;380.9	46;47812;48555;-;235.0	53;53285;55912;-;304.8	38;41406;44228;-;387.0	60;58049;59476;-;94.2	53;53285;55912;-;98.3	62;60191;60757;-;182.9	49;50637;51275;-;68.4	48;48832;50640;-;268.3	35;37698;39878;-;391.5	56;56428;56943;-;77.2	35;37698;39878;-;69.2	A	9/9	contiguous	22493	1	1	40893..41384-;163;TraS;0
NZ_AP027766.1	MPF_T	IncFIB(K)	70	0	0	GA	1	40;40569;41231;+;48.3	41;41242;41541;+;36.6	42;41551;44301;+;60.6	42;41551;44301;+;134.0	42;41551;44301;+;48.6	43;44320;45036;+;137.0	45;45350;46357;+;137.8		47;46567;47253;+;158.3	48;47246;48139;+;147.4	49;48136;49332;+;134.7	50;49336;50385;+;71.5	57;55123;57030;+;24.3		pfam	pfam_only	A	7/7	canonical	1	1	unscoreable	8	0	0														not_admitted	not_admitted	not_admitted	not_admitted	not_admitted	not_admitted	not_admitted
NZ_AP027777.1	MPF_T	IncX4	40	0	0	GA	1	1;507;1127;+;41.6	2;1141;1467;+;64.4	3;1486;4233;+;63.8	3;1486;4233;+;151.8	3;1486;4233;+;46.1	4;4245;4961;+;94.2	5;4973;6067;+;150.1		7;6582;7268;+;169.0	8;7265;8173;+;142.4	9;8166;9284;+;163.9	10;9286;10314;+;85.0	11;10346;12163;+;314.8		pfam	pfam_only	A	7/7	canonical	1	1	unscoreable	1	0	0														not_admitted	not_admitted	not_admitted	not_admitted	not_admitted	not_admitted	not_admitted
NZ_AP027784.1	MPF_F	IncHI2;IncHI2A	319	0	0	GA	0															not_admitted	not_admitted	not_admitted	not_admitted	not_admitted	not_admitted	not_admitted	not_admitted	not_admitted	not_admitted	1	31;33896;34954;+;276.9	235;221636;223051;-;194.1	236;223041;224087;-;174.3	13;10305;12986;+;168.0	234;217674;221627;-;101.6	9;6620;7975;+;80.7	13;10305;12986;+;72.2	6;4108;4896;+;74.8	29;32243;33754;+;62.0	32;34973;38161;+;57.3	243;231129;233213;+;56.8	12;9346;10296;+;46.1	243;231129;233213;+;38.8	A	9/9	split_3	227021	1	1	216204..217493-;429;unnamed;0
NZ_AP027785.1	MPF_F	IncFIB(AP001918);IncFIC(FII)	137	0	0	GA	0															not_admitted	not_admitted	not_admitted	not_admitted	not_admitted	not_admitted	not_admitted	not_admitted	not_admitted	not_admitted	1	89;93421;94413;-;369.3	78;86362;87735;-;378.0	85;89949;90692;-;234.1	92;95422;98049;-;305.4	77;83543;86365;-;389.5	98;100104;101531;-;94.3	92;95422;98049;-;98.5	100;102246;102812;-;183.8	88;92774;93412;-;68.4	87;90969;92777;-;268.4	74;79861;82014;-;391.9	94;98565;99080;-;78.4	74;79861;82014;-;70.4	A	9/9	contiguous	22385	1	1	83030..83521-;163;TraS;0
NZ_AP027789.1	MPF_F	IncFIB(AP001918);IncFIC(FII)	113	0	0	GA	0															not_admitted	not_admitted	not_admitted	not_admitted	not_admitted	not_admitted	not_admitted	not_admitted	not_admitted	not_admitted	1		71;66462;68123;-;338.4		71;66462;68123;-;71.2	70;63979;66465;-;254.0	75;70035;70514;-;43.0					70;63979;66465;-;338.1	72;68639;69154;-;78.0	70;63979;66465;-;70.3	D	4/9	contiguous	6056	1	0	58709..63979-;1756;unnamed;0
NZ_AP027792.1	MPF_F	IncFIA;IncFIB(AP001918)	102	0	0	GA	0															not_admitted	not_admitted	not_admitted	not_admitted	not_admitted	not_admitted	not_admitted	not_admitted	not_admitted	not_admitted	1	30;28538;29530;-;369.3	19;21479;22852;-;378.0	26;25066;25809;-;234.5	33;30539;33166;-;305.4	18;18660;21482;-;389.5	39;35221;36648;-;94.3	33;30539;33166;-;98.5	41;37363;37929;-;182.9	29;27891;28529;-;68.4	28;26086;27894;-;268.4	15;15044;17131;-;392.0	35;33682;34197;-;78.4	15;15044;17131;-;70.4	A	9/9	contiguous	22319	1	1	18147..18638-;163;TraS;0
NZ_AP027794.1	MPF_T	IncI2	86	0	0	GA	1	46;40214;40696;-;81.1		61;56293;56577;-;36.6	60;53930;56287;-;58.5	60;53930;56287;-;44.9	73;62728;63372;-;41.0	74;63378;64373;-;123.7		58;53030;53764;-;144.3	57;52263;53033;-;170.5	56;51134;52273;-;154.7	49;42465;44003;-;208.0	54;48086;50044;-;289.6		pfam	pfam_only	A	7/7	rearranged	1	0	unscoreable	17	0	0														not_admitted	not_admitted	not_admitted	not_admitted	not_admitted	not_admitted	not_admitted
NZ_AP027802.1	MPF_T	IncX1	54	0	0	GA	1	18;16441;17085;-;47.1	17;16167;16457;-;73.5	16;13384;16143;-;44.8	16;13384;16143;-;133.3	16;13384;16143;-;71.9	15;12645;13382;-;57.5	13;11308;12363;-;131.7		12;10396;11118;-;116.0	11;9461;10390;-;133.3	10;8250;9464;-;128.6	9;7195;8232;-;66.4	8;5355;7190;-;543.4		pfam	pfam_only	A	7/7	canonical	1	1	unscoreable	1	0	0														not_admitted	not_admitted	not_admitted	not_admitted	not_admitted	not_admitted	not_admitted
NZ_AP027814.1	MPF_F	IncFIB(pB171);IncFII(pRSB107)	140	0	0	GA	0															not_admitted	not_admitted	not_admitted	not_admitted	not_admitted	not_admitted	not_admitted	not_admitted	not_admitted	not_admitted	1	61;63191;64183;-;371.9	52;56756;58132;-;381.0	57;59719;60462;-;233.5	64;65192;67822;-;303.7	51;53937;56759;-;389.2	73;71026;72453;-;94.3	64;65192;67822;-;100.2	75;73168;73734;-;185.2	60;62544;63182;-;68.7	59;60739;62547;-;267.9	48;50241;52403;-;391.8	69;69390;69905;-;78.4	48;50241;52403;-;70.4	A	9/9	contiguous	22927	1	1	53419..53916-;165;TraS;0
NZ_AP027817.1	MPF_T	IncX4	41	0	0	GA	1	16;15506;16126;-;41.6	15;15166;15492;-;64.4	14;12400;15147;-;63.8	14;12400;15147;-;151.8	14;12400;15147;-;46.1	13;11672;12388;-;94.2	12;10566;11660;-;150.1		10;9365;10051;-;169.0	9;8460;9368;-;142.4	8;7349;8467;-;163.9	7;6319;7347;-;85.0	6;4470;6287;-;314.8		pfam	pfam_only	A	7/7	canonical	1	1	unscoreable	1	0	0														not_admitted	not_admitted	not_admitted	not_admitted	not_admitted	not_admitted	not_admitted
NZ_AP027823.1	MPF_T	IncP1	66	0	0	GA	1		36;30850;31233;-;68.7	35;30521;30847;-;50.6	34;27981;30524;-;94.8	34;27981;30524;-;107.0	29;23735;24505;-;104.8	28;21985;23544;-;112.1		33;27277;27984;-;91.8	32;26371;27261;-;152.4	30;24518;25912;-;224.7	37;31347;32303;-;132.7	2;1648;3594;+;442.7		conjscan	conjscan_only	A	7/7	canonical	1	0	unscoreable	2	0	0														not_admitted	not_admitted	not_admitted	not_admitted	not_admitted	not_admitted	not_admitted
NZ_AP027830.1	MPF_F	IncFIA(HI1);IncHI1A;IncHI1B(R27)	252	0	0	GA	0															not_admitted	not_admitted	not_admitted	not_admitted	not_admitted	not_admitted	not_admitted	not_admitted	not_admitted	not_admitted	1	21;19551;20558;+;277.8	155;139878;141293;-;201.7	156;141283;142329;-;171.3	251;218428;221109;+;160.9	154;135880;139869;-;103.1	247;214722;216080;+;84.0	251;218428;221109;+;76.5	244;212270;213055;+;68.7	18;16787;18295;+;65.6	22;20581;23757;+;58.9	162;149263;151347;+;50.2	250;217469;218419;+;45.2	162;149263;151347;+;36.4	A	9/9	split_3	201641	0	1	
NZ_AP027834.1	MPF_F	IncFII(pHN7A8)	89	0	0	GA	0															not_admitted	not_admitted	not_admitted	not_admitted	not_admitted	not_admitted	not_admitted	not_admitted	not_admitted	not_admitted	1	68;54625;55611;+;355.4	74;59844;61205;+;342.6	72;58433;59212;+;194.4	65;50941;53532;+;215.3	75;61207;64098;+;287.8	60;47988;49352;+;83.1	65;50941;53532;+;88.2	58;46708;47271;+;136.5	70;55987;56601;+;82.6	71;56598;58436;+;259.4	78;65721;67952;+;371.9	64;50331;50930;+;46.6	78;65721;67952;+;68.9	A	9/9	contiguous	19013	1	1	64108..64665+;185;unnamed;0
NZ_AP027835.1	MPF_T	IncP1	49	0	0	GA	1	10;8603;9376;-;21.5	21;18552;18935;-;68.3	20;18223;18549;-;50.2	19;15683;18226;-;99.2	19;15683;18226;-;108.9	14;11446;12216;-;107.5	12;9711;11306;-;116.6		18;14979;15686;-;88.1	17;14073;14963;-;156.2	15;12229;13623;-;218.2	22;19049;20005;-;133.6	43;35719;37662;+;443.4		conjscan	conjscan_only	A	7/7	canonical	1	0	unscoreable	4	0	0														not_admitted	not_admitted	not_admitted	not_admitted	not_admitted	not_admitted	not_admitted
NZ_AP027851.1	MPF_F	IncFIB(AP001918);IncFII(pRSB107)	189	0	0	GA	0															not_admitted	not_admitted	not_admitted	not_admitted	not_admitted	not_admitted	not_admitted	not_admitted	not_admitted	not_admitted	1	103;84050;85042;+;369.3	117;93728;95101;+;379.8	110;89866;90609;+;235.0	100;80411;83041;+;303.8	118;95098;97920;+;389.2	92;75963;77390;+;94.1	100;80411;83041;+;99.2	90;74682;75248;+;183.8	107;87104;87742;+;67.5	108;87739;89589;+;265.1	121;99454;101661;+;391.7	95;78274;78789;+;78.4	121;99454;101661;+;70.3	A	9/9	contiguous	24772	1	1	97941..98438+;165;TraS;0
NZ_AP027852.1	MPF_T	IncI2	78	0	0	GA	1	38;33121;33603;-;81.1		53;49199;49483;-;36.6	52;46836;49193;-;58.5	52;46836;49193;-;42.8	65;55634;56278;-;41.0	66;56284;57279;-;123.7		50;45936;46670;-;144.3	49;45169;45939;-;170.5	48;44040;45179;-;154.7	41;35371;36909;-;207.1	46;40992;42950;-;289.6		pfam	pfam_only	A	7/7	rearranged	1	0	unscoreable	17	0	0														not_admitted	not_admitted	not_admitted	not_admitted	not_admitted	not_admitted	not_admitted
NZ_AP027858.1	MPF_T	IncX4	41	0	0	GA	1	7;7424;8044;-;41.6	6;7084;7410;-;64.4	5;4318;7065;-;63.8	5;4318;7065;-;151.8	5;4318;7065;-;46.1	4;3590;4306;-;94.2	3;2484;3578;-;150.1		1;1283;1969;-;169.0	0;378;1286;-;142.4	40;32576;33181;-;163.6	39;31546;32574;-;85.0	38;29697;31514;-;314.8		pfam	pfam_only	A	7/7	canonical	1	1	unscoreable	1	0	0														not_admitted	not_admitted	not_admitted	not_admitted	not_admitted	not_admitted	not_admitted
NZ_AP027866.1	MPF_F	IncFIB(AP001918);IncFIC(FII)	148	0	0	GA	0															not_admitted	not_admitted	not_admitted	not_admitted	not_admitted	not_admitted	not_admitted	not_admitted	not_admitted	not_admitted	1	80;71030;72022;-;369.3	72;64961;66334;-;380.7	76;67555;68298;-;232.7	83;73031;75658;-;303.5	71;62142;64964;-;380.3	87;77570;78997;-;94.3	83;73031;75658;-;100.3	89;79712;80278;-;183.8	79;70383;71021;-;68.3	78;68578;70386;-;268.3	68;58428;60608;-;391.8	84;76174;76689;-;78.0	68;58428;60608;-;70.4	A	9/9	contiguous	21284	1	1	61624..62121-;165;TraS;0
NZ_AP027876.1	MPF_T	IncP1	63	0	0	GA	1		33;24377;24760;+;68.7	34;24763;25089;+;50.6	35;25086;27629;+;96.2	35;25086;27629;+;107.1	40;31105;31875;+;104.8	41;32066;33625;+;112.1		36;27626;28333;+;89.8	37;28349;29239;+;152.4	39;29698;31092;+;224.7	32;23307;24263;+;135.9	5;4340;6286;-;442.7		conjscan	conjscan_only	A	7/7	canonical	1	0	unscoreable	2	0	0														not_admitted	not_admitted	not_admitted	not_admitted	not_admitted	not_admitted	not_admitted
NZ_AP027900.1	MPF_F	IncFIB(AP001918);IncFII(pSE11)	140	0	0	GA	0															not_admitted	not_admitted	not_admitted	not_admitted	not_admitted	not_admitted	not_admitted	not_admitted	not_admitted	not_admitted	1	82;88128;89126;-;349.2	72;80003;81439;-;342.8	76;83287;84072;-;217.8	86;90359;92998;-;252.1	71;77115;80003;-;314.0	90;94537;95865;-;98.5	86;90359;92998;-;114.5	92;96612;97190;-;126.1	78;86005;86610;-;54.7	77;84074;86008;-;241.0	66;72086;74272;-;370.4	87;92995;93507;-;58.6	66;72086;74272;-;61.9	A	9/9	contiguous	24526	1	1	76454..77101-;215;unnamed;1
NZ_AP027901.1	MPF_T	IncI2(Delta)	73	0	0	GA	1	37;32911;33393;-;81.1		52;49006;49290;-;36.6	51;46643;49000;-;58.5	51;46643;49000;-;44.9	61;54102;54746;-;41.0	62;54752;55747;-;123.9		49;45743;46477;-;144.3	48;44976;45746;-;170.5	47;43847;44986;-;154.7	40;35172;36710;-;207.1	45;40799;42757;-;289.6		pfam	pfam_only	A	7/7	rearranged	1	0	unscoreable	14	0	0														not_admitted	not_admitted	not_admitted	not_admitted	not_admitted	not_admitted	not_admitted
NZ_AP027927.1	MPF_F	IncHI2;IncHI2A;IncQ1	261	0	0	GA	0															not_admitted	not_admitted	not_admitted	not_admitted	not_admitted	not_admitted	not_admitted	not_admitted	not_admitted	not_admitted	1	29;31838;32896;+;276.9	180;162486;163901;-;194.1	181;163891;164937;-;174.3	11;8955;11636;+;168.0	179;158524;162477;-;101.6	7;5270;6625;+;80.7	11;8955;11636;+;72.2	4;2758;3546;+;74.8	25;29555;30370;+;30.5	30;32915;36103;+;57.3	188;171979;174063;+;56.8	10;7996;8946;+;46.1	188;171979;174063;+;38.8	A	9/9	split_3	169221	1	1	157054..158343-;429;unnamed;0
NZ_AP027947.1	MPF_F	IncHI2;IncHI2A	255	0	0	GA	0															not_admitted	not_admitted	not_admitted	not_admitted	not_admitted	not_admitted	not_admitted	not_admitted	not_admitted	not_admitted	1	29;33056;34114;+;276.9	163;149354;150769;-;194.1	164;150759;151805;-;174.1	13;10304;12985;+;168.0	162;145392;149345;-;101.6	9;6619;7974;+;80.7	13;10304;12985;+;72.2	6;4107;4895;+;74.8	27;31403;32914;+;62.0	30;34133;37321;+;57.3	171;158847;160931;+;56.8	12;9345;10295;+;46.1	171;158847;160931;+;38.8	A	9/9	split_3	154740	1	1	143922..145211-;429;unnamed;0
NZ_AP027948.1	MPF_T	IncI2(Delta)	79	0	0	GA	1	39;34347;34829;-;81.1		54;50425;50709;-;36.6	53;48062;50419;-;58.5	53;48062;50419;-;42.8	66;56846;57490;-;41.0	67;57496;58491;-;123.7		51;47162;47896;-;144.3	50;46395;47165;-;170.5	49;45266;46405;-;154.7	42;36597;38135;-;207.1	47;42218;44176;-;289.6		pfam	pfam_only	A	7/7	rearranged	1	0	unscoreable	17	0	0														not_admitted	not_admitted	not_admitted	not_admitted	not_admitted	not_admitted	not_admitted
NZ_AP027955.1	MPF_T	IncX4	41	0	0	GA	1	26;24531;25151;-;41.6	25;24191;24517;-;64.4	24;21425;24172;-;63.8	24;21425;24172;-;151.8	24;21425;24172;-;46.1	23;20697;21413;-;94.2	22;19591;20685;-;150.1		20;18390;19076;-;169.0	19;17485;18393;-;142.4	18;16374;17492;-;163.9	17;15344;16372;-;85.0	16;13495;15312;-;314.8		pfam	pfam_only	A	7/7	canonical	1	1	unscoreable	1	0	0														not_admitted	not_admitted	not_admitted	not_admitted	not_admitted	not_admitted	not_admitted
NZ_AP027959.1	MPF_T	IncX4	42	0	0	GA	1	27;24530;25150;-;41.6	26;24190;24516;-;64.4	25;21424;24171;-;63.8	25;21424;24171;-;151.8	25;21424;24171;-;46.1	24;20696;21412;-;94.2	23;19590;20684;-;150.1		21;18389;19075;-;169.0	20;17484;18392;-;142.4	19;16373;17491;-;163.9	18;15343;16371;-;85.0	17;13494;15311;-;314.8		pfam	pfam_only	A	7/7	canonical	1	1	unscoreable	1	0	0														not_admitted	not_admitted	not_admitted	not_admitted	not_admitted	not_admitted	not_admitted
NZ_AP027962.1	MPF_T	IncX4	41	0	0	GA	1	26;24531;25151;-;41.6	25;24191;24517;-;64.4	24;21425;24172;-;63.8	24;21425;24172;-;151.8	24;21425;24172;-;46.1	23;20697;21413;-;94.2	22;19591;20685;-;150.1		20;18390;19076;-;169.0	19;17485;18393;-;142.4	18;16374;17492;-;163.9	17;15344;16372;-;85.0	16;13495;15312;-;314.8		pfam	pfam_only	A	7/7	canonical	1	1	unscoreable	1	0	0														not_admitted	not_admitted	not_admitted	not_admitted	not_admitted	not_admitted	not_admitted
NZ_AP027965.1	MPF_F	IncFII	94	0	0	GA	0															not_admitted	not_admitted	not_admitted	not_admitted	not_admitted	not_admitted	not_admitted	not_admitted	not_admitted	not_admitted	1	71;61691;62683;+;369.3	80;67745;69118;+;379.5	75;65382;66155;+;234.0	68;58052;60682;+;303.5	81;69115;71940;+;386.0	61;53347;54774;+;94.3	68;58052;60682;+;98.5	59;52066;52632;+;183.8	72;62692;63330;+;68.7	73;63327;65135;+;268.0	84;73444;75660;+;391.7	65;55902;56417;+;78.6	84;73444;75660;+;70.3	A	9/9	contiguous	21378	1	1	71937..72446+;169;unnamed;0
NZ_AP027972.1	MPF_F	IncFIA;IncFIB(AP001918);IncFIC(FII)	166	0	0	GA	0															not_admitted	not_admitted	not_admitted	not_admitted	not_admitted	not_admitted	not_admitted	not_admitted	not_admitted	not_admitted	1		90;104257;105300;-;136.2		92;105680;108307;-;305.4	89;101438;104260;-;389.5	98;110362;111789;-;94.3	92;105680;108307;-;98.5	100;112504;113070;-;182.9			86;98219;99913;-;393.4	94;108823;109338;-;78.4	86;98219;99913;-;70.8	D	5/9	contiguous	14285	1	0	100925..101416-;163;TraS;0
NZ_AP027974.1	MPF_T	IncX1;IncX3	49	0	0	GA	1	35;32654;33301;-;45.4	34;32380;32676;-;77.5	33;29608;32361;-;46.6	33;29608;32361;-;147.3	33;29608;32361;-;73.5	32;28839;29597;-;66.5	30;27412;28542;-;103.0		29;26454;27167;-;120.0	28;25520;26449;-;133.8	27;24318;25523;-;132.5	26;23285;24316;-;79.0	25;21447;23282;-;488.2		pfam	pfam_only	A	7/7	canonical	1	1	unscoreable	1	0	0														not_admitted	not_admitted	not_admitted	not_admitted	not_admitted	not_admitted	not_admitted
NZ_AP027975.1	MPF_T	IncX4	41	0	0	GA	1	26;24531;25151;-;41.6	25;24191;24517;-;64.4	24;21425;24172;-;63.8	24;21425;24172;-;151.8	24;21425;24172;-;46.1	23;20697;21413;-;94.2	22;19591;20685;-;150.1		20;18390;19076;-;169.0	19;17485;18393;-;142.4	18;16374;17492;-;163.9	17;15344;16372;-;85.0	16;13495;15312;-;314.8		pfam	pfam_only	A	7/7	canonical	1	1	unscoreable	1	0	0														not_admitted	not_admitted	not_admitted	not_admitted	not_admitted	not_admitted	not_admitted
NZ_AP027979.1	MPF_F	IncFIB(AP001918);IncFIC(FII)	123	0	0	GA	0															not_admitted	not_admitted	not_admitted	not_admitted	not_admitted	not_admitted	not_admitted	not_admitted	not_admitted	not_admitted	1		67;88941;89984;-;136.2		69;90364;92991;-;305.4	66;86122;88944;-;389.5	75;95046;96473;-;93.8	69;90364;92991;-;98.5	77;97188;97754;-;174.3			63;82894;84588;-;393.4	71;93507;94022;-;78.4	63;82894;84588;-;70.8	D	5/9	contiguous	14294	1	0	85621..86100-;159;TraS;0
NZ_AP027981.1	MPF_T	IncX1;IncX3	49	0	0	GA	1	35;32654;33301;-;45.4	34;32380;32676;-;77.5	33;29608;32361;-;46.6	33;29608;32361;-;147.3	33;29608;32361;-;73.5	32;28839;29597;-;66.5	30;27412;28542;-;103.0		29;26454;27167;-;120.0	28;25520;26449;-;133.8	27;24318;25523;-;132.5	26;23285;24316;-;79.0	25;21447;23282;-;488.2		pfam	pfam_only	A	7/7	canonical	1	1	unscoreable	1	0	0														not_admitted	not_admitted	not_admitted	not_admitted	not_admitted	not_admitted	not_admitted
NZ_AP027982.1	MPF_T	IncX4	41	0	0	GA	1	26;24531;25151;-;41.6	25;24191;24517;-;64.4	24;21425;24172;-;63.8	24;21425;24172;-;151.8	24;21425;24172;-;46.1	23;20697;21413;-;94.2	22;19591;20685;-;150.1		20;18390;19076;-;169.0	19;17485;18393;-;142.4	18;16374;17492;-;163.9	17;15344;16372;-;85.0	16;13495;15312;-;314.8		pfam	pfam_only	A	7/7	canonical	1	1	unscoreable	1	0	0														not_admitted	not_admitted	not_admitted	not_admitted	not_admitted	not_admitted	not_admitted
NZ_AP028042.1	MPF_F	IncFIB(K);IncFII(pBK30683)	187	0	0	GA	0															not_admitted	not_admitted	not_admitted	not_admitted	not_admitted	not_admitted	not_admitted	not_admitted	not_admitted	not_admitted	1	140;117202;118194;+;356.5	148;123070;124440;+;356.8	143;120704;121498;+;215.5	134;112124;114769;+;238.0	149;124433;127717;+;300.3	129;108747;110150;+;103.3	134;112124;114769;+;89.6	127;107413;108012;+;77.7	141;118204;118824;+;55.5	142;118821;120704;+;214.4	154;133046;135640;+;368.6	132;111296;111850;+;41.5	154;133046;135640;+;69.6	A	9/9	contiguous	25633	1	1	127741..128316+;191;unnamed;0
NZ_AP028043.1	MPF_F	IncC	205	0	0	GA	0															not_admitted	not_admitted	not_admitted	not_admitted	not_admitted	not_admitted	not_admitted	not_admitted	not_admitted	not_admitted	1	132;105606;106613;+;332.9	194;160775;162208;+;339.2	193;159745;160773;+;221.7	127;100407;102854;+;354.5	195;162221;165835;+;375.3	45;26117;27277;+;156.3	127;100407;102854;+;128.3	120;90011;90637;+;92.7	130;103676;104941;+;67.9	133;106729;109527;+;145.3	111;84336;86201;+;47.3	123;92848;93426;+;100.2	111;84336;86201;+;52.0	A	9/9	split_3	136104	0	1	
NZ_AP028048.1	MPF_F	IncC	209	0	0	GA	0															not_admitted	not_admitted	not_admitted	not_admitted	not_admitted	not_admitted	not_admitted	not_admitted	not_admitted	not_admitted	1	136;107938;108945;+;332.9	198;163107;164540;+;339.2	197;162077;163105;+;221.7	131;102739;105186;+;354.5	199;164553;168167;+;375.3	45;26117;27277;+;156.3	131;102739;105186;+;128.3	124;92343;92969;+;92.7	134;106008;107273;+;67.9	137;109061;111859;+;145.3	115;86668;88533;+;47.3	127;95180;95758;+;100.2	115;86668;88533;+;52.0	A	9/9	split_3	138436	0	1	
NZ_AP028049.1	MPF_F	IncFIB(K);IncFII(pBK30683)	181	0	0	GA	0															not_admitted	not_admitted	not_admitted	not_admitted	not_admitted	not_admitted	not_admitted	not_admitted	not_admitted	not_admitted	1	134;114984;115976;+;356.5	142;120852;122222;+;356.8	137;118486;119280;+;215.5	128;109906;112551;+;238.0	143;122215;125499;+;300.3	123;106529;107932;+;103.3	128;109906;112551;+;89.6	121;105195;105794;+;77.7	135;115986;116606;+;55.5	136;116603;118486;+;214.4	148;130828;133422;+;368.6	126;109078;109632;+;41.5	148;130828;133422;+;69.6	A	9/9	contiguous	25633	1	1	125523..126098+;191;unnamed;0
NZ_AP028051.1	MPF_F	IncFIB(K);IncFII(pBK30683)	185	0	0	GA	0															not_admitted	not_admitted	not_admitted	not_admitted	not_admitted	not_admitted	not_admitted	not_admitted	not_admitted	not_admitted	1	138;116142;117134;+;356.5	146;122010;123380;+;356.8	141;119644;120438;+;215.5	132;111064;113709;+;238.0	147;123373;126657;+;300.3	127;107687;109090;+;103.3	132;111064;113709;+;89.6	125;106353;106952;+;77.7	139;117144;117764;+;55.5	140;117761;119644;+;214.4	152;131986;134580;+;368.6	130;110236;110790;+;41.5	152;131986;134580;+;69.6	A	9/9	contiguous	25633	1	1	126681..127256+;191;unnamed;0
NZ_AP028052.1	MPF_F	IncC	209	0	0	GA	0															not_admitted	not_admitted	not_admitted	not_admitted	not_admitted	not_admitted	not_admitted	not_admitted	not_admitted	not_admitted	1	136;107938;108945;+;332.9	198;163107;164540;+;339.2	197;162077;163105;+;221.7	131;102739;105186;+;354.5	199;164553;168167;+;375.3	45;26117;27277;+;156.3	131;102739;105186;+;128.3	124;92343;92969;+;92.7	134;106008;107273;+;67.9	137;109061;111859;+;145.3	115;86668;88533;+;47.3	127;95180;95758;+;100.2	115;86668;88533;+;52.0	A	9/9	split_3	138436	0	1	
NZ_AP028063.1	MPF_G	-	167	0	0	GA	0															not_admitted	not_admitted	not_admitted	not_admitted	not_admitted	not_admitted	not_admitted	not_admitted	not_admitted	not_admitted	1	76;71088;72242;-;113.2			78;72700;75828;-;222.7	73;67691;69325;-;69.0		78;72700;75828;-;29.9				88;81646;83694;-;28.7		88;81646;83694;-;46.1	D	3/9	contiguous	13955	0	0	
NZ_AP028069.1	MPF_F	-	51	0	0	GA	0															not_admitted	not_admitted	not_admitted	not_admitted	not_admitted	not_admitted	not_admitted	not_admitted	not_admitted	not_admitted	1	50;47680;48693;+;385.4	3;3235;4641;+;301.8	1;2017;2784;+;145.5	47;44093;46654;+;201.3	4;4643;7450;+;303.9	45;42258;43718;+;88.7	47;44093;46654;+;94.9	43;40959;41528;+;82.3		0;280;2013;+;229.4	7;8776;10857;+;398.4	46;43728;44090;+;24.0	7;8776;10857;+;76.8	B	8/9	split_2	47400	1	1	7535..8089+;184;unnamed;0
NZ_AP028096.1	MPF_F	IncFII(pSE11)	89	0	0	GA	0															not_admitted	not_admitted	not_admitted	not_admitted	not_admitted	not_admitted	not_admitted	not_admitted	not_admitted	not_admitted	1	52;39692;40684;+;369.5	64;46738;48111;+;381.7	57;43790;44533;+;234.4	49;36053;38683;+;304.1	65;48108;50933;+;389.7	38;29864;31315;+;94.2	49;36053;38683;+;97.1	36;28583;29149;+;174.3	54;41028;41666;+;68.6	55;41663;43513;+;266.9	69;53175;55436;+;382.0	41;32175;32690;+;78.4	69;53175;55436;+;66.8	A	9/9	contiguous	24592	1	1	50930..51439+;169;unnamed;0
NZ_AP028130.1	-	-	407	0	0	GA	0															not_admitted	not_admitted	not_admitted	not_admitted	not_admitted	not_admitted	not_admitted	not_admitted	not_admitted	not_admitted	1	185;165513;166601;+;256.2	400;361501;362925;-;182.7	401;362925;363965;-;202.0	20;19636;22251;+;201.6	399;356804;361498;-;112.6	15;15618;16964;+;116.2	20;19636;22251;+;94.7	13;13706;14356;+;82.9	183;164021;165379;+;60.0	186;166829;171112;+;64.9	8;9237;11108;+;33.4	19;18995;19624;+;61.1	8;9237;11108;+;36.4	A	9/9	split_3	353688	1	1	355380..356690-;436;unnamed;0
NZ_AP028131.1	-	-	145	0	0	GA	0															not_admitted	not_admitted	not_admitted	not_admitted	not_admitted	not_admitted	not_admitted	not_admitted	not_admitted	not_admitted	1	22;17312;18346;-;306.1	71;60750;62159;-;265.6	72;62159;63151;-;193.6	25;20014;22611;-;190.9	70;55660;60753;-;134.3	29;24323;25654;-;112.3	25;20014;22611;-;127.6	31;26426;27028;-;42.4	23;18346;19494;-;36.5	18;11488;15675;-;113.4	34;28246;29793;-;33.1	28;23694;24326;-;51.4	34;28246;29793;-;38.1	A	9/9	split_2	50671	0	1	
NZ_AP028147.1	MPF_T	-	78	0	0	GA	1				51;52420;54438;-;25.1									45;46884;48143;-;368.8		none	none	D	2/7	uncallable	0	0	unscoreable	5	0	0														not_admitted	not_admitted	not_admitted	not_admitted	not_admitted	not_admitted	not_admitted
NZ_AP028311.1	MPF_F	IncC	259	0	0	GA	0															not_admitted	not_admitted	not_admitted	not_admitted	not_admitted	not_admitted	not_admitted	not_admitted	not_admitted	not_admitted	1	176;135502;136494;+;369.5	188;142548;143921;+;381.7	181;139600;140343;+;234.4	79;58561;61008;+;354.5	189;143918;146743;+;389.7	74;49734;51050;+;135.5	79;58561;61008;+;128.3	163;125729;126295;+;174.3	178;136838;137476;+;68.6	179;137473;139323;+;266.8	193;148985;151228;+;382.0	75;51047;51625;+;100.2	193;148985;151228;+;66.8	A	9/9	split_2	99251	1	1	146740..147249+;169;unnamed;0
NZ_AP028315.1	MPF_T	Col(pHAD28);IncHI1A(NDM-CIT);IncHI1B(pNDM-CIT)	385	1	1	GA	1		66;67951;68337;-;89.6	65;67685;67954;-;32.5	336;290225;292675;-;42.3	336;290225;292675;-;138.4	63;64482;65225;-;226.2	61;62779;64146;-;179.3		60;62056;62760;-;235.7	136;130163;131212;-;235.3	135;128946;130166;-;216.3	67;68324;69403;-;118.3	341;294861;296876;-;346.4	29;31502;34678;+;57.9	conjscan	conjscan_only	A	7/7	canonical	1	0	unscoreable	6	0	1	28;30776;31483;+;214.6	236;216534;217949;-;200.0	237;217939;218985;-;168.3	11;9294;11975;+;156.8	235;212536;216525;-;103.1	135;128946;130166;-;216.3	11;9294;11975;+;73.5	4;3136;3921;+;69.5	26;28775;30283;+;62.3	29;31502;34678;+;57.9	341;294861;296876;-;105.6	10;8335;9285;+;45.4	341;294861;296876;-;99.4	A	9/9	split_4	291725	0	1	
NZ_AP028316.1	MPF_F	IncC	215	0	0	GA	0															not_admitted	not_admitted	not_admitted	not_admitted	not_admitted	not_admitted	not_admitted	not_admitted	not_admitted	not_admitted	1	84;62447;63454;+;332.1	204;167596;169029;+;339.0	203;166566;167594;+;220.8	79;57248;59695;+;354.5	205;169042;172671;+;369.1	74;48421;49737;+;135.5	79;57248;59695;+;128.3	72;46897;47523;+;92.7	82;60517;61782;+;68.0	85;63570;66374;+;137.8	63;40114;43086;+;29.8	75;49734;50312;+;100.2	63;40114;43086;+;51.1	A	9/9	split_2	128928	0	1	
NZ_AP028318.1	MPF_T	Col(pHAD28);IncHI1A(NDM-CIT);IncHI1B(pNDM-CIT)	385	1	1	GA	1		66;67951;68337;-;89.6	65;67685;67954;-;32.5	336;291428;293878;-;42.3	336;291428;293878;-;138.4	63;64482;65225;-;226.2	61;62779;64146;-;179.3		60;62056;62760;-;235.7	136;130163;131212;-;235.3	135;128946;130166;-;216.3	67;68324;69403;-;118.3	341;296064;298079;-;346.4	29;31502;34678;+;57.9	conjscan	conjscan_only	A	7/7	canonical	1	0	unscoreable	6	0	1	28;30776;31483;+;214.6	235;216536;217951;-;200.0	236;217941;218987;-;168.3	11;9294;11975;+;156.8	234;212538;216527;-;103.1	135;128946;130166;-;216.3	11;9294;11975;+;73.5	4;3136;3921;+;69.5	26;28775;30283;+;62.3	29;31502;34678;+;57.9	341;296064;298079;-;105.6	10;8335;9285;+;45.4	341;296064;298079;-;99.4	A	9/9	split_4	292928	0	1	
NZ_AP028319.1	MPF_F	IncC	215	0	0	GA	0															not_admitted	not_admitted	not_admitted	not_admitted	not_admitted	not_admitted	not_admitted	not_admitted	not_admitted	not_admitted	1	84;62447;63454;+;332.1	204;167596;169029;+;339.0	203;166566;167594;+;220.8	79;57248;59695;+;354.5	205;169042;172671;+;369.1	74;48421;49737;+;135.5	79;57248;59695;+;128.3	72;46897;47523;+;92.7	82;60517;61782;+;68.0	85;63570;66374;+;137.8	63;40114;43086;+;29.8	75;49734;50312;+;100.2	63;40114;43086;+;51.1	A	9/9	split_2	128928	0	1	
NZ_AP028343.1	MPF_T	-	52	0	0	GA	1		33;29656;29919;-;46.0	32;26879;29647;-;74.2	32;26879;29647;-;175.7	32;26879;29647;-;84.7	27;24029;25018;-;86.7	26;23037;24032;-;118.4		24;22234;22893;-;177.9	23;21347;22237;-;163.5	22;20159;21337;-;164.3	21;19171;20178;-;94.3	20;17359;19170;-;353.4		pfam	pfam_only	A	7/7	canonical	1	1	unscoreable	5	0	0														not_admitted	not_admitted	not_admitted	not_admitted	not_admitted	not_admitted	not_admitted
NZ_AP028347.1	MPF_T	-	49	0	0	GA	1		26;23285;23548;+;56.2	27;23557;26325;+;74.3	27;23557;26325;+;174.5	27;23557;26325;+;84.7	32;28191;29180;+;86.1	33;29177;30172;+;118.4		35;30316;30975;+;177.9	36;30972;31862;+;162.9	37;31872;33050;+;164.3	38;33031;34029;+;93.9	40;34706;36517;+;345.2		pfam	pfam_only	A	7/7	canonical	1	1	unscoreable	6	0	0														not_admitted	not_admitted	not_admitted	not_admitted	not_admitted	not_admitted	not_admitted
NZ_AP028349.1	MPF_T	-	52	0	0	GA	1		27;22780;23043;+;54.5	28;23062;25830;+;73.3	28;23062;25830;+;178.6	28;23062;25830;+;86.1	33;27712;28698;+;82.0	34;28702;29694;+;111.7		36;29841;30503;+;177.6	37;30500;31387;+;161.4	38;31414;32586;+;166.0	39;32567;33559;+;93.2	40;33560;35371;+;348.4		pfam	pfam_only	A	7/7	canonical	1	1	unscoreable	5	0	0														not_admitted	not_admitted	not_admitted	not_admitted	not_admitted	not_admitted	not_admitted
NZ_AP028356.1	MPF_T	-	51	0	0	GA	1		42;38121;38384;+;56.2	43;38393;41161;+;74.2	43;38393;41161;+;174.2	43;38393;41161;+;84.7	49;43680;44669;+;86.7	50;44666;45661;+;118.4		0;73;732;+;177.9	1;729;1619;+;163.5	2;1629;2807;+;164.4	3;2788;3795;+;93.9	4;3796;5607;+;353.4		pfam	pfam_only	A	7/7	canonical	1	1	unscoreable	5	0	0														not_admitted	not_admitted	not_admitted	not_admitted	not_admitted	not_admitted	not_admitted
NZ_AP028364.1	MPF_T	-	53	0	0	GA	1		34;34241;34504;+;54.5	35;34523;37291;+;73.3	35;34523;37291;+;178.6	35;34523;37291;+;86.1	40;39173;40159;+;82.0	41;40163;41155;+;111.7		43;41302;41964;+;177.6	44;41961;42848;+;161.4	45;42875;44047;+;166.0	46;44028;45020;+;93.2	47;45021;46832;+;348.4		pfam	pfam_only	A	7/7	canonical	1	1	unscoreable	5	0	0														not_admitted	not_admitted	not_admitted	not_admitted	not_admitted	not_admitted	not_admitted
NZ_AP028368.1	MPF_T	-	52	0	0	GA	1		22;21290;21553;-;56.2	21;18513;21281;-;74.2	21;18513;21281;-;176.3	21;18513;21281;-;84.6	16;15658;16647;-;86.1	15;14666;15661;-;118.4		13;13863;14522;-;177.9	12;12976;13866;-;163.5	11;11788;12966;-;164.3	10;10800;11807;-;94.3	9;8988;10799;-;350.8		pfam	pfam_only	A	7/7	canonical	1	1	unscoreable	5	0	0														not_admitted	not_admitted	not_admitted	not_admitted	not_admitted	not_admitted	not_admitted
NZ_AP028372.1	MPF_T	-	55	0	0	GA	1		33;29854;30117;-;54.5	32;27067;29835;-;73.3	32;27067;29835;-;178.6	32;27067;29835;-;86.1	27;24199;25185;-;82.0	26;23203;24195;-;111.7		24;22394;23056;-;177.6	23;21510;22397;-;161.4	22;20311;21483;-;166.0	21;19338;20330;-;93.2	20;17526;19337;-;348.4		pfam	pfam_only	A	7/7	canonical	1	1	unscoreable	5	0	0														not_admitted	not_admitted	not_admitted	not_admitted	not_admitted	not_admitted	not_admitted
NZ_AP028373.1	MPF_T	-	43	0	0	GA	1	9;7309;7854;+;58.0	37;27329;27625;+;65.7	38;27625;27912;+;50.4	39;27914;30379;+;91.2	39;27914;30379;+;85.1	2;1462;2256;+;47.4	4;2515;3747;+;52.6		5;3768;4463;+;121.6	6;4474;5634;+;163.8	8;6079;7308;+;209.5	36;26390;27328;+;129.2	14;10655;12478;+;323.4		conjscan	conjscan_only	A	7/7	rearranged	1	0	unscoreable	5	0	0														not_admitted	not_admitted	not_admitted	not_admitted	not_admitted	not_admitted	not_admitted
NZ_AP028375.1	MPF_T	-	53	0	0	GA	1		37;37138;37401;-;54.5	36;34351;37119;-;73.3	36;34351;37119;-;178.6	36;34351;37119;-;86.1	31;31483;32469;-;82.0	30;30487;31479;-;111.7		28;29678;30340;-;177.6	27;28794;29681;-;161.4	26;27595;28767;-;166.0	25;26622;27614;-;93.2	24;24810;26621;-;348.4		pfam	pfam_only	A	7/7	canonical	1	1	unscoreable	5	0	0														not_admitted	not_admitted	not_admitted	not_admitted	not_admitted	not_admitted	not_admitted
NZ_AP028379.1	MPF_T	-	46	0	0	GA	1		20;18993;19253;+;52.1	21;19260;22034;+;78.4	21;19260;22034;+;166.9	21;19260;22034;+;80.3	22;22031;23017;+;72.4	25;24377;25387;+;102.7		27;26079;26747;+;175.3	28;26744;27679;+;150.8	29;27676;28848;+;158.5	30;28848;29849;+;101.7	32;30410;32206;+;341.5		pfam	pfam_only	A	7/7	canonical	1	1	unscoreable	4	0	0														not_admitted	not_admitted	not_admitted	not_admitted	not_admitted	not_admitted	not_admitted
NZ_AP028389.1	MPF_T	-	41	0	0	GA	1	1;1239;1784;+;58.0	29;21259;21555;+;65.7	30;21555;21842;+;50.4	31;21844;24309;+;91.2	31;21844;24309;+;85.1	36;27352;28146;+;47.4	37;28085;29320;+;52.6		38;29341;30036;+;121.6	39;30047;31207;+;164.6	0;9;1238;+;209.5	28;20320;21258;+;129.2	6;4585;6408;+;323.4		conjscan	conjscan_only	A	7/7	canonical	1	0	unscoreable	9	0	0														not_admitted	not_admitted	not_admitted	not_admitted	not_admitted	not_admitted	not_admitted
NZ_AP028391.1	MPF_T	-	48	0	0	GA	1		31;24710;24973;+;59.3	32;24986;27754;+;75.1	32;24986;27754;+;176.6	32;24986;27754;+;86.1	37;29735;30706;+;81.8	38;30703;31701;+;119.5		40;31848;32510;+;177.6	41;32507;33394;+;161.4	42;33421;34593;+;166.2	43;34574;35572;+;93.4	45;36081;37892;+;349.9		pfam	pfam_only	A	7/7	canonical	1	1	unscoreable	6	0	0														not_admitted	not_admitted	not_admitted	not_admitted	not_admitted	not_admitted	not_admitted
NZ_AP028394.1	MPF_T	-	55	0	0	GA	1		6;2610;2873;+;54.5	7;2892;5660;+;73.3	7;2892;5660;+;178.6	7;2892;5660;+;86.1	12;7542;8528;+;82.0	13;8532;9524;+;111.7		15;9671;10333;+;177.6	16;10330;11217;+;161.4	17;11244;12416;+;166.0	18;12397;13389;+;93.2	19;13390;15201;+;348.4		pfam	pfam_only	A	7/7	canonical	1	1	unscoreable	5	0	0														not_admitted	not_admitted	not_admitted	not_admitted	not_admitted	not_admitted	not_admitted
NZ_AP028397.1	MPF_T	-	54	0	0	GA	1		23;24570;24833;+;54.5	24;24852;27620;+;73.3	24;24852;27620;+;178.6	24;24852;27620;+;86.1	29;29502;30488;+;82.0	30;30492;31484;+;111.7		32;31631;32293;+;177.6	33;32290;33177;+;161.4	34;33204;34376;+;166.0	35;34357;35349;+;93.2	36;35350;37161;+;348.4		pfam	pfam_only	A	7/7	canonical	1	1	unscoreable	5	0	0														not_admitted	not_admitted	not_admitted	not_admitted	not_admitted	not_admitted	not_admitted
NZ_AP028400.1	MPF_T	-	186	0	0	GA	1		129;104859;105122;+;54.5	130;105141;107909;+;73.3	130;105141;107909;+;178.6	130;105141;107909;+;86.1	135;109791;110777;+;82.0	136;110781;111773;+;111.7		138;111920;112582;+;177.6	139;112579;113466;+;161.4	140;113493;114665;+;166.0	141;114646;115638;+;93.2	142;115639;117450;+;348.4		pfam	pfam_only	A	7/7	canonical	1	1	unscoreable	5	0	0														not_admitted	not_admitted	not_admitted	not_admitted	not_admitted	not_admitted	not_admitted
NZ_AP028403.1	MPF_T	-	87	0	0	GA	1	39;25782;26327;+;58.1	21;14910;15206;+;65.7	22;15206;15493;+;50.4	70;42715;45180;+;91.2	23;15495;17588;+;89.1	29;19798;20619;+;46.6	76;48102;49331;+;52.7		77;49547;50242;+;123.2	34;22711;23871;+;163.7	80;51858;53087;+;209.5	20;13971;14909;+;132.1	2;1906;3729;+;320.3		conjscan	both	A	7/7	canonical	1	0	unscoreable	24	0	0														not_admitted	not_admitted	not_admitted	not_admitted	not_admitted	not_admitted	not_admitted
NZ_AP028405.1	MPF_T	-	80	0	0	GA	1	13;11267;11812;+;48.5	1;542;838;+;64.2	2;838;1125;+;45.0	3;1129;3594;+;93.9	3;1129;3594;+;88.9	6;5428;6216;+;58.3	8;6515;7702;+;44.1		9;7723;8418;+;121.6	10;8429;9589;+;167.7	12;10033;11274;+;214.6	37;26172;26954;+;115.9	21;14867;16387;+;294.4		conjscan	both	A	7/7	canonical	1	0	unscoreable	44	0	0														not_admitted	not_admitted	not_admitted	not_admitted	not_admitted	not_admitted	not_admitted
NZ_AP028406.1	MPF_T	-	43	0	0	GA	1		0;399;662;+;56.6	1;675;3443;+;74.7	1;675;3443;+;175.9	1;675;3443;+;86.1	6;5319;6305;+;86.1	7;6309;7301;+;112.5		9;7445;8104;+;177.9	10;8101;8991;+;162.9	11;9001;10179;+;164.3	12;10160;11167;+;93.9	13;11168;12979;+;347.8		pfam	pfam_only	A	7/7	canonical	1	1	unscoreable	5	0	0														not_admitted	not_admitted	not_admitted	not_admitted	not_admitted	not_admitted	not_admitted
NZ_AP028410.1	MPF_T	-	59	0	0	GA	1		4;4214;4477;-;56.6	3;1433;4201;-;73.8	3;1433;4201;-;178.4	3;1433;4201;-;86.0	57;41842;42828;-;84.2	56;40846;41838;-;117.0		54;40043;40702;-;177.9	53;39156;40046;-;162.9	52;37968;39146;-;164.4	51;36980;37987;-;94.4	50;35168;36979;-;353.4		pfam	pfam_only	A	7/7	rearranged	1	1	unscoreable	1	0	0														not_admitted	not_admitted	not_admitted	not_admitted	not_admitted	not_admitted	not_admitted
NZ_AP028411.1	MPF_T	-	40	0	0	GA	1	17;13226;13771;-;54.1	31;25400;25696;-;63.4	30;25113;25400;-;45.0	29;22644;25109;-;95.0	29;22644;25109;-;89.0	24;18822;19610;-;57.9	22;17336;18523;-;51.8		21;16620;17315;-;121.2	20;15449;16609;-;167.7	18;13764;15005;-;214.6	32;25706;26644;-;129.4	12;8602;10425;-;320.4		conjscan	both	A	7/7	canonical	1	0	unscoreable	10	0	0														not_admitted	not_admitted	not_admitted	not_admitted	not_admitted	not_admitted	not_admitted
NZ_AP028805.1	MPF_F	IncC	225	0	0	GA	0															not_admitted	not_admitted	not_admitted	not_admitted	not_admitted	not_admitted	not_admitted	not_admitted	not_admitted	not_admitted	1	123;93516;94523;-;332.9	64;42894;44327;-;339.2	65;44329;45357;-;221.7	128;97275;99722;-;354.5	63;39267;42881;-;375.3	133;107278;108594;-;135.0	128;97275;99722;-;128.3	135;109492;110118;-;92.7	125;95188;96453;-;67.9	122;90602;93400;-;145.3	144;113928;115793;-;47.3	132;106703;107281;-;100.2	144;113928;115793;-;52.0	A	9/9	split_2	74661	0	1	
NZ_AP028816.1	MPF_F	IncHI2;IncHI2A	181	0	0	GA	0															not_admitted	not_admitted	not_admitted	not_admitted	not_admitted	not_admitted	not_admitted	not_admitted	not_admitted	not_admitted	1	29;32408;33466;+;276.9			11;8955;11636;+;168.0		7;5270;6625;+;80.7	11;8955;11636;+;72.2	4;2758;3546;+;74.8	27;30755;32266;+;62.0	30;33485;36673;+;57.3		10;7996;8946;+;46.1		C	6/9	split_2	30727	0	1	
NZ_AP028820.1	MPF_T	IncI2	70	0	0	GA	1	31;30213;30695;-;81.1		46;46291;46575;-;36.6	45;43928;46285;-;58.5	45;43928;46285;-;42.8	58;52028;52669;-;42.8	59;52675;53670;-;128.5		43;43028;43762;-;144.3	42;42261;43031;-;170.5	41;41132;42271;-;154.7	34;32463;34001;-;207.1	39;38084;40042;-;289.6		pfam	pfam_only	A	7/7	rearranged	1	0	unscoreable	17	1	0														not_admitted	not_admitted	not_admitted	not_admitted	not_admitted	not_admitted	not_admitted
NZ_AP028853.1	MPF_F	IncHI2;IncHI2A	218	0	0	GA	0															not_admitted	not_admitted	not_admitted	not_admitted	not_admitted	not_admitted	not_admitted	not_admitted	not_admitted	not_admitted	1	28;33810;34868;+;276.9	143;138387;139802;-;194.1	144;139792;140838;-;174.3	11;8955;11636;+;168.0	142;134425;138378;-;101.6	7;5270;6625;+;80.7	11;8955;11636;+;72.2	4;2758;3546;+;74.8	26;32157;33668;+;62.0	29;34887;38075;+;57.3	151;147880;149964;+;56.8	10;7996;8946;+;46.1	151;147880;149964;+;38.8	A	9/9	split_3	145122	1	1	132955..134244-;429;unnamed;0
NZ_AP028870.1	MPF_T	ColKP3;IncX3	74	0	0	GA	1	30;28791;29435;-;46.4	29;28517;28807;-;73.1	28;25739;28492;-;47.0	28;25739;28492;-;142.4	28;25739;28492;-;73.3	27;24959;25729;-;60.1	25;23625;24680;-;133.2		24;22702;23430;-;119.4	23;21767;22696;-;138.8	22;20556;21770;-;128.3	20;19326;20360;-;65.7	19;17488;19323;-;495.9		pfam	pfam_only	A	7/7	canonical	1	1	unscoreable	2	0	0														not_admitted	not_admitted	not_admitted	not_admitted	not_admitted	not_admitted	not_admitted
NZ_AP028871.1	MPF_F	IncFIB(AP001918);IncFII(pRSB107)	172	0	0	GA	0															not_admitted	not_admitted	not_admitted	not_admitted	not_admitted	not_admitted	not_admitted	not_admitted	not_admitted	not_admitted	1	93;89957;90949;-;369.6	81;82802;84175;-;385.7	88;86108;86851;-;234.4	96;91958;94585;-;304.2	80;79983;82805;-;384.9	102;96470;97921;-;93.9	96;91958;94585;-;97.1	104;98636;99202;-;183.8	91;88975;89613;-;68.7	90;87128;88978;-;266.7	76;75530;77737;-;391.8	99;95101;95616;-;76.4	76;75530;77737;-;70.3	A	9/9	contiguous	23106	1	1	79482..79961-;159;TraS;0
NZ_AP028970.1	MPF_T	IncFII(Y)	132	0	0	GA	1	80;73865;74482;-;47.8	79;73567;73860;-;68.4	78;70801;73548;-;58.8	78;70801;73548;-;146.1	78;70801;73548;-;67.4	77;70026;70736;-;117.8	73;68120;69160;-;148.1		71;67266;67949;-;179.2	70;66331;67266;-;138.7	69;65102;66334;-;160.9	67;63881;64894;-;67.8	59;55160;56926;-;44.4		pfam	both	A	7/7	canonical	1	1	unscoreable	12	0	0														not_admitted	not_admitted	not_admitted	not_admitted	not_admitted	not_admitted	not_admitted
NZ_AP028971.1	-	IncFII(pKP91)	84	0	0	GA	0															not_admitted	not_admitted	not_admitted	not_admitted	not_admitted	not_admitted	not_admitted	not_admitted	not_admitted	not_admitted	1	9;9943;10920;-;351.7	2;4032;5384;-;341.4	6;6672;7469;-;207.3	13;13109;15700;-;247.4	1;1174;4032;-;305.8	16;16684;17979;-;100.2	13;13109;15700;-;112.8	18;18716;19285;-;125.8	8;9306;9929;-;65.9	7;7466;9322;-;234.9	81;88131;90338;-;378.3	14;15697;16305;-;40.9	81;88131;90338;-;57.0	A	9/9	split_2	86957	1	1	333..1187-;284;unnamed;0
NZ_AP029001.1	MPF_F	Col156;IncFIB(AP001918);IncFII(29)	135	0	0	GA	0															not_admitted	not_admitted	not_admitted	not_admitted	not_admitted	not_admitted	not_admitted	not_admitted	not_admitted	not_admitted	1	62;49025;50017;+;369.5	74;56071;57444;+;381.7	67;53123;53866;+;233.1	59;45386;48016;+;304.0	75;57441;60263;+;388.5	52;40828;42255;+;93.9	59;45386;48016;+;99.3	50;39547;40113;+;183.1	64;50361;50999;+;68.6	65;50996;52846;+;271.9	79;62535;64679;+;391.3	55;43384;43899;+;73.9	79;62535;64679;+;70.4	A	9/9	contiguous	22988	1	1	60285..60764+;159;TraS;0
NZ_AP029027.1	-	-	77	0	0	GA	1	3;2954;3535;+;44.4	4;3579;3965;+;64.9	5;3965;4294;+;69.6	6;4294;6759;+;140.9	6;4294;6759;+;89.0	9;8105;8842;+;134.6	8;7063;8085;+;138.7		10;8859;9590;+;155.5	11;9603;10463;+;154.1	12;10463;11833;+;175.7	13;11814;12923;+;95.1	14;12920;14947;+;384.0		pfam	both	A	7/7	canonical	1	0	unscoreable	1	0	0														not_admitted	not_admitted	not_admitted	not_admitted	not_admitted	not_admitted	not_admitted
NZ_AY365053.1	MPF_T	IncP1	88	0	0	GA	1	72;69539;70174;+;23.5	61;59222;59686;+;63.5	62;59690;60001;+;49.8	63;59998;62556;+;91.0	63;59998;62556;+;112.1	68;66190;66954;+;122.3	70;67202;68920;+;143.0		64;62553;63335;+;147.6	65;63353;64252;+;186.5	67;64748;66169;+;223.3	60;58243;59205;+;127.6	82;81154;83067;-;525.1		conjscan	conjscan_only	A	7/7	canonical	1	0	unscoreable	4	0	0														not_admitted	not_admitted	not_admitted	not_admitted	not_admitted	not_admitted	not_admitted
NZ_CP003425.1	MPF_F	pSM22	77	0	0	GA	0															not_admitted	not_admitted	not_admitted	not_admitted	not_admitted	not_admitted	not_admitted	not_admitted	not_admitted	not_admitted	1	24;27340;28338;-;362.6	16;21163;22530;-;367.8	20;23790;24584;-;202.7	29;30608;33238;-;263.7	15;18330;21161;-;291.0	34;34739;36136;-;89.8	29;30608;33238;-;99.6	36;36854;37417;-;162.6	23;26655;27329;-;63.2	21;24581;26485;-;241.5	12;15400;17598;-;377.3	31;33569;34123;-;58.0	12;15400;17598;-;57.0	A	9/9	contiguous	21454	1	1	17800..18333-;177;unnamed;0
NZ_CP003997.1	MPF_T	IncU;IncX3	63	0	0	GA	1	30;20286;20930;+;46.4	31;20914;21204;+;74.0	32;21229;23982;+;46.3	32;21229;23982;+;147.8	32;21229;23982;+;75.7	33;23993;24763;+;60.8	35;25042;26097;+;134.9		36;26292;27020;+;118.1	37;27026;27955;+;139.9	38;27952;29154;+;128.4	39;29166;30197;+;65.4	41;30387;32222;+;495.5		pfam	pfam_only	A	7/7	canonical	1	1	unscoreable	2	0	0														not_admitted	not_admitted	not_admitted	not_admitted	not_admitted	not_admitted	not_admitted
NZ_CP004000.1	MPF_F	IncFIB(pNDM-Mar);IncHI1B(pNDM-MAR)	333	0	0	GA	0															not_admitted	not_admitted	not_admitted	not_admitted	not_admitted	not_admitted	not_admitted	not_admitted	not_admitted	not_admitted	1	83;76805;77842;-;282.3	12;12212;13327;-;114.1	15;14677;15714;-;175.6	96;89874;92591;-;149.0	11;8554;12210;-;121.4	100;94704;96074;-;65.8	96;89874;92591;-;85.2	103;97720;98580;-;79.0	84;77839;79200;-;69.9	82;73610;76795;-;58.9	27;26639;28057;-;42.9	97;92636;93373;-;56.9	27;26639;28057;-;41.8	A	9/9	split_2	89166	0	1	
NZ_CP004007.1	MPF_F	-	44	0	0	GA	0															not_admitted	not_admitted	not_admitted	not_admitted	not_admitted	not_admitted	not_admitted	not_admitted	not_admitted	not_admitted	1	18;14967;15950;+;367.6	23;19306;20670;+;382.1	21;18057;18800;+;215.8	15;11392;14019;+;294.9	24;20683;23493;+;394.4	13;9771;11144;+;74.6	15;11392;14019;+;115.4	11;8500;9069;+;196.7	19;15964;16386;+;61.3	20;16340;18070;+;253.7	26;24177;26012;+;405.3		26;24177;26012;+;66.9	B	8/9	contiguous	15677	1	1	23495..24085+;196;unnamed;0
NZ_CP004395.1	MPF_T	-	147	0	0	GA	1	57;56527;57681;-;74.4	61;60471;60764;-;74.5	60;60200;60478;-;86.6	59;57835;60210;-;84.6	59;57835;60210;-;47.2	56;55718;56530;-;69.4	49;50293;51369;-;124.6		55;55047;55703;-;171.5	54;54350;55045;-;166.6	53;52974;54353;-;181.0	52;51983;52969;-;104.4	44;43290;45290;+;288.9		pfam	both	A	7/7	canonical	1	0	unscoreable	7	0	0														not_admitted	not_admitted	not_admitted	not_admitted	not_admitted	not_admitted	not_admitted
NZ_CP004396.1	MPF_T	-	131	0	0	GA	1	51;53876;55042;-;77.6	55;57933;58247;-;75.8	54;57633;57911;-;79.8	53;55259;57643;-;89.0	53;55259;57643;-;38.7	50;53082;53879;-;61.5	44;47903;48928;-;124.4		49;52420;53085;-;141.2	48;51722;52423;-;166.2	47;50400;51725;-;173.0	46;49364;50398;-;104.3	42;44794;46749;+;277.4		pfam	both	A	7/7	canonical	1	0	unscoreable	3	0	0														not_admitted	not_admitted	not_admitted	not_admitted	not_admitted	not_admitted	not_admitted
NZ_CP005085.1	MPF_T	-	486	1	0	GA	1	230;239644;241725;-;96.2	430;457989;458327;+;79.7	431;458324;458674;+;84.2	432;458667;461078;+;157.2	432;458667;461078;+;124.9	433;461082;461795;+;195.5	435;462032;462976;+;131.4		436;463313;464011;+;180.3	437;464008;464865;+;195.1	438;464869;466086;+;185.0	439;466090;467094;+;102.6	440;467078;469042;+;343.4	88;87888;90692;+;225.7	pfam	both	A	7/7	canonical	1	0	unscoreable	16	0	1	85;85866;86885;+;396.7	90;91631;93097;+;355.3	89;90813;91631;+;233.5	79;80811;83402;+;480.0	91;93113;95539;+;360.0	438;464869;466086;+;185.0	79;80811;83402;+;91.2	74;76450;77016;+;181.7	87;87142;87891;+;113.3	88;87888;90692;+;225.7	153;169580;171874;-;545.5		343;382995;384557;-;104.9	B	8/9	split_4	388419	0	1	
NZ_CP005086.1	-	-	192	0	0	GA	1	161;169264;169941;+;42.0	162;169941;170318;+;67.6	163;170377;170721;+;72.7	164;170714;173104;+;139.5	164;170714;173104;+;103.7	165;173119;173829;+;93.8	167;174157;175164;+;101.1		169;175507;176199;+;168.4	170;176196;177041;+;186.6	171;177043;178224;+;176.4	172;178221;179234;+;102.4	173;179231;181027;+;327.7		pfam	pfam_only	A	7/7	canonical	1	0	unscoreable	2	0	0														not_admitted	not_admitted	not_admitted	not_admitted	not_admitted	not_admitted	not_admitted
NZ_CP005089.1	MPF_T	-	72	0	0	GA	1	55;41591;42256;-;28.3	54;41228;41569;-;76.3	53;40877;41203;-;73.2	52;38506;40890;-;164.5	52;38506;40890;-;109.9	51;37779;38492;-;130.0	49;36412;37428;-;118.0		47;35388;36071;-;156.0	46;34549;35391;-;174.8	45;33279;34547;-;175.3	44;32290;33282;-;102.1	43;30411;32312;-;350.9		pfam	both	A	7/7	canonical	1	0	unscoreable	2	0	0														not_admitted	not_admitted	not_admitted	not_admitted	not_admitted	not_admitted	not_admitted
NZ_CP005190.1	MPF_F	-	293	0	0	GA	0															not_admitted	not_admitted	not_admitted	not_admitted	not_admitted	not_admitted	not_admitted	not_admitted	not_admitted	not_admitted	1	215;209511;210530;+;398.9	220;215303;216769;+;361.5	219;214491;215303;+;238.0	209;204525;207107;+;469.0	221;216782;219553;+;356.1	206;201574;202896;+;106.6	209;204525;207107;+;99.4	204;200209;200718;+;148.7	216;210565;211314;+;105.5	217;211311;214115;+;220.4	231;227369;229666;-;538.3	208;203749;204525;+;23.7	231;227369;229666;-;62.9	A	9/9	contiguous	27160	0	1	
NZ_CP005191.1	MPF_F	-	316	0	0	GA	0															not_admitted	not_admitted	not_admitted	not_admitted	not_admitted	not_admitted	not_admitted	not_admitted	not_admitted	not_admitted	1	64;47426;48448;+;394.9	68;52005;53471;+;366.7	67;51019;52005;+;242.9	58;42390;44981;+;468.2	69;53488;56289;+;359.5	55;39227;40552;+;106.7	58;42390;44981;+;98.2	53;37859;38425;+;202.9	65;48460;49206;+;114.8	66;49203;51038;+;293.2	88;71630;73936;-;515.9	57;41408;42388;+;32.8	314;284272;285933;+;98.6	A	9/9	split_2	246413	0	1	
NZ_CP005192.1	MPF_T	-	107	0	0	GA	1	103;86293;86958;-;28.3	102;85930;86271;-;76.3	101;85579;85905;-;73.2	100;83208;85592;-;164.4	100;83208;85592;-;109.6	99;82481;83194;-;126.0	97;81116;82132;-;123.1		95;80092;80775;-;156.3	94;79253;80095;-;177.4	93;77983;79251;-;175.3	92;76994;77986;-;102.1	91;75100;77016;-;358.2		pfam	both	A	7/7	canonical	1	0	unscoreable	2	0	0														not_admitted	not_admitted	not_admitted	not_admitted	not_admitted	not_admitted	not_admitted
NZ_CP005931.1	MPF_F	IncFIB(AP001918);IncFIC(FII)	212	0	0	GA	0															not_admitted	not_admitted	not_admitted	not_admitted	not_admitted	not_admitted	not_admitted	not_admitted	not_admitted	not_admitted	1	157;146013;147005;+;369.3	168;152652;154025;+;380.9	161;149734;150477;+;235.0	154;142377;145004;+;305.4	169;154022;154699;+;202.2	147;138895;140322;+;94.3	154;142377;145004;+;98.5	145;137614;138180;+;184.4	158;147014;147652;+;68.4	159;147649;149457;+;268.0	173;158554;160368;+;392.5	151;141346;141861;+;78.0	173;158554;160368;+;70.7	A	9/9	contiguous	20940	1	1	154766..156847+;693;unnamed;0
NZ_CP005961.1	-	-	457	0	0	GA	0															not_admitted	not_admitted	not_admitted	not_admitted	not_admitted	not_admitted	not_admitted	not_admitted	not_admitted	not_admitted	1	434;388560;389606;+;299.4	352;305602;307029;-;269.5	353;307013;308044;-;240.9	429;383511;385913;+;267.6	351;302570;305602;-;292.6	424;373506;374855;+;128.0	429;383511;385913;+;139.0	422;371693;372331;+;76.4	432;386714;387865;+;55.0	435;389616;392975;+;129.6	417;367505;369376;+;53.6	425;374922;375449;+;79.6	417;367505;369376;+;58.4	A	9/9	split_2	87046	0	1	
NZ_CP005971.1	MPF_T	-	70	0	0	GA	1	3;1864;2571;+;36.9			6;3376;5808;+;68.5		7;5805;6491;+;48.9	9;6888;7820;+;122.3		10;8228;9016;+;102.2	11;9006;9815;+;134.7	12;9802;11172;+;127.9	13;11182;12213;+;48.5	16;12936;14588;+;244.2		pfam	pfam_only	A	7/7	canonical	1	0	unscoreable	5	0	0														not_admitted	not_admitted	not_admitted	not_admitted	not_admitted	not_admitted	not_admitted
NZ_CP005994.1	MPF_T	IncX1	46	0	0	GA	1	44;36686;37333;+;45.2	45;37311;37607;+;77.5		0;57;1025;+;52.9	0;57;1025;+;79.0	3;2693;3442;+;66.6	5;3753;4814;+;134.6		6;5059;5772;+;120.0	7;5777;6706;+;133.8	8;6703;7908;+;134.4	9;7910;8941;+;76.5	10;8944;10779;+;488.6		pfam	pfam_only	A	7/7	canonical	1	0	unscoreable	2	0	0														not_admitted	not_admitted	not_admitted	not_admitted	not_admitted	not_admitted	not_admitted
NZ_CP006257.1	MPF_T	-	62	0	0	GA	1	37;25390;26079;+;38.7			39;26764;29316;+;74.0		40;29313;29999;+;55.9	42;30396;31328;+;125.3		43;31739;32527;+;100.2	44;32517;33326;+;136.4	45;33313;34671;+;127.4	46;34681;35712;+;48.5	50;38951;40609;+;247.9		pfam	pfam_only	A	7/7	canonical	1	0	unscoreable	5	0	0														not_admitted	not_admitted	not_admitted	not_admitted	not_admitted	not_admitted	not_admitted
NZ_CP006264.1	MPF_T	IncI2(Delta)	75	0	0	GA	1	41;32237;32719;-;81.1	57;48791;49081;-;28.9	56;48400;48684;-;36.5	55;46037;48394;-;60.7	55;46037;48394;-;44.0	66;53607;54248;-;42.8	67;54254;55249;-;128.5		53;45137;45871;-;144.3	52;44370;45140;-;170.5	51;43241;44380;-;154.7	44;34488;36026;-;207.1	49;40097;42055;-;288.2		pfam	pfam_only	A	7/7	rearranged	1	0	unscoreable	14	1	0														not_admitted	not_admitted	not_admitted	not_admitted	not_admitted	not_admitted	not_admitted
NZ_CP006635.1	MPF_F	IncFIB(AP001918);IncFIC(FII);IncQ1	171	0	0	GA	0															not_admitted	not_admitted	not_admitted	not_admitted	not_admitted	not_admitted	not_admitted	not_admitted	not_admitted	not_admitted	1	49;42486;43478;-;369.3	38;35427;36800;-;378.0	45;39014;39757;-;234.1	52;44487;47114;-;305.4	37;32608;35430;-;389.5	58;49169;50596;-;94.3	52;44487;47114;-;98.5	60;51311;51877;-;183.8	48;41839;42477;-;68.4	47;40034;41842;-;268.4	34;28926;31079;-;391.9	54;47630;48145;-;78.4	34;28926;31079;-;70.4	A	9/9	contiguous	22385	1	1	32095..32586-;163;TraS;0
NZ_CP006640.1	MPF_T	-	48	0	0	GA	1	10;4211;4951;+;34.8	12;5275;5565;+;46.6	13;5617;5931;+;65.3	14;5931;8561;+;123.6	14;5931;8561;+;86.6	15;8571;9278;+;116.1	17;9537;10580;+;126.7	18;10675;10845;+;41.4	19;10848;11564;+;145.6	20;11567;12454;+;146.9	21;12451;13605;+;174.0	22;13598;14629;+;78.1	28;19327;20904;-;54.8		pfam	both	A	7/7	canonical	1	0	ga	7	0	0														not_admitted	not_admitted	not_admitted	not_admitted	not_admitted	not_admitted	not_admitted
NZ_CP006642.1	MPF_T	IncFIB(K);IncN;IncX1	152	0	0	GA	1	123;117956;118618;+;48.3	124;118629;118928;+;36.6	125;118938;121688;+;60.6	125;118938;121688;+;134.0	125;118938;121688;+;48.6	126;121707;122423;+;137.0	128;122737;123744;+;137.8		130;123954;124640;+;158.3	131;124633;125526;+;147.4	132;125523;126719;+;134.7	133;126723;127772;+;71.5	140;132511;134418;+;24.3		pfam	pfam_only	A	7/7	canonical	1	1	unscoreable	8	0	0														not_admitted	not_admitted	not_admitted	not_admitted	not_admitted	not_admitted	not_admitted
NZ_CP006661.1	MPF_F	IncC	173	0	0	GA	0															not_admitted	not_admitted	not_admitted	not_admitted	not_admitted	not_admitted	not_admitted	not_admitted	not_admitted	not_admitted	1	110;86555;87562;+;332.9	4;3998;5431;+;339.2	3;2968;3996;+;221.7	105;81356;83803;+;354.2	5;5444;9058;+;375.3	96;68045;69361;+;135.0	105;81356;83803;+;128.6	94;66521;67147;+;92.1	108;84625;85890;+;67.6	111;87678;90473;+;145.3	85;60846;62711;+;47.4	97;69358;69936;+;100.2	85;60846;62711;+;52.0	A	9/9	split_2	84710	0	1	
NZ_CP006665.1	MPF_F	-	136	0	0	GA	0															not_admitted	not_admitted	not_admitted	not_admitted	not_admitted	not_admitted	not_admitted	not_admitted	not_admitted	not_admitted	1	98;93458;94465;+;333.9	41;34496;35932;+;329.4	40;33463;34494;+;213.7	93;88261;90702;+;314.4	42;35948;39499;+;361.7	88;79434;80756;+;133.5	93;88261;90702;+;126.8	86;77904;78521;+;82.5	96;91531;92799;+;57.7	99;94478;97276;+;135.4	81;73672;75528;+;49.3	89;80753;81313;+;87.2	81;73672;75528;+;54.1	A	9/9	split_2	61015	0	1	
NZ_CP006697.1	MPF_T	-	36	0	0	GA	1		26;19275;19595;+;54.0		28;19946;22360;+;86.7	28;19946;22360;+;43.2	29;22363;23028;+;120.9	31;23304;24281;+;124.6		32;24285;24995;+;158.0	33;24992;25771;+;170.6	34;25774;27072;+;191.1	35;27050;28093;+;83.7			pfam	both	B	6/7	canonical	1	0	unscoreable	2	0	0														not_admitted	not_admitted	not_admitted	not_admitted	not_admitted	not_admitted	not_admitted
NZ_CP006739.1	MPF_T	-	34	0	0	GA	1		17;9607;9927;+;54.6		19;10278;12692;+;86.4	19;10278;12692;+;43.3	20;12695;13360;+;120.9	23;13996;14967;+;128.3		24;14971;15681;+;154.4	25;15678;16457;+;173.9	26;16460;17758;+;191.3	27;17736;18779;+;83.1	28;18769;21051;+;340.5		pfam	both	A	7/7	canonical	1	0	unscoreable	3	0	0														not_admitted	not_admitted	not_admitted	not_admitted	not_admitted	not_admitted	not_admitted
NZ_CP006746.1	MPF_F	IncFIB(pHCM2);IncFII(Yp);IncFII(pAR0022)	139	0	0	GA	0															not_admitted	not_admitted	not_admitted	not_admitted	not_admitted	not_admitted	not_admitted	not_admitted	not_admitted	not_admitted	1	1;1538;2524;-;371.3	133;132893;134263;-;366.6	136;135063;135812;-;215.8	4;3518;6148;-;285.5	132;130074;132893;-;334.6	10;8179;9573;-;91.7	4;3518;6148;-;98.6	12;10290;10856;-;169.0	0;892;1521;-;67.8	138;136063;136998;-;262.2	16;13189;15288;+;385.0	9;7618;8157;-;66.1	16;13189;15288;+;64.0	A	9/9	split_2	135171	0	1	
NZ_CP006749.1	MPF_F	IncFIB(pHCM2);IncFII(Yp);IncFII(pAR0022)	145	0	0	GA	0															not_admitted	not_admitted	not_admitted	not_admitted	not_admitted	not_admitted	not_admitted	not_admitted	not_admitted	not_admitted	1	93;90978;91964;+;371.3	100;96257;97627;+;366.6	97;94708;95457;+;215.8	90;87354;89984;+;285.5	101;97627;100446;+;334.6	84;83929;85323;+;91.7	90;87354;89984;+;98.6	82;82646;83212;+;169.0	94;91981;92610;+;67.8	95;92607;94457;+;259.3	78;78214;80313;-;385.0	85;85345;85884;+;66.1	78;78214;80313;-;64.0	A	9/9	contiguous	19413	0	1	
NZ_CP006752.1	MPF_F	IncFIB(pHCM2);IncFII(Yp);IncFII(pAR0022)	140	0	0	GA	0															not_admitted	not_admitted	not_admitted	not_admitted	not_admitted	not_admitted	not_admitted	not_admitted	not_admitted	not_admitted	1	20;19633;20619;-;371.3	13;13970;15340;-;366.6	16;16140;16889;-;215.8	23;21613;24243;-;285.5	12;11151;13970;-;334.6	29;26274;27668;-;91.7	23;21613;24243;-;98.6	31;28385;28951;-;169.0	19;18987;19616;-;67.8	18;17140;18990;-;259.3	35;31284;33383;+;385.0	28;25713;26252;-;66.1	35;31284;33383;+;64.0	A	9/9	contiguous	20133	0	1	
NZ_CP006756.1	MPF_F	IncFIB(pHCM2);IncFII(Yp);IncFII(pAR0022)	140	0	0	GA	0															not_admitted	not_admitted	not_admitted	not_admitted	not_admitted	not_admitted	not_admitted	not_admitted	not_admitted	not_admitted	1	138;134490;135476;+;371.3	5;2756;4126;+;366.6	2;1207;1956;+;215.8	135;130866;133496;+;285.5	6;4126;6945;+;334.6	129;127441;128835;+;91.7	135;130866;133496;+;98.6	127;126158;126724;+;169.0	139;135493;136122;+;67.8	0;21;956;+;262.2	123;121726;123825;-;385.0	130;128857;129396;+;66.1	123;121726;123825;-;64.0	A	9/9	split_2	135472	0	1	
NZ_CP006760.1	MPF_F	IncFIB(pHCM2);IncFII(Yp);IncFII(pAR0022)	139	0	0	GA	0															not_admitted	not_admitted	not_admitted	not_admitted	not_admitted	not_admitted	not_admitted	not_admitted	not_admitted	not_admitted	1	1;1538;2524;-;371.3	133;132893;134263;-;366.6	136;135063;135812;-;215.8	4;3518;6148;-;285.5	132;130074;132893;-;334.6	10;8179;9573;-;91.7	4;3518;6148;-;98.6	12;10290;10856;-;169.0	0;892;1521;-;67.8	138;136063;136998;-;262.2	16;13189;15288;+;385.0	9;7618;8157;-;66.1	16;13189;15288;+;64.0	A	9/9	split_2	135171	0	1	
NZ_CP006779.1	MPF_F	IncFIB(pHCM2);IncFII(Yp);IncFII(pAR0022)	139	0	0	GA	0															not_admitted	not_admitted	not_admitted	not_admitted	not_admitted	not_admitted	not_admitted	not_admitted	not_admitted	not_admitted	1	48;49975;50961;+;371.3	55;55254;56624;+;366.6	52;53705;54454;+;215.8	45;46351;48981;+;285.5	56;56624;59443;+;334.6	39;42926;44320;+;91.7	45;46351;48981;+;98.6	37;41643;42209;+;169.0	49;50978;51607;+;67.8	50;51604;53454;+;259.3	33;37211;39310;-;385.0	40;44342;44881;+;66.1	33;37211;39310;-;64.0	A	9/9	contiguous	19413	0	1	
NZ_CP006799.1	MPF_F	IncFIB(pNDM-Mar);IncHI1B(pNDM-MAR)	318	0	0	GA	0															not_admitted	not_admitted	not_admitted	not_admitted	not_admitted	not_admitted	not_admitted	not_admitted	not_admitted	not_admitted	1	266;229725;230762;+;282.3	28;22797;24206;+;190.4	27;21770;22807;+;175.7	252;214951;217668;+;149.6	29;24208;28176;+;121.3	248;211468;212838;+;65.6	252;214951;217668;+;85.2	245;208962;209822;+;79.0	265;228367;229728;+;69.9	267;230772;233957;+;59.9	107;96397;98523;+;57.7	251;214169;214906;+;56.9	107;96397;98523;+;41.0	A	9/9	split_3	209002	0	1	
NZ_CP006800.1	MPF_F	IncFIB(K)	106	0	0	GA	0															not_admitted	not_admitted	not_admitted	not_admitted	not_admitted	not_admitted	not_admitted	not_admitted	not_admitted	not_admitted	1	86;89065;90057;-;366.6	76;82162;83529;-;381.2	80;84787;85539;-;233.7	88;91072;93711;-;258.7	75;80291;82162;-;346.7	97;97526;98950;-;89.2	88;91072;93711;-;88.8	99;99677;100243;-;167.0	85;88414;89052;-;67.0	84;86411;88417;-;259.6	68;73738;76050;-;392.7	95;96345;96914;-;49.7	68;73738;76050;-;66.6	A	9/9	contiguous	25939	0	1	
NZ_CP006856.1	MPF_T	-	68	0	0	GA	1	33;33079;33981;-;38.9	44;42819;43196;-;71.2	43;42523;42822;-;50.8	42;39867;42536;-;66.0	42;39867;42536;-;82.7	41;39202;39864;-;70.7	38;37701;38567;-;148.5		37;37030;37704;-;92.1	36;36223;37005;-;199.4	35;35001;36221;-;174.5	34;33968;34990;-;112.7	27;26776;28350;+;70.4		pfam	both	A	7/7	canonical	1	0	unscoreable	7	0	0														not_admitted	not_admitted	not_admitted	not_admitted	not_admitted	not_admitted	not_admitted
NZ_CP006879.1	MPF_T	-	526	0	0	GA	1	50;52785;53057;-;31.5	520;501229;501612;-;72.7	519;500937;501236;-;65.6	518;498470;500926;-;170.7	518;498470;500926;-;121.8	517;497695;498498;-;48.6	515;496323;497504;-;113.1		514;495642;496304;-;135.5	513;494812;495624;-;187.6	511;493022;494359;-;215.4	521;501602;502579;-;126.3	499;481717;483630;-;551.7		conjscan	conjscan_only	A	7/7	canonical	1	0	unscoreable	14	0	0														not_admitted	not_admitted	not_admitted	not_admitted	not_admitted	not_admitted	not_admitted
NZ_CP006880.1	-	-	2351	0	0	GA	1	113;121165;122244;-;79.7	116;124960;125295;-;71.5	115;124658;124963;-;69.9	114;122241;124655;-;115.0	114;122241;124655;-;98.0	112;120448;121149;-;48.5	110;119206;120231;-;145.2		109;118485;119177;-;179.4	108;117676;118488;-;195.5	107;116429;117679;-;209.8	106;115441;116469;-;126.2	105;113411;115444;-;321.6		pfam	pfam_only	A	7/7	canonical	1	0	unscoreable	1	0	0														not_admitted	not_admitted	not_admitted	not_admitted	not_admitted	not_admitted	not_admitted
NZ_CP006922.1	MPF_F	IncFII(Yp)	100	0	0	GA	0															not_admitted	not_admitted	not_admitted	not_admitted	not_admitted	not_admitted	not_admitted	not_admitted	not_admitted	not_admitted	1	55;40717;41709;+;362.9	64;46799;48169;+;378.1	61;45263;46015;+;223.8	52;37052;39691;+;259.1	65;48169;51048;+;343.0	42;31869;33290;+;87.4	52;37052;39691;+;83.9	40;30576;31142;+;167.2	56;41722;42360;+;66.0	57;42419;44374;+;255.2	67;51818;54118;+;390.5	44;33751;34314;+;55.8	67;51818;54118;+;65.8	A	9/9	contiguous	21242	1	1	51051..51581+;176;unnamed;0
NZ_CP006987.1	MPF_T	-	227	0	0	GA	1		221;238754;239137;-;74.8	220;238462;238761;-;64.8	219;236001;238451;-;168.0	219;236001;238451;-;124.7	218;235226;236023;-;50.2	216;233854;235035;-;113.3		215;233171;233833;-;134.4	214;232341;233153;-;190.9	212;230583;231887;-;217.9	222;239127;240104;-;132.0	199;218601;220565;-;549.4		conjscan	conjscan_only	A	7/7	canonical	1	0	unscoreable	3	0	0														not_admitted	not_admitted	not_admitted	not_admitted	not_admitted	not_admitted	not_admitted
NZ_CP006988.1	MPF_T	-	367	0	0	GA	1		361;387868;388251;-;67.7	360;387576;387875;-;63.6	359;385111;387567;-;178.3	359;385111;387567;-;119.2	358;384336;385139;-;40.7	356;382985;384127;-;111.1		355;382298;382960;-;130.9	354;381469;382281;-;188.7	352;379715;381016;-;215.0	362;388241;389218;-;125.4	340;368319;370295;-;547.3		conjscan	conjscan_only	A	7/7	canonical	1	0	unscoreable	14	0	0														not_admitted	not_admitted	not_admitted	not_admitted	not_admitted	not_admitted	not_admitted
NZ_CP006991.1	MPF_T	-	692	0	0	GA	1	244;265220;265879;+;21.4	245;265876;266175;+;90.3	246;266181;266519;+;99.7	247;266512;268878;+;168.4	247;266512;268878;+;106.8		251;269808;270740;+;169.7		253;271070;271741;+;207.8	254;271738;272595;+;184.9	255;272604;273782;+;178.0	298;316367;317815;-;209.8	273;288658;290577;-;326.7		none	none	A	7/7	canonical	0	0	unscoreable	4	0	0														not_admitted	not_admitted	not_admitted	not_admitted	not_admitted	not_admitted	not_admitted
NZ_CP007001.1	-	-	38	0	0	GA	1	17;17091;17594;-;66.5	35;33701;34018;-;65.3	34;30941;33694;-;61.6	34;30941;33694;-;162.5	34;30941;33694;-;79.6	33;30184;30930;-;114.1	32;29074;30180;-;68.8		30;28233;28904;-;173.5	28;27145;28083;-;159.3	27;25947;27152;-;163.1	26;25013;25957;-;119.1	25;23115;25016;-;344.2		pfam	pfam_only	A	7/7	canonical	1	1	unscoreable	9	0	0														not_admitted	not_admitted	not_admitted	not_admitted	not_admitted	not_admitted	not_admitted
NZ_CP007006.1	-	-	117	0	0	GA	0															not_admitted	not_admitted	not_admitted	not_admitted	not_admitted	not_admitted	not_admitted	not_admitted	not_admitted	not_admitted	1	74;50059;51138;+;101.7			72;46473;49505;+;129.4	77;52803;54665;+;42.4								62;38768;40903;+;33.9	D	3/9	contiguous	14035	1	0	54803..55204+;133;unnamed;0
NZ_CP007015.1	MPF_T	-	67	0	0	GA	1	9;5880;6587;+;36.6			12;7350;9824;+;68.3		13;9821;10507;+;48.5	15;10900;11835;+;132.4		17;12261;13049;+;101.8	18;13039;13848;+;136.5	19;13835;15205;+;128.3	20;15215;16246;+;49.1	24;19445;21097;+;259.1		pfam	pfam_only	A	7/7	canonical	1	0	unscoreable	13	0	0														not_admitted	not_admitted	not_admitted	not_admitted	not_admitted	not_admitted	not_admitted
NZ_CP007048.1	MPF_T	-	346	0	0	GA	1	317;316199;317374;+;70.4	314;313010;313369;+;51.2	315;313372;313698;+;46.2	316;313702;316221;+;139.9	316;313702;316221;+;94.2		320;318397;319470;+;84.1		321;319498;320232;+;110.4	322;320229;321059;+;184.8	323;321071;322408;+;192.9	324;322405;323454;+;127.5	325;323423;326140;+;232.0		none	none	A	7/7	canonical	0	0	unscoreable	2	0	0														not_admitted	not_admitted	not_admitted	not_admitted	not_admitted	not_admitted	not_admitted
NZ_CP007134.1	MPF_T	IncI2(Delta)	75	0	0	GA	1	41;32237;32719;-;81.1	57;48791;49081;-;28.9	56;48400;48684;-;36.5	55;46037;48394;-;60.7	55;46037;48394;-;44.0	66;53607;54248;-;42.8	67;54254;55249;-;128.5		53;45137;45871;-;144.3	52;44370;45140;-;170.5	51;43241;44380;-;154.7	44;34488;36026;-;207.1	49;40097;42055;-;288.2		pfam	pfam_only	A	7/7	rearranged	1	0	unscoreable	14	1	0														not_admitted	not_admitted	not_admitted	not_admitted	not_admitted	not_admitted	not_admitted
NZ_CP007180.1	MPF_T	-	56	0	0	GA	1		28;24413;24676;+;56.6	29;24689;24850;+;49.1	30;24847;27456;+;175.7	30;24847;27456;+;86.7	36;29862;30518;+;37.5	38;30829;31827;+;120.0		40;31971;32630;+;177.9	41;32627;33517;+;162.9	42;33527;34705;+;164.3	43;34686;35693;+;93.9	44;35694;37505;+;350.9		pfam	pfam_only	A	7/7	canonical	1	0	unscoreable	7	0	0														not_admitted	not_admitted	not_admitted	not_admitted	not_admitted	not_admitted	not_admitted
NZ_CP007182.1	MPF_T	-	54	0	0	GA	1		24;21186;21449;+;59.3	25;21462;24230;+;73.3	25;21462;24230;+;174.1	25;21462;24230;+;86.1	30;26214;27185;+;82.6	31;27182;28180;+;119.2		33;28327;28989;+;177.6	34;28986;29873;+;158.8	35;29900;31081;+;166.3	36;31062;32054;+;93.2	37;32162;33865;+;351.5		pfam	pfam_only	A	7/7	canonical	1	1	unscoreable	5	0	0														not_admitted	not_admitted	not_admitted	not_admitted	not_admitted	not_admitted	not_admitted
NZ_CP007184.1	MPF_T	-	49	0	0	GA	1				26;17856;20324;-;105.3		46;32129;33082;-;29.0	14;8571;9719;-;97.5		24;17034;17711;-;113.9	23;15961;17034;-;98.3	22;14843;15964;-;144.0	20;13677;14630;-;101.0	18;11377;13263;-;242.2		pfam	pfam_only	A	7/7	canonical	1	0	unscoreable	6	0	0														not_admitted	not_admitted	not_admitted	not_admitted	not_admitted	not_admitted	not_admitted
NZ_CP007214.1	MPF_F	-	183	0	0	GA	0															not_admitted	not_admitted	not_admitted	not_admitted	not_admitted	not_admitted	not_admitted	not_admitted	not_admitted	not_admitted	1	27;29472;30500;-;365.6	20;22991;24436;-;327.1	21;24436;25245;-;213.0	32;33107;35707;-;218.5	19;19476;22994;-;232.4	39;41858;43195;-;95.0	32;33107;35707;-;77.9	41;43925;44536;-;81.1	26;28684;29475;-;91.9	24;26124;27389;-;150.4	56;62713;64773;-;411.6	33;35721;36410;-;49.7	56;62713;64773;-;64.6	A	9/9	contiguous	43237	0	1	
NZ_CP007449.1	MPF_F	IncFII(Yp);IncFII(pAR0022)	91	0	0	GA	0															not_admitted	not_admitted	not_admitted	not_admitted	not_admitted	not_admitted	not_admitted	not_admitted	not_admitted	not_admitted	1	41;40701;41699;-;353.5	34;35129;36490;-;340.8	36;37103;37879;-;196.9	44;42780;45371;-;219.8	33;32278;35127;-;285.2	50;47152;48513;-;74.4	44;42780;45371;-;87.2	52;49230;49793;-;145.5	39;39698;40315;-;80.6	37;37876;39240;-;248.7	29;27678;29576;-;366.6	45;45382;45954;-;49.6	29;27678;29576;-;61.9	A	9/9	contiguous	21552	1	1	31683..32291-;202;unnamed;0
NZ_CP007582.1	MPF_F	IncFIB(S);IncFII(S);IncFII(pAR0022)	114	0	0	GA	0															not_admitted	not_admitted	not_admitted	not_admitted	not_admitted	not_admitted	not_admitted	not_admitted	not_admitted	not_admitted	1	95;70011;71003;+;366.7	104;76251;77633;+;392.4	101;74470;75219;+;231.0	92;67204;69024;+;315.4	105;77630;80452;+;394.4	84;63250;64671;+;91.5	92;67204;69024;+;34.0	82;61957;62523;+;188.1	97;71315;71953;+;70.6	99;72406;74232;+;271.0	108;82106;84367;+;371.4	87;65477;65992;+;96.7	108;82106;84367;+;69.6	A	9/9	contiguous	20149	1	1	80474..80962+;162;TraS;0
NZ_CP007599.1	MPF_T	IncX4	52	0	0	GA	1	1;817;1428;+;53.8	2;1400;1714;+;30.8	3;1772;2092;+;39.0	4;2095;4467;+;81.6	4;2095;4467;+;33.6	50;38445;39086;-;33.9	51;39088;39573;-;60.6		6;4598;5335;+;158.9	7;5332;6111;+;167.2	8;6101;7243;+;143.5	9;7243;8262;+;91.9	10;8313;10280;+;290.5		pfam	pfam_only	A	7/7	uncallable	0	0	unscoreable	1	0	0														not_admitted	not_admitted	not_admitted	not_admitted	not_admitted	not_admitted	not_admitted
NZ_CP007636.1	MPF_F	IncC	197	0	0	GA	0															not_admitted	not_admitted	not_admitted	not_admitted	not_admitted	not_admitted	not_admitted	not_admitted	not_admitted	not_admitted	1	116;93979;94986;+;332.9	7;6737;8170;+;339.2	6;5707;6735;+;221.7	111;88780;91227;+;354.2	8;8183;11797;+;375.3	102;75469;76785;+;135.0	111;88780;91227;+;128.6	100;73945;74571;+;92.1	114;92049;93314;+;67.6	117;95102;97897;+;145.3	91;68270;70135;+;47.4	103;76782;77360;+;100.2	91;68270;70135;+;52.0	A	9/9	split_2	89395	0	1	
NZ_CP007729.1	MPF_F	IncFIB(K);IncFII(K)	263	0	0	GA	0															not_admitted	not_admitted	not_admitted	not_admitted	not_admitted	not_admitted	not_admitted	not_admitted	not_admitted	not_admitted	1	238;216429;217421;+;366.6	248;222872;224242;+;381.2	244;220918;221670;+;232.4	235;212764;215403;+;258.7	249;224242;227091;+;344.2	226;207525;208949;+;89.2	235;212764;215403;+;88.8	224;206232;206798;+;167.0	239;217434;218072;+;67.0	240;218069;220075;+;259.0	253;228905;231214;+;393.2	228;209561;210130;+;49.7	253;228905;231214;+;65.8	A	9/9	contiguous	22673	1	1	227094..227624+;176;unnamed;0
NZ_CP007730.1	MPF_F	IncFIB(pQil);IncFII(K)	132	0	0	GA	0															not_admitted	not_admitted	not_admitted	not_admitted	not_admitted	not_admitted	not_admitted	not_admitted	not_admitted	not_admitted	1	113;91357;92346;+;366.0	123;97893;99260;+;380.7	119;95883;96635;+;233.7	109;87275;89914;+;258.5	124;99260;102109;+;345.6	101;82594;84018;+;88.8	109;87275;89914;+;88.7	99;81301;81867;+;169.3	114;92359;92997;+;67.0	115;93056;95011;+;259.7	128;104595;106907;+;392.7	102;84132;84716;+;55.4	128;104595;106907;+;66.5	A	9/9	contiguous	23294	1	1	102122..102670+;182;unnamed;0
NZ_CP007732.1	MPF_F	IncC;IncN	305	0	0	GA	0															not_admitted	not_admitted	not_admitted	not_admitted	not_admitted	not_admitted	not_admitted	not_admitted	not_admitted	not_admitted	1	144;112983;113990;+;332.9	294;257098;258531;+;339.2	293;256068;257096;+;221.7	139;107784;110231;+;354.5	295;258544;262158;+;373.6	134;98911;100227;+;135.0	139;107784;110231;+;128.3	132;97387;98013;+;92.7	142;111053;112318;+;67.9	145;114106;116904;+;145.3	51;38974;40473;-;272.1	135;100224;100802;+;100.2	51;38974;40473;-;69.2	A	9/9	split_3	219570	0	1	
NZ_CP007734.1	MPF_F	IncFIB(K);IncFII(K);RepB	372	0	0	GA	0															not_admitted	not_admitted	not_admitted	not_admitted	not_admitted	not_admitted	not_admitted	not_admitted	not_admitted	not_admitted	1	324;304813;305802;-;366.6	314;297929;299296;-;381.2	318;300553;301305;-;231.5	328;307245;309884;-;256.8	313;295080;297929;-;345.0	336;313079;314503;-;89.2	328;307245;309884;-;88.8	338;315230;315796;-;169.3	323;304162;304800;-;67.0	322;302148;304103;-;259.2	308;290308;292620;-;393.1	335;312381;312965;-;54.3	308;290308;292620;-;66.6	A	9/9	contiguous	24922	1	1	294547..295077-;176;unnamed;0
NZ_CP007736.1	-	IncFIA(HI1);IncFII(K);IncFII(pAR0022)	128	0	0	GA	0															not_admitted	not_admitted	not_admitted	not_admitted	not_admitted	not_admitted	not_admitted	not_admitted	not_admitted	not_admitted	1	114;102469;103467;-;370.2	109;97377;98741;-;350.2	111;99336;100106;-;204.8	117;104505;107126;-;216.9	108;94504;97374;-;243.4	120;108085;109416;-;85.3	117;104505;107126;-;92.2	122;110122;110697;-;87.7	113;102071;102499;-;64.0	112;100106;102043;-;231.2	106;91669;93801;-;377.1	118;107135;107665;-;34.9	106;91669;93801;-;67.6	A	9/9	contiguous	18453	1	1	93932..94495-;187;unnamed;0
NZ_CP007750.1	MPF_T	-	51	0	0	GA	1		1;877;1140;-;59.3		50;44544;46223;-;100.8		45;41589;42560;-;83.3	44;40594;41592;-;119.5		42;39785;40447;-;177.6	41;38901;39788;-;161.4	40;37702;38874;-;166.0	39;36729;37721;-;93.2	38;34917;36728;-;348.4		pfam	pfam_only	A	7/7	canonical	1	0	unscoreable	5	0	0														not_admitted	not_admitted	not_admitted	not_admitted	not_admitted	not_admitted	not_admitted
NZ_CP007767.1	MPF_T	-	50	0	0	GA	1		40;43118;43378;-;54.7	39;40337;43111;-;78.4	39;40337;43111;-;166.1	39;40337;43111;-;80.1	38;39321;40340;-;73.9	36;37420;38430;-;98.4		34;36070;36738;-;175.0	33;35138;36073;-;151.3	32;33963;35141;-;159.2	31;32962;33963;-;101.6	29;30605;32401;-;341.5		pfam	pfam_only	A	7/7	canonical	1	1	unscoreable	3	0	0														not_admitted	not_admitted	not_admitted	not_admitted	not_admitted	not_admitted	not_admitted
NZ_CP008707.1	MPF_F	-	115	0	0	GA	0															not_admitted	not_admitted	not_admitted	not_admitted	not_admitted	not_admitted	not_admitted	not_admitted	not_admitted	not_admitted	1	102;68467;69510;+;369.2	107;73493;74920;+;325.8	105;72279;73091;+;219.1	98;64179;66905;+;164.6	108;74936;77938;+;208.7	94;61181;62497;+;102.7	98;64179;66905;+;108.4	92;59890;60468;+;83.7	103;69525;70232;+;107.6	104;70229;72286;+;91.0	70;43946;46105;+;381.3	97;63525;64169;+;41.9	70;43946;46105;+;90.0	A	9/9	contiguous	30990	1	1	78010..78528+;172;unnamed;0
NZ_CP008799.1	MPF_T	ColRNAI;IncX3	74	0	0	GA	1	9;9359;10003;-;46.4	8;9085;9375;-;73.1	7;6307;9060;-;47.0	7;6307;9060;-;145.4	7;6307;9060;-;73.3	6;5527;6297;-;60.1	4;4193;5248;-;133.2		3;3270;3998;-;119.4	2;2335;3264;-;138.8	1;1124;2338;-;128.3		73;56106;57941;-;495.9		pfam	pfam_only	B	6/7	canonical	1	1	unscoreable	1	0	0														not_admitted	not_admitted	not_admitted	not_admitted	not_admitted	not_admitted	not_admitted
NZ_CP008800.1	MPF_F	IncFIB(K);IncFII(K)	203	0	0	GA	0															not_admitted	not_admitted	not_admitted	not_admitted	not_admitted	not_admitted	not_admitted	not_admitted	not_admitted	not_admitted	1	178;167482;168474;+;366.6	188;173925;175295;+;381.2	184;171971;172723;+;232.4	175;163817;166456;+;258.7	189;175295;178144;+;344.2	166;158578;160002;+;89.2	175;163817;166456;+;88.8	164;157285;157851;+;167.0	179;168487;169125;+;67.0	180;169122;171128;+;259.0	193;179958;182267;+;393.2	168;160614;161183;+;49.7	193;179958;182267;+;65.8	A	9/9	contiguous	22673	1	1	178147..178677+;176;unnamed;0
NZ_CP008807.1	MPF_T	pEC4115	49	0	0	GA	1	7;4386;4997;+;41.4	8;4969;5283;+;30.3	9;5341;5661;+;45.6	10;5664;8036;+;81.6	10;5664;8036;+;33.6	6;3677;4318;+;33.9	4;2474;3451;+;132.9		12;8167;8904;+;156.5	13;8901;9680;+;167.2	14;9670;10812;+;143.5	15;10812;11831;+;91.9	16;11882;13849;+;290.5		pfam	pfam_only	A	7/7	rearranged	1	0	unscoreable	2	0	0														not_admitted	not_admitted	not_admitted	not_admitted	not_admitted	not_admitted	not_admitted
NZ_CP008809.1	MPF_T	-	35	0	0	GA	1	1;581;1321;+;58.2	23;15606;15899;+;65.5	24;15896;16186;+;42.0	25;16190;18649;+;107.7	25;16190;18649;+;89.9	28;19906;20886;+;59.2	30;21087;22382;+;41.4		31;22518;23201;+;120.9	32;23214;24137;+;170.0	34;24578;25795;+;208.5	22;14641;15585;+;133.7	7;4236;5834;+;315.8		conjscan	both	A	7/7	canonical	1	0	unscoreable	24	0	0														not_admitted	not_admitted	not_admitted	not_admitted	not_admitted	not_admitted	not_admitted
NZ_CP008811.1	-	-	46	0	0	GA	1	23;17391;17888;+;64.3	1;338;655;+;66.1	2;662;2518;+;62.3	2;662;2518;+;165.7	2;662;2518;+;76.9	4;3426;4172;+;116.2	5;4176;5282;+;70.3		7;5452;6123;+;171.3	8;6203;7141;+;160.3	9;7134;8327;+;162.5	11;8813;9169;+;66.6	14;10291;11175;+;205.1		pfam	pfam_only	A	7/7	canonical	1	1	unscoreable	11	0	0														not_admitted	not_admitted	not_admitted	not_admitted	not_admitted	not_admitted	not_admitted
NZ_CP008824.1	MPF_F	IncC;IncN	356	0	0	GA	0															not_admitted	not_admitted	not_admitted	not_admitted	not_admitted	not_admitted	not_admitted	not_admitted	not_admitted	not_admitted	1	144;112972;113979;+;332.9	345;308740;310173;+;339.2	344;307710;308738;+;221.7	139;107773;110220;+;354.5	346;310186;313800;+;373.6	134;98900;100216;+;135.0	139;107773;110220;+;128.3	132;97376;98002;+;92.7	142;111042;112307;+;67.9	145;114095;116893;+;145.3	51;38974;40473;-;272.1	135;100213;100791;+;100.2	51;38974;40473;-;69.2	A	9/9	split_3	271212	0	1	
NZ_CP008825.1	MPF_F	IncHI2;IncHI2A	307	0	0	GA	0															not_admitted	not_admitted	not_admitted	not_admitted	not_admitted	not_admitted	not_admitted	not_admitted	not_admitted	not_admitted	1	31;34407;35465;+;276.9	203;193345;194760;-;194.1	204;194750;195796;-;173.7	12;10021;12702;+;168.0	202;189386;193336;-;101.6	7;5270;6625;+;80.7	12;10021;12702;+;72.2	4;2758;3546;+;74.8	29;32754;34265;+;62.7	32;35484;38672;+;58.3	210;202837;204921;+;56.7	11;9062;10012;+;46.4	210;202837;204921;+;38.8	A	9/9	split_3	200079	0	1	
NZ_CP008829.1	MPF_F	IncFIB(K);IncFII(K)	263	0	0	GA	0															not_admitted	not_admitted	not_admitted	not_admitted	not_admitted	not_admitted	not_admitted	not_admitted	not_admitted	not_admitted	1	238;216429;217421;+;366.6	248;222872;224242;+;381.2	244;220918;221670;+;232.4	235;212764;215403;+;258.7	249;224242;227091;+;344.2	226;207525;208949;+;89.2	235;212764;215403;+;88.8	224;206232;206798;+;167.0	239;217434;218072;+;67.0	240;218069;220075;+;259.0	253;228905;231214;+;393.2	228;209561;210130;+;49.7	253;228905;231214;+;65.8	A	9/9	contiguous	22673	1	1	227094..227624+;176;unnamed;0
NZ_CP008830.1	MPF_F	IncFIB(pQil);IncFII(K)	132	0	0	GA	0															not_admitted	not_admitted	not_admitted	not_admitted	not_admitted	not_admitted	not_admitted	not_admitted	not_admitted	not_admitted	1	113;91357;92346;+;366.0	123;97893;99260;+;380.7	119;95883;96635;+;233.7	109;87275;89914;+;258.5	124;99260;102109;+;345.6	101;82594;84018;+;88.8	109;87275;89914;+;88.7	99;81301;81867;+;169.3	114;92359;92997;+;67.0	115;93056;95011;+;259.7	128;104595;106907;+;392.7	102;84132;84716;+;55.4	128;104595;106907;+;66.5	A	9/9	contiguous	23294	1	1	102122..102670+;182;unnamed;0
NZ_CP008833.1	MPF_F	IncFIB(pQil);IncFII(K)	132	0	0	GA	0															not_admitted	not_admitted	not_admitted	not_admitted	not_admitted	not_admitted	not_admitted	not_admitted	not_admitted	not_admitted	1	113;91357;92346;+;366.0	123;97893;99260;+;380.7	119;95883;96635;+;233.7	109;87275;89914;+;258.5	124;99260;102109;+;345.6	101;82594;84018;+;88.8	109;87275;89914;+;88.7	99;81301;81867;+;169.3	114;92359;92997;+;67.0	115;93056;95011;+;259.7	128;104595;106907;+;392.7	102;84132;84716;+;55.4	128;104595;106907;+;66.5	A	9/9	contiguous	23294	1	1	102122..102670+;182;unnamed;0
NZ_CP008842.1	MPF_F	IncFII(pKP91)	222	0	0	GA	0															not_admitted	not_admitted	not_admitted	not_admitted	not_admitted	not_admitted	not_admitted	not_admitted	not_admitted	not_admitted	1	47;59885;60874;-;368.2	38;52283;53653;-;378.9	42;54849;55601;-;232.9	50;61903;64542;-;254.8	37;49461;52283;-;346.7	60;68442;69860;-;84.4	50;61903;64542;-;88.2	62;70581;71147;-;148.2	46;59243;59872;-;67.3	45;57288;59243;-;253.9	34;45371;47701;-;388.9	57;67078;67647;-;53.9	34;45371;47701;-;65.2	A	9/9	contiguous	25210	1	1	48821..49435-;204;TraS;0
NZ_CP008843.1	MPF_F	IncFII(Yp);IncFII(pAR0022)	206	0	0	GA	0															not_admitted	not_admitted	not_admitted	not_admitted	not_admitted	not_admitted	not_admitted	not_admitted	not_admitted	not_admitted	1	51;37031;38023;+;366.4	60;42958;44328;+;376.5	57;41422;42174;+;228.0	48;33324;35963;+;257.0	61;44328;47201;+;335.7	39;28392;29807;+;82.8	48;33324;35963;+;83.7	37;27099;27665;+;165.2	52;38036;38653;+;68.5	53;38650;40530;+;252.0	63;47989;50289;+;388.3	42;30636;31217;+;52.6	63;47989;50289;+;65.7	A	9/9	contiguous	20890	1	1	47212..47745+;177;unnamed;0
NZ_CP008851.1	MPF_F	-	102	0	0	GA	0															not_admitted	not_admitted	not_admitted	not_admitted	not_admitted	not_admitted	not_admitted	not_admitted	not_admitted	not_admitted	1	57;40962;42005;-;369.2	52;35556;36983;-;325.8	54;37381;38193;-;219.1	61;43567;46293;-;164.6	51;32538;35540;-;208.7	65;47975;49291;-;102.7	61;43567;46293;-;108.4	67;50004;50582;-;82.6	56;40240;40947;-;107.6	55;38186;40243;-;92.2		62;46303;46947;-;41.9		A	9/9	contiguous	17466	1	1	31948..32466-;172;unnamed;0
NZ_CP008875.1	MPF_T	-	120	0	0	GA	1				47;60858;63092;+;25.5											none	none	D	1/7	uncallable	0	0	unscoreable	0	0	0														not_admitted	not_admitted	not_admitted	not_admitted	not_admitted	not_admitted	not_admitted
NZ_CP008899.1	MPF_F	IncHI2;IncHI2A	282	0	0	GA	0															not_admitted	not_admitted	not_admitted	not_admitted	not_admitted	not_admitted	not_admitted	not_admitted	not_admitted	not_admitted	1	29;32275;33333;+;276.9	128;123046;124461;+;194.1	127;122010;123056;+;173.7	11;8955;11636;+;168.0	129;124470;128420;+;101.6	7;5270;6625;+;80.7	11;8955;11636;+;72.2	4;2758;3546;+;74.8	27;30622;32133;+;62.7	30;33352;36540;+;58.3	121;112885;114969;-;56.7	10;7996;8946;+;46.4	121;112885;114969;-;38.8	A	9/9	split_3	121712	0	1	
NZ_CP008900.1	-	repA(pENTd4a)	81	0	0	GA	1	47;42992;43495;+;83.4			28;22337;24766;+;115.6	28;22337;24766;+;59.6	29;24763;25416;+;125.4	30;25447;26412;+;108.3		31;26511;27197;+;104.8	32;27194;28036;+;158.6	33;28026;29183;+;134.8	39;34689;36230;+;197.7	3;4006;5565;-;59.7		pfam	both	A	7/7	canonical	1	0	unscoreable	12	0	0														not_admitted	not_admitted	not_admitted	not_admitted	not_admitted	not_admitted	not_admitted
NZ_CP008901.1	MPF_T	IncN	60	0	0	GA	1	15;11795;12529;+;32.5		18;13172;13489;+;63.3	19;13489;16089;+;113.8	19;13489;16089;+;76.4	20;16107;16820;+;105.5	22;17071;18111;+;142.4		23;18330;19028;+;131.9	24;19039;19923;+;159.7	25;19923;21083;+;156.3	26;21125;22120;+;81.2	37;34524;36053;-;38.5		pfam	both	A	7/7	canonical	1	0	unscoreable	3	0	0														not_admitted	not_admitted	not_admitted	not_admitted	not_admitted	not_admitted	not_admitted
NZ_CP008906.1	MPF_F	IncHI2;IncHI2A	183	0	0	GA	0															not_admitted	not_admitted	not_admitted	not_admitted	not_admitted	not_admitted	not_admitted	not_admitted	not_admitted	not_admitted	1	29;32275;33333;+;276.9	128;123046;124461;+;194.1	127;122010;123056;+;173.7	11;8955;11636;+;168.0	129;124470;128420;+;101.6	7;5270;6625;+;80.7	11;8955;11636;+;72.2	4;2758;3546;+;74.8	27;30622;32133;+;62.7	30;33352;36540;+;58.3	121;112885;114969;-;56.7	10;7996;8946;+;46.4	121;112885;114969;-;38.8	A	9/9	split_3	121712	0	1	
NZ_CP008908.1	MPF_T	IncN	60	0	0	GA	1	15;11795;12529;+;32.5		18;13172;13489;+;63.3	19;13489;16089;+;113.8	19;13489;16089;+;76.4	20;16107;16820;+;105.5	22;17071;18111;+;142.4		23;18330;19028;+;131.9	24;19039;19923;+;159.7	25;19923;21083;+;156.3	26;21125;22120;+;81.2	37;34524;36053;-;38.5		pfam	both	A	7/7	canonical	1	0	unscoreable	3	0	0														not_admitted	not_admitted	not_admitted	not_admitted	not_admitted	not_admitted	not_admitted
NZ_CP008919.1	-	-	57	0	0	GA	0															not_admitted	not_admitted	not_admitted	not_admitted	not_admitted	not_admitted	not_admitted	not_admitted	not_admitted	not_admitted	1	40;33405;34400;+;361.8	49;40389;41765;+;330.2	43;36910;37698;+;198.5	37;29654;32365;+;235.2	50;41778;42962;+;246.3	32;26450;27811;+;90.8	37;29654;32365;+;124.5	30;25137;25706;+;123.6	41;34416;35036;+;66.9	42;35033;36913;+;235.0	56;45756;47978;+;380.3	36;29089;29652;+;54.8	56;45756;47978;+;73.7	A	9/9	contiguous	20619	1	1	42914..44668+;584;unnamed;0
NZ_CP008930.1	MPF_F	IncFIB(K);IncFII(K)	196	0	0	GA	0															not_admitted	not_admitted	not_admitted	not_admitted	not_admitted	not_admitted	not_admitted	not_admitted	not_admitted	not_admitted	1	185;178081;179073;+;366.6	195;184524;185894;+;381.2	191;182570;183322;+;232.4	182;174416;177055;+;258.7		173;169177;170601;+;89.2	182;174416;177055;+;88.8	171;167884;168450;+;167.0	186;179086;179724;+;67.0	187;179721;181727;+;259.0	4;2986;5295;+;393.2	175;171213;171782;+;49.7	4;2986;5295;+;65.8	B	8/9	split_2	181538	0	1	
NZ_CP008933.1	MPF_F	IncFIB(pNDM-Mar);IncHI1B(pNDM-MAR)	329	0	0	GA	0															not_admitted	not_admitted	not_admitted	not_admitted	not_admitted	not_admitted	not_admitted	not_admitted	not_admitted	not_admitted	1	172;151060;152097;+;282.3	311;285236;286645;-;190.4	312;286635;287672;-;175.7	160;137511;140228;+;149.6	310;281266;285234;-;121.3	156;134028;135398;+;65.6	160;137511;140228;+;85.2	153;131522;132382;+;79.0	171;149702;151063;+;69.9	173;152107;155292;+;59.9	319;294871;296997;+;57.7	159;136729;137466;+;56.9	319;294871;296997;+;41.0	A	9/9	split_2	163349	0	1	
NZ_CP008988.1	MPF_T	-	67	0	0	GA	1	33;33079;33981;-;38.9	44;42819;43196;-;71.2	43;42523;42822;-;50.8	42;39867;42536;-;66.0	42;39867;42536;-;82.6	41;39202;39864;-;70.7	38;37701;38567;-;148.5		37;37030;37704;-;92.1	36;36223;37005;-;199.4	35;35001;36221;-;174.5	34;33968;34990;-;112.7	27;26776;28350;+;70.4		pfam	both	A	7/7	canonical	1	0	unscoreable	7	0	0														not_admitted	not_admitted	not_admitted	not_admitted	not_admitted	not_admitted	not_admitted
NZ_CP008991.1	MPF_T	-	67	0	0	GA	1	33;33079;33981;-;38.9	44;42819;43196;-;71.2	43;42523;42822;-;50.8	42;39867;42536;-;66.0	42;39867;42536;-;82.6	41;39202;39864;-;70.7	38;37701;38567;-;148.5		37;37030;37704;-;92.1	36;36223;37005;-;199.4	35;35001;36221;-;174.5	34;33968;34990;-;112.7	27;26776;28350;+;70.4		pfam	both	A	7/7	canonical	1	0	unscoreable	7	0	0														not_admitted	not_admitted	not_admitted	not_admitted	not_admitted	not_admitted	not_admitted
NZ_CP008994.1	MPF_T	-	68	0	0	GA	1	33;33079;33981;-;38.9	44;42819;43196;-;71.2	43;42523;42822;-;50.8	42;39867;42536;-;66.0	42;39867;42536;-;82.7	41;39202;39864;-;70.7	38;37701;38567;-;148.5		37;37030;37704;-;92.1	36;36223;37005;-;199.4	35;35001;36182;-;173.4	34;33968;34990;-;112.7	27;26776;28350;+;70.4		pfam	both	A	7/7	canonical	1	0	unscoreable	7	0	0														not_admitted	not_admitted	not_admitted	not_admitted	not_admitted	not_admitted	not_admitted
NZ_CP008997.1	MPF_T	-	65	0	0	GA	1	31;31880;32782;-;38.9	42;41620;41997;-;71.2	41;41324;41623;-;50.8	40;38668;41337;-;66.0	40;38668;41337;-;82.7	39;38003;38665;-;70.7	36;36502;37368;-;148.5		35;35831;36505;-;92.1	34;35024;35806;-;199.4	33;33802;35022;-;174.5	32;32769;33791;-;112.7	25;25577;27151;+;70.4		pfam	both	A	7/7	canonical	1	0	unscoreable	7	0	0														not_admitted	not_admitted	not_admitted	not_admitted	not_admitted	not_admitted	not_admitted
NZ_CP009000.1	MPF_T	-	65	0	0	GA	1	31;31880;32782;-;38.9	42;41620;41997;-;71.2	41;41324;41623;-;50.8	40;38668;41337;-;66.0	40;38668;41337;-;82.7	39;38003;38665;-;70.7	36;36502;37368;-;148.5		35;35831;36505;-;92.1	34;35024;35806;-;199.4	33;33802;35022;-;174.5	32;32769;33791;-;112.7	25;25577;27151;+;70.4		pfam	both	A	7/7	canonical	1	0	unscoreable	7	0	0														not_admitted	not_admitted	not_admitted	not_admitted	not_admitted	not_admitted	not_admitted
NZ_CP009003.1	MPF_T	-	65	0	0	GA	1	31;31880;32782;-;38.9	42;41620;41997;-;71.2	41;41324;41623;-;50.8	40;38668;41337;-;66.0	40;38668;41337;-;82.7	39;38003;38665;-;70.7	36;36502;37368;-;148.5		35;35831;36505;-;92.1	34;35024;35806;-;199.4	33;33802;35022;-;174.5	32;32769;33791;-;112.7	25;25577;27151;+;70.4		pfam	both	A	7/7	canonical	1	0	unscoreable	7	0	0														not_admitted	not_admitted	not_admitted	not_admitted	not_admitted	not_admitted	not_admitted
NZ_CP009006.1	MPF_T	-	68	0	0	GA	1	33;33079;33981;-;38.9	44;42819;43196;-;71.2	43;42523;42822;-;50.8	42;39867;42536;-;66.0	42;39867;42536;-;82.7	41;39202;39864;-;70.7	38;37701;38567;-;148.5		37;37030;37704;-;92.1	36;36223;37005;-;199.4	35;35001;36182;-;173.4	34;33968;34990;-;112.7	27;26776;28350;+;70.4		pfam	both	A	7/7	canonical	1	0	unscoreable	7	0	0														not_admitted	not_admitted	not_admitted	not_admitted	not_admitted	not_admitted	not_admitted
NZ_CP009009.1	MPF_T	-	67	0	0	GA	1	33;33071;33973;-;38.9	44;42811;43188;-;71.2	43;42515;42814;-;50.8	42;39859;42528;-;66.0	42;39859;42528;-;82.7	41;39194;39856;-;70.7	38;37693;38559;-;148.5		37;37022;37696;-;92.1	36;36215;36997;-;199.4	35;34993;36213;-;174.5	34;33960;34982;-;112.7	27;26768;28342;+;70.4		pfam	both	A	7/7	canonical	1	0	unscoreable	7	0	0														not_admitted	not_admitted	not_admitted	not_admitted	not_admitted	not_admitted	not_admitted
NZ_CP009012.1	MPF_T	-	67	0	0	GA	1	33;33071;33973;-;38.9	44;42811;43188;-;71.2	43;42515;42814;-;50.8	42;39859;42528;-;66.0	42;39859;42528;-;82.7	41;39194;39856;-;70.7	38;37693;38559;-;148.5		37;37022;37696;-;92.1	36;36215;36997;-;199.4	35;34993;36213;-;174.5	34;33960;34982;-;112.7	27;26768;28342;+;70.4		pfam	both	A	7/7	canonical	1	0	unscoreable	7	0	0														not_admitted	not_admitted	not_admitted	not_admitted	not_admitted	not_admitted	not_admitted
NZ_CP009015.1	MPF_T	-	67	0	0	GA	1	33;33078;33980;-;38.9	44;42818;43195;-;71.2	43;42522;42821;-;50.8	42;39866;42535;-;66.0	42;39866;42535;-;82.7	41;39201;39863;-;70.7	38;37700;38566;-;148.5		37;37029;37703;-;92.1	36;36222;37004;-;199.4	35;35000;36220;-;174.5	34;33967;34989;-;112.7	27;26775;28349;+;70.4		pfam	both	A	7/7	canonical	1	0	unscoreable	7	0	0														not_admitted	not_admitted	not_admitted	not_admitted	not_admitted	not_admitted	not_admitted
NZ_CP009018.1	MPF_T	-	67	0	0	GA	1	33;33079;33981;-;38.9	44;42819;43196;-;71.2	43;42523;42822;-;50.8	42;39867;42536;-;66.0	42;39867;42536;-;82.7	41;39202;39864;-;70.7	38;37701;38567;-;148.5		37;37030;37704;-;92.1	36;36223;37005;-;199.4	35;35001;36221;-;174.5	34;33968;34990;-;112.7	27;26776;28350;+;70.4		pfam	both	A	7/7	canonical	1	0	unscoreable	7	0	0														not_admitted	not_admitted	not_admitted	not_admitted	not_admitted	not_admitted	not_admitted
NZ_CP009021.1	MPF_T	-	68	0	0	GA	1	33;33079;33981;-;38.9	44;42819;43196;-;71.2	43;42523;42822;-;50.8	42;39867;42536;-;66.0	42;39867;42536;-;82.7	41;39202;39864;-;70.7	38;37701;38567;-;148.5		37;37030;37704;-;92.1	36;36223;37005;-;199.4	35;35001;36182;-;173.4	34;33968;34990;-;112.7	27;26776;28350;+;70.4		pfam	both	A	7/7	canonical	1	0	unscoreable	7	0	0														not_admitted	not_admitted	not_admitted	not_admitted	not_admitted	not_admitted	not_admitted
NZ_CP009024.1	MPF_T	-	68	0	0	GA	1	33;33079;33981;-;38.9	44;42819;43196;-;71.2	43;42523;42822;-;50.8	42;39867;42536;-;66.0	42;39867;42536;-;82.7	41;39202;39864;-;70.7	38;37701;38567;-;148.5		37;37030;37704;-;92.1	36;36223;37005;-;199.4	35;35001;36182;-;173.4	34;33968;34990;-;112.7	27;26776;28350;+;70.4		pfam	both	A	7/7	canonical	1	0	unscoreable	7	0	0														not_admitted	not_admitted	not_admitted	not_admitted	not_admitted	not_admitted	not_admitted
NZ_CP009027.1	MPF_T	-	68	0	0	GA	1	33;33079;33981;-;38.9	44;42819;43196;-;71.2	43;42523;42822;-;50.8	42;39867;42536;-;66.0	42;39867;42536;-;82.7	41;39202;39864;-;70.7	38;37701;38567;-;148.5		37;37030;37704;-;92.1	36;36223;37005;-;199.4	35;35001;36182;-;173.4	34;33968;34990;-;112.7	27;26776;28350;+;70.4		pfam	both	A	7/7	canonical	1	0	unscoreable	7	0	0														not_admitted	not_admitted	not_admitted	not_admitted	not_admitted	not_admitted	not_admitted
NZ_CP009044.1	-	-	113	0	0	GA	0															not_admitted	not_admitted	not_admitted	not_admitted	not_admitted	not_admitted	not_admitted	not_admitted	not_admitted	not_admitted	1	76;45900;46895;-;347.8	3;3405;4841;+;229.0	78;47529;48296;-;113.6	0;1;2493;+;135.4	79;48283;51783;-;184.1	109;66272;67555;+;115.3	0;1;2493;+;123.0	107;64942;65505;+;114.3	74;44221;45162;-;62.1	5;6037;8193;+;97.6	62;36517;37893;-;47.8		62;36517;37893;-;42.6	B	8/9	split_2	66271	1	1	47529..48296-;255;unnamed;0
NZ_CP009103.1	MPF_T	IncX1;IncX3	51	0	0	GA	1	12;12397;13044;-;45.2	11;12123;12419;-;77.3	10;9351;12104;-;45.5	10;9351;12104;-;147.9	10;9351;12104;-;75.3	9;8591;9340;-;67.7	7;7219;8280;-;135.5		6;6260;6973;-;120.0	5;5326;6255;-;134.1	4;4124;5329;-;132.5	3;3091;4122;-;76.2	2;1253;3088;-;488.0		pfam	pfam_only	A	7/7	canonical	1	1	unscoreable	1	0	0														not_admitted	not_admitted	not_admitted	not_admitted	not_admitted	not_admitted	not_admitted
NZ_CP009115.1	MPF_F	IncFIB(pQil);IncFII(K)	148	0	0	GA	0															not_admitted	not_admitted	not_admitted	not_admitted	not_admitted	not_admitted	not_admitted	not_admitted	not_admitted	not_admitted	1	74;63093;64082;-;366.0	64;56179;57546;-;384.6	68;58804;59556;-;233.7	78;65539;68178;-;258.5	63;53330;56179;-;345.0	85;71005;72429;-;89.3	78;65539;68178;-;88.7	87;73156;73722;-;169.3	73;62442;63080;-;67.0	72;60428;62383;-;259.2	59;48554;50866;-;393.2	84;70349;70933;-;54.9	59;48554;50866;-;65.8	A	9/9	contiguous	24602	1	1	52797..53327-;176;unnamed;0
NZ_CP009123.1	-	-	193	0	0	GA	0															not_admitted	not_admitted	not_admitted	not_admitted	not_admitted	not_admitted	not_admitted	not_admitted	not_admitted	not_admitted	1	27;27432;28496;+;381.1	31;33442;34890;+;337.1	30;32396;33442;+;238.7	22;22741;25317;+;431.6	32;34915;38139;+;362.3	18;19680;21014;+;97.6	22;22741;25317;+;104.9	16;18275;18874;+;177.4	28;28481;29251;+;116.9	29;29248;32433;+;224.5	45;51837;54227;-;466.1		45;51837;54227;-;74.0	B	8/9	contiguous	33562	0	1	
NZ_CP009126.1	-	-	36	0	0	GA	1	8;5968;6636;+;44.1	9;6646;6939;+;73.6	10;6949;9696;+;63.4	10;6949;9696;+;139.1	10;6949;9696;+;58.9	11;9708;10430;+;119.9	13;10732;11733;+;157.6		15;11933;12616;+;174.4	16;12616;13512;+;141.7	17;13509;14789;+;161.7	18;14800;15828;+;81.0			pfam	pfam_only	B	6/7	canonical	1	1	unscoreable	2	0	0														not_admitted	not_admitted	not_admitted	not_admitted	not_admitted	not_admitted	not_admitted
NZ_CP009145.1	MPF_T	-	1486	0	0	GA	1		889;877779;878078;+;89.1	890;878083;878424;+;106.8	891;878399;880795;+;172.9	891;878399;880795;+;108.5	892;880795;881496;+;204.3	894;881732;882667;+;160.1		896;882983;883654;+;215.8	897;883654;884508;+;183.4	898;884518;885690;+;182.1	748;727680;729173;+;213.4	1017;999567;1001486;+;336.2		pfam	both	A	7/7	canonical	1	0	unscoreable	2	0	0														not_admitted	not_admitted	not_admitted	not_admitted	not_admitted	not_admitted	not_admitted
NZ_CP009154.1	MPF_T	-	59	0	0	GA	1	13;6505;7257;+;34.0	15;9779;10090;+;80.1	16;10105;10428;+;84.5	17;10436;12925;+;216.6	17;10436;12925;+;104.0	18;12933;13649;+;197.2	20;14095;15177;+;161.7		21;15492;16217;+;195.5	22;16214;17098;+;188.1	23;17095;18252;+;190.3	24;18236;19318;+;96.6	26;20090;22768;+;306.9		pfam	both	A	7/7	canonical	1	0	unscoreable	3	0	0														not_admitted	not_admitted	not_admitted	not_admitted	not_admitted	not_admitted	not_admitted
NZ_CP009155.1	MPF_T	-	297	0	0	GA	1	68;61334;61759;+;68.6	139;123628;124008;+;31.6		141;124309;126786;+;63.5	141;124309;126786;+;81.2		144;127758;128768;+;49.1		63;56402;57118;+;80.9	64;57115;57990;+;145.8	65;57998;59272;+;131.6	73;65825;68140;+;142.9	146;130090;131958;+;34.7		none	none	A	7/7	canonical	0	0	unscoreable	9	0	0														not_admitted	not_admitted	not_admitted	not_admitted	not_admitted	not_admitted	not_admitted
NZ_CP009167.1	MPF_F	IncFIA;IncFIB(AP001918);IncFII(pCoo)	111	0	0	GA	0															not_admitted	not_admitted	not_admitted	not_admitted	not_admitted	not_admitted	not_admitted	not_admitted	not_admitted	not_admitted	1	82;79987;80979;+;366.3	93;86625;87998;+;380.9	86;83708;84451;+;235.0	79;76351;78978;+;303.8	94;87995;90820;+;387.0	72;72765;74192;+;94.3	79;76351;78978;+;98.4	70;71484;72050;+;183.8	83;80988;81626;+;68.4	84;81623;83431;+;268.3	97;92323;94476;+;391.5	76;75320;75835;+;78.4	97;92323;94476;+;69.2	A	9/9	contiguous	20839	1	1	90817..91326+;169;unnamed;0
NZ_CP009231.1	MPF_F	IncFIA;IncFIB(AP001918);IncFII	174	0	0	GA	0															not_admitted	not_admitted	not_admitted	not_admitted	not_admitted	not_admitted	not_admitted	not_admitted	not_admitted	not_admitted	1	43;34409;35401;+;367.4	54;41087;42460;+;380.9	47;38130;38873;+;235.0	40;30773;33400;+;305.4	55;42457;45282;+;385.9	34;27291;28718;+;94.3	40;30773;33400;+;98.5	32;26010;26576;+;183.8	44;35410;36048;+;68.6	45;36045;37853;+;268.3	58;46785;48974;+;391.3	38;29742;30257;+;78.4	58;46785;48974;+;70.4	A	9/9	contiguous	20775	1	1	45279..45788+;169;unnamed;0
NZ_CP009232.1	MPF_F	IncFIA;IncFIB(AP001918);IncFII	201	0	0	GA	0															not_admitted	not_admitted	not_admitted	not_admitted	not_admitted	not_admitted	not_admitted	not_admitted	not_admitted	not_admitted	1	42;31751;32743;+;367.4	53;38429;39802;+;380.9	46;35472;36215;+;235.0	39;28115;30742;+;305.4	54;39799;42624;+;385.9	33;24633;26060;+;94.3	39;28115;30742;+;98.5	31;23352;23918;+;182.1	43;32752;33390;+;68.6	44;33387;35195;+;268.3	57;44127;46316;+;391.3	37;27084;27599;+;78.4	57;44127;46316;+;70.4	A	9/9	contiguous	20775	1	1	42621..43130+;169;unnamed;0
NZ_CP009233.1	MPF_F	Col156;IncFIA;IncFIB(AP001918);IncFII	178	0	0	GA	0															not_admitted	not_admitted	not_admitted	not_admitted	not_admitted	not_admitted	not_admitted	not_admitted	not_admitted	not_admitted	1	41;33097;34089;+;369.5	51;39868;41241;+;381.7	46;37195;37938;+;234.4	38;29458;32088;+;304.1	52;41238;44060;+;374.0	31;25008;26459;+;94.2	38;29458;32088;+;97.1	29;23727;24293;+;174.3	43;34433;35071;+;68.6	44;35068;36918;+;266.1	56;46332;48584;+;391.1	34;27319;27834;+;78.4	56;46332;48584;+;70.3	A	9/9	contiguous	22605	1	1	44082..44561+;159;TraS;0
NZ_CP009266.1	-	-	355	0	0	GA	0															not_admitted	not_admitted	not_admitted	not_admitted	not_admitted	not_admitted	not_admitted	not_admitted	not_admitted	not_admitted	1	183;188847;189860;-;352.1	179;184464;185576;-;188.4	180;185832;186557;-;137.4	186;190836;193427;-;207.9	178;182731;184467;-;244.3	188;193784;195172;-;78.7	186;190836;193427;-;83.3	190;195878;196444;-;84.6	182;188255;188836;-;76.6		176;180001;181815;-;366.9		176;180001;181815;-;76.2	C	7/9	contiguous	15877	1	0	181799..182665-;288;unnamed;0
NZ_CP009275.1	MPF_F	IncFIB(K)(pCAV1099-114);IncFII(pKP91)	151	0	0	GA	0															not_admitted	not_admitted	not_admitted	not_admitted	not_admitted	not_admitted	not_admitted	not_admitted	not_admitted	not_admitted	1	104;98385;99374;+;363.9	115;105422;106837;+;383.6	110;102935;103687;+;231.3	100;94303;96942;+;259.0	116;106837;109689;+;335.4	90;88945;90369;+;91.0	100;94303;96942;+;89.1	88;87652;88218;+;167.9	105;99387;100025;+;64.4	106;100091;102046;+;259.7	119;111294;112163;+;106.4	93;91005;91562;+;54.3		A	9/9	contiguous	23642	1	1	109714..110352+;212;unnamed;0
NZ_CP009293.1	MPF_F	-	344	0	0	GA	0															not_admitted	not_admitted	not_admitted	not_admitted	not_admitted	not_admitted	not_admitted	not_admitted	not_admitted	not_admitted	1	202;208953;209978;+;397.3	208;215882;217348;+;365.6	207;215064;215882;+;236.5	196;203914;206505;+;467.6	209;217365;220175;+;355.0	193;200769;202094;+;104.4	196;203914;206505;+;102.8	191;199383;199949;+;193.9	204;212206;212952;+;116.8	205;212949;214787;+;286.8	245;250444;252750;-;551.3	195;202950;203912;+;33.4	245;250444;252750;-;58.2	A	9/9	split_2	51061	0	1	
NZ_CP009294.1	MPF_F	-	188	0	0	GA	0															not_admitted	not_admitted	not_admitted	not_admitted	not_admitted	not_admitted	not_admitted	not_admitted	not_admitted	not_admitted	1	105;102769;103785;+;420.3	111;109786;111225;+;380.6	110;108959;109786;+;232.5	99;97812;100433;+;420.9	112;111241;114258;+;348.8	96;94386;95762;+;109.3	99;97812;100433;+;90.5	94;93008;93580;+;199.5	108;106008;106796;+;115.7	109;106798;108933;+;295.8	117;118390;120732;-;547.8		117;118390;120732;-;67.3	B	8/9	contiguous	25382	0	1	
NZ_CP009296.1	MPF_T	-	85	0	0	GA	1	46;38461;39126;-;29.2	45;38098;38439;-;76.3	44;37747;38073;-;73.2	43;35376;37760;-;164.5	43;35376;37760;-;109.9	42;34649;35362;-;130.3	40;33281;34297;-;117.7		38;32257;32940;-;156.3	37;31418;32260;-;177.4	36;30148;31416;-;175.3	35;29159;30151;-;102.1	34;27265;29181;-;356.3		pfam	both	A	7/7	canonical	1	0	unscoreable	2	0	0														not_admitted	not_admitted	not_admitted	not_admitted	not_admitted	not_admitted	not_admitted
NZ_CP009320.1	-	-	74	0	0	GA	1	16;14099;14653;+;73.9			34;29862;32378;+;45.2	34;29862;32378;+;51.6	36;32620;33312;+;55.0	37;33506;34621;+;71.2		38;34618;35550;+;58.6	39;35577;36407;+;151.7	40;36407;37681;+;124.4	22;20165;21844;+;140.9	49;43501;45243;+;32.8		pfam	both	A	7/7	canonical	1	0	unscoreable	22	0	0														not_admitted	not_admitted	not_admitted	not_admitted	not_admitted	not_admitted	not_admitted
NZ_CP009321.1	MPF_T	-	239	0	0	GA	1	4;4196;4618;+;68.8		66;55801;56064;+;26.1	67;56061;58538;+;67.3	67;56061;58538;+;78.2		70;59510;60520;+;51.3		238;212345;213061;+;85.5	0;70;843;+;144.3	1;851;2125;+;131.7	9;8669;10981;+;135.1	72;61860;63728;+;34.8		none	none	A	7/7	canonical	0	0	unscoreable	9	0	0														not_admitted	not_admitted	not_admitted	not_admitted	not_admitted	not_admitted	not_admitted
NZ_CP009356.1	MPF_F	-	218	0	0	GA	0															not_admitted	not_admitted	not_admitted	not_admitted	not_admitted	not_admitted	not_admitted	not_admitted	not_admitted	not_admitted	1	118;123792;124787;+;370.0			116;120551;123103;+;216.3		114;118483;120000;+;86.4	116;120551;123103;+;103.6	112;117196;117762;+;110.4	119;124906;125580;+;89.4			115;120152;120547;+;23.2		D	5/9	contiguous	7710	0	0	
NZ_CP009357.1	MPF_F	-	140	0	0	GA	0															not_admitted	not_admitted	not_admitted	not_admitted	not_admitted	not_admitted	not_admitted	not_admitted	not_admitted	not_admitted	1	24;20983;22143;+;110.1			22;17376;20528;+;215.8	27;23891;25489;+;82.7		22;17376;20528;+;28.6				12;9594;11642;+;34.0		12;9594;11642;+;49.2	D	3/9	contiguous	14297	1	0	25878..26843+;321;unnamed;1
NZ_CP009358.1	MPF_F	-	71	0	0	GA	0															not_admitted	not_admitted	not_admitted	not_admitted	not_admitted	not_admitted	not_admitted	not_admitted	not_admitted	not_admitted	1	27;28637;29632;-;372.1	21;23096;24478;-;286.4	23;24898;25668;-;157.8	30;30723;33275;-;219.0	20;19769;23092;-;294.8	33;34143;35654;-;90.5	30;30723;33275;-;99.4	35;36375;36941;-;106.3	25;27429;28103;-;92.2	24;25681;27429;-;217.1	15;15247;17367;-;401.0	31;33279;33674;-;22.3	15;15247;17367;-;69.6	A	9/9	contiguous	21128	1	1	19143..19676-;177;unnamed;0
NZ_CP009359.1	-	-	58	0	0	GA	1		34;31491;31823;-;33.1	33;31105;31491;-;26.6	32;28758;31148;-;79.3	32;28758;31148;-;51.9	31;28145;28807;-;50.3	30;27180;28136;-;83.4		29;26274;26987;-;144.0	28;25513;26277;-;158.6	27;24306;25520;-;140.7	16;13394;14992;-;167.4	25;21506;23287;-;320.9		pfam	pfam_only	A	7/7	canonical	1	0	unscoreable	7	0	0														not_admitted	not_admitted	not_admitted	not_admitted	not_admitted	not_admitted	not_admitted
NZ_CP009410.1	MPF_F	IncC	155	0	0	GA	0															not_admitted	not_admitted	not_admitted	not_admitted	not_admitted	not_admitted	not_admitted	not_admitted	not_admitted	not_admitted	1		145;122048;123481;+;339.2	144;121018;122046;+;221.7	90;61761;62468;-;192.9	146;123494;127108;+;375.3	86;58236;59552;+;135.0		84;56712;57338;+;92.1			75;51037;52902;+;47.4	87;59549;60127;+;100.2	75;51037;52902;+;52.0	C	6/9	split_2	72457	0	0	
NZ_CP009411.1	MPF_F	IncC	195	0	0	GA	0															not_admitted	not_admitted	not_admitted	not_admitted	not_admitted	not_admitted	not_admitted	not_admitted	not_admitted	not_admitted	1	104;86717;87724;+;332.9	185;156400;157833;+;339.2	184;155370;156398;+;221.7	99;81518;83965;+;354.2	186;157846;161460;+;375.3	83;56575;57891;+;135.0	99;81518;83965;+;128.6	81;55051;55677;+;92.1	102;84787;86052;+;67.6	105;87840;90635;+;145.3	72;49376;51241;+;47.4	84;57888;58466;+;100.2	72;49376;51241;+;52.0	A	9/9	split_3	108470	0	1	
NZ_CP009412.1	MPF_F	IncC	125	0	0	GA	0															not_admitted	not_admitted	not_admitted	not_admitted	not_admitted	not_admitted	not_admitted	not_admitted	not_admitted	not_admitted	1	98;75914;76921;+;332.9	115;93488;94921;+;339.2	114;92458;93486;+;221.7	93;70715;73162;+;354.2	116;94934;98548;+;375.3	84;57404;58720;+;135.0	93;70715;73162;+;128.6	82;55880;56506;+;92.1	96;73984;75249;+;67.6	99;77037;78836;+;46.6	73;50205;52070;+;47.4	85;58717;59295;+;100.2	73;50205;52070;+;52.0	A	9/9	contiguous	44729	0	1	
NZ_CP009413.1	MPF_F	IncC	208	0	0	GA	0															not_admitted	not_admitted	not_admitted	not_admitted	not_admitted	not_admitted	not_admitted	not_admitted	not_admitted	not_admitted	1	99;77412;78419;-;332.9	196;164591;166024;+;339.2	195;163561;164589;+;221.7	104;81171;83618;-;354.2	197;166037;169651;+;375.3	113;95613;96929;-;135.0	104;81171;83618;-;128.6	115;97827;98453;-;92.1	101;79084;80349;-;67.6	98;74501;77296;-;145.3	124;102263;104128;-;47.4	112;95038;95616;-;100.2	124;102263;104128;-;52.0	A	9/9	split_2	91536	0	1	
NZ_CP009414.1	MPF_F	IncC	199	0	0	GA	0															not_admitted	not_admitted	not_admitted	not_admitted	not_admitted	not_admitted	not_admitted	not_admitted	not_admitted	not_admitted	1	102;78051;79058;+;332.9	190;154827;156260;+;339.2	189;153797;154825;+;221.7	97;72852;75299;+;354.2	191;156273;159887;+;375.3	85;58288;59604;+;135.0	97;72852;75299;+;128.6	83;56764;57390;+;92.1	100;76121;77386;+;67.6	103;79174;81969;+;145.3	74;51089;52954;+;47.4	86;59601;60179;+;100.2	74;51089;52954;+;52.0	A	9/9	split_2	105184	0	1	
NZ_CP009430.1	MPF_F	-	389	0	0	GA	0															not_admitted	not_admitted	not_admitted	not_admitted	not_admitted	not_admitted	not_admitted	not_admitted	not_admitted	not_admitted	1	28;26306;27325;+;396.5	32;30884;32350;+;362.2	31;30069;30884;+;235.2	22;21279;23867;+;471.8	33;32368;35151;+;352.6	19;18302;19627;+;103.7	22;21279;23867;+;103.4	17;16934;17500;+;193.3	29;27335;28081;+;115.4	30;28078;29910;+;280.1	304;347316;349610;-;555.2	21;20480;21277;+;34.2	304;347316;349610;-;61.0	A	9/9	split_2	330382	0	1	
NZ_CP009431.1	-	-	138	0	0	GA	0															not_admitted	not_admitted	not_admitted	not_admitted	not_admitted	not_admitted	not_admitted	not_admitted	not_admitted	not_admitted	1	36;39711;40751;+;392.6	41;44413;45855;+;357.8	40;43610;44413;+;231.2	30;34712;37285;+;415.8	42;45868;48654;+;361.4	27;31855;33144;+;97.3	30;34712;37285;+;98.3	25;30486;31052;+;163.5	37;40762;41499;+;102.3	38;41496;43232;+;265.6	103;114953;117349;-;480.0		103;114953;117349;-;58.3	B	8/9	split_2	84467	0	1	
NZ_CP009433.1	MPF_F	-	172	0	0	GA	0															not_admitted	not_admitted	not_admitted	not_admitted	not_admitted	not_admitted	not_admitted	not_admitted	not_admitted	not_admitted	1	87;100641;101672;-;366.9	79;93179;94624;-;325.7	81;95664;96482;-;212.8	93;104581;107181;-;211.7	78;89739;93182;-;236.8	98;110926;112263;-;95.2	93;104581;107181;-;79.3	100;112993;113604;-;85.1	86;99853;100644;-;87.9	84;97293;98558;-;152.1	126;140727;142793;-;407.2	94;107195;107893;-;51.2	126;140727;142793;-;52.5	A	9/9	split_2	50988	0	1	
NZ_CP009457.1	MPF_F	pYE854	103	0	0	GA	0															not_admitted	not_admitted	not_admitted	not_admitted	not_admitted	not_admitted	not_admitted	not_admitted	not_admitted	not_admitted	1	36;33778;35361;+;329.9	41;37857;39245;+;247.2	40;36984;37847;+;155.9	32;27163;29736;+;168.2	42;39242;42895;+;130.9	30;25383;26633;+;53.8	32;27163;29736;+;86.8	28;23946;24596;+;62.7	37;35361;36080;+;96.9	34;31797;33374;+;82.3	81;80382;82454;-;320.8	31;26657;27163;+;71.6	81;80382;82454;-;60.2	A	9/9	split_2	56436	1	1	42986..43246+;86;unnamed;0
NZ_CP009466.1	MPF_F	IncFII(S);IncFII(SARC14)	116	0	0	GA	0															not_admitted	not_admitted	not_admitted	not_admitted	not_admitted	not_admitted	not_admitted	not_admitted	not_admitted	not_admitted	1	11;17928;18923;-;357.6	5;12326;13687;-;336.5	7;14324;15100;-;194.9	14;20016;22607;-;221.4	4;9427;12324;-;292.8	17;23678;25039;-;81.6	14;20016;22607;-;87.8	19;25756;26319;-;137.0	9;16947;17561;-;79.9	8;15097;16950;-;259.9	1;5545;7848;-;376.2	15;22618;23232;-;47.5	1;5545;7848;-;67.0	A	9/9	contiguous	20211	1	1	8855..9415-;186;unnamed;0
NZ_CP009547.1	MPF_F	-	266	0	0	GA	0															not_admitted	not_admitted	not_admitted	not_admitted	not_admitted	not_admitted	not_admitted	not_admitted	not_admitted	not_admitted	1	56;52411;53445;-;388.2	42;41640;43109;-;340.5	49;46945;47799;-;225.8	64;57418;60021;-;236.2	41;38540;41629;-;223.1	67;61469;62869;-;106.4	64;57418;60021;-;93.6	69;63529;64119;-;122.5	55;51698;52414;-;98.5	53;49304;50581;-;177.4	80;74672;76579;-;415.9	65;60035;60682;-;51.6	80;74672;76579;-;80.7	A	9/9	contiguous	36132	0	1	
NZ_CP009560.1	MPF_F	IncC	188	0	0	GA	0															not_admitted	not_admitted	not_admitted	not_admitted	not_admitted	not_admitted	not_admitted	not_admitted	not_admitted	not_admitted	1	14;20646;21653;+;332.9	87;82040;83473;+;339.2	86;81010;82038;+;221.7	9;15447;17894;+;354.2	88;83486;87100;+;375.3	180;148714;150030;+;135.0	9;15447;17894;+;128.6	178;147190;147816;+;92.1	12;18716;19981;+;67.6	15;21769;24564;+;145.3	169;141515;143380;+;47.4	181;150027;150605;+;100.2	169;141515;143380;+;52.0	A	9/9	split_3	134580	0	1	
NZ_CP009562.1	MPF_F	IncC	143	0	0	GA	0															not_admitted	not_admitted	not_admitted	not_admitted	not_admitted	not_admitted	not_admitted	not_admitted	not_admitted	not_admitted	1		43;47274;48707;+;339.2	42;46244;47272;+;221.7	11;18543;20990;+;354.2	44;48720;52334;+;375.3	136;113948;115264;+;135.0	11;18543;20990;+;128.6	134;112424;113050;+;92.1			125;106749;108614;+;47.4	137;115261;115839;+;100.2	125;106749;108614;+;52.0	C	6/9	split_3	96718	0	0	
NZ_CP009564.1	MPF_F	IncC	142	0	0	GA	0															not_admitted	not_admitted	not_admitted	not_admitted	not_admitted	not_admitted	not_admitted	not_admitted	not_admitted	not_admitted	1		42;46870;48303;+;339.2	41;45840;46868;+;221.7	10;18148;20595;+;354.2	43;48316;51930;+;375.3	135;113544;114860;+;135.0	10;18148;20595;+;128.6	133;112020;112646;+;92.1			124;106345;108210;+;47.4	136;114857;115435;+;100.2	124;106345;108210;+;52.0	C	6/9	split_3	96709	0	0	
NZ_CP009567.1	MPF_F	IncC	188	0	0	GA	0															not_admitted	not_admitted	not_admitted	not_admitted	not_admitted	not_admitted	not_admitted	not_admitted	not_admitted	not_admitted	1	179;147380;148387;-;332.9	107;85557;86990;-;339.2	108;86992;88020;-;221.7	184;151139;153586;-;354.2	106;81930;85544;-;375.3	14;19000;20316;-;135.0	184;151139;153586;-;128.6	16;21214;21840;-;92.1	181;149052;150317;-;67.6	178;144469;147264;-;145.3	25;25650;27515;-;47.4	13;18425;19003;-;100.2	25;25650;27515;-;52.0	A	9/9	split_3	132714	0	1	
NZ_CP009619.1	-	-	506	0	0	GA	0															not_admitted	not_admitted	not_admitted	not_admitted	not_admitted	not_admitted	not_admitted	not_admitted	not_admitted	not_admitted	1	218;148616;149701;+;243.6	489;358576;360192;-;117.9	490;360182;361279;-;145.8	504;376626;379238;+;193.3	488;354467;358555;-;105.6	500;372928;374601;+;81.7	504;376626;379238;+;94.1	498;370916;371608;+;77.4	215;146930;148360;+;52.0	219;149720;154474;+;78.2	494;367033;369009;+;41.6	503;375852;376613;+;38.9	494;367033;369009;+;40.3	A	9/9	split_2	229696	0	1	
NZ_CP009620.1	-	-	294	0	0	GA	0															not_admitted	not_admitted	not_admitted	not_admitted	not_admitted	not_admitted	not_admitted	not_admitted	not_admitted	not_admitted	1	211;232402;233415;-;352.1	207;228017;229399;-;271.7	208;229386;230111;-;137.7	214;234391;236982;-;209.6	206;225351;228020;-;246.4	216;237339;238727;-;77.5	214;234391;236982;-;82.8	218;239433;239999;-;85.3	210;231810;232391;-;77.1	209;230114;231820;-;215.4	205;223553;225367;-;362.5		205;223553;225367;-;76.0	B	8/9	contiguous	15880	1	1	223553..225367-;604;unnamed;0
NZ_CP009629.1	-	-	123	0	0	GA	1	82;59970;60665;-;42.6	106;84823;85254;-;48.3	105;84475;84810;-;32.4	104;81876;84464;-;70.4	104;81876;84464;-;95.8	101;80244;81002;-;33.4	99;78057;80018;-;100.7		98;77292;78029;-;92.1	97;76355;77257;-;145.9	96;74931;76352;-;198.2	116;94693;96234;-;192.4	84;61300;63825;-;296.5		conjscan	conjscan_only	A	7/7	canonical	1	0	unscoreable	12	0	0														not_admitted	not_admitted	not_admitted	not_admitted	not_admitted	not_admitted	not_admitted
NZ_CP009710.1	MPF_T	pIP32953	32	0	0	GA	1	11;9516;10133;+;47.8	12;10138;10431;+;68.4	13;10450;13197;+;58.8	13;10450;13197;+;145.6	13;10450;13197;+;67.4	14;13262;13975;+;112.9	18;14919;15959;+;147.5		20;16130;16813;+;180.3	21;16813;17760;+;138.2	22;17757;18989;+;160.9	24;19206;20219;+;67.7	31;24675;26441;+;48.6		pfam	both	A	7/7	canonical	1	1	unscoreable	11	0	0														not_admitted	not_admitted	not_admitted	not_admitted	not_admitted	not_admitted	not_admitted
NZ_CP009714.1	MPF_F	IncFIB(pHCM2);IncFII(Yp);IncFII(pAR0022)	142	0	0	GA	0															not_admitted	not_admitted	not_admitted	not_admitted	not_admitted	not_admitted	not_admitted	not_admitted	not_admitted	not_admitted	1	91;84734;85720;-;371.3	84;79071;80441;-;366.6	87;81241;81990;-;215.8	94;86714;89344;-;285.5	83;76252;79071;-;334.6	100;91375;92769;-;91.7	94;86714;89344;-;98.6	102;93486;94052;-;169.0	90;84088;84717;-;67.8	89;82241;84091;-;259.3	106;96385;98484;+;385.0	99;90814;91353;-;66.1	106;96385;98484;+;64.0	A	9/9	contiguous	20133	0	1	
NZ_CP009767.1	MPF_T	IncFIB(S);IncX1	125	0	0	GA	1	42;35004;35474;-;72.2	103;88003;88299;-;77.5	102;85231;87984;-;47.9	102;85231;87984;-;147.9	102;85231;87984;-;75.3	101;84462;85220;-;68.5	99;83091;84224;-;106.9		98;82132;82845;-;120.0	97;81198;82127;-;134.1	96;79996;81201;-;133.4	95;78963;79994;-;76.2	94;77125;78960;-;488.0		pfam	pfam_only	A	7/7	canonical	1	1	unscoreable	9	0	0														not_admitted	not_admitted	not_admitted	not_admitted	not_admitted	not_admitted	not_admitted
NZ_CP009776.1	MPF_T	IncFIA(pBK30683);IncX3	137	0	0	GA	1	106;96468;97112;-;46.4	105;96194;96484;-;73.1	104;93416;96169;-;47.0	104;93416;96169;-;145.4	104;93416;96169;-;73.3	103;92636;93406;-;60.1	101;91302;92357;-;133.2		100;90607;91107;-;79.9	98;89445;90374;-;138.8	97;88234;89448;-;128.3	95;87004;88038;-;65.7	94;85166;87001;-;495.9		pfam	pfam_only	A	7/7	canonical	1	1	unscoreable	2	0	0														not_admitted	not_admitted	not_admitted	not_admitted	not_admitted	not_admitted	not_admitted
NZ_CP009777.1	MPF_F	IncFIB(K);IncFII(K)	221	0	0	GA	0															not_admitted	not_admitted	not_admitted	not_admitted	not_admitted	not_admitted	not_admitted	not_admitted	not_admitted	not_admitted	1	152;133194;134186;+;366.6	162;139637;141007;+;381.2	158;137683;138435;+;232.4	149;129529;132168;+;258.7	163;141007;143856;+;344.2	140;124290;125714;+;89.2	149;129529;132168;+;88.8	138;122997;123563;+;167.0	153;134199;134837;+;67.0	154;134834;136840;+;259.0	167;145670;147979;+;393.2	142;126326;126895;+;49.7	167;145670;147979;+;65.8	A	9/9	contiguous	22673	1	1	143859..144389+;176;unnamed;0
NZ_CP009791.1	MPF_T	-	70	0	0	GA	1	1;435;1010;+;52.7	4;3353;3709;+;71.4	5;3712;4080;+;79.4	6;4094;6541;+;156.8	6;4094;6541;+;88.7	7;6538;7218;+;149.4	10;7794;8840;+;172.0		12;9150;9971;+;183.8	13;9982;10818;+;190.8	45;30254;31657;-;205.7	15;12158;13189;+;89.6	16;13155;15164;+;361.2		pfam	both	A	7/7	canonical	1	0	unscoreable	8	0	0														not_admitted	not_admitted	not_admitted	not_admitted	not_admitted	not_admitted	not_admitted
NZ_CP009797.1	MPF_T	IncP1	47	0	0	GA	1	15;14195;14830;+;23.5	4;3878;4342;+;63.5	5;4346;4657;+;49.8	6;4654;7212;+;91.0	6;4654;7212;+;112.1	11;10846;11610;+;122.3	13;11858;13576;+;143.0		7;7209;7991;+;145.8	8;8009;8908;+;186.5	10;9404;10825;+;223.3	3;2899;3861;+;127.6	26;27046;28959;-;525.1		conjscan	conjscan_only	A	7/7	canonical	1	0	unscoreable	4	0	0														not_admitted	not_admitted	not_admitted	not_admitted	not_admitted	not_admitted	not_admitted
NZ_CP009824.1	MPF_T	-	37	0	0	GA	1		10;5118;5438;+;55.2		12;5789;8200;+;88.8	12;5789;8200;+;43.4	13;8203;8868;+;118.8	15;9138;10121;+;125.0		16;10125;10592;+;87.3	17;10835;11614;+;169.6	18;11756;12937;+;195.4	19;12915;16232;+;78.5	19;12915;16232;+;343.0		pfam	both	A	7/7	canonical	1	0	unscoreable	2	0	0														not_admitted	not_admitted	not_admitted	not_admitted	not_admitted	not_admitted	not_admitted
NZ_CP009825.1	MPF_T	-	74	0	0	GA	1	1;435;1010;+;52.7	4;3354;3710;+;71.4	5;3713;4081;+;79.4	6;4095;6542;+;156.8	6;4095;6542;+;88.7	7;6539;7219;+;149.4	9;7796;8842;+;172.0		11;9152;9973;+;183.8	50;32172;33062;-;167.6	48;30281;31687;-;208.5	15;12161;13192;+;89.6	17;13826;15169;+;235.6		pfam	both	A	7/7	canonical	1	0	unscoreable	9	0	0														not_admitted	not_admitted	not_admitted	not_admitted	not_admitted	not_admitted	not_admitted
NZ_CP009827.1	MPF_T	-	56	0	0	GA	1	1;431;1006;+;52.7	4;3355;3711;+;68.5	5;3714;4082;+;79.2	6;4096;6543;+;156.6	6;4096;6543;+;88.5	7;6540;7220;+;148.5	10;7814;8860;+;159.1		12;9170;9991;+;181.0	13;10002;10838;+;190.8	14;10838;12181;+;183.3	15;12178;13209;+;89.0	16;13175;15202;+;360.7		pfam	both	A	7/7	canonical	1	0	unscoreable	5	0	0														not_admitted	not_admitted	not_admitted	not_admitted	not_admitted	not_admitted	not_admitted
NZ_CP009849.1	-	-	80	0	0	GA	1	51;38953;39468;-;50.0	10;7072;7401;-;65.8	9;6747;7061;-;30.4	8;4291;6705;-;49.9	8;4291;6705;-;98.9	7;3536;4294;-;34.9	71;55656;56972;-;98.2		69;54764;55438;-;144.3	68;53883;54755;-;159.7	66;52227;53468;-;191.2	61;46438;48060;-;173.9	45;33040;35007;-;40.1		conjscan	conjscan_only	A	7/7	rearranged	1	0	unscoreable	23	0	0														not_admitted	not_admitted	not_admitted	not_admitted	not_admitted	not_admitted	not_admitted
NZ_CP009862.1	MPF_T	IncN	90	0	0	GA	1	15;11795;12529;+;32.5		18;13172;13489;+;63.3	19;13489;16089;+;113.8	19;13489;16089;+;76.4	20;16107;16820;+;105.5	22;17071;18111;+;142.4		23;18330;19028;+;131.9	24;19039;19923;+;159.7	25;19923;21083;+;156.3	26;21125;22120;+;81.2	67;64377;65906;-;38.5		pfam	both	A	7/7	canonical	1	0	unscoreable	3	0	0														not_admitted	not_admitted	not_admitted	not_admitted	not_admitted	not_admitted	not_admitted
NZ_CP009864.1	MPF_T	IncN	71	0	0	GA	1	15;11795;12529;+;32.5		18;13172;13489;+;63.3	19;13489;16089;+;113.8	19;13489;16089;+;76.4	20;16107;16820;+;105.5	22;17071;18111;+;142.4		23;18330;19028;+;131.9	24;19039;19923;+;159.7	25;19923;21083;+;156.3	26;21125;22120;+;81.2	48;46849;48378;-;38.5		pfam	both	A	7/7	canonical	1	0	unscoreable	3	0	0														not_admitted	not_admitted	not_admitted	not_admitted	not_admitted	not_admitted	not_admitted
NZ_CP009874.1	MPF_T	IncN	60	0	0	GA	1	19;17768;18502;+;32.5		22;19145;19462;+;63.3	23;19462;22062;+;111.6	23;19462;22062;+;76.4	24;22080;22793;+;105.5	26;23044;24084;+;142.4		27;24303;25001;+;132.3	28;25012;25896;+;159.7	29;25896;27056;+;156.3	30;27098;28093;+;81.2	38;34100;35629;-;38.5		pfam	both	A	7/7	canonical	1	0	unscoreable	10	0	0														not_admitted	not_admitted	not_admitted	not_admitted	not_admitted	not_admitted	not_admitted
NZ_CP009875.1	MPF_F	IncFIB(pQil);IncFII(K)	132	0	0	GA	0															not_admitted	not_admitted	not_admitted	not_admitted	not_admitted	not_admitted	not_admitted	not_admitted	not_admitted	not_admitted	1	113;91357;92346;+;366.0	123;97893;99260;+;380.7	119;95883;96635;+;233.7	109;87275;89914;+;258.5	124;99260;102109;+;345.6	101;82594;84018;+;88.8	109;87275;89914;+;88.7	99;81301;81867;+;169.3	114;92359;92997;+;67.0	115;93056;95011;+;259.7	128;104595;106907;+;392.7	102;84132;84716;+;55.4	128;104595;106907;+;66.5	A	9/9	contiguous	23294	1	1	102122..102670+;182;unnamed;0
NZ_CP009879.1	MPF_F	IncFIB(K);IncFII(K)	196	0	0	GA	0															not_admitted	not_admitted	not_admitted	not_admitted	not_admitted	not_admitted	not_admitted	not_admitted	not_admitted	not_admitted	1	104;95442;96431;-;363.3	91;87190;88557;-;383.5	95;89815;90567;-;233.7	108;97888;100527;-;259.0	88;82994;85612;-;302.5	120;105561;106985;-;88.0	108;97888;100527;-;88.7	122;107712;108278;-;167.9	102;94519;95166;-;66.9	101;92505;94460;-;259.7	84;78064;80376;-;392.8	116;103299;103883;-;53.8	84;78064;80376;-;65.9	A	9/9	contiguous	29648	1	1	82369..82971-;200;TraS;0
NZ_CP009963.1	-	-	50	0	0	GA	1	8;8815;9654;-;42.0	20;18662;19027;-;62.0	19;18366;18665;-;43.0	18;15716;18379;-;67.0	18;15716;18379;-;82.1	16;14839;15501;-;62.3	13;13364;14230;-;133.0		12;12687;13364;-;86.3	11;11867;12661;-;186.3	10;10677;11864;-;155.5	9;9641;10666;-;91.4	48;36691;38247;+;72.0		pfam	both	A	7/7	canonical	1	0	unscoreable	3	0	0														not_admitted	not_admitted	not_admitted	not_admitted	not_admitted	not_admitted	not_admitted
NZ_CP009975.1	MPF_T	-	657	0	0	GA	1	558;487290;487994;-;26.8	588;515234;515620;-;88.8	587;514968;515237;-;32.2	586;512502;514955;-;35.3	586;512502;514955;-;134.0	585;511777;512505;-;229.1	583;510074;511453;-;180.1		582;509352;510056;-;229.8	581;508351;509355;-;224.1	580;507056;508348;-;202.5	169;167980;169737;-;294.1	591;517169;519175;-;349.3		conjscan	conjscan_only	A	7/7	canonical	1	0	unscoreable	3	0	0														not_admitted	not_admitted	not_admitted	not_admitted	not_admitted	not_admitted	not_admitted
NZ_CP010024.1	-	-	472	0	0	GA	0															not_admitted	not_admitted	not_admitted	not_admitted	not_admitted	not_admitted	not_admitted	not_admitted	not_admitted	not_admitted	1	240;231060;232214;-;189.0	258;247413;248894;+;175.6	257;246388;247410;+;183.7	244;234585;237008;-;140.0	318;294099;297344;+;122.4	247;238183;239484;-;83.2	244;234585;237008;-;61.1	249;240685;241608;-;84.7	241;232217;233380;-;42.9		273;261139;262989;-;50.7	246;237595;238173;-;53.8	273;261139;262989;-;47.6	B	8/9	split_2	63039	0	0	
NZ_CP010073.1	MPF_T	-	55	0	0	GA	1		18;12638;12901;+;56.6	19;12920;15688;+;73.3	19;12920;15688;+;169.9	19;12920;15688;+;84.1	25;18220;19206;+;82.8	26;19210;20202;+;116.1		28;20349;21011;+;177.6	29;21008;21895;+;161.4	30;21922;23094;+;166.0	31;23075;24067;+;93.2	32;24068;25879;+;348.4		pfam	pfam_only	A	7/7	canonical	1	1	unscoreable	6	0	0														not_admitted	not_admitted	not_admitted	not_admitted	not_admitted	not_admitted	not_admitted
NZ_CP010074.1	MPF_T	-	50	0	0	GA	1				3;2935;5403;+;105.0		33;26336;27292;+;31.3	15;13553;14701;+;97.5		5;5547;6224;+;112.5	6;6224;7294;+;97.7	7;7291;8427;+;143.9	9;8631;9584;+;100.7	11;9998;11884;+;243.9		pfam	pfam_only	A	7/7	canonical	1	0	unscoreable	6	0	0														not_admitted	not_admitted	not_admitted	not_admitted	not_admitted	not_admitted	not_admitted
NZ_CP010123.1	MPF_F	IncFIB(AP001918);IncFII(pCoo)	243	0	0	GA	0															not_admitted	not_admitted	not_admitted	not_admitted	not_admitted	not_admitted	not_admitted	not_admitted	not_admitted	not_admitted	1	59;50053;51045;-;371.8	45;41496;42869;-;383.1	51;45083;45826;-;235.0	62;52054;54684;-;300.4	44;38653;41499;-;381.7	72;58351;58983;-;74.4	62;52054;54684;-;103.1	75;60473;61039;-;183.4	56;48578;49216;-;68.6	53;46103;47866;-;268.4	41;34961;37150;-;391.6	68;56693;57208;-;82.0	41;34961;37150;-;70.3	A	9/9	contiguous	25512	1	1	38147..38656-;169;unnamed;0
NZ_CP010124.1	MPF_F	IncFII	99	0	0	GA	0															not_admitted	not_admitted	not_admitted	not_admitted	not_admitted	not_admitted	not_admitted	not_admitted	not_admitted	not_admitted	1	27;21674;22672;+;348.4	37;29262;30668;+;341.2	34;27546;28331;+;217.9	22;17410;20049;+;250.2	38;30668;33559;+;315.0	18;14531;15871;+;98.1	22;17410;20049;+;118.8	16;13206;13784;+;126.9	32;24996;25613;+;56.0	33;25610;27544;+;243.4	45;37139;39328;+;370.6	21;16901;17413;+;59.1	45;37139;39328;+;61.8	A	9/9	contiguous	23933	1	1	33574..34224+;216;unnamed;0
NZ_CP010126.1	MPF_F	IncFIB(AP001918);IncFIC(FII)	158	0	0	GA	0															not_admitted	not_admitted	not_admitted	not_admitted	not_admitted	not_admitted	not_admitted	not_admitted	not_admitted	not_admitted	1	112;99557;100549;+;369.6	126;108174;109592;+;379.5	120;104921;105664;+;232.8	109;95921;98548;+;299.6	127;109589;112426;+;380.3	103;92585;94012;+;93.2	109;95921;98548;+;102.0	101;91304;91870;+;181.2	115;101386;102024;+;68.4	118;102836;104644;+;262.9	131;114727;116952;+;384.1	106;94890;95405;+;76.7	131;114727;116952;+;69.4	A	9/9	contiguous	23423	1	1	112459..112965+;168;unnamed;0
NZ_CP010138.1	MPF_F	IncFII	97	0	0	GA	0															not_admitted	not_admitted	not_admitted	not_admitted	not_admitted	not_admitted	not_admitted	not_admitted	not_admitted	not_admitted	1	39;28032;29024;+;369.5	50;34759;36132;+;382.9	44;32088;32831;+;234.4	36;24396;27023;+;300.9	51;36129;38948;+;385.4	30;20816;22243;+;93.9	36;24396;27023;+;101.1	28;19535;20101;+;182.7	41;29368;30006;+;70.7	42;30003;31811;+;267.1	54;40480;42669;+;380.8	34;23365;23880;+;76.0	54;40480;42669;+;66.5	A	9/9	contiguous	20945	1	1	38973..39464+;163;TraS;0
NZ_CP010141.1	MPF_F	IncFIB(AP001918);IncFIC(FII)	187	0	0	GA	0															not_admitted	not_admitted	not_admitted	not_admitted	not_admitted	not_admitted	not_admitted	not_admitted	not_admitted	not_admitted	1	142;133238;134230;+;369.3	153;139916;141289;+;378.0	146;136959;137702;+;234.1	139;129602;132229;+;305.4	154;141286;144108;+;389.5	133;126120;127547;+;94.3	139;129602;132229;+;98.5	131;124839;125405;+;183.8	143;134239;134877;+;68.4	144;134874;136682;+;268.4	157;145637;147790;+;391.9	137;128571;129086;+;78.4	157;145637;147790;+;70.4	A	9/9	contiguous	20798	1	1	144130..144621+;163;TraS;0
NZ_CP010149.1	MPF_F	IncFIB(AP001918);IncFIC(FII);IncR	211	0	0	GA	0															not_admitted	not_admitted	not_admitted	not_admitted	not_admitted	not_admitted	not_admitted	not_admitted	not_admitted	not_admitted	1	45;45127;46119;-;369.3	34;38068;39441;-;378.0	41;41655;42398;-;234.1	48;47128;49755;-;305.4	33;35249;38071;-;389.5	54;51810;53237;-;94.3	48;47128;49755;-;98.5	56;53952;54518;-;183.8	44;44480;45118;-;68.4	43;42675;44483;-;268.4	30;31567;33720;-;391.9	50;50271;50786;-;78.4	30;31567;33720;-;70.4	A	9/9	contiguous	22385	1	1	34736..35227-;163;TraS;0
NZ_CP010155.1	MPF_T	IncX1	54	0	0	GA	1	34;21173;21817;+;47.1	35;21801;22091;+;73.5	36;22115;24874;+;44.8	36;22115;24874;+;133.3	36;22115;24874;+;71.9	37;24876;25613;+;57.5	39;25895;26950;+;131.7		40;27140;27862;+;116.0	41;27868;28797;+;132.4	42;28794;30008;+;128.5	43;30026;31063;+;66.4	44;31068;32903;+;543.4		pfam	pfam_only	A	7/7	canonical	1	1	unscoreable	1	0	0														not_admitted	not_admitted	not_admitted	not_admitted	not_admitted	not_admitted	not_admitted
NZ_CP010158.1	MPF_F	IncFIB(AP001918);IncFII	126	0	0	GA	0															not_admitted	not_admitted	not_admitted	not_admitted	not_admitted	not_admitted	not_admitted	not_admitted	not_admitted	not_admitted	1	16;16738;17730;-;367.3	6;10025;11401;-;381.0	12;13266;14009;-;234.1	19;18739;21366;-;305.4	5;7212;10028;-;389.0	25;23421;24848;-;94.4	19;18739;21366;-;99.1	27;25563;26129;-;183.8	15;16091;16729;-;67.3	14;14286;16094;-;268.3	2;3496;5649;-;391.1	21;21882;22397;-;77.3	2;3496;5649;-;69.2	A	9/9	contiguous	22067	1	1	6658..7179-;173;unnamed;0
NZ_CP010174.1	MPF_F	IncFII;IncR	124	0	0	GA	0															not_admitted	not_admitted	not_admitted	not_admitted	not_admitted	not_admitted	not_admitted	not_admitted	not_admitted	not_admitted	1	94;75504;76496;+;369.5	104;83048;84421;+;381.7	99;79602;80345;+;234.4	91;71865;74495;+;304.1	105;84418;87240;+;374.0	84;67415;68866;+;94.2	91;71865;74495;+;97.1	82;66134;66700;+;174.3	96;76840;77478;+;68.6	97;77475;79325;+;266.1	111;90340;92601;+;391.1	87;69726;70241;+;78.4	111;90340;92601;+;70.3	A	9/9	contiguous	24206	1	1	87262..87741+;159;TraS;0
NZ_CP010181.1	MPF_F	IncFIB(AP001918);IncFII(pCoo)	205	0	0	GA	0															not_admitted	not_admitted	not_admitted	not_admitted	not_admitted	not_admitted	not_admitted	not_admitted	not_admitted	not_admitted	1	145;156385;157377;-;370.6	130;147656;149029;-;377.2	137;151456;152199;-;233.7	148;158386;161016;-;305.9	129;144813;147659;-;375.2	158;164664;166112;-;93.4	148;158386;161016;-;98.8	160;166827;167393;-;183.1	142;155118;155756;-;71.5	139;152476;154305;-;259.1	126;141103;143310;-;391.4	154;163050;163565;-;77.9	126;141103;143310;-;68.6	A	9/9	contiguous	25724	1	1	144307..144816-;169;unnamed;0
NZ_CP010184.1	MPF_F	IncFIB(AP001918);IncFII(pCoo)	205	0	0	GA	0															not_admitted	not_admitted	not_admitted	not_admitted	not_admitted	not_admitted	not_admitted	not_admitted	not_admitted	not_admitted	1	145;155384;156376;-;370.6	130;146655;148028;-;377.2	137;150455;151198;-;233.7	148;157385;160015;-;305.9	129;143812;146658;-;375.2	158;163663;165111;-;93.4	148;157385;160015;-;98.8	160;165826;166392;-;183.1	142;154117;154755;-;71.5	139;151475;153304;-;259.1	126;140102;142309;-;391.4	154;162049;162564;-;77.9	126;140102;142309;-;68.6	A	9/9	contiguous	25724	1	1	143306..143815-;169;unnamed;0
NZ_CP010187.1	MPF_F	IncFIB(AP001918);IncFII	157	0	0	GA	0															not_admitted	not_admitted	not_admitted	not_admitted	not_admitted	not_admitted	not_admitted	not_admitted	not_admitted	not_admitted	1	44;30961;31953;+;363.2	56;38825;40243;+;372.5	50;35586;36329;+;230.8	41;27325;29952;+;309.3	57;40240;43092;+;370.5	33;22803;24251;+;90.4	41;27325;29952;+;99.8	31;21519;22085;+;183.1	45;31962;32600;+;69.5	48;33201;35096;+;262.8	60;44970;47123;+;390.6	36;25108;25623;+;77.6	60;44970;47123;+;68.7	A	9/9	contiguous	23451	1	1	43110..43610+;166;TraS;0
NZ_CP010192.1	MPF_F	IncFIB(AP001918);IncFII	157	0	0	GA	0															not_admitted	not_admitted	not_admitted	not_admitted	not_admitted	not_admitted	not_admitted	not_admitted	not_admitted	not_admitted	1	115;133449;134441;-;369.3	106;127006;128379;-;382.2	110;129600;130343;-;235.0	118;135450;138077;-;306.8	105;124187;127009;-;389.3	125;140236;141663;-;94.3	118;135450;138077;-;98.4	127;142378;142944;-;183.8	113;132467;133105;-;67.6	112;130620;132470;-;264.6	102;120456;122645;-;391.8	121;138593;139108;-;78.4	102;120456;122645;-;70.3	A	9/9	contiguous	21922	1	1	123660..124166-;168;TraS;0
NZ_CP010193.1	MPF_T	pXuzhou21	59	0	0	GA	1	10;8366;9043;+;28.4			13;9800;12325;+;58.8	13;9800;12325;+;35.3	14;12309;12989;+;83.1	5;3671;4723;-;92.3		15;13214;14005;+;137.9	16;14025;14813;+;166.0	17;14806;16032;+;159.5	20;16451;17512;+;76.7	21;17534;19555;+;310.7		pfam	pfam_only	A	7/7	uncallable	0	0	unscoreable	8	0	0														not_admitted	not_admitted	not_admitted	not_admitted	not_admitted	not_admitted	not_admitted
NZ_CP010194.1	-	-	45	0	0	GA	1	11;11780;12382;-;49.5	10;11496;11783;-;49.4	9;8745;11480;-;59.0	9;8745;11480;-;140.2	9;8745;11480;-;57.9	8;8022;8735;-;113.0	6;6634;7698;-;145.5		5;5760;6449;-;139.5	4;4855;5763;-;132.8	3;3582;4865;-;129.4	2;2548;3582;-;83.1	1;729;2561;-;411.7		pfam	pfam_only	A	7/7	canonical	1	1	unscoreable	1	0	0														not_admitted	not_admitted	not_admitted	not_admitted	not_admitted	not_admitted	not_admitted
NZ_CP010197.1	MPF_F	IncFIB(AP001918);IncFII	157	0	0	GA	0															not_admitted	not_admitted	not_admitted	not_admitted	not_admitted	not_admitted	not_admitted	not_admitted	not_admitted	not_admitted	1	44;30961;31953;+;363.2	56;38825;40243;+;372.5	50;35586;36329;+;230.8	41;27325;29952;+;309.3	57;40240;43092;+;370.5	33;22803;24251;+;90.4	41;27325;29952;+;99.8	31;21519;22085;+;183.1	45;31962;32600;+;69.5	48;33201;35096;+;262.8	60;44970;47123;+;390.6	36;25108;25623;+;77.6	60;44970;47123;+;68.7	A	9/9	contiguous	23451	1	1	43110..43610+;166;TraS;0
NZ_CP010201.1	MPF_F	IncFIB(AP001918);IncFII(pSE11)	122	0	0	GA	0															not_admitted	not_admitted	not_admitted	not_admitted	not_admitted	not_admitted	not_admitted	not_admitted	not_admitted	not_admitted	1	26;20649;21647;+;349.5	39;33331;34737;+;342.9	35;31227;32012;+;216.1	22;16777;19416;+;253.5	40;34737;37625;+;313.4	20;14904;16250;+;96.6	22;16777;19416;+;117.1	18;13579;14157;+;128.5	29;23044;23649;+;57.4	34;29807;31225;+;242.0	45;40470;42656;+;374.5	21;16247;16780;+;52.3	45;40470;42656;+;60.1	A	9/9	contiguous	26891	1	1	37639..38289+;216;unnamed;1
NZ_CP010207.1	MPF_F	IncFIB(AP001918);IncFII	150	0	0	GA	0															not_admitted	not_admitted	not_admitted	not_admitted	not_admitted	not_admitted	not_admitted	not_admitted	not_admitted	not_admitted	1	134;124936;125928;+;363.2	146;132800;134218;+;372.5	140;129561;130304;+;230.8	131;121300;123927;+;309.3	147;134215;137067;+;370.5	123;116778;118226;+;90.4	131;121300;123927;+;99.8	121;115494;116060;+;183.1	135;125937;126575;+;69.5	138;127176;129071;+;262.8	131;121300;123927;+;22.1	126;119083;119598;+;77.6		A	9/9	contiguous	18721	1	1	137085..137585+;166;TraS;0
NZ_CP010209.1	MPF_F	IncFII(pCoo)	74	0	0	GA	0															not_admitted	not_admitted	not_admitted	not_admitted	not_admitted	not_admitted	not_admitted	not_admitted	not_admitted	not_admitted	1	15;12562;13554;-;365.0	3;4332;5705;-;381.0	8;7295;8038;-;234.3	18;14563;17190;-;306.8	2;1510;4335;-;389.2	26;20048;21475;-;94.3	18;14563;17190;-;98.5	28;22190;22756;-;183.8	12;10976;11614;-;69.2	9;8314;10164;-;263.2	73;58858;60990;-;390.7	22;18413;18928;-;75.3	73;58858;60990;-;68.7	A	9/9	split_2	57348	1	1	1004..1513-;169;unnamed;0
NZ_CP010214.1	MPF_F	IncFIB(AP001918);IncFII	154	0	0	GA	0															not_admitted	not_admitted	not_admitted	not_admitted	not_admitted	not_admitted	not_admitted	not_admitted	not_admitted	not_admitted	1	107;102710;103702;-;363.2	95;94420;95838;-;372.5	101;98334;99077;-;230.8	110;104711;107338;-;309.3	94;91571;94423;-;370.5	118;110412;111860;-;90.4	110;104711;107338;-;99.8	120;112578;113144;-;183.1	106;102063;102701;-;69.5	103;99567;101462;-;262.8	91;87540;89693;-;390.6	115;109040;109555;-;77.6	91;87540;89693;-;68.7	A	9/9	contiguous	25038	1	1	91053..91553-;166;TraS;0
NZ_CP010215.1	MPF_F	IncFII(pCoo)	75	0	0	GA	0															not_admitted	not_admitted	not_admitted	not_admitted	not_admitted	not_admitted	not_admitted	not_admitted	not_admitted	not_admitted	1	17;16021;17013;-;365.0	5;7791;9164;-;381.0	10;10754;11497;-;234.3	20;18022;20649;-;306.8	4;4969;7794;-;389.2	28;23507;24934;-;94.3	20;18022;20649;-;98.5	30;25649;26215;-;183.8	14;14435;15073;-;69.2	11;11773;13623;-;263.2	1;1267;3465;-;390.5	24;21872;22387;-;75.3	1;1267;3465;-;68.6	A	9/9	contiguous	24382	1	1	4463..4972-;169;unnamed;0
NZ_CP010220.1	MPF_T	IncI2(Delta)	74	0	0	GA	1	1;1687;2169;-;81.1		16;17760;18044;-;36.6	15;15397;17754;-;58.5	15;15397;17754;-;44.9	25;22856;23500;-;41.0	26;23506;24501;-;123.7		13;14497;15231;-;144.3	12;13730;14500;-;170.4	11;12601;13740;-;154.7	4;3938;5476;-;207.1	9;9553;11511;-;288.2		pfam	pfam_only	A	7/7	rearranged	1	0	unscoreable	14	0	0														not_admitted	not_admitted	not_admitted	not_admitted	not_admitted	not_admitted	not_admitted
NZ_CP010222.1	MPF_F	IncFIB(AP001918);IncFII	159	0	0	GA	0															not_admitted	not_admitted	not_admitted	not_admitted	not_admitted	not_admitted	not_admitted	not_admitted	not_admitted	not_admitted	1	44;30961;31953;+;363.2	56;38825;40243;+;372.5	50;35586;36329;+;230.8	41;27325;29952;+;309.3	57;40240;43092;+;370.5	33;22803;24251;+;90.4	41;27325;29952;+;99.8	31;21519;22085;+;183.1	45;31962;32600;+;69.5	48;33201;35096;+;262.8	60;44970;47123;+;390.6	36;25108;25623;+;77.6	60;44970;47123;+;68.7	A	9/9	contiguous	23451	1	1	43110..43610+;166;TraS;0
NZ_CP010223.1	MPF_F	IncFII(pCoo)	77	0	0	GA	0															not_admitted	not_admitted	not_admitted	not_admitted	not_admitted	not_admitted	not_admitted	not_admitted	not_admitted	not_admitted	1	61;45765;46757;+;365.0	73;53614;54987;+;381.0	68;51281;52024;+;234.3	58;42129;44756;+;306.8	74;54984;57809;+;389.2	50;37844;39271;+;94.3	58;42129;44756;+;98.5	48;36563;37129;+;183.8	64;47705;48343;+;69.2	67;49155;51005;+;263.2	58;42129;44756;+;22.1	54;40391;40906;+;75.3		A	9/9	contiguous	18421	1	1	57806..58315+;169;unnamed;0
NZ_CP010232.1	MPF_F	IncFIB(AP001918);IncFII	157	0	0	GA	0															not_admitted	not_admitted	not_admitted	not_admitted	not_admitted	not_admitted	not_admitted	not_admitted	not_admitted	not_admitted	1	50;50864;51856;-;369.3	39;43441;44814;-;381.0	44;46404;47147;-;235.0	53;52865;55492;-;304.6	38;40622;43444;-;389.2	59;57644;59071;-;94.3	53;52865;55492;-;99.2	61;59786;60352;-;183.8	47;49229;49867;-;68.6	46;47424;49232;-;268.0	35;36827;39088;-;391.4	55;56008;56523;-;78.4	35;36827;39088;-;70.3	A	9/9	contiguous	22959	1	1	40104..40601-;165;TraS;0
NZ_CP010239.1	MPF_F	Col156;IncFIB(AP001918);IncFII	204	0	0	GA	0															not_admitted	not_admitted	not_admitted	not_admitted	not_admitted	not_admitted	not_admitted	not_admitted	not_admitted	not_admitted	1	128;121887;122879;-;369.5	118;114735;116108;-;381.7	123;118038;118781;-;234.4	131;123888;126518;-;304.1	117;111916;114738;-;374.0	139;129920;130483;-;56.2	131;123888;126518;-;96.8	145;134626;135192;-;174.3	126;120905;121543;-;68.6	125;119058;120908;-;266.1	109;104739;106853;-;390.2	136;128545;129060;-;78.4	109;104739;106853;-;70.4	A	9/9	contiguous	29887	1	1	111415..111894-;159;TraS;0
NZ_CP010302.1	MPF_T	-	55	0	0	GA	1		18;12638;12901;+;56.6	19;12920;15688;+;73.3	19;12920;15688;+;169.9	19;12920;15688;+;84.1	25;18220;19206;+;82.8	26;19210;20202;+;116.1		28;20349;21011;+;177.6	29;21008;21895;+;161.4	30;21922;23094;+;166.0	31;23075;24067;+;93.2	32;24068;25879;+;348.4		pfam	pfam_only	A	7/7	canonical	1	1	unscoreable	6	0	0														not_admitted	not_admitted	not_admitted	not_admitted	not_admitted	not_admitted	not_admitted
NZ_CP010303.1	MPF_T	-	50	0	0	GA	1				3;2935;5403;+;105.0		33;26336;27292;+;31.3	15;13553;14701;+;97.5		5;5547;6224;+;112.5	6;6224;7294;+;97.7	7;7291;8427;+;143.9	9;8631;9584;+;100.7	11;9998;11884;+;243.9		pfam	pfam_only	A	7/7	canonical	1	0	unscoreable	6	0	0														not_admitted	not_admitted	not_admitted	not_admitted	not_admitted	not_admitted	not_admitted
NZ_CP010312.1	-	-	282	0	0	GA	0															not_admitted	not_admitted	not_admitted	not_admitted	not_admitted	not_admitted	not_admitted	not_admitted	not_admitted	not_admitted	1	43;51038;52189;+;268.1	1;1126;2559;+;255.2	0;155;1108;+;228.7	36;44140;46626;+;264.2	2;2574;6638;+;268.7	32;40992;42320;+;133.8	36;44140;46626;+;132.6	9;16420;16998;+;88.7	41;48739;49962;+;37.8	44;52197;54986;+;125.9	27;36396;38225;+;55.4	34;43173;43733;+;53.5	27;36396;38225;+;52.7	A	9/9	contiguous	52042	1	1	6730..7083+;117;unnamed;0
NZ_CP010316.1	MPF_F	IncFIB(AP001918);IncFII	139	0	0	GA	0															not_admitted	not_admitted	not_admitted	not_admitted	not_admitted	not_admitted	not_admitted	not_admitted	not_admitted	not_admitted	1	93;95759;96751;+;369.3	102;101810;103186;+;381.0	97;99480;100223;+;230.0	90;92123;94750;+;306.4	103;103183;106005;+;387.5	84;88641;90068;+;94.3	90;92123;94750;+;98.5	82;87360;87926;+;183.3	94;96760;97398;+;68.7	95;97395;99203;+;267.9	106;107538;109727;+;391.8	88;91092;91607;+;77.3	106;107538;109727;+;70.3	A	9/9	contiguous	20178	1	1	106026..106523+;165;TraS;0
NZ_CP010345.1	MPF_F	IncFIA;IncFIB(AP001918);IncFII(pSE11)	113	0	0	GA	0															not_admitted	not_admitted	not_admitted	not_admitted	not_admitted	not_admitted	not_admitted	not_admitted	not_admitted	not_admitted	1	87;75892;76884;+;368.6	98;82569;83942;+;378.0	91;79613;80356;+;235.0	84;72256;74883;+;306.8	99;83939;86761;+;388.4	77;68774;70201;+;94.3	84;72256;74883;+;98.5	75;67493;68059;+;183.8	88;76893;77531;+;67.3	89;77528;79336;+;268.4	102;88289;90442;+;391.8	81;71225;71740;+;77.3	102;88289;90442;+;70.4	A	9/9	contiguous	20796	1	1	86783..87274+;163;TraS;0
NZ_CP010360.2	MPF_T	IncA	169	0	0	GA	1	150;121704;122237;-;31.8	41;41500;41886;-;85.3	40;41234;41503;-;32.5	39;38771;41221;-;37.9	39;38771;41221;-;125.2	38;38031;38774;-;226.6	36;36328;37695;-;177.3		35;35605;36309;-;235.9	34;34616;35608;-;223.0	33;33333;34613;-;208.0	42;41883;42953;-;118.3	44;43423;45420;-;333.6		conjscan	conjscan_only	A	7/7	canonical	1	0	unscoreable	3	0	0														not_admitted	not_admitted	not_admitted	not_admitted	not_admitted	not_admitted	not_admitted
NZ_CP010363.1	MPF_F	IncFIA(pBK30683);IncFII(pBK30683)	165	0	0	GA	0															not_admitted	not_admitted	not_admitted	not_admitted	not_admitted	not_admitted	not_admitted	not_admitted	not_admitted	not_admitted	1	148;125416;126405;+;363.3	158;131952;133319;+;382.6	154;129942;130694;+;233.7	144;121320;123959;+;258.5	159;133319;136168;+;345.6	136;116639;118063;+;89.2	144;121320;123959;+;87.7	134;115346;115912;+;169.3	149;126418;127056;+;66.0	150;127115;129070;+;259.7	0;63;1025;+;86.3	137;118177;118761;+;55.4	0;63;1025;+;45.0	A	9/9	split_2	133256	1	1	136181..136729+;182;unnamed;0
NZ_CP010370.2	MPF_T	-	56	0	0	GA	1	38;33743;34453;-;101.0	37;33439;33732;-;41.2		36;30716;33427;-;78.0	36;30716;33427;-;57.1	35;30078;30719;-;71.2	48;42288;43373;-;71.0		47;41500;42288;-;74.6	46;40748;41485;-;149.0	45;39367;40746;-;180.8	44;38314;39351;-;92.0	40;34717;36234;-;35.6		pfam	both	A	7/7	rearranged	1	0	unscoreable	3	0	0														not_admitted	not_admitted	not_admitted	not_admitted	not_admitted	not_admitted	not_admitted
NZ_CP010372.1	MPF_F	IncFIA;IncFIB(AP001918);IncFII	177	0	0	GA	0															not_admitted	not_admitted	not_admitted	not_admitted	not_admitted	not_admitted	not_admitted	not_admitted	not_admitted	not_admitted	1	52;42348;43340;+;367.4	63;49026;50399;+;380.9	56;46069;46812;+;235.0	49;38712;41339;+;305.4	64;50396;53221;+;385.9	43;35230;36657;+;94.5	49;38712;41339;+;98.5	41;33949;34515;+;183.8	53;43349;43987;+;68.6	54;43984;45792;+;268.3	67;54724;56913;+;391.3	47;37681;38196;+;78.4	67;54724;56913;+;70.4	A	9/9	contiguous	20775	1	1	53218..53727+;169;unnamed;0
NZ_CP010373.2	MPF_F	IncC	237	0	0	GA	0															not_admitted	not_admitted	not_admitted	not_admitted	not_admitted	not_admitted	not_admitted	not_admitted	not_admitted	not_admitted	1	71;59681;60688;-;332.9	201;160892;162325;-;339.2	202;162327;163367;-;221.6	76;63440;65887;-;354.5	200;157265;160879;-;373.3	81;73443;74759;-;135.0	76;63440;65887;-;128.3	83;75657;76283;-;92.7	73;61353;62618;-;67.9	70;56767;59565;-;145.3	92;80087;81952;-;47.3	80;72868;73446;-;100.2	92;80087;81952;-;52.0	A	9/9	split_2	105560	0	1	
NZ_CP010378.1	MPF_T	IncN3	75	0	0	GA	1	40;34290;35072;-;33.3	38;33747;34043;-;36.0	37;33390;33707;-;71.9	36;30816;33389;-;118.0	36;30816;33389;-;74.2	35;30099;30800;-;98.9	33;28793;29830;-;121.9	32;28585;28716;-;40.1	31;27879;28574;-;132.6	30;26981;27868;-;147.8	29;25848;26981;-;166.3	28;24796;25797;-;90.1	71;52520;54052;+;52.0		pfam	both	A	7/7	canonical	1	0	ga	2	0	0														not_admitted	not_admitted	not_admitted	not_admitted	not_admitted	not_admitted	not_admitted
NZ_CP010380.1	MPF_F	IncHI1A(NDM-CIT);IncHI1B(pNDM-CIT)	354	1	1	GA	1		84;97816;98199;+;86.7	329;307462;307731;+;32.5	86;98480;100930;+;42.3	86;98480;100930;+;138.4	331;310191;310934;+;226.6	89;102000;103364;+;179.3		334;312656;313360;+;235.9	91;104095;105087;+;224.4	336;314352;315632;+;208.0	327;306012;307082;+;118.3	81;94279;96294;+;346.4	10;11830;15006;-;57.9	conjscan	conjscan_only	A	7/7	canonical	1	0	unscoreable	6	0	1	11;15025;15732;-;214.6	201;187644;189059;+;200.0	200;186608;187654;+;168.3	28;34576;37257;-;156.8	202;189068;193057;+;103.1	336;314352;315632;+;208.0	28;34576;37257;-;73.5	35;42630;43415;-;69.5	13;16225;17733;-;62.3	10;11830;15006;-;57.9	81;94279;96294;+;105.6	29;37266;38216;-;45.4	81;94279;96294;+;99.4	A	9/9	split_4	302522	0	1	
NZ_CP010382.1	MPF_T	IncN3	68	0	0	GA	1	19;17509;18291;-;33.0	17;16966;17262;-;36.0	16;16609;16926;-;71.9	15;14035;16608;-;117.9	15;14035;16608;-;74.2	14;13318;14019;-;99.8	12;12012;13049;-;122.7	11;11804;11935;-;40.1	10;11098;11793;-;132.6	9;10200;11087;-;151.1	8;9067;10200;-;166.3	7;8015;9016;-;90.0	1;795;2327;+;48.1		pfam	both	A	7/7	canonical	1	0	ga	7	0	0														not_admitted	not_admitted	not_admitted	not_admitted	not_admitted	not_admitted	not_admitted
NZ_CP010393.1	MPF_F	IncFIB(K);IncFII(K)	217	0	0	GA	0															not_admitted	not_admitted	not_admitted	not_admitted	not_admitted	not_admitted	not_admitted	not_admitted	not_admitted	not_admitted	1	158;138061;139053;+;366.6	168;144504;145874;+;381.2	164;142550;143302;+;232.4	155;134396;137035;+;258.7	169;145874;148723;+;344.2	146;129157;130581;+;89.2	155;134396;137035;+;88.8	144;127864;128430;+;167.0	159;139066;139704;+;67.0	160;139701;141707;+;259.0	173;150537;152846;+;393.2	148;131193;131762;+;49.7	173;150537;152846;+;65.8	A	9/9	contiguous	22673	1	1	148726..149256+;176;unnamed;0
NZ_CP010395.1	MPF_T	IncX3	57	0	0	GA	1	29;19931;20575;+;46.4	30;20559;20849;+;73.1	31;20874;23627;+;47.0	31;20874;23627;+;145.4	31;20874;23627;+;73.3	32;23637;24407;+;60.1	34;24686;25741;+;133.2		35;25936;26664;+;119.4	36;26670;27599;+;138.8	37;27596;28810;+;128.3	39;29006;30040;+;65.7	40;30043;31878;+;495.9		pfam	pfam_only	A	7/7	canonical	1	1	unscoreable	2	0	0														not_admitted	not_admitted	not_admitted	not_admitted	not_admitted	not_admitted	not_admitted
NZ_CP010399.1	MPF_T	-	56	0	0	GA	1	17;16548;17258;-;101.0	16;16244;16537;-;41.2		15;13521;16232;-;78.0	15;13521;16232;-;57.1	14;12883;13524;-;71.2	27;25093;26178;-;71.0		26;24305;25093;-;74.6	25;23553;24290;-;149.0	24;22172;23551;-;180.8	23;21119;22156;-;92.0	19;17522;19039;-;35.6		pfam	both	A	7/7	rearranged	1	0	unscoreable	3	0	0														not_admitted	not_admitted	not_admitted	not_admitted	not_admitted	not_admitted	not_admitted
NZ_CP010418.1	MPF_T	-	57	0	0	GA	1		55;61236;61640;-;64.1	54;60922;61233;-;50.0	53;58367;60925;-;85.1	53;58367;60925;-;105.4	48;54014;54799;-;102.0	46;52403;53752;-;146.2		52;57603;58370;-;126.7	51;56701;57591;-;180.0	49;54823;56238;-;217.2	56;61659;62621;-;128.2	18;15614;17530;+;498.0		conjscan	conjscan_only	A	7/7	canonical	1	0	unscoreable	3	0	0														not_admitted	not_admitted	not_admitted	not_admitted	not_admitted	not_admitted	not_admitted
NZ_CP010590.1	MPF_T	-	147	0	0	GA	1	49;49750;50904;-;74.9	53;53694;53987;-;75.2	52;53423;53743;-;85.9	51;51058;53433;-;84.3	51;51058;53433;-;47.3	48;48941;49753;-;67.3	41;43512;44588;-;124.8		47;48270;48923;-;168.1	46;47569;48267;-;163.6	45;46193;47572;-;179.9	44;45202;46188;-;104.7	33;36695;38698;+;286.8		pfam	both	A	7/7	canonical	1	0	unscoreable	10	0	0														not_admitted	not_admitted	not_admitted	not_admitted	not_admitted	not_admitted	not_admitted
NZ_CP010601.1	MPF_T	-	135	0	0	GA	1	48;49726;50880;-;74.9	52;53670;53963;-;75.3	51;53399;53677;-;90.1	50;51034;53409;-;85.7	50;51034;53409;-;47.2	47;48917;49729;-;67.3	40;43509;44564;-;125.9		46;48246;48899;-;168.1	45;47545;48243;-;163.6	44;46169;47548;-;179.9	43;45178;46164;-;104.7	32;36692;38695;+;288.8		pfam	both	A	7/7	canonical	1	0	unscoreable	10	0	0														not_admitted	not_admitted	not_admitted	not_admitted	not_admitted	not_admitted	not_admitted
NZ_CP010603.1	-	-	103	0	0	GA	1	41;44231;45343;-;72.2	45;48208;48489;-;91.0	44;47914;48192;-;64.8	43;45546;47939;-;75.4	43;45546;47939;-;51.8	40;43467;44234;-;62.3	38;42019;43032;-;119.1		37;41321;42001;-;186.5	36;40581;41315;-;180.0	35;39154;40578;-;170.3	34;38177;39157;-;113.4	20;19919;21832;+;292.0		pfam	pfam_only	A	7/7	canonical	1	0	unscoreable	2	0	0														not_admitted	not_admitted	not_admitted	not_admitted	not_admitted	not_admitted	not_admitted
NZ_CP010606.1	-	-	68	0	0	GA	1	3;3080;3769;+;84.8	4;3757;4038;+;67.6	5;4038;4316;+;50.9	6;4309;6666;+;110.7	6;4309;6666;+;42.9	8;6789;7520;+;120.7	10;8001;9185;+;111.5		11;9248;9922;+;197.9	12;9919;10680;+;184.3	13;10677;12011;+;174.7	14;12008;12997;+;115.0	15;13064;15046;-;364.7		pfam	both	A	7/7	canonical	1	0	unscoreable	2	0	0														not_admitted	not_admitted	not_admitted	not_admitted	not_admitted	not_admitted	not_admitted
NZ_CP010611.1	MPF_T	-	252	0	0	GA	1	93;88644;89798;-;73.1	97;92588;92881;-;75.7	96;92317;92595;-;89.9	95;89952;92327;-;87.6	95;89952;92327;-;44.6	92;87835;88644;-;70.3	85;82427;83506;-;123.9		91;87164;87820;-;171.4	90;86466;87161;-;169.2	89;85090;86469;-;178.2	88;84099;85085;-;104.3	37;35048;37036;+;288.9		pfam	both	A	7/7	canonical	1	0	unscoreable	3	0	0														not_admitted	not_admitted	not_admitted	not_admitted	not_admitted	not_admitted	not_admitted
NZ_CP010615.1	-	-	68	0	0	GA	1	3;3080;3769;+;84.8	4;3757;4038;+;67.6	5;4038;4316;+;50.9	6;4309;6666;+;110.7	6;4309;6666;+;42.9	8;6789;7520;+;120.7	10;8001;9185;+;111.5		11;9248;9922;+;197.9	12;9919;10680;+;184.3	13;10677;12011;+;174.7	14;12008;12997;+;115.0	15;13064;15046;-;364.7		pfam	both	A	7/7	canonical	1	0	unscoreable	2	0	0														not_admitted	not_admitted	not_admitted	not_admitted	not_admitted	not_admitted	not_admitted
NZ_CP010616.1	MPF_T	-	69	0	0	GA	1	9;7149;8294;+;78.6	5;4001;4291;+;72.8	6;4304;4582;+;73.7	7;4572;6935;+;99.0	7;4572;6935;+;49.6	10;8294;9142;+;65.7	17;13416;14423;+;116.4		11;9156;9809;+;161.3	12;9811;10512;+;166.8	13;10509;11828;+;179.0	14;11829;12827;+;108.9	18;14471;16564;-;296.8		pfam	both	A	7/7	canonical	1	0	unscoreable	3	0	0														not_admitted	not_admitted	not_admitted	not_admitted	not_admitted	not_admitted	not_admitted
NZ_CP010619.1	MPF_T	-	183	0	0	GA	1	97;88457;89611;-;76.9	101;92401;92694;-;75.2	100;92130;92450;-;85.9	99;89765;92140;-;84.3	99;89765;92140;-;47.3	96;87648;88460;-;69.7	89;82241;83320;-;124.0		95;86977;87633;-;170.7	94;86280;86975;-;165.7	93;84904;86283;-;182.1	92;83913;84899;-;104.4	80;73775;75775;+;289.3		pfam	both	A	7/7	canonical	1	0	unscoreable	11	0	0														not_admitted	not_admitted	not_admitted	not_admitted	not_admitted	not_admitted	not_admitted
NZ_CP010621.1	-	-	73	0	0	GA	1	28;33510;34655;+;75.3	25;30358;30648;+;77.7	26;30661;30939;+;76.1	27;30929;33292;+;100.5	27;30929;33292;+;48.9	29;34655;35497;+;63.0	36;39840;40919;+;120.7		30;35510;36163;+;151.8	31;36165;36857;+;171.2	32;36860;38230;+;171.8	33;38231;39220;+;106.6	37;40984;43152;-;292.8		pfam	both	A	7/7	canonical	1	0	unscoreable	2	0	0														not_admitted	not_admitted	not_admitted	not_admitted	not_admitted	not_admitted	not_admitted
NZ_CP010631.1	MPF_T	-	185	0	0	GA	1	44;46260;47414;-;74.9	48;50204;50497;-;75.2	47;49933;50253;-;85.9	46;47568;49943;-;84.3	46;47568;49943;-;47.3	43;45451;46263;-;67.3	36;40022;41098;-;124.8		42;44780;45433;-;168.1	41;44079;44777;-;163.6	40;42703;44082;-;179.9	39;41712;42698;-;104.7	28;33205;35208;+;286.8		pfam	both	A	7/7	canonical	1	0	unscoreable	10	0	0														not_admitted	not_admitted	not_admitted	not_admitted	not_admitted	not_admitted	not_admitted
NZ_CP010634.1	-	-	68	0	0	GA	1	3;3080;3769;+;84.8	4;3757;4038;+;67.6	5;4038;4316;+;50.9	6;4309;6666;+;110.7	6;4309;6666;+;42.9	8;6789;7520;+;120.7	10;8001;9185;+;111.5		11;9248;9922;+;197.9	12;9919;10680;+;184.3	13;10677;12011;+;174.7	14;12008;12997;+;115.0	15;13064;15046;-;364.7		pfam	both	A	7/7	canonical	1	0	unscoreable	2	0	0														not_admitted	not_admitted	not_admitted	not_admitted	not_admitted	not_admitted	not_admitted
NZ_CP010635.1	MPF_T	-	65	0	0	GA	1	9;7149;8294;+;78.6	5;4001;4291;+;72.8	6;4304;4582;+;73.7	7;4572;6935;+;99.0	7;4572;6935;+;49.6	10;8294;9142;+;65.7	17;13416;14423;+;116.4		11;9156;9809;+;161.3	12;9811;10512;+;166.8	13;10509;11828;+;179.0	14;11829;12827;+;108.9	18;14471;16564;-;296.8		pfam	both	A	7/7	canonical	1	0	unscoreable	3	0	0														not_admitted	not_admitted	not_admitted	not_admitted	not_admitted	not_admitted	not_admitted
NZ_CP010638.1	MPF_T	-	185	0	0	GA	1	44;46260;47414;-;74.9	48;50204;50497;-;75.2	47;49933;50253;-;85.9	46;47568;49943;-;84.3	46;47568;49943;-;47.3	43;45451;46263;-;67.3	36;40022;41098;-;124.8		42;44780;45433;-;168.1	41;44079;44777;-;163.6	40;42703;44082;-;179.9	39;41712;42698;-;104.7	28;33205;35208;+;286.8		pfam	both	A	7/7	canonical	1	0	unscoreable	10	0	0														not_admitted	not_admitted	not_admitted	not_admitted	not_admitted	not_admitted	not_admitted
NZ_CP010640.1	MPF_T	-	84	0	0	GA	1	8;7508;8623;+;69.9	5;4315;4620;+;88.3	6;4682;7336;+;58.8	6;4682;7336;+;90.0	6;4682;7336;+;36.2	9;8620;9432;+;71.6	11;9936;10940;+;96.1		12;10974;11627;+;173.2	13;11634;12374;+;143.9	14;12377;13789;+;181.9	15;13789;14781;+;110.6	20;19326;21335;-;230.1		pfam	both	A	7/7	canonical	1	1	unscoreable	6	0	0														not_admitted	not_admitted	not_admitted	not_admitted	not_admitted	not_admitted	not_admitted
NZ_CP010645.1	-	-	129	0	0	GA	1	78;70979;71551;-;45.3	77;70679;70966;-;56.3	76;70330;70644;-;84.1	75;67976;70330;-;156.7	75;67976;70330;-;88.5	74;67263;67979;-;129.1	72;66066;66959;-;136.5		70;65136;65822;-;182.6	69;64288;65139;-;174.0	68;63125;64285;-;168.5	67;62091;63128;-;125.3	66;59968;62094;-;374.9		pfam	both	A	7/7	canonical	1	0	unscoreable	2	0	0														not_admitted	not_admitted	not_admitted	not_admitted	not_admitted	not_admitted	not_admitted
NZ_CP010647.1	-	-	79	0	0	GA	1	9;7125;8270;+;77.1	5;3977;4267;+;72.8	6;4280;4558;+;72.5	7;4548;6911;+;96.9	7;4548;6911;+;49.4	10;8270;9118;+;65.6	17;13392;14438;+;119.0		11;9132;9785;+;159.4	12;9787;10488;+;165.3	13;10485;11804;+;180.6	14;11805;12803;+;109.8	19;14705;16795;-;294.1		pfam	both	A	7/7	canonical	1	0	unscoreable	4	0	0														not_admitted	not_admitted	not_admitted	not_admitted	not_admitted	not_admitted	not_admitted
NZ_CP010649.1	-	-	62	0	0	GA	1	3;3725;4153;+;76.5	4;4214;4495;+;83.2	5;4500;4778;+;74.0	6;4768;7146;+;94.3	6;4768;7146;+;55.3	9;8383;9171;+;59.7	11;9596;10627;+;100.5		12;10672;11331;+;183.5	13;11333;12052;+;167.2	14;12056;13435;+;171.4	15;13438;14427;+;120.4	16;14775;16658;-;282.3		pfam	both	A	7/7	canonical	1	0	unscoreable	2	0	0														not_admitted	not_admitted	not_admitted	not_admitted	not_admitted	not_admitted	not_admitted
NZ_CP010652.1	MPF_T	-	94	0	0	GA	1	54;50626;51780;-;74.4	58;54570;54863;-;74.5	57;54299;54577;-;86.6	56;51934;54309;-;84.6	56;51934;54309;-;47.2	53;49817;50626;-;70.9	46;44394;45470;-;124.6		52;49148;49801;-;167.9	51;48450;49145;-;167.3	50;47074;48453;-;181.2	49;46084;47070;-;104.3	41;37391;39391;+;288.9		pfam	both	A	7/7	canonical	1	0	unscoreable	7	0	0														not_admitted	not_admitted	not_admitted	not_admitted	not_admitted	not_admitted	not_admitted
NZ_CP010654.1	-	-	73	0	0	GA	1	28;33510;34655;+;75.3	25;30358;30648;+;77.7	26;30661;30939;+;76.1	27;30929;33292;+;100.5	27;30929;33292;+;48.9	29;34655;35497;+;63.0	36;39840;40919;+;120.7		30;35510;36163;+;151.8	31;36165;36857;+;171.2	32;36860;38230;+;171.8	33;38231;39220;+;106.6	37;40984;43152;-;292.8		pfam	both	A	7/7	canonical	1	0	unscoreable	2	0	0														not_admitted	not_admitted	not_admitted	not_admitted	not_admitted	not_admitted	not_admitted
NZ_CP010658.1	MPF_T	-	139	0	0	GA	1	50;44545;45699;-;72.8	54;48477;48872;-;71.8	53;48206;48484;-;90.4	52;45853;48216;-;86.7	52;45853;48216;-;45.4	49;43736;44545;-;70.9	42;38310;39386;-;118.3		48;43065;43721;-;168.4	47;42367;43062;-;169.6	46;40991;42370;-;180.0	45;40000;40986;-;104.1	30;26805;28787;+;283.9		pfam	both	A	7/7	canonical	1	0	unscoreable	14	0	0														not_admitted	not_admitted	not_admitted	not_admitted	not_admitted	not_admitted	not_admitted
NZ_CP010662.1	MPF_T	-	252	0	0	GA	1	93;88644;89798;-;73.1	97;92588;92881;-;75.7	96;92317;92595;-;89.9	95;89952;92327;-;87.6	95;89952;92327;-;44.6	92;87835;88644;-;70.3	85;82427;83506;-;123.9		91;87164;87820;-;171.4	90;86466;87161;-;169.2	89;85090;86469;-;178.2	88;84099;85085;-;104.3	37;35048;37036;+;288.9		pfam	both	A	7/7	canonical	1	0	unscoreable	3	0	0														not_admitted	not_admitted	not_admitted	not_admitted	not_admitted	not_admitted	not_admitted
NZ_CP010666.1	-	-	68	0	0	GA	1	3;3080;3769;+;84.8	4;3757;4038;+;67.6	5;4038;4316;+;50.9	6;4309;6666;+;110.7	6;4309;6666;+;42.9	8;6789;7520;+;120.7	10;8001;9185;+;111.5		11;9248;9922;+;197.9	12;9919;10680;+;184.3	13;10677;12011;+;174.7	14;12008;12997;+;115.0	15;13064;15046;-;364.7		pfam	both	A	7/7	canonical	1	0	unscoreable	2	0	0														not_admitted	not_admitted	not_admitted	not_admitted	not_admitted	not_admitted	not_admitted
NZ_CP010667.1	MPF_T	-	69	0	0	GA	1	9;7149;8294;+;78.6	5;4001;4291;+;72.8	6;4304;4582;+;73.7	7;4572;6935;+;99.0	7;4572;6935;+;49.6	10;8294;9142;+;65.7	17;13416;14423;+;116.4		11;9156;9809;+;161.3	12;9811;10512;+;166.8	13;10509;11828;+;179.0	14;11829;12827;+;108.9	18;14471;16564;-;296.8		pfam	both	A	7/7	canonical	1	0	unscoreable	3	0	0														not_admitted	not_admitted	not_admitted	not_admitted	not_admitted	not_admitted	not_admitted
NZ_CP010675.1	MPF_T	-	185	0	0	GA	1	44;46260;47414;-;74.9	48;50204;50497;-;75.2	47;49933;50253;-;85.9	46;47568;49943;-;84.3	46;47568;49943;-;47.3	43;45451;46263;-;67.3	36;40022;41098;-;124.8		42;44780;45433;-;168.1	41;44079;44777;-;163.6	40;42703;44082;-;179.9	39;41712;42698;-;104.7	28;33205;35208;+;286.8		pfam	both	A	7/7	canonical	1	0	unscoreable	10	0	0														not_admitted	not_admitted	not_admitted	not_admitted	not_admitted	not_admitted	not_admitted
NZ_CP010679.1	-	-	81	0	0	GA	1	9;7164;8309;+;77.1	5;4016;4306;+;78.7	6;4319;4597;+;74.1	7;4587;6950;+;93.4	7;4587;6950;+;45.8	10;8309;9157;+;61.3	17;13426;14505;+;119.5		11;9171;9824;+;159.7	12;9826;10527;+;169.3	13;10524;11837;+;176.5	14;11838;12833;+;106.6	18;14560;16587;-;295.5		pfam	pfam_only	A	7/7	canonical	1	0	unscoreable	3	0	0														not_admitted	not_admitted	not_admitted	not_admitted	not_admitted	not_admitted	not_admitted
NZ_CP010683.1	MPF_T	-	108	0	0	GA	0															not_admitted	not_admitted	not_admitted	not_admitted	not_admitted	not_admitted	not_admitted	not_admitted	not_admitted	not_admitted	1	13;9920;10909;+;360.1	20;16925;18313;+;357.4	18;14816;15640;+;213.4	9;5932;8418;+;211.0	21;18317;21514;+;296.8	6;4045;5325;+;99.2	9;5932;8418;+;90.6	4;2769;3323;+;118.2	14;10894;11676;+;89.0	16;13108;14421;+;195.0	73;72236;74581;+;448.1	7;5322;5711;+;37.1	73;72236;74581;+;82.4	A	9/9	split_2	69467	0	1	
NZ_CP010691.1	-	-	129	0	0	GA	1	78;70979;71551;-;45.3	77;70679;70966;-;56.3	76;70330;70644;-;84.1	75;67976;70330;-;156.7	75;67976;70330;-;88.5	74;67263;67979;-;129.1	72;66066;66959;-;136.5		70;65136;65822;-;182.6	69;64288;65139;-;174.0	68;63125;64285;-;168.5	67;62091;63128;-;125.3	66;59968;62094;-;374.9		pfam	both	A	7/7	canonical	1	0	unscoreable	2	0	0														not_admitted	not_admitted	not_admitted	not_admitted	not_admitted	not_admitted	not_admitted
NZ_CP010693.1	-	-	79	0	0	GA	1	9;7125;8270;+;77.1	5;3977;4267;+;72.8	6;4280;4558;+;72.5	7;4548;6911;+;96.9	7;4548;6911;+;49.4	10;8270;9118;+;65.6	17;13392;14438;+;119.0		11;9132;9785;+;159.4	12;9787;10488;+;165.3	13;10485;11804;+;180.6	14;11805;12803;+;109.8	19;14705;16795;-;294.1		pfam	both	A	7/7	canonical	1	0	unscoreable	4	0	0														not_admitted	not_admitted	not_admitted	not_admitted	not_admitted	not_admitted	not_admitted
NZ_CP010695.1	-	-	62	0	0	GA	1	3;3728;4156;+;76.5	4;4217;4498;+;83.2	5;4503;4781;+;74.0	6;4771;7149;+;94.3	6;4771;7149;+;55.3	9;8386;9174;+;59.7	11;9599;10630;+;100.5		12;10675;11334;+;183.5	13;11336;12055;+;167.2	14;12059;13438;+;171.4	15;13441;14430;+;120.4	16;14778;16661;-;282.3		pfam	both	A	7/7	canonical	1	0	unscoreable	2	0	0														not_admitted	not_admitted	not_admitted	not_admitted	not_admitted	not_admitted	not_admitted
NZ_CP010698.1	-	-	96	0	0	GA	1	37;43977;45089;-;73.2	41;48062;48343;-;89.5	40;47660;47938;-;61.0	39;45292;47670;-;73.9	39;45292;47670;-;45.3	36;43213;43980;-;62.9	34;41765;42778;-;118.8		33;41067;41735;-;184.6	32;40339;41061;-;179.1	31;38912;40336;-;170.2	30;37923;38912;-;116.8	16;21743;23656;+;291.5		pfam	pfam_only	A	7/7	canonical	1	0	unscoreable	2	0	0														not_admitted	not_admitted	not_admitted	not_admitted	not_admitted	not_admitted	not_admitted
NZ_CP010699.1	MPF_T	-	104	0	0	GA	1	64;62368;63522;-;74.4	68;66312;66605;-;74.5	67;66041;66319;-;86.6	66;63676;66051;-;84.6	66;63676;66051;-;47.2	63;61559;62371;-;69.4	56;56134;57210;-;124.6		62;60888;61544;-;171.5	61;60191;60886;-;166.6	60;58815;60194;-;181.0	59;57824;58810;-;104.4	51;49131;51131;+;288.9		pfam	both	A	7/7	canonical	1	0	unscoreable	7	0	0														not_admitted	not_admitted	not_admitted	not_admitted	not_admitted	not_admitted	not_admitted
NZ_CP010700.1	-	-	72	0	0	GA	1	3;3725;4153;+;76.5	4;4214;4495;+;83.2	5;4500;4778;+;74.0	6;4768;7146;+;94.3	6;4768;7146;+;55.3	9;8383;9171;+;59.7	11;9596;10627;+;100.5		12;10672;11331;+;183.5	13;11333;12052;+;167.2	14;12056;13435;+;171.4	15;13438;14427;+;120.4	16;14775;16658;-;282.3		pfam	both	A	7/7	canonical	1	0	unscoreable	2	0	0														not_admitted	not_admitted	not_admitted	not_admitted	not_admitted	not_admitted	not_admitted
NZ_CP010707.1	MPF_T	-	135	0	0	GA	1	48;49726;50880;-;74.9	52;53670;53963;-;75.3	51;53399;53677;-;90.1	50;51034;53409;-;85.7	50;51034;53409;-;47.2	47;48917;49729;-;67.3	40;43509;44564;-;125.9		46;48246;48899;-;168.1	45;47545;48243;-;163.6	44;46169;47548;-;179.9	43;45178;46164;-;104.7	32;36692;38695;+;288.8		pfam	both	A	7/7	canonical	1	0	unscoreable	10	0	0														not_admitted	not_admitted	not_admitted	not_admitted	not_admitted	not_admitted	not_admitted
NZ_CP010709.1	-	-	103	0	0	GA	1	41;44226;45338;-;72.2	45;48203;48484;-;91.0	44;47909;48187;-;64.8	43;45541;47934;-;75.4	43;45541;47934;-;51.8	40;43462;44229;-;62.3	38;42014;43027;-;119.1		37;41316;41996;-;186.5	36;40576;41310;-;180.0	35;39149;40573;-;170.3	34;38172;39152;-;113.4	20;19920;21833;+;294.6		pfam	pfam_only	A	7/7	canonical	1	0	unscoreable	2	0	0														not_admitted	not_admitted	not_admitted	not_admitted	not_admitted	not_admitted	not_admitted
NZ_CP010712.1	-	-	68	0	0	GA	1	3;3080;3769;+;84.8	4;3757;4038;+;67.6	5;4038;4316;+;50.9	6;4309;6666;+;110.7	6;4309;6666;+;42.9	8;6789;7520;+;120.7	10;8001;9185;+;111.5		11;9248;9922;+;197.9	12;9919;10680;+;184.3	13;10677;12011;+;174.7	14;12008;12997;+;115.0	15;13064;15046;-;364.7		pfam	both	A	7/7	canonical	1	0	unscoreable	2	0	0														not_admitted	not_admitted	not_admitted	not_admitted	not_admitted	not_admitted	not_admitted
NZ_CP010713.1	MPF_T	-	70	0	0	GA	1	10;7148;8293;+;78.6	5;4001;4291;+;72.8	6;4304;4582;+;73.7	7;4572;6371;+;99.6	7;4572;6371;+;50.0	11;8293;9141;+;65.7	18;13415;14422;+;116.4		12;9155;9808;+;161.3	13;9810;10511;+;166.8	14;10508;11827;+;179.0	15;11828;12826;+;108.9	19;14470;16563;-;296.8		pfam	both	A	7/7	canonical	1	0	unscoreable	4	0	0														not_admitted	not_admitted	not_admitted	not_admitted	not_admitted	not_admitted	not_admitted
NZ_CP010716.1	MPF_T	-	250	0	0	GA	1	93;88644;89798;-;73.1	97;92588;92881;-;75.7	96;92317;92595;-;89.9	95;89952;92327;-;87.6	95;89952;92327;-;44.6	92;87835;88644;-;70.3	85;82427;83506;-;123.9		91;87164;87820;-;171.4	90;86466;87161;-;169.2	89;85090;86469;-;183.3	88;84099;85085;-;104.3	37;35048;37036;+;288.9		pfam	both	A	7/7	canonical	1	0	unscoreable	3	0	0														not_admitted	not_admitted	not_admitted	not_admitted	not_admitted	not_admitted	not_admitted
NZ_CP010718.1	MPF_T	-	109	0	0	GA	0															not_admitted	not_admitted	not_admitted	not_admitted	not_admitted	not_admitted	not_admitted	not_admitted	not_admitted	not_admitted	1	13;9920;10909;+;360.1	20;16925;18313;+;357.4	18;14816;15640;+;213.4	9;5932;8418;+;211.0	21;18317;21514;+;296.8	6;4045;5325;+;99.2	9;5932;8418;+;90.6	4;2769;3323;+;118.2	14;10894;11676;+;89.0	16;13108;14421;+;195.0	73;72236;74581;+;448.1	7;5322;5711;+;37.1	73;72236;74581;+;82.4	A	9/9	split_2	69467	0	1	
NZ_CP010727.1	MPF_T	-	223	0	0	GA	1	60;56212;57366;-;73.1	64;60156;60449;-;74.8	63;59885;60163;-;89.9	62;57520;59895;-;84.7	62;57520;59895;-;46.7	59;55403;56212;-;69.8	52;49981;51057;-;123.7		58;54732;55388;-;167.6	57;54035;54727;-;169.1	56;52662;54038;-;183.9	55;51671;52657;-;104.1	38;33912;35918;+;288.1		pfam	both	A	7/7	canonical	1	0	unscoreable	3	0	0														not_admitted	not_admitted	not_admitted	not_admitted	not_admitted	not_admitted	not_admitted
NZ_CP010728.1	-	-	160	0	0	GA	1	59;65462;65998;-;69.7	58;65162;65446;-;92.6	57;64879;65070;-;42.7	56;62514;64889;-;78.1	56;62514;64889;-;41.3	53;60450;61217;-;53.2	51;59057;60070;-;112.8		50;58365;59021;-;173.8	49;57638;58360;-;178.4	48;56196;57635;-;171.7	47;55220;56194;-;120.6	43;50669;52612;+;275.3		pfam	pfam_only	A	7/7	canonical	1	0	unscoreable	5	0	0														not_admitted	not_admitted	not_admitted	not_admitted	not_admitted	not_admitted	not_admitted
NZ_CP010729.1	-	-	106	0	0	GA	1	47;49235;50347;-;70.9	51;53212;53493;-;92.0	50;52918;53196;-;62.9	49;50550;52943;-;75.5	49;50550;52943;-;47.6	46;48471;49238;-;60.6	44;47023;48036;-;119.6		43;46325;47005;-;184.8	42;45585;46319;-;179.2	41;44140;45582;-;170.1	40;43044;44060;-;117.5	16;16958;18871;+;293.9		pfam	pfam_only	A	7/7	canonical	1	0	unscoreable	2	0	0														not_admitted	not_admitted	not_admitted	not_admitted	not_admitted	not_admitted	not_admitted
NZ_CP010730.1	MPF_T	-	84	0	0	GA	1	8;7508;8623;+;69.9	5;4315;4620;+;88.3	6;4682;7336;+;58.8	6;4682;7336;+;90.0	6;4682;7336;+;36.2	9;8620;9432;+;71.6	11;9936;10940;+;96.1		12;10974;11627;+;173.2	13;11634;12374;+;143.9	14;12377;13789;+;181.9	15;13789;14781;+;110.6	20;19326;21335;-;230.1		pfam	both	A	7/7	canonical	1	1	unscoreable	6	0	0														not_admitted	not_admitted	not_admitted	not_admitted	not_admitted	not_admitted	not_admitted
NZ_CP010737.1	MPF_T	-	178	0	0	GA	1	71;72583;73737;-;67.2	75;76527;76820;-;74.8	74;76256;76534;-;89.9	73;73891;76266;-;80.0	73;73891;76266;-;47.1	70;71774;72586;-;70.8	63;66349;67425;-;125.1		69;71103;71759;-;170.8	68;70406;71101;-;171.7	67;69030;70409;-;181.3	66;68039;69025;-;104.2	39;41188;43182;+;288.3		pfam	both	A	7/7	canonical	1	0	unscoreable	3	0	0														not_admitted	not_admitted	not_admitted	not_admitted	not_admitted	not_admitted	not_admitted
NZ_CP010740.1	MPF_T	-	67	0	0	GA	1	9;7149;8294;+;78.6	5;4001;4291;+;72.8	6;4304;4582;+;73.7	7;4572;6935;+;99.0	7;4572;6935;+;49.6	10;8294;9142;+;65.7	17;13416;14423;+;116.4		11;9156;9809;+;161.3	12;9811;10512;+;166.8	13;10509;11828;+;179.0	14;11829;12827;+;108.9	18;14471;16564;-;296.8		pfam	both	A	7/7	canonical	1	0	unscoreable	3	0	0														not_admitted	not_admitted	not_admitted	not_admitted	not_admitted	not_admitted	not_admitted
NZ_CP010750.1	MPF_T	-	252	0	0	GA	1	93;88644;89798;-;73.1	97;92588;92881;-;75.7	96;92317;92595;-;89.9	95;89952;92327;-;87.6	95;89952;92327;-;44.6	92;87835;88644;-;70.3	85;82427;83506;-;123.9		91;87164;87820;-;171.4	90;86466;87161;-;169.2	89;85090;86469;-;178.2	88;84099;85085;-;104.3	37;35048;37036;+;288.9		pfam	both	A	7/7	canonical	1	0	unscoreable	3	0	0														not_admitted	not_admitted	not_admitted	not_admitted	not_admitted	not_admitted	not_admitted
NZ_CP010754.1	-	-	68	0	0	GA	1	3;3080;3769;+;84.8	4;3757;4038;+;67.6	5;4038;4316;+;50.9	6;4309;6666;+;110.7	6;4309;6666;+;42.9	8;6789;7520;+;120.7	10;8001;9185;+;111.5		11;9248;9922;+;197.9	12;9919;10680;+;184.3	13;10677;12011;+;174.7	14;12008;12997;+;115.0	15;13064;15046;-;364.7		pfam	both	A	7/7	canonical	1	0	unscoreable	2	0	0														not_admitted	not_admitted	not_admitted	not_admitted	not_admitted	not_admitted	not_admitted
NZ_CP010755.1	MPF_T	-	69	0	0	GA	1	9;7149;8294;+;78.6	5;4001;4291;+;72.8	6;4304;4582;+;73.7	7;4572;6935;+;99.0	7;4572;6935;+;49.6	10;8294;9142;+;65.7	17;13416;14423;+;116.4		11;9156;9809;+;161.3	12;9811;10512;+;166.8	13;10509;11828;+;179.0	14;11829;12827;+;108.9	18;14471;16564;-;296.8		pfam	both	A	7/7	canonical	1	0	unscoreable	3	0	0														not_admitted	not_admitted	not_admitted	not_admitted	not_admitted	not_admitted	not_admitted
NZ_CP010758.1	MPF_T	-	135	0	0	GA	1	48;49726;50880;-;74.9	52;53670;53963;-;75.3	51;53399;53677;-;90.1	50;51034;53409;-;85.7	50;51034;53409;-;47.2	47;48917;49729;-;67.3	40;43509;44564;-;125.9		46;48246;48899;-;168.1	45;47545;48243;-;163.6	44;46169;47548;-;179.9	43;45178;46164;-;104.7	32;36692;38695;+;288.8		pfam	both	A	7/7	canonical	1	0	unscoreable	10	0	0														not_admitted	not_admitted	not_admitted	not_admitted	not_admitted	not_admitted	not_admitted
NZ_CP010760.1	-	-	103	0	0	GA	1	41;44225;45337;-;72.2	45;48202;48483;-;91.0	44;47908;48186;-;64.8	43;45540;47933;-;75.4	43;45540;47933;-;51.8	40;43461;44228;-;62.3	38;42013;43026;-;119.1		37;41315;41995;-;186.5	36;40575;41309;-;180.0	35;39148;40572;-;170.3	34;38171;39151;-;113.4	20;19919;21832;+;292.0		pfam	pfam_only	A	7/7	canonical	1	0	unscoreable	2	0	0														not_admitted	not_admitted	not_admitted	not_admitted	not_admitted	not_admitted	not_admitted
NZ_CP010763.1	-	-	68	0	0	GA	1	3;3080;3769;+;84.8	4;3757;4038;+;67.6	5;4038;4316;+;50.9	6;4309;6666;+;110.7	6;4309;6666;+;42.9	8;6789;7520;+;120.7	10;8001;9185;+;111.5		11;9248;9922;+;197.9	12;9919;10680;+;184.3	13;10677;12011;+;174.7	14;12008;12997;+;115.0	15;13064;15046;-;364.7		pfam	both	A	7/7	canonical	1	0	unscoreable	2	0	0														not_admitted	not_admitted	not_admitted	not_admitted	not_admitted	not_admitted	not_admitted
NZ_CP010764.1	-	-	72	0	0	GA	1	9;7376;8521;+;75.6	5;4224;4514;+;77.5	6;4527;4805;+;77.0	7;4795;7158;+;95.7	7;4795;7158;+;49.0	10;8521;9363;+;61.4	17;13707;14783;+;113.5		11;9377;10030;+;153.6	12;10032;10730;+;171.6	13;10727;12097;+;173.0	14;12098;13087;+;108.0	18;14851;17016;-;288.8		pfam	both	A	7/7	canonical	1	0	unscoreable	3	0	0														not_admitted	not_admitted	not_admitted	not_admitted	not_admitted	not_admitted	not_admitted
NZ_CP010769.1	MPF_T	-	126	0	0	GA	1	59;60829;61983;-;72.8	63;64761;65156;-;71.8	62;64490;64768;-;90.4	61;62137;64500;-;86.7	61;62137;64500;-;45.4	58;60020;60829;-;70.9	51;54594;55670;-;123.7		57;59349;60005;-;168.4	56;58651;59346;-;169.6	55;57275;58654;-;180.0	54;56284;57270;-;104.1	39;43089;45071;+;283.9		pfam	both	A	7/7	canonical	1	0	unscoreable	14	0	0														not_admitted	not_admitted	not_admitted	not_admitted	not_admitted	not_admitted	not_admitted
NZ_CP010770.1	MPF_T	-	136	0	0	GA	1	49;49757;50911;-;74.9	53;53701;53994;-;75.3	52;53430;53708;-;90.1	51;51065;53440;-;85.7	51;51065;53440;-;47.2	48;48948;49760;-;66.6	41;43519;44595;-;124.8		47;48277;48930;-;168.1	46;47576;48274;-;163.6	45;46200;47579;-;179.9	44;45209;46195;-;104.7	33;36702;38705;+;288.8		pfam	both	A	7/7	canonical	1	0	unscoreable	10	0	0														not_admitted	not_admitted	not_admitted	not_admitted	not_admitted	not_admitted	not_admitted
NZ_CP010771.1	MPF_T	-	84	0	0	GA	1	8;7508;8623;+;69.9	5;4315;4620;+;88.3	6;4682;7336;+;58.8	6;4682;7336;+;90.0	6;4682;7336;+;36.2	9;8620;9432;+;71.6	11;9936;10940;+;96.1		12;10974;11627;+;173.2	13;11634;12374;+;143.9	14;12377;13789;+;181.9	15;13789;14781;+;110.6	20;19326;21335;-;230.1		pfam	both	A	7/7	canonical	1	1	unscoreable	6	0	0														not_admitted	not_admitted	not_admitted	not_admitted	not_admitted	not_admitted	not_admitted
NZ_CP010774.1	-	-	53	0	0	GA	1	3;3080;3769;+;84.8	4;3757;4038;+;67.6	5;4038;4316;+;50.9	6;4309;6666;+;110.7	6;4309;6666;+;42.9	8;6789;7520;+;120.7	10;8001;9185;+;111.5		11;9248;9922;+;197.9	12;9919;10680;+;184.3	13;10677;12011;+;174.7	14;12008;12997;+;115.0	15;13064;15046;-;364.7		pfam	both	A	7/7	canonical	1	0	unscoreable	2	0	0														not_admitted	not_admitted	not_admitted	not_admitted	not_admitted	not_admitted	not_admitted
NZ_CP010787.1	MPF_T	-	84	0	0	GA	1	8;7508;8623;+;69.9	5;4315;4620;+;88.3	6;4682;7336;+;58.8	6;4682;7336;+;90.0	6;4682;7336;+;36.2	9;8620;9432;+;71.6	11;9936;10940;+;96.1		12;10974;11627;+;173.2	13;11634;12374;+;143.9	14;12377;13789;+;181.9	15;13789;14781;+;110.6	20;19326;21335;-;230.1		pfam	both	A	7/7	canonical	1	1	unscoreable	6	0	0														not_admitted	not_admitted	not_admitted	not_admitted	not_admitted	not_admitted	not_admitted
NZ_CP010790.1	-	-	81	0	0	GA	1	9;7164;8309;+;77.1	5;4016;4306;+;78.7	6;4319;4597;+;74.1	7;4587;6950;+;93.4	7;4587;6950;+;45.8	10;8309;9157;+;61.3	17;13426;14505;+;119.5		11;9171;9824;+;159.7	12;9826;10527;+;169.3	13;10524;11837;+;176.5	14;11838;12833;+;106.6	18;14560;16587;-;295.5		pfam	pfam_only	A	7/7	canonical	1	0	unscoreable	3	0	0														not_admitted	not_admitted	not_admitted	not_admitted	not_admitted	not_admitted	not_admitted
NZ_CP010791.1	MPF_T	-	185	0	0	GA	1	44;46260;47414;-;74.9	48;50204;50497;-;75.2	47;49933;50253;-;85.9	46;47568;49943;-;84.3	46;47568;49943;-;47.3	43;45451;46263;-;67.3	36;40022;41098;-;124.8		42;44780;45433;-;168.1	41;44079;44777;-;163.6	40;42703;44082;-;179.9	39;41712;42698;-;104.7	28;33205;35208;+;286.8		pfam	both	A	7/7	canonical	1	0	unscoreable	10	0	0														not_admitted	not_admitted	not_admitted	not_admitted	not_admitted	not_admitted	not_admitted
NZ_CP010807.1	-	-	129	0	0	GA	1	78;70979;71551;-;45.3	77;70679;70966;-;56.3	76;70330;70644;-;84.1	75;67976;70330;-;156.7	75;67976;70330;-;88.5	74;67263;67979;-;129.1	72;66066;66959;-;136.5		70;65136;65822;-;182.6	69;64288;65139;-;174.0	68;63125;64285;-;168.5	67;62091;63128;-;125.3	66;59968;62094;-;374.9		pfam	both	A	7/7	canonical	1	0	unscoreable	2	0	0														not_admitted	not_admitted	not_admitted	not_admitted	not_admitted	not_admitted	not_admitted
NZ_CP010810.1	-	-	62	0	0	GA	1	3;3725;4153;+;76.5	4;4214;4495;+;83.2	5;4500;4778;+;74.0	6;4768;7146;+;94.3	6;4768;7146;+;55.3	9;8383;9171;+;59.7	11;9596;10627;+;100.5		12;10672;11331;+;183.5	13;11333;12052;+;167.2	14;12056;13435;+;171.4	15;13438;14427;+;120.4	16;14775;16658;-;282.3		pfam	both	A	7/7	canonical	1	0	unscoreable	2	0	0														not_admitted	not_admitted	not_admitted	not_admitted	not_admitted	not_admitted	not_admitted
NZ_CP010870.1	MPF_T	-	190	0	0	GA	1	182;177885;179039;+;73.1	178;174814;175107;+;75.3	179;175100;175378;+;84.8	180;175368;177731;+;84.3	180;175368;177731;+;47.3	183;179036;179848;+;68.0			184;179864;180517;+;171.6	185;180520;181215;+;165.3	186;181212;182591;+;181.7	187;182596;183582;+;104.1	8;9972;11972;-;288.8		pfam	both	B	6/7	uncallable	0	0	unscoreable	1	0	0														not_admitted	not_admitted	not_admitted	not_admitted	not_admitted	not_admitted	not_admitted
NZ_CP010871.1	MPF_T	-	155	0	0	GA	1	66;74238;75392;-;74.5	70;78182;78475;-;75.1	69;77911;78189;-;91.2	68;75546;77921;-;84.8	68;75546;77921;-;47.2	65;73429;74241;-;66.3	58;67997;69073;-;127.6		64;72758;73411;-;173.0	63;72060;72755;-;167.1	62;70684;72063;-;181.0	61;69693;70679;-;104.3	22;25472;27472;+;288.3		pfam	both	A	7/7	canonical	1	0	unscoreable	3	0	0														not_admitted	not_admitted	not_admitted	not_admitted	not_admitted	not_admitted	not_admitted
NZ_CP010872.1	MPF_T	-	157	0	0	GA	1	14;10393;11547;+;77.4	137;135043;135336;+;75.3	138;135329;135607;+;90.4	12;7792;10176;+;90.0	139;135597;137972;+;47.0	142;139277;140089;+;70.5	149;144438;145514;+;129.5		143;140106;140759;+;172.6	144;140762;141457;+;167.9	145;141454;142833;+;184.3	19;15025;16059;+;105.5	152;149420;151420;-;286.6		pfam	both	A	7/7	canonical	1	0	unscoreable	11	0	0														not_admitted	not_admitted	not_admitted	not_admitted	not_admitted	not_admitted	not_admitted
NZ_CP010880.1	MPF_T	IncX4	45	0	0	GA	1	8;4290;4910;+;41.6	9;4924;5250;+;64.4	10;5269;8016;+;63.8	10;5269;8016;+;151.8	10;5269;8016;+;46.1						13;9028;9762;+;163.0	14;9764;10792;+;85.0	15;10824;12641;+;316.5		none	none	D	4/7	uncallable	0	1	unscoreable	2	0	0														not_admitted	not_admitted	not_admitted	not_admitted	not_admitted	not_admitted	not_admitted
NZ_CP010881.1	MPF_T	IncFIA(pBK30683);IncX3	130	0	0	GA	1	63;58304;58948;-;46.4	62;58030;58320;-;73.1	61;55252;58005;-;47.0	61;55252;58005;-;145.4	61;55252;58005;-;73.3	60;54472;55242;-;60.1	58;53138;54193;-;133.2		57;52215;52943;-;119.4	56;51280;52209;-;138.8	55;50069;51283;-;128.3	53;48839;49873;-;65.7	52;47001;48836;-;495.9		pfam	pfam_only	A	7/7	canonical	1	1	unscoreable	2	0	0														not_admitted	not_admitted	not_admitted	not_admitted	not_admitted	not_admitted	not_admitted
NZ_CP010882.1	MPF_F	Col156;IncFIA;IncFIB(AP001918);IncFII(pRSB107)	146	0	0	GA	0															not_admitted	not_admitted	not_admitted	not_admitted	not_admitted	not_admitted	not_admitted	not_admitted	not_admitted	not_admitted	1	57;43549;44541;+;369.5	67;49183;50556;+;386.6	64;48001;48546;+;44.4	54;39913;42540;+;303.9	68;50553;53372;+;386.3	48;36577;38028;+;94.1	54;39913;42540;+;96.5	46;35296;35862;+;184.3	59;44885;45523;+;68.7		72;55630;57828;+;391.8	51;38882;39397;+;75.2	72;55630;57828;+;70.3	B	8/9	contiguous	20334	1	0	53397..53888+;163;TraS;0
NZ_CP010885.1	-	-	120	0	0	GA	0															not_admitted	not_admitted	not_admitted	not_admitted	not_admitted	not_admitted	not_admitted	not_admitted	not_admitted	not_admitted	1	43;40676;41755;-;101.7			45;42309;45341;-;129.0	40;37149;39011;-;41.8								55;50905;53040;-;33.9	D	3/9	contiguous	13756	1	0	36610..37011-;133;unnamed;0
NZ_CP010893.1	MPF_T	-	47	0	0	GA	1	11;5966;6595;-;54.9	24;19709;20032;-;50.8	23;19313;19681;-;74.8	22;16881;19316;-;153.9	22;16881;19316;-;106.0	21;16153;16884;-;141.3	19;14992;15942;-;147.8		17;13781;14674;-;89.1	16;12969;13778;-;145.1	15;11758;12972;-;123.3	14;10715;11761;-;86.9	13;8795;10705;-;329.8		pfam	both	A	7/7	canonical	1	0	unscoreable	3	0	0														not_admitted	not_admitted	not_admitted	not_admitted	not_admitted	not_admitted	not_admitted
NZ_CP010898.2	MPF_T	-	114	0	0	GA	1	11;9175;10185;+;40.8		1;194;493;+;50.9	2;480;3179;+;75.7	2;480;3179;+;83.8	3;3176;3844;+;74.4	6;4500;5363;+;140.0		7;5360;6034;+;97.6	8;6100;6924;+;200.4	9;6926;8155;+;172.3	10;8166;9188;+;86.9	14;11513;13075;+;66.7		pfam	both	A	7/7	canonical	1	0	unscoreable	4	0	0														not_admitted	not_admitted	not_admitted	not_admitted	not_admitted	not_admitted	not_admitted
NZ_CP010903.1	MPF_T	-	74	0	0	GA	1	38;37500;38177;-;49.4	37;37060;37365;-;63.1	36;36734;37060;-;70.5	35;34264;36726;-;127.6	35;34264;36726;-;81.0	32;32200;32901;-;173.0	33;32913;33938;-;140.9		31;31189;32037;-;144.5	30;30287;31177;-;158.8	29;28866;30287;-;168.1	28;27773;28885;-;100.3	27;25302;27776;-;333.7		pfam	both	A	7/7	canonical	1	0	unscoreable	1	0	0														not_admitted	not_admitted	not_admitted	not_admitted	not_admitted	not_admitted	not_admitted
NZ_CP010955.1	-	-	33	0	0	GA	1	5;2466;3578;-;23.1	18;17244;17624;-;48.4	17;16893;17225;-;46.2	16;14485;16896;-;99.0	16;14485;16896;-;110.0	8;5559;6314;-;54.2	6;3581;5296;-;111.3		12;9497;10216;-;143.3	11;8496;9479;-;171.6	9;6340;7707;-;205.6	19;17638;18603;-;127.4			conjscan	conjscan_only	B	6/7	canonical	1	0	unscoreable	6	0	0														not_admitted	not_admitted	not_admitted	not_admitted	not_admitted	not_admitted	not_admitted
NZ_CP010956.1	MPF_T	-	237	0	0	GA	1	49;43808;44473;+;44.6	50;44470;44808;+;79.5	51;44805;45155;+;79.3	52;45148;47559;+;159.3	52;45148;47559;+;124.1	53;47563;48276;+;195.5	55;48513;49457;+;132.4		56;49798;50496;+;180.8	57;50493;51350;+;195.2	58;51354;52580;+;186.9	59;52584;53588;+;100.1	60;53572;55536;+;346.4		pfam	both	A	7/7	canonical	1	0	unscoreable	1	0	0														not_admitted	not_admitted	not_admitted	not_admitted	not_admitted	not_admitted	not_admitted
NZ_CP010957.1	MPF_T	-	343	0	0	GA	0															not_admitted	not_admitted	not_admitted	not_admitted	not_admitted	not_admitted	not_admitted	not_admitted	not_admitted	not_admitted	1	155;132098;133117;-;401.0	149;125423;126889;-;362.6	150;126889;127701;-;236.9	161;135557;138142;-;471.5	148;122637;125411;-;356.0	164;139851;141176;-;104.6	161;135557;138142;-;91.6	166;141976;142542;-;181.9	153;130891;131640;-;107.3	152;128093;130894;-;219.5	54;36793;39093;+;550.4	162;138144;138998;-;24.4	54;36793;39093;+;59.7	A	9/9	split_2	105183	0	1	
NZ_CP011016.1	MPF_T	-	38	0	0	GA	1	34;25885;26430;+;54.1	19;13655;13951;+;64.2	20;13951;14238;+;45.5	21;14242;16707;+;93.0	21;14242;16707;+;84.6	26;19742;20530;+;57.3	28;20829;22016;+;45.8		30;22347;23042;+;121.0	31;23053;24207;+;161.7	33;24651;25892;+;214.7	18;12707;13645;+;134.9	1;116;1939;+;319.2		conjscan	both	A	7/7	canonical	1	0	unscoreable	8	0	0														not_admitted	not_admitted	not_admitted	not_admitted	not_admitted	not_admitted	not_admitted
NZ_CP011017.1	MPF_T	-	50	0	0	GA	1		21;20852;21115;-;51.4	20;18065;20833;-;73.4	20;18065;20833;-;177.8	20;18065;20833;-;86.0	15;15209;16198;-;86.1	14;14217;15212;-;116.9		12;13414;14073;-;177.9	11;12527;13417;-;162.9	10;11339;12517;-;164.3	9;10351;11358;-;93.9	8;8539;10350;-;351.4		pfam	pfam_only	A	7/7	canonical	1	1	unscoreable	5	0	0														not_admitted	not_admitted	not_admitted	not_admitted	not_admitted	not_admitted	not_admitted
NZ_CP011019.1	MPF_F	IncFIB(AP001918);IncFII(pCoo)	210	0	0	GA	0															not_admitted	not_admitted	not_admitted	not_admitted	not_admitted	not_admitted	not_admitted	not_admitted	not_admitted	not_admitted	1	101;118515;119507;-;370.6	86;109786;111159;-;377.2	93;113586;114329;-;233.7	109;126683;128011;-;291.0	85;106943;109789;-;375.2	119;131659;133107;-;93.4	104;120516;121958;-;100.3	121;133822;134388;-;183.1	98;117248;117886;-;71.5	95;114606;116435;-;259.1	82;103233;105440;-;391.4	115;130045;130560;-;77.9	82;103233;105440;-;68.6	A	9/9	contiguous	30589	1	1	106437..106946-;169;unnamed;0
NZ_CP011053.1	-	-	372	0	0	GA	0															not_admitted	not_admitted	not_admitted	not_admitted	not_admitted	not_admitted	not_admitted	not_admitted	not_admitted	not_admitted	1	59;49947;50954;+;242.2	69;62030;63589;-;200.1	70;63589;64611;-;100.5	317;274243;276855;-;108.1	68;58896;62030;-;185.2	319;277359;278846;-;99.1	317;274243;276855;-;129.4	321;279528;280085;-;55.9	60;50939;51916;+;68.6	62;53289;55508;+;55.0	65;56496;58166;+;38.2	318;276857;277354;-;29.6	65;56496;58166;+;38.8	A	9/9	split_2	229581	0	1	
NZ_CP011054.1	-	-	226	0	0	GA	0															not_admitted	not_admitted	not_admitted	not_admitted	not_admitted	not_admitted	not_admitted	not_admitted	not_admitted	not_admitted	1	18;24330;25349;+;321.1	128;125074;126510;+;274.3	127;124047;125072;+;193.2	14;18894;21341;+;274.9	129;126510;130709;+;300.7	8;9590;10999;+;121.8	14;18894;21341;+;132.3	6;8033;8656;+;88.8	17;22378;24333;+;48.6	20;25905;28700;+;131.5	1;4118;5974;+;47.6	9;11064;11579;+;74.3	1;4118;5974;+;43.8	A	9/9	split_2	122392	0	1	
NZ_CP011062.1	MPF_F	IncHI2;IncHI2A;IncN	281	0	0	GA	0															not_admitted	not_admitted	not_admitted	not_admitted	not_admitted	not_admitted	not_admitted	not_admitted	not_admitted	not_admitted	1	27;31208;32266;+;276.9	198;182200;183615;-;194.1	199;183605;184651;-;174.3	11;8955;11636;+;168.0	197;178238;182191;-;101.7	7;5270;6625;+;80.7	11;8955;11636;+;72.2	4;2758;3546;+;74.8	25;29555;31066;+;62.0	28;32285;35473;+;57.3	206;191693;193777;+;56.8	10;7996;8946;+;46.1	206;191693;193777;+;38.8	A	9/9	split_3	188935	1	1	176768..178057-;429;unnamed;0
NZ_CP011064.1	MPF_F	IncFIA;IncFII	100	0	0	GA	0															not_admitted	not_admitted	not_admitted	not_admitted	not_admitted	not_admitted	not_admitted	not_admitted	not_admitted	not_admitted	1	49;44253;45245;+;371.6	58;50307;51680;+;380.7	53;47974;48717;+;233.3	46;40617;43244;+;303.5	59;51677;54496;+;386.2	40;37031;38458;+;91.9	46;40617;43244;+;99.0	38;35750;36316;+;182.9	50;45254;45892;+;64.9	51;45889;47697;+;268.2	62;56028;58262;+;391.7	45;39586;40101;+;76.4	62;56028;58262;+;70.3	A	9/9	contiguous	20278	1	1	54521..55012+;163;TraS;0
NZ_CP011065.1	MPF_F	IncFII	89	0	0	GA	0															not_admitted	not_admitted	not_admitted	not_admitted	not_admitted	not_admitted	not_admitted	not_admitted	not_admitted	not_admitted	1	65;57182;58174;+;369.5	75;63953;65326;+;381.7	70;61280;62023;+;234.4	62;53543;56173;+;304.1	76;65323;68145;+;374.0	54;48690;50141;+;94.2	62;53543;56173;+;96.8	52;47409;47975;+;174.3	67;58518;59156;+;68.6	68;59153;61003;+;266.1	80;70417;72501;+;391.4	57;51001;51516;+;78.4	80;70417;72501;+;70.5	A	9/9	contiguous	23008	1	1	68167..68646+;159;TraS;0
NZ_CP011106.1	MPF_F	-	156	0	0	GA	0															not_admitted	not_admitted	not_admitted	not_admitted	not_admitted	not_admitted	not_admitted	not_admitted	not_admitted	not_admitted	1	131;121052;122032;-;353.5	126;115926;117308;-;322.3	128;117792;118538;-;149.9	134;122999;125548;-;186.8	125;113092;115929;-;241.5	135;125797;127263;-;46.9	134;122999;125548;-;88.0	137;128031;128591;-;99.3	130;120375;121040;-;81.7	129;118571;120382;-;209.8	123;110478;112331;-;397.9		123;110478;112331;-;81.9	B	8/9	contiguous	17553	1	1	112421..113077-;218;unnamed;0
NZ_CP011119.1	MPF_F	pYE854	103	0	0	GA	0															not_admitted	not_admitted	not_admitted	not_admitted	not_admitted	not_admitted	not_admitted	not_admitted	not_admitted	not_admitted	1	36;33778;35361;+;329.9	41;37857;39245;+;247.2	40;36984;37847;+;155.9	32;27163;29736;+;168.2	42;39242;42895;+;130.9	30;25383;26633;+;53.8	32;27163;29736;+;86.8	28;23946;24596;+;62.7	37;35361;36080;+;96.9	34;31797;33374;+;82.3	81;80382;82454;-;320.8	31;26657;27163;+;71.6	81;80382;82454;-;60.2	A	9/9	split_2	56436	1	1	42986..43246+;86;unnamed;0
NZ_CP011133.1	-	pKPC-CAV1321	345	0	0	GA	0															not_admitted	not_admitted	not_admitted	not_admitted	not_admitted	not_admitted	not_admitted	not_admitted	not_admitted	not_admitted	1	88;65512;66579;-;276.4	68;48166;49608;-;261.8	69;49605;50705;-;195.7	92;68687;71173;-;222.3	67;44708;48151;-;241.4	96;74411;75808;-;109.8	92;68687;71173;-;120.0	98;77087;77713;-;86.3	89;66576;67889;-;39.9	66;41614;44271;-;138.0	104;80267;82237;-;22.5	95;73848;74414;-;72.5	104;80267;82237;-;34.1	A	9/9	contiguous	38653	1	1	41614..44271-;885;unnamed;0
NZ_CP011135.1	MPF_F	IncFII	82	0	0	GA	0															not_admitted	not_admitted	not_admitted	not_admitted	not_admitted	not_admitted	not_admitted	not_admitted	not_admitted	not_admitted	1	15;14879;15871;-;369.5	5;7727;9100;-;381.7	10;11030;11773;-;234.4	18;16880;19510;-;304.1	4;4908;7730;-;374.0	26;22912;24363;-;94.2	18;16880;19510;-;97.1	28;25078;25644;-;174.3	13;13897;14535;-;68.6	12;12050;13900;-;266.1	0;375;2636;-;391.1	23;21537;22052;-;78.4	0;375;2636;-;70.3	A	9/9	contiguous	24703	1	1	4407..4886-;159;TraS;0
NZ_CP011159.1	-	-	47	0	0	GA	0															not_admitted	not_admitted	not_admitted	not_admitted	not_admitted	not_admitted	not_admitted	not_admitted	not_admitted	not_admitted	1	27;24229;25245;-;363.2	22;18774;20186;-;267.9	24;20504;21388;-;201.6	31;26882;29485;-;216.7	21;15942;18764;-;153.4	36;32307;33545;-;108.1	31;26882;29485;-;96.9	38;34224;34811;-;114.4	26;23495;24250;-;84.4	25;21378;23483;-;105.8	12;7552;9339;+;395.7	33;30560;31123;-;53.7	12;7552;9339;+;70.0	A	9/9	contiguous	26672	1	1	15412..15801-;129;unnamed;0
NZ_CP011162.1	MPF_T	-	51	0	0	GA	1	41;28435;29346;-;41.8	0;209;580;-;72.7		50;35237;37906;-;61.8	50;35237;37906;-;81.0	49;34572;35234;-;75.1	46;33066;33932;-;149.0		45;32395;33069;-;92.9	44;31588;32370;-;199.2	43;30366;31586;-;176.9	42;29333;30355;-;112.7	32;21253;22224;+;74.2		pfam	both	A	7/7	canonical	1	0	unscoreable	10	0	0														not_admitted	not_admitted	not_admitted	not_admitted	not_admitted	not_admitted	not_admitted
NZ_CP011164.1	MPF_T	-	52	0	0	GA	1		10;7441;7818;-;68.8	9;7145;7444;-;50.8	8;5203;7158;-;62.9	8;5203;7158;-;81.7					3;2889;3446;-;155.0	2;1667;2887;-;176.6	1;634;1656;-;112.7	42;28490;30064;+;73.7		none	none	C	5/7	uncallable	0	0	unscoreable	4	0	0														not_admitted	not_admitted	not_admitted	not_admitted	not_admitted	not_admitted	not_admitted
NZ_CP011249.1	MPF_T	-	187	0	0	GA	1	135;151355;152074;+;58.2	95;104958;105362;-;71.8	137;152454;152780;+;68.7	138;152780;155149;+;226.4	93;102193;104655;-;129.6	92;101412;102221;-;45.7	90;100007;101194;-;107.4		141;156938;157711;+;176.5	88;98459;99313;-;186.3	86;96672;97973;-;226.5	96;105352;106323;-;131.9	24;28156;30078;-;556.9		conjscan	conjscan_only	A	7/7	uncallable	0	0	unscoreable	18	0	0														not_admitted	not_admitted	not_admitted	not_admitted	not_admitted	not_admitted	not_admitted
NZ_CP011251.1	MPF_T	-	45	0	0	GA	1	31;21550;22461;-;41.0	42;31315;31686;-;68.8	41;31019;31318;-;50.8	40;28363;31032;-;63.0	40;28363;31032;-;81.4	39;27701;28360;-;75.2	36;26181;27047;-;139.7		35;25510;26184;-;92.9	34;24703;25485;-;199.2	33;23481;24701;-;176.6	32;22448;23470;-;112.7			pfam	both	B	6/7	canonical	1	0	unscoreable	2	0	0														not_admitted	not_admitted	not_admitted	not_admitted	not_admitted	not_admitted	not_admitted
NZ_CP011290.1	MPF_T	IncX4	46	0	0	GA	1	25;14603;15223;+;41.6	26;15237;15563;+;64.4	27;15582;18329;+;63.8	27;15582;18329;+;151.8	27;15582;18329;+;46.1	28;18341;19057;+;94.2	29;19069;20163;+;150.1		31;20678;21364;+;169.0	32;21361;22269;+;142.4	33;22262;23380;+;163.9	34;23382;24410;+;85.0	35;24442;26259;+;316.5		pfam	pfam_only	A	7/7	canonical	1	1	unscoreable	1	0	0														not_admitted	not_admitted	not_admitted	not_admitted	not_admitted	not_admitted	not_admitted
NZ_CP011291.1	MPF_T	IncI2(Delta)	77	0	0	GA	1	73;54134;54616;+;81.1		58;38260;38544;+;36.6	59;38550;40907;+;60.7	59;38550;40907;+;44.0	48;32102;32746;+;41.0	47;31101;32096;+;123.5		61;41073;41807;+;144.4	62;41804;42574;+;170.5	63;42564;43703;+;154.7	70;50828;52366;+;207.1	65;44793;46751;+;287.0		pfam	pfam_only	A	7/7	rearranged	1	0	unscoreable	15	0	0														not_admitted	not_admitted	not_admitted	not_admitted	not_admitted	not_admitted	not_admitted
NZ_CP011293.1	MPF_T	IncX4	46	0	0	GA	1	25;14603;15223;+;41.6	26;15237;15563;+;64.4	27;15582;18329;+;63.8	27;15582;18329;+;151.8	27;15582;18329;+;46.1	28;18341;19057;+;94.2	29;19069;20163;+;150.1		31;20678;21364;+;169.0	32;21361;22269;+;142.4	33;22262;23380;+;163.9	34;23382;24410;+;85.0	35;24442;26259;+;316.5		pfam	pfam_only	A	7/7	canonical	1	1	unscoreable	1	0	0														not_admitted	not_admitted	not_admitted	not_admitted	not_admitted	not_admitted	not_admitted
NZ_CP011294.1	MPF_T	IncI2(Delta)	77	0	0	GA	1	73;54084;54566;+;81.1		58;38210;38494;+;36.6	59;38500;40857;+;60.7	59;38500;40857;+;44.0	48;32052;32696;+;41.0	47;31051;32046;+;123.5		61;41023;41757;+;144.4	62;41754;42524;+;170.5	63;42514;43653;+;154.7	70;50778;52316;+;207.1	65;44743;46701;+;287.0		pfam	pfam_only	A	7/7	rearranged	1	0	unscoreable	15	0	0														not_admitted	not_admitted	not_admitted	not_admitted	not_admitted	not_admitted	not_admitted
NZ_CP011375.1	-	-	56	0	0	GA	0															not_admitted	not_admitted	not_admitted	not_admitted	not_admitted	not_admitted	not_admitted	not_admitted	not_admitted	not_admitted	1	18;14046;15047;+;364.3	23;19054;20454;+;268.7	21;17822;18694;+;204.1	14;9815;12388;+;212.9	24;20464;23250;+;146.3	9;5717;7015;+;109.9	14;9815;12388;+;108.9	7;4463;5050;+;100.7	19;15044;15730;+;88.4	20;15727;17832;+;97.6	38;33429;35246;-;403.0	12;8134;8739;+;53.3	38;33429;35246;-;70.7	A	9/9	contiguous	28966	1	1	23370..23747+;125;unnamed;0
NZ_CP011408.1	-	-	54	0	0	GA	1		43;39522;39842;-;66.6	42;39150;39455;-;81.9	41;36718;39147;-;139.4	41;36718;39147;-;85.4	27;21395;22126;-;198.2	26;20375;21391;-;114.4		40;35879;36568;-;176.6	39;34982;35869;-;187.8	38;33822;34985;-;186.5	37;32803;33825;-;110.8	36;30772;32676;-;308.0		pfam	both	A	7/7	canonical	1	0	unscoreable	8	0	0														not_admitted	not_admitted	not_admitted	not_admitted	not_admitted	not_admitted	not_admitted
NZ_CP011413.1	-	-	41	0	0	GA	1	0;279;869;-;35.2	23;19143;19463;+;65.0	24;19467;19790;+;49.9	25;19778;22201;+;74.6	25;19778;22201;+;108.7	26;22198;22992;+;78.5	28;23271;24455;+;117.0		29;24460;25140;+;148.2	30;25137;25976;+;182.2	32;26395;27654;+;224.0	22;18196;19146;+;130.3	3;2541;4433;-;390.2		conjscan	conjscan_only	A	7/7	canonical	1	0	unscoreable	5	0	0														not_admitted	not_admitted	not_admitted	not_admitted	not_admitted	not_admitted	not_admitted
NZ_CP011417.1	MPF_F	IncFII	352	0	0	GA	0															not_admitted	not_admitted	not_admitted	not_admitted	not_admitted	not_admitted	not_admitted	not_admitted	not_admitted	not_admitted	1	109;87509;88501;+;366.6	123;95781;97154;+;384.4	114;91717;92307;+;216.5	106;83870;86500;+;300.5	124;97151;99997;+;384.2	101;80640;81710;+;93.4	106;83870;86500;+;97.7	98;79003;79569;+;183.8	111;88845;89483;+;68.6	112;89480;91288;+;263.6	128;102213;104438;+;391.3	104;82834;83349;+;75.8	128;102213;104438;+;70.3	A	9/9	contiguous	23210	1	1	99994..100503+;169;unnamed;0
NZ_CP011429.1	MPF_F	IncC	180	0	0	GA	0															not_admitted	not_admitted	not_admitted	not_admitted	not_admitted	not_admitted	not_admitted	not_admitted	not_admitted	not_admitted	1	94;73113;74120;+;332.9	169;146225;147658;+;339.2	168;145195;146223;+;221.7	89;67914;70361;+;354.2	170;147671;151285;+;375.3	80;54603;55919;+;135.0	89;67914;70361;+;128.6	78;53079;53705;+;92.1	92;71183;72448;+;67.6	95;74236;77031;+;145.3	69;47404;49269;+;47.4	81;55916;56494;+;100.2	69;47404;49269;+;52.0	A	9/9	split_2	100267	0	1	
NZ_CP011431.1	MPF_T	IncX1;IncX3	52	0	0	GA	1	38;35463;36110;-;45.4	37;35189;35485;-;77.5	36;32417;35170;-;46.6	36;32417;35170;-;147.3	36;32417;35170;-;73.5	35;31648;32406;-;67.3	33;30221;31351;-;103.0		32;29263;29976;-;120.0	31;28329;29258;-;133.8	30;27127;28332;-;132.5	29;26094;27125;-;79.0	28;24256;26091;-;488.2		pfam	pfam_only	A	7/7	canonical	1	1	unscoreable	1	0	0														not_admitted	not_admitted	not_admitted	not_admitted	not_admitted	not_admitted	not_admitted
NZ_CP011450.1	MPF_F	-	372	0	0	GA	0															not_admitted	not_admitted	not_admitted	not_admitted	not_admitted	not_admitted	not_admitted	not_admitted	not_admitted	not_admitted	1	108;106000;107016;-;396.2	102;100487;101953;-;375.2	103;101953;102777;-;242.7	114;109495;112086;-;480.1	101;97647;100463;-;357.2	117;113981;115309;-;100.9	114;109495;112086;-;96.5	119;116114;116680;-;192.3	107;105243;105989;-;110.8	106;103405;105246;-;285.6	25;16012;18318;+;551.9	115;112088;113119;-;23.0	25;16012;18318;+;58.8	A	9/9	split_2	100102	0	1	
NZ_CP011496.1	MPF_F	IncFIA;IncFIC(FII)	74	0	0	GA	0															not_admitted	not_admitted	not_admitted	not_admitted	not_admitted	not_admitted	not_admitted	not_admitted	not_admitted	not_admitted	1	19;13502;14494;+;368.6	30;20180;21553;+;374.3	23;17223;17966;+;234.1	16;9866;12493;+;306.8	31;21550;24366;+;386.1	10;6384;7811;+;94.3	16;9866;12493;+;98.5	8;5103;5669;+;183.8	20;14503;15141;+;67.3	21;15138;16946;+;268.0	34;25929;28082;+;391.1	14;8835;9350;+;77.3	34;25929;28082;+;69.2	A	9/9	contiguous	20826	1	1	24399..24920+;173;unnamed;0
NZ_CP011506.1	MPF_F	-	118	0	0	GA	0															not_admitted	not_admitted	not_admitted	not_admitted	not_admitted	not_admitted	not_admitted	not_admitted	not_admitted	not_admitted	1	102;99758;100768;+;388.7	114;108017;109471;+;347.7	110;105179;106012;+;221.6	91;91359;93965;+;216.9	0;250;3303;+;213.9	88;88474;89907;+;101.1	91;91359;93965;+;97.5	86;87206;87796;+;113.2	103;100765;101466;+;105.4	106;102976;104220;+;167.8	71;73223;75142;+;384.2	90;90691;91356;+;51.6	71;73223;75142;+;80.9	A	9/9	split_2	107767	0	1	
NZ_CP011518.2	MPF_T	-	626	0	0	GA	1	205;242847;243836;+;89.5	542;550089;550469;-;68.4	541;549793;550092;-;50.5	540;547119;549806;-;71.3	540;547119;549806;-;82.6	539;546451;547122;-;73.8	536;544942;545802;-;131.0		535;544271;544945;-;93.9	534;543410;544207;-;199.0	533;542179;543408;-;172.7	532;541146;542168;-;90.0	528;537233;538795;-;62.0		pfam	both	A	7/7	canonical	1	0	unscoreable	4	0	0														not_admitted	not_admitted	not_admitted	not_admitted	not_admitted	not_admitted	not_admitted
NZ_CP011519.2	MPF_T	-	145	0	0	GA	1	11;10167;11177;-;39.2	22;20146;20511;-;71.8	21;19850;20149;-;50.9	20;17155;19863;-;77.0	20;17155;19863;-;81.0	19;16490;17158;-;75.7	16;14977;15840;-;143.7		15;14306;14980;-;91.9	14;13437;14243;-;196.8	13;12197;13492;-;175.2	12;11164;12186;-;87.5	8;7279;8841;-;59.5		pfam	both	A	7/7	canonical	1	0	unscoreable	4	0	0														not_admitted	not_admitted	not_admitted	not_admitted	not_admitted	not_admitted	not_admitted
NZ_CP011521.2	-	-	42	0	0	GA	1	8;5913;6698;-;34.6	6;5327;5602;-;35.2	5;4995;5327;-;55.6	4;2315;4993;-;91.7	4;2315;4993;-;66.0	3;1590;2297;-;87.6	1;251;1300;-;101.6	0;28;219;-;94.8	41;34300;34926;-;116.9	40;33410;34297;-;145.1	39;32262;33413;-;176.5	38;31237;32265;-;84.2			pfam	both	B	6/7	canonical	1	0	ga	2	0	0														not_admitted	not_admitted	not_admitted	not_admitted	not_admitted	not_admitted	not_admitted
NZ_CP011537.1	MPF_T	rep38	38	0	0	GA	1				21;14827;16845;+;24.3									28;21101;22651;+;461.5		none	none	D	2/7	uncallable	0	0	unscoreable	6	0	0														not_admitted	not_admitted	not_admitted	not_admitted	not_admitted	not_admitted	not_admitted
NZ_CP011540.1	MPF_F	IncC	214	0	0	GA	0															not_admitted	not_admitted	not_admitted	not_admitted	not_admitted	not_admitted	not_admitted	not_admitted	not_admitted	not_admitted	1	0;201;1208;+;332.9	101;86262;87695;+;339.2	100;85232;86260;+;221.7	210;169068;171515;+;354.5	102;87708;91322;+;375.3	205;160196;161512;+;135.0	210;169068;171515;+;128.3	203;158672;159298;+;92.7	213;172337;173602;+;67.9	1;1324;4122;+;145.3	168;132067;134172;+;92.6	206;161509;162087;+;100.2	168;132067;134172;+;97.8	A	9/9	split_4	172136	0	1	
NZ_CP011565.1	MPF_T	-	120	0	0	GA	1				47;60858;63092;+;25.5											none	none	D	1/7	uncallable	0	0	unscoreable	0	0	0														not_admitted	not_admitted	not_admitted	not_admitted	not_admitted	not_admitted	not_admitted
NZ_CP011571.1	MPF_T	IncR	91	0	0	GA	1		49;54024;54356;+;91.7	50;54356;54637;+;34.2	51;54648;57140;+;24.6	51;54648;57140;+;131.2	52;57137;57913;+;238.3	54;58197;59552;+;196.1		55;59549;60238;+;231.4	57;60673;61635;+;214.2	58;61632;62768;+;221.9	48;53032;54027;+;116.0	45;49382;51370;+;340.6		conjscan	conjscan_only	A	7/7	canonical	1	0	unscoreable	5	0	0														not_admitted	not_admitted	not_admitted	not_admitted	not_admitted	not_admitted	not_admitted
NZ_CP011577.1	MPF_F	IncFIB(K);IncFII(K)	140	0	0	GA	0															not_admitted	not_admitted	not_admitted	not_admitted	not_admitted	not_admitted	not_admitted	not_admitted	not_admitted	not_admitted	1	56;54759;55751;-;366.6	46;47938;49308;-;381.2	50;50510;51262;-;232.4	59;56777;59416;-;258.7	45;45089;47938;-;344.2	68;63231;64655;-;89.2	59;56777;59416;-;88.8	70;65382;65948;-;167.0	55;54108;54746;-;67.0	54;52105;54111;-;259.0	41;40965;43274;-;393.2	66;62050;62619;-;49.7	41;40965;43274;-;65.8	A	9/9	contiguous	24417	1	1	44508..45086-;192;unnamed;0
NZ_CP011580.1	MPF_T	IncR	91	0	0	GA	1		57;55952;56284;-;91.7	56;55671;55952;-;34.2	55;53168;55660;-;24.6	55;53168;55660;-;131.2	54;52395;53171;-;238.3	52;50756;52111;-;196.1		51;50070;50759;-;231.4	49;48673;49635;-;214.2	48;47540;48676;-;221.9	58;56281;57276;-;116.0	61;58938;60926;-;340.6		conjscan	conjscan_only	A	7/7	canonical	1	0	unscoreable	5	0	0														not_admitted	not_admitted	not_admitted	not_admitted	not_admitted	not_admitted	not_admitted
NZ_CP011583.1	MPF_T	IncR	92	0	0	GA	1		70;67582;67914;+;91.7	71;67914;68195;+;34.2	72;68206;70698;+;24.6	72;68206;70698;+;131.2	73;70695;71471;+;238.3	75;71755;73110;+;196.1		76;73107;73796;+;231.4	78;74231;75193;+;214.2	79;75190;76326;+;221.9	69;66590;67585;+;116.0	66;62940;64928;+;340.6		conjscan	conjscan_only	A	7/7	canonical	1	0	unscoreable	5	0	0														not_admitted	not_admitted	not_admitted	not_admitted	not_admitted	not_admitted	not_admitted
NZ_CP011588.1	MPF_T	IncX5	81	0	0	GA	1	52;38030;38674;-;42.4	51;37756;38046;-;69.0	50;34975;37734;-;42.6	50;34975;37734;-;132.2	50;34975;37734;-;70.5	49;34233;34967;-;55.1	47;32903;33958;-;132.8		46;31934;32662;-;120.9	45;31000;31929;-;134.2	44;29792;31003;-;136.9	43;28737;29780;-;64.1	42;26899;28734;-;504.8		pfam	pfam_only	A	7/7	canonical	1	1	unscoreable	1	0	0														not_admitted	not_admitted	not_admitted	not_admitted	not_admitted	not_admitted	not_admitted
NZ_CP011589.1	MPF_T	IncN	67	0	0	GA	1	37;37393;38127;-;32.5		34;36433;36750;-;63.3	33;33833;36433;-;113.8	33;33833;36433;-;76.4	32;33102;33815;-;105.5	30;31811;32851;-;142.4		29;30894;31592;-;131.9	28;29999;30883;-;159.7	27;28839;29999;-;156.3	26;27802;28797;-;81.2	44;43873;45402;-;38.5		pfam	both	A	7/7	canonical	1	0	unscoreable	9	0	0														not_admitted	not_admitted	not_admitted	not_admitted	not_admitted	not_admitted	not_admitted
NZ_CP011595.1	MPF_F	IncFII(S);IncFII(SARC14)	116	0	0	GA	0															not_admitted	not_admitted	not_admitted	not_admitted	not_admitted	not_admitted	not_admitted	not_admitted	not_admitted	not_admitted	1	11;17928;18923;-;357.6	5;12326;13687;-;336.5	7;14324;15100;-;194.9	14;20016;22607;-;221.4	4;9427;12324;-;292.8	17;23678;25039;-;81.6	14;20016;22607;-;87.8	19;25756;26319;-;137.0	9;16947;17561;-;79.9	8;15097;16950;-;259.9	1;5545;7848;-;376.2	15;22618;23232;-;47.5	1;5545;7848;-;67.0	A	9/9	contiguous	20211	1	1	8855..9415-;186;unnamed;0
NZ_CP011600.1	MPF_F	IncFIB(K);IncFII(pBK30683);IncFII(pCRY)	229	0	0	GA	0															not_admitted	not_admitted	not_admitted	not_admitted	not_admitted	not_admitted	not_admitted	not_admitted	not_admitted	not_admitted	1	30;37688;38680;-;358.3	22;31442;32812;-;356.8	27;34384;35181;-;218.6	36;41113;43758;-;239.7	21;28165;31449;-;300.3	41;45732;47135;-;103.3	36;41113;43758;-;89.7	43;47870;48469;-;77.7	29;37058;37678;-;56.7	28;35178;37061;-;214.4	16;20242;22836;-;368.6	38;44032;44586;-;41.5	16;20242;22836;-;69.6	A	9/9	contiguous	27628	1	1	27566..28141-;191;unnamed;0
NZ_CP011601.1	MPF_F	IncHI2;IncHI2A	326	0	0	GA	0															not_admitted	not_admitted	not_admitted	not_admitted	not_admitted	not_admitted	not_admitted	not_admitted	not_admitted	not_admitted	1	99;90169;91227;-;276.9	325;294660;295493;-;53.1	1;446;1492;-;173.7	117;111866;114547;-;168.0	324;290701;294651;-;101.6	121;116877;118232;-;80.7	117;111866;114547;-;72.2	124;119956;120744;-;74.8	101;91369;92880;-;62.7	98;86962;90150;-;58.3	7;8533;10617;+;56.7	118;114556;115506;-;46.4	7;8533;10617;+;38.8	A	9/9	split_4	294214	0	1	
NZ_CP011610.1	MPF_F	IncFIB(pB171);IncFII(S)	143	0	0	GA	0															not_admitted	not_admitted	not_admitted	not_admitted	not_admitted	not_admitted	not_admitted	not_admitted	not_admitted	not_admitted	1	116;115723;116718;-;357.0	110;110109;111470;-;336.1	112;112107;112886;-;196.3	119;117811;120402;-;218.1	109;107210;110107;-;290.9	122;121824;123185;-;80.7	119;117811;120402;-;87.3	124;123902;124465;-;143.8	114;114733;115347;-;79.9	113;112883;114736;-;253.1	106;103340;105631;-;375.8	120;120413;121012;-;50.4	106;103340;105631;-;65.0	A	9/9	contiguous	20562	1	1	106638..107198-;186;unnamed;0
NZ_CP011611.1	-	pKPC-CAV1321	306	0	0	GA	0															not_admitted	not_admitted	not_admitted	not_admitted	not_admitted	not_admitted	not_admitted	not_admitted	not_admitted	not_admitted	1	182;149189;150256;+;276.8	202;166170;167612;+;260.7	201;165073;166173;+;198.4	178;144595;147081;+;223.8	203;167627;171145;+;240.0	174;139970;141367;+;109.8	178;144595;147081;+;120.8	172;138061;138687;+;87.1	181;147879;149192;+;41.0	205;171581;174238;+;136.9	166;133537;135513;+;22.7	175;141364;141930;+;71.6	166;133537;135513;+;33.5	A	9/9	contiguous	38044	0	1	
NZ_CP011615.1	MPF_F	IncFII(S);IncFII(SARC14)	116	0	0	GA	0															not_admitted	not_admitted	not_admitted	not_admitted	not_admitted	not_admitted	not_admitted	not_admitted	not_admitted	not_admitted	1	11;17928;18923;-;357.6	5;12326;13687;-;336.5	7;14324;15100;-;194.9	14;20016;22607;-;221.4	4;9427;12324;-;292.8	17;23678;25039;-;81.6	14;20016;22607;-;87.8	19;25756;26319;-;137.0	9;16947;17561;-;79.9	8;15097;16950;-;259.9	1;5545;7848;-;376.2	15;22618;23232;-;47.5	1;5545;7848;-;67.0	A	9/9	contiguous	20211	1	1	8855..9415-;186;unnamed;0
NZ_CP011621.1	MPF_F	IncFII(Yp)	92	0	0	GA	0															not_admitted	not_admitted	not_admitted	not_admitted	not_admitted	not_admitted	not_admitted	not_admitted	not_admitted	not_admitted	1	47;31956;32948;+;362.9	58;38956;40323;+;382.8	53;36502;37254;+;235.3	44;28291;30930;+;259.0	59;40323;43172;+;342.7	34;23065;24489;+;88.4	44;28291;30930;+;88.8	32;21772;22338;+;167.1	48;32961;33599;+;66.0	49;33658;35613;+;255.2	63;44912;47224;+;390.6	36;25101;25670;+;53.7	63;44912;47224;+;66.5	A	9/9	contiguous	23140	1	1	43175..43705+;176;unnamed;0
NZ_CP011622.1	MPF_F	IncC	209	0	0	GA	0															not_admitted	not_admitted	not_admitted	not_admitted	not_admitted	not_admitted	not_admitted	not_admitted	not_admitted	not_admitted	1	207;175000;176007;-;332.9	100;76151;77584;-;339.2	101;77586;78614;-;221.7	3;2262;4709;-;354.2	99;72524;76138;-;375.3	8;12220;13536;-;135.0	3;2262;4709;-;128.6	10;14434;15060;-;92.1	0;175;1440;-;67.6	206;172089;174884;-;145.3	19;18870;20735;-;47.4	7;11645;12223;-;100.2	19;18870;20735;-;52.0	A	9/9	split_3	174825	0	1	
NZ_CP011623.1	MPF_F	IncFIB(K);IncFII(K);IncFII(pAR0022)	288	0	0	GA	0															not_admitted	not_admitted	not_admitted	not_admitted	not_admitted	not_admitted	not_admitted	not_admitted	not_admitted	not_admitted	1	135;104458;105447;+;366.6	145;110964;112331;+;381.2	141;108955;109707;+;231.5	131;100376;103015;+;256.8	146;112331;115180;+;345.0	123;95757;97181;+;89.2	131;100376;103015;+;88.8	121;94464;95030;+;169.3	136;105460;106098;+;67.0	137;106157;108112;+;259.2	151;117640;119952;+;393.1	124;97295;97879;+;54.3	151;117640;119952;+;66.6	A	9/9	contiguous	23176	1	1	115183..115713+;176;unnamed;0
NZ_CP011639.1	MPF_T	IncU;IncX5	79	0	0	GA	1	67;61471;62115;-;43.1	66;61197;61487;-;69.0	65;58416;61175;-;42.6	65;58416;61175;-;133.4	65;58416;61175;-;71.4	64;57674;58408;-;55.3	62;56344;57399;-;132.5		61;55376;56104;-;120.2	60;54442;55371;-;133.7	59;53234;54445;-;136.2	58;52179;53222;-;63.5	57;50341;52176;-;501.3		pfam	pfam_only	A	7/7	canonical	1	1	unscoreable	1	0	0														not_admitted	not_admitted	not_admitted	not_admitted	not_admitted	not_admitted	not_admitted
NZ_CP011641.1	MPF_F	IncFIB(K);IncFII(K);IncFII(pAR0022);IncFII(pCRY)	214	0	0	GA	0															not_admitted	not_admitted	not_admitted	not_admitted	not_admitted	not_admitted	not_admitted	not_admitted	not_admitted	not_admitted	1	97;96137;97129;-;372.3	87;89125;90495;-;380.8	90;91279;92031;-;230.8	100;98152;100791;-;254.4	86;86282;89125;-;346.5	107;103269;104690;-;86.2	100;98152;100791;-;87.3	109;105411;105977;-;161.1	96;95498;96124;-;67.7	95;93558;95501;-;255.0	84;83243;85537;-;391.8	105;102526;103080;-;57.5	84;83243;85537;-;66.4	A	9/9	contiguous	22168	1	1	85744..86271-;175;unnamed;0
NZ_CP011645.1	MPF_T	IncI2(Delta)	95	0	0	GA	1	42;30829;31311;-;81.1		56;46888;47172;-;36.5	55;44525;46882;-;59.8	55;44525;46882;-;45.0	67;52735;53382;-;41.6	68;53388;54374;-;120.4		54;43627;44361;-;144.3	53;42860;43630;-;170.6	52;41731;42870;-;154.7	45;33080;34618;-;207.1	50;38683;40641;-;287.0		pfam	pfam_only	A	7/7	rearranged	1	0	unscoreable	15	0	0														not_admitted	not_admitted	not_admitted	not_admitted	not_admitted	not_admitted	not_admitted
NZ_CP011649.1	MPF_T	IncR	91	0	0	GA	1		57;55952;56284;-;91.7	56;55671;55952;-;34.2	55;53168;55660;-;24.6	55;53168;55660;-;131.2	54;52395;53171;-;238.3	52;50756;52111;-;196.1		51;50070;50759;-;231.4	49;48673;49635;-;214.2	48;47540;48676;-;221.9	58;56281;57276;-;116.0	61;58938;60926;-;340.6		conjscan	conjscan_only	A	7/7	canonical	1	0	unscoreable	5	0	0														not_admitted	not_admitted	not_admitted	not_admitted	not_admitted	not_admitted	not_admitted
NZ_CP011654.1	MPF_F	IncFIB(pB171)	110	0	0	GA	0															not_admitted	not_admitted	not_admitted	not_admitted	not_admitted	not_admitted	not_admitted	not_admitted	not_admitted	not_admitted	1	62;53351;54346;+;357.0	68;58599;59960;+;336.1	66;57183;57962;+;196.3	59;49667;52258;+;218.1	69;59962;62859;+;290.9	56;46884;48245;+;80.7	59;49667;52258;+;87.3	54;45604;46167;+;143.8	64;54722;55336;+;79.9	65;55333;57186;+;253.1		58;49057;49656;+;50.4		A	9/9	contiguous	14358	1	1	62871..63119+;82;unnamed;0
NZ_CP011661.1	MPF_T	IncR	91	0	0	GA	1		49;54024;54356;+;91.7	50;54356;54637;+;34.2	51;54648;57140;+;24.6	51;54648;57140;+;131.2	52;57137;57913;+;238.3	54;58197;59552;+;196.1		55;59549;60238;+;231.4	57;60673;61635;+;214.2	58;61632;62768;+;221.9	48;53032;54027;+;116.0	45;49382;51370;+;340.6		conjscan	conjscan_only	A	7/7	canonical	1	0	unscoreable	5	0	0														not_admitted	not_admitted	not_admitted	not_admitted	not_admitted	not_admitted	not_admitted
NZ_CP011771.1	MPF_F	-	210	0	0	GA	0															not_admitted	not_admitted	not_admitted	not_admitted	not_admitted	not_admitted	not_admitted	not_admitted	not_admitted	not_admitted	1	34;32211;33236;-;421.0	28;24386;25837;-;379.2	29;25837;26655;-;235.5	40;35593;38214;-;412.1	27;21352;24369;-;345.8	43;40354;41727;-;105.7	40;35593;38214;-;89.1	45;42548;43153;-;193.7	32;29207;29977;-;113.5	31;27058;29184;-;287.6	22;15493;17220;+;548.9		22;15493;17220;+;68.0	B	8/9	contiguous	27055	0	1	
NZ_CP011772.1	MPF_F	-	125	0	0	GA	0															not_admitted	not_admitted	not_admitted	not_admitted	not_admitted	not_admitted	not_admitted	not_admitted	not_admitted	not_admitted	1	63;62723;63742;+;417.5	67;67517;68956;+;380.6	66;66690;67517;+;232.5	57;57766;60387;+;420.9	68;68972;72013;+;349.2	54;54340;55716;+;107.8	57;57766;60387;+;90.5	52;52962;53534;+;199.5	64;63739;64527;+;115.7	65;64529;66664;+;295.8	77;77558;79900;-;545.7		77;77558;79900;-;68.3	B	8/9	contiguous	24596	0	1	
NZ_CP011808.2	MPF_T	-	415	0	0	GA	1	264;254586;256280;-;38.9	275;265213;265593;-;70.9	274;264917;265216;-;50.9	273;262255;264930;-;72.3	273;262255;264930;-;80.1	272;261587;262258;-;77.1	269;260078;260938;-;129.8		268;259407;260081;-;97.2	267;258522;259343;-;193.8	266;257300;258520;-;177.9	265;256267;257289;-;87.9	262;252328;253890;-;62.6		pfam	both	A	7/7	canonical	1	0	unscoreable	3	0	0														not_admitted	not_admitted	not_admitted	not_admitted	not_admitted	not_admitted	not_admitted
NZ_CP011809.2	MPF_T	-	125	0	0	GA	1	4;3697;4743;+;40.6	118;98689;99069;+;70.9	119;99066;99365;+;51.9	120;99352;102048;+;77.0	120;99352;102048;+;81.0	121;102045;102725;+;76.6	124;103374;104231;+;134.3			1;718;1455;+;196.2	2;1457;2677;+;178.8	3;2688;3710;+;89.6	7;6119;7681;+;59.3		pfam	both	B	6/7	canonical	1	0	unscoreable	4	0	0														not_admitted	not_admitted	not_admitted	not_admitted	not_admitted	not_admitted	not_admitted
NZ_CP011920.1	MPF_F	-	205	0	0	GA	0															not_admitted	not_admitted	not_admitted	not_admitted	not_admitted	not_admitted	not_admitted	not_admitted	not_admitted	not_admitted	1	104;98977;100008;-;368.7	96;91469;92914;-;321.9	97;92914;93723;-;215.6	112;102730;105324;-;234.9	95;87531;91472;-;229.4	119;109102;110424;-;96.2	112;102730;105324;-;81.1	121;111160;111771;-;111.5	103;98192;98980;-;90.0	101;95629;96909;-;150.1	132;121593;123710;-;407.3	113;105339;106019;-;50.6	132;121593;123710;-;61.1	A	9/9	contiguous	34062	0	1	
NZ_CP011928.1	-	-	123	0	0	GA	1		119;95847;96206;-;73.5	118;95558;95854;-;62.2	117;93108;95555;-;134.3	117;93108;95555;-;121.4	116;92339;93130;-;62.0	114;90854;92071;-;87.8		113;90176;90838;-;137.2	112;89313;90146;-;189.2	110;87490;88833;-;211.9	120;96196;97209;-;122.6	62;49619;51523;-;433.1		conjscan	conjscan_only	A	7/7	canonical	1	0	unscoreable	3	0	0														not_admitted	not_admitted	not_admitted	not_admitted	not_admitted	not_admitted	not_admitted
NZ_CP011963.1	MPF_T	-	50	0	0	GA	1	11;9894;10802;-;40.2	22;19654;20031;-;72.3	21;19358;19657;-;50.8	20;16702;19371;-;67.7	20;16702;19371;-;81.7	19;16040;16699;-;70.3	16;14522;15388;-;141.0		15;13851;14525;-;92.1	14;13044;13826;-;201.1	13;11822;13042;-;171.7	12;10789;11811;-;92.0	6;3972;5546;+;70.2		pfam	both	A	7/7	canonical	1	0	unscoreable	6	0	0														not_admitted	not_admitted	not_admitted	not_admitted	not_admitted	not_admitted	not_admitted
NZ_CP011977.1	MPF_F	IncFIB(K);IncFII(K);IncR;repB(R1701)	245	0	0	GA	0															not_admitted	not_admitted	not_admitted	not_admitted	not_admitted	not_admitted	not_admitted	not_admitted	not_admitted	not_admitted	1	220;191441;192433;+;366.6	230;197884;199254;+;381.2	226;195930;196682;+;232.4	217;187776;190415;+;258.7	231;199254;202103;+;344.2	208;182537;183961;+;89.2	217;187776;190415;+;88.8	206;181244;181810;+;167.0	221;192446;193084;+;67.0	222;193081;195087;+;259.0	235;203917;206226;+;393.2	210;184573;185142;+;49.7	235;203917;206226;+;65.8	A	9/9	contiguous	22673	1	1	202106..202636+;176;unnamed;0
NZ_CP011978.1	MPF_T	IncI2(Delta)	95	0	0	GA	1	42;30791;31273;-;81.1		56;46850;47134;-;36.5	55;44487;46844;-;59.8	55;44487;46844;-;45.0	67;52697;53344;-;41.6	68;53350;54336;-;120.4		54;43589;44323;-;144.3	53;42822;43592;-;170.6	52;41693;42832;-;154.7	45;33042;34580;-;207.1	50;38645;40603;-;287.0		pfam	pfam_only	A	7/7	rearranged	1	0	unscoreable	15	0	0														not_admitted	not_admitted	not_admitted	not_admitted	not_admitted	not_admitted	not_admitted
NZ_CP011981.1	MPF_F	IncFIB(pQil);IncFII(K)	151	0	0	GA	0															not_admitted	not_admitted	not_admitted	not_admitted	not_admitted	not_admitted	not_admitted	not_admitted	not_admitted	not_admitted	1	125;103158;104150;+;366.6	135;109601;110971;+;381.2	131;107647;108399;+;232.4	122;99493;102132;+;258.7	136;110971;113820;+;344.2	113;94254;95678;+;89.2	122;99493;102132;+;88.8	111;92961;93527;+;167.0	126;104163;104801;+;67.0	127;104798;106804;+;259.0	140;115634;117943;+;393.2	115;96290;96859;+;49.7	140;115634;117943;+;65.8	A	9/9	contiguous	22673	1	1	113823..114353+;176;unnamed;0
NZ_CP011983.1	MPF_T	IncX3	56	0	0	GA	1	43;35384;36028;-;46.4	42;35110;35400;-;73.1	41;32332;35085;-;47.0	41;32332;35085;-;145.4	41;32332;35085;-;73.3	40;31552;32322;-;60.1	38;30218;31273;-;133.2		37;29295;30023;-;119.4	36;28360;29289;-;138.8	35;27149;28363;-;128.3	33;25919;26953;-;65.7	32;24081;25916;-;495.9		pfam	pfam_only	A	7/7	canonical	1	1	unscoreable	2	0	0														not_admitted	not_admitted	not_admitted	not_admitted	not_admitted	not_admitted	not_admitted
NZ_CP011986.1	MPF_F	IncFIB(pQil);IncFII(K)	132	0	0	GA	0															not_admitted	not_admitted	not_admitted	not_admitted	not_admitted	not_admitted	not_admitted	not_admitted	not_admitted	not_admitted	1	107;87546;88535;+;366.0	117;94082;95449;+;380.7	113;92072;92824;+;233.7	103;83464;86103;+;258.5	118;95449;98298;+;345.6	95;78783;80207;+;88.8	103;83464;86103;+;88.7	93;77490;78056;+;169.3	108;88548;89186;+;67.0	109;89245;91200;+;259.7	122;100784;103096;+;392.7	96;80321;80905;+;55.4	122;100784;103096;+;66.5	A	9/9	contiguous	23294	1	1	98311..98859+;182;unnamed;0
NZ_CP011987.1	MPF_T	IncX3	95	0	0	GA	1	82;66030;66674;-;46.4	81;65756;66046;-;73.1	80;62978;65731;-;47.0	80;62978;65731;-;145.4	80;62978;65731;-;73.3	79;62198;62968;-;60.1	77;60864;61919;-;133.2		76;59941;60669;-;119.4	75;59006;59935;-;138.8	74;57795;59009;-;128.3	72;56565;57599;-;65.7	71;54727;56562;-;495.9		pfam	pfam_only	A	7/7	canonical	1	1	unscoreable	2	0	0														not_admitted	not_admitted	not_admitted	not_admitted	not_admitted	not_admitted	not_admitted
NZ_CP012003.1	MPF_T	-	44	0	0	GA	1	24;16071;16982;-;41.0	35;25836;26213;-;72.4	34;25540;25839;-;50.8	33;22884;25553;-;63.5	33;22884;25553;-;81.5	32;22222;22881;-;75.2	29;20702;21568;-;139.7		28;20031;20705;-;92.9	27;19224;20006;-;199.2	26;18002;19222;-;176.6	25;16969;17991;-;112.7			pfam	both	B	6/7	canonical	1	0	unscoreable	2	0	0														not_admitted	not_admitted	not_admitted	not_admitted	not_admitted	not_admitted	not_admitted
NZ_CP012008.1	MPF_F	-	116	0	0	GA	0															not_admitted	not_admitted	not_admitted	not_admitted	not_admitted	not_admitted	not_admitted	not_admitted	not_admitted	not_admitted	1	28;23296;24339;-;369.2	23;17890;19317;-;325.8	25;19715;20527;-;219.1	32;25901;28627;-;164.6	22;14872;17874;-;208.7	36;30309;31625;-;102.7	32;25901;28627;-;108.4	38;32338;32916;-;82.6	27;22574;23281;-;107.6	26;20520;22577;-;92.2	74;60294;62453;-;381.3	33;28637;29281;-;41.9	74;60294;62453;-;90.0	A	9/9	split_2	45422	1	1	14282..14800-;172;unnamed;0
NZ_CP012049.1	MPF_T	-	70	0	0	GA	1	62;52758;53348;-;64.4	52;40853;41167;-;82.0		50;37947;40517;-;38.4	50;37947;40517;-;110.6	49;37155;37928;-;58.2	48;35109;36587;-;84.9		47;34392;35102;-;124.6	46;33373;34365;-;167.8	45;32005;33357;-;213.7	53;41248;42252;-;113.7	60;47461;49512;-;343.3		conjscan	conjscan_only	A	7/7	canonical	1	0	unscoreable	9	0	0														not_admitted	not_admitted	not_admitted	not_admitted	not_admitted	not_admitted	not_admitted
NZ_CP012058.1	MPF_T	-	70	0	0	GA	1	62;52757;53347;-;64.4	52;40852;41166;-;82.0		50;37946;40516;-;38.4	50;37946;40516;-;110.6	49;37154;37927;-;58.2	48;35108;36586;-;84.9		47;34391;35101;-;124.6	46;33372;34364;-;167.8	45;32004;33356;-;213.7	53;41247;42251;-;113.7	60;47460;49511;-;343.3		conjscan	conjscan_only	A	7/7	canonical	1	0	unscoreable	9	0	0														not_admitted	not_admitted	not_admitted	not_admitted	not_admitted	not_admitted	not_admitted
NZ_CP012061.1	MPF_T	-	71	0	0	GA	1	63;52756;53346;-;64.4	53;40851;41165;-;82.0		51;37945;40515;-;38.4	51;37945;40515;-;110.6	50;37153;37926;-;58.2	49;35107;36585;-;84.9		48;34390;35100;-;124.6	47;33371;34363;-;167.8	46;32003;33355;-;213.7	54;41246;42250;-;113.7	61;47459;49510;-;343.3		conjscan	conjscan_only	A	7/7	canonical	1	0	unscoreable	9	0	0														not_admitted	not_admitted	not_admitted	not_admitted	not_admitted	not_admitted	not_admitted
NZ_CP012064.1	MPF_T	-	70	0	0	GA	1	62;52758;53348;-;64.4	52;40853;41167;-;82.0		50;37947;40517;-;38.4	50;37947;40517;-;110.6	49;37155;37928;-;58.2	48;35109;36587;-;84.9		47;34392;35102;-;124.6	46;33373;34365;-;167.8	45;32005;33357;-;213.7	53;41248;42252;-;113.7	60;47461;49512;-;343.3		conjscan	conjscan_only	A	7/7	canonical	1	0	unscoreable	9	0	0														not_admitted	not_admitted	not_admitted	not_admitted	not_admitted	not_admitted	not_admitted
NZ_CP012139.1	MPF_F	IncFII	98	0	0	GA	0															not_admitted	not_admitted	not_admitted	not_admitted	not_admitted	not_admitted	not_admitted	not_admitted	not_admitted	not_admitted	1	73;59286;60278;+;369.5	85;67393;68766;+;381.7	78;63384;64127;+;234.4	70;55647;58277;+;304.1	86;68763;71585;+;374.0	63;51197;52648;+;94.2	70;55647;58277;+;97.1	61;49916;50482;+;174.3	75;60622;61260;+;68.6	76;61257;63107;+;266.1	90;73857;76073;+;391.1	66;53508;54023;+;78.4	90;73857;76073;+;70.3	A	9/9	contiguous	23941	1	1	71607..72086+;159;TraS;0
NZ_CP012141.1	MPF_F	IncHI2;IncHI2A	282	0	0	GA	0															not_admitted	not_admitted	not_admitted	not_admitted	not_admitted	not_admitted	not_admitted	not_admitted	not_admitted	not_admitted	1	27;31208;32266;+;276.9	201;179015;180430;-;194.1	202;180420;181466;-;174.3	11;8955;11636;+;168.0	200;175053;179006;-;101.7	7;5270;6625;+;80.7	11;8955;11636;+;72.2	4;2758;3546;+;74.8	25;29555;31066;+;62.0	28;32285;35473;+;57.3	209;188508;190592;+;56.8	10;7996;8946;+;46.1	209;188508;190592;+;38.8	A	9/9	split_3	185750	1	1	173583..174872-;429;unnamed;0
NZ_CP012143.1	MPF_T	IncN	52	0	0	GA	1	34;29627;30361;-;32.5	32;29034;29327;-;28.7	31;28667;28984;-;63.3	30;26067;28667;-;111.8	30;26067;28667;-;76.8	29;25336;26049;-;97.1	27;24045;25085;-;153.6		26;23128;23826;-;131.9	25;22233;23117;-;159.0	24;21073;22233;-;154.9	23;20036;21031;-;81.2	19;13938;15467;+;38.5		pfam	both	A	7/7	canonical	1	0	unscoreable	5	0	0														not_admitted	not_admitted	not_admitted	not_admitted	not_admitted	not_admitted	not_admitted
NZ_CP012163.1	MPF_T	pKPC-CAV1193	112	0	0	GA	1	108;107072;107758;+;105.6	48;47602;47901;-;35.8	47;44842;47592;-;61.8	47;44842;47592;-;134.0	47;44842;47592;-;47.3	46;44107;44823;-;136.0	44;42786;43793;-;138.0		42;41890;42576;-;158.3	41;41004;41897;-;147.4	40;39811;41007;-;135.3	92;88735;89757;+;105.7	32;32113;34020;-;24.4		pfam	pfam_only	A	7/7	canonical	1	1	unscoreable	10	0	0														not_admitted	not_admitted	not_admitted	not_admitted	not_admitted	not_admitted	not_admitted
NZ_CP012168.1	MPF_F	IncA	276	1	1	GA	1	242;218326;218859;+;31.8	76;59986;60372;+;85.3	77;60369;60638;+;32.5	78;60651;63101;+;37.9	78;60651;63101;+;125.2	79;63098;63841;+;226.6	81;64177;65544;+;177.3		82;65563;66267;+;235.9	83;66264;67256;+;223.0	84;67259;68539;+;208.0	75;58919;59989;+;118.3	73;56452;58449;+;333.6	114;98500;101238;+;138.7	conjscan	conjscan_only	A	7/7	canonical	1	0	unscoreable	4	0	1	113;97345;98349;+;330.1	238;211918;213351;+;336.4	237;210888;211916;+;223.9	108;92140;94587;+;352.8	239;213364;216969;+;377.7	84;67259;68539;+;208.0	108;92140;94587;+;130.4	101;81789;82415;+;93.9	111;95409;96677;+;69.6	114;98500;101238;+;138.7	73;56452;58449;+;103.8	104;84626;85204;+;98.1	73;56452;58449;+;99.0	A	9/9	split_2	156912	0	1	
NZ_CP012169.1	MPF_F	IncFIB(pECLA);IncFII(pECLA)	241	0	0	GA	0															not_admitted	not_admitted	not_admitted	not_admitted	not_admitted	not_admitted	not_admitted	not_admitted	not_admitted	not_admitted	1	163;136592;137590;+;364.2	172;142827;144191;+;359.5	166;140056;140838;+;214.9	155;130625;133234;+;214.8	173;144191;147589;+;306.6	147;126609;128012;+;90.2	155;130625;133234;+;103.5	145;125279;125860;+;100.9	164;137601;138227;+;64.3	165;138224;140059;+;222.5	177;149646;152201;+;360.8	153;129835;130377;+;46.9	177;149646;152201;+;72.7	A	9/9	contiguous	24367	1	1	147591..148280+;229;unnamed;0
NZ_CP012170.1	MPF_F	IncHI2;IncHI2A	289	0	0	GA	0															not_admitted	not_admitted	not_admitted	not_admitted	not_admitted	not_admitted	not_admitted	not_admitted	not_admitted	not_admitted	1	262;237105;238163;+;276.9	75;66089;67504;+;194.1	74;65053;66099;+;173.7	244;213785;216466;+;168.0	76;67513;71463;+;101.6	240;210100;211455;+;80.7	244;213785;216466;+;72.2	237;207588;208376;+;74.8	260;235452;236963;+;62.7	263;238182;241370;+;58.3	68;55928;58012;-;56.7	243;212826;213776;+;46.4	68;55928;58012;-;38.8	A	9/9	split_3	182254	0	1	
NZ_CP012197.1	MPF_F	Col156;IncFIA;IncFIB(AP001918);IncFII	217	0	0	GA	0															not_admitted	not_admitted	not_admitted	not_admitted	not_admitted	not_admitted	not_admitted	not_admitted	not_admitted	not_admitted	1	36;29327;30319;+;367.4	47;36005;37378;+;379.7	40;33048;33791;+;235.0	33;25691;28318;+;305.4	48;37375;40200;+;385.9	27;22209;23636;+;94.3	33;25691;28318;+;98.5	25;20928;21494;+;183.8	37;30328;30966;+;68.6	38;30963;32771;+;268.3	51;41703;43892;+;391.3	31;24660;25175;+;78.4	51;41703;43892;+;70.4	A	9/9	contiguous	20775	1	1	40197..40706+;169;unnamed;0
NZ_CP012279.1	MPF_T	rep38	44	0	0	GA	1				15;10374;12389;+;25.1									21;16416;17969;+;460.2		none	none	D	2/7	uncallable	0	0	unscoreable	5	0	0														not_admitted	not_admitted	not_admitted	not_admitted	not_admitted	not_admitted	not_admitted
NZ_CP012348.1	MPF_F	IncFII(S);IncFII(pAR0022)	110	0	0	GA	0															not_admitted	not_admitted	not_admitted	not_admitted	not_admitted	not_admitted	not_admitted	not_admitted	not_admitted	not_admitted	1	81;68535;69527;-;361.6	71;60319;62805;-;390.5	74;63837;64580;-;228.3	84;70514;72616;-;196.2		92;75673;77094;-;90.5	84;70514;72616;-;98.5	94;77821;78387;-;189.2	79;67585;68223;-;71.8	77;65306;67132;-;269.6	68;56227;58461;-;370.2	89;74373;74888;-;88.5	68;56227;58461;-;72.0	B	8/9	contiguous	21594	0	1	
NZ_CP012377.1	MPF_F	IncFIB(AP001918);IncFII	124	0	0	GA	0															not_admitted	not_admitted	not_admitted	not_admitted	not_admitted	not_admitted	not_admitted	not_admitted	not_admitted	not_admitted	1	55;64428;65420;-;368.3	40;54834;56207;-;374.5	47;58416;59159;-;232.6	58;66429;69056;-;304.9	39;52015;54837;-;389.2	67;72378;73805;-;91.8	58;66429;69056;-;98.5	69;74520;75086;-;184.5	54;63781;64419;-;68.6	49;59436;60581;-;269.7	30;43294;45501;-;384.7	61;69572;70087;-;78.4	30;43294;45501;-;68.6	A	9/9	contiguous	31226	1	1	51502..51993-;163;TraS;0
NZ_CP012416.1	-	-	91	0	0	GA	0															not_admitted	not_admitted	not_admitted	not_admitted	not_admitted	not_admitted	not_admitted	not_admitted	not_admitted	not_admitted	1	18;11392;12363;+;367.6	23;16227;17609;+;317.9	21;14934;15746;+;167.0	12;6760;9294;+;179.1	24;17632;20400;+;247.6	9;3638;5107;+;60.3	12;6760;9294;+;95.8	7;2362;2931;+;95.6	19;12374;13042;+;77.9	20;13042;14937;+;236.9	28;22478;24472;+;347.1	10;5113;5556;+;35.1	28;22478;24472;+;74.4	A	9/9	contiguous	20116	0	1	
NZ_CP012498.1	MPF_F	IncFIB(AP001918);IncFII(pSE11)	245	0	0	GA	0															not_admitted	not_admitted	not_admitted	not_admitted	not_admitted	not_admitted	not_admitted	not_admitted	not_admitted	not_admitted	1	131;110906;111898;+;369.8	144;119059;120432;+;369.5	138;116127;116870;+;233.4	128;107270;109897;+;304.9	145;120429;123251;+;375.6	121;103699;105114;+;93.6	128;107270;109897;+;98.7	119;102418;102984;+;173.4	134;112851;113489;+;70.1	136;114058;115863;+;264.8	150;126255;128408;+;391.9	125;106239;106754;+;80.8	150;126255;128408;+;70.4	A	9/9	contiguous	23837	1	1	123273..123770+;165;TraS;1
NZ_CP012499.1	MPF_F	IncFIB(AP001918);IncFII(pSE11)	245	0	0	GA	0															not_admitted	not_admitted	not_admitted	not_admitted	not_admitted	not_admitted	not_admitted	not_admitted	not_admitted	not_admitted	1	168;164801;165793;-;371.2	155;156254;157627;-;370.6	161;159818;160561;-;233.5	171;166802;169429;-;304.9	154;153414;156257;-;375.7	177;171341;172771;-;93.5	171;166802;169429;-;98.9	179;173486;174052;-;173.4	166;163341;163979;-;71.0	163;160825;162630;-;263.7	149;148284;150428;-;391.9	174;169945;170460;-;80.3	149;148284;150428;-;70.4	A	9/9	contiguous	25202	1	1	152895..153392-;165;TraS;1
NZ_CP012500.1	MPF_F	IncFIB(AP001918);IncFII(pSE11)	248	0	0	GA	0															not_admitted	not_admitted	not_admitted	not_admitted	not_admitted	not_admitted	not_admitted	not_admitted	not_admitted	not_admitted	1	73;65077;66069;-;371.2	60;56530;57903;-;370.6	66;60094;60837;-;233.5	76;67078;69705;-;304.9	59;53690;56533;-;375.7	82;71617;73047;-;93.5	76;67078;69705;-;98.9	84;73762;74328;-;173.4	71;63617;64255;-;71.0	68;61101;62906;-;263.7	54;48560;50704;-;391.9	79;70221;70736;-;80.3	54;48560;50704;-;70.4	A	9/9	contiguous	25202	1	1	53171..53668-;165;TraS;1
NZ_CP012501.1	MPF_F	IncFIB(AP001918);IncFII(pSE11)	280	0	0	GA	0															not_admitted	not_admitted	not_admitted	not_admitted	not_admitted	not_admitted	not_admitted	not_admitted	not_admitted	not_admitted	1	247;211452;212444;+;371.2	265;223043;224419;+;369.4	258;220106;220849;+;232.1	244;207816;210443;+;306.8	266;224416;227238;+;376.6	238;204486;205904;+;93.6	244;207816;210443;+;98.7	236;203205;203771;+;173.4	253;216688;217326;+;71.0	256;218037;219842;+;264.8	272;229775;231928;+;391.9	241;206785;207300;+;81.2	272;229775;231928;+;70.4	A	9/9	contiguous	26570	1	1	227260..227751+;163;TraS;1
NZ_CP012509.1	-	-	61	0	0	GA	0															not_admitted	not_admitted	not_admitted	not_admitted	not_admitted	not_admitted	not_admitted	not_admitted	not_admitted	not_admitted	1	36;29928;30917;+;368.0	41;34785;36167;+;327.0	39;33492;34304;+;161.8	33;26300;28879;+;182.3	42;36190;38958;+;245.8	31;24369;25838;+;59.7	33;26300;28879;+;95.9	29;23093;23662;+;93.5	37;30926;31591;+;80.6	38;31588;33495;+;242.6	46;40488;42485;+;333.7	32;25841;26287;+;33.9	46;40488;42485;+;71.7	A	9/9	contiguous	17395	1	1	38948..39346+;132;unnamed;1
NZ_CP012563.1	MPF_T	IncX3	52	0	0	GA	1	39;28893;29537;-;46.4	38;28619;28909;-;73.1	37;25841;28594;-;47.0	37;25841;28594;-;145.4	37;25841;28594;-;73.3	36;25061;25831;-;60.1	34;23727;24782;-;133.2		33;22804;23532;-;118.8	32;21869;22798;-;138.8	31;20658;21872;-;128.3	29;19428;20462;-;65.7	28;17590;19425;-;495.9		pfam	pfam_only	A	7/7	canonical	1	1	unscoreable	2	0	0														not_admitted	not_admitted	not_admitted	not_admitted	not_admitted	not_admitted	not_admitted
NZ_CP012566.1	MPF_F	IncFII(K);IncR	151	0	0	GA	0															not_admitted	not_admitted	not_admitted	not_admitted	not_admitted	not_admitted	not_admitted	not_admitted	not_admitted	not_admitted	1	56;39837;40826;+;366.6	66;46373;47740;+;380.5	62;44363;45115;+;233.7	52;35741;38380;+;258.5	67;47740;50583;+;346.5	45;31448;32872;+;89.2	52;35741;38380;+;88.7	43;30155;30721;+;169.3	57;40839;41477;+;66.9	58;41536;43491;+;259.7	71;53168;55480;+;392.8	46;32986;33570;+;55.4	71;53168;55480;+;65.9	A	9/9	contiguous	23013	1	1	50594..51118+;174;unnamed;0
NZ_CP012567.1	MPF_F	IncFIB(K);IncFII(K);IncFII(pAR0022)	214	0	0	GA	0															not_admitted	not_admitted	not_admitted	not_admitted	not_admitted	not_admitted	not_admitted	not_admitted	not_admitted	not_admitted	1	85;66479;67468;+;366.6	95;73015;74382;+;384.1	91;71005;71757;+;233.7	81;62383;65022;+;258.5	96;74382;77204;+;346.4	74;58090;59514;+;89.2	81;62383;65022;+;88.7	72;56797;57363;+;169.3	86;67481;68119;+;66.9	87;68178;70133;+;259.4	100;79820;82129;+;393.1	75;59628;60212;+;55.4	100;79820;82129;+;66.6	A	9/9	contiguous	23023	1	1	77227..77829+;200;TraS;0
NZ_CP012571.1	MPF_F	IncFII(K);IncR	149	0	0	GA	0															not_admitted	not_admitted	not_admitted	not_admitted	not_admitted	not_admitted	not_admitted	not_admitted	not_admitted	not_admitted	1	56;39837;40826;+;366.6	66;46373;47740;+;380.5	62;44363;45115;+;233.7	52;35741;38380;+;258.5	67;47740;50583;+;346.5	45;31448;32872;+;89.2	52;35741;38380;+;88.7	43;30155;30721;+;169.3	57;40839;41477;+;66.9	58;41536;43491;+;259.7	71;53168;55480;+;392.8	46;32986;33570;+;55.4	71;53168;55480;+;65.9	A	9/9	contiguous	23013	1	1	50594..51118+;174;unnamed;0
NZ_CP012572.1	MPF_F	IncFIB(K);IncFII(K);IncFII(pAR0022)	173	0	0	GA	0															not_admitted	not_admitted	not_admitted	not_admitted	not_admitted	not_admitted	not_admitted	not_admitted	not_admitted	not_admitted	1	84;66480;67469;+;366.6	94;73016;74383;+;384.1	90;71006;71758;+;233.7	80;62384;65023;+;258.5	95;74383;77205;+;346.4	73;58091;59515;+;89.2	80;62384;65023;+;88.7	71;56798;57364;+;169.3	85;67482;68120;+;66.9	86;68179;70134;+;259.4	99;79821;82130;+;393.1	74;59629;60213;+;55.4	99;79821;82130;+;66.6	A	9/9	contiguous	23023	1	1	77228..77830+;200;TraS;0
NZ_CP012626.1	MPF_F	IncFIB(AP001918);IncFII	117	0	0	GA	0															not_admitted	not_admitted	not_admitted	not_admitted	not_admitted	not_admitted	not_admitted	not_admitted	not_admitted	not_admitted	1	74;67507;68499;+;369.3	83;73561;74934;+;381.0	78;71228;71971;+;235.5	71;63871;66498;+;305.4	84;74931;77756;+;389.2	66;60389;61816;+;94.6	71;63871;66498;+;98.5	64;59108;59674;+;183.8	75;68508;69146;+;68.4	76;69143;70951;+;268.0	87;79260;81503;+;391.7	70;62840;63355;+;78.0	87;79260;81503;+;70.3	A	9/9	contiguous	20152	1	1	77753..78262+;169;unnamed;0
NZ_CP012632.1	MPF_F	IncFII	107	0	0	GA	0															not_admitted	not_admitted	not_admitted	not_admitted	not_admitted	not_admitted	not_admitted	not_admitted	not_admitted	not_admitted	1	6;4228;5220;-;369.5	103;90151;91524;-;381.7	1;379;1122;-;234.4	9;6229;8859;-;305.1	102;87308;90154;-;384.1	17;12262;13713;-;94.2	9;6229;8859;-;97.1	19;14428;14994;-;175.8	4;3246;3884;-;68.6	3;1399;3249;-;266.1	98;82832;85066;-;391.7	14;10887;11402;-;81.2	98;82832;85066;-;70.3	A	9/9	split_2	89772	1	1	86802..87311-;169;unnamed;0
NZ_CP012634.1	MPF_F	Col156;IncFIB(AP001918);IncFII(29)	133	0	0	GA	0															not_admitted	not_admitted	not_admitted	not_admitted	not_admitted	not_admitted	not_admitted	not_admitted	not_admitted	not_admitted	1	58;55665;56657;-;369.5	46;48238;49611;-;381.7	53;51816;52559;-;233.1	61;57666;60296;-;304.0	45;45419;48241;-;388.5	68;63427;64854;-;93.9	61;57666;60296;-;99.3	70;65569;66135;-;183.1	56;54683;55321;-;68.6	55;52836;54686;-;271.9	41;41003;43147;-;391.3	65;61783;62298;-;73.9	41;41003;43147;-;70.4	A	9/9	contiguous	24566	1	1	44918..45397-;159;TraS;0
NZ_CP012636.1	MPF_F	IncFIB(AP001918);IncFII;IncQ1	152	0	0	GA	0															not_admitted	not_admitted	not_admitted	not_admitted	not_admitted	not_admitted	not_admitted	not_admitted	not_admitted	not_admitted	1	118;121252;122244;-;369.3	109;114817;116190;-;381.0	114;117780;118523;-;231.6	121;123253;125880;-;306.4	108;111995;114820;-;386.0	127;127935;129362;-;94.3	121;123253;125880;-;98.5	129;130077;130643;-;183.3	117;120605;121243;-;68.7	116;118800;120608;-;267.9	105;108338;110491;-;391.8	123;126396;126911;-;77.3	105;108338;110491;-;70.4	A	9/9	contiguous	21739	1	1	111489..111998-;169;unnamed;0
NZ_CP012641.2	-	-	191	0	0	GA	0															not_admitted	not_admitted	not_admitted	not_admitted	not_admitted	not_admitted	not_admitted	not_admitted	not_admitted	not_admitted	1	128;129226;130260;-;280.7	114;117545;119029;-;189.2	115;119037;119978;-;173.9	119;121049;123634;-;65.2	113;114552;117539;-;68.5	122;124766;126136;-;80.8	119;121049;123634;-;83.9	124;127166;127762;-;46.9	127;128739;129251;-;54.1	186;181188;182648;-;119.5	178;171584;173602;+;232.5	121;124110;124766;-;28.7	178;171584;173602;+;41.2	A	9/9	split_2	66636	1	1	114352..114513-;53;unnamed;0
NZ_CP012662.1	MPF_T	-	109	0	0	GA	1	107;88089;89255;+;77.5	103;84872;85186;+;77.1	104;85208;85486;+;80.1	105;85476;87872;+;92.2	105;85476;87872;+;41.7	108;89252;90049;+;60.1	5;4143;5168;+;126.3		0;4;651;+;140.4	1;648;1349;+;164.4	2;1346;2671;+;173.0	3;2673;3707;+;102.3	18;16057;17784;-;279.0		pfam	both	A	7/7	rearranged	1	0	unscoreable	2	0	0														not_admitted	not_admitted	not_admitted	not_admitted	not_admitted	not_admitted	not_admitted
NZ_CP012683.1	MPF_F	IncFIB(AP001918);IncFIC(FII)	122	0	0	GA	0															not_admitted	not_admitted	not_admitted	not_admitted	not_admitted	not_admitted	not_admitted	not_admitted	not_admitted	not_admitted	1	104;91338;92330;+;369.3	112;97026;98399;+;380.7	108;95062;95805;+;232.7	101;87702;90329;+;303.5	113;98396;101218;+;380.3	97;84363;85790;+;94.3	101;87702;90329;+;100.3	95;83082;83648;+;183.8	105;92339;92977;+;68.3	106;92974;94782;+;268.3	117;102913;104940;+;392.0	100;86671;87186;+;78.0	117;102913;104940;+;70.5	A	9/9	contiguous	19831	1	1	101239..101736+;165;TraS;0
NZ_CP012701.1	-	-	191	0	0	GA	0															not_admitted	not_admitted	not_admitted	not_admitted	not_admitted	not_admitted	not_admitted	not_admitted	not_admitted	not_admitted	1	102;106346;107386;+;392.6	107;111048;112490;+;355.3	106;110245;111048;+;231.2	96;101347;103920;+;413.4	108;112503;113234;+;213.9	93;98490;99779;+;97.3	96;101347;103920;+;97.8	91;97121;97687;+;163.5	103;107397;108134;+;102.6	104;108131;109867;+;265.3	127;139810;141603;-;480.4		127;139810;141603;-;59.1	B	8/9	split_2	42689	1	1	113459..115288+;609;unnamed;0
NZ_CP012702.1	MPF_T	-	75	0	0	GA	1	68;53460;54125;-;29.2	67;53097;53438;-;76.3	66;52746;53072;-;73.2	65;50375;52759;-;164.5	65;50375;52759;-;109.9	64;49648;50361;-;131.5	62;48280;49296;-;117.7		60;47256;47939;-;156.3	59;46417;47259;-;177.4	58;45147;46415;-;175.3	57;44158;45150;-;102.1	56;42264;44180;-;356.3		pfam	both	A	7/7	canonical	1	0	unscoreable	2	0	0														not_admitted	not_admitted	not_admitted	not_admitted	not_admitted	not_admitted	not_admitted
NZ_CP012734.1	MPF_T	IncX1;IncX3	74	0	0	GA	1	4;2843;3490;+;45.2	5;3468;3764;+;77.5	6;3783;6536;+;47.3	6;3783;6536;+;148.0	6;3783;6536;+;73.5	7;6547;7305;+;67.3	9;7602;8732;+;103.0		10;8978;9691;+;120.0	11;9696;10625;+;134.9	12;10622;11827;+;133.4	13;11829;12860;+;77.9	14;12863;14698;+;488.6		pfam	pfam_only	A	7/7	canonical	1	1	unscoreable	3	0	0														not_admitted	not_admitted	not_admitted	not_admitted	not_admitted	not_admitted	not_admitted
NZ_CP012741.1	MPF_F	-	78	0	0	GA	0															not_admitted	not_admitted	not_admitted	not_admitted	not_admitted	not_admitted	not_admitted	not_admitted	not_admitted	not_admitted	1	32;28629;29639;-;381.8	26;23238;24644;-;300.7	28;25072;25851;-;174.6	34;30318;32867;-;201.0	25;20421;23234;-;305.0	36;33278;34810;-;88.3	34;30318;32867;-;99.9	38;35572;36147;-;133.8	30;27659;28372;-;90.4	29;25898;27622;-;229.4	17;14774;16879;-;396.2	35;32880;33272;-;34.3	17;14774;16879;-;74.1	A	9/9	contiguous	20798	1	1	19802..20338-;178;unnamed;0
NZ_CP012754.1	MPF_F	IncFIB(pNDM-Mar);IncHI1B(pNDM-MAR)	306	0	0	GA	0															not_admitted	not_admitted	not_admitted	not_admitted	not_admitted	not_admitted	not_admitted	not_admitted	not_admitted	not_admitted	1	254;219975;221012;+;282.3	99;85933;87342;-;190.4	100;87332;88369;-;175.7	240;205201;207918;+;149.6	98;81963;85931;-;121.3	236;201718;203088;+;65.6	240;205201;207918;+;85.2	233;199212;200072;+;79.0	253;218617;219978;+;69.9	255;221022;224207;+;59.9	107;95568;97694;+;57.7	239;204419;205156;+;56.9	107;95568;97694;+;41.0	A	9/9	split_2	139059	0	1	
NZ_CP012834.1	MPF_T	IncFII(29);IncFII(p96A)	62	0	0	GA	1	19;18258;18740;-;89.1	45;43462;43815;-;32.6	44;43091;43462;-;35.8	43;40642;43134;-;62.7		41;38416;39093;-;51.4	39;36983;37927;-;115.7		38;35976;36827;-;100.4	37;35164;35979;-;160.4	36;33827;35167;-;132.8	26;23796;25358;-;195.5	32;30433;32052;-;236.8		pfam	pfam_only	A	7/7	canonical	1	0	unscoreable	14	0	0														not_admitted	not_admitted	not_admitted	not_admitted	not_admitted	not_admitted	not_admitted
NZ_CP012884.1	MPF_F	IncFIB(K);IncFII(K)	228	0	0	GA	0															not_admitted	not_admitted	not_admitted	not_admitted	not_admitted	not_admitted	not_admitted	not_admitted	not_admitted	not_admitted	1	125;97975;98967;+;366.6	135;104484;105851;+;381.2	131;102475;103227;+;232.2	122;94505;96949;+;218.1	136;105851;108700;+;346.5	114;89303;90727;+;89.3	122;94505;96949;+;89.0	112;88010;88576;+;167.0	126;98980;99618;+;67.0	127;99677;101632;+;259.2	142;111771;112844;+;133.9	116;91356;91913;+;52.5	142;111771;112844;+;67.5	A	9/9	contiguous	23761	1	1	108703..109233+;176;unnamed;0
NZ_CP012902.1	MPF_F	IncC	205	0	0	GA	0															not_admitted	not_admitted	not_admitted	not_admitted	not_admitted	not_admitted	not_admitted	not_admitted	not_admitted	not_admitted	1	136;121693;122700;-;332.9	32;23293;24726;-;339.2	33;24728;25756;-;221.7	141;125452;127899;-;354.2	31;19666;23280;-;375.2	146;135410;136726;-;135.0	141;125452;127899;-;128.6	148;137624;138250;-;92.1	138;123365;124630;-;67.6	135;118782;121577;-;145.3	157;142060;143925;-;47.4	145;134835;135413;-;100.2	157;142060;143925;-;52.0	A	9/9	split_2	122394	0	1	
NZ_CP012909.1	MPF_T	-	234	0	0	GA	1	85;99967;100677;+;91.9	95;111716;112048;+;86.1	96;112048;112329;+;31.1	97;112340;114790;+;22.4	97;112340;114790;+;129.5	98;114793;115575;+;231.5	100;115886;117253;+;198.4		101;117250;117939;+;225.2	102;117936;118949;+;206.5	103;118946;120079;+;224.3	94;110712;111719;+;120.0	92;108116;110104;+;346.2		conjscan	conjscan_only	A	7/7	canonical	1	0	unscoreable	9	0	0														not_admitted	not_admitted	not_admitted	not_admitted	not_admitted	not_admitted	not_admitted
NZ_CP012922.1	MPF_T	IncX1	44	0	0	GA	1	18;16432;17079;-;45.2	17;16158;16454;-;77.5	16;13386;16139;-;46.6	16;13386;16139;-;148.1	16;13386;16139;-;75.3	15;12626;13375;-;66.6	13;11254;12315;-;134.6		12;10296;11009;-;120.0	11;9362;10291;-;133.8	10;8160;9365;-;134.4	9;7127;8158;-;76.5	8;5289;7124;-;488.6		pfam	pfam_only	A	7/7	canonical	1	1	unscoreable	1	0	0														not_admitted	not_admitted	not_admitted	not_admitted	not_admitted	not_admitted	not_admitted
NZ_CP012926.1	MPF_T	IncX1	44	0	0	GA	1	30;30097;30744;-;45.2	29;29823;30119;-;77.5	28;27051;29804;-;46.6	28;27051;29804;-;148.1	28;27051;29804;-;75.3	27;26291;27040;-;66.6	25;24919;25980;-;134.6		24;23961;24674;-;120.0	23;23027;23956;-;133.8	22;21825;23030;-;134.4	21;20792;21823;-;76.5	20;18954;20789;-;488.6		pfam	pfam_only	A	7/7	canonical	1	1	unscoreable	1	0	0														not_admitted	not_admitted	not_admitted	not_admitted	not_admitted	not_admitted	not_admitted
NZ_CP012928.1	MPF_F	IncFII	73	0	0	GA	0															not_admitted	not_admitted	not_admitted	not_admitted	not_admitted	not_admitted	not_admitted	not_admitted	not_admitted	not_admitted	1	23;24213;25205;-;369.3	12;16790;18163;-;381.0	17;19753;20496;-;233.3	26;26214;28841;-;305.4	11;13968;16793;-;389.2	32;30992;32419;-;94.3	26;26214;28841;-;98.8	34;33134;33700;-;183.8	20;22578;23216;-;68.6	19;20773;22581;-;268.0	8;10249;12465;-;391.8	28;29356;29871;-;78.4	8;10249;12465;-;70.3	A	9/9	contiguous	22885	1	1	13462..13971-;169;unnamed;0
NZ_CP012931.1	MPF_F	IncHI2;IncHI2A	261	0	0	GA	0															not_admitted	not_admitted	not_admitted	not_admitted	not_admitted	not_admitted	not_admitted	not_admitted	not_admitted	not_admitted	1	121;106250;107308;+;276.9	253;224600;226015;-;194.1	254;226005;227051;-;174.3	105;83240;85921;+;168.0	252;220638;224591;-;101.6	101;79555;80910;+;80.7	105;83240;85921;+;72.2	98;77043;77831;+;74.8	119;104597;106108;+;62.0	122;107327;110515;+;57.3		104;82281;83231;+;46.1		A	9/9	split_3	148962	1	1	219168..220457-;429;unnamed;0
NZ_CP012941.1	-	-	104	0	0	GA	1	49;51168;51833;+;44.3		51;52189;52563;+;31.3	52;52572;55061;+;95.3	52;52572;55061;+;50.4	53;55116;55847;+;125.8	56;56456;57376;+;135.0		57;57636;58412;+;135.9	58;58412;59215;+;163.2	60;59912;61156;+;155.8	61;61153;62199;+;81.8	63;62549;64360;+;315.5		pfam	both	A	7/7	canonical	1	0	unscoreable	5	0	0														not_admitted	not_admitted	not_admitted	not_admitted	not_admitted	not_admitted	not_admitted
NZ_CP012962.1	MPF_F	-	168	0	0	GA	0															not_admitted	not_admitted	not_admitted	not_admitted	not_admitted	not_admitted	not_admitted	not_admitted	not_admitted	not_admitted	1	97;85071;86057;+;383.3	150;134179;135576;+;384.8	148;133082;133915;+;221.0	92;80799;83282;+;304.9	151;135580;138990;+;383.4	90;79124;80377;+;115.3	92;80799;83282;+;109.7	88;77854;78408;+;167.3	98;86145;86771;+;111.0	146;130581;132689;+;268.6	4;3690;5972;+;504.6	91;80374;80802;+;74.5	4;3690;5972;+;92.2	A	9/9	split_3	131890	0	1	
NZ_CP012988.3	MPF_F	IncFIA(pBK30683);IncFII(K)	213	0	0	GA	0															not_admitted	not_admitted	not_admitted	not_admitted	not_admitted	not_admitted	not_admitted	not_admitted	not_admitted	not_admitted	1	60;44119;45108;+;366.0	70;50599;51969;+;380.7	66;48645;49397;+;230.7	56;40037;42676;+;258.5	71;51969;54812;+;346.5	48;35354;36778;+;89.2	56;40037;42676;+;88.7	46;34061;34627;+;169.3	61;45121;45759;+;67.0	62;45818;47773;+;259.7	75;57397;59709;+;392.8	49;36892;37476;+;55.4	75;57397;59709;+;65.9	A	9/9	contiguous	23336	1	1	54823..55347+;174;unnamed;0
NZ_CP012990.1	MPF_T	IncX3	58	0	0	GA	1	55;44636;45280;-;46.4	54;44362;44652;-;73.1	53;41584;44337;-;47.0	53;41584;44337;-;142.4	53;41584;44337;-;73.3	52;40804;41574;-;60.1	50;39470;40525;-;133.2		49;38547;39275;-;119.4	48;37612;38541;-;138.8	47;36401;37615;-;128.3	45;35171;36205;-;65.7	44;33333;35168;-;495.9		pfam	pfam_only	A	7/7	canonical	1	1	unscoreable	2	0	0														not_admitted	not_admitted	not_admitted	not_admitted	not_admitted	not_admitted	not_admitted
NZ_CP012993.2	MPF_F	IncFIA(pBK30683);IncFII(K)	213	0	0	GA	0															not_admitted	not_admitted	not_admitted	not_admitted	not_admitted	not_admitted	not_admitted	not_admitted	not_admitted	not_admitted	1	60;44119;45108;+;366.0	70;50599;51969;+;380.7	66;48645;49397;+;230.7	56;40037;42676;+;258.5	71;51969;54812;+;346.5	48;35354;36778;+;89.2	56;40037;42676;+;88.7	46;34061;34627;+;169.3	61;45121;45759;+;67.0	62;45818;47773;+;259.7	75;57397;59709;+;392.8	49;36892;37476;+;55.4	75;57397;59709;+;65.9	A	9/9	contiguous	23336	1	1	54823..55347+;174;unnamed;0
NZ_CP012995.1	MPF_T	IncX3	50	0	0	GA	1	13;12365;13009;-;46.4	12;12091;12381;-;73.1	11;9313;12066;-;47.0	11;9313;12066;-;142.4	11;9313;12066;-;73.3	10;8533;9303;-;60.1	8;7199;8254;-;133.2		7;6276;7004;-;119.4	6;5341;6270;-;138.8	5;4130;5344;-;128.3	3;2900;3934;-;65.7	2;1062;2897;-;495.9		pfam	pfam_only	A	7/7	canonical	1	1	unscoreable	2	0	0														not_admitted	not_admitted	not_admitted	not_admitted	not_admitted	not_admitted	not_admitted
NZ_CP013003.1	-	-	97	0	0	GA	1	43;43060;43704;+;51.2	45;44059;44400;+;76.6	46;44460;44795;+;101.3	47;44788;47193;+;169.7	47;44788;47193;+;115.9	48;47190;47933;+;183.8	50;48179;49129;+;131.0		52;49493;50173;+;196.0	53;50170;51021;+;190.5	54;51018;52256;+;182.7	55;52253;53260;+;97.9	56;53226;55175;+;361.4		pfam	both	A	7/7	canonical	1	0	unscoreable	3	0	0														not_admitted	not_admitted	not_admitted	not_admitted	not_admitted	not_admitted	not_admitted
NZ_CP013026.1	MPF_F	IncFII(pCoo)	72	0	0	GA	0															not_admitted	not_admitted	not_admitted	not_admitted	not_admitted	not_admitted	not_admitted	not_admitted	not_admitted	not_admitted	1	26;26634;27626;-;371.9	16;19927;21300;-;381.0	22;23162;23905;-;233.3	29;28635;31265;-;303.8	15;17108;19930;-;389.2	33;33778;35100;-;95.1	29;28635;31265;-;100.3	35;35815;36381;-;183.8	25;25987;26625;-;68.7	24;24182;25990;-;268.0	12;13403;15574;-;391.8	31;32132;32530;-;26.8	12;13403;15574;-;70.4	A	9/9	contiguous	22412	1	1	16590..17087-;165;TraS;0
NZ_CP013027.1	MPF_F	IncFIB(AP001918);IncFII(pCoo)	188	0	0	GA	0															not_admitted	not_admitted	not_admitted	not_admitted	not_admitted	not_admitted	not_admitted	not_admitted	not_admitted	not_admitted	1	98;91127;92119;+;372.1	108;97456;98832;+;378.0	102;94848;95591;+;235.0	95;87491;90118;+;303.5	109;98829;101651;+;387.8	88;83911;85362;+;94.6	95;87491;90118;+;100.3	86;82630;83196;+;182.4	99;92128;92766;+;68.5	100;92763;94571;+;268.3	112;103180;105333;+;391.9	92;86460;86975;+;77.7	112;103180;105333;+;70.4	A	9/9	contiguous	20550	1	1	101673..102164+;163;TraS;0
NZ_CP013035.1	MPF_T	-	50	0	0	GA	1		1;1183;1446;-;59.3		49;42466;43941;-;30.2		44;39511;40482;-;83.3	43;38516;39514;-;119.5		41;37707;38369;-;177.6	40;36823;37710;-;161.4	39;35624;36796;-;166.0	38;34651;35643;-;93.2	37;32839;34650;-;348.4		pfam	pfam_only	A	7/7	canonical	1	0	unscoreable	5	0	0														not_admitted	not_admitted	not_admitted	not_admitted	not_admitted	not_admitted	not_admitted
NZ_CP013047.2	MPF_F	pADAP;pSM22	119	0	0	GA	0															not_admitted	not_admitted	not_admitted	not_admitted	not_admitted	not_admitted	not_admitted	not_admitted	not_admitted	not_admitted	1	94;92147;93145;+;363.5	100;97368;98735;+;365.8	97;95728;96522;+;201.9	89;87151;89781;+;263.7	101;98737;101568;+;290.2	85;84567;85967;+;88.9	89;87151;89781;+;99.8	83;83286;83849;+;163.6	95;93156;93830;+;63.0	96;93827;95731;+;240.6	104;102300;104498;+;380.5	88;86583;87137;+;57.9	104;102300;104498;+;58.1	A	9/9	contiguous	19014	1	1	101565..102098+;177;unnamed;0
NZ_CP013052.1	MPF_T	-	390	0	0	GA	1	103;113738;114826;-;89.9	106;117588;117926;-;75.0	105;117285;117584;-;75.5	104;114823;117282;-;125.9	104;114823;117282;-;97.3	102;113019;113726;-;36.4	101;111755;112786;-;152.0		100;111034;111729;-;184.2	99;110228;111037;-;196.9	98;109011;110228;-;209.5	97;108002;109030;-;132.6	96;105906;108005;-;307.7		pfam	pfam_only	A	7/7	canonical	1	0	unscoreable	0	0	0														not_admitted	not_admitted	not_admitted	not_admitted	not_admitted	not_admitted	not_admitted
NZ_CP013053.1	MPF_T	-	507	0	0	GA	1		504;545127;545507;-;64.4	503;544835;545134;-;63.0	502;542368;544824;-;173.7	502;542368;544824;-;118.7	501;541596;542396;-;44.4	499;540230;541405;-;106.5		498;539543;540205;-;130.0	497;538716;539528;-;187.7	495;536962;538263;-;217.3	505;545497;546474;-;129.5	33;41015;43000;+;541.2		conjscan	conjscan_only	A	7/7	canonical	1	0	unscoreable	3	0	0														not_admitted	not_admitted	not_admitted	not_admitted	not_admitted	not_admitted	not_admitted
NZ_CP013054.1	MPF_T	-	2089	0	0	GA	1		819;858832;859134;+;96.9	820;859139;859477;+;92.6	821;859470;861836;+;172.7	821;859470;861836;+;103.5	822;861836;862531;+;191.4	824;862767;863720;+;167.6		825;864011;864682;+;206.8	826;864679;865542;+;176.5	827;865551;866726;+;174.5	828;866739;867728;+;107.0	845;886549;888480;-;332.2		pfam	both	A	7/7	canonical	1	0	unscoreable	1	0	0														not_admitted	not_admitted	not_admitted	not_admitted	not_admitted	not_admitted	not_admitted
NZ_CP013108.1	MPF_T	-	226	0	0	GA	1	97;96538;97626;-;92.9	100;100388;100726;-;75.1	99;100085;100384;-;77.7	98;97623;100082;-;125.6	98;97623;100082;-;97.5	96;95819;96526;-;36.1	95;94555;95586;-;152.0		94;93834;94529;-;184.2	93;93028;93837;-;192.7	92;91811;93028;-;209.5	91;90802;91830;-;135.7	90;88706;90805;-;308.1		pfam	pfam_only	A	7/7	canonical	1	0	unscoreable	0	0	0														not_admitted	not_admitted	not_admitted	not_admitted	not_admitted	not_admitted	not_admitted
NZ_CP013109.1	MPF_T	-	547	0	0	GA	1		544;584547;584927;-;64.4	543;584255;584554;-;63.0	542;581788;584244;-;173.7	542;581788;584244;-;118.7	541;581016;581816;-;44.4	539;579650;580825;-;106.5		538;578963;579625;-;130.0	537;578136;578948;-;187.7	535;576382;577683;-;217.3	545;584917;585894;-;129.5	38;42700;44685;+;541.2		conjscan	conjscan_only	A	7/7	canonical	1	0	unscoreable	3	0	0														not_admitted	not_admitted	not_admitted	not_admitted	not_admitted	not_admitted	not_admitted
NZ_CP013110.1	MPF_T	-	1977	0	0	GA	1		1595;1761796;1762098;-;97.1	1594;1761453;1761791;-;93.7	1593;1759094;1761460;-;172.7	1593;1759094;1761460;-;99.7	1592;1758399;1759094;-;192.0	1590;1757234;1758163;-;167.2		1589;1756248;1756919;-;208.6	1588;1755388;1756251;-;177.7	1587;1754204;1755379;-;173.6	1586;1753202;1754191;-;108.5	1577;1742450;1744381;+;329.9		pfam	both	A	7/7	canonical	1	0	unscoreable	9	0	0														not_admitted	not_admitted	not_admitted	not_admitted	not_admitted	not_admitted	not_admitted
NZ_CP013115.1	MPF_T	-	292	0	0	GA	0															not_admitted	not_admitted	not_admitted	not_admitted	not_admitted	not_admitted	not_admitted	not_admitted	not_admitted	not_admitted	1	289;266219;267250;-;255.6	71;73451;74854;+;126.6	70;72462;73451;+;161.2	49;52027;54624;-;156.7	72;74871;79073;+;136.2	55;57965;59293;-;103.4	49;52027;54624;-;82.0	57;60377;61072;-;48.0	291;267396;268283;-;60.4	288;262835;266212;-;82.6	178;177040;179055;-;105.6	50;54624;55394;-;56.7	178;177040;179055;-;99.4	A	9/9	split_3	215369	0	1	
NZ_CP013215.1	MPF_F	IncHI2;IncHI2A	318	0	0	GA	0															not_admitted	not_admitted	not_admitted	not_admitted	not_admitted	not_admitted	not_admitted	not_admitted	not_admitted	not_admitted	1	70;69776;70834;+;276.9	184;173164;174579;+;194.1	183;172128;173174;+;173.7	52;46456;49137;+;168.0	185;174588;178538;+;101.6	48;42771;44126;+;80.7	52;46456;49137;+;72.2	45;40259;41047;+;74.8	68;68123;69634;+;62.7	71;70853;74041;+;58.3	177;163003;165087;-;56.7	51;45497;46447;+;46.4	177;163003;165087;-;38.8	A	9/9	split_3	134329	0	1	
NZ_CP013250.1	-	-	105	0	0	GA	1	66;65407;65922;-;49.2	91;87917;88246;-;66.0	90;87592;87906;-;30.4	89;85136;87550;-;51.4	89;85136;87550;-;99.0	88;84381;85139;-;34.2	86;82113;83426;-;99.5		84;81221;81895;-;143.9	83;80328;81212;-;159.1	81;78657;79913;-;191.6	76;72876;74498;-;173.0	60;59497;61458;-;40.1		conjscan	conjscan_only	A	7/7	canonical	1	0	unscoreable	21	0	0														not_admitted	not_admitted	not_admitted	not_admitted	not_admitted	not_admitted	not_admitted
NZ_CP013265.1	MPF_T	-	232	0	0	GA	0															not_admitted	not_admitted	not_admitted	not_admitted	not_admitted	not_admitted	not_admitted	not_admitted	not_admitted	not_admitted	1	218;218105;219121;-;391.0	213;212760;214250;-;367.6	214;214250;215095;-;244.0	224;221599;224172;-;474.6	212;209872;212742;-;378.7	143;138794;140011;-;185.0	224;221599;224172;-;104.9	229;228212;228784;-;183.1	217;217343;218092;-;116.9	216;215470;217341;-;275.6	70;60561;62915;+;528.0	225;224169;225167;-;23.4	141;135838;137802;-;88.6	A	9/9	split_3	167651	0	1	
NZ_CP013266.1	MPF_T	-	100	0	0	GA	1	73;63223;63825;-;33.8	71;61359;61682;-;65.8	70;61025;61357;-;81.3	69;58666;61032;-;148.5	69;58666;61032;-;107.7	68;57942;58664;-;165.7	66;56599;57672;-;102.3		64;55478;56155;-;184.8	63;54469;55476;-;188.4	62;53178;54467;-;170.9	61;52164;53174;-;95.7	60;50223;52142;-;323.3		pfam	both	A	7/7	canonical	1	0	unscoreable	3	0	0														not_admitted	not_admitted	not_admitted	not_admitted	not_admitted	not_admitted	not_admitted
NZ_CP013323.1	MPF_F	IncFIB(K);IncFII(K);IncFII(pAR0022)	294	0	0	GA	0															not_admitted	not_admitted	not_admitted	not_admitted	not_admitted	not_admitted	not_admitted	not_admitted	not_admitted	not_admitted	1	141;112006;112995;+;366.6	151;118512;119879;+;381.2	147;116503;117255;+;231.5	137;107924;110563;+;256.8	152;119879;122728;+;345.0	129;103305;104729;+;89.2	137;107924;110563;+;88.8	127;102012;102578;+;169.3	142;113008;113646;+;67.0	143;113705;115660;+;259.2	157;125188;127500;+;393.1	130;104843;105427;+;54.3	157;125188;127500;+;66.6	A	9/9	contiguous	23176	1	1	122731..123261+;176;unnamed;0
NZ_CP013324.1	MPF_F	IncC	201	0	0	GA	0															not_admitted	not_admitted	not_admitted	not_admitted	not_admitted	not_admitted	not_admitted	not_admitted	not_admitted	not_admitted	1	199;164989;165996;-;332.9	100;76151;77584;-;339.2	101;77586;78614;-;221.7	3;2262;4709;-;354.2	99;72524;76138;-;375.3	8;12220;13536;-;135.0	3;2262;4709;-;128.6	10;14434;15060;-;92.1	0;175;1440;-;67.6	198;162078;164873;-;145.3	19;18870;20735;-;47.4	7;11645;12223;-;100.2	19;18870;20735;-;52.0	A	9/9	split_3	164814	0	1	
NZ_CP013326.1	MPF_F	IncFII(Yp)	92	0	0	GA	0															not_admitted	not_admitted	not_admitted	not_admitted	not_admitted	not_admitted	not_admitted	not_admitted	not_admitted	not_admitted	1	47;31956;32948;+;362.9	58;38956;40323;+;382.8	53;36502;37254;+;235.3	44;28291;30930;+;259.0	59;40323;43172;+;342.7	34;23065;24489;+;88.4	44;28291;30930;+;88.8	32;21772;22338;+;167.1	48;32961;33599;+;66.0	49;33658;35613;+;255.2	63;44912;47224;+;390.6	36;25101;25670;+;53.7	63;44912;47224;+;66.5	A	9/9	contiguous	23140	1	1	43175..43705+;176;unnamed;0
NZ_CP013332.1	-	-	60	0	0	GA	1		59;52032;52361;+;35.1		10;9304;11802;+;67.3	10;9304;11802;+;76.0		5;3881;5155;+;40.6		0;77;592;+;59.4	2;1072;1803;+;129.7	3;1816;3072;+;168.2	8;7979;8959;+;88.9	6;5167;7455;+;282.8		none	none	A	7/7	rearranged	0	0	unscoreable	4	0	0														not_admitted	not_admitted	not_admitted	not_admitted	not_admitted	not_admitted	not_admitted
NZ_CP013339.1	MPF_F	IncFIB(K);IncFII(pKP91)	170	0	0	GA	0															not_admitted	not_admitted	not_admitted	not_admitted	not_admitted	not_admitted	not_admitted	not_admitted	not_admitted	not_admitted	1	104;92110;93099;+;368.2	114;98841;100211;+;378.4	110;96893;97645;+;230.9	101;88442;91081;+;254.8	115;100211;103033;+;344.5	89;81360;82778;+;85.1	101;88442;91081;+;88.2	87;80073;80639;+;149.8	105;93112;93741;+;67.3	106;93741;95696;+;256.2	118;104793;107123;+;390.6	91;83572;84141;+;55.2	118;104793;107123;+;66.7	A	9/9	contiguous	24720	1	1	103059..103673+;204;TraS;0
NZ_CP013345.1	MPF_F	-	388	0	0	GA	0															not_admitted	not_admitted	not_admitted	not_admitted	not_admitted	not_admitted	not_admitted	not_admitted	not_admitted	not_admitted	1	28;26306;27325;+;396.5	32;30884;32350;+;362.2	31;30069;30884;+;235.2	22;21279;23867;+;471.8	33;32368;35151;+;352.6	19;18302;19627;+;103.7	22;21279;23867;+;103.4	17;16934;17500;+;193.3	29;27335;28081;+;115.4	30;28078;29910;+;280.1	304;347316;349610;-;555.2	21;20480;21277;+;34.2	304;347316;349610;-;61.0	A	9/9	split_2	330382	0	1	
NZ_CP013346.1	-	-	138	0	0	GA	0															not_admitted	not_admitted	not_admitted	not_admitted	not_admitted	not_admitted	not_admitted	not_admitted	not_admitted	not_admitted	1	36;39711;40751;+;392.6	41;44413;45855;+;357.8	40;43610;44413;+;231.2	30;34712;37285;+;415.8	42;45868;48654;+;361.4	27;31855;33144;+;97.3	30;34712;37285;+;98.3	25;30486;31052;+;163.5	37;40762;41499;+;102.3	38;41496;43232;+;265.6	103;114953;117349;-;480.0		103;114953;117349;-;58.3	B	8/9	split_2	84467	0	1	
NZ_CP013369.1	MPF_F	-	232	0	0	GA	0															not_admitted	not_admitted	not_admitted	not_admitted	not_admitted	not_admitted	not_admitted	not_admitted	not_admitted	not_admitted	1	163;176707;177741;-;387.5	147;166064;167533;-;341.2	154;170890;171744;-;225.8	172;182376;184979;-;239.5	146;162967;166053;-;218.6	175;186436;187836;-;106.3	172;182376;184979;-;91.8	177;188496;189086;-;125.2	162;175994;176581;-;98.1	159;173207;174484;-;177.1	189;199700;201607;-;417.2	173;184993;185649;-;50.8	189;199700;201607;-;81.3	A	9/9	contiguous	36733	0	1	
NZ_CP013379.1	-	-	115	0	0	GA	1	102;101022;101618;-;67.8		87;88264;88548;-;31.7	86;85758;88274;-;55.4	86;85758;88274;-;51.8	85;85076;85741;-;67.0	84;83809;84909;-;66.7		83;83114;83704;-;35.4	82;82324;83121;-;170.8	81;81080;82327;-;133.9	96;94696;96558;-;133.6	74;74402;75991;-;34.9		pfam	pfam_only	A	7/7	canonical	1	0	unscoreable	17	0	0														not_admitted	not_admitted	not_admitted	not_admitted	not_admitted	not_admitted	not_admitted
NZ_CP013381.1	MPF_F	-	268	0	0	GA	0															not_admitted	not_admitted	not_admitted	not_admitted	not_admitted	not_admitted	not_admitted	not_admitted	not_admitted	not_admitted	1	72;64445;65479;+;388.2	86;74781;76250;+;340.5	79;70091;70945;+;225.8	64;57869;60472;+;236.2	87;76261;79350;+;223.1	61;55021;56421;+;106.4	64;57869;60472;+;93.6	59;53771;54361;+;122.5	73;65476;66192;+;98.5	75;67309;68586;+;177.4	48;41311;43218;+;415.9	63;57208;57855;+;51.6	48;41311;43218;+;80.7	A	9/9	contiguous	34950	0	1	
NZ_CP013415.1	MPF_F	-	332	0	0	GA	0															not_admitted	not_admitted	not_admitted	not_admitted	not_admitted	not_admitted	not_admitted	not_admitted	not_admitted	not_admitted	1	306;281159;282193;+;388.5	5;2181;3650;+;341.0	315;287155;288009;+;229.5	297;273891;276494;+;237.5	6;3661;6750;+;223.3	294;271034;272434;+;106.4	297;273891;276494;+;94.0	292;269784;270374;+;123.9	307;282190;282906;+;99.5	310;284413;285690;+;177.1	280;257259;259166;+;416.6	296;273221;273877;+;50.2	280;257259;259166;+;81.3	A	9/9	split_2	284974	0	1	
NZ_CP013423.1	MPF_F	-	93	0	0	GA	0															not_admitted	not_admitted	not_admitted	not_admitted	not_admitted	not_admitted	not_admitted	not_admitted	not_admitted	not_admitted	1	30;25473;26474;+;396.7	36;30782;32188;+;366.6	35;29962;30771;+;229.9	26;21353;23938;+;205.2	37;32198;35254;+;211.0	23;18443;19807;+;112.0	26;21353;23938;+;110.8	21;17190;17777;+;128.9	31;26474;27250;+;105.0	33;28319;29602;+;171.0	9;6518;8566;+;412.9	25;20650;21306;+;55.1	9;6518;8566;+;73.6	A	9/9	contiguous	25680	0	1	
NZ_CP013454.1	MPF_F	-	156	0	0	GA	1	138;111436;111861;+;70.9			35;27175;29637;+;51.4	35;27175;29637;+;81.7		37;30396;31463;+;50.0		133;106504;107220;+;92.1	134;107217;108092;+;151.8	135;108101;109363;+;145.2	143;115935;118184;+;146.6	39;32683;34551;+;37.6		none	none	A	7/7	canonical	0	0	unscoreable	9	0	0														not_admitted	not_admitted	not_admitted	not_admitted	not_admitted	not_admitted	not_admitted
NZ_CP013482.1	-	-	112	0	0	GA	1		63;41927;42346;+;66.5	64;42349;42660;+;43.1	65;42657;45236;+;80.9	65;42657;45236;+;112.0	70;48841;49617;+;83.5	71;49659;51398;+;109.4		66;45233;45988;+;43.6	67;46007;46921;+;168.3	69;47370;48824;+;215.0	62;40916;41911;+;115.7	41;23835;25766;-;438.2		conjscan	conjscan_only	A	7/7	canonical	1	0	unscoreable	2	0	0														not_admitted	not_admitted	not_admitted	not_admitted	not_admitted	not_admitted	not_admitted
NZ_CP013488.1	-	-	109	0	0	GA	1	99;89554;90069;-;103.7			18;18516;20891;-;84.1	18;18516;20891;-;61.6	17;17809;18501;-;51.6	16;16855;17805;-;104.2		14;15452;16207;-;149.1	13;14697;15455;-;162.1	12;13535;14704;-;150.7	0;288;2117;-;214.4	10;10693;12474;-;333.0		pfam	pfam_only	A	7/7	canonical	1	0	unscoreable	9	0	0														not_admitted	not_admitted	not_admitted	not_admitted	not_admitted	not_admitted	not_admitted
NZ_CP013492.1	MPF_T	-	440	0	0	GA	1	197;198712;199371;+;22.6	198;199368;199667;+;92.1	199;199673;200011;+;102.8	200;200004;202370;+;170.4	200;200004;202370;+;110.9	201;202367;203068;+;203.3	203;203302;204234;+;170.9		205;204557;205228;+;213.1	206;205225;206082;+;182.4	207;206091;207263;+;184.8	208;207272;208300;+;112.6	219;215927;217846;-;333.9		pfam	both	A	7/7	canonical	1	0	unscoreable	12	0	0														not_admitted	not_admitted	not_admitted	not_admitted	not_admitted	not_admitted	not_admitted
NZ_CP013494.1	MPF_T	-	686	0	0	GA	1	668;720149;720793;-;21.5	667;719831;720130;-;90.1	666;719487;719825;-;98.5	665;717128;719494;-;174.5	665;717128;719494;-;110.8	664;716430;717128;-;201.7	662;715265;716197;-;166.5		661;714269;714955;-;216.6	660;713415;714272;-;183.0	659;712231;713406;-;183.7	658;711200;712222;-;109.1	643;699726;701642;+;326.5		pfam	both	A	7/7	canonical	1	0	unscoreable	15	0	0														not_admitted	not_admitted	not_admitted	not_admitted	not_admitted	not_admitted	not_admitted
NZ_CP013497.1	MPF_T	-	440	0	0	GA	1	197;198712;199371;+;22.6	198;199368;199667;+;92.1	199;199673;200011;+;102.8	200;200004;202370;+;170.4	200;200004;202370;+;110.9	201;202367;203068;+;203.3	203;203302;204234;+;170.9		205;204557;205228;+;213.1	206;205225;206082;+;182.4	207;206091;207263;+;184.8	208;207272;208300;+;112.6	219;215927;217846;-;333.9		pfam	both	A	7/7	canonical	1	0	unscoreable	12	0	0														not_admitted	not_admitted	not_admitted	not_admitted	not_admitted	not_admitted	not_admitted
NZ_CP013499.1	MPF_T	-	686	0	0	GA	1	668;720149;720793;-;21.5	667;719831;720130;-;90.1	666;719487;719825;-;98.5	665;717128;719494;-;174.5	665;717128;719494;-;110.8	664;716430;717128;-;201.7	662;715265;716197;-;166.5		661;714269;714955;-;216.6	660;713415;714272;-;183.0	659;712231;713406;-;183.7	658;711200;712222;-;109.1	643;699726;701642;+;326.5		pfam	both	A	7/7	canonical	1	0	unscoreable	15	0	0														not_admitted	not_admitted	not_admitted	not_admitted	not_admitted	not_admitted	not_admitted
NZ_CP013502.1	MPF_T	-	433	0	0	GA	1	193;196072;196731;+;22.6	194;196728;197027;+;92.1	195;197033;197371;+;102.8	196;197364;199730;+;170.4	196;197364;199730;+;110.9	197;199727;200428;+;203.3	199;200662;201594;+;170.9		201;201917;202588;+;213.1	202;202585;203442;+;182.4	203;203451;204623;+;184.8	204;204632;205660;+;112.6	215;213287;215206;-;333.9		pfam	both	A	7/7	canonical	1	0	unscoreable	12	0	0														not_admitted	not_admitted	not_admitted	not_admitted	not_admitted	not_admitted	not_admitted
NZ_CP013504.1	MPF_T	-	692	0	0	GA	1	674;730590;731234;-;21.5	673;730272;730571;-;90.1	672;729928;730266;-;98.5	671;727569;729935;-;174.5	671;727569;729935;-;110.8	670;726871;727569;-;201.7	668;725706;726638;-;166.5		667;724710;725396;-;216.6	666;723856;724713;-;183.0	665;722672;723847;-;183.7	664;721641;722663;-;109.1	649;710167;712083;+;326.5		pfam	both	A	7/7	canonical	1	0	unscoreable	15	0	0														not_admitted	not_admitted	not_admitted	not_admitted	not_admitted	not_admitted	not_admitted
NZ_CP013508.1	MPF_T	-	434	0	0	GA	1	193;196150;196809;+;22.6	194;196806;197105;+;92.1	195;197111;197449;+;102.8	196;197442;199808;+;170.4	196;197442;199808;+;110.9	197;199805;200506;+;203.3	199;200740;201672;+;170.9		201;201995;202666;+;213.1	202;202663;203520;+;182.4	203;203529;204701;+;184.8	204;204710;205738;+;112.6	215;213365;215284;-;333.9		pfam	both	A	7/7	canonical	1	0	unscoreable	12	0	0														not_admitted	not_admitted	not_admitted	not_admitted	not_admitted	not_admitted	not_admitted
NZ_CP013510.1	MPF_T	-	692	0	0	GA	1	674;729019;729663;-;21.5	673;728701;729000;-;90.1	672;728357;728695;-;98.5	671;725998;728364;-;174.5	671;725998;728364;-;110.8	670;725300;725998;-;201.7	668;724135;725067;-;166.5		667;723139;723825;-;216.6	666;722285;723142;-;183.0	665;721101;722276;-;183.7	664;720070;721092;-;109.1	649;708596;710512;+;326.5		pfam	both	A	7/7	canonical	1	0	unscoreable	15	0	0														not_admitted	not_admitted	not_admitted	not_admitted	not_admitted	not_admitted	not_admitted
NZ_CP013514.1	MPF_T	-	417	0	0	GA	1		175;191465;191764;+;91.2	176;191770;192108;+;104.5	177;192101;194467;+;174.3	177;192101;194467;+;113.7	178;194464;195165;+;201.4	180;195380;196312;+;170.7		182;196637;197308;+;215.7	183;197305;198162;+;184.1	184;198171;199343;+;183.5	185;199351;200379;+;111.8	197;208963;210882;-;333.0		pfam	both	A	7/7	canonical	1	0	unscoreable	13	0	0														not_admitted	not_admitted	not_admitted	not_admitted	not_admitted	not_admitted	not_admitted
NZ_CP013519.1	MPF_T	-	437	0	0	GA	1	194;196149;196808;+;22.6	195;196805;197104;+;92.1	196;197110;197448;+;102.8	197;197441;199807;+;170.4	197;197441;199807;+;110.9	198;199804;200505;+;203.3	200;200739;201671;+;170.9		202;201994;202665;+;213.1	203;202662;203519;+;182.4	204;203528;204700;+;184.8	205;204709;205737;+;112.6	216;213364;215283;-;333.9		pfam	both	A	7/7	canonical	1	0	unscoreable	12	0	0														not_admitted	not_admitted	not_admitted	not_admitted	not_admitted	not_admitted	not_admitted
NZ_CP013521.1	MPF_T	-	696	0	0	GA	1	678;733266;733910;-;21.5	677;732948;733247;-;90.1	676;732604;732942;-;98.5	675;730245;732611;-;174.5	675;730245;732611;-;110.8	674;729547;730245;-;201.7	672;728382;729314;-;166.5		671;727386;728072;-;216.6	670;726532;727389;-;183.0	669;725348;726523;-;183.7	668;724317;725339;-;109.1	653;712843;714759;+;326.5		pfam	both	A	7/7	canonical	1	0	unscoreable	15	0	0														not_admitted	not_admitted	not_admitted	not_admitted	not_admitted	not_admitted	not_admitted
NZ_CP013526.1	MPF_T	-	1111	0	0	GA	1		1032;1103482;1103781;-;90.1	1031;1103138;1103476;-;102.0	1030;1100779;1103145;-;172.9	1030;1100779;1103145;-;108.9	1029;1100081;1100782;-;204.4	1027;1098916;1099848;-;165.0		1025;1097923;1098594;-;214.5	1024;1097072;1097926;-;185.7	1023;1095888;1097063;-;180.5	1022;1094884;1095879;-;106.3	1008;1083661;1085580;+;325.8		pfam	both	A	7/7	canonical	1	0	unscoreable	15	0	0														not_admitted	not_admitted	not_admitted	not_admitted	not_admitted	not_admitted	not_admitted
NZ_CP013530.1	MPF_T	-	414	0	0	GA	1	165;179254;179922;+;22.4	166;179919;180218;+;91.2	167;180224;180562;+;104.5	168;180555;182921;+;170.7	168;180555;182921;+;113.0	169;182918;183619;+;202.5	171;183852;184784;+;169.1		173;185109;185780;+;211.4	174;185777;186634;+;186.0	175;186643;187815;+;181.7	176;187824;188852;+;106.4	188;197439;199358;-;333.0		pfam	both	A	7/7	canonical	1	0	unscoreable	13	0	0														not_admitted	not_admitted	not_admitted	not_admitted	not_admitted	not_admitted	not_admitted
NZ_CP013531.1	MPF_T	-	1008	0	0	GA	1		921;976471;976770;-;91.5	920;976127;976465;-;101.2	919;973768;976134;-;175.9	919;973768;976134;-;108.5	918;973070;973771;-;203.2	916;971905;972837;-;165.9		914;970912;971583;-;215.6	913;970061;970915;-;185.7	912;968877;970052;-;181.8	911;967873;968868;-;104.8	897;956618;958537;+;322.9		pfam	both	A	7/7	canonical	1	0	unscoreable	15	0	0														not_admitted	not_admitted	not_admitted	not_admitted	not_admitted	not_admitted	not_admitted
NZ_CP013535.1	MPF_T	-	414	0	0	GA	1	164;179254;179922;+;22.4	165;179919;180218;+;91.2	166;180224;180562;+;104.5	167;180555;182921;+;170.7	167;180555;182921;+;113.3	168;182918;183619;+;202.5	170;183852;184784;+;169.1		172;185109;185780;+;211.4	173;185777;186634;+;186.0	174;186643;187815;+;181.7	175;187824;188852;+;106.4	187;197439;199358;-;333.0		pfam	both	A	7/7	canonical	1	0	unscoreable	13	0	0														not_admitted	not_admitted	not_admitted	not_admitted	not_admitted	not_admitted	not_admitted
NZ_CP013540.1	MPF_T	-	418	0	0	GA	1	175;198784;199452;+;22.4	176;199449;199748;+;91.2	177;199754;200092;+;104.5	178;200085;202451;+;170.7	178;200085;202451;+;113.0	179;202448;203149;+;202.5	181;203382;204314;+;169.1		183;204639;205310;+;211.4	184;205307;206164;+;186.0	185;206173;207345;+;181.7	186;207354;208382;+;106.4	198;216969;218888;-;333.0		pfam	both	A	7/7	canonical	1	0	unscoreable	13	0	0														not_admitted	not_admitted	not_admitted	not_admitted	not_admitted	not_admitted	not_admitted
NZ_CP013541.1	MPF_T	-	1058	0	0	GA	1		974;1046144;1046443;-;90.8	973;1045800;1046138;-;102.3	972;1043441;1045807;-;175.6	972;1043441;1045807;-;109.5	971;1042743;1043444;-;203.0	969;1041578;1042510;-;165.0		967;1040585;1041256;-;215.2	966;1039734;1040588;-;185.7	965;1038550;1039725;-;180.2	964;1037546;1038541;-;106.3	951;1026307;1028226;+;322.7		pfam	both	A	7/7	canonical	1	0	unscoreable	14	0	0														not_admitted	not_admitted	not_admitted	not_admitted	not_admitted	not_admitted	not_admitted
NZ_CP013544.1	MPF_T	-	351	0	0	GA	1	119;127885;128544;+;22.6	120;128541;128840;+;92.1	121;128846;129184;+;102.8	122;129177;131543;+;170.4	122;129177;131543;+;110.9	123;131540;132241;+;203.3	125;132475;133407;+;170.9		127;133730;134401;+;213.1	128;134398;135255;+;182.4	129;135264;136436;+;184.8	130;136445;137473;+;112.6	141;145103;147022;-;333.6		pfam	both	A	7/7	canonical	1	0	unscoreable	12	0	0														not_admitted	not_admitted	not_admitted	not_admitted	not_admitted	not_admitted	not_admitted
NZ_CP013546.1	MPF_T	-	1001	0	0	GA	1		914;982381;982680;-;90.8	913;982037;982375;-;102.1	912;979678;982044;-;175.9	912;979678;982044;-;108.5	911;978980;979681;-;203.2	909;977815;978747;-;165.9		907;976823;977494;-;215.6	906;975972;976826;-;185.7	905;974788;975963;-;181.3	904;973784;974779;-;105.6	892;963139;965058;+;324.4		pfam	both	A	7/7	canonical	1	0	unscoreable	13	0	0														not_admitted	not_admitted	not_admitted	not_admitted	not_admitted	not_admitted	not_admitted
NZ_CP013550.1	MPF_T	-	391	0	0	GA	1	164;179254;179922;+;22.4	165;179919;180218;+;91.2	166;180224;180562;+;104.5	167;180555;182921;+;170.7	167;180555;182921;+;113.3	168;182918;183619;+;202.5	170;183852;184784;+;169.1		172;185109;185780;+;211.4	173;185777;186634;+;186.0	174;186643;187815;+;181.7	175;187824;188852;+;106.4	187;197439;199358;-;333.0		pfam	both	A	7/7	canonical	1	0	unscoreable	13	0	0														not_admitted	not_admitted	not_admitted	not_admitted	not_admitted	not_admitted	not_admitted
NZ_CP013555.1	MPF_T	-	434	0	0	GA	1		182;210015;210314;+;91.2	183;210320;210658;+;104.5	184;210651;213017;+;174.3	184;210651;213017;+;113.7	185;213014;213715;+;201.4	187;213930;214862;+;170.7		189;215187;215858;+;215.7	190;215855;216712;+;184.1	191;216721;217893;+;183.5	192;217901;218929;+;111.8	205;227512;229431;-;333.0		pfam	both	A	7/7	canonical	1	0	unscoreable	14	0	0														not_admitted	not_admitted	not_admitted	not_admitted	not_admitted	not_admitted	not_admitted
NZ_CP013556.1	MPF_T	-	1101	0	0	GA	1		1015;1067696;1067914;-;50.0	1013;1067272;1067610;-;102.2	1012;1065747;1067279;-;176.7	1012;1065747;1067279;-;109.3										none	none	D	1/7	uncallable	0	0	unscoreable	1	0	0														not_admitted	not_admitted	not_admitted	not_admitted	not_admitted	not_admitted	not_admitted
NZ_CP013561.1	MPF_T	-	415	0	0	GA	1		174;191465;191764;+;91.2	175;191770;192108;+;104.5	176;192101;194467;+;174.3	176;192101;194467;+;113.7	177;194464;195165;+;201.4	179;195380;196312;+;170.7		181;196637;197308;+;215.7	182;197305;198162;+;184.1	183;198171;199343;+;183.5	184;199351;200379;+;111.8	196;208963;210882;-;333.0		pfam	both	A	7/7	canonical	1	0	unscoreable	13	0	0														not_admitted	not_admitted	not_admitted	not_admitted	not_admitted	not_admitted	not_admitted
NZ_CP013562.1	MPF_T	-	1148	0	0	GA	1		1062;1103185;1103484;-;90.8	1061;1102841;1103179;-;102.2	1060;1100482;1102848;-;171.4	1060;1100482;1102848;-;108.9	1059;1099784;1100485;-;201.8	1057;1098619;1099551;-;165.0		1055;1097626;1098297;-;213.1	1054;1096775;1097629;-;185.7	1053;1095591;1096766;-;180.1	1052;1094587;1095582;-;105.6	1039;1083327;1085246;+;323.7		pfam	both	A	7/7	canonical	1	0	unscoreable	14	0	0														not_admitted	not_admitted	not_admitted	not_admitted	not_admitted	not_admitted	not_admitted
NZ_CP013566.1	MPF_T	-	435	0	0	GA	1		183;210016;210315;+;91.2	184;210321;210659;+;104.5	185;210652;213018;+;174.3	185;210652;213018;+;113.7	186;213015;213716;+;201.4	188;213931;214863;+;170.7		190;215188;215859;+;215.7	191;215856;216713;+;184.1	192;216722;217894;+;183.5	193;217902;218930;+;111.8	206;227513;229432;-;333.0		pfam	both	A	7/7	canonical	1	0	unscoreable	14	0	0														not_admitted	not_admitted	not_admitted	not_admitted	not_admitted	not_admitted	not_admitted
NZ_CP013567.1	MPF_T	-	1101	0	0	GA	1		1015;1067696;1067914;-;50.0	1013;1067272;1067610;-;102.2	1012;1065747;1067279;-;176.7	1012;1065747;1067279;-;109.3										none	none	D	1/7	uncallable	0	0	unscoreable	1	0	0														not_admitted	not_admitted	not_admitted	not_admitted	not_admitted	not_admitted	not_admitted
NZ_CP013572.1	MPF_T	-	433	0	0	GA	1	188;214273;214941;+;22.4	189;214938;215237;+;91.2	190;215243;215581;+;104.5	191;215574;217940;+;170.7	191;215574;217940;+;113.0	192;217937;218638;+;202.5	194;218871;219803;+;169.1		196;220128;220799;+;211.4	197;220796;221653;+;186.0	198;221662;222834;+;181.7	199;222843;223871;+;106.4	211;232458;234377;-;333.0		pfam	both	A	7/7	canonical	1	0	unscoreable	13	0	0														not_admitted	not_admitted	not_admitted	not_admitted	not_admitted	not_admitted	not_admitted
NZ_CP013573.1	MPF_T	-	1115	0	0	GA	1		1025;1089112;1089411;-;90.8	1024;1088768;1089106;-;102.1	1023;1086409;1088775;-;175.9	1023;1086409;1088775;-;108.5	1022;1085711;1086412;-;203.2	1020;1084546;1085478;-;165.9		1018;1083554;1084225;-;215.6	1017;1082703;1083557;-;185.7	1016;1081519;1082694;-;181.3	1015;1080515;1081510;-;101.2	1003;1069870;1071789;+;324.4		pfam	both	A	7/7	canonical	1	0	unscoreable	13	0	0														not_admitted	not_admitted	not_admitted	not_admitted	not_admitted	not_admitted	not_admitted
NZ_CP013578.1	MPF_T	-	433	0	0	GA	1	188;214273;214941;+;22.4	189;214938;215237;+;91.2	190;215243;215581;+;104.5	191;215574;217940;+;170.7	191;215574;217940;+;113.0	192;217937;218638;+;202.5	194;218871;219803;+;169.1		196;220128;220799;+;211.4	197;220796;221653;+;186.0	198;221662;222834;+;181.7	199;222843;223871;+;106.4	211;232458;234377;-;333.0		pfam	both	A	7/7	canonical	1	0	unscoreable	13	0	0														not_admitted	not_admitted	not_admitted	not_admitted	not_admitted	not_admitted	not_admitted
NZ_CP013579.1	MPF_T	-	1115	0	0	GA	1		1025;1089112;1089411;-;90.8	1024;1088768;1089106;-;102.1	1023;1086409;1088775;-;175.9	1023;1086409;1088775;-;108.5	1022;1085711;1086412;-;203.2	1020;1084546;1085478;-;165.9		1018;1083554;1084225;-;215.6	1017;1082703;1083557;-;185.7	1016;1081519;1082694;-;181.3	1015;1080515;1081510;-;101.2	1003;1069870;1071789;+;324.4		pfam	both	A	7/7	canonical	1	0	unscoreable	13	0	0														not_admitted	not_admitted	not_admitted	not_admitted	not_admitted	not_admitted	not_admitted
NZ_CP013583.1	MPF_T	-	414	0	0	GA	1	165;179254;179922;+;22.4	166;179919;180218;+;91.2	167;180224;180562;+;104.5	168;180555;182921;+;170.7	168;180555;182921;+;113.0	169;182918;183619;+;202.5	171;183852;184784;+;169.1		173;185109;185780;+;211.4	174;185777;186634;+;186.0	175;186643;187815;+;181.7	176;187824;188852;+;106.4	188;197439;199358;-;333.0		pfam	both	A	7/7	canonical	1	0	unscoreable	13	0	0														not_admitted	not_admitted	not_admitted	not_admitted	not_admitted	not_admitted	not_admitted
NZ_CP013584.1	MPF_T	-	1009	0	0	GA	1		922;976470;976769;-;91.5	921;976126;976464;-;101.2	920;973767;976133;-;175.9	920;973767;976133;-;108.5	919;973069;973770;-;203.2	917;971904;972836;-;165.9		915;970911;971582;-;215.6	914;970060;970914;-;185.7	913;968876;970051;-;181.8	912;967872;968867;-;104.8	898;956617;958536;+;322.9		pfam	both	A	7/7	canonical	1	0	unscoreable	15	0	0														not_admitted	not_admitted	not_admitted	not_admitted	not_admitted	not_admitted	not_admitted
NZ_CP013587.1	MPF_T	-	382	0	0	GA	1		139;158529;158828;+;91.1	140;158834;159172;+;103.9	141;159165;161531;+;175.5	141;159165;161531;+;112.3	142;161528;162229;+;204.4	144;162462;163394;+;170.9		146;163717;164388;+;212.0	147;164385;165242;+;187.0	148;165251;166423;+;182.5	149;166432;167460;+;111.3	161;175086;177005;-;334.1		pfam	both	A	7/7	canonical	1	0	unscoreable	13	0	0														not_admitted	not_admitted	not_admitted	not_admitted	not_admitted	not_admitted	not_admitted
NZ_CP013589.1	MPF_T	-	971	0	0	GA	1		893;956152;956451;-;90.8	892;955808;956146;-;102.0	891;953449;955815;-;175.5	891;953449;955815;-;109.1	890;952751;953452;-;204.1	888;951586;952518;-;166.8		886;950594;951265;-;216.4	885;949743;950597;-;185.6	884;948559;949734;-;182.4	883;947555;948550;-;106.3	871;936918;938837;+;324.2		pfam	both	A	7/7	canonical	1	0	unscoreable	13	0	0														not_admitted	not_admitted	not_admitted	not_admitted	not_admitted	not_admitted	not_admitted
NZ_CP013592.1	MPF_T	-	433	0	0	GA	1	193;196072;196731;+;22.6	194;196728;197027;+;92.1	195;197033;197371;+;102.8	196;197364;199730;+;170.4	196;197364;199730;+;110.9	197;199727;200428;+;203.3	199;200662;201594;+;170.9		201;201917;202588;+;213.1	202;202585;203442;+;182.4	203;203451;204623;+;184.8	204;204632;205660;+;112.6	215;213287;215206;-;333.9		pfam	both	A	7/7	canonical	1	0	unscoreable	12	0	0														not_admitted	not_admitted	not_admitted	not_admitted	not_admitted	not_admitted	not_admitted
NZ_CP013594.1	MPF_T	-	692	0	0	GA	1	674;730590;731234;-;21.5	673;730272;730571;-;90.1	672;729928;730266;-;98.5	671;727569;729935;-;174.5	671;727569;729935;-;110.8	670;726871;727569;-;201.7	668;725706;726638;-;166.5		667;724710;725396;-;216.6	666;723856;724713;-;183.0	665;722672;723847;-;183.7	664;721641;722663;-;109.1	649;710167;712083;+;326.5		pfam	both	A	7/7	canonical	1	0	unscoreable	15	0	0														not_admitted	not_admitted	not_admitted	not_admitted	not_admitted	not_admitted	not_admitted
NZ_CP013598.1	MPF_T	-	434	0	0	GA	1	193;196150;196809;+;22.6	194;196806;197105;+;92.1	195;197111;197449;+;102.8	196;197442;199808;+;170.4	196;197442;199808;+;110.9	197;199805;200506;+;203.3	199;200740;201672;+;170.9		201;201995;202666;+;213.1	202;202663;203520;+;182.4	203;203529;204701;+;184.8	204;204710;205738;+;112.6	215;213365;215284;-;333.9		pfam	both	A	7/7	canonical	1	0	unscoreable	12	0	0														not_admitted	not_admitted	not_admitted	not_admitted	not_admitted	not_admitted	not_admitted
NZ_CP013600.1	MPF_T	-	693	0	0	GA	1	675;730578;731222;-;21.5	674;730260;730559;-;90.1	673;729916;730254;-;98.5	672;727557;729923;-;174.5	672;727557;729923;-;110.8	671;726859;727557;-;201.7	669;725694;726626;-;166.5		668;724698;725384;-;216.6	667;723844;724701;-;183.0	666;722660;723835;-;183.7	665;721629;722651;-;109.1	650;710155;712071;+;326.5		pfam	both	A	7/7	canonical	1	0	unscoreable	15	0	0														not_admitted	not_admitted	not_admitted	not_admitted	not_admitted	not_admitted	not_admitted
NZ_CP013604.1	MPF_T	-	419	0	0	GA	1		177;191467;191766;+;91.2	178;191772;192110;+;104.5	179;192103;194469;+;174.3	179;192103;194469;+;113.7	180;194466;195167;+;201.4	182;195382;196314;+;170.7		184;196639;197310;+;215.7	185;197307;198164;+;184.1	186;198173;199345;+;183.5	187;199353;200381;+;111.8	199;208965;210884;-;333.0		pfam	both	A	7/7	canonical	1	0	unscoreable	13	0	0														not_admitted	not_admitted	not_admitted	not_admitted	not_admitted	not_admitted	not_admitted
NZ_CP013613.1	-	-	60	0	0	GA	0															not_admitted	not_admitted	not_admitted	not_admitted	not_admitted	not_admitted	not_admitted	not_admitted	not_admitted	not_admitted	1	12;13639;14796;+;269.0	30;37958;39337;-;158.4	31;39334;40329;-;166.3	51;59635;62214;+;148.4	29;30072;37955;-;131.4	44;52367;53746;+;91.6	51;59635;62214;+;63.6	42;50595;51251;+;59.4	10;11977;13389;+;53.9	13;14801;17962;+;66.8	37;45903;47864;+;49.9	50;58880;59635;+;71.0	37;45903;47864;+;52.5	A	9/9	contiguous	47658	1	1	28948..29964-;338;unnamed;0
NZ_CP013633.1	MPF_T	-	431	0	0	GA	1	178;189659;190327;+;22.9	179;190324;190623;+;91.2	180;190629;190967;+;103.9	181;190960;193326;+;177.9	181;190960;193326;+;112.3	182;193323;194024;+;203.9	184;194257;195189;+;171.2		185;195520;196191;+;210.4	186;196188;197045;+;185.0	187;197054;198226;+;183.5	188;198235;199263;+;109.4	200;206886;208805;-;332.7		pfam	both	A	7/7	canonical	1	0	unscoreable	12	0	0														not_admitted	not_admitted	not_admitted	not_admitted	not_admitted	not_admitted	not_admitted
NZ_CP013657.1	MPF_F	IncFIA;IncFII	158	0	0	GA	0															not_admitted	not_admitted	not_admitted	not_admitted	not_admitted	not_admitted	not_admitted	not_admitted	not_admitted	not_admitted	1		113;97223;98596;+;381.7	108;94550;95293;+;234.4	95;80842;83472;+;300.9	114;98593;101415;+;374.0	89;77262;78689;+;93.6	95;80842;83472;+;101.1	87;75981;76547;+;182.7	105;91788;92426;+;68.6	106;92423;94273;+;266.1	118;103687;105885;+;391.2	93;79811;80326;+;76.0	118;103687;105885;+;70.3	B	8/9	contiguous	27706	1	1	101437..101916+;159;TraS;0
NZ_CP013664.1	MPF_T	-	68	0	0	GA	1	33;33079;33981;-;38.9	44;42819;43196;-;71.2	43;42523;42822;-;50.8	42;39867;42536;-;66.0	42;39867;42536;-;82.7	41;39202;39864;-;70.7	38;37701;38567;-;148.5		37;37030;37704;-;92.1	36;36223;37005;-;199.4	35;35001;36221;-;174.5	34;33968;34990;-;112.7	27;26776;28350;+;70.4		pfam	both	A	7/7	canonical	1	0	unscoreable	7	0	0														not_admitted	not_admitted	not_admitted	not_admitted	not_admitted	not_admitted	not_admitted
NZ_CP013669.1	-	-	63	0	0	GA	0															not_admitted	not_admitted	not_admitted	not_admitted	not_admitted	not_admitted	not_admitted	not_admitted	not_admitted	not_admitted	1	45;42588;43577;-;368.0	40;37338;38720;-;327.0	42;39201;40013;-;161.8	48;44626;47205;-;182.3	39;34547;37315;-;245.8	50;47667;49136;-;59.7	48;44626;47205;-;95.9	52;49843;50412;-;93.5	44;41914;42579;-;80.6	43;40010;41917;-;242.6	35;31020;33017;-;333.7	49;47218;47664;-;33.9	35;31020;33017;-;71.7	A	9/9	contiguous	18823	1	1	34159..34557-;132;unnamed;1
NZ_CP013734.1	MPF_T	-	53	0	0	GA	1				51;34802;37252;+;104.3		33;22774;23730;+;31.3	11;8637;9785;+;93.4		0;1;678;+;112.8	1;678;1748;+;97.7	2;1745;2866;+;144.0	5;3693;4676;+;101.0	7;5090;6976;+;243.8		pfam	pfam_only	A	7/7	rearranged	1	0	unscoreable	6	0	0														not_admitted	not_admitted	not_admitted	not_admitted	not_admitted	not_admitted	not_admitted
NZ_CP013735.1	MPF_T	-	34	0	0	GA	1		12;8395;8658;+;54.5	13;8677;11445;+;73.3	13;8677;11445;+;178.6	13;8677;11445;+;86.1	18;13330;14301;+;81.8	19;14298;15296;+;116.3		21;15443;16105;+;177.6	22;16102;16989;+;158.6	23;17016;18191;+;165.9	24;18172;19164;+;93.2	25;19165;20976;+;348.4		pfam	pfam_only	A	7/7	canonical	1	1	unscoreable	5	0	0														not_admitted	not_admitted	not_admitted	not_admitted	not_admitted	not_admitted	not_admitted
NZ_CP013736.1	MPF_T	-	35	0	0	GA	1	7;5815;6360;-;54.1	19;16495;16791;-;64.2	18;16208;16495;-;45.7	17;13739;16204;-;92.3	17;13739;16204;-;88.8	14;11126;11878;-;61.2	12;9690;10904;-;50.4		11;8974;9669;-;121.0	10;8038;8961;-;167.1	8;6353;7594;-;214.7	20;16801;17739;-;132.3	2;1191;3014;-;321.1		conjscan	both	A	7/7	canonical	1	0	unscoreable	9	0	0														not_admitted	not_admitted	not_admitted	not_admitted	not_admitted	not_admitted	not_admitted
NZ_CP013758.1	-	-	94	0	0	GA	0															not_admitted	not_admitted	not_admitted	not_admitted	not_admitted	not_admitted	not_admitted	not_admitted	not_admitted	not_admitted	1	48;41114;42085;+;367.6	53;45949;47331;+;317.9	51;44656;45468;+;167.0	42;36482;39016;+;179.1	54;47354;50122;+;247.6	39;33360;34829;+;60.3	42;36482;39016;+;95.8	37;32084;32653;+;95.6	49;42096;42764;+;77.9	50;42764;44659;+;236.9	58;52200;54194;+;347.1	40;34835;35278;+;35.1	58;52200;54194;+;74.4	A	9/9	contiguous	20116	0	1	
NZ_CP013764.1	-	-	93	0	0	GA	0															not_admitted	not_admitted	not_admitted	not_admitted	not_admitted	not_admitted	not_admitted	not_admitted	not_admitted	not_admitted	1	60;60221;61192;-;367.6	55;54975;56357;-;317.9	57;56838;57650;-;167.0	66;63290;65824;-;179.1	54;52184;54952;-;247.6	70;67476;68945;-;60.3	66;63290;65824;-;95.8	72;69652;70221;-;95.6	59;59542;60210;-;77.9	58;57647;59542;-;236.9	50;48112;50106;-;347.1	69;67027;67470;-;35.1	50;48112;50106;-;74.4	A	9/9	contiguous	21540	0	1	
NZ_CP013784.1	-	-	62	0	0	GA	0															not_admitted	not_admitted	not_admitted	not_admitted	not_admitted	not_admitted	not_admitted	not_admitted	not_admitted	not_admitted	1	31;31906;32895;-;368.0	26;26656;28038;-;327.0	28;28519;29331;-;161.8	34;33944;36523;-;182.3	25;23865;26633;-;245.8	36;36985;38454;-;59.7	34;33944;36523;-;95.9	38;39161;39730;-;93.5	30;31232;31897;-;80.6	29;29328;31235;-;242.6	21;20338;22335;-;333.7	35;36536;36982;-;33.9	21;20338;22335;-;71.7	A	9/9	contiguous	18823	1	1	23477..23875-;132;unnamed;1
NZ_CP013789.1	-	-	61	0	0	GA	0															not_admitted	not_admitted	not_admitted	not_admitted	not_admitted	not_admitted	not_admitted	not_admitted	not_admitted	not_admitted	1	30;31918;32907;-;368.0	25;26668;28050;-;327.0	27;28531;29343;-;161.8	33;33956;36535;-;182.3	24;23877;26645;-;245.8	35;36997;38466;-;59.7	33;33956;36535;-;95.9	37;39173;39742;-;93.5	29;31244;31909;-;80.6	28;29340;31247;-;242.6	20;20350;22347;-;333.7	34;36548;36994;-;33.9	20;20350;22347;-;71.7	A	9/9	contiguous	18823	1	1	23489..23887-;132;unnamed;1
NZ_CP013793.1	-	-	64	0	0	GA	0															not_admitted	not_admitted	not_admitted	not_admitted	not_admitted	not_admitted	not_admitted	not_admitted	not_admitted	not_admitted	1	27;29323;30312;-;368.0	21;22967;24349;-;327.0	23;24830;25642;-;161.8	30;31361;33940;-;182.3	20;20176;22944;-;245.8	32;34402;35871;-;59.7	30;31361;33940;-;95.9	34;36578;37087;-;91.3	26;28649;29314;-;80.6	25;26838;28652;-;242.7	16;16649;18646;-;333.7	31;33953;34399;-;33.9	16;16649;18646;-;71.7	A	9/9	contiguous	19929	1	1	19788..20186-;132;unnamed;1
NZ_CP013795.1	MPF_T	-	52	0	0	GA	1		32;26091;26426;+;67.7	33;26439;26756;+;78.1	34;26753;29212;+;155.4	34;26753;29212;+;86.9	35;29209;29841;+;107.3	37;30123;31133;+;172.3		39;31515;32255;+;153.7	40;32257;33093;+;202.6	41;33090;34319;+;188.8	42;34300;35331;+;89.6	43;35297;37234;+;379.0		pfam	both	A	7/7	canonical	1	0	unscoreable	2	0	0														not_admitted	not_admitted	not_admitted	not_admitted	not_admitted	not_admitted	not_admitted
NZ_CP013798.1	-	-	65	0	0	GA	0															not_admitted	not_admitted	not_admitted	not_admitted	not_admitted	not_admitted	not_admitted	not_admitted	not_admitted	not_admitted	1	18;13549;14538;+;368.0	24;19512;20894;+;327.0	22;18219;19031;+;161.8	15;9921;12500;+;182.3	25;20917;23685;+;245.8	13;7990;9459;+;59.7	15;9921;12500;+;95.9	11;6774;7283;+;91.3	19;14547;15212;+;80.6	20;15209;17023;+;242.7	29;25891;27210;+;284.2	14;9462;9908;+;33.9	29;25891;27210;+;72.3	A	9/9	contiguous	19117	1	1	23675..24073+;132;unnamed;1
NZ_CP013802.1	-	-	61	0	0	GA	0															not_admitted	not_admitted	not_admitted	not_admitted	not_admitted	not_admitted	not_admitted	not_admitted	not_admitted	not_admitted	1	36;29928;30917;+;368.0	41;34785;36167;+;327.0	39;33492;34304;+;161.8	33;26300;28879;+;182.3	42;36190;38958;+;245.8	31;24369;25838;+;59.7	33;26300;28879;+;95.9	29;23093;23662;+;93.5	37;30926;31591;+;80.6	38;31588;33495;+;242.6	46;40488;42485;+;333.7	32;25841;26287;+;33.9	46;40488;42485;+;71.7	A	9/9	contiguous	17395	1	1	38948..39346+;132;unnamed;1
NZ_CP013809.1	-	-	62	0	0	GA	0															not_admitted	not_admitted	not_admitted	not_admitted	not_admitted	not_admitted	not_admitted	not_admitted	not_admitted	not_admitted	1	31;31915;32904;-;368.0	26;26665;28047;-;327.0	28;28528;29340;-;161.8	34;33953;36532;-;182.3	25;23874;26642;-;245.8	36;36994;38463;-;59.7	34;33953;36532;-;95.9	38;39170;39739;-;93.5	30;31241;31906;-;80.6	29;29337;31244;-;242.6	21;20347;22344;-;333.7	35;36545;36991;-;33.9	21;20347;22344;-;71.7	A	9/9	contiguous	18823	1	1	23486..23884-;132;unnamed;1
NZ_CP013812.1	-	-	63	0	0	GA	0															not_admitted	not_admitted	not_admitted	not_admitted	not_admitted	not_admitted	not_admitted	not_admitted	not_admitted	not_admitted	1	26;29328;30317;-;368.0	20;22972;24354;-;327.0	22;24835;25647;-;161.8	29;31366;33945;-;182.3	19;20181;22949;-;245.8	31;34407;35876;-;59.7	29;31366;33945;-;95.9	33;36583;37092;-;91.3	25;28654;29319;-;80.6	24;26843;28657;-;242.7	15;16654;18651;-;333.7	30;33958;34404;-;33.9	15;16654;18651;-;71.7	A	9/9	contiguous	19929	1	1	19793..20191-;132;unnamed;1
NZ_CP013814.1	MPF_T	-	52	0	0	GA	1		32;26091;26426;+;67.7	33;26439;26756;+;78.1	34;26753;29212;+;155.4	34;26753;29212;+;86.9	35;29209;29841;+;107.3	37;30123;31133;+;172.3		39;31515;32255;+;153.7	40;32257;33093;+;202.6	41;33090;34319;+;188.8	42;34300;35331;+;89.6	43;35297;37234;+;379.0		pfam	both	A	7/7	canonical	1	0	unscoreable	2	0	0														not_admitted	not_admitted	not_admitted	not_admitted	not_admitted	not_admitted	not_admitted
NZ_CP013817.1	-	-	63	0	0	GA	0															not_admitted	not_admitted	not_admitted	not_admitted	not_admitted	not_admitted	not_admitted	not_admitted	not_admitted	not_admitted	1	26;29328;30317;-;368.0	20;22972;24354;-;327.0	22;24835;25647;-;161.8	29;31366;33945;-;182.3	19;20181;22949;-;245.8	31;34407;35876;-;59.7	29;31366;33945;-;95.9	33;36583;37092;-;91.3	25;28654;29319;-;80.6	24;26843;28657;-;242.7	15;16654;18651;-;333.7	30;33958;34404;-;33.9	15;16654;18651;-;71.7	A	9/9	contiguous	19929	1	1	19793..20191-;132;unnamed;1
NZ_CP013819.1	MPF_T	-	52	0	0	GA	1		32;26091;26426;+;67.7	33;26439;26756;+;78.1	34;26753;29212;+;155.4	34;26753;29212;+;86.9	35;29209;29841;+;107.3	37;30123;31133;+;172.3		39;31515;32255;+;153.7	40;32257;33093;+;202.6	41;33090;34319;+;188.8	42;34300;35331;+;89.6	43;35297;37234;+;379.0		pfam	both	A	7/7	canonical	1	0	unscoreable	2	0	0														not_admitted	not_admitted	not_admitted	not_admitted	not_admitted	not_admitted	not_admitted
NZ_CP013832.1	MPF_F	IncFIA;IncFIB(AP001918);IncFII	168	0	0	GA	0															not_admitted	not_admitted	not_admitted	not_admitted	not_admitted	not_admitted	not_admitted	not_admitted	not_admitted	not_admitted	1	118;105350;106342;-;369.5	104;95702;97075;-;382.9	113;101543;102286;-;234.4	121;107351;109978;-;300.9	103;92886;95705;-;385.4	127;112130;113557;-;93.9	121;107351;109978;-;101.1	129;114272;114838;-;182.7	116;104368;105006;-;70.7	115;102563;104371;-;267.1	100;89156;91354;-;380.8	123;110494;111009;-;76.0	100;89156;91354;-;66.5	A	9/9	contiguous	25116	1	1	92370..92861-;163;TraS;0
NZ_CP013833.1	MPF_F	IncFIA;IncFII	143	0	0	GA	0															not_admitted	not_admitted	not_admitted	not_admitted	not_admitted	not_admitted	not_admitted	not_admitted	not_admitted	not_admitted	1	51;41594;42586;+;369.5	62;48066;49439;+;382.9	57;45396;46139;+;234.4	48;37946;40585;+;300.9	63;49436;52255;+;385.4	42;34366;35793;+;93.9	48;37946;40585;+;101.1	40;33085;33651;+;182.7	54;43250;43543;+;49.8	55;43599;45119;+;267.7	65;53786;55993;+;380.8	46;36915;37430;+;76.0	65;53786;55993;+;66.5	A	9/9	contiguous	20701	1	1	52280..53533+;417;TraS;0
NZ_CP013917.1	-	-	132	0	0	GA	0															not_admitted	not_admitted	not_admitted	not_admitted	not_admitted	not_admitted	not_admitted	not_admitted	not_admitted	not_admitted	1		120;108728;110194;+;369.3	119;107814;108728;+;235.4	118;105327;107765;+;468.3	121;110207;112978;+;372.5		118;105327;107765;+;88.2	115;103569;104141;+;168.1						D	5/9	contiguous	6638	0	0	
NZ_CP013925.1	-	-	64	0	0	GA	0															not_admitted	not_admitted	not_admitted	not_admitted	not_admitted	not_admitted	not_admitted	not_admitted	not_admitted	not_admitted	1	11;12387;13424;-;362.7	7;6719;8143;-;304.1	8;8153;8977;-;226.2	15;15013;17622;-;180.9	6;3737;6703;-;198.8	18;19039;20358;-;108.0	15;15013;17622;-;108.7	20;21078;21650;-;107.7	10;11647;12375;-;95.9	9;8964;11654;-;112.6	29;28777;30906;-;395.2	16;17627;18319;-;37.8	29;28777;30906;-;86.9	A	9/9	contiguous	25040	1	1	3144..3692-;182;unnamed;0
NZ_CP013945.1	-	-	63	0	0	GA	0															not_admitted	not_admitted	not_admitted	not_admitted	not_admitted	not_admitted	not_admitted	not_admitted	not_admitted	not_admitted	1	30;23919;24908;+;368.0	35;28776;30158;+;327.0	33;27483;28295;+;161.8	27;20291;22870;+;182.3	36;30181;32949;+;245.8	25;18360;19829;+;59.7	27;20291;22870;+;95.9	23;17084;17653;+;93.5	31;24917;25582;+;80.6	32;25579;27486;+;242.6	40;34479;36476;+;333.7	26;19832;20278;+;33.9	40;34479;36476;+;71.7	A	9/9	contiguous	17395	1	1	32939..33337+;132;unnamed;1
NZ_CP013966.1	MPF_F	-	171	0	0	GA	0															not_admitted	not_admitted	not_admitted	not_admitted	not_admitted	not_admitted	not_admitted	not_admitted	not_admitted	not_admitted	1	69;66082;67086;-;335.2	162;143302;144744;-;313.9	163;144748;145788;-;213.9	74;69840;72284;-;329.9	161;139744;143289;-;370.3	79;79803;81119;-;132.7	74;69840;72284;-;129.3	81;82005;82640;-;86.5	71;67757;69019;-;62.5	68;63293;66073;-;136.5	94;88245;90116;-;46.4	78;79234;79806;-;92.5	94;88245;90116;-;53.0	A	9/9	split_2	81455	0	1	
NZ_CP013978.1	-	-	67	0	0	GA	0															not_admitted	not_admitted	not_admitted	not_admitted	not_admitted	not_admitted	not_admitted	not_admitted	not_admitted	not_admitted	1	54;49868;50857;+;368.0	59;54725;56107;+;327.0	57;53432;54244;+;161.8	51;46240;48819;+;182.3	60;56130;58898;+;245.8	49;44309;45778;+;59.7	51;46240;48819;+;95.9	47;43093;43602;+;91.3	55;50866;51531;+;80.6	56;51528;53435;+;242.6	2;1449;3446;+;333.7	50;45781;46227;+;33.9	2;1449;3446;+;71.7	A	9/9	split_2	54681	1	1	58888..59286+;132;unnamed;1
NZ_CP013986.1	MPF_F	IncFIB(K)(pCAV1099-114);IncFII(K)	170	0	0	GA	0															not_admitted	not_admitted	not_admitted	not_admitted	not_admitted	not_admitted	not_admitted	not_admitted	not_admitted	not_admitted	1	150;150119;151111;-;363.2	139;142870;144237;-;382.8	143;145495;146247;-;235.0	153;152137;154776;-;259.2	138;140027;142870;-;338.1	162;158178;159602;-;86.0	153;152137;154776;-;84.5	164;160329;160895;-;168.4	149;149468;150106;-;64.6	147;147136;149091;-;257.8	135;135650;137977;-;392.6	161;157408;157965;-;53.2	135;135650;137977;-;66.5	A	9/9	contiguous	24679	1	1	139483..140016-;177;unnamed;0
NZ_CP014005.1	MPF_F	IncFII(K);repB(R1701)	127	0	0	GA	0															not_admitted	not_admitted	not_admitted	not_admitted	not_admitted	not_admitted	not_admitted	not_admitted	not_admitted	not_admitted	1	34;21543;22532;+;366.6	44;28079;29446;+;384.0	40;26069;26821;+;233.7	30;17461;20100;+;258.5	45;29446;32295;+;346.4	21;12067;13491;+;89.2	30;17461;20100;+;88.2	19;10774;11340;+;169.3	35;22545;23183;+;66.9	36;23242;25197;+;259.7	49;34757;37069;+;393.1	22;13605;14189;+;53.6	49;34757;37069;+;66.6	A	9/9	contiguous	23983	1	1	32298..32831+;177;unnamed;0
NZ_CP014006.1	MPF_T	IncX3	58	0	0	GA	1	40;28833;29477;+;46.4	41;29461;29751;+;73.1	42;29776;32529;+;47.0	42;29776;32529;+;142.4	42;29776;32529;+;73.3	43;32539;33309;+;58.7	45;33588;34643;+;133.2		46;34838;35566;+;119.4	47;35572;36501;+;138.8	48;36498;37712;+;128.3	50;37908;38942;+;65.7	51;38945;40780;+;495.9		pfam	pfam_only	A	7/7	canonical	1	1	unscoreable	2	0	0														not_admitted	not_admitted	not_admitted	not_admitted	not_admitted	not_admitted	not_admitted
NZ_CP014050.2	MPF_F	IncFIB(S);IncFII(S);IncFII(pAR0022)	115	0	0	GA	0															not_admitted	not_admitted	not_admitted	not_admitted	not_admitted	not_admitted	not_admitted	not_admitted	not_admitted	not_admitted	1	23;14700;15692;+;366.7	32;20940;22322;+;392.4	29;19159;19908;+;231.0	20;11065;13713;+;314.1	33;22319;25141;+;394.4	12;7111;8532;+;91.5	20;11065;13713;+;97.8	10;5818;6384;+;185.6	25;16004;16642;+;70.6	27;17095;18921;+;271.0	36;26795;29038;+;374.0	15;9338;9853;+;96.7	36;26795;29038;+;72.0	A	9/9	contiguous	20977	1	1	25163..25651+;162;TraS;0
NZ_CP014052.1	MPF_F	-	252	0	0	GA	0															not_admitted	not_admitted	not_admitted	not_admitted	not_admitted	not_admitted	not_admitted	not_admitted	not_admitted	not_admitted	1	251;216300;216926;-;255.6	120;105776;107215;-;325.0	121;107217;108251;-;208.0	4;2963;4960;-;195.8	119;102131;105769;-;345.7	12;14286;15635;-;126.0	4;2963;4960;-;134.2	14;16576;17205;-;86.7	1;882;2150;-;65.5	250;213324;216104;-;141.7	20;19551;21419;-;44.9	11;13738;14286;-;85.5	20;19551;21419;-;48.3	A	9/9	split_3	215418	0	1	
NZ_CP014069.2	MPF_T	IncX10	75	0	0	GA	1	36;23106;23750;+;45.7	37;23734;24024;+;73.1	38;24049;26802;+;47.0	38;24049;26802;+;146.6	38;24049;26802;+;65.8	39;26813;27583;+;62.0	41;27862;28917;+;131.2		42;29148;29876;+;119.7	43;29882;30811;+;140.2	44;30808;32019;+;128.3	46;32215;33249;+;65.4	47;33252;35087;+;495.5		pfam	pfam_only	A	7/7	canonical	1	1	unscoreable	2	0	0														not_admitted	not_admitted	not_admitted	not_admitted	not_admitted	not_admitted	not_admitted
NZ_CP014110.1	MPF_F	Col156;IncFIB(AP001918);IncFII(29)	130	0	0	GA	0															not_admitted	not_admitted	not_admitted	not_admitted	not_admitted	not_admitted	not_admitted	not_admitted	not_admitted	not_admitted	1	0;198;1052;-;299.5	119;108404;109777;-;381.7	126;111982;112725;-;233.1	3;2060;4690;-;304.0	118;105585;108407;-;388.5	10;7821;9248;-;93.9	3;2060;4690;-;99.3	12;9963;10529;-;183.1	129;114849;115694;-;67.7	128;113002;114852;-;271.9	114;101169;103313;-;391.3	7;6177;6692;-;73.9	114;101169;103313;-;70.4	A	9/9	split_2	114651	1	1	105084..105563-;159;TraS;0
NZ_CP014112.1	MPF_F	IncFII	80	0	0	GA	0															not_admitted	not_admitted	not_admitted	not_admitted	not_admitted	not_admitted	not_admitted	not_admitted	not_admitted	not_admitted	1	49;45712;46704;-;369.5	39;38560;39933;-;381.7	44;41863;42606;-;234.4	52;47713;50343;-;297.8	38;35738;38563;-;373.4	61;53986;55437;-;93.8	52;47713;50343;-;99.2	63;56152;56718;-;174.3	47;44730;45368;-;68.6	46;42883;44733;-;267.6	34;31244;33496;-;391.7	57;52367;52882;-;81.1	34;31244;33496;-;70.3	A	9/9	contiguous	24908	1	1	35232..35741-;169;unnamed;0
NZ_CP014121.1	MPF_F	IncFIB(K);IncFII(K)	208	0	0	GA	0															not_admitted	not_admitted	not_admitted	not_admitted	not_admitted	not_admitted	not_admitted	not_admitted	not_admitted	not_admitted	1	112;101360;102352;+;366.6	122;107803;109173;+;381.2	118;105849;106601;+;232.4	109;97695;100334;+;258.7	123;109173;112022;+;344.2	100;92456;93880;+;89.2	109;97695;100334;+;88.8	98;91163;91729;+;167.0	113;102365;103003;+;67.0	114;103000;105006;+;259.0	127;113836;116145;+;393.2	102;94492;95061;+;49.7	127;113836;116145;+;65.8	A	9/9	contiguous	22673	1	1	112025..112555+;176;unnamed;0
NZ_CP014126.2	MPF_F	-	99	0	0	GA	0															not_admitted	not_admitted	not_admitted	not_admitted	not_admitted	not_admitted	not_admitted	not_admitted	not_admitted	not_admitted	1	68;54257;55249;+;353.7	76;60177;61544;+;356.3	71;57732;58529;+;220.8	60;48154;50799;+;241.6	77;61537;64632;+;310.8	56;44915;46303;+;104.8	60;48154;50799;+;93.8	54;43582;44190;+;82.9	69;55259;55888;+;58.8	70;55885;57735;+;208.2	80;66638;69241;+;365.6	59;47512;48060;+;40.8	80;66638;69241;+;72.7	A	9/9	contiguous	23056	1	1	64659..65228+;189;unnamed;0
NZ_CP014169.1	MPF_F	-	295	0	0	GA	0															not_admitted	not_admitted	not_admitted	not_admitted	not_admitted	not_admitted	not_admitted	not_admitted	not_admitted	not_admitted	1	263;287984;289003;+;394.6	268;292993;294453;+;369.8	267;292166;292993;+;238.7	257;282920;285511;+;481.0	269;294474;297290;+;356.7	254;279757;281076;+;106.1	257;282920;285511;+;97.3	252;278386;278952;+;194.8	264;289014;289757;+;114.8	265;289754;291586;+;279.8	63;79358;81670;-;548.7	256;282001;282918;+;36.9	63;79358;81670;-;60.2	A	9/9	split_2	215116	0	1	
NZ_CP014216.1	MPF_F	-	101	0	0	GA	0															not_admitted	not_admitted	not_admitted	not_admitted	not_admitted	not_admitted	not_admitted	not_admitted	not_admitted	not_admitted	1	55;38879;39922;+;369.2	60;43901;45328;+;325.8	58;42691;43503;+;219.1	51;34591;37317;+;164.6	61;45344;48346;+;208.7	47;31593;32909;+;102.7	51;34591;37317;+;108.4	45;30302;30880;+;82.6	56;39937;40644;+;107.6	57;40641;42698;+;92.2	27;16550;18709;+;381.4	50;33937;34581;+;41.9	27;16550;18709;+;89.7	A	9/9	contiguous	28794	1	1	48418..48936+;172;unnamed;0
NZ_CP014271.1	MPF_F	IncFIA;IncFIB(AP001918);IncFIC(FII)	237	0	0	GA	0															not_admitted	not_admitted	not_admitted	not_admitted	not_admitted	not_admitted	not_admitted	not_admitted	not_admitted	not_admitted	1	162;149025;150017;+;368.6	173;155703;157076;+;374.3	166;152746;153489;+;234.1	159;145389;148016;+;306.8	174;157073;159889;+;386.1	153;141907;143334;+;94.3	159;145389;148016;+;98.5	151;140626;141192;+;183.8	163;150026;150664;+;67.3	164;150661;152469;+;268.0	177;161452;163605;+;391.1	157;144358;144873;+;77.3	177;161452;163605;+;69.2	A	9/9	contiguous	20826	1	1	159922..160443+;173;unnamed;0
NZ_CP014273.1	MPF_F	IncFIA;IncFIB(AP001918);IncFIC(FII)	213	0	0	GA	0															not_admitted	not_admitted	not_admitted	not_admitted	not_admitted	not_admitted	not_admitted	not_admitted	not_admitted	not_admitted	1	138;129979;130971;+;368.6	149;136657;138030;+;374.3	142;133700;134443;+;234.1	135;126343;128970;+;306.8	150;138027;140843;+;386.1	129;122861;124288;+;94.3	135;126343;128970;+;98.5	127;121580;122146;+;183.8	139;130980;131618;+;67.3	140;131615;133423;+;268.0	153;142406;144559;+;391.1	133;125312;125827;+;77.3	153;142406;144559;+;69.2	A	9/9	contiguous	20826	1	1	140876..141397+;173;unnamed;0
NZ_CP014308.1	-	-	844	0	0	GA	1	12;10624;11292;-;44.2		10;9832;10284;-;32.0	9;7391;9832;-;109.3	9;7391;9832;-;47.0	7;5748;6431;-;126.9	8;6450;7394;-;128.1		5;4158;5210;-;152.3	4;3316;4161;-;177.4	3;2036;3316;-;172.2	2;892;2058;-;77.5	843;792578;793816;-;203.1		pfam	both	A	7/7	canonical	1	0	unscoreable	2	0	0														not_admitted	not_admitted	not_admitted	not_admitted	not_admitted	not_admitted	not_admitted
NZ_CP014309.1	-	-	834	0	0	GA	1	35;29965;30633;+;44.2		37;30973;31425;+;32.0	38;31425;33866;+;109.3	38;31425;33866;+;47.0	40;34826;35509;+;126.9	39;33863;34807;+;128.1		42;36047;37099;+;152.3	43;37096;37941;+;177.4	44;37941;39221;+;172.2	45;39199;40365;+;77.5	46;40488;42497;+;327.2		pfam	both	A	7/7	canonical	1	0	unscoreable	2	0	0														not_admitted	not_admitted	not_admitted	not_admitted	not_admitted	not_admitted	not_admitted
NZ_CP014311.1	MPF_F	-	195	0	0	GA	1	184;172420;172848;+;70.6	64;56026;56376;+;29.7		66;56680;59142;+;53.4	66;56680;59142;+;82.7		68;59933;60991;+;62.1		179;167518;168222;+;81.9	180;168225;169097;+;174.3	181;169103;170353;+;167.6	136;113506;115191;+;406.6	70;62411;64285;+;48.8		none	none	A	7/7	canonical	0	0	unscoreable	8	0	0														not_admitted	not_admitted	not_admitted	not_admitted	not_admitted	not_admitted	not_admitted
NZ_CP014320.1	MPF_F	IncFIB(pB171);IncFII	152	0	0	GA	0															not_admitted	not_admitted	not_admitted	not_admitted	not_admitted	not_admitted	not_admitted	not_admitted	not_admitted	not_admitted	1	27;27584;28576;-;372.1	16;20479;21852;-;380.7	21;23442;24185;-;233.3	30;29585;32212;-;303.5	15;17663;20482;-;386.2	35;34341;35792;-;94.6	30;29585;32212;-;100.3	37;36507;37073;-;183.2	26;26937;27575;-;68.6	23;24462;26225;-;267.9	12;13933;16131;-;391.7	31;32728;33243;-;79.0	12;13933;16131;-;70.4	A	9/9	contiguous	22574	1	1	17147..17638-;163;TraS;0
NZ_CP014321.1	MPF_F	IncFIA;IncFII	126	0	0	GA	0															not_admitted	not_admitted	not_admitted	not_admitted	not_admitted	not_admitted	not_admitted	not_admitted	not_admitted	not_admitted	1	20;16507;17499;-;369.5	9;9936;10772;-;286.6	15;12700;13443;-;234.4	23;18508;21135;-;300.9		29;23288;24715;-;93.9	23;18508;21135;-;101.1	31;25430;25996;-;182.7	18;15525;16163;-;70.7	17;13720;15528;-;267.1	23;18508;21135;-;20.8	25;21651;22166;-;76.0		B	8/9	contiguous	15494	0	1	
NZ_CP014357.1	MPF_F	IncFIB(S);IncFII(S);IncFII(pAR0022)	116	0	0	GA	0															not_admitted	not_admitted	not_admitted	not_admitted	not_admitted	not_admitted	not_admitted	not_admitted	not_admitted	not_admitted	1	97;72207;73199;+;366.7	106;78447;79829;+;392.4	103;76666;77415;+;231.0	94;68572;71220;+;314.0	107;79826;82648;+;394.4	86;64618;66039;+;91.5	94;68572;71220;+;97.8	84;63325;63891;+;188.1	99;73511;74149;+;70.6	101;74602;76428;+;271.0	110;84302;86464;+;374.1	89;66845;67360;+;96.7	110;84302;86464;+;72.1	A	9/9	contiguous	20977	1	1	82670..83158+;162;TraS;0
NZ_CP014359.1	MPF_F	IncFIB(S);IncFII(S);IncFII(pAR0022)	117	0	0	GA	0															not_admitted	not_admitted	not_admitted	not_admitted	not_admitted	not_admitted	not_admitted	not_admitted	not_admitted	not_admitted	1	97;72311;73303;+;366.7	106;78551;79933;+;392.4	103;76770;77519;+;231.0	94;68676;71324;+;314.1	107;79930;82752;+;394.4	86;64722;66143;+;91.5	94;68676;71324;+;97.8	84;63429;63995;+;188.1	99;73615;74253;+;70.6	101;74706;76532;+;271.0	110;84406;86703;+;371.3	89;66949;67464;+;96.7	110;84406;86703;+;69.5	A	9/9	contiguous	20977	1	1	82774..83241+;155;TraS;0
NZ_CP014361.1	-	-	248	0	0	GA	0															not_admitted	not_admitted	not_admitted	not_admitted	not_admitted	not_admitted	not_admitted	not_admitted	not_admitted	not_admitted	1	138;164894;165958;-;310.7	132;156908;158356;-;329.2	133;158390;159337;-;243.5	142;167910;170309;-;255.8	131;153237;156911;-;347.3	147;172390;173718;-;120.5	142;167910;170309;-;132.0	149;174593;175210;-;104.3	139;165951;167117;-;44.5	137;162094;164892;-;138.1	35;44965;46809;+;49.4	145;171042;171596;-;69.8	35;44965;46809;+;48.7	A	9/9	split_2	129628	0	1	
NZ_CP014489.1	MPF_F	IncFIB(AP001918);IncFII;IncQ1	157	0	0	GA	0															not_admitted	not_admitted	not_admitted	not_admitted	not_admitted	not_admitted	not_admitted	not_admitted	not_admitted	not_admitted	1	26;24037;25029;-;369.3	17;17602;18975;-;381.0	22;20565;21308;-;231.6	29;26038;28665;-;306.4	16;14780;17605;-;386.0	35;30720;32147;-;94.3	29;26038;28665;-;98.5	37;32862;33428;-;183.3	25;23390;24028;-;68.7	24;21585;23393;-;267.9	13;11123;13276;-;391.8	31;29181;29696;-;77.3	13;11123;13276;-;70.4	A	9/9	contiguous	21739	1	1	14274..14783-;169;unnamed;0
NZ_CP014496.1	MPF_F	Col156;IncFIB(AP001918);IncFII(29)	131	0	0	GA	0															not_admitted	not_admitted	not_admitted	not_admitted	not_admitted	not_admitted	not_admitted	not_admitted	not_admitted	not_admitted	1	60;56518;57510;-;369.5	46;49597;50466;-;292.0	54;52895;53413;-;120.0	63;58519;61149;-;304.0	44;46275;49097;-;388.5	70;64280;65707;-;93.9	63;58519;61149;-;99.3	72;66422;66988;-;183.1	58;55536;56174;-;68.6	57;53779;55539;-;270.1	40;41859;44003;-;391.3	67;62636;63151;-;73.9	40;41859;44003;-;70.4	A	9/9	contiguous	24563	1	1	45774..46253-;159;TraS;0
NZ_CP014498.1	MPF_F	Col156;IncFIA;IncFIB(AP001918);IncFII(pRSB107)	239	0	0	GA	0															not_admitted	not_admitted	not_admitted	not_admitted	not_admitted	not_admitted	not_admitted	not_admitted	not_admitted	not_admitted	1	27;27827;28819;-;369.5	14;18695;20068;-;386.6	22;23978;24721;-;231.4	30;29828;32455;-;303.9	13;15879;18698;-;386.3	36;34340;35791;-;94.1	30;29828;32455;-;96.5	38;36506;37072;-;184.3	25;26845;27483;-;68.7	24;24998;26848;-;266.7	9;11396;13621;-;391.7	33;32971;33486;-;75.2	9;11396;13621;-;70.3	A	9/9	contiguous	25110	1	1	15363..15854-;163;TraS;0
NZ_CP014523.1	MPF_F	Col156;IncFIB(AP001918);IncFII(29)	134	0	0	GA	0															not_admitted	not_admitted	not_admitted	not_admitted	not_admitted	not_admitted	not_admitted	not_admitted	not_admitted	not_admitted	1	28;25010;26002;-;369.5	15;17584;18957;-;381.7	22;21162;21905;-;233.1	31;27011;29641;-;304.0	13;14766;17048;-;207.7	38;32772;34199;-;93.9	31;27011;29641;-;99.3	40;34914;35480;-;183.1	26;24028;24666;-;68.6	25;22271;24031;-;270.1	9;10350;12494;-;391.3	35;31128;31643;-;73.9	9;10350;12494;-;70.4	A	9/9	contiguous	24564	1	1	14265..14744-;159;TraS;0
NZ_CP014524.1	MPF_T	IncN	66	0	0	GA	1	17;12226;12960;+;32.5		20;13603;13920;+;63.3	21;13920;16520;+;113.8	21;13920;16520;+;76.4	22;16538;17251;+;105.5	24;17502;18542;+;142.4		25;18761;19459;+;131.9	26;19470;20354;+;159.7	27;20354;21454;+;127.7	28;21555;22550;+;81.2	43;34164;35693;-;38.5		pfam	both	A	7/7	canonical	1	0	unscoreable	3	0	0														not_admitted	not_admitted	not_admitted	not_admitted	not_admitted	not_admitted	not_admitted
NZ_CP014537.1	MPF_F	IncFIB(S);IncFII(S);IncFII(pAR0022)	116	0	0	GA	0															not_admitted	not_admitted	not_admitted	not_admitted	not_admitted	not_admitted	not_admitted	not_admitted	not_admitted	not_admitted	1	97;72214;73206;+;366.7	106;78454;79836;+;392.4	103;76673;77422;+;231.0	94;68579;71227;+;314.0	107;79833;82655;+;394.4	86;64625;66046;+;91.5	94;68579;71227;+;97.8	84;63332;63898;+;188.1	99;73518;74156;+;70.6	101;74609;76435;+;271.0	110;84309;86471;+;374.1	89;66852;67367;+;96.7	110;84309;86471;+;72.1	A	9/9	contiguous	20977	1	1	82677..83165+;162;TraS;0
NZ_CP014570.1	-	-	38	0	0	GA	1	15;12676;13239;+;54.9	3;2544;2843;+;60.0	4;2840;3130;+;42.8	5;3133;5583;+;108.6	5;3133;5583;+;94.5	7;6276;7130;+;55.6	9;7477;8673;+;43.7		10;8686;9348;+;120.6	11;9358;10230;+;167.8	13;10715;11938;+;209.6	2;1584;2528;+;132.3	20;15901;17724;+;332.1		conjscan	both	A	7/7	canonical	1	0	unscoreable	8	0	0														not_admitted	not_admitted	not_admitted	not_admitted	not_admitted	not_admitted	not_admitted
NZ_CP014581.1	MPF_F	-	158	0	0	GA	0															not_admitted	not_admitted	not_admitted	not_admitted	not_admitted	not_admitted	not_admitted	not_admitted	not_admitted	not_admitted	1	94;78534;79559;-;267.3	81;67077;68558;-;185.3	82;68568;69554;-;162.0	85;70504;73038;-;76.6		88;74266;75603;-;79.8	85;70504;73038;-;61.1	90;76553;77152;-;37.2	93;78023;78523;-;60.6	70;53970;55397;-;102.3	64;46493;48511;+;231.4	87;73586;74269;-;23.9	64;46493;48511;+;59.9	B	8/9	contiguous	32041	0	1	
NZ_CP014650.1	MPF_F	IncFIB(pQil);IncFII(K)	132	0	0	GA	0															not_admitted	not_admitted	not_admitted	not_admitted	not_admitted	not_admitted	not_admitted	not_admitted	not_admitted	not_admitted	1	113;91357;92346;+;366.0	123;97893;99260;+;380.7	119;95883;96635;+;233.7	109;87275;89914;+;258.5	124;99260;102109;+;345.6	101;82594;84018;+;88.8	109;87275;89914;+;88.7	99;81301;81867;+;169.3	114;92359;92997;+;67.0	115;93056;95011;+;259.7	128;104595;106907;+;392.7	102;84132;84716;+;55.4	128;104595;106907;+;66.5	A	9/9	contiguous	23294	1	1	102122..102670+;182;unnamed;0
NZ_CP014658.1	MPF_F	IncC	192	0	0	GA	0															not_admitted	not_admitted	not_admitted	not_admitted	not_admitted	not_admitted	not_admitted	not_admitted	not_admitted	not_admitted	1	97;75087;76094;+;332.9	181;149301;150734;+;339.2	180;148271;149299;+;221.7	92;69888;72335;+;354.2	182;150747;154361;+;375.3	83;56577;57893;+;135.0	92;69888;72335;+;128.6	81;55053;55679;+;92.1	95;73157;74422;+;67.6	98;76210;79005;+;145.3	72;49378;51243;+;47.4	84;57890;58468;+;100.2	72;49378;51243;+;52.0	A	9/9	split_2	101369	0	1	
NZ_CP014668.1	MPF_F	IncFIB(AP001918);IncFII(29)	118	0	0	GA	0															not_admitted	not_admitted	not_admitted	not_admitted	not_admitted	not_admitted	not_admitted	not_admitted	not_admitted	not_admitted	1	93;76590;77582;+;369.5	106;83636;85009;+;381.7	99;80688;81431;+;233.1	90;72951;75581;+;304.0	107;85006;87828;+;388.5	83;68393;69820;+;93.9	90;72951;75581;+;99.3	81;67112;67678;+;183.1	95;77926;78564;+;68.6	97;79311;80411;+;274.2	111;90100;92244;+;391.3	86;70949;71464;+;73.9	111;90100;92244;+;70.4	A	9/9	contiguous	22988	1	1	87850..88329+;159;TraS;0
NZ_CP014669.1	MPF_F	IncFIB(pQil);IncFII(K)	129	0	0	GA	0															not_admitted	not_admitted	not_admitted	not_admitted	not_admitted	not_admitted	not_admitted	not_admitted	not_admitted	not_admitted	1	110;91570;92559;+;366.0	120;98106;99473;+;380.7	116;96096;96848;+;233.7	106;87488;90127;+;258.5	121;99473;102322;+;345.6	98;82807;84231;+;88.8	106;87488;90127;+;88.7	96;81514;82080;+;169.3	111;92572;93210;+;67.0	112;93269;95224;+;259.7	125;104808;107120;+;392.7	99;84345;84929;+;55.4	125;104808;107120;+;66.5	A	9/9	contiguous	23294	1	1	102335..102883+;182;unnamed;0
NZ_CP014743.1	MPF_T	-	129	0	0	GA	1		69;70618;70881;-;59.3	68;67837;70605;-;73.3	68;67837;70605;-;168.5	68;67837;70605;-;85.1	63;64858;65844;-;83.7	62;63862;64854;-;112.5		60;63053;63715;-;177.6	59;62169;63056;-;160.2	58;60967;62142;-;165.9	57;59988;60986;-;93.2	55;57500;59311;-;348.4		pfam	pfam_only	A	7/7	canonical	1	1	unscoreable	6	0	0														not_admitted	not_admitted	not_admitted	not_admitted	not_admitted	not_admitted	not_admitted
NZ_CP014745.1	MPF_T	-	126	0	0	GA	1		65;67874;68137;-;56.2	64;65093;67861;-;75.0	64;65093;67861;-;177.1	64;65093;67861;-;86.2	59;62139;63110;-;83.3	58;61144;62142;-;120.0		56;60335;60997;-;177.6	55;59451;60338;-;161.4	54;58252;59424;-;166.0	53;57279;58271;-;93.2	52;55467;57278;-;348.4		pfam	pfam_only	A	7/7	canonical	1	1	unscoreable	5	0	0														not_admitted	not_admitted	not_admitted	not_admitted	not_admitted	not_admitted	not_admitted
NZ_CP014746.1	MPF_T	-	49	0	0	GA	1				25;17438;19906;-;105.0		43;30772;31728;-;31.3	12;6941;8089;-;95.5		23;16617;17294;-;112.5	22;15547;16617;-;97.7	21;14414;15550;-;143.9	19;13260;14210;-;100.7	17;10942;12846;-;244.0		pfam	pfam_only	A	7/7	canonical	1	0	unscoreable	6	0	0														not_admitted	not_admitted	not_admitted	not_admitted	not_admitted	not_admitted	not_admitted
NZ_CP014764.1	-	-	43	0	0	GA	1	17;13558;14454;-;45.1	33;27706;28197;+;68.0	34;28197;28511;+;51.1	35;28525;31032;+;96.8	35;28525;31032;+;113.1	36;31001;31789;+;47.5	38;31997;33715;+;86.7		40;34114;34812;+;122.8	41;34812;35750;+;162.6	0;55;960;+;207.1	32;26711;27694;+;135.1	19;15014;16972;-;355.7		conjscan	conjscan_only	A	7/7	canonical	1	0	unscoreable	16	0	0														not_admitted	not_admitted	not_admitted	not_admitted	not_admitted	not_admitted	not_admitted
NZ_CP014765.1	MPF_F	IncFII(K);repB(R1701)	119	0	0	GA	0															not_admitted	not_admitted	not_admitted	not_admitted	not_admitted	not_admitted	not_admitted	not_admitted	not_admitted	not_admitted	1	100;84277;85266;+;366.0	110;90813;92180;+;380.7	106;88803;89555;+;233.7	96;80195;82834;+;258.5	111;92180;95029;+;345.6	88;75514;76938;+;88.8	96;80195;82834;+;88.7	86;74221;74787;+;169.3	101;85279;85917;+;67.0	102;85976;87931;+;259.7	115;97515;99827;+;392.7	89;77052;77636;+;55.4	115;97515;99827;+;66.5	A	9/9	contiguous	23294	1	1	95042..95590+;182;unnamed;0
NZ_CP014775.1	MPF_F	IncC	238	0	0	GA	0															not_admitted	not_admitted	not_admitted	not_admitted	not_admitted	not_admitted	not_admitted	not_admitted	not_admitted	not_admitted	1	226;185757;186764;+;332.9	73;61068;62501;+;339.2	72;60038;61066;+;221.7	221;180558;183005;+;354.2	74;62514;66128;+;375.3	129;98421;99581;+;156.3	221;180558;183005;+;128.6	214;170207;170833;+;92.1	224;183827;185092;+;67.6	227;186880;189675;+;145.3	205;164532;166397;+;47.4	217;173044;173622;+;100.2	205;164532;166397;+;52.0	A	9/9	split_3	126842	0	1	
NZ_CP014776.1	MPF_F	IncFIB(pNDM-Mar);RepB	275	0	0	GA	0															not_admitted	not_admitted	not_admitted	not_admitted	not_admitted	not_admitted	not_admitted	not_admitted	not_admitted	not_admitted	1	218;187381;188418;-;282.3	130;102117;103526;+;190.4	129;101090;102127;+;177.2	230;199250;201967;-;149.6	131;103528;107436;+;121.3	234;204080;205450;-;65.6	230;199250;201967;-;85.2	237;207096;207956;-;79.0	219;188415;189776;-;69.9	217;184189;187371;-;59.4	122;91765;93891;-;57.7	231;202012;202749;-;56.9	122;91765;93891;-;41.0	A	9/9	split_2	115331	0	1	
NZ_CP014777.1	MPF_F	repB(R1701)	166	0	0	GA	0															not_admitted	not_admitted	not_admitted	not_admitted	not_admitted	not_admitted	not_admitted	not_admitted	not_admitted	not_admitted	1	128;107492;108484;+;363.0	138;114048;115415;+;382.8	134;112038;112790;+;226.1	125;103827;106466;+;259.1	139;115415;118237;+;344.3	115;98589;100013;+;85.0	125;103827;106466;+;83.9	113;97296;97862;+;168.4	129;108497;109135;+;66.0	130;109194;111149;+;258.7	142;120205;122496;+;392.7	117;100625;101194;+;53.1	142;120205;122496;+;66.6	A	9/9	contiguous	22909	1	1	118261..118863+;200;TraS;0
NZ_CP014798.1	MPF_T	-	137	0	0	GA	1	25;29651;30265;-;68.3	24;29361;29654;-;74.8	23;29090;29368;-;88.2	22;26731;29100;-;85.7	22;26731;29100;-;47.5								17;19375;21369;+;288.3		none	none	D	2/7	uncallable	0	0	unscoreable	4	0	0														not_admitted	not_admitted	not_admitted	not_admitted	not_admitted	not_admitted	not_admitted
NZ_CP014801.1	MPF_T	-	101	0	0	GA	1	19;19572;20729;-;71.5	23;23524;23823;-;75.3	22;23233;23511;-;88.8	21;20880;23243;-;85.5	21;20880;23243;-;41.8	18;18745;19572;-;66.8	11;13328;14407;-;128.2		17;18081;18755;-;157.6	16;17385;18080;-;167.0	15;15994;17388;-;173.4	14;15003;15992;-;106.0	4;5122;7146;+;285.4		pfam	both	A	7/7	canonical	1	0	unscoreable	9	0	0														not_admitted	not_admitted	not_admitted	not_admitted	not_admitted	not_admitted	not_admitted
NZ_CP014802.1	-	-	145	0	0	GA	1	87;109652;110818;+;73.0	83;106429;106749;+;85.3	84;106810;107085;+;65.2	85;107075;109447;+;94.5	85;107075;109447;+;50.5	88;110811;111641;+;63.7	90;112190;113242;+;103.3		91;113265;113918;+;165.9	92;113921;114661;+;146.9	93;114663;116177;+;163.2	94;116177;117187;+;103.6	97;120069;122003;-;262.7		pfam	both	A	7/7	canonical	1	0	unscoreable	4	0	0														not_admitted	not_admitted	not_admitted	not_admitted	not_admitted	not_admitted	not_admitted
NZ_CP014885.1	MPF_T	rep38	64	0	0	GA	1				22;23275;25290;-;25.1									16;17697;19250;-;460.2		none	none	D	2/7	uncallable	0	0	unscoreable	5	0	0														not_admitted	not_admitted	not_admitted	not_admitted	not_admitted	not_admitted	not_admitted
NZ_CP014891.1	MPF_T	-	56	0	0	GA	1				24;20848;22863;+;25.1									31;27309;28820;+;462.2		none	none	D	2/7	uncallable	0	0	unscoreable	6	0	0														not_admitted	not_admitted	not_admitted	not_admitted	not_admitted	not_admitted	not_admitted
NZ_CP014962.1	MPF_F	IncFIB(S);IncFII(S);IncFII(pAR0022)	116	0	0	GA	0															not_admitted	not_admitted	not_admitted	not_admitted	not_admitted	not_admitted	not_admitted	not_admitted	not_admitted	not_admitted	1	97;72221;73213;+;366.7	106;78461;79843;+;392.4	103;76680;77429;+;231.0	94;68586;71234;+;314.1	107;79840;82662;+;394.4	86;64632;66053;+;91.5	94;68586;71234;+;97.8	84;63339;63905;+;188.1	99;73525;74163;+;70.6	101;74616;76442;+;271.0	110;84316;86478;+;374.1	89;66859;67374;+;96.7	110;84316;86478;+;72.1	A	9/9	contiguous	20977	1	1	82684..83172+;162;TraS;0
NZ_CP014966.1	MPF_I	IncC;IncI1-I(Alpha)	259	0	0	GA	0															not_admitted	not_admitted	not_admitted	not_admitted	not_admitted	not_admitted	not_admitted	not_admitted	not_admitted	not_admitted	1	117;85825;86832;+;332.9			112;80626;83073;+;355.4		107;71799;73115;+;135.0	112;80626;83073;+;128.6	105;70275;70901;+;92.1	115;83895;85160;+;67.6	118;86948;89743;+;145.3	96;64600;66465;+;47.4	108;73112;73690;+;100.2	96;64600;66465;+;52.0	C	6/9	contiguous	22348	0	1	
NZ_CP014968.1	MPF_F	IncFIB(S);IncFII(S);IncFII(pAR0022)	116	0	0	GA	0															not_admitted	not_admitted	not_admitted	not_admitted	not_admitted	not_admitted	not_admitted	not_admitted	not_admitted	not_admitted	1	97;72288;73280;+;366.7	106;78528;79910;+;392.4	103;76747;77496;+;231.0	94;68653;71301;+;314.1	107;79907;82729;+;394.4	86;64699;66120;+;91.5	94;68653;71301;+;97.8	84;63406;63972;+;188.1	99;73592;74230;+;70.6	101;74683;76509;+;271.0	110;84383;86644;+;371.4	89;66926;67441;+;96.7	110;84383;86644;+;69.6	A	9/9	contiguous	20977	1	1	82751..83239+;162;TraS;0
NZ_CP014970.1	MPF_F	IncFIB(S);IncFII(S);IncFII(pAR0022)	116	0	0	GA	0															not_admitted	not_admitted	not_admitted	not_admitted	not_admitted	not_admitted	not_admitted	not_admitted	not_admitted	not_admitted	1	97;72286;73278;+;366.7	106;78526;79908;+;392.4	103;76745;77494;+;231.0	94;68651;71299;+;314.1	107;79905;82727;+;394.4	86;64697;66118;+;91.5	94;68651;71299;+;97.8	84;63404;63970;+;188.1	99;73590;74228;+;70.6	101;74681;76507;+;271.0	110;84381;86642;+;371.4	89;66924;67439;+;96.7	110;84381;86642;+;69.6	A	9/9	contiguous	20977	1	1	82749..83237+;162;TraS;0
NZ_CP014973.1	MPF_F	IncFIB(S);IncFII(S);IncFII(pAR0022)	116	0	0	GA	0															not_admitted	not_admitted	not_admitted	not_admitted	not_admitted	not_admitted	not_admitted	not_admitted	not_admitted	not_admitted	1	97;72223;73215;+;366.7	106;78463;79845;+;392.4	103;76682;77431;+;231.0	94;68588;71236;+;314.1	107;79842;82664;+;394.4	86;64634;66055;+;91.5	94;68588;71236;+;97.8	84;63341;63907;+;185.6	99;73527;74165;+;70.6	101;74618;76444;+;271.0	110;84318;86588;+;373.9	89;66861;67376;+;96.7	110;84318;86588;+;72.0	A	9/9	contiguous	20977	1	1	82686..83174+;162;TraS;0
NZ_CP014974.1	MPF_T	IncX1	46	0	0	GA	1	31;28975;29622;-;45.0	30;28701;28997;-;77.5	29;25929;28682;-;46.6	29;25929;28682;-;148.0	29;25929;28682;-;75.3	28;25160;25918;-;67.3	26;23789;24922;-;106.4		25;22830;23543;-;119.7	24;21896;22825;-;136.2	23;20694;21899;-;132.5	22;19661;20692;-;76.5	21;17823;19658;-;489.3		pfam	pfam_only	A	7/7	canonical	1	1	unscoreable	1	0	0														not_admitted	not_admitted	not_admitted	not_admitted	not_admitted	not_admitted	not_admitted
NZ_CP014976.1	MPF_F	IncFIB(S);IncFII(S);IncFII(pAR0022)	116	0	0	GA	0															not_admitted	not_admitted	not_admitted	not_admitted	not_admitted	not_admitted	not_admitted	not_admitted	not_admitted	not_admitted	1	97;72300;73292;+;366.7	106;78540;79922;+;392.4	103;76759;77508;+;231.0	94;68665;71313;+;314.1	107;79919;82741;+;394.4	86;64711;66132;+;91.5	94;68665;71313;+;97.8	84;63418;63984;+;188.1	99;73604;74242;+;70.6	101;74695;76521;+;271.0	110;84395;86647;+;371.4	89;66938;67453;+;96.7	110;84395;86647;+;69.6	A	9/9	contiguous	20977	1	1	82763..83251+;162;TraS;0
NZ_CP014978.1	MPF_F	IncC	180	0	0	GA	0															not_admitted	not_admitted	not_admitted	not_admitted	not_admitted	not_admitted	not_admitted	not_admitted	not_admitted	not_admitted	1	98;75803;76810;+;332.9	170;137199;138632;+;339.2	169;136169;137197;+;221.7	93;70604;73051;+;354.2	171;138645;142259;+;375.3	84;57293;58609;+;135.0	93;70604;73051;+;128.6	82;55769;56395;+;92.1	96;73873;75138;+;67.6	99;76926;79721;+;145.3	73;50094;51959;+;47.4	85;58606;59184;+;100.2	73;50094;51959;+;52.0	A	9/9	split_2	88551	0	1	
NZ_CP014980.1	MPF_F	IncFIB(S);IncFII(S);IncFII(pAR0022)	116	0	0	GA	0															not_admitted	not_admitted	not_admitted	not_admitted	not_admitted	not_admitted	not_admitted	not_admitted	not_admitted	not_admitted	1	97;72324;73316;+;366.7	106;78564;79946;+;392.4	103;76783;77532;+;231.0	94;68689;71337;+;314.1	107;79943;82765;+;394.4	86;64735;66156;+;91.5	94;68689;71337;+;97.8	84;63442;64008;+;188.1	99;73628;74266;+;70.6	101;74719;76545;+;271.0	110;84419;86662;+;371.4	89;66962;67477;+;96.7	110;84419;86662;+;69.6	A	9/9	contiguous	20977	1	1	82787..83275+;162;TraS;0
NZ_CP015007.1	MPF_T	-	447	0	0	GA	1		441;447360;447731;-;78.8	440;447068;447367;-;61.2	439;444578;447055;-;186.8	439;444578;447055;-;127.6	438;443797;444606;-;45.1	437;442404;443594;-;116.1		436;441724;442386;-;120.3	435;440855;441727;-;191.3	433;439102;440406;-;223.2	442;447721;448692;-;129.7	142;153415;155340;-;522.3		conjscan	conjscan_only	A	7/7	canonical	1	0	unscoreable	2	0	0														not_admitted	not_admitted	not_admitted	not_admitted	not_admitted	not_admitted	not_admitted
NZ_CP015008.1	MPF_T	-	128	0	0	GA	1		126;141271;141642;-;78.7	125;140967;141278;-;62.7	124;138500;140956;-;175.2	124;138500;140956;-;129.8	123;137728;138528;-;50.4	121;136341;137528;-;111.7		120;135660;136322;-;126.7	119;134815;135678;-;191.7	117;133043;134347;-;224.1	127;141632;142600;-;124.5	92;107299;109224;-;523.3		conjscan	conjscan_only	A	7/7	canonical	1	0	unscoreable	3	0	0														not_admitted	not_admitted	not_admitted	not_admitted	not_admitted	not_admitted	not_admitted
NZ_CP015009.1	MPF_T	-	134	0	0	GA	1		4;3191;3580;+;71.0	5;3573;3872;+;62.9	6;3883;6339;+;173.0	6;3883;6339;+;130.9	7;6311;7105;+;64.6	9;7314;8501;+;107.7		10;8520;9182;+;126.6	11;9196;10035;+;191.1	13;10497;11801;+;222.6	3;2215;3201;+;129.6	110;112327;114258;+;519.7		conjscan	conjscan_only	A	7/7	canonical	1	0	unscoreable	3	0	0														not_admitted	not_admitted	not_admitted	not_admitted	not_admitted	not_admitted	not_admitted
NZ_CP015011.1	-	-	34	0	0	GA	0															not_admitted	not_admitted	not_admitted	not_admitted	not_admitted	not_admitted	not_admitted	not_admitted	not_admitted	not_admitted	1				30;33235;33546;-;35.0		32;33760;35217;-;91.2								D	1/9	contiguous	525	0	0	
NZ_CP015032.1	MPF_T	-	246	0	0	GA	1	86;75408;75833;-;68.1	29;25926;26285;-;28.7	28;25622;25885;-;25.8	27;23148;25625;-;65.9	27;23148;25625;-;82.6		24;21163;22173;-;52.4		91;80049;80765;-;80.2	90;79177;80052;-;145.6	89;77895;79169;-;132.3	81;69039;71345;-;142.2	22;17958;19826;-;36.0		none	none	A	7/7	canonical	0	0	unscoreable	8	0	0														not_admitted	not_admitted	not_admitted	not_admitted	not_admitted	not_admitted	not_admitted
NZ_CP015038.1	MPF_T	-	209	0	0	GA	1	114;113712;114137;+;65.5	176;168911;169291;+;33.5		178;169592;172069;+;66.1	178;169592;172069;+;82.7		181;173044;174054;+;52.4		109;108780;109496;+;81.3	110;109493;110368;+;147.5	111;110376;111650;+;129.5	119;118200;120506;+;142.2	183;175382;177250;+;36.2		none	none	A	7/7	canonical	0	0	unscoreable	9	0	0														not_admitted	not_admitted	not_admitted	not_admitted	not_admitted	not_admitted	not_admitted
NZ_CP015063.1	-	-	633	0	0	GA	1	411;432331;433518;-;90.2	393;412691;413041;-;86.8	392;412428;412691;-;32.9	391;409871;412417;-;22.0	391;409871;412417;-;121.7	390;409125;409874;-;197.0	388;407387;408754;-;187.5		387;406704;407390;-;229.6	386;405640;406707;-;239.9	385;404429;405643;-;228.1	394;413004;414020;-;121.7	396;414668;416665;-;332.9		conjscan	conjscan_only	A	7/7	canonical	1	0	unscoreable	3	0	0														not_admitted	not_admitted	not_admitted	not_admitted	not_admitted	not_admitted	not_admitted
NZ_CP015070.1	MPF_F	IncFIA;IncFIB(AP001918);IncFII(pRSB107)	125	0	0	GA	0															not_admitted	not_admitted	not_admitted	not_admitted	not_admitted	not_admitted	not_admitted	not_admitted	not_admitted	not_admitted	1	72;68300;69292;-;369.5	59;59168;60541;-;386.6	67;64451;65194;-;231.4	75;70301;72928;-;303.9	58;56352;59171;-;386.3	81;74813;76264;-;94.1	75;70301;72928;-;96.6	83;76979;77545;-;184.3	70;67318;67956;-;68.7	69;65471;67321;-;266.7	54;51878;54094;-;391.8	78;73444;73959;-;75.2	54;51878;54094;-;70.3	A	9/9	contiguous	25101	1	1	55836..56327-;163;TraS;0
NZ_CP015072.1	MPF_F	IncFII	73	0	0	GA	0															not_admitted	not_admitted	not_admitted	not_admitted	not_admitted	not_admitted	not_admitted	not_admitted	not_admitted	not_admitted	1	36;34820;35812;-;369.5	26;27668;29041;-;381.7	31;30971;31714;-;234.4	39;36821;39451;-;304.1	25;24849;27671;-;374.0	46;42450;43901;-;94.2	39;36821;39451;-;97.1	48;44616;45182;-;174.3	34;33838;34476;-;68.6	33;31991;33841;-;266.1	21;20352;22577;-;391.1	43;41075;41590;-;78.4	21;20352;22577;-;70.3	A	9/9	contiguous	24264	1	1	24348..24827-;159;TraS;0
NZ_CP015073.1	-	-	45	0	0	GA	1	2;2519;3415;+;45.2	27;25328;25819;-;68.0	26;25014;25328;-;51.1	25;22493;25000;-;96.9	25;22493;25000;-;113.0	24;21736;22524;-;47.5	22;19810;21528;-;86.9		20;18713;19411;-;122.8	19;17775;18713;-;165.2	17;15855;17318;-;209.7	28;25831;26814;-;135.1	0;1;1959;+;355.7		conjscan	conjscan_only	A	7/7	canonical	1	0	unscoreable	5	0	0														not_admitted	not_admitted	not_admitted	not_admitted	not_admitted	not_admitted	not_admitted
NZ_CP015077.1	MPF_F	IncFIA;IncFIB(AP001918);IncFII(pRSB107);IncQ1	164	0	0	GA	0															not_admitted	not_admitted	not_admitted	not_admitted	not_admitted	not_admitted	not_admitted	not_admitted	not_admitted	not_admitted	1	150;124154;125146;-;369.5	137;115022;116395;-;386.6	145;120305;121048;-;231.4	153;126155;128782;-;303.9	136;112206;115025;-;386.3	159;130667;132118;-;94.1	153;126155;128782;-;96.5	161;132833;133183;-;115.4	148;123172;123810;-;68.7	147;121325;123175;-;266.7	132;107733;109949;-;391.8	156;129298;129813;-;75.2	132;107733;109949;-;70.3	A	9/9	contiguous	25100	1	1	111690..112181-;163;TraS;0
NZ_CP015078.1	MPF_T	IncN2	78	0	0	GA	1	51;47812;48594;+;33.3	53;48841;49137;+;36.0	54;49177;49494;+;71.9	55;49495;52068;+;118.0	55;49495;52068;+;74.2	56;52084;52797;+;107.4	58;53066;54103;+;121.9	59;54180;54311;+;40.1	60;54322;55017;+;132.6	61;55028;55915;+;147.8	62;55915;57048;+;166.3	63;57099;58100;+;90.1	23;30236;31768;-;51.3		pfam	both	A	7/7	canonical	1	0	ga	2	0	0														not_admitted	not_admitted	not_admitted	not_admitted	not_admitted	not_admitted	not_admitted
NZ_CP015092.1	MPF_T	-	177	0	0	GA	1	42;40635;41789;-;74.4	46;44579;44872;-;75.3	45;44308;44586;-;88.8	44;41943;44318;-;83.4	44;41943;44318;-;47.6	41;39826;40638;-;70.4	34;34303;35379;-;124.4		40;39058;39714;-;170.9	39;38360;39055;-;162.5	38;36984;38363;-;178.3	37;35993;36979;-;104.1	26;26691;28466;+;290.0		pfam	both	A	7/7	canonical	1	0	unscoreable	10	0	0														not_admitted	not_admitted	not_admitted	not_admitted	not_admitted	not_admitted	not_admitted
NZ_CP015111.1	-	-	347	0	0	GA	0															not_admitted	not_admitted	not_admitted	not_admitted	not_admitted	not_admitted	not_admitted	not_admitted	not_admitted	not_admitted	1	95;73399;74598;-;280.5	287;226795;228375;+;202.4	286;225649;226776;+;174.2	282;221246;223840;+;108.5	333;270270;273236;-;158.0	278;218271;219632;+;101.9	282;221246;223840;+;96.6	276;216632;217273;+;97.7	94;72543;73415;-;72.3	340;286491;287525;-;77.6		279;219629;220297;+;67.3		A	9/9	split_3	213948	1	1	268664..270139-;491;unnamed;0
NZ_CP015131.1	MPF_F	Col156;IncFIB(AP001918);IncFII(29)	170	0	0	GA	0															not_admitted	not_admitted	not_admitted	not_admitted	not_admitted	not_admitted	not_admitted	not_admitted	not_admitted	not_admitted	1	12;9446;10438;-;369.5	0;2019;3392;-;381.7	7;5597;6340;-;233.1	15;11447;14077;-;304.0		22;17208;18635;-;93.9	15;11447;14077;-;99.3	24;19350;19916;-;183.1	10;8464;9102;-;68.6	9;6617;8467;-;271.9	165;137534;139786;-;391.1	19;15564;16079;-;74.0	165;137534;139786;-;70.3	B	8/9	split_2	135515	0	1	
NZ_CP015132.1	MPF_F	IncFIB(K);IncFII(K)	241	0	0	GA	0															not_admitted	not_admitted	not_admitted	not_admitted	not_admitted	not_admitted	not_admitted	not_admitted	not_admitted	not_admitted	1	71;71898;72890;-;366.6	61;65014;66381;-;381.2	65;67638;68390;-;232.2	74;73916;76555;-;259.3	60;62165;65014;-;346.5	82;80141;81565;-;89.3	74;73916;76555;-;88.8	84;82292;82858;-;167.0	70;71247;71885;-;67.0	69;69233;71188;-;259.2	56;58040;60349;-;392.7	80;78954;79511;-;52.5	56;58040;60349;-;66.6	A	9/9	contiguous	24252	1	1	61632..62162-;176;unnamed;0
NZ_CP015135.1	MPF_F	IncFIB(K);IncFII(K)	170	0	0	GA	0															not_admitted	not_admitted	not_admitted	not_admitted	not_admitted	not_admitted	not_admitted	not_admitted	not_admitted	not_admitted	1	98;97374;98366;-;366.6	88;90490;91857;-;381.2	92;93114;93866;-;232.2	101;99392;102031;-;259.3	87;87641;90490;-;346.5	109;105617;107041;-;89.3	101;99392;102031;-;88.8	111;107768;108334;-;167.0	97;96723;97361;-;67.0	96;94709;96664;-;259.2	83;83516;85825;-;392.7	107;104430;104987;-;52.5	83;83516;85825;-;66.6	A	9/9	contiguous	24252	1	1	87108..87638-;176;unnamed;0
NZ_CP015139.1	MPF_F	IncC	222	0	0	GA	0															not_admitted	not_admitted	not_admitted	not_admitted	not_admitted	not_admitted	not_admitted	not_admitted	not_admitted	not_admitted	1	78;68833;69840;-;332.9	180;146482;147915;-;339.2	181;147917;148945;-;221.7	83;72592;75039;-;354.2	179;142855;146469;-;375.3	88;82550;83866;-;135.0	83;72592;75039;-;128.6	90;84764;85390;-;92.1	80;70505;71770;-;67.6	77;65922;68717;-;145.3	99;89200;91065;-;47.4	87;81975;82553;-;100.2	99;89200;91065;-;52.0	A	9/9	split_2	81995	0	1	
NZ_CP015158.1	MPF_F	IncFIB(S);IncFII(S);IncFII(pAR0022)	115	0	0	GA	0															not_admitted	not_admitted	not_admitted	not_admitted	not_admitted	not_admitted	not_admitted	not_admitted	not_admitted	not_admitted	1	96;72199;73191;+;366.7	105;78439;79821;+;392.4	102;76658;77407;+;231.0	93;68564;71212;+;314.1	106;79818;82640;+;394.4	85;64610;66031;+;91.5	93;68564;71212;+;97.8	83;63317;63883;+;188.1	98;73503;74141;+;70.6	100;74594;76420;+;271.0	109;84294;86456;+;374.1	88;66837;67352;+;96.7	109;84294;86456;+;72.1	A	9/9	contiguous	20977	1	1	82662..83150+;162;TraS;0
NZ_CP015160.1	MPF_F	Col156;IncFIB(AP001918);IncFII;IncFII(29)	248	0	0	GA	0															not_admitted	not_admitted	not_admitted	not_admitted	not_admitted	not_admitted	not_admitted	not_admitted	not_admitted	not_admitted	1	111;100208;101200;-;369.5	99;92781;94154;-;381.7	106;96359;97102;-;233.1	114;102209;104839;-;304.0	98;89962;92784;-;388.5	201;175344;176771;-;93.9	114;102209;104839;-;99.3	203;177486;178052;-;183.1	109;99226;99864;-;68.6	108;97379;99229;-;271.9	174;152803;155064;-;391.6	118;106732;107247;-;82.8	174;152803;155064;-;70.3	A	9/9	split_3	87524	1	1	89461..89940-;159;TraS;0
NZ_CP015212.1	MPF_F	-	172	0	0	GA	0															not_admitted	not_admitted	not_admitted	not_admitted	not_admitted	not_admitted	not_admitted	not_admitted	not_admitted	not_admitted	1	47;41068;42054;+;383.3	53;46362;47759;+;384.8	3;1446;2279;+;221.0	163;145939;148074;+;265.7	54;47763;51173;+;383.4	40;35120;36373;+;115.3	42;37309;39279;+;110.7	38;33850;34404;+;167.3	48;42015;42767;+;110.4	49;42764;44872;+;268.6	20;15078;17360;+;504.6	41;36370;36798;+;74.5	20;15078;17360;+;92.2	A	9/9	split_2	144493	0	1	
NZ_CP015239.1	MPF_F	IncFIA;IncFIB(AP001918);IncFII(pHN7A8)	136	0	0	GA	0															not_admitted	not_admitted	not_admitted	not_admitted	not_admitted	not_admitted	not_admitted	not_admitted	not_admitted	not_admitted	1	75;79083;80075;-;357.1	58;68927;70300;-;370.1	64;72545;73288;-;234.2	78;81084;83714;-;305.7	57;66111;68930;-;375.1	88;87380;88810;-;93.4	78;81084;83714;-;98.1	90;89525;90091;-;172.1	68;75927;76565;-;70.1	66;73552;75456;-;263.3	52;61676;62881;-;225.0	84;85740;86255;-;77.1	52;61676;62881;-;71.6	A	9/9	contiguous	27849	0	1	
NZ_CP015289.1	MPF_F	-	170	0	0	GA	0															not_admitted	not_admitted	not_admitted	not_admitted	not_admitted	not_admitted	not_admitted	not_admitted	not_admitted	not_admitted	1	97;85074;86060;+;383.3	103;90368;91765;+;384.8	101;89271;90104;+;221.0	92;80802;83285;+;304.9	153;135584;138994;+;383.4	90;79127;80380;+;115.3	141;125694;127100;+;112.3	88;77857;78411;+;167.3	98;86021;86773;+;110.4	99;86770;88878;+;268.6	4;3691;5973;+;504.6	91;80377;80805;+;74.5	4;3691;5973;+;92.2	A	9/9	split_3	131893	0	1	
NZ_CP015322.1	MPF_T	-	892	0	0	GA	1	19;15766;16626;-;81.6	18;15445;15753;-;76.7	17;15131;15439;-;65.0	16;12718;15084;-;115.2	16;12718;15084;-;97.1	14;11118;11831;-;31.0	12;9821;10891;-;145.4		11;9074;9805;-;186.0	10;8241;9077;-;184.9	9;6899;8257;-;210.5	8;5938;6933;-;116.4	7;5093;5908;-;88.7		pfam	pfam_only	A	7/7	canonical	1	0	unscoreable	7	0	0														not_admitted	not_admitted	not_admitted	not_admitted	not_admitted	not_admitted	not_admitted
NZ_CP015366.1	MPF_F	-	101	0	0	GA	0															not_admitted	not_admitted	not_admitted	not_admitted	not_admitted	not_admitted	not_admitted	not_admitted	not_admitted	not_admitted	1	79;64664;65707;-;369.0	74;59254;60681;-;325.8	76;61083;61895;-;219.1	83;67269;69995;-;164.6	73;56236;59238;-;208.7	87;71677;72993;-;102.7	83;67269;69995;-;108.4	89;73706;74284;-;83.7	78;63942;64649;-;107.6	77;61888;63945;-;91.0	15;17968;20127;-;381.3	84;70005;70649;-;41.9	15;17968;20127;-;90.0	A	9/9	split_2	55738	1	1	55646..56164-;172;unnamed;0
NZ_CP015372.1	MPF_F	-	146	0	0	GA	0															not_admitted	not_admitted	not_admitted	not_admitted	not_admitted	not_admitted	not_admitted	not_admitted	not_admitted	not_admitted	1	71;59045;59962;-;314.1	35;22526;23932;-;377.4	36;23943;24755;-;248.2	75;61471;64095;-;208.1	34;19469;22516;-;224.1	79;65668;67017;-;122.1	75;61471;64095;-;126.6	81;67683;68276;-;167.7	41;27924;28700;-;107.1	39;25388;26632;-;179.7	93;76961;78958;-;423.1	76;64133;64783;-;53.4	93;76961;78958;-;80.7	A	9/9	split_2	57492	0	1	
NZ_CP015373.1	MPF_T	IncP1	93	0	0	GA	1	52;49154;49789;-;23.5		62;59327;59638;-;49.8	61;56772;59330;-;91.0	61;56772;59330;-;112.1	56;52374;53138;-;122.3	54;50408;52126;-;143.0		60;55993;56775;-;147.6	59;55076;55975;-;186.5	57;53159;54580;-;223.3	65;60122;61084;-;127.6	39;35679;37592;+;525.1		conjscan	conjscan_only	A	7/7	canonical	1	0	unscoreable	6	0	0														not_admitted	not_admitted	not_admitted	not_admitted	not_admitted	not_admitted	not_admitted
NZ_CP015383.1	MPF_F	IncFIB(K);IncFII(K)	201	0	0	GA	0															not_admitted	not_admitted	not_admitted	not_admitted	not_admitted	not_admitted	not_admitted	not_admitted	not_admitted	not_admitted	1	173;154380;155369;+;363.3	184;161188;162555;+;383.5	180;159178;159930;+;233.7	169;150284;152923;+;259.0	187;164133;166751;+;302.5	157;143826;145250;+;88.0	169;150284;152923;+;88.7	155;142533;143099;+;167.9	175;155645;156292;+;66.9	176;156351;158306;+;259.7	191;169369;171681;+;392.8	161;146928;147512;+;53.8	191;169369;171681;+;65.9	A	9/9	contiguous	26836	1	1	166774..167376+;200;TraS;0
NZ_CP015386.1	MPF_F	IncFIB(K);IncFII(K)	208	0	0	GA	0															not_admitted	not_admitted	not_admitted	not_admitted	not_admitted	not_admitted	not_admitted	not_admitted	not_admitted	not_admitted	1	152;156705;157697;-;366.6	142;149884;151254;-;381.2	146;152456;153208;-;232.4	155;158723;161362;-;258.7	141;147035;149884;-;344.2	164;165177;166601;-;89.2	155;158723;161362;-;88.8	166;167328;167894;-;167.0	151;156054;156692;-;67.0	150;154051;156057;-;259.0	137;142913;145222;-;393.2	162;163996;164565;-;49.7	137;142913;145222;-;65.8	A	9/9	contiguous	24415	1	1	146709..147032-;107;unnamed;0
NZ_CP015387.1	MPF_F	IncFIA(pBK30683);IncFII(pBK30683)	163	0	0	GA	0															not_admitted	not_admitted	not_admitted	not_admitted	not_admitted	not_admitted	not_admitted	not_admitted	not_admitted	not_admitted	1	54;39306;40295;+;363.3	64;45842;47209;+;382.6	60;43832;44584;+;233.7	50;35210;37849;+;258.5	65;47209;50058;+;345.6	42;30529;31953;+;89.2	50;35210;37849;+;87.7	40;29236;29802;+;169.3	55;40308;40946;+;66.0	56;41005;42960;+;259.7	69;52544;54856;+;392.7	43;32067;32651;+;55.4	69;52544;54856;+;66.5	A	9/9	contiguous	23308	1	1	50071..50619+;182;unnamed;0
NZ_CP015388.1	MPF_F	IncFII	97	0	0	GA	0															not_admitted	not_admitted	not_admitted	not_admitted	not_admitted	not_admitted	not_admitted	not_admitted	not_admitted	not_admitted	1	74;64591;65583;+;369.5	84;71362;72735;+;381.7	79;68689;69432;+;234.4	71;60952;63582;+;304.1	85;72732;75554;+;374.0	63;55436;56887;+;94.2	71;60952;63582;+;97.1	61;54155;54721;+;184.3	76;65927;66565;+;68.6	77;66562;68412;+;266.1	89;77826;80024;+;391.2	66;57747;58262;+;78.4	89;77826;80024;+;70.3	A	9/9	contiguous	23671	1	1	75576..76055+;159;TraS;0
NZ_CP015390.1	-	pKPC-CAV1193	51	0	0	GA	1	7;6827;7516;+;46.2		9;7850;8224;+;34.6	10;8181;10691;+;76.2		11;10688;11356;+;61.5	13;11762;12694;+;126.7		15;12891;13694;+;102.2	16;13691;14515;+;149.0	17;14502;15797;+;142.5	19;16186;17262;+;57.1	21;17612;19222;+;220.5		pfam	pfam_only	A	7/7	canonical	1	0	unscoreable	5	0	0														not_admitted	not_admitted	not_admitted	not_admitted	not_admitted	not_admitted	not_admitted
NZ_CP015393.1	MPF_F	IncFIB(K);IncFII(K)	215	0	0	GA	0															not_admitted	not_admitted	not_admitted	not_admitted	not_admitted	not_admitted	not_admitted	not_admitted	not_admitted	not_admitted	1	130;125290;126279;-;366.0	120;118376;119743;-;380.7	124;121001;121753;-;233.7	134;127722;130361;-;258.5	119;115527;118376;-;345.6	142;133618;135042;-;88.8	134;127722;130361;-;88.7	144;135769;136083;-;82.5	129;124639;125277;-;67.0	128;122625;124580;-;259.7	115;110729;113041;-;392.7	141;132920;133504;-;55.4	115;110729;113041;-;66.5	A	9/9	contiguous	25040	1	1	114966..115514-;182;unnamed;0
NZ_CP015394.1	MPF_F	IncC	190	0	0	GA	0															not_admitted	not_admitted	not_admitted	not_admitted	not_admitted	not_admitted	not_admitted	not_admitted	not_admitted	not_admitted	1	94;67746;68753;+;332.9	178;143071;144504;+;339.2	177;142041;143069;+;221.7	89;62547;64994;+;354.5	179;144517;148131;+;375.3	84;53675;54991;+;135.0	89;62547;64994;+;128.3	82;52151;52777;+;92.7	92;65816;67081;+;67.9	95;68869;71667;+;145.3	73;46476;48341;+;47.3	85;54988;55566;+;100.2	73;46476;48341;+;52.0	A	9/9	split_2	98041	0	1	
NZ_CP015395.1	MPF_F	IncFIB(pQil);IncFII(K)	134	0	0	GA	0															not_admitted	not_admitted	not_admitted	not_admitted	not_admitted	not_admitted	not_admitted	not_admitted	not_admitted	not_admitted	1	80;78005;78997;-;366.6	70;71184;72554;-;381.2	74;73756;74508;-;232.4	83;80023;82662;-;258.7	69;68335;71184;-;344.2	92;86477;87901;-;89.2	83;80023;82662;-;88.8	94;88628;89194;-;169.3	79;77354;77992;-;67.0	78;75351;77357;-;259.0	65;64212;66521;-;393.2	90;85296;85865;-;49.7	65;64212;66521;-;65.8	A	9/9	contiguous	24416	1	1	67802..68332-;176;unnamed;0
NZ_CP015396.1	-	ColRNAI;IncFIA(HI1);IncFII(K);IncFII(pAR0022)	116	0	0	GA	0															not_admitted	not_admitted	not_admitted	not_admitted	not_admitted	not_admitted	not_admitted	not_admitted	not_admitted	not_admitted	1	102;90352;91350;+;370.2	107;95078;96442;+;350.2	105;93713;94483;+;204.8	99;86693;89314;+;216.9	108;96445;99315;+;243.4	96;84402;85733;+;85.3	99;86693;89314;+;92.2	94;83121;83696;+;87.7	103;91320;91748;+;64.0	104;91776;93713;+;231.2	112;101218;103350;+;376.5	98;86154;86684;+;34.9	112;101218;103350;+;67.6	A	9/9	contiguous	18097	1	1	99324..99560+;78;unnamed;0
NZ_CP015441.1	-	-	222	0	0	GA	0															not_admitted	not_admitted	not_admitted	not_admitted	not_admitted	not_admitted	not_admitted	not_admitted	not_admitted	not_admitted	1	99;96778;97803;+;396.6	104;101473;102915;+;358.0	103;100667;101473;+;226.2	93;91924;94479;+;433.8	105;102931;105747;+;366.2	90;89090;90379;+;96.5	93;91924;94479;+;98.9	88;87727;88290;+;167.0	100;97818;98555;+;101.2	101;98552;100291;+;273.9	190;186271;188667;-;479.6		190;186271;188667;-;59.6	B	8/9	split_2	98544	0	1	
NZ_CP015488.1	MPF_T	rep38	71	0	0	GA	1				40;34776;36791;+;23.9									46;40816;42366;+;461.5		none	none	D	2/7	uncallable	0	0	unscoreable	5	0	0														not_admitted	not_admitted	not_admitted	not_admitted	not_admitted	not_admitted	not_admitted
NZ_CP015501.1	MPF_F	IncFIB(pNDM-Mar);IncHI1B(pNDM-MAR)	289	0	0	GA	0															not_admitted	not_admitted	not_admitted	not_admitted	not_admitted	not_admitted	not_admitted	not_admitted	not_admitted	not_admitted	1	183;181609;182646;-;282.3	57;50684;52093;+;190.0	56;49657;50694;+;176.6	195;193478;196195;-;148.5	58;52095;56009;+;120.9	199;198308;199678;-;65.8	195;193478;196195;-;85.2	202;201324;202184;-;79.0	184;182643;184004;-;69.9	182;178417;181599;-;60.1	49;40331;42457;-;58.4	196;196240;196977;-;56.9	49;40331;42457;-;41.0	A	9/9	split_2	160993	0	1	
NZ_CP015503.1	MPF_F	IncFII	88	0	0	GA	0															not_admitted	not_admitted	not_admitted	not_admitted	not_admitted	not_admitted	not_admitted	not_admitted	not_admitted	not_admitted	1	24;17612;18604;+;369.5	34;24383;25756;+;381.7	29;21710;22453;+;234.4	21;13973;16603;+;304.1	35;25753;28575;+;374.0	14;9523;10974;+;94.2	21;13973;16603;+;97.1	12;8242;8808;+;174.3	26;18948;19586;+;68.6	27;19583;21433;+;266.1	39;30847;33108;+;391.1	17;11834;12349;+;78.4	39;30847;33108;+;70.3	A	9/9	contiguous	22605	1	1	28597..29076+;159;TraS;0
NZ_CP015505.1	MPF_T	IncN4	50	0	0	GA	1	36;28875;29615;-;34.8	34;28261;28551;-;45.9	33;27897;28211;-;65.3	32;25267;27897;-;124.9	32;25267;27897;-;86.8	31;24550;25257;-;112.9	29;23248;24291;-;127.4	28;22983;23153;-;41.4	27;22264;22980;-;145.6	26;21374;22261;-;144.4	25;20223;21377;-;174.0	24;19199;20230;-;78.1	19;13215;14792;+;50.6		pfam	both	A	7/7	canonical	1	0	ga	6	0	0														not_admitted	not_admitted	not_admitted	not_admitted	not_admitted	not_admitted	not_admitted
NZ_CP015522.1	-	-	89	0	0	GA	1	83;67363;68013;-;40.4	82;66964;67329;-;68.2	81;66598;66903;-;69.8	80;65248;66567;-;151.1	80;65248;66567;-;110.8	78;63457;64167;-;98.1	76;62097;63101;-;93.4		75;61016;61708;-;168.9	73;60181;60822;-;151.0	72;58986;60179;-;179.4	71;57979;58989;-;105.7	70;56247;58007;-;333.2		pfam	pfam_only	A	7/7	canonical	1	0	unscoreable	3	0	0														not_admitted	not_admitted	not_admitted	not_admitted	not_admitted	not_admitted	not_admitted
NZ_CP015602.1	-	-	39	0	0	GA	1	3;3980;4600;-;43.9	2;3708;3980;-;53.5	1;939;3689;-;37.9	1;939;3689;-;149.9	1;939;3689;-;50.1	0;225;929;-;96.8	38;28950;30017;-;152.4		37;28146;28832;-;139.9	36;27226;28149;-;126.7	35;26103;27242;-;167.6	34;25057;26106;-;83.3	32;22761;24590;-;344.8		pfam	pfam_only	A	7/7	rearranged	1	1	unscoreable	1	0	0														not_admitted	not_admitted	not_admitted	not_admitted	not_admitted	not_admitted	not_admitted
NZ_CP015617.1	MPF_T	-	51	0	0	GA	1	34;28266;28976;+;101.0	35;28987;29280;+;41.2		36;29292;32003;+;78.0	36;29292;32003;+;57.1	37;32000;32641;+;71.2	24;19347;20432;+;71.1		25;20432;21220;+;74.6	26;21235;21972;+;149.5	27;21974;23353;+;181.9	28;23369;24406;+;91.9	32;26486;28003;+;35.6		pfam	both	A	7/7	rearranged	1	0	unscoreable	3	0	0														not_admitted	not_admitted	not_admitted	not_admitted	not_admitted	not_admitted	not_admitted
NZ_CP015725.1	MPF_F	IncHI2;IncHI2A;IncN	223	0	0	GA	0															not_admitted	not_admitted	not_admitted	not_admitted	not_admitted	not_admitted	not_admitted	not_admitted	not_admitted	not_admitted	1	123;107643;108701;-;276.9			139;128272;130953;-;168.0		143;133283;134638;-;80.7	139;128272;130953;-;72.2	146;136362;137150;-;74.8	125;108843;110354;-;62.0	122;104436;107624;-;57.3		140;130962;131912;-;46.1		C	6/9	contiguous	31926	0	1	
NZ_CP015741.1	MPF_T	-	166	0	0	GA	1		73;73902;74279;+;72.9	74;74276;74560;+;66.9	75;74571;77027;+;166.8	75;74571;77027;+;119.8	76;76999;77802;+;54.1	78;77996;79174;+;114.1		79;79197;79859;+;131.4	80;79876;80688;+;188.6	82;81144;82442;+;215.6	72;72941;73912;+;135.8	94;91593;93527;+;537.6		conjscan	conjscan_only	A	7/7	canonical	1	0	unscoreable	14	0	0														not_admitted	not_admitted	not_admitted	not_admitted	not_admitted	not_admitted	not_admitted
NZ_CP015742.1	-	-	156	0	0	GA	1	72;54438;54998;+;89.8	73;55043;55366;+;73.2	74;55368;55658;+;66.8	75;55655;58066;+;138.8	75;55655;58066;+;96.8	77;59227;59943;+;49.8	79;60128;61147;+;125.9		82;61981;62715;+;185.7	83;62715;63497;+;183.2	84;63494;64915;+;194.3	85;64912;65910;+;135.6	86;65907;68030;+;270.2		pfam	pfam_only	A	7/7	canonical	1	0	unscoreable	3	0	0														not_admitted	not_admitted	not_admitted	not_admitted	not_admitted	not_admitted	not_admitted
NZ_CP015743.1	-	-	146	0	0	GA	1	102;91476;92036;+;88.8	103;92084;92407;+;76.8	104;92409;92699;+;69.7	105;92696;95107;+;141.8	105;92696;95107;+;100.8	107;96274;96990;+;45.3	109;97175;98194;+;126.0		112;99029;99763;+;184.3	113;99763;100545;+;181.5	114;100542;101963;+;190.4	115;101960;102958;+;134.7	116;102955;105078;+;270.5		pfam	pfam_only	A	7/7	canonical	1	0	unscoreable	3	0	0														not_admitted	not_admitted	not_admitted	not_admitted	not_admitted	not_admitted	not_admitted
NZ_CP015745.1	MPF_T	-	134	0	0	GA	1		84;81732;82115;+;72.9	85;82108;82407;+;64.7	86;82417;84873;+;179.5	86;82417;84873;+;121.6	87;84845;85648;+;42.2	89;85823;87001;+;109.9		90;87026;87688;+;136.4	91;87706;88518;+;190.2		83;80765;81742;+;129.8	42;40738;42714;-;544.6		conjscan	conjscan_only	B	6/7	canonical	1	0	unscoreable	2	0	0														not_admitted	not_admitted	not_admitted	not_admitted	not_admitted	not_admitted	not_admitted
NZ_CP015746.1	MPF_T	-	135	0	0	GA	1		58;45362;45748;-;77.6	57;45070;45369;-;64.5	56;42606;45059;-;169.8	56;42606;45059;-;122.1	55;41831;42634;-;58.0	53;40453;41634;-;111.9		52;39773;40435;-;138.9	51;38944;39756;-;193.0	49;37189;38493;-;218.5	59;45738;46709;-;137.7	34;21946;23868;-;541.8		conjscan	conjscan_only	A	7/7	canonical	1	0	unscoreable	3	0	0														not_admitted	not_admitted	not_admitted	not_admitted	not_admitted	not_admitted	not_admitted
NZ_CP015748.1	MPF_T	-	74	0	0	GA	1		3;3235;3639;+;72.1	4;3632;3931;+;63.4	5;3941;6409;+;190.5	5;3941;6409;+;131.3	6;6381;7190;+;42.5			11;8618;9295;+;121.4	12;9312;10166;+;189.9	14;10651;11961;+;223.2	2;2274;3245;+;131.0	39;35182;37110;-;550.7		conjscan	conjscan_only	B	6/7	uncallable	0	0	unscoreable	6	0	0														not_admitted	not_admitted	not_admitted	not_admitted	not_admitted	not_admitted	not_admitted
NZ_CP015754.1	MPF_F	IncFIA(pBK30683);IncFIB(K)(pCAV1099-114);IncFII(pKP91)	158	0	0	GA	0															not_admitted	not_admitted	not_admitted	not_admitted	not_admitted	not_admitted	not_admitted	not_admitted	not_admitted	not_admitted	1	91;116278;117267;-;360.1	81;109393;110760;-;384.1	85;112018;112770;-;234.4	95;118724;121363;-;259.0	80;106571;109393;-;346.4	103;124748;126172;-;89.3	95;118724;121363;-;89.1	105;126899;127465;-;169.3	90;115627;116265;-;64.7	89;113613;115568;-;258.0	76;101011;103323;-;393.1	102;124091;124675;-;54.6	76;101011;103323;-;66.6	A	9/9	contiguous	25888	1	1	105946..106548-;200;TraS;0
NZ_CP015823.1	MPF_F	IncFIB(K);IncFII(K)	216	0	0	GA	0															not_admitted	not_admitted	not_admitted	not_admitted	not_admitted	not_admitted	not_admitted	not_admitted	not_admitted	not_admitted	1	157;155422;156414;-;366.6	147;148601;149971;-;381.2	151;151173;151925;-;232.4	160;157440;160079;-;258.7	146;145752;148601;-;344.2	169;163894;165318;-;89.2	160;157440;160079;-;88.8	171;166045;166611;-;167.3	156;154771;155409;-;67.0	155;152768;154774;-;259.0	142;141629;143938;-;393.2	167;162713;163282;-;49.7	142;141629;143938;-;65.8	A	9/9	contiguous	24416	1	1	145219..145749-;176;unnamed;0
NZ_CP015824.1	MPF_F	IncFIB(pQil);IncFII(K)	126	0	0	GA	0															not_admitted	not_admitted	not_admitted	not_admitted	not_admitted	not_admitted	not_admitted	not_admitted	not_admitted	not_admitted	1	21;11169;12158;+;366.0	31;17705;19072;+;380.7	27;15695;16447;+;233.7	17;7087;9726;+;258.5	32;19072;21921;+;345.6	8;3345;3734;+;43.9	17;7087;9726;+;88.7	2;1101;1691;+;166.5	22;12171;12809;+;67.0	23;12868;14823;+;259.7	36;24407;26719;+;392.7	10;4053;4529;+;37.9	36;24407;26719;+;66.5	A	9/9	contiguous	23306	1	1	21934..22482+;182;unnamed;0
NZ_CP015833.1	MPF_F	IncHI2;IncHI2A	282	0	0	GA	0															not_admitted	not_admitted	not_admitted	not_admitted	not_admitted	not_admitted	not_admitted	not_admitted	not_admitted	not_admitted	1	29;31712;32770;+;276.9	188;165540;166955;-;194.1	189;166945;167991;-;174.3	11;8957;11638;+;168.0	187;161578;165531;-;101.6	7;5272;6627;+;80.7	11;8957;11638;+;72.2	4;2758;3546;+;74.8	27;30059;31570;+;62.0	31;34147;35976;+;58.6	196;175033;177117;+;56.8	10;7998;8948;+;46.1	196;175033;177117;+;38.8	A	9/9	split_3	172275	1	1	160108..161397-;429;unnamed;0
NZ_CP015835.1	MPF_F	IncC	169	0	0	GA	0															not_admitted	not_admitted	not_admitted	not_admitted	not_admitted	not_admitted	not_admitted	not_admitted	not_admitted	not_admitted	1	94;71322;72329;+;332.9	158;126329;127762;+;339.2	157;125299;126327;+;221.7	89;66123;68570;+;354.2	159;127775;131389;+;375.3	80;52812;54128;+;135.0	89;66123;68570;+;128.6	78;51288;51914;+;92.1	92;69392;70657;+;67.6	95;72445;75240;+;145.3	69;45613;47478;+;47.4	81;54125;54703;+;100.2	69;45613;47478;+;52.0	A	9/9	split_2	82162	0	1	
NZ_CP015836.1	MPF_F	IncFIB(pB171);IncFII	168	0	0	GA	0															not_admitted	not_admitted	not_admitted	not_admitted	not_admitted	not_admitted	not_admitted	not_admitted	not_admitted	not_admitted	1	15;7002;7994;-;372.1	154;128325;129698;-;380.7	159;131288;132031;-;233.3	18;9003;11630;-;303.5	153;125509;128328;-;386.2	23;13759;15210;-;94.6	18;9003;11630;-;100.3	25;15925;16491;-;183.2	14;6355;6993;-;68.6	11;3880;5643;-;267.9	150;121779;123977;-;391.7	19;12146;12661;-;79.0	150;121779;123977;-;70.4	A	9/9	split_2	127408	1	1	124993..125484-;163;TraS;0
NZ_CP015845.2	MPF_T	IncX4	45	0	0	GA	1	13;8029;8640;+;53.8	14;8612;8926;+;30.3	15;8984;9304;+;39.0	16;9307;11679;+;81.6	16;9307;11679;+;33.6	10;6058;6699;-;33.9	11;6701;7696;-;124.7		18;11810;12547;+;158.9	19;12544;13323;+;167.2	20;13313;14455;+;143.5	21;14455;15474;+;91.9	22;15525;17492;+;290.5		pfam	pfam_only	A	7/7	uncallable	0	0	unscoreable	2	0	0														not_admitted	not_admitted	not_admitted	not_admitted	not_admitted	not_admitted	not_admitted
NZ_CP015862.1	MPF_T	-	41	0	0	GA	1				34;31515;33530;-;24.2									28;25976;27487;-;466.6		none	none	D	2/7	uncallable	0	0	unscoreable	5	0	0														not_admitted	not_admitted	not_admitted	not_admitted	not_admitted	not_admitted	not_admitted
NZ_CP015881.1	MPF_T	-	1564	0	0	GA	1	403;463198;464652;+;58.9	962;1071085;1071384;-;87.1	961;1070739;1071080;-;105.9	960;1068380;1070764;-;162.1	960;1068380;1070764;-;109.9	959;1067682;1068380;-;201.0	957;1066515;1067450;-;162.4		955;1065527;1066198;-;207.8	954;1064673;1065527;-;175.2	953;1063491;1064663;-;183.2	952;1062488;1063480;-;99.2	1007;1110610;1112523;+;331.0		pfam	both	A	7/7	canonical	1	0	unscoreable	2	0	0														not_admitted	not_admitted	not_admitted	not_admitted	not_admitted	not_admitted	not_admitted
NZ_CP015884.1	MPF_T	-	138	0	0	GA	1				18;15773;18130;+;24.7			16;14631;15458;+;30.9						14;12499;14277;+;160.1		none	none	D	3/7	rearranged	0	0	unscoreable	2	0	0														not_admitted	not_admitted	not_admitted	not_admitted	not_admitted	not_admitted	not_admitted
NZ_CP015913.1	MPF_T	IncI2(Delta)	82	0	0	GA	1	56;43850;44332;-;81.1		71;59922;60206;-;36.6	70;57559;59916;-;58.5	70;57559;59916;-;44.9	1;455;1099;-;41.9	2;1105;2100;-;123.7		68;56659;57393;-;144.3	67;55892;56662;-;170.4	66;54763;55902;-;154.7	59;46100;47638;-;207.1	64;51715;53673;-;286.9		pfam	pfam_only	A	7/7	canonical	1	0	unscoreable	8	0	0														not_admitted	not_admitted	not_admitted	not_admitted	not_admitted	not_admitted	not_admitted
NZ_CP015914.1	MPF_F	IncFIB(AP001918);IncFIC(FII)	141	0	0	GA	0															not_admitted	not_admitted	not_admitted	not_admitted	not_admitted	not_admitted	not_admitted	not_admitted	not_admitted	not_admitted	1	28;30709;31701;-;369.3	20;24640;26013;-;380.7	24;27234;27977;-;232.7	31;32710;35337;-;303.5	19;21821;24643;-;380.3	35;37249;38676;-;94.3	31;32710;35337;-;100.3	37;39391;39957;-;183.8	27;30062;30700;-;68.3	26;28257;30065;-;268.3	16;18125;20287;-;391.8	32;35853;36368;-;78.0	16;18125;20287;-;70.4	A	9/9	contiguous	21266	1	1	21303..21800-;165;TraS;0
NZ_CP015940.1	MPF_F	-	53	0	0	GA	0															not_admitted	not_admitted	not_admitted	not_admitted	not_admitted	not_admitted	not_admitted	not_admitted	not_admitted	not_admitted	1	3;3796;4740;+;361.1	8;8099;9463;+;375.0	6;6847;7593;+;211.0	0;182;2809;+;274.7	9;9475;12282;+;388.8	52;56619;58025;+;75.9	0;182;2809;+;117.8	50;55381;55950;+;191.1	4;4697;5176;+;54.8	5;5169;6860;+;247.8	11;12963;14798;+;407.8		11;12963;14798;+;67.0	B	8/9	split_2	56437	1	1	12284..12871+;195;unnamed;0
NZ_CP015942.1	MPF_F	-	36	0	0	GA	0															not_admitted	not_admitted	not_admitted	not_admitted	not_admitted	not_admitted	not_admitted	not_admitted	not_admitted	not_admitted	1	35;32728;33357;-;258.2	30;28004;29368;-;380.3	32;29874;30623;-;211.6	2;1310;3928;-;270.2	29;25160;27991;-;393.2	4;4176;5549;-;73.4	2;1310;3928;-;110.9	6;6251;6820;-;196.8	34;32298;32771;-;57.4	33;30610;32301;-;239.3	27;22540;24405;-;398.3		27;22540;24405;-;75.2	B	8/9	contiguous	31418	1	1	24405..25160-;251;unnamed;0
NZ_CP015943.1	MPF_F	-	71	0	0	GA	0															not_admitted	not_admitted	not_admitted	not_admitted	not_admitted	not_admitted	not_admitted	not_admitted	not_admitted	not_admitted	1	54;51645;52622;+;356.6	59;56366;57748;+;322.9	57;55136;55882;+;145.7	51;48126;50675;+;180.5	60;57745;60630;+;236.0	50;46411;47877;+;45.2	51;48126;50675;+;89.0	48;45083;45643;+;102.2	55;52634;53299;+;83.2	56;53292;55103;+;210.1	62;61402;63189;+;398.1		62;61402;63189;+;81.8	B	8/9	contiguous	16319	1	1	60590..61246+;218;unnamed;0
NZ_CP015948.1	MPF_F	-	72	0	0	GA	0															not_admitted	not_admitted	not_admitted	not_admitted	not_admitted	not_admitted	not_admitted	not_admitted	not_admitted	not_admitted	1	9;14607;15584;-;356.6	4;9481;10863;-;322.9	6;11347;12093;-;145.7	12;16554;19103;-;180.5	3;6599;9484;-;236.0	13;19352;20818;-;45.2	12;16554;19103;-;89.0	15;21586;22146;-;102.2	8;13930;14595;-;83.2	7;12126;13937;-;210.1	1;4040;5827;-;398.1		1;4040;5827;-;81.8	B	8/9	contiguous	17546	1	1	5983..6639-;218;unnamed;0
NZ_CP015952.1	MPF_F	-	72	0	0	GA	0															not_admitted	not_admitted	not_admitted	not_admitted	not_admitted	not_admitted	not_admitted	not_admitted	not_admitted	not_admitted	1	24;20663;21640;+;356.6	29;25384;26766;+;322.9	27;24154;24900;+;145.7	21;17144;19693;+;180.5	30;26763;29648;+;236.0	20;15429;16895;+;45.2	21;17144;19693;+;89.0	18;14101;14661;+;102.2	25;21652;22317;+;83.2	26;22310;24121;+;210.1	32;30420;32207;+;398.1		32;30420;32207;+;81.8	B	8/9	contiguous	16319	1	1	29608..30264+;218;unnamed;0
NZ_CP015957.1	MPF_F	-	51	0	0	GA	0															not_admitted	not_admitted	not_admitted	not_admitted	not_admitted	not_admitted	not_admitted	not_admitted	not_admitted	not_admitted	1	49;45355;46338;+;362.8	2;1360;2724;+;379.4	0;105;854;+;208.2	46;41780;44398;+;267.0	3;2754;5567;+;390.1	44;40165;41532;+;74.6	46;41780;44398;+;108.9	42;38891;39460;+;194.1	50;46295;46768;+;62.7		5;6322;8187;+;397.6		5;6322;8187;+;75.5	C	7/9	split_2	46190	1	0	5567..6322+;251;unnamed;0
NZ_CP015988.1	MPF_F	-	270	0	0	GA	0															not_admitted	not_admitted	not_admitted	not_admitted	not_admitted	not_admitted	not_admitted	not_admitted	not_admitted	not_admitted	1	221;227512;228531;+;394.9	225;232959;234425;+;367.4	224;232150;232959;+;237.1	215;222510;225092;+;468.9	226;234439;237213;+;360.0	212;219505;220821;+;107.0	215;222510;225092;+;99.5	210;218139;218702;+;182.4	222;228563;229312;+;103.1	223;229309;232119;+;228.5	4;1655;3952;-;535.8	214;221674;222510;+;22.8	4;1655;3952;-;66.5	A	9/9	split_2	232784	0	1	
NZ_CP015989.1	MPF_T	-	215	0	0	GA	1	64;56104;56778;+;49.3	65;56775;57116;+;79.7	66;57127;57462;+;82.9	67;57455;59872;+;166.5	67;57455;59872;+;117.8	68;59877;60587;+;181.5	70;60830;61774;+;123.8		72;62097;62786;+;169.1	73;62783;63640;+;188.4	74;63646;64863;+;180.4	75;64866;65870;+;101.2	76;65836;67848;+;344.6		pfam	both	A	7/7	canonical	1	0	unscoreable	2	0	0														not_admitted	not_admitted	not_admitted	not_admitted	not_admitted	not_admitted	not_admitted
NZ_CP016008.1	MPF_T	IncX4	64	0	0	GA	1	32;16614;17234;+;46.9	33;17248;17574;+;64.4	34;17593;20340;+;62.7	34;17593;20340;+;151.8	34;17593;20340;+;46.1	35;20352;21068;+;97.3	36;21079;21651;+;113.2						37;21797;23209;+;314.3		pfam	pfam_only	D	3/7	canonical	1	1	unscoreable	0	0	0														not_admitted	not_admitted	not_admitted	not_admitted	not_admitted	not_admitted	not_admitted
NZ_CP016011.1	MPF_T	IncFII(29);IncFII(p96A)	74	0	0	GA	1	31;29613;30095;-;89.1	57;54828;55181;-;32.1	56;54457;54828;-;35.8	55;52008;54500;-;62.7		53;49782;50459;-;53.3	51;48349;49293;-;116.1		50;47342;48193;-;100.4	49;46530;47345;-;160.4	48;45193;46533;-;131.9	38;35151;36713;-;194.6	44;41789;43408;-;236.7		pfam	pfam_only	A	7/7	canonical	1	0	unscoreable	14	0	0														not_admitted	not_admitted	not_admitted	not_admitted	not_admitted	not_admitted	not_admitted
NZ_CP016013.1	MPF_F	IncC	150	0	0	GA	0															not_admitted	not_admitted	not_admitted	not_admitted	not_admitted	not_admitted	not_admitted	not_admitted	not_admitted	not_admitted	1	120;101897;102904;+;332.9	5;5083;6516;+;339.2	4;4053;5081;+;221.7	115;96698;99145;+;354.2	6;6529;10143;+;375.3	98;71756;73072;+;135.0	115;96698;99145;+;128.6	96;70232;70858;+;92.1	118;99967;101232;+;67.6	121;103020;105815;+;145.3	87;64558;66423;+;47.4	99;73069;73647;+;100.2	87;64558;66423;+;52.0	A	9/9	split_3	98967	0	1	
NZ_CP016024.1	MPF_T	-	396	0	0	GA	1		101;63992;64351;-;56.6	100;63656;63976;-;43.2	99;61128;63662;-;41.9	99;61128;63662;-;79.5	98;60374;61135;-;28.4	96;58153;59454;-;43.7		92;54743;55441;-;97.2	91;53979;54743;-;170.6	90;52648;53982;-;142.4	84;44781;46706;-;172.6	105;66757;68646;-;30.9		conjscan	conjscan_only	A	7/7	canonical	1	0	unscoreable	11	0	0														not_admitted	not_admitted	not_admitted	not_admitted	not_admitted	not_admitted	not_admitted
NZ_CP016031.1	MPF_F	-	140	0	0	GA	0															not_admitted	not_admitted	not_admitted	not_admitted	not_admitted	not_admitted	not_admitted	not_admitted	not_admitted	not_admitted	1	66;67033;67998;-;347.3	61;61889;63259;-;321.2	63;63777;64565;-;140.4	69;68988;71705;-;204.8	60;59133;61892;-;260.5	70;71814;73268;-;45.2	69;68988;71705;-;101.7	72;73999;74556;-;94.4	65;66354;67016;-;81.2	64;64562;66325;-;214.0	59;57051;59054;-;365.3		59;57051;59054;-;70.6	B	8/9	contiguous	16948	1	1	57051..59054-;667;unnamed;0
NZ_CP016080.1	MPF_T	-	479	0	0	GA	1	309;314090;314866;-;94.7	251;267921;268253;+;92.4	252;268253;268534;+;31.4	253;268545;270995;+;35.6	253;268545;270995;+;130.9	254;270992;271750;+;241.7	256;272071;273441;+;196.8		257;273445;274134;+;228.5	258;274131;275183;+;215.8	259;275180;276337;+;227.6	250;266941;267924;+;119.3	307;310095;312083;-;334.6		conjscan	conjscan_only	A	7/7	canonical	1	0	unscoreable	3	0	0														not_admitted	not_admitted	not_admitted	not_admitted	not_admitted	not_admitted	not_admitted
NZ_CP016160.1	MPF_F	IncFIA(pBK30683);IncFIB(K)(pCAV1099-114);IncFII(pKP91)	159	0	0	GA	0															not_admitted	not_admitted	not_admitted	not_admitted	not_admitted	not_admitted	not_admitted	not_admitted	not_admitted	not_admitted	1	127;144166;145155;-;360.1	117;137281;138648;-;384.1	121;139906;140658;-;234.4	131;146612;149251;-;259.0	116;134459;137281;-;346.4	139;152636;154060;-;89.3	131;146612;149251;-;89.1	141;154787;155353;-;169.3	126;143515;144153;-;64.7	125;141501;143456;-;258.0	112;128899;131211;-;393.1	138;151979;152563;-;54.6	112;128899;131211;-;66.6	A	9/9	contiguous	25888	1	1	133834..134436-;200;TraS;0
NZ_CP016179.1	-	-	428	0	0	GA	0															not_admitted	not_admitted	not_admitted	not_admitted	not_admitted	not_admitted	not_admitted	not_admitted	not_admitted	not_admitted	1				81;70633;73470;+;118.7	59;49602;51302;+;48.8						390;309723;311876;+;45.0		390;309723;311876;+;43.9	D	2/9	split_3	260121	1	0	51430..51936+;168;unnamed;0
NZ_CP016183.1	MPF_F	IncFIA(HI1);IncHI1A;IncHI1B(R27)	242	0	0	GA	0															not_admitted	not_admitted	not_admitted	not_admitted	not_admitted	not_admitted	not_admitted	not_admitted	not_admitted	not_admitted	1	69;56837;57889;-;277.6	219;208414;209829;-;201.7	220;209819;210865;-;171.3	86;77286;79967;-;160.6	218;204554;208405;-;103.3	91;82314;83672;-;84.0	86;77286;79967;-;76.5	94;85339;86124;-;68.7	71;58034;59542;-;65.6	68;53638;56814;-;58.9	226;217800;219884;+;50.2	87;79976;80926;-;45.2	226;217800;219884;+;36.5	A	9/9	split_2	164162	0	1	
NZ_CP016184.1	MPF_F	IncFIA(HI1);IncHI1A;IncHI1B(R27)	269	0	0	GA	0															not_admitted	not_admitted	not_admitted	not_admitted	not_admitted	not_admitted	not_admitted	not_admitted	not_admitted	not_admitted	1	103;87056;88108;-;277.6	222;187291;188706;+;201.7	221;186255;187301;+;171.3	126;110007;112688;-;160.6	223;188715;192704;+;103.1	130;115036;116394;-;84.0	126;110007;112688;-;76.5	133;118061;118846;-;68.7	105;88253;89761;-;65.6	102;83857;87033;-;58.9	215;177236;179320;-;50.2	127;112697;113647;-;45.2	215;177236;179320;-;36.5	A	9/9	split_3	104858	0	1	
NZ_CP016185.1	MPF_T	IncI2(Delta)	74	0	0	GA	1	38;34173;34655;-;81.1		53;50262;50546;-;36.6	52;47899;50256;-;58.5	52;47899;50256;-;44.9	62;55358;56002;-;41.0	63;56008;57003;-;123.9		50;46999;47733;-;144.3	49;46232;47002;-;170.5	48;45103;46242;-;154.7	41;36434;37972;-;207.1	46;42055;44013;-;289.6		pfam	pfam_only	A	7/7	rearranged	1	0	unscoreable	14	0	0														not_admitted	not_admitted	not_admitted	not_admitted	not_admitted	not_admitted	not_admitted
NZ_CP016186.1	MPF_T	IncI2(Delta)	73	0	0	GA	1	37;32656;33138;-;81.1		52;48745;49029;-;36.6	51;46382;48739;-;58.5	51;46382;48739;-;44.9	61;53841;54485;-;41.0	62;54491;55486;-;123.9		49;45482;46216;-;144.3	48;44715;45485;-;170.5	47;43586;44725;-;154.7	40;34917;36455;-;207.1	45;40538;42496;-;289.6		pfam	pfam_only	A	7/7	rearranged	1	0	unscoreable	14	0	0														not_admitted	not_admitted	not_admitted	not_admitted	not_admitted	not_admitted	not_admitted
NZ_CP016187.1	MPF_T	IncI2(Delta)	74	0	0	GA	1	38;33391;33873;-;81.1		54;49478;49762;-;36.6	53;47589;49472;-;58.7	53;47589;49472;-;45.4	63;54574;55218;-;41.0	64;55224;56219;-;123.9		50;46216;46950;-;144.3	49;45449;46219;-;170.5	48;44299;45459;-;130.5	41;35652;37190;-;207.1	46;41273;43231;-;289.6		pfam	pfam_only	A	7/7	rearranged	1	0	unscoreable	15	0	0														not_admitted	not_admitted	not_admitted	not_admitted	not_admitted	not_admitted	not_admitted
NZ_CP016287.1	MPF_T	-	1236	0	0	GA	1	314;328995;329657;+;24.8	315;329654;329953;+;90.3	316;329953;330297;+;104.0	317;330290;332656;+;173.3	317;330290;332656;+;111.8	318;332656;333354;+;199.8	320;333588;334508;+;167.2		322;334844;335515;+;208.1	323;335512;336369;+;185.5	324;336379;337551;+;171.6	325;337559;338554;+;107.6	410;419276;421213;+;549.2		pfam	both	A	7/7	canonical	1	0	unscoreable	2	0	0														not_admitted	not_admitted	not_admitted	not_admitted	not_admitted	not_admitted	not_admitted
NZ_CP016288.1	MPF_T	-	243	0	0	GA	1	128;127083;128258;-;72.0	131;131089;131448;-;52.9	130;130759;131085;-;46.7	129;128236;130755;-;140.8	129;128236;130755;-;93.7		125;124987;126060;-;88.5		124;124223;124891;-;108.4	123;123396;124226;-;183.9	122;122215;123384;-;148.2	121;121002;122051;-;128.8	120;118316;121033;-;228.0		none	none	A	7/7	canonical	0	0	unscoreable	2	0	0														not_admitted	not_admitted	not_admitted	not_admitted	not_admitted	not_admitted	not_admitted
NZ_CP016290.1	MPF_T	-	557	0	0	GA	1		233;238445;238828;+;73.3	234;238818;239120;+;67.4	235;239131;241581;+;167.5	235;239131;241581;+;122.7	236;241559;242356;+;49.8	238;242528;243715;+;111.3		239;243738;244400;+;127.8	240;244418;245230;+;183.9	242;245686;246984;+;213.4	232;237478;238455;+;131.4	254;257184;259118;+;542.4		conjscan	conjscan_only	A	7/7	canonical	1	0	unscoreable	3	0	0														not_admitted	not_admitted	not_admitted	not_admitted	not_admitted	not_admitted	not_admitted
NZ_CP016292.1	MPF_T	-	291	0	0	GA	1	37;31029;31733;-;83.7	93;90757;91149;+;74.1	35;30361;30657;-;68.0	95;91452;93887;+;173.6	95;91452;93887;+;122.3	96;93880;94689;+;58.8	98;94880;96061;+;111.5		102;97591;97989;+;79.1	103;98005;98835;+;188.4	105;99301;100602;+;217.3	92;89802;90767;+;128.6	118;112323;114293;+;556.9		conjscan	conjscan_only	A	7/7	canonical	1	0	unscoreable	6	0	0														not_admitted	not_admitted	not_admitted	not_admitted	not_admitted	not_admitted	not_admitted
NZ_CP016297.1	MPF_F	-	104	0	0	GA	0															not_admitted	not_admitted	not_admitted	not_admitted	not_admitted	not_admitted	not_admitted	not_admitted	not_admitted	not_admitted	1	33;25574;26617;+;369.2	38;30600;32027;+;325.8	36;29386;30198;+;219.1	29;21286;24012;+;164.6	39;32043;35045;+;208.7	25;18288;19604;+;102.7	29;21286;24012;+;108.4	23;16997;17575;+;83.7	34;26632;27339;+;107.6	35;27336;29393;+;91.0	1;1053;3212;+;381.3	28;20632;21276;+;41.9	1;1053;3212;+;90.0	A	9/9	contiguous	30990	1	1	35117..35635+;172;unnamed;0
NZ_CP016302.1	MPF_F	-	105	0	0	GA	0															not_admitted	not_admitted	not_admitted	not_admitted	not_admitted	not_admitted	not_admitted	not_admitted	not_admitted	not_admitted	1	33;24679;25722;+;369.2	38;29705;31132;+;325.8	36;28491;29303;+;219.1	29;20391;23117;+;164.6	39;31148;34150;+;208.7	25;17393;18709;+;102.7	29;20391;23117;+;108.4	23;16309;16680;+;51.2	34;25737;26444;+;107.6	35;26441;28498;+;91.0	1;1053;3212;+;381.3	28;19737;20381;+;41.9	1;1053;3212;+;90.0	A	9/9	contiguous	30095	1	1	34222..34740+;172;unnamed;0
NZ_CP016309.1	MPF_G	-	156	0	0	GA	0															not_admitted	not_admitted	not_admitted	not_admitted	not_admitted	not_admitted	not_admitted	not_admitted	not_admitted	not_admitted	1	71;56054;57022;+;109.7			70;53343;56057;+;103.2	74;58567;60159;+;108.8						56;44204;46375;+;28.2		56;44204;46375;+;35.7	D	3/9	contiguous	14363	0	0	
NZ_CP016367.1	-	-	85	0	0	GA	1	55;61017;62105;-;67.5	58;64929;65213;-;85.5	57;64630;64905;-;56.6	56;62271;64640;-;83.9	56;62271;64640;-;61.4	54;60218;61027;-;73.2	52;58722;59723;-;96.9		51;58075;58719;-;164.8	50;57340;58071;-;141.2	49;55880;57337;-;168.8	48;54771;55769;-;108.4	42;41796;43733;+;275.9		pfam	pfam_only	A	7/7	canonical	1	0	unscoreable	1	0	0														not_admitted	not_admitted	not_admitted	not_admitted	not_admitted	not_admitted	not_admitted
NZ_CP016388.1	MPF_T	IncI2	80	0	0	GA	1	69;48426;48908;-;81.1	5;4425;4715;-;28.9	4;4034;4318;-;36.5	3;1671;4028;-;60.7	3;1671;4028;-;44.1	15;9462;10103;-;42.8	16;10109;11104;-;128.5		1;771;1505;-;144.4	0;4;774;-;170.5	79;59371;60387;-;155.1	72;50676;52214;-;207.1	77;56291;58249;-;287.0		pfam	pfam_only	A	7/7	rearranged	1	0	unscoreable	15	1	0														not_admitted	not_admitted	not_admitted	not_admitted	not_admitted	not_admitted	not_admitted
NZ_CP016389.1	MPF_F	IncFII	80	0	0	GA	0															not_admitted	not_admitted	not_admitted	not_admitted	not_admitted	not_admitted	not_admitted	not_admitted	not_admitted	not_admitted	1	64;53044;54036;+;369.5	74;59815;61188;+;381.7	69;57142;57885;+;234.4	61;49405;52035;+;304.1	75;61185;64007;+;374.0	54;44955;46406;+;94.2	61;49405;52035;+;97.1	52;43674;44240;+;174.3	66;54380;55018;+;68.6	67;55015;56865;+;266.1	61;49405;52035;+;21.8	57;47266;47781;+;78.4		A	9/9	contiguous	17511	1	1	64029..64508+;159;TraS;0
NZ_CP016390.1	MPF_F	IncFIB(S);IncFII(S);IncFII(pAR0022)	116	0	0	GA	0															not_admitted	not_admitted	not_admitted	not_admitted	not_admitted	not_admitted	not_admitted	not_admitted	not_admitted	not_admitted	1	97;72225;73217;+;366.7	106;78465;79847;+;392.4	103;76684;77433;+;231.0	94;68590;71238;+;314.1	107;79844;82666;+;394.4	86;64636;66057;+;91.5	94;68590;71238;+;97.8	84;63343;63909;+;188.1	99;73529;74167;+;70.6	101;74620;76446;+;271.0	110;84320;86482;+;374.1	89;66863;67378;+;96.7	110;84320;86482;+;72.1	A	9/9	contiguous	20977	1	1	82688..83176+;162;TraS;0
NZ_CP016405.1	MPF_T	IncI2	83	0	0	GA	1	43;34184;34666;-;81.1		58;50256;50540;-;36.6	57;47893;50250;-;58.5	57;47893;50250;-;44.9	70;56691;57335;-;41.0	71;57341;58336;-;123.7		55;46993;47727;-;144.3	54;46226;46996;-;170.5	53;45097;46236;-;154.7	46;36434;37972;-;207.1	51;42049;44007;-;289.6		pfam	pfam_only	A	7/7	rearranged	1	0	unscoreable	17	0	0														not_admitted	not_admitted	not_admitted	not_admitted	not_admitted	not_admitted	not_admitted
NZ_CP016416.1	MPF_G	-	155	0	0	GA	0															not_admitted	not_admitted	not_admitted	not_admitted	not_admitted	not_admitted	not_admitted	not_admitted	not_admitted	not_admitted	1	26;22463;23233;-;76.2			27;23230;25944;-;104.1	22;19127;20719;-;108.2								44;34058;35149;-;35.8	D	3/9	contiguous	14931	0	0	
NZ_CP016446.1	MPF_T	-	63	0	0	GA	1	58;49821;50693;-;21.6		56;48980;49270;-;58.5	55;46332;48980;-;103.5	55;46332;48980;-;88.6	54;45557;46330;-;104.7	52;44226;45293;-;123.7		51;43227;43946;-;132.5	50;42346;43224;-;151.5	49;41192;42349;-;161.8	48;40149;41180;-;80.5	43;33680;35218;+;47.3		pfam	both	A	7/7	canonical	1	0	unscoreable	6	0	0														not_admitted	not_admitted	not_admitted	not_admitted	not_admitted	not_admitted	not_admitted
NZ_CP016451.1	MPF_T	-	258	0	0	GA	1		22;20699;21103;-;70.3	21;20407;20706;-;61.0	20;17929;20397;-;187.5	20;17929;20397;-;131.1	19;17148;17957;-;47.5	17;15740;16930;-;109.0		16;15045;15722;-;120.1	15;14176;15027;-;188.8	13;12366;13688;-;225.0	23;21093;22064;-;131.3	160;165281;167251;-;549.9		conjscan	conjscan_only	A	7/7	canonical	1	0	unscoreable	3	0	0														not_admitted	not_admitted	not_admitted	not_admitted	not_admitted	not_admitted	not_admitted
NZ_CP016453.1	MPF_F	-	804	0	0	GA	0															not_admitted	not_admitted	not_admitted	not_admitted	not_admitted	not_admitted	not_admitted	not_admitted	not_admitted	not_admitted	1	267;286755;287768;+;333.8	274;294074;295498;+;282.9	272;292537;293427;+;200.6	263;282645;285167;+;220.3	275;295507;299247;+;169.5	261;280631;281977;+;99.7	263;282645;285167;+;120.6	259;279242;279877;+;90.7	270;291082;291972;+;102.6	269;290016;291110;+;91.5	206;231298;233388;-;417.9	262;281977;282648;+;105.1	206;231298;233388;-;83.0	A	9/9	split_2	64209	0	1	
NZ_CP016457.1	MPF_F	-	142	0	0	GA	0															not_admitted	not_admitted	not_admitted	not_admitted	not_admitted	not_admitted	not_admitted	not_admitted	not_admitted	not_admitted	1	101;91196;92218;-;398.6	95;85635;87101;-;370.3	96;87101;87931;-;250.8	107;94702;97299;-;472.9	94;82802;85615;-;358.5	110;99212;100534;-;106.3	107;94702;97299;-;100.9	112;101336;101902;-;191.2	100;90439;91185;-;115.1	99;88541;90442;-;278.5	37;21573;23876;+;548.9	108;97301;98344;-;29.0	37;21573;23876;+;60.9	A	9/9	split_2	79763	0	1	
NZ_CP016462.1	-	-	189	0	0	GA	0															not_admitted	not_admitted	not_admitted	not_admitted	not_admitted	not_admitted	not_admitted	not_admitted	not_admitted	not_admitted	1	57;56532;57572;+;392.6	62;61234;62676;+;356.3	61;60431;61234;+;228.7	51;51533;54106;+;416.2	63;62689;65475;+;357.1	48;48667;49956;+;97.3	51;51533;54106;+;97.6	46;47298;47864;+;162.2	58;57583;58320;+;101.2	59;58317;60053;+;265.3	141;146780;149176;-;479.8		141;146780;149176;-;58.7	B	8/9	split_2	99482	0	1	
NZ_CP016469.1	MPF_T	rep38	51	0	0	GA	1				30;26166;26888;+;26.1									37;32209;33759;+;462.8		none	none	D	2/7	uncallable	0	0	unscoreable	6	0	0														not_admitted	not_admitted	not_admitted	not_admitted	not_admitted	not_admitted	not_admitted
NZ_CP016471.1	MPF_T	rep38	52	0	0	GA	1				19;15959;17974;+;23.6									24;22000;23544;+;464.0		none	none	D	2/7	uncallable	0	0	unscoreable	4	0	0														not_admitted	not_admitted	not_admitted	not_admitted	not_admitted	not_admitted	not_admitted
NZ_CP016492.1	MPF_T	-	39	0	0	GA	1				21;16767;18713;+;25.1									27;22741;24252;+;466.6		none	none	D	2/7	uncallable	0	0	unscoreable	5	0	0														not_admitted	not_admitted	not_admitted	not_admitted	not_admitted	not_admitted	not_admitted
NZ_CP016498.1	MPF_F	Col156;IncFIB(AP001918);IncFII	167	0	0	GA	0															not_admitted	not_admitted	not_admitted	not_admitted	not_admitted	not_admitted	not_admitted	not_admitted	not_admitted	not_admitted	1	109;105897;106889;-;369.5	94;97056;98429;-;381.7	101;100634;101377;-;234.4	112;107897;110422;-;298.0	93;94240;97059;-;373.5	120;113794;115245;-;93.8	112;107897;110422;-;99.2	122;115960;116526;-;174.3	106;104316;104954;-;70.8	103;101654;103504;-;270.8	89;89718;91970;-;391.7	117;112419;112934;-;82.8	89;89718;91970;-;70.3	A	9/9	contiguous	26242	1	1	93724..94215-;163;TraS;0
NZ_CP016500.1	-	-	312	0	0	GA	1		298;309638;310030;-;66.7	297;309342;309641;-;65.0	296;306877;309327;-;136.4	296;306877;309327;-;106.7	295;306084;306902;-;31.7	294;304846;305961;-;108.3		293;304181;304846;-;131.9	292;303298;304122;-;182.2	290;301429;302763;-;199.2	299;310048;310983;-;137.0	213;227723;229660;-;505.4		conjscan	conjscan_only	A	7/7	canonical	1	0	unscoreable	2	0	0														not_admitted	not_admitted	not_admitted	not_admitted	not_admitted	not_admitted	not_admitted
NZ_CP016506.1	MPF_T	IncX1	44	0	0	GA	1	18;16432;17079;-;45.2	17;16158;16454;-;77.5	16;13386;16139;-;46.6	16;13386;16139;-;148.1	16;13386;16139;-;75.3	15;12626;13375;-;66.6	13;11254;12315;-;134.6		12;10296;11009;-;120.0	11;9362;10291;-;133.8	10;8160;9365;-;134.4	9;7127;8158;-;76.5	8;5289;7124;-;488.6		pfam	pfam_only	A	7/7	canonical	1	1	unscoreable	1	0	0														not_admitted	not_admitted	not_admitted	not_admitted	not_admitted	not_admitted	not_admitted
NZ_CP016509.1	MPF_T	IncX1	44	0	0	GA	1	18;16432;17079;-;45.2	17;16158;16454;-;77.5	16;13386;16139;-;46.6	16;13386;16139;-;148.1	16;13386;16139;-;75.3	15;12626;13375;-;66.6	13;11254;12315;-;134.6		12;10296;11009;-;120.0	11;9362;10291;-;133.8	10;8160;9365;-;134.4	9;7127;8158;-;76.5	8;5289;7124;-;488.6		pfam	pfam_only	A	7/7	canonical	1	1	unscoreable	1	0	0														not_admitted	not_admitted	not_admitted	not_admitted	not_admitted	not_admitted	not_admitted
NZ_CP016512.1	MPF_T	IncX1	44	0	0	GA	1	18;16432;17079;-;45.2	17;16158;16454;-;77.5	16;13386;16139;-;46.6	16;13386;16139;-;148.1	16;13386;16139;-;75.3	15;12626;13375;-;66.6	13;11254;12315;-;134.6		12;10296;11009;-;120.0	11;9362;10291;-;133.8	10;8160;9365;-;134.4	9;7127;8158;-;76.5	8;5289;7124;-;488.6		pfam	pfam_only	A	7/7	canonical	1	1	unscoreable	1	0	0														not_admitted	not_admitted	not_admitted	not_admitted	not_admitted	not_admitted	not_admitted
NZ_CP016515.1	MPF_T	IncX1	44	0	0	GA	1	18;16432;17079;-;45.2	17;16158;16454;-;77.5	16;13386;16139;-;46.6	16;13386;16139;-;148.1	16;13386;16139;-;75.3	15;12626;13375;-;66.6	13;11254;12315;-;134.6		12;10296;11009;-;120.0	11;9362;10291;-;133.8	10;8160;9365;-;134.4	9;7127;8158;-;76.5	8;5289;7124;-;488.6		pfam	pfam_only	A	7/7	canonical	1	1	unscoreable	1	0	0														not_admitted	not_admitted	not_admitted	not_admitted	not_admitted	not_admitted	not_admitted
NZ_CP016518.1	MPF_T	IncX1	44	0	0	GA	1	18;16432;17079;-;45.2	17;16158;16454;-;77.5	16;13386;16139;-;46.6	16;13386;16139;-;148.1	16;13386;16139;-;75.3	15;12626;13375;-;66.6	13;11254;12315;-;134.6		12;10296;11009;-;120.0	11;9362;10291;-;133.8	10;8160;9365;-;134.4	9;7127;8158;-;76.5	8;5289;7124;-;488.6		pfam	pfam_only	A	7/7	canonical	1	1	unscoreable	1	0	0														not_admitted	not_admitted	not_admitted	not_admitted	not_admitted	not_admitted	not_admitted
NZ_CP016524.1	MPF_T	IncX1	44	0	0	GA	1	18;16432;17079;-;45.2	17;16158;16454;-;77.5	16;13386;16139;-;46.6	16;13386;16139;-;148.1	16;13386;16139;-;75.3	15;12626;13375;-;66.6	13;11254;12315;-;134.6		12;10296;11009;-;120.0	11;9362;10291;-;133.8	10;8160;9365;-;134.4	9;7127;8158;-;76.5	8;5289;7124;-;488.6		pfam	pfam_only	A	7/7	canonical	1	1	unscoreable	1	0	0														not_admitted	not_admitted	not_admitted	not_admitted	not_admitted	not_admitted	not_admitted
NZ_CP016526.1	MPF_F	IncHI2;IncHI2A	285	0	0	GA	0															not_admitted	not_admitted	not_admitted	not_admitted	not_admitted	not_admitted	not_admitted	not_admitted	not_admitted	not_admitted	1	249;224625;225683;+;276.9		241;217823;218326;+;78.1	119;105535;108216;+;168.0		115;101850;103205;+;80.7	119;105535;108216;+;72.2	112;99338;100126;+;74.8	135;127202;128611;+;56.3	250;225702;228890;+;58.3	235;208698;210782;-;56.7	118;104576;105526;+;46.4	235;208698;210782;-;38.8	C	7/9	split_3	126364	0	1	
NZ_CP016529.1	MPF_T	IncX1	47	0	0	GA	1	18;16432;17079;-;45.2	17;16158;16454;-;77.5	16;13386;16139;-;46.6	16;13386;16139;-;148.1	16;13386;16139;-;75.3	15;12626;13375;-;66.6	13;11254;12315;-;134.6		12;10296;11009;-;120.0	11;9362;10291;-;133.8	10;8160;9365;-;134.4	9;7127;8158;-;76.5	8;5289;7124;-;488.6		pfam	pfam_only	A	7/7	canonical	1	1	unscoreable	1	0	0														not_admitted	not_admitted	not_admitted	not_admitted	not_admitted	not_admitted	not_admitted
NZ_CP016531.1	MPF_T	IncX1	44	0	0	GA	1	18;16432;17079;-;45.2	17;16158;16454;-;77.5	16;13386;16139;-;46.6	16;13386;16139;-;148.1	16;13386;16139;-;75.3	15;12626;13375;-;66.6	13;11254;12315;-;134.6		12;10296;11009;-;120.0	11;9362;10291;-;133.8	10;8160;9365;-;134.4	9;7127;8158;-;76.5	8;5289;7124;-;488.6		pfam	pfam_only	A	7/7	canonical	1	1	unscoreable	1	0	0														not_admitted	not_admitted	not_admitted	not_admitted	not_admitted	not_admitted	not_admitted
NZ_CP016547.1	MPF_T	IncI2(Delta)	114	0	0	GA	1	98;74164;74646;-;81.1		34;28849;29133;-;36.6	33;26486;28843;-;58.5	33;26486;28843;-;44.9	44;34491;35138;-;41.6	45;35144;36130;-;122.2		31;25586;26320;-;144.4	30;24819;25589;-;170.5	29;23690;24829;-;154.7	23;15548;17086;-;207.1	27;20643;22355;-;286.4		pfam	pfam_only	A	7/7	rearranged	1	0	unscoreable	22	0	0														not_admitted	not_admitted	not_admitted	not_admitted	not_admitted	not_admitted	not_admitted
NZ_CP016550.1	MPF_T	IncX4	63	0	0	GA	1	36;25373;25993;+;41.6	37;26007;26333;+;64.4	38;26352;29099;+;63.8	38;26352;29099;+;151.8	38;26352;29099;+;46.1	39;29111;29827;+;94.2	40;29839;30933;+;150.1		42;31448;32134;+;169.0	43;32131;33039;+;142.4	44;33032;34150;+;163.9	45;34152;35180;+;85.0	46;35212;37029;+;314.8		pfam	pfam_only	A	7/7	canonical	1	1	unscoreable	1	0	0														not_admitted	not_admitted	not_admitted	not_admitted	not_admitted	not_admitted	not_admitted
NZ_CP016562.1	MPF_T	IncX1	44	0	0	GA	1	18;16432;17079;-;45.2	17;16158;16454;-;77.5	16;13386;16139;-;46.6	16;13386;16139;-;148.1	16;13386;16139;-;75.3	15;12626;13375;-;66.6	13;11254;12315;-;134.6		12;10296;11009;-;120.0	11;9362;10291;-;133.8	10;8160;9365;-;134.4	9;7127;8158;-;76.5	8;5289;7124;-;488.6		pfam	pfam_only	A	7/7	canonical	1	1	unscoreable	1	0	0														not_admitted	not_admitted	not_admitted	not_admitted	not_admitted	not_admitted	not_admitted
NZ_CP016564.1	MPF_T	IncX1	44	0	0	GA	1	18;16432;17079;-;45.2	17;16158;16454;-;77.5	16;13386;16139;-;46.6	16;13386;16139;-;148.1	16;13386;16139;-;75.3	15;12626;13375;-;66.6	13;11254;12315;-;134.6		12;10296;11009;-;120.0	11;9362;10291;-;133.8	10;8160;9365;-;134.4	9;7127;8158;-;76.5	8;5289;7124;-;488.6		pfam	pfam_only	A	7/7	canonical	1	1	unscoreable	1	0	0														not_admitted	not_admitted	not_admitted	not_admitted	not_admitted	not_admitted	not_admitted
NZ_CP016567.1	MPF_T	IncX1	44	0	0	GA	1	18;16432;17079;-;45.2	17;16158;16454;-;77.5	16;13386;16139;-;46.6	16;13386;16139;-;148.1	16;13386;16139;-;75.3	15;12626;13375;-;66.6	13;11254;12315;-;134.6		12;10296;11009;-;120.0	11;9362;10291;-;133.8	10;8160;9365;-;134.4	9;7127;8158;-;76.5	8;5289;7124;-;488.6		pfam	pfam_only	A	7/7	canonical	1	1	unscoreable	1	0	0														not_admitted	not_admitted	not_admitted	not_admitted	not_admitted	not_admitted	not_admitted
NZ_CP016571.1	MPF_T	IncX1	44	0	0	GA	1	18;16432;17079;-;45.2	17;16158;16454;-;77.5	16;13386;16139;-;46.6	16;13386;16139;-;148.1	16;13386;16139;-;75.3	15;12626;13375;-;66.6	13;11254;12315;-;134.6		12;10296;11009;-;120.0	11;9362;10291;-;133.8	10;8160;9365;-;134.4	9;7127;8158;-;76.5	8;5289;7124;-;488.6		pfam	pfam_only	A	7/7	canonical	1	1	unscoreable	1	0	0														not_admitted	not_admitted	not_admitted	not_admitted	not_admitted	not_admitted	not_admitted
NZ_CP016575.1	MPF_T	IncX1	44	0	0	GA	1	13;6954;7601;+;45.2	14;7579;7875;+;77.5	15;7894;10647;+;46.6	15;7894;10647;+;148.1	15;7894;10647;+;75.3	16;10658;11407;+;66.6	18;11718;12779;+;134.6		19;13024;13737;+;120.0	20;13742;14671;+;133.8	21;14668;15873;+;134.4	22;15875;16906;+;76.5	23;16909;18744;+;488.6		pfam	pfam_only	A	7/7	canonical	1	1	unscoreable	1	0	0														not_admitted	not_admitted	not_admitted	not_admitted	not_admitted	not_admitted	not_admitted
NZ_CP016578.1	MPF_T	IncX1	44	0	0	GA	1	18;16432;17079;-;45.2	17;16158;16454;-;77.5	16;13386;16139;-;46.6	16;13386;16139;-;148.1	16;13386;16139;-;75.3	15;12626;13375;-;66.6	13;11254;12315;-;134.6		12;10296;11009;-;120.0	11;9362;10291;-;133.8	10;8160;9365;-;134.4	9;7127;8158;-;76.5	8;5289;7124;-;488.6		pfam	pfam_only	A	7/7	canonical	1	1	unscoreable	1	0	0														not_admitted	not_admitted	not_admitted	not_admitted	not_admitted	not_admitted	not_admitted
NZ_CP016580.1	MPF_T	IncX1	44	0	0	GA	1	18;16432;17079;-;45.2	17;16158;16454;-;77.5	16;13386;16139;-;46.6	16;13386;16139;-;148.1	16;13386;16139;-;75.3	15;12626;13375;-;66.6	13;11254;12315;-;134.6		12;10296;11009;-;120.0	11;9362;10291;-;133.8	10;8160;9365;-;134.4	9;7127;8158;-;76.5	8;5289;7124;-;488.6		pfam	pfam_only	A	7/7	canonical	1	1	unscoreable	1	0	0														not_admitted	not_admitted	not_admitted	not_admitted	not_admitted	not_admitted	not_admitted
NZ_CP016583.1	MPF_T	IncX1	44	0	0	GA	1	18;16432;17079;-;45.2	17;16158;16454;-;77.5	16;13386;16139;-;46.6	16;13386;16139;-;148.1	16;13386;16139;-;75.3	15;12626;13375;-;66.6	13;11254;12315;-;134.6		12;10296;11009;-;120.0	11;9362;10291;-;133.8	10;8160;9365;-;134.4	9;7127;8158;-;76.5	8;5289;7124;-;488.6		pfam	pfam_only	A	7/7	canonical	1	1	unscoreable	1	0	0														not_admitted	not_admitted	not_admitted	not_admitted	not_admitted	not_admitted	not_admitted
NZ_CP016587.1	MPF_T	IncX1	44	0	0	GA	1	18;16432;17079;-;45.2	17;16158;16454;-;77.5	16;13386;16139;-;46.6	16;13386;16139;-;148.1	16;13386;16139;-;75.3	15;12626;13375;-;66.6	13;11254;12315;-;134.6		12;10296;11009;-;120.0	11;9362;10291;-;133.8	10;8160;9365;-;134.4	9;7127;8158;-;76.5	8;5289;7124;-;488.6		pfam	pfam_only	A	7/7	canonical	1	1	unscoreable	1	0	0														not_admitted	not_admitted	not_admitted	not_admitted	not_admitted	not_admitted	not_admitted
NZ_CP016593.1	MPF_T	-	243	0	0	GA	1	87;99964;100674;+;91.9	97;111713;112045;+;86.1	98;112045;112326;+;31.1	99;112337;114787;+;22.4	99;112337;114787;+;129.5	100;114790;115572;+;231.5	102;115883;117250;+;198.4		103;117247;117936;+;225.2	104;117933;118946;+;206.5	105;118943;120076;+;224.3	96;110709;111716;+;120.0	94;108113;110101;+;346.2		conjscan	conjscan_only	A	7/7	canonical	1	0	unscoreable	9	0	0														not_admitted	not_admitted	not_admitted	not_admitted	not_admitted	not_admitted	not_admitted
NZ_CP016611.1	MPF_T	-	39	0	0	GA	1		34;29905;30297;+;60.3	35;30300;30620;+;47.6	36;30608;33172;+;102.4	36;30608;33172;+;112.2	1;1426;2211;+;101.3	3;2544;3941;+;110.5		37;33169;33885;+;92.1	38;33902;34792;+;169.6	0;7;1407;+;206.7	33;28930;29892;+;138.6	17;15503;17437;-;467.5		conjscan	conjscan_only	A	7/7	rearranged	1	0	unscoreable	2	0	0														not_admitted	not_admitted	not_admitted	not_admitted	not_admitted	not_admitted	not_admitted
NZ_CP016763.1	MPF_F	IncFIB(K);IncFII(Yp);IncFII(pAR0022)	127	0	0	GA	0															not_admitted	not_admitted	not_admitted	not_admitted	not_admitted	not_admitted	not_admitted	not_admitted	not_admitted	not_admitted	1	25;33475;34467;-;368.4	17;27392;28762;-;376.7	21;29979;30728;-;218.2	28;35455;38085;-;285.5	16;24570;27392;-;336.5	34;40113;41507;-;90.9	28;35455;38085;-;98.6	36;42224;42790;-;169.9	24;32829;33458;-;66.9	23;30979;32832;-;257.4	13;21042;23234;-;384.8	33;39552;40091;-;65.3	13;21042;23234;-;63.9	A	9/9	contiguous	21182	1	1	24117..24548-;143;TraS;0
NZ_CP016764.1	MPF_F	IncHI2;IncHI2A	282	0	0	GA	0															not_admitted	not_admitted	not_admitted	not_admitted	not_admitted	not_admitted	not_admitted	not_admitted	not_admitted	not_admitted	1	130;132969;134027;+;276.9	32;28078;29493;-;194.1	33;29483;30529;-;173.7	104;99232;101913;+;168.0	31;24119;28069;-;101.6	100;95547;96902;+;80.7	104;99232;101913;+;72.4	97;93035;93823;+;74.8	128;131316;132827;+;62.4	131;134046;137234;+;57.7	39;37570;39654;+;56.7	103;98273;99223;+;46.1	39;37570;39654;+;38.8	A	9/9	split_3	109927	0	1	
NZ_CP016810.1	MPF_F	IncFIB(K);IncFIB(pQil);IncFII(K);repB(R1701)	333	0	0	GA	0															not_admitted	not_admitted	not_admitted	not_admitted	not_admitted	not_admitted	not_admitted	not_admitted	not_admitted	not_admitted	1	200;176898;177887;+;363.3	211;183706;185073;+;382.2	207;181696;182448;+;236.4	196;172802;175441;+;259.0	212;185073;187922;+;342.9	185;167411;168835;+;88.8	196;172802;175441;+;87.6	183;166118;166684;+;167.9	202;178163;178810;+;65.9	203;178869;180824;+;259.5	216;189734;192043;+;392.8	188;169447;170031;+;53.8	216;189734;192043;+;65.8	A	9/9	contiguous	23616	1	1	187925..188455+;176;unnamed;0
NZ_CP016831.1	MPF_T	-	37	0	0	GA	1	3;1844;2467;-;62.2	15;15303;15626;-;47.9	14;14927;15289;-;86.8	13;12486;14927;-;167.1	13;12486;14927;-;105.1	12;11779;12489;-;174.1	10;10509;11459;-;150.2		9;9332;10210;-;121.0	8;8526;9335;-;165.3	7;7315;8529;-;177.5	6;6254;7315;-;100.9	5;4321;6240;-;327.1		pfam	both	A	7/7	canonical	1	0	unscoreable	2	0	0														not_admitted	not_admitted	not_admitted	not_admitted	not_admitted	not_admitted	not_admitted
NZ_CP016834.1	MPF_T	-	37	0	0	GA	1	24;21167;21790;+;62.2	12;8008;8331;+;47.9	13;8345;8707;+;86.8	14;8707;11148;+;167.1	14;8707;11148;+;105.1	15;11145;11855;+;174.1	17;12175;13125;+;150.2		18;13424;14302;+;121.0	19;14299;15108;+;165.3	20;15105;16319;+;177.5	21;16319;17380;+;100.9	22;17394;19313;+;327.1		pfam	both	A	7/7	canonical	1	0	unscoreable	2	0	0														not_admitted	not_admitted	not_admitted	not_admitted	not_admitted	not_admitted	not_admitted
NZ_CP016838.1	MPF_F	IncHI2;IncHI2A	363	0	0	GA	0															not_admitted	not_admitted	not_admitted	not_admitted	not_admitted	not_admitted	not_admitted	not_admitted	not_admitted	not_admitted	1	29;33451;34509;+;276.9	276;265418;266833;-;194.1	277;266823;267869;-;174.3	11;8955;11636;+;168.0	275;261456;265409;-;101.6	7;5270;6625;+;80.7	11;8955;11636;+;72.8	4;2758;3546;+;74.8	27;31798;33309;+;59.3	30;34528;37716;+;57.3	284;274912;276996;+;56.8	10;7996;8946;+;46.1	284;274912;276996;+;38.8	A	9/9	split_3	272154	1	1	259986..261275-;429;unnamed;0
NZ_CP016850.1	-	-	83	0	0	GA	1	24;40329;40985;-;24.1	48;61463;61897;-;65.0	47;61146;61457;-;45.1	46;58597;61149;-;82.4	46;58597;61149;-;112.5	28;43046;43828;-;101.1	26;41306;42832;-;110.3		45;57869;58600;-;83.9	44;56952;57848;-;160.8	29;43844;44359;-;181.7	49;61909;62871;-;137.1	77;89819;91762;+;460.2		conjscan	conjscan_only	A	7/7	canonical	1	0	unscoreable	3	0	0														not_admitted	not_admitted	not_admitted	not_admitted	not_admitted	not_admitted	not_admitted
NZ_CP016864.1	MPF_F	IncC	135	0	0	GA	0															not_admitted	not_admitted	not_admitted	not_admitted	not_admitted	not_admitted	not_admitted	not_admitted	not_admitted	not_admitted	1	113;84451;85458;+;332.9			108;79252;81699;+;355.4		103;70425;71741;+;135.0	108;79252;81699;+;128.6	101;68901;69527;+;92.1	111;82521;83786;+;67.6	114;85574;88369;+;145.3	92;63226;65091;+;47.4	104;71738;72316;+;100.2	92;63226;65091;+;52.0	C	6/9	contiguous	22348	0	1	
NZ_CP016869.1	MPF_F	-	62	0	0	GA	0															not_admitted	not_admitted	not_admitted	not_admitted	not_admitted	not_admitted	not_admitted	not_admitted	not_admitted	not_admitted	1	40;38419;39363;+;359.4	45;42722;44086;+;373.2	43;41470;42216;+;208.9	37;34805;37432;+;275.5	46;44098;46905;+;388.4	35;33151;34557;+;76.2	37;34805;37432;+;117.8	33;31913;32482;+;189.3	41;39320;39799;+;57.9	42;39792;41483;+;248.7	48;47586;49421;+;408.8		48;47586;49421;+;67.0	B	8/9	contiguous	15673	1	1	46907..47494+;195;unnamed;0
NZ_CP016871.1	MPF_F	-	62	0	0	GA	0															not_admitted	not_admitted	not_admitted	not_admitted	not_admitted	not_admitted	not_admitted	not_admitted	not_admitted	not_admitted	1	43;51546;52490;-;359.4	38;46823;48187;-;373.2	40;48693;49439;-;208.9	46;53477;56104;-;275.5	37;44004;46811;-;388.4	48;56352;57758;-;76.2	46;53477;56104;-;117.8	50;58427;58996;-;189.3	42;51110;51589;-;57.9	41;49426;51117;-;248.7	35;41488;43323;-;408.8		35;41488;43323;-;67.0	B	8/9	contiguous	16939	1	1	43415..44002-;195;unnamed;0
NZ_CP016875.1	MPF_F	-	63	0	0	GA	0															not_admitted	not_admitted	not_admitted	not_admitted	not_admitted	not_admitted	not_admitted	not_admitted	not_admitted	not_admitted	1	30;37820;38764;-;359.4	25;33097;34461;-;373.2	27;34967;35713;-;208.9	33;39751;42378;-;275.5	24;30278;33085;-;388.4	35;42626;44032;-;76.2	33;39751;42378;-;117.8	37;44701;45270;-;189.3	29;37384;37863;-;57.9	28;35700;37391;-;248.7	22;27762;29597;-;408.8		22;27762;29597;-;67.0	B	8/9	contiguous	16939	1	1	29689..30276-;195;unnamed;0
NZ_CP016879.1	MPF_T	-	93	0	0	GA	1	72;62077;62928;-;22.3	70;61546;61836;-;35.0	69;61206;61523;-;65.6	66;57424;59247;-;91.7	68;60396;61205;-;91.4	65;56624;57331;-;107.1	63;55173;56219;-;127.7	62;54882;55064;-;46.6	61;54100;54879;-;116.7	60;53199;54098;-;174.6	59;52066;53202;-;182.0	58;51051;52055;-;74.2	53;45209;46756;+;69.7		pfam	both	A	7/7	canonical	1	0	ga	7	0	0														not_admitted	not_admitted	not_admitted	not_admitted	not_admitted	not_admitted	not_admitted
NZ_CP016891.1	MPF_F	-	233	0	0	GA	0															not_admitted	not_admitted	not_admitted	not_admitted	not_admitted	not_admitted	not_admitted	not_admitted	not_admitted	not_admitted	1	211;200948;201940;-;357.2	202;194042;195409;-;356.7	208;197671;198468;-;218.8	219;205534;208179;-;255.9	201;191323;194049;-;297.6	226;210751;212139;-;99.3	219;205534;208179;-;94.5	228;212878;213477;-;92.5	210;200309;200938;-;59.1	209;198465;200312;-;205.3	195;185765;188386;-;364.8	221;208399;208941;-;41.5	195;185765;188386;-;70.5	A	9/9	contiguous	27113	1	1	190991..191326-;111;unnamed;0
NZ_CP016921.1	MPF_F	IncFIB(pNDM-Mar);IncHI1B(pNDM-MAR)	317	0	0	GA	0															not_admitted	not_admitted	not_admitted	not_admitted	not_admitted	not_admitted	not_admitted	not_admitted	not_admitted	not_admitted	1	118;113728;114765;-;282.3	39;36914;38323;-;190.4	40;38313;39350;-;175.7	132;126822;129539;-;149.6	38;32944;36912;-;121.3	136;131652;133022;-;65.6	132;126822;129539;-;85.2	139;134668;135528;-;79.0	119;114762;116123;-;69.9	117;110533;113718;-;59.9	277;245966;248092;-;57.7	133;129584;130321;-;56.9	277;245966;248092;-;41.0	A	9/9	split_3	213022	0	1	
NZ_CP016922.1	MPF_F	IncFIB(K)	106	0	0	GA	0															not_admitted	not_admitted	not_admitted	not_admitted	not_admitted	not_admitted	not_admitted	not_admitted	not_admitted	not_admitted	1	15;11995;12987;-;366.6	5;5092;6459;-;381.2	9;7717;8469;-;233.7	17;14002;16641;-;258.7	4;3221;5092;-;346.7	26;20456;21880;-;89.2	17;14002;16641;-;88.8	28;22607;23173;-;167.0	14;11344;11982;-;67.0	13;9341;11347;-;259.6	104;100362;102674;-;392.7	24;19275;19844;-;49.7	104;100362;102674;-;66.6	A	9/9	split_2	97141	0	1	
NZ_CP016932.1	MPF_F	pYE854	143	0	0	GA	0															not_admitted	not_admitted	not_admitted	not_admitted	not_admitted	not_admitted	not_admitted	not_admitted	not_admitted	not_admitted	1	64;50655;52238;+;329.9	69;54734;56122;+;246.9	68;53861;54724;+;155.9	61;44125;46698;+;167.0	70;56119;59772;+;130.6	59;42345;43595;+;54.5	61;44125;46698;+;86.6	57;40908;41558;+;64.3	65;52238;52957;+;96.9	63;48759;50501;+;83.1	18;15877;17949;-;320.8	60;43619;44125;+;71.3	18;15877;17949;-;60.1	A	9/9	split_2	40242	1	1	59863..60123+;86;unnamed;0
NZ_CP016934.1	MPF_F	pYE854	109	0	0	GA	0															not_admitted	not_admitted	not_admitted	not_admitted	not_admitted	not_admitted	not_admitted	not_admitted	not_admitted	not_admitted	1	54;44194;45777;+;329.9	59;48273;49649;+;245.0	58;47400;48263;+;155.9	50;37665;39041;+;169.4	60;49646;53530;+;132.2	48;35885;37135;+;54.5	51;39044;40237;+;88.2	46;34448;35098;+;64.3	55;45777;46496;+;96.9	53;42298;44040;+;83.1	9;9420;10721;-;217.4	49;37159;37665;+;71.3	9;9420;10721;-;61.5	A	9/9	split_2	40226	1	1	54017..54934+;305;unnamed;0
NZ_CP016938.1	MPF_F	pYE854	121	0	0	GA	0															not_admitted	not_admitted	not_admitted	not_admitted	not_admitted	not_admitted	not_admitted	not_admitted	not_admitted	not_admitted	1	106;96920;98503;+;329.9	111;100999;102375;+;245.0	110;100126;100989;+;155.9	103;90390;92963;+;167.0	112;102372;106256;+;132.2	101;88610;89860;+;54.5	103;90390;92963;+;86.7	99;87173;87823;+;64.3	107;98503;99222;+;96.9	105;95024;96766;+;83.1	64;62141;64213;-;320.8	102;89884;90390;+;71.3	64;62141;64213;-;60.1	A	9/9	split_2	40231	1	1	106743..107660+;305;unnamed;0
NZ_CP016941.1	MPF_F	pYE854	139	0	0	GA	0															not_admitted	not_admitted	not_admitted	not_admitted	not_admitted	not_admitted	not_admitted	not_admitted	not_admitted	not_admitted	1	72;57132;58715;+;329.9	77;61211;62587;+;245.0	76;60338;61201;+;155.9	69;50602;53175;+;167.0	78;62584;66468;+;132.2	67;48822;50072;+;54.5	69;50602;53175;+;86.7	65;47385;48035;+;64.3	73;58715;59434;+;96.9	71;55236;56978;+;83.1	25;22352;24424;-;320.8	68;50096;50602;+;71.3	25;22352;24424;-;60.1	A	9/9	split_2	40232	1	1	66955..67872+;305;unnamed;0
NZ_CP016942.1	MPF_F	pYE854	108	0	0	GA	0															not_admitted	not_admitted	not_admitted	not_admitted	not_admitted	not_admitted	not_admitted	not_admitted	not_admitted	not_admitted	1	76;73431;75014;-;329.9	71;69560;70936;-;245.0	72;70946;71809;-;155.9	80;78970;81543;-;167.0	70;65679;69563;-;132.2	82;82073;83323;-;54.5	80;78970;81543;-;86.7	84;84110;84760;-;64.3	75;72700;73431;-;96.8	77;75168;76910;-;83.1	10;6930;9002;+;320.8	81;81543;82049;-;71.3	10;6930;9002;+;60.1	A	9/9	split_2	77180	1	1	64275..65192-;305;unnamed;0
NZ_CP016947.1	MPF_F	pYE854	108	0	0	GA	0															not_admitted	not_admitted	not_admitted	not_admitted	not_admitted	not_admitted	not_admitted	not_admitted	not_admitted	not_admitted	1	34;36598;38181;-;329.9	29;32726;34102;-;245.0	30;34112;34975;-;155.9	37;42138;44711;-;167.0	28;31764;32729;-;98.2	39;45241;46491;-;54.5	37;42138;44711;-;86.7	41;47278;47928;-;64.3	33;35879;36598;-;96.9	35;38335;40077;-;83.1	76;70888;72960;+;320.8	38;44711;45217;-;71.3	76;70888;72960;+;60.1	A	9/9	split_2	39124	1	1	28846..31794-;982;unnamed;0
NZ_CP016951.1	MPF_T	-	552	0	0	GA	1	455;469027;469464;-;72.5	462;475826;476173;+;34.0		464;476498;478954;+;64.2	464;476498;478954;+;93.6		466;479739;480794;+;80.9		460;473696;474403;-;113.1	459;472769;473686;-;165.3	458;471531;472769;-;171.2	450;463094;464896;-;177.5	468;482026;483891;+;40.9		none	none	A	7/7	canonical	0	0	unscoreable	9	0	0														not_admitted	not_admitted	not_admitted	not_admitted	not_admitted	not_admitted	not_admitted
NZ_CP017011.1	MPF_T	-	88	0	0	GA	1	82;52023;53018;+;29.7	71;42652;43113;+;62.2	72;43117;43410;+;30.9	73;43397;46087;+;79.5	73;43397;46087;+;73.0	74;46084;46776;+;84.1	77;47385;48248;+;121.0		78;48248;48910;+;75.6	79;48939;49721;+;175.3	80;49724;51001;+;149.8	81;51011;52039;+;101.2	1;2269;3822;-;65.0		pfam	both	A	7/7	canonical	1	0	unscoreable	2	0	0														not_admitted	not_admitted	not_admitted	not_admitted	not_admitted	not_admitted	not_admitted
NZ_CP017026.1	MPF_T	-	199	0	0	GA	1		123;122034;122297;-;56.2	122;119253;122021;-;75.1	122;119253;122021;-;176.0	122;119253;122021;-;86.5	117;116397;117386;-;84.3	116;115405;116400;-;116.9		114;114602;115261;-;177.8	113;113712;114605;-;162.9	112;112521;113702;-;165.5	111;111533;112540;-;94.4	110;109722;111425;-;345.1		pfam	pfam_only	A	7/7	canonical	1	1	unscoreable	5	0	0														not_admitted	not_admitted	not_admitted	not_admitted	not_admitted	not_admitted	not_admitted
NZ_CP017030.1	MPF_T	-	54	0	0	GA	1		50;48703;48966;-;59.3	49;45922;48690;-;73.3	49;45922;48690;-;173.5	49;45922;48690;-;86.1	44;42968;43939;-;83.3	43;41973;42971;-;116.3		41;41164;41826;-;177.6	40;40280;41167;-;161.4	39;39081;40253;-;166.0	38;38108;39100;-;93.2	37;36296;38107;-;348.4		pfam	pfam_only	A	7/7	canonical	1	1	unscoreable	5	0	0														not_admitted	not_admitted	not_admitted	not_admitted	not_admitted	not_admitted	not_admitted
NZ_CP017043.1	-	-	77	0	0	GA	1	74;64430;64969;-;71.8	9;14695;15051;-;41.6	8;14406;14678;-;40.0	6;10691;13141;-;36.0	6;10691;13141;-;104.9		71;61417;63111;-;60.8		16;22588;23358;-;109.8	15;21438;22568;-;171.6	14;20099;21415;-;104.5	10;15155;16114;-;129.2	11;16111;19005;-;329.4		none	none	A	7/7	rearranged	0	0	unscoreable	27	0	0														not_admitted	not_admitted	not_admitted	not_admitted	not_admitted	not_admitted	not_admitted
NZ_CP017055.1	MPF_F	IncC	243	0	0	GA	0															not_admitted	not_admitted	not_admitted	not_admitted	not_admitted	not_admitted	not_admitted	not_admitted	not_admitted	not_admitted	1	74;62714;63721;-;332.9	199;155655;157088;-;339.2	200;157090;158118;-;221.7	79;66473;68920;-;355.4	198;152064;155642;-;375.3	84;76431;77747;-;135.0	79;66473;68920;-;128.6	86;78645;79271;-;92.1	76;64386;65651;-;67.6	73;59800;62598;-;145.3	95;83081;84946;-;47.4	83;75856;76434;-;100.2	95;83081;84946;-;52.0	A	9/9	split_2	97290	0	1	
NZ_CP017056.1	MPF_T	IncX8	51	0	0	GA	1	49;36502;37137;+;49.9	50;37127;37405;+;38.8		0;4;1995;+;143.7		1;2007;2771;+;80.7	3;3033;4190;+;101.9		5;4330;5037;+;149.4	6;5040;5963;+;136.8	7;5956;7158;+;134.2	8;7155;8189;+;70.6	9;8192;10066;+;463.9		pfam	pfam_only	A	7/7	canonical	1	0	unscoreable	2	0	0														not_admitted	not_admitted	not_admitted	not_admitted	not_admitted	not_admitted	not_admitted
NZ_CP017058.1	MPF_F	IncC	283	1	1	GA	1	142;107751;108284;-;34.1	105;82325;82708;+;86.5	106;82705;82977;+;31.5	107;82990;85440;+;38.1	107;82990;85440;+;139.1	108;85437;86174;+;221.9	110;86509;87885;+;178.7		111;87898;88602;+;235.3	112;88599;89591;+;221.2	113;89594;90874;+;208.7	104;81261;82328;+;117.5	102;78800;80803;+;348.4	204;161053;163851;-;145.3	conjscan	conjscan_only	A	7/7	canonical	1	0	unscoreable	3	0	1	205;163967;164974;-;332.9	146;113299;114732;-;336.2	147;114734;115762;-;221.3	210;167726;170173;-;354.5	145;109672;113286;-;375.3	113;89594;90874;+;208.7	210;167726;170173;-;128.3	217;179943;180569;-;92.7	207;165639;166904;-;67.9	204;161053;163851;-;145.3	102;78800;80803;+;108.0	214;177154;177732;-;100.2	102;78800;80803;+;99.3	A	9/9	split_3	101143	0	1	
NZ_CP017076.1	MPF_T	-	1466	0	0	GA	1	1259;1504598;1505308;+;88.5	1264;1511470;1511802;+;85.1	1265;1511802;1512083;+;31.1	1266;1512094;1514601;+;26.0	1266;1512094;1514601;+;134.4	1267;1514598;1515380;+;234.6	1269;1515692;1517053;+;197.6		1270;1517050;1517739;+;222.3	1271;1517736;1518749;+;212.5	1272;1518746;1519879;+;228.7	582;689719;691071;-;205.2	1261;1507870;1509858;+;344.7		conjscan	conjscan_only	A	7/7	canonical	1	0	unscoreable	4	0	0														not_admitted	not_admitted	not_admitted	not_admitted	not_admitted	not_admitted	not_admitted
NZ_CP017077.1	MPF_F	-	937	0	0	GA	0															not_admitted	not_admitted	not_admitted	not_admitted	not_admitted	not_admitted	not_admitted	not_admitted	not_admitted	not_admitted	1	925;945887;946909;+;331.1	932;953228;954649;+;287.4	930;951693;952616;+;206.6	921;942055;944604;+;203.8	933;954606;958376;+;149.2	919;940173;941432;+;100.5	921;942055;944604;+;120.9	917;938751;939377;+;95.4	928;950226;951149;+;106.2	927;949163;950254;+;94.5	500;505146;507587;-;531.8	920;941429;942058;+;120.6	788;793923;795932;-;83.3	A	9/9	split_3	449460	0	1	
NZ_CP017078.1	-	-	370	0	0	GA	1		210;203283;203642;+;73.1	211;203635;203934;+;59.0	212;203946;206381;+;141.7	212;203946;206381;+;125.1	213;206359;207144;+;55.4	215;207320;208501;+;107.7		216;208529;209191;+;119.4	217;209188;210039;+;179.6	219;210514;211797;+;218.3	209;202325;203293;+;129.2	243;236288;238198;+;505.2		conjscan	conjscan_only	A	7/7	canonical	1	0	unscoreable	3	0	0														not_admitted	not_admitted	not_admitted	not_admitted	not_admitted	not_admitted	not_admitted
NZ_CP017084.1	MPF_F	IncC	207	0	0	GA	0															not_admitted	not_admitted	not_admitted	not_admitted	not_admitted	not_admitted	not_admitted	not_admitted	not_admitted	not_admitted	1	65;55417;56424;-;332.9	133;119884;121317;+;339.2	132;118854;119882;+;221.7	70;59176;61623;-;354.5	134;121330;124944;+;375.3	190;157237;158397;+;156.3	70;59176;61623;-;128.3	77;71393;72019;-;92.7	67;57089;58354;-;67.9	64;52503;55301;-;145.3	86;75829;77694;-;47.3	74;68604;69182;-;100.2	86;75829;77694;-;52.0	A	9/9	split_3	104734	0	1	
NZ_CP017102.1	MPF_T	-	129	0	0	GA	1		123;119224;119631;-;72.0	122;118932;119231;-;63.5	121;116459;118921;-;183.8	121;116459;118921;-;123.2	120;115678;116487;-;43.6	118;114636;115466;-;111.3		116;113595;114257;-;119.7	115;112733;113578;-;187.6	113;110958;112256;-;226.4	124;119621;120592;-;132.9	42;35289;37217;-;533.9		conjscan	conjscan_only	A	7/7	canonical	1	0	unscoreable	4	0	0														not_admitted	not_admitted	not_admitted	not_admitted	not_admitted	not_admitted	not_admitted
NZ_CP017104.1	MPF_T	-	492	0	0	GA	1		486;500305;500688;-;73.6	485;500013;500312;-;61.8	484;497546;500002;-;168.2	484;497546;500002;-;123.6	483;496771;497574;-;45.7	481;495399;496580;-;112.8		480;494718;495380;-;134.6	479;493888;494700;-;187.6	477;492137;493435;-;219.0	487;500678;501655;-;126.9	466;480795;482708;-;548.8		conjscan	conjscan_only	A	7/7	canonical	1	0	unscoreable	13	0	0														not_admitted	not_admitted	not_admitted	not_admitted	not_admitted	not_admitted	not_admitted
NZ_CP017105.1	-	-	2361	0	0	GA	1	115;112892;113971;-;81.0	118;116687;117022;-;69.5	117;116385;116690;-;69.6	116;113968;116382;-;122.0	116;113968;116382;-;96.8	114;112175;112876;-;44.6	112;110945;111958;-;142.9		111;110224;110916;-;181.1	110;109415;110227;-;192.2	109;108168;109418;-;209.1	108;107180;108208;-;127.1	107;105150;107183;-;317.6		pfam	pfam_only	A	7/7	canonical	1	0	unscoreable	1	0	0														not_admitted	not_admitted	not_admitted	not_admitted	not_admitted	not_admitted	not_admitted
NZ_CP017144.1	MPF_F	-	81	0	0	GA	0															not_admitted	not_admitted	not_admitted	not_admitted	not_admitted	not_admitted	not_admitted	not_admitted	not_admitted	not_admitted	1	42;40825;41814;-;356.7	34;34626;35867;-;358.0	38;36849;37700;-;197.8	45;42862;45447;-;245.5	33;31783;34626;-;340.1	47;46021;47349;-;93.0	45;42862;45447;-;89.0	49;48066;48632;-;128.7	41;40201;40815;-;75.7	39;37697;39550;-;243.5	30;28224;30401;-;381.3	46;45458;46009;-;44.8	30;28224;30401;-;63.9	A	9/9	contiguous	19842	1	1	31217..31786-;189;unnamed;0
NZ_CP017148.1	MPF_T	-	324	0	0	GA	1	289;302502;303242;+;62.7	290;303254;303556;+;79.2	291;303553;303849;+;83.5	292;303859;306270;+;115.6	292;303859;306270;+;104.2	294;307203;307913;+;33.9	297;308317;309444;+;134.3		298;309441;310163;+;200.0	299;310160;310969;+;196.1	300;310982;312340;+;207.4	301;312303;313361;+;113.8	302;313339;315471;+;277.0		pfam	pfam_only	A	7/7	canonical	1	0	unscoreable	3	0	0														not_admitted	not_admitted	not_admitted	not_admitted	not_admitted	not_admitted	not_admitted
NZ_CP017185.1	MPF_F	IncFII(Yp);IncFII(pAR0022)	158	0	0	GA	0															not_admitted	not_admitted	not_admitted	not_admitted	not_admitted	not_admitted	not_admitted	not_admitted	not_admitted	not_admitted	1	39;38631;39635;-;354.5	33;33041;34405;-;328.8	35;35039;35809;-;187.5	45;41551;44142;-;213.0	32;30154;33039;-;281.9	50;45775;47139;-;81.7	45;41551;44142;-;87.3	52;47856;48419;-;140.7	37;37641;38255;-;78.9	36;35806;37644;-;245.4	27;25484;27745;-;372.5	46;44153;44752;-;44.2	27;25484;27745;-;67.3	A	9/9	contiguous	22372	1	1	29557..30138-;193;unnamed;0
NZ_CP017187.1	MPF_F	IncFII(pECLA);repE(pEh60-7)	146	0	0	GA	0															not_admitted	not_admitted	not_admitted	not_admitted	not_admitted	not_admitted	not_admitted	not_admitted	not_admitted	not_admitted	1	95;98726;99721;-;363.9	87;92531;93895;-;357.9	92;95481;96263;-;218.4	103;102661;105270;-;223.7	86;89127;92531;-;309.6	109;107270;108673;-;92.3	103;102661;105270;-;102.2	111;109422;110003;-;101.9	94;98092;98715;-;63.3	93;96260;98095;-;221.8	81;83905;86502;-;363.1	105;105449;106003;-;44.3	81;83905;86502;-;71.2	A	9/9	contiguous	25517	1	1	88436..89125-;229;unnamed;0
NZ_CP017192.1	MPF_T	-	48	0	0	GA	1	2;1801;2712;+;42.0	33;25102;25479;+;72.4	34;25476;25775;+;51.5	35;25762;28431;+;63.5	35;25762;28431;+;82.5	42;34105;34677;+;68.9	45;35331;36197;+;140.7		46;36194;36868;+;92.9	47;36893;37675;+;199.2	0;20;781;+;177.9	1;792;1814;+;112.7	10;8594;10168;-;73.7		pfam	both	A	7/7	canonical	1	0	unscoreable	15	0	0														not_admitted	not_admitted	not_admitted	not_admitted	not_admitted	not_admitted	not_admitted
NZ_CP017221.1	MPF_F	IncFIA;IncFIB(AP001918);IncFII(pCoo)	167	0	0	GA	0															not_admitted	not_admitted	not_admitted	not_admitted	not_admitted	not_admitted	not_admitted	not_admitted	not_admitted	not_admitted	1	97;86497;87489;-;372.1	86;79438;80811;-;378.0	93;83025;83768;-;235.0	100;88498;91125;-;303.5	85;76619;79441;-;388.9	105;93254;94705;-;94.6	100;88498;91125;-;100.3	107;95420;95986;-;183.8	96;85850;86488;-;68.5	95;84045;85853;-;268.3	82;72937;75090;-;391.9	101;91641;92156;-;77.7	82;72937;75090;-;70.4	A	9/9	contiguous	22483	1	1	76106..76597-;163;TraS;0
NZ_CP017222.1	MPF_T	IncX1;IncX3	61	0	0	GA	1	1;869;1516;+;45.2	2;1494;1790;+;77.5	3;1809;4562;+;47.9	3;1809;4562;+;147.9	3;1809;4562;+;75.3	4;4573;5331;+;67.3	6;5569;6702;+;106.3		7;6947;7660;+;118.5	8;7665;8594;+;133.8	9;8591;9796;+;132.5	10;9798;10829;+;79.0	11;10832;12667;+;489.3		pfam	pfam_only	A	7/7	canonical	1	1	unscoreable	1	0	0														not_admitted	not_admitted	not_admitted	not_admitted	not_admitted	not_admitted	not_admitted
NZ_CP017230.1	MPF_T	-	60	0	0	GA	1		32;26308;26571;+;54.5	33;26584;29352;+;75.1	33;26584;29352;+;178.7	33;26584;29352;+;86.1	38;31237;32208;+;81.8	39;32205;33203;+;116.3		41;33350;34012;+;177.6	42;34009;34896;+;158.6	43;34923;36098;+;165.9	44;36079;37071;+;93.2	45;37072;38883;+;348.4		pfam	pfam_only	A	7/7	canonical	1	1	unscoreable	5	0	0														not_admitted	not_admitted	not_admitted	not_admitted	not_admitted	not_admitted	not_admitted
NZ_CP017231.1	MPF_T	-	41	0	0	GA	1	3;1992;2537;+;58.1	28;19652;19948;+;65.7	29;19948;20235;+;50.4	30;20237;22534;+;91.4	30;20237;22534;+;88.1		39;26840;28063;+;51.7			0;51;317;+;34.4	2;762;1991;+;209.5	27;18713;19651;+;134.0	8;5338;7161;+;323.2		none	none	B	6/7	canonical	0	0	unscoreable	13	0	0														not_admitted	not_admitted	not_admitted	not_admitted	not_admitted	not_admitted	not_admitted
NZ_CP017233.1	MPF_F	IncFIB(S);IncFII(S);IncFII(pAR0022);IncX1	128	0	0	GA	1	98;76595;77065;-;72.2	33;24876;25172;+;77.5	34;25191;27944;+;47.9	34;25191;27944;+;147.9	34;25191;27944;+;75.3	35;27955;28713;+;68.5	37;28951;30084;+;106.9		38;30330;31043;+;120.0		107;81106;82527;+;90.6				pfam	pfam_only	D	4/7	canonical	1	1	unscoreable	9	0	0														not_admitted	not_admitted	not_admitted	not_admitted	not_admitted	not_admitted	not_admitted
NZ_CP017242.1	MPF_T	-	411	0	0	GA	1	258;278247;279128;-;79.7	257;277897;278208;-;80.5	404;424324;424623;-;66.0	403;421857;424313;-;175.5	403;421857;424313;-;125.0	402;421082;421885;-;51.5	400;419713;420894;-;109.8		251;272065;272793;-;168.3	398;418200;419012;-;187.4	396;416446;417744;-;212.9	406;424986;425963;-;127.9	384;404883;406886;-;544.2		conjscan	both	A	7/7	canonical	1	0	unscoreable	20	0	0														not_admitted	not_admitted	not_admitted	not_admitted	not_admitted	not_admitted	not_admitted
NZ_CP017243.1	MPF_T	-	410	0	0	GA	1	153;174716;175357;+;21.8	154;175372;175671;+;91.4	155;175677;176015;+;100.4	156;176008;178374;+;171.7	156;176008;178374;+;111.7	157;178371;179072;+;201.9	159;179305;180237;+;171.6		161;180560;181231;+;210.3	162;181228;182085;+;187.0	163;182094;183266;+;182.4	164;183275;184303;+;110.7	177;192890;194809;-;333.5		pfam	both	A	7/7	canonical	1	0	unscoreable	14	0	0														not_admitted	not_admitted	not_admitted	not_admitted	not_admitted	not_admitted	not_admitted
NZ_CP017265.1	MPF_T	rep38	33	0	0	GA	1				19;17666;19681;-;24.6									14;12086;13639;-;460.4		none	none	D	2/7	uncallable	0	0	unscoreable	4	0	0														not_admitted	not_admitted	not_admitted	not_admitted	not_admitted	not_admitted	not_admitted
NZ_CP017274.1	MPF_T	rep38	42	0	0	GA	1				25;23186;25204;+;24.7									31;29230;30774;+;462.6		none	none	D	2/7	uncallable	0	0	unscoreable	5	0	0														not_admitted	not_admitted	not_admitted	not_admitted	not_admitted	not_admitted	not_admitted
NZ_CP017277.1	MPF_T	rep38	45	0	0	GA	1				28;23895;25913;+;24.7									34;29939;31483;+;462.6		none	none	D	2/7	uncallable	0	0	unscoreable	5	0	0														not_admitted	not_admitted	not_admitted	not_admitted	not_admitted	not_admitted	not_admitted
NZ_CP017281.1	MPF_F	IncFIA(pBK30683);IncFII(K)	104	0	0	GA	0															not_admitted	not_admitted	not_admitted	not_admitted	not_admitted	not_admitted	not_admitted	not_admitted	not_admitted	not_admitted	1	71;57512;58504;+;362.9	84;66095;67462;+;382.8	80;64085;64837;+;233.7	68;53847;56486;+;259.3	85;67462;70284;+;340.4	58;48529;49953;+;91.3	68;53847;56486;+;88.3	56;47236;47802;+;168.5	75;60535;61182;+;65.7	76;61241;63196;+;257.4	88;72252;74552;+;392.7	60;50565;51149;+;54.2	88;72252;74552;+;66.6	A	9/9	contiguous	25016	1	1	70308..70910+;200;TraS;0
NZ_CP017283.1	MPF_F	IncFII(Y);IncFII(pAR0022)	120	0	0	GA	0															not_admitted	not_admitted	not_admitted	not_admitted	not_admitted	not_admitted	not_admitted	not_admitted	not_admitted	not_admitted	1	85;79843;80835;-;370.3	78;74147;75520;-;375.9	81;76320;77069;-;218.8	88;81823;84453;-;285.5	77;71325;74147;-;336.0	94;86586;87980;-;91.0	88;81823;84453;-;98.1	96;88697;89263;-;170.3	84;79197;79826;-;64.9	83;77320;79200;-;260.5	74;67713;69989;-;384.7	93;86025;86564;-;66.1	74;67713;69989;-;63.8	A	9/9	contiguous	20984	1	1	70872..71303-;143;TraS;0
NZ_CP017285.1	MPF_F	IncFII(Y);IncFII(pAR0022)	117	0	0	GA	0															not_admitted	not_admitted	not_admitted	not_admitted	not_admitted	not_admitted	not_admitted	not_admitted	not_admitted	not_admitted	1	66;66691;67683;-;370.3	59;60995;62368;-;375.9	62;63168;63917;-;218.8	69;68671;71301;-;285.5	58;58173;60995;-;336.0	75;73434;74828;-;91.0	69;68671;71301;-;98.1	77;75545;76111;-;170.3	65;66045;66674;-;64.9	64;64168;66048;-;260.5	55;54561;56837;-;384.7	74;72873;73412;-;66.1	55;54561;56837;-;63.8	A	9/9	contiguous	20984	1	1	57720..58151-;143;TraS;0
NZ_CP017286.1	MPF_F	IncFIA(pBK30683);IncFII(K)	105	0	0	GA	0															not_admitted	not_admitted	not_admitted	not_admitted	not_admitted	not_admitted	not_admitted	not_admitted	not_admitted	not_admitted	1	87;75080;76072;+;362.9	100;83663;85030;+;382.8	96;81653;82405;+;233.7	84;71415;74054;+;259.3	101;85030;87852;+;340.4	74;66097;67521;+;91.3	84;71415;74054;+;88.3	72;64804;65370;+;168.5	91;78103;78750;+;65.7	92;78809;80764;+;257.4	104;89820;92120;+;392.7	76;68133;68717;+;54.2	104;89820;92120;+;66.6	A	9/9	contiguous	25016	1	1	87876..88478+;200;TraS;0
NZ_CP017294.1	MPF_T	-	456	1	0	GA	1	407;342593;343156;+;26.1	229;208802;209188;+;85.3	230;209185;209454;+;32.5	231;209467;211917;+;37.9	231;209467;211917;+;125.2	232;211914;212657;+;226.6	234;212993;214360;+;177.3		235;214379;215083;+;235.9	236;215080;216072;+;223.0	237;216075;217355;+;208.0	228;207735;208805;+;118.3	226;205268;207265;+;333.6	62;54413;57793;-;121.1	conjscan	conjscan_only	A	7/7	canonical	1	0	unscoreable	9	0	1	63;57806;58621;-;257.8			68;61520;63916;-;267.0		237;216075;217355;+;208.0	68;61520;63916;-;133.8	75;75042;75680;-;88.2	65;59538;60710;-;43.6	62;54413;57793;-;121.1	226;205268;207265;+;103.8	72;71968;72489;-;87.7	226;205268;207265;+;99.0	C	6/9	split_2	161662	0	1	
NZ_CP017309.1	-	-	92	0	0	GA	1	49;35013;35822;-;45.2	47;34372;34668;-;39.1	46;34024;34356;-;84.6	45;31422;34034;-;118.6	45;31422;34034;-;87.3	43;30563;31267;-;146.8	41;29108;30097;-;110.3		39;28208;28894;-;129.4	38;27395;28198;-;199.9	37;26166;27398;-;180.0	36;25133;26137;-;77.5	32;18460;19980;+;72.4		pfam	both	A	7/7	canonical	1	0	unscoreable	17	0	0														not_admitted	not_admitted	not_admitted	not_admitted	not_admitted	not_admitted	not_admitted
NZ_CP017318.1	MPF_T	-	61	0	0	GA	1	49;34785;35375;+;62.9	57;45636;45950;+;76.8	58;45953;46219;+;36.5	59;46286;48856;+;34.6	59;46286;48856;+;107.4	0;51;659;+;53.2	2;1225;2214;+;86.3		3;2705;3415;+;126.1	4;3441;4433;+;166.9	5;4449;5792;+;209.6	56;44553;45557;+;116.3	51;38635;40692;+;343.7		conjscan	conjscan_only	A	7/7	rearranged	1	0	unscoreable	5	0	0														not_admitted	not_admitted	not_admitted	not_admitted	not_admitted	not_admitted	not_admitted
NZ_CP017322.1	-	-	87	0	0	GA	1	65;48264;49073;-;45.2	37;30452;30748;-;39.1	36;30104;30436;-;84.6	61;44673;47285;-;118.6	35;29149;30114;-;85.9	31;26645;27349;-;147.9	29;25190;26179;-;110.3		27;24290;24976;-;129.4	54;40647;41450;-;199.9	24;22249;23481;-;180.0	23;21216;22220;-;77.5	19;14543;16063;+;72.4		pfam	both	A	7/7	canonical	1	0	unscoreable	24	0	0														not_admitted	not_admitted	not_admitted	not_admitted	not_admitted	not_admitted	not_admitted
NZ_CP017325.1	MPF_T	-	72	0	0	GA	1	71;60560;61150;+;62.9	7;9961;10275;+;76.8	8;10278;10544;+;36.5	9;10611;13181;+;34.6	9;10611;13181;+;107.4	10;13201;13980;+;54.7	12;14546;16021;+;84.7		13;16028;16738;+;126.1	14;16764;17756;+;166.9	15;17772;19115;+;209.6	6;8878;9882;+;116.3	1;2959;5016;+;343.7		conjscan	conjscan_only	A	7/7	canonical	1	0	unscoreable	6	0	0														not_admitted	not_admitted	not_admitted	not_admitted	not_admitted	not_admitted	not_admitted
NZ_CP017356.1	MPF_T	-	55	0	0	GA	1				1;1989;4007;-;22.4									50;44267;45778;-;464.7		none	none	D	2/7	uncallable	0	0	unscoreable	0	0	0														not_admitted	not_admitted	not_admitted	not_admitted	not_admitted	not_admitted	not_admitted
NZ_CP017358.1	MPF_T	rep38	33	0	0	GA	1				18;12261;14276;+;23.5									24;18295;19827;+;474.9		none	none	D	2/7	uncallable	0	0	unscoreable	5	0	0														not_admitted	not_admitted	not_admitted	not_admitted	not_admitted	not_admitted	not_admitted
NZ_CP017366.1	MPF_T	-	55	0	0	GA	1				5;5286;7304;-;22.4											none	none	D	1/7	uncallable	0	0	unscoreable	0	0	0														not_admitted	not_admitted	not_admitted	not_admitted	not_admitted	not_admitted	not_admitted
NZ_CP017368.1	MPF_T	rep38	30	0	0	GA	1				25;22217;24232;-;23.5									19;16666;18198;-;474.9		none	none	D	2/7	uncallable	0	0	unscoreable	5	0	0														not_admitted	not_admitted	not_admitted	not_admitted	not_admitted	not_admitted	not_admitted
NZ_CP017376.1	MPF_T	repUS73	60	0	0	GA	1				28;23133;25151;-;25.2									21;17369;18880;-;466.3		none	none	D	2/7	uncallable	0	0	unscoreable	6	0	0														not_admitted	not_admitted	not_admitted	not_admitted	not_admitted	not_admitted	not_admitted
NZ_CP017381.1	MPF_T	-	47	0	0	GA	1				7;6602;8617;-;23.6									1;1026;2576;-;463.2		none	none	D	2/7	uncallable	0	0	unscoreable	5	0	0														not_admitted	not_admitted	not_admitted	not_admitted	not_admitted	not_admitted	not_admitted
NZ_CP017410.1	MPF_T	rep38	32	0	0	GA	1				6;4449;6467;+;25.4									12;10494;12047;+;462.8		none	none	D	2/7	uncallable	0	0	unscoreable	5	0	0														not_admitted	not_admitted	not_admitted	not_admitted	not_admitted	not_admitted	not_admitted
NZ_CP017416.1	MPF_T	-	51	0	0	GA	1		19;17676;17939;+;56.2	20;17948;18331;+;78.9	21;18328;20883;+;176.1	21;18328;20883;+;85.6	27;22752;23747;+;84.3	28;23744;24739;+;116.9		30;24883;25542;+;177.9	31;25539;26429;+;162.9	32;26439;27620;+;164.7	33;27601;28608;+;94.4	34;28609;30420;+;344.8		pfam	pfam_only	A	7/7	canonical	1	0	unscoreable	6	0	0														not_admitted	not_admitted	not_admitted	not_admitted	not_admitted	not_admitted	not_admitted
NZ_CP017418.1	MPF_T	-	49	0	0	GA	1		18;17237;17500;+;56.2	19;17513;20281;+;75.0	19;17513;20281;+;177.1	19;17513;20281;+;86.2	24;22264;23235;+;83.3	25;23232;24230;+;120.0		27;24377;25039;+;177.6	28;25036;25923;+;161.4	29;25950;27122;+;166.0	30;27103;28095;+;93.2	31;28096;29907;+;348.4		pfam	pfam_only	A	7/7	canonical	1	1	unscoreable	5	0	0														not_admitted	not_admitted	not_admitted	not_admitted	not_admitted	not_admitted	not_admitted
NZ_CP017419.1	MPF_T	-	48	0	0	GA	1		18;17263;17526;+;56.2	19;17539;20307;+;75.1	19;17539;20307;+;176.0	19;17539;20307;+;86.5	24;22174;23160;+;84.3	25;23164;24156;+;112.5		27;24300;24959;+;177.9	28;24956;25846;+;162.9	29;25856;27034;+;164.3	30;27015;28022;+;93.9	31;28023;29834;+;344.8		pfam	pfam_only	A	7/7	canonical	1	1	unscoreable	5	0	0														not_admitted	not_admitted	not_admitted	not_admitted	not_admitted	not_admitted	not_admitted
NZ_CP017451.1	MPF_F	Col440I;IncFIB(pNDM-Mar);IncHI1B(pNDM-MAR)	559	0	0	GA	0															not_admitted	not_admitted	not_admitted	not_admitted	not_admitted	not_admitted	not_admitted	not_admitted	not_admitted	not_admitted	1	276;268978;270015;+;282.3	93;97476;98885;-;190.4	94;98875;99912;-;175.8	264;255429;258146;+;149.6	92;93506;97474;-;121.3	373;355996;357156;-;156.3	264;255429;258146;+;85.2	257;249440;250300;+;79.0	275;267620;268981;+;69.9	277;270025;273210;+;59.6	101;107111;109237;+;58.4	263;254647;255384;+;56.9	101;107111;109237;+;41.0	A	9/9	split_3	262490	0	1	
NZ_CP017455.1	MPF_T	IncP1	46	0	0	GA	1	26;21286;21921;+;23.5	15;10969;11433;+;63.5	16;11437;11748;+;49.8	17;11745;14303;+;91.0	17;11745;14303;+;112.1	22;17937;18701;+;122.3	24;18949;20667;+;143.0		18;14300;15082;+;145.8	19;15100;15999;+;186.5	21;16495;17916;+;223.3	14;9990;10952;+;127.6	37;34137;36050;-;525.1		conjscan	conjscan_only	A	7/7	canonical	1	0	unscoreable	4	0	0														not_admitted	not_admitted	not_admitted	not_admitted	not_admitted	not_admitted	not_admitted
NZ_CP017473.1	MPF_F	IncFIB(pB171);IncFII(Cf);IncFII(Yp);IncFII(pAR0022)	182	0	0	GA	0															not_admitted	not_admitted	not_admitted	not_admitted	not_admitted	not_admitted	not_admitted	not_admitted	not_admitted	not_admitted	1	104;108388;109374;-;356.6	99;103162;104523;-;339.5	101;105155;105934;-;193.8	107;110437;113028;-;222.1	98;100275;103157;-;291.2	111;114186;115550;-;81.6	107;110437;113028;-;87.2	113;116267;116830;-;138.5	103;107757;108377;-;80.2	102;105931;107760;-;261.0	95;96415;98664;-;368.8	108;113039;113638;-;47.6	95;96415;98664;-;69.8	A	9/9	contiguous	19852	1	1	99689..100267-;192;unnamed;0
NZ_CP017564.2	-	-	119	0	0	GA	1	40;41788;42465;+;44.1	15;16813;17253;+;37.5		17;17613;20201;+;65.7	17;17613;20201;+;97.9	20;21037;21786;+;29.5	22;22005;23966;+;92.4		23;23993;24727;+;100.4	24;24763;25653;+;160.3	25;25656;27080;+;199.0	5;5061;6602;+;191.5	38;38640;41159;+;302.1		conjscan	conjscan_only	A	7/7	canonical	1	0	unscoreable	13	0	0														not_admitted	not_admitted	not_admitted	not_admitted	not_admitted	not_admitted	not_admitted
NZ_CP017565.2	MPF_T	-	534	0	0	GA	1	7;7580;8008;+;71.5			75;63848;66310;+;55.2	75;63848;66310;+;81.4		77;67090;68130;+;48.3		2;2582;3283;+;90.4	3;3280;4164;+;149.5	4;4176;5477;+;150.5	12;12290;14545;+;150.2			none	none	B	6/7	canonical	0	0	unscoreable	8	0	0														not_admitted	not_admitted	not_admitted	not_admitted	not_admitted	not_admitted	not_admitted
NZ_CP017586.1	-	IncFII(SARC14)	47	0	0	GA	1	42;30362;31018;+;38.5	43;31005;31337;+;35.3		45;31731;33461;+;68.5											none	none	D	1/7	uncallable	0	0	unscoreable	1	0	0														not_admitted	not_admitted	not_admitted	not_admitted	not_admitted	not_admitted	not_admitted
NZ_CP017620.1	MPF_F	IncFIB(S);IncFII(S);IncFII(pAR0022)	121	0	0	GA	0															not_admitted	not_admitted	not_admitted	not_admitted	not_admitted	not_admitted	not_admitted	not_admitted	not_admitted	not_admitted	1	104;78362;79354;+;366.7	113;84602;85984;+;392.4	110;82821;83570;+;231.0	101;75567;77582;+;167.2	114;85981;88803;+;394.4	91;70969;72390;+;91.5	101;75567;77582;+;98.7	89;69670;70236;+;188.1	106;79666;80304;+;70.6	108;80757;82583;+;271.0	117;90457;92367;+;369.5	95;73323;73712;+;67.7	117;90457;92367;+;68.2	A	9/9	contiguous	20787	1	1	88825..89313+;162;TraS;0
NZ_CP017632.1	MPF_F	IncHI2;IncHI2A;IncN;IncY	404	0	0	GA	0															not_admitted	not_admitted	not_admitted	not_admitted	not_admitted	not_admitted	not_admitted	not_admitted	not_admitted	not_admitted	1	286;260622;261680;-;276.9	1;1037;2452;+;194.1	0;1;1047;+;174.3	303;281252;283933;-;168.0	2;2461;6414;+;101.7	307;286263;287618;-;80.7	303;281252;283933;-;72.2	310;289342;290130;-;74.8	288;261822;263333;-;62.0	285;257415;260603;-;57.3	397;360173;362257;-;56.8	304;283942;284892;-;46.1	397;360173;362257;-;38.8	A	9/9	split_3	360172	1	1	6595..7884+;429;unnamed;0
NZ_CP017633.1	MPF_F	IncFII(pHN7A8);IncN;IncX1	137	0	0	GA	0															not_admitted	not_admitted	not_admitted	not_admitted	not_admitted	not_admitted	not_admitted	not_admitted	not_admitted	not_admitted	1	96;88902;89894;-;369.5	83;80696;82069;-;376.8	88;83635;84378;-;234.4	99;90903;93530;-;301.8	82;77883;80699;-;376.7	104;95585;97012;-;94.1	99;90903;93530;-;101.8	106;97727;98293;-;183.8	93;87318;87956;-;70.4	90;84655;86505;-;265.0	78;73402;75582;-;391.8	100;94046;94561;-;78.0	78;73402;75582;-;70.3	A	9/9	contiguous	24325	1	1	77329..77850-;173;unnamed;0
NZ_CP017643.1	MPF_F	-	99	0	0	GA	0															not_admitted	not_admitted	not_admitted	not_admitted	not_admitted	not_admitted	not_admitted	not_admitted	not_admitted	not_admitted	1	4;3314;4357;+;369.2	9;8336;9763;+;325.8	7;7126;7938;+;219.1	0;17;1753;+;84.4	10;9779;12781;+;208.7	94;66906;68222;+;102.7	0;17;1753;+;109.9	92;65615;66193;+;82.6	5;4372;5079;+;107.6	6;5076;7133;+;92.2	73;52897;55056;+;381.4	97;69249;69893;+;41.9	73;52897;55056;+;89.7	A	9/9	split_2	69232	1	1	12853..13371+;172;unnamed;0
NZ_CP017645.1	MPF_F	-	108	0	0	GA	0															not_admitted	not_admitted	not_admitted	not_admitted	not_admitted	not_admitted	not_admitted	not_admitted	not_admitted	not_admitted	1	14;14526;15569;-;369.2	9;9120;10547;-;325.8	11;10945;11757;-;219.1	18;17131;19857;-;164.6	8;6102;9104;-;208.7	22;21539;22855;-;102.7	18;17131;19857;-;108.4	24;23568;24146;-;82.6	13;13804;14511;-;107.6	12;11750;13807;-;92.2	42;34707;36866;-;381.4	19;19867;20511;-;41.9	42;34707;36866;-;89.7	A	9/9	contiguous	28605	1	1	5512..6030-;172;unnamed;0
NZ_CP017647.1	MPF_F	-	104	0	0	GA	0															not_admitted	not_admitted	not_admitted	not_admitted	not_admitted	not_admitted	not_admitted	not_admitted	not_admitted	not_admitted	1	57;41314;42357;-;369.2	52;35908;37335;-;325.8	54;37733;38545;-;219.1	61;43919;46645;-;164.6	51;32890;35892;-;208.7	65;48327;49190;-;104.8	61;43919;46645;-;108.4	68;50355;50933;-;82.0	56;40592;41299;-;107.6	55;38538;40595;-;92.2	86;61494;63653;-;381.4	62;46655;47299;-;41.9	86;61494;63653;-;89.7	A	9/9	contiguous	28604	1	1	32300..32818-;172;unnamed;0
NZ_CP017649.1	MPF_F	-	163	0	0	GA	0															not_admitted	not_admitted	not_admitted	not_admitted	not_admitted	not_admitted	not_admitted	not_admitted	not_admitted	not_admitted	1	34;20808;21851;+;369.2	39;25830;27257;+;325.8	37;24620;25432;+;219.1	30;16520;19246;+;164.6	40;27273;30275;+;208.7	26;13522;14838;+;102.7	30;16520;19246;+;108.4	24;12231;12809;+;82.6	35;21866;22573;+;107.6	36;22570;24627;+;92.2	131;101835;103994;+;381.4	29;15866;16510;+;41.9	0;44;1258;+;90.5	A	9/9	split_2	101791	1	1	30347..30865+;172;unnamed;0
NZ_CP017651.1	MPF_F	-	97	0	0	GA	0															not_admitted	not_admitted	not_admitted	not_admitted	not_admitted	not_admitted	not_admitted	not_admitted	not_admitted	not_admitted	1	43;29979;31022;+;369.2	49;35000;36427;+;325.8	47;33790;34602;+;219.1	39;25691;28417;+;164.6	50;36443;39445;+;208.7	35;23146;24009;+;104.8	39;25691;28417;+;108.4	32;21403;21981;+;82.6	44;31037;31744;+;107.6	46;32625;33797;+;98.3	14;8683;10842;+;381.4	38;25037;25681;+;41.9	14;8683;10842;+;89.7	A	9/9	contiguous	27760	1	1	39517..40035+;172;unnamed;0
NZ_CP017653.1	MPF_F	-	99	0	0	GA	0															not_admitted	not_admitted	not_admitted	not_admitted	not_admitted	not_admitted	not_admitted	not_admitted	not_admitted	not_admitted	1	78;50364;51407;+;369.2	84;55385;56812;+;325.8	82;54175;54987;+;219.1	74;46076;48802;+;164.6	85;56828;59830;+;208.7	70;43531;44394;+;104.8	74;46076;48802;+;108.4	67;41788;42366;+;82.6	79;51422;52129;+;107.6	81;53010;54182;+;98.3	49;29068;31227;+;381.4	73;45422;46066;+;41.9	49;29068;31227;+;89.7	A	9/9	contiguous	27760	1	1	59902..60420+;172;unnamed;0
NZ_CP017655.1	MPF_F	-	99	0	0	GA	0															not_admitted	not_admitted	not_admitted	not_admitted	not_admitted	not_admitted	not_admitted	not_admitted	not_admitted	not_admitted	1	16;11185;12228;+;369.2	21;16207;17634;+;325.8	19;14997;15809;+;219.1	12;6897;9623;+;164.6	22;17650;20652;+;208.7	8;3899;5215;+;102.7	12;6897;9623;+;108.4	6;2608;3186;+;82.6	17;12243;12950;+;107.6	18;12947;15004;+;92.2	87;61961;64120;+;381.4	11;6243;6887;+;41.9	87;61961;64120;+;89.7	A	9/9	split_2	59353	1	1	20724..21242+;172;unnamed;0
NZ_CP017657.1	MPF_F	-	122	0	0	GA	0															not_admitted	not_admitted	not_admitted	not_admitted	not_admitted	not_admitted	not_admitted	not_admitted	not_admitted	not_admitted	1	25;18675;19718;+;369.2	30;23697;25124;+;325.8	28;22487;23299;+;219.1	21;14387;17113;+;164.6	31;25140;28142;+;208.7	17;11389;12705;+;102.7	21;14387;17113;+;108.4	15;10098;10676;+;82.6	26;19733;20440;+;107.6	27;20437;22494;+;92.2	121;98784;100943;+;381.4	20;13733;14377;+;41.9	121;98784;100943;+;89.7	A	9/9	split_2	88686	1	1	28214..28732+;172;unnamed;0
NZ_CP017672.1	-	-	117	0	0	GA	0															not_admitted	not_admitted	not_admitted	not_admitted	not_admitted	not_admitted	not_admitted	not_admitted	not_admitted	not_admitted	1	101;88862;89857;+;359.4	109;95081;96457;+;330.6	104;92325;93113;+;200.5	98;85111;87822;+;234.4	110;96470;99367;+;318.8	90;80984;82345;+;91.0	98;85111;87822;+;122.1	88;79671;80240;+;123.6	102;89873;90493;+;68.8	103;90490;92328;+;233.5	114;100652;102880;+;377.9	97;84546;85109;+;54.0	114;100652;102880;+;73.8	A	9/9	contiguous	20981	1	1	99336..99848+;170;unnamed;0
NZ_CP017699.1	MPF_T	-	70	0	0	GA	1				10;7526;9541;-;24.5									53;46897;48408;-;464.1		none	none	D	2/7	uncallable	0	0	unscoreable	10	0	0														not_admitted	not_admitted	not_admitted	not_admitted	not_admitted	not_admitted	not_admitted
NZ_CP017721.1	MPF_F	IncFII(S);IncFII(pAR0022)	289	0	0	GA	0															not_admitted	not_admitted	not_admitted	not_admitted	not_admitted	not_admitted	not_admitted	not_admitted	not_admitted	not_admitted	1	150;154116;155108;+;370.7	161;161004;162377;+;381.0	156;158704;159447;+;231.8	147;150477;153107;+;300.1	162;162374;165196;+;387.9	139;145812;147239;+;94.7	147;150477;153107;+;99.5	137;144510;145076;+;184.3	153;155942;156580;+;68.5	154;156577;158427;+;265.6	165;166730;168937;+;384.2	143;148367;148882;+;76.0	165;166730;168937;+;64.9	A	9/9	contiguous	22220	1	1	165218..165697+;159;TraS;0
NZ_CP017725.1	MPF_T	IncN	55	0	0	GA	1	41;36534;37268;+;32.5	43;37568;37861;+;28.7	44;37911;38228;+;63.3	45;38228;40828;+;111.8	45;38228;40828;+;76.8	46;40846;41559;+;97.1	48;41810;42850;+;153.6		49;43069;43767;+;131.9	50;43778;44662;+;159.0	51;44662;45822;+;154.9	52;45864;46859;+;81.2	11;14034;15563;-;38.5		pfam	both	A	7/7	canonical	1	0	unscoreable	2	0	0														not_admitted	not_admitted	not_admitted	not_admitted	not_admitted	not_admitted	not_admitted
NZ_CP017726.1	MPF_F	IncFII(pCoo)	67	0	0	GA	0															not_admitted	not_admitted	not_admitted	not_admitted	not_admitted	not_admitted	not_admitted	not_admitted	not_admitted	not_admitted	1	19;13095;14087;+;369.3	29;19420;20793;+;381.0	23;16815;17558;+;232.1	16;9456;12086;+;301.5	30;20790;23615;+;389.2	9;5643;7070;+;94.1	16;9456;12086;+;100.2	7;4362;4928;+;183.8	20;14096;14734;+;68.7	21;14731;16539;+;268.3	33;25117;27369;+;391.7	13;8192;8707;+;78.9	33;25117;27369;+;70.3	A	9/9	contiguous	20755	1	1	23612..24121+;169;unnamed;0
NZ_CP017729.1	MPF_F	IncFIB(S);IncFII(S);IncFII(pAR0022)	117	0	0	GA	0															not_admitted	not_admitted	not_admitted	not_admitted	not_admitted	not_admitted	not_admitted	not_admitted	not_admitted	not_admitted	1	77;57428;58420;+;364.7	86;63668;65050;+;392.4	83;61887;62636;+;231.0	74;53793;56441;+;314.1	87;65047;67869;+;394.4	66;49839;51260;+;91.5	74;53793;56441;+;97.8	64;48546;49112;+;188.1	79;58732;59370;+;70.6	81;59823;61649;+;268.1	90;69523;71685;+;374.1	69;52066;52581;+;96.7	90;69523;71685;+;72.1	A	9/9	contiguous	20977	1	1	67891..68379+;162;TraS;0
NZ_CP017750.1	-	-	559	0	0	GA	1	410;409135;409557;+;68.8		126;117886;118191;+;36.3	127;118185;120659;+;61.2	401;399627;402077;-;80.7		399;397767;398816;-;54.7		130;122881;123609;+;113.0	131;123609;124418;+;194.1	407;405860;407062;+;161.7	194;185447;186898;+;491.3	397;394627;396483;-;49.9		none	none	A	7/7	uncallable	0	0	unscoreable	32	0	0														not_admitted	not_admitted	not_admitted	not_admitted	not_admitted	not_admitted	not_admitted
NZ_CP017753.1	-	-	287	0	0	GA	1	106;93846;94268;-;68.8			115;101326;103776;+;55.1	115;101326;103776;+;80.7		117;104587;105636;+;54.7		111;98456;99163;-;84.2	110;97556;98452;-;161.4	109;96341;97543;-;161.2	112;99640;100626;+;143.5	119;106920;108776;+;48.9		none	none	A	7/7	canonical	0	0	unscoreable	9	0	0														not_admitted	not_admitted	not_admitted	not_admitted	not_admitted	not_admitted	not_admitted
NZ_CP017756.1	-	-	202	0	0	GA	0															not_admitted	not_admitted	not_admitted	not_admitted	not_admitted	not_admitted	not_admitted	not_admitted	not_admitted	not_admitted	1	178;154554;155789;-;216.3	197;171998;173515;+;186.5	196;171009;172001;+;180.8	182;158257;160713;-;134.2	11;7062;11783;-;135.8	185;162171;163583;-;94.4	182;158257;160713;-;67.6	187;164806;165672;-;89.6	179;155789;156961;-;66.5	177;151784;154543;-;43.0	16;14879;16867;+;26.5	184;161444;162160;-;60.0	16;14879;16867;+;39.2	A	9/9	split_2	164936	1	1	6635..6922-;95;unnamed;0
NZ_CP017759.1	MPF_F	-	395	0	0	GA	1	370;398211;398657;-;73.6			379;405699;408152;+;65.7	379;405699;408152;+;85.9		381;408898;409947;+;51.7		375;402803;403510;-;100.9	374;401887;402786;-;165.0	373;400658;401887;-;180.9	365;391805;393649;-;137.0	383;411206;413062;+;40.6		none	none	A	7/7	canonical	0	0	unscoreable	10	0	0														not_admitted	not_admitted	not_admitted	not_admitted	not_admitted	not_admitted	not_admitted
NZ_CP017760.1	MPF_T	IncP1	77	0	0	GA	1	62;64145;64735;-;23.1	73;74543;75007;-;62.5	72;74228;74539;-;51.3	71;71673;74231;-;94.6	71;71673;74231;-;113.4	66;67340;68113;-;125.5	64;65379;67097;-;148.0		70;70888;71676;-;146.4	69;69977;70870;-;181.1	67;68130;69509;-;218.3	74;75037;76002;-;131.2	36;33745;35649;+;526.9		conjscan	conjscan_only	A	7/7	canonical	1	0	unscoreable	4	0	0														not_admitted	not_admitted	not_admitted	not_admitted	not_admitted	not_admitted	not_admitted
NZ_CP017778.1	MPF_F	IncC;IncFIB(pKPHS1)	260	0	0	GA	0															not_admitted	not_admitted	not_admitted	not_admitted	not_admitted	not_admitted	not_admitted	not_admitted	not_admitted	not_admitted	1	190;157043;157306;-;36.1	152;125320;126753;-;339.2	153;126755;127783;-;221.7	195;160058;162505;-;354.5	151;121693;125307;-;375.3	96;88240;89400;-;156.3	195;160058;162505;-;128.3	206;180437;181063;-;92.7	192;157971;159236;-;67.9		215;184873;186738;-;47.3	203;177648;178226;-;100.2	215;184873;186738;-;52.0	B	8/9	split_3	96633	0	0	
NZ_CP017779.1	MPF_F	IncFII(pBK30683);repB(R1701)	176	0	0	GA	0															not_admitted	not_admitted	not_admitted	not_admitted	not_admitted	not_admitted	not_admitted	not_admitted	not_admitted	not_admitted	1	40;43658;44647;-;366.0	30;36744;38111;-;384.0	34;39369;40121;-;233.7	44;46104;48743;-;258.5	29;33895;36744;-;346.4	50;51574;52998;-;89.2	44;46104;48743;-;88.7	52;53725;54291;-;169.3	39;43007;43645;-;67.0	38;40993;42948;-;259.7	25;29119;31431;-;392.8	49;50917;51501;-;54.5	25;29119;31431;-;65.8	A	9/9	contiguous	24606	1	1	33359..33892-;177;unnamed;0
NZ_CP017782.1	MPF_T	-	294	0	0	GA	1	52;44233;45399;-;78.3	56;48290;48604;-;77.1	55;47990;48268;-;77.5	54;45616;48000;-;90.0	197;166795;169143;+;39.4	51;43439;44236;-;60.8	45;38259;39284;-;128.2		202;172793;173473;+;148.9	49;42079;42780;-;165.1	48;40757;42082;-;173.0	205;175480;176466;+;118.0	207;178454;180379;+;311.4		pfam	both	A	7/7	canonical	1	0	unscoreable	4	0	0														not_admitted	not_admitted	not_admitted	not_admitted	not_admitted	not_admitted	not_admitted
NZ_CP017850.1	MPF_F	IncFII(Y);IncFII(pAR0022)	125	0	0	GA	0															not_admitted	not_admitted	not_admitted	not_admitted	not_admitted	not_admitted	not_admitted	not_admitted	not_admitted	not_admitted	1	62;59313;60305;-;370.3	55;53617;54990;-;375.9	58;55790;56539;-;218.8	65;61293;63923;-;285.5	54;50795;53617;-;336.0	71;66056;67450;-;91.0	65;61293;63923;-;98.1	73;68167;68733;-;170.3	61;58667;59296;-;64.9	60;56790;58670;-;260.5	51;47183;49459;-;384.7	70;65495;66034;-;66.1	51;47183;49459;-;63.8	A	9/9	contiguous	20984	1	1	50342..50773-;143;TraS;0
NZ_CP017851.1	MPF_F	IncFIA(pBK30683);IncFII(K)	106	0	0	GA	0															not_admitted	not_admitted	not_admitted	not_admitted	not_admitted	not_admitted	not_admitted	not_admitted	not_admitted	not_admitted	1	76;60662;61654;+;362.9	89;69245;70612;+;382.8	85;67235;67987;+;233.7	73;56997;59636;+;259.3	90;70612;73434;+;340.4	63;51679;53103;+;91.3	73;56997;59636;+;88.3	61;50386;50952;+;168.5	80;63685;64332;+;65.7	81;64391;66346;+;257.4	93;75402;77702;+;392.7	65;53715;54299;+;54.2	93;75402;77702;+;66.6	A	9/9	contiguous	25016	1	1	73458..74060+;200;TraS;0
NZ_CP017854.1	MPF_T	-	48	0	0	GA	1		12;8654;8917;+;54.5	13;8936;11704;+;73.3	13;8936;11704;+;177.8	13;8936;11704;+;86.1	18;13685;14671;+;82.7	19;14675;15667;+;111.2		21;15814;16476;+;177.6	22;16473;17360;+;161.4	23;17387;18562;+;165.9	24;18543;19535;+;93.2	25;19536;21347;+;348.4		pfam	pfam_only	A	7/7	canonical	1	1	unscoreable	5	0	0														not_admitted	not_admitted	not_admitted	not_admitted	not_admitted	not_admitted	not_admitted
NZ_CP017857.1	MPF_T	-	48	0	0	GA	1		27;25559;25822;+;54.5	28;25841;28609;+;73.3	28;25841;28609;+;177.8	28;25841;28609;+;86.1	33;30590;31576;+;82.7	34;31580;32572;+;111.2		36;32719;33381;+;177.6	37;33378;34265;+;161.4	38;34292;35467;+;165.9	39;35448;36440;+;93.2	40;36441;38252;+;348.4		pfam	pfam_only	A	7/7	canonical	1	1	unscoreable	5	0	0														not_admitted	not_admitted	not_admitted	not_admitted	not_admitted	not_admitted	not_admitted
NZ_CP017861.1	MPF_T	-	48	0	0	GA	1		7;6643;6906;-;56.2	6;3862;6630;-;75.1	6;3862;6630;-;176.0	6;3862;6630;-;86.5	1;1006;1995;-;84.3	0;14;1009;-;116.1		47;42309;42968;-;177.9	46;41422;42312;-;162.9	45;40234;41412;-;165.2	44;39246;40253;-;94.4	43;37434;39245;-;344.8		pfam	pfam_only	A	7/7	canonical	1	1	unscoreable	4	0	0														not_admitted	not_admitted	not_admitted	not_admitted	not_admitted	not_admitted	not_admitted
NZ_CP017866.1	MPF_T	-	55	0	0	GA	1		53;45110;45373;+;56.2		0;289;1968;+;99.3		9;6434;7423;+;84.3	10;7420;8415;+;116.9		12;8559;9218;+;177.9	13;9215;10105;+;162.9	14;10115;11296;+;165.4	15;11277;12290;+;94.3	17;12850;14661;+;352.0		pfam	pfam_only	A	7/7	canonical	1	0	unscoreable	10	0	0														not_admitted	not_admitted	not_admitted	not_admitted	not_admitted	not_admitted	not_admitted
NZ_CP017867.1	MPF_T	-	31	0	0	GA	1	29;24432;24977;-;54.1	9;8953;9249;-;64.2	8;8666;8953;-;47.5	7;6199;8664;-;88.7	7;6199;8664;-;90.1	5;4743;5546;-;47.6	3;3257;4444;-;46.0		2;2542;3237;-;121.0	1;1371;2531;-;167.3	30;24970;25251;-;76.2	10;9259;10197;-;131.2	24;19808;21631;-;321.1		conjscan	both	A	7/7	canonical	1	0	unscoreable	19	0	0														not_admitted	not_admitted	not_admitted	not_admitted	not_admitted	not_admitted	not_admitted
NZ_CP017869.1	MPF_T	-	53	0	0	GA	1		27;22686;22949;+;56.2	28;22962;25730;+;75.1	28;22962;25730;+;177.1	28;22962;25730;+;86.2	35;28792;29787;+;84.3	36;29784;30779;+;116.9		38;30923;31582;+;177.9	39;31579;32469;+;162.9	40;32479;33660;+;164.0	41;33641;34654;+;94.4	43;35214;37025;+;344.8		pfam	pfam_only	A	7/7	canonical	1	1	unscoreable	8	0	0														not_admitted	not_admitted	not_admitted	not_admitted	not_admitted	not_admitted	not_admitted
NZ_CP017870.1	MPF_T	-	31	0	0	GA	1	2;492;1046;-;50.3	14;10288;10584;-;63.9	13;10001;10288;-;47.5	12;7534;9999;-;84.6	12;7534;9999;-;91.0	10;6040;6843;-;50.2	8;4551;5774;-;55.1		7;3836;4531;-;120.0	6;2894;3823;-;168.3	4;1217;2449;-;211.4	15;10594;11529;-;131.5	29;20847;22670;-;319.7		conjscan	both	A	7/7	canonical	1	0	unscoreable	18	0	0														not_admitted	not_admitted	not_admitted	not_admitted	not_admitted	not_admitted	not_admitted
NZ_CP017872.1	MPF_T	-	64	0	0	GA	1		15;10355;10618;+;56.2	16;10631;13399;+;75.1	16;10631;13399;+;175.8	16;10631;13399;+;86.5	21;15266;16255;+;84.3	22;16252;17247;+;116.9		24;17391;18050;+;178.1	25;18047;18943;+;162.0	26;18953;20131;+;164.3	27;20112;21131;+;94.4	29;21928;23739;+;344.8		pfam	pfam_only	A	7/7	canonical	1	1	unscoreable	6	0	0														not_admitted	not_admitted	not_admitted	not_admitted	not_admitted	not_admitted	not_admitted
NZ_CP017874.1	MPF_T	-	31	0	0	GA	1	8;6554;7099;-;54.1	19;16126;16422;-;64.2	18;15839;16126;-;45.0	17;13370;15835;-;93.4	17;13370;15835;-;88.9	15;11914;12717;-;58.9	13;10428;11615;-;44.3		12;9713;10408;-;122.1	11;8777;9700;-;167.1	9;7092;8333;-;214.7	20;16432;17370;-;132.5	3;1930;3753;-;321.1		conjscan	both	A	7/7	canonical	1	0	unscoreable	7	0	0														not_admitted	not_admitted	not_admitted	not_admitted	not_admitted	not_admitted	not_admitted
NZ_CP017876.1	MPF_T	-	39	0	0	GA	1	36;29831;30376;-;53.2	10;9364;9660;-;64.2	9;9074;9364;-;45.0	8;6605;9070;-;92.3	8;6605;9070;-;88.9	4;3393;4145;-;64.0	2;1957;3171;-;50.1		0;931;1626;-;121.0		37;30369;31610;-;214.7	11;9670;10605;-;135.2	31;25207;27030;-;320.9		conjscan	both	B	6/7	canonical	1	0	unscoreable	10	0	0														not_admitted	not_admitted	not_admitted	not_admitted	not_admitted	not_admitted	not_admitted
NZ_CP017877.1	MPF_T	-	59	0	0	GA	1		38;37783;38046;-;56.6	37;34996;37764;-;74.4	37;34996;37764;-;169.9	37;34996;37764;-;84.1	32;32131;33117;-;84.9	31;31147;32127;-;111.8		29;30344;31003;-;177.9	28;29457;30347;-;162.9	27;28269;29447;-;164.3	26;27281;28288;-;94.3	24;25468;26814;-;281.5		pfam	pfam_only	A	7/7	canonical	1	1	unscoreable	5	0	0														not_admitted	not_admitted	not_admitted	not_admitted	not_admitted	not_admitted	not_admitted
NZ_CP017879.1	MPF_T	-	54	0	0	GA	1		13;8374;8637;+;56.2	14;8650;11418;+;75.1	14;8650;11418;+;176.0	14;8650;11418;+;86.1	23;15884;16873;+;84.3	24;16870;17865;+;116.9		26;18009;18668;+;177.9	27;18665;19555;+;162.9	28;19565;20746;+;165.4	29;20727;21740;+;94.3	31;22300;24111;+;352.0		pfam	pfam_only	A	7/7	canonical	1	1	unscoreable	10	0	0														not_admitted	not_admitted	not_admitted	not_admitted	not_admitted	not_admitted	not_admitted
NZ_CP017880.1	MPF_T	-	31	0	0	GA	1	4;4360;4905;-;54.1	15;14165;14461;-;64.2	14;13878;14165;-;47.5	13;11411;13876;-;88.7	13;11411;13876;-;90.1	11;9955;10758;-;47.6	9;8469;9656;-;46.0		8;7754;8449;-;121.0	7;6583;7743;-;167.3	5;4898;6139;-;214.7	16;14471;15409;-;131.2	30;25022;25267;-;47.8		conjscan	both	A	7/7	canonical	1	0	unscoreable	17	0	0														not_admitted	not_admitted	not_admitted	not_admitted	not_admitted	not_admitted	not_admitted
NZ_CP017887.1	-	-	366	0	0	GA	0															not_admitted	not_admitted	not_admitted	not_admitted	not_admitted	not_admitted	not_admitted	not_admitted	not_admitted	not_admitted	1	88;84333;85355;-;303.9	38;37404;38828;-;304.2	39;38812;39840;-;213.7	93;87983;90385;-;279.0	37;34285;37404;-;272.2	98;99062;100384;-;123.4	93;87983;90385;-;146.7	100;101436;102083;-;85.6	90;86033;87148;-;76.4	87;81625;84324;-;126.1	105;104428;106299;-;36.9		105;104428;106299;-;52.8	B	8/9	split_2	70143	0	1	
NZ_CP017929.1	MPF_F	IncFII(S);IncFII(SARC14)	116	0	0	GA	0															not_admitted	not_admitted	not_admitted	not_admitted	not_admitted	not_admitted	not_admitted	not_admitted	not_admitted	not_admitted	1	11;17928;18923;-;357.6	5;12326;13687;-;336.5	7;14324;15100;-;194.9	14;20016;22607;-;221.4	4;9427;12324;-;292.8	17;23678;25039;-;81.6	14;20016;22607;-;87.8	19;25756;26319;-;137.0	9;16947;17561;-;79.9	8;15097;16950;-;259.9	1;5545;7848;-;376.2	15;22618;23232;-;47.5	1;5545;7848;-;67.0	A	9/9	contiguous	20211	1	1	8855..9415-;186;unnamed;0
NZ_CP017941.1	-	-	658	0	0	GA	1	92;88176;89345;+;87.0	89;85015;85338;+;47.4	90;85356;85685;+;47.4	91;85687;88173;+;115.2	91;85687;88173;+;95.4		94;90407;91444;+;94.5		98;92640;93311;+;117.1	99;93308;94147;+;189.8	100;94159;95520;+;197.3	101;95517;96554;+;131.3	102;96532;99216;+;203.5		none	none	A	7/7	canonical	0	0	unscoreable	4	0	0														not_admitted	not_admitted	not_admitted	not_admitted	not_admitted	not_admitted	not_admitted
NZ_CP017943.1	MPF_T	-	564	0	0	GA	1		450;469078;469485;-;71.2	449;468786;469085;-;60.4	448;466308;468776;-;181.9	448;466308;468776;-;130.1	447;465527;466336;-;49.6	445;464155;465336;-;113.7		444;463474;464136;-;119.9	443;462611;463456;-;186.4	441;460827;462137;-;226.8	451;469475;470446;-;138.0	383;400945;402864;-;551.4		conjscan	conjscan_only	A	7/7	canonical	1	0	unscoreable	3	0	0														not_admitted	not_admitted	not_admitted	not_admitted	not_admitted	not_admitted	not_admitted
NZ_CP017947.1	MPF_T	-	451	0	0	GA	1	344;352484;353152;-;77.2	343;352172;352471;-;71.9	342;351879;352175;-;82.8	341;349461;351872;-;120.3	341;349461;351872;-;105.6	339;347915;348622;-;27.2	337;346388;347521;-;143.3		336;345675;346391;-;206.2	335;344884;345675;-;198.7	334;343528;344874;-;206.4	333;342507;343565;-;122.3	332;340379;342529;-;270.0		pfam	pfam_only	A	7/7	canonical	1	0	unscoreable	3	0	0														not_admitted	not_admitted	not_admitted	not_admitted	not_admitted	not_admitted	not_admitted
NZ_CP017986.1	MPF_F	IncFIB(pNDM-Mar);IncHI1B(pNDM-MAR)	275	0	0	GA	0															not_admitted	not_admitted	not_admitted	not_admitted	not_admitted	not_admitted	not_admitted	not_admitted	not_admitted	not_admitted	1	5;6907;7941;+;282.2	125;122058;123467;-;190.4	126;123457;124494;-;176.7	264;236315;239032;+;149.6	9;12489;14627;+;121.8	260;232832;234202;+;65.6	264;236315;239032;+;85.2	257;230326;231186;+;79.0	2;3800;5146;+;70.1	6;7951;11133;+;58.9	133;131675;133801;+;57.7	263;235533;236270;+;57.0	133;131675;133801;+;41.0	A	9/9	split_3	232515	0	1	
NZ_CP017991.1	MPF_F	IncFIB(pENTAS01);IncFII(Yp);IncFII(pAR0022)	146	0	0	GA	0															not_admitted	not_admitted	not_admitted	not_admitted	not_admitted	not_admitted	not_admitted	not_admitted	not_admitted	not_admitted	1	94;99123;100118;-;357.9	87;93769;94737;-;299.8	91;95847;96635;-;215.5	102;103544;106150;-;212.9	85;89953;93372;-;302.1	107;107742;109145;-;90.2	102;103544;106150;-;99.9	109;109894;110475;-;96.7	93;98489;99112;-;61.1	92;96636;98492;-;204.1	79;84579;87137;-;365.5	104;106320;106874;-;45.5	79;84579;87137;-;69.5	A	9/9	contiguous	25315	1	1	89243..89944-;233;unnamed;0
NZ_CP017992.1	MPF_F	IncFII(SARC14);IncFII(p14)	86	0	0	GA	0															not_admitted	not_admitted	not_admitted	not_admitted	not_admitted	not_admitted	not_admitted	not_admitted	not_admitted	not_admitted	1	24;30677;31678;-;355.1	19;25446;26807;-;334.4	21;27444;28223;-;197.0	27;32740;35331;-;219.6	18;22547;25444;-;294.5	32;36975;38336;-;83.7	27;32740;35331;-;88.7	34;39053;39616;-;145.8	23;30046;30666;-;80.0	22;28220;30049;-;256.0	15;18658;20907;-;376.3	28;35341;35955;-;49.4	15;18658;20907;-;67.3	A	9/9	contiguous	20395	1	1	21975..22535-;186;unnamed;0
NZ_CP018017.1	-	pKPC-CAV1321	363	0	0	GA	0															not_admitted	not_admitted	not_admitted	not_admitted	not_admitted	not_admitted	not_admitted	not_admitted	not_admitted	not_admitted	1	94;68670;69737;-;276.8	72;50089;51531;-;260.7	73;51528;52628;-;198.4	98;71845;74331;-;223.8	71;46556;50074;-;240.0	102;77559;78956;-;109.8	98;71845;74331;-;120.8	104;80239;80865;-;87.1	95;69734;71047;-;41.0	69;43463;46120;-;136.9	110;83413;85389;-;22.7	101;76996;77562;-;71.6	110;83413;85389;-;33.5	A	9/9	contiguous	39950	0	1	
NZ_CP018060.1	-	-	44	0	0	GA	0															not_admitted	not_admitted	not_admitted	not_admitted	not_admitted	not_admitted	not_admitted	not_admitted	not_admitted	not_admitted	1	25;24752;25759;-;361.3	20;19269;20672;-;273.4	22;21012;21893;-;208.7	29;27412;30021;-;219.0	19;16420;19257;-;155.2	34;32891;34138;-;112.8	29;27412;30021;-;103.2	36;34802;35392;-;110.8	24;24036;24740;-;88.3	23;21883;24033;-;91.7	11;8579;10369;+;391.5	31;31108;31680;-;54.1	11;8579;10369;+;69.9	A	9/9	contiguous	26223	1	1	15911..16333-;140;unnamed;0
NZ_CP018078.1	MPF_T	-	105	0	0	GA	1	37;31892;33046;+;72.4	33;28707;29000;+;75.3	34;28993;29271;+;88.8	35;29261;31636;+;79.3	35;29261;31636;+;45.2	38;33046;33855;+;70.2	45;38202;39206;+;130.7		39;33873;34526;+;172.4	40;34529;35224;+;167.6	41;35221;36600;+;180.6	42;36605;37591;+;104.3			pfam	both	B	6/7	canonical	1	0	unscoreable	3	0	0														not_admitted	not_admitted	not_admitted	not_admitted	not_admitted	not_admitted	not_admitted
NZ_CP018081.1	MPF_T	-	343	0	0	GA	1	274;271047;272159;+;70.6	270;267901;268182;+;90.0	187;191366;191644;+;90.4	188;191634;194009;+;88.6	272;268451;270844;+;49.7	191;195317;196144;+;68.9	198;200569;201648;+;129.6		278;274386;275066;+;184.4	279;275072;275794;+;179.0	194;197600;198982;+;176.5	281;277221;278222;+;115.6	287;285678;287591;-;294.2		pfam	both	A	7/7	canonical	1	0	unscoreable	12	0	0														not_admitted	not_admitted	not_admitted	not_admitted	not_admitted	not_admitted	not_admitted
NZ_CP018106.1	MPF_T	IncI2	78	0	0	GA	1	40;35257;35739;-;81.1		53;50806;51090;-;36.5	52;48443;50800;-;58.4	52;48443;50800;-;44.9	65;57227;57871;-;41.0	66;57877;58872;-;123.7		51;47547;48281;-;144.9	50;46780;47550;-;170.4	49;45651;46790;-;149.2	43;37507;39045;-;207.1	47;42603;44561;-;287.0		pfam	pfam_only	A	7/7	rearranged	1	0	unscoreable	15	0	0														not_admitted	not_admitted	not_admitted	not_admitted	not_admitted	not_admitted	not_admitted
NZ_CP018107.1	MPF_F	IncFII(29)	75	0	0	GA	0															not_admitted	not_admitted	not_admitted	not_admitted	not_admitted	not_admitted	not_admitted	not_admitted	not_admitted	not_admitted	1	49;35555;36547;+;369.2	61;42778;44151;+;381.0	56;40469;41212;+;234.4	46;31919;34546;+;306.4	62;44148;46970;+;389.2	41;28580;30007;+;94.1	46;31919;34546;+;99.7	39;27299;27865;+;183.8	51;36891;37529;+;70.4	54;38342;40192;+;264.6	66;49237;51444;+;391.7	44;30888;31403;+;76.9	66;49237;51444;+;70.3	A	9/9	contiguous	21938	1	1	46992..47483+;163;TraS;0
NZ_CP018112.1	MPF_T	IncI2	78	0	0	GA	1	40;35257;35739;-;81.1		53;50806;51090;-;36.5	52;48443;50800;-;58.4	52;48443;50800;-;44.9	65;57227;57871;-;41.0	66;57877;58872;-;123.7		51;47547;48281;-;144.9	50;46780;47550;-;170.4	49;45651;46790;-;149.2	43;37507;39045;-;207.1	47;42603;44561;-;287.0		pfam	pfam_only	A	7/7	rearranged	1	0	unscoreable	15	0	0														not_admitted	not_admitted	not_admitted	not_admitted	not_admitted	not_admitted	not_admitted
NZ_CP018113.1	MPF_F	IncFII(29)	76	0	0	GA	0															not_admitted	not_admitted	not_admitted	not_admitted	not_admitted	not_admitted	not_admitted	not_admitted	not_admitted	not_admitted	1	49;35555;36547;+;369.2	61;42778;44151;+;381.0	56;40469;41212;+;234.4	46;31919;34546;+;306.4	62;44148;46970;+;389.2	41;28580;30007;+;94.1	46;31919;34546;+;99.7	39;27299;27865;+;183.8	51;36891;37529;+;70.4	54;38342;40192;+;264.6	66;49237;51444;+;391.7	44;30888;31403;+;76.9	66;49237;51444;+;70.3	A	9/9	contiguous	21938	1	1	46992..47483+;163;TraS;0
NZ_CP018118.1	MPF_T	IncI2	78	0	0	GA	1	40;35257;35739;-;81.1		53;50806;51090;-;36.5	52;48443;50800;-;58.4	52;48443;50800;-;44.9	65;57227;57871;-;41.0	66;57877;58872;-;123.7		51;47547;48281;-;144.9	50;46780;47550;-;170.4	49;45651;46790;-;149.2	43;37507;39045;-;207.1	47;42603;44561;-;287.0		pfam	pfam_only	A	7/7	rearranged	1	0	unscoreable	15	0	0														not_admitted	not_admitted	not_admitted	not_admitted	not_admitted	not_admitted	not_admitted
NZ_CP018119.1	MPF_F	IncFII(29)	75	0	0	GA	0															not_admitted	not_admitted	not_admitted	not_admitted	not_admitted	not_admitted	not_admitted	not_admitted	not_admitted	not_admitted	1	49;35555;36547;+;369.2	61;42778;44151;+;381.0	56;40469;41212;+;234.4	46;31919;34546;+;306.4	62;44148;46970;+;389.2	41;28580;30007;+;94.1	46;31919;34546;+;99.7	39;27299;27865;+;183.8	51;36891;37529;+;70.4	54;38342;40192;+;264.6	66;49237;51444;+;391.7	44;30888;31403;+;76.9	66;49237;51444;+;70.3	A	9/9	contiguous	21938	1	1	46992..47483+;163;TraS;0
NZ_CP018124.1	MPF_T	IncI2	78	0	0	GA	1	40;36329;36811;-;81.1		53;51878;52162;-;36.5	52;49515;51872;-;58.4	52;49515;51872;-;44.9	65;58299;58943;-;41.0	66;58949;59944;-;123.7		51;48619;49353;-;144.9	50;47852;48622;-;170.4	49;46723;47862;-;149.2	43;38579;40117;-;207.1	47;43675;45633;-;287.0		pfam	pfam_only	A	7/7	rearranged	1	0	unscoreable	15	0	0														not_admitted	not_admitted	not_admitted	not_admitted	not_admitted	not_admitted	not_admitted
NZ_CP018125.1	MPF_F	IncFII(29)	75	0	0	GA	0															not_admitted	not_admitted	not_admitted	not_admitted	not_admitted	not_admitted	not_admitted	not_admitted	not_admitted	not_admitted	1	49;35555;36547;+;369.2	61;42778;44151;+;381.0	56;40469;41212;+;234.4	46;31919;34546;+;306.4	62;44148;46970;+;389.2	41;28580;30007;+;94.1	46;31919;34546;+;99.7	39;27299;27865;+;183.8	51;36891;37529;+;70.4	54;38342;40192;+;264.6	66;49237;51444;+;391.7	44;30888;31403;+;76.9	66;49237;51444;+;70.3	A	9/9	contiguous	21938	1	1	46992..47483+;163;TraS;0
NZ_CP018144.1	MPF_F	-	104	0	0	GA	0															not_admitted	not_admitted	not_admitted	not_admitted	not_admitted	not_admitted	not_admitted	not_admitted	not_admitted	not_admitted	1	19;11856;12899;+;370.9	23;17121;18560;+;314.2	22;16269;17096;+;215.3	15;7556;10258;+;185.5	24;18571;21621;+;169.1	11;4849;6171;+;105.9	15;7556;10258;+;96.1	9;3890;4495;+;34.4	20;12915;13622;+;101.8	21;13619;16294;+;107.1	90;65316;67448;+;383.2	14;7042;7539;+;38.7	90;65316;67448;+;91.0	A	9/9	split_2	61426	1	1	21636..22205+;189;unnamed;0
NZ_CP018183.1	MPF_T	rep38	38	0	0	GA	1				24;23214;25232;-;25.2									17;17405;18958;-;465.2		none	none	D	2/7	uncallable	0	0	unscoreable	6	0	0														not_admitted	not_admitted	not_admitted	not_admitted	not_admitted	not_admitted	not_admitted
NZ_CP018207.1	MPF_T	IncFIB(AP001918);IncFIB(K)	127	0	0	GA	1	109;96766;97428;+;48.3	110;97439;97738;+;36.6	111;97748;100498;+;60.6	111;97748;100498;+;134.0	111;97748;100498;+;48.6	112;100517;101233;+;137.0	114;101547;102554;+;137.8		116;102764;103450;+;158.3	117;103443;104336;+;147.4	118;104333;105529;+;134.7	119;105533;106582;+;71.5			pfam	pfam_only	B	6/7	canonical	1	1	unscoreable	2	0	0														not_admitted	not_admitted	not_admitted	not_admitted	not_admitted	not_admitted	not_admitted
NZ_CP018222.1	-	-	116	0	0	GA	1	91;77289;77969;+;40.1	92;77966;78298;+;78.1	93;78303;78659;+;83.1	94;78652;81054;+;150.8	94;78652;81054;+;124.3	95;81060;81773;+;175.3	97;82003;82956;+;125.6		99;83252;83935;+;177.9	100;83932;84789;+;193.7	101;84789;85988;+;177.7	102;85985;86995;+;100.9	103;86982;88922;+;345.0		pfam	both	A	7/7	canonical	1	0	unscoreable	2	0	0														not_admitted	not_admitted	not_admitted	not_admitted	not_admitted	not_admitted	not_admitted
NZ_CP018224.1	-	-	62	0	0	GA	1	22;18897;20009;+;23.0	12;8965;9345;+;48.4	13;9364;9696;+;46.2	14;9693;12272;+;99.7	14;9693;12272;+;109.2	19;16161;16916;+;54.2	21;17179;18894;+;111.1		15;12259;12978;+;143.3	16;12996;13979;+;171.6	18;14768;16135;+;205.6	11;7986;8951;+;127.4	56;57948;59840;-;449.1		conjscan	conjscan_only	A	7/7	canonical	1	0	unscoreable	3	0	0														not_admitted	not_admitted	not_admitted	not_admitted	not_admitted	not_admitted	not_admitted
NZ_CP018225.1	MPF_T	-	195	0	0	GA	1	139;136478;137143;+;44.6	140;137140;137478;+;79.5	141;137475;137825;+;80.0	142;137818;140229;+;159.3	142;137818;140229;+;124.1	143;140233;140946;+;195.5	145;141183;142127;+;132.4		146;142468;143166;+;180.8	147;143163;144020;+;195.2	148;144024;145250;+;186.9	149;145254;146258;+;100.1	150;146242;148206;+;344.1		pfam	both	A	7/7	canonical	1	0	unscoreable	1	0	0														not_admitted	not_admitted	not_admitted	not_admitted	not_admitted	not_admitted	not_admitted
NZ_CP018229.1	MPF_T	-	1264	0	0	GA	1	230;242960;244132;+;71.7	536;568972;569271;-;90.3	535;568628;568972;-;102.2	229;240472;242982;+;144.7	229;240472;242982;+;95.9		233;245161;246234;+;85.8		234;246293;247027;+;108.5	235;247024;247857;+;184.2	236;247867;249201;+;190.4	237;249198;250247;+;129.9	238;250216;253011;+;227.1		none	none	A	7/7	canonical	0	0	unscoreable	2	0	0														not_admitted	not_admitted	not_admitted	not_admitted	not_admitted	not_admitted	not_admitted
NZ_CP018231.1	MPF_T	-	337	0	0	GA	1	297;295558;296262;-;83.7	18;19328;19720;+;74.1	295;294890;295186;-;68.0	20;20023;22458;+;173.6	20;20023;22458;+;122.3	21;22451;23260;+;58.8	289;289468;290514;-;125.3		288;288708;289439;-;192.7	25;25323;26153;+;188.5	27;26619;27920;+;214.9	17;18373;19338;+;128.6	40;40280;41611;+;540.4		conjscan	both	A	7/7	uncallable	0	0	unscoreable	6	0	0														not_admitted	not_admitted	not_admitted	not_admitted	not_admitted	not_admitted	not_admitted
NZ_CP018234.1	MPF_T	-	252	0	0	GA	1	47;38281;38985;+;82.5	48;39003;39356;+;61.8	49;39356;39652;+;68.0	50;39679;42159;+;131.6	50;39679;42159;+;90.7	52;42816;43553;+;43.8	54;43779;44804;+;120.3		55;44837;45583;+;194.4	56;45580;46386;+;194.9	57;46376;47641;+;196.6	58;47589;48719;+;118.1	59;48716;51073;+;241.5		pfam	pfam_only	A	7/7	canonical	1	0	unscoreable	2	0	0														not_admitted	not_admitted	not_admitted	not_admitted	not_admitted	not_admitted	not_admitted
NZ_CP018235.1	MPF_T	-	243	0	0	GA	1		71;67945;68328;+;73.3	72;68318;68620;+;67.4	73;68631;70985;+;167.6	73;68631;70985;+;122.8	74;70963;71487;+;40.2	76;72289;73170;+;84.0		77;73193;73855;+;127.8	78;73873;74685;+;183.9	80;75141;76439;+;213.4	70;66978;67955;+;131.4	92;86639;88573;+;542.4		conjscan	conjscan_only	A	7/7	canonical	1	0	unscoreable	3	0	0														not_admitted	not_admitted	not_admitted	not_admitted	not_admitted	not_admitted	not_admitted
NZ_CP018299.1	-	-	318	0	0	GA	0															not_admitted	not_admitted	not_admitted	not_admitted	not_admitted	not_admitted	not_admitted	not_admitted	not_admitted	not_admitted	1	100;85618;86763;-;239.2	230;222981;224423;+;192.5	229;221939;222979;+;194.4	212;204068;206686;-;204.9	231;224428;228963;+;131.3	217;209509;210924;-;109.9	212;204068;206686;-;86.6	219;212344;213030;-;78.9	101;86911;88233;-;54.8	99;81132;85418;-;76.5	223;214659;216533;-;39.7	213;206686;207348;-;57.9	223;214659;216533;-;39.8	A	9/9	split_2	143296	0	1	
NZ_CP018310.1	-	-	74	0	0	GA	0															not_admitted	not_admitted	not_admitted	not_admitted	not_admitted	not_admitted	not_admitted	not_admitted	not_admitted	not_admitted	1	50;50142;51194;-;338.9	42;43537;44934;-;289.0	44;45511;46323;-;153.3	54;52654;55227;-;166.2	41;40617;43457;-;248.8	56;55768;57252;-;92.2	54;52654;55227;-;95.5	4;2163;2732;-;115.5	49;49402;50127;-;76.1	48;47250;49400;-;139.3	34;34418;36496;-;387.3	55;55224;55718;-;25.0	34;34418;36496;-;75.1	A	9/9	split_2	53605	1	1	39950..40558-;202;unnamed;0
NZ_CP018313.1	MPF_F	IncFIB(pNDM-Mar);IncHI1B(pNDM-MAR)	273	0	0	GA	0															not_admitted	not_admitted	not_admitted	not_admitted	not_admitted	not_admitted	not_admitted	not_admitted	not_admitted	not_admitted	1	224;197857;198891;+;282.2	70;68307;69716;-;190.4	71;69706;70743;-;176.7	209;182559;185276;+;149.6	69;64337;68305;-;120.1	205;179076;180446;+;65.6	209;182559;185276;+;85.2	202;176570;177430;+;79.0	221;194750;196096;+;70.1	225;198901;202083;+;58.9	78;77924;80050;+;57.7	208;181777;182514;+;57.0	78;77924;80050;+;41.0	A	9/9	split_2	134564	0	1	
NZ_CP018320.1	MPF_T	-	101	0	0	GA	1	73;59514;60419;-;38.7	84;69354;69815;-;64.9	83;69057;69350;-;35.3	82;66386;69070;-;76.2	82;66386;69070;-;72.2	81;65700;66389;-;79.9	78;64212;65075;-;131.4		77;63543;64208;-;58.8	76;62727;63518;-;176.1	75;61441;62724;-;155.5	74;60403;61431;-;93.7	66;51878;53434;+;65.9		pfam	both	A	7/7	canonical	1	0	unscoreable	8	0	0														not_admitted	not_admitted	not_admitted	not_admitted	not_admitted	not_admitted	not_admitted
NZ_CP018339.1	MPF_F	IncFIB(pNDM-Mar);RepB	226	0	0	GA	0															not_admitted	not_admitted	not_admitted	not_admitted	not_admitted	not_admitted	not_admitted	not_admitted	not_admitted	not_admitted	1	188;167441;168478;+;282.3	47;46879;48288;-;190.4	48;48278;49315;-;176.7	175;153892;156609;+;149.2	46;42963;46877;-;120.2	171;150409;151779;+;65.6	175;153892;156609;+;83.2	168;147903;148763;+;79.0	187;166083;167444;+;69.9	189;168488;171670;+;59.6	55;56497;58623;+;57.7	174;153110;153847;+;56.9	55;56497;58623;+;41.0	A	9/9	split_2	125525	0	1	
NZ_CP018340.1	MPF_F	IncFIA(HI1);IncFII(K)	106	0	0	GA	0															not_admitted	not_admitted	not_admitted	not_admitted	not_admitted	not_admitted	not_admitted	not_admitted	not_admitted	not_admitted	1	21;14861;15850;+;366.6	31;21397;22764;+;384.0	27;19387;20139;+;233.7	17;10779;13418;+;258.5	32;22764;25616;+;340.7	9;6162;7586;+;88.8	17;10779;13418;+;87.7	7;4869;5435;+;169.3	22;15863;16501;+;66.9	23;16560;18515;+;259.7	36;28080;30392;+;392.8	10;7700;8284;+;54.4	36;28080;30392;+;65.8	A	9/9	contiguous	23211	1	1	25619..26152+;177;unnamed;0
NZ_CP018343.1	MPF_F	IncFII	76	0	0	GA	0															not_admitted	not_admitted	not_admitted	not_admitted	not_admitted	not_admitted	not_admitted	not_admitted	not_admitted	not_admitted	1	50;37794;38714;+;330.9			47;34155;36785;+;304.1		40;29705;31156;+;94.2	47;34155;36785;+;97.1	38;28424;28990;+;174.3			47;34155;36785;+;21.8	43;32016;32531;+;78.4		D	4/9	contiguous	9370	0	0	
NZ_CP018355.1	MPF_F	IncFIB(K);IncFII(K)	217	0	0	GA	0															not_admitted	not_admitted	not_admitted	not_admitted	not_admitted	not_admitted	not_admitted	not_admitted	not_admitted	not_admitted	1	85;77477;78469;+;366.6	95;83920;85290;+;381.2	91;81966;82718;+;232.4	82;73812;76451;+;258.7	96;85290;88139;+;344.2	73;68573;69997;+;89.2	82;73812;76451;+;88.8	71;67280;67846;+;167.0	86;78482;79120;+;67.0	87;79117;81123;+;259.0	100;89953;92262;+;393.2	75;70609;71178;+;49.7	100;89953;92262;+;65.8	A	9/9	contiguous	22673	1	1	88142..88672+;176;unnamed;0
NZ_CP018365.1	MPF_F	IncFIB(K);IncFII(K);IncR	284	0	0	GA	0															not_admitted	not_admitted	not_admitted	not_admitted	not_admitted	not_admitted	not_admitted	not_admitted	not_admitted	not_admitted	1	211;179207;180199;+;366.6	221;185650;187020;+;381.2	217;183696;184448;+;232.4	208;175542;178181;+;258.7	222;187020;189869;+;344.2	199;170303;171727;+;89.2	208;175542;178181;+;88.8	197;169010;169576;+;167.0	212;180212;180850;+;67.0	213;180847;182853;+;259.0	226;191683;193992;+;393.2	201;172339;172908;+;49.7	226;191683;193992;+;65.8	A	9/9	contiguous	22673	1	1	189872..190402+;176;unnamed;0
NZ_CP018366.1	MPF_F	IncFIB(pB171);IncFII(Yp);IncFII(pAR0022)	109	0	0	GA	0															not_admitted	not_admitted	not_admitted	not_admitted	not_admitted	not_admitted	not_admitted	not_admitted	not_admitted	not_admitted	1	33;22842;23834;+;369.4	41;28547;29917;+;376.7	37;26581;27330;+;218.2	30;19224;21854;+;285.5	42;29917;32739;+;336.5	24;15802;17196;+;89.4	30;19224;21854;+;98.6	22;14519;15085;+;169.9	34;23851;24480;+;66.9	35;24477;26330;+;260.5	45;34076;36349;+;384.7	25;17218;17757;+;67.5	45;34076;36349;+;63.8	A	9/9	contiguous	19557	1	1	32761..33192+;143;TraS;0
NZ_CP018422.1	MPF_F	-	96	0	0	GA	0															not_admitted	not_admitted	not_admitted	not_admitted	not_admitted	not_admitted	not_admitted	not_admitted	not_admitted	not_admitted	1	91;64624;65667;-;370.9	87;58964;60403;-;314.2	88;60428;61156;-;215.9	95;67265;68998;-;75.3	86;55903;58953;-;169.1	6;2285;3541;-;106.1	95;67265;68998;-;98.0	8;4316;4561;-;37.0	90;63901;64608;-;101.8	89;61229;63904;-;107.1	32;18509;20641;-;383.2		32;18509;20641;-;91.0	B	8/9	split_2	64980	1	1	55319..55888-;189;unnamed;0
NZ_CP018423.1	MPF_T	IncX3	60	0	0	GA	1	32;27540;28184;-;46.4	31;27266;27556;-;73.1	30;24488;27241;-;47.0	30;24488;27241;-;145.4	30;24488;27241;-;73.3	29;23708;24478;-;60.1	27;22374;23429;-;133.2		26;21679;22179;-;79.9	24;20517;21446;-;138.8	23;19306;20520;-;128.3	21;18076;19110;-;65.7	20;16238;18073;-;495.9		pfam	pfam_only	A	7/7	canonical	1	1	unscoreable	2	0	0														not_admitted	not_admitted	not_admitted	not_admitted	not_admitted	not_admitted	not_admitted
NZ_CP018424.1	MPF_F	IncFIB(K);IncFII(K)	219	0	0	GA	0															not_admitted	not_admitted	not_admitted	not_admitted	not_admitted	not_admitted	not_admitted	not_admitted	not_admitted	not_admitted	1	160;138743;139735;+;366.6	170;145186;146556;+;381.2	166;143232;143984;+;232.4	157;135078;137717;+;258.7	171;146556;149405;+;344.2	148;129839;131263;+;89.2	157;135078;137717;+;88.8	146;128546;129112;+;167.0	161;139748;140386;+;67.0	162;140383;142389;+;259.0	175;151219;153528;+;393.2	150;131875;132444;+;49.7	175;151219;153528;+;65.8	A	9/9	contiguous	22673	1	1	149408..149938+;176;unnamed;0
NZ_CP018429.1	MPF_T	IncX3	60	0	0	GA	1	32;27540;28184;-;46.4	31;27266;27556;-;73.1	30;24488;27241;-;47.0	30;24488;27241;-;145.4	30;24488;27241;-;73.3	29;23708;24478;-;60.1	27;22374;23429;-;133.2		26;21679;22179;-;79.9	24;20517;21446;-;138.8	23;19306;20520;-;128.3	21;18076;19110;-;65.7	20;16238;18073;-;495.9		pfam	pfam_only	A	7/7	canonical	1	1	unscoreable	2	0	0														not_admitted	not_admitted	not_admitted	not_admitted	not_admitted	not_admitted	not_admitted
NZ_CP018430.1	MPF_F	IncFIB(K);IncFII(K)	219	0	0	GA	0															not_admitted	not_admitted	not_admitted	not_admitted	not_admitted	not_admitted	not_admitted	not_admitted	not_admitted	not_admitted	1	160;138743;139735;+;366.6	170;145186;146556;+;381.2	166;143232;143984;+;232.4	157;135078;137717;+;258.7	171;146556;149405;+;344.2	148;129839;131263;+;89.2	157;135078;137717;+;88.8	146;128546;129112;+;167.0	161;139748;140386;+;67.0	162;140383;142389;+;259.0	175;151219;153528;+;393.2	150;131875;132444;+;49.7	175;151219;153528;+;65.8	A	9/9	contiguous	22673	1	1	149408..149938+;176;unnamed;0
NZ_CP018434.1	MPF_F	IncFIB(K);IncFII(K)	219	0	0	GA	0															not_admitted	not_admitted	not_admitted	not_admitted	not_admitted	not_admitted	not_admitted	not_admitted	not_admitted	not_admitted	1	160;138743;139735;+;366.6	170;145186;146556;+;381.2	166;143232;143984;+;232.4	157;135078;137717;+;258.7	171;146556;149405;+;344.2	148;129839;131263;+;89.2	157;135078;137717;+;88.8	146;128546;129112;+;167.0	161;139748;140386;+;67.0	162;140383;142389;+;259.0	175;151219;153528;+;393.2	150;131875;132444;+;49.7	175;151219;153528;+;65.8	A	9/9	contiguous	22673	1	1	149408..149938+;176;unnamed;0
NZ_CP018435.1	MPF_T	IncX3	58	0	0	GA	1	32;27540;28184;-;46.4	31;27266;27556;-;73.1	30;24488;27241;-;47.0	30;24488;27241;-;145.4	30;24488;27241;-;73.3	29;23708;24478;-;60.1	27;22374;23429;-;133.2		26;21679;22179;-;79.9	24;20517;21446;-;138.8	23;19306;20520;-;128.3	21;18076;19110;-;65.7	20;16238;18073;-;495.9		pfam	pfam_only	A	7/7	canonical	1	1	unscoreable	2	0	0														not_admitted	not_admitted	not_admitted	not_admitted	not_admitted	not_admitted	not_admitted
NZ_CP018441.1	MPF_F	IncFIB(K);IncFII(K)	194	1	0	GA	1	142;133060;133545;+;82.5		84;71475;71792;+;63.3	85;71792;74092;+;113.9	85;71792;74092;+;76.6								117;110926;113235;-;26.5	130;122065;124071;-;259.0	none	none	D	2/7	uncallable	0	0	unscoreable	25	0	1	132;124719;125711;-;366.6	122;117898;119268;-;381.2	126;120470;121222;-;232.4	135;126737;129376;-;258.7	121;115049;117898;-;344.2		135;126737;129376;-;88.8		131;124068;124706;-;67.0	130;122065;124071;-;259.0	117;110926;113235;-;393.2		117;110926;113235;-;65.8	C	7/9	contiguous	15811	1	1	114516..115046-;176;unnamed;0
NZ_CP018455.1	MPF_F	IncFII(pHN7A8);IncR	203	0	0	GA	0															not_admitted	not_admitted	not_admitted	not_admitted	not_admitted	not_admitted	not_admitted	not_admitted	not_admitted	not_admitted	1	151;121294;122286;-;369.5	138;113088;114461;-;376.8	143;116027;116770;-;234.4	154;123295;125922;-;301.8	137;110275;113091;-;376.7	159;127977;129404;-;94.1	154;123295;125922;-;101.8	161;130119;130685;-;183.8	148;119710;120348;-;70.4	145;117047;118897;-;265.0	133;105758;107974;-;391.7	155;126438;126953;-;77.6	133;105758;107974;-;70.3	A	9/9	contiguous	24361	1	1	109721..110242-;173;unnamed;0
NZ_CP018465.1	MPF_T	-	40	0	0	GA	1	30;22311;23222;-;42.0	1;748;1125;-;72.4	0;452;751;-;51.5	39;29124;31316;-;64.2		38;28462;29121;-;73.6	35;26942;27808;-;140.7		34;26271;26945;-;92.9	33;25464;26246;-;199.2	32;24242;25462;-;176.6	31;23209;24231;-;112.7	22;14855;16429;+;73.7		pfam	both	A	7/7	canonical	1	0	unscoreable	9	0	0														not_admitted	not_admitted	not_admitted	not_admitted	not_admitted	not_admitted	not_admitted
NZ_CP018466.1	MPF_T	-	54	0	0	GA	1	50;40411;41001;-;64.6	40;29634;30032;-;78.1		38;26728;29298;-;38.0	38;26728;29298;-;110.6	37;25924;26709;-;59.1	35;23663;25144;-;92.1		34;22946;23656;-;122.4	33;21927;22919;-;167.2	32;20559;21911;-;214.4	41;30029;30982;-;113.9	48;35917;37980;-;344.7		conjscan	conjscan_only	A	7/7	canonical	1	0	unscoreable	10	0	0														not_admitted	not_admitted	not_admitted	not_admitted	not_admitted	not_admitted	not_admitted
NZ_CP018468.1	-	-	210	0	0	GA	0															not_admitted	not_admitted	not_admitted	not_admitted	not_admitted	not_admitted	not_admitted	not_admitted	not_admitted	not_admitted	1	2;7029;8186;-;245.5	16;21768;23198;-;212.0	17;23198;24370;-;200.6	6;10326;12710;-;233.6	15;18351;21752;-;203.1	9;13926;15215;-;111.2	6;10326;12710;-;109.8	11;16279;16890;-;105.3	3;8183;9502;-;38.7	1;1364;7012;-;69.0	107;101151;103004;+;53.9	8;13164;13853;-;61.7	107;101151;103004;+;42.6	A	9/9	split_2	99787	0	1	
NZ_CP018469.1	MPF_T	-	53	0	0	GA	1	35;30770;31360;-;64.4	25;19371;19685;-;82.1	24;19102;19368;-;38.4	23;16465;19035;-;37.8	23;16465;19035;-;108.0	22;15673;16446;-;59.1	21;13837;15315;-;86.6		20;13120;13830;-;124.6	19;12103;13095;-;167.8	18;10735;12087;-;214.4	26;19765;20772;-;114.1	33;25453;27510;-;343.1		conjscan	conjscan_only	A	7/7	canonical	1	0	unscoreable	8	0	0														not_admitted	not_admitted	not_admitted	not_admitted	not_admitted	not_admitted	not_admitted
NZ_CP018471.1	MPF_T	IncP1	68	0	0	GA	1	14;14346;14990;+;23.4	3;4024;4488;+;63.7	4;4492;4803;+;49.8	5;4800;7358;+;91.0	5;4800;7358;+;114.0	10;10986;11750;+;123.7	12;11998;13731;+;141.9		6;7355;8137;+;144.6	7;8155;9054;+;185.3	9;9550;10968;+;222.9	33;29413;30375;-;129.8	57;47938;49851;+;525.8		conjscan	conjscan_only	A	7/7	canonical	1	0	unscoreable	4	0	0														not_admitted	not_admitted	not_admitted	not_admitted	not_admitted	not_admitted	not_admitted
NZ_CP018472.1	-	-	217	0	0	GA	0															not_admitted	not_admitted	not_admitted	not_admitted	not_admitted	not_admitted	not_admitted	not_admitted	not_admitted	not_admitted	1	132;144416;145573;-;246.2	146;159153;160583;-;212.0	147;160583;161755;-;201.4	136;147713;150097;-;228.9	145;155736;159137;-;204.8	139;151313;152602;-;111.1	136;147713;150097;-;110.0	141;153666;154277;-;105.3	133;145570;146889;-;39.6	131;138751;144399;-;67.9	21;18715;20568;+;54.5	138;150551;151240;-;63.2	21;18715;20568;+;42.6	A	9/9	split_2	141868	0	1	
NZ_CP018474.1	MPF_T	-	53	0	0	GA	1	25;18457;19047;+;61.8	35;30282;30596;+;76.6	36;30599;30865;+;35.2	37;30932;33502;+;35.0	37;30932;33502;+;110.4	38;33521;34306;+;55.2	40;35086;36564;+;93.3		41;36571;37281;+;129.6	42;37307;38299;+;167.4	43;38315;39658;+;209.6	34;29196;30203;+;116.3	27;22310;24367;+;344.4		conjscan	conjscan_only	A	7/7	canonical	1	0	unscoreable	9	0	0														not_admitted	not_admitted	not_admitted	not_admitted	not_admitted	not_admitted	not_admitted
NZ_CP018476.1	MPF_T	-	79	0	0	GA	1	41;39070;39855;-;42.9	39;36203;36514;-;57.0	38;35849;36190;-;84.0	37;33354;35843;-;194.3	37;33354;35843;-;93.6	35;32390;33100;-;219.7	33;30967;32064;-;134.0		31;29914;30669;-;196.1	30;29039;29917;-;185.9	29;27906;29039;-;193.9	28;26807;27880;-;90.8	27;23878;26604;-;335.8		pfam	both	A	7/7	canonical	1	0	unscoreable	4	0	0														not_admitted	not_admitted	not_admitted	not_admitted	not_admitted	not_admitted	not_admitted
NZ_CP018634.1	MPF_F	IncFIB(S);IncFII(S);IncFII(pAR0022)	110	0	0	GA	0															not_admitted	not_admitted	not_admitted	not_admitted	not_admitted	not_admitted	not_admitted	not_admitted	not_admitted	not_admitted	1	99;84813;85805;-;365.7	88;77226;78608;-;393.4	92;80161;80913;-;232.4	102;86792;89440;-;311.8	87;76132;77229;-;317.2	109;91952;92818;-;90.8	102;86792;89440;-;96.5	2;1210;1776;-;189.2	98;83872;84501;-;70.9	95;81635;83512;-;273.4	82;70048;72255;-;374.0	106;90652;91167;-;92.2	82;70048;72255;-;72.0	A	9/9	split_2	90742	1	1	74410..76116-;568;unnamed;0
NZ_CP018643.1	MPF_F	IncFII;IncN	136	1	1	GA	1	59;49874;50383;+;78.2	96;79244;79537;+;28.7	97;79587;79904;+;63.3	98;79904;82504;+;111.8	98;79904;82504;+;76.8	99;82522;83235;+;97.1	101;83486;84526;+;153.6		102;84745;85443;+;131.9	103;85454;86338;+;159.0	104;86338;87498;+;154.9	105;87540;88535;+;81.2	121;109192;110721;-;38.5	38;33512;35362;-;266.1	pfam	both	A	7/7	canonical	1	0	unscoreable	21	0	1	41;36341;37333;-;369.5	31;29189;30562;-;381.7	36;32492;33235;-;234.4	44;38342;40972;-;304.1	30;26370;29192;-;374.0	104;86338;87498;+;154.9	44;38342;40972;-;97.1	54;46540;47106;-;174.3	39;35359;35997;-;68.6	38;33512;35362;-;266.1	121;109192;110721;-;272.0	49;42999;43514;-;78.4	121;109192;110721;-;69.1	A	9/9	split_3	82822	1	1	25869..26348-;159;TraS;0
NZ_CP018646.1	MPF_T	IncN	59	0	0	GA	1	21;21974;22708;-;32.5	19;21381;21674;-;28.7	18;21014;21331;-;63.3	17;18414;21014;-;111.8	17;18414;21014;-;76.8	16;17683;18396;-;97.1	14;16392;17432;-;153.6		13;15475;16173;-;131.9	12;14580;15464;-;159.0	11;13420;14580;-;154.9	10;12383;13378;-;81.2	56;50481;52010;+;38.5		pfam	both	A	7/7	canonical	1	0	unscoreable	2	0	0														not_admitted	not_admitted	not_admitted	not_admitted	not_admitted	not_admitted	not_admitted
NZ_CP018649.1	MPF_T	IncN	59	0	0	GA	1	51;47960;48694;+;32.5	53;48994;49287;+;28.7	54;49337;49654;+;63.3	55;49654;52254;+;111.8	55;49654;52254;+;76.8	56;52272;52985;+;97.1	58;53236;54276;+;153.6		0;38;652;+;129.9	1;663;1547;+;159.0	2;1547;2707;+;154.9	3;2749;3744;+;81.2	14;18913;20442;-;38.5		pfam	both	A	7/7	canonical	1	0	unscoreable	2	0	0														not_admitted	not_admitted	not_admitted	not_admitted	not_admitted	not_admitted	not_admitted
NZ_CP018652.1	MPF_F	IncFIA(HI1);IncHI1A;IncHI1B(R27)	225	0	0	GA	0															not_admitted	not_admitted	not_admitted	not_admitted	not_admitted	not_admitted	not_admitted	not_admitted	not_admitted	not_admitted	1	191;161721;162773;-;277.6	75;60212;61627;+;201.7	74;59176;60222;+;171.3	213;187229;189910;-;160.6	76;61636;65625;+;103.1	217;192258;193616;-;84.0	213;187229;189910;-;76.5	220;195283;196068;-;68.7	193;162918;164426;-;65.6	190;158522;161698;-;58.9	68;50157;52241;-;50.2	214;189919;190869;-;45.2	68;50157;52241;-;36.5	A	9/9	split_3	145126	0	1	
NZ_CP018656.1	MPF_F	IncFIA(HI1);IncFIB(S);IncFII(S);IncFII(pAR0022);IncHI1A;IncHI1B(R27)	290	0	0	GA	0															not_admitted	not_admitted	not_admitted	not_admitted	not_admitted	not_admitted	not_admitted	not_admitted	not_admitted	not_admitted	1	40;42544;43596;+;277.6	218;187860;189275;-;201.7	219;189265;190311;-;171.3	18;15407;18088;+;160.6	217;184000;187851;-;103.3	97;89808;91229;-;90.6	18;15407;18088;+;76.5	99;91956;92522;-;188.5	38;40891;42399;+;65.6	41;43619;46795;+;58.9	225;197246;199330;+;50.2	17;14448;15398;+;45.2	225;197246;199330;+;36.5	A	9/9	split_4	182798	0	1	
NZ_CP018658.1	MPF_F	IncFIB(S);IncFII(S);IncFII(pAR0022)	116	0	0	GA	0															not_admitted	not_admitted	not_admitted	not_admitted	not_admitted	not_admitted	not_admitted	not_admitted	not_admitted	not_admitted	1	55;47293;48285;-;366.7	46;40663;42045;-;392.4	49;43077;43826;-;231.0	58;49272;51920;-;314.1	45;37844;40666;-;394.4	66;54453;55874;-;91.5	58;49272;51920;-;97.8	68;56601;57167;-;188.1	53;46343;46981;-;70.6	51;44064;45890;-;271.0	42;34025;36190;-;371.5	63;53132;53647;-;96.7	42;34025;36190;-;69.6	A	9/9	contiguous	22576	1	1	37334..37822-;162;TraS;0
NZ_CP018662.1	MPF_T	IncX1	61	0	0	GA	1	35;34718;35365;-;45.2	34;34444;34740;-;77.5	33;31672;34425;-;46.6	33;31672;34425;-;148.0	33;31672;34425;-;75.3	32;30903;31661;-;67.3	30;29532;30665;-;106.4		29;28574;29287;-;119.7	28;27640;28569;-;133.8	27;26438;27643;-;132.5	26;25405;26436;-;79.0	25;23567;25402;-;488.3		pfam	pfam_only	A	7/7	canonical	1	1	unscoreable	1	0	0														not_admitted	not_admitted	not_admitted	not_admitted	not_admitted	not_admitted	not_admitted
NZ_CP018670.1	MPF_F	IncFIA(HI1);IncFII(pKP91)	204	0	0	GA	0															not_admitted	not_admitted	not_admitted	not_admitted	not_admitted	not_admitted	not_admitted	not_admitted	not_admitted	not_admitted	1	167;154064;155056;-;362.9	156;146689;148056;-;382.8	161;149758;150510;-;235.3	170;156082;158721;-;259.1	155;143846;146689;-;345.8	180;162523;163947;-;88.4	170;156082;158721;-;83.9	182;164674;165240;-;168.4	166;153413;154051;-;66.0	165;151399;153354;-;255.2	151;138950;141259;-;392.6	178;161342;161911;-;53.7	151;138950;141259;-;66.7	A	9/9	contiguous	25724	1	1	143311..143835-;174;unnamed;0
NZ_CP018682.2	MPF_F	-	96	0	0	GA	0															not_admitted	not_admitted	not_admitted	not_admitted	not_admitted	not_admitted	not_admitted	not_admitted	not_admitted	not_admitted	1	43;49496;50506;+;381.9	52;56716;58095;+;309.4	49;54666;55445;+;176.8	39;45516;48077;+;202.1	53;58098;60902;+;299.9	37;43602;45122;+;86.9	39;45516;48077;+;103.1	35;42265;42840;+;121.1	45;50757;51473;+;90.9	46;51492;53291;+;229.8	58;63104;65203;+;398.7	38;45127;45513;+;31.8	58;63104;65203;+;75.1	A	9/9	contiguous	20839	1	1	60986..61522+;178;unnamed;0
NZ_CP018683.2	MPF_F	-	89	0	0	GA	0															not_admitted	not_admitted	not_admitted	not_admitted	not_admitted	not_admitted	not_admitted	not_admitted	not_admitted	not_admitted	1	41;37893;38903;+;381.8	52;45747;47114;+;290.4	49;44377;45159;+;173.8	38;34495;37044;+;201.1	53;47118;49922;+;306.1	35;32161;33696;+;88.6	38;34495;37044;+;92.0	33;30824;31399;+;129.9	42;39161;39874;+;89.3	44;40433;42166;+;228.2	59;52976;55075;+;397.5	36;33702;34091;+;31.9	59;52976;55075;+;74.2	A	9/9	contiguous	22152	1	1	50005..50538+;177;unnamed;0
NZ_CP018684.2	MPF_F	-	65	0	0	GA	0															not_admitted	not_admitted	not_admitted	not_admitted	not_admitted	not_admitted	not_admitted	not_admitted	not_admitted	not_admitted	1	51;47465;48475;-;383.8	40;39675;41081;-;291.6	43;41653;42432;-;171.1	54;49324;51873;-;200.6	39;36865;39672;-;305.8	56;52274;53809;-;87.4	54;49324;51873;-;91.1	58;54571;55146;-;128.1	50;46494;47207;-;89.3	47;43984;45717;-;227.5	34;32394;34493;-;395.9	55;51876;52268;-;32.6	34;32394;34493;-;74.8	A	9/9	contiguous	22177	1	1	36248..36781-;177;unnamed;0
NZ_CP018687.1	MPF_F	IncFIB(pNDM-Mar);IncHI1B(pNDM-MAR)	273	0	0	GA	0															not_admitted	not_admitted	not_admitted	not_admitted	not_admitted	not_admitted	not_admitted	not_admitted	not_admitted	not_admitted	1	251;219755;220789;+;282.2	97;90200;91609;-;190.4	98;91599;92636;-;176.7	236;204457;207174;+;149.6	96;86230;90198;-;120.1	232;200974;202344;+;65.6	236;204457;207174;+;85.2	229;198468;199328;+;79.0	248;216648;217994;+;70.1	252;220799;223981;+;58.9	105;99817;101943;+;57.7	235;203675;204412;+;57.0	105;99817;101943;+;41.0	A	9/9	split_2	134569	0	1	
NZ_CP018693.1	MPF_F	IncFIB(K);IncFII(K)	193	1	0	GA	1	4;2796;3281;-;82.5		62;64549;64866;-;63.3	61;62249;64549;-;113.9	61;62249;64549;-;76.6								29;23106;25415;+;26.5	16;12270;14276;+;259.0	none	none	D	2/7	uncallable	0	0	unscoreable	25	0	1	14;10630;11622;+;366.6	24;17073;18443;+;381.2	20;15119;15871;+;232.4	11;6965;9604;+;258.7	25;18443;21292;+;344.2		11;6965;9604;+;88.8		15;11635;12273;+;67.0	16;12270;14276;+;259.0	29;23106;25415;+;393.2		29;23106;25415;+;65.8	C	7/9	contiguous	16141	1	1	21295..21825+;176;unnamed;0
NZ_CP018696.1	MPF_F	IncFIB(pNDM-Mar);IncHI1B(pNDM-MAR)	274	0	0	GA	0															not_admitted	not_admitted	not_admitted	not_admitted	not_admitted	not_admitted	not_admitted	not_admitted	not_admitted	not_admitted	1	273;245833;246711;-;260.6	153;128256;129665;+;190.4	152;127229;128266;+;176.7	14;12691;15408;-;149.6	154;129667;133635;+;120.1	18;17521;18891;-;65.6	14;12691;15408;-;85.2	21;20537;21397;-;79.0	2;1871;3217;-;70.1	272;242641;245823;-;58.9	145;117922;120048;-;57.7	15;15453;16190;-;57.0	145;117922;120048;-;41.0	A	9/9	split_3	243962	0	1	
NZ_CP018702.1	MPF_F	IncFIB(pNDM-Mar);IncHI1B(pNDM-MAR)	274	0	0	GA	0															not_admitted	not_admitted	not_admitted	not_admitted	not_admitted	not_admitted	not_admitted	not_admitted	not_admitted	not_admitted	1	155;148696;149730;-;282.2	35;31119;32528;+;190.4	34;30092;31129;+;176.7	170;162311;165028;-;149.6	36;32530;36498;+;120.1	174;167141;168511;-;65.6	170;162311;165028;-;85.2	177;170157;171017;-;79.0	158;151491;152837;-;70.1	154;145504;148686;-;58.9	27;20785;22911;-;57.7	171;165073;165810;-;57.0	27;20785;22911;-;41.0	A	9/9	split_2	149372	0	1	
NZ_CP018708.1	MPF_F	IncFIB(pNDM-Mar);IncHI1B(pNDM-MAR)	274	0	0	GA	0															not_admitted	not_admitted	not_admitted	not_admitted	not_admitted	not_admitted	not_admitted	not_admitted	not_admitted	not_admitted	1	230;198351;199385;-;282.2	110;80774;82183;+;190.4	109;79747;80784;+;176.7	245;211966;214683;-;149.6	111;82185;86153;+;120.1	249;216796;218166;-;65.6	245;211966;214683;-;85.2	252;219812;220672;-;79.0	233;201146;202492;-;70.1	229;195159;198341;-;58.9	102;70440;72566;-;57.7	246;214728;215465;-;57.0	102;70440;72566;-;41.0	A	9/9	split_2	149372	0	1	
NZ_CP018714.1	MPF_F	IncFIB(pNDM-Mar);IncHI1B(pNDM-MAR)	274	0	0	GA	0															not_admitted	not_admitted	not_admitted	not_admitted	not_admitted	not_admitted	not_admitted	not_admitted	not_admitted	not_admitted	1	136;110776;111810;+;282.2	256;227978;229387;-;190.4	257;229377;230414;-;176.7	121;95478;98195;+;149.6	255;224008;227976;-;120.1	117;91995;93365;+;65.6	121;95478;98195;+;85.2	114;89489;90349;+;79.0	133;107669;109015;+;70.1	137;111820;115002;+;58.9	264;237595;239721;+;57.7	120;94696;95433;+;57.0	264;237595;239721;+;41.0	A	9/9	split_2	148106	0	1	
NZ_CP018720.1	MPF_F	IncFIB(pNDM-Mar);IncHI1B(pNDM-MAR)	274	0	0	GA	0															not_admitted	not_admitted	not_admitted	not_admitted	not_admitted	not_admitted	not_admitted	not_admitted	not_admitted	not_admitted	1	192;168253;169287;-;282.2	72;50676;52085;+;190.4	71;49649;50686;+;176.7	207;181868;184585;-;149.6	73;52087;56055;+;120.1	211;186698;188068;-;65.6	207;181868;184585;-;85.2	214;189714;190574;-;79.0	195;171048;172394;-;70.1	191;165061;168243;-;58.9	64;40342;42468;-;57.7	208;184630;185367;-;57.0	64;40342;42468;-;41.0	A	9/9	split_2	149372	0	1	
NZ_CP018726.1	-	-	196	0	0	GA	0															not_admitted	not_admitted	not_admitted	not_admitted	not_admitted	not_admitted	not_admitted	not_admitted	not_admitted	not_admitted	1	191;188388;189545;-;246.2	14;10541;11971;-;212.0	15;11971;13143;-;201.4	2;1209;1493;-;48.1	13;7124;10525;-;204.8	6;2704;2991;-;42.3	195;191685;192551;-;63.0	9;5056;5667;-;105.3	192;189542;190861;-;39.6	190;182723;188371;-;67.9	104;92152;94005;+;54.5	4;1924;2172;-;36.5	104;92152;94005;+;42.6	A	9/9	split_3	190476	0	1	
NZ_CP018727.1	MPF_T	-	59	0	0	GA	1	40;33927;34517;-;64.6	29;19465;19779;-;78.5		27;16559;19129;-;40.5	27;16559;19129;-;108.8	25;15762;16421;-;55.8	24;13932;15404;-;90.4		23;13215;13925;-;128.8	22;12196;13188;-;167.3	21;10828;12180;-;214.4	30;19859;20863;-;115.5	38;28611;30668;-;344.7		conjscan	conjscan_only	A	7/7	canonical	1	0	unscoreable	11	0	0														not_admitted	not_admitted	not_admitted	not_admitted	not_admitted	not_admitted	not_admitted
NZ_CP018729.1	-	-	225	0	0	GA	0															not_admitted	not_admitted	not_admitted	not_admitted	not_admitted	not_admitted	not_admitted	not_admitted	not_admitted	not_admitted	1	1;4017;5174;-;246.2	15;18755;20185;-;212.0	16;20185;21357;-;201.4	5;7314;9698;-;228.9	14;15338;18739;-;204.8	8;10914;12203;-;111.1	5;7314;9698;-;110.0	10;13267;13878;-;105.3	2;5171;6490;-;39.6	224;209688;211334;-;63.0	107;100398;102251;+;54.6	7;10152;10841;-;63.3	107;100398;102251;+;42.6	A	9/9	split_3	205671	0	1	
NZ_CP018730.1	MPF_T	-	55	0	0	GA	1	14;15234;15824;-;61.8	4;3686;4000;-;76.6	3;3417;3683;-;35.2	2;780;3350;-;35.0	2;780;3350;-;110.4		53;43670;45148;-;93.3		52;42953;43663;-;129.6	51;41935;42927;-;167.4	50;40576;41919;-;209.6	5;4079;5086;-;116.3	12;9914;11971;-;344.4		none	none	A	7/7	rearranged	0	0	unscoreable	7	0	0														not_admitted	not_admitted	not_admitted	not_admitted	not_admitted	not_admitted	not_admitted
NZ_CP018732.1	-	-	210	0	0	GA	0															not_admitted	not_admitted	not_admitted	not_admitted	not_admitted	not_admitted	not_admitted	not_admitted	not_admitted	not_admitted	1	102;102937;104094;-;246.2	116;117674;119104;-;212.0	117;119104;120276;-;200.2	106;106234;108618;-;228.9	115;114257;117658;-;204.8	109;109834;111123;-;111.1	106;106234;108618;-;110.0	111;112187;112798;-;105.3	103;104091;105410;-;39.6	101;97272;102920;-;67.9	207;199279;201132;+;54.5	108;109072;109761;-;63.2	207;199279;201132;+;42.6	A	9/9	split_2	102007	0	1	
NZ_CP018734.1	MPF_T	-	59	0	0	GA	1	29;20787;21377;+;63.3	39;32655;32969;+;76.6	40;32972;33238;+;35.2	41;33305;35224;+;36.1	41;33305;35224;+;110.7	44;36012;36677;+;53.9	46;37457;38140;+;91.1		48;38941;39651;+;129.6	49;39677;40669;+;167.4	50;40685;42028;+;209.6	38;31569;32576;+;116.3	31;24683;26740;+;344.4		conjscan	conjscan_only	A	7/7	canonical	1	0	unscoreable	12	0	0														not_admitted	not_admitted	not_admitted	not_admitted	not_admitted	not_admitted	not_admitted
NZ_CP018781.1	-	-	387	0	0	GA	1	258;210794;211948;-;76.3	261;214842;215159;-;60.1	260;214497;214775;-;53.2	259;212078;214507;-;62.0	259;212078;214507;-;36.6	257;210018;210797;-;47.2	251;205000;205875;-;82.8		256;209333;209989;-;102.5	255;208597;209346;-;116.4	254;207300;208607;-;160.7	253;206290;207300;-;104.1	250;202893;204827;+;286.0		pfam	pfam_only	A	7/7	canonical	1	0	unscoreable	1	0	0														not_admitted	not_admitted	not_admitted	not_admitted	not_admitted	not_admitted	not_admitted
NZ_CP018792.1	MPF_T	-	31	0	0	GA	1	17;13917;14564;+;60.4	5;3798;4091;+;66.7	6;4088;4378;+;42.0	7;4382;6841;+;108.0	7;4382;6841;+;92.0	10;8131;9111;+;58.5	12;9369;10607;+;43.9		13;10645;11328;+;120.9	14;11341;12258;+;169.0	16;12703;13920;+;205.5	4;2833;3777;+;135.5	21;17315;19141;+;317.7		conjscan	conjscan_only	A	7/7	canonical	1	0	unscoreable	8	0	0														not_admitted	not_admitted	not_admitted	not_admitted	not_admitted	not_admitted	not_admitted
NZ_CP018794.1	MPF_T	-	31	0	0	GA	1	17;14181;14828;+;60.5	5;3803;4096;+;66.7	6;4093;4383;+;42.0	7;4387;6846;+;107.7	7;4387;6846;+;90.5	10;8121;9296;+;59.5	12;9533;10750;+;38.6		13;10909;11592;+;118.8	14;11605;12522;+;169.9	16;12967;14184;+;205.5	4;2838;3782;+;135.9	21;17579;19405;+;320.3		conjscan	conjscan_only	A	7/7	canonical	1	0	unscoreable	8	0	0														not_admitted	not_admitted	not_admitted	not_admitted	not_admitted	not_admitted	not_admitted
NZ_CP018815.1	MPF_F	IncFIA(pBK30683);IncFII(pBK30683)	163	0	0	GA	0															not_admitted	not_admitted	not_admitted	not_admitted	not_admitted	not_admitted	not_admitted	not_admitted	not_admitted	not_admitted	1		153;132979;134346;-;382.6	157;135604;136335;-;233.8	4;2398;5037;-;258.5	152;130130;132979;-;345.6	12;8294;9718;-;89.2	4;2398;5037;-;87.7	14;10445;11011;-;169.3	162;139243;139881;-;66.0	161;137229;139184;-;259.7	148;125332;127644;-;392.7	11;7596;8180;-;55.4	148;125332;127644;-;66.5	B	8/9	split_2	136845	1	1	129569..130117-;182;unnamed;0
NZ_CP018817.1	MPF_F	IncC	173	0	0	GA	0															not_admitted	not_admitted	not_admitted	not_admitted	not_admitted	not_admitted	not_admitted	not_admitted	not_admitted	not_admitted	1	102;82644;83651;-;332.9	35;23950;25383;-;339.2	36;25385;26413;-;221.7	107;86403;88850;-;354.2	34;20323;23937;-;375.3	116;100845;102161;-;135.0	107;86403;88850;-;128.6	118;103059;103685;-;92.1	104;84316;85581;-;67.6	101;79733;82528;-;145.3	127;107495;109360;-;47.4	115;100270;100848;-;100.2	127;107495;109360;-;52.0	A	9/9	split_2	87172	0	1	
NZ_CP018821.1	MPF_F	-	323	0	0	GA	0															not_admitted	not_admitted	not_admitted	not_admitted	not_admitted	not_admitted	not_admitted	not_admitted	not_admitted	not_admitted	1	152;154685;155701;-;391.3	146;149160;150626;-;372.6	147;150626;151450;-;243.5	158;158180;160771;-;479.2	145;146338;149136;-;356.3	161;162651;163979;-;99.9	158;158180;160771;-;96.8	163;164783;165349;-;192.6	151;153928;154674;-;110.8	150;152090;153931;-;284.4	72;70068;72374;+;550.7	159;160773;161789;-;22.2	72;70068;72374;+;58.8	A	9/9	split_2	94715	0	1	
NZ_CP018848.1	-	-	235	0	0	GA	0															not_admitted	not_admitted	not_admitted	not_admitted	not_admitted	not_admitted	not_admitted	not_admitted	not_admitted	not_admitted	1	12;16865;18022;-;246.2	26;31603;33033;-;212.0	27;33033;34205;-;201.4	16;20162;22546;-;228.9	25;28186;31587;-;204.8	19;23762;25051;-;110.8	16;20162;22546;-;110.0	21;26115;26726;-;105.3	13;18019;19338;-;39.6	11;11200;16848;-;67.9	120;114454;116307;+;54.6	18;23000;23689;-;63.3	120;114454;116307;+;42.6	A	9/9	split_2	103254	0	1	
NZ_CP018849.1	MPF_T	-	107	0	0	GA	1	19;14202;15104;+;38.9	8;4987;5364;+;71.2	9;5361;5660;+;50.4	10;5647;8316;+;66.0	10;5647;8316;+;82.7	11;8319;8981;+;71.2	14;9616;10482;+;148.5		15;10479;11153;+;92.1	16;11178;11960;+;199.4	17;11962;13182;+;174.5	18;13193;14215;+;112.7	25;19833;21407;-;70.4		pfam	both	A	7/7	canonical	1	0	unscoreable	7	0	0														not_admitted	not_admitted	not_admitted	not_admitted	not_admitted	not_admitted	not_admitted
NZ_CP018851.1	-	-	226	0	0	GA	0															not_admitted	not_admitted	not_admitted	not_admitted	not_admitted	not_admitted	not_admitted	not_admitted	not_admitted	not_admitted	1	165;161244;162401;+;246.2	151;146233;147663;+;212.0	150;145061;146233;+;201.4	161;156720;159104;+;228.9	152;147679;151080;+;204.8	158;154215;155504;+;111.1	161;156720;159104;+;110.0	156;152540;153151;+;105.3	164;159928;161247;+;39.6	166;162418;168066;+;67.9	57;62960;64813;-;54.6	159;155577;156266;+;63.3	57;62960;64813;-;42.6	A	9/9	split_2	99458	0	1	
NZ_CP018852.1	MPF_T	-	106	0	0	GA	1	9;8152;9054;-;38.9	20;17892;18269;-;71.2	19;17596;17895;-;50.4	18;14940;17609;-;66.0	18;14940;17609;-;82.7	17;14275;14937;-;71.2	14;12774;13640;-;148.5		13;12103;12777;-;92.1	12;11296;12078;-;199.4	11;10074;11294;-;174.5	10;9041;10063;-;112.7	3;1849;3423;+;70.4		pfam	both	A	7/7	canonical	1	0	unscoreable	7	0	0														not_admitted	not_admitted	not_admitted	not_admitted	not_admitted	not_admitted	not_admitted
NZ_CP018853.1	MPF_T	-	54	0	0	GA	1	16;17568;18353;-;42.9	14;14703;15014;-;56.6	13;14349;14690;-;84.0	12;11854;14343;-;196.2	12;11854;14343;-;93.4	10;10960;11670;-;222.0	8;9537;10634;-;131.0		6;8484;9239;-;191.1	5;7609;8487;-;187.6	4;6479;7609;-;193.1	3;5380;6453;-;90.7	2;2448;5177;-;335.8		pfam	both	A	7/7	canonical	1	0	unscoreable	4	0	0														not_admitted	not_admitted	not_admitted	not_admitted	not_admitted	not_admitted	not_admitted
NZ_CP018855.1	-	-	223	0	0	GA	0															not_admitted	not_admitted	not_admitted	not_admitted	not_admitted	not_admitted	not_admitted	not_admitted	not_admitted	not_admitted	1	1;3850;5007;-;246.2	15;18588;20018;-;212.0	16;20018;21190;-;201.4	5;7147;9531;-;228.9	14;15171;18572;-;204.8	8;10747;12036;-;111.1	5;7147;9531;-;110.0	10;13100;13711;-;105.3	2;5004;6323;-;39.6	222;209522;211324;-;77.5	107;100232;102085;+;54.6	7;9985;10674;-;63.3	107;100232;102085;+;42.6	A	9/9	split_3	205672	0	1	
NZ_CP018856.1	MPF_T	-	80	0	0	GA	1	77;71005;71907;+;38.9	66;61790;62167;+;71.2	67;62164;62463;+;50.4	68;62450;65119;+;66.0	68;62450;65119;+;82.7	69;65122;65784;+;71.2	72;66419;67285;+;148.5		73;67282;67956;+;92.1	74;67981;68763;+;199.4	75;68765;69985;+;174.5	76;69996;71018;+;112.7	3;3612;5186;-;70.4		pfam	both	A	7/7	canonical	1	0	unscoreable	2	0	0														not_admitted	not_admitted	not_admitted	not_admitted	not_admitted	not_admitted	not_admitted
NZ_CP018857.1	MPF_T	-	55	0	0	GA	1	1;896;1681;+;42.9	3;4235;4546;+;56.6	4;4559;4900;+;84.0	5;4906;7395;+;196.2	5;4906;7395;+;93.4	7;7579;8289;+;222.0	9;8615;9712;+;131.0		11;10010;10765;+;191.1	12;10762;11640;+;187.6	13;11640;12770;+;193.1	14;12796;13869;+;90.7	15;14072;16807;+;335.8		pfam	both	A	7/7	canonical	1	0	unscoreable	4	0	0														not_admitted	not_admitted	not_admitted	not_admitted	not_admitted	not_admitted	not_admitted
NZ_CP018859.1	-	-	228	0	0	GA	0															not_admitted	not_admitted	not_admitted	not_admitted	not_admitted	not_admitted	not_admitted	not_admitted	not_admitted	not_admitted	1	206;188448;189605;-;246.2	220;203185;204615;-;212.0	221;204615;205787;-;201.4	210;191744;194128;-;228.9	219;199768;203169;-;204.8	213;195344;196633;-;111.1	210;191744;194128;-;110.0	215;197697;198308;-;105.3	207;189602;190921;-;39.6	205;182783;188431;-;67.9	86;72299;74152;+;54.6	212;194582;195271;-;63.3	86;72299;74152;+;42.6	A	9/9	split_2	132316	0	1	
NZ_CP018860.1	MPF_T	-	107	0	0	GA	1	78;70832;71734;-;38.9	89;80572;80949;-;71.2	88;80276;80575;-;50.4	87;77620;80289;-;66.0	87;77620;80289;-;82.7	86;76955;77617;-;71.2	83;75454;76320;-;148.5		82;74783;75457;-;92.1	81;73976;74758;-;199.4	80;72754;73974;-;174.5	79;71721;72743;-;112.7	72;64529;66103;+;70.4		pfam	both	A	7/7	canonical	1	0	unscoreable	7	0	0														not_admitted	not_admitted	not_admitted	not_admitted	not_admitted	not_admitted	not_admitted
NZ_CP018868.1	MPF_T	repUS73	82	0	0	GA	1				53;45590;47605;-;25.1									46;39597;41150;-;458.9		none	none	D	2/7	uncallable	0	0	unscoreable	6	0	0														not_admitted	not_admitted	not_admitted	not_admitted	not_admitted	not_admitted	not_admitted
NZ_CP018884.1	MPF_T	IncFIB(pQil)	142	0	0	GA	1	60;48632;49369;-;32.0		57;47671;47988;-;63.3	56;45071;47671;-;111.8	56;45071;47671;-;76.4	55;44340;45053;-;105.5	53;43049;44089;-;142.4		52;42132;42830;-;131.9	51;41237;42121;-;159.7	50;40077;41237;-;156.3	49;39175;40035;-;52.0			pfam	both	B	6/7	canonical	1	0	unscoreable	3	0	0														not_admitted	not_admitted	not_admitted	not_admitted	not_admitted	not_admitted	not_admitted
NZ_CP018886.1	MPF_F	IncFIB(K);IncFII(K)	227	0	0	GA	0															not_admitted	not_admitted	not_admitted	not_admitted	not_admitted	not_admitted	not_admitted	not_admitted	not_admitted	not_admitted	1	164;166662;167654;-;366.6	154;159841;161211;-;381.2	158;162413;163165;-;232.4	167;168680;171319;-;258.7	153;156992;159841;-;344.2	176;175134;176558;-;89.2	167;168680;171319;-;88.8	178;177285;177851;-;167.0	163;166011;166649;-;67.0	162;164008;166014;-;259.0	149;152869;155178;-;393.2	174;173953;174522;-;49.7	149;152869;155178;-;65.8	A	9/9	contiguous	24416	1	1	156459..156989-;176;unnamed;0
NZ_CP018887.1	MPF_T	IncFIB(pQil);IncN	146	0	0	GA	1	98;82661;83398;+;32.0		101;84042;84359;+;63.3	102;84359;86959;+;111.8	102;84359;86959;+;76.4	103;86977;87690;+;105.5	105;87941;88981;+;142.4		106;89200;89898;+;131.9	107;89909;90793;+;159.7	108;90793;91953;+;156.3	109;91995;92990;+;81.2	124;109008;110537;-;38.5		pfam	both	A	7/7	canonical	1	0	unscoreable	3	0	0														not_admitted	not_admitted	not_admitted	not_admitted	not_admitted	not_admitted	not_admitted
NZ_CP018921.1	-	-	64	0	0	GA	1	61;44965;45351;-;38.6	60;44423;44749;-;41.1		59;42749;44314;-;148.8	59;42749;44314;-;55.1		54;39579;40328;-;96.5		53;38721;39407;-;155.2	52;37810;38724;-;136.0	51;36540;37817;-;135.1	50;35507;36538;-;68.0	49;33697;35520;-;393.1		none	none	A	7/7	canonical	0	0	unscoreable	4	0	0														not_admitted	not_admitted	not_admitted	not_admitted	not_admitted	not_admitted	not_admitted
NZ_CP018922.1	MPF_T	IncFII(pCRY)	30	0	0	GA	1	19;14685;15395;-;47.5	18;14383;14688;-;73.4	17;11632;14370;-;49.1	17;11632;14370;-;150.8	17;11632;14370;-;32.2	16;10913;11614;-;143.4	14;9594;10664;-;165.1		12;8689;9372;-;196.8	11;7784;8689;-;154.7	10;6472;7740;-;147.2	9;5457;6482;-;66.1			pfam	pfam_only	B	6/7	canonical	1	1	unscoreable	2	0	0														not_admitted	not_admitted	not_admitted	not_admitted	not_admitted	not_admitted	not_admitted
NZ_CP018945.1	MPF_T	IncN	68	0	0	GA	1	56;47140;47874;-;32.5		53;46180;46497;-;63.3	52;43580;46180;-;113.8	52;43580;46180;-;76.4	51;42849;43562;-;105.5	49;41558;42598;-;142.4		48;40641;41339;-;131.9	47;39746;40630;-;159.7	46;38586;39746;-;156.3	45;37549;38544;-;81.2	32;22526;24055;+;38.5		pfam	both	A	7/7	canonical	1	0	unscoreable	3	0	0														not_admitted	not_admitted	not_admitted	not_admitted	not_admitted	not_admitted	not_admitted
NZ_CP018947.1	MPF_F	IncFIA;IncFIB(AP001918);IncFII	169	0	0	GA	0															not_admitted	not_admitted	not_admitted	not_admitted	not_admitted	not_admitted	not_admitted	not_admitted	not_admitted	not_admitted	1				45;38179;40806;+;303.5			45;38179;40806;+;99.0	39;35463;36029;+;182.9			45;38179;40806;+;22.1	44;37148;37663;+;76.4		D	3/9	contiguous	2716	0	0	
NZ_CP018950.1	MPF_T	IncX4	51	0	0	GA	1	12;5598;6218;+;46.9	13;6232;6558;+;64.4	14;6577;9324;+;62.7	14;6577;9324;+;151.8	14;6577;9324;+;46.1	15;9336;10052;+;97.3	16;10063;11142;+;157.5		18;11657;12343;+;167.4	19;12340;13248;+;142.3	20;13241;14359;+;162.9	21;14361;15389;+;85.0	22;15421;17238;+;316.5		pfam	pfam_only	A	7/7	canonical	1	1	unscoreable	1	0	0														not_admitted	not_admitted	not_admitted	not_admitted	not_admitted	not_admitted	not_admitted
NZ_CP018951.1	MPF_T	IncX3	55	0	0	GA	1	35;24460;25104;+;46.4	36;25088;25378;+;73.1	37;25403;28156;+;47.0	37;25403;28156;+;145.4	37;25403;28156;+;73.3	38;28166;28936;+;60.1	40;29215;30270;+;133.2		41;30465;31193;+;119.4	42;31199;32128;+;138.8	43;32125;33339;+;128.3	45;33535;34569;+;65.7	46;34572;36407;+;495.9		pfam	pfam_only	A	7/7	canonical	1	1	unscoreable	2	0	0														not_admitted	not_admitted	not_admitted	not_admitted	not_admitted	not_admitted	not_admitted
NZ_CP018952.1	MPF_F	Col156;IncFIA;IncFIB(AP001918);IncFII(pRSB107)	152	0	0	GA	0															not_admitted	not_admitted	not_admitted	not_admitted	not_admitted	not_admitted	not_admitted	not_admitted	not_admitted	not_admitted	1	109;88277;89269;+;369.5	122;97028;98401;+;386.6	114;92375;93118;+;231.4	106;84641;87268;+;303.9	123;98398;101217;+;386.3	100;81305;82756;+;94.1	106;84641;87268;+;96.5	98;80024;80590;+;184.3	111;89613;90251;+;68.7	112;90248;92098;+;266.7	127;103475;105700;+;391.7	103;83610;84125;+;75.2	127;103475;105700;+;70.3	A	9/9	contiguous	23451	1	1	101242..101733+;163;TraS;0
NZ_CP018955.1	MPF_F	IncFIB(pQil);IncFII(pKP91)	118	0	0	GA	0															not_admitted	not_admitted	not_admitted	not_admitted	not_admitted	not_admitted	not_admitted	not_admitted	not_admitted	not_admitted	1	10;6915;7904;-;366.6	0;1;1368;-;384.0	4;2626;3378;-;233.7	14;9361;12000;-;258.5	117;98344;101118;-;320.8	22;15194;16618;-;89.2	14;9361;12000;-;88.7	24;17345;17911;-;169.3	9;6264;6902;-;66.7	8;4250;6205;-;259.7	112;93342;95654;-;392.5	21;14496;15080;-;53.6	112;93342;95654;-;66.6	A	9/9	split_2	98343	1	1	97800..98333-;177;unnamed;0
NZ_CP018956.1	MPF_F	IncC	262	0	0	GA	0															not_admitted	not_admitted	not_admitted	not_admitted	not_admitted	not_admitted	not_admitted	not_admitted	not_admitted	not_admitted	1	139;112433;113440;+;332.9	90;62537;63970;-;339.2	91;63972;65000;-;221.7	134;107234;109681;+;354.5	89;58910;62524;-;375.3	126;95946;97262;+;135.0	134;107234;109681;+;128.3	124;94422;95048;+;92.7	137;110503;111768;+;67.9	140;113556;116354;+;145.3	241;198395;200500;-;92.6	127;97259;97837;+;100.2	241;198395;200500;-;97.8	A	9/9	split_3	139485	0	1	
NZ_CP018963.1	MPF_T	IncN	63	0	0	GA	1	48;41768;42505;-;32.0		45;40807;41124;-;63.3	44;38207;40807;-;111.8	44;38207;40807;-;76.4	43;37476;38189;-;105.5	41;36185;37225;-;142.4		40;35268;35966;-;131.9	39;34373;35257;-;159.7	38;33213;34373;-;156.3	37;32176;33171;-;81.2	22;14629;16158;+;38.5		pfam	both	A	7/7	canonical	1	0	unscoreable	3	0	0														not_admitted	not_admitted	not_admitted	not_admitted	not_admitted	not_admitted	not_admitted
NZ_CP018969.1	MPF_F	IncFIA;IncFIB(AP001918);IncFII(pRSB107)	101	0	0	GA	0															not_admitted	not_admitted	not_admitted	not_admitted	not_admitted	not_admitted	not_admitted	not_admitted	not_admitted	not_admitted	1	4;3114;4106;-;369.5		100;81629;82219;-;213.2	7;5115;7742;-;303.9		13;9627;11078;-;94.1	7;5115;7742;-;96.5	15;11793;12167;-;113.2	2;2132;2770;-;68.7	1;285;2135;-;266.7	7;5115;7742;-;21.8	10;8258;8773;-;75.2		C	7/9	split_2	81344	0	1	
NZ_CP018973.1	MPF_F	IncFII	83	0	0	GA	0															not_admitted	not_admitted	not_admitted	not_admitted	not_admitted	not_admitted	not_admitted	not_admitted	not_admitted	not_admitted	1	56;50660;51652;-;369.5	44;43233;44606;-;381.7	51;46811;47554;-;234.4	59;52661;55291;-;297.8	43;40411;43236;-;374.0	66;58333;59760;-;93.9	59;52661;55291;-;98.7	68;60475;61041;-;174.3	54;49678;50316;-;68.5	53;47831;49681;-;266.9	39;35917;38169;-;391.7	63;56934;57449;-;78.4	39;35917;38169;-;70.3	A	9/9	contiguous	24558	1	1	39905..40414-;169;unnamed;0
NZ_CP018977.1	MPF_T	IncN	68	0	0	GA	1	48;41767;42501;-;32.5		45;40807;41124;-;63.3	44;38207;40807;-;113.8	44;38207;40807;-;76.4	43;37476;38189;-;105.5	41;36185;37225;-;142.4		40;35268;35966;-;131.9	39;34373;35257;-;159.7	38;33213;34373;-;156.3	37;32176;33171;-;81.2	22;14629;16158;+;38.5		pfam	both	A	7/7	canonical	1	0	unscoreable	3	0	0														not_admitted	not_admitted	not_admitted	not_admitted	not_admitted	not_admitted	not_admitted
NZ_CP018978.1	MPF_F	IncFIA;IncFII	129	0	0	GA	0															not_admitted	not_admitted	not_admitted	not_admitted	not_admitted	not_admitted	not_admitted	not_admitted	not_admitted	not_admitted	1	81;66092;67084;+;369.5	92;72566;73939;+;382.9	86;69895;70638;+;234.4	78;62456;65083;+;300.9	93;73936;76755;+;385.4	72;58876;60303;+;93.9	78;62456;65083;+;101.1	70;57595;58161;+;182.7	83;67428;68042;+;70.6	84;68098;69618;+;267.7	96;78287;80512;+;380.7	76;61425;61940;+;76.0	96;78287;80512;+;66.5	A	9/9	contiguous	20692	1	1	76780..77271+;163;TraS;0
NZ_CP018988.1	MPF_T	IncN4	51	0	0	GA	1	50;33469;34209;+;34.8	0;1;291;+;44.7	1;342;656;+;65.3	2;656;3286;+;123.6	2;656;3286;+;87.5	3;3296;4003;+;114.7	5;4262;5305;+;126.7	6;5400;5570;+;41.4	7;5573;6289;+;145.6	8;6292;7179;+;144.4	9;7176;8330;+;173.2	10;8323;9354;+;78.1	15;13762;15339;-;54.8		pfam	both	A	7/7	canonical	1	0	ga	5	0	0														not_admitted	not_admitted	not_admitted	not_admitted	not_admitted	not_admitted	not_admitted
NZ_CP018990.1	MPF_F	IncFIA;IncFIB(AP001918);IncFII	171	0	0	GA	0															not_admitted	not_admitted	not_admitted	not_admitted	not_admitted	not_admitted	not_admitted	not_admitted	not_admitted	not_admitted	1	82;67804;68796;+;367.4	93;74482;75855;+;380.9	86;71525;72268;+;235.0	79;64168;66795;+;305.4	94;75852;78677;+;385.9	73;60686;62113;+;94.3	79;64168;66795;+;98.5	71;59405;59971;+;183.8	83;68805;69443;+;68.6	84;69440;71248;+;268.3	97;80180;82387;+;391.3	77;63137;63652;+;78.4	97;80180;82387;+;70.4	A	9/9	contiguous	20775	1	1	78674..79183+;169;unnamed;0
NZ_CP018992.1	MPF_F	IncFIB(pQil);IncFII(K)	129	0	0	GA	0															not_admitted	not_admitted	not_admitted	not_admitted	not_admitted	not_admitted	not_admitted	not_admitted	not_admitted	not_admitted	1	41;27313;28302;+;366.0	51;33849;35216;+;380.7	47;31839;32591;+;233.7	37;23231;25870;+;258.5	52;35216;38065;+;345.6	29;18550;19974;+;88.8	37;23231;25870;+;88.7	27;17257;17823;+;169.3	42;28315;28953;+;67.0	43;29012;30967;+;259.7	56;40551;42863;+;392.7	30;20088;20672;+;55.4	56;40551;42863;+;66.5	A	9/9	contiguous	23294	1	1	38078..38626+;182;unnamed;0
NZ_CP018994.1	MPF_F	IncFIB(AP001918);IncFII;IncQ1	156	0	0	GA	0															not_admitted	not_admitted	not_admitted	not_admitted	not_admitted	not_admitted	not_admitted	not_admitted	not_admitted	not_admitted	1	53;51616;52608;-;369.3	44;45181;46554;-;381.0	49;48144;48887;-;231.6	56;53617;56244;-;306.4	43;42359;45184;-;386.0	62;58299;59726;-;94.3	56;53617;56244;-;98.5	64;60441;61007;-;183.3	52;50969;51607;-;68.7	51;49164;50972;-;267.9	40;38702;40855;-;391.5	58;56760;57275;-;77.3	40;38702;40855;-;70.4	A	9/9	contiguous	21739	1	1	41853..42362-;169;unnamed;0
NZ_CP018998.1	MPF_F	IncFIA;IncFIB(AP001918)	123	0	0	GA	0															not_admitted	not_admitted	not_admitted	not_admitted	not_admitted	not_admitted	not_admitted	not_admitted	not_admitted	not_admitted	1	27;20701;21693;-;369.5		22;16852;17595;-;231.4	30;22702;25329;-;303.9		36;27214;28665;-;94.1	30;22702;25329;-;96.5	38;29380;29946;-;184.3	25;19719;20357;-;68.7	24;17872;19722;-;266.7	30;22702;25329;-;21.8	33;25845;26360;-;75.2		C	7/9	contiguous	12528	0	1	
NZ_CP018999.1	MPF_F	IncFII(Yp);IncFII(pAR0022);IncQ1;repB(R1701)	187	0	0	GA	0															not_admitted	not_admitted	not_admitted	not_admitted	not_admitted	not_admitted	not_admitted	not_admitted	not_admitted	not_admitted	1	96;70369;71358;+;366.6	106;76905;78272;+;384.0	102;74895;75647;+;233.7	92;66273;68912;+;258.5	107;78272;81121;+;346.4	85;62022;63446;+;89.3	92;66273;68912;+;88.7	83;60729;61295;+;169.3	97;71371;72009;+;66.9	98;72068;74023;+;259.4	111;83583;85895;+;393.1	86;63518;64102;+;54.7	111;83583;85895;+;66.6	A	9/9	contiguous	22854	1	1	81124..81657+;177;unnamed;0
NZ_CP019001.1	MPF_F	IncC;IncFIA;IncFII	324	0	0	GA	0															not_admitted	not_admitted	not_admitted	not_admitted	not_admitted	not_admitted	not_admitted	not_admitted	not_admitted	not_admitted	1	42;31751;32743;+;367.4	53;38429;39802;+;380.9	46;35472;36215;+;235.0	236;195836;198283;+;354.2	54;39799;42624;+;385.9	223;181748;183064;+;135.0	236;195836;198283;+;128.6	31;23352;23918;+;182.1	43;32752;33390;+;68.6	44;33387;35195;+;268.3	57;44127;46307;+;391.3	224;183061;183639;+;100.2	57;44127;46307;+;70.4	A	9/9	split_2	172484	1	1	42621..43130+;169;unnamed;0
NZ_CP019006.1	MPF_T	IncN	57	0	0	GA	1	37;24949;25683;+;32.5		40;26326;26643;+;63.3	41;26643;29243;+;113.8	41;26643;29243;+;76.4	42;29261;29974;+;105.5	44;30225;31265;+;142.4		45;31484;32182;+;131.9	46;32193;33077;+;159.7	47;33077;34237;+;156.3	48;34279;35274;+;81.2	56;46001;47473;-;38.6		pfam	both	A	7/7	canonical	1	0	unscoreable	3	0	0														not_admitted	not_admitted	not_admitted	not_admitted	not_admitted	not_admitted	not_admitted
NZ_CP019007.1	MPF_F	IncFIB(AP001918);IncFII	137	0	0	GA	0															not_admitted	not_admitted	not_admitted	not_admitted	not_admitted	not_admitted	not_admitted	not_admitted	not_admitted	not_admitted	1	32;23953;24945;+;367.3	43;30632;32005;+;374.3	36;27674;28417;+;234.1	29;20317;22944;+;306.4	44;32002;34818;+;387.9	22;16835;18262;+;94.3	29;20317;22944;+;99.2	20;15554;16120;+;183.3	33;24954;25592;+;67.3	34;25589;27397;+;268.3	47;36381;38534;+;391.1	26;19286;19801;+;77.3	47;36381;38534;+;69.2	A	9/9	contiguous	20827	1	1	34851..35372+;173;unnamed;0
NZ_CP019009.1	MPF_F	IncFIA;IncFIB(AP001918);IncFII(pRSB107)	148	0	0	GA	0															not_admitted	not_admitted	not_admitted	not_admitted	not_admitted	not_admitted	not_admitted	not_admitted	not_admitted	not_admitted	1	52;50919;51911;-;369.5	39;41787;43160;-;386.6	47;47070;47813;-;231.4	55;52920;55547;-;303.9	38;38971;41790;-;386.3	61;57432;58883;-;94.1	55;52920;55547;-;96.5	63;59598;60164;-;184.3	50;49937;50575;-;68.7	49;48090;49940;-;266.7	34;34488;36713;-;391.7	58;56063;56578;-;75.2	34;34488;36713;-;70.3	A	9/9	contiguous	25110	1	1	38455..38946-;163;TraS;0
NZ_CP019014.1	MPF_F	IncFIA;IncFII	158	0	0	GA	0															not_admitted	not_admitted	not_admitted	not_admitted	not_admitted	not_admitted	not_admitted	not_admitted	not_admitted	not_admitted	1	136;121338;122330;+;369.5			133;117702;120329;+;300.9		127;114122;115549;+;93.9	133;117702;120329;+;101.1	125;112841;113407;+;182.7	138;122674;123312;+;70.7		133;117702;120329;+;20.8	131;116671;117186;+;76.0		D	5/9	contiguous	9833	0	0	
NZ_CP019016.1	MPF_T	IncX4	53	0	0	GA	1	47;33986;34606;-;46.9	46;33646;33972;-;64.4	45;30880;33627;-;62.7	45;30880;33627;-;151.8	45;30880;33627;-;46.2	44;30152;30868;-;97.3	43;29062;30141;-;157.5		41;27861;28547;-;169.0	40;26956;27864;-;142.3	39;25845;26963;-;162.9	38;24815;25843;-;85.0	37;22966;24783;-;317.3		pfam	pfam_only	A	7/7	canonical	1	1	unscoreable	1	0	0														not_admitted	not_admitted	not_admitted	not_admitted	not_admitted	not_admitted	not_admitted
NZ_CP019018.1	MPF_F	IncFIB(AP001918);IncFIC(FII)	165	0	0	GA	0															not_admitted	not_admitted	not_admitted	not_admitted	not_admitted	not_admitted	not_admitted	not_admitted	not_admitted	not_admitted	1	85;93322;94314;-;367.4	74;86263;87636;-;378.0	81;89850;90593;-;233.4	88;95323;97950;-;305.4	73;83444;86266;-;389.5	94;100005;101432;-;94.3	88;95323;97950;-;98.5	96;102147;102713;-;183.8	84;92675;93313;-;68.4	83;90870;92678;-;268.4	70;79690;81915;-;391.7	90;98466;98981;-;78.4	70;79690;81915;-;70.3	A	9/9	contiguous	22457	1	1	82931..83422-;163;TraS;0
NZ_CP019019.1	MPF_F	IncHI2;IncHI2A	209	0	0	GA	0															not_admitted	not_admitted	not_admitted	not_admitted	not_admitted	not_admitted	not_admitted	not_admitted	not_admitted	not_admitted	1	199;187110;188168;+;276.9			183;164857;167538;+;168.0		179;161021;162376;+;80.7	183;164857;167538;+;72.2	176;158509;159297;+;74.8	197;185457;186968;+;62.0	200;188187;191375;+;57.3		182;163898;164848;+;46.1		C	6/9	split_2	29678	0	1	
NZ_CP019026.1	MPF_T	IncN	70	0	0	GA	1	61;54451;55185;-;32.5		58;53491;53808;-;63.3	57;50891;53491;-;113.8	57;50891;53491;-;76.4	56;50160;50873;-;105.5	54;48869;49909;-;142.4		53;47952;48650;-;131.9	52;47057;47941;-;159.7	51;45897;47057;-;156.3	50;44860;45855;-;81.2	42;32604;34133;+;38.5		pfam	both	A	7/7	canonical	1	0	unscoreable	3	0	0														not_admitted	not_admitted	not_admitted	not_admitted	not_admitted	not_admitted	not_admitted
NZ_CP019028.1	MPF_F	IncFIA;IncFIB(AP001918);IncFII	172	0	0	GA	0															not_admitted	not_admitted	not_admitted	not_admitted	not_admitted	not_admitted	not_admitted	not_admitted	not_admitted	not_admitted	1	15;10832;11824;+;371.6	26;17509;18882;+;380.9	19;14553;15296;+;235.0	12;7196;9823;+;303.5	27;18879;21704;+;385.9	6;3610;5037;+;91.9	12;7196;9823;+;99.0	4;2329;2895;+;182.9	16;11833;12471;+;64.9	17;12468;14276;+;267.3	30;23208;25379;+;391.6	11;6165;6680;+;76.4	30;23208;25379;+;70.4	A	9/9	contiguous	20879	1	1	21701..22156+;151;unnamed;0
NZ_CP019036.1	-	-	85	0	0	GA	1	30;31253;31867;-;22.8		28;30568;30945;-;35.4	27;28197;30614;-;91.7	27;28197;30614;-;51.5	26;27458;28117;-;131.7	25;26458;27315;-;133.0		24;25525;26310;-;122.4	23;24698;25528;-;164.9	22;23388;24701;-;157.4	21;22352;23407;-;99.5	20;20452;22332;-;344.5		pfam	both	A	7/7	canonical	1	0	unscoreable	1	0	0														not_admitted	not_admitted	not_admitted	not_admitted	not_admitted	not_admitted	not_admitted
NZ_CP019048.1	MPF_F	repFIB	270	0	0	GA	0															not_admitted	not_admitted	not_admitted	not_admitted	not_admitted	not_admitted	not_admitted	not_admitted	not_admitted	not_admitted	1	26;28801;29838;+;282.2	147;135586;137028;-;188.6	148;136985;138022;-;172.0	15;15215;17932;+;143.5	146;131640;135584;-;119.0	11;11725;13092;+;63.7	15;15215;17932;+;80.6	8;9210;10070;+;73.9	25;27443;28804;+;71.7	27;29853;33029;+;58.7	155;145262;147388;+;62.0	14;14429;15166;+;56.3	155;145262;147388;+;39.7	A	9/9	split_2	136052	0	1	
NZ_CP019052.1	MPF_T	IncI2	83	0	0	GA	1	44;37344;37826;-;81.1		59;53422;53706;-;36.6	58;51059;53416;-;58.5	58;51059;53416;-;42.8	71;59159;59800;-;42.8	72;59806;60801;-;128.5		56;50159;50893;-;144.3	55;49392;50162;-;170.5	54;48263;49402;-;154.7	47;39594;41132;-;207.1	52;45215;47173;-;289.6		pfam	pfam_only	A	7/7	rearranged	1	0	unscoreable	17	1	0														not_admitted	not_admitted	not_admitted	not_admitted	not_admitted	not_admitted	not_admitted
NZ_CP019053.1	MPF_F	IncC	196	0	0	GA	0															not_admitted	not_admitted	not_admitted	not_admitted	not_admitted	not_admitted	not_admitted	not_admitted	not_admitted	not_admitted	1	123;93138;94145;+;332.9	185;144566;145999;+;339.2	184;143536;144564;+;221.7	118;87939;90386;+;354.5	186;146012;149626;+;375.3	113;79067;80383;+;135.0	118;87939;90386;+;128.3	111;77543;78169;+;92.7	121;91208;92473;+;67.9	124;94261;97059;+;145.3	102;71868;73733;+;47.3	114;80380;80958;+;100.2	102;71868;73733;+;52.0	A	9/9	split_2	74144	0	1	
NZ_CP019064.1	MPF_F	-	240	0	0	GA	0															not_admitted	not_admitted	not_admitted	not_admitted	not_admitted	not_admitted	not_admitted	not_admitted	not_admitted	not_admitted	1	134;120056;120574;+;210.1	141;124882;126237;+;344.9	138;123298;124053;+;203.1	129;115955;118546;+;241.1	142;126240;129101;+;309.0	127;114069;115400;+;94.9	129;115955;118546;+;91.6	125;112792;113358;+;133.2	136;120804;121421;+;68.3	137;121418;123301;+;233.9	144;129820;132036;+;358.6	128;115397;115942;+;34.7	144;129820;132036;+;64.8	A	9/9	contiguous	17028	1	1	129088..129747+;219;unnamed;0
NZ_CP019072.1	MPF_T	IncX4	46	0	0	GA	1	30;25079;25699;-;41.6	29;24739;25065;-;64.4	28;21973;24720;-;63.8	28;21973;24720;-;151.8	28;21973;24720;-;46.1	27;21245;21961;-;94.2	26;20367;21233;-;146.0		23;19050;19625;-;120.0	22;18035;18940;-;142.4	21;16924;18042;-;163.9	20;15894;16922;-;85.0	19;14045;15862;-;314.8		pfam	pfam_only	A	7/7	canonical	1	1	unscoreable	2	0	0														not_admitted	not_admitted	not_admitted	not_admitted	not_admitted	not_admitted	not_admitted
NZ_CP019073.1	MPF_T	IncX3	59	0	0	GA	1	46;38155;38799;-;46.4	45;37881;38171;-;73.1	44;35103;37856;-;47.0	44;35103;37856;-;142.4	44;35103;37856;-;73.3	43;34323;35093;-;60.1	41;32989;34044;-;133.2		40;32066;32794;-;119.4	39;31131;32060;-;138.8	38;29920;31134;-;128.3	36;28690;29724;-;65.7	35;26852;28687;-;495.9		pfam	pfam_only	A	7/7	canonical	1	1	unscoreable	2	0	0														not_admitted	not_admitted	not_admitted	not_admitted	not_admitted	not_admitted	not_admitted
NZ_CP019076.1	MPF_F	IncFIA;IncFII	136	0	0	GA	0															not_admitted	not_admitted	not_admitted	not_admitted	not_admitted	not_admitted	not_admitted	not_admitted	not_admitted	not_admitted	1	14;13424;14416;-;371.6	5;6989;8362;-;380.7	10;9952;10695;-;233.3	17;15425;18052;-;303.5	4;4173;6992;-;386.2	23;20211;21638;-;91.9	17;15425;18052;-;99.0	25;22353;22919;-;182.9	13;12777;13415;-;64.9	12;10972;12780;-;268.2	1;407;2641;-;391.7	18;18568;19083;-;76.4	1;407;2641;-;70.3	A	9/9	contiguous	21946	1	1	3657..4148-;163;TraS;0
NZ_CP019115.1	MPF_F	-	108	0	0	GA	0															not_admitted	not_admitted	not_admitted	not_admitted	not_admitted	not_admitted	not_admitted	not_admitted	not_admitted	not_admitted	1	45;28762;29805;+;369.2	50;33784;35211;+;325.8	48;32574;33386;+;219.1	41;24474;27200;+;164.6	51;35227;38229;+;208.7	37;21476;22792;+;102.7	41;24474;27200;+;108.4	35;20185;20763;+;82.6	46;29820;30527;+;107.6	47;30524;32581;+;92.2	10;5836;6795;+;145.8	40;23820;24464;+;41.9	10;5836;6795;+;92.6	A	9/9	contiguous	29391	1	1	38301..38819+;172;unnamed;0
NZ_CP019175.1	MPF_F	IncFIB(pB171);IncFII(Yp)	109	0	0	GA	0															not_admitted	not_admitted	not_admitted	not_admitted	not_admitted	not_admitted	not_admitted	not_admitted	not_admitted	not_admitted	1	30;36224;37210;-;354.6	24;30638;32002;-;331.5	26;32635;33411;-;200.1	33;38288;40879;-;215.3	23;27742;30636;-;280.5	40;43426;44787;-;82.7	33;38288;40879;-;89.9	42;45504;46067;-;142.6	28;35234;35848;-;81.2	27;33408;35237;-;253.0	20;23853;26096;-;375.7	34;40890;41531;-;43.5	20;23853;26096;-;68.1	A	9/9	contiguous	21651	1	1	27157..27732-;191;unnamed;0
NZ_CP019180.1	MPF_T	IncFII(S);IncFII(pAR0022);IncX1	93	0	0	GA	1	18;17284;17931;-;45.2	17;17010;17306;-;77.5	16;14238;16991;-;46.6	16;14238;16991;-;148.0	16;14238;16991;-;75.3	15;13469;14227;-;65.9	13;12098;13231;-;108.9		12;11140;11853;-;120.0	11;10206;11135;-;129.7	10;9004;10209;-;132.5	9;8238;9002;-;55.2	8;6134;7969;-;486.5		pfam	pfam_only	A	7/7	canonical	1	1	unscoreable	1	0	0														not_admitted	not_admitted	not_admitted	not_admitted	not_admitted	not_admitted	not_admitted
NZ_CP019187.1	MPF_F	IncFII(S);IncFII(SARC14)	107	0	0	GA	0															not_admitted	not_admitted	not_admitted	not_admitted	not_admitted	not_admitted	not_admitted	not_admitted	not_admitted	not_admitted	1	32;36551;37546;-;357.6	26;30949;32310;-;336.5	28;32947;33723;-;194.9	35;38639;41230;-;221.4	25;28050;30947;-;292.8	38;42301;43662;-;81.6	35;38639;41230;-;87.8	40;44379;44942;-;137.0	30;35570;36184;-;79.9	29;33720;35573;-;259.9	22;24168;26471;-;376.2	36;41241;41855;-;47.5	22;24168;26471;-;67.0	A	9/9	contiguous	20211	1	1	27478..28038-;186;unnamed;0
NZ_CP019190.1	MPF_F	IncFII(S);IncFII(pAR0022)	210	0	0	GA	0															not_admitted	not_admitted	not_admitted	not_admitted	not_admitted	not_admitted	not_admitted	not_admitted	not_admitted	not_admitted	1	24;18741;19733;+;370.1	37;27223;28596;+;381.0	32;24905;25648;+;234.4	21;15105;17732;+;302.2	38;28593;31100;+;385.5	16;11886;13313;+;92.9	21;15105;17732;+;101.1	14;10605;11171;+;181.6	29;22183;22821;+;68.6	30;22818;24626;+;268.0	42;32951;35104;+;391.9	19;14074;14589;+;76.6	42;32951;35104;+;70.4	A	9/9	contiguous	22346	1	1	31183..31416+;77;unnamed;0
NZ_CP019191.1	MPF_T	IncFII(pCRY)	34	0	0	GA	1	18;16809;17519;-;48.3	17;16507;16812;-;72.6	16;16129;16494;-;51.3	10;7167;9206;-;148.5		9;6442;7149;-;142.9	7;5123;6193;-;165.1		5;4219;4902;-;196.5	4;3314;4219;-;155.8	3;2008;3270;-;147.2	1;672;1697;-;66.1	32;25743;27479;-;46.4		pfam	pfam_only	A	7/7	canonical	1	0	unscoreable	21	0	0														not_admitted	not_admitted	not_admitted	not_admitted	not_admitted	not_admitted	not_admitted
NZ_CP019199.1	MPF_T	IncI2(Delta)	83	0	0	GA	1	6;5281;5763;-;81.1	22;21788;22078;-;28.9	21;21397;21681;-;36.4	20;19034;21391;-;60.7	20;19034;21391;-;43.4	32;26825;27466;-;42.8	33;27472;28467;-;128.5		18;18134;18868;-;144.4	17;17367;18137;-;170.5	16;16238;17377;-;154.7	9;7531;9069;-;207.1	14;13134;15092;-;287.0		pfam	pfam_only	A	7/7	rearranged	1	0	unscoreable	15	1	0														not_admitted	not_admitted	not_admitted	not_admitted	not_admitted	not_admitted	not_admitted
NZ_CP019214.3	MPF_F	IncHI2;IncHI2A;IncN	309	0	0	GA	0															not_admitted	not_admitted	not_admitted	not_admitted	not_admitted	not_admitted	not_admitted	not_admitted	not_admitted	not_admitted	1	31;33167;34225;+;276.9	225;216092;217507;-;194.1	226;217497;218543;-;174.3	11;8955;9959;+;105.6	224;212130;216083;-;101.7	7;5270;6625;+;80.7	14;11907;13595;+;74.9	4;2758;3546;+;74.8	29;31514;33025;+;62.0	32;34244;37432;+;57.3	233;225585;227669;+;56.8	10;7996;8946;+;46.1	233;225585;227669;+;38.8	A	9/9	split_2	222827	1	1	210660..211949-;429;unnamed;0
NZ_CP019218.1	MPF_F	-	90	0	0	GA	0															not_admitted	not_admitted	not_admitted	not_admitted	not_admitted	not_admitted	not_admitted	not_admitted	not_admitted	not_admitted	1	28;19437;20480;+;369.2	33;24459;25886;+;325.8	31;23249;24061;+;219.1	24;15149;17875;+;164.6	34;25902;28904;+;208.7	20;12151;13467;+;102.7	24;15149;17875;+;108.4	18;10860;11438;+;82.6	29;20495;21202;+;107.6	30;21199;23256;+;92.2		23;14495;15139;+;41.9		A	9/9	contiguous	15042	1	1	28976..29494+;172;unnamed;0
NZ_CP019227.1	MPF_T	-	52	0	0	GA	1	16;12028;12930;-;41.4	27;21782;22159;-;71.2	26;21486;21785;-;50.8	25;18830;21499;-;64.4	25;18830;21499;-;81.8	24;18168;18827;-;69.5	21;16650;17516;-;141.1		20;15979;16653;-;92.2	19;15172;15954;-;201.0	18;13950;15170;-;174.2	17;12917;13939;-;111.7	10;5710;7284;+;70.4		pfam	both	A	7/7	canonical	1	0	unscoreable	7	0	0														not_admitted	not_admitted	not_admitted	not_admitted	not_admitted	not_admitted	not_admitted
NZ_CP019238.1	MPF_T	IncP1	85	0	0	GA	1	16;10082;10717;-;23.5	27;20570;21034;-;63.5	26;20255;20566;-;49.8	25;17700;20258;-;91.0	25;17700;20258;-;112.1	20;13302;14066;-;122.3	82;69486;70403;-;144.7		24;16921;17703;-;145.8	23;16004;16903;-;186.5	21;14087;15508;-;223.3	28;21051;22013;-;127.6	52;39534;41447;+;525.1		conjscan	conjscan_only	A	7/7	rearranged	1	0	unscoreable	6	0	0														not_admitted	not_admitted	not_admitted	not_admitted	not_admitted	not_admitted	not_admitted
NZ_CP019244.1	MPF_F	IncFII(pCoo)	85	0	0	GA	0															not_admitted	not_admitted	not_admitted	not_admitted	not_admitted	not_admitted	not_admitted	not_admitted	not_admitted	not_admitted	1	62;46531;47523;+;368.1	74;53965;55338;+;376.8	70;52001;52744;+;234.4	59;42892;45522;+;306.8	75;55335;58154;+;374.1	49;36324;37751;+;94.7	59;42892;45522;+;98.5	47;35043;35609;+;183.8	65;48466;49104;+;70.8	68;49916;51724;+;268.0	79;60425;62614;+;391.8	53;38873;39388;+;76.9	79;60425;62614;+;70.3	A	9/9	contiguous	25382	1	1	58179..58670+;163;TraS;0
NZ_CP019247.1	MPF_F	IncFIB(AP001918);IncFII	165	0	0	GA	0															not_admitted	not_admitted	not_admitted	not_admitted	not_admitted	not_admitted	not_admitted	not_admitted	not_admitted	not_admitted	1	144;127283;128275;+;369.3	155;134325;135698;+;381.0	150;131992;132735;+;235.0	141;123647;126274;+;304.6	156;135695;138517;+;389.2	135;120068;121495;+;94.3	141;123647;126274;+;99.2	133;118787;119353;+;183.8	147;129272;129910;+;68.6	148;129907;131715;+;268.0	159;140051;142240;+;391.6	139;122616;123131;+;78.4	159;140051;142240;+;70.4	A	9/9	contiguous	21264	1	1	138538..139035+;165;TraS;0
NZ_CP019251.1	MPF_F	IncFIB(AP001918);IncFIC(FII);IncQ1	172	0	0	GA	0															not_admitted	not_admitted	not_admitted	not_admitted	not_admitted	not_admitted	not_admitted	not_admitted	not_admitted	not_admitted	1	150;138635;139627;+;369.3	159;144689;145330;+;191.9	154;142326;143099;+;234.0	147;134996;137626;+;303.5	161;146058;148880;+;389.5	140;130291;131718;+;94.3	147;134996;137626;+;98.5	138;129010;129576;+;183.8	151;139636;140274;+;68.7	152;140271;142079;+;268.0	164;150409;152562;+;391.9	144;132846;133361;+;78.6	164;150409;152562;+;70.4	A	9/9	contiguous	21399	1	1	148902..149393+;163;TraS;0
NZ_CP019254.1	MPF_T	IncI2(Delta)	98	0	0	GA	1	56;41656;42138;+;81.1		41;25777;26061;+;36.6	42;26067;28424;+;58.5	42;26067;28424;+;44.9	32;20321;20965;+;41.0	31;19320;20315;+;123.9		44;28590;29324;+;144.3	45;29321;30091;+;170.5	46;30081;31220;+;154.7	53;38339;39877;+;207.1	48;32310;34268;+;289.6		pfam	pfam_only	A	7/7	rearranged	1	0	unscoreable	14	0	0														not_admitted	not_admitted	not_admitted	not_admitted	not_admitted	not_admitted	not_admitted
NZ_CP019260.1	MPF_F	IncHI2;IncHI2A	284	0	0	GA	0															not_admitted	not_admitted	not_admitted	not_admitted	not_admitted	not_admitted	not_admitted	not_admitted	not_admitted	not_admitted	1	21;22473;23531;-;276.9	132;126492;127907;+;194.1	131;125456;126502;+;174.3	37;43103;45784;-;168.0	133;127916;131869;+;101.7	41;48114;49469;-;80.7	37;43103;45784;-;72.2	44;51193;51981;-;74.8	23;23673;25184;-;62.0	20;19266;22454;-;57.3	124;116330;118414;-;56.8	38;45793;46743;-;45.8	124;116330;118414;-;38.8	A	9/9	split_2	108650	1	1	132050..133339+;429;unnamed;0
NZ_CP019261.1	MPF_F	IncFIB(AP001918);IncFIC(FII)	154	0	0	GA	0															not_admitted	not_admitted	not_admitted	not_admitted	not_admitted	not_admitted	not_admitted	not_admitted	not_admitted	not_admitted	1	55;50788;51780;-;369.3	47;44719;46092;-;380.7	51;47313;48056;-;232.7	58;52789;55416;-;303.5	46;41900;44722;-;380.3	62;57328;58755;-;94.3	58;52789;55416;-;100.3	64;59470;60036;-;183.8	54;50141;50779;-;68.3	53;48336;50144;-;268.3	43;38186;40366;-;391.8	59;55932;56447;-;78.0	43;38186;40366;-;70.4	A	9/9	contiguous	21284	1	1	41382..41879-;165;TraS;0
NZ_CP019264.1	MPF_T	IncI2	109	0	0	GA	1	12;7916;8398;+;81.1		82;57073;57357;+;36.5	83;57363;59720;+;56.1	83;57363;59720;+;45.0	71;50863;51510;+;41.6	70;49871;50857;+;120.4		84;59884;60618;+;144.3	85;60615;61385;+;169.8	86;61375;62514;+;154.7	93;69627;71165;+;208.0	88;63604;65562;+;287.0		pfam	pfam_only	A	7/7	rearranged	1	0	unscoreable	25	0	0														not_admitted	not_admitted	not_admitted	not_admitted	not_admitted	not_admitted	not_admitted
NZ_CP019272.1	MPF_F	IncFII(pHN7A8);IncN;IncX1	148	0	0	GA	0															not_admitted	not_admitted	not_admitted	not_admitted	not_admitted	not_admitted	not_admitted	not_admitted	not_admitted	not_admitted	1	120;101230;102222;+;369.5	133;109055;110428;+;376.8	128;106746;107489;+;234.4	117;97594;100221;+;301.8	134;110425;113241;+;376.7	112;94112;95539;+;94.1	117;97594;100221;+;101.8	110;92831;93397;+;183.8	123;103168;103806;+;70.4	126;104619;106469;+;265.0	138;115542;117767;+;391.7	116;96563;97078;+;78.0	138;115542;117767;+;70.3	A	9/9	contiguous	22711	1	1	113274..113795+;173;unnamed;0
NZ_CP019276.1	MPF_F	IncFII(pHN7A8)	113	0	0	GA	0															not_admitted	not_admitted	not_admitted	not_admitted	not_admitted	not_admitted	not_admitted	not_admitted	not_admitted	not_admitted	1	78;63809;64801;-;369.5	63;52896;54269;-;376.8	70;58542;59285;-;234.4	81;65810;68437;-;301.8	61;50082;52358;-;199.6	86;70492;71919;-;94.1	81;65810;68437;-;101.8	88;72634;73200;-;183.8	75;62225;62863;-;70.4	72;59562;61412;-;265.0	57;45583;47781;-;391.7	82;68953;69468;-;78.0	57;45583;47781;-;70.3	A	9/9	contiguous	27051	1	1	49528..50049-;173;unnamed;0
NZ_CP019277.1	MPF_T	IncI2(Delta)	126	0	0	GA	1	29;26969;27451;-;81.1		44;43053;43337;-;36.6	43;40690;43047;-;58.5	43;40690;43047;-;44.9	54;48148;48792;-;41.0	55;48798;49793;-;123.9		41;39790;40524;-;144.3	40;39023;39793;-;170.4	39;37894;39033;-;154.7	32;29219;30757;-;207.1	37;34846;36804;-;288.2		pfam	pfam_only	A	7/7	rearranged	1	0	unscoreable	25	0	0														not_admitted	not_admitted	not_admitted	not_admitted	not_admitted	not_admitted	not_admitted
NZ_CP019282.1	MPF_F	IncFIB(AP001918);IncFIC(FII)	160	0	0	GA	0															not_admitted	not_admitted	not_admitted	not_admitted	not_admitted	not_admitted	not_admitted	not_admitted	not_admitted	not_admitted	1	137;125173;126165;+;369.3	148;131851;133224;+;378.0	141;128894;129637;+;234.1	134;121537;124164;+;305.4	149;133221;136043;+;389.5	128;118055;119482;+;94.3	134;121537;124164;+;98.5	126;116774;117340;+;183.8	138;126174;126812;+;68.4	139;126809;128617;+;268.4	152;137572;139725;+;391.9	132;120506;121021;+;78.4	152;137572;139725;+;70.4	A	9/9	contiguous	20798	1	1	136065..136556+;163;TraS;0
NZ_CP019284.1	MPF_T	IncN;IncX1	110	0	0	GA	1	85;69795;70529;+;32.5	87;70829;71122;+;28.7	88;71172;71489;+;63.3	89;71489;74089;+;111.8	89;71489;74089;+;76.8	90;74107;74820;+;97.1	9;6743;7783;+;153.6		93;76330;77028;+;131.9	13;8709;9593;+;159.0	95;77923;79083;+;154.9	15;10794;11789;+;81.2	54;47720;49249;-;38.5		pfam	both	A	7/7	rearranged	1	0	unscoreable	6	0	0														not_admitted	not_admitted	not_admitted	not_admitted	not_admitted	not_admitted	not_admitted
NZ_CP019296.1	MPF_T	-	138	0	0	GA	1	125;133346;133948;+;34.9			128;134617;136947;+;77.8	128;134617;136947;+;51.8	129;136950;137597;+;59.9	131;137858;138814;+;103.1		133;139039;139794;+;142.7	134;139791;140558;+;175.4	135;140551;141744;+;144.6	137;142096;143112;+;97.8	0;41;1576;+;264.4		pfam	pfam_only	A	7/7	canonical	1	0	unscoreable	5	0	0														not_admitted	not_admitted	not_admitted	not_admitted	not_admitted	not_admitted	not_admitted
NZ_CP019297.1	-	-	132	0	0	GA	1	109;79280;79882;+;36.8	110;79906;80208;+;28.9		112;80598;83027;+;76.7	112;80598;83027;+;46.4	113;83024;83704;+;56.8	114;83707;84708;+;112.9		116;84848;85585;+;156.7	117;85599;86393;+;158.8	118;86393;87583;+;147.7	93;66143;67768;+;163.7	120;88658;90928;+;318.8		pfam	pfam_only	A	7/7	canonical	1	0	unscoreable	4	0	0														not_admitted	not_admitted	not_admitted	not_admitted	not_admitted	not_admitted	not_admitted
NZ_CP019298.1	-	-	131	0	0	GA	0															not_admitted	not_admitted	not_admitted	not_admitted	not_admitted	not_admitted	not_admitted	not_admitted	not_admitted	not_admitted	1	116;84436;85515;+;101.7			114;80850;83882;+;129.0	119;87180;89042;+;39.2								104;73151;75286;+;33.9	D	3/9	contiguous	14029	1	0	89180..89581+;133;unnamed;0
NZ_CP019353.1	MPF_F	IncHI2;IncHI2A;IncN	289	0	0	GA	0															not_admitted	not_admitted	not_admitted	not_admitted	not_admitted	not_admitted	not_admitted	not_admitted	not_admitted	not_admitted	1	92;84780;85838;+;276.9	266;243394;244809;-;194.1	267;244799;245845;-;174.3	74;61455;64136;+;168.0	265;239432;243385;-;101.7	70;57770;59125;+;80.7	74;61455;64136;+;72.2	67;55258;56046;+;74.8	90;83127;84638;+;62.0	93;85857;89045;+;57.3	274;252887;254971;+;56.8	73;60496;61446;+;46.1	274;252887;254971;+;38.8	A	9/9	split_3	197629	1	1	237962..239251-;429;unnamed;0
NZ_CP019356.1	MPF_F	IncHI2;IncHI2A;IncN	296	0	0	GA	0															not_admitted	not_admitted	not_admitted	not_admitted	not_admitted	not_admitted	not_admitted	not_admitted	not_admitted	not_admitted	1	48;48099;49157;-;276.9	166;161259;162674;+;194.1	165;160223;161269;+;174.3	64;68729;71410;-;167.7	167;162683;166636;+;101.6	68;73740;75095;-;80.7	64;68729;71410;-;72.2	71;76819;77607;-;74.8	50;49299;50810;-;62.0	47;44892;48080;-;57.3	158;151097;153181;-;56.8	65;71419;72369;-;46.1	158;151097;153181;-;38.8	A	9/9	split_2	117791	1	1	166817..168106+;429;unnamed;0
NZ_CP019357.1	MPF_F	IncFII	79	0	0	GA	0															not_admitted	not_admitted	not_admitted	not_admitted	not_admitted	not_admitted	not_admitted	not_admitted	not_admitted	not_admitted	1	29;29252;30244;-;369.5	19;22100;23473;-;381.7	24;25403;26146;-;234.4	32;31253;33883;-;304.1	18;19281;22103;-;374.0	39;36882;38333;-;94.2	32;31253;33883;-;97.1	41;39048;39614;-;174.3	27;28270;28908;-;68.6	26;26423;28273;-;266.1	14;14739;17009;-;391.1	36;35507;36022;-;78.4	14;14739;17009;-;70.3	A	9/9	contiguous	24309	1	1	18780..19259-;159;TraS;0
NZ_CP019360.1	MPF_F	IncFIB(AP001918);IncFIC(FII);IncHI2;IncHI2A	379	0	0	GA	0															not_admitted	not_admitted	not_admitted	not_admitted	not_admitted	not_admitted	not_admitted	not_admitted	not_admitted	not_admitted	1	348;313547;314605;-;276.9	79;68318;69733;+;194.1	78;67282;68328;+;174.3	364;334177;336858;-;168.0	80;69742;73695;+;101.7	192;178676;180103;+;94.3	364;334177;336858;-;72.2	190;177395;177961;+;183.8	350;314747;316258;-;62.0	347;310340;313528;-;57.3	199;182158;183333;+;188.5	196;181127;181642;+;78.4	199;182158;183333;+;71.7	A	9/9	split_3	266895	1	1	73876..75165+;429;unnamed;0
NZ_CP019393.1	MPF_T	IncI2	88	0	0	GA	1	16;12824;13306;-;81.1		30;28883;29167;-;36.5	29;26520;28877;-;59.8	29;26520;28877;-;45.0	43;36066;36713;-;41.6	44;36719;37705;-;120.4		28;25622;26356;-;144.3	27;24855;25625;-;169.8	26;23726;24865;-;154.7	19;15075;16613;-;207.1	24;20678;22636;-;287.0		pfam	pfam_only	A	7/7	rearranged	1	0	unscoreable	17	0	0														not_admitted	not_admitted	not_admitted	not_admitted	not_admitted	not_admitted	not_admitted
NZ_CP019394.1	MPF_F	IncHI2;IncHI2A	268	0	0	GA	0															not_admitted	not_admitted	not_admitted	not_admitted	not_admitted	not_admitted	not_admitted	not_admitted	not_admitted	not_admitted	1	0;1;1059;+;276.5	157;144083;145498;-;194.1	158;145488;146534;-;174.3	252;226206;228887;+;168.0	156;140121;144074;-;101.7	248;222521;223876;+;80.7	252;226206;228887;+;72.2	245;220009;220797;+;74.8	266;246806;248317;+;62.0	1;1078;4266;+;57.3	165;153576;155660;+;56.8	251;225247;226197;+;46.1	165;153576;155660;+;38.8	A	9/9	split_4	246805	1	1	138651..139940-;429;unnamed;0
NZ_CP019439.1	MPF_T	-	134	0	0	GA	1	103;88696;89850;-;72.9	107;92628;92921;-;75.3	106;92357;92677;-;89.5	105;90004;92367;-;86.3	105;90004;92367;-;44.1	102;87887;88696;-;68.7	95;82461;83537;-;123.9		101;87216;87872;-;168.8	100;86518;87213;-;169.7	99;85142;86521;-;186.0	98;84151;85137;-;104.6	82;65244;67244;+;286.5		pfam	both	A	7/7	canonical	1	0	unscoreable	3	0	0														not_admitted	not_admitted	not_admitted	not_admitted	not_admitted	not_admitted	not_admitted
NZ_CP019443.1	MPF_F	IncHI2;IncHI2A	259	0	0	GA	0															not_admitted	not_admitted	not_admitted	not_admitted	not_admitted	not_admitted	not_admitted	not_admitted	not_admitted	not_admitted	1	243;217500;218558;-;276.9	101;87703;89118;+;194.1	100;86667;87713;+;174.3	3;5501;6808;-;129.6	102;89127;93080;+;101.7	10;9487;10680;-;61.6		13;12404;13192;-;74.8	245;218700;220211;-;62.0	242;214293;217481;-;57.3	93;77541;79625;-;56.8	5;7008;7610;-;40.5	93;77541;79625;-;38.8	A	9/9	split_3	213199	1	1	93261..94550+;429;unnamed;0
NZ_CP019444.1	MPF_F	IncFII	93	0	0	GA	0															not_admitted	not_admitted	not_admitted	not_admitted	not_admitted	not_admitted	not_admitted	not_admitted	not_admitted	not_admitted	1	65;55438;56430;+;369.5	75;62209;63582;+;381.7	70;59536;60279;+;234.4	62;51799;54429;+;304.1	76;63579;66401;+;374.0	55;47349;48800;+;94.2	62;51799;54429;+;97.1	53;46068;46634;+;174.3	67;56774;57412;+;68.6	68;57409;59259;+;266.1	80;68673;70871;+;391.2	58;49660;50175;+;78.4	80;68673;70871;+;70.3	A	9/9	contiguous	22605	1	1	66423..66902+;159;TraS;0
NZ_CP019446.1	MPF_F	-	116	0	0	GA	0															not_admitted	not_admitted	not_admitted	not_admitted	not_admitted	not_admitted	not_admitted	not_admitted	not_admitted	not_admitted	1	53;57921;58919;-;360.0	45;51514;52878;-;364.9	50;54687;55469;-;222.3	61;62340;64982;-;233.6	44;48143;51514;-;298.9	68;67230;68648;-;91.3	61;62340;64982;-;104.2	70;69399;69977;-;83.4	52;57304;57912;-;55.0	51;55466;57307;-;207.8	38;42684;45194;-;364.1	63;65146;65691;-;36.9	38;42684;45194;-;72.1	A	9/9	contiguous	26715	1	1	47452..48138-;228;unnamed;0
NZ_CP019456.1	MPF_F	IncFIB(AP001918);IncFII	156	0	0	GA	0															not_admitted	not_admitted	not_admitted	not_admitted	not_admitted	not_admitted	not_admitted	not_admitted	not_admitted	not_admitted	1	128;139265;140257;-;371.9	117;132211;133584;-;381.1	124;135793;136536;-;234.7	131;141233;143860;-;304.4	116;129392;132214;-;389.2	138;145915;147342;-;94.3	131;141233;143860;-;98.6	140;148057;148623;-;184.5	127;138618;139256;-;68.5	126;136813;138621;-;266.0	113;125704;127857;-;390.6	134;144376;144891;-;78.4	113;125704;127857;-;69.2	A	9/9	contiguous	22353	1	1	128873..129370-;165;TraS;0
NZ_CP019483.1	MPF_T	-	1141	0	0	GA	1		638;597538;597837;-;88.9	637;597192;597533;-;106.8	636;594821;597217;-;172.1	636;594821;597217;-;108.6	635;594120;594821;-;201.6	633;592952;593884;-;163.1		631;591962;592633;-;215.1	630;591108;591962;-;183.4	629;590190;591098;-;134.2	779;746265;747698;-;212.9	504;477099;479018;-;336.3		pfam	both	A	7/7	canonical	1	0	unscoreable	2	0	0														not_admitted	not_admitted	not_admitted	not_admitted	not_admitted	not_admitted	not_admitted
NZ_CP019486.1	MPF_T	-	1165	0	0	GA	1		614;566758;567057;-;88.9	613;566412;566753;-;106.8	612;564041;566437;-;172.1	612;564041;566437;-;108.6	611;563340;564041;-;201.6	609;562172;563104;-;163.1		607;561182;561853;-;215.1	606;560328;561182;-;183.4	605;559425;560318;-;133.6	756;713969;715243;-;213.3	486;452913;454832;-;336.3		pfam	both	A	7/7	canonical	1	0	unscoreable	2	0	0														not_admitted	not_admitted	not_admitted	not_admitted	not_admitted	not_admitted	not_admitted
NZ_CP019559.1	MPF_F	IncHI2;IncHI2A	306	0	0	GA	0															not_admitted	not_admitted	not_admitted	not_admitted	not_admitted	not_admitted	not_admitted	not_admitted	not_admitted	not_admitted	1	29;27050;28108;-;276.9	161;147288;148703;+;194.1	160;146252;147298;+;173.7	46;47681;50362;-;168.0	162;148712;152662;+;101.6	50;52692;54047;-;80.7	46;47681;50362;-;72.2	53;55771;56559;-;74.8	31;28250;29761;-;62.7	27;23844;25796;-;58.6	154;137127;139211;-;56.7	47;50371;51321;-;46.4	154;137127;139211;-;38.8	A	9/9	split_2	124868	0	1	
NZ_CP019561.1	MPF_F	IncFII	156	0	0	GA	0															not_admitted	not_admitted	not_admitted	not_admitted	not_admitted	not_admitted	not_admitted	not_admitted	not_admitted	not_admitted	1	103;91454;92446;+;371.8	114;98129;99505;+;380.7	107;95175;95918;+;235.0	100;87818;90445;+;303.5	115;99502;102327;+;385.9	96;84479;85906;+;94.3	100;87818;90445;+;100.3	94;83198;83764;+;183.4	104;92455;93093;+;68.8	105;93090;94898;+;268.3	118;103830;105983;+;391.6	99;86787;87302;+;78.0	118;103830;105983;+;70.4	A	9/9	contiguous	20632	1	1	102324..102833+;169;unnamed;0
NZ_CP019585.1	MPF_T	-	1415	0	0	GA	1	1267;1279912;1280619;-;63.5	762;754464;754763;-;89.1	761;754118;754459;-;104.9	1264;1276844;1279213;-;205.1	760;751747;754143;-;108.5	759;751046;751747;-;202.5	757;749875;750810;-;162.8		755;748888;749559;-;215.8	754;748034;748888;-;183.4	1259;1272286;1273404;-;183.4	905;906439;907932;-;213.3	1256;1267289;1268857;+;487.0		pfam	both	A	7/7	canonical	1	0	unscoreable	5	0	0														not_admitted	not_admitted	not_admitted	not_admitted	not_admitted	not_admitted	not_admitted
NZ_CP019632.1	-	-	115	0	0	GA	1		76;59664;60023;+;71.6	2;1446;1742;+;64.1	3;1745;4180;+;130.4	3;1745;4180;+;121.5	4;4158;4949;+;61.5	6;5217;6434;+;90.2		7;6450;7112;+;137.2	8;7142;7975;+;189.2	10;8455;9798;+;211.9	0;91;1104;+;122.4	54;41610;43514;+;433.1		conjscan	conjscan_only	A	7/7	canonical	1	0	unscoreable	3	0	0														not_admitted	not_admitted	not_admitted	not_admitted	not_admitted	not_admitted	not_admitted
NZ_CP019647.1	MPF_F	IncHI2;IncHI2A;IncN	295	0	0	GA	0															not_admitted	not_admitted	not_admitted	not_admitted	not_admitted	not_admitted	not_admitted	not_admitted	not_admitted	not_admitted	1	27;30710;31768;+;276.9	194;187277;188692;-;194.1	195;188682;189728;-;174.3	11;8955;11636;+;168.0	193;183315;187268;-;101.6	273;251241;252401;-;154.9	11;8955;11636;+;72.2	4;2758;3546;+;74.8	25;29057;30568;+;62.0	28;31787;34975;+;57.3	202;196770;198854;+;56.8	10;7996;8946;+;46.1	202;196770;198854;+;38.8	A	9/9	split_4	248483	1	1	181845..183134-;429;unnamed;0
NZ_CP019690.1	MPF_T	IncI2(Delta)	80	0	0	GA	1	36;25873;26355;-;81.1		51;41945;42229;-;36.6	50;39582;41939;-;58.5	50;39582;41939;-;44.9	61;47743;48387;-;41.0	62;48393;49388;-;123.5		48;38682;39416;-;144.3	47;37915;38685;-;170.4	46;36786;37925;-;154.7	39;28123;29661;-;207.1	44;33738;35696;-;287.0		pfam	pfam_only	A	7/7	rearranged	1	0	unscoreable	15	0	0														not_admitted	not_admitted	not_admitted	not_admitted	not_admitted	not_admitted	not_admitted
NZ_CP019703.3	MPF_T	-	181	0	0	GA	1	101;102351;103073;+;53.4	67;67035;67418;-;71.1	103;103435;103761;+;71.6	104;103761;106130;+;199.5	65;64276;66732;-;122.3	64;63501;64304;-;46.2	62;62129;63310;-;114.0		107;107951;108664;+;163.3	60;60617;61429;-;187.2	58;58869;60161;-;218.1	68;67408;68385;-;130.9	48;48376;50379;-;543.4		conjscan	conjscan_only	A	7/7	uncallable	0	0	unscoreable	21	0	0														not_admitted	not_admitted	not_admitted	not_admitted	not_admitted	not_admitted	not_admitted
NZ_CP019751.1	MPF_T	-	43	0	0	GA	1				29;28018;30033;-;24.7									22;22444;23994;-;460.6		none	none	D	2/7	uncallable	0	0	unscoreable	6	0	0														not_admitted	not_admitted	not_admitted	not_admitted	not_admitted	not_admitted	not_admitted
NZ_CP019840.1	-	IncFIB(pECLA);IncFII(pECLA)	87	0	0	GA	0															not_admitted	not_admitted	not_admitted	not_admitted	not_admitted	not_admitted	not_admitted	not_admitted	not_admitted	not_admitted	1				4;3325;5319;+;180.5			4;3325;5319;+;69.7							D	1/9	contiguous	0	0	0	
NZ_CP019890.1	MPF_F	IncFII(pECLA);repE(pEh60-7)	140	0	0	GA	0															not_admitted	not_admitted	not_admitted	not_admitted	not_admitted	not_admitted	not_admitted	not_admitted	not_admitted	not_admitted	1	52;56815;57810;-;363.9	44;50620;51984;-;357.9	49;53570;54352;-;218.4	60;60750;63359;-;223.7	43;47300;50620;-;309.7	66;65359;66762;-;92.3	60;60750;63359;-;102.2	68;67511;68092;-;100.6	51;56181;56804;-;63.3	50;54349;56184;-;222.3	38;42126;44723;-;363.1	62;63538;64092;-;44.3	38;42126;44723;-;71.2	A	9/9	contiguous	25385	1	1	46691..47287-;198;unnamed;0
NZ_CP019904.1	MPF_F	IncFII(Yp);IncFII(pAR0022);repB(R1701)	119	0	0	GA	0															not_admitted	not_admitted	not_admitted	not_admitted	not_admitted	not_admitted	not_admitted	not_admitted	not_admitted	not_admitted	1	0;64;393;+;110.8	8;5075;6445;+;375.4	5;3539;4288;+;222.4	116;104088;106727;+;252.5	9;6445;9294;+;336.5	110;100466;101878;+;85.2	116;104088;106727;+;91.3	108;99173;99739;+;163.0	1;406;1032;+;68.6	2;1029;2921;+;259.9	12;10921;13128;+;391.8	112;102126;102695;+;55.3	12;10921;13128;+;65.9	A	9/9	split_2	104024	1	1	9297..9827+;176;unnamed;0
NZ_CP019908.1	MPF_T	IncX4	42	0	0	GA	1	20;12195;12815;+;41.6	21;12829;13155;+;64.4	22;13174;15921;+;63.8	22;13174;15921;+;151.8	22;13174;15921;+;46.1	23;15933;16649;+;94.2	24;16661;17755;+;150.1		26;18270;18956;+;169.0	27;18953;19861;+;142.4	28;19854;20972;+;163.9	29;20974;22002;+;85.0	30;22034;23851;+;314.8		pfam	pfam_only	A	7/7	canonical	1	1	unscoreable	1	0	0														not_admitted	not_admitted	not_admitted	not_admitted	not_admitted	not_admitted	not_admitted
NZ_CP019909.1	MPF_F	IncFIC(FII)	95	0	0	GA	0															not_admitted	not_admitted	not_admitted	not_admitted	not_admitted	not_admitted	not_admitted	not_admitted	not_admitted	not_admitted	1	86;76819;77811;-;369.3	75;69800;71173;-;380.9	82;73347;74090;-;235.0	89;78820;81447;-;305.4	74;66978;69803;-;385.2	94;83502;84929;-;94.3	89;78820;81447;-;98.5		85;76172;76810;-;68.4	84;74367;76175;-;268.0	71;63321;65474;-;391.9	90;81963;82478;-;78.4	71;63321;65474;-;70.4	B	8/9	contiguous	20181	1	1	66472..66981-;169;unnamed;0
NZ_CP019910.1	MPF_F	IncFII;IncN	81	0	0	GA	0															not_admitted	not_admitted	not_admitted	not_admitted	not_admitted	not_admitted	not_admitted	not_admitted	not_admitted	not_admitted	1	69;59247;60239;-;369.5	59;52095;53468;-;381.7	64;55398;56141;-;234.4	72;61248;63878;-;304.1	58;49276;52098;-;374.0	80;67280;68731;-;94.2	72;61248;63878;-;97.1	0;660;1226;-;174.3	67;58265;58903;-;68.6	66;56418;58268;-;266.1	54;44707;47004;-;391.0	77;65905;66420;-;78.4	54;44707;47004;-;70.2	A	9/9	split_2	66620	1	1	48775..49254-;159;TraS;0
NZ_CP019949.1	-	-	135	0	0	GA	1	73;109058;109783;+;61.0	74;109780;110085;+;74.0	75;110091;110387;+;72.8	76;110398;112833;+;131.9	76;110398;112833;+;88.4	78;113539;114261;+;53.2	80;114407;115537;+;126.1		81;115549;116298;+;179.9	82;116295;117164;+;187.5	83;117177;118523;+;204.7	84;118471;119475;+;131.7	85;119484;121874;+;252.4		pfam	pfam_only	A	7/7	canonical	1	0	unscoreable	2	0	0														not_admitted	not_admitted	not_admitted	not_admitted	not_admitted	not_admitted	not_admitted
NZ_CP019954.1	MPF_F	IncFIB(AP001918);IncFII	181	0	0	GA	0															not_admitted	not_admitted	not_admitted	not_admitted	not_admitted	not_admitted	not_admitted	not_admitted	not_admitted	not_admitted	1	11;7448;8440;+;366.0	27;16343;17716;+;377.2	20;13175;13918;+;232.9	8;3809;6439;+;302.7	28;17713;20550;+;371.7	0;189;914;+;76.7	8;3809;6439;+;98.9		15;9618;10256;+;69.2	18;11069;12898;+;263.9	32;22851;25031;+;391.8	3;1672;2187;+;81.0	32;22851;25031;+;70.3	B	8/9	contiguous	22662	1	1	20583..21086+;167;unnamed;0
NZ_CP019987.1	-	pKPC-CAV1321	269	0	0	GA	0															not_admitted	not_admitted	not_admitted	not_admitted	not_admitted	not_admitted	not_admitted	not_admitted	not_admitted	not_admitted	1	244;193805;194872;+;276.8			240;189211;191697;+;223.8		236;184586;185983;+;109.8	240;189211;191697;+;120.8	234;182677;183303;+;87.1	243;192495;193808;+;41.0		228;178153;180129;+;22.7	237;185980;186546;+;71.6	228;178153;180129;+;33.5	D	5/9	contiguous	15652	0	0	
NZ_CP020036.1	-	-	82	0	0	GA	1	52;44531;45046;-;46.5	80;67430;67759;-;65.8	79;67105;67419;-;30.4	78;64650;67064;-;51.1	78;64650;67064;-;99.0	77;63895;64653;-;34.3	75;61633;62940;-;91.1		74;60929;61603;-;147.4	73;60048;60920;-;159.1	71;58377;59633;-;190.4	66;52617;54239;-;175.5			conjscan	conjscan_only	B	6/7	canonical	1	0	unscoreable	19	0	0														not_admitted	not_admitted	not_admitted	not_admitted	not_admitted	not_admitted	not_admitted
NZ_CP020047.1	MPF_T	-	54	0	0	GA	1	14;6097;6858;+;34.2	16;9348;9656;+;73.1	17;9666;9989;+;79.8	18;9996;12476;+;199.3	18;9996;12476;+;108.6	19;12482;13204;+;234.1	22;13900;14982;+;170.0		24;15289;15999;+;205.4	25;15996;16868;+;184.0	26;16868;18028;+;190.7	27;18012;19079;+;91.7	29;19627;22131;+;350.1		pfam	both	A	7/7	canonical	1	0	unscoreable	4	0	0														not_admitted	not_admitted	not_admitted	not_admitted	not_admitted	not_admitted	not_admitted
NZ_CP020049.1	MPF_F	IncC	180	0	0	GA	0															not_admitted	not_admitted	not_admitted	not_admitted	not_admitted	not_admitted	not_admitted	not_admitted	not_admitted	not_admitted	1		46;29954;31387;-;339.2	47;31389;32417;-;221.7	128;101910;102143;+;58.1	45;26327;29941;-;375.3	136;111812;113128;-;135.0		138;114026;114652;-;92.1				135;111237;111815;-;100.2		C	6/9	split_2	87699	0	0	
NZ_CP020056.1	MPF_F	IncC	169	0	0	GA	0															not_admitted	not_admitted	not_admitted	not_admitted	not_admitted	not_admitted	not_admitted	not_admitted	not_admitted	not_admitted	1	88;74617;75624;-;332.9	25;19772;21205;-;339.2	26;21207;22235;-;221.7	93;78376;80823;-;354.2	24;16145;19759;-;375.3	102;92818;94134;-;135.0	93;78376;80823;-;128.6	104;95032;95658;-;92.1	90;76289;77554;-;67.6	87;71706;74501;-;145.3	113;99468;101333;-;47.4	101;92243;92821;-;100.2	113;99468;101333;-;52.0	A	9/9	split_2	83323	0	1	
NZ_CP020057.1	MPF_F	IncFII(29)	38	0	0	GA	0															not_admitted	not_admitted	not_admitted	not_admitted	not_admitted	not_admitted	not_admitted	not_admitted	not_admitted	not_admitted	1	34;28510;29127;+;147.2			31;25408;27501;+;189.5			31;25408;27501;+;101.1				31;25408;27501;+;21.6			D	2/9	contiguous	3102	0	0	
NZ_CP020059.1	MPF_T	IncFII(Yp);IncN	100	0	0	GA	1	63;63415;64149;-;32.5		60;62455;62772;-;63.3	59;59855;62455;-;113.8	59;59855;62455;-;76.4	58;59124;59837;-;105.5	56;57833;58873;-;142.4		55;56916;57614;-;131.9	54;56021;56905;-;159.7	53;54861;56021;-;156.3	52;53824;54819;-;81.2	1;1163;2692;+;38.5		pfam	both	A	7/7	canonical	1	0	unscoreable	3	0	0														not_admitted	not_admitted	not_admitted	not_admitted	not_admitted	not_admitted	not_admitted
NZ_CP020062.1	-	IncFIB(K);IncFII(K);IncFII(pAR0022)	149	0	0	GA	0															not_admitted	not_admitted	not_admitted	not_admitted	not_admitted	not_admitted	not_admitted	not_admitted	not_admitted	not_admitted	1	82;96676;97674;-;370.2	77;91584;92948;-;350.2	79;93543;94313;-;204.8	85;98712;101333;-;216.9	76;88711;91581;-;243.4	88;102293;103624;-;85.3	85;98712;101333;-;92.2	90;104330;104905;-;87.7	81;96278;96706;-;64.0	80;94313;96250;-;231.2	74;85876;88008;-;376.5	86;101342;101872;-;34.9	74;85876;88008;-;67.6	A	9/9	contiguous	18454	1	1	88139..88702-;187;unnamed;0
NZ_CP020064.1	MPF_F	IncFII(Yp)	97	0	0	GA	0															not_admitted	not_admitted	not_admitted	not_admitted	not_admitted	not_admitted	not_admitted	not_admitted	not_admitted	not_admitted	1	42;42352;43344;-;362.9	33;35892;37262;-;378.1	36;38046;38798;-;223.8	45;44370;47009;-;259.1	32;33013;35892;-;342.9	55;50772;52193;-;87.4	45;44370;47009;-;83.9	57;52920;53486;-;167.2	41;41701;42339;-;66.0	40;39687;41642;-;255.2	30;29943;32243;-;390.5	53;49748;50311;-;55.8	30;29943;32243;-;65.8	A	9/9	contiguous	22977	1	1	32480..33010-;176;unnamed;0
NZ_CP020066.1	MPF_T	ColRNAI;IncN	80	0	0	GA	1	48;37163;37897;+;32.5		51;38540;38857;+;63.3	52;38857;41457;+;113.8	52;38857;41457;+;76.4	53;41475;42188;+;105.5	55;42439;43479;+;142.4		56;43698;44396;+;131.9	57;44407;45291;+;159.7	58;45291;46451;+;156.3	59;46493;47488;+;81.2	9;9559;11088;-;38.5		pfam	both	A	7/7	canonical	1	0	unscoreable	3	0	0														not_admitted	not_admitted	not_admitted	not_admitted	not_admitted	not_admitted	not_admitted
NZ_CP020068.1	MPF_F	IncFIB(pNDM-Mar);IncHI1B(pNDM-MAR)	310	0	0	GA	0															not_admitted	not_admitted	not_admitted	not_admitted	not_admitted	not_admitted	not_admitted	not_admitted	not_admitted	not_admitted	1	38;38204;39241;-;282.3	183;161055;162464;+;190.4	182;160028;161065;+;175.7	52;51298;54015;-;149.6	184;162466;166434;+;121.3	56;56128;57498;-;65.6	52;51298;54015;-;85.2	59;59144;60004;-;79.0	39;39238;40599;-;69.9	37;35009;38194;-;59.9	175;150703;152829;-;57.7	53;54060;54797;-;56.9	175;150703;152829;-;41.0	A	9/9	split_2	127457	0	1	
NZ_CP020069.1	MPF_F	IncFIB(K);IncFII(K);IncFII(pAR0022)	212	0	0	GA	0															not_admitted	not_admitted	not_admitted	not_admitted	not_admitted	not_admitted	not_admitted	not_admitted	not_admitted	not_admitted	1	95;86192;87184;+;366.6	105;92720;94087;+;381.2	101;90710;91462;+;233.7	93;82538;85177;+;258.7	106;94087;96936;+;345.6	84;77299;78723;+;89.2	93;82538;85177;+;88.8	82;76006;76572;+;167.0	96;87197;87835;+;67.0	97;87832;89838;+;259.6	110;99422;101734;+;392.7	86;79335;79904;+;49.7	110;99422;101734;+;66.6	A	9/9	contiguous	23416	1	1	96949..97497+;182;unnamed;0
NZ_CP020072.1	MPF_F	IncFIB(K);IncFII(K)	219	0	0	GA	0															not_admitted	not_admitted	not_admitted	not_admitted	not_admitted	not_admitted	not_admitted	not_admitted	not_admitted	not_admitted	1	129;126543;127535;-;366.6	119;119722;121092;-;381.2	123;122294;123046;-;232.4	132;128561;131200;-;258.7	118;116873;119722;-;344.2	141;135015;136439;-;89.2	132;128561;131200;-;88.8	143;137166;137732;-;167.0	128;125892;126530;-;67.0	127;123889;125895;-;259.0	114;112750;115059;-;393.2	139;133834;134403;-;49.7	114;112750;115059;-;65.8	A	9/9	contiguous	24416	1	1	116340..116870-;176;unnamed;0
NZ_CP020078.1	-	-	85	0	0	GA	1	52;45386;45901;-;46.5	83;68269;68598;-;65.8	82;67944;68258;-;30.4	81;65489;67903;-;51.1	81;65489;67903;-;99.0	80;64734;65492;-;34.3	78;62472;63779;-;91.1		77;61768;62442;-;147.4	76;60887;61759;-;159.1	74;59216;60472;-;190.4	69;53456;55078;-;175.5			conjscan	conjscan_only	B	6/7	canonical	1	0	unscoreable	22	0	0														not_admitted	not_admitted	not_admitted	not_admitted	not_admitted	not_admitted	not_admitted
NZ_CP020080.1	MPF_T	-	141	0	0	GA	1	97;110023;110625;-;34.9			94;107024;109354;-;77.8	94;107024;109354;-;51.8	93;106374;107021;-;59.9	91;105157;106113;-;103.1		89;104177;104932;-;142.7	88;103413;104180;-;175.4	87;102227;103420;-;144.6	85;100859;101875;-;97.8	84;99077;100855;-;307.6		pfam	pfam_only	A	7/7	canonical	1	0	unscoreable	5	0	0														not_admitted	not_admitted	not_admitted	not_admitted	not_admitted	not_admitted	not_admitted
NZ_CP020081.1	-	-	116	0	0	GA	1	105;77291;77893;-;36.8	104;76965;77267;-;28.9		102;74146;76575;-;76.7	102;74146;76575;-;46.4	101;73469;74149;-;56.8	100;72465;73466;-;112.9		98;71588;72325;-;156.7	97;70780;71574;-;158.8	96;69590;70780;-;147.7	6;3289;4914;-;163.9	94;66245;68515;-;318.8		pfam	pfam_only	A	7/7	canonical	1	0	unscoreable	2	0	0														not_admitted	not_admitted	not_admitted	not_admitted	not_admitted	not_admitted	not_admitted
NZ_CP020084.1	-	-	159	0	0	GA	0															not_admitted	not_admitted	not_admitted	not_admitted	not_admitted	not_admitted	not_admitted	not_admitted	not_admitted	not_admitted	1	85;77173;78213;+;392.8	91;81874;83316;+;358.1	90;81071;81874;+;231.2	79;72171;74744;+;416.1	92;83329;86115;+;362.3	76;69314;70603;+;97.3	79;72171;74744;+;98.7	74;67945;68511;+;161.9	86;78224;78961;+;101.9	87;78958;80694;+;264.8	158;144669;145793;-;229.3		158;144669;145793;-;59.2	B	8/9	split_2	76724	0	1	
NZ_CP020088.1	MPF_T	IncX1;IncX3	57	0	0	GA	1	29;20432;21079;+;45.2	30;21057;21353;+;77.5	31;21372;24125;+;47.3	31;21372;24125;+;148.0	31;21372;24125;+;73.5	32;24136;24894;+;67.3	34;25191;26321;+;103.0		35;26567;27280;+;120.0	36;27285;28214;+;134.9	37;28211;29416;+;133.4	38;29418;30449;+;77.9	39;30452;32287;+;488.6		pfam	pfam_only	A	7/7	canonical	1	1	unscoreable	1	0	0														not_admitted	not_admitted	not_admitted	not_admitted	not_admitted	not_admitted	not_admitted
NZ_CP020090.1	MPF_T	IncX3	81	0	0	GA	1	76;57622;58266;+;46.4	77;58250;58540;+;73.1	78;58565;61318;+;47.0	78;58565;61318;+;142.4	78;58565;61318;+;73.3	79;61328;62098;+;59.9	0;148;963;+;95.2		1;1158;1886;+;119.4	2;1892;2821;+;138.8	3;2818;4032;+;128.3	5;4228;5262;+;65.7	6;5265;7100;+;495.9		pfam	pfam_only	A	7/7	rearranged	1	1	unscoreable	1	0	0														not_admitted	not_admitted	not_admitted	not_admitted	not_admitted	not_admitted	not_admitted
NZ_CP020097.1	MPF_T	-	53	0	0	GA	1				8;4520;5242;+;27.4									15;10559;12088;+;464.9		none	none	D	2/7	uncallable	0	0	unscoreable	6	0	0														not_admitted	not_admitted	not_admitted	not_admitted	not_admitted	not_admitted	not_admitted
NZ_CP020098.1	MPF_T	-	66	0	0	GA	1				7;6246;7376;-;25.4									2;1181;1690;-;57.5		none	none	D	2/7	uncallable	0	0	unscoreable	5	0	0														not_admitted	not_admitted	not_admitted	not_admitted	not_admitted	not_admitted	not_admitted
NZ_CP020109.1	MPF_F	IncFIB(K);IncFII(K)	188	0	0	GA	0															not_admitted	not_admitted	not_admitted	not_admitted	not_admitted	not_admitted	not_admitted	not_admitted	not_admitted	not_admitted	1	106;93751;94743;+;366.6	116;100194;101564;+;381.2	112;98240;98992;+;232.4	103;90086;92725;+;258.7	117;101564;104413;+;344.2	94;84847;86271;+;89.2	103;90086;92725;+;88.8	92;83554;84120;+;167.0	107;94756;95394;+;67.0	108;95391;97397;+;259.0	121;106227;108536;+;393.2	96;86883;87452;+;49.7	121;106227;108536;+;65.8	A	9/9	contiguous	22673	1	1	104416..104946+;176;unnamed;0
NZ_CP020111.1	MPF_T	IncX3	56	0	0	GA	1	19;17728;18372;-;46.4	18;17454;17744;-;73.1	17;14676;17429;-;47.0	17;14676;17429;-;145.4	17;14676;17429;-;73.3	16;13896;14666;-;60.1	14;12562;13617;-;133.2		13;11639;12367;-;119.4	12;10704;11633;-;138.8	11;9493;10707;-;128.3	9;8263;9297;-;65.7	8;6425;8260;-;495.9		pfam	pfam_only	A	7/7	canonical	1	1	unscoreable	2	0	0														not_admitted	not_admitted	not_admitted	not_admitted	not_admitted	not_admitted	not_admitted
NZ_CP020119.1	MPF_T	IncN	58	0	0	GA	1			2;743;1060;+;63.3	3;1060;3174;+;112.2	3;1060;3174;+;77.2								19;24493;26022;-;38.5		none	none	D	2/7	uncallable	0	0	unscoreable	0	0	0														not_admitted	not_admitted	not_admitted	not_admitted	not_admitted	not_admitted	not_admitted
NZ_CP020332.1	MPF_T	-	257	0	0	GA	1	54;64080;65273;-;80.2	58;68165;68479;-;75.9	57;67861;68139;-;79.8	56;65487;67871;-;90.6	56;65487;67871;-;42.0	53;63286;64083;-;62.3	47;58083;59108;-;128.6		52;62612;63289;-;140.4	51;61902;62615;-;168.2	50;60583;61905;-;172.9	49;59547;60581;-;104.4	43;53725;55707;+;276.7		pfam	both	A	7/7	canonical	1	0	unscoreable	10	0	0														not_admitted	not_admitted	not_admitted	not_admitted	not_admitted	not_admitted	not_admitted
NZ_CP020338.1	MPF_F	IncFII(pHN7A8)	106	0	0	GA	0															not_admitted	not_admitted	not_admitted	not_admitted	not_admitted	not_admitted	not_admitted	not_admitted	not_admitted	not_admitted	1	93;85830;86816;-;355.4	87;80236;81597;-;342.6	89;82229;83008;-;194.4	96;87909;90500;-;215.3	86;77343;80234;-;287.8	101;92089;93453;-;83.1	96;87909;90500;-;88.2	103;94170;94733;-;136.5	91;84840;85454;-;82.6	90;83005;84843;-;259.4	83;73489;75720;-;371.9	97;90511;91110;-;46.6	83;73489;75720;-;68.9	A	9/9	contiguous	20681	1	1	76776..77333-;185;unnamed;0
NZ_CP020340.1	MPF_F	IncFII	102	0	0	GA	0															not_admitted	not_admitted	not_admitted	not_admitted	not_admitted	not_admitted	not_admitted	not_admitted	not_admitted	not_admitted	1	91;64749;65741;-;369.5	81;57597;58970;-;381.7	86;60900;61643;-;234.4	94;66750;69380;-;304.1	80;54778;57600;-;374.0	101;72379;73035;-;74.5	94;66750;69380;-;97.1	2;1549;2007;-;116.0	89;63767;64405;-;68.6	88;61920;63770;-;266.1	76;50227;52506;-;391.0	98;71004;71519;-;78.4	76;50227;52506;-;70.3	A	9/9	split_2	70830	1	1	54277..54756-;159;TraS;0
NZ_CP020341.1	MPF_T	IncX1;IncX3	60	0	0	GA	1	12;8990;9637;-;45.2	11;8713;9012;-;56.9	10;6566;8698;-;47.6	10;6566;8698;-;148.3	10;6566;8698;-;74.1	8;5239;5937;-;69.9			3;3092;3400;-;48.0	1;1853;2356;-;70.0	0;779;1606;-;90.8		58;45464;47299;-;488.6		pfam	pfam_only	C	5/7	uncallable	0	1	unscoreable	5	0	0														not_admitted	not_admitted	not_admitted	not_admitted	not_admitted	not_admitted	not_admitted
NZ_CP020344.1	MPF_T	IncFIB(K)	84	0	0	GA	1	81;76865;77527;+;48.3	82;77538;77837;+;36.6		2;645;2168;+;52.7		3;2306;3022;+;137.0	5;3336;4343;+;137.8		7;4553;5239;+;158.3	10;5815;6123;+;49.3	11;6120;7316;+;134.7	12;7320;8369;+;71.5	19;13107;15014;+;24.3		pfam	pfam_only	A	7/7	canonical	1	0	unscoreable	8	0	0														not_admitted	not_admitted	not_admitted	not_admitted	not_admitted	not_admitted	not_admitted
NZ_CP020374.1	-	-	67	0	0	GA	1		57;40565;40888;+;64.9	58;40901;41194;+;34.2	59;41197;43632;+;72.5	59;41197;43632;+;97.3	60;43648;44406;+;46.5	61;44417;45775;+;90.7		62;45783;46475;+;110.3	63;46475;47329;+;156.4	65;47767;49068;+;213.2	3;2772;4382;+;169.0	20;13838;15721;+;434.1		conjscan	conjscan_only	A	7/7	canonical	1	0	unscoreable	18	0	0														not_admitted	not_admitted	not_admitted	not_admitted	not_admitted	not_admitted	not_admitted
NZ_CP020376.1	MPF_T	IncX4	38	0	0	GA	1	10;4720;5340;+;41.6	11;5354;5680;+;64.4	12;5699;8446;+;63.8	12;5699;8446;+;151.8	12;5699;8446;+;46.1	13;8458;9174;+;94.2	14;9186;10280;+;150.1		16;10795;11481;+;169.0	17;11478;12386;+;142.4	18;12379;13497;+;163.9	19;13499;14527;+;85.0	20;14559;16376;+;314.8		pfam	pfam_only	A	7/7	canonical	1	1	unscoreable	1	0	0														not_admitted	not_admitted	not_admitted	not_admitted	not_admitted	not_admitted	not_admitted
NZ_CP020393.1	-	-	126	0	0	GA	1	51;35044;35739;-;42.6	75;59875;60306;-;48.3	74;59527;59862;-;32.4	73;56928;59516;-;70.4	73;56928;59516;-;95.8	70;55296;56054;-;33.4	68;53109;55070;-;100.7		67;52344;53081;-;92.1	66;51407;52309;-;145.9	65;49983;51404;-;198.2	85;69745;71286;-;192.4	53;36374;38899;-;296.5		conjscan	conjscan_only	A	7/7	canonical	1	0	unscoreable	12	0	0														not_admitted	not_admitted	not_admitted	not_admitted	not_admitted	not_admitted	not_admitted
NZ_CP020416.2	MPF_T	-	45	0	0	GA	1		43;38153;38536;-;70.3	42;37831;38148;-;34.8	41;35270;37834;-;93.3	41;35270;37834;-;98.1	36;31045;31821;-;67.8	35;29203;30810;-;103.7		40;34563;35270;-;142.4	39;33684;34550;-;180.2	37;31834;33273;-;216.1	44;38638;39015;-;68.5	14;11330;13219;+;441.7		conjscan	conjscan_only	A	7/7	canonical	1	0	unscoreable	2	0	0														not_admitted	not_admitted	not_admitted	not_admitted	not_admitted	not_admitted	not_admitted
NZ_CP020444.2	-	-	195	0	0	GA	1	172;167254;167784;-;79.6		170;166644;166913;-;40.8	169;164297;166651;-;64.8	169;164297;166651;-;48.4	166;162262;163041;-;53.5	164;160707;161753;-;82.5		163;160001;160678;-;154.3	162;159298;160008;-;137.4	161;157992;159293;-;176.3	160;157003;157992;-;100.6	159;154943;156970;-;302.0		pfam	pfam_only	A	7/7	canonical	1	0	unscoreable	3	0	0														not_admitted	not_admitted	not_admitted	not_admitted	not_admitted	not_admitted	not_admitted
NZ_CP020475.1	MPF_T	-	194	0	0	GA	1	58;51056;52210;+;73.2	54;47973;48266;+;74.5	55;48259;48537;+;86.6	56;48527;50902;+;84.2	56;48527;50902;+;45.0	59;52210;53019;+;68.6	66;57367;58443;+;127.8		60;53035;53688;+;170.3	61;53691;54386;+;167.7	62;54383;55762;+;183.6	63;55767;56753;+;102.7	70;63304;65304;-;287.5		pfam	both	A	7/7	canonical	1	0	unscoreable	6	0	0														not_admitted	not_admitted	not_admitted	not_admitted	not_admitted	not_admitted	not_admitted
NZ_CP020480.1	-	-	44	0	0	GA	1		33;25690;25947;-;62.2	32;22910;25681;-;73.1	32;22910;25681;-;149.8	32;22910;25681;-;88.5	30;21559;22296;-;75.4	29;20564;21559;-;122.8		26;19552;20211;-;174.8	25;18605;19555;-;154.9	23;17461;18111;-;163.2	21;15894;16883;-;97.2	18;13073;14893;-;365.7		pfam	pfam_only	A	7/7	canonical	1	1	unscoreable	7	0	0														not_admitted	not_admitted	not_admitted	not_admitted	not_admitted	not_admitted	not_admitted
NZ_CP020493.1	MPF_F	IncHI2;IncHI2A;IncQ1	296	0	0	GA	0															not_admitted	not_admitted	not_admitted	not_admitted	not_admitted	not_admitted	not_admitted	not_admitted	not_admitted	not_admitted	1	32;34627;35685;+;276.9	210;190371;191786;-;194.1	211;191776;192822;-;174.3	12;10216;12897;+;168.0	209;186409;190362;-;101.6	8;6531;7886;+;80.7	12;10216;12897;+;72.2	5;4019;4807;+;74.8	30;32974;34485;+;62.0	33;35704;38892;+;57.3	218;199864;201948;+;56.8	11;9257;10207;+;46.1	218;199864;201948;+;38.8	A	9/9	split_3	195845	1	1	184939..186228-;429;unnamed;0
NZ_CP020496.1	MPF_F	IncFIA;IncFIB(AP001918);IncFII(pAMA1167-NDM-5)	131	0	0	GA	0															not_admitted	not_admitted	not_admitted	not_admitted	not_admitted	not_admitted	not_admitted	not_admitted	not_admitted	not_admitted	1	111;106770;106988;-;32.3			113;107319;109646;-;304.3		119;111531;112982;-;94.1	113;107319;109646;-;96.5	121;113697;114263;-;184.3			113;107319;109646;-;22.4	116;110162;110677;-;75.2		D	4/9	contiguous	6927	0	0	
NZ_CP020499.1	MPF_F	IncFIB(K);IncFII(K)	184	0	0	GA	0															not_admitted	not_admitted	not_admitted	not_admitted	not_admitted	not_admitted	not_admitted	not_admitted	not_admitted	not_admitted	1	154;141551;142543;+;366.6	164;147994;149364;+;381.2	160;146040;146792;+;232.4	151;137886;140525;+;258.7	165;149364;152213;+;344.2	142;132647;134071;+;89.2	151;137886;140525;+;88.8	140;131354;131920;+;167.0	155;142556;143194;+;67.0	156;143191;145197;+;259.0	169;154027;156336;+;393.2	144;134683;135252;+;49.7	169;154027;156336;+;65.8	A	9/9	contiguous	22673	1	1	152216..152746+;176;unnamed;0
NZ_CP020505.1	MPF_T	IncX5	54	0	0	GA	1	19;13557;14201;+;36.9	20;14185;14475;+;69.0	21;14497;17256;+;42.6	21;14497;17256;+;132.2	21;14497;17256;+;70.5	22;17264;18013;+;54.3	24;18292;19347;+;135.2		25;19587;20315;+;120.9	26;20320;21249;+;134.2	27;21246;22457;+;136.9	28;22469;23512;+;64.1	29;23515;25350;+;504.8		pfam	pfam_only	A	7/7	canonical	1	1	unscoreable	1	0	0														not_admitted	not_admitted	not_admitted	not_admitted	not_admitted	not_admitted	not_admitted
NZ_CP020506.1	MPF_F	IncFIB(pB171);IncFII(K);IncFII(pAR0022);IncR	237	0	0	GA	0															not_admitted	not_admitted	not_admitted	not_admitted	not_admitted	not_admitted	not_admitted	not_admitted	not_admitted	not_admitted	1	138;126973;127962;+;366.6	148;133447;134817;+;384.6	144;131499;132251;+;232.9	134;122877;125516;+;258.5	149;134817;137639;+;346.4	127;118050;119474;+;89.3	134;122877;125516;+;87.8	125;116757;117323;+;169.3	139;127975;128613;+;66.0	140;128672;130627;+;259.7	153;139608;141920;+;393.1	128;119548;120132;+;54.4	153;139608;141920;+;66.6	A	9/9	contiguous	22851	1	1	137663..138265+;200;TraS;0
NZ_CP020508.1	MPF_F	IncFIB(pB171);IncFII(K);IncFII(pAR0022);IncR	239	0	0	GA	0															not_admitted	not_admitted	not_admitted	not_admitted	not_admitted	not_admitted	not_admitted	not_admitted	not_admitted	not_admitted	1	61;61259;62248;-;366.6	51;54404;55774;-;384.6	55;56970;57722;-;232.9	65;63705;66344;-;258.5	50;51582;54404;-;346.4	72;69748;71172;-;89.3	65;63705;66344;-;87.8	74;71899;72465;-;169.3	60;60608;61246;-;66.0	59;58594;60549;-;259.7	46;47301;49613;-;393.1	71;69089;69673;-;54.4	46;47301;49613;-;66.6	A	9/9	contiguous	24598	1	1	50956..51558-;200;TraS;0
NZ_CP020510.1	MPF_F	IncFIB(AP001918);IncFII	131	0	0	GA	0															not_admitted	not_admitted	not_admitted	not_admitted	not_admitted	not_admitted	not_admitted	not_admitted	not_admitted	not_admitted	1	103;84398;85390;+;369.3	111;90125;91498;+;381.0	107;88161;88904;+;235.0	100;80759;83389;+;303.5	112;91495;94317;+;388.9	89;72869;74296;+;94.7	100;80759;83389;+;98.5	87;71588;72154;+;183.8	104;85399;86037;+;68.7	105;86034;87884;+;265.1	116;96592;98763;+;391.8	92;75180;75695;+;76.4	116;96592;98763;+;70.4	A	9/9	contiguous	25004	1	1	94339..94818+;159;TraS;0
NZ_CP020512.1	MPF_T	IncX3	60	0	0	GA	1	29;19040;19684;+;46.4	30;19668;19958;+;73.1	31;19983;22736;+;47.0	31;19983;22736;+;142.4	31;19983;22736;+;73.3	32;22746;23516;+;60.1	35;23989;24849;+;101.3		36;25044;25772;+;119.4	37;25778;26707;+;138.8	38;26704;27918;+;128.3	40;28114;29148;+;65.7	41;29151;30986;+;495.9		pfam	pfam_only	A	7/7	canonical	1	1	unscoreable	2	0	0														not_admitted	not_admitted	not_admitted	not_admitted	not_admitted	not_admitted	not_admitted
NZ_CP020515.1	MPF_F	IncFIA;IncFIB(AP001918);IncFII	176	0	0	GA	0															not_admitted	not_admitted	not_admitted	not_admitted	not_admitted	not_admitted	not_admitted	not_admitted	not_admitted	not_admitted	1	41;38763;39755;-;371.6	31;31990;33363;-;388.1	37;35291;36034;-;235.0	44;40764;43391;-;303.5	30;29168;31993;-;384.7	50;45550;46977;-;91.9	44;40764;43391;-;99.0	52;47692;48258;-;182.9	40;38116;38754;-;64.9	39;36311;38119;-;268.3	27;25503;27665;-;391.6	45;43907;44422;-;76.4	27;25503;27665;-;70.4	A	9/9	contiguous	22189	1	1	28662..29171-;169;unnamed;0
NZ_CP020517.1	MPF_F	IncFII	119	0	0	GA	0															not_admitted	not_admitted	not_admitted	not_admitted	not_admitted	not_admitted	not_admitted	not_admitted	not_admitted	not_admitted	1	88;83974;84966;-;369.5	78;76822;78195;-;381.7	83;80125;80868;-;234.4	91;85975;88605;-;304.1	77;74003;76825;-;374.0	98;91604;93055;-;94.2	91;85975;88605;-;97.1	100;93770;94336;-;174.3	86;82992;83630;-;68.6	85;81145;82995;-;266.1	73;69470;71731;-;391.1	95;90229;90744;-;78.4	73;69470;71731;-;70.3	A	9/9	contiguous	24300	1	1	73502..73981-;159;TraS;0
NZ_CP020519.1	MPF_F	IncFIA;IncFIB(AP001918);IncFII(pAMA1167-NDM-5)	130	0	0	GA	0															not_admitted	not_admitted	not_admitted	not_admitted	not_admitted	not_admitted	not_admitted	not_admitted	not_admitted	not_admitted	1	94;88183;88401;-;32.3			96;88732;91059;-;304.3		102;92944;94395;-;94.1	96;88732;91059;-;96.5	104;95110;95676;-;184.3			96;88732;91059;-;22.4	99;91575;92090;-;75.2		D	4/9	contiguous	6927	0	0	
NZ_CP020523.1	MPF_F	IncFII(K);repB(R1701)	144	0	0	GA	0															not_admitted	not_admitted	not_admitted	not_admitted	not_admitted	not_admitted	not_admitted	not_admitted	not_admitted	not_admitted	1	103;69802;70791;+;366.0	113;76282;77652;+;380.7	109;74328;75080;+;230.7	99;65720;68359;+;258.5	114;77652;80495;+;346.5	90;61038;62462;+;89.2	99;65720;68359;+;88.7	88;59745;60311;+;169.3	104;70804;71442;+;67.0	105;71501;73456;+;259.7	118;83080;85392;+;392.8	91;62576;63160;+;55.4	118;83080;85392;+;65.9	A	9/9	contiguous	23335	1	1	80506..81030+;174;unnamed;0
NZ_CP020524.1	MPF_F	IncC	212	0	0	GA	0															not_admitted	not_admitted	not_admitted	not_admitted	not_admitted	not_admitted	not_admitted	not_admitted	not_admitted	not_admitted	1	193;159523;160530;+;332.9	85;76188;77621;+;339.2	84;75158;76186;+;221.7	188;154324;156771;+;354.2	86;77634;81248;+;375.3	179;141013;142329;+;135.0	188;154324;156771;+;128.6	177;139489;140115;+;92.1	191;157593;158858;+;67.6	194;160646;163441;+;145.3	168;133814;135679;+;47.4	180;142326;142904;+;100.2	168;133814;135679;+;52.0	A	9/9	split_2	85488	0	1	
NZ_CP020539.1	MPF_T	-	932	0	0	GA	1	618;626048;626716;-;44.6	617;625713;626051;-;78.3	616;625366;625716;-;85.4	615;622962;625373;-;157.5	615;622962;625373;-;118.7	614;622242;622958;-;195.3	612;621077;622021;-;126.0		611;620044;620742;-;172.2	610;619190;620047;-;196.8	609;617963;619186;-;185.2	447;439084;440418;-;205.0	607;615010;616971;-;335.8	759;751063;752154;+;88.5	pfam	both	A	7/7	canonical	1	0	unscoreable	1	0	0														not_admitted	not_admitted	not_admitted	not_admitted	not_admitted	not_admitted	not_admitted
NZ_CP020540.1	MPF_F	-	300	0	0	GA	0															not_admitted	not_admitted	not_admitted	not_admitted	not_admitted	not_admitted	not_admitted	not_admitted	not_admitted	not_admitted	1	83;86741;87760;-;395.5	78;80847;82313;-;364.3	79;82313;83173;-;233.7	89;90180;92762;-;468.1	77;78071;80836;-;354.9	92;94406;95722;-;107.0	89;90180;92762;-;99.3	94;96525;97088;-;182.6	82;85960;86709;-;108.4	80;83154;85289;-;228.5	270;283017;285314;+;532.9	90;92762;93553;-;22.7	270;283017;285314;+;64.4	A	9/9	split_2	204946	0	1	
NZ_CP020546.1	MPF_F	IncFIB(AP001918);IncFII	138	0	0	GA	0															not_admitted	not_admitted	not_admitted	not_admitted	not_admitted	not_admitted	not_admitted	not_admitted	not_admitted	not_admitted	1	81;79775;80767;+;369.3	90;85826;87202;+;381.0	85;83496;84239;+;233.4	78;76139;78766;+;306.4	91;87199;89709;+;387.9	72;72657;74084;+;94.3	78;76139;78766;+;98.5	70;71376;71942;+;183.0	82;80776;81414;+;68.7	83;81411;83219;+;267.9	95;91558;93711;+;391.8	76;75108;75623;+;77.3	95;91558;93711;+;70.4	A	9/9	contiguous	20182	1	1	89792..90025+;77;unnamed;0
NZ_CP020548.1	MPF_T	IncI2(Delta)	74	0	0	GA	1	69;56807;57289;+;81.1		54;40916;41200;+;36.6	55;41206;43563;+;58.5	55;41206;43563;+;44.9	45;35460;36104;+;41.0	44;34459;35454;+;123.9		57;43729;44463;+;144.3	58;44460;45230;+;170.5	59;45220;46359;+;154.7	66;53490;55028;+;207.1	61;47449;49407;+;289.6		pfam	pfam_only	A	7/7	rearranged	1	0	unscoreable	14	0	0														not_admitted	not_admitted	not_admitted	not_admitted	not_admitted	not_admitted	not_admitted
NZ_CP020561.2	-	-	74	0	0	GA	1	44;21385;22092;+;34.8		46;22422;22820;+;24.6	47;22774;25209;+;71.6			52;26487;27452;+;119.8		54;27972;28598;+;122.9	55;28595;29404;+;146.3	56;29480;30826;+;140.0	57;30836;31870;+;62.2	60;33079;34470;+;236.2		none	none	A	7/7	canonical	0	0	unscoreable	8	0	0														not_admitted	not_admitted	not_admitted	not_admitted	not_admitted	not_admitted	not_admitted
NZ_CP020573.1	MPF_F	-	101	0	0	GA	0															not_admitted	not_admitted	not_admitted	not_admitted	not_admitted	not_admitted	not_admitted	not_admitted	not_admitted	not_admitted	1	0;21;1064;-;369.2	96;68856;70283;-;325.8	98;70681;71493;-;219.1	4;2626;5352;-;164.6	95;65838;68840;-;208.7	8;7034;8350;-;102.7	4;2626;5352;-;108.4	10;9063;9641;-;82.6	100;73540;74217;-;107.7	99;71486;73543;-;92.2	28;21234;23393;-;381.4	5;5362;6006;-;41.9	28;21234;23393;-;89.7	A	9/9	split_2	73519	1	1	65248..65766-;172;unnamed;0
NZ_CP020577.1	MPF_F	-	102	0	0	GA	0															not_admitted	not_admitted	not_admitted	not_admitted	not_admitted	not_admitted	not_admitted	not_admitted	not_admitted	not_admitted	1	0;403;1446;-;369.2	97;68261;69688;-;325.8	99;70086;70898;-;219.1	4;3008;5734;-;164.6	96;65243;68245;-;208.7	8;7416;8732;-;102.7	4;3008;5734;-;108.4	10;9445;10023;-;82.6	101;72945;73238;-;59.4	100;70891;72948;-;92.2	28;20584;22743;-;381.4	5;5744;6388;-;41.9	28;20584;22743;-;89.7	A	9/9	split_2	72542	1	1	64653..65171-;172;unnamed;0
NZ_CP020580.1	MPF_F	-	112	0	0	GA	0															not_admitted	not_admitted	not_admitted	not_admitted	not_admitted	not_admitted	not_admitted	not_admitted	not_admitted	not_admitted	1	1;1004;2047;-;369.2	108;86571;87998;-;325.8	110;88396;89208;-;219.1	5;3609;6335;-;164.6	107;83553;86555;-;208.7	9;8017;9333;-;102.7	5;3609;6335;-;108.4	11;10046;10624;-;82.6	0;282;989;-;107.6	111;89201;90967;-;93.8	29;21185;23344;-;381.4	6;6345;6989;-;41.9	29;21185;23344;-;89.7	A	9/9	split_2	88919	1	1	82963..83481-;172;unnamed;0
NZ_CP020582.1	MPF_F	-	111	0	0	GA	0															not_admitted	not_admitted	not_admitted	not_admitted	not_admitted	not_admitted	not_admitted	not_admitted	not_admitted	not_admitted	1	54;52826;53869;-;369.2	49;47420;48847;-;325.8	51;49245;50057;-;219.1	58;55431;58157;-;164.6	48;44402;47404;-;208.7	62;59839;61155;-;102.7	58;55431;58157;-;108.4	64;61868;62446;-;82.6	53;52104;52811;-;107.6	52;50050;52107;-;92.2	82;73007;75166;-;381.4	59;58167;58811;-;41.9	82;73007;75166;-;89.7	A	9/9	contiguous	28605	1	1	43812..44330-;172;unnamed;0
NZ_CP020589.1	MPF_F	-	99	0	0	GA	0															not_admitted	not_admitted	not_admitted	not_admitted	not_admitted	not_admitted	not_admitted	not_admitted	not_admitted	not_admitted	1	5;4651;5694;+;369.2	10;9673;11100;+;325.8	8;8463;9275;+;219.1	1;363;3089;+;164.6	11;11116;14118;+;208.7	96;69441;70757;+;102.7	1;363;3089;+;108.4	94;68150;68728;+;82.6	6;5709;6416;+;107.6	7;6413;8470;+;92.2	76;55430;57589;+;381.4		76;55430;57589;+;89.7	B	8/9	split_2	69078	1	1	14190..14708+;172;unnamed;0
NZ_CP020593.1	MPF_F	-	100	0	0	GA	0															not_admitted	not_admitted	not_admitted	not_admitted	not_admitted	not_admitted	not_admitted	not_admitted	not_admitted	not_admitted	1	73;50824;51867;+;369.2	78;55846;57273;+;325.8	76;54636;55448;+;219.1	69;46536;49262;+;164.6	79;57289;60291;+;208.7	65;43538;44854;+;102.7	69;46536;49262;+;108.4	63;42247;42825;+;82.6	74;51882;52589;+;107.6	75;52586;54643;+;92.2	45;28495;30654;+;381.4	68;45882;46526;+;41.9	45;28495;30654;+;89.7	A	9/9	contiguous	28794	1	1	60363..60881+;172;unnamed;0
NZ_CP020594.1	MPF_F	-	129	0	0	GA	0															not_admitted	not_admitted	not_admitted	not_admitted	not_admitted	not_admitted	not_admitted	not_admitted	not_admitted	not_admitted	1	17;13159;14202;+;369.2	22;18185;19612;+;325.8	20;16971;17783;+;219.1	13;8871;11597;+;164.6	23;19628;22630;+;208.7	9;5873;7189;+;102.7	13;8871;11597;+;108.1	7;4582;5160;+;83.7	18;14217;14924;+;107.6	19;14921;16978;+;91.0	94;69072;71231;+;381.3	12;8217;8861;+;41.9	94;69072;71231;+;90.0	A	9/9	split_2	64490	1	1	22702..23220+;172;unnamed;0
NZ_CP020602.1	-	-	43	0	0	GA	1	15;12342;13238;+;45.1	40;34467;34958;-;68.0	39;34153;34467;-;51.1	38;31632;34139;-;96.4	38;31632;34139;-;113.1	37;30875;31663;-;47.5	35;28949;30667;-;86.7		33;27852;28550;-;122.8	32;26914;27852;-;162.6	30;24997;26457;-;205.5	41;34970;35953;-;135.1	13;9824;11782;+;354.4		conjscan	conjscan_only	A	7/7	canonical	1	0	unscoreable	5	0	0														not_admitted	not_admitted	not_admitted	not_admitted	not_admitted	not_admitted	not_admitted
NZ_CP020696.1	MPF_T	-	129	0	0	GA	1	42;41829;42983;-;72.8	46;45773;46168;-;73.1	45;45502;45822;-;88.9	44;43137;45512;-;86.2	44;43137;45512;-;50.3	41;41020;41832;-;68.7	34;35597;36673;-;128.9		40;40349;41002;-;170.9	39;39651;40346;-;165.4	38;38275;39654;-;183.0	37;37284;38270;-;103.6	29;27988;29988;+;289.4		pfam	both	A	7/7	canonical	1	0	unscoreable	7	0	0														not_admitted	not_admitted	not_admitted	not_admitted	not_admitted	not_admitted	not_admitted
NZ_CP020697.1	-	-	98	0	0	GA	1	59;65783;66889;-;71.3	63;69754;70035;-;89.9	62;69460;69738;-;63.1	61;67092;69470;-;76.1	61;67092;69470;-;45.7	58;65019;65786;-;61.8	56;63571;64584;-;119.1		55;62873;63541;-;182.2	54;62133;62867;-;175.7	53;60706;62130;-;170.2	52;59717;60706;-;114.6	39;45075;46988;+;293.5		pfam	pfam_only	A	7/7	canonical	1	0	unscoreable	2	0	0														not_admitted	not_admitted	not_admitted	not_admitted	not_admitted	not_admitted	not_admitted
NZ_CP020740.1	MPF_T	-	178	0	0	GA	1	92;85833;86258;-;75.7	37;38443;38823;-;28.4		35;35665;38142;-;65.7	35;35665;38142;-;80.2		32;33682;34692;-;48.5		97;90495;91211;-;79.0	96;89623;90498;-;147.7	95;88341;89615;-;130.3	87;79510;81771;-;143.3	30;30474;32342;-;34.2		none	none	A	7/7	canonical	0	0	unscoreable	9	0	0														not_admitted	not_admitted	not_admitted	not_admitted	not_admitted	not_admitted	not_admitted
NZ_CP020775.1	MPF_T	-	50	0	0	GA	1		26;25147;25368;+;46.1	27;25381;28149;+;73.3	27;25381;28149;+;175.0	27;25381;28149;+;84.1	33;30555;31541;+;85.2	34;31545;32537;+;112.0		36;32684;33343;+;177.9	37;33340;34233;+;162.1	38;34243;35424;+;165.3	39;35405;36412;+;94.4	40;36413;38224;+;344.8		pfam	pfam_only	A	7/7	canonical	1	1	unscoreable	6	0	0														not_admitted	not_admitted	not_admitted	not_admitted	not_admitted	not_admitted	not_admitted
NZ_CP020836.1	MPF_T	IncX1	45	0	0	GA	1	35;27069;27716;+;47.0	36;27694;27990;+;77.5	37;28009;30762;+;46.6	37;28009;30762;+;148.6	37;28009;30762;+;71.6	38;30773;31531;+;67.3	40;31828;32958;+;103.0		41;33203;33916;+;119.7	42;33921;34850;+;133.8	43;34847;36052;+;131.0	44;36054;37085;+;79.0	0;275;1561;+;384.9		pfam	pfam_only	A	7/7	canonical	1	1	unscoreable	1	0	0														not_admitted	not_admitted	not_admitted	not_admitted	not_admitted	not_admitted	not_admitted
NZ_CP020838.1	MPF_F	IncFIB(K);IncFII(K)	249	0	0	GA	0															not_admitted	not_admitted	not_admitted	not_admitted	not_admitted	not_admitted	not_admitted	not_admitted	not_admitted	not_admitted	1	103;108063;109055;-;366.6	93;101242;102612;-;381.2	97;103814;104566;-;232.4	106;110081;112720;-;258.7	92;98393;101242;-;344.2	115;116535;117959;-;89.2	106;110081;112720;-;88.8	117;118686;119252;-;167.0	102;107412;108050;-;67.0	101;105409;107415;-;259.0	88;94270;96579;-;393.2	113;115354;115923;-;49.7	88;94270;96579;-;65.8	A	9/9	contiguous	24416	1	1	97860..98390-;176;unnamed;0
NZ_CP020839.1	MPF_T	IncX3	76	0	0	GA	1	47;33169;33813;+;46.4	48;33797;34087;+;73.1	49;34112;36865;+;47.0	49;34112;36865;+;145.4	49;34112;36865;+;73.3	50;36875;37645;+;60.1	52;37924;38979;+;133.2		53;39174;39674;+;79.9	55;39907;40836;+;138.8	56;40833;42047;+;128.3	58;42243;43277;+;65.7	59;43280;45115;+;495.9		pfam	pfam_only	A	7/7	canonical	1	1	unscoreable	2	0	0														not_admitted	not_admitted	not_admitted	not_admitted	not_admitted	not_admitted	not_admitted
NZ_CP020842.1	MPF_F	IncFIB(K);IncFII(K)	192	0	0	GA	0															not_admitted	not_admitted	not_admitted	not_admitted	not_admitted	not_admitted	not_admitted	not_admitted	not_admitted	not_admitted	1	138;139333;140325;-;366.6	128;132512;133882;-;381.2	132;135084;135836;-;232.4	141;141351;143990;-;258.7	127;129663;132512;-;342.4	150;147805;149229;-;89.2	141;141351;143990;-;88.8	152;149956;150522;-;167.0	137;138682;139320;-;67.0	136;136679;138685;-;259.0	123;125540;127849;-;393.2	148;146624;147193;-;49.7	123;125540;127849;-;65.8	A	9/9	contiguous	24416	1	1	129130..129660-;176;unnamed;0
NZ_CP020843.1	MPF_F	IncFII(K);repB(R1701)	119	0	0	GA	0															not_admitted	not_admitted	not_admitted	not_admitted	not_admitted	not_admitted	not_admitted	not_admitted	not_admitted	not_admitted	1	102;84711;85700;-;366.6	92;77797;79164;-;384.0	96;80422;81174;-;233.7	1;1283;3574;-;258.9	91;74948;77797;-;346.4	7;6973;8397;-;89.3	106;87143;89782;-;88.8	9;9124;9690;-;169.3	101;84060;84698;-;67.0	100;82046;84001;-;259.7	87;70175;72487;-;393.1	6;6317;6901;-;54.7	87;70175;72487;-;66.6	A	9/9	split_2	85860	1	1	74328..74945-;205;unnamed;0
NZ_CP020848.1	MPF_F	IncFIB(pNDM-Mar);IncHI1B(pNDM-MAR)	390	0	0	GA	0															not_admitted	not_admitted	not_admitted	not_admitted	not_admitted	not_admitted	not_admitted	not_admitted	not_admitted	not_admitted	1	218;202117;203154;-;282.3	20;21043;22452;+;190.4	19;20016;21053;+;175.7	231;213985;216702;-;149.6	21;22454;26422;+;121.3	235;218815;220185;-;65.6	231;213985;216702;-;84.1	238;221831;222691;-;79.0	219;203151;204512;-;69.9	217;198922;202107;-;59.2	12;10691;12817;-;57.7	232;216747;217484;-;60.0	12;10691;12817;-;41.0	A	9/9	split_2	211140	0	1	
NZ_CP020851.1	MPF_F	IncFIA(HI1);IncFII(pKP91)	180	0	0	GA	0															not_admitted	not_admitted	not_admitted	not_admitted	not_admitted	not_admitted	not_admitted	not_admitted	not_admitted	not_admitted	1	138;119281;120273;+;363.2	148;125837;127204;+;382.8	144;123827;124579;+;233.7	135;115616;118255;+;259.1	149;127204;130026;+;344.3	125;110384;111808;+;88.4	135;115616;118255;+;83.9	123;109091;109657;+;168.4	139;120286;120924;+;64.4	140;120983;122938;+;255.3	3;1521;3812;+;392.7	127;112420;112989;+;54.4	3;1521;3812;+;66.6	A	9/9	split_2	125683	1	1	130050..130652+;200;TraS;0
NZ_CP020854.1	MPF_F	IncFIB(pNDM-Mar);IncHI1B(pNDM-MAR)	329	0	0	GA	0															not_admitted	not_admitted	not_admitted	not_admitted	not_admitted	not_admitted	not_admitted	not_admitted	not_admitted	not_admitted	1	148;134665;135702;-;282.3	316;276546;277955;+;190.4	315;275519;276556;+;175.7	162;147759;150476;-;149.6	317;277957;281925;+;121.3	166;152589;153959;-;65.6	162;147759;150476;-;85.2	169;155605;156465;-;79.0	149;135699;137060;-;69.9	147;131470;134655;-;59.9	308;266194;268320;-;57.7	163;150521;151258;-;56.9	308;266194;268320;-;41.0	A	9/9	split_2	146487	0	1	
NZ_CP020855.1	MPF_F	IncFIB(K);IncFII(K);IncFII(pAR0022)	233	0	0	GA	0															not_admitted	not_admitted	not_admitted	not_admitted	not_admitted	not_admitted	not_admitted	not_admitted	not_admitted	not_admitted	1	50;32362;33354;+;366.6	60;38890;40257;+;381.2	56;36880;37632;+;233.7	47;28709;30403;+;260.1	61;40257;43106;+;345.6	38;23471;24895;+;89.2	48;30403;31347;+;44.7	36;22178;22744;+;167.0	51;33367;34005;+;67.0	52;34002;36008;+;259.6	66;45591;47903;+;392.7	40;25506;26075;+;49.7	66;45591;47903;+;66.6	A	9/9	contiguous	23413	1	1	43119..43667+;182;unnamed;0
NZ_CP020871.1	MPF_T	-	40	0	0	GA	1		34;31376;31768;-;60.3	33;31053;31373;-;47.6	32;28501;31065;-;102.4	32;28501;31065;-;112.2	27;24192;24977;-;101.3	25;22462;23859;-;110.5		31;27788;28504;-;92.1	30;26881;27771;-;169.6	28;24996;26396;-;206.7	35;31781;32743;-;138.6	11;8966;10900;+;467.5		conjscan	conjscan_only	A	7/7	canonical	1	0	unscoreable	3	0	0														not_admitted	not_admitted	not_admitted	not_admitted	not_admitted	not_admitted	not_admitted
NZ_CP020884.1	MPF_T	-	57	0	0	GA	1	6;8173;8763;-;62.8	54;44480;44794;-;80.9	53;44212;44478;-;39.2	52;41580;44147;-;35.3	52;41580;44147;-;110.7	51;40776;41561;-;57.0	49;38353;39834;-;90.6		48;37637;38347;-;126.4	47;36618;37610;-;167.8	46;35250;36602;-;211.8	55;44873;45877;-;119.4	4;3684;5741;-;351.4		conjscan	conjscan_only	A	7/7	canonical	1	0	unscoreable	3	0	0														not_admitted	not_admitted	not_admitted	not_admitted	not_admitted	not_admitted	not_admitted
NZ_CP020887.1	-	-	69	0	0	GA	1	42;39088;39897;+;45.2	44;40242;40538;+;39.1	45;40554;40886;+;84.6	46;40876;43488;+;118.6	46;40876;43488;+;87.3	48;43643;44347;+;147.9	50;44811;45800;+;110.3		52;46014;46700;+;129.4	53;46710;47513;+;199.9	54;47510;48742;+;180.0	55;48771;49775;+;77.5	59;54929;56449;-;72.7		pfam	both	A	7/7	canonical	1	0	unscoreable	7	0	0														not_admitted	not_admitted	not_admitted	not_admitted	not_admitted	not_admitted	not_admitted
NZ_CP020891.1	MPF_T	-	58	0	0	GA	1	0;272;721;+;63.9	11;11997;12311;+;80.9	12;12313;12579;+;39.2	13;12644;15211;+;35.3	13;12644;15211;+;110.7	14;15230;16015;+;57.0	16;16957;18438;+;90.6		17;18444;19154;+;126.4	18;19181;20173;+;167.8	19;20189;21541;+;211.8	10;10914;11918;+;119.4	3;4023;6080;+;351.4		conjscan	conjscan_only	A	7/7	canonical	1	0	unscoreable	9	0	0														not_admitted	not_admitted	not_admitted	not_admitted	not_admitted	not_admitted	not_admitted
NZ_CP020895.2	MPF_F	-	106	0	0	GA	0															not_admitted	not_admitted	not_admitted	not_admitted	not_admitted	not_admitted	not_admitted	not_admitted	not_admitted	not_admitted	1	74;69974;70921;+;357.6	79;74665;76047;+;322.3	77;73435;74181;+;148.9	71;66425;68974;+;181.1	80;76044;78929;+;233.6	70;64710;66176;+;45.2	71;66425;68974;+;88.9	68;63382;63942;+;102.6	75;70933;71598;+;76.7	76;71591;73402;+;211.3	82;79634;81487;+;398.6		82;79634;81487;+;81.8	B	8/9	contiguous	16252	1	1	78889..79545+;218;unnamed;0
NZ_CP020898.1	MPF_T	-	365	0	0	GA	1	111;127299;127958;+;22.6	112;127955;128254;+;92.1	113;128260;128598;+;102.8	114;128591;130957;+;170.4	114;128591;130957;+;109.2	115;130954;131655;+;203.3	117;131889;132821;+;170.9		119;133144;133815;+;213.1	120;133812;134669;+;182.4	121;134678;135850;+;184.8	122;135859;136887;+;112.6	133;144514;146433;-;333.9		pfam	both	A	7/7	canonical	1	0	unscoreable	12	0	0														not_admitted	not_admitted	not_admitted	not_admitted	not_admitted	not_admitted	not_admitted
NZ_CP020902.1	MPF_F	IncFIB(pNDM-Mar);IncFII(K);IncFII(pAR0022);IncHI1B(pNDM-MAR);IncR	377	0	0	GA	0															not_admitted	not_admitted	not_admitted	not_admitted	not_admitted	not_admitted	not_admitted	not_admitted	not_admitted	not_admitted	1	64;60307;61344;+;282.3	307;282490;283899;-;190.4	308;283889;284926;-;175.7	52;46758;49475;+;149.6	306;278520;282488;-;121.3	48;43275;44645;+;65.6	52;46758;49475;+;85.2	45;40769;41629;+;79.0	63;58949;60310;+;69.9	65;61354;64539;+;59.9	183;174685;176214;-;272.0	51;45976;46713;+;56.9	183;174685;176214;-;69.1	A	9/9	split_3	243120	0	1	
NZ_CP020903.1	MPF_F	IncFIB(K);IncFII(K);IncFII(pAR0022)	227	0	0	GA	0															not_admitted	not_admitted	not_admitted	not_admitted	not_admitted	not_admitted	not_admitted	not_admitted	not_admitted	not_admitted	1	195;163725;164408;+;191.5	206;170260;171627;+;384.1	202;168250;169002;+;233.7	191;159629;162268;+;258.5	207;171627;174449;+;346.4	179;154317;155387;+;39.3	191;159629;162268;+;88.7	177;153024;153590;+;167.0	197;164726;165364;+;66.9	198;165423;167378;+;259.4	211;177065;179374;+;393.1	183;156351;156920;+;49.7	211;177065;179374;+;66.6	A	9/9	contiguous	24041	1	1	174472..175074+;200;TraS;0
NZ_CP020904.1	MPF_F	IncFIB(pQil);IncFII(K)	143	0	0	GA	0															not_admitted	not_admitted	not_admitted	not_admitted	not_admitted	not_admitted	not_admitted	not_admitted	not_admitted	not_admitted	1	35;21309;22301;+;366.6	45;27752;29122;+;381.2	41;25798;26550;+;232.4	32;17644;20283;+;258.7	46;29122;31971;+;344.2	23;12750;13829;+;89.8	32;17644;20283;+;88.8	20;11113;11679;+;167.0	36;22314;22952;+;67.0	37;22949;24955;+;259.0	50;33785;36094;+;393.2	25;14441;15010;+;49.7	50;33785;36094;+;65.8	A	9/9	contiguous	22672	1	1	31974..32504+;176;unnamed;0
NZ_CP020905.1	-	IncFII(pCRY)	55	0	0	GA	1	39;26027;26716;-;46.7		37;25319;25693;-;34.1	36;22852;25362;-;76.2		35;22187;22855;-;61.9	33;20849;21781;-;127.0		31;19849;20652;-;102.2	30;19028;19852;-;148.5	29;17752;19041;-;142.3	27;16287;17363;-;57.3	25;14327;15937;-;220.4		pfam	pfam_only	A	7/7	canonical	1	0	unscoreable	5	0	0														not_admitted	not_admitted	not_admitted	not_admitted	not_admitted	not_admitted	not_admitted
NZ_CP020910.1	MPF_T	-	553	0	0	GA	1		547;537129;537494;-;72.7	546;536837;537136;-;64.2	545;534371;536827;-;175.0	545;534371;536827;-;121.2	544;533596;534399;-;42.3	542;532245;533423;-;110.8		541;531558;532220;-;132.6	540;530728;531540;-;187.6	538;528977;530278;-;213.6	548;537484;538461;-;127.0	526;517639;519615;-;544.7		conjscan	conjscan_only	A	7/7	canonical	1	0	unscoreable	14	0	0														not_admitted	not_admitted	not_admitted	not_admitted	not_admitted	not_admitted	not_admitted
NZ_CP020911.1	MPF_T	-	907	0	0	GA	1		282;301513;301812;-;91.4	281;301169;301507;-;101.9	280;298810;301176;-;175.6	280;298810;301176;-;109.5	279;298112;298813;-;203.9	277;296947;297879;-;171.4		275;295955;296626;-;208.9	274;295101;295958;-;185.5	273;293917;295092;-;176.4	272;292877;293908;-;113.2	262;284942;286861;+;328.9		pfam	both	A	7/7	canonical	1	0	unscoreable	11	0	0														not_admitted	not_admitted	not_admitted	not_admitted	not_admitted	not_admitted	not_admitted
NZ_CP020913.1	MPF_F	IncC	145	0	0	GA	0															not_admitted	not_admitted	not_admitted	not_admitted	not_admitted	not_admitted	not_admitted	not_admitted	not_admitted	not_admitted	1	92;67976;68983;+;332.9	135;109770;111203;+;339.2	134;108740;109768;+;221.7	87;62777;65224;+;354.2	136;111216;114830;+;375.3	82;53950;55266;+;135.0	87;62777;65224;+;128.6	80;52426;53052;+;92.1	90;66046;67311;+;67.6	93;69099;71894;+;145.3	71;46751;48616;+;47.4	83;55263;55841;+;100.2	71;46751;48616;+;52.0	A	9/9	split_2	64465	0	1	
NZ_CP020923.1	MPF_F	IncFIB(S);IncFII(S);IncFII(pAR0022)	148	0	0	GA	0															not_admitted	not_admitted	not_admitted	not_admitted	not_admitted	not_admitted	not_admitted	not_admitted	not_admitted	not_admitted	1	45;40568;41560;-;366.7	36;33938;35320;-;392.4	39;36352;37101;-;231.0	48;42547;45195;-;314.1	35;31119;33941;-;394.4	56;47728;49149;-;91.5	48;42547;45195;-;97.8	58;49876;50442;-;188.1	43;39618;40256;-;70.6	41;37339;39165;-;271.0	32;27264;29465;-;368.9	53;46407;46922;-;96.7	32;27264;29465;-;67.8	A	9/9	contiguous	22612	1	1	30609..31097-;162;TraS;0
NZ_CP020924.1	MPF_T	IncX4	90	0	0	GA	1	30;25178;25789;-;53.8	29;24892;25206;-;30.8	28;24514;24834;-;39.0	86;62982;63854;-;84.4	27;22139;24511;-;33.6	33;27119;27760;+;33.9	32;26122;27117;+;126.4		25;21271;22008;-;158.9	24;20495;21274;-;167.2	23;19363;20505;-;142.4	22;18344;19363;-;91.9	21;16326;18293;-;291.4		pfam	pfam_only	A	7/7	uncallable	0	0	unscoreable	11	0	0														not_admitted	not_admitted	not_admitted	not_admitted	not_admitted	not_admitted	not_admitted
NZ_CP020927.1	MPF_F	-	189	0	0	GA	0															not_admitted	not_admitted	not_admitted	not_admitted	not_admitted	not_admitted	not_admitted	not_admitted	not_admitted	not_admitted	1	134;134361;135380;+;394.8	139;139434;140897;+;373.8	138;138616;139434;+;235.4	128;129342;131933;+;480.1	140;140913;143708;+;353.0	125;126196;127521;+;102.0	128;129342;131933;+;100.6	123;124826;125392;+;186.2	135;135393;136133;+;113.9	136;136130;138001;+;281.0	128;129342;131933;+;21.3	127;128407;129342;+;35.6		A	9/9	contiguous	16087	0	1	
NZ_CP020934.1	MPF_F	IncFIB(AP001918);IncFIC(FII);IncQ1	158	0	0	GA	0															not_admitted	not_admitted	not_admitted	not_admitted	not_admitted	not_admitted	not_admitted	not_admitted	not_admitted	not_admitted	1	91;88059;89051;-;369.3	80;81000;82373;-;378.0	87;84587;85330;-;234.1	94;90060;92687;-;305.4	79;78181;81003;-;389.5	100;94742;96169;-;94.3	94;90060;92687;-;98.5	102;96884;97450;-;183.8	90;87412;88050;-;68.4	89;85607;87415;-;268.4	76;74499;76652;-;391.9	96;93203;93718;-;78.4	76;74499;76652;-;70.4	A	9/9	contiguous	22385	1	1	77668..78159-;163;TraS;0
NZ_CP020949.1	MPF_T	-	265	0	0	GA	1		259;267622;268026;-;74.6	258;267330;267629;-;62.8	257;264851;267319;-;178.8	257;264851;267319;-;126.7	256;264070;264840;-;46.0	254;262662;263852;-;109.0		253;261982;262644;-;116.2	252;261114;261965;-;187.4	250;259304;260626;-;224.6	260;268016;268987;-;130.8	75;79052;79840;-;311.6		conjscan	conjscan_only	A	7/7	canonical	1	0	unscoreable	3	0	0														not_admitted	not_admitted	not_admitted	not_admitted	not_admitted	not_admitted	not_admitted
NZ_CP020950.1	MPF_T	-	452	0	0	GA	1		194;210747;211046;+;91.1	195;211052;211390;+;103.9	196;211383;213749;+;175.5	196;211383;213749;+;112.3	197;213746;214447;+;204.9	199;214680;215612;+;170.9		201;215935;216606;+;212.0	202;216603;217460;+;187.0	203;217469;218641;+;182.5	204;218650;219678;+;111.3	216;227304;229223;-;334.1		pfam	both	A	7/7	canonical	1	0	unscoreable	13	0	0														not_admitted	not_admitted	not_admitted	not_admitted	not_admitted	not_admitted	not_admitted
NZ_CP020965.2	MPF_T	-	69	0	0	GA	1	46;38126;38716;+;64.4	56;50564;50878;+;82.0		58;51214;52758;+;40.4	58;51214;52758;+;111.1	60;53802;54587;+;59.1	62;55367;56848;+;91.2		63;56855;57565;+;123.2	64;57592;58584;+;167.8	65;58600;59952;+;213.7	55;49531;50484;+;112.9	48;41944;43995;+;344.7		conjscan	conjscan_only	A	7/7	canonical	1	0	unscoreable	11	0	0														not_admitted	not_admitted	not_admitted	not_admitted	not_admitted	not_admitted	not_admitted
NZ_CP020966.2	MPF_T	-	42	0	0	GA	1		16;18587;18772;-;42.3	15;18291;18590;-;50.8	14;15635;18304;-;63.2	14;15635;18304;-;81.9	13;14973;15632;-;73.0							2;810;2384;+;73.7		pfam	both	D	2/7	uncallable	0	0	unscoreable	0	0	0														not_admitted	not_admitted	not_admitted	not_admitted	not_admitted	not_admitted	not_admitted
NZ_CP020968.2	MPF_T	-	68	0	0	GA	1	12;7721;8311;+;64.4	22;19902;20216;+;82.0		24;20552;23122;+;38.4	24;20552;23122;+;110.6	25;23141;23914;+;58.2	26;24482;25960;+;84.9		27;25967;26677;+;124.6	28;26704;27696;+;167.8	29;27712;29064;+;213.7	21;18817;19821;+;113.7	14;11557;13608;+;343.3		conjscan	conjscan_only	A	7/7	canonical	1	0	unscoreable	9	0	0														not_admitted	not_admitted	not_admitted	not_admitted	not_admitted	not_admitted	not_admitted
NZ_CP020972.1	MPF_T	-	71	0	0	GA	1	17;9943;10533;+;64.4	27;23461;23775;+;82.0		29;24111;26681;+;38.4	29;24111;26681;+;110.6	30;26700;27473;+;58.2	31;28041;29519;+;84.9		32;29526;30236;+;124.6	33;30263;31255;+;167.8	34;31271;32623;+;213.7	26;22376;23380;+;114.6	19;13779;15830;+;343.3		conjscan	conjscan_only	A	7/7	canonical	1	0	unscoreable	9	0	0														not_admitted	not_admitted	not_admitted	not_admitted	not_admitted	not_admitted	not_admitted
NZ_CP020976.2	MPF_T	-	73	0	0	GA	1	9;8893;9483;+;64.4	19;21331;21645;+;82.0		22;23366;24862;+;40.5	22;23366;24862;+;111.2	24;25906;26691;+;59.1	26;27471;28952;+;91.2		27;28959;29669;+;123.2	28;29696;30688;+;167.8	29;30704;32056;+;213.7	18;20298;21251;+;112.9	11;12711;14762;+;344.7		conjscan	conjscan_only	A	7/7	canonical	1	0	unscoreable	12	0	0														not_admitted	not_admitted	not_admitted	not_admitted	not_admitted	not_admitted	not_admitted
NZ_CP020978.2	MPF_T	-	41	0	0	GA	1		37;32349;32534;+;42.3	38;32531;32830;+;50.8	39;32817;35486;+;63.2	39;32817;35486;+;81.9	40;35489;36148;+;73.0							9;12306;13880;-;73.7		pfam	both	D	2/7	uncallable	0	0	unscoreable	0	0	0														not_admitted	not_admitted	not_admitted	not_admitted	not_admitted	not_admitted	not_admitted
NZ_CP020980.2	MPF_T	-	64	0	0	GA	1	49;38559;39149;+;64.4	60;52077;52391;+;82.0		62;52727;55297;+;38.4	62;52727;55297;+;110.6	63;55316;56089;+;58.2	0;1;1065;+;37.5		1;1072;1782;+;124.6	2;1809;2801;+;167.8	3;2817;4169;+;213.7	59;50992;51996;+;113.7	51;42395;44446;+;343.3		conjscan	conjscan_only	A	7/7	rearranged	1	0	unscoreable	9	0	0														not_admitted	not_admitted	not_admitted	not_admitted	not_admitted	not_admitted	not_admitted
NZ_CP020982.2	MPF_T	-	64	0	0	GA	1	44;42250;42840;-;64.4	33;29008;29322;-;82.0		31;26102;28672;-;38.4	31;26102;28672;-;110.6	30;25310;26083;-;58.2	29;23264;24742;-;84.9		28;22547;23257;-;124.6	27;21528;22520;-;167.8	26;20160;21512;-;213.7	34;29403;30407;-;113.7	42;36953;39004;-;343.3		conjscan	conjscan_only	A	7/7	canonical	1	0	unscoreable	10	0	0														not_admitted	not_admitted	not_admitted	not_admitted	not_admitted	not_admitted	not_admitted
NZ_CP020984.2	MPF_T	-	64	0	0	GA	1	4;2270;2860;+;64.4	15;15788;16102;+;82.0		17;16438;19008;+;38.4	17;16438;19008;+;110.6	18;19027;19800;+;58.2	19;20368;21846;+;84.9		20;21853;22563;+;124.6	21;22590;23582;+;167.8	22;23598;24950;+;213.7	14;14703;15707;+;113.7	6;6106;8157;+;343.3		conjscan	conjscan_only	A	7/7	canonical	1	0	unscoreable	10	0	0														not_admitted	not_admitted	not_admitted	not_admitted	not_admitted	not_admitted	not_admitted
NZ_CP020986.2	MPF_T	-	64	0	0	GA	1	42;33439;34029;+;64.4	53;46957;47271;+;82.0		55;47607;50177;+;38.4	55;47607;50177;+;110.6	56;50196;50969;+;58.2	57;51537;53015;+;84.9		58;53022;53732;+;124.6	59;53759;54751;+;167.8	60;54767;56119;+;213.7	52;45872;46876;+;113.7	44;37275;39326;+;343.3		conjscan	conjscan_only	A	7/7	canonical	1	0	unscoreable	10	0	0														not_admitted	not_admitted	not_admitted	not_admitted	not_admitted	not_admitted	not_admitted
NZ_CP020988.2	MPF_T	-	64	0	0	GA	1	42;33439;34029;+;64.4	53;46957;47271;+;82.0		55;47607;50177;+;38.4	55;47607;50177;+;110.6	56;50196;50969;+;58.2	57;51537;53015;+;84.9		58;53022;53732;+;124.6	59;53759;54751;+;167.8	60;54767;56119;+;213.7	52;45872;46876;+;113.7	44;37275;39326;+;343.3		conjscan	conjscan_only	A	7/7	canonical	1	0	unscoreable	10	0	0														not_admitted	not_admitted	not_admitted	not_admitted	not_admitted	not_admitted	not_admitted
NZ_CP020990.2	MPF_T	-	64	0	0	GA	1	58;48007;48597;+;64.4	5;4455;4769;+;82.0		7;5105;7675;+;38.4	7;5105;7675;+;110.6	8;7694;8467;+;58.2	9;9035;10513;+;84.9		10;10520;11230;+;124.6	11;11257;12249;+;167.8	12;12265;13617;+;213.7	4;3370;4374;+;113.7	60;51843;53894;+;343.3		conjscan	conjscan_only	A	7/7	canonical	1	0	unscoreable	3	0	0														not_admitted	not_admitted	not_admitted	not_admitted	not_admitted	not_admitted	not_admitted
NZ_CP021004.2	-	-	45	0	0	GA	1	3;4339;5283;+;39.9	29;26675;27142;-;68.5	28;26361;26675;-;46.3	27;23840;26347;-;89.9	27;23840;26347;-;113.6	26;23083;23871;-;47.6	24;21163;22875;-;89.5		22;20051;20770;-;104.2	21;19107;20033;-;141.0	19;17149;18651;-;207.7	30;27153;28136;-;134.2	1;1797;3779;+;352.9		conjscan	conjscan_only	A	7/7	canonical	1	0	unscoreable	5	0	0														not_admitted	not_admitted	not_admitted	not_admitted	not_admitted	not_admitted	not_admitted
NZ_CP021017.2	MPF_T	-	64	0	0	GA	1	2;1059;1649;+;64.4	13;14577;14891;+;82.0		15;15227;17797;+;38.4	15;15227;17797;+;110.6	16;17816;18589;+;58.2	17;19157;20635;+;84.9		18;20642;21352;+;124.6	19;21379;22371;+;167.8	20;22387;23739;+;213.7	12;13492;14496;+;113.7	4;4895;6946;+;343.3		conjscan	conjscan_only	A	7/7	canonical	1	0	unscoreable	10	0	0														not_admitted	not_admitted	not_admitted	not_admitted	not_admitted	not_admitted	not_admitted
NZ_CP021019.2	MPF_T	-	59	0	0	GA	1	12;10993;11583;+;64.4	23;23174;23488;+;82.0		25;23824;26394;+;38.4	25;23824;26394;+;110.6	26;26413;27186;+;58.2	27;27754;29232;+;84.9		28;29239;29949;+;124.6	29;29976;30968;+;167.8	30;30984;32336;+;213.7	22;22089;23093;+;113.7	14;14829;16880;+;343.3		conjscan	conjscan_only	A	7/7	canonical	1	0	unscoreable	10	0	0														not_admitted	not_admitted	not_admitted	not_admitted	not_admitted	not_admitted	not_admitted
NZ_CP021021.2	-	-	35	0	0	GA	1	6;7749;8693;-;39.9	27;25217;25684;+;65.5	28;25684;25998;+;47.7	29;26012;28528;+;92.4	29;26012;28528;+;111.3	30;28497;29285;+;46.5	32;29493;31202;+;91.3		34;31595;32317;+;104.9	0;1;927;+;140.2	2;1383;2843;+;208.1	26;24223;25206;+;130.0	8;9253;11235;-;351.9		conjscan	conjscan_only	A	7/7	canonical	1	0	unscoreable	8	0	0														not_admitted	not_admitted	not_admitted	not_admitted	not_admitted	not_admitted	not_admitted
NZ_CP021022.2	MPF_T	-	39	0	0	GA	1	19;13668;14579;-;42.0	30;23433;23810;-;72.4	29;23137;23436;-;51.5	28;20481;23150;-;63.5	28;20481;23150;-;82.5	27;19819;20478;-;73.6	24;18299;19165;-;140.7		23;17628;18302;-;92.9	22;16821;17603;-;199.2	21;15599;16819;-;176.6	20;14566;15588;-;112.7	11;6212;7786;+;73.0		pfam	both	A	7/7	canonical	1	0	unscoreable	9	0	0														not_admitted	not_admitted	not_admitted	not_admitted	not_admitted	not_admitted	not_admitted
NZ_CP021027.1	MPF_T	-	435	0	0	GA	1	174;181442;182101;+;21.4	175;182098;182397;+;91.2	176;182403;182741;+;102.3	177;182734;185100;+;174.4	177;182734;185100;+;110.4	178;185097;185798;+;199.8	180;186031;186963;+;169.4		182;187286;187957;+;215.2	183;187954;188811;+;186.7	184;188820;189992;+;181.3	185;190001;191029;+;110.8	199;199444;201363;-;332.3		pfam	both	A	7/7	canonical	1	0	unscoreable	15	0	0														not_admitted	not_admitted	not_admitted	not_admitted	not_admitted	not_admitted	not_admitted
NZ_CP021031.1	MPF_T	-	532	0	0	GA	1		526;524103;524468;-;72.7	525;523811;524110;-;64.2	524;521345;523801;-;177.6	524;521345;523801;-;121.2	523;520570;521373;-;42.3	522;519219;520397;-;110.8		521;518532;519194;-;132.6	520;517702;518514;-;187.6	518;515948;517249;-;212.5	527;524458;525435;-;127.9	504;502757;504733;-;548.2		conjscan	conjscan_only	A	7/7	canonical	1	0	unscoreable	2	0	0														not_admitted	not_admitted	not_admitted	not_admitted	not_admitted	not_admitted	not_admitted
NZ_CP021033.1	MPF_T	-	860	0	0	GA	1	840;867935;868606;-;22.2	839;867639;867938;-;94.9	838;867295;867630;-;99.4	837;864936;867302;-;168.9	837;864936;867302;-;105.7	836;864238;864939;-;201.4	834;863073;864005;-;166.2		832;862072;862743;-;217.2	831;861218;862075;-;182.1	830;860034;861209;-;177.0	829;859003;860025;-;108.8			pfam	both	B	6/7	canonical	1	0	unscoreable	2	0	0														not_admitted	not_admitted	not_admitted	not_admitted	not_admitted	not_admitted	not_admitted
NZ_CP021042.1	MPF_T	-	137	0	0	GA	1	44;46261;47415;-;74.9	48;50205;50498;-;75.3	47;49934;50212;-;90.1	46;47569;49944;-;85.7	46;47569;49944;-;47.2	43;45452;46264;-;67.3	36;40023;41099;-;124.8		42;44781;45434;-;168.1	41;44080;44778;-;163.6	40;42704;44083;-;179.9	39;41713;42699;-;104.7	28;33206;35209;+;286.8		pfam	both	A	7/7	canonical	1	0	unscoreable	10	0	0														not_admitted	not_admitted	not_admitted	not_admitted	not_admitted	not_admitted	not_admitted
NZ_CP021049.1	MPF_T	-	137	0	0	GA	1	44;46261;47415;-;74.9	48;50205;50498;-;75.3	47;49934;50212;-;90.1	46;47569;49944;-;85.7	46;47569;49944;-;47.2	43;45452;46264;-;67.3	36;40023;41099;-;124.8		42;44781;45434;-;168.1	41;44080;44778;-;163.6	40;42704;44083;-;179.9	39;41713;42699;-;104.7	28;33206;35209;+;286.8		pfam	both	A	7/7	canonical	1	0	unscoreable	10	0	0														not_admitted	not_admitted	not_admitted	not_admitted	not_admitted	not_admitted	not_admitted
NZ_CP021077.1	MPF_F	-	153	0	0	GA	0															not_admitted	not_admitted	not_admitted	not_admitted	not_admitted	not_admitted	not_admitted	not_admitted	not_admitted	not_admitted	1	72;83867;84898;+;367.2	80;90915;92360;+;326.0	78;89057;89875;+;212.8	67;78739;81339;+;215.4	81;92357;94543;+;236.7	61;73162;74499;+;92.9	67;78739;81339;+;79.3	59;71821;72432;+;86.3	73;84895;85686;+;87.9	75;86981;88246;+;152.1	43;53780;55846;+;407.9	66;78027;78725;+;50.2	43;53780;55846;+;52.6	A	9/9	contiguous	38577	0	1	
NZ_CP021087.1	MPF_F	IncFIB(AP001918);IncFIC(FII)	171	0	0	GA	0															not_admitted	not_admitted	not_admitted	not_admitted	not_admitted	not_admitted	not_admitted	not_admitted	not_admitted	not_admitted	1	110;112924;113916;-;369.3	99;105865;107241;-;378.0	106;109452;110195;-;234.1	113;114925;117552;-;305.4	98;103046;105868;-;389.5	120;119607;121034;-;94.3	113;114925;117552;-;98.5	122;121749;122315;-;183.8	109;112277;112915;-;68.4	108;110472;112280;-;268.4	95;99364;101517;-;391.9	116;118068;118583;-;78.4	95;99364;101517;-;70.4	A	9/9	contiguous	22385	1	1	102533..103024-;163;TraS;0
NZ_CP021125.1	MPF_T	-	433	0	0	GA	1		183;184650;184949;+;91.1	184;184955;185293;+;103.9	185;185286;187652;+;175.5	185;185286;187652;+;112.3	186;187649;188350;+;204.4	188;188583;189515;+;170.9		190;189838;190509;+;212.0	191;190506;191363;+;187.0	192;191372;192517;+;182.6	193;192526;193554;+;111.3	205;201179;203098;-;333.2		pfam	both	A	7/7	canonical	1	0	unscoreable	13	0	0														not_admitted	not_admitted	not_admitted	not_admitted	not_admitted	not_admitted	not_admitted
NZ_CP021128.1	MPF_T	-	635	0	0	GA	1	201;215223;215882;+;23.0	202;215879;216178;+;90.3	203;216184;216522;+;99.7	204;216515;218881;+;166.1	204;216515;218881;+;113.6	205;218881;219579;+;199.1	207;219813;220745;+;170.5		209;221075;221746;+;203.3	210;221743;222600;+;179.8	211;222609;223787;+;178.8	252;266362;267810;-;209.8	227;238661;240577;-;326.4		pfam	both	A	7/7	canonical	1	0	unscoreable	2	0	0														not_admitted	not_admitted	not_admitted	not_admitted	not_admitted	not_admitted	not_admitted
NZ_CP021133.1	-	-	78	0	0	GA	1		36;36174;36608;+;65.4	37;36614;36925;+;45.1	38;36922;39474;+;82.1	38;36922;39474;+;112.6	43;43011;43814;+;88.1	45;44028;45554;+;110.6		39;39471;40202;+;82.9	40;40223;41119;+;160.8	42;41586;42995;+;214.0	35;35200;36162;+;137.2	15;16769;18712;-;462.5		conjscan	conjscan_only	A	7/7	canonical	1	0	unscoreable	3	0	0														not_admitted	not_admitted	not_admitted	not_admitted	not_admitted	not_admitted	not_admitted
NZ_CP021134.1	-	-	57	0	0	GA	1	43;42846;43760;+;25.1	32;33497;33967;+;69.9		33;34250;36934;+;76.3	33;34250;36934;+;76.0	34;36931;37620;+;77.8	37;38232;39056;+;113.5		38;39091;39756;+;99.6	39;39784;40563;+;172.5	41;41192;41824;+;156.1	42;41834;42862;+;91.8	2;3882;5435;-;65.3		pfam	both	A	7/7	canonical	1	0	unscoreable	3	0	0														not_admitted	not_admitted	not_admitted	not_admitted	not_admitted	not_admitted	not_admitted
NZ_CP021147.1	MPF_F	-	123	0	0	GA	0															not_admitted	not_admitted	not_admitted	not_admitted	not_admitted	not_admitted	not_admitted	not_admitted	not_admitted	not_admitted	1	102;90864;91808;-;114.7			103;91878;94541;-;101.9	99;87701;89305;-;122.5						114;100102;102321;-;33.2		114;100102;102321;-;33.7	D	3/9	contiguous	12401	0	0	
NZ_CP021148.1	-	-	86	0	0	GA	1	21;16447;16962;-;46.5	49;39349;39678;-;65.8	48;39024;39338;-;30.4	47;36569;38983;-;51.1	47;36569;38983;-;99.0	46;35814;36572;-;34.3	44;33552;34859;-;91.1		43;32848;33522;-;147.4	42;31967;32839;-;159.1	40;30296;31552;-;190.4	35;24536;26158;-;175.5			conjscan	conjscan_only	B	6/7	canonical	1	0	unscoreable	19	0	0														not_admitted	not_admitted	not_admitted	not_admitted	not_admitted	not_admitted	not_admitted
NZ_CP021150.1	-	-	74	0	0	GA	1	49;44655;45164;+;44.1	28;27554;27928;+;65.0	29;27940;28233;+;39.3	30;28230;30641;+;82.8	30;28230;30641;+;99.0	31;30628;31404;+;43.2	33;31601;33400;+;99.1		34;33345;34058;+;137.6	36;34344;35276;+;170.7	38;35703;36986;+;209.8	62;55345;56292;+;123.3	44;38794;40743;+;320.3		conjscan	conjscan_only	A	7/7	canonical	1	0	unscoreable	13	0	0														not_admitted	not_admitted	not_admitted	not_admitted	not_admitted	not_admitted	not_admitted
NZ_CP021154.1	-	-	80	0	0	GA	1		9;11391;11654;+;44.2		10;12006;14438;+;145.3	10;12006;14438;+;67.3	45;46916;47668;+;165.1	46;47668;48696;+;130.5		11;14431;15141;+;147.8	12;15156;16028;+;163.1	13;16028;17200;+;166.1	21;24418;26064;+;168.4	16;18428;20284;+;298.0		pfam	both	A	7/7	canonical	1	0	unscoreable	5	0	0														not_admitted	not_admitted	not_admitted	not_admitted	not_admitted	not_admitted	not_admitted
NZ_CP021155.1	MPF_F	-	78	0	0	GA	0															not_admitted	not_admitted	not_admitted	not_admitted	not_admitted	not_admitted	not_admitted	not_admitted	not_admitted	not_admitted	1	30;26392;27402;+;371.0	39;34432;35802;+;327.5	34;30861;31631;+;183.8	25;21466;24078;+;198.7	40;35806;38514;+;284.8	23;19445;20989;+;93.5	25;21466;24078;+;99.1	21;18105;18668;+;128.5	32;28370;29020;+;88.7	33;29017;30864;+;253.2	42;39023;41152;+;390.8	24;21003;21419;+;39.3	42;39023;41152;+;66.8	A	9/9	contiguous	20918	0	1	
NZ_CP021156.1	-	-	51	0	0	GA	1	10;8795;9394;-;39.2			5;3679;5547;-;45.5	8;7465;8058;-;57.2	4;2932;3555;-;50.8	2;1629;2621;-;89.2		0;566;1417;-;154.6		49;43911;45197;-;161.6	48;42528;43535;-;99.2	47;40741;42525;-;321.7		pfam	pfam_only	B	6/7	canonical	1	0	unscoreable	5	0	0														not_admitted	not_admitted	not_admitted	not_admitted	not_admitted	not_admitted	not_admitted
NZ_CP021159.1	MPF_F	-	224	0	0	GA	0															not_admitted	not_admitted	not_admitted	not_admitted	not_admitted	not_admitted	not_admitted	not_admitted	not_admitted	not_admitted	1	103;90835;91866;-;366.1	95;83176;84621;-;327.0	97;85661;86473;-;214.8	110;95614;97374;-;216.8	94;79712;83179;-;234.0	116;101614;102951;-;95.2	109;94775;95575;-;41.1	118;103681;104292;-;85.1	102;90047;90838;-;87.9	100;87487;88752;-;152.1	134;118925;120991;-;407.9	111;97388;98086;-;51.1	134;118925;120991;-;52.5	A	9/9	contiguous	39213	1	1	79020..79715-;231;unnamed;0
NZ_CP021166.1	MPF_F	IncFIB(K)	201	0	0	GA	0															not_admitted	not_admitted	not_admitted	not_admitted	not_admitted	not_admitted	not_admitted	not_admitted	not_admitted	not_admitted	1	144;122611;123600;+;363.3	155;129419;130786;+;380.5	151;127409;128161;+;233.7	140;118515;121154;+;259.0	156;130786;133635;+;346.4	130;113124;114548;+;89.5	140;118515;121154;+;88.7	128;111831;112397;+;167.0	146;123876;124523;+;66.9	147;124582;126537;+;259.7	163;137161;139470;+;393.1	132;115160;115744;+;53.8	163;137161;139470;+;66.6	A	9/9	contiguous	25330	1	1	133638..134168+;176;unnamed;0
NZ_CP021176.1	MPF_T	IncI2(Delta)	73	0	0	GA	1	47;38733;39215;-;81.1		62;54822;55106;-;36.6	61;52459;54816;-;58.5	61;52459;54816;-;44.9	71;59918;60562;-;41.0			59;51559;52293;-;144.3	58;50792;51562;-;170.5	57;49663;50802;-;154.7	50;40994;42532;-;207.1	55;46615;48573;-;289.6		pfam	pfam_only	B	6/7	uncallable	0	0	unscoreable	14	0	0														not_admitted	not_admitted	not_admitted	not_admitted	not_admitted	not_admitted	not_admitted
NZ_CP021203.1	MPF_F	IncFII;p0111	203	0	0	GA	0															not_admitted	not_admitted	not_admitted	not_admitted	not_admitted	not_admitted	not_admitted	not_admitted	not_admitted	not_admitted	1	168;150143;151135;+;369.5	178;156914;158287;+;381.7	173;154241;154984;+;234.4	165;146504;149134;+;304.1	179;158284;161106;+;374.0	157;142054;143505;+;94.2	165;146504;149134;+;97.1	155;140773;141339;+;174.3	170;151479;152117;+;68.6	171;152114;153964;+;266.1	183;163378;165549;+;391.2	160;144365;144880;+;78.4	183;163378;165549;+;70.3	A	9/9	contiguous	22605	1	1	161128..161607+;159;TraS;0
NZ_CP021204.1	MPF_F	IncFIA;IncFIB(AP001918);IncFII	103	0	0	GA	0															not_admitted	not_admitted	not_admitted	not_admitted	not_admitted	not_admitted	not_admitted	not_admitted	not_admitted	not_admitted	1	45;41443;42435;+;371.6	56;48120;49493;+;380.9	49;45164;45907;+;235.0	42;37807;40434;+;303.5	57;49490;52315;+;385.9	36;34221;35648;+;91.9	42;37807;40434;+;99.0	34;32940;33506;+;182.9	46;42444;43082;+;64.9	47;43079;44887;+;268.3	60;53819;55999;+;391.6	41;36776;37291;+;76.4	60;53819;55999;+;70.4	A	9/9	contiguous	20879	1	1	52312..52767+;151;unnamed;0
NZ_CP021205.1	MPF_T	IncI2	81	0	0	GA	1	10;8047;8529;+;81.1		74;55582;55866;+;36.6	75;55872;58229;+;58.5	75;55872;58229;+;42.8	62;49488;50129;+;42.8	61;48487;49482;+;128.5		77;58395;59129;+;144.3	78;59126;59896;+;170.5	79;59886;61025;+;154.7	6;4742;6280;+;207.1			pfam	pfam_only	B	6/7	rearranged	1	0	unscoreable	14	1	0														not_admitted	not_admitted	not_admitted	not_admitted	not_admitted	not_admitted	not_admitted
NZ_CP021209.1	MPF_F	IncHI2;IncHI2A	240	0	0	GA	0															not_admitted	not_admitted	not_admitted	not_admitted	not_admitted	not_admitted	not_admitted	not_admitted	not_admitted	not_admitted	1	215;194221;195279;-;276.5	85;74248;75663;+;194.1	84;73212;74258;+;174.3	232;214850;217531;-;168.0	86;75672;79625;+;101.7	236;219861;221216;-;80.7	232;214850;217531;-;72.2	239;222940;223728;-;74.8	217;195421;196932;-;62.0	214;191014;194202;-;57.3	77;64086;66170;-;56.8	233;217540;218490;-;46.1	77;64086;66170;-;38.8	A	9/9	split_2	158854	1	1	79806..81095+;429;unnamed;0
NZ_CP021210.1	MPF_F	IncFII	86	0	0	GA	0															not_admitted	not_admitted	not_admitted	not_admitted	not_admitted	not_admitted	not_admitted	not_admitted	not_admitted	not_admitted	1	8;4300;5292;-;369.5	82;72689;74062;-;381.7	0;455;907;-;157.6	11;6301;8931;-;304.1	81;69870;72692;-;374.0	18;11930;13381;-;94.2	11;6301;8931;-;97.1	20;14096;14662;-;174.3	6;3318;3956;-;68.6	3;1897;2421;-;121.1	77;65328;67598;-;391.1	15;10555;11070;-;78.4	77;65328;67598;-;70.3	A	9/9	split_2	72234	1	1	69369..69848-;159;TraS;0
NZ_CP021214.1	MPF_T	-	95	0	0	GA	1		25;27013;27417;+;72.4	26;27410;27709;+;60.1	27;27721;29145;+;179.6	27;27721;29145;+;127.9	29;30155;30958;+;51.2	31;31173;32363;+;109.2		32;32379;33041;+;122.8	36;34288;34848;+;161.1		24;26052;27023;+;128.1	91;83806;84057;-;60.8		conjscan	conjscan_only	B	6/7	canonical	1	0	unscoreable	6	0	0														not_admitted	not_admitted	not_admitted	not_admitted	not_admitted	not_admitted	not_admitted
NZ_CP021216.1	MPF_T	-	155	0	0	GA	1		26;26000;26392;+;74.0	27;26385;26684;+;63.8	28;26695;29130;+;174.6	28;26695;29130;+;123.5	29;29123;29929;+;53.5	31;30123;31304;+;115.7		32;31326;31988;+;132.7	33;32004;32834;+;188.0	35;33300;34598;+;217.8	25;25045;26010;+;124.3	47;46457;48415;+;549.0		conjscan	conjscan_only	A	7/7	canonical	1	0	unscoreable	3	0	0														not_admitted	not_admitted	not_admitted	not_admitted	not_admitted	not_admitted	not_admitted
NZ_CP021217.1	MPF_T	-	1668	0	0	GA	1	1086;1069216;1070304;+;95.2	449;451917;452216;+;87.9	450;452221;452562;+;105.8	451;452537;454933;+;172.3	451;452537;454933;+;108.5	452;454933;455634;+;198.9	454;455869;456804;+;160.3		456;457120;457791;+;213.5	1091;1073010;1073819;+;197.3	1092;1073819;1075030;+;206.5	308;301090;302583;+;213.3	540;543709;545628;+;333.2		pfam	both	A	7/7	canonical	1	0	unscoreable	3	0	0														not_admitted	not_admitted	not_admitted	not_admitted	not_admitted	not_admitted	not_admitted
NZ_CP021249.1	MPF_F	-	270	0	0	GA	0															not_admitted	not_admitted	not_admitted	not_admitted	not_admitted	not_admitted	not_admitted	not_admitted	not_admitted	not_admitted	1	139;133297;134316;+;420.2	144;138471;139922;+;379.3	143;137653;138471;+;234.5	133;128334;130940;+;415.7	145;139939;142980;+;348.1	130;124821;126194;+;103.6	133;128334;130940;+;90.4	128;123395;124000;+;191.8	140;134331;135101;+;113.6	141;135124;137250;+;291.3	154;149149;151491;-;543.9		154;149149;151491;-;67.8	B	8/9	contiguous	25754	0	1	
NZ_CP021271.1	MPF_F	-	56	0	0	GA	0															not_admitted	not_admitted	not_admitted	not_admitted	not_admitted	not_admitted	not_admitted	not_admitted	not_admitted	not_admitted	1	53;52543;53487;+;361.1	1;639;2003;+;375.0	0;133;639;+;68.9	50;48929;51556;+;274.7	2;2015;4822;+;388.8	48;47275;48681;+;75.9	50;48929;51556;+;117.8	46;46037;46606;+;192.0	54;53444;53923;+;54.8	55;53916;55607;+;247.8	4;5503;7338;+;407.8		4;5503;7338;+;67.0	B	8/9	split_2	53783	1	1	4824..5411+;195;unnamed;0
NZ_CP021273.1	MPF_F	-	64	0	0	GA	0															not_admitted	not_admitted	not_admitted	not_admitted	not_admitted	not_admitted	not_admitted	not_admitted	not_admitted	not_admitted	1	1;448;1431;-;360.9	60;54654;56018;-;380.3	62;56524;57261;-;207.4	4;2379;5006;-;267.1	59;51894;54641;-;398.3	6;5254;6627;-;74.4	4;2379;5006;-;112.7	8;7329;7898;-;196.6	0;9;434;-;58.3	63;57254;58735;-;245.9	57;49326;51209;-;407.6		57;49326;51209;-;67.4	B	8/9	split_2	57245	1	1	51285..51833-;182;unnamed;0
NZ_CP021275.1	MPF_F	-	63	0	0	GA	0															not_admitted	not_admitted	not_admitted	not_admitted	not_admitted	not_admitted	not_admitted	not_admitted	not_admitted	not_admitted	1	18;20053;21036;-;360.9	13;15326;16690;-;380.3	15;17196;17933;-;207.4	21;21984;24611;-;267.1	12;12506;15313;-;398.2	23;24859;26232;-;74.4	21;21984;24611;-;112.7	25;26934;27503;-;196.6	17;19614;20039;-;58.3	16;17926;19617;-;245.5	10;9996;11879;-;407.6		10;9996;11879;-;67.4	B	8/9	contiguous	16938	1	1	11935..12504-;189;unnamed;0
NZ_CP021276.1	MPF_F	-	75	0	0	GA	0															not_admitted	not_admitted	not_admitted	not_admitted	not_admitted	not_admitted	not_admitted	not_admitted	not_admitted	not_admitted	1	39;38000;38977;+;356.6	44;42721;44103;+;322.9	42;41491;42237;+;145.7	36;34482;37031;+;180.3	45;44100;46985;+;236.0	35;32767;34233;+;46.9	36;34482;37031;+;86.7	33;31439;31999;+;99.3	40;38989;39654;+;83.2	41;39647;41458;+;210.1	47;47757;49544;+;398.1		47;47757;49544;+;81.8	B	8/9	contiguous	16318	1	1	46945..47601+;218;unnamed;0
NZ_CP021278.1	MPF_F	-	78	0	0	GA	0															not_admitted	not_admitted	not_admitted	not_admitted	not_admitted	not_admitted	not_admitted	not_admitted	not_admitted	not_admitted	1	41;44115;45092;-;356.6	36;38989;40371;-;322.9	38;40855;41601;-;145.7	44;46062;48611;-;180.5	35;36107;38992;-;236.0	45;48860;50326;-;45.2	44;46062;48611;-;89.0	47;51094;51654;-;102.2	40;43438;44103;-;83.2	39;41634;43445;-;210.1	33;33548;35335;-;398.1		33;33548;35335;-;81.8	B	8/9	contiguous	17546	1	1	35491..36147-;218;unnamed;0
NZ_CP021280.1	MPF_F	-	93	0	0	GA	0															not_admitted	not_admitted	not_admitted	not_admitted	not_admitted	not_admitted	not_admitted	not_admitted	not_admitted	not_admitted	1	29;30057;31040;-;368.4	22;24640;26025;-;382.8	25;26751;27494;-;213.0	32;31988;34585;-;270.2	21;21832;24627;-;382.7	34;34863;36242;-;73.4	32;31988;34585;-;105.6	36;36944;37513;-;182.4	27;29175;29588;-;58.2	26;27487;29178;-;252.1	19;19219;21117;-;403.2		19;19219;21117;-;68.0	B	8/9	contiguous	17725	1	1	21221..21829-;202;unnamed;0
NZ_CP021282.1	MPF_F	-	140	0	0	GA	0															not_admitted	not_admitted	not_admitted	not_admitted	not_admitted	not_admitted	not_admitted	not_admitted	not_admitted	not_admitted	1	43;46735;47700;-;347.3	38;41591;42961;-;321.2	40;43479;44267;-;140.4	46;48690;51407;-;204.8	37;38835;41594;-;260.5	47;51516;52970;-;45.2	46;48690;51407;-;101.7	49;53701;54258;-;94.4	42;46056;46718;-;81.2	41;44264;46027;-;214.0	36;36753;38756;-;365.3		36;36753;38756;-;70.6	B	8/9	contiguous	16948	1	1	36753..38756-;667;unnamed;0
NZ_CP021284.1	MPF_F	-	158	0	0	GA	0															not_admitted	not_admitted	not_admitted	not_admitted	not_admitted	not_admitted	not_admitted	not_admitted	not_admitted	not_admitted	1	128;124172;125152;-;353.5	123;119046;120428;-;322.3	125;120912;121658;-;149.9	131;126119;128668;-;186.8	122;116212;119049;-;241.5	132;128917;130383;-;46.9	131;126119;128668;-;88.0	134;131151;131711;-;99.3	127;123495;124160;-;81.7	126;121691;123502;-;209.8	120;113598;115451;-;397.9		120;113598;115451;-;81.9	B	8/9	contiguous	17553	1	1	115541..116197-;218;unnamed;0
NZ_CP021285.1	MPF_F	-	61	0	0	GA	0															not_admitted	not_admitted	not_admitted	not_admitted	not_admitted	not_admitted	not_admitted	not_admitted	not_admitted	not_admitted	1	3;2945;3889;+;361.1	8;7248;8612;+;375.0	6;5996;6742;+;211.0	0;99;1958;+;130.2	9;8624;11431;+;388.8	59;64818;66224;+;75.9	0;99;1958;+;119.4	57;63580;64149;+;191.1	4;3846;4325;+;54.8	5;4318;6009;+;247.8	11;12112;13947;+;407.8		11;12112;13947;+;67.0	B	8/9	split_2	64719	1	1	11433..12020+;195;unnamed;0
NZ_CP021287.1	MPF_F	-	142	0	0	GA	0															not_admitted	not_admitted	not_admitted	not_admitted	not_admitted	not_admitted	not_admitted	not_admitted	not_admitted	not_admitted	1	59;50650;51615;+;347.3	64;55389;56759;+;321.2	62;54083;54871;+;140.4	56;46943;49660;+;204.8	65;56756;59515;+;260.5	55;45380;46834;+;45.2	56;46943;49660;+;101.7	53;44092;44649;+;94.4	60;51632;52294;+;81.2	61;52323;54086;+;214.0	66;59594;61597;+;365.3		66;59594;61597;+;70.6	B	8/9	contiguous	15502	1	1	59594..61597+;667;unnamed;0
NZ_CP021289.1	MPF_F	Col156;IncFIB(AP001918);IncFII	169	0	0	GA	0															not_admitted	not_admitted	not_admitted	not_admitted	not_admitted	not_admitted	not_admitted	not_admitted	not_admitted	not_admitted	1	86;78357;79349;-;369.5	71;69516;70889;-;381.7	78;73094;73837;-;234.4	89;80358;82988;-;297.8	70;66700;69519;-;373.5	96;86256;87707;-;93.8	89;80358;82988;-;99.0	98;88422;88988;-;174.3	83;76776;77414;-;70.8	80;74114;75964;-;270.8	66;62169;64430;-;391.6	93;84881;85396;-;82.8	66;62169;64430;-;70.3	A	9/9	contiguous	26253	1	1	66184..66675-;163;TraS;0
NZ_CP021322.1	MPF_F	-	88	0	0	GA	0															not_admitted	not_admitted	not_admitted	not_admitted	not_admitted	not_admitted	not_admitted	not_admitted	not_admitted	not_admitted	1	27;19438;20481;+;369.2	32;24460;25887;+;325.8	30;23250;24062;+;219.1	23;15150;17876;+;164.6	33;25903;28905;+;208.7	19;12152;13468;+;102.7	23;15150;17876;+;108.4	17;10861;11439;+;82.6	28;20496;21203;+;107.6	29;21200;23257;+;92.2		22;14496;15140;+;41.9		A	9/9	contiguous	15042	1	1	28977..29495+;172;unnamed;0
NZ_CP021328.1	MPF_F	IncFIB(pQil);IncFII(Yp);IncU;repFIB;repHI5B	499	0	0	GA	0															not_admitted	not_admitted	not_admitted	not_admitted	not_admitted	not_admitted	not_admitted	not_admitted	not_admitted	not_admitted	1	116;110245;111237;-;372.3	106;103242;104612;-;383.1	109;105381;106133;-;222.2	119;112260;114899;-;258.9	105;100387;103242;-;333.3	126;118009;119430;-;88.0	119;112260;114899;-;88.4	128;120151;120717;-;161.7	383;329430;330791;+;71.7	114;107654;109609;-;254.7	102;96324;98642;-;390.7	372;316416;317153;+;56.3	102;96324;98642;-;66.8	A	9/9	split_2	233106	1	1	99699..100370-;223;unnamed;0
NZ_CP021331.1	-	-	188	0	0	GA	0															not_admitted	not_admitted	not_admitted	not_admitted	not_admitted	not_admitted	not_admitted	not_admitted	not_admitted	not_admitted	1	84;73434;74426;+;350.2	90;78965;80341;+;344.3	89;78135;78962;+;187.7	80;69478;71961;+;186.1	91;80355;83690;+;287.7	78;67808;69061;+;90.2	80;69478;71961;+;114.2	76;66535;67089;+;118.8	85;74411;75157;+;92.2	87;76320;77750;+;142.0	23;19568;21805;+;457.8	79;69058;69468;+;43.1	23;19568;21805;+;88.1	A	9/9	split_2	60787	0	1	
NZ_CP021334.1	MPF_F	-	257	0	0	GA	0															not_admitted	not_admitted	not_admitted	not_admitted	not_admitted	not_admitted	not_admitted	not_admitted	not_admitted	not_admitted	1	124;125986;127131;+;114.1			122;122395;125517;+;218.4	127;128907;130577;+;78.0		122;122395;125517;+;26.7				112;114361;116412;+;24.5		112;114361;116412;+;44.0	D	3/9	contiguous	14546	0	0	
NZ_CP021365.1	MPF_F	-	92	0	0	GA	0															not_admitted	not_admitted	not_admitted	not_admitted	not_admitted	not_admitted	not_admitted	not_admitted	not_admitted	not_admitted	1	33;23630;24631;+;396.4	39;29129;30535;+;377.4	38;28306;29118;+;250.9	29;20165;22114;+;107.5	40;30547;33594;+;223.5	23;16570;17919;+;122.0	29;20165;22114;+;127.6	21;15311;15904;+;171.3	34;24631;25407;+;106.8	36;26698;27942;+;178.4	9;4671;6668;+;423.1	26;18804;19454;+;54.1	9;4671;6668;+;80.7	A	9/9	contiguous	25876	0	1	
NZ_CP021369.1	-	-	125	0	0	GA	1	2;2565;3305;+;43.0	79;62830;63180;+;36.1		81;63598;66123;+;38.4	81;63598;66123;+;97.5	87;69056;69802;+;41.3	89;70195;71715;+;28.9		90;71786;72493;+;113.9	91;72510;73418;+;143.1	92;73408;74823;+;152.7	71;54856;56457;-;174.3	116;106648;108978;+;319.0		conjscan	conjscan_only	A	7/7	canonical	1	0	unscoreable	16	0	0														not_admitted	not_admitted	not_admitted	not_admitted	not_admitted	not_admitted	not_admitted
NZ_CP021370.1	MPF_F	-	99	0	0	GA	0															not_admitted	not_admitted	not_admitted	not_admitted	not_admitted	not_admitted	not_admitted	not_admitted	not_admitted	not_admitted	1	49;40474;41475;-;396.4	43;34569;35975;-;377.4	44;35986;36798;-;250.9	53;42991;45615;-;207.5	42;31510;34557;-;223.5	57;47188;48537;-;122.0	53;42991;45615;-;126.6	59;49203;49796;-;171.3	48;39698;40474;-;106.8	46;37162;38406;-;178.4	71;58439;60436;-;423.1	54;45653;46303;-;54.1	71;58439;60436;-;80.7	A	9/9	contiguous	26929	0	1	
NZ_CP021406.1	MPF_T	-	198	0	0	GA	1	47;40542;41696;+;73.6	43;37459;37752;+;75.5	44;37745;38023;+;88.8	45;38013;40388;+;83.6	45;38013;40388;+;48.3	48;41696;42505;+;65.1	55;46948;48024;+;129.6		49;42617;43273;+;169.3	50;43275;43970;+;164.4	51;43967;45346;+;178.3	52;45351;46337;+;103.8	85;74679;76664;-;286.6		pfam	both	A	7/7	canonical	1	0	unscoreable	3	0	0														not_admitted	not_admitted	not_admitted	not_admitted	not_admitted	not_admitted	not_admitted
NZ_CP021418.1	MPF_T	IncX4	38	0	0	GA	1	10;4804;5424;+;41.6	11;5438;5764;+;64.4	12;5783;8530;+;63.8	12;5783;8530;+;151.8	12;5783;8530;+;46.1	13;8542;9258;+;94.2	14;9270;10364;+;150.1		16;10879;11565;+;169.0	17;11562;12470;+;142.4	18;12463;13581;+;163.9	19;13583;14611;+;85.0	20;14643;16460;+;314.8		pfam	pfam_only	A	7/7	canonical	1	1	unscoreable	1	0	0														not_admitted	not_admitted	not_admitted	not_admitted	not_admitted	not_admitted	not_admitted
NZ_CP021419.1	MPF_T	IncX4	42	0	0	GA	1	14;6800;7420;+;41.6	15;7434;7760;+;64.4	16;7779;10526;+;63.8	16;7779;10526;+;151.8	16;7779;10526;+;46.1	17;10538;11254;+;94.2	18;11266;12360;+;150.1		20;12875;13561;+;169.0	21;13558;14466;+;142.4	22;14459;15577;+;163.9	23;15579;16607;+;85.0	24;16639;18456;+;314.8		pfam	pfam_only	A	7/7	canonical	1	1	unscoreable	1	0	0														not_admitted	not_admitted	not_admitted	not_admitted	not_admitted	not_admitted	not_admitted
NZ_CP021432.1	-	-	100	0	0	GA	1	36;37599;38639;+;67.1	31;32714;32998;+;92.7	32;33111;33389;+;68.5	33;33379;35754;+;78.1	33;33379;35754;+;41.8	37;38636;39403;+;53.2	39;39783;40796;+;113.6		40;40832;41488;+;173.3	41;41493;42215;+;178.0	42;42218;43657;+;170.9	43;43659;44633;+;119.5	45;46091;48031;-;276.2		pfam	pfam_only	A	7/7	canonical	1	0	unscoreable	4	0	0														not_admitted	not_admitted	not_admitted	not_admitted	not_admitted	not_admitted	not_admitted
NZ_CP021534.1	MPF_T	IncX3	57	0	0	GA	1	21;19346;19990;-;46.4	20;19072;19362;-;73.1	19;16294;19047;-;47.0	19;16294;19047;-;142.4	19;16294;19047;-;73.3	18;15514;16284;-;60.1	16;14180;15235;-;133.2		15;13257;13985;-;119.4	14;12322;13251;-;138.8	13;11111;12325;-;128.3	11;9881;10915;-;65.7	10;8043;9878;-;495.9		pfam	pfam_only	A	7/7	canonical	1	1	unscoreable	2	0	0														not_admitted	not_admitted	not_admitted	not_admitted	not_admitted	not_admitted	not_admitted
NZ_CP021536.1	MPF_F	IncC;IncFIA;IncFIB(AP001918);IncFII	300	0	0	GA	0															not_admitted	not_admitted	not_admitted	not_admitted	not_admitted	not_admitted	not_admitted	not_admitted	not_admitted	not_admitted	1	214;168198;169190;-;369.5	201;160420;161793;-;382.9	207;163721;164464;-;234.1	217;170199;172829;-;300.9	200;157598;160423;-;384.7	161;120798;122114;+;135.0	217;170199;172829;-;100.9	229;179031;179597;-;182.9	212;167216;167854;-;68.6	209;164741;166504;-;267.3	196;153149;155356;-;380.8	162;122111;122689;+;100.2	196;153149;155356;-;66.5	A	9/9	split_2	58233	1	1	157092..157601-;169;unnamed;0
NZ_CP021540.1	MPF_F	IncFIB(K)	216	0	0	GA	0															not_admitted	not_admitted	not_admitted	not_admitted	not_admitted	not_admitted	not_admitted	not_admitted	not_admitted	not_admitted	1	141;137125;138117;-;366.6	131;130304;131674;-;381.2	135;132876;133628;-;232.4	144;139143;141782;-;258.7	130;127455;130304;-;344.2	153;145597;147021;-;89.2	144;139143;141782;-;88.8	155;147748;148314;-;167.0	140;136474;137112;-;67.0	139;134471;136477;-;259.0	126;123333;125642;-;393.2	151;144416;144985;-;49.7	126;123333;125642;-;65.8	A	9/9	contiguous	24415	1	1	126754..127452-;232;unnamed;0
NZ_CP021541.1	MPF_F	IncFIB(pQil);IncFII(K)	132	0	0	GA	0															not_admitted	not_admitted	not_admitted	not_admitted	not_admitted	not_admitted	not_admitted	not_admitted	not_admitted	not_admitted	1	66;48228;49217;+;366.6	76;54764;56131;+;384.0	72;52754;53506;+;233.7	62;44146;46785;+;258.5	77;56131;58980;+;346.4	56;39321;40745;+;89.3	62;44146;46785;+;88.7	54;38028;38594;+;169.3	67;49230;49868;+;67.0	68;49927;51882;+;259.7	81;61442;63754;+;393.1	57;40819;41403;+;54.4	81;61442;63754;+;66.6	A	9/9	contiguous	23414	1	1	58983..59516+;177;unnamed;0
NZ_CP021542.1	MPF_T	IncX3	56	0	0	GA	1	12;6778;7422;+;46.4	13;7406;7696;+;73.1	14;7721;10474;+;47.0	14;7721;10474;+;145.4	14;7721;10474;+;73.3	15;10484;11254;+;60.1	17;11533;12588;+;133.2		18;12783;13511;+;119.4	19;13517;14446;+;138.8	20;14443;15657;+;128.3	22;15853;16887;+;65.7	23;16890;18725;+;495.9		pfam	pfam_only	A	7/7	canonical	1	1	unscoreable	2	0	0														not_admitted	not_admitted	not_admitted	not_admitted	not_admitted	not_admitted	not_admitted
NZ_CP021544.1	MPF_F	IncFIB(K);IncFII(K)	220	0	0	GA	0															not_admitted	not_admitted	not_admitted	not_admitted	not_admitted	not_admitted	not_admitted	not_admitted	not_admitted	not_admitted	1	137;133186;134178;-;366.6	127;126365;127735;-;381.2	131;128937;129689;-;232.4	140;135204;137843;-;258.7	126;123516;126365;-;344.2	149;141658;143082;-;89.2	140;135204;137843;-;88.8	151;143809;144375;-;167.0	136;132535;133173;-;67.0	135;130532;132538;-;259.0	122;119393;121702;-;393.2	147;140477;141046;-;49.7	122;119393;121702;-;65.8	A	9/9	contiguous	24416	1	1	122983..123513-;176;unnamed;0
NZ_CP021545.1	MPF_F	IncFII(Yp);repB(R1701)	143	0	0	GA	0															not_admitted	not_admitted	not_admitted	not_admitted	not_admitted	not_admitted	not_admitted	not_admitted	not_admitted	not_admitted	1	129;112362;113354;+;362.9	138;118444;119814;+;378.1	135;116908;117660;+;223.8	126;108697;111336;+;259.1	139;119814;122693;+;343.0	116;103513;104934;+;87.4	126;108697;111336;+;83.9	114;102220;102786;+;167.2	130;113367;114005;+;66.0	131;114064;116019;+;255.2		118;105395;105958;+;55.8		A	9/9	contiguous	17594	1	1	122696..123226+;176;unnamed;0
NZ_CP021546.1	MPF_T	IncI2(Delta)	91	0	0	GA	1	82;65904;66386;-;81.1		5;7303;7587;-;36.5	4;4940;7297;-;59.8	4;4940;7297;-;45.0	16;13150;13797;-;41.6	17;13803;14789;-;120.4		3;4042;4776;-;144.3	2;3275;4045;-;170.6	1;2146;3285;-;154.7	85;68155;69693;-;207.1	90;73758;74570;-;137.0		pfam	pfam_only	A	7/7	rearranged	1	0	unscoreable	15	0	0														not_admitted	not_admitted	not_admitted	not_admitted	not_admitted	not_admitted	not_admitted
NZ_CP021551.1	MPF_F	IncC	195	0	0	GA	0															not_admitted	not_admitted	not_admitted	not_admitted	not_admitted	not_admitted	not_admitted	not_admitted	not_admitted	not_admitted	1	189;156465;157472;-;332.9	98;72283;73716;-;339.2	99;73718;74746;-;221.7	194;160224;161825;-;113.4	97;68656;72270;-;375.3	5;8352;9668;-;135.0	194;160224;161825;-;130.8	7;10566;11192;-;92.1	191;158137;159402;-;67.6	188;153554;156349;-;145.3	16;15002;16867;-;47.4	4;7777;8355;-;100.2	16;15002;16867;-;52.0	A	9/9	split_3	152447	0	1	
NZ_CP021650.1	MPF_T	IncP1	85	0	0	GA	1	40;38341;38976;+;23.5	29;28024;28488;+;63.5	30;28492;28803;+;49.8	31;28800;31358;+;91.0	31;28800;31358;+;112.1	36;34992;35756;+;122.3	38;36004;37722;+;143.0		32;31355;32137;+;145.8	33;32155;33054;+;186.5	35;33550;34971;+;223.3	28;27045;28007;+;127.6	4;7611;9524;-;525.1		conjscan	conjscan_only	A	7/7	canonical	1	0	unscoreable	4	0	0														not_admitted	not_admitted	not_admitted	not_admitted	not_admitted	not_admitted	not_admitted
NZ_CP021657.1	-	-	75	0	0	GA	1	6;4158;4670;-;64.0		35;29692;30096;-;27.7	34;27381;29735;-;77.5		33;26717;27370;-;71.8	32;25769;26704;-;124.0		30;24857;25639;-;106.2	29;24075;24857;-;156.3	28;22843;24078;-;142.8	20;14106;15779;-;193.6	25;19976;21475;-;277.1		pfam	pfam_only	A	7/7	canonical	1	0	unscoreable	20	0	0														not_admitted	not_admitted	not_admitted	not_admitted	not_admitted	not_admitted	not_admitted
NZ_CP021658.1	MPF_F	-	72	0	0	GA	0															not_admitted	not_admitted	not_admitted	not_admitted	not_admitted	not_admitted	not_admitted	not_admitted	not_admitted	not_admitted	1	56;39165;40154;+;355.6	61;44112;45476;+;363.4	59;42704;43567;+;194.9	53;35529;38111;+;246.5	62;45476;48313;+;344.6	51;33599;34951;+;86.1	53;35529;38111;+;92.6	49;32280;32846;+;133.8	57;40165;40761;+;70.1	58;40776;42707;+;241.2	65;49686;51833;+;380.9	52;34964;35518;+;46.6	65;49686;51833;+;66.2	A	9/9	contiguous	17406	1	1	48310..48870+;186;unnamed;0
NZ_CP021661.1	-	-	125	0	0	GA	1	28;21827;22243;-;78.3	70;49040;49384;-;28.4		69;46320;48716;-;72.8		68;45631;46323;-;44.7	59;41802;42752;-;121.2		58;40789;41589;-;126.0	57;39981;40784;-;156.9	55;38741;39313;-;144.6	37;27828;29369;-;236.0	51;35753;37360;-;255.4		pfam	pfam_only	A	7/7	canonical	1	0	unscoreable	31	0	0														not_admitted	not_admitted	not_admitted	not_admitted	not_admitted	not_admitted	not_admitted
NZ_CP021681.1	MPF_T	IncY	97	0	0	GA	1	25;22354;23016;+;48.3	26;23027;23326;+;36.6	27;23336;26086;+;61.8	27;23336;26086;+;132.4	27;23336;26086;+;47.3	28;26105;26821;+;137.0	30;27135;28142;+;137.8		32;28352;29038;+;158.3	33;29031;29924;+;147.4	34;29921;31117;+;134.7	35;31121;32170;+;71.5	42;36908;38815;+;24.4		pfam	pfam_only	A	7/7	canonical	1	1	unscoreable	8	0	0														not_admitted	not_admitted	not_admitted	not_admitted	not_admitted	not_admitted	not_admitted
NZ_CP021682.1	MPF_T	IncX3	60	0	0	GA	1	13;12467;13111;-;46.4	12;12193;12483;-;73.1	11;9415;12168;-;47.0	11;9415;12168;-;142.4	11;9415;12168;-;73.3	10;8635;9405;-;60.1	8;7301;8356;-;133.2		7;6378;7106;-;119.4	6;5443;6372;-;138.8	5;4232;5446;-;128.3	3;3002;4036;-;65.7	2;1164;2999;-;495.9		pfam	pfam_only	A	7/7	canonical	1	1	unscoreable	2	0	0														not_admitted	not_admitted	not_admitted	not_admitted	not_admitted	not_admitted	not_admitted
NZ_CP021684.1	MPF_F	IncFII	94	0	0	GA	0															not_admitted	not_admitted	not_admitted	not_admitted	not_admitted	not_admitted	not_admitted	not_admitted	not_admitted	not_admitted	1	76;66079;67071;+;369.5	86;72850;74223;+;381.7	81;70177;70920;+;234.4	73;62440;65070;+;304.1	87;74220;77042;+;374.0	66;57990;59441;+;94.2	73;62440;65070;+;97.1	64;56709;57275;+;174.3	78;67415;68053;+;68.6	79;68050;69900;+;264.8	93;81900;84179;+;391.0	69;60301;60816;+;78.4	93;81900;84179;+;70.3	A	9/9	contiguous	25191	1	1	77064..77474+;136;TraS;0
NZ_CP021686.1	MPF_F	IncFIB(K);IncFII(K)	184	0	0	GA	0															not_admitted	not_admitted	not_admitted	not_admitted	not_admitted	not_admitted	not_admitted	not_admitted	not_admitted	not_admitted	1	2;2696;3685;-;366.6	176;179158;180525;-;384.5	180;181783;182535;-;231.8	6;5139;7781;-;258.5	175;176336;179158;-;346.4	13;10994;12418;-;89.2	6;5139;7781;-;88.2	15;13145;13711;-;169.3	1;2045;2683;-;66.9	0;31;1986;-;259.7	171;171412;173721;-;392.8	12;10296;10880;-;54.3	171;171412;173721;-;65.8	A	9/9	split_2	181752	1	1	175711..176313-;200;TraS;0
NZ_CP021690.1	MPF_F	Col156;IncFIA;IncFIB(AP001918);IncFII(pRSB107)	185	0	0	GA	0															not_admitted	not_admitted	not_admitted	not_admitted	not_admitted	not_admitted	not_admitted	not_admitted	not_admitted	not_admitted	1	181;159177;160169;-;369.5		176;155328;156071;-;231.4	184;161178;162959;-;120.3		6;2645;4096;-;94.1	184;161178;162959;-;97.7	8;4811;5377;-;184.3	179;158195;158833;-;68.7	178;156348;158198;-;266.7	172;150885;153083;-;391.8	3;1276;1791;-;75.2	172;150885;153083;-;70.3	C	7/9	split_2	159902	0	1	
NZ_CP021692.1	MPF_T	IncX3	57	0	0	GA	1	4;5030;5674;-;46.4	3;4756;5046;-;73.1	2;1978;4731;-;47.0	2;1978;4731;-;142.4	2;1978;4731;-;73.3	1;1198;1968;-;60.1			56;45102;45830;-;119.4	55;44167;45096;-;138.8	54;42956;44170;-;128.3	52;41726;42760;-;65.7	51;39888;41723;-;495.9		pfam	pfam_only	B	6/7	uncallable	0	1	unscoreable	1	0	0														not_admitted	not_admitted	not_admitted	not_admitted	not_admitted	not_admitted	not_admitted
NZ_CP021695.1	MPF_F	IncC	277	1	1	GA	1	130;108326;108865;-;50.5	128;107016;107375;-;77.7	127;106690;107010;-;36.3	126;104192;106693;-;71.4	126;104192;106693;-;81.2		123;101596;103203;-;61.0		122;100955;101599;-;67.5	121;100029;100943;-;183.6	119;98372;99586;-;204.1	129;107385;108329;-;99.7	103;83577;85682;-;342.0	51;37602;40400;-;145.3	none	none	A	7/7	canonical	0	0	unscoreable	3	0	1	52;40516;41523;-;332.8	225;171696;173129;-;339.2	226;173131;174171;-;221.6	57;44275;46722;-;354.5	224;168069;171683;-;375.3	119;98372;99586;-;204.1	57;44275;46722;-;128.3	64;56492;57118;-;92.7	54;42188;43453;-;67.9	51;37602;40400;-;145.3	103;83577;85682;-;92.6	61;53703;54281;-;100.2	103;83577;85682;-;97.8	A	9/9	split_3	135529	0	1	
NZ_CP021699.1	MPF_F	IncFIB(pNDM-Mar);IncHI1B(pNDM-MAR)	396	0	0	GA	0															not_admitted	not_admitted	not_admitted	not_admitted	not_admitted	not_admitted	not_admitted	not_admitted	not_admitted	not_admitted	1	303;273138;274175;+;282.3	114;108438;109847;-;190.4	115;109837;110874;-;175.6	291;259589;262306;+;149.6	113;104468;108436;-;121.3	287;256106;257476;+;65.6	291;259589;262306;+;85.2	284;253600;254460;+;79.0	302;271780;273141;+;69.9	304;274185;277370;+;59.2	122;118073;120199;+;57.7	290;258807;259544;+;56.9	122;118073;120199;+;41.0	A	9/9	split_2	169717	0	1	
NZ_CP021709.1	MPF_F	IncC	214	0	0	GA	0															not_admitted	not_admitted	not_admitted	not_admitted	not_admitted	not_admitted	not_admitted	not_admitted	not_admitted	not_admitted	1	27;25085;26092;+;332.9	129;127951;129384;+;339.2	128;126921;127949;+;221.7	22;19886;22333;+;354.2	130;129397;133011;+;375.3	10;5241;6557;+;135.0	22;19886;22333;+;128.6	8;3717;4343;+;92.1	25;23155;24420;+;67.6	28;26208;29003;+;145.3	213;184800;186665;+;47.4	11;6554;7132;+;100.2	213;184800;186665;+;52.0	A	9/9	split_3	181083	0	1	
NZ_CP021710.1	MPF_F	IncFIB(K);IncFII(K);IncFII(pAR0022)	214	0	0	GA	0															not_admitted	not_admitted	not_admitted	not_admitted	not_admitted	not_admitted	not_admitted	not_admitted	not_admitted	not_admitted	1	129;137432;138424;-;366.6	119;130529;131896;-;381.2	123;133154;133906;-;233.7	131;139439;142078;-;258.7	118;127680;130529;-;345.6	140;145893;147317;-;89.2	131;139439;142078;-;88.8	142;148044;148610;-;167.0	128;136781;137419;-;67.0	127;134778;136784;-;259.6	114;122882;125194;-;392.7	138;144712;145281;-;49.7	114;122882;125194;-;66.6	A	9/9	contiguous	25162	1	1	127119..127667-;182;unnamed;0
NZ_CP021713.1	MPF_F	IncFIB(K);IncFII(K)	219	0	0	GA	0															not_admitted	not_admitted	not_admitted	not_admitted	not_admitted	not_admitted	not_admitted	not_admitted	not_admitted	not_admitted	1	41;51546;52538;-;366.6	31;44725;46095;-;381.2	35;47297;48049;-;232.4	44;53564;56203;-;258.7	30;41876;44725;-;344.2	53;60018;61442;-;89.2	44;53564;56203;-;88.8	55;62169;62735;-;167.0	40;50895;51533;-;67.0	39;48892;50898;-;259.0	26;37753;40062;-;393.2	51;58837;59406;-;49.7	26;37753;40062;-;65.8	A	9/9	contiguous	24416	1	1	41343..41873-;176;unnamed;0
NZ_CP021715.1	MPF_T	IncX3	55	0	0	GA	1		0;137;427;+;73.1	1;452;3205;+;47.0	1;452;3205;+;145.4	1;452;3205;+;73.3	2;3215;3985;+;60.1	4;4264;5319;+;133.2		5;5514;6014;+;79.9	7;6247;7176;+;138.8	8;7173;8387;+;128.3	10;8583;9617;+;65.7	11;9620;11455;+;495.9		pfam	pfam_only	A	7/7	canonical	1	1	unscoreable	2	0	0														not_admitted	not_admitted	not_admitted	not_admitted	not_admitted	not_admitted	not_admitted
NZ_CP021719.1	MPF_F	IncC	167	0	0	GA	0															not_admitted	not_admitted	not_admitted	not_admitted	not_admitted	not_admitted	not_admitted	not_admitted	not_admitted	not_admitted	1		43;27735;29168;-;339.2	44;29170;30198;-;221.7	115;87861;88094;+;58.1	42;24108;27722;-;375.3	123;97763;99079;-;135.0		125;99977;100603;-;92.1				122;97188;97766;-;100.2		C	6/9	split_2	75869	0	0	
NZ_CP021727.1	MPF_F	IncHI2;IncHI2A	248	0	0	GA	0															not_admitted	not_admitted	not_admitted	not_admitted	not_admitted	not_admitted	not_admitted	not_admitted	not_admitted	not_admitted	1	227;200550;201608;+;276.9		116;97739;98626;-;174.9	211;178297;180978;+;168.0		207;174612;175967;+;80.7	211;178297;180978;+;72.2	204;172100;172888;+;74.8	225;198897;200408;+;62.0	228;201627;204815;+;57.3	123;105668;107752;+;56.8	210;177338;178288;+;46.1	123;105668;107752;+;38.8	C	7/9	split_3	103888	0	1	
NZ_CP021728.1	MPF_F	IncFIB(AP001918);IncFII	184	0	0	GA	0															not_admitted	not_admitted	not_admitted	not_admitted	not_admitted	not_admitted	not_admitted	not_admitted	not_admitted	not_admitted	1	161;145381;146373;+;367.3	172;152060;153433;+;374.3	165;149102;149845;+;234.1	158;141745;144372;+;305.4	173;153430;156246;+;387.9	152;138263;139690;+;91.7	158;141745;144372;+;99.1	150;136981;137547;+;183.8	162;146382;147020;+;67.3	163;147017;148825;+;268.3	176;157809;159962;+;391.1	156;140714;141229;+;77.3	176;157809;159962;+;69.2	A	9/9	contiguous	20828	1	1	156279..156800+;173;unnamed;0
NZ_CP021730.1	MPF_T	IncN	69	0	0	GA	1	39;30931;31665;+;32.5	41;31965;32258;+;28.7	42;32308;32625;+;63.3	43;32625;35225;+;111.8	43;32625;35225;+;76.8	44;35243;35956;+;97.1	46;36207;37247;+;153.6		47;37466;38164;+;131.9	48;38175;39059;+;159.0	49;39059;40219;+;154.9	50;40261;41256;+;81.2	9;8845;10374;-;38.5		pfam	both	A	7/7	canonical	1	0	unscoreable	2	0	0														not_admitted	not_admitted	not_admitted	not_admitted	not_admitted	not_admitted	not_admitted
NZ_CP021733.1	MPF_F	IncFIA;IncFIB(AP001918);IncFII	136	0	0	GA	0															not_admitted	not_admitted	not_admitted	not_admitted	not_admitted	not_admitted	not_admitted	not_admitted	not_admitted	not_admitted	1	0;296;1288;-;367.4	125;107504;108877;-;380.9	132;111091;111834;-;235.0	3;2297;4924;-;305.4	124;104682;107507;-;385.9	9;6979;8406;-;94.3	3;2297;4924;-;98.5	11;9121;9687;-;183.8	135;113916;114233;-;48.0	134;112111;113919;-;268.3	121;100990;103179;-;391.3	5;5440;5955;-;78.4	121;100990;103179;-;70.4	A	9/9	split_2	113620	1	1	104176..104685-;169;unnamed;0
NZ_CP021734.1	MPF_T	IncN;IncY	99	0	0	GA	1	62;57387;58121;-;32.5		59;56427;56744;-;63.3	87;75466;77907;+;134.3	58;53827;56427;-;76.4	88;77926;78642;+;137.0	55;51805;52845;-;142.4		92;80173;80859;+;158.3	53;49993;50877;-;159.7	52;48833;49993;-;156.3	51;47796;48791;-;81.2	2;3534;5441;+;24.3		pfam	both	A	7/7	uncallable	0	0	unscoreable	5	0	0														not_admitted	not_admitted	not_admitted	not_admitted	not_admitted	not_admitted	not_admitted
NZ_CP021735.1	MPF_T	IncX4	45	0	0	GA	1	8;8912;9532;-;41.6	7;8572;8898;-;64.4	6;5806;8553;-;63.8	6;5806;8553;-;151.8	6;5806;8553;-;46.1	5;5078;5794;-;94.2	4;3972;5066;-;150.1		2;2771;3457;-;169.0	1;1866;2774;-;142.4	0;755;1873;-;163.9		44;29641;31458;-;316.5		pfam	pfam_only	B	6/7	canonical	1	1	unscoreable	1	0	0														not_admitted	not_admitted	not_admitted	not_admitted	not_admitted	not_admitted	not_admitted
NZ_CP021737.1	MPF_F	IncFIA;IncFII	123	0	0	GA	0															not_admitted	not_admitted	not_admitted	not_admitted	not_admitted	not_admitted	not_admitted	not_admitted	not_admitted	not_admitted	1	113;109303;110295;+;371.6	122;115357;116730;+;380.7	117;113024;113767;+;233.3	110;105667;108294;+;303.5	0;2;1843;+;96.2	104;102081;103508;+;91.9	110;105667;108294;+;99.0	102;100800;101366;+;182.9	114;110304;110942;+;64.9	115;110939;112747;+;268.2	3;3375;5609;+;391.7	109;104636;105151;+;76.4	3;3375;5609;+;70.3	A	9/9	split_2	115355	1	1	1868..2359+;163;TraS;0
NZ_CP021738.1	MPF_T	IncX3	58	0	0	GA	1	38;34443;35087;-;46.4	37;34169;34459;-;73.1	36;31391;34144;-;47.0	36;31391;34144;-;142.4	36;31391;34144;-;73.3	35;30611;31381;-;60.1	33;29277;30332;-;133.2		32;28354;29082;-;119.4	31;27419;28348;-;138.8	30;26208;27422;-;128.3	28;24978;26012;-;65.7	27;23140;24975;-;495.9		pfam	pfam_only	A	7/7	canonical	1	1	unscoreable	2	0	0														not_admitted	not_admitted	not_admitted	not_admitted	not_admitted	not_admitted	not_admitted
NZ_CP021752.1	MPF_F	IncFIB(K);IncFII(K)	220	0	0	GA	0															not_admitted	not_admitted	not_admitted	not_admitted	not_admitted	not_admitted	not_admitted	not_admitted	not_admitted	not_admitted	1	35;45718;46710;-;366.6	25;38897;40267;-;381.2	29;41469;42221;-;232.4	38;47736;50375;-;258.7	24;36048;38897;-;344.2	47;54190;55614;-;89.2	38;47736;50375;-;88.8	49;56341;56907;-;167.0	34;45067;45705;-;67.0	33;43064;45070;-;259.0	20;31925;34234;-;393.2	45;53009;53578;-;49.7	20;31925;34234;-;65.8	A	9/9	contiguous	24416	1	1	35515..36045-;176;unnamed;0
NZ_CP021753.1	MPF_F	IncFII(Yp);repB(R1701)	128	0	0	GA	0															not_admitted	not_admitted	not_admitted	not_admitted	not_admitted	not_admitted	not_admitted	not_admitted	not_admitted	not_admitted	1	42;28973;29965;+;362.9	51;35055;36425;+;378.1	48;33519;34271;+;223.8	39;25308;27947;+;259.1	52;36425;39304;+;343.0	29;20124;21545;+;87.4	39;25308;27947;+;83.9	27;18831;19397;+;167.2	43;29978;30616;+;66.0	44;30675;32630;+;255.2	54;40074;42374;+;390.5	31;22006;22569;+;55.8	54;40074;42374;+;65.8	A	9/9	contiguous	21243	1	1	39307..39837+;176;unnamed;0
NZ_CP021754.1	MPF_T	IncI2(Delta)	91	0	0	GA	1	82;65060;65542;-;81.1		5;6368;6652;-;36.5	4;4005;6362;-;59.8	4;4005;6362;-;45.0	16;12215;12862;-;41.6	17;12868;13854;-;120.4		3;3107;3841;-;144.3	2;2340;3110;-;170.6	1;1211;2350;-;154.7	85;67311;68849;-;207.1	90;72914;74626;-;287.6		pfam	pfam_only	A	7/7	rearranged	1	0	unscoreable	15	0	0														not_admitted	not_admitted	not_admitted	not_admitted	not_admitted	not_admitted	not_admitted
NZ_CP021759.1	MPF_T	IncX3	58	0	0	GA	1	15;13156;13800;-;46.4	14;12882;13172;-;73.1	13;10104;12857;-;47.0	13;10104;12857;-;142.4	13;10104;12857;-;73.3	12;9324;10094;-;60.1	10;7990;9045;-;133.2		9;7067;7795;-;119.4	8;6132;7061;-;138.8	7;4921;6135;-;128.3	5;3691;4725;-;65.7	4;1853;3688;-;495.9		pfam	pfam_only	A	7/7	canonical	1	1	unscoreable	2	0	0														not_admitted	not_admitted	not_admitted	not_admitted	not_admitted	not_admitted	not_admitted
NZ_CP021787.1	MPF_F	-	115	0	0	GA	0															not_admitted	not_admitted	not_admitted	not_admitted	not_admitted	not_admitted	not_admitted	not_admitted	not_admitted	not_admitted	1	102;71198;72241;+;369.2	107;76220;77647;+;325.8	105;75010;75822;+;219.1	98;66910;69636;+;164.6	108;77663;80665;+;208.7	94;63912;65228;+;102.7	98;66910;69636;+;108.4	92;62621;63199;+;82.6	103;72256;72963;+;107.6	104;72960;75017;+;92.2	56;33090;35249;+;381.4	97;66256;66900;+;41.9	56;33090;35249;+;89.7	A	9/9	split_2	44573	1	1	80737..81255+;172;unnamed;0
NZ_CP021794.1	MPF_T	-	1481	0	0	GA	1		1414;1375182;1375481;+;87.9	1415;1375486;1375827;+;105.8	1416;1375802;1378198;+;172.3	1416;1375802;1378198;+;108.5	1417;1378198;1378899;+;198.9	1419;1379134;1379742;+;120.2		1423;1381691;1382362;+;215.6	1424;1382362;1383216;+;183.4	1425;1383226;1384398;+;184.7	1271;1222927;1224420;+;213.3	40;42277;44196;+;336.2		pfam	both	A	7/7	canonical	1	0	unscoreable	4	0	0														not_admitted	not_admitted	not_admitted	not_admitted	not_admitted	not_admitted	not_admitted
NZ_CP021796.1	MPF_T	-	295	0	0	GA	1	193;181336;182043;-;63.0	192;180960;181322;-;63.1	191;180637;180963;-;71.0	190;178268;180637;-;205.0	190;178268;180637;-;82.5		188;176603;177490;-;53.1		187;175703;176416;-;170.8	186;174825;175706;-;159.4	185;173710;174828;-;182.4	184;172630;173670;-;101.9	180;166135;167703;+;488.4		none	none	A	7/7	canonical	0	0	unscoreable	5	0	0														not_admitted	not_admitted	not_admitted	not_admitted	not_admitted	not_admitted	not_admitted
NZ_CP021798.1	MPF_T	-	1404	0	0	GA	1		1399;1359371;1359670;+;89.1	1400;1359675;1360016;+;106.3	1401;1359991;1362387;+;172.9	1401;1359991;1362387;+;108.5	1402;1362387;1363088;+;204.3	0;128;631;+;74.2		2;947;1618;+;215.8	3;1618;2472;+;183.4	4;2482;3654;+;182.1	1260;1211977;1213470;+;213.3	219;202271;204190;+;336.4		pfam	both	A	7/7	rearranged	1	0	unscoreable	1	0	0														not_admitted	not_admitted	not_admitted	not_admitted	not_admitted	not_admitted	not_admitted
NZ_CP021801.1	MPF_T	-	1458	0	0	GA	1		840;807124;807423;+;88.9	841;807428;807769;+;105.8	842;807744;810140;+;172.3	842;807744;810140;+;108.5	843;810140;810841;+;198.9	845;811076;812011;+;160.3		847;812327;812998;+;215.6	848;812998;813852;+;183.4	849;813862;815031;+;180.8	695;655621;657114;+;213.5	947;905939;907858;+;336.3		pfam	both	A	7/7	canonical	1	0	unscoreable	2	0	0														not_admitted	not_admitted	not_admitted	not_admitted	not_admitted	not_admitted	not_admitted
NZ_CP021803.1	MPF_T	-	316	0	0	GA	1	83;83020;84108;+;98.1	80;79920;80258;+;70.9	81;80262;80561;+;75.9	82;80564;83023;+;125.3	82;80564;83023;+;98.2	84;84120;84821;+;36.7	86;85054;86082;+;146.3		87;86122;86817;+;181.9	88;86814;87623;+;197.7	89;87623;88834;+;206.6	90;88815;89843;+;134.9	91;89840;91939;+;311.3		pfam	pfam_only	A	7/7	canonical	1	0	unscoreable	1	0	0														not_admitted	not_admitted	not_admitted	not_admitted	not_admitted	not_admitted	not_admitted
NZ_CP021805.1	MPF_T	-	1373	0	0	GA	1		1020;1045375;1045674;-;88.9	1019;1045029;1045370;-;105.7	1018;1042658;1045054;-;172.7	1018;1042658;1045054;-;108.7	1017;1041957;1042658;-;203.2	1015;1040787;1041722;-;160.3		1013;1039800;1040471;-;215.6	1012;1038946;1039800;-;183.4	1011;1037764;1038936;-;180.6	1158;1190834;1192327;-;213.3	851;866545;868464;-;333.7		pfam	both	A	7/7	canonical	1	0	unscoreable	2	0	0														not_admitted	not_admitted	not_admitted	not_admitted	not_admitted	not_admitted	not_admitted
NZ_CP021807.1	MPF_T	-	162	0	0	GA	1	67;64273;65361;+;98.0	64;61173;61511;+;75.5	65;61515;61814;+;77.2	66;61817;64276;+;124.7	66;61817;64276;+;98.2	68;65373;66074;+;34.4	69;66307;67335;+;147.2		70;67362;68057;+;183.9	71;68054;68848;+;194.0	72;68864;70075;+;207.2	73;70056;71084;+;133.4	74;71081;73201;+;312.2		pfam	pfam_only	A	7/7	canonical	1	0	unscoreable	0	0	0														not_admitted	not_admitted	not_admitted	not_admitted	not_admitted	not_admitted	not_admitted
NZ_CP021809.1	MPF_T	-	1573	0	0	GA	1		1265;1262275;1262574;+;89.1	1266;1262579;1262920;+;106.8	1267;1262895;1265291;+;171.3	1267;1262895;1265291;+;108.5	1268;1265291;1265992;+;204.3	1270;1266228;1267163;+;162.8		1272;1267479;1268150;+;215.8	1273;1268150;1269004;+;183.4	1274;1269014;1270186;+;182.1	1123;1110173;1111666;+;213.3	1394;1379040;1380959;+;336.3		pfam	both	A	7/7	canonical	1	0	unscoreable	2	0	0														not_admitted	not_admitted	not_admitted	not_admitted	not_admitted	not_admitted	not_admitted
NZ_CP021811.1	MPF_T	-	242	0	0	GA	1		89;86720;87109;-;70.2	88;86428;86727;-;63.9	87;83964;86417;-;176.6	87;83964;86417;-;119.9	86;83189;83989;-;41.9	84;81814;82998;-;113.6		83;81145;81807;-;133.4	82;80315;81127;-;191.0	80;78563;79861;-;224.6	90;87099;88076;-;129.7	68;65538;67520;-;555.0		conjscan	conjscan_only	A	7/7	canonical	1	0	unscoreable	3	0	0														not_admitted	not_admitted	not_admitted	not_admitted	not_admitted	not_admitted	not_admitted
NZ_CP021813.1	MPF_T	-	1487	0	0	GA	1		1151;1104698;1104997;-;87.9	1150;1104352;1104693;-;105.7	1149;1101981;1104377;-;172.9	1149;1101981;1104377;-;105.8	1148;1101280;1101981;-;195.8	1146;1100109;1101044;-;163.4		1144;1099122;1099793;-;215.6	1143;1098268;1099122;-;183.4	1142;1097086;1098258;-;180.8	1295;1255666;1257159;-;213.3	1040;993380;995299;-;335.3		pfam	both	A	7/7	canonical	1	0	unscoreable	2	0	0														not_admitted	not_admitted	not_admitted	not_admitted	not_admitted	not_admitted	not_admitted
NZ_CP021816.1	MPF_T	-	220	0	0	GA	1		91;81277;81684;+;72.1	92;81677;81976;+;62.4	93;81987;84455;+;188.2	93;81987;84455;+;120.8	94;84427;85236;+;47.7	96;85445;86641;+;109.9		97;86656;87318;+;121.6	98;87336;88190;+;191.2	100;88679;89986;+;227.2	90;80316;81287;+;136.1	42;36838;38790;+;562.8		conjscan	conjscan_only	A	7/7	canonical	1	0	unscoreable	3	0	0														not_admitted	not_admitted	not_admitted	not_admitted	not_admitted	not_admitted	not_admitted
NZ_CP021817.1	MPF_T	-	134	0	0	GA	1		26;26129;26533;-;76.0		24;24315;25166;-;141.1	25;25269;25829;-;128.3							27;26523;27488;-;120.9	54;49412;50926;-;117.2		none	none	D	3/7	uncallable	0	0	unscoreable	0	0	0														not_admitted	not_admitted	not_admitted	not_admitted	not_admitted	not_admitted	not_admitted
NZ_CP021819.1	MPF_T	-	911	0	0	GA	1		716;712270;712569;+;88.4	717;712574;712915;+;106.8	719;713581;715287;+;146.3	718;712890;713600;+;107.2	720;715287;715988;+;198.9	722;716223;717158;+;160.3		724;717474;718145;+;215.6	725;718145;718999;+;183.4	726;719009;720181;+;182.7	573;562153;563646;+;213.3	778;768221;770140;+;335.8		pfam	both	A	7/7	canonical	1	0	unscoreable	2	0	0														not_admitted	not_admitted	not_admitted	not_admitted	not_admitted	not_admitted	not_admitted
NZ_CP021824.1	MPF_T	-	1636	0	0	GA	1	1041;1009322;1010029;-;63.5	775;758807;759106;+;89.1	776;759111;759452;+;106.8	1038;1006254;1008623;-;205.0	777;759427;761823;+;108.5	778;761823;762524;+;204.3	780;762760;763695;+;160.1		782;764011;764682;+;215.8	783;764682;765536;+;183.4	1033;1001696;1002814;-;183.3	634;607698;609191;+;211.5	1026;993923;995491;+;487.0		pfam	both	A	7/7	uncallable	0	0	unscoreable	9	0	0														not_admitted	not_admitted	not_admitted	not_admitted	not_admitted	not_admitted	not_admitted
NZ_CP021826.1	MPF_T	-	187	0	0	GA	1	3;1885;2973;-;99.0	6;5735;6073;-;75.0	5;5432;5731;-;77.7	4;2970;5429;-;126.3	4;2970;5429;-;98.0	2;1172;1873;-;35.0			186;177641;178336;-;184.1	185;176835;177644;-;197.5	184;175633;176835;-;209.5	183;174624;175652;-;132.4	182;172534;174627;-;310.5		pfam	pfam_only	B	6/7	uncallable	0	0	unscoreable	0	0	0														not_admitted	not_admitted	not_admitted	not_admitted	not_admitted	not_admitted	not_admitted
NZ_CP021827.1	MPF_T	-	1255	0	0	GA	1	1198;1226865;1227572;-;63.5	813;821372;821671;-;88.9	812;821026;821367;-;106.8	1195;1223797;1226166;-;205.0	811;818655;821051;-;108.5		807;816782;817717;-;162.8		805;815795;816466;-;215.8	804;814941;815795;-;183.4	803;813759;814931;-;182.1	931;946304;947797;-;213.3	1186;1214211;1215779;+;487.0		none	none	A	7/7	canonical	0	0	unscoreable	8	0	0														not_admitted	not_admitted	not_admitted	not_admitted	not_admitted	not_admitted	not_admitted
NZ_CP021830.1	MPF_T	-	1495	0	0	GA	1	524;536466;537173;-;63.5	249;274577;274876;+;87.9	250;274881;275222;+;105.7	521;533398;535767;-;205.0	251;275197;277593;+;108.6	252;277593;278294;+;203.2	254;278529;279464;+;160.3		256;279780;280451;+;215.8	257;280451;281305;+;183.4	516;528840;529958;-;183.3	132;148456;149949;+;213.3	509;521067;522635;+;487.0		pfam	both	A	7/7	uncallable	0	0	unscoreable	9	0	0														not_admitted	not_admitted	not_admitted	not_admitted	not_admitted	not_admitted	not_admitted
NZ_CP021834.1	MPF_F	IncFIB(K);IncFII(K)	223	0	0	GA	0															not_admitted	not_admitted	not_admitted	not_admitted	not_admitted	not_admitted	not_admitted	not_admitted	not_admitted	not_admitted	1	15;12595;13587;-;366.6	5;5774;7144;-;381.2	9;8346;9098;-;232.4	18;14613;17252;-;258.7	4;2925;5774;-;344.2	26;21057;22481;-;89.2	18;14613;17252;-;88.8	28;23208;23774;-;167.0	14;11944;12582;-;67.0	13;9941;11947;-;259.0	222;211639;212751;-;157.7	24;19876;20445;-;49.7	222;211639;212751;-;67.5	A	9/9	split_2	208714	1	1	2392..2922-;176;unnamed;0
NZ_CP021835.1	MPF_F	IncC	256	0	0	GA	0															not_admitted	not_admitted	not_admitted	not_admitted	not_admitted	not_admitted	not_admitted	not_admitted	not_admitted	not_admitted	1	11;12290;13297;-;332.9	57;59344;60777;+;339.2	56;58314;59342;+;221.7	16;16049;18496;-;354.5	58;60790;64404;+;375.3	21;26052;27368;-;135.0	16;16049;18496;-;128.3	23;28266;28892;-;92.7	13;13962;15227;-;67.9	10;9376;12174;-;145.3	167;136624;138729;+;92.6	20;25477;26055;-;100.2	167;136624;138729;+;97.8	A	9/9	split_3	127248	0	1	
NZ_CP021836.1	MPF_T	IncX3	57	0	0	GA	1	44;35331;35975;-;46.4	43;35057;35347;-;73.1	42;32279;35032;-;47.0	42;32279;35032;-;145.4	42;32279;35032;-;73.3	41;31499;32269;-;60.1	39;30165;31220;-;133.2		38;29470;29970;-;79.9	36;28308;29237;-;138.8	35;27097;28311;-;128.3	33;25867;26901;-;65.7	32;24029;25864;-;495.9		pfam	pfam_only	A	7/7	canonical	1	1	unscoreable	2	0	0														not_admitted	not_admitted	not_admitted	not_admitted	not_admitted	not_admitted	not_admitted
NZ_CP021843.1	MPF_F	IncFII	96	0	0	GA	0															not_admitted	not_admitted	not_admitted	not_admitted	not_admitted	not_admitted	not_admitted	not_admitted	not_admitted	not_admitted	1	73;54374;55366;+;369.3	85;61415;62788;+;381.0	79;59083;59826;+;233.3	70;51284;53365;+;191.8	86;62785;65610;+;389.2	63;47157;48584;+;94.3	70;51284;53365;+;99.3	61;45876;46442;+;183.8	76;56363;57001;+;68.6	77;56998;58806;+;268.0	89;67113;69293;+;391.8	67;49705;50220;+;77.3	89;67113;69293;+;70.4	A	9/9	contiguous	21237	1	1	65607..66116+;169;unnamed;0
NZ_CP021847.1	MPF_F	IncFII	100	0	0	GA	0															not_admitted	not_admitted	not_admitted	not_admitted	not_admitted	not_admitted	not_admitted	not_admitted	not_admitted	not_admitted	1	80;61936;62928;+;369.3	91;68978;69619;+;202.3	86;66645;67388;+;233.3	77;58300;60927;+;303.5	93;70347;73172;+;389.2	71;54721;56148;+;94.3	77;58300;60927;+;98.5	69;53440;54006;+;183.8	83;63925;64563;+;68.6	84;64560;66368;+;268.0	96;74675;76855;+;391.8	75;57269;57784;+;77.3	96;74675;76855;+;70.4	A	9/9	contiguous	21235	1	1	73169..73678+;169;unnamed;0
NZ_CP021853.1	MPF_F	IncC	216	0	0	GA	0															not_admitted	not_admitted	not_admitted	not_admitted	not_admitted	not_admitted	not_admitted	not_admitted	not_admitted	not_admitted	1	165;136585;137592;+;332.9	31;27131;28564;+;339.2	30;26101;27129;+;221.7	160;131386;133833;+;354.2	32;28577;32191;+;375.3	155;122559;123875;+;135.0	160;131386;133833;+;128.6	153;121035;121661;+;92.1	163;134655;135920;+;67.6	166;137708;140503;+;145.3	144;115360;117225;+;47.4	156;123872;124450;+;100.2	144;115360;117225;+;52.0	A	9/9	split_2	111607	0	1	
NZ_CP021854.1	-	-	33	0	0	GA	1	29;24705;25244;-;50.5	27;23395;23754;-;77.7	26;23069;23389;-;36.3	25;20571;23072;-;71.4	25;20571;23072;-;81.2		22;17975;19582;-;61.0		21;17334;17978;-;67.5	19;16408;17061;-;183.4	17;14751;15965;-;204.1	28;23764;24708;-;99.7			none	none	B	6/7	canonical	0	0	unscoreable	4	0	0														not_admitted	not_admitted	not_admitted	not_admitted	not_admitted	not_admitted	not_admitted
NZ_CP021857.1	MPF_F	IncFII(Yp);repB(R1701)	130	0	0	GA	0															not_admitted	not_admitted	not_admitted	not_admitted	not_admitted	not_admitted	not_admitted	not_admitted	not_admitted	not_admitted	1	122;100781;101773;+;362.9	1;532;1902;+;378.1	128;105327;106079;+;223.8	119;97116;99755;+;259.1	2;1902;4781;+;343.0	109;91932;93353;+;87.4	119;97116;99755;+;83.9	107;90639;91205;+;167.2	123;101786;102424;+;66.0	124;102483;104438;+;255.2	4;5551;7851;+;390.5	111;93814;94377;+;55.8	4;5551;7851;+;65.8	A	9/9	split_2	104795	1	1	4784..5314+;176;unnamed;0
NZ_CP021880.1	MPF_F	IncFIA;IncFIB(AP001918);IncFII	195	0	0	GA	0															not_admitted	not_admitted	not_admitted	not_admitted	not_admitted	not_admitted	not_admitted	not_admitted	not_admitted	not_admitted	1	78;66829;67821;+;366.3	89;73507;74880;+;380.9	82;70550;71293;+;235.0	75;63193;65820;+;305.4	90;74877;77702;+;385.9	69;59711;61138;+;94.3	75;63193;65820;+;98.5	67;58430;58996;+;182.1	79;67830;68468;+;68.6	80;68465;70273;+;268.3	93;79205;81394;+;391.3	73;62162;62677;+;78.4	93;79205;81394;+;70.4	A	9/9	contiguous	20775	1	1	77699..78208+;169;unnamed;0
NZ_CP021887.1	MPF_T	-	32	0	0	GA	1		28;28928;29218;+;61.5	29;29236;32004;+;76.3	29;29236;32004;+;170.8	29;29236;32004;+;79.1	0;41;715;+;66.6	1;712;1737;+;102.8		4;2530;3201;+;171.3	5;3198;4085;+;156.1	6;4157;5314;+;169.1	7;5295;6299;+;95.9	9;6877;8685;+;360.3		pfam	pfam_only	A	7/7	rearranged	1	1	unscoreable	3	0	0														not_admitted	not_admitted	not_admitted	not_admitted	not_admitted	not_admitted	not_admitted
NZ_CP021915.1	MPF_T	-	268	0	0	GA	1	70;69684;70838;-;70.4	74;73648;73938;-;74.4	73;73357;73635;-;89.6	72;70992;73367;-;87.6	72;70992;73367;-;45.3	69;68857;69684;-;68.9	62;63353;64432;-;129.6		68;68190;68849;-;153.7	67;67398;68189;-;168.4	66;66019;67401;-;176.5	65;65028;66017;-;107.8	59;60101;62125;+;286.6		pfam	both	A	7/7	canonical	1	0	unscoreable	5	0	0														not_admitted	not_admitted	not_admitted	not_admitted	not_admitted	not_admitted	not_admitted
NZ_CP021916.1	MPF_T	-	142	0	0	GA	1	139;129800;130954;-;72.8	0;456;644;-;48.2		141;131108;133273;-;81.6		138;128991;129803;-;68.5	131;123566;124642;-;125.1		137;128320;128973;-;171.5	136;127622;128317;-;172.3	135;126246;127625;-;179.7	134;125256;126242;-;104.2	110;100126;102120;+;288.5		pfam	both	A	7/7	canonical	1	0	unscoreable	3	0	0														not_admitted	not_admitted	not_admitted	not_admitted	not_admitted	not_admitted	not_admitted
NZ_CP021933.1	MPF_T	rep38	61	0	0	GA	1				49;49345;51363;+;25.4									55;55388;56899;+;463.3		none	none	D	2/7	uncallable	0	0	unscoreable	5	0	0														not_admitted	not_admitted	not_admitted	not_admitted	not_admitted	not_admitted	not_admitted
NZ_CP021936.1	MPF_F	IncC	172	0	0	GA	0															not_admitted	not_admitted	not_admitted	not_admitted	not_admitted	not_admitted	not_admitted	not_admitted	not_admitted	not_admitted	1	23;23015;24022;+;332.9	89;78797;80230;+;339.2	88;77767;78795;+;221.7	18;17816;20263;+;354.2	90;80243;83857;+;375.3	9;4505;5821;+;135.0	18;17816;20263;+;128.6	7;2981;3607;+;92.1	21;21085;22350;+;67.6	24;24138;26933;+;144.5	170;135646;137511;+;47.4	10;5818;6396;+;100.2	170;135646;137511;+;52.0	A	9/9	split_3	132665	0	1	
NZ_CP021938.1	MPF_F	IncFII(pSE11)	93	0	0	GA	0															not_admitted	not_admitted	not_admitted	not_admitted	not_admitted	not_admitted	not_admitted	not_admitted	not_admitted	not_admitted	1	62;52623;53615;-;369.5	48;44375;45748;-;381.7	55;47953;48696;-;234.4	65;54624;57254;-;297.8	47;41553;44378;-;374.6	73;60699;62126;-;94.1	65;54624;57254;-;98.7	75;62841;63407;-;174.3	58;50820;51458;-;68.5	57;48973;50823;-;267.2	43;37041;39311;-;391.1	70;59300;59815;-;78.4	43;37041;39311;-;70.3	A	9/9	contiguous	25800	1	1	41047..41556-;169;unnamed;0
NZ_CP021946.1	MPF_F	IncFII(pKP91);repB(R1701)	152	0	0	GA	0															not_admitted	not_admitted	not_admitted	not_admitted	not_admitted	not_admitted	not_admitted	not_admitted	not_admitted	not_admitted	1	58;34818;35807;+;363.3	68;41353;42720;+;384.5	64;39344;40096;+;233.7	54;30722;33361;+;259.0	69;42720;45542;+;345.0	44;25462;26886;+;89.2	54;30722;33361;+;87.3	42;24169;24735;+;169.3	59;35820;36458;+;64.7	60;36517;38472;+;259.7	73;48158;50470;+;393.2	46;27517;28089;+;54.6	73;48158;50470;+;65.8	A	9/9	contiguous	23989	1	1	45565..46167+;200;TraS;0
NZ_CP021951.1	MPF_F	IncFIB(K);IncFII(K)	180	0	0	GA	0															not_admitted	not_admitted	not_admitted	not_admitted	not_admitted	not_admitted	not_admitted	not_admitted	not_admitted	not_admitted	1	2;836;1825;+;366.6	12;7372;8739;+;384.5	8;5362;6114;+;231.8	178;178329;180971;+;258.5	13;8739;11561;+;346.4	171;173692;175116;+;89.2	178;178329;180971;+;88.2	169;172399;172965;+;169.3	3;1838;2476;+;66.9	4;2535;4490;+;259.7	17;14176;16485;+;392.8	172;175230;175814;+;54.3	17;14176;16485;+;65.8	A	9/9	split_2	177493	1	1	11584..12186+;200;TraS;0
NZ_CP021952.1	MPF_F	IncC;IncFIA(HI1)	212	0	0	GA	0															not_admitted	not_admitted	not_admitted	not_admitted	not_admitted	not_admitted	not_admitted	not_admitted	not_admitted	not_admitted	1	197;161564;162571;+;332.9	89;77565;78998;+;339.2	88;76535;77563;+;221.7	192;156365;158812;+;354.2	90;79011;82625;+;375.3	180;141613;142929;+;135.0	192;156365;158812;+;128.6	178;140089;140715;+;92.1	195;159634;160899;+;67.6	202;167474;167944;+;87.2	169;134414;136279;+;47.4	181;142926;143504;+;100.2	169;134414;136279;+;52.0	A	9/9	split_2	90939	0	1	
NZ_CP021956.1	MPF_F	IncC	187	0	0	GA	0															not_admitted	not_admitted	not_admitted	not_admitted	not_admitted	not_admitted	not_admitted	not_admitted	not_admitted	not_admitted	1	25;23661;24668;+;332.9	98;84370;85803;+;339.2	97;83340;84368;+;221.7	17;17210;19657;+;354.5	102;87569;90682;+;218.0	12;8338;9654;+;135.0	17;17210;19657;+;128.3	10;6814;7440;+;92.7	20;20479;21744;+;67.9	26;24784;27582;+;145.3	1;1139;3004;+;47.3	13;9651;10229;+;100.2	1;1139;3004;+;52.0	A	9/9	split_2	86430	0	1	
NZ_CP021959.1	MPF_F	IncFII(K);repB(R1701)	104	0	0	GA	0															not_admitted	not_admitted	not_admitted	not_admitted	not_admitted	not_admitted	not_admitted	not_admitted	not_admitted	not_admitted	1	52;37579;38568;+;366.6	62;44115;45482;+;384.0	58;42105;42857;+;233.7	48;33497;36136;+;258.5	63;45482;48331;+;346.4	42;28674;30098;+;89.3	48;33497;36136;+;88.7	40;27381;27947;+;169.3	53;38581;39219;+;67.0	54;39278;41233;+;259.7	67;50793;53105;+;393.1	43;30170;30754;+;54.7	67;50793;53105;+;66.6	A	9/9	contiguous	23412	1	1	48334..48867+;177;unnamed;0
NZ_CP022007.1	MPF_T	-	244	0	0	GA	1	165;144647;145069;+;68.8		228;196245;196508;+;26.1	229;196505;198982;+;67.3	229;196505;198982;+;78.2		232;199954;200964;+;51.3		160;139708;140424;+;85.5	161;140421;141296;+;143.7	162;141304;142578;+;131.7	170;149119;151431;+;135.1	234;202304;204172;+;34.8		none	none	A	7/7	canonical	0	0	unscoreable	9	0	0														not_admitted	not_admitted	not_admitted	not_admitted	not_admitted	not_admitted	not_admitted
NZ_CP022035.1	MPF_F	IncFII(p14)	154	0	0	GA	0															not_admitted	not_admitted	not_admitted	not_admitted	not_admitted	not_admitted	not_admitted	not_admitted	not_admitted	not_admitted	1	141;123420;124415;+;355.9	147;128640;130001;+;335.1	145;127228;128007;+;197.8	138;119736;122327;+;217.2	148;130003;132900;+;290.7	134;117303;118664;+;81.6	138;119736;122327;+;87.7	132;116023;116586;+;145.9	143;124791;125405;+;81.3	144;125402;127231;+;262.5		137;119111;119725;+;47.8		A	9/9	contiguous	13980	1	1	132912..133472+;186;unnamed;0
NZ_CP022051.2	MPF_T	IncX4	53	0	0	GA	1	4;3642;4253;-;53.8	3;3356;3670;-;30.8	2;2978;3298;-;39.0	1;666;2975;-;81.7	1;666;2975;-;33.1	7;5583;6224;+;33.9	6;4586;5581;+;126.4		50;41063;41800;-;158.9	49;40287;41066;-;167.2	48;39155;40297;-;143.5	47;38136;39155;-;91.9	46;36118;38085;-;291.4		pfam	pfam_only	A	7/7	uncallable	0	0	unscoreable	1	0	0														not_admitted	not_admitted	not_admitted	not_admitted	not_admitted	not_admitted	not_admitted
NZ_CP022061.1	MPF_T	IncX1	55	0	0	GA	1	13;8369;9016;+;45.2	14;8994;9290;+;77.5	15;9309;12062;+;46.6	15;9309;12062;+;148.0	15;9309;12062;+;75.3	16;12073;12831;+;67.3	18;13069;14202;+;106.4		19;14448;15161;+;119.7	20;15166;16095;+;134.1	21;16092;17297;+;132.5	22;17299;18330;+;76.6	23;18333;20168;+;490.8		pfam	pfam_only	A	7/7	canonical	1	1	unscoreable	1	0	0														not_admitted	not_admitted	not_admitted	not_admitted	not_admitted	not_admitted	not_admitted
NZ_CP022071.1	MPF_F	IncFIB(S);IncFII(S);IncFII(pAR0022)	116	0	0	GA	0															not_admitted	not_admitted	not_admitted	not_admitted	not_admitted	not_admitted	not_admitted	not_admitted	not_admitted	not_admitted	1	3;2449;3441;-;366.7	110;89681;91063;-;392.4	113;92095;92844;-;231.0	6;4428;7076;-;314.1	109;86862;89684;-;392.2	14;9609;11030;-;91.5	6;4428;7076;-;97.8	16;11757;12323;-;188.1	1;1499;2137;-;70.6	115;93082;93711;-;209.6	106;83046;85208;-;374.1	11;8288;8803;-;96.7	106;83046;85208;-;72.1	A	9/9	split_2	91583	1	1	86352..86840-;162;TraS;0
NZ_CP022072.1	MPF_T	IncQ1;IncX1	54	0	0	GA	1	34;25298;25945;+;45.2	35;25923;26219;+;77.5	36;26238;28991;+;46.6	36;26238;28991;+;150.3	36;26238;28991;+;75.3										none	none	D	1/7	uncallable	0	1	unscoreable	0	0	0														not_admitted	not_admitted	not_admitted	not_admitted	not_admitted	not_admitted	not_admitted
NZ_CP022078.1	MPF_T	-	52	0	0	GA	1		8;5621;5884;+;54.5	9;5897;8665;+;73.1	9;5897;8665;+;178.6	9;5897;8665;+;86.1	14;10547;11518;+;81.8	15;11515;12513;+;116.3		17;12660;13322;+;177.6	18;13319;14206;+;158.6	19;14233;15408;+;165.9	20;15389;16381;+;93.2	21;16382;18193;+;348.4		pfam	pfam_only	A	7/7	canonical	1	1	unscoreable	5	0	0														not_admitted	not_admitted	not_admitted	not_admitted	not_admitted	not_admitted	not_admitted
NZ_CP022118.1	MPF_F	IncFIB(pN55391)	399	0	0	GA	0															not_admitted	not_admitted	not_admitted	not_admitted	not_admitted	not_admitted	not_admitted	not_admitted	not_admitted	not_admitted	1	384;397324;398316;+;365.8	390;402632;404014;+;389.4	387;400924;401676;+;220.0	381;393688;396315;+;311.1	391;404011;406866;+;358.8	379;391375;392808;+;90.0	381;393688;396315;+;96.8	377;390091;390657;+;182.6	385;398338;399000;+;68.5	386;399085;400911;+;253.9	394;407883;410012;+;375.2	380;392950;393462;+;70.9	394;407883;410012;+;70.1	A	9/9	contiguous	17792	1	1	406863..407375+;170;unnamed;0
NZ_CP022119.1	MPF_T	IncFII(pCRY)	38	0	0	GA	1		0;1;306;+;73.1	1;319;3057;+;49.1	1;319;3057;+;153.6	1;319;3057;+;34.9	2;3076;3783;+;141.7	4;4031;5101;+;165.5		6;5322;6005;+;195.6	7;6005;6910;+;155.9	8;6954;8216;+;148.3	10;8538;9563;+;66.1	22;19053;20789;+;46.6		pfam	pfam_only	A	7/7	canonical	1	1	unscoreable	13	0	0														not_admitted	not_admitted	not_admitted	not_admitted	not_admitted	not_admitted	not_admitted
NZ_CP022125.1	MPF_F	IncFIB(K);IncFII(K)	187	0	0	GA	0															not_admitted	not_admitted	not_admitted	not_admitted	not_admitted	not_admitted	not_admitted	not_admitted	not_admitted	not_admitted	1	156;165934;166923;-;366.6	146;159020;160387;-;384.5	150;161645;162397;-;231.8	160;168377;171019;-;258.5	145;156198;159020;-;346.4	167;174232;175656;-;89.2	160;168377;171019;-;88.2	169;176383;176949;-;169.3	155;165283;165921;-;66.9	154;163269;165224;-;259.7	141;151274;153583;-;392.8	166;173534;174118;-;54.3	141;151274;153583;-;65.8	A	9/9	contiguous	25109	1	1	155573..156175-;200;TraS;0
NZ_CP022126.1	MPF_F	IncC	175	0	0	GA	0															not_admitted	not_admitted	not_admitted	not_admitted	not_admitted	not_admitted	not_admitted	not_admitted	not_admitted	not_admitted	1	47;38789;39796;-;332.9	153;120921;122354;-;339.2	154;122356;123384;-;221.7	52;42548;44995;-;354.2	152;117294;120908;-;375.3	61;56990;58306;-;135.0	52;42548;44995;-;128.6	63;59204;59830;-;92.1	49;40461;41726;-;67.6	41;33338;35359;-;146.3	72;63640;65505;-;47.4	60;56415;56993;-;100.2	72;63640;65505;-;52.0	A	9/9	split_2	89018	0	1	
NZ_CP022137.1	MPF_F	IncFII(S)	79	0	0	GA	0															not_admitted	not_admitted	not_admitted	not_admitted	not_admitted	not_admitted	not_admitted	not_admitted	not_admitted	not_admitted	1	48;44538;45524;-;366.7	38;37464;38846;-;393.4	41;39878;40621;-;228.9	51;46511;49159;-;315.5	37;34645;37467;-;386.9	58;51674;53053;-;90.7	51;46511;49159;-;96.3	60;53780;54346;-;188.8	46;43588;44226;-;72.9	44;41347;43173;-;270.7	34;30544;32787;-;374.0	55;50371;50886;-;89.5	34;30544;32787;-;72.0	A	9/9	contiguous	23236	1	1	34141..34623-;160;TraS;0
NZ_CP022149.1	-	IncFIB(pECLA);IncFII(pECLA)	117	0	0	GA	0															not_admitted	not_admitted	not_admitted	not_admitted	not_admitted	not_admitted	not_admitted	not_admitted	not_admitted	not_admitted	1				72;68603;70597;+;180.5			72;68603;70597;+;69.7							D	1/9	contiguous	0	0	0	
NZ_CP022152.1	-	pKPC-CAV1321	360	0	0	GA	0															not_admitted	not_admitted	not_admitted	not_admitted	not_admitted	not_admitted	not_admitted	not_admitted	not_admitted	not_admitted	1	219;192335;193402;+;276.8	244;214028;215470;+;260.7	243;212931;214031;+;195.1	215;187741;190227;+;223.8	246;216047;216982;+;118.4	211;183116;184513;+;109.8	215;187741;190227;+;120.8	209;181207;181833;+;87.1	218;191025;192338;+;41.0	252;219449;222106;+;136.9	203;176683;178659;+;22.7	212;184510;185076;+;71.6	203;176683;178659;+;33.5	A	9/9	split_2	42766	1	1	217008..217154+;48;unnamed;0
NZ_CP022156.1	MPF_F	IncFII(S);IncFII(SARC14)	125	0	0	GA	0															not_admitted	not_admitted	not_admitted	not_admitted	not_admitted	not_admitted	not_admitted	not_admitted	not_admitted	not_admitted	1	105;89873;90868;+;357.6	115;97816;99177;+;336.5	113;96403;97179;+;194.9	102;86189;88780;+;221.4	116;99179;102076;+;292.8	99;83757;85118;+;81.6	102;86189;88780;+;87.8	97;82477;83040;+;137.0	107;91235;91849;+;79.9	112;95231;96406;+;261.2	119;103655;105958;+;376.2	101;85564;86178;+;47.5	119;103655;105958;+;67.0	A	9/9	contiguous	21178	1	1	102088..102648+;186;unnamed;0
NZ_CP022157.1	MPF_T	IncN	71	0	0	GA	1	15;15690;16424;-;32.5	13;15097;15390;-;28.7	12;14730;15047;-;63.3	11;12130;14730;-;111.8	11;12130;14730;-;76.8	10;11399;12112;-;97.1	8;10108;11148;-;153.6		7;9191;9889;-;131.9	6;8296;9180;-;159.0	5;7136;8296;-;154.9	4;6099;7094;-;81.2	0;58;1530;+;38.6		pfam	both	A	7/7	canonical	1	0	unscoreable	5	0	0														not_admitted	not_admitted	not_admitted	not_admitted	not_admitted	not_admitted	not_admitted
NZ_CP022158.1	MPF_T	IncX5	57	0	0	GA	1	45;40066;40710;-;36.9	44;39792;40082;-;69.0	43;37011;39770;-;42.6	43;37011;39770;-;132.2	43;37011;39770;-;70.5	42;36254;37003;-;54.3	40;34920;35975;-;135.2		39;33952;34680;-;120.9	38;33018;33947;-;134.2	37;31810;33021;-;136.9	36;30755;31798;-;64.1	35;28917;30752;-;504.8		pfam	pfam_only	A	7/7	canonical	1	1	unscoreable	1	0	0														not_admitted	not_admitted	not_admitted	not_admitted	not_admitted	not_admitted	not_admitted
NZ_CP022165.1	MPF_F	IncHI2;IncHI2A	249	0	0	GA	0															not_admitted	not_admitted	not_admitted	not_admitted	not_admitted	not_admitted	not_admitted	not_admitted	not_admitted	not_admitted	1	27;31710;32768;+;276.9	157;153286;154701;-;194.1	158;154691;155737;-;174.3	11;8955;11636;+;168.0	156;149324;153277;-;101.6	7;5270;6625;+;80.7	11;8955;11636;+;72.2	4;2758;3546;+;74.8	25;30057;31568;+;62.0	28;32787;35975;+;57.3	165;162694;164778;+;56.8	10;7996;8946;+;46.1	165;162694;164778;+;38.8	A	9/9	split_3	159936	1	1	147854..149143-;429;unnamed;0
NZ_CP022166.1	MPF_F	IncFIA;IncFIB(AP001918);IncFIC(FII)	171	0	0	GA	0															not_admitted	not_admitted	not_admitted	not_admitted	not_admitted	not_admitted	not_admitted	not_admitted	not_admitted	not_admitted	1	146;148720;149712;+;369.3	158;155399;156772;+;378.0	151;152442;153185;+;234.5	143;145084;147711;+;305.4	159;156769;159591;+;389.5	134;139068;140495;+;94.3	143;145084;147711;+;98.5	132;137787;138353;+;182.9	147;149721;150359;+;68.4	148;150356;151717;+;101.0	162;161120;163273;+;391.9	141;144053;144568;+;78.4	162;161120;163273;+;70.4	A	9/9	contiguous	23333	1	1	159613..160104+;163;TraS;0
NZ_CP022169.1	MPF_F	IncHI2;IncHI2A	168	0	0	GA	0															not_admitted	not_admitted	not_admitted	not_admitted	not_admitted	not_admitted	not_admitted	not_admitted	not_admitted	not_admitted	1	88;75233;76291;-;276.9			104;95863;98544;-;168.0		108;100874;102229;-;80.7	104;95863;98544;-;72.2	111;103953;104741;-;74.8	90;76433;77944;-;62.0	87;73169;75214;-;33.8		105;98553;99503;-;46.1		C	6/9	contiguous	30784	0	1	
NZ_CP022170.1	-	-	226	0	0	GA	0															not_admitted	not_admitted	not_admitted	not_admitted	not_admitted	not_admitted	not_admitted	not_admitted	not_admitted	not_admitted	1	214;186299;187309;+;101.2			212;182604;185576;+;143.0	219;189776;191299;+;60.6		212;182604;185576;+;32.6				135;123708;125852;+;28.0		135;123708;125852;+;50.4	D	3/9	split_2	66068	1	0	191296..192771+;491;unnamed;0
NZ_CP022171.1	MPF_F	-	76	0	0	GA	0															not_admitted	not_admitted	not_admitted	not_admitted	not_admitted	not_admitted	not_admitted	not_admitted	not_admitted	not_admitted	1	56;54001;54990;-;356.7	49;47803;49167;-;368.8	52;50025;50876;-;197.8	59;56038;58623;-;245.5	48;44960;47803;-;340.1	61;59197;60525;-;93.0	59;56038;58623;-;89.0	63;61242;61808;-;128.7	55;53377;53991;-;75.7	53;50873;52726;-;243.5	45;41402;43579;-;381.3	60;58634;59185;-;44.8	45;41402;43579;-;63.9	A	9/9	contiguous	19840	1	1	44394..44963-;189;unnamed;0
NZ_CP022176.1	MPF_F	-	229	0	0	GA	0															not_admitted	not_admitted	not_admitted	not_admitted	not_admitted	not_admitted	not_admitted	not_admitted	not_admitted	not_admitted	1	63;58564;59571;+;335.4	217;205608;207050;+;315.1	216;204834;205604;+;187.4	56;53365;54366;+;219.6	218;207063;210617;+;369.3	50;44514;45839;+;127.8	57;54405;55808;+;130.8	48;42993;43628;+;85.4	61;56901;57899;+;65.3	64;59581;62355;+;134.0	43;38599;40470;+;46.2	51;45836;46402;+;92.1	43;38599;40470;+;53.0	A	9/9	split_2	168464	0	1	
NZ_CP022177.1	MPF_F	-	72	0	0	GA	0															not_admitted	not_admitted	not_admitted	not_admitted	not_admitted	not_admitted	not_admitted	not_admitted	not_admitted	not_admitted	1	26;23063;24052;+;356.7	33;28886;30250;+;368.8	30;27177;28028;+;197.8	23;19430;22015;+;245.5	34;30250;33093;+;340.1	21;17528;18856;+;93.0	23;19430;22015;+;89.0	19;16245;16811;+;128.7	27;24062;24676;+;75.7	29;25327;27180;+;243.5	37;34474;36651;+;381.3	22;18868;19419;+;44.8	37;34474;36651;+;63.9	A	9/9	contiguous	18229	1	1	33090..33659+;189;unnamed;0
NZ_CP022182.1	MPF_F	-	74	0	0	GA	0															not_admitted	not_admitted	not_admitted	not_admitted	not_admitted	not_admitted	not_admitted	not_admitted	not_admitted	not_admitted	1	6;4276;5265;+;356.7	13;10099;11463;+;368.8	10;8390;9241;+;197.8	2;1659;2177;+;44.4	14;11463;14306;+;340.1			72;68307;68873;+;128.7	7;5275;5889;+;75.7	9;6540;8393;+;243.5	17;15687;17864;+;381.3		17;15687;17864;+;63.9	B	8/9	split_2	66648	1	1	14303..14872+;189;unnamed;0
NZ_CP022197.1	MPF_T	-	160	0	0	GA	1	74;75242;76408;-;77.6	78;79299;79613;-;75.8	77;78999;79277;-;79.8	76;76625;79009;-;89.0	76;76625;79009;-;38.7	73;74448;75245;-;61.5	67;69269;70294;-;124.4		72;73786;74451;-;141.2	71;73088;73789;-;166.2	70;71766;73091;-;173.0	69;70730;71764;-;104.3	65;66160;68115;+;277.4		pfam	both	A	7/7	canonical	1	0	unscoreable	3	0	0														not_admitted	not_admitted	not_admitted	not_admitted	not_admitted	not_admitted	not_admitted
NZ_CP022209.1	MPF_T	-	236	0	0	GA	1	144;119300;119722;-;68.8		82;67854;68117;-;26.1	81;65380;67857;-;67.3	81;65380;67857;-;78.2		78;63398;64408;-;51.3		149;123947;124663;-;85.5	148;123075;123950;-;143.7	147;121793;123067;-;131.7	139;112937;115249;-;135.1	76;60190;62058;-;34.8		none	none	A	7/7	canonical	0	0	unscoreable	9	0	0														not_admitted	not_admitted	not_admitted	not_admitted	not_admitted	not_admitted	not_admitted
NZ_CP022212.1	-	-	73	0	0	GA	1	1;1650;2204;-;73.9			57;47644;50160;-;45.2	57;47644;50160;-;51.6	55;46710;47402;-;55.0	54;45401;46516;-;71.2		53;44472;45404;-;58.6	52;43615;44445;-;151.7	51;42341;43615;-;124.4	69;58178;59857;-;140.9	42;34779;36521;-;32.8		pfam	both	A	7/7	canonical	1	0	unscoreable	17	0	0														not_admitted	not_admitted	not_admitted	not_admitted	not_admitted	not_admitted	not_admitted
NZ_CP022220.1	-	-	1049	0	0	GA	1	535;503250;504149;+;77.1	541;510112;510432;+;88.0	542;510432;510695;+;32.3	543;510707;513148;+;30.1	543;510707;513148;+;132.9	544;513145;513876;+;232.2	546;514247;515476;+;197.0		548;515935;516618;+;229.0	549;516651;517598;+;226.1	550;517595;518803;+;231.1	961;899085;900752;+;427.6	538;506575;508557;+;352.6		conjscan	conjscan_only	A	7/7	canonical	1	0	unscoreable	6	0	0														not_admitted	not_admitted	not_admitted	not_admitted	not_admitted	not_admitted	not_admitted
NZ_CP022227.3	MPF_F	IncFIA;IncFIB(AP001918);IncFII	174	0	0	GA	0															not_admitted	not_admitted	not_admitted	not_admitted	not_admitted	not_admitted	not_admitted	not_admitted	not_admitted	not_admitted	1	128;110558;111550;-;367.4	117;103499;104872;-;380.9	124;107086;107829;-;235.0	131;112559;115186;-;305.4	116;100677;103502;-;385.9	137;117241;118668;-;94.3	131;112559;115186;-;98.5	139;119383;119949;-;182.1	127;109911;110549;-;68.6	126;108106;109914;-;268.3	113;96976;99174;-;391.3	133;115702;116217;-;78.4	113;96976;99174;-;70.4	A	9/9	contiguous	22407	1	1	100171..100680-;169;unnamed;0
NZ_CP022265.1	MPF_T	-	61	0	0	GA	1	51;43301;44086;+;42.9	53;46642;46953;+;57.0	54;46966;47307;+;84.0	55;47313;49802;+;194.3	55;47313;49802;+;93.6	57;50056;50766;+;219.7	59;51092;52189;+;134.0		0;1;756;+;196.1	1;753;1631;+;185.9	2;1631;2764;+;193.9	3;2790;3863;+;90.8	4;4066;6792;+;335.8		pfam	both	A	7/7	canonical	1	0	unscoreable	3	0	0														not_admitted	not_admitted	not_admitted	not_admitted	not_admitted	not_admitted	not_admitted
NZ_CP022275.1	MPF_F	IncFIA(pBK30683);IncFII(Yp)	156	0	0	GA	0															not_admitted	not_admitted	not_admitted	not_admitted	not_admitted	not_admitted	not_admitted	not_admitted	not_admitted	not_admitted	1	126;124770;125762;-;372.3	116;117767;119137;-;383.1	119;119906;120658;-;222.2	130;128689;129423;-;121.3	115;114912;117767;-;333.3	137;132533;133051;-;54.7	129;126785;128692;-;89.6	141;134673;135239;-;161.7	125;124131;124757;-;68.3	124;122179;124134;-;254.7	112;110849;113167;-;390.7	135;131352;131921;-;55.7	112;110849;113167;-;66.8	A	9/9	contiguous	23824	1	1	114224..114895-;223;unnamed;0
NZ_CP022276.1	MPF_T	-	61	0	0	GA	1	33;21258;21896;+;46.6	34;21883;22170;+;64.7	35;22189;24948;+;42.1	35;22189;24948;+;133.2	35;22189;24948;+;61.7	36;25005;25706;+;52.1	38;25985;27061;+;127.7		43;31098;31598;+;114.0	44;31603;32523;+;142.8	45;32520;34031;+;138.3	47;34392;35093;+;75.8	48;35095;37062;+;426.3		pfam	pfam_only	A	7/7	canonical	1	1	unscoreable	6	0	0														not_admitted	not_admitted	not_admitted	not_admitted	not_admitted	not_admitted	not_admitted
NZ_CP022277.1	MPF_T	IncN3	59	0	0	GA	1	55;40987;41769;+;33.3	57;42016;42312;+;36.0	58;42351;42668;+;71.9	0;16;768;+;100.5			6;3451;4146;+;86.7	7;4223;4354;+;40.1	8;4365;5060;+;132.6	9;5203;5955;+;135.2	10;5955;7088;+;166.3	14;11017;11808;+;90.9	20;17500;19032;-;52.0		none	none	A	7/7	canonical	0	0	ga	14	0	0														not_admitted	not_admitted	not_admitted	not_admitted	not_admitted	not_admitted	not_admitted
NZ_CP022281.1	MPF_T	IncX1	65	0	0	GA	1	38;41068;41715;-;43.8	37;40794;41090;-;66.8	36;38019;40772;-;44.2	36;38019;40772;-;149.8	36;38019;40772;-;75.3	35;37250;38008;-;67.3	33;35823;36953;-;103.0		32;34870;35577;-;108.9	31;33936;34865;-;133.8	30;32734;33939;-;132.5	29;31701;32732;-;76.0	28;29863;31698;-;489.4		pfam	pfam_only	A	7/7	canonical	1	1	unscoreable	1	0	0														not_admitted	not_admitted	not_admitted	not_admitted	not_admitted	not_admitted	not_admitted
NZ_CP022349.1	MPF_F	IncFIA(pBK30683);IncFII(Yp)	144	0	0	GA	0															not_admitted	not_admitted	not_admitted	not_admitted	not_admitted	not_admitted	not_admitted	not_admitted	not_admitted	not_admitted	1	127;105371;106363;+;372.3	137;111996;113366;+;383.1	134;110475;111227;+;222.2	124;101709;104348;+;258.9	138;113366;116221;+;333.3	117;97313;98599;+;88.2	124;101709;104348;+;88.4	114;95892;96458;+;161.7	128;106376;107002;+;68.3	129;106999;108954;+;254.7	141;117965;120283;+;390.7	119;99211;99780;+;55.7	141;117965;120283;+;66.8	A	9/9	contiguous	22073	1	1	116238..116909+;223;unnamed;0
NZ_CP022350.1	MPF_F	IncFIB(pB171);IncFII(Yp);IncFII(pAR0022)	122	0	0	GA	0															not_admitted	not_admitted	not_admitted	not_admitted	not_admitted	not_admitted	not_admitted	not_admitted	not_admitted	not_admitted	1	118;102137;103129;+;369.4	3;1704;2621;+;313.1	0;322;753;+;43.8	115;98519;101149;+;285.5	5;3073;4098;+;254.9	109;95097;96491;+;89.4	115;98519;101149;+;98.6	107;93814;94380;+;169.9	119;103146;103775;+;66.9	120;103772;105625;+;260.5	9;7231;9477;+;384.7	110;96513;97052;+;67.5	9;7231;9477;+;63.8	A	9/9	split_2	103450	1	1	4098..5894+;598;unnamed;0
NZ_CP022351.1	MPF_T	IncX3	57	0	0	GA	1	11;6088;6732;+;46.4	12;6716;7006;+;73.1	13;7031;9784;+;47.0	13;7031;9784;+;142.4	13;7031;9784;+;73.3	14;9794;10564;+;60.1	16;10843;11898;+;133.2		17;12093;12821;+;119.4	18;12827;13756;+;138.8	19;13753;14967;+;128.3	21;15163;16197;+;65.7	22;16200;18035;+;495.9		pfam	pfam_only	A	7/7	canonical	1	1	unscoreable	2	0	0														not_admitted	not_admitted	not_admitted	not_admitted	not_admitted	not_admitted	not_admitted
NZ_CP022359.1	MPF_F	IncC	227	0	0	GA	0															not_admitted	not_admitted	not_admitted	not_admitted	not_admitted	not_admitted	not_admitted	not_admitted	not_admitted	not_admitted	1	15;16779;17786;+;332.9	143;130388;131821;+;339.2	142;129358;130386;+;221.7	10;11580;14027;+;354.5	144;131834;135448;+;375.3	5;2708;4024;+;135.0	10;11580;14027;+;128.3	3;1184;1810;+;92.7	13;14849;16114;+;67.9	16;17902;20700;+;145.3	222;188847;190712;+;47.3	6;4021;4599;+;100.2	222;188847;190712;+;52.0	A	9/9	split_3	187663	0	1	
NZ_CP022370.1	MPF_T	-	214	0	0	GA	1	23;18719;19387;-;78.9	22;18404;18706;-;73.0	21;18111;18407;-;84.8	20;15692;18103;-;122.0	20;15692;18103;-;107.8	18;14132;14845;-;25.4	14;12612;13235;-;70.0		13;11899;12615;-;208.4	12;11099;11902;-;197.7	11;9746;11092;-;204.1	10;8728;9783;-;121.0	9;6600;8750;-;265.4		pfam	pfam_only	A	7/7	canonical	1	0	unscoreable	4	0	0														not_admitted	not_admitted	not_admitted	not_admitted	not_admitted	not_admitted	not_admitted
NZ_CP022371.1	MPF_T	-	130	0	0	GA	1	103;87476;88201;+;75.6	104;88215;88517;+;77.5	105;88514;88810;+;87.9	106;88818;91229;+;118.4	106;88818;91229;+;104.5		112;93280;94410;+;135.4		113;94407;95120;+;213.8	114;95117;95920;+;211.1	116;96601;97275;+;190.9	117;97238;98278;+;125.0	118;98275;100317;+;262.8		none	none	A	7/7	canonical	0	0	unscoreable	6	0	0														not_admitted	not_admitted	not_admitted	not_admitted	not_admitted	not_admitted	not_admitted
NZ_CP022418.1	-	-	280	0	0	GA	1	118;126661;127452;+;37.5	119;127466;127756;+;59.3	120;127777;128091;+;77.8	121;128091;130451;+;157.7	121;128091;130451;+;83.3	122;130448;131149;+;148.7	124;131427;132299;+;132.4		126;132520;133203;+;180.5	127;133200;134051;+;169.0	128;134051;135193;+;162.7	129;135200;136228;+;127.0	130;136225;138357;+;353.8		pfam	both	A	7/7	canonical	1	0	unscoreable	2	0	0														not_admitted	not_admitted	not_admitted	not_admitted	not_admitted	not_admitted	not_admitted
NZ_CP022419.1	MPF_T	-	192	0	0	GA	1	145;159951;161105;+;71.8	141;156862;157155;+;75.0	142;157214;157426;+;56.3	143;157416;159779;+;87.0	143;157416;159779;+;44.3	146;161105;161920;+;67.7	153;166390;167466;+;117.0		147;162036;162689;+;160.0	148;162691;163386;+;166.9	149;163383;164777;+;178.6	150;164781;165767;+;105.9	166;178606;180606;-;286.4		pfam	both	A	7/7	canonical	1	0	unscoreable	3	0	0														not_admitted	not_admitted	not_admitted	not_admitted	not_admitted	not_admitted	not_admitted
NZ_CP022420.1	-	-	153	0	0	GA	1	99;90002;91090;+;68.0	96;86894;87178;+;86.8	97;87202;87477;+;56.8	98;87467;89836;+;82.2	98;87467;89836;+;61.0	100;91080;91889;+;73.1	102;92384;93385;+;95.1		103;93388;94032;+;166.3	104;94036;94767;+;140.4	105;94770;96227;+;169.6	106;96338;97348;+;107.8	115;106818;108749;-;272.8		pfam	pfam_only	A	7/7	canonical	1	0	unscoreable	9	0	0														not_admitted	not_admitted	not_admitted	not_admitted	not_admitted	not_admitted	not_admitted
NZ_CP022421.1	-	-	90	0	0	GA	1	65;73329;73847;+;73.9	66;73864;74145;+;90.7	67;74207;74554;+;61.0	68;74544;76922;+;73.8	68;74544;76922;+;50.0	71;78231;78998;+;60.0	73;79430;80443;+;121.5		74;80461;81141;+;184.1	75;81147;81869;+;180.1	76;81872;83296;+;168.2	77;83296;84276;+;116.5	85;90785;92707;-;293.7		pfam	pfam_only	A	7/7	canonical	1	0	unscoreable	9	0	0														not_admitted	not_admitted	not_admitted	not_admitted	not_admitted	not_admitted	not_admitted
NZ_CP022422.1	MPF_T	-	87	0	0	GA	1	25;29576;30730;-;74.4	29;33520;33813;-;75.3	28;33249;33494;-;73.1	27;30884;33259;-;83.8	27;30884;33259;-;47.3	24;28767;29579;-;70.8	17;23343;24419;-;124.9		23;28097;28750;-;171.4	22;27400;28095;-;165.9	21;26024;27403;-;179.4	20;25033;26019;-;104.1	15;18565;20568;+;285.9		pfam	both	A	7/7	canonical	1	0	unscoreable	4	0	0														not_admitted	not_admitted	not_admitted	not_admitted	not_admitted	not_admitted	not_admitted
NZ_CP022431.1	MPF_F	-	124	0	0	GA	0															not_admitted	not_admitted	not_admitted	not_admitted	not_admitted	not_admitted	not_admitted	not_admitted	not_admitted	not_admitted	1	96;81844;82836;+;354.9	109;90102;91469;+;360.4	100;85818;86618;+;218.5	85;73331;76003;+;235.8	110;91462;94500;+;304.1	76;67505;68896;+;91.3	85;73331;76003;+;97.1	74;66121;66780;+;80.5	98;83339;83959;+;61.9	99;83956;85821;+;213.0	114;96761;99382;+;344.2	84;72780;73328;+;39.0	114;96761;99382;+;59.7	A	9/9	contiguous	30640	1	1	94525..95094+;189;unnamed;0
NZ_CP022441.1	MPF_F	repFIB;repHI5B	375	0	0	GA	0															not_admitted	not_admitted	not_admitted	not_admitted	not_admitted	not_admitted	not_admitted	not_admitted	not_admitted	not_admitted	1	253;203440;204477;+;282.2	344;287993;289435;+;188.4	343;286999;288036;+;172.4	240;188788;191505;+;143.5	345;289410;293375;+;117.7	236;185298;186665;+;63.7	240;188788;191505;+;80.6	233;182783;183643;+;73.9	252;202082;203443;+;71.7	254;204492;207668;+;58.7	336;277644;279770;-;62.0	239;188002;188739;+;56.3	336;277644;279770;-;39.7	A	9/9	split_2	106627	0	1	
NZ_CP022442.1	MPF_F	IncFII(K);repB(R1701)	119	0	0	GA	0															not_admitted	not_admitted	not_admitted	not_admitted	not_admitted	not_admitted	not_admitted	not_admitted	not_admitted	not_admitted	1	37;39453;40442;-;366.6	27;32539;33906;-;384.0	31;35164;35916;-;233.7	41;41885;44524;-;258.5	26;29690;32539;-;346.4	49;48783;50207;-;89.2	41;41885;44524;-;88.2	51;50934;51500;-;169.3	36;38802;39440;-;66.9	35;36788;38743;-;259.7	22;24916;27228;-;393.1	48;48085;48669;-;53.6	22;24916;27228;-;66.6	A	9/9	contiguous	26018	1	1	29154..29687-;177;unnamed;0
NZ_CP022451.1	MPF_F	IncHI2;IncHI2A;IncN;IncQ1	244	0	0	GA	0															not_admitted	not_admitted	not_admitted	not_admitted	not_admitted	not_admitted	not_admitted	not_admitted	not_admitted	not_admitted	1	163;149504;150562;+;276.9			147;127251;129932;+;168.0		143;123566;124921;+;80.7	147;127251;129932;+;72.2	140;121054;121842;+;74.8	161;147851;149362;+;62.0	164;150581;153769;+;57.3		146;126292;127242;+;46.1		C	6/9	split_2	29527	0	1	
NZ_CP022452.1	MPF_T	IncI2(Delta)	76	0	0	GA	1	16;19057;19539;-;81.1		33;35150;35434;-;36.6	32;33006;35144;-;58.7	32;33006;35144;-;45.2	42;40246;40890;-;41.0	43;40896;41891;-;123.9		29;31886;32620;-;144.3	27;31118;31483;-;68.6	26;29998;31128;-;154.7	19;21318;22856;-;207.1	24;26939;28897;-;289.6		pfam	pfam_only	A	7/7	rearranged	1	0	unscoreable	16	0	0														not_admitted	not_admitted	not_admitted	not_admitted	not_admitted	not_admitted	not_admitted
NZ_CP022471.1	MPF_T	-	51	0	0	GA	1		26;21445;21708;+;51.9	27;21721;24489;+;73.3	27;21721;24489;+;173.1	27;21721;24489;+;84.1	32;26482;27453;+;83.3	33;27450;28448;+;119.5		35;28595;29257;+;177.6	36;29254;30141;+;161.4	37;30168;31343;+;165.9	38;31324;32316;+;93.2	39;32317;34128;+;348.4		pfam	pfam_only	A	7/7	canonical	1	1	unscoreable	5	0	0														not_admitted	not_admitted	not_admitted	not_admitted	not_admitted	not_admitted	not_admitted
NZ_CP022495.1	MPF_F	IncFIA(HI1);IncHI1A;IncHI1B(R27)	258	0	0	GA	0															not_admitted	not_admitted	not_admitted	not_admitted	not_admitted	not_admitted	not_admitted	not_admitted	not_admitted	not_admitted	1	119;110280;111332;-;277.6	233;213006;214421;-;201.7	234;214411;215457;-;171.3	136;130617;133298;-;160.9	232;209008;212997;-;103.1	140;135646;137004;-;84.0	136;130617;133298;-;76.5	143;138671;139456;-;68.7	121;111477;112985;-;65.6	118;107081;110257;-;58.9	8;7267;9351;+;50.2	137;133307;134257;-;45.2	8;7267;9351;+;36.5	A	9/9	split_3	207144	0	1	
NZ_CP022520.1	MPF_G	-	82	0	0	GA	0															not_admitted	not_admitted	not_admitted	not_admitted	not_admitted	not_admitted	not_admitted	not_admitted	not_admitted	not_admitted	1	77;67813;68787;-;198.8			3;2252;5101;-;284.9	74;64461;65969;-;254.9						14;11357;13462;-;39.0		14;11357;13462;-;48.0	D	3/9	split_2	65561	0	0	
NZ_CP022533.1	MPF_F	IncHI2;IncHI2A	358	0	0	GA	0															not_admitted	not_admitted	not_admitted	not_admitted	not_admitted	not_admitted	not_admitted	not_admitted	not_admitted	not_admitted	1	291;263986;265044;+;276.9	107;94492;95907;-;194.1	108;95897;96943;-;173.7	272;240666;243347;+;168.0	106;90533;94483;-;101.6	268;236981;238336;+;80.7	272;240666;243347;+;72.2	265;234469;235257;+;74.8	289;262333;263844;+;62.7	292;265063;268251;+;58.3	114;103984;106068;+;56.7	271;239707;240657;+;46.4	114;103984;106068;+;38.8	A	9/9	split_3	174530	0	1	
NZ_CP022534.1	MPF_F	IncFII(pECLA);repE(pEh60-7)	152	0	0	GA	0															not_admitted	not_admitted	not_admitted	not_admitted	not_admitted	not_admitted	not_admitted	not_admitted	not_admitted	not_admitted	1	96;85453;86451;-;359.9	87;78852;80216;-;363.9	93;82184;82966;-;212.9	104;89385;91994;-;223.4	86;75562;78852;-;308.8	110;94830;96239;-;96.7	104;89385;91994;-;105.4	112;96988;97569;-;94.6	95;84819;85442;-;63.5	94;82963;84822;-;213.0	82;70772;73372;-;361.0	106;92242;92796;-;44.0	82;70772;73372;-;71.2	A	9/9	contiguous	26216	1	1	74871..75560-;229;unnamed;0
NZ_CP022549.1	-	-	209	0	0	GA	0															not_admitted	not_admitted	not_admitted	not_admitted	not_admitted	not_admitted	not_admitted	not_admitted	not_admitted	not_admitted	1	36;33747;34736;+;410.6	41;38484;39953;+;353.9	40;37609;38484;+;224.2	28;28120;30702;+;456.4	42;39969;43154;+;386.0	25;24739;26064;+;102.5	28;28120;30702;+;93.6	23;23364;23939;+;188.6	37;34733;35467;+;113.9	38;35467;37245;+;258.7	193;179614;182040;-;516.2		193;179614;182040;-;62.0	B	8/9	split_2	156250	1	1	43151..43453+;100;unnamed;1
NZ_CP022574.1	MPF_F	IncFIB(K);IncFII(K)	185	0	0	GA	0															not_admitted	not_admitted	not_admitted	not_admitted	not_admitted	not_admitted	not_admitted	not_admitted	not_admitted	not_admitted	1	42;47484;48476;-;366.6	32;40663;42033;-;381.2	36;43235;43987;-;232.4	45;49502;52141;-;258.7	31;37814;40663;-;344.2	54;55956;57380;-;89.2	45;49502;52141;-;88.8	56;58107;58673;-;167.0	41;46833;47471;-;67.0	40;44830;46836;-;259.0	27;33016;35328;-;392.7	52;54775;55344;-;49.7	27;33016;35328;-;66.5	A	9/9	contiguous	25091	1	1	37253..37801-;182;unnamed;0
NZ_CP022575.1	MPF_T	IncX3	56	0	0	GA	1	4;2908;3552;+;46.4	5;3536;3826;+;73.1	6;3851;6604;+;47.0	6;3851;6604;+;145.4	6;3851;6604;+;73.3	7;6614;7384;+;60.1	9;7663;8718;+;133.2		10;8913;9641;+;119.4	11;9647;10576;+;138.8	12;10573;11787;+;128.3	14;11983;13017;+;65.7	15;13020;14855;+;495.9		pfam	pfam_only	A	7/7	canonical	1	1	unscoreable	2	0	0														not_admitted	not_admitted	not_admitted	not_admitted	not_admitted	not_admitted	not_admitted
NZ_CP022612.1	MPF_F	IncFIA(HI1);IncFIB(pNDM-Mar);IncHI1B(pNDM-MAR);IncR	380	0	0	GA	0															not_admitted	not_admitted	not_admitted	not_admitted	not_admitted	not_admitted	not_admitted	not_admitted	not_admitted	not_admitted	1	83;75983;77020;+;282.3	318;287725;289134;-;190.4	319;289124;290161;-;175.7	68;61210;63927;+;149.6	317;283755;287723;-;121.3	64;57727;59097;+;65.6	68;61210;63927;+;85.2	61;55221;56081;+;79.0	82;75165;75986;+;38.3	84;77030;80215;+;59.9	326;297360;299486;+;57.7	67;60428;61165;+;56.9	326;297360;299486;+;41.0	A	9/9	split_2	242139	0	1	
NZ_CP022613.1	MPF_F	IncFIB(K)	105	0	0	GA	0															not_admitted	not_admitted	not_admitted	not_admitted	not_admitted	not_admitted	not_admitted	not_admitted	not_admitted	not_admitted	1	73;63485;64477;+;366.6	83;70013;71380;+;381.2	79;68003;68755;+;233.7	71;59831;62470;+;258.7	84;71380;74229;+;345.6	62;54592;56016;+;89.2	71;59831;62470;+;88.8	60;53299;53865;+;167.0	74;64490;65128;+;67.0	75;65125;67131;+;259.6	88;76715;79027;+;392.7	64;56628;57197;+;49.7	88;76715;79027;+;66.6	A	9/9	contiguous	23416	1	1	74242..74790+;182;unnamed;0
NZ_CP022666.1	MPF_T	-	1090	0	0	GA	1	1021;1104385;1105005;+;22.2	1022;1105002;1105301;+;90.6	1023;1105307;1105645;+;103.2	1024;1105638;1108004;+;181.8	1024;1105638;1108004;+;107.1	1025;1108004;1108702;+;200.5	1027;1108927;1109847;+;165.4		1029;1110186;1110857;+;209.4	1030;1110854;1111711;+;186.2	1031;1111721;1112896;+;179.8	1032;1112903;1113934;+;106.0	334;333787;335700;-;328.7		pfam	both	A	7/7	canonical	1	0	unscoreable	2	0	0														not_admitted	not_admitted	not_admitted	not_admitted	not_admitted	not_admitted	not_admitted
NZ_CP022669.1	MPF_T	-	333	0	0	GA	1		6;6154;6537;+;74.8	7;6527;6829;+;65.4	8;6840;9296;+;166.6	8;6840;9296;+;125.6	9;9268;10071;+;46.8	11;10262;11443;+;114.2		12;11464;12126;+;128.3	13;12144;12956;+;185.6	15;13412;14710;+;218.3	5;5187;6164;+;129.8	27;24809;26740;+;544.6		conjscan	conjscan_only	A	7/7	canonical	1	0	unscoreable	5	0	0														not_admitted	not_admitted	not_admitted	not_admitted	not_admitted	not_admitted	not_admitted
NZ_CP022670.1	MPF_T	-	178	0	0	GA	1	104;109705;110880;+;70.3	101;106516;106875;+;52.1	102;106878;107204;+;46.1	103;107208;109727;+;137.6	103;107208;109727;+;94.0		107;111909;112982;+;88.7		108;113011;113745;+;107.6	109;113742;114572;+;184.7	110;114584;115921;+;194.9	111;115918;116967;+;130.5	112;116936;119659;+;230.2		none	none	A	7/7	canonical	0	0	unscoreable	2	0	0														not_admitted	not_admitted	not_admitted	not_admitted	not_admitted	not_admitted	not_admitted
NZ_CP022692.2	MPF_F	IncFIB(K);IncFII(K)	217	0	0	GA	0															not_admitted	not_admitted	not_admitted	not_admitted	not_admitted	not_admitted	not_admitted	not_admitted	not_admitted	not_admitted	1	161;164558;165550;-;366.6	151;157737;159107;-;380.7	155;160309;161061;-;232.4	164;166576;169215;-;258.7	150;154888;157737;-;344.2	173;173030;174454;-;89.2	164;166576;169215;-;88.8	175;175181;175747;-;167.0	160;163907;164545;-;67.0	159;161904;163910;-;259.0	146;150090;152402;-;392.7	171;171849;172418;-;49.7	146;150090;152402;-;66.5	A	9/9	contiguous	25091	1	1	154327..154875-;182;unnamed;0
NZ_CP022693.2	MPF_F	IncFIB(pQil);IncFII(K)	131	0	0	GA	0															not_admitted	not_admitted	not_admitted	not_admitted	not_admitted	not_admitted	not_admitted	not_admitted	not_admitted	not_admitted	1	78;75369;76361;-;366.6	68;68455;69822;-;380.7	72;71080;71832;-;233.7	81;77387;80026;-;258.5	67;65606;68455;-;345.6	89;83283;84707;-;88.8	81;77387;80026;-;88.7	91;85434;86000;-;169.3	77;74718;75356;-;67.0	76;72704;74659;-;259.1	63;60808;63120;-;392.7	88;82585;83169;-;55.4	63;60808;63120;-;66.5	A	9/9	contiguous	24626	1	1	65045..65593-;182;unnamed;0
NZ_CP022694.2	MPF_T	IncX3	55	0	0	GA	1	12;8366;9010;+;46.4	13;8994;9284;+;73.1	14;9309;12062;+;47.0	14;9309;12062;+;145.4	14;9309;12062;+;73.3	15;12072;12842;+;60.1	17;13121;14176;+;133.2		18;14371;15099;+;119.4	19;15105;16034;+;138.8	20;16031;17245;+;128.3	22;17441;18475;+;65.7	23;18478;20313;+;495.9		pfam	pfam_only	A	7/7	canonical	1	1	unscoreable	2	0	0														not_admitted	not_admitted	not_admitted	not_admitted	not_admitted	not_admitted	not_admitted
NZ_CP022696.1	MPF_F	IncHI2;IncHI2A	355	0	0	GA	0															not_admitted	not_admitted	not_admitted	not_admitted	not_admitted	not_admitted	not_admitted	not_admitted	not_admitted	not_admitted	1	29;32325;33383;+;276.9	146;138866;140281;+;194.1	145;137830;138876;+;173.7	11;9005;11686;+;168.0	147;140290;144240;+;101.6	7;5320;6675;+;80.7	11;9005;11686;+;72.2	4;2808;3596;+;74.8	27;30672;32183;+;62.7	30;33402;36590;+;58.3	139;128705;130789;-;56.7	10;8046;8996;+;46.4	139;128705;130789;-;38.8	A	9/9	split_3	137482	0	1	
NZ_CP022697.1	MPF_F	IncFIB(pB171);IncFII(Yp);IncFII(pAR0022)	158	0	0	GA	0															not_admitted	not_admitted	not_admitted	not_admitted	not_admitted	not_admitted	not_admitted	not_admitted	not_admitted	not_admitted	1	97;99366;100352;-;368.4	89;93283;94653;-;376.7	93;95870;96619;-;218.2	100;101346;103976;-;285.5	88;90461;93283;-;336.5	106;106004;107398;-;90.9	100;101346;103976;-;98.6	108;108115;108681;-;169.9	96;98720;99349;-;66.9	95;96870;98723;-;257.4	83;85760;87970;-;384.8	105;105443;105982;-;64.9	83;85760;87970;-;63.9	A	9/9	contiguous	22355	1	1	90008..90439-;143;TraS;0
NZ_CP022698.1	MPF_F	IncFII(K);IncR	127	0	0	GA	0															not_admitted	not_admitted	not_admitted	not_admitted	not_admitted	not_admitted	not_admitted	not_admitted	not_admitted	not_admitted	1	57;41174;42163;+;366.0	67;47710;49077;+;380.7	63;45700;46452;+;233.7	53;37092;39731;+;258.5	68;49077;51926;+;345.6	45;32411;33835;+;88.8	53;37092;39731;+;88.7	43;31118;31684;+;169.3	58;42176;42814;+;67.0	59;42873;44828;+;259.7	74;55760;58072;+;392.7	46;33949;34533;+;55.4	74;55760;58072;+;66.5	A	9/9	contiguous	24642	1	1	51939..52487+;182;unnamed;0
NZ_CP022710.1	MPF_T	rep38	70	0	0	GA	1				40;49648;51663;-;23.5									34;44075;45622;-;460.5		none	none	D	2/7	uncallable	0	0	unscoreable	5	0	0														not_admitted	not_admitted	not_admitted	not_admitted	not_admitted	not_admitted	not_admitted
NZ_CP022726.1	MPF_F	-	157	0	0	GA	0															not_admitted	not_admitted	not_admitted	not_admitted	not_admitted	not_admitted	not_admitted	not_admitted	not_admitted	not_admitted	1	140;122351;123343;+;354.5	149;128764;130131;+;361.7	144;126378;127157;+;214.8	133;117044;119035;+;251.0	150;130124;133291;+;313.1	129;113943;115346;+;95.6	133;117044;119035;+;53.2	127;112611;113210;+;89.5	141;123354;123968;+;60.9	142;123965;125812;+;206.8	154;135497;138109;+;369.6	132;116496;117041;+;47.0	154;135497;138109;+;59.5	A	9/9	contiguous	22886	1	1	133321..133890+;189;unnamed;0
NZ_CP022728.1	MPF_T	IncX4	45	0	0	GA	1	13;8029;8640;+;53.8	14;8612;8926;+;30.3	15;8984;9304;+;39.0	16;9307;11679;+;81.6	16;9307;11679;+;33.6	10;6058;6699;-;33.9	11;6701;7696;-;124.7		18;11810;12547;+;158.9	19;12544;13323;+;167.2	20;13313;14455;+;143.5	21;14455;15474;+;91.9	22;15525;17492;+;290.5		pfam	pfam_only	A	7/7	uncallable	0	0	unscoreable	2	0	0														not_admitted	not_admitted	not_admitted	not_admitted	not_admitted	not_admitted	not_admitted
NZ_CP022729.1	MPF_T	IncX4	45	0	0	GA	1	13;8029;8640;+;53.8	14;8612;8926;+;30.3	15;8984;9304;+;39.0	16;9307;11679;+;81.6	16;9307;11679;+;33.6	10;6058;6699;-;33.9	11;6701;7696;-;124.7		18;11810;12547;+;158.9	19;12544;13323;+;167.2	20;13313;14455;+;143.5	21;14455;15474;+;91.9	22;15525;17492;+;290.5		pfam	pfam_only	A	7/7	uncallable	0	0	unscoreable	2	0	0														not_admitted	not_admitted	not_admitted	not_admitted	not_admitted	not_admitted	not_admitted
NZ_CP022731.1	MPF_F	IncFIB(AP001918);IncFIC(FII)	209	0	0	GA	0															not_admitted	not_admitted	not_admitted	not_admitted	not_admitted	not_admitted	not_admitted	not_admitted	not_admitted	not_admitted	1	194;182702;183694;+;368.0	204;188992;190368;+;381.0	198;186423;187166;+;235.0	191;179066;181693;+;305.4	205;190365;193190;+;389.2	184;175584;177011;+;94.3	191;179066;181693;+;98.5	182;174303;174869;+;184.4	195;183703;184341;+;68.4	196;184338;186146;+;268.0	208;194693;196927;+;391.7	188;178035;178550;+;78.0	208;194693;196927;+;70.3	A	9/9	contiguous	20390	1	1	193187..193696+;169;unnamed;0
NZ_CP022732.1	MPF_F	IncFII(pCoo)	112	0	0	GA	0															not_admitted	not_admitted	not_admitted	not_admitted	not_admitted	not_admitted	not_admitted	not_admitted	not_admitted	not_admitted	1	103;105414;106406;+;370.2	111;111099;112475;+;380.4	107;109138;109881;+;233.3	100;101778;104405;+;303.5	0;54;2132;+;155.5	94;98796;99866;+;93.3	100;101778;104405;+;100.3	91;97158;97724;+;183.8	104;106415;107053;+;68.3	105;107050;108858;+;268.2	3;3666;5900;+;391.7	97;100747;101262;+;78.0	3;3666;5900;+;70.3	A	9/9	split_2	111045	1	1	2153..2650+;165;TraS;0
NZ_CP022735.1	MPF_F	IncHI2;IncHI2A	267	0	0	GA	0															not_admitted	not_admitted	not_admitted	not_admitted	not_admitted	not_admitted	not_admitted	not_admitted	not_admitted	not_admitted	1	82;73981;75039;-;276.9	197;180930;182345;+;194.1	196;179894;180940;+;174.3	98;95113;97794;-;168.0	198;182354;186307;+;101.6	102;100124;101479;-;80.7	98;95113;97794;-;72.2	105;103203;103991;-;74.8	84;75181;76692;-;62.0	81;70774;73962;-;57.3	189;170768;172852;-;56.8	99;97803;98753;-;46.1	189;170768;172852;-;38.8	A	9/9	split_2	111580	1	1	186488..187777+;429;unnamed;0
NZ_CP022747.1	MPF_F	-	276	0	0	GA	0															not_admitted	not_admitted	not_admitted	not_admitted	not_admitted	not_admitted	not_admitted	not_admitted	not_admitted	not_admitted	1	122;119755;120777;+;398.5	128;124797;126260;+;372.4	127;123982;124797;+;244.8	116;114678;117272;+;479.8	129;126277;129093;+;363.5	113;111488;112819;+;102.6	116;114678;117272;+;97.5	111;110117;110683;+;192.6	123;120788;121531;+;117.2	124;121531;123393;+;285.0	186;185488;187779;-;548.3	115;113684;114676;+;28.9	186;185488;187779;-;58.7	A	9/9	split_2	75371	0	1	
NZ_CP022748.1	MPF_F	-	262	0	0	GA	0															not_admitted	not_admitted	not_admitted	not_admitted	not_admitted	not_admitted	not_admitted	not_admitted	not_admitted	not_admitted	1	79;71478;72497;+;396.3	85;76203;77669;+;369.2	84;75388;76203;+;235.0	73;66418;69003;+;474.4	86;77699;80506;+;358.9	70;63210;64547;+;107.3	73;66418;69003;+;101.2	68;61791;62372;+;194.0	80;72509;73255;+;117.1	81;73252;74658;+;151.0	111;102114;104420;-;555.1	72;65406;66416;+;28.8	111;102114;104420;-;59.4	A	9/9	split_2	40323	0	1	
NZ_CP022749.1	MPF_T	-	186	0	0	GA	1	51;49218;49883;-;29.2	50;48855;49196;-;76.3	49;48504;48830;-;73.2	48;46133;48517;-;164.5	48;46133;48517;-;109.9	47;45406;46119;-;130.3	45;44038;45054;-;117.7		43;43014;43697;-;156.3	42;42175;43017;-;177.4	41;40905;42173;-;175.3	40;39916;40908;-;102.1	39;38022;39938;-;356.3		pfam	both	A	7/7	canonical	1	0	unscoreable	2	0	0														not_admitted	not_admitted	not_admitted	not_admitted	not_admitted	not_admitted	not_admitted
NZ_CP022750.1	-	-	100	0	0	GA	1	63;49615;50301;+;44.7	64;50298;50663;+;68.1	65;50727;51071;+;70.4	66;51064;53454;+;149.0	66;51064;53454;+;107.8	67;53467;54180;+;84.7	69;54538;55542;+;95.3		70;55929;56621;+;169.8	71;56618;57457;+;186.3	72;57459;58655;+;175.9	73;58652;59662;+;101.0	74;59652;61454;+;333.5		pfam	pfam_only	A	7/7	canonical	1	0	unscoreable	1	0	0														not_admitted	not_admitted	not_admitted	not_admitted	not_admitted	not_admitted	not_admitted
NZ_CP022824.1	MPF_F	IncFIB(K)	265	0	0	GA	0															not_admitted	not_admitted	not_admitted	not_admitted	not_admitted	not_admitted	not_admitted	not_admitted	not_admitted	not_admitted	1	193;178861;179850;-;366.6	183;171947;173314;-;377.7	187;174572;175324;-;233.7	197;181307;183946;-;258.5	182;169098;171947;-;346.4	204;186774;188198;-;88.1	197;181307;183946;-;88.7	206;188925;189491;-;169.3	192;178210;178848;-;66.9	191;176196;178151;-;259.7	175;163263;165572;-;393.1	203;186117;186701;-;54.3	175;163263;165572;-;66.6	A	9/9	contiguous	25662	1	1	168565..169095-;176;unnamed;0
NZ_CP022825.1	MPF_F	IncFIA(HI1);IncFII(K)	119	0	0	GA	0															not_admitted	not_admitted	not_admitted	not_admitted	not_admitted	not_admitted	not_admitted	not_admitted	not_admitted	not_admitted	1	93;71490;72482;+;362.9	104;78490;79857;+;380.9	99;76036;76788;+;235.3	90;67825;70464;+;259.1	105;79857;82706;+;342.7	80;62593;64017;+;88.1	90;67825;70464;+;83.9	78;61300;61866;+;161.5	94;72495;73133;+;65.4	95;73192;75147;+;255.2	109;84446;86731;+;391.4	82;64629;65198;+;53.7	109;84446;86731;+;66.5	A	9/9	contiguous	23146	1	1	82709..83239+;176;unnamed;0
NZ_CP022917.1	MPF_F	IncFIB(K);IncFIB(pQil);IncFII(K)	267	0	0	GA	0															not_admitted	not_admitted	not_admitted	not_admitted	not_admitted	not_admitted	not_admitted	not_admitted	not_admitted	not_admitted	1	141;120223;121212;+;366.0	151;126759;128126;+;381.2	147;124749;125501;+;233.7	137;116141;118780;+;258.5	152;128126;130975;+;345.6	129;111460;112884;+;88.8	137;116141;118780;+;88.7	127;110167;110733;+;169.3	142;121225;121863;+;66.9	143;121922;123877;+;259.7	156;133461;135773;+;392.7	130;112998;113582;+;55.4	156;133461;135773;+;66.5	A	9/9	contiguous	23294	1	1	130988..131536+;182;unnamed;0
NZ_CP022920.1	MPF_F	IncFIB(K);IncFIB(pQil);IncFII(K)	269	0	0	GA	0															not_admitted	not_admitted	not_admitted	not_admitted	not_admitted	not_admitted	not_admitted	not_admitted	not_admitted	not_admitted	1	42;46824;47813;-;366.0	32;39910;41277;-;381.2	36;42535;43287;-;233.7	46;49256;51895;-;258.5	31;37061;39910;-;345.6	54;55152;56576;-;88.8	46;49256;51895;-;88.7	56;57303;57869;-;169.3	41;46173;46811;-;66.9	40;44159;46114;-;259.7	27;32263;34575;-;392.7	53;54454;55038;-;55.4	27;32263;34575;-;66.5	A	9/9	contiguous	25040	1	1	36500..37048-;182;unnamed;0
NZ_CP022923.1	MPF_F	IncFIB(K);IncFIB(pQil);IncFII(K)	269	0	0	GA	0															not_admitted	not_admitted	not_admitted	not_admitted	not_admitted	not_admitted	not_admitted	not_admitted	not_admitted	not_admitted	1	169;138723;139712;+;366.0	179;145259;146626;+;381.2	175;143249;144001;+;233.7	165;134641;137280;+;258.5	180;146626;149475;+;345.6	157;129960;131384;+;88.8	165;134641;137280;+;88.7	155;128667;129233;+;169.3	170;139725;140363;+;66.9	171;140422;142377;+;259.7	184;151961;154273;+;392.7	158;131498;132082;+;55.4	184;151961;154273;+;66.5	A	9/9	contiguous	23294	1	1	149488..150036+;182;unnamed;0
NZ_CP022926.1	MPF_F	IncFIB(K);IncFIB(pQil);IncFII(K)	283	0	0	GA	0															not_admitted	not_admitted	not_admitted	not_admitted	not_admitted	not_admitted	not_admitted	not_admitted	not_admitted	not_admitted	1	258;232117;233106;+;366.0	268;238653;240020;+;381.2	264;236643;237395;+;233.7	254;228035;230674;+;258.5	269;240020;242869;+;345.6	246;223354;224778;+;88.8	254;228035;230674;+;88.7	244;222061;222627;+;169.3	259;233119;233757;+;66.9	260;233816;235771;+;259.7	273;245355;247667;+;392.7	247;224892;225476;+;55.4	273;245355;247667;+;66.5	A	9/9	contiguous	23294	1	1	242882..243430+;182;unnamed;0
NZ_CP022964.1	MPF_T	IncX1	81	0	0	GA	1	49;36924;37571;+;45.2	50;37549;37845;+;77.5	51;37864;39675;+;48.5	51;37864;39675;+;147.5	51;37864;39675;+;76.4	53;40627;41385;+;67.3	55;41623;42756;+;106.3		56;43093;43713;+;114.4	57;43718;44647;+;133.8	58;44644;45849;+;132.5	59;45851;46882;+;76.5	60;46885;48720;+;489.3		pfam	pfam_only	A	7/7	canonical	1	1	unscoreable	2	0	0														not_admitted	not_admitted	not_admitted	not_admitted	not_admitted	not_admitted	not_admitted
NZ_CP022965.1	MPF_F	IncFII(S);IncFII(pAR0022)	115	0	0	GA	0															not_admitted	not_admitted	not_admitted	not_admitted	not_admitted	not_admitted	not_admitted	not_admitted	not_admitted	not_admitted	1	69;55084;56076;-;361.6	59;46868;49354;-;390.5	62;50386;51129;-;228.3	72;57063;59165;-;196.2		80;62222;63643;-;90.5	72;57063;59165;-;98.5	82;64370;64936;-;189.2	67;54134;54772;-;71.1	65;51855;53681;-;269.6	56;42758;45010;-;370.1	77;60922;61437;-;88.5	56;42758;45010;-;71.9	B	8/9	contiguous	21612	0	1	
NZ_CP022992.1	MPF_T	-	552	0	0	GA	1	239;225974;226441;-;55.3	217;202121;202492;+;57.2	218;202503;202823;+;32.4	219;202817;205351;+;52.6	219;202817;205351;+;78.0	221;206132;206917;+;28.6	222;206983;208290;+;51.2		226;210980;211678;+;110.0	227;211678;212445;+;176.9	228;212442;213767;+;139.6	234;219752;221671;+;174.2	213;197814;199703;+;30.6		conjscan	conjscan_only	A	7/7	canonical	1	0	unscoreable	15	0	0														not_admitted	not_admitted	not_admitted	not_admitted	not_admitted	not_admitted	not_admitted
NZ_CP022995.1	-	-	46	0	0	GA	1	6;5298;6059;-;41.0	4;4710;4988;-;33.1	3;4378;4710;-;66.0	2;1710;4376;-;101.7	2;1710;4376;-;81.6	1;992;1699;-;99.0		45;38871;39062;-;88.0	44;38143;38874;-;125.4	43;37247;38140;-;142.8	42;36099;37250;-;178.0	41;35086;36102;-;82.9			pfam	both	C	5/7	uncallable	0	0	ga	1	0	0														not_admitted	not_admitted	not_admitted	not_admitted	not_admitted	not_admitted	not_admitted
NZ_CP023028.1	MPF_F	-	145	0	0	GA	0															not_admitted	not_admitted	not_admitted	not_admitted	not_admitted	not_admitted	not_admitted	not_admitted	not_admitted	not_admitted	1	103;73845;74888;+;369.0	108;78871;80298;+;325.8	106;77657;78469;+;219.1	99;69557;72283;+;164.6	109;80314;83316;+;208.7	95;66559;67875;+;102.7	99;69557;72283;+;108.4	93;65268;65846;+;83.7	104;74903;75610;+;107.6	105;75607;77664;+;91.0	65;38879;41038;+;381.3	98;68903;69547;+;41.9	65;38879;41038;+;90.0	A	9/9	split_2	41435	1	1	83388..83906+;172;unnamed;0
NZ_CP023030.1	MPF_F	-	127	0	0	GA	0															not_admitted	not_admitted	not_admitted	not_admitted	not_admitted	not_admitted	not_admitted	not_admitted	not_admitted	not_admitted	1	106;75396;76439;+;369.0	3;1814;3241;+;325.8	1;625;1410;+;219.2	102;71108;73834;+;164.6	112;81865;84867;+;208.7	98;68110;69426;+;102.7	102;71108;73834;+;108.4	96;66819;67397;+;83.7	107;76454;77161;+;107.6	108;77158;79215;+;91.0	67;42362;44521;+;381.3	101;70454;71098;+;41.9	67;42362;44521;+;90.0	A	9/9	split_3	81240	1	1	84939..85457+;172;unnamed;0
NZ_CP023033.1	MPF_F	-	101	0	0	GA	0															not_admitted	not_admitted	not_admitted	not_admitted	not_admitted	not_admitted	not_admitted	not_admitted	not_admitted	not_admitted	1	79;64664;65707;-;369.0	74;59254;60681;-;325.8	76;61083;61895;-;219.1	83;67269;69995;-;164.6	73;56236;59238;-;208.7	87;71677;72993;-;102.7	83;67269;69995;-;108.4	89;73706;74284;-;83.7	78;63942;64649;-;107.6	77;61888;63945;-;91.0	15;17968;20127;-;381.3	84;70005;70649;-;41.9	15;17968;20127;-;90.0	A	9/9	split_2	55738	1	1	55646..56164-;172;unnamed;0
NZ_CP023065.1	MPF_T	-	763	0	0	GA	1	295;280015;281103;-;95.3	298;283865;284203;-;75.7	297;283562;283861;-;78.1	756;735474;737636;-;176.9	296;281100;283559;-;100.1	755;734699;735502;-;39.4	292;278041;279069;-;146.5		291;277308;278003;-;182.6	290;276502;277311;-;197.2	748;730064;731359;-;218.9	288;274282;275310;-;132.4	724;711981;713963;-;573.2		conjscan	both	A	7/7	canonical	1	0	unscoreable	6	0	0														not_admitted	not_admitted	not_admitted	not_admitted	not_admitted	not_admitted	not_admitted
NZ_CP023069.1	MPF_T	-	460	0	0	GA	1		457;407465;407848;-;73.0	456;407173;407472;-;65.3	453;403398;405560;-;170.9	455;406929;407162;-;44.5	452;402623;403426;-;39.4	450;401260;402435;-;113.3		449;400574;401236;-;126.7	448;399744;400556;-;180.8	446;398227;399282;-;115.9	458;407838;408815;-;122.6			conjscan	conjscan_only	B	6/7	canonical	1	0	unscoreable	4	0	0														not_admitted	not_admitted	not_admitted	not_admitted	not_admitted	not_admitted	not_admitted
NZ_CP023071.1	MPF_T	-	2119	0	0	GA	1		597;619102;619401;+;89.2	598;619406;619747;+;103.4	599;619740;622121;+;171.7	599;619740;622121;+;108.1	600;622121;622819;+;211.6	602;623050;623982;+;163.0		604;624304;624975;+;216.7	605;624975;625829;+;181.0	606;625839;626984;+;178.0	697;725534;726958;-;216.5	614;632499;634409;-;317.7		pfam	both	A	7/7	canonical	1	0	unscoreable	8	0	0														not_admitted	not_admitted	not_admitted	not_admitted	not_admitted	not_admitted	not_admitted
NZ_CP023072.1	MPF_T	-	773	0	0	GA	1		770;740157;740540;-;73.0	769;739865;740164;-;57.8	768;737398;739854;-;176.5	768;737398;739854;-;119.0	767;736623;737426;-;39.4	765;735260;736435;-;114.1		764;734574;735236;-;126.7	763;733744;734556;-;180.8	761;731987;733282;-;218.9	771;740530;741507;-;122.6	738;713820;715802;-;572.6		conjscan	conjscan_only	A	7/7	canonical	1	0	unscoreable	3	0	0														not_admitted	not_admitted	not_admitted	not_admitted	not_admitted	not_admitted	not_admitted
NZ_CP023073.1	MPF_T	-	91	0	0	GA	1	24;25744;26832;-;95.0	27;29593;29940;-;73.9	26;29291;29590;-;75.8	25;26829;29288;-;124.3	25;26829;29288;-;100.9	23;25031;25732;-;31.7	21;23773;24801;-;146.0		20;23041;23736;-;181.9	19;22235;23044;-;198.5	18;21030;22235;-;211.3	17;20027;21049;-;135.6	16;17931;20030;-;315.0		pfam	pfam_only	A	7/7	canonical	1	0	unscoreable	1	0	0														not_admitted	not_admitted	not_admitted	not_admitted	not_admitted	not_admitted	not_admitted
NZ_CP023143.1	MPF_F	IncHI2;IncHI2A	253	0	0	GA	0															not_admitted	not_admitted	not_admitted	not_admitted	not_admitted	not_admitted	not_admitted	not_admitted	not_admitted	not_admitted	1	133;123074;124132;+;276.9	18;16266;17681;-;194.1	19;17671;18717;-;174.3	117;100319;103000;+;168.0	17;13549;16257;-;104.2	113;96634;97989;+;80.7	117;100319;103000;+;72.2	110;94122;94910;+;74.8	131;121421;122932;+;62.0	134;124151;127339;+;57.3	26;25759;27843;+;56.8	116;99360;100310;+;46.1	26;25759;27843;+;38.8	A	9/9	split_3	110602	1	1	13177..13479-;100;unnamed;0
NZ_CP023157.1	MPF_T	-	33	0	0	GA	1	8;5801;6712;+;41.0	30;19412;19783;+;72.4	31;19780;20079;+;50.8	32;20066;22735;+;62.6	32;20066;22735;+;82.0	0;6;572;+;66.0	3;1221;2081;+;146.1		4;2078;2752;+;92.9	5;2777;3559;+;199.2	6;3561;4781;+;176.7	7;4792;5814;+;112.7			pfam	both	B	6/7	rearranged	1	0	unscoreable	2	0	0														not_admitted	not_admitted	not_admitted	not_admitted	not_admitted	not_admitted	not_admitted
NZ_CP023164.1	MPF_F	IncFIB(AP001918);IncFII	133	0	0	GA	0															not_admitted	not_admitted	not_admitted	not_admitted	not_admitted	not_admitted	not_admitted	not_admitted	not_admitted	not_admitted	1	64;68641;69633;-;357.1	51;61234;61791;-;202.1	56;63997;64740;-;234.2	67;70642;73017;-;239.6	49;58241;60421;-;379.5	78;76930;77538;-;71.6	67;70642;73017;-;98.9	81;79074;79640;-;172.1	61;67375;68013;-;70.1	58;65004;65879;-;262.7	43;53400;54386;-;225.9		43;53400;54386;-;72.3	B	8/9	contiguous	25674	1	1	57831..58202-;123;unnamed;0
NZ_CP023167.1	MPF_F	IncFIA(HI1);IncHI1A;IncHI1B(R27);IncN	269	0	0	GA	0															not_admitted	not_admitted	not_admitted	not_admitted	not_admitted	not_admitted	not_admitted	not_admitted	not_admitted	not_admitted	1	15;18196;19248;+;277.6	176;175739;177154;-;201.7	177;177144;178190;-;171.3	268;250696;253377;+;160.6	175;171741;175730;-;103.1	264;246990;248348;+;84.0	268;250696;253377;+;76.5	261;244538;245323;+;68.7	13;16543;18051;+;65.6	16;19271;22447;+;58.9	183;185125;187209;+;50.2	267;249737;250687;+;45.2	183;185125;187209;+;36.5	A	9/9	split_3	234153	0	1	
NZ_CP023186.1	MPF_F	IncFIA(pBK30683);IncFII(Yp)	148	0	0	GA	0															not_admitted	not_admitted	not_admitted	not_admitted	not_admitted	not_admitted	not_admitted	not_admitted	not_admitted	not_admitted	1	89;86074;87066;-;372.3	79;79071;80441;-;383.1	82;81210;81962;-;222.2	92;88089;90728;-;258.9	78;76216;79071;-;333.3	99;93838;95124;-;88.2	92;88089;90728;-;88.4	102;95979;96545;-;161.7	88;85435;86061;-;68.3	87;83483;85438;-;254.7	75;72153;74471;-;390.7	97;92657;93226;-;55.7	75;72153;74471;-;66.8	A	9/9	contiguous	23826	1	1	75528..76199-;223;unnamed;0
NZ_CP023187.1	MPF_F	IncFIB(pB171);IncFII(Yp);IncFII(pAR0022)	124	0	0	GA	0															not_admitted	not_admitted	not_admitted	not_admitted	not_admitted	not_admitted	not_admitted	not_admitted	not_admitted	not_admitted	1	49;34097;35089;+;369.4	57;39802;41172;+;376.7	53;37836;38585;+;218.2	46;30480;33110;+;285.5	58;41172;43994;+;336.5	40;27058;28452;+;89.4	46;30480;33110;+;98.6	38;25775;26341;+;169.9	50;35106;35735;+;66.9	51;35732;37585;+;260.5	61;45331;47577;+;384.7	41;28474;29013;+;67.5	61;45331;47577;+;63.8	A	9/9	contiguous	19556	1	1	44016..44447+;143;TraS;0
NZ_CP023188.1	MPF_T	IncX3	56	0	0	GA	1	0;1286;1930;+;46.4	1;1914;2204;+;73.1	2;2229;3884;+;47.8	2;2229;3884;+;143.6	2;2229;3884;+;74.2	4;4991;5761;+;60.1	6;6040;7095;+;133.2		7;7290;8018;+;119.4	8;8024;8953;+;138.8	9;8950;10164;+;128.3	11;10360;11394;+;65.7	12;11397;13232;+;495.9		pfam	pfam_only	A	7/7	canonical	1	1	unscoreable	3	0	0														not_admitted	not_admitted	not_admitted	not_admitted	not_admitted	not_admitted	not_admitted
NZ_CP023206.1	MPF_F	-	133	0	0	GA	0															not_admitted	not_admitted	not_admitted	not_admitted	not_admitted	not_admitted	not_admitted	not_admitted	not_admitted	not_admitted	1	114;119895;120926;-;367.9	106;112246;113691;-;331.6	107;113691;114509;-;217.8	122;125457;128060;-;226.3	105;108629;112249;-;229.5	131;134351;135712;-;96.7	122;125457;128060;-;90.1	0;515;1126;-;109.4	113;119092;119898;-;89.7	111;116471;117772;-;148.8	19;18581;20587;-;413.9	123;128057;128818;-;51.3	19;18581;20587;-;64.5	A	9/9	split_2	133836	0	1	
NZ_CP023286.1	-	-	253	0	0	GA	0															not_admitted	not_admitted	not_admitted	not_admitted	not_admitted	not_admitted	not_admitted	not_admitted	not_admitted	not_admitted	1	206;206318;207475;-;246.2	220;221056;222486;-;212.0	221;222486;223658;-;201.4	210;209615;211999;-;228.9	219;217639;221040;-;204.8	213;213215;214504;-;111.1	210;209615;211999;-;110.0	215;215568;216179;-;105.3	207;207472;208791;-;39.6	204;200652;201989;-;67.4	89;91361;93214;+;54.6	212;212453;213142;-;63.3	89;91361;93214;+;42.6	A	9/9	split_2	131125	0	1	
NZ_CP023287.1	MPF_T	-	110	0	0	GA	1	20;15884;16786;+;38.9	9;6669;7046;+;71.2	10;7043;7342;+;50.8	11;7329;9998;+;66.0	11;7329;9998;+;82.7	12;10001;10663;+;70.7	15;11298;12164;+;148.5		16;12161;12835;+;92.1	17;12860;13642;+;199.4	18;13644;14864;+;174.5	19;14875;15897;+;112.7	26;21515;23089;-;70.4		pfam	both	A	7/7	canonical	1	0	unscoreable	7	0	0														not_admitted	not_admitted	not_admitted	not_admitted	not_admitted	not_admitted	not_admitted
NZ_CP023303.1	MPF_T	-	71	0	0	GA	1				31;21679;23694;+;22.9									37;27716;29245;+;461.9		none	none	D	2/7	uncallable	0	0	unscoreable	5	0	0														not_admitted	not_admitted	not_admitted	not_admitted	not_admitted	not_admitted	not_admitted
NZ_CP023348.1	MPF_F	IncFII(pCoo)	101	0	0	GA	0															not_admitted	not_admitted	not_admitted	not_admitted	not_admitted	not_admitted	not_admitted	not_admitted	not_admitted	not_admitted	1	20;24188;25174;-;355.4	14;18594;19955;-;343.5	16;20587;21366;-;193.9	23;26266;28857;-;215.2	13;15710;18592;-;289.0	28;30446;31810;-;82.6	23;26266;28857;-;88.2	30;32527;33090;-;136.5	18;23198;23812;-;82.6	17;21363;23201;-;259.4	10;11845;14076;-;371.9	24;28868;29467;-;46.6	10;11845;14076;-;68.9	A	9/9	contiguous	20682	1	1	15125..15700-;191;unnamed;0
NZ_CP023351.1	MPF_F	IncFII(29);IncFII(pCoo)	93	0	0	GA	0															not_admitted	not_admitted	not_admitted	not_admitted	not_admitted	not_admitted	not_admitted	not_admitted	not_admitted	not_admitted	1	25;26054;27046;-;369.8	14;18346;19719;-;382.7	18;20949;21692;-;233.4	28;28055;30685;-;303.6	13;15524;18349;-;374.0	35;33071;34522;-;92.4	28;28055;30685;-;98.2	37;35237;35803;-;183.8	22;24588;25226;-;70.0	19;21968;23776;-;267.8	9;11057;13282;-;391.7	31;31452;31967;-;78.8	9;11057;13282;-;70.3	A	9/9	contiguous	24180	1	1	15018..15527-;169;unnamed;0
NZ_CP023354.1	MPF_F	IncFII	91	0	0	GA	0															not_admitted	not_admitted	not_admitted	not_admitted	not_admitted	not_admitted	not_admitted	not_admitted	not_admitted	not_admitted	1	56;38242;39234;+;369.3	67;45284;46657;+;381.0	62;42951;43694;+;235.0	53;34603;37233;+;301.6	68;46654;48345;+;391.3	47;30790;32217;+;94.1	53;34603;37233;+;98.8	45;29509;30075;+;183.8	59;40231;40869;+;68.6	60;40866;42674;+;268.3	73;51896;53011;+;244.8	51;33339;33854;+;78.4	73;51896;53011;+;73.9	A	9/9	contiguous	22387	1	1	48287..49225+;312;unnamed;0
NZ_CP023355.1	MPF_F	IncFII	105	0	0	GA	0															not_admitted	not_admitted	not_admitted	not_admitted	not_admitted	not_admitted	not_admitted	not_admitted	not_admitted	not_admitted	1	67;44899;45423;+;203.0	81;54603;55976;+;381.0	74;50254;50997;+;234.4	63;40791;43421;+;302.0	82;55973;58795;+;389.2	53;35311;36762;+;94.0	63;40791;43421;+;100.0	51;34030;34596;+;183.7	70;46669;47307;+;70.4	72;48118;49968;+;264.4	87;61207;62541;+;240.9	57;37864;38379;+;76.6	87;61207;62541;+;71.4	A	9/9	contiguous	27177	1	1	58817..59176+;119;TraS;0
NZ_CP023358.1	MPF_F	IncFIA(HI1);IncFII(pSE11)	108	0	0	GA	0															not_admitted	not_admitted	not_admitted	not_admitted	not_admitted	not_admitted	not_admitted	not_admitted	not_admitted	not_admitted	1	40;30067;31059;+;365.9	55;38416;39792;+;378.7	48;35585;36328;+;232.3	37;26428;29058;+;302.0	56;39789;42626;+;373.0	27;20975;22402;+;94.7	37;26428;29058;+;100.2	25;19694;20260;+;183.8	43;32007;32645;+;70.4	46;33458;35308;+;266.2	60;44924;47077;+;383.4	30;23286;23801;+;76.3	60;44924;47077;+;69.3	A	9/9	contiguous	25230	1	1	42659..43162+;167;unnamed;0
NZ_CP023360.1	MPF_T	IncX1	61	0	0	GA	1	46;45450;46097;-;47.0	45;45176;45472;-;77.5	44;42404;45157;-;46.6	44;42404;45157;-;147.7	44;42404;45157;-;75.3	43;41635;42393;-;67.3	41;40264;41397;-;106.4		40;39305;40018;-;120.7	39;38371;39300;-;134.2	38;37169;38374;-;132.5	37;36136;37167;-;76.5	36;34298;36133;-;488.6		pfam	pfam_only	A	7/7	canonical	1	1	unscoreable	1	0	0														not_admitted	not_admitted	not_admitted	not_admitted	not_admitted	not_admitted	not_admitted
NZ_CP023363.1	MPF_F	IncFIB(AP001918);IncFII;IncQ1	144	0	0	GA	0															not_admitted	not_admitted	not_admitted	not_admitted	not_admitted	not_admitted	not_admitted	not_admitted	not_admitted	not_admitted	1	76;71876;72868;+;369.3	85;77930;79303;+;381.0	80;75597;76340;+;231.6	73;68240;70867;+;306.4	86;79300;82125;+;386.0	67;64758;66185;+;94.3	73;68240;70867;+;98.5	65;63477;64043;+;183.3	77;72877;73515;+;68.7	78;73512;75320;+;267.9	89;83629;85782;+;391.8	71;67209;67724;+;77.3	89;83629;85782;+;70.4	A	9/9	contiguous	20152	1	1	82122..82631+;169;unnamed;0
NZ_CP023367.1	MPF_F	IncFIB(AP001918);IncFII	130	0	0	GA	0															not_admitted	not_admitted	not_admitted	not_admitted	not_admitted	not_admitted	not_admitted	not_admitted	not_admitted	not_admitted	1	96;86794;87786;+;369.3	109;94180;95553;+;375.8	102;91503;92246;+;235.0	93;83158;85785;+;303.1	110;95550;98057;+;387.1	86;79572;80999;+;94.3	93;83158;85785;+;99.3	84;78291;78857;+;183.8	99;88783;89421;+;68.6	100;89418;91226;+;268.3	117;100584;101789;+;339.3	90;82127;82642;+;78.4	117;100584;101789;+;71.6	A	9/9	contiguous	22293	1	1	98029..98244+;71;unnamed;0
NZ_CP023369.1	MPF_F	IncFII(pRSB107)	100	0	0	GA	0															not_admitted	not_admitted	not_admitted	not_admitted	not_admitted	not_admitted	not_admitted	not_admitted	not_admitted	not_admitted	1	58;40039;40263;+;82.9	74;47175;47711;+;181.5	67;44498;45241;+;235.0	53;35926;37992;+;306.1	77;48547;50238;+;389.2		53;35926;37992;+;50.0	41;29760;30326;+;182.3	62;41775;42413;+;68.6	65;43376;44221;+;265.0	81;52899;54758;+;392.0	48;33378;33893;+;76.1	81;52899;54758;+;70.6	A	9/9	contiguous	23139	1	1	50303..51370+;355;unnamed;0
NZ_CP023372.1	MPF_F	IncFIA;IncFIB(AP001918);IncFII	126	0	0	GA	0															not_admitted	not_admitted	not_admitted	not_admitted	not_admitted	not_admitted	not_admitted	not_admitted	not_admitted	not_admitted	1	43;31087;32079;+;367.4	54;37765;39138;+;380.9	47;34808;35551;+;235.0	40;27451;30078;+;305.4	55;39135;41960;+;385.9	34;23969;25396;+;94.3	40;27451;30078;+;98.5	32;22688;23254;+;183.8	44;32088;32726;+;68.6	45;32723;34531;+;268.3	58;43463;45652;+;391.3	38;26420;26935;+;78.4	58;43463;45652;+;70.4	A	9/9	contiguous	20775	1	1	41957..42466+;169;unnamed;0
NZ_CP023373.1	MPF_T	IncX4	44	0	0	GA	1	29;22584;23204;-;41.6	28;22244;22570;-;64.4	27;19478;22225;-;63.8	27;19478;22225;-;151.1	27;19478;22225;-;46.0	26;18750;19466;-;94.2	25;17644;18738;-;150.1		23;16443;17129;-;169.0	22;15538;16446;-;142.4	21;14427;15545;-;163.9	20;13397;14425;-;85.0	19;11548;13365;-;316.5		pfam	pfam_only	A	7/7	canonical	1	1	unscoreable	1	0	0														not_admitted	not_admitted	not_admitted	not_admitted	not_admitted	not_admitted	not_admitted
NZ_CP023378.1	MPF_F	IncFIA;IncFIB(AP001918);IncFII;IncQ1	140	0	0	GA	0															not_admitted	not_admitted	not_admitted	not_admitted	not_admitted	not_admitted	not_admitted	not_admitted	not_admitted	not_admitted	1	115;99215;100207;+;371.6	126;105892;107265;+;380.9	119;102936;103679;+;235.0	112;95579;98206;+;303.5	127;107262;110087;+;385.9	106;91993;93420;+;91.9	112;95579;98206;+;99.0	104;90712;91278;+;182.9	116;100216;100854;+;64.9	117;100851;102659;+;268.3	130;111591;113771;+;391.6	111;94548;95063;+;76.4	130;111591;113771;+;70.4	A	9/9	contiguous	20879	1	1	110084..110539+;151;unnamed;0
NZ_CP023379.1	MPF_T	IncX1;IncX3	47	0	0	GA	1	23;22437;23084;-;45.2	22;22163;22459;-;77.5	21;19391;22144;-;47.9	21;19391;22144;-;148.1	21;19391;22144;-;76.3	20;18622;19380;-;67.3	18;17251;18384;-;106.3		17;16293;17006;-;118.5	16;15359;16288;-;133.8	15;14157;15362;-;132.5	14;13124;14155;-;79.0	13;11286;13121;-;486.8		pfam	pfam_only	A	7/7	canonical	1	1	unscoreable	1	0	0														not_admitted	not_admitted	not_admitted	not_admitted	not_admitted	not_admitted	not_admitted
NZ_CP023380.1	MPF_T	IncX4	59	0	0	GA	1	43;33738;34358;-;41.6	42;33398;33724;-;61.9	41;30632;33379;-;62.7	41;30632;33379;-;153.2	41;30632;33379;-;45.6	40;29904;30620;-;93.5	39;28798;29892;-;150.1		37;27597;28283;-;169.0	36;26692;27600;-;143.2	35;25590;26699;-;164.9	34;24560;25588;-;85.1	33;22711;24528;-;313.0		pfam	pfam_only	A	7/7	canonical	1	1	unscoreable	1	0	0														not_admitted	not_admitted	not_admitted	not_admitted	not_admitted	not_admitted	not_admitted
NZ_CP023384.1	MPF_F	IncFIB(AP001918);IncFIC(FII)	160	0	0	GA	0															not_admitted	not_admitted	not_admitted	not_admitted	not_admitted	not_admitted	not_admitted	not_admitted	not_admitted	not_admitted	1	91;93434;94426;-;369.3	80;86415;87788;-;380.9	87;89962;90705;-;235.0	94;95435;98062;-;305.2	79;83593;86418;-;385.2	101;100117;101544;-;93.8	94;95435;98062;-;98.4	103;102259;102825;-;184.4	90;92787;93425;-;68.4	89;90982;92790;-;268.0	76;79936;82089;-;391.9	97;98578;99093;-;78.0	76;79936;82089;-;70.4	A	9/9	contiguous	22323	1	1	83087..83596-;169;unnamed;0
NZ_CP023389.1	MPF_F	IncFII	82	0	0	GA	0															not_admitted	not_admitted	not_admitted	not_admitted	not_admitted	not_admitted	not_admitted	not_admitted	not_admitted	not_admitted	1	59;49765;50757;+;369.3	70;56807;58180;+;381.0	65;54474;55217;+;233.3	56;46126;48756;+;302.4	71;58177;61002;+;389.2	50;41676;43103;+;94.3	56;46126;48756;+;98.8	48;40395;40961;+;183.8	62;51754;52392;+;68.6	63;52389;54197;+;268.4	74;62505;64730;+;391.7	53;43987;44502;+;76.4	74;62505;64730;+;70.3	A	9/9	contiguous	22110	1	1	60999..61508+;169;unnamed;0
NZ_CP023400.1	-	-	170	0	0	GA	0															not_admitted	not_admitted	not_admitted	not_admitted	not_admitted	not_admitted	not_admitted	not_admitted	not_admitted	not_admitted	1	157;133063;134109;-;282.1	55;51838;53202;+;179.4	54;50891;51838;+;160.1	13;11125;13737;-;172.8	137;110558;114691;-;126.7	30;26601;28004;-;112.8	13;11125;13737;-;85.4	32;29134;29865;-;76.0	159;134255;135415;-;68.5	156;129514;132918;-;92.4	42;38496;40406;-;54.0	14;13750;14439;-;48.5	42;38496;40406;-;38.4	A	9/9	split_2	123130	1	1	108783..110558-;591;unnamed;0
NZ_CP023418.1	MPF_F	IncFII(p14)	160	0	0	GA	0															not_admitted	not_admitted	not_admitted	not_admitted	not_admitted	not_admitted	not_admitted	not_admitted	not_admitted	not_admitted	1	134;112155;113147;+;372.3	145;119181;120551;+;380.8	142;117660;118412;+;222.2	131;108490;111129;+;254.8	146;120551;123394;+;348.4	45;35636;36856;-;216.3	131;108490;111129;+;88.2	121;102591;103157;+;159.4	135;113160;113807;+;68.8	137;114184;116139;+;251.6	149;124964;127258;+;391.5	125;105760;106344;+;55.9	149;124964;127258;+;66.6	A	9/9	split_2	89328	1	1	123400..123915+;171;unnamed;0
NZ_CP023420.1	MPF_T	IncN	82	0	0	GA	1	16;11930;12664;+;32.5		19;13307;13624;+;63.3	20;13624;16224;+;113.8	20;13624;16224;+;76.4	21;16242;16955;+;105.5	23;17206;18246;+;142.4		24;18465;19163;+;131.9	25;19174;20058;+;159.7	26;20058;21218;+;156.3	27;21260;22255;+;81.2	59;49664;51193;-;38.5		pfam	both	A	7/7	canonical	1	0	unscoreable	3	0	0														not_admitted	not_admitted	not_admitted	not_admitted	not_admitted	not_admitted	not_admitted
NZ_CP023438.1	MPF_T	IncQ1;IncX1	67	0	0	GA	1	63;48563;49210;-;45.6	62;48289;48585;-;77.5	61;47488;48270;-;50.2	60;46847;47491;-;149.0	61;47488;48270;-;71.6						52;40763;41968;-;133.4	51;39997;40761;-;54.1	50;37893;39728;-;488.0		none	none	D	4/7	uncallable	0	0	unscoreable	7	0	0														not_admitted	not_admitted	not_admitted	not_admitted	not_admitted	not_admitted	not_admitted
NZ_CP023440.1	MPF_T	-	146	0	0	GA	1	122;124196;124717;+;23.9	111;113945;114391;+;64.1	112;114393;114704;+;51.2	113;114701;117268;+;86.5	113;114701;117268;+;117.8	118;120885;121646;+;118.4	120;121902;123503;+;144.5		114;117265;118065;+;131.4	115;118082;118978;+;180.2	117;119463;120866;+;216.5	110;112972;113931;+;129.8	17;18477;20381;-;485.6		conjscan	conjscan_only	A	7/7	canonical	1	0	unscoreable	4	0	0														not_admitted	not_admitted	not_admitted	not_admitted	not_admitted	not_admitted	not_admitted
NZ_CP023450.1	MPF_T	-	171	0	0	GA	1	114;108896;109561;-;44.6	113;108561;108899;-;79.5	112;108214;108564;-;79.3	111;105810;108221;-;159.3	111;105810;108221;-;124.1	110;105093;105806;-;195.5	108;103912;104856;-;132.4		107;102873;103571;-;180.8	106;102019;102876;-;195.2	105;100789;102015;-;186.9	104;99781;100785;-;100.1	103;97833;99797;-;346.4		pfam	both	A	7/7	canonical	1	0	unscoreable	1	0	0														not_admitted	not_admitted	not_admitted	not_admitted	not_admitted	not_admitted	not_admitted
NZ_CP023451.1	MPF_F	-	259	0	0	GA	0															not_admitted	not_admitted	not_admitted	not_admitted	not_admitted	not_admitted	not_admitted	not_admitted	not_admitted	not_admitted	1	176;172138;173157;+;394.0	180;176859;178313;+;366.1	179;176032;176859;+;241.2	170;167076;169667;+;469.7	181;178332;181145;+;356.6	167;163877;165217;+;101.1	170;167076;169667;+;103.1	165;162500;163066;+;189.9	177;173170;173916;+;118.5	178;173913;175748;+;289.3	215;220842;223136;-;541.1	169;166244;167074;+;29.4	215;220842;223136;-;64.8	A	9/9	split_2	58342	0	1	
NZ_CP023452.1	MPF_T	-	53	0	0	GA	1	29;22195;22860;+;29.2	30;22882;23223;+;76.3	31;23248;23574;+;73.2	32;23561;25945;+;164.5	32;23561;25945;+;109.9	33;25959;26672;+;127.1	35;27021;28025;+;124.3				36;28066;28839;+;177.1	37;28836;29828;+;102.1	38;29806;31707;+;350.5		pfam	both	C	5/7	canonical	1	0	unscoreable	1	0	0														not_admitted	not_admitted	not_admitted	not_admitted	not_admitted	not_admitted	not_admitted
NZ_CP023469.1	MPF_F	IncFIB(S);IncFII(S);IncFII(pAR0022)	111	0	0	GA	0															not_admitted	not_admitted	not_admitted	not_admitted	not_admitted	not_admitted	not_admitted	not_admitted	not_admitted	not_admitted	1	94;73100;74092;+;366.0	103;79340;80722;+;393.3	100;77559;78308;+;230.4	91;69465;72113;+;314.8	104;80719;83541;+;394.4	84;65511;66932;+;90.6	91;69465;72113;+;97.8	82;64218;64784;+;188.8	96;74404;75042;+;70.6	98;75495;77321;+;271.0	107;85195;87387;+;374.1	87;67738;68253;+;94.3	107;85195;87387;+;72.1	A	9/9	contiguous	20977	1	1	83563..84051+;162;TraS;0
NZ_CP023476.1	MPF_T	IncX1	45	0	0	GA	1	29;26199;26846;-;45.2	28;25925;26221;-;77.5	27;23153;25906;-;46.6	27;23153;25906;-;148.0	27;23153;25906;-;75.3	26;22384;23142;-;67.3	24;21013;22146;-;106.4		23;20054;20767;-;119.7	22;19120;20049;-;136.2	21;17918;19123;-;132.5	20;16885;17916;-;76.5	19;15047;16882;-;489.3		pfam	pfam_only	A	7/7	canonical	1	1	unscoreable	1	0	0														not_admitted	not_admitted	not_admitted	not_admitted	not_admitted	not_admitted	not_admitted
NZ_CP023488.1	MPF_F	IncFIB(K);IncFII(K)	221	0	0	GA	0															not_admitted	not_admitted	not_admitted	not_admitted	not_admitted	not_admitted	not_admitted	not_admitted	not_admitted	not_admitted	1	1;758;1372;-;261.7	212;217278;218645;-;383.7	216;219903;220655;-;233.7	6;3200;5842;-;258.5	211;214429;217278;-;346.4	14;9037;10461;-;89.3	6;3200;5842;-;88.2	16;11188;11754;-;169.3	0;107;745;-;66.9	220;221527;223356;-;259.8	207;209655;211967;-;393.2	13;8339;8923;-;54.3	207;209655;211967;-;65.8	A	9/9	split_2	221420	1	1	213893..214426-;177;unnamed;0
NZ_CP023489.1	MPF_F	IncFII(K);IncFII(pAR0022);repB(R1701)	138	0	0	GA	0															not_admitted	not_admitted	not_admitted	not_admitted	not_admitted	not_admitted	not_admitted	not_admitted	not_admitted	not_admitted	1	52;39816;40808;+;366.6	62;46258;47628;+;381.2	58;44304;45056;+;232.4	49;36151;38790;+;258.7	63;47628;50477;+;344.2	40;30912;32336;+;89.2	49;36151;38790;+;88.8	38;29619;30185;+;167.0	53;40821;41459;+;67.0	54;41456;43462;+;259.0	67;52291;54603;+;393.2	42;32948;33517;+;49.7	67;52291;54603;+;65.8	A	9/9	contiguous	22672	1	1	50480..51010+;176;unnamed;0
NZ_CP023493.1	MPF_T	-	41	0	0	GA	1				27;30667;32685;-;25.2									21;25132;26643;-;463.6		none	none	D	2/7	uncallable	0	0	unscoreable	5	0	0														not_admitted	not_admitted	not_admitted	not_admitted	not_admitted	not_admitted	not_admitted
NZ_CP023544.1	MPF_T	-	66	0	0	GA	1		27;22249;22512;+;56.2	28;22525;25293;+;75.1	28;22525;25293;+;175.8	28;22525;25293;+;86.5	33;27160;28149;+;84.3	34;28146;29141;+;116.9		36;29285;29944;+;178.1	37;29941;30837;+;162.0	38;30847;32025;+;164.3	39;32006;33025;+;94.4	41;33822;35633;+;344.8		pfam	pfam_only	A	7/7	canonical	1	1	unscoreable	6	0	0														not_admitted	not_admitted	not_admitted	not_admitted	not_admitted	not_admitted	not_admitted
NZ_CP023546.1	MPF_T	-	65	0	0	GA	1		62;53829;54092;-;56.2	61;51048;53816;-;75.1	61;51048;53816;-;175.8	61;51048;53816;-;86.5	56;48192;49181;-;84.3	55;47200;48195;-;116.4		53;46397;47056;-;178.1	52;45504;46400;-;162.0	51;44316;45494;-;164.3	50;43316;44335;-;94.4	48;40708;42519;-;344.8		pfam	pfam_only	A	7/7	canonical	1	1	unscoreable	6	0	0														not_admitted	not_admitted	not_admitted	not_admitted	not_admitted	not_admitted	not_admitted
NZ_CP023547.1	MPF_T	-	32	0	0	GA	1	22;17628;18173;+;54.1	11;8296;8592;+;64.2	12;8592;8879;+;45.0	13;8883;11348;+;92.3	13;8883;11348;+;88.8	15;12001;12810;+;59.3	17;13076;14299;+;55.1		18;14319;15014;+;122.1	19;15027;15950;+;167.1	21;16394;17635;+;214.7	10;7348;8286;+;132.5	27;20974;22797;+;321.1		conjscan	both	A	7/7	canonical	1	0	unscoreable	7	0	0														not_admitted	not_admitted	not_admitted	not_admitted	not_admitted	not_admitted	not_admitted
NZ_CP023570.1	MPF_F	IncHI2;IncHI2A	315	0	0	GA	0															not_admitted	not_admitted	not_admitted	not_admitted	not_admitted	not_admitted	not_admitted	not_admitted	not_admitted	not_admitted	1	273;244513;245571;-;276.9			291;266210;268891;-;168.0		295;271221;272576;-;80.7	291;266210;268891;-;72.2	298;274300;275088;-;74.8	275;245713;247224;-;62.7	272;241306;244494;-;58.3		292;268900;269850;-;46.4		C	6/9	split_2	32994	0	1	
NZ_CP023670.1	-	-	173	0	0	GA	0															not_admitted	not_admitted	not_admitted	not_admitted	not_admitted	not_admitted	not_admitted	not_admitted	not_admitted	not_admitted	1	122;135828;136892;-;310.7	116;127842;129290;-;329.2	117;129324;130271;-;243.5	126;138844;141243;-;258.4	115;124168;127845;-;347.3	131;143324;144652;-;120.4	126;138844;141243;-;131.3	133;145527;146144;-;103.9	123;136885;138051;-;44.5	121;133028;135826;-;137.9	89;85822;87666;-;49.4	129;141976;142530;-;70.3	89;85822;87666;-;48.7	A	9/9	split_2	59705	0	1	
NZ_CP023675.1	-	-	60	0	0	GA	1	5;4907;5509;+;50.7	6;5506;5793;+;48.4	7;5809;8544;+;58.9	7;5809;8544;+;140.0	7;5809;8544;+;57.3	8;8554;9261;+;113.5	13;10429;11340;+;120.6		15;11703;12392;+;138.7	16;12389;13297;+;132.8	17;13287;14570;+;126.2	18;14570;15604;+;85.6	19;15591;17423;+;410.0		pfam	pfam_only	A	7/7	canonical	1	1	unscoreable	5	0	0														not_admitted	not_admitted	not_admitted	not_admitted	not_admitted	not_admitted	not_admitted
NZ_CP023707.1	MPF_F	-	88	0	0	GA	0															not_admitted	not_admitted	not_admitted	not_admitted	not_admitted	not_admitted	not_admitted	not_admitted	not_admitted	not_admitted	1	53;53357;54367;-;365.3	47;47942;49309;-;379.8	50;50070;50822;-;225.6	56;55369;58002;-;280.2	46;45090;47942;-;351.9	60;59289;60686;-;91.6	56;55369;58002;-;91.2	62;61404;61970;-;172.7	52;52681;53346;-;70.9	51;50853;52688;-;239.8	44;42293;44497;-;390.2	57;58131;58697;-;59.5	44;42293;44497;-;68.4	A	9/9	contiguous	19111	1	1	44584..45093-;169;unnamed;0
NZ_CP023723.1	MPF_F	IncFIB(pNDM-Mar);IncHI1B(pNDM-MAR)	322	0	0	GA	0															not_admitted	not_admitted	not_admitted	not_admitted	not_admitted	not_admitted	not_admitted	not_admitted	not_admitted	not_admitted	1	221;211369;212406;-;282.3	39;35816;37225;+;190.4	38;34789;35826;+;177.2	233;223237;225954;-;149.6	40;37227;41141;+;120.9	237;228067;229437;-;63.4	233;223237;225954;-;85.2	240;231083;231943;-;78.1	222;212403;213764;-;69.9	220;208177;211359;-;59.4	31;25464;27590;-;57.7	234;225999;226736;-;56.9	31;25464;27590;-;41.0	A	9/9	split_2	205619	0	1	
NZ_CP023724.1	MPF_F	IncC	194	0	0	GA	0															not_admitted	not_admitted	not_admitted	not_admitted	not_admitted	not_admitted	not_admitted	not_admitted	not_admitted	not_admitted	1	162;132593;133600;+;332.9	38;33749;35182;+;339.2	37;32719;33747;+;221.7	157;127394;129841;+;354.5	39;35195;38809;+;375.3	95;71102;72262;+;156.3	157;127394;129841;+;128.3	150;116998;117624;+;92.7	160;130663;131928;+;67.9	163;133716;136514;+;145.3	141;111323;113188;+;47.3	153;119835;120413;+;100.2	141;111323;113188;+;52.0	A	9/9	split_3	100997	0	1	
NZ_CP023733.1	MPF_F	IncFII	82	0	0	GA	0															not_admitted	not_admitted	not_admitted	not_admitted	not_admitted	not_admitted	not_admitted	not_admitted	not_admitted	not_admitted	1	58;45193;46185;+;369.5	68;51964;53337;+;381.7	63;49291;50034;+;234.4	55;41554;44184;+;304.1	69;53334;56156;+;374.0	47;36701;38152;+;94.2	55;41554;44184;+;97.1	45;35420;35986;+;174.3	60;46529;47167;+;68.6	61;47164;49014;+;266.1	73;58428;60770;+;390.9	50;39012;39527;+;78.4	73;58428;60770;+;70.2	A	9/9	contiguous	23008	1	1	56178..56657+;159;TraS;0
NZ_CP023773.1	MPF_T	rep38	67	0	0	GA	1				46;40887;42905;-;24.5									40;35336;36865;-;464.9		none	none	D	2/7	uncallable	0	0	unscoreable	5	0	0														not_admitted	not_admitted	not_admitted	not_admitted	not_admitted	not_admitted	not_admitted
NZ_CP023816.1	MPF_F	IncFIA;IncFIB(AP001918);IncFII(pAMA1167-NDM-5);IncQ1	157	0	0	GA	0															not_admitted	not_admitted	not_admitted	not_admitted	not_admitted	not_admitted	not_admitted	not_admitted	not_admitted	not_admitted	1	7;4954;5946;-;369.5	152;142384;143757;-;386.6	0;328;1071;-;231.4	10;6955;9582;-;303.9	151;139568;142387;-;386.3	16;11467;12918;-;94.1	10;6955;9582;-;96.5	18;13633;14199;-;184.3	3;3195;3770;-;69.1	2;1348;3198;-;266.7	148;135122;137311;-;391.8	13;10098;10613;-;75.2	148;135122;137311;-;70.3	A	9/9	split_2	142056	1	1	138290..139543-;417;TraS;0
NZ_CP023821.1	MPF_F	IncFIB(AP001918);IncFII	133	0	0	GA	0															not_admitted	not_admitted	not_admitted	not_admitted	not_admitted	not_admitted	not_admitted	not_admitted	not_admitted	not_admitted	1	26;26537;27529;-;369.5	15;19429;20802;-;382.9	21;22730;23473;-;234.4	29;28538;31165;-;300.9	14;16613;19432;-;385.4	35;33318;34745;-;93.9	29;28538;31165;-;102.2	37;35460;36026;-;182.7	24;25555;26193;-;70.7	23;23750;25558;-;267.1	11;12883;15081;-;380.8	31;31681;32196;-;76.0	11;12883;15081;-;66.5	A	9/9	contiguous	22577	1	1	16097..16588-;163;TraS;0
NZ_CP023822.1	MPF_T	-	61	0	0	GA	1	38;25269;25946;-;30.1			35;22003;24516;-;56.2	35;22003;24516;-;38.1	34;21339;22040;-;73.0	43;29381;30433;+;103.1		32;20311;21108;-;132.7	31;19503;20291;-;167.9	30;18278;19510;-;146.8	29;17145;18212;-;78.0	28;15107;17128;-;297.3		pfam	pfam_only	A	7/7	uncallable	0	0	unscoreable	7	0	0														not_admitted	not_admitted	not_admitted	not_admitted	not_admitted	not_admitted	not_admitted
NZ_CP023823.1	MPF_T	IncN4	52	0	0	GA	1	20;17708;18448;-;34.8	18;17094;17384;-;45.9	17;16730;17044;-;65.3	16;14100;16730;-;124.9	16;14100;16730;-;86.8	15;13383;14090;-;114.6	13;12081;13124;-;127.4	12;11816;11986;-;41.4	11;11097;11813;-;145.6	10;10207;11094;-;144.4	9;9056;10210;-;174.0	8;8032;9063;-;78.1	3;2047;3624;+;50.6		pfam	both	A	7/7	canonical	1	0	ga	6	0	0														not_admitted	not_admitted	not_admitted	not_admitted	not_admitted	not_admitted	not_admitted
NZ_CP023827.1	MPF_F	Col156;IncFIA;IncFIB(AP001918);IncFII(pRSB107)	158	0	0	GA	0															not_admitted	not_admitted	not_admitted	not_admitted	not_admitted	not_admitted	not_admitted	not_admitted	not_admitted	not_admitted	1	8;6270;7262;-;369.5		3;2421;3164;-;231.4	11;8271;10898;-;303.9		17;12783;14234;-;94.1	11;8271;10898;-;96.5	19;14949;15515;-;184.3	6;5288;5926;-;68.7	5;3441;5291;-;266.7	11;8271;10898;-;21.8	14;11414;11929;-;75.2		C	7/9	contiguous	12528	0	1	
NZ_CP023828.1	MPF_F	IncFII	80	0	0	GA	0															not_admitted	not_admitted	not_admitted	not_admitted	not_admitted	not_admitted	not_admitted	not_admitted	not_admitted	not_admitted	1	15;14807;15799;-;369.5	5;7655;9028;-;381.7	10;10958;11701;-;234.4	18;16808;19438;-;303.9	4;4836;7658;-;374.0	25;22437;23888;-;94.2	18;16808;19438;-;96.9	27;24603;25169;-;174.3	13;13825;14463;-;68.6	12;11978;13828;-;266.1	0;375;2564;-;391.2	22;21062;21577;-;78.4	0;375;2564;-;70.3	A	9/9	contiguous	24228	1	1	4335..4814-;159;TraS;0
NZ_CP023829.1	MPF_T	IncX4	46	0	0	GA	1	29;18852;19472;+;41.6	30;19486;19812;+;61.9	31;19831;22578;+;62.7	31;19831;22578;+;153.2	31;19831;22578;+;45.6	32;22590;23306;+;93.5	33;23318;24412;+;150.1		35;24927;25613;+;169.0	36;25610;26518;+;143.2	37;26511;27620;+;164.9	38;27622;28650;+;85.1	39;28682;30499;+;313.0		pfam	pfam_only	A	7/7	canonical	1	1	unscoreable	1	0	0														not_admitted	not_admitted	not_admitted	not_admitted	not_admitted	not_admitted	not_admitted
NZ_CP023835.1	MPF_F	IncFIA;IncFIB(AP001918);IncFII	176	0	0	GA	0															not_admitted	not_admitted	not_admitted	not_admitted	not_admitted	not_admitted	not_admitted	not_admitted	not_admitted	not_admitted	1	43;34418;35410;+;367.4	55;42420;43793;+;380.9	47;38139;38882;+;235.0	40;30782;33409;+;305.4	56;43790;46615;+;385.9	34;27300;28727;+;94.3	40;30782;33409;+;98.5	32;26019;26585;+;183.8	44;35419;36057;+;68.6	45;36054;37862;+;268.3	59;48118;50298;+;391.3	38;29751;30266;+;78.4	59;48118;50298;+;70.4	A	9/9	contiguous	22099	1	1	46612..47121+;169;unnamed;0
NZ_CP023836.1	MPF_T	IncX4	46	0	0	GA	1	29;18852;19472;+;41.6	30;19486;19812;+;61.9	31;19831;22578;+;62.7	31;19831;22578;+;153.2	31;19831;22578;+;45.6	32;22590;23306;+;93.5	33;23318;24412;+;150.1		35;24927;25613;+;169.0	36;25610;26518;+;143.2	37;26511;27620;+;164.9	38;27622;28650;+;85.1	39;28682;30499;+;313.0		pfam	pfam_only	A	7/7	canonical	1	1	unscoreable	1	0	0														not_admitted	not_admitted	not_admitted	not_admitted	not_admitted	not_admitted	not_admitted
NZ_CP023840.1	MPF_F	IncFIA(pBK30683);IncFII(pKP91)	130	0	0	GA	0															not_admitted	not_admitted	not_admitted	not_admitted	not_admitted	not_admitted	not_admitted	not_admitted	not_admitted	not_admitted	1	53;37855;38844;+;363.3	64;44662;46029;+;382.8	60;42653;43405;+;233.7	49;33759;36398;+;259.4	65;46029;48872;+;344.0	39;28373;29797;+;89.2	49;33759;36398;+;88.3	37;27080;27646;+;167.5	55;39120;39767;+;65.9	56;39826;41781;+;259.7	69;51459;53768;+;393.1	41;30409;30993;+;53.2	69;51459;53768;+;66.6	A	9/9	contiguous	24379	1	1	48883..49407+;174;unnamed;0
NZ_CP023845.1	MPF_F	IncFIA;IncFIB(AP001918);IncFII	202	0	0	GA	0															not_admitted	not_admitted	not_admitted	not_admitted	not_admitted	not_admitted	not_admitted	not_admitted	not_admitted	not_admitted	1	178;157554;158546;+;371.6	188;163946;165319;+;388.1	182;161275;162018;+;235.0	175;153918;156545;+;303.5	189;165316;168141;+;384.7	169;150332;151759;+;91.9	175;153918;156545;+;99.0	167;149051;149617;+;182.9	179;158555;159193;+;64.9	180;159190;160998;+;268.3	192;169644;171806;+;391.6	174;152887;153402;+;76.4	192;169644;171806;+;70.4	A	9/9	contiguous	20593	1	1	168138..168647+;169;unnamed;0
NZ_CP023846.1	MPF_T	IncX4	46	0	0	GA	1	29;18852;19472;+;41.6	30;19486;19812;+;61.9	31;19831;22578;+;62.7	31;19831;22578;+;153.2	31;19831;22578;+;45.6	32;22590;23306;+;93.5	33;23318;24412;+;150.1		35;24927;25613;+;169.0	36;25610;26518;+;143.2	37;26511;27620;+;164.9	38;27622;28650;+;85.1	39;28682;30499;+;313.0		pfam	pfam_only	A	7/7	canonical	1	1	unscoreable	1	0	0														not_admitted	not_admitted	not_admitted	not_admitted	not_admitted	not_admitted	not_admitted
NZ_CP023850.1	MPF_F	IncFIA;IncFII	156	0	0	GA	0															not_admitted	not_admitted	not_admitted	not_admitted	not_admitted	not_admitted	not_admitted	not_admitted	not_admitted	not_admitted	1	23;24024;25016;-;369.5	12;16916;18289;-;382.9	18;20217;20960;-;234.4	26;26025;28652;-;300.9	11;14100;16919;-;385.4	32;30805;32232;-;93.9	26;26025;28652;-;101.1	34;32947;33513;-;182.7	21;23042;23680;-;70.7	20;21237;23045;-;267.1	8;10343;12568;-;380.7	28;29168;29683;-;76.0	8;10343;12568;-;66.5	A	9/9	contiguous	22604	1	1	13584..14075-;163;TraS;0
NZ_CP023854.1	MPF_F	IncFIA;IncFIB(AP001918);IncFII(pAMA1167-NDM-5)	152	0	0	GA	0															not_admitted	not_admitted	not_admitted	not_admitted	not_admitted	not_admitted	not_admitted	not_admitted	not_admitted	not_admitted	1	46;38391;39383;+;369.5		51;42489;43232;+;231.4	43;34755;37382;+;303.9		37;31419;32870;+;94.1	43;34755;37382;+;96.5	35;30138;30704;+;184.3	48;39727;40365;+;68.7	49;40362;42212;+;266.7	60;49975;51381;+;230.2	40;33724;34239;+;75.2		C	7/9	contiguous	19837	0	1	
NZ_CP023895.1	MPF_F	IncFII	102	0	0	GA	0															not_admitted	not_admitted	not_admitted	not_admitted	not_admitted	not_admitted	not_admitted	not_admitted	not_admitted	not_admitted	1	6;4701;5693;+;369.5	16;11472;12845;+;381.7	11;8799;9542;+;234.4	3;1062;3692;+;304.1	17;12842;15664;+;374.0	98;88260;89711;+;94.2	3;1062;3692;+;97.1	96;86979;87545;+;174.3	8;6037;6675;+;68.6	9;6672;8522;+;266.1	21;17936;20197;+;391.1	101;90571;91086;+;78.4	21;17936;20197;+;70.3	A	9/9	split_2	89509	1	1	15686..16165+;159;TraS;0
NZ_CP023897.1	MPF_T	ColKP3;IncX3	65	0	0	GA	1	62;50160;50804;-;46.4	61;49886;50176;-;73.1	60;47108;49861;-;47.0	60;47108;49861;-;142.4	60;47108;49861;-;73.3	59;46328;47098;-;60.1	57;44994;46049;-;132.8		56;44071;44799;-;119.4	55;43136;44065;-;138.8	54;41925;43139;-;128.3	52;40695;41729;-;65.7	51;38857;40692;-;495.9		pfam	pfam_only	A	7/7	canonical	1	1	unscoreable	2	0	0														not_admitted	not_admitted	not_admitted	not_admitted	not_admitted	not_admitted	not_admitted
NZ_CP023905.1	MPF_T	IncX4	52	0	0	GA	1	41;29822;30442;-;46.9	40;29482;29808;-;64.4	39;26716;29463;-;62.7	39;26716;29463;-;151.8	39;26716;29463;-;46.1	38;25988;26704;-;97.3	37;24898;25977;-;157.5		35;23697;24383;-;167.4	34;22792;23700;-;142.3	33;21681;22799;-;162.9	32;20651;21679;-;85.0	31;18802;20619;-;316.5		pfam	pfam_only	A	7/7	canonical	1	1	unscoreable	1	0	0														not_admitted	not_admitted	not_admitted	not_admitted	not_admitted	not_admitted	not_admitted
NZ_CP023914.1	MPF_F	IncFIB(pB171);IncFII(Yp);IncFII(pAR0022)	120	0	0	GA	0															not_admitted	not_admitted	not_admitted	not_admitted	not_admitted	not_admitted	not_admitted	not_admitted	not_admitted	not_admitted	1	18;21761;22753;-;367.3	10;15678;17048;-;376.7	14;18265;19014;-;218.2	21;23741;26371;-;285.5	9;12856;15678;-;336.5	27;28399;29793;-;89.4	21;23741;26371;-;98.6	29;30510;31076;-;169.9	17;21115;21744;-;66.9	16;19265;21118;-;260.5	6;9273;11519;-;384.7	26;27838;28377;-;67.5	6;9273;11519;-;63.8	A	9/9	contiguous	21237	1	1	12403..12834-;143;TraS;0
NZ_CP023916.1	MPF_F	IncFIA(HI1);IncFIB(pQil);IncFII(K);IncFII(pAR0022)	142	0	0	GA	0															not_admitted	not_admitted	not_admitted	not_admitted	not_admitted	not_admitted	not_admitted	not_admitted	not_admitted	not_admitted	1	81;60226;61215;+;366.6	91;66762;68129;+;384.1	87;64752;65504;+;233.7	77;56130;58769;+;258.5	92;68129;70951;+;346.4	70;51879;53303;+;89.3	77;56130;58769;+;88.7	68;50586;51152;+;169.3	82;61228;61866;+;66.9	83;61925;63880;+;259.4	96;73567;75879;+;393.1	71;53375;53959;+;54.7	96;73567;75879;+;66.6	A	9/9	contiguous	22981	1	1	70974..71576+;200;TraS;0
NZ_CP023918.1	MPF_F	IncFIA(HI1);IncFII	129	0	0	GA	0															not_admitted	not_admitted	not_admitted	not_admitted	not_admitted	not_admitted	not_admitted	not_admitted	not_admitted	not_admitted	1				55;41775;42512;+;136.1		47;37325;38776;+;94.2		45;36044;36610;+;174.3			57;43498;45804;+;391.0	50;39636;40151;+;78.4	57;43498;45804;+;70.2	D	3/9	contiguous	7454	0	0	
NZ_CP023942.1	MPF_F	IncFII(pHN7A8);IncR	236	0	0	GA	0															not_admitted	not_admitted	not_admitted	not_admitted	not_admitted	not_admitted	not_admitted	not_admitted	not_admitted	not_admitted	1	138;108786;109778;-;369.5	125;100580;101953;-;376.8	130;103519;104262;-;234.4	141;110787;113414;-;301.8	124;97767;100583;-;376.7	146;115469;116896;-;94.1	141;110787;113414;-;101.8	148;117611;118177;-;183.8	135;107202;107840;-;70.4	132;104539;106389;-;265.0	120;93241;95466;-;391.7	142;113930;114445;-;77.6	120;93241;95466;-;70.3	A	9/9	contiguous	24370	1	1	97213..97734-;173;unnamed;0
NZ_CP023943.1	MPF_F	IncFIB(K);IncFII(K);repB(R1701)	217	0	0	GA	0															not_admitted	not_admitted	not_admitted	not_admitted	not_admitted	not_admitted	not_admitted	not_admitted	not_admitted	not_admitted	1	178;158304;159296;+;366.6	188;164747;166117;+;381.2	184;162793;163545;+;232.4	175;154639;157278;+;258.7	189;166117;168966;+;344.2	166;149400;150824;+;89.2	175;154639;157278;+;88.8	164;148107;148673;+;167.0	179;159309;159947;+;67.0	180;159944;161950;+;259.0	193;170780;173089;+;393.2	168;151436;152005;+;49.7	193;170780;173089;+;65.8	A	9/9	contiguous	22673	1	1	168969..169499+;176;unnamed;0
NZ_CP023948.1	MPF_F	IncC;IncFIB(pQil);IncFII(pKP91)	278	0	0	GA	0															not_admitted	not_admitted	not_admitted	not_admitted	not_admitted	not_admitted	not_admitted	not_admitted	not_admitted	not_admitted	1	200;147298;148287;+;363.9	210;153834;155201;+;384.5	206;151824;152576;+;233.7	196;143216;145855;+;258.5	264;206869;210483;+;375.3	188;138205;139629;+;89.2	196;143216;145855;+;88.7	186;136912;137478;+;169.3	201;148300;148938;+;64.7	202;148997;150952;+;259.7	215;160628;162910;+;393.3	190;140260;140817;+;52.5	215;160628;162910;+;65.9	A	9/9	split_2	69957	0	1	
NZ_CP023959.1	MPF_F	IncFIB(pB171);IncFII	147	0	0	GA	0															not_admitted	not_admitted	not_admitted	not_admitted	not_admitted	not_admitted	not_admitted	not_admitted	not_admitted	not_admitted	1	50;48814;49806;-;372.1	39;41709;43082;-;380.7	44;44672;45415;-;233.3	53;50815;53442;-;303.5	38;38893;41712;-;386.2	58;55571;57022;-;94.6	53;50815;53442;-;100.3	60;57737;58303;-;183.2	49;48167;48805;-;68.6	46;45692;47455;-;267.9	35;35172;37361;-;391.8	54;53958;54473;-;79.0	35;35172;37361;-;70.4	A	9/9	contiguous	22565	1	1	38377..38868-;163;TraS;0
NZ_CP023980.1	-	-	80	0	0	GA	1				44;30993;31256;+;26.5	43;30104;30853;+;38.7	49;32666;33175;+;61.9			53;35072;35311;+;47.5	55;35905;36531;+;139.0		59;38480;38782;+;52.6	64;40333;40740;+;51.4		pfam	both	C	5/7	uncallable	0	0	unscoreable	11	0	0														not_admitted	not_admitted	not_admitted	not_admitted	not_admitted	not_admitted	not_admitted
NZ_CP023981.1	MPF_T	IncN	84	0	0	GA	1			65;41102;41392;-;61.4	62;39783;40256;-;98.1	64;40832;41077;-;31.6	60;37975;38475;-;51.1			55;35665;36183;-;87.0	54;35007;35561;-;89.1	51;33723;34187;-;76.9	49;32479;32853;-;43.3	34;23881;24441;+;40.3		pfam	both	B	6/7	uncallable	0	0	unscoreable	22	0	0														not_admitted	not_admitted	not_admitted	not_admitted	not_admitted	not_admitted	not_admitted
NZ_CP024030.1	MPF_T	-	65	0	0	GA	1	32;32828;33730;-;38.9	43;42568;42945;-;71.2	42;42272;42571;-;50.8	41;39616;42285;-;66.0	41;39616;42285;-;82.7	40;38951;39613;-;70.7	37;37450;38316;-;148.5		36;36779;37453;-;92.1	35;35972;36754;-;199.4	34;34750;35970;-;174.5	33;33717;34739;-;112.7	26;26525;28099;+;70.4		pfam	both	A	7/7	canonical	1	0	unscoreable	7	0	0														not_admitted	not_admitted	not_admitted	not_admitted	not_admitted	not_admitted	not_admitted
NZ_CP024033.1	MPF_T	-	65	0	0	GA	1	32;32831;33733;-;38.9	43;42571;42948;-;71.2	42;42275;42574;-;50.8	41;39619;42288;-;66.0	41;39619;42288;-;82.7	40;38954;39616;-;70.7	37;37453;38319;-;148.5		36;36782;37456;-;92.1	35;35975;36757;-;199.4	34;34753;35973;-;174.5	33;33720;34742;-;112.7	26;26528;28102;+;70.4		pfam	both	A	7/7	canonical	1	0	unscoreable	7	0	0														not_admitted	not_admitted	not_admitted	not_admitted	not_admitted	not_admitted	not_admitted
NZ_CP024039.1	MPF_F	IncFIA;IncFIB(AP001918);IncFII	150	0	0	GA	0															not_admitted	not_admitted	not_admitted	not_admitted	not_admitted	not_admitted	not_admitted	not_admitted	not_admitted	not_admitted	1				101;82760;85387;-;303.5			101;82760;85387;-;99.0	107;87537;88103;-;182.9			101;82760;85387;-;22.1	102;85903;86418;-;76.4		D	3/9	contiguous	4777	0	0	
NZ_CP024040.1	MPF_F	IncFIB(pQil);IncFII(K)	142	0	0	GA	0															not_admitted	not_admitted	not_admitted	not_admitted	not_admitted	not_admitted	not_admitted	not_admitted	not_admitted	not_admitted	1	79;75516;76505;-;366.0	69;68602;69969;-;381.2	73;71227;71979;-;233.7	83;77948;80587;-;258.5	68;65753;68602;-;345.6	91;83844;85268;-;88.8	83;77948;80587;-;88.7	93;85995;86561;-;169.3	78;74865;75503;-;66.9	77;72851;74806;-;259.7	64;60955;63267;-;392.7	90;83146;83730;-;55.4	64;60955;63267;-;66.5	A	9/9	contiguous	25040	1	1	65192..65740-;182;unnamed;0
NZ_CP024041.1	MPF_T	IncX4	45	0	0	GA	1	30;25897;26517;-;41.6	29;25557;25883;-;64.4	28;22791;25538;-;63.8	28;22791;25538;-;151.8	28;22791;25538;-;46.1	27;22063;22779;-;94.2	26;20957;22051;-;150.1		24;19756;20442;-;169.0	23;18851;19759;-;142.4	22;17740;18858;-;163.9	21;16710;17738;-;85.0	20;14861;16678;-;314.8		pfam	pfam_only	A	7/7	canonical	1	1	unscoreable	1	0	0														not_admitted	not_admitted	not_admitted	not_admitted	not_admitted	not_admitted	not_admitted
NZ_CP024045.1	-	-	83	0	0	GA	1				26;37517;39703;+;25.4											none	none	D	1/7	uncallable	0	0	unscoreable	0	0	0														not_admitted	not_admitted	not_admitted	not_admitted	not_admitted	not_admitted	not_admitted
NZ_CP024054.1	-	-	63	0	0	GA	1	23;17743;18345;-;50.7	22;17459;17746;-;48.4	21;14708;17443;-;58.9	21;14708;17443;-;140.0	21;14708;17443;-;57.3	20;13991;14698;-;113.5	0;1;906;+;121.2		2;1269;1958;+;138.7	3;1955;2863;+;132.8	4;2853;4064;+;100.6	5;4137;5171;+;85.6	6;5158;6990;+;410.0		pfam	pfam_only	A	7/7	uncallable	0	1	unscoreable	14	0	0														not_admitted	not_admitted	not_admitted	not_admitted	not_admitted	not_admitted	not_admitted
NZ_CP024060.1	MPF_T	-	88	0	0	GA	1				23;19765;21780;-;22.9									17;14214;15743;-;465.2		none	none	D	2/7	uncallable	0	0	unscoreable	5	0	0														not_admitted	not_admitted	not_admitted	not_admitted	not_admitted	not_admitted	not_admitted
NZ_CP024061.1	MPF_T	-	62	0	0	GA	1				32;30660;32675;+;24.4									38;36701;38212;+;464.1		none	none	D	2/7	uncallable	0	0	unscoreable	5	0	0														not_admitted	not_admitted	not_admitted	not_admitted	not_admitted	not_admitted	not_admitted
NZ_CP024080.1	MPF_T	-	53	0	0	GA	1	34;31480;32265;-;42.9	32;28615;28926;-;56.6	31;28261;28602;-;84.0	30;25766;28255;-;196.2	30;25766;28255;-;93.4	28;24872;25582;-;222.0	26;23449;24546;-;131.0		24;22396;23151;-;191.1	23;21521;22399;-;187.6	22;20391;21521;-;193.1	21;19292;20275;-;89.7	20;16360;19089;-;335.8		pfam	both	A	7/7	canonical	1	0	unscoreable	4	0	0														not_admitted	not_admitted	not_admitted	not_admitted	not_admitted	not_admitted	not_admitted
NZ_CP024128.1	MPF_T	IncP1	71	0	0	GA	1		2;1723;2106;+;68.7	3;2109;2435;+;50.6	4;2432;4975;+;94.8	4;2432;4975;+;107.0	9;8451;9221;+;104.8	10;9412;10971;+;113.8		5;4972;5679;+;91.8	6;5695;6585;+;152.4	8;7044;8438;+;224.7	1;653;1609;+;132.7	39;30354;32300;-;442.7		conjscan	conjscan_only	A	7/7	canonical	1	0	unscoreable	2	0	0														not_admitted	not_admitted	not_admitted	not_admitted	not_admitted	not_admitted	not_admitted
NZ_CP024132.1	MPF_T	IncX4	45	0	0	GA	1	14;6787;7407;+;41.6	15;7421;7747;+;64.4	16;7766;10513;+;63.8	16;7766;10513;+;151.8	16;7766;10513;+;46.1	17;10525;11241;+;94.2	18;11253;12347;+;150.1		20;12862;13548;+;169.0	21;13545;14453;+;142.4	22;14446;15564;+;163.9	23;15566;16594;+;85.0	24;16626;18443;+;314.8		pfam	pfam_only	A	7/7	canonical	1	1	unscoreable	1	0	0														not_admitted	not_admitted	not_admitted	not_admitted	not_admitted	not_admitted	not_admitted
NZ_CP024133.1	MPF_F	IncFIB(AP001918);IncFII;IncR	201	0	0	GA	0															not_admitted	not_admitted	not_admitted	not_admitted	not_admitted	not_admitted	not_admitted	not_admitted	not_admitted	not_admitted	1	90;78720;79712;+;369.3	98;84447;85820;+;381.1	94;82483;83226;+;235.4	87;75084;77711;+;306.8	99;85817;88639;+;389.2	81;71742;73169;+;94.4	87;75084;77711;+;98.4	79;70461;71027;+;183.8	91;79721;80359;+;68.7	92;80356;82206;+;265.1	185;167668;169548;+;392.3	84;74053;74568;+;78.4	185;167668;169548;+;70.7	A	9/9	split_2	97207	1	1	88660..89157+;165;TraS;0
NZ_CP024135.1	MPF_T	IncI2	79	0	0	GA	1	39;28581;29063;+;81.1		24;12701;12985;+;36.6	25;12991;15348;+;58.5	25;12991;15348;+;44.9	12;5906;6550;+;41.0	11;4905;5900;+;123.7		27;15514;16248;+;144.3	28;16245;17015;+;170.5	29;17005;18144;+;154.7	36;25275;26813;+;207.1	31;19234;21192;+;289.6		pfam	pfam_only	A	7/7	rearranged	1	0	unscoreable	17	0	0														not_admitted	not_admitted	not_admitted	not_admitted	not_admitted	not_admitted	not_admitted
NZ_CP024139.1	MPF_T	IncI2(Delta)	83	0	0	GA	1	38;31081;31563;-;81.1		53;47165;47449;-;36.6	52;44802;47159;-;58.5	52;44802;47159;-;42.8	65;53586;54230;-;41.9	66;54236;55231;-;123.7		50;43902;44636;-;144.3	49;43135;43905;-;170.5	48;42006;43145;-;154.7	41;33331;34869;-;207.1	46;38958;40916;-;289.6		pfam	pfam_only	A	7/7	rearranged	1	0	unscoreable	17	0	0														not_admitted	not_admitted	not_admitted	not_admitted	not_admitted	not_admitted	not_admitted
NZ_CP024140.1	MPF_F	IncFIB(AP001918);IncFIC(FII)	182	0	0	GA	0															not_admitted	not_admitted	not_admitted	not_admitted	not_admitted	not_admitted	not_admitted	not_admitted	not_admitted	not_admitted	1	115;106633;107625;-;369.3	104;99574;100947;-;378.0	111;103161;103904;-;234.1	118;108634;111261;-;305.4	103;96755;99577;-;389.5	126;114577;116004;-;94.3	118;108634;111261;-;98.5	128;116719;117285;-;183.8	114;105986;106624;-;68.4	113;104181;105989;-;268.4	100;93073;95226;-;391.9	120;111777;112292;-;78.4	100;93073;95226;-;70.4	A	9/9	contiguous	23646	1	1	96242..96733-;163;TraS;0
NZ_CP024142.1	MPF_T	IncI2	80	0	0	GA	1	40;36416;36898;-;81.1		55;52494;52778;-;36.6	54;50131;52488;-;58.5	54;50131;52488;-;44.9	68;59987;60631;-;41.5	69;60637;61632;-;123.9		52;49231;49965;-;144.3	51;48464;49234;-;170.5	50;47335;48474;-;154.7	43;38666;40204;-;207.1	48;44287;46245;-;289.6		pfam	pfam_only	A	7/7	rearranged	1	0	unscoreable	18	0	0														not_admitted	not_admitted	not_admitted	not_admitted	not_admitted	not_admitted	not_admitted
NZ_CP024143.1	MPF_F	IncHI2;IncHI2A;IncN	278	0	0	GA	0															not_admitted	not_admitted	not_admitted	not_admitted	not_admitted	not_admitted	not_admitted	not_admitted	not_admitted	not_admitted	1	28;31240;32298;+;276.9	194;181287;182702;-;194.1	195;182692;183738;-;174.3	11;8987;11668;+;168.0	193;177325;181278;-;101.7	7;5302;6657;+;80.7	11;8987;11668;+;72.2	4;2790;3578;+;74.8	26;29587;31098;+;62.0	29;32317;35505;+;57.3	202;190780;192864;+;56.8	10;8028;8978;+;46.1	202;190780;192864;+;38.8	A	9/9	split_3	187990	1	1	175855..177144-;429;unnamed;0
NZ_CP024145.1	MPF_F	IncFIB(AP001918);IncFIC(FII)	120	0	0	GA	0															not_admitted	not_admitted	not_admitted	not_admitted	not_admitted	not_admitted	not_admitted	not_admitted	not_admitted	not_admitted	1	54;41558;42550;+;369.5	67;49244;50617;+;381.0	61;46557;47300;+;232.9	51;37922;40549;+;305.1	68;50614;53433;+;389.2	44;34425;35873;+;94.2	51;37922;40549;+;100.2	42;33144;33710;+;180.7	58;43837;44475;+;67.5	59;44472;46280;+;268.3	71;54976;57183;+;391.7	48;36891;37406;+;78.8	71;54976;57183;+;70.3	A	9/9	contiguous	21832	0	1	
NZ_CP024148.1	MPF_T	IncI2	75	0	0	GA	1	37;28822;29304;+;81.1		22;12941;13225;+;36.6	23;13231;15588;+;58.5	23;13231;15588;+;44.9	13;7485;8129;+;41.0	12;6484;7479;+;123.9		25;15754;16488;+;144.3	26;16485;17255;+;170.4	27;17245;18384;+;154.7	34;25515;27053;+;207.1	29;19474;21432;+;288.2		pfam	pfam_only	A	7/7	rearranged	1	0	unscoreable	14	0	0														not_admitted	not_admitted	not_admitted	not_admitted	not_admitted	not_admitted	not_admitted
NZ_CP024149.1	MPF_T	IncX4	42	0	0	GA	1	1;201;821;+;41.6	2;835;1161;+;64.4	3;1180;3927;+;63.8	3;1180;3927;+;151.8	3;1180;3927;+;46.1	4;3939;4655;+;94.2	5;4667;5761;+;150.1		7;6276;6962;+;169.0	8;6959;7867;+;142.4	9;7860;8978;+;163.9	10;8980;10008;+;85.0	11;10040;11857;+;314.8		pfam	pfam_only	A	7/7	canonical	1	1	unscoreable	1	0	0														not_admitted	not_admitted	not_admitted	not_admitted	not_admitted	not_admitted	not_admitted
NZ_CP024151.1	MPF_F	IncFIB(AP001918);IncFIC(FII)	114	0	0	GA	0															not_admitted	not_admitted	not_admitted	not_admitted	not_admitted	not_admitted	not_admitted	not_admitted	not_admitted	not_admitted	1	68;63079;64071;-;369.3	59;56644;58017;-;381.0	64;59607;60350;-;231.1	71;65080;67707;-;306.8	58;53822;56647;-;389.2	76;69618;71045;-;94.1	71;65080;67707;-;99.5	78;71760;72326;-;183.8	67;62432;63070;-;68.7	66;60627;62435;-;267.6	55;50157;52319;-;391.8	73;68222;68737;-;78.4	55;50157;52319;-;70.4	A	9/9	contiguous	21603	1	1	53316..53825-;169;unnamed;0
NZ_CP024156.1	MPF_T	IncI2	78	0	0	GA	1	1;1683;2165;-;81.1		20;17754;18038;-;36.6	19;15865;17748;-;58.7	19;15865;17748;-;45.4	28;22847;23491;-;41.0	29;23497;24492;-;123.9		16;14492;15226;-;144.3	15;13971;14495;-;99.3	13;12597;13736;-;154.7	5;3931;5145;-;204.0	10;9550;11262;-;288.9		pfam	pfam_only	A	7/7	rearranged	1	0	unscoreable	16	0	0														not_admitted	not_admitted	not_admitted	not_admitted	not_admitted	not_admitted	not_admitted
NZ_CP024157.1	MPF_F	IncFII	109	0	0	GA	0															not_admitted	not_admitted	not_admitted	not_admitted	not_admitted	not_admitted	not_admitted	not_admitted	not_admitted	not_admitted	1	15;10880;11872;+;369.3	23;16607;17983;+;376.7	19;14646;15389;+;233.3	12;7244;9871;+;306.8	24;17980;20802;+;389.2	7;3902;5329;+;94.3	12;7244;9871;+;98.5	5;2621;3187;+;183.8	16;11881;12519;+;68.6	17;12516;14366;+;265.1	27;22335;23609;+;245.0	10;6213;6728;+;78.4	28;23590;24006;+;68.2	A	9/9	contiguous	20969	1	1	20823..21320+;165;TraS;0
NZ_CP024167.1	MPF_F	IncFII(Yp);IncFII(pAR0022)	107	0	0	GA	0															not_admitted	not_admitted	not_admitted	not_admitted	not_admitted	not_admitted	not_admitted	not_admitted	not_admitted	not_admitted	1	1;1645;2640;-;360.6	101;88425;89789;-;356.8	104;90993;91556;-;107.4	7;4651;7254;-;218.9	100;85150;88425;-;308.9	9;7908;9317;-;92.8	7;4651;7254;-;101.7	11;10066;10650;-;107.6	0;1023;1634;-;58.5		95;80499;82775;-;361.5	8;7251;7808;-;39.8	95;80499;82775;-;68.0	B	8/9	split_2	89970	1	0	84428..85141-;237;unnamed;0
NZ_CP024192.1	MPF_F	IncC	277	0	0	GA	0															not_admitted	not_admitted	not_admitted	not_admitted	not_admitted	not_admitted	not_admitted	not_admitted	not_admitted	not_admitted	1	110;78096;79103;+;332.9	260;207920;209353;+;339.2	256;205584;206141;+;117.4	105;72897;75344;+;354.5	264;210828;214205;+;289.2	47;26894;28054;+;156.3	105;72897;75344;+;128.3	98;62501;63127;+;92.7	108;76166;77431;+;67.9	111;79219;82017;+;145.3	89;56826;58691;+;47.3	101;65338;65916;+;100.2	89;56826;58691;+;52.0	A	9/9	split_3	183934	0	1	
NZ_CP024193.1	MPF_F	IncFIB(K);IncFII(K)	166	0	0	GA	0															not_admitted	not_admitted	not_admitted	not_admitted	not_admitted	not_admitted	not_admitted	not_admitted	not_admitted	not_admitted	1	110;105153;106145;-;366.6	100;98332;99702;-;381.2	104;100904;101656;-;232.4	113;107171;109810;-;258.7	99;95483;98332;-;344.2	122;113625;115049;-;89.2	113;107171;109810;-;88.8	124;115776;116342;-;167.0	109;104502;105140;-;67.0	108;102499;104505;-;259.0	95;91360;93669;-;393.2	120;112444;113013;-;49.7	95;91360;93669;-;65.8	A	9/9	contiguous	24416	1	1	94950..95480-;176;unnamed;0
NZ_CP024200.1	-	-	726	0	0	GA	1		714;897572;897889;+;51.3		716;898191;900575;+;26.4					723;903874;904611;+;44.6	724;904617;906323;+;95.0	725;906323;908041;+;124.6	1;2265;3272;+;46.9	2;3269;5149;+;319.7		none	none	B	6/7	uncallable	0	0	unscoreable	7	0	0														not_admitted	not_admitted	not_admitted	not_admitted	not_admitted	not_admitted	not_admitted
NZ_CP024224.1	MPF_F	-	24	0	0	GA	0															not_admitted	not_admitted	not_admitted	not_admitted	not_admitted	not_admitted	not_admitted	not_admitted	not_admitted	not_admitted	1	16;11143;11595;+;161.5	22;15915;17276;+;342.6	20;14504;15283;+;194.4	12;7016;9607;+;215.3	23;17278;19731;+;289.1	7;4062;5426;+;82.6	12;7016;9607;+;88.2	5;2782;3345;+;136.5	18;12060;12605;+;80.4	19;12669;14507;+;259.4		11;6406;7005;+;46.6		A	9/9	contiguous	14496	0	1	
NZ_CP024236.1	MPF_F	IncFIA(HI1);IncHI1A;IncHI1B(R27)	239	0	0	GA	0															not_admitted	not_admitted	not_admitted	not_admitted	not_admitted	not_admitted	not_admitted	not_admitted	not_admitted	not_admitted	1	165;159630;160682;+;277.6	52;40148;41563;+;201.7	51;39112;40158;+;171.3	147;138024;140705;+;160.6	53;41572;42792;+;68.7	143;134318;135676;+;84.0	147;138024;140705;+;76.5	139;131867;132652;+;68.7	163;157977;159485;+;65.6	166;160705;163881;+;58.9	45;30093;32177;-;50.2	146;137065;138015;+;45.2	45;30093;32177;-;36.5	A	9/9	split_2	130612	1	1	42750..45560+;936;unnamed;0
NZ_CP024238.1	MPF_F	IncFII(pCoo)	336	0	0	GA	0															not_admitted	not_admitted	not_admitted	not_admitted	not_admitted	not_admitted	not_admitted	not_admitted	not_admitted	not_admitted	1	120;102808;103800;-;369.8	105;94357;95226;-;283.5	110;96801;97544;-;234.1	239;198564;200573;-;301.8	218;185063;186994;-;388.8	132;109571;111022;-;90.4	124;104810;106555;-;99.9	134;111737;112303;-;183.3	230;193577;194215;-;70.2	112;97821;99629;-;267.8	95;84014;86194;-;391.8	128;107952;108467;-;76.9	95;84014;86194;-;70.3	A	9/9	split_2	114550	1	1	184176..185105-;309;unnamed;0
NZ_CP024242.1	MPF_F	IncFII(pCoo)	90	0	0	GA	0															not_admitted	not_admitted	not_admitted	not_admitted	not_admitted	not_admitted	not_admitted	not_admitted	not_admitted	not_admitted	1	67;57643;58635;-;369.5	56;51216;51860;-;192.7	62;53794;54537;-;232.1	70;59644;62271;-;300.9	54;47666;50491;-;385.6	76;64424;65851;-;94.1	70;59644;62271;-;101.1	78;66566;67132;-;182.3	65;56661;57299;-;70.7	64;54814;56664;-;266.4	47;41258;43114;-;381.4	72;62787;63302;-;76.0	47;41258;43114;-;66.9	A	9/9	contiguous	25308	1	1	47160..47669-;169;unnamed;0
NZ_CP024244.1	MPF_F	IncFIB(AP001918);IncFII(pCoo)	180	0	0	GA	0															not_admitted	not_admitted	not_admitted	not_admitted	not_admitted	not_admitted	not_admitted	not_admitted	not_admitted	not_admitted	1	60;45388;46374;+;355.4	66;50607;51968;+;342.6	64;49196;49975;+;195.4	57;41704;44295;+;215.3	67;51970;54861;+;287.8	52;38751;40115;+;83.1	57;41704;44295;+;88.2	50;37471;38034;+;136.5	62;46750;47364;+;82.6	63;47361;49199;+;259.4	70;56484;58715;+;371.9	56;41094;41693;+;46.6	70;56484;58715;+;68.9	A	9/9	contiguous	19013	1	1	54871..55428+;185;unnamed;0
NZ_CP024255.1	MPF_F	IncFII(pCoo)	98	0	0	GA	0															not_admitted	not_admitted	not_admitted	not_admitted	not_admitted	not_admitted	not_admitted	not_admitted	not_admitted	not_admitted	1	55;56104;57090;-;354.1			58;58183;60774;-;214.5		61;61827;63191;-;78.6	58;58183;60774;-;88.0	63;63908;64471;-;135.5				59;60785;61384;-;51.7		D	4/9	contiguous	7804	0	0	
NZ_CP024258.1	MPF_F	IncFIB(AP001918);IncFII(pCoo)	116	0	0	GA	0															not_admitted	not_admitted	not_admitted	not_admitted	not_admitted	not_admitted	not_admitted	not_admitted	not_admitted	not_admitted	1	35;32374;33366;-;369.8	20;22886;24262;-;382.3	24;25489;26232;-;233.4	38;34375;37005;-;302.4	19;20064;22889;-;372.2	45;39391;40842;-;92.5	38;34375;37005;-;98.7	47;41557;42123;-;175.1	29;29129;29767;-;70.1	26;26509;28317;-;267.9	15;15570;17822;-;391.7	41;37772;38287;-;76.1	15;15570;17822;-;70.3	A	9/9	contiguous	25987	1	1	19558..20067-;169;unnamed;0
NZ_CP024259.1	MPF_F	IncFII(pCoo)	99	0	0	GA	0															not_admitted	not_admitted	not_admitted	not_admitted	not_admitted	not_admitted	not_admitted	not_admitted	not_admitted	not_admitted	1	47;47622;48608;-;354.1			52;50368;52290;-;215.4		55;53343;54707;-;78.6	52;50368;52290;-;37.8	57;55543;55986;-;105.0				53;52301;52900;-;51.7		D	4/9	contiguous	7921	0	0	
NZ_CP024261.1	MPF_T	IncX1;IncX3	56	0	0	GA	1	47;35592;36239;+;45.2	48;36217;36513;+;77.7	49;36532;39285;+;46.6	49;36532;39285;+;147.7	49;36532;39285;+;75.3	50;39296;40054;+;63.5	52;40292;41425;+;108.2		53;41672;42385;+;117.1	54;42390;43319;+;133.9	55;43316;44521;+;132.5		1;501;2336;+;490.8		pfam	pfam_only	B	6/7	canonical	1	1	unscoreable	1	0	0														not_admitted	not_admitted	not_admitted	not_admitted	not_admitted	not_admitted	not_admitted
NZ_CP024281.1	MPF_F	IncFII	99	0	0	GA	0															not_admitted	not_admitted	not_admitted	not_admitted	not_admitted	not_admitted	not_admitted	not_admitted	not_admitted	not_admitted	1	96;81640;82632;+;369.5	8;3473;4342;+;284.3	2;802;1545;+;234.4	93;78004;80631;+;300.9	10;4842;7661;+;385.4	87;74424;75851;+;93.9	93;78004;80631;+;102.0	85;73143;73709;+;182.7	98;82976;83614;+;70.7	0;37;525;+;161.2	16;11900;14080;+;380.8	91;76973;77488;+;76.0	16;11900;14080;+;66.5	A	9/9	split_2	82939	1	1	7686..8177+;163;TraS;0
NZ_CP024283.1	MPF_T	IncX4	51	0	0	GA	1	11;9827;10438;-;49.9	10;9541;9855;-;29.9	9;9175;9483;-;46.8	8;6800;9172;-;82.0	8;6800;9172;-;33.8	13;11778;12413;+;34.5	12;10781;11776;+;120.2		6;5932;6669;-;159.5	5;5156;5935;-;167.2	4;4024;5166;-;143.6	3;3005;4024;-;92.0	2;987;2954;-;290.3		pfam	pfam_only	A	7/7	uncallable	0	0	unscoreable	1	0	0														not_admitted	not_admitted	not_admitted	not_admitted	not_admitted	not_admitted	not_admitted
NZ_CP024284.1	MPF_F	IncFII(29)	67	0	0	GA	0															not_admitted	not_admitted	not_admitted	not_admitted	not_admitted	not_admitted	not_admitted	not_admitted	not_admitted	not_admitted	1	54;50483;51475;+;369.3	66;57703;59079;+;376.7	61;55397;56140;+;233.4	51;46847;49474;+;300.9	0;155;2266;+;154.1	46;43508;44935;+;94.1	51;46847;49474;+;102.3	44;42227;42793;+;181.4	56;51819;52457;+;70.4	59;53270;55120;+;265.3	4;4567;6891;+;391.5	49;45816;46331;+;78.4	4;4567;6891;+;70.2	A	9/9	split_2	57548	1	1	2299..2820+;173;unnamed;0
NZ_CP024286.1	MPF_F	IncFIB(AP001918);IncFII	118	0	0	GA	0															not_admitted	not_admitted	not_admitted	not_admitted	not_admitted	not_admitted	not_admitted	not_admitted	not_admitted	not_admitted	1	59;64134;65126;-;369.3	50;57017;58435;-;380.8	55;60662;61405;-;233.3	62;66135;68660;-;306.9	49;54201;57020;-;387.0	72;73524;74951;-;93.0	62;66135;68660;-;100.5	74;75666;76232;-;181.4	58;63487;64125;-;68.7	57;61682;63490;-;265.3	46;50512;52665;-;391.2	68;71985;72500;-;78.8	46;50512;52665;-;69.4	A	9/9	contiguous	25154	0	1	
NZ_CP024287.1	MPF_F	IncFII	138	0	0	GA	0															not_admitted	not_admitted	not_admitted	not_admitted	not_admitted	not_admitted	not_admitted	not_admitted	not_admitted	not_admitted	1	24;15194;16186;+;369.3	32;20876;22252;+;381.0	28;18915;19658;+;234.4	17;8851;9948;+;219.9	33;22249;25071;+;390.0	10;6188;6796;+;73.1	21;12461;14185;+;100.0	7;4086;4652;+;183.8	25;16195;16833;+;68.4	26;16830;18638;+;268.3	36;26604;28793;+;391.8	14;7820;8335;+;76.3	36;26604;28793;+;70.3	A	9/9	contiguous	22518	1	1	25092..25589+;165;TraS;0
NZ_CP024290.1	MPF_T	IncX1	46	0	0	GA	1	28;25345;25992;-;45.2	27;25071;25367;-;77.5	26;22299;25052;-;46.6	26;22299;25052;-;148.0	26;22299;25052;-;73.5	25;21530;22288;-;63.5	23;20159;21292;-;108.2		22;19199;19912;-;118.1	21;18265;19194;-;133.9	20;17063;18268;-;132.5	19;16030;17061;-;76.5	18;14192;16027;-;488.1		pfam	pfam_only	A	7/7	canonical	1	1	unscoreable	1	0	0														not_admitted	not_admitted	not_admitted	not_admitted	not_admitted	not_admitted	not_admitted
NZ_CP024291.1	MPF_F	IncFIB(AP001918);IncFII	126	0	0	GA	0															not_admitted	not_admitted	not_admitted	not_admitted	not_admitted	not_admitted	not_admitted	not_admitted	not_admitted	not_admitted	1	96;90229;91221;-;357.1	79;80115;81488;-;370.1	85;83698;84441;-;234.3	99;92230;94857;-;305.6	78;77299;80118;-;376.7	105;97013;98443;-;93.4	99;92230;94857;-;99.6	107;99158;99724;-;168.7	89;87080;87718;-;70.1	87;84705;86609;-;261.4	74;72859;75066;-;391.8	101;95373;95888;-;79.7	74;72859;75066;-;70.3	A	9/9	contiguous	26299	0	1	
NZ_CP024308.1	MPF_T	-	378	0	0	GA	1	124;136113;137201;-;95.4	127;139963;140301;-;75.5	126;139660;139959;-;76.0	125;137198;139657;-;122.6	125;137198;139657;-;98.2	123;135400;136101;-;34.4	121;134139;135167;-;144.8		120;133405;134100;-;183.0	119;132599;133408;-;194.6	118;131388;132599;-;207.0	117;130379;131407;-;136.1	116;128283;130382;-;314.5		pfam	pfam_only	A	7/7	canonical	1	0	unscoreable	1	0	0														not_admitted	not_admitted	not_admitted	not_admitted	not_admitted	not_admitted	not_admitted
NZ_CP024309.1	MPF_T	-	481	0	0	GA	1	316;335729;336217;-;77.5	475;493910;494290;-;64.2	474;493618;493917;-;63.0	473;491100;493607;-;173.2	473;491100;493607;-;118.7	472;490328;491128;-;43.4	470;488962;490137;-;107.7		469;488277;488939;-;128.2	468;487450;488262;-;185.9	466;485696;486997;-;216.0	476;494280;495257;-;129.1	437;458923;460908;-;544.2		conjscan	conjscan_only	A	7/7	canonical	1	0	unscoreable	3	0	0														not_admitted	not_admitted	not_admitted	not_admitted	not_admitted	not_admitted	not_admitted
NZ_CP024312.1	MPF_T	-	274	0	0	GA	1	179;185091;185948;-;85.9	178;184770;185078;-;73.7	177;184456;184764;-;68.3	176;182042;184453;-;121.6	176;182042;184453;-;98.6	174;180433;181146;-;29.8	172;179139;180206;-;143.4		171;178391;179122;-;185.9	170;177558;178394;-;184.6	169;176219;177574;-;207.5	168;175207;176253;-;120.4	167;172875;175229;-;290.6		pfam	pfam_only	A	7/7	canonical	1	0	unscoreable	3	0	0														not_admitted	not_admitted	not_admitted	not_admitted	not_admitted	not_admitted	not_admitted
NZ_CP024313.1	MPF_T	-	485	0	0	GA	1		479;483097;483480;-;75.9	478;482805;483104;-;60.5	477;480339;482795;-;169.4	477;480339;482795;-;118.7	476;479564;480367;-;38.6	475;478381;479559;-;107.0		474;477694;478356;-;135.3	473;476865;477677;-;182.5	471;475115;476416;-;212.6	480;483470;484447;-;122.7	460;463578;465500;-;549.2		conjscan	conjscan_only	A	7/7	canonical	1	0	unscoreable	12	0	0														not_admitted	not_admitted	not_admitted	not_admitted	not_admitted	not_admitted	not_admitted
NZ_CP024314.1	-	-	2202	0	0	GA	1	1350;1428435;1429526;+;78.5	1347;1425384;1425722;+;76.4	1348;1425725;1426024;+;69.5	1349;1426027;1428438;+;116.7	1349;1426027;1428438;+;108.0	1351;1429540;1430241;+;49.2	1353;1430462;1431487;+;147.2		1354;1431516;1432208;+;176.2	1355;1432205;1433026;+;194.9	1356;1433023;1434270;+;208.1	1357;1434230;1435258;+;126.9	1358;1435255;1437273;+;325.2		pfam	pfam_only	A	7/7	canonical	1	0	unscoreable	1	0	0														not_admitted	not_admitted	not_admitted	not_admitted	not_admitted	not_admitted	not_admitted
NZ_CP024430.1	MPF_F	IncFII;IncR	145	0	0	GA	0															not_admitted	not_admitted	not_admitted	not_admitted	not_admitted	not_admitted	not_admitted	not_admitted	not_admitted	not_admitted	1	100;93526;94518;-;369.5	90;86374;87747;-;381.7	95;89677;90420;-;234.4	103;95527;98157;-;304.1	89;83555;86377;-;374.0	110;101156;102607;-;94.2	103;95527;98157;-;97.1	112;103322;103888;-;174.3	98;92544;93182;-;68.6	97;90697;92547;-;266.1	85;79013;81283;-;391.1	107;99781;100296;-;78.4	85;79013;81283;-;70.3	A	9/9	contiguous	24309	1	1	83054..83533-;159;TraS;0
NZ_CP024459.1	MPF_F	IncFIB(K);IncFII(K);IncFII(pAR0022)	207	0	0	GA	0															not_admitted	not_admitted	not_admitted	not_admitted	not_admitted	not_admitted	not_admitted	not_admitted	not_admitted	not_admitted	1	130;141429;142418;-;366.6	120;134515;135882;-;384.1	124;137140;137892;-;233.7	134;143875;146514;-;258.5	119;131693;134515;-;346.4	141;149342;150766;-;88.1	134;143875;146514;-;88.7	143;151493;152059;-;169.3	129;140778;141416;-;66.9	128;138764;140719;-;259.4	115;126765;129077;-;393.1	140;148685;149269;-;54.3	115;126765;129077;-;66.6	A	9/9	contiguous	24728	1	1	131068..131670-;200;TraS;0
NZ_CP024462.1	MPF_T	IncX4	45	0	0	GA	1	15;8152;8772;+;41.6	16;8786;9112;+;64.4	17;9131;11878;+;63.8	17;9131;11878;+;151.8	17;9131;11878;+;46.1	18;11890;12606;+;94.2	19;12618;13712;+;150.1		21;14227;14913;+;169.0	22;14910;15818;+;142.4	23;15811;16929;+;163.9	24;16931;17959;+;85.0	25;17991;19808;+;314.8		pfam	pfam_only	A	7/7	canonical	1	1	unscoreable	1	0	0														not_admitted	not_admitted	not_admitted	not_admitted	not_admitted	not_admitted	not_admitted
NZ_CP024467.1	MPF_T	IncX1	61	0	0	GA	1	29;24292;24939;+;47.0	30;24917;25213;+;77.5	31;25232;27985;+;46.6	31;25232;27985;+;147.7	31;25232;27985;+;75.3	32;27996;28754;+;67.3	34;28992;30125;+;106.4		35;30371;31084;+;120.7	36;31089;32018;+;134.2	37;32015;33220;+;132.5	38;33222;34253;+;76.5	39;34256;36091;+;487.2		pfam	pfam_only	A	7/7	canonical	1	1	unscoreable	1	0	0														not_admitted	not_admitted	not_admitted	not_admitted	not_admitted	not_admitted	not_admitted
NZ_CP024474.1	MPF_T	IncFIB(K)	71	0	0	GA	1	51;50005;50667;-;48.3	50;49695;49994;-;36.6	49;46935;49685;-;60.6	49;46935;49685;-;134.0	49;46935;49685;-;48.6	48;46200;46916;-;137.0	46;44879;45886;-;137.8		44;43983;44669;-;158.3	43;43097;43990;-;147.4	42;41904;43100;-;134.7	41;40851;41900;-;71.5	34;34206;36113;-;24.3		pfam	pfam_only	A	7/7	canonical	1	1	unscoreable	8	0	0														not_admitted	not_admitted	not_admitted	not_admitted	not_admitted	not_admitted	not_admitted
NZ_CP024475.1	MPF_F	IncFII(pSE11)	100	0	0	GA	0															not_admitted	not_admitted	not_admitted	not_admitted	not_admitted	not_admitted	not_admitted	not_admitted	not_admitted	not_admitted	1	67;52889;53881;+;369.5	81;60605;61978;+;386.0	74;57657;58400;+;234.4	64;49250;51880;+;297.8	82;61975;64800;+;386.5	56;44378;45805;+;93.9	64;49250;51880;+;98.7	54;43097;43663;+;174.3	69;54225;54863;+;68.6	72;55575;57380;+;267.0	86;67042;69276;+;382.0	59;46689;47204;+;78.4	86;67042;69276;+;66.8	A	9/9	contiguous	23945	1	1	64797..65306+;169;unnamed;0
NZ_CP024497.1	MPF_F	IncFIB(pNDM-Mar);RepB	242	0	0	GA	0															not_admitted	not_admitted	not_admitted	not_admitted	not_admitted	not_admitted	not_admitted	not_admitted	not_admitted	not_admitted	1	170;141421;142458;-;283.1	80;52609;53964;+;188.4	79;51525;52562;+;173.2	181;153292;156009;-;151.5	81;53939;57910;+;121.3	185;158122;159495;-;63.3	181;153292;156009;-;84.3	188;161141;162001;-;79.1	171;142455;143816;-;70.4	169;138229;141411;-;59.2	71;42214;44340;-;57.2	182;156054;156791;-;59.2	71;42214;44340;-;41.1	A	9/9	split_2	118927	0	1	
NZ_CP024522.1	MPF_F	IncC	277	0	0	GA	0															not_admitted	not_admitted	not_admitted	not_admitted	not_admitted	not_admitted	not_admitted	not_admitted	not_admitted	not_admitted	1	110;78096;79103;+;332.9	260;207920;209353;+;339.2	256;205584;206141;+;117.4	105;72897;75344;+;354.5	264;210828;214205;+;289.2	47;26894;28054;+;156.3	105;72897;75344;+;128.3	98;62501;63127;+;92.7	108;76166;77431;+;67.9	111;79219;82017;+;145.3	89;56826;58691;+;47.3	101;65338;65916;+;100.2	89;56826;58691;+;52.0	A	9/9	split_3	183934	0	1	
NZ_CP024523.1	MPF_F	IncFIB(K);IncFII(K)	166	0	0	GA	0															not_admitted	not_admitted	not_admitted	not_admitted	not_admitted	not_admitted	not_admitted	not_admitted	not_admitted	not_admitted	1	110;105140;106132;-;366.6	100;98319;99689;-;381.2	104;100891;101643;-;232.4	113;107158;109797;-;258.7	99;95470;98319;-;344.2	122;113612;115036;-;89.2	113;107158;109797;-;88.8	124;115763;116329;-;167.0	109;104489;105127;-;67.0	108;102486;104492;-;259.0	95;91347;93656;-;393.2	120;112431;113000;-;49.7	95;91347;93656;-;65.8	A	9/9	contiguous	24416	1	1	94937..95467-;176;unnamed;0
NZ_CP024529.1	MPF_F	IncC	277	0	0	GA	0															not_admitted	not_admitted	not_admitted	not_admitted	not_admitted	not_admitted	not_admitted	not_admitted	not_admitted	not_admitted	1	110;78096;79103;+;332.9	260;207920;209353;+;339.2	256;205584;206141;+;117.4	105;72897;75344;+;354.5	264;210828;214205;+;289.2	47;26894;28054;+;156.3	105;72897;75344;+;128.3	98;62501;63127;+;92.7	108;76166;77431;+;67.9	111;79219;82017;+;145.3	89;56826;58691;+;47.3	101;65338;65916;+;100.2	89;56826;58691;+;52.0	A	9/9	split_3	183934	0	1	
NZ_CP024530.1	MPF_F	IncFIB(K);IncFII(K)	166	0	0	GA	0															not_admitted	not_admitted	not_admitted	not_admitted	not_admitted	not_admitted	not_admitted	not_admitted	not_admitted	not_admitted	1	110;105140;106132;-;366.6	100;98319;99689;-;381.2	104;100891;101643;-;232.4	113;107158;109797;-;258.7	99;95470;98319;-;344.2	122;113612;115036;-;89.2	113;107158;109797;-;88.8	124;115763;116329;-;167.0	109;104489;105127;-;67.0	108;102486;104492;-;259.0	95;91347;93656;-;393.2	120;112431;113000;-;49.7	95;91347;93656;-;65.8	A	9/9	contiguous	24416	1	1	94937..95467-;176;unnamed;0
NZ_CP024536.1	MPF_F	IncC	241	0	0	GA	0															not_admitted	not_admitted	not_admitted	not_admitted	not_admitted	not_admitted	not_admitted	not_admitted	not_admitted	not_admitted	1	108;76709;77716;+;332.9	227;175150;176583;+;339.2	226;174120;175148;+;221.7	103;71510;73957;+;354.5	228;176596;180210;+;375.3	47;26894;28054;+;156.3	103;71510;73957;+;128.3	93;59889;60515;+;92.7	106;74779;76044;+;67.9	109;77832;80630;+;145.3	84;54214;56079;+;47.3	96;62726;63304;+;100.2	84;54214;56079;+;52.0	A	9/9	split_3	149702	0	1	
NZ_CP024537.1	MPF_F	IncFIB(K);IncFII(K)	166	0	0	GA	0															not_admitted	not_admitted	not_admitted	not_admitted	not_admitted	not_admitted	not_admitted	not_admitted	not_admitted	not_admitted	1	110;105140;106132;-;366.6	100;98319;99689;-;381.2	104;100891;101643;-;232.4	113;107158;109797;-;258.7	99;95470;98319;-;344.2	122;113612;115036;-;89.2	113;107158;109797;-;88.8	124;115763;116329;-;167.0	109;104489;105127;-;67.0	108;102486;104492;-;259.0	95;91347;93656;-;393.2	120;112431;113000;-;49.7	95;91347;93656;-;65.8	A	9/9	contiguous	24416	1	1	94937..95467-;176;unnamed;0
NZ_CP024543.1	MPF_F	IncFIA(pBK30683);IncFII(pKP91)	133	0	0	GA	0															not_admitted	not_admitted	not_admitted	not_admitted	not_admitted	not_admitted	not_admitted	not_admitted	not_admitted	not_admitted	1	106;82993;83985;+;363.0	116;89549;90916;+;382.8	112;87539;88291;+;233.7	103;79328;81967;+;259.1	117;90916;93753;+;337.5	93;74102;75526;+;89.2	103;79328;81967;+;83.9	91;72809;73375;+;168.4	107;83998;84636;+;66.0	108;84695;86650;+;255.2	123;98155;99720;+;284.0	95;76138;76707;+;55.3	123;98155;99720;+;67.3	A	9/9	contiguous	25346	1	1	93764..94288+;174;unnamed;0
NZ_CP024544.1	MPF_F	IncFII(Yp)	88	0	0	GA	0															not_admitted	not_admitted	not_admitted	not_admitted	not_admitted	not_admitted	not_admitted	not_admitted	not_admitted	not_admitted	1	62;45441;46433;+;362.9	74;53550;54920;+;378.1	71;52014;52766;+;225.5	59;41776;44415;+;259.1	75;54920;57769;+;343.9	48;35484;36908;+;89.2	59;41776;44415;+;83.9	46;34191;34757;+;168.4	66;48464;49111;+;65.6	67;49170;51125;+;255.2	77;58539;60839;+;390.5	50;37520;38089;+;53.7	77;58539;60839;+;65.8	A	9/9	contiguous	24348	1	1	57772..58302+;176;unnamed;0
NZ_CP024546.1	MPF_F	IncFIA(pBK30683);IncFII(pKP91)	133	0	0	GA	0															not_admitted	not_admitted	not_admitted	not_admitted	not_admitted	not_admitted	not_admitted	not_admitted	not_admitted	not_admitted	1	106;82993;83985;+;363.0	116;89549;90916;+;382.8	112;87539;88291;+;233.7	103;79328;81967;+;259.1	117;90916;93753;+;337.5	93;74102;75526;+;89.2	103;79328;81967;+;83.9	91;72809;73375;+;168.4	107;83998;84636;+;66.0	108;84695;86650;+;255.2	123;98155;99720;+;284.0	95;76138;76707;+;55.3	123;98155;99720;+;67.3	A	9/9	contiguous	25346	1	1	93764..94288+;174;unnamed;0
NZ_CP024547.1	MPF_F	IncFII(Yp)	88	0	0	GA	0															not_admitted	not_admitted	not_admitted	not_admitted	not_admitted	not_admitted	not_admitted	not_admitted	not_admitted	not_admitted	1	62;45441;46433;+;362.9	74;53550;54920;+;378.1	71;52014;52766;+;225.5	59;41776;44415;+;259.1	75;54920;57769;+;343.9	48;35484;36908;+;89.2	59;41776;44415;+;83.9	46;34191;34757;+;168.4	66;48464;49111;+;65.6	67;49170;51125;+;255.2	77;58539;60839;+;390.5	50;37520;38089;+;53.7	77;58539;60839;+;65.8	A	9/9	contiguous	24348	1	1	57772..58302+;176;unnamed;0
NZ_CP024550.1	MPF_F	IncC	241	0	0	GA	0															not_admitted	not_admitted	not_admitted	not_admitted	not_admitted	not_admitted	not_admitted	not_admitted	not_admitted	not_admitted	1	108;76709;77716;+;332.9	227;175150;176583;+;339.2	226;174120;175148;+;221.7	103;71510;73957;+;354.5	228;176596;180210;+;375.3	47;26894;28054;+;156.3	103;71510;73957;+;128.3	93;59889;60515;+;92.7	106;74779;76044;+;67.9	109;77832;80630;+;145.3	84;54214;56079;+;47.3	96;62726;63304;+;100.2	84;54214;56079;+;52.0	A	9/9	split_3	149702	0	1	
NZ_CP024551.1	MPF_F	IncFIB(K);IncFII(K)	166	0	0	GA	0															not_admitted	not_admitted	not_admitted	not_admitted	not_admitted	not_admitted	not_admitted	not_admitted	not_admitted	not_admitted	1	110;105140;106132;-;366.6	100;98319;99689;-;381.2	104;100891;101643;-;232.4	113;107158;109797;-;258.7	99;95470;98319;-;344.2	122;113612;115036;-;89.2	113;107158;109797;-;88.8	124;115763;116329;-;167.0	109;104489;105127;-;67.0	108;102486;104492;-;259.0	95;91347;93656;-;393.2	120;112431;113000;-;49.7	95;91347;93656;-;65.8	A	9/9	contiguous	24416	1	1	94937..95467-;176;unnamed;0
NZ_CP024557.1	MPF_F	IncC	274	0	0	GA	0															not_admitted	not_admitted	not_admitted	not_admitted	not_admitted	not_admitted	not_admitted	not_admitted	not_admitted	not_admitted	1	108;76709;77716;+;332.9	260;205224;206657;+;339.2	259;204194;205222;+;221.7	103;71510;73957;+;354.5	261;206670;210284;+;375.3	47;26894;28054;+;156.3	103;71510;73957;+;128.3	93;59889;60515;+;92.7	106;74779;76044;+;67.9	109;77832;80630;+;145.3	84;54214;56079;+;47.3	96;62726;63304;+;100.2	84;54214;56079;+;52.0	A	9/9	split_3	179776	0	1	
NZ_CP024558.1	MPF_F	IncFIB(K);IncFII(K)	166	0	0	GA	0															not_admitted	not_admitted	not_admitted	not_admitted	not_admitted	not_admitted	not_admitted	not_admitted	not_admitted	not_admitted	1	110;105153;106145;-;366.6	100;98332;99702;-;381.2	104;100904;101656;-;232.4	113;107171;109810;-;258.7	99;95483;98332;-;344.2	122;113625;115049;-;89.2	113;107171;109810;-;88.8	124;115776;116342;-;167.0	109;104502;105140;-;67.0	108;102499;104505;-;259.0	95;91360;93669;-;393.2	120;112444;113013;-;49.7	95;91360;93669;-;65.8	A	9/9	contiguous	24416	1	1	94950..95480-;176;unnamed;0
NZ_CP024564.1	MPF_F	IncC	241	0	0	GA	0															not_admitted	not_admitted	not_admitted	not_admitted	not_admitted	not_admitted	not_admitted	not_admitted	not_admitted	not_admitted	1	108;76709;77716;+;332.9	227;175150;176583;+;339.2	226;174120;175148;+;221.7	103;71510;73957;+;354.5	228;176596;180210;+;375.3	47;26894;28054;+;156.3	103;71510;73957;+;128.3	93;59889;60515;+;92.7	106;74779;76044;+;67.9	109;77832;80630;+;145.3	84;54214;56079;+;47.3	96;62726;63304;+;100.2	84;54214;56079;+;52.0	A	9/9	split_3	149702	0	1	
NZ_CP024565.1	MPF_F	IncFIB(K);IncFII(K)	166	0	0	GA	0															not_admitted	not_admitted	not_admitted	not_admitted	not_admitted	not_admitted	not_admitted	not_admitted	not_admitted	not_admitted	1	110;105140;106132;-;366.6	100;98319;99689;-;381.2	104;100891;101643;-;232.4	113;107158;109797;-;258.7	99;95470;98319;-;344.2	122;113612;115036;-;89.2	113;107158;109797;-;88.8	124;115763;116329;-;167.0	109;104489;105127;-;67.0	108;102486;104492;-;259.0	95;91347;93656;-;393.2	120;112431;113000;-;49.7	95;91347;93656;-;65.8	A	9/9	contiguous	24416	1	1	94937..95467-;176;unnamed;0
NZ_CP024571.1	MPF_F	IncC	241	0	0	GA	0															not_admitted	not_admitted	not_admitted	not_admitted	not_admitted	not_admitted	not_admitted	not_admitted	not_admitted	not_admitted	1	108;76709;77716;+;332.9	227;175150;176583;+;339.2	226;174120;175148;+;221.7	103;71510;73957;+;354.5	228;176596;180210;+;375.3	47;26894;28054;+;156.3	103;71510;73957;+;128.3	93;59889;60515;+;92.7	106;74779;76044;+;67.9	109;77832;80630;+;145.3	84;54214;56079;+;47.3	96;62726;63304;+;100.2	84;54214;56079;+;52.0	A	9/9	split_3	149702	0	1	
NZ_CP024572.1	MPF_F	IncFIB(K);IncFII(K)	166	0	0	GA	0															not_admitted	not_admitted	not_admitted	not_admitted	not_admitted	not_admitted	not_admitted	not_admitted	not_admitted	not_admitted	1	110;105140;106132;-;366.6	100;98319;99689;-;381.2	104;100891;101643;-;232.4	113;107158;109797;-;258.7	99;95470;98319;-;344.2	122;113612;115036;-;89.2	113;107158;109797;-;88.8	124;115763;116329;-;167.0	109;104489;105127;-;67.0	108;102486;104492;-;259.0	95;91347;93656;-;393.2	120;112431;113000;-;49.7	95;91347;93656;-;65.8	A	9/9	contiguous	24416	1	1	94937..95467-;176;unnamed;0
NZ_CP024578.1	MPF_F	-	109	0	0	GA	0															not_admitted	not_admitted	not_admitted	not_admitted	not_admitted	not_admitted	not_admitted	not_admitted	not_admitted	not_admitted	1	96;64184;65239;+;367.7	101;69218;70645;+;325.8	99;68008;68820;+;219.1	92;59896;62622;+;164.6	102;70661;73663;+;208.7	88;56898;58214;+;102.7	92;59896;62622;+;108.4	86;55607;56185;+;84.2	97;65254;65961;+;107.6	98;65958;68015;+;92.2	63;38573;40732;+;381.3	91;59242;59886;+;41.9	63;38573;40732;+;90.0	A	9/9	contiguous	32088	1	1	73735..74253+;172;unnamed;0
NZ_CP024583.1	-	-	268	0	0	GA	1	187;184859;185563;-;50.2	186;184566;184862;-;43.2	185;184211;184552;-;53.6	184;181801;184218;-;162.3	184;181801;184218;-;66.6	183;181076;181786;-;77.0	181;179663;180652;-;94.6		179;178658;179458;-;93.5	178;177624;178661;-;134.4	177;176479;177627;-;138.3	176;175272;176312;-;98.1	173;172429;173247;-;149.9		pfam	pfam_only	A	7/7	canonical	1	0	unscoreable	14	0	0														not_admitted	not_admitted	not_admitted	not_admitted	not_admitted	not_admitted	not_admitted
NZ_CP024616.1	-	-	63	0	0	GA	1	24;16683;17285;+;50.7	25;17282;17569;+;48.4	26;17585;20320;+;58.9	26;17585;20320;+;140.0	26;17585;20320;+;57.3	27;20330;21037;+;113.5	47;34122;35033;-;120.6		45;33070;33759;-;138.7	44;32165;33073;-;132.8	43;30964;32175;-;100.6	42;29857;30891;-;85.6	41;28038;29870;-;410.0		pfam	pfam_only	A	7/7	uncallable	0	1	unscoreable	14	0	0														not_admitted	not_admitted	not_admitted	not_admitted	not_admitted	not_admitted	not_admitted
NZ_CP024641.1	MPF_F	repFIB;repHI5B	371	0	0	GA	0															not_admitted	not_admitted	not_admitted	not_admitted	not_admitted	not_admitted	not_admitted	not_admitted	not_admitted	not_admitted	1	354;292585;293622;+;282.2	220;176705;178147;+;188.6	219;175711;176748;+;172.0	120;101122;103569;+;354.5	221;178149;182093;+;119.0	115;92250;93566;+;135.0	120;101122;103569;+;128.3	113;90726;91352;+;92.7	353;291227;292588;+;71.7	356;295084;296814;+;61.6	212;166351;168477;-;62.0	116;93563;94141;+;100.2	104;85051;86916;+;52.0	A	9/9	split_3	210033	0	1	
NZ_CP024642.1	MPF_F	IncFII(Yp);IncFII(pAR0022)	159	0	0	GA	0															not_admitted	not_admitted	not_admitted	not_admitted	not_admitted	not_admitted	not_admitted	not_admitted	not_admitted	not_admitted	1	66;49270;50262;+;366.4	75;55197;56567;+;376.5	72;53661;54413;+;228.0	63;45563;48202;+;257.0	76;56567;59440;+;336.7	54;40631;42046;+;82.8	63;45563;48202;+;83.7	52;39338;39904;+;165.2	67;50275;50892;+;68.5	68;50889;52769;+;252.0	78;60228;62528;+;388.3	57;42875;43456;+;52.6	78;60228;62528;+;65.7	A	9/9	contiguous	20890	1	1	59451..59984+;177;unnamed;0
NZ_CP024652.2	MPF_F	IncFII	123	0	0	GA	0															not_admitted	not_admitted	not_admitted	not_admitted	not_admitted	not_admitted	not_admitted	not_admitted	not_admitted	not_admitted	1	80;66236;67228;+;369.5	90;73007;74380;+;381.7	85;70334;71077;+;234.4	77;62597;65227;+;304.1	91;74377;77199;+;374.0	69;57744;59195;+;94.2	77;62597;65227;+;97.1	67;56463;57029;+;174.3	82;67572;68210;+;68.6	83;68207;70057;+;266.1	95;79471;81705;+;391.1	72;60055;60570;+;78.4	95;79471;81705;+;70.3	A	9/9	contiguous	23008	1	1	77221..77700+;159;TraS;0
NZ_CP024709.1	-	-	62	0	0	GA	1	5;3194;3823;+;45.3	6;3841;4134;+;50.5	7;4148;6913;+;58.7	7;4148;6913;+;129.2	7;4148;6913;+;55.1	8;6925;7665;+;110.2	10;8124;9182;+;122.9		11;9386;10072;+;167.1	12;10069;10989;+;144.2	13;10989;12278;+;131.5	14;12282;13313;+;79.6	15;13300;15126;+;384.8		pfam	pfam_only	A	7/7	canonical	1	1	unscoreable	1	0	0														not_admitted	not_admitted	not_admitted	not_admitted	not_admitted	not_admitted	not_admitted
NZ_CP024713.1	MPF_T	-	71	0	0	GA	1	46;42807;43511;+;36.5			48;44196;46748;+;68.4		49;46745;47425;+;50.1	51;47674;48618;+;122.5		52;49019;49807;+;98.9	53;49797;50606;+;139.8	54;50593;51963;+;127.9	55;51973;53004;+;48.5	59;54050;55702;+;260.5		pfam	pfam_only	A	7/7	canonical	1	0	unscoreable	5	0	0														not_admitted	not_admitted	not_admitted	not_admitted	not_admitted	not_admitted	not_admitted
NZ_CP024718.1	MPF_F	IncFIA;IncFIB(AP001918);IncFII	134	0	0	GA	0															not_admitted	not_admitted	not_admitted	not_admitted	not_admitted	not_admitted	not_admitted	not_admitted	not_admitted	not_admitted	1				101;87256;89883;-;300.9		107;92036;93463;-;93.9	101;87256;89883;-;101.1	109;94178;94744;-;182.7			101;87256;89883;-;20.8	103;90399;90914;-;76.0		D	3/9	contiguous	6922	0	0	
NZ_CP024721.1	MPF_F	IncFIA;IncFIB(AP001918);IncFII	132	0	0	GA	0															not_admitted	not_admitted	not_admitted	not_admitted	not_admitted	not_admitted	not_admitted	not_admitted	not_admitted	not_admitted	1				72;64074;66701;-;300.9		78;68854;70281;-;93.9	72;64074;66701;-;101.1	80;70996;71562;-;182.7			72;64074;66701;-;20.8	74;67217;67732;-;76.0		D	3/9	contiguous	6922	0	0	
NZ_CP024806.1	MPF_T	ColKP3;IncX3	65	0	0	GA	1	25;21116;21760;-;46.4	24;20842;21132;-;73.1	23;18064;20817;-;47.0	23;18064;20817;-;142.4	23;18064;20817;-;73.3	22;17284;18054;-;60.1	20;15950;17005;-;132.8		19;15027;15755;-;119.4	18;14092;15021;-;138.8	17;12881;14095;-;128.3	15;11651;12685;-;65.7	14;9813;11648;-;495.9		pfam	pfam_only	A	7/7	canonical	1	1	unscoreable	2	0	0														not_admitted	not_admitted	not_admitted	not_admitted	not_admitted	not_admitted	not_admitted
NZ_CP024813.1	MPF_F	IncHI2;IncHI2A	334	0	0	GA	0															not_admitted	not_admitted	not_admitted	not_admitted	not_admitted	not_admitted	not_admitted	not_admitted	not_admitted	not_admitted	1	47;53869;54927;+;276.9	265;243441;244856;-;194.1	266;244846;245892;-;173.7	29;30549;33230;+;168.0	264;239482;243432;-;101.6	25;26864;28219;+;80.7	29;30549;33230;+;72.2	22;24352;25140;+;74.8	45;52216;53727;+;62.7	48;54946;58134;+;58.3	272;252933;255017;+;56.7	28;29590;30540;+;46.4	272;252933;255017;+;38.8	A	9/9	split_3	228581	0	1	
NZ_CP024814.1	MPF_T	IncX3	57	0	0	GA	1	41;30681;31325;+;46.4	42;31309;31599;+;73.1	43;31624;34377;+;47.0	43;31624;34377;+;142.4	43;31624;34377;+;73.3	44;34387;35157;+;60.1	46;35436;36491;+;133.2		47;36686;37414;+;119.4	48;37420;38349;+;138.8	49;38346;39560;+;128.3	51;39756;40790;+;65.7	52;40793;42628;+;495.9		pfam	pfam_only	A	7/7	canonical	1	1	unscoreable	2	0	0														not_admitted	not_admitted	not_admitted	not_admitted	not_admitted	not_admitted	not_admitted
NZ_CP024816.1	MPF_F	IncFIA;IncFIB(AP001918);IncFII	206	0	0	GA	0															not_admitted	not_admitted	not_admitted	not_admitted	not_admitted	not_admitted	not_admitted	not_admitted	not_admitted	not_admitted	1	172;147898;148890;-;371.6	161;140840;142213;-;380.7	168;144426;145169;-;235.0	175;149899;152526;-;303.5	160;138018;140843;-;385.9	181;154685;156112;-;91.9	175;149899;152526;-;99.0	183;156827;157393;-;182.9	171;147251;147889;-;64.9	170;145446;147254;-;268.3	157;134343;136514;-;391.6	176;153042;153557;-;76.4	157;134343;136514;-;70.4	A	9/9	contiguous	22484	1	1	137566..138021-;151;unnamed;0
NZ_CP024818.1	MPF_T	IncX3	58	0	0	GA	1	49;37322;37966;+;46.4	50;37950;38240;+;73.1	51;38265;41018;+;47.0	51;38265;41018;+;142.4	51;38265;41018;+;73.3	52;41028;41798;+;60.1	54;42077;43132;+;133.2		55;43327;44055;+;119.4	56;44061;44990;+;138.8		1;236;1270;+;65.7	2;1273;3108;+;495.9		pfam	pfam_only	B	6/7	canonical	1	1	unscoreable	1	0	0														not_admitted	not_admitted	not_admitted	not_admitted	not_admitted	not_admitted	not_admitted
NZ_CP024823.1	MPF_F	IncFII(pHN7A8)	76	0	0	GA	0															not_admitted	not_admitted	not_admitted	not_admitted	not_admitted	not_admitted	not_admitted	not_admitted	not_admitted	not_admitted	1		75;60728;62101;+;376.8	70;58419;59162;+;234.4	63;51883;54510;+;301.8		58;48401;49828;+;94.1	63;51883;54510;+;101.8	56;47120;47686;+;183.8	65;54895;55479;+;70.7	68;56292;58142;+;265.0	4;2651;4903;+;391.7	62;50852;51367;+;78.0	4;2651;4903;+;70.3	C	7/9	split_2	58077	0	1	
NZ_CP024825.1	MPF_T	IncX3	58	0	0	GA	1	27;25146;25790;-;46.4	26;24872;25162;-;73.1	25;22094;24847;-;47.0	25;22094;24847;-;142.4	25;22094;24847;-;73.3	24;21314;22084;-;60.1	22;19980;21035;-;133.2		21;19057;19785;-;119.4	20;18122;19051;-;138.8	19;16911;18125;-;128.3	17;15681;16715;-;65.7	16;13843;15678;-;495.9		pfam	pfam_only	A	7/7	canonical	1	1	unscoreable	2	0	0														not_admitted	not_admitted	not_admitted	not_admitted	not_admitted	not_admitted	not_admitted
NZ_CP024827.1	MPF_F	IncFIB(AP001918);IncFIC(FII)	142	0	0	GA	0															not_admitted	not_admitted	not_admitted	not_admitted	not_admitted	not_admitted	not_admitted	not_admitted	not_admitted	not_admitted	1	110;96685;97677;-;369.3	99;89626;90999;-;378.0	106;93213;93956;-;234.1	113;98686;101313;-;305.4	98;86807;89629;-;389.5	119;103368;104795;-;94.3	113;98686;101313;-;98.5	121;105510;106076;-;183.8	109;96038;96676;-;68.4	108;94233;96041;-;268.4	95;83125;85278;-;391.9	115;101829;102344;-;78.4	95;83125;85278;-;70.4	A	9/9	contiguous	22385	1	1	86294..86785-;163;TraS;0
NZ_CP024828.1	MPF_T	IncX3	67	0	0	GA	1	65;50480;51124;+;46.4	66;51108;51398;+;73.1		0;91;2721;+;142.5	0;91;2721;+;73.4	1;2731;3501;+;60.1	3;3780;4835;+;133.2		4;5030;5758;+;119.4	5;5764;6693;+;138.8	7;7463;7903;+;85.0	9;8099;9133;+;65.7	10;9136;10971;+;495.9		pfam	pfam_only	A	7/7	canonical	1	0	unscoreable	3	0	0														not_admitted	not_admitted	not_admitted	not_admitted	not_admitted	not_admitted	not_admitted
NZ_CP024831.1	MPF_F	IncFIA;IncFIB(AP001918);IncFII	254	0	0	GA	0															not_admitted	not_admitted	not_admitted	not_admitted	not_admitted	not_admitted	not_admitted	not_admitted	not_admitted	not_admitted	1	146;115827;116819;+;371.6	157;122504;123877;+;380.7	150;119548;120291;+;235.0	143;112191;114818;+;303.5	158;123874;126699;+;385.9	137;108605;110032;+;91.9	143;112191;114818;+;99.0	135;107324;107890;+;182.9	147;116828;117466;+;64.9	148;117463;119271;+;268.3	161;128203;130374;+;391.6	142;111160;111675;+;76.4	161;128203;130374;+;70.4	A	9/9	contiguous	20879	1	1	126696..127151+;151;unnamed;0
NZ_CP024833.1	MPF_T	IncX3	57	0	0	GA	1	39;35262;35906;-;46.4	38;34988;35278;-;73.1	37;32210;34963;-;47.0	37;32210;34963;-;142.4	37;32210;34963;-;73.3	36;31430;32200;-;60.1	34;30096;31151;-;133.2		33;29173;29901;-;119.4	32;28238;29167;-;138.8	31;27027;28241;-;128.3	29;25797;26831;-;65.7	28;23959;25794;-;495.9		pfam	pfam_only	A	7/7	canonical	1	1	unscoreable	2	0	0														not_admitted	not_admitted	not_admitted	not_admitted	not_admitted	not_admitted	not_admitted
NZ_CP024836.1	MPF_F	IncFII	105	0	0	GA	0															not_admitted	not_admitted	not_admitted	not_admitted	not_admitted	not_admitted	not_admitted	not_admitted	not_admitted	not_admitted	1	1;859;1851;-;369.5	97;89892;91265;-;381.7	102;93195;93938;-;234.4	4;2860;5490;-;304.1	96;87073;89895;-;374.0	11;8489;9940;-;94.2	4;2860;5490;-;97.1	13;10655;11221;-;174.3		104;94215;96065;-;266.1	92;82540;84801;-;391.1	8;7114;7629;-;78.4	92;82540;84801;-;70.3	B	8/9	split_2	93356	1	1	86572..87051-;159;TraS;0
NZ_CP024840.1	MPF_F	IncFII	106	0	0	GA	0															not_admitted	not_admitted	not_admitted	not_admitted	not_admitted	not_admitted	not_admitted	not_admitted	not_admitted	not_admitted	1	18;21558;22550;-;369.5	8;14406;15779;-;381.7	13;17709;18452;-;234.4	21;23559;26189;-;304.1	7;11587;14409;-;374.0	28;29188;30639;-;94.2	21;23559;26189;-;97.1	30;31354;31920;-;174.3	16;20576;21214;-;68.6	15;18729;20579;-;266.1	3;7054;9315;-;391.1	25;27813;28328;-;78.4	3;7054;9315;-;70.3	A	9/9	contiguous	24300	1	1	11086..11565-;159;TraS;0
NZ_CP024852.1	MPF_F	IncFIB(AP001918);IncFII;IncQ1	182	0	0	GA	0															not_admitted	not_admitted	not_admitted	not_admitted	not_admitted	not_admitted	not_admitted	not_admitted	not_admitted	not_admitted	1	95;84096;85088;-;367.4	84;77037;78410;-;380.9	91;80624;81367;-;235.0	98;86097;88724;-;305.4	83;74215;77040;-;385.9	105;90779;92206;-;94.3	98;86097;88724;-;98.5	107;92921;93487;-;183.8	94;83449;84087;-;68.6	93;81644;83452;-;268.3	80;70505;72712;-;391.3	101;89240;89755;-;78.4	80;70505;72712;-;70.4	A	9/9	contiguous	22416	1	1	73709..74218-;169;unnamed;0
NZ_CP024853.1	MPF_T	IncN4	52	0	0	GA	1	49;34394;35134;+;34.8	51;35458;35748;+;45.9	0;100;300;+;29.4	1;300;2930;+;124.9	1;300;2930;+;86.8	2;2940;3647;+;112.9	4;3906;4949;+;127.4	5;5044;5214;+;41.4	6;5217;5933;+;145.6	7;5936;6823;+;144.4	8;6820;7974;+;174.0	9;7967;8998;+;78.1	14;13406;14983;-;50.6		pfam	both	A	7/7	canonical	1	0	ga	6	0	0														not_admitted	not_admitted	not_admitted	not_admitted	not_admitted	not_admitted	not_admitted
NZ_CP024856.1	MPF_F	Col156;IncFIA;IncFIB(AP001918);IncFII	205	0	0	GA	0															not_admitted	not_admitted	not_admitted	not_admitted	not_admitted	not_admitted	not_admitted	not_admitted	not_admitted	not_admitted	1	14;11320;12312;-;367.4	3;4261;5634;-;380.9	10;7848;8591;-;235.0	17;13321;15948;-;305.4	2;1439;4264;-;385.9	23;18003;19430;-;94.3	17;13321;15948;-;98.5	25;20145;20711;-;183.8	13;10673;11311;-;68.6	12;8868;10676;-;268.3	204;179183;181372;-;391.3	19;16464;16979;-;78.4	204;179183;181372;-;70.4	A	9/9	split_2	177744	1	1	933..1442-;169;unnamed;0
NZ_CP024858.1	MPF_T	IncI2(Delta)	75	0	0	GA	1	66;50379;50861;+;81.1	51;34578;34868;+;28.9	52;34975;35259;+;34.4	53;35265;37622;+;60.1	53;35265;37622;+;44.0	42;28873;29514;+;43.4	41;27872;28867;+;136.6		55;37788;38522;+;144.4	56;38519;39289;+;170.5	57;39279;40418;+;154.7	63;47072;48610;+;207.1	59;41556;43514;+;287.0		pfam	pfam_only	A	7/7	rearranged	1	0	unscoreable	13	0	0														not_admitted	not_admitted	not_admitted	not_admitted	not_admitted	not_admitted	not_admitted
NZ_CP024860.1	MPF_F	IncFIA;IncFIB(AP001918);IncFII	192	0	0	GA	0															not_admitted	not_admitted	not_admitted	not_admitted	not_admitted	not_admitted	not_admitted	not_admitted	not_admitted	not_admitted	1	186;167517;168509;+;367.4	4;1607;2980;+;380.9	190;171238;171981;+;235.0	183;163881;166508;+;305.4	5;2977;5802;+;385.9	177;160399;161826;+;94.3	183;163881;166508;+;98.5	175;159118;159684;+;183.8	187;168518;169156;+;68.6	188;169153;170961;+;268.3	8;7305;9494;+;391.3	181;162850;163365;+;78.4	8;7305;9494;+;70.4	A	9/9	split_2	169631	1	1	5799..6308+;169;unnamed;0
NZ_CP024861.1	MPF_T	IncX4	48	0	0	GA	1	30;18485;19105;+;41.6	31;19119;19445;+;61.9	32;19464;22211;+;62.7	32;19464;22211;+;153.2	32;19464;22211;+;45.6	33;22223;22939;+;93.5	34;22951;24045;+;150.1		36;24560;25246;+;169.0	37;25243;26151;+;143.2	38;26144;27253;+;164.9	39;27255;28283;+;85.0	40;28315;30132;+;313.0		pfam	pfam_only	A	7/7	canonical	1	1	unscoreable	1	0	0														not_admitted	not_admitted	not_admitted	not_admitted	not_admitted	not_admitted	not_admitted
NZ_CP024864.1	MPF_F	IncFII(pSE11)	94	0	0	GA	0															not_admitted	not_admitted	not_admitted	not_admitted	not_admitted	not_admitted	not_admitted	not_admitted	not_admitted	not_admitted	1	80;75277;76275;+;349.5	91;83025;84431;+;341.8	86;80210;80995;+;216.0	76;71405;74044;+;253.5	92;84431;87304;+;313.4	74;69532;70878;+;97.8	76;71405;74044;+;117.1	72;68207;68785;+;128.5	84;77672;78277;+;57.4	85;78274;80208;+;240.6	5;2359;4545;+;370.6	75;70875;71408;+;52.3	5;2359;4545;+;61.8	A	9/9	split_2	82072	1	1	87319..88212+;297;unnamed;0
NZ_CP024876.1	MPF_F	IncFII(K);IncQ1;repB(R1701)	154	0	0	GA	0															not_admitted	not_admitted	not_admitted	not_admitted	not_admitted	not_admitted	not_admitted	not_admitted	not_admitted	not_admitted	1	37;38932;39921;-;366.6	27;32018;33385;-;384.0	31;34643;35395;-;233.7	41;41364;44003;-;258.5	26;29169;32018;-;346.4	48;47196;48620;-;89.2	41;41364;44003;-;88.2	50;49347;49913;-;169.3	36;38281;38919;-;66.9	35;36267;38222;-;259.7	22;24397;26709;-;393.1	47;46498;47082;-;53.6	22;24397;26709;-;66.6	A	9/9	contiguous	24950	1	1	28549..29166-;205;unnamed;0
NZ_CP024879.1	MPF_T	IncN2	47	0	0	GA	1	13;7784;8566;+;33.2	15;8813;9109;+;36.0	16;9149;9466;+;71.9	17;9467;12040;+;118.0	17;9467;12040;+;74.2	18;12056;12757;+;98.9	20;13026;14063;+;121.9		21;14282;14977;+;127.6	22;14988;15875;+;142.7	23;15875;17014;+;172.5	24;17065;18066;+;90.1	39;32171;33703;-;46.3		pfam	both	A	7/7	canonical	1	0	unscoreable	2	0	0														not_admitted	not_admitted	not_admitted	not_admitted	not_admitted	not_admitted	not_admitted
NZ_CP024882.1	MPF_F	IncFIA(HI1)(pAR0022);IncFII(pAR0022)	128	0	0	GA	0															not_admitted	not_admitted	not_admitted	not_admitted	not_admitted	not_admitted	not_admitted	not_admitted	not_admitted	not_admitted	1	0;43;372;+;110.2	8;5228;6592;+;357.2	3;2871;3653;+;216.2	126;112296;114899;+;224.6	9;6592;9882;+;303.7	122;109560;110969;+;94.8	126;112296;114899;+;103.0	120;108227;108811;+;107.0	1;383;1003;+;56.6	2;1000;2874;+;219.8		124;111560;112117;+;40.1		A	9/9	split_2	112253	1	1	9897..10466+;189;unnamed;0
NZ_CP024888.1	MPF_F	IncFII	86	0	0	GA	0															not_admitted	not_admitted	not_admitted	not_admitted	not_admitted	not_admitted	not_admitted	not_admitted	not_admitted	not_admitted	1	4;4183;5175;+;369.5	14;10954;12327;+;381.7	9;8281;9024;+;234.4	1;544;3174;+;297.8	15;12324;15149;+;373.4	81;72838;74289;+;94.0	1;544;3174;+;100.0	79;71557;72123;+;175.1	6;5519;6157;+;68.6	7;6154;8004;+;267.6	23;20135;22219;+;391.9	84;75158;75673;+;82.8	23;20135;22219;+;70.5	A	9/9	split_2	74614	1	1	15146..15655+;169;unnamed;0
NZ_CP024910.1	MPF_F	IncHI2;IncHI2A	379	0	0	GA	0															not_admitted	not_admitted	not_admitted	not_admitted	not_admitted	not_admitted	not_admitted	not_admitted	not_admitted	not_admitted	1	39;37288;38346;+;276.9	272;251934;253349;-;194.1	273;253339;254385;-;173.7	14;11518;14199;+;168.0	271;247975;251925;-;101.6	10;7833;9188;+;80.7	14;11518;14199;+;72.2	6;3983;4771;+;74.8	37;35845;37146;+;61.8	40;38365;41553;+;58.3	279;261426;263510;+;56.7	13;10559;11509;+;46.4	279;261426;263510;+;38.8	A	9/9	split_3	257443	1	1	246582..247790-;402;unnamed;0
NZ_CP024917.1	MPF_F	IncFII(K);repB(R1701)	150	0	0	GA	0															not_admitted	not_admitted	not_admitted	not_admitted	not_admitted	not_admitted	not_admitted	not_admitted	not_admitted	not_admitted	1	92;68249;69238;+;366.6	102;74785;76152;+;384.0	98;72775;73527;+;233.7	88;64167;66806;+;258.5	103;76152;79001;+;346.4	81;59550;60974;+;89.2	88;64167;66806;+;88.2	79;58257;58823;+;169.3	93;69251;69889;+;66.9	94;69948;71903;+;259.7	107;81462;83774;+;393.1	82;61088;61672;+;53.6	107;81462;83774;+;66.6	A	9/9	contiguous	23205	1	1	79004..79621+;205;unnamed;0
NZ_CP024919.1	MPF_T	IncX4	45	0	0	GA	1	34;22174;22794;+;41.6	35;22808;23134;+;64.4	36;23153;25900;+;63.8	36;23153;25900;+;151.8	36;23153;25900;+;46.1	37;25912;26628;+;91.0	38;26640;27734;+;150.1		40;28249;28935;+;169.0	41;28932;29840;+;142.4	42;29833;30951;+;163.9	43;30953;31981;+;85.0	44;32013;33830;+;314.8		pfam	pfam_only	A	7/7	canonical	1	1	unscoreable	1	0	0														not_admitted	not_admitted	not_admitted	not_admitted	not_admitted	not_admitted	not_admitted
NZ_CP024924.1	MPF_F	-	157	0	0	GA	0															not_admitted	not_admitted	not_admitted	not_admitted	not_admitted	not_admitted	not_admitted	not_admitted	not_admitted	not_admitted	1	26;25007;26023;-;397.8	20;19551;21017;-;367.3	21;21017;21844;-;242.7	32;28496;31087;-;473.5	19;16703;19528;-;354.3	35;32946;34271;-;101.5	32;28496;31087;-;98.8	37;35076;35642;-;190.4	25;24253;24996;-;111.7	24;22424;24256;-;279.0	146;143900;146212;+;548.5	33;31089;32063;-;31.0	146;143900;146212;+;60.5	A	9/9	split_2	127197	0	1	
NZ_CP024936.1	MPF_F	-	517	0	0	GA	1	269;264609;265043;+;76.3			333;316970;319432;+;50.2	333;316970;319432;+;82.3		335;320204;321250;+;49.3		264;259635;260336;+;82.7	265;260333;261208;+;152.6	266;261217;262509;+;147.8	274;269346;271622;+;147.3	14;13700;14224;-;40.1		none	none	A	7/7	canonical	0	0	unscoreable	9	0	0														not_admitted	not_admitted	not_admitted	not_admitted	not_admitted	not_admitted	not_admitted
NZ_CP024940.1	MPF_T	-	1322	0	0	GA	1	370;356127;356792;+;42.5		372;357207;357647;+;38.7	373;357644;360214;+;60.7		374;360239;360916;+;108.7	376;361178;362092;+;148.6		378;362433;363290;+;146.0	379;363287;364243;+;176.8	380;364243;365661;+;141.5	382;366371;367438;+;80.1	386;368346;370091;+;313.3		pfam	both	A	7/7	canonical	1	0	unscoreable	7	0	0														not_admitted	not_admitted	not_admitted	not_admitted	not_admitted	not_admitted	not_admitted
NZ_CP025006.1	MPF_F	IncFIB(K);IncFII(K)	183	0	0	GA	0															not_admitted	not_admitted	not_admitted	not_admitted	not_admitted	not_admitted	not_admitted	not_admitted	not_admitted	not_admitted	1	127;124631;125623;-;366.6	117;117810;119180;-;381.2	121;120382;121134;-;232.4	130;126649;129288;-;258.7	116;114961;117810;-;344.2	139;133103;134527;-;89.2	130;126649;129288;-;88.8	141;135254;135820;-;167.0	126;123980;124618;-;67.0	125;121977;123983;-;259.0	112;110163;112475;-;392.7	137;131922;132491;-;49.7	112;110163;112475;-;66.5	A	9/9	contiguous	25091	1	1	114400..114948-;182;unnamed;0
NZ_CP025007.1	MPF_T	IncX3	67	0	0	GA	1	54;43337;43981;-;46.4	53;43063;43353;-;73.1	52;40285;43038;-;47.0	52;40285;43038;-;145.4	52;40285;43038;-;73.3	51;39505;40275;-;60.1	49;38171;39226;-;133.2		48;37248;37976;-;119.4	47;36313;37242;-;138.8	46;35102;36316;-;128.3	44;33872;34906;-;65.7	43;32034;33869;-;495.9		pfam	pfam_only	A	7/7	canonical	1	1	unscoreable	2	0	0														not_admitted	not_admitted	not_admitted	not_admitted	not_admitted	not_admitted	not_admitted
NZ_CP025009.1	MPF_F	ColRNAI;IncFIB(K);IncFII(K)	192	0	0	GA	0															not_admitted	not_admitted	not_admitted	not_admitted	not_admitted	not_admitted	not_admitted	not_admitted	not_admitted	not_admitted	1	136;133307;134299;-;366.6	126;126486;127856;-;380.7	130;129058;129810;-;232.4	139;135325;137964;-;258.7	125;123637;126486;-;344.2	148;141779;143203;-;89.2	139;135325;137964;-;88.8	150;143930;144496;-;167.0	135;132656;133294;-;67.0	134;130653;132659;-;259.0	121;118839;121151;-;392.7	146;140598;141167;-;49.7	121;118839;121151;-;66.5	A	9/9	contiguous	25091	1	1	123076..123624-;182;unnamed;0
NZ_CP025010.1	MPF_F	IncFIB(pQil);IncFII(K)	135	0	0	GA	0															not_admitted	not_admitted	not_admitted	not_admitted	not_admitted	not_admitted	not_admitted	not_admitted	not_admitted	not_admitted	1	81;79983;80972;-;366.0	71;73069;74436;-;380.7	75;75694;76446;-;233.7	85;82415;85054;-;258.5	70;70220;73069;-;344.2	93;88311;89735;-;88.8	85;82415;85054;-;88.7	95;90462;91028;-;169.3	80;79332;79970;-;67.0	79;77318;79273;-;259.7	66;65422;67734;-;392.7	92;87613;88197;-;55.4	66;65422;67734;-;66.5	A	9/9	contiguous	25040	1	1	69659..70207-;182;unnamed;0
NZ_CP025013.1	MPF_T	-	1022	0	0	GA	1		369;400513;400812;+;89.7	370;400818;401156;+;102.8	371;401149;403515;+;180.9	371;401149;403515;+;108.7	372;403515;404213;+;196.4	374;404447;405367;+;162.5		376;405703;406374;+;209.8	377;406371;407228;+;184.1	378;407238;408410;+;177.6	379;408419;409459;+;108.0	676;699811;701724;-;327.6		pfam	both	A	7/7	canonical	1	0	unscoreable	4	0	0														not_admitted	not_admitted	not_admitted	not_admitted	not_admitted	not_admitted	not_admitted
NZ_CP025015.1	MPF_T	-	511	0	0	GA	1		508;555025;555408;-;74.8	507;554733;555032;-;63.3	506;552272;554722;-;165.3	506;552272;554722;-;124.6	505;551497;552294;-;50.4	503;550135;551283;-;109.6		502;549452;550114;-;129.3	501;548622;549434;-;185.4	499;546875;548173;-;212.4	509;555398;556375;-;131.3	487;534559;536493;-;547.0		conjscan	conjscan_only	A	7/7	canonical	1	0	unscoreable	3	0	0														not_admitted	not_admitted	not_admitted	not_admitted	not_admitted	not_admitted	not_admitted
NZ_CP025038.1	MPF_F	IncFIB(K);IncFII(K)	217	0	0	GA	0															not_admitted	not_admitted	not_admitted	not_admitted	not_admitted	not_admitted	not_admitted	not_admitted	not_admitted	not_admitted	1	215;198051;199043;+;366.6	8;4783;6153;+;381.2	4;2829;3581;+;232.4	212;194386;197025;+;258.7	9;6153;9002;+;344.2	203;189702;190571;+;90.7	212;194386;197025;+;88.8	198;186166;186732;+;167.0	216;199056;199628;+;64.0	0;523;1986;+;217.5	13;10816;13125;+;393.2	205;191183;191752;+;49.7	13;10816;13125;+;65.8	A	9/9	split_2	198533	1	1	9005..9535+;176;unnamed;0
NZ_CP025039.1	MPF_F	IncFIA(pBK30683);IncFII(pBK30683)	174	0	0	GA	0															not_admitted	not_admitted	not_admitted	not_admitted	not_admitted	not_admitted	not_admitted	not_admitted	not_admitted	not_admitted	1	117;97360;98349;+;363.3	127;103896;105263;+;382.7	123;101886;102638;+;233.7	113;93264;95903;+;258.5	128;105263;108112;+;345.6	105;88583;90007;+;89.2	113;93264;95903;+;87.7	103;87290;87856;+;169.3	118;98362;99000;+;66.0	119;99059;101014;+;259.7	132;110598;112910;+;392.7	106;90121;90705;+;55.4	132;110598;112910;+;66.5	A	9/9	contiguous	23308	1	1	108125..108673+;182;unnamed;0
NZ_CP025040.1	MPF_F	IncFII(Yp)	102	0	0	GA	0															not_admitted	not_admitted	not_admitted	not_admitted	not_admitted	not_admitted	not_admitted	not_admitted	not_admitted	not_admitted	1	47;30148;31140;+;362.9	56;36230;37600;+;378.1	53;34694;35446;+;223.8	44;26483;29122;+;259.1	57;37600;40479;+;343.0	34;21299;22720;+;87.4	44;26483;29122;+;83.9	32;20006;20572;+;167.2	48;31153;31791;+;66.0	49;31850;33805;+;255.2	59;41249;43549;+;390.5	36;23181;23744;+;55.8	59;41249;43549;+;65.8	A	9/9	contiguous	21243	1	1	40482..41012+;176;unnamed;0
NZ_CP025041.1	MPF_T	IncX3	89	0	0	GA	1	66;43964;44608;+;46.4	67;44592;44882;+;73.1	68;44907;46040;+;48.6	68;44907;46040;+;67.0	68;44907;46040;+;75.5		70;47476;48531;+;133.2		71;48726;49454;+;119.4	72;49460;50389;+;138.8	73;50386;51600;+;128.3	75;51796;52830;+;65.7	76;52833;54668;+;495.9		none	none	A	7/7	canonical	0	1	unscoreable	2	0	0														not_admitted	not_admitted	not_admitted	not_admitted	not_admitted	not_admitted	not_admitted
NZ_CP025114.1	MPF_T	-	319	0	0	GA	1	70;66842;67576;+;76.6	71;67590;67895;+;74.9	72;67892;68188;+;86.5	73;68198;70609;+;124.9	73;68198;70609;+;101.5	76;71512;72225;+;33.0	79;72636;73766;+;145.2		80;73763;74479;+;207.7	81;74476;75279;+;201.9	82;75282;76628;+;210.4	112;102316;103374;+;122.0	113;103352;105502;+;264.1		pfam	pfam_only	A	7/7	canonical	1	0	unscoreable	4	0	0														not_admitted	not_admitted	not_admitted	not_admitted	not_admitted	not_admitted	not_admitted
NZ_CP025139.1	MPF_F	IncFII	119	0	0	GA	0															not_admitted	not_admitted	not_admitted	not_admitted	not_admitted	not_admitted	not_admitted	not_admitted	not_admitted	not_admitted	1	89;71939;72931;+;369.5	99;78710;80083;+;381.7	94;76037;76780;+;234.4	86;68300;70930;+;304.1	100;80080;82902;+;374.0	78;63447;64898;+;94.2	86;68300;70930;+;97.1	76;62166;62732;+;174.3	91;73275;73913;+;68.6	92;73910;75760;+;266.1	104;85174;87408;+;391.1	81;65758;66273;+;78.4	104;85174;87408;+;70.3	A	9/9	contiguous	23008	1	1	82924..83403+;159;TraS;0
NZ_CP025141.1	MPF_F	IncC	251	0	0	GA	0															not_admitted	not_admitted	not_admitted	not_admitted	not_admitted	not_admitted	not_admitted	not_admitted	not_admitted	not_admitted	1	206;163349;164356;-;332.9	109;75430;76839;-;339.3	110;76841;77869;-;221.7	211;167108;169555;-;354.5	106;69820;73434;-;375.3	216;177111;178427;-;135.0	211;167108;169555;-;128.3	218;179325;179951;-;92.7	208;165021;166286;-;67.9	205;160435;163233;-;145.3	227;183761;185626;-;47.3	215;176536;177114;-;100.2	227;183761;185626;-;52.0	A	9/9	split_2	113941	0	1	
NZ_CP025142.1	MPF_F	IncFIB(K)	169	0	0	GA	0															not_admitted	not_admitted	not_admitted	not_admitted	not_admitted	not_admitted	not_admitted	not_admitted	not_admitted	not_admitted	1	69;59773;60762;+;366.6	79;66309;67676;+;380.5	75;64299;65051;+;233.7	65;55677;58316;+;258.5	80;67676;70525;+;346.4	58;51425;52849;+;88.1	65;55677;58316;+;88.7	56;50132;50698;+;169.3	70;60775;61413;+;66.9	71;61472;63427;+;259.7	87;74051;76360;+;393.1	59;52922;53506;+;54.3	87;74051;76360;+;66.5	A	9/9	contiguous	23919	1	1	70528..71058+;176;unnamed;0
NZ_CP025144.1	MPF_F	IncC	253	0	0	GA	0															not_admitted	not_admitted	not_admitted	not_admitted	not_admitted	not_admitted	not_admitted	not_admitted	not_admitted	not_admitted	1	208;162590;163597;-;332.9	110;75282;76691;-;339.3	111;76693;77721;-;221.7	213;166349;168796;-;354.5	107;69672;73286;-;375.3	218;176352;177668;-;135.0	213;166349;168796;-;128.3	220;178566;179192;-;92.7	210;164262;165527;-;67.9	207;159676;162474;-;145.3	229;183002;184867;-;47.3	217;175777;176355;-;100.2	229;183002;184867;-;52.0	A	9/9	split_2	113330	0	1	
NZ_CP025145.1	MPF_F	IncFIB(K)	166	0	0	GA	0															not_admitted	not_admitted	not_admitted	not_admitted	not_admitted	not_admitted	not_admitted	not_admitted	not_admitted	not_admitted	1	66;56701;57690;+;366.6	76;63237;64604;+;380.5	72;61227;61979;+;233.7	62;52605;55244;+;258.5	77;64604;67453;+;346.4	55;48353;49777;+;88.1	62;52605;55244;+;88.7	53;47060;47626;+;169.3	67;57703;58341;+;66.9	68;58400;60355;+;259.7	84;70979;73288;+;393.1	56;49850;50434;+;54.3	84;70979;73288;+;66.5	A	9/9	contiguous	23919	1	1	67456..67986+;176;unnamed;0
NZ_CP025147.1	MPF_F	IncC	254	0	0	GA	0															not_admitted	not_admitted	not_admitted	not_admitted	not_admitted	not_admitted	not_admitted	not_admitted	not_admitted	not_admitted	1	216;169871;170878;-;332.9	116;80734;82143;-;339.3	117;82145;83173;-;221.7	221;173630;176077;-;354.5	113;75124;78738;-;375.3	226;183633;184949;-;135.0	221;173630;176077;-;128.3	228;185847;186473;-;92.7	218;171543;172808;-;67.9	215;166957;169755;-;145.3	237;190283;192148;-;47.3	225;183058;183636;-;100.2	237;190283;192148;-;52.0	A	9/9	split_2	115159	0	1	
NZ_CP025148.1	MPF_F	IncFIB(K)	176	0	0	GA	0															not_admitted	not_admitted	not_admitted	not_admitted	not_admitted	not_admitted	not_admitted	not_admitted	not_admitted	not_admitted	1	70;59773;60762;+;366.6	80;66309;67676;+;380.5	76;64299;65051;+;233.7	66;55677;58316;+;258.5	81;67676;70525;+;346.4	59;51425;52849;+;88.1	66;55677;58316;+;88.7	57;50132;50698;+;169.3	71;60775;61413;+;66.9	72;61472;63427;+;259.7	88;74051;76360;+;393.1	60;52922;53506;+;54.3	88;74051;76360;+;66.5	A	9/9	contiguous	23919	1	1	70528..71058+;176;unnamed;0
NZ_CP025208.1	MPF_T	rep38	43	0	0	GA	1				6;4634;6649;+;23.6									12;10677;12230;+;458.1		none	none	D	2/7	uncallable	0	0	unscoreable	5	0	0														not_admitted	not_admitted	not_admitted	not_admitted	not_admitted	not_admitted	not_admitted
NZ_CP025231.1	MPF_F	IncC	186	0	0	GA	0															not_admitted	not_admitted	not_admitted	not_admitted	not_admitted	not_admitted	not_admitted	not_admitted	not_admitted	not_admitted	1	104;86719;87726;+;332.9	176;148116;149549;+;339.2	175;147086;148114;+;221.7	99;81520;83967;+;354.2	177;149562;153176;+;375.3	83;56577;57893;+;135.0	99;81520;83967;+;128.6	81;55053;55679;+;92.1	102;84789;86054;+;67.6	105;87842;90637;+;145.3	72;49378;51243;+;47.4	84;57890;58468;+;100.2	72;49378;51243;+;52.0	A	9/9	split_3	100184	0	1	
NZ_CP025233.1	MPF_T	IncN	68	0	0	GA	1	12;8785;9519;+;32.5	14;9819;10112;+;28.7	15;10162;10479;+;63.3	16;10479;13079;+;111.8	16;10479;13079;+;76.8	17;13097;13810;+;97.1	19;14061;15101;+;153.6		20;15320;16018;+;131.9	21;16029;16913;+;159.0	22;16913;18073;+;154.9	23;18115;19110;+;81.2	50;46899;48428;-;38.5		pfam	both	A	7/7	canonical	1	0	unscoreable	2	0	0														not_admitted	not_admitted	not_admitted	not_admitted	not_admitted	not_admitted	not_admitted
NZ_CP025236.1	MPF_F	IncC	143	0	0	GA	0															not_admitted	not_admitted	not_admitted	not_admitted	not_admitted	not_admitted	not_admitted	not_admitted	not_admitted	not_admitted	1	104;86424;87509;+;317.5	133;112504;113937;+;339.2	132;111474;112502;+;221.7	99;81225;83672;+;354.2	134;113950;117564;+;375.3	83;56282;57598;+;135.0	99;81225;83672;+;128.6	81;54758;55384;+;92.1	102;84494;85759;+;67.6		72;49083;50948;+;47.4	84;57595;58173;+;100.2	72;49083;50948;+;52.0	B	8/9	split_3	64867	0	0	
NZ_CP025240.1	MPF_F	IncC	179	0	0	GA	0															not_admitted	not_admitted	not_admitted	not_admitted	not_admitted	not_admitted	not_admitted	not_admitted	not_admitted	not_admitted	1	97;75087;76094;+;332.9	169;136484;137917;+;339.2	168;135454;136482;+;221.7	92;69888;72335;+;354.2	170;137930;141544;+;375.3	83;56577;57893;+;135.0	92;69888;72335;+;128.6	81;55053;55631;+;92.5	95;73157;74422;+;67.6	98;76210;79005;+;145.3	72;49378;51243;+;47.4	84;57890;58468;+;100.2	72;49378;51243;+;52.0	A	9/9	split_2	88552	0	1	
NZ_CP025242.1	MPF_F	IncC	128	0	0	GA	0															not_admitted	not_admitted	not_admitted	not_admitted	not_admitted	not_admitted	not_admitted	not_admitted	not_admitted	not_admitted	1		118;87997;89430;+;339.2	117;86967;87995;+;221.7	87;59807;60514;-;192.9	119;89443;93057;+;375.3	83;56282;57598;+;135.0		81;54758;55384;+;92.1			72;49083;50948;+;47.4	84;57595;58173;+;100.2	72;49083;50948;+;52.0	C	6/9	split_2	40360	0	0	
NZ_CP025245.1	MPF_F	IncC	134	0	0	GA	0															not_admitted	not_admitted	not_admitted	not_admitted	not_admitted	not_admitted	not_admitted	not_admitted	not_admitted	not_admitted	1	97;74792;75799;+;332.9	124;101422;102855;+;339.2	123;100392;101420;+;221.7	92;69593;72040;+;354.2	125;102868;106482;+;375.3	83;56282;57598;+;135.0	92;69593;72040;+;128.6	81;54758;55384;+;92.1	95;72862;74127;+;67.6	98;75915;78710;+;145.3	72;49083;50948;+;47.4	84;57595;58173;+;100.2	72;49083;50948;+;52.0	A	9/9	split_2	53785	0	1	
NZ_CP025253.1	MPF_F	IncFII	120	0	0	GA	0															not_admitted	not_admitted	not_admitted	not_admitted	not_admitted	not_admitted	not_admitted	not_admitted	not_admitted	not_admitted	1	79;66243;67235;+;369.5	89;73014;74387;+;381.7	84;70341;71084;+;234.4	76;62604;65234;+;304.1	90;74384;77206;+;374.0	68;57751;59202;+;94.2	76;62604;65234;+;97.1	66;56470;57036;+;174.3	81;67579;68217;+;68.6	82;68214;70064;+;266.1	94;79478;81712;+;391.1	71;60062;60577;+;78.4	94;79478;81712;+;70.3	A	9/9	contiguous	23008	1	1	77228..77707+;159;TraS;0
NZ_CP025254.1	MPF_F	IncFII	122	0	0	GA	0															not_admitted	not_admitted	not_admitted	not_admitted	not_admitted	not_admitted	not_admitted	not_admitted	not_admitted	not_admitted	1	82;66233;67225;+;369.5	92;73004;74377;+;381.7	87;70331;71074;+;234.4	79;62594;65224;+;304.1	93;74374;77196;+;374.0	71;57741;59192;+;94.2	79;62594;65224;+;97.1	69;56460;57026;+;174.3	84;67569;68207;+;68.6	85;68204;70054;+;266.1	97;79468;81702;+;391.1	74;60052;60567;+;78.4	97;79468;81702;+;70.3	A	9/9	contiguous	23008	1	1	77218..77697+;159;TraS;0
NZ_CP025267.1	MPF_F	-	101	0	0	GA	0															not_admitted	not_admitted	not_admitted	not_admitted	not_admitted	not_admitted	not_admitted	not_admitted	not_admitted	not_admitted	1	100;72822;73865;+;369.2	4;3603;5030;+;325.8	2;2393;3205;+;219.1	96;68534;71260;+;164.6	5;5046;8048;+;208.7	92;65536;66852;+;102.7	96;68534;71260;+;108.4	90;64245;64823;+;82.6	0;53;346;+;59.3	1;343;2400;+;92.2	72;50493;52652;+;381.4	95;67880;68524;+;41.9	72;50493;52652;+;89.7	A	9/9	split_2	72769	1	1	8120..8638+;172;unnamed;0
NZ_CP025275.1	MPF_F	IncC	152	0	0	GA	0															not_admitted	not_admitted	not_admitted	not_admitted	not_admitted	not_admitted	not_admitted	not_admitted	not_admitted	not_admitted	1		112;90859;92292;-;339.2	113;92294;93322;-;221.7	14;20619;21326;+;192.9	111;87232;90846;-;375.3	18;23535;24851;-;135.0		20;25749;26375;-;92.1			29;30185;32050;-;47.4	17;22960;23538;-;100.2	29;30185;32050;-;52.0	C	6/9	split_2	71675	0	0	
NZ_CP025277.1	MPF_F	IncHI2;IncHI2A	289	0	0	GA	0															not_admitted	not_admitted	not_admitted	not_admitted	not_admitted	not_admitted	not_admitted	not_admitted	not_admitted	not_admitted	1	28;31209;32267;+;276.9	188;179210;180625;-;194.1	189;180615;181661;-;173.7	11;8955;11636;+;168.0	187;175251;179201;-;101.6	7;5270;6625;+;80.7	11;8955;11636;+;72.2	4;2758;3546;+;74.8	26;29556;31067;+;62.7	29;32286;35474;+;58.3	195;188702;190786;+;56.7	10;7996;8946;+;46.4	195;188702;190786;+;38.8	A	9/9	split_3	185944	0	1	
NZ_CP025329.1	MPF_F	IncFIB(AP001918);IncFIC(FII);IncFII(pHN7A8)	315	0	0	GA	0															not_admitted	not_admitted	not_admitted	not_admitted	not_admitted	not_admitted	not_admitted	not_admitted	not_admitted	not_admitted	1	128;121444;122436;+;369.3	139;128082;129455;+;380.9	132;125165;125908;+;235.0	121;116862;118214;+;307.8	140;129452;132277;+;389.2	212;199045;200472;+;94.7	122;118283;119311;+;98.2	114;112099;112665;+;184.4	129;122445;123083;+;68.7	130;123080;124888;+;268.0	241;218493;220646;+;391.9	120;115831;116346;+;78.0	241;218493;220646;+;70.4	A	9/9	split_2	106394	1	1	132274..132783+;169;unnamed;0
NZ_CP025340.1	MPF_F	IncHI2;IncHI2A	223	0	0	GA	0															not_admitted	not_admitted	not_admitted	not_admitted	not_admitted	not_admitted	not_admitted	not_admitted	not_admitted	not_admitted	1	33;38983;40041;+;276.9			17;16730;19411;+;168.0		13;13045;14400;+;80.7	17;16730;19411;+;72.2	10;10533;11321;+;74.8	31;37330;38841;+;62.0	34;40060;43248;+;57.3		16;15771;16721;+;46.1		C	6/9	split_2	29527	0	1	
NZ_CP025402.1	MPF_F	IncHI2;IncHI2A	270	0	0	GA	0															not_admitted	not_admitted	not_admitted	not_admitted	not_admitted	not_admitted	not_admitted	not_admitted	not_admitted	not_admitted	1	230;194985;196043;-;276.9	77;60240;61655;+;194.1	76;59204;60250;+;174.3	246;216117;218798;-;168.0	78;61664;65617;+;101.6	250;221128;222483;-;80.7	246;216117;218798;-;72.2	253;224207;224995;-;74.8	232;196185;197696;-;62.0	229;191778;194966;-;57.3	66;48765;50849;-;56.8	247;218807;219757;-;46.1	66;48765;50849;-;38.8	A	9/9	split_2	175442	1	1	65798..67087+;429;unnamed;0
NZ_CP025403.1	MPF_F	IncFIB(AP001918);IncFII	131	0	0	GA	0															not_admitted	not_admitted	not_admitted	not_admitted	not_admitted	not_admitted	not_admitted	not_admitted	not_admitted	not_admitted	1	65;58517;59509;+;369.3	75;65640;66986;+;342.6	69;62238;62981;+;230.0	62;54881;57508;+;306.4	76;66983;69805;+;385.3	54;50086;51513;+;94.3	62;54881;57508;+;98.5	52;48805;49371;+;183.3	66;59518;60156;+;68.7	67;60153;61961;+;267.9	79;71338;73536;+;391.7	58;52537;53052;+;77.3	79;71338;73536;+;70.3	A	9/9	contiguous	22533	1	1	69826..70323+;165;TraS;0
NZ_CP025409.1	-	-	96	0	0	GA	1	54;51764;52225;-;85.5	53;51444;51752;-;60.0	52;51166;51444;-;32.2	51;48810;51173;-;66.6	51;48810;51173;-;49.0	48;46727;47518;-;53.6	46;45119;46150;-;86.8		45;44397;45080;-;149.2	44;43666;44397;-;152.2	43;42339;43655;-;169.2	42;41335;42339;-;97.2	40;38920;40842;-;309.3		pfam	pfam_only	A	7/7	canonical	1	0	unscoreable	3	0	0														not_admitted	not_admitted	not_admitted	not_admitted	not_admitted	not_admitted	not_admitted
NZ_CP025410.1	-	-	108	0	0	GA	1	45;34799;35503;+;79.2	46;35500;35814;+;62.6	47;35814;36089;+;34.7	48;36082;38439;+;68.5	48;36082;38439;+;40.1	51;39714;40493;+;57.1	53;41024;42043;+;87.8		54;42082;42753;+;153.2	55;42750;43451;+;138.1	56;43454;44797;+;162.0	57;44794;45789;+;89.6	59;46880;48982;+;299.9		pfam	pfam_only	A	7/7	canonical	1	0	unscoreable	3	0	0														not_admitted	not_admitted	not_admitted	not_admitted	not_admitted	not_admitted	not_admitted
NZ_CP025416.1	MPF_T	-	77	0	0	GA	1				36;27827;29842;-;24.9									29;22063;23574;-;464.6		none	none	D	2/7	uncallable	0	0	unscoreable	6	0	0														not_admitted	not_admitted	not_admitted	not_admitted	not_admitted	not_admitted	not_admitted
NZ_CP025432.1	-	-	230	0	0	GA	1	146;136765;137439;-;80.4	145;136299;136670;-;63.1	144;136021;136299;-;29.0	143;133665;136028;-;64.5	143;133665;136028;-;45.9	140;131574;132374;-;49.1	138;129921;130952;-;88.4		137;129198;129881;-;152.3	136;128467;129198;-;146.2	135;127125;128456;-;171.9	134;126118;127125;-;94.0	131;123339;125261;-;290.5		pfam	pfam_only	A	7/7	canonical	1	0	unscoreable	4	0	0														not_admitted	not_admitted	not_admitted	not_admitted	not_admitted	not_admitted	not_admitted
NZ_CP025457.1	MPF_F	IncFIB(K);IncFII(pKP91)	228	0	0	GA	0															not_admitted	not_admitted	not_admitted	not_admitted	not_admitted	not_admitted	not_admitted	not_admitted	not_admitted	not_admitted	1	200;193342;194331;+;363.3	211;200150;201517;+;382.2	207;198140;198892;+;236.4	196;189246;191885;+;259.0	212;201517;204366;+;342.9	186;183842;185266;+;88.8	196;189246;191885;+;87.3	184;182549;183115;+;167.9	202;194607;195254;+;65.9	203;195313;197268;+;259.5	216;206178;208460;+;393.3	189;185878;186462;+;53.8	216;206178;208460;+;65.9	A	9/9	contiguous	23629	1	1	204369..204899+;176;unnamed;0
NZ_CP025462.1	MPF_F	IncFIB(pNDM-Mar);IncHI1B(pNDM-MAR)	298	0	0	GA	0															not_admitted	not_admitted	not_admitted	not_admitted	not_admitted	not_admitted	not_admitted	not_admitted	not_admitted	not_admitted	1	150;130748;131785;+;282.3	6;7546;8955;-;190.4	7;8945;9982;-;175.6	138;117199;119916;+;149.6	5;3576;7544;-;121.3	134;113716;115086;+;65.6	138;117199;119916;+;85.2	131;111210;112070;+;79.0	149;129390;130751;+;69.9	151;131795;134980;+;59.6	14;17181;19307;+;57.7	137;116417;117154;+;56.9	14;17181;19307;+;41.0	A	9/9	split_2	128219	0	1	
NZ_CP025463.1	MPF_F	IncFII(pHN7A8);IncR	211	0	0	GA	0															not_admitted	not_admitted	not_admitted	not_admitted	not_admitted	not_admitted	not_admitted	not_admitted	not_admitted	not_admitted	1	98;74096;75088;-;369.5			101;76097;78724;-;301.8		106;80779;82206;-;94.1	101;76097;78724;-;101.8	108;82921;83487;-;183.8			101;76097;78724;-;20.8	102;79240;79755;-;77.6		D	4/9	contiguous	8825	0	0	
NZ_CP025467.1	MPF_F	IncFIB(pKPHS1);repFIB;repHI5B	293	0	0	GA	0															not_admitted	not_admitted	not_admitted	not_admitted	not_admitted	not_admitted	not_admitted	not_admitted	not_admitted	not_admitted	1	266;216730;217767;-;282.2			277;228636;231353;-;143.5		281;233476;234843;-;63.7	277;228636;231353;-;80.6	284;236498;237358;-;73.9	267;217764;219125;-;71.7	265;213539;216715;-;58.7		278;231402;232139;-;56.3		C	6/9	contiguous	22959	0	1	
NZ_CP025468.1	MPF_F	IncFII(K);IncFII(pAR0022);IncR	142	0	0	GA	0															not_admitted	not_admitted	not_admitted	not_admitted	not_admitted	not_admitted	not_admitted	not_admitted	not_admitted	not_admitted	1	43;55302;56291;-;366.6	33;48388;49755;-;384.1	37;51013;51765;-;233.7	47;57748;60387;-;258.5	32;45566;48388;-;346.4	54;63214;64638;-;89.3	47;57748;60387;-;88.7	56;65365;65931;-;169.3	42;54651;55289;-;66.9	41;52637;54592;-;259.4	28;40638;42950;-;393.1	53;62558;63142;-;54.7	28;40638;42950;-;66.6	A	9/9	contiguous	24727	1	1	44941..45543-;200;TraS;0
NZ_CP025492.2	MPF_F	-	159	0	0	GA	0															not_admitted	not_admitted	not_admitted	not_admitted	not_admitted	not_admitted	not_admitted	not_admitted	not_admitted	not_admitted	1	51;52868;53848;-;353.5	46;47742;49124;-;322.3	48;49608;50354;-;149.9	54;54815;57364;-;186.8	45;44908;47745;-;241.5	55;57613;59079;-;46.9	54;54815;57364;-;88.0	57;59847;60407;-;99.3	50;52191;52856;-;81.7	49;50387;52198;-;209.8	43;42294;44147;-;397.9		43;42294;44147;-;81.9	B	8/9	contiguous	17553	1	1	44237..44893-;218;unnamed;0
NZ_CP025493.2	MPF_F	-	104	0	0	GA	0															not_admitted	not_admitted	not_admitted	not_admitted	not_admitted	not_admitted	not_admitted	not_admitted	not_admitted	not_admitted	1	17;23168;24163;-;350.7	12;18025;19428;-;322.0	14;19912;20700;-;139.4	20;25117;27840;-;210.6	11;15269;18028;-;254.7	21;27946;29400;-;45.2	20;25117;27840;-;99.2	23;30131;30472;-;66.9	16;22489;23151;-;83.4	15;20697;22529;-;214.2	10;13235;15232;-;364.9		10;13235;15232;-;69.0	B	8/9	contiguous	16896	1	1	13235..15232-;665;unnamed;0
NZ_CP025505.1	MPF_T	-	379	0	0	GA	1		376;402848;403231;-;74.8	375;402556;402858;-;65.9	374;400095;402545;-;172.7	374;400095;402545;-;122.1	373;399320;400117;-;50.0	371;397958;399106;-;108.8		370;397275;397937;-;126.5	369;396448;397257;-;181.6	367;394694;395992;-;207.3	377;403221;404198;-;133.8	354;382275;384206;-;544.9		conjscan	conjscan_only	A	7/7	canonical	1	0	unscoreable	3	0	0														not_admitted	not_admitted	not_admitted	not_admitted	not_admitted	not_admitted	not_admitted
NZ_CP025507.1	MPF_T	-	1196	0	0	GA	1	340;364638;365258;+;22.8	341;365255;365554;+;90.8	342;365557;365898;+;101.1	343;365891;368257;+;181.8	343;365891;368257;+;107.7	344;368257;368955;+;200.6	346;369189;370109;+;163.1		348;370448;371119;+;206.9	349;371116;371973;+;183.2	350;371983;373158;+;179.5	351;373167;374198;+;107.6	867;910250;912163;-;328.7		pfam	both	A	7/7	canonical	1	0	unscoreable	2	0	0														not_admitted	not_admitted	not_admitted	not_admitted	not_admitted	not_admitted	not_admitted
NZ_CP025510.1	MPF_T	-	207	0	0	GA	1	89;81588;82484;+;68.9	90;82607;82918;+;82.6	91;83002;83280;+;52.9	181;188731;191025;+;104.6	92;83339;84064;+;37.2	94;85763;86566;+;24.8	183;192000;193109;+;70.9		97;87928;88602;+;165.8	98;88630;89412;+;165.8	99;89423;90787;+;180.4	100;90784;91785;+;108.1	164;164222;166243;-;462.3		pfam	pfam_only	A	7/7	canonical	1	0	unscoreable	4	0	0														not_admitted	not_admitted	not_admitted	not_admitted	not_admitted	not_admitted	not_admitted
NZ_CP025539.1	MPF_F	-	217	0	0	GA	0															not_admitted	not_admitted	not_admitted	not_admitted	not_admitted	not_admitted	not_admitted	not_admitted	not_admitted	not_admitted	1	145;128303;129310;+;329.4	37;34569;36008;+;325.0	36;33533;34567;+;208.0	140;123074;125524;+;315.0	38;36015;39656;+;345.7	134;113834;115183;+;124.9	140;123074;125524;+;134.6	132;112261;112890;+;86.9	143;126337;127605;+;65.4	146;129506;132286;+;142.3	126;108047;109915;+;44.9	135;115240;115731;+;85.4	126;108047;109915;+;48.3	A	9/9	split_2	95973	0	1	
NZ_CP025540.1	MPF_F	-	88	0	0	GA	0															not_admitted	not_admitted	not_admitted	not_admitted	not_admitted	not_admitted	not_admitted	not_admitted	not_admitted	not_admitted	1	65;48795;49805;-;384.3	51;40832;41947;-;198.8	55;42782;43561;-;171.3	71;52616;53848;-;206.1	50;38027;40828;-;304.0	74;54629;56164;-;89.2	69;51490;52122;-;53.1	76;56926;57501;-;131.5	63;47826;48539;-;88.5	61;45982;46710;-;194.4	44;33118;35223;-;396.6	73;54231;54623;-;32.0	44;33118;35223;-;74.2	A	9/9	contiguous	23808	1	1	37413..37943-;176;unnamed;0
NZ_CP025556.1	MPF_F	IncFIB(S);IncFII(S);IncFII(pAR0022)	115	0	0	GA	0															not_admitted	not_admitted	not_admitted	not_admitted	not_admitted	not_admitted	not_admitted	not_admitted	not_admitted	not_admitted	1	30;19590;20582;+;366.7	39;25830;27212;+;392.4	36;24049;24798;+;231.0	27;15955;18603;+;314.1	40;27209;30031;+;394.4	19;12001;13422;+;91.5	27;15955;18603;+;97.8	17;10708;11274;+;188.1	32;20894;21532;+;70.6	34;21985;23811;+;271.0	43;31685;33847;+;374.1	22;14228;14743;+;96.7	43;31685;33847;+;72.1	A	9/9	contiguous	20977	1	1	30053..30541+;162;TraS;0
NZ_CP025558.1	MPF_T	IncX1	40	0	0	GA	1	30;18598;19245;+;46.9	31;19223;19519;+;77.5	32;19538;22291;+;46.6	32;19538;22291;+;148.1	32;19538;22291;+;71.6	33;22302;23060;+;67.3	35;23298;24431;+;106.4		36;24677;25390;+;119.7	37;25395;26324;+;133.8	38;26321;27526;+;132.5	39;27528;28559;+;76.5			pfam	pfam_only	B	6/7	canonical	1	1	unscoreable	1	0	0														not_admitted	not_admitted	not_admitted	not_admitted	not_admitted	not_admitted	not_admitted
NZ_CP025574.1	MPF_F	IncFIB(AP001918);IncFII(pRSB107)	155	0	0	GA	0															not_admitted	not_admitted	not_admitted	not_admitted	not_admitted	not_admitted	not_admitted	not_admitted	not_admitted	not_admitted	1	122;98094;99086;+;369.5	135;105491;106864;+;386.6	129;102820;103563;+;234.1	119;94458;97085;+;300.9	136;106861;109686;+;384.7	113;91116;92567;+;93.9	119;94458;97085;+;101.1	111;89835;90401;+;177.4	124;99430;100068;+;68.6	127;100780;102543;+;267.3	140;111928;114153;+;380.7	116;93427;93942;+;76.5	140;111928;114153;+;66.5	A	9/9	contiguous	22093	1	1	109683..110192+;169;unnamed;0
NZ_CP025577.1	MPF_F	IncFIB(K);IncFII(pKP91)	218	0	0	GA	0															not_admitted	not_admitted	not_admitted	not_admitted	not_admitted	not_admitted	not_admitted	not_admitted	not_admitted	not_admitted	1	192;190586;191575;+;363.3	203;197394;198761;+;382.2	199;195384;196136;+;236.4	188;186490;189129;+;259.0	204;198761;201610;+;342.9	178;181086;182510;+;88.8	188;186490;189129;+;87.3	176;179793;180359;+;167.9	194;191851;192498;+;65.9	195;192557;194512;+;259.5	208;203422;205704;+;393.3	181;183122;183706;+;53.8	208;203422;205704;+;65.9	A	9/9	contiguous	23629	1	1	201613..202143+;176;unnamed;0
NZ_CP025613.1	MPF_T	-	787	0	0	GA	1	366;495868;496584;-;88.6	361;489357;489689;-;94.6	360;489085;489357;-;27.7	359;486632;489070;-;30.5	359;486632;489070;-;137.7	358;485877;486635;-;245.0	356;484134;485486;-;193.9		355;483448;484131;-;235.2	354;482381;483451;-;234.1	353;481128;482384;-;228.0	362;489686;490717;-;117.3	364;491336;493327;-;340.9		conjscan	conjscan_only	A	7/7	canonical	1	0	unscoreable	4	0	0														not_admitted	not_admitted	not_admitted	not_admitted	not_admitted	not_admitted	not_admitted
NZ_CP025626.1	MPF_F	IncFIA;IncFII	152	0	0	GA	0															not_admitted	not_admitted	not_admitted	not_admitted	not_admitted	not_admitted	not_admitted	not_admitted	not_admitted	not_admitted	1	126;116287;117279;+;371.6	135;122341;123714;+;380.7	130;120008;120751;+;233.3	123;112651;115278;+;303.5	136;123711;126530;+;386.2	117;109065;110492;+;91.9	123;112651;115278;+;99.0	115;107784;108350;+;182.9	127;117288;117926;+;64.9	128;117923;119731;+;268.2	139;128062;130296;+;391.7	122;111620;112135;+;76.4	139;128062;130296;+;70.3	A	9/9	contiguous	20278	1	1	126555..127046+;163;TraS;0
NZ_CP025677.1	MPF_F	IncFII(pHN7A8);IncN;IncX1	153	0	0	GA	0															not_admitted	not_admitted	not_admitted	not_admitted	not_admitted	not_admitted	not_admitted	not_admitted	not_admitted	not_admitted	1	147;125924;126916;+;369.5	6;4462;5745;+;320.4	3;2082;2801;+;207.5	144;122288;124915;+;301.8	7;5878;6252;+;79.4	139;118806;120233;+;94.1	144;122288;124915;+;101.8	137;117525;118091;+;183.8	150;127862;128500;+;70.4	2;704;1885;+;267.1	16;10845;12866;+;392.0	143;121257;121772;+;78.0	16;10845;12866;+;70.5	A	9/9	split_2	127158	1	1	6550..6792+;80;unnamed;0
NZ_CP025679.1	MPF_T	IncI2(Delta)	91	0	0	GA	1	77;59204;59686;+;81.1		61;43325;43609;+;36.6	62;43615;45972;+;58.5	62;43615;45972;+;44.9	49;36530;37174;+;41.0	48;35529;36524;+;123.7		64;46138;46872;+;144.3	65;46869;47639;+;170.5	66;47629;48768;+;154.7	73;55898;57436;+;208.0	68;50103;51815;+;290.2		pfam	pfam_only	A	7/7	rearranged	1	0	unscoreable	26	0	0														not_admitted	not_admitted	not_admitted	not_admitted	not_admitted	not_admitted	not_admitted
NZ_CP025691.1	MPF_T	-	79	0	0	GA	1				0;972;2987;-;22.9									73;65626;67155;-;465.2		none	none	D	2/7	uncallable	0	0	unscoreable	0	0	0														not_admitted	not_admitted	not_admitted	not_admitted	not_admitted	not_admitted	not_admitted
NZ_CP025708.1	MPF_F	IncFIA;IncFIB(AP001918);IncFII	211	0	0	GA	0															not_admitted	not_admitted	not_admitted	not_admitted	not_admitted	not_admitted	not_admitted	not_admitted	not_admitted	not_admitted	1	131;111849;112841;-;371.6	120;104791;106164;-;380.9	127;108377;109120;-;235.0	134;113850;116477;-;303.5	119;101969;104794;-;385.9	140;118636;120063;-;91.9	134;113850;116477;-;99.0	142;120778;121344;-;182.9	130;111202;111840;-;64.9	129;109397;111205;-;268.3	116;98285;100465;-;391.6	135;116993;117508;-;76.4	116;98285;100465;-;70.4	A	9/9	contiguous	22493	1	1	101517..101972-;151;unnamed;0
NZ_CP025710.1	MPF_T	IncN	81	0	0	GA	1	16;12339;13073;+;32.5		19;13716;14033;+;63.3	31;23273;24850;-;50.4	20;14033;15142;+;78.4	30;22542;23255;-;105.5	28;21251;22291;-;142.4		27;20334;21032;-;131.9	26;19439;20323;-;159.7	25;18279;19439;-;156.3	24;17242;18237;-;81.2	58;55107;56636;-;38.5		pfam	both	A	7/7	canonical	1	0	unscoreable	6	0	0														not_admitted	not_admitted	not_admitted	not_admitted	not_admitted	not_admitted	not_admitted
NZ_CP025711.1	MPF_T	IncP1	48	0	0	GA	1	33;28960;29733;-;21.6	44;38951;39334;-;68.3	43;38622;38948;-;50.2	42;36082;38625;-;99.2	42;36082;38625;-;108.9	37;31833;32615;-;106.4	35;30068;31621;-;108.5		41;35378;36085;-;88.1	40;34472;35362;-;156.2	38;32628;34022;-;218.2	45;39448;40404;-;133.6	18;14552;16495;+;443.4		conjscan	conjscan_only	A	7/7	canonical	1	0	unscoreable	4	0	0														not_admitted	not_admitted	not_admitted	not_admitted	not_admitted	not_admitted	not_admitted
NZ_CP025752.1	MPF_T	IncX4	63	0	0	GA	1	42;45514;46125;-;54.0	41;45228;45542;-;30.3	40;44850;45170;-;46.2	39;42475;44847;-;80.3	39;42475;44847;-;33.6	44;47466;48107;+;32.8	43;46469;47464;+;125.4		37;41607;42344;-;160.1	36;40831;41610;-;167.2	35;39699;40841;-;143.5	34;38680;39699;-;92.1	33;36662;38629;-;290.2		pfam	pfam_only	A	7/7	uncallable	0	0	unscoreable	1	0	0														not_admitted	not_admitted	not_admitted	not_admitted	not_admitted	not_admitted	not_admitted
NZ_CP025758.1	MPF_T	IncN	71	0	0	GA	1	15;11795;12529;+;32.5		18;13172;13489;+;63.3	19;13489;16089;+;113.8	19;13489;16089;+;76.4	20;16107;16820;+;105.5	22;17071;18111;+;142.4		23;18330;19028;+;131.9	24;19039;19923;+;159.7	25;19923;21023;+;127.7	26;21124;22119;+;81.2	48;46848;48377;-;38.5		pfam	both	A	7/7	canonical	1	0	unscoreable	3	0	0														not_admitted	not_admitted	not_admitted	not_admitted	not_admitted	not_admitted	not_admitted
NZ_CP025782.1	-	-	74	0	0	GA	1	55;39344;40057;+;30.4	59;42708;43019;+;60.1	60;43023;43328;+;79.3	61;43392;45854;+;131.6	1;324;1073;+;69.6	4;2840;3550;+;191.9	5;3560;4771;+;114.6		6;4880;5671;+;169.4	7;5671;6507;+;198.0	8;6513;7790;+;175.5	9;7780;8940;+;108.8	10;8956;11256;+;391.4		pfam	both	A	7/7	rearranged	1	0	unscoreable	4	0	0														not_admitted	not_admitted	not_admitted	not_admitted	not_admitted	not_admitted	not_admitted
NZ_CP025801.1	MPF_F	pYE854	79	0	0	GA	0															not_admitted	not_admitted	not_admitted	not_admitted	not_admitted	not_admitted	not_admitted	not_admitted	not_admitted	not_admitted	1	23;22529;24112;-;329.4	18;18645;20033;-;246.0	19;20043;20906;-;155.9	27;28128;30677;-;167.1	17;14995;18648;-;128.4	29;31231;32478;-;53.0	27;28128;30677;-;89.9	31;33268;33921;-;64.4	22;21810;22529;-;96.3	25;24517;26100;-;87.8	68;60278;62350;+;323.3	28;30701;31207;-;71.6	68;60278;62350;+;61.0	A	9/9	split_2	45283	1	1	14237..14581-;114;unnamed;0
NZ_CP025802.1	MPF_F	-	60	0	0	GA	0															not_admitted	not_admitted	not_admitted	not_admitted	not_admitted	not_admitted	not_admitted	not_admitted	not_admitted	not_admitted	1	41;31897;32880;+;355.9	46;36731;38098;+;353.7	44;35344;36099;+;203.8	38;28276;30867;+;233.8	47;38098;40947;+;327.8	36;25942;27261;+;91.0	38;28276;30867;+;97.0	34;24662;25228;+;140.0	42;32889;33500;+;67.9	43;33497;35344;+;241.8	49;41782;43920;+;363.2	37;27645;28265;+;47.6	49;41782;43920;+;64.8	A	9/9	contiguous	17120	1	1	40947..41660+;237;unnamed;0
NZ_CP025811.1	MPF_T	-	153	0	0	GA	1	128;113687;114841;+;75.0	124;110514;110909;+;73.2	125;110902;111180;+;90.4	126;111170;113533;+;86.9	126;111170;113533;+;43.4	129;114838;115650;+;69.8	136;119999;121075;+;122.8		130;115668;116321;+;168.5	131;116323;117018;+;167.8	132;117015;118394;+;181.1	133;118399;119385;+;104.8	44;44208;46190;+;286.9		pfam	both	A	7/7	canonical	1	0	unscoreable	3	0	0														not_admitted	not_admitted	not_admitted	not_admitted	not_admitted	not_admitted	not_admitted
NZ_CP025812.1	-	-	104	0	0	GA	1	41;40996;41670;-;71.4	40;40700;40981;-;94.2	39;40417;40713;-;72.1	38;38052;40436;-;77.1	38;38052;40436;-;45.2	35;35976;36743;-;54.3	33;34543;35556;-;109.8		32;33852;34523;-;175.5	31;33116;33847;-;172.4	30;31686;33113;-;172.6	29;30709;31689;-;115.6	12;13702;15612;+;296.7		pfam	pfam_only	A	7/7	canonical	1	0	unscoreable	2	0	0														not_admitted	not_admitted	not_admitted	not_admitted	not_admitted	not_admitted	not_admitted
NZ_CP025844.1	MPF_F	IncFII(29)	106	0	0	GA	0															not_admitted	not_admitted	not_admitted	not_admitted	not_admitted	not_admitted	not_admitted	not_admitted	not_admitted	not_admitted	1	20;19865;20857;-;369.3	7;11533;12906;-;380.7	16;16393;17136;-;230.9	23;21866;24493;-;306.8	6;8714;11536;-;388.2		23;21866;24493;-;98.5	29;27126;27389;-;73.2	19;19218;19856;-;68.4	18;17413;19221;-;268.3	0;2463;4652;-;390.7	25;25009;25524;-;78.4	0;2463;4652;-;70.3	A	9/9	contiguous	24663	1	1	8213..8692-;159;TraS;0
NZ_CP025845.1	MPF_T	IncFIB(K)	75	0	0	GA	1	35;34767;35429;+;48.3	36;35440;35739;+;36.6	37;35749;38499;+;60.6	37;35749;38499;+;134.0	37;35749;38499;+;48.6	38;38518;39234;+;137.0	40;39548;40555;+;137.8		42;40765;41451;+;158.3	43;41444;42337;+;147.4	44;42334;43530;+;134.7	45;43534;44583;+;71.5	52;49321;51228;+;24.3		pfam	pfam_only	A	7/7	canonical	1	1	unscoreable	8	0	0														not_admitted	not_admitted	not_admitted	not_admitted	not_admitted	not_admitted	not_admitted
NZ_CP025850.1	MPF_F	IncFIA(pBK30683);IncFII(pCoo)	184	0	0	GA	0															not_admitted	not_admitted	not_admitted	not_admitted	not_admitted	not_admitted	not_admitted	not_admitted	not_admitted	not_admitted	1	117;105578;106570;-;369.8	105;97700;99076;-;382.7	109;100303;101046;-;233.3	120;107579;110209;-;303.2	104;94863;97703;-;371.4	127;112354;113805;-;92.7	120;107579;110209;-;98.2	129;114520;115086;-;183.3	114;103943;104581;-;69.9	111;101323;103131;-;268.0	100;90386;92593;-;391.7	124;110976;111491;-;77.3	100;90386;92593;-;70.3	A	9/9	contiguous	24134	1	1	94347..94838-;163;TraS;0
NZ_CP025853.1	MPF_T	IncX4	52	0	0	GA	1	7;7636;8256;-;41.6	6;7296;7622;-;61.9	5;4530;7277;-;62.7	5;4530;7277;-;153.2	5;4530;7277;-;45.6	4;3802;4518;-;93.5	3;2696;3790;-;150.1		1;1495;2181;-;169.0	0;590;1498;-;143.2	51;36009;36389;-;98.9	50;34979;36007;-;85.1	49;33130;34947;-;313.0		pfam	pfam_only	A	7/7	canonical	1	1	unscoreable	1	0	0														not_admitted	not_admitted	not_admitted	not_admitted	not_admitted	not_admitted	not_admitted
NZ_CP025857.1	MPF_F	IncFIB(AP001918);IncFII	133	0	0	GA	0															not_admitted	not_admitted	not_admitted	not_admitted	not_admitted	not_admitted	not_admitted	not_admitted	not_admitted	not_admitted	1	37;32692;33684;-;369.5	22;23851;25224;-;381.7	29;27429;28172;-;234.4	40;34693;37323;-;297.8	21;21035;23854;-;373.5	48;40591;42042;-;93.8	40;34693;37323;-;99.0	50;42757;43323;-;174.3	34;31111;31749;-;70.8	31;28449;30299;-;270.8	14;13833;16058;-;391.7	45;39216;39731;-;82.8	14;13833;16058;-;70.3	A	9/9	contiguous	28924	1	1	20519..21010-;163;TraS;0
NZ_CP025864.1	MPF_T	IncX1;IncX3	48	0	0	GA	1	39;26143;26790;+;45.2	40;26768;27064;+;77.5	41;27083;29836;+;46.6	41;27083;29836;+;148.0	41;27083;29836;+;72.9	42;29847;30605;+;67.3	44;30902;32032;+;103.0		45;32277;32990;+;120.0	46;32995;33924;+;136.3	47;33921;35126;+;132.5		0;35;1870;+;489.3		pfam	pfam_only	B	6/7	canonical	1	1	unscoreable	1	0	0														not_admitted	not_admitted	not_admitted	not_admitted	not_admitted	not_admitted	not_admitted
NZ_CP025885.1	MPF_F	IncFII(Yp)	76	0	0	GA	0															not_admitted	not_admitted	not_admitted	not_admitted	not_admitted	not_admitted	not_admitted	not_admitted	not_admitted	not_admitted	1	13;16224;17210;-;355.4	6;10103;11470;-;342.4	9;12623;13402;-;190.1	16;18303;20894;-;215.6	5;7216;10101;-;290.2	19;21946;23310;-;83.3	16;18303;20894;-;88.0	21;24027;24590;-;137.4	11;15234;15848;-;82.6	10;13399;15237;-;262.2	2;3338;5587;-;372.4	17;20905;21504;-;53.1	2;3338;5587;-;62.8	A	9/9	contiguous	20689	1	1	6644..7204-;186;unnamed;0
NZ_CP025912.1	MPF_F	IncFII(pCoo)	105	0	0	GA	0															not_admitted	not_admitted	not_admitted	not_admitted	not_admitted	not_admitted	not_admitted	not_admitted	not_admitted	not_admitted	1	59;57233;58219;-;355.4	53;51639;53000;-;343.5	55;53632;54411;-;193.9	62;59312;61903;-;215.2	52;50129;51637;-;292.1	67;63492;64856;-;82.6	62;59312;61903;-;88.2	69;65573;66136;-;136.5	57;56243;56857;-;82.6	56;54408;56246;-;259.4	48;44890;47121;-;371.9	63;61914;62513;-;46.6	48;44890;47121;-;68.9	A	9/9	contiguous	20683	1	1	48755..50113-;452;unnamed;0
NZ_CP025915.1	MPF_T	-	51	0	0	GA	1	14;6848;7588;+;34.8	16;7912;8202;+;46.6	17;8254;8568;+;65.3	18;8568;11198;+;123.6	18;8568;11198;+;86.6	19;11208;11915;+;116.1	21;12174;13217;+;126.7	22;13312;13482;+;41.4	23;13485;14201;+;145.6	24;14204;15091;+;146.9	25;15088;16242;+;174.0	26;16235;17266;+;78.1	32;21964;23541;-;54.8		pfam	both	A	7/7	canonical	1	0	ga	7	0	0														not_admitted	not_admitted	not_admitted	not_admitted	not_admitted	not_admitted	not_admitted
NZ_CP025918.1	MPF_F	IncFII(pCoo)	85	0	0	GA	0															not_admitted	not_admitted	not_admitted	not_admitted	not_admitted	not_admitted	not_admitted	not_admitted	not_admitted	not_admitted	1	65;53474;54460;+;355.4	71;58693;60054;+;343.5	69;57282;58061;+;193.9	62;49790;52381;+;215.2	72;60056;61564;+;292.1	57;46837;48201;+;82.6	62;49790;52381;+;88.2	55;45557;46120;+;136.5	67;54836;55450;+;82.6	68;55447;57285;+;259.4	76;64572;66803;+;371.9	61;49180;49779;+;46.6	76;64572;66803;+;68.9	A	9/9	contiguous	19015	1	1	61580..62938+;452;unnamed;0
NZ_CP025919.1	MPF_F	IncFII(pCoo)	62	0	0	GA	0															not_admitted	not_admitted	not_admitted	not_admitted	not_admitted	not_admitted	not_admitted	not_admitted	not_admitted	not_admitted	1	36;24631;25623;+;369.5	48;31677;33050;+;381.7	41;28729;29472;+;234.1	33;20992;23622;+;297.8	49;33047;35893;+;384.1	25;16141;17592;+;93.4	33;20992;23622;+;100.2	23;14860;15426;+;174.3	38;25967;26605;+;68.6	39;26602;28452;+;266.9	53;38135;40324;+;391.5	28;18452;18967;+;82.8	53;38135;40324;+;70.3	A	9/9	contiguous	23275	1	1	35890..36399+;169;unnamed;0
NZ_CP025922.1	MPF_F	IncFII(pCoo)	94	0	0	GA	0															not_admitted	not_admitted	not_admitted	not_admitted	not_admitted	not_admitted	not_admitted	not_admitted	not_admitted	not_admitted	1	36;27460;28446;+;355.4	42;32679;34040;+;343.5	40;31268;32047;+;193.9	33;23776;26367;+;215.2	43;34042;35550;+;292.1	28;20823;22187;+;82.6	33;23776;26367;+;88.2	26;19543;20106;+;136.5	38;28822;29436;+;82.6	39;29433;31271;+;259.4	47;38558;40789;+;371.9	32;23166;23765;+;46.6	47;38558;40789;+;68.9	A	9/9	contiguous	19015	1	1	35566..36924+;452;unnamed;0
NZ_CP025948.1	MPF_T	IncX3	58	0	0	GA	1	45;33811;34455;+;46.4	46;34439;34729;+;73.1	47;34754;37507;+;47.0	47;34754;37507;+;142.4	47;34754;37507;+;73.3	48;37517;38287;+;60.1	50;38566;39621;+;133.2		51;39816;40544;+;119.4	52;40550;41479;+;138.8	53;41476;42690;+;128.3	55;42886;43920;+;65.7	56;43923;45758;+;495.9		pfam	pfam_only	A	7/7	canonical	1	1	unscoreable	2	0	0														not_admitted	not_admitted	not_admitted	not_admitted	not_admitted	not_admitted	not_admitted
NZ_CP025949.1	MPF_F	IncFII(pHN7A8)	87	0	0	GA	0															not_admitted	not_admitted	not_admitted	not_admitted	not_admitted	not_admitted	not_admitted	not_admitted	not_admitted	not_admitted	1	60;47117;48109;+;369.5	73;54942;56315;+;376.8	68;52633;53376;+;234.4	57;43481;46108;+;301.8	74;56312;59128;+;376.7	52;39999;41426;+;94.1	57;43481;46108;+;101.8	50;38718;39284;+;183.8	63;49055;49693;+;70.4	66;50506;52356;+;265.0	78;61429;63654;+;391.7	56;42450;42965;+;78.0	78;61429;63654;+;70.3	A	9/9	contiguous	22711	1	1	59161..59682+;173;unnamed;0
NZ_CP025952.1	MPF_F	IncFII(pHN7A8);IncR	217	0	0	GA	0															not_admitted	not_admitted	not_admitted	not_admitted	not_admitted	not_admitted	not_admitted	not_admitted	not_admitted	not_admitted	1	25;24553;25545;-;369.5	12;16347;17720;-;376.8	17;19286;20029;-;234.4	113;89793;91589;+;303.2	11;13534;16350;-;376.7	108;86311;87738;+;94.1	113;89793;91589;+;49.5	106;85030;85596;+;183.8	22;22969;23607;-;70.4	19;20306;22156;-;265.0	7;9017;11233;-;391.7	112;88762;89277;+;77.6	7;9017;11233;-;70.3	A	9/9	split_2	80776	1	1	12980..13501-;173;unnamed;0
NZ_CP025964.2	MPF_F	repFIB;repHI5B	297	0	0	GA	0															not_admitted	not_admitted	not_admitted	not_admitted	not_admitted	not_admitted	not_admitted	not_admitted	not_admitted	not_admitted	1	170;160505;161542;-;282.2	59;60938;62380;+;188.4	58;59944;60981;+;172.4	181;172411;175128;-;143.5	60;62355;66320;+;117.7	185;177251;178618;-;63.7	181;172411;175128;-;80.6	188;180273;181133;-;73.9	171;161539;162900;-;71.7	169;157314;160490;-;58.7	51;50589;52715;-;62.0	182;175177;175914;-;56.3	51;50589;52715;-;39.7	A	9/9	split_2	129684	0	1	
NZ_CP025965.2	MPF_T	IncN	75	0	0	GA	1	17;12335;13069;+;32.5		20;13712;14029;+;63.3	21;14029;16629;+;113.8	21;14029;16629;+;76.4	22;16647;17360;+;105.5	24;17611;18651;+;142.4		25;18870;19568;+;131.9	26;19579;20463;+;159.7	27;20463;21623;+;156.3	28;21665;22660;+;81.2	52;44465;45994;-;38.5		pfam	both	A	7/7	canonical	1	0	unscoreable	3	0	0														not_admitted	not_admitted	not_admitted	not_admitted	not_admitted	not_admitted	not_admitted
NZ_CP025966.2	MPF_F	IncFII(K);IncQ1;repB(R1701)	163	0	0	GA	0															not_admitted	not_admitted	not_admitted	not_admitted	not_admitted	not_admitted	not_admitted	not_admitted	not_admitted	not_admitted	1	102;86302;87291;-;366.6	92;79388;80755;-;384.0	96;82013;82765;-;233.3	106;88734;91373;-;258.5	91;76539;79388;-;346.4	113;94566;95990;-;89.2	106;88734;91373;-;88.2	115;96717;97283;-;169.3	101;85651;86289;-;66.9	100;83637;85592;-;259.7	87;71765;74077;-;393.1	112;93868;94452;-;53.6	87;71765;74077;-;66.6	A	9/9	contiguous	24952	1	1	76003..76536-;177;unnamed;0
NZ_CP026014.1	MPF_F	IncU;repFIB;repHI5B	385	0	0	GA	0															not_admitted	not_admitted	not_admitted	not_admitted	not_admitted	not_admitted	not_admitted	not_admitted	not_admitted	not_admitted	1	105;105852;106889;-;282.2	1;3958;5400;-;188.6	2;5357;6394;-;172.0	116;117758;120475;-;143.5	0;12;3956;-;119.0	120;122598;123965;-;63.7	116;117758;120475;-;80.6	123;125620;126480;-;73.9	106;106886;108247;-;71.7	104;102661;105837;-;58.7	9;13610;15736;+;62.0	117;120524;121261;-;56.3	9;13610;15736;+;39.7	A	9/9	split_2	125608	0	1	
NZ_CP026015.1	MPF_T	IncX3	72	0	0	GA	1	27;17701;18345;+;46.4	28;18329;18619;+;73.1	29;18644;21397;+;47.0	29;18644;21397;+;142.4	29;18644;21397;+;73.3	30;21407;22177;+;60.1	32;22456;23511;+;133.2		33;23706;24434;+;119.4	34;24440;25369;+;138.8	35;25366;26580;+;128.3	37;26776;27810;+;65.7	38;27813;29648;+;495.9		pfam	pfam_only	A	7/7	canonical	1	1	unscoreable	2	0	0														not_admitted	not_admitted	not_admitted	not_admitted	not_admitted	not_admitted	not_admitted
NZ_CP026016.1	MPF_F	IncFIA(pBK30683);IncFII(K)	128	0	0	GA	0															not_admitted	not_admitted	not_admitted	not_admitted	not_admitted	not_admitted	not_admitted	not_admitted	not_admitted	not_admitted	1	33;24684;25676;+;362.9	46;33267;34634;+;382.8	42;31257;32009;+;233.7	30;21019;23658;+;259.1	47;34634;37456;+;341.1	20;15701;17125;+;88.9	30;21019;23658;+;88.3	18;14408;14974;+;169.3	37;27707;28354;+;65.7	38;28413;30368;+;257.4	50;39424;41724;+;392.7	22;17737;18321;+;54.2	50;39424;41724;+;66.6	A	9/9	contiguous	25016	1	1	37480..38082+;200;TraS;0
NZ_CP026019.1	MPF_F	repFIB;repHI5B	344	0	0	GA	0															not_admitted	not_admitted	not_admitted	not_admitted	not_admitted	not_admitted	not_admitted	not_admitted	not_admitted	not_admitted	1	308;262975;264012;-;282.2	175;145560;147002;+;188.4	174;144566;145603;+;172.4	319;274881;277598;-;143.5	176;146977;150942;+;117.7	323;279721;281088;-;63.7	319;274881;277598;-;80.6	326;282743;283603;-;73.9	309;264009;265370;-;71.7	307;259784;262960;-;58.7	167;135211;137337;-;62.0	320;277647;278384;-;56.3	167;135211;137337;-;39.7	A	9/9	split_2	147532	0	1	
NZ_CP026020.1	MPF_T	IncX5	54	0	0	GA	1	32;24883;25527;-;36.9	31;24609;24899;-;69.0	30;21828;24587;-;42.6	30;21828;24587;-;132.2	30;21828;24587;-;70.5	29;21071;21820;-;54.3	27;19737;20792;-;135.2		26;18769;19497;-;120.9	25;17835;18764;-;134.2	24;16627;17838;-;136.9	23;15572;16615;-;64.1	22;13734;15569;-;504.8		pfam	pfam_only	A	7/7	canonical	1	1	unscoreable	1	0	0														not_admitted	not_admitted	not_admitted	not_admitted	not_admitted	not_admitted	not_admitted
NZ_CP026025.1	MPF_T	-	103	0	0	GA	1	42;34075;34815;-;35.1	40;33461;33751;-;46.6	39;33097;33411;-;65.3	38;30467;33097;-;123.5	38;30467;33097;-;87.4	37;29750;30457;-;116.1	35;28448;29491;-;126.7	34;28183;28353;-;41.4	33;27464;28180;-;145.6	32;26574;27461;-;144.4	31;25423;26577;-;174.0	30;24399;25430;-;78.1	18;9928;11505;+;54.8		pfam	both	A	7/7	canonical	1	0	ga	2	0	0														not_admitted	not_admitted	not_admitted	not_admitted	not_admitted	not_admitted	not_admitted
NZ_CP026048.1	MPF_F	IncFII(K);repB(R1701)	154	0	0	GA	0															not_admitted	not_admitted	not_admitted	not_admitted	not_admitted	not_admitted	not_admitted	not_admitted	not_admitted	not_admitted	1	114;97893;98882;-;366.6	104;90979;92346;-;384.0	108;93604;94356;-;233.7	118;100325;102964;-;258.5	103;88130;90979;-;346.4	124;106365;107789;-;89.3	118;100325;102964;-;88.7	126;108516;109082;-;169.3	113;97242;97880;-;67.0	112;95228;97183;-;259.7	99;84067;85668;-;364.8	123;105707;106291;-;54.4	99;84067;85668;-;60.8	A	9/9	contiguous	24449	1	1	87594..88127-;177;unnamed;0
NZ_CP026049.1	MPF_F	IncFII(pKP91)	218	0	0	GA	0															not_admitted	not_admitted	not_admitted	not_admitted	not_admitted	not_admitted	not_admitted	not_admitted	not_admitted	not_admitted	1	2;3409;4398;-;368.2	211;202662;204032;-;378.9	215;205228;205980;-;232.9	5;5427;8066;-;254.8	210;199840;202662;-;346.7	15;11966;13384;-;84.4	5;5427;8066;-;88.2	17;14105;14671;-;148.2	1;2767;3396;-;67.3	0;812;2767;-;253.9	207;195750;198080;-;388.9	12;10602;11171;-;53.9	207;195750;198080;-;65.2	A	9/9	split_2	204416	1	1	199200..199814-;204;TraS;0
NZ_CP026053.1	MPF_T	IncN	53	0	0	GA	1	31;31741;32475;-;32.5	29;31148;31441;-;28.7	28;30781;31098;-;63.3	27;28181;30781;-;111.8	27;28181;30781;-;76.8	26;27450;28163;-;97.1	24;26159;27199;-;153.6		23;25242;25940;-;131.9	22;24347;25231;-;159.0	21;23187;24347;-;154.9	20;22150;23145;-;81.2	8;5660;7189;+;38.5		pfam	both	A	7/7	canonical	1	0	unscoreable	2	0	0														not_admitted	not_admitted	not_admitted	not_admitted	not_admitted	not_admitted	not_admitted
NZ_CP026057.1	MPF_T	IncX5	75	0	0	GA	1	21;15314;15958;+;42.4	22;15942;16232;+;69.0	23;16254;19013;+;42.6	23;16254;19013;+;132.2	23;16254;19013;+;70.5	24;19021;19755;+;55.1	26;20030;21085;+;132.8		27;21326;22054;+;120.9	28;22059;22988;+;134.2	29;22985;24196;+;136.9	30;24208;25251;+;64.1	31;25254;27089;+;504.8		pfam	pfam_only	A	7/7	canonical	1	1	unscoreable	1	0	0														not_admitted	not_admitted	not_admitted	not_admitted	not_admitted	not_admitted	not_admitted
NZ_CP026058.1	-	pKPC-CAV1321	411	0	0	GA	0															not_admitted	not_admitted	not_admitted	not_admitted	not_admitted	not_admitted	not_admitted	not_admitted	not_admitted	not_admitted	1	240;186994;188061;-;276.8	220;169638;171080;-;260.7	221;171077;172177;-;198.4	244;190169;192655;-;223.8	219;166105;169623;-;240.0	248;195883;197280;-;109.8	244;190169;192655;-;120.8	250;198563;199189;-;87.1	241;188058;189371;-;41.0	217;163012;165669;-;136.9	256;201737;203713;-;22.7	247;195320;195886;-;71.6	256;201737;203713;-;33.5	A	9/9	contiguous	38725	0	1	
NZ_CP026060.1	MPF_T	IncN4	50	0	0	GA	1	20;17910;18650;-;34.8	18;17296;17586;-;45.9	17;16932;17246;-;65.3	16;14302;16932;-;124.9	16;14302;16932;-;86.8	15;13585;14292;-;112.9	13;12283;13326;-;127.4	12;12018;12188;-;41.4	11;11299;12015;-;145.6	10;10409;11296;-;144.4	9;9258;10412;-;174.0	8;8234;9265;-;78.1	3;2249;3826;+;50.6		pfam	both	A	7/7	canonical	1	0	ga	6	0	0														not_admitted	not_admitted	not_admitted	not_admitted	not_admitted	not_admitted	not_admitted
NZ_CP026061.1	-	-	50	0	0	GA	1	38;30189;30803;-;45.0	37;29892;30179;-;55.4	36;27060;29831;-;45.0	36;27060;29831;-;164.3	36;27060;29831;-;64.1	35;26283;27050;-;65.2	33;24990;26024;-;119.4		30;23849;24568;-;150.6	29;22929;23846;-;144.1	28;21748;22932;-;136.1	27;20714;21745;-;84.9	26;18873;20705;-;474.7		pfam	pfam_only	A	7/7	canonical	1	1	unscoreable	3	0	0														not_admitted	not_admitted	not_admitted	not_admitted	not_admitted	not_admitted	not_admitted
NZ_CP026127.1	MPF_T	-	46	0	0	GA	1	3;2715;3425;+;101.0	4;3436;3729;+;41.2		5;3741;6452;+;78.0	5;3741;6452;+;57.1	6;6449;7090;+;71.2	39;33154;34239;+;71.0		40;34239;35027;+;74.6	41;35042;35779;+;149.0	42;35781;37160;+;180.8	43;37176;38213;+;92.0	1;934;2451;+;35.6		pfam	both	A	7/7	canonical	1	0	unscoreable	1	0	0														not_admitted	not_admitted	not_admitted	not_admitted	not_admitted	not_admitted	not_admitted
NZ_CP026131.1	MPF_F	IncFII(pHN7A8);IncR	207	0	0	GA	0															not_admitted	not_admitted	not_admitted	not_admitted	not_admitted	not_admitted	not_admitted	not_admitted	not_admitted	not_admitted	1	130;103159;104151;-;369.5	117;94953;96326;-;376.8	122;97892;98635;-;234.4	133;105160;107787;-;301.8	116;92140;94956;-;376.7	138;109842;111269;-;94.1	133;105160;107787;-;101.8	140;111984;112550;-;183.8	127;101575;102213;-;70.4	124;98912;100762;-;265.0	112;87623;89839;-;391.7	134;108303;108818;-;77.6	112;87623;89839;-;70.3	A	9/9	contiguous	24361	1	1	91586..92107-;173;unnamed;0
NZ_CP026135.1	MPF_F	IncFIB(K);IncFII(K)	173	0	0	GA	0															not_admitted	not_admitted	not_admitted	not_admitted	not_admitted	not_admitted	not_admitted	not_admitted	not_admitted	not_admitted	1	110;94079;95071;+;366.6	120;100522;101892;+;381.2	116;98568;99320;+;232.4	107;90414;93053;+;258.7	121;101892;104741;+;344.2	98;85175;86599;+;89.2	107;90414;93053;+;88.8	96;83882;84448;+;167.0	111;95084;95722;+;67.0	112;95719;97725;+;259.0	125;106555;108864;+;393.2	100;87211;87780;+;49.7	125;106555;108864;+;65.8	A	9/9	contiguous	22673	1	1	104744..105274+;176;unnamed;0
NZ_CP026139.1	MPF_F	IncFIB(K);IncFII(K)	89	0	0	GA	0															not_admitted	not_admitted	not_admitted	not_admitted	not_admitted	not_admitted	not_admitted	not_admitted	not_admitted	not_admitted	1	18;18881;19873;-;366.6	8;12060;13430;-;381.2	12;14632;15384;-;232.4	21;20899;23538;-;258.7	7;9211;12060;-;344.2	30;27353;28777;-;89.2	21;20899;23538;-;88.8	32;29504;30070;-;167.0	17;18230;18868;-;67.0	16;16227;18233;-;259.0	3;5088;7397;-;393.2	28;26172;26741;-;49.7	3;5088;7397;-;65.8	A	9/9	contiguous	24416	1	1	8678..9208-;176;unnamed;0
NZ_CP026141.1	MPF_F	IncFII(pHN7A8);IncR	207	0	0	GA	0															not_admitted	not_admitted	not_admitted	not_admitted	not_admitted	not_admitted	not_admitted	not_admitted	not_admitted	not_admitted	1	6;4198;5190;-;369.5	200;160502;161875;-;376.8	205;163441;164184;-;234.4	9;6199;8826;-;301.8	199;157689;160505;-;376.7	14;10881;12308;-;94.1	9;6199;8826;-;101.8	16;13023;13589;-;183.8	4;2616;3254;-;70.4		195;153172;155388;-;391.7	10;9342;9857;-;77.6	195;153172;155388;-;70.3	B	8/9	split_2	160825	1	0	157135..157656-;173;unnamed;0
NZ_CP026151.1	MPF_F	IncFIB(K);IncFII(K)	165	0	0	GA	0															not_admitted	not_admitted	not_admitted	not_admitted	not_admitted	not_admitted	not_admitted	not_admitted	not_admitted	not_admitted	1	24;18696;19688;-;366.6	14;11875;13245;-;381.2	18;14447;15199;-;232.4	27;20714;23353;-;258.7	13;9041;11875;-;344.2	36;27168;28592;-;89.2	27;20714;23353;-;88.8	38;29319;29885;-;167.0	23;18045;18683;-;67.0	22;16042;18048;-;259.0	9;6036;7217;-;194.2	34;25987;26556;-;49.7	8;4888;6021;-;67.4	A	9/9	contiguous	24431	1	1	8703..9041-;112;unnamed;0
NZ_CP026158.1	MPF_F	IncFII	110	0	0	GA	0															not_admitted	not_admitted	not_admitted	not_admitted	not_admitted	not_admitted	not_admitted	not_admitted	not_admitted	not_admitted	1	78;70583;71575;-;369.5	68;63431;64804;-;381.7	73;66734;67477;-;234.4	81;72584;75214;-;304.1	67;60612;63434;-;374.0	88;78213;79664;-;94.2	81;72584;75214;-;97.1	90;80379;80945;-;174.3	76;69601;70239;-;68.6	75;67754;69604;-;266.1	63;56061;58340;-;391.0	85;76838;77353;-;78.4	63;56061;58340;-;70.3	A	9/9	contiguous	24318	1	1	60111..60590-;159;TraS;0
NZ_CP026161.1	MPF_F	IncFIA(pBK30683);IncFIB(K)(pCAV1099-114);IncFII(pKP91)	157	0	0	GA	0															not_admitted	not_admitted	not_admitted	not_admitted	not_admitted	not_admitted	not_admitted	not_admitted	not_admitted	not_admitted	1	7;4751;5740;-;360.1	154;163343;164710;-;384.1	1;745;1245;-;107.8	11;7197;9836;-;259.0	153;160521;163343;-;346.4	19;13221;14645;-;89.3	11;7197;9836;-;89.1	21;15372;15938;-;169.3	6;4100;4738;-;64.7	5;2087;3916;-;258.2	149;154961;157273;-;393.1	18;12564;13148;-;54.6	149;154961;157273;-;66.6	A	9/9	split_2	162598	1	1	159896..160498-;200;TraS;0
NZ_CP026163.1	MPF_F	IncFIB(K);IncFII(K)	140	0	0	GA	0															not_admitted	not_admitted	not_admitted	not_admitted	not_admitted	not_admitted	not_admitted	not_admitted	not_admitted	not_admitted	1	138;118809;119801;-;366.6	128;111928;113295;-;381.2	132;114552;115304;-;232.2	6;2927;3388;-;69.4	127;109079;111928;-;344.4	14;6973;8397;-;89.3	2;1099;1878;-;60.8	16;9124;9690;-;167.0	137;118158;118796;-;67.0	136;116144;118099;-;259.2	124;104957;107266;-;392.7	12;5785;6342;-;52.5	124;104957;107266;-;66.6	A	9/9	split_2	117710	1	1	108546..109076-;176;unnamed;0
NZ_CP026169.1	MPF_T	IncN	66	0	0	GA	1	54;48096;48830;+;32.5		57;49473;49790;+;63.3	58;49790;52390;+;113.8	58;49790;52390;+;76.4	59;52408;53121;+;105.5	61;53372;54412;+;142.4		62;54631;55329;+;131.9	63;55340;56224;+;159.7	64;56224;57384;+;156.3	65;57426;58421;+;81.2	15;20008;21537;-;38.5		pfam	both	A	7/7	canonical	1	0	unscoreable	3	0	0														not_admitted	not_admitted	not_admitted	not_admitted	not_admitted	not_admitted	not_admitted
NZ_CP026171.1	MPF_F	IncHI1A(NDM-CIT);IncHI1B(pNDM-CIT)	374	1	1	GA	1		62;66612;66995;+;86.7	63;66992;67264;+;32.1	64;67276;69726;+;42.3	64;67276;69726;+;138.4	65;69723;70460;+;223.0	67;70796;72160;+;179.3		68;72190;72894;+;232.3	69;72891;73883;+;222.5	70;73886;75166;+;204.5	61;65548;66615;+;117.4	59;63075;65090;+;346.4	357;320751;323927;-;57.9	conjscan	conjscan_only	A	7/7	canonical	1	0	unscoreable	3	0	1	358;323946;325001;-;278.1	202;180481;181896;+;200.0	201;179445;180491;+;166.2	1;2204;4885;-;156.8	203;181905;185894;+;103.1	70;73886;75166;+;204.5	1;2204;4885;-;70.8	8;10258;11043;-;69.5	360;325146;326654;-;62.3	357;320751;323927;-;57.9	59;63075;65090;+;105.6	2;4894;5844;-;45.4	59;63075;65090;+;99.4	A	9/9	split_4	322942	0	1	
NZ_CP026172.1	MPF_F	IncFIB(pNDM-Mar);IncHI1B(pNDM-MAR)	275	0	0	GA	0															not_admitted	not_admitted	not_admitted	not_admitted	not_admitted	not_admitted	not_admitted	not_admitted	not_admitted	not_admitted	1	13;13876;14913;+;282.3	110;101493;102902;-;190.4	111;102892;103929;-;177.2	1;328;3045;+;149.6	109;100469;101491;-;68.3	272;240812;242182;+;63.4	1;328;3045;+;85.2	269;238306;239166;+;78.1	12;12518;13879;+;69.9	16;18151;19305;+;26.1	118;111128;113254;+;57.7	0;32;283;+;42.7	118;111128;113254;+;41.0	A	9/9	split_3	240780	1	1	99479..100402-;307;unnamed;0
NZ_CP026174.1	MPF_F	IncFII(pBK30683)	110	0	0	GA	0															not_admitted	not_admitted	not_admitted	not_admitted	not_admitted	not_admitted	not_admitted	not_admitted	not_admitted	not_admitted	1	13;9904;10896;-;362.9	0;999;2369;-;383.8	4;3571;4323;-;232.9	16;11922;14561;-;259.1	109;91824;93668;-;82.8	28;19441;20865;-;88.4	16;11922;14561;-;83.9	30;21592;22158;-;169.3	9;7226;7873;-;65.7	8;5212;7167;-;255.2	106;87767;90079;-;393.1	24;17194;17655;-;35.7	106;87767;90079;-;66.6	A	9/9	split_2	90825	1	1	91136..91807-;223;unnamed;0
NZ_CP026175.1	MPF_F	Col440I;IncFIB(K)	218	0	0	GA	0															not_admitted	not_admitted	not_admitted	not_admitted	not_admitted	not_admitted	not_admitted	not_admitted	not_admitted	not_admitted	1	91;70362;71351;+;366.6	101;76898;78265;+;382.0	97;74888;75640;+;233.7	87;66280;68919;+;258.5	102;78265;81114;+;346.4	77;60885;62309;+;89.2	87;66280;68919;+;88.7	75;59592;60158;+;169.3	92;71364;72002;+;67.0	93;72061;74016;+;259.2	110;84768;86951;+;393.3	78;62423;63007;+;54.3	110;84768;86951;+;66.8	A	9/9	contiguous	25176	1	1	81117..81647+;176;unnamed;0
NZ_CP026179.1	MPF_T	IncFIA(HI1);IncFII(K);IncFII(pAR0022);IncN	260	0	0	GA	0															not_admitted	not_admitted	not_admitted	not_admitted	not_admitted	not_admitted	not_admitted	not_admitted	not_admitted	not_admitted	1	150;145826;146824;-;370.2	145;140734;142098;-;350.2	147;142693;143463;-;204.8	153;147862;150483;-;216.9	144;137861;140731;-;243.4	156;151443;152774;-;85.3	153;147862;150483;-;92.2	158;153480;154055;-;87.7	149;145428;145856;-;64.0	148;143463;145400;-;231.2	142;135026;137158;-;376.5	154;150492;151022;-;34.9	52;44104;45633;-;69.1	A	9/9	split_2	109376	1	1	137289..137852-;187;unnamed;0
NZ_CP026181.1	MPF_F	IncFII(pBK30683)	113	0	0	GA	0															not_admitted	not_admitted	not_admitted	not_admitted	not_admitted	not_admitted	not_admitted	not_admitted	not_admitted	not_admitted	1	47;33069;34061;+;362.9	60;41596;42966;+;383.8	56;39642;40394;+;232.9	44;29404;32043;+;259.1	63;44544;47195;+;302.4	34;24166;25590;+;88.4	44;29404;32043;+;83.9	32;22873;23439;+;169.3	51;36092;36739;+;65.7	52;36798;38753;+;255.2	66;48940;51252;+;393.1	36;26202;26771;+;53.7	66;48940;51252;+;66.6	A	9/9	contiguous	26067	1	1	47212..47883+;223;unnamed;0
NZ_CP026184.1	MPF_T	IncN3	74	0	0	GA	1	28;18263;19045;+;33.0	30;19292;19588;+;36.0	31;19628;19945;+;71.9	32;19946;21370;+;119.4	32;19946;21370;+;75.6	35;23601;24302;+;99.8	37;24571;25608;+;122.7	38;25685;25816;+;40.1	39;25827;26522;+;132.6	40;26533;27420;+;151.1	41;27420;28553;+;166.3	43;29670;30671;+;90.0	49;36359;37891;-;48.1		pfam	both	A	7/7	canonical	1	0	ga	10	0	0														not_admitted	not_admitted	not_admitted	not_admitted	not_admitted	not_admitted	not_admitted
NZ_CP026186.1	MPF_F	IncFIB(pNDM-Mar);RepB	394	0	0	GA	0															not_admitted	not_admitted	not_admitted	not_admitted	not_admitted	not_admitted	not_admitted	not_admitted	not_admitted	not_admitted	1	71;67323;68360;-;282.3	297;270694;272103;+;190.4	296;269667;270704;+;176.1	83;79192;81909;-;148.9	298;272105;276073;+;121.3	87;84022;85392;-;65.6	83;79192;81909;-;85.2	90;87038;87898;-;79.0	72;68357;69718;-;69.9	70;64131;67313;-;60.1	289;260342;262468;-;58.0	84;81954;82691;-;56.9	289;260342;262468;-;40.6	A	9/9	split_2	207974	0	1	
NZ_CP026200.1	MPF_T	IncY	101	0	0	GA	1	58;61426;62088;-;48.3	57;61116;61415;-;36.6	56;58356;61106;-;61.8	56;58356;61106;-;132.4	56;58356;61106;-;47.3	55;57621;58337;-;137.0	53;56300;57307;-;137.8		51;55404;56090;-;158.3	50;54518;55411;-;147.4	49;53325;54521;-;134.7	48;52272;53321;-;71.5	41;45627;47534;-;24.4		pfam	pfam_only	A	7/7	canonical	1	1	unscoreable	8	0	0														not_admitted	not_admitted	not_admitted	not_admitted	not_admitted	not_admitted	not_admitted
NZ_CP026201.1	MPF_F	IncFII	102	0	0	GA	0															not_admitted	not_admitted	not_admitted	not_admitted	not_admitted	not_admitted	not_admitted	not_admitted	not_admitted	not_admitted	1	101;99484;100476;+;369.3	7;4549;5922;+;381.0	2;2186;2959;+;234.0	98;95845;98475;+;303.5	8;5919;8744;+;386.0	91;91140;92567;+;94.3	98;95845;98475;+;98.5	89;89859;90425;+;183.8		0;131;1939;+;268.0	11;10248;12455;+;391.7	95;93695;94210;+;78.6	11;10248;12455;+;70.3	B	8/9	split_2	99353	1	1	8741..9250+;169;unnamed;0
NZ_CP026204.1	MPF_T	IncX5	89	0	0	GA	1	13;12439;13083;-;42.4	12;12165;12455;-;69.0	11;9384;12143;-;42.6	11;9384;12143;-;132.2	11;9384;12143;-;70.5	10;8642;9376;-;55.1	8;7312;8367;-;132.8		7;6343;7071;-;120.9	6;5409;6338;-;134.2	5;4201;5412;-;136.9	4;3146;4189;-;64.1	3;1308;3143;-;504.8		pfam	pfam_only	A	7/7	canonical	1	1	unscoreable	1	0	0														not_admitted	not_admitted	not_admitted	not_admitted	not_admitted	not_admitted	not_admitted
NZ_CP026205.1	MPF_T	IncN3	89	0	0	GA	1	19;17968;18750;-;33.0	17;17425;17721;-;36.0	16;17068;17385;-;71.9	15;14494;17067;-;117.9	15;14494;17067;-;74.2	14;13777;14478;-;99.8	12;12471;13508;-;122.7	11;12263;12394;-;40.1	10;11557;12252;-;132.6	9;10659;11546;-;151.1	8;9526;10659;-;166.3	7;8474;9475;-;90.0	1;1254;2786;+;48.1		pfam	both	A	7/7	canonical	1	0	ga	7	0	0														not_admitted	not_admitted	not_admitted	not_admitted	not_admitted	not_admitted	not_admitted
NZ_CP026206.1	MPF_T	IncFIB(K);pESA2	216	0	0	GA	1	36;26047;26757;+;48.1	37;26754;27059;+;73.1	38;27072;29810;+;49.1	38;27072;29810;+;153.1	38;27072;29810;+;34.5	39;29828;30535;+;143.2	41;30789;31862;+;160.6		43;32083;32766;+;197.2	44;32766;33671;+;154.7	45;33707;34957;+;147.0	46;34947;35972;+;66.2	50;37825;39561;+;39.3		pfam	pfam_only	A	7/7	canonical	1	1	unscoreable	5	0	0														not_admitted	not_admitted	not_admitted	not_admitted	not_admitted	not_admitted	not_admitted
NZ_CP026207.1	MPF_F	IncC	252	0	0	GA	0															not_admitted	not_admitted	not_admitted	not_admitted	not_admitted	not_admitted	not_admitted	not_admitted	not_admitted	not_admitted	1	135;96393;97400;+;332.9	248;195830;197263;+;339.2	247;194788;195828;+;221.6	130;91194;93641;+;354.5	249;197276;200890;+;375.3	125;82322;83638;+;135.0	130;91194;93641;+;128.3	123;80798;81424;+;92.7	133;94463;95728;+;67.9	136;97516;100314;+;145.3	114;75123;76988;+;47.3	126;83635;84213;+;100.2	114;75123;76988;+;52.0	A	9/9	split_2	122153	0	1	
NZ_CP026208.1	MPF_F	IncHI1A(NDM-CIT);IncHI1B(pNDM-CIT)	309	1	1	GA	1		78;52755;53138;-;86.7	190;174574;174843;-;32.5	76;50024;52474;-;42.3	76;50024;52474;-;138.4	188;171371;172114;-;226.6	73;47590;48954;-;179.3		185;168945;169649;-;235.9	71;45867;46859;-;224.4	183;166673;167953;-;208.0	192;175223;176293;-;118.3	81;54660;56675;-;346.4	154;138394;141570;+;57.9	conjscan	conjscan_only	A	7/7	canonical	1	0	unscoreable	6	0	1	153;137668;138375;+;214.6	295;281686;283101;-;200.0	296;283091;284137;-;168.3	136;116143;118824;+;156.8	294;277688;281677;-;103.1	183;166673;167953;-;208.0	136;116143;118824;+;73.5	129;109985;110770;+;69.5	151;135667;137175;+;62.3	154;138394;141570;+;57.9	81;54660;56675;-;105.6	135;115184;116134;+;45.4	81;54660;56675;-;99.4	A	9/9	split_4	228431	0	1	
NZ_CP026212.1	MPF_F	IncFII(K);repB(R1701)	146	0	0	GA	0															not_admitted	not_admitted	not_admitted	not_admitted	not_admitted	not_admitted	not_admitted	not_admitted	not_admitted	not_admitted	1	19;18490;19482;-;362.9	6;9603;10973;-;383.8	10;12175;12927;-;233.2	22;20508;23147;-;259.1	3;5356;8025;-;302.4	32;26949;28373;-;89.2	22;20508;23147;-;83.9	34;29100;29666;-;168.4	15;15813;16460;-;65.7	14;13799;15754;-;259.7	0;1494;3803;-;393.1	30;25768;26337;-;55.3	0;1494;3803;-;66.6	A	9/9	contiguous	27606	1	1	4812..5345-;177;unnamed;0
NZ_CP026213.1	MPF_T	pKPC-CAV1321	283	0	0	GA	1	200;153405;154139;+;32.5		203;154782;155099;+;63.3	204;155099;156946;+;114.6	204;155099;156946;+;77.1	218;170488;171201;-;105.5	216;169197;170237;-;142.4		215;168280;168978;-;131.9	214;167385;168269;-;159.7	213;166225;167385;-;156.3	245;191274;192269;-;81.2			pfam	both	B	6/7	uncallable	0	0	unscoreable	10	0	0														not_admitted	not_admitted	not_admitted	not_admitted	not_admitted	not_admitted	not_admitted
NZ_CP026221.1	-	-	195	0	0	GA	0															not_admitted	not_admitted	not_admitted	not_admitted	not_admitted	not_admitted	not_admitted	not_admitted	not_admitted	not_admitted	1	122;105135;106145;+;102.0			119;101449;104412;+;144.6	128;110129;111598;+;58.6		119;101449;104412;+;34.0				35;34621;36300;+;28.1		35;34621;36300;+;50.2	D	3/9	split_2	75508	0	0	
NZ_CP026225.1	MPF_F	IncC	212	0	0	GA	0															not_admitted	not_admitted	not_admitted	not_admitted	not_admitted	not_admitted	not_admitted	not_admitted	not_admitted	not_admitted	1	120;89302;90309;+;332.9	0;211;1644;+;339.2		115;84103;86550;+;354.5	1;1657;5271;+;372.7	110;75231;76547;+;135.0	115;84103;86550;+;128.3	108;73707;74333;+;92.7	118;87372;88637;+;67.9	121;90425;93223;+;145.3	99;68032;69897;+;47.3	111;76544;77122;+;100.2	99;68032;69897;+;52.0	B	8/9	split_2	90214	0	1	
NZ_CP026227.1	MPF_T	IncU	50	0	0	GA	1		49;50774;51097;-;66.6	48;50436;50756;-;82.6	47;47992;50439;-;158.4	47;47992;50439;-;86.2	46;47351;47995;-;105.7	44;46025;47035;-;161.6		42;44955;45704;-;157.6	41;44119;44952;-;208.0	40;42905;44119;-;188.0	39;41899;42927;-;90.4	38;40008;41933;-;408.7		pfam	both	A	7/7	canonical	1	0	unscoreable	2	0	0														not_admitted	not_admitted	not_admitted	not_admitted	not_admitted	not_admitted	not_admitted
NZ_CP026233.1	MPF_F	IncC	251	0	0	GA	0															not_admitted	not_admitted	not_admitted	not_admitted	not_admitted	not_admitted	not_admitted	not_admitted	not_admitted	not_admitted	1	3;4464;5471;-;332.9	130;97285;98718;-;339.2	131;98720;99760;-;221.6	8;8223;10670;-;354.5	129;93658;97272;-;375.3	13;18226;19542;-;135.0	8;8223;10670;-;128.3	15;20440;21066;-;92.7	5;6136;7401;-;67.9	2;1550;4348;-;145.3	24;24876;26741;-;47.3	12;17651;18229;-;100.2	24;24876;26741;-;52.0	A	9/9	split_2	97170	0	1	
NZ_CP026234.1	MPF_T	pKPC-CAV1321	349	0	0	GA	0															not_admitted	not_admitted	not_admitted	not_admitted	not_admitted	not_admitted	not_admitted	not_admitted	not_admitted	not_admitted	1				188;134211;135191;-;179.8		297;239230;240450;-;216.3		194;141099;141725;-;87.1		186;130542;133145;-;136.9	201;145339;147315;-;22.7	191;137856;138422;-;71.6	201;145339;147315;-;33.5	D	4/9	split_2	108688	0	1	
NZ_CP026241.1	MPF_F	IncFIB(pB171);IncFII(Yp);IncFII(pAR0022)	226	0	0	GA	0															not_admitted	not_admitted	not_admitted	not_admitted	not_admitted	not_admitted	not_admitted	not_admitted	not_admitted	not_admitted	1	19;22739;23725;-;368.4	11;16656;18026;-;376.7	15;19243;19992;-;218.2	22;24719;27349;-;285.5	10;13834;16656;-;336.5	28;29377;30771;-;90.9	22;24719;27349;-;98.6	30;31488;32054;-;169.9	18;22093;22722;-;66.9	17;20243;22096;-;257.4	7;10298;12499;-;384.8	27;28816;29355;-;64.9	7;10298;12499;-;63.9	A	9/9	contiguous	21190	1	1	13381..13812-;143;TraS;0
NZ_CP026242.1	MPF_F	IncHI1A(NDM-CIT);IncHI1B(pNDM-CIT)	389	1	1	GA	1		196;171431;171814;-;86.7	195;171162;171434;-;32.1	194;168700;171150;-;42.3	194;168700;171150;-;138.4	193;167966;168703;-;223.0	191;166266;167630;-;179.3		190;165532;166236;-;232.3	189;164543;165535;-;224.4	188;163260;164540;-;204.5	197;171811;172878;-;117.4	199;173336;175351;-;346.4	274;255769;258945;+;57.9	conjscan	conjscan_only	A	7/7	canonical	1	0	unscoreable	3	0	1	273;254695;255750;+;278.1	50;49526;50941;-;200.0	51;50931;51977;-;166.2	256;233562;236243;+;156.8	49;45528;49517;-;103.1	188;163260;164540;-;204.5	256;233562;236243;+;70.8	249;227404;228189;+;69.5	271;253042;254550;+;62.3	274;255769;258945;+;57.9	199;173336;175351;-;105.6	255;232603;233553;+;45.4	199;173336;175351;-;99.4	A	9/9	split_3	210241	0	1	
NZ_CP026267.1	MPF_T	-	56	0	0	GA	1		47;46260;46622;-;75.7	46;45968;46267;-;59.8	45;43520;45964;-;161.6	45;43520;45964;-;123.1	44;42748;43548;-;59.5	42;41392;42558;-;110.8		41;40721;41383;-;124.4	40;39877;40701;-;186.5	38;38106;39410;-;220.8	48;46612;47580;-;139.0			conjscan	conjscan_only	B	6/7	canonical	1	0	unscoreable	3	0	0														not_admitted	not_admitted	not_admitted	not_admitted	not_admitted	not_admitted	not_admitted
NZ_CP026313.1	MPF_T	-	127	0	0	GA	1				63;66252;68477;-;22.2											none	none	D	1/7	uncallable	0	0	unscoreable	0	0	0														not_admitted	not_admitted	not_admitted	not_admitted	not_admitted	not_admitted	not_admitted
NZ_CP026333.1	MPF_F	-	435	0	0	GA	0															not_admitted	not_admitted	not_admitted	not_admitted	not_admitted	not_admitted	not_admitted	not_admitted	not_admitted	not_admitted	1	408;362455;363492;+;310.6	433;387415;388866;+;272.6	432;386415;387425;+;227.0	429;382754;385201;+;164.2	434;388876;394371;+;229.5	426;380470;381672;+;123.4	429;382754;385201;+;112.9	424;378999;379631;+;107.3	409;363440;364171;+;98.4	7;6241;7872;+;239.1	420;375128;376888;-;33.2	427;381687;382295;+;78.9	420;375128;376888;-;25.1	A	9/9	split_2	382635	0	1	
NZ_CP026369.1	MPF_F	repFIB;repHI5B	265	0	0	GA	0															not_admitted	not_admitted	not_admitted	not_admitted	not_admitted	not_admitted	not_admitted	not_admitted	not_admitted	not_admitted	1	116;94470;95507;+;282.2	248;220662;222104;-;188.6	249;222061;223098;-;172.0	105;80884;83601;+;143.5	247;216707;220660;-;119.0	101;77394;78761;+;63.7	105;80884;83601;+;80.6	98;74879;75739;+;73.9	115;93112;94473;+;71.7	117;95522;98698;+;58.7	256;230338;232464;+;62.0	104;80098;80835;+;56.3	256;230338;232464;+;39.7	A	9/9	split_2	155459	0	1	
NZ_CP026371.1	MPF_F	IncFII(K);repB(R1701)	153	0	0	GA	0															not_admitted	not_admitted	not_admitted	not_admitted	not_admitted	not_admitted	not_admitted	not_admitted	not_admitted	not_admitted	1	98;77817;78809;+;362.9	111;86327;87697;+;383.8	107;84373;85125;+;233.7	95;74152;76791;+;258.5	112;87697;90570;+;347.6	87;69534;70958;+;89.2	95;74152;76791;+;88.7	85;68241;68807;+;168.9	102;80840;81487;+;66.0	103;81546;83501;+;259.7	115;92123;94432;+;392.7	88;71072;71656;+;54.4	115;92123;94432;+;66.6	A	9/9	contiguous	23882	1	1	90581..91114+;177;unnamed;0
NZ_CP026382.1	MPF_T	-	78	0	0	GA	1	28;21251;21928;+;25.4	18;10944;11330;+;48.8	19;11332;11664;+;35.9	20;11661;14195;+;99.6	20;11661;14195;+;108.7	25;18188;18970;+;64.5	27;19236;21254;+;127.0		21;14192;14911;+;162.4	22;14927;15853;+;176.0	24;16760;18169;+;216.1	17;9972;10931;+;123.1	75;62851;64782;-;462.0		conjscan	conjscan_only	A	7/7	canonical	1	0	unscoreable	3	0	0														not_admitted	not_admitted	not_admitted	not_admitted	not_admitted	not_admitted	not_admitted
NZ_CP026384.1	MPF_T	IncFII(pMET)	50	0	0	GA	1	30;21031;21741;+;47.5	31;21738;22043;+;73.6	32;22056;24794;+;49.1	32;22056;24794;+;151.9	32;22056;24794;+;32.2	33;24812;25513;+;142.6	35;25761;26831;+;165.0		37;27053;27736;+;193.9	38;27736;28641;+;153.1	39;28688;29938;+;144.1	40;29928;30953;+;66.1	44;32808;34544;+;46.8		pfam	pfam_only	A	7/7	canonical	1	1	unscoreable	5	0	0														not_admitted	not_admitted	not_admitted	not_admitted	not_admitted	not_admitted	not_admitted
NZ_CP026388.1	MPF_T	IncFII(pCTU2)	32	0	0	GA	1	18;18539;19249;+;45.1	19;19246;19524;+;68.0	20;19537;22281;+;47.6	20;19537;22281;+;143.2	20;19537;22281;+;44.2	21;22297;23004;+;133.3	23;23258;24331;+;164.5		25;24540;25223;+;190.9	26;25223;26128;+;151.7	27;26171;27457;+;144.1	28;27454;28479;+;69.0	31;30467;32203;+;48.2		pfam	pfam_only	A	7/7	canonical	1	1	unscoreable	4	0	0														not_admitted	not_admitted	not_admitted	not_admitted	not_admitted	not_admitted	not_admitted
NZ_CP026389.1	MPF_T	IncN	61	0	0	GA	1	57;48589;49323;+;32.5		60;49966;50283;+;63.3	0;64;2550;+;113.9	0;64;2550;+;73.5	1;2568;3281;+;105.5	3;3532;4572;+;142.4		4;4791;5489;+;131.9	5;5500;6384;+;159.7	6;6384;7544;+;156.3	7;7586;8581;+;81.2	18;20985;22514;-;38.5		pfam	both	A	7/7	canonical	1	0	unscoreable	3	0	0														not_admitted	not_admitted	not_admitted	not_admitted	not_admitted	not_admitted	not_admitted
NZ_CP026391.1	MPF_F	IncHI1A(NDM-CIT);IncHI1B(pNDM-CIT)	360	1	1	GA	1		10;9164;9547;-;86.7	9;8895;9167;-;32.1	8;6433;8883;-;42.3	8;6433;8883;-;138.4	7;5699;6436;-;223.0	5;3999;5363;-;179.3		4;3265;3969;-;232.3	3;2276;3268;-;224.4	2;993;2273;-;204.5	11;9544;10611;-;117.4	13;11069;13084;-;346.4	91;94636;97812;+;57.9	conjscan	conjscan_only	A	7/7	canonical	1	0	unscoreable	3	0	1	90;93562;94617;+;278.1	208;188258;189673;+;200.0	207;187222;188268;+;166.2	72;72429;73580;+;138.6	209;189682;193671;+;103.1	2;993;2273;-;204.5	73;73614;75110;+;74.3	65;66271;67056;+;69.5	88;91909;93417;+;62.3	91;94636;97812;+;57.9	13;11069;13084;-;105.6	71;71470;72420;+;45.4	13;11069;13084;-;99.4	A	9/9	split_3	188689	0	1	
NZ_CP026396.1	MPF_F	IncFII(K);repB(R1701)	146	0	0	GA	0															not_admitted	not_admitted	not_admitted	not_admitted	not_admitted	not_admitted	not_admitted	not_admitted	not_admitted	not_admitted	1	75;91465;92454;-;363.3	65;84551;85918;-;382.6	69;87176;87928;-;233.7	79;93911;96550;-;258.5	64;81702;84551;-;345.6	87;99807;101231;-;88.8	79;93911;96550;-;87.7	89;101958;102524;-;169.3	74;90814;91452;-;66.0	73;88800;90755;-;259.7	60;76905;79217;-;392.7	86;99109;99693;-;55.4	60;76905;79217;-;66.5	A	9/9	contiguous	25053	1	1	81141..81689-;182;unnamed;0
NZ_CP026397.1	MPF_F	IncFII(K);IncFII(pAR0022);IncR	242	0	0	GA	0															not_admitted	not_admitted	not_admitted	not_admitted	not_admitted	not_admitted	not_admitted	not_admitted	not_admitted	not_admitted	1	39;41071;42060;-;366.6	29;34187;35554;-;381.2	33;36811;37563;-;231.5	43;43503;46142;-;256.8	28;31338;34187;-;345.0	51;49337;50761;-;89.2	43;43503;46142;-;88.8	53;51488;52054;-;169.3	38;40420;41058;-;67.0	37;38406;40361;-;259.2	23;26566;28878;-;393.1	50;48639;49223;-;54.3	23;26566;28878;-;66.6	A	9/9	contiguous	24922	1	1	30805..31335-;176;unnamed;0
NZ_CP026398.1	MPF_F	IncFIB(pNDM-Mar);IncHI1B(pNDM-MAR)	272	0	0	GA	0															not_admitted	not_admitted	not_admitted	not_admitted	not_admitted	not_admitted	not_admitted	not_admitted	not_admitted	not_admitted	1	124;106982;108019;+;282.3	219;198830;200239;-;190.4	220;200229;201266;-;177.2	112;93434;96151;+;149.6	218;197806;198828;-;68.3	108;89951;91321;+;63.4	112;93434;96151;+;85.2	105;87445;88305;+;78.1	123;105624;106985;+;69.9	125;108029;111211;+;59.4	227;208465;210591;+;57.7	111;92652;93389;+;56.9	227;208465;210591;+;41.0	A	9/9	split_2	121020	1	1	196816..197739-;307;unnamed;0
NZ_CP026400.1	MPF_T	IncX5	68	0	0	GA	1	36;31470;32114;-;36.9	35;31196;31486;-;69.0	34;28415;31174;-;42.6	34;28415;31174;-;132.2	34;28415;31174;-;70.5	33;27658;28407;-;54.3	31;26324;27379;-;135.2		30;25356;26084;-;120.9	29;24422;25351;-;134.2	28;23214;24425;-;136.6		18;12377;14212;-;504.8		pfam	pfam_only	B	6/7	canonical	1	1	unscoreable	10	0	0														not_admitted	not_admitted	not_admitted	not_admitted	not_admitted	not_admitted	not_admitted
NZ_CP026403.1	MPF_F	IncFII	124	0	0	GA	0															not_admitted	not_admitted	not_admitted	not_admitted	not_admitted	not_admitted	not_admitted	not_admitted	not_admitted	not_admitted	1	71;52208;53200;+;368.8	84;59553;60929;+;380.7	77;56599;57342;+;235.0	68;48572;51199;+;304.7	85;60926;63751;+;385.4	62;45234;46661;+;95.5	68;48572;51199;+;96.3	60;43953;44519;+;183.8	72;53209;53847;+;68.1	75;54559;56322;+;268.4	88;65254;67443;+;391.6	65;47542;48057;+;78.0	88;65254;67443;+;70.3	A	9/9	contiguous	21301	1	1	63748..64257+;169;unnamed;0
NZ_CP026405.1	MPF_F	IncC	238	0	0	GA	0															not_admitted	not_admitted	not_admitted	not_admitted	not_admitted	not_admitted	not_admitted	not_admitted	not_admitted	not_admitted	1	149;119602;120609;-;332.9	47;30274;31707;-;339.2	48;31709;32749;-;221.6	154;123361;125808;-;354.5	46;26647;30261;-;375.3	159;133364;134680;-;135.0	154;123361;125808;-;128.3	161;135578;136204;-;92.7	151;121274;122539;-;67.9	148;116688;119486;-;145.3	170;140014;141879;-;47.3	158;132789;133367;-;100.2	170;140014;141879;-;52.0	A	9/9	split_2	113367	0	1	
NZ_CP026425.1	MPF_T	-	46	0	0	GA	1	18;14169;14879;+;101.0	19;14890;15183;+;41.2		20;15195;17906;+;78.0	20;15195;17906;+;57.1	21;17903;18544;+;71.2	8;5249;6334;+;71.0		9;6334;7122;+;74.6	10;7137;7874;+;149.0	11;7876;9255;+;180.8	12;9271;10308;+;92.0	16;12388;13905;+;35.6		pfam	both	A	7/7	rearranged	1	0	unscoreable	3	0	0														not_admitted	not_admitted	not_admitted	not_admitted	not_admitted	not_admitted	not_admitted
NZ_CP026476.1	MPF_T	ColKP3;IncX3	65	0	0	GA	1	12;6866;7510;+;46.4	13;7494;7784;+;73.1	14;7809;10562;+;47.0	14;7809;10562;+;142.4	14;7809;10562;+;73.3	15;10572;11342;+;60.1	17;11621;12676;+;132.8		18;12871;13599;+;119.4	19;13605;14534;+;138.8	20;14531;15745;+;128.3	22;15941;16975;+;65.7	23;16978;18813;+;495.9		pfam	pfam_only	A	7/7	canonical	1	1	unscoreable	2	0	0														not_admitted	not_admitted	not_admitted	not_admitted	not_admitted	not_admitted	not_admitted
NZ_CP026492.1	MPF_F	IncHI2;IncHI2A;IncN	289	0	0	GA	0															not_admitted	not_admitted	not_admitted	not_admitted	not_admitted	not_admitted	not_admitted	not_admitted	not_admitted	not_admitted	1	158;137836;138894;-;276.9	266;240270;241685;+;194.1	265;239234;240280;+;174.3	174;158217;160898;-;168.0	267;241694;245647;+;101.7	178;163228;164583;-;80.7	174;158217;160898;-;72.2	181;166307;167095;-;74.8	160;139036;140547;-;62.0	157;134629;137817;-;57.3	258;230108;232192;-;56.8	175;160907;161857;-;46.1	258;230108;232192;-;38.8	A	9/9	split_2	107065	1	1	245828..247117+;429;unnamed;0
NZ_CP026494.1	MPF_F	IncFIB(AP001918);IncFIC(FII)	208	0	0	GA	0															not_admitted	not_admitted	not_admitted	not_admitted	not_admitted	not_admitted	not_admitted	not_admitted	not_admitted	not_admitted	1	145;145142;146134;-;369.3	134;138123;139496;-;380.9	141;141670;142413;-;235.0	148;147143;149770;-;305.4	133;135301;138126;-;385.2	153;151825;153252;-;94.3	148;147143;149770;-;98.5	155;153967;154533;-;184.4	144;144495;145133;-;68.4	143;142690;144498;-;268.0	130;131644;133797;-;391.9	149;150286;150801;-;78.0	130;131644;133797;-;70.4	A	9/9	contiguous	22323	1	1	134795..135304-;169;unnamed;0
NZ_CP026496.1	MPF_T	IncN	74	0	0	GA	1	21;17779;18513;-;32.5		18;16819;17136;-;63.3	17;14219;16819;-;113.8	17;14219;16819;-;76.4	16;13488;14201;-;105.5	14;12197;13237;-;142.4		13;11280;11978;-;131.9	12;10385;11269;-;159.7	11;9225;10385;-;156.3	10;8188;9183;-;81.2	52;43423;44952;-;38.5		pfam	both	A	7/7	canonical	1	0	unscoreable	3	0	0														not_admitted	not_admitted	not_admitted	not_admitted	not_admitted	not_admitted	not_admitted
NZ_CP026509.1	MPF_T	-	41	0	0	GA	1				6;5536;7554;-;25.2									0;1;1512;-;463.6		none	none	D	2/7	uncallable	0	0	unscoreable	5	0	0														not_admitted	not_admitted	not_admitted	not_admitted	not_admitted	not_admitted	not_admitted
NZ_CP026526.1	MPF_T	-	1574	0	0	GA	1		1059;1004286;1004585;-;87.9	1058;1003940;1004281;-;105.8	1057;1001569;1003965;-;172.4	1057;1001569;1003965;-;108.5	1056;1000868;1001569;-;198.9	1054;999698;1000633;-;160.3		1052;998711;999382;-;214.7	1051;997857;998711;-;183.4	1050;996675;997847;-;180.8	1205;1156722;1158215;-;213.4	907;854369;856288;-;333.2		pfam	both	A	7/7	canonical	1	0	unscoreable	2	0	0														not_admitted	not_admitted	not_admitted	not_admitted	not_admitted	not_admitted	not_admitted
NZ_CP026529.1	MPF_T	-	222	0	0	GA	1	127;128802;129890;-;100.5	130;132652;132990;-;75.5	129;132349;132648;-;77.2	84;85083;87452;+;205.0	128;129887;132346;-;94.5	126;128089;128790;-;39.2	124;126828;127856;-;144.5		123;126093;126788;-;182.0	122;125287;126096;-;197.7	121;124076;125287;-;206.5	120;123067;124095;-;134.8	99;99383;100951;-;487.1		pfam	pfam_only	A	7/7	uncallable	0	0	unscoreable	11	0	0														not_admitted	not_admitted	not_admitted	not_admitted	not_admitted	not_admitted	not_admitted
NZ_CP026547.1	-	-	211	0	0	GA	1	52;60707;61390;+;41.1	179;144143;144490;+;33.7		181;144895;147420;+;25.2	181;144895;147420;+;94.5	186;149849;150592;+;37.2			189;152638;153348;+;111.1	190;153374;154273;+;139.6	191;154273;155751;+;148.1	170;135702;137288;-;175.1	51;58229;60607;+;321.1		conjscan	conjscan_only	B	6/7	uncallable	0	0	unscoreable	21	0	0														not_admitted	not_admitted	not_admitted	not_admitted	not_admitted	not_admitted	not_admitted
NZ_CP026560.1	MPF_T	-	52	0	0	GA	1	34;32174;32899;-;33.9			31;28937;31369;-;71.4		30;28254;28940;-;55.5	28;26926;27858;-;130.4		27;25725;26513;-;101.3	26;24926;25735;-;138.8	25;23578;24939;-;128.2	24;22510;23568;-;45.5	16;16432;18105;-;245.7		pfam	pfam_only	A	7/7	canonical	1	0	unscoreable	9	0	0														not_admitted	not_admitted	not_admitted	not_admitted	not_admitted	not_admitted	not_admitted
NZ_CP026561.1	MPF_T	-	49	0	0	GA	1	21;17547;18254;+;38.2			24;19017;21491;+;72.4		25;21488;22174;+;56.5	27;22571;23215;+;67.6		29;23878;25179;+;98.0	29;23878;25179;+;92.9	32;26317;26808;+;110.3	33;26943;27875;+;56.2	41;32755;33948;+;191.7		pfam	pfam_only	A	7/7	canonical	1	0	unscoreable	13	0	0														not_admitted	not_admitted	not_admitted	not_admitted	not_admitted	not_admitted	not_admitted
NZ_CP026565.1	MPF_T	-	70	0	0	GA	1	62;65106;65813;-;38.1			60;61869;64421;-;71.6		59;61192;61872;-;55.6	57;60000;60944;-;122.3		56;58800;59588;-;102.2	55;58001;58810;-;137.8	54;56653;58014;-;127.3	53;55585;56643;-;55.9	45;49520;51193;-;242.8		pfam	pfam_only	A	7/7	canonical	1	0	unscoreable	8	0	0														not_admitted	not_admitted	not_admitted	not_admitted	not_admitted	not_admitted	not_admitted
NZ_CP026570.1	MPF_F	IncFIB(S);IncFII(S);IncFII(pAR0022);IncX1	130	0	0	GA	1	115;88010;88480;-;72.2		69;52353;55106;-;47.9	69;52353;55106;-;147.9	69;52353;55106;-;75.3	68;51584;52342;-;68.5	66;50213;51346;-;106.9		65;49254;49967;-;120.0		124;92521;93942;+;90.6				pfam	pfam_only	D	4/7	canonical	1	1	unscoreable	10	0	0														not_admitted	not_admitted	not_admitted	not_admitted	not_admitted	not_admitted	not_admitted
NZ_CP026576.2	MPF_F	IncFII(pHN7A8)	85	0	0	GA	0															not_admitted	not_admitted	not_admitted	not_admitted	not_admitted	not_admitted	not_admitted	not_admitted	not_admitted	not_admitted	1	58;44411;45403;+;369.5	71;52236;53609;+;376.8	66;49927;50670;+;234.4	55;40775;43402;+;301.8	72;53606;56422;+;376.7	50;37293;38720;+;94.1	55;40775;43402;+;101.8	48;36012;36578;+;183.8	61;46349;46987;+;70.4	64;47800;49650;+;265.0	76;58723;61029;+;391.6	54;39744;40259;+;78.0	76;58723;61029;+;70.2	A	9/9	contiguous	22711	1	1	56455..56976+;173;unnamed;0
NZ_CP026577.2	MPF_T	IncX3	57	0	0	GA	1	2;1171;1815;+;46.4	3;1799;2089;+;73.1	4;2114;4867;+;47.0	4;2114;4867;+;142.4	4;2114;4867;+;73.3	5;4877;5647;+;60.1	7;5926;6981;+;133.2		8;7176;7904;+;119.4	9;7910;8839;+;138.8	10;8836;10050;+;128.3	12;10246;11280;+;65.7	13;11283;13118;+;495.9		pfam	pfam_only	A	7/7	canonical	1	1	unscoreable	2	0	0														not_admitted	not_admitted	not_admitted	not_admitted	not_admitted	not_admitted	not_admitted
NZ_CP026578.2	MPF_T	IncFIB(K)	116	0	0	GA	1	88;95640;96302;+;48.3	89;96313;96612;+;36.6	90;96622;99372;+;61.8	90;96622;99372;+;134.0	90;96622;99372;+;47.3	91;99391;100107;+;137.0	93;100421;101428;+;137.8		95;101638;102324;+;157.8	96;102317;103210;+;147.4	97;103207;104403;+;134.7	98;104407;105456;+;71.6	105;110194;112101;+;24.4		pfam	pfam_only	A	7/7	canonical	1	1	unscoreable	8	0	0														not_admitted	not_admitted	not_admitted	not_admitted	not_admitted	not_admitted	not_admitted
NZ_CP026579.1	MPF_F	IncFIB(AP001918);IncFII	116	0	0	GA	0															not_admitted	not_admitted	not_admitted	not_admitted	not_admitted	not_admitted	not_admitted	not_admitted	not_admitted	not_admitted	1	49;49081;50073;-;369.3	41;42973;44346;-;381.0	45;45567;46310;-;235.0	52;51082;53712;-;303.5	39;40155;42839;-;345.4	61;58216;59643;-;94.7	52;51082;53712;-;98.5	63;60358;60924;-;183.8	48;48434;49072;-;68.7	47;46587;48437;-;265.1	35;35709;37880;-;391.8	58;56817;57332;-;76.4	35;35709;37880;-;70.4	A	9/9	contiguous	24649	1	1	39654..40133-;159;TraS;0
NZ_CP026584.1	MPF_F	IncFII(pHN7A8);IncR	193	0	0	GA	0															not_admitted	not_admitted	not_admitted	not_admitted	not_admitted	not_admitted	not_admitted	not_admitted	not_admitted	not_admitted	1	68;54161;55153;+;369.5	81;61986;63359;+;376.8	76;59677;60420;+;234.4	65;50525;53152;+;301.8	82;63356;66172;+;376.7	60;47043;48470;+;94.1	65;50525;53152;+;101.8	58;45762;46328;+;183.8	71;56099;56737;+;70.4	74;57550;59400;+;265.0	86;68473;70698;+;391.7	64;49494;50009;+;77.6	86;68473;70698;+;70.3	A	9/9	contiguous	22711	1	1	66205..66726+;173;unnamed;0
NZ_CP026588.1	MPF_F	IncFII(K);repB(R1701)	153	0	0	GA	0															not_admitted	not_admitted	not_admitted	not_admitted	not_admitted	not_admitted	not_admitted	not_admitted	not_admitted	not_admitted	1	60;44874;45863;+;366.6	70;51410;52777;+;384.0	66;49400;50152;+;233.3	56;40792;43431;+;258.5	71;52777;55626;+;346.4	49;36175;37599;+;89.2	56;40792;43431;+;88.2	47;34882;35448;+;169.3	61;45876;46514;+;66.9	62;46573;48528;+;259.7	75;58088;60400;+;393.1	50;37713;38297;+;53.6	75;58088;60400;+;66.6	A	9/9	contiguous	23206	1	1	55629..56162+;177;unnamed;0
NZ_CP026589.1	MPF_F	IncFII(pHN7A8)	115	0	0	GA	0															not_admitted	not_admitted	not_admitted	not_admitted	not_admitted	not_admitted	not_admitted	not_admitted	not_admitted	not_admitted	1				63;48414;49124;+;111.3		58;44932;46359;+;94.1		56;43651;44217;+;183.8				62;47383;47898;+;77.6		D	3/9	contiguous	4763	0	0	
NZ_CP026590.1	MPF_T	IncN	67	0	0	GA	1	30;21181;21915;+;32.5		33;22558;22875;+;63.3	34;22875;25475;+;113.8	34;22875;25475;+;76.4	35;25493;26206;+;105.5	37;26457;27497;+;142.4		38;27716;28414;+;131.9	39;28425;29309;+;159.7	40;29309;30469;+;156.3	41;30511;31506;+;81.2			pfam	both	B	6/7	canonical	1	0	unscoreable	3	0	0														not_admitted	not_admitted	not_admitted	not_admitted	not_admitted	not_admitted	not_admitted
NZ_CP026642.1	MPF_F	IncHI2;IncHI2A;IncN	281	0	0	GA	0															not_admitted	not_admitted	not_admitted	not_admitted	not_admitted	not_admitted	not_admitted	not_admitted	not_admitted	not_admitted	1	166;143983;145041;-;276.9	280;249355;250770;+;194.1	279;248319;249365;+;174.3	183;164612;167293;-;168.0	0;1;3954;+;101.7	187;169623;170978;-;80.7	183;164612;167293;-;72.2	190;172702;173490;-;74.8	168;145183;146694;-;62.0	165;140776;143964;-;57.3	272;239193;241277;-;56.8	184;167302;168252;-;46.1	272;239193;241277;-;38.8	A	9/9	split_3	249354	1	1	4135..4548+;137;unnamed;0
NZ_CP026644.1	MPF_T	IncI2	85	0	0	GA	1	5;5121;5603;+;81.1		75;54446;54730;+;36.6	76;54736;57093;+;58.5	76;54736;57093;+;42.8	63;48352;48993;+;42.8	62;47351;48346;+;128.5		78;57259;57993;+;144.3	79;57990;58760;+;170.5	80;58750;59889;+;154.7	2;1814;3352;+;207.1	82;60979;62937;+;289.6		pfam	pfam_only	A	7/7	rearranged	1	0	unscoreable	13	1	0														not_admitted	not_admitted	not_admitted	not_admitted	not_admitted	not_admitted	not_admitted
NZ_CP026661.1	MPF_F	IncHI2;IncHI2A	332	0	0	GA	0															not_admitted	not_admitted	not_admitted	not_admitted	not_admitted	not_admitted	not_admitted	not_admitted	not_admitted	not_admitted	1	29;32275;33333;+;276.9	208;199195;200610;-;194.1	209;200600;201646;-;173.7	11;8955;11636;+;168.0	207;195236;199186;-;101.6	7;5270;6625;+;80.7	11;8955;11636;+;72.2	4;2758;3546;+;74.8	27;30622;32133;+;62.7	30;33352;36540;+;58.3	215;208687;210771;+;56.7	10;7996;8946;+;46.4	215;208687;210771;+;38.8	A	9/9	split_3	205929	0	1	
NZ_CP026698.1	MPF_F	IncFIB(pB171);IncFII(Yp);IncFII(pAR0022)	89	0	0	GA	0															not_admitted	not_admitted	not_admitted	not_admitted	not_admitted	not_admitted	not_admitted	not_admitted	not_admitted	not_admitted	1	45;31590;32576;+;368.4	53;37289;38659;+;376.7	49;35323;36072;+;218.2	42;27966;30596;+;285.5	54;38659;41481;+;336.5	36;24544;25938;+;90.9	42;27966;30596;+;98.6	34;23261;23827;+;169.9	46;32593;33222;+;66.9	47;33219;35072;+;257.4	58;43972;46173;+;384.8	37;25960;26499;+;64.9	58;43972;46173;+;63.9	A	9/9	contiguous	20711	1	1	41503..41934+;143;TraS;0
NZ_CP026699.1	-	IncFII(Yp)	46	0	0	GA	0															not_admitted	not_admitted	not_admitted	not_admitted	not_admitted	not_admitted	not_admitted	not_admitted	not_admitted	not_admitted	1	7;6805;7794;+;333.2	14;12459;13844;+;331.5	11;10565;11350;+;194.8	4;3047;5647;+;236.4	15;13841;16888;+;256.7	2;1197;2573;+;85.1	4;3047;5647;+;90.5	0;107;478;+;101.9	8;7871;8632;+;71.1	10;9564;10550;+;230.9	19;18761;21130;+;360.5	3;2583;3047;+;54.8	19;18761;21130;+;68.2	A	9/9	contiguous	18654	1	1	16944..17468+;174;unnamed;0
NZ_CP026701.1	MPF_F	IncFIB(S);IncFII(S);IncFII(pAR0022)	116	0	0	GA	0															not_admitted	not_admitted	not_admitted	not_admitted	not_admitted	not_admitted	not_admitted	not_admitted	not_admitted	not_admitted	1	47;32316;33308;+;366.7	56;38556;39938;+;392.4	53;36775;37524;+;231.0	44;28681;31329;+;314.1	57;39935;42757;+;394.4	36;24727;26148;+;91.5	44;28681;31329;+;97.8	34;23434;24000;+;188.1	49;33620;34258;+;70.6	51;34711;36537;+;271.0	60;44411;46573;+;374.1	39;26954;27469;+;96.7	60;44411;46573;+;72.1	A	9/9	contiguous	20977	1	1	42779..43267+;162;TraS;0
NZ_CP026706.1	MPF_F	-	102	0	0	GA	0															not_admitted	not_admitted	not_admitted	not_admitted	not_admitted	not_admitted	not_admitted	not_admitted	not_admitted	not_admitted	1	1;1832;2875;-;369.2	98;68527;69954;-;325.8	100;70356;71168;-;219.1	5;4437;7163;-;164.6	97;65509;68511;-;208.7	9;8845;10161;-;102.7	5;4437;7163;-;108.4	11;10874;11452;-;83.7	0;1110;1817;-;107.6	101;71161;72093;-;102.4	31;23252;25411;-;381.3	6;7173;7817;-;41.9	31;23252;25411;-;90.0	A	9/9	split_2	70051	1	1	64919..65437-;172;unnamed;0
NZ_CP026712.1	MPF_F	-	104	0	0	GA	0															not_admitted	not_admitted	not_admitted	not_admitted	not_admitted	not_admitted	not_admitted	not_admitted	not_admitted	not_admitted	1	64;44791;45834;-;369.2	59;39381;40808;-;325.8	61;41210;42022;-;219.1	68;47396;50122;-;164.6	58;36363;39365;-;208.7	72;51804;53120;-;102.7	68;47396;50122;-;108.4	74;53833;54411;-;83.7	63;44069;44776;-;107.6	62;42015;44072;-;91.0	96;67097;69256;-;381.3	69;50132;50776;-;41.9	96;67097;69256;-;90.0	A	9/9	contiguous	30734	1	1	35773..36291-;172;unnamed;0
NZ_CP026724.1	MPF_F	IncFIB(pB171);IncFII(pRSB107)	147	0	0	GA	0															not_admitted	not_admitted	not_admitted	not_admitted	not_admitted	not_admitted	not_admitted	not_admitted	not_admitted	not_admitted	1	70;67543;68535;-;369.6	59;60393;61766;-;385.7	65;63694;64437;-;234.1	73;69544;72171;-;304.2	58;57574;60396;-;383.3	79;74056;75507;-;93.9	73;69544;72171;-;97.2	81;76222;76788;-;183.8	68;66561;67199;-;68.7	67;64714;66564;-;266.7	54;53094;55328;-;391.7	76;72687;73202;-;76.4	54;53094;55328;-;70.3	A	9/9	contiguous	23128	1	1	57073..57552-;159;TraS;0
NZ_CP026727.1	MPF_T	ColKP3;IncX3	65	0	0	GA	1	4;2808;3452;+;46.4	5;3436;3726;+;73.1	6;3751;6504;+;47.0	6;3751;6504;+;142.4	6;3751;6504;+;73.3	7;6514;7284;+;60.1	9;7563;8618;+;132.8		10;8813;9541;+;119.4	11;9547;10476;+;138.8	12;10473;11687;+;128.3	14;11883;12917;+;65.7	15;12920;14755;+;495.9		pfam	pfam_only	A	7/7	canonical	1	1	unscoreable	2	0	0														not_admitted	not_admitted	not_admitted	not_admitted	not_admitted	not_admitted	not_admitted
NZ_CP026728.1	MPF_T	IncX4	48	0	0	GA	1	5;2688;3308;+;46.9	6;3322;3648;+;64.4	7;3667;6414;+;62.7	7;3667;6414;+;151.8	7;3667;6414;+;46.1	8;6426;7142;+;94.2	9;7154;8248;+;150.1		11;8763;9449;+;169.2	12;9446;10354;+;143.2	13;10347;11465;+;163.9	14;11467;12495;+;85.0	15;12482;14344;+;317.4		pfam	pfam_only	A	7/7	canonical	1	1	unscoreable	1	0	0														not_admitted	not_admitted	not_admitted	not_admitted	not_admitted	not_admitted	not_admitted
NZ_CP026752.1	MPF_F	IncFIB(K);IncFII(K);IncFII(pAR0022)	211	0	0	GA	0															not_admitted	not_admitted	not_admitted	not_admitted	not_admitted	not_admitted	not_admitted	not_admitted	not_admitted	not_admitted	1	165;149396;150388;+;366.6	175;155924;157291;+;381.2	171;153914;154666;+;233.7	163;145742;148381;+;258.7	176;157291;160140;+;345.6	154;140503;141927;+;89.2	163;145742;148381;+;88.8	152;139210;139776;+;167.0	166;150401;151039;+;67.0	167;151036;153042;+;259.6	180;162626;164938;+;392.7	156;142539;143108;+;49.7	180;162626;164938;+;66.6	A	9/9	contiguous	23416	1	1	160153..160701+;182;unnamed;0
NZ_CP026754.1	MPF_F	IncFIA(HI1);IncFII(29)	106	0	0	GA	0															not_admitted	not_admitted	not_admitted	not_admitted	not_admitted	not_admitted	not_admitted	not_admitted	not_admitted	not_admitted	1	75;65948;66940;-;369.3	64;58929;60302;-;380.7	71;62476;63219;-;234.4	78;67949;70576;-;305.4	63;56107;58932;-;385.5	84;72631;74058;-;94.4	78;67949;70576;-;98.5	86;74773;75339;-;183.8	74;65301;65939;-;68.4	73;63496;65304;-;268.3	60;52423;54603;-;389.8	80;71092;71607;-;78.1	60;52423;54603;-;70.3	A	9/9	contiguous	22350	1	1	55601..56110-;169;unnamed;0
NZ_CP026757.1	MPF_T	IncN	69	0	0	GA	1	5;4100;4834;+;32.5		8;5477;5794;+;63.3	9;5794;8394;+;113.8	9;5794;8394;+;76.4	10;8412;9125;+;105.5	12;9376;10416;+;142.4		13;10635;11333;+;131.9	14;11344;12228;+;159.7	15;12228;13388;+;152.3	16;13430;14425;+;81.2	25;22419;23948;-;38.5		pfam	both	A	7/7	canonical	1	0	unscoreable	11	0	0														not_admitted	not_admitted	not_admitted	not_admitted	not_admitted	not_admitted	not_admitted
NZ_CP026758.1	MPF_T	IncX3	44	0	0	GA	1	3;3826;4470;-;46.4	2;3552;3842;-;73.1	1;774;3527;-;47.1	1;774;3527;-;142.1	1;774;3527;-;66.4	0;9;764;-;60.4	42;31468;32523;-;128.6		41;30545;31273;-;118.7	40;29610;30539;-;139.9	39;28408;29613;-;128.4	38;27368;28396;-;65.4	37;25530;27365;-;495.5		pfam	pfam_only	A	7/7	rearranged	1	1	unscoreable	0	0	0														not_admitted	not_admitted	not_admitted	not_admitted	not_admitted	not_admitted	not_admitted
NZ_CP026759.1	-	-	31	0	0	GA	1	2;1294;1833;+;52.1	4;2784;3143;+;78.5	5;3149;3469;+;36.3	6;3466;5967;+;71.4	6;3466;5967;+;81.2		9;6987;8585;+;76.6		10;8582;9226;+;68.6	11;9238;10152;+;183.7	13;10595;11809;+;204.1	3;1830;2774;+;99.7			none	none	B	6/7	canonical	0	0	unscoreable	3	0	0														not_admitted	not_admitted	not_admitted	not_admitted	not_admitted	not_admitted	not_admitted
NZ_CP026764.1	MPF_T	IncFIB(K)	73	0	0	GA	1	28;23850;24512;-;48.3	27;23540;23839;-;36.6	26;22995;23489;-;43.1	25;21952;22998;-;136.5	26;22995;23489;-;28.1	23;20049;20765;-;137.0	21;18729;19646;-;138.3		20;17834;18652;-;157.5	19;16949;17794;-;147.7	18;15756;16952;-;134.7	17;14703;15752;-;71.5	10;8058;9965;-;24.3		pfam	pfam_only	A	7/7	canonical	1	0	unscoreable	8	0	0														not_admitted	not_admitted	not_admitted	not_admitted	not_admitted	not_admitted	not_admitted
NZ_CP026769.1	MPF_T	-	40	0	0	GA	1	24;18715;19335;-;41.6	23;18375;18701;-;61.9	22;15609;18356;-;62.7	22;15609;18356;-;153.2	22;15609;18356;-;45.6	21;14881;15597;-;93.5	20;13775;14869;-;150.1		18;12574;13260;-;169.0	17;11669;12577;-;143.2	16;10567;11676;-;164.9	15;9537;10565;-;85.0	14;7688;9505;-;313.0		pfam	pfam_only	A	7/7	canonical	1	1	unscoreable	1	0	0														not_admitted	not_admitted	not_admitted	not_admitted	not_admitted	not_admitted	not_admitted
NZ_CP026790.1	MPF_F	IncFIA(HI1);IncHI1A;IncHI1B(R27)	191	0	0	GA	0															not_admitted	not_admitted	not_admitted	not_admitted	not_admitted	not_admitted	not_admitted	not_admitted	not_admitted	not_admitted	1	188;163660;164712;-;277.6	104;92187;93602;+;203.0	103;91151;92197;+;171.3	14;18364;21045;-;160.6	105;93611;97600;+;103.1	18;23393;24751;-;84.0	14;18364;21045;-;76.5	21;26418;27203;-;68.7		187;160461;163637;-;58.9	97;82131;84215;-;50.2	15;21054;22004;-;45.2	97;82131;84215;-;36.4	B	8/9	split_3	145296	0	1	
NZ_CP026801.1	MPF_T	-	25	0	0	GA	1	8;6498;6950;+;23.4	10;7250;7543;+;28.7	11;7593;7910;+;63.3	13;8478;9770;+;113.4	12;7910;8527;+;80.6	15;10529;11242;+;97.1	17;11493;12533;+;153.6		18;12752;13450;+;131.9	19;13461;14345;+;159.0	20;14345;15445;+;126.3	21;15546;16541;+;81.2			pfam	both	B	6/7	canonical	1	0	unscoreable	3	0	0														not_admitted	not_admitted	not_admitted	not_admitted	not_admitted	not_admitted	not_admitted
NZ_CP026854.1	MPF_F	IncFIB(AP001918);IncFII	132	0	0	GA	0															not_admitted	not_admitted	not_admitted	not_admitted	not_admitted	not_admitted	not_admitted	not_admitted	not_admitted	not_admitted	1	52;43890;44882;+;369.3	61;49941;51317;+;381.0	56;47611;48354;+;230.0	49;40254;42881;+;306.4	62;51314;54139;+;387.5	42;36772;38199;+;94.3	49;40254;42881;+;98.5	40;35491;36057;+;183.3	53;44891;45529;+;68.7	54;45526;47334;+;267.9	65;55672;57825;+;391.8	46;39223;39738;+;77.3	65;55672;57825;+;70.4	A	9/9	contiguous	20181	1	1	54160..54657+;165;TraS;0
NZ_CP026926.1	MPF_T	-	162	0	0	GA	1	9;13045;13764;+;58.2	159;163757;164161;-;71.8	11;14144;14470;+;68.7	12;14470;16839;+;226.4	157;160992;163454;-;129.6	156;160211;161020;-;45.7	154;158806;159993;-;107.4		15;18628;19401;+;176.5	152;157258;158112;-;186.3	150;155471;156772;-;226.5	160;164151;165122;-;131.9	89;89017;90939;-;557.0		conjscan	conjscan_only	A	7/7	uncallable	0	0	unscoreable	4	0	0														not_admitted	not_admitted	not_admitted	not_admitted	not_admitted	not_admitted	not_admitted
NZ_CP026927.1	MPF_T	-	242	0	0	GA	1		197;192164;192544;-;73.7	196;191872;192171;-;64.6	195;189411;191861;-;171.7	195;189411;191861;-;124.6	194;188636;189433;-;45.6	192;187264;188445;-;113.0		191;186581;187243;-;131.5	190;185751;186563;-;185.3	188;183997;185295;-;216.3	198;192534;193511;-;131.1	175;171791;173704;-;545.0		conjscan	conjscan_only	A	7/7	canonical	1	0	unscoreable	3	0	0														not_admitted	not_admitted	not_admitted	not_admitted	not_admitted	not_admitted	not_admitted
NZ_CP026928.1	MPF_T	-	175	0	0	GA	1		172;185268;185651;-;70.5	171;184976;185275;-;65.5	170;182509;184965;-;173.7	170;182509;184965;-;120.1	169;181734;182537;-;45.4	167;180362;181543;-;114.0		166;179680;180342;-;128.9	165;178850;179662;-;183.5	163;177099;178394;-;220.6	173;185641;186618;-;129.8	151;165074;166981;-;540.3		conjscan	conjscan_only	A	7/7	canonical	1	0	unscoreable	3	0	0														not_admitted	not_admitted	not_admitted	not_admitted	not_admitted	not_admitted	not_admitted
NZ_CP026930.2	MPF_F	IncFIB(AP001918);IncFII(pHN7A8)	153	0	0	GA	0															not_admitted	not_admitted	not_admitted	not_admitted	not_admitted	not_admitted	not_admitted	not_admitted	not_admitted	not_admitted	1	89;77475;78467;-;369.3	77;69080;70453;-;377.5	84;72667;73410;-;234.6	92;79476;82103;-;305.4	76;66258;69083;-;389.1	99;84158;85585;-;94.3	92;79476;82103;-;98.4	101;86300;86866;-;182.9	88;76828;77466;-;69.4	87;75023;76831;-;268.9	73;62601;64754;-;391.5	95;82619;83134;-;78.4	73;62601;64754;-;69.2	A	9/9	contiguous	23699	1	1	65752..66261-;169;unnamed;0
NZ_CP026931.2	MPF_F	IncFII(pCoo)	76	0	0	GA	0															not_admitted	not_admitted	not_admitted	not_admitted	not_admitted	not_admitted	not_admitted	not_admitted	not_admitted	not_admitted	1	47;35203;36195;+;369.3	60;42868;44241;+;376.2	53;39912;40655;+;233.3	44;31567;34194;+;304.7	61;44238;47057;+;389.2	39;27989;29416;+;94.3	44;31567;34194;+;99.2	37;26708;27274;+;183.8	50;37192;37830;+;68.6	51;37827;39635;+;268.0	65;49328;51562;+;391.7	43;30537;31052;+;78.4	65;49328;51562;+;70.3	A	9/9	contiguous	22620	1	1	47082..47573+;163;TraS;0
NZ_CP026933.2	MPF_F	IncHI2;IncHI2A;IncQ1	298	0	0	GA	0															not_admitted	not_admitted	not_admitted	not_admitted	not_admitted	not_admitted	not_admitted	not_admitted	not_admitted	not_admitted	1	27;31710;32768;+;276.9	209;192781;194196;-;194.1	210;194186;195232;-;174.3	11;8955;11636;+;168.0	208;188819;192772;-;101.6	7;5270;6625;+;80.7	11;8955;11636;+;72.2	4;2758;3546;+;74.8	25;30057;31568;+;62.0	28;32787;35975;+;57.3	217;202274;204358;+;56.8	10;7996;8946;+;46.1	217;202274;204358;+;38.8	A	9/9	split_3	199516	1	1	187349..188638-;429;unnamed;0
NZ_CP026934.1	MPF_F	IncFIA;IncFIB(AP001918);IncFII(pCoo)	163	1	1	GA	1	109;96748;97257;+;78.1	29;26595;26888;+;28.7	30;26938;27255;+;63.3	31;27255;29855;+;111.8	31;27255;29855;+;76.8	32;29873;30586;+;97.1	24;23151;24191;-;153.6		23;22234;22932;-;131.9	22;21339;22223;-;159.0	21;20179;21339;-;154.9	20;19142;20137;-;81.2	78;70799;72952;-;31.0	91;81907;83715;-;268.3	pfam	both	A	7/7	uncallable	0	0	unscoreable	31	0	1	93;84359;85351;-;372.1	82;77300;78673;-;378.0	89;80887;81630;-;235.0	96;86360;88987;-;303.5	81;74481;77303;-;388.9	21;20179;21339;-;154.9	96;86360;88987;-;100.3	103;93282;93848;-;183.8	92;83712;84350;-;68.5	91;81907;83715;-;268.3	78;70799;72952;-;391.9	97;89503;90018;-;77.7	78;70799;72952;-;70.4	A	9/9	split_2	73103	1	1	73968..74459-;163;TraS;0
NZ_CP026936.2	MPF_F	IncHI2;IncHI2A	211	0	0	GA	0															not_admitted	not_admitted	not_admitted	not_admitted	not_admitted	not_admitted	not_admitted	not_admitted	not_admitted	not_admitted	1	29;33059;34117;+;276.9			13;10304;12985;+;168.0		9;6619;7974;+;80.7	13;10304;12985;+;72.2	6;4107;4895;+;74.8	27;31406;32917;+;62.0	30;34136;37324;+;57.3		12;9345;10295;+;46.1		C	6/9	split_2	30029	0	1	
NZ_CP026937.1	MPF_F	IncFIB(AP001918);IncFIC(FII);IncQ1	147	0	0	GA	0															not_admitted	not_admitted	not_admitted	not_admitted	not_admitted	not_admitted	not_admitted	not_admitted	not_admitted	not_admitted	1	54;48356;49348;-;369.3	39;38045;39418;-;381.0	50;44884;45627;-;233.3	57;50357;52984;-;305.4	38;35226;38048;-;385.5	63;55039;56466;-;94.5	57;50357;52984;-;98.5	65;57181;57747;-;183.4	53;47709;48347;-;68.7	52;45904;47712;-;267.8	35;31539;33692;-;391.8	59;53500;54015;-;76.7	35;31539;33692;-;70.4	A	9/9	contiguous	25642	1	1	34708..35205-;165;TraS;1
NZ_CP026940.2	MPF_F	IncFIB(AP001918);IncFII;IncQ1	157	0	0	GA	0															not_admitted	not_admitted	not_admitted	not_admitted	not_admitted	not_admitted	not_admitted	not_admitted	not_admitted	not_admitted	1	97;102861;103853;-;369.3	88;96426;97799;-;381.0	93;99389;100132;-;231.6	100;104862;107489;-;306.4	87;93604;96429;-;386.0	106;109544;110971;-;94.3	100;104862;107489;-;98.5	108;111686;112252;-;183.3	96;102214;102852;-;68.7	95;100409;102217;-;267.9	84;89947;92100;-;391.8	102;108005;108520;-;77.3	84;89947;92100;-;70.4	A	9/9	contiguous	21739	1	1	93098..93607-;169;unnamed;0
NZ_CP026942.1	MPF_T	IncX4	47	0	0	GA	1	30;22985;23605;-;41.6	29;22645;22971;-;64.4	28;19879;22626;-;63.8	28;19879;22626;-;151.8	28;19879;22626;-;46.1	27;19151;19867;-;94.2	26;18045;19139;-;150.1		24;16844;17530;-;169.0	23;15939;16847;-;142.4	22;14828;15946;-;163.9	21;13798;14826;-;85.0	20;11949;13766;-;316.5		pfam	pfam_only	A	7/7	canonical	1	1	unscoreable	1	0	0														not_admitted	not_admitted	not_admitted	not_admitted	not_admitted	not_admitted	not_admitted
NZ_CP027037.1	MPF_F	IncFIB(K);IncFII(K)	202	0	0	GA	0															not_admitted	not_admitted	not_admitted	not_admitted	not_admitted	not_admitted	not_admitted	not_admitted	not_admitted	not_admitted	1	18;12545;13537;+;366.6	28;18988;20358;+;381.2	24;17034;17786;+;232.4	15;8880;11519;+;258.7	29;20358;23207;+;344.2	6;3641;5065;+;89.2	15;8880;11519;+;88.8	4;2348;2914;+;167.0	19;13550;14188;+;67.0	20;14185;16191;+;259.0	33;25021;27330;+;393.2	8;5677;6246;+;49.7	33;25021;27330;+;65.8	A	9/9	contiguous	22673	1	1	23210..23740+;176;unnamed;0
NZ_CP027038.1	MPF_F	IncC	187	0	0	GA	0															not_admitted	not_admitted	not_admitted	not_admitted	not_admitted	not_admitted	not_admitted	not_admitted	not_admitted	not_admitted	1	102;78468;79475;-;332.9	43;27827;29260;-;339.2	44;29262;30290;-;221.7	107;82227;84674;-;354.5	42;24200;27814;-;375.3	112;92230;93546;-;135.0	107;82227;84674;-;128.3	114;94444;95070;-;92.7	104;80140;81405;-;67.9	101;75554;78352;-;145.3	123;98880;100745;-;47.3	111;91655;92233;-;100.2	123;98880;100745;-;52.0	A	9/9	split_2	74680	0	1	
NZ_CP027043.1	MPF_F	IncC	227	0	0	GA	0															not_admitted	not_admitted	not_admitted	not_admitted	not_admitted	not_admitted	not_admitted	not_admitted	not_admitted	not_admitted	1	45;39623;40630;+;332.9	104;89838;91271;+;339.2	103;88808;89836;+;221.7	40;34424;36871;+;354.5	105;91284;94898;+;375.3	35;25552;26868;+;135.0	40;34424;36871;+;128.3	33;24028;24654;+;92.7	43;37693;38958;+;67.9	46;40746;43544;+;145.3	24;18353;20218;+;47.3	36;26865;27443;+;100.2	24;18353;20218;+;52.0	A	9/9	split_2	72931	0	1	
NZ_CP027044.1	MPF_F	IncFIB(K);IncFII(pKP91)	190	0	0	GA	0															not_admitted	not_admitted	not_admitted	not_admitted	not_admitted	not_admitted	not_admitted	not_admitted	not_admitted	not_admitted	1	19;21629;22621;-;363.0	9;14797;16167;-;381.2	13;17369;18121;-;232.4	22;23647;26286;-;259.1	8;11948;14797;-;344.2	32;30099;31523;-;89.2	22;23647;26286;-;83.9	34;32250;32816;-;167.0	18;20978;21616;-;66.0	17;18964;20919;-;259.1	4;7825;10134;-;393.0	30;28918;29487;-;49.7	4;7825;10134;-;65.8	A	9/9	contiguous	24425	1	1	11415..11945-;176;unnamed;0
NZ_CP027049.1	MPF_F	IncFIB(K);IncFII(K)	186	0	0	GA	0															not_admitted	not_admitted	not_admitted	not_admitted	not_admitted	not_admitted	not_admitted	not_admitted	not_admitted	not_admitted	1	152;133317;134309;+;366.6	162;139760;141130;+;380.7	158;137806;138558;+;232.4	149;129652;132291;+;258.7	163;141130;143979;+;344.2	140;124413;125837;+;89.2	149;129652;132291;+;88.8	138;123120;123686;+;167.0	153;134322;134960;+;67.0	154;134957;136963;+;259.0	167;146465;148777;+;392.7	142;126449;127018;+;49.7	167;146465;148777;+;66.5	A	9/9	contiguous	23345	1	1	143992..144540+;182;unnamed;0
NZ_CP027050.1	MPF_T	IncN	57	0	0	GA	1	41;35180;35914;+;32.5	43;36214;36507;+;28.7	44;36557;36874;+;63.3	45;36874;39474;+;111.8	45;36874;39474;+;76.8	46;39492;40205;+;97.1	48;40456;41496;+;153.6		49;41715;42413;+;131.9	50;42424;43308;+;159.0	51;43308;44468;+;154.9	52;44510;45505;+;81.2	11;12718;14247;-;38.5		pfam	both	A	7/7	canonical	1	0	unscoreable	2	0	0														not_admitted	not_admitted	not_admitted	not_admitted	not_admitted	not_admitted	not_admitted
NZ_CP027051.1	MPF_T	IncX3	55	0	0	GA	1	22;13036;13680;+;46.4	23;13664;13954;+;73.1	24;13979;16732;+;47.0	24;13979;16732;+;145.4	24;13979;16732;+;73.3	25;16742;17512;+;60.1	27;17791;18846;+;133.2		28;19041;19769;+;119.4	29;19775;20704;+;138.8	30;20701;21915;+;128.3	32;22111;23145;+;65.7	33;23148;24983;+;495.9		pfam	pfam_only	A	7/7	canonical	1	1	unscoreable	2	0	0														not_admitted	not_admitted	not_admitted	not_admitted	not_admitted	not_admitted	not_admitted
NZ_CP027054.1	MPF_F	IncFIB(K);IncFII(K)	208	0	0	GA	0															not_admitted	not_admitted	not_admitted	not_admitted	not_admitted	not_admitted	not_admitted	not_admitted	not_admitted	not_admitted	1	173;154584;155576;+;366.6	183;161027;162397;+;380.7	179;159073;159825;+;232.4	170;150919;153558;+;258.7	184;162397;165246;+;344.2	161;145680;147104;+;89.2	170;150919;153558;+;88.8	159;144387;144953;+;167.0	174;155589;156227;+;67.0	175;156224;158230;+;259.0	188;167732;170044;+;392.7	163;147716;148285;+;49.7	188;167732;170044;+;66.5	A	9/9	contiguous	23345	1	1	165259..165807+;182;unnamed;0
NZ_CP027055.1	MPF_F	IncC	209	0	0	GA	0															not_admitted	not_admitted	not_admitted	not_admitted	not_admitted	not_admitted	not_admitted	not_admitted	not_admitted	not_admitted	1	102;78472;79479;-;332.9	43;27831;29264;-;339.2	44;29266;30294;-;221.7	107;82231;84678;-;354.5	42;24204;27818;-;375.3	112;92234;93550;-;135.0	107;82231;84678;-;128.3	114;94448;95074;-;92.7	104;80144;81409;-;67.9	101;75558;78356;-;145.3	123;98884;100749;-;47.3	111;91659;92237;-;100.2	123;98884;100749;-;52.0	A	9/9	split_2	74680	0	1	
NZ_CP027056.1	MPF_F	IncFIB(pQil)	117	0	0	GA	0															not_admitted	not_admitted	not_admitted	not_admitted	not_admitted	not_admitted	not_admitted	not_admitted	not_admitted	not_admitted	1	106;86145;87134;+;366.0	116;92681;94048;+;380.7	112;90671;91423;+;233.7	102;82063;84702;+;258.5		94;77382;78806;+;88.8	102;82063;84702;+;88.7	92;76089;76655;+;169.3	107;87147;87785;+;67.0	108;87844;89799;+;259.7		95;78920;79504;+;55.4		B	8/9	contiguous	16592	0	1	
NZ_CP027057.1	MPF_T	IncX3	55	0	0	GA	1	22;13036;13680;+;46.4	23;13664;13954;+;73.1	24;13979;16732;+;47.0	24;13979;16732;+;145.4	24;13979;16732;+;73.3	25;16742;17512;+;60.1	27;17791;18846;+;133.2		28;19041;19769;+;119.4	29;19775;20704;+;138.8	30;20701;21915;+;128.3	32;22111;23145;+;65.7	33;23148;24983;+;495.9		pfam	pfam_only	A	7/7	canonical	1	1	unscoreable	2	0	0														not_admitted	not_admitted	not_admitted	not_admitted	not_admitted	not_admitted	not_admitted
NZ_CP027112.1	MPF_F	IncHI2;IncHI2A	316	0	0	GA	0															not_admitted	not_admitted	not_admitted	not_admitted	not_admitted	not_admitted	not_admitted	not_admitted	not_admitted	not_admitted	1	274;244503;245561;-;276.9			292;266200;268881;-;168.0		296;271211;272566;-;80.7	292;266200;268881;-;72.2	299;274290;275078;-;74.8	276;245703;247214;-;62.7	273;241296;244484;-;58.3		293;268890;269840;-;46.4		C	6/9	split_2	32994	0	1	
NZ_CP027120.1	MPF_F	IncFII	64	0	0	GA	0															not_admitted	not_admitted	not_admitted	not_admitted	not_admitted	not_admitted	not_admitted	not_admitted	not_admitted	not_admitted	1				62;52881;53399;+;62.8				58;50716;51282;+;174.3						D	2/9	contiguous	2165	0	0	
NZ_CP027121.1	MPF_F	-	102	0	0	GA	0															not_admitted	not_admitted	not_admitted	not_admitted	not_admitted	not_admitted	not_admitted	not_admitted	not_admitted	not_admitted	1	48;36135;37178;-;369.2	43;30725;32152;-;325.8	45;32554;33366;-;219.1	52;38740;41466;-;164.6	42;27707;30709;-;208.7	56;43148;44464;-;102.7	52;38740;41466;-;108.4	58;45177;45755;-;83.7	47;35413;36120;-;107.6	46;33359;35416;-;91.0	78;57555;59714;-;381.3	53;41476;42120;-;41.9	78;57555;59714;-;90.0	A	9/9	contiguous	29848	1	1	27117..27635-;172;unnamed;0
NZ_CP027130.1	MPF_F	IncFIA;IncFIB(AP001918);IncFII	199	0	0	GA	0															not_admitted	not_admitted	not_admitted	not_admitted	not_admitted	not_admitted	not_admitted	not_admitted	not_admitted	not_admitted	1	123;106162;107154;-;367.4	112;99103;100476;-;380.9	119;102690;103433;-;235.0	126;108163;110790;-;305.4	111;96281;99106;-;385.9	132;112845;114272;-;94.3	126;108163;110790;-;98.5	134;114987;115553;-;182.1	122;105515;106153;-;68.6	121;103710;105518;-;268.3	108;92589;94778;-;391.3	128;111306;111821;-;78.4	108;92589;94778;-;70.4	A	9/9	contiguous	22398	1	1	95775..96284-;169;unnamed;0
NZ_CP027137.1	MPF_T	IncN3	59	0	0	GA	1	18;15995;16777;-;33.3	16;15452;15748;-;36.0	15;15095;15412;-;71.9	14;12521;15094;-;118.0	14;12521;15094;-;74.2	13;11804;12505;-;98.9	11;10498;11535;-;121.9	10;10290;10421;-;40.1	9;9584;10279;-;132.6	8;8686;9573;-;147.8	7;7553;8686;-;166.3	6;6501;7502;-;90.1	0;18;809;+;52.5		pfam	both	A	7/7	canonical	1	0	ga	7	0	0														not_admitted	not_admitted	not_admitted	not_admitted	not_admitted	not_admitted	not_admitted
NZ_CP027138.1	MPF_T	IncX1;IncX3	132	0	0	GA	1	53;35788;36162;+;27.5	55;36412;36708;+;76.7	56;36727;39480;+;46.6	56;36727;39480;+;147.9	56;36727;39480;+;72.5	57;39491;40240;+;70.2	59;40551;41612;+;134.7		1;564;926;+;48.6	62;42575;43504;+;136.2	63;43501;44706;+;132.5	64;44708;45739;+;76.5	65;45742;47577;+;491.7		pfam	pfam_only	A	7/7	canonical	1	1	unscoreable	4	0	0														not_admitted	not_admitted	not_admitted	not_admitted	not_admitted	not_admitted	not_admitted
NZ_CP027144.1	MPF_F	IncHI2;IncHI2A	355	1	1	GA	1	184;161030;161569;+;23.7	140;117778;118164;-;85.3	139;117512;117781;-;32.5	138;115013;117499;-;37.8	138;115013;117499;-;125.2	137;114273;115016;-;226.2	135;112570;113937;-;179.3		134;111847;112551;-;235.7	133;110858;111850;-;223.1	132;109572;110855;-;206.6	141;118161;119231;-;118.3	143;119701;121698;-;345.5	292;260398;263586;-;58.3	conjscan	conjscan_only	A	7/7	canonical	1	0	unscoreable	3	0	1	293;263605;264663;-;276.9	189;167992;169407;-;194.1	190;169397;170443;-;173.7	311;285302;287983;-;168.0	188;164033;167983;-;101.6	132;109572;110855;-;206.6	311;285302;287983;-;72.2	318;293392;294180;-;74.8	295;264805;266316;-;62.7	292;260398;263586;-;58.3	143;119701;121698;-;101.4	312;287992;288942;-;46.4	143;119701;121698;-;98.9	A	9/9	split_4	183820	0	1	
NZ_CP027145.1	MPF_F	IncFII(pECLA);IncR	128	0	0	GA	0															not_admitted	not_admitted	not_admitted	not_admitted	not_admitted	not_admitted	not_admitted	not_admitted	not_admitted	not_admitted	1	1;597;1595;+;360.7	10;6832;8205;+;367.1	4;4082;4864;+;212.4	122;96140;98749;+;220.0	11;8205;11495;+;308.9	115;92541;93950;+;97.1	122;96140;98749;+;103.3	113;91211;91792;+;96.9	2;1606;2229;+;63.5	3;2226;4085;+;213.0	15;13684;16251;+;365.5	120;95338;95892;+;46.2	15;13684;16251;+;70.4	A	9/9	split_2	95543	1	1	11497..12186+;229;unnamed;0
NZ_CP027152.1	MPF_F	IncFIB(K);IncFII(K)	220	0	0	GA	0															not_admitted	not_admitted	not_admitted	not_admitted	not_admitted	not_admitted	not_admitted	not_admitted	not_admitted	not_admitted	1	89;81138;82130;+;366.6	99;87581;88951;+;381.2	95;85627;86379;+;232.4	86;77473;80112;+;258.7	100;88951;91800;+;344.2	77;72234;73658;+;89.2	86;77473;80112;+;88.8	75;70941;71507;+;167.0	90;82143;82781;+;67.0	91;82778;84784;+;259.0	104;93614;95923;+;393.2	79;74270;74839;+;49.7	104;93614;95923;+;65.8	A	9/9	contiguous	22673	1	1	91803..92333+;176;unnamed;0
NZ_CP027156.1	MPF_F	IncFIB(pNDM-Mar);IncHI1B(pNDM-MAR)	206	0	0	GA	0															not_admitted	not_admitted	not_admitted	not_admitted	not_admitted	not_admitted	not_admitted	not_admitted	not_admitted	not_admitted	1	36;39925;40962;+;282.3	93;98690;100099;-;190.0	94;100089;101126;-;176.6	23;26375;29092;+;149.6	92;94774;98688;-;120.9	19;22892;24262;+;65.6	23;26375;29092;+;85.2	16;20386;21246;+;79.0	35;38567;39928;+;69.9	37;40972;44154;+;60.1	101;108326;110452;+;58.4	22;25593;26330;+;56.9	101;108326;110452;+;41.0	A	9/9	split_2	87940	0	1	
NZ_CP027157.1	MPF_T	-	33	0	0	GA	1	5;3437;4081;+;46.4	6;4065;4355;+;73.1	7;4380;7133;+;47.0	7;4380;7133;+;145.4	7;4380;7133;+;73.3	8;7143;7913;+;60.1	10;8192;9247;+;133.2		11;9442;10170;+;119.4	12;10176;11105;+;138.8	13;11102;12316;+;128.3	15;12512;13546;+;65.7	16;13549;15384;+;495.9		pfam	pfam_only	A	7/7	canonical	1	1	unscoreable	2	0	0														not_admitted	not_admitted	not_admitted	not_admitted	not_admitted	not_admitted	not_admitted
NZ_CP027158.1	MPF_F	IncFIB(pQil);IncFII(K)	132	0	0	GA	0															not_admitted	not_admitted	not_admitted	not_admitted	not_admitted	not_admitted	not_admitted	not_admitted	not_admitted	not_admitted	1	80;77474;78463;-;366.0	70;70560;71927;-;380.7	74;73185;73937;-;233.7	84;79906;82545;-;258.5	69;67711;70560;-;345.6	92;85802;87226;-;88.8	84;79906;82545;-;88.7	94;87953;88519;-;169.3	79;76823;77461;-;67.0	78;74809;76764;-;259.7	65;62913;65225;-;392.7	91;85104;85688;-;55.4	65;62913;65225;-;66.5	A	9/9	contiguous	25040	1	1	67150..67698-;182;unnamed;0
NZ_CP027161.1	MPF_F	IncFIB(K);IncFII(K)	217	0	0	GA	0															not_admitted	not_admitted	not_admitted	not_admitted	not_admitted	not_admitted	not_admitted	not_admitted	not_admitted	not_admitted	1	212;202125;203117;-;366.6	202;195304;196674;-;381.2	206;197876;198628;-;232.4	215;204143;206782;-;258.7	201;192455;195304;-;344.2	7;3054;4478;-;89.2	215;204143;206782;-;88.8	9;5205;5771;-;167.0	211;201474;202112;-;67.0	210;199471;201477;-;259.0	197;188332;190641;-;393.2	5;1873;2442;-;49.7	197;188332;190641;-;65.8	A	9/9	split_2	202270	1	1	191922..192452-;176;unnamed;0
NZ_CP027167.1	MPF_F	-	225	0	0	GA	0															not_admitted	not_admitted	not_admitted	not_admitted	not_admitted	not_admitted	not_admitted	not_admitted	not_admitted	not_admitted	1	218;158651;159703;+;326.3	1;1023;2426;+;304.3	0;1;1026;+;233.9	215;154392;156857;+;314.2	2;2438;5599;+;355.5	210;143797;145116;+;128.8	215;154392;156857;+;132.2	208;141925;142566;+;90.3	217;157423;158664;+;71.6	190;124628;127234;+;125.3	203;137941;139773;+;37.7	211;145126;145626;+;86.2	203;137941;139773;+;55.0	A	9/9	split_2	158650	0	1	
NZ_CP027168.1	MPF_T	-	72	0	0	GA	1	34;20145;21017;+;22.9		36;21541;21858;+;62.3	37;21858;24506;+;105.7	37;21858;24506;+;89.7	38;24508;25281;+;104.9	40;25545;26606;+;124.1	41;26699;26890;+;48.0	42;26887;27612;+;130.6	43;27609;28490;+;150.0	44;28487;29644;+;161.8	45;29656;30687;+;80.5	70;55311;56849;-;47.3		pfam	both	A	7/7	canonical	1	0	ga	2	0	0														not_admitted	not_admitted	not_admitted	not_admitted	not_admitted	not_admitted	not_admitted
NZ_CP027195.1	MPF_T	rep38	55	0	0	GA	1				40;37323;39341;+;24.4									47;43595;45124;+;461.2		none	none	D	2/7	uncallable	0	0	unscoreable	6	0	0														not_admitted	not_admitted	not_admitted	not_admitted	not_admitted	not_admitted	not_admitted
NZ_CP027202.2	MPF_F	IncHI2;IncHI2A;IncN	286	0	0	GA	0															not_admitted	not_admitted	not_admitted	not_admitted	not_admitted	not_admitted	not_admitted	not_admitted	not_admitted	not_admitted	1	27;31208;32266;+;276.9	202;191166;192581;-;194.1	203;192571;193617;-;174.3	11;8955;11636;+;168.0	201;187204;191157;-;101.7	7;5270;6625;+;80.7	11;8955;11636;+;72.2	4;2758;3546;+;74.8	25;29555;31066;+;62.0	28;32285;35473;+;57.3	210;200659;202743;+;56.8	10;7996;8946;+;46.1	210;200659;202743;+;38.8	A	9/9	split_3	197901	1	1	185734..187023-;429;unnamed;0
NZ_CP027203.2	MPF_T	IncP1	70	0	0	GA	1		35;22861;23244;+;68.7	36;23247;23573;+;50.6	37;23570;26113;+;94.8	37;23570;26113;+;107.0	42;29589;30359;+;104.8	43;30550;32109;+;113.8		38;26110;26817;+;91.8	39;26833;27723;+;152.4	41;28182;29576;+;224.7	34;21791;22747;+;134.8	3;1475;3421;-;442.7		conjscan	conjscan_only	A	7/7	canonical	1	0	unscoreable	2	0	0														not_admitted	not_admitted	not_admitted	not_admitted	not_admitted	not_admitted	not_admitted
NZ_CP027204.2	MPF_T	IncX3	60	0	0	GA	1	3;1674;2318;+;46.4	4;2302;2592;+;73.1	5;2617;5370;+;47.0	5;2617;5370;+;142.4	5;2617;5370;+;73.3	6;5380;6150;+;60.1	8;6429;7484;+;133.2		9;7679;8407;+;119.4	10;8413;9342;+;138.8	11;9339;10553;+;128.3	13;10749;11783;+;65.7	14;11786;13621;+;495.9		pfam	pfam_only	A	7/7	canonical	1	1	unscoreable	2	0	0														not_admitted	not_admitted	not_admitted	not_admitted	not_admitted	not_admitted	not_admitted
NZ_CP027243.1	MPF_F	-	98	0	0	GA	0															not_admitted	not_admitted	not_admitted	not_admitted	not_admitted	not_admitted	not_admitted	not_admitted	not_admitted	not_admitted	1	81;53958;55001;+;369.2	86;58980;60407;+;325.8	84;57770;58582;+;219.1	77;49670;52396;+;164.6	87;60423;63425;+;208.7	73;46672;47988;+;102.7	77;49670;52396;+;106.6	71;45381;45959;+;82.0	82;55016;55723;+;107.6	83;55720;57777;+;92.2	53;32661;34820;+;381.4	76;49016;49660;+;41.9	53;32661;34820;+;89.7	A	9/9	contiguous	27762	1	1	63497..64015+;172;unnamed;0
NZ_CP027256.1	MPF_F	IncFIA;IncFIB(AP001918);IncFIC(FII)	115	0	0	GA	0															not_admitted	not_admitted	not_admitted	not_admitted	not_admitted	not_admitted	not_admitted	not_admitted	not_admitted	not_admitted	1	20;13553;14545;+;368.6	31;20228;21604;+;374.3	24;17274;18017;+;234.1	17;9917;12544;+;306.8	32;21601;24417;+;386.1	10;6435;7862;+;94.3	17;9917;12544;+;98.5	8;5154;5720;+;183.8	21;14554;15192;+;67.3	22;15189;16997;+;268.0	35;25980;28133;+;391.1	14;8886;9401;+;77.3	35;25980;28133;+;69.2	A	9/9	contiguous	20826	1	1	24450..24971+;173;unnamed;0
NZ_CP027257.1	MPF_T	IncX4	37	0	0	GA	1	26;25665;26285;-;41.6	25;25325;25651;-;64.4	24;22559;25306;-;63.8	24;22559;25306;-;151.8	24;22559;25306;-;46.1	23;21831;22547;-;94.2	22;20725;21819;-;150.1		20;19524;20210;-;169.0	19;18619;19527;-;142.4	18;17508;18626;-;163.9	17;16478;17506;-;85.0	16;14629;16446;-;314.8		pfam	pfam_only	A	7/7	canonical	1	1	unscoreable	1	0	0														not_admitted	not_admitted	not_admitted	not_admitted	not_admitted	not_admitted	not_admitted
NZ_CP027258.1	MPF_T	IncN4	45	0	0	GA	1	28;22751;23491;-;34.8	26;22137;22427;-;44.3	25;21773;22087;-;65.3	24;19143;21773;-;123.6	24;19143;21773;-;87.4	23;18426;19133;-;114.7	21;17124;18167;-;126.7	20;16859;17029;-;41.4	19;16140;16856;-;145.6	18;15250;16137;-;144.4	17;14099;15253;-;174.0	16;13075;14106;-;78.1	11;7091;8668;+;54.8		pfam	both	A	7/7	canonical	1	0	ga	6	0	0														not_admitted	not_admitted	not_admitted	not_admitted	not_admitted	not_admitted	not_admitted
NZ_CP027301.1	MPF_F	IncFII(S);pSM22	96	0	0	GA	0															not_admitted	not_admitted	not_admitted	not_admitted	not_admitted	not_admitted	not_admitted	not_admitted	not_admitted	not_admitted	1	85;63134;64132;+;363.5	91;68369;69739;+;361.4	88;66715;67509;+;201.3	80;57776;60406;+;257.1	92;69739;72561;+;302.6	77;56197;56658;+;44.8	80;57776;60406;+;91.6	74;53976;54542;+;155.9	86;64143;64817;+;62.6	87;64814;66718;+;242.7	94;73103;75310;+;386.9	79;57209;57763;+;53.5	94;73103;75310;+;67.5	A	9/9	contiguous	19127	1	1	72577..73113+;178;unnamed;0
NZ_CP027311.1	MPF_F	IncFIB(AP001918);IncFII(pCoo)	127	0	0	GA	0															not_admitted	not_admitted	not_admitted	not_admitted	not_admitted	not_admitted	not_admitted	not_admitted	not_admitted	not_admitted	1	23;17412;18404;+;369.3	34;23819;25192;+;380.9	28;21132;21650;+;121.4	20;13776;16403;+;303.6	35;25189;28002;+;385.4	13;10294;11721;+;90.9	20;13776;16403;+;98.5	11;9013;9579;+;184.2	24;18413;19051;+;68.2	25;19048;20766;+;266.6	39;30252;32540;+;391.4	17;12745;13260;+;78.2	39;30252;32540;+;70.8	A	9/9	contiguous	21239	1	1	28027..28524+;165;TraS;0
NZ_CP027343.1	MPF_F	IncFIB(AP001918);IncFII(pSE11)	146	0	0	GA	0															not_admitted	not_admitted	not_admitted	not_admitted	not_admitted	not_admitted	not_admitted	not_admitted	not_admitted	not_admitted	1	16;8637;9629;-;357.1	145;129751;131124;-;370.1	6;2146;2889;-;234.2	19;10638;13265;-;306.8	144;126935;129754;-;375.7	26;15421;16851;-;93.4	19;10638;13265;-;98.8	28;17566;18132;-;172.1	10;5528;6166;-;70.1	8;3153;5057;-;263.3	140;122512;124701;-;391.8	22;13781;14296;-;77.1	140;122512;124701;-;70.3	A	9/9	split_2	127605	0	1	
NZ_CP027357.1	MPF_F	IncFIB(AP001918);IncFII	145	0	0	GA	0															not_admitted	not_admitted	not_admitted	not_admitted	not_admitted	not_admitted	not_admitted	not_admitted	not_admitted	not_admitted	1	113;104236;105228;+;367.3	124;110915;112288;+;374.3	117;107957;108700;+;234.1	110;100600;103227;+;305.4	125;112285;115101;+;387.9	103;97118;98545;+;94.4	110;100600;103227;+;99.1	101;95837;96403;+;183.8	114;105237;105875;+;67.3	115;105872;107680;+;268.3	128;116664;118502;+;391.7	107;99569;100084;+;77.3	128;116664;118502;+;70.2	A	9/9	contiguous	20827	1	1	115134..115655+;173;unnamed;0
NZ_CP027367.1	MPF_F	IncFIA;IncFIB(AP001918);IncFII(pHN7A8)	133	0	0	GA	0															not_admitted	not_admitted	not_admitted	not_admitted	not_admitted	not_admitted	not_admitted	not_admitted	not_admitted	not_admitted	1	79;83296;84288;-;357.1	62;73162;74535;-;370.1	68;76970;77488;-;121.2	82;85297;87924;-;304.6	61;70343;73165;-;375.6	88;89836;91266;-;93.4	82;85297;87924;-;99.0	90;91981;92547;-;172.1	72;80127;80765;-;70.1	70;77752;79656;-;263.3	57;65922;68102;-;391.6	85;88440;88955;-;80.0	57;65922;68102;-;70.3	A	9/9	contiguous	26059	1	1	69830..70321-;163;TraS;1
NZ_CP027375.1	MPF_F	IncFIB(AP001918);IncFII(pSE11)	134	0	0	GA	0															not_admitted	not_admitted	not_admitted	not_admitted	not_admitted	not_admitted	not_admitted	not_admitted	not_admitted	not_admitted	1	6;4692;5684;-;357.1	127;114999;116372;-;370.5	130;117009;117563;-;41.4	9;6693;9323;-;304.8	126;112180;115002;-;375.3	19;12989;14419;-;93.4	9;6693;9323;-;99.7	21;15134;15700;-;172.1	4;3465;4103;-;70.1	1;949;2853;-;262.6	122;107618;109933;-;391.6	15;11349;11864;-;78.2	122;107618;109933;-;70.2	A	9/9	split_2	116060	1	1	111661..112158-;165;TraS;1
NZ_CP027385.1	MPF_F	IncFII(pRSB107)	133	0	0	GA	0															not_admitted	not_admitted	not_admitted	not_admitted	not_admitted	not_admitted	not_admitted	not_admitted	not_admitted	not_admitted	1	110;100309;101301;-;369.5	100;93280;94530;-;382.0	105;96460;97203;-;234.4	113;102310;104940;-;304.1	99;90339;93161;-;374.0	121;108342;109793;-;94.2	113;102310;104940;-;97.1	123;110508;111074;-;174.3	108;99327;99965;-;68.6	107;97480;99330;-;266.1	95;85663;88068;-;390.9	118;106967;107482;-;78.4	95;85663;88068;-;70.2	A	9/9	contiguous	24845	1	1	89838..90317-;159;TraS;0
NZ_CP027406.1	MPF_T	-	103	0	0	GA	1	39;45756;46448;+;81.3	40;46436;46717;+;65.4	41;46720;46995;+;55.2	42;46988;49348;+;106.3	42;46988;49348;+;47.7	44;49479;50189;+;144.4	46;50651;51823;+;111.4		47;51887;52561;+;197.3	48;52558;53316;+;194.3	49;53316;54647;+;178.6	50;54644;55627;+;109.5	58;63660;65825;-;349.0		pfam	pfam_only	A	7/7	canonical	1	0	unscoreable	9	0	0														not_admitted	not_admitted	not_admitted	not_admitted	not_admitted	not_admitted	not_admitted
NZ_CP027409.1	MPF_F	IncFIB(S);IncFII(S);IncFII(pAR0022);IncI1-I(Alpha)	248	0	0	GA	0															not_admitted	not_admitted	not_admitted	not_admitted	not_admitted	not_admitted	not_admitted	not_admitted	not_admitted	not_admitted	1	30;32061;33053;-;366.7	21;25431;26813;-;392.4	24;27845;28594;-;231.0	33;34040;36688;-;314.1	20;22612;25434;-;394.4	41;39221;40642;-;91.5	33;34040;36688;-;97.8	43;41369;41935;-;188.1	28;31111;31749;-;70.6	26;28832;30658;-;271.0	17;18643;20958;-;371.3	38;37900;38415;-;96.7	17;18643;20958;-;69.5	A	9/9	contiguous	22726	1	1	22102..22590-;162;TraS;0
NZ_CP027411.1	MPF_F	IncHI2;IncHI2A	237	0	0	GA	0															not_admitted	not_admitted	not_admitted	not_admitted	not_admitted	not_admitted	not_admitted	not_admitted	not_admitted	not_admitted	1	89;85527;86585;-;276.9	189;185571;186986;+;194.1	188;184535;185581;+;174.1	106;107875;110556;-;168.0	190;186995;190948;+;101.6	110;112886;114241;-;80.7	106;107875;110556;-;72.2	113;115965;116753;-;74.8	91;86727;88238;-;62.0	88;82320;85508;-;57.3	181;175411;177495;-;56.8	107;110565;111515;-;46.1	181;175411;177495;-;38.8	A	9/9	split_3	104675	1	1	191129..192418+;429;unnamed;0
NZ_CP027413.1	MPF_F	IncFIB(S);IncFII(S);IncFII(pAR0022)	116	0	0	GA	0															not_admitted	not_admitted	not_admitted	not_admitted	not_admitted	not_admitted	not_admitted	not_admitted	not_admitted	not_admitted	1	37;34020;35012;-;366.7	28;27390;28772;-;392.4	31;29804;30553;-;231.0	40;35999;38647;-;314.1	27;24571;27393;-;394.4	48;41180;42601;-;91.5	40;35999;38647;-;97.8	50;43328;43894;-;188.1	35;33070;33708;-;70.6	33;30791;32617;-;271.0	24;20755;22917;-;374.1	45;39859;40374;-;96.7	24;20755;22917;-;72.1	A	9/9	contiguous	22573	1	1	24061..24549-;162;TraS;0
NZ_CP027425.1	MPF_F	IncFIB(K);IncFII(K)	205	0	0	GA	0															not_admitted	not_admitted	not_admitted	not_admitted	not_admitted	not_admitted	not_admitted	not_admitted	not_admitted	not_admitted	1	22;24714;25706;-;366.6	12;17893;19263;-;381.2	16;20465;21217;-;232.4	25;26732;29371;-;258.7	11;15044;17893;-;344.2	34;33186;34610;-;89.2	25;26732;29371;-;88.8	36;35337;35903;-;167.0	21;24063;24701;-;67.0	20;22060;24066;-;259.0	7;10921;13230;-;393.2	32;32005;32574;-;49.7	7;10921;13230;-;65.8	A	9/9	contiguous	24416	1	1	14511..15041-;176;unnamed;0
NZ_CP027439.1	MPF_F	IncFII(pHN7A8)	127	0	0	GA	0															not_admitted	not_admitted	not_admitted	not_admitted	not_admitted	not_admitted	not_admitted	not_admitted	not_admitted	not_admitted	1	74;54655;55647;+;369.3	83;60706;62082;+;381.0	78;58376;59119;+;232.5	71;51016;53646;+;300.9	84;62079;64904;+;389.2	62;46314;47741;+;95.4	71;51016;53646;+;102.5	60;45033;45599;+;183.8	75;55656;56294;+;68.4	76;56291;58099;+;267.2	87;66408;68570;+;391.8	66;48866;49381;+;75.9	87;66408;68570;+;70.4	A	9/9	contiguous	21375	1	1	64901..65410+;169;unnamed;0
NZ_CP027448.1	MPF_F	IncFIB(AP001918);IncFIC(FII)	178	0	0	GA	0															not_admitted	not_admitted	not_admitted	not_admitted	not_admitted	not_admitted	not_admitted	not_admitted	not_admitted	not_admitted	1	118;121326;122318;-;369.3	107;114267;115643;-;377.5	114;117854;118597;-;235.0	121;123327;125954;-;303.8	106;111445;114270;-;389.1	128;128009;129436;-;93.8	121;123327;125954;-;99.0	130;130151;130717;-;183.8	117;120679;121317;-;68.4	116;118874;120682;-;266.2	103;107789;109942;-;391.5	124;126470;126985;-;77.3	103;107789;109942;-;69.2	A	9/9	contiguous	22362	1	1	110939..111448-;169;unnamed;0
NZ_CP027450.1	MPF_T	pEC4115	51	0	0	GA	1	36;26625;27236;+;40.5		38;27579;27899;+;39.0	39;27902;29254;+;83.1	39;27902;29254;+;34.6	35;25917;26468;+;35.5	33;25182;25691;+;64.8		43;30407;31144;+;158.9	44;31141;31920;+;167.2	47;32820;33053;+;51.1	49;33471;34073;+;91.7	1;432;1154;+;139.7		pfam	pfam_only	A	7/7	rearranged	1	0	unscoreable	8	0	0														not_admitted	not_admitted	not_admitted	not_admitted	not_admitted	not_admitted	not_admitted
NZ_CP027455.1	MPF_F	IncFII(pCoo)	94	0	0	GA	0															not_admitted	not_admitted	not_admitted	not_admitted	not_admitted	not_admitted	not_admitted	not_admitted	not_admitted	not_admitted	1	93;72870;73199;-;108.9	81;65078;66451;-;380.2	88;68876;69619;-;233.6	2;1609;4239;-;300.0	80;62259;65081;-;389.2	12;8253;9680;-;94.0	2;1609;4239;-;98.3	14;10395;10961;-;183.4	91;71743;72381;-;69.8	90;69896;71746;-;264.7	77;58528;60726;-;391.4	8;6613;7128;-;77.9	77;58528;60726;-;69.9	A	9/9	split_2	71261	1	1	61758..62237-;159;TraS;0
NZ_CP027458.1	MPF_F	IncFIB(AP001918);IncFII(pSE11)	124	0	0	GA	0															not_admitted	not_admitted	not_admitted	not_admitted	not_admitted	not_admitted	not_admitted	not_admitted	not_admitted	not_admitted	1	120;104114;105106;-;357.1	106;95558;96931;-;370.5	113;99364;100107;-;231.1	123;106115;107773;-;74.9	105;92739;95561;-;375.3	10;4615;6045;-;93.4	123;106115;107773;-;101.3	12;6760;7326;-;172.1	118;102887;103525;-;70.1	115;100371;102275;-;262.6	101;88294;90492;-;391.8	6;2975;3490;-;78.2	101;88294;90492;-;70.3	A	9/9	split_2	103140	1	1	92220..92717-;165;TraS;1
NZ_CP027532.1	MPF_T	-	47	0	0	GA	1	21;16386;17096;+;101.0	22;17107;17400;+;41.2		23;17412;20123;+;78.0	23;17412;20123;+;57.1	24;20120;20761;+;71.2	11;7466;8551;+;71.0		12;8551;9339;+;74.6	13;9354;10091;+;149.0	14;10093;11472;+;180.8	15;11488;12525;+;92.0	19;14605;16122;+;35.6		pfam	both	A	7/7	rearranged	1	0	unscoreable	3	0	0														not_admitted	not_admitted	not_admitted	not_admitted	not_admitted	not_admitted	not_admitted
NZ_CP027536.1	MPF_F	IncFII	82	0	0	GA	0															not_admitted	not_admitted	not_admitted	not_admitted	not_admitted	not_admitted	not_admitted	not_admitted	not_admitted	not_admitted	1	2;2059;3051;-;369.5	74;67389;68762;-;381.7	79;70692;71435;-;234.4	5;4060;6690;-;297.8	73;64567;67392;-;373.4	14;10467;11918;-;93.8	5;4060;6690;-;100.0	16;12633;13199;-;175.1	0;1077;1715;-;68.6	81;71712;72341;-;207.7	69;60109;62325;-;391.7	11;9092;9607;-;82.8	69;60109;62325;-;70.3	A	9/9	split_2	70635	1	1	64061..64570-;169;unnamed;0
NZ_CP027537.1	MPF_F	IncFIA;IncFII(pRSB107)	111	0	0	GA	0															not_admitted	not_admitted	not_admitted	not_admitted	not_admitted	not_admitted	not_admitted	not_admitted	not_admitted	not_admitted	1	102;93928;94920;-;369.5	89;84797;86170;-;381.7	97;90080;90670;-;213.2	105;95929;98556;-;303.9	88;81975;84800;-;373.4	0;162;1613;-;94.1	105;95929;98556;-;96.5	2;2328;2894;-;184.3	100;92946;93584;-;68.7	99;91099;92949;-;266.7	84;77517;79733;-;391.7	108;99072;99587;-;75.2	84;77517;79733;-;70.3	A	9/9	split_2	98910	1	1	81469..81978-;169;unnamed;0
NZ_CP027545.1	MPF_F	IncFIB(AP001918)	124	0	0	GA	0															not_admitted	not_admitted	not_admitted	not_admitted	not_admitted	not_admitted	not_admitted	not_admitted	not_admitted	not_admitted	1	16;15064;16056;+;364.3	33;23297;24673;+;378.7	27;20577;21320;+;233.1	13;11425;14055;+;306.8	34;24670;27492;+;389.2		13;11425;14055;+;98.3		20;17371;17637;+;38.5	25;19686;20300;+;183.2	37;29024;31177;+;391.8		37;29024;31177;+;70.4	C	7/9	contiguous	17599	1	1	27492..27992+;166;TraS;0
NZ_CP027551.1	MPF_F	IncFIB(AP001918);IncFII(pHN7A8);IncFII(pRSB107)	195	0	0	GA	0															not_admitted	not_admitted	not_admitted	not_admitted	not_admitted	not_admitted	not_admitted	not_admitted	not_admitted	not_admitted	1	168;144472;145464;-;369.3	157;137391;138764;-;376.8	162;140330;141073;-;234.4	171;146473;149103;-;305.4	156;134572;137394;-;389.2	179;152141;153568;-;94.1	171;146473;149103;-;98.5	77;69452;70018;-;183.8	167;143825;144463;-;68.6	164;141350;143113;-;268.4	152;130137;132326;-;391.8	176;150742;151257;-;76.4	152;130137;132326;-;70.3	A	9/9	split_2	82689	1	1	134071..134550-;159;TraS;0
NZ_CP027554.1	MPF_F	IncFII(pHN7A8)	96	0	0	GA	0															not_admitted	not_admitted	not_admitted	not_admitted	not_admitted	not_admitted	not_admitted	not_admitted	not_admitted	not_admitted	1	73;50883;51875;+;369.5	84;57652;59025;+;386.6	78;54981;55724;+;234.4	69;47246;48601;+;309.8	85;59022;60392;+;382.5	60;43096;43599;+;42.8	70;48670;49875;+;96.7	57;40869;41435;+;179.9	75;52219;52857;+;70.7	76;52854;54704;+;266.4	89;64111;66132;+;381.2	64;44703;45218;+;79.4	89;64111;66132;+;70.7	A	9/9	contiguous	23242	1	1	60415..61842+;475;unnamed;0
NZ_CP027574.1	MPF_T	IncX1;IncX3	60	0	0	GA	1	48;36462;37109;+;45.2	49;37087;37383;+;77.7	50;37402;40155;+;46.6	50;37402;40155;+;147.7	50;37402;40155;+;75.3	51;40166;40924;+;63.5	53;41162;42295;+;108.2		54;42542;43255;+;117.1	58;44853;45503;+;95.7	59;45500;47737;+;131.8	59;45500;47737;+;74.3	0;106;1392;+;391.8		pfam	pfam_only	A	7/7	canonical	1	1	unscoreable	3	0	0														not_admitted	not_admitted	not_admitted	not_admitted	not_admitted	not_admitted	not_admitted
NZ_CP027580.1	MPF_F	IncFII(pHN7A8)	74	0	0	GA	0															not_admitted	not_admitted	not_admitted	not_admitted	not_admitted	not_admitted	not_admitted	not_admitted	not_admitted	not_admitted	1	13;9675;10667;+;357.1	26;17520;18893;+;370.1	20;14573;15316;+;234.2	10;6036;8666;+;303.6	27;18890;19540;+;173.6	2;1340;2671;+;93.7	10;6036;8666;+;98.6	0;219;518;+;71.6	16;11296;11934;+;70.1	18;12405;14309;+;265.1	32;23951;25807;+;392.4	6;3895;4410;+;81.4	32;23951;25807;+;70.7	A	9/9	contiguous	23732	1	1	19594..21711+;705;unnamed;0
NZ_CP027581.1	MPF_F	IncFIB(AP001918);IncFII(pSE11)	137	0	0	GA	0															not_admitted	not_admitted	not_admitted	not_admitted	not_admitted	not_admitted	not_admitted	not_admitted	not_admitted	not_admitted	1	114;95774;96766;+;357.1	128;103949;105322;+;370.5	121;100773;101516;+;231.1	111;92135;94765;+;304.8	129;105319;108141;+;375.3	101;87039;88469;+;93.4	111;92135;94765;+;99.7	99;85758;86324;+;172.1	116;97355;97993;+;70.1	119;98605;100509;+;262.6	133;110388;112649;+;391.7	105;89594;90109;+;78.2	133;110388;112649;+;70.3	A	9/9	contiguous	24630	1	1	108163..108660+;165;TraS;1
NZ_CP027635.1	MPF_T	-	40	0	0	GA	1	23;17260;17805;+;53.9	9;5597;5893;+;64.2	10;5893;6180;+;45.0	11;6184;8649;+;93.2	11;6184;8649;+;86.5	15;11118;11906;+;59.2	17;12205;13392;+;44.1		19;13722;14417;+;121.6	20;14428;15582;+;166.5	22;16026;17267;+;214.7	8;4649;5587;+;131.5	28;20606;22429;+;319.2		conjscan	both	A	7/7	canonical	1	0	unscoreable	11	0	0														not_admitted	not_admitted	not_admitted	not_admitted	not_admitted	not_admitted	not_admitted
NZ_CP027636.1	MPF_T	-	161	0	0	GA	1		46;38507;38770;-;59.3	45;35726;38494;-;73.3	45;35726;38494;-;175.3	45;35726;38494;-;86.1	40;32870;33841;-;81.0	39;31875;32873;-;119.5		37;31066;31728;-;177.6	36;30182;31069;-;161.4	35;28980;30155;-;165.9	34;28007;28999;-;93.2	33;26195;28006;-;349.7		pfam	pfam_only	A	7/7	canonical	1	1	unscoreable	5	0	0														not_admitted	not_admitted	not_admitted	not_admitted	not_admitted	not_admitted	not_admitted
NZ_CP027670.1	MPF_F	-	158	0	0	GA	0															not_admitted	not_admitted	not_admitted	not_admitted	not_admitted	not_admitted	not_admitted	not_admitted	not_admitted	not_admitted	1	95;73218;74372;+;213.7	100;80746;82254;+;168.0	99;79763;80743;+;191.2	91;68457;70901;+;189.4	101;82263;90239;+;123.8	88;66130;67560;+;120.5	91;68457;70901;+;121.1	86;64215;64991;+;105.4	94;72082;73218;+;53.7	96;74387;78379;+;53.0	78;55096;56919;+;60.4	89;67560;68075;+;73.1	78;55096;56919;+;54.8	A	9/9	contiguous	27167	1	1	90350..91165+;271;unnamed;0
NZ_CP027678.1	MPF_F	IncHI2;IncHI2A	303	0	0	GA	0															not_admitted	not_admitted	not_admitted	not_admitted	not_admitted	not_admitted	not_admitted	not_admitted	not_admitted	not_admitted	1	160;153787;154845;+;276.9	38;32598;34013;-;194.1	39;34003;35049;-;173.7	133;119252;121933;+;168.0	37;28639;32589;-;101.6	129;115567;116922;+;80.7	133;119252;121933;+;72.2	126;113055;113843;+;74.8	158;152134;153645;+;62.7	161;154864;158052;+;58.3	45;42090;44174;+;56.7	132;118293;119243;+;46.4	45;42090;44174;+;38.8	A	9/9	split_3	126225	0	1	
NZ_CP027679.1	MPF_F	IncC	214	0	0	GA	0															not_admitted	not_admitted	not_admitted	not_admitted	not_admitted	not_admitted	not_admitted	not_admitted	not_admitted	not_admitted	1	141;113537;114544;-;332.9	44;28578;30011;-;339.2	45;30013;31041;-;221.7	146;117296;119743;-;354.2	43;24951;28565;-;375.3	155;131738;133054;-;135.0	146;117296;119743;-;128.6	157;133952;134578;-;92.1	143;115209;116474;-;67.6	140;110626;113421;-;145.3	166;138388;140253;-;47.4	154;131163;131741;-;100.2	166;138388;140253;-;52.0	A	9/9	split_2	113437	0	1	
NZ_CP027703.1	MPF_F	IncFIA;IncFIB(AP001918);IncFII	203	0	0	GA	0															not_admitted	not_admitted	not_admitted	not_admitted	not_admitted	not_admitted	not_admitted	not_admitted	not_admitted	not_admitted	1	141;120763;121755;-;367.4	129;113706;115079;-;380.9	136;117293;117883;-;216.5	144;122764;125391;-;305.4	128;110884;113709;-;385.9	150;127446;128873;-;94.3	144;122764;125391;-;98.5	152;129588;129938;-;114.9	139;120117;120434;-;48.0	138;118312;120120;-;268.3	125;107192;109381;-;391.3	146;125907;126422;-;78.4	125;107192;109381;-;70.4	A	9/9	contiguous	22396	1	1	110378..110887-;169;unnamed;0
NZ_CP027802.1	MPF_F	IncFIB(AP001918);IncFII(pSE11)	149	0	0	GA	0															not_admitted	not_admitted	not_admitted	not_admitted	not_admitted	not_admitted	not_admitted	not_admitted	not_admitted	not_admitted	1	71;67563;68555;-;369.5	61;60411;61784;-;381.7	66;63714;64457;-;234.4	74;69564;72194;-;304.1	60;57592;60414;-;374.0	81;75193;76644;-;94.2	74;69564;72194;-;97.1	83;77359;77925;-;174.3	69;66581;67219;-;68.6	68;64734;66584;-;266.1	56;53041;55320;-;391.0	78;73818;74333;-;78.4	56;53041;55320;-;70.3	A	9/9	contiguous	24318	1	1	57091..57570-;159;TraS;0
NZ_CP027803.1	MPF_F	IncFII(K);IncHI1B(pNDM-MAR);repB;repB(R1701)	390	0	0	GA	0															not_admitted	not_admitted	not_admitted	not_admitted	not_admitted	not_admitted	not_admitted	not_admitted	not_admitted	not_admitted	1	96;85280;86269;-;366.6	86;78366;79733;-;384.0	90;80991;81743;-;233.7	100;87712;90351;-;258.5	85;75517;78366;-;346.4	107;93544;94968;-;89.2	100;87712;90351;-;88.2	109;95695;96261;-;169.3	95;84629;85267;-;66.9	94;82615;84570;-;258.6	81;70743;73055;-;393.1	106;92846;93430;-;53.6	81;70743;73055;-;66.6	A	9/9	contiguous	24952	1	1	74981..75514-;177;unnamed;0
NZ_CP027854.1	-	-	59	0	0	GA	1	12;12597;13046;+;44.9	51;41216;41518;+;67.7	52;41524;41835;+;71.9	53;41841;44342;+;137.6	53;41841;44342;+;76.9	26;23735;24475;+;180.6	27;24487;25587;+;122.1		55;44481;45158;+;168.3	56;45155;46054;+;174.6	57;46055;47260;+;187.9	4;4257;5771;+;225.8			pfam	both	B	6/7	rearranged	1	0	unscoreable	7	0	0														not_admitted	not_admitted	not_admitted	not_admitted	not_admitted	not_admitted	not_admitted
NZ_CP027865.1	MPF_F	IncFII(K);repB(R1701)	135	0	0	GA	0															not_admitted	not_admitted	not_admitted	not_admitted	not_admitted	not_admitted	not_admitted	not_admitted	not_admitted	not_admitted	1	27;28226;29215;-;366.6	17;21312;22679;-;384.0	21;23937;24689;-;233.7	31;30658;33297;-;258.5	16;18463;21312;-;346.4	38;36490;37914;-;89.2	31;30658;33297;-;88.2	40;38641;39207;-;169.3	26;27575;28213;-;66.9	25;25561;27516;-;258.6	12;13689;16001;-;393.1	37;35792;36376;-;53.6	12;13689;16001;-;66.6	A	9/9	contiguous	24952	1	1	17927..18460-;177;unnamed;0
NZ_CP027866.1	MPF_F	IncFIB(AP001918);IncFII(pSE11)	155	0	0	GA	0															not_admitted	not_admitted	not_admitted	not_admitted	not_admitted	not_admitted	not_admitted	not_admitted	not_admitted	not_admitted	1	74;67387;68379;-;369.5	64;60235;61608;-;381.7	69;63538;64281;-;234.4	77;69388;72018;-;304.1	63;57416;60238;-;374.0	84;75017;76468;-;94.2	77;69388;72018;-;97.1	86;77183;77749;-;174.3	72;66405;67043;-;68.6	71;64558;66408;-;266.1	59;52865;55144;-;391.0	81;73642;74157;-;78.4	59;52865;55144;-;70.3	A	9/9	contiguous	24318	1	1	56915..57394-;159;TraS;0
NZ_CP028144.1	-	-	65	0	0	GA	1	35;28753;29262;-;46.0	53;45740;46222;-;62.8	52;45439;45729;-;42.1	51;43031;45442;-;77.5	51;43031;45442;-;95.9	50;42268;43044;-;42.6	48;40253;42067;-;97.3		47;39592;40308;-;137.7	46;38640;39572;-;170.4	44;36935;38212;-;208.6	21;19133;20080;-;128.3	42;34221;36194;-;321.8		conjscan	conjscan_only	A	7/7	canonical	1	0	unscoreable	23	0	0														not_admitted	not_admitted	not_admitted	not_admitted	not_admitted	not_admitted	not_admitted
NZ_CP028145.1	-	-	84	0	0	GA	1	42;40185;40700;+;46.5	14;17472;17801;+;65.8	15;17812;18126;+;30.4	16;18167;20581;+;51.1	16;18167;20581;+;99.0	17;20578;21336;+;34.3	19;22291;23598;+;91.1		20;23628;24302;+;147.4	21;24311;25183;+;159.1	23;25598;26854;+;190.4	28;30992;32614;+;175.5			conjscan	conjscan_only	B	6/7	canonical	1	0	unscoreable	19	0	0														not_admitted	not_admitted	not_admitted	not_admitted	not_admitted	not_admitted	not_admitted
NZ_CP028153.1	MPF_T	IncI2(Delta)	78	0	0	GA	1	39;31454;31936;-;81.1	55;47976;48266;-;28.9	54;47585;47869;-;36.4	53;45222;47579;-;60.4	53;45222;47579;-;43.3	64;53330;53971;-;43.0	65;53977;54972;-;136.6		51;44322;45056;-;144.4	50;43555;44325;-;170.5	49;42426;43565;-;154.7	42;33704;35257;-;207.9	47;39322;41280;-;287.0		pfam	pfam_only	A	7/7	rearranged	1	0	unscoreable	14	0	0														not_admitted	not_admitted	not_admitted	not_admitted	not_admitted	not_admitted	not_admitted
NZ_CP028155.1	MPF_T	IncI2(Delta)	81	0	0	GA	1	74;52538;53020;+;81.1	58;36163;36453;+;28.9	59;36560;36844;+;36.5	60;36850;39207;+;60.7	60;36850;39207;+;44.1	48;30775;31416;+;42.8	47;29774;30769;+;128.5		62;39373;40107;+;144.4	63;40104;40874;+;170.5	64;40864;42003;+;154.7	71;49232;50770;+;207.1	66;43197;45155;+;287.0		pfam	pfam_only	A	7/7	rearranged	1	0	unscoreable	15	1	0														not_admitted	not_admitted	not_admitted	not_admitted	not_admitted	not_admitted	not_admitted
NZ_CP028167.1	MPF_T	IncX4	42	0	0	GA	1	20;12597;13169;+;42.2	21;13230;13556;+;64.4	22;13575;16322;+;63.8	22;13575;16322;+;151.8	22;13575;16322;+;46.1	23;16334;17050;+;94.2	24;17062;18156;+;150.1		26;18671;19357;+;169.0	27;19354;20262;+;142.4	28;20255;21373;+;163.9	29;21375;22403;+;85.0	30;22435;24252;+;314.8		pfam	pfam_only	A	7/7	canonical	1	1	unscoreable	1	0	0														not_admitted	not_admitted	not_admitted	not_admitted	not_admitted	not_admitted	not_admitted
NZ_CP028170.1	MPF_F	IncC	218	0	0	GA	0															not_admitted	not_admitted	not_admitted	not_admitted	not_admitted	not_admitted	not_admitted	not_admitted	not_admitted	not_admitted	1	167;132976;133983;+;332.9	64;53564;54997;+;339.2	63;52534;53562;+;221.7	162;127777;130224;+;354.2	65;55010;58624;+;375.3	157;118950;120266;+;135.0	162;127777;130224;+;128.6	155;117426;118052;+;92.1	165;131046;132311;+;67.6	168;134099;136894;+;145.3	146;111751;113616;+;47.6	158;120263;120841;+;100.2	146;111751;113616;+;51.6	A	9/9	split_2	81565	0	1	
NZ_CP028173.1	MPF_T	IncN	56	0	0	GA	1	19;21284;22018;-;32.5	17;20691;20984;-;28.7	16;20324;20641;-;63.3	15;17724;20324;-;111.8	15;17724;20324;-;76.8	14;16993;17706;-;97.1	12;15702;16742;-;153.6		11;14785;15483;-;131.9	10;13890;14774;-;159.0	9;12730;13890;-;154.9	8;11693;12688;-;81.2	49;42877;44406;+;38.5		pfam	both	A	7/7	canonical	1	0	unscoreable	2	0	0														not_admitted	not_admitted	not_admitted	not_admitted	not_admitted	not_admitted	not_admitted
NZ_CP028174.1	MPF_T	IncX4	42	0	0	GA	1	40;32357;32977;-;41.6	39;32017;32343;-;64.4	38;29251;31998;-;63.8	38;29251;31998;-;151.8	38;29251;31998;-;46.1	37;28523;29239;-;94.2	36;27417;28511;-;150.1		34;26216;26902;-;169.0	33;25311;26219;-;142.4	32;24200;25318;-;163.9	31;23170;24198;-;85.0	30;21321;23138;-;314.8		pfam	pfam_only	A	7/7	canonical	1	1	unscoreable	1	0	0														not_admitted	not_admitted	not_admitted	not_admitted	not_admitted	not_admitted	not_admitted
NZ_CP028177.1	MPF_F	IncFIB(pQil);IncFII(K)	139	0	0	GA	0															not_admitted	not_admitted	not_admitted	not_admitted	not_admitted	not_admitted	not_admitted	not_admitted	not_admitted	not_admitted	1	102;93956;94945;-;366.0	92;87042;88409;-;381.2	96;89667;90419;-;233.7	106;96388;99027;-;258.5	91;84193;87042;-;345.6	114;102284;103708;-;88.8	106;96388;99027;-;88.7	116;104435;105001;-;169.3	101;93305;93943;-;66.9	100;91291;93246;-;259.7	87;79395;81707;-;392.7	113;101586;102170;-;55.4	87;79395;81707;-;66.5	A	9/9	contiguous	25040	1	1	83632..84180-;182;unnamed;0
NZ_CP028186.1	MPF_T	-	78	0	0	GA	1		50;42489;42752;+;54.5	51;42771;45539;+;73.3	51;42771;45539;+;178.6	51;42771;45539;+;86.1	56;47424;48395;+;81.8	57;48392;49390;+;116.3		59;49537;50199;+;177.6	60;50196;51083;+;158.6	61;51110;52285;+;165.9	62;52266;53258;+;93.2	63;53259;55070;+;348.4		pfam	pfam_only	A	7/7	canonical	1	1	unscoreable	5	0	0														not_admitted	not_admitted	not_admitted	not_admitted	not_admitted	not_admitted	not_admitted
NZ_CP028188.1	MPF_T	-	38	0	0	GA	1	35;28625;29179;-;49.0	13;10996;11292;-;64.2	12;10709;10996;-;45.0	11;8240;10705;-;91.8	11;8240;10705;-;88.8	6;4411;5205;-;61.4	4;2923;4143;-;54.7		2;1897;2592;-;121.0	1;726;1886;-;167.7	37;29350;30195;-;215.6	14;11302;12240;-;134.0	31;24111;25934;-;320.0		conjscan	both	A	7/7	canonical	1	0	unscoreable	11	0	0														not_admitted	not_admitted	not_admitted	not_admitted	not_admitted	not_admitted	not_admitted
NZ_CP028193.1	MPF_F	IncFII(pSE11)	65	0	0	GA	0															not_admitted	not_admitted	not_admitted	not_admitted	not_admitted	not_admitted	not_admitted	not_admitted	not_admitted	not_admitted	1	20;21969;22961;-;369.3	8;14201;15574;-;376.0	14;17509;18252;-;235.0	23;23970;26597;-;303.5	7;11382;14204;-;389.2	28;28508;29935;-;94.1	23;23970;26597;-;98.5	30;30650;31216;-;183.8	17;20334;20972;-;68.6	16;18529;20337;-;268.3	3;6867;9110;-;391.7	25;27112;27627;-;78.4	3;6867;9110;-;70.3	A	9/9	contiguous	23783	1	1	10864..11361-;165;TraS;0
NZ_CP028197.1	MPF_F	IncC;IncHI2;IncHI2A	507	0	0	GA	0															not_admitted	not_admitted	not_admitted	not_admitted	not_admitted	not_admitted	not_admitted	not_admitted	not_admitted	not_admitted	1	376;343341;344348;+;332.9	439;394988;396421;+;339.2	438;393958;394986;+;221.7	371;338142;340589;+;354.5	440;396434;400048;+;375.3	366;329270;330586;+;135.0	371;338142;340589;+;128.3	364;327746;328372;+;92.7	374;341411;342676;+;67.9	377;344464;347262;+;145.3	246;221506;223590;-;56.4	367;330583;331161;+;100.2	355;322071;323936;+;52.0	A	9/9	split_3	174928	0	1	
NZ_CP028200.2	MPF_F	IncFIB(S);IncFII(S);IncFII(pAR0022)	119	0	0	GA	0															not_admitted	not_admitted	not_admitted	not_admitted	not_admitted	not_admitted	not_admitted	not_admitted	not_admitted	not_admitted	1	32;21299;22291;+;366.7	41;27539;28921;+;392.4	38;25758;26507;+;231.0	29;17664;20312;+;314.1	42;28918;31740;+;394.4	21;13710;15131;+;91.5	29;17664;20312;+;97.8	19;12417;12983;+;185.6	34;22603;23241;+;70.6	36;23694;25520;+;271.0	45;33394;35637;+;374.0	24;15937;16452;+;96.7	45;33394;35637;+;72.0	A	9/9	contiguous	20977	1	1	31762..32250+;162;TraS;0
NZ_CP028231.1	MPF_T	repUS73	52	0	0	GA	1				10;9408;11426;-;25.2									4;3869;5380;-;463.1		none	none	D	2/7	uncallable	0	0	unscoreable	5	0	0														not_admitted	not_admitted	not_admitted	not_admitted	not_admitted	not_admitted	not_admitted
NZ_CP028232.1	MPF_T	-	49	0	0	GA	1				44;36045;38060;+;24.0									0;62;1612;+;463.3		none	none	D	2/7	uncallable	0	0	unscoreable	0	0	0														not_admitted	not_admitted	not_admitted	not_admitted	not_admitted	not_admitted	not_admitted
NZ_CP028242.1	MPF_T	-	89	0	0	GA	1				6;4699;6717;+;25.8									12;10743;12293;+;463.2		none	none	D	2/7	uncallable	0	0	unscoreable	5	0	0														not_admitted	not_admitted	not_admitted	not_admitted	not_admitted	not_admitted	not_admitted
NZ_CP028257.1	MPF_T	repUS72	36	0	0	GA	1				20;17088;19109;-;24.6									14;11549;13078;-;463.9		none	none	D	2/7	uncallable	0	0	unscoreable	5	0	0														not_admitted	not_admitted	not_admitted	not_admitted	not_admitted	not_admitted	not_admitted
NZ_CP028272.1	-	IncFII(p14)	92	0	0	GA	0															not_admitted	not_admitted	not_admitted	not_admitted	not_admitted	not_admitted	not_admitted	not_admitted	not_admitted	not_admitted	1	35;39625;40638;-;366.1	30;34544;35905;-;351.5	32;36451;37230;-;214.2	38;41685;44291;-;215.4	29;31688;34537;-;249.6	41;45196;46563;-;94.3	38;41685;44291;-;92.9	43;47271;47843;-;89.4	34;39192;39614;-;58.8	33;37233;39077;-;228.8	26;27864;29951;-;379.0	39;44299;44886;-;32.6	26;27864;29951;-;60.4	A	9/9	contiguous	19407	1	1	31152..31682-;176;unnamed;0
NZ_CP028276.1	MPF_T	-	72	0	0	GA	1				13;9286;11301;+;22.9									19;15323;16852;+;464.9		none	none	D	2/7	uncallable	0	0	unscoreable	5	0	0														not_admitted	not_admitted	not_admitted	not_admitted	not_admitted	not_admitted	not_admitted
NZ_CP028313.1	MPF_T	IncX1	54	0	0	GA	1	8;4618;5265;+;45.2	9;5243;5539;+;77.5	10;5558;8311;+;46.6	10;5558;8311;+;146.6	10;5558;8311;+;75.3	11;8322;9080;+;67.3	13;9318;10451;+;106.4		14;10697;11410;+;119.7	15;11415;12344;+;134.1	16;12341;13546;+;132.5	17;13548;14579;+;76.6	18;14582;16417;+;490.8		pfam	pfam_only	A	7/7	canonical	1	1	unscoreable	1	0	0														not_admitted	not_admitted	not_admitted	not_admitted	not_admitted	not_admitted	not_admitted
NZ_CP028319.1	MPF_F	IncFIB(S);IncFII(S);IncFII(pAR0022)	116	0	0	GA	0															not_admitted	not_admitted	not_admitted	not_admitted	not_admitted	not_admitted	not_admitted	not_admitted	not_admitted	not_admitted	1	56;49220;50212;-;366.7	47;42590;43972;-;392.4	50;45004;45753;-;231.0	59;51199;53847;-;314.1	46;39771;42593;-;394.4	67;56380;57801;-;91.5	59;51199;53847;-;97.8	69;58528;59094;-;188.1	54;48270;48908;-;70.6	52;45991;47817;-;271.0	43;35856;38117;-;371.4	64;55059;55574;-;96.7	43;35856;38117;-;69.6	A	9/9	contiguous	22672	1	1	39261..39749-;162;TraS;0
NZ_CP028321.1	MPF_F	Col156;IncFIB(AP001918);IncFII(29)	132	0	0	GA	0															not_admitted	not_admitted	not_admitted	not_admitted	not_admitted	not_admitted	not_admitted	not_admitted	not_admitted	not_admitted	1	61;48279;49271;+;369.5	73;55325;56698;+;381.7	66;52377;53120;+;233.1	58;44640;47270;+;304.0	74;56695;59517;+;388.5	51;40082;41509;+;92.5	58;44640;47270;+;99.3	49;38801;39367;+;183.1	63;49615;50253;+;68.6	64;50250;52100;+;271.9	78;61789;63933;+;391.3	54;42638;43153;+;73.9	78;61789;63933;+;70.4	A	9/9	contiguous	22988	1	1	59539..60018+;159;TraS;0
NZ_CP028322.1	MPF_F	IncFII(pHN7A8)	112	0	0	GA	0															not_admitted	not_admitted	not_admitted	not_admitted	not_admitted	not_admitted	not_admitted	not_admitted	not_admitted	not_admitted	1	109;93702;94694;+;369.5	9;5018;6391;+;381.7	4;2345;3088;+;234.4	105;90064;91746;+;299.4	10;6388;9213;+;373.4	96;84969;86420;+;93.8	106;91746;92693;+;50.9	94;83688;84254;+;174.3		2;1439;2068;+;207.7	14;11455;13653;+;391.7	100;87524;88039;+;81.1	14;11455;13653;+;70.4	B	8/9	split_2	92263	1	1	9210..9719+;169;unnamed;0
NZ_CP028336.1	MPF_T	repUS73	60	0	0	GA	1				53;43950;45968;-;25.2									47;38371;39924;-;463.5		none	none	D	2/7	uncallable	0	0	unscoreable	5	0	0														not_admitted	not_admitted	not_admitted	not_admitted	not_admitted	not_admitted	not_admitted
NZ_CP028340.1	MPF_T	IncP1	63	0	0	GA	1	16;14536;15165;+;24.1	4;3904;4368;+;65.0	5;4372;4683;+;47.0	6;4680;7238;+;98.2	6;4680;7238;+;122.1	11;10803;11573;+;134.8	14;11980;13896;+;155.8		7;7235;8008;+;145.4	8;8026;8919;+;185.7	10;9381;10784;+;222.0	3;2928;3890;+;134.7	43;39617;41521;-;521.1		conjscan	conjscan_only	A	7/7	canonical	1	0	unscoreable	5	0	0														not_admitted	not_admitted	not_admitted	not_admitted	not_admitted	not_admitted	not_admitted
NZ_CP028345.1	-	-	65	0	0	GA	1	59;50631;51140;-;46.0	12;12206;12688;-;62.8	11;11905;12195;-;42.1	10;9497;11908;-;77.5	10;9497;11908;-;95.9	9;8734;9510;-;42.6	7;6719;8533;-;97.3		6;6058;6774;-;137.7	5;5106;6038;-;170.4	3;3401;4678;-;208.6	45;41011;41958;-;128.3	1;687;2660;-;321.8		conjscan	conjscan_only	A	7/7	canonical	1	0	unscoreable	17	0	0														not_admitted	not_admitted	not_admitted	not_admitted	not_admitted	not_admitted	not_admitted
NZ_CP028346.1	-	-	80	0	0	GA	1	35;28554;29069;-;46.5	63;51453;51782;-;65.8	62;51128;51442;-;30.4	61;48673;51087;-;51.1	61;48673;51087;-;99.0	60;47918;48676;-;34.3	58;45656;46963;-;91.1		57;44952;45626;-;147.4	56;44071;44943;-;159.1	54;42400;43656;-;190.4	49;36640;38262;-;175.5			conjscan	conjscan_only	B	6/7	canonical	1	0	unscoreable	19	0	0														not_admitted	not_admitted	not_admitted	not_admitted	not_admitted	not_admitted	not_admitted
NZ_CP028348.1	MPF_F	-	1113	0	0	GA	0															not_admitted	not_admitted	not_admitted	not_admitted	not_admitted	not_admitted	not_admitted	not_admitted	not_admitted	not_admitted	1	1034;1081440;1082453;-;418.1	1030;1076262;1077593;-;369.4	1031;1077710;1078534;-;222.0	1038;1084594;1087170;-;397.6	1029;1073188;1076226;-;351.2	1040;1088957;1090312;-;100.3	1038;1084594;1087170;-;92.6	1042;1091121;1091693;-;182.8	1033;1080649;1081362;-;117.1	1032;1078568;1080652;-;269.2	1023;1065972;1068302;+;546.1		1023;1065972;1068302;+;67.9	B	8/9	contiguous	25149	0	1	
NZ_CP028373.1	MPF_T	-	161	0	0	GA	1		153;127348;127611;+;59.3	154;127624;130392;+;73.3	154;127624;130392;+;175.3	154;127624;130392;+;86.1	159;132277;133248;+;81.0	160;133245;134243;+;119.5		0;68;730;+;177.6	1;727;1614;+;161.4	2;1641;2816;+;165.9	3;2797;3789;+;93.2	4;3790;5601;+;349.7		pfam	pfam_only	A	7/7	canonical	1	1	unscoreable	4	0	0														not_admitted	not_admitted	not_admitted	not_admitted	not_admitted	not_admitted	not_admitted
NZ_CP028383.1	MPF_F	IncFII(pHN7A8)	85	0	0	GA	0															not_admitted	not_admitted	not_admitted	not_admitted	not_admitted	not_admitted	not_admitted	not_admitted	not_admitted	not_admitted	1	72;59387;60379;+;357.1	0;85;855;+;132.1	79;64285;65028;+;233.3	69;55748;58378;+;305.7	1;852;3674;+;376.7	59;50495;51925;+;93.4	69;55748;58378;+;98.5	57;49214;49780;+;170.5	75;61008;61646;+;70.1	77;62117;64021;+;265.1	5;5915;8104;+;391.8	63;53050;53565;+;79.7	5;5915;8104;+;70.3	A	9/9	split_2	64200	1	1	3696..4187+;163;TraS;1
NZ_CP028385.1	MPF_T	-	300	0	0	GA	0															not_admitted	not_admitted	not_admitted	not_admitted	not_admitted	not_admitted	not_admitted	not_admitted	not_admitted	not_admitted	1	63;54257;55342;+;273.2	85;72632;74116;+;242.5	84;71599;72657;+;195.1	59;49665;52154;+;241.0	86;74131;77289;+;264.6	56;46559;47947;+;105.3	59;49665;52154;+;122.1	54;44695;45285;+;81.3	62;52962;54260;+;55.8	88;77801;80437;+;133.7	48;40167;42116;+;21.4	57;47950;48483;+;71.3	48;40167;42116;+;36.8	A	9/9	contiguous	37634	0	1	
NZ_CP028389.3	MPF_F	IncFII(K);IncQ1;repB(R1701)	207	0	0	GA	0															not_admitted	not_admitted	not_admitted	not_admitted	not_admitted	not_admitted	not_admitted	not_admitted	not_admitted	not_admitted	1	108;81398;82387;+;366.6	118;87934;89301;+;384.0	114;85924;86676;+;233.3	104;77316;79955;+;258.5	119;89301;92150;+;346.4	97;72699;74123;+;89.2	104;77316;79955;+;88.2	95;71406;71972;+;169.3	109;82400;83038;+;66.9	110;83097;85052;+;259.7	123;94612;96924;+;393.1	98;74237;74821;+;53.6	123;94612;96924;+;66.6	A	9/9	contiguous	23206	1	1	92153..92686+;177;unnamed;0
NZ_CP028479.1	MPF_F	IncFIA(HI1);IncFII(pKP91)	162	0	0	GA	0															not_admitted	not_admitted	not_admitted	not_admitted	not_admitted	not_admitted	not_admitted	not_admitted	not_admitted	not_admitted	1	57;36383;37372;+;366.0	67;42919;43557;+;224.8	63;40909;41661;+;233.7	53;32287;34926;+;258.5	69;44285;47128;+;346.2	45;27503;28927;+;89.2	53;32287;34926;+;88.7	43;26210;26776;+;167.0	58;37385;38023;+;67.0	59;38082;40037;+;259.4	73;49712;51994;+;393.2	47;29532;30116;+;54.4	73;49712;51994;+;65.8	A	9/9	contiguous	23502	1	1	47139..47663+;174;unnamed;0
NZ_CP028486.1	MPF_T	IncN	67	0	0	GA	1	6;4644;5378;-;32.5		3;3684;4001;-;63.3	2;1084;3684;-;113.8	2;1084;3684;-;76.4	1;353;1066;-;105.5	66;51925;52833;-;139.3		65;51008;51706;-;131.9	64;50113;50997;-;159.7	63;48953;50113;-;156.3	62;47916;48911;-;81.2	48;34499;36028;+;38.5		pfam	both	A	7/7	rearranged	1	0	unscoreable	2	0	0														not_admitted	not_admitted	not_admitted	not_admitted	not_admitted	not_admitted	not_admitted
NZ_CP028489.1	MPF_T	pIP31758(p59)	63	0	0	GA	1	14;11710;12216;-;82.8	40;34293;34631;-;61.0	39;33976;34236;-;35.0	38;31446;33983;-;96.7	38;31446;33983;-;110.7	32;27112;27888;-;121.5	30;25528;26892;-;114.7		36;30650;31258;-;98.9	35;29748;30635;-;168.8	33;27906;29291;-;213.9	23;18277;19809;-;218.6	60;52513;54450;+;463.5		conjscan	conjscan_only	A	7/7	canonical	1	0	unscoreable	17	0	0														not_admitted	not_admitted	not_admitted	not_admitted	not_admitted	not_admitted	not_admitted
NZ_CP028521.1	MPF_F	IncFII(Yp)	132	0	0	GA	0															not_admitted	not_admitted	not_admitted	not_admitted	not_admitted	not_admitted	not_admitted	not_admitted	not_admitted	not_admitted	1	15;16406;17398;-;358.2	9;10715;12076;-;329.1	12;13148;13942;-;176.7	20;19139;21733;-;235.8	8;7872;10715;-;289.8	24;23094;24461;-;86.8	20;19139;21733;-;97.2	26;25185;25748;-;138.4	14;15791;16393;-;79.3	126;122815;123957;-;242.3	118;113795;115975;-;370.9	21;21742;22233;-;42.9	118;113795;115975;-;71.4	A	9/9	split_2	114943	1	1	7186..7872-;228;unnamed;0
NZ_CP028536.2	MPF_T	IncX3	57	0	0	GA	1	14;8835;9479;+;46.4	15;9463;9753;+;73.1	16;9778;12531;+;47.0	16;9778;12531;+;142.4	16;9778;12531;+;73.3	17;12541;13311;+;60.1	19;13590;14645;+;133.2		20;14840;15568;+;119.4	21;15574;16503;+;138.8	22;16500;17714;+;128.3	24;17910;18944;+;65.7	25;18947;20782;+;495.9		pfam	pfam_only	A	7/7	canonical	1	1	unscoreable	2	0	0														not_admitted	not_admitted	not_admitted	not_admitted	not_admitted	not_admitted	not_admitted
NZ_CP028537.1	MPF_F	IncHI2;IncHI2A;IncN	356	0	0	GA	0															not_admitted	not_admitted	not_admitted	not_admitted	not_admitted	not_admitted	not_admitted	not_admitted	not_admitted	not_admitted	1	29;32275;33333;+;276.9	212;203534;204949;-;194.1	213;204939;205985;-;174.3	11;8955;11636;+;168.0	211;199572;203525;-;101.6	7;5270;6625;+;80.7	11;8955;11636;+;72.2	4;2758;3546;+;74.8	27;30622;32133;+;61.9	30;33352;36540;+;57.3	219;213028;215112;+;56.7	10;7996;8946;+;46.4	219;213028;215112;+;38.8	A	9/9	split_3	210270	1	1	198102..199391-;429;unnamed;0
NZ_CP028541.2	MPF_F	IncFII(pHN7A8);IncR	221	0	0	GA	0															not_admitted	not_admitted	not_admitted	not_admitted	not_admitted	not_admitted	not_admitted	not_admitted	not_admitted	not_admitted	1	66;51504;52496;+;369.5	79;59329;60702;+;376.8	74;57020;57763;+;234.4	63;47868;50495;+;301.8	80;60699;63515;+;376.7	58;44386;45813;+;94.1	63;47868;50495;+;101.8	56;43105;43671;+;183.8	69;53442;54080;+;70.4	72;54893;56743;+;265.0	84;65816;68041;+;391.7	62;46837;47352;+;77.6	84;65816;68041;+;70.3	A	9/9	contiguous	22711	1	1	63548..64069+;173;unnamed;0
NZ_CP028543.1	MPF_F	IncFIB(K);IncFII(K)	168	0	0	GA	0															not_admitted	not_admitted	not_admitted	not_admitted	not_admitted	not_admitted	not_admitted	not_admitted	not_admitted	not_admitted	1	127;128259;129251;-;366.6	117;121438;122808;-;381.2	121;124010;124762;-;232.4	130;130277;132916;-;258.7	116;118589;121438;-;344.2	139;136731;138155;-;89.2	130;130277;132916;-;88.8	141;138882;139448;-;167.0	126;127608;128246;-;67.0	125;125605;127611;-;259.0	112;114466;116775;-;393.2	137;135550;136119;-;49.7	112;114466;116775;-;65.8	A	9/9	contiguous	24416	1	1	118056..118586-;176;unnamed;0
NZ_CP028553.2	MPF_F	IncFII(K);repB(R1701)	147	0	0	GA	0															not_admitted	not_admitted	not_admitted	not_admitted	not_admitted	not_admitted	not_admitted	not_admitted	not_admitted	not_admitted	1	88;74302;75291;-;366.6	78;67388;68755;-;384.0	82;70013;70765;-;233.3	92;76734;79373;-;258.5	77;64539;67388;-;346.4	99;82566;83990;-;89.2	92;76734;79373;-;88.2	101;84717;85283;-;169.3	87;73651;74289;-;66.9	86;71637;73592;-;259.7	73;59765;62077;-;393.1	98;81868;82452;-;53.6	73;59765;62077;-;66.6	A	9/9	contiguous	24952	1	1	64003..64536-;177;unnamed;0
NZ_CP028554.1	MPF_F	IncFII(Yp)	103	0	0	GA	0															not_admitted	not_admitted	not_admitted	not_admitted	not_admitted	not_admitted	not_admitted	not_admitted	not_admitted	not_admitted	1	64;48675;49667;+;372.3	75;55701;57071;+;383.1	72;54180;54932;+;222.2	61;45010;47649;+;254.8	76;57071;59950;+;333.2	53;40398;41819;+;86.6	61;45010;47649;+;88.2	51;39111;39677;+;159.4	65;49680;50327;+;68.8	67;50704;52659;+;254.7	80;62722;65040;+;390.7	55;42280;42864;+;55.9	80;62722;65040;+;66.8	A	9/9	contiguous	23611	1	1	59967..60635+;222;unnamed;0
NZ_CP028567.2	-	-	240	0	0	GA	0															not_admitted	not_admitted	not_admitted	not_admitted	not_admitted	not_admitted	not_admitted	not_admitted	not_admitted	not_admitted	1		110;118572;119906;-;207.9	111;119903;121024;-;173.0	191;191714;194323;-;144.3	109;115442;118561;-;180.0	200;200593;201972;-;93.7	191;191714;194323;-;59.3	202;203167;204036;-;58.6			204;206170;208098;+;44.2	192;194333;194956;-;50.6	204;206170;208098;+;34.2	C	6/9	split_2	90728	0	0	
NZ_CP028577.1	MPF_T	IncX3	58	0	0	GA	1	45;33811;34455;+;46.4	46;34439;34729;+;73.1	47;34754;37507;+;47.0	47;34754;37507;+;142.4	47;34754;37507;+;73.3	48;37517;38287;+;60.1	50;38566;39621;+;133.2		51;39816;40544;+;119.4	52;40550;41479;+;138.8	53;41476;42690;+;128.3	55;42886;43920;+;65.7	56;43923;45758;+;495.9		pfam	pfam_only	A	7/7	canonical	1	1	unscoreable	2	0	0														not_admitted	not_admitted	not_admitted	not_admitted	not_admitted	not_admitted	not_admitted
NZ_CP028582.2	MPF_T	IncFII(pHN7A8);IncR	182	0	0	GA	1	108;80476;80961;-;82.6		34;24816;25133;+;63.3	35;25133;27733;+;113.8	35;25133;27733;+;76.4	36;27751;28464;+;105.5	38;28715;29755;+;142.4		39;29974;30672;+;131.9	40;30683;31567;+;159.7	41;31567;32727;+;156.3	42;32769;33764;+;81.2	122;92928;95144;+;31.6		pfam	both	A	7/7	canonical	1	0	unscoreable	3	0	0														not_admitted	not_admitted	not_admitted	not_admitted	not_admitted	not_admitted	not_admitted
NZ_CP028587.1	MPF_F	IncFIA;IncFIB(AP001918);IncFII	174	0	0	GA	0															not_admitted	not_admitted	not_admitted	not_admitted	not_admitted	not_admitted	not_admitted	not_admitted	not_admitted	not_admitted	1	128;110558;111550;-;367.4	117;103499;104872;-;380.9	124;107086;107829;-;235.0	131;112559;115186;-;305.4	116;100677;103502;-;385.9	137;117241;118668;-;94.3	131;112559;115186;-;98.5	139;119383;119949;-;182.1	127;109911;110549;-;68.6	126;108106;109914;-;268.3	113;96976;99174;-;391.3	133;115702;116217;-;78.4	113;96976;99174;-;70.4	A	9/9	contiguous	22407	1	1	100171..100680-;169;unnamed;0
NZ_CP028594.1	MPF_T	IncX4	50	0	0	GA	1	22;21325;21936;-;53.8	21;21039;21353;-;30.8	20;20661;20981;-;39.0	19;18286;20658;-;81.6	19;18286;20658;-;33.6	25;23266;23907;+;33.9	24;22269;23264;+;126.4		17;17418;18155;-;158.9	16;16642;17421;-;167.2	15;15510;16652;-;142.9	14;14491;15510;-;91.9	13;12473;14440;-;291.4		pfam	pfam_only	A	7/7	uncallable	0	0	unscoreable	2	0	0														not_admitted	not_admitted	not_admitted	not_admitted	not_admitted	not_admitted	not_admitted
NZ_CP028601.1	MPF_T	IncI2(Delta)	79	0	0	GA	1	42;32191;32673;-;81.1	57;48135;48425;-;28.9	56;47744;48028;-;36.5	55;45381;47738;-;60.7	55;45381;47738;-;44.0	67;53607;54254;-;41.6	68;54260;55246;-;122.2		53;44481;45215;-;143.0	52;43714;44484;-;170.5	51;42585;43724;-;154.7	45;34441;35979;-;208.0	49;39537;41495;-;288.2		pfam	pfam_only	A	7/7	rearranged	1	0	unscoreable	14	0	0														not_admitted	not_admitted	not_admitted	not_admitted	not_admitted	not_admitted	not_admitted
NZ_CP028605.1	MPF_T	IncX4	48	0	0	GA	1	22;21325;21936;-;53.8	21;21039;21353;-;30.8	20;20661;20981;-;39.0	19;18286;20658;-;81.6	19;18286;20658;-;33.6	27;25714;26355;+;33.9	26;24717;25712;+;126.4		17;17418;18155;-;158.9	16;16642;17421;-;167.2	15;15510;16652;-;142.9	14;14491;15510;-;91.9	13;12473;14440;-;291.4		pfam	pfam_only	A	7/7	uncallable	0	0	unscoreable	4	0	0														not_admitted	not_admitted	not_admitted	not_admitted	not_admitted	not_admitted	not_admitted
NZ_CP028610.1	MPF_F	IncFII(pHN7A8)	85	0	0	GA	0															not_admitted	not_admitted	not_admitted	not_admitted	not_admitted	not_admitted	not_admitted	not_admitted	not_admitted	not_admitted	1	57;40880;41872;+;357.1	70;48725;50098;+;370.1	64;45778;46521;+;233.3	54;37241;39871;+;305.7	71;50095;52917;+;376.7	44;31988;33418;+;93.4	54;37241;39871;+;98.5	42;30707;31273;+;170.5	60;42501;43139;+;70.1	62;43610;45514;+;265.1	75;55158;57383;+;391.7	48;34543;35058;+;79.7	75;55158;57383;+;70.3	A	9/9	contiguous	24451	1	1	52939..53430+;163;TraS;1
NZ_CP028717.1	MPF_F	IncFII(K);IncQ1;repB(R1701)	167	0	0	GA	0															not_admitted	not_admitted	not_admitted	not_admitted	not_admitted	not_admitted	not_admitted	not_admitted	not_admitted	not_admitted	1	33;31631;32620;-;366.6	23;24717;26084;-;384.0	27;27342;28094;-;233.3	37;34063;36702;-;258.5	22;21868;24717;-;346.4	44;39895;41319;-;89.2	37;34063;36702;-;88.2	46;42046;42612;-;169.3	32;30980;31618;-;66.9	31;28966;30921;-;259.7	18;17094;19406;-;393.1	43;39197;39781;-;53.6	18;17094;19406;-;66.6	A	9/9	contiguous	24952	1	1	21332..21865-;177;unnamed;0
NZ_CP028718.1	MPF_T	IncX3	59	0	0	GA	1	27;23478;24122;-;46.4	26;23204;23494;-;73.1	25;20426;23179;-;47.0	25;20426;23179;-;142.4	25;20426;23179;-;73.3	24;19646;20416;-;60.1	22;18312;19367;-;133.2		21;17389;18117;-;119.4	20;16454;17383;-;138.8	19;15243;16457;-;128.3	17;14013;15047;-;65.7	16;12175;14010;-;495.9		pfam	pfam_only	A	7/7	canonical	1	1	unscoreable	2	0	0														not_admitted	not_admitted	not_admitted	not_admitted	not_admitted	not_admitted	not_admitted
NZ_CP028781.2	MPF_T	IncFIB(K);IncX3	177	0	0	GA	1	106;92054;92698;+;46.4	107;92682;92972;+;73.1	108;92997;95750;+;47.0	108;92997;95750;+;142.4	108;92997;95750;+;73.3	109;95760;96530;+;60.1	111;96809;97864;+;133.2		112;98059;98787;+;119.4	113;98793;99722;+;138.8	114;99719;100933;+;128.3	116;101129;102163;+;65.7	117;102166;104001;+;495.9		pfam	pfam_only	A	7/7	canonical	1	1	unscoreable	2	0	0														not_admitted	not_admitted	not_admitted	not_admitted	not_admitted	not_admitted	not_admitted
NZ_CP028784.1	MPF_F	IncFIB(K);IncFII(K)	191	0	0	GA	0															not_admitted	not_admitted	not_admitted	not_admitted	not_admitted	not_admitted	not_admitted	not_admitted	not_admitted	not_admitted	1	136;139736;140728;-;366.6	126;132915;134285;-;381.2	130;135487;136239;-;232.4	139;141754;144393;-;258.7	125;130066;132915;-;344.2	148;148208;149632;-;89.2	139;141754;144393;-;88.8	150;150359;150925;-;167.0	135;139085;139723;-;67.0	134;137082;139088;-;259.0	121;125943;128252;-;393.2	146;147027;147596;-;49.7	121;125943;128252;-;65.8	A	9/9	contiguous	24416	1	1	129533..130063-;176;unnamed;0
NZ_CP028786.2	MPF_T	IncX3	68	0	0	GA	1	51;37465;38109;+;46.4	52;38093;38383;+;73.1	53;38408;41161;+;47.0	53;38408;41161;+;142.4	53;38408;41161;+;73.3	54;41171;41941;+;60.1	56;42220;43275;+;133.2		57;43470;44198;+;119.4	58;44204;45133;+;138.8	59;45130;46344;+;128.3	61;46540;47574;+;65.7	62;47577;49412;+;495.9		pfam	pfam_only	A	7/7	canonical	1	1	unscoreable	2	0	0														not_admitted	not_admitted	not_admitted	not_admitted	not_admitted	not_admitted	not_admitted
NZ_CP028790.2	MPF_F	IncFII(pHN7A8)	135	0	0	GA	0															not_admitted	not_admitted	not_admitted	not_admitted	not_admitted	not_admitted	not_admitted	not_admitted	not_admitted	not_admitted	1	88;66526;67518;-;369.5	75;58320;59693;-;376.8	80;61259;62002;-;234.4	91;68527;70521;-;161.3	74;56236;58323;-;377.8	58;44386;45813;+;94.1	91;68527;70521;-;102.7	56;43105;43671;+;183.8	85;64942;65580;-;70.4	82;62279;64129;-;265.0	91;68527;70521;-;21.8	62;46837;47352;+;77.6		A	9/9	contiguous	25422	0	1	
NZ_CP028791.1	MPF_F	IncFIB(pNDM-Mar);RepB	326	0	0	GA	0															not_admitted	not_admitted	not_admitted	not_admitted	not_admitted	not_admitted	not_admitted	not_admitted	not_admitted	not_admitted	1	253;217559;218596;-;282.3	74;56816;58225;+;190.4	73;55789;56826;+;175.6	266;230628;233345;-;149.6	75;58227;62195;+;121.3	270;235458;236828;-;65.6	266;230628;233345;-;85.2	273;238474;239334;-;79.0	254;218593;219954;-;69.9	252;214364;217549;-;59.6	66;46452;48578;-;57.8	267;233390;234127;-;56.9	66;46452;48578;-;41.0	A	9/9	split_2	192022	0	1	
NZ_CP028804.2	MPF_F	IncC;IncFIB(K);IncFII(K)	372	0	0	GA	0															not_admitted	not_admitted	not_admitted	not_admitted	not_admitted	not_admitted	not_admitted	not_admitted	not_admitted	not_admitted	1	273;226574;227566;+;366.6	283;233017;234387;+;381.2	279;231063;231815;+;232.4	91;69205;71652;+;354.2	362;314145;317759;+;375.3	80;55894;57210;+;135.0	91;69205;71652;+;128.6	259;216377;216943;+;167.0	94;72474;73739;+;67.6	275;228214;230220;+;259.0	288;239050;241359;+;393.2	81;57207;57785;+;100.2	288;239050;241359;+;65.8	A	9/9	split_3	258251	0	1	
NZ_CP028805.1	MPF_F	IncFII(K);IncFII(pAR0022);IncR;repB(R1701)	143	0	0	GA	0															not_admitted	not_admitted	not_admitted	not_admitted	not_admitted	not_admitted	not_admitted	not_admitted	not_admitted	not_admitted	1	81;60466;61455;+;366.6	91;67002;68369;+;384.1	87;64992;65744;+;233.7	77;56370;59009;+;258.5	92;68369;71191;+;346.4	70;52119;53543;+;89.3	77;56370;59009;+;88.7	68;50826;51392;+;169.3	82;61468;62106;+;66.9	83;62165;64120;+;259.4	96;73807;76119;+;393.1	71;53615;54199;+;54.7	96;73807;76119;+;66.6	A	9/9	contiguous	22981	1	1	71214..71816+;200;TraS;0
NZ_CP028810.1	MPF_F	-	235	0	0	GA	0															not_admitted	not_admitted	not_admitted	not_admitted	not_admitted	not_admitted	not_admitted	not_admitted	not_admitted	not_admitted	1	105;85109;86140;+;368.4	113;91433;92878;+;321.9	112;90624;91433;+;214.4	98;79789;82383;+;232.9	114;92881;96816;+;228.0	90;74506;75828;+;95.8	98;79789;82383;+;81.1	88;73159;73770;+;108.2	106;86137;86925;+;89.9	108;88208;89488;+;150.6	78;62651;64717;+;419.4	97;79094;79774;+;50.9	78;62651;64717;+;70.0	A	9/9	contiguous	30230	0	1	
NZ_CP028814.1	MPF_F	IncC	166	0	0	GA	0															not_admitted	not_admitted	not_admitted	not_admitted	not_admitted	not_admitted	not_admitted	not_admitted	not_admitted	not_admitted	1	116;91857;92864;-;332.9	57;41235;42668;-;339.2	58;42670;43698;-;221.7	121;95616;98063;-;354.5	56;37608;41222;-;375.3	126;105619;106935;-;135.0	121;95616;98063;-;128.3	128;107833;108459;-;92.7	118;93529;94794;-;67.9	115;88943;91741;-;145.3	137;112269;114134;-;47.3	125;105044;105622;-;100.2	137;112269;114134;-;52.0	A	9/9	split_2	74661	0	1	
NZ_CP028851.1	MPF_F	repFIB;repHI5B	276	0	0	GA	0															not_admitted	not_admitted	not_admitted	not_admitted	not_admitted	not_admitted	not_admitted	not_admitted	not_admitted	not_admitted	1	189;159359;160396;+;282.2	42;39646;41088;-;188.6	43;41045;42082;-;172.0	178;145773;148490;+;143.5	41;35700;39644;-;119.0	174;142283;143650;+;63.7	178;145773;148490;+;80.6	171;139768;140628;+;73.9	188;158001;159362;+;71.7	190;160411;163587;+;58.7	50;49310;51436;+;62.0	177;144987;145724;+;56.3	50;49310;51436;+;39.7	A	9/9	split_2	124711	0	1	
NZ_CP028854.1	MPF_F	IncFII	81	0	0	GA	0															not_admitted	not_admitted	not_admitted	not_admitted	not_admitted	not_admitted	not_admitted	not_admitted	not_admitted	not_admitted	1	6;4913;5905;+;369.5	16;11684;13057;+;381.7	11;9011;9754;+;234.4	3;1274;3904;+;304.1	17;13054;15876;+;374.0	77;66720;68171;+;94.2	3;1274;3904;+;100.7	75;65439;66005;+;174.3	8;6249;6887;+;68.6	9;6884;8734;+;266.1	21;18148;20355;+;391.2	80;69031;69546;+;78.4	21;18148;20355;+;70.3	A	9/9	split_2	67757	1	1	15898..16377+;159;TraS;0
NZ_CP028855.1	MPF_T	-	76	0	0	GA	1		62;41876;42259;+;68.7	63;42262;42588;+;49.1	64;42585;45128;+;96.3	64;42585;45128;+;106.9	69;48604;49386;+;104.8	71;49598;51160;+;111.3		65;45125;45832;+;92.3	66;45848;46738;+;152.4	68;47197;48591;+;220.3	61;40805;41761;+;135.2	26;16651;18597;-;442.7		conjscan	conjscan_only	A	7/7	canonical	1	0	unscoreable	3	0	0														not_admitted	not_admitted	not_admitted	not_admitted	not_admitted	not_admitted	not_admitted
NZ_CP028856.1	MPF_T	IncX4	45	0	0	GA	1	29;23615;24235;-;41.6	28;23275;23601;-;64.4	27;20509;23256;-;63.8	27;20509;23256;-;151.8	27;20509;23256;-;46.1	26;19781;20497;-;94.2	25;18675;19769;-;150.1		23;17475;18161;-;169.0	22;16570;17478;-;142.4	21;15459;16577;-;164.0	20;14429;15457;-;85.0	19;12580;14397;-;316.5		pfam	pfam_only	A	7/7	canonical	1	1	unscoreable	1	0	0														not_admitted	not_admitted	not_admitted	not_admitted	not_admitted	not_admitted	not_admitted
NZ_CP028898.1	-	-	100	0	0	GA	1		78;64660;64956;+;65.6	79;64971;65306;+;75.0	80;65327;67858;+;148.8	80;65327;67858;+;86.3	25;22381;23136;+;162.9	26;23149;24186;+;124.1		82;67942;68640;+;185.0	83;68663;69520;+;179.9	84;69513;70691;+;194.6	5;6345;7970;+;209.2	94;74754;76592;+;326.9		pfam	both	A	7/7	rearranged	1	0	unscoreable	9	0	0														not_admitted	not_admitted	not_admitted	not_admitted	not_admitted	not_admitted	not_admitted
NZ_CP028920.1	-	-	210	0	0	GA	1	131;128582;129469;-;90.1	62;54518;54817;+;53.9	63;54833;55099;+;47.0	64;55089;57431;+;86.2	64;55089;57431;+;48.4	67;58762;59553;+;41.5	69;60038;61036;+;73.9		70;61103;61783;+;157.2	71;61785;62501;+;146.3	72;62498;63817;+;173.3	73;63817;64803;+;114.1	75;67060;69051;+;322.1		pfam	pfam_only	A	7/7	canonical	1	0	unscoreable	3	0	0														not_admitted	not_admitted	not_admitted	not_admitted	not_admitted	not_admitted	not_admitted
NZ_CP028929.1	MPF_F	IncFIB(pNDM-Mar);IncHI1B(pNDM-MAR)	317	0	0	GA	0															not_admitted	not_admitted	not_admitted	not_admitted	not_admitted	not_admitted	not_admitted	not_admitted	not_admitted	not_admitted	1	263;229742;230779;-;282.3	184;152927;154336;-;190.4	185;154326;155363;-;175.7	277;242836;245553;-;149.6	183;148957;152925;-;121.3	281;247666;249036;-;65.6	277;242836;245553;-;85.2	284;250682;251542;-;79.0	264;230776;232137;-;69.9	262;226547;229732;-;59.9	105;78610;80736;-;57.7	278;245598;246335;-;56.9	105;78610;80736;-;41.0	A	9/9	split_3	172072	0	1	
NZ_CP028930.1	MPF_F	IncFIB(K)	106	0	0	GA	0															not_admitted	not_admitted	not_admitted	not_admitted	not_admitted	not_admitted	not_admitted	not_admitted	not_admitted	not_admitted	1	27;30066;31058;-;366.6	17;23163;24530;-;381.2	21;25788;26540;-;233.7	29;32073;34712;-;258.7	16;21292;23163;-;346.7	38;38527;39951;-;89.2	29;32073;34712;-;88.8	40;40678;41244;-;167.0	26;29415;30053;-;67.0	25;27412;29418;-;259.6	9;14739;17051;-;392.7	36;37346;37915;-;49.7	9;14739;17051;-;66.6	A	9/9	contiguous	25939	0	1	
NZ_CP028945.1	-	-	159	0	0	GA	0															not_admitted	not_admitted	not_admitted	not_admitted	not_admitted	not_admitted	not_admitted	not_admitted	not_admitted	not_admitted	1	91;78478;79512;+;307.7	40;32312;33709;+;264.1	39;31299;32294;+;187.2	88;74196;76778;+;187.5	41;33712;37122;+;172.7	84;71174;72487;+;109.2	88;74196;76778;+;118.5	82;69766;70368;+;35.9	90;77316;78467;+;36.2	94;80825;86584;+;97.5	77;66121;67668;+;33.1	85;72484;73089;+;48.6	77;66121;67668;+;38.6	A	9/9	split_2	49526	0	1	
NZ_CP028954.1	MPF_F	IncFIB(K);IncFII(K)	223	0	0	GA	0															not_admitted	not_admitted	not_admitted	not_admitted	not_admitted	not_admitted	not_admitted	not_admitted	not_admitted	not_admitted	1	35;40174;41163;-;363.3	24;32988;34355;-;382.2	28;35613;36365;-;236.4	39;42620;45259;-;259.0	23;30139;32988;-;342.9	50;49226;50650;-;88.8	39;42620;45259;-;87.6	52;51377;51943;-;167.9	33;39251;39898;-;65.9	32;37237;39192;-;259.5	19;26018;28327;-;392.8	47;48030;48614;-;53.8	19;26018;28327;-;65.8	A	9/9	contiguous	25359	1	1	29606..30136-;176;unnamed;0
NZ_CP028958.1	MPF_T	IncN	78	0	0	GA	1	36;26236;26970;+;32.5		39;27613;27930;+;63.3	40;27930;30530;+;113.8	40;27930;30530;+;76.4	41;30548;31261;+;105.5	43;31512;32552;+;142.4		44;32771;33469;+;131.9	45;33480;34364;+;159.7	46;34364;35524;+;156.3	47;35566;36561;+;81.2	74;67520;69049;-;38.5		pfam	both	A	7/7	canonical	1	0	unscoreable	3	0	0														not_admitted	not_admitted	not_admitted	not_admitted	not_admitted	not_admitted	not_admitted
NZ_CP028965.1	MPF_T	-	463	0	0	GA	1	439;398210;398635;+;67.9			40;33988;36465;+;59.6	40;33988;36465;+;80.7		43;37439;38449;+;47.9		434;393275;393991;+;82.1	435;393988;394863;+;147.3	436;394871;396148;+;126.6	444;402686;404977;+;142.5	45;39798;41666;+;32.4		none	none	A	7/7	canonical	0	0	unscoreable	10	0	0														not_admitted	not_admitted	not_admitted	not_admitted	not_admitted	not_admitted	not_admitted
NZ_CP028966.1	MPF_T	-	56	0	0	GA	1		54;52094;52456;-;75.7	53;51802;52101;-;59.8	52;49354;51798;-;161.6	52;49354;51798;-;123.1	51;48582;49382;-;59.5	49;47226;48392;-;110.8		48;46555;47217;-;124.4	47;45711;46535;-;186.5	45;43940;45244;-;220.8	55;52446;53414;-;139.0			conjscan	conjscan_only	B	6/7	canonical	1	0	unscoreable	3	0	0														not_admitted	not_admitted	not_admitted	not_admitted	not_admitted	not_admitted	not_admitted
NZ_CP028970.1	MPF_T	-	364	0	0	GA	1	160;168514;169572;+;85.0	157;165462;165797;+;87.0	158;165801;166100;+;72.8	159;166097;168517;+;125.5	159;166097;168517;+;96.0	161;169584;170282;+;40.4	162;170510;171520;+;140.6		163;171566;172261;+;177.2	164;172258;173067;+;203.0	165;173067;174284;+;208.5	166;174265;175296;+;124.6	167;175293;177458;+;305.2		pfam	pfam_only	A	7/7	canonical	1	0	unscoreable	0	0	0														not_admitted	not_admitted	not_admitted	not_admitted	not_admitted	not_admitted	not_admitted
NZ_CP028971.1	MPF_T	-	103	0	0	GA	1		36;31530;31901;-;78.4	35;31226;31537;-;63.4	34;28759;31215;-;178.0	34;28759;31215;-;124.8	33;27987;28787;-;48.5	31;26600;27787;-;111.1		30;25919;26581;-;126.6	29;25062;25937;-;191.9	27;23290;24594;-;222.4	37;31891;32859;-;124.8	15;10389;12314;-;523.6		conjscan	conjscan_only	A	7/7	canonical	1	0	unscoreable	3	0	0														not_admitted	not_admitted	not_admitted	not_admitted	not_admitted	not_admitted	not_admitted
NZ_CP028972.1	-	-	63	0	0	GA	1	21;22821;23624;-;47.0	19;19930;20265;-;58.0	18;19572;19916;-;77.0	17;17047;19572;-;182.2	17;17047;19572;-;59.1	16;16316;17032;-;183.5	14;14886;15986;-;131.0		12;13820;14542;-;164.5	11;12951;13823;-;183.2	10;11821;12954;-;190.2	9;10779;11759;-;90.8	8;7982;10579;-;344.3		pfam	both	A	7/7	canonical	1	0	unscoreable	3	0	0														not_admitted	not_admitted	not_admitted	not_admitted	not_admitted	not_admitted	not_admitted
NZ_CP028975.1	MPF_F	IncHI2;IncHI2A	387	0	0	GA	0															not_admitted	not_admitted	not_admitted	not_admitted	not_admitted	not_admitted	not_admitted	not_admitted	not_admitted	not_admitted	1	307;261797;262855;-;276.9	154;130007;131422;-;194.1	155;131412;132458;-;173.7	325;283494;286175;-;168.0	153;126048;129998;-;101.6	329;288505;289860;-;80.7	325;283494;286175;-;72.2	332;291584;292372;-;74.8	309;262997;264508;-;62.7	306;258590;261778;-;58.3	161;139499;141583;+;56.7	326;286184;287134;-;46.4	161;139499;141583;+;38.8	A	9/9	split_3	165536	0	1	
NZ_CP028979.1	MPF_T	-	65	0	0	GA	1				26;20262;22280;+;25.8									32;26306;27817;+;463.8		none	none	D	2/7	uncallable	0	0	unscoreable	5	0	0														not_admitted	not_admitted	not_admitted	not_admitted	not_admitted	not_admitted	not_admitted
NZ_CP028995.1	MPF_F	IncFIB(K);IncFII(K)	177	0	0	GA	0															not_admitted	not_admitted	not_admitted	not_admitted	not_admitted	not_admitted	not_admitted	not_admitted	not_admitted	not_admitted	1	121;110024;111016;-;366.6	111;103203;104573;-;381.2	115;105775;106527;-;232.4	124;112041;114680;-;258.7	110;100354;103203;-;345.6	133;118495;119919;-;89.2	124;112041;114680;-;88.8	135;120646;121212;-;167.0	120;109373;110011;-;67.0	119;107370;109376;-;259.0	106;95556;97868;-;392.7	131;117314;117883;-;49.7	106;95556;97868;-;66.5	A	9/9	contiguous	25090	1	1	99793..100341-;182;unnamed;0
NZ_CP028996.1	MPF_F	IncC	209	0	0	GA	0															not_admitted	not_admitted	not_admitted	not_admitted	not_admitted	not_admitted	not_admitted	not_admitted	not_admitted	not_admitted	1	80;74372;75379;+;332.9	150;137332;138765;+;339.2	149;136302;137330;+;221.7	75;69173;71620;+;354.5	151;138778;142392;+;375.3	207;174685;175845;+;156.3	75;69173;71620;+;128.3	68;58777;59403;+;92.7	78;72442;73707;+;67.9	81;75495;78293;+;145.3	59;53102;54967;+;47.3	71;61614;62192;+;100.2	59;53102;54967;+;52.0	A	9/9	split_3	121583	0	1	
NZ_CP028999.1	MPF_T	IncN4	63	0	0	GA	1	27;27277;28017;-;34.8		14;14785;15099;-;65.3	13;12155;14785;-;123.5	13;12155;14785;-;87.4	12;11438;12145;-;114.7	10;10136;11179;-;126.7	9;9871;10041;-;41.4	8;9152;9868;-;145.6	7;8262;9149;-;144.4	6;7111;8265;-;174.0	5;6087;7118;-;78.1	0;102;1679;+;50.6		pfam	both	A	7/7	canonical	1	0	ga	5	0	0														not_admitted	not_admitted	not_admitted	not_admitted	not_admitted	not_admitted	not_admitted
NZ_CP029000.1	MPF_F	IncFIB(pQil);IncFII(K)	146	0	0	GA	0															not_admitted	not_admitted	not_admitted	not_admitted	not_admitted	not_admitted	not_admitted	not_admitted	not_admitted	not_admitted	1	94;76402;77394;+;366.6	105;82844;84214;+;381.2	101;81337;81642;+;111.1	91;72737;75376;+;258.7	106;84214;87063;+;345.6	83;67981;69405;+;88.8	91;72737;75376;+;88.8	81;66688;67254;+;169.3	95;77407;78045;+;67.0	96;78042;80048;+;259.0	110;89549;91861;+;392.7	84;69519;70103;+;55.4	110;89549;91861;+;66.5	A	9/9	contiguous	22861	1	1	87076..87624+;182;unnamed;0
NZ_CP029037.1	MPF_F	IncHI2;IncHI2A	346	0	0	GA	0															not_admitted	not_admitted	not_admitted	not_admitted	not_admitted	not_admitted	not_admitted	not_admitted	not_admitted	not_admitted	1	230;217757;218815;-;276.9	6;9335;10750;+;194.1	5;8299;9345;+;173.7	248;239453;242134;-;168.0	7;10759;14709;+;101.6	252;244464;245819;-;80.7	248;239453;242134;-;72.2	255;247543;248331;-;74.8	232;218957;220468;-;62.7	229;214550;217738;-;58.3	345;319104;319916;-;41.3	249;242143;243093;-;46.4	345;319104;319916;-;41.5	A	9/9	split_4	310805	0	1	
NZ_CP029058.1	MPF_F	IncFII(pHN7A8);IncI1-I(Alpha)	283	0	0	GA	0															not_admitted	not_admitted	not_admitted	not_admitted	not_admitted	not_admitted	not_admitted	not_admitted	not_admitted	not_admitted	1	54;49740;50732;-;369.3	43;42317;43690;-;381.0	48;45280;46023;-;233.3	57;51741;54368;-;304.6	42;39495;42320;-;389.2	63;56520;57947;-;94.0	57;51741;54368;-;99.2	65;58662;59228;-;183.8	51;48105;48743;-;68.6	50;46300;48108;-;268.0	39;35758;37992;-;391.7	59;54884;55399;-;77.5	39;35758;37992;-;70.3	A	9/9	contiguous	22904	1	1	38989..39498-;169;unnamed;0
NZ_CP029061.1	MPF_T	IncX1	45	0	0	GA	1	28;17445;18092;+;46.9	29;18070;18366;+;77.5	30;18385;21138;+;46.6	30;18385;21138;+;148.1	30;18385;21138;+;71.6	31;21149;21907;+;67.3	33;22145;23278;+;106.4		34;23524;24237;+;119.7	35;24242;25171;+;133.8	36;25168;26373;+;132.5	37;26375;27406;+;76.5	38;27409;29244;+;488.6		pfam	pfam_only	A	7/7	canonical	1	1	unscoreable	1	0	0														not_admitted	not_admitted	not_admitted	not_admitted	not_admitted	not_admitted	not_admitted
NZ_CP029091.1	MPF_F	-	224	0	0	GA	0															not_admitted	not_admitted	not_admitted	not_admitted	not_admitted	not_admitted	not_admitted	not_admitted	not_admitted	not_admitted	1	181;120491;121543;-;326.3	173;112403;113806;-;304.3	174;113803;114828;-;233.9	184;123337;125802;-;314.2	172;109230;112391;-;355.5	189;135078;136397;-;128.8	184;123337;125802;-;132.2	191;137628;138269;-;90.3	182;121530;122771;-;71.6	209;152960;155566;-;125.3	196;140421;142253;-;37.7	188;134568;135068;-;86.2	196;140421;142253;-;55.0	A	9/9	contiguous	43730	0	1	
NZ_CP029092.1	MPF_T	-	72	0	0	GA	1	62;48702;49574;+;22.9		64;50098;50415;+;62.3	65;50415;53063;+;105.7	65;50415;53063;+;89.7	66;53065;53838;+;104.9	68;54102;55163;+;124.1	69;55256;55447;+;48.0	70;55444;56169;+;130.6	71;56166;57047;+;150.0	0;100;1149;+;162.1	1;1161;2192;+;80.5	26;26815;28353;-;47.3		pfam	both	A	7/7	canonical	1	0	ga	2	0	0														not_admitted	not_admitted	not_admitted	not_admitted	not_admitted	not_admitted	not_admitted
NZ_CP029101.1	MPF_F	IncFIB(K);IncFII(K)	216	0	0	GA	0															not_admitted	not_admitted	not_admitted	not_admitted	not_admitted	not_admitted	not_admitted	not_admitted	not_admitted	not_admitted	1	194;191703;192695;-;366.6	184;184882;186252;-;381.2	188;187454;188206;-;232.4	197;193721;196360;-;258.7	183;182033;184882;-;344.2	206;200175;201599;-;89.2	197;193721;196360;-;88.8	208;202326;202916;-;164.5	193;191052;191690;-;67.0	192;189049;191055;-;259.0	179;177907;180219;-;393.1	204;198994;199563;-;49.7	179;177907;180219;-;66.6	A	9/9	contiguous	24419	1	1	181500..182030-;176;unnamed;0
NZ_CP029102.1	MPF_F	IncFIB(pQil);IncFII(K)	152	0	0	GA	0															not_admitted	not_admitted	not_admitted	not_admitted	not_admitted	not_admitted	not_admitted	not_admitted	not_admitted	not_admitted	1	135;123898;124887;-;366.0	125;116984;118351;-;380.7	129;119609;120361;-;233.7	139;126330;128969;-;258.5	124;114135;116984;-;345.6	147;132226;133650;-;88.8	139;126330;128969;-;88.7	149;134377;134943;-;169.3	134;123247;123885;-;67.0	133;121233;123188;-;259.7	120;109418;111649;-;392.8	146;131528;132112;-;55.4	120;109418;111649;-;66.6	A	9/9	contiguous	24959	1	1	113574..114122-;182;unnamed;0
NZ_CP029104.1	MPF_F	IncFII	95	0	0	GA	0															not_admitted	not_admitted	not_admitted	not_admitted	not_admitted	not_admitted	not_admitted	not_admitted	not_admitted	not_admitted	1	77;63851;64843;-;369.8	62;54996;56369;-;382.3	69;58573;59316;-;235.0	80;65852;68479;-;303.8	61;52180;54999;-;374.0	87;70614;72065;-;92.5	80;65852;68479;-;98.2	89;72780;73346;-;172.3	74;62216;62854;-;68.9	71;59596;61404;-;262.2	57;47658;49910;-;391.7	83;68995;69510;-;78.8	57;47658;49910;-;70.3	A	9/9	contiguous	25122	1	1	51664..52155-;163;TraS;0
NZ_CP029112.1	MPF_T	IncN3	73	0	0	GA	1	15;11988;12770;-;33.0	13;11445;11741;-;36.0	12;11088;11405;-;71.9	11;8514;11087;-;117.9	11;8514;11087;-;74.2	10;7797;8498;-;99.8	8;6491;7528;-;122.7	7;6283;6414;-;40.1	6;5577;6272;-;132.6	5;4805;5566;-;134.2	2;1833;2966;-;166.3	1;781;1782;-;90.0	69;53187;54719;+;48.1		pfam	both	A	7/7	canonical	1	0	ga	4	0	0														not_admitted	not_admitted	not_admitted	not_admitted	not_admitted	not_admitted	not_admitted
NZ_CP029113.1	MPF_F	IncFIA;IncFII	118	0	0	GA	0															not_admitted	not_admitted	not_admitted	not_admitted	not_admitted	not_admitted	not_admitted	not_admitted	not_admitted	not_admitted	1	31;28653;29645;+;371.6	40;34707;36080;+;380.7	35;32374;33117;+;233.3	28;25017;27644;+;303.5	41;36077;38896;+;386.2	22;21431;22858;+;91.9	28;25017;27644;+;99.0	20;20150;20716;+;182.9	32;29654;30292;+;64.9	33;30289;32097;+;268.2	44;40428;42662;+;391.7	27;23986;24501;+;76.4	44;40428;42662;+;70.3	A	9/9	contiguous	20278	1	1	38921..39412+;163;TraS;0
NZ_CP029118.1	MPF_F	IncC	226	0	0	GA	0															not_admitted	not_admitted	not_admitted	not_admitted	not_admitted	not_admitted	not_admitted	not_admitted	not_admitted	not_admitted	1	210;170320;171327;-;332.9	89;62677;64110;-;339.2	90;64112;65140;-;221.7	215;174079;176526;-;354.2	88;59050;62664;-;375.3	220;184037;185353;-;135.0	215;174079;176526;-;128.6	222;186251;186877;-;92.1	212;171992;173257;-;67.5	209;167409;170204;-;145.3	5;2778;4643;-;47.4	219;183462;184040;-;100.2	5;2778;4643;-;52.0	A	9/9	split_3	183473	0	1	
NZ_CP029134.1	MPF_T	-	2	0	0	GA	0															not_admitted	not_admitted	not_admitted	not_admitted	not_admitted	not_admitted	not_admitted	not_admitted	not_admitted	not_admitted	1				1;459;2906;+;354.5			1;459;2906;+;128.3							D	1/9	contiguous	0	0	0	
NZ_CP029136.1	MPF_F	IncFIB(K);IncFII(K)	198	0	0	GA	0															not_admitted	not_admitted	not_admitted	not_admitted	not_admitted	not_admitted	not_admitted	not_admitted	not_admitted	not_admitted	1	180;168213;169205;+;366.6	190;174656;176026;+;381.2	186;172702;173454;+;232.4	177;164548;167187;+;258.7	191;176026;178875;+;344.2	168;159309;160733;+;89.2	177;164548;167187;+;88.8	166;158016;158582;+;167.0	181;169218;169856;+;67.0	182;169853;171859;+;259.0	195;181890;184199;+;393.2	170;161345;161914;+;49.7	195;181890;184199;+;65.8	A	9/9	contiguous	23874	1	1	178878..179408+;176;unnamed;0
NZ_CP029142.1	MPF_F	IncHI1A(NDM-CIT);IncHI1B(pNDM-CIT)	377	1	1	GA	1		152;132846;133232;+;89.6	153;133229;133498;+;32.5	267;254288;256738;+;42.3	267;254288;256738;+;138.4	155;135958;136701;+;226.2	157;137037;138404;+;179.3		158;138423;139127;+;235.7	272;259903;260895;+;224.4	160;140119;141402;+;206.6	151;131780;132859;+;118.3	262;250087;252102;+;346.4	189;166505;169681;-;57.9	conjscan	conjscan_only	A	7/7	rearranged	1	0	unscoreable	6	0	1	190;169700;170407;-;214.6	361;323150;324565;+;200.0	360;322114;323160;+;166.2	207;189208;191889;-;156.8	362;324574;328563;+;103.1	160;140119;141402;+;206.6	207;189208;191889;-;70.8	214;197262;198047;-;69.5	192;170900;172408;-;62.3	189;166505;169681;-;57.9	262;250087;252102;+;105.6	208;191898;192848;-;45.4	262;250087;252102;+;99.4	A	9/9	split_4	184455	0	1	
NZ_CP029184.1	MPF_T	IncI2(Delta)	72	0	0	GA	1	36;32893;33375;-;81.1		51;48982;49266;-;36.6	50;46619;48976;-;58.5	50;46619;48976;-;44.9	60;54078;54722;-;41.0	61;54728;55723;-;123.9		48;45719;46453;-;144.3	47;44952;45722;-;170.5	46;43823;44962;-;154.7	39;35154;36692;-;207.1	44;40775;42733;-;289.6		pfam	pfam_only	A	7/7	rearranged	1	0	unscoreable	14	0	0														not_admitted	not_admitted	not_admitted	not_admitted	not_admitted	not_admitted	not_admitted
NZ_CP029232.1	MPF_T	-	1824	0	0	GA	1		1351;1454790;1455089;-;89.2	1350;1454444;1454785;-;106.8	1349;1452070;1454451;-;166.8	1349;1452070;1454451;-;107.8	1348;1451372;1452070;-;211.3	1346;1450201;1451136;-;160.1		1344;1449213;1449884;-;210.8	1343;1448359;1449213;-;183.9	1342;1447204;1448349;-;176.1	1251;1348996;1350420;+;215.7	1331;1437828;1439738;+;316.8		pfam	both	A	7/7	canonical	1	0	unscoreable	11	0	0														not_admitted	not_admitted	not_admitted	not_admitted	not_admitted	not_admitted	not_admitted
NZ_CP029233.1	MPF_T	-	471	0	0	GA	1		467;415185;415568;-;73.0	466;414893;415192;-;65.3	463;411117;413279;-;170.9	465;414649;414882;-;44.5	462;410342;411145;-;39.4	460;408979;410154;-;113.3		459;408293;408955;-;126.7	458;407463;408275;-;180.8	456;405946;407001;-;115.9	468;415558;416535;-;122.6			conjscan	conjscan_only	B	6/7	canonical	1	0	unscoreable	4	0	0														not_admitted	not_admitted	not_admitted	not_admitted	not_admitted	not_admitted	not_admitted
NZ_CP029234.1	MPF_T	-	202	0	0	GA	1		197;197821;198120;-;89.6	196;197475;197816;-;108.1	195;195101;197482;-;168.1	195;195101;197482;-;111.2	194;194403;195101;-;206.6	192;193235;194170;-;162.3		190;192247;192918;-;217.1	189;191393;192247;-;177.9	188;190211;191242;-;182.7	187;189211;190200;-;102.7	35;32149;34068;-;330.2		pfam	both	A	7/7	canonical	1	0	unscoreable	2	0	0														not_admitted	not_admitted	not_admitted	not_admitted	not_admitted	not_admitted	not_admitted
NZ_CP029243.1	MPF_F	IncFIB(AP001918);IncFII	163	0	0	GA	0															not_admitted	not_admitted	not_admitted	not_admitted	not_admitted	not_admitted	not_admitted	not_admitted	not_admitted	not_admitted	1	41;40803;41795;-;369.3	30;33380;34753;-;381.0	35;36343;37086;-;235.0	44;42804;45431;-;304.6	29;30813;33383;-;389.5	50;47583;49010;-;94.3	44;42804;45431;-;99.0	52;49725;50291;-;183.8	38;39168;39806;-;68.6	37;37363;39171;-;268.0	25;26821;29028;-;391.5	46;45947;46462;-;78.4	25;26821;29028;-;70.4	A	9/9	contiguous	22904	1	1	30562..30795-;77;unnamed;0
NZ_CP029245.1	MPF_T	IncX3	57	0	0	GA	1	34;26038;26682;+;46.4	35;26666;26956;+;73.1	36;26981;29734;+;47.0	36;26981;29734;+;142.4	36;26981;29734;+;73.3	37;29744;30514;+;60.1	39;30793;31848;+;133.2		40;32043;32771;+;119.4	41;32777;33706;+;138.8	42;33703;34917;+;128.3	44;35113;36147;+;65.7	45;36150;37985;+;495.9		pfam	pfam_only	A	7/7	canonical	1	1	unscoreable	2	0	0														not_admitted	not_admitted	not_admitted	not_admitted	not_admitted	not_admitted	not_admitted
NZ_CP029248.1	MPF_F	IncHI2;IncHI2A	383	0	0	GA	0															not_admitted	not_admitted	not_admitted	not_admitted	not_admitted	not_admitted	not_admitted	not_admitted	not_admitted	not_admitted	1	39;37288;38346;+;276.9	276;254384;255799;-;194.1	277;255789;256835;-;173.7	14;11518;14199;+;168.0	275;250425;254375;-;101.6	10;7833;9188;+;80.7	14;11518;14199;+;72.2	6;3983;4771;+;74.8	37;35845;37146;+;61.8	40;38365;41553;+;58.3	283;263876;265960;+;56.7	13;10559;11509;+;46.4	283;263876;265960;+;38.8	A	9/9	split_3	259893	1	1	249032..250240-;402;unnamed;0
NZ_CP029249.1	MPF_F	IncC	182	0	0	GA	0															not_admitted	not_admitted	not_admitted	not_admitted	not_admitted	not_admitted	not_admitted	not_admitted	not_admitted	not_admitted	1	42;38992;39999;+;332.9	124;103535;104968;-;339.2	125;104970;105998;-;221.7	37;33793;36240;+;354.2	123;99908;103522;-;375.3	28;20483;21799;+;135.0	37;33793;36240;+;128.6	26;18959;19585;+;92.1	40;37062;38327;+;67.6	43;40115;43015;+;145.1	17;13284;15149;+;47.4	29;21796;22374;+;100.2	17;13284;15149;+;52.0	A	9/9	split_2	91686	0	1	
NZ_CP029274.1	MPF_T	-	64	0	0	GA	1	52;45907;46497;-;64.4	41;32665;32979;-;82.0		39;29759;32329;-;38.4	39;29759;32329;-;110.6	38;28967;29740;-;58.2	37;26921;28399;-;84.9		36;26204;26914;-;124.6	35;25185;26177;-;167.8	34;23817;25169;-;213.7	42;33060;34064;-;113.7	50;40610;42661;-;343.3		conjscan	conjscan_only	A	7/7	canonical	1	0	unscoreable	10	0	0														not_admitted	not_admitted	not_admitted	not_admitted	not_admitted	not_admitted	not_admitted
NZ_CP029276.1	MPF_T	-	64	0	0	GA	1	52;45906;46496;-;64.4	41;32664;32978;-;82.0		39;29758;32328;-;38.4	39;29758;32328;-;110.6	38;28966;29739;-;58.2	37;26920;28398;-;84.9		36;26203;26913;-;124.6	35;25184;26176;-;167.8	34;23816;25168;-;213.7	42;33059;34063;-;113.7	50;40609;42660;-;343.3		conjscan	conjscan_only	A	7/7	canonical	1	0	unscoreable	10	0	0														not_admitted	not_admitted	not_admitted	not_admitted	not_admitted	not_admitted	not_admitted
NZ_CP029278.1	MPF_T	-	70	0	0	GA	1	61;52249;52839;-;64.4	51;40345;40659;-;82.0		49;37439;40009;-;38.4	49;37439;40009;-;110.6	48;36647;37420;-;58.2	47;34601;36079;-;84.9		46;33884;34594;-;124.6	45;32865;33857;-;167.8	44;31497;32849;-;213.7	52;40740;41744;-;113.7	59;46952;49003;-;343.3		conjscan	conjscan_only	A	7/7	canonical	1	0	unscoreable	9	0	0														not_admitted	not_admitted	not_admitted	not_admitted	not_admitted	not_admitted	not_admitted
NZ_CP029282.1	MPF_T	-	68	0	0	GA	1	59;51298;51888;-;64.4	49;39394;39708;-;82.0		47;36488;39058;-;38.4	47;36488;39058;-;110.6	46;35696;36469;-;58.2	45;33650;35128;-;84.9		44;32933;33643;-;124.6	43;31914;32906;-;167.8	42;30546;31898;-;213.7	50;39789;40793;-;113.7	57;46001;48052;-;343.3		conjscan	conjscan_only	A	7/7	canonical	1	0	unscoreable	9	0	0														not_admitted	not_admitted	not_admitted	not_admitted	not_admitted	not_admitted	not_admitted
NZ_CP029285.1	MPF_T	-	68	0	0	GA	1	59;51236;51826;-;64.4	49;39332;39646;-;82.0		47;36426;38996;-;38.4	47;36426;38996;-;110.6	46;35634;36407;-;58.2	45;33588;35066;-;84.9		44;32871;33581;-;124.6	43;31852;32844;-;167.8	42;30484;31836;-;213.7	50;39727;40731;-;113.7	57;45939;47990;-;343.3		conjscan	conjscan_only	A	7/7	canonical	1	0	unscoreable	9	0	0														not_admitted	not_admitted	not_admitted	not_admitted	not_admitted	not_admitted	not_admitted
NZ_CP029374.1	-	-	63	0	0	GA	1	60;51807;52367;+;41.7	61;52373;52735;+;40.4	62;52760;53080;+;40.8	0;6;2513;+;104.7	0;6;2513;+;78.8	3;4109;4807;+;73.3	2;2917;4089;+;74.4		4;4822;5535;+;128.6	5;5532;6488;+;155.4	6;6485;7999;+;153.3	7;7996;9276;+;72.8	8;9273;11192;+;351.4		pfam	both	A	7/7	canonical	1	0	unscoreable	1	0	0														not_admitted	not_admitted	not_admitted	not_admitted	not_admitted	not_admitted	not_admitted
NZ_CP029381.1	MPF_F	IncFII(pHN7A8);IncR	189	0	0	GA	0															not_admitted	not_admitted	not_admitted	not_admitted	not_admitted	not_admitted	not_admitted	not_admitted	not_admitted	not_admitted	1	63;49409;50401;+;369.5	76;57234;58607;+;376.8	71;54925;55668;+;234.4	60;45773;48400;+;301.8	77;58604;61420;+;376.7	55;42291;43718;+;94.1	60;45773;48400;+;101.8	53;41010;41576;+;183.8	66;51347;51985;+;70.4	69;52798;54648;+;265.0	81;63721;65937;+;391.7	59;44742;45257;+;77.6	81;63721;65937;+;70.3	A	9/9	contiguous	22711	1	1	61453..61974+;173;unnamed;0
NZ_CP029387.1	MPF_F	IncFIB(K);IncFII(K);IncFII(pAR0022)	248	0	0	GA	0															not_admitted	not_admitted	not_admitted	not_admitted	not_admitted	not_admitted	not_admitted	not_admitted	not_admitted	not_admitted	1	159;158930;159919;-;366.6	149;152016;153383;-;384.1	153;154641;155393;-;233.7	163;161376;164015;-;258.5	148;149194;152016;-;346.4	173;167919;169343;-;89.5	163;161376;164015;-;88.7	175;170070;170636;-;167.0	158;158279;158917;-;66.9	157;156265;158220;-;259.4	144;144269;146578;-;393.1	171;166723;167307;-;53.8	144;144269;146578;-;66.6	A	9/9	contiguous	25801	1	1	148569..149171-;200;TraS;0
NZ_CP029428.1	MPF_T	-	62	0	0	GA	1	15;11886;12548;-;48.3	14;11576;11875;-;36.6	13;8816;11566;-;61.8	13;8816;11566;-;135.6	13;8816;11566;-;47.3	12;8081;8797;-;137.0	10;6760;7767;-;139.4		8;5864;6550;-;160.5	7;4978;5871;-;147.4	6;3785;4981;-;134.9	5;2732;3781;-;68.6	59;47299;49206;-;23.9		pfam	pfam_only	A	7/7	canonical	1	1	unscoreable	2	0	0														not_admitted	not_admitted	not_admitted	not_admitted	not_admitted	not_admitted	not_admitted
NZ_CP029431.1	MPF_F	pKPC-CAV1321	522	0	0	GA	0															not_admitted	not_admitted	not_admitted	not_admitted	not_admitted	not_admitted	not_admitted	not_admitted	not_admitted	not_admitted	1	149;127840;128847;-;332.9	393;324993;326435;-;260.7	394;326432;327532;-;198.4	154;131599;134046;-;354.2	392;321460;324978;-;240.0	159;141557;142873;-;135.0	154;131599;134046;-;128.6	161;143771;144397;-;92.1	151;129512;130777;-;67.6	148;124929;127724;-;145.3	170;148207;150072;-;47.4	158;140982;141560;-;100.2	170;148207;150072;-;52.0	A	9/9	split_2	201503	0	1	
NZ_CP029434.1	MPF_T	-	71	0	0	GA	1	67;57282;57944;+;48.3	68;57955;58254;+;36.6	69;58264;61014;+;61.8	69;58264;61014;+;135.6	69;58264;61014;+;47.3		2;848;1855;+;139.4		4;2065;2751;+;160.5	5;2744;3637;+;147.4	6;3634;4830;+;134.9	7;4834;5883;+;68.6	14;10621;12528;+;23.9		none	none	A	7/7	rearranged	0	1	unscoreable	7	0	0														not_admitted	not_admitted	not_admitted	not_admitted	not_admitted	not_admitted	not_admitted
NZ_CP029436.1	MPF_F	pKPC-CAV1321	533	0	0	GA	0															not_admitted	not_admitted	not_admitted	not_admitted	not_admitted	not_admitted	not_admitted	not_admitted	not_admitted	not_admitted	1	7;7185;8192;-;332.9	251;204338;205780;-;260.7	252;205777;206877;-;198.4	12;10944;13391;-;354.2	250;200805;204323;-;240.0	17;20902;22218;-;135.0	12;10944;13391;-;128.6	19;23116;23742;-;92.1	9;8857;10122;-;67.6	6;4274;7069;-;145.3	28;27552;29417;-;47.4	16;20327;20905;-;100.2	28;27552;29417;-;52.0	A	9/9	split_2	201503	0	1	
NZ_CP029439.1	MPF_T	IncX5	66	0	0	GA	1	2;3089;3733;-;43.1	1;2815;3105;-;69.0	0;34;2793;-;42.6	0;34;2793;-;133.4	0;34;2793;-;71.4	65;55182;55844;-;54.1	63;53852;54907;-;132.5		62;52884;53612;-;120.2	61;51950;52879;-;133.7	60;50742;51953;-;136.2	59;49687;50730;-;63.5	58;47849;49684;-;501.3		pfam	pfam_only	A	7/7	rearranged	1	1	unscoreable	1	0	0														not_admitted	not_admitted	not_admitted	not_admitted	not_admitted	not_admitted	not_admitted
NZ_CP029440.1	MPF_T	-	70	0	0	GA	1	4;4287;4949;-;48.3	3;3977;4276;-;36.6	2;1217;3967;-;61.8	2;1217;3967;-;135.6	2;1217;3967;-;47.3	1;482;1198;-;137.0	69;59814;60614;-;107.2		67;58918;59604;-;160.5	66;58032;58925;-;147.4	65;56839;58035;-;134.9	64;55786;56835;-;68.6	57;49141;51048;-;23.9		pfam	pfam_only	A	7/7	rearranged	1	1	unscoreable	7	0	0														not_admitted	not_admitted	not_admitted	not_admitted	not_admitted	not_admitted	not_admitted
NZ_CP029442.1	MPF_F	pKPC-CAV1321	486	0	0	GA	0															not_admitted	not_admitted	not_admitted	not_admitted	not_admitted	not_admitted	not_admitted	not_admitted	not_admitted	not_admitted	1	104;99039;100046;-;332.9	348;296192;297634;-;260.7	349;297631;298731;-;198.4	109;102798;105245;-;354.2	347;292659;296177;-;240.0	114;112756;114072;-;135.0	109;102798;105245;-;128.6	116;114970;115596;-;92.1	106;100711;101976;-;67.6	103;96128;98923;-;145.3	125;119406;121271;-;47.4	113;112181;112759;-;100.2	125;119406;121271;-;52.0	A	9/9	split_2	201503	0	1	
NZ_CP029446.1	MPF_T	IncU;IncX5	79	0	0	GA	1	1;1422;2066;-;43.1	0;1148;1438;-;69.0		78;67525;69120;-;50.4		77;66783;67517;-;55.3	75;65453;66508;-;132.5		74;64485;65213;-;120.2	73;63551;64480;-;133.7	72;62343;63554;-;136.2	71;61288;62331;-;63.5	70;59450;61285;-;501.3		pfam	pfam_only	A	7/7	canonical	1	0	unscoreable	1	0	0														not_admitted	not_admitted	not_admitted	not_admitted	not_admitted	not_admitted	not_admitted
NZ_CP029448.1	MPF_F	IncFIB(K);IncFII(K);IncFII(pAR0022);IncFII(pCRY)	221	0	0	GA	0															not_admitted	not_admitted	not_admitted	not_admitted	not_admitted	not_admitted	not_admitted	not_admitted	not_admitted	not_admitted	1	18;13014;14006;+;372.3	28;19648;21018;+;380.8	25;18112;18864;+;230.8	15;9352;11991;+;254.4	29;21018;23861;+;346.5	8;5453;6874;+;86.2	15;9352;11991;+;87.3	6;4166;4732;+;161.1	19;14019;14645;+;67.7	20;14642;16585;+;255.0	31;24606;26900;+;391.8	10;7063;7617;+;57.5	31;24606;26900;+;66.4	A	9/9	contiguous	20440	1	1	23872..24399+;175;unnamed;0
NZ_CP029452.1	MPF_T	-	2088	0	0	GA	1		651;658386;658685;+;89.2	652;658690;659031;+;108.4	653;659024;661405;+;171.2	653;659024;661405;+;107.2	654;661405;662103;+;210.1	656;662343;663452;+;161.7		657;663596;664267;+;217.5	658;664267;665121;+;185.3	659;665131;666276;+;178.2	750;765625;767049;-;216.5	668;672135;674045;-;319.4		pfam	both	A	7/7	canonical	1	0	unscoreable	8	0	0														not_admitted	not_admitted	not_admitted	not_admitted	not_admitted	not_admitted	not_admitted
NZ_CP029453.1	MPF_T	-	455	0	0	GA	1		451;398676;399059;-;73.0	450;398384;398683;-;65.3	447;394608;396770;-;170.9	449;398140;398373;-;44.5	446;393833;394636;-;39.4	444;392470;393645;-;113.3		443;391784;392446;-;126.7	442;390954;391766;-;180.8	440;389437;390492;-;115.9	452;399049;400026;-;122.6			conjscan	conjscan_only	B	6/7	canonical	1	0	unscoreable	4	0	0														not_admitted	not_admitted	not_admitted	not_admitted	not_admitted	not_admitted	not_admitted
NZ_CP029571.1	MPF_F	-	100	0	0	GA	0															not_admitted	not_admitted	not_admitted	not_admitted	not_admitted	not_admitted	not_admitted	not_admitted	not_admitted	not_admitted	1	87;56524;57567;+;369.2	92;61550;62977;+;325.8	90;60336;61148;+;219.1	83;52236;54962;+;164.6	93;62993;65995;+;208.7	79;49238;50554;+;102.7	83;52236;54962;+;108.4	77;47947;48525;+;83.7	88;57582;58289;+;107.6	89;58286;60343;+;91.0	57;33988;36147;+;381.3	82;51582;52226;+;41.9	57;33988;36147;+;90.0	A	9/9	contiguous	29005	1	1	66067..66585+;172;unnamed;0
NZ_CP029575.1	MPF_F	IncFIA;IncFIB(AP001918);IncFII	184	0	0	GA	0															not_admitted	not_admitted	not_admitted	not_admitted	not_admitted	not_admitted	not_admitted	not_admitted	not_admitted	not_admitted	1	116;95782;96774;+;367.4	128;102459;103832;+;380.9	121;99502;100245;+;235.0	113;92146;94773;+;305.4	129;103829;106654;+;385.9	107;88664;90091;+;94.3	113;92146;94773;+;98.5	105;87383;87949;+;183.8	117;96783;97421;+;68.6	118;97418;99136;+;266.6	132;108157;110355;+;391.3	111;91115;91630;+;78.4	132;108157;110355;+;70.4	A	9/9	contiguous	20774	1	1	106651..107160+;169;unnamed;0
NZ_CP029577.1	MPF_F	Col156;IncFIB(AP001918);IncFII(29)	161	0	0	GA	0															not_admitted	not_admitted	not_admitted	not_admitted	not_admitted	not_admitted	not_admitted	not_admitted	not_admitted	not_admitted	1	0;20;1012;+;369.5	12;7066;8439;+;381.7	5;4118;4861;+;234.4	159;135572;138202;+;300.9	13;8436;11261;+;376.3	152;131014;132441;+;93.9	159;135572;138202;+;101.1	150;129733;130299;+;183.1	2;1356;1994;+;70.7	3;1991;3841;+;266.9	17;13503;15746;+;391.7	155;133570;134085;+;73.9	17;13503;15746;+;70.3	A	9/9	split_2	135552	1	1	11258..11767+;169;unnamed;0
NZ_CP029578.1	MPF_F	IncFII(pSE11)	84	0	0	GA	0															not_admitted	not_admitted	not_admitted	not_admitted	not_admitted	not_admitted	not_admitted	not_admitted	not_admitted	not_admitted	1	0;20;712;+;245.1	15;7053;8426;+;381.7	8;4105;4848;+;233.1	82;66578;69208;+;300.9	16;8423;11248;+;376.3	75;62128;63579;+;94.2	82;66578;69208;+;101.1	73;60847;61413;+;174.3	3;1357;1995;+;68.6	6;2881;3828;+;274.8	20;13490;15733;+;391.7	78;64439;64954;+;78.4	20;13490;15733;+;70.3	A	9/9	split_2	66558	1	1	11245..11754+;169;unnamed;0
NZ_CP029580.1	MPF_F	Col156;IncFIA;IncFIB(AP001918);IncFII(pRSB107)	204	0	0	GA	0															not_admitted	not_admitted	not_admitted	not_admitted	not_admitted	not_admitted	not_admitted	not_admitted	not_admitted	not_admitted	1	154;136321;137313;-;369.5	141;127189;128562;-;386.6	149;132472;133215;-;231.4	157;138322;140949;-;303.9	140;124373;127192;-;386.3	163;142834;144285;-;94.1	157;138322;140949;-;96.5	165;145000;145566;-;184.3	152;135339;135977;-;68.7	151;133492;135342;-;266.7	136;119881;122115;-;391.7	160;141465;141980;-;75.2	136;119881;122115;-;70.3	A	9/9	contiguous	25119	1	1	123857..124348-;163;TraS;0
NZ_CP029583.1	MPF_F	IncFIA(pBK30683);IncFII(pKP91)	129	0	0	GA	0															not_admitted	not_admitted	not_admitted	not_admitted	not_admitted	not_admitted	not_admitted	not_admitted	not_admitted	not_admitted	1	75;73088;74077;-;363.3	64;65903;67270;-;382.8	68;68527;69279;-;233.7	79;75534;78173;-;259.4	63;63060;65903;-;344.0	89;82135;83559;-;89.2	79;75534;78173;-;88.3	91;84286;84852;-;167.5	73;72165;72812;-;65.9	72;70151;72106;-;259.7	59;58164;60473;-;393.1	87;80939;81523;-;53.2	59;58164;60473;-;66.6	A	9/9	contiguous	26122	1	1	62525..63049-;174;unnamed;0
NZ_CP029588.1	MPF_F	IncFIB(K);IncFII(K);IncFII(pAR0022)	240	0	0	GA	0															not_admitted	not_admitted	not_admitted	not_admitted	not_admitted	not_admitted	not_admitted	not_admitted	not_admitted	not_admitted	1	150;146738;147727;-;366.6	140;139824;141191;-;384.1	144;142449;143201;-;233.7	154;149184;151823;-;258.5	139;137002;139824;-;346.4	164;155727;157151;-;89.5	154;149184;151823;-;88.7	166;157878;158444;-;167.0	149;146087;146725;-;66.9	148;144073;146028;-;259.4	135;132077;134386;-;393.1	162;154531;155115;-;53.8	135;132077;134386;-;66.6	A	9/9	contiguous	25801	1	1	136377..136979-;200;TraS;0
NZ_CP029591.1	MPF_F	IncFIB(K);IncFII(K);IncFII(pAR0022)	241	0	0	GA	0															not_admitted	not_admitted	not_admitted	not_admitted	not_admitted	not_admitted	not_admitted	not_admitted	not_admitted	not_admitted	1	4;4381;5370;+;366.6	14;10917;12284;+;384.1	10;8907;9659;+;233.7	0;285;2924;+;258.5	15;12284;15106;+;346.4	232;214953;216377;+;89.5	0;285;2924;+;88.7	230;213660;214226;+;167.0	5;5383;6021;+;66.9	6;6080;8035;+;259.4	19;17722;20031;+;393.1	234;216989;217573;+;53.8	19;17722;20031;+;66.6	A	9/9	split_2	216704	1	1	15129..15731+;200;TraS;0
NZ_CP029594.1	MPF_F	IncFIB(S);IncFII(S);IncFII(pAR0022)	117	0	0	GA	0															not_admitted	not_admitted	not_admitted	not_admitted	not_admitted	not_admitted	not_admitted	not_admitted	not_admitted	not_admitted	1	3;2509;3501;-;366.7	111;89913;91295;-;392.4	114;92327;93076;-;231.0	6;4488;7136;-;314.1	110;87094;89916;-;394.4	14;9669;11090;-;91.5	6;4488;7136;-;97.8	16;11817;12383;-;188.1	1;1559;2197;-;70.6	116;93314;93943;-;212.8	106;83161;85440;-;371.4	11;8348;8863;-;96.7	106;83161;85440;-;69.5	A	9/9	split_2	91755	1	1	86929..87072-;47;unnamed;0
NZ_CP029596.1	MPF_F	IncFIB(S);IncFII(S);IncFII(pAR0022)	115	0	0	GA	0															not_admitted	not_admitted	not_admitted	not_admitted	not_admitted	not_admitted	not_admitted	not_admitted	not_admitted	not_admitted	1	32;29384;30376;-;366.7	23;22754;24136;-;392.4	26;25168;25917;-;231.0	35;31363;34011;-;314.1	22;19935;22757;-;394.4	43;36544;37965;-;91.5	35;31363;34011;-;97.8	45;38692;39258;-;188.1	30;28434;29072;-;70.6	28;26155;27981;-;271.0	19;15993;18281;-;371.4	40;35223;35738;-;96.7	19;15993;18281;-;69.5	A	9/9	contiguous	22699	1	1	19425..19913-;162;TraS;0
NZ_CP029645.1	MPF_F	IncFIA(HI1);IncHI1A;IncHI1B(R27);IncQ1	240	0	0	GA	0															not_admitted	not_admitted	not_admitted	not_admitted	not_admitted	not_admitted	not_admitted	not_admitted	not_admitted	not_admitted	1	86;76610;77662;+;277.6	217;194560;195975;-;201.7	218;195965;197011;-;171.3	62;49359;52040;+;160.6	216;190562;194551;-;103.1	58;45653;47011;+;84.0	62;49359;52040;+;76.5	55;43201;43986;+;68.7	84;74957;76465;+;65.6	87;77685;80861;+;58.9	224;203946;206030;+;50.2	61;48400;49350;+;45.2	224;203946;206030;+;36.5	A	9/9	split_3	160745	0	1	
NZ_CP029683.1	MPF_T	IncFIB(S);IncFII(S);IncFII(pAR0022);IncX1	110	0	0	GA	1	79;62286;62933;+;45.6	80;62911;63207;+;77.5	81;63226;65979;+;47.9	81;63226;65979;+;147.9	81;63226;65979;+;75.3	82;65990;66748;+;68.5	84;66986;68119;+;106.9		85;68365;69078;+;120.0		44;34583;36004;-;90.6				pfam	pfam_only	D	4/7	canonical	1	1	unscoreable	1	0	0														not_admitted	not_admitted	not_admitted	not_admitted	not_admitted	not_admitted	not_admitted
NZ_CP029690.1	MPF_F	IncFIA(HI1);IncHI1A;IncHI1B(R27)	215	0	0	GA	0															not_admitted	not_admitted	not_admitted	not_admitted	not_admitted	not_admitted	not_admitted	not_admitted	not_admitted	not_admitted	1	29;31286;32338;+;277.6	137;123187;124602;-;201.7	138;124592;125638;-;171.3	11;9210;11891;+;160.6	136;120350;123178;-;105.4	7;5504;6862;+;84.0	11;9210;11891;+;76.5	4;3052;3837;+;68.7	27;29633;31141;+;65.6	30;32361;35537;+;58.9	144;132573;134657;+;50.2	10;8251;9201;+;45.2	144;132573;134657;+;36.5	A	9/9	split_3	129521	0	1	
NZ_CP029724.1	MPF_F	IncFIB(K);IncFII(K)	188	0	0	GA	0															not_admitted	not_admitted	not_admitted	not_admitted	not_admitted	not_admitted	not_admitted	not_admitted	not_admitted	not_admitted	1	153;156702;157691;-;363.3	142;149516;150883;-;382.2	146;152141;152893;-;236.4	157;159148;161787;-;259.0	141;146667;149516;-;342.9	168;165754;167178;-;88.8	157;159148;161787;-;87.6	170;167905;168471;-;167.9	151;155779;156426;-;65.9	150;153765;155720;-;259.5	137;142546;144855;-;392.8	165;164558;165142;-;53.8	137;142546;144855;-;65.8	A	9/9	contiguous	25359	1	1	146134..146664-;176;unnamed;0
NZ_CP029728.1	MPF_T	IncX4	47	0	0	GA	1	9;10061;10681;-;41.6	8;9721;10047;-;64.4	7;6955;9702;-;63.8	7;6955;9702;-;151.8	7;6955;9702;-;46.1	6;6227;6943;-;94.2	5;5121;6215;-;150.1		3;3920;4606;-;169.0	2;3015;3923;-;142.4	1;1904;3022;-;163.9	0;874;1902;-;85.0	46;30789;31733;-;222.9		pfam	pfam_only	A	7/7	canonical	1	1	unscoreable	1	0	0														not_admitted	not_admitted	not_admitted	not_admitted	not_admitted	not_admitted	not_admitted
NZ_CP029729.1	MPF_F	IncHI1A;IncHI1B(R27)	271	0	0	GA	0															not_admitted	not_admitted	not_admitted	not_admitted	not_admitted	not_admitted	not_admitted	not_admitted	not_admitted	not_admitted	1	158;148152;149204;+;277.6	48;49521;50936;-;201.5	49;50926;51972;-;172.2	134;123026;125707;+;160.6	47;45523;49512;-;102.8	130;119320;120678;+;84.0	134;123026;125707;+;76.5	127;116868;117653;+;68.7	156;146499;148007;+;65.6	159;149227;152403;+;58.9	55;58907;60991;+;50.2	133;122067;123017;+;45.2	55;58907;60991;+;36.5	A	9/9	split_3	103704	0	1	
NZ_CP029730.1	MPF_T	IncC	159	0	0	GA	1	99;82251;82784;-;34.1	65;56599;56982;+;86.6	66;56979;57251;+;30.0	67;57264;59714;+;37.9	67;57264;59714;+;139.1	68;59711;60448;+;221.9	70;60783;62159;+;178.7		71;62172;62876;+;235.3	72;62873;63865;+;221.2	73;63868;65148;+;208.7	64;55535;56602;+;117.5	62;53074;55077;+;348.4		conjscan	conjscan_only	A	7/7	canonical	1	0	unscoreable	3	0	0														not_admitted	not_admitted	not_admitted	not_admitted	not_admitted	not_admitted	not_admitted
NZ_CP029731.1	MPF_F	IncFIB(pB171);IncFII(Yp);IncFII(pAR0022)	121	0	0	GA	0															not_admitted	not_admitted	not_admitted	not_admitted	not_admitted	not_admitted	not_admitted	not_admitted	not_admitted	not_admitted	1	49;40889;41881;+;369.4	57;46594;47964;+;376.7	53;44628;45377;+;218.2	46;37271;39901;+;285.5	58;47964;50786;+;336.5	40;33849;35243;+;89.4	46;37271;39901;+;98.6	38;32566;33132;+;169.9	50;41898;42527;+;66.9	51;42524;44377;+;260.5	61;52123;54369;+;384.7	41;35265;35804;+;67.5	61;52123;54369;+;63.8	A	9/9	contiguous	19557	1	1	50808..51239+;143;TraS;0
NZ_CP029732.1	MPF_F	IncFII(Yp);IncFII(pAR0022)	86	0	0	GA	0															not_admitted	not_admitted	not_admitted	not_admitted	not_admitted	not_admitted	not_admitted	not_admitted	not_admitted	not_admitted	1	64;42691;43692;+;356.5	70;47917;49278;+;333.8	68;46505;47281;+;197.4	61;39038;41629;+;218.7	71;49280;52174;+;292.8	54;35042;36403;+;82.6	61;39038;41629;+;88.8	52;33762;34325;+;145.9	66;44068;44682;+;80.3	67;44679;46508;+;251.7	74;53836;56016;+;368.8	60;38412;39026;+;49.2	74;53836;56016;+;62.5	A	9/9	contiguous	20074	1	1	52186..52761+;191;unnamed;0
NZ_CP029734.1	MPF_F	IncFII	87	0	0	GA	0															not_admitted	not_admitted	not_admitted	not_admitted	not_admitted	not_admitted	not_admitted	not_admitted	not_admitted	not_admitted	1	76;68883;69875;-;369.5	66;61731;63104;-;381.7	71;65034;65777;-;234.4	79;70884;73514;-;304.1	65;58912;61734;-;374.0		79;70884;73514;-;97.1	1;1726;2292;-;174.3	74;67901;68539;-;68.6	73;66054;67904;-;266.1	61;54379;56640;-;391.1	83;75138;75653;-;78.4	61;54379;56640;-;70.3	A	9/9	split_2	73412	1	1	58411..58890-;159;TraS;0
NZ_CP029735.1	MPF_T	IncX3	80	0	0	GA	1	73;59464;60108;-;46.4	72;59190;59480;-;73.1	71;56412;59165;-;47.0	71;56412;59165;-;145.4	71;56412;59165;-;73.3	70;55632;56402;-;60.1	68;54298;55353;-;133.2		67;53375;54103;-;118.8	66;52440;53369;-;138.8	65;51229;52443;-;128.3	63;49999;51033;-;65.7	62;48161;49996;-;495.9		pfam	pfam_only	A	7/7	canonical	1	1	unscoreable	2	0	0														not_admitted	not_admitted	not_admitted	not_admitted	not_admitted	not_admitted	not_admitted
NZ_CP029737.1	MPF_F	IncC	179	0	0	GA	0															not_admitted	not_admitted	not_admitted	not_admitted	not_admitted	not_admitted	not_admitted	not_admitted	not_admitted	not_admitted	1	68;57899;58906;-;332.9	174;139503;140936;-;339.2	175;140938;141966;-;221.7	73;61658;64105;-;354.2	173;135876;139490;-;375.3	78;71616;72932;-;135.0	73;61658;64105;-;128.6	80;73830;74456;-;92.1	70;59571;60836;-;67.6	67;54988;57783;-;145.3	89;78266;80131;-;47.4	77;71041;71619;-;100.2	89;78266;80131;-;52.0	A	9/9	split_2	85950	0	1	
NZ_CP029740.1	MPF_F	IncFII(K);repB(R1701)	124	0	0	GA	0															not_admitted	not_admitted	not_admitted	not_admitted	not_admitted	not_admitted	not_admitted	not_admitted	not_admitted	not_admitted	1	12;8405;9394;-;366.0	0;155;1522;-;381.2	6;4116;4868;-;233.7	16;10837;13476;-;258.5	123;100556;103243;-;307.4	24;16733;18157;-;88.8	16;10837;13476;-;88.7	26;18884;19450;-;169.3	11;7754;8392;-;66.9	10;5740;7695;-;259.7	119;95758;98070;-;392.7	23;16035;16619;-;55.4	119;95758;98070;-;66.5	A	9/9	split_2	100401	1	1	99995..100543-;182;unnamed;0
NZ_CP029744.1	MPF_F	IncFIB(AP001918);IncFII	129	0	0	GA	0															not_admitted	not_admitted	not_admitted	not_admitted	not_admitted	not_admitted	not_admitted	not_admitted	not_admitted	not_admitted	1	14;11272;12264;-;367.3	3;4212;5585;-;374.3	10;7800;8543;-;234.1	17;13273;15900;-;305.4	2;1399;4215;-;387.9	24;17955;19382;-;94.4	17;13273;15900;-;99.1	26;20097;20663;-;183.8	13;10625;11263;-;67.3	12;8820;10628;-;268.3	128;114875;117028;-;391.1	20;16416;16931;-;77.3	128;114875;117028;-;69.2	A	9/9	split_2	113476	1	1	845..1366-;173;unnamed;0
NZ_CP029748.1	MPF_F	IncFIB(AP001918);IncFIC(FII);IncN	303	0	0	GA	0															not_admitted	not_admitted	not_admitted	not_admitted	not_admitted	not_admitted	not_admitted	not_admitted	not_admitted	not_admitted	1	217;202082;203074;-;369.3	206;195023;196399;-;378.0	213;198610;199353;-;234.1	220;204083;206710;-;305.4	205;192204;195026;-;389.5	227;208765;210192;-;94.3	220;204083;206710;-;98.5	229;210907;211473;-;183.8	216;201435;202073;-;68.4	215;199630;201438;-;268.4	202;188522;190675;-;391.9	223;207226;207741;-;78.4	202;188522;190675;-;70.4	A	9/9	contiguous	22385	1	1	191691..192182-;163;TraS;0
NZ_CP029801.1	MPF_T	IncN4	50	0	0	GA	1	14;6138;6878;+;34.8	16;7202;7492;+;45.6	17;7544;7858;+;65.3	18;7858;10488;+;124.9	18;7858;10488;+;86.8	19;10498;11205;+;114.7	21;11464;12507;+;126.7	22;12602;12772;+;41.4	23;12775;13491;+;145.6	24;13494;14381;+;144.4	25;14378;15532;+;174.0	26;15525;16556;+;78.1	31;20964;22541;-;54.8		pfam	both	A	7/7	canonical	1	0	ga	6	0	0														not_admitted	not_admitted	not_admitted	not_admitted	not_admitted	not_admitted	not_admitted
NZ_CP029838.1	MPF_F	IncFIB(S);IncFII(S);IncFII(pAR0022)	116	0	0	GA	0															not_admitted	not_admitted	not_admitted	not_admitted	not_admitted	not_admitted	not_admitted	not_admitted	not_admitted	not_admitted	1	114;92504;93496;-;366.7	105;85874;87256;-;392.4	108;88288;89037;-;231.0	1;620;3268;-;314.1	104;83055;85877;-;392.2	9;5801;7222;-;91.5	1;620;3268;-;97.8	11;7949;8515;-;188.1	112;91554;92192;-;70.6	110;89275;91101;-;268.1	101;79239;81401;-;374.1	6;4480;4995;-;96.7	101;79239;81401;-;72.1	A	9/9	split_2	91884	1	1	82545..83033-;162;TraS;0
NZ_CP029854.1	MPF_T	IncX1;IncX3	56	0	0	GA	1	20;19775;20422;-;45.2	19;19501;19797;-;77.5	18;16729;19482;-;47.9	18;16729;19482;-;147.9	18;16729;19482;-;75.3	17;15969;16718;-;67.8	15;14528;15658;-;134.3		14;13569;14282;-;120.0	13;12635;13564;-;134.1	12;11433;12638;-;132.5	11;10400;11431;-;76.3	10;8562;10397;-;488.0		pfam	pfam_only	A	7/7	canonical	1	1	unscoreable	1	0	0														not_admitted	not_admitted	not_admitted	not_admitted	not_admitted	not_admitted	not_admitted
NZ_CP029860.1	MPF_T	IncFIB(K)	93	0	0	GA	1	22;30068;30730;+;48.3	23;30741;31040;+;36.6	24;31050;33800;+;61.8	24;31050;33800;+;132.4	24;31050;33800;+;47.3	25;33819;34535;+;137.0	27;34849;35856;+;137.8		29;36066;36752;+;158.3	30;36745;37638;+;147.4	31;37635;38831;+;134.7	32;38835;39884;+;71.5	39;44622;46529;+;24.4		pfam	pfam_only	A	7/7	canonical	1	1	unscoreable	8	0	0														not_admitted	not_admitted	not_admitted	not_admitted	not_admitted	not_admitted	not_admitted
NZ_CP029869.1	MPF_T	IncFIB(K)	93	0	0	GA	1	22;30068;30730;+;48.3	23;30741;31040;+;36.6	24;31050;33800;+;61.8	24;31050;33800;+;132.4	24;31050;33800;+;47.3	25;33819;34535;+;137.0	27;34849;35856;+;137.8		29;36066;36752;+;158.3	30;36745;37638;+;147.4	31;37635;38831;+;134.7	32;38835;39884;+;71.5	39;44622;46529;+;24.4		pfam	pfam_only	A	7/7	canonical	1	1	unscoreable	8	0	0														not_admitted	not_admitted	not_admitted	not_admitted	not_admitted	not_admitted	not_admitted
NZ_CP029871.1	MPF_T	IncFIB(K)	93	0	0	GA	1	22;30068;30730;+;48.3	23;30741;31040;+;36.6	24;31050;33800;+;61.8	24;31050;33800;+;132.4	24;31050;33800;+;47.3	25;33819;34535;+;137.0	27;34849;35856;+;137.8		29;36066;36752;+;158.3	30;36745;37638;+;147.4	31;37635;38831;+;134.7	32;38835;39884;+;71.5	39;44622;46529;+;24.4		pfam	pfam_only	A	7/7	canonical	1	1	unscoreable	8	0	0														not_admitted	not_admitted	not_admitted	not_admitted	not_admitted	not_admitted	not_admitted
NZ_CP029874.1	MPF_T	IncFIB(K)	93	0	0	GA	1	63;54058;54720;-;48.3	62;53748;54047;-;36.6	61;50988;53738;-;61.8	61;50988;53738;-;132.4	61;50988;53738;-;47.3	60;50253;50969;-;137.0	58;48932;49939;-;137.8		56;48036;48722;-;158.3	55;47150;48043;-;147.4	54;45957;47153;-;134.7	53;44904;45953;-;71.5	46;38259;40166;-;24.4		pfam	pfam_only	A	7/7	canonical	1	1	unscoreable	8	0	0														not_admitted	not_admitted	not_admitted	not_admitted	not_admitted	not_admitted	not_admitted
NZ_CP029877.1	MPF_F	IncFIA(HI1);IncHI1A;IncHI1B(R27);IncQ1	240	0	0	GA	0															not_admitted	not_admitted	not_admitted	not_admitted	not_admitted	not_admitted	not_admitted	not_admitted	not_admitted	not_admitted	1	86;76927;77979;+;277.6	216;194679;196094;-;201.7	217;196084;197130;-;171.3	63;49359;52040;+;160.6	215;190681;194670;-;103.1	59;45653;47011;+;84.0	63;49359;52040;+;76.5	56;43201;43986;+;68.7	84;75274;76782;+;65.6	87;78002;81178;+;58.9	223;204065;206149;+;50.2	62;48400;49350;+;45.2	223;204065;206149;+;36.5	A	9/9	split_3	160864	0	1	
NZ_CP029879.1	MPF_F	IncHI1A;IncHI1B(R27);IncQ1	237	0	0	GA	0															not_admitted	not_admitted	not_admitted	not_admitted	not_admitted	not_admitted	not_admitted	not_admitted	not_admitted	not_admitted	1	86;76610;77662;+;277.6	214;192193;193608;-;201.7	215;193598;194644;-;171.3	63;49359;52040;+;160.6	213;188195;192184;-;103.1	59;45653;47011;+;84.0	63;49359;52040;+;76.5	56;43201;43986;+;68.7	84;74957;76465;+;65.6	87;77685;80861;+;58.9	221;201579;203663;+;50.2	62;48400;49350;+;45.2	221;201579;203663;+;36.5	A	9/9	split_3	158378	0	1	
NZ_CP029887.1	MPF_F	IncFIA(HI1);IncHI1A;IncHI1B(R27);IncQ1	237	0	0	GA	0															not_admitted	not_admitted	not_admitted	not_admitted	not_admitted	not_admitted	not_admitted	not_admitted	not_admitted	not_admitted	1	85;76661;77713;+;277.6	214;194505;195920;-;201.7	215;195910;196956;-;171.3	62;49359;52040;+;160.6	213;190507;194496;-;103.1	58;45653;47011;+;84.0	62;49359;52040;+;76.5	55;43201;43986;+;68.7	83;75008;76516;+;65.6	86;77736;80912;+;58.9	221;203891;205975;+;50.2	61;48400;49350;+;45.2	221;203891;205975;+;36.5	A	9/9	split_3	160690	0	1	
NZ_CP029895.1	MPF_F	IncFIA(HI1);IncHI1A;IncHI1B(R27);IncQ1	239	0	0	GA	0															not_admitted	not_admitted	not_admitted	not_admitted	not_admitted	not_admitted	not_admitted	not_admitted	not_admitted	not_admitted	1	86;76927;77979;+;277.6	216;194881;196296;-;201.7	217;196286;197332;-;171.3	63;49359;52040;+;160.6	215;190883;194872;-;103.1	59;45653;47011;+;84.0	63;49359;52040;+;76.5	56;43201;43986;+;68.7	84;75274;76782;+;65.6	87;78002;81178;+;58.9	223;204267;206351;+;50.2	62;48400;49350;+;45.2	223;204267;206351;+;36.5	A	9/9	split_3	161066	0	1	
NZ_CP029910.1	MPF_F	IncFIA(HI1);IncHI1A;IncHI1B(R27);IncQ1	240	0	0	GA	0															not_admitted	not_admitted	not_admitted	not_admitted	not_admitted	not_admitted	not_admitted	not_admitted	not_admitted	not_admitted	1	86;76927;77979;+;277.6	216;194679;196094;-;201.7	217;196084;197130;-;171.3	63;49359;52040;+;160.6	215;190681;194670;-;103.1	59;45653;47011;+;84.0	63;49359;52040;+;76.5	56;43201;43986;+;68.7	84;75274;76782;+;65.6	87;78002;81178;+;58.9	223;204065;206149;+;50.2	62;48400;49350;+;45.2	223;204065;206149;+;36.5	A	9/9	split_3	160864	0	1	
NZ_CP029912.1	MPF_T	IncFIB(K)	93	0	0	GA	1	22;30068;30730;+;48.3	23;30741;31040;+;36.6	24;31050;33800;+;61.8	24;31050;33800;+;132.4	24;31050;33800;+;47.3	25;33819;34535;+;137.0	27;34849;35856;+;137.8		29;36066;36752;+;158.3	30;36745;37638;+;147.4	31;37635;38831;+;134.7	32;38835;39884;+;71.5	39;44622;46529;+;24.4		pfam	pfam_only	A	7/7	canonical	1	1	unscoreable	8	0	0														not_admitted	not_admitted	not_admitted	not_admitted	not_admitted	not_admitted	not_admitted
NZ_CP029924.1	MPF_F	IncHI1A;IncHI1B(R27);IncQ1	241	0	0	GA	0															not_admitted	not_admitted	not_admitted	not_admitted	not_admitted	not_admitted	not_admitted	not_admitted	not_admitted	not_admitted	1	177;160873;161925;+;277.6	67;61543;62958;-;201.7	68;62948;63994;-;171.3	154;133305;135986;+;160.6	66;57545;61534;-;103.1	150;129599;130957;+;84.0	154;133305;135986;+;76.5	147;127147;127932;+;68.7	175;159220;160728;+;65.6	178;161948;165124;+;58.9	74;70929;73013;+;50.2	153;132346;133296;+;45.2	74;70929;73013;+;36.5	A	9/9	split_3	104403	0	1	
NZ_CP029926.1	MPF_F	IncFIA(HI1);IncHI1A;IncHI1B(R27);IncQ1	240	0	0	GA	0															not_admitted	not_admitted	not_admitted	not_admitted	not_admitted	not_admitted	not_admitted	not_admitted	not_admitted	not_admitted	1	18;18964;20016;+;277.6	148;136808;138223;-;201.7	149;138213;139259;-;171.3	235;208570;211251;+;160.6	147;132810;136799;-;103.1	231;204864;206222;+;84.0	235;208570;211251;+;76.5	228;202412;203197;+;68.7	16;17311;18819;+;65.6	19;20039;23215;+;58.9	155;146194;148278;+;50.2	234;207611;208561;+;45.2	155;146194;148278;+;36.5	A	9/9	split_3	191259	0	1	
NZ_CP029931.1	MPF_F	IncFIA(HI1);IncHI1A;IncHI1B(R27);IncQ1	239	0	0	GA	0															not_admitted	not_admitted	not_admitted	not_admitted	not_admitted	not_admitted	not_admitted	not_admitted	not_admitted	not_admitted	1	86;76558;77610;+;277.6	216;194512;195927;-;201.7	217;195917;196963;-;171.3	63;49359;52040;+;160.6	215;190514;194503;-;103.1	59;45653;47011;+;84.0	63;49359;52040;+;76.5	56;43201;43986;+;68.7	84;74905;76413;+;65.6	87;77633;80809;+;58.9	223;203898;205982;+;50.2	62;48400;49350;+;45.2	223;203898;205982;+;36.5	A	9/9	split_3	160697	0	1	
NZ_CP029934.1	MPF_F	IncFIA(HI1);IncHI1A;IncHI1B(R27);IncQ1	240	0	0	GA	0															not_admitted	not_admitted	not_admitted	not_admitted	not_admitted	not_admitted	not_admitted	not_admitted	not_admitted	not_admitted	1	86;76927;77979;+;277.6	216;194679;196094;-;201.7	217;196084;197130;-;171.3	63;49359;52040;+;160.6	215;190681;194670;-;103.1	59;45653;47011;+;84.0	63;49359;52040;+;76.5	56;43201;43986;+;68.7	84;75274;76782;+;65.6	87;78002;81178;+;58.9	223;204065;206149;+;50.2	62;48400;49350;+;45.2	223;204065;206149;+;36.5	A	9/9	split_3	160864	0	1	
NZ_CP029935.1	MPF_F	IncFIA(HI1);IncHI1A;IncHI1B(R27);IncQ1	239	0	0	GA	0															not_admitted	not_admitted	not_admitted	not_admitted	not_admitted	not_admitted	not_admitted	not_admitted	not_admitted	not_admitted	1	86;76452;77504;+;277.6	216;194296;195711;-;201.7	217;195701;196747;-;171.3	63;49359;52040;+;160.6	215;190298;194287;-;103.1	59;45653;47011;+;84.0	63;49359;52040;+;76.5	56;43201;43986;+;68.7	84;74799;76307;+;65.6	87;77527;80703;+;58.9	223;203682;205766;+;50.2	62;48400;49350;+;45.2	223;203682;205766;+;36.5	A	9/9	split_3	160481	0	1	
NZ_CP029937.1	MPF_F	IncFIA(HI1);IncHI1A;IncHI1B(R27);IncQ1	239	0	0	GA	0															not_admitted	not_admitted	not_admitted	not_admitted	not_admitted	not_admitted	not_admitted	not_admitted	not_admitted	not_admitted	1	86;76398;77450;+;277.6	216;194407;195822;-;201.7	217;195812;196858;-;171.3	63;49359;52040;+;160.6	215;190409;194398;-;103.1	59;45653;47011;+;84.0	63;49359;52040;+;76.5	56;43201;43986;+;68.7	84;74745;76253;+;65.6	87;77473;80649;+;58.9	223;203793;205877;+;50.2	62;48400;49350;+;45.2	223;203793;205877;+;36.5	A	9/9	split_3	160592	0	1	
NZ_CP029939.1	MPF_F	IncFIA(HI1);IncHI1A;IncHI1B(R27);IncQ1	239	0	0	GA	0															not_admitted	not_admitted	not_admitted	not_admitted	not_admitted	not_admitted	not_admitted	not_admitted	not_admitted	not_admitted	1	86;75545;76597;+;277.6	216;193389;194804;-;201.7	217;194794;195840;-;171.3	63;49359;52040;+;160.6	215;189391;193380;-;103.1	59;45653;47011;+;84.0	63;49359;52040;+;76.5	56;43201;43986;+;68.7	84;73892;75400;+;65.6	87;76620;79796;+;58.9	223;202775;204859;+;50.2	62;48400;49350;+;45.2	223;202775;204859;+;36.5	A	9/9	split_3	159574	0	1	
NZ_CP029941.1	MPF_F	IncFIA(HI1);IncHI1A;IncHI1B(R27);IncQ1	240	0	0	GA	0															not_admitted	not_admitted	not_admitted	not_admitted	not_admitted	not_admitted	not_admitted	not_admitted	not_admitted	not_admitted	1	86;76927;77979;+;277.6	216;194771;196186;-;201.7	217;196176;197222;-;171.3	63;49359;52040;+;160.6	215;190773;194762;-;103.1	59;45653;47011;+;84.0	63;49359;52040;+;76.5	56;43201;43986;+;68.7	84;75274;76782;+;65.6	87;78002;81178;+;58.9	223;204157;206241;+;50.2	62;48400;49350;+;45.2	223;204157;206241;+;36.5	A	9/9	split_3	160956	0	1	
NZ_CP029943.1	MPF_F	IncFIA(HI1);IncHI1A;IncHI1B(R27);IncQ1	240	0	0	GA	0															not_admitted	not_admitted	not_admitted	not_admitted	not_admitted	not_admitted	not_admitted	not_admitted	not_admitted	not_admitted	1	86;76714;77766;+;277.6	216;194668;196083;-;201.7	217;196073;197119;-;171.3	63;49359;52040;+;160.6	215;190670;194659;-;103.1	59;45653;47011;+;84.0	63;49359;52040;+;76.5	56;43201;43986;+;68.7	84;75061;76569;+;65.6	87;77789;80965;+;58.9	223;204054;206138;+;50.2	62;48400;49350;+;45.2	223;204054;206138;+;36.5	A	9/9	split_3	160853	0	1	
NZ_CP029947.1	MPF_F	IncFIA(HI1);IncHI1A;IncHI1B(R27);IncQ1	241	0	0	GA	0															not_admitted	not_admitted	not_admitted	not_admitted	not_admitted	not_admitted	not_admitted	not_admitted	not_admitted	not_admitted	1	88;78160;79212;+;277.6	218;196224;197639;-;201.7	219;197629;198675;-;171.3	63;49359;52040;+;160.6	217;192226;196215;-;103.1	59;45653;47011;+;84.0	63;49359;52040;+;76.5	56;43201;43986;+;68.7	86;76507;78015;+;65.6	89;79235;82411;+;58.9	225;205610;207694;+;50.2	62;48400;49350;+;45.2	225;205610;207694;+;36.5	A	9/9	split_3	162409	0	1	
NZ_CP029948.1	MPF_F	IncFIA(HI1);IncHI1A;IncHI1B(R27);IncQ1	239	0	0	GA	0															not_admitted	not_admitted	not_admitted	not_admitted	not_admitted	not_admitted	not_admitted	not_admitted	not_admitted	not_admitted	1	86;76927;77979;+;277.6	216;194881;196296;-;201.7	217;196286;197332;-;171.3	63;49359;52040;+;160.6	215;190883;194872;-;103.1	59;45653;47011;+;84.0	63;49359;52040;+;76.5	56;43201;43986;+;68.7	84;75274;76782;+;65.6	87;78002;81178;+;58.9	223;204267;206351;+;50.2	62;48400;49350;+;45.2	223;204267;206351;+;36.5	A	9/9	split_3	161066	0	1	
NZ_CP029953.1	MPF_F	IncFIA(HI1);IncHI1A;IncHI1B(R27);IncQ1	243	0	0	GA	0															not_admitted	not_admitted	not_admitted	not_admitted	not_admitted	not_admitted	not_admitted	not_admitted	not_admitted	not_admitted	1	87;76927;77979;+;277.6	219;194991;196406;-;201.7	220;196396;197442;-;171.3	63;49359;52040;+;160.6	218;190993;194982;-;103.1	59;45653;47011;+;84.0	63;49359;52040;+;76.5	56;43201;43986;+;68.7	85;75274;76782;+;65.6	88;78002;81178;+;58.9	226;204377;206461;+;50.2	62;48400;49350;+;45.2	226;204377;206461;+;36.5	A	9/9	split_3	161176	0	1	
NZ_CP029955.1	MPF_F	IncFIA(HI1);IncHI1A;IncHI1B(R27);IncQ1	239	0	0	GA	0															not_admitted	not_admitted	not_admitted	not_admitted	not_admitted	not_admitted	not_admitted	not_admitted	not_admitted	not_admitted	1	86;76927;77979;+;277.6	216;194936;196351;-;201.7	217;196341;197387;-;171.3	63;49359;52040;+;160.6	215;190938;194927;-;103.1	59;45653;47011;+;84.0	63;49359;52040;+;76.5	56;43201;43986;+;68.7	84;75274;76782;+;65.6	87;78002;81178;+;58.9	223;204322;206406;+;50.2	62;48400;49350;+;45.2	223;204322;206406;+;36.5	A	9/9	split_3	161121	0	1	
NZ_CP029957.1	MPF_F	IncFIA(HI1);IncHI1A;IncHI1B(R27);IncQ1	238	0	0	GA	0															not_admitted	not_admitted	not_admitted	not_admitted	not_admitted	not_admitted	not_admitted	not_admitted	not_admitted	not_admitted	1	85;76610;77662;+;277.6	215;194444;195859;-;201.7	216;195849;196895;-;171.3	62;49359;52040;+;160.6	214;190446;194435;-;103.1	58;45653;47011;+;84.0	62;49359;52040;+;76.5	55;43201;43986;+;68.7	83;74957;76465;+;65.6	86;77685;80861;+;58.9	222;203830;205914;+;50.2	61;48400;49350;+;45.2	222;203830;205914;+;36.5	A	9/9	split_3	160629	0	1	
NZ_CP029963.1	MPF_T	IncFIB(K)	95	0	0	GA	1	42;49352;50014;+;48.3	43;50025;50324;+;36.6	44;50334;53084;+;61.8	44;50334;53084;+;132.4	44;50334;53084;+;47.3	45;53103;53819;+;137.0	47;54133;55140;+;137.8		49;55350;56036;+;158.3	50;56029;56922;+;147.4	51;56919;58115;+;134.7	52;58119;59168;+;71.5	59;63906;65813;+;24.4		pfam	pfam_only	A	7/7	canonical	1	1	unscoreable	8	0	0														not_admitted	not_admitted	not_admitted	not_admitted	not_admitted	not_admitted	not_admitted
NZ_CP029965.1	MPF_T	IncFIB(K)	93	0	0	GA	1	22;30068;30730;+;48.3	23;30741;31040;+;36.6	24;31050;33800;+;61.8	24;31050;33800;+;132.4	24;31050;33800;+;47.3	25;33819;34535;+;137.0	27;34849;35856;+;137.8		29;36066;36752;+;158.3	30;36745;37638;+;147.4	31;37635;38831;+;134.7	32;38835;39884;+;71.5	39;44622;46529;+;24.4		pfam	pfam_only	A	7/7	canonical	1	1	unscoreable	8	0	0														not_admitted	not_admitted	not_admitted	not_admitted	not_admitted	not_admitted	not_admitted
NZ_CP029967.1	MPF_T	rep38	59	0	0	GA	1				52;48479;50494;-;23.6									46;42902;44452;-;463.2		none	none	D	2/7	uncallable	0	0	unscoreable	5	0	0														not_admitted	not_admitted	not_admitted	not_admitted	not_admitted	not_admitted	not_admitted
NZ_CP029974.1	MPF_F	IncFII	84	0	0	GA	0															not_admitted	not_admitted	not_admitted	not_admitted	not_admitted	not_admitted	not_admitted	not_admitted	not_admitted	not_admitted	1	66;58023;59015;-;369.5	56;50871;52244;-;381.7	61;54174;54917;-;234.4	69;60024;62654;-;304.1	55;48052;50874;-;374.0	76;65653;67104;-;94.2	69;60024;62654;-;97.1	78;67819;68385;-;174.3	64;57041;57679;-;68.6	63;55194;57044;-;266.1	51;43591;45780;-;391.2	73;64278;64793;-;78.4	51;43591;45780;-;70.3	A	9/9	contiguous	24228	1	1	47551..48030-;159;TraS;0
NZ_CP029976.1	MPF_T	IncX4	47	0	0	GA	1	30;24068;24688;-;44.3	29;23728;24054;-;64.4	28;20962;23709;-;63.8	28;20962;23709;-;151.8	28;20962;23709;-;46.1	27;20234;20950;-;94.1	26;19128;20222;-;150.1		24;17927;18613;-;169.0	23;17022;17930;-;142.3	22;15911;17029;-;163.9	21;14881;15909;-;85.0	20;13032;14849;-;317.3		pfam	pfam_only	A	7/7	canonical	1	1	unscoreable	1	0	0														not_admitted	not_admitted	not_admitted	not_admitted	not_admitted	not_admitted	not_admitted
NZ_CP029977.1	MPF_T	IncI2(Delta)	83	0	0	GA	1	81;59454;59936;+;81.1	66;43677;43967;+;28.9	67;44074;44358;+;34.4	68;44364;46721;+;60.1	68;44364;46721;+;44.0	57;37972;38613;+;43.4	56;36971;37966;+;136.6		70;46887;47621;+;144.4	71;47618;48388;+;170.5	72;48378;49517;+;154.7	78;56147;57685;+;207.1	74;50631;52589;+;287.0		pfam	pfam_only	A	7/7	rearranged	1	0	unscoreable	13	0	0														not_admitted	not_admitted	not_admitted	not_admitted	not_admitted	not_admitted	not_admitted
NZ_CP029988.1	-	-	81	0	0	GA	1	26;19214;19894;+;43.9	27;19891;20265;+;61.7	28;20329;20673;+;74.0	29;20666;23056;+;151.6	29;20666;23056;+;109.0	30;23070;23786;+;88.2	32;24127;25170;+;97.3		34;25555;26247;+;166.8	35;26244;27095;+;179.7	36;27097;28290;+;174.2	37;28287;29300;+;106.8	38;29272;31083;+;323.1		pfam	pfam_only	A	7/7	canonical	1	0	unscoreable	2	0	0														not_admitted	not_admitted	not_admitted	not_admitted	not_admitted	not_admitted	not_admitted
NZ_CP029997.1	MPF_F	-	111	0	0	GA	0															not_admitted	not_admitted	not_admitted	not_admitted	not_admitted	not_admitted	not_admitted	not_admitted	not_admitted	not_admitted	1	43;31482;33080;+;327.2	49;36120;37508;+;248.9	47;34804;35631;+;171.0	40;24874;27414;+;160.4	50;37508;41251;+;124.6	38;23105;24352;+;62.2	40;24874;27414;+;81.9	36;21678;22310;+;41.5	45;33514;34263;+;97.3	42;29454;31322;+;73.6	85;66766;69039;-;335.5	39;24352;24873;+;74.5	85;66766;69039;-;65.4	A	9/9	split_2	45088	1	1	41376..41624+;82;unnamed;0
NZ_CP029998.1	MPF_F	IncFII(Yp)	72	0	0	GA	0															not_admitted	not_admitted	not_admitted	not_admitted	not_admitted	not_admitted	not_admitted	not_admitted	not_admitted	not_admitted	1	53;38912;39907;+;357.2	62;45034;46395;+;335.3	60;43622;44401;+;196.1	50;35228;37819;+;219.6	63;46397;49294;+;293.2	44;31982;33343;+;81.6	50;35228;37819;+;87.7	42;30702;31265;+;145.5	58;41161;41775;+;79.9	59;41772;43625;+;259.9	66;50932;53178;+;373.5	49;34603;35217;+;48.4	66;50932;53178;+;68.3	A	9/9	contiguous	20230	1	1	49306..49866+;186;unnamed;0
NZ_CP030006.1	MPF_T	IncFII(29);IncFII(p96A)	75	0	0	GA	1	50;42166;42648;+;89.1	24;17080;17433;+;32.1	25;17433;17804;+;35.8	26;17761;20253;+;62.7		28;21802;22479;+;53.3	30;22968;23912;+;116.5		31;24068;24919;+;98.4	32;24916;25731;+;160.1	33;25728;27068;+;131.9	43;35548;37110;+;196.2	37;28853;30472;+;236.7		pfam	pfam_only	A	7/7	canonical	1	0	unscoreable	14	0	0														not_admitted	not_admitted	not_admitted	not_admitted	not_admitted	not_admitted	not_admitted
NZ_CP030049.1	-	-	1029	0	0	GA	1	477;455514;456413;-;77.1	471;449231;449551;-;88.0	470;448968;449231;-;32.3	469;446515;448956;-;30.1	469;446515;448956;-;132.9	468;445787;446518;-;232.2	466;444187;445416;-;197.0		464;443045;443728;-;229.0	463;442065;443012;-;226.1	462;440860;442068;-;231.1	65;58875;60542;-;427.6	474;451106;453088;-;352.6		conjscan	conjscan_only	A	7/7	canonical	1	0	unscoreable	6	0	0														not_admitted	not_admitted	not_admitted	not_admitted	not_admitted	not_admitted	not_admitted
NZ_CP030052.1	-	-	1029	0	0	GA	1	132;113398;114297;+;77.1	138;120260;120580;+;88.0	139;120580;120843;+;32.3	140;120855;123296;+;30.1	140;120855;123296;+;132.9	141;123293;124024;+;232.2	143;124395;125624;+;197.0		145;126083;126766;+;229.0	146;126799;127746;+;226.1	147;127743;128951;+;231.1	546;511925;513592;+;427.6	135;116723;118705;+;352.6		conjscan	conjscan_only	A	7/7	canonical	1	0	unscoreable	6	0	0														not_admitted	not_admitted	not_admitted	not_admitted	not_admitted	not_admitted	not_admitted
NZ_CP030054.1	-	-	1027	0	0	GA	1	315;295647;296546;+;77.1	321;302509;302829;+;88.0	322;302829;303092;+;32.3	323;303104;305545;+;30.1	323;303104;305545;+;132.9	324;305542;306273;+;232.2	326;306644;307873;+;197.0		328;308332;309015;+;229.0	329;309048;309995;+;226.1	330;309992;311200;+;231.1	728;691518;693185;+;427.6	318;298972;300954;+;352.6		conjscan	conjscan_only	A	7/7	canonical	1	0	unscoreable	6	0	0														not_admitted	not_admitted	not_admitted	not_admitted	not_admitted	not_admitted	not_admitted
NZ_CP030056.1	-	-	1031	0	0	GA	1	828;799468;800367;-;77.1	822;793185;793505;-;88.0	821;792922;793185;-;32.3	820;790469;792910;-;30.1	820;790469;792910;-;132.9	819;789741;790472;-;232.2	817;788141;789370;-;197.0		815;786999;787682;-;229.0	814;786019;786966;-;226.1	813;784814;786022;-;231.1	416;402829;404496;-;427.6	825;795060;797042;-;352.6		conjscan	conjscan_only	A	7/7	canonical	1	0	unscoreable	6	0	0														not_admitted	not_admitted	not_admitted	not_admitted	not_admitted	not_admitted	not_admitted
NZ_CP030058.1	-	-	1029	0	0	GA	1	357;334846;335745;+;77.1	363;341708;342028;+;88.0	364;342028;342291;+;32.3	365;342303;344744;+;30.1	365;342303;344744;+;132.9	366;344741;345472;+;232.2	368;345843;347072;+;197.0		370;347531;348214;+;229.0	371;348247;349194;+;226.1	372;349191;350399;+;231.1	771;733373;735040;+;427.6	360;338171;340153;+;352.6		conjscan	conjscan_only	A	7/7	canonical	1	0	unscoreable	6	0	0														not_admitted	not_admitted	not_admitted	not_admitted	not_admitted	not_admitted	not_admitted
NZ_CP030060.1	-	-	1028	0	0	GA	1	997;951897;952796;-;77.1	991;945614;945934;-;88.0	990;945351;945614;-;32.3	989;942898;945339;-;30.1	989;942898;945339;-;132.9	988;942170;942901;-;232.2	986;940570;941799;-;197.0		984;939428;940111;-;229.0	983;938448;939395;-;226.1	982;937243;938451;-;231.1	585;555258;556925;-;427.6	994;947489;949471;-;352.6		conjscan	conjscan_only	A	7/7	canonical	1	0	unscoreable	6	0	0														not_admitted	not_admitted	not_admitted	not_admitted	not_admitted	not_admitted	not_admitted
NZ_CP030067.1	MPF_F	IncFII(pKP91);repB(R1701)	122	0	0	GA	0															not_admitted	not_admitted	not_admitted	not_admitted	not_admitted	not_admitted	not_admitted	not_admitted	not_admitted	not_admitted	1	98;73246;74235;+;366.0	108;79753;81120;+;383.1	104;77743;78495;+;236.7	94;69164;71803;+;258.5	109;81120;83969;+;346.2	86;63824;65248;+;89.2	94;69164;71803;+;88.7	84;62531;63097;+;170.0	99;74248;74886;+;66.9	100;74945;76900;+;259.7	113;85782;88064;+;393.2	88;65860;66444;+;53.8	113;85782;88064;+;65.8	A	9/9	contiguous	23251	1	1	83972..84502+;176;unnamed;0
NZ_CP030071.1	MPF_F	IncFIB(K);IncFII(pKP91)	202	0	0	GA	0															not_admitted	not_admitted	not_admitted	not_admitted	not_admitted	not_admitted	not_admitted	not_admitted	not_admitted	not_admitted	1	74;77925;78914;-;363.3	63;70739;72106;-;383.5	67;73364;74116;-;233.7	78;80371;83010;-;259.0	62;67917;70739;-;346.5	89;86979;88403;-;88.8	78;80371;83010;-;88.7	91;89130;89696;-;167.9	72;77002;77649;-;65.1	71;74988;76943;-;259.5	58;63019;65301;-;388.5	86;85783;86367;-;53.8	58;63019;65301;-;65.1	A	9/9	contiguous	26111	1	1	67292..67894-;200;TraS;0
NZ_CP030077.1	MPF_F	IncC	208	0	0	GA	0															not_admitted	not_admitted	not_admitted	not_admitted	not_admitted	not_admitted	not_admitted	not_admitted	not_admitted	not_admitted	1	133;103221;104228;+;332.9	197;159719;161152;+;339.2	196;158689;159717;+;221.7	128;98022;100469;+;354.5	198;161165;164779;+;375.3	45;26117;27277;+;156.3	128;98022;100469;+;128.3	121;87626;88252;+;92.7	131;101291;102556;+;67.9	134;104344;107142;+;145.3	112;81951;83816;+;47.3	124;90463;91041;+;100.2	112;81951;83816;+;52.0	A	9/9	split_3	135048	0	1	
NZ_CP030080.1	MPF_F	IncHI2;IncHI2A	303	0	0	GA	0															not_admitted	not_admitted	not_admitted	not_admitted	not_admitted	not_admitted	not_admitted	not_admitted	not_admitted	not_admitted	1	37;42693;43751;+;276.9	225;216126;217541;+;194.1	224;215090;216136;+;173.7	11;8956;11637;+;168.0	226;217550;221500;+;101.6	7;5271;6626;+;80.7	11;8956;11637;+;72.4	4;2759;3547;+;74.8	35;41040;42551;+;62.7	38;43770;46958;+;58.3	218;205965;208049;-;56.7	10;7997;8947;+;46.1	218;205965;208049;-;38.8	A	9/9	split_3	214791	0	1	
NZ_CP030081.1	MPF_T	-	47	0	0	GA	1		14;13030;13365;-;67.7	13;12700;13017;-;77.9	12;10244;12703;-;155.4	12;10244;12703;-;86.9	11;9615;10247;-;106.6	9;8323;9333;-;172.8		7;7201;7941;-;153.7	6;6363;7199;-;201.7	5;5137;6366;-;188.8	4;4125;5156;-;89.6	3;2222;4159;-;379.0		pfam	both	A	7/7	canonical	1	0	unscoreable	2	0	0														not_admitted	not_admitted	not_admitted	not_admitted	not_admitted	not_admitted	not_admitted
NZ_CP030100.1	MPF_T	-	159	0	0	GA	1	42;44386;45540;-;74.4	46;48432;48725;-;74.8	45;48161;48439;-;88.2	44;45796;48171;-;84.0	44;45796;48171;-;47.2	41;43577;44389;-;67.8	34;38151;39227;-;128.3		40;42906;43562;-;167.3	39;42208;42903;-;167.7	38;40832;42211;-;180.2	37;39841;40827;-;104.3	29;30299;32299;+;286.9		pfam	both	A	7/7	canonical	1	0	unscoreable	7	0	0														not_admitted	not_admitted	not_admitted	not_admitted	not_admitted	not_admitted	not_admitted
NZ_CP030109.1	MPF_F	-	116	0	0	GA	0															not_admitted	not_admitted	not_admitted	not_admitted	not_admitted	not_admitted	not_admitted	not_admitted	not_admitted	not_admitted	1	40;28817;29860;+;369.2	45;33843;35270;+;325.8	43;32629;33441;+;219.1	36;24529;27255;+;164.6	46;35286;38288;+;208.7	32;21531;22847;+;102.7	36;24529;27255;+;108.4	30;20240;20818;+;83.7	41;29875;30582;+;107.6	42;30579;32636;+;91.0	8;4296;6455;+;381.3	35;23875;24519;+;41.9	8;4296;6455;+;90.0	A	9/9	contiguous	30990	1	1	38360..38878+;172;unnamed;0
NZ_CP030129.1	MPF_T	-	272	0	0	GA	1	97;114814;115578;-;85.9	87;103864;104196;-;86.8	86;103586;103864;-;37.1	85;101048;103567;-;36.5	85;101048;103567;-;135.7	84;100293;101051;-;224.4	82;98610;99962;-;194.8		81;97926;98606;-;236.3	80;96895;97926;-;213.4	79;95693;96898;-;222.7	88;104193;105206;-;120.7	90;105838;107826;-;336.1		conjscan	conjscan_only	A	7/7	canonical	1	0	unscoreable	9	0	0														not_admitted	not_admitted	not_admitted	not_admitted	not_admitted	not_admitted	not_admitted
NZ_CP030132.1	MPF_F	IncC	227	0	0	GA	0															not_admitted	not_admitted	not_admitted	not_admitted	not_admitted	not_admitted	not_admitted	not_admitted	not_admitted	not_admitted	1	215;177070;178077;-;332.9			220;180829;183276;-;354.2		74;65025;66185;-;156.3	220;180829;183276;-;128.6	4;3304;3930;-;92.1	217;178742;180007;-;67.6	214;174159;176954;-;145.3	13;7740;9605;-;47.4	1;515;1093;-;100.2	13;7740;9605;-;52.0	C	6/9	split_3	180314	0	1	
NZ_CP030153.1	MPF_F	IncFIB(AP001918);IncFII	169	0	0	GA	0															not_admitted	not_admitted	not_admitted	not_admitted	not_admitted	not_admitted	not_admitted	not_admitted	not_admitted	not_admitted	1	38;31324;32316;+;369.3	49;38366;39739;+;381.0	44;36033;36776;+;235.0	35;27688;30315;+;304.6	50;39736;42558;+;389.2	29;24109;25536;+;94.3	35;27688;30315;+;99.2	27;22828;23394;+;183.8	41;33313;33951;+;68.6	42;33948;35756;+;268.0	53;44092;46263;+;391.6	33;26657;27172;+;78.4	53;44092;46263;+;70.4	A	9/9	contiguous	21264	1	1	42579..43076+;165;TraS;0
NZ_CP030156.1	MPF_T	IncI2	79	0	0	GA	1	67;50344;50826;-;81.1		4;4582;4866;-;36.6	3;2219;4576;-;58.5	3;2219;4576;-;42.8	16;10319;10960;-;42.8	17;10966;11961;-;128.5		1;1319;2053;-;144.3	0;552;1322;-;170.5	78;61349;61696;-;73.3	70;52595;54133;-;207.1	75;58216;59028;-;137.0		pfam	pfam_only	A	7/7	rearranged	1	0	unscoreable	18	1	0														not_admitted	not_admitted	not_admitted	not_admitted	not_admitted	not_admitted	not_admitted
NZ_CP030157.1	MPF_T	IncX4	51	0	0	GA	1	2;3121;3741;-;47.9	1;2781;3107;-;64.4	0;15;2762;-;62.7	0;15;2762;-;152.1	0;15;2762;-;46.1		47;28404;28868;-;81.1		44;26658;27119;-;98.8	42;25719;26048;-;52.7	38;24611;24940;-;80.0	37;23668;24609;-;86.1	36;21734;23551;-;316.5		none	none	A	7/7	rearranged	0	1	unscoreable	4	0	0														not_admitted	not_admitted	not_admitted	not_admitted	not_admitted	not_admitted	not_admitted
NZ_CP030165.1	MPF_T	-	198	0	0	GA	1	147;116358;117260;-;40.8	158;126101;126472;-;72.1	157;125805;126104;-;50.8	156;123149;125818;-;65.9	156;123149;125818;-;82.2	155;122484;123146;-;73.2	152;120980;121840;-;146.7		151;120309;120983;-;92.2	150;119502;120284;-;199.4	149;118280;119500;-;173.3	148;117247;118269;-;112.9	96;73934;76462;+;283.2		pfam	both	A	7/7	canonical	1	0	unscoreable	11	0	0														not_admitted	not_admitted	not_admitted	not_admitted	not_admitted	not_admitted	not_admitted
NZ_CP030176.1	MPF_F	IncFII(S);IncFII(pAR0022)	157	0	0	GA	0															not_admitted	not_admitted	not_admitted	not_admitted	not_admitted	not_admitted	not_admitted	not_admitted	not_admitted	not_admitted	1	134;124455;125441;+;366.7	143;130825;132207;+;393.8	140;129044;129793;+;231.0	131;120820;123468;+;315.5	144;132204;135026;+;391.6	124;116867;118276;+;90.6	131;120820;123468;+;98.0	122;115574;116140;+;188.8	136;125753;126391;+;71.1	138;126980;128806;+;272.1	147;136884;139145;+;373.9	127;119093;119608;+;92.2	147;136884;139145;+;72.0	A	9/9	contiguous	21310	1	1	135048..135530+;160;TraS;0
NZ_CP030177.1	MPF_F	IncFII(pSE11)	140	0	0	GA	0															not_admitted	not_admitted	not_admitted	not_admitted	not_admitted	not_admitted	not_admitted	not_admitted	not_admitted	not_admitted	1	116;104345;105343;+;349.4	126;112074;113480;+;341.4	121;109256;110041;+;216.4	112;100470;103109;+;251.0	127;113480;116389;+;313.3	110;98615;99949;+;96.4	112;100470;103109;+;118.2	108;97290;97868;+;126.1	119;106832;107437;+;59.1	120;107434;109254;+;240.8	131;118734;120920;+;375.0	111;99961;100473;+;59.0	131;118734;120920;+;58.3	A	9/9	contiguous	21444	1	1	116404..117051+;215;unnamed;1
NZ_CP030182.1	MPF_F	IncHI1A;IncHI1B(R27)	242	0	0	GA	0															not_admitted	not_admitted	not_admitted	not_admitted	not_admitted	not_admitted	not_admitted	not_admitted	not_admitted	not_admitted	1	16;14855;15907;+;277.6	155;147435;148850;-;201.7	156;148840;149886;-;171.3	241;218007;220688;+;160.9	154;143437;147426;-;103.1	237;214301;215659;+;84.0	241;218007;220688;+;76.5	234;211849;212634;+;68.7	14;13202;14710;+;65.6	17;15930;19106;+;58.9	162;156821;158905;+;50.2	240;217048;217998;+;45.2	162;156821;158905;+;36.5	A	9/9	split_3	204805	0	1	
NZ_CP030186.1	MPF_F	IncHI2;IncHI2A	335	0	0	GA	0															not_admitted	not_admitted	not_admitted	not_admitted	not_admitted	not_admitted	not_admitted	not_admitted	not_admitted	not_admitted	1	85;86624;87682;+;276.9	334;297656;298888;-;168.3	0;142;1188;-;173.7	67;63304;65985;+;168.0	333;293697;297647;-;101.6	63;59619;60974;+;80.7	67;63304;65985;+;72.2	60;57107;57895;+;74.8	83;84971;86482;+;62.7	86;87701;90889;+;58.3	6;8229;10313;+;56.7	66;62345;63295;+;46.4	6;8229;10313;+;38.8	A	9/9	split_4	297514	0	1	
NZ_CP030197.1	MPF_F	IncFII(pSE11)	147	0	0	GA	0															not_admitted	not_admitted	not_admitted	not_admitted	not_admitted	not_admitted	not_admitted	not_admitted	not_admitted	not_admitted	1	123;114512;115510;+;347.1	134;122879;124285;+;342.8	128;119510;120295;+;219.7	119;110637;113276;+;249.5	135;124285;127194;+;315.6	117;108782;110116;+;96.2	119;110637;113276;+;117.9	115;107457;108035;+;126.1	126;117074;117679;+;55.5	127;117676;119508;+;241.0	139;129546;131732;+;374.9	118;110128;110640;+;58.3	139;129546;131732;+;58.3	A	9/9	contiguous	22089	1	1	127209..127859+;216;unnamed;1
NZ_CP030198.1	MPF_F	IncFIB(S);IncFII(Yp)	157	0	0	GA	0															not_admitted	not_admitted	not_admitted	not_admitted	not_admitted	not_admitted	not_admitted	not_admitted	not_admitted	not_admitted	1	107;98264;99256;-;362.9	98;91634;93016;-;393.5	101;94048;94797;-;231.5	110;100243;102891;-;315.5	97;88815;91637;-;386.2	117;105403;106824;-;90.7	110;100243;102891;-;97.4	119;107551;108117;-;188.5	105;97314;97952;-;71.1	103;95035;96861;-;272.1	94;84648;86891;-;391.7	114;104103;104618;-;89.0	94;84648;86891;-;70.4	A	9/9	contiguous	22903	1	1	88311..88793-;160;TraS;0
NZ_CP030208.1	MPF_T	IncFII(S);IncFII(pAR0022);IncX1	90	0	0	GA	1	64;46483;47130;+;45.2	65;47108;47404;+;77.5	66;47423;50176;+;46.6	66;47423;50176;+;148.0	66;47423;50176;+;75.3	67;50187;50945;+;65.9	69;51183;52316;+;108.9		70;52561;53274;+;120.0	71;53279;54208;+;129.7	72;54205;55410;+;132.5	73;55412;56176;+;55.2	74;56445;58280;+;486.5		pfam	pfam_only	A	7/7	canonical	1	1	unscoreable	1	0	0														not_admitted	not_admitted	not_admitted	not_admitted	not_admitted	not_admitted	not_admitted
NZ_CP030210.1	MPF_F	IncFII(S);IncFII(SARC14)	97	0	0	GA	0															not_admitted	not_admitted	not_admitted	not_admitted	not_admitted	not_admitted	not_admitted	not_admitted	not_admitted	not_admitted	1	80;70860;71855;+;357.6	86;76096;77457;+;336.5	84;74683;75459;+;194.9	77;67176;69767;+;221.4	87;77459;80356;+;292.8	74;64744;66105;+;81.6	77;67176;69767;+;87.8	72;63464;64027;+;138.9	82;72222;72836;+;79.9	83;72833;74686;+;259.9	90;81935;84238;+;376.2	76;66551;67165;+;48.1	90;81935;84238;+;67.0	A	9/9	contiguous	18471	1	1	80368..80928+;186;unnamed;0
NZ_CP030220.1	MPF_F	IncFII(Yp)	172	0	0	GA	0															not_admitted	not_admitted	not_admitted	not_admitted	not_admitted	not_admitted	not_admitted	not_admitted	not_admitted	not_admitted	1	55;61068;62060;-;368.3	44;53707;55089;-;387.8	49;56714;57463;-;233.0	58;63069;65696;-;303.7	43;50888;53710;-;377.8	64;68090;69508;-;94.3	58;63069;65696;-;101.0	66;70229;70795;-;181.0	54;60430;61059;-;69.0	52;58189;60087;-;270.5	39;46651;48945;-;384.0	61;66898;67416;-;71.4	39;46651;48945;-;71.0	A	9/9	contiguous	23578	1	1	50387..50866-;159;TraS;0
NZ_CP030221.1	MPF_T	-	80	0	0	GA	1		33;22784;23167;+;68.5	34;23170;23496;+;48.3	35;23493;26036;+;98.2	35;23493;26036;+;107.1	40;29512;30294;+;105.1	42;30506;32068;+;111.4		36;26033;26740;+;91.0	37;26756;27646;+;153.1	39;28105;29499;+;220.3	32;21714;22670;+;135.2	78;52521;54467;-;442.7		conjscan	conjscan_only	A	7/7	canonical	1	0	unscoreable	3	0	0														not_admitted	not_admitted	not_admitted	not_admitted	not_admitted	not_admitted	not_admitted
NZ_CP030222.1	MPF_T	IncFII(pSFO)	65	0	0	GA	1	17;17234;17725;+;88.4	58;46699;47052;+;32.6	59;47052;47423;+;35.8	60;47380;49872;+;62.7		62;51421;52104;+;52.7	64;52531;53472;+;121.4			0;28;843;+;160.4	1;840;2180;+;132.8	10;10646;12208;+;195.5	4;3600;5570;+;238.4		pfam	pfam_only	B	6/7	canonical	1	0	unscoreable	13	0	0														not_admitted	not_admitted	not_admitted	not_admitted	not_admitted	not_admitted	not_admitted
NZ_CP030224.1	-	pKPC-CAV1321	314	0	0	GA	0															not_admitted	not_admitted	not_admitted	not_admitted	not_admitted	not_admitted	not_admitted	not_admitted	not_admitted	not_admitted	1	181;147669;148736;+;276.8	204;165861;167303;+;260.7	203;164764;165864;+;198.4	177;143075;145561;+;223.8	205;167318;170836;+;240.0	173;138450;139847;+;109.8	177;143075;145561;+;120.8	171;136541;137167;+;87.1	180;146359;147672;+;41.0	207;171272;173929;+;136.9	165;132017;133993;+;22.7	174;139844;140410;+;71.6	165;132017;133993;+;33.5	A	9/9	contiguous	39255	0	1	
NZ_CP030243.1	MPF_T	-	39	0	0	GA	1	36;25531;26268;-;40.5		34;24786;25169;-;37.6	33;22361;24847;-;92.9	33;22361;24847;-;39.5	32;21677;22348;-;47.9	31;20776;21672;-;119.8		28;19505;20263;-;147.5	27;18714;19508;-;169.9					pfam	both	D	4/7	canonical	1	0	unscoreable	3	0	0														not_admitted	not_admitted	not_admitted	not_admitted	not_admitted	not_admitted	not_admitted
NZ_CP030263.1	MPF_T	-	1609	0	0	GA	1	1579;1752811;1754265;-;58.8	991;1111570;1111869;+;87.6	992;1111874;1112215;+;106.8	993;1112190;1114574;+;168.6	993;1112190;1114574;+;109.8	994;1114574;1115272;+;203.6	996;1115504;1116439;+;162.4		998;1116756;1117427;+;210.1	999;1117427;1118281;+;177.1	1000;1118290;1119462;+;183.4	1001;1119473;1120465;+;100.5	951;1068770;1070683;-;328.6		pfam	both	A	7/7	canonical	1	0	unscoreable	2	0	0														not_admitted	not_admitted	not_admitted	not_admitted	not_admitted	not_admitted	not_admitted
NZ_CP030264.1	MPF_T	-	1560	0	0	GA	1		931;948483;948863;-;69.8	930;948197;948490;-;62.2	929;946840;948186;-;175.7	929;946840;948186;-;127.1	927;944963;945709;-;43.4	925;943604;944788;-;106.0		924;942922;943584;-;133.7	923;942093;942905;-;188.9	921;940344;941639;-;221.9	932;948853;949821;-;125.7	913;930428;932344;-;539.5		conjscan	conjscan_only	A	7/7	canonical	1	0	unscoreable	11	0	0														not_admitted	not_admitted	not_admitted	not_admitted	not_admitted	not_admitted	not_admitted
NZ_CP030276.1	MPF_F	-	170	0	0	GA	0															not_admitted	not_admitted	not_admitted	not_admitted	not_admitted	not_admitted	not_admitted	not_admitted	not_admitted	not_admitted	1	45;41764;42750;+;383.3	4;3247;4644;+;384.8	2;2150;2983;+;221.0	40;37492;39975;+;306.0	52;48459;51869;+;383.4	38;35817;37070;+;115.3	40;37492;39975;+;109.8	36;34547;35101;+;167.3	46;42711;43463;+;110.4	0;135;1757;+;272.8	18;15779;18061;+;504.6	39;37067;37495;+;74.5	18;15779;18061;+;92.2	A	9/9	contiguous	48324	0	1	
NZ_CP030283.1	MPF_F	IncFII(pHN7A8);IncX1	137	0	0	GA	0															not_admitted	not_admitted	not_admitted	not_admitted	not_admitted	not_admitted	not_admitted	not_admitted	not_admitted	not_admitted	1	135;112380;113372;-;369.5	122;104174;105547;-;376.8	127;107113;107856;-;234.4	5;2060;3226;-;254.3	121;101361;104177;-;376.7	10;5592;6155;-;52.1		13;7594;8097;-;148.0	132;110796;111434;-;70.4	129;108133;109983;-;265.0	117;96817;99060;-;391.7	7;3964;4362;-;26.2	117;96817;99060;-;70.3	A	9/9	split_2	110320	1	1	100807..101328-;173;unnamed;0
NZ_CP030284.1	MPF_T	IncI2	82	0	0	GA	1	17;16424;16909;+;62.4			3;1609;1965;+;26.0	1;907;1323;+;47.3	71;56004;56645;+;42.8	70;55003;55998;+;128.5				6;5664;5897;+;51.6	14;13118;14656;+;207.1	9;7469;9037;+;287.6		pfam	pfam_only	C	5/7	canonical	1	0	unscoreable	10	1	0														not_admitted	not_admitted	not_admitted	not_admitted	not_admitted	not_admitted	not_admitted
NZ_CP030293.1	MPF_F	IncFIB(pNDM-Mar);IncHI1B(pNDM-MAR)	300	0	0	GA	0															not_admitted	not_admitted	not_admitted	not_admitted	not_admitted	not_admitted	not_admitted	not_admitted	not_admitted	not_admitted	1	228;200173;201210;-;282.3	80;61682;63091;+;190.4	79;60655;61692;+;175.6	240;212042;214759;-;149.6	81;63093;67061;+;121.3	244;216872;218242;-;65.6	240;212042;214759;-;85.2	247;219888;220748;-;79.0	229;201207;202568;-;69.9	227;196978;200163;-;59.6	72;51330;53456;-;57.7	241;214804;215541;-;56.9	72;51330;53456;-;41.0	A	9/9	split_2	168558	0	1	
NZ_CP030294.1	MPF_F	IncN;IncR;repB(R1701)	204	0	0	GA	0															not_admitted	not_admitted	not_admitted	not_admitted	not_admitted	not_admitted	not_admitted	not_admitted	not_admitted	not_admitted	1	137;105137;106126;+;366.6	147;111673;113040;+;384.0	143;109663;110415;+;233.7	133;101041;103680;+;258.5	148;113040;115889;+;346.4	126;96790;98214;+;89.3	133;101041;103680;+;88.7	124;95497;96063;+;169.3	138;106139;106777;+;66.9	139;106836;108791;+;259.4	152;118351;120663;+;393.1	127;98286;98870;+;54.7	152;118351;120663;+;66.6	A	9/9	contiguous	22854	1	1	115892..116425+;177;unnamed;0
NZ_CP030297.1	MPF_F	IncFIB(K);IncFII(K)	199	0	0	GA	0															not_admitted	not_admitted	not_admitted	not_admitted	not_admitted	not_admitted	not_admitted	not_admitted	not_admitted	not_admitted	1	142;141340;142332;-;366.6	132;134519;135889;-;381.2	136;137091;137843;-;232.4	145;143358;145997;-;258.7	131;131670;134519;-;344.2	154;149812;151236;-;89.2	145;143358;145997;-;88.8	156;151963;152529;-;167.0	141;140689;141327;-;67.0	140;138686;140692;-;259.0	127;127547;129856;-;393.2	152;148649;149200;-;49.8	127;127547;129856;-;65.8	A	9/9	contiguous	24416	1	1	131137..131667-;176;unnamed;0
NZ_CP030298.1	MPF_F	IncFII(pSE11)	83	0	0	GA	0															not_admitted	not_admitted	not_admitted	not_admitted	not_admitted	not_admitted	not_admitted	not_admitted	not_admitted	not_admitted	1	55;43314;44306;+;369.5	67;50360;51733;+;381.7	60;47412;48155;+;234.4	52;39675;42305;+;297.8	68;51730;54555;+;374.0	45;35206;36633;+;93.9	52;39675;42305;+;98.7	43;33925;34491;+;174.3	57;44650;45288;+;68.5	58;45285;47135;+;266.9	72;56797;59022;+;391.7	48;37517;38032;+;78.4	72;56797;59022;+;70.3	A	9/9	contiguous	22872	1	1	54552..55061+;169;unnamed;0
NZ_CP030299.1	MPF_T	IncX3	68	0	0	GA	1	55;46039;46683;-;46.4	54;45765;46055;-;73.1	53;42987;45740;-;47.0	53;42987;45740;-;142.4	53;42987;45740;-;73.3	52;42207;42977;-;60.1	50;40873;41928;-;133.2		49;39950;40678;-;119.4	48;39015;39944;-;138.8	47;37804;39018;-;128.3	45;36574;37608;-;65.7	44;34736;36571;-;495.9		pfam	pfam_only	A	7/7	canonical	1	1	unscoreable	2	0	0														not_admitted	not_admitted	not_admitted	not_admitted	not_admitted	not_admitted	not_admitted
NZ_CP030301.1	MPF_F	IncFII(pHN7A8);repB(R1701)	194	0	0	GA	0															not_admitted	not_admitted	not_admitted	not_admitted	not_admitted	not_admitted	not_admitted	not_admitted	not_admitted	not_admitted	1	82;59844;60836;-;369.5			85;61845;64472;-;301.8		90;66527;67954;-;94.1	85;61845;64472;-;101.8	92;68669;69235;-;183.8			85;61845;64472;-;20.8	86;64988;65503;-;77.6		D	4/9	contiguous	8825	0	0	
NZ_CP030303.1	MPF_F	IncFIB(K);IncFII(K);IncFII(pAR0022)	229	0	0	GA	0															not_admitted	not_admitted	not_admitted	not_admitted	not_admitted	not_admitted	not_admitted	not_admitted	not_admitted	not_admitted	1	194;188962;189951;+;363.3	205;195770;197137;+;384.1	201;193760;194512;+;233.7	190;184866;187505;+;259.0	206;197137;199959;+;346.4	180;179474;180898;+;89.5	190;184866;187505;+;88.7	178;178181;178747;+;167.0	196;190227;190874;+;65.9	197;190933;192888;+;259.4	210;202576;204888;+;393.1	182;181510;182094;+;53.8	210;202576;204888;+;66.6	A	9/9	contiguous	24395	1	1	199982..200584+;200;TraS;0
NZ_CP030304.1	MPF_F	IncC	185	0	0	GA	0															not_admitted	not_admitted	not_admitted	not_admitted	not_admitted	not_admitted	not_admitted	not_admitted	not_admitted	not_admitted	1	97;74404;75411;+;332.9	174;142137;143570;+;339.2	173;141107;142135;+;221.7	92;69205;71652;+;354.2	175;143583;147197;+;375.3	83;55894;57210;+;135.0	92;69205;71652;+;128.6	81;54370;54996;+;92.1	95;72474;73739;+;67.6	98;75527;78322;+;145.3	72;48695;50560;+;47.4	84;57207;57785;+;100.2	72;48695;50560;+;52.0	A	9/9	split_2	94888	0	1	
NZ_CP030305.1	MPF_F	IncFIB(pB171);IncFII(Yp);IncFII(pAR0022)	124	0	0	GA	0															not_admitted	not_admitted	not_admitted	not_admitted	not_admitted	not_admitted	not_admitted	not_admitted	not_admitted	not_admitted	1	106;88913;89905;+;369.4	114;94618;95988;+;376.7	110;92652;93401;+;218.2	103;85295;87925;+;285.5	115;95988;98810;+;336.5	97;81873;83267;+;89.4	103;85295;87925;+;98.6	95;80590;81156;+;169.9	107;89922;90551;+;66.9	108;90548;92401;+;260.5	118;100147;102393;+;384.7	98;83289;83828;+;67.5	118;100147;102393;+;63.8	A	9/9	contiguous	19557	1	1	98832..99263+;143;TraS;0
NZ_CP030310.1	MPF_T	IncN	71	0	0	GA	1	16;12153;12887;+;32.5		19;13530;13847;+;63.3	20;13847;16447;+;113.8	20;13847;16447;+;76.4	21;16465;17178;+;105.5	23;17429;18469;+;142.4		24;18688;19386;+;131.9	25;19397;20281;+;159.7	26;20281;21441;+;156.3	27;21483;22478;+;81.2	48;40568;42097;-;38.5		pfam	both	A	7/7	canonical	1	0	unscoreable	3	0	0														not_admitted	not_admitted	not_admitted	not_admitted	not_admitted	not_admitted	not_admitted
NZ_CP030329.1	MPF_F	IncFIB(pB171);IncFII	146	0	0	GA	0															not_admitted	not_admitted	not_admitted	not_admitted	not_admitted	not_admitted	not_admitted	not_admitted	not_admitted	not_admitted	1	110;94300;95292;+;372.1	121;101024;102397;+;380.7	116;98691;99434;+;233.3	107;90664;93291;+;303.5	122;102394;105213;+;386.2	102;87084;88535;+;94.6	107;90664;93291;+;100.3	100;85803;86369;+;183.2	111;95301;95939;+;68.6	114;96651;98414;+;267.9	125;106745;108934;+;391.8	106;89633;90148;+;79.0	125;106745;108934;+;70.4	A	9/9	contiguous	20942	1	1	105238..105729+;163;TraS;0
NZ_CP030335.1	MPF_T	IncN	88	0	0	GA	1	23;17424;18158;-;32.5		20;16464;16781;-;63.3	19;13864;16464;-;113.8	19;13864;16464;-;76.4	18;13133;13846;-;105.5	16;11842;12882;-;142.4		15;10925;11623;-;131.9	14;10030;10914;-;159.7	13;8870;10030;-;156.3	12;7833;8828;-;81.2	62;44232;45761;+;38.5		pfam	both	A	7/7	canonical	1	0	unscoreable	3	0	0														not_admitted	not_admitted	not_admitted	not_admitted	not_admitted	not_admitted	not_admitted
NZ_CP030342.1	MPF_F	IncFIB(pQil);IncFII(K)	132	0	0	GA	0															not_admitted	not_admitted	not_admitted	not_admitted	not_admitted	not_admitted	not_admitted	not_admitted	not_admitted	not_admitted	1	127;108563;109552;-;366.6	117;101649;103016;-;380.7	121;104274;105026;-;233.7	131;110995;113634;-;258.5	116;98800;101649;-;345.6	7;3252;4676;-;88.8	131;110995;113634;-;88.7	9;5403;5969;-;169.3	126;107912;108550;-;67.0	125;105898;107853;-;259.7	112;94002;96314;-;392.7	6;2554;3138;-;55.4	112;94002;96314;-;66.5	A	9/9	split_2	108441	1	1	98239..98787-;182;unnamed;0
NZ_CP030343.1	MPF_F	IncFIB(K);IncFII(K)	218	0	0	GA	0															not_admitted	not_admitted	not_admitted	not_admitted	not_admitted	not_admitted	not_admitted	not_admitted	not_admitted	not_admitted	1	166;143698;144690;+;366.6	176;150141;151511;+;381.2	172;148187;148939;+;232.4	163;140033;142672;+;258.7	177;151511;154360;+;344.2	154;134794;136218;+;89.2	163;140033;142672;+;88.8	152;133501;134067;+;167.0	167;144703;145341;+;67.0	168;145338;147344;+;259.0	181;156174;158483;+;393.2	156;136830;137399;+;49.7	181;156174;158483;+;65.8	A	9/9	contiguous	22673	1	1	154363..154893+;176;unnamed;0
NZ_CP030354.1	-	-	665	0	0	GA	0															not_admitted	not_admitted	not_admitted	not_admitted	not_admitted	not_admitted	not_admitted	not_admitted	not_admitted	not_admitted	1	528;576266;577276;-;400.6	522;570884;572314;-;358.7	523;572314;573153;-;222.7	534;579728;582292;-;420.2	521;568049;570871;-;329.0	537;583758;585065;-;101.8	534;579728;582292;-;103.3	539;585877;586440;-;170.1	525;575093;575839;-;106.6	524;573246;575072;-;263.1	123;105225;107582;+;534.1		274;270862;273297;+;66.2	B	8/9	split_3	480652	1	1	566464..567756-;430;unnamed;0
NZ_CP030718.1	MPF_F	IncHI2;IncHI2A	325	0	0	GA	0															not_admitted	not_admitted	not_admitted	not_admitted	not_admitted	not_admitted	not_admitted	not_admitted	not_admitted	not_admitted	1	30;32274;33332;+;276.9	199;186714;188129;-;194.1	200;188119;189165;-;173.7	12;8954;11635;+;168.0	198;182755;186705;-;101.6	7;5270;6625;+;80.7	12;8954;11635;+;72.2	4;2758;3546;+;74.8	28;30621;32132;+;62.7	31;33351;36539;+;58.3	206;196206;198290;+;56.7	11;7995;8945;+;46.4	206;196206;198290;+;38.8	A	9/9	split_3	193448	0	1	
NZ_CP030719.1	MPF_F	IncFIB(K);IncFII(K)	191	0	0	GA	0															not_admitted	not_admitted	not_admitted	not_admitted	not_admitted	not_admitted	not_admitted	not_admitted	not_admitted	not_admitted	1	135;133927;134919;-;366.6	125;127106;128476;-;381.2	129;129678;130430;-;232.4	138;135945;138584;-;258.7	124;124257;127106;-;344.2	147;142399;143823;-;89.2	138;135945;138584;-;88.8	149;144550;145116;-;167.0	134;133276;133914;-;67.0	133;131273;133279;-;259.0	120;120134;122443;-;393.2	145;141218;141787;-;49.7	120;120134;122443;-;65.8	A	9/9	contiguous	24416	1	1	123724..124254-;176;unnamed;0
NZ_CP030720.1	MPF_F	IncC	207	0	0	GA	0															not_admitted	not_admitted	not_admitted	not_admitted	not_admitted	not_admitted	not_admitted	not_admitted	not_admitted	not_admitted	1	95;73958;74965;+;332.9	196;162844;164277;+;339.2	195;161814;162842;+;221.7	90;68759;71206;+;354.2	197;164290;167904;+;375.3	81;55448;56764;+;135.0	90;68759;71206;+;128.6	79;53924;54550;+;92.1	93;72028;73293;+;67.6	96;75081;77876;+;145.3	70;48249;50114;+;47.4	82;56761;57339;+;100.2	70;48249;50114;+;52.0	A	9/9	split_2	116041	0	1	
NZ_CP030726.1	MPF_F	IncFIB(K);IncFII(K)	191	0	0	GA	0															not_admitted	not_admitted	not_admitted	not_admitted	not_admitted	not_admitted	not_admitted	not_admitted	not_admitted	not_admitted	1	135;133927;134919;-;366.6	125;127106;128476;-;381.2	129;129678;130430;-;232.4	138;135945;138584;-;258.7	124;124257;127106;-;344.2	147;142399;143823;-;89.2	138;135945;138584;-;88.8	149;144550;145116;-;167.0	134;133276;133914;-;67.0	133;131273;133279;-;259.0	120;120134;122443;-;393.2	145;141218;141787;-;49.7	120;120134;122443;-;65.8	A	9/9	contiguous	24416	1	1	123724..124254-;176;unnamed;0
NZ_CP030727.1	MPF_F	IncC	207	0	0	GA	0															not_admitted	not_admitted	not_admitted	not_admitted	not_admitted	not_admitted	not_admitted	not_admitted	not_admitted	not_admitted	1	95;73958;74965;+;332.9	196;162844;164277;+;339.2	195;161814;162842;+;221.7	90;68759;71206;+;354.2	197;164290;167904;+;375.3	81;55448;56764;+;135.0	90;68759;71206;+;128.6	79;53924;54550;+;92.1	93;72028;73293;+;67.6	96;75081;77876;+;145.3	70;48249;50114;+;47.4	82;56761;57339;+;100.2	70;48249;50114;+;52.0	A	9/9	split_2	116041	0	1	
NZ_CP030734.1	MPF_F	IncHI2;IncHI2A	329	0	0	GA	0															not_admitted	not_admitted	not_admitted	not_admitted	not_admitted	not_admitted	not_admitted	not_admitted	not_admitted	not_admitted	1	30;32274;33332;+;276.9	199;186714;188129;-;194.1	200;188119;189165;-;173.7	12;8954;11635;+;168.0	198;182755;186705;-;101.6	7;5270;6625;+;80.7	12;8954;11635;+;72.2	4;2758;3546;+;74.8	28;30621;32132;+;62.7	31;33351;36539;+;58.3	208;197272;199356;+;56.7	11;7995;8945;+;46.4	208;197272;199356;+;38.8	A	9/9	split_3	194514	0	1	
NZ_CP030735.1	MPF_F	IncFIB(K);IncFII(K)	191	0	0	GA	0															not_admitted	not_admitted	not_admitted	not_admitted	not_admitted	not_admitted	not_admitted	not_admitted	not_admitted	not_admitted	1	135;133927;134919;-;366.6	125;127106;128476;-;381.2	129;129678;130430;-;232.4	138;135945;138584;-;258.7	124;124257;127106;-;344.2	147;142399;143823;-;89.2	138;135945;138584;-;88.8	149;144550;145116;-;167.0	134;133276;133914;-;67.0	133;131273;133279;-;259.0	120;120134;122443;-;393.2	145;141218;141787;-;49.7	120;120134;122443;-;65.8	A	9/9	contiguous	24416	1	1	123724..124254-;176;unnamed;0
NZ_CP030736.1	MPF_F	IncC	207	0	0	GA	0															not_admitted	not_admitted	not_admitted	not_admitted	not_admitted	not_admitted	not_admitted	not_admitted	not_admitted	not_admitted	1	95;73958;74965;+;332.9	196;162844;164277;+;339.2	195;161814;162842;+;221.7	90;68759;71206;+;354.2	197;164290;167904;+;375.3	81;55448;56764;+;135.0	90;68759;71206;+;128.6	79;53924;54550;+;92.1	93;72028;73293;+;67.6	96;75081;77876;+;145.3	70;48249;50114;+;47.4	82;56761;57339;+;100.2	70;48249;50114;+;52.0	A	9/9	split_2	116041	0	1	
NZ_CP030742.1	MPF_F	IncHI2;IncHI2A	335	0	0	GA	0															not_admitted	not_admitted	not_admitted	not_admitted	not_admitted	not_admitted	not_admitted	not_admitted	not_admitted	not_admitted	1	30;32274;33332;+;276.9	209;195142;196557;-;194.1	210;196547;197593;-;173.7	12;8954;11635;+;168.0	208;191183;195133;-;101.6	7;5270;6625;+;80.7	12;8954;11635;+;72.2	4;2758;3546;+;74.8	28;30621;32132;+;62.7	31;33351;36539;+;58.3	216;204634;206718;+;56.7	11;7995;8945;+;46.4	216;204634;206718;+;38.8	A	9/9	split_3	201876	0	1	
NZ_CP030743.1	MPF_F	IncFIB(K);IncFII(K)	192	0	0	GA	0															not_admitted	not_admitted	not_admitted	not_admitted	not_admitted	not_admitted	not_admitted	not_admitted	not_admitted	not_admitted	1	136;133929;134921;-;366.6	126;127108;128478;-;381.2	130;129680;130432;-;232.4	139;135947;138586;-;258.7	125;124259;127108;-;344.2	148;142401;143825;-;89.2	139;135947;138586;-;88.8	150;144552;145118;-;167.0	135;133278;133916;-;67.0	134;131275;133281;-;259.0	121;120136;122445;-;393.2	146;141220;141789;-;49.7	121;120136;122445;-;65.8	A	9/9	contiguous	24416	1	1	123726..124256-;176;unnamed;0
NZ_CP030744.1	MPF_F	IncC	207	0	0	GA	0															not_admitted	not_admitted	not_admitted	not_admitted	not_admitted	not_admitted	not_admitted	not_admitted	not_admitted	not_admitted	1	95;73958;74965;+;332.9	196;162844;164277;+;339.2	195;161814;162842;+;221.7	90;68759;71206;+;354.2	197;164290;167904;+;375.3	81;55448;56764;+;135.0	90;68759;71206;+;128.6	79;53924;54550;+;92.1	93;72028;73293;+;67.6	96;75081;77876;+;145.3	70;48249;50114;+;47.4	82;56761;57339;+;100.2	70;48249;50114;+;52.0	A	9/9	split_2	116041	0	1	
NZ_CP030761.1	MPF_T	-	1160	0	0	GA	1	1062;1127555;1128175;-;22.8	1061;1127259;1127558;-;90.6	1060;1126915;1127253;-;103.3	1059;1124556;1126922;-;181.4	1059;1124556;1126922;-;107.0	1058;1123858;1124556;-;201.0	1056;1122704;1123624;-;164.2		1054;1121694;1122365;-;209.4	1053;1120840;1121697;-;183.8	1052;1119655;1120830;-;176.7	1051;1118606;1119646;-;106.7	610;677444;679357;+;328.7		pfam	both	A	7/7	canonical	1	0	unscoreable	2	0	0														not_admitted	not_admitted	not_admitted	not_admitted	not_admitted	not_admitted	not_admitted
NZ_CP030762.1	MPF_T	-	432	0	0	GA	1	286;267793;268944;+;69.9	219;202032;202415;-;74.2	218;201740;202039;-;64.5	289;269636;272155;+;139.1	217;200995;201729;-;124.8		293;274331;275404;+;83.4		294;275433;276161;+;108.3	295;276158;276988;+;184.3	296;277000;278337;+;190.9	220;202405;203382;-;129.1	214;198498;200408;-;502.6		none	none	A	7/7	canonical	0	0	unscoreable	4	0	0														not_admitted	not_admitted	not_admitted	not_admitted	not_admitted	not_admitted	not_admitted
NZ_CP030763.1	MPF_T	-	743	0	0	GA	1		250;272758;273138;-;76.2	249;272469;272768;-;66.7	248;270010;272457;-;176.8	248;270010;272457;-;116.1	247;269238;270038;-;58.3	245;267869;269050;-;114.7		244;267187;267849;-;124.7	243;266351;267172;-;185.5	241;264621;265907;-;201.6	251;273128;274093;-;133.1	221;241434;243368;-;549.7		conjscan	conjscan_only	A	7/7	canonical	1	0	unscoreable	3	0	0														not_admitted	not_admitted	not_admitted	not_admitted	not_admitted	not_admitted	not_admitted
NZ_CP030766.1	MPF_T	IncI2	74	0	0	GA	1	59;44989;45471;+;81.1		45;29610;29894;+;36.5	46;29900;32257;+;58.5	46;29900;32257;+;44.9	36;24307;24954;+;41.6	35;23315;24301;+;122.2		48;32423;33157;+;144.3	49;33154;33924;+;170.5	50;33914;35053;+;154.7	56;41683;43221;+;207.1	52;36167;38125;+;286.9		pfam	pfam_only	A	7/7	rearranged	1	0	unscoreable	13	0	0														not_admitted	not_admitted	not_admitted	not_admitted	not_admitted	not_admitted	not_admitted
NZ_CP030770.1	MPF_F	Col156;IncFIB(AP001918);IncFII(29);IncQ1	177	0	0	GA	0															not_admitted	not_admitted	not_admitted	not_admitted	not_admitted	not_admitted	not_admitted	not_admitted	not_admitted	not_admitted	1	51;45555;46547;-;369.5	39;38128;39501;-;381.7	46;41706;42449;-;233.1	54;47556;50186;-;304.0	38;35309;38131;-;388.5	61;53317;54744;-;93.9	54;47556;50186;-;99.3	63;55459;56025;-;183.1	49;44573;45211;-;68.6	48;42726;44576;-;271.9	34;30731;33037;-;391.0	58;51673;52188;-;74.0	34;30731;33037;-;70.2	A	9/9	contiguous	24728	1	1	34808..35287-;159;TraS;0
NZ_CP030780.2	MPF_F	IncFII(pHN7A8)	84	0	0	GA	0															not_admitted	not_admitted	not_admitted	not_admitted	not_admitted	not_admitted	not_admitted	not_admitted	not_admitted	not_admitted	1	33;36339;37325;-;355.4	27;30745;32106;-;342.6	29;32738;33517;-;195.0	36;38418;41009;-;215.3	26;27840;30743;-;287.0	41;42598;43869;-;83.3	36;38418;41009;-;88.2		31;35349;35963;-;82.6	30;33514;35352;-;259.4	23;23986;26217;-;371.9	37;41020;41619;-;46.6	23;23986;26217;-;68.9	B	8/9	contiguous	18612	1	1	27273..27830-;185;unnamed;0
NZ_CP030782.1	MPF_F	IncFIB(AP001918);IncFII(pSE11)	111	0	0	GA	0															not_admitted	not_admitted	not_admitted	not_admitted	not_admitted	not_admitted	not_admitted	not_admitted	not_admitted	not_admitted	1	96;90013;91005;+;369.3	107;96684;98057;+;380.9	100;93734;94477;+;232.2	93;86377;89004;+;303.0	108;98054;100873;+;387.2	86;82895;84322;+;93.0	93;86377;89004;+;98.2	84;81614;82180;+;183.8	97;91014;91652;+;68.4	98;91649;93457;+;268.3	93;86377;89004;+;22.1	90;85346;85861;+;78.4		A	9/9	contiguous	16440	1	1	100898..101377+;159;TraS;0
NZ_CP030785.2	MPF_F	IncFII(pHN7A8)	91	0	0	GA	0															not_admitted	not_admitted	not_admitted	not_admitted	not_admitted	not_admitted	not_admitted	not_admitted	not_admitted	not_admitted	1	28;30259;31257;-;348.9	19;22651;24057;-;340.8	23;25379;26164;-;217.6	32;32490;35129;-;253.3	18;19742;22651;-;312.3	34;35650;36984;-;97.2	32;32490;35129;-;118.2	36;37731;38309;-;126.1	25;28097;28702;-;57.4	24;26166;28100;-;241.3	11;13976;16162;-;377.1	33;35126;35638;-;60.3	11;13976;16162;-;60.9	A	9/9	contiguous	23755	1	1	19077..19727-;216;unnamed;1
NZ_CP030791.1	MPF_F	IncFIB(AP001918);IncFIC(FII)	211	0	0	GA	0															not_admitted	not_admitted	not_admitted	not_admitted	not_admitted	not_admitted	not_admitted	not_admitted	not_admitted	not_admitted	1	137;134550;135542;-;369.3	126;127531;128904;-;380.9	133;131078;131821;-;235.0	140;136551;139178;-;305.4	125;124709;127534;-;385.2	147;141233;142660;-;94.7	140;136551;139178;-;98.5	149;143375;143941;-;183.8	136;133903;134541;-;68.4	135;132098;133906;-;268.0	122;121052;123205;-;390.5	143;139694;140209;-;78.0	122;121052;123205;-;69.2	A	9/9	contiguous	22323	1	1	124203..124712-;169;unnamed;0
NZ_CP030795.1	MPF_T	IncX4	42	0	0	GA	1	13;14320;14940;-;41.6	12;13980;14306;-;64.4	11;11214;13961;-;63.8	11;11214;13961;-;151.8	11;11214;13961;-;46.1	10;10486;11202;-;94.2	9;9380;10474;-;150.1		7;8179;8865;-;169.0	6;7274;8182;-;142.4	5;6163;7281;-;163.9	4;5133;6161;-;85.0	3;3284;5101;-;314.8		pfam	pfam_only	A	7/7	canonical	1	1	unscoreable	1	0	0														not_admitted	not_admitted	not_admitted	not_admitted	not_admitted	not_admitted	not_admitted
NZ_CP030844.1	-	-	121	0	0	GA	1	88;90826;91524;+;38.9	105;108231;108635;-;56.7		103;105362;107851;-;67.8	103;105362;107851;-;112.6	102;104659;105384;-;55.3	99;102645;103943;-;95.5		98;101913;102641;-;138.7	97;100750;101916;-;146.8	96;99427;100746;-;137.4	106;108918;109943;-;116.6	84;86595;88604;+;274.3		conjscan	conjscan_only	A	7/7	canonical	1	0	unscoreable	14	0	0														not_admitted	not_admitted	not_admitted	not_admitted	not_admitted	not_admitted	not_admitted
NZ_CP030867.1	MPF_T	-	55	0	0	GA	1		34;35803;36066;-;56.2	33;35629;35790;-;48.7	32;33023;35632;-;175.3	32;33023;35632;-;85.7	27;30161;31147;-;86.9	26;29165;30157;-;113.6		24;28362;29021;-;177.9	23;27475;28365;-;162.9	22;26284;27465;-;165.3	21;25290;26303;-;94.4	19;22965;24668;-;345.1		pfam	pfam_only	A	7/7	canonical	1	0	unscoreable	6	0	0														not_admitted	not_admitted	not_admitted	not_admitted	not_admitted	not_admitted	not_admitted
NZ_CP030914.1	MPF_G	-	95	0	0	GA	0															not_admitted	not_admitted	not_admitted	not_admitted	not_admitted	not_admitted	not_admitted	not_admitted	not_admitted	not_admitted	1	0;337;1275;+;189.8			90;78093;81035;+;278.9	3;3019;4554;+;216.9								76;65931;68162;+;46.2	D	3/9	split_2	77756	0	0	
NZ_CP030922.1	MPF_F	-	94	0	0	GA	0															not_admitted	not_admitted	not_admitted	not_admitted	not_admitted	not_admitted	not_admitted	not_admitted	not_admitted	not_admitted	1	53;38603;40201;+;331.8	59;43237;44625;+;239.5	57;41924;42751;+;178.8	50;32019;34553;+;140.4	60;44625;49694;+;117.9	48;30254;31501;+;56.7	50;32019;34553;+;77.2	46;28798;29427;+;54.0	55;40638;41387;+;97.3	52;36591;38447;+;74.3	87;69676;71985;-;348.0	49;31501;32019;+;73.4	87;69676;71985;-;63.9	A	9/9	split_2	40878	1	1	49795..49983+;62;unnamed;0
NZ_CP030940.1	MPF_F	IncHI2;IncHI2A;IncQ1	284	0	0	GA	0															not_admitted	not_admitted	not_admitted	not_admitted	not_admitted	not_admitted	not_admitted	not_admitted	not_admitted	not_admitted	1	140;130159;131217;+;276.9	32;27122;28537;-;194.1	33;28527;29573;-;174.3	124;107906;110587;+;168.3	31;23160;27113;-;101.6	120;104221;105576;+;80.7	124;107906;110587;+;72.2	117;101709;102497;+;74.8	138;128506;130017;+;62.0	141;131236;134424;+;57.3	40;36615;38699;+;56.8	123;106947;107897;+;46.1	40;36615;38699;+;38.8	A	9/9	split_3	108076	1	1	21690..22979-;429;unnamed;0
NZ_CP030943.1	MPF_T	-	215	0	0	GA	1		124;121034;121411;+;77.1	125;121404;121703;+;60.3	126;121709;124156;+;155.0	126;121709;124156;+;124.3	127;124173;124928;+;55.2	129;125115;126281;+;108.4		130;126290;126952;+;118.3	131;126973;127797;+;184.8	133;128265;129557;+;224.3	123;120073;121044;+;133.9	144;138953;140866;+;512.2		conjscan	conjscan_only	A	7/7	canonical	1	0	unscoreable	13	0	0														not_admitted	not_admitted	not_admitted	not_admitted	not_admitted	not_admitted	not_admitted
NZ_CP031083.1	-	-	86	0	0	GA	1	62;49813;50343;-;80.8		60;49203;49472;-;43.8	59;46856;49210;-;64.4	59;46856;49210;-;48.5	56;44821;45600;-;53.5	54;43266;44312;-;82.5		53;42560;43237;-;154.3	52;41857;42567;-;139.3	51;40551;41852;-;174.8	50;39562;40551;-;101.5	49;37503;39530;-;303.8		pfam	pfam_only	A	7/7	canonical	1	0	unscoreable	3	0	0														not_admitted	not_admitted	not_admitted	not_admitted	not_admitted	not_admitted	not_admitted
NZ_CP031094.1	-	-	119	0	0	GA	0															not_admitted	not_admitted	not_admitted	not_admitted	not_admitted	not_admitted	not_admitted	not_admitted	not_admitted	not_admitted	1	116;116407;117408;+;300.2	44;46067;47500;+;256.0	43;45045;46070;+;201.9	111;111164;113683;+;256.2	45;47510;50974;+;278.3	106;101508;102854;+;114.3	111;111164;113683;+;126.5	104;99828;100430;+;103.1	114;114498;115697;+;50.3	118;117523;120426;+;72.0	100;96433;98268;+;46.9	107;102865;103413;+;80.2	100;96433;98268;+;51.4	A	9/9	split_2	72478	0	1	
NZ_CP031102.1	MPF_F	IncHI2;IncHI2A	236	0	0	GA	0															not_admitted	not_admitted	not_admitted	not_admitted	not_admitted	not_admitted	not_admitted	not_admitted	not_admitted	not_admitted	1	125;119379;120437;+;276.9			104;95341;96051;+;80.6		100;91656;93011;+;80.7	107;97256;99247;+;73.9	97;89144;89932;+;74.8	123;117726;119237;+;62.7	126;120456;123644;+;58.3		103;94382;95332;+;46.4		C	6/9	split_2	31312	0	1	
NZ_CP031106.1	MPF_F	IncC	167	0	0	GA	0															not_admitted	not_admitted	not_admitted	not_admitted	not_admitted	not_admitted	not_admitted	not_admitted	not_admitted	not_admitted	1	46;37626;38633;-;332.9	151;118408;119841;-;339.2	152;119843;120871;-;221.7	51;41385;43832;-;354.5	150;114781;118395;-;375.3	56;51388;52704;-;135.0	51;41385;43832;-;128.3	58;53602;54228;-;92.7	48;39298;40563;-;67.9	45;34712;37510;-;145.3	67;58038;59903;-;47.3	55;50813;51391;-;100.2	67;58038;59903;-;52.0	A	9/9	split_2	85131	0	1	
NZ_CP031107.1	MPF_F	IncFIA;IncFIB(AP001918);IncFIC(FII)	213	0	0	GA	0															not_admitted	not_admitted	not_admitted	not_admitted	not_admitted	not_admitted	not_admitted	not_admitted	not_admitted	not_admitted	1	42;41032;42024;-;367.4	31;33973;35346;-;378.0	38;37560;38303;-;234.5	45;43033;45660;-;305.3	30;31154;33976;-;389.5	51;47715;49142;-;94.3	45;43033;45660;-;98.8	53;49857;50423;-;183.8	41;40385;41023;-;68.4	40;38580;40388;-;268.4	27;27409;29625;-;391.7	47;46176;46691;-;78.4	27;27409;29625;-;70.3	A	9/9	contiguous	22448	1	1	30641..31132-;163;TraS;0
NZ_CP031109.1	MPF_T	IncN	61	0	0	GA	1	11;6633;7367;+;32.5	13;7667;7960;+;28.7	14;8010;8327;+;63.3	15;8327;10927;+;111.8	15;8327;10927;+;76.8	16;10945;11658;+;97.1	18;11909;12949;+;153.6		19;13168;13866;+;131.9	20;13877;14761;+;159.0	21;14761;15921;+;154.9	22;15963;16958;+;81.2	40;31408;32937;-;38.5		pfam	both	A	7/7	canonical	1	0	unscoreable	2	0	0														not_admitted	not_admitted	not_admitted	not_admitted	not_admitted	not_admitted	not_admitted
NZ_CP031110.1	MPF_T	IncX1;IncX3	65	0	0	GA	1	36;28239;28886;+;45.6	37;28864;29160;+;76.6	38;29179;31932;+;46.6	38;29179;31932;+;147.9	38;29179;31932;+;75.3	39;31943;32701;+;67.5	41;32939;34072;+;109.2		42;34317;35030;+;118.2	43;35035;35964;+;133.7	44;35961;37166;+;132.5	45;37168;38199;+;76.3	46;38202;40037;+;486.3		pfam	pfam_only	A	7/7	canonical	1	1	unscoreable	1	0	0														not_admitted	not_admitted	not_admitted	not_admitted	not_admitted	not_admitted	not_admitted
NZ_CP031118.1	-	-	46	0	0	GA	1	33;22683;23279;+;42.5	34;23280;23618;+;33.2	35;23674;23979;+;33.9	36;23976;26339;+;60.7	36;23976;26339;+;45.0	37;26350;27036;+;39.6	38;27048;28040;+;103.3		40;28182;28928;+;153.5	41;28925;29713;+;172.2	42;29713;30939;+;136.7	43;31021;32040;+;94.0	0;56;1711;+;291.9		pfam	pfam_only	A	7/7	canonical	1	0	unscoreable	1	0	0														not_admitted	not_admitted	not_admitted	not_admitted	not_admitted	not_admitted	not_admitted
NZ_CP031122.1	MPF_F	IncC	193	0	0	GA	0															not_admitted	not_admitted	not_admitted	not_admitted	not_admitted	not_admitted	not_admitted	not_admitted	not_admitted	not_admitted	1	125;100533;101540;-;332.9	182;153756;155189;+;339.2	181;152726;153754;+;221.7	130;104292;106739;-;354.5	183;155202;158816;+;375.3	135;114295;115611;-;135.0	130;104292;106739;-;128.3	137;116509;117135;-;92.7	127;102205;103470;-;67.9	124;97619;100417;-;145.3	146;120945;122810;-;47.3	134;113720;114298;-;100.2	146;120945;122810;-;52.0	A	9/9	split_2	57583	0	1	
NZ_CP031135.1	MPF_F	IncHI1A(NDM-CIT);IncHI1B(pNDM-CIT)	334	1	1	GA	1		38;44859;45242;+;86.7	261;234501;234770;+;32.5	40;45523;47973;+;42.3	40;45523;47973;+;138.4	263;237230;237973;+;226.6	43;49043;50407;+;179.3		266;239695;240399;+;235.9	45;51138;52130;+;224.4	268;241391;242671;+;208.0	259;233051;234121;+;118.3	35;41322;43337;+;346.4	297;267774;270950;-;57.9	conjscan	conjscan_only	A	7/7	canonical	1	0	unscoreable	6	0	1	298;270969;271676;-;214.6	132;114684;116099;+;200.0	131;113648;114694;+;168.3	316;291675;294356;-;156.8	133;116108;120097;+;103.1	268;241391;242671;+;208.0	316;291675;294356;-;73.5	323;299729;300514;-;69.5	300;272169;273677;-;62.3	297;267774;270950;-;57.9	35;41322;43337;+;105.6	317;294365;295315;-;45.4	35;41322;43337;+;99.4	A	9/9	split_4	258407	0	1	
NZ_CP031138.1	MPF_T	IncX3	57	0	0	GA	1		0;99;389;+;73.1	1;414;3167;+;47.0	1;414;3167;+;142.4	1;414;3167;+;73.3	2;3177;3947;+;60.1	4;4226;5281;+;133.2		5;5476;6204;+;119.4	6;6210;7139;+;138.8	7;7136;8350;+;128.3	9;8546;9580;+;65.7	10;9583;11418;+;495.9		pfam	pfam_only	A	7/7	canonical	1	1	unscoreable	2	0	0														not_admitted	not_admitted	not_admitted	not_admitted	not_admitted	not_admitted	not_admitted
NZ_CP031190.1	MPF_F	IncHI2;IncHI2A;IncQ1	339	0	0	GA	0															not_admitted	not_admitted	not_admitted	not_admitted	not_admitted	not_admitted	not_admitted	not_admitted	not_admitted	not_admitted	1	256;239370;240428;+;276.9	144;134998;136413;-;194.1	145;136403;137449;-;174.3	240;217118;219799;+;168.0	143;131036;134989;-;101.7	236;213433;214788;+;80.7	240;217118;219799;+;72.2	233;210921;211709;+;74.8	254;237717;239228;+;62.0	257;240447;243635;+;57.3	152;144491;146575;+;56.8	239;216159;217109;+;46.1	152;144491;146575;+;38.8	A	9/9	split_3	109411	1	1	129566..130855-;429;unnamed;0
NZ_CP031209.1	MPF_T	-	48	0	0	GA	1				5;4026;6044;-;25.4									47;42259;43770;-;469.0		none	none	D	2/7	uncallable	0	0	unscoreable	0	0	0														not_admitted	not_admitted	not_admitted	not_admitted	not_admitted	not_admitted	not_admitted
NZ_CP031220.1	-	-	222	0	0	GA	0															not_admitted	not_admitted	not_admitted	not_admitted	not_admitted	not_admitted	not_admitted	not_admitted	not_admitted	not_admitted	1	102;82538;83527;-;104.8	108;87867;89639;-;55.9		116;96281;99772;-;80.7	118;100186;104706;-;96.8	123;106515;108059;-;49.0	116;96281;99772;-;112.0	126;108869;109477;-;28.7			115;94397;96265;-;31.1		115;94397;96265;-;40.9	D	5/9	contiguous	26331	1	0	99783..100175-;130;unnamed;0
NZ_CP031227.1	MPF_T	-	64	0	0	GA	1	10;6002;6691;+;36.1			12;7376;9928;+;75.7		13;9925;10611;+;49.8	15;11020;11952;+;137.7		16;12329;13117;+;100.9	17;13107;13916;+;141.2	18;13903;15279;+;127.9	19;15289;16344;+;49.6	25;20292;21965;+;244.8		pfam	pfam_only	A	7/7	canonical	1	0	unscoreable	7	0	0														not_admitted	not_admitted	not_admitted	not_admitted	not_admitted	not_admitted	not_admitted
NZ_CP031234.1	MPF_T	IncX1	57	0	0	GA	1	4;4346;4993;-;45.2	3;4072;4368;-;77.5	2;1300;4053;-;47.9	2;1300;4053;-;147.9	2;1300;4053;-;75.3	1;531;1289;-;67.3	56;46179;46937;-;70.5		55;45221;45934;-;118.5	54;44566;45216;-;62.6	50;41744;42949;-;132.5	49;40711;41742;-;78.2	48;38873;40708;-;489.3		pfam	pfam_only	A	7/7	rearranged	1	1	unscoreable	2	0	0														not_admitted	not_admitted	not_admitted	not_admitted	not_admitted	not_admitted	not_admitted
NZ_CP031259.1	MPF_T	IncN	71	0	0	GA	1	53;46694;47428;-;32.5		50;45734;46051;-;63.3	49;43134;45734;-;113.8	49;43134;45734;-;76.4	48;42403;43116;-;105.5	46;41112;42152;-;142.4		45;40195;40893;-;131.9	44;39300;40184;-;159.7	43;38140;39300;-;156.3	42;37103;38098;-;81.2	34;29567;31096;+;38.5		pfam	both	A	7/7	canonical	1	0	unscoreable	10	0	0														not_admitted	not_admitted	not_admitted	not_admitted	not_admitted	not_admitted	not_admitted
NZ_CP031262.1	MPF_F	IncFII(K);repB(R1701)	120	0	0	GA	0															not_admitted	not_admitted	not_admitted	not_admitted	not_admitted	not_admitted	not_admitted	not_admitted	not_admitted	not_admitted	1	52;35221;36210;+;366.6	62;41757;43124;+;384.0	58;39747;40499;+;233.7	48;31139;33778;+;258.5	63;43124;45973;+;346.4	40;25456;26880;+;89.2	48;31139;33778;+;88.2	38;24163;24729;+;169.3	53;36223;36861;+;66.9	54;36920;38875;+;259.7	67;48435;50747;+;393.1	41;26994;27578;+;53.6	67;48435;50747;+;66.6	A	9/9	contiguous	24272	1	1	45976..46509+;177;unnamed;0
NZ_CP031295.1	MPF_F	IncFIB(AP001918);IncFIC(FII);IncR	286	0	0	GA	0															not_admitted	not_admitted	not_admitted	not_admitted	not_admitted	not_admitted	not_admitted	not_admitted	not_admitted	not_admitted	1	120;102973;103965;+;369.3	258;212759;214132;+;380.7	125;106688;107431;+;234.1	117;99337;101964;+;306.8	133;111016;113838;+;389.5	111;95855;97282;+;94.3	117;99337;101964;+;100.3	109;94574;95140;+;183.8	251;208072;208710;+;68.0	123;104603;106411;+;268.4	262;218485;220692;+;391.7	115;98306;98821;+;78.4	262;218485;220692;+;70.3	A	9/9	split_2	123911	1	1	113860..114351+;163;TraS;0
NZ_CP031296.1	MPF_T	IncI2	74	0	0	GA	1	38;32707;33189;-;81.1		53;48785;49069;-;36.6	52;46422;48779;-;58.5	52;46422;48779;-;42.8	62;53895;54539;-;41.0	63;54545;55540;-;123.7		50;45522;46256;-;144.3	49;44755;45525;-;170.5	48;43626;44765;-;154.7	41;34957;36495;-;207.1	46;40578;42536;-;289.6		pfam	pfam_only	A	7/7	rearranged	1	0	unscoreable	14	0	0														not_admitted	not_admitted	not_admitted	not_admitted	not_admitted	not_admitted	not_admitted
NZ_CP031297.1	MPF_F	IncC	225	0	0	GA	0															not_admitted	not_admitted	not_admitted	not_admitted	not_admitted	not_admitted	not_admitted	not_admitted	not_admitted	not_admitted	1	93;66838;67845;+;333.1	214;176994;178427;+;339.2	213;175952;176992;+;221.6	88;61639;64086;+;354.2	215;178440;182054;+;375.3	83;52812;54128;+;135.0	88;61639;64086;+;128.6	81;51288;51914;+;92.1	91;64908;66173;+;67.6	94;67961;70756;+;145.3	72;45613;47478;+;47.4	84;54125;54703;+;100.2	72;45613;47478;+;52.0	A	9/9	split_2	132827	0	1	
NZ_CP031308.1	-	-	125	0	0	GA	1				101;122232;124370;+;21.3											none	none	D	1/7	uncallable	0	0	unscoreable	0	0	0														not_admitted	not_admitted	not_admitted	not_admitted	not_admitted	not_admitted	not_admitted
NZ_CP031358.1	-	-	503	0	0	GA	1	78;75233;76270;-;25.9	108;112383;112718;-;29.1		106;109621;112062;-;70.8		105;108788;109537;-;30.1	82;79528;80838;+;27.8		102;106131;106844;-;72.2	101;104805;106103;-;61.7	100;103151;104740;-;117.3	460;361807;363699;+;275.2	98;99959;102052;-;163.2		pfam	pfam_only	A	7/7	uncallable	0	0	unscoreable	7	0	0														not_admitted	not_admitted	not_admitted	not_admitted	not_admitted	not_admitted	not_admitted
NZ_CP031361.1	MPF_T	IncX1	44	0	0	GA	1	41;33691;34338;+;45.2	42;34316;34612;+;77.5	43;34631;37384;+;46.6	43;34631;37384;+;148.1	43;34631;37384;+;75.3		2;758;1819;+;134.6		3;2064;2777;+;120.0	4;2782;3711;+;133.8	5;3708;4913;+;134.4	6;4915;5946;+;76.5	7;5949;7784;+;488.6		none	none	A	7/7	rearranged	0	1	unscoreable	0	0	0														not_admitted	not_admitted	not_admitted	not_admitted	not_admitted	not_admitted	not_admitted
NZ_CP031362.1	MPF_F	IncC	212	0	0	GA	0															not_admitted	not_admitted	not_admitted	not_admitted	not_admitted	not_admitted	not_admitted	not_admitted	not_admitted	not_admitted	1	141;109562;110569;+;332.9	16;13876;15309;+;339.2	15;12846;13874;+;221.7	136;104363;106810;+;355.4	17;15322;18936;+;375.3	131;95536;96852;+;135.0	136;104363;106810;+;128.6	129;94012;94638;+;92.1	139;107632;108897;+;67.6	142;110685;113480;+;145.3	120;88337;90202;+;47.4	132;96849;97427;+;100.2	120;88337;90202;+;52.0	A	9/9	split_2	97839	0	1	
NZ_CP031365.1	MPF_T	-	341	0	0	GA	1		60;54269;54649;-;75.3	59;53988;54272;-;66.9	58;51523;53979;-;169.1	58;51523;53979;-;121.1	57;50748;51551;-;54.5	55;49395;50573;-;109.8		54;48712;49374;-;131.4	53;47883;48695;-;189.2	48;44604;45395;-;223.4	61;54639;55610;-;137.5	36;33222;35156;-;546.9		conjscan	conjscan_only	A	7/7	canonical	1	0	unscoreable	17	0	0														not_admitted	not_admitted	not_admitted	not_admitted	not_admitted	not_admitted	not_admitted
NZ_CP031382.1	MPF_F	-	97	0	0	GA	0															not_admitted	not_admitted	not_admitted	not_admitted	not_admitted	not_admitted	not_admitted	not_admitted	not_admitted	not_admitted	1	84;54958;56001;+;369.2	89;59984;61411;+;325.8	87;58770;59582;+;219.1	80;50670;53396;+;164.6	90;61427;64429;+;208.7	76;47672;48988;+;102.7	80;50670;53396;+;108.4	74;46381;46959;+;83.7	85;56016;56723;+;107.6	86;56720;58777;+;91.0	52;30437;32596;+;381.3	79;50016;50660;+;41.9	52;30437;32596;+;90.0	A	9/9	contiguous	30990	1	1	64501..65019+;172;unnamed;0
NZ_CP031468.1	MPF_T	-	171	0	0	GA	1	30;26871;27530;+;51.0		32;27954;28391;+;39.3	33;28391;30961;+;53.0		34;30987;31760;+;112.5	36;32038;32937;+;144.3		39;33239;34078;+;140.2	40;34075;34983;+;172.9	41;35002;36354;+;142.4	43;37071;38108;+;79.1	48;39296;41077;+;314.5		pfam	both	A	7/7	canonical	1	0	unscoreable	9	0	0														not_admitted	not_admitted	not_admitted	not_admitted	not_admitted	not_admitted	not_admitted
NZ_CP031474.1	-	-	308	0	0	GA	0															not_admitted	not_admitted	not_admitted	not_admitted	not_admitted	not_admitted	not_admitted	not_admitted	not_admitted	not_admitted	1	9;11735;12748;-;352.1	5;7350;8732;-;271.7	6;8719;9444;-;136.6	12;13724;16315;-;208.0	4;4684;7353;-;241.4	14;16672;18060;-;78.7	12;13724;16315;-;83.0	16;18766;19332;-;85.3	8;11143;11724;-;76.6	7;9447;11153;-;214.4	3;2886;4700;-;365.0		3;2886;4700;-;75.7	B	8/9	contiguous	15880	1	1	2886..4700-;604;unnamed;0
NZ_CP031547.1	MPF_F	IncHI2;IncHI2A	258	0	0	GA	0															not_admitted	not_admitted	not_admitted	not_admitted	not_admitted	not_admitted	not_admitted	not_admitted	not_admitted	not_admitted	1	231;215661;216719;+;276.9	106;101082;102497;-;194.1	107;102487;103533;-;174.3	215;193407;196088;+;168.0	105;98686;101073;-;105.0	211;189722;191077;+;80.7	215;193407;196088;+;72.2	208;187210;187998;+;74.8	229;214008;215519;+;62.0	232;216738;219926;+;57.3	114;110575;112659;+;56.8	214;192448;193398;+;46.1	114;110575;112659;+;38.8	A	9/9	split_3	118052	1	1	98137..98649-;170;unnamed;0
NZ_CP031548.1	MPF_F	IncFIB(AP001918);IncFIC(FII);IncFII(29);IncX1	265	0	0	GA	0															not_admitted	not_admitted	not_admitted	not_admitted	not_admitted	not_admitted	not_admitted	not_admitted	not_admitted	not_admitted	1	220;185835;186827;-;369.5	207;177766;179139;-;381.0	113;101575;102348;-;233.1	223;187836;190463;-;305.1	206;174959;177769;-;390.3	228;192512;193960;-;94.2	223;187836;190463;-;100.2	230;194675;195241;-;180.7	216;183908;184546;-;67.5	115;102595;103866;-;268.6	203;171227;173407;-;391.8	224;190979;191494;-;78.8	203;171227;173407;-;70.3	A	9/9	split_2	93100	0	1	
NZ_CP031549.1	MPF_F	IncC	230	0	0	GA	0															not_admitted	not_admitted	not_admitted	not_admitted	not_admitted	not_admitted	not_admitted	not_admitted	not_admitted	not_admitted	1	54;48243;49250;+;332.9	170;145510;146943;+;339.2	169;144480;145508;+;221.7	49;43044;45491;+;354.2	171;146956;150570;+;375.3	40;29733;31049;+;135.0	49;43044;45491;+;128.6	38;28209;28835;+;92.1	52;46313;47578;+;67.6	55;49366;52161;+;145.3	29;22534;24399;+;47.4	41;31046;31624;+;100.2	29;22534;24399;+;52.0	A	9/9	split_2	124422	0	1	
NZ_CP031550.1	MPF_T	IncI2	84	0	0	GA	1	79;61381;61863;+;81.1		64;45501;45785;+;36.6	65;45791;48148;+;58.5	65;45791;48148;+;42.8	51;39399;40040;+;42.8	50;38398;39393;+;128.5		67;48314;49048;+;144.3	68;49045;49815;+;170.5	69;49805;50944;+;154.7	76;58075;59613;+;207.1	71;52034;53992;+;289.6		pfam	pfam_only	A	7/7	rearranged	1	0	unscoreable	18	1	0														not_admitted	not_admitted	not_admitted	not_admitted	not_admitted	not_admitted	not_admitted
NZ_CP031567.1	MPF_F	IncHI2;IncHI2A	168	0	0	GA	0															not_admitted	not_admitted	not_admitted	not_admitted	not_admitted	not_admitted	not_admitted	not_admitted	not_admitted	not_admitted	1	93;86517;87575;-;276.9			112;108213;110894;-;168.0		116;113224;114579;-;80.7	112;108213;110894;-;72.2	119;116303;117091;-;74.8	95;87717;89228;-;62.7	92;83310;86498;-;58.3		113;110903;111853;-;46.4		C	6/9	split_2	32993	0	1	
NZ_CP031569.1	MPF_F	IncFIB(pECLA);IncFIB(pENTE01);IncFII(pECLA)	162	0	0	GA	0															not_admitted	not_admitted	not_admitted	not_admitted	not_admitted	not_admitted	not_admitted	not_admitted	not_admitted	not_admitted	1	72;52511;53509;+;358.7	81;58719;60083;+;367.1	75;55972;56754;+;214.0	64;46965;49574;+;212.8	82;60118;60693;+;137.3	57;43268;44671;+;90.5	64;46965;49574;+;100.0	55;41938;42519;+;102.3	73;53520;54143;+;63.4	74;54140;55975;+;219.2	90;66019;68610;+;366.9	62;46178;46717;+;42.9	90;66019;68610;+;71.1	A	9/9	contiguous	24081	1	1	60690..60890+;66;unnamed;0
NZ_CP031570.1	MPF_F	IncC	204	0	0	GA	0															not_admitted	not_admitted	not_admitted	not_admitted	not_admitted	not_admitted	not_admitted	not_admitted	not_admitted	not_admitted	1	93;66786;67793;+;332.9	192;147688;149121;+;339.2	191;146658;147686;+;221.7	87;61588;62376;+;162.5	193;149134;152748;+;375.3	81;52762;54078;+;135.0	88;62328;64034;+;130.4	79;51238;51864;+;92.1	91;64856;66121;+;67.6	94;67909;70704;+;145.3	70;45563;47428;+;47.4	82;54075;54653;+;100.2	70;45563;47428;+;52.0	A	9/9	split_2	103571	0	1	
NZ_CP031573.1	MPF_F	IncC	200	0	0	GA	0															not_admitted	not_admitted	not_admitted	not_admitted	not_admitted	not_admitted	not_admitted	not_admitted	not_admitted	not_admitted	1	90;66375;67382;+;332.9	187;152398;153831;+;339.2	186;151368;152396;+;221.7	85;61176;63623;+;354.2	188;153844;157458;+;375.3	80;52349;53665;+;135.0	85;61176;63623;+;128.6	78;50825;51451;+;92.1	88;64445;65710;+;67.6	91;67498;70293;+;145.3	69;45150;47015;+;47.4	81;53662;54240;+;100.2	69;45150;47015;+;52.0	A	9/9	split_2	108694	0	1	
NZ_CP031575.1	MPF_F	IncHI2;IncHI2A	331	1	1	GA	1	127;117728;118267;-;23.7	171;161132;161518;+;85.3	172;161515;161784;+;32.5	173;161797;164247;+;37.9	173;161797;164247;+;123.4	174;164244;164987;+;226.2	176;165323;166690;+;179.3		177;166709;167413;+;235.7	178;167410;168402;+;223.1	179;168405;169688;+;206.6	170;160065;161135;+;118.3	168;157598;159595;+;345.5	321;296649;299837;-;58.3	conjscan	conjscan_only	A	7/7	canonical	1	0	unscoreable	3	0	1	322;299856;300914;-;276.9	122;109890;111305;+;194.1	121;108854;109900;+;173.7	9;12108;14789;-;168.0	123;111314;115264;+;101.6	179;168405;169688;+;206.6	9;12108;14789;-;72.2	16;20198;20986;-;74.8	324;301056;302567;-;62.7	321;296649;299837;-;58.3	168;157598;159595;+;101.4	10;14798;15748;-;46.4	168;157598;159595;+;98.9	A	9/9	split_4	288948	0	1	
NZ_CP031576.1	MPF_F	IncC	199	0	0	GA	0															not_admitted	not_admitted	not_admitted	not_admitted	not_admitted	not_admitted	not_admitted	not_admitted	not_admitted	not_admitted	1	91;66794;67801;+;332.9	187;149029;150462;+;339.2	186;147999;149027;+;221.7	86;61595;64042;+;354.2	188;150475;154089;+;375.3	80;52769;54085;+;135.0	86;61595;64042;+;128.6	78;51245;51871;+;92.1	89;64864;66129;+;67.6	93;69812;70711;+;96.3	69;45570;47435;+;47.4	81;54082;54660;+;100.2	69;45570;47435;+;52.0	A	9/9	split_2	104905	0	1	
NZ_CP031582.1	MPF_F	IncFIB(pNDM-Mar);IncHI1B(pNDM-MAR)	230	0	0	GA	0															not_admitted	not_admitted	not_admitted	not_admitted	not_admitted	not_admitted	not_admitted	not_admitted	not_admitted	not_admitted	1	121;117919;118956;-;282.3			134;129786;132503;-;148.7		138;134616;135986;-;65.6	134;129786;132503;-;85.2	141;137632;138492;-;79.0	122;118953;120314;-;69.9	120;114856;117909;-;59.0		135;132548;133285;-;56.9		C	6/9	contiguous	22776	0	1	
NZ_CP031583.1	MPF_F	IncFIB(K);IncFII(K)	212	0	0	GA	0															not_admitted	not_admitted	not_admitted	not_admitted	not_admitted	not_admitted	not_admitted	not_admitted	not_admitted	not_admitted	1	34;40532;41146;-;261.7	24;33711;35081;-;381.2	28;36283;37035;-;232.4	38;42549;45188;-;258.7	23;30862;33711;-;344.2	47;49003;50427;-;89.2	38;42549;45188;-;88.8	49;51154;51720;-;167.0	33;39881;40519;-;67.0	32;37878;39884;-;259.0	19;26739;29048;-;393.2	45;47822;48391;-;49.7	19;26739;29048;-;65.8	A	9/9	contiguous	24415	1	1	30329..30859-;176;unnamed;0
NZ_CP031584.1	MPF_F	IncC	203	0	0	GA	0															not_admitted	not_admitted	not_admitted	not_admitted	not_admitted	not_admitted	not_admitted	not_admitted	not_admitted	not_admitted	1	91;66789;67796;+;332.9	191;152802;154235;+;339.2	190;151772;152800;+;221.7	86;61591;64038;+;354.2	192;154248;157862;+;375.3	81;52765;54225;+;134.6	86;61591;64038;+;128.6	79;51241;51867;+;92.1	89;64860;66125;+;67.6	92;67912;70707;+;145.3	70;45566;47431;+;47.4	82;54242;54655;+;85.9	70;45566;47431;+;52.0	A	9/9	split_2	108682	0	1	
NZ_CP031599.1	MPF_T	-	456	0	0	GA	1	338;348459;349601;+;77.6	334;345230;345544;+;77.1	56;54187;54507;-;89.9	336;345834;348218;+;90.7	55;53355;54197;-;48.6	49;47105;47917;-;69.4	345;354549;355574;+;128.1		48;46434;47087;-;166.7	341;351054;351755;+;169.7	46;44261;45640;-;178.3	343;353079;354113;+;106.4	35;34488;36497;+;289.2		pfam	both	A	7/7	canonical	1	0	unscoreable	13	0	0														not_admitted	not_admitted	not_admitted	not_admitted	not_admitted	not_admitted	not_admitted
NZ_CP031601.1	MPF_T	-	151	0	0	GA	1	91;95117;96271;-;73.3	97;101659;101952;-;75.0	96;101388;101666;-;87.9	95;99023;101398;-;86.6	95;99023;101398;-;43.9	90;94308;95117;-;70.5	83;88783;89859;-;126.8		89;93637;94293;-;166.6	88;92840;93637;-;168.7	87;91464;92843;-;182.4	86;90473;91459;-;104.5	74;72128;74128;+;288.6		pfam	both	A	7/7	canonical	1	0	unscoreable	5	0	0														not_admitted	not_admitted	not_admitted	not_admitted	not_admitted	not_admitted	not_admitted
NZ_CP031610.1	MPF_F	IncC	205	0	0	GA	0															not_admitted	not_admitted	not_admitted	not_admitted	not_admitted	not_admitted	not_admitted	not_admitted	not_admitted	not_admitted	1	93;66782;67789;+;332.9	193;149012;150445;+;339.2	192;147982;149010;+;221.7	87;61585;62883;+;356.5	194;150458;154072;+;375.3	81;52760;54076;+;135.0	88;62904;64031;+;132.4	78;51238;51864;+;92.1	91;65014;66117;+;67.9	97;70032;70697;+;97.1	69;45564;47429;+;47.4	82;54073;54651;+;100.2	69;45564;47429;+;52.0	A	9/9	split_2	104894	0	1	
NZ_CP031614.1	MPF_F	IncFIB(K);IncFII(K);IncFII(pAR0022)	210	0	0	GA	0															not_admitted	not_admitted	not_admitted	not_admitted	not_admitted	not_admitted	not_admitted	not_admitted	not_admitted	not_admitted	1	49;36127;37116;+;366.6	59;42663;44030;+;384.5	55;40653;41405;+;231.8	45;32031;34673;+;258.5	60;44030;46852;+;346.4	38;27394;28818;+;89.2	45;32031;34673;+;88.2	36;26101;26667;+;169.3	50;37129;37767;+;66.9	51;37826;39781;+;259.7	64;49467;51776;+;392.8	39;28932;29516;+;54.3	64;49467;51776;+;65.8	A	9/9	contiguous	23366	1	1	46875..47477+;200;TraS;0
NZ_CP031616.1	MPF_T	IncX4	56	0	0	GA	1	24;13607;14227;+;41.6	25;14241;14567;+;64.4	26;14586;14861;+;73.6	27;14893;17334;+;152.0	27;14893;17334;+;46.4	28;17346;18062;+;94.2	29;18074;18547;+;77.7		32;19682;20368;+;168.8	33;20365;21273;+;142.4	34;21266;22384;+;164.0	35;22386;23414;+;85.0	36;23446;25263;+;316.5		pfam	pfam_only	A	7/7	canonical	1	0	unscoreable	1	0	0														not_admitted	not_admitted	not_admitted	not_admitted	not_admitted	not_admitted	not_admitted
NZ_CP031655.1	MPF_F	IncFII	92	0	0	GA	0															not_admitted	not_admitted	not_admitted	not_admitted	not_admitted	not_admitted	not_admitted	not_admitted	not_admitted	not_admitted	1	26;28528;29520;-;369.3	17;22093;23466;-;381.0	22;25056;25829;-;234.0	29;30529;33156;-;303.5	16;19271;22096;-;386.0	35;35211;36638;-;94.3	29;30529;33156;-;98.5	37;37353;37919;-;183.8	25;27881;28519;-;68.7	24;26076;27884;-;268.0	13;15506;17767;-;391.6	31;33672;34187;-;78.4	13;15506;17767;-;70.3	A	9/9	contiguous	21847	1	1	18765..19274-;169;unnamed;0
NZ_CP031696.1	MPF_F	-	71	0	0	GA	0															not_admitted	not_admitted	not_admitted	not_admitted	not_admitted	not_admitted	not_admitted	not_admitted	not_admitted	not_admitted	1	28;45575;46567;-;356.6	21;39508;40875;-;362.5	25;42283;43077;-;214.2	34;49102;51771;-;242.7	20;36492;39515;-;320.1	39;54038;55423;-;96.2	34;49102;51771;-;93.5	41;56156;56758;-;91.6	27;44936;45565;-;59.9	26;43077;44939;-;204.7	17;32062;34686;-;372.4	35;51774;52319;-;50.0	17;32062;34686;-;66.5	A	9/9	contiguous	24094	1	1	35915..36475-;186;unnamed;0
NZ_CP031707.1	MPF_F	IncFIA(HI1);IncFIB(AP001918);IncFII	139	0	0	GA	0															not_admitted	not_admitted	not_admitted	not_admitted	not_admitted	not_admitted	not_admitted	not_admitted	not_admitted	not_admitted	1	90;95889;96881;-;364.9	68;80970;82343;-;377.4	79;88743;89486;-;233.5	93;97890;100520;-;300.5	67;78154;80973;-;384.5	104;104539;105969;-;93.7	93;97890;100520;-;98.4	106;106684;107250;-;181.5	84;92432;93064;-;70.5	81;89763;91613;-;263.6	63;73731;75884;-;392.0	100;102899;103414;-;80.5	63;73731;75884;-;70.4	A	9/9	contiguous	32953	1	1	77638..78129-;163;TraS;0
NZ_CP031709.1	MPF_T	-	45	0	0	GA	1	32;28104;28814;-;100.6	31;27800;28093;-;41.6		30;25077;27788;-;80.3	30;25077;27788;-;57.2	29;24439;25080;-;70.1	42;36648;37733;-;71.0		41;35860;36648;-;74.6	40;35108;35845;-;149.0	39;33727;35106;-;180.8	38;32674;33711;-;91.9	34;29077;30594;-;35.0		pfam	both	A	7/7	rearranged	1	0	unscoreable	3	0	0														not_admitted	not_admitted	not_admitted	not_admitted	not_admitted	not_admitted	not_admitted
NZ_CP031720.1	MPF_F	IncFII(pHN7A8);IncR	192	0	0	GA	0															not_admitted	not_admitted	not_admitted	not_admitted	not_admitted	not_admitted	not_admitted	not_admitted	not_admitted	not_admitted	1	50;44258;45250;-;369.5	35;34986;36359;-;376.8	40;37925;38668;-;234.4	53;46259;48886;-;301.8	34;32173;34989;-;376.7	58;50941;52368;-;94.1	53;46259;48886;-;101.8	60;53083;53649;-;183.8	45;41608;42246;-;70.4	42;38945;40795;-;265.0	30;27647;29872;-;391.7	54;49402;49917;-;77.6	30;27647;29872;-;70.3	A	9/9	contiguous	25436	1	1	31619..32140-;173;unnamed;0
NZ_CP031724.1	MPF_F	IncHI2;IncHI2A	320	0	0	GA	0															not_admitted	not_admitted	not_admitted	not_admitted	not_admitted	not_admitted	not_admitted	not_admitted	not_admitted	not_admitted	1	29;32275;33333;+;276.9	223;211702;213117;-;194.1	224;213107;214153;-;173.7	11;8955;11636;+;168.0	222;207743;211693;-;101.6	7;5270;6625;+;80.7	11;8955;11636;+;72.2	4;2758;3546;+;74.8	27;30622;32133;+;62.7	30;33352;36540;+;58.3	230;221194;223278;+;56.7	10;7996;8946;+;46.4	230;221194;223278;+;38.8	A	9/9	split_3	218436	0	1	
NZ_CP031725.1	MPF_T	IncX3	58	0	0	GA	1	47;35740;36384;+;46.4	48;36368;36658;+;73.1	49;36683;39436;+;47.0	49;36683;39436;+;142.4	49;36683;39436;+;73.3	50;39446;40216;+;60.1	52;40495;41550;+;133.2		53;41745;42473;+;119.4	54;42479;43408;+;138.8	55;43405;44619;+;128.3	57;44815;45849;+;65.7	0;459;1526;+;328.0		pfam	pfam_only	A	7/7	canonical	1	1	unscoreable	2	0	0														not_admitted	not_admitted	not_admitted	not_admitted	not_admitted	not_admitted	not_admitted
NZ_CP031793.1	MPF_F	IncFIB(K);IncFII(pKP91)	152	0	0	GA	0															not_admitted	not_admitted	not_admitted	not_admitted	not_admitted	not_admitted	not_admitted	not_admitted	not_admitted	not_admitted	1	93;98670;99659;-;366.6	83;91785;93152;-;382.8	87;94410;95162;-;235.0	97;101102;103741;-;259.3	82;88963;91785;-;343.9	105;107327;108751;-;89.7	97;101102;103741;-;88.8	107;109478;110044;-;167.0	92;98019;98657;-;67.0	91;96005;97960;-;259.2	78;84713;86995;-;393.3	103;106140;106697;-;52.5	78;84713;86995;-;65.8	A	9/9	contiguous	24765	1	1	88337..88939-;200;TraS;0
NZ_CP031801.1	MPF_F	IncFIB(K);IncFII(pKP91)	166	0	0	GA	0															not_admitted	not_admitted	not_admitted	not_admitted	not_admitted	not_admitted	not_admitted	not_admitted	not_admitted	not_admitted	1	119;122269;123258;-;363.6	108;115083;116450;-;381.6	112;117708;118460;-;231.2	123;124715;127354;-;254.3	107;112234;115083;-;346.5	130;130370;131794;-;88.1	123;124715;127354;-;88.3	132;132521;133087;-;169.3	117;121346;121993;-;65.9	116;119332;121287;-;259.7	103;107486;109768;-;393.1	128;129174;129758;-;52.9	103;107486;109768;-;66.6	A	9/9	contiguous	25035	1	1	111701..112231-;176;unnamed;0
NZ_CP031802.1	MPF_F	IncC	151	0	0	GA	0															not_admitted	not_admitted	not_admitted	not_admitted	not_admitted	not_admitted	not_admitted	not_admitted	not_admitted	not_admitted	1	123;100221;100781;+;94.5	140;117002;118435;+;339.2	139;115972;117000;+;221.7	118;95022;97469;+;354.5	141;118448;122062;+;375.3	112;86166;87482;+;135.0	118;95022;97469;+;128.3	110;84642;85268;+;92.7	121;98291;99556;+;67.9		101;78967;80832;+;47.3	113;87479;88057;+;100.2	101;78967;80832;+;52.0	B	8/9	contiguous	39481	0	0	
NZ_CP031804.1	MPF_F	IncFII(pSE11)	84	0	0	GA	0															not_admitted	not_admitted	not_admitted	not_admitted	not_admitted	not_admitted	not_admitted	not_admitted	not_admitted	not_admitted	1	56;43550;44542;+;369.5	68;50596;51969;+;381.7	61;47648;48391;+;234.4	53;39911;42541;+;297.8	69;51966;54791;+;374.0	46;35442;36869;+;93.9	53;39911;42541;+;98.7	44;34161;34727;+;174.3	58;44886;45524;+;67.3	59;45521;47371;+;266.9	73;57033;59240;+;391.8	49;37753;38268;+;78.4	73;57033;59240;+;70.4	A	9/9	contiguous	22872	1	1	54788..55297+;169;unnamed;0
NZ_CP031818.1	MPF_F	Col440I;IncFIB(pNDM-Mar);RepB	433	0	0	GA	0															not_admitted	not_admitted	not_admitted	not_admitted	not_admitted	not_admitted	not_admitted	not_admitted	not_admitted	not_admitted	1	402;399675;400712;+;282.3	150;157361;158716;-;186.9	151;158763;159800;-;173.5	391;386125;388842;+;153.4	149;153448;157386;-;121.7	387;382639;384012;+;62.0	391;386125;388842;+;82.6	384;380142;380993;+;79.3	401;398317;399678;+;70.4	403;400722;403904;+;58.9	158;166981;169107;+;58.0	390;385343;386080;+;59.2	158;166981;169107;+;40.6	A	9/9	split_2	247274	1	1	149440..152781-;1113;unnamed;0
NZ_CP031850.1	MPF_F	IncHI2;IncHI2A	263	0	0	GA	0															not_admitted	not_admitted	not_admitted	not_admitted	not_admitted	not_admitted	not_admitted	not_admitted	not_admitted	not_admitted	1	27;31208;32266;+;276.9	177;163440;164855;-;194.1	178;164845;165891;-;174.3	11;8955;11636;+;168.0	176;159478;163431;-;101.7	7;5270;6625;+;80.7	11;8955;11636;+;72.2	4;2758;3546;+;74.8	25;29555;31066;+;62.0	28;32285;35473;+;57.3	185;172933;175017;+;56.8	10;7996;8946;+;46.1	185;172933;175017;+;38.8	A	9/9	split_3	170175	1	1	158008..159297-;429;unnamed;0
NZ_CP031851.1	MPF_F	IncFIB(K);IncFII(K);IncFII(pAR0022)	146	0	0	GA	0															not_admitted	not_admitted	not_admitted	not_admitted	not_admitted	not_admitted	not_admitted	not_admitted	not_admitted	not_admitted	1	105;105449;106441;-;366.6	95;98565;99932;-;381.2	99;101189;101941;-;232.2	108;107467;110106;-;259.3	94;95743;98565;-;346.6		108;107467;110106;-;88.8		104;104798;105436;-;67.0	103;102784;104739;-;259.2	90;91462;93774;-;393.1		90;91462;93774;-;66.6	C	7/9	contiguous	16005	1	1	95117..95719-;200;TraS;0
NZ_CP031852.1	MPF_F	IncFII(pSE11)	85	0	0	GA	0															not_admitted	not_admitted	not_admitted	not_admitted	not_admitted	not_admitted	not_admitted	not_admitted	not_admitted	not_admitted	1	54;40685;41677;+;369.5	66;47731;49104;+;381.7	59;44783;45526;+;234.1	51;37046;39676;+;297.8	67;49101;51926;+;374.0	44;32577;34004;+;93.9	51;37046;39676;+;98.7	42;31296;31862;+;174.3	56;42021;42659;+;68.5	57;42656;44506;+;266.9	71;54168;56375;+;391.8	47;34888;35403;+;78.4	71;54168;56375;+;70.4	A	9/9	contiguous	22872	1	1	51923..52432+;169;unnamed;0
NZ_CP031884.1	MPF_T	IncFII(K);IncX3	112	0	0	GA	1	86;86487;87131;-;46.4	85;86213;86503;-;73.1	84;83435;86188;-;47.0	84;83435;86188;-;142.4	84;83435;86188;-;73.3	83;82655;83425;-;60.1	81;81321;82376;-;133.2		80;80398;81126;-;119.4	79;79463;80392;-;138.8	78;78252;79466;-;128.3	76;77022;78056;-;65.7	75;75184;77019;-;495.9		pfam	pfam_only	A	7/7	canonical	1	1	unscoreable	2	0	0														not_admitted	not_admitted	not_admitted	not_admitted	not_admitted	not_admitted	not_admitted
NZ_CP032068.1	MPF_F	IncFIB(AP001918);IncFIC(FII)	185	0	0	GA	0															not_admitted	not_admitted	not_admitted	not_admitted	not_admitted	not_admitted	not_admitted	not_admitted	not_admitted	not_admitted	1	98;81757;82749;+;367.4	109;88435;89808;+;378.0	102;85478;86221;+;234.5	95;78121;80748;+;305.4	110;89805;92627;+;389.5	89;74639;76066;+;94.3	95;78121;80748;+;98.5	87;73358;73924;+;183.8	99;82758;83396;+;68.4	100;83393;85201;+;264.5	113;94156;96336;+;391.8	93;77090;77605;+;78.4	113;94156;96336;+;70.3	A	9/9	contiguous	20798	1	1	92649..93140+;163;TraS;0
NZ_CP032069.1	MPF_T	IncI2	85	0	0	GA	1	36;27710;28192;+;81.1		22;11849;12133;+;36.5	23;12139;14496;+;59.8	23;12139;14496;+;45.0	11;5639;6286;+;41.6	10;4647;5633;+;120.4		24;14660;15394;+;144.3	25;15391;16161;+;169.8	26;16151;17290;+;154.7	33;24403;25941;+;207.1	28;18380;20338;+;287.0		pfam	pfam_only	A	7/7	rearranged	1	0	unscoreable	15	0	0														not_admitted	not_admitted	not_admitted	not_admitted	not_admitted	not_admitted	not_admitted
NZ_CP032075.1	MPF_T	IncN	71	0	0	GA	1	34;28680;29414;-;32.5	32;28087;28380;-;28.7	31;27720;28037;-;63.3	30;25120;27720;-;111.8	30;25120;27720;-;76.8	29;24389;25102;-;97.1	27;23098;24138;-;153.6		26;22181;22879;-;131.9	25;21286;22170;-;159.0	24;20126;21286;-;154.9	23;19089;20084;-;81.2	19;12991;14520;+;38.5		pfam	both	A	7/7	canonical	1	0	unscoreable	5	0	0														not_admitted	not_admitted	not_admitted	not_admitted	not_admitted	not_admitted	not_admitted
NZ_CP032076.1	MPF_T	IncX4	42	0	0	GA	1	10;5072;5692;+;41.6	11;5706;6032;+;64.4	12;6051;8798;+;63.8	12;6051;8798;+;151.8	12;6051;8798;+;46.1	13;8810;9526;+;94.2	14;9538;10632;+;150.1		16;11147;11833;+;169.0	17;11830;12738;+;142.4	18;12731;13849;+;163.9	19;13851;14879;+;85.0	20;14911;16728;+;314.8		pfam	pfam_only	A	7/7	canonical	1	1	unscoreable	1	0	0														not_admitted	not_admitted	not_admitted	not_admitted	not_admitted	not_admitted	not_admitted
NZ_CP032079.1	MPF_F	IncHI2;IncHI2A	182	0	0	GA	0															not_admitted	not_admitted	not_admitted	not_admitted	not_admitted	not_admitted	not_admitted	not_admitted	not_admitted	not_admitted	1	94;82963;84021;-;276.9			110;103593;106274;-;168.0		114;108604;109959;-;80.7	110;103593;106274;-;72.2	117;111683;112471;-;74.8	96;84163;85674;-;62.0	93;79756;82944;-;57.3		111;106283;107233;-;46.1		C	6/9	contiguous	31927	0	1	
NZ_CP032080.1	MPF_F	IncFIB(AP001918);IncFIC(FII)	151	0	0	GA	0															not_admitted	not_admitted	not_admitted	not_admitted	not_admitted	not_admitted	not_admitted	not_admitted	not_admitted	not_admitted	1	28;31457;32449;-;367.3	118;114441;115814;-;380.9	24;27985;28728;-;234.1	31;33458;36085;-;305.4	117;111619;114444;-;387.5	38;38140;39567;-;94.4	31;33458;36085;-;99.1	40;40282;40848;-;183.8	27;30810;31448;-;67.3	26;29005;30813;-;268.3	114;107962;110115;-;391.5	34;36601;37116;-;77.3	114;107962;110115;-;70.4	A	9/9	split_2	86456	1	1	111113..111622-;169;unnamed;0
NZ_CP032081.1	MPF_T	IncI2	76	0	0	GA	1	31;27308;27790;-;81.1		46;43386;43670;-;36.6	45;41023;43380;-;58.5	45;41023;43380;-;42.8	58;49123;49764;-;42.8	59;49770;50765;-;128.5		43;40123;40857;-;144.3	42;39356;40126;-;170.5	41;38227;39366;-;154.7	34;29558;31096;-;207.1	39;35179;37137;-;289.6		pfam	pfam_only	A	7/7	rearranged	1	0	unscoreable	17	1	0														not_admitted	not_admitted	not_admitted	not_admitted	not_admitted	not_admitted	not_admitted
NZ_CP032092.1	-	-	222	0	0	GA	0															not_admitted	not_admitted	not_admitted	not_admitted	not_admitted	not_admitted	not_admitted	not_admitted	not_admitted	not_admitted	1	136;153513;154556;+;280.0	25;34441;35799;-;196.0	26;35799;36782;-;174.1	101;113667;116264;+;170.8	155;173891;179359;+;119.3	43;54143;55531;+;113.2	101;113667;116264;+;85.1	41;52287;52997;+;90.6	134;152189;153367;+;68.1	137;155781;158927;+;89.2	35;43626;45647;+;44.1	100;112933;113652;+;50.4	35;43626;45647;+;37.3	A	9/9	split_3	139450	1	1	179368..181200+;610;unnamed;0
NZ_CP032117.2	-	-	46	0	0	GA	1	2;2675;3361;+;101.8	31;32574;32951;-;71.2	30;32233;32520;-;42.5	29;29731;32220;-;65.1	29;29731;32220;-;104.7	27;28544;29320;-;39.5	25;27101;28378;-;101.0		24;26330;27034;-;137.6	23;25271;26302;-;166.7	21;23357;24814;-;225.1	32;32962;33912;-;124.1	0;94;2097;+;336.7		conjscan	both	A	7/7	canonical	1	0	unscoreable	5	0	0														not_admitted	not_admitted	not_admitted	not_admitted	not_admitted	not_admitted	not_admitted
NZ_CP032132.1	MPF_T	-	48	0	0	GA	1	46;38206;38916;-;101.0	45;37902;38195;-;41.2		44;35179;37890;-;78.0	44;35179;37890;-;57.1	43;34541;35182;-;71.2	7;7394;8479;-;71.0		6;6606;7394;-;74.6	5;5854;6591;-;149.0	4;4473;5852;-;180.8	3;3420;4457;-;92.0			pfam	both	B	6/7	canonical	1	0	unscoreable	2	0	0														not_admitted	not_admitted	not_admitted	not_admitted	not_admitted	not_admitted	not_admitted
NZ_CP032142.1	MPF_T	-	46	0	0	GA	1	13;10894;11604;+;101.0	14;11615;11908;+;41.2		15;11920;14631;+;78.0	15;11920;14631;+;57.1	16;14628;15269;+;71.2	3;1974;3059;+;71.0		4;3059;3847;+;74.6	5;3862;4599;+;149.0	6;4601;5980;+;180.8	7;5996;7033;+;92.0	11;9113;10630;+;35.6		pfam	both	A	7/7	rearranged	1	0	unscoreable	3	0	0														not_admitted	not_admitted	not_admitted	not_admitted	not_admitted	not_admitted	not_admitted
NZ_CP032165.1	MPF_F	Col156;IncFIB(AP001918);IncFII	150	0	0	GA	0															not_admitted	not_admitted	not_admitted	not_admitted	not_admitted	not_admitted	not_admitted	not_admitted	not_admitted	not_admitted	1	21;14763;15755;+;369.5	36;23223;24596;+;381.7	29;20275;21018;+;234.4	18;11124;13754;+;297.8	37;24593;27412;+;373.5	11;6405;7856;+;93.8	18;11124;13754;+;99.0	9;5124;5690;+;174.3	24;16698;17336;+;70.8	27;18148;19998;+;269.3	41;29682;32060;+;391.5	14;8716;9231;+;82.8	41;29682;32060;+;70.2	A	9/9	contiguous	24558	1	1	27437..27928+;163;TraS;0
NZ_CP032168.1	MPF_F	IncC	196	0	0	GA	0															not_admitted	not_admitted	not_admitted	not_admitted	not_admitted	not_admitted	not_admitted	not_admitted	not_admitted	not_admitted	1	62;50631;51638;+;332.9	156;131544;132977;+;339.2	155;130514;131542;+;221.7	57;45432;47879;+;354.2	157;132990;136604;+;375.3	52;36605;37921;+;135.0	57;45432;47879;+;128.6	50;35081;35707;+;92.1	60;48701;49966;+;67.6	63;51754;54549;+;145.3	41;29406;31271;+;47.4	53;37918;38496;+;100.2	41;29406;31271;+;52.0	A	9/9	split_2	103584	0	1	
NZ_CP032172.1	-	-	30	0	0	GA	1	27;23808;24347;+;52.1	29;25298;25657;+;78.2		0;109;2610;+;71.4	0;109;2610;+;81.1		3;3630;5231;+;76.6		4;5228;5872;+;68.0	5;5884;6798;+;183.7	7;7241;8455;+;204.1	28;24344;25288;+;99.4			none	none	B	6/7	canonical	0	0	unscoreable	3	0	0														not_admitted	not_admitted	not_admitted	not_admitted	not_admitted	not_admitted	not_admitted
NZ_CP032179.1	MPF_T	IncHI1A(NDM-CIT);IncHI1B(pNDM-CIT)	286	1	0	GA	1		56;62451;62834;+;86.7	229;201086;201355;+;32.5	58;63115;65565;+;42.3	58;63115;65565;+;138.4	231;203815;204558;+;226.6	61;66635;67999;+;179.3		234;206280;206984;+;235.9	63;68730;69722;+;224.4	236;207976;209256;+;208.0	227;199636;200706;+;118.3	53;58914;60929;+;346.4	267;235686;238862;-;57.9	conjscan	conjscan_only	A	7/7	canonical	1	0	unscoreable	6	0	1	268;238881;239588;-;214.6			285;258432;260321;-;60.8		236;207976;209256;+;208.0	285;258432;260321;-;75.6	6;6026;6811;-;69.5	270;240081;241589;-;62.3	267;235686;238862;-;57.9	53;58914;60929;+;105.6	0;662;1612;-;45.4	53;58914;60929;+;99.4	C	6/9	split_4	257770	0	1	
NZ_CP032180.1	MPF_F	IncFIA(HI1)(pAR0022);IncFII(pAR0022)	150	0	0	GA	0															not_admitted	not_admitted	not_admitted	not_admitted	not_admitted	not_admitted	not_admitted	not_admitted	not_admitted	not_admitted	1	141;129267;130130;+;338.4	149;134986;136350;+;357.2	144;132629;133411;+;216.2	134;123847;126450;+;224.6		130;121111;122520;+;94.8	134;123847;126450;+;103.0	128;119778;120362;+;107.0	142;130141;130761;+;56.6	143;130758;132632;+;219.8	10;7212;9872;+;360.0	132;123111;123668;+;40.8	10;7212;9872;+;71.3	B	8/9	split_2	127774	0	1	
NZ_CP032181.1	MPF_F	IncFII(pBK30683)	93	0	0	GA	0															not_admitted	not_admitted	not_admitted	not_admitted	not_admitted	not_admitted	not_admitted	not_admitted	not_admitted	not_admitted	1	55;56095;57087;-;362.9	42;47190;48560;-;380.7	46;49762;50514;-;224.7	58;58113;60752;-;259.1	41;44365;47190;-;346.6	68;64554;65978;-;89.2	58;58113;60752;-;83.9	70;66705;67271;-;168.4	51;53417;54064;-;65.7	50;51403;53358;-;257.4	37;40061;42382;-;392.6	66;63373;63942;-;53.7	37;40061;42382;-;66.6	A	9/9	contiguous	26644	1	1	43677..44348-;223;unnamed;0
NZ_CP032186.1	MPF_F	IncFIB(K);IncFII(K);IncFII(pAR0022)	221	0	0	GA	0															not_admitted	not_admitted	not_admitted	not_admitted	not_admitted	not_admitted	not_admitted	not_admitted	not_admitted	not_admitted	1	28;17456;18445;+;366.6	38;23992;25359;+;384.1	34;21982;22734;+;233.7	24;13360;15999;+;258.5	39;25359;28181;+;346.4	14;8032;9456;+;89.2	24;13360;15999;+;88.7	12;6739;7305;+;167.0	29;18458;19096;+;66.9	30;19155;21110;+;259.4	43;30797;33106;+;393.1	16;10068;10652;+;53.8	43;30797;33106;+;66.6	A	9/9	contiguous	24058	1	1	28204..28806+;200;TraS;0
NZ_CP032189.1	MPF_F	IncFII(K);IncR	147	0	0	GA	0															not_admitted	not_admitted	not_admitted	not_admitted	not_admitted	not_admitted	not_admitted	not_admitted	not_admitted	not_admitted	1	77;73481;74470;-;366.6	67;66567;67934;-;380.5	71;69192;69944;-;233.7	81;75927;78566;-;258.5	66;63724;66567;-;346.5	88;81435;82859;-;89.2	81;75927;78566;-;88.7	90;83586;84152;-;169.3	76;72830;73468;-;66.9	75;70816;72771;-;259.7	62;58827;61139;-;392.8	87;80737;81321;-;55.4	62;58827;61139;-;65.9	A	9/9	contiguous	24759	1	1	63189..63713-;174;unnamed;0
NZ_CP032190.1	MPF_T	IncX3	51	0	0	GA	1	45;30204;30848;+;46.4	46;30832;31122;+;73.1	47;31147;33900;+;47.0	47;31147;33900;+;145.4	47;31147;33900;+;73.3	48;33910;34680;+;60.1	50;34959;36014;+;133.2			0;54;983;+;138.8	1;980;2194;+;128.3	3;2390;3424;+;65.7	4;3427;5262;+;495.9		pfam	pfam_only	B	6/7	canonical	1	1	unscoreable	2	0	0														not_admitted	not_admitted	not_admitted	not_admitted	not_admitted	not_admitted	not_admitted
NZ_CP032192.1	MPF_F	IncC	196	0	0	GA	0															not_admitted	not_admitted	not_admitted	not_admitted	not_admitted	not_admitted	not_admitted	not_admitted	not_admitted	not_admitted	1	7;7120;8127;+;332.9	92;81833;83266;+;339.2	91;80803;81831;+;221.7	2;1926;4373;+;354.2	93;83279;86893;+;375.3	187;147194;148510;+;135.0	2;1926;4373;+;128.6	185;145670;146296;+;92.1	5;5190;6455;+;67.6	8;8243;11038;+;145.3	176;139995;141860;+;47.4	188;148507;149085;+;100.2	176;139995;141860;+;52.0	A	9/9	split_3	146581	0	1	
NZ_CP032195.1	MPF_F	IncFIB(K);IncFII(K)	158	0	0	GA	0															not_admitted	not_admitted	not_admitted	not_admitted	not_admitted	not_admitted	not_admitted	not_admitted	not_admitted	not_admitted	1	67;55626;56618;+;366.6	77;62135;63502;+;381.2	73;60126;60878;+;232.2	64;51961;54600;+;259.4	78;63502;66351;+;346.5	56;46950;48374;+;89.3	64;51961;54600;+;88.7	54;45657;46223;+;167.0	68;56631;57269;+;67.0	69;57328;59283;+;259.2	82;68167;70476;+;392.7	58;49005;49562;+;52.5	82;68167;70476;+;66.6	A	9/9	contiguous	22510	1	1	66354..66884+;176;unnamed;0
NZ_CP032198.1	MPF_F	IncFII(pBK30683)	67	0	0	GA	0															not_admitted	not_admitted	not_admitted	not_admitted	not_admitted	not_admitted	not_admitted	not_admitted	not_admitted	not_admitted	1	37;26582;27571;+;363.3	47;33118;34485;+;382.6	43;31108;31860;+;233.7	33;22486;25125;+;258.5	48;34485;37334;+;345.6	25;17805;19229;+;89.2	33;22486;25125;+;87.7		38;27584;28222;+;66.0	39;28281;30236;+;259.7	52;39820;42132;+;392.7	26;19343;19927;+;55.4	52;39820;42132;+;66.5	B	8/9	contiguous	22015	1	1	37347..37895+;182;unnamed;0
NZ_CP032203.1	MPF_T	IncN	55	0	0	GA	1	54;40951;41688;-;32.0		51;39991;40308;-;63.3	50;37391;39991;-;111.8	50;37391;39991;-;76.4	49;36660;37373;-;105.5	47;35369;36409;-;142.4		46;34452;35150;-;131.9	45;33557;34441;-;159.7	44;32397;33557;-;156.3	43;31360;32355;-;81.2	34;22996;24525;+;38.5		pfam	both	A	7/7	canonical	1	0	unscoreable	11	0	0														not_admitted	not_admitted	not_admitted	not_admitted	not_admitted	not_admitted	not_admitted
NZ_CP032205.1	MPF_F	IncFII	82	0	0	GA	0															not_admitted	not_admitted	not_admitted	not_admitted	not_admitted	not_admitted	not_admitted	not_admitted	not_admitted	not_admitted	1	65;51260;52252;+;369.5	75;58031;59404;+;381.7	70;55358;56101;+;234.4	62;47621;50251;+;304.1	76;59401;62223;+;374.0	54;42768;44219;+;94.2	62;47621;50251;+;96.8	52;41487;42053;+;174.3	67;52596;53234;+;68.6	68;53231;55081;+;266.1	80;64495;66720;+;391.1	57;45079;45594;+;78.4	80;64495;66720;+;70.3	A	9/9	contiguous	23008	1	1	62245..62724+;159;TraS;0
NZ_CP032208.1	MPF_F	IncHI1B(pNDM-MAR)	342	0	0	GA	0															not_admitted	not_admitted	not_admitted	not_admitted	not_admitted	not_admitted	not_admitted	not_admitted	not_admitted	not_admitted	1	165;152917;153954;-;282.3	341;308215;309624;+;190.4	340;307188;308225;+;175.6	177;164786;167503;-;148.5		181;169616;170986;-;65.8	177;164786;167503;-;85.2	184;172632;173492;-;77.5	166;153951;155312;-;69.9	164;149725;152907;-;60.1	333;297863;299989;-;58.4	178;167548;168285;-;56.9	333;297863;299989;-;41.0	B	8/9	split_2	158490	0	1	
NZ_CP032209.1	MPF_F	IncFIB(K);IncFII(K)	170	0	0	GA	0															not_admitted	not_admitted	not_admitted	not_admitted	not_admitted	not_admitted	not_admitted	not_admitted	not_admitted	not_admitted	1	20;23581;24573;-;366.6	10;16760;18130;-;381.2	14;19332;20084;-;232.4	23;25599;28238;-;258.7	9;13911;16760;-;344.2	32;32053;33477;-;89.2	23;25599;28238;-;88.8	34;34204;34770;-;167.0	19;22930;23568;-;67.0	18;20927;22933;-;259.0	5;9788;12097;-;393.2	30;30872;31441;-;49.7	5;9788;12097;-;65.8	A	9/9	contiguous	24416	1	1	13378..13908-;176;unnamed;0
NZ_CP032210.1	-	pKPC-CAV1193	54	0	0	GA	1	53;39743;40432;+;46.2		1;318;692;+;34.6	2;649;3159;+;76.2		3;3156;3824;+;61.5	5;4230;5162;+;126.7		7;5359;6162;+;102.2	8;6159;6983;+;149.0	9;6970;8265;+;142.5	11;8654;9730;+;57.1	13;10080;11690;+;220.5		pfam	pfam_only	A	7/7	canonical	1	0	unscoreable	4	0	0														not_admitted	not_admitted	not_admitted	not_admitted	not_admitted	not_admitted	not_admitted
NZ_CP032223.1	MPF_F	IncFIB(pNDM-Mar);IncHI1B(pNDM-MAR)	229	0	0	GA	0															not_admitted	not_admitted	not_admitted	not_admitted	not_admitted	not_admitted	not_admitted	not_admitted	not_admitted	not_admitted	1	153;127390;128427;+;281.9	0;707;2116;-;190.4	1;2106;3143;-;176.7	140;113841;116558;+;148.7	228;197946;201134;-;74.1	136;110358;111728;+;65.6	140;113841;116558;+;85.2	133;107852;108712;+;79.0	152;126032;127393;+;69.9	154;128437;131619;+;60.1	8;10341;12467;+;56.2	139;113059;113796;+;57.0	8;10341;12467;+;41.0	A	9/9	split_3	197239	0	1	
NZ_CP032226.1	MPF_F	IncFII	94	0	0	GA	0															not_admitted	not_admitted	not_admitted	not_admitted	not_admitted	not_admitted	not_admitted	not_admitted	not_admitted	not_admitted	1	24;18806;19798;+;369.5	34;25577;26950;+;381.7	29;22904;23647;+;234.4	21;15167;17797;+;304.1	35;26947;29769;+;374.0	14;10717;12168;+;94.2	21;15167;17797;+;97.1	12;9436;10002;+;174.3	26;20142;20780;+;68.6	27;20777;22627;+;266.1	39;32041;34257;+;391.2	17;13028;13543;+;78.4	39;32041;34257;+;70.3	A	9/9	contiguous	22605	1	1	29791..30270+;159;TraS;0
NZ_CP032238.1	MPF_F	IncC	195	0	0	GA	0															not_admitted	not_admitted	not_admitted	not_admitted	not_admitted	not_admitted	not_admitted	not_admitted	not_admitted	not_admitted	1	99;76295;77302;+;332.9	184;151127;152560;+;339.2	183;150097;151125;+;221.7	94;71096;73543;+;354.2	185;152573;156187;+;375.3	85;57785;59101;+;135.0	94;71096;73543;+;128.6	83;56261;56887;+;92.1	97;74365;75630;+;67.6	100;77418;80213;+;145.3	74;50586;52451;+;47.4	86;59098;59676;+;100.2	74;50586;52451;+;52.0	A	9/9	split_2	101987	0	1	
NZ_CP032258.1	MPF_F	Col156;IncFIA;IncFIB(AP001918);IncFII(pRSB107)	147	0	0	GA	0															not_admitted	not_admitted	not_admitted	not_admitted	not_admitted	not_admitted	not_admitted	not_admitted	not_admitted	not_admitted	1	126;104701;105693;+;369.5	139;113452;114825;+;386.6	131;108799;109542;+;231.4	123;101065;103692;+;303.9	140;114822;117641;+;386.3	117;97729;99180;+;94.1	123;101065;103692;+;96.5	115;96448;97014;+;184.3	128;106037;106675;+;68.7	129;106672;108522;+;266.7	144;119899;122124;+;391.7	120;100034;100549;+;75.2	144;119899;122124;+;70.3	A	9/9	contiguous	23451	1	1	117666..118157+;163;TraS;0
NZ_CP032262.1	MPF_F	IncFII	82	0	0	GA	0															not_admitted	not_admitted	not_admitted	not_admitted	not_admitted	not_admitted	not_admitted	not_admitted	not_admitted	not_admitted	1	26;19478;20470;+;369.5	36;26249;27622;+;381.7	31;23576;24319;+;234.4	23;15839;18469;+;297.8	37;27619;30444;+;373.4	16;11388;12839;+;93.8	23;15839;18469;+;100.0	14;10107;10673;+;175.1	28;20814;21452;+;68.6	29;21449;23299;+;267.6	41;32686;34893;+;391.7	19;13699;14214;+;82.8	41;32686;34893;+;70.4	A	9/9	contiguous	22579	1	1	30441..30950+;169;unnamed;0
NZ_CP032263.1	MPF_F	IncFIB(AP001918);IncFIC(FII)	164	0	0	GA	0															not_admitted	not_admitted	not_admitted	not_admitted	not_admitted	not_admitted	not_admitted	not_admitted	not_admitted	not_admitted	1	24;16208;17200;+;367.3	37;25516;26889;+;380.9	28;19929;20672;+;234.1	21;12572;15199;+;305.4	38;26886;29711;+;387.0	14;9090;10517;+;94.4	21;12572;15199;+;99.1	12;7809;8375;+;183.8	25;17209;17847;+;67.3	26;17844;19652;+;268.3	41;31215;33290;+;350.1	18;11541;12056;+;77.3	41;31215;33290;+;70.5	A	9/9	contiguous	23406	1	1	29708..30217+;169;unnamed;0
NZ_CP032278.1	MPF_T	-	55	0	0	GA	1	51;45551;46261;-;101.0	50;45247;45540;-;41.2		49;42524;45235;-;78.0	49;42524;45235;-;57.1	48;41886;42527;-;71.2	5;4447;5532;-;71.0		4;3659;4447;-;74.6	3;2907;3644;-;149.0	2;1526;2905;-;180.8	1;473;1510;-;92.0	53;46525;48042;-;35.6		pfam	both	A	7/7	canonical	1	0	unscoreable	1	0	0														not_admitted	not_admitted	not_admitted	not_admitted	not_admitted	not_admitted	not_admitted
NZ_CP032305.1	MPF_T	IncX10	51	0	0	GA	1	42;27681;28325;+;47.4	43;28309;28599;+;71.9	44;28624;30990;+;46.4	44;28624;30990;+;149.0	44;28624;30990;+;73.8		49;32434;32997;+;89.0		0;29;613;+;113.7	1;619;1548;+;139.9	2;1545;2756;+;125.9	3;2768;3796;+;65.4	4;3799;5634;+;496.2		none	none	A	7/7	canonical	0	1	unscoreable	4	0	0														not_admitted	not_admitted	not_admitted	not_admitted	not_admitted	not_admitted	not_admitted
NZ_CP032314.1	MPF_T	-	114	0	0	GA	1		38;37528;37905;+;76.7	39;37898;38197;+;60.3	40;38203;40650;+;163.4	40;38203;40650;+;123.4	41;40622;41422;+;55.1	43;41609;42775;+;110.8		44;42778;43440;+;117.5	45;43461;44285;+;184.7	47;44753;46054;+;223.6	37;36567;37538;+;133.5	59;55457;57370;+;516.4		conjscan	conjscan_only	A	7/7	canonical	1	0	unscoreable	14	0	0														not_admitted	not_admitted	not_admitted	not_admitted	not_admitted	not_admitted	not_admitted
NZ_CP032355.1	MPF_T	IncX5	54	0	0	GA	1	4;2761;3405;+;36.9	5;3389;3679;+;69.0	6;3701;6460;+;42.6	6;3701;6460;+;132.2	6;3701;6460;+;70.5	7;6468;7217;+;54.3	9;7496;8551;+;135.2		10;8791;9519;+;120.9	11;9524;10453;+;134.2	12;10450;11661;+;136.9	13;11673;12716;+;64.1	14;12719;14554;+;504.8		pfam	pfam_only	A	7/7	canonical	1	1	unscoreable	1	0	0														not_admitted	not_admitted	not_admitted	not_admitted	not_admitted	not_admitted	not_admitted
NZ_CP032356.1	MPF_F	IncFIB(pNDM-Mar);RepB	316	0	0	GA	0															not_admitted	not_admitted	not_admitted	not_admitted	not_admitted	not_admitted	not_admitted	not_admitted	not_admitted	not_admitted	1	249;216544;217581;-;282.3	90;62461;63816;+;188.4	89;61377;62414;+;174.4	260;228415;231132;-;151.5	91;63791;67762;+;120.9	264;233245;234618;-;63.3	260;228415;231132;-;84.3	267;236264;237124;-;79.1	250;217578;218939;-;70.6	248;213352;216534;-;59.2	80;52068;54194;-;58.0	261;231177;231914;-;59.2	80;52068;54194;-;40.6	A	9/9	split_2	184196	0	1	
NZ_CP032357.1	MPF_F	IncFIB(K)(pCAV1099-114);IncFII(pKP91)	202	0	0	GA	0															not_admitted	not_admitted	not_admitted	not_admitted	not_admitted	not_admitted	not_admitted	not_admitted	not_admitted	not_admitted	1	117;120006;120995;-;362.5	107;113121;114488;-;382.8	111;115746;116498;-;235.0	121;122438;125077;-;255.1	106;110272;113121;-;342.2	158;152711;153859;+;203.2	121;122438;125077;-;88.8	133;131064;131630;-;168.4	116;119355;119993;-;64.4	115;117341;119296;-;259.7	102;106147;108456;-;392.8	130;128128;128700;-;53.5	102;106147;108456;-;65.8	A	9/9	split_2	46564	1	1	109739..110269-;176;unnamed;0
NZ_CP032381.1	MPF_T	IncFII(S);IncFII(pAR0022);IncX1	90	0	0	GA	1	4;5172;5819;-;45.2	3;4898;5194;-;77.5	2;2126;4879;-;46.6	2;2126;4879;-;148.0	2;2126;4879;-;75.3	1;1357;2115;-;65.9			89;73590;74303;-;120.0	88;72656;73585;-;129.7	87;71454;72659;-;132.5	86;70688;71452;-;55.2	85;68584;70419;-;486.5		pfam	pfam_only	B	6/7	uncallable	0	1	unscoreable	0	0	0														not_admitted	not_admitted	not_admitted	not_admitted	not_admitted	not_admitted	not_admitted
NZ_CP032386.1	MPF_T	IncFII(S);IncFII(pAR0022);IncX1	90	0	0	GA	1	63;46059;46706;+;45.2	64;46684;46980;+;77.5	65;46999;49752;+;46.6	65;46999;49752;+;148.0	65;46999;49752;+;75.3	66;49763;50521;+;65.9	68;50759;51892;+;108.9		69;52137;52850;+;120.0	70;52855;53784;+;129.7	71;53781;54986;+;132.5	72;54988;55752;+;55.2	73;56021;57856;+;486.5		pfam	pfam_only	A	7/7	canonical	1	1	unscoreable	1	0	0														not_admitted	not_admitted	not_admitted	not_admitted	not_admitted	not_admitted	not_admitted
NZ_CP032389.1	MPF_T	IncX1	44	0	0	GA	1	24;16557;17204;+;45.2	25;17182;17478;+;77.5	26;17497;20250;+;46.6	26;17497;20250;+;148.0	26;17497;20250;+;75.3	27;20261;21019;+;65.9	29;21257;22390;+;108.9		30;22635;23348;+;120.0	31;23353;24282;+;129.7	32;24279;25484;+;132.5	33;25486;26250;+;55.2	34;26519;28354;+;486.5		pfam	pfam_only	A	7/7	canonical	1	1	unscoreable	1	0	0														not_admitted	not_admitted	not_admitted	not_admitted	not_admitted	not_admitted	not_admitted
NZ_CP032391.1	MPF_F	IncC	179	0	0	GA	0															not_admitted	not_admitted	not_admitted	not_admitted	not_admitted	not_admitted	not_admitted	not_admitted	not_admitted	not_admitted	1	45;41513;42520;+;332.9	117;102504;103937;+;339.2	116;101474;102502;+;221.7	40;36314;38761;+;354.2	118;103950;107564;+;375.3	31;23003;24319;+;135.0	40;36314;38761;+;128.6	29;21479;22105;+;92.1	43;39583;40848;+;67.6	46;42636;45431;+;145.3	20;15804;17669;+;47.4	32;24316;24894;+;100.2	20;15804;17669;+;52.0	A	9/9	split_2	88146	0	1	
NZ_CP032392.1	MPF_T	IncFII(S);IncFII(pAR0022);IncX1	90	0	0	GA	1	66;60457;61104;-;45.2	65;60183;60479;-;77.5	64;57411;60164;-;46.6	64;57411;60164;-;148.0	64;57411;60164;-;75.3	63;56642;57400;-;65.9	61;55271;56404;-;108.9		60;54313;55026;-;120.0	59;53379;54308;-;129.7	58;52177;53382;-;132.5	57;51411;52175;-;55.2	56;49307;51142;-;486.5		pfam	pfam_only	A	7/7	canonical	1	1	unscoreable	1	0	0														not_admitted	not_admitted	not_admitted	not_admitted	not_admitted	not_admitted	not_admitted
NZ_CP032394.1	MPF_T	IncFII(S);IncFII(pAR0022);IncX1	65	0	0	GA	1	49;39468;40115;+;45.2	50;40093;40389;+;77.5	51;40408;43161;+;46.6	51;40408;43161;+;148.0	51;40408;43161;+;75.3	52;43172;43930;+;65.9	54;44168;45301;+;108.9		55;45546;46259;+;120.0	56;46264;47193;+;129.7	57;47190;48395;+;132.5	58;48397;49161;+;55.2	59;49430;51265;+;486.5		pfam	pfam_only	A	7/7	canonical	1	1	unscoreable	1	0	0														not_admitted	not_admitted	not_admitted	not_admitted	not_admitted	not_admitted	not_admitted
NZ_CP032397.1	MPF_F	IncC;IncFIA;IncFIB(AP001918);IncFII(S);IncFII(pAR0022);IncX1	378	1	1	GA	1	321;284238;284885;-;45.2	320;283964;284260;-;77.5	319;281192;283945;-;46.6	319;281192;283945;-;148.0	319;281192;283945;-;75.3	318;280423;281181;-;65.9	316;279052;280185;-;108.9		315;278094;278807;-;120.0	314;277160;278089;-;129.7	101;79003;80319;+;135.0	312;275192;275956;-;55.2	311;273088;274923;-;486.5	127;110268;113063;+;145.3	pfam	pfam_only	A	7/7	canonical	1	1	unscoreable	1	0	1	126;109145;110152;+;332.9	194;170880;172313;+;339.2	193;169850;170878;+;221.7	121;103946;106393;+;354.2	195;172326;175940;+;375.3	101;79003;80319;+;135.0	121;103946;106393;+;128.6	99;77479;78105;+;92.1	124;107215;108480;+;67.6	127;110268;113063;+;145.3	311;273088;274923;-;57.3	102;80316;80894;+;100.2	311;273088;274923;-;84.8	A	9/9	split_4	195609	0	1	
NZ_CP032406.1	-	-	473	0	0	GA	1		169;178577;178969;+;69.4	170;178966;179265;+;64.2	171;179280;181730;+;132.1	171;179280;181730;+;108.8	172;181705;182523;+;38.0	173;182520;183761;+;109.4		174;183761;184426;+;126.5	175;184506;185330;+;181.2	177;185871;187208;+;197.7	168;177624;178574;+;134.9	255;266887;268824;+;505.4		conjscan	conjscan_only	A	7/7	canonical	1	0	unscoreable	2	0	0														not_admitted	not_admitted	not_admitted	not_admitted	not_admitted	not_admitted	not_admitted
NZ_CP032407.1	MPF_T	-	133	0	0	GA	1	112;115105;116196;+;90.5	109;111999;112346;+;75.3	110;112346;112645;+;78.3	111;112649;115108;+;122.7	111;112649;115108;+;94.4	113;116211;116909;+;40.0	114;117143;118171;+;151.9		115;118205;118897;+;178.7	116;118894;119706;+;201.8	117;119706;120929;+;210.4	118;120910;121932;+;135.4	119;121929;124016;+;313.1		pfam	pfam_only	A	7/7	canonical	1	0	unscoreable	0	0	0														not_admitted	not_admitted	not_admitted	not_admitted	not_admitted	not_admitted	not_admitted
NZ_CP032408.1	MPF_T	-	64	0	0	GA	1		31;29924;30304;+;69.6	32;30297;30596;+;66.7	33;30606;33062;+;168.2	33;30606;33062;+;117.8	34;33034;33837;+;53.4	35;34012;35190;+;110.9		36;35212;36333;+;102.2			30;28957;29934;+;126.8			conjscan	conjscan_only	D	4/7	canonical	1	0	unscoreable	1	0	0														not_admitted	not_admitted	not_admitted	not_admitted	not_admitted	not_admitted	not_admitted
NZ_CP032414.1	MPF_F	IncC	164	0	0	GA	0															not_admitted	not_admitted	not_admitted	not_admitted	not_admitted	not_admitted	not_admitted	not_admitted	not_admitted	not_admitted	1	114;87829;88836;-;332.9	55;37208;38641;-;339.2	56;38643;39671;-;221.7	119;91588;94035;-;354.5	54;33581;37195;-;375.3	124;101591;101959;-;81.9	119;91588;94035;-;128.3	127;103804;104430;-;92.7	116;89501;90766;-;67.9	113;84915;87713;-;145.3	136;108239;110104;-;47.3	123;101016;101594;-;100.2	136;108239;110104;-;52.0	A	9/9	split_2	74658	0	1	
NZ_CP032424.1	MPF_T	IncX3	57	0	0	GA	1	30;28364;29008;-;46.4	29;28090;28380;-;73.1	28;25312;28065;-;47.0	28;25312;28065;-;142.4	28;25312;28065;-;73.3	27;24532;25302;-;60.1	25;23198;24253;-;133.2		24;22275;23003;-;119.4	23;21340;22269;-;138.8	22;20129;21343;-;128.3	20;18899;19933;-;65.7	19;17061;18896;-;495.9		pfam	pfam_only	A	7/7	canonical	1	1	unscoreable	2	0	0														not_admitted	not_admitted	not_admitted	not_admitted	not_admitted	not_admitted	not_admitted
NZ_CP032447.1	MPF_T	IncFII(S);IncFII(pAR0022);IncX1	91	0	0	GA	1	34;25048;25695;+;45.2	35;25673;25969;+;77.5	36;25988;27544;+;47.5	36;25988;27544;+;149.4	36;25988;27544;+;77.0	38;28751;29509;+;65.9	40;29747;30880;+;108.9		41;31125;31838;+;120.0	42;31843;32772;+;129.7	43;32769;33974;+;132.5	44;33976;34740;+;55.2	45;35009;36844;+;486.5		pfam	pfam_only	A	7/7	canonical	1	1	unscoreable	2	0	0														not_admitted	not_admitted	not_admitted	not_admitted	not_admitted	not_admitted	not_admitted
NZ_CP032450.1	MPF_T	IncC;IncFII(S);IncFII(pAR0022);IncX1	147	0	0	GA	1	44;35778;36425;+;45.2	45;36403;36699;+;77.5	46;36718;39471;+;46.6	46;36718;39471;+;148.0	46;36718;39471;+;75.3	47;39482;40240;+;65.9	49;40478;41611;+;108.9		50;41856;42569;+;120.0	51;42574;43503;+;129.7	52;43500;44705;+;132.5	53;44707;45471;+;55.2	54;45740;47575;+;486.5		pfam	pfam_only	A	7/7	canonical	1	1	unscoreable	1	0	0														not_admitted	not_admitted	not_admitted	not_admitted	not_admitted	not_admitted	not_admitted
NZ_CP032458.1	MPF_T	-	90	0	0	GA	1	59;50425;51132;-;38.7			57;47188;49740;-;75.1		56;46511;47191;-;48.7	54;45319;46263;-;122.2		53;44119;44907;-;101.3	52;43320;44129;-;136.7	51;41984;43333;-;127.0	50;40919;41974;-;56.6	41;35656;37338;-;244.6		pfam	pfam_only	A	7/7	canonical	1	0	unscoreable	9	0	0														not_admitted	not_admitted	not_admitted	not_admitted	not_admitted	not_admitted	not_admitted
NZ_CP032491.1	MPF_F	IncC	200	0	0	GA	0															not_admitted	not_admitted	not_admitted	not_admitted	not_admitted	not_admitted	not_admitted	not_admitted	not_admitted	not_admitted	1	68;58427;59434;+;332.9	160;137471;138904;+;339.2	159;136441;137469;+;221.7	63;53228;55675;+;354.2	161;138917;142531;+;375.3	54;39917;41233;+;135.0	63;53228;55675;+;128.6	52;38393;39019;+;92.1	66;56497;57762;+;67.6	69;59550;62345;+;145.3	43;32718;34583;+;47.4	55;41230;41808;+;100.2	43;32718;34583;+;52.0	A	9/9	split_2	106199	0	1	
NZ_CP032520.1	MPF_T	-	573	0	0	GA	1	303;298514;298948;-;68.1	310;305324;305671;+;31.6		312;305998;308454;+;67.8	312;305998;308454;+;97.9		314;309246;310289;+;75.9		308;303180;303887;-;117.6	307;302262;303170;-;163.7	306;301021;302262;-;171.4	298;292577;294379;-;181.9	316;311542;313407;+;35.6		none	none	A	7/7	canonical	0	0	unscoreable	9	0	0														not_admitted	not_admitted	not_admitted	not_admitted	not_admitted	not_admitted	not_admitted
NZ_CP032634.1	MPF_T	rep38	48	0	0	GA	1				46;48254;50269;+;23.5											none	none	D	1/7	uncallable	0	0	unscoreable	0	0	0														not_admitted	not_admitted	not_admitted	not_admitted	not_admitted	not_admitted	not_admitted
NZ_CP032636.1	MPF_T	rep38	48	0	0	GA	1				3;1413;3428;+;23.5											none	none	D	1/7	uncallable	0	0	unscoreable	0	0	0														not_admitted	not_admitted	not_admitted	not_admitted	not_admitted	not_admitted	not_admitted
NZ_CP032641.1	MPF_T	rep38	50	0	0	GA	1				4;3302;5317;-;23.5											none	none	D	1/7	uncallable	0	0	unscoreable	0	0	0														not_admitted	not_admitted	not_admitted	not_admitted	not_admitted	not_admitted	not_admitted
NZ_CP032650.1	MPF_T	rep38	42	0	0	GA	1				23;15144;17162;+;24.1									29;21188;22717;+;459.5		none	none	D	2/7	uncallable	0	0	unscoreable	5	0	0														not_admitted	not_admitted	not_admitted	not_admitted	not_admitted	not_admitted	not_admitted
NZ_CP032653.1	MPF_T	rep38	48	0	0	GA	1				3;1435;3450;+;23.5											none	none	D	1/7	uncallable	0	0	unscoreable	0	0	0														not_admitted	not_admitted	not_admitted	not_admitted	not_admitted	not_admitted	not_admitted
NZ_CP032687.1	MPF_T	-	575	0	0	GA	1		569;571602;571985;-;75.8	568;571310;571609;-;61.3	567;568844;571300;-;174.2	567;568844;571300;-;121.3	566;568069;568872;-;42.2	565;566886;568064;-;111.9		564;566199;566861;-;132.1	563;565370;566182;-;182.4	561;563620;564921;-;212.0	570;571975;572952;-;119.3	551;553296;555272;-;548.2		conjscan	conjscan_only	A	7/7	canonical	1	0	unscoreable	11	0	0														not_admitted	not_admitted	not_admitted	not_admitted	not_admitted	not_admitted	not_admitted
NZ_CP032688.1	MPF_T	-	281	0	0	GA	1	27;29519;30691;+;73.1	24;26318;26689;+;52.0	25;26692;27018;+;46.6	26;27022;29541;+;144.3	26;27022;29541;+;94.6		30;31729;32802;+;89.2		31;32862;33596;+;110.7	32;33593;34426;+;182.9	33;34437;35771;+;194.1	34;35768;36817;+;121.8	35;36786;39497;+;231.1		none	none	A	7/7	canonical	0	0	unscoreable	2	0	0														not_admitted	not_admitted	not_admitted	not_admitted	not_admitted	not_admitted	not_admitted
NZ_CP032692.1	MPF_T	-	524	0	0	GA	1		518;500166;500549;-;75.8	517;499874;500173;-;61.3	516;497408;499864;-;174.2	516;497408;499864;-;121.3	515;496633;497436;-;42.2	514;495450;496628;-;111.9		513;494763;495425;-;132.1	512;493934;494746;-;182.4	510;492184;493485;-;212.0	519;500539;501516;-;119.3	500;481860;483836;-;548.2		conjscan	conjscan_only	A	7/7	canonical	1	0	unscoreable	11	0	0														not_admitted	not_admitted	not_admitted	not_admitted	not_admitted	not_admitted	not_admitted
NZ_CP032693.1	MPF_T	-	280	0	0	GA	1	27;29519;30691;+;73.1	24;26318;26689;+;52.0	25;26692;27018;+;46.6	26;27022;29541;+;144.3	26;27022;29541;+;94.6		30;31729;32802;+;89.2		31;32862;33596;+;110.7	32;33593;34426;+;182.9	33;34437;35771;+;194.1	34;35768;36817;+;121.8	35;36786;39497;+;231.1		none	none	A	7/7	canonical	0	0	unscoreable	2	0	0														not_admitted	not_admitted	not_admitted	not_admitted	not_admitted	not_admitted	not_admitted
NZ_CP032695.1	MPF_T	-	2404	0	0	GA	1	1778;1910810;1911763;-;66.3	894;925443;925745;+;89.7	895;925751;926089;+;99.2	896;926082;928448;+;182.9	896;926082;928448;+;109.5	897;928448;929143;+;203.8	899;929377;930306;+;158.0		900;930615;931304;+;208.9	901;931301;932164;+;182.3	902;932174;933343;+;183.6	903;933359;934393;+;108.3	634;678843;680756;-;333.3		pfam	both	A	7/7	canonical	1	0	unscoreable	1	0	0														not_admitted	not_admitted	not_admitted	not_admitted	not_admitted	not_admitted	not_admitted
NZ_CP032696.1	MPF_T	-	545	0	0	GA	1		539;544532;544915;-;72.0	538;544240;544539;-;60.0	537;541774;544230;-;169.4	537;541774;544230;-;117.3		534;539817;540959;-;110.3		533;539130;539792;-;130.6	532;538294;539112;-;188.6	530;536539;537840;-;214.2	540;544905;545882;-;124.1	520;525827;527746;-;524.8		none	none	A	7/7	canonical	0	0	unscoreable	12	0	0														not_admitted	not_admitted	not_admitted	not_admitted	not_admitted	not_admitted	not_admitted
NZ_CP032697.1	MPF_T	-	268	0	0	GA	1	79;124854;125549;+;89.6	80;125567;125917;+;61.9	81;125917;126213;+;64.4	82;126225;128669;+;140.5	82;126225;128669;+;92.7	84;129327;130064;+;46.7	86;130357;131403;+;121.6		87;131424;132155;+;192.7	88;132152;132958;+;191.1	89;132948;134228;+;206.3	90;134225;135289;+;120.9	91;135286;137715;+;253.1		pfam	pfam_only	A	7/7	canonical	1	0	unscoreable	2	0	0														not_admitted	not_admitted	not_admitted	not_admitted	not_admitted	not_admitted	not_admitted
NZ_CP032704.1	-	-	258	0	0	GA	0															not_admitted	not_admitted	not_admitted	not_admitted	not_admitted	not_admitted	not_admitted	not_admitted	not_admitted	not_admitted	1	38;37815;38819;+;371.4	43;42507;43874;+;352.8	41;41171;41944;+;219.5	34;33240;35846;+;217.0	44;43874;46744;+;258.9	31;30989;32350;+;88.5	34;33240;35846;+;91.5	29;29709;30281;+;93.6	39;38830;39270;+;57.8	40;39324;41168;+;233.6	47;48464;50632;+;375.8	33;32681;33232;+;28.6	47;48464;50632;+;64.4	A	9/9	contiguous	18755	1	1	46780..47307+;175;unnamed;0
NZ_CP032705.1	-	-	41	0	0	GA	1	36;24884;25549;+;49.3	37;25549;25857;+;47.9	38;25868;28615;+;44.7	38;25868;28615;+;149.3	38;25868;28615;+;62.6	39;28625;29344;+;123.5	0;84;842;+;89.6		1;1048;1731;+;176.1	2;1731;2675;+;157.2	3;2665;3918;+;135.7	4;3915;4949;+;69.5			pfam	pfam_only	B	6/7	rearranged	1	1	unscoreable	0	0	0														not_admitted	not_admitted	not_admitted	not_admitted	not_admitted	not_admitted	not_admitted
NZ_CP032742.1	MPF_F	-	47	0	0	GA	0															not_admitted	not_admitted	not_admitted	not_admitted	not_admitted	not_admitted	not_admitted	not_admitted	not_admitted	not_admitted	1	23;11605;12501;-;323.3	14;6298;6933;-;103.0	16;7841;8332;-;146.7	28;15385;16791;-;166.9			27;14064;15143;-;82.2		21;10738;11316;-;108.1	18;8890;9948;-;75.1		29;16801;17418;-;42.1		C	7/9	contiguous	10503	0	1	
NZ_CP032746.1	MPF_T	rep38	45	0	0	GA	1				11;7591;9609;+;24.9									18;13865;15376;+;462.5		none	none	D	2/7	uncallable	0	0	unscoreable	6	0	0														not_admitted	not_admitted	not_admitted	not_admitted	not_admitted	not_admitted	not_admitted
NZ_CP032752.1	MPF_T	-	63	0	0	GA	1				49;45683;47698;-;23.5									43;40113;41657;-;464.4		none	none	D	2/7	uncallable	0	0	unscoreable	5	0	0														not_admitted	not_admitted	not_admitted	not_admitted	not_admitted	not_admitted	not_admitted
NZ_CP032799.1	MPF_F	IncFII	73	0	0	GA	0															not_admitted	not_admitted	not_admitted	not_admitted	not_admitted	not_admitted	not_admitted	not_admitted	not_admitted	not_admitted	1	51;39267;40259;+;365.8	62;46306;47679;+;381.0	57;43973;44716;+;233.3	48;35631;38258;+;305.4	63;47676;50501;+;389.2	42;32053;33480;+;94.3	48;35631;38258;+;98.8	40;30772;31338;+;183.8	54;41211;41849;+;70.3	55;41846;43696;+;264.7	66;52004;54265;+;391.7	46;34601;35116;+;78.4	66;52004;54265;+;70.3	A	9/9	contiguous	21232	1	1	50498..51007+;169;unnamed;0
NZ_CP032810.1	MPF_F	IncFII	73	0	0	GA	0															not_admitted	not_admitted	not_admitted	not_admitted	not_admitted	not_admitted	not_admitted	not_admitted	not_admitted	not_admitted	1	51;36707;37699;+;369.3	62;43749;45122;+;381.0	57;41416;42159;+;233.3	48;33071;35698;+;304.6	63;45119;47944;+;389.2	43;29492;30919;+;94.4	48;33071;35698;+;99.2	41;28211;28777;+;183.8	54;38696;39334;+;68.6	55;39331;41139;+;267.8	66;49448;51655;+;391.7	47;32040;32555;+;78.0	66;49448;51655;+;70.3	A	9/9	contiguous	21237	1	1	47941..48450+;169;unnamed;0
NZ_CP032813.1	MPF_F	IncFII(pSE11)	73	0	0	GA	0															not_admitted	not_admitted	not_admitted	not_admitted	not_admitted	not_admitted	not_admitted	not_admitted	not_admitted	not_admitted	1	48;35668;36666;+;349.2	57;43230;44666;+;340.6	53;40597;41382;+;216.6	43;31404;34043;+;251.4	58;44666;47542;+;314.9	41;29549;30883;+;97.2	43;31404;34043;+;117.8	39;28224;28802;+;124.8	51;38059;38661;+;56.1	52;38658;40595;+;243.1	63;50648;52834;+;375.4	42;30895;31407;+;60.2	63;50648;52834;+;60.2	A	9/9	contiguous	22424	1	1	47557..48468+;303;unnamed;0
NZ_CP032827.1	MPF_T	-	241	0	0	GA	1	160;139287;139889;+;23.6	162;140692;141027;+;66.5	163;141020;141361;+;83.9	164;141354;143720;+;146.5	164;141354;143720;+;101.8	165;143722;144447;+;163.1	167;144771;145829;+;101.7		169;146294;146971;+;178.2	170;146973;147980;+;190.5	171;147982;149283;+;169.0	172;149287;150267;+;97.2	173;150322;152247;+;302.6		pfam	both	A	7/7	canonical	1	0	unscoreable	3	0	0														not_admitted	not_admitted	not_admitted	not_admitted	not_admitted	not_admitted	not_admitted
NZ_CP032828.1	-	-	867	0	0	GA	1	137;128645;129250;-;69.1	119;114122;114457;-;84.7	118;113841;114125;-;26.0	117;111379;113847;-;40.7	117;111379;113847;-;133.6	116;110624;111382;-;162.2	115;109198;110502;-;181.9		114;108368;109192;-;199.3	113;107418;108371;-;217.1	112;106198;107421;-;200.2	120;114436;115050;-;123.5	123;115867;117873;-;349.6		conjscan	conjscan_only	A	7/7	canonical	1	0	unscoreable	3	0	0														not_admitted	not_admitted	not_admitted	not_admitted	not_admitted	not_admitted	not_admitted
NZ_CP032832.1	MPF_F	IncFIB(K);IncFII(pKP91)	415	0	0	GA	0															not_admitted	not_admitted	not_admitted	not_admitted	not_admitted	not_admitted	not_admitted	not_admitted	not_admitted	not_admitted	1	363;361132;362121;-;363.3	352;353946;355313;-;383.1	356;356571;357323;-;233.7	367;363578;366217;-;259.0	351;351097;353946;-;346.5	374;369246;370670;-;89.2	367;363578;366217;-;88.6	376;371397;371963;-;169.3	361;360209;360856;-;65.9	360;358195;360150;-;259.7	347;346349;348631;-;393.1	372;368038;368622;-;53.2	347;346349;348631;-;66.6	A	9/9	contiguous	25048	1	1	350564..351094-;176;unnamed;0
NZ_CP032842.1	MPF_F	IncHI2;IncHI2A	373	0	0	GA	0															not_admitted	not_admitted	not_admitted	not_admitted	not_admitted	not_admitted	not_admitted	not_admitted	not_admitted	not_admitted	1	29;32275;33333;+;276.9	229;203203;204618;-;194.1	230;204608;205654;-;173.7	11;8955;11636;+;168.0	228;199244;203194;-;101.6	7;5270;6625;+;80.7	11;8955;11636;+;72.2	4;2758;3546;+;74.8	27;30622;32133;+;62.7	30;33352;36540;+;58.3	236;212695;214779;+;56.7	10;7996;8946;+;46.4	236;212695;214779;+;38.8	A	9/9	split_3	209937	0	1	
NZ_CP032877.1	MPF_F	IncFIA;IncFIB(AP001918);IncFII	174	0	0	GA	0															not_admitted	not_admitted	not_admitted	not_admitted	not_admitted	not_admitted	not_admitted	not_admitted	not_admitted	not_admitted	1	27;21368;22360;+;367.4	38;28046;29419;+;380.9	31;25089;25832;+;235.0	24;17732;20359;+;305.4	39;29416;32241;+;385.9	18;14250;15677;+;94.3	24;17732;20359;+;98.5	16;12969;13535;+;182.1	28;22369;23007;+;68.6	29;23004;24812;+;268.3	42;33744;35942;+;391.3	22;16701;17216;+;78.4	42;33744;35942;+;70.4	A	9/9	contiguous	20775	1	1	32238..32747+;169;unnamed;0
NZ_CP032889.1	MPF_T	IncX3	58	0	0	GA	1	53;42559;43203;-;46.4	52;42285;42575;-;73.1	51;39507;42260;-;47.0	51;39507;42260;-;142.4	51;39507;42260;-;73.3	50;38727;39497;-;60.1	48;37393;38448;-;133.2		47;36470;37198;-;119.4	46;35535;36464;-;138.8	45;34324;35538;-;128.3	43;33094;34128;-;65.7	42;31256;33091;-;495.9		pfam	pfam_only	A	7/7	canonical	1	1	unscoreable	2	0	0														not_admitted	not_admitted	not_admitted	not_admitted	not_admitted	not_admitted	not_admitted
NZ_CP032893.1	MPF_F	IncFIB(K);IncFII(Yp);IncFII(pAR0022)	168	0	0	GA	0															not_admitted	not_admitted	not_admitted	not_admitted	not_admitted	not_admitted	not_admitted	not_admitted	not_admitted	not_admitted	1	122;123953;124939;-;368.4	114;117870;119240;-;376.7	118;120457;121206;-;218.2	125;125933;128563;-;285.5	113;115048;117870;-;336.5	131;130591;131985;-;90.9	125;125933;128563;-;98.6	133;132702;133268;-;169.9	121;123307;123936;-;66.9	120;121457;123310;-;257.4	110;111520;113712;-;384.8	130;130030;130569;-;64.9	110;111520;113712;-;63.9	A	9/9	contiguous	21182	1	1	114595..115026-;143;TraS;0
NZ_CP032919.1	MPF_T	-	762	0	0	GA	1		394;421105;421509;+;72.9	395;421502;421801;+;58.0	396;421813;424281;+;188.7	396;421813;424281;+;134.0	397;424253;425062;+;51.5	399;425280;426470;+;112.5		400;426486;427148;+;124.8	401;427166;428017;+;189.0	403;428508;429815;+;226.5	393;420144;421115;+;131.5	529;563314;565251;+;556.4		conjscan	conjscan_only	A	7/7	canonical	1	0	unscoreable	3	0	0														not_admitted	not_admitted	not_admitted	not_admitted	not_admitted	not_admitted	not_admitted
NZ_CP032920.1	MPF_T	-	187	0	0	GA	1	37;44037;44756;+;58.2	184;191903;192307;-;71.8	39;45136;45462;+;68.7	40;45462;47831;+;226.4	182;189138;191600;-;129.6	181;188357;189166;-;45.7	179;186952;188139;-;107.4		43;49620;50393;+;176.5	177;185404;186258;-;186.3	175;183617;184918;-;226.5	185;192297;193268;-;131.9	113;115101;117023;-;556.9		conjscan	conjscan_only	A	7/7	uncallable	0	0	unscoreable	18	0	0														not_admitted	not_admitted	not_admitted	not_admitted	not_admitted	not_admitted	not_admitted
NZ_CP032923.1	MPF_T	-	489	0	0	GA	1		247;227693;227992;+;87.6	248;227995;228336;+;106.1	249;228329;230710;+;172.6	249;228329;230710;+;108.3	250;230710;231408;+;207.3	252;231643;232578;+;162.6		254;232884;233555;+;220.9	255;233552;234406;+;185.4	257;235086;235589;+;133.5	258;235598;236608;+;98.0	211;190164;192083;-;322.4		pfam	both	A	7/7	canonical	1	0	unscoreable	3	0	0														not_admitted	not_admitted	not_admitted	not_admitted	not_admitted	not_admitted	not_admitted
NZ_CP032924.1	MPF_T	-	177	0	0	GA	1		175;181584;181976;-;71.7	174;181292;181591;-;64.1	173;178846;181281;-;174.7	173;178846;181281;-;122.2	172;178044;178853;-;53.7	170;176672;177850;-;111.4		169;175988;176650;-;131.5	168;175143;175973;-;187.7	166;173385;174677;-;222.5	176;181966;182940;-;125.7	154;161870;163828;-;547.7		conjscan	conjscan_only	A	7/7	canonical	1	0	unscoreable	14	0	0														not_admitted	not_admitted	not_admitted	not_admitted	not_admitted	not_admitted	not_admitted
NZ_CP032925.1	MPF_T	-	167	0	0	GA	1	94;92324;93061;+;75.2	164;173856;174257;-;74.9	96;93426;93752;+;73.6	97;93752;96121;+;240.3	162;171085;173553;-;122.7	161;170304;171113;-;47.8	159;168899;170095;-;110.2		101;97978;98691;+;176.9	157;167350;168216;-;191.3	155;165548;166861;-;225.2	165;174247;175218;-;133.5	55;49480;51429;-;544.1		conjscan	conjscan_only	A	7/7	uncallable	0	0	unscoreable	11	0	0														not_admitted	not_admitted	not_admitted	not_admitted	not_admitted	not_admitted	not_admitted
NZ_CP032928.1	MPF_T	-	554	0	0	GA	1		204;203011;203310;+;89.3	205;203317;203655;+;103.9	206;203648;206014;+;178.6	206;203648;206014;+;104.2	207;206011;206712;+;201.4	209;206943;207875;+;168.6		211;208196;208867;+;202.9	212;208864;209721;+;183.9	213;209730;210905;+;176.5	214;210914;211951;+;102.7	218;213730;215649;-;332.1		pfam	both	A	7/7	canonical	1	0	unscoreable	5	0	0														not_admitted	not_admitted	not_admitted	not_admitted	not_admitted	not_admitted	not_admitted
NZ_CP032929.1	MPF_T	-	195	0	0	GA	1	122;131285;132022;+;73.4	192;211516;211917;-;70.9	124;132387;132713;+;73.6	125;132713;135082;+;240.3	190;208745;211213;-;125.4	189;207970;208773;-;45.7	187;206565;207761;-;112.0		129;136939;137652;+;176.9	185;205016;205882;-;186.7	183;203211;204527;-;225.0	193;211907;212878;-;133.5	84;88657;90633;-;573.0		conjscan	conjscan_only	A	7/7	uncallable	0	0	unscoreable	11	0	0														not_admitted	not_admitted	not_admitted	not_admitted	not_admitted	not_admitted	not_admitted
NZ_CP032987.1	MPF_T	IncP1	70	0	0	GA	1		41;34364;34747;-;68.7	40;34035;34361;-;50.6	39;31495;34038;-;94.8	39;31495;34038;-;107.0	34;27249;28019;-;104.8	33;25499;27058;-;113.8		38;30791;31498;-;91.8	37;29885;30775;-;152.4	35;28032;29426;-;224.7	42;34861;35817;-;132.7	4;3335;5281;+;442.7		conjscan	conjscan_only	A	7/7	canonical	1	0	unscoreable	2	0	0														not_admitted	not_admitted	not_admitted	not_admitted	not_admitted	not_admitted	not_admitted
NZ_CP032990.1	MPF_T	IncI2(Delta)	83	0	0	GA	1	3;1801;2277;+;81.4		71;52316;52600;+;36.6	72;52606;54963;+;58.5	72;52606;54963;+;44.9	59;45535;46179;+;41.0	58;44534;45529;+;123.7		74;55129;55863;+;144.3	75;55860;56630;+;170.5	76;56620;57759;+;154.7	77;57778;58833;+;99.0	78;58849;60807;+;289.6		pfam	pfam_only	A	7/7	rearranged	1	0	unscoreable	11	0	0														not_admitted	not_admitted	not_admitted	not_admitted	not_admitted	not_admitted	not_admitted
NZ_CP032991.1	MPF_F	IncFII(pHN7A8);IncN	95	0	0	GA	0															not_admitted	not_admitted	not_admitted	not_admitted	not_admitted	not_admitted	not_admitted	not_admitted	not_admitted	not_admitted	1	81;72975;73967;-;369.5	68;64769;66142;-;376.8	73;67708;68451;-;234.4	84;74976;77603;-;301.8	67;61956;64772;-;376.7	89;79658;81085;-;94.1	84;74976;77603;-;101.8	91;81800;82366;-;183.8	78;71391;72029;-;70.4	75;68728;70578;-;265.0	63;57394;59655;-;391.6	85;78119;78634;-;78.0	63;57394;59655;-;70.3	A	9/9	contiguous	24406	1	1	61402..61923-;173;unnamed;0
NZ_CP032993.1	MPF_F	IncHI2;IncHI2A	267	0	0	GA	0															not_admitted	not_admitted	not_admitted	not_admitted	not_admitted	not_admitted	not_admitted	not_admitted	not_admitted	not_admitted	1	8;6256;7314;+;276.9	156;141851;143266;-;194.1	157;143256;144302;-;174.3	255;225050;227731;+;168.0	155;137889;141842;-;101.7	250;221715;222719;+;82.4	255;225050;227731;+;72.2	246;218851;219639;+;74.8	6;4897;6114;+;62.1	9;7333;10521;+;57.3	164;151344;153428;+;56.8	254;224091;225041;+;46.1	164;151344;153428;+;38.8	A	9/9	split_3	220153	1	1	136419..137708-;429;unnamed;0
NZ_CP032994.1	MPF_T	IncX1	59	0	0	GA	1		2;2504;2800;-;77.5		1;673;2361;-;149.2	1;673;2361;-;76.7	57;43752;44501;-;67.5	55;42380;43441;-;135.0		54;41422;42135;-;120.0	53;40488;41417;-;133.8	52;39286;40491;-;132.5	51;38253;39284;-;74.0	50;36415;38250;-;486.8		pfam	pfam_only	A	7/7	rearranged	1	0	unscoreable	1	0	0														not_admitted	not_admitted	not_admitted	not_admitted	not_admitted	not_admitted	not_admitted
NZ_CP033025.1	MPF_T	-	129	0	0	GA	1	47;61394;62314;+;74.6	48;62350;62664;+;75.0	125;144961;145260;-;60.4	124;142487;144949;-;191.9	124;142487;144949;-;131.9	123;141706;142515;-;44.1	121;140292;141482;-;111.7		53;67522;68196;+;159.8	119;138745;139596;-;187.9	117;136944;138254;-;217.8	127;145653;146624;-;129.2	104;122663;124606;-;551.0		conjscan	both	A	7/7	canonical	1	0	unscoreable	8	0	0														not_admitted	not_admitted	not_admitted	not_admitted	not_admitted	not_admitted	not_admitted
NZ_CP033026.1	MPF_T	-	170	0	0	GA	1	96;93328;94065;+;75.2	167;174860;175261;-;74.9	98;94430;94756;+;73.6	99;94756;97125;+;240.3	165;172089;174557;-;122.7	164;171308;172117;-;47.8	162;169903;171099;-;110.2		103;98982;99695;+;176.9	160;168354;169220;-;191.3	158;166552;167865;-;225.2	168;175251;176222;-;133.5	57;50484;52433;-;546.2		conjscan	conjscan_only	A	7/7	uncallable	0	0	unscoreable	11	0	0														not_admitted	not_admitted	not_admitted	not_admitted	not_admitted	not_admitted	not_admitted
NZ_CP033029.1	MPF_T	-	762	0	0	GA	1		395;421188;421592;+;72.9	396;421585;421884;+;58.0	397;421896;424364;+;188.7	397;421896;424364;+;134.0	398;424336;425145;+;51.5	400;425363;426553;+;112.5		401;426569;427231;+;124.8	402;427249;428100;+;189.0	404;428591;429898;+;226.5	394;420227;421198;+;131.5	530;563397;565334;+;556.4		conjscan	conjscan_only	A	7/7	canonical	1	0	unscoreable	3	0	0														not_admitted	not_admitted	not_admitted	not_admitted	not_admitted	not_admitted	not_admitted
NZ_CP033030.1	MPF_T	-	187	0	0	GA	1	37;44037;44756;+;58.2	184;191903;192307;-;71.8	39;45136;45462;+;68.7	40;45462;47831;+;226.4	182;189138;191600;-;129.6	181;188357;189166;-;45.7	179;186952;188139;-;107.4		43;49620;50393;+;176.5	177;185404;186258;-;186.3	175;183617;184918;-;226.5	185;192297;193268;-;131.9	113;115101;117023;-;556.9		conjscan	conjscan_only	A	7/7	uncallable	0	0	unscoreable	18	0	0														not_admitted	not_admitted	not_admitted	not_admitted	not_admitted	not_admitted	not_admitted
NZ_CP033033.1	MPF_T	-	156	0	0	GA	1		153;157679;158086;-;69.3	152;157387;157686;-;62.1	151;154908;157376;-;190.5	151;154908;157376;-;120.4	150;154127;154936;-;48.7	148;152716;153918;-;109.9		147;152047;152709;-;122.2	146;151175;152029;-;192.1	144;149377;150684;-;224.3	154;158076;159047;-;135.7	89;91087;93012;-;561.1		conjscan	conjscan_only	A	7/7	canonical	1	0	unscoreable	3	0	0														not_admitted	not_admitted	not_admitted	not_admitted	not_admitted	not_admitted	not_admitted
NZ_CP033057.1	MPF_T	IncX3	60	0	0	GA	1	31;21571;22215;+;46.4	32;22199;22489;+;73.1	33;22514;25267;+;47.0	33;22514;25267;+;142.4	33;22514;25267;+;73.3	34;25277;26047;+;60.1	36;26326;27381;+;133.2		37;27576;28304;+;119.4	38;28310;29239;+;138.8	39;29236;30450;+;128.3	41;30646;31680;+;65.7	42;31683;33518;+;495.9		pfam	pfam_only	A	7/7	canonical	1	1	unscoreable	2	0	0														not_admitted	not_admitted	not_admitted	not_admitted	not_admitted	not_admitted	not_admitted
NZ_CP033067.1	MPF_F	-	122	0	0	GA	0															not_admitted	not_admitted	not_admitted	not_admitted	not_admitted	not_admitted	not_admitted	not_admitted	not_admitted	not_admitted	1	6;7799;9556;-;323.9	63;67208;68650;-;319.6	64;68652;69671;-;215.4	10;11606;14053;-;284.5	62;63488;67204;-;321.2	16;22510;23820;-;136.5	10;11606;14053;-;128.6	18;24755;25369;-;90.8	7;9553;10800;-;64.6	2;1723;4443;-;125.6	22;27080;28939;-;51.3	15;21945;22499;-;86.7	22;27080;28939;-;59.4	A	9/9	split_2	66929	0	1	
NZ_CP033074.1	MPF_F	-	160	0	0	GA	0															not_admitted	not_admitted	not_admitted	not_admitted	not_admitted	not_admitted	not_admitted	not_admitted	not_admitted	not_admitted	1	85;59260;60858;-;330.7	79;54825;56213;-;239.1	81;56699;57523;-;176.1	88;64943;67477;-;137.1	78;51172;54825;-;114.6	90;67995;69242;-;56.9	88;64943;67477;-;82.6	92;70072;70701;-;52.3	83;58060;58809;-;98.4	86;61016;62905;-;71.3	39;23282;25591;+;344.5	89;67477;67995;-;75.8	39;23282;25591;+;67.3	A	9/9	split_2	46790	1	1	50881..51069-;62;unnamed;0
NZ_CP033075.1	-	-	68	0	0	GA	1	27;25421;26077;+;39.7	28;26082;26384;+;53.4	29;26398;29148;+;59.9	29;26398;29148;+;138.4	29;26398;29148;+;60.9		33;30271;31260;+;126.0		35;31478;32164;+;143.4	37;32540;33064;+;68.0	38;33064;34317;+;140.7	39;34321;35343;+;73.9	46;40371;42293;+;24.9		none	none	A	7/7	canonical	0	1	unscoreable	10	0	0														not_admitted	not_admitted	not_admitted	not_admitted	not_admitted	not_admitted	not_admitted
NZ_CP033091.2	MPF_F	IncFIB(AP001918);IncFII	129	0	0	GA	0															not_admitted	not_admitted	not_admitted	not_admitted	not_admitted	not_admitted	not_admitted	not_admitted	not_admitted	not_admitted	1	66;74447;75439;-;369.3	57;68012;69388;-;381.0	62;70975;71718;-;230.0	69;76448;79075;-;306.4	56;65190;68015;-;387.5	76;81130;82557;-;94.3	69;76448;79075;-;98.5	78;83272;83838;-;183.3	65;73800;74438;-;68.7	64;71995;73803;-;267.9	53;61504;63657;-;391.8	72;79591;80106;-;77.3	53;61504;63657;-;70.4	A	9/9	contiguous	21768	1	1	64672..65169-;165;TraS;0
NZ_CP033094.1	MPF_F	IncFIA(HI1);IncHI1A;IncHI1B(R27);IncN	256	0	0	GA	0															not_admitted	not_admitted	not_admitted	not_admitted	not_admitted	not_admitted	not_admitted	not_admitted	not_admitted	not_admitted	1	146;142943;143995;+;277.6	23;20859;22274;+;201.7	22;19823;20869;+;171.3	128;120922;123603;+;160.6	24;22283;26272;+;103.1	124;117216;118574;+;84.0	128;120922;123603;+;76.5	121;114764;115549;+;68.7	144;141290;142798;+;65.6	147;144018;147194;+;58.9	16;10804;12888;-;50.2	127;119963;120913;+;45.2	16;10804;12888;-;36.5	A	9/9	split_3	133214	0	1	
NZ_CP033103.1	MPF_F	IncHI2;IncHI2A	375	0	0	GA	0															not_admitted	not_admitted	not_admitted	not_admitted	not_admitted	not_admitted	not_admitted	not_admitted	not_admitted	not_admitted	1	29;32275;33333;+;276.9	224;214792;216207;-;194.1	225;216197;217243;-;173.7	11;8955;11636;+;168.0	223;210833;214783;-;101.6	7;5270;6625;+;80.7	11;8955;11636;+;72.2	4;2758;3546;+;74.8	27;30622;32133;+;62.7	30;33352;36540;+;58.3	231;224284;226368;+;56.7	10;7996;8946;+;46.4	231;224284;226368;+;38.8	A	9/9	split_3	221526	0	1	
NZ_CP033119.1	MPF_T	-	55	0	0	GA	1	33;29628;30875;+;99.7	37;33377;33670;+;40.4		38;33682;36393;+;80.4	38;33682;36393;+;57.7	39;36390;37031;+;70.1	26;23723;24823;+;67.7		27;24823;25611;+;72.5	28;25623;26360;+;149.7	29;26362;27741;+;181.9	30;27757;28794;+;91.9	34;30872;32389;+;36.1		pfam	both	A	7/7	rearranged	1	0	unscoreable	3	0	0														not_admitted	not_admitted	not_admitted	not_admitted	not_admitted	not_admitted	not_admitted
NZ_CP033136.1	-	-	80	0	0	GA	1	41;33397;33912;-;46.5	69;56296;56625;-;65.8	68;55971;56285;-;30.4	67;53516;55930;-;51.1	67;53516;55930;-;99.0	66;52761;53519;-;34.3	64;50499;51806;-;91.1		63;49795;50469;-;147.4	62;48914;49786;-;159.1	60;47243;48499;-;190.4	55;41483;43105;-;175.5			conjscan	conjscan_only	B	6/7	canonical	1	0	unscoreable	19	0	0														not_admitted	not_admitted	not_admitted	not_admitted	not_admitted	not_admitted	not_admitted
NZ_CP033139.1	-	-	122	0	0	GA	1	31;31778;32224;+;48.8	6;10201;10530;+;68.8	7;10541;10855;+;31.4	8;10895;13306;+;51.1	8;10895;13306;+;99.5	9;13303;14061;+;35.6	11;15016;16332;+;98.1		13;16550;17224;+;141.3	14;17233;18105;+;158.2	16;18520;19776;+;191.1	21;23907;25529;+;175.8	38;37452;39413;+;40.1		conjscan	conjscan_only	A	7/7	canonical	1	0	unscoreable	23	0	0														not_admitted	not_admitted	not_admitted	not_admitted	not_admitted	not_admitted	not_admitted
NZ_CP033140.1	-	-	83	0	0	GA	1	11;10768;11283;-;49.4	39;33665;33994;-;68.8	38;33340;33654;-;31.4	37;30889;33300;-;51.1	37;30889;33300;-;99.5	36;30134;30892;-;33.7	34;27869;29179;-;98.8		33;27181;27855;-;144.4	32;26288;27172;-;159.6	30;24617;25873;-;189.9	25;18858;20480;-;165.5			conjscan	conjscan_only	B	6/7	canonical	1	0	unscoreable	19	0	0														not_admitted	not_admitted	not_admitted	not_admitted	not_admitted	not_admitted	not_admitted
NZ_CP033143.1	-	-	121	0	0	GA	1	84;72818;73264;-;48.8	110;94499;94828;-;68.8	109;94174;94488;-;31.4	108;91723;94134;-;51.1	108;91723;94134;-;99.5	107;90968;91726;-;35.6	105;88697;90013;-;98.1		103;87805;88479;-;141.3	102;86924;87796;-;158.2	100;85253;86509;-;191.1	106;90010;90957;-;130.7	77;65629;67590;-;40.0		conjscan	conjscan_only	A	7/7	canonical	1	0	unscoreable	22	0	0														not_admitted	not_admitted	not_admitted	not_admitted	not_admitted	not_admitted	not_admitted
NZ_CP033146.1	-	-	87	0	0	GA	1	75;63579;64094;+;46.5	46;40868;41197;+;65.8	47;41208;41522;+;30.4	48;41562;43976;+;51.1	48;41562;43976;+;99.0	49;43973;44731;+;34.3	52;45685;46992;+;91.1		53;47022;47696;+;147.4	54;47705;48577;+;159.1	56;48992;50248;+;190.4	61;54386;56008;+;175.5			conjscan	conjscan_only	B	6/7	canonical	1	0	unscoreable	20	0	0														not_admitted	not_admitted	not_admitted	not_admitted	not_admitted	not_admitted	not_admitted
NZ_CP033147.1	-	-	88	0	0	GA	1	81;69026;69541;+;49.2	53;46081;46410;+;65.8	54;46421;46735;+;30.4	55;46776;49190;+;48.7	55;46776;49190;+;99.0	56;49187;49945;+;35.2	58;50900;52210;+;95.5		60;52441;53115;+;146.4	61;53124;53996;+;159.7	63;54411;55667;+;191.1	68;59808;61430;+;173.0	0;776;2737;+;44.9		conjscan	conjscan_only	A	7/7	canonical	1	0	unscoreable	19	0	0														not_admitted	not_admitted	not_admitted	not_admitted	not_admitted	not_admitted	not_admitted
NZ_CP033159.1	MPF_F	IncFIA;IncFII	164	0	0	GA	0															not_admitted	not_admitted	not_admitted	not_admitted	not_admitted	not_admitted	not_admitted	not_admitted	not_admitted	not_admitted	1	96;91085;92077;-;371.6	87;84650;86023;-;380.7	92;87613;88356;-;233.3	103;95806;97158;-;306.0	86;81834;84653;-;386.2	109;99317;100744;-;91.9	99;93086;94162;-;52.3	111;101459;102025;-;182.9	95;90438;91076;-;64.9	94;88633;90441;-;268.2	83;78095;80302;-;391.7	104;97674;98189;-;76.4	83;78095;80302;-;70.3	A	9/9	contiguous	23364	1	1	81318..81809-;163;TraS;0
NZ_CP033203.1	MPF_T	-	29	0	0	GA	1	12;9131;9751;-;63.5	24;22390;22695;-;50.4	23;22008;22376;-;86.7	22;19567;22008;-;165.6	22;19567;22008;-;104.3	21;18860;19570;-;176.4	19;17596;18543;-;150.3		18;16417;17295;-;127.4	17;15611;16420;-;166.7	16;14400;15614;-;174.7	15;13339;14400;-;93.8	14;11410;13329;-;327.2		pfam	both	A	7/7	canonical	1	0	unscoreable	2	0	0														not_admitted	not_admitted	not_admitted	not_admitted	not_admitted	not_admitted	not_admitted
NZ_CP033224.2	MPF_F	IncHI2;IncHI2A	192	0	0	GA	0															not_admitted	not_admitted	not_admitted	not_admitted	not_admitted	not_admitted	not_admitted	not_admitted	not_admitted	not_admitted	1	134;125869;126927;+;276.9			48;41766;44447;-;168.0		52;46777;48132;-;80.7	48;41766;44447;-;72.2	55;49856;50644;-;74.8	132;124216;125727;+;62.0	135;126946;130134;+;57.3		49;44456;45406;-;46.1		C	6/9	split_2	85180	0	1	
NZ_CP033228.1	MPF_F	-	191	0	0	GA	0															not_admitted	not_admitted	not_admitted	not_admitted	not_admitted	not_admitted	not_admitted	not_admitted	not_admitted	not_admitted	1	171;168414;169442;+;416.8	177;175749;177203;+;384.4	176;174937;175749;+;237.6	165;163400;166006;+;432.8	178;177216;180254;+;346.5	162;159962;161338;+;108.3	165;163400;166006;+;95.4	160;158545;159168;+;208.1	173;171669;172433;+;114.8	174;172435;174549;+;306.7	0;333;2663;-;548.2		0;333;2663;-;68.3	B	8/9	split_2	176883	0	1	
NZ_CP033229.1	MPF_T	-	71	0	0	GA	1	61;51417;52082;+;29.2	62;52104;52445;+;76.3	63;52470;52796;+;73.2	64;52783;55167;+;164.5	64;52783;55167;+;109.9	65;55181;55894;+;127.1	67;56243;57259;+;124.5		69;57600;58283;+;156.3	70;58280;59122;+;177.4	0;46;819;+;177.1	1;816;1808;+;102.1	2;1786;3687;+;350.5		pfam	both	A	7/7	canonical	1	0	unscoreable	2	0	0														not_admitted	not_admitted	not_admitted	not_admitted	not_admitted	not_admitted	not_admitted
NZ_CP033245.1	MPF_F	-	101	0	0	GA	0															not_admitted	not_admitted	not_admitted	not_admitted	not_admitted	not_admitted	not_admitted	not_admitted	not_admitted	not_admitted	1	79;64665;65708;-;369.0	74;59255;60682;-;325.8	76;61084;61896;-;219.1	83;67270;69996;-;164.6	73;56237;59239;-;208.7	87;71678;72994;-;102.7	83;67270;69996;-;108.4	89;73707;74285;-;83.7	78;63943;64650;-;107.6	77;61889;63946;-;91.0	15;17967;20126;-;381.3	84;70006;70650;-;41.9	15;17967;20126;-;90.0	A	9/9	split_2	55740	1	1	55647..56165-;172;unnamed;0
NZ_CP033253.2	MPF_F	IncHI2;IncHI2A	156	0	0	GA	0															not_admitted	not_admitted	not_admitted	not_admitted	not_admitted	not_admitted	not_admitted	not_admitted	not_admitted	not_admitted	1	27;31338;32396;+;276.9			11;9086;11767;+;168.0		7;5401;6756;+;80.7	11;9086;11767;+;72.2	4;2889;3677;+;74.8	25;29685;31196;+;62.0	28;32415;35465;+;58.0		10;8127;9077;+;46.1		C	6/9	split_2	29526	0	1	
NZ_CP033254.2	MPF_T	IncI2(Delta)	73	0	0	GA	1	37;32494;32976;-;81.1		52;48583;48867;-;36.6	51;46220;48577;-;58.5	51;46220;48577;-;44.9	61;53679;54323;-;41.0	62;54329;55324;-;123.9		49;45320;46054;-;144.3	48;44553;45323;-;170.5	47;43424;44563;-;154.7	40;34755;36293;-;207.1	45;40376;42334;-;289.6		pfam	pfam_only	A	7/7	rearranged	1	0	unscoreable	14	0	0														not_admitted	not_admitted	not_admitted	not_admitted	not_admitted	not_admitted	not_admitted
NZ_CP033256.1	MPF_F	IncHI2;IncHI2A	159	0	0	GA	0															not_admitted	not_admitted	not_admitted	not_admitted	not_admitted	not_admitted	not_admitted	not_admitted	not_admitted	not_admitted	1	44;43534;44592;-;276.9			60;64164;66845;-;168.0		64;69175;70530;-;80.7	60;64164;66845;-;72.2	67;72254;73042;-;74.8	46;44734;46245;-;62.0	43;40327;43515;-;57.3		61;66854;67804;-;46.1		C	6/9	contiguous	31927	0	1	
NZ_CP033341.1	MPF_T	IncI2(Delta)	76	0	0	GA	1	40;31877;32359;-;81.1	56;48407;48697;-;28.9	55;48016;48300;-;36.4	54;45653;48010;-;60.4	54;45653;48010;-;43.3	65;53761;54402;-;43.0	66;54408;55403;-;136.6		52;44753;45487;-;144.4	51;43986;44756;-;170.5	50;42857;43996;-;154.7	43;34127;35680;-;207.9	48;39745;41703;-;287.0		pfam	pfam_only	A	7/7	rearranged	1	0	unscoreable	14	0	0														not_admitted	not_admitted	not_admitted	not_admitted	not_admitted	not_admitted	not_admitted
NZ_CP033347.2	MPF_F	IncHI2;IncHI2A	319	0	0	GA	0															not_admitted	not_admitted	not_admitted	not_admitted	not_admitted	not_admitted	not_admitted	not_admitted	not_admitted	not_admitted	1	49;54698;55756;+;276.9	256;246464;247879;-;194.1	257;247869;248915;-;174.3	33;32445;35126;+;168.0	255;242502;246455;-;101.6	29;28760;30115;+;80.7	33;32445;35126;+;72.2	26;26248;27036;+;74.8	47;53045;54556;+;62.0	50;55775;58963;+;57.3	264;255957;258041;+;56.8	32;31486;32436;+;46.1	264;255957;258041;+;38.8	A	9/9	split_3	229709	1	1	241032..242321-;429;unnamed;0
NZ_CP033349.2	MPF_T	IncX4	41	0	0	GA	1	14;6866;7486;+;41.6	15;7500;7826;+;64.4	16;7845;10592;+;63.8	16;7845;10592;+;151.8	16;7845;10592;+;46.1	17;10604;11320;+;94.2	18;11332;12426;+;150.1		20;12941;13627;+;169.0	21;13624;14532;+;142.4	22;14525;15643;+;163.9	23;15645;16673;+;85.0	24;16705;18522;+;314.8		pfam	pfam_only	A	7/7	canonical	1	1	unscoreable	1	0	0														not_admitted	not_admitted	not_admitted	not_admitted	not_admitted	not_admitted	not_admitted
NZ_CP033351.2	MPF_F	IncHI2;IncHI2A	227	0	0	GA	0															not_admitted	not_admitted	not_admitted	not_admitted	not_admitted	not_admitted	not_admitted	not_admitted	not_admitted	not_admitted	1	107;99585;100643;+;276.5	223;205882;207297;-;194.1	224;207287;208333;-;174.3	91;77332;80013;+;168.0	222;201920;205873;-;101.7	87;73647;75002;+;80.7	91;77332;80013;+;72.2	84;71135;71923;+;74.8	105;97932;99443;+;62.0	108;100662;103850;+;57.3	4;4701;6785;+;56.8	90;76373;77323;+;46.1	4;4701;6785;+;38.8	A	9/9	split_4	202586	1	1	200450..201739-;429;unnamed;0
NZ_CP033353.2	MPF_F	IncHI2;IncHI2A;IncN;IncQ1	277	0	0	GA	0															not_admitted	not_admitted	not_admitted	not_admitted	not_admitted	not_admitted	not_admitted	not_admitted	not_admitted	not_admitted	1	153;144769;145827;+;276.9			137;122516;125197;+;168.0		133;118831;120186;+;80.7	137;122516;125197;+;72.2	130;116319;117107;+;74.8	151;143116;144627;+;62.0	154;145846;149034;+;57.3		136;121557;122507;+;46.1		C	6/9	split_2	29527	0	1	
NZ_CP033354.2	MPF_T	IncP1	49	0	0	GA	1	36;29986;30759;-;21.5	47;39935;40318;-;68.3	46;39606;39932;-;50.2	45;37066;39609;-;99.2	45;37066;39609;-;108.9	40;32829;33599;-;107.5	38;31094;32689;-;116.6		44;36362;37069;-;88.1	43;35456;36346;-;156.2	41;33612;35006;-;218.2	48;40432;41388;-;133.6	20;15406;17349;+;443.4		conjscan	conjscan_only	A	7/7	canonical	1	0	unscoreable	4	0	0														not_admitted	not_admitted	not_admitted	not_admitted	not_admitted	not_admitted	not_admitted
NZ_CP033355.2	MPF_T	IncI2(Delta)	74	0	0	GA	1	32;28724;29206;-;81.1		47;44813;45097;-;36.6	46;42450;44807;-;58.5	46;42450;44807;-;44.9	56;49909;50553;-;41.0	57;50559;51554;-;123.9		44;41550;42284;-;144.3	43;40783;41553;-;170.5	42;39654;40793;-;154.7	35;30985;32523;-;207.1	40;36606;38564;-;289.6		pfam	pfam_only	A	7/7	rearranged	1	0	unscoreable	14	0	0														not_admitted	not_admitted	not_admitted	not_admitted	not_admitted	not_admitted	not_admitted
NZ_CP033357.1	MPF_T	IncX4	45	0	0	GA	1	14;6934;7554;+;41.6	15;7568;7894;+;64.4	16;7913;10660;+;63.8	16;7913;10660;+;151.8	16;7913;10660;+;46.1		20;11711;12169;+;91.0		23;13015;13701;+;169.0	24;13698;14606;+;142.4	25;14599;15717;+;163.9	26;15719;16747;+;85.0	27;16779;18596;+;314.8		none	none	A	7/7	canonical	0	1	unscoreable	5	0	0														not_admitted	not_admitted	not_admitted	not_admitted	not_admitted	not_admitted	not_admitted
NZ_CP033359.1	MPF_T	IncN	57	0	0	GA	1	38;31689;32423;+;32.5	40;32723;33016;+;28.7	41;33066;33383;+;63.3	42;33383;35983;+;111.8	42;33383;35983;+;76.8	43;36001;36714;+;97.1	45;36965;38005;+;153.6		46;38224;38922;+;131.9	47;38933;39817;+;159.0	48;39817;40977;+;154.9	49;41019;42014;+;81.2	8;9342;10871;-;38.5		pfam	both	A	7/7	canonical	1	0	unscoreable	2	0	0														not_admitted	not_admitted	not_admitted	not_admitted	not_admitted	not_admitted	not_admitted
NZ_CP033363.1	MPF_T	-	352	0	0	GA	1	106;108664;109521;-;80.2	105;108343;108651;-;76.2	104;108029;108337;-;63.8	103;105616;107982;-;111.4	103;105616;107982;-;97.1	101;103995;104708;-;29.9	99;102698;103768;-;142.2		98;101953;102684;-;185.2	97;101120;101956;-;182.6	96;99799;101136;-;211.5	95;98787;99833;-;114.9	94;96485;98809;-;283.2		pfam	pfam_only	A	7/7	canonical	1	0	unscoreable	3	0	0														not_admitted	not_admitted	not_admitted	not_admitted	not_admitted	not_admitted	not_admitted
NZ_CP033369.1	MPF_T	-	262	0	0	GA	1	100;88053;88829;-;92.8	44;43864;44190;+;88.2	45;44190;44471;+;31.9	46;44485;46932;+;35.3	46;44485;46932;+;132.2	47;46929;47687;+;240.0	49;48019;49389;+;196.8		50;49393;50082;+;229.8	51;50079;51131;+;211.6	52;51128;52285;+;227.6	43;42884;43867;+;120.4	98;84059;86047;-;338.3		conjscan	conjscan_only	A	7/7	canonical	1	0	unscoreable	3	0	0														not_admitted	not_admitted	not_admitted	not_admitted	not_admitted	not_admitted	not_admitted
NZ_CP033382.2	MPF_F	IncHI2;IncHI2A;IncN;IncQ1	227	0	0	GA	0															not_admitted	not_admitted	not_admitted	not_admitted	not_admitted	not_admitted	not_admitted	not_admitted	not_admitted	not_admitted	1	9;10422;11480;+;276.9			220;198216;200897;+;168.0		216;194531;195886;+;80.7	220;198216;200897;+;72.2	213;192019;192807;+;74.8	7;8769;10280;+;62.0	10;11499;14687;+;57.3		219;197257;198207;+;46.1		C	6/9	split_2	189447	0	1	
NZ_CP033385.2	MPF_F	IncHI2;IncHI2A;IncN	197	0	0	GA	0															not_admitted	not_admitted	not_admitted	not_admitted	not_admitted	not_admitted	not_admitted	not_admitted	not_admitted	not_admitted	1	51;59401;60459;+;276.9			35;37397;40078;+;168.0		31;33712;35067;+;80.7	35;37397;40078;+;72.2	28;31200;31988;+;74.8	49;57748;59259;+;62.0	52;60478;63666;+;57.3		34;36438;37388;+;46.1		C	6/9	split_2	29278	0	1	
NZ_CP033399.1	MPF_T	IncX3	58	0	0	GA	1	45;33811;34455;+;46.4	46;34439;34729;+;73.1	47;34754;37507;+;47.0	47;34754;37507;+;142.4	47;34754;37507;+;73.3	48;37517;38287;+;60.1	50;38566;39621;+;133.2		51;39816;40544;+;119.4	52;40550;41479;+;138.8	53;41476;42690;+;128.3	55;42886;43920;+;65.7	56;43923;45758;+;495.9		pfam	pfam_only	A	7/7	canonical	1	1	unscoreable	2	0	0														not_admitted	not_admitted	not_admitted	not_admitted	not_admitted	not_admitted	not_admitted
NZ_CP033402.1	MPF_F	IncFIB(K);IncFII(K);IncFII(pAR0022)	232	0	0	GA	0															not_admitted	not_admitted	not_admitted	not_admitted	not_admitted	not_admitted	not_admitted	not_admitted	not_admitted	not_admitted	1	140;139325;140314;-;366.6	130;132411;133778;-;384.1	134;135036;135788;-;233.7	144;141771;144410;-;258.5	129;129589;132411;-;346.4	154;148314;149738;-;89.5	144;141771;144410;-;88.7	156;150465;151031;-;167.0	139;138674;139312;-;66.9	138;136660;138615;-;259.4	125;124664;126973;-;393.1	152;147118;147702;-;53.8	125;124664;126973;-;66.6	A	9/9	contiguous	25801	1	1	128964..129566-;200;TraS;0
NZ_CP033404.1	MPF_F	IncFII(pHN7A8);IncR	190	0	0	GA	0															not_admitted	not_admitted	not_admitted	not_admitted	not_admitted	not_admitted	not_admitted	not_admitted	not_admitted	not_admitted	1	68;54155;55147;+;369.5	81;61980;63353;+;376.8	76;59671;60414;+;234.4	65;50519;53146;+;301.8	82;63350;66166;+;376.7	60;47037;48464;+;94.1	65;50519;53146;+;101.8	58;45756;46322;+;183.8	71;56093;56731;+;70.4	74;57544;59394;+;265.0	86;68467;70692;+;391.7	64;49488;50003;+;77.6	86;68467;70692;+;70.3	A	9/9	contiguous	22711	1	1	66199..66720+;173;unnamed;0
NZ_CP033508.1	MPF_T	-	262	0	0	GA	1	100;88053;88829;-;92.8	44;43864;44190;+;88.2	45;44190;44471;+;31.9	46;44485;46932;+;35.3	46;44485;46932;+;132.2	47;46929;47687;+;240.0	49;48019;49389;+;196.8		50;49393;50082;+;229.8	51;50079;51131;+;211.6	52;51128;52285;+;227.6	43;42884;43867;+;120.4	98;84059;86047;-;338.3		conjscan	conjscan_only	A	7/7	canonical	1	0	unscoreable	3	0	0														not_admitted	not_admitted	not_admitted	not_admitted	not_admitted	not_admitted	not_admitted
NZ_CP033514.1	MPF_F	IncC	219	0	0	GA	0															not_admitted	not_admitted	not_admitted	not_admitted	not_admitted	not_admitted	not_admitted	not_admitted	not_admitted	not_admitted	1	38;36226;37233;+;332.9	100;87017;88450;+;336.2	99;85987;87015;+;221.7	33;31027;33474;+;354.2	101;88463;92077;+;375.3	28;22155;23471;+;135.0	33;31027;33474;+;128.3	26;20631;21257;+;92.7	36;34296;35561;+;68.0	39;37349;40147;+;145.3	17;14957;16822;+;47.4	29;23468;24046;+;100.2	17;14957;16822;+;52.0	A	9/9	split_2	73506	0	1	
NZ_CP033574.1	-	-	189	0	0	GA	0															not_admitted	not_admitted	not_admitted	not_admitted	not_admitted	not_admitted	not_admitted	not_admitted	not_admitted	not_admitted	1	175;149698;150723;-;253.0	50;46667;48076;+;148.2	49;45676;46665;+;171.8	28;25330;27942;-;128.7	51;48089;51925;+;120.5	35;31724;33058;-;103.2	28;25330;27942;-;70.7	37;34158;34838;-;39.5	177;150871;152040;-;56.7	174;146301;149681;-;82.2	43;37932;39839;-;42.4	29;27942;28778;-;68.5	43;37932;39839;-;31.7	A	9/9	split_2	125541	0	1	
NZ_CP033579.1	MPF_F	-	205	0	0	GA	0															not_admitted	not_admitted	not_admitted	not_admitted	not_admitted	not_admitted	not_admitted	not_admitted	not_admitted	not_admitted	1	57;52080;53084;-;386.4	49;45724;47130;-;317.6	52;48158;48958;-;147.5	60;54104;56701;-;177.6	48;42923;45721;-;299.9	62;57151;58665;-;90.8	60;54104;56701;-;92.6	64;59413;59982;-;101.9	55;51040;51741;-;89.3	54;49225;51036;-;225.4	46;40003;42090;-;395.0	61;56704;57090;-;26.9	102;91982;93001;+;75.1	A	9/9	split_2	51979	1	1	42259..42828-;189;unnamed;0
NZ_CP033627.1	MPF_F	IncFIB(K);IncFII(K)	194	0	0	GA	0															not_admitted	not_admitted	not_admitted	not_admitted	not_admitted	not_admitted	not_admitted	not_admitted	not_admitted	not_admitted	1	139;144153;145145;-;366.6	129;137332;138702;-;381.2	133;139904;140656;-;232.4	142;146171;148810;-;258.7	128;134483;137332;-;344.2	151;152625;154049;-;89.2	142;146171;148810;-;88.8	153;154776;155342;-;167.0	138;143502;144140;-;67.0	137;141499;143505;-;259.0	124;130360;132669;-;393.2	149;151444;152013;-;49.7	124;130360;132669;-;65.8	A	9/9	contiguous	24416	1	1	133950..134480-;176;unnamed;0
NZ_CP033628.1	MPF_F	IncFIA(HI1);IncFII(K);IncR	113	0	0	GA	0															not_admitted	not_admitted	not_admitted	not_admitted	not_admitted	not_admitted	not_admitted	not_admitted	not_admitted	not_admitted	1	88;83927;84916;+;366.0	98;90463;91830;+;380.7	94;88453;89205;+;233.7	84;79845;82484;+;258.5	99;91830;94679;+;345.6		84;79845;82484;+;88.7		89;84929;85567;+;67.0	90;85626;87581;+;259.7	103;97165;99477;+;392.7		103;97165;99477;+;66.5	C	7/9	contiguous	17320	1	1	94692..95240+;182;unnamed;0
NZ_CP033629.1	MPF_F	IncFII	78	0	0	GA	0															not_admitted	not_admitted	not_admitted	not_admitted	not_admitted	not_admitted	not_admitted	not_admitted	not_admitted	not_admitted	1	54;42034;43026;+;369.5	64;48805;50178;+;381.7	59;46132;46875;+;234.4	51;38395;41025;+;304.1	65;50175;52997;+;374.0	44;33945;35396;+;94.2	51;38395;41025;+;97.1	42;32664;33230;+;174.3	56;43370;44008;+;68.6	57;44005;45855;+;266.1	69;55269;57521;+;391.1	47;36256;36771;+;78.4	69;55269;57521;+;70.3	A	9/9	contiguous	22605	1	1	53019..53498+;159;TraS;0
NZ_CP033634.1	MPF_F	IncFII	94	0	0	GA	0															not_admitted	not_admitted	not_admitted	not_admitted	not_admitted	not_admitted	not_admitted	not_admitted	not_admitted	not_admitted	1	76;66431;67423;+;369.3	89;74902;76275;+;377.4	82;71700;72689;+;233.2	73;62792;65422;+;301.5	90;76272;79094;+;389.2	65;58096;59523;+;94.1	73;62792;65422;+;97.3	63;56815;57381;+;183.8	79;68373;69011;+;70.1	81;69823;71673;+;264.4	0;25;1320;+;243.5	69;60645;61160;+;77.9	0;25;1320;+;71.5	A	9/9	split_2	76247	1	1	79115..79594+;159;TraS;0
NZ_CP033636.1	MPF_F	IncHI2;IncHI2A	279	0	0	GA	0															not_admitted	not_admitted	not_admitted	not_admitted	not_admitted	not_admitted	not_admitted	not_admitted	not_admitted	not_admitted	1	242;212800;213858;-;276.9	71;62466;63881;+;194.1	70;61430;62476;+;174.3	258;233430;236111;-;168.0	74;65203;69156;+;101.7	262;238441;239796;-;80.7	258;233430;236111;-;72.2	265;241520;242308;-;74.8	244;214000;215511;-;61.8	241;209593;212781;-;57.3	63;52304;54388;-;56.8	259;236120;237070;-;46.1	63;52304;54388;-;38.8	A	9/9	split_2	189216	1	1	69337..70626+;429;unnamed;0
NZ_CP033639.1	MPF_F	-	138	0	0	GA	0															not_admitted	not_admitted	not_admitted	not_admitted	not_admitted	not_admitted	not_admitted	not_admitted	not_admitted	not_admitted	1	26;29618;30649;-;366.9	19;23196;24641;-;324.2	20;24641;25459;-;210.1	31;33147;35747;-;211.9	18;19753;23199;-;233.9	36;39724;41061;-;94.2	31;33147;35747;-;77.9	38;41791;42402;-;85.1	25;28830;29621;-;87.9	23;26270;27535;-;152.1	54;60465;62531;-;407.2	32;35761;36459;-;51.2	54;60465;62531;-;52.5	A	9/9	contiguous	40712	0	1	
NZ_CP033640.1	MPF_F	-	128	0	0	GA	0															not_admitted	not_admitted	not_admitted	not_admitted	not_admitted	not_admitted	not_admitted	not_admitted	not_admitted	not_admitted	1	29;33043;34074;-;367.6	21;25384;26829;-;326.0	23;27869;28681;-;212.5	34;36599;39199;-;215.4	20;21926;25387;-;234.4	39;43176;44513;-;94.2	34;36599;39199;-;79.4	41;45243;45854;-;84.9	28;32255;33046;-;87.9	26;29695;30960;-;152.1	56;61407;63473;-;407.2	35;39213;39911;-;51.2	56;61407;63473;-;52.5	A	9/9	contiguous	39481	1	1	21231..21926-;231;unnamed;0
NZ_CP033646.1	MPF_F	-	138	0	0	GA	0															not_admitted	not_admitted	not_admitted	not_admitted	not_admitted	not_admitted	not_admitted	not_admitted	not_admitted	not_admitted	1	26;29618;30649;-;366.9	19;23196;24641;-;324.2	20;24641;25459;-;210.1	31;33147;35747;-;211.9	18;19753;23199;-;233.9	36;39724;41061;-;94.2	31;33147;35747;-;77.9	38;41791;42402;-;85.1	25;28830;29621;-;87.9	23;26270;27535;-;152.1	54;60464;62530;-;407.2	32;35761;36459;-;51.2	54;60464;62530;-;52.5	A	9/9	contiguous	40711	0	1	
NZ_CP033647.1	MPF_F	-	128	0	0	GA	0															not_admitted	not_admitted	not_admitted	not_admitted	not_admitted	not_admitted	not_admitted	not_admitted	not_admitted	not_admitted	1	29;33043;34074;-;367.6	21;25384;26829;-;326.0	23;27869;28681;-;212.5	34;36599;39199;-;215.4	20;21926;25387;-;234.4	39;43176;44513;-;94.2	34;36599;39199;-;79.4	41;45243;45854;-;84.9	28;32255;33046;-;87.9	26;29695;30960;-;152.1	56;61407;63473;-;407.2	35;39213;39911;-;51.2	56;61407;63473;-;52.5	A	9/9	contiguous	39481	1	1	21231..21926-;231;unnamed;0
NZ_CP033651.1	MPF_F	-	138	0	0	GA	0															not_admitted	not_admitted	not_admitted	not_admitted	not_admitted	not_admitted	not_admitted	not_admitted	not_admitted	not_admitted	1	112;111738;112769;+;366.9	119;117746;119191;+;324.2	118;116928;117746;+;210.1	107;106640;109240;+;211.9	120;119188;122634;+;233.9	102;101326;102663;+;94.2	107;106640;109240;+;77.9	100;99985;100596;+;85.1	113;112766;113557;+;87.9	115;114852;116117;+;152.1	84;79856;81922;+;407.2	106;105928;106626;+;51.2	84;79856;81922;+;52.5	A	9/9	split_2	39332	0	1	
NZ_CP033652.1	MPF_F	-	128	0	0	GA	0															not_admitted	not_admitted	not_admitted	not_admitted	not_admitted	not_admitted	not_admitted	not_admitted	not_admitted	not_admitted	1	29;33043;34074;-;367.6	21;25384;26829;-;326.0	23;27869;28681;-;212.5	34;36599;39199;-;215.4	20;21926;25387;-;234.4	39;43176;44513;-;94.2	34;36599;39199;-;79.4	41;45243;45854;-;84.9	28;32255;33046;-;87.9	26;29695;30960;-;152.1	56;61407;63473;-;407.2	35;39213;39911;-;51.2	56;61407;63473;-;52.5	A	9/9	contiguous	39481	1	1	21231..21926-;231;unnamed;0
NZ_CP033655.1	MPF_F	-	188	0	0	GA	0															not_admitted	not_admitted	not_admitted	not_admitted	not_admitted	not_admitted	not_admitted	not_admitted	not_admitted	not_admitted	1	28;30336;31367;-;366.9	20;23495;24319;-;257.9	22;25359;26177;-;212.8	34;34276;36876;-;215.4	18;19434;22877;-;236.0	39;40621;41958;-;95.2	34;34276;36876;-;79.3	41;42688;43254;-;81.1	27;29548;30339;-;87.9	25;26988;28253;-;152.1	55;58852;60918;-;407.2	35;36890;37588;-;50.7	55;58852;60918;-;52.5	A	9/9	contiguous	39418	0	1	
NZ_CP033661.1	MPF_F	-	155	0	0	GA	0															not_admitted	not_admitted	not_admitted	not_admitted	not_admitted	not_admitted	not_admitted	not_admitted	not_admitted	not_admitted	1	27;30654;31685;-;366.6	19;23192;24637;-;327.5	21;25677;26495;-;212.4	32;34213;36813;-;211.9	18;19755;23195;-;235.1	37;40778;42115;-;94.2	32;34213;36813;-;78.0	39;42845;43456;-;85.1	26;29866;30657;-;87.9	24;27306;28571;-;152.1	55;61518;63584;-;407.9	33;36827;37525;-;51.2	55;61518;63584;-;52.5	A	9/9	contiguous	41763	0	1	
NZ_CP033662.1	MPF_F	-	128	0	0	GA	0															not_admitted	not_admitted	not_admitted	not_admitted	not_admitted	not_admitted	not_admitted	not_admitted	not_admitted	not_admitted	1	29;33043;34074;-;367.6	21;25384;26829;-;326.0	23;27869;28681;-;212.5	34;36599;39199;-;215.4	20;21926;25387;-;234.4	39;43176;44513;-;94.2	34;36599;39199;-;79.4	41;45243;45854;-;84.9	28;32255;33046;-;87.9	26;29695;30960;-;152.1	54;60490;62556;-;407.2	35;39213;39911;-;51.2	54;60490;62556;-;52.5	A	9/9	contiguous	38564	1	1	21231..21926-;231;unnamed;0
NZ_CP033670.1	MPF_F	-	104	0	0	GA	0															not_admitted	not_admitted	not_admitted	not_admitted	not_admitted	not_admitted	not_admitted	not_admitted	not_admitted	not_admitted	1	34;34155;35186;-;367.6	25;26694;28139;-;326.0	27;29179;29997;-;212.8	39;37711;40311;-;211.9	24;25513;26697;-;183.7	46;45556;46893;-;94.2	39;37711;40311;-;76.0	48;47623;48234;-;85.1	33;33367;34158;-;87.9	31;31242;32072;-;97.2	62;64600;66666;-;407.2	40;40325;41023;-;51.9	62;64600;66666;-;52.5	A	9/9	contiguous	39087	1	1	24776..25504-;242;unnamed;0
NZ_CP033674.1	MPF_F	-	124	0	0	GA	0															not_admitted	not_admitted	not_admitted	not_admitted	not_admitted	not_admitted	not_admitted	not_admitted	not_admitted	not_admitted	1	26;29771;30802;-;366.9	19;23349;24794;-;324.2	20;24794;25612;-;210.1	31;33300;35900;-;215.4	18;19906;23352;-;233.9	36;39877;41214;-;94.2	31;33300;35900;-;77.9	38;41944;42555;-;85.1	25;28983;29774;-;87.9	23;26423;27688;-;152.1	53;59758;61824;-;407.2	32;35914;36612;-;51.2	53;59758;61824;-;52.5	A	9/9	contiguous	39852	0	1	
NZ_CP033755.1	MPF_F	IncFII(K);repB(R1701)	122	0	0	GA	0															not_admitted	not_admitted	not_admitted	not_admitted	not_admitted	not_admitted	not_admitted	not_admitted	not_admitted	not_admitted	1	70;51171;52163;+;362.9	83;59754;61121;+;382.8	79;57744;58496;+;233.7	67;47506;50145;+;259.3	84;61121;63943;+;340.4	57;42188;43612;+;91.3	67;47506;50145;+;88.3	55;40895;41461;+;168.5	74;54194;54841;+;65.7	75;54900;56855;+;257.4	87;65911;68211;+;392.7	59;44224;44808;+;54.2	87;65911;68211;+;66.6	A	9/9	contiguous	25016	1	1	63967..64569+;200;TraS;0
NZ_CP033774.1	MPF_F	IncFIB(K);IncFII(K)	188	0	0	GA	0															not_admitted	not_admitted	not_admitted	not_admitted	not_admitted	not_admitted	not_admitted	not_admitted	not_admitted	not_admitted	1	28;34049;35041;-;366.6	18;27228;28598;-;381.0	22;29800;30552;-;232.4	31;36067;38568;-;203.6	17;24379;27228;-;344.2	35;40678;42102;-;89.2	31;36067;38568;-;89.0	37;42829;43395;-;167.0	27;33398;34036;-;67.0	26;31395;33401;-;259.0	13;20256;22565;-;393.2	33;39647;40066;-;22.1	13;20256;22565;-;65.8	A	9/9	contiguous	22573	1	1	23846..24376-;176;unnamed;0
NZ_CP033797.1	MPF_T	IncX5	73	0	0	GA	1	69;51128;51772;-;42.4	68;50854;51144;-;69.0	67;48073;50832;-;42.6	67;48073;50832;-;132.2	67;48073;50832;-;70.5	66;47331;48065;-;55.1	64;46001;47056;-;132.8		63;45032;45760;-;120.9	62;44098;45027;-;134.2	61;42890;44101;-;136.9	60;41835;42878;-;63.2	59;39997;41832;-;504.8		pfam	pfam_only	A	7/7	canonical	1	1	unscoreable	1	0	0														not_admitted	not_admitted	not_admitted	not_admitted	not_admitted	not_admitted	not_admitted
NZ_CP033799.1	MPF_F	IncFII(pECLA);IncR	150	0	0	GA	0															not_admitted	not_admitted	not_admitted	not_admitted	not_admitted	not_admitted	not_admitted	not_admitted	not_admitted	not_admitted	1	126;106042;107040;+;359.9	135;112277;113641;+;363.9	129;109527;110309;+;212.9	118;100499;103108;+;223.4	136;113641;116931;+;308.8	112;96254;97663;+;97.1	118;100499;103108;+;103.5	110;94924;95505;+;96.9	127;107051;107674;+;63.5	128;107671;109530;+;213.0	149;127931;130531;+;361.0	116;99697;100251;+;44.0	149;127931;130531;+;71.2	A	9/9	contiguous	33007	1	1	116933..117622+;229;unnamed;0
NZ_CP033823.1	MPF_F	IncFIB(K);IncFII(Yp)	182	0	0	GA	0															not_admitted	not_admitted	not_admitted	not_admitted	not_admitted	not_admitted	not_admitted	not_admitted	not_admitted	not_admitted	1	102;109281;110273;-;366.6	93;102763;104133;-;376.4	96;104920;105672;-;229.0	105;111347;113986;-;258.8	92;99914;102763;-;336.6	112;116531;117946;-;82.7	105;111347;113986;-;84.2	114;118673;119239;-;162.4	101;108651;109268;-;66.8	100;106780;108654;-;256.7	90;96851;99130;-;389.8	111;115867;116436;-;53.1	90;96851;99130;-;66.6	A	9/9	contiguous	21822	1	1	99367..99903-;178;unnamed;0
NZ_CP033830.1	MPF_T	IncN	56	0	0	GA	1	25;20891;21628;-;32.0		22;19931;20248;-;63.3	21;17331;19931;-;111.8	21;17331;19931;-;76.4	20;16600;17313;-;105.5	18;15309;16349;-;142.4		17;14392;15090;-;131.9	16;13497;14381;-;159.7	15;12337;13497;-;156.3	14;11300;12295;-;81.2	6;3764;5293;+;38.5		pfam	both	A	7/7	canonical	1	0	unscoreable	10	0	0														not_admitted	not_admitted	not_admitted	not_admitted	not_admitted	not_admitted	not_admitted
NZ_CP033847.1	MPF_F	IncFIA;IncFIB(AP001918);IncFII	163	0	0	GA	0															not_admitted	not_admitted	not_admitted	not_admitted	not_admitted	not_admitted	not_admitted	not_admitted	not_admitted	not_admitted	1	18;14136;15128;+;371.6	29;20813;22186;+;380.9	22;17857;18600;+;235.0	15;10500;13127;+;303.5	30;22183;25008;+;385.9	9;6914;8341;+;91.9	15;10500;13127;+;99.0	7;5633;6199;+;182.9	19;15137;15775;+;64.9	20;15772;17580;+;267.3	33;26512;28683;+;391.6	14;9469;9984;+;76.4	33;26512;28683;+;70.4	A	9/9	contiguous	20879	1	1	25005..25460+;151;unnamed;0
NZ_CP033849.1	MPF_T	IncX4	46	0	0	GA	1	28;16078;16698;+;46.9	29;16712;17038;+;64.4	30;17057;19804;+;62.7	30;17057;19804;+;150.8	30;17057;19804;+;45.4	31;19816;20532;+;93.7	32;20544;21638;+;150.1		34;22153;22839;+;169.0	35;22836;23744;+;142.4	36;23737;24855;+;163.9	37;24857;25885;+;85.0	38;25917;27734;+;316.5		pfam	pfam_only	A	7/7	canonical	1	1	unscoreable	1	0	0														not_admitted	not_admitted	not_admitted	not_admitted	not_admitted	not_admitted	not_admitted
NZ_CP033873.1	MPF_T	-	276	0	0	GA	1		2;737;1204;+;73.0	3;1206;1466;+;25.6	4;1477;3933;+;42.3	4;1477;3933;+;124.5	6;4198;4920;+;68.3	8;5177;6388;+;126.8		9;6398;7087;+;144.9	10;7084;8133;+;181.3	11;8130;9335;+;188.3	71;78433;79392;+;138.2	64;70564;72486;+;235.1		conjscan	conjscan_only	A	7/7	canonical	1	0	unscoreable	7	0	0														not_admitted	not_admitted	not_admitted	not_admitted	not_admitted	not_admitted	not_admitted
NZ_CP033874.1	-	-	55	0	0	GA	1	35;27279;27923;-;54.2	34;26583;26924;-;74.5	33;23798;26524;-;95.5	33;23798;26524;-;166.9	33;23798;26524;-;111.9	32;23046;23792;-;185.3	30;21854;22804;-;131.6		28;20806;21486;-;196.9	27;19958;20809;-;192.2	25;18742;19461;-;177.6	24;17738;18745;-;97.0	23;15823;17772;-;366.1		pfam	both	A	7/7	canonical	1	1	unscoreable	3	0	0														not_admitted	not_admitted	not_admitted	not_admitted	not_admitted	not_admitted	not_admitted
NZ_CP033879.1	MPF_T	IncX4	44	0	0	GA	1	8;4201;4821;+;46.9	9;4835;5161;+;64.4	10;5180;7927;+;62.7	10;5180;7927;+;150.8	10;5180;7927;+;45.4	11;7939;8655;+;94.6	12;8667;9761;+;150.1		14;10275;10961;+;169.0	15;10958;11866;+;142.4	16;11859;12977;+;164.0	17;12979;14007;+;85.0	18;14039;15856;+;316.5		pfam	pfam_only	A	7/7	canonical	1	1	unscoreable	1	0	0														not_admitted	not_admitted	not_admitted	not_admitted	not_admitted	not_admitted	not_admitted
NZ_CP033890.1	MPF_T	rep38	40	0	0	GA	1				27;23743;25758;-;24.6									21;18162;19715;-;460.6		none	none	D	2/7	uncallable	0	0	unscoreable	5	0	0														not_admitted	not_admitted	not_admitted	not_admitted	not_admitted	not_admitted	not_admitted
NZ_CP033894.1	MPF_F	pSM22	181	0	0	GA	0															not_admitted	not_admitted	not_admitted	not_admitted	not_admitted	not_admitted	not_admitted	not_admitted	not_admitted	not_admitted	1	18;20688;21686;-;362.6	10;14516;15883;-;369.2	14;17138;17932;-;203.8	23;23956;26586;-;263.7	9;11683;14514;-;292.4	28;28087;29484;-;89.8	23;23956;26586;-;99.6	30;30202;30765;-;162.6	17;20003;20677;-;63.1	15;17929;19833;-;241.4	6;8756;10954;-;376.5	25;26917;27471;-;57.4	6;8756;10954;-;56.8	A	9/9	contiguous	21446	1	1	11156..11686-;176;unnamed;0
NZ_CP033895.1	MPF_F	IncFII(pRSB107);pSM22	141	0	0	GA	0															not_admitted	not_admitted	not_admitted	not_admitted	not_admitted	not_admitted	not_admitted	not_admitted	not_admitted	not_admitted	1	66;53198;54205;+;371.8	72;58308;59675;+;376.2	69;56732;57475;+;220.4	61;49064;50674;+;274.6	73;59675;62503;+;338.1	55;45504;46898;+;89.5	62;50613;51692;+;51.8	53;44221;44787;+;161.9	67;54220;54849;+;67.2	68;54846;56723;+;249.5	75;63352;65538;+;388.3	57;47447;48001;+;61.9	75;63352;65538;+;66.8	A	9/9	contiguous	19131	1	1	62512..63027+;171;unnamed;0
NZ_CP033947.1	MPF_F	IncFIB(pQil);IncFII(K)	169	0	0	GA	0															not_admitted	not_admitted	not_admitted	not_admitted	not_admitted	not_admitted	not_admitted	not_admitted	not_admitted	not_admitted	1	113;103591;104580;-;366.6	103;96677;98044;-;382.2	107;99302;100054;-;236.4	117;106037;108676;-;258.5	102;93828;96677;-;341.9	124;111503;112927;-;89.3	117;106037;108676;-;88.7	126;113654;114220;-;169.3	112;102940;103578;-;66.9	111;100926;102881;-;259.7	95;86444;88756;-;392.7	123;110847;111431;-;54.7	95;86444;88756;-;66.5	A	9/9	contiguous	27210	1	1	93267..93815-;182;unnamed;0
NZ_CP033962.1	MPF_F	IncFII(pHN7A8)	183	0	0	GA	0															not_admitted	not_admitted	not_admitted	not_admitted	not_admitted	not_admitted	not_admitted	not_admitted	not_admitted	not_admitted	1	14;9385;10377;-;369.5			17;11386;14013;-;301.8		28;20351;21421;-;41.7	17;11386;14013;-;101.8	30;22136;22702;-;183.8	11;7801;8439;-;70.4		17;11386;14013;-;20.8	18;14529;15044;-;77.6		D	5/9	contiguous	14335	0	0	
NZ_CP033968.1	MPF_F	-	360	0	0	GA	0															not_admitted	not_admitted	not_admitted	not_admitted	not_admitted	not_admitted	not_admitted	not_admitted	not_admitted	not_admitted	1	292;242330;243364;+;305.0	319;264381;265835;+;256.3	318;263416;264366;+;244.3	315;259741;262200;+;160.0	320;265845;269345;+;205.5	312;257368;258591;+;114.3	315;259741;262200;+;131.4	310;255790;256512;+;103.8	293;243315;244049;+;104.2	330;277984;279636;+;246.6	306;251834;253603;-;42.9	313;258612;259286;+;87.8	306;251834;253603;-;41.6	A	9/9	contiguous	35654	1	1	269440..269691+;83;unnamed;0
NZ_CP033971.1	MPF_T	-	310	0	0	GA	1	295;319233;319658;+;76.4	288;312516;312863;-;32.1		286;309735;312191;-;68.6	286;309735;312191;-;92.9		284;307896;308948;-;76.5		290;314331;315038;+;114.9	291;315056;315967;+;167.0	292;315967;317211;+;174.9	301;324895;326712;+;136.3	282;304802;306670;-;35.2		none	none	A	7/7	canonical	0	0	unscoreable	10	0	0														not_admitted	not_admitted	not_admitted	not_admitted	not_admitted	not_admitted	not_admitted
NZ_CP034033.1	MPF_T	-	46	0	0	GA	1		26;21673;22056;-;70.1	25;21351;21668;-;34.8	24;18790;21354;-;93.3	24;18790;21354;-;98.1	19;14565;15341;-;67.8	18;12726;14330;-;105.3		23;18083;18790;-;143.4	22;17204;18070;-;180.2	20;15354;16793;-;216.1	27;22158;23156;-;132.2	42;33906;35795;+;444.9		conjscan	conjscan_only	A	7/7	canonical	1	0	unscoreable	2	0	0														not_admitted	not_admitted	not_admitted	not_admitted	not_admitted	not_admitted	not_admitted
NZ_CP034040.1	MPF_F	IncFIB(pNDM-Mar);IncR	246	0	0	GA	0															not_admitted	not_admitted	not_admitted	not_admitted	not_admitted	not_admitted	not_admitted	not_admitted	not_admitted	not_admitted	1	174;147119;148156;-;282.3	77;60545;61954;+;190.4	76;59518;60555;+;176.7	187;158988;161705;-;150.2	78;61956;65864;+;122.7	191;163818;165188;-;65.6	187;158988;161705;-;83.2	194;166834;167694;-;79.0	175;148153;149514;-;69.9	173;143927;147109;-;59.7	69;50187;52313;-;57.8	188;161750;162487;-;56.9	69;50187;52313;-;41.0	A	9/9	split_2	116647	0	1	
NZ_CP034046.1	MPF_F	IncFIB(pNDM-Mar);IncHI1B(pNDM-MAR)	395	0	0	GA	0															not_admitted	not_admitted	not_admitted	not_admitted	not_admitted	not_admitted	not_admitted	not_admitted	not_admitted	not_admitted	1	66;59994;61028;-;282.2	259;222620;224029;+;190.4	258;221593;222630;+;176.7	81;73609;76326;-;149.6	260;224031;226847;+;120.8	85;78439;79809;-;65.6	81;73609;76326;-;85.2	88;81455;82315;-;79.0	69;62789;64135;-;70.0	65;56802;59984;-;58.9		82;76371;77108;-;57.0		A	9/9	split_2	167229	0	1	
NZ_CP034048.1	MPF_F	IncFII	85	0	0	GA	0															not_admitted	not_admitted	not_admitted	not_admitted	not_admitted	not_admitted	not_admitted	not_admitted	not_admitted	not_admitted	1	61;51202;52194;+;369.5	71;57973;59346;+;381.7	66;55300;56043;+;231.4	21;17617;18954;+;290.3	72;59343;62165;+;374.0	14;13167;14618;+;94.2	58;48811;50193;+;98.9	12;11886;12452;+;174.3	63;52538;53176;+;68.7	64;53173;55023;+;266.7	76;64437;66653;+;391.2	17;15478;15993;+;78.4	76;64437;66653;+;70.3	A	9/9	split_2	52551	1	1	62187..62666+;159;TraS;0
NZ_CP034061.1	MPF_T	IncI2(Delta)	80	0	0	GA	1	78;55651;56133;+;81.1	62;39344;39634;+;28.9	63;39741;40025;+;36.4	64;40031;42388;+;60.7	64;40031;42388;+;43.4	52;33956;34597;+;42.8	51;32955;33950;+;128.5		66;42554;43288;+;144.4	67;43285;44055;+;170.5	68;44045;45184;+;154.7	75;52345;53883;+;207.1	70;46322;48280;+;286.7		pfam	pfam_only	A	7/7	rearranged	1	0	unscoreable	15	1	0														not_admitted	not_admitted	not_admitted	not_admitted	not_admitted	not_admitted	not_admitted
NZ_CP034079.1	MPF_T	-	65	0	0	GA	1	37;33810;34508;+;38.1		39;34856;35131;+;25.3	40;35192;37744;+;74.1		41;37741;38427;+;56.8	43;38824;39756;+;135.1		44;40176;40964;+;101.8	45;40954;41763;+;143.6	46;41750;43099;+;127.3	47;43109;44164;+;44.3	54;49050;50723;+;243.3		pfam	pfam_only	A	7/7	canonical	1	0	unscoreable	8	0	0														not_admitted	not_admitted	not_admitted	not_admitted	not_admitted	not_admitted	not_admitted
NZ_CP034080.1	MPF_T	-	62	0	0	GA	1	32;24981;25679;+;38.1		34;26027;26302;+;25.3	35;26363;28915;+;74.1		36;28912;29598;+;56.8	38;29995;30927;+;135.1		39;31347;32135;+;101.8	40;32125;32934;+;143.6	41;32921;34270;+;127.3	42;34280;35335;+;44.3	48;40076;41749;+;243.3		pfam	pfam_only	A	7/7	canonical	1	0	unscoreable	7	0	0														not_admitted	not_admitted	not_admitted	not_admitted	not_admitted	not_admitted	not_admitted
NZ_CP034084.1	MPF_F	IncA	172	0	0	GA	0															not_admitted	not_admitted	not_admitted	not_admitted	not_admitted	not_admitted	not_admitted	not_admitted	not_admitted	not_admitted	1	70;54698;55702;+;330.1	161;132954;134387;+;336.4	160;131912;132952;+;223.9	65;49493;51940;+;352.8	162;134400;138005;+;377.7	60;40666;41982;+;136.3	65;49493;51940;+;130.4	58;39142;39768;+;93.9	68;52762;54030;+;69.6	71;55853;58591;+;138.7	49;33487;35352;+;46.9	61;41979;42557;+;98.1	49;33487;35352;+;51.6	A	9/9	split_2	100913	0	1	
NZ_CP034085.1	MPF_F	IncFII(K);repB(R1701)	137	0	0	GA	0															not_admitted	not_admitted	not_admitted	not_admitted	not_admitted	not_admitted	not_admitted	not_admitted	not_admitted	not_admitted	1	80;72536;73525;-;366.6	70;65622;66989;-;384.0	74;68247;68999;-;233.7	84;74968;77607;-;258.5	69;62773;65622;-;346.4	91;80800;82224;-;89.2	84;74968;77607;-;88.2	93;82951;83517;-;169.3	79;71885;72523;-;66.9	78;69871;71826;-;259.7	65;57999;60311;-;393.1	90;80102;80686;-;53.6	65;57999;60311;-;66.6	A	9/9	contiguous	24952	1	1	62237..62770-;177;unnamed;0
NZ_CP034087.1	-	-	334	0	0	GA	1	59;52230;53072;-;61.6	58;51916;52233;-;67.5	57;51626;51916;-;78.6	56;49181;51616;-;127.4	56;49181;51616;-;94.8	54;47794;48510;-;25.1	52;46499;47593;-;115.0		51;45696;46493;-;173.4	50;44851;45699;-;189.1	49;43491;44834;-;200.3	48;42542;43450;-;118.1	47;40106;42526;-;246.5		pfam	pfam_only	A	7/7	canonical	1	0	unscoreable	3	0	0														not_admitted	not_admitted	not_admitted	not_admitted	not_admitted	not_admitted	not_admitted
NZ_CP034088.1	-	-	229	0	0	GA	1	27;32282;33139;+;62.3	28;33123;33440;+;76.0	29;33440;33730;+;79.5	30;33740;36175;+;132.5	30;33740;36175;+;97.3		34;37761;38855;+;115.5		35;38861;39652;+;177.1	36;39649;40497;+;192.8	37;40514;41755;+;201.0	38;41733;42806;+;130.9	39;42822;45236;+;253.6		none	none	A	7/7	canonical	0	0	unscoreable	6	0	0														not_admitted	not_admitted	not_admitted	not_admitted	not_admitted	not_admitted	not_admitted
NZ_CP034107.1	MPF_T	IncFIB(K);IncX1	139	0	0	GA	1	109;95464;96126;-;48.3	108;95154;95453;-;36.6	107;92394;95144;-;61.8	107;92394;95144;-;134.0	107;92394;95144;-;47.3	106;91659;92375;-;137.0	104;90338;91345;-;137.8		102;89442;90128;-;158.3	101;88556;89449;-;147.4	99;87364;87903;-;122.7	98;86311;87360;-;71.5	91;79666;81573;-;24.4		pfam	pfam_only	A	7/7	canonical	1	1	unscoreable	9	0	0														not_admitted	not_admitted	not_admitted	not_admitted	not_admitted	not_admitted	not_admitted
NZ_CP034108.1	MPF_F	IncFII(pHN7A8)	103	0	0	GA	0															not_admitted	not_admitted	not_admitted	not_admitted	not_admitted	not_admitted	not_admitted	not_admitted	not_admitted	not_admitted	1	13;6985;7977;-;369.5	102;86073;87224;-;320.1	5;1716;2399;-;224.1	16;8986;11613;-;301.8	101;83260;86076;-;376.7	21;13668;15095;-;94.1	16;8986;11613;-;101.8	24;16036;16377;-;75.4	10;5401;6039;-;70.4	7;2738;4588;-;265.0	97;78735;80960;-;391.7	17;12129;12644;-;78.0	97;78735;80960;-;70.3	A	9/9	split_2	84357	1	1	82706..83227-;173;unnamed;0
NZ_CP034109.1	MPF_T	IncI2(Delta)	72	0	0	GA	1	56;43870;44352;+;81.1		41;27973;28257;+;36.6	42;28263;30620;+;58.5	42;28263;30620;+;44.9	33;22518;23162;+;41.0	32;21517;22512;+;123.9		44;30786;31520;+;144.3	45;31517;32287;+;170.5	46;32277;33416;+;154.7	53;40553;42091;+;207.1	48;34506;36464;+;289.6		pfam	pfam_only	A	7/7	rearranged	1	0	unscoreable	13	0	0														not_admitted	not_admitted	not_admitted	not_admitted	not_admitted	not_admitted	not_admitted
NZ_CP034131.1	MPF_F	IncFII(K);repB(R1701)	165	0	0	GA	0															not_admitted	not_admitted	not_admitted	not_admitted	not_admitted	not_admitted	not_admitted	not_admitted	not_admitted	not_admitted	1	140;110157;111146;+;366.0	150;116637;118007;+;380.7	146;114683;115435;+;230.7	136;106075;108714;+;258.5	151;118007;120850;+;346.5	128;101392;102816;+;89.2	136;106075;108714;+;88.7	126;100099;100665;+;169.3	141;111159;111797;+;67.0	142;111856;113811;+;259.7	155;123435;125747;+;392.8	129;102930;103514;+;55.4	155;123435;125747;+;65.9	A	9/9	contiguous	23336	1	1	120861..121385+;174;unnamed;0
NZ_CP034133.1	MPF_T	IncX3	65	0	0	GA	1	52;44376;45020;-;46.4	51;44102;44392;-;73.1	50;41324;44077;-;47.0	50;41324;44077;-;142.4	50;41324;44077;-;73.3	49;40544;41314;-;60.1	47;39210;40265;-;133.2		46;38287;39015;-;119.4	45;37352;38281;-;138.8	44;36141;37355;-;128.3	42;34911;35945;-;65.7	41;33073;34908;-;495.9		pfam	pfam_only	A	7/7	canonical	1	1	unscoreable	2	0	0														not_admitted	not_admitted	not_admitted	not_admitted	not_admitted	not_admitted	not_admitted
NZ_CP034137.1	MPF_F	IncFII(K);repB(R1701)	188	0	0	GA	0															not_admitted	not_admitted	not_admitted	not_admitted	not_admitted	not_admitted	not_admitted	not_admitted	not_admitted	not_admitted	1	163;124622;125611;+;366.0	173;131102;132472;+;380.7	169;129148;129900;+;230.7	159;120540;123179;+;258.5	174;132472;135315;+;346.5	151;115857;117281;+;89.2	159;120540;123179;+;88.7	149;114564;115130;+;169.3	164;125624;126262;+;67.0	165;126321;128276;+;259.7	178;137900;140212;+;392.8	152;117395;117979;+;55.4	178;137900;140212;+;65.9	A	9/9	contiguous	23336	1	1	135326..135850+;174;unnamed;0
NZ_CP034143.1	MPF_G	-	118	0	0	GA	0															not_admitted	not_admitted	not_admitted	not_admitted	not_admitted	not_admitted	not_admitted	not_admitted	not_admitted	not_admitted	1	91;88015;89169;+;113.3			89;84429;87557;+;222.9	94;90932;92566;+;67.1		89;84429;87557;+;29.7				79;76566;78614;+;28.7		79;76566;78614;+;46.1	D	3/9	contiguous	14366	0	0	
NZ_CP034167.1	MPF_F	IncFIB(AP001918);IncFII(29)	137	0	0	GA	0															not_admitted	not_admitted	not_admitted	not_admitted	not_admitted	not_admitted	not_admitted	not_admitted	not_admitted	not_admitted	1	41;37951;38943;+;365.7	52;44921;46339;+;375.4	46;41670;42413;+;229.1	38;34315;36942;+;306.8	53;46336;49173;+;382.9	31;30893;32260;+;91.8	38;34315;36942;+;101.6	29;29559;30125;+;181.8	42;38952;39590;+;68.7	44;40549;41394;+;265.1	56;50734;52932;+;390.7	35;33284;33799;+;78.8	56;50734;52932;+;71.0	A	9/9	contiguous	21175	1	1	49206..49727+;173;unnamed;0
NZ_CP034178.1	MPF_F	IncFII(S);IncFII(pAR0022)	91	0	0	GA	0															not_admitted	not_admitted	not_admitted	not_admitted	not_admitted	not_admitted	not_admitted	not_admitted	not_admitted	not_admitted	1	22;24655;25650;-;357.2	16;19045;20406;-;334.4	18;21039;21818;-;196.8	25;26743;29334;-;219.6	15;16146;19043;-;292.8	29;30768;32129;-;81.6	25;26743;29334;-;87.7	31;32846;33409;-;145.5	20;23665;24279;-;79.9	19;21815;23668;-;258.1	12;12276;14567;-;375.5	26;29345;29959;-;49.5	12;12276;14567;-;59.1	A	9/9	contiguous	20570	1	1	15574..16134-;186;unnamed;0
NZ_CP034214.1	MPF_F	IncFII(29)	42	0	0	GA	0															not_admitted	not_admitted	not_admitted	not_admitted	not_admitted	not_admitted	not_admitted	not_admitted	not_admitted	not_admitted	1	38;36083;37075;-;369.4	27;29033;30406;-;380.6	34;32611;33354;-;232.7	41;38084;39775;-;84.7	26;26217;29036;-;386.7		41;38084;39775;-;98.8		37;35436;36074;-;68.6	36;33631;35439;-;266.3	20;20409;22634;-;391.1		20;20409;22634;-;70.3	C	7/9	contiguous	17675	1	1	25701..26192-;163;TraS;0
NZ_CP034231.1	MPF_F	IncFIB(S);IncFII(S);IncFII(pAR0022)	120	0	0	GA	0															not_admitted	not_admitted	not_admitted	not_admitted	not_admitted	not_admitted	not_admitted	not_admitted	not_admitted	not_admitted	1	32;21283;22275;+;366.7	41;27523;28905;+;392.4	38;25742;26491;+;231.0	29;17648;20296;+;314.1	42;28902;31724;+;394.4	21;13694;15115;+;91.5	29;17648;20296;+;97.8	19;12401;12967;+;188.1	34;22587;23225;+;70.6	36;23678;25504;+;271.0	45;33378;35540;+;374.1	24;15921;16436;+;96.7	45;33378;35540;+;72.1	A	9/9	contiguous	20977	1	1	31746..32234+;162;TraS;0
NZ_CP034238.1	-	-	282	0	0	GA	0															not_admitted	not_admitted	not_admitted	not_admitted	not_admitted	not_admitted	not_admitted	not_admitted	not_admitted	not_admitted	1	167;164672;165715;+;245.1	106;91859;93469;-;121.8	107;93481;94563;-;152.5	121;109360;112011;+;196.6	105;88014;91859;-;117.1	117;105632;107206;+;85.4	121;109360;112011;+;101.6	115;103679;104374;+;61.4	165;163105;164541;+;65.5	168;165799;171423;+;62.0	111;100115;101965;+;39.9	120;108619;109350;+;41.2	111;100115;101965;+;50.5	A	9/9	split_2	77785	1	1	87210..87914-;234;unnamed;1
NZ_CP034282.1	MPF_F	IncFIB(K);IncFII(K)	204	0	0	GA	0															not_admitted	not_admitted	not_admitted	not_admitted	not_admitted	not_admitted	not_admitted	not_admitted	not_admitted	not_admitted	1	178;166142;167131;+;363.3	189;172950;174317;+;382.2	185;170940;171692;+;236.4	174;162046;164685;+;259.0	190;174317;177160;+;342.9	163;156655;158079;+;88.8	174;162046;164685;+;87.6	161;155362;155928;+;167.9	180;167407;168054;+;65.9	181;168113;170068;+;259.5	194;179745;182057;+;392.8	166;158691;159275;+;53.8	194;179745;182057;+;65.9	A	9/9	contiguous	24383	1	1	177171..177695+;174;unnamed;0
NZ_CP034284.1	MPF_T	ColKP3;IncX3	65	0	0	GA	1	52;43342;43986;-;46.4	51;43068;43358;-;73.1	50;40290;43043;-;47.0	50;40290;43043;-;142.4	50;40290;43043;-;73.3	49;39510;40280;-;60.1	47;38176;39231;-;132.8		46;37253;37981;-;119.4	45;36318;37247;-;138.8	44;35107;36321;-;128.3	42;33877;34911;-;65.7	41;32039;33874;-;495.9		pfam	pfam_only	A	7/7	canonical	1	1	unscoreable	2	0	0														not_admitted	not_admitted	not_admitted	not_admitted	not_admitted	not_admitted	not_admitted
NZ_CP034287.1	-	-	123	0	0	GA	1	78;61700;62215;-;48.9	104;83404;83733;-;65.8	103;83079;83393;-;30.7	102;80624;83038;-;48.2	102;80624;83038;-;99.1	101;79869;80627;-;35.9	99;77601;78914;-;95.5		97;76709;77383;-;144.9	96;75828;76700;-;159.7	94;74157;75413;-;190.6	100;78911;79858;-;135.8	71;54859;56820;-;40.1		conjscan	conjscan_only	A	7/7	canonical	1	0	unscoreable	22	0	0														not_admitted	not_admitted	not_admitted	not_admitted	not_admitted	not_admitted	not_admitted
NZ_CP034288.1	-	-	78	0	0	GA	1	14;7714;8229;+;46.5	63;51968;52297;+;65.8	64;52308;52622;+;30.7	65;52663;55077;+;48.2	65;52663;55077;+;99.1	66;55074;55832;+;34.7	68;56787;58094;+;91.1		69;58124;58798;+;147.4	70;58807;59679;+;159.1	72;60094;61350;+;190.4	67;55843;56790;+;138.0			conjscan	conjscan_only	B	6/7	canonical	1	0	unscoreable	2	0	0														not_admitted	not_admitted	not_admitted	not_admitted	not_admitted	not_admitted	not_admitted
NZ_CP034291.1	-	-	113	0	0	GA	1	6;3835;4344;-;49.4	25;21316;21690;-;67.4	24;21011;21304;-;41.4	23;18603;21014;-;80.5	23;18603;21014;-;100.0	22;17840;18616;-;45.4	20;15826;17634;-;102.4		19;15165;15881;-;138.1	18;14215;15147;-;170.5	16;12505;13788;-;209.8	108;100988;101935;-;123.3	11;8256;10205;-;320.1		conjscan	conjscan_only	A	7/7	canonical	1	0	unscoreable	11	0	0														not_admitted	not_admitted	not_admitted	not_admitted	not_admitted	not_admitted	not_admitted
NZ_CP034292.1	-	-	91	0	0	GA	0															not_admitted	not_admitted	not_admitted	not_admitted	not_admitted	not_admitted	not_admitted	not_admitted	not_admitted	not_admitted	1	71;76800;77801;-;366.6	64;70806;72179;-;309.2	68;73140;73949;-;138.7	77;80309;82861;-;187.1	63;68080;70785;-;282.3	79;83258;84679;-;88.8	77;80309;82861;-;93.4	81;85404;85964;-;109.7	70;75881;76564;-;81.9	69;74115;75884;-;229.1	61;65342;67381;-;397.9	78;82866;83252;-;22.3	61;65342;67381;-;76.7	A	9/9	contiguous	20062	1	1	67547..67990-;147;unnamed;0
NZ_CP034293.1	-	-	84	0	0	GA	1	9;7096;7611;-;46.5	37;29995;30324;-;65.8	36;29670;29984;-;30.4	35;27215;29629;-;51.1	35;27215;29629;-;99.0	34;26460;27218;-;34.3	32;24198;25505;-;91.1		31;23494;24168;-;147.4	30;22613;23485;-;159.1	28;20942;22198;-;190.4	23;15182;16804;-;175.5			conjscan	conjscan_only	B	6/7	canonical	1	0	unscoreable	19	0	0														not_admitted	not_admitted	not_admitted	not_admitted	not_admitted	not_admitted	not_admitted
NZ_CP034296.1	-	-	112	0	0	GA	1	102;98398;98907;+;49.4	83;81052;81426;+;67.4	84;81438;81731;+;41.4	85;81728;84139;+;80.5	85;81728;84139;+;100.0	86;84126;84902;+;45.4	88;85108;86916;+;102.4		89;86861;87577;+;138.1	90;87595;88527;+;170.5	92;88954;90237;+;209.8	0;144;401;+;34.7	97;92537;94486;+;320.1		conjscan	conjscan_only	A	7/7	canonical	1	0	unscoreable	11	0	0														not_admitted	not_admitted	not_admitted	not_admitted	not_admitted	not_admitted	not_admitted
NZ_CP034297.1	-	-	87	0	0	GA	1	74;64362;64877;-;46.5	20;16017;16346;-;65.8	19;15692;16006;-;30.4	18;13237;15651;-;51.1	18;13237;15651;-;99.0	17;12482;13240;-;34.3	15;10220;11527;-;91.1		14;9516;10190;-;147.4	13;8635;9507;-;159.1	11;6964;8220;-;190.4	16;11524;12471;-;138.0			conjscan	conjscan_only	B	6/7	canonical	1	0	unscoreable	9	0	0														not_admitted	not_admitted	not_admitted	not_admitted	not_admitted	not_admitted	not_admitted
NZ_CP034300.1	-	-	115	0	0	GA	1	102;94150;94596;+;48.8	77;72573;72902;+;68.8	78;72913;73227;+;31.4	79;73267;75678;+;51.1	79;73267;75678;+;99.5	80;75675;76433;+;35.6	82;77388;78704;+;98.1		84;78922;79596;+;141.3	85;79605;80477;+;158.2	87;80892;82148;+;191.1	92;86279;87901;+;175.8	109;99824;101785;+;40.1		conjscan	conjscan_only	A	7/7	canonical	1	0	unscoreable	22	0	0														not_admitted	not_admitted	not_admitted	not_admitted	not_admitted	not_admitted	not_admitted
NZ_CP034301.1	MPF_F	-	210	0	0	GA	0															not_admitted	not_admitted	not_admitted	not_admitted	not_admitted	not_admitted	not_admitted	not_admitted	not_admitted	not_admitted	1	161;146257;147264;-;329.4	64;59564;61003;-;325.0	65;61005;62039;-;208.0	166;150043;152493;-;315.0	63;55919;59557;-;345.7	172;160384;161733;-;124.9	166;150043;152493;-;134.6	174;162677;163306;-;86.9	163;147962;149230;-;65.4	160;143281;146061;-;142.3	180;165652;167520;-;44.6	171;159836;160327;-;85.4	180;165652;167520;-;48.4	A	9/9	split_2	109733	0	1	
NZ_CP034302.1	MPF_F	-	120	0	0	GA	0															not_admitted	not_admitted	not_admitted	not_admitted	not_admitted	not_admitted	not_admitted	not_admitted	not_admitted	not_admitted	1	53;42245;43186;+;121.0			52;39519;42248;+;97.7	56;44775;46355;+;133.6						40;31026;33188;+;29.5		40;31026;33188;+;36.9	D	3/9	contiguous	13749	0	0	
NZ_CP034303.1	-	-	84	0	0	GA	1	21;15290;15805;-;52.3	48;37722;38051;-;59.9		46;34942;37356;-;53.1	46;34942;37356;-;97.9	45;34187;34945;-;32.5	43;31919;33232;-;99.2		42;31230;31904;-;144.1	41;30349;31221;-;158.5	39;28693;29934;-;191.1	34;22927;24549;-;175.7	13;8780;10741;-;39.6		conjscan	conjscan_only	A	7/7	canonical	1	0	unscoreable	26	0	0														not_admitted	not_admitted	not_admitted	not_admitted	not_admitted	not_admitted	not_admitted
NZ_CP034304.1	-	-	86	0	0	GA	1	35;31427;31942;+;46.5	7;8714;9043;+;65.8	8;9054;9368;+;30.4	9;9409;11823;+;51.1	9;9409;11823;+;99.0	10;11820;12578;+;34.3	12;13533;14840;+;91.1		13;14870;15544;+;147.4	14;15553;16425;+;159.1	16;16840;18096;+;190.4	21;22234;23856;+;175.5			conjscan	conjscan_only	B	6/7	canonical	1	0	unscoreable	19	0	0														not_admitted	not_admitted	not_admitted	not_admitted	not_admitted	not_admitted	not_admitted
NZ_CP034322.1	MPF_F	IncFII(K);IncFII(pAR0022);IncR	162	0	0	GA	0															not_admitted	not_admitted	not_admitted	not_admitted	not_admitted	not_admitted	not_admitted	not_admitted	not_admitted	not_admitted	1	125;103169;104158;+;366.6	135;109705;111072;+;384.1	131;107695;108447;+;233.7	121;99073;101712;+;258.5	136;111072;113894;+;346.4	114;94822;96246;+;89.3	121;99073;101712;+;88.7	112;93529;94095;+;169.3	126;104171;104809;+;66.9	127;104868;106823;+;259.4	140;116510;118822;+;393.1	115;96318;96902;+;54.7	140;116510;118822;+;66.6	A	9/9	contiguous	22981	1	1	113917..114519+;200;TraS;0
NZ_CP034329.1	-	-	140	0	0	GA	1	63;60360;61463;+;73.0	59;57124;57438;+;86.1	60;57505;57780;+;63.3	61;57770;60148;+;104.2	61;57770;60148;+;35.6	64;61460;62269;+;66.1	66;62776;63795;+;100.3		67;63828;64487;+;155.1	68;64484;65233;+;132.8	69;65235;66557;+;176.4	70;66557;67531;+;111.1	71;67596;69440;-;274.5		pfam	both	A	7/7	canonical	1	0	unscoreable	2	0	0														not_admitted	not_admitted	not_admitted	not_admitted	not_admitted	not_admitted	not_admitted
NZ_CP034365.1	MPF_T	IncX2	41	0	0	GA	1	10;5534;6175;+;51.7	11;6162;6452;+;67.7	12;6480;9239;+;47.8	12;6480;9239;+;142.5	12;6480;9239;+;71.8	13;9241;9978;+;58.0	15;10261;11316;+;131.2		18;11599;12327;+;118.7	19;12333;13262;+;130.5	20;13259;14476;+;127.6	21;14494;15531;+;68.8	22;15536;17371;+;529.0		pfam	pfam_only	A	7/7	canonical	1	1	unscoreable	3	0	0														not_admitted	not_admitted	not_admitted	not_admitted	not_admitted	not_admitted	not_admitted
NZ_CP034390.1	MPF_F	IncHI2;IncHI2A	284	0	0	GA	0															not_admitted	not_admitted	not_admitted	not_admitted	not_admitted	not_admitted	not_admitted	not_admitted	not_admitted	not_admitted	1	27;31211;32269;+;276.9	192;178039;179454;-;194.1	193;179444;180490;-;174.3	11;8955;11636;+;168.0	191;174077;178030;-;101.6	7;5270;6625;+;80.7	11;8955;11636;+;72.2	4;2758;3546;+;74.8	25;29558;31069;+;62.0	28;32288;35476;+;57.3	200;187532;189616;+;56.8	10;7996;8946;+;46.1	200;187532;189616;+;38.8	A	9/9	split_3	184774	1	1	172607..173896-;429;unnamed;0
NZ_CP034401.1	MPF_F	IncFIA;IncFIB(AP001918);IncFII(pAMA1167-NDM-5);IncQ1	152	0	0	GA	0															not_admitted	not_admitted	not_admitted	not_admitted	not_admitted	not_admitted	not_admitted	not_admitted	not_admitted	not_admitted	1	151;133853;134578;-;287.1	134;122987;123631;-;192.7	146;130004;130747;-;231.4	2;1243;3870;-;303.9	132;119443;122262;-;386.3	8;5755;7206;-;94.1	2;1243;3870;-;96.5	10;7921;8487;-;184.3	149;132871;133509;-;68.7	148;131024;132874;-;266.7	128;114987;117185;-;391.8	5;4386;4901;-;75.2	128;114987;117185;-;70.3	A	9/9	split_2	132610	1	1	118927..119418-;163;TraS;0
NZ_CP034403.1	MPF_T	IncN2	51	0	0	GA	1	13;7678;8460;+;33.2	15;8707;9003;+;36.0	16;9042;9359;+;71.9	17;9360;11933;+;118.0	17;9360;11933;+;74.2	18;11949;12650;+;98.9	20;12919;13956;+;121.9		21;14175;14870;+;127.6	22;14881;15768;+;142.7	23;15768;16907;+;172.5	24;16958;17959;+;90.1	39;32064;33596;-;46.3		pfam	both	A	7/7	canonical	1	0	unscoreable	2	0	0														not_admitted	not_admitted	not_admitted	not_admitted	not_admitted	not_admitted	not_admitted
NZ_CP034405.1	MPF_T	IncI2	82	0	0	GA	1	29;25257;25739;-;81.1		45;41333;41617;-;36.6	44;39096;41327;-;58.5	44;39096;41327;-;42.9	58;47065;47706;-;42.8	59;47712;48707;-;128.5		41;38072;38806;-;144.3	40;37305;38075;-;170.5	39;36176;37315;-;154.7	32;27507;29045;-;207.1	37;33128;35086;-;289.6		pfam	pfam_only	A	7/7	rearranged	1	0	unscoreable	19	1	0														not_admitted	not_admitted	not_admitted	not_admitted	not_admitted	not_admitted	not_admitted
NZ_CP034417.1	MPF_F	IncFII(pHN7A8);IncR	169	0	0	GA	0															not_admitted	not_admitted	not_admitted	not_admitted	not_admitted	not_admitted	not_admitted	not_admitted	not_admitted	not_admitted	1	66;51504;52496;+;369.5			63;47868;50495;+;301.8		58;44386;45813;+;94.1	63;47868;50495;+;101.8	56;43105;43671;+;183.8	69;53442;53972;+;68.4		63;47868;50495;+;20.8	62;46837;47352;+;77.6		D	5/9	contiguous	10337	0	0	
NZ_CP034431.1	MPF_T	-	198	0	0	GA	1		114;134324;134689;+;74.0	115;134682;134981;+;64.6	116;134991;137441;+;178.3	116;134991;137441;+;129.6	117;137413;138210;+;48.8	119;138410;139570;+;107.2		120;139596;140273;+;134.8	121;140270;141130;+;181.4	123;141597;142901;+;216.9	113;133366;134334;+;138.5			conjscan	conjscan_only	B	6/7	canonical	1	0	unscoreable	3	0	0														not_admitted	not_admitted	not_admitted	not_admitted	not_admitted	not_admitted	not_admitted
NZ_CP034472.1	-	-	192	0	0	GA	0															not_admitted	not_admitted	not_admitted	not_admitted	not_admitted	not_admitted	not_admitted	not_admitted	not_admitted	not_admitted	1	35;33419;34423;+;367.4	40;38107;39471;+;352.8	38;36770;37543;+;218.3	31;28957;31563;+;214.4	41;39474;42323;+;260.3	28;26712;28064;+;87.1	31;28957;31563;+;90.5	26;25432;26004;+;91.5	36;34434;34874;+;60.0	37;34924;36768;+;233.9	44;44029;46188;+;374.1	30;28395;28949;+;27.6	44;44029;46188;+;66.3	A	9/9	contiguous	18597	1	1	42329..42853+;174;unnamed;0
NZ_CP034473.1	MPF_F	-	92	0	0	GA	0															not_admitted	not_admitted	not_admitted	not_admitted	not_admitted	not_admitted	not_admitted	not_admitted	not_admitted	not_admitted	1	8;7711;8703;-;357.8	0;1419;2786;-;357.4	5;4434;5231;-;219.6	14;11435;14080;-;248.3		23;18175;19560;-;99.0	14;11435;14080;-;95.1	25;20299;20898;-;92.5	7;7072;7701;-;58.7	6;5231;7075;-;207.7	87;75795;78350;-;365.6	16;14297;14839;-;40.9	87;75795;78350;-;70.0	B	8/9	split_2	74376	0	1	
NZ_CP034477.1	-	-	193	0	0	GA	0															not_admitted	not_admitted	not_admitted	not_admitted	not_admitted	not_admitted	not_admitted	not_admitted	not_admitted	not_admitted	1	130;146639;147643;-;367.4	125;141591;142955;-;352.8	127;143519;144292;-;218.3	134;149499;152105;-;214.4	124;138739;141588;-;260.3	137;152998;154350;-;87.1	134;149499;152105;-;90.5	139;155058;155630;-;91.5	129;146188;146628;-;60.0	128;144294;146138;-;233.9	121;134874;137033;-;374.1	135;152113;152667;-;27.6	121;134874;137033;-;66.3	A	9/9	contiguous	20184	1	1	138209..138733-;174;unnamed;0
NZ_CP034478.1	MPF_F	-	91	0	0	GA	0															not_admitted	not_admitted	not_admitted	not_admitted	not_admitted	not_admitted	not_admitted	not_admitted	not_admitted	not_admitted	1	47;51311;52303;-;357.8	39;45019;46386;-;357.4	44;48034;48831;-;219.6	53;55035;57680;-;248.3	38;41979;45026;-;290.6	62;61775;63160;-;99.0	53;55035;57680;-;95.1	64;63899;64498;-;92.5	46;50672;51301;-;58.7	45;48831;50675;-;207.7	34;37104;39659;-;365.6	55;57897;58439;-;40.9	34;37104;39659;-;70.0	A	9/9	contiguous	26795	1	1	41404..41961-;185;unnamed;0
NZ_CP034480.1	MPF_F	IncFIB(S);IncFII(S);IncFII(pAR0022)	116	0	0	GA	0															not_admitted	not_admitted	not_admitted	not_admitted	not_admitted	not_admitted	not_admitted	not_admitted	not_admitted	not_admitted	1	41;38251;39243;-;366.7	32;31621;33003;-;392.4	35;34035;34784;-;231.0	44;40230;42878;-;314.1	31;28802;31624;-;394.4	52;45411;46832;-;91.5	44;40230;42878;-;97.8	54;47559;48125;-;188.1	39;37301;37939;-;70.6	37;35022;36848;-;271.0	28;24986;27148;-;374.1	49;44090;44605;-;96.7	28;24986;27148;-;72.1	A	9/9	contiguous	22573	1	1	28292..28780-;162;TraS;0
NZ_CP034567.1	-	-	75	0	0	GA	1	17;16752;17267;-;50.2	48;40213;40542;-;65.8	47;39888;40202;-;30.4	46;37432;39846;-;52.1	46;37432;39846;-;99.0	45;36677;37435;-;34.3	42;35140;35721;-;47.3		39;33741;34178;-;75.9	38;32608;33384;-;159.7	37;30933;32189;-;191.1	32;25170;26792;-;177.4	11;11124;13085;-;40.1		conjscan	conjscan_only	A	7/7	canonical	1	0	unscoreable	27	0	0														not_admitted	not_admitted	not_admitted	not_admitted	not_admitted	not_admitted	not_admitted
NZ_CP034568.1	-	-	98	0	0	GA	1	33;35863;36378;-;49.5	64;58374;58703;-;63.4	63;58049;58363;-;30.4	62;55594;58008;-;53.2	62;55594;58008;-;99.0	61;54839;55597;-;35.6	58;53064;53885;-;101.3		55;51676;52347;-;125.3	54;50791;51663;-;159.7	52;49120;50376;-;191.1	43;43320;44942;-;177.1	27;30011;31972;-;40.2		conjscan	conjscan_only	A	7/7	canonical	1	0	unscoreable	27	0	0														not_admitted	not_admitted	not_admitted	not_admitted	not_admitted	not_admitted	not_admitted
NZ_CP034571.1	-	-	80	0	0	GA	1	77;66273;66788;+;46.5	49;43560;43889;+;65.8	50;43900;44214;+;30.4	51;44255;46669;+;51.1	51;44255;46669;+;99.0	52;46666;47424;+;34.3	54;48379;49686;+;91.1		55;49716;50390;+;147.4	56;50399;51271;+;159.1	58;51686;52942;+;190.4	63;57080;58702;+;175.5			conjscan	conjscan_only	B	6/7	canonical	1	0	unscoreable	19	0	0														not_admitted	not_admitted	not_admitted	not_admitted	not_admitted	not_admitted	not_admitted
NZ_CP034591.1	MPF_T	IncX3	59	0	0	GA	1	33;25306;25950;+;46.4	34;25934;26224;+;73.1	35;26249;29002;+;47.0	35;26249;29002;+;142.4	35;26249;29002;+;73.3	36;29012;29782;+;60.1	38;30061;31116;+;133.2		39;31311;32039;+;119.4	40;32045;32974;+;138.8	41;32971;34185;+;128.3	43;34381;35415;+;65.7	44;35418;37253;+;495.9		pfam	pfam_only	A	7/7	canonical	1	1	unscoreable	2	0	0														not_admitted	not_admitted	not_admitted	not_admitted	not_admitted	not_admitted	not_admitted
NZ_CP034592.1	MPF_F	IncFII(pCoo)	87	0	0	GA	0															not_admitted	not_admitted	not_admitted	not_admitted	not_admitted	not_admitted	not_admitted	not_admitted	not_admitted	not_admitted	1	70;62452;63444;+;369.5	83;70277;71650;+;376.8	78;67968;68711;+;234.4	67;58816;61443;+;301.8	84;71647;74469;+;386.8	62;55334;56761;+;94.1	67;58816;61443;+;101.8	60;54053;54619;+;183.8	73;64390;65028;+;70.4	76;65841;67691;+;265.0	0;89;1705;+;348.0	66;57785;58300;+;78.0	0;89;1705;+;71.0	A	9/9	split_2	71558	1	1	74490..74987+;165;TraS;0
NZ_CP034651.1	MPF_T	-	56	0	0	GA	1	1;229;1131;+;37.7	46;36380;36757;+;71.2	47;36754;37053;+;50.8	48;37040;39709;+;64.9	48;37040;39709;+;85.3	49;39712;40374;+;70.7	52;41009;41875;+;148.7		53;41872;42546;+;92.1	54;42571;43353;+;201.1	55;43355;44575;+;174.4		5;5130;6704;-;70.5		pfam	both	B	6/7	canonical	1	0	unscoreable	5	0	0														not_admitted	not_admitted	not_admitted	not_admitted	not_admitted	not_admitted	not_admitted
NZ_CP034656.1	MPF_T	-	59	0	0	GA	1	44;30971;31561;+;63.9	1;425;739;+;79.0	2;741;1007;+;36.2	3;1072;3633;+;34.6	3;1072;3633;+;111.0	4;3652;4431;+;55.4	6;4999;6477;+;85.8		7;6484;7194;+;130.8	8;7221;8213;+;167.7	9;8229;9581;+;214.6	52;41604;42605;+;113.6	46;34821;36872;+;346.6		conjscan	conjscan_only	A	7/7	canonical	1	0	unscoreable	10	0	0														not_admitted	not_admitted	not_admitted	not_admitted	not_admitted	not_admitted	not_admitted
NZ_CP034659.1	MPF_F	IncHI1A;IncHI1B(R27);IncY	491	0	0	GA	0															not_admitted	not_admitted	not_admitted	not_admitted	not_admitted	not_admitted	not_admitted	not_admitted	not_admitted	not_admitted	1	203;180880;181932;-;277.6	322;297135;298550;+;201.5	321;296099;297145;+;172.2	240;226542;229223;-;160.6	323;298559;302548;+;102.8	244;231571;232929;-;84.0	240;226542;229223;-;76.5	247;234596;235381;-;68.7	205;182077;183585;-;65.6	202;177681;180857;-;58.9	315;287080;289164;-;50.2	241;229232;230182;-;45.2	315;287080;289164;-;36.5	A	9/9	split_3	120878	0	1	
NZ_CP034681.1	MPF_F	IncFIB(pNDM-Mar);IncHI1B(pNDM-MAR)	321	0	0	GA	0															not_admitted	not_admitted	not_admitted	not_admitted	not_admitted	not_admitted	not_admitted	not_admitted	not_admitted	not_admitted	1	251;229457;230494;-;282.3	69;53073;54482;+;190.4	68;52046;53083;+;176.7	263;241326;244043;-;149.6	70;54484;58398;+;120.2	267;246156;247526;-;65.6	263;241326;244043;-;85.2	270;249172;250032;-;78.1	252;230491;231852;-;69.9	250;226265;229447;-;60.1	61;42738;44864;-;57.7	264;244088;244825;-;56.9	61;42738;44864;-;41.0	A	9/9	split_2	206434	0	1	
NZ_CP034720.1	MPF_F	IncFIB(S);IncFII(S);IncFII(pAR0022)	116	0	0	GA	0															not_admitted	not_admitted	not_admitted	not_admitted	not_admitted	not_admitted	not_admitted	not_admitted	not_admitted	not_admitted	1	41;38323;39315;-;366.7	32;31693;33075;-;392.4	35;34107;34856;-;231.0	44;40302;42950;-;314.1	31;28874;31696;-;394.4	52;45483;46904;-;91.5	44;40302;42950;-;97.8	54;47631;48197;-;188.1	39;37373;38011;-;70.6	37;35094;36920;-;271.0	28;24986;27220;-;374.0	49;44162;44677;-;96.7	28;24986;27220;-;72.0	A	9/9	contiguous	22645	1	1	28364..28852-;162;TraS;0
NZ_CP034739.1	MPF_F	IncFIB(AP001918);IncFII	150	0	0	GA	0															not_admitted	not_admitted	not_admitted	not_admitted	not_admitted	not_admitted	not_admitted	not_admitted	not_admitted	not_admitted	1	124;124686;125678;-;369.3	113;117263;118636;-;381.0	118;120226;120969;-;235.0	127;126687;129314;-;304.6	112;114444;117266;-;389.2	133;131466;132893;-;94.3	127;126687;129314;-;99.2	135;133608;134174;-;183.8	121;123051;123689;-;68.6	120;121246;123054;-;268.0	109;110721;112910;-;391.6	129;129830;130345;-;78.4	109;110721;112910;-;70.4	A	9/9	contiguous	22887	1	1	113926..114423-;165;TraS;0
NZ_CP034744.1	MPF_T	IncX3	57	0	0	GA	1	21;13741;14385;+;46.4	22;14369;14659;+;73.1	23;14684;17437;+;47.0	23;14684;17437;+;142.4	23;14684;17437;+;73.3	24;17447;18217;+;60.1	26;18496;19551;+;133.2		27;19746;20474;+;119.4	28;20480;21409;+;138.8	29;21406;22620;+;128.3	31;22816;23850;+;65.7	32;23853;25688;+;495.9		pfam	pfam_only	A	7/7	canonical	1	1	unscoreable	2	0	0														not_admitted	not_admitted	not_admitted	not_admitted	not_admitted	not_admitted	not_admitted
NZ_CP034756.1	MPF_F	IncFIB(pB171);IncFII(Yp);IncFII(pAR0022)	124	1	0	GA	1	65;58482;58958;+;78.8			13;9821;12532;+;78.0	13;9821;12532;+;57.1	14;12529;13170;+;71.2					57;52913;54307;-;89.4		36;33824;36034;-;27.3	46;43779;45632;-;260.5	pfam	both	D	3/7	uncallable	0	0	unscoreable	26	0	1	48;46275;47261;-;369.4	40;40192;41562;-;376.7	44;42779;43528;-;218.2	51;48255;50885;-;285.5	39;37370;40192;-;336.5	57;52913;54307;-;89.4	51;48255;50885;-;98.6	59;55024;55590;-;169.9	47;45629;46258;-;66.9	46;43779;45632;-;260.5	36;33824;36034;-;384.8	56;52352;52891;-;67.5	36;33824;36034;-;63.9	A	9/9	contiguous	21200	1	1	36917..37348-;143;TraS;0
NZ_CP034768.1	MPF_F	IncFII(pECLA);repE(pEh60-7)	137	0	0	GA	0															not_admitted	not_admitted	not_admitted	not_admitted	not_admitted	not_admitted	not_admitted	not_admitted	not_admitted	not_admitted	1	75;51720;52718;+;360.7	84;57982;59346;+;366.6	78;55208;55990;+;212.9	67;45716;48325;+;219.5	85;59346;62627;+;304.6	58;40327;41736;+;95.4	67;45716;48325;+;100.5	56;38997;39578;+;94.6	76;52729;53352;+;63.4	77;53349;55211;+;213.2	89;64847;67414;+;365.0	65;44914;45468;+;44.1	89;64847;67414;+;76.8	A	9/9	contiguous	25850	1	1	62636..63349+;237;unnamed;0
NZ_CP034777.1	MPF_F	IncFII(K);repB(R1701)	126	0	0	GA	0															not_admitted	not_admitted	not_admitted	not_admitted	not_admitted	not_admitted	not_admitted	not_admitted	not_admitted	not_admitted	1	97;79581;80570;+;366.0	108;87127;88497;+;380.7	103;84107;84859;+;230.7	93;75499;78138;+;258.5	109;88497;91340;+;346.5	85;70818;72242;+;89.2	93;75499;78138;+;88.7	83;69525;70091;+;169.3	98;80583;81221;+;66.9	99;81280;83235;+;259.7	114;94990;97272;+;394.1	86;72356;72940;+;55.4	114;94990;97272;+;65.8	A	9/9	contiguous	25465	1	1	91351..91875+;174;unnamed;0
NZ_CP034781.1	MPF_T	-	50	0	0	GA	1	1;902;1858;-;25.8	12;10752;11213;-;70.0	11;10456;10755;-;37.3	10;7785;10469;-;70.7	10;7785;10469;-;81.5	9;7099;7788;-;72.8	6;5627;6487;-;120.4		5;4962;5627;-;70.4	4;4157;4936;-;175.4	3;2880;4154;-;150.6	2;1842;2870;-;98.2	45;40403;41953;+;63.4		pfam	both	A	7/7	canonical	1	0	unscoreable	2	0	0														not_admitted	not_admitted	not_admitted	not_admitted	not_admitted	not_admitted	not_admitted
NZ_CP034785.1	MPF_F	IncHI2;IncHI2A	256	0	0	GA	0															not_admitted	not_admitted	not_admitted	not_admitted	not_admitted	not_admitted	not_admitted	not_admitted	not_admitted	not_admitted	1	199;169534;170592;-;276.9	70;52298;53713;+;194.1	69;51262;52308;+;174.3	217;191234;193915;-;168.0	71;53722;57675;+;101.6	221;196245;197600;-;80.7	217;191234;193915;-;72.2	224;199324;200112;-;74.8	201;170734;172245;-;62.0	198;166327;169515;-;57.3	62;42138;44222;-;56.8	218;193924;194874;-;46.1	62;42138;44222;-;38.8	A	9/9	split_3	157186	1	1	57856..58443+;195;unnamed;0
NZ_CP034788.1	MPF_F	IncHI2;IncHI2A;IncN	283	0	0	GA	0															not_admitted	not_admitted	not_admitted	not_admitted	not_admitted	not_admitted	not_admitted	not_admitted	not_admitted	not_admitted	1	230;194577;195635;-;276.9	60;45581;46996;+;194.1	59;44545;45591;+;174.3	246;215207;217888;-;168.0	61;47005;50958;+;101.7	250;220218;221573;-;79.5	246;215207;217888;-;72.2	253;223297;224085;-;74.8	232;195777;197288;-;62.0	229;191370;194558;-;57.3	52;35419;37503;-;56.8	247;217897;218847;-;46.1	52;35419;37503;-;38.8	A	9/9	split_2	187878	1	1	51139..52428+;429;unnamed;0
NZ_CP034798.1	MPF_T	IncI2(Delta)	61	0	0	GA	1	59;39986;40468;+;81.1	44;24233;24523;+;28.9	45;24630;24914;+;36.5	46;24920;27277;+;60.7	46;24920;27277;+;44.0	36;19379;20020;+;42.9	35;18378;19373;+;128.5		48;27443;28177;+;143.0	49;28174;28944;+;170.5	50;28934;30073;+;154.7	56;36679;38217;+;208.0	52;31163;33121;+;288.2		pfam	pfam_only	A	7/7	rearranged	1	0	unscoreable	12	1	0														not_admitted	not_admitted	not_admitted	not_admitted	not_admitted	not_admitted	not_admitted
NZ_CP034812.1	-	-	172	0	0	GA	1	90;86375;87577;-;86.1	94;90433;90753;-;81.5	93;90149;90427;-;78.7	92;87781;90159;-;76.2	92;87781;90159;-;39.7	89;85585;86373;-;51.5	83;80160;81221;-;105.7		88;84878;85576;-;141.0	87;84168;84881;-;150.7	86;82768;84171;-;183.4	85;81755;82765;-;107.0	81;77676;79721;+;271.3		pfam	pfam_only	A	7/7	canonical	1	0	unscoreable	3	0	0														not_admitted	not_admitted	not_admitted	not_admitted	not_admitted	not_admitted	not_admitted
NZ_CP034814.1	-	-	84	0	0	GA	1	17;14275;15411;+;80.5	13;11135;11455;+;83.4	14;11460;11738;+;75.5	15;11728;14124;+;73.9	15;11728;14124;+;52.0	18;15414;16217;+;56.1	24;20436;21476;+;105.3		19;16217;16873;+;124.4	20;16870;17565;+;145.5	21;17562;18998;+;182.4	22;18998;19984;+;98.9	25;21540;23702;-;276.3		pfam	pfam_only	A	7/7	canonical	1	0	unscoreable	2	0	0														not_admitted	not_admitted	not_admitted	not_admitted	not_admitted	not_admitted	not_admitted
NZ_CP034820.1	MPF_F	IncHI2;IncHI2A	195	0	0	GA	0															not_admitted	not_admitted	not_admitted	not_admitted	not_admitted	not_admitted	not_admitted	not_admitted	not_admitted	not_admitted	1	63;60703;61761;-;276.9			79;81333;84014;-;168.0		83;86344;87699;-;80.7	79;81333;84014;-;72.2	86;89423;90211;-;74.8	65;61903;63414;-;62.0	62;57496;60684;-;57.3		80;84023;84973;-;46.1		C	6/9	contiguous	31927	0	1	
NZ_CP034832.1	MPF_F	IncHI2;IncHI2A	229	0	0	GA	0															not_admitted	not_admitted	not_admitted	not_admitted	not_admitted	not_admitted	not_admitted	not_admitted	not_admitted	not_admitted	1	189;166054;166851;-;203.4	68;57008;57859;+;148.3	67;55972;57018;+;174.3	205;186413;189094;-;168.0		209;191424;192779;-;80.7	205;186413;189094;-;72.2	212;194503;195291;-;74.8	191;166993;168504;-;62.0	124;105839;109027;+;57.3	60;46846;48930;-;56.8	206;189103;190053;-;46.1	60;46846;48930;-;38.8	B	8/9	split_3	147657	0	1	
NZ_CP034833.1	MPF_T	IncX4	41	0	0	GA	1	14;7795;8415;+;41.6	15;8429;8755;+;64.4	16;8774;11521;+;63.8	16;8774;11521;+;151.8	16;8774;11521;+;46.1	17;11533;12249;+;94.2	18;12261;13355;+;150.1		20;13870;14556;+;169.0	21;14553;15461;+;142.4	22;15454;16572;+;163.9	23;16574;17602;+;85.0	24;17634;19451;+;314.8		pfam	pfam_only	A	7/7	canonical	1	1	unscoreable	1	0	0														not_admitted	not_admitted	not_admitted	not_admitted	not_admitted	not_admitted	not_admitted
NZ_CP034904.1	-	-	169	0	0	GA	1	64;61509;62084;+;26.7		66;62316;62633;+;55.8	67;62626;65142;+;94.0	67;62626;65142;+;37.0	68;65139;65891;+;93.5	70;66442;67461;+;62.9		72;67642;68403;+;48.1	73;68400;69368;+;82.7	74;69365;70426;+;115.8	45;42023;43192;+;77.0	76;71334;73133;+;237.3		pfam	pfam_only	A	7/7	canonical	1	0	unscoreable	3	0	0														not_admitted	not_admitted	not_admitted	not_admitted	not_admitted	not_admitted	not_admitted
NZ_CP034911.1	MPF_T	-	475	0	0	GA	1	172;156995;158215;+;73.4	378;367066;367365;-;93.3	377;366724;367062;-;105.6	376;364365;366731;-;176.4	376;364365;366731;-;104.7	375;363667;364365;-;202.6	373;362501;363433;-;166.6		371;361536;362207;-;214.2	370;360688;361539;-;186.3	369;359500;360672;-;180.0	368;358469;359491;-;112.5	342;334365;336278;+;333.3		pfam	both	A	7/7	canonical	1	0	unscoreable	2	0	0														not_admitted	not_admitted	not_admitted	not_admitted	not_admitted	not_admitted	not_admitted
NZ_CP034923.1	-	-	39	0	0	GA	1	37;31957;32712;-;47.9	36;31407;31808;-;72.0	35;31065;31403;-;80.6	34;28676;31072;-;166.0	34;28676;31072;-;94.7	33;27945;28721;-;130.3	31;26427;27491;-;112.1		29;25407;26129;-;143.9	28;24562;25410;-;173.7	27;23333;24565;-;167.9	26;22305;23333;-;92.4	25;20114;22291;-;326.9		pfam	both	A	7/7	canonical	1	0	unscoreable	2	0	0														not_admitted	not_admitted	not_admitted	not_admitted	not_admitted	not_admitted	not_admitted
NZ_CP034932.1	MPF_F	IncFII	80	0	0	GA	0															not_admitted	not_admitted	not_admitted	not_admitted	not_admitted	not_admitted	not_admitted	not_admitted	not_admitted	not_admitted	1	53;49487;50479;-;369.5	43;42335;43708;-;381.7	48;45638;46381;-;234.4	56;51488;54118;-;304.1	42;39516;42338;-;374.0	63;57117;58568;-;94.2	56;51488;54118;-;97.1	65;59283;59849;-;174.3	51;48505;49143;-;68.6	50;46658;48508;-;266.1	38;35010;37244;-;391.1	60;55742;56257;-;78.4	38;35010;37244;-;70.3	A	9/9	contiguous	24273	1	1	39015..39494-;159;TraS;0
NZ_CP034939.1	MPF_F	-	123	0	0	GA	0															not_admitted	not_admitted	not_admitted	not_admitted	not_admitted	not_admitted	not_admitted	not_admitted	not_admitted	not_admitted	1	63;57127;58125;-;362.4	56;51172;52536;-;362.2	60;53872;54663;-;209.6	69;60483;63077;-;228.4	54;47474;51040;-;287.0	73;64756;66156;-;87.6	69;60483;63077;-;112.5	75;66903;67493;-;70.2	62;56498;57118;-;65.2	61;54660;56501;-;224.2	50;41467;43962;-;354.3	71;63594;64157;-;41.7	50;41467;43962;-;64.4	A	9/9	contiguous	25436	1	1	46806..47465-;219;unnamed;0
NZ_CP034957.1	MPF_T	IncX3	59	0	0	GA	1	41;30143;30787;+;46.4	42;30771;31061;+;73.1	43;31086;33839;+;47.0	43;31086;33839;+;142.4	43;31086;33839;+;73.3	44;33849;34619;+;60.1	46;34898;35953;+;133.2		47;36148;36876;+;119.4	48;36882;37811;+;138.8	49;37808;39022;+;128.3	51;39218;40252;+;65.7	52;40255;42090;+;495.9		pfam	pfam_only	A	7/7	canonical	1	1	unscoreable	2	0	0														not_admitted	not_admitted	not_admitted	not_admitted	not_admitted	not_admitted	not_admitted
NZ_CP034964.1	MPF_F	IncFII	102	0	0	GA	0															not_admitted	not_admitted	not_admitted	not_admitted	not_admitted	not_admitted	not_admitted	not_admitted	not_admitted	not_admitted	1	78;61889;62881;+;369.5	88;68660;70033;+;380.5	83;65987;66730;+;234.4	75;58250;60880;+;304.1	89;70030;72852;+;374.0	68;53800;55251;+;94.2	75;58250;60880;+;97.1	66;52519;53085;+;174.3	80;63225;63863;+;68.6	81;63860;65710;+;266.1	93;75124;77358;+;391.1	71;56111;56626;+;78.4	93;75124;77358;+;70.3	A	9/9	contiguous	22605	1	1	72874..73353+;159;TraS;0
NZ_CP034965.1	MPF_T	IncX3	58	0	0	GA	1	53;42560;43204;-;46.4	52;42286;42576;-;73.1	51;39508;42261;-;47.0	51;39508;42261;-;142.4	51;39508;42261;-;73.3	50;38728;39498;-;60.1	48;37394;38449;-;133.2		47;36471;37199;-;119.4	46;35536;36465;-;138.8	45;34325;35539;-;128.3	43;33095;34129;-;65.7	42;31257;33092;-;495.9		pfam	pfam_only	A	7/7	canonical	1	1	unscoreable	2	0	0														not_admitted	not_admitted	not_admitted	not_admitted	not_admitted	not_admitted	not_admitted
NZ_CP034999.1	MPF_T	-	662	0	0	GA	1	199;189060;189728;-;22.4	198;188764;189063;-;92.6	197;188420;188758;-;101.2	196;186061;188427;-;172.4	196;186061;188427;-;112.1	195;185363;186064;-;203.7	193;184198;185130;-;170.2		191;183204;183875;-;212.2	190;182350;183207;-;187.0	189;181166;182341;-;178.7	188;180129;181157;-;107.9	175;169646;171565;+;335.8		pfam	both	A	7/7	canonical	1	0	unscoreable	14	0	0														not_admitted	not_admitted	not_admitted	not_admitted	not_admitted	not_admitted	not_admitted
NZ_CP035001.1	MPF_T	-	688	0	0	GA	1	484;487256;487897;-;26.1	483;486942;487241;-;90.9	482;486598;486936;-;102.9	481;484239;486497;-;177.5	481;484239;486497;-;98.6	480;483541;484239;-;199.5	478;482375;483307;-;162.7		476;481379;482050;-;207.6	475;480528;481382;-;186.2	474;479346;480518;-;176.3	669;691390;693288;-;188.7			pfam	both	B	6/7	canonical	1	0	unscoreable	10	0	0														not_admitted	not_admitted	not_admitted	not_admitted	not_admitted	not_admitted	not_admitted
NZ_CP035015.1	MPF_T	rep38	40	0	0	GA	1				33;29841;31856;-;23.6									28;24302;25813;-;465.4		none	none	D	2/7	uncallable	0	0	unscoreable	4	0	0														not_admitted	not_admitted	not_admitted	not_admitted	not_admitted	not_admitted	not_admitted
NZ_CP035038.1	MPF_T	-	2235	0	0	GA	1		1379;1481395;1481694;-;89.2	1378;1481049;1481390;-;109.4	1377;1478675;1481056;-;166.8	1377;1478675;1481056;-;107.8	1376;1477977;1478675;-;211.3	1374;1476806;1477741;-;160.1		1372;1475818;1476489;-;210.8	1371;1474964;1475818;-;183.5	1370;1473809;1474954;-;176.1	1276;1368137;1369561;+;216.5	1356;1460792;1462702;+;310.9		pfam	both	A	7/7	canonical	1	0	unscoreable	2	0	0														not_admitted	not_admitted	not_admitted	not_admitted	not_admitted	not_admitted	not_admitted
NZ_CP035039.1	MPF_T	-	623	0	0	GA	1		554;496662;497045;-;73.0	553;496370;496669;-;65.3	550;492594;494756;-;170.9	552;496126;496359;-;44.5	549;491819;492622;-;39.4	547;490456;491631;-;113.3		546;489770;490432;-;126.7	545;488940;489752;-;180.8	543;487423;488478;-;115.9	555;497035;498012;-;122.6	607;537904;539550;+;271.1		conjscan	conjscan_only	A	7/7	canonical	1	0	unscoreable	4	0	0														not_admitted	not_admitted	not_admitted	not_admitted	not_admitted	not_admitted	not_admitted
NZ_CP035047.1	MPF_F	-	104	0	0	GA	0															not_admitted	not_admitted	not_admitted	not_admitted	not_admitted	not_admitted	not_admitted	not_admitted	not_admitted	not_admitted	1	91;58948;59991;+;369.2	96;63974;65401;+;325.8	94;62760;63572;+;219.1	87;54660;57386;+;164.6	97;65417;68419;+;208.7	83;51662;52978;+;102.7	87;54660;57386;+;108.4	81;50371;50949;+;83.7	92;60006;60713;+;107.6	93;60710;62767;+;91.0	59;34426;36585;+;381.3	86;54006;54650;+;41.9	59;34426;36585;+;90.0	A	9/9	contiguous	30991	1	1	68491..69009+;172;unnamed;0
NZ_CP035052.1	MPF_F	-	104	0	0	GA	0															not_admitted	not_admitted	not_admitted	not_admitted	not_admitted	not_admitted	not_admitted	not_admitted	not_admitted	not_admitted	1	91;58948;59991;+;369.2	96;63974;65401;+;325.8	94;62760;63572;+;219.1	87;54660;57386;+;164.6	97;65417;68419;+;208.7	83;51662;52978;+;102.7	87;54660;57386;+;108.4	81;50371;50949;+;83.7	92;60006;60713;+;107.6	93;60710;62767;+;91.0	59;34426;36585;+;381.3	86;54006;54650;+;41.9	59;34426;36585;+;90.0	A	9/9	contiguous	30991	1	1	68491..69009+;172;unnamed;0
NZ_CP035124.1	MPF_F	IncFIA;IncFIB(AP001918);IncFII;IncFII(K);IncQ1;repB(R1701)	271	0	0	GA	0															not_admitted	not_admitted	not_admitted	not_admitted	not_admitted	not_admitted	not_admitted	not_admitted	not_admitted	not_admitted	1	22;23924;24913;-;366.6	12;17010;18377;-;384.0	16;19635;20387;-;233.3	26;26356;28995;-;258.5	11;14161;17010;-;346.4	33;32188;33612;-;89.2	26;26356;28995;-;88.2	35;34339;34905;-;169.3	21;23273;23911;-;66.9	20;21259;23214;-;259.7	7;9387;11699;-;393.1	32;31490;32074;-;53.6	7;9387;11699;-;66.6	A	9/9	contiguous	24952	1	1	13625..14158-;177;unnamed;0
NZ_CP035125.1	MPF_T	IncX3	58	0	0	GA	1	28;26103;26747;-;46.4	27;25829;26119;-;73.1	26;23051;25804;-;47.0	26;23051;25804;-;142.4	26;23051;25804;-;73.3	25;22271;23041;-;60.1	23;20937;21992;-;133.2		22;20014;20742;-;119.4	21;19079;20008;-;138.8	20;17868;19082;-;128.3	18;16638;17672;-;65.7	17;14800;16635;-;495.9		pfam	pfam_only	A	7/7	canonical	1	1	unscoreable	2	0	0														not_admitted	not_admitted	not_admitted	not_admitted	not_admitted	not_admitted	not_admitted
NZ_CP035132.1	MPF_T	-	45	0	0	GA	1				6;3409;5427;+;25.4									12;9449;10978;+;464.9		none	none	D	2/7	uncallable	0	0	unscoreable	5	0	0														not_admitted	not_admitted	not_admitted	not_admitted	not_admitted	not_admitted	not_admitted
NZ_CP035140.1	MPF_T	-	42	0	0	GA	1				17;10245;12260;+;24.9									24;16622;17914;+;372.2		none	none	D	2/7	uncallable	0	0	unscoreable	5	0	0														not_admitted	not_admitted	not_admitted	not_admitted	not_admitted	not_admitted	not_admitted
NZ_CP035148.1	MPF_T	-	100	0	0	GA	1				79;82913;84931;+;24.5									85;88953;90482;+;464.3		none	none	D	2/7	uncallable	0	0	unscoreable	5	0	0														not_admitted	not_admitted	not_admitted	not_admitted	not_admitted	not_admitted	not_admitted
NZ_CP035152.1	MPF_T	-	68	0	0	GA	1				42;40553;42568;+;25.6									48;46593;48146;+;463.2		none	none	D	2/7	uncallable	0	0	unscoreable	5	0	0														not_admitted	not_admitted	not_admitted	not_admitted	not_admitted	not_admitted	not_admitted
NZ_CP035176.1	MPF_T	-	59	0	0	GA	1				52;53579;55594;-;23.2									46;48028;49557;-;464.9		none	none	D	2/7	uncallable	0	0	unscoreable	5	0	0														not_admitted	not_admitted	not_admitted	not_admitted	not_admitted	not_admitted	not_admitted
NZ_CP035177.1	MPF_T	-	29	0	0	GA	1				16;15508;17526;-;24.7									10;9937;11481;-;463.2		none	none	D	2/7	uncallable	0	0	unscoreable	5	0	0														not_admitted	not_admitted	not_admitted	not_admitted	not_admitted	not_admitted	not_admitted
NZ_CP035195.1	MPF_T	IncP1	74	0	0	GA	1		14;14325;14708;-;68.7	13;13996;14322;-;50.6	12;11456;13999;-;94.8	12;11456;13999;-;107.0	7;7210;7980;-;104.8	6;5460;7019;-;113.8		11;10752;11459;-;91.8	10;9846;10736;-;152.4	8;7993;9387;-;224.7	15;14822;15778;-;134.8	43;34112;36058;+;442.7		conjscan	conjscan_only	A	7/7	canonical	1	0	unscoreable	2	0	0														not_admitted	not_admitted	not_admitted	not_admitted	not_admitted	not_admitted	not_admitted
NZ_CP035200.1	MPF_T	IncFII(pMET)	42	0	0	GA	1	12;12366;13076;+;47.6	13;13073;13378;+;73.6	14;13391;16129;+;49.1	14;13391;16129;+;150.6	14;13391;16129;+;32.2	15;16147;16851;+;143.1	17;17100;18176;+;170.4		19;18398;19081;+;196.5	20;19081;19986;+;153.8	21;20030;21298;+;147.1	22;21288;22313;+;66.1	26;24166;25902;+;46.4		pfam	pfam_only	A	7/7	canonical	1	1	unscoreable	5	0	0														not_admitted	not_admitted	not_admitted	not_admitted	not_admitted	not_admitted	not_admitted
NZ_CP035204.1	MPF_F	IncFII(K);IncFII(pAR0022);repB(R1701)	176	0	0	GA	0															not_admitted	not_admitted	not_admitted	not_admitted	not_admitted	not_admitted	not_admitted	not_admitted	not_admitted	not_admitted	1	68;64091;65080;-;366.6	58;57177;58544;-;383.7	62;59802;60554;-;233.7	72;66534;69176;-;258.5	57;54328;57177;-;346.4	80;72371;73795;-;89.1	72;66534;69176;-;88.2	82;74522;75088;-;169.3	67;63440;64078;-;66.9	66;61426;63381;-;259.4	53;49554;51866;-;393.2	79;71673;72257;-;54.3	53;49554;51866;-;65.8	A	9/9	contiguous	24968	1	1	53792..54325-;177;unnamed;0
NZ_CP035211.1	MPF_F	IncFIB(K);IncFII(K)	140	0	0	GA	0															not_admitted	not_admitted	not_admitted	not_admitted	not_admitted	not_admitted	not_admitted	not_admitted	not_admitted	not_admitted	1	98;102582;103574;-;366.6	88;95761;97131;-;381.2	92;98333;99085;-;232.4	101;104600;107239;-;258.7	87;92912;95761;-;344.2	110;110642;112066;-;84.2	101;104600;107239;-;88.8	112;112793;113359;-;168.4	97;101931;102569;-;67.0	96;99928;101934;-;259.0	83;88789;91098;-;391.5	109;109872;110429;-;53.2	83;88789;91098;-;65.8	A	9/9	contiguous	24004	1	1	92379..92909-;176;unnamed;0
NZ_CP035215.1	-	pKPC-CAV1321	421	0	0	GA	0															not_admitted	not_admitted	not_admitted	not_admitted	not_admitted	not_admitted	not_admitted	not_admitted	not_admitted	not_admitted	1	368;309938;311005;+;276.8	406;337834;339273;+;253.3	405;336737;337837;+;197.1	364;305344;307830;+;224.0	407;339288;342731;+;242.3	360;300708;302105;+;109.8	364;305344;307830;+;120.6	358;298801;299427;+;86.7	367;308628;309941;+;40.5	409;343168;345825;+;138.1	352;294277;296247;+;22.1	361;302102;302668;+;72.5	352;294277;296247;+;33.6	A	9/9	split_2	48891	0	1	
NZ_CP035216.1	MPF_F	IncFIB(K);IncFII(K);IncFII(pAR0022)	251	0	0	GA	0															not_admitted	not_admitted	not_admitted	not_admitted	not_admitted	not_admitted	not_admitted	not_admitted	not_admitted	not_admitted	1	51;55626;56615;-;366.6	41;48712;50079;-;380.5	45;51337;52089;-;233.7	55;58069;60711;-;258.4	40;45863;48712;-;346.9	63;63915;65339;-;89.2	55;58069;60711;-;88.2	65;66066;66632;-;169.3	50;54975;55613;-;66.9	49;52961;54916;-;259.7	34;39892;42204;-;393.1	62;63217;63801;-;54.3	34;39892;42204;-;66.6	A	9/9	contiguous	26174	1	1	45330..45860-;176;unnamed;0
NZ_CP035277.1	MPF_F	IncFIB(pB171);IncFII(Yp);IncFII(pAR0022)	227	0	0	GA	0															not_admitted	not_admitted	not_admitted	not_admitted	not_admitted	not_admitted	not_admitted	not_admitted	not_admitted	not_admitted	1	166;156905;157891;-;368.4	158;150822;152192;-;376.7	162;153409;154158;-;218.2	169;158885;161515;-;285.5	157;148000;150822;-;336.5	175;163543;164937;-;90.9	169;158885;161515;-;98.6	177;165654;166220;-;169.9	165;156259;156888;-;66.9	164;154409;156262;-;257.4	154;144454;146664;-;384.8	174;162982;163521;-;64.9	154;144454;146664;-;63.9	A	9/9	contiguous	21200	1	1	147547..147978-;143;TraS;0
NZ_CP035285.1	-	-	125	0	0	GA	1	95;79661;80281;-;79.3	94;79327;79647;-;57.8	93;79049;79327;-;39.8	92;76681;79056;-;70.6	92;76681;79056;-;47.1	89;74604;75395;-;54.0	87;72981;74021;-;92.9		86;72258;72941;-;148.9	85;71530;72261;-;153.5	84;70181;71515;-;178.2	80;66669;67448;-;105.5	78;63532;65484;-;309.0		pfam	both	A	7/7	canonical	1	0	unscoreable	6	0	0														not_admitted	not_admitted	not_admitted	not_admitted	not_admitted	not_admitted	not_admitted
NZ_CP035287.1	MPF_T	-	1675	0	0	GA	1	358;360497;361261;+;96.8	382;380276;380605;+;91.0	383;380605;380886;+;32.2	384;380897;383407;+;37.0	384;380897;383407;+;134.0	385;383404;384186;+;237.8	387;384494;385852;+;193.7		388;385849;386538;+;227.9	389;386535;387563;+;211.2	390;387560;388687;+;224.4	381;379281;380279;+;122.1	360;363269;365254;+;352.4		conjscan	conjscan_only	A	7/7	canonical	1	0	unscoreable	3	0	0														not_admitted	not_admitted	not_admitted	not_admitted	not_admitted	not_admitted	not_admitted
NZ_CP035302.1	MPF_F	IncFIB(S);IncFII(S);IncFII(pAR0022)	118	0	0	GA	0															not_admitted	not_admitted	not_admitted	not_admitted	not_admitted	not_admitted	not_admitted	not_admitted	not_admitted	not_admitted	1	56;48736;49728;-;366.7	47;42106;43488;-;392.4	50;44520;45269;-;231.0	59;50715;53363;-;314.1	46;39287;42109;-;394.4	67;55896;57317;-;91.5	59;50715;53363;-;97.8	69;58044;58610;-;188.1	54;47786;48424;-;70.6	52;45507;47333;-;270.0	43;35471;37633;-;374.1	64;54575;55090;-;96.7	43;35471;37633;-;72.1	A	9/9	contiguous	22573	1	1	38777..39265-;162;TraS;0
NZ_CP035314.1	MPF_F	IncFII(pHN7A8);IncN	106	0	0	GA	0															not_admitted	not_admitted	not_admitted	not_admitted	not_admitted	not_admitted	not_admitted	not_admitted	not_admitted	not_admitted	1	56;44374;45366;+;369.5	69;52199;53572;+;376.8	64;49890;50633;+;234.4	53;40738;43365;+;301.8	70;53569;56385;+;376.7	48;37256;38683;+;94.1	53;40738;43365;+;101.8	46;35975;36541;+;183.8	59;46312;46950;+;70.4	62;47763;49613;+;265.0	74;58686;60866;+;391.8	52;39707;40222;+;78.0	74;58686;60866;+;70.3	A	9/9	contiguous	22711	1	1	56418..56939+;173;unnamed;0
NZ_CP035315.1	MPF_T	IncX1	56	0	0	GA	1	25;21206;21850;-;47.1	24;20932;21222;-;73.5	23;18149;20908;-;44.8	23;18149;20908;-;133.3	23;18149;20908;-;71.9	22;17410;18147;-;57.5	20;16073;17128;-;131.7		19;15161;15883;-;116.0	18;14226;15155;-;132.4	17;13015;14229;-;128.6	16;11960;12997;-;66.4	15;10120;11955;-;543.4		pfam	pfam_only	A	7/7	canonical	1	1	unscoreable	1	0	0														not_admitted	not_admitted	not_admitted	not_admitted	not_admitted	not_admitted	not_admitted
NZ_CP035316.1	MPF_T	-	37	0	0	GA	1		15;11581;11889;+;67.6	16;11900;12217;+;84.6	17;12214;14664;+;142.6	17;12214;14664;+;84.6	18;14685;15329;+;97.0	20;15602;16615;+;161.4		22;16964;17722;+;142.8	23;17725;18546;+;197.9	24;18546;19736;+;188.9	25;19714;20751;+;83.0	26;20714;22642;+;402.6		pfam	both	A	7/7	canonical	1	0	unscoreable	2	0	0														not_admitted	not_admitted	not_admitted	not_admitted	not_admitted	not_admitted	not_admitted
NZ_CP035384.1	MPF_F	IncFII(K);IncFII(pAR0022);IncHI1B(pNDM-MAR);repB;repB(R1701)	396	0	0	GA	0															not_admitted	not_admitted	not_admitted	not_admitted	not_admitted	not_admitted	not_admitted	not_admitted	not_admitted	not_admitted	1	141;114928;115917;+;366.7	151;121464;122831;+;383.7	147;119454;120206;+;233.7	137;110832;113474;+;258.5	152;122831;125680;+;346.4	130;106212;107636;+;89.3	137;110832;113474;+;88.2	128;104919;105485;+;169.3	142;115930;116568;+;66.9	143;116627;118582;+;259.6	156;128142;130454;+;393.2	131;107750;108334;+;54.3	156;128142;130454;+;65.8	A	9/9	contiguous	23223	1	1	125683..126216+;177;unnamed;0
NZ_CP035386.1	MPF_F	IncFIB(K);IncFII(Yp);IncFII(pAR0022)	122	0	0	GA	0															not_admitted	not_admitted	not_admitted	not_admitted	not_admitted	not_admitted	not_admitted	not_admitted	not_admitted	not_admitted	1	70;81350;82336;-;368.4	62;75267;76637;-;377.1	66;77854;78603;-;218.2	73;83330;85960;-;285.5	61;72445;75267;-;336.5	79;87988;89382;-;90.9	73;83330;85960;-;98.6	81;90099;90665;-;169.9	69;80704;81333;-;66.9	68;78854;80707;-;257.4	58;68908;71109;-;384.8	78;87427;87966;-;64.9	58;68908;71109;-;63.9	A	9/9	contiguous	21191	1	1	71992..72423-;143;TraS;0
NZ_CP035387.1	MPF_T	IncN	75	0	0	GA	1	23;22552;23289;-;32.0		20;21591;21908;-;63.3	19;18991;21591;-;111.8	19;18991;21591;-;76.4	18;18260;18973;-;105.5	16;16969;18009;-;142.4		15;16052;16750;-;131.9	14;15157;16041;-;159.7	13;13997;15157;-;156.3	12;12960;13955;-;81.2	53;47932;49461;-;38.5		pfam	both	A	7/7	canonical	1	0	unscoreable	3	0	0														not_admitted	not_admitted	not_admitted	not_admitted	not_admitted	not_admitted	not_admitted
NZ_CP035423.1	-	-	74	0	0	GA	1	5;3965;4474;-;41.1	4;3661;3951;-;57.7	3;3326;3655;-;86.3	2;969;3326;-;157.2	2;969;3326;-;89.2	1;265;972;-;147.6	73;59100;59924;-;119.2		71;58183;58866;-;187.1	70;57335;58186;-;172.0	69;56193;57335;-;172.8	68;55160;56188;-;124.4	67;53031;55163;-;352.0		pfam	both	A	7/7	rearranged	1	0	unscoreable	1	0	0														not_admitted	not_admitted	not_admitted	not_admitted	not_admitted	not_admitted	not_admitted
NZ_CP035459.1	-	-	85	0	0	GA	1	65;55443;56042;+;39.2	77;66693;66956;+;44.2		78;67308;69740;+;145.3	78;67308;69740;+;67.3	28;26445;27197;+;165.1	29;27197;28225;+;130.5		79;69733;70443;+;147.8	80;70458;71330;+;163.1	81;71330;72502;+;166.1	4;3947;5593;+;168.4	84;73730;75586;+;298.0		pfam	both	A	7/7	rearranged	1	0	unscoreable	11	0	0														not_admitted	not_admitted	not_admitted	not_admitted	not_admitted	not_admitted	not_admitted
NZ_CP035461.1	MPF_F	-	78	0	0	GA	0															not_admitted	not_admitted	not_admitted	not_admitted	not_admitted	not_admitted	not_admitted	not_admitted	not_admitted	not_admitted	1	64;58859;59869;-;371.0	55;50459;51829;-;327.5	60;54630;55400;-;183.8	69;62183;64795;-;198.7	54;47747;50455;-;284.8	71;65272;66816;-;93.5	69;62183;64795;-;99.1	73;67593;68156;-;128.5	62;57241;57891;-;88.7	61;55397;57244;-;253.2	52;45109;47238;-;390.8	70;64842;65258;-;39.3	52;45109;47238;-;66.8	A	9/9	contiguous	22484	0	1	
NZ_CP035468.1	MPF_F	Col156;IncFIA;IncFIB(AP001918);IncFII(pRSB107)	174	0	0	GA	0															not_admitted	not_admitted	not_admitted	not_admitted	not_admitted	not_admitted	not_admitted	not_admitted	not_admitted	not_admitted	1	31;32576;33568;-;369.5	18;23444;24817;-;386.6	26;28727;29470;-;231.4	34;34577;37204;-;303.9	17;20628;23447;-;386.3	40;39089;40540;-;94.1	34;34577;37204;-;96.5	42;41255;41821;-;184.3	29;31594;32232;-;68.7	28;29747;31597;-;266.7	13;16172;18370;-;391.8	37;37720;38235;-;75.2	13;16172;18370;-;70.3	A	9/9	contiguous	25083	1	1	20112..20603-;163;TraS;0
NZ_CP035470.1	MPF_F	IncFII	83	0	0	GA	0															not_admitted	not_admitted	not_admitted	not_admitted	not_admitted	not_admitted	not_admitted	not_admitted	not_admitted	not_admitted	1	59;47991;48983;+;369.5	76;57241;58614;+;381.7	69;54293;55036;+;233.1	56;44352;46982;+;307.4	77;58611;61436;+;372.6	48;39498;40949;+;94.0	56;44352;46982;+;97.1	46;38217;38783;+;172.8	64;50716;51354;+;70.1	67;52166;54016;+;272.0	81;63678;65894;+;391.7	51;41809;42324;+;82.8	81;63678;65894;+;70.3	A	9/9	contiguous	25461	1	1	61433..61942+;169;unnamed;0
NZ_CP035471.1	MPF_T	IncN3	50	0	0	GA	1	33;26391;27173;-;33.3	31;25848;26144;-;36.0	30;25491;25808;-;71.4	29;22917;25490;-;117.0	29;22917;25490;-;76.5	28;22191;22901;-;107.4	26;20885;21922;-;121.1	25;20677;20808;-;40.1	24;19971;20666;-;127.9	23;19073;19960;-;142.9	22;17940;19073;-;171.5	21;16888;17889;-;90.0	15;9664;11196;+;53.5		pfam	both	A	7/7	canonical	1	0	ga	7	0	0														not_admitted	not_admitted	not_admitted	not_admitted	not_admitted	not_admitted	not_admitted
NZ_CP035478.1	MPF_F	Col156;IncFIA;IncFIB(AP001918);IncFII(pRSB107)	171	0	0	GA	0															not_admitted	not_admitted	not_admitted	not_admitted	not_admitted	not_admitted	not_admitted	not_admitted	not_admitted	not_admitted	1	32;32571;33563;-;369.5	19;23439;24812;-;386.6	27;28722;29465;-;231.4	35;34572;37199;-;303.9	18;20623;23442;-;386.3	41;39084;40535;-;94.1	35;34572;37199;-;96.5	43;41250;41816;-;184.3	30;31589;32227;-;68.7	29;29742;31592;-;266.7	13;16172;18370;-;391.8	38;37715;38230;-;75.2	13;16172;18370;-;70.3	A	9/9	contiguous	25078	1	1	20107..20598-;163;TraS;0
NZ_CP035479.1	MPF_F	IncFII	83	0	0	GA	0															not_admitted	not_admitted	not_admitted	not_admitted	not_admitted	not_admitted	not_admitted	not_admitted	not_admitted	not_admitted	1	59;47991;48983;+;369.5	76;57241;58614;+;381.7	69;54293;55036;+;233.1	56;44352;46982;+;307.4	77;58611;61436;+;372.6	48;39498;40949;+;94.0	56;44352;46982;+;97.1	46;38217;38783;+;172.8	64;50716;51354;+;70.1	67;52166;54016;+;272.0	81;63678;65894;+;391.7	51;41809;42324;+;82.8	81;63678;65894;+;70.3	A	9/9	contiguous	25461	1	1	61433..61942+;169;unnamed;0
NZ_CP035502.1	-	-	424	0	0	GA	1	86;86390;87565;-;27.9			109;116774;119221;-;52.1					105;113368;114093;-;74.5	104;112048;113340;-;62.8	103;110346;111992;-;115.0	34;31749;33644;+;280.7	101;107014;109110;-;174.6		none	none	B	6/7	uncallable	0	0	unscoreable	3	0	0														not_admitted	not_admitted	not_admitted	not_admitted	not_admitted	not_admitted	not_admitted
NZ_CP035507.1	MPF_T	-	100	0	0	GA	1	69;77823;78989;-;80.2	73;81886;82176;-;73.0	72;81598;81876;-;80.1	71;79212;81608;-;90.9	71;79212;81608;-;39.9	68;77029;77826;-;62.6	62;71825;72850;-;128.1		67;76355;77032;-;140.4	66;75645;76358;-;168.2	65;74323;75648;-;172.1	64;73287;74321;-;104.5	59;66784;68754;+;278.3		pfam	both	A	7/7	canonical	1	0	unscoreable	4	0	0														not_admitted	not_admitted	not_admitted	not_admitted	not_admitted	not_admitted	not_admitted
NZ_CP035508.1	MPF_T	-	90	0	0	GA	1	56;50867;52024;-;78.8	63;57562;57849;-;70.8	62;57271;57549;-;87.5	61;55362;57281;-;98.1	61;55362;57281;-;40.6	55;50100;50870;-;60.7	49;44949;45974;-;125.3		54;49438;50103;-;127.2	53;48716;49441;-;167.4	52;47406;48719;-;176.9	51;46402;47406;-;106.7			pfam	both	B	6/7	canonical	1	0	unscoreable	5	0	0														not_admitted	not_admitted	not_admitted	not_admitted	not_admitted	not_admitted	not_admitted
NZ_CP035512.1	MPF_T	-	302	0	0	GA	1	40;45656;46366;+;92.4	45;52528;52860;+;86.1	46;52860;53141;+;31.1	47;53152;55659;+;26.0	47;53152;55659;+;131.8	48;55656;56438;+;234.3	50;56750;58108;+;198.2		51;58105;58794;+;222.2	52;58791;59804;+;214.3	53;59801;60934;+;225.8	44;51524;52531;+;118.7	42;48928;50916;+;345.5		conjscan	conjscan_only	A	7/7	canonical	1	0	unscoreable	4	0	0														not_admitted	not_admitted	not_admitted	not_admitted	not_admitted	not_admitted	not_admitted
NZ_CP035515.1	MPF_T	-	176	0	0	GA	1	81;76082;77236;-;76.4	85;80035;80328;-;75.6	84;79764;80042;-;89.9	83;77399;79774;-;85.2	83;77399;79774;-;43.8	80;75273;76082;-;72.0	73;69845;70921;-;125.4		79;74603;75256;-;163.3	78;73907;74599;-;166.1	77;72531;73910;-;183.0	76;71531;72526;-;103.8	69;64696;66684;+;288.2		pfam	both	A	7/7	canonical	1	0	unscoreable	6	0	0														not_admitted	not_admitted	not_admitted	not_admitted	not_admitted	not_admitted	not_admitted
NZ_CP035517.1	MPF_F	Col156;IncFIA;IncFIB(AP001918);IncFII(pRSB107)	170	0	0	GA	0															not_admitted	not_admitted	not_admitted	not_admitted	not_admitted	not_admitted	not_admitted	not_admitted	not_admitted	not_admitted	1	153;137847;138839;-;369.5	140;128715;130088;-;386.6	148;133998;134741;-;231.4	156;139848;142475;-;303.9	139;125899;128718;-;386.3	162;144360;145811;-;94.1	156;139848;142475;-;96.5	164;146526;147092;-;184.3	151;136865;137503;-;68.7	150;135018;136868;-;266.7	135;121443;123641;-;391.8	159;142991;143506;-;75.2	135;121443;123641;-;70.3	A	9/9	contiguous	25083	1	1	125383..125874-;163;TraS;0
NZ_CP035518.1	MPF_F	IncFII	83	0	0	GA	0															not_admitted	not_admitted	not_admitted	not_admitted	not_admitted	not_admitted	not_admitted	not_admitted	not_admitted	not_admitted	1	13;7370;8362;-;369.5	79;67218;68591;-;383.3	3;1317;2060;-;231.4	16;9371;12001;-;303.9	78;64396;67221;-;386.2	25;15398;16849;-;94.1	16;9371;12001;-;96.5	27;17564;18130;-;184.3	8;4999;5637;-;68.8	5;2337;4187;-;272.1	74;59950;62166;-;391.8	22;14029;14544;-;75.2	74;59950;62166;-;70.3	A	9/9	split_2	65901	1	1	63890..64399-;169;unnamed;0
NZ_CP035536.1	MPF_F	IncFIB(K);IncFII(K)	186	0	0	GA	0															not_admitted	not_admitted	not_admitted	not_admitted	not_admitted	not_admitted	not_admitted	not_admitted	not_admitted	not_admitted	1	74;65872;66861;+;366.6	84;72408;73775;+;384.5	80;70398;71150;+;231.8	70;61776;64418;+;258.5	85;73775;76597;+;346.4	63;57139;58563;+;89.2	70;61776;64418;+;88.2	56;52791;53357;+;169.3	75;66874;67512;+;66.9	76;67571;69526;+;259.7	89;79212;81521;+;392.8	64;58677;59261;+;54.3	89;79212;81521;+;65.8	A	9/9	contiguous	26421	1	1	76620..77222+;200;TraS;0
NZ_CP035537.1	MPF_F	IncFIB(pB171);IncFII(Yp);IncFII(pAR0022)	126	0	0	GA	0															not_admitted	not_admitted	not_admitted	not_admitted	not_admitted	not_admitted	not_admitted	not_admitted	not_admitted	not_admitted	1	24;20275;21267;-;369.4	16;14192;15562;-;376.7	20;16779;17528;-;218.2	27;22255;24885;-;285.5	15;13218;14192;-;230.7	33;26913;28307;-;89.4	27;22255;24885;-;98.6	35;29024;29590;-;169.9	23;19629;20258;-;66.9	22;17779;19632;-;260.5	80;63482;65719;+;384.7	32;26352;26891;-;67.5	80;63482;65719;+;63.8	A	9/9	split_2	50264	1	1	12467..13171-;234;unnamed;0
NZ_CP035548.1	MPF_F	IncC	177	0	0	GA	0															not_admitted	not_admitted	not_admitted	not_admitted	not_admitted	not_admitted	not_admitted	not_admitted	not_admitted	not_admitted	1	95;73949;74956;+;332.9	165;141779;143212;+;339.2	164;140749;141777;+;221.7	90;68750;71197;+;354.2	166;143225;146839;+;375.3	81;55439;56755;+;135.0	90;68750;71197;+;128.6	79;53915;54541;+;92.1	93;72019;73284;+;67.6	96;75072;77867;+;145.3	70;48240;50105;+;47.4	82;56752;57330;+;100.2	70;48240;50105;+;52.0	A	9/9	split_2	94985	0	1	
NZ_CP035557.1	MPF_T	-	85	0	0	GA	1				54;45489;47498;+;24.0									60;51531;53042;+;468.0		none	none	D	2/7	uncallable	0	0	unscoreable	5	0	0														not_admitted	not_admitted	not_admitted	not_admitted	not_admitted	not_admitted	not_admitted
NZ_CP035569.1	MPF_T	-	61	0	0	GA	1				26;17751;19766;+;23.6									32;23788;25317;+;464.9		none	none	D	2/7	uncallable	0	0	unscoreable	5	0	0														not_admitted	not_admitted	not_admitted	not_admitted	not_admitted	not_admitted	not_admitted
NZ_CP035574.1	MPF_T	-	86	0	0	GA	1				73;70282;72297;-;23.0									66;64732;66009;-;369.5		none	none	D	2/7	uncallable	0	0	unscoreable	6	0	0														not_admitted	not_admitted	not_admitted	not_admitted	not_admitted	not_admitted	not_admitted
NZ_CP035669.1	MPF_F	-	128	0	0	GA	0															not_admitted	not_admitted	not_admitted	not_admitted	not_admitted	not_admitted	not_admitted	not_admitted	not_admitted	not_admitted	1	104;94953;95960;+;333.9	52;42897;44333;+;329.4	51;41864;42895;+;207.0	99;89756;92197;+;314.4	53;44349;47900;+;355.0	93;80929;82251;+;133.5	99;89756;92197;+;126.8	91;79399;80016;+;82.5	102;93026;94294;+;57.7	105;95973;98771;+;135.4	86;75167;77023;+;49.3	94;82248;82808;+;87.2	86;75167;77023;+;54.1	A	9/9	split_2	54109	0	1	
NZ_CP035722.1	MPF_F	IncFII	82	0	0	GA	0															not_admitted	not_admitted	not_admitted	not_admitted	not_admitted	not_admitted	not_admitted	not_admitted	not_admitted	not_admitted	1	52;46224;47216;-;369.5	35;36593;37966;-;381.7	42;40171;40914;-;233.1	55;48225;50855;-;307.4	34;33771;36596;-;372.6	63;54252;55703;-;94.0	55;48225;50855;-;97.1	65;56418;56984;-;172.8	47;43853;44491;-;70.1	44;41191;43041;-;272.0	30;29304;31529;-;391.7	60;52883;53398;-;82.8	30;29304;31529;-;70.3	A	9/9	contiguous	27114	1	1	33265..33774-;169;unnamed;0
NZ_CP035749.1	MPF_T	repUS72	41	0	0	GA	1				15;8451;9509;+;25.3									23;15165;16097;+;290.7		none	none	D	2/7	uncallable	0	0	unscoreable	6	0	0														not_admitted	not_admitted	not_admitted	not_admitted	not_admitted	not_admitted	not_admitted
NZ_CP035752.1	MPF_F	IncFII(pCoo)	77	0	0	GA	0															not_admitted	not_admitted	not_admitted	not_admitted	not_admitted	not_admitted	not_admitted	not_admitted	not_admitted	not_admitted	1	25;19971;20963;+;370.2	33;25659;27032;+;380.7	29;23695;24438;+;233.3	22;16335;18962;+;303.5	34;27029;29851;+;380.3	18;12996;14423;+;94.3	22;16335;18962;+;100.3	16;11715;12281;+;183.8	26;20972;21610;+;68.3	27;21607;23415;+;268.2	37;31385;33628;+;391.7	21;15304;15819;+;78.0	37;31385;33628;+;70.3	A	9/9	contiguous	19670	1	1	29872..30369+;165;TraS;0
NZ_CP035754.1	MPF_T	IncX4	47	0	0	GA	1	45;32576;33196;+;46.3	46;33210;33536;+;62.7		0;34;2475;+;152.1	0;34;2475;+;46.4	1;2487;3203;+;94.1	2;3215;4309;+;150.1		4;4824;5510;+;169.0	5;5507;6415;+;142.3	6;6408;7526;+;163.9	7;7528;8556;+;85.0	8;8588;10405;+;317.3		pfam	pfam_only	A	7/7	canonical	1	0	unscoreable	1	0	0														not_admitted	not_admitted	not_admitted	not_admitted	not_admitted	not_admitted	not_admitted
NZ_CP035815.1	MPF_F	IncFII(29)	80	0	0	GA	0															not_admitted	not_admitted	not_admitted	not_admitted	not_admitted	not_admitted	not_admitted	not_admitted	not_admitted	not_admitted	1	52;45096;46088;-;369.8	38;36483;37856;-;382.7	43;39085;39828;-;234.4	55;47097;49727;-;303.8	37;33646;36486;-;371.4	62;52117;53568;-;90.6	55;47097;49727;-;97.9	64;54283;54849;-;174.3	48;42725;43363;-;70.2	45;40105;41913;-;267.8	33;29160;31376;-;391.7	58;50494;51009;-;78.8	33;29160;31376;-;70.3	A	9/9	contiguous	25123	1	1	33130..33621-;163;TraS;0
NZ_CP035818.1	MPF_F	IncFIB(AP001918);IncFII(pCoo)	190	0	0	GA	0															not_admitted	not_admitted	not_admitted	not_admitted	not_admitted	not_admitted	not_admitted	not_admitted	not_admitted	not_admitted	1	68;58424;59410;+;355.4	74;63643;65004;+;342.6	72;62232;63011;+;195.4	65;54740;57331;+;216.6	75;65006;67897;+;287.8	60;51787;53151;+;83.1	65;54740;57331;+;88.2	58;50507;51070;+;136.5	70;59786;60400;+;82.6	71;60397;62235;+;259.4	78;69520;71751;+;371.9	64;54130;54729;+;46.6	78;69520;71751;+;68.9	A	9/9	contiguous	19013	1	1	67907..68464+;185;unnamed;0
NZ_CP035820.1	MPF_F	IncFIB(AP001918);IncFII(pCoo)	154	0	0	GA	0															not_admitted	not_admitted	not_admitted	not_admitted	not_admitted	not_admitted	not_admitted	not_admitted	not_admitted	not_admitted	1	114;104426;105412;-;355.4	108;98832;100193;-;342.6	110;100825;101604;-;195.4	117;106505;109096;-;215.3	107;95939;98830;-;287.8	122;110685;112049;-;83.1	117;106505;109096;-;88.2	124;112766;113329;-;136.5	112;103436;104050;-;82.6	111;101601;103439;-;259.4	104;92085;94316;-;371.9	118;109107;109706;-;46.6	104;92085;94316;-;68.9	A	9/9	contiguous	20681	1	1	95372..95929-;185;unnamed;0
NZ_CP035821.1	MPF_F	IncFII(pCoo)	115	0	0	GA	0															not_admitted	not_admitted	not_admitted	not_admitted	not_admitted	not_admitted	not_admitted	not_admitted	not_admitted	not_admitted	1	114;96148;97140;-;369.8	100;87123;88499;-;382.7	104;89729;90502;-;234.8	5;5508;6257;-;146.3	99;84301;87126;-;374.0	12;8643;10094;-;92.5	1;920;2701;-;99.6	14;10809;11375;-;175.1	109;93369;94007;-;70.0	106;90749;92557;-;267.8	95;79843;82059;-;391.7	8;7024;7539;-;78.2	95;79843;82059;-;70.3	A	9/9	split_2	95228	1	1	83795..84304-;169;unnamed;0
NZ_CP035828.1	MPF_F	IncFII(pCoo)	105	0	0	GA	0															not_admitted	not_admitted	not_admitted	not_admitted	not_admitted	not_admitted	not_admitted	not_admitted	not_admitted	not_admitted	1	7;5003;5995;-;369.8	101;87189;88565;-;382.7	103;88857;89402;-;43.6	10;7004;9634;-;303.6	100;84367;87192;-;374.0	17;12020;13471;-;92.5	10;7004;9634;-;98.2	19;14186;14752;-;175.1	4;3538;4176;-;70.0	1;918;2726;-;267.8	96;79891;82125;-;391.7	13;10401;10916;-;78.2	96;79891;82125;-;70.3	A	9/9	split_2	87939	1	1	83861..84370-;169;unnamed;0
NZ_CP035835.1	MPF_F	IncFII(pRSB107)	86	0	0	GA	0															not_admitted	not_admitted	not_admitted	not_admitted	not_admitted	not_admitted	not_admitted	not_admitted	not_admitted	not_admitted	1	16;13367;14359;-;369.5	5;6259;7632;-;386.6	11;9560;10303;-;234.4	19;15368;17998;-;300.9	4;3437;6262;-;385.4	31;24760;26187;-;93.9	19;15368;17998;-;101.1	33;26902;27468;-;182.3	14;12385;13023;-;70.7	13;10580;12388;-;267.1	84;68359;70575;-;391.7	27;23123;23638;-;77.9	84;68359;70575;-;70.3	A	9/9	split_2	64922	1	1	2931..3440-;169;unnamed;0
NZ_CP035838.1	MPF_F	IncFII(29)	114	0	0	GA	0															not_admitted	not_admitted	not_admitted	not_admitted	not_admitted	not_admitted	not_admitted	not_admitted	not_admitted	not_admitted	1	69;53828;54820;+;369.8	84;62407;63780;+;382.3	79;60089;60832;+;234.4	66;50192;52819;+;303.8	85;63777;66596;+;374.2	61;46850;48301;+;90.6	66;50192;52819;+;97.9	59;45569;46135;+;175.1	74;56551;57189;+;70.2	77;58001;59809;+;267.8	89;68866;71091;+;391.7	64;49161;49676;+;78.3	89;68866;71091;+;70.3	A	9/9	contiguous	23297	1	1	66621..66953+;110;TraS;0
NZ_CP035844.1	MPF_F	IncFII(pSE11)	106	0	0	GA	0															not_admitted	not_admitted	not_admitted	not_admitted	not_admitted	not_admitted	not_admitted	not_admitted	not_admitted	not_admitted	1	42;32418;33404;+;355.4	48;37637;38998;+;342.6	46;36226;37005;+;195.4	39;28734;31325;+;215.3	49;39000;41903;+;287.0	34;25781;27145;+;83.1	39;28734;31325;+;88.2	32;24501;25064;+;136.5	44;33780;34394;+;82.6	45;34391;36229;+;256.7	52;43526;45757;+;371.9	38;28124;28723;+;46.6	52;43526;45757;+;68.9	A	9/9	contiguous	19025	1	1	41913..42470+;185;unnamed;0
NZ_CP035848.1	MPF_F	IncFII(pCoo)	70	0	0	GA	0															not_admitted	not_admitted	not_admitted	not_admitted	not_admitted	not_admitted	not_admitted	not_admitted	not_admitted	not_admitted	1	23;16833;17825;+;369.5	34;23560;24933;+;386.6	28;20889;21632;+;234.4	20;13194;15824;+;300.9	35;24930;27755;+;385.4	11;7712;9139;+;93.9	20;13194;15824;+;101.1	9;6431;6997;+;182.3	25;18169;18807;+;70.7	26;18804;20612;+;267.1	39;29997;32204;+;391.8	15;10261;10776;+;77.9	39;29997;32204;+;70.3	A	9/9	contiguous	23566	1	1	27752..28261+;169;unnamed;0
NZ_CP035851.1	MPF_F	IncFIB(AP001918);IncFII(pCoo)	185	0	0	GA	0															not_admitted	not_admitted	not_admitted	not_admitted	not_admitted	not_admitted	not_admitted	not_admitted	not_admitted	not_admitted	1	98;80598;81590;-;369.8	82;71069;72442;-;385.7	89;74647;75390;-;234.1	101;82599;85226;-;303.8	81;68253;71072;-;385.6	19;17599;19050;-;92.5	101;82599;85226;-;97.9	21;19765;20331;-;175.1	94;78142;78780;-;69.9	91;75667;77430;-;267.3	77;63731;65983;-;391.7	104;85742;86257;-;78.8	77;63731;65983;-;70.3	A	9/9	split_2	68143	1	1	67737..68228-;163;TraS;0
NZ_CP035857.1	MPF_F	IncFII(pCoo)	107	0	0	GA	0															not_admitted	not_admitted	not_admitted	not_admitted	not_admitted	not_admitted	not_admitted	not_admitted	not_admitted	not_admitted	1	62;57970;58962;-;364.3	50;50259;51635;-;382.7	54;52865;53638;-;234.8	65;59971;62601;-;303.6	49;47437;50262;-;374.0	74;66300;67751;-;92.5	65;59971;62601;-;98.2	76;68466;69032;-;175.1	59;56505;57143;-;70.0	56;53885;55693;-;267.8	45;42970;45195;-;391.7	70;64681;65196;-;78.2	45;42970;45195;-;70.3	A	9/9	contiguous	25496	1	1	46931..47440-;169;unnamed;0
NZ_CP035861.1	MPF_F	IncFII(pHN7A8)	170	0	0	GA	0															not_admitted	not_admitted	not_admitted	not_admitted	not_admitted	not_admitted	not_admitted	not_admitted	not_admitted	not_admitted	1	103;79544;80536;+;369.3		107;83265;84008;+;233.3	101;78728;79213;+;75.5		93;73864;75291;+;94.3		91;72583;73149;+;183.8	104;80545;81183;+;68.6	105;81180;82988;+;266.8		96;76175;76690;+;76.4		C	7/9	contiguous	10682	0	1	
NZ_CP035867.1	MPF_F	IncFII(pHN7A8)	109	0	0	GA	0															not_admitted	not_admitted	not_admitted	not_admitted	not_admitted	not_admitted	not_admitted	not_admitted	not_admitted	not_admitted	1	85;80614;81600;-;355.4	79;75020;76381;-;342.6	81;77013;77792;-;195.4	88;82693;85284;-;212.2	78;72115;75018;-;287.0	93;86873;88237;-;82.6	88;82693;85284;-;88.2	95;88954;89517;-;136.5	83;79624;80238;-;82.6	82;77789;79627;-;256.7	75;68261;70492;-;370.3	89;85295;85894;-;46.8	75;68261;70492;-;68.5	A	9/9	contiguous	20693	1	1	71638..72105-;155;unnamed;0
NZ_CP035868.1	MPF_F	IncFII	107	0	0	GA	0															not_admitted	not_admitted	not_admitted	not_admitted	not_admitted	not_admitted	not_admitted	not_admitted	not_admitted	not_admitted	1	86;67558;68550;+;369.8	100;76136;77509;+;380.3	95;73818;74561;+;234.4	83;63919;66549;+;303.8	101;77506;80352;+;368.2	75;60078;61529;+;90.6	83;63919;66549;+;97.9	73;58797;59363;+;174.3	90;70283;70921;+;70.2	93;71733;73541;+;268.5	105;82594;84810;+;391.8	79;62637;63152;+;78.8	105;82594;84810;+;70.3	A	9/9	contiguous	23797	1	1	80349..80858+;169;unnamed;0
NZ_CP035872.1	MPF_F	IncFII(pCoo)	97	0	0	GA	0															not_admitted	not_admitted	not_admitted	not_admitted	not_admitted	not_admitted	not_admitted	not_admitted	not_admitted	not_admitted	1	48;49103;50089;-;354.1			51;51182;53773;-;214.5		54;54826;56190;-;78.6	51;51182;53773;-;88.0	56;56908;57471;-;135.5				52;53784;54383;-;51.7		D	4/9	contiguous	7805	0	0	
NZ_CP035881.1	MPF_F	IncFII;IncFII(pCoo)	99	0	0	GA	0															not_admitted	not_admitted	not_admitted	not_admitted	not_admitted	not_admitted	not_admitted	not_admitted	not_admitted	not_admitted	1	55;44952;45944;+;369.8	75;56955;58328;+;385.7	65;51300;52043;+;234.4	52;41316;43943;+;303.8	76;58325;61141;+;385.6	45;37730;39181;+;92.5	52;41316;43943;+;98.2	43;36449;37015;+;172.3	60;47762;48400;+;69.8	63;49212;51020;+;267.8	80;63442;65739;+;391.6	49;40285;40800;+;78.8	80;63442;65739;+;70.3	A	9/9	contiguous	26993	1	1	61174..61695+;173;unnamed;0
NZ_CP035883.1	MPF_F	IncFII(pSE11)	222	0	0	GA	0															not_admitted	not_admitted	not_admitted	not_admitted	not_admitted	not_admitted	not_admitted	not_admitted	not_admitted	not_admitted	1	84;70752;71744;-;369.8	71;62815;63609;-;285.3	76;65184;65927;-;234.4	87;72753;74747;-;163.2	69;59419;62238;-;383.2	95;77525;78976;-;92.5	87;72753;74747;-;99.1	97;79691;80257;-;178.6	81;68827;69465;-;69.9	78;66207;68015;-;267.8	65;54933;57149;-;390.0	92;76150;76665;-;74.5	65;54933;57149;-;70.4	A	9/9	contiguous	24758	1	1	58903..59394-;163;TraS;0
NZ_CP035885.1	MPF_F	IncFIB(AP001918);IncFII	186	0	0	GA	0															not_admitted	not_admitted	not_admitted	not_admitted	not_admitted	not_admitted	not_admitted	not_admitted	not_admitted	not_admitted	1	65;59800;60792;-;369.5	52;51420;52793;-;385.7	58;54728;55471;-;234.1	68;61801;64428;-;304.2	51;48601;51423;-;385.6	74;66313;67764;-;93.9	68;61801;64428;-;96.5	76;68479;69045;-;183.8	63;58818;59456;-;68.7	62;57304;58821;-;117.5	47;44184;46355;-;391.8	71;64944;65459;-;76.5	47;44184;46355;-;70.4	A	9/9	contiguous	24295	1	1	48100..48579-;159;TraS;0
NZ_CP035902.1	MPF_F	-	250	0	0	GA	0															not_admitted	not_admitted	not_admitted	not_admitted	not_admitted	not_admitted	not_admitted	not_admitted	not_admitted	not_admitted	1	94;76186;77217;-;366.1	86;68527;69972;-;327.0	88;71012;71824;-;214.8	100;80126;82726;-;215.4	85;65063;68530;-;234.0	106;86966;88303;-;95.2	100;80126;82726;-;79.3	108;89033;89644;-;85.1	93;75398;76189;-;87.9	91;72838;74103;-;152.1	122;104280;106346;-;407.9	101;82740;83438;-;51.1	122;104280;106346;-;52.5	A	9/9	contiguous	39217	1	1	64371..65066-;231;unnamed;0
NZ_CP035916.1	MPF_F	IncHI2;IncHI2A	306	0	0	GA	0															not_admitted	not_admitted	not_admitted	not_admitted	not_admitted	not_admitted	not_admitted	not_admitted	not_admitted	not_admitted	1	30;32544;33602;+;276.5	222;213838;215253;-;194.1	223;215243;216289;-;174.3	11;8955;11636;+;168.0	221;209876;213829;-;101.7	7;5270;6625;+;80.7	11;8955;11636;+;72.2	4;2758;3546;+;74.8	28;30891;32402;+;62.0	31;33621;36809;+;57.3	230;223331;225415;+;56.8	10;7996;8946;+;46.1	230;223331;225415;+;38.8	A	9/9	split_3	220573	1	1	208406..209695-;429;unnamed;0
NZ_CP035918.1	MPF_F	IncHI2;IncHI2A	273	0	0	GA	0															not_admitted	not_admitted	not_admitted	not_admitted	not_admitted	not_admitted	not_admitted	not_admitted	not_admitted	not_admitted	1	27;31208;32266;+;276.5	186;173224;174639;-;194.1	187;174629;175675;-;174.3	11;8955;11636;+;168.0	185;169262;173215;-;101.7	7;5270;6625;+;80.7	11;8955;11636;+;72.2	4;2758;3546;+;74.8	25;29555;31066;+;62.0	28;32285;35473;+;57.3	197;184894;186114;+;45.7	10;7996;8946;+;46.1	197;184894;186114;+;40.2	A	9/9	split_3	182136	1	1	167792..169081-;429;unnamed;0
NZ_CP036178.1	MPF_F	IncHI2;IncHI2A;IncN	256	0	0	GA	0															not_admitted	not_admitted	not_admitted	not_admitted	not_admitted	not_admitted	not_admitted	not_admitted	not_admitted	not_admitted	1	29;32557;33615;+;276.9	175;166427;167842;-;194.1	176;167832;168878;-;174.3	13;10304;12985;+;168.3	174;162465;166418;-;101.6	9;6619;7974;+;80.7	13;10304;12985;+;72.2	6;4107;4895;+;74.8	27;30904;32415;+;62.0	30;33634;36822;+;57.3	183;175920;178004;+;56.8	12;9345;10295;+;46.1	183;175920;178004;+;38.8	A	9/9	split_3	171813	1	1	161305..162285-;326;unnamed;0
NZ_CP036179.1	MPF_T	IncX3	58	0	0	GA	1	10;9921;10565;-;46.4	9;9647;9937;-;73.1	8;6869;9622;-;47.0	8;6869;9622;-;142.4	8;6869;9622;-;73.3	7;6089;6859;-;60.1	5;4755;5810;-;133.2		4;3832;4560;-;119.4	3;2897;3826;-;138.8	2;1686;2900;-;128.3	0;456;1490;-;65.7	57;44779;45846;-;328.0		pfam	pfam_only	A	7/7	canonical	1	1	unscoreable	2	0	0														not_admitted	not_admitted	not_admitted	not_admitted	not_admitted	not_admitted	not_admitted
NZ_CP036180.1	MPF_F	IncFII(pHN7A8);IncN	127	0	0	GA	0															not_admitted	not_admitted	not_admitted	not_admitted	not_admitted	not_admitted	not_admitted	not_admitted	not_admitted	not_admitted	1	100;83370;84362;+;369.5	113;91195;92568;+;376.8	108;88886;89629;+;234.4	97;79734;82361;+;301.8	114;92565;95381;+;376.7	92;76252;77679;+;94.1	97;79734;82361;+;101.8	90;74971;75537;+;183.8	103;85308;85946;+;70.4	106;86759;88609;+;265.0	118;97682;99934;+;391.7	96;78703;79218;+;78.0	118;97682;99934;+;70.3	A	9/9	contiguous	22711	1	1	95414..95935+;173;unnamed;0
NZ_CP036188.1	MPF_F	IncFIB(K);IncFII(pAR0022);IncFII(pKP91)	284	0	0	GA	0															not_admitted	not_admitted	not_admitted	not_admitted	not_admitted	not_admitted	not_admitted	not_admitted	not_admitted	not_admitted	1	182;151421;152410;+;366.6	192;157957;159324;+;384.1	188;155947;156699;+;233.7	178;147325;149964;+;258.5	193;159324;162146;+;346.4	167;140843;142267;+;89.5	178;147325;149964;+;88.7	165;139550;140116;+;167.0	183;152423;153061;+;66.9	184;153120;155075;+;259.4	197;164762;167074;+;393.1	171;144033;144617;+;53.8	197;164762;167074;+;66.6	A	9/9	contiguous	25212	1	1	162169..162771+;200;TraS;0
NZ_CP036192.1	MPF_F	IncC	203	0	0	GA	0															not_admitted	not_admitted	not_admitted	not_admitted	not_admitted	not_admitted	not_admitted	not_admitted	not_admitted	not_admitted	1	126;98643;99650;+;332.9	18;16814;18247;+;339.2	17;15784;16812;+;221.7	122;93450;95897;+;354.2	19;18260;21874;+;374.7	112;80855;82171;+;135.0	122;93450;95897;+;128.6	110;79331;79957;+;92.1	124;96221;97978;+;66.6	127;99766;102129;+;58.0	101;73657;75522;+;47.4	113;82168;82746;+;100.2	101;73657;75522;+;52.0	A	9/9	split_2	83982	0	1	
NZ_CP036193.1	MPF_F	IncFIB(pQil);IncFII(pAR0022);IncFII(pKP91)	182	0	0	GA	0															not_admitted	not_admitted	not_admitted	not_admitted	not_admitted	not_admitted	not_admitted	not_admitted	not_admitted	not_admitted	1	145;117198;118187;+;366.6	155;123734;125101;+;384.1	151;121724;122476;+;233.7	141;113102;115741;+;258.5	156;125101;127923;+;346.6	135;108852;110276;+;89.3	141;113102;115741;+;89.0	133;107559;108125;+;169.3	146;118200;118838;+;66.9	147;118897;120852;+;259.4	160;130539;132851;+;393.1	136;110348;110932;+;54.7	160;130539;132851;+;66.6	A	9/9	contiguous	22980	1	1	127946..128548+;200;TraS;0
NZ_CP036195.1	MPF_T	IncX3	86	0	0	GA	1	8;4418;5062;+;46.4	9;5046;5336;+;73.1	10;5361;8114;+;47.0	10;5361;8114;+;142.4	10;5361;8114;+;73.3	11;8124;8894;+;60.1	13;9173;10228;+;133.2		14;10423;11151;+;119.4	15;11157;12086;+;138.8	16;12083;13297;+;128.3	19;13804;14526;+;66.6	20;14529;16364;+;495.9		pfam	pfam_only	A	7/7	canonical	1	1	unscoreable	3	0	0														not_admitted	not_admitted	not_admitted	not_admitted	not_admitted	not_admitted	not_admitted
NZ_CP036205.1	MPF_T	IncX3	62	0	0	GA	1	30;27089;27733;-;46.4	29;26815;27105;-;73.1	28;24037;26790;-;47.0	28;24037;26790;-;142.4	28;24037;26790;-;73.3	27;23257;24027;-;60.1	25;21923;22978;-;133.2		24;21000;21728;-;119.4	23;20065;20994;-;138.8	22;18854;20068;-;128.3	20;17624;18658;-;65.7	19;15786;17621;-;495.9		pfam	pfam_only	A	7/7	canonical	1	1	unscoreable	2	0	0														not_admitted	not_admitted	not_admitted	not_admitted	not_admitted	not_admitted	not_admitted
NZ_CP036244.1	MPF_F	IncFIB(pB171);IncFII(pRSB107)	169	0	0	GA	0															not_admitted	not_admitted	not_admitted	not_admitted	not_admitted	not_admitted	not_admitted	not_admitted	not_admitted	not_admitted	1	80;62609;63601;+;369.5	91;69384;70757;+;385.7	85;66707;67450;+;234.1	77;58973;61600;+;304.2	92;70754;72811;+;386.8	71;55637;57088;+;93.9	77;58973;61600;+;97.2	69;54356;54922;+;183.8	82;63945;64583;+;68.7	83;64580;66430;+;266.7	99;77074;78612;+;333.9	74;57942;58457;+;76.5	99;77074;78612;+;52.8	A	9/9	contiguous	22718	0	1	
NZ_CP036301.1	MPF_F	IncFII(pHN7A8);IncR	191	0	0	GA	0															not_admitted	not_admitted	not_admitted	not_admitted	not_admitted	not_admitted	not_admitted	not_admitted	not_admitted	not_admitted	1	69;54989;55981;+;369.5	82;62814;64187;+;376.8	77;60505;61248;+;234.4	66;51353;53980;+;301.8	83;64184;67000;+;376.7	61;47871;49298;+;94.1	66;51353;53980;+;101.8	59;46590;47156;+;183.8	72;56927;57565;+;70.4	75;58378;60228;+;265.0	87;69301;71526;+;391.7	65;50322;50837;+;77.6	87;69301;71526;+;70.3	A	9/9	contiguous	22711	1	1	67033..67554+;173;unnamed;0
NZ_CP036302.1	MPF_F	IncFIB(K);IncFII(K);IncFII(pAR0022)	227	0	0	GA	0															not_admitted	not_admitted	not_admitted	not_admitted	not_admitted	not_admitted	not_admitted	not_admitted	not_admitted	not_admitted	1	138;137465;138454;-;366.6	128;130551;131918;-;384.1	132;133176;133928;-;233.7	142;139911;142550;-;258.5	127;127729;130551;-;346.4	152;146454;147878;-;89.5	142;139911;142550;-;88.7	154;148605;149171;-;167.0	137;136814;137452;-;66.9	136;134800;136755;-;259.4	123;122804;125113;-;393.1	150;145258;145842;-;53.8	123;122804;125113;-;66.6	A	9/9	contiguous	25801	1	1	127104..127706-;200;TraS;0
NZ_CP036306.1	MPF_F	IncFII(pHN7A8);repB(R1701)	194	0	0	GA	0															not_admitted	not_admitted	not_admitted	not_admitted	not_admitted	not_admitted	not_admitted	not_admitted	not_admitted	not_admitted	1	48;37889;38881;-;369.5			51;39890;42517;-;301.8		56;44572;45999;-;94.1	51;39890;42517;-;101.8	58;46714;47280;-;183.8			51;39890;42517;-;20.8	52;43033;43548;-;77.6		D	4/9	contiguous	8825	0	0	
NZ_CP036307.1	MPF_F	IncFIB(K);IncFII(pKP91)	263	0	0	GA	0															not_admitted	not_admitted	not_admitted	not_admitted	not_admitted	not_admitted	not_admitted	not_admitted	not_admitted	not_admitted	1	218;191885;192874;-;363.3	207;184699;186066;-;382.2	211;187324;188076;-;233.7	222;194331;196970;-;259.4	206;181850;184699;-;342.9	232;200932;202356;-;89.2	222;194331;196970;-;88.3	234;203083;203649;-;167.9	216;190962;191609;-;65.9	215;188948;190903;-;259.5	202;177756;180038;-;393.3	230;199736;200320;-;53.8	202;177756;180038;-;65.9	A	9/9	contiguous	25327	1	1	181317..181847-;176;unnamed;0
NZ_CP036311.1	MPF_T	IncFIA(HI1);IncFIB(K);IncR	107	0	0	GA	1	78;74907;75569;+;48.3	79;75580;75879;+;36.6	80;75889;78639;+;60.6	80;75889;78639;+;134.0	80;75889;78639;+;48.6	81;78658;79374;+;137.0	83;79688;80695;+;137.8		85;80905;81591;+;158.3	86;81584;82477;+;147.4	87;82474;83670;+;134.7	88;83674;84723;+;71.5	95;89461;91368;+;24.3		pfam	pfam_only	A	7/7	canonical	1	1	unscoreable	8	0	0														not_admitted	not_admitted	not_admitted	not_admitted	not_admitted	not_admitted	not_admitted
NZ_CP036312.1	MPF_T	IncX3	58	0	0	GA	1	12;6767;7411;+;46.4	13;7395;7685;+;73.1	14;7710;10463;+;47.0	14;7710;10463;+;142.4	14;7710;10463;+;73.3	15;10473;11243;+;60.1	17;11522;12577;+;133.2		18;12772;13500;+;119.4	19;13506;14435;+;138.8	20;14432;15646;+;128.3	22;15842;16876;+;65.7	23;16879;18714;+;495.9		pfam	pfam_only	A	7/7	canonical	1	1	unscoreable	2	0	0														not_admitted	not_admitted	not_admitted	not_admitted	not_admitted	not_admitted	not_admitted
NZ_CP036336.1	MPF_F	IncHI1B(pNDM-MAR)	276	0	0	GA	0															not_admitted	not_admitted	not_admitted	not_admitted	not_admitted	not_admitted	not_admitted	not_admitted	not_admitted	not_admitted	1	57;55920;56957;-;282.3	245;212777;214186;-;190.4	246;214176;215213;-;175.7	69;67786;70503;-;149.6	244;211807;212775;-;59.5	74;72615;73985;-;65.6	69;67786;70503;-;85.2	77;75631;76491;-;79.0	58;56954;58159;-;70.4	56;52725;55910;-;59.9	253;222412;224538;+;57.7	70;70548;71285;-;56.9	253;222412;224538;+;41.0	A	9/9	split_2	169687	1	1	208808..211798-;996;unnamed;0
NZ_CP036337.1	MPF_F	IncFIB(K);IncFII(pAR0022);IncFII(pKP91)	261	0	0	GA	0															not_admitted	not_admitted	not_admitted	not_admitted	not_admitted	not_admitted	not_admitted	not_admitted	not_admitted	not_admitted	1	47;51601;52590;-;366.6	37;44687;46054;-;384.1	41;47312;48064;-;233.7	51;54047;56686;-;258.5	36;41865;44687;-;346.4	62;61744;63168;-;89.5	51;54047;56686;-;88.7	64;63895;64461;-;167.0	46;50950;51588;-;66.9	45;48936;50891;-;259.4	32;36937;39249;-;393.1	58;59394;59978;-;53.8	32;36937;39249;-;66.6	A	9/9	contiguous	26958	1	1	41240..41842-;200;TraS;0
NZ_CP036363.1	MPF_T	IncN	67	0	0	GA	1	21;15571;16305;+;32.5		24;16948;17265;+;63.3	25;17265;19865;+;113.8	25;17265;19865;+;76.4	26;19883;20596;+;105.5	28;20847;21887;+;142.4		29;22106;22804;+;131.9	30;22815;23699;+;159.7	31;23699;24859;+;156.3	32;24901;25896;+;81.2	44;38845;40374;-;38.5		pfam	both	A	7/7	canonical	1	0	unscoreable	3	0	0														not_admitted	not_admitted	not_admitted	not_admitted	not_admitted	not_admitted	not_admitted
NZ_CP036368.1	MPF_T	IncN	72	0	0	GA	1	26;21259;21993;+;32.5		29;22636;22953;+;63.3	30;22953;25553;+;113.8	30;22953;25553;+;76.4	31;25571;26284;+;105.5	33;26535;27575;+;142.4		34;27794;28492;+;131.9	35;28503;29387;+;159.7	36;29387;30547;+;156.3	37;30589;31584;+;81.2	49;44533;46062;-;38.5		pfam	both	A	7/7	canonical	1	0	unscoreable	3	0	0														not_admitted	not_admitted	not_admitted	not_admitted	not_admitted	not_admitted	not_admitted
NZ_CP036372.1	MPF_F	IncFII(pHN7A8);IncR	216	0	0	GA	0															not_admitted	not_admitted	not_admitted	not_admitted	not_admitted	not_admitted	not_admitted	not_admitted	not_admitted	not_admitted	1	66;51504;52496;+;369.5	79;59329;60702;+;376.8	74;57020;57763;+;234.4	63;47868;50495;+;301.8	80;60699;63515;+;376.7	58;44386;45813;+;94.1	63;47868;50495;+;101.8	56;43105;43671;+;183.8	69;53442;54080;+;70.4	72;54893;56743;+;265.0	84;65816;68041;+;391.7	62;46837;47352;+;77.6	84;65816;68041;+;70.3	A	9/9	contiguous	22711	1	1	63548..64069+;173;unnamed;0
NZ_CP036439.1	MPF_F	IncFIA(pBK30683);IncFII(pKP91)	141	0	0	GA	0															not_admitted	not_admitted	not_admitted	not_admitted	not_admitted	not_admitted	not_admitted	not_admitted	not_admitted	not_admitted	1	0;5;721;+;287.4	10;6463;7833;+;378.9	6;4515;5267;+;232.9	138;111355;113994;+;254.8	11;7833;10655;+;344.9	127;105649;107070;+;82.4	138;111355;113994;+;88.2	125;104362;104928;+;149.8	1;734;1363;+;67.2	2;1363;3318;+;256.2	14;12415;14745;+;390.6	130;107871;108440;+;55.2	14;12415;14745;+;66.7	A	9/9	split_2	111350	1	1	10681..11295+;204;TraS;0
NZ_CP036443.1	MPF_F	IncFIB(K)	219	0	0	GA	0															not_admitted	not_admitted	not_admitted	not_admitted	not_admitted	not_admitted	not_admitted	not_admitted	not_admitted	not_admitted	1	180;168537;169526;+;366.6	190;175073;176440;+;380.5	186;173063;173815;+;233.7	176;164441;167080;+;258.5	191;176440;179289;+;346.4	169;160189;161613;+;88.1	176;164441;167080;+;88.7	167;158896;159462;+;169.3	181;169539;170177;+;66.9	182;170236;172191;+;259.7	198;182815;185124;+;393.1	170;161686;162270;+;54.3	198;182815;185124;+;66.5	A	9/9	contiguous	23919	1	1	179292..179822+;176;unnamed;0
NZ_CP036516.1	MPF_T	-	162	0	0	GA	1	110;112698;113432;+;70.5	111;113446;113748;+;72.7	112;113745;114041;+;80.4	113;114051;116462;+;126.3	113;114051;116462;+;101.0	115;117293;118012;+;30.5	118;118401;119513;+;138.1		119;119516;120229;+;207.2	120;120360;121067;+;192.1	121;121074;122432;+;205.6	122;122392;123501;+;118.8	123;123479;125620;+;262.9		pfam	pfam_only	A	7/7	canonical	1	0	unscoreable	4	0	0														not_admitted	not_admitted	not_admitted	not_admitted	not_admitted	not_admitted	not_admitted
NZ_CP037425.1	-	-	55	0	0	GA	1	40;36616;37302;+;101.8	14;17900;18277;-;71.2	13;17559;17846;-;42.5	12;15057;17546;-;63.6	12;15057;17546;-;104.7	10;13870;14646;-;38.3	8;12427;13704;-;100.9		7;11656;12360;-;138.0	6;10597;11628;-;166.7	4;8683;10140;-;225.1	15;18288;19238;-;121.7	38;34035;36038;+;336.6		conjscan	both	A	7/7	canonical	1	0	unscoreable	5	0	0														not_admitted	not_admitted	not_admitted	not_admitted	not_admitted	not_admitted	not_admitted
NZ_CP037432.1	MPF_T	repUS73	68	0	0	GA	1				52;39529;41286;+;25.9									60;46932;48443;+;463.1		none	none	D	2/7	uncallable	0	0	unscoreable	7	0	0														not_admitted	not_admitted	not_admitted	not_admitted	not_admitted	not_admitted	not_admitted
NZ_CP037735.1	-	pKPC-CAV1321	271	0	0	GA	0															not_admitted	not_admitted	not_admitted	not_admitted	not_admitted	not_admitted	not_admitted	not_admitted	not_admitted	not_admitted	1	145;112882;113949;+;276.8	167;131088;132530;+;260.7	164;128766;129851;+;198.4	141;108288;110774;+;223.8	168;132545;136063;+;240.0	137;103663;105060;+;109.8	141;108288;110774;+;120.8	135;101754;102380;+;87.1	144;111572;112885;+;41.0	170;136499;139156;+;136.9	129;97230;99206;+;22.7	138;105057;105623;+;71.6	129;97230;99206;+;33.5	A	9/9	contiguous	39269	0	1	
NZ_CP037736.1	MPF_F	IncFIB(pB171)	113	0	0	GA	0															not_admitted	not_admitted	not_admitted	not_admitted	not_admitted	not_admitted	not_admitted	not_admitted	not_admitted	not_admitted	1	53;55250;56245;-;357.0	47;49636;50997;-;336.1	49;51634;52413;-;196.3	56;57338;59929;-;218.1	46;46737;49634;-;290.9	59;61351;62712;-;80.7	56;57338;59929;-;87.3	61;63429;63992;-;143.8	51;54260;54874;-;79.9	50;52410;54263;-;253.1		57;59940;60539;-;50.4		A	9/9	contiguous	16692	1	1	46477..46725-;82;unnamed;0
NZ_CP037738.1	MPF_T	IncX5	54	0	0	GA	1	30;27877;28521;-;36.9	29;27603;27893;-;69.0	28;24822;27581;-;42.6	28;24822;27581;-;132.2	28;24822;27581;-;70.5	27;24065;24814;-;54.3	25;22731;23786;-;136.1		24;21763;22491;-;120.9	23;20829;21758;-;134.2	22;19621;20832;-;136.9	21;18566;19609;-;64.1	20;16728;18563;-;504.8		pfam	pfam_only	A	7/7	canonical	1	1	unscoreable	1	0	0														not_admitted	not_admitted	not_admitted	not_admitted	not_admitted	not_admitted	not_admitted
NZ_CP037744.1	MPF_F	IncFIB(pQil);IncFII(K)	140	0	0	GA	0															not_admitted	not_admitted	not_admitted	not_admitted	not_admitted	not_admitted	not_admitted	not_admitted	not_admitted	not_admitted	1	78;75276;76265;-;366.0	68;68362;69729;-;380.7	72;70987;71739;-;233.7	82;77708;80347;-;258.5	67;65513;68362;-;345.6	90;83604;85028;-;88.8	82;77708;80347;-;88.7	92;85755;86321;-;169.3	77;74625;75263;-;67.0	76;72611;74566;-;259.7	63;60715;63027;-;392.7	89;82906;83490;-;55.4	63;60715;63027;-;66.5	A	9/9	contiguous	25040	1	1	64952..65500-;182;unnamed;0
NZ_CP037748.1	-	-	45	0	0	GA	1		26;28135;28401;-;62.1	25;25355;28126;-;73.1	25;25355;28126;-;149.8	25;25355;28126;-;88.5	23;24004;24741;-;75.4	22;23009;24004;-;122.8		19;21997;22656;-;174.8	18;21050;22000;-;154.9	17;19909;21057;-;161.1	15;18336;19325;-;97.2	13;15785;17605;-;365.5		pfam	pfam_only	A	7/7	canonical	1	1	unscoreable	5	0	0														not_admitted	not_admitted	not_admitted	not_admitted	not_admitted	not_admitted	not_admitted
NZ_CP037863.1	MPF_F	IncFIA(HI1)(pAR0022);IncFII(pAR0022)	169	0	0	GA	0															not_admitted	not_admitted	not_admitted	not_admitted	not_admitted	not_admitted	not_admitted	not_admitted	not_admitted	not_admitted	1	114;105979;106971;-;365.3	106;99759;101123;-;357.2	111;102698;103480;-;216.2	121;109659;112262;-;224.6	105;96469;99759;-;304.1	125;113589;114998;-;94.8	121;109659;112262;-;103.0	127;115747;116331;-;107.0	113;105348;105968;-;56.6	112;103477;105351;-;219.8	99;91121;93781;-;358.8	123;112441;112998;-;40.1	99;91121;93781;-;71.3	A	9/9	contiguous	24626	1	1	95885..96454-;189;unnamed;0
NZ_CP037868.1	-	-	54	0	0	GA	1	27;26069;26539;+;34.9	29;26931;27230;+;64.9	30;27230;27550;+;47.8	31;27547;29949;+;85.7	31;27547;29949;+;65.3	33;30979;31572;+;82.5	32;29951;30940;+;120.0		35;31803;32483;+;152.8	36;32485;33369;+;140.2	37;33359;34699;+;158.5	38;34686;35864;+;88.0	39;35861;37927;+;379.2		pfam	both	A	7/7	canonical	1	0	unscoreable	2	0	0														not_admitted	not_admitted	not_admitted	not_admitted	not_admitted	not_admitted	not_admitted
NZ_CP037873.1	MPF_F	IncFIB(S);IncFII(S);IncFII(pAR0022)	116	0	0	GA	0															not_admitted	not_admitted	not_admitted	not_admitted	not_admitted	not_admitted	not_admitted	not_admitted	not_admitted	not_admitted	1	89;66591;67583;+;366.7	98;72831;74213;+;392.4	95;71050;71799;+;231.0	86;62956;65604;+;314.1	99;74210;77032;+;394.4	78;59002;60423;+;91.5	86;62956;65604;+;97.8	76;57709;58275;+;188.1	91;67895;68533;+;70.6	93;68986;70812;+;271.0	102;78686;80848;+;374.1	81;61229;61744;+;96.7	102;78686;80848;+;72.1	A	9/9	contiguous	20977	1	1	77054..77542+;162;TraS;0
NZ_CP037875.1	MPF_F	IncFIA(HI1);IncHI1A;IncHI1B(R27)	265	0	0	GA	0															not_admitted	not_admitted	not_admitted	not_admitted	not_admitted	not_admitted	not_admitted	not_admitted	not_admitted	not_admitted	1	159;148183;149235;-;277.6	263;241639;243054;+;201.7	262;240603;241649;+;171.3	176;168258;170939;-;160.9	264;243063;247052;+;103.1	180;173287;174645;-;84.0	176;168258;170939;-;76.5	183;176312;177097;-;68.7	161;149380;150888;-;65.6	158;144984;148160;-;58.9	256;231584;233668;-;50.2	177;170948;171898;-;45.2	256;231584;233668;-;36.5	A	9/9	split_2	98079	0	1	
NZ_CP037876.1	MPF_F	IncFIB(S);IncFII(S);IncFII(pAR0022)	118	0	0	GA	0															not_admitted	not_admitted	not_admitted	not_admitted	not_admitted	not_admitted	not_admitted	not_admitted	not_admitted	not_admitted	1	22;21864;22856;-;366.7	13;15234;16616;-;392.4	16;17648;18397;-;231.0	25;23843;26491;-;314.1	12;12415;15237;-;394.4	33;29024;30445;-;91.5	25;23843;26491;-;97.8	35;31172;31738;-;188.1	20;20914;21552;-;70.6	18;18635;20461;-;271.0	9;8599;10761;-;374.1	30;27703;28218;-;96.7	9;8599;10761;-;72.1	A	9/9	contiguous	22573	1	1	11905..12393-;162;TraS;0
NZ_CP037880.1	MPF_T	IncX1;IncX3	49	0	0	GA	1	35;33349;33996;-;45.4	34;33075;33371;-;77.5	33;30303;33056;-;46.6	33;30303;33056;-;147.3	33;30303;33056;-;73.5	32;29534;30292;-;67.3	30;28107;29237;-;103.0		29;27149;27862;-;120.0	28;26215;27144;-;133.8	27;25013;26218;-;132.5	26;23980;25011;-;79.0	25;22142;23977;-;488.2		pfam	pfam_only	A	7/7	canonical	1	1	unscoreable	1	0	0														not_admitted	not_admitted	not_admitted	not_admitted	not_admitted	not_admitted	not_admitted
NZ_CP037904.1	MPF_F	IncFIB(AP001918);IncFIC(FII)	119	0	0	GA	0															not_admitted	not_admitted	not_admitted	not_admitted	not_admitted	not_admitted	not_admitted	not_admitted	not_admitted	not_admitted	1	60;61808;62800;-;369.3	52;55739;57112;-;380.7	56;58333;59076;-;232.7	63;63809;66436;-;303.5	51;52920;55742;-;380.3	67;68348;69775;-;94.3	63;63809;66436;-;100.3	69;70490;71056;-;183.8	59;61161;61799;-;68.3	58;59356;61164;-;268.3	48;49215;51386;-;391.8	64;66952;67467;-;78.0	48;49215;51386;-;70.4	A	9/9	contiguous	21275	1	1	52402..52899-;165;TraS;0
NZ_CP037906.1	MPF_T	IncX4	42	0	0	GA	1	17;17183;17803;-;41.6	16;16843;17169;-;64.4	15;14077;16824;-;63.8	15;14077;16824;-;151.8	15;14077;16824;-;46.1	14;13349;14065;-;94.2	13;12243;13337;-;150.1		11;11042;11728;-;169.0	10;10137;11045;-;142.4	9;9026;10144;-;163.9	8;7996;9024;-;85.0	7;6147;7964;-;314.8		pfam	pfam_only	A	7/7	canonical	1	1	unscoreable	1	0	0														not_admitted	not_admitted	not_admitted	not_admitted	not_admitted	not_admitted	not_admitted
NZ_CP037907.1	MPF_T	-	35	0	0	GA	1		28;22485;22793;-;67.6	27;22157;22474;-;84.6	26;19710;22160;-;142.6	26;19710;22160;-;84.6	25;19045;19689;-;97.0	23;17759;18772;-;161.4		21;16652;17410;-;142.8	20;15828;16649;-;197.9	19;14638;15828;-;188.9	18;13623;14660;-;83.0	17;11732;13660;-;402.6		pfam	both	A	7/7	canonical	1	0	unscoreable	2	0	0														not_admitted	not_admitted	not_admitted	not_admitted	not_admitted	not_admitted	not_admitted
NZ_CP037908.1	MPF_T	IncFII(pEH01)	42	0	0	GA	1	27;18884;19588;-;47.3	26;18584;18880;-;67.8	25;15827;18571;-;49.1	25;15827;18571;-;152.2	25;15827;18571;-;48.4	24;15105;15812;-;139.6	22;13789;14859;-;158.5		20;12920;13603;-;190.5	19;12015;12920;-;154.1	18;10708;11973;-;155.2	16;9519;10544;-;67.4	10;5707;7434;-;47.5		pfam	both	A	7/7	canonical	1	1	unscoreable	8	0	0														not_admitted	not_admitted	not_admitted	not_admitted	not_admitted	not_admitted	not_admitted
NZ_CP037911.1	MPF_T	IncFIA(HI1);IncHI1A;IncHI1B(R27);IncX4	279	1	0	GA	1	112;106450;107070;-;41.6	111;106110;106436;-;61.9	110;103344;106091;-;62.7	110;103344;106091;-;153.2	110;103344;106091;-;45.6	109;102616;103332;-;93.5	108;101510;102604;-;150.1		106;100309;100995;-;169.0	105;99404;100312;-;143.2	104;98302;99411;-;164.9	103;97272;98300;-;85.1	102;95423;97240;-;313.0		pfam	pfam_only	A	7/7	canonical	1	1	unscoreable	1	0	1		196;173858;175273;-;201.7	197;175263;176309;-;171.3	11;9122;11803;+;160.6	195;169860;173849;-;103.1	104;98302;99411;-;164.9	11;9122;11803;+;76.5	4;2964;3749;+;68.7			102;95423;97240;-;54.9	10;8163;9113;+;45.2	102;95423;97240;-;80.8	C	6/9	split_3	172299	0	0	
NZ_CP037912.1	MPF_F	IncFIA;IncFIB(AP001918);IncFII;IncQ1	163	0	0	GA	0															not_admitted	not_admitted	not_admitted	not_admitted	not_admitted	not_admitted	not_admitted	not_admitted	not_admitted	not_admitted	1	106;91133;92125;+;369.5	116;97904;99277;+;381.7	111;95231;95974;+;234.4	103;87494;90124;+;304.1	117;99274;102096;+;374.0	95;82641;84092;+;94.2	103;87494;90124;+;97.1	93;81360;81926;+;174.3	108;92469;93107;+;68.6	109;93104;94954;+;266.1	121;104368;106575;+;391.2	98;84952;85467;+;78.4	121;104368;106575;+;70.3	A	9/9	contiguous	23008	1	1	102118..102597+;159;TraS;0
NZ_CP037914.1	-	-	220	0	0	GA	0															not_admitted	not_admitted	not_admitted	not_admitted	not_admitted	not_admitted	not_admitted	not_admitted	not_admitted	not_admitted	1	189;187396;188409;-;404.3	184;181848;183314;-;353.2	185;183314;184240;-;234.9	195;190964;193504;-;418.9	183;178560;181823;-;352.0	198;195153;196481;-;100.8	195;190964;193504;-;95.3	200;197287;197871;-;185.7	188;186641;187384;-;118.0	187;184644;186638;-;285.1	114;100403;102889;+;492.1		88;79324;81243;-;94.8	B	8/9	split_3	117963	0	1	
NZ_CP037915.1	MPF_T	-	153	0	0	GA	1	83;77117;77734;-;33.1	81;75447;75770;-;67.0	80;75113;75454;-;86.2	79;72754;75120;-;144.0	79;72754;75120;-;100.5	78;72027;72752;-;159.5	76;70642;71706;-;104.0		74;69528;70205;-;179.1	73;68519;69526;-;191.8	72;67207;68517;-;175.9	71;66180;67202;-;94.5	70;64244;66166;-;297.8		pfam	both	A	7/7	canonical	1	0	unscoreable	3	0	0														not_admitted	not_admitted	not_admitted	not_admitted	not_admitted	not_admitted	not_admitted
NZ_CP037929.1	MPF_F	IncFIB(K);IncFII(K)	300	0	0	GA	0															not_admitted	not_admitted	not_admitted	not_admitted	not_admitted	not_admitted	not_admitted	not_admitted	not_admitted	not_admitted	1	191;187357;188349;-;366.6	181;180536;181906;-;381.2	185;183108;183860;-;232.4	194;189375;192014;-;258.7	180;177687;180536;-;344.2	203;195829;197253;-;89.2	194;189375;192014;-;88.8	205;197980;198546;-;167.0	190;186706;187344;-;67.0	189;184703;186709;-;259.0	176;173564;175873;-;393.2	201;194648;195217;-;49.7	176;173564;175873;-;65.8	A	9/9	contiguous	24416	1	1	177154..177684-;176;unnamed;0
NZ_CP037947.1	MPF_F	IncFII(pHN7A8)	88	0	0	GA	0															not_admitted	not_admitted	not_admitted	not_admitted	not_admitted	not_admitted	not_admitted	not_admitted	not_admitted	not_admitted	1	63;46782;47774;+;369.5	74;53551;54924;+;386.6	68;50880;51623;+;234.4	60;43143;45773;+;307.3	75;54921;57740;+;385.4	51;38045;39496;+;93.9	60;43143;45773;+;97.0	49;36764;37330;+;179.9	65;48118;48756;+;70.7	66;48753;50603;+;266.4	79;60010;62244;+;380.7	55;40600;41115;+;79.4	79;60010;62244;+;66.5	A	9/9	contiguous	23246	1	1	57765..58256+;163;TraS;0
NZ_CP037949.1	MPF_F	-	141	0	0	GA	0															not_admitted	not_admitted	not_admitted	not_admitted	not_admitted	not_admitted	not_admitted	not_admitted	not_admitted	not_admitted	1	75;68744;69736;+;357.3	82;74436;75803;+;359.8	78;72234;73028;+;214.3	70;64307;66976;+;240.0	83;75796;78819;+;318.6	64;60316;61701;+;98.6	70;64307;66976;+;93.6	62;58981;59583;+;89.1	76;69746;70375;+;59.3	77;70372;72234;+;204.2	86;80618;83260;+;373.0	68;63497;64042;+;49.3	86;80618;83260;+;66.5	A	9/9	contiguous	21637	1	1	78836..79396+;186;unnamed;0
NZ_CP037959.1	MPF_F	IncHI2;IncHI2A	312	0	0	GA	0															not_admitted	not_admitted	not_admitted	not_admitted	not_admitted	not_admitted	not_admitted	not_admitted	not_admitted	not_admitted	1	27;31707;32765;+;276.9	219;197892;199307;-;194.1	220;199297;200343;-;174.3	11;8955;11636;+;168.0	218;193930;197883;-;101.6	7;5270;6625;+;80.7	11;8955;11636;+;72.2	4;2758;3546;+;74.8	25;30054;31565;+;62.0	28;32784;35972;+;57.3	227;207385;209469;+;56.8	10;7996;8946;+;46.1	227;207385;209469;+;38.8	A	9/9	split_3	204627	1	1	192460..193749-;429;unnamed;0
NZ_CP037965.1	MPF_T	IncX3	67	0	0	GA	1	66;53292;53936;+;46.4		0;200;2953;+;47.0	0;200;2953;+;142.4	0;200;2953;+;73.3	1;2963;3733;+;60.1	3;4012;5067;+;133.2		4;5262;5990;+;119.4	5;5996;6925;+;138.8	6;6922;8136;+;128.3	8;8332;9366;+;65.7	9;9369;11204;+;495.9		pfam	pfam_only	A	7/7	canonical	1	1	unscoreable	2	0	0														not_admitted	not_admitted	not_admitted	not_admitted	not_admitted	not_admitted	not_admitted
NZ_CP037966.1	MPF_F	IncFIB(K);IncFII(K)	191	0	0	GA	0															not_admitted	not_admitted	not_admitted	not_admitted	not_admitted	not_admitted	not_admitted	not_admitted	not_admitted	not_admitted	1	135;137454;138446;-;366.6	125;130633;132003;-;381.2	129;133205;133957;-;232.4	138;139472;142111;-;258.7	124;127784;130633;-;344.2	147;145926;147350;-;89.2	138;139472;142111;-;88.8	149;148077;148643;-;167.0	134;136803;137441;-;67.0	133;134800;136806;-;259.0	120;123661;125970;-;393.2	145;144745;145314;-;49.7	120;123661;125970;-;65.8	A	9/9	contiguous	24416	1	1	127251..127781-;176;unnamed;0
NZ_CP037995.1	MPF_T	IncX1	64	0	0	GA	1		63;47917;48207;-;73.5	62;46880;47893;-;46.6	61;45135;46829;-;75.4	62;46880;47893;-;74.1	60;44396;45133;-;57.5	58;43614;44114;-;62.1		56;42148;42870;-;116.0	55;41213;42142;-;132.4	54;40002;41216;-;128.6	53;38947;39984;-;66.4	52;37107;38942;-;543.4		pfam	pfam_only	A	7/7	canonical	1	0	unscoreable	1	0	0														not_admitted	not_admitted	not_admitted	not_admitted	not_admitted	not_admitted	not_admitted
NZ_CP038019.1	-	-	45	0	0	GA	1		34;31731;32126;-;65.6	33;31392;31709;-;35.3	32;28858;31395;-;98.3	32;28858;31395;-;110.3	26;24343;25074;-;72.6	25;22659;24308;-;114.4		31;28138;28845;-;142.5	30;27241;28104;-;181.6	28;25481;26827;-;211.8	35;32226;33224;-;125.1	4;4386;6320;+;434.2		conjscan	conjscan_only	A	7/7	canonical	1	0	unscoreable	4	0	0														not_admitted	not_admitted	not_admitted	not_admitted	not_admitted	not_admitted	not_admitted
NZ_CP038024.1	MPF_T	-	77	0	0	GA	1	49;41695;42372;-;53.0	48;41255;41581;-;62.9	47;40929;41255;-;70.5	46;38459;40921;-;127.1	46;38459;40921;-;81.0	43;36395;37096;-;173.8	44;37108;38133;-;143.5		42;35384;36232;-;144.5	41;34479;35372;-;160.3	40;33058;34479;-;168.2	39;31965;33038;-;100.6	38;29647;31968;-;334.3		pfam	both	A	7/7	canonical	1	0	unscoreable	1	0	0														not_admitted	not_admitted	not_admitted	not_admitted	not_admitted	not_admitted	not_admitted
NZ_CP038103.1	MPF_F	-	200	0	0	GA	0															not_admitted	not_admitted	not_admitted	not_admitted	not_admitted	not_admitted	not_admitted	not_admitted	not_admitted	not_admitted	1	39;32635;33624;+;356.1	45;37751;39115;+;366.0	42;35286;36893;+;196.3	36;29002;31587;+;245.5	46;39115;41958;+;339.6	34;27100;28428;+;93.7	36;29002;31587;+;89.0	32;25832;26398;+;128.2	40;33634;34242;+;69.5	42;35286;36893;+;232.3	49;43339;45501;+;381.7	35;28440;28991;+;44.9	49;43339;45501;+;63.9	A	9/9	contiguous	17507	1	1	41955..42524+;189;unnamed;0
NZ_CP038104.1	MPF_F	-	83	0	0	GA	0															not_admitted	not_admitted	not_admitted	not_admitted	not_admitted	not_admitted	not_admitted	not_admitted	not_admitted	not_admitted	1	16;12425;13414;+;356.7	22;17624;18988;+;368.0	19;15915;16766;+;196.5	13;8792;11377;+;245.5	23;18988;21828;+;340.1	11;6890;8218;+;93.6	13;8792;11377;+;89.0	9;5607;6173;+;129.5	17;13424;14038;+;76.9	18;14056;15918;+;245.5	26;23230;25407;+;381.7	12;8230;8781;+;44.8	26;23230;25407;+;63.9	A	9/9	contiguous	17623	1	1	21828..22415+;195;unnamed;0
NZ_CP038139.1	MPF_F	IncHI2;IncHI2A;IncN	285	0	0	GA	0															not_admitted	not_admitted	not_admitted	not_admitted	not_admitted	not_admitted	not_admitted	not_admitted	not_admitted	not_admitted	1	32;33139;34197;-;276.9	143;138362;139777;+;194.1	142;137326;138372;+;174.3	48;53769;56450;-;168.0	144;139786;143739;+;101.7	52;58780;60135;-;80.7	48;53769;56450;-;72.2	55;61859;62647;-;74.8	34;34339;35850;-;62.0	31;29932;33120;-;57.3	135;128200;130284;-;56.8	49;56459;57409;-;46.1	135;128200;130284;-;38.8	A	9/9	split_2	109854	1	1	143920..145209+;429;unnamed;0
NZ_CP038181.1	MPF_T	IncX4	41	0	0	GA	1	39;32331;32951;+;41.6	40;32965;33291;+;64.4	0;1;2748;+;63.8	0;1;2748;+;151.8	0;1;2748;+;46.1	1;2760;3476;+;94.2	2;3488;4582;+;150.1		4;5097;5783;+;169.0	5;5780;6688;+;142.6	6;6681;7799;+;163.9	7;7801;8829;+;85.0	8;8861;10678;+;314.8		pfam	pfam_only	A	7/7	canonical	1	1	unscoreable	1	0	0														not_admitted	not_admitted	not_admitted	not_admitted	not_admitted	not_admitted	not_admitted
NZ_CP038196.1	MPF_T	-	2194	0	0	GA	1	355;375127;375795;+;95.1	216;222256;222585;-;90.7	46;41517;41798;+;34.8	381;401486;404071;-;26.7	47;41810;44443;+;136.7	213;218683;219450;-;236.5	378;399043;400386;-;199.0		377;398357;399046;-;232.2	376;397323;398360;-;216.9	208;214182;215309;-;221.0	217;222582;223580;-;124.3	14;9422;11410;+;341.2		conjscan	conjscan_only	A	7/7	canonical	1	0	unscoreable	17	0	0														not_admitted	not_admitted	not_admitted	not_admitted	not_admitted	not_admitted	not_admitted
NZ_CP038205.1	MPF_T	-	536	0	0	GA	1		395;418593;418925;-;91.0	394;418312;418593;-;33.2	393;415629;418301;-;31.8	393;415629;418301;-;138.3	392;414835;415632;-;228.0	390;413164;414519;-;199.1		389;412475;413164;-;230.1	388;411486;412478;-;218.1	387;410317;411486;-;224.6	396;418922;419920;-;117.0			conjscan	conjscan_only	B	6/7	canonical	1	0	unscoreable	2	0	0														not_admitted	not_admitted	not_admitted	not_admitted	not_admitted	not_admitted	not_admitted
NZ_CP038206.1	MPF_T	-	1465	0	0	GA	1	320;325611;326366;+;88.4	325;331943;332275;+;93.0	326;332275;332556;+;32.5	327;332567;335110;+;29.2	327;332567;335110;+;132.0	328;335107;335886;+;230.4	330;336195;337556;+;201.9		331;337553;338242;+;231.3	332;338239;339255;+;208.1	333;339252;340409;+;223.8	324;331014;331946;+;118.7	322;328371;330356;+;343.6		conjscan	conjscan_only	A	7/7	canonical	1	0	unscoreable	4	0	0														not_admitted	not_admitted	not_admitted	not_admitted	not_admitted	not_admitted	not_admitted
NZ_CP038240.1	MPF_T	-	154	0	0	GA	1	108;97977;99131;-;74.9	112;101921;102214;-;75.3	111;101650;101928;-;90.1	110;99285;101660;-;85.7	110;99285;101660;-;47.2	107;97168;97980;-;67.3	99;91743;92819;-;124.8		105;96498;96926;-;130.4	104;95797;96495;-;163.6	102;94423;94671;-;58.3	101;93432;94418;-;104.7	90;84927;86930;+;288.8		pfam	both	A	7/7	canonical	1	0	unscoreable	11	0	0														not_admitted	not_admitted	not_admitted	not_admitted	not_admitted	not_admitted	not_admitted
NZ_CP038264.1	MPF_F	-	95	0	0	GA	0															not_admitted	not_admitted	not_admitted	not_admitted	not_admitted	not_admitted	not_admitted	not_admitted	not_admitted	not_admitted	1	51;42653;43696;+;369.2	56;47675;49102;+;325.8	54;46465;47277;+;219.1	47;38365;41091;+;164.6	57;49118;52120;+;208.7	43;35367;36683;+;102.7	47;38365;41091;+;108.4	41;34076;34654;+;82.5	52;43711;44418;+;107.6	53;44415;46472;+;92.2	26;20768;22927;+;383.8	46;37711;38355;+;41.9	26;20768;22927;+;89.7	A	9/9	contiguous	28350	1	1	52192..52710+;172;unnamed;0
NZ_CP038272.1	MPF_T	-	64	0	0	GA	1	14;19125;19721;-;23.5	24;28348;28719;-;68.9	23;28043;28351;-;51.2	22;25509;28046;-;96.9	22;25509;28046;-;110.0	17;21363;22109;-;101.1	15;19725;21137;-;116.9		21;24775;25512;-;87.1	20;23883;24758;-;161.2	18;22106;23446;-;194.2	25;28739;29728;-;126.0	13;17185;19116;-;462.1		conjscan	conjscan_only	A	7/7	canonical	1	0	unscoreable	3	0	0														not_admitted	not_admitted	not_admitted	not_admitted	not_admitted	not_admitted	not_admitted
NZ_CP038275.1	MPF_F	IncFIA(HI1);IncFII(Yp)	118	0	0	GA	0															not_admitted	not_admitted	not_admitted	not_admitted	not_admitted	not_admitted	not_admitted	not_admitted	not_admitted	not_admitted	1	71;67727;68719;-;372.3	61;60715;62085;-;380.8	64;62869;63621;-;230.8	74;69742;72381;-;256.7	60;57872;60715;-;346.5	81;74860;76191;-;86.7	74;69742;72381;-;87.3	84;77001;77567;-;163.8	70;67088;67714;-;67.7	69;65148;67091;-;255.0	58;54833;57127;-;391.8	79;74117;74671;-;57.5	58;54833;57127;-;66.4	A	9/9	contiguous	22168	1	1	57334..57861-;175;unnamed;0
NZ_CP038276.1	MPF_F	IncFIB(K);IncFII(p14)	123	0	0	GA	0															not_admitted	not_admitted	not_admitted	not_admitted	not_admitted	not_admitted	not_admitted	not_admitted	not_admitted	not_admitted	1	107;96465;97457;-;372.3	96;89061;90431;-;383.1	99;91200;91952;-;222.2	110;98483;101122;-;256.8	95;86206;89061;-;333.3	118;104313;105734;-;86.2	110;98483;101122;-;88.4	120;106455;107021;-;163.8	106;95805;96452;-;68.8	104;93473;95428;-;254.7	92;82143;84461;-;390.7	116;103268;103852;-;55.9	92;82143;84461;-;66.8	A	9/9	contiguous	24312	1	1	85518..86189-;223;unnamed;0
NZ_CP038277.1	MPF_F	repFIB;repHI5B	268	0	0	GA	0															not_admitted	not_admitted	not_admitted	not_admitted	not_admitted	not_admitted	not_admitted	not_admitted	not_admitted	not_admitted	1	239;208314;209351;-;282.2	168;138750;140192;+;188.6	167;137756;138793;+;172.0	252;220994;223711;-;143.5	169;140194;144138;+;119.0	256;225834;227201;-;63.7	252;220994;223711;-;80.6	259;228856;229716;-;73.9	240;209348;210709;-;71.7	238;205123;208299;-;58.7	162;129336;131462;-;62.1	253;223760;224497;-;56.3	162;129336;131462;-;39.7	A	9/9	split_2	99520	0	1	
NZ_CP038280.1	MPF_T	IncX3	88	0	0	GA	1	75;67027;67671;-;46.4	74;66753;67043;-;73.1	73;65853;66728;-;49.1	71;62885;64573;-;76.7	73;65853;66728;-;76.6	70;62105;62875;-;60.1	68;60771;61826;-;133.2		67;59848;60576;-;119.4	66;58913;59842;-;138.8	65;57702;58916;-;128.3	63;56472;57506;-;65.7	62;54634;56469;-;495.9		pfam	pfam_only	A	7/7	canonical	1	0	unscoreable	3	0	0														not_admitted	not_admitted	not_admitted	not_admitted	not_admitted	not_admitted	not_admitted
NZ_CP038299.1	MPF_F	IncFII(pHN7A8)	81	0	0	GA	0															not_admitted	not_admitted	not_admitted	not_admitted	not_admitted	not_admitted	not_admitted	not_admitted	not_admitted	not_admitted	1	68;61062;62048;-;355.4	62;55468;56829;-;342.6	64;57461;58240;-;194.4	71;63141;65732;-;215.3	61;52578;55466;-;287.2	76;67321;68685;-;83.1	71;63141;65732;-;88.2	78;69402;69965;-;136.5	66;60072;60686;-;82.6	65;58237;60075;-;258.5	58;48736;50967;-;371.9	72;65743;66342;-;46.6	58;48736;50967;-;68.9	A	9/9	contiguous	20666	1	1	51992..52570-;192;unnamed;0
NZ_CP038303.1	MPF_T	IncX4	46	0	0	GA	1	27;22981;23592;-;53.5	26;22695;23009;-;30.3	25;22317;22637;-;39.0	24;19942;22314;-;81.6	24;19942;22314;-;33.6	30;24922;25563;+;33.9	29;23925;24920;+;126.4		22;19074;19811;-;158.9	21;18298;19077;-;167.2	20;17166;18308;-;143.3	19;16147;17166;-;91.9	18;14129;16096;-;290.5		pfam	pfam_only	A	7/7	uncallable	0	0	unscoreable	2	0	0														not_admitted	not_admitted	not_admitted	not_admitted	not_admitted	not_admitted	not_admitted
NZ_CP038307.1	MPF_T	IncX4	50	0	0	GA	1	23;19616;20227;-;52.3	22;19330;19644;-;30.3	21;18952;19272;-;39.0	20;16577;18949;-;81.6	20;16577;18949;-;33.6	26;21557;22198;+;33.9	25;20560;21555;+;126.4		18;15709;16446;-;158.9	17;14933;15712;-;167.2	16;13801;14943;-;143.5	15;12782;13801;-;91.9	14;10764;12731;-;291.2		pfam	pfam_only	A	7/7	uncallable	0	0	unscoreable	2	0	0														not_admitted	not_admitted	not_admitted	not_admitted	not_admitted	not_admitted	not_admitted
NZ_CP038311.1	MPF_T	IncX4	52	0	0	GA	1	22;21344;21955;-;53.8	21;21058;21372;-;30.8	20;20680;21000;-;39.0	19;18305;20677;-;81.6	19;18305;20677;-;33.0	25;23285;23926;+;33.9	24;22288;23283;+;126.4		17;17437;18174;-;158.9	16;16661;17440;-;167.2	15;15529;16671;-;143.5	14;14510;15529;-;91.9	13;12492;14459;-;291.4		pfam	pfam_only	A	7/7	uncallable	0	0	unscoreable	2	0	0														not_admitted	not_admitted	not_admitted	not_admitted	not_admitted	not_admitted	not_admitted
NZ_CP038317.1	MPF_T	IncX4	49	0	0	GA	1	30;24294;24905;-;53.5	29;24008;24322;-;30.3	28;23630;23950;-;39.0	27;21423;23627;-;81.7	27;21423;23627;-;33.8	33;26235;26876;+;33.9	32;25238;26233;+;126.4		22;19074;19811;-;158.9	21;18298;19077;-;167.2	20;17166;18308;-;143.3	19;16147;17166;-;91.9	18;14129;16096;-;290.5		pfam	pfam_only	A	7/7	uncallable	0	0	unscoreable	5	0	0														not_admitted	not_admitted	not_admitted	not_admitted	not_admitted	not_admitted	not_admitted
NZ_CP038322.1	MPF_F	IncC	177	0	0	GA	0															not_admitted	not_admitted	not_admitted	not_admitted	not_admitted	not_admitted	not_admitted	not_admitted	not_admitted	not_admitted	1	106;82459;83466;+;332.9	166;134093;135526;+;339.2	165;133063;134091;+;221.7	101;77260;79707;+;354.5	167;135539;139153;+;375.3	96;68388;69704;+;135.0	101;77260;79707;+;128.3	94;66864;67490;+;92.7	104;80529;81794;+;67.9	107;83582;86380;+;145.3	85;61189;63054;+;47.3	97;69701;70279;+;100.2	85;61189;63054;+;52.0	A	9/9	split_2	74350	0	1	
NZ_CP038326.1	MPF_F	IncC	178	0	0	GA	0															not_admitted	not_admitted	not_admitted	not_admitted	not_admitted	not_admitted	not_admitted	not_admitted	not_admitted	not_admitted	1	123;97638;98645;-;332.9	63;45578;47011;-;339.2	64;47013;48041;-;221.7	128;101397;103844;-;354.5	62;41951;45565;-;375.3	133;111400;112716;-;135.0	128;101397;103844;-;128.3	135;113614;114240;-;92.7	125;99310;100575;-;67.9	122;94724;97522;-;145.3	144;118050;119915;-;47.3	132;110825;111403;-;100.2	144;118050;119915;-;52.0	A	9/9	split_2	76099	0	1	
NZ_CP038334.1	MPF_T	IncI2(Delta)	79	0	0	GA	1	43;31633;32115;-;81.1		58;47684;47968;-;36.6	57;45321;47678;-;60.7	57;45321;47678;-;44.0	67;52650;53291;-;42.9	68;53297;54292;-;128.5		55;44421;45155;-;144.3	54;43654;44424;-;170.5	53;42525;43664;-;154.7	46;33883;35421;-;207.1	51;39453;41411;-;287.0		pfam	pfam_only	A	7/7	rearranged	1	0	unscoreable	14	1	0														not_admitted	not_admitted	not_admitted	not_admitted	not_admitted	not_admitted	not_admitted
NZ_CP038337.1	MPF_T	IncX4	50	0	0	GA	1	24;20474;21085;-;53.8	23;20188;20502;-;30.3	22;19810;20130;-;42.3	20;17434;19479;-;82.0		27;22415;23056;+;33.9	26;21418;22413;+;126.4		18;16566;17303;-;158.9	17;15790;16569;-;166.7	16;14658;15800;-;142.5	15;13639;14658;-;91.9	14;11620;13587;-;290.6		pfam	pfam_only	A	7/7	uncallable	0	0	unscoreable	3	0	0														not_admitted	not_admitted	not_admitted	not_admitted	not_admitted	not_admitted	not_admitted
NZ_CP038338.1	MPF_F	IncFIA;IncFIB(AP001918);IncFII(pSFO)	131	0	0	GA	0															not_admitted	not_admitted	not_admitted	not_admitted	not_admitted	not_admitted	not_admitted	not_admitted	not_admitted	not_admitted	1	76;64935;65927;+;369.3	85;70986;72362;+;380.2	80;68656;69399;+;232.2	73;61299;63926;+;305.7	86;72359;75181;+;383.0		73;61299;63926;+;98.0	62;55760;56326;+;181.8	77;65936;66574;+;68.7	78;66571;68379;+;268.0	89;76715;78949;+;393.6	70;60268;60783;+;77.4	89;76715;78949;+;69.1	A	9/9	contiguous	20955	1	1	75203..75682+;159;TraS;0
NZ_CP038340.1	MPF_T	IncI2(Delta)	74	0	0	GA	1	69;52316;52798;-;81.1		10;11794;12078;-;36.6	9;9431;11788;-;60.7	9;9431;11788;-;44.0	20;17685;18329;-;41.0	21;18335;19330;-;123.7		7;8531;9265;-;144.4	6;7764;8534;-;170.5	5;6635;7774;-;154.7	73;55132;55788;-;101.6	3;3587;5545;-;288.2		pfam	pfam_only	A	7/7	rearranged	1	0	unscoreable	11	0	0														not_admitted	not_admitted	not_admitted	not_admitted	not_admitted	not_admitted	not_admitted
NZ_CP038361.1	MPF_T	IncI2(Delta)	76	0	0	GA	1	36;27695;28177;+;81.1	21;11886;12176;+;28.9	22;12283;12567;+;34.4	23;12573;14930;+;60.1	23;12573;14930;+;44.0	12;6181;6822;+;43.4	11;5180;6175;+;136.6		25;15096;15830;+;144.4	26;15827;16597;+;170.5	27;16587;17726;+;154.7	33;24388;25926;+;207.1	29;18872;20830;+;287.0		pfam	pfam_only	A	7/7	rearranged	1	0	unscoreable	13	0	0														not_admitted	not_admitted	not_admitted	not_admitted	not_admitted	not_admitted	not_admitted
NZ_CP038367.1	MPF_T	IncX4	48	0	0	GA	1	37;28464;29075;+;53.8	38;29047;29361;+;30.8	39;29419;29967;+;36.6	42;31056;33428;+;81.6	42;31056;33428;+;33.6	34;26493;27134;-;33.9	35;27136;28131;-;126.4		44;33559;34296;+;158.9	45;34293;35072;+;167.2	46;35062;36204;+;142.9	47;36204;37223;+;91.9			pfam	pfam_only	B	6/7	uncallable	0	0	unscoreable	4	0	0														not_admitted	not_admitted	not_admitted	not_admitted	not_admitted	not_admitted	not_admitted
NZ_CP038381.1	MPF_T	IncI2(Delta)	76	0	0	GA	1	3;2797;3279;+;81.1	64;45537;45827;+;28.9	65;45934;46218;+;34.4	66;46224;48581;+;60.1	66;46224;48581;+;44.0	55;39832;40473;+;43.4	54;38831;39826;+;136.6		68;48747;49481;+;144.4	69;49478;50248;+;170.5	70;50238;51377;+;154.7	0;66;1028;+;188.2	72;52483;54441;+;287.0		pfam	pfam_only	A	7/7	rearranged	1	0	unscoreable	10	0	0														not_admitted	not_admitted	not_admitted	not_admitted	not_admitted	not_admitted	not_admitted
NZ_CP038385.1	MPF_F	IncFII	94	0	0	GA	0															not_admitted	not_admitted	not_admitted	not_admitted	not_admitted	not_admitted	not_admitted	not_admitted	not_admitted	not_admitted	1	71;56141;57133;+;369.5	82;62868;64241;+;382.9	76;60197;60940;+;234.4	68;52505;55132;+;301.1	83;64238;67057;+;385.4	62;48925;50352;+;93.9	68;52505;55132;+;101.1	60;47644;48210;+;182.7	73;57477;58115;+;70.7	74;58112;59920;+;267.1	86;68589;70778;+;380.8	66;51474;51989;+;76.0	86;68589;70778;+;66.5	A	9/9	contiguous	20945	1	1	67082..67573+;163;TraS;0
NZ_CP038393.1	MPF_F	IncFII	112	0	0	GA	0															not_admitted	not_admitted	not_admitted	not_admitted	not_admitted	not_admitted	not_admitted	not_admitted	not_admitted	not_admitted	1	102;92381;93373;+;365.5		106;96102;96845;+;233.1	99;88745;91372;+;306.8	0;98;2923;+;389.2	92;85263;86690;+;94.7	99;88745;91372;+;99.7	90;83982;84548;+;183.8	103;93382;94020;+;68.4	104;94017;95825;+;267.5	3;4427;6625;+;388.2	96;87714;88229;+;78.4	3;4427;6625;+;70.3	B	8/9	split_2	96004	1	1	2920..3429+;169;unnamed;0
NZ_CP038409.1	MPF_T	IncX4	37	0	0	GA	1	7;4329;4940;+;53.8	8;4912;5226;+;30.3	9;5284;5604;+;45.6	10;5607;7979;+;81.6	10;5607;7979;+;33.6	4;2358;2999;-;33.9	5;3001;3996;-;126.4		12;8110;8847;+;156.5	13;8844;9623;+;167.2	14;9613;10755;+;143.5	15;10755;11774;+;91.9	16;11825;13792;+;290.5		pfam	pfam_only	A	7/7	uncallable	0	0	unscoreable	2	0	0														not_admitted	not_admitted	not_admitted	not_admitted	not_admitted	not_admitted	not_admitted
NZ_CP038413.1	MPF_F	IncFIA;IncFIB(AP001918);IncFII(pSFO)	135	0	0	GA	0															not_admitted	not_admitted	not_admitted	not_admitted	not_admitted	not_admitted	not_admitted	not_admitted	not_admitted	not_admitted	1	55;52806;53798;-;369.3	45;46371;47747;-;380.2	50;49334;50077;-;232.2	58;54807;57434;-;305.4	44;43552;46374;-;385.6		58;54807;57434;-;98.0	69;62407;62973;-;181.8	54;52159;52797;-;68.7	52;50354;51874;-;268.6	41;39829;42018;-;393.7	61;57950;58465;-;77.4	41;39829;42018;-;69.2	A	9/9	contiguous	22578	1	1	43051..43530-;159;TraS;0
NZ_CP038446.1	-	-	235	0	0	GA	0															not_admitted	not_admitted	not_admitted	not_admitted	not_admitted	not_admitted	not_admitted	not_admitted	not_admitted	not_admitted	1	117;105574;106689;-;259.0	40;40570;41931;+;204.9	39;39488;40573;+;158.1	160;150220;152823;+;126.6	41;41941;44949;+;163.9	153;143147;144526;+;88.1	160;150220;152823;+;71.2	151;141133;141975;+;60.1	119;106811;108115;-;40.7	116;102423;105572;-;72.9	147;135844;137763;-;42.5	159;149558;150187;+;52.2	147;135844;137763;-;29.5	A	9/9	split_3	110732	0	1	
NZ_CP038449.1	-	-	240	0	0	GA	0															not_admitted	not_admitted	not_admitted	not_admitted	not_admitted	not_admitted	not_admitted	not_admitted	not_admitted	not_admitted	1	201;163072;164187;+;259.0	37;28896;30257;-;204.9	38;30254;31339;-;158.1	158;116938;119541;-;126.6	36;25878;28886;-;163.9	165;125235;126614;-;88.1	158;116938;119541;-;71.2	167;127786;128628;-;60.1	199;161646;162950;+;40.7	202;164189;167338;+;72.9	171;131998;133917;+;42.5	159;119574;120203;-;52.2	171;131998;133917;+;29.5	A	9/9	split_3	138311	0	1	
NZ_CP038450.1	-	-	223	0	0	GA	0															not_admitted	not_admitted	not_admitted	not_admitted	not_admitted	not_admitted	not_admitted	not_admitted	not_admitted	not_admitted	1	169;149872;150882;-;101.2			171;151605;154577;-;143.0	164;145882;147405;-;60.6		171;151605;154577;-;32.6				40;30420;32564;-;28.0		40;30420;32564;-;50.4	D	3/9	split_2	121185	1	0	144410..145885-;491;unnamed;0
NZ_CP038454.1	MPF_F	IncHI2;IncHI2A	234	0	0	GA	0															not_admitted	not_admitted	not_admitted	not_admitted	not_admitted	not_admitted	not_admitted	not_admitted	not_admitted	not_admitted	1	30;33748;34806;+;276.9			11;8955;11636;+;168.0		7;5270;6625;+;80.7	11;8955;11636;+;72.2	4;2758;3546;+;74.8	28;32095;33606;+;62.0	31;34825;38013;+;57.3		10;7996;8946;+;46.1		C	6/9	split_2	32067	0	1	
NZ_CP038455.1	MPF_F	IncFIB(AP001918);IncFII	129	0	0	GA	0															not_admitted	not_admitted	not_admitted	not_admitted	not_admitted	not_admitted	not_admitted	not_admitted	not_admitted	not_admitted	1	62;66189;67181;-;369.3	54;60081;61454;-;381.0	58;62675;63418;-;235.0	65;68190;70820;-;303.5	53;57262;60084;-;388.9	76;77283;78710;-;94.7	65;68190;70820;-;98.5	78;79425;79991;-;183.8	61;65542;66180;-;68.7	60;63695;65545;-;265.1	49;52816;54987;-;391.8	73;75884;76399;-;76.4	49;52816;54987;-;70.4	A	9/9	contiguous	26609	1	1	56761..57240-;159;TraS;0
NZ_CP038464.1	MPF_F	IncC	199	0	0	GA	0															not_admitted	not_admitted	not_admitted	not_admitted	not_admitted	not_admitted	not_admitted	not_admitted	not_admitted	not_admitted	1	2;1538;2545;+;332.9	94;81487;82920;+;339.2	93;80457;81485;+;221.7	196;161473;163920;+;354.2	95;82933;86547;+;375.3	187;148162;149478;+;135.0	196;161473;163920;+;128.6	185;146638;147264;+;92.1	0;37;873;+;38.4	3;2661;5456;+;145.3	176;140963;142828;+;47.4	188;149475;150053;+;100.2	176;140963;142828;+;52.0	A	9/9	split_3	161436	0	1	
NZ_CP038466.1	MPF_F	IncC	199	0	0	GA	0															not_admitted	not_admitted	not_admitted	not_admitted	not_admitted	not_admitted	not_admitted	not_admitted	not_admitted	not_admitted	1	155;127848;128855;+;332.9	48;42663;44096;+;339.2	47;41633;42661;+;221.7	150;122649;125096;+;354.2	49;44109;47723;+;375.3	141;109338;110654;+;135.0	150;122649;125096;+;128.6	139;107814;108440;+;92.1	153;125918;127183;+;67.6	156;128971;131766;+;145.3	130;102139;104004;+;47.4	142;110651;111229;+;100.2	130;102139;104004;+;52.0	A	9/9	split_2	87338	0	1	
NZ_CP038624.1	-	-	42	0	0	GA	1	31;27884;28492;-;51.5	30;27554;27883;-;42.7	29;27176;27517;-;42.0	28;24802;27174;-;55.4	28;24802;27174;-;47.1	26;23980;24642;-;47.6	25;22969;23964;-;119.7		23;22080;22832;-;135.0	22;21298;22062;-;165.6	21;20130;21311;-;130.6	20;19103;20119;-;101.2	19;17090;19099;-;286.0		pfam	pfam_only	A	7/7	canonical	1	0	unscoreable	2	0	0														not_admitted	not_admitted	not_admitted	not_admitted	not_admitted	not_admitted	not_admitted
NZ_CP038639.1	MPF_T	-	410	0	0	GA	1	227;227197;227631;+;67.6	220;220182;220529;-;32.8		218;217401;219857;-;66.7	218;217401;219857;-;95.8		216;215566;216609;-;78.6		222;222252;222959;+;118.7	223;222969;223883;+;164.4	224;223883;225124;+;170.5	232;231742;233544;+;176.6	214;212445;214310;-;36.4		none	none	A	7/7	canonical	0	0	unscoreable	9	0	0														not_admitted	not_admitted	not_admitted	not_admitted	not_admitted	not_admitted	not_admitted
NZ_CP038640.1	MPF_T	IncP1	86	0	0	GA	1	46;48046;48681;+;23.5	35;37729;38193;+;63.5	36;38197;38508;+;49.8	37;38505;41063;+;91.0	37;38505;41063;+;112.1	42;44697;45461;+;122.3	44;45709;47427;+;143.0		38;41060;41842;+;147.6	39;41860;42759;+;186.5	41;43255;44676;+;223.3	34;36750;37712;+;127.6	56;59661;61574;-;525.1		conjscan	conjscan_only	A	7/7	canonical	1	0	unscoreable	4	0	0														not_admitted	not_admitted	not_admitted	not_admitted	not_admitted	not_admitted	not_admitted
NZ_CP038654.1	MPF_F	IncHI2;IncHI2A	322	0	0	GA	0															not_admitted	not_admitted	not_admitted	not_admitted	not_admitted	not_admitted	not_admitted	not_admitted	not_admitted	not_admitted	1	62;62537;63595;-;276.9	188;179333;180748;+;194.1	187;178297;179343;+;173.7	80;84234;86915;-;168.0	189;180757;184707;+;101.6	84;89245;90600;-;80.7	80;84234;86915;-;72.2	87;92324;93112;-;74.8	64;63737;65248;-;62.7	61;59330;62518;-;58.3	181;169172;171256;-;56.7	81;86924;87874;-;46.4	181;169172;171256;-;38.8	A	9/9	split_3	121427	0	1	
NZ_CP038657.1	MPF_F	IncHI2;IncHI2A	284	0	0	GA	0															not_admitted	not_admitted	not_admitted	not_admitted	not_admitted	not_admitted	not_admitted	not_admitted	not_admitted	not_admitted	1	64;64654;65712;-;276.9	194;183895;185310;+;194.1	193;182859;183905;+;173.7	82;86351;89032;-;168.0	195;185319;189269;+;101.6	86;91362;92717;-;80.7	82;86351;89032;-;72.2	89;94441;95229;-;74.8	66;65854;67365;-;62.7	63;61447;64635;-;58.3	187;173734;175818;-;56.7	83;89041;89991;-;46.4	187;173734;175818;-;38.8	A	9/9	split_3	123872	0	1	
NZ_CP038659.1	MPF_F	IncHI2;IncHI2A	445	0	0	GA	0															not_admitted	not_admitted	not_admitted	not_admitted	not_admitted	not_admitted	not_admitted	not_admitted	not_admitted	not_admitted	1	54;39107;40705;-;329.9	47;34340;35728;-;240.6	181;150272;151318;-;173.7	288;242700;245381;+;168.0	46;30687;34340;-;106.2	284;239015;240370;+;80.7	57;44497;47031;-;77.1	281;236503;237291;+;74.8	51;37567;38307;-;97.4	55;40864;42462;-;77.4	1;933;3278;+;355.3	58;47031;47549;-;75.7	1;933;3278;+;64.0	A	9/9	split_4	241767	1	1	30397..30585-;62;unnamed;0
NZ_CP038848.1	MPF_F	IncFIB(S);IncFII(S);IncFII(pAR0022)	115	0	0	GA	0															not_admitted	not_admitted	not_admitted	not_admitted	not_admitted	not_admitted	not_admitted	not_admitted	not_admitted	not_admitted	1	12;8330;9322;+;366.7	21;14570;15952;+;392.4	18;12789;13538;+;231.0	9;4695;7343;+;314.1	22;15949;18771;+;394.4	1;741;2162;+;91.5	9;4695;7343;+;97.8		14;9634;10272;+;70.6	16;10725;12551;+;271.0	25;20425;22587;+;374.1	4;2968;3483;+;96.7	25;20425;22587;+;72.1	B	8/9	contiguous	19684	1	1	18793..19281+;162;TraS;0
NZ_CP038858.1	MPF_F	IncR	141	0	0	GA	0															not_admitted	not_admitted	not_admitted	not_admitted	not_admitted	not_admitted	not_admitted	not_admitted	not_admitted	not_admitted	1	118;106044;107036;+;371.9	129;112719;114095;+;380.7	122;109765;110508;+;235.0	115;102408;105035;+;303.5	130;114092;116905;+;379.7	111;99069;100496;+;94.3	115;102408;105035;+;99.7	109;97788;98354;+;183.8	119;107045;107683;+;68.7	120;107680;109488;+;266.1	134;119154;121343;+;391.8	114;101377;101892;+;78.0	134;119154;121343;+;70.4	A	9/9	contiguous	21366	1	1	116930..117427+;165;TraS;0
NZ_CP038864.1	MPF_T	-	52	0	0	GA	1				35;23585;26053;-;105.0			23;14279;15427;-;95.5		33;22764;23441;-;112.5	32;21694;22764;-;97.6	31;20561;21697;-;144.7	29;19407;20357;-;100.7	27;17104;18993;-;244.4		none	none	A	7/7	canonical	0	0	unscoreable	6	0	0														not_admitted	not_admitted	not_admitted	not_admitted	not_admitted	not_admitted	not_admitted
NZ_CP038901.1	-	-	60	0	0	GA	0															not_admitted	not_admitted	not_admitted	not_admitted	not_admitted	not_admitted	not_admitted	not_admitted	not_admitted	not_admitted	1	18;14885;15874;+;368.0	23;19742;21124;+;327.0	21;18449;19261;+;161.8	15;11257;13836;+;182.3	24;21147;23915;+;245.8	13;9326;10795;+;59.7	15;11257;13836;+;95.9	11;8050;8619;+;93.5	19;15883;16548;+;80.6	20;16545;18452;+;242.6	28;25445;27442;+;333.7	14;10798;11244;+;33.9	28;25445;27442;+;71.7	A	9/9	contiguous	17395	1	1	23905..24303+;132;unnamed;1
NZ_CP038920.1	-	-	60	0	0	GA	0															not_admitted	not_admitted	not_admitted	not_admitted	not_admitted	not_admitted	not_admitted	not_admitted	not_admitted	not_admitted	1	18;14885;15874;+;368.0	23;19742;21124;+;327.0	21;18449;19261;+;161.8	15;11257;13836;+;182.3	24;21147;23915;+;245.8	13;9326;10795;+;59.7	15;11257;13836;+;95.9	11;8050;8619;+;93.5	19;15883;16548;+;80.6	20;16545;18452;+;242.6	28;25445;27442;+;333.7	14;10798;11244;+;33.9	28;25445;27442;+;71.7	A	9/9	contiguous	17395	1	1	23905..24303+;132;unnamed;1
NZ_CP038933.1	-	-	287	0	0	GA	0															not_admitted	not_admitted	not_admitted	not_admitted	not_admitted	not_admitted	not_admitted	not_admitted	not_admitted	not_admitted	1	51;42032;43021;+;368.0	56;46889;48271;+;327.0	54;45596;46408;+;161.8	48;38404;40983;+;182.3	57;48294;51062;+;245.8	46;36473;37942;+;59.7	48;38404;40983;+;95.9	44;35197;35766;+;93.5	52;43030;43695;+;80.6	53;43692;45599;+;242.6	61;52592;54589;+;333.7	47;37945;38391;+;33.9	61;52592;54589;+;71.7	A	9/9	contiguous	17395	1	1	51052..51450+;132;unnamed;1
NZ_CP039052.1	-	-	60	0	0	GA	0															not_admitted	not_admitted	not_admitted	not_admitted	not_admitted	not_admitted	not_admitted	not_admitted	not_admitted	not_admitted	1	18;14885;15874;+;368.0	23;19742;21124;+;327.0	21;18449;19261;+;161.8	15;11257;13836;+;182.3	24;21147;23915;+;245.8	13;9326;10795;+;59.7	15;11257;13836;+;95.9	11;8050;8619;+;93.5	19;15883;16548;+;80.6	20;16545;18452;+;242.6	28;25445;27442;+;333.7	14;10798;11244;+;33.9	28;25445;27442;+;71.7	A	9/9	contiguous	17395	1	1	23905..24303+;132;unnamed;1
NZ_CP039057.1	-	-	60	0	0	GA	0															not_admitted	not_admitted	not_admitted	not_admitted	not_admitted	not_admitted	not_admitted	not_admitted	not_admitted	not_admitted	1	18;14885;15874;+;368.0	23;19742;21124;+;327.0	21;18449;19261;+;161.8	15;11257;13836;+;182.3	24;21147;23915;+;245.8	13;9326;10795;+;59.7	15;11257;13836;+;95.9	11;8050;8619;+;93.5	19;15883;16548;+;80.6	20;16545;18452;+;242.6	28;25445;27442;+;333.7	14;10798;11244;+;33.9	28;25445;27442;+;71.7	A	9/9	contiguous	17395	1	1	23905..24303+;132;unnamed;1
NZ_CP039062.1	-	-	60	0	0	GA	0															not_admitted	not_admitted	not_admitted	not_admitted	not_admitted	not_admitted	not_admitted	not_admitted	not_admitted	not_admitted	1	18;14885;15874;+;368.0	23;19742;21124;+;327.0	21;18449;19261;+;161.8	15;11257;13836;+;182.3	24;21147;23915;+;245.8	13;9326;10795;+;59.7	15;11257;13836;+;95.9	11;8050;8619;+;93.5	19;15883;16548;+;80.6	20;16545;18452;+;242.6	28;25445;27442;+;333.7	14;10798;11244;+;33.9	28;25445;27442;+;71.7	A	9/9	contiguous	17395	1	1	23905..24303+;132;unnamed;1
NZ_CP039067.1	-	-	91	0	0	GA	0															not_admitted	not_admitted	not_admitted	not_admitted	not_admitted	not_admitted	not_admitted	not_admitted	not_admitted	not_admitted	1	59;49674;50645;+;367.6	64;54509;55891;+;317.9	62;53216;54028;+;167.0	53;45042;47576;+;179.1	65;55914;58682;+;247.6	50;41920;43389;+;60.3	53;45042;47576;+;95.8	48;40644;41213;+;95.6	60;50656;51324;+;77.9	61;51324;53219;+;236.9	69;60760;62754;+;347.1	51;43395;43838;+;35.1	69;60760;62754;+;74.4	A	9/9	contiguous	20116	0	1	
NZ_CP039072.1	-	-	60	0	0	GA	0															not_admitted	not_admitted	not_admitted	not_admitted	not_admitted	not_admitted	not_admitted	not_admitted	not_admitted	not_admitted	1	18;14885;15874;+;368.0	23;19742;21124;+;327.0	21;18449;19261;+;161.8	15;11257;13836;+;182.3	24;21147;23915;+;245.8	13;9326;10795;+;59.7	15;11257;13836;+;95.9	11;8050;8619;+;93.5	19;15883;16548;+;80.6	20;16545;18452;+;242.6	28;25445;27442;+;333.7	14;10798;11244;+;33.9	28;25445;27442;+;71.7	A	9/9	contiguous	17395	1	1	23905..24303+;132;unnamed;1
NZ_CP039077.1	-	-	60	0	0	GA	0															not_admitted	not_admitted	not_admitted	not_admitted	not_admitted	not_admitted	not_admitted	not_admitted	not_admitted	not_admitted	1	18;14885;15874;+;368.0	23;19742;21124;+;327.0	21;18449;19261;+;161.8	15;11257;13836;+;182.3	24;21147;23915;+;245.8	13;9326;10795;+;59.7	15;11257;13836;+;95.9	11;8050;8619;+;93.5	19;15883;16548;+;80.6	20;16545;18452;+;242.6	28;25445;27442;+;333.7	14;10798;11244;+;33.9	28;25445;27442;+;71.7	A	9/9	contiguous	17395	1	1	23905..24303+;132;unnamed;1
NZ_CP039083.1	-	-	60	0	0	GA	0															not_admitted	not_admitted	not_admitted	not_admitted	not_admitted	not_admitted	not_admitted	not_admitted	not_admitted	not_admitted	1	18;14885;15874;+;368.0	23;19742;21124;+;327.0	21;18449;19261;+;161.8	15;11257;13836;+;182.3	24;21147;23915;+;245.8	13;9326;10795;+;59.7	15;11257;13836;+;95.9	11;8050;8619;+;93.5	19;15883;16548;+;80.6	20;16545;18452;+;242.6	28;25445;27442;+;333.7	14;10798;11244;+;33.9	28;25445;27442;+;71.7	A	9/9	contiguous	17395	1	1	23905..24303+;132;unnamed;1
NZ_CP039089.1	-	-	62	0	0	GA	0															not_admitted	not_admitted	not_admitted	not_admitted	not_admitted	not_admitted	not_admitted	not_admitted	not_admitted	not_admitted	1	20;15991;16980;+;368.0	25;20848;22230;+;327.0	23;19555;20367;+;161.8	15;11257;12744;+;184.4	26;22253;25021;+;245.8	13;9326;10795;+;59.7	17;13782;14942;+;95.9	11;8050;8619;+;93.5	21;16989;17654;+;80.6	22;17651;19558;+;242.6	30;26551;28548;+;333.7	14;10798;11244;+;33.9	30;26551;28548;+;71.7	A	9/9	contiguous	18501	1	1	25011..25409+;132;unnamed;1
NZ_CP039094.1	-	-	60	0	0	GA	0															not_admitted	not_admitted	not_admitted	not_admitted	not_admitted	not_admitted	not_admitted	not_admitted	not_admitted	not_admitted	1	18;14885;15874;+;368.0	23;19742;21124;+;327.0	21;18449;19261;+;161.8	15;11257;13836;+;182.3	24;21147;23915;+;245.8	13;9326;10795;+;59.7	15;11257;13836;+;95.9	11;8050;8619;+;93.5	19;15883;16548;+;80.6	20;16545;18452;+;242.6	28;25445;27442;+;333.7	14;10798;11244;+;33.9	28;25445;27442;+;71.7	A	9/9	contiguous	17395	1	1	23905..24303+;132;unnamed;1
NZ_CP039099.1	-	-	60	0	0	GA	0															not_admitted	not_admitted	not_admitted	not_admitted	not_admitted	not_admitted	not_admitted	not_admitted	not_admitted	not_admitted	1	18;14885;15874;+;368.0	23;19742;21124;+;327.0	21;18449;19261;+;161.8	15;11257;13836;+;182.3	24;21147;23915;+;245.8	13;9326;10795;+;59.7	15;11257;13836;+;95.9	11;8050;8619;+;93.5	19;15883;16548;+;80.6	20;16545;18452;+;242.6	28;25445;27442;+;333.7	14;10798;11244;+;33.9	28;25445;27442;+;71.7	A	9/9	contiguous	17395	1	1	23905..24303+;132;unnamed;1
NZ_CP039104.1	-	-	60	0	0	GA	0															not_admitted	not_admitted	not_admitted	not_admitted	not_admitted	not_admitted	not_admitted	not_admitted	not_admitted	not_admitted	1	18;14885;15874;+;368.0	23;19742;21124;+;327.0	21;18449;19261;+;161.8	15;11257;13836;+;182.3	24;21147;23915;+;245.8	13;9326;10795;+;59.7	15;11257;13836;+;95.9	11;8050;8619;+;93.5	19;15883;16548;+;80.6	20;16545;18452;+;242.6	28;25445;27442;+;333.7	14;10798;11244;+;33.9	28;25445;27442;+;71.7	A	9/9	contiguous	17395	1	1	23905..24303+;132;unnamed;1
NZ_CP039109.1	-	-	60	0	0	GA	0															not_admitted	not_admitted	not_admitted	not_admitted	not_admitted	not_admitted	not_admitted	not_admitted	not_admitted	not_admitted	1	18;14885;15874;+;368.0	23;19742;21124;+;327.0	21;18449;19261;+;161.8	15;11257;13836;+;182.3	24;21147;23915;+;245.8	13;9326;10795;+;59.7	15;11257;13836;+;95.9	11;8050;8619;+;93.5	19;15883;16548;+;80.6	20;16545;18452;+;242.6	28;25445;27442;+;333.7	14;10798;11244;+;33.9	28;25445;27442;+;71.7	A	9/9	contiguous	17395	1	1	23905..24303+;132;unnamed;1
NZ_CP039114.1	-	-	60	0	0	GA	0															not_admitted	not_admitted	not_admitted	not_admitted	not_admitted	not_admitted	not_admitted	not_admitted	not_admitted	not_admitted	1	18;14885;15874;+;368.0	23;19742;21124;+;327.0	21;18449;19261;+;161.8	15;11257;13836;+;182.3	24;21147;23915;+;245.8	13;9326;10795;+;59.7	15;11257;13836;+;95.9	11;8050;8619;+;93.5	19;15883;16548;+;80.6	20;16545;18452;+;242.6	28;25445;27442;+;333.7	14;10798;11244;+;33.9	28;25445;27442;+;71.7	A	9/9	contiguous	17395	1	1	23905..24303+;132;unnamed;1
NZ_CP039170.1	MPF_F	IncHI2;IncHI2A	312	0	0	GA	0															not_admitted	not_admitted	not_admitted	not_admitted	not_admitted	not_admitted	not_admitted	not_admitted	not_admitted	not_admitted	1	47;56251;57309;+;276.9	239;222436;223851;-;194.1	240;223841;224887;-;174.3	31;33498;36179;+;168.0	238;218474;222427;-;101.6	27;29813;31168;+;80.7	31;33498;36179;+;72.2	24;27301;28089;+;74.8	45;54598;56109;+;62.0	48;57328;60516;+;57.3	247;231931;234015;+;56.8	30;32539;33489;+;46.1	247;231931;234015;+;38.8	A	9/9	split_3	204630	1	1	217004..218293-;429;unnamed;0
NZ_CP039173.1	-	-	60	0	0	GA	0															not_admitted	not_admitted	not_admitted	not_admitted	not_admitted	not_admitted	not_admitted	not_admitted	not_admitted	not_admitted	1	18;14885;15874;+;368.0	23;19742;21124;+;327.0	21;18449;19261;+;161.8	15;11257;13836;+;182.3	24;21147;23915;+;245.8	13;9326;10795;+;59.7	15;11257;13836;+;95.9	11;8050;8619;+;93.5	19;15883;16548;+;80.6	20;16545;18452;+;242.6	28;25445;27442;+;333.7	14;10798;11244;+;33.9	28;25445;27442;+;71.7	A	9/9	contiguous	17395	1	1	23905..24303+;132;unnamed;1
NZ_CP039178.1	-	-	60	0	0	GA	0															not_admitted	not_admitted	not_admitted	not_admitted	not_admitted	not_admitted	not_admitted	not_admitted	not_admitted	not_admitted	1	18;14885;15874;+;368.0	23;19742;21124;+;327.0	21;18449;19261;+;161.8	15;11257;13836;+;182.3	24;21147;23915;+;245.8	13;9326;10795;+;59.7	15;11257;13836;+;95.9	11;8050;8619;+;93.5	19;15883;16548;+;80.6	20;16545;18452;+;242.6	28;25445;27442;+;333.7	14;10798;11244;+;33.9	28;25445;27442;+;71.7	A	9/9	contiguous	17395	1	1	23905..24303+;132;unnamed;1
NZ_CP039183.1	-	-	91	0	0	GA	0															not_admitted	not_admitted	not_admitted	not_admitted	not_admitted	not_admitted	not_admitted	not_admitted	not_admitted	not_admitted	1	59;49675;50646;+;367.6	64;54510;55892;+;317.9	62;53217;54029;+;167.0	53;45043;47577;+;179.1	65;55915;58683;+;247.6	50;41921;43390;+;60.3	53;45043;47577;+;95.8	48;40645;41214;+;95.6	60;50657;51325;+;77.9	61;51325;53220;+;236.9	69;60761;62755;+;347.1	51;43396;43839;+;35.1	69;60761;62755;+;74.4	A	9/9	contiguous	20116	0	1	
NZ_CP039188.1	-	-	91	0	0	GA	0															not_admitted	not_admitted	not_admitted	not_admitted	not_admitted	not_admitted	not_admitted	not_admitted	not_admitted	not_admitted	1	59;49675;50646;+;367.6	64;54510;55892;+;317.9	62;53217;54029;+;167.0	53;45043;47577;+;179.1	65;55915;58683;+;247.6	50;41921;43390;+;60.3	53;45043;47577;+;95.8	48;40645;41214;+;95.6	60;50657;51325;+;77.9	61;51325;53220;+;236.9	69;60761;62755;+;347.1	51;43396;43839;+;35.1	69;60761;62755;+;74.4	A	9/9	contiguous	20116	0	1	
NZ_CP039192.1	-	-	91	0	0	GA	0															not_admitted	not_admitted	not_admitted	not_admitted	not_admitted	not_admitted	not_admitted	not_admitted	not_admitted	not_admitted	1	73;59345;60316;+;367.6	78;64180;65562;+;317.9	76;62887;63699;+;167.0	67;54713;57247;+;179.1	79;65585;68353;+;247.6	64;51591;53060;+;60.3	67;54713;57247;+;95.8	62;50315;50884;+;95.6	74;60327;60995;+;77.9	75;60995;62890;+;236.9	83;70431;72425;+;347.1	65;53066;53509;+;35.1	83;70431;72425;+;74.4	A	9/9	contiguous	20116	0	1	
NZ_CP039197.1	-	-	91	0	0	GA	0															not_admitted	not_admitted	not_admitted	not_admitted	not_admitted	not_admitted	not_admitted	not_admitted	not_admitted	not_admitted	1	59;49675;50646;+;367.6	64;54510;55892;+;317.9	62;53217;54029;+;167.0	53;45043;47577;+;179.1	65;55915;58683;+;247.6	50;41921;43390;+;60.3	53;45043;47577;+;95.8	48;40645;41214;+;95.6	60;50657;51325;+;77.9	61;51325;53220;+;236.9	69;60761;62755;+;347.1	51;43396;43839;+;35.1	69;60761;62755;+;74.4	A	9/9	contiguous	20116	0	1	
NZ_CP039203.1	-	-	91	0	0	GA	0															not_admitted	not_admitted	not_admitted	not_admitted	not_admitted	not_admitted	not_admitted	not_admitted	not_admitted	not_admitted	1	59;49675;50646;+;367.6	64;54510;55892;+;317.9	62;53217;54029;+;167.0	53;45043;47577;+;179.1	65;55915;58683;+;247.6	50;41921;43390;+;60.3	53;45043;47577;+;95.8	48;40645;41214;+;95.6	60;50657;51325;+;77.9	61;51325;53220;+;236.9	69;60761;62755;+;347.1	51;43396;43839;+;35.1	69;60761;62755;+;74.4	A	9/9	contiguous	20116	0	1	
NZ_CP039271.1	MPF_F	IncHI2;IncHI2A	348	0	0	GA	0															not_admitted	not_admitted	not_admitted	not_admitted	not_admitted	not_admitted	not_admitted	not_admitted	not_admitted	not_admitted	1	31;33624;34682;+;276.9	226;210202;211617;-;194.1	227;211607;212653;-;173.7	13;10304;12985;+;168.0	225;206243;210193;-;101.6	9;6619;7974;+;80.7	13;10304;12985;+;72.2	6;4107;4895;+;74.8	29;31971;33482;+;62.7	32;34701;37889;+;58.3	233;219694;221778;+;56.7	12;9345;10295;+;46.4	233;219694;221778;+;38.8	A	9/9	split_3	215587	0	1	
NZ_CP039289.1	MPF_T	-	436	0	0	GA	1	356;367390;367824;-;71.2	363;374196;374543;+;33.6		365;374870;377326;+;67.5	365;374870;377326;+;94.6		367;378118;379161;+;80.7		361;372041;372748;-;117.7	360;371117;372031;-;164.2	359;369876;371117;-;171.9	351;361457;363259;-;177.0	369;380414;382279;+;36.0		none	none	A	7/7	canonical	0	0	unscoreable	9	0	0														not_admitted	not_admitted	not_admitted	not_admitted	not_admitted	not_admitted	not_admitted
NZ_CP039300.1	MPF_T	-	33	0	0	GA	1		8;6966;7274;+;67.6	9;7285;7602;+;84.6	10;7599;10049;+;142.6	10;7599;10049;+;84.6	11;10071;10715;+;97.0	13;10988;12001;+;161.4		15;12351;13109;+;140.7	16;13112;13933;+;197.9	17;13933;15123;+;188.9	18;15101;16138;+;83.0	19;16101;18029;+;404.0		pfam	both	A	7/7	canonical	1	0	unscoreable	2	0	0														not_admitted	not_admitted	not_admitted	not_admitted	not_admitted	not_admitted	not_admitted
NZ_CP039328.1	MPF_T	IncR	132	0	0	GA	1	64;63508;64170;+;48.3	65;64181;64480;+;36.6	66;64490;67240;+;61.8	66;64490;67240;+;134.0	66;64490;67240;+;47.7	67;67259;67975;+;137.0	69;68289;69296;+;137.8		71;69506;70192;+;158.3	72;70185;71078;+;147.4	73;71075;72271;+;134.7	74;72275;73324;+;71.5	81;78062;79969;+;24.4		pfam	pfam_only	A	7/7	canonical	1	1	unscoreable	8	0	0														not_admitted	not_admitted	not_admitted	not_admitted	not_admitted	not_admitted	not_admitted
NZ_CP039405.1	MPF_F	IncFIB(AP001918);IncFII(pHN7A8)	106	0	0	GA	0															not_admitted	not_admitted	not_admitted	not_admitted	not_admitted	not_admitted	not_admitted	not_admitted	not_admitted	not_admitted	1	80;66983;67975;-;367.8	67;59255;60628;-;380.0	74;62841;63584;-;235.1	83;68984;71614;-;305.4	66;56439;59258;-;389.2	91;74652;76079;-;94.1	83;68984;71614;-;98.5	93;76794;77360;-;183.8	79;66336;66974;-;67.4	76;63861;65624;-;268.1	63;52746;54899;-;383.8	88;73253;73768;-;76.4	63;52746;54899;-;69.4	A	9/9	contiguous	24048	0	1	
NZ_CP039438.1	MPF_F	IncHI2;IncHI2A	286	0	0	GA	0															not_admitted	not_admitted	not_admitted	not_admitted	not_admitted	not_admitted	not_admitted	not_admitted	not_admitted	not_admitted	1	132;110536;111594;-;276.9	242;214569;215984;+;194.1	241;213533;214579;+;174.3	148;131166;133847;-;168.0	243;215993;219946;+;101.6	152;136177;137532;-;80.7	148;131166;133847;-;72.2	155;139256;140044;-;74.8	134;111736;113247;-;62.0	131;107329;110517;-;57.3	234;204407;206491;-;56.8	149;133856;134806;-;46.1	234;204407;206491;-;38.8	A	9/9	split_2	108664	1	1	220127..221416+;429;unnamed;0
NZ_CP039440.1	MPF_F	IncHI2;IncHI2A;IncN	310	0	0	GA	0															not_admitted	not_admitted	not_admitted	not_admitted	not_admitted	not_admitted	not_admitted	not_admitted	not_admitted	not_admitted	1	157;143368;144426;+;276.9	36;30658;32073;-;194.1	37;32063;33109;-;174.3	141;120616;123297;+;168.0	35;26696;30649;-;101.6	137;116931;118286;+;80.7	141;120616;123297;+;72.2	134;114419;115207;+;74.8	155;141715;143226;+;62.0	158;144445;147633;+;57.3	46;40928;43012;+;56.8	140;119657;120607;+;46.1	46;40928;43012;+;38.8	A	9/9	split_3	117749	1	1	25226..26515-;429;unnamed;0
NZ_CP039454.1	MPF_F	IncFIB(pECLA);IncFII(pECLA)	167	0	0	GA	0															not_admitted	not_admitted	not_admitted	not_admitted	not_admitted	not_admitted	not_admitted	not_admitted	not_admitted	not_admitted	1	129;111535;112533;+;358.7	137;117397;118761;+;364.3	132;115020;115802;+;213.8	121;105523;108132;+;212.8	138;118761;122171;+;310.5	114;101826;103229;+;90.5	121;105523;108132;+;100.0	112;100496;101077;+;102.3	130;112544;113167;+;62.9	131;113164;115023;+;215.1	143;124717;127308;+;367.4	119;104736;105275;+;42.9	143;124717;127308;+;71.1	A	9/9	contiguous	24221	1	1	122187..122759+;190;unnamed;0
NZ_CP039464.1	MPF_F	IncFII(S);IncFII(pAR0022)	91	0	0	GA	0															not_admitted	not_admitted	not_admitted	not_admitted	not_admitted	not_admitted	not_admitted	not_admitted	not_admitted	not_admitted	1	20;14160;15155;+;357.2	26;19404;20765;+;334.4	24;17992;18771;+;196.8	17;10476;13067;+;219.6	27;20767;23664;+;292.8	13;7681;9042;+;81.6	17;10476;13067;+;87.7	11;6401;6964;+;145.5	22;15531;16145;+;79.9	23;16142;17995;+;258.1	30;25243;27534;+;375.5	16;9851;10465;+;49.5	30;25243;27534;+;59.1	A	9/9	contiguous	18842	1	1	23676..24236+;186;unnamed;0
NZ_CP039466.1	MPF_F	IncFII(S);IncFII(pAR0022)	92	0	0	GA	0															not_admitted	not_admitted	not_admitted	not_admitted	not_admitted	not_admitted	not_admitted	not_admitted	not_admitted	not_admitted	1	3;3685;4680;+;357.2	9;8929;10290;+;334.4	7;7517;8296;+;196.8	0;1;2592;+;219.6	10;10292;13246;+;292.7	88;79144;80505;+;81.6	0;1;2592;+;87.7	86;77864;78427;+;145.5	5;5056;5670;+;79.9	6;5667;7520;+;258.1	13;14767;17058;+;375.5	91;81314;81928;+;49.5	13;14767;17058;+;59.1	A	9/9	split_2	81313	1	1	13200..13760+;186;unnamed;0
NZ_CP039468.1	MPF_F	IncFII(S);IncFII(pAR0022)	92	0	0	GA	0															not_admitted	not_admitted	not_admitted	not_admitted	not_admitted	not_admitted	not_admitted	not_admitted	not_admitted	not_admitted	1	89;78104;79099;+;357.2	2;1413;2774;+;334.4	0;1;780;+;196.8	86;74420;77011;+;219.6	3;2776;5673;+;292.8	82;71625;72986;+;81.6	86;74420;77011;+;87.7	80;70345;70908;+;145.5	91;79474;80088;+;79.9		6;7252;9543;+;375.5	85;73795;74409;+;49.5	6;7252;9543;+;59.1	B	8/9	split_2	79473	1	0	5685..6245+;186;unnamed;0
NZ_CP039470.1	MPF_F	IncFII(S);IncFII(pAR0022)	95	0	0	GA	0															not_admitted	not_admitted	not_admitted	not_admitted	not_admitted	not_admitted	not_admitted	not_admitted	not_admitted	not_admitted	1	82;68568;69563;+;357.2	88;73812;75173;+;334.4	86;72400;73179;+;196.8	79;64884;67475;+;219.6	90;75282;78071;+;265.9	75;62089;63450;+;81.6	79;64884;67475;+;87.7	73;60809;61372;+;145.5	84;69939;70553;+;79.9	85;70550;72403;+;258.1		78;64259;64873;+;49.5		A	9/9	contiguous	14473	1	1	78083..78643+;186;unnamed;0
NZ_CP039472.1	MPF_F	IncFII(S);IncFII(pAR0022)	91	0	0	GA	0															not_admitted	not_admitted	not_admitted	not_admitted	not_admitted	not_admitted	not_admitted	not_admitted	not_admitted	not_admitted	1	20;14160;15155;+;357.2	26;19404;20765;+;334.4	24;17992;18771;+;196.8	17;10476;13067;+;219.6	27;20767;23664;+;292.8	13;7681;9042;+;81.6	17;10476;13067;+;87.7	11;6401;6964;+;145.5	22;15531;16145;+;79.9	23;16142;17995;+;258.1	30;25243;27534;+;375.5	16;9851;10465;+;49.5	30;25243;27534;+;59.1	A	9/9	contiguous	18842	1	1	23676..24236+;186;unnamed;0
NZ_CP039474.1	MPF_F	IncFII(S);IncFII(pAR0022)	92	0	0	GA	0															not_admitted	not_admitted	not_admitted	not_admitted	not_admitted	not_admitted	not_admitted	not_admitted	not_admitted	not_admitted	1	28;29432;30427;-;357.2	22;23822;25183;-;334.4	24;25816;26595;-;196.8	31;31520;34111;-;219.6	21;20923;23820;-;292.8	35;35545;36906;-;81.6	31;31520;34111;-;87.7	37;37623;38186;-;145.5	26;28442;29056;-;79.9	25;26592;28445;-;258.1	18;17053;19344;-;375.5	32;34122;34736;-;49.5	18;17053;19344;-;59.1	A	9/9	contiguous	20570	1	1	20351..20911-;186;unnamed;0
NZ_CP039479.1	MPF_F	IncFII(S);IncFII(pAR0022)	91	0	0	GA	0															not_admitted	not_admitted	not_admitted	not_admitted	not_admitted	not_admitted	not_admitted	not_admitted	not_admitted	not_admitted	1	42;31028;32023;+;357.2	48;36272;37633;+;334.4	46;34860;35639;+;196.8	39;27344;29935;+;219.6	49;37635;40532;+;292.8	35;24549;25910;+;81.6	39;27344;29935;+;87.7	33;23269;23832;+;145.5	44;32399;33013;+;79.9	45;33010;34863;+;258.1	52;42237;44528;+;375.5	38;26719;27333;+;49.5	52;42237;44528;+;59.1	A	9/9	contiguous	18968	1	1	40544..40792+;82;unnamed;0
NZ_CP039481.1	MPF_F	IncFII(S);IncFII(pAR0022)	90	0	0	GA	0															not_admitted	not_admitted	not_admitted	not_admitted	not_admitted	not_admitted	not_admitted	not_admitted	not_admitted	not_admitted	1	87;78107;79102;+;357.2	2;1413;2774;+;334.4	0;1;780;+;196.8	84;74423;77014;+;219.6	3;2776;5673;+;292.8	80;71628;72989;+;81.6	84;74423;77014;+;87.7	78;70348;70911;+;145.5	89;79478;80092;+;79.9		6;7252;9543;+;375.5	83;73798;74412;+;49.5	6;7252;9543;+;59.1	B	8/9	split_2	79477	1	0	5685..6245+;186;unnamed;0
NZ_CP039483.1	MPF_F	IncFII(S);IncFII(pAR0022)	91	0	0	GA	0															not_admitted	not_admitted	not_admitted	not_admitted	not_admitted	not_admitted	not_admitted	not_admitted	not_admitted	not_admitted	1	88;78108;79103;+;357.2	2;1413;2774;+;334.4	0;1;780;+;196.8	85;74424;77015;+;219.6	3;2776;5673;+;292.8	81;71629;72990;+;81.6	85;74424;77015;+;87.7	79;70349;70912;+;145.5	90;79479;80093;+;79.9		6;7252;9543;+;375.5	84;73799;74413;+;49.5	6;7252;9543;+;59.1	B	8/9	split_2	79478	1	0	5685..6245+;186;unnamed;0
NZ_CP039485.1	MPF_F	IncFII(S);IncFII(pAR0022)	92	0	0	GA	0															not_admitted	not_admitted	not_admitted	not_admitted	not_admitted	not_admitted	not_admitted	not_admitted	not_admitted	not_admitted	1	71;66714;67709;-;357.2	65;61104;62465;-;334.4	67;63098;63877;-;196.8	74;68802;71393;-;219.6	64;58205;61102;-;292.8	78;72827;74188;-;81.6	74;68802;71393;-;87.7	80;74905;75468;-;145.5	69;65724;66338;-;79.9	68;63874;65727;-;258.1	61;54335;56626;-;375.5	75;71404;72018;-;49.5	61;54335;56626;-;59.1	A	9/9	contiguous	20570	1	1	57633..58193-;186;unnamed;0
NZ_CP039488.1	MPF_F	IncFII(S);IncFII(pAR0022)	91	0	0	GA	0															not_admitted	not_admitted	not_admitted	not_admitted	not_admitted	not_admitted	not_admitted	not_admitted	not_admitted	not_admitted	1	43;31201;32196;+;357.2	49;36445;37806;+;334.4	47;35033;35812;+;196.8	40;27517;30108;+;219.6	50;37808;40705;+;292.8	36;24722;26083;+;81.6	40;27517;30108;+;87.7	34;23442;24005;+;145.5	45;32572;33186;+;79.9	46;33183;35036;+;258.1	53;42284;44575;+;375.5	39;26892;27506;+;49.5	53;42284;44575;+;59.1	A	9/9	contiguous	18842	1	1	40717..41277+;186;unnamed;0
NZ_CP039492.1	MPF_F	IncFII(S);IncFII(pAR0022)	91	0	0	GA	0															not_admitted	not_admitted	not_admitted	not_admitted	not_admitted	not_admitted	not_admitted	not_admitted	not_admitted	not_admitted	1	88;78110;79105;+;357.2	2;1413;2774;+;334.4	0;1;780;+;196.8	85;74426;77017;+;219.6	3;2776;5673;+;292.8	81;71631;72992;+;81.6	85;74426;77017;+;87.7	79;70352;70915;+;145.5	90;79481;80095;+;79.9		6;7252;9543;+;375.5	84;73801;74415;+;49.5	6;7252;9543;+;59.1	B	8/9	split_2	79480	1	0	5685..6245+;186;unnamed;0
NZ_CP039494.1	MPF_F	IncFII(S);IncFII(pAR0022)	91	0	0	GA	0															not_admitted	not_admitted	not_admitted	not_admitted	not_admitted	not_admitted	not_admitted	not_admitted	not_admitted	not_admitted	1	88;78110;79105;+;357.2	2;1413;2774;+;334.4	0;1;780;+;196.8	85;74426;77017;+;219.6	3;2776;5673;+;292.8	81;71631;72992;+;81.6	85;74426;77017;+;87.7	79;70351;70914;+;145.5	90;79481;80095;+;79.9		6;7252;9543;+;375.5	84;73801;74415;+;49.5	6;7252;9543;+;59.1	B	8/9	split_2	79480	1	0	5685..6245+;186;unnamed;0
NZ_CP039497.1	MPF_F	IncFII(S);IncFII(pAR0022)	91	0	0	GA	0															not_admitted	not_admitted	not_admitted	not_admitted	not_admitted	not_admitted	not_admitted	not_admitted	not_admitted	not_admitted	1	67;55335;56330;+;357.2	73;60579;61940;+;334.4	71;59167;59946;+;196.8	64;51651;54242;+;219.6	74;61942;64839;+;292.8	60;48856;50217;+;81.6	64;51651;54242;+;87.7	58;47576;48139;+;145.5	69;56706;57320;+;79.9	70;57317;59170;+;258.1	77;66418;68709;+;375.5	63;51026;51640;+;49.5	77;66418;68709;+;59.1	A	9/9	contiguous	18842	1	1	64851..65411+;186;unnamed;0
NZ_CP039501.1	MPF_F	IncFII(S);IncFII(pAR0022)	91	0	0	GA	0															not_admitted	not_admitted	not_admitted	not_admitted	not_admitted	not_admitted	not_admitted	not_admitted	not_admitted	not_admitted	1	79;62993;63988;+;357.2	85;68237;69598;+;334.4	83;66825;67604;+;196.8	76;59309;61900;+;219.6	86;69600;72497;+;292.8	72;56514;57875;+;81.6	76;59309;61900;+;87.7	70;55234;55797;+;145.5	81;64364;64978;+;79.9	82;64975;66828;+;258.1	89;74076;76367;+;375.5	75;58684;59298;+;49.5	89;74076;76367;+;59.1	A	9/9	contiguous	18842	1	1	72509..73069+;186;unnamed;0
NZ_CP039513.2	MPF_F	IncFII	97	0	0	GA	0															not_admitted	not_admitted	not_admitted	not_admitted	not_admitted	not_admitted	not_admitted	not_admitted	not_admitted	not_admitted	1	73;55780;56772;+;369.5	83;62553;63926;+;381.7	78;59878;60621;+;234.4	70;52141;54771;+;304.1	84;63923;66745;+;374.0	62;47288;48739;+;94.2	70;52141;54771;+;96.8	60;46007;46573;+;174.3	75;57116;57754;+;68.6	76;57751;59601;+;266.1	88;69017;71269;+;391.1	65;49599;50114;+;78.4	88;69017;71269;+;70.3	A	9/9	contiguous	23010	1	1	66767..67246+;159;TraS;0
NZ_CP039525.1	MPF_F	IncFII(K);repB(R1701)	105	0	0	GA	0															not_admitted	not_admitted	not_admitted	not_admitted	not_admitted	not_admitted	not_admitted	not_admitted	not_admitted	not_admitted	1	80;61889;62878;+;366.6	90;68425;69792;+;383.3	86;66415;67167;+;233.7	76;57807;60446;+;258.5	91;69792;72641;+;346.4	67;53123;54547;+;89.2	76;57807;60446;+;88.7	65;51830;52396;+;169.3	81;62891;63529;+;66.9	82;63588;65543;+;259.7	95;75104;77416;+;392.8	68;54661;55245;+;55.4	95;75104;77416;+;65.9	A	9/9	contiguous	23274	1	1	72644..73177+;177;unnamed;0
NZ_CP039526.1	MPF_F	IncFIB(pNDM-Mar);IncHI1B(pNDM-MAR)	437	0	0	GA	0															not_admitted	not_admitted	not_admitted	not_admitted	not_admitted	not_admitted	not_admitted	not_admitted	not_admitted	not_admitted	1	363;326160;327197;-;282.3	81;61300;62709;+;190.4	80;60273;61310;+;175.6	375;338029;340746;-;149.6	82;62711;66679;+;121.3	379;342859;344229;-;65.6	375;338029;340746;-;85.2	382;345875;346735;-;79.0	364;327194;328555;-;69.9	362;322965;326150;-;59.6	71;49696;51822;-;57.7	376;340791;341528;-;56.9	71;49696;51822;-;41.0	A	9/9	split_2	296179	0	1	
NZ_CP039559.1	MPF_F	IncFIA(HI1);IncHI1A;IncHI1B(R27)	265	0	0	GA	0															not_admitted	not_admitted	not_admitted	not_admitted	not_admitted	not_admitted	not_admitted	not_admitted	not_admitted	not_admitted	1	109;107343;108395;-;277.6	213;200005;201420;+;201.7	212;198969;200015;+;171.3	126;126624;129305;-;160.9	214;201429;205418;+;103.1	130;131653;133011;-;84.0	126;126624;129305;-;76.5	133;134678;135463;-;68.7	111;108540;110048;-;65.6	108;104144;107320;-;58.9	206;189950;192034;-;50.2	127;129314;130264;-;45.2	206;189950;192034;-;36.5	A	9/9	split_2	97285	1	1	206089..206736+;215;unnamed;0
NZ_CP039560.1	MPF_F	IncFIB(S);IncFII(S);IncFII(pAR0022)	115	0	0	GA	0															not_admitted	not_admitted	not_admitted	not_admitted	not_admitted	not_admitted	not_admitted	not_admitted	not_admitted	not_admitted	1	12;8330;9322;+;366.7	21;14570;15952;+;392.4	18;12789;13538;+;231.0	9;4695;7343;+;314.1	22;15949;18771;+;394.4	1;741;2162;+;91.5	9;4695;7343;+;97.8		14;9634;10272;+;70.6	16;10725;12551;+;271.0	25;20425;22587;+;374.1	4;2968;3483;+;96.7	25;20425;22587;+;72.1	B	8/9	contiguous	19684	1	1	18793..19281+;162;TraS;0
NZ_CP039562.1	MPF_F	IncC	214	0	0	GA	0															not_admitted	not_admitted	not_admitted	not_admitted	not_admitted	not_admitted	not_admitted	not_admitted	not_admitted	not_admitted	1	29;22687;23679;+;369.3	38;28741;30114;+;379.5	33;26378;27151;+;234.0	26;19048;21678;+;303.5	39;30111;32936;+;386.0	19;14343;15770;+;94.3	26;19048;21678;+;98.5	17;13062;13628;+;183.8	30;23688;24326;+;68.7	31;24323;26131;+;268.0	42;34440;36656;+;391.7	23;16898;17413;+;78.6	42;34440;36656;+;70.3	A	9/9	contiguous	21378	1	1	32933..33442+;169;unnamed;0
NZ_CP039566.1	MPF_F	IncFIB(S);IncFII(S);IncFII(pAR0022)	115	0	0	GA	0															not_admitted	not_admitted	not_admitted	not_admitted	not_admitted	not_admitted	not_admitted	not_admitted	not_admitted	not_admitted	1	12;8330;9322;+;366.7	21;14570;15952;+;392.4	18;12789;13538;+;231.0	9;4695;7343;+;314.1	22;15949;18771;+;394.4	1;741;2162;+;91.5	9;4695;7343;+;97.8		14;9634;10272;+;70.6	16;10725;12551;+;271.0	25;20425;22587;+;374.1	4;2968;3483;+;96.7	25;20425;22587;+;72.1	B	8/9	contiguous	19684	1	1	18793..19281+;162;TraS;0
NZ_CP039568.1	MPF_F	IncFIB(S);IncFII(S);IncFII(pAR0022)	115	0	0	GA	0															not_admitted	not_admitted	not_admitted	not_admitted	not_admitted	not_admitted	not_admitted	not_admitted	not_admitted	not_admitted	1	12;8330;9322;+;366.7	21;14570;15952;+;392.4	18;12789;13538;+;231.0	9;4695;7343;+;314.1	22;15949;18771;+;394.4	1;741;2162;+;91.5	9;4695;7343;+;97.8		14;9634;10272;+;70.6	16;10725;12551;+;271.0	25;20425;22587;+;374.1	4;2968;3483;+;96.7	25;20425;22587;+;72.1	B	8/9	contiguous	19684	1	1	18793..19281+;162;TraS;0
NZ_CP039580.1	MPF_F	IncFIB(S);IncFII(S);IncFII(pAR0022)	155	0	0	GA	0															not_admitted	not_admitted	not_admitted	not_admitted	not_admitted	not_admitted	not_admitted	not_admitted	not_admitted	not_admitted	1	147;119263;120255;+;366.7	0;1;1383;+;392.4	153;123722;124471;+;231.0	144;115628;118276;+;314.1	1;1380;4202;+;394.4	136;111674;113095;+;91.5	144;115628;118276;+;97.8	134;110381;110947;+;188.1	149;120567;121205;+;70.6	151;121658;123484;+;271.0	4;5856;8099;+;371.4	139;113901;114416;+;96.7	4;5856;8099;+;69.6	A	9/9	split_2	123721	1	1	4224..4712+;162;TraS;0
NZ_CP039583.1	MPF_F	IncFIB(S);IncFII(S);IncFII(pAR0022)	114	0	0	GA	0															not_admitted	not_admitted	not_admitted	not_admitted	not_admitted	not_admitted	not_admitted	not_admitted	not_admitted	not_admitted	1	11;8329;9321;+;366.7	20;14569;15951;+;392.4	17;12788;13537;+;231.0	8;4694;7342;+;314.1	21;15948;18770;+;394.4	1;741;2747;+;90.4	8;4694;7342;+;97.8		13;9633;10271;+;70.6	15;10724;12550;+;271.0	24;20424;22694;+;371.4	3;2967;3482;+;96.7	24;20424;22694;+;69.5	B	8/9	contiguous	19683	1	1	18792..19280+;162;TraS;0
NZ_CP039592.1	MPF_F	IncFIB(S);IncFII(S);IncFII(pAR0022)	115	0	0	GA	0															not_admitted	not_admitted	not_admitted	not_admitted	not_admitted	not_admitted	not_admitted	not_admitted	not_admitted	not_admitted	1	12;8330;9322;+;366.7	21;14570;15952;+;392.4	18;12789;13538;+;231.0	9;4695;7343;+;314.1	22;15949;18771;+;394.4	1;741;2162;+;91.5	9;4695;7343;+;97.8		14;9634;10272;+;70.6	16;10725;12551;+;271.0	25;20425;22704;+;371.4	4;2968;3483;+;96.7	25;20425;22704;+;69.5	B	8/9	contiguous	19684	1	1	18793..19281+;162;TraS;0
NZ_CP039596.1	MPF_F	IncFIB(S);IncFII(S);IncFII(pAR0022)	115	0	0	GA	0															not_admitted	not_admitted	not_admitted	not_admitted	not_admitted	not_admitted	not_admitted	not_admitted	not_admitted	not_admitted	1	12;8330;9322;+;366.7	21;14570;15952;+;392.4	18;12789;13538;+;231.0	9;4695;7343;+;314.1	22;15949;18771;+;394.4	1;741;2162;+;91.5	9;4695;7343;+;97.8		14;9634;10272;+;70.6	16;10725;12551;+;271.0	25;20425;22587;+;374.1	4;2968;3483;+;96.7	25;20425;22587;+;72.1	B	8/9	contiguous	19684	1	1	18793..19281+;162;TraS;0
NZ_CP039600.1	MPF_T	IncX1	49	0	0	GA	1	28;25597;26244;-;47.0	27;25323;25619;-;77.5	26;22551;25304;-;46.6	26;22551;25304;-;149.1	26;22551;25304;-;75.3	25;21782;22540;-;67.3	23;20411;21544;-;106.4		22;19451;20164;-;120.7	21;18517;19446;-;134.2	20;17315;18520;-;132.5	19;16282;17313;-;76.6	18;14444;16279;-;488.2		pfam	pfam_only	A	7/7	canonical	1	1	unscoreable	1	0	0														not_admitted	not_admitted	not_admitted	not_admitted	not_admitted	not_admitted	not_admitted
NZ_CP039627.1	-	-	253	0	0	GA	0															not_admitted	not_admitted	not_admitted	not_admitted	not_admitted	not_admitted	not_admitted	not_admitted	not_admitted	not_admitted	1	183;163351;164361;+;101.2			181;159656;162628;+;143.0	188;166828;168351;+;60.6		181;159656;162628;+;32.6				100;90458;92092;+;29.1		100;90458;92092;+;51.0	D	3/9	split_2	76370	1	0	168348..169823+;491;unnamed;0
NZ_CP039628.1	-	-	112	0	0	GA	0															not_admitted	not_admitted	not_admitted	not_admitted	not_admitted	not_admitted	not_admitted	not_admitted	not_admitted	not_admitted	1	89;84681;85226;-;208.8	83;80892;82280;-;228.4	84;82289;83089;-;164.6	37;35454;37943;-;186.9		39;38615;39724;-;41.5	37;35454;37943;-;73.9	41;40513;41169;-;61.8	87;83932;84285;-;56.2	35;31631;32992;-;78.3	73;66611;68560;+;344.1	38;37945;38484;-;75.7	73;66611;68560;+;68.7	B	8/9	split_2	53050	0	1	
NZ_CP039632.3	MPF_G	-	225	0	0	GA	0															not_admitted	not_admitted	not_admitted	not_admitted	not_admitted	not_admitted	not_admitted	not_admitted	not_admitted	not_admitted	1	129;114281;116644;-;221.9			133;118699;121590;-;304.6	127;112395;113915;-;272.4					59;42678;45314;+;120.3				D	4/9	split_2	76021	0	1	
NZ_CP039643.1	-	-	95	0	0	GA	1	44;51671;52285;-;63.2	55;63009;63374;+;71.2	56;63371;63673;+;47.2	57;63683;66151;+;73.0	57;63683;66151;+;113.7	59;66749;67462;+;71.2	60;67681;68937;+;114.5		61;68994;69692;+;164.6	62;69704;70663;+;169.8	64;71113;72501;+;202.9	54;62018;63001;+;119.4	46;52833;54725;-;383.3		conjscan	both	A	7/7	canonical	1	0	unscoreable	11	0	0														not_admitted	not_admitted	not_admitted	not_admitted	not_admitted	not_admitted	not_admitted
NZ_CP039644.1	-	-	270	0	0	GA	1	133;175003;175728;-;53.8	132;174428;174877;-;69.9	131;174089;174424;-;91.3	130;171712;174096;-;161.2	130;171712;174096;-;90.8	129;170956;171684;-;131.0	127;169495;170544;-;100.9		125;168505;169257;-;142.0	124;167657;168508;-;170.0	123;166389;167657;-;171.2	122;165310;166392;-;85.3	121;163214;165313;-;309.3		pfam	both	A	7/7	canonical	1	0	unscoreable	2	0	0														not_admitted	not_admitted	not_admitted	not_admitted	not_admitted	not_admitted	not_admitted
NZ_CP039651.1	-	-	386	0	0	GA	0															not_admitted	not_admitted	not_admitted	not_admitted	not_admitted	not_admitted	not_admitted	not_admitted	not_admitted	not_admitted	1	103;102485;103507;+;303.2	138;132692;134110;+;303.5	137;131700;132695;+;240.7	97;96735;99185;+;258.9	139;134117;137266;+;280.7	90;85634;87118;+;132.5	97;96735;99185;+;138.1	88;83782;84435;+;109.1	102;101355;102485;+;49.0	104;103759;106494;+;157.2	79;75289;77085;+;48.2	91;87210;87833;+;78.3	79;75289;77085;+;51.8	A	9/9	split_2	58828	0	1	
NZ_CP039693.1	MPF_T	-	387	0	0	GA	1	314;315557;316480;+;70.0	216;216673;217050;-;73.5	215;216392;216676;-;64.4	214;213925;216381;-;172.1	214;213925;216381;-;118.7	213;213150;213953;-;48.9	211;211767;212975;-;93.5		210;211083;211745;-;131.3	209;210254;211066;-;188.2	207;208499;209797;-;219.4	217;217040;218011;-;132.3	196;197117;199051;-;541.9		conjscan	conjscan_only	A	7/7	canonical	1	0	unscoreable	13	0	0														not_admitted	not_admitted	not_admitted	not_admitted	not_admitted	not_admitted	not_admitted
NZ_CP039694.1	MPF_T	-	399	0	0	GA	1	144;153812;154528;+;52.3	396;401734;402138;-;73.6	146;154906;155232;+;72.2	147;155232;157598;+;206.4	394;398969;401431;-;131.7	393;398188;398997;-;47.3	391;396783;397970;-;110.9		150;159416;160129;+;163.5	389;395237;396055;-;187.4	387;393441;394745;-;228.4	397;402128;403099;-;124.5	82;87925;89847;-;556.6		conjscan	conjscan_only	A	7/7	uncallable	0	0	unscoreable	10	0	0														not_admitted	not_admitted	not_admitted	not_admitted	not_admitted	not_admitted	not_admitted
NZ_CP039696.1	-	-	112	0	0	GA	1	28;24384;24830;+;29.1	75;59957;60337;+;48.0	76;60355;60687;+;45.4	77;60684;63263;+;94.8	77;60684;63263;+;108.5	82;67146;67901;+;57.4	84;68157;69881;+;119.0		78;63250;63966;+;144.4	79;63984;64970;+;171.9	81;65762;67120;+;204.1	74;58978;59943;+;125.9	57;45670;47433;-;450.9		conjscan	conjscan_only	A	7/7	canonical	1	0	unscoreable	3	0	0														not_admitted	not_admitted	not_admitted	not_admitted	not_admitted	not_admitted	not_admitted
NZ_CP039715.1	MPF_F	IncFIB(S);IncFII(S);IncFII(pAR0022)	115	0	0	GA	0															not_admitted	not_admitted	not_admitted	not_admitted	not_admitted	not_admitted	not_admitted	not_admitted	not_admitted	not_admitted	1	12;8330;9322;+;366.7	21;14570;15952;+;392.4	18;12789;13538;+;231.0	9;4695;7343;+;314.1	22;15949;18771;+;394.4	1;741;2162;+;91.5	9;4695;7343;+;97.8		14;9634;10272;+;70.6	16;10725;12551;+;271.0	25;20425;22587;+;374.1	4;2968;3483;+;96.7	25;20425;22587;+;72.1	B	8/9	contiguous	19684	1	1	18793..19281+;162;TraS;0
NZ_CP039717.1	MPF_F	IncFIA(HI1);IncHI1A;IncHI1B(R27)	266	0	0	GA	0															not_admitted	not_admitted	not_admitted	not_admitted	not_admitted	not_admitted	not_admitted	not_admitted	not_admitted	not_admitted	1	110;108396;109448;-;277.6	214;201853;203268;+;201.7	213;200817;201863;+;171.3	127;128471;131152;-;160.9	215;203277;207266;+;103.1	131;133500;134858;-;84.0	127;128471;131152;-;76.5	134;136525;137310;-;68.7	112;109593;111101;-;65.6	109;105197;108373;-;58.9	207;191798;193882;-;50.2	128;131161;132111;-;45.2	207;191798;193882;-;36.5	A	9/9	split_2	98080	1	1	207937..208584+;215;unnamed;0
NZ_CP039718.1	MPF_F	IncFIB(S);IncFII(S);IncFII(pAR0022)	115	0	0	GA	0															not_admitted	not_admitted	not_admitted	not_admitted	not_admitted	not_admitted	not_admitted	not_admitted	not_admitted	not_admitted	1	12;8330;9322;+;366.7	21;14570;15952;+;392.4	18;12789;13538;+;231.0	9;4695;7343;+;314.1	22;15949;18771;+;394.4	1;741;2162;+;91.5	9;4695;7343;+;97.8		14;9634;10272;+;70.6	16;10725;12551;+;271.0	25;20425;22587;+;374.1	4;2968;3483;+;96.7	25;20425;22587;+;72.1	B	8/9	contiguous	19684	1	1	18793..19281+;162;TraS;0
NZ_CP039792.1	MPF_F	repFIB;repHI5B	304	0	0	GA	0															not_admitted	not_admitted	not_admitted	not_admitted	not_admitted	not_admitted	not_admitted	not_admitted	not_admitted	not_admitted	1	221;196258;197295;-;282.2	108;88907;90349;+;188.4	107;87913;88950;+;172.4	232;208164;210881;-;143.5	109;90324;94289;+;117.7	236;213004;214371;-;63.7	232;208164;210881;-;80.6	239;216026;216886;-;74.7	222;197292;198653;-;71.7	220;193067;196243;-;58.7	100;78558;80684;-;62.0	233;210930;211667;-;56.3	100;78558;80684;-;39.7	A	9/9	split_2	137468	0	1	
NZ_CP039794.1	MPF_F	IncFII(Yp)	150	0	0	GA	0															not_admitted	not_admitted	not_admitted	not_admitted	not_admitted	not_admitted	not_admitted	not_admitted	not_admitted	not_admitted	1	121;113040;114032;+;372.3	135;121344;122714;+;383.1	129;118545;119297;+;223.0	118;109375;112014;+;254.8	136;122714;125593;+;333.2	110;104763;106184;+;86.6	118;109375;112014;+;88.2	108;103476;104042;+;159.4	122;114045;114692;+;68.8	124;115069;117024;+;253.1	140;128365;130683;+;389.0	112;106645;107229;+;56.2	140;128365;130683;+;65.6	A	9/9	contiguous	24889	1	1	125610..126278+;222;unnamed;0
NZ_CP039809.1	MPF_F	IncFIB(K);IncFII(K);IncFII(pAR0022)	227	0	0	GA	0															not_admitted	not_admitted	not_admitted	not_admitted	not_admitted	not_admitted	not_admitted	not_admitted	not_admitted	not_admitted	1	138;137465;138454;-;366.6	128;130551;131918;-;384.1	132;133176;133928;-;233.7	142;139911;142550;-;258.5	127;127729;130551;-;346.4	152;146454;147878;-;89.5	142;139911;142550;-;88.7	154;148605;149171;-;167.0	137;136814;137452;-;66.9	136;134800;136755;-;259.4	123;122804;125113;-;393.1	150;145258;145842;-;53.8	123;122804;125113;-;66.6	A	9/9	contiguous	25801	1	1	127104..127706-;200;TraS;0
NZ_CP039810.1	MPF_F	IncFII(pHN7A8);IncR	189	0	0	GA	0															not_admitted	not_admitted	not_admitted	not_admitted	not_admitted	not_admitted	not_admitted	not_admitted	not_admitted	not_admitted	1	67;53828;54820;+;369.5	80;61653;63026;+;376.8	75;59344;60087;+;234.4	64;50192;52819;+;301.8	81;63023;65839;+;376.7	59;46710;48137;+;94.1	64;50192;52819;+;101.8	57;45429;45995;+;183.8	70;55766;56404;+;70.4	73;57217;59067;+;265.0	85;68140;70365;+;391.7	63;49161;49676;+;77.6	85;68140;70365;+;70.3	A	9/9	contiguous	22711	1	1	65872..66393+;173;unnamed;0
NZ_CP039811.1	MPF_T	IncX3	67	0	0	GA	1	60;46139;46783;+;46.4	61;46767;47057;+;73.1	62;47082;49835;+;47.0	62;47082;49835;+;142.4	62;47082;49835;+;73.3	63;49845;50615;+;60.1	65;50894;51949;+;133.2		66;52144;52872;+;119.4	0;12;710;+;96.8	1;707;1921;+;128.3	3;2117;3151;+;65.7	4;3154;4989;+;495.9		pfam	pfam_only	A	7/7	canonical	1	1	unscoreable	2	0	0														not_admitted	not_admitted	not_admitted	not_admitted	not_admitted	not_admitted	not_admitted
NZ_CP039820.1	MPF_F	IncFII(pHN7A8);IncR	215	0	0	GA	0															not_admitted	not_admitted	not_admitted	not_admitted	not_admitted	not_admitted	not_admitted	not_admitted	not_admitted	not_admitted	1	66;52704;53696;+;369.5	79;60529;61902;+;376.8	74;58220;58963;+;234.4	63;49068;51695;+;301.8	80;61899;64715;+;376.7	58;45586;47013;+;94.1	63;49068;51695;+;101.8	56;44305;44871;+;183.8	69;54642;55280;+;70.4	72;56093;57943;+;265.0	85;68082;70289;+;391.7	62;48037;48552;+;77.6	85;68082;70289;+;70.3	A	9/9	contiguous	23777	1	1	64748..65077+;109;unnamed;0
NZ_CP039821.1	MPF_T	IncN	80	0	0	GA	1	16;11742;12476;+;32.5		19;13119;13436;+;63.3	20;13436;16036;+;113.8	20;13436;16036;+;76.4	21;16054;16767;+;105.5	23;17018;18058;+;142.4		24;18277;18975;+;131.9	25;18986;19870;+;159.7	26;19870;21030;+;156.3	27;21072;22067;+;81.2	57;47781;49310;-;38.5		pfam	both	A	7/7	canonical	1	0	unscoreable	3	0	0														not_admitted	not_admitted	not_admitted	not_admitted	not_admitted	not_admitted	not_admitted
NZ_CP039855.1	MPF_F	IncFIB(S);IncFII(S);IncFII(pAR0022)	115	0	0	GA	0															not_admitted	not_admitted	not_admitted	not_admitted	not_admitted	not_admitted	not_admitted	not_admitted	not_admitted	not_admitted	1	12;8330;9322;+;366.7	21;14570;15952;+;392.4	18;12789;13538;+;231.0	9;4695;7343;+;314.1	22;15949;18771;+;394.4	1;741;2162;+;91.5	9;4695;7343;+;97.8		14;9634;10272;+;70.6	16;10725;12551;+;271.0	25;20425;22659;+;374.0	4;2968;3483;+;96.7	25;20425;22659;+;72.0	B	8/9	contiguous	19684	1	1	18793..19281+;162;TraS;0
NZ_CP039857.1	MPF_F	IncHI2;IncHI2A	261	0	0	GA	0															not_admitted	not_admitted	not_admitted	not_admitted	not_admitted	not_admitted	not_admitted	not_admitted	not_admitted	not_admitted	1	245;230573;231631;+;276.9	135;124920;126335;-;194.1	136;126325;127371;-;174.3	227;205788;208469;+;169.0	134;120958;124911;-;101.6	223;202103;203458;+;80.7	227;205788;208469;+;72.2	220;199591;200379;+;74.8	243;228920;230431;+;62.0	246;231650;234838;+;57.3	143;134413;136497;+;56.8	226;204829;205779;+;46.1	143;134413;136497;+;38.8	A	9/9	split_3	110692	1	1	119488..120777-;429;unnamed;0
NZ_CP039861.1	MPF_F	IncHI2;IncHI2A	276	0	0	GA	0															not_admitted	not_admitted	not_admitted	not_admitted	not_admitted	not_admitted	not_admitted	not_admitted	not_admitted	not_admitted	1	260;226341;227399;+;276.9	143;117042;118457;-;194.1	144;118447;119493;-;174.3	244;204345;207026;+;168.0	142;113080;117033;-;101.6	240;200660;202015;+;80.7	244;204345;207026;+;72.2	237;198148;198936;+;74.8	258;224688;226199;+;62.0	261;227418;230606;+;57.3	151;126535;128619;+;56.8	243;203386;204336;+;46.1	151;126535;128619;+;38.8	A	9/9	split_3	114338	1	1	111610..112899-;429;unnamed;0
NZ_CP039870.1	-	-	60	0	0	GA	0															not_admitted	not_admitted	not_admitted	not_admitted	not_admitted	not_admitted	not_admitted	not_admitted	not_admitted	not_admitted	1	18;14885;15874;+;368.0	23;19742;21124;+;327.0	21;18449;19261;+;161.8	15;11257;13836;+;182.3	24;21147;23915;+;245.8	13;9326;10795;+;59.7	15;11257;13836;+;95.9	11;8050;8619;+;93.5	19;15883;16548;+;80.6	20;16545;18452;+;242.6	28;25445;27442;+;333.7	14;10798;11244;+;33.9	28;25445;27442;+;71.7	A	9/9	contiguous	17395	1	1	23905..24303+;132;unnamed;1
NZ_CP039890.1	MPF_T	-	438	0	0	GA	1		212;210108;210518;+;73.1	213;210511;210810;+;60.3	214;210822;213284;+;189.2	214;210822;213284;+;134.4	215;213256;214065;+;45.0	217;214283;215473;+;109.4		218;215489;216151;+;126.2	219;216202;217020;+;186.3	221;217511;218815;+;226.8	211;209147;210118;+;127.9	284;287985;289910;+;553.8		conjscan	conjscan_only	A	7/7	canonical	1	0	unscoreable	3	0	0														not_admitted	not_admitted	not_admitted	not_admitted	not_admitted	not_admitted	not_admitted
NZ_CP039891.1	MPF_T	-	145	0	0	GA	1		142;155724;156134;-;73.6	141;155432;155731;-;62.6	140;152952;155420;-;192.7	140;152952;155420;-;131.4	139;152171;152980;-;42.9	137;150757;151947;-;112.7		136;150077;150739;-;121.5	135;149205;150008;-;188.0	133;147410;148714;-;224.7	143;156124;157095;-;129.8	64;70032;71972;-;552.0		conjscan	conjscan_only	A	7/7	canonical	1	0	unscoreable	3	0	0														not_admitted	not_admitted	not_admitted	not_admitted	not_admitted	not_admitted	not_admitted
NZ_CP039892.1	MPF_T	-	88	0	0	GA	1	75;57600;58697;+;92.2	72;54480;54842;+;74.2	73;54844;55143;+;77.2	74;55147;57603;+;124.7	74;55147;57603;+;98.4	76;58711;59409;+;38.4	78;59644;60672;+;150.2		79;60710;61402;+;180.1	80;61399;62211;+;199.8	81;62211;63422;+;211.3	82;63403;64425;+;134.9	83;64422;66491;+;305.4		pfam	pfam_only	A	7/7	canonical	1	0	unscoreable	1	0	0														not_admitted	not_admitted	not_admitted	not_admitted	not_admitted	not_admitted	not_admitted
NZ_CP039893.1	MPF_T	-	202	0	0	GA	1	43;54590;55309;+;59.9	199;217660;218064;-;77.9	45;55689;56015;+;70.6	46;56015;58384;+;226.5	197;214889;217357;-;123.6	196;214108;214917;-;46.2	194;212721;213908;-;114.2		49;60173;60946;+;176.5	192;211172;212026;-;190.4	190;209383;210684;-;220.7	200;218054;219025;-;130.9	116;121306;123249;-;550.2		conjscan	conjscan_only	A	7/7	uncallable	0	0	unscoreable	10	0	0														not_admitted	not_admitted	not_admitted	not_admitted	not_admitted	not_admitted	not_admitted
NZ_CP039899.1	MPF_T	-	438	0	0	GA	1		212;210108;210518;+;73.1	213;210511;210810;+;60.3	214;210822;213284;+;189.2	214;210822;213284;+;134.4	215;213256;214065;+;45.0	217;214283;215473;+;109.4		218;215489;216151;+;126.2	219;216202;217020;+;186.3	221;217511;218815;+;226.8	211;209147;210118;+;127.9	284;287985;289910;+;553.8		conjscan	conjscan_only	A	7/7	canonical	1	0	unscoreable	3	0	0														not_admitted	not_admitted	not_admitted	not_admitted	not_admitted	not_admitted	not_admitted
NZ_CP039900.1	MPF_T	-	145	0	0	GA	1		142;155724;156134;-;73.6	141;155432;155731;-;62.6	140;152952;155420;-;192.7	140;152952;155420;-;131.4	139;152171;152980;-;42.9	137;150757;151947;-;112.7		136;150077;150739;-;121.5	135;149205;150008;-;188.0	133;147410;148714;-;224.7	143;156124;157095;-;129.8	64;70032;71972;-;552.0		conjscan	conjscan_only	A	7/7	canonical	1	0	unscoreable	3	0	0														not_admitted	not_admitted	not_admitted	not_admitted	not_admitted	not_admitted	not_admitted
NZ_CP039902.1	MPF_T	-	201	0	0	GA	1	74;89791;90510;+;59.9	28;32836;33240;-;77.9	76;90890;91216;+;70.6	77;91216;93585;+;226.5	26;30065;32533;-;123.6	25;29284;30093;-;46.2	23;27897;29084;-;114.2		80;95374;96147;+;176.5	21;26348;27202;-;190.4	19;24559;25860;-;220.7	29;33230;34201;-;130.9	147;156507;158450;-;550.2		conjscan	conjscan_only	A	7/7	uncallable	0	0	unscoreable	10	0	0														not_admitted	not_admitted	not_admitted	not_admitted	not_admitted	not_admitted	not_admitted
NZ_CP039905.1	MPF_T	-	267	0	0	GA	1		8;7156;7455;+;89.6	9;7462;7800;+;103.6	10;7793;10159;+;175.9	10;7793;10159;+;109.8	11;10156;10857;+;196.8	13;11088;12020;+;167.5		15;12343;13014;+;212.7	16;13011;13868;+;185.7	17;13877;15052;+;178.6	18;15061;16107;+;112.3	43;37684;39603;-;326.4		pfam	both	A	7/7	canonical	1	0	unscoreable	2	0	0														not_admitted	not_admitted	not_admitted	not_admitted	not_admitted	not_admitted	not_admitted
NZ_CP039909.1	MPF_T	-	492	0	0	GA	1		200;202014;202313;+;89.6	201;202320;202658;+;103.6	202;202651;205017;+;175.9	202;202651;205017;+;109.8	203;205014;205715;+;196.8	205;205946;206878;+;167.5		207;207201;207872;+;212.7	208;207869;208726;+;185.7	209;208735;209910;+;178.6	210;209919;210965;+;112.3	235;232542;234461;-;326.4		pfam	both	A	7/7	canonical	1	0	unscoreable	2	0	0														not_admitted	not_admitted	not_admitted	not_admitted	not_admitted	not_admitted	not_admitted
NZ_CP039924.1	MPF_T	-	471	0	0	GA	1		468;471305;471667;-;68.1	467;471013;471312;-;62.4	466;468562;471000;-;173.0	466;468562;471000;-;126.9	465;467769;468572;-;47.2	464;466601;467728;-;113.7		463;465911;466573;-;129.6	462;465081;465893;-;185.7	460;463342;464634;-;210.5	469;471657;472634;-;129.9	357;358953;360905;-;522.1		conjscan	conjscan_only	A	7/7	canonical	1	0	unscoreable	2	0	0														not_admitted	not_admitted	not_admitted	not_admitted	not_admitted	not_admitted	not_admitted
NZ_CP039925.1	MPF_T	-	345	0	0	GA	1	273;297938;299077;-;69.5	272;297582;297941;-;51.4	271;297253;297579;-;50.0	270;294730;297249;-;140.7	270;294730;297249;-;86.9		266;291480;292550;-;80.6		265;290641;291354;-;120.9	264;289811;290623;-;183.9	263;288472;289800;-;187.2	262;287426;288475;-;128.3	261;284659;287457;-;219.3		none	none	A	7/7	canonical	0	0	unscoreable	2	0	0														not_admitted	not_admitted	not_admitted	not_admitted	not_admitted	not_admitted	not_admitted
NZ_CP039926.1	MPF_T	-	150	0	0	GA	1		147;153297;153704;-;71.0	146;153005;153304;-;62.1	145;150526;152994;-;190.5	145;150526;152994;-;120.4	144;149745;150554;-;48.7	142;148334;149536;-;109.9		141;147665;148327;-;122.2	140;146793;147647;-;192.1	138;144997;146304;-;224.3	148;153694;154665;-;135.7	81;85560;87536;-;571.3		conjscan	conjscan_only	A	7/7	canonical	1	0	unscoreable	3	0	0														not_admitted	not_admitted	not_admitted	not_admitted	not_admitted	not_admitted	not_admitted
NZ_CP039927.1	MPF_T	-	184	0	0	GA	1	107;102899;103636;+;75.2	181;187598;187999;-;74.9	109;104001;104327;+;73.6	110;104327;106696;+;240.3	179;184827;187295;-;122.7	178;184046;184855;-;47.8	176;182641;183837;-;110.2		114;108553;109266;+;176.9	174;181092;181958;-;191.3	172;179290;180603;-;225.2	182;187989;188960;-;133.5	68;60055;62004;-;546.2		conjscan	conjscan_only	A	7/7	uncallable	0	0	unscoreable	11	0	0														not_admitted	not_admitted	not_admitted	not_admitted	not_admitted	not_admitted	not_admitted
NZ_CP039994.1	MPF_F	-	97	0	0	GA	0															not_admitted	not_admitted	not_admitted	not_admitted	not_admitted	not_admitted	not_admitted	not_admitted	not_admitted	not_admitted	1	80;54394;55437;+;369.2	85;59416;60843;+;325.8	83;58206;59018;+;219.1	76;50106;52832;+;164.6	86;60859;63861;+;208.7	72;47108;48424;+;102.7	76;50106;52832;+;108.6	70;45817;46395;+;82.6	81;55452;56159;+;107.6	82;56156;58213;+;92.2	52;33097;35256;+;381.4	75;49452;50096;+;41.9	52;33097;35256;+;89.7	A	9/9	contiguous	27762	1	1	63933..64451+;172;unnamed;0
NZ_CP040024.1	MPF_F	IncC	189	0	0	GA	0															not_admitted	not_admitted	not_admitted	not_admitted	not_admitted	not_admitted	not_admitted	not_admitted	not_admitted	not_admitted	1	107;81723;82730;+;332.9	177;144683;146116;+;339.2	176;143653;144681;+;221.7	102;76524;78971;+;354.5	178;146129;149743;+;375.3	45;26108;27268;+;156.3	102;76524;78971;+;128.3	95;66128;66754;+;92.7	105;79793;81058;+;67.9	108;82846;85644;+;145.3	86;60453;62318;+;47.3	98;68965;69543;+;100.2	86;60453;62318;+;52.0	A	9/9	split_3	120021	0	1	
NZ_CP040025.1	MPF_F	IncFIB(K);IncFII(K)	171	0	0	GA	0															not_admitted	not_admitted	not_admitted	not_admitted	not_admitted	not_admitted	not_admitted	not_admitted	not_admitted	not_admitted	1	115;107533;108525;-;366.6	105;100712;102082;-;381.2	109;103284;104036;-;232.4	118;109551;112190;-;258.7	104;97863;100712;-;344.2	127;116005;117429;-;89.2	118;109551;112190;-;88.8	129;118156;118722;-;167.0	114;106882;107520;-;67.0	113;104879;106885;-;259.0	100;93740;96049;-;393.2	125;114824;115393;-;49.7	100;93740;96049;-;65.8	A	9/9	contiguous	24416	1	1	97330..97860-;176;unnamed;0
NZ_CP040029.1	MPF_F	IncC	209	0	0	GA	0															not_admitted	not_admitted	not_admitted	not_admitted	not_admitted	not_admitted	not_admitted	not_admitted	not_admitted	not_admitted	1	127;102139;103146;+;332.9	197;165108;166541;+;339.2	196;164078;165106;+;221.7	122;96940;99387;+;354.5	198;166554;170168;+;375.3	45;26117;27277;+;156.3	122;96940;99387;+;128.3	115;86544;87170;+;92.7	125;100209;101474;+;67.9	128;103262;106060;+;145.3	106;80869;82734;+;47.3	118;89381;89959;+;100.2	106;80869;82734;+;52.0	A	9/9	split_3	140437	0	1	
NZ_CP040030.1	MPF_F	IncFIB(K);IncFII(K)	169	0	0	GA	0															not_admitted	not_admitted	not_admitted	not_admitted	not_admitted	not_admitted	not_admitted	not_admitted	not_admitted	not_admitted	1	113;105833;106825;-;366.6	103;99012;100382;-;381.2	107;101584;102336;-;232.4	116;107851;110490;-;258.7	102;96163;99012;-;344.2	125;114305;115729;-;89.2	116;107851;110490;-;88.8	127;116456;117022;-;167.0	112;105182;105820;-;67.0	111;103179;105185;-;259.0	98;92040;94349;-;393.2	123;113124;113693;-;49.7	98;92040;94349;-;65.8	A	9/9	contiguous	24416	1	1	95630..96160-;176;unnamed;0
NZ_CP040034.1	MPF_F	IncC	209	0	0	GA	0															not_admitted	not_admitted	not_admitted	not_admitted	not_admitted	not_admitted	not_admitted	not_admitted	not_admitted	not_admitted	1	127;102139;103146;+;332.9	197;165108;166541;+;339.2	196;164078;165106;+;221.7	122;96940;99387;+;354.5	198;166554;170168;+;375.3	45;26117;27277;+;156.3	122;96940;99387;+;128.3	115;86544;87170;+;92.7	125;100209;101474;+;67.9	128;103262;106060;+;145.3	106;80869;82734;+;47.3	118;89381;89959;+;100.2	106;80869;82734;+;52.0	A	9/9	split_3	140437	0	1	
NZ_CP040035.1	MPF_F	IncFIB(K);IncFII(K)	169	0	0	GA	0															not_admitted	not_admitted	not_admitted	not_admitted	not_admitted	not_admitted	not_admitted	not_admitted	not_admitted	not_admitted	1	113;105833;106825;-;366.6	103;99012;100382;-;381.2	107;101584;102336;-;232.4	116;107851;110490;-;258.7	102;96163;99012;-;344.2	125;114305;115729;-;89.2	116;107851;110490;-;88.8	127;116456;117022;-;167.0	112;105182;105820;-;67.0	111;103179;105185;-;259.0	98;92040;94349;-;393.2	123;113124;113693;-;49.7	98;92040;94349;-;65.8	A	9/9	contiguous	24416	1	1	95630..96160-;176;unnamed;0
NZ_CP040039.1	MPF_F	IncC	186	0	0	GA	0															not_admitted	not_admitted	not_admitted	not_admitted	not_admitted	not_admitted	not_admitted	not_admitted	not_admitted	not_admitted	1	128;102705;103712;+;332.9	8;9745;11178;+;339.2	7;8715;9743;+;221.7	123;97506;99953;+;354.5	9;11191;14805;+;375.3	66;47090;48250;+;156.3	123;97506;99953;+;128.3	116;87110;87736;+;92.7	126;100775;102040;+;67.9	129;103828;106626;+;145.3	107;81435;83300;+;47.3	119;89947;90525;+;100.2	107;81435;83300;+;52.0	A	9/9	split_3	95113	0	1	
NZ_CP040068.1	MPF_F	IncC	260	0	0	GA	0															not_admitted	not_admitted	not_admitted	not_admitted	not_admitted	not_admitted	not_admitted	not_admitted	not_admitted	not_admitted	1	112;77382;78389;+;332.9	249;198795;200228;+;339.2	248;197753;198793;+;221.6	107;72183;74630;+;354.5	250;200241;203855;+;375.3	102;63311;64627;+;135.0	107;72183;74630;+;128.3	100;61787;62413;+;92.7	110;75452;76717;+;67.9	113;78505;81303;+;145.3	91;56112;57977;+;47.3	103;64624;65202;+;100.2	91;56112;57977;+;52.0	A	9/9	split_2	144129	0	1	
NZ_CP040091.1	MPF_T	IncX1	64	0	0	GA	1	50;44451;45095;-;47.1	49;44177;44467;-;73.5	48;41394;44153;-;44.8	48;41394;44153;-;133.3	48;41394;44153;-;71.9	47;40655;41392;-;57.5	45;39318;40373;-;131.7		44;38406;39128;-;116.0	43;37471;38400;-;132.4	42;36260;37474;-;128.6	41;35205;36242;-;66.4	40;33365;35200;-;543.4		pfam	pfam_only	A	7/7	canonical	1	1	unscoreable	1	0	0														not_admitted	not_admitted	not_admitted	not_admitted	not_admitted	not_admitted	not_admitted
NZ_CP040097.1	MPF_G	-	135	0	0	GA	0															not_admitted	not_admitted	not_admitted	not_admitted	not_admitted	not_admitted	not_admitted	not_admitted	not_admitted	not_admitted	1	12;12720;13697;-;193.1			17;17455;20316;-;279.9	9;9399;10877;-;257.7						38;37694;39793;-;37.2		38;37694;39793;-;47.1	D	3/9	split_2	28295	0	0	
NZ_CP040110.1	MPF_T	pEC4115	48	0	0	GA	1	12;7832;8443;+;40.5	13;8415;8729;+;30.8	14;8787;9107;+;39.0	15;9110;11482;+;81.6	15;9110;11482;+;33.6	11;7118;7759;+;33.9	9;5915;6892;+;132.9		17;11613;12350;+;158.9	18;12347;13126;+;167.2	19;13116;14258;+;143.5	20;14258;15277;+;91.9	21;15328;17295;+;290.5		pfam	pfam_only	A	7/7	rearranged	1	0	unscoreable	2	0	0														not_admitted	not_admitted	not_admitted	not_admitted	not_admitted	not_admitted	not_admitted
NZ_CP040123.1	MPF_F	IncFIB(K);IncR	249	0	0	GA	0															not_admitted	not_admitted	not_admitted	not_admitted	not_admitted	not_admitted	not_admitted	not_admitted	not_admitted	not_admitted	1	116;103164;104153;+;366.6	126;109700;111067;+;384.1	122;107690;108442;+;233.7	112;99068;101707;+;258.5	127;111067;112983;+;347.9	105;94816;96240;+;88.1	112;99068;101707;+;88.7	103;93523;94089;+;169.3	117;104166;104804;+;66.9	118;104863;106818;+;259.4	219;196000;198312;-;393.1	106;96313;96897;+;54.3	219;196000;198312;-;66.6	A	9/9	split_2	102477	1	1	112995..113699+;234;unnamed;0
NZ_CP040124.1	MPF_F	IncFII(pHN7A8)	92	0	0	GA	0															not_admitted	not_admitted	not_admitted	not_admitted	not_admitted	not_admitted	not_admitted	not_admitted	not_admitted	not_admitted	1	18;13778;14770;+;369.5	58;44815;45753;-;199.1	26;19294;20037;+;234.4	15;10142;12769;+;301.8	57;42002;44818;-;376.7	10;6660;8087;+;94.1	15;10142;12769;+;101.8	8;5379;5945;+;183.8	21;15716;16354;+;70.4	24;17167;19017;+;265.0	53;37476;39701;-;391.7	14;9111;9626;+;77.6	53;37476;39701;-;70.3	A	9/9	contiguous	39436	1	1	41448..41969-;173;unnamed;0
NZ_CP040168.1	-	-	61	0	0	GA	0															not_admitted	not_admitted	not_admitted	not_admitted	not_admitted	not_admitted	not_admitted	not_admitted	not_admitted	not_admitted	1	19;16434;17423;+;368.0	24;21291;22673;+;327.0	22;19998;20810;+;161.8	16;12806;15385;+;182.3	25;22696;25464;+;245.8	14;10875;12344;+;59.7	16;12806;15385;+;95.9	12;9659;10168;+;91.3	20;17432;18097;+;80.6	21;18094;20001;+;242.6	29;26994;28991;+;333.7	15;12347;12793;+;33.9	29;26994;28991;+;71.7	A	9/9	contiguous	17335	1	1	25454..25852+;132;unnamed;1
NZ_CP040171.1	MPF_F	IncC	175	0	0	GA	0															not_admitted	not_admitted	not_admitted	not_admitted	not_admitted	not_admitted	not_admitted	not_admitted	not_admitted	not_admitted	1	116;90018;91025;-;332.9	52;34438;35871;-;339.2	53;35873;36901;-;221.7	121;93777;96224;-;354.5	51;30811;34425;-;375.3	126;103780;105096;-;135.0	121;93777;96224;-;128.3	128;105994;106620;-;92.7	118;91690;92955;-;67.9	115;87104;89902;-;145.3	137;110430;112295;-;47.3	125;103205;103783;-;100.2	137;110430;112295;-;52.0	A	9/9	split_2	79619	0	1	
NZ_CP040184.1	MPF_F	repFIB;repHI5B	387	0	0	GA	0															not_admitted	not_admitted	not_admitted	not_admitted	not_admitted	not_admitted	not_admitted	not_admitted	not_admitted	not_admitted	1	336;279440;280477;-;282.2	141;123504;124946;-;188.6	142;124903;125940;-;172.0	347;291346;294063;-;143.5	140;119558;123502;-;119.0	351;296186;297553;-;63.7	347;291346;294063;-;80.6	354;299208;300068;-;73.9	337;280474;281835;-;71.7	335;276249;279425;-;58.7	149;133180;135306;+;62.0	348;294112;294849;-;56.3	149;133180;135306;+;39.7	A	9/9	split_2	179650	0	1	
NZ_CP040185.1	MPF_F	IncFII(Yp)	140	0	0	GA	0															not_admitted	not_admitted	not_admitted	not_admitted	not_admitted	not_admitted	not_admitted	not_admitted	not_admitted	not_admitted	1	14;9470;10462;+;372.3	24;16095;17465;+;383.1	21;14574;15326;+;222.2	9;5818;7692;+;247.6	25;17465;20323;+;326.8	2;1288;2709;+;88.0	9;5818;7692;+;44.7	0;1;567;+;161.7	15;10475;11101;+;68.3	16;11098;13053;+;254.7	29;22552;23247;+;194.5	4;3321;3890;+;55.7	30;23262;24383;+;68.7	A	9/9	contiguous	23261	1	1	20340..21011+;223;unnamed;0
NZ_CP040242.1	MPF_T	-	34	0	0	GA	1	30;23081;23626;+;54.1	18;13162;13458;+;64.2	19;13458;13745;+;45.0	20;13749;16214;+;92.6	20;13749;16214;+;88.8	23;17469;18266;+;60.0	25;18565;19752;+;44.4		26;19772;20467;+;121.0	27;20480;21403;+;167.1	29;21847;23088;+;214.7	17;12214;13152;+;133.2	1;651;2474;+;321.1		conjscan	both	A	7/7	canonical	1	0	unscoreable	19	0	0														not_admitted	not_admitted	not_admitted	not_admitted	not_admitted	not_admitted	not_admitted
NZ_CP040265.1	MPF_F	IncFII(pSE11)	89	0	0	GA	0															not_admitted	not_admitted	not_admitted	not_admitted	not_admitted	not_admitted	not_admitted	not_admitted	not_admitted	not_admitted	1	67;50088;51080;+;371.9	76;56112;57485;+;376.8	71;53809;54552;+;233.3	64;46452;49079;+;300.9	77;57482;60301;+;388.8	59;43113;44540;+;94.3	64;46452;49079;+;102.3	57;41832;42398;+;183.8	68;51089;51727;+;68.4	69;51724;53532;+;268.3	81;62545;64761;+;388.1	62;45421;45936;+;77.6	81;62545;64761;+;66.5	A	9/9	contiguous	20713	1	1	60326..60817+;163;TraS;0
NZ_CP040322.1	MPF_F	IncFIB(S);IncFII(S);IncFII(pAR0022)	114	0	0	GA	0															not_admitted	not_admitted	not_admitted	not_admitted	not_admitted	not_admitted	not_admitted	not_admitted	not_admitted	not_admitted	1	12;8330;9322;+;366.7	21;14570;15952;+;392.4	18;12789;13538;+;231.0	9;4695;7343;+;314.1	22;15949;18771;+;394.4	1;741;2162;+;91.5	9;4695;7343;+;97.8		14;9634;10272;+;70.6	16;10725;12551;+;271.0	25;20425;22695;+;371.4	4;2968;3483;+;96.7	25;20425;22695;+;69.5	B	8/9	contiguous	19684	1	1	18793..19281+;162;TraS;0
NZ_CP040377.1	MPF_T	-	47	0	0	GA	1				44;41178;43196;+;25.4									2;1446;2957;+;469.0		none	none	D	2/7	uncallable	0	0	unscoreable	0	0	0														not_admitted	not_admitted	not_admitted	not_admitted	not_admitted	not_admitted	not_admitted
NZ_CP040393.1	MPF_F	-	128	0	0	GA	0															not_admitted	not_admitted	not_admitted	not_admitted	not_admitted	not_admitted	not_admitted	not_admitted	not_admitted	not_admitted	1	70;54203;55207;+;351.7	79;60435;61799;+;366.5	73;57663;58451;+;219.8	59;47302;49941;+;223.2	80;61799;62335;+;115.6	53;43451;44869;+;96.3	59;47302;49941;+;109.9	51;42122;42700;+;79.9	71;55217;55825;+;59.4	72;55822;57666;+;222.4	85;66644;69217;+;353.5	57;46479;47066;+;33.6	85;66644;69217;+;63.6	A	9/9	contiguous	24522	1	1	62332..62694+;120;unnamed;0
NZ_CP040399.1	MPF_T	ColKP3;IncX3	65	0	0	GA	1	25;21117;21761;-;46.4	24;20843;21133;-;73.1	23;18065;20818;-;47.0	23;18065;20818;-;142.4	23;18065;20818;-;73.3	22;17285;18055;-;60.1	20;15951;17006;-;132.8		19;15028;15756;-;119.4	18;14093;15022;-;138.8	17;12882;14096;-;128.3	15;11652;12686;-;65.7	14;9814;11649;-;495.9		pfam	pfam_only	A	7/7	canonical	1	1	unscoreable	2	0	0														not_admitted	not_admitted	not_admitted	not_admitted	not_admitted	not_admitted	not_admitted
NZ_CP040453.1	-	-	219	0	0	GA	0															not_admitted	not_admitted	not_admitted	not_admitted	not_admitted	not_admitted	not_admitted	not_admitted	not_admitted	not_admitted	1	52;38711;39718;-;243.1	39;25883;27544;+;205.4	38;25539;25871;+;45.1	189;144565;145452;+;56.3	41;28233;30821;+;99.2	187;142809;143876;+;66.8	191;146421;146972;+;54.2		50;37759;38571;-;69.4	48;34198;36474;-;45.2	45;31753;33216;-;37.1	188;144066;144563;+;31.9	45;31753;33216;-;38.9	B	8/9	split_2	120882	0	1	
NZ_CP040454.1	MPF_F	IncFIB(AP001918);IncFII	133	0	0	GA	0															not_admitted	not_admitted	not_admitted	not_admitted	not_admitted	not_admitted	not_admitted	not_admitted	not_admitted	not_admitted	1	68;65683;66675;-;369.5	58;58531;59904;-;381.3	63;61834;62577;-;233.1	71;67684;70314;-;304.1	57;55715;58534;-;373.4	80;73578;75005;-;94.3	71;67684;70314;-;97.1	82;75720;76286;-;175.1	66;64701;65339;-;68.6	65;62854;64704;-;266.1	53;51184;53445;-;391.7	76;71935;72450;-;78.9	53;51184;53445;-;70.3	A	9/9	contiguous	24536	1	1	55199..55690-;163;TraS;0
NZ_CP040457.1	MPF_F	IncHI2;IncHI2A	277	0	0	GA	0															not_admitted	not_admitted	not_admitted	not_admitted	not_admitted	not_admitted	not_admitted	not_admitted	not_admitted	not_admitted	1	75;68742;69800;-;276.9	188;174890;176305;+;194.1	187;173854;174900;+;174.3	91;89372;92053;-;168.0	189;176314;180267;+;101.7	95;94383;95738;-;80.7	91;89372;92053;-;72.2	98;97462;98250;-;74.8	77;69942;71453;-;62.0	74;65535;68723;-;57.3	180;164728;166812;-;56.8	92;92062;93012;-;46.1	180;164728;166812;-;38.8	A	9/9	split_2	110779	1	1	180448..181737+;429;unnamed;0
NZ_CP040535.1	MPF_F	IncFII(pHN7A8);IncR	224	0	0	GA	0															not_admitted	not_admitted	not_admitted	not_admitted	not_admitted	not_admitted	not_admitted	not_admitted	not_admitted	not_admitted	1	171;134750;135742;-;369.5	158;126544;127917;-;376.8	163;129483;130226;-;234.4	174;136751;139378;-;301.8	157;123731;126547;-;376.7	149;111513;112940;+;94.1	174;136751;139378;-;101.8	147;110232;110798;+;183.8	168;133166;133804;-;70.4	165;130503;132353;-;265.0	153;119214;121430;-;391.7	175;139894;140409;-;77.6	153;119214;121430;-;70.3	A	9/9	contiguous	29662	1	1	123177..123698-;173;unnamed;0
NZ_CP040541.1	MPF_F	IncFII(pHN7A8);IncR	224	0	0	GA	0															not_admitted	not_admitted	not_admitted	not_admitted	not_admitted	not_admitted	not_admitted	not_admitted	not_admitted	not_admitted	1	80;67623;68615;-;369.5	67;59417;60790;-;376.8	72;62356;63099;-;234.4	83;69624;72251;-;301.8	66;56604;59420;-;376.7	58;44386;45813;+;94.1	83;69624;72251;-;101.8	56;43105;43671;+;183.8	77;66039;66677;-;70.4	74;63376;65226;-;265.0	62;52087;54303;-;391.7	84;72767;73282;-;77.6	62;52087;54303;-;70.3	A	9/9	contiguous	29662	1	1	56050..56571-;173;unnamed;0
NZ_CP040547.1	MPF_F	IncFII(pHN7A8);IncR	222	0	0	GA	0															not_admitted	not_admitted	not_admitted	not_admitted	not_admitted	not_admitted	not_admitted	not_admitted	not_admitted	not_admitted	1	45;35716;36708;+;369.5	58;43541;44914;+;376.8	53;41232;41975;+;234.4	42;32080;34707;+;301.8	59;44911;47727;+;376.7	67;58509;59936;-;94.1	42;32080;34707;+;101.8	69;60651;61217;-;183.8	48;37654;38292;+;70.4	51;39105;40955;+;265.0	63;50028;52235;+;391.7	41;31049;31564;+;77.6	63;50028;52235;+;70.3	A	9/9	contiguous	29602	1	1	47760..48281+;173;unnamed;0
NZ_CP040565.1	MPF_F	IncFIB(S);IncFII(S);IncFII(pAR0022)	116	0	0	GA	0															not_admitted	not_admitted	not_admitted	not_admitted	not_admitted	not_admitted	not_admitted	not_admitted	not_admitted	not_admitted	1	32;21130;22122;+;366.7	41;27370;28752;+;392.4	38;25589;26338;+;231.0	29;17495;20143;+;314.1	42;28749;31571;+;394.4	21;13541;14962;+;91.5	29;17495;20143;+;97.8	19;12248;12814;+;188.1	34;22434;23072;+;68.7	36;23525;25351;+;271.0	45;33225;35387;+;374.1	24;15768;16283;+;96.7	45;33225;35387;+;72.1	A	9/9	contiguous	20977	1	1	31593..32081+;162;TraS;0
NZ_CP040569.1	MPF_F	IncFIB(S);IncFII(S);IncFII(pAR0022)	118	0	0	GA	0															not_admitted	not_admitted	not_admitted	not_admitted	not_admitted	not_admitted	not_admitted	not_admitted	not_admitted	not_admitted	1	16;15036;16028;-;366.7	7;8406;9788;-;392.4	10;10820;11569;-;231.0	19;17015;19663;-;314.1	6;5587;8409;-;394.4	27;22196;23617;-;91.5	19;17015;19663;-;97.8	29;24344;24910;-;188.1	14;14086;14724;-;70.6	12;11807;13633;-;271.0	3;1654;3933;-;371.4	24;20875;21390;-;96.7	3;1654;3933;-;69.5	A	9/9	contiguous	22690	1	1	5077..5565-;162;TraS;0
NZ_CP040574.1	MPF_T	IncY	88	0	0	GA	1	63;62119;62781;+;48.3	64;62792;63091;+;36.6	65;63101;65851;+;61.8	65;63101;65851;+;132.4	65;63101;65851;+;47.3	66;65870;66586;+;137.0	68;66900;67907;+;137.8		70;68117;68803;+;158.3	71;68796;69689;+;147.4	72;69686;70882;+;134.7	73;70886;71935;+;71.5	80;76673;78580;+;24.4		pfam	pfam_only	A	7/7	canonical	1	1	unscoreable	8	0	0														not_admitted	not_admitted	not_admitted	not_admitted	not_admitted	not_admitted	not_admitted
NZ_CP040594.1	MPF_T	IncX4	46	0	0	GA	1	1;381;1001;-;41.6	0;41;367;-;64.4		45;29502;31157;-;152.1	45;29502;31157;-;47.4	43;27908;28624;-;94.2	42;26802;27896;-;150.1		40;25601;26287;-;169.0	38;24697;25269;-;88.0	37;23586;24704;-;163.9	36;22556;23584;-;85.0	35;20707;22524;-;316.5		pfam	pfam_only	A	7/7	canonical	1	0	unscoreable	2	0	0														not_admitted	not_admitted	not_admitted	not_admitted	not_admitted	not_admitted	not_admitted
NZ_CP040595.1	MPF_F	IncHI1B(pNDM-MAR);repB	322	0	0	GA	0															not_admitted	not_admitted	not_admitted	not_admitted	not_admitted	not_admitted	not_admitted	not_admitted	not_admitted	not_admitted	1	112;94487;95494;-;332.9			117;98246;100693;-;354.2		128;112688;114004;-;135.0	117;98246;100693;-;128.6	130;114902;115528;-;92.1	114;96159;97424;-;67.6	111;91576;94371;-;145.3	139;119338;121203;-;47.4	127;112113;112691;-;100.2	139;119338;121203;-;52.0	C	6/9	contiguous	27762	0	1	
NZ_CP040598.1	MPF_F	IncFIB(pB171);IncFII(Yp);IncFII(pAR0022)	126	0	0	GA	0															not_admitted	not_admitted	not_admitted	not_admitted	not_admitted	not_admitted	not_admitted	not_admitted	not_admitted	not_admitted	1	27;29466;30458;-;369.4	19;23383;24753;-;376.7	23;25970;26719;-;218.2	30;31446;34079;-;285.5	18;20561;23383;-;336.5	36;36107;37501;-;89.4	30;31446;34079;-;95.9	39;38217;38783;-;169.9	26;28820;29449;-;66.9	25;26970;28823;-;260.5	15;16978;19224;-;384.7	35;35546;36085;-;67.5	15;16978;19224;-;63.8	A	9/9	contiguous	21239	1	1	20108..20539-;143;TraS;0
NZ_CP040603.1	MPF_T	-	29	0	0	GA	1	12;8840;9460;-;63.5	24;22099;22404;-;50.4	23;21717;22085;-;86.7	22;19276;21717;-;165.6	22;19276;21717;-;104.3	21;18569;19279;-;176.4	19;17305;18252;-;150.3		18;16126;17004;-;126.4	17;15320;16129;-;166.7	16;14109;15323;-;174.7	15;13048;14109;-;93.8	14;11119;13038;-;327.3		pfam	both	A	7/7	canonical	1	0	unscoreable	2	0	0														not_admitted	not_admitted	not_admitted	not_admitted	not_admitted	not_admitted	not_admitted
NZ_CP040609.1	MPF_T	-	43	0	0	GA	1		42;39630;39893;-;51.4	41;36843;39611;-;73.1	41;36843;39611;-;180.3	41;36843;39611;-;82.8	36;33975;34961;-;83.5	35;32979;33971;-;110.5		33;32173;32835;-;177.6	32;31289;32176;-;161.4	31;30087;31262;-;165.9	30;29114;30106;-;94.4	29;27302;29113;-;349.7		pfam	pfam_only	A	7/7	canonical	1	1	unscoreable	5	0	0														not_admitted	not_admitted	not_admitted	not_admitted	not_admitted	not_admitted	not_admitted
NZ_CP040642.1	MPF_T	-	418	0	0	GA	1		388;421226;421525;+;90.1	389;421532;421870;+;106.9	390;421863;424229;+;177.2	390;421863;424229;+;105.6	391;424226;424927;+;201.5	393;425161;426093;+;167.3		395;426416;427087;+;212.3	396;427084;427941;+;185.6	397;427950;429125;+;179.4	398;429134;430147;+;110.8	19;13877;15796;-;330.3		pfam	both	A	7/7	canonical	1	0	unscoreable	2	0	0														not_admitted	not_admitted	not_admitted	not_admitted	not_admitted	not_admitted	not_admitted
NZ_CP040658.1	MPF_F	IncFIB(K);IncFII(pBK30683)	156	0	0	GA	0															not_admitted	not_admitted	not_admitted	not_admitted	not_admitted	not_admitted	not_admitted	not_admitted	not_admitted	not_admitted	1	105;99802;100791;-;366.6	95;92888;94255;-;384.0	99;95513;96265;-;233.7	109;102248;104887;-;258.5	94;90039;92888;-;346.4	115;107718;109142;-;89.2	109;102248;104887;-;88.7	117;109869;110435;-;169.3	104;99151;99789;-;66.9	103;97137;99092;-;259.4	90;85263;87575;-;390.0	114;107061;107645;-;54.5	90;85263;87575;-;64.0	A	9/9	contiguous	24606	1	1	89503..90036-;177;unnamed;0
NZ_CP040659.1	MPF_F	IncFII(pBK30683);repB(R1701)	100	0	0	GA	0															not_admitted	not_admitted	not_admitted	not_admitted	not_admitted	not_admitted	not_admitted	not_admitted	not_admitted	not_admitted	1	46;47054;48043;-;366.6	36;40140;41507;-;384.0	40;42765;43517;-;233.7	50;49500;52139;-;258.5	35;37291;40140;-;346.4	56;54970;56394;-;89.2	50;49500;52139;-;88.7	58;57121;57687;-;169.3	45;46403;47041;-;66.9	44;44389;46344;-;259.4	31;32515;34827;-;390.0	55;54313;54897;-;54.5	31;32515;34827;-;64.0	A	9/9	contiguous	24606	1	1	36755..37288-;177;unnamed;0
NZ_CP040661.1	MPF_F	IncFIB(K);IncFII(pBK30683)	156	0	0	GA	0															not_admitted	not_admitted	not_admitted	not_admitted	not_admitted	not_admitted	not_admitted	not_admitted	not_admitted	not_admitted	1	105;99802;100791;-;366.6	95;92888;94255;-;384.0	99;95513;96265;-;233.7	109;102248;104887;-;258.5	94;90039;92888;-;346.4	115;107718;109142;-;89.2	109;102248;104887;-;88.7	117;109869;110435;-;169.3	104;99151;99789;-;66.9	103;97137;99092;-;259.4	90;85263;87575;-;390.0	114;107061;107645;-;54.5	90;85263;87575;-;64.0	A	9/9	contiguous	24606	1	1	89503..90036-;177;unnamed;0
NZ_CP040662.1	MPF_F	IncFII(pBK30683);repB(R1701)	100	0	0	GA	0															not_admitted	not_admitted	not_admitted	not_admitted	not_admitted	not_admitted	not_admitted	not_admitted	not_admitted	not_admitted	1	46;47054;48043;-;366.6	36;40140;41507;-;384.0	40;42765;43517;-;233.7	50;49500;52139;-;258.5	35;37291;40140;-;346.4	56;54970;56394;-;89.2	50;49500;52139;-;88.7	58;57121;57687;-;169.3	45;46403;47041;-;66.9	44;44389;46344;-;259.4	31;32515;34827;-;390.0	55;54313;54897;-;54.5	31;32515;34827;-;64.0	A	9/9	contiguous	24606	1	1	36755..37288-;177;unnamed;0
NZ_CP040669.1	MPF_F	IncFIB(S)	133	0	0	GA	0															not_admitted	not_admitted	not_admitted	not_admitted	not_admitted	not_admitted	not_admitted	not_admitted	not_admitted	not_admitted	1	3;3636;4628;+;366.7	12;9876;11258;+;392.4	9;8095;8844;+;231.0	0;1;2649;+;314.1	13;11255;14077;+;394.4	125;103607;105028;+;91.5	0;1;2649;+;97.8	123;102314;102880;+;188.1	5;4940;5578;+;70.6	7;6031;7857;+;271.0	16;15731;17974;+;371.4	128;105834;106349;+;96.7	16;15731;17974;+;69.6	A	9/9	split_2	105833	1	1	14099..14587+;162;TraS;0
NZ_CP040696.1	MPF_F	IncHI2;IncHI2A	347	0	0	GA	0															not_admitted	not_admitted	not_admitted	not_admitted	not_admitted	not_admitted	not_admitted	not_admitted	not_admitted	not_admitted	1	335;293835;294893;+;276.9	146;125322;126737;-;194.1	147;126727;127773;-;173.7	317;270515;273196;+;168.0	145;121363;125313;-;101.6	313;266830;268185;+;80.7	317;270515;273196;+;72.2	310;264318;265106;+;74.8	333;292182;293693;+;62.7	336;294912;298100;+;58.3	153;134814;136898;+;56.7	316;269556;270506;+;46.4	153;134814;136898;+;38.8	A	9/9	split_3	173549	0	1	
NZ_CP040702.1	MPF_F	IncFII(S);IncFII(pAR0022)	96	0	0	GA	0															not_admitted	not_admitted	not_admitted	not_admitted	not_admitted	not_admitted	not_admitted	not_admitted	not_admitted	not_admitted	1	18;13774;14769;+;357.2	24;19000;20361;+;328.6	22;17606;18385;+;196.8	15;10090;12681;+;219.6	25;20363;23260;+;289.8	12;7658;9019;+;81.6	15;10090;12681;+;87.7	10;6378;6941;+;145.5	20;15145;15759;+;79.9	21;15756;17609;+;258.0	28;26142;28433;+;375.5	14;9465;10079;+;47.7	28;26142;28433;+;59.1	A	9/9	contiguous	19764	0	1	
NZ_CP040712.1	MPF_F	IncHI1B(pNDM-MAR);repB	301	0	0	GA	0															not_admitted	not_admitted	not_admitted	not_admitted	not_admitted	not_admitted	not_admitted	not_admitted	not_admitted	not_admitted	1	24;20991;21983;-;369.5			27;22992;25619;-;300.9		33;27772;29199;-;93.9	27;22992;25619;-;102.2	35;29914;30480;-;182.7	22;20009;20647;-;70.7	21;18558;20012;-;109.3	27;22992;25619;-;20.8	29;26135;26650;-;76.0		C	6/9	contiguous	11356	0	1	
NZ_CP040718.1	MPF_F	-	180	0	0	GA	0															not_admitted	not_admitted	not_admitted	not_admitted	not_admitted	not_admitted	not_admitted	not_admitted	not_admitted	not_admitted	1	171;142167;143171;-;335.2	92;75683;77125;-;313.9	93;77129;78169;-;213.9	176;145925;148369;-;329.3	91;72125;75670;-;370.0	2;3308;4615;-;131.6	176;145925;148369;-;129.2	4;5501;6136;-;86.5	173;143842;145104;-;62.6	170;139378;142158;-;136.5	16;11522;13393;-;46.4	1;2739;3311;-;92.5	16;11522;13393;-;53.0	A	9/9	split_3	143186	0	1	
NZ_CP040725.1	MPF_T	IncX4	47	0	0	GA	1	37;21727;22347;+;41.6	38;22361;22687;+;64.4	39;22706;25453;+;63.8	39;22706;25453;+;151.8	39;22706;25453;+;46.1	40;25465;26181;+;94.2	41;26193;27287;+;150.1		43;27802;28488;+;169.0	44;28485;29393;+;142.4	45;29386;30504;+;163.9	46;30506;31534;+;85.0	0;4;1617;+;317.1		pfam	pfam_only	A	7/7	canonical	1	1	unscoreable	1	0	0														not_admitted	not_admitted	not_admitted	not_admitted	not_admitted	not_admitted	not_admitted
NZ_CP040726.1	MPF_F	IncFIB(pNDM-Mar);IncHI1B(pNDM-MAR)	379	0	0	GA	0															not_admitted	not_admitted	not_admitted	not_admitted	not_admitted	not_admitted	not_admitted	not_admitted	not_admitted	not_admitted	1	74;64546;65583;+;282.3	296;272467;273876;-;190.4	297;273866;274903;-;176.7	61;50998;53715;+;148.7	295;268527;272465;-;118.9	57;47515;48885;+;65.6	61;50998;53715;+;85.2	54;45009;45869;+;79.0	73;63188;64549;+;69.9	75;65593;68778;+;58.9	304;282084;284210;+;58.0	60;50216;50953;+;57.0	304;282084;284210;+;39.7	A	9/9	split_2	237075	0	1	
NZ_CP040754.1	MPF_T	-	148	0	0	GA	1	112;112308;113465;+;71.3	108;109228;109521;+;76.0	109;109514;109792;+;89.7	110;109782;112157;+;88.6	110;109782;112157;+;44.0	113;113465;114280;+;67.7	120;118652;119728;+;121.6		114;114297;114950;+;160.0	115;114988;115647;+;168.5	116;115644;117038;+;178.4	117;117043;118029;+;105.1	141;137789;139780;-;290.1		pfam	both	A	7/7	canonical	1	0	unscoreable	3	0	0														not_admitted	not_admitted	not_admitted	not_admitted	not_admitted	not_admitted	not_admitted
NZ_CP040761.1	-	-	208	0	0	GA	1	91;94096;95298;-;87.8	95;98154;98471;-;81.6	94;97870;98148;-;80.5	93;95502;97880;-;74.8	93;95502;97880;-;38.3	90;93300;94094;-;46.0	84;87767;88852;-;108.9		89;92593;93291;-;130.7	88;91883;92593;-;146.8	87;90447;91886;-;177.5	86;89434;90444;-;99.3	82;85281;87344;+;273.3		pfam	pfam_only	A	7/7	canonical	1	0	unscoreable	3	0	0														not_admitted	not_admitted	not_admitted	not_admitted	not_admitted	not_admitted	not_admitted
NZ_CP040800.1	MPF_T	-	41	0	0	GA	1		40;37906;38298;+;58.1	0;57;323;+;33.1	1;311;2875;+;104.6	1;311;2875;+;109.4	6;6399;7172;+;109.7	8;7447;8817;+;109.1		2;2872;3588;+;92.4	3;3605;4495;+;169.0	5;4980;6380;+;207.2	39;36934;37893;+;139.4	22;21982;23916;-;468.1		conjscan	both	A	7/7	canonical	1	0	unscoreable	3	0	0														not_admitted	not_admitted	not_admitted	not_admitted	not_admitted	not_admitted	not_admitted
NZ_CP040806.1	MPF_F	IncHI2;IncHI2A;IncQ1	224	0	0	GA	0															not_admitted	not_admitted	not_admitted	not_admitted	not_admitted	not_admitted	not_admitted	not_admitted	not_admitted	not_admitted	1	130;110220;111278;-;276.9			146;130850;133531;-;168.0		150;135861;137216;-;80.7	146;130850;133531;-;72.2	153;138940;139728;-;74.8	132;111420;112931;-;62.0	129;107013;110201;-;57.3		147;133540;134490;-;46.1		C	6/9	contiguous	31927	0	1	
NZ_CP040807.1	MPF_F	IncFII(pHN7A8)	112	0	0	GA	0															not_admitted	not_admitted	not_admitted	not_admitted	not_admitted	not_admitted	not_admitted	not_admitted	not_admitted	not_admitted	1	68;55771;56763;-;369.5	55;47565;48938;-;376.8	60;50504;51247;-;234.4	71;57772;60399;-;301.8	54;45271;47568;-;377.4	76;62454;63881;-;94.1	71;57772;60399;-;101.8	78;64596;65162;-;183.8	65;54187;54825;-;70.4	62;51524;53374;-;265.0	49;40209;42452;-;391.7	72;60915;61430;-;78.0	49;40209;42452;-;70.3	A	9/9	contiguous	24387	1	1	44753..45271-;172;unnamed;0
NZ_CP040809.1	MPF_T	IncFIB(K)	104	0	0	GA	1	42;32875;33537;+;48.3	43;33548;33847;+;36.6	45;35298;37046;+;62.4	45;35298;37046;+;135.1	45;35298;37046;+;48.4	47;38067;38783;+;137.0	49;39097;40113;+;137.9		51;40313;40999;+;158.3	53;41255;41884;+;106.5	54;41881;42756;+;50.8	55;43237;44127;+;71.9			pfam	pfam_only	B	6/7	canonical	1	1	unscoreable	4	0	0														not_admitted	not_admitted	not_admitted	not_admitted	not_admitted	not_admitted	not_admitted
NZ_CP040810.1	MPF_T	IncFIB(K)	97	0	0	GA	1	70;56630;57292;+;48.3		73;59052;61802;+;61.8	73;59052;61802;+;134.0	73;59052;61802;+;47.3	74;61821;62318;+;77.2	76;62849;63856;+;137.8		78;64066;64752;+;158.3	79;64745;65638;+;147.4	80;65760;66830;+;135.1	81;66834;67697;+;59.4	90;72616;74523;+;24.4		pfam	both	A	7/7	canonical	1	1	unscoreable	12	0	0														not_admitted	not_admitted	not_admitted	not_admitted	not_admitted	not_admitted	not_admitted
NZ_CP040823.1	MPF_T	-	124	0	0	GA	1	38;31045;32199;+;72.8	34;27962;28255;+;75.3	35;28248;28526;+;88.8	36;28516;30891;+;85.1	36;28516;30891;+;46.8	39;32196;33008;+;70.0	46;37355;38431;+;129.5		40;33026;33679;+;170.8	41;33682;34377;+;164.0	42;34374;35753;+;180.4	43;35758;36744;+;104.2	49;40578;42587;-;289.6		pfam	both	A	7/7	canonical	1	0	unscoreable	5	0	0														not_admitted	not_admitted	not_admitted	not_admitted	not_admitted	not_admitted	not_admitted
NZ_CP040834.1	MPF_F	IncFIB(pNDM-Mar);IncHI1B(pNDM-MAR)	323	0	0	GA	0															not_admitted	not_admitted	not_admitted	not_admitted	not_admitted	not_admitted	not_admitted	not_admitted	not_admitted	not_admitted	1	251;215601;216638;-;282.3	181;147706;149115;-;190.4	182;149105;150142;-;175.6	263;227470;230187;-;149.6	180;143736;147704;-;121.3	267;232300;233670;-;65.6	263;227470;230187;-;85.2	270;235316;236176;-;79.0	252;216635;217996;-;68.3	250;212406;215591;-;59.6	189;157341;159467;+;57.7	264;230232;230969;-;56.9	189;157341;159467;+;41.0	A	9/9	split_2	91580	0	1	
NZ_CP040835.1	MPF_F	IncFII(pHN7A8);IncR	211	0	0	GA	0															not_admitted	not_admitted	not_admitted	not_admitted	not_admitted	not_admitted	not_admitted	not_admitted	not_admitted	not_admitted	1	66;51504;52496;+;369.5	79;59329;60702;+;376.8	74;57020;57763;+;234.4	63;47868;50495;+;301.8	80;60699;63515;+;376.7	58;44386;45813;+;94.1	63;47868;50495;+;101.8	56;43105;43671;+;183.8	69;53442;54080;+;70.4	72;54893;56743;+;265.0	84;65816;68041;+;391.7	62;46837;47352;+;77.6	84;65816;68041;+;70.3	A	9/9	contiguous	22711	1	1	63548..64069+;173;unnamed;0
NZ_CP040859.1	MPF_T	IncN	73	0	0	GA	1	11;9631;10365;-;32.5		8;8671;8988;-;63.3	7;6071;8671;-;113.8	7;6071;8671;-;76.4	6;5340;6053;-;105.5	4;4049;5089;-;142.4		3;3132;3830;-;131.9	2;2237;3121;-;159.7	1;1077;2237;-;156.3	0;40;1035;-;81.2	50;36440;37969;+;38.5		pfam	both	A	7/7	canonical	1	0	unscoreable	3	0	0														not_admitted	not_admitted	not_admitted	not_admitted	not_admitted	not_admitted	not_admitted
NZ_CP040862.1	MPF_F	IncFIB(K);IncFII(K);IncFII(pAR0022)	285	0	0	GA	0															not_admitted	not_admitted	not_admitted	not_admitted	not_admitted	not_admitted	not_admitted	not_admitted	not_admitted	not_admitted	1	72;72533;73525;-;363.2	62;66771;66986;-;28.9	66;68244;68996;-;233.7	75;74551;77190;-;259.0		82;80565;81989;-;89.3	75;74551;77190;-;88.7	84;82716;83282;-;169.3	71;71882;72520;-;66.0	70;69868;71823;-;259.6	59;62909;65221;-;392.5	81;79907;80491;-;54.4	59;62909;65221;-;66.6	B	8/9	contiguous	19807	0	1	
NZ_CP040884.1	MPF_F	IncC	180	0	0	GA	0															not_admitted	not_admitted	not_admitted	not_admitted	not_admitted	not_admitted	not_admitted	not_admitted	not_admitted	not_admitted	1	48;43514;44521;+;332.9	122;106228;107661;+;339.2	121;105198;106226;+;221.7	43;38315;40762;+;354.2	123;107674;111288;+;375.3	34;25004;26320;+;135.0	43;38315;40762;+;128.6	32;23480;24106;+;92.1	46;41584;42849;+;67.6	49;44637;47432;+;145.3	23;17805;19670;+;47.4	35;26317;26895;+;100.2	23;17805;19670;+;52.0	A	9/9	split_2	89869	0	1	
NZ_CP040885.1	MPF_F	IncFIA;IncFIB(AP001918);IncFII	135	0	0	GA	0															not_admitted	not_admitted	not_admitted	not_admitted	not_admitted	not_admitted	not_admitted	not_admitted	not_admitted	not_admitted	1	75;64066;65058;+;367.4	86;70744;72117;+;380.9	79;67787;68530;+;235.0	72;60430;63057;+;305.4	87;72114;74939;+;385.9	66;56948;58375;+;94.3	72;60430;63057;+;98.5	64;55667;56233;+;183.8	76;65067;65705;+;68.6	77;65702;67510;+;268.3	90;76442;78640;+;391.3	70;59399;59914;+;78.4	90;76442;78640;+;70.4	A	9/9	contiguous	20775	1	1	74936..75445+;169;unnamed;0
NZ_CP040888.1	MPF_F	IncHI2;IncHI2A	363	0	0	GA	0															not_admitted	not_admitted	not_admitted	not_admitted	not_admitted	not_admitted	not_admitted	not_admitted	not_admitted	not_admitted	1	48;44019;45077;-;276.9	210;194882;196297;+;194.1	209;193846;194892;+;173.2	68;67050;69731;-;168.0	211;196306;200256;+;101.6	72;72061;73416;-;80.7	68;67050;69731;-;72.2	75;75140;75928;-;74.8	50;45219;46730;-;62.9	47;40812;44000;-;58.3	203;184721;186805;-;56.7	69;69740;70690;-;46.4	203;184721;186805;-;38.8	A	9/9	split_3	155494	0	1	
NZ_CP040892.1	MPF_T	IncX5	55	0	0	GA	1	35;34991;35635;-;36.9	34;34717;35007;-;69.0	33;31936;34695;-;42.6	33;31936;34695;-;132.2	33;31936;34695;-;70.5	32;31179;31928;-;54.3	30;29845;30900;-;132.0		29;28877;29605;-;120.9	28;27943;28872;-;134.2	27;26735;27946;-;136.9	26;25680;26723;-;64.1	25;23842;25677;-;504.8		pfam	pfam_only	A	7/7	canonical	1	1	unscoreable	1	0	0														not_admitted	not_admitted	not_admitted	not_admitted	not_admitted	not_admitted	not_admitted
NZ_CP040895.1	MPF_T	IncN	112	0	0	GA	1	64;57163;57897;+;32.5		67;58540;58857;+;63.3	68;58857;61457;+;113.8	68;58857;61457;+;76.4	69;61475;62188;+;105.5	71;62439;63479;+;142.4		72;63698;64396;+;131.9	73;64407;65291;+;159.7	74;65291;66451;+;156.3	75;66493;67488;+;81.2	89;79376;80905;-;38.5		pfam	both	A	7/7	canonical	1	0	unscoreable	3	0	0														not_admitted	not_admitted	not_admitted	not_admitted	not_admitted	not_admitted	not_admitted
NZ_CP040901.1	MPF_F	IncFIB(S);IncFII(S);IncFII(pAR0022)	116	0	0	GA	0															not_admitted	not_admitted	not_admitted	not_admitted	not_admitted	not_admitted	not_admitted	not_admitted	not_admitted	not_admitted	1	89;66600;67592;+;366.7	98;72840;74222;+;392.4	95;71059;71808;+;231.0	86;62965;65613;+;314.1	99;74219;77041;+;394.4	78;59011;60432;+;91.5	86;62965;65613;+;97.8	76;57718;58284;+;188.1	91;67904;68542;+;70.6	93;68995;70821;+;271.0	102;78695;80956;+;374.0	81;61238;61753;+;96.7	102;78695;80956;+;72.0	A	9/9	contiguous	20977	1	1	77063..77551+;162;TraS;0
NZ_CP040928.1	MPF_T	IncFIB(pHCM2);IncQ1;IncY	177	0	0	GA	1	139;124009;124671;+;48.3	140;124682;124981;+;36.6	141;124991;127741;+;61.8	141;124991;127741;+;134.0	141;124991;127741;+;47.3	142;127760;128476;+;137.0	144;128790;129797;+;137.8		146;130007;130693;+;158.2	147;130686;131579;+;147.4	148;131576;132772;+;134.7	149;132776;133825;+;71.5	156;138563;140470;+;24.4		pfam	pfam_only	A	7/7	canonical	1	1	unscoreable	8	0	0														not_admitted	not_admitted	not_admitted	not_admitted	not_admitted	not_admitted	not_admitted
NZ_CP040929.1	MPF_T	IncX1	67	0	0	GA	1	16;8863;9507;+;47.1	17;9491;9781;+;73.5	18;9805;12564;+;44.8	18;9805;12564;+;133.3	18;9805;12564;+;71.9	19;12566;13303;+;57.5	21;13585;14640;+;131.7		22;14830;15552;+;116.0	23;15558;16487;+;133.3	24;16484;17698;+;128.6	25;17716;18753;+;66.4	26;18758;20593;+;543.4		pfam	pfam_only	A	7/7	canonical	1	1	unscoreable	1	0	0														not_admitted	not_admitted	not_admitted	not_admitted	not_admitted	not_admitted	not_admitted
NZ_CP040995.1	MPF_F	IncFII(pCoo);pSM22	126	0	0	GA	0															not_admitted	not_admitted	not_admitted	not_admitted	not_admitted	not_admitted	not_admitted	not_admitted	not_admitted	not_admitted	1	81;72061;73053;-;367.5	67;62936;64309;-;381.7	73;66244;66987;-;234.4	84;74062;76689;-;302.0	66;60096;62939;-;385.2	90;78580;80031;-;93.9	84;74062;76689;-;97.2	92;80746;81312;-;183.1	76;69264;69911;-;66.3	75;67264;69267;-;262.2	62;55553;57850;-;383.4	87;77205;77720;-;76.5	62;55553;57850;-;70.3	A	9/9	contiguous	25193	1	1	59595..60074-;159;TraS;0
NZ_CP041006.1	MPF_F	IncFIB(S);IncFII(S);IncFII(pAR0022)	116	0	0	GA	0															not_admitted	not_admitted	not_admitted	not_admitted	not_admitted	not_admitted	not_admitted	not_admitted	not_admitted	not_admitted	1	37;33737;34729;-;366.7	28;27107;28489;-;392.4	31;29521;30270;-;231.0	40;35716;38364;-;314.1	27;24288;27110;-;394.4	48;40897;42318;-;91.5	40;35716;38364;-;97.8	50;43045;43611;-;185.6	35;32787;33425;-;70.6	33;30508;32334;-;271.0	24;20391;22634;-;374.0	45;39576;40091;-;96.7	24;20391;22634;-;72.0	A	9/9	contiguous	22654	1	1	23778..24266-;162;TraS;0
NZ_CP041018.1	MPF_T	-	239	0	0	GA	1	11;7078;7554;+;45.9	12;7742;8080;+;78.3	13;8077;8427;+;85.4	14;8420;10831;+;159.0	14;8420;10831;+;118.0	15;10835;11554;+;202.0	17;11785;12729;+;125.4		19;13064;13762;+;171.2	20;13759;14616;+;198.2	21;14620;15843;+;185.2	22;15847;16851;+;98.2	23;16835;18796;+;337.1		pfam	both	A	7/7	canonical	1	0	unscoreable	2	0	0														not_admitted	not_admitted	not_admitted	not_admitted	not_admitted	not_admitted	not_admitted
NZ_CP041027.1	MPF_F	IncC	243	0	0	GA	0															not_admitted	not_admitted	not_admitted	not_admitted	not_admitted	not_admitted	not_admitted	not_admitted	not_admitted	not_admitted	1	41;28436;29428;+;366.7	50;34676;36058;+;392.4	47;32895;33644;+;231.0	38;24801;27449;+;314.1	51;36055;38877;+;394.4	149;116698;118014;-;135.0	38;24801;27449;+;97.8	28;19554;20120;+;188.1	43;29740;30378;+;70.6	45;30831;32657;+;271.0	54;40531;42693;+;374.1	148;116123;116701;-;100.2	54;40531;42693;+;72.1	A	9/9	split_2	97144	1	1	38899..39387+;162;TraS;0
NZ_CP041033.1	MPF_T	ColKP3;IncX3	64	0	0	GA	1	61;47041;47685;+;46.4	62;47669;47959;+;73.1	63;47984;50737;+;47.0	63;47984;50737;+;142.4	63;47984;50737;+;73.3		1;317;1372;+;132.8		2;1567;2295;+;119.4	3;2301;3230;+;138.8	4;3227;4441;+;128.3	6;4637;5671;+;65.7	7;5674;7509;+;495.9		none	none	A	7/7	rearranged	0	1	unscoreable	1	0	0														not_admitted	not_admitted	not_admitted	not_admitted	not_admitted	not_admitted	not_admitted
NZ_CP041044.1	-	-	189	0	0	GA	1	54;53978;54508;-;72.6	53;53658;53963;-;64.4	52;53383;53658;-;42.8	51;51039;53390;-;39.9	51;51039;53390;-;45.7	49;49761;50912;-;28.7	43;46077;47117;-;76.5		42;45366;46052;-;143.6	41;44638;45369;-;137.8	40;43259;44638;-;157.2	39;42264;43262;-;104.2	38;40336;42267;-;283.1		pfam	pfam_only	A	7/7	canonical	1	0	unscoreable	6	0	0														not_admitted	not_admitted	not_admitted	not_admitted	not_admitted	not_admitted	not_admitted
NZ_CP041047.1	-	pKPC-CAV1321	371	0	0	GA	0															not_admitted	not_admitted	not_admitted	not_admitted	not_admitted	not_admitted	not_admitted	not_admitted	not_admitted	not_admitted	1	331;265660;266727;-;276.8	311;248308;249747;-;253.3	312;249744;250844;-;197.1	335;268835;271321;-;224.0	310;244850;248293;-;242.3	342;275792;277189;-;107.4	335;268835;271321;-;120.6	344;278470;279096;-;86.7	332;266724;268037;-;40.5	308;241756;244413;-;138.1	350;281650;283620;-;22.1	341;275229;275795;-;72.5	350;281650;283620;-;33.6	A	9/9	contiguous	39894	0	1	
NZ_CP041048.1	MPF_T	IncA;IncX3	186	0	0	GA	1	176;141687;142331;+;46.4	177;142315;142605;+;73.1	178;142630;145383;+;47.0	178;142630;145383;+;142.4	178;142630;145383;+;73.3	179;145393;146163;+;60.1	181;146442;147497;+;133.2		182;147692;148420;+;119.4	183;148426;149355;+;138.8	184;149352;150566;+;128.3		1;397;2232;+;495.9		pfam	pfam_only	B	6/7	canonical	1	1	unscoreable	1	0	0														not_admitted	not_admitted	not_admitted	not_admitted	not_admitted	not_admitted	not_admitted
NZ_CP041083.1	MPF_F	IncC	214	0	0	GA	0															not_admitted	not_admitted	not_admitted	not_admitted	not_admitted	not_admitted	not_admitted	not_admitted	not_admitted	not_admitted	1	95;73913;74920;+;332.9	202;167982;169415;+;339.2	201;166952;167980;+;221.7	90;68714;71161;+;354.2	203;169428;173042;+;375.3	81;55403;56719;+;135.0	90;68714;71161;+;128.6	79;53879;54505;+;92.1	93;71983;73248;+;67.6	96;75036;77831;+;145.3	70;48204;50069;+;47.4	82;56716;57294;+;100.2	70;48204;50069;+;52.0	A	9/9	split_2	121224	0	1	
NZ_CP041084.1	MPF_F	IncFIB(K)	180	0	0	GA	0															not_admitted	not_admitted	not_admitted	not_admitted	not_admitted	not_admitted	not_admitted	not_admitted	not_admitted	not_admitted	1	124;115854;116846;-;366.6	114;109033;110403;-;381.2	118;111605;112357;-;232.4	127;117872;120511;-;258.7	113;106184;109033;-;344.2	136;124326;125750;-;89.2	127;117872;120511;-;88.8	138;126477;127043;-;167.0	123;115203;115841;-;67.0	122;113200;115206;-;259.0	109;102058;104370;-;393.2	134;123145;123714;-;49.7	109;102058;104370;-;65.8	A	9/9	contiguous	24419	1	1	105651..106181-;176;unnamed;0
NZ_CP041093.1	MPF_F	IncFIB(pNDM-Mar);IncHI1B(pNDM-MAR)	286	0	0	GA	0															not_admitted	not_admitted	not_admitted	not_admitted	not_admitted	not_admitted	not_admitted	not_admitted	not_admitted	not_admitted	1	209;180113;181150;-;281.7	82;66251;67660;+;190.4	81;65224;66261;+;175.6	221;191982;194699;-;149.6	83;67662;71630;+;121.3	225;196812;198182;-;65.6	221;191982;194699;-;85.2	228;199828;200688;-;79.0	210;181147;182508;-;69.9	208;176918;180103;-;59.6	74;55899;58025;-;57.7	222;194744;195481;-;56.9	74;55899;58025;-;41.0	A	9/9	split_2	143929	0	1	
NZ_CP041094.1	MPF_F	IncFIB(K);IncFII(pKP91)	181	0	0	GA	0															not_admitted	not_admitted	not_admitted	not_admitted	not_admitted	not_admitted	not_admitted	not_admitted	not_admitted	not_admitted	1	127;127927;128916;-;363.3	117;121013;122380;-;384.6	121;123638;124390;-;233.7	131;130373;133012;-;258.5	116;118164;121013;-;345.5	139;136352;137776;-;89.3	131;130373;133012;-;88.2	141;138503;139069;-;167.0	126;127276;127914;-;66.1	125;125262;127217;-;259.3	112;113421;115703;-;393.2	137;135156;135740;-;54.6	112;113421;115703;-;65.9	A	9/9	contiguous	25082	1	1	117631..118161-;176;unnamed;0
NZ_CP041100.1	MPF_F	IncFIB(K);IncFII(K)	208	0	0	GA	0															not_admitted	not_admitted	not_admitted	not_admitted	not_admitted	not_admitted	not_admitted	not_admitted	not_admitted	not_admitted	1	152;152264;153256;-;365.2	142;145443;146813;-;381.2	146;148015;148767;-;232.4	155;154282;156921;-;258.7	141;142594;145443;-;344.2	164;160736;162160;-;89.2	155;154282;156921;-;88.8	166;162887;163453;-;167.0	151;151613;152251;-;67.0	150;149610;151616;-;259.0	137;138471;140780;-;393.2	162;159555;160124;-;49.7	137;138471;140780;-;65.8	A	9/9	contiguous	24416	1	1	142061..142591-;176;unnamed;0
NZ_CP041102.1	MPF_F	IncFII(pCoo)	104	0	0	GA	0															not_admitted	not_admitted	not_admitted	not_admitted	not_admitted	not_admitted	not_admitted	not_admitted	not_admitted	not_admitted	1	83;68874;69866;+;370.2	91;74559;75932;+;380.4	87;72595;73338;+;234.4	80;65238;67865;+;303.5	92;75929;78751;+;386.8	76;61899;63326;+;94.3	80;65238;67865;+;100.3	74;60618;61184;+;183.8	84;69875;70513;+;68.3	85;70510;72318;+;263.5	95;80285;82474;+;391.8	79;64207;64722;+;78.0	95;80285;82474;+;70.3	A	9/9	contiguous	19667	1	1	78772..79269+;165;TraS;0
NZ_CP041104.1	MPF_T	IncFII(pMET)	47	0	0	GA	1	10;8380;9090;-;47.5	9;8078;8383;-;73.1	8;5327;8065;-;49.1	8;5327;8065;-;151.4	8;5327;8065;-;32.2	7;4598;5308;-;141.1	5;3273;4349;-;170.4		3;2368;3051;-;195.6	2;1463;2368;-;155.4	1;148;1416;-;147.2	46;36017;36742;-;67.2	42;32425;34161;-;46.4		pfam	pfam_only	A	7/7	canonical	1	1	unscoreable	5	0	0														not_admitted	not_admitted	not_admitted	not_admitted	not_admitted	not_admitted	not_admitted
NZ_CP041105.1	MPF_T	IncX4	43	0	0	GA	1	13;12094;12714;-;41.6	12;11754;12080;-;64.4	11;8988;11735;-;63.8	11;8988;11735;-;151.8	11;8988;11735;-;46.1	10;8260;8976;-;94.2	9;7154;8248;-;150.1		7;5953;6639;-;169.0	6;5048;5956;-;142.4	5;3937;5055;-;163.9	4;2907;3935;-;85.0	3;1058;2875;-;316.5		pfam	pfam_only	A	7/7	canonical	1	1	unscoreable	1	0	0														not_admitted	not_admitted	not_admitted	not_admitted	not_admitted	not_admitted	not_admitted
NZ_CP041111.1	MPF_F	IncFIB(AP001918);IncFIC(FII)	115	0	0	GA	0															not_admitted	not_admitted	not_admitted	not_admitted	not_admitted	not_admitted	not_admitted	not_admitted	not_admitted	not_admitted	1	56;49939;50931;-;369.3	48;43870;45243;-;381.0	52;46464;47207;-;232.7	59;51940;54567;-;303.5	47;41051;43873;-;380.3	63;56479;57906;-;94.3	59;51940;54567;-;100.3	65;58621;59187;-;183.8	55;49292;49930;-;68.3	54;47487;49295;-;268.3	44;37337;39517;-;391.8	60;55083;55598;-;78.0	44;37337;39517;-;70.4	A	9/9	contiguous	21284	1	1	40533..41030-;165;TraS;0
NZ_CP041112.1	MPF_T	IncY	105	0	0	GA	1	28;25485;26147;-;48.3	27;25175;25474;-;36.6	26;22415;25165;-;61.8	26;22415;25165;-;134.0	26;22415;25165;-;47.3	25;21680;22396;-;137.0	23;20359;21366;-;137.8		21;19463;20149;-;158.2	20;18577;19470;-;147.4	19;17384;18580;-;131.8	18;16331;17380;-;71.5	11;9691;11598;-;24.4		pfam	pfam_only	A	7/7	canonical	1	1	unscoreable	8	0	0														not_admitted	not_admitted	not_admitted	not_admitted	not_admitted	not_admitted	not_admitted
NZ_CP041113.1	MPF_T	IncI2	79	0	0	GA	1	39;33172;33654;-;81.1		54;49250;49534;-;36.6	53;46887;49244;-;58.5	53;46887;49244;-;42.8	67;56190;56783;-;42.3	68;56789;57784;-;128.5		51;45987;46721;-;144.3	50;45220;45990;-;170.5	49;44091;45230;-;154.7	42;35422;36960;-;207.1	47;41043;43001;-;289.6		pfam	pfam_only	A	7/7	rearranged	1	0	unscoreable	18	1	0														not_admitted	not_admitted	not_admitted	not_admitted	not_admitted	not_admitted	not_admitted
NZ_CP041114.1	MPF_T	IncR;IncX1	68	0	0	GA	1	63;53384;54028;+;47.1	64;54012;54302;+;73.5	65;54326;57085;+;44.8	65;54326;57085;+;133.3	65;54326;57085;+;71.9	66;57087;57824;+;57.5			0;368;1090;+;116.0	1;1096;2025;+;133.3	2;2022;3236;+;128.6	3;3254;4291;+;66.4	4;4296;6131;+;543.4		pfam	pfam_only	B	6/7	uncallable	0	1	unscoreable	0	0	0														not_admitted	not_admitted	not_admitted	not_admitted	not_admitted	not_admitted	not_admitted
NZ_CP041133.1	MPF_F	IncFII(S);pSM22	100	0	0	GA	0															not_admitted	not_admitted	not_admitted	not_admitted	not_admitted	not_admitted	not_admitted	not_admitted	not_admitted	not_admitted	1	62;46626;47240;+;252.4	67;50928;51842;+;118.7	65;49893;50615;+;203.8	55;41441;42250;+;126.9	70;52825;54279;+;292.4	48;39086;39853;+;46.3	56;42247;43842;+;101.3	45;37362;37925;+;164.6	63;47251;47925;+;63.0	64;48026;49954;+;241.2	75;57381;58250;+;216.8	53;41007;41201;+;38.7	75;57381;58250;+;58.9	A	9/9	contiguous	20019	1	1	54276..55655+;459;unnamed;0
NZ_CP041152.1	-	-	77	0	0	GA	1		7;7893;8258;-;64.3	6;7605;7889;-;36.7	5;5149;7602;-;61.1	5;5149;7602;-;105.0	4;4377;5132;-;42.6	3;2686;4368;-;101.8		2;1985;2671;-;124.1	1;1125;1985;-;152.7	76;62907;63383;-;164.4	70;56712;58289;-;163.7	59;47655;49568;-;399.4		conjscan	conjscan_only	A	7/7	canonical	1	0	unscoreable	17	0	0														not_admitted	not_admitted	not_admitted	not_admitted	not_admitted	not_admitted	not_admitted
NZ_CP041157.1	MPF_T	-	141	0	0	GA	0															not_admitted	not_admitted	not_admitted	not_admitted	not_admitted	not_admitted	not_admitted	not_admitted	not_admitted	not_admitted	1	83;69369;70358;-;358.4	76;61953;63341;-;351.3	78;64635;65459;-;213.3	87;71851;74337;-;209.5	75;58773;61949;-;295.6	89;74944;76224;-;99.7	87;71851;74337;-;91.0	91;76946;77500;-;120.2	82;68602;69384;-;89.4	80;65854;67155;-;182.0	133;113556;115919;-;447.8	88;74558;74947;-;36.8	133;113556;115919;-;82.4	A	9/9	split_2	54783	0	1	
NZ_CP041172.1	MPF_F	IncC	183	0	0	GA	0															not_admitted	not_admitted	not_admitted	not_admitted	not_admitted	not_admitted	not_admitted	not_admitted	not_admitted	not_admitted	1	145;117474;118481;+;332.9	45;29077;30510;-;339.2	46;30512;31540;-;221.7	140;112275;114722;+;354.2	44;25450;29064;-;375.3	131;98964;100280;+;135.0	140;112275;114722;+;128.6	129;97440;98066;+;92.1	143;115544;116809;+;67.6	146;118597;121497;+;145.1	120;91765;93630;+;47.4	132;100277;100855;+;100.2	120;91765;93630;+;52.0	A	9/9	split_2	93147	0	1	
NZ_CP041174.1	MPF_F	IncHI2;IncHI2A	274	0	0	GA	0															not_admitted	not_admitted	not_admitted	not_admitted	not_admitted	not_admitted	not_admitted	not_admitted	not_admitted	not_admitted	1	127;118747;119805;+;276.9	14;13595;15010;-;194.1	15;15000;16046;-;174.3	111;96494;99175;+;168.0	13;9633;13586;-;101.7	107;92809;94164;+;80.7	111;96494;99175;+;72.2	104;90297;91085;+;74.8	125;117094;118605;+;62.0	128;119824;123012;+;57.3	22;23088;25172;+;56.8	110;95535;96485;+;46.1	22;23088;25172;+;38.8	A	9/9	split_3	110191	1	1	8163..9452-;429;unnamed;0
NZ_CP041177.1	MPF_F	IncFII(pHN7A8);IncX1	131	0	0	GA	0															not_admitted	not_admitted	not_admitted	not_admitted	not_admitted	not_admitted	not_admitted	not_admitted	not_admitted	not_admitted	1	66;51946;52938;+;369.5	79;59771;61144;+;376.8	74;57462;58205;+;234.4	63;48310;50937;+;301.8	80;61141;63957;+;376.7	58;44828;46255;+;94.1	63;48310;50937;+;101.8	56;43547;44113;+;183.8	69;53884;54522;+;70.4	72;55335;57185;+;265.0	84;66258;68501;+;391.7	62;47279;47794;+;78.0	84;66258;68501;+;70.3	A	9/9	contiguous	22711	1	1	63990..64511+;173;unnamed;0
NZ_CP041180.1	MPF_F	IncHI2;IncHI2A;IncN;IncQ1	262	0	0	GA	0															not_admitted	not_admitted	not_admitted	not_admitted	not_admitted	not_admitted	not_admitted	not_admitted	not_admitted	not_admitted	1	91;78769;79827;-;276.9			107;99399;102080;-;168.0		111;104410;105765;-;80.7	107;99399;102080;-;72.2	114;107489;108277;-;74.8	93;79969;81480;-;62.0	87;74226;76460;-;59.3		108;102089;103039;-;46.1		C	6/9	contiguous	33263	0	1	
NZ_CP041182.1	MPF_F	IncHI2;IncHI2A;IncN;IncQ1	262	0	0	GA	0															not_admitted	not_admitted	not_admitted	not_admitted	not_admitted	not_admitted	not_admitted	not_admitted	not_admitted	not_admitted	1	80;77980;79038;+;276.9			64;55727;58408;+;168.0		60;52042;53397;+;80.7	64;55727;58408;+;72.2	57;49530;50318;+;74.8	78;76327;77838;+;62.0	84;81347;83581;+;59.3		63;54768;55718;+;46.1		C	6/9	split_2	31817	0	1	
NZ_CP041209.1	MPF_F	IncC	187	0	0	GA	0															not_admitted	not_admitted	not_admitted	not_admitted	not_admitted	not_admitted	not_admitted	not_admitted	not_admitted	not_admitted	1	22;30254;31261;+;332.9	94;91651;93084;+;339.2	93;90621;91649;+;221.7	17;25055;27502;+;354.2	95;93097;96711;+;375.3	0;113;1429;+;135.0	17;25055;27502;+;128.6	185;156801;157427;+;92.1	20;28324;29589;+;67.6	23;31377;34172;+;145.3	176;151126;152991;+;47.4	1;1426;2004;+;100.2	176;151126;152991;+;52.0	A	9/9	split_4	156688	0	1	
NZ_CP041223.1	-	-	185	0	0	GA	0															not_admitted	not_admitted	not_admitted	not_admitted	not_admitted	not_admitted	not_admitted	not_admitted	not_admitted	not_admitted	1	124;118216;119241;-;396.5	119;113109;114551;-;354.9	120;114551;115360;-;233.9	130;121523;124078;-;422.0	118;109845;113096;-;352.3	133;125589;126890;-;92.0	130;121523;124078;-;98.6	135;127690;128253;-;163.4	123;117464;118201;-;104.7	122;115740;117467;-;276.1	22;13585;15981;+;483.9		22;13585;15981;+;63.2	B	8/9	split_2	114105	1	1	108705..109487-;260;unnamed;0
NZ_CP041229.1	MPF_T	-	55	0	0	GA	1	35;27493;28203;+;101.0	36;28214;28507;+;41.2		37;28519;31230;+;78.0	37;28519;31230;+;57.1	38;31227;31868;+;71.2	25;18573;19658;+;71.0		26;19658;20446;+;74.6	27;20461;21198;+;149.0	28;21200;22579;+;180.8	29;22595;23632;+;92.0	33;25712;27229;+;35.6		pfam	both	A	7/7	rearranged	1	0	unscoreable	3	0	0														not_admitted	not_admitted	not_admitted	not_admitted	not_admitted	not_admitted	not_admitted
NZ_CP041239.1	MPF_T	-	433	0	0	GA	1		427;429749;430135;-;76.6	426;429457;429756;-;62.1	425;426988;429444;-;178.3	425;426988;429444;-;118.3	424;426213;427016;-;44.7	422;424847;426022;-;110.4		421;424160;424822;-;136.3	420;423331;424143;-;189.8	418;421583;422878;-;213.6	428;430125;431102;-;130.6	405;409003;410967;-;551.8		conjscan	conjscan_only	A	7/7	canonical	1	0	unscoreable	3	0	0														not_admitted	not_admitted	not_admitted	not_admitted	not_admitted	not_admitted	not_admitted
NZ_CP041240.1	MPF_T	-	424	0	0	GA	1		418;449653;450039;-;70.8	417;449361;449660;-;64.2	416;446894;449350;-;174.9	416;446894;449350;-;119.8	415;446119;446922;-;41.6	414;444935;446125;-;114.7		413;444248;444910;-;129.1	412;443420;444232;-;189.7	410;441667;442968;-;216.1	419;450029;451006;-;132.2	398;428507;430438;-;552.6		conjscan	conjscan_only	A	7/7	canonical	1	0	unscoreable	2	0	0														not_admitted	not_admitted	not_admitted	not_admitted	not_admitted	not_admitted	not_admitted
NZ_CP041241.1	MPF_T	-	1756	0	0	GA	1	1158;1249897;1250568;-;24.7	1157;1249601;1249900;-;90.6	1156;1249255;1249596;-;104.0	1155;1246896;1249262;-;176.3	1155;1246896;1249262;-;109.5	1154;1246198;1246896;-;205.2	1152;1245029;1245964;-;163.5		1150;1244040;1244711;-;213.5	1149;1243189;1244040;-;180.2	1148;1242009;1243178;-;175.1	1417;1540641;1542071;+;215.5	1146;1238800;1240713;+;322.0		pfam	both	A	7/7	canonical	1	0	unscoreable	2	0	0														not_admitted	not_admitted	not_admitted	not_admitted	not_admitted	not_admitted	not_admitted
NZ_CP041248.1	MPF_T	pKPC-CAV1321	373	0	0	GA	0															not_admitted	not_admitted	not_admitted	not_admitted	not_admitted	not_admitted	not_admitted	not_admitted	not_admitted	not_admitted	1	248;208537;209604;+;276.8	268;225515;226957;+;260.7	267;224418;225518;+;198.4	244;203943;206429;+;223.8	269;226972;230490;+;240.0	137;102442;103662;+;216.3	244;203943;206429;+;120.8	238;197409;198035;+;87.1	247;207227;208540;+;41.0	271;230926;233583;+;136.9	232;192885;194861;+;22.7	241;200712;201278;+;71.6	232;192885;194861;+;33.5	A	9/9	split_2	128484	0	1	
NZ_CP041249.1	MPF_F	IncFII(Yp)	106	0	0	GA	0															not_admitted	not_admitted	not_admitted	not_admitted	not_admitted	not_admitted	not_admitted	not_admitted	not_admitted	not_admitted	1	54;41933;42922;+;366.1	67;49442;50809;+;380.6	63;47533;48285;+;233.8	51;38268;40907;+;252.9	68;50809;53652;+;338.1	44;34403;35827;+;80.7	51;38268;40907;+;92.3	42;33116;33682;+;160.3	57;43582;44229;+;67.1	59;44606;46561;+;256.1	71;55324;57642;+;390.0	45;35890;36459;+;52.8	71;55324;57642;+;65.6	A	9/9	contiguous	22208	1	1	53636..54211+;191;unnamed;0
NZ_CP041250.1	MPF_F	repB(R1701)	95	0	0	GA	0															not_admitted	not_admitted	not_admitted	not_admitted	not_admitted	not_admitted	not_admitted	not_admitted	not_admitted	not_admitted	1				41;38802;41441;-;257.2		47;44842;46266;-;89.3	41;38802;41441;-;88.7	49;46993;47559;-;169.3				46;44184;44768;-;54.4		D	3/9	contiguous	8191	0	0	
NZ_CP041251.1	-	-	44	0	0	GA	1	4;4027;4617;+;57.5		6;4946;5260;+;48.5	7;5265;7634;+;57.1	7;5265;7634;+;36.7	2;2979;3617;+;47.9	1;1988;2977;+;128.1		9;7782;8510;+;157.8	10;8510;9283;+;157.8	11;9273;10412;+;150.9	12;10412;11431;+;92.0	14;11967;13952;+;311.3		pfam	pfam_only	A	7/7	rearranged	1	0	unscoreable	4	0	0														not_admitted	not_admitted	not_admitted	not_admitted	not_admitted	not_admitted	not_admitted
NZ_CP041290.1	MPF_T	-	43	0	0	GA	1	10;11891;12568;-;53.0	9;11451;11777;-;62.9	8;11125;11451;-;70.5	7;8655;11117;-;127.3	7;8655;11117;-;81.0	4;6591;7292;-;173.8	5;7304;8329;-;140.8		3;5580;6428;-;144.5	2;4675;5568;-;160.3	1;3251;4675;-;168.2	0;2158;3231;-;100.6			pfam	both	B	6/7	canonical	1	0	unscoreable	1	0	0														not_admitted	not_admitted	not_admitted	not_admitted	not_admitted	not_admitted	not_admitted
NZ_CP041299.1	MPF_F	IncFIB(AP001918);IncFIC(FII)	212	0	0	GA	0															not_admitted	not_admitted	not_admitted	not_admitted	not_admitted	not_admitted	not_admitted	not_admitted	not_admitted	not_admitted	1	13;9269;10261;+;369.3	25;15906;17279;+;380.9	18;12990;13508;+;121.4	10;5633;8260;+;305.4	26;17276;19012;+;387.2	5;2151;3578;+;94.4	10;5633;8260;+;98.5	3;975;1436;+;161.8	14;10270;10908;+;68.4	16;12225;12713;+;161.9	30;21604;23757;+;391.9	9;4602;5117;+;77.6	30;21604;23757;+;70.4	A	9/9	contiguous	20629	1	1	19030..20100+;356;unnamed;0
NZ_CP041301.1	MPF_F	IncFIB(AP001918);IncFII(pCoo)	176	0	0	GA	0															not_admitted	not_admitted	not_admitted	not_admitted	not_admitted	not_admitted	not_admitted	not_admitted	not_admitted	not_admitted	1	169;143815;144807;-;370.2	162;138684;139040;-;133.3	164;140349;140939;-;200.0	172;145814;148441;-;303.5	157;137023;137406;-;96.4	0;216;1643;-;94.3	172;145814;148441;-;100.3	2;2358;2924;-;183.8	168;143172;143828;-;37.3	166;141599;142639;-;211.1	149;131901;132383;-;155.0	173;148957;149472;-;78.0	149;131901;132383;-;53.6	A	9/9	split_2	148741	1	1	136069..136680-;203;unnamed;0
NZ_CP041303.1	MPF_F	IncFIA;IncFIB(AP001918);IncFIC(FII)	173	0	0	GA	0															not_admitted	not_admitted	not_admitted	not_admitted	not_admitted	not_admitted	not_admitted	not_admitted	not_admitted	not_admitted	1	161;147966;148958;-;367.4	146;138445;139818;-;378.0	153;142032;142775;-;234.5	164;149967;152594;-;305.4	145;135626;138448;-;389.5	170;154649;156076;-;94.3	164;149967;152594;-;98.5	172;156791;157357;-;183.8	156;144857;145318;-;69.4	155;143052;144860;-;268.4	141;131943;134096;-;391.9	166;153110;153625;-;78.4	141;131943;134096;-;70.4	A	9/9	contiguous	24848	1	1	135113..135604-;163;TraS;0
NZ_CP041338.1	MPF_F	IncFIA;IncFIB(AP001918);IncFII	182	0	0	GA	0															not_admitted	not_admitted	not_admitted	not_admitted	not_admitted	not_admitted	not_admitted	not_admitted	not_admitted	not_admitted	1	139;124693;125685;-;371.6	128;117635;119008;-;380.9	135;121221;121964;-;235.0	142;126694;129321;-;303.5	127;114813;117638;-;385.9	148;131480;132907;-;91.9	142;126694;129321;-;99.0	150;133622;134188;-;182.9	138;124046;124684;-;64.9	137;122241;124049;-;268.3	124;111138;113309;-;391.6	143;129837;130352;-;76.4	124;111138;113309;-;70.4	A	9/9	contiguous	22484	1	1	114361..114816-;151;unnamed;0
NZ_CP041339.1	MPF_F	IncFII	91	0	0	GA	0															not_admitted	not_admitted	not_admitted	not_admitted	not_admitted	not_admitted	not_admitted	not_admitted	not_admitted	not_admitted	1	10;8035;9027;-;369.5	0;883;2256;-;381.7	5;4186;4929;-;234.4	13;10036;12666;-;304.1	90;78008;79912;-;105.3	20;15665;17116;-;94.2	13;10036;12666;-;97.1	22;17831;18397;-;174.3	8;7053;7691;-;68.6	7;5206;7056;-;266.1	86;73520;75736;-;391.2	17;14290;14805;-;78.4	86;73520;75736;-;70.3	A	9/9	split_2	77125	1	1	77507..77986-;159;TraS;0
NZ_CP041363.1	MPF_F	IncFII	98	0	0	GA	0															not_admitted	not_admitted	not_admitted	not_admitted	not_admitted	not_admitted	not_admitted	not_admitted	not_admitted	not_admitted	1	74;55891;56883;+;369.5	84;62662;64035;+;381.7	79;59989;60732;+;234.4	71;52252;54882;+;304.1	85;64032;66854;+;374.0	63;47399;48850;+;94.2	71;52252;54882;+;96.8	61;46118;46684;+;174.3	76;57227;57865;+;68.6	77;57862;59712;+;266.1	89;69126;71378;+;391.1	66;49710;50225;+;78.4	89;69126;71378;+;70.3	A	9/9	contiguous	23008	1	1	66876..67355+;159;TraS;0
NZ_CP041388.1	MPF_F	repFIB;repHI5B	409	0	0	GA	0															not_admitted	not_admitted	not_admitted	not_admitted	not_admitted	not_admitted	not_admitted	not_admitted	not_admitted	not_admitted	1	375;348936;349973;-;282.2	127;98551;99975;+;188.6	126;97539;98582;+;171.0	388;362541;365258;-;149.9	128;99977;103903;+;119.9	392;367371;368738;-;63.8	388;362541;365258;-;87.4	395;370368;371231;-;82.3	376;349970;351331;-;73.0	374;345745;348921;-;58.4	119;88146;90272;-;60.3	389;365307;366041;-;59.3	119;88146;90272;-;43.0	A	9/9	split_2	282222	0	1	
NZ_CP041393.1	MPF_F	IncFIA;IncFII	142	0	0	GA	0															not_admitted	not_admitted	not_admitted	not_admitted	not_admitted	not_admitted	not_admitted	not_admitted	not_admitted	not_admitted	1	22;17810;18802;+;371.6	31;23864;25237;+;380.7	26;21531;22274;+;233.3	19;14174;16801;+;303.5	32;25234;28053;+;386.2	13;10588;12015;+;91.9	19;14174;16801;+;99.0	11;9307;9873;+;182.9	23;18811;19449;+;64.9	24;19446;21254;+;268.2	35;29585;31810;+;391.7	18;13143;13658;+;76.4	35;29585;31810;+;70.3	A	9/9	contiguous	20278	1	1	28078..28569+;163;TraS;0
NZ_CP041414.1	MPF_F	IncFII	95	0	0	GA	0															not_admitted	not_admitted	not_admitted	not_admitted	not_admitted	not_admitted	not_admitted	not_admitted	not_admitted	not_admitted	1	20;14348;15340;+;369.3	29;20378;21751;+;376.7	24;18069;18812;+;235.0	15;9124;11769;+;303.7	30;21748;24567;+;389.7	6;4306;5733;+;94.1	15;9124;11769;+;100.3	4;3186;3590;+;135.0	21;15349;15987;+;68.7	22;15984;17792;+;268.3	34;26846;29071;+;383.0	10;6618;7133;+;73.0	34;26846;29071;+;70.4	A	9/9	contiguous	23660	1	1	24592..25089+;165;TraS;0
NZ_CP041415.1	MPF_F	IncFIB(AP001918);IncFIC(FII)	101	0	0	GA	0															not_admitted	not_admitted	not_admitted	not_admitted	not_admitted	not_admitted	not_admitted	not_admitted	not_admitted	not_admitted	1	90;76775;77767;+;369.3	99;82825;84201;+;380.2	94;80496;81239;+;232.2	87;73139;75766;+;305.4		80;69657;71084;+;94.7	87;73139;75766;+;98.5	78;68376;68942;+;183.4	91;77776;78414;+;68.7	92;78411;80219;+;268.0	4;3130;5319;+;391.5	84;72108;72623;+;76.7	4;3130;5319;+;69.2	B	8/9	split_2	79695	0	1	
NZ_CP041420.1	MPF_F	IncFII(pHN7A8)	72	0	0	GA	0															not_admitted	not_admitted	not_admitted	not_admitted	not_admitted	not_admitted	not_admitted	not_admitted	not_admitted	not_admitted	1	65;58887;59873;-;355.4	58;52766;54133;-;342.4	61;55286;56065;-;190.1	68;60966;63557;-;216.0	57;49873;52764;-;288.5	71;64609;65697;-;83.8	68;60966;63557;-;88.0	1;986;1549;-;137.4	63;57897;58511;-;82.6	62;56062;57900;-;262.2	54;46016;48247;-;371.9	69;63568;64167;-;53.4	54;46016;48247;-;68.9	A	9/9	split_2	63623	1	1	49306..49863-;185;unnamed;0
NZ_CP041421.1	MPF_F	IncFIA;IncFIB(AP001918);IncFII(29)	94	0	0	GA	0															not_admitted	not_admitted	not_admitted	not_admitted	not_admitted	not_admitted	not_admitted	not_admitted	not_admitted	not_admitted	1	86;76584;77576;+;369.3	3;912;2285;+;380.9	90;80305;81048;+;235.0	83;72948;75575;+;305.4	4;2282;5104;+;384.6	77;69362;70789;+;94.3	83;72948;75575;+;98.5	75;68081;68647;+;183.8	87;77585;78223;+;68.4	88;78220;80028;+;268.4	7;6632;8785;+;391.8	81;71917;72432;+;78.4	7;6632;8785;+;70.4	A	9/9	split_2	79393	1	1	5126..5617+;163;TraS;0
NZ_CP041424.1	MPF_F	IncFII(pHN7A8)	92	0	0	GA	0															not_admitted	not_admitted	not_admitted	not_admitted	not_admitted	not_admitted	not_admitted	not_admitted	not_admitted	not_admitted	1	90;78827;79819;+;369.3	7;3772;5145;+;381.0	2;1434;2177;+;231.0	87;75191;77818;+;306.8	8;5142;7964;+;389.2	81;71709;73136;+;94.3	87;75191;77818;+;98.5	79;70428;70994;+;183.8	91;79828;80466;+;68.7	0;16;663;+;96.3	11;9497;11650;+;391.8	85;74160;74675;+;78.4	11;9497;11650;+;70.4	A	9/9	split_2	79812	1	1	7986..8465+;159;TraS;0
NZ_CP041427.1	MPF_F	IncFIB(AP001918)	89	0	0	GA	0															not_admitted	not_admitted	not_admitted	not_admitted	not_admitted	not_admitted	not_admitted	not_admitted	not_admitted	not_admitted	1				84;64784;65623;-;148.2		2;936;1568;-;74.6		5;3073;3639;-;183.4				88;66915;67430;-;76.5		D	3/9	split_2	65979	0	0	
NZ_CP041428.1	MPF_F	IncFII(pHN7A8)	80	0	0	GA	0															not_admitted	not_admitted	not_admitted	not_admitted	not_admitted	not_admitted	not_admitted	not_admitted	not_admitted	not_admitted	1	43;31332;32324;+;368.8	54;38374;39747;+;381.0	49;36041;36784;+;233.3	32;22282;23547;+;304.4	55;39744;42566;+;389.0	26;18682;20130;+;94.4	40;29376;30323;+;50.9	24;17401;17967;+;183.8	46;33321;33959;+;68.5	47;33956;35764;+;268.0	58;44100;46325;+;391.7	30;21251;21766;+;77.8	58;44100;46325;+;70.3	A	9/9	contiguous	26699	1	1	42588..43067+;159;TraS;0
NZ_CP041430.1	MPF_F	IncFII(pHN7A8)	93	0	0	GA	0															not_admitted	not_admitted	not_admitted	not_admitted	not_admitted	not_admitted	not_admitted	not_admitted	not_admitted	not_admitted	1	69;61937;62929;-;369.3	60;55522;56895;-;377.0	65;58462;59205;-;234.7	72;63938;66565;-;302.3	59;52700;55525;-;389.7	78;68620;70047;-;94.4	72;63938;66565;-;98.5	80;70762;71328;-;184.5	68;61290;61928;-;68.7	67;59485;61293;-;268.1	56;49043;51196;-;391.1	74;67081;67596;-;78.4	56;49043;51196;-;69.2	A	9/9	contiguous	21719	1	1	52194..52703-;169;unnamed;0
NZ_CP041432.1	MPF_F	IncFII(pHN7A8)	94	0	0	GA	0															not_admitted	not_admitted	not_admitted	not_admitted	not_admitted	not_admitted	not_admitted	not_admitted	not_admitted	not_admitted	1	22;21521;22513;-;369.3	13;15106;16479;-;377.0	18;18046;18789;-;234.7	25;23522;26149;-;302.3	12;12284;15109;-;389.7	31;28204;29631;-;94.4	25;23522;26149;-;98.5	33;30346;30912;-;184.5	21;20874;21512;-;68.7	20;19069;20877;-;268.1	9;8627;10780;-;391.1	27;26665;27180;-;78.4	9;8627;10780;-;69.2	A	9/9	contiguous	21719	1	1	11778..12287-;169;unnamed;0
NZ_CP041434.1	MPF_F	IncFII(pHN7A8)	92	0	0	GA	0															not_admitted	not_admitted	not_admitted	not_admitted	not_admitted	not_admitted	not_admitted	not_admitted	not_admitted	not_admitted	1	35;37237;38229;-;369.3	26;30822;32195;-;377.0	31;33762;34505;-;234.7	38;39238;41865;-;302.3	25;28000;30825;-;389.7	44;43920;45347;-;94.4	38;39238;41865;-;98.5	46;46062;46628;-;184.5	34;36590;37228;-;68.7	33;34785;36593;-;268.1	22;24343;26496;-;391.1	40;42381;42896;-;78.4	22;24343;26496;-;69.2	A	9/9	contiguous	21719	1	1	27494..28003-;169;unnamed;0
NZ_CP041436.1	MPF_F	IncFIB(AP001918);IncFII(pHN7A8)	105	0	0	GA	0															not_admitted	not_admitted	not_admitted	not_admitted	not_admitted	not_admitted	not_admitted	not_admitted	not_admitted	not_admitted	1	28;27188;28180;-;369.3	17;20129;21502;-;380.9	24;23716;24459;-;235.0	31;29189;31816;-;305.4	16;17316;20132;-;386.9	37;33975;35402;-;94.3	31;29189;31816;-;98.5	39;36117;36683;-;183.8	27;26541;27179;-;68.4	26;24736;26544;-;268.4	13;13600;15753;-;391.5	33;32332;32847;-;78.4	13;13600;15753;-;69.2	A	9/9	contiguous	22517	1	1	16762..17283-;173;unnamed;0
NZ_CP041438.1	MPF_F	IncFIB(AP001918);IncFII(pHN7A8)	105	0	0	GA	0															not_admitted	not_admitted	not_admitted	not_admitted	not_admitted	not_admitted	not_admitted	not_admitted	not_admitted	not_admitted	1	67;54397;55389;+;369.3	78;61075;62448;+;380.9	71;58118;58861;+;235.0	64;50761;53388;+;305.4	79;62445;65261;+;386.9	58;47175;48602;+;94.3	64;50761;53388;+;98.5	56;45894;46460;+;183.8	68;55398;56036;+;68.4	69;56033;57841;+;268.4	82;66824;68977;+;391.5	62;49730;50245;+;78.4	82;66824;68977;+;69.2	A	9/9	contiguous	20930	1	1	65294..65815+;173;unnamed;0
NZ_CP041439.1	MPF_F	IncFII(pHN7A8);IncX1	128	0	0	GA	0															not_admitted	not_admitted	not_admitted	not_admitted	not_admitted	not_admitted	not_admitted	not_admitted	not_admitted	not_admitted	1	38;29112;30104;+;369.5	51;36937;38310;+;376.8	46;34628;35371;+;234.4	35;25476;28103;+;301.8	52;38307;41123;+;376.7	30;21994;23421;+;94.1	35;25476;28103;+;101.8	28;20713;21279;+;183.8	41;31050;31688;+;70.4	44;32501;34351;+;265.0	56;43424;45667;+;391.7	34;24445;24960;+;78.0	56;43424;45667;+;70.3	A	9/9	contiguous	22711	1	1	41156..41677+;173;unnamed;0
NZ_CP041449.1	MPF_F	IncFIA(HI1);IncHI1A;IncHI1B(R27)	214	0	0	GA	0															not_admitted	not_admitted	not_admitted	not_admitted	not_admitted	not_admitted	not_admitted	not_admitted	not_admitted	not_admitted	1	15;14859;15911;+;278.4	118;108669;110084;-;201.7	119;110074;111120;-;171.3	212;183444;186125;+;160.6	117;104671;108660;-;103.1	208;179738;181096;+;84.0	212;183444;186125;+;76.5	205;177286;178071;+;68.7	13;13206;14714;+;65.6	16;15934;19110;+;58.9	125;118055;120139;+;50.2	211;182485;183435;+;45.2	125;118055;120139;+;36.5	A	9/9	split_3	170238	0	1	
NZ_CP041618.1	MPF_T	-	41	0	0	GA	1		15;16184;16444;+;55.2	16;16463;19231;+;75.1	16;16463;19231;+;171.1	16;16463;19231;+;84.5	22;21762;22565;+;77.7	23;22565;23572;+;117.9		25;23725;24387;+;172.8	26;24384;25271;+;159.4	27;25282;26451;+;165.1	28;26432;27439;+;94.0	30;28017;29828;+;346.5		pfam	pfam_only	A	7/7	canonical	1	1	unscoreable	7	0	0														not_admitted	not_admitted	not_admitted	not_admitted	not_admitted	not_admitted	not_admitted
NZ_CP041625.1	MPF_T	IncX4	54	0	0	GA	1	24;11945;12406;-;55.3		21;11134;11454;-;45.6	20;10340;11131;-;41.5	20;10340;11131;-;35.9	27;13735;14376;+;33.9	26;12739;13722;+;126.5		14;7900;8208;-;69.7			8;5017;5646;-;91.8	5;3605;4036;-;90.3		pfam	pfam_only	C	5/7	uncallable	0	0	unscoreable	13	0	0														not_admitted	not_admitted	not_admitted	not_admitted	not_admitted	not_admitted	not_admitted
NZ_CP041640.1	MPF_F	IncFIB(K);IncFII(K);IncFII(pAR0022)	248	0	0	GA	0															not_admitted	not_admitted	not_admitted	not_admitted	not_admitted	not_admitted	not_admitted	not_admitted	not_admitted	not_admitted	1	155;130050;131039;+;366.0	165;136586;137953;+;384.1	161;134576;135328;+;233.7	151;125955;128594;+;258.5	166;137953;140775;+;345.9	141;120628;122052;+;89.5	151;125955;128594;+;88.7	139;119335;119901;+;169.3	156;131052;131690;+;67.0	157;131749;133704;+;259.4	170;143391;145700;+;393.1	143;122664;123248;+;53.8	170;143391;145700;+;66.6	A	9/9	contiguous	24056	1	1	140798..141400+;200;TraS;0
NZ_CP041641.1	MPF_F	IncC	180	0	0	GA	0															not_admitted	not_admitted	not_admitted	not_admitted	not_admitted	not_admitted	not_admitted	not_admitted	not_admitted	not_admitted	1	159;122622;123629;+;332.9	42;33431;34864;+;339.2	41;32401;33429;+;221.7	154;117423;119870;+;354.5	43;34877;38491;+;375.3	149;108551;109867;+;135.0	154;117423;119870;+;128.3	147;107027;107653;+;92.7	157;120692;121957;+;67.9	160;123745;126543;+;145.3	137;101354;103219;+;47.3	150;109864;110442;+;100.2	137;101354;103219;+;52.0	A	9/9	split_2	91344	0	1	
NZ_CP041642.1	MPF_F	IncFII(K);repB(R1701)	146	0	0	GA	0															not_admitted	not_admitted	not_admitted	not_admitted	not_admitted	not_admitted	not_admitted	not_admitted	not_admitted	not_admitted	1	27;19042;20031;+;366.6	37;25578;26945;+;379.8	33;23568;24320;+;233.7	23;14946;17585;+;258.5	38;26945;29794;+;346.1	17;10692;12116;+;89.2	23;14946;17585;+;88.7	15;9399;9965;+;167.0	28;20044;20682;+;67.0	29;20741;22696;+;259.7	42;32280;34592;+;392.7	18;12189;12773;+;54.5	42;32280;34592;+;66.6	A	9/9	contiguous	22881	1	1	29807..30355+;182;unnamed;0
NZ_CP041669.1	-	-	63	0	0	GA	0															not_admitted	not_admitted	not_admitted	not_admitted	not_admitted	not_admitted	not_admitted	not_admitted	not_admitted	not_admitted	1	30;28784;29758;+;305.1	36;32851;34224;+;326.9	34;31675;32439;+;184.5	27;25167;27761;+;202.1	37;34228;36984;+;306.0	25;23609;24883;+;82.0	27;25167;27761;+;90.4	23;22293;22862;+;127.9	32;30253;30651;+;74.3	33;30648;31649;+;96.4	38;37012;38940;+;430.1		38;37012;38940;+;82.4	B	8/9	contiguous	14719	1	1	37012..38940+;642;unnamed;0
NZ_CP041714.1	MPF_F	-	57	0	0	GA	0															not_admitted	not_admitted	not_admitted	not_admitted	not_admitted	not_admitted	not_admitted	not_admitted	not_admitted	not_admitted	1	6;6139;7122;-;360.9	1;1116;2480;-;366.7	3;2986;3735;-;191.4	9;8070;10667;-;252.0	56;51607;53286;-;42.5	11;10939;12309;-;76.9	9;8070;10667;-;103.2	13;13011;13580;-;165.2	5;5685;6125;-;60.6	4;3728;5692;-;206.9	53;48401;50251;-;409.8		53;48401;50251;-;72.3	B	8/9	split_2	50491	1	1	51009..51605-;198;unnamed;0
NZ_CP041720.1	MPF_T	-	173	0	0	GA	1	33;34043;34756;-;43.6	32;33697;34062;-;68.6	31;33361;33693;-;69.5	30;30978;33371;-;137.9	30;30978;33371;-;67.7	29;30210;30968;-;162.7	27;29093;29980;-;64.0		26;28213;28914;-;177.2	25;27326;28216;-;158.7	24;26200;27336;-;186.7	22;24819;25886;-;91.5	21;22999;24819;-;281.6		pfam	pfam_only	A	7/7	canonical	1	0	unscoreable	2	0	0														not_admitted	not_admitted	not_admitted	not_admitted	not_admitted	not_admitted	not_admitted
NZ_CP041734.1	MPF_F	IncHI2;IncHI2A	301	0	0	GA	0															not_admitted	not_admitted	not_admitted	not_admitted	not_admitted	not_admitted	not_admitted	not_admitted	not_admitted	not_admitted	1	29;32275;33333;+;276.9	204;191642;193057;-;194.1	205;193047;194093;-;173.7	11;8955;11636;+;168.0	203;187683;191633;-;101.6	7;5270;6625;+;80.7	11;8955;11636;+;72.2	4;2758;3546;+;74.8	27;30622;32133;+;62.7	30;33352;36540;+;58.3	211;201134;203218;+;56.7	10;7996;8946;+;46.4	211;201134;203218;+;38.8	A	9/9	split_3	198376	0	1	
NZ_CP041755.1	MPF_T	-	163	0	0	GA	1				158;127527;129482;+;68.4					159;129479;129790;+;37.6	160;129780;130328;+;92.9					none	none	D	3/7	uncallable	0	0	unscoreable	0	0	0														not_admitted	not_admitted	not_admitted	not_admitted	not_admitted	not_admitted	not_admitted
NZ_CP041756.1	MPF_T	-	47	0	0	GA	1	21;16695;17402;+;36.2			23;18087;20639;+;75.3		24;20636;21322;+;58.3	26;21719;22651;+;130.1		27;23059;23847;+;96.6	28;23837;24646;+;135.6	29;24633;26000;+;128.0	30;26010;27041;+;48.3	33;27762;29429;+;249.4		pfam	pfam_only	A	7/7	canonical	1	0	unscoreable	4	0	0														not_admitted	not_admitted	not_admitted	not_admitted	not_admitted	not_admitted	not_admitted
NZ_CP041780.1	-	-	154	0	0	GA	1	51;80463;81017;+;71.1		71;97672;98121;+;31.2	72;98174;100585;+;91.7	72;98174;100585;+;47.2	73;100675;101346;+;128.2	74;101376;102311;+;130.8		77;102845;103753;+;127.6	78;103750;104622;+;153.7	79;104615;105904;+;168.3	57;85969;87660;+;128.9	85;109305;111524;+;311.7		pfam	both	A	7/7	canonical	1	0	unscoreable	22	0	0														not_admitted	not_admitted	not_admitted	not_admitted	not_admitted	not_admitted	not_admitted
NZ_CP041920.1	MPF_F	IncFIB(AP001918);IncFIC(FII)	128	0	0	GA	0															not_admitted	not_admitted	not_admitted	not_admitted	not_admitted	not_admitted	not_admitted	not_admitted	not_admitted	not_admitted	1	79;77871;78863;-;369.3	68;70812;72185;-;378.0	75;74399;75142;-;233.1	82;79872;82499;-;305.4	67;67993;70815;-;389.5		82;79872;82499;-;98.5		78;77224;77862;-;68.4	77;75419;77227;-;268.4	64;64311;66464;-;391.9		64;64311;66464;-;70.4	C	7/9	contiguous	15561	1	1	67480..67971-;163;TraS;0
NZ_CP041921.1	MPF_T	IncI2	84	0	0	GA	1	5;5292;5774;-;81.1		20;21370;21654;-;36.6	19;19007;21364;-;58.5	19;19007;21364;-;42.8	32;27107;27748;-;42.8	33;27754;28749;-;128.5		17;18107;18841;-;144.3	16;17340;18110;-;170.5	15;16211;17350;-;154.7	8;7542;9080;-;207.1	13;13163;15121;-;289.6		pfam	pfam_only	A	7/7	rearranged	1	0	unscoreable	17	1	0														not_admitted	not_admitted	not_admitted	not_admitted	not_admitted	not_admitted	not_admitted
NZ_CP041928.1	MPF_F	IncFIB(K);IncFII(K);IncFII(pAR0022)	223	0	0	GA	0															not_admitted	not_admitted	not_admitted	not_admitted	not_admitted	not_admitted	not_admitted	not_admitted	not_admitted	not_admitted	1	199;174178;175167;+;366.6	209;180714;182081;+;384.1	205;178704;179456;+;233.7	195;170082;172721;+;258.5	210;182081;184903;+;346.4	185;164754;166178;+;89.5	195;170082;172721;+;88.7	183;163461;164027;+;167.0	200;175180;175818;+;66.9	201;175877;177832;+;259.4	214;187519;189828;+;393.1	187;166790;167374;+;53.8	214;187519;189828;+;66.6	A	9/9	contiguous	24058	1	1	184926..185528+;200;TraS;0
NZ_CP041930.1	-	IncFII(Yp);IncFII(pAR0022)	97	0	0	GA	0															not_admitted	not_admitted	not_admitted	not_admitted	not_admitted	not_admitted	not_admitted	not_admitted	not_admitted	not_admitted	1	94;83411;84406;+;369.5	5;2907;4274;+;352.7	1;855;1661;+;204.7	89;79103;81718;+;236.0	6;4274;7162;+;317.3	85;76430;77788;+;94.4	89;79103;81718;+;120.2	83;75108;75677;+;107.8	95;84425;85051;+;65.3	0;115;858;+;217.3	9;8193;10382;+;366.9	88;78513;79100;+;52.5	9;8193;10382;+;62.7	A	9/9	split_2	84310	1	1	7159..7770+;203;unnamed;0
NZ_CP041931.1	MPF_T	ColKP3;IncX3	65	0	0	GA	1	1;1541;2185;-;46.4	0;1267;1557;-;73.1		64;49968;51425;-;24.6		63;49188;49958;-;60.1	61;47854;48909;-;132.8		60;46931;47659;-;119.4	59;45996;46925;-;138.8	58;44785;45999;-;128.3	56;43555;44589;-;65.7	55;41717;43552;-;495.9		pfam	pfam_only	A	7/7	canonical	1	0	unscoreable	2	0	0														not_admitted	not_admitted	not_admitted	not_admitted	not_admitted	not_admitted	not_admitted
NZ_CP041947.1	MPF_T	IncX3	64	0	0	GA	1	51;39987;40631;-;46.4	50;39713;40003;-;73.1	49;36935;39688;-;47.0	49;36935;39688;-;142.4	49;36935;39688;-;73.3	48;36155;36925;-;60.1	46;34821;35876;-;132.8		45;33898;34626;-;119.4	44;32963;33892;-;138.8	43;31752;32966;-;128.3	41;30522;31556;-;65.7	40;28684;30519;-;495.9		pfam	pfam_only	A	7/7	canonical	1	1	unscoreable	2	0	0														not_admitted	not_admitted	not_admitted	not_admitted	not_admitted	not_admitted	not_admitted
NZ_CP041948.1	MPF_F	IncFII	82	0	0	GA	0															not_admitted	not_admitted	not_admitted	not_admitted	not_admitted	not_admitted	not_admitted	not_admitted	not_admitted	not_admitted	1	59;50042;51034;+;369.5	69;56813;58186;+;381.7	64;54140;54883;+;234.4	56;46403;49033;+;304.1	70;58183;61005;+;374.0	49;41953;43404;+;94.2	56;46403;49033;+;97.1	47;40672;41238;+;174.3	61;51378;52016;+;68.6	62;52013;53863;+;266.1	74;63277;65520;+;391.1	52;44264;44779;+;78.4	74;63277;65520;+;70.3	A	9/9	contiguous	22605	1	1	61027..61506+;159;TraS;0
NZ_CP041949.1	MPF_F	IncFIB(K);IncFII(K);IncFII(pAR0022)	190	0	0	GA	0															not_admitted	not_admitted	not_admitted	not_admitted	not_admitted	not_admitted	not_admitted	not_admitted	not_admitted	not_admitted	1	102;108453;109442;-;366.6	92;101539;102906;-;384.1	96;104164;104916;-;233.7	106;110899;113538;-;258.5	91;98717;101539;-;346.4	116;117442;118866;-;89.5	106;110899;113538;-;88.7	118;119593;120159;-;167.0	101;107802;108440;-;66.9	100;105788;107743;-;259.4	87;93792;96101;-;393.1	114;116246;116830;-;53.8	87;93792;96101;-;66.6	A	9/9	contiguous	25801	1	1	98092..98694-;200;TraS;0
NZ_CP041956.1	MPF_T	ColKP3;IncX3	91	0	0	GA	1	78;66949;67593;-;46.4	77;66675;66965;-;73.1	76;63897;66650;-;47.0	76;63897;66650;-;142.4	76;63897;66650;-;73.3	75;63117;63887;-;60.1	73;61783;62838;-;132.8		72;60860;61588;-;119.4	71;59925;60854;-;138.8	70;58714;59928;-;128.3	68;57484;58518;-;65.7	67;55646;57481;-;495.9		pfam	pfam_only	A	7/7	canonical	1	1	unscoreable	2	0	0														not_admitted	not_admitted	not_admitted	not_admitted	not_admitted	not_admitted	not_admitted
NZ_CP041957.1	MPF_F	IncFII	89	0	0	GA	0															not_admitted	not_admitted	not_admitted	not_admitted	not_admitted	not_admitted	not_admitted	not_admitted	not_admitted	not_admitted	1	66;58383;59375;+;369.5	76;65154;66527;+;381.7	71;62481;63224;+;234.4	63;54744;57374;+;304.1	77;66524;69346;+;374.0	56;50294;51745;+;94.2	63;54744;57374;+;97.1	54;49013;49579;+;174.3	68;59719;60357;+;68.6	69;60354;62204;+;266.1	81;71618;73861;+;391.1	59;52605;53120;+;78.4	81;71618;73861;+;70.3	A	9/9	contiguous	22605	1	1	69368..69847+;159;TraS;0
NZ_CP041974.1	MPF_F	IncFIB(S);IncFII(S);IncFII(pAR0022)	143	0	0	GA	0															not_admitted	not_admitted	not_admitted	not_admitted	not_admitted	not_admitted	not_admitted	not_admitted	not_admitted	not_admitted	1	49;34590;35582;+;366.7	58;40830;42212;+;392.4	55;39049;39798;+;231.0	46;30955;33603;+;314.1	59;42209;45031;+;394.4	38;27001;28422;+;91.5	46;30955;33603;+;97.8	36;25708;26274;+;188.1	51;35894;36532;+;70.6	53;36985;38811;+;271.0	62;46685;48964;+;371.4	41;29228;29743;+;96.7	62;46685;48964;+;69.5	A	9/9	contiguous	20977	1	1	45053..45541+;162;TraS;0
NZ_CP041997.1	MPF_F	IncFIB(AP001918);IncFIC(FII);IncN	307	0	0	GA	0															not_admitted	not_admitted	not_admitted	not_admitted	not_admitted	not_admitted	not_admitted	not_admitted	not_admitted	not_admitted	1	234;215203;216195;-;369.3	223;208144;209520;-;378.0	230;211731;212474;-;234.1	237;217204;219831;-;305.4	222;205325;208147;-;389.5	244;221886;223313;-;94.3	237;217204;219831;-;98.5	246;224028;224594;-;183.8	233;214556;215194;-;68.4	232;212751;214559;-;268.4	219;201643;203796;-;391.9	240;220347;220862;-;78.4	219;201643;203796;-;70.4	A	9/9	contiguous	22385	1	1	204812..205303-;163;TraS;0
NZ_CP042167.1	MPF_F	-	275	0	0	GA	0															not_admitted	not_admitted	not_admitted	not_admitted	not_admitted	not_admitted	not_admitted	not_admitted	not_admitted	not_admitted	1	120;115628;116659;-;368.4	112;108890;110335;-;321.9	113;110335;111144;-;214.4	127;119385;121979;-;232.9	111;104952;108887;-;228.0	135;125940;127262;-;95.8	127;119385;121979;-;81.1	137;127998;128609;-;108.2	119;114843;115631;-;89.9	117;112280;113560;-;150.6	147;137051;139117;-;419.4	128;121994;122674;-;50.9	147;137051;139117;-;70.0	A	9/9	contiguous	32099	0	1	
NZ_CP042168.1	-	-	115	0	0	GA	1	56;32661;33152;-;76.5			3;1782;2339;+;48.9	2;1027;1839;+;57.1	5;3579;4274;+;108.3	7;4631;5392;+;101.7		9;6165;6626;+;36.0	10;6623;7537;+;116.9	11;7537;8817;+;137.0	12;8814;9929;+;93.0			pfam	both	B	6/7	canonical	1	0	unscoreable	7	0	0														not_admitted	not_admitted	not_admitted	not_admitted	not_admitted	not_admitted	not_admitted
NZ_CP042181.1	MPF_T	-	147	0	0	GA	1	129;101417;102334;-;38.1	140;111245;111706;-;62.7	139;110940;111236;-;30.7	138;108269;110953;-;70.6	138;108269;110953;-;68.2	137;107580;108272;-;79.4	134;106103;106966;-;138.7		133;105438;106103;-;65.1	132;104627;105412;-;174.1	131;103359;104624;-;145.7	130;102318;103349;-;98.2	124;95203;96753;+;61.5		pfam	both	A	7/7	canonical	1	0	unscoreable	6	0	0														not_admitted	not_admitted	not_admitted	not_admitted	not_admitted	not_admitted	not_admitted
NZ_CP042245.1	MPF_F	IncFIB(AP001918);IncFIC(FII);IncFII(pHN7A8)	297	0	0	GA	0															not_admitted	not_admitted	not_admitted	not_admitted	not_admitted	not_admitted	not_admitted	not_admitted	not_admitted	not_admitted	1	2;2501;3493;-;369.3	83;80201;81574;-;380.9	90;83748;84491;-;235.0	5;4502;7129;-;305.4	82;77379;80204;-;389.2	10;9184;10611;-;94.7	5;4502;7129;-;98.5	104;96045;96611;-;184.4	1;1854;2492;-;68.4	92;84768;86576;-;268.0	285;274926;277079;-;391.9	6;7645;8160;-;78.0	285;274926;277079;-;70.4	A	9/9	split_3	273072	1	1	76873..77382-;169;unnamed;0
NZ_CP042247.1	MPF_F	IncFIB(AP001918);IncFII(pCoo)	146	0	0	GA	0															not_admitted	not_admitted	not_admitted	not_admitted	not_admitted	not_admitted	not_admitted	not_admitted	not_admitted	not_admitted	1	85;92232;93224;-;366.3	74;85213;86586;-;380.9	81;88760;89503;-;235.0	88;94233;96860;-;305.4	73;84521;85216;-;206.3	95;99016;99555;-;56.4	88;94233;96860;-;97.8	98;101158;101724;-;181.1	84;91585;92223;-;68.4	83;89780;91588;-;268.3	69;78663;80888;-;391.7	91;97376;97891;-;76.6	69;78663;80888;-;70.3	A	9/9	contiguous	22495	1	1	82391..84472-;693;unnamed;0
NZ_CP042249.1	MPF_T	IncI2(Delta)	76	0	0	GA	1	72;54044;54526;+;81.1		59;38693;38977;+;36.6	60;38983;41340;+;59.8	60;38983;41340;+;45.0	50;33421;34062;+;42.7	49;32420;33415;+;128.5		61;41502;42236;+;144.3	62;42233;43003;+;170.4	63;42993;44132;+;154.7	69;50738;52276;+;206.9	65;45222;47180;+;285.8		pfam	pfam_only	A	7/7	rearranged	1	0	unscoreable	12	1	0														not_admitted	not_admitted	not_admitted	not_admitted	not_admitted	not_admitted	not_admitted
NZ_CP042253.1	MPF_F	-	159	0	0	GA	0															not_admitted	not_admitted	not_admitted	not_admitted	not_admitted	not_admitted	not_admitted	not_admitted	not_admitted	not_admitted	1	28;24453;25433;+;353.5	33;29177;30559;+;322.3	31;27947;28693;+;149.9	25;20937;23486;+;186.8	34;30556;33393;+;241.5	24;19222;20688;+;46.9	25;20937;23486;+;88.0	22;17894;18454;+;99.3	29;25445;26110;+;81.7	30;26103;27914;+;209.8	36;34154;36007;+;397.9		36;34154;36007;+;81.9	B	8/9	contiguous	16260	1	1	33408..34064+;218;unnamed;0
NZ_CP042256.1	MPF_T	-	63	0	0	GA	1				53;53453;55471;-;24.0									48;47880;49424;-;460.7		none	none	D	2/7	uncallable	0	0	unscoreable	4	0	0														not_admitted	not_admitted	not_admitted	not_admitted	not_admitted	not_admitted	not_admitted
NZ_CP042276.1	MPF_T	-	397	0	0	GA	1		81;73235;73534;+;89.6	82;73537;73878;+;107.1	83;73871;76252;+;175.1	83;73871;76252;+;114.2	84;76252;76950;+;207.7	86;77185;78120;+;166.9		88;78426;79097;+;218.9	89;79094;79945;+;190.6	90;79955;81124;+;183.3	91;81133;82134;+;100.2	115;103917;105836;-;331.8		pfam	both	A	7/7	canonical	1	0	unscoreable	2	0	0														not_admitted	not_admitted	not_admitted	not_admitted	not_admitted	not_admitted	not_admitted
NZ_CP042277.1	MPF_T	-	169	0	0	GA	1	96;93688;94425;+;75.2	166;175220;175621;-;74.9	98;94790;95116;+;73.6	99;95116;97485;+;240.3	164;172449;174917;-;122.7	163;171668;172477;-;47.8	161;170263;171459;-;110.2		103;99342;100055;+;176.9	159;168714;169580;-;191.3	157;166912;168225;-;225.2	167;175611;176582;-;133.5	57;50844;52793;-;546.2		conjscan	conjscan_only	A	7/7	uncallable	0	0	unscoreable	11	0	0														not_admitted	not_admitted	not_admitted	not_admitted	not_admitted	not_admitted	not_admitted
NZ_CP042297.1	MPF_F	IncFIC(FII)	100	0	0	GA	0															not_admitted	not_admitted	not_admitted	not_admitted	not_admitted	not_admitted	not_admitted	not_admitted	not_admitted	not_admitted	1	74;68471;69463;-;368.6	57;58174;59550;-;370.1	65;61979;62722;-;232.0	77;70472;73099;-;305.4	56;55334;58177;-;377.5	85;76032;77450;-;93.6	77;70472;73099;-;99.0	87;78165;78731;-;173.4	69;65361;65999;-;70.1	67;62986;64890;-;263.9	52;50859;53093;-;391.7	80;73615;74130;-;81.4	52;50859;53093;-;70.3	A	9/9	contiguous	27306	1	1	54821..55312-;163;TraS;1
NZ_CP042322.1	-	-	61	0	0	GA	1	5;4555;5115;+;41.7	6;5121;5483;+;40.4	7;5508;5828;+;40.8	8;5825;8341;+;104.7	8;5825;8341;+;78.8	11;9937;10635;+;73.3	10;8745;9917;+;74.4		12;10650;11363;+;128.6	13;11360;12316;+;155.4	14;12313;13827;+;153.3	15;13824;15104;+;72.8	16;15101;17020;+;351.4		pfam	both	A	7/7	canonical	1	0	unscoreable	1	0	0														not_admitted	not_admitted	not_admitted	not_admitted	not_admitted	not_admitted	not_admitted
NZ_CP042337.1	MPF_F	IncFIA;IncFIB(AP001918);IncFII	183	0	0	GA	0															not_admitted	not_admitted	not_admitted	not_admitted	not_admitted	not_admitted	not_admitted	not_admitted	not_admitted	not_admitted	1	113;101765;102757;-;367.4	102;94706;96079;-;380.9	109;98293;99036;-;235.0	116;103766;106393;-;305.4	101;91884;94709;-;385.9	122;108448;109875;-;94.3	116;103766;106393;-;98.5	124;110590;111156;-;182.1	112;101118;101756;-;68.6	111;99313;101121;-;268.3	98;88192;90381;-;391.3	118;106909;107424;-;78.4	98;88192;90381;-;70.4	A	9/9	contiguous	22398	1	1	91378..91887-;169;unnamed;0
NZ_CP042338.1	MPF_F	IncFII	77	0	0	GA	0															not_admitted	not_admitted	not_admitted	not_admitted	not_admitted	not_admitted	not_admitted	not_admitted	not_admitted	not_admitted	1	53;42703;43695;+;369.5	63;49474;50847;+;381.7	58;46801;47544;+;234.4	50;39064;41694;+;304.1	64;50844;53666;+;374.0	43;34614;36065;+;94.2	50;39064;41694;+;97.1	41;33333;33899;+;174.3	55;44039;44677;+;68.6	56;44674;46524;+;266.1	68;55938;58199;+;391.1	46;36925;37440;+;78.4	68;55938;58199;+;70.3	A	9/9	contiguous	22605	1	1	53688..54167+;159;TraS;0
NZ_CP042339.1	MPF_T	IncX3	65	0	0	GA	1	23;14350;14994;+;46.4	24;14978;15268;+;73.1	25;15293;18046;+;47.0	25;15293;18046;+;142.4	25;15293;18046;+;73.3	26;18056;18826;+;60.1	28;19105;20160;+;133.2		29;20355;21083;+;119.4	30;21089;22018;+;138.8	31;22015;23229;+;128.3	33;23425;24459;+;65.7	34;24462;26297;+;495.9		pfam	pfam_only	A	7/7	canonical	1	1	unscoreable	2	0	0														not_admitted	not_admitted	not_admitted	not_admitted	not_admitted	not_admitted	not_admitted
NZ_CP042351.1	MPF_F	IncFIB(AP001918);IncFII	92	0	0	GA	0															not_admitted	not_admitted	not_admitted	not_admitted	not_admitted	not_admitted	not_admitted	not_admitted	not_admitted	not_admitted	1	22;15922;16914;+;369.3	32;22321;23694;+;380.1	26;19643;20386;+;234.4	19;12286;14913;+;305.5	33;23691;26513;+;388.6	13;8804;10231;+;94.1	19;12286;14913;+;98.5	11;7523;8089;+;183.8	23;16923;17561;+;68.7	24;17558;19366;+;264.6	37;28759;30975;+;391.7	17;11255;11770;+;79.2	37;28759;30975;+;70.3	A	9/9	contiguous	21236	1	1	26535..27014+;159;TraS;0
NZ_CP042479.1	MPF_F	IncA	273	1	1	GA	1	266;238656;239189;+;31.6	144;133764;134147;+;86.7	101;90619;90888;-;32.5	146;134428;136878;+;42.3	146;134428;136878;+;138.4	99;87416;88159;-;226.6	149;137948;139312;+;179.3		96;85092;85796;-;235.9	151;140043;141035;+;224.4	94;82820;84100;-;208.0	103;91268;92338;-;118.3	141;130227;132242;+;346.4	199;181605;184343;+;138.7	conjscan	conjscan_only	A	7/7	canonical	1	0	unscoreable	7	0	1	198;180450;181454;+;330.1	262;232250;233683;+;336.4	261;231220;232248;+;224.1	193;175245;177692;+;350.7	263;233696;237301;+;377.7	94;82820;84100;-;208.0	193;175245;177692;+;130.4	186;164894;165520;+;93.9	196;178514;179782;+;69.7	199;181605;184343;+;138.7	141;130227;132242;+;105.6	189;167731;168309;+;98.1	141;130227;132242;+;99.4	A	9/9	split_4	150876	0	1	
NZ_CP042480.1	MPF_F	IncFIB(pB171);IncFII(Yp);IncFII(pAR0022)	183	0	0	GA	0															not_admitted	not_admitted	not_admitted	not_admitted	not_admitted	not_admitted	not_admitted	not_admitted	not_admitted	not_admitted	1	164;153925;154911;+;368.4	172;159624;160994;+;376.7	168;157658;158407;+;218.2	161;150301;152931;+;285.5	173;160994;163816;+;336.5	155;146879;148273;+;90.9	161;150301;152931;+;98.6	153;145596;146162;+;169.9	165;154928;155557;+;66.9	166;155554;157407;+;257.4	176;165152;167353;+;384.8	156;148295;148834;+;64.9	176;165152;167353;+;63.9	A	9/9	contiguous	19556	1	1	163838..164269+;143;TraS;0
NZ_CP042483.1	MPF_F	IncFIB(pB171);IncFII(Yp);IncFII(pAR0022);repB(R1701)	229	0	0	GA	0															not_admitted	not_admitted	not_admitted	not_admitted	not_admitted	not_admitted	not_admitted	not_admitted	not_admitted	not_admitted	1	140;121314;122300;+;368.4	148;127013;128383;+;376.7	144;125047;125796;+;218.2	137;117690;120320;+;285.5	149;128383;131205;+;336.5	131;114268;115662;+;90.9	137;117690;120320;+;98.6	129;112985;113551;+;169.9	141;122317;122946;+;66.9	142;122943;124796;+;257.4	152;132541;134742;+;384.8	132;115684;116223;+;64.9	152;132541;134742;+;63.9	A	9/9	contiguous	19556	1	1	131227..131658+;143;TraS;0
NZ_CP042489.1	MPF_F	IncHI2;IncHI2A	367	0	0	GA	0															not_admitted	not_admitted	not_admitted	not_admitted	not_admitted	not_admitted	not_admitted	not_admitted	not_admitted	not_admitted	1	29;32275;33333;+;276.9	207;197747;199162;-;194.1	208;199152;200198;-;173.7	11;8955;11636;+;168.0	206;193788;197738;-;101.6	7;5270;6625;+;80.7	11;8955;11636;+;72.2	4;2758;3546;+;74.8	27;30622;32133;+;62.7	30;33352;36540;+;58.3	214;207239;209323;+;56.7	10;7996;8946;+;46.4	214;207239;209323;+;38.8	A	9/9	split_3	204481	0	1	
NZ_CP042494.1	MPF_F	IncHI2;IncHI2A	380	0	0	GA	0															not_admitted	not_admitted	not_admitted	not_admitted	not_admitted	not_admitted	not_admitted	not_admitted	not_admitted	not_admitted	1	29;32275;33333;+;276.9	246;235572;236987;-;194.1	247;236977;238023;-;173.7	11;8955;11636;+;168.0	245;231613;235563;-;101.6	7;5270;6625;+;80.7	11;8955;11636;+;72.2	4;2758;3546;+;74.8	27;30622;32133;+;62.7	30;33352;36540;+;58.3	253;245064;247148;+;56.7	10;7996;8946;+;46.4	253;245064;247148;+;38.8	A	9/9	split_3	242306	0	1	
NZ_CP042506.1	MPF_F	IncHI2;IncHI2A	380	0	0	GA	0															not_admitted	not_admitted	not_admitted	not_admitted	not_admitted	not_admitted	not_admitted	not_admitted	not_admitted	not_admitted	1	29;32275;33333;+;276.9	246;235572;236987;-;194.1	247;236977;238023;-;173.7	11;8955;11636;+;168.0	245;231613;235563;-;101.6	7;5270;6625;+;80.7	11;8955;11636;+;72.2	4;2758;3546;+;74.8	27;30622;32133;+;62.7	30;33352;36540;+;58.3	253;245064;247148;+;56.7	10;7996;8946;+;46.4	253;245064;247148;+;38.8	A	9/9	split_3	242306	0	1	
NZ_CP042513.1	MPF_F	IncFIB(K);IncFII(K)	213	0	0	GA	0															not_admitted	not_admitted	not_admitted	not_admitted	not_admitted	not_admitted	not_admitted	not_admitted	not_admitted	not_admitted	1	127;119163;120152;-;366.6	117;112279;113646;-;381.2	121;114903;115655;-;231.5	131;121595;124234;-;256.8	116;109430;112279;-;345.0	139;127429;128853;-;89.2	131;121595;124234;-;88.8	141;129580;130146;-;169.3	126;118512;119150;-;67.0	125;116498;118453;-;259.2	111;104661;106970;-;393.1	138;126731;127315;-;54.3	111;104661;106970;-;66.6	A	9/9	contiguous	24919	1	1	108897..109427-;176;unnamed;0
NZ_CP042518.1	MPF_F	IncA	273	1	1	GA	1	266;238656;239189;+;31.6	144;133764;134147;+;86.7	101;90619;90888;-;32.5	146;134428;136878;+;42.3	146;134428;136878;+;138.4	99;87416;88159;-;226.6	149;137948;139312;+;179.3		96;85092;85796;-;235.9	151;140043;141035;+;224.4	94;82820;84100;-;208.0	103;91268;92338;-;118.3	141;130227;132242;+;346.4	199;181605;184343;+;138.7	conjscan	conjscan_only	A	7/7	canonical	1	0	unscoreable	7	0	1	198;180450;181454;+;330.1	262;232250;233683;+;336.4	261;231220;232248;+;224.1	193;175245;177692;+;350.7	263;233696;237301;+;377.7	94;82820;84100;-;208.0	193;175245;177692;+;130.4	186;164894;165520;+;93.9	196;178514;179782;+;69.7	199;181605;184343;+;138.7	141;130227;132242;+;105.6	189;167731;168309;+;98.1	141;130227;132242;+;99.4	A	9/9	split_4	150876	0	1	
NZ_CP042519.1	MPF_F	IncFIB(pB171);IncFII(Yp);IncFII(pAR0022)	183	0	0	GA	0															not_admitted	not_admitted	not_admitted	not_admitted	not_admitted	not_admitted	not_admitted	not_admitted	not_admitted	not_admitted	1	164;153925;154911;+;368.4	172;159624;160994;+;376.7	168;157658;158407;+;218.2	161;150301;152931;+;285.5	173;160994;163816;+;336.5	155;146879;148273;+;90.9	161;150301;152931;+;98.6	153;145596;146162;+;169.9	165;154928;155557;+;66.9	166;155554;157407;+;257.4	176;165152;167353;+;384.8	156;148295;148834;+;64.9	176;165152;167353;+;63.9	A	9/9	contiguous	19556	1	1	163838..164269+;143;TraS;0
NZ_CP042521.1	MPF_F	IncFIB(K);IncFII(K)	179	0	0	GA	0															not_admitted	not_admitted	not_admitted	not_admitted	not_admitted	not_admitted	not_admitted	not_admitted	not_admitted	not_admitted	1	127;130779;131771;-;366.6	117;123895;125262;-;381.2	121;126519;127271;-;232.2	130;132797;135436;-;259.3	116;121046;123895;-;346.5	138;139022;140446;-;89.3	130;132797;135436;-;88.8	140;141173;141739;-;167.0	126;130128;130766;-;67.0	125;128114;130069;-;259.2	112;116921;119230;-;392.7	136;137835;138392;-;52.5	112;116921;119230;-;66.6	A	9/9	contiguous	24252	1	1	120513..121043-;176;unnamed;0
NZ_CP042525.1	MPF_F	IncHI2;IncHI2A	354	0	0	GA	0															not_admitted	not_admitted	not_admitted	not_admitted	not_admitted	not_admitted	not_admitted	not_admitted	not_admitted	not_admitted	1	29;32275;33333;+;276.9	246;235572;236987;-;194.1	247;236977;238023;-;173.7	11;8955;11636;+;168.0	245;231613;235563;-;101.6	7;5270;6625;+;80.7	11;8955;11636;+;72.2	4;2758;3546;+;74.8	27;30622;32133;+;62.7	30;33352;36540;+;58.3	253;245064;247148;+;56.7	10;7996;8946;+;46.4	253;245064;247148;+;38.8	A	9/9	split_3	242306	0	1	
NZ_CP042531.1	MPF_F	IncFIB(pN55391)	191	0	0	GA	0															not_admitted	not_admitted	not_admitted	not_admitted	not_admitted	not_admitted	not_admitted	not_admitted	not_admitted	not_admitted	1	116;139086;140081;-;351.7	110;133467;134831;-;339.3	112;135464;136237;-;192.5	119;141144;143735;-;216.4	109;130571;133465;-;297.9	121;144569;145930;-;81.7	119;141144;143735;-;88.2	123;146647;147210;-;143.7	114;138096;138710;-;80.6	113;136234;138099;-;256.7	106;126668;128917;-;376.0	120;143747;144529;-;52.3	106;126668;128917;-;67.0	A	9/9	contiguous	19979	1	1	129984..130559-;191;unnamed;0
NZ_CP042533.1	MPF_T	IncN	65	0	0	GA	1	23;19056;19793;+;32.0		26;20436;20753;+;63.3	27;20753;23353;+;111.8	27;20753;23353;+;76.4	28;23371;24084;+;105.5	30;24335;25375;+;142.4		31;25594;26292;+;131.9	32;26303;27187;+;159.7	33;27187;28347;+;156.3	34;28389;29384;+;81.2	42;35391;36920;-;38.5		pfam	both	A	7/7	canonical	1	0	unscoreable	10	0	0														not_admitted	not_admitted	not_admitted	not_admitted	not_admitted	not_admitted	not_admitted
NZ_CP042535.1	-	pKPC-CAV1321	371	0	0	GA	0															not_admitted	not_admitted	not_admitted	not_admitted	not_admitted	not_admitted	not_admitted	not_admitted	not_admitted	not_admitted	1	50;44465;45532;-;276.8	28;26339;27781;-;260.7	29;27778;28878;-;198.4	54;47640;50126;-;223.8	27;22806;26324;-;240.0	58;53354;54751;-;109.8	54;47640;50126;-;120.8	60;56034;56660;-;87.1	51;45529;46842;-;41.0	25;19713;22370;-;136.9	66;59208;61184;-;22.7	57;52791;53357;-;71.6	66;59208;61184;-;33.5	A	9/9	contiguous	39495	0	1	
NZ_CP042536.1	MPF_F	IncA	173	0	0	GA	0															not_admitted	not_admitted	not_admitted	not_admitted	not_admitted	not_admitted	not_admitted	not_admitted	not_admitted	not_admitted	1	92;66085;67089;+;330.1	162;129255;130688;+;336.4	161;128225;129253;+;223.9	87;60880;63327;+;352.8	163;130701;134306;+;377.7	82;52053;53369;+;136.3	87;60880;63327;+;130.4	80;50529;51155;+;94.3	90;64149;65417;+;69.7	93;67240;69978;+;138.7	71;44874;46739;+;46.9	83;53366;53944;+;98.1	71;44874;46739;+;51.6	A	9/9	split_2	85827	0	1	
NZ_CP042541.1	MPF_F	IncFIB(pECLA);IncFII(pECLA)	179	0	0	GA	0															not_admitted	not_admitted	not_admitted	not_admitted	not_admitted	not_admitted	not_admitted	not_admitted	not_admitted	not_admitted	1				117;101268;102425;+;95.2		109;97753;98655;+;91.8		107;96612;97193;+;97.9				115;100478;101020;+;46.9		D	3/9	contiguous	4656	0	0	
NZ_CP042546.1	MPF_F	IncFII(pKP91)	213	0	0	GA	0															not_admitted	not_admitted	not_admitted	not_admitted	not_admitted	not_admitted	not_admitted	not_admitted	not_admitted	not_admitted	1	151;154299;155288;-;368.2	142;146697;148067;-;378.9	146;149263;150015;-;232.9	154;156317;158956;-;254.8	141;143875;146697;-;346.7	164;162856;164274;-;84.4	154;156317;158956;-;88.2	166;164995;165561;-;148.2	150;153657;154286;-;67.3	149;151702;153657;-;253.9	138;139785;142115;-;388.9	161;161492;162061;-;53.9	138;139785;142115;-;65.2	A	9/9	contiguous	25210	1	1	143235..143849-;204;TraS;0
NZ_CP042547.1	MPF_F	IncFII(Yp);IncFII(pAR0022)	198	0	0	GA	0															not_admitted	not_admitted	not_admitted	not_admitted	not_admitted	not_admitted	not_admitted	not_admitted	not_admitted	not_admitted	1	175;149020;150012;+;366.4	184;154947;156317;+;376.5	181;153411;154163;+;228.0	172;145313;147952;+;257.0	185;156317;159190;+;335.7	163;140381;141796;+;82.8	172;145313;147952;+;83.7	161;139088;139654;+;165.2	176;150025;150642;+;68.5	177;150639;152519;+;252.0	187;159978;162278;+;388.3	166;142625;143206;+;52.6	187;159978;162278;+;65.7	A	9/9	contiguous	20890	1	1	159201..159734+;177;unnamed;0
NZ_CP042548.1	MPF_T	IncN3	76	0	0	GA	1	44;34520;35302;-;33.3	42;33977;34273;-;36.0	41;33620;33937;-;71.9	40;31046;33619;-;118.0	40;31046;33619;-;74.2	39;30329;31030;-;98.9	37;29023;30060;-;121.9	36;28815;28946;-;40.1	35;28109;28804;-;132.6	34;27211;28098;-;147.8	33;26078;27211;-;166.3	32;25026;26027;-;90.1	26;17802;19334;+;52.0		pfam	both	A	7/7	canonical	1	0	ga	7	0	0														not_admitted	not_admitted	not_admitted	not_admitted	not_admitted	not_admitted	not_admitted
NZ_CP042552.1	MPF_F	IncHI2;IncHI2A	317	0	0	GA	0															not_admitted	not_admitted	not_admitted	not_admitted	not_admitted	not_admitted	not_admitted	not_admitted	not_admitted	not_admitted	1	29;32275;33333;+;276.9	185;172892;174307;-;194.1	186;174297;175343;-;173.7	11;8955;11636;+;168.0	184;168933;172883;-;101.6	7;5270;6625;+;80.7	11;8955;11636;+;72.2	4;2758;3546;+;74.8	27;30622;32133;+;62.7	30;33352;36540;+;58.3	192;182384;184468;+;56.7	10;7996;8946;+;46.4	192;182384;184468;+;38.8	A	9/9	split_3	179626	0	1	
NZ_CP042553.1	MPF_F	IncFIB(pB171);IncFII(Yp);IncFII(pAR0022)	181	0	0	GA	0															not_admitted	not_admitted	not_admitted	not_admitted	not_admitted	not_admitted	not_admitted	not_admitted	not_admitted	not_admitted	1	162;151283;152269;+;368.4	170;156982;158352;+;376.7	166;155016;155765;+;218.2	159;147659;150289;+;285.5	171;158352;161174;+;336.5	153;144237;145631;+;90.9	159;147659;150289;+;98.6	151;142954;143520;+;169.9	163;152286;152915;+;66.9	164;152912;154765;+;257.4	174;162510;164711;+;384.8	154;145653;146192;+;64.9	174;162510;164711;+;63.9	A	9/9	contiguous	19556	1	1	161196..161627+;143;TraS;0
NZ_CP042572.1	MPF_F	-	176	0	0	GA	0															not_admitted	not_admitted	not_admitted	not_admitted	not_admitted	not_admitted	not_admitted	not_admitted	not_admitted	not_admitted	1	125;126496;127488;-;352.9	117;120238;121602;-;364.8	122;123264;124046;-;219.9	132;130564;133164;-;215.4	116;116825;120238;-;308.3	139;136483;137886;-;99.3	132;130564;133164;-;102.1	141;138635;139219;-;103.7	124;125866;126486;-;58.9	123;124043;125869;-;211.8	113;112639;115101;-;370.9	134;133355;133909;-;41.7	113;112639;115101;-;67.1	A	9/9	contiguous	25996	1	1	116262..116819-;185;unnamed;0
NZ_CP042579.1	MPF_F	IncHI2;IncHI2A	311	0	0	GA	0															not_admitted	not_admitted	not_admitted	not_admitted	not_admitted	not_admitted	not_admitted	not_admitted	not_admitted	not_admitted	1	32;32654;33712;+;276.9	185;169453;170868;+;194.1	184;168417;169463;+;173.7	11;8469;10790;+;125.4	186;170877;174827;+;101.6	7;5270;6625;+;80.7	11;8469;10790;+;73.1	4;2758;3546;+;74.8	30;31001;32512;+;62.7	33;33731;36919;+;58.3	176;158060;160144;-;56.7		176;158060;160144;-;38.8	B	8/9	split_3	168119	0	1	
NZ_CP042581.1	MPF_T	IncN	57	0	0	GA	1	24;19619;20353;+;32.5		27;20996;21313;+;63.3	28;21313;23574;+;113.9	28;21313;23574;+;76.7								34;29417;30946;-;38.5		none	none	D	2/7	uncallable	0	0	unscoreable	7	0	0														not_admitted	not_admitted	not_admitted	not_admitted	not_admitted	not_admitted	not_admitted
NZ_CP042584.1	MPF_F	-	86	0	0	GA	0															not_admitted	not_admitted	not_admitted	not_admitted	not_admitted	not_admitted	not_admitted	not_admitted	not_admitted	not_admitted	1	36;30330;31928;+;331.8	42;34964;36352;+;239.5	40;33651;34478;+;178.8	33;23747;26281;+;140.4	43;36352;40941;+;118.2	31;21982;23229;+;56.5	33;23747;26281;+;77.2	29;20526;21155;+;54.0	38;32365;33114;+;97.3	35;28319;30175;+;74.3	70;60925;63234;-;348.0	32;23229;23747;+;73.0	70;60925;63234;-;63.9	A	9/9	split_2	40399	1	1	41042..41230+;62;unnamed;0
NZ_CP042586.1	MPF_F	IncFIB(AP001918);IncFII	155	0	0	GA	0															not_admitted	not_admitted	not_admitted	not_admitted	not_admitted	not_admitted	not_admitted	not_admitted	not_admitted	not_admitted	1	103;105997;106989;-;369.3	92;98574;99947;-;381.0	97;101537;102280;-;235.0	106;107998;110625;-;304.6	91;95755;98577;-;389.2	112;112777;114204;-;94.3	106;107998;110625;-;99.2	114;114919;115485;-;183.8	100;104362;105000;-;68.6	99;102557;104365;-;268.0	88;92023;94221;-;391.5	108;111141;111656;-;78.4	88;92023;94221;-;70.4	A	9/9	contiguous	22896	1	1	95237..95734-;165;TraS;0
NZ_CP042587.1	MPF_F	IncHI2;IncHI2A;IncN	272	0	0	GA	0															not_admitted	not_admitted	not_admitted	not_admitted	not_admitted	not_admitted	not_admitted	not_admitted	not_admitted	not_admitted	1	28;31208;32266;+;276.9	188;173548;174963;-;194.1	189;174953;175999;-;174.3	11;8955;11636;+;168.0	187;169586;173539;-;101.7	7;5270;6625;+;80.7	11;8955;11636;+;72.2	4;2758;3546;+;74.8	26;29555;31066;+;62.0	29;32285;35473;+;57.3	196;183041;185125;+;56.8	10;7996;8946;+;46.1	196;183041;185125;+;38.8	A	9/9	split_3	180283	1	1	168116..169405-;429;unnamed;0
NZ_CP042805.1	MPF_T	-	70	0	0	GA	1	39;36098;36802;+;36.5			41;37487;40039;+;68.4		42;40036;40716;+;50.1	44;40965;41909;+;122.5		45;42310;43098;+;98.9	46;43088;43897;+;139.8	47;43884;45254;+;127.9	48;45264;46295;+;48.5	58;54214;55548;+;154.0		pfam	pfam_only	A	7/7	canonical	1	0	unscoreable	10	0	0														not_admitted	not_admitted	not_admitted	not_admitted	not_admitted	not_admitted	not_admitted
NZ_CP042825.1	-	-	670	0	0	GA	1		344;372550;372984;-;74.5	343;372251;372550;-;60.8	342;369776;372238;-;148.7	342;369776;372238;-;110.8	341;368986;369801;-;46.3	340;367790;368989;-;105.0		339;367128;367793;-;132.0	338;366269;367093;-;182.1	336;364442;365770;-;208.1	345;373002;373937;-;136.4	208;231741;233696;-;505.4		conjscan	conjscan_only	A	7/7	canonical	1	0	unscoreable	2	0	0														not_admitted	not_admitted	not_admitted	not_admitted	not_admitted	not_admitted	not_admitted
NZ_CP042842.1	MPF_F	-	94	0	0	GA	0															not_admitted	not_admitted	not_admitted	not_admitted	not_admitted	not_admitted	not_admitted	not_admitted	not_admitted	not_admitted	1	14;10181;11224;+;369.2	19;15207;16634;+;325.8	17;13993;14805;+;219.1	10;5893;8619;+;164.6	20;16650;19652;+;208.7	6;2895;4211;+;102.7	10;5893;8619;+;108.4	4;1604;2182;+;83.7	15;11239;11946;+;107.6	16;11943;14000;+;91.0	79;55758;57917;+;381.3	9;5239;5883;+;41.9	79;55758;57917;+;90.0	A	9/9	split_2	54154	1	1	19724..20242+;172;unnamed;0
NZ_CP042866.1	MPF_F	IncHI1B(pNDM-MAR)	291	0	0	GA	0															not_admitted	not_admitted	not_admitted	not_admitted	not_admitted	not_admitted	not_admitted	not_admitted	not_admitted	not_admitted	1	191;182379;183416;-;282.3	116;108428;109837;-;190.0	117;109827;110864;-;176.6	203;194249;196966;-;149.6	115;104512;108426;-;120.9	207;199079;200449;-;65.8	203;194249;196966;-;85.2	210;202095;202955;-;79.0	192;183413;184774;-;69.9	190;179187;182369;-;60.1	124;118064;120190;+;58.4	204;197011;197748;-;56.9	124;118064;120190;+;41.0	A	9/9	split_2	97583	0	1	
NZ_CP042868.1	MPF_F	IncFIB(pNDM-Mar);IncHI1B(pNDM-MAR)	317	0	0	GA	0															not_admitted	not_admitted	not_admitted	not_admitted	not_admitted	not_admitted	not_admitted	not_admitted	not_admitted	not_admitted	1	184;171223;172260;-;282.3	109;97272;98681;-;190.0	110;98671;99708;-;176.6	196;183093;185810;-;149.6	108;96656;97270;-;51.0	200;187923;189293;-;65.8	196;183093;185810;-;85.2	203;190939;191799;-;79.0	185;172257;173618;-;69.9	183;168031;171213;-;60.1	117;106908;109034;+;58.4	197;185855;186592;-;56.9	117;106908;109034;+;41.0	A	9/9	split_2	94283	1	1	95859..96635-;258;unnamed;0
NZ_CP042879.1	MPF_F	Col156;IncFIB(AP001918);IncFII	151	0	0	GA	0															not_admitted	not_admitted	not_admitted	not_admitted	not_admitted	not_admitted	not_admitted	not_admitted	not_admitted	not_admitted	1	102;97547;98539;-;369.5	87;88706;90079;-;381.7	94;92284;93027;-;234.4	105;99548;102178;-;297.8	86;85890;88709;-;373.5	112;105446;106897;-;94.2	105;99548;102178;-;99.0	114;107612;108178;-;174.3	99;95966;96604;-;70.8	96;93304;95154;-;270.8	79;78670;80913;-;391.7	109;104071;104586;-;82.8	79;78670;80913;-;70.3	A	9/9	contiguous	28942	1	1	85374..85865-;163;TraS;0
NZ_CP042883.1	MPF_F	IncFIB(K);IncFII(K);IncFII(pAR0022)	216	0	0	GA	0															not_admitted	not_admitted	not_admitted	not_admitted	not_admitted	not_admitted	not_admitted	not_admitted	not_admitted	not_admitted	1	128;128586;129575;-;366.6	118;121672;123039;-;384.1	122;124297;125049;-;233.7	132;131032;133671;-;258.5	117;118850;121672;-;346.4	142;137575;138999;-;89.5	132;131032;133671;-;88.7	144;139726;140292;-;167.0	127;127935;128573;-;66.9	126;125921;127876;-;259.4	113;113925;116234;-;393.1	140;136379;136963;-;53.8	113;113925;116234;-;66.6	A	9/9	contiguous	25801	1	1	118225..118827-;200;TraS;0
NZ_CP042887.1	MPF_F	IncFII	80	0	0	GA	0															not_admitted	not_admitted	not_admitted	not_admitted	not_admitted	not_admitted	not_admitted	not_admitted	not_admitted	not_admitted	1	56;42813;43805;+;369.5	66;49584;50957;+;381.7	61;46911;47654;+;234.4	53;39174;41804;+;304.1	67;50954;53776;+;374.0	46;34724;36175;+;94.2	53;39174;41804;+;97.1	44;33443;34009;+;174.3	58;44149;44787;+;68.6	59;44784;46634;+;264.8	71;56048;58255;+;391.2	49;37035;37550;+;78.4	71;56048;58255;+;70.3	A	9/9	contiguous	22605	1	1	53798..54277+;159;TraS;0
NZ_CP042888.1	MPF_T	IncI2	74	0	0	GA	1	36;29431;29913;-;81.1		51;45516;45800;-;36.6	50;43153;45510;-;58.5	50;43153;45510;-;44.9	61;51328;51972;-;41.0	62;51978;52973;-;123.7		48;42253;42987;-;144.3	47;41486;42256;-;170.4	46;40357;41496;-;154.7	39;31682;33220;-;208.0	44;37309;39267;-;287.4		pfam	pfam_only	A	7/7	rearranged	1	0	unscoreable	15	0	0														not_admitted	not_admitted	not_admitted	not_admitted	not_admitted	not_admitted	not_admitted
NZ_CP042895.1	MPF_F	IncHI2;IncHI2A	286	0	0	GA	0															not_admitted	not_admitted	not_admitted	not_admitted	not_admitted	not_admitted	not_admitted	not_admitted	not_admitted	not_admitted	1	135;118572;119630;-;276.9	256;229168;230583;+;194.1	255;228132;229178;+;174.3	151;139704;142385;-;168.0	257;230592;234545;+;101.6	155;144715;146070;-;80.7	151;139704;142385;-;72.2	158;147794;148582;-;74.8	137;119772;121283;-;62.0	134;115365;118553;-;57.3	248;219006;221090;-;56.8	152;142394;143344;-;46.1	248;219006;221090;-;38.8	A	9/9	split_2	115227	1	1	234726..236015+;429;unnamed;0
NZ_CP042897.1	MPF_F	IncFIA;IncFIB(AP001918);IncFIC(FII)	164	0	0	GA	0															not_admitted	not_admitted	not_admitted	not_admitted	not_admitted	not_admitted	not_admitted	not_admitted	not_admitted	not_admitted	1		10;5739;7112;+;378.0	3;2782;3525;+;234.5	161;163179;165806;+;305.4	11;7109;9931;+;389.5	155;159697;161124;+;94.3	161;163179;165806;+;98.5	153;158416;158982;+;182.9	0;62;700;+;68.4	1;697;2505;+;268.4	14;11460;13613;+;391.9	159;162148;162663;+;78.4	14;11460;13613;+;70.4	B	8/9	split_2	163117	1	1	9953..10444+;163;TraS;0
NZ_CP042898.1	MPF_F	IncHI2;IncHI2A	236	0	0	GA	0															not_admitted	not_admitted	not_admitted	not_admitted	not_admitted	not_admitted	not_admitted	not_admitted	not_admitted	not_admitted	1	160;138039;139097;-;276.9	38;29569;30984;+;194.1	37;28533;29579;+;174.3	176;159171;161852;-;168.0	39;30993;34946;+;101.6	180;164182;165537;-;80.7	176;159171;161852;-;72.2	183;167261;168049;-;74.8	162;139239;140750;-;62.0	159;134832;138020;-;57.3	30;19407;21491;-;56.8	177;161861;162811;-;46.1	30;19407;21491;-;38.8	A	9/9	split_2	147854	1	1	35127..36416+;429;unnamed;0
NZ_CP042900.1	MPF_T	IncFIB(AP001918);IncFIB(K)	133	0	0	GA	1	53;49380;50042;-;48.3	52;49070;49369;-;36.6	51;46310;49060;-;60.6	51;46310;49060;-;134.0	51;46310;49060;-;48.6	50;45575;46291;-;137.0	48;44254;45261;-;137.8		46;43358;44044;-;158.3	45;42472;43365;-;147.4	44;41279;42475;-;134.7	43;40226;41275;-;71.5	36;33581;35488;-;24.3		pfam	pfam_only	A	7/7	canonical	1	1	unscoreable	8	0	0														not_admitted	not_admitted	not_admitted	not_admitted	not_admitted	not_admitted	not_admitted
NZ_CP042902.1	MPF_T	IncFIB(AP001918);IncFIB(K)	128	0	0	GA	1	57;48003;48665;+;48.3	58;48676;48975;+;36.6	59;48985;51735;+;60.6	59;48985;51735;+;134.0	59;48985;51735;+;48.6	60;51754;52470;+;137.0	62;52784;53791;+;137.8		64;54001;54687;+;158.3	65;54680;55573;+;147.4	66;55570;56766;+;134.7	67;56770;57819;+;71.5	74;62557;64464;+;24.3		pfam	pfam_only	A	7/7	canonical	1	1	unscoreable	8	0	0														not_admitted	not_admitted	not_admitted	not_admitted	not_admitted	not_admitted	not_admitted
NZ_CP042935.2	MPF_T	ColKP3;IncX3	65	0	0	GA	1	35;27706;28350;-;46.4	34;27432;27722;-;73.1	33;24654;27407;-;47.0	33;24654;27407;-;142.4	33;24654;27407;-;73.3	32;23874;24644;-;60.1	30;22540;23595;-;132.8		29;21617;22345;-;119.4	28;20682;21611;-;138.8	27;19471;20685;-;128.3	25;18241;19275;-;65.7	24;16403;18238;-;495.9		pfam	pfam_only	A	7/7	canonical	1	1	unscoreable	2	0	0														not_admitted	not_admitted	not_admitted	not_admitted	not_admitted	not_admitted	not_admitted
NZ_CP042943.1	MPF_F	IncFII(pHN7A8)	48	0	0	GA	0															not_admitted	not_admitted	not_admitted	not_admitted	not_admitted	not_admitted	not_admitted	not_admitted	not_admitted	not_admitted	1	19;14815;15807;+;369.3	28;20868;22241;+;381.0	23;18535;19278;+;233.5	16;11176;13806;+;303.5	29;22238;25063;+;389.2	10;6726;8153;+;94.7	16;11176;13806;+;98.5	8;5445;6011;+;183.8	20;15816;16454;+;68.7	21;16451;18259;+;268.0	32;26567;28756;+;391.8	13;9037;9552;+;76.4	32;26567;28756;+;70.3	A	9/9	contiguous	21122	1	1	25060..25515+;151;unnamed;0
NZ_CP042964.1	-	-	43	0	0	GA	1		39;36934;37332;+;47.5	40;37332;37637;+;48.9	41;37637;40141;+;94.7	41;37637;40141;+;104.2	42;40116;40874;+;59.3			25;24547;25224;+;126.8	26;25260;26141;+;152.5	28;26601;27899;+;213.7	38;35948;36922;+;129.4	32;29705;31651;+;335.7		conjscan	conjscan_only	B	6/7	uncallable	0	0	unscoreable	9	0	0														not_admitted	not_admitted	not_admitted	not_admitted	not_admitted	not_admitted	not_admitted
NZ_CP042965.1	-	-	33	0	0	GA	1		25;21735;22133;+;48.3	26;22133;22438;+;47.4	27;22438;24942;+;95.1	27;22438;24942;+;103.1	28;24917;25672;+;66.7	29;25662;27206;+;62.6		12;9906;10583;+;131.3	13;10619;11500;+;152.2	15;11960;13261;+;216.4	24;20749;21723;+;129.2	18;14500;16446;+;333.7		conjscan	conjscan_only	A	7/7	canonical	1	0	unscoreable	9	0	0														not_admitted	not_admitted	not_admitted	not_admitted	not_admitted	not_admitted	not_admitted
NZ_CP042970.1	MPF_T	IncX4	42	0	0	GA	1	25;17080;17700;+;41.6	26;17714;18040;+;64.4	27;18059;20806;+;63.8	27;18059;20806;+;151.8	27;18059;20806;+;46.1	28;20818;21534;+;94.2	29;21546;22640;+;150.1		31;23155;23841;+;169.0	32;23838;24746;+;142.4	33;24739;25857;+;163.9	34;25859;26887;+;85.0	35;26919;28736;+;314.8		pfam	pfam_only	A	7/7	canonical	1	1	unscoreable	1	0	0														not_admitted	not_admitted	not_admitted	not_admitted	not_admitted	not_admitted	not_admitted
NZ_CP042972.1	MPF_F	IncFIA;IncFIB(AP001918);IncFII(pRSB107)	146	0	0	GA	0															not_admitted	not_admitted	not_admitted	not_admitted	not_admitted	not_admitted	not_admitted	not_admitted	not_admitted	not_admitted	1	52;40664;41656;+;369.5	65;49415;50788;+;386.6	57;44762;45505;+;231.4	49;37028;39655;+;303.9	66;50785;53604;+;386.3	43;33692;35143;+;94.2	49;37028;39655;+;96.5	41;32411;32977;+;184.3	54;42000;42638;+;68.7	55;42635;44485;+;266.7	70;55862;58033;+;391.8	46;35997;36512;+;75.2	70;55862;58033;+;70.3	A	9/9	contiguous	23451	1	1	53629..54120+;163;TraS;0
NZ_CP042976.1	-	IncX6	61	0	0	GA	1	45;35620;36249;-;45.3	44;35309;35602;-;50.5	43;32530;35295;-;58.7	43;32530;35295;-;129.2	43;32530;35295;-;55.1	42;31778;32518;-;110.2	40;30261;31319;-;122.9		39;29371;30057;-;167.1	38;28454;29374;-;144.2	37;27165;28454;-;131.5	36;26130;27161;-;79.6	35;24317;26143;-;384.8		pfam	pfam_only	A	7/7	canonical	1	1	unscoreable	1	0	0														not_admitted	not_admitted	not_admitted	not_admitted	not_admitted	not_admitted	not_admitted
NZ_CP043007.1	MPF_T	IncFIB(K)	70	0	0	GA	1	41;34755;35417;+;48.3	42;35428;35727;+;36.6	43;35737;38487;+;60.6	43;35737;38487;+;127.6	43;35737;38487;+;48.6	44;38506;39222;+;137.0	46;39536;40543;+;137.8		48;40753;41439;+;158.3	49;41432;42325;+;147.4	50;42322;43518;+;134.7	51;43522;44571;+;71.5	58;49309;51216;+;24.3		pfam	pfam_only	A	7/7	canonical	1	1	unscoreable	8	0	0														not_admitted	not_admitted	not_admitted	not_admitted	not_admitted	not_admitted	not_admitted
NZ_CP043034.1	MPF_F	IncHI2;IncHI2A	242	0	0	GA	0															not_admitted	not_admitted	not_admitted	not_admitted	not_admitted	not_admitted	not_admitted	not_admitted	not_admitted	not_admitted	1	27;31208;32266;+;276.9	153;145928;147343;-;194.1	154;147333;148379;-;174.3	11;8955;11636;+;168.0	152;141966;145919;-;101.7	7;5270;6625;+;80.7	11;8955;11636;+;72.2	4;2758;3546;+;74.8	25;29555;31066;+;62.0	28;32285;35473;+;57.3	162;156620;158704;+;56.8	10;7996;8946;+;46.1	162;156620;158704;+;38.8	A	9/9	split_3	153862	1	1	140496..141785-;429;unnamed;0
NZ_CP043036.1	MPF_T	IncI2(Delta)	78	0	0	GA	1	37;32460;32942;-;81.1		52;48538;48822;-;36.6	51;46175;48532;-;58.5	51;46175;48532;-;42.8	64;54973;55617;-;41.0	65;55623;56618;-;123.7		49;45275;46009;-;144.3	48;44508;45278;-;170.5	47;43379;44518;-;154.7	40;34710;36248;-;207.1	45;40331;42289;-;289.6		pfam	pfam_only	A	7/7	rearranged	1	0	unscoreable	17	0	0														not_admitted	not_admitted	not_admitted	not_admitted	not_admitted	not_admitted	not_admitted
NZ_CP043049.1	MPF_F	IncFIB(K);IncFII(K)	222	0	0	GA	0															not_admitted	not_admitted	not_admitted	not_admitted	not_admitted	not_admitted	not_admitted	not_admitted	not_admitted	not_admitted	1	22;14942;15934;+;366.6	32;21385;22755;+;381.2	28;19431;20183;+;232.4	19;11277;13916;+;258.7	33;22755;25604;+;344.2	10;6038;7462;+;89.2	19;11277;13916;+;88.8	8;4745;5311;+;167.0	23;15947;16585;+;67.0	24;16582;18588;+;259.0	37;27418;29727;+;393.2	12;8074;8643;+;49.7	37;27418;29727;+;65.8	A	9/9	contiguous	22673	1	1	25607..26137+;176;unnamed;0
NZ_CP043050.1	MPF_T	IncX3	56	0	0	GA	1	2;1240;1884;+;46.4	3;1868;2158;+;73.1	4;2183;4936;+;47.0	4;2183;4936;+;145.4	4;2183;4936;+;73.3	5;4946;5716;+;60.1	7;5995;7050;+;133.2		8;7245;7745;+;79.9	10;7978;8907;+;138.8	11;8904;10118;+;128.3	13;10314;11348;+;65.7	14;11351;13186;+;495.9		pfam	pfam_only	A	7/7	canonical	1	1	unscoreable	2	0	0														not_admitted	not_admitted	not_admitted	not_admitted	not_admitted	not_admitted	not_admitted
NZ_CP043182.1	MPF_T	IncI2(Delta)	85	0	0	GA	1	46;35796;36278;-;81.1		61;51868;52152;-;36.6	60;49505;51862;-;58.5	60;49505;51862;-;44.9	73;58133;58780;-;41.6	74;58786;59772;-;122.2		58;48605;49339;-;144.3	57;47838;48608;-;170.5	56;46709;47848;-;154.7	49;38046;39584;-;207.1	54;43661;45619;-;289.6		pfam	pfam_only	A	7/7	rearranged	1	0	unscoreable	17	0	0														not_admitted	not_admitted	not_admitted	not_admitted	not_admitted	not_admitted	not_admitted
NZ_CP043184.1	MPF_T	IncN	51	0	0	GA	1	18;13997;14731;+;32.5	20;15031;15324;+;28.7	21;15374;15691;+;63.3	22;15691;18291;+;111.8	22;15691;18291;+;76.8	23;18309;19022;+;97.1	25;19273;20313;+;153.6		26;20532;21230;+;131.9	27;21241;22125;+;159.0	28;22125;23285;+;154.9	29;23327;24322;+;81.2	33;28891;30420;-;38.5		pfam	both	A	7/7	canonical	1	0	unscoreable	5	0	0														not_admitted	not_admitted	not_admitted	not_admitted	not_admitted	not_admitted	not_admitted
NZ_CP043186.1	MPF_T	IncN	51	0	0	GA	1	18;13998;14732;+;32.5	20;15032;15325;+;28.7	21;15375;15692;+;63.3	22;15692;18292;+;111.8	22;15692;18292;+;76.8	23;18310;19023;+;97.1	25;19274;20314;+;153.6		26;20533;21231;+;131.9	27;21242;22126;+;159.0	28;22126;23286;+;154.9	29;23328;24323;+;81.2	33;28892;30421;-;38.5		pfam	both	A	7/7	canonical	1	0	unscoreable	5	0	0														not_admitted	not_admitted	not_admitted	not_admitted	not_admitted	not_admitted	not_admitted
NZ_CP043188.1	MPF_T	IncN	52	0	0	GA	1	18;13998;14732;+;32.5	20;15032;15325;+;28.7	21;15375;15692;+;63.3	22;15692;18292;+;111.8	22;15692;18292;+;76.8	23;18310;19023;+;97.1	25;19274;20314;+;153.6		26;20533;21231;+;131.9	27;21242;22126;+;159.0	28;22126;23286;+;154.9	29;23328;24323;+;81.2	33;28892;30421;-;38.5		pfam	both	A	7/7	canonical	1	0	unscoreable	5	0	0														not_admitted	not_admitted	not_admitted	not_admitted	not_admitted	not_admitted	not_admitted
NZ_CP043190.1	MPF_F	IncC	199	0	0	GA	0															not_admitted	not_admitted	not_admitted	not_admitted	not_admitted	not_admitted	not_admitted	not_admitted	not_admitted	not_admitted	1	50;35442;36449;-;332.9	188;154413;155846;+;339.2	187;153383;154411;+;221.7	55;39201;41648;-;354.2	189;155859;159473;+;375.3	64;53643;54959;-;135.0	55;39201;41648;-;128.6	66;55857;56483;-;92.1	52;37114;38379;-;67.6	49;32531;35326;-;145.3	75;60293;62158;-;47.4	63;53068;53646;-;100.2	75;60293;62158;-;52.0	A	9/9	split_2	123328	0	1	
NZ_CP043192.1	MPF_F	IncC	199	0	0	GA	0															not_admitted	not_admitted	not_admitted	not_admitted	not_admitted	not_admitted	not_admitted	not_admitted	not_admitted	not_admitted	1	50;35442;36449;-;332.9	188;154413;155846;+;339.2	187;153383;154411;+;221.7	55;39201;41648;-;354.2	189;155859;159473;+;375.3	64;53643;54959;-;135.0	55;39201;41648;-;128.6	66;55857;56483;-;92.1	52;37114;38379;-;67.6	49;32531;35326;-;145.3	75;60293;62158;-;47.4	63;53068;53646;-;100.2	75;60293;62158;-;52.0	A	9/9	split_2	123328	0	1	
NZ_CP043194.1	MPF_T	IncI2(Delta)	85	0	0	GA	1	46;35796;36278;-;81.1		61;51868;52152;-;36.6	60;49505;51862;-;58.5	60;49505;51862;-;44.9	73;58133;58780;-;41.6	74;58786;59772;-;122.2		58;48605;49339;-;144.3	57;47838;48608;-;170.5	56;46709;47848;-;154.7	49;38046;39584;-;207.1	54;43661;45619;-;289.6		pfam	pfam_only	A	7/7	rearranged	1	0	unscoreable	17	0	0														not_admitted	not_admitted	not_admitted	not_admitted	not_admitted	not_admitted	not_admitted
NZ_CP043196.1	MPF_T	IncI2(Delta)	85	0	0	GA	1	1;1663;2145;-;81.1		16;17735;18019;-;36.6	15;15372;17729;-;58.5	15;15372;17729;-;44.9	28;24000;24647;-;41.6	29;24653;25639;-;122.2		13;14472;15206;-;144.3	12;13705;14475;-;170.5	11;12576;13715;-;154.7	4;3913;5451;-;207.1	9;9528;11486;-;289.6		pfam	pfam_only	A	7/7	rearranged	1	0	unscoreable	17	0	0														not_admitted	not_admitted	not_admitted	not_admitted	not_admitted	not_admitted	not_admitted
NZ_CP043198.1	MPF_T	IncI2(Delta)	85	0	0	GA	1	46;35796;36278;-;81.1		61;51868;52152;-;36.6	60;49505;51862;-;58.5	60;49505;51862;-;44.9	73;58133;58780;-;41.6	74;58786;59772;-;122.2		58;48605;49339;-;144.3	57;47838;48608;-;170.5	56;46709;47848;-;154.7	49;38046;39584;-;207.1	54;43661;45619;-;289.6		pfam	pfam_only	A	7/7	rearranged	1	0	unscoreable	17	0	0														not_admitted	not_admitted	not_admitted	not_admitted	not_admitted	not_admitted	not_admitted
NZ_CP043200.1	MPF_T	IncI2(Delta)	85	0	0	GA	1	46;35796;36278;-;81.1		61;51868;52152;-;36.6	60;49505;51862;-;58.5	60;49505;51862;-;44.9	73;58133;58780;-;41.6	74;58786;59772;-;122.2		58;48605;49339;-;144.3	57;47838;48608;-;170.5	56;46709;47848;-;154.7	49;38046;39584;-;207.1	54;43661;45619;-;289.6		pfam	pfam_only	A	7/7	rearranged	1	0	unscoreable	17	0	0														not_admitted	not_admitted	not_admitted	not_admitted	not_admitted	not_admitted	not_admitted
NZ_CP043202.1	MPF_T	IncI2(Delta)	85	0	0	GA	1	46;35796;36278;-;81.1		61;51868;52152;-;36.6	60;49505;51862;-;58.5	60;49505;51862;-;44.9	73;58133;58780;-;41.6	74;58786;59772;-;122.2		58;48605;49339;-;144.3	57;47838;48608;-;170.5	56;46709;47848;-;154.7	49;38046;39584;-;207.1	54;43661;45619;-;289.6		pfam	pfam_only	A	7/7	rearranged	1	0	unscoreable	17	0	0														not_admitted	not_admitted	not_admitted	not_admitted	not_admitted	not_admitted	not_admitted
NZ_CP043204.1	MPF_T	IncI2(Delta)	85	0	0	GA	1	46;35214;35696;-;81.1		61;51286;51570;-;36.6	60;48923;51280;-;58.5	60;48923;51280;-;44.9	73;57551;58198;-;41.6	74;58204;59190;-;122.2		58;48023;48757;-;144.3	57;47256;48026;-;170.5	56;46127;47266;-;154.7	49;37464;39002;-;207.1	54;43079;45037;-;289.6		pfam	pfam_only	A	7/7	rearranged	1	0	unscoreable	17	0	0														not_admitted	not_admitted	not_admitted	not_admitted	not_admitted	not_admitted	not_admitted
NZ_CP043206.1	MPF_T	IncI2(Delta)	85	0	0	GA	1	46;35796;36278;-;81.1		61;51868;52152;-;36.6	60;49505;51862;-;58.5	60;49505;51862;-;44.9	73;58133;58780;-;41.6	74;58786;59772;-;122.2		58;48605;49339;-;144.3	57;47838;48608;-;170.5	56;46709;47848;-;154.7	49;38046;39584;-;207.1	54;43661;45619;-;289.6		pfam	pfam_only	A	7/7	rearranged	1	0	unscoreable	17	0	0														not_admitted	not_admitted	not_admitted	not_admitted	not_admitted	not_admitted	not_admitted
NZ_CP043208.1	MPF_T	IncI2(Delta)	85	0	0	GA	1	46;35796;36278;-;81.1		61;51868;52152;-;36.6	60;49505;51862;-;58.5	60;49505;51862;-;44.9	73;58133;58780;-;41.6	74;58786;59772;-;122.2		58;48605;49339;-;144.3	57;47838;48608;-;170.5	56;46709;47848;-;154.7	49;38046;39584;-;207.1	54;43661;45619;-;289.6		pfam	pfam_only	A	7/7	rearranged	1	0	unscoreable	17	0	0														not_admitted	not_admitted	not_admitted	not_admitted	not_admitted	not_admitted	not_admitted
NZ_CP043210.1	MPF_T	IncI2(Delta)	85	0	0	GA	1	46;35796;36278;-;81.1		61;51868;52152;-;36.6	60;49505;51862;-;58.5	60;49505;51862;-;44.9	73;58133;58780;-;41.6	74;58786;59772;-;122.2		58;48605;49339;-;144.3	57;47838;48608;-;170.5	56;46709;47848;-;154.7	49;38046;39584;-;207.1	54;43661;45619;-;289.6		pfam	pfam_only	A	7/7	rearranged	1	0	unscoreable	17	0	0														not_admitted	not_admitted	not_admitted	not_admitted	not_admitted	not_admitted	not_admitted
NZ_CP043212.1	MPF_T	IncI2(Delta)	85	0	0	GA	1	46;35796;36278;-;81.1		61;51868;52152;-;36.6	60;49505;51862;-;58.5	60;49505;51862;-;44.9	73;58133;58780;-;41.6	74;58786;59772;-;122.2		58;48605;49339;-;144.3	57;47838;48608;-;170.5	56;46709;47848;-;154.7	49;38046;39584;-;207.1	54;43661;45619;-;289.6		pfam	pfam_only	A	7/7	rearranged	1	0	unscoreable	17	0	0														not_admitted	not_admitted	not_admitted	not_admitted	not_admitted	not_admitted	not_admitted
NZ_CP043215.1	MPF_F	IncC	199	0	0	GA	0															not_admitted	not_admitted	not_admitted	not_admitted	not_admitted	not_admitted	not_admitted	not_admitted	not_admitted	not_admitted	1	50;35442;36449;-;332.9	188;154413;155846;+;339.2	187;153383;154411;+;221.7	55;39201;41648;-;354.2	189;155859;159473;+;375.3	64;53643;54959;-;135.0	55;39201;41648;-;128.6	66;55857;56483;-;92.1	52;37114;38379;-;67.6	49;32531;35326;-;145.3	75;60293;62158;-;47.4	63;53068;53646;-;100.2	75;60293;62158;-;52.0	A	9/9	split_2	123328	0	1	
NZ_CP043216.1	MPF_T	IncX1	43	0	0	GA	1	1;1154;1801;+;45.2	2;1779;2075;+;77.5	3;2094;4847;+;46.6	3;2094;4847;+;148.1	3;2094;4847;+;75.3	4;4858;5607;+;66.6	6;5918;6979;+;134.6		7;7224;7937;+;120.0	8;7942;8871;+;133.8	9;8868;10073;+;134.4	10;10075;11106;+;76.5	11;11109;12944;+;488.6		pfam	pfam_only	A	7/7	canonical	1	1	unscoreable	1	0	0														not_admitted	not_admitted	not_admitted	not_admitted	not_admitted	not_admitted	not_admitted
NZ_CP043219.1	MPF_F	IncFII(pSE11)	114	0	0	GA	0															not_admitted	not_admitted	not_admitted	not_admitted	not_admitted	not_admitted	not_admitted	not_admitted	not_admitted	not_admitted	1	87;68961;69953;+;369.2	100;76311;77684;+;376.8	93;73355;74098;+;234.4	84;65325;67952;+;300.9	102;77818;80496;+;345.1	79;61986;63413;+;94.1	84;65325;67952;+;101.4	77;60705;61271;+;183.8	88;69962;70600;+;68.6	91;71312;73075;+;268.1	106;82797;84986;+;390.9	82;64294;64809;+;76.1	106;82797;84986;+;70.3	A	9/9	contiguous	22092	1	1	80529..81050+;173;unnamed;0
NZ_CP043220.1	MPF_T	IncI2(Delta)	85	0	0	GA	1	46;35796;36278;-;81.1		61;51868;52152;-;36.6	60;49505;51862;-;58.5	60;49505;51862;-;44.9	73;58133;58780;-;41.6	74;58786;59772;-;122.2		58;48605;49339;-;144.3	57;47838;48608;-;170.5	56;46709;47848;-;154.7	49;38046;39584;-;207.1	54;43661;45619;-;289.6		pfam	pfam_only	A	7/7	rearranged	1	0	unscoreable	17	0	0														not_admitted	not_admitted	not_admitted	not_admitted	not_admitted	not_admitted	not_admitted
NZ_CP043223.1	MPF_F	IncHI2;IncHI2A	276	0	0	GA	0															not_admitted	not_admitted	not_admitted	not_admitted	not_admitted	not_admitted	not_admitted	not_admitted	not_admitted	not_admitted	1	245;226778;227836;+;276.9	93;78865;80184;-;194.4	95;81663;82709;-;174.3	228;202568;205249;+;168.0	92;74903;78856;-;101.6	224;198883;200238;+;80.7	228;202568;205249;+;72.1	221;196371;197159;+;74.8	243;225125;226636;+;62.0	246;227855;231043;+;57.3	102;89751;91835;+;56.8	227;201609;202559;+;46.1	102;89751;91835;+;38.8	A	9/9	split_3	152952	1	1	73433..74722-;429;unnamed;0
NZ_CP043224.1	MPF_T	IncN	52	0	0	GA	1	18;13813;14547;+;32.5	20;14847;15140;+;28.7	21;15190;15507;+;63.3	22;15507;18107;+;111.8	22;15507;18107;+;76.8	23;18125;18838;+;97.1	25;19089;20129;+;153.6		26;20348;21046;+;131.9	27;21057;21941;+;159.0	28;21941;23101;+;154.9	29;23143;24138;+;81.2	33;28707;30236;-;38.5		pfam	both	A	7/7	canonical	1	0	unscoreable	5	0	0														not_admitted	not_admitted	not_admitted	not_admitted	not_admitted	not_admitted	not_admitted
NZ_CP043229.1	MPF_F	IncFII	80	0	0	GA	0															not_admitted	not_admitted	not_admitted	not_admitted	not_admitted	not_admitted	not_admitted	not_admitted	not_admitted	not_admitted	1	17;21284;22276;-;369.5	7;14132;15505;-;381.7	12;17435;18178;-;234.4	20;23285;25915;-;304.1	6;11313;14135;-;374.0	27;28914;30365;-;94.2	20;23285;25915;-;97.1	29;31080;31646;-;174.3	15;20302;20940;-;68.6	14;18455;20305;-;266.1	2;6852;9041;-;391.2	24;27539;28054;-;78.4	2;6852;9041;-;70.3	A	9/9	contiguous	24228	1	1	10812..11291-;159;TraS;0
NZ_CP043265.1	MPF_F	IncFIA(HI1);IncFIB(AP001918);IncFII(pHN7A8)	227	0	0	GA	0															not_admitted	not_admitted	not_admitted	not_admitted	not_admitted	not_admitted	not_admitted	not_admitted	not_admitted	not_admitted	1	153;146052;147044;+;369.6	220;190365;191783;+;382.5	161;151418;152161;+;232.8	150;142416;145043;+;303.4	221;191780;194620;+;381.1	145;139080;140507;+;93.1	150;142416;145043;+;98.5	143;137799;138365;+;181.2	156;147880;148518;+;68.4	159;149330;151138;+;262.2	224;196154;198352;+;390.7	148;141385;141900;+;76.6	224;196154;198352;+;67.5	A	9/9	split_2	58355	0	1	
NZ_CP043267.1	-	IncX4	39	0	0	GA	1	33;23769;24389;-;46.9	32;23429;23755;-;64.4	31;20663;23410;-;62.7	31;20663;23410;-;151.8	31;20663;23410;-;46.2										none	none	D	1/7	uncallable	0	1	unscoreable	0	0	0														not_admitted	not_admitted	not_admitted	not_admitted	not_admitted	not_admitted	not_admitted
NZ_CP043270.1	MPF_F	IncFIA;IncFIB(AP001918);IncFII(pHN7A8)	147	0	0	GA	0															not_admitted	not_admitted	not_admitted	not_admitted	not_admitted	not_admitted	not_admitted	not_admitted	not_admitted	not_admitted	1	15;12046;13038;-;369.3	3;4332;5705;-;381.0	8;7295;8038;-;233.3	18;14047;16677;-;300.9	2;1510;4335;-;390.0	27;20106;21554;-;94.2	18;14047;16677;-;102.3	29;22269;22835;-;183.8	11;10120;10758;-;68.6	10;8315;10123;-;268.3	146;129770;131992;-;380.4	24;18707;19222;-;75.2	146;129770;131992;-;66.5	A	9/9	split_2	128260	1	1	1004..1513-;169;unnamed;0
NZ_CP043273.1	MPF_F	IncFIB(AP001918);IncFIC(FII)	113	0	0	GA	0															not_admitted	not_admitted	not_admitted	not_admitted	not_admitted	not_admitted	not_admitted	not_admitted	not_admitted	not_admitted	1	14;9300;10292;+;369.3	25;15974;17347;+;381.0	18;13021;13764;+;235.0	11;5664;8291;+;306.8	26;17344;17967;+;179.5	4;2182;3609;+;94.3	11;5664;8291;+;98.5	2;901;1467;+;181.5	15;10301;10939;+;68.7	16;10936;12744;+;264.5	30;21671;23869;+;391.5	8;4633;5148;+;76.6	30;21671;23869;+;69.2	A	9/9	contiguous	20770	1	1	18087..20168+;693;unnamed;0
NZ_CP043281.1	MPF_T	IncX3	60	0	0	GA	1	29;24803;25447;-;46.4	28;24529;24819;-;73.1	27;21751;24504;-;47.0	27;21751;24504;-;142.4	27;21751;24504;-;73.3	26;20971;21741;-;60.1	24;19637;20692;-;133.2		23;18714;19442;-;119.4	22;17779;18708;-;138.8	21;16568;17782;-;128.3	19;15338;16372;-;65.7	18;13500;15335;-;495.9		pfam	pfam_only	A	7/7	canonical	1	1	unscoreable	2	0	0														not_admitted	not_admitted	not_admitted	not_admitted	not_admitted	not_admitted	not_admitted
NZ_CP043282.1	MPF_F	IncFIA;IncFII	122	0	0	GA	0															not_admitted	not_admitted	not_admitted	not_admitted	not_admitted	not_admitted	not_admitted	not_admitted	not_admitted	not_admitted	1	96;88560;89552;+;371.6	105;94614;95987;+;380.7	100;92281;93024;+;233.3	93;84924;87551;+;303.5	106;95984;98803;+;386.2	87;81338;82765;+;91.9	93;84924;87551;+;99.0	85;80057;80623;+;182.9	97;89561;90199;+;64.9	98;90196;92004;+;268.2	109;100335;102506;+;391.8	92;83893;84408;+;76.4	109;100335;102506;+;70.4	A	9/9	contiguous	20278	1	1	98828..99319+;163;TraS;0
NZ_CP043287.1	MPF_T	IncX3	58	0	0	GA	1	53;42560;43204;-;46.4	52;42286;42576;-;73.1	51;39508;42261;-;47.0	51;39508;42261;-;144.4	51;39508;42261;-;73.3	50;38728;39498;-;60.1	48;37394;38449;-;133.2		47;36471;37199;-;119.4	46;35536;36465;-;138.8	45;34325;35539;-;128.3	43;33095;34129;-;65.7	42;31257;33092;-;495.9		pfam	pfam_only	A	7/7	canonical	1	1	unscoreable	2	0	0														not_admitted	not_admitted	not_admitted	not_admitted	not_admitted	not_admitted	not_admitted
NZ_CP043289.1	MPF_F	IncFII(pSE11)	86	0	0	GA	0															not_admitted	not_admitted	not_admitted	not_admitted	not_admitted	not_admitted	not_admitted	not_admitted	not_admitted	not_admitted	1	55;42557;43549;+;369.5	67;49603;50976;+;381.7	60;46655;47398;+;234.4	52;38918;41548;+;297.8	68;50973;53204;+;374.9	45;34449;35876;+;93.9	52;38918;41548;+;98.7	43;33168;33734;+;174.3	57;43893;44531;+;68.5	58;44528;46378;+;267.1	75;58626;60860;+;391.7	48;36760;37275;+;78.4	75;58626;60860;+;70.3	A	9/9	contiguous	25458	1	1	53319..54860+;513;unnamed;0
NZ_CP043297.1	MPF_F	IncFIB(AP001918);IncFIC(FII)	132	0	0	GA	0															not_admitted	not_admitted	not_admitted	not_admitted	not_admitted	not_admitted	not_admitted	not_admitted	not_admitted	not_admitted	1	84;70036;71028;-;369.3	73;62977;64350;-;378.0	80;66564;67307;-;234.1	87;72037;74664;-;305.4	72;60158;62980;-;389.5	93;76719;78146;-;94.3	87;72037;74664;-;98.5	95;78861;79427;-;183.8	83;69389;70027;-;68.4	82;67584;69392;-;268.4	69;56698;58629;-;392.3	89;75180;75695;-;78.4	69;56698;58629;-;70.6	A	9/9	contiguous	22163	1	1	59645..60136-;163;TraS;0
NZ_CP043333.1	MPF_T	IncX3	58	0	0	GA	1	36;32726;33370;-;46.4	35;32452;32742;-;73.1	34;29674;32427;-;47.0	34;29674;32427;-;142.4	34;29674;32427;-;73.3	33;28894;29664;-;60.1	31;27560;28615;-;133.2		30;26637;27365;-;119.4	29;25702;26631;-;138.8	28;24491;25705;-;128.3	26;23261;24295;-;65.7	25;21423;23258;-;495.9		pfam	pfam_only	A	7/7	canonical	1	1	unscoreable	2	0	0														not_admitted	not_admitted	not_admitted	not_admitted	not_admitted	not_admitted	not_admitted
NZ_CP043335.1	MPF_T	ColKP3;IncX3	65	0	0	GA	1	24;14956;15600;+;46.4	25;15584;15874;+;73.1	26;15899;18652;+;47.0	26;15899;18652;+;142.4	26;15899;18652;+;73.3	27;18662;19432;+;60.1	29;19711;20766;+;132.8		30;20961;21689;+;119.4	31;21695;22624;+;138.8	32;22621;23835;+;128.3	34;24031;25065;+;65.7	35;25068;26903;+;495.9		pfam	pfam_only	A	7/7	canonical	1	1	unscoreable	2	0	0														not_admitted	not_admitted	not_admitted	not_admitted	not_admitted	not_admitted	not_admitted
NZ_CP043336.1	MPF_F	IncFIB(AP001918);IncFIC(FII)	150	0	0	GA	0															not_admitted	not_admitted	not_admitted	not_admitted	not_admitted	not_admitted	not_admitted	not_admitted	not_admitted	not_admitted	1	80;76101;77093;-;369.3	72;70032;71405;-;380.7	76;72626;73369;-;232.7	83;78102;80729;-;303.5	71;67213;70035;-;380.3	87;82641;84068;-;94.3	83;78102;80729;-;100.3	89;84783;85349;-;183.8	79;75454;76092;-;68.3	78;73649;75457;-;268.3	68;63499;65679;-;391.8	84;81245;81760;-;78.0	68;63499;65679;-;70.4	A	9/9	contiguous	21284	1	1	66695..67192-;165;TraS;0
NZ_CP043338.1	MPF_F	IncFII	103	0	0	GA	0															not_admitted	not_admitted	not_admitted	not_admitted	not_admitted	not_admitted	not_admitted	not_admitted	not_admitted	not_admitted	1	79;64623;65615;+;369.5	89;71394;72767;+;381.7	84;68721;69464;+;234.4	76;60984;63614;+;304.1	90;72764;75586;+;374.0	69;56534;57985;+;94.2	76;60984;63614;+;97.1	67;55253;55819;+;174.3	81;65959;66597;+;68.6	82;66594;68444;+;266.1	94;77858;80038;+;391.2	72;58845;59360;+;78.4	94;77858;80038;+;70.3	A	9/9	contiguous	22605	1	1	75608..76087+;159;TraS;0
NZ_CP043343.1	MPF_F	-	141	0	0	GA	0															not_admitted	not_admitted	not_admitted	not_admitted	not_admitted	not_admitted	not_admitted	not_admitted	not_admitted	not_admitted	1	8;7478;8464;-;362.7	0;1379;2749;-;382.3	4;3960;4709;-;214.1	11;9452;12082;-;288.8		17;13852;15246;-;89.4	11;9452;12082;-;97.5	19;15963;16529;-;166.6	7;6840;7463;-;66.6	6;4963;6843;-;252.9	137;130480;132738;-;384.2	16;13295;13831;-;66.7	137;130480;132738;-;64.8	B	8/9	split_2	129101	0	1	
NZ_CP043349.1	MPF_F	IncFII(K);IncFII(Yp);IncR	168	0	0	GA	0															not_admitted	not_admitted	not_admitted	not_admitted	not_admitted	not_admitted	not_admitted	not_admitted	not_admitted	not_admitted	1	111;85536;86525;+;366.0	121;92016;93386;+;381.2	117;90062;90814;+;230.7	107;81454;84093;+;258.5	122;93386;96229;+;346.5	99;76771;78195;+;89.2	107;81454;84093;+;88.7	97;75478;76044;+;169.3	112;86538;87176;+;67.0	113;87235;89190;+;259.7	126;98814;101126;+;392.8	100;78309;78893;+;55.4	126;98814;101126;+;65.9	A	9/9	contiguous	23336	1	1	96240..96764+;174;unnamed;0
NZ_CP043350.1	MPF_F	IncFIB(K);IncFII(K)	193	0	0	GA	0															not_admitted	not_admitted	not_admitted	not_admitted	not_admitted	not_admitted	not_admitted	not_admitted	not_admitted	not_admitted	1	142;142299;143291;-;366.6	132;135415;136782;-;381.2	136;138039;138791;-;232.2	145;144317;146956;-;259.3	131;132566;135415;-;346.5	153;150542;151966;-;89.3	145;144317;146956;-;88.8	155;152693;153259;-;167.0	141;141648;142286;-;67.0	140;139634;141589;-;259.2	127;128441;130750;-;392.8	151;149355;149912;-;52.5	127;128441;130750;-;65.8	A	9/9	contiguous	24252	1	1	132033..132563-;176;unnamed;0
NZ_CP043351.1	MPF_F	IncFII(K);repB(R1701)	132	0	0	GA	0															not_admitted	not_admitted	not_admitted	not_admitted	not_admitted	not_admitted	not_admitted	not_admitted	not_admitted	not_admitted	1	78;66497;67486;-;366.0	68;59583;60950;-;381.2	72;62208;62960;-;230.7	82;68943;71582;-;258.5	67;56734;59583;-;345.6	88;74411;75835;-;89.2	82;68943;71582;-;88.7	90;76562;77128;-;169.3	77;65846;66484;-;67.0	76;63832;65787;-;259.7	63;51936;54248;-;392.7	87;73755;74339;-;54.7	63;51936;54248;-;66.5	A	9/9	contiguous	24626	1	1	56173..56721-;182;unnamed;0
NZ_CP043355.1	MPF_T	IncR	97	0	0	GA	1	38;27876;28361;-;82.6		57;46451;46768;-;63.3	56;43851;46451;-;113.8	56;43851;46451;-;76.4	55;43120;43833;-;105.5	53;41829;42869;-;142.4		52;40912;41610;-;131.9	51;40017;40901;-;159.7	50;38857;40017;-;156.3	49;37820;38815;-;81.2			pfam	both	B	6/7	canonical	1	0	unscoreable	13	0	0														not_admitted	not_admitted	not_admitted	not_admitted	not_admitted	not_admitted	not_admitted
NZ_CP043358.1	MPF_F	IncFII(pHN7A8);IncR	191	0	0	GA	0															not_admitted	not_admitted	not_admitted	not_admitted	not_admitted	not_admitted	not_admitted	not_admitted	not_admitted	not_admitted	1	69;54989;55981;+;369.5	82;62814;64187;+;376.8	77;60505;61248;+;234.4	66;51353;53980;+;301.8	83;64184;67000;+;376.7	61;47871;49298;+;94.1	66;51353;53980;+;101.8	59;46590;47156;+;183.8	72;56927;57565;+;70.4	75;58378;60228;+;265.0	87;69301;71526;+;391.7	65;50322;50837;+;77.6	87;69301;71526;+;70.3	A	9/9	contiguous	22711	1	1	67033..67554+;173;unnamed;0
NZ_CP043359.1	MPF_F	IncFIB(K);IncFII(K);IncFII(pAR0022)	227	0	0	GA	0															not_admitted	not_admitted	not_admitted	not_admitted	not_admitted	not_admitted	not_admitted	not_admitted	not_admitted	not_admitted	1	138;137465;138454;-;366.6	128;130551;131918;-;384.1	132;133176;133928;-;233.7	142;139911;142550;-;258.5	127;127729;130551;-;346.4	152;146454;147878;-;89.5	142;139911;142550;-;88.7	154;148605;149171;-;167.0	137;136814;137452;-;66.9	136;134800;136755;-;259.4	123;122804;125113;-;393.1	150;145258;145842;-;53.8	123;122804;125113;-;66.6	A	9/9	contiguous	25801	1	1	127104..127706-;200;TraS;0
NZ_CP043363.1	MPF_F	IncFII(K);IncFII(pAR0022);IncR;repB(R1701)	142	0	0	GA	0															not_admitted	not_admitted	not_admitted	not_admitted	not_admitted	not_admitted	not_admitted	not_admitted	not_admitted	not_admitted	1	80;60465;61454;+;366.6	90;67001;68368;+;384.3	86;64991;65743;+;233.7	76;56369;59008;+;258.5	91;68368;71190;+;346.4	70;52119;53543;+;89.3	76;56369;59008;+;88.7	68;50826;51392;+;169.3	81;61467;62105;+;66.9	82;62164;64119;+;259.7	95;73806;76118;+;393.1	71;53615;54199;+;54.7	95;73806;76118;+;66.6	A	9/9	contiguous	22980	1	1	71213..71815+;200;TraS;0
NZ_CP043364.1	MPF_F	IncFIB(K);IncFII(K);IncQ1	155	0	0	GA	0															not_admitted	not_admitted	not_admitted	not_admitted	not_admitted	not_admitted	not_admitted	not_admitted	not_admitted	not_admitted	1	91;79412;80401;-;366.6	81;72498;73865;-;384.0	85;75123;75875;-;233.7	95;81844;84483;-;258.5	80;69649;72498;-;346.4	102;87676;89100;-;89.2	95;81844;84483;-;88.2	104;89827;90393;-;169.3	90;78761;79399;-;66.9	89;76747;78702;-;259.7	76;64875;67187;-;393.1	101;86978;87562;-;53.6	76;64875;67187;-;66.6	A	9/9	contiguous	24952	1	1	69113..69646-;177;unnamed;0
NZ_CP043380.1	MPF_F	IncFIB(K);IncFII(K)	181	0	0	GA	0															not_admitted	not_admitted	not_admitted	not_admitted	not_admitted	not_admitted	not_admitted	not_admitted	not_admitted	not_admitted	1	109;106764;107756;-;366.6	99;99880;101247;-;381.2	103;102504;103256;-;232.2	112;108782;111421;-;259.3	98;98687;99880;-;313.7	120;115008;116432;-;89.3	112;108782;111421;-;88.8	122;117159;117725;-;167.0	108;106113;106751;-;67.0	107;104099;106054;-;259.2	81;77202;79511;+;392.7	118;113820;114377;-;52.5	81;77202;79511;+;66.6	A	9/9	split_2	39957	0	1	
NZ_CP043383.1	-	IncFII(Yp);IncFII(pAR0022)	94	0	0	GA	0															not_admitted	not_admitted	not_admitted	not_admitted	not_admitted	not_admitted	not_admitted	not_admitted	not_admitted	not_admitted	1	76;64264;65259;+;369.5	83;69779;71146;+;352.7	79;67727;68533;+;204.7	71;59956;62571;+;236.0	84;71146;74034;+;317.3	67;57283;58641;+;94.4	71;59956;62571;+;120.2	65;55961;56530;+;107.8	77;65278;65904;+;65.3	78;65901;67730;+;244.0	87;75065;77254;+;366.9	70;59366;59953;+;52.5	87;75065;77254;+;62.7	A	9/9	contiguous	19104	1	1	74031..74642+;203;unnamed;0
NZ_CP043384.1	-	repA(pENTd4a)	85	0	0	GA	1	36;32865;33368;+;83.4		16;11914;12213;+;37.3	17;12210;14639;+;115.6	17;12210;14639;+;59.6	18;14636;15289;+;125.4	19;15320;16285;+;108.3		20;16384;17070;+;104.8	21;17067;17909;+;158.6	22;17899;19056;+;134.8	28;24562;26103;+;195.5	77;72235;73794;-;59.7		pfam	both	A	7/7	canonical	1	0	unscoreable	12	0	0														not_admitted	not_admitted	not_admitted	not_admitted	not_admitted	not_admitted	not_admitted
NZ_CP043407.1	MPF_F	IncFIA;IncFIB(AP001918);IncFII(pRSB107)	152	0	0	GA	0															not_admitted	not_admitted	not_admitted	not_admitted	not_admitted	not_admitted	not_admitted	not_admitted	not_admitted	not_admitted	1	88;73600;74592;-;369.5	75;64468;65841;-;386.6	83;69751;70494;-;231.4	91;75601;78228;-;303.9	74;61652;64471;-;386.3	97;80113;81564;-;94.1	91;75601;78228;-;96.5	99;82279;82845;-;184.3	86;72618;73256;-;68.7	85;70771;72621;-;266.7	70;57169;59394;-;391.7	94;78744;79259;-;75.2	70;57169;59394;-;70.3	A	9/9	contiguous	25110	1	1	61136..61627-;163;TraS;0
NZ_CP043408.1	MPF_F	IncFII	76	0	0	GA	0															not_admitted	not_admitted	not_admitted	not_admitted	not_admitted	not_admitted	not_admitted	not_admitted	not_admitted	not_admitted	1	52;41238;42230;+;369.5	62;48009;49382;+;381.7	57;45336;46079;+;234.4	49;37599;40229;+;304.1	63;49379;52201;+;374.0	42;33149;34600;+;94.2	49;37599;40229;+;97.1	40;31868;32434;+;174.3	54;42574;43212;+;68.6	55;43209;45059;+;266.7	67;54473;56698;+;391.7	45;35460;35975;+;78.4	67;54473;56698;+;70.3	A	9/9	contiguous	22605	1	1	52223..52702+;159;TraS;0
NZ_CP043415.1	MPF_F	IncFIB(AP001918);IncFII(pSE11)	141	0	0	GA	0															not_admitted	not_admitted	not_admitted	not_admitted	not_admitted	not_admitted	not_admitted	not_admitted	not_admitted	not_admitted	1	78;85205;86197;-;369.3	67;78147;79520;-;380.9	74;81733;82476;-;235.0	81;87206;89833;-;306.8	66;75334;78150;-;387.9	88;91992;93419;-;94.3	81;87206;89833;-;98.5	90;94134;94700;-;182.9	77;84558;85196;-;68.4	76;82753;84561;-;268.3	63;71573;73771;-;391.7	84;90349;90864;-;78.4	63;71573;73771;-;70.4	A	9/9	contiguous	22561	1	1	74780..75301-;173;unnamed;0
NZ_CP043423.1	-	-	80	0	0	GA	1	49;42820;43335;-;46.5	77;65719;66048;-;65.8	76;65394;65708;-;30.4	75;62939;65353;-;51.1	75;62939;65353;-;99.0	74;62184;62942;-;34.3	72;59922;61229;-;91.1		71;59218;59892;-;147.4	70;58337;59209;-;159.1	68;56666;57922;-;190.4	63;50906;52528;-;175.5			conjscan	conjscan_only	B	6/7	canonical	1	0	unscoreable	19	0	0														not_admitted	not_admitted	not_admitted	not_admitted	not_admitted	not_admitted	not_admitted
NZ_CP043439.1	MPF_F	-	430	0	0	GA	0															not_admitted	not_admitted	not_admitted	not_admitted	not_admitted	not_admitted	not_admitted	not_admitted	not_admitted	not_admitted	1	318;238385;239419;+;306.0	346;260438;261892;+;256.3	345;259473;260423;+;245.3	342;256209;258257;+;97.4	347;261902;265402;+;205.5	338;253424;254647;+;113.6	342;256209;258257;+;130.5	336;251846;252568;+;103.8	319;239370;240104;+;104.0	358;274046;275698;+;241.1	332;247896;249665;-;42.9	339;254668;255297;+;84.5	332;247896;249665;-;41.6	A	9/9	contiguous	35661	1	1	265499..265750+;83;unnamed;0
NZ_CP043477.1	MPF_T	-	50	0	0	GA	1	16;17947;18552;-;25.1	27;28386;28814;-;64.6	26;28072;28383;-;48.8	25;25538;28075;-;103.2	25;25538;28075;-;109.9	20;21185;21958;-;100.3	18;19179;20924;-;138.5		24;24765;25541;-;151.2	23;23847;24752;-;179.1	21;21977;23371;-;220.4	28;28826;29788;-;129.2	1;2232;4145;+;517.9		conjscan	both	A	7/7	canonical	1	0	unscoreable	4	0	0														not_admitted	not_admitted	not_admitted	not_admitted	not_admitted	not_admitted	not_admitted
NZ_CP043512.1	MPF_F	IncFII(pECLA);repE(pEh60-7)	186	0	0	GA	0															not_admitted	not_admitted	not_admitted	not_admitted	not_admitted	not_admitted	not_admitted	not_admitted	not_admitted	not_admitted	1	24;14554;15549;+;362.4	32;20389;21753;+;369.7	27;18036;18818;+;211.2	16;8547;11156;+;225.6	33;21753;25034;+;307.8	8;4535;5938;+;97.0	16;8547;11156;+;103.1	4;2453;2752;+;52.1	25;15560;16183;+;63.4	26;16180;18039;+;210.5	37;27370;29970;+;361.4	14;7742;8299;+;42.7	37;27370;29970;+;71.2	A	9/9	contiguous	24917	1	1	25043..25756+;237;unnamed;0
NZ_CP043513.1	MPF_T	IncX10	62	0	0	GA	1	55;37888;38532;+;45.7	56;38516;38806;+;73.1	57;38831;41401;+;47.2	57;38831;41401;+;146.7	57;38831;41401;+;66.0	59;42347;43117;+;62.0	61;43396;44451;+;131.2		0;137;367;+;37.9	1;373;1302;+;140.2	2;1299;2510;+;129.4	4;2706;3740;+;65.4	5;3743;5578;+;495.5		pfam	pfam_only	A	7/7	canonical	1	1	unscoreable	3	0	0														not_admitted	not_admitted	not_admitted	not_admitted	not_admitted	not_admitted	not_admitted
NZ_CP043515.1	MPF_F	IncFIB(K);IncFII(Yp);IncFII(pAR0022)	135	0	0	GA	0															not_admitted	not_admitted	not_admitted	not_admitted	not_admitted	not_admitted	not_admitted	not_admitted	not_admitted	not_admitted	1	7;5043;6029;+;368.1	15;10742;12112;+;377.1	11;8776;9525;+;218.2	4;1419;4049;+;285.5	16;12112;14934;+;336.5	134;123981;125375;+;90.9	4;1419;4049;+;98.6	132;122698;123264;+;169.9	8;6046;6675;+;66.8	9;6672;8525;+;257.4	19;16270;18471;+;384.8		19;16270;18471;+;63.9	B	8/9	split_2	122562	1	1	14956..15387+;143;TraS;0
NZ_CP043516.1	MPF_T	IncN3	74	0	0	GA	1	9;4415;5197;+;33.3	11;5444;5740;+;36.0	12;5780;6097;+;71.9	13;6098;8671;+;118.0	13;6098;8671;+;74.2	14;8687;9388;+;98.9	16;9657;10694;+;121.9	17;10771;10902;+;40.1	18;10913;11608;+;132.6	19;11619;12506;+;147.8	20;12506;13639;+;166.3	21;13690;14691;+;90.1	53;42113;43645;-;52.0		pfam	both	A	7/7	canonical	1	0	ga	2	0	0														not_admitted	not_admitted	not_admitted	not_admitted	not_admitted	not_admitted	not_admitted
NZ_CP043545.1	MPF_F	IncHI2;IncHI2A	298	0	0	GA	0															not_admitted	not_admitted	not_admitted	not_admitted	not_admitted	not_admitted	not_admitted	not_admitted	not_admitted	not_admitted	1	27;30710;31768;+;276.9	192;183652;185067;-;194.1	193;185057;186103;-;174.3	11;8955;11636;+;168.0	191;179690;183643;-;101.6	265;242069;243229;+;154.9	11;8955;11636;+;72.2	4;2758;3546;+;74.8	25;29057;30568;+;62.0	28;31787;34975;+;57.3	201;194211;196295;+;56.8	10;7996;8946;+;46.1	201;194211;196295;+;38.8	A	9/9	split_4	239311	1	1	178220..179509-;429;unnamed;0
NZ_CP043555.1	-	-	70	0	0	GA	0															not_admitted	not_admitted	not_admitted	not_admitted	not_admitted	not_admitted	not_admitted	not_admitted	not_admitted	not_admitted	1	62;38656;39678;+;345.6	66;43196;44638;+;282.4	65;42363;43199;+;189.1	58;34467;37124;+;259.1	67;44642;47461;+;316.8	56;32855;34105;+;105.9	58;34467;37124;+;112.5	54;31424;32089;+;133.9	63;39663;40400;+;74.9	64;40405;42363;+;229.0		57;34102;34485;+;34.6	47;25285;27696;-;25.7	A	9/9	contiguous	19357	1	1	47695..48183+;162;unnamed;0
NZ_CP043565.1	-	-	31	0	0	GA	1		16;8668;9111;+;60.2	17;9139;9429;+;41.3	18;9440;11944;+;94.7	18;9440;11944;+;105.6	19;11916;12677;+;66.3	21;12900;14648;+;74.8		23;15168;15842;+;129.0	24;15866;16792;+;162.9	26;17247;18581;+;208.8	15;7656;8663;+;145.4			conjscan	conjscan_only	B	6/7	canonical	1	0	unscoreable	4	0	0														not_admitted	not_admitted	not_admitted	not_admitted	not_admitted	not_admitted	not_admitted
NZ_CP043574.1	-	-	279	0	0	GA	0															not_admitted	not_admitted	not_admitted	not_admitted	not_admitted	not_admitted	not_admitted	not_admitted	not_admitted	not_admitted	1	217;182276;183292;-;324.3	190;155855;157252;+;311.8	189;154806;155846;+;197.6	222;185995;188445;-;289.4	191;157258;160701;+;305.2	226;190446;191795;-;132.0	222;185995;188445;-;121.1	228;192783;193472;-;86.0	219;183971;185203;-;63.5	216;179574;182267;-;141.2	232;195165;197033;-;38.3	225;189740;190396;-;88.5	232;195165;197033;-;49.5	A	9/9	split_2	40359	0	1	
NZ_CP043582.1	MPF_T	IncX3	67	0	0	GA	1	5;5901;6545;-;46.4	4;5627;5917;-;73.1	3;2849;5602;-;47.0	3;2849;5602;-;142.4	3;2849;5602;-;73.3	2;2069;2839;-;60.1	0;735;1790;-;133.2			66;52638;53567;-;138.8	65;51427;52641;-;128.3	63;50197;51231;-;65.7	62;48359;50194;-;495.9		pfam	pfam_only	B	6/7	canonical	1	1	unscoreable	2	0	0														not_admitted	not_admitted	not_admitted	not_admitted	not_admitted	not_admitted	not_admitted
NZ_CP043583.1	MPF_F	IncFII(K);repB(R1701)	132	0	0	GA	0															not_admitted	not_admitted	not_admitted	not_admitted	not_admitted	not_admitted	not_admitted	not_admitted	not_admitted	not_admitted	1	74;60737;61726;-;363.3	63;53551;54918;-;384.0	67;56176;56928;-;233.7	78;63183;65822;-;259.4	62;50702;53551;-;346.4	85;69015;70439;-;89.2	78;63183;65822;-;88.3	87;71166;71732;-;169.3	72;59814;60461;-;65.9	71;57800;59755;-;259.5	58;45928;48240;-;393.1	84;68317;68901;-;53.6	58;45928;48240;-;66.6	A	9/9	contiguous	25238	1	1	50166..50699-;177;unnamed;0
NZ_CP043586.1	MPF_T	IncX3	82	0	0	GA	1	67;57084;57728;-;46.4	66;56810;57100;-;73.1	65;54032;56785;-;47.0	65;54032;56785;-;142.4	65;54032;56785;-;73.3	64;53252;54022;-;60.1	62;51918;52973;-;133.2		61;50995;51723;-;119.4	60;50060;50989;-;138.8	59;48849;50063;-;128.3	57;47619;48653;-;65.7	56;45781;47616;-;495.9		pfam	pfam_only	A	7/7	canonical	1	1	unscoreable	2	0	0														not_admitted	not_admitted	not_admitted	not_admitted	not_admitted	not_admitted	not_admitted
NZ_CP043587.1	MPF_F	IncFIB(K);IncFII(pKP91)	145	0	0	GA	0															not_admitted	not_admitted	not_admitted	not_admitted	not_admitted	not_admitted	not_admitted	not_admitted	not_admitted	not_admitted	1	108;132253;133242;-;362.9	96;124573;125940;-;383.6	102;127964;128716;-;233.7	112;134699;137338;-;259.0	95;121724;124573;-;345.8	120;140766;142190;-;89.2	112;134699;137338;-;89.1	122;142917;143483;-;169.3	107;131602;132240;-;61.4	106;129588;131543;-;259.2	92;117597;119909;-;393.1	119;140067;140651;-;54.5	92;117597;119909;-;66.6	A	9/9	contiguous	25320	1	1	121191..121721-;176;unnamed;0
NZ_CP043589.1	MPF_F	IncFIB(pB171);IncFII(Yp);IncFII(pAR0022)	112	0	0	GA	0															not_admitted	not_admitted	not_admitted	not_admitted	not_admitted	not_admitted	not_admitted	not_admitted	not_admitted	not_admitted	1	69;56987;57979;+;369.4	77;62692;64062;+;376.7	73;60726;61475;+;218.2	66;53369;55999;+;285.5	78;64062;66884;+;336.5	60;49947;51341;+;89.4	66;53369;55999;+;98.6	58;48664;49230;+;169.9	70;57996;58625;+;66.9	71;58622;60475;+;260.5	81;68221;70476;+;384.7	61;51363;51902;+;67.5	81;68221;70476;+;63.8	A	9/9	contiguous	19557	1	1	66906..67337+;143;TraS;0
NZ_CP043591.1	MPF_T	IncX3	61	0	0	GA	1	43;30771;31415;+;46.4	44;31399;31689;+;73.1	45;31714;34467;+;47.0	45;31714;34467;+;144.4	45;31714;34467;+;73.3	46;34477;35247;+;60.1	48;35526;36581;+;133.2		49;36776;37504;+;119.4	50;37510;38439;+;138.8	51;38436;39650;+;128.3	53;39846;40880;+;65.7	54;40883;42718;+;495.9		pfam	pfam_only	A	7/7	canonical	1	1	unscoreable	2	0	0														not_admitted	not_admitted	not_admitted	not_admitted	not_admitted	not_admitted	not_admitted
NZ_CP043598.1	MPF_F	IncQ1;repFIB;repHI5B	426	0	0	GA	0															not_admitted	not_admitted	not_admitted	not_admitted	not_admitted	not_admitted	not_admitted	not_admitted	not_admitted	not_admitted	1	331;305405;306442;+;282.2	158;159594;161018;-;188.6	159;160987;162030;-;171.0	318;290120;292837;+;149.9	157;155666;159592;-;119.9	314;286640;288007;+;63.8	318;290120;292837;+;87.4	311;284147;285010;+;82.3	330;304047;305408;+;73.0	332;306457;309633;+;58.4	166;169297;171423;+;60.3	317;289337;290071;+;59.3	166;169297;171423;+;43.0	A	9/9	split_2	150791	0	1	
NZ_CP043619.1	-	-	168	0	0	GA	0															not_admitted	not_admitted	not_admitted	not_admitted	not_admitted	not_admitted	not_admitted	not_admitted	not_admitted	not_admitted	1	111;114024;115016;-;363.3	105;107916;109301;-;349.1	106;109318;110115;-;196.8	116;116922;119408;-;200.3	104;104764;107916;-;304.1	119;120018;121283;-;97.8	116;116922;119408;-;92.1	121;122000;122551;-;119.5	110;113296;114039;-;90.7	108;110542;111864;-;178.9	100;100401;102674;-;449.9	118;119620;120021;-;33.4	100;100401;102674;-;80.3	A	9/9	contiguous	21599	0	1	
NZ_CP043620.1	MPF_T	-	81	0	0	GA	1	46;49840;51006;-;77.5	50;53897;54211;-;77.1	49;53597;53875;-;79.8	48;51223;53607;-;89.9	48;51223;53607;-;38.1	45;49046;49843;-;61.5	39;43879;44892;-;125.2		44;48384;49049;-;144.9	43;47686;48387;-;167.3	42;46364;47689;-;173.0	41;45328;46362;-;104.4	34;38447;40402;+;279.5		pfam	both	A	7/7	canonical	1	0	unscoreable	6	0	0														not_admitted	not_admitted	not_admitted	not_admitted	not_admitted	not_admitted	not_admitted
NZ_CP043640.1	-	-	141	0	0	GA	1				15;14180;16126;-;142.1		14;13455;14165;-;99.1	13;12100;13104;-;95.9		11;10992;11684;-;175.3	10;10153;10995;-;188.1	9;8958;10151;-;176.0	8;7948;8961;-;105.1	7;6156;7976;-;324.3		pfam	pfam_only	A	7/7	canonical	1	0	unscoreable	1	0	0														not_admitted	not_admitted	not_admitted	not_admitted	not_admitted	not_admitted	not_admitted
NZ_CP043645.1	-	-	148	0	0	GA	1				113;149160;151808;+;27.9									123;159998;162331;-;63.5		none	none	D	2/7	uncallable	0	0	unscoreable	9	0	0														not_admitted	not_admitted	not_admitted	not_admitted	not_admitted	not_admitted	not_admitted
NZ_CP043764.1	MPF_T	-	47	0	0	GA	1		29;26067;26330;-;56.2	28;23286;26054;-;75.1	28;23286;26054;-;176.0	28;23286;26054;-;86.5	23;20424;21410;-;86.1	22;19428;20420;-;112.5		20;18625;19284;-;177.9	19;17738;18628;-;162.9	18;16550;17728;-;164.3	17;15562;16569;-;91.8	16;13750;15561;-;350.6		pfam	pfam_only	A	7/7	canonical	1	1	unscoreable	5	0	0														not_admitted	not_admitted	not_admitted	not_admitted	not_admitted	not_admitted	not_admitted
NZ_CP043813.1	MPF_T	-	46	0	0	GA	1		28;25212;25595;+;70.3	29;25600;25917;+;34.8	30;25914;28478;+;93.3	30;25914;28478;+;98.1	35;31927;32703;+;67.8	36;32938;34545;+;103.7		31;28478;29185;+;142.4	32;29198;30064;+;180.2	34;30475;31914;+;216.1	27;24112;25110;+;132.2	12;11475;13364;-;445.1		conjscan	conjscan_only	A	7/7	canonical	1	0	unscoreable	2	0	0														not_admitted	not_admitted	not_admitted	not_admitted	not_admitted	not_admitted	not_admitted
NZ_CP043817.1	MPF_T	-	46	0	0	GA	1		42;37320;37703;+;70.3		44;38022;40586;+;93.3	44;38022;40586;+;98.1	3;2679;3455;+;67.8	4;3669;5297;+;103.7		45;40586;41293;+;142.4	0;115;816;+;181.2	2;1227;2666;+;216.1	41;36208;37218;+;132.2	26;23584;25473;-;445.1		conjscan	conjscan_only	A	7/7	rearranged	1	0	unscoreable	3	0	0														not_admitted	not_admitted	not_admitted	not_admitted	not_admitted	not_admitted	not_admitted
NZ_CP043824.1	MPF_F	IncFII(29);IncX1	123	0	0	GA	0															not_admitted	not_admitted	not_admitted	not_admitted	not_admitted	not_admitted	not_admitted	not_admitted	not_admitted	not_admitted	1	11;8548;9540;-;368.8	0;1125;2498;-;381.0	5;4088;4831;-;233.3	14;10549;13176;-;302.3		18;15085;16512;-;94.3	14;10549;13176;-;99.2	20;17227;17793;-;183.8	8;6913;7551;-;68.6	7;5108;6916;-;268.0	119;108932;111130;-;391.7	15;13692;14207;-;78.4	119;108932;111130;-;70.3	B	8/9	split_2	107807	0	1	
NZ_CP043826.1	MPF_T	pEC4115	51	0	0	GA	1	18;14614;15225;-;40.5	17;14328;14642;-;30.8	16;13950;14270;-;39.0	15;11575;13947;-;81.6	15;11575;13947;-;33.5	19;15291;15932;-;33.9	21;16158;17135;-;132.9		13;10707;11444;-;158.9	12;9931;10710;-;167.2	11;8799;9941;-;143.5	10;7780;8799;-;91.9	9;5762;7729;-;290.0		pfam	pfam_only	A	7/7	rearranged	1	0	unscoreable	2	0	0														not_admitted	not_admitted	not_admitted	not_admitted	not_admitted	not_admitted	not_admitted
NZ_CP043827.1	MPF_F	IncFII(pSE11)	102	0	0	GA	0															not_admitted	not_admitted	not_admitted	not_admitted	not_admitted	not_admitted	not_admitted	not_admitted	not_admitted	not_admitted	1	13;17065;18051;-;355.4	7;11471;12832;-;343.5	9;13464;14243;-;193.8	17;20378;21733;-;218.4	6;8581;11469;-;289.2		16;19143;20396;-;91.1	23;24865;25428;-;137.4	11;16075;16689;-;75.8	10;14240;16078;-;260.1	2;4723;6972;-;372.4	18;21744;22343;-;54.2	2;4723;6972;-;62.8	A	9/9	contiguous	20142	1	1	7995..8573-;192;unnamed;0
NZ_CP043829.1	MPF_F	IncFIA;IncFIB(AP001918);IncFIC(FII)	153	0	0	GA	0															not_admitted	not_admitted	not_admitted	not_admitted	not_admitted	not_admitted	not_admitted	not_admitted	not_admitted	not_admitted	1	31;21494;22486;+;368.6	41;27893;29266;+;385.1	35;25215;25958;+;234.8	27;17859;20486;+;302.3	42;29263;32082;+;373.2	20;15196;15804;+;73.0	27;17859;20486;+;98.4	16;13098;13664;+;183.8	32;22495;23133;+;68.4	33;23130;24938;+;265.8	45;33625;35574;+;392.2	24;16828;17343;+;77.3	45;33625;35574;+;70.6	A	9/9	contiguous	20527	0	1	
NZ_CP043833.1	-	-	36	0	0	GA	1				29;25073;26899;+;27.5									30;26896;29106;+;314.7		none	none	D	2/7	uncallable	0	0	unscoreable	0	0	0														not_admitted	not_admitted	not_admitted	not_admitted	not_admitted	not_admitted	not_admitted
NZ_CP043854.1	MPF_F	IncFIB(pECLA)	180	0	0	GA	0															not_admitted	not_admitted	not_admitted	not_admitted	not_admitted	not_admitted	not_admitted	not_admitted	not_admitted	not_admitted	1	157;137856;138374;+;224.3	166;143623;144987;+;358.9	160;140840;141622;+;212.9	148;131364;133973;+;225.6	167;144987;148307;+;307.0	140;127398;128807;+;90.6	148;131364;133973;+;99.4	138;126068;126649;+;95.4	158;138385;139011;+;63.9	159;139008;140843;+;221.2	171;150450;153017;+;367.6	146;130562;131116;+;44.9	171;150450;153017;+;71.2	A	9/9	contiguous	24382	1	1	148320..148916+;198;unnamed;0
NZ_CP043855.1	MPF_F	IncHI2;IncHI2A	298	0	0	GA	0															not_admitted	not_admitted	not_admitted	not_admitted	not_admitted	not_admitted	not_admitted	not_admitted	not_admitted	not_admitted	1	172;157438;158496;+;276.9	296;267310;268725;-;194.1	297;268715;269761;-;173.7	153;134117;136798;+;168.0	295;263351;267301;-;101.6	149;130432;131787;+;80.7	153;134117;136798;+;70.5	146;127920;128708;+;74.8	169;155786;156871;+;56.9	173;158515;161703;+;58.3	5;6500;8584;+;56.7	152;133158;134108;+;46.4	5;6500;8584;+;38.8	A	9/9	split_4	262215	0	1	
NZ_CP043856.1	MPF_T	IncN3	70	0	0	GA	1	29;16596;17378;+;33.3	31;17625;17921;+;36.0	32;17961;18278;+;71.9	33;18279;20852;+;118.0	33;18279;20852;+;74.2	34;20868;21569;+;98.9	36;21838;22875;+;121.9	37;22952;23083;+;40.1	38;23094;23789;+;132.6	39;23800;24687;+;147.8	40;24687;25820;+;166.3	41;25871;26872;+;90.1	68;49267;50799;-;52.0		pfam	both	A	7/7	canonical	1	0	ga	2	0	0														not_admitted	not_admitted	not_admitted	not_admitted	not_admitted	not_admitted	not_admitted
NZ_CP043858.1	-	-	244	0	0	GA	0															not_admitted	not_admitted	not_admitted	not_admitted	not_admitted	not_admitted	not_admitted	not_admitted	not_admitted	not_admitted	1	156;153572;154594;-;241.5	176;169476;170921;-;188.8	177;170922;171767;-;79.4	197;188465;191011;+;191.7	154;148676;152809;-;219.2	169;164214;165353;-;108.1	197;188465;191011;+;87.4	172;166583;167131;-;102.8	155;152809;153582;-;56.1	164;160212;162398;-;84.8	162;158056;159498;-;42.6	167;163689;164048;-;47.0	162;158056;159498;-;49.6	A	9/9	contiguous	39789	1	1	147459..148592-;377;unnamed;0
NZ_CP043872.1	MPF_T	-	46	0	0	GA	1		7;7730;8113;-;70.3		5;4847;7411;-;93.3	5;4847;7411;-;98.1	0;622;1398;-;67.8	45;40136;41218;-;43.0		4;4140;4847;-;142.4	3;3261;4127;-;180.2	1;1411;2850;-;216.1	8;8215;9225;-;132.2	23;19960;21849;+;445.1		conjscan	conjscan_only	A	7/7	rearranged	1	0	unscoreable	2	0	0														not_admitted	not_admitted	not_admitted	not_admitted	not_admitted	not_admitted	not_admitted
NZ_CP043903.1	MPF_F	-	370	1	1	GA	1	103;105842;106372;-;26.6	246;245321;245668;+;72.7	247;245679;245972;+;30.2	248;245975;248410;+;75.1	248;245975;248410;+;95.4	249;248430;249188;+;49.0	250;249199;250851;+;87.6		251;250851;251570;+;107.9	252;251570;252451;+;155.5	254;252910;254214;+;217.6	260;258525;260147;+;161.7	272;267918;269804;+;437.8	72;79258;83553;+;85.1	conjscan	conjscan_only	A	7/7	canonical	1	0	unscoreable	18	0	1	71;78104;79255;+;232.9	357;340901;342295;-;138.0	358;342292;343287;-;167.6	58;61333;64017;+;122.9	356;334424;340897;-;111.7	254;252910;254214;+;217.6	58;61333;64017;+;45.2	368;352858;353514;+;64.3	70;76812;78107;+;60.5	72;79258;83553;+;85.1	272;267918;269804;+;72.5	57;60592;61320;+;32.0	272;267918;269804;+;81.7	A	9/9	split_3	292266	1	1	333422..334312-;296;unnamed;1
NZ_CP043904.1	MPF_F	IncA	154	0	0	GA	0															not_admitted	not_admitted	not_admitted	not_admitted	not_admitted	not_admitted	not_admitted	not_admitted	not_admitted	not_admitted	1	82;59421;60428;+;332.1	143;108011;109444;+;340.6	142;106981;108009;+;222.0	77;54225;56669;+;359.1	144;109457;113134;+;378.7	72;45406;46722;+;133.0	77;54225;56669;+;128.3	70;43882;44508;+;92.4	80;57491;58756;+;69.0	83;60544;63348;+;140.6	61;38208;40073;+;49.7	73;46719;47297;+;101.1	61;38208;40073;+;52.1	A	9/9	split_2	71249	0	1	
NZ_CP043905.1	MPF_F	IncFIB(S);IncFII(S);IncFII(pAR0022)	116	0	0	GA	0															not_admitted	not_admitted	not_admitted	not_admitted	not_admitted	not_admitted	not_admitted	not_admitted	not_admitted	not_admitted	1	62;53243;54235;-;366.7	53;46613;47995;-;392.4	56;49027;49776;-;231.0	65;55222;57870;-;314.1	52;43794;46616;-;394.4	73;60403;61824;-;91.5	65;55222;57870;-;97.8	75;62551;63117;-;188.1	60;52293;52931;-;70.6	58;50014;51840;-;271.0	49;40074;42140;-;374.3	70;59082;59597;-;96.7	49;40074;42140;-;72.2	A	9/9	contiguous	22477	1	1	43284..43772-;162;TraS;0
NZ_CP043927.1	MPF_F	IncHI2;IncHI2A	529	0	0	GA	0															not_admitted	not_admitted	not_admitted	not_admitted	not_admitted	not_admitted	not_admitted	not_admitted	not_admitted	not_admitted	1	29;32275;33333;+;276.9	276;255269;256684;+;194.1	275;254233;255279;+;173.7	11;8955;11636;+;168.0	277;256693;260643;+;101.6	7;5270;6625;+;80.7	11;8955;11636;+;72.2	4;2758;3546;+;74.8	27;30622;32133;+;62.7	30;33352;36540;+;58.3	269;245108;247192;-;56.7	10;7996;8946;+;46.4	269;245108;247192;-;38.8	A	9/9	split_3	253935	0	1	
NZ_CP043933.1	MPF_F	IncFIB(pNDM-Mar);IncHI1B(pNDM-MAR)	286	0	0	GA	0															not_admitted	not_admitted	not_admitted	not_admitted	not_admitted	not_admitted	not_admitted	not_admitted	not_admitted	not_admitted	1	254;210723;211760;-;282.3	118;89830;91239;+;190.4	117;88803;89840;+;175.6	266;222592;225309;-;149.6	119;91241;91771;+;51.2	270;227422;228792;-;65.6	266;222592;225309;-;85.2	273;230438;231298;-;79.0	255;211757;213118;-;69.9	253;207531;210713;-;60.1	112;80132;82258;-;57.7	267;225354;226091;-;56.9	112;80132;82258;-;41.0	A	9/9	split_2	150306	1	1	92292..95168+;958;unnamed;0
NZ_CP043935.1	MPF_F	IncFII(pHN7A8);IncX1	229	0	0	GA	0															not_admitted	not_admitted	not_admitted	not_admitted	not_admitted	not_admitted	not_admitted	not_admitted	not_admitted	not_admitted	1	98;79496;80488;-;369.5	85;71290;72663;-;376.8	90;74229;74972;-;234.4	101;81497;84124;-;301.8	84;68477;71293;-;376.7	106;86179;86880;-;76.8	101;81497;84124;-;101.8	111;89148;89714;-;183.8	95;77912;78550;-;70.4	92;75249;77099;-;265.0	80;63933;66176;-;391.7	102;84640;85155;-;78.0	80;63933;66176;-;70.3	A	9/9	contiguous	25215	1	1	67923..68444-;173;unnamed;0
NZ_CP043945.1	MPF_F	IncFII	78	0	0	GA	0															not_admitted	not_admitted	not_admitted	not_admitted	not_admitted	not_admitted	not_admitted	not_admitted	not_admitted	not_admitted	1	55;41362;42354;+;369.5	65;48133;49506;+;381.7	60;45460;46203;+;234.4	52;37723;40353;+;304.1	66;49503;52325;+;374.0	45;33273;34724;+;94.2	52;37723;40353;+;97.1	43;31992;32558;+;174.3	57;42698;43336;+;68.6	58;43333;45183;+;266.1	70;54597;56786;+;391.2	48;35584;36099;+;78.4	70;54597;56786;+;70.3	A	9/9	contiguous	22605	1	1	52347..52826+;159;TraS;0
NZ_CP043949.1	MPF_F	IncFII	79	0	0	GA	0															not_admitted	not_admitted	not_admitted	not_admitted	not_admitted	not_admitted	not_admitted	not_admitted	not_admitted	not_admitted	1	36;32998;33990;-;369.5	26;25846;27219;-;381.7	31;29149;29892;-;234.4	39;34999;37629;-;304.1	25;23027;25849;-;374.0	46;40628;42079;-;94.2	39;34999;37629;-;97.1	48;42794;43360;-;174.3	34;32016;32654;-;68.6	33;30169;32019;-;266.1	21;18566;20755;-;391.2	43;39253;39768;-;78.4	21;18566;20755;-;70.3	A	9/9	contiguous	24228	1	1	22526..23005-;159;TraS;0
NZ_CP043951.1	MPF_F	IncHI2;IncHI2A	250	0	0	GA	0															not_admitted	not_admitted	not_admitted	not_admitted	not_admitted	not_admitted	not_admitted	not_admitted	not_admitted	not_admitted	1	89;79142;80200;-;276.9	202;183989;185404;+;194.1	201;182953;183999;+;174.3	105;99772;102453;-;168.0	203;185413;189366;+;101.7	109;104783;106138;-;80.7	105;99772;102453;-;72.2	112;107862;108650;-;74.8	91;80342;81853;-;62.0	88;75935;79123;-;57.3	194;173827;175911;-;56.8	106;102462;103412;-;46.1	194;173827;175911;-;38.8	A	9/9	split_2	109478	1	1	189547..190836+;429;unnamed;0
NZ_CP043952.1	MPF_F	IncFIB(AP001918);IncFIC(FII)	198	0	0	GA	0															not_admitted	not_admitted	not_admitted	not_admitted	not_admitted	not_admitted	not_admitted	not_admitted	not_admitted	not_admitted	1	120;120478;121470;+;369.3	131;127116;128489;+;380.9	124;124199;124942;+;235.0	117;116842;119469;+;305.4	132;128486;131311;+;385.2	112;113360;114787;+;94.3	117;116842;119469;+;98.5	110;112079;112645;+;184.4	121;121479;122117;+;68.4	122;122114;123922;+;268.0	135;132815;134968;+;390.5	116;115811;116326;+;78.0	135;132815;134968;+;69.2	A	9/9	contiguous	20736	1	1	131308..131817+;169;unnamed;0
NZ_CP043964.1	MPF_T	-	384	0	0	GA	1		201;193855;194154;-;87.8	200;193511;193852;-;105.3	199;191137;193518;-;172.7	199;191137;193518;-;107.5	198;190439;191137;-;209.3	196;189269;190204;-;163.8		194;188292;188963;-;221.1	193;187441;188295;-;185.3	192;186254;187426;-;185.6	191;185235;186245;-;100.3	255;239883;241802;+;326.6		pfam	both	A	7/7	canonical	1	0	unscoreable	2	0	0														not_admitted	not_admitted	not_admitted	not_admitted	not_admitted	not_admitted	not_admitted
NZ_CP043965.1	MPF_T	-	216	0	0	GA	1	52;49259;49996;-;73.4	183;183582;183983;+;70.9	50;48568;48894;-;73.6	49;46199;48568;-;240.3	185;184286;184699;+;130.9	5;3337;4140;+;45.0	7;4349;5545;+;112.0		45;43629;44342;-;176.9	9;6228;7094;+;186.7	11;7583;8899;+;225.0	182;182621;183592;+;133.5	92;90637;92613;+;573.0		conjscan	conjscan_only	A	7/7	uncallable	0	0	unscoreable	14	0	0														not_admitted	not_admitted	not_admitted	not_admitted	not_admitted	not_admitted	not_admitted
NZ_CP044029.1	MPF_F	IncFIB(pB171);IncFII(Yp);IncFII(pAR0022)	182	0	0	GA	0															not_admitted	not_admitted	not_admitted	not_admitted	not_admitted	not_admitted	not_admitted	not_admitted	not_admitted	not_admitted	1	72;61251;62237;+;368.4	80;66950;68320;+;376.7	76;64984;65733;+;218.2	69;57627;60257;+;285.5	81;68320;71142;+;336.5	63;54205;55599;+;90.9	69;57627;60257;+;98.6	61;52922;53488;+;169.9	73;62254;62883;+;66.9	74;62880;64733;+;257.4	84;72478;74679;+;384.8	64;55621;56160;+;64.9	84;72478;74679;+;63.9	A	9/9	contiguous	19556	1	1	71164..71595+;143;TraS;0
NZ_CP044035.1	MPF_F	IncFIB(pB171);IncFII(Yp);IncFII(pAR0022)	128	0	0	GA	0															not_admitted	not_admitted	not_admitted	not_admitted	not_admitted	not_admitted	not_admitted	not_admitted	not_admitted	not_admitted	1	74;69421;70413;-;369.4	66;63338;64708;-;376.7	70;65925;66674;-;219.1	77;71401;74031;-;285.5	65;60516;63338;-;336.5	83;76059;77453;-;89.4	77;71401;74031;-;98.6	85;78170;78736;-;169.9	73;68775;69404;-;66.9	72;66925;68778;-;260.5	62;56933;59179;-;384.7	82;75498;76037;-;67.5	62;56933;59179;-;63.8	A	9/9	contiguous	21237	1	1	60063..60494-;143;TraS;0
NZ_CP044038.1	MPF_F	IncFII(K);IncFII(pAR0022);repB(R1701)	94	0	0	GA	0															not_admitted	not_admitted	not_admitted	not_admitted	not_admitted	not_admitted	not_admitted	not_admitted	not_admitted	not_admitted	1	35;26134;27126;+;366.0	45;32673;34040;+;384.6	41;30663;31415;+;233.7	32;22469;25108;+;258.5	46;34040;36883;+;347.0	25;17990;19414;+;89.3	32;22469;25108;+;88.7	23;16697;17263;+;167.8	36;27139;27777;+;67.0	37;27836;29791;+;259.7	50;39467;41779;+;393.2	26;19487;20071;+;54.9	50;39467;41779;+;65.8	A	9/9	contiguous	22770	1	1	36894..37418+;174;unnamed;0
NZ_CP044045.1	MPF_F	IncFIB(pQil);IncFII(K)	161	0	0	GA	0															not_admitted	not_admitted	not_admitted	not_admitted	not_admitted	not_admitted	not_admitted	not_admitted	not_admitted	not_admitted	1	37;38960;39949;-;366.6	9;12042;13409;-;382.2	13;14667;15419;-;236.4	41;41406;44045;-;258.5	8;9193;12042;-;341.9	48;46872;48296;-;89.3	41;41406;44045;-;88.7	50;49023;49589;-;169.3	36;38309;38947;-;66.9	35;36295;38250;-;259.7	1;1809;4121;-;392.7	47;46216;46800;-;54.7	1;1809;4121;-;66.5	A	9/9	split_2	47214	1	1	8632..9180-;182;unnamed;0
NZ_CP044049.1	MPF_F	IncFIB(K);IncFII(pKP91)	200	0	0	GA	0															not_admitted	not_admitted	not_admitted	not_admitted	not_admitted	not_admitted	not_admitted	not_admitted	not_admitted	not_admitted	1	65;77791;78783;-;362.9	51;68521;69888;-;382.8	55;71146;71898;-;225.2	68;79809;82448;-;259.1	50;65678;68521;-;340.4	78;86273;87697;-;89.3	68;79809;82448;-;83.9	80;88424;88990;-;168.4	61;75113;75760;-;64.9	59;72787;74736;-;257.4	46;60789;63089;-;392.7	76;85069;85641;-;53.5	46;60789;63089;-;66.6	A	9/9	contiguous	27635	1	1	65143..65667-;174;unnamed;0
NZ_CP044066.1	MPF_F	-	257	0	0	GA	1	236;226550;226969;-;79.0			245;234157;236613;+;62.0	245;234157;236613;+;85.1		247;237361;238443;+;60.1		241;231200;231907;-;95.1	240;230277;231200;-;166.1	239;229039;230277;-;182.0	230;219499;221304;-;137.2	249;239672;241528;+;52.4		none	none	A	7/7	canonical	0	0	unscoreable	11	0	0														not_admitted	not_admitted	not_admitted	not_admitted	not_admitted	not_admitted	not_admitted
NZ_CP044075.1	MPF_F	IncC	227	0	0	GA	0															not_admitted	not_admitted	not_admitted	not_admitted	not_admitted	not_admitted	not_admitted	not_admitted	not_admitted	not_admitted	1	69;60084;61091;+;332.9	149;130153;131586;+;339.2	148;129123;130151;+;221.7	64;54885;57332;+;354.2	150;131599;135213;+;375.3	206;167506;168666;+;156.3	64;54885;57332;+;128.6	54;43302;43928;+;92.1	67;58154;59419;+;67.6	70;61207;64002;+;145.3	45;37627;39492;+;47.4	57;46139;46717;+;100.2	45;37627;39492;+;52.0	A	9/9	split_3	129879	0	1	
NZ_CP044084.1	-	-	614	0	0	GA	0															not_admitted	not_admitted	not_admitted	not_admitted	not_admitted	not_admitted	not_admitted	not_admitted	not_admitted	not_admitted	1	144;164540;165625;-;316.6	353;351634;353070;-;265.0	48;71836;72837;-;222.3	149;168166;170820;-;254.5	46;66726;70403;-;284.2	158;177422;178672;-;121.5	477;467145;469805;-;142.2	160;179801;180433;-;90.9	473;464586;465944;-;63.4	143;161835;164525;-;129.2	164;182100;183929;-;38.6	157;176725;177324;-;70.5	164;182100;183929;-;52.2	A	9/9	split_4	400419	0	1	
NZ_CP044100.1	MPF_F	IncFII(S);IncFII(SARC14)	123	0	0	GA	0															not_admitted	not_admitted	not_admitted	not_admitted	not_admitted	not_admitted	not_admitted	not_admitted	not_admitted	not_admitted	1	115;106371;107366;+;357.6	121;111607;112968;+;336.5	119;110194;110970;+;194.9	112;102687;105278;+;221.4	122;112970;115867;+;292.8	109;100255;101616;+;81.6	112;102687;105278;+;87.8	107;98975;99538;+;137.0	117;107733;108347;+;79.9	118;108344;110197;+;259.9	1;1081;3384;+;376.2	111;102062;102676;+;47.5	1;1081;3384;+;67.0	A	9/9	split_2	111889	0	1	
NZ_CP044110.1	MPF_T	-	51	0	0	GA	1		48;41254;42297;-;87.4		45;38829;40373;-;39.3	46;40437;40976;-;128.6	43;37790;38533;-;226.2	40;36087;37277;-;162.8		39;35364;36068;-;235.7	38;34375;35367;-;223.1	37;33089;34372;-;206.6	48;41254;42297;-;113.7	50;43645;44061;-;80.1		conjscan	conjscan_only	A	7/7	canonical	1	0	unscoreable	6	0	0														not_admitted	not_admitted	not_admitted	not_admitted	not_admitted	not_admitted	not_admitted
NZ_CP044111.1	MPF_F	IncFII(Yp);IncFII(pAR0022);IncHI1A(NDM-CIT);IncHI1B(pNDM-CIT)	539	1	1	GA	1	256;239492;239974;+;76.7	24;18897;19283;-;89.6	23;18631;18900;-;32.5	402;382026;384476;+;42.3	402;382026;384476;+;138.4	21;15428;16171;-;226.2	405;385546;386910;+;179.3		17;13002;13706;-;235.7	407;387641;388633;+;224.4	15;10727;12010;-;206.6	25;19270;20349;-;118.3	397;377825;379840;+;346.4	235;223185;225065;-;252.0	conjscan	conjscan_only	A	7/7	canonical	1	0	unscoreable	41	0	1	237;225692;226684;-;366.4	228;219387;220757;-;376.5	231;221541;222293;-;228.0	240;227752;230391;-;257.0	225;215140;217803;-;288.4	15;10727;12010;-;206.6	240;227752;230391;-;83.7	251;236050;236616;-;165.2	236;225062;225679;-;68.5	235;223185;225065;-;252.0	223;212052;214352;-;388.3	246;232498;233079;-;52.6	538;489520;490740;-;99.9	A	9/9	split_3	478793	1	1	214596..215129-;177;unnamed;0
NZ_CP044124.1	MPF_T	-	226	0	0	GA	1	194;216165;216899;+;73.9	149;175173;175556;-;74.8	196;217264;217590;+;70.9	197;217590;219959;+;231.6	147;171640;174870;-;124.7	147;171640;174870;-;45.1	145;170278;171426;-;109.9		200;221756;222529;+;173.2	143;168765;169577;-;186.0	141;167011;168309;-;218.4	150;175546;176523;-;132.0	129;153563;155521;-;545.5		conjscan	conjscan_only	A	7/7	uncallable	0	0	unscoreable	9	0	0														not_admitted	not_admitted	not_admitted	not_admitted	not_admitted	not_admitted	not_admitted
NZ_CP044127.1	MPF_T	-	875	0	0	GA	1	39;36733;37905;+;72.9	36;33538;33909;+;50.9	37;33912;34232;+;47.5	38;34236;36755;+;140.1	38;34236;36755;+;94.0		42;38932;40005;+;83.5		43;40061;40795;+;107.0	44;40816;41625;+;184.9	46;42234;42971;+;195.1	47;42968;44017;+;129.9	48;43986;46784;+;228.4		none	none	A	7/7	canonical	0	0	unscoreable	3	0	0														not_admitted	not_admitted	not_admitted	not_admitted	not_admitted	not_admitted	not_admitted
NZ_CP044138.1	MPF_T	IncX4	49	0	0	GA	1	41;28007;28627;+;41.6	42;28641;28967;+;64.4	43;28986;30092;+;64.9	44;30089;31732;+;76.7	43;28986;30092;+;47.9	45;31744;32460;+;93.7	46;32472;32945;+;77.7			0;177;992;+;140.7	1;985;2103;+;163.9	2;2105;3133;+;85.0	3;3165;4982;+;316.5		pfam	pfam_only	B	6/7	canonical	1	0	unscoreable	0	0	0														not_admitted	not_admitted	not_admitted	not_admitted	not_admitted	not_admitted	not_admitted
NZ_CP044142.1	MPF_F	IncC	187	0	0	GA	0															not_admitted	not_admitted	not_admitted	not_admitted	not_admitted	not_admitted	not_admitted	not_admitted	not_admitted	not_admitted	1	7;11864;12871;+;332.9	87;79212;80645;+;339.2	86;78182;79210;+;221.7	2;6665;9112;+;354.2	88;80658;84272;+;375.3	180;145886;147202;+;135.0	2;6665;9112;+;128.6	178;144362;144988;+;92.1	5;9934;11199;+;67.6	8;12987;15782;+;145.3	169;138687;140552;+;47.4	181;147199;147777;+;100.2	169;138687;140552;+;52.0	A	9/9	split_3	140534	0	1	
NZ_CP044149.1	MPF_F	IncFII(pHN7A8)	89	0	0	GA	0															not_admitted	not_admitted	not_admitted	not_admitted	not_admitted	not_admitted	not_admitted	not_admitted	not_admitted	not_admitted	1	51;47040;48032;-;369.5	40;39892;41265;-;386.6	46;43191;43934;-;234.4	54;49041;51671;-;307.3	39;38624;39895;-;366.2	63;55318;55881;-;56.2	54;49041;51671;-;97.0	66;57483;58049;-;179.9	49;46058;46696;-;70.7	48;44211;46061;-;266.4	34;32696;34807;-;380.9	59;53699;54214;-;79.4	34;32696;34807;-;66.6	A	9/9	contiguous	24787	1	1	37077..38627-;516;unnamed;0
NZ_CP044153.1	MPF_T	IncX1	39	0	0	GA	1	11;5297;5944;+;45.2	12;5922;6218;+;77.5	13;6237;7178;+;48.4	33;21149;22414;-;83.5	13;6237;7178;+;79.0	31;19967;20716;-;67.5	29;18597;19658;-;135.0		28;17639;18352;-;120.0	27;16705;17634;-;133.8	26;15503;16708;-;132.5	25;14737;15501;-;58.3	23;12636;14468;-;477.8		pfam	pfam_only	A	7/7	canonical	1	0	unscoreable	12	0	0														not_admitted	not_admitted	not_admitted	not_admitted	not_admitted	not_admitted	not_admitted
NZ_CP044156.1	MPF_F	IncFII(pSE11)	102	0	0	GA	0															not_admitted	not_admitted	not_admitted	not_admitted	not_admitted	not_admitted	not_admitted	not_admitted	not_admitted	not_admitted	1	80;64114;65106;-;369.5	65;56522;57391;-;294.0	73;59595;60338;-;234.4	83;66115;68745;-;297.8	63;53197;56022;-;386.5	91;72190;73617;-;93.9	83;66115;68745;-;98.7	93;74332;74898;-;174.3	78;63132;63770;-;68.6	75;60615;62420;-;267.0	59;48676;50955;-;382.0	88;70791;71306;-;78.4	59;48676;50955;-;66.7	A	9/9	contiguous	25656	1	1	52691..53200-;169;unnamed;0
NZ_CP044159.1	MPF_T	ColRNAI;IncN	76	0	0	GA	1	28;22950;23684;+;32.5		31;24327;24644;+;63.3	32;24644;27244;+;113.8	32;24644;27244;+;76.4	33;27262;27975;+;105.5	35;28226;29266;+;142.4		36;29485;30183;+;131.9	37;30194;31078;+;159.7	38;31078;32238;+;156.3	39;32280;33275;+;81.2	55;45560;47089;-;38.5		pfam	both	A	7/7	canonical	1	0	unscoreable	3	0	0														not_admitted	not_admitted	not_admitted	not_admitted	not_admitted	not_admitted	not_admitted
NZ_CP044168.1	MPF_T	-	57	0	0	GA	1		7;6821;7084;-;59.3	6;4040;6808;-;73.3	6;4040;6808;-;174.2	6;4040;6808;-;86.0	1;1085;2056;-;81.8	0;90;1088;-;119.5		56;49183;49845;-;177.6	55;48299;49186;-;161.4	54;47097;48272;-;165.9	53;46124;47116;-;93.2	52;44312;46123;-;348.4		pfam	pfam_only	A	7/7	canonical	1	1	unscoreable	4	0	0														not_admitted	not_admitted	not_admitted	not_admitted	not_admitted	not_admitted	not_admitted
NZ_CP044170.1	MPF_T	-	83	0	0	GA	1		12;10077;10340;-;54.5	11;7290;10058;-;73.3	11;7290;10058;-;178.6	11;7290;10058;-;86.1	6;4434;5405;-;81.8	5;3439;4437;-;116.3		3;2630;3292;-;177.6	2;1746;2633;-;161.4	1;547;1719;-;166.0	82;72382;72753;-;47.5	81;70570;72381;-;348.4		pfam	pfam_only	A	7/7	canonical	1	1	unscoreable	5	0	0														not_admitted	not_admitted	not_admitted	not_admitted	not_admitted	not_admitted	not_admitted
NZ_CP044172.1	MPF_T	-	35	0	0	GA	1	20;13308;13853;-;58.1	33;23681;23977;-;65.7	32;23394;23681;-;50.4	31;20927;23392;-;91.0	31;20927;23392;-;88.1	29;19462;20292;-;51.4	27;17961;19187;-;51.7		25;16936;17631;-;123.2	24;15765;16925;-;163.7	22;14091;15320;-;209.5	34;23978;24916;-;132.6	15;8684;10507;-;322.9		conjscan	conjscan_only	A	7/7	canonical	1	0	unscoreable	10	0	0														not_admitted	not_admitted	not_admitted	not_admitted	not_admitted	not_admitted	not_admitted
NZ_CP044182.1	MPF_T	IncX1	44	0	0	GA	1	19;18272;18919;-;45.2	18;17998;18294;-;77.5	17;15226;17979;-;46.6	17;15226;17979;-;148.1	17;15226;17979;-;75.3	16;14466;15215;-;66.6	14;13094;14155;-;134.6		13;12136;12849;-;120.0	12;11202;12131;-;133.8	11;10000;11205;-;134.4	10;8967;9998;-;76.5	9;7129;8964;-;488.6		pfam	pfam_only	A	7/7	canonical	1	1	unscoreable	1	0	0														not_admitted	not_admitted	not_admitted	not_admitted	not_admitted	not_admitted	not_admitted
NZ_CP044187.1	MPF_T	IncN	72	0	0	GA	1	14;10231;10965;+;32.5		17;11608;11925;+;63.3	18;11925;14525;+;113.8	18;11925;14525;+;76.4	19;14543;15256;+;105.5	21;15507;16547;+;142.4		22;16766;17464;+;131.9	23;17475;18359;+;159.7	24;18359;19519;+;156.3	25;19561;20556;+;81.2	48;46434;47963;-;38.5		pfam	both	A	7/7	canonical	1	0	unscoreable	3	0	0														not_admitted	not_admitted	not_admitted	not_admitted	not_admitted	not_admitted	not_admitted
NZ_CP044189.1	MPF_F	IncC	123	0	0	GA	0															not_admitted	not_admitted	not_admitted	not_admitted	not_admitted	not_admitted	not_admitted	not_admitted	not_admitted	not_admitted	1				118;84250;84957;-;192.9		6;6020;7336;-;135.0		8;8234;8860;-;92.1			17;12670;14535;-;47.4	5;5445;6023;-;100.2	17;12670;14535;-;52.0	D	3/9	split_2	78805	0	0	
NZ_CP044190.1	MPF_F	IncFIA;IncFIB(AP001918);IncFII(pCoo)	140	0	0	GA	0															not_admitted	not_admitted	not_admitted	not_admitted	not_admitted	not_admitted	not_admitted	not_admitted	not_admitted	not_admitted	1	49;44726;45718;-;372.1	38;38399;39040;-;189.1	45;41254;41997;-;235.0	53;47674;49101;-;240.1	36;34849;37671;-;388.9	59;51481;52932;-;94.6	52;46727;47674;-;52.1	61;53647;54213;-;183.8	48;44079;44717;-;68.5	47;42274;44082;-;268.3	33;31167;33320;-;391.9	55;49868;50383;-;77.7	33;31167;33320;-;70.4	A	9/9	contiguous	22480	1	1	34336..34827-;163;TraS;0
NZ_CP044208.1	MPF_F	-	80	0	0	GA	0															not_admitted	not_admitted	not_admitted	not_admitted	not_admitted	not_admitted	not_admitted	not_admitted	not_admitted	not_admitted	1	10;9864;10874;-;381.8	4;4473;5879;-;300.7	6;6307;7086;-;174.6	12;11553;14102;-;201.0	3;1656;4469;-;305.0	14;14513;16045;-;88.3	12;11553;14102;-;99.9	16;16807;17382;-;133.8	8;8894;9607;-;90.4	7;7133;8857;-;229.4	75;61581;63680;-;396.2	13;14115;14507;-;34.3	75;61581;63680;-;74.1	A	9/9	split_2	59925	1	1	1037..1573-;178;unnamed;0
NZ_CP044215.1	MPF_F	IncHI2;IncHI2A	366	0	0	GA	0															not_admitted	not_admitted	not_admitted	not_admitted	not_admitted	not_admitted	not_admitted	not_admitted	not_admitted	not_admitted	1	61;63799;64857;+;276.9	210;201065;202480;-;194.1	211;202470;203516;-;173.7	42;40481;43162;+;169.3	209;197107;200835;-;80.1	38;36796;38151;+;80.7	42;40481;43162;+;72.2	35;34284;35072;+;74.8	59;62146;63657;+;62.7	62;64876;68064;+;58.3	217;210557;212641;+;56.7	41;39522;40472;+;45.9	217;210557;212641;+;38.8	A	9/9	split_3	176273	0	1	
NZ_CP044217.1	-	-	299	0	0	GA	1	215;205634;206803;+;78.3	212;202446;202817;+;54.4	213;202832;203143;+;45.5	214;203140;205629;+;131.0	214;203140;205629;+;90.4		217;207855;208916;+;88.7		218;208972;209706;+;120.3	219;209703;210545;+;192.4	220;210550;211917;+;190.9	221;211920;213041;+;119.7	222;213010;216075;+;218.8		none	none	A	7/7	canonical	0	0	unscoreable	1	0	0														not_admitted	not_admitted	not_admitted	not_admitted	not_admitted	not_admitted	not_admitted
NZ_CP044223.1	MPF_T	-	57	0	0	GA	1		30;22081;22506;+;64.8	31;22509;22820;+;51.1	32;22817;25357;+;106.1	32;22817;25357;+;119.0	37;29030;29791;+;125.7	39;30040;31905;+;148.4		33;25357;26139;+;148.7	34;26157;27062;+;179.7	36;27584;29011;+;227.8	29;21096;22055;+;126.3	2;1026;2489;-;371.1		conjscan	conjscan_only	A	7/7	canonical	1	0	unscoreable	3	0	0														not_admitted	not_admitted	not_admitted	not_admitted	not_admitted	not_admitted	not_admitted
NZ_CP044234.1	MPF_T	-	82	0	0	GA	1				11;7978;9996;+;25.2									17;14022;15533;+;463.9		none	none	D	2/7	uncallable	0	0	unscoreable	5	0	0														not_admitted	not_admitted	not_admitted	not_admitted	not_admitted	not_admitted	not_admitted
NZ_CP044235.1	MPF_T	-	49	0	0	GA	1				16;13785;15779;-;21.6									10;7797;9308;-;464.5		none	none	D	2/7	uncallable	0	0	unscoreable	5	0	0														not_admitted	not_admitted	not_admitted	not_admitted	not_admitted	not_admitted	not_admitted
NZ_CP044256.1	MPF_F	IncHI2;IncHI2A	321	0	0	GA	0															not_admitted	not_admitted	not_admitted	not_admitted	not_admitted	not_admitted	not_admitted	not_admitted	not_admitted	not_admitted	1	46;51962;53020;+;276.9	229;217184;218599;-;194.1	230;218589;219635;-;173.7	29;29708;32389;+;168.0	228;213225;217175;-;101.6	25;26023;27378;+;80.7	29;29708;32389;+;72.2	22;23511;24299;+;74.8	44;50309;51820;+;62.7	47;53039;56227;+;58.3	236;226676;228760;+;56.7	28;28749;29699;+;46.4	236;226676;228760;+;38.8	A	9/9	split_3	203165	0	1	
NZ_CP044261.1	MPF_T	-	59	0	0	GA	1		48;44481;44741;-;52.7	47;41700;44474;-;78.4	47;41700;44474;-;159.0	47;41700;44474;-;80.0	45;40581;41585;-;73.3	41;37451;38461;-;99.9		37;34752;35420;-;175.6	36;33820;34755;-;153.7	35;32648;33823;-;159.1	34;31647;32648;-;101.6	32;29290;31086;-;341.5		pfam	pfam_only	A	7/7	canonical	1	1	unscoreable	8	0	0														not_admitted	not_admitted	not_admitted	not_admitted	not_admitted	not_admitted	not_admitted
NZ_CP044263.1	MPF_T	-	35	0	0	GA	1	32;26415;26969;-;51.9	9;8538;8834;-;64.1	8;8251;8538;-;47.7	7;5799;8249;-;82.8	7;5799;8249;-;90.5	5;4104;4907;-;49.2	3;2615;3835;-;53.7		2;1900;2595;-;120.6	1;736;1887;-;167.5	34;27195;28118;-;213.3	10;8844;9782;-;132.5	28;21901;23724;-;326.0		conjscan	both	A	7/7	canonical	1	0	unscoreable	7	0	0														not_admitted	not_admitted	not_admitted	not_admitted	not_admitted	not_admitted	not_admitted
NZ_CP044329.1	-	-	192	0	0	GA	1		92;94811;95107;+;99.7	93;95156;95491;+;101.1	94;95484;97856;+;174.5	94;95484;97856;+;112.0	95;97853;98563;+;154.7	97;98844;99827;+;148.6		99;100154;100828;+;182.3	100;100825;101688;+;188.7	101;101719;102876;+;175.5	102;102873;103946;+;103.8	103;103936;106011;+;356.1		pfam	both	A	7/7	canonical	1	0	unscoreable	2	0	0														not_admitted	not_admitted	not_admitted	not_admitted	not_admitted	not_admitted	not_admitted
NZ_CP044330.1	-	-	225	0	0	GA	1	144;137409;138254;-;61.1	143;137095;137412;-;69.6	142;136805;137095;-;79.4	141;134360;136795;-;128.6	141;134360;136795;-;99.6		138;131678;132772;-;115.5		137;130881;131672;-;178.2	136;130036;130884;-;191.1	135;128676;130019;-;200.3	134;127727;128635;-;118.0	133;125297;127711;-;255.4		none	none	A	7/7	canonical	0	0	unscoreable	2	0	0														not_admitted	not_admitted	not_admitted	not_admitted	not_admitted	not_admitted	not_admitted
NZ_CP044332.1	-	-	233	0	0	GA	1	95;110672;111517;-;85.7	82;91562;91897;-;88.8	25;31641;31937;-;71.7	24;29219;31630;-;130.5	80;88831;91266;-;139.9	79;88097;88834;-;219.6	77;86425;87696;-;193.8		76;85742;86425;-;219.6	75;84744;85745;-;237.1	74;83533;84747;-;223.3	17;22556;23560;-;129.7	93;106577;108574;-;352.2		conjscan	both	A	7/7	rearranged	1	0	unscoreable	4	0	0														not_admitted	not_admitted	not_admitted	not_admitted	not_admitted	not_admitted	not_admitted
NZ_CP044333.1	-	-	237	0	0	GA	1		45;39738;40031;+;96.7	46;40080;40415;+;101.1	47;40408;42780;+;169.6	47;40408;42780;+;103.6	48;42777;43487;+;149.9	50;43768;44751;+;147.3		52;45113;45787;+;182.2	53;45784;46644;+;188.3	54;46675;47832;+;175.4	55;47829;48902;+;98.6	56;48892;50952;+;371.8		pfam	both	A	7/7	canonical	1	0	unscoreable	2	0	0														not_admitted	not_admitted	not_admitted	not_admitted	not_admitted	not_admitted	not_admitted
NZ_CP044353.1	MPF_T	-	48	0	0	GA	1		10;9311;9703;-;56.6	9;8988;9308;-;51.4	8;6436;9000;-;103.5	8;6436;9000;-;110.4	3;2127;2912;-;100.0	1;700;1794;-;111.9		7;5723;6439;-;93.1	6;4816;5706;-;169.6	4;2931;4331;-;206.7	11;9716;10678;-;139.0	28;23939;25873;+;467.8		conjscan	conjscan_only	A	7/7	canonical	1	0	unscoreable	3	0	0														not_admitted	not_admitted	not_admitted	not_admitted	not_admitted	not_admitted	not_admitted
NZ_CP044404.1	MPF_F	IncFIA;IncFIB(AP001918);IncFII	122	0	0	GA	0															not_admitted	not_admitted	not_admitted	not_admitted	not_admitted	not_admitted	not_admitted	not_admitted	not_admitted	not_admitted	1	64;63315;64307;-;369.5	51;55537;56910;-;382.9	57;58838;59581;-;234.1	67;65316;67946;-;300.9	50;52715;55540;-;384.7	77;72006;73433;-;91.9	67;65316;67946;-;100.9	79;74148;74714;-;182.2	62;62333;62971;-;68.6	59;59858;61621;-;267.3	46;48257;50473;-;380.8	72;70363;70878;-;77.9	46;48257;50473;-;66.5	A	9/9	contiguous	25891	1	1	52209..52718-;169;unnamed;0
NZ_CP044405.1	-	-	49	0	0	GA	1	27;19909;20511;+;50.7	28;20508;20795;+;48.4	29;20811;23546;+;58.9	29;20811;23546;+;140.0	29;20811;23546;+;57.3	30;23556;24263;+;113.5	32;24510;25568;+;127.8		34;25931;26620;+;138.7	35;26617;27525;+;132.8	36;27515;28798;+;126.2	37;28798;29832;+;85.6	38;29819;31651;+;410.0		pfam	pfam_only	A	7/7	canonical	1	1	unscoreable	2	0	0														not_admitted	not_admitted	not_admitted	not_admitted	not_admitted	not_admitted	not_admitted
NZ_CP044406.1	MPF_T	IncX4	45	0	0	GA	1	13;12241;12861;-;46.9	12;11901;12227;-;64.4	11;9135;11882;-;62.7	11;9135;11882;-;150.8	11;9135;11882;-;45.4	10;8407;9123;-;96.1	9;7317;8396;-;157.5		7;6116;6802;-;169.0	6;5211;6119;-;142.4	5;4100;5218;-;164.1	4;3070;4098;-;85.0	3;1221;3038;-;317.3		pfam	pfam_only	A	7/7	canonical	1	1	unscoreable	1	0	0														not_admitted	not_admitted	not_admitted	not_admitted	not_admitted	not_admitted	not_admitted
NZ_CP044413.1	MPF_T	rep38	56	0	0	GA	1				34;24408;26438;+;23.7									40;30692;32242;+;462.3		none	none	D	2/7	uncallable	0	0	unscoreable	5	0	0														not_admitted	not_admitted	not_admitted	not_admitted	not_admitted	not_admitted	not_admitted
NZ_CP044440.1	MPF_F	IncFII(pHN7A8)	98	0	0	GA	0															not_admitted	not_admitted	not_admitted	not_admitted	not_admitted	not_admitted	not_admitted	not_admitted	not_admitted	not_admitted	1	71;57762;58754;+;369.5	84;65587;66960;+;376.8	79;63278;64021;+;234.4	68;54126;56753;+;301.8	85;66957;69773;+;376.7	63;50644;52071;+;94.1	68;54126;56753;+;101.8	61;49363;49929;+;183.8	74;59700;60338;+;70.4	77;61151;63001;+;265.0	89;72074;74299;+;391.7	67;53095;53610;+;78.0	89;72074;74299;+;70.3	A	9/9	contiguous	22711	1	1	69806..70327+;173;unnamed;0
NZ_CP044465.1	MPF_T	-	36	0	0	GA	1	18;18283;18960;-;53.5	17;17843;18148;-;63.3	16;17517;17843;-;70.4	15;15047;17509;-;123.6	15;15047;17509;-;81.0	12;12932;13630;-;173.7	13;13642;14667;-;141.4		11;11954;12901;-;148.8	10;11046;11942;-;158.0	9;9625;11046;-;168.8	8;8532;9605;-;101.9	7;6106;8535;-;334.5		pfam	both	A	7/7	canonical	1	0	unscoreable	1	0	0														not_admitted	not_admitted	not_admitted	not_admitted	not_admitted	not_admitted	not_admitted
NZ_CP044485.1	MPF_T	-	73	0	0	GA	1	1;1970;2647;+;53.0	2;2761;3087;+;62.9	3;3087;3413;+;70.5	5;5789;8227;+;127.1	5;5789;8227;+;81.0	8;9590;10291;+;173.8	7;8553;9578;+;143.3		9;10453;11301;+;144.5	10;11313;12206;+;160.3	11;12206;13630;+;168.2	12;13650;14723;+;100.2	13;14720;17590;+;333.3		pfam	both	A	7/7	canonical	1	0	unscoreable	2	0	0														not_admitted	not_admitted	not_admitted	not_admitted	not_admitted	not_admitted	not_admitted
NZ_CP044502.1	MPF_T	-	46	0	0	GA	1				20;18000;20015;-;23.6									14;12424;13974;-;463.2		none	none	D	2/7	uncallable	0	0	unscoreable	5	0	0														not_admitted	not_admitted	not_admitted	not_admitted	not_admitted	not_admitted	not_admitted
NZ_CP044529.1	MPF_F	IncFII(K);IncFII(pAR0022);repB(R1701)	120	0	0	GA	0															not_admitted	not_admitted	not_admitted	not_admitted	not_admitted	not_admitted	not_admitted	not_admitted	not_admitted	not_admitted	1	62;61220;62212;-;366.6	52;54336;55703;-;381.2	56;56960;57712;-;232.2	65;63238;65877;-;259.3	51;51514;54336;-;346.6	75;69691;71115;-;89.2	65;63238;65877;-;88.8	77;71842;72408;-;167.0	61;60569;61207;-;67.0	60;58555;60510;-;258.5	47;47233;49545;-;393.1	73;68510;69079;-;50.3	47;47233;49545;-;66.6	A	9/9	contiguous	24609	1	1	50888..51490-;200;TraS;0
NZ_CP044544.1	MPF_T	-	313	0	0	GA	1	70;61594;62328;-;75.8	69;61275;61580;-;74.1	68;60982;61278;-;86.8	67;58561;60972;-;120.6	67;58561;60972;-;103.1	65;56941;57657;-;32.4	62;55405;56535;-;143.3		61;54692;55408;-;210.4	60;53892;54695;-;200.0	59;52539;53885;-;207.5	58;51518;52576;-;122.7	57;49381;51540;-;258.5		pfam	pfam_only	A	7/7	canonical	1	0	unscoreable	3	0	0														not_admitted	not_admitted	not_admitted	not_admitted	not_admitted	not_admitted	not_admitted
NZ_CP044550.1	-	-	334	0	0	GA	1	288;291500;292114;-;73.7	294;299231;299623;-;37.2	293;298922;299173;-;25.1	292;296324;298897;-;45.5	292;296324;298897;-;64.9		290;294185;295546;-;52.6		286;290060;290839;-;128.1	285;289149;290063;-;202.4	284;287873;289147;-;166.5	278;280669;282165;-;260.9	298;302027;303982;-;33.7		none	none	A	7/7	canonical	0	0	unscoreable	12	0	0														not_admitted	not_admitted	not_admitted	not_admitted	not_admitted	not_admitted	not_admitted
NZ_CP044551.1	MPF_T	-	113	0	0	GA	1	68;67317;67943;-;60.5	97;97840;98145;-;77.7	96;97501;97824;-;84.6	95;94957;97491;-;207.9	95;94957;97491;-;102.7	94;94233;94952;-;231.6	92;92714;93799;-;165.9		91;91670;92401;-;200.3	90;90795;91673;-;202.0	89;89662;90798;-;198.2	88;88614;89684;-;101.2	87;85798;88392;-;330.4		pfam	both	A	7/7	canonical	1	0	unscoreable	2	0	0														not_admitted	not_admitted	not_admitted	not_admitted	not_admitted	not_admitted	not_admitted
NZ_CP044958.1	MPF_F	IncFIA(HI1);IncHI1A;IncHI1B(R27)	265	0	0	GA	0															not_admitted	not_admitted	not_admitted	not_admitted	not_admitted	not_admitted	not_admitted	not_admitted	not_admitted	not_admitted	1	155;138756;139808;+;277.6	51;44936;46351;-;201.7	52;46341;47387;-;171.3	138;117052;119733;+;160.9	50;40938;44927;-;103.1	134;113346;114704;+;84.0	138;117052;119733;+;76.5	131;110894;111679;+;68.7	153;137103;138611;+;65.6	156;139831;143007;+;58.9	58;54322;56406;+;50.2	137;116093;117043;+;45.2	58;54322;56406;+;36.5	A	9/9	split_3	98893	1	1	39620..40267-;215;unnamed;0
NZ_CP044959.1	MPF_F	IncFIB(S);IncFII(S);IncFII(pAR0022)	116	0	0	GA	0															not_admitted	not_admitted	not_admitted	not_admitted	not_admitted	not_admitted	not_admitted	not_admitted	not_admitted	not_admitted	1	41;38251;39243;-;366.7	32;31621;33003;-;392.4	35;34035;34784;-;231.0	44;40230;42878;-;314.1	31;28802;31624;-;394.4	52;45411;46832;-;91.5	44;40230;42878;-;97.8	54;47559;48125;-;188.1	39;37301;37939;-;70.6	37;35022;36848;-;271.0	28;24986;27148;-;374.1	49;44090;44605;-;96.7	28;24986;27148;-;72.1	A	9/9	contiguous	22573	1	1	28292..28780-;162;TraS;0
NZ_CP044962.1	MPF_F	IncC	149	0	0	GA	0															not_admitted	not_admitted	not_admitted	not_admitted	not_admitted	not_admitted	not_admitted	not_admitted	not_admitted	not_admitted	1	69;52436;53443;-;332.9	139;116330;117763;+;339.2	138;115300;116328;+;221.7	74;56195;58642;-;354.2	140;117776;121390;+;375.3	83;70637;71953;-;135.0	74;56195;58642;-;128.6	85;72851;73477;-;92.1	71;54108;55373;-;67.6	68;49525;52320;-;145.3	94;77287;79152;-;47.4	82;70062;70640;-;100.2	94;77287;79152;-;52.0	A	9/9	split_2	68251	0	1	
NZ_CP044968.1	MPF_F	IncHI1A;IncHI1B(R27)	263	0	0	GA	0															not_admitted	not_admitted	not_admitted	not_admitted	not_admitted	not_admitted	not_admitted	not_admitted	not_admitted	not_admitted	1	221;206518;207570;+;277.6	117;112708;114123;-;201.7	118;114113;115159;-;171.3	204;184814;187495;+;160.9	116;108710;112699;-;103.1	200;181108;182466;+;84.0	204;184814;187495;+;76.5	197;178656;179441;+;68.7	219;204865;206373;+;65.6	222;207593;210769;+;58.9	124;122094;124178;+;50.2	203;183855;184805;+;45.2	124;122094;124178;+;36.5	A	9/9	split_3	98883	1	1	107392..108039-;215;unnamed;0
NZ_CP044969.1	MPF_F	IncFIB(S);IncFII(S);IncFII(pAR0022)	117	0	0	GA	0															not_admitted	not_admitted	not_admitted	not_admitted	not_admitted	not_admitted	not_admitted	not_admitted	not_admitted	not_admitted	1	11;6716;7708;+;366.7	20;12956;14338;+;392.4	17;11175;11924;+;231.0	8;3081;5729;+;314.1	21;14335;17157;+;394.4	0;8;547;+;55.4	8;3081;5729;+;97.8	114;91672;92238;+;188.1	13;8020;8658;+;70.6	15;9111;10937;+;271.0	24;18811;20973;+;374.1	3;1354;1869;+;96.7	24;18811;20973;+;72.1	A	9/9	split_2	91664	1	1	17179..17667+;162;TraS;0
NZ_CP044973.1	MPF_T	-	336	0	0	GA	1	51;57888;58319;+;63.2	245;232190;232582;+;87.1	49;54770;55075;+;43.6	50;55115;57694;+;50.6	247;232867;235320;+;135.8	248;235317;236042;+;231.4	250;236372;237757;+;174.3		251;237770;238474;+;233.6	252;238471;239463;+;223.6	253;239466;240740;+;204.4	61;67592;69091;+;252.9	242;228695;230698;+;344.3		conjscan	conjscan_only	A	7/7	canonical	1	0	unscoreable	13	0	0														not_admitted	not_admitted	not_admitted	not_admitted	not_admitted	not_admitted	not_admitted
NZ_CP044974.1	MPF_T	-	117	0	0	GA	1	103;98609;99373;-;44.5	101;95769;96074;-;77.7	100;95430;95753;-;84.6	99;92886;95420;-;207.9	99;92886;95420;-;102.7	98;92162;92881;-;231.6	96;90643;91728;-;165.9		95;89599;90330;-;200.3	94;88724;89602;-;202.0	93;87591;88727;-;198.2	92;86543;87613;-;101.2	91;83727;86321;-;330.4		pfam	both	A	7/7	canonical	1	0	unscoreable	2	0	0														not_admitted	not_admitted	not_admitted	not_admitted	not_admitted	not_admitted	not_admitted
NZ_CP044976.1	MPF_T	-	336	0	0	GA	1	51;57888;58319;+;63.2	245;232190;232582;+;87.1	49;54770;55075;+;43.6	50;55115;57694;+;50.6	247;232867;235320;+;135.8	248;235317;236042;+;231.4	250;236372;237757;+;174.3		251;237770;238474;+;233.6	252;238471;239463;+;223.6	253;239466;240740;+;204.4	61;67592;69091;+;252.9	242;228695;230698;+;344.3		conjscan	conjscan_only	A	7/7	canonical	1	0	unscoreable	13	0	0														not_admitted	not_admitted	not_admitted	not_admitted	not_admitted	not_admitted	not_admitted
NZ_CP044977.1	MPF_T	-	121	0	0	GA	1	33;29634;30260;-;60.5	105;98320;98625;-;77.7	104;97981;98304;-;84.6	103;95437;97971;-;207.9	103;95437;97971;-;102.7	102;94713;95432;-;231.6	100;93194;94279;-;165.9		99;92150;92881;-;200.3	98;91275;92153;-;202.0	97;90142;91278;-;198.2	96;89094;90164;-;101.2	95;86278;88872;-;330.4		pfam	both	A	7/7	canonical	1	0	unscoreable	2	0	0														not_admitted	not_admitted	not_admitted	not_admitted	not_admitted	not_admitted	not_admitted
NZ_CP045009.1	-	-	67	0	0	GA	1	42;36278;36898;+;37.3	43;36900;37238;+;33.8	44;37287;37601;+;31.9	45;37605;40043;+;58.7	45;37605;40043;+;38.6	46;40040;40729;+;49.5	47;40779;41783;+;104.3		49;41945;42703;+;156.3	50;42703;43497;+;177.5	51;43497;44708;+;137.0	52;44757;45788;+;95.9	53;45834;47846;+;294.0		pfam	pfam_only	A	7/7	canonical	1	0	unscoreable	1	0	0														not_admitted	not_admitted	not_admitted	not_admitted	not_admitted	not_admitted	not_admitted
NZ_CP045022.1	MPF_T	IncN	61	0	0	GA	1	15;10781;11515;+;32.5		18;12158;12475;+;63.3	19;12475;15075;+;113.8	19;12475;15075;+;76.4	20;15093;15806;+;105.5	22;16057;17097;+;142.4		23;17316;18014;+;131.9	24;18025;18909;+;159.7	25;18909;20069;+;156.3	26;20111;21106;+;81.2	39;36703;38136;-;37.4		pfam	both	A	7/7	canonical	1	0	unscoreable	3	0	0														not_admitted	not_admitted	not_admitted	not_admitted	not_admitted	not_admitted	not_admitted
NZ_CP045046.1	MPF_T	-	53	0	0	GA	1		28;23435;23698;+;54.5	29;23717;26485;+;73.3	29;23717;26485;+;173.0	29;23717;26485;+;86.1	34;28478;29449;+;83.3	35;29446;30444;+;119.5		37;30591;31253;+;177.6	38;31250;32137;+;161.4	39;32164;33339;+;165.9	40;33320;34312;+;93.2	41;34313;36124;+;348.4		pfam	pfam_only	A	7/7	canonical	1	1	unscoreable	5	0	0														not_admitted	not_admitted	not_admitted	not_admitted	not_admitted	not_admitted	not_admitted
NZ_CP045053.1	MPF_T	IncFII(pCRY)	37	0	0	GA	1	5;3457;4161;+;48.3	6;4163;4471;+;75.2	7;4484;7228;+;51.6	7;4484;7228;+;148.3	7;4484;7228;+;40.9	8;7244;7954;+;146.5	10;8206;9351;+;162.3		12;9544;10227;+;193.7	13;10227;11132;+;157.9	14;11178;12431;+;147.7	16;12758;13783;+;68.5	20;15526;17343;+;42.7		pfam	pfam_only	A	7/7	canonical	1	1	unscoreable	6	0	0														not_admitted	not_admitted	not_admitted	not_admitted	not_admitted	not_admitted	not_admitted
NZ_CP045054.1	MPF_F	IncFII(Yp)	308	0	0	GA	0															not_admitted	not_admitted	not_admitted	not_admitted	not_admitted	not_admitted	not_admitted	not_admitted	not_admitted	not_admitted	1	236;200799;201791;+;365.8	246;207770;209152;+;384.5	242;205396;206145;+;233.2	233;197163;199790;+;301.3	247;209149;212001;+;370.4	227;193360;194781;+;92.8	233;197163;199790;+;101.6	225;192073;192639;+;181.8	237;201800;202429;+;69.2	239;202772;204670;+;268.7	252;214135;216294;+;384.3	230;195461;195973;+;72.5	252;214135;216294;+;71.1	A	9/9	contiguous	22062	1	1	212029..212532+;167;unnamed;0
NZ_CP045055.1	MPF_T	IncX3	56	0	0	GA	1	37;29317;29961;-;45.2	36;29043;29333;-;71.9	35;26265;29018;-;43.8	35;26265;29018;-;149.7	35;26265;29018;-;70.2	34;25497;26252;-;66.0	32;24167;25222;-;125.8		30;23261;23989;-;118.2	29;22326;23228;-;139.4	28;21130;22329;-;126.9	27;20087;21118;-;66.1	26;18249;20084;-;493.4		pfam	pfam_only	A	7/7	canonical	1	1	unscoreable	2	0	0														not_admitted	not_admitted	not_admitted	not_admitted	not_admitted	not_admitted	not_admitted
NZ_CP045057.1	MPF_T	IncFII(pCRY)	37	0	0	GA	1	5;3457;4161;+;48.3	6;4163;4471;+;75.2	7;4484;7228;+;51.6	7;4484;7228;+;148.3	7;4484;7228;+;40.9	8;7244;7954;+;146.5	10;8206;9210;+;162.8		12;9543;10226;+;193.7	13;10226;11131;+;157.9	14;11177;12430;+;147.7	16;12757;13782;+;68.5	20;15525;17342;+;42.7		pfam	pfam_only	A	7/7	canonical	1	1	unscoreable	6	0	0														not_admitted	not_admitted	not_admitted	not_admitted	not_admitted	not_admitted	not_admitted
NZ_CP045058.1	MPF_F	IncFII(Yp)	309	0	0	GA	0															not_admitted	not_admitted	not_admitted	not_admitted	not_admitted	not_admitted	not_admitted	not_admitted	not_admitted	not_admitted	1	237;200796;201788;+;365.8	247;207767;209149;+;384.5	243;205393;206142;+;233.2	234;197160;199787;+;301.3	248;209146;211998;+;370.4	228;193357;194778;+;92.8	234;197160;199787;+;101.6	226;192070;192636;+;181.8	238;201797;202426;+;69.2	240;202769;204667;+;268.7	253;214132;216291;+;384.3	231;195458;195970;+;72.5	253;214132;216291;+;71.1	A	9/9	contiguous	22062	1	1	212026..212529+;167;unnamed;0
NZ_CP045060.1	MPF_T	IncFII(pCRY)	37	0	0	GA	1	5;3457;4161;+;48.3	6;4163;4471;+;75.2	7;4484;7228;+;51.6	7;4484;7228;+;148.3	7;4484;7228;+;40.9	8;7244;7954;+;146.5	10;8206;9210;+;162.8		12;9543;10142;+;131.2	13;10225;11130;+;157.9	14;11176;12372;+;121.9	16;12755;13780;+;68.5	20;15522;17339;+;42.7		pfam	pfam_only	A	7/7	canonical	1	1	unscoreable	6	0	0														not_admitted	not_admitted	not_admitted	not_admitted	not_admitted	not_admitted	not_admitted
NZ_CP045061.1	MPF_F	IncFII(Yp)	314	0	0	GA	0															not_admitted	not_admitted	not_admitted	not_admitted	not_admitted	not_admitted	not_admitted	not_admitted	not_admitted	not_admitted	1	242;200783;201775;+;365.8	252;207754;209136;+;384.5	248;205380;206129;+;233.2	239;197147;199774;+;301.3	253;209133;211985;+;370.4	233;193884;194765;+;93.3	239;197147;199774;+;101.6	230;192058;192624;+;181.8	243;201784;202413;+;69.2	245;202756;204654;+;268.7	258;214119;216278;+;384.3	236;195445;195957;+;72.5	258;214119;216278;+;71.1	A	9/9	contiguous	22061	1	1	212013..212516+;167;unnamed;0
NZ_CP045062.1	MPF_T	IncX3	56	0	0	GA	1	37;29316;29960;-;45.2	36;29042;29332;-;71.9	35;26264;29017;-;43.8	35;26264;29017;-;149.7	35;26264;29017;-;70.2	34;25496;26251;-;66.0	32;24166;25221;-;125.8		30;23260;23988;-;118.2	29;22325;23227;-;139.4	28;21129;22328;-;126.9	27;20086;21117;-;66.1	26;18278;20083;-;493.5		pfam	pfam_only	A	7/7	canonical	1	1	unscoreable	2	0	0														not_admitted	not_admitted	not_admitted	not_admitted	not_admitted	not_admitted	not_admitted
NZ_CP045133.1	MPF_T	-	47	0	0	GA	1	18;18347;19057;-;101.0	17;18043;18336;-;41.2		16;15320;18031;-;78.0	16;15320;18031;-;57.1	15;14682;15323;-;71.2	28;26892;27977;-;71.0		27;26104;26892;-;74.6	26;25352;26089;-;149.0	25;23971;25350;-;180.8	24;22918;23955;-;92.0	20;19321;20838;-;35.6		pfam	both	A	7/7	rearranged	1	0	unscoreable	3	0	0														not_admitted	not_admitted	not_admitted	not_admitted	not_admitted	not_admitted	not_admitted
NZ_CP045195.1	MPF_T	ColKP3;IncX3	64	0	0	GA	1	19;11478;12122;+;46.4	20;12106;12396;+;73.1	21;12421;15174;+;47.0	21;12421;15174;+;142.4	21;12421;15174;+;73.3	22;15184;15954;+;60.1	24;16233;17288;+;132.8		25;17483;18211;+;119.4	26;18217;19146;+;138.8	27;19143;20357;+;128.3	29;20553;21587;+;65.7	30;21590;23425;+;495.9		pfam	pfam_only	A	7/7	canonical	1	1	unscoreable	2	0	0														not_admitted	not_admitted	not_admitted	not_admitted	not_admitted	not_admitted	not_admitted
NZ_CP045197.1	MPF_T	-	49	0	0	GA	1	35;28116;28826;+;101.0	36;28837;29130;+;41.2		37;29142;31853;+;78.0	37;29142;31853;+;57.1	38;31850;32491;+;71.2	25;19196;20281;+;71.0		26;20281;21069;+;74.6	27;21084;21821;+;149.0	28;21823;23202;+;180.8	29;23218;24255;+;92.0	33;26335;27852;+;35.6		pfam	both	A	7/7	rearranged	1	0	unscoreable	3	0	0														not_admitted	not_admitted	not_admitted	not_admitted	not_admitted	not_admitted	not_admitted
NZ_CP045207.1	MPF_F	IncFIB(AP001918);IncFIC(FII)	211	0	0	GA	0															not_admitted	not_admitted	not_admitted	not_admitted	not_admitted	not_admitted	not_admitted	not_admitted	not_admitted	not_admitted	1	136;129609;130601;-;369.3	125;122590;123963;-;380.9	132;126137;126880;-;235.0	139;131610;134237;-;305.4	124;121916;122593;-;202.2	146;136292;137719;-;94.3	139;131610;134237;-;98.5	148;138434;139000;-;184.4	135;128962;129600;-;68.4	134;127157;128965;-;268.0	120;116246;118264;-;392.1	142;134753;135268;-;78.0	120;116246;118264;-;70.5	A	9/9	contiguous	22188	1	1	119768..121849-;693;unnamed;0
NZ_CP045218.1	MPF_T	IncX5	58	0	0	GA	1	34;28156;28800;-;36.9	33;27882;28172;-;69.0	32;25101;27860;-;42.6	32;25101;27860;-;132.2	32;25101;27860;-;70.5	31;24344;25093;-;54.3	29;23010;24065;-;135.2		28;22042;22770;-;120.9	27;21108;22037;-;134.2	26;19900;21111;-;136.9	25;18845;19888;-;64.1	24;17007;18842;-;504.8		pfam	pfam_only	A	7/7	canonical	1	1	unscoreable	1	0	0														not_admitted	not_admitted	not_admitted	not_admitted	not_admitted	not_admitted	not_admitted
NZ_CP045219.1	MPF_T	IncFII(pMET)	32	0	0	GA	1	26;26211;26921;-;47.5	25;25909;26214;-;73.1	24;23158;25896;-;49.1	24;23158;25896;-;151.2	24;23158;25896;-;32.2	23;22433;23140;-;143.4	21;21106;22179;-;159.8		19;20201;20884;-;197.3	18;19296;20201;-;154.7	17;17999;19249;-;147.3	16;16984;18009;-;66.1	12;13393;15129;-;48.3		pfam	pfam_only	A	7/7	canonical	1	1	unscoreable	5	0	0														not_admitted	not_admitted	not_admitted	not_admitted	not_admitted	not_admitted	not_admitted
NZ_CP045243.1	MPF_F	-	186	0	0	GA	0															not_admitted	not_admitted	not_admitted	not_admitted	not_admitted	not_admitted	not_admitted	not_admitted	not_admitted	not_admitted	1	172;181624;182616;+;356.2	180;187515;188996;+;349.5	175;185144;185938;+;213.8	165;175887;178559;+;250.4	181;188989;191889;+;303.5	156;170545;171933;+;92.6	165;175887;178559;+;99.7	154;169161;169820;+;86.6	173;182674;183294;+;65.5	174;183291;185147;+;213.1		163;175074;175613;+;34.2		A	9/9	contiguous	19828	1	1	191916..192485+;189;unnamed;0
NZ_CP045255.1	-	-	43	0	0	GA	1	2;993;1889;+;45.2	28;23316;23807;-;68.0	27;23002;23316;-;51.1	26;20481;22988;-;96.9	26;20481;22988;-;113.0	25;19724;20512;-;50.1	23;17798;19516;-;86.0		21;16701;17399;-;123.5	20;15763;16701;-;165.2	18;13846;15306;-;209.7	29;23819;24802;-;134.8	0;50;433;+;57.5		conjscan	conjscan_only	A	7/7	canonical	1	0	unscoreable	5	0	0														not_admitted	not_admitted	not_admitted	not_admitted	not_admitted	not_admitted	not_admitted
NZ_CP045303.1	MPF_F	-	358	0	0	GA	0															not_admitted	not_admitted	not_admitted	not_admitted	not_admitted	not_admitted	not_admitted	not_admitted	not_admitted	not_admitted	1	189;163304;164347;+;318.1	195;169277;170689;+;258.6	194;168234;169280;+;219.9	186;158994;161459;+;282.4	196;170705;173608;+;305.1	170;136363;137694;+;122.8	186;158994;161459;+;138.5	168;134530;135162;+;90.3	188;162031;163323;+;72.5		163;130486;132324;+;43.2	171;137706;138197;+;85.8	163;130486;132324;+;48.7	B	8/9	split_2	40219	0	0	
NZ_CP045304.1	MPF_F	-	69	0	0	GA	0															not_admitted	not_admitted	not_admitted	not_admitted	not_admitted	not_admitted	not_admitted	not_admitted	not_admitted	not_admitted	1	21;19197;20192;+;350.4	26;23966;25336;+;322.4	24;22660;23448;+;140.7	18;15517;18237;+;211.4	27;25333;28092;+;259.0	17;13957;15411;+;45.8	18;15517;18237;+;98.9	15;12669;13226;+;98.7	22;20209;20871;+;82.9	23;20885;22663;+;213.8	28;28165;30126;+;364.2		28;28165;30126;+;69.0	B	8/9	contiguous	15496	1	1	28165..30126+;653;unnamed;0
NZ_CP045305.1	MPF_F	-	163	0	0	GA	0															not_admitted	not_admitted	not_admitted	not_admitted	not_admitted	not_admitted	not_admitted	not_admitted	not_admitted	not_admitted	1	29;22265;23245;+;353.5	34;26989;28371;+;322.3	32;25759;26505;+;149.9	26;18749;21298;+;186.8	35;28368;31205;+;241.5	25;17034;18500;+;46.9	26;18749;21298;+;88.0	23;15706;16266;+;99.3	30;23257;23922;+;81.7	31;23915;25726;+;209.8	37;31966;33819;+;397.9		37;31966;33819;+;81.9	B	8/9	contiguous	16260	1	1	31220..31876+;218;unnamed;0
NZ_CP045307.1	MPF_F	-	77	0	0	GA	0															not_admitted	not_admitted	not_admitted	not_admitted	not_admitted	not_admitted	not_admitted	not_admitted	not_admitted	not_admitted	1	21;19179;20174;+;351.9	26;23914;25317;+;320.5	24;22642;23430;+;133.0	18;15502;18219;+;211.5	27;25314;28070;+;258.7	17;13942;15396;+;45.2	18;15502;18219;+;98.9	15;12870;13211;+;68.1	22;20191;20853;+;83.8	23;20867;22645;+;215.0	28;28143;30104;+;362.2		28;28143;30104;+;69.4	B	8/9	contiguous	15273	1	1	28143..30104+;653;unnamed;0
NZ_CP045320.1	MPF_T	-	94	0	0	GA	1	58;60922;62076;-;72.9	62;64854;65249;-;74.6	61;64583;64861;-;85.9	60;62230;64593;-;87.7	60;62230;64593;-;44.7	57;60113;60925;-;71.0	50;54592;55668;-;126.3		56;59443;60096;-;169.4	55;58646;59443;-;166.4	54;57273;58649;-;180.2	53;56282;57268;-;104.0	25;29764;31764;+;291.1		pfam	both	A	7/7	canonical	1	0	unscoreable	3	0	0														not_admitted	not_admitted	not_admitted	not_admitted	not_admitted	not_admitted	not_admitted
NZ_CP045321.1	MPF_T	-	82	0	0	GA	1	43;43198;44352;-;72.9	47;47142;47435;-;74.5	46;46871;47149;-;86.6	45;44506;46881;-;84.3	45;44506;46881;-;47.1	42;42389;43201;-;71.0	35;36883;37962;-;121.4		41;41719;42372;-;169.4	40;40922;41719;-;167.6	39;39546;40925;-;180.1	38;38555;39541;-;100.4	28;28334;30334;+;289.4		pfam	both	A	7/7	canonical	1	0	unscoreable	9	0	0														not_admitted	not_admitted	not_admitted	not_admitted	not_admitted	not_admitted	not_admitted
NZ_CP045330.1	-	-	122	0	0	GA	1		82;82065;82424;+;73.7	7;7401;7697;-;64.1	6;4951;7398;-;138.8	6;4951;7398;-;122.2	5;4179;4973;-;60.4	3;2694;3911;-;90.3		2;2016;2678;-;137.2	1;1153;1986;-;189.4	121;120162;120713;-;207.5	9;8039;9052;-;120.3	60;62187;64091;+;433.1		conjscan	conjscan_only	A	7/7	canonical	1	0	unscoreable	2	0	0														not_admitted	not_admitted	not_admitted	not_admitted	not_admitted	not_admitted	not_admitted
NZ_CP045331.1	-	-	93	0	0	GA	1		4;4857;5216;-;73.6	3;4568;4864;-;61.8	2;2118;4565;-;135.5	2;2118;4565;-;122.9	1;1349;2140;-;60.1	0;7;1161;-;109.4		92;93323;93985;-;132.1	91;92460;93293;-;183.4	89;90634;91977;-;208.5	5;5206;6210;-;118.8	44;46158;48077;-;437.0		conjscan	conjscan_only	A	7/7	canonical	1	0	unscoreable	2	0	0														not_admitted	not_admitted	not_admitted	not_admitted	not_admitted	not_admitted	not_admitted
NZ_CP045334.1	-	-	122	0	0	GA	1		2;977;1336;-;73.7	77;75704;76000;+;64.1	78;76003;78450;+;138.8	78;76003;78450;+;122.2	79;78428;79222;+;60.4	81;79490;80707;+;90.3		82;80723;81385;+;137.2	83;81415;82248;+;189.4	85;82728;84071;+;211.9	75;74349;75362;+;120.3	24;19310;21214;-;433.1		conjscan	conjscan_only	A	7/7	canonical	1	0	unscoreable	3	0	0														not_admitted	not_admitted	not_admitted	not_admitted	not_admitted	not_admitted	not_admitted
NZ_CP045336.1	-	-	93	0	0	GA	1		23;25454;25813;+;73.6	24;25806;26102;+;61.8	25;26105;28552;+;135.5	25;26105;28552;+;122.9	26;28530;29321;+;60.1	27;29509;30663;+;109.4		28;30679;31341;+;132.1	29;31371;32204;+;183.4	31;32687;34030;+;208.5	22;24460;25464;+;118.8	76;76587;78506;+;437.0		conjscan	conjscan_only	A	7/7	canonical	1	0	unscoreable	2	0	0														not_admitted	not_admitted	not_admitted	not_admitted	not_admitted	not_admitted	not_admitted
NZ_CP045341.1	-	-	203	0	0	GA	0															not_admitted	not_admitted	not_admitted	not_admitted	not_admitted	not_admitted	not_admitted	not_admitted	not_admitted	not_admitted	1				137;128546;131395;+;145.7	104;96030;97814;+;42.1		137;128546;131395;+;26.3						164;153874;156060;+;32.9	D	2/9	split_3	57844	1	0	97894..98463+;189;unnamed;0
NZ_CP045343.1	MPF_F	-	60	0	0	GA	0															not_admitted	not_admitted	not_admitted	not_admitted	not_admitted	not_admitted	not_admitted	not_admitted	not_admitted	not_admitted	1	42;30835;31848;+;383.8	47;35588;36994;+;299.5	45;34367;35137;+;149.8	39;27242;29824;+;206.4	48;36996;39800;+;288.3	37;25395;26867;+;88.4	39;27242;29824;+;93.8	35;24097;24660;+;81.1	43;31939;32628;+;90.0	44;32630;34363;+;234.1	51;41031;43112;+;398.4	38;26877;27239;+;26.5	51;41031;43112;+;77.8	A	9/9	contiguous	16934	1	1	39880..40416+;178;unnamed;0
NZ_CP045346.1	-	-	122	0	0	GA	1		82;82065;82424;+;73.7	7;7401;7697;-;64.1	6;4951;7398;-;138.8	6;4951;7398;-;122.2	5;4179;4973;-;60.4	3;2694;3911;-;90.3		2;2016;2678;-;137.2	1;1153;1986;-;189.4	121;120162;120713;-;207.5	9;8039;9052;-;120.3	60;62187;64091;+;433.1		conjscan	conjscan_only	A	7/7	canonical	1	0	unscoreable	2	0	0														not_admitted	not_admitted	not_admitted	not_admitted	not_admitted	not_admitted	not_admitted
NZ_CP045347.1	-	-	93	0	0	GA	1		43;48256;48615;+;73.6	44;48608;48904;+;61.8	45;48907;51354;+;135.5	45;48907;51354;+;122.9	46;51332;52123;+;60.1	47;52311;53465;+;109.4		48;53481;54143;+;132.1	49;54173;55006;+;183.4	51;55489;56832;+;208.5	42;47262;48266;+;118.8	3;5395;7314;+;437.0		conjscan	conjscan_only	A	7/7	canonical	1	0	unscoreable	2	0	0														not_admitted	not_admitted	not_admitted	not_admitted	not_admitted	not_admitted	not_admitted
NZ_CP045357.1	-	-	386	0	0	GA	0															not_admitted	not_admitted	not_admitted	not_admitted	not_admitted	not_admitted	not_admitted	not_admitted	not_admitted	not_admitted	1	71;58791;59804;+;352.3	75;62807;64189;+;271.2	74;62095;62820;+;137.9	68;55224;57815;+;207.0	76;64186;66855;+;246.1	66;53479;54867;+;78.7	68;55224;57815;+;82.8	64;52207;52773;+;84.8	72;59815;60396;+;77.1	73;60386;62092;+;213.9	77;66839;68653;+;365.9		77;66839;68653;+;76.0	B	8/9	contiguous	14632	1	1	66839..68653+;604;unnamed;0
NZ_CP045362.1	MPF_T	-	72	0	0	GA	1	50;54203;55357;-;68.5	54;58147;58440;-;76.0	53;57876;58154;-;88.8	52;55511;57886;-;86.4	52;55511;57886;-;44.9	49;53394;54176;-;70.2	42;47988;49067;-;124.0		48;52724;53386;-;168.7	47;52027;52722;-;168.8	46;50651;52030;-;181.0	45;49660;50646;-;105.4	21;26577;28580;+;288.2		pfam	both	A	7/7	canonical	1	0	unscoreable	3	0	0														not_admitted	not_admitted	not_admitted	not_admitted	not_admitted	not_admitted	not_admitted
NZ_CP045363.1	-	-	69	0	0	GA	1	35;33162;34268;-;71.8	39;37133;37414;-;91.1	38;36839;37117;-;61.6	37;34471;36849;-;75.8	37;34471;36849;-;45.2	34;32398;33165;-;61.7	32;30951;31964;-;109.1		31;30253;30933;-;182.6	30;29517;30251;-;175.3	29;28090;29514;-;168.9	28;27098;28090;-;116.4	20;20364;22289;+;292.6		pfam	pfam_only	A	7/7	canonical	1	0	unscoreable	9	0	0														not_admitted	not_admitted	not_admitted	not_admitted	not_admitted	not_admitted	not_admitted
NZ_CP045370.1	MPF_F	-	131	0	0	GA	0															not_admitted	not_admitted	not_admitted	not_admitted	not_admitted	not_admitted	not_admitted	not_admitted	not_admitted	not_admitted	1	4;5398;6585;+;110.6			2;1791;4943;+;213.7	7;8347;9921;+;44.8		2;1791;4943;+;27.1				123;96675;98723;+;30.8		123;96675;98723;+;46.2	D	3/9	split_2	94884	0	0	
NZ_CP045373.1	-	-	226	0	0	GA	1	94;96882;97994;+;72.7	90;93742;94023;+;96.1	91;94039;94317;+;71.2	92;94292;96682;+;78.3	92;94292;96682;+;44.4	95;97991;98758;+;50.5	97;99178;100191;+;112.5		98;100211;100882;+;172.6	99;100887;101618;+;169.4	100;101621;103054;+;171.9	101;103051;104031;+;115.9	156;150967;152874;-;294.4		pfam	pfam_only	A	7/7	canonical	1	0	unscoreable	2	0	0														not_admitted	not_admitted	not_admitted	not_admitted	not_admitted	not_admitted	not_admitted
NZ_CP045375.1	MPF_T	-	114	0	0	GA	1	82;69714;70868;+;73.9	78;66529;66924;+;73.9	79;66983;67195;+;58.4	80;67185;69557;+;84.9	80;67185;69557;+;45.1	83;70868;71677;+;70.9	90;76026;77102;+;122.0		84;71695;72348;+;170.4	85;72350;73045;+;168.1	86;73042;74421;+;174.9	87;74426;75412;+;104.5	99;91758;93758;-;287.5		pfam	both	A	7/7	canonical	1	0	unscoreable	3	0	0														not_admitted	not_admitted	not_admitted	not_admitted	not_admitted	not_admitted	not_admitted
NZ_CP045378.1	-	-	83	0	0	GA	1	44;45608;46720;-;71.2	48;49585;49866;-;93.6	47;49291;49569;-;61.9	46;46923;49301;-;74.8	46;46923;49301;-;50.7	43;44844;45611;-;61.5	41;43396;44409;-;120.2		40;42698;43366;-;183.7	39;41970;42692;-;176.5	38;40525;41967;-;173.2	37;39447;40442;-;116.7	20;20114;22027;+;299.2		pfam	pfam_only	A	7/7	canonical	1	0	unscoreable	2	0	0														not_admitted	not_admitted	not_admitted	not_admitted	not_admitted	not_admitted	not_admitted
NZ_CP045382.1	-	-	146	0	0	GA	1		132;136300;136659;-;73.4	56;59692;59988;-;64.1	55;57242;59689;-;138.8	130;133573;136008;-;125.3	54;56470;57264;-;60.4	128;131462;132616;-;109.4		51;54307;54969;-;137.2	50;53444;54277;-;189.4	48;51621;52964;-;211.9	58;60330;61343;-;120.3	26;24634;26553;-;437.0		conjscan	conjscan_only	A	7/7	rearranged	1	0	unscoreable	5	0	0														not_admitted	not_admitted	not_admitted	not_admitted	not_admitted	not_admitted	not_admitted
NZ_CP045386.1	-	-	231	0	0	GA	1	50;41756;42400;-;80.4		48;41196;41474;-;58.2	47;38837;41221;-;97.4	47;38837;41221;-;31.2	45;37957;38703;-;51.9	43;36408;37463;-;88.8		42;35746;36390;-;124.6	41;34931;35746;-;136.5	39;33406;34239;-;156.7	38;32187;33200;-;110.6	36;30131;32023;-;283.8		pfam	both	A	7/7	canonical	1	0	unscoreable	5	0	0														not_admitted	not_admitted	not_admitted	not_admitted	not_admitted	not_admitted	not_admitted
NZ_CP045387.1	-	-	71	0	0	GA	1	37;42682;43209;-;74.4	36;42384;42665;-;92.4	35;42090;42368;-;61.9	34;39722;42100;-;74.0	34;39722;42100;-;46.9	31;37643;38410;-;61.7	29;36195;37208;-;118.3		28;35497;36165;-;187.2	27;34769;35491;-;182.2	26;33324;34766;-;169.2	25;32246;33241;-;116.7	19;24087;25994;+;294.4		pfam	pfam_only	A	7/7	canonical	1	0	unscoreable	7	0	0														not_admitted	not_admitted	not_admitted	not_admitted	not_admitted	not_admitted	not_admitted
NZ_CP045388.1	-	-	75	0	0	GA	1	65;64346;65458;+;72.8	61;61200;61481;+;92.4	62;61497;61775;+;61.9	63;61765;64143;+;74.2	63;61765;64143;+;46.2	66;65455;66222;+;63.0	68;66657;67670;+;114.2		69;67700;68368;+;186.8	70;68374;69096;+;179.1	71;69099;70535;+;168.4	72;70535;71515;+;115.5	17;15088;17001;-;294.0		pfam	pfam_only	A	7/7	canonical	1	0	unscoreable	2	0	0														not_admitted	not_admitted	not_admitted	not_admitted	not_admitted	not_admitted	not_admitted
NZ_CP045390.1	MPF_T	-	74	0	0	GA	1	53;54199;55353;-;73.3	57;58143;58436;-;76.0	56;57872;58150;-;88.8	55;55507;57882;-;86.4	55;55507;57882;-;44.9	52;53390;54172;-;70.2	45;47984;49063;-;124.0		51;52720;53382;-;168.7	50;52023;52718;-;168.8	49;50647;52026;-;181.0	48;49656;50642;-;105.4	22;26573;28576;+;287.3		pfam	both	A	7/7	canonical	1	0	unscoreable	3	0	0														not_admitted	not_admitted	not_admitted	not_admitted	not_admitted	not_admitted	not_admitted
NZ_CP045391.1	-	-	68	0	0	GA	1	1;878;1984;-;71.8	5;4849;5130;-;91.1	4;4555;4833;-;61.6	3;2187;4565;-;75.8	3;2187;4565;-;45.2	0;114;881;-;61.7	66;63524;64537;-;110.5		65;62826;63506;-;182.6	64;62090;62824;-;175.3	63;60663;62087;-;168.9	62;59671;60663;-;116.4	54;52937;54862;+;292.6		pfam	pfam_only	A	7/7	rearranged	1	0	unscoreable	8	0	0														not_admitted	not_admitted	not_admitted	not_admitted	not_admitted	not_admitted	not_admitted
NZ_CP045394.1	MPF_T	-	187	0	0	GA	1	67;69124;70278;-;72.7	71;73068;73361;-;75.0	70;72797;73117;-;89.9	69;70432;72807;-;92.2	69;70432;72807;-;43.3	66;68315;69124;-;68.5	59;62810;63889;-;126.1		65;67547;68200;-;167.4	64;66849;67544;-;167.7	63;65473;66852;-;181.7	62;64482;65468;-;105.1	49;52679;54685;+;288.9		pfam	both	A	7/7	canonical	1	0	unscoreable	12	0	0														not_admitted	not_admitted	not_admitted	not_admitted	not_admitted	not_admitted	not_admitted
NZ_CP045400.1	-	-	219	0	0	GA	0															not_admitted	not_admitted	not_admitted	not_admitted	not_admitted	not_admitted	not_admitted	not_admitted	not_admitted	not_admitted	1	130;88489;89496;+;239.0	139;100861;102423;-;213.3	140;102423;103439;-;89.2	64;45482;48094;-;118.2	138;97379;100861;-;164.7	66;48598;50085;-;101.9	64;45482;48094;-;131.5	68;50767;51324;-;54.5	131;89481;90455;+;68.8	133;91779;94004;+;52.6	135;94992;96662;+;38.6	65;48096;48593;-;29.9	135;94992;96662;+;38.7	A	9/9	split_2	56941	0	1	
NZ_CP045405.1	MPF_T	-	194	0	0	GA	1	46;48737;49891;-;69.7	50;52697;52987;-;75.6	49;52410;52688;-;86.4	48;50045;52420;-;86.4	48;50045;52420;-;42.1	45;47928;48740;-;68.8	38;42406;43482;-;125.7		44;47160;47813;-;173.6	43;46463;47158;-;168.7	42;45087;46466;-;183.9	41;44096;45082;-;105.7	32;35330;37330;+;286.5		pfam	both	A	7/7	canonical	1	0	unscoreable	8	0	0														not_admitted	not_admitted	not_admitted	not_admitted	not_admitted	not_admitted	not_admitted
NZ_CP045407.1	-	-	90	0	0	GA	1	57;58003;58701;-;71.6	56;57705;57986;-;91.6	55;57411;57689;-;61.8	54;55043;57421;-;68.2	54;55043;57421;-;51.0	51;52964;53731;-;59.9	49;51501;52514;-;117.0		48;50803;51483;-;183.1	47;50063;50797;-;178.8	46;48636;50060;-;168.8	45;47656;48639;-;117.0	36;35988;37901;+;290.8		pfam	pfam_only	A	7/7	canonical	1	0	unscoreable	10	0	0														not_admitted	not_admitted	not_admitted	not_admitted	not_admitted	not_admitted	not_admitted
NZ_CP045408.1	-	-	71	0	0	GA	1	17;11428;12573;+;77.6	13;8280;8570;+;79.1	14;8583;8861;+;74.7	15;8851;11214;+;96.6	15;8851;11214;+;44.9	18;12573;13421;+;62.3	25;17690;18760;+;116.5		19;13435;14088;+;160.9	20;14090;14791;+;170.4	21;14788;16101;+;176.6	22;16102;17097;+;106.7	26;18814;20841;-;296.5		pfam	pfam_only	A	7/7	canonical	1	0	unscoreable	3	0	0														not_admitted	not_admitted	not_admitted	not_admitted	not_admitted	not_admitted	not_admitted
NZ_CP045411.1	MPF_T	-	187	0	0	GA	1	67;67837;68991;-;72.7	71;71781;72074;-;75.0	70;71510;71830;-;89.9	69;69145;71520;-;92.2	69;69145;71520;-;43.3	66;67028;67837;-;68.5	59;61523;62602;-;126.1		65;66260;66913;-;167.4	64;65562;66257;-;167.7	63;64186;65565;-;181.7	62;63195;64181;-;105.1	49;51392;53398;+;288.9		pfam	both	A	7/7	canonical	1	0	unscoreable	12	0	0														not_admitted	not_admitted	not_admitted	not_admitted	not_admitted	not_admitted	not_admitted
NZ_CP045446.1	MPF_F	IncHI2;IncHI2A	301	0	0	GA	0															not_admitted	not_admitted	not_admitted	not_admitted	not_admitted	not_admitted	not_admitted	not_admitted	not_admitted	not_admitted	1	29;34072;35130;+;276.9	204;193931;195346;-;194.1	205;195336;196382;-;174.3	13;10305;12986;+;168.0	203;189969;193922;-;101.6	9;6620;7975;+;80.7	13;10305;12986;+;72.2	6;4108;4896;+;74.8	27;32419;33930;+;62.0	30;35149;38337;+;57.4	212;203424;205508;+;56.8	12;9346;10296;+;46.1	212;203424;205508;+;38.8	A	9/9	split_3	199316	1	1	188499..189788-;429;unnamed;0
NZ_CP045449.1	MPF_F	IncHI2;IncHI2A	301	0	0	GA	0															not_admitted	not_admitted	not_admitted	not_admitted	not_admitted	not_admitted	not_admitted	not_admitted	not_admitted	not_admitted	1	29;34071;35129;+;276.9	204;193930;195345;-;194.1	205;195335;196381;-;174.3	13;10304;12985;+;168.0	203;189968;193921;-;101.6	9;6619;7974;+;80.7	13;10304;12985;+;72.2	6;4107;4895;+;74.8	27;32418;33929;+;62.0	30;35148;38336;+;57.4	212;203423;205507;+;56.8	12;9345;10295;+;46.1	212;203423;205507;+;38.8	A	9/9	split_3	199316	1	1	188498..189787-;429;unnamed;0
NZ_CP045460.1	MPF_T	IncX4	41	0	0	GA	1	39;32356;32976;-;41.6	38;32016;32342;-;64.4	37;29250;31997;-;63.8	37;29250;31997;-;151.8	37;29250;31997;-;46.1	36;28522;29238;-;94.2	35;27416;28510;-;150.1		33;26215;26901;-;169.0	32;25310;26218;-;142.4	31;24199;25317;-;163.9	30;23169;24197;-;85.0	29;21320;23137;-;314.8		pfam	pfam_only	A	7/7	canonical	1	1	unscoreable	1	0	0														not_admitted	not_admitted	not_admitted	not_admitted	not_admitted	not_admitted	not_admitted
NZ_CP045463.1	MPF_T	IncFII(29);IncFII(p96A)	54	0	0	GA	1	40;33439;33921;+;89.1	14;8364;8717;+;32.6	15;8717;9088;+;35.8	16;9045;11537;+;62.7		18;13086;13763;+;51.4	20;14252;15196;+;115.7		21;15352;16203;+;100.4	22;16200;17015;+;160.4	23;17012;18352;+;132.8	33;26821;28383;+;195.5	27;20127;21746;+;236.8		pfam	pfam_only	A	7/7	canonical	1	0	unscoreable	14	0	0														not_admitted	not_admitted	not_admitted	not_admitted	not_admitted	not_admitted	not_admitted
NZ_CP045494.1	MPF_T	-	144	0	0	GA	1		11;6836;7204;-;78.3	10;6532;6843;-;61.8	9;4545;6521;-;177.1	9;4545;6521;-;129.2	90;71810;72610;-;53.4	88;70411;71601;-;113.3		87;69730;70392;-;120.4	86;68873;69748;-;185.0	84;67123;68424;-;221.8	94;75720;76688;-;124.1	71;53629;55554;-;526.3		conjscan	conjscan_only	A	7/7	rearranged	1	0	unscoreable	9	0	0														not_admitted	not_admitted	not_admitted	not_admitted	not_admitted	not_admitted	not_admitted
NZ_CP045495.1	MPF_T	-	149	0	0	GA	1		74;64099;64467;-;78.3	73;63795;64106;-;61.8	72;61328;63784;-;176.8	72;61328;63784;-;130.0	71;60556;61356;-;51.6	69;59169;60356;-;112.3		68;58489;59151;-;126.6	67;57632;58471;-;191.2	65;55856;57163;-;224.1	75;64457;65425;-;122.5	53;44122;46047;-;524.1		conjscan	conjscan_only	A	7/7	canonical	1	0	unscoreable	14	0	0														not_admitted	not_admitted	not_admitted	not_admitted	not_admitted	not_admitted	not_admitted
NZ_CP045497.1	-	-	335	0	0	GA	1	299;267786;268439;+;71.1	300;268454;268768;+;73.6	301;268772;269065;+;60.1	302;269062;271464;+;122.8	302;269062;271464;+;98.7	304;272615;273349;+;32.4	305;273532;274575;+;107.3		306;274646;275365;+;212.6	307;275362;276159;+;190.5	308;276159;277622;+;199.6	309;277619;278644;+;139.5	310;278656;280806;+;283.6		pfam	pfam_only	A	7/7	canonical	1	0	unscoreable	0	0	0														not_admitted	not_admitted	not_admitted	not_admitted	not_admitted	not_admitted	not_admitted
NZ_CP045499.1	MPF_T	-	449	0	0	GA	1		112;104718;105101;+;76.5	113;105094;105393;+;63.7	114;105409;107847;+;150.5	114;105409;107847;+;114.8	115;107822;108652;+;55.9	116;108873;110063;+;109.3		117;110093;110755;+;127.2	118;110776;111597;+;186.5	120;112088;113404;+;221.7	111;103808;104728;+;128.4			conjscan	conjscan_only	B	6/7	canonical	1	0	unscoreable	2	0	0														not_admitted	not_admitted	not_admitted	not_admitted	not_admitted	not_admitted	not_admitted
NZ_CP045512.1	MPF_T	IncFII(29);IncFII(p96A)	54	0	0	GA	1	40;33439;33921;+;89.1	14;8364;8717;+;32.6	15;8717;9088;+;35.8	16;9045;11537;+;62.7		18;13086;13763;+;51.4	20;14252;15196;+;115.7		21;15352;16203;+;100.4	22;16200;17015;+;160.4	23;17012;18352;+;132.8	33;26821;28383;+;195.5	27;20127;21746;+;236.8		pfam	pfam_only	A	7/7	canonical	1	0	unscoreable	14	0	0														not_admitted	not_admitted	not_admitted	not_admitted	not_admitted	not_admitted	not_admitted
NZ_CP045521.1	MPF_T	IncI2(Delta)	78	0	0	GA	1	42;35701;36183;-;81.1		57;51802;52086;-;36.6	56;49439;51796;-;58.5	56;49439;51796;-;44.9	66;56898;57542;-;41.0	67;57548;58543;-;123.9		54;48539;49273;-;144.3	53;47772;48542;-;170.5	52;46643;47782;-;154.7	45;37962;39500;-;207.1	50;43595;45553;-;289.6		pfam	pfam_only	A	7/7	rearranged	1	0	unscoreable	14	0	0														not_admitted	not_admitted	not_admitted	not_admitted	not_admitted	not_admitted	not_admitted
NZ_CP045525.1	MPF_F	IncFII	93	0	0	GA	0															not_admitted	not_admitted	not_admitted	not_admitted	not_admitted	not_admitted	not_admitted	not_admitted	not_admitted	not_admitted	1	13;11473;12465;-;369.5	3;4321;5694;-;381.7	8;7624;8367;-;234.4	16;13474;16104;-;304.1	2;1502;4324;-;374.0	23;19103;20554;-;94.2	16;13474;16104;-;97.1	25;21269;21835;-;174.3	11;10491;11129;-;68.6	10;8644;10494;-;266.1	91;80269;82503;-;391.1	20;17728;18243;-;78.4	91;80269;82503;-;70.3	A	9/9	split_2	78767	1	1	1001..1480-;159;TraS;0
NZ_CP045540.1	MPF_F	-	108	0	0	GA	0															not_admitted	not_admitted	not_admitted	not_admitted	not_admitted	not_admitted	not_admitted	not_admitted	not_admitted	not_admitted	1	78;68241;69296;+;268.1	91;80937;82346;+;229.7	90;79914;80921;+;214.6	74;63762;66248;+;211.5	92;82366;85599;+;215.3	71;61046;62338;+;117.6	74;63762;66248;+;113.8	69;59395;60048;+;91.1	77;67099;68241;+;46.0	94;86073;88844;+;119.2	63;55002;56915;+;20.5	72;62355;62867;+;68.8	63;55002;56915;+;24.6	A	9/9	contiguous	31071	0	1	
NZ_CP045556.1	-	pKPC-CAV1321	334	0	0	GA	0															not_admitted	not_admitted	not_admitted	not_admitted	not_admitted	not_admitted	not_admitted	not_admitted	not_admitted	not_admitted	1	210;167036;168103;+;276.8	230;184017;185459;+;260.7	229;182920;184020;+;198.4	206;162442;164928;+;223.8	231;185474;188992;+;240.0	202;157817;159214;+;109.8	206;162442;164928;+;120.8	200;155908;156534;+;87.1	209;165726;167039;+;41.0	233;189428;192085;+;136.9	194;151384;153360;+;22.7	203;159211;159777;+;71.6	194;151384;153360;+;33.5	A	9/9	contiguous	38044	0	1	
NZ_CP045557.1	-	-	199	0	0	GA	1	175;145676;146197;-;86.8	106;106354;106638;-;30.3	105;106034;106339;-;44.4	104;103561;106026;-;122.5	104;103561;106026;-;66.0	103;102918;103574;-;156.2	102;101927;102886;-;107.0		101;101149;101832;-;135.4	100;100310;101152;-;159.7	99;99196;100320;-;143.1	185;153258;154817;-;221.3	134;122990;124531;+;46.7		pfam	both	A	7/7	canonical	1	0	unscoreable	15	0	0														not_admitted	not_admitted	not_admitted	not_admitted	not_admitted	not_admitted	not_admitted
NZ_CP045558.1	MPF_T	IncFIB(K)	42	0	0	GA	1	7;7628;8290;+;48.3	8;8301;8600;+;36.6	9;8610;11360;+;60.6	9;8610;11360;+;134.0	9;8610;11360;+;48.6	10;11379;12095;+;137.0	12;12409;13416;+;137.8		14;13626;14312;+;158.3	15;14305;15198;+;147.4	16;15195;16391;+;134.7	17;16395;17444;+;71.5	24;22182;24089;+;24.3		pfam	pfam_only	A	7/7	canonical	1	1	unscoreable	8	0	0														not_admitted	not_admitted	not_admitted	not_admitted	not_admitted	not_admitted	not_admitted
NZ_CP045575.1	MPF_T	-	270	0	0	GA	1	211;229376;229798;+;68.8		268;278296;278559;+;26.1	269;278556;281033;+;67.2	269;278556;281033;+;77.5		1;787;1797;+;50.8		206;224435;225151;+;85.0	207;225148;226023;+;141.8	208;226031;227305;+;131.7	216;233849;236161;+;134.8	3;3137;5005;+;37.1		none	none	A	7/7	rearranged	0	0	unscoreable	7	0	0														not_admitted	not_admitted	not_admitted	not_admitted	not_admitted	not_admitted	not_admitted
NZ_CP045578.1	MPF_T	-	271	0	0	GA	1	245;262410;262832;+;68.8		31;24610;24873;+;26.1	32;24870;27347;+;67.2	32;24870;27347;+;77.5		35;28319;29329;+;50.8		240;257469;258185;+;85.0	241;258182;259057;+;141.8	242;259065;260339;+;131.7	250;266883;269195;+;134.8	37;30669;32537;+;37.1		none	none	A	7/7	canonical	0	0	unscoreable	9	0	0														not_admitted	not_admitted	not_admitted	not_admitted	not_admitted	not_admitted	not_admitted
NZ_CP045619.1	-	-	251	0	0	GA	1		80;74877;75236;-;73.1	79;74588;74884;-;64.2	78;72138;74585;-;135.4	78;72138;74585;-;124.4	77;71369;72160;-;58.5	75;70003;71160;-;108.7		74;69325;69987;-;136.0	73;68462;69295;-;186.6	71;66639;67979;-;210.3	81;75226;76230;-;123.5	132;133753;135675;-;516.5		conjscan	conjscan_only	A	7/7	canonical	1	0	unscoreable	3	0	0														not_admitted	not_admitted	not_admitted	not_admitted	not_admitted	not_admitted	not_admitted
NZ_CP045620.1	-	-	118	0	0	GA	1		88;96071;96430;+;75.1	89;96423;96719;+;63.3	90;96722;99169;+;132.6	90;96722;99169;+;125.9	91;99147;99938;+;59.6	93;100206;101423;+;89.6		94;101439;102101;+;136.9	95;102131;102964;+;189.2	97;103444;104787;+;211.1	87;95068;96081;+;122.5	32;32232;34151;+;441.7		conjscan	conjscan_only	A	7/7	canonical	1	0	unscoreable	3	0	0														not_admitted	not_admitted	not_admitted	not_admitted	not_admitted	not_admitted	not_admitted
NZ_CP045621.1	-	-	103	0	0	GA	1		43;47955;48296;-;34.0		41;45267;47618;-;36.6			39;43444;44460;-;30.2		37;42512;43231;-;49.0	36;41529;42515;-;119.9	35;40426;41526;-;140.0	33;36911;37867;-;68.3	32;35051;36904;-;358.2		none	none	A	7/7	canonical	0	0	unscoreable	4	0	0														not_admitted	not_admitted	not_admitted	not_admitted	not_admitted	not_admitted	not_admitted
NZ_CP045624.1	-	-	108	0	0	GA	1		89;80704;81063;+;72.5	90;81056;81352;+;61.9	91;81355;83802;+;135.3	91;81355;83802;+;123.9	92;83780;84571;+;58.4	93;84780;85937;+;108.7		94;85953;86615;+;136.0	95;86645;87478;+;186.6	97;87961;89250;+;195.2	88;79710;80714;+;122.7			conjscan	conjscan_only	B	6/7	canonical	1	0	unscoreable	2	0	0														not_admitted	not_admitted	not_admitted	not_admitted	not_admitted	not_admitted	not_admitted
NZ_CP045625.1	-	-	67	0	0	GA	1		23;24063;24422;-;73.3	22;23774;24070;-;64.1	21;21324;23771;-;138.8	21;21324;23771;-;122.1	20;20552;21346;-;60.4	18;19067;20284;-;90.3		17;18389;19051;-;137.2	16;17526;18359;-;189.4	14;15703;17046;-;211.9	24;24412;25425;-;120.3			conjscan	conjscan_only	B	6/7	canonical	1	0	unscoreable	3	0	0														not_admitted	not_admitted	not_admitted	not_admitted	not_admitted	not_admitted	not_admitted
NZ_CP045629.1	-	-	175	0	0	GA	1		40;36758;37117;+;73.6	41;37110;37406;+;61.8	42;37409;39856;+;135.2	42;37409;39856;+;126.5	43;39834;40625;+;58.9	45;40834;41988;+;108.7		46;42004;42666;+;135.3	47;42696;43529;+;185.6	49;44011;45354;+;210.0	39;36148;36768;+;115.4	137;133037;134956;+;443.5		conjscan	conjscan_only	A	7/7	canonical	1	0	unscoreable	3	0	0														not_admitted	not_admitted	not_admitted	not_admitted	not_admitted	not_admitted	not_admitted
NZ_CP045630.1	-	-	161	0	0	GA	1		67;89015;89353;-;35.7		65;86550;88679;-;35.8			62;84503;85510;-;31.2		60;83567;84286;-;50.4	59;82482;83465;-;119.6	57;81032;82132;-;135.6	55;77488;78444;-;68.3	54;75628;77481;-;354.9		none	none	A	7/7	canonical	0	0	unscoreable	6	0	0														not_admitted	not_admitted	not_admitted	not_admitted	not_admitted	not_admitted	not_admitted
NZ_CP045633.1	-	-	268	0	0	GA	1		106;99357;99695;+;35.5		108;100031;102382;+;32.9			110;103191;104207;+;29.8		112;104424;105143;+;49.6	113;105140;106228;+;116.4	115;106584;107684;+;136.3	117;110275;111231;+;68.1	118;111238;113091;+;353.2		none	none	A	7/7	canonical	0	0	unscoreable	5	0	0														not_admitted	not_admitted	not_admitted	not_admitted	not_admitted	not_admitted	not_admitted
NZ_CP045635.1	-	-	191	0	0	GA	1		131;147772;148110;+;36.0		133;148446;150797;+;40.5			135;151615;152622;+;31.2		137;152841;153560;+;50.5	138;153557;154534;+;116.9	139;154537;155637;+;137.1	141;158237;159193;+;67.2	142;159201;161066;+;355.4		none	none	A	7/7	canonical	0	0	unscoreable	4	0	0														not_admitted	not_admitted	not_admitted	not_admitted	not_admitted	not_admitted	not_admitted
NZ_CP045676.1	MPF_F	IncFIB(pQil);IncFII(K)	173	0	0	GA	0															not_admitted	not_admitted	not_admitted	not_admitted	not_admitted	not_admitted	not_admitted	not_admitted	not_admitted	not_admitted	1	145;118073;119065;+;362.9	158;126583;127953;+;382.7	154;124629;125381;+;230.7	142;114408;117047;+;259.2	159;127953;130796;+;346.5	131;108950;110374;+;90.9	142;114408;117047;+;88.7	129;107657;108223;+;169.3	149;121096;121743;+;66.0	150;121802;123757;+;259.7	163;133381;135693;+;392.8	134;111191;111775;+;53.4	163;133381;135693;+;65.9	A	9/9	contiguous	25724	1	1	130807..131331+;174;unnamed;0
NZ_CP045678.1	MPF_F	repB(R1701)	122	0	0	GA	0															not_admitted	not_admitted	not_admitted	not_admitted	not_admitted	not_admitted	not_admitted	not_admitted	not_admitted	not_admitted	1	61;52960;53952;-;362.9		52;47049;47396;-;25.3	64;54978;57617;-;259.2		75;61651;63075;-;90.9	64;54978;57617;-;88.7	77;63802;64368;-;169.3	57;50282;50929;-;66.0	56;48268;50223;-;259.7		72;60250;60834;-;53.4		C	7/9	contiguous	16753	0	1	
NZ_CP045691.1	MPF_F	IncFIA(HI1);IncFII(pKP91)	154	0	0	GA	0															not_admitted	not_admitted	not_admitted	not_admitted	not_admitted	not_admitted	not_admitted	not_admitted	not_admitted	not_admitted	1	131;105066;106055;+;363.9	140;111347;112714;+;382.2	136;109337;110089;+;223.2	127;100984;103623;+;259.2	141;112714;115563;+;341.4	119;95701;97125;+;90.9	127;100984;103623;+;84.3	117;94408;94974;+;168.4	132;106068;106706;+;66.0	133;106765;108720;+;259.7	144;117379;119688;+;393.2	121;97757;98314;+;53.1	144;117379;119688;+;65.8	A	9/9	contiguous	22971	1	1	115566..116096+;176;unnamed;0
NZ_CP045693.1	MPF_T	IncFII(pMET)	34	0	0	GA	1	16;14221;14931;-;47.5	15;13919;14224;-;70.8	14;11168;13906;-;49.1	14;11168;13906;-;151.9	14;11168;13906;-;32.2	13;10449;11150;-;142.6	11;9131;10201;-;165.0		9;8226;8909;-;193.9	8;7321;8226;-;154.6	7;6024;7274;-;144.1	6;5009;6034;-;66.1	2;1418;3154;-;46.8		pfam	pfam_only	A	7/7	canonical	1	1	unscoreable	5	0	0														not_admitted	not_admitted	not_admitted	not_admitted	not_admitted	not_admitted	not_admitted
NZ_CP045708.1	MPF_T	-	48	0	0	GA	1		29;26036;26419;-;70.3		27;23153;25717;-;93.3	27;23153;25717;-;98.1	22;18928;19704;-;67.8	21;17086;18714;-;103.1		26;22446;23153;-;143.4	25;21567;22433;-;180.2	23;19717;21156;-;216.1	30;26521;27531;-;132.1	45;38285;40174;+;445.1		conjscan	conjscan_only	A	7/7	canonical	1	0	unscoreable	3	0	0														not_admitted	not_admitted	not_admitted	not_admitted	not_admitted	not_admitted	not_admitted
NZ_CP045713.1	MPF_F	IncFIB(AP001918);IncFII	110	0	0	GA	0															not_admitted	not_admitted	not_admitted	not_admitted	not_admitted	not_admitted	not_admitted	not_admitted	not_admitted	not_admitted	1	48;40774;41766;+;369.3	57;46825;48201;+;381.0	52;44495;45238;+;233.3	45;37138;39765;+;306.4	58;48198;51023;+;386.0	38;33656;35083;+;94.3	45;37138;39765;+;98.5	36;32375;32941;+;183.3	49;41775;42413;+;68.7	50;42410;44218;+;267.9	61;52527;54680;+;391.8	42;36107;36622;+;77.3	61;52527;54680;+;70.4	A	9/9	contiguous	20152	1	1	51020..51529+;169;unnamed;0
NZ_CP045714.1	MPF_F	IncFII;IncFII(pCoo)	135	0	0	GA	0															not_admitted	not_admitted	not_admitted	not_admitted	not_admitted	not_admitted	not_admitted	not_admitted	not_admitted	not_admitted	1	102;77233;78225;+;357.1	118;86956;88329;+;376.8	111;84002;84745;+;232.9	99;73594;76224;+;305.7	119;88326;91169;+;376.5	90;69008;70438;+;94.8	99;73594;76224;+;98.2	88;67727;68293;+;172.1	107;80725;81363;+;70.1	109;81834;83738;+;262.9	124;93726;95933;+;391.9	94;71453;71968;+;76.6	124;93726;95933;+;68.6	A	9/9	contiguous	25999	1	1	91191..91688+;165;TraS;1
NZ_CP045752.1	MPF_F	IncFII(S);IncFII(pAR0022)	90	0	0	GA	0															not_admitted	not_admitted	not_admitted	not_admitted	not_admitted	not_admitted	not_admitted	not_admitted	not_admitted	not_admitted	1	45;32879;33874;+;357.2	51;38123;39484;+;334.4	49;36711;37490;+;196.8	42;29195;31786;+;219.6	52;39486;42383;+;292.8	38;26400;27761;+;81.6	42;29195;31786;+;87.7	36;25120;25683;+;145.5	47;34250;34864;+;79.9	48;34861;36714;+;258.1	55;43962;46253;+;375.5	41;28570;29184;+;49.5	55;43962;46253;+;59.1	A	9/9	contiguous	18842	1	1	42395..42955+;186;unnamed;0
NZ_CP045755.1	MPF_F	IncFII(S);IncFII(pAR0022)	91	0	0	GA	0															not_admitted	not_admitted	not_admitted	not_admitted	not_admitted	not_admitted	not_admitted	not_admitted	not_admitted	not_admitted	1	17;21625;22620;-;357.2	11;16015;17376;-;334.4	13;18009;18788;-;196.8	20;23713;26304;-;219.6	10;13116;16013;-;292.8	24;27738;29099;-;81.6	20;23713;26304;-;87.7	26;29816;30379;-;145.5	15;20635;21249;-;79.9	14;18785;20638;-;258.1	7;9246;11537;-;375.5	21;26315;26929;-;49.5	7;9246;11537;-;59.1	A	9/9	contiguous	20570	1	1	12544..13104-;186;unnamed;0
NZ_CP045758.1	MPF_F	IncFII(S);IncFII(pAR0022)	91	0	0	GA	0															not_admitted	not_admitted	not_admitted	not_admitted	not_admitted	not_admitted	not_admitted	not_admitted	not_admitted	not_admitted	1	12;8961;9956;+;357.2	18;14205;15566;+;334.4	16;12793;13572;+;196.8	9;5277;7868;+;219.6	19;15568;18465;+;292.8	5;2482;3843;+;81.6	9;5277;7868;+;87.7	3;1202;1765;+;145.5	14;10332;10946;+;79.9	15;10943;12796;+;258.1	22;20044;22335;+;375.5	8;4652;5266;+;49.5	22;20044;22335;+;59.1	A	9/9	contiguous	18842	1	1	18477..19037+;186;unnamed;0
NZ_CP045760.1	MPF_F	IncFII(S);IncFII(pAR0022)	91	0	0	GA	0															not_admitted	not_admitted	not_admitted	not_admitted	not_admitted	not_admitted	not_admitted	not_admitted	not_admitted	not_admitted	1	49;52086;53081;-;357.2	43;46476;47837;-;334.4	45;48470;49249;-;196.8	52;54174;56765;-;219.6	42;43577;46474;-;292.8	56;58199;59560;-;81.6	52;54174;56765;-;87.7	58;60277;60840;-;145.5	47;51096;51710;-;79.9	46;49246;51099;-;258.1	39;39707;41998;-;375.5	53;56776;57390;-;49.5	39;39707;41998;-;59.1	A	9/9	contiguous	20570	1	1	43005..43565-;186;unnamed;0
NZ_CP045764.1	MPF_T	IncX4	51	0	0	GA	1	22;19109;19729;-;41.6	21;18769;19095;-;64.4	20;16003;18750;-;63.8	20;16003;18750;-;151.8	20;16003;18750;-;46.1	19;15275;15991;-;95.9	18;14185;15264;-;157.5		16;12984;13670;-;169.0	15;12079;12987;-;142.4	14;10968;12086;-;163.9	13;9938;10966;-;85.0	12;8089;9951;-;316.4		pfam	pfam_only	A	7/7	canonical	1	1	unscoreable	1	0	0														not_admitted	not_admitted	not_admitted	not_admitted	not_admitted	not_admitted	not_admitted
NZ_CP045770.1	MPF_F	IncFII(pECLA);repE(pEh60-7)	102	0	0	GA	0															not_admitted	not_admitted	not_admitted	not_admitted	not_admitted	not_admitted	not_admitted	not_admitted	not_admitted	not_admitted	1	27;17691;18686;+;359.3	35;23526;24890;+;364.4	30;21149;21931;+;213.1	19;12146;14755;+;218.3	36;24890;28201;+;305.3	14;8996;10399;+;94.5	19;12146;14755;+;102.1	12;7666;8247;+;102.1	28;18697;19320;+;62.4	29;19317;21152;+;216.4	40;30267;32825;+;361.7	17;11359;11898;+;41.4	40;30267;32825;+;71.3	A	9/9	contiguous	22601	1	1	28204..28761+;185;unnamed;0
NZ_CP045790.1	MPF_T	-	64	0	0	GA	1		44;36463;36726;+;56.2	45;36739;39507;+;75.1	45;36739;39507;+;175.8	45;36739;39507;+;86.5	50;41374;42363;+;84.3	51;42360;43355;+;116.9		53;43499;44158;+;178.1	54;44155;45051;+;162.0	55;45061;46239;+;164.3	56;46220;47239;+;94.4	58;48036;49847;+;344.8		pfam	pfam_only	A	7/7	canonical	1	1	unscoreable	6	0	0														not_admitted	not_admitted	not_admitted	not_admitted	not_admitted	not_admitted	not_admitted
NZ_CP045792.1	MPF_T	-	32	0	0	GA	1	12;10398;10943;+;54.1	1;1066;1362;+;64.2	2;1362;1649;+;45.0	3;1653;4118;+;92.3	3;1653;4118;+;88.8	5;4771;5580;+;59.3	7;5846;7069;+;55.1		8;7089;7784;+;122.1	9;7797;8720;+;167.1	11;9164;10405;+;214.7	0;118;1056;+;132.5	17;13744;15567;+;321.1		conjscan	both	A	7/7	canonical	1	0	unscoreable	7	0	0														not_admitted	not_admitted	not_admitted	not_admitted	not_admitted	not_admitted	not_admitted
NZ_CP045793.1	MPF_T	-	65	0	0	GA	1		61;53258;53521;-;56.2	60;50477;53245;-;75.1	60;50477;53245;-;175.8	60;50477;53245;-;86.5	55;47621;48610;-;84.3	54;46629;47624;-;116.4		52;45826;46485;-;178.1	51;44933;45829;-;162.0	50;43745;44923;-;164.3	49;42745;43764;-;94.4	47;40137;41948;-;344.8		pfam	pfam_only	A	7/7	canonical	1	1	unscoreable	6	0	0														not_admitted	not_admitted	not_admitted	not_admitted	not_admitted	not_admitted	not_admitted
NZ_CP045800.1	-	-	60	0	0	GA	1	55;40033;40905;-;48.8	53;37210;37515;-;74.7	52;36880;37197;-;81.6	51;34336;36870;-;194.1	51;34336;36870;-;84.2	50;33624;34328;-;215.1	48;32240;33322;-;149.4		46;31190;31921;-;188.0	45;30300;31193;-;181.7	44;29140;30303;-;188.4	43;28095;29192;-;85.5	41;24888;27617;-;298.2		pfam	both	A	7/7	canonical	1	0	unscoreable	4	0	0														not_admitted	not_admitted	not_admitted	not_admitted	not_admitted	not_admitted	not_admitted
NZ_CP045828.1	MPF_F	IncFIB(AP001918)	110	0	0	GA	0															not_admitted	not_admitted	not_admitted	not_admitted	not_admitted	not_admitted	not_admitted	not_admitted	not_admitted	not_admitted	1	70;75565;76557;-;369.3	61;69448;70503;-;225.8	66;72093;72836;-;230.3	73;77566;80193;-;306.5	38;40715;43288;+;389.5	80;82248;83693;-;90.9	73;77566;80193;-;94.3	82;84408;84974;-;181.5	69;74918;75556;-;68.4	68;73113;74921;-;265.9	42;45073;47253;+;391.8	76;80709;81224;-;78.0	42;45073;47253;+;70.3	A	9/9	split_2	43693	1	1	43306..43539+;77;unnamed;0
NZ_CP045833.1	MPF_T	-	48	0	0	GA	1		41;37396;37779;-;70.3	40;37074;37391;-;34.8	39;34513;37077;-;93.3	39;34513;37077;-;98.1	34;30294;31070;-;67.8	33;28452;30080;-;103.1		38;33812;34513;-;134.5	37;32933;33799;-;180.2	35;31083;32522;-;216.1	42;37881;38879;-;132.2	10;7629;9518;+;445.1		conjscan	conjscan_only	A	7/7	canonical	1	0	unscoreable	2	0	0														not_admitted	not_admitted	not_admitted	not_admitted	not_admitted	not_admitted	not_admitted
NZ_CP045844.1	MPF_F	IncHI2;IncHI2A	274	0	0	GA	0															not_admitted	not_admitted	not_admitted	not_admitted	not_admitted	not_admitted	not_admitted	not_admitted	not_admitted	not_admitted	1	29;32557;33615;+;276.9	188;171272;172687;-;194.1	189;172677;173723;-;174.3	13;10304;12985;+;168.0	187;167310;171263;-;101.7	9;6619;7974;+;80.7	13;10304;12985;+;72.2	6;4107;4895;+;74.8	27;30904;32415;+;62.0	30;33634;36822;+;57.3	196;180765;182849;+;56.8	12;9345;10295;+;46.1	196;180765;182849;+;38.8	A	9/9	split_3	176658	1	1	165840..167129-;429;unnamed;0
NZ_CP045846.1	MPF_F	IncHI2;IncHI2A	274	0	0	GA	0															not_admitted	not_admitted	not_admitted	not_admitted	not_admitted	not_admitted	not_admitted	not_admitted	not_admitted	not_admitted	1	29;32557;33615;+;276.9	188;171272;172687;-;194.1	189;172677;173723;-;174.3	13;10304;12985;+;168.0	187;167310;171263;-;101.7	9;6619;7974;+;80.7	13;10304;12985;+;72.2	6;4107;4895;+;74.8	27;30904;32415;+;62.0	30;33634;36822;+;57.3	196;180765;182849;+;56.8	12;9345;10295;+;46.1	196;180765;182849;+;38.8	A	9/9	split_3	176658	1	1	165840..167129-;429;unnamed;0
NZ_CP045855.1	MPF_T	-	139	0	0	GA	1		114;104940;105317;-;72.9	113;104659;104943;-;65.8	112;102193;104649;-;167.7	112;102193;104649;-;119.3	111;101418;102221;-;54.1	109;100049;101227;-;113.6		108;99366;100028;-;131.4	107;98537;99349;-;188.7	105;96744;98081;-;217.5	115;105307;106278;-;139.1	93;85686;87590;-;547.2		conjscan	conjscan_only	A	7/7	canonical	1	0	unscoreable	14	0	0														not_admitted	not_admitted	not_admitted	not_admitted	not_admitted	not_admitted	not_admitted
NZ_CP045856.1	-	-	281	0	0	GA	1		45;41791;42183;-;67.1	44;41495;41794;-;65.1	43;39030;41480;-;138.7	43;39030;41480;-;108.8	42;38237;39055;-;32.5	41;36999;38114;-;108.3		40;36334;36999;-;131.9	39;35451;36275;-;181.9	37;33582;34916;-;199.9	46;42201;43136;-;137.0	249;274664;276601;-;507.0		conjscan	conjscan_only	A	7/7	canonical	1	0	unscoreable	2	0	0														not_admitted	not_admitted	not_admitted	not_admitted	not_admitted	not_admitted	not_admitted
NZ_CP045861.1	-	-	80	0	0	GA	1	22;16762;17277;-;49.2	50;39669;39998;-;65.8	49;39344;39658;-;30.4	48;36889;39303;-;51.1	48;36889;39303;-;99.0	47;36134;36892;-;34.3	45;33872;35179;-;91.1		44;33168;33842;-;147.4	43;32287;33159;-;159.1	41;30616;31872;-;190.4	36;24856;26478;-;175.5			conjscan	conjscan_only	B	6/7	canonical	1	0	unscoreable	19	0	0														not_admitted	not_admitted	not_admitted	not_admitted	not_admitted	not_admitted	not_admitted
NZ_CP045862.1	-	-	91	0	0	GA	1	12;11587;12102;-;50.2	41;34684;35013;-;65.9	40;34359;34673;-;30.4	39;31904;34318;-;48.7	39;31904;34318;-;99.0	38;31149;31907;-;34.3	36;28878;30194;-;100.2		34;27986;28660;-;144.3	33;27105;27977;-;159.7	31;25434;26690;-;191.9	26;19668;21290;-;176.9	5;4728;6689;-;40.9		conjscan	conjscan_only	A	7/7	canonical	1	0	unscoreable	26	0	0														not_admitted	not_admitted	not_admitted	not_admitted	not_admitted	not_admitted	not_admitted
NZ_CP045934.1	MPF_F	IncFII(pSE11)	101	0	0	GA	0															not_admitted	not_admitted	not_admitted	not_admitted	not_admitted	not_admitted	not_admitted	not_admitted	not_admitted	not_admitted	1	71;54138;55130;+;369.5	85;61854;63227;+;386.0	78;58906;59649;+;234.4	68;50499;53129;+;297.8	86;63224;66049;+;386.5	60;45627;47054;+;94.3	68;50499;53129;+;98.7	58;44346;44912;+;174.3	73;55474;56112;+;68.6	76;56824;58629;+;267.0	90;68291;70534;+;382.0	63;47938;48453;+;78.4	90;68291;70534;+;66.8	A	9/9	contiguous	23945	1	1	66046..66555+;169;unnamed;0
NZ_CP045935.1	MPF_T	IncI2(Delta)	74	0	0	GA	1	39;29038;29520;-;81.1		53;44592;44876;-;36.6	52;42229;44586;-;60.7	52;42229;44586;-;44.0	63;50483;51127;-;41.0	64;51133;52128;-;123.7		50;41329;42063;-;144.4	49;40562;41332;-;170.5	48;39433;40572;-;154.7	42;31289;32827;-;207.5	46;36385;38343;-;288.2		pfam	pfam_only	A	7/7	rearranged	1	0	unscoreable	14	0	0														not_admitted	not_admitted	not_admitted	not_admitted	not_admitted	not_admitted	not_admitted
NZ_CP045943.1	MPF_F	IncFII(pSE11)	106	0	0	GA	0															not_admitted	not_admitted	not_admitted	not_admitted	not_admitted	not_admitted	not_admitted	not_admitted	not_admitted	not_admitted	1	76;56726;57718;+;369.5	90;64442;65815;+;386.0	83;61494;62237;+;234.4	73;53087;55717;+;297.8	91;65812;68637;+;386.5	65;48215;49642;+;93.9	73;53087;55717;+;98.7	63;46934;47500;+;174.3	78;58062;58700;+;68.6	81;59412;61217;+;267.0	95;70879;73095;+;382.1	68;50526;51041;+;78.4	95;70879;73095;+;66.8	A	9/9	contiguous	23945	1	1	68634..69143+;169;unnamed;0
NZ_CP045950.1	MPF_F	IncFIB(S);IncFII(S);IncFII(pAR0022)	116	0	0	GA	0															not_admitted	not_admitted	not_admitted	not_admitted	not_admitted	not_admitted	not_admitted	not_admitted	not_admitted	not_admitted	1	41;38263;39255;-;366.7	32;31633;33015;-;392.4	35;34047;34796;-;231.0	44;40242;42890;-;314.1	31;28814;31636;-;392.2	52;45423;46844;-;91.5	44;40242;42890;-;97.8	54;47571;48137;-;188.1	39;37313;37951;-;70.6	37;35034;36860;-;268.1	28;24998;27160;-;374.1	49;44102;44617;-;96.7	28;24998;27160;-;72.1	A	9/9	contiguous	22573	1	1	28304..28792-;162;TraS;0
NZ_CP045953.1	MPF_F	IncC	184	0	0	GA	0															not_admitted	not_admitted	not_admitted	not_admitted	not_admitted	not_admitted	not_admitted	not_admitted	not_admitted	not_admitted	1	84;63240;64232;-;369.3	75;56856;58178;-;379.6	80;59768;60541;-;234.0	87;65241;67871;-;303.5	73;52765;55590;-;386.0	94;71149;72576;-;94.3	87;65241;67871;-;98.5	96;73291;73857;-;183.8	83;62593;63231;-;68.7	82;60788;62596;-;268.0	70;49054;51261;-;391.7	90;69506;70021;-;78.6	70;49054;51261;-;70.3	A	9/9	contiguous	24237	1	1	52259..52768-;169;unnamed;0
NZ_CP045957.1	MPF_T	IncP1	48	0	0	GA	1	33;28922;29695;-;21.5	44;38871;39254;-;68.3	43;38542;38868;-;50.2	42;36002;38545;-;99.2	42;36002;38545;-;108.9	37;31765;32535;-;107.5	35;30030;31625;-;119.8		41;35298;36005;-;88.1	40;34392;35282;-;156.2	38;32548;33942;-;218.2	45;39368;40324;-;133.6	18;14574;16517;+;443.4		conjscan	conjscan_only	A	7/7	canonical	1	0	unscoreable	4	0	0														not_admitted	not_admitted	not_admitted	not_admitted	not_admitted	not_admitted	not_admitted
NZ_CP045959.1	MPF_F	IncFIB(pN55391)	325	0	0	GA	0															not_admitted	not_admitted	not_admitted	not_admitted	not_admitted	not_admitted	not_admitted	not_admitted	not_admitted	not_admitted	1	233;245126;246112;-;366.4	221;236451;237833;-;389.8	224;238872;239618;-;230.0	236;247099;249747;-;296.5	220;233632;236454;-;387.7	243;252298;253722;-;92.5	236;247099;249747;-;102.6	245;254449;255015;-;187.2	228;242223;242861;-;65.0	226;239943;241769;-;270.1	217;229822;231978;-;387.7	240;250959;251474;-;77.4	217;229822;231978;-;74.0	A	9/9	contiguous	24627	1	1	233122..233610-;162;TraS;0
NZ_CP045989.1	MPF_F	IncFII(K);repB(R1701)	132	0	0	GA	0															not_admitted	not_admitted	not_admitted	not_admitted	not_admitted	not_admitted	not_admitted	not_admitted	not_admitted	not_admitted	1	78;66497;67486;-;366.0	68;59583;60950;-;381.2	72;62208;62960;-;233.7	82;68943;71582;-;258.5	67;56734;59583;-;345.6	88;74411;75835;-;89.2	82;68943;71582;-;88.7	90;76562;77128;-;169.3	77;65846;66484;-;67.0	76;63832;65787;-;259.7	63;51936;54248;-;392.7	87;73755;74339;-;54.7	63;51936;54248;-;66.5	A	9/9	contiguous	24626	1	1	56173..56721-;182;unnamed;0
NZ_CP045990.1	MPF_F	IncFII(K);IncFII(Yp);IncR	171	0	0	GA	0															not_admitted	not_admitted	not_admitted	not_admitted	not_admitted	not_admitted	not_admitted	not_admitted	not_admitted	not_admitted	1	75;74578;75567;-;366.0	65;67717;69087;-;381.2	69;70289;71041;-;230.7	79;77010;79649;-;258.5	64;64874;67717;-;346.5	87;82908;84332;-;89.2	79;77010;79649;-;88.7	89;85059;85625;-;169.3	74;73927;74565;-;67.0	73;71913;73868;-;259.7	60;59977;62289;-;392.8	86;82210;82794;-;55.4	60;59977;62289;-;65.9	A	9/9	contiguous	25082	1	1	64339..64863-;174;unnamed;0
NZ_CP045991.1	MPF_F	IncFIB(K);IncFII(K)	192	0	0	GA	0															not_admitted	not_admitted	not_admitted	not_admitted	not_admitted	not_admitted	not_admitted	not_admitted	not_admitted	not_admitted	1	85;88117;89109;-;366.6	75;81233;82600;-;381.2	79;83857;84609;-;232.2	88;90135;92774;-;259.3	74;78384;81233;-;346.5	96;96360;97784;-;89.3	88;90135;92774;-;88.8	98;98511;99077;-;167.0	84;87466;88104;-;67.0	83;85452;87407;-;259.2	70;74259;76568;-;392.7	94;95173;95730;-;52.5	70;74259;76568;-;66.6	A	9/9	contiguous	24252	1	1	77851..78381-;176;unnamed;0
NZ_CP045998.1	MPF_T	IncX1	72	0	0	GA	1	52;42015;42659;+;47.1	53;42643;42933;+;73.5	54;42957;45716;+;44.8	54;42957;45716;+;133.3	54;42957;45716;+;71.9	55;45718;46455;+;57.5	57;46737;47792;+;131.7		58;47982;48704;+;116.0	59;48710;49639;+;133.3	60;49636;50850;+;128.6	64;52763;53218;+;38.4	65;53223;55058;+;543.4		pfam	pfam_only	A	7/7	canonical	1	1	unscoreable	4	0	0														not_admitted	not_admitted	not_admitted	not_admitted	not_admitted	not_admitted	not_admitted
NZ_CP046002.1	MPF_T	IncX1	73	0	0	GA	1	53;42013;42657;+;47.1	54;42641;42931;+;73.5	55;42955;45714;+;44.8	55;42955;45714;+;133.3	55;42955;45714;+;71.9	56;45716;46453;+;57.5	58;46735;47790;+;131.7		59;47980;48702;+;116.0	60;48708;49637;+;133.3	61;49634;50848;+;128.6	65;52761;53216;+;38.4	66;53221;55056;+;543.4		pfam	pfam_only	A	7/7	canonical	1	1	unscoreable	4	0	0														not_admitted	not_admitted	not_admitted	not_admitted	not_admitted	not_admitted	not_admitted
NZ_CP046004.1	MPF_F	IncFIA(HI1);IncHI1A;IncHI1B(R27)	248	0	0	GA	0															not_admitted	not_admitted	not_admitted	not_admitted	not_admitted	not_admitted	not_admitted	not_admitted	not_admitted	not_admitted	1	236;204134;205186;+;277.6	124;107233;108648;-;201.7	125;108638;109684;-;171.3	218;182007;184688;+;160.6	123;103235;107224;-;103.1	214;178301;179659;+;84.0	218;182007;184688;+;76.5	211;175849;176634;+;68.7	234;202481;203989;+;65.6	237;205209;208385;+;58.9	131;116618;118702;+;50.2	217;181048;181998;+;45.2	131;116618;118702;+;36.5	A	9/9	split_3	101974	0	1	
NZ_CP046007.1	MPF_F	IncFIA(HI1);IncHI1A;IncHI1B(R27)	211	0	0	GA	0															not_admitted	not_admitted	not_admitted	not_admitted	not_admitted	not_admitted	not_admitted	not_admitted	not_admitted	not_admitted	1	61;54323;55375;-;277.6	173;150862;152277;+;201.7	172;149826;150872;+;171.3	79;74821;77502;-;160.6	174;152286;156275;+;103.1	83;79850;81208;-;84.0	79;74821;77502;-;76.5	86;82875;83660;-;68.7	63;55520;57028;-;65.6	60;51124;54300;-;58.9	166;140807;142891;-;50.2	80;77511;78461;-;45.2	166;140807;142891;-;36.5	A	9/9	split_2	101162	0	1	
NZ_CP046026.1	MPF_F	-	124	0	0	GA	0															not_admitted	not_admitted	not_admitted	not_admitted	not_admitted	not_admitted	not_admitted	not_admitted	not_admitted	not_admitted	1	113;93358;94413;+;269.2	2;1796;3205;+;230.0	1;749;1780;+;213.9	109;88879;91365;+;211.5	3;3225;6458;+;215.1	106;86163;87455;+;117.6	109;88879;91365;+;113.3	104;84512;85165;+;92.3	112;92138;93358;+;45.5	5;6930;9701;+;119.2	98;80119;82032;+;20.5	107;87472;87984;+;68.8	98;80119;82032;+;24.6	A	9/9	split_2	92609	0	1	
NZ_CP046036.1	MPF_T	-	55	0	0	GA	1	31;26230;26937;+;36.3			33;27622;30174;+;76.3		34;30171;30857;+;49.4	36;31254;32186;+;127.3		37;32594;33382;+;101.4	38;33372;34181;+;136.2	39;34168;35538;+;127.8	40;35548;36579;+;48.5	43;37293;38945;+;246.2		pfam	pfam_only	A	7/7	canonical	1	0	unscoreable	4	0	0														not_admitted	not_admitted	not_admitted	not_admitted	not_admitted	not_admitted	not_admitted
NZ_CP046038.1	MPF_T	rep38	57	0	0	GA	1				24;23638;25653;+;23.5									30;29679;31229;+;462.5		none	none	D	2/7	uncallable	0	0	unscoreable	5	0	0														not_admitted	not_admitted	not_admitted	not_admitted	not_admitted	not_admitted	not_admitted
NZ_CP046050.1	MPF_F	-	174	0	0	GA	0															not_admitted	not_admitted	not_admitted	not_admitted	not_admitted	not_admitted	not_admitted	not_admitted	not_admitted	not_admitted	1	105;101017;102072;+;269.2	117;114267;115676;+;230.0	116;113220;114251;+;213.9	101;96538;99024;+;211.5	118;115696;118929;+;215.1	98;93822;95114;+;117.6	101;96538;99024;+;113.3	96;92171;92824;+;92.3	104;99797;101017;+;45.5	120;119401;122172;+;119.2	90;87778;89691;+;20.5	99;95131;95643;+;68.8	90;87778;89691;+;24.6	A	9/9	contiguous	31623	0	1	
NZ_CP046053.1	-	-	129	0	0	GA	1	111;129494;130213;-;77.4	110;129177;129497;-;71.0	109;128883;129116;-;52.7	108;126434;128869;-;130.2	108;126434;128869;-;91.8	106;124999;125724;-;45.2	104;123673;124785;-;129.5		103;122910;123662;-;167.9	102;122029;122913;-;196.9	101;120649;122010;-;199.4	100;119697;120701;-;134.7	99;117261;119687;-;252.5		pfam	pfam_only	A	7/7	canonical	1	0	unscoreable	2	0	0														not_admitted	not_admitted	not_admitted	not_admitted	not_admitted	not_admitted	not_admitted
NZ_CP046067.1	-	-	384	0	0	GA	0															not_admitted	not_admitted	not_admitted	not_admitted	not_admitted	not_admitted	not_admitted	not_admitted	not_admitted	not_admitted	1	254;268882;269895;-;352.3	250;264497;265879;-;271.2	251;265866;266591;-;137.9	257;270871;273462;-;207.1	249;261831;264500;-;246.1	259;273819;275207;-;78.7	257;270871;273462;-;81.5	261;275913;276479;-;84.8	253;268290;268871;-;77.1	252;266594;268300;-;213.9	248;260033;261847;-;365.9		248;260033;261847;-;76.0	B	8/9	contiguous	15880	1	1	260033..261847-;604;unnamed;0
NZ_CP046117.1	MPF_F	IncFII(pHN7A8)	88	0	0	GA	0															not_admitted	not_admitted	not_admitted	not_admitted	not_admitted	not_admitted	not_admitted	not_admitted	not_admitted	not_admitted	1	61;48848;49840;+;369.5	74;56673;58046;+;376.8	69;54364;55107;+;234.4	58;45212;47839;+;301.8	75;58043;60859;+;376.7	53;41730;43157;+;94.1	58;45212;47839;+;101.8	51;40449;41015;+;183.8	64;50786;51424;+;70.4	67;52237;54087;+;265.0	79;63160;65385;+;391.7	57;44181;44696;+;78.0	79;63160;65385;+;70.3	A	9/9	contiguous	22711	1	1	60892..61413+;173;unnamed;0
NZ_CP046118.1	MPF_T	IncN	78	0	0	GA	1	16;12340;13074;+;32.5		19;13717;14034;+;63.3	20;14034;16634;+;116.1	20;14034;16634;+;76.4	21;16652;17365;+;105.5	23;17616;18656;+;142.4		24;18875;19573;+;131.9	25;19584;20468;+;159.7	26;20468;21628;+;156.3	27;21670;22665;+;81.2	55;47398;48927;-;38.5		pfam	both	A	7/7	canonical	1	0	unscoreable	3	0	0														not_admitted	not_admitted	not_admitted	not_admitted	not_admitted	not_admitted	not_admitted
NZ_CP046164.1	-	-	383	0	0	GA	0															not_admitted	not_admitted	not_admitted	not_admitted	not_admitted	not_admitted	not_admitted	not_admitted	not_admitted	not_admitted	1	95;124072;125085;-;352.3	91;119687;121069;-;271.2	92;121056;121781;-;137.9	98;126061;128652;-;207.0	90;117021;119690;-;246.1	100;129009;130397;-;78.7	98;126061;128652;-;82.8	102;131103;131669;-;84.8	94;123480;124061;-;77.1	93;121784;123490;-;213.9	89;115223;117037;-;365.9		89;115223;117037;-;76.0	B	8/9	contiguous	15880	1	1	115223..117037-;604;unnamed;0
NZ_CP046254.1	MPF_T	-	157	0	0	GA	1	58;69481;70149;-;44.7	57;69146;69484;-;78.3	56;68799;69149;-;86.9	55;66395;68806;-;158.0	55;66395;68806;-;117.0	54;65675;66391;-;197.9	52;64510;65454;-;125.9		51;63477;64175;-;173.4	50;62623;63480;-;197.6	49;61396;62619;-;185.4	48;60388;61392;-;98.2	47;58443;60404;-;337.1		pfam	both	A	7/7	canonical	1	0	unscoreable	1	0	0														not_admitted	not_admitted	not_admitted	not_admitted	not_admitted	not_admitted	not_admitted
NZ_CP046256.1	MPF_F	-	228	0	0	GA	0															not_admitted	not_admitted	not_admitted	not_admitted	not_admitted	not_admitted	not_admitted	not_admitted	not_admitted	not_admitted	1	166;163135;164154;-;396.3	162;157962;159428;-;369.2	163;159428;160243;-;235.0	172;166629;169214;-;474.4	161;155125;157932;-;358.9	175;171085;172422;-;107.3	172;166629;169214;-;98.5	177;173260;173841;-;194.0	165;162377;163123;-;117.1	164;160515;162380;-;286.4	134;128683;130989;+;555.1	173;169216;170226;-;28.8	134;128683;130989;+;59.4	A	9/9	split_2	44577	0	1	
NZ_CP046261.1	MPF_F	IncFII	77	0	0	GA	0															not_admitted	not_admitted	not_admitted	not_admitted	not_admitted	not_admitted	not_admitted	not_admitted	not_admitted	not_admitted	1	53;40220;41212;+;369.5	63;46991;48364;+;381.7	58;44318;45061;+;234.4	50;36581;39211;+;304.1	64;48361;51183;+;374.0	43;32131;33582;+;94.2	50;36581;39211;+;97.1	41;30850;31416;+;174.3	55;41556;42194;+;68.6	56;42191;44041;+;266.1	68;53455;55707;+;391.1	46;34442;34957;+;78.4	68;53455;55707;+;70.3	A	9/9	contiguous	22605	1	1	51205..51684+;159;TraS;0
NZ_CP046274.1	MPF_T	IncX3	68	0	0	GA	1	3;1915;2559;+;46.4	4;2543;2833;+;73.1	5;2858;5611;+;47.0	5;2858;5611;+;142.4	5;2858;5611;+;73.3	6;5621;6391;+;60.1	8;6670;7725;+;133.2		9;7920;8648;+;119.4	10;8654;9583;+;138.8	11;9580;10794;+;128.3	13;10990;12024;+;65.7	14;12027;13862;+;495.9		pfam	pfam_only	A	7/7	canonical	1	1	unscoreable	2	0	0														not_admitted	not_admitted	not_admitted	not_admitted	not_admitted	not_admitted	not_admitted
NZ_CP046282.1	MPF_F	IncFIB(S);IncFII(S);IncFII(pAR0022)	117	0	0	GA	0															not_admitted	not_admitted	not_admitted	not_admitted	not_admitted	not_admitted	not_admitted	not_admitted	not_admitted	not_admitted	1	40;36922;37914;-;366.7	31;30292;31674;-;392.4	34;32706;33455;-;231.0	43;38901;41549;-;314.0	30;27473;30295;-;394.4	51;44082;45503;-;91.5	43;38901;41549;-;97.8	53;46230;46796;-;188.1	38;35972;36610;-;70.6	36;33693;35519;-;271.0	27;23657;25819;-;374.1	48;42761;43276;-;96.7	27;23657;25819;-;72.1	A	9/9	contiguous	22573	1	1	26963..27451-;162;TraS;0
NZ_CP046318.1	MPF_T	-	47	0	0	GA	1	36;28308;28853;-;54.1	1;1189;1485;-;63.4	0;902;1189;-;45.0	46;36537;38045;-;54.2		43;33904;34692;-;57.9	41;32418;33605;-;44.1		40;31702;32397;-;121.6	39;30531;31691;-;167.7	37;28846;30087;-;214.6	2;1495;2433;-;129.4	31;23684;25507;-;320.4		conjscan	both	A	7/7	canonical	1	0	unscoreable	8	0	0														not_admitted	not_admitted	not_admitted	not_admitted	not_admitted	not_admitted	not_admitted
NZ_CP046330.1	MPF_T	-	176	0	0	GA	1	85;81707;82129;-;76.2	92;88487;88834;+;32.1		94;89159;91615;+;69.1	94;89159;91615;+;95.2		96;92403;93455;+;76.6		90;86312;87019;-;116.4	89;85383;86294;-;167.6	88;84139;85383;-;175.4	80;75385;77202;-;135.8	98;94693;96561;+;35.1		none	none	A	7/7	canonical	0	0	unscoreable	9	0	0														not_admitted	not_admitted	not_admitted	not_admitted	not_admitted	not_admitted	not_admitted
NZ_CP046347.1	MPF_F	IncFII(S);IncFII(SARC14)	128	0	0	GA	0															not_admitted	not_admitted	not_admitted	not_admitted	not_admitted	not_admitted	not_admitted	not_admitted	not_admitted	not_admitted	1	114;103623;104618;+;357.6	120;108859;110220;+;336.5	118;107446;108222;+;194.9	111;99939;102530;+;221.4	121;110222;113119;+;292.8	108;97507;98868;+;81.6	111;99939;102530;+;87.8	106;96227;96790;+;137.0	116;104985;105599;+;79.9	117;105596;107449;+;259.9		110;99314;99928;+;47.5		A	9/9	contiguous	13995	1	1	113131..113691+;186;unnamed;0
NZ_CP046349.1	-	-	50	0	0	GA	1	8;8404;9348;-;33.7	28;27141;27608;+;68.9	29;27608;27922;+;47.7	30;27936;30443;+;91.4	30;27936;30443;+;113.3	31;30412;31200;+;48.2	33;31408;33120;+;87.7		35;33512;34228;+;104.8	36;34246;35172;+;141.1	38;35628;37130;+;208.3	27;26147;27130;+;133.7	10;9908;11890;-;352.9		conjscan	conjscan_only	A	7/7	canonical	1	0	unscoreable	5	0	0														not_admitted	not_admitted	not_admitted	not_admitted	not_admitted	not_admitted	not_admitted
NZ_CP046382.1	MPF_F	IncFIB(K);IncFII(K)	228	0	0	GA	0															not_admitted	not_admitted	not_admitted	not_admitted	not_admitted	not_admitted	not_admitted	not_admitted	not_admitted	not_admitted	1	158;149944;150933;-;366.6	148;143030;144397;-;380.5	152;145655;146407;-;230.7	162;152376;155015;-;258.5	147;140187;143030;-;346.5	173;158983;160407;-;88.0	162;152376;155015;-;88.7	175;161134;161538;-;122.3	157;149293;149931;-;66.9	156;147279;149234;-;259.7	143;135290;137602;-;392.8	170;157787;158371;-;53.8	143;135290;137602;-;65.9	A	9/9	contiguous	25844	1	1	139652..140176-;174;unnamed;0
NZ_CP046384.1	MPF_F	IncFIB(pQil)	136	0	0	GA	0															not_admitted	not_admitted	not_admitted	not_admitted	not_admitted	not_admitted	not_admitted	not_admitted	not_admitted	not_admitted	1	82;74906;75895;-;366.6	72;67992;69359;-;380.5	76;70617;71369;-;233.7	86;77338;79977;-;255.1	71;65170;67992;-;346.6	94;83234;84658;-;89.2	86;77338;79977;-;88.7	96;85385;85951;-;167.9	81;74255;74893;-;67.0	80;72241;74196;-;259.7		93;82536;83120;-;55.4		A	9/9	contiguous	20215	1	1	64656..65147-;163;TraS;0
NZ_CP046413.1	-	-	123	0	0	GA	1	28;37309;37824;-;49.2	53;59791;60120;-;65.8	52;59466;59780;-;30.7	51;57011;59425;-;48.2	51;57011;59425;-;99.1	50;56256;57014;-;35.9	48;53988;55301;-;95.5		46;53096;53770;-;144.9	45;52215;53087;-;159.7	43;50544;51800;-;190.6	38;44770;46392;-;177.0	21;30269;32230;-;40.1		conjscan	conjscan_only	A	7/7	canonical	1	0	unscoreable	22	0	0														not_admitted	not_admitted	not_admitted	not_admitted	not_admitted	not_admitted	not_admitted
NZ_CP046414.1	-	-	81	0	0	GA	1	69;58172;58687;+;49.4	41;35458;35787;+;65.8	42;35798;36112;+;30.4	43;36152;38566;+;51.1	43;36152;38566;+;99.0	44;38563;39321;+;33.7	46;40276;41586;+;98.8		47;41600;42274;+;144.4	48;42283;43167;+;159.6	50;43582;44838;+;189.9	55;48975;50597;+;165.5			conjscan	conjscan_only	B	6/7	canonical	1	0	unscoreable	19	0	0														not_admitted	not_admitted	not_admitted	not_admitted	not_admitted	not_admitted	not_admitted
NZ_CP046417.1	MPF_F	IncFIB(AP001918);IncFIC(FII)	134	0	0	GA	0															not_admitted	not_admitted	not_admitted	not_admitted	not_admitted	not_admitted	not_admitted	not_admitted	not_admitted	not_admitted	1	64;57117;58109;-;369.3	56;51048;52421;-;380.7	60;53642;54385;-;232.7	67;59118;61745;-;303.5	55;48229;51051;-;380.3	71;63657;65084;-;94.3	67;59118;61745;-;100.3	73;65799;66365;-;182.6	63;56470;57108;-;68.3	62;54665;56473;-;267.5	52;44533;46695;-;391.8	68;62261;62776;-;78.0	52;44533;46695;-;70.4	A	9/9	contiguous	21266	1	1	47711..48208-;165;TraS;0
NZ_CP046418.1	MPF_T	IncX4	44	0	0	GA	1	23;15580;16200;+;41.6	24;16214;16540;+;64.4	25;16559;19306;+;63.8	25;16559;19306;+;151.8	25;16559;19306;+;46.1	26;19318;20034;+;95.7	27;20046;20726;+;151.4		32;22991;23677;+;169.0	33;23674;24582;+;142.4	34;24575;25693;+;163.9	35;25695;26723;+;85.0	36;26755;28572;+;314.8		pfam	pfam_only	A	7/7	canonical	1	1	unscoreable	4	0	0														not_admitted	not_admitted	not_admitted	not_admitted	not_admitted	not_admitted	not_admitted
NZ_CP046430.1	MPF_T	IncY	88	0	0	GA	1	63;60986;61648;+;48.3	64;61659;61958;+;36.6	65;61968;64718;+;61.8	65;61968;64718;+;132.4	65;61968;64718;+;47.3	66;64737;65453;+;137.0	68;65767;66774;+;137.8		70;66984;67670;+;158.3	71;67663;68556;+;147.4	72;68553;69749;+;134.7	73;69753;70802;+;71.5	80;75540;77447;+;24.4		pfam	pfam_only	A	7/7	canonical	1	1	unscoreable	8	0	0														not_admitted	not_admitted	not_admitted	not_admitted	not_admitted	not_admitted	not_admitted
NZ_CP046442.1	MPF_T	-	132	0	0	GA	1	104;86722;87438;+;39.4			106;88123;90675;+;74.0		107;90672;91358;+;56.3	109;91755;92687;+;134.0		111;93098;93886;+;97.3	112;93876;94685;+;137.6	113;94672;96039;+;128.2	114;96049;97107;+;55.2	119;98276;99937;+;247.3		pfam	pfam_only	A	7/7	canonical	1	0	unscoreable	6	0	0														not_admitted	not_admitted	not_admitted	not_admitted	not_admitted	not_admitted	not_admitted
NZ_CP046443.1	MPF_T	-	54	0	0	GA	1	24;18898;19614;+;38.9			26;20299;22851;+;74.0		27;22848;23534;+;57.0	29;23931;24863;+;133.6		30;25274;26062;+;99.0	31;26052;26861;+;135.0	32;26848;28206;+;125.9	33;28216;29274;+;55.2	39;32995;34656;+;265.5		pfam	pfam_only	A	7/7	canonical	1	0	unscoreable	6	0	0														not_admitted	not_admitted	not_admitted	not_admitted	not_admitted	not_admitted	not_admitted
NZ_CP046480.1	MPF_T	-	28	0	0	GA	1	5;6735;7355;+;63.5	22;19425;19730;+;50.4	23;19744;20112;+;86.7	24;20112;22553;+;165.6	24;20112;22553;+;104.3	25;22550;23260;+;176.4	27;23577;24524;+;150.3			0;66;875;+;166.7	1;872;2086;+;174.7	2;2086;3147;+;93.8	3;3157;5076;+;327.3		pfam	both	B	6/7	canonical	1	0	unscoreable	2	0	0														not_admitted	not_admitted	not_admitted	not_admitted	not_admitted	not_admitted	not_admitted
NZ_CP046483.1	MPF_T	-	52	0	0	GA	1	5;7558;8148;-;63.3	49;40368;40682;-;74.8	48;40099;40365;-;36.5	47;37462;40032;-;35.7	47;37462;40032;-;105.6	46;36663;37442;-;56.2	44;34617;36095;-;86.8		43;33900;34610;-;128.3	42;32880;33872;-;167.8	41;31521;32864;-;214.8	50;40761;41762;-;113.4	3;2237;4300;-;351.3		conjscan	conjscan_only	A	7/7	canonical	1	0	unscoreable	3	0	0														not_admitted	not_admitted	not_admitted	not_admitted	not_admitted	not_admitted	not_admitted
NZ_CP046485.1	MPF_T	-	50	0	0	GA	1	0;558;1148;-;63.3	45;35044;35358;-;80.9	44;34776;35042;-;39.2	43;32141;34711;-;38.3	43;32141;34711;-;110.3	42;31343;32122;-;55.6	40;29510;30988;-;88.1		39;28793;29503;-;126.9	38;27774;28766;-;168.2	37;26406;27758;-;211.8	46;35571;36584;-;121.9	48;37069;39126;-;351.5		conjscan	conjscan_only	A	7/7	canonical	1	0	unscoreable	3	0	0														not_admitted	not_admitted	not_admitted	not_admitted	not_admitted	not_admitted	not_admitted
NZ_CP046487.1	MPF_T	-	51	0	0	GA	1	10;12925;13515;-;63.3	5;5585;5899;-;80.9	4;5317;5583;-;39.2	3;2682;5252;-;38.3	3;2682;5252;-;110.3	2;1884;2663;-;55.6	0;51;1529;-;87.0		50;39339;39989;-;127.4	49;38320;39312;-;168.8	48;36952;38304;-;211.8	6;6112;7125;-;121.9	8;7610;9667;-;351.5		conjscan	conjscan_only	A	7/7	canonical	1	0	unscoreable	4	0	0														not_admitted	not_admitted	not_admitted	not_admitted	not_admitted	not_admitted	not_admitted
NZ_CP046489.1	MPF_T	-	51	0	0	GA	1	43;32808;33398;+;63.3	48;40424;40738;+;80.9	49;40740;41006;+;39.2	0;26;1813;+;29.1		1;1832;2611;+;55.6	3;2966;4444;+;87.0		4;4451;5161;+;126.9	5;5188;6180;+;168.2	6;6196;7548;+;211.8	47;39198;40211;+;121.9	45;36656;38713;+;351.5		conjscan	conjscan_only	A	7/7	canonical	1	0	unscoreable	4	0	0														not_admitted	not_admitted	not_admitted	not_admitted	not_admitted	not_admitted	not_admitted
NZ_CP046490.1	MPF_T	-	29	0	0	GA	1	10;11474;12094;+;63.5	27;24164;24469;+;50.4	28;24483;24851;+;86.7	0;15;1640;+;89.1		1;1637;2347;+;176.4	3;2664;3611;+;150.3		4;3912;4790;+;126.4	5;4787;5614;+;166.3	6;5611;6825;+;174.7	7;6825;7886;+;93.8	8;7896;9815;+;327.2		pfam	both	A	7/7	canonical	1	0	unscoreable	2	0	0														not_admitted	not_admitted	not_admitted	not_admitted	not_admitted	not_admitted	not_admitted
NZ_CP046492.1	MPF_T	-	41	0	0	GA	1	2;1536;2438;+;41.4	32;26013;26390;+;71.2	33;26387;26686;+;50.8	34;26673;29342;+;65.2	34;26673;29342;+;81.6	35;29345;30007;+;75.9	38;30651;31511;+;146.7		39;31508;32182;+;92.2	40;32207;32989;+;201.0	0;7;516;+;141.7	1;527;1549;+;111.7	8;7182;8756;-;70.4		pfam	both	A	7/7	canonical	1	0	unscoreable	7	0	0														not_admitted	not_admitted	not_admitted	not_admitted	not_admitted	not_admitted	not_admitted
NZ_CP046503.1	-	pKPC-CAV1321	395	0	0	GA	0															not_admitted	not_admitted	not_admitted	not_admitted	not_admitted	not_admitted	not_admitted	not_admitted	not_admitted	not_admitted	1	270;215531;216598;+;276.8	290;232512;233954;+;260.7	289;231415;232515;+;198.4	266;210937;213423;+;223.8	291;233969;237487;+;240.0	77;68289;69509;-;216.3	266;210937;213423;+;120.8	260;204403;205029;+;87.1	269;214221;215534;+;41.0	293;237923;240580;+;136.9	254;199879;201855;+;22.7	263;207706;208272;+;71.6	254;199879;201855;+;33.5	A	9/9	split_2	169634	0	1	
NZ_CP046540.1	MPF_F	IncFII(29)	86	0	0	GA	0															not_admitted	not_admitted	not_admitted	not_admitted	not_admitted	not_admitted	not_admitted	not_admitted	not_admitted	not_admitted	1	57;45232;46224;+;368.5	72;53912;55285;+;374.3	65;50742;51485;+;232.2	54;41596;44223;+;303.4	73;55282;58128;+;376.2	49;38347;39801;+;92.5	54;41596;44223;+;98.2	47;37066;37632;+;171.7	60;47177;47815;+;70.4	63;48628;50478;+;262.7	77;60370;62586;+;391.7	52;40565;41080;+;80.1	77;60370;62586;+;70.4	A	9/9	contiguous	23304	1	1	58125..58634+;169;unnamed;0
NZ_CP046560.1	-	IncFII(SARC14)	50	0	0	GA	1	9;8184;8840;-;38.5	8;7865;8197;-;35.3		6;5741;7471;-;68.5											none	none	D	1/7	uncallable	0	0	unscoreable	1	0	0														not_admitted	not_admitted	not_admitted	not_admitted	not_admitted	not_admitted	not_admitted
NZ_CP046563.1	-	IncFII(Yp);IncFII(pAR0022)	82	0	0	GA	0															not_admitted	not_admitted	not_admitted	not_admitted	not_admitted	not_admitted	not_admitted	not_admitted	not_admitted	not_admitted	1	30;29024;30013;-;354.8	12;14950;16317;-;344.7	24;23130;23924;-;200.7	36;32056;34659;-;234.1	11;12062;14950;-;317.2	39;35576;36931;-;91.3	36;32056;34659;-;117.7	45;40354;40920;-;110.2	29;28399;29013;-;59.2	28;26834;28402;-;174.3	8;8876;11065;-;364.9	37;34662;35207;-;48.4	8;8876;11065;-;61.6	A	9/9	contiguous	31478	1	1	11487..12020-;177;unnamed;0
NZ_CP046571.1	MPF_T	-	43	0	0	GA	1		34;26843;27139;-;37.3	33;26503;26823;-;63.8	32;23882;26500;-;91.4	32;23882;26500;-;81.9	31;23087;23794;-;108.7	29;21645;22709;-;130.6		28;20629;21354;-;129.7	27;19728;20627;-;176.9	26;18593;19738;-;180.0	25;17578;18603;-;73.3	21;11779;13326;+;72.8		pfam	both	A	7/7	canonical	1	0	unscoreable	4	0	0														not_admitted	not_admitted	not_admitted	not_admitted	not_admitted	not_admitted	not_admitted
NZ_CP046587.1	MPF_F	-	224	0	0	GA	0															not_admitted	not_admitted	not_admitted	not_admitted	not_admitted	not_admitted	not_admitted	not_admitted	not_admitted	not_admitted	1	167;169519;170511;-;353.4	158;162659;164026;-;354.0	164;166224;167024;-;222.3	175;174296;176941;-;254.5	157;159730;162666;-;306.9	188;183514;184905;-;93.1	175;174296;176941;-;94.4	190;185642;186235;-;96.4	166;168883;169509;-;64.7	165;167021;168886;-;207.8	152;154767;157292;-;348.0	177;177263;177811;-;35.5	152;154767;157292;-;62.5	A	9/9	contiguous	30875	1	1	159136..159705-;189;unnamed;0
NZ_CP046610.1	MPF_F	-	171	0	0	GA	0															not_admitted	not_admitted	not_admitted	not_admitted	not_admitted	not_admitted	not_admitted	not_admitted	not_admitted	not_admitted	1	32;32497;33528;-;368.4	24;25759;27204;-;321.9	25;27204;28013;-;214.4	39;36254;38848;-;232.9	23;21821;25756;-;228.0	47;42809;44131;-;95.8	39;36254;38848;-;81.1	49;44867;45478;-;108.2	31;31712;32500;-;89.9	29;29149;30429;-;150.6	59;53920;55986;-;419.4	40;38863;39543;-;50.9	59;53920;55986;-;70.0	A	9/9	contiguous	32099	0	1	
NZ_CP046611.1	-	-	109	0	0	GA	1	73;45811;46302;-;76.5			19;14132;16681;+;78.2	19;14132;16681;+;54.8	20;16687;17382;+;108.3	22;17739;18731;+;98.2		24;18918;19736;+;77.7	25;19733;20647;+;116.9	26;20647;21930;+;136.3	78;51183;53129;+;115.9	12;6432;8066;+;47.2		pfam	both	A	7/7	canonical	1	0	unscoreable	11	0	0														not_admitted	not_admitted	not_admitted	not_admitted	not_admitted	not_admitted	not_admitted
NZ_CP046614.1	MPF_F	repFIB;repHI5B	260	0	0	GA	0															not_admitted	not_admitted	not_admitted	not_admitted	not_admitted	not_admitted	not_admitted	not_admitted	not_admitted	not_admitted	1	27;25448;26485;-;282.2			38;37354;40071;-;141.1		42;42194;43561;-;63.7	38;37354;40071;-;80.6	45;45216;46076;-;73.9	28;26482;27843;-;71.7	26;22257;25433;-;58.7		39;40120;40857;-;56.3		C	6/9	contiguous	22959	0	1	
NZ_CP046646.1	MPF_F	IncFIB(K);IncFII(K);IncFII(pAR0022)	175	0	0	GA	0															not_admitted	not_admitted	not_admitted	not_admitted	not_admitted	not_admitted	not_admitted	not_admitted	not_admitted	not_admitted	1	129;129441;130430;-;363.3	118;122255;123622;-;384.1	122;124880;125632;-;233.7	133;131887;134526;-;259.0	117;119433;122255;-;345.4	143;138493;139917;-;89.5	133;131887;134526;-;88.7	145;140644;141210;-;167.0	127;128518;129165;-;65.9	126;126504;128459;-;259.4	113;114505;116817;-;393.1	141;137297;137881;-;53.8	113;114505;116817;-;66.6	A	9/9	contiguous	26139	1	1	118808..119410-;200;TraS;0
NZ_CP046647.1	MPF_F	IncFII(K);IncFII(pAR0022);IncR	183	0	0	GA	0															not_admitted	not_admitted	not_admitted	not_admitted	not_admitted	not_admitted	not_admitted	not_admitted	not_admitted	not_admitted	1	142;111792;112784;+;362.9	156;120693;122060;+;382.2	152;118683;119435;+;225.6	139;108127;110766;+;259.1	157;122060;124903;+;341.4	129;102878;104302;+;89.2	139;108127;110766;+;83.9	127;101585;102151;+;168.4	146;114815;115462;+;64.9	148;115839;117794;+;257.4	161;127750;130050;+;392.7	131;104934;105506;+;53.5	161;127750;130050;+;66.6	A	9/9	contiguous	26165	1	1	124914..125438+;174;unnamed;0
NZ_CP046649.1	MPF_T	IncX1	59	0	0	GA	1	45;40694;41341;-;45.2	44;40420;40716;-;77.5	43;37648;40401;-;46.6	43;37648;40401;-;148.0	43;37648;40401;-;73.5	42;36879;37637;-;63.5	40;35508;36641;-;108.2		39;34548;35261;-;118.1	38;33614;34543;-;133.9	37;32412;33617;-;132.5	36;31379;32410;-;76.5	35;29541;31376;-;488.1		pfam	pfam_only	A	7/7	canonical	1	1	unscoreable	1	0	0														not_admitted	not_admitted	not_admitted	not_admitted	not_admitted	not_admitted	not_admitted
NZ_CP046657.1	MPF_T	rep38	40	0	0	GA	1				11;7380;9395;+;24.6									17;13422;14975;+;462.5		none	none	D	2/7	uncallable	0	0	unscoreable	5	0	0														not_admitted	not_admitted	not_admitted	not_admitted	not_admitted	not_admitted	not_admitted
NZ_CP046661.1	MPF_T	rep38	75	0	0	GA	1				15;13857;15872;-;24.4									9;8318;9829;-;466.1		none	none	D	2/7	uncallable	0	0	unscoreable	5	0	0														not_admitted	not_admitted	not_admitted	not_admitted	not_admitted	not_admitted	not_admitted
NZ_CP046717.1	MPF_F	IncFIA(HI1);IncHI1A;IncHI1B(R27)	214	0	0	GA	0															not_admitted	not_admitted	not_admitted	not_admitted	not_admitted	not_admitted	not_admitted	not_admitted	not_admitted	not_admitted	1	15;14859;15911;+;277.6	118;108668;110083;-;201.7	119;110073;111119;-;171.3	212;183443;186124;+;160.6	117;104670;108659;-;103.1	208;179737;181095;+;84.0	212;183443;186124;+;76.5	205;177285;178070;+;68.7	13;13206;14714;+;65.6	16;15934;19110;+;58.9	125;118054;120138;+;50.2	211;182484;183434;+;45.2	125;118054;120138;+;36.5	A	9/9	split_3	170237	0	1	
NZ_CP046718.1	MPF_F	IncFIB(AP001918);IncFII(pCoo)	181	0	0	GA	0															not_admitted	not_admitted	not_admitted	not_admitted	not_admitted	not_admitted	not_admitted	not_admitted	not_admitted	not_admitted	1	126;125648;126640;-;370.2	118;119579;120952;-;380.4	122;122173;122916;-;233.3	129;127649;130276;-;303.5	117;116760;119582;-;386.8	133;132188;133615;-;94.3	129;127649;130276;-;100.3	135;134330;134896;-;183.8	125;125001;125639;-;68.3	124;123196;125004;-;268.2	114;112938;115226;-;391.6	130;130792;131307;-;78.0	114;112938;115226;-;70.3	A	9/9	contiguous	21392	1	1	116242..116739-;165;TraS;0
NZ_CP046719.1	MPF_T	IncX4	41	0	0	GA	1	2;3383;4003;-;41.6	1;3043;3369;-;64.4	0;277;3024;-;63.8	0;277;3024;-;151.8	0;277;3024;-;46.1		39;31752;32846;-;150.1		37;30551;31237;-;169.0	36;29646;30554;-;142.4	35;28535;29653;-;163.9	34;27505;28533;-;85.0	33;25656;27473;-;314.8		none	none	A	7/7	rearranged	0	1	unscoreable	1	0	0														not_admitted	not_admitted	not_admitted	not_admitted	not_admitted	not_admitted	not_admitted
NZ_CP046773.1	MPF_F	IncC	164	0	0	GA	0															not_admitted	not_admitted	not_admitted	not_admitted	not_admitted	not_admitted	not_admitted	not_admitted	not_admitted	not_admitted	1	49;42812;43819;+;332.9	108;93032;94465;+;336.2	107;92002;93030;+;221.7	44;37613;40060;+;354.5	109;94478;98092;+;375.3	39;28741;30057;+;135.0	44;37613;40060;+;128.3	37;27217;27843;+;92.7	47;40882;42147;+;67.9	50;43935;46733;+;145.3	28;21542;23407;+;47.3	40;30054;30632;+;100.2	28;21542;23407;+;52.0	A	9/9	split_2	72936	0	1	
NZ_CP046854.1	-	-	108	0	0	GA	0															not_admitted	not_admitted	not_admitted	not_admitted	not_admitted	not_admitted	not_admitted	not_admitted	not_admitted	not_admitted	1	102;72011;73027;-;373.3	96;65332;66744;-;302.3	98;67154;68005;-;139.2	107;74797;77547;-;268.4	95;60535;65325;-;238.3	1;1264;2736;-;65.4	107;74797;77547;-;97.7	3;3512;4087;-;72.4	101;71114;72001;-;96.3	100;69505;71127;-;301.5	92;54674;56860;+;310.8		92;54674;56860;+;46.2	B	8/9	split_2	73533	0	1	
NZ_CP046873.1	MPF_T	IncP6	134	0	0	GA	1	63;51359;52276;-;38.4	75;61196;61657;-;62.4	74;60891;61187;-;30.7	73;58778;60904;-;72.6	73;58778;60904;-;67.3	71;57532;58224;-;77.5	68;56056;56919;-;136.1		67;55382;56056;-;73.0	66;54569;55354;-;178.1	65;53304;54566;-;145.4	64;52260;53294;-;91.2	56;43118;44668;+;62.4		pfam	both	A	7/7	canonical	1	0	unscoreable	9	0	0														not_admitted	not_admitted	not_admitted	not_admitted	not_admitted	not_admitted	not_admitted
NZ_CP046903.1	-	-	288	0	0	GA	0															not_admitted	not_admitted	not_admitted	not_admitted	not_admitted	not_admitted	not_admitted	not_admitted	not_admitted	not_admitted	1	257;239361;240404;+;298.6	265;245766;247175;+;261.3	264;244717;245769;+;211.7	254;235110;237584;+;274.5	266;247179;250004;+;294.9	249;225350;226663;+;131.9	254;235110;237584;+;128.3	247;223503;224138;+;86.3	256;238156;239361;+;66.2	228;205410;208700;+;114.3	242;219587;221347;+;42.4	250;226674;227150;+;84.1	242;219587;221347;+;56.5	A	9/9	contiguous	41769	0	1	
NZ_CP046917.1	-	-	177	0	0	GA	1	37;48091;48510;+;70.6			100;97864;100341;+;67.8	100;97864;100341;+;75.8		102;101105;102154;+;38.0		32;43168;43872;+;93.0	33;43869;44762;+;159.9	34;44765;46036;+;168.0	42;52871;55054;+;144.4	104;103569;105449;+;45.3		none	none	A	7/7	canonical	0	0	unscoreable	10	0	0														not_admitted	not_admitted	not_admitted	not_admitted	not_admitted	not_admitted	not_admitted
NZ_CP046937.1	MPF_T	-	52	0	0	GA	1				40;36193;38208;+;22.9									46;42230;43759;+;463.8		none	none	D	2/7	uncallable	0	0	unscoreable	5	0	0														not_admitted	not_admitted	not_admitted	not_admitted	not_admitted	not_admitted	not_admitted
NZ_CP046942.1	MPF_F	IncFIB(pQil)	147	0	0	GA	0															not_admitted	not_admitted	not_admitted	not_admitted	not_admitted	not_admitted	not_admitted	not_admitted	not_admitted	not_admitted	1	127;93410;93889;-;192.9	115;87534;87860;-;81.5	119;89376;89873;-;121.8	134;97153;97818;-;128.4	111;86002;86496;-;116.4		132;95840;96601;-;42.9		126;92714;93397;-;50.0	123;90745;91494;-;231.2		143;101253;101837;-;53.8		B	8/9	contiguous	15251	1	1	85664..86002-;112;unnamed;0
NZ_CP046943.1	MPF_F	IncFII(K)	44	0	0	GA	0															not_admitted	not_admitted	not_admitted	not_admitted	not_admitted	not_admitted	not_admitted	not_admitted	not_admitted	not_admitted	1	12;7718;8707;+;366.0	22;14254;15621;+;380.0	18;12244;12996;+;230.7	8;3636;6275;+;258.5	23;15621;18464;+;346.5		8;3636;6275;+;88.7		13;8720;9358;+;67.0	14;9417;11372;+;259.7	27;21049;23361;+;391.0	1;492;1076;+;55.4	27;21049;23361;+;63.6	B	8/9	contiguous	20557	1	1	18475..18999+;174;unnamed;0
NZ_CP046950.1	MPF_F	IncFIB(K);IncFII(K)	219	0	0	GA	0															not_admitted	not_admitted	not_admitted	not_admitted	not_admitted	not_admitted	not_admitted	not_admitted	not_admitted	not_admitted	1	151;149910;150899;-;366.0	141;143049;144419;-;380.7	145;145621;146373;-;230.7	155;152342;154981;-;258.5	140;140206;143049;-;346.5	166;158949;160373;-;88.0	155;152342;154981;-;88.7	168;161100;161666;-;167.9	150;149259;149897;-;67.0	149;147245;149200;-;259.7	136;135309;137621;-;392.8	163;157753;158337;-;53.8	136;135309;137621;-;65.9	A	9/9	contiguous	25791	1	1	139671..140195-;174;unnamed;0
NZ_CP046952.1	MPF_F	IncFIB(pQil)	135	0	0	GA	0															not_admitted	not_admitted	not_admitted	not_admitted	not_admitted	not_admitted	not_admitted	not_admitted	not_admitted	not_admitted	1	82;74906;75895;-;366.0	72;67992;69359;-;380.5	76;70617;71369;-;233.7	86;77338;79977;-;255.1	71;65170;67992;-;346.6	94;83234;84658;-;89.2	86;77338;79977;-;88.7	96;85385;85951;-;169.3	81;74255;74893;-;67.0	80;72241;74196;-;259.7		93;82536;83120;-;55.4		A	9/9	contiguous	20215	1	1	64656..65147-;163;TraS;0
NZ_CP046959.1	MPF_T	IncR	99	0	0	GA	1	9;5117;5602;-;82.6		28;23692;24009;-;63.3	27;21092;23692;-;113.8	27;21092;23692;-;76.4	26;20361;21074;-;105.5	24;19070;20110;-;142.4		23;18153;18851;-;131.9	22;17258;18142;-;159.7	21;16098;17258;-;156.3	20;15061;16056;-;81.2			pfam	both	B	6/7	canonical	1	0	unscoreable	13	0	0														not_admitted	not_admitted	not_admitted	not_admitted	not_admitted	not_admitted	not_admitted
NZ_CP046963.1	MPF_F	IncFII(pHN7A8);IncR	187	0	0	GA	0															not_admitted	not_admitted	not_admitted	not_admitted	not_admitted	not_admitted	not_admitted	not_admitted	not_admitted	not_admitted	1	68;54161;55153;+;369.5	81;61986;63359;+;376.8	76;59677;60420;+;234.4	65;50525;53152;+;301.8	82;63356;66172;+;376.7	60;47043;48470;+;94.1	65;50525;53152;+;101.8	58;45762;46328;+;183.8	71;56099;56737;+;70.4	74;57550;59400;+;265.0	86;68473;70698;+;391.7	64;49494;50009;+;77.6	86;68473;70698;+;70.3	A	9/9	contiguous	22711	1	1	66205..66726+;173;unnamed;0
NZ_CP047006.1	MPF_T	IncX3	58	0	0	GA	1	30;20288;20932;+;46.4	31;20916;21206;+;73.1	32;21231;23984;+;47.0	32;21231;23984;+;142.4	32;21231;23984;+;73.3	33;23994;24764;+;61.2	35;25043;26098;+;133.2		36;26293;27021;+;119.4	37;27027;27956;+;138.8	38;27953;29167;+;128.3	40;29363;30397;+;65.7	41;30400;32235;+;495.9		pfam	pfam_only	A	7/7	canonical	1	1	unscoreable	2	0	0														not_admitted	not_admitted	not_admitted	not_admitted	not_admitted	not_admitted	not_admitted
NZ_CP047011.1	MPF_F	Col156;IncFIA;IncFIB(AP001918);IncFII	181	0	0	GA	0															not_admitted	not_admitted	not_admitted	not_admitted	not_admitted	not_admitted	not_admitted	not_admitted	not_admitted	not_admitted	1	104;93686;94678;-;369.5	94;86534;87907;-;381.7	99;89837;90580;-;234.4	107;95687;98317;-;304.1	93;83715;86537;-;374.0	115;101728;103179;-;94.2	107;95687;98317;-;97.1	117;103894;104460;-;174.3	102;92704;93342;-;68.6	101;90857;92707;-;266.1	89;79254;81443;-;391.2	112;100353;100868;-;78.4	89;79254;81443;-;70.3	A	9/9	contiguous	24640	1	1	83214..83693-;159;TraS;0
NZ_CP047014.1	MPF_T	IncI2	75	0	0	GA	1	36;32050;32532;-;81.1		51;48128;48412;-;36.6	50;45765;48122;-;58.5	50;45765;48122;-;42.8	63;53865;54506;-;42.8	64;54512;55507;-;128.5		48;44865;45599;-;144.3	47;44098;44868;-;170.5	46;42969;44108;-;154.7	39;34300;35838;-;207.1	44;39921;41879;-;289.6		pfam	pfam_only	A	7/7	rearranged	1	0	unscoreable	17	1	0														not_admitted	not_admitted	not_admitted	not_admitted	not_admitted	not_admitted	not_admitted
NZ_CP047015.1	MPF_T	IncX4	69	0	0	GA	1	63;40336;40956;+;46.3	64;40970;41296;+;64.4	65;41315;44062;+;63.8	65;41315;44062;+;151.8	65;41315;44062;+;46.1	66;44074;44790;+;94.1	67;44802;45896;+;150.1			0;142;1047;+;142.4	1;1040;2158;+;163.9	2;2160;3188;+;85.0	3;3220;5037;+;316.2		pfam	pfam_only	B	6/7	canonical	1	1	unscoreable	0	0	0														not_admitted	not_admitted	not_admitted	not_admitted	not_admitted	not_admitted	not_admitted
NZ_CP047058.1	MPF_T	IncX4	69	0	0	GA	1	43;24054;24674;+;46.9	44;24688;25014;+;64.4	45;25033;27780;+;62.7	45;25033;27780;+;151.8	45;25033;27780;+;46.1	46;27792;28508;+;97.3	47;28519;29598;+;157.5		49;30113;30799;+;169.0	50;30796;31704;+;142.3	51;31697;32815;+;162.9	52;32817;33845;+;85.0	53;33832;35694;+;317.2		pfam	pfam_only	A	7/7	canonical	1	1	unscoreable	1	0	0														not_admitted	not_admitted	not_admitted	not_admitted	not_admitted	not_admitted	not_admitted
NZ_CP047114.1	MPF_F	-	151	0	0	GA	0															not_admitted	not_admitted	not_admitted	not_admitted	not_admitted	not_admitted	not_admitted	not_admitted	not_admitted	not_admitted	1	14;18527;19582;-;268.1	2;5510;6919;-;229.6	3;6935;7942;-;214.6	18;21575;24061;-;211.5	1;2257;5490;-;215.1	21;25485;26777;-;117.6	18;21575;24061;-;113.8	23;27775;28428;-;91.1	15;19582;20802;-;45.7	150;137833;138774;-;68.4	29;30908;32821;-;20.5	20;24956;25468;-;68.8	29;30908;32821;-;24.6	A	9/9	split_2	135576	0	1	
NZ_CP047116.1	MPF_F	IncHI2;IncHI2A	200	0	0	GA	0															not_admitted	not_admitted	not_admitted	not_admitted	not_admitted	not_admitted	not_admitted	not_admitted	not_admitted	not_admitted	1	27;31208;32266;+;276.9			11;8955;11636;+;168.0		7;5270;6625;+;80.7	11;8955;11636;+;72.2	4;2758;3546;+;74.8	25;29555;31066;+;62.0	28;32285;35473;+;57.3		10;7996;8946;+;46.1		C	6/9	split_2	29527	0	1	
NZ_CP047168.1	MPF_T	-	140	0	0	GA	1	122;113843;115009;+;75.0	118;110674;110964;+;69.9	119;110974;111252;+;79.8	120;111242;113626;+;87.0	120;111242;113626;+;38.7	123;115006;115803;+;63.1	129;119957;120982;+;120.2		124;115800;116465;+;141.8	125;116462;117163;+;160.4	126;117160;118485;+;177.3	127;118487;119521;+;104.5	19;16052;18034;-;279.5		pfam	pfam_only	A	7/7	canonical	1	0	unscoreable	2	0	0														not_admitted	not_admitted	not_admitted	not_admitted	not_admitted	not_admitted	not_admitted
NZ_CP047172.1	MPF_T	-	40	0	0	GA	1		21;21621;22013;-;58.1	20;21298;21618;-;50.2	19;18746;21310;-;104.6	19;18746;21310;-;109.4	14;14449;15222;-;109.7	12;12804;14174;-;109.1		18;18033;18749;-;92.4	17;17126;18016;-;169.0	15;15241;16641;-;207.2	22;22026;22985;-;139.4	39;36002;37936;+;468.1		conjscan	both	A	7/7	canonical	1	0	unscoreable	3	0	0														not_admitted	not_admitted	not_admitted	not_admitted	not_admitted	not_admitted	not_admitted
NZ_CP047194.1	MPF_F	IncFII(pHN7A8);IncR	186	0	0	GA	0															not_admitted	not_admitted	not_admitted	not_admitted	not_admitted	not_admitted	not_admitted	not_admitted	not_admitted	not_admitted	1	102;78691;79683;-;369.5	89;70485;71858;-;376.8	94;73424;74167;-;234.4	105;80692;83319;-;301.8	88;67672;70488;-;376.7	110;85374;86801;-;94.1	105;80692;83319;-;101.8	112;87516;88082;-;183.8	99;77107;77745;-;70.4	96;74444;76294;-;265.0	84;64523;65371;-;109.5	106;83835;84350;-;77.6		A	9/9	contiguous	22993	1	1	67118..67639-;173;unnamed;0
NZ_CP047213.1	MPF_T	-	68	0	0	GA	1		43;37489;37782;+;59.1	44;37795;40563;+;75.1	44;37795;40563;+;177.8	44;37795;40563;+;86.1	49;42439;43428;+;86.1	50;43425;44420;+;116.9		52;44564;45223;+;177.9	53;45220;46110;+;162.9	54;46120;47298;+;164.3	55;47279;48292;+;93.9	57;48852;50663;+;350.9		pfam	pfam_only	A	7/7	canonical	1	1	unscoreable	6	0	0														not_admitted	not_admitted	not_admitted	not_admitted	not_admitted	not_admitted	not_admitted
NZ_CP047215.1	MPF_T	-	35	0	0	GA	1	27;20101;20646;+;54.1	16;10546;10842;+;64.2	17;10842;11129;+;45.0	18;11133;13598;+;92.4	18;11133;13598;+;86.4	20;14251;15054;+;58.9	22;15353;16540;+;44.3		23;16560;17255;+;120.6	24;17266;18426;+;166.6	26;18870;20108;+;212.3	15;9598;10536;+;131.0	32;23447;25270;+;318.8		conjscan	both	A	7/7	canonical	1	0	unscoreable	7	0	0														not_admitted	not_admitted	not_admitted	not_admitted	not_admitted	not_admitted	not_admitted
NZ_CP047217.1	MPF_T	-	64	0	0	GA	1		19;18424;18717;-;59.1	18;15643;18411;-;75.1	18;15643;18411;-;177.8	18;15643;18411;-;86.1	13;12778;13767;-;86.1	12;11786;12781;-;116.9		10;10983;11642;-;177.9	9;10096;10986;-;162.9	8;8908;10086;-;164.3	7;7914;8927;-;93.9	5;5543;7354;-;350.9		pfam	pfam_only	A	7/7	canonical	1	1	unscoreable	6	0	0														not_admitted	not_admitted	not_admitted	not_admitted	not_admitted	not_admitted	not_admitted
NZ_CP047219.1	-	-	128	0	0	GA	0															not_admitted	not_admitted	not_admitted	not_admitted	not_admitted	not_admitted	not_admitted	not_admitted	not_admitted	not_admitted	1	97;91918;92940;+;390.2	103;99022;100512;+;367.0	102;98168;99022;+;244.3	91;86843;89416;+;471.6	104;100528;103374;+;372.4	88;83646;84971;+;107.4	91;86843;89416;+;105.0	86;82261;82833;+;184.8	99;95171;95920;+;116.2	100;95922;97793;+;279.9	1;3860;6301;-;531.7		1;3860;6301;-;59.9	B	8/9	split_2	96668	0	1	
NZ_CP047221.1	-	-	68	0	0	GA	1	25;22821;23933;-;23.1	35;33485;33865;-;48.4	34;33134;33466;-;46.2	33;30558;33137;-;98.9	33;30558;33137;-;109.8	28;25914;26669;-;54.2	26;23936;25651;-;111.3		32;29852;30571;-;143.3	31;28851;29834;-;171.6	29;26695;28062;-;205.6	36;33879;34844;-;127.4	52;46287;48179;+;449.4		conjscan	conjscan_only	A	7/7	canonical	1	0	unscoreable	3	0	0														not_admitted	not_admitted	not_admitted	not_admitted	not_admitted	not_admitted	not_admitted
NZ_CP047222.1	-	-	59	0	0	GA	1	5;3472;4500;+;53.4	9;6524;6712;+;48.9	11;7010;7348;+;77.6	12;7341;9725;+;128.2	12;7341;9725;+;112.3	13;9727;10440;+;84.9	15;10737;11783;+;74.0		17;12196;12885;+;162.7	18;12882;13751;+;195.0	19;13748;15097;+;164.4	20;15097;16092;+;104.5	21;16106;18142;+;337.4		pfam	pfam_only	A	7/7	canonical	1	0	unscoreable	5	0	0														not_admitted	not_admitted	not_admitted	not_admitted	not_admitted	not_admitted	not_admitted
NZ_CP047262.1	MPF_T	-	54	0	0	GA	1	23;17975;18673;+;37.8			25;19358;21910;+;76.6		26;21907;22593;+;56.2	28;22990;23922;+;135.2		29;24341;25129;+;100.3	30;25119;25928;+;140.1	31;25915;27264;+;126.2	32;27274;28332;+;48.9	40;31475;33148;+;244.0		pfam	pfam_only	A	7/7	canonical	1	0	unscoreable	8	0	0														not_admitted	not_admitted	not_admitted	not_admitted	not_admitted	not_admitted	not_admitted
NZ_CP047270.1	MPF_F	IncC;IncFIB(pB171);IncFII(S);IncFII(SARC14)	305	0	0	GA	0															not_admitted	not_admitted	not_admitted	not_admitted	not_admitted	not_admitted	not_admitted	not_admitted	not_admitted	not_admitted	1	288;255278;256273;+;357.0	110;95229;96662;+;339.2	109;94199;95227;+;221.7	79;66133;68580;+;354.2	111;96675;100289;+;375.3	68;52822;54138;+;135.0	79;66133;68580;+;128.6	280;247531;248094;+;143.8	290;256649;257263;+;79.9	291;257260;259113;+;253.1	298;266365;268656;+;375.8	69;54135;54713;+;100.2	298;266365;268656;+;65.0	A	9/9	split_3	213543	0	1	
NZ_CP047272.1	MPF_F	IncC;IncFIB(pB171);IncFII(S);IncFII(SARC14)	307	0	0	GA	0															not_admitted	not_admitted	not_admitted	not_admitted	not_admitted	not_admitted	not_admitted	not_admitted	not_admitted	not_admitted	1	290;249967;250962;+;357.0	109;95043;96476;+;339.2	108;94013;95041;+;221.7	79;66133;68580;+;354.2	110;96489;100103;+;375.3	68;52822;54138;+;135.0	79;66133;68580;+;128.6	282;242220;242783;+;143.8	292;251338;251952;+;79.9	293;251949;253802;+;253.1	300;261054;263345;+;375.8	69;54135;54713;+;100.2	300;261054;263345;+;65.0	A	9/9	split_3	208232	0	1	
NZ_CP047274.1	MPF_F	IncC;IncFIB(pB171);IncFII(S);IncFII(SARC14)	305	0	0	GA	0															not_admitted	not_admitted	not_admitted	not_admitted	not_admitted	not_admitted	not_admitted	not_admitted	not_admitted	not_admitted	1	288;255278;256273;+;357.0	110;95229;96662;+;339.2	109;94199;95227;+;221.7	79;66133;68580;+;354.2	111;96675;100289;+;375.3	68;52822;54138;+;135.0	79;66133;68580;+;128.6	280;247531;248094;+;143.8	290;256649;257263;+;79.9	291;257260;259113;+;253.1	298;266365;268656;+;375.8	69;54135;54713;+;100.2	298;266365;268656;+;65.0	A	9/9	split_3	213543	0	1	
NZ_CP047276.1	MPF_F	IncC;IncFIB(pB171);IncFII(S);IncFII(SARC14)	315	0	0	GA	0															not_admitted	not_admitted	not_admitted	not_admitted	not_admitted	not_admitted	not_admitted	not_admitted	not_admitted	not_admitted	1	298;260481;261476;+;357.0	98;84895;86328;+;339.2	97;83865;84893;+;221.7	67;55799;58246;+;354.2	99;86341;89955;+;375.3	56;42488;43804;+;135.0	67;55799;58246;+;128.6	290;252734;253297;+;143.8	300;261852;262466;+;79.9	301;262463;264316;+;253.1	308;271568;273859;+;375.8	57;43801;44379;+;100.2	308;271568;273859;+;65.0	A	9/9	split_3	229080	0	1	
NZ_CP047278.1	MPF_F	IncC;IncFIB(pB171);IncFII(S);IncFII(SARC14)	290	0	0	GA	0															not_admitted	not_admitted	not_admitted	not_admitted	not_admitted	not_admitted	not_admitted	not_admitted	not_admitted	not_admitted	1	273;234448;235443;+;357.0	110;95229;96662;+;339.2	109;94199;95227;+;221.7	79;66133;68580;+;354.2	111;96675;100289;+;375.3	68;52822;54138;+;135.0	79;66133;68580;+;128.6	265;226701;227264;+;143.8	275;235819;236433;+;79.9	276;236430;238283;+;253.1	283;245535;247826;+;375.8	69;54135;54713;+;100.2	283;245535;247826;+;65.0	A	9/9	split_3	192713	0	1	
NZ_CP047280.1	MPF_F	IncC;IncFIB(pB171);IncFII(S);IncFII(SARC14)	298	0	0	GA	0															not_admitted	not_admitted	not_admitted	not_admitted	not_admitted	not_admitted	not_admitted	not_admitted	not_admitted	not_admitted	1	281;240645;241640;+;357.0	98;84895;86328;+;339.2	97;83865;84893;+;221.7	67;55799;58246;+;354.2	99;86341;89955;+;375.3	56;42488;43804;+;135.0	67;55799;58246;+;128.6	273;232898;233461;+;143.8	283;242016;242630;+;79.9	284;242627;244480;+;253.1	291;251732;254023;+;375.8	57;43801;44379;+;100.2	291;251732;254023;+;65.0	A	9/9	split_3	209244	0	1	
NZ_CP047282.1	MPF_F	IncC;pKPC-CAV1193	220	0	0	GA	0															not_admitted	not_admitted	not_admitted	not_admitted	not_admitted	not_admitted	not_admitted	not_admitted	not_admitted	not_admitted	1		209;175832;177265;+;339.2	208;174802;175830;+;221.7	178;146744;149191;+;354.2	210;177278;180892;+;375.3	167;133433;134749;+;135.0	178;146744;149191;+;128.6	165;131909;132535;+;92.1	181;150013;151365;+;64.6		156;126234;128099;+;47.4	168;134746;135324;+;100.2	156;126234;128099;+;52.0	C	7/9	split_2	51044	0	0	
NZ_CP047284.1	MPF_T	IncX1;IncX3	56	0	0	GA	1	38;28618;29265;-;45.5	37;28344;28640;-;76.6	36;25572;28325;-;46.6	36;25572;28325;-;147.9	36;25572;28325;-;75.3	35;24803;25561;-;67.5	33;23432;24565;-;109.2		32;22474;23187;-;120.0	31;21540;22469;-;133.7	30;20338;21543;-;132.5	29;19305;20336;-;76.3	28;17467;19302;-;486.3		pfam	pfam_only	A	7/7	canonical	1	1	unscoreable	1	0	0														not_admitted	not_admitted	not_admitted	not_admitted	not_admitted	not_admitted	not_admitted
NZ_CP047293.1	-	-	48	0	0	GA	1	9;10934;11506;+;45.4	10;11519;11806;+;59.9	11;11826;12155;+;84.6	12;12155;14509;+;152.8	12;12155;14509;+;86.3	13;14506;15222;+;130.4	15;15526;16419;+;137.9		17;16663;17349;+;179.4	18;17346;18197;+;171.0	19;18200;19366;+;167.2	20;19363;20400;+;123.3	21;20397;22523;+;367.8		pfam	both	A	7/7	canonical	1	0	unscoreable	2	0	0														not_admitted	not_admitted	not_admitted	not_admitted	not_admitted	not_admitted	not_admitted
NZ_CP047308.1	MPF_F	IncC	182	0	0	GA	0															not_admitted	not_admitted	not_admitted	not_admitted	not_admitted	not_admitted	not_admitted	not_admitted	not_admitted	not_admitted	1	109;83588;84595;+;332.9	171;135016;136449;+;339.2	170;133986;135014;+;221.7	104;78389;80836;+;354.5	172;136462;140076;+;374.5	99;69517;70833;+;135.0	104;78389;80836;+;128.3	97;67993;68619;+;92.7	107;81658;82923;+;67.9	110;84711;87509;+;145.3	88;62318;64183;+;47.3	100;70830;71408;+;100.2	88;62318;64183;+;52.0	A	9/9	split_2	74144	0	1	
NZ_CP047313.1	-	-	418	0	0	GA	0															not_admitted	not_admitted	not_admitted	not_admitted	not_admitted	not_admitted	not_admitted	not_admitted	not_admitted	not_admitted	1	344;315748;316797;-;296.8	302;279148;280593;-;281.2	303;280595;281611;-;240.2	349;319508;321925;-;265.4	301;274753;279144;-;290.3	355;332510;333859;-;134.4	349;319508;321925;-;131.6	357;334975;335613;-;86.6	346;317471;318676;-;61.2	343;312404;315742;-;125.6	362;337924;339783;-;50.4	354;331923;332444;-;75.0	362;337924;339783;-;49.8	A	9/9	split_2	63171	1	1	273751..274113-;120;unnamed;0
NZ_CP047324.1	MPF_F	IncFIB(S);IncFII(S);IncFII(pAR0022)	116	0	0	GA	0															not_admitted	not_admitted	not_admitted	not_admitted	not_admitted	not_admitted	not_admitted	not_admitted	not_admitted	not_admitted	1	97;72202;73194;+;366.7	106;78442;79824;+;392.4	103;76661;77410;+;231.0	94;68567;71215;+;314.1	107;79821;82643;+;394.4	86;64613;66034;+;91.5	94;68567;71215;+;97.8	84;63320;63886;+;188.1	99;73506;74144;+;70.6	101;74597;76423;+;271.0	110;84297;86459;+;374.1	89;66840;67355;+;96.7	110;84297;86459;+;72.1	A	9/9	contiguous	20977	1	1	82665..83153+;162;TraS;0
NZ_CP047337.1	MPF_F	IncFIA(HI1);IncFIB(K);IncFII(K);repB(R1701)	395	0	0	GA	0															not_admitted	not_admitted	not_admitted	not_admitted	not_admitted	not_admitted	not_admitted	not_admitted	not_admitted	not_admitted	1	149;130231;131220;+;366.6	165;139101;140468;+;383.3	161;137091;137843;+;233.7	373;329741;332380;-;258.7	166;140468;143317;+;346.4	136;121465;122889;+;89.2	373;329741;332380;-;88.8	134;120172;120738;+;169.3	369;327072;327710;-;67.0	151;131930;133885;+;259.7	355;313930;316239;-;393.2	137;123003;123587;+;55.2	170;145778;148087;+;65.8	A	9/9	split_2	209569	1	1	143320..143853+;177;unnamed;0
NZ_CP047341.1	-	-	68	0	0	GA	1	30;18948;19568;+;37.3	31;19570;19908;+;33.8	32;19957;20271;+;31.9	33;20275;22713;+;58.7	33;20275;22713;+;38.6	34;22710;23399;+;49.5	35;23449;24453;+;104.3		37;24615;25373;+;156.3	38;25373;26167;+;177.5	39;26167;27378;+;137.0	40;27427;28458;+;95.9	41;28504;30516;+;294.0		pfam	pfam_only	A	7/7	canonical	1	0	unscoreable	1	0	0														not_admitted	not_admitted	not_admitted	not_admitted	not_admitted	not_admitted	not_admitted
NZ_CP047345.1	MPF_F	IncC	199	0	0	GA	0															not_admitted	not_admitted	not_admitted	not_admitted	not_admitted	not_admitted	not_admitted	not_admitted	not_admitted	not_admitted	1	127;108552;109559;+;332.9	188;159970;161403;+;339.2	187;158940;159968;+;221.7	122;103353;105800;+;354.5	189;161416;165030;+;375.3	45;26117;27277;+;156.3	122;103353;105800;+;128.3	115;92957;93583;+;92.7	125;106622;107887;+;67.9	128;109675;112473;+;145.3	106;87282;89147;+;47.3	118;95794;96372;+;100.2	106;87282;89147;+;52.0	A	9/9	split_3	135299	0	1	
NZ_CP047350.1	MPF_F	IncC	199	0	0	GA	0															not_admitted	not_admitted	not_admitted	not_admitted	not_admitted	not_admitted	not_admitted	not_admitted	not_admitted	not_admitted	1	127;108554;109561;+;332.9	188;159972;161405;+;339.2	187;158942;159970;+;221.7	122;103355;105802;+;354.5	189;161418;165032;+;375.3	45;26117;27277;+;156.3	122;103355;105802;+;128.3	115;92959;93585;+;92.7	125;106624;107889;+;67.9	128;109677;112475;+;145.3	106;87284;89149;+;47.3	118;95796;96374;+;100.2	106;87284;89149;+;52.0	A	9/9	split_3	135301	0	1	
NZ_CP047353.1	MPF_F	IncC	196	0	0	GA	0															not_admitted	not_admitted	not_admitted	not_admitted	not_admitted	not_admitted	not_admitted	not_admitted	not_admitted	not_admitted	1	124;105858;106865;+;332.9	185;157276;158709;+;339.2	184;156246;157274;+;221.7	119;100659;103106;+;354.5	186;158722;162336;+;375.3	45;26117;27277;+;156.3	119;100659;103106;+;128.3	112;90263;90889;+;92.7	122;103928;105193;+;67.9	125;106981;109779;+;145.3	103;84588;86453;+;47.3	115;93100;93678;+;100.2	103;84588;86453;+;52.0	A	9/9	split_3	132605	0	1	
NZ_CP047379.1	MPF_F	IncHI2;IncHI2A	210	0	0	GA	0															not_admitted	not_admitted	not_admitted	not_admitted	not_admitted	not_admitted	not_admitted	not_admitted	not_admitted	not_admitted	1	29;32558;33616;+;276.9			13;10305;12986;+;168.0		9;6620;7975;+;80.7	13;10305;12986;+;72.2	6;4108;4896;+;74.8	27;30905;32416;+;62.0	30;33635;36823;+;57.3		12;9346;10296;+;46.1		C	6/9	split_2	29527	0	1	
NZ_CP047380.1	MPF_F	IncFIB(AP001918);IncFII(pSE11)	180	0	0	GA	0															not_admitted	not_admitted	not_admitted	not_admitted	not_admitted	not_admitted	not_admitted	not_admitted	not_admitted	not_admitted	1	126;122718;123710;-;369.3	117;116283;117656;-;379.8	122;119246;119989;-;230.4	129;124719;127346;-;306.5	116;114010;116286;-;390.0	136;129401;130828;-;87.4	129;124719;127346;-;98.6	138;131543;132109;-;183.8	125;122071;122709;-;68.4	124;120266;122074;-;268.0	108;107295;109466;-;391.8	132;127862;128377;-;78.0	108;107295;109466;-;70.3	A	9/9	contiguous	24248	1	1	113713..113988-;91;unnamed;0
NZ_CP047381.1	MPF_F	IncFII(29)	88	0	0	GA	0															not_admitted	not_admitted	not_admitted	not_admitted	not_admitted	not_admitted	not_admitted	not_admitted	not_admitted	not_admitted	1	63;51242;52234;+;369.3	74;58284;59657;+;381.0	69;55951;56694;+;233.3	60;47606;50233;+;302.3	75;59654;62473;+;376.7	55;44028;45455;+;94.3	60;47606;50233;+;99.2	53;42747;43313;+;183.8	66;53231;53869;+;68.6	67;53866;55674;+;268.0	79;64743;66968;+;390.9	59;46575;47090;+;78.4	79;64743;66968;+;70.3	A	9/9	contiguous	21996	1	1	62498..62989+;163;TraS;0
NZ_CP047390.1	MPF_T	-	257	0	0	GA	1		53;49157;49567;+;73.1	54;49560;49859;+;61.8	55;49870;52332;+;194.7	55;49870;52332;+;129.2	56;52304;53113;+;42.6	58;53337;54527;+;111.9		59;54542;55204;+;122.6	60;55255;56076;+;186.1	63;57283;57873;+;222.0	52;48196;49167;+;129.2			conjscan	conjscan_only	B	6/7	canonical	1	0	unscoreable	4	0	0														not_admitted	not_admitted	not_admitted	not_admitted	not_admitted	not_admitted	not_admitted
NZ_CP047392.1	MPF_T	-	55	0	0	GA	1	2;1619;2257;+;46.6	3;2244;2531;+;64.7	4;2550;5309;+;42.1	4;2550;5309;+;133.2	4;2550;5309;+;61.7	5;5366;6067;+;52.1	7;6346;7422;+;127.7		9;7549;8289;+;144.2	10;8294;9214;+;142.8	11;9211;10722;+;138.3	12;10724;11785;+;75.0	13;11787;13754;+;426.3		pfam	pfam_only	A	7/7	canonical	1	1	unscoreable	2	0	0														not_admitted	not_admitted	not_admitted	not_admitted	not_admitted	not_admitted	not_admitted
NZ_CP047406.1	MPF_F	IncFIA;IncFIB(AP001918);IncFII	168	0	0	GA	0															not_admitted	not_admitted	not_admitted	not_admitted	not_admitted	not_admitted	not_admitted	not_admitted	not_admitted	not_admitted	1				45;38586;41213;+;303.5			45;38586;41213;+;99.0	39;35870;36436;+;182.9			45;38586;41213;+;22.1	44;37555;38070;+;76.4		D	3/9	contiguous	2716	0	0	
NZ_CP047407.1	MPF_F	IncFII	82	0	0	GA	0															not_admitted	not_admitted	not_admitted	not_admitted	not_admitted	not_admitted	not_admitted	not_admitted	not_admitted	not_admitted	1	47;38010;39002;+;369.3	56;44064;45437;+;381.0	51;41701;42474;+;234.0	44;34371;37001;+;303.5	57;45434;48259;+;386.0	37;29666;31093;+;94.3	44;34371;37001;+;98.5	35;28385;28951;+;183.8	48;39011;39649;+;68.7	49;39646;41454;+;268.0	60;49763;51979;+;391.7	41;32221;32736;+;78.6	60;49763;51979;+;70.3	A	9/9	contiguous	21378	1	1	48256..48765+;169;unnamed;0
NZ_CP047421.1	MPF_F	IncC	182	0	0	GA	0															not_admitted	not_admitted	not_admitted	not_admitted	not_admitted	not_admitted	not_admitted	not_admitted	not_admitted	not_admitted	1	22;24195;25202;+;332.9	98;92619;94052;+;339.2	97;91589;92617;+;221.7	17;18996;21443;+;354.2	99;94065;97679;+;375.3	12;10169;11485;+;135.0	17;18996;21443;+;128.6	10;8645;9271;+;92.1	20;22265;23530;+;67.6	23;25318;28113;+;145.3	1;2970;4835;+;47.4	13;11482;12060;+;100.2	1;2970;4835;+;52.0	A	9/9	split_2	91095	0	1	
NZ_CP047470.1	MPF_T	-	35	0	0	GA	1		19;17462;17770;-;67.6	18;17134;17451;-;84.6	17;14687;17137;-;142.6	17;14687;17137;-;84.6	16;14022;14666;-;97.0	14;12736;13749;-;161.4		12;11629;12387;-;142.8	11;10805;11626;-;197.9	10;9615;10805;-;188.9	9;8600;9637;-;83.0	8;6709;8637;-;402.6		pfam	both	A	7/7	canonical	1	0	unscoreable	2	0	0														not_admitted	not_admitted	not_admitted	not_admitted	not_admitted	not_admitted	not_admitted
NZ_CP047471.1	MPF_T	Col(pHAD28);ColRNAI;IncN;IncX1	92	0	0	GA	1	15;15473;16207;-;32.5	13;14880;15173;-;28.7	12;14513;14830;-;63.3	11;11913;14513;-;111.8	11;11913;14513;-;76.8	10;11182;11895;-;97.1	8;9891;10931;-;153.6		7;8974;9672;-;131.9	6;8079;8963;-;159.0	5;6919;8079;-;154.9	4;5882;6877;-;81.2	0;21;1313;+;39.0		pfam	both	A	7/7	canonical	1	0	unscoreable	5	0	0														not_admitted	not_admitted	not_admitted	not_admitted	not_admitted	not_admitted	not_admitted
NZ_CP047523.1	MPF_F	IncHI2;IncHI2A	212	0	0	GA	0															not_admitted	not_admitted	not_admitted	not_admitted	not_admitted	not_admitted	not_admitted	not_admitted	not_admitted	not_admitted	1	168;147390;148448;-;276.9			184;168020;170701;-;168.0		188;173031;174386;-;80.7	184;168020;170701;-;72.2	191;176110;176898;-;74.8	170;148590;150101;-;62.0	167;144183;147371;-;57.3		185;170710;171660;-;46.1		C	6/9	contiguous	31927	0	1	
NZ_CP047526.1	MPF_F	IncHI2;IncHI2A	275	0	0	GA	0															not_admitted	not_admitted	not_admitted	not_admitted	not_admitted	not_admitted	not_admitted	not_admitted	not_admitted	not_admitted	1	3;6998;8056;-;276.9	114;111017;112432;+;194.1	113;109981;111027;+;174.3	19;27628;30309;-;168.0	115;112441;116394;+;101.7	23;32639;33994;-;80.7	19;27628;30309;-;72.2	26;35718;36506;-;74.8	5;8198;9709;-;62.0	2;3791;6979;-;57.3	106;100855;102939;-;56.8	20;30318;31268;-;46.1	106;100855;102939;-;38.8	A	9/9	split_2	108650	1	1	116575..117864+;429;unnamed;0
NZ_CP047528.1	MPF_F	IncHI2;IncHI2A	271	0	0	GA	0															not_admitted	not_admitted	not_admitted	not_admitted	not_admitted	not_admitted	not_admitted	not_admitted	not_admitted	not_admitted	1	27;31208;32266;+;276.9	187;175984;177399;-;194.1	188;177389;178435;-;174.3	11;8955;11636;+;168.0	186;172022;175975;-;101.7	7;5270;6625;+;80.7	11;8955;11636;+;72.2	4;2758;3546;+;74.8	25;29555;31066;+;62.0	28;32285;35473;+;57.3	195;185477;187561;+;56.8	10;7996;8946;+;46.1	195;185477;187561;+;38.8	A	9/9	split_3	182719	1	1	170552..171841-;429;unnamed;0
NZ_CP047530.1	MPF_F	IncHI2;IncHI2A	213	0	0	GA	0															not_admitted	not_admitted	not_admitted	not_admitted	not_admitted	not_admitted	not_admitted	not_admitted	not_admitted	not_admitted	1	14;13649;14707;+;276.9			193;175860;178541;+;168.0		189;172175;173530;+;80.7	193;175860;178541;+;72.2	186;169663;170451;+;74.8	12;11996;13507;+;62.0	15;14726;17914;+;57.3		192;174901;175851;+;46.1		C	6/9	split_2	163864	0	1	
NZ_CP047532.1	MPF_F	IncHI2;IncHI2A	228	0	0	GA	0															not_admitted	not_admitted	not_admitted	not_admitted	not_admitted	not_admitted	not_admitted	not_admitted	not_admitted	not_admitted	1	27;31208;32266;+;276.9	144;139625;141040;-;194.1	145;141030;142076;-;174.3	11;8955;11636;+;168.0	143;135663;139616;-;101.7	7;5270;6625;+;80.7	11;8955;11636;+;72.2	4;2758;3546;+;74.8	25;29555;31066;+;62.0	28;32285;35473;+;57.3	152;149118;151202;+;56.8	10;7996;8946;+;46.1	152;149118;151202;+;38.8	A	9/9	split_3	146360	1	1	134193..135482-;429;unnamed;0
NZ_CP047538.1	MPF_F	IncHI2;IncHI2A	354	0	0	GA	0															not_admitted	not_admitted	not_admitted	not_admitted	not_admitted	not_admitted	not_admitted	not_admitted	not_admitted	not_admitted	1	138;122188;123246;-;276.9	250;226204;227619;+;194.1	249;225168;226214;+;174.3	154;142818;145499;-;168.0	251;227628;231581;+;101.7	158;147829;149184;-;80.7	154;142818;145499;-;72.2	161;150908;151696;-;74.8	140;123388;124899;-;62.0	137;118981;122169;-;57.3	242;216044;218128;-;56.8	155;145508;146458;-;46.1	242;216044;218128;-;38.8	A	9/9	split_2	108647	1	1	231762..233051+;429;unnamed;0
NZ_CP047541.1	MPF_F	IncHI2;IncHI2A	254	0	0	GA	0															not_admitted	not_admitted	not_admitted	not_admitted	not_admitted	not_admitted	not_admitted	not_admitted	not_admitted	not_admitted	1	27;31208;32266;+;276.9	170;158896;160311;-;194.1	171;160301;161347;-;174.3	11;8955;11636;+;168.0	169;154934;158887;-;101.7	7;5270;6625;+;80.7	11;8955;11636;+;72.2	4;2758;3546;+;74.8	25;29555;31066;+;62.0	28;32285;35473;+;57.3	178;168389;170473;+;56.8	10;7996;8946;+;46.1	178;168389;170473;+;38.8	A	9/9	split_3	165631	1	1	153464..154753-;429;unnamed;0
NZ_CP047543.1	MPF_F	IncHI2;IncHI2A	234	0	0	GA	0															not_admitted	not_admitted	not_admitted	not_admitted	not_admitted	not_admitted	not_admitted	not_admitted	not_admitted	not_admitted	1	163;151227;152285;+;276.9	52;46851;48266;-;194.1	53;48256;49302;-;174.3	147;128974;131655;+;168.0	51;42889;46842;-;101.7	143;125289;126644;+;80.7	147;128974;131655;+;72.2	140;122777;123565;+;74.8	161;149574;151085;+;62.0	164;152304;155492;+;57.3	60;56344;58428;+;56.8	146;128015;128965;+;46.1	60;56344;58428;+;38.8	A	9/9	split_3	109415	1	1	41419..42708-;429;unnamed;0
NZ_CP047545.1	MPF_F	IncHI2;IncHI2A	265	0	0	GA	0															not_admitted	not_admitted	not_admitted	not_admitted	not_admitted	not_admitted	not_admitted	not_admitted	not_admitted	not_admitted	1	87;81918;82976;+;276.9	241;215820;217235;-;194.1	242;217225;218271;-;174.3	71;59665;62346;+;168.0	240;211858;215811;-;101.7	67;55980;57335;+;80.7	71;59665;62346;+;72.2	64;53468;54256;+;74.8	85;80265;81776;+;62.0	88;82995;86183;+;57.3	249;225313;227397;+;56.8	70;58706;59656;+;46.1	249;225313;227397;+;38.8	A	9/9	split_3	171845	1	1	210388..211677-;429;unnamed;0
NZ_CP047547.1	MPF_F	IncHI2;IncHI2A	273	0	0	GA	0															not_admitted	not_admitted	not_admitted	not_admitted	not_admitted	not_admitted	not_admitted	not_admitted	not_admitted	not_admitted	1	193;172579;173637;-;276.9	31;26121;27536;+;194.1	30;25085;26131;+;174.3	209;193209;195890;-;168.0	32;27545;31498;+;101.7	213;198220;199575;-;80.7	209;193209;195890;-;72.2	216;201299;202087;-;74.8	195;173779;175290;-;62.0	192;169372;172560;-;57.3	23;15959;18043;-;56.8	210;195899;196849;-;46.1	23;15959;18043;-;38.8	A	9/9	split_2	185340	1	1	31679..32968+;429;unnamed;0
NZ_CP047549.1	MPF_F	IncHI2;IncHI2A	270	0	0	GA	0															not_admitted	not_admitted	not_admitted	not_admitted	not_admitted	not_admitted	not_admitted	not_admitted	not_admitted	not_admitted	1	1;218;1276;+;276.9	161;144994;146409;-;194.1	162;146399;147445;-;174.3	256;227117;229798;+;168.0	160;141032;144985;-;101.7	252;223432;224787;+;80.7	256;227117;229798;+;72.2	249;220920;221708;+;74.8		2;1295;4483;+;57.3	169;154487;156571;+;56.8	255;226158;227108;+;46.1	169;154487;156571;+;38.8	B	8/9	split_3	226899	1	1	139562..140851-;429;unnamed;0
NZ_CP047551.1	MPF_F	IncHI2;IncHI2A	264	0	0	GA	0															not_admitted	not_admitted	not_admitted	not_admitted	not_admitted	not_admitted	not_admitted	not_admitted	not_admitted	not_admitted	1	248;220651;221709;-;276.9	95;84353;85768;+;194.1	94;83317;84363;+;174.3	0;964;3645;-;168.0	96;85777;89730;+;101.7	4;5975;7330;-;80.7	0;964;3645;-;72.2	7;9054;9842;-;74.8	250;221851;223362;-;62.0	247;217444;220632;-;57.3	87;74191;76275;-;56.8	1;3654;4604;-;46.1	87;74191;76275;-;38.8	A	9/9	split_3	220887	1	1	89911..91200+;429;unnamed;0
NZ_CP047554.1	MPF_F	IncHI2;IncHI2A	230	0	0	GA	0															not_admitted	not_admitted	not_admitted	not_admitted	not_admitted	not_admitted	not_admitted	not_admitted	not_admitted	not_admitted	1	197;182213;183271;+;276.9	86;77837;79252;-;194.1	87;79242;80288;-;174.3	181;159960;162641;+;168.0	85;73875;77828;-;101.7	177;156275;157630;+;80.7	181;159960;162641;+;72.2	174;153763;154551;+;74.8	195;180560;182071;+;62.0	198;183290;186478;+;57.3	94;87330;89414;+;56.8	180;159001;159951;+;46.1	94;87330;89414;+;38.8	A	9/9	split_3	109415	1	1	72405..73694-;429;unnamed;0
NZ_CP047556.1	MPF_F	IncHI2;IncHI2A	284	0	0	GA	0															not_admitted	not_admitted	not_admitted	not_admitted	not_admitted	not_admitted	not_admitted	not_admitted	not_admitted	not_admitted	1	46;50703;51761;+;276.9	209;195463;196878;-;194.1	210;196868;197914;-;174.3	30;28451;31132;+;168.0	208;191501;195454;-;101.7	25;24767;26122;+;80.7	30;28451;31132;+;72.2	22;22255;23043;+;74.8	44;49050;50561;+;62.0	47;51780;54968;+;57.3	217;204956;207040;+;56.8	29;27492;28442;+;46.1	217;204956;207040;+;38.8	A	9/9	split_3	182701	1	1	190907..191320-;137;unnamed;0
NZ_CP047573.1	MPF_T	IncFIB(K);repA(dmsm701b	134	0	0	GA	1	106;86574;87236;+;48.3	107;87247;87546;+;36.6	108;87556;90306;+;61.8	108;87556;90306;+;134.0	108;87556;90306;+;47.3	109;90325;91041;+;137.0	111;91355;92362;+;137.8		113;92572;93258;+;158.2	114;93251;94144;+;147.4	115;94141;95337;+;131.8	116;95341;96390;+;71.5	123;101128;103035;+;24.4		pfam	pfam_only	A	7/7	canonical	1	1	unscoreable	8	0	0														not_admitted	not_admitted	not_admitted	not_admitted	not_admitted	not_admitted	not_admitted
NZ_CP047577.1	MPF_F	IncFIA;IncFIB(AP001918);IncFII	181	0	0	GA	0															not_admitted	not_admitted	not_admitted	not_admitted	not_admitted	not_admitted	not_admitted	not_admitted	not_admitted	not_admitted	1	71;64457;65449;+;367.3	82;71136;72509;+;374.3	75;68178;68921;+;234.1	68;60821;63448;+;305.4	83;72506;75322;+;387.9	62;57339;58766;+;91.7	68;60821;63448;+;99.1	56;53518;54084;+;183.8	72;65458;66096;+;67.3	73;66093;67901;+;268.3	86;76885;79038;+;391.1	66;59790;60305;+;77.3	86;76885;79038;+;69.2	A	9/9	contiguous	23367	1	1	75355..75876+;173;unnamed;0
NZ_CP047579.1	MPF_T	IncI2(Delta)	74	0	0	GA	1	38;32911;33393;-;81.1		53;49000;49284;-;36.6	52;46637;48994;-;58.5	52;46637;48994;-;44.9	62;54096;54740;-;41.0	63;54746;55741;-;123.9		50;45737;46471;-;144.3	49;44970;45740;-;170.5	48;43841;44980;-;154.7	41;35172;36710;-;207.1	46;40793;42751;-;289.6		pfam	pfam_only	A	7/7	rearranged	1	0	unscoreable	14	0	0														not_admitted	not_admitted	not_admitted	not_admitted	not_admitted	not_admitted	not_admitted
NZ_CP047580.1	MPF_T	IncX1	57	0	0	GA	1	42;38977;39624;-;45.6	41;38703;38999;-;77.5	40;35931;38684;-;46.8	40;35931;38684;-;147.9	40;35931;38684;-;75.3	39;35162;35920;-;68.5	37;33791;34924;-;106.9		36;32832;33545;-;120.0	35;31898;32827;-;134.1	34;30696;31901;-;133.4	33;29663;30694;-;76.2	32;27825;29660;-;488.0		pfam	pfam_only	A	7/7	canonical	1	1	unscoreable	1	0	0														not_admitted	not_admitted	not_admitted	not_admitted	not_admitted	not_admitted	not_admitted
NZ_CP047590.1	MPF_F	-	171	0	0	GA	0															not_admitted	not_admitted	not_admitted	not_admitted	not_admitted	not_admitted	not_admitted	not_admitted	not_admitted	not_admitted	1	124;116648;117703;+;269.2	136;129898;131307;+;230.0	135;128851;129882;+;213.9	120;112169;114655;+;211.5	137;131327;134560;+;215.1	117;109453;110745;+;117.6	120;112169;114655;+;113.3	115;107802;108455;+;92.3	123;115428;116648;+;45.5	139;135032;137803;+;119.2	109;103409;105322;+;20.5	118;110762;111274;+;68.8	109;103409;105322;+;24.6	A	9/9	contiguous	31623	0	1	
NZ_CP047597.1	MPF_F	IncFII	85	0	0	GA	0															not_admitted	not_admitted	not_admitted	not_admitted	not_admitted	not_admitted	not_admitted	not_admitted	not_admitted	not_admitted	1	68;51830;52822;+;369.5	78;58601;59974;+;381.7	73;55928;56671;+;234.4	65;48191;50821;+;304.1	79;59971;62793;+;374.0	57;43338;44789;+;94.2	65;48191;50821;+;96.8	55;42057;42623;+;174.3	70;53166;53804;+;68.6	71;53801;55651;+;266.1	83;65065;67326;+;391.1	60;45649;46164;+;78.4	83;65065;67326;+;70.3	A	9/9	contiguous	23008	1	1	62815..63294+;159;TraS;0
NZ_CP047601.1	MPF_F	IncFIB(AP001918);IncFII	156	0	0	GA	0															not_admitted	not_admitted	not_admitted	not_admitted	not_admitted	not_admitted	not_admitted	not_admitted	not_admitted	not_admitted	1	117;131436;132428;-;371.9	106;124382;125755;-;381.1	113;127964;128707;-;234.7	120;133404;136031;-;304.4	105;121563;124385;-;389.2	127;138086;139513;-;94.3	120;133404;136031;-;98.6	129;140228;140794;-;184.5	116;130789;131427;-;68.5	115;128984;130792;-;266.0	102;117875;120028;-;390.6	123;136547;137062;-;78.4	102;117875;120028;-;69.2	A	9/9	contiguous	22353	1	1	121044..121541-;165;TraS;0
NZ_CP047634.1	MPF_F	repB(R1701)	197	0	0	GA	0															not_admitted	not_admitted	not_admitted	not_admitted	not_admitted	not_admitted	not_admitted	not_admitted	not_admitted	not_admitted	1	140;133614;134603;-;366.6	130;126700;128067;-;384.0	134;129325;130077;-;233.7	144;136046;138685;-;258.5	129;123851;126700;-;346.4	151;141878;143302;-;89.2	144;136046;138685;-;88.2	153;144029;144595;-;169.3	139;132963;133601;-;66.9	138;130949;132904;-;259.7	125;119077;121389;-;393.1	150;141180;141764;-;53.6	125;119077;121389;-;66.6	A	9/9	contiguous	24952	1	1	123315..123848-;177;unnamed;0
NZ_CP047635.1	MPF_F	IncFIB(K);IncFII(K);IncFII(pAR0022)	144	0	0	GA	0															not_admitted	not_admitted	not_admitted	not_admitted	not_admitted	not_admitted	not_admitted	not_admitted	not_admitted	not_admitted	1	102;108501;109490;-;363.3	91;101315;102682;-;384.0	95;103940;104692;-;233.7	106;110947;113586;-;259.0	90;98493;101315;-;346.4	116;117554;118978;-;89.5	106;110947;113586;-;88.7	118;119705;120271;-;167.0	100;107578;108225;-;65.9	99;105564;107519;-;259.7	86;93564;95876;-;393.1	114;116358;116942;-;53.8	86;93564;95876;-;66.6	A	9/9	contiguous	26141	1	1	97868..98470-;200;TraS;0
NZ_CP047637.1	MPF_F	IncFII(pSE11)	86	0	0	GA	0															not_admitted	not_admitted	not_admitted	not_admitted	not_admitted	not_admitted	not_admitted	not_admitted	not_admitted	not_admitted	1	57;44488;45480;+;369.5	71;52204;53577;+;386.0	64;49256;49999;+;234.4	54;40849;43479;+;297.8	72;53574;56399;+;386.5	46;35977;37404;+;93.9	54;40849;43479;+;98.7	44;34696;35262;+;174.3	59;45824;46462;+;68.6	62;47174;48979;+;267.0	76;58641;60929;+;381.9	49;38288;38803;+;78.4	76;58641;60929;+;66.7	A	9/9	contiguous	23945	1	1	56396..56905+;169;unnamed;0
NZ_CP047659.1	MPF_F	IncHI2;IncHI2A;IncN	276	0	0	GA	0															not_admitted	not_admitted	not_admitted	not_admitted	not_admitted	not_admitted	not_admitted	not_admitted	not_admitted	not_admitted	1	28;31208;32266;+;276.9	192;177832;179247;-;194.1	193;179237;180283;-;174.3	11;8955;11636;+;168.0	191;173870;177823;-;101.7	7;5270;6625;+;80.7	11;8955;11636;+;72.2	4;2758;3546;+;74.8	26;29555;31066;+;62.0	29;32285;35473;+;57.3	200;187325;189409;+;56.8	10;7996;8946;+;46.1	200;187325;189409;+;38.8	A	9/9	split_3	184567	1	1	172400..173689-;429;unnamed;0
NZ_CP047660.1	MPF_F	IncFIA;IncFIB(pB171);IncFIC(FII)	142	0	0	GA	0															not_admitted	not_admitted	not_admitted	not_admitted	not_admitted	not_admitted	not_admitted	not_admitted	not_admitted	not_admitted	1	89;94366;95358;-;369.3	81;88297;89673;-;381.0	85;90891;91634;-;233.7	92;96367;98997;-;306.7	80;85475;88300;-;389.2	101;102435;103862;-;94.7	92;96367;98997;-;100.3	103;104577;105143;-;183.8	88;93719;94357;-;68.7	87;91914;93722;-;268.0	77;81791;83971;-;391.8	98;101036;101551;-;76.4	77;81791;83971;-;70.4	A	9/9	contiguous	22786	1	1	84969..85478-;169;unnamed;0
NZ_CP047664.1	MPF_T	IncX4	42	0	0	GA	1	37;30977;31597;-;41.6	36;30637;30963;-;64.4	35;27871;30618;-;63.8	35;27871;30618;-;151.8	35;27871;30618;-;46.1	34;27143;27859;-;94.2	33;26037;27131;-;150.1		31;24836;25522;-;169.0	30;23931;24839;-;141.7	29;22820;23938;-;163.9	28;21790;22818;-;85.0	27;19941;21758;-;314.8		pfam	pfam_only	A	7/7	canonical	1	1	unscoreable	1	0	0														not_admitted	not_admitted	not_admitted	not_admitted	not_admitted	not_admitted	not_admitted
NZ_CP047666.1	MPF_F	IncHI2;IncHI2A;IncN	276	0	0	GA	0															not_admitted	not_admitted	not_admitted	not_admitted	not_admitted	not_admitted	not_admitted	not_admitted	not_admitted	not_admitted	1	28;31208;32266;+;276.9	192;177832;179247;-;194.1	193;179237;180283;-;174.3	11;8955;11636;+;168.0	191;173870;177823;-;101.7	7;5270;6625;+;80.7	11;8955;11636;+;72.2	4;2758;3546;+;74.8	26;29555;31066;+;62.0	29;32285;35473;+;57.3	200;187325;189409;+;56.8	10;7996;8946;+;46.1	200;187325;189409;+;38.8	A	9/9	split_3	184567	1	1	172400..173689-;429;unnamed;0
NZ_CP047667.1	MPF_F	IncFIB(AP001918);IncFII	146	0	0	GA	0															not_admitted	not_admitted	not_admitted	not_admitted	not_admitted	not_admitted	not_admitted	not_admitted	not_admitted	not_admitted	1	35;30247;31239;-;369.3	21;21511;22887;-;381.0	26;24474;25217;-;235.0	38;32248;34875;-;304.6	20;18692;21514;-;389.2	45;37192;38454;-;94.9	38;32248;34875;-;99.2	47;39169;39735;-;183.8	29;27299;27937;-;68.6	28;25494;27302;-;268.0	17;14915;17158;-;391.5	41;35391;35906;-;78.4	17;14915;17158;-;70.3	A	9/9	contiguous	24254	1	1	18174..18671-;165;TraS;0
NZ_CP047668.1	MPF_F	IncHI2;IncHI2A	261	0	0	GA	0															not_admitted	not_admitted	not_admitted	not_admitted	not_admitted	not_admitted	not_admitted	not_admitted	not_admitted	not_admitted	1	84;74475;75533;-;276.9	199;182235;183650;+;194.1	198;181199;182245;+;174.3	100;95105;97786;-;168.0	200;183659;187612;+;101.7	104;100116;101471;-;80.7	100;95105;97786;-;72.2	107;103195;103983;-;74.8	86;75675;77186;-;62.0	83;71268;74456;-;57.3	191;172073;174157;-;56.8	101;97795;98745;-;46.1	191;172073;174157;-;38.8	A	9/9	split_2	112391	1	1	187793..189082+;429;unnamed;0
NZ_CP047672.1	MPF_T	IncFIB(K)	100	0	0	GA	1	80;71285;71947;+;48.3	81;71958;72257;+;36.6	82;72267;75017;+;60.6	82;72267;75017;+;131.5	82;72267;75017;+;48.6	83;75036;75752;+;137.0	85;76155;77072;+;138.3		87;77282;77968;+;158.3	88;77961;78854;+;147.4	13;6677;7282;+;137.8	14;7286;8335;+;71.5	22;13072;14979;+;24.3		pfam	pfam_only	A	7/7	canonical	1	1	unscoreable	17	0	0														not_admitted	not_admitted	not_admitted	not_admitted	not_admitted	not_admitted	not_admitted
NZ_CP047680.1	MPF_F	IncFII(pBK30683);repB(R1701)	108	0	0	GA	0															not_admitted	not_admitted	not_admitted	not_admitted	not_admitted	not_admitted	not_admitted	not_admitted	not_admitted	not_admitted	1	70;65211;66200;-;366.0	60;58297;59664;-;384.1	64;60922;61674;-;233.7	74;67657;70296;-;258.5	59;55475;58297;-;346.4	80;73126;74550;-;89.2	74;67657;70296;-;88.7	82;75277;75843;-;169.3	69;64560;65198;-;67.0	68;62546;64501;-;259.7	55;50550;52859;-;393.1	79;72469;73053;-;54.5	55;50550;52859;-;66.6	A	9/9	contiguous	24727	1	1	54850..55452-;200;TraS;0
NZ_CP047683.1	MPF_F	IncFII(pBK30683);repB(R1701)	125	0	0	GA	0															not_admitted	not_admitted	not_admitted	not_admitted	not_admitted	not_admitted	not_admitted	not_admitted	not_admitted	not_admitted	1	71;63217;64206;-;367.4	61;56303;57670;-;384.0	65;58928;59680;-;233.7	75;65663;68302;-;258.5	60;53454;56303;-;346.4	81;71132;72556;-;89.2	75;65663;68302;-;88.7	83;73283;73849;-;169.3	70;62566;63204;-;67.0	69;60552;62507;-;259.7	56;48678;50990;-;390.0	80;70475;71059;-;54.5	56;48678;50990;-;64.0	A	9/9	contiguous	24605	1	1	52918..53451-;177;unnamed;0
NZ_CP047686.1	MPF_F	IncFII(pBK30683);repB(R1701)	125	0	0	GA	0															not_admitted	not_admitted	not_admitted	not_admitted	not_admitted	not_admitted	not_admitted	not_admitted	not_admitted	not_admitted	1	71;63209;64198;-;367.4	61;56295;57662;-;384.0	65;58920;59672;-;233.7	75;65655;68294;-;258.5	60;53446;56295;-;346.4	81;71124;72548;-;89.2	75;65655;68294;-;88.7	83;73275;73841;-;169.3	70;62558;63196;-;67.0	69;60544;62499;-;259.7	56;48670;50982;-;390.0	80;70467;71051;-;54.5	56;48670;50982;-;64.0	A	9/9	contiguous	24605	1	1	52910..53443-;177;unnamed;0
NZ_CP047689.1	MPF_F	IncFII(pBK30683);repB(R1701)	125	0	0	GA	0															not_admitted	not_admitted	not_admitted	not_admitted	not_admitted	not_admitted	not_admitted	not_admitted	not_admitted	not_admitted	1	71;63209;64198;-;367.4	61;56295;57662;-;384.0	65;58920;59672;-;233.7	75;65655;68294;-;258.5	60;53446;56295;-;346.4	81;71124;72548;-;89.2	75;65655;68294;-;88.7	83;73275;73841;-;169.3	70;62558;63196;-;67.0	69;60544;62499;-;259.7	56;48670;50982;-;390.0	80;70467;71051;-;54.5	56;48670;50982;-;64.0	A	9/9	contiguous	24605	1	1	52910..53443-;177;unnamed;0
NZ_CP047692.1	MPF_F	IncFII(pBK30683);repB(R1701)	125	0	0	GA	0															not_admitted	not_admitted	not_admitted	not_admitted	not_admitted	not_admitted	not_admitted	not_admitted	not_admitted	not_admitted	1	71;63209;64198;-;367.4	61;56295;57662;-;384.0	65;58920;59672;-;233.7	75;65655;68294;-;258.5	60;53446;56295;-;346.4	81;71124;72548;-;89.2	75;65655;68294;-;88.7	83;73275;73841;-;169.3	70;62558;63196;-;67.0	69;60544;62499;-;259.7	56;48670;50982;-;390.0	80;70467;71051;-;54.5	56;48670;50982;-;64.0	A	9/9	contiguous	24605	1	1	52910..53443-;177;unnamed;0
NZ_CP047701.1	MPF_F	IncHI1B(pNDM-MAR)	302	0	0	GA	0															not_admitted	not_admitted	not_admitted	not_admitted	not_admitted	not_admitted	not_admitted	not_admitted	not_admitted	not_admitted	1	112;104175;105032;-;227.5	78;72341;73750;-;190.4	79;73740;74777;-;176.7	124;115864;118581;-;148.7	77;68401;72339;-;118.9	128;120694;122064;-;65.6	124;115864;118581;-;85.2	131;123710;124570;-;79.0	113;105029;106390;-;69.9	32;27031;30216;-;58.9	86;81959;84085;+;57.7	125;118626;119363;-;56.9	86;81959;84085;+;41.0	A	9/9	split_3	96679	0	1	
NZ_CP047702.1	MPF_F	IncFIB(K);IncFII(K)	207	0	0	GA	0															not_admitted	not_admitted	not_admitted	not_admitted	not_admitted	not_admitted	not_admitted	not_admitted	not_admitted	not_admitted	1	145;145139;146128;-;363.3	134;137953;139320;-;382.2	138;140578;141330;-;236.4	149;147585;150224;-;259.0	133;135104;137953;-;342.9	160;154191;155615;-;88.8	149;147585;150224;-;87.6	162;156342;156908;-;167.9	143;144216;144863;-;65.9	142;142202;144157;-;259.5	129;130983;133292;-;392.8	157;152995;153579;-;53.8	129;130983;133292;-;65.8	A	9/9	contiguous	25359	1	1	134571..135101-;176;unnamed;0
NZ_CP047703.1	MPF_F	IncC	185	0	0	GA	0															not_admitted	not_admitted	not_admitted	not_admitted	not_admitted	not_admitted	not_admitted	not_admitted	not_admitted	not_admitted	1	94;71322;72329;+;332.9	174;139269;140702;+;339.2	173;138239;139267;+;221.7	89;66123;68570;+;354.2	175;140715;144329;+;375.3	80;52812;54128;+;135.0	89;66123;68570;+;128.6	78;51288;51914;+;92.1	92;69392;70657;+;67.6	95;72445;75240;+;145.3	69;45613;47478;+;47.4	81;54125;54703;+;100.2	69;45613;47478;+;52.0	A	9/9	split_2	95102	0	1	
NZ_CP047708.1	MPF_F	IncFIB(K)	196	0	0	GA	0															not_admitted	not_admitted	not_admitted	not_admitted	not_admitted	not_admitted	not_admitted	not_admitted	not_admitted	not_admitted	1	126;129631;130620;-;366.6			130;132077;134716;-;258.5		137;138085;139509;-;89.2	130;132077;134716;-;88.7	139;140236;140802;-;169.3	125;128980;129618;-;66.9	124;127245;128921;-;175.0	120;122484;124793;-;393.1	135;136889;137473;-;53.6	120;122484;124793;-;66.6	C	6/9	contiguous	17752	0	1	
NZ_CP047709.1	MPF_T	IncN;IncR	106	0	0	GA	1	58;44632;45366;+;32.5		61;46009;46326;+;63.3	62;46326;48926;+;113.8	62;46326;48926;+;76.4	63;48944;49657;+;105.5	65;49908;50948;+;142.4		66;51167;51865;+;131.9	67;51876;52760;+;159.7	68;52760;53920;+;156.3	69;53962;54957;+;81.2	83;66695;68224;-;38.5		pfam	both	A	7/7	canonical	1	0	unscoreable	3	0	0														not_admitted	not_admitted	not_admitted	not_admitted	not_admitted	not_admitted	not_admitted
NZ_CP047711.1	MPF_F	IncA	183	0	0	GA	0															not_admitted	not_admitted	not_admitted	not_admitted	not_admitted	not_admitted	not_admitted	not_admitted	not_admitted	not_admitted	1	69;53639;54643;+;330.1	170;139207;140640;+;336.4	169;138165;139205;+;223.9	64;48434;50881;+;352.8	171;140653;144258;+;377.7	59;39607;40923;+;136.3	64;48434;50881;+;130.4	57;38083;38709;+;93.9	67;51703;52971;+;69.6	70;54794;57532;+;138.7	48;32428;34293;+;46.9	60;40920;41498;+;98.1	48;32428;34293;+;51.6	A	9/9	split_2	108225	0	1	
NZ_CP047712.1	MPF_F	Col156;IncFIB(AP001918);IncFII(29)	144	0	0	GA	0															not_admitted	not_admitted	not_admitted	not_admitted	not_admitted	not_admitted	not_admitted	not_admitted	not_admitted	not_admitted	1	83;76879;77871;-;369.5	71;69452;70825;-;381.7	78;73030;73773;-;233.1	86;78880;81510;-;304.0	70;66633;69455;-;388.5	93;84641;86068;-;93.9	86;78880;81510;-;99.3	95;86783;87349;-;183.1	81;75897;76535;-;68.6	80;74050;75900;-;271.9	66;62217;64361;-;391.3	90;82997;83512;-;73.9	66;62217;64361;-;70.4	A	9/9	contiguous	24566	1	1	66132..66611-;159;TraS;0
NZ_CP047713.1	MPF_F	IncFII(pRSB107)	81	0	0	GA	0															not_admitted	not_admitted	not_admitted	not_admitted	not_admitted	not_admitted	not_admitted	not_admitted	not_admitted	not_admitted	1	56;42803;43795;+;369.5	68;49849;51222;+;381.7	61;46901;47644;+;235.0	53;39164;41794;+;305.1	69;51219;54041;+;373.8	45;34471;35898;+;93.9	53;39164;41794;+;97.0	43;33190;33756;+;174.3	58;44139;44777;+;68.6	59;44774;46624;+;266.4	73;56313;58538;+;391.7	49;37026;37541;+;81.8	73;56313;58538;+;70.3	A	9/9	contiguous	23123	1	1	54062..54559+;165;TraS;0
NZ_CP047730.1	MPF_F	IncFII(pECLA);IncHI2;IncHI2A	337	0	0	GA	0															not_admitted	not_admitted	not_admitted	not_admitted	not_admitted	not_admitted	not_admitted	not_admitted	not_admitted	not_admitted	1	38;44366;45424;+;276.9	249;233518;234933;-;194.1	250;234923;235969;-;173.7	11;9831;12512;+;168.0	248;229559;233509;-;101.6	7;6146;7501;+;80.7	11;9831;12512;+;72.2	4;3634;4422;+;74.8	36;42713;44224;+;62.7	39;45443;48631;+;58.3	256;243010;245094;+;56.7	10;8872;9822;+;46.4	256;243010;245094;+;38.8	A	9/9	split_3	239376	0	1	
NZ_CP047737.1	MPF_T	IncHI2;IncHI2A;IncN	336	1	0	GA	1	133;125941;126675;+;32.5		136;127318;127635;+;63.3	137;127635;130235;+;113.8	137;127635;130235;+;76.4	138;130253;130966;+;105.5	140;131217;132257;+;142.4		141;132476;133174;+;131.9	142;133185;134069;+;159.7	143;134069;135229;+;156.3	144;135271;136266;+;81.2	96;98374;99903;-;38.5	30;33352;36540;+;58.3	pfam	both	A	7/7	canonical	1	0	unscoreable	3	0	1	29;32275;33333;+;276.9			11;8955;11636;+;168.0		143;134069;135229;+;156.3	11;8955;11636;+;72.2	4;2758;3546;+;74.8	27;30622;32133;+;62.7	30;33352;36540;+;58.3	96;98374;99903;-;272.0	10;7996;8946;+;46.4	96;98374;99903;-;69.1	C	6/9	split_4	131311	0	1	
NZ_CP047741.1	MPF_F	IncHI2;IncHI2A	364	0	0	GA	0															not_admitted	not_admitted	not_admitted	not_admitted	not_admitted	not_admitted	not_admitted	not_admitted	not_admitted	not_admitted	1	29;32275;33333;+;276.9	208;199193;200608;-;194.1	209;200598;201644;-;173.7	11;8955;11636;+;168.0	207;195234;199184;-;101.6	7;5270;6625;+;80.7	11;8955;11636;+;72.2	4;2758;3546;+;74.8	27;30622;32133;+;62.7	30;33352;36540;+;58.3	215;208685;210769;+;56.7	10;7996;8946;+;46.4	215;208685;210769;+;38.8	A	9/9	split_3	205927	0	1	
NZ_CP047742.1	MPF_F	Col156;IncFIB(AP001918);IncFII(29)	131	0	0	GA	0															not_admitted	not_admitted	not_admitted	not_admitted	not_admitted	not_admitted	not_admitted	not_admitted	not_admitted	not_admitted	1	73;70053;71045;-;369.5	61;62626;63999;-;381.7	68;66204;66947;-;233.1	76;72054;74684;-;304.0	60;59807;62629;-;388.5	83;77815;79242;-;93.9	76;72054;74684;-;99.3	85;79957;80523;-;183.1	71;69071;69709;-;68.6	70;67224;69074;-;271.9	56;55391;57535;-;391.3	80;76171;76686;-;73.9	56;55391;57535;-;70.4	A	9/9	contiguous	24566	1	1	59306..59785-;159;TraS;0
NZ_CP047743.1	MPF_F	IncFII(Yp);IncFII(pAR0022)	112	0	0	GA	0															not_admitted	not_admitted	not_admitted	not_admitted	not_admitted	not_admitted	not_admitted	not_admitted	not_admitted	not_admitted	1	93;82826;83812;+;368.4	101;88525;89895;+;376.7	97;86559;87308;+;218.2	90;79202;81832;+;285.5	102;89895;92717;+;334.3	84;75780;77174;+;90.9	90;79202;81832;+;98.6	82;74497;75063;+;169.9	94;83829;84458;+;66.9	95;84455;86308;+;260.5	105;94053;96299;+;384.7	85;77196;77735;+;67.5	105;94053;96299;+;63.8	A	9/9	contiguous	19556	1	1	92739..93170+;143;TraS;0
NZ_CP047744.1	MPF_T	IncN	61	0	0	GA	1	16;12340;13074;+;32.5		19;13717;14034;+;63.3	20;14034;16634;+;113.8	20;14034;16634;+;76.4	21;16652;17365;+;105.5	23;17616;18656;+;142.4		24;18875;19573;+;131.9	25;19584;20468;+;159.7	26;20468;21628;+;156.3	27;21670;22665;+;81.2	38;32674;34203;-;38.5		pfam	both	A	7/7	canonical	1	0	unscoreable	3	0	0														not_admitted	not_admitted	not_admitted	not_admitted	not_admitted	not_admitted	not_admitted
NZ_CP047758.1	MPF_F	IncFII(Yp);IncFII(pAR0022)	112	0	0	GA	0															not_admitted	not_admitted	not_admitted	not_admitted	not_admitted	not_admitted	not_admitted	not_admitted	not_admitted	not_admitted	1	93;82826;83812;+;368.4	101;88525;89895;+;376.7	97;86559;87308;+;218.2	90;79202;81832;+;285.5	102;89895;92717;+;334.3	84;75780;77174;+;90.9	90;79202;81832;+;98.6	82;74497;75063;+;169.9	94;83829;84458;+;66.9	95;84455;86308;+;260.5	105;94053;96299;+;384.7	85;77196;77735;+;67.5	105;94053;96299;+;63.8	A	9/9	contiguous	19556	1	1	92739..93170+;143;TraS;0
NZ_CP047759.1	MPF_T	IncN	63	0	0	GA	1	16;12079;12813;+;32.5		19;13456;13773;+;63.3	20;13773;16373;+;113.8	20;13773;16373;+;76.4	21;16391;17104;+;105.5	23;17355;18395;+;142.4		24;18614;19312;+;131.9	25;19323;20207;+;159.7	26;20207;21367;+;156.3	27;21409;22392;+;80.2	40;33065;34594;-;38.5		pfam	both	A	7/7	canonical	1	0	unscoreable	3	0	0														not_admitted	not_admitted	not_admitted	not_admitted	not_admitted	not_admitted	not_admitted
NZ_CP047877.1	MPF_F	IncHI2;IncHI2A;IncN	276	0	0	GA	0															not_admitted	not_admitted	not_admitted	not_admitted	not_admitted	not_admitted	not_admitted	not_admitted	not_admitted	not_admitted	1	28;31208;32266;+;276.9	192;177832;179247;-;194.1	193;179237;180283;-;174.3	11;8955;11636;+;168.0	191;173870;177823;-;101.7	7;5270;6625;+;80.7	11;8955;11636;+;72.2	4;2758;3546;+;74.8	26;29555;31066;+;62.0	29;32285;35473;+;57.3	200;187325;189409;+;56.8	10;7996;8946;+;46.1	200;187325;189409;+;38.8	A	9/9	split_3	184567	1	1	172400..173689-;429;unnamed;0
NZ_CP047878.1	MPF_F	IncFIB(AP001918);IncFII	146	0	0	GA	0															not_admitted	not_admitted	not_admitted	not_admitted	not_admitted	not_admitted	not_admitted	not_admitted	not_admitted	not_admitted	1	101;101090;102082;-;369.3	87;92354;93730;-;381.0	92;95317;96060;-;235.0	104;103091;105718;-;304.6	86;89535;92357;-;389.2	111;108035;109297;-;94.9	104;103091;105718;-;99.2	113;110012;110578;-;183.8	95;98142;98780;-;68.6	94;96337;98145;-;268.0	83;85758;88001;-;391.5	107;106234;106749;-;78.4	83;85758;88001;-;70.3	A	9/9	contiguous	24254	1	1	89017..89514-;165;TraS;0
NZ_CP047963.1	-	-	294	0	0	GA	0															not_admitted	not_admitted	not_admitted	not_admitted	not_admitted	not_admitted	not_admitted	not_admitted	not_admitted	not_admitted	1		100;96282;97616;-;208.1	101;97616;98719;-;181.2	210;190530;193133;-;147.5	97;92034;94394;-;107.9	217;198453;199838;-;91.5	210;190530;193133;-;65.8	219;201025;201918;-;66.9			221;204065;205993;+;41.5	211;193156;193791;-;46.2	221;204065;205993;+;36.9	C	6/9	split_2	112031	0	0	
NZ_CP047969.1	MPF_T	IncN2	53	0	0	GA	1	46;38258;39040;-;33.2	44;37715;38011;-;36.0	43;37358;37675;-;71.9	42;34784;37357;-;118.0	42;34784;37357;-;74.2	41;34067;34768;-;98.9	39;32761;33798;-;121.9		38;31847;32542;-;127.6	37;30949;31836;-;142.7	36;29810;30949;-;172.5	35;28758;29759;-;90.1	19;12872;14404;+;46.3		pfam	both	A	7/7	canonical	1	0	unscoreable	2	0	0														not_admitted	not_admitted	not_admitted	not_admitted	not_admitted	not_admitted	not_admitted
NZ_CP047987.1	-	-	79	0	0	GA	1	54;48920;49435;-;46.5	5;4694;5023;-;65.8	4;4369;4683;-;30.4	3;1914;4328;-;51.4	3;1914;4328;-;99.1	2;1159;1917;-;34.3	78;66210;67277;-;82.7		76;65318;65992;-;144.3	75;64437;65309;-;159.7	73;62766;64022;-;191.1	68;57006;58628;-;175.5			conjscan	conjscan_only	B	6/7	rearranged	1	0	unscoreable	21	0	0														not_admitted	not_admitted	not_admitted	not_admitted	not_admitted	not_admitted	not_admitted
NZ_CP047988.1	-	-	70	0	0	GA	0															not_admitted	not_admitted	not_admitted	not_admitted	not_admitted	not_admitted	not_admitted	not_admitted	not_admitted	not_admitted	1	63;70183;71184;+;366.6		66;74035;74844;+;138.7	57;65123;67675;+;187.1	4;1076;1657;+;49.7	55;63305;64726;+;88.8	57;65123;67675;+;93.4	53;62020;62580;+;109.7	64;71420;72103;+;81.9	65;72100;73869;+;229.1	9;4183;5385;+;321.8	56;64732;65118;+;22.3	9;4183;5385;+;44.1	B	8/9	split_2	72959	1	1	1657..2187+;176;unnamed;0
NZ_CP047989.1	-	-	114	0	0	GA	1	9;6776;7798;+;47.1	103;96371;96745;+;67.4	104;96757;97050;+;41.4	105;97047;99458;+;80.5	105;97047;99458;+;100.0	106;99445;100221;+;45.4	108;100427;102235;+;102.4		109;102180;102896;+;138.1	110;102914;103846;+;170.5	112;104273;105556;+;209.8	18;15065;16012;+;123.3	4;2831;3349;+;119.8		conjscan	conjscan_only	A	7/7	canonical	1	0	unscoreable	15	0	0														not_admitted	not_admitted	not_admitted	not_admitted	not_admitted	not_admitted	not_admitted
NZ_CP047992.1	-	-	108	0	0	GA	1	57;47439;47954;-;49.4	87;70964;71293;-;64.7	86;70639;70953;-;30.4	85;68184;70598;-;51.3	85;68184;70598;-;99.0	84;67429;68187;-;35.9	82;65158;66474;-;95.8		80;64266;64940;-;144.3	79;63385;64257;-;159.7	77;61714;62970;-;193.2	72;55933;57555;-;176.0	50;40579;42540;-;40.1		conjscan	conjscan_only	A	7/7	canonical	1	0	unscoreable	27	0	0														not_admitted	not_admitted	not_admitted	not_admitted	not_admitted	not_admitted	not_admitted
NZ_CP047993.1	-	-	78	0	0	GA	1	71;62140;62655;+;46.5	43;39427;39756;+;65.8	44;39767;40081;+;30.4	45;40122;42536;+;51.1	45;40122;42536;+;99.0	46;42533;43291;+;34.3	48;44246;45553;+;91.1		49;45583;46257;+;147.4	50;46266;47138;+;159.1	52;47553;48809;+;193.2	57;52947;54569;+;175.5			conjscan	conjscan_only	B	6/7	canonical	1	0	unscoreable	19	0	0														not_admitted	not_admitted	not_admitted	not_admitted	not_admitted	not_admitted	not_admitted
NZ_CP047994.1	-	-	73	0	0	GA	1		68;66698;66997;+;62.7	69;67049;67354;+;84.1	70;67358;69796;+;141.8	70;67358;69796;+;76.8	13;12982;13716;+;186.4	14;13716;14741;+;101.5		71;69909;70598;+;173.1	72;70611;71492;+;182.8	0;449;901;+;111.2		3;3088;4101;+;203.5		pfam	both	B	6/7	rearranged	1	0	unscoreable	11	0	0														not_admitted	not_admitted	not_admitted	not_admitted	not_admitted	not_admitted	not_admitted
NZ_CP047998.1	-	-	72	0	0	GA	1		60;64651;64950;-;62.7	59;64294;64599;-;84.1	58;61852;64290;-;141.8	58;61852;64290;-;76.8	42;46144;46878;-;186.4	41;45119;46144;-;101.5		57;61050;61739;-;173.1	56;60156;61037;-;182.8	55;58978;60153;-;185.1	54;57949;58977;-;103.6	52;55759;57666;-;309.5		pfam	both	A	7/7	canonical	1	0	unscoreable	10	0	0														not_admitted	not_admitted	not_admitted	not_admitted	not_admitted	not_admitted	not_admitted
NZ_CP047999.1	-	-	103	0	0	GA	1	84;74621;75136;-;49.4	12;10584;10913;-;64.7	11;10259;10573;-;30.4	10;7804;10218;-;51.3	10;7804;10218;-;99.0	9;7049;7807;-;35.9	7;4778;6094;-;95.8		5;3886;4560;-;144.3	4;3005;3877;-;159.7	3;1431;3005;-;157.2	99;83115;84737;-;176.0	77;67761;69722;-;40.1		conjscan	conjscan_only	A	7/7	canonical	1	0	unscoreable	22	0	0														not_admitted	not_admitted	not_admitted	not_admitted	not_admitted	not_admitted	not_admitted
NZ_CP048005.1	MPF_T	repUS74	56	0	0	GA	1				50;47569;49587;-;25.5									45;42000;43544;-;462.0		none	none	D	2/7	uncallable	0	0	unscoreable	4	0	0														not_admitted	not_admitted	not_admitted	not_admitted	not_admitted	not_admitted	not_admitted
NZ_CP048009.1	MPF_T	ColKP3;IncX3	65	0	0	GA	1	25;21116;21760;-;46.4	24;20842;21132;-;73.1	23;18064;20817;-;47.0	23;18064;20817;-;142.4	23;18064;20817;-;73.3	22;17284;18054;-;60.1	20;15950;17005;-;132.8		19;15027;15755;-;119.4	18;14092;15021;-;138.8	17;12881;14095;-;128.3	15;11651;12685;-;65.7	14;9813;11648;-;495.9		pfam	pfam_only	A	7/7	canonical	1	1	unscoreable	2	0	0														not_admitted	not_admitted	not_admitted	not_admitted	not_admitted	not_admitted	not_admitted
NZ_CP048028.1	MPF_T	IncX3	57	0	0	GA	1	22;14298;14942;+;46.4	23;14926;15216;+;73.1	24;15241;17994;+;47.0	24;15241;17994;+;142.4	24;15241;17994;+;73.3	25;18004;18774;+;60.1	27;19053;20108;+;133.2		28;20303;21031;+;119.4	29;21037;21966;+;138.8	30;21963;23177;+;128.3	32;23373;24407;+;65.7	33;24410;26245;+;495.9		pfam	pfam_only	A	7/7	canonical	1	1	unscoreable	2	0	0														not_admitted	not_admitted	not_admitted	not_admitted	not_admitted	not_admitted	not_admitted
NZ_CP048109.1	MPF_F	IncFIB(pNDM-Mar);RepB	331	0	0	GA	0															not_admitted	not_admitted	not_admitted	not_admitted	not_admitted	not_admitted	not_admitted	not_admitted	not_admitted	not_admitted	1	285;239564;240601;+;282.3	135;115585;116940;-;188.4	136;116987;118024;-;173.5	33;22379;25243;+;302.5	39;29501;31042;+;261.2	270;222527;223900;+;63.3	274;226013;228730;+;84.3	267;220021;220881;+;79.2	284;238206;239567;+;70.7	286;240611;243793;+;59.2	144;125201;127327;+;58.0	273;225231;225968;+;59.2	17;11559;12293;+;50.2	A	9/9	split_3	229052	0	1	
NZ_CP048110.1	-	repB(R1701)	206	0	0	GA	0															not_admitted	not_admitted	not_admitted	not_admitted	not_admitted	not_admitted	not_admitted	not_admitted	not_admitted	not_admitted	1	85;81236;82216;-;337.9	77;74398;75789;-;331.6	82;77812;78582;-;190.4	88;83321;85921;-;223.4	76;71534;74401;-;275.6	90;86381;87769;-;83.2	88;83321;85921;-;89.0	92;88475;89050;-;130.3	84;80478;81227;-;68.7	83;78596;80485;-;235.7	73;68258;70501;-;359.3	89;85923;86369;-;47.1	73;68258;70501;-;67.7	A	9/9	contiguous	20217	1	1	71065..71478-;137;unnamed;0
NZ_CP048112.1	MPF_T	-	33	0	0	GA	1	27;20593;21303;-;47.5	26;20291;20596;-;73.1	25;17540;20278;-;49.0	25;17540;20278;-;151.1	25;17540;20278;-;32.2	24;16821;17522;-;144.0	22;15503;16573;-;164.9		20;14597;15280;-;193.4	19;13692;14597;-;154.7	18;12398;13648;-;146.5	17;11383;12408;-;66.1	12;7556;9292;-;48.2		pfam	pfam_only	A	7/7	canonical	1	1	unscoreable	6	0	0														not_admitted	not_admitted	not_admitted	not_admitted	not_admitted	not_admitted	not_admitted
NZ_CP048134.1	MPF_F	-	105	0	0	GA	0															not_admitted	not_admitted	not_admitted	not_admitted	not_admitted	not_admitted	not_admitted	not_admitted	not_admitted	not_admitted	1	92;59773;60816;+;369.0	97;64799;66226;+;325.8	95;63585;64397;+;219.1	88;55485;58211;+;164.6	98;66242;69244;+;208.7	84;52487;53803;+;102.7	88;55485;58211;+;108.5	82;51196;51774;+;83.7	93;60831;61538;+;107.6	94;61535;63592;+;91.0	63;38327;40486;+;381.3	87;54831;55475;+;41.9	63;38327;40486;+;90.0	A	9/9	contiguous	27915	1	1	69316..69834+;172;unnamed;0
NZ_CP048224.1	MPF_F	-	207	0	0	GA	0															not_admitted	not_admitted	not_admitted	not_admitted	not_admitted	not_admitted	not_admitted	not_admitted	not_admitted	not_admitted	1	62;55528;56517;-;356.1	56;50037;51401;-;366.0	59;52259;53866;-;196.3	65;57565;60150;-;245.5	55;47194;50037;-;339.6	67;60724;62052;-;93.7	65;57565;60150;-;89.0	69;62754;63320;-;128.2	61;54910;55518;-;69.5	59;52259;53866;-;232.3	52;43651;45813;-;381.7	66;60161;60712;-;44.9	52;43651;45813;-;63.9	A	9/9	contiguous	19103	1	1	46628..47197-;189;unnamed;0
NZ_CP048245.1	MPF_F	-	109	0	0	GA	0															not_admitted	not_admitted	not_admitted	not_admitted	not_admitted	not_admitted	not_admitted	not_admitted	not_admitted	not_admitted	1	40;32517;33503;+;349.4	48;38222;39601;+;350.2	44;35963;36760;+;214.4	32;27654;29972;+;158.3	49;39594;43010;+;301.4	27;24284;25678;+;91.4	32;27654;29972;+;95.9	25;22955;23554;+;86.2	41;33513;34142;+;60.5	43;34815;35963;+;230.9	52;44742;47297;+;350.7	30;26738;27304;+;36.4	52;44742;47297;+;69.3	A	9/9	contiguous	21787	1	1	43034..43603+;189;unnamed;0
NZ_CP048247.1	MPF_T	-	45	0	0	GA	1		13;11668;12051;-;70.3	12;11346;11663;-;34.8	11;8785;11349;-;93.3	11;8785;11349;-;98.1	6;4560;5336;-;67.8	5;2718;4325;-;103.2		10;8078;8785;-;143.4	9;7199;8065;-;180.2	7;5349;6788;-;216.1	14;12153;13151;-;132.2	29;23917;25806;+;445.1		conjscan	conjscan_only	A	7/7	canonical	1	0	unscoreable	2	0	0														not_admitted	not_admitted	not_admitted	not_admitted	not_admitted	not_admitted	not_admitted
NZ_CP048251.1	MPF_T	-	49	0	0	GA	1		7;7934;8317;-;70.3	6;7612;7929;-;34.8	5;5051;7615;-;93.3	5;5051;7615;-;98.1	0;826;1602;-;67.8			4;4344;5051;-;143.4	3;3465;4331;-;177.6	1;1615;3054;-;216.1	8;8419;9417;-;132.2	25;20165;22054;+;445.1		conjscan	conjscan_only	B	6/7	uncallable	0	0	unscoreable	1	0	0														not_admitted	not_admitted	not_admitted	not_admitted	not_admitted	not_admitted	not_admitted
NZ_CP048255.1	MPF_T	-	49	0	0	GA	1		14;12275;12658;-;70.3	13;11953;12270;-;34.8	12;9392;11956;-;93.3	12;9392;11956;-;98.1	7;5167;5943;-;67.8	6;3325;4953;-;103.1		11;8685;9392;-;143.4	10;7806;8672;-;180.2	8;5956;7395;-;216.1	15;12760;13758;-;132.2	31;24505;26394;+;445.1		conjscan	conjscan_only	A	7/7	canonical	1	0	unscoreable	2	0	0														not_admitted	not_admitted	not_admitted	not_admitted	not_admitted	not_admitted	not_admitted
NZ_CP048285.1	MPF_T	-	209	0	0	GA	1		206;211894;212274;-;72.0	205;211602;211901;-;64.0	204;209135;211591;-;170.2	204;209135;211591;-;122.4	203;208360;209163;-;44.3	201;206998;208185;-;110.2		200;206315;206977;-;128.0	199;205485;206297;-;183.5	197;203734;205029;-;220.6	207;212264;213241;-;131.7	174;173111;174985;-;521.2		conjscan	conjscan_only	A	7/7	canonical	1	0	unscoreable	3	0	0														not_admitted	not_admitted	not_admitted	not_admitted	not_admitted	not_admitted	not_admitted
NZ_CP048305.1	MPF_F	IncC	190	0	0	GA	0															not_admitted	not_admitted	not_admitted	not_admitted	not_admitted	not_admitted	not_admitted	not_admitted	not_admitted	not_admitted	1	88;67421;68428;+;332.9	179;148723;150156;+;339.2	178;147693;148721;+;221.7	83;62222;64669;+;354.2	180;150169;153783;+;375.3	74;48911;50227;+;135.0	83;62222;64669;+;128.6	72;47387;48013;+;92.1	86;65491;66756;+;67.6	89;68544;71339;+;145.3	63;41712;43577;+;47.4	75;50224;50802;+;100.2	63;41712;43577;+;52.0	A	9/9	split_2	108457	0	1	
NZ_CP048311.1	MPF_F	IncFIA;IncFIB(AP001918);IncFII	203	0	0	GA	0															not_admitted	not_admitted	not_admitted	not_admitted	not_admitted	not_admitted	not_admitted	not_admitted	not_admitted	not_admitted	1	162;130786;131778;+;367.4	173;137464;138837;+;380.9	166;134507;135250;+;235.0	159;127150;129777;+;305.4	174;138834;141659;+;385.9	153;123668;125095;+;94.3	159;127150;129777;+;98.5	151;122387;122953;+;182.1	163;131787;132425;+;68.6	164;132422;134230;+;268.3	177;143162;145351;+;391.3	157;126119;126634;+;78.4	177;143162;145351;+;70.4	A	9/9	contiguous	20775	1	1	141656..142165+;169;unnamed;0
NZ_CP048321.1	MPF_T	ColKP3;IncX3	62	0	0	GA	1	21;13686;14330;+;46.4	22;14314;14604;+;73.1	23;14629;17382;+;47.0	23;14629;17382;+;142.4	23;14629;17382;+;73.3	24;17392;18162;+;60.1	26;18441;19496;+;132.8		27;19691;20419;+;119.4	28;20425;21354;+;138.8	29;21351;22565;+;128.3	31;22761;23795;+;65.7	32;23798;25633;+;495.9		pfam	pfam_only	A	7/7	canonical	1	1	unscoreable	2	0	0														not_admitted	not_admitted	not_admitted	not_admitted	not_admitted	not_admitted	not_admitted
NZ_CP048325.1	MPF_T	ColKP3;IncX3	63	0	0	GA	1	21;13698;14342;+;46.4	22;14326;14616;+;73.1	23;14641;17394;+;47.0	23;14641;17394;+;142.4	23;14641;17394;+;73.3	24;17404;18174;+;60.1	26;18453;19508;+;132.8		27;19703;20431;+;119.4	28;20437;21366;+;138.8	30;22136;22576;+;85.0	32;22772;23806;+;65.7	33;23809;25644;+;495.9		pfam	pfam_only	A	7/7	canonical	1	1	unscoreable	3	0	0														not_admitted	not_admitted	not_admitted	not_admitted	not_admitted	not_admitted	not_admitted
NZ_CP048327.1	MPF_T	ColKP3;IncX3	66	0	0	GA	1	20;12365;13009;+;46.4	21;12993;13283;+;73.1	22;13308;16061;+;47.0	22;13308;16061;+;142.4	22;13308;16061;+;73.3	23;16071;16841;+;60.1	25;17120;18175;+;132.8		26;18370;19098;+;119.4	27;19104;20033;+;138.8	28;20030;21244;+;128.3	30;21440;22474;+;65.7	31;22477;24312;+;495.9		pfam	pfam_only	A	7/7	canonical	1	1	unscoreable	2	0	0														not_admitted	not_admitted	not_admitted	not_admitted	not_admitted	not_admitted	not_admitted
NZ_CP048331.1	MPF_F	IncFIA;IncFIB(AP001918);IncFII	152	0	0	GA	0															not_admitted	not_admitted	not_admitted	not_admitted	not_admitted	not_admitted	not_admitted	not_admitted	not_admitted	not_admitted	1	82;73863;74855;-;369.5	71;66755;68128;-;382.9	77;70056;70799;-;234.4	85;75864;78491;-;300.9	70;63939;66758;-;385.4	91;80644;82071;-;93.9	85;75864;78491;-;101.1	93;82786;83352;-;182.7	80;72881;73519;-;70.7	79;71076;72884;-;267.1	67;60200;62407;-;380.8	87;79007;79522;-;76.0	67;60200;62407;-;66.5	A	9/9	contiguous	22586	1	1	63423..63914-;163;TraS;0
NZ_CP048332.1	MPF_T	ColKP3;IncX3	65	0	0	GA	1	20;12367;13011;+;46.4	21;12995;13285;+;73.1	22;13310;16063;+;47.0	22;13310;16063;+;142.4	22;13310;16063;+;73.3	23;16073;16843;+;60.1	25;17122;18177;+;132.8		26;18372;19100;+;119.4	27;19106;20035;+;138.8	28;20032;21246;+;128.3	30;21442;22476;+;65.7	31;22479;24314;+;495.9		pfam	pfam_only	A	7/7	canonical	1	1	unscoreable	2	0	0														not_admitted	not_admitted	not_admitted	not_admitted	not_admitted	not_admitted	not_admitted
NZ_CP048333.1	MPF_T	IncX4	46	0	0	GA	1	31;24328;24948;-;41.6	30;23988;24314;-;64.4	29;21222;23969;-;63.8	29;21222;23969;-;151.8	29;21222;23969;-;46.1	28;20494;21210;-;94.2	27;19388;20482;-;150.1		25;18187;18873;-;169.0	24;17282;18190;-;142.4	23;16171;17289;-;163.9	22;15141;16169;-;85.0	21;13292;15109;-;316.5		pfam	pfam_only	A	7/7	canonical	1	1	unscoreable	1	0	0														not_admitted	not_admitted	not_admitted	not_admitted	not_admitted	not_admitted	not_admitted
NZ_CP048346.1	MPF_T	ColKP3;IncX3	65	0	0	GA	1	26;22397;23041;-;46.4	25;22123;22413;-;73.1	24;19345;22098;-;47.0	24;19345;22098;-;142.4	24;19345;22098;-;73.3	23;18565;19335;-;60.1	21;17231;18286;-;132.8		20;16308;17036;-;119.4	19;15373;16302;-;138.8	18;14162;15376;-;128.3	16;12932;13966;-;65.7	15;11094;12929;-;495.4		pfam	pfam_only	A	7/7	canonical	1	1	unscoreable	2	0	0														not_admitted	not_admitted	not_admitted	not_admitted	not_admitted	not_admitted	not_admitted
NZ_CP048350.1	MPF_F	IncHI2;IncHI2A	309	0	0	GA	0															not_admitted	not_admitted	not_admitted	not_admitted	not_admitted	not_admitted	not_admitted	not_admitted	not_admitted	not_admitted	1	29;32275;33333;+;276.9	221;202651;204066;-;194.1	222;204056;205102;-;173.7	11;8955;11636;+;168.0	220;198692;202642;-;101.6	7;5270;6625;+;80.7	11;8955;11636;+;72.2	4;2758;3546;+;74.8	27;30622;32133;+;62.7	30;33352;36540;+;58.3	228;212143;214227;+;56.7	10;7996;8946;+;46.4	228;212143;214227;+;38.8	A	9/9	split_3	209385	0	1	
NZ_CP048351.1	MPF_F	IncFII(K);repB(R1701)	170	0	0	GA	0															not_admitted	not_admitted	not_admitted	not_admitted	not_admitted	not_admitted	not_admitted	not_admitted	not_admitted	not_admitted	1	144;120064;121056;+;362.9	155;127064;128431;+;380.9	150;124610;125362;+;235.3	141;116399;119038;+;259.1	156;128431;131280;+;342.7	131;111173;112597;+;88.4	141;116399;119038;+;83.9	129;109880;110446;+;161.5	145;121069;121707;+;65.5	146;121766;123721;+;255.2	160;133020;135305;+;391.4	133;113209;113778;+;53.7	160;133020;135305;+;66.5	A	9/9	contiguous	23140	1	1	131283..131813+;176;unnamed;0
NZ_CP048352.1	MPF_F	IncFIB(pQil);IncFII(Yp)	164	0	0	GA	0															not_admitted	not_admitted	not_admitted	not_admitted	not_admitted	not_admitted	not_admitted	not_admitted	not_admitted	not_admitted	1	140;117847;118839;+;372.3	150;124472;125842;+;383.1	147;122951;123703;+;222.2	137;114182;116821;+;254.8	151;125842;128697;+;333.3	32;35721;36941;+;216.3	137;114182;116821;+;88.2	127;108283;108849;+;159.4	141;118852;119478;+;68.3	142;119475;121430;+;254.3	154;130442;132760;+;390.7	131;111452;112036;+;55.9	154;130442;132760;+;66.8	A	9/9	split_2	94721	1	1	128714..129385+;223;unnamed;0
NZ_CP048360.1	MPF_F	IncFIA;IncFIB(AP001918);IncFII	170	0	0	GA	0															not_admitted	not_admitted	not_admitted	not_admitted	not_admitted	not_admitted	not_admitted	not_admitted	not_admitted	not_admitted	1	65;54389;55381;+;367.4	76;61067;62440;+;380.9	69;58110;58853;+;235.0	62;50753;53380;+;305.4	77;62437;65262;+;386.2	56;47271;48698;+;94.3	62;50753;53380;+;98.5	54;45990;46556;+;183.8	66;55390;56028;+;68.6	67;56025;57833;+;267.3	80;66765;68972;+;391.3	60;49722;50237;+;78.4	80;66765;68972;+;70.4	A	9/9	contiguous	20775	1	1	65259..65768+;169;unnamed;0
NZ_CP048362.1	MPF_F	IncFII	82	0	0	GA	0															not_admitted	not_admitted	not_admitted	not_admitted	not_admitted	not_admitted	not_admitted	not_admitted	not_admitted	not_admitted	1	56;43464;44456;+;369.5	68;50510;51883;+;381.7	61;47562;48305;+;233.1	53;39825;42455;+;305.1	69;51880;54702;+;388.5	44;34473;35924;+;94.0	53;39825;42455;+;97.3	42;33192;33758;+;172.8	58;44800;45438;+;68.6	59;45435;47285;+;271.9	74;56976;59192;+;391.2	48;37285;37797;+;80.9	74;56976;59192;+;70.3	A	9/9	contiguous	23784	1	1	54724..55203+;159;TraS;0
NZ_CP048363.1	MPF_T	IncX1;IncX10	49	0	0	GA	1	10;4634;5281;+;45.2	11;5259;5555;+;75.2	12;5577;8330;+;46.1	12;5577;8330;+;148.0	12;5577;8330;+;73.5	13;8341;9090;+;65.3	15;9401;10462;+;134.7		16;10707;11420;+;118.8	17;11425;12354;+;133.7	18;12351;13556;+;132.5	19;13558;14589;+;76.2	20;14592;16427;+;486.3		pfam	pfam_only	A	7/7	canonical	1	1	unscoreable	1	0	0														not_admitted	not_admitted	not_admitted	not_admitted	not_admitted	not_admitted	not_admitted
NZ_CP048368.1	MPF_F	IncFIA;IncFII	139	0	0	GA	0															not_admitted	not_admitted	not_admitted	not_admitted	not_admitted	not_admitted	not_admitted	not_admitted	not_admitted	not_admitted	1	112;103514;104506;+;371.6	121;109568;110941;+;380.7	116;107235;107978;+;233.0	109;99878;102505;+;303.5	122;110938;113757;+;386.2	103;96292;97719;+;91.9	109;99878;102505;+;98.5	101;95011;95577;+;182.9	113;104515;105153;+;64.9	114;105150;106958;+;268.2	125;115289;117487;+;391.7	108;98847;99362;+;76.4	125;115289;117487;+;70.4	A	9/9	contiguous	20278	1	1	113782..114273+;163;TraS;0
NZ_CP048372.1	MPF_F	IncFII	99	0	0	GA	0															not_admitted	not_admitted	not_admitted	not_admitted	not_admitted	not_admitted	not_admitted	not_admitted	not_admitted	not_admitted	1	51;45334;46326;+;369.3	60;51388;52761;+;381.0	55;49025;49798;+;234.0	48;41698;44325;+;303.5	61;52758;55583;+;386.0	43;38216;39643;+;94.3	48;41698;44325;+;99.2	41;36935;37501;+;183.8	52;46335;46973;+;68.7	53;46970;48778;+;268.0	64;57087;59294;+;391.7	47;40667;41182;+;78.4	64;57087;59294;+;70.3	A	9/9	contiguous	20152	1	1	55580..56089+;169;unnamed;0
NZ_CP048384.1	MPF_F	IncC;IncQ1	229	0	0	GA	0															not_admitted	not_admitted	not_admitted	not_admitted	not_admitted	not_admitted	not_admitted	not_admitted	not_admitted	not_admitted	1	94;67782;68789;+;332.9	218;179419;180852;+;339.2	217;178389;179417;+;221.7	89;62583;65030;+;354.5	219;180865;184479;+;375.3	84;53711;55027;+;135.0	89;62583;65030;+;128.3	82;52187;52813;+;92.7	92;65852;67117;+;67.9	95;68905;71703;+;145.3	73;46512;48377;+;47.3	85;55024;55602;+;100.2	73;46512;48377;+;52.0	A	9/9	split_2	134353	0	1	
NZ_CP048390.1	MPF_F	IncFIB(K)	209	0	0	GA	0															not_admitted	not_admitted	not_admitted	not_admitted	not_admitted	not_admitted	not_admitted	not_admitted	not_admitted	not_admitted	1	148;155939;156928;-;366.6	138;149025;150392;-;384.1	142;151650;152402;-;233.7	152;158385;161024;-;258.5	137;146203;149025;-;346.4	159;163852;165276;-;88.1	152;158385;161024;-;88.7	161;166003;166569;-;169.3	147;155288;155926;-;66.9	146;153274;155229;-;259.4	133;141275;143587;-;393.1	158;163195;163779;-;54.3	133;141275;143587;-;66.6	A	9/9	contiguous	24728	1	1	145578..146180-;200;TraS;0
NZ_CP048392.1	MPF_T	IncX3	57	0	0	GA	1	25;21115;21759;-;46.4	24;20841;21131;-;73.1	23;18063;20816;-;47.0	23;18063;20816;-;142.4	23;18063;20816;-;73.3	22;17283;18053;-;60.1	20;15949;17004;-;133.2		19;15026;15754;-;119.4	18;14091;15020;-;138.8	17;12880;14094;-;128.3	15;11650;12684;-;65.7	14;9812;11647;-;495.9		pfam	pfam_only	A	7/7	canonical	1	1	unscoreable	2	0	0														not_admitted	not_admitted	not_admitted	not_admitted	not_admitted	not_admitted	not_admitted
NZ_CP048419.1	-	-	82	0	0	GA	1	75;80100;80786;-;47.9	74;79738;80103;-;69.5	73;79330;79674;-;69.9	72;76947;79337;-;149.2	72;76947;79337;-;109.2	71;76223;76933;-;100.6	70;74862;75866;-;94.0		69;73774;74466;-;168.0	68;72938;73777;-;186.9	67;71740;72936;-;177.4	66;70733;71743;-;100.4	64;68942;70126;-;202.4		pfam	pfam_only	A	7/7	canonical	1	0	unscoreable	0	0	0														not_admitted	not_admitted	not_admitted	not_admitted	not_admitted	not_admitted	not_admitted
NZ_CP048421.1	MPF_T	-	184	0	0	GA	1	89;87126;87698;+;32.5	91;89024;89344;+;64.9	92;89346;89678;+;80.5	93;89671;92037;+;142.6	93;89671;92037;+;104.1	94;92039;92764;+;155.4	96;93080;94144;+;99.7		98;94594;95271;+;188.4	99;95273;96280;+;188.9	100;96282;97601;+;166.3	101;97605;98627;+;96.7	102;98642;100567;+;312.7		pfam	both	A	7/7	canonical	1	0	unscoreable	3	0	0														not_admitted	not_admitted	not_admitted	not_admitted	not_admitted	not_admitted	not_admitted
NZ_CP048424.1	MPF_T	-	263	0	0	GA	1		147;149858;150250;+;73.9	148;150243;150542;+;55.3	149;150553;152973;+;166.4	149;150553;152973;+;127.4	150;152966;153772;+;54.8	151;153766;154953;+;102.1		152;154974;155636;+;124.0	153;155651;156481;+;181.8	155;156942;158237;+;219.4	146;148897;149868;+;131.6	69;61561;63486;+;533.1		conjscan	conjscan_only	A	7/7	canonical	1	0	unscoreable	2	0	0														not_admitted	not_admitted	not_admitted	not_admitted	not_admitted	not_admitted	not_admitted
NZ_CP048428.1	-	-	110	0	0	GA	1	62;62090;62650;+;86.6	63;62697;63020;+;76.1	64;63022;63312;+;66.3	65;63309;65720;+;140.5	65;63309;65720;+;101.9	67;66888;67604;+;46.6	69;67789;68808;+;123.4		72;69639;70373;+;181.8	73;70370;71155;+;181.4	74;71152;72570;+;192.8	75;72567;73565;+;139.1	76;73562;75676;+;263.6		pfam	pfam_only	A	7/7	canonical	1	0	unscoreable	3	0	0														not_admitted	not_admitted	not_admitted	not_admitted	not_admitted	not_admitted	not_admitted
NZ_CP048440.1	MPF_F	IncFIA;IncFIB(AP001918);IncFIC(FII)	103	0	0	GA	0															not_admitted	not_admitted	not_admitted	not_admitted	not_admitted	not_admitted	not_admitted	not_admitted	not_admitted	not_admitted	1	52;58039;59031;-;368.6	41;50980;52356;-;374.3	48;54567;55310;-;234.1	55;60040;62667;-;306.8	40;48167;50983;-;386.1	62;64722;66149;-;94.3	55;60040;62667;-;98.5	64;66864;67430;-;183.8	51;57392;58030;-;67.3	50;55587;57395;-;268.0	37;44451;46604;-;391.1	58;63183;63698;-;77.3	37;44451;46604;-;69.2	A	9/9	contiguous	22413	1	1	47613..48134-;173;unnamed;0
NZ_CP048444.1	MPF_F	-	169	0	0	GA	0															not_admitted	not_admitted	not_admitted	not_admitted	not_admitted	not_admitted	not_admitted	not_admitted	not_admitted	not_admitted	1	99;101404;102429;-;272.4	84;88578;90059;-;176.9	85;90070;91086;-;150.2	88;92025;94607;-;68.1	83;85142;88564;-;57.4	93;97091;98452;-;76.5	88;92025;94607;-;63.3	95;99411;100010;-;34.8	98;100895;101392;-;63.0	75;77234;78637;-;109.7	27;17077;19098;+;223.9		27;17077;19098;+;46.9	B	8/9	split_2	84327	1	1	84855..85049-;64;unnamed;0
NZ_CP048463.1	-	-	98	0	0	GA	1	82;58428;59021;+;71.6		97;71212;71496;+;26.3	0;91;2097;+;51.6		1;2112;2783;+;69.8	3;2944;4044;+;61.8		4;4050;4748;+;53.7	5;4762;5529;+;176.1	6;5526;6770;+;136.2	88;63503;65332;+;132.1	13;11970;13559;+;37.8		pfam	both	A	7/7	canonical	1	0	unscoreable	18	0	0														not_admitted	not_admitted	not_admitted	not_admitted	not_admitted	not_admitted	not_admitted
NZ_CP048466.1	MPF_T	-	506	0	0	GA	1		332;303092;303391;+;87.5	333;303394;303735;+;106.1	334;303728;306109;+;172.9	334;303728;306109;+;107.6	335;306109;306807;+;207.6	337;307042;307977;+;163.1		339;308283;308954;+;222.9	340;308951;309805;+;185.3	341;309820;310992;+;184.4	342;311001;312011;+;97.8	252;236159;238078;-;323.5		pfam	both	A	7/7	canonical	1	0	unscoreable	2	0	0														not_admitted	not_admitted	not_admitted	not_admitted	not_admitted	not_admitted	not_admitted
NZ_CP048467.1	MPF_T	-	184	0	0	GA	1	89;88529;89266;+;75.2	181;192435;192836;-;74.9	91;89631;89957;+;73.6	92;89957;92326;+;240.3	179;189664;192132;-;122.8	178;188883;189692;-;48.3	176;187478;188665;-;113.0		96;94183;94896;+;176.9	174;185930;186784;-;185.2	172;184129;185442;-;222.0	182;192826;193797;-;133.5	48;45975;47924;-;574.0		conjscan	conjscan_only	A	7/7	uncallable	0	0	unscoreable	11	0	0														not_admitted	not_admitted	not_admitted	not_admitted	not_admitted	not_admitted	not_admitted
NZ_CP048468.1	MPF_T	-	167	0	0	GA	1		164;172765;173172;-;72.2	163;172473;172772;-;63.9	162;169994;172462;-;190.2	162;169994;172462;-;123.2	161;169213;170022;-;46.9	159;167808;169004;-;111.5		158;167131;167793;-;121.7	157;166259;167113;-;191.7	155;164461;165768;-;226.8	165;173162;174133;-;136.2	95;100777;102753;-;566.0		conjscan	conjscan_only	A	7/7	canonical	1	0	unscoreable	3	0	0														not_admitted	not_admitted	not_admitted	not_admitted	not_admitted	not_admitted	not_admitted
NZ_CP048475.1	MPF_T	-	397	0	0	GA	1		81;73235;73534;+;89.6	82;73537;73878;+;107.1	83;73871;76252;+;175.1	83;73871;76252;+;114.2	84;76252;76950;+;207.7	86;77185;78120;+;166.9		88;78426;79097;+;218.9	89;79094;79945;+;190.6	90;79955;81124;+;183.3	91;81133;82134;+;100.2	115;103917;105836;-;331.8		pfam	both	A	7/7	canonical	1	0	unscoreable	2	0	0														not_admitted	not_admitted	not_admitted	not_admitted	not_admitted	not_admitted	not_admitted
NZ_CP048476.1	MPF_T	-	169	0	0	GA	1	96;93688;94425;+;75.2	166;175220;175621;-;74.9	98;94790;95116;+;73.6	99;95116;97485;+;240.3	164;172449;174917;-;122.7	163;171668;172477;-;47.8	161;170263;171459;-;110.2		103;99342;100055;+;176.9	159;168714;169580;-;191.3	157;166912;168225;-;225.2	167;175611;176582;-;133.5	57;50844;52793;-;546.2		conjscan	conjscan_only	A	7/7	uncallable	0	0	unscoreable	11	0	0														not_admitted	not_admitted	not_admitted	not_admitted	not_admitted	not_admitted	not_admitted
NZ_CP048479.1	MPF_T	-	397	0	0	GA	1		81;73235;73534;+;89.6	82;73537;73878;+;107.1	83;73871;76252;+;175.1	83;73871;76252;+;114.2	84;76252;76950;+;207.7	86;77185;78120;+;166.9		88;78426;79097;+;218.9	89;79094;79945;+;190.6	90;79955;81124;+;183.3	91;81133;82134;+;100.2	115;103917;105836;-;331.8		pfam	both	A	7/7	canonical	1	0	unscoreable	2	0	0														not_admitted	not_admitted	not_admitted	not_admitted	not_admitted	not_admitted	not_admitted
NZ_CP048480.1	MPF_T	-	169	0	0	GA	1	96;93688;94425;+;75.2	166;175220;175621;-;74.9	98;94790;95116;+;73.6	99;95116;97485;+;240.3	164;172449;174917;-;122.7	163;171668;172477;-;47.8	161;170263;171459;-;110.2		103;99342;100055;+;176.9	159;168714;169580;-;191.3	157;166912;168225;-;225.2	167;175611;176582;-;133.5	57;50844;52793;-;546.2		conjscan	conjscan_only	A	7/7	uncallable	0	0	unscoreable	11	0	0														not_admitted	not_admitted	not_admitted	not_admitted	not_admitted	not_admitted	not_admitted
NZ_CP048483.1	MPF_T	-	397	0	0	GA	1		81;73235;73534;+;89.6	82;73537;73878;+;107.1	83;73871;76252;+;175.1	83;73871;76252;+;114.2	84;76252;76950;+;207.7	86;77185;78120;+;166.9		88;78426;79097;+;218.9	89;79094;79945;+;190.6	90;79955;81124;+;183.3	91;81133;82134;+;100.2	115;103917;105836;-;331.8		pfam	both	A	7/7	canonical	1	0	unscoreable	2	0	0														not_admitted	not_admitted	not_admitted	not_admitted	not_admitted	not_admitted	not_admitted
NZ_CP048484.1	MPF_T	-	233	0	0	GA	1	138;146319;147056;+;75.2	230;250225;250626;-;74.9	140;147421;147747;+;73.6	141;147747;150116;+;240.3	228;247454;249922;-;122.8	227;246673;247482;-;48.3	225;245268;246455;-;113.0		145;151973;152686;+;176.9	223;243720;244574;-;185.2	221;241919;243232;-;222.0	231;250616;251587;-;133.5	97;103765;105714;-;574.0		conjscan	conjscan_only	A	7/7	uncallable	0	0	unscoreable	11	0	0														not_admitted	not_admitted	not_admitted	not_admitted	not_admitted	not_admitted	not_admitted
NZ_CP048494.1	MPF_T	-	397	0	0	GA	1		81;73235;73534;+;89.6	82;73537;73878;+;107.1	83;73871;76252;+;175.1	83;73871;76252;+;114.2	84;76252;76950;+;207.7	86;77185;78120;+;166.9		88;78426;79097;+;218.9	89;79094;79945;+;190.6	90;79955;81124;+;183.3	91;81133;82134;+;100.2	115;103917;105836;-;331.8		pfam	both	A	7/7	canonical	1	0	unscoreable	2	0	0														not_admitted	not_admitted	not_admitted	not_admitted	not_admitted	not_admitted	not_admitted
NZ_CP048495.1	MPF_T	-	176	0	0	GA	1	103;100780;101517;+;75.2	173;182312;182713;-;74.9	105;101882;102208;+;73.6	106;102208;104577;+;240.3	171;179541;182009;-;122.7	170;178760;179569;-;47.8	168;177355;178551;-;110.2		110;106434;107147;+;176.9	166;175806;176672;-;191.3	164;174004;175317;-;225.2	174;182703;183674;-;133.5	64;57936;59885;-;546.2		conjscan	conjscan_only	A	7/7	uncallable	0	0	unscoreable	11	0	0														not_admitted	not_admitted	not_admitted	not_admitted	not_admitted	not_admitted	not_admitted
NZ_CP048499.1	MPF_T	-	397	0	0	GA	1		81;73235;73534;+;89.6	82;73537;73878;+;107.1	83;73871;76252;+;175.1	83;73871;76252;+;114.2	84;76252;76950;+;207.7	86;77185;78120;+;166.9		88;78426;79097;+;218.9	89;79094;79945;+;190.6	90;79955;81124;+;183.3	91;81133;82134;+;100.2	115;103917;105836;-;331.8		pfam	both	A	7/7	canonical	1	0	unscoreable	2	0	0														not_admitted	not_admitted	not_admitted	not_admitted	not_admitted	not_admitted	not_admitted
NZ_CP048500.1	MPF_T	-	201	0	0	GA	1	106;103674;104411;+;75.2	198;207579;207980;-;74.9	108;104776;105102;+;73.6	109;105102;107471;+;240.3	196;204808;207276;-;122.8	195;204027;204836;-;48.3	193;202622;203809;-;113.0		113;109328;110041;+;176.9	191;201074;201928;-;185.2	189;199273;200586;-;222.0	199;207970;208941;-;133.5	66;60802;62751;-;545.1		conjscan	conjscan_only	A	7/7	uncallable	0	0	unscoreable	11	0	0														not_admitted	not_admitted	not_admitted	not_admitted	not_admitted	not_admitted	not_admitted
NZ_CP048504.1	MPF_T	-	397	0	0	GA	1		81;73235;73534;+;89.6	82;73537;73878;+;107.1	83;73871;76252;+;175.1	83;73871;76252;+;114.2	84;76252;76950;+;207.7	86;77185;78120;+;166.9		88;78426;79097;+;218.9	89;79094;79945;+;190.6	90;79955;81124;+;183.3	91;81133;82134;+;100.2	115;103917;105836;-;331.8		pfam	both	A	7/7	canonical	1	0	unscoreable	2	0	0														not_admitted	not_admitted	not_admitted	not_admitted	not_admitted	not_admitted	not_admitted
NZ_CP048505.1	MPF_T	-	198	0	0	GA	1	103;103698;104435;+;75.2	195;207603;208004;-;74.9	105;104800;105126;+;73.6	106;105126;107495;+;240.3	193;204832;207300;-;122.8	192;204051;204860;-;48.3	190;202646;203833;-;113.0		110;109352;110065;+;176.9	188;201098;201952;-;185.2	186;199297;200610;-;222.0	196;207994;208965;-;133.5	63;60826;62775;-;545.1		conjscan	conjscan_only	A	7/7	uncallable	0	0	unscoreable	11	0	0														not_admitted	not_admitted	not_admitted	not_admitted	not_admitted	not_admitted	not_admitted
NZ_CP048506.1	MPF_T	-	173	0	0	GA	1		170;143770;144285;-;64.3		168;142343;142786;-;92.2	169;142904;143365;-;51.8	165;140482;141150;-;48.9	162;139010;139639;-;53.6		161;138353;138928;-;93.4	160;137746;138246;-;88.8	156;135594;136223;-;226.2	171;144275;145057;-;136.1	119;101122;102264;-;149.4		conjscan	conjscan_only	A	7/7	canonical	1	0	unscoreable	8	0	0														not_admitted	not_admitted	not_admitted	not_admitted	not_admitted	not_admitted	not_admitted
NZ_CP048510.1	MPF_T	-	397	0	0	GA	1		81;73235;73534;+;89.6	82;73537;73878;+;107.1	83;73871;76252;+;175.1	83;73871;76252;+;114.2	84;76252;76950;+;207.7	86;77185;78120;+;166.9		88;78426;79097;+;218.9	89;79094;79945;+;190.6	90;79955;81124;+;183.3	91;81133;82134;+;100.2	115;103917;105836;-;331.8		pfam	both	A	7/7	canonical	1	0	unscoreable	2	0	0														not_admitted	not_admitted	not_admitted	not_admitted	not_admitted	not_admitted	not_admitted
NZ_CP048511.1	MPF_T	-	198	0	0	GA	1	103;103698;104435;+;75.2	195;207603;208004;-;74.9	105;104800;105126;+;73.6	106;105126;107495;+;240.3	193;204832;207300;-;122.8	192;204051;204860;-;48.3	190;202646;203833;-;113.0		110;109352;110065;+;176.9	188;201098;201952;-;185.2	186;199297;200610;-;222.0	196;207994;208965;-;133.5	63;60826;62775;-;543.4		conjscan	conjscan_only	A	7/7	uncallable	0	0	unscoreable	11	0	0														not_admitted	not_admitted	not_admitted	not_admitted	not_admitted	not_admitted	not_admitted
NZ_CP048512.1	MPF_T	-	164	0	0	GA	1		161;172697;173104;-;72.2	160;172405;172704;-;63.9	159;169926;172394;-;190.2	159;169926;172394;-;123.2	158;169283;169954;-;48.9	156;167740;168936;-;111.5		155;167063;167725;-;121.7	154;166191;167045;-;191.7	152;164393;165700;-;226.8	162;173094;174065;-;136.2	92;100709;102685;-;566.0		conjscan	conjscan_only	A	7/7	canonical	1	0	unscoreable	3	0	0														not_admitted	not_admitted	not_admitted	not_admitted	not_admitted	not_admitted	not_admitted
NZ_CP048515.1	MPF_T	-	397	0	0	GA	1		81;73235;73534;+;89.6	82;73537;73878;+;107.1	83;73871;76252;+;175.1	83;73871;76252;+;114.2	84;76252;76950;+;207.7	86;77185;78120;+;166.9		88;78426;79097;+;218.9	89;79094;79945;+;190.6	90;79955;81124;+;183.3	91;81133;82134;+;100.2	115;103917;105836;-;331.8		pfam	both	A	7/7	canonical	1	0	unscoreable	2	0	0														not_admitted	not_admitted	not_admitted	not_admitted	not_admitted	not_admitted	not_admitted
NZ_CP048516.1	MPF_T	-	198	0	0	GA	1	103;103700;104437;+;75.2	195;207605;208006;-;74.9	105;104802;105128;+;73.6	106;105128;107497;+;240.3	193;204834;207302;-;122.8	192;204053;204862;-;48.3	190;202648;203835;-;113.0		110;109354;110067;+;176.9	188;201100;201954;-;185.2	186;199299;200612;-;222.0	196;207996;208967;-;133.5	63;60828;62777;-;545.1		conjscan	conjscan_only	A	7/7	uncallable	0	0	unscoreable	11	0	0														not_admitted	not_admitted	not_admitted	not_admitted	not_admitted	not_admitted	not_admitted
NZ_CP048517.1	MPF_T	-	164	0	0	GA	1		161;172696;173103;-;72.2	160;172404;172703;-;63.9	159;169925;172393;-;190.2	159;169925;172393;-;123.2	158;169282;169953;-;48.9	156;167739;168935;-;111.5		155;167062;167724;-;121.7	154;166190;167044;-;191.7	152;164392;165699;-;226.8	162;173093;174064;-;136.2	92;100708;102684;-;566.0		conjscan	conjscan_only	A	7/7	canonical	1	0	unscoreable	3	0	0														not_admitted	not_admitted	not_admitted	not_admitted	not_admitted	not_admitted	not_admitted
NZ_CP048520.1	MPF_T	-	554	0	0	GA	1		204;203011;203310;+;89.3	205;203317;203655;+;103.9	206;203648;206014;+;178.6	206;203648;206014;+;104.2	207;206011;206712;+;201.4	209;206943;207875;+;168.6		211;208196;208867;+;202.9	212;208864;209721;+;183.9	213;209730;210905;+;176.5	214;210914;211951;+;102.7	218;213730;215649;-;332.1		pfam	both	A	7/7	canonical	1	0	unscoreable	5	0	0														not_admitted	not_admitted	not_admitted	not_admitted	not_admitted	not_admitted	not_admitted
NZ_CP048521.1	MPF_T	-	195	0	0	GA	1	122;131645;132382;+;73.4	192;211876;212277;-;70.9	124;132747;133073;+;73.6	125;133073;135442;+;240.3	190;209105;211573;-;125.4	189;208330;209133;-;45.0	187;206925;208121;-;112.0		129;137299;138012;+;176.9	185;205376;206242;-;186.7	183;203571;204887;-;225.0	193;212267;213238;-;133.5	84;89017;90993;-;573.0		conjscan	conjscan_only	A	7/7	uncallable	0	0	unscoreable	11	0	0														not_admitted	not_admitted	not_admitted	not_admitted	not_admitted	not_admitted	not_admitted
NZ_CP048524.1	MPF_T	-	457	0	0	GA	1		224;215269;215568;+;88.4	225;215571;215912;+;106.1	226;215905;218286;+;170.0	226;215905;218286;+;106.9	227;218286;218984;+;209.8	229;219219;220154;+;163.9		231;220460;221131;+;220.9	232;221128;221982;+;184.6	233;221997;223169;+;181.7	234;223178;223957;+;72.2	175;166434;168353;-;325.9		pfam	both	A	7/7	canonical	1	0	unscoreable	2	0	0														not_admitted	not_admitted	not_admitted	not_admitted	not_admitted	not_admitted	not_admitted
NZ_CP048525.1	MPF_T	-	332	0	0	GA	1	164;153875;155047;+;66.8	161;150686;151045;+;45.5	162;151048;151374;+;49.7	163;151378;153897;+;135.8	163;151378;153897;+;96.0		167;156076;157149;+;81.8		168;157255;157989;+;112.9	169;157986;158819;+;180.5	170;158829;160163;+;188.0	171;160160;161209;+;129.3	172;161178;163940;+;217.0		none	none	A	7/7	canonical	0	0	unscoreable	2	0	0														not_admitted	not_admitted	not_admitted	not_admitted	not_admitted	not_admitted	not_admitted
NZ_CP048526.1	MPF_T	-	189	0	0	GA	1	116;119452;120189;+;73.4	186;200984;201385;-;74.9	118;120554;120880;+;73.6	119;120880;123249;+;240.8	184;198213;200681;-;122.6	183;197432;198241;-;47.8	181;196027;197223;-;110.2		123;125106;125819;+;176.9	179;194478;195353;-;191.3	177;192676;193989;-;225.2	187;201375;202346;-;133.5	66;69499;71448;-;574.0		conjscan	conjscan_only	A	7/7	uncallable	0	0	unscoreable	11	0	0														not_admitted	not_admitted	not_admitted	not_admitted	not_admitted	not_admitted	not_admitted
NZ_CP048530.1	MPF_T	-	397	0	0	GA	1		81;73235;73534;+;89.6	82;73537;73878;+;107.1	83;73871;76252;+;175.1	83;73871;76252;+;114.2	84;76252;76950;+;207.7	86;77185;78120;+;166.9		88;78426;79097;+;218.9	89;79094;79945;+;190.6	90;79955;81124;+;183.3	91;81133;82134;+;100.2	115;103917;105836;-;331.8		pfam	both	A	7/7	canonical	1	0	unscoreable	2	0	0														not_admitted	not_admitted	not_admitted	not_admitted	not_admitted	not_admitted	not_admitted
NZ_CP048531.1	MPF_T	-	169	0	0	GA	1	96;93688;94425;+;75.2	166;175220;175621;-;74.9	98;94790;95116;+;73.6	99;95116;97485;+;240.3	164;172449;174917;-;122.7	163;171668;172477;-;47.8	161;170263;171459;-;110.2		103;99342;100055;+;176.9	159;168714;169580;-;191.3	157;166912;168225;-;225.2	167;175611;176582;-;133.5	57;50844;52793;-;546.2		conjscan	conjscan_only	A	7/7	uncallable	0	0	unscoreable	11	0	0														not_admitted	not_admitted	not_admitted	not_admitted	not_admitted	not_admitted	not_admitted
NZ_CP048534.1	MPF_T	-	397	0	0	GA	1		81;73235;73534;+;89.6	82;73537;73878;+;107.1	83;73871;76252;+;175.1	83;73871;76252;+;114.2	84;76252;76950;+;207.7	86;77185;78120;+;166.9		88;78426;79097;+;218.9	89;79094;79945;+;190.6	90;79955;81124;+;183.3	91;81133;82134;+;100.2	115;103917;105836;-;331.8		pfam	both	A	7/7	canonical	1	0	unscoreable	2	0	0														not_admitted	not_admitted	not_admitted	not_admitted	not_admitted	not_admitted	not_admitted
NZ_CP048535.1	MPF_T	-	233	0	0	GA	1	138;146319;147056;+;75.2	230;250225;250626;-;74.9	140;147421;147747;+;73.6	141;147747;150116;+;240.3	228;247454;249922;-;122.8	227;246673;247482;-;48.3	225;245268;246455;-;113.0		145;151973;152686;+;176.9	223;243720;244574;-;185.2	221;241919;243232;-;222.0	231;250616;251587;-;133.5	97;103765;105714;-;574.0		conjscan	conjscan_only	A	7/7	uncallable	0	0	unscoreable	11	0	0														not_admitted	not_admitted	not_admitted	not_admitted	not_admitted	not_admitted	not_admitted
NZ_CP048538.1	MPF_T	-	140	0	0	GA	1		137;138214;138618;-;79.1	136;137922;138221;-;61.2	135;135496;137913;-;189.4	135;135496;137913;-;132.1							138;138608;139579;-;130.9			none	none	D	2/7	uncallable	0	0	unscoreable	0	0	0														not_admitted	not_admitted	not_admitted	not_admitted	not_admitted	not_admitted	not_admitted
NZ_CP048541.1	MPF_T	-	397	0	0	GA	1		81;73235;73534;+;89.6	82;73537;73878;+;107.1	83;73871;76252;+;175.1	83;73871;76252;+;114.2	84;76252;76950;+;207.7	86;77185;78120;+;166.9		88;78426;79097;+;218.9	89;79094;79945;+;190.6	90;79955;81124;+;183.3	91;81133;82134;+;100.2	115;103917;105836;-;331.8		pfam	both	A	7/7	canonical	1	0	unscoreable	2	0	0														not_admitted	not_admitted	not_admitted	not_admitted	not_admitted	not_admitted	not_admitted
NZ_CP048542.1	MPF_T	-	169	0	0	GA	1	96;93688;94425;+;75.2	166;175220;175621;-;74.9	98;94790;95116;+;73.6	99;95116;97485;+;240.3	164;172449;174917;-;122.7	163;171668;172477;-;47.8	161;170263;171459;-;110.2		103;99342;100055;+;176.9	159;168714;169580;-;191.3	157;166912;168225;-;225.2	167;175611;176582;-;133.5	57;50844;52793;-;546.2		conjscan	conjscan_only	A	7/7	uncallable	0	0	unscoreable	11	0	0														not_admitted	not_admitted	not_admitted	not_admitted	not_admitted	not_admitted	not_admitted
NZ_CP048545.1	MPF_T	-	397	0	0	GA	1		81;73235;73534;+;89.6	82;73537;73878;+;107.1	83;73871;76252;+;175.1	83;73871;76252;+;114.2	84;76252;76950;+;207.7	86;77185;78120;+;166.9		88;78426;79097;+;218.9	89;79094;79945;+;190.6	90;79955;81124;+;183.3	91;81133;82134;+;100.2	115;103917;105836;-;331.8		pfam	both	A	7/7	canonical	1	0	unscoreable	2	0	0														not_admitted	not_admitted	not_admitted	not_admitted	not_admitted	not_admitted	not_admitted
NZ_CP048546.1	MPF_T	-	169	0	0	GA	1	96;93690;94427;+;75.2	166;175222;175623;-;74.9	98;94792;95118;+;73.6	99;95118;97487;+;240.3	164;172451;174919;-;122.7	163;171670;172479;-;47.8	161;170265;171461;-;110.2		103;99344;100057;+;176.9	159;168716;169582;-;191.3	157;166914;168227;-;225.2	167;175613;176584;-;133.5	57;50846;52795;-;546.2		conjscan	conjscan_only	A	7/7	uncallable	0	0	unscoreable	11	0	0														not_admitted	not_admitted	not_admitted	not_admitted	not_admitted	not_admitted	not_admitted
NZ_CP048553.1	MPF_T	-	484	0	0	GA	1		81;73235;73534;+;89.6	82;73537;73878;+;107.1	83;73871;76252;+;175.1	83;73871;76252;+;114.2	84;76252;76950;+;207.7	86;77185;78120;+;166.9		88;78426;79097;+;218.9	89;79094;79945;+;190.6	90;79955;81124;+;183.3	91;81133;82134;+;100.2	115;103917;105836;-;331.8		pfam	both	A	7/7	canonical	1	0	unscoreable	2	0	0														not_admitted	not_admitted	not_admitted	not_admitted	not_admitted	not_admitted	not_admitted
NZ_CP048554.1	MPF_T	-	233	0	0	GA	1	138;146340;147077;+;75.2	230;250246;250647;-;74.9	140;147442;147768;+;73.6	141;147768;150137;+;240.3	228;247475;249943;-;122.8	227;246694;247503;-;48.3	225;245289;246476;-;113.0		145;151994;152707;+;176.9	223;243741;244595;-;185.2	221;241940;243253;-;222.0	231;250637;251608;-;133.5	97;103786;105735;-;574.0		conjscan	conjscan_only	A	7/7	uncallable	0	0	unscoreable	11	0	0														not_admitted	not_admitted	not_admitted	not_admitted	not_admitted	not_admitted	not_admitted
NZ_CP048561.1	MPF_T	-	233	0	0	GA	1	138;146340;147077;+;75.2	230;250246;250647;-;74.9	140;147442;147768;+;73.6	141;147768;150137;+;240.3	228;247475;249943;-;122.8	227;246694;247503;-;48.3	225;245289;246476;-;113.0		145;151994;152707;+;176.9	223;243741;244595;-;185.2	221;241940;243253;-;222.0	231;250637;251608;-;133.5	97;103786;105735;-;574.0		conjscan	conjscan_only	A	7/7	uncallable	0	0	unscoreable	11	0	0														not_admitted	not_admitted	not_admitted	not_admitted	not_admitted	not_admitted	not_admitted
NZ_CP048562.1	MPF_T	-	241	0	0	GA	1		238;246068;246472;-;77.7	237;245776;246075;-;61.6	236;243298;245766;-;182.4	236;243298;245766;-;133.9	235;242517;243326;-;49.8	234;241109;242299;-;105.3		233;240429;241091;-;111.1	232;239557;240411;-;188.3	230;237747;239069;-;221.9	239;246462;247433;-;131.1	188;192305;194221;-;550.6		conjscan	conjscan_only	A	7/7	canonical	1	0	unscoreable	2	0	0														not_admitted	not_admitted	not_admitted	not_admitted	not_admitted	not_admitted	not_admitted
NZ_CP048563.1	MPF_T	-	131	0	0	GA	1	48;56576;57496;+;74.6	49;57532;57846;+;75.0	127;139654;139953;-;60.4	126;137180;139642;-;191.7	126;137180;139642;-;131.9	125;136399;137208;-;44.1	123;134985;136175;-;112.3		54;62704;63378;+;159.8	121;133438;134289;-;187.9	119;131637;132947;-;217.7	129;140346;141317;-;131.3	105;117457;119400;-;548.4		conjscan	both	A	7/7	canonical	1	0	unscoreable	8	0	0														not_admitted	not_admitted	not_admitted	not_admitted	not_admitted	not_admitted	not_admitted
NZ_CP048566.1	MPF_T	-	401	0	0	GA	1		81;73235;73534;+;89.6	82;73537;73878;+;107.1	83;73871;76252;+;175.1	83;73871;76252;+;114.2	84;76252;76950;+;207.7	86;77185;78120;+;166.9		88;78426;79097;+;218.9	89;79094;79945;+;190.6	90;79955;81124;+;183.3	91;81133;82134;+;100.2	115;103917;105836;-;331.8		pfam	both	A	7/7	canonical	1	0	unscoreable	2	0	0														not_admitted	not_admitted	not_admitted	not_admitted	not_admitted	not_admitted	not_admitted
NZ_CP048567.1	MPF_T	-	198	0	0	GA	1	103;103700;104437;+;75.2	195;207605;208006;-;74.9	105;104802;105128;+;73.6	106;105128;107497;+;240.3	193;204834;207302;-;122.8	192;204053;204862;-;48.3	190;202648;203835;-;113.0		110;109354;110067;+;176.9	188;201100;201954;-;185.2	186;199299;200612;-;222.0	196;207996;208967;-;133.5	63;60828;62777;-;545.1		conjscan	conjscan_only	A	7/7	uncallable	0	0	unscoreable	11	0	0														not_admitted	not_admitted	not_admitted	not_admitted	not_admitted	not_admitted	not_admitted
NZ_CP048568.1	MPF_T	-	143	0	0	GA	1		140;146251;146658;-;69.3	139;145959;146258;-;62.1	138;143480;145948;-;190.5	138;143480;145948;-;120.4	137;142699;143508;-;48.7	135;141288;142490;-;109.9		134;140619;141281;-;122.2	133;139747;140601;-;192.1	131;137949;139256;-;224.3	141;146648;147619;-;135.7	65;66429;68354;-;558.0		conjscan	conjscan_only	A	7/7	canonical	1	0	unscoreable	3	0	0														not_admitted	not_admitted	not_admitted	not_admitted	not_admitted	not_admitted	not_admitted
NZ_CP048571.1	MPF_T	-	397	0	0	GA	1		81;73235;73534;+;89.6	82;73537;73878;+;107.1	83;73871;76252;+;175.1	83;73871;76252;+;114.2	84;76252;76950;+;207.7	86;77185;78120;+;166.9		88;78426;79097;+;218.9	89;79094;79945;+;190.6	90;79955;81124;+;183.3	91;81133;82134;+;100.2	115;103917;105836;-;331.8		pfam	both	A	7/7	canonical	1	0	unscoreable	2	0	0														not_admitted	not_admitted	not_admitted	not_admitted	not_admitted	not_admitted	not_admitted
NZ_CP048572.1	MPF_T	-	233	0	0	GA	1	138;146319;147056;+;75.2	230;250225;250626;-;74.9	140;147421;147747;+;73.6	141;147747;150116;+;240.3	228;247454;249922;-;122.8	227;246673;247482;-;48.3	225;245268;246455;-;113.0		145;151973;152686;+;176.9	223;243720;244574;-;185.2	221;241919;243232;-;222.0	231;250616;251587;-;133.5	97;103765;105714;-;574.0		conjscan	conjscan_only	A	7/7	uncallable	0	0	unscoreable	11	0	0														not_admitted	not_admitted	not_admitted	not_admitted	not_admitted	not_admitted	not_admitted
NZ_CP048575.1	MPF_T	-	620	0	0	GA	1		391;383892;384191;+;87.3	392;384194;384535;+;105.9	393;384528;386909;+;172.6	393;384528;386909;+;106.7	394;386909;387607;+;209.3	396;387842;388777;+;159.4		398;389083;389754;+;220.9	399;389751;390605;+;184.6	400;390620;391792;+;182.2	401;391801;392811;+;98.5	322;317602;319521;-;324.1		pfam	both	A	7/7	canonical	1	0	unscoreable	2	0	0														not_admitted	not_admitted	not_admitted	not_admitted	not_admitted	not_admitted	not_admitted
NZ_CP048576.1	MPF_T	-	194	0	0	GA	1	123;139953;140690;+;73.4	191;220260;220667;-;74.3	125;141055;141381;+;73.6	126;141381;143750;+;236.9	189;217489;219957;-;121.7	188;216708;217517;-;45.7	186;215303;216499;-;109.7		130;145606;146319;+;176.9	184;213754;214608;-;191.6	182;211958;213265;-;226.8	192;220657;221628;-;133.6	87;97071;99026;-;544.6		conjscan	conjscan_only	A	7/7	uncallable	0	0	unscoreable	11	0	0														not_admitted	not_admitted	not_admitted	not_admitted	not_admitted	not_admitted	not_admitted
NZ_CP048577.1	MPF_T	-	186	0	0	GA	1		183;195792;196169;-;75.7	182;195511;195795;-;66.3	181;193044;195500;-;169.2	181;193044;195500;-;119.9	180;192269;193072;-;56.0	178;190897;192075;-;110.4		177;190213;190875;-;131.3	176;189385;189936;-;169.6	174;187632;188930;-;220.2	184;196159;197130;-;136.8	161;176511;178445;-;540.1		conjscan	conjscan_only	A	7/7	canonical	1	0	unscoreable	15	0	0														not_admitted	not_admitted	not_admitted	not_admitted	not_admitted	not_admitted	not_admitted
NZ_CP048578.1	MPF_T	-	152	0	0	GA	1	48;35949;37040;+;90.5	45;32843;33190;+;73.6	46;33190;33489;+;78.3	47;33493;35952;+;123.7	47;33493;35952;+;94.4	49;37055;37753;+;40.6	50;37987;39015;+;152.9		51;39049;39741;+;179.1	52;39738;40550;+;201.8	53;40550;41761;+;213.3	54;41742;42764;+;134.3	55;42761;44848;+;311.9		pfam	pfam_only	A	7/7	canonical	1	0	unscoreable	0	0	0														not_admitted	not_admitted	not_admitted	not_admitted	not_admitted	not_admitted	not_admitted
NZ_CP048579.1	MPF_T	-	47	0	0	GA	1		45;43234;43626;-;74.4	44;42942;43241;-;62.7	43;40496;42931;-;176.4	43;40496;42931;-;128.9	42;39700;40503;-;47.8	40;38344;39525;-;111.6		39;37660;38322;-;127.2	38;36814;37644;-;185.7	36;35059;36354;-;220.9	46;43616;44581;-;124.5	21;21490;23427;-;538.5		conjscan	conjscan_only	A	7/7	canonical	1	0	unscoreable	3	0	0														not_admitted	not_admitted	not_admitted	not_admitted	not_admitted	not_admitted	not_admitted
NZ_CP048586.1	MPF_T	-	465	0	0	GA	1	357;327560;328732;+;70.3	354;324377;324730;+;48.5	355;324733;325059;+;48.6	356;325063;327582;+;140.6	356;325063;327582;+;94.0		360;329761;330834;+;83.8		361;330958;331671;+;120.1	362;331668;332501;+;180.9	363;332512;333831;+;186.9	364;333828;334877;+;129.0	365;334846;337638;+;220.6		none	none	A	7/7	canonical	0	0	unscoreable	2	0	0														not_admitted	not_admitted	not_admitted	not_admitted	not_admitted	not_admitted	not_admitted
NZ_CP048587.1	MPF_T	-	168	0	0	GA	1	95;93687;94424;+;75.2	165;175219;175620;-;74.9	97;94789;95115;+;73.6	98;95115;97484;+;240.3	163;172448;174916;-;122.7	162;171667;172476;-;47.8	160;170262;171458;-;110.2		102;99341;100054;+;176.9	158;168713;169579;-;191.3	156;166911;168224;-;225.2	166;175610;176581;-;133.5	56;50843;52792;-;546.2		conjscan	conjscan_only	A	7/7	uncallable	0	0	unscoreable	11	0	0														not_admitted	not_admitted	not_admitted	not_admitted	not_admitted	not_admitted	not_admitted
NZ_CP048588.1	MPF_T	-	59	0	0	GA	1	53;48319;49392;-;86.1	56;52104;52424;-;71.9	55;51801;52013;-;49.9	54;49379;51799;-;131.9	54;49379;51799;-;96.7	52;47591;48307;-;41.7	0;209;1222;+;135.3		1;1249;1953;+;174.4	2;1953;2762;+;196.8	3;2759;3994;+;206.7	4;3975;4997;+;129.7	5;4997;7078;+;303.4		pfam	pfam_only	A	7/7	uncallable	0	0	unscoreable	0	0	0														not_admitted	not_admitted	not_admitted	not_admitted	not_admitted	not_admitted	not_admitted
NZ_CP048591.1	MPF_T	-	397	0	0	GA	1		81;73235;73534;+;89.6	82;73537;73878;+;107.1	83;73871;76252;+;175.1	83;73871;76252;+;114.2	84;76252;76950;+;207.7	86;77185;78120;+;166.9		88;78426;79097;+;218.9	89;79094;79945;+;190.6	90;79955;81124;+;183.3	91;81133;82134;+;100.2	115;103917;105836;-;331.8		pfam	both	A	7/7	canonical	1	0	unscoreable	2	0	0														not_admitted	not_admitted	not_admitted	not_admitted	not_admitted	not_admitted	not_admitted
NZ_CP048592.1	MPF_T	-	165	0	0	GA	1		161;168942;169349;-;73.6	160;168650;168949;-;64.1	159;166171;168639;-;187.9	159;166171;168639;-;122.5	158;165390;166199;-;49.0	156;163985;165181;-;111.5		155;163308;163970;-;122.1	154;162436;163290;-;191.7	152;160638;161945;-;226.8	162;169339;170310;-;137.1	84;88871;90796;-;565.1		conjscan	conjscan_only	A	7/7	canonical	1	0	unscoreable	3	0	0														not_admitted	not_admitted	not_admitted	not_admitted	not_admitted	not_admitted	not_admitted
NZ_CP048595.1	MPF_T	-	600	0	0	GA	1		311;311914;312213;+;87.1	312;312216;312557;+;106.1	313;312550;314931;+;172.6	313;312550;314931;+;108.0	314;314931;315629;+;210.0	316;315864;316799;+;164.3		318;317105;317776;+;220.9	319;317773;318627;+;184.9	320;318642;319814;+;183.7	321;319823;320833;+;98.6	251;249421;251340;-;326.7		pfam	both	A	7/7	canonical	1	0	unscoreable	2	0	0														not_admitted	not_admitted	not_admitted	not_admitted	not_admitted	not_admitted	not_admitted
NZ_CP048596.1	MPF_T	-	169	0	0	GA	1	96;93688;94425;+;75.2	166;175220;175621;-;74.9	98;94790;95116;+;73.6	99;95116;97485;+;240.3	164;172449;174917;-;122.7	163;171668;172477;-;47.8	161;170263;171459;-;110.2		103;99342;100055;+;176.9	159;168714;169580;-;191.3	157;166912;168225;-;225.2	167;175611;176582;-;133.5	57;50844;52793;-;546.2		conjscan	conjscan_only	A	7/7	uncallable	0	0	unscoreable	11	0	0														not_admitted	not_admitted	not_admitted	not_admitted	not_admitted	not_admitted	not_admitted
NZ_CP048597.1	MPF_T	-	54	0	0	GA	1	26;23935;25008;+;86.4	23;20903;21223;+;72.5	24;21314;21526;+;49.9	25;21528;23948;+;130.5	25;21528;23948;+;96.2	27;25020;25736;+;44.2	19;17991;19004;-;133.7		18;17260;17964;-;169.6	17;16451;17260;-;197.1	16;15219;16454;-;207.2	15;14213;15238;-;129.5	14;12135;14216;-;306.0		pfam	pfam_only	A	7/7	uncallable	0	0	unscoreable	2	0	0														not_admitted	not_admitted	not_admitted	not_admitted	not_admitted	not_admitted	not_admitted
NZ_CP048619.1	MPF_F	-	110	0	0	GA	0															not_admitted	not_admitted	not_admitted	not_admitted	not_admitted	not_admitted	not_admitted	not_admitted	not_admitted	not_admitted	1	86;84307;85284;-;356.1	81;79181;80563;-;322.9	83;81047;81793;-;145.4	89;86254;88803;-;180.1	80;76299;79184;-;237.1	90;89052;90518;-;45.2	89;86254;88803;-;89.1	92;91286;91846;-;102.2	85;83630;84295;-;83.2	84;81826;83637;-;210.4	78;73740;75527;-;396.6		78;73740;75527;-;81.8	B	8/9	contiguous	17546	1	1	75683..76339-;218;unnamed;0
NZ_CP048628.1	-	-	59	0	0	GA	1	35;25599;27449;+;94.5	30;20522;20941;+;32.8	31;20941;21204;+;47.3	32;21213;23690;+;69.5	32;21213;23690;+;82.8	33;23704;24483;+;26.1	34;24488;25633;+;95.7		24;13946;14668;+;107.6	25;14672;15490;+;150.9	26;15487;16797;+;159.5	29;19539;20525;+;109.5	27;16787;19120;+;311.7		conjscan	conjscan_only	A	7/7	canonical	1	0	unscoreable	2	0	0														not_admitted	not_admitted	not_admitted	not_admitted	not_admitted	not_admitted	not_admitted
NZ_CP048631.1	-	-	173	0	0	GA	1	39;38960;39607;-;22.5	38;38598;38927;-;85.1	37;38248;38598;-;71.1	36;35901;38258;-;162.9	36;35901;38258;-;98.7	35;35194;35886;-;181.6	33;34007;34918;-;140.2		31;33026;33694;-;206.0	30;32154;33026;-;179.9	29;30986;32143;-;179.0	119;110146;111540;+;206.7	144;131110;133029;-;323.3		pfam	both	A	7/7	canonical	1	0	unscoreable	2	0	0														not_admitted	not_admitted	not_admitted	not_admitted	not_admitted	not_admitted	not_admitted
NZ_CP048637.1	MPF_T	-	360	0	0	GA	1		269;248955;249350;+;73.9	270;249343;249642;+;63.3	271;249652;252087;+;171.6	271;249652;252087;+;124.8	272;252080;252889;+;50.3	274;253083;254264;+;115.2		275;254286;254948;+;128.4	276;254965;255795;+;185.2	278;256656;257561;+;221.7	268;248000;248965;+;124.3	291;268989;270926;+;541.1		conjscan	conjscan_only	A	7/7	canonical	1	0	unscoreable	3	0	0														not_admitted	not_admitted	not_admitted	not_admitted	not_admitted	not_admitted	not_admitted
NZ_CP048640.1	MPF_T	-	85	0	0	GA	1	61;52202;53275;-;86.2	64;55987;56307;-;71.9	63;55684;55896;-;49.9	62;53262;55619;-;131.4	62;53262;55619;-;96.8	60;51474;52190;-;39.9	68;58205;59218;+;134.2		69;59245;59949;+;176.8	70;59949;60758;+;196.8	71;60755;61990;+;206.7	72;61971;62996;+;130.2	73;62993;65077;+;312.3		pfam	pfam_only	A	7/7	uncallable	0	0	unscoreable	2	0	0														not_admitted	not_admitted	not_admitted	not_admitted	not_admitted	not_admitted	not_admitted
NZ_CP048648.1	MPF_F	Col156;IncFIB(AP001918);IncFII(29)	150	0	0	GA	0															not_admitted	not_admitted	not_admitted	not_admitted	not_admitted	not_admitted	not_admitted	not_admitted	not_admitted	not_admitted	1	91;82734;83726;-;369.5	80;75307;76680;-;381.7	86;78885;79628;-;233.1	94;84735;87365;-;304.1	79;72488;75310;-;388.5	101;90496;91923;-;93.9	94;84735;87365;-;97.1	103;92638;93204;-;183.1	89;81752;82390;-;68.6	88;79905;81755;-;272.0	75;68009;70216;-;391.2	98;88852;89367;-;73.9	75;68009;70216;-;70.3	A	9/9	contiguous	24629	1	1	71987..72466-;159;TraS;0
NZ_CP048651.1	MPF_F	IncFIB(K);IncFII(Yp);IncFII(pAR0022)	164	0	0	GA	0															not_admitted	not_admitted	not_admitted	not_admitted	not_admitted	not_admitted	not_admitted	not_admitted	not_admitted	not_admitted	1	112;124630;125616;-;367.0	105;118934;120307;-;375.9	108;121107;121856;-;218.5	115;126610;129240;-;285.5	104;116112;118934;-;336.5	121;131268;132662;-;90.9	115;126610;129240;-;98.6	123;133379;133945;-;169.9	111;123984;124613;-;66.4	110;122107;123987;-;259.6	101;112216;114423;-;384.8	120;130707;131246;-;64.9	101;112216;114423;-;63.9	A	9/9	contiguous	21163	1	1	115596..116093-;165;TraS;0
NZ_CP048697.1	MPF_F	IncHI2;IncHI2A	357	0	0	GA	0															not_admitted	not_admitted	not_admitted	not_admitted	not_admitted	not_admitted	not_admitted	not_admitted	not_admitted	not_admitted	1	29;32276;33334;+;273.6	217;204900;206315;-;194.1	218;206305;207351;-;173.7	11;8955;11636;+;168.0	216;200941;204891;-;101.6	7;5270;6625;+;80.7	11;8955;11636;+;72.2	4;2758;3546;+;74.8	27;30623;32134;+;62.7	32;35396;37630;+;59.7	225;214610;216475;+;57.3	10;7996;8946;+;46.4	225;214610;216475;+;39.1	A	9/9	split_3	211852	0	1	
NZ_CP048699.1	MPF_T	IncN	70	0	0	GA	1	27;21819;22553;+;32.5		30;23196;23513;+;63.3	31;23513;26113;+;113.8	31;23513;26113;+;76.4	32;26131;26844;+;105.5	34;27095;28135;+;142.4		35;28354;29052;+;131.9	36;29063;29947;+;159.7	37;29947;31107;+;156.3	38;31149;32144;+;81.2	47;40156;41685;-;38.5		pfam	both	A	7/7	canonical	1	0	unscoreable	11	0	0														not_admitted	not_admitted	not_admitted	not_admitted	not_admitted	not_admitted	not_admitted
NZ_CP048700.1	MPF_T	IncX5	60	0	0	GA	1	40;35679;36323;-;36.9	39;35405;35695;-;69.0	38;32624;35383;-;42.6	38;32624;35383;-;132.2	38;32624;35383;-;70.5	37;31867;32616;-;54.3	35;30533;31588;-;135.2		34;29565;30293;-;120.9	33;28631;29560;-;134.2	32;27423;28634;-;136.9	31;26368;27411;-;64.1	30;24530;26365;-;504.8		pfam	pfam_only	A	7/7	canonical	1	1	unscoreable	1	0	0														not_admitted	not_admitted	not_admitted	not_admitted	not_admitted	not_admitted	not_admitted
NZ_CP048762.1	MPF_T	-	53	0	0	GA	1		15;13255;13518;-;51.4	14;10468;13236;-;74.7	14;10468;13236;-;175.9	14;10468;13236;-;86.1	9;7606;8592;-;86.1	8;6610;7602;-;112.5		6;5807;6466;-;177.6	5;4920;5810;-;162.9	4;3732;4910;-;164.3	3;2744;3751;-;93.9	2;932;2743;-;350.6		pfam	pfam_only	A	7/7	canonical	1	1	unscoreable	5	0	0														not_admitted	not_admitted	not_admitted	not_admitted	not_admitted	not_admitted	not_admitted
NZ_CP048776.1	MPF_F	IncHI2;IncHI2A	340	0	0	GA	0															not_admitted	not_admitted	not_admitted	not_admitted	not_admitted	not_admitted	not_admitted	not_admitted	not_admitted	not_admitted	1	27;31707;32765;+;276.9	250;233267;234682;-;194.1	251;234672;235718;-;174.3	11;8955;11636;+;168.0	249;229305;233258;-;101.6	7;5270;6625;+;80.7	11;8955;11636;+;72.2	4;2758;3546;+;74.8	25;30054;31565;+;62.0	28;32784;35972;+;57.3	258;242760;244844;+;56.8	10;7996;8946;+;46.1	258;242760;244844;+;38.8	A	9/9	split_3	240002	1	1	227835..229124-;429;unnamed;0
NZ_CP048779.1	MPF_F	IncFIB(K);IncFII(pKP91)	207	0	0	GA	0															not_admitted	not_admitted	not_admitted	not_admitted	not_admitted	not_admitted	not_admitted	not_admitted	not_admitted	not_admitted	1	118;114346;115335;-;363.3	107;107130;108497;-;383.5	111;109755;110507;-;233.7	122;116792;119431;-;259.0	106;104308;107130;-;346.5	159;144838;146262;-;88.0	122;116792;119431;-;88.7	161;146989;147555;-;167.9	116;113423;114070;-;65.1	115;111379;113364;-;254.0	102;99410;101692;-;393.3	156;143642;144226;-;53.8	102;99410;101692;-;65.8	A	9/9	split_2	47579	1	1	103683..104285-;200;TraS;0
NZ_CP048780.1	MPF_F	IncFII(K);IncFII(pAR0022);IncR	181	0	0	GA	0															not_admitted	not_admitted	not_admitted	not_admitted	not_admitted	not_admitted	not_admitted	not_admitted	not_admitted	not_admitted	1	142;111799;112791;+;362.9	156;120700;122067;+;383.5	152;118690;119442;+;225.6	139;108134;110773;+;259.1	157;122067;124889;+;346.5	129;102885;104309;+;89.2	139;108134;110773;+;83.9	127;101592;102158;+;168.4	146;114822;115469;+;64.9	148;115846;117801;+;257.4	161;127505;129787;+;393.3	131;104941;105513;+;53.5	161;127505;129787;+;65.8	A	9/9	contiguous	25913	1	1	124912..125514+;200;TraS;0
NZ_CP048797.1	MPF_F	IncC	183	0	0	GA	0															not_admitted	not_admitted	not_admitted	not_admitted	not_admitted	not_admitted	not_admitted	not_admitted	not_admitted	not_admitted	1	94;71322;72329;+;332.9	172;140448;141881;+;339.2	171;139418;140446;+;221.7	89;66123;68570;+;354.2	173;141894;145508;+;375.3	80;52812;54128;+;135.0	89;66123;68570;+;128.6	78;51288;51914;+;92.1	92;69392;70657;+;67.6	95;72445;75240;+;145.3	69;45613;47478;+;47.4	81;54125;54703;+;100.2	69;45613;47478;+;52.0	A	9/9	split_2	96281	0	1	
NZ_CP048801.1	MPF_F	IncFII(K);IncFII(pAR0022);IncR	218	0	0	GA	0															not_admitted	not_admitted	not_admitted	not_admitted	not_admitted	not_admitted	not_admitted	not_admitted	not_admitted	not_admitted	1	179;151133;152125;+;362.9	193;160034;161401;+;382.2	189;158024;158776;+;225.6	176;147468;150107;+;259.1	194;161401;164244;+;341.4	166;142219;143643;+;89.2	176;147468;150107;+;83.9	164;140926;141492;+;168.4	183;154156;154803;+;64.9	185;155180;157135;+;257.4	198;167091;169391;+;392.7	168;144275;144847;+;53.5	198;167091;169391;+;66.6	A	9/9	contiguous	26165	1	1	164255..164779+;174;unnamed;0
NZ_CP048802.1	MPF_F	IncFIB(K);IncFII(pKP91)	164	0	0	GA	0															not_admitted	not_admitted	not_admitted	not_admitted	not_admitted	not_admitted	not_admitted	not_admitted	not_admitted	not_admitted	1	88;80850;81839;-;363.3	77;73634;75001;-;383.5	81;76259;77011;-;233.7	92;83296;85935;-;259.0	76;70812;73634;-;345.1	116;102091;103515;-;88.0	92;83296;85935;-;88.7	118;104242;104808;-;167.9	86;79927;80574;-;65.1	85;77883;79868;-;254.0	72;65914;68196;-;393.3	113;100895;101479;-;53.8	72;65914;68196;-;65.8	A	9/9	contiguous	38328	1	1	70187..70789-;200;TraS;0
NZ_CP048816.1	MPF_T	-	169	0	0	GA	1		155;219191;219547;+;67.3	156;219547;219807;+;35.2	157;219811;222270;+;44.2	157;219811;222270;+;131.9	159;222562;223290;+;65.5	161;223530;224861;+;118.6		162;224879;225565;+;154.9	163;225562;226662;+;185.8	164;226659;227885;+;203.1	42;53978;54934;+;137.5	41;52056;53981;+;251.8		conjscan	conjscan_only	A	7/7	canonical	1	0	unscoreable	3	0	0														not_admitted	not_admitted	not_admitted	not_admitted	not_admitted	not_admitted	not_admitted
NZ_CP048822.1	MPF_F	IncFIB(AP001918);IncFII(pCoo)	147	0	0	GA	0															not_admitted	not_admitted	not_admitted	not_admitted	not_admitted	not_admitted	not_admitted	not_admitted	not_admitted	not_admitted	1	96;97319;98311;-;369.3	84;89548;90921;-;376.8	90;92856;93599;-;233.3	99;99320;101947;-;306.8	83;86729;89551;-;389.2	106;103994;105421;-;94.3	99;99320;101947;-;98.5	108;106136;106702;-;183.8	93;95684;96322;-;68.6	92;93879;95687;-;268.3	79;82205;84457;-;391.7	102;102463;102978;-;78.4	79;82205;84457;-;70.3	A	9/9	contiguous	23931	1	1	86211..86708-;165;TraS;0
NZ_CP048825.1	MPF_T	IncN	81	0	0	GA	1	21;15369;16103;+;32.5		24;16746;17063;+;63.3	25;17063;19663;+;113.8	25;17063;19663;+;76.4	26;19681;20394;+;105.5	28;20645;21685;+;142.4		29;21904;22602;+;131.9	30;22613;23497;+;159.7	31;23497;24657;+;156.3	32;24699;25694;+;81.2	58;49651;51180;-;38.5		pfam	both	A	7/7	canonical	1	0	unscoreable	3	0	0														not_admitted	not_admitted	not_admitted	not_admitted	not_admitted	not_admitted	not_admitted
NZ_CP048826.1	MPF_T	IncX4	41	0	0	GA	1	17;10392;11012;+;41.6	18;11026;11352;+;64.4	19;11371;14118;+;63.8	19;11371;14118;+;151.8	19;11371;14118;+;46.1	20;14130;14846;+;94.2	21;14858;15952;+;150.1		23;16467;17153;+;169.0	24;17150;18058;+;142.4	25;18051;19169;+;163.9	26;19171;20199;+;85.0	27;20231;22048;+;314.8		pfam	pfam_only	A	7/7	canonical	1	1	unscoreable	1	0	0														not_admitted	not_admitted	not_admitted	not_admitted	not_admitted	not_admitted	not_admitted
NZ_CP048894.1	MPF_T	-	45	0	0	GA	1		42;35444;35827;+;70.3	43;35832;36149;+;34.8	44;36146;38710;+;93.3	44;36146;38710;+;98.1	4;3112;3888;+;67.8	5;4170;5729;+;103.8		0;41;358;+;72.8	1;371;1237;+;180.2	3;1648;3099;+;215.1	41;34344;35342;+;132.2	26;21713;23602;-;445.1		conjscan	conjscan_only	A	7/7	rearranged	1	0	unscoreable	2	0	0														not_admitted	not_admitted	not_admitted	not_admitted	not_admitted	not_admitted	not_admitted
NZ_CP048897.1	MPF_T	-	45	0	0	GA	1		27;23416;23799;+;70.3	28;23804;24121;+;34.8	29;24118;26682;+;93.3	29;24118;26682;+;98.1	34;30143;30919;+;67.8	35;31201;32760;+;103.8		30;26682;27389;+;142.4	31;27402;28268;+;180.2	33;28679;30130;+;215.1	26;22316;23314;+;132.2	11;9684;11573;-;445.1		conjscan	conjscan_only	A	7/7	canonical	1	0	unscoreable	2	0	0														not_admitted	not_admitted	not_admitted	not_admitted	not_admitted	not_admitted	not_admitted
NZ_CP048900.1	MPF_T	-	46	0	0	GA	1		26;22610;22993;-;70.3	25;22288;22605;-;34.8	24;19727;22291;-;93.3	24;19727;22291;-;98.1	19;15490;16266;-;67.8	18;13649;15208;-;103.8		23;19020;19727;-;142.4	22;18141;19007;-;180.2	20;16279;17730;-;215.1	27;23095;24093;-;132.2	43;34835;36724;+;445.1		conjscan	conjscan_only	A	7/7	canonical	1	0	unscoreable	2	0	0														not_admitted	not_admitted	not_admitted	not_admitted	not_admitted	not_admitted	not_admitted
NZ_CP048903.1	MPF_T	-	45	0	0	GA	1		11;7826;8209;+;70.3	12;8214;8531;+;34.8	13;8528;11092;+;93.3	13;8528;11092;+;98.1	18;14553;15329;+;67.8	19;15611;17170;+;103.8		14;11092;11799;+;142.4	15;11812;12678;+;180.2	17;13089;14540;+;215.1	10;6726;7724;+;132.2	40;33154;35043;-;445.1		conjscan	conjscan_only	A	7/7	canonical	1	0	unscoreable	2	0	0														not_admitted	not_admitted	not_admitted	not_admitted	not_admitted	not_admitted	not_admitted
NZ_CP048906.1	MPF_T	-	46	0	0	GA	1		37;30709;31092;+;70.3	38;31097;31414;+;34.8	39;31411;33975;+;93.3	39;31411;33975;+;98.1	44;37436;38212;+;67.8			40;33975;34682;+;142.4	41;34695;35561;+;180.2	43;35972;37423;+;215.1	36;29609;30607;+;132.2	21;16978;18867;-;445.1		conjscan	conjscan_only	B	6/7	uncallable	0	0	unscoreable	1	0	0														not_admitted	not_admitted	not_admitted	not_admitted	not_admitted	not_admitted	not_admitted
NZ_CP048909.1	MPF_T	-	45	0	0	GA	1		27;23241;23624;-;70.3	26;22919;23236;-;34.8	25;20358;22922;-;93.3	25;20358;22922;-;98.1	20;16121;16897;-;67.8	19;14280;15839;-;103.8		24;19651;20358;-;142.4	23;18772;19638;-;180.2	21;16910;18361;-;215.1	28;23726;24724;-;132.2	43;35466;37355;+;445.1		conjscan	conjscan_only	A	7/7	canonical	1	0	unscoreable	2	0	0														not_admitted	not_admitted	not_admitted	not_admitted	not_admitted	not_admitted	not_admitted
NZ_CP048912.1	MPF_T	-	46	0	0	GA	1		37;30708;31091;+;70.3	38;31096;31413;+;34.8	39;31410;33974;+;93.3	39;31410;33974;+;98.1	44;37435;38211;+;67.8			40;33974;34681;+;142.4	41;34694;35560;+;180.2	43;35971;37422;+;215.1	36;29608;30606;+;132.2	21;16977;18866;-;445.1		conjscan	conjscan_only	B	6/7	uncallable	0	0	unscoreable	1	0	0														not_admitted	not_admitted	not_admitted	not_admitted	not_admitted	not_admitted	not_admitted
NZ_CP048918.1	MPF_T	ColKP3;IncX3	65	0	0	GA	1	20;12365;13009;+;46.4	21;12993;13283;+;73.1	22;13308;16061;+;47.0	22;13308;16061;+;142.4	22;13308;16061;+;73.3	23;16071;16841;+;60.1	25;17120;18175;+;132.8		26;18370;19098;+;119.4	27;19104;20033;+;138.8	28;20030;21244;+;128.3	30;21440;22474;+;65.7	31;22477;24312;+;495.9		pfam	pfam_only	A	7/7	canonical	1	1	unscoreable	2	0	0														not_admitted	not_admitted	not_admitted	not_admitted	not_admitted	not_admitted	not_admitted
NZ_CP048930.1	MPF_T	-	48	0	0	GA	1		1;729;1112;-;70.3	0;407;724;-;34.8	47;39845;41899;-;93.9		42;35620;36396;-;68.8	41;33781;35406;-;103.1		46;39138;39845;-;143.4	45;38259;39125;-;180.2	43;36409;37848;-;216.1	2;1214;2212;-;132.2	18;12958;14847;+;445.1		conjscan	conjscan_only	A	7/7	canonical	1	0	unscoreable	2	0	0														not_admitted	not_admitted	not_admitted	not_admitted	not_admitted	not_admitted	not_admitted
NZ_CP049018.1	-	-	49	0	0	GA	1		34;26975;27286;+;75.5	35;27299;27559;+;39.4	36;27566;30091;+;22.3	36;27566;30091;+;121.3	37;30102;30893;+;65.0	39;31251;32852;+;105.1		40;32871;33590;+;152.8	41;33624;34778;+;173.0	42;34790;36166;+;212.4	33;25870;26907;+;120.3	31;23185;25284;+;328.5		conjscan	conjscan_only	A	7/7	canonical	1	0	unscoreable	3	0	0														not_admitted	not_admitted	not_admitted	not_admitted	not_admitted	not_admitted	not_admitted
NZ_CP049022.1	MPF_F	IncHI2;IncHI2A	358	0	0	GA	0															not_admitted	not_admitted	not_admitted	not_admitted	not_admitted	not_admitted	not_admitted	not_admitted	not_admitted	not_admitted	1	30;32275;33333;+;273.6	218;204899;206314;-;194.1	219;206304;207350;-;173.7	11;8955;11636;+;168.0	217;200940;204890;-;101.6	7;5270;6625;+;80.7	11;8955;11636;+;72.2	4;2758;3546;+;74.8	28;30622;32133;+;62.7	33;35395;37629;+;59.7	226;214609;216474;+;57.3	10;7996;8946;+;46.4	226;214609;216474;+;39.1	A	9/9	split_3	211851	0	1	
NZ_CP049024.1	MPF_T	IncN	70	0	0	GA	1	27;21819;22553;+;32.5		30;23196;23513;+;63.3	31;23513;26113;+;113.8	31;23513;26113;+;76.4	32;26131;26844;+;105.5	34;27095;28135;+;142.4		35;28354;29052;+;131.9	36;29063;29947;+;159.7	37;29947;31107;+;156.3	38;31149;32144;+;81.2	47;40156;41685;-;38.5		pfam	both	A	7/7	canonical	1	0	unscoreable	11	0	0														not_admitted	not_admitted	not_admitted	not_admitted	not_admitted	not_admitted	not_admitted
NZ_CP049025.1	MPF_T	IncX5	60	0	0	GA	1	40;35679;36323;-;36.9	39;35405;35695;-;69.0	38;32624;35383;-;42.6	38;32624;35383;-;132.2	38;32624;35383;-;70.5	37;31867;32616;-;54.3	35;30533;31588;-;135.2		34;29565;30293;-;120.9	33;28631;29560;-;134.2	32;27423;28634;-;136.9	31;26368;27411;-;64.1	30;24530;26365;-;504.8		pfam	pfam_only	A	7/7	canonical	1	1	unscoreable	1	0	0														not_admitted	not_admitted	not_admitted	not_admitted	not_admitted	not_admitted	not_admitted
NZ_CP049039.1	MPF_T	-	136	0	0	GA	1	90;85233;86387;-;74.5	94;89267;89560;-;75.3	93;88996;89274;-;88.8	92;86643;89006;-;83.4	92;86643;89006;-;45.2	89;84424;85236;-;70.2	82;79001;80077;-;129.5		88;83753;84409;-;168.5	87;83055;83750;-;168.5	86;81679;83058;-;181.3	85;80688;81674;-;104.1	62;61788;63755;+;287.6		pfam	both	A	7/7	canonical	1	0	unscoreable	3	0	0														not_admitted	not_admitted	not_admitted	not_admitted	not_admitted	not_admitted	not_admitted
NZ_CP049040.1	-	-	125	0	0	GA	1	51;56217;56747;-;74.0	50;55919;56200;-;90.4	49;55625;55903;-;64.4	48;53257;55635;-;74.5	48;53257;55635;-;49.3	45;51178;51945;-;63.0	43;49730;50743;-;120.7		42;49032;49700;-;184.6	41;48292;49026;-;179.1	40;46865;48289;-;169.8	39;45852;46868;-;118.2	27;35071;36984;+;294.0		pfam	pfam_only	A	7/7	canonical	1	0	unscoreable	13	0	0														not_admitted	not_admitted	not_admitted	not_admitted	not_admitted	not_admitted	not_admitted
NZ_CP049041.1	MPF_T	-	118	0	0	GA	1	56;60817;61971;+;73.1	52;57746;58039;+;75.3	53;58032;58310;+;90.4	54;58300;60663;+;86.6	54;58300;60663;+;44.1	57;61968;62780;+;66.9	64;67107;68186;+;122.1		58;62797;63450;+;171.9	59;63452;64147;+;167.2	60;64144;65523;+;183.5	61;65528;66514;+;103.7	69;75859;77859;-;287.5		pfam	both	A	7/7	canonical	1	0	unscoreable	7	0	0														not_admitted	not_admitted	not_admitted	not_admitted	not_admitted	not_admitted	not_admitted
NZ_CP049042.1	-	-	90	0	0	GA	1	15;12010;12708;-;73.0			13;9050;11479;-;74.4	13;9050;11479;-;49.3						3;2681;3499;-;171.2		80;81922;83835;+;294.0		none	none	D	3/7	uncallable	0	0	unscoreable	9	0	0														not_admitted	not_admitted	not_admitted	not_admitted	not_admitted	not_admitted	not_admitted
NZ_CP049047.1	MPF_F	IncHI2;IncHI2A	368	0	0	GA	0															not_admitted	not_admitted	not_admitted	not_admitted	not_admitted	not_admitted	not_admitted	not_admitted	not_admitted	not_admitted	1	182;159678;160736;-;276.9	5;5481;6896;+;194.1	4;4445;5491;+;173.7	200;181371;184052;-;168.0	6;6905;10855;+;101.6	204;186382;187737;-;80.7	200;181371;184052;-;72.2	207;189461;190249;-;74.8	184;160878;162389;-;62.7	181;156471;159659;-;58.3	366;317646;319730;-;56.7	201;184061;185011;-;46.4	366;317646;319730;-;38.8	A	9/9	split_4	313201	0	1	
NZ_CP049048.1	-	IncFII(Yp);IncFII(pAR0022);pKP1433	154	0	0	GA	0															not_admitted	not_admitted	not_admitted	not_admitted	not_admitted	not_admitted	not_admitted	not_admitted	not_admitted	not_admitted	1	26;17424;18419;+;369.5	33;22939;24306;+;352.7	29;20887;21693;+;204.7	21;13116;15731;+;236.0	34;24306;27194;+;317.3	17;10443;11801;+;94.4	21;13116;15731;+;120.2	15;9121;9690;+;107.8	27;18438;19064;+;65.3	28;19061;20890;+;244.0	37;28225;30414;+;366.9	20;12526;13113;+;52.5	37;28225;30414;+;62.7	A	9/9	contiguous	19104	1	1	27191..27802+;203;unnamed;0
NZ_CP049078.2	MPF_F	IncFII(pCoo)	87	0	0	GA	0															not_admitted	not_admitted	not_admitted	not_admitted	not_admitted	not_admitted	not_admitted	not_admitted	not_admitted	not_admitted	1	3;3640;4632;+;369.5	15;10686;12059;+;381.7	8;7738;8481;+;234.4	0;1;2631;+;307.4	16;12056;14881;+;383.7	79;65886;67337;+;93.4	0;1;2631;+;97.1	77;64605;65171;+;174.3	5;4976;5614;+;68.6	6;5611;7461;+;267.6	20;17123;19330;+;391.7	82;68197;68712;+;82.8	20;17123;19330;+;70.4	A	9/9	split_2	68196	1	1	14878..15387+;169;unnamed;0
NZ_CP049079.2	MPF_F	Col156;IncFIA;IncFIB(AP001918);IncFII	203	0	0	GA	0															not_admitted	not_admitted	not_admitted	not_admitted	not_admitted	not_admitted	not_admitted	not_admitted	not_admitted	not_admitted	1	43;34424;35416;+;367.4	54;41102;42475;+;380.9	47;38145;38888;+;235.0	40;30788;33415;+;305.4	55;42472;45297;+;385.9	34;27306;28733;+;94.3	40;30788;33415;+;98.5	32;26025;26591;+;183.8	44;35425;36063;+;68.6	45;36060;37868;+;268.3	60;49386;50693;+;265.8	38;29757;30272;+;78.4	61;50698;51570;+;51.9	A	9/9	contiguous	24673	1	1	45294..45425+;43;unnamed;0
NZ_CP049082.1	MPF_F	IncFIB(AP001918);IncFIC(FII)	161	0	0	GA	0															not_admitted	not_admitted	not_admitted	not_admitted	not_admitted	not_admitted	not_admitted	not_admitted	not_admitted	not_admitted	1	100;88620;89612;-;369.3	89;81561;82934;-;378.0	96;85148;85891;-;234.1	103;90621;93248;-;305.4	88;78742;81564;-;389.5	109;95303;96730;-;94.3	103;90621;93248;-;98.5	111;97445;98011;-;183.8	99;87973;88611;-;68.4	98;86168;87976;-;268.4	85;75060;77213;-;391.9	105;93764;94279;-;78.4	85;75060;77213;-;70.4	A	9/9	contiguous	22385	1	1	78229..78720-;163;TraS;0
NZ_CP049102.1	MPF_F	IncFIA;IncFIB(AP001918);IncFIC(FII)	165	0	0	GA	0															not_admitted	not_admitted	not_admitted	not_admitted	not_admitted	not_admitted	not_admitted	not_admitted	not_admitted	not_admitted	1	93;105240;106232;-;369.3	82;98181;99554;-;378.0	89;101768;102511;-;234.5	96;107241;109868;-;305.4	81;95362;98184;-;389.5	102;111923;113350;-;94.3	96;107241;109868;-;98.5	104;114065;114631;-;182.9	92;104593;105231;-;68.4	91;102788;104596;-;268.4	78;91680;93833;-;391.9	98;110384;110899;-;78.4	78;91680;93833;-;70.4	A	9/9	contiguous	22385	1	1	94849..95340-;163;TraS;0
NZ_CP049103.1	MPF_T	IncI2	86	0	0	GA	1	48;34635;35117;-;81.1		62;50694;50978;-;36.5	61;48331;50688;-;59.8	61;48331;50688;-;45.0	73;56541;57188;-;41.6	74;57194;58180;-;120.4		60;47433;48167;-;144.3	59;46666;47436;-;169.8	58;45537;46676;-;154.7	51;36886;38424;-;207.1	56;42489;44447;-;287.0		pfam	pfam_only	A	7/7	rearranged	1	0	unscoreable	15	0	0														not_admitted	not_admitted	not_admitted	not_admitted	not_admitted	not_admitted	not_admitted
NZ_CP049111.1	MPF_F	IncC;IncHI2;IncHI2A;IncN	521	0	0	GA	0															not_admitted	not_admitted	not_admitted	not_admitted	not_admitted	not_admitted	not_admitted	not_admitted	not_admitted	not_admitted	1	167;128817;129824;+;332.9	56;46571;48004;+;339.2	55;45541;46569;+;221.7	162;123618;126065;+;354.5	57;48017;51631;+;375.3	113;83935;85095;+;156.3	162;123618;126065;+;128.3	155;113222;113848;+;92.7	165;126887;128152;+;67.9	168;129940;132738;+;145.3	425;350655;352739;-;56.8	158;116059;116637;+;100.2	146;107547;109412;+;52.0	A	9/9	split_4	305114	0	1	
NZ_CP049113.1	MPF_F	IncC	228	0	0	GA	0															not_admitted	not_admitted	not_admitted	not_admitted	not_admitted	not_admitted	not_admitted	not_admitted	not_admitted	not_admitted	1	163;128821;129828;+;332.9	53;46576;48009;+;339.2	52;45546;46574;+;221.7	158;123622;126069;+;354.5	54;48022;51636;+;375.3	110;83940;85100;+;156.3	158;123622;126069;+;128.3	151;113226;113852;+;92.7	161;126891;128156;+;67.9	164;129944;132742;+;145.3	142;107551;109416;+;47.3	154;116063;116641;+;100.2	142;107551;109416;+;52.0	A	9/9	split_3	84398	0	1	
NZ_CP049114.1	MPF_F	IncHI2;IncHI2A;IncN	282	0	0	GA	0															not_admitted	not_admitted	not_admitted	not_admitted	not_admitted	not_admitted	not_admitted	not_admitted	not_admitted	not_admitted	1	88;77558;78616;-;276.9	201;182926;184341;+;194.1	200;181890;182936;+;174.3	104;98188;100869;-;168.0	202;184350;188303;+;101.7	108;103199;104554;-;80.7	104;98188;100869;-;72.2	111;106278;107066;-;74.8	90;78758;80269;-;62.0	87;74351;77539;-;57.3	193;172764;174848;-;56.8	105;100878;101828;-;46.8	193;172764;174848;-;38.8	A	9/9	split_2	109999	1	1	188484..189773+;429;unnamed;0
NZ_CP049119.1	MPF_F	IncFIB(AP001918);IncFIC(FII);IncQ1	162	0	0	GA	0															not_admitted	not_admitted	not_admitted	not_admitted	not_admitted	not_admitted	not_admitted	not_admitted	not_admitted	not_admitted	1	114;119002;119994;-;369.3	103;111943;113316;-;378.0	110;115530;116273;-;234.1	117;121003;123630;-;305.4	102;109124;111946;-;389.5	123;125685;127112;-;94.3	117;121003;123630;-;98.5	125;127827;128393;-;183.8	113;118355;118993;-;68.4	112;116550;118358;-;268.4	99;105442;107595;-;391.9	119;124146;124661;-;78.4	99;105442;107595;-;70.4	A	9/9	contiguous	22385	1	1	108611..109102-;163;TraS;0
NZ_CP049121.1	MPF_T	IncX1	62	0	0	GA	1	17;9305;9949;+;47.1	18;9933;10223;+;73.5	19;10247;13006;+;44.8	19;10247;13006;+;133.3	19;10247;13006;+;71.9	20;13008;13745;+;57.5	22;14027;15082;+;131.7		23;15272;15994;+;116.0	24;16000;16929;+;133.3	25;16926;18140;+;128.6	26;18158;19195;+;66.4	27;19200;21035;+;543.4		pfam	pfam_only	A	7/7	canonical	1	1	unscoreable	1	0	0														not_admitted	not_admitted	not_admitted	not_admitted	not_admitted	not_admitted	not_admitted
NZ_CP049122.1	MPF_T	IncX4	45	0	0	GA	1	10;4677;5297;+;41.6	11;5311;5637;+;63.7	12;5656;8403;+;63.8	12;5656;8403;+;151.8	12;5656;8403;+;46.1	13;8415;9131;+;94.2	14;9143;10237;+;150.1		16;10752;11438;+;169.0	17;11435;12343;+;142.4	18;12336;13454;+;163.9	19;13456;14484;+;85.0	20;14516;16333;+;314.8		pfam	pfam_only	A	7/7	canonical	1	1	unscoreable	1	0	0														not_admitted	not_admitted	not_admitted	not_admitted	not_admitted	not_admitted	not_admitted
NZ_CP049160.1	-	-	286	0	0	GA	0															not_admitted	not_admitted	not_admitted	not_admitted	not_admitted	not_admitted	not_admitted	not_admitted	not_admitted	not_admitted	1	224;231721;232875;-;173.4	244;248401;249882;+;180.0	243;247373;248401;+;176.9	228;235223;237649;-;136.4	30;25873;29130;+;131.5	231;238814;240112;-;78.1	228;235223;237649;-;77.8	233;241295;242176;-;90.0	225;232879;234051;-;40.0		276;273383;275230;-;48.3	230;238226;238804;-;58.0	276;273383;275230;-;44.6	B	8/9	split_3	247510	0	0	
NZ_CP049166.1	MPF_F	IncFII	86	0	0	GA	0															not_admitted	not_admitted	not_admitted	not_admitted	not_admitted	not_admitted	not_admitted	not_admitted	not_admitted	not_admitted	1	42;41127;42119;-;369.5	32;33975;35348;-;381.7	37;37278;38021;-;234.4	45;43128;45758;-;304.1	31;31156;33978;-;374.0	52;48757;50208;-;94.2	45;43128;45758;-;97.1	54;50923;51489;-;174.3	40;40145;40783;-;68.6	39;38298;40148;-;266.1	27;26659;28884;-;391.1	49;47382;47897;-;78.4	27;26659;28884;-;70.3	A	9/9	contiguous	24264	1	1	30655..31134-;159;TraS;0
NZ_CP049168.1	MPF_F	IncFII	79	0	0	GA	0															not_admitted	not_admitted	not_admitted	not_admitted	not_admitted	not_admitted	not_admitted	not_admitted	not_admitted	not_admitted	1	35;34918;35910;-;369.5	25;27766;29139;-;381.7	30;31069;31812;-;234.4	38;36919;39549;-;304.1	24;24947;27769;-;374.0	45;42572;43999;-;94.3	38;36919;39549;-;97.1	47;44714;45280;-;174.3	33;33936;34574;-;68.6	32;32089;33939;-;266.1	20;20432;22675;-;391.1	42;41173;41688;-;78.4	20;20432;22675;-;70.3	A	9/9	contiguous	24282	1	1	24446..24925-;159;TraS;0
NZ_CP049170.1	MPF_F	IncFII	93	0	0	GA	0															not_admitted	not_admitted	not_admitted	not_admitted	not_admitted	not_admitted	not_admitted	not_admitted	not_admitted	not_admitted	1	19;14173;15165;+;369.5	29;20944;22317;+;381.7	24;18271;19014;+;234.4	16;10534;13164;+;304.1	30;22314;25136;+;374.0	9;6084;7535;+;94.2	16;10534;13164;+;97.1	7;4803;5369;+;174.3	21;15509;16147;+;68.6	22;16144;17994;+;266.1	34;27408;29714;+;391.0	12;8395;8910;+;78.4	34;27408;29714;+;70.2	A	9/9	contiguous	22605	1	1	25158..25637+;159;TraS;0
NZ_CP049172.1	MPF_F	IncFII	93	0	0	GA	0															not_admitted	not_admitted	not_admitted	not_admitted	not_admitted	not_admitted	not_admitted	not_admitted	not_admitted	not_admitted	1	48;47336;48328;-;369.5	38;40184;41557;-;381.7	43;43487;44230;-;234.4	51;49337;51967;-;304.1	37;37365;40187;-;374.0	58;54966;56417;-;94.2	51;49337;51967;-;97.1	60;57132;57698;-;174.3	46;46354;46992;-;68.6	45;44507;46357;-;266.1	33;32787;35093;-;391.0	55;53591;54106;-;78.4	33;32787;35093;-;70.2	A	9/9	contiguous	24345	1	1	36864..37343-;159;TraS;0
NZ_CP049174.1	MPF_F	IncFII	102	0	0	GA	0															not_admitted	not_admitted	not_admitted	not_admitted	not_admitted	not_admitted	not_admitted	not_admitted	not_admitted	not_admitted	1	85;76066;77058;-;369.5	75;68914;70287;-;381.7	80;72217;72960;-;234.4	88;78067;80697;-;304.1	74;66095;68917;-;374.0	95;83696;85147;-;94.2	88;78067;80697;-;97.1	97;85862;86428;-;174.3	83;75084;75722;-;68.6	82;73237;75087;-;266.1	70;61544;63823;-;391.0	92;82321;82836;-;78.4	70;61544;63823;-;70.3	A	9/9	contiguous	24318	1	1	65594..66073-;159;TraS;0
NZ_CP049186.1	MPF_F	IncFII	94	0	0	GA	0															not_admitted	not_admitted	not_admitted	not_admitted	not_admitted	not_admitted	not_admitted	not_admitted	not_admitted	not_admitted	1	77;63221;64213;+;369.5	87;69992;71365;+;381.7	82;67319;68062;+;234.4	74;59582;62212;+;304.1	88;71362;74184;+;374.0	67;55132;56583;+;94.2	74;59582;62212;+;97.1	65;53851;54417;+;174.3	79;64557;65195;+;68.6	80;65192;67042;+;266.1	92;76456;78672;+;391.2	70;57443;57958;+;78.4	92;76456;78672;+;70.3	A	9/9	contiguous	22605	1	1	74206..74685+;159;TraS;0
NZ_CP049189.1	MPF_F	IncHI2;IncHI2A	467	0	0	GA	0															not_admitted	not_admitted	not_admitted	not_admitted	not_admitted	not_admitted	not_admitted	not_admitted	not_admitted	not_admitted	1		98;76753;78168;-;194.1	99;78158;79204;-;173.7	275;230799;233480;-;168.0	97;72794;76744;-;101.6	279;235810;237165;-;80.7	275;230799;233480;-;72.2	282;238889;239677;-;74.8			105;86245;88329;+;56.7	276;233489;234439;-;46.4	105;86245;88329;+;38.8	C	6/9	split_2	166095	0	0	
NZ_CP049193.1	MPF_F	IncHI2;IncHI2A	367	0	0	GA	0															not_admitted	not_admitted	not_admitted	not_admitted	not_admitted	not_admitted	not_admitted	not_admitted	not_admitted	not_admitted	1		182;152594;154009;+;194.1	181;151558;152604;+;173.7	366;300707;303388;+;168.0	183;154018;157968;+;101.6	362;297022;298377;+;80.7	366;300707;303388;+;72.2	359;294810;295298;+;61.5			175;142433;144517;-;56.7	365;299748;300698;+;46.4	175;142433;144517;-;38.8	C	6/9	split_2	158274	0	0	
NZ_CP049202.1	MPF_F	IncFIB(AP001918);IncFII(pCoo)	196	0	0	GA	0															not_admitted	not_admitted	not_admitted	not_admitted	not_admitted	not_admitted	not_admitted	not_admitted	not_admitted	not_admitted	1	141;126455;127447;-;369.3	126;117899;119272;-;378.0	133;121485;122228;-;234.5	146;130027;132672;-;301.0	125;115056;117902;-;371.5	158;136318;137745;-;94.3	146;130027;132672;-;103.2	160;138460;139026;-;183.8	138;124980;125618;-;68.6	135;122505;124268;-;267.4	121;110661;112814;-;391.6	153;134678;135193;-;75.6	121;110661;112814;-;70.4	A	9/9	contiguous	27799	1	1	114550..115059-;169;unnamed;0
NZ_CP049208.1	MPF_T	-	276	0	0	GA	1		28;26164;26547;+;73.7	29;26540;26839;+;63.6	30;26850;29306;+;174.5	30;26850;29306;+;124.1	31;29278;30084;+;45.0	32;30298;30906;+;83.8		34;31443;32129;+;126.4	35;32147;32959;+;183.4	37;33415;34710;+;223.9	27;25197;26174;+;129.1	49;44721;46661;+;537.2		conjscan	conjscan_only	A	7/7	canonical	1	0	unscoreable	3	0	0														not_admitted	not_admitted	not_admitted	not_admitted	not_admitted	not_admitted	not_admitted
NZ_CP049209.1	MPF_T	-	172	0	0	GA	1		53;51953;52357;+;76.8	54;52350;52649;+;58.5	55;52659;55127;+;179.7	55;52659;55127;+;128.3	56;55099;55908;+;44.2	57;56123;57313;+;111.1		58;57331;58008;+;122.3	59;58026;58877;+;188.2	61;59365;60684;+;225.0	52;50992;51963;+;131.6	97;99186;100958;+;464.3		conjscan	conjscan_only	A	7/7	canonical	1	0	unscoreable	2	0	0														not_admitted	not_admitted	not_admitted	not_admitted	not_admitted	not_admitted	not_admitted
NZ_CP049210.1	MPF_T	-	168	0	0	GA	1	94;92324;93061;+;75.2	165;173856;174257;-;74.9	96;93426;93752;+;73.6	97;93752;96121;+;240.3	163;171085;173553;-;122.7	162;170304;171113;-;47.8	160;168899;170095;-;110.2		101;97978;98691;+;176.9	158;167350;168216;-;191.3	156;165548;166861;-;225.2	166;174247;175218;-;133.5	55;49480;51429;-;544.1		conjscan	conjscan_only	A	7/7	uncallable	0	0	unscoreable	11	0	0														not_admitted	not_admitted	not_admitted	not_admitted	not_admitted	not_admitted	not_admitted
NZ_CP049215.1	MPF_T	-	368	0	0	GA	1	206;229334;230056;+;72.0	365;395325;395732;-;73.6	301;323369;323695;+;72.1	302;323695;326064;+;200.7	363;392554;395022;-;122.5	362;391773;392582;-;48.9	360;390368;391564;-;109.9		305;327893;328606;+;167.3	358;388819;389673;-;189.8	356;387023;388330;-;225.6	366;395722;396693;-;134.7	266;282567;284504;-;558.3		conjscan	conjscan_only	A	7/7	uncallable	0	0	unscoreable	10	0	0														not_admitted	not_admitted	not_admitted	not_admitted	not_admitted	not_admitted	not_admitted
NZ_CP049218.1	MPF_T	-	460	0	0	GA	1		135;148042;148341;-;88.0	134;147698;148039;-;106.1	133;145324;147705;-;172.6	133;145324;147705;-;108.0	132;144626;145324;-;209.2	130;143456;144391;-;162.9		128;142479;143150;-;220.9	127;141628;142482;-;184.6	126;140441;141613;-;184.4	125;139422;140432;-;98.4	199;209015;210934;+;325.9		pfam	both	A	7/7	canonical	1	0	unscoreable	2	0	0														not_admitted	not_admitted	not_admitted	not_admitted	not_admitted	not_admitted	not_admitted
NZ_CP049219.1	MPF_T	-	294	0	0	GA	1		230;226483;226782;-;90.5	229;226139;226480;-;106.6	228;223765;226146;-;172.6	228;223765;226146;-;113.5	227;223067;223765;-;201.7	225;221897;222832;-;163.5		223;220920;221591;-;218.4	222;220072;220923;-;189.7	221;218890;220059;-;184.2	220;217880;218881;-;102.6	189;190749;192668;+;329.2		pfam	both	A	7/7	canonical	1	0	unscoreable	2	0	0														not_admitted	not_admitted	not_admitted	not_admitted	not_admitted	not_admitted	not_admitted
NZ_CP049220.1	MPF_T	-	215	0	0	GA	1	89;87546;88283;+;72.5	212;218519;218926;-;73.8	91;88648;88974;+;72.0	92;88974;91343;+;231.9	210;215748;218216;-;120.7	209;214967;215776;-;48.1	207;213562;214758;-;109.4		95;93199;93912;+;173.8	205;212015;212869;-;191.3	203;210222;211532;-;229.1	213;218916;219887;-;137.7	57;50066;52042;-;568.3		conjscan	conjscan_only	A	7/7	uncallable	0	0	unscoreable	10	0	0														not_admitted	not_admitted	not_admitted	not_admitted	not_admitted	not_admitted	not_admitted
NZ_CP049221.1	MPF_T	-	119	0	0	GA	1		68;79029;79433;+;77.8	69;79426;79725;+;61.9	70;79735;82203;+;183.7	70;79735;82203;+;131.2	71;82175;82984;+;47.0	73;83202;84392;+;111.0		74;84408;85085;+;119.0	75;85103;85954;+;187.7	77;86445;87764;+;224.0	67;78068;79039;+;132.1	113;127533;129458;+;551.7		conjscan	conjscan_only	A	7/7	canonical	1	0	unscoreable	3	0	0														not_admitted	not_admitted	not_admitted	not_admitted	not_admitted	not_admitted	not_admitted
NZ_CP049243.1	MPF_T	-	163	0	0	GA	1	61;55772;56863;-;90.0	64;59622;59969;-;74.6	63;59323;59622;-;78.3	62;56860;59319;-;119.6	62;56860;59319;-;94.4	60;55059;55757;-;40.9	59;53797;54825;-;153.6		58;53071;53763;-;179.1	57;52262;53074;-;201.8	56;51051;52262;-;212.5	55;50048;51070;-;134.4	54;47964;50051;-;310.2		pfam	pfam_only	A	7/7	canonical	1	0	unscoreable	0	0	0														not_admitted	not_admitted	not_admitted	not_admitted	not_admitted	not_admitted	not_admitted
NZ_CP049245.1	MPF_T	-	227	0	0	GA	1		161;155675;156052;-;75.3	160;155394;155678;-;64.5	159;152927;155383;-;165.1	159;152927;155383;-;117.2	158;152152;152955;-;55.8	156;150799;151977;-;112.4		155;150115;150777;-;134.5	154;149286;150098;-;188.6	152;147532;148830;-;218.1	162;156042;157007;-;146.4	66;64101;66077;-;549.4		conjscan	conjscan_only	A	7/7	canonical	1	0	unscoreable	3	0	0														not_admitted	not_admitted	not_admitted	not_admitted	not_admitted	not_admitted	not_admitted
NZ_CP049251.1	MPF_T	-	161	0	0	GA	1	118;127868;128959;+;90.2	115;124762;125109;+;74.6	116;125109;125408;+;78.3	117;125412;127871;+;122.5	117;125412;127871;+;94.4	119;128974;129672;+;42.2	120;129906;130934;+;152.6		121;130968;131660;+;178.7	122;131657;132469;+;201.8	123;132469;133680;+;212.5	124;133661;134683;+;134.6	125;134680;136767;+;312.3		pfam	pfam_only	A	7/7	canonical	1	0	unscoreable	0	0	0														not_admitted	not_admitted	not_admitted	not_admitted	not_admitted	not_admitted	not_admitted
NZ_CP049262.1	MPF_F	-	138	0	0	GA	0															not_admitted	not_admitted	not_admitted	not_admitted	not_admitted	not_admitted	not_admitted	not_admitted	not_admitted	not_admitted	1	75;52115;52867;+;276.8	84;57170;57982;+;276.0	81;55479;56078;+;186.7	68;46611;48107;+;228.7	86;58571;59173;+;162.8	63;44521;45147;+;71.4	69;48128;49231;+;79.9	60;42420;42998;+;97.5	76;52877;53491;+;57.1	78;54045;55130;+;217.4	97;64618;66045;+;168.7	66;45798;46460;+;39.8	97;64618;66045;+;68.0	A	9/9	contiguous	22198	1	1	59290..60054+;254;unnamed;0
NZ_CP049319.1	-	-	808	0	0	GA	1	21;18725;19393;-;47.2		19;17946;18359;-;34.1	18;15505;17946;-;107.0	18;15505;17946;-;47.4	16;13867;14541;-;121.1	17;14576;15508;-;126.1		13;12363;13247;-;153.4	12;11506;12366;-;182.1	11;10226;11506;-;174.0	10;9097;10248;-;77.5	8;6703;8712;-;321.5		pfam	both	A	7/7	canonical	1	0	unscoreable	4	0	0														not_admitted	not_admitted	not_admitted	not_admitted	not_admitted	not_admitted	not_admitted
NZ_CP049321.1	-	-	188	0	0	GA	1	83;95499;96263;-;47.1		80;94385;94807;-;34.2	79;92013;94388;-;99.6	79;92013;94388;-;33.8	76;90832;91527;-;137.3	75;89848;90795;-;134.2		72;88465;89274;-;140.4	71;87638;88468;-;171.9	70;86433;87641;-;169.5	69;85334;86452;-;88.0	67;82816;84873;-;336.4		pfam	both	A	7/7	canonical	1	0	unscoreable	7	0	0														not_admitted	not_admitted	not_admitted	not_admitted	not_admitted	not_admitted	not_admitted
NZ_CP049322.1	-	-	121	0	0	GA	1	116;118467;119216;+;32.1	118;119504;119794;+;37.4	119;119845;120156;+;59.3	0;2;2086;+;103.1		1;2097;2780;+;101.5	6;6295;7467;+;128.2			7;7464;7946;+;82.7	8;7943;9115;+;173.4	9;9105;10124;+;79.5	12;13722;15272;-;66.3		pfam	both	B	6/7	canonical	1	0	unscoreable	7	0	0														not_admitted	not_admitted	not_admitted	not_admitted	not_admitted	not_admitted	not_admitted
NZ_CP049349.1	MPF_F	IncFIB(AP001918);IncFIC(FII)	206	0	0	GA	0															not_admitted	not_admitted	not_admitted	not_admitted	not_admitted	not_admitted	not_admitted	not_admitted	not_admitted	not_admitted	1	205;193493;194293;-;317.6	194;186474;187847;-;380.9	201;190021;190764;-;235.0	4;3280;3726;-;70.8	193;183652;186477;-;385.2	9;5781;6260;-;43.0	2;1597;2688;-;74.1	12;7921;8487;-;184.4	204;192846;193484;-;68.4	203;191041;192849;-;268.0	190;179995;182148;-;391.9	5;4242;4757;-;78.0	190;179995;182148;-;70.4	A	9/9	split_2	191896	1	1	183146..183655-;169;unnamed;0
NZ_CP049351.1	MPF_F	IncFII(pHN7A8)	88	0	0	GA	0															not_admitted	not_admitted	not_admitted	not_admitted	not_admitted	not_admitted	not_admitted	not_admitted	not_admitted	not_admitted	1	82;62927;63919;-;369.5	66;52077;53450;-;376.8	74;57660;58403;-;234.4	85;64928;67555;-;303.7	65;49264;52080;-;376.7	1;731;1108;-;39.3	85;64928;67555;-;101.5	5;2796;3146;-;114.9	79;61343;61981;-;70.4	76;58680;60530;-;265.0	59;43395;45611;-;391.7	86;68071;68586;-;78.0	59;43395;45611;-;70.3	A	9/9	split_2	67340	1	1	48710..49231-;173;unnamed;0
NZ_CP049352.1	MPF_T	IncX3	57	0	0	GA	1	36;32889;33533;-;46.4	35;32615;32905;-;73.1	34;29837;32590;-;47.0	34;29837;32590;-;142.4	34;29837;32590;-;73.3	33;29057;29827;-;60.1	31;27723;28778;-;133.2		30;26800;27528;-;119.4	29;25865;26794;-;138.8	28;24654;25868;-;128.3	26;23424;24458;-;65.7	25;21586;23421;-;495.9		pfam	pfam_only	A	7/7	canonical	1	1	unscoreable	2	0	0														not_admitted	not_admitted	not_admitted	not_admitted	not_admitted	not_admitted	not_admitted
NZ_CP049354.1	MPF_F	IncFIA(HI1);IncHI1A;IncHI1B(R27)	217	0	0	GA	0															not_admitted	not_admitted	not_admitted	not_admitted	not_admitted	not_admitted	not_admitted	not_admitted	not_admitted	not_admitted	1	15;14859;15911;+;277.6	118;108668;110083;-;201.7	119;110073;111119;-;171.3	215;186150;188831;+;160.6	117;104670;108659;-;103.1	211;182444;183802;+;84.0	215;186150;188831;+;76.5	208;179992;180777;+;68.7	13;13206;14714;+;65.6	16;15934;19110;+;58.9	125;118054;120138;+;50.2	214;185191;186141;+;45.2	125;118054;120138;+;36.5	A	9/9	split_3	172944	0	1	
NZ_CP049355.1	MPF_F	IncFIB(AP001918);IncFIC(FII)	171	0	0	GA	0															not_admitted	not_admitted	not_admitted	not_admitted	not_admitted	not_admitted	not_admitted	not_admitted	not_admitted	not_admitted	1	121;118966;119958;-;369.3	110;111907;113280;-;378.0	117;115494;116237;-;234.1	124;120967;123594;-;305.4	109;109088;111910;-;389.5	130;125649;127076;-;94.3	124;120967;123594;-;98.5	132;127791;128357;-;183.8	120;118319;118957;-;68.4	119;116514;118322;-;268.4	106;105406;107559;-;391.9	126;124110;124625;-;78.4	106;105406;107559;-;70.4	A	9/9	contiguous	22385	1	1	108575..109066-;163;TraS;0
NZ_CP049356.1	MPF_T	IncI2	83	0	0	GA	1	47;37137;37619;-;81.1		62;53226;53510;-;36.6	61;50863;53220;-;58.5	61;50863;53220;-;44.9	71;58322;58966;-;41.0	72;58972;59967;-;123.9		59;49963;50697;-;144.3	58;49196;49966;-;170.5	57;48067;49206;-;154.7	50;39398;40936;-;207.1	55;45019;46977;-;289.6		pfam	pfam_only	A	7/7	rearranged	1	0	unscoreable	14	0	0														not_admitted	not_admitted	not_admitted	not_admitted	not_admitted	not_admitted	not_admitted
NZ_CP049367.1	MPF_T	rep38	70	0	0	GA	1				50;46861;48879;+;24.2									56;53156;54421;+;367.7		none	none	D	2/7	uncallable	0	0	unscoreable	5	0	0														not_admitted	not_admitted	not_admitted	not_admitted	not_admitted	not_admitted	not_admitted
NZ_CP049601.1	MPF_F	IncFIB(pQil);IncFII(K)	134	0	0	GA	0															not_admitted	not_admitted	not_admitted	not_admitted	not_admitted	not_admitted	not_admitted	not_admitted	not_admitted	not_admitted	1	4;3799;4788;+;366.0	14;10335;11702;+;384.6	10;8325;9077;+;233.7	0;240;2342;+;154.9	15;11702;14545;+;347.6	127;115441;116865;+;89.3	0;240;2342;+;89.5	125;114148;114714;+;167.8	5;4801;5439;+;67.0	6;5498;7453;+;259.2	19;17241;19553;+;393.2	128;116938;117522;+;54.9	19;17241;19553;+;65.8	A	9/9	split_2	116698	1	1	14556..15089+;177;unnamed;0
NZ_CP049602.1	MPF_T	IncX3	57	0	0	GA	1	39;27526;28170;+;46.4	40;28154;28444;+;73.1	41;28469;31222;+;47.0	41;28469;31222;+;142.4	41;28469;31222;+;73.3	42;31232;32002;+;60.1	44;32281;33336;+;133.2		45;33531;34259;+;119.4	46;34265;35194;+;138.8	47;35191;36405;+;128.3	49;36601;37635;+;65.7	50;37638;39473;+;495.9		pfam	pfam_only	A	7/7	canonical	1	1	unscoreable	2	0	0														not_admitted	not_admitted	not_admitted	not_admitted	not_admitted	not_admitted	not_admitted
NZ_CP049605.1	MPF_F	IncFIB(K)	238	0	0	GA	0															not_admitted	not_admitted	not_admitted	not_admitted	not_admitted	not_admitted	not_admitted	not_admitted	not_admitted	not_admitted	1	28;28032;29021;-;363.3	17;20847;22214;-;383.5	21;23472;24224;-;233.7	32;30478;33117;-;259.0	16;18025;20847;-;346.5	42;37092;38516;-;88.0	32;30478;33117;-;88.7	44;39244;39810;-;165.7	26;27110;27757;-;65.1	25;25096;27051;-;259.7	12;13127;15409;-;393.3	40;35889;36461;-;54.4	12;13127;15409;-;65.8	A	9/9	contiguous	26117	1	1	17400..18002-;200;TraS;0
NZ_CP049607.1	MPF_T	IncFIB(K)	68	0	0	GA	1	20;23387;24049;+;48.3	21;24060;24359;+;36.6	22;24369;27119;+;60.6	22;24369;27119;+;134.0	22;24369;27119;+;48.6	23;27138;27854;+;137.0	25;28168;29175;+;137.8		27;29385;30071;+;158.3	28;30064;30957;+;147.4	29;30954;32150;+;134.7	30;32154;33203;+;71.5	37;37941;39848;+;24.3		pfam	pfam_only	A	7/7	canonical	1	1	unscoreable	8	0	0														not_admitted	not_admitted	not_admitted	not_admitted	not_admitted	not_admitted	not_admitted
NZ_CP049700.1	MPF_T	-	458	0	0	GA	1		303;258430;258726;+;94.7	304;258726;259064;+;111.9	305;259057;261423;+;173.9	305;259057;261423;+;110.9	306;261420;262142;+;146.6	308;262393;263379;+;162.2		310;263731;264402;+;195.2	311;264399;265250;+;181.1	144;125687;126832;-;178.7	143;124659;125690;-;102.1	314;267401;269347;+;370.2		pfam	both	A	7/7	canonical	1	0	unscoreable	2	0	0														not_admitted	not_admitted	not_admitted	not_admitted	not_admitted	not_admitted	not_admitted
NZ_CP049701.1	MPF_T	-	441	0	0	GA	1		23;26885;27253;+;76.7	24;27246;27545;+;63.0	25;27555;29531;+;178.4	25;27555;29531;+;128.5	27;29979;30776;+;48.0	29;30973;32133;+;106.0					22;25927;26895;+;138.6	282;277849;279780;+;513.2		conjscan	conjscan_only	D	4/7	canonical	1	0	unscoreable	5	0	0														not_admitted	not_admitted	not_admitted	not_admitted	not_admitted	not_admitted	not_admitted
NZ_CP049702.1	MPF_T	-	186	0	0	GA	1		15;15976;16356;-;77.1	14;15684;15983;-;63.0	13;13221;15674;-;177.8	13;13221;15674;-;131.5	12;12452;13249;-;49.3	10;11093;12253;-;103.5		9;10394;11056;-;133.6	8;9537;10376;-;180.9	6;7766;9070;-;212.6	16;16346;17326;-;136.1	78;73268;75061;-;462.1		conjscan	conjscan_only	A	7/7	canonical	1	0	unscoreable	8	0	0														not_admitted	not_admitted	not_admitted	not_admitted	not_admitted	not_admitted	not_admitted
NZ_CP049717.1	MPF_F	IncFIB(K);IncFII(K)	202	0	0	GA	0															not_admitted	not_admitted	not_admitted	not_admitted	not_admitted	not_admitted	not_admitted	not_admitted	not_admitted	not_admitted	1	144;147168;148160;-;366.6	134;140347;141717;-;381.2	138;142919;143671;-;232.4	147;149186;151825;-;258.7	133;137498;140347;-;344.2	156;155640;157064;-;89.2	147;149186;151825;-;88.8	158;157791;158357;-;167.0	143;146517;147155;-;67.0	142;144514;146520;-;259.0	129;133375;135684;-;393.2	154;154459;155028;-;49.7	129;133375;135684;-;65.8	A	9/9	contiguous	24416	1	1	136965..137495-;176;unnamed;0
NZ_CP049720.1	MPF_F	IncFIB(K);IncFII(K)	218	0	0	GA	0															not_admitted	not_admitted	not_admitted	not_admitted	not_admitted	not_admitted	not_admitted	not_admitted	not_admitted	not_admitted	1	166;165541;166533;-;366.6	156;158720;160090;-;381.2	160;161292;162044;-;232.4	169;167559;170198;-;258.7	155;155871;158720;-;344.2	178;174013;175437;-;89.2	169;167559;170198;-;88.8	180;176164;176730;-;167.0	165;164890;165528;-;67.0	164;162887;164893;-;259.0	151;151748;154057;-;393.2	176;172832;173401;-;49.7	151;151748;154057;-;65.8	A	9/9	contiguous	24416	1	1	155338..155868-;176;unnamed;0
NZ_CP049757.1	-	-	70	0	0	GA	1		22;20290;20649;+;61.7	23;20678;20986;+;31.8	24;20986;23520;+;77.4	67;55866;56894;+;104.6	29;26926;27675;+;54.3	30;27687;29291;+;96.4		25;23533;24216;+;118.1	26;24232;25080;+;176.1	28;25544;26914;+;212.8	21;19317;20279;+;124.4	6;6641;8548;-;406.4		conjscan	both	A	7/7	canonical	1	0	unscoreable	1	0	0														not_admitted	not_admitted	not_admitted	not_admitted	not_admitted	not_admitted	not_admitted
NZ_CP049808.1	-	-	41	0	0	GA	1	30;23972;24664;+;40.8	31;24777;25109;+;36.1	32;25134;25538;+;37.2	33;25579;28113;+;85.6	33;25579;28113;+;54.7	34;28160;28837;+;146.7	35;29056;29997;+;123.1		37;30223;31065;+;147.2	38;31077;31913;+;189.2	39;31926;33266;+;174.8	40;33380;34471;+;110.9	0;236;2119;+;345.9		pfam	both	A	7/7	canonical	1	0	unscoreable	1	0	0														not_admitted	not_admitted	not_admitted	not_admitted	not_admitted	not_admitted	not_admitted
NZ_CP049814.1	MPF_T	-	129	0	0	GA	1	53;48051;49205;-;74.4	57;51995;52288;-;75.5	56;51724;52002;-;90.3	55;49359;51734;-;79.9	55;49359;51734;-;45.6	52;47242;48054;-;68.1	45;41638;42717;-;124.0		51;46474;47127;-;169.0	50;45677;46474;-;165.4	49;44301;45680;-;181.7	48;43310;44296;-;103.0	38;34806;36806;+;285.6		pfam	both	A	7/7	canonical	1	0	unscoreable	9	0	0														not_admitted	not_admitted	not_admitted	not_admitted	not_admitted	not_admitted	not_admitted
NZ_CP049815.1	MPF_T	-	154	0	0	GA	1	65;73213;74367;-;74.1	69;77157;77552;-;73.5	68;76886;77164;-;88.4	67;74521;76896;-;85.7	67;74521;76896;-;47.3	64;72404;73213;-;71.1	57;66997;68076;-;122.4		63;71733;72386;-;172.1	62;71036;71731;-;171.4	61;69660;71039;-;181.5	60;68669;69655;-;104.3	43;47639;49624;+;287.2		pfam	both	A	7/7	canonical	1	0	unscoreable	3	0	0														not_admitted	not_admitted	not_admitted	not_admitted	not_admitted	not_admitted	not_admitted
NZ_CP049829.1	-	-	263	0	0	GA	0															not_admitted	not_admitted	not_admitted	not_admitted	not_admitted	not_admitted	not_admitted	not_admitted	not_admitted	not_admitted	1	142;220347;221354;+;361.4	147;224702;226123;+;299.4	146;223837;224691;+;203.8	138;216204;218771;+;240.3	148;226162;229029;+;261.8	135;213370;214752;+;105.2	138;216204;218771;+;102.3	133;212004;212606;+;123.8	143;221341;222117;+;91.3	144;222120;223433;+;102.2	125;205188;207098;+;53.0	137;215515;216177;+;51.0	125;205188;207098;+;50.6	A	9/9	contiguous	20974	0	1	
NZ_CP049831.1	MPF_F	-	314	0	0	GA	0															not_admitted	not_admitted	not_admitted	not_admitted	not_admitted	not_admitted	not_admitted	not_admitted	not_admitted	not_admitted	1	99;91038;92045;+;335.4	16;16529;17971;+;315.1	15;15488;16525;+;219.0	94;85837;88281;+;335.8	17;17984;21538;+;368.0	88;76986;78311;+;127.7	94;85837;88281;+;127.0	86;75465;76100;+;85.0	97;89108;90373;+;64.5	100;92055;94829;+;134.1	275;250723;252471;-;99.2	89;78308;78874;+;92.1	275;250723;252471;-;100.9	A	9/9	split_3	235235	0	1	
NZ_CP049832.1	MPF_F	-	75	0	0	GA	0															not_admitted	not_admitted	not_admitted	not_admitted	not_admitted	not_admitted	not_admitted	not_admitted	not_admitted	not_admitted	1	40;40687;41676;-;356.7	33;34489;35853;-;368.8	36;36711;37562;-;197.8	43;42724;45309;-;245.5	32;31646;34489;-;340.1	45;45883;47211;-;93.0	43;42724;45309;-;89.0	47;47928;48494;-;128.7	39;40063;40677;-;75.7	37;37559;39412;-;243.5	29;28088;30265;-;381.3	44;45320;45871;-;44.8	29;28088;30265;-;63.9	A	9/9	contiguous	19840	1	1	31080..31649-;189;unnamed;0
NZ_CP049848.1	MPF_F	IncFII(pSE11)	79	0	0	GA	0															not_admitted	not_admitted	not_admitted	not_admitted	not_admitted	not_admitted	not_admitted	not_admitted	not_admitted	not_admitted	1	52;41021;42013;+;369.5	65;49207;50580;+;380.2	60;46534;47277;+;234.4	49;37382;40012;+;297.8	66;50577;53402;+;373.4	42;32913;34340;+;93.9	49;37382;40012;+;98.8	40;31632;32198;+;174.8	55;42956;43594;+;71.4	58;44407;46257;+;266.8	70;55644;58058;+;391.4	45;35224;35739;+;77.9	70;55644;58058;+;70.2	A	9/9	contiguous	24012	1	1	53399..53908+;169;unnamed;0
NZ_CP049911.1	-	-	240	0	0	GA	0															not_admitted	not_admitted	not_admitted	not_admitted	not_admitted	not_admitted	not_admitted	not_admitted	not_admitted	not_admitted	1	213;214902;216050;+;206.8			209;210202;212649;+;184.2		206;207775;209277;+;119.6	209;210202;212649;+;136.6	204;205814;206632;+;111.3	212;213905;214897;+;54.9		196;196922;198727;+;67.8	207;209293;209799;+;64.0	196;196922;198727;+;55.9	D	5/9	contiguous	17980	0	0	
NZ_CP049937.1	MPF_F	IncFIB(AP001918);IncFII	135	0	0	GA	0															not_admitted	not_admitted	not_admitted	not_admitted	not_admitted	not_admitted	not_admitted	not_admitted	not_admitted	not_admitted	1	48;47299;48291;-;369.3	39;40864;42237;-;381.0	44;43827;44570;-;235.5	51;49300;51927;-;305.4	38;38042;40867;-;389.2	55;53981;55408;-;94.6	51;49300;51927;-;98.5	57;56123;56689;-;183.8	47;46652;47290;-;68.4	46;44847;46655;-;268.0	35;34349;36538;-;391.8	52;52443;52958;-;78.0	35;34349;36538;-;70.3	A	9/9	contiguous	21774	1	1	37536..38045-;169;unnamed;0
NZ_CP049968.1	MPF_F	IncHI1A;IncHI1B(R27)	253	0	0	GA	0															not_admitted	not_admitted	not_admitted	not_admitted	not_admitted	not_admitted	not_admitted	not_admitted	not_admitted	not_admitted	1	15;14857;15909;+;277.6	169;155300;156715;-;201.5	170;156705;157751;-;172.2	248;221406;224087;+;160.6	168;151302;155291;-;102.8	244;217700;219058;+;84.0	248;221406;224087;+;76.5	241;215248;216033;+;68.7	13;13204;14712;+;65.6	16;15932;19108;+;58.9	176;164686;166770;+;50.2	247;220447;221397;+;45.2	176;164686;166770;+;36.5	A	9/9	split_3	208202	0	1	
NZ_CP049969.1	MPF_F	IncC	166	0	0	GA	0															not_admitted	not_admitted	not_admitted	not_admitted	not_admitted	not_admitted	not_admitted	not_admitted	not_admitted	not_admitted	1	94;71322;72329;+;332.9	155;128058;129491;+;339.2	154;127028;128056;+;221.7	89;66123;68570;+;354.2	156;129504;133118;+;375.3	80;52812;54128;+;135.0	89;66123;68570;+;128.6	78;51288;51914;+;92.1	92;69392;70657;+;67.6	95;72445;75240;+;145.3	69;45613;47478;+;47.4	81;54125;54703;+;100.2	69;45613;47478;+;52.0	A	9/9	split_2	83891	0	1	
NZ_CP049970.1	MPF_F	IncFIB(pB171);IncFII	115	0	0	GA	0															not_admitted	not_admitted	not_admitted	not_admitted	not_admitted	not_admitted	not_admitted	not_admitted	not_admitted	not_admitted	1	48;46042;47034;-;372.1	37;38937;40310;-;380.7	42;41900;42643;-;233.3	51;48043;50670;-;303.5	36;36121;38940;-;386.2	56;52799;54250;-;94.6	51;48043;50670;-;100.3	58;54965;55531;-;183.2	47;45395;46033;-;68.6	44;42920;44683;-;267.9	33;32382;34589;-;391.7	52;51186;51701;-;79.0	33;32382;34589;-;70.3	A	9/9	contiguous	22583	1	1	35605..36096-;163;TraS;0
NZ_CP050010.1	MPF_T	IncN2	46	0	0	GA	1	22;13827;14609;+;33.2	24;14856;15152;+;36.0	25;15192;15509;+;71.9	26;15510;18083;+;118.0	26;15510;18083;+;74.2	27;18099;18809;+;107.4	29;19078;20115;+;121.1	30;20192;20323;+;40.1	31;20334;21029;+;132.6	32;21040;21927;+;147.8	33;21927;23060;+;166.3	34;23111;24112;+;90.1	40;29804;31336;-;51.8		pfam	both	A	7/7	canonical	1	0	ga	7	0	0														not_admitted	not_admitted	not_admitted	not_admitted	not_admitted	not_admitted	not_admitted
NZ_CP050011.1	MPF_F	IncFIB(pECLA)	100	0	0	GA	0															not_admitted	not_admitted	not_admitted	not_admitted	not_admitted	not_admitted	not_admitted	not_admitted	not_admitted	not_admitted	1				99;86609;89701;-;214.2			99;86609;89701;-;103.0	0;129;587;-;85.1						D	2/9	split_2	86480	0	0	
NZ_CP050068.1	MPF_F	IncFIB(pNDM-Mar);IncHI1B(pNDM-MAR)	431	0	0	GA	0															not_admitted	not_admitted	not_admitted	not_admitted	not_admitted	not_admitted	not_admitted	not_admitted	not_admitted	not_admitted	1	35;31553;32590;-;282.3	299;278934;280343;-;190.4	300;280333;281370;-;175.9	52;47310;49787;-;149.1	298;275024;278932;-;122.1	56;51900;53270;-;65.6	52;47310;49787;-;51.7	59;54916;55776;-;79.0	36;32587;33948;-;69.9	34;28358;31543;-;59.6	307;288568;290694;+;57.8	53;49832;50569;-;56.9	307;288568;290694;+;41.0	A	9/9	split_2	260210	0	1	
NZ_CP050075.1	MPF_F	IncFII(Yp);IncFII(pAR0022)	120	0	0	GA	0															not_admitted	not_admitted	not_admitted	not_admitted	not_admitted	not_admitted	not_admitted	not_admitted	not_admitted	not_admitted	1	86;73349;74341;+;369.8	94;79053;80423;+;378.4	90;77087;77836;+;218.1	83;69731;72361;+;285.5	95;80423;83287;+;336.1	77;66204;67598;+;91.0	83;69731;72361;+;98.1	75;64921;65487;+;170.3	87;74357;74986;+;66.7	88;74983;76836;+;260.5	97;84913;87123;+;384.8	78;67620;68159;+;66.1	97;84913;87123;+;63.9	A	9/9	contiguous	19992	1	1	83810..84541+;243;unnamed;1
NZ_CP050086.1	MPF_T	-	1120	0	0	GA	1	631;701521;702141;+;22.2	632;702138;702437;+;90.6	633;702443;702781;+;103.2	634;702774;705140;+;181.8	634;702774;705140;+;107.1	635;705140;705838;+;200.5	637;706063;706983;+;165.4		639;707322;707993;+;209.4	640;707990;708847;+;186.2	641;708857;710032;+;179.8	642;710039;711070;+;106.0	1059;1142289;1143626;-;323.9		pfam	both	A	7/7	canonical	1	0	unscoreable	2	0	0														not_admitted	not_admitted	not_admitted	not_admitted	not_admitted	not_admitted	not_admitted
NZ_CP050089.1	MPF_T	-	344	0	0	GA	1		340;329796;330179;-;74.3	339;329504;329803;-;64.5	338;327037;329493;-;172.2	338;327037;329493;-;122.0	337;326262;327065;-;49.1	335;324890;326071;-;112.8		334;324207;324869;-;131.6	333;323377;324189;-;181.6	331;321623;322921;-;210.8	341;330169;331146;-;129.6	318;309113;311047;-;550.7		conjscan	conjscan_only	A	7/7	canonical	1	0	unscoreable	3	0	0														not_admitted	not_admitted	not_admitted	not_admitted	not_admitted	not_admitted	not_admitted
NZ_CP050090.1	MPF_T	-	232	0	0	GA	1		230;212694;213086;-;74.1	229;212402;212701;-;63.6	228;209956;212391;-;173.6	228;209956;212391;-;122.3	227;209154;209963;-;58.8	225;207782;208963;-;114.1		224;207098;207760;-;134.1	223;206252;207082;-;188.5	221;204485;205786;-;217.0	231;213076;214041;-;129.6	36;34693;36645;+;554.4		conjscan	conjscan_only	A	7/7	canonical	1	0	unscoreable	3	0	0														not_admitted	not_admitted	not_admitted	not_admitted	not_admitted	not_admitted	not_admitted
NZ_CP050096.1	MPF_T	-	286	0	0	GA	1	64;57236;58387;-;69.7	63;56877;57236;-;52.3	62;56548;56874;-;46.1	61;54025;56544;-;139.2	61;54025;56544;-;94.4		57;50776;51849;-;90.2		56;50013;50747;-;111.1	55;49186;50016;-;184.7	54;47837;49174;-;195.4	53;46791;47840;-;125.3	52;44099;46822;-;230.2		none	none	A	7/7	canonical	0	0	unscoreable	2	0	0														not_admitted	not_admitted	not_admitted	not_admitted	not_admitted	not_admitted	not_admitted
NZ_CP050098.1	MPF_T	-	831	0	0	GA	1	323;353027;353647;+;22.4	324;353644;353943;+;90.9	325;353949;354287;+;101.1	326;354280;356646;+;178.7	326;354280;356646;+;107.6	327;356646;357344;+;197.3	329;357578;358498;+;163.7		331;358837;359508;+;202.4	332;359505;360359;+;184.8	333;360369;361541;+;178.3	334;361549;362544;+;107.7			pfam	both	B	6/7	canonical	1	0	unscoreable	2	0	0														not_admitted	not_admitted	not_admitted	not_admitted	not_admitted	not_admitted	not_admitted
NZ_CP050102.1	MPF_T	-	264	0	0	GA	1	64;57240;58391;-;69.7	63;56881;57240;-;52.3	62;56552;56878;-;46.1	61;54029;56548;-;139.2	61;54029;56548;-;94.4		57;50780;51853;-;90.2		56;50017;50751;-;111.1	55;49190;50020;-;184.7	54;47841;49178;-;195.4	53;46795;47844;-;125.3	52;44103;46826;-;230.2		none	none	A	7/7	canonical	0	0	unscoreable	2	0	0														not_admitted	not_admitted	not_admitted	not_admitted	not_admitted	not_admitted	not_admitted
NZ_CP050104.1	MPF_T	-	1166	0	0	GA	1	602;664027;664647;+;22.8	603;664644;664943;+;91.2	604;664946;665287;+;101.1	605;665280;667646;+;181.8	605;665280;667646;+;107.7	606;667646;668344;+;200.6	608;668578;669498;+;163.1		610;669837;670508;+;206.9	611;670505;671362;+;183.2	612;671372;672547;+;179.5	613;672556;673587;+;107.6	1105;1162319;1164232;-;328.7		pfam	both	A	7/7	canonical	1	0	unscoreable	2	0	0														not_admitted	not_admitted	not_admitted	not_admitted	not_admitted	not_admitted	not_admitted
NZ_CP050107.1	MPF_T	-	297	0	0	GA	1	64;57217;58368;-;69.7	63;56858;57217;-;52.3	62;56529;56855;-;46.1	61;54006;56525;-;139.2	61;54006;56525;-;94.4		57;50757;51830;-;90.2		56;49994;50728;-;111.1	55;49167;49997;-;184.7	54;47818;49155;-;195.4	53;46772;47821;-;125.3	52;44080;46803;-;230.2		none	none	A	7/7	canonical	0	0	unscoreable	2	0	0														not_admitted	not_admitted	not_admitted	not_admitted	not_admitted	not_admitted	not_admitted
NZ_CP050109.1	MPF_T	-	1168	0	0	GA	1	602;664027;664647;+;22.8	603;664644;664943;+;91.2	604;664946;665287;+;101.1	605;665280;667646;+;181.8	605;665280;667646;+;107.7	606;667646;668344;+;200.6	608;668578;669498;+;163.1		610;669837;670508;+;206.9	611;670505;671362;+;183.2	612;671372;672547;+;179.5	613;672556;673587;+;107.6	1107;1162322;1164235;-;328.7		pfam	both	A	7/7	canonical	1	0	unscoreable	2	0	0														not_admitted	not_admitted	not_admitted	not_admitted	not_admitted	not_admitted	not_admitted
NZ_CP050112.1	MPF_T	-	296	0	0	GA	1	64;57216;58367;-;69.7	63;56857;57216;-;52.3	62;56528;56854;-;46.1	61;54005;56524;-;139.2	61;54005;56524;-;94.4		57;50756;51829;-;90.2		56;49993;50727;-;111.1	55;49166;49996;-;184.7	54;47817;49154;-;195.4	53;46771;47820;-;125.3	52;44079;46802;-;230.2		none	none	A	7/7	canonical	0	0	unscoreable	2	0	0														not_admitted	not_admitted	not_admitted	not_admitted	not_admitted	not_admitted	not_admitted
NZ_CP050131.1	MPF_F	IncHI2;IncHI2A	321	0	0	GA	0															not_admitted	not_admitted	not_admitted	not_admitted	not_admitted	not_admitted	not_admitted	not_admitted	not_admitted	not_admitted	1	27;31207;32265;+;276.9	238;226894;228309;-;193.7	239;228299;229345;-;174.3	11;8955;11636;+;168.0	237;222932;226885;-;101.7	7;5270;6625;+;80.7	11;8955;11636;+;72.2	4;2758;3546;+;74.8	25;29554;31065;+;62.0	28;32284;35472;+;57.3	246;236387;238471;+;56.8	10;7996;8946;+;46.1	246;236387;238471;+;38.8	A	9/9	split_3	233629	1	1	221462..222751-;429;unnamed;0
NZ_CP050138.1	MPF_T	-	134	0	0	GA	1	19;17021;17704;+;39.4	20;17701;18042;+;80.0	21;18053;18388;+;84.8	22;18381;20798;+;167.5	22;18381;20798;+;117.1	23;20803;21513;+;184.5	25;21756;22700;+;123.8		27;23028;23717;+;166.4	28;23714;24571;+;185.4	29;24577;25803;+;180.4	30;25807;26811;+;101.5	31;26777;28789;+;343.0		pfam	both	A	7/7	canonical	1	0	unscoreable	2	0	0														not_admitted	not_admitted	not_admitted	not_admitted	not_admitted	not_admitted	not_admitted
NZ_CP050151.1	MPF_F	IncFII(pKP91)	90	0	0	GA	0															not_admitted	not_admitted	not_admitted	not_admitted	not_admitted	not_admitted	not_admitted	not_admitted	not_admitted	not_admitted	1	36;41186;42178;-;369.7	30;35633;37003;-;369.2	33;37791;38540;-;221.9	39;43197;45824;-;279.5	29;32781;35633;-;360.4	46;48266;49669;-;89.4	39;43197;45824;-;89.4	48;50390;50956;-;170.6	35;40485;41153;-;67.5	34;38660;40492;-;268.2	27;29888;32110;-;383.6	42;46693;47226;-;54.7	27;29888;32110;-;64.4	A	9/9	contiguous	20502	1	1	32251..32784-;177;unnamed;0
NZ_CP050155.1	MPF_F	IncFII(K);repB(R1701)	150	0	0	GA	0															not_admitted	not_admitted	not_admitted	not_admitted	not_admitted	not_admitted	not_admitted	not_admitted	not_admitted	not_admitted	1	125;103878;104867;+;366.6	135;110414;111781;+;383.3	131;108404;109156;+;233.7	121;99796;102435;+;258.5	136;111781;114630;+;346.4	113;95115;96539;+;89.2	121;99796;102435;+;88.7	111;93822;94388;+;169.3	126;104880;105518;+;66.9	127;105577;107532;+;259.7	140;117093;119405;+;392.8	114;96653;97237;+;55.4	140;117093;119405;+;65.9	A	9/9	contiguous	23271	1	1	114633..115166+;177;unnamed;0
NZ_CP050156.1	MPF_F	IncHI1B(pNDM-MAR)	290	0	0	GA	0															not_admitted	not_admitted	not_admitted	not_admitted	not_admitted	not_admitted	not_admitted	not_admitted	not_admitted	not_admitted	1	36;32872;33909;-;282.3	165;144720;146129;+;190.4	164;143693;144730;+;175.7	48;44741;47458;-;149.6	166;146131;150099;+;121.3	52;49571;50941;-;65.6	48;44741;47458;-;85.2	55;52587;53447;-;79.0	37;33906;35267;-;69.9	35;29677;32862;-;59.9	157;134368;136494;-;57.7	49;47503;48240;-;56.9	157;134368;136494;-;41.0	A	9/9	split_2	116454	0	1	
NZ_CP050157.1	MPF_T	IncX3	58	0	0	GA	1	32;29563;30207;-;46.4	31;29289;29579;-;73.1	30;26511;29264;-;47.0	30;26511;29264;-;142.4	30;26511;29264;-;73.3	29;25731;26501;-;60.1	27;24397;25452;-;133.2		26;23474;24202;-;119.4	25;22539;23468;-;138.8	24;21328;22542;-;128.3	22;20098;21132;-;65.7	21;18260;20095;-;495.9		pfam	pfam_only	A	7/7	canonical	1	1	unscoreable	2	0	0														not_admitted	not_admitted	not_admitted	not_admitted	not_admitted	not_admitted	not_admitted
NZ_CP050159.1	MPF_T	IncN	69	0	0	GA	1	19;16140;16874;+;32.5		22;17517;17834;+;63.3	23;17834;20434;+;113.8	23;17834;20434;+;76.4	24;20452;21165;+;105.5	26;21416;22456;+;142.4		27;22675;23373;+;131.9	28;23384;24268;+;159.7	29;24268;25428;+;156.3	30;25470;26465;+;81.2	47;41515;43044;-;38.5		pfam	both	A	7/7	canonical	1	0	unscoreable	3	0	0														not_admitted	not_admitted	not_admitted	not_admitted	not_admitted	not_admitted	not_admitted
NZ_CP050160.1	MPF_T	IncN	70	0	0	GA	1	18;15375;16109;+;32.5		21;16752;17069;+;63.3	22;17069;19669;+;113.8	22;17069;19669;+;76.4	23;19687;20400;+;105.5	25;20651;21691;+;142.4		26;21910;22608;+;131.9	27;22619;23503;+;159.7	28;23503;24663;+;156.3	29;24705;25700;+;81.2	48;45398;46927;-;38.5		pfam	both	A	7/7	canonical	1	0	unscoreable	3	0	0														not_admitted	not_admitted	not_admitted	not_admitted	not_admitted	not_admitted	not_admitted
NZ_CP050161.1	MPF_T	IncX3	67	0	0	GA	1	35;30388;31032;-;46.4	34;30114;30404;-;73.1	33;27336;30089;-;47.0	33;27336;30089;-;142.4	33;27336;30089;-;73.3	32;26556;27326;-;60.1	30;25222;26277;-;133.2		29;24299;25027;-;119.4	28;23364;24293;-;138.8	27;22153;23367;-;128.3	25;20923;21957;-;65.7	24;19085;20920;-;495.9		pfam	pfam_only	A	7/7	canonical	1	1	unscoreable	2	0	0														not_admitted	not_admitted	not_admitted	not_admitted	not_admitted	not_admitted	not_admitted
NZ_CP050163.1	MPF_F	IncHI2;IncHI2A	316	0	0	GA	0															not_admitted	not_admitted	not_admitted	not_admitted	not_admitted	not_admitted	not_admitted	not_admitted	not_admitted	not_admitted	1	29;32275;33333;+;276.9	230;211652;213067;-;194.1	231;213057;214103;-;173.7	11;8955;11636;+;168.0	229;210288;211643;-;92.2	7;5270;6625;+;80.7	11;8955;11636;+;72.2	4;2758;3546;+;74.8	27;30622;32133;+;62.7	30;33352;36540;+;58.3	237;221144;223228;+;56.7	10;7996;8946;+;46.4	237;221144;223228;+;38.8	A	9/9	split_3	218386	1	1	209537..210241-;234;unnamed;0
NZ_CP050164.1	MPF_F	IncC	169	0	0	GA	0															not_admitted	not_admitted	not_admitted	not_admitted	not_admitted	not_admitted	not_admitted	not_admitted	not_admitted	not_admitted	1	94;71322;72329;+;332.9	158;126357;127790;+;339.2	157;125327;126355;+;221.7	89;66123;68570;+;354.2	159;127803;131417;+;375.3	80;52812;54128;+;135.0	89;66123;68570;+;128.6	78;51288;51914;+;92.1	92;69392;70657;+;67.6	95;72445;75240;+;145.3	69;45613;47478;+;47.4	81;54125;54703;+;100.2	69;45613;47478;+;52.0	A	9/9	split_2	82190	0	1	
NZ_CP050167.1	MPF_F	IncFIB(AP001918);IncFIC(FII)	154	0	0	GA	0															not_admitted	not_admitted	not_admitted	not_admitted	not_admitted	not_admitted	not_admitted	not_admitted	not_admitted	not_admitted	1	53;47674;48666;-;369.3	42;40615;41988;-;378.0	49;44202;44945;-;234.1	56;49675;52302;-;305.4	41;37796;40618;-;389.5	62;54357;55784;-;94.3	56;49675;52302;-;98.5	64;56499;57065;-;185.5	52;47027;47665;-;68.4	51;45222;47030;-;268.4	38;34114;36267;-;391.9	58;52818;53333;-;78.4	38;34114;36267;-;70.4	A	9/9	contiguous	22385	1	1	37283..37774-;163;TraS;0
NZ_CP050168.1	MPF_F	IncFIB(pQil);IncFII(K)	136	0	0	GA	0															not_admitted	not_admitted	not_admitted	not_admitted	not_admitted	not_admitted	not_admitted	not_admitted	not_admitted	not_admitted	1	78;76668;77660;-;366.6	68;69847;71217;-;381.2	72;72419;73171;-;232.4	81;78686;81325;-;258.7	67;66998;69847;-;344.2	90;85140;86564;-;89.2	81;78686;81325;-;88.8	92;87291;87857;-;167.0	77;76017;76655;-;67.0	76;74014;76020;-;259.0	63;62875;65184;-;393.2	88;83959;84528;-;49.7	63;62875;65184;-;65.8	A	9/9	contiguous	24416	1	1	66465..66995-;176;unnamed;0
NZ_CP050170.1	MPF_F	IncFII(K);repB(R1701)	178	0	0	GA	0															not_admitted	not_admitted	not_admitted	not_admitted	not_admitted	not_admitted	not_admitted	not_admitted	not_admitted	not_admitted	1	116;111022;111540;-;213.0	105;104152;105519;-;381.8	108;106959;107363;-;139.1	121;114769;116067;-;261.2	104;101303;104152;-;346.4	128;119260;120030;-;79.9	120;113436;114197;-;42.8	132;121408;121974;-;169.3	114;110371;110634;-;31.2	112;108544;109044;-;106.7	100;96529;98841;-;393.1	127;118562;119146;-;53.4	100;96529;98841;-;66.6	A	9/9	contiguous	24879	1	1	100767..101300-;177;unnamed;0
NZ_CP050188.1	MPF_F	-	283	0	0	GA	0															not_admitted	not_admitted	not_admitted	not_admitted	not_admitted	not_admitted	not_admitted	not_admitted	not_admitted	not_admitted	1	138;125314;126321;+;335.4	55;50847;52289;+;315.1	54;49806;50843;+;219.0	133;120113;122557;+;335.8	56;52302;55856;+;368.0	128;111261;112586;+;127.7	133;120113;122557;+;127.0	126;109740;110375;+;85.0	136;123384;124649;+;64.5	139;126331;129105;+;134.1	282;251736;252674;-;77.0	129;112583;113149;+;92.1	282;251736;252674;-;102.6	A	9/9	split_3	201930	0	1	
NZ_CP050250.1	-	-	208	0	0	GA	0															not_admitted	not_admitted	not_admitted	not_admitted	not_admitted	not_admitted	not_admitted	not_admitted	not_admitted	not_admitted	1	33;32832;33857;+;394.0	38;37525;38979;+;355.1	37;36719;37525;+;237.1	27;27914;30460;+;409.2	39;39008;41788;+;360.4	92;89369;90736;-;205.6	27;27914;30460;+;100.2	22;23731;24294;+;159.8	34;33872;34609;+;103.0	35;34606;36348;+;264.6	178;168358;170754;-;470.6		178;168358;170754;-;64.8	B	8/9	split_3	144627	0	1	
NZ_CP050254.1	-	-	39	0	0	GA	1		16;12465;12797;-;55.1	15;12144;12455;-;38.6	14;9571;12147;-;96.5	14;9571;12147;-;107.5	9;5320;6081;-;89.0	8;4013;5320;-;129.0		13;8822;9574;-;104.7	12;7927;8811;-;165.2	10;6098;7459;-;211.9	0;163;729;+;132.3	25;20374;22266;-;444.9		conjscan	conjscan_only	A	7/7	canonical	1	0	unscoreable	17	0	0														not_admitted	not_admitted	not_admitted	not_admitted	not_admitted	not_admitted	not_admitted
NZ_CP050261.1	MPF_T	-	118	0	0	GA	1	92;72690;73406;+;39.4			94;74091;76643;+;74.0		95;76640;77326;+;55.3	97;77723;78655;+;133.0		99;79063;79851;+;103.2	100;79841;80650;+;137.6	101;80637;82004;+;128.2	102;82014;83072;+;55.2	107;84253;85914;+;247.3		pfam	pfam_only	A	7/7	canonical	1	0	unscoreable	6	0	0														not_admitted	not_admitted	not_admitted	not_admitted	not_admitted	not_admitted	not_admitted
NZ_CP050297.1	MPF_T	-	328	0	0	GA	1	21;19773;20426;-;74.8	20;19446;19760;-;73.3	182;198691;199017;-;71.9	181;196322;198691;-;195.7	17;17783;19153;-;101.4	14;14866;15600;-;31.7	13;13643;14686;-;107.2		12;12857;13576;-;209.9	11;12063;12860;-;187.1	10;9577;12063;-;193.4	10;9577;12063;-;133.4	194;210507;212129;-;474.2		pfam	pfam_only	A	7/7	canonical	1	0	unscoreable	3	0	0														not_admitted	not_admitted	not_admitted	not_admitted	not_admitted	not_admitted	not_admitted
NZ_CP050299.1	MPF_T	-	726	0	0	GA	1	621;601491;602249;+;68.7	622;602261;602572;+;80.3	623;602583;602879;+;83.9	624;602889;605300;+;122.7	624;602889;605300;+;103.4	626;606203;606922;+;31.8	629;607371;608507;+;143.5		630;608504;609223;+;201.2	631;609220;610035;+;197.1	632;610042;611400;+;195.8	634;611710;612417;+;110.5	635;612395;614530;+;270.1		pfam	both	A	7/7	canonical	1	0	unscoreable	4	0	0														not_admitted	not_admitted	not_admitted	not_admitted	not_admitted	not_admitted	not_admitted
NZ_CP050302.1	-	-	418	0	0	GA	1	49;55325;56065;+;74.4	50;56070;56414;+;72.5	51;56416;56718;+;60.2	52;56715;59135;+;120.1	52;56715;59135;+;106.7		54;59333;60511;+;103.3		45;51302;52024;+;194.6	46;52021;52854;+;193.3	47;52857;54161;+;193.2	48;54225;55328;+;141.2			none	none	B	6/7	canonical	0	0	unscoreable	1	0	0														not_admitted	not_admitted	not_admitted	not_admitted	not_admitted	not_admitted	not_admitted
NZ_CP050304.1	MPF_T	-	356	0	0	GA	1		149;128411;128818;+;70.0	150;128811;129110;+;60.1	151;129113;131575;+;181.7	151;129113;131575;+;126.4	152;131580;132581;+;40.1	153;132575;133780;+;105.2		154;133811;134476;+;120.9	155;134493;135338;+;189.2	157;135802;137115;+;221.4	148;127450;128421;+;134.4	243;228936;230870;+;546.4		conjscan	conjscan_only	A	7/7	canonical	1	0	unscoreable	2	0	0														not_admitted	not_admitted	not_admitted	not_admitted	not_admitted	not_admitted	not_admitted
NZ_CP050305.1	MPF_T	-	196	0	0	GA	1	43;43659;44363;+;83.2	44;44381;44734;+;62.3	45;44734;45024;+;59.5	46;45058;47502;+;132.9	46;45058;47502;+;89.7	48;48160;48897;+;47.5	50;49120;50145;+;125.5		51;50178;50924;+;193.1	52;50921;51727;+;194.4	53;51717;53006;+;203.3	54;52954;54063;+;124.2	55;54060;56417;+;241.6		pfam	pfam_only	A	7/7	canonical	1	0	unscoreable	2	0	0														not_admitted	not_admitted	not_admitted	not_admitted	not_admitted	not_admitted	not_admitted
NZ_CP050312.1	MPF_F	IncHI2;IncHI2A	318	0	0	GA	0															not_admitted	not_admitted	not_admitted	not_admitted	not_admitted	not_admitted	not_admitted	not_admitted	not_admitted	not_admitted	1	29;32310;33368;+;276.9	191;178836;180251;+;194.1	190;177800;178846;+;173.7	11;8955;11636;+;168.0	192;180260;184210;+;101.6	7;5270;6625;+;80.7	11;8955;11636;+;72.2	4;2758;3546;+;74.8	27;30657;32168;+;62.7	30;33387;36575;+;58.3	184;168675;170759;-;56.7	10;7996;8946;+;46.4	184;168675;170759;-;38.8	A	9/9	split_3	177502	0	1	
NZ_CP050314.1	-	-	215	0	0	GA	0															not_admitted	not_admitted	not_admitted	not_admitted	not_admitted	not_admitted	not_admitted	not_admitted	not_admitted	not_admitted	1	36;41260;42066;+;221.7	154;175612;177015;-;129.2	155;177012;178025;-;153.3	177;198573;201167;+;142.1	153;170305;175608;-;127.4	171;193921;195255;+;106.0	177;198573;201167;+;75.1	169;192106;192795;+;43.2	34;39733;40890;+;63.9	37;42070;45402;+;90.6	161;184291;186204;+;49.8	176;197798;198565;+;57.9	161;184291;186204;+;37.9	A	9/9	split_2	158840	0	1	
NZ_CP050337.1	MPF_F	Col(pHAD28);IncFIB(K);IncFII(pKP91)	265	0	0	GA	0															not_admitted	not_admitted	not_admitted	not_admitted	not_admitted	not_admitted	not_admitted	not_admitted	not_admitted	not_admitted	1	219;199930;200919;-;363.3	208;192744;194111;-;382.2	212;195369;196121;-;233.7	223;202376;205015;-;259.4	207;189895;192744;-;342.9	233;208977;210401;-;89.2	223;202376;205015;-;88.3	235;211128;211694;-;167.9	217;199007;199654;-;65.9	216;196993;198948;-;259.5	203;185801;188083;-;393.3	231;207781;208365;-;53.8	203;185801;188083;-;65.9	A	9/9	contiguous	25327	1	1	189362..189892-;176;unnamed;0
NZ_CP050343.1	MPF_F	IncFIB(K);IncFII(pKP91)	232	0	0	GA	0															not_admitted	not_admitted	not_admitted	not_admitted	not_admitted	not_admitted	not_admitted	not_admitted	not_admitted	not_admitted	1	186;167537;168526;-;363.3	175;160351;161718;-;382.2	179;162976;163728;-;233.7	190;169983;172622;-;259.4	174;157502;160351;-;342.9	200;176584;178008;-;89.2	190;169983;172622;-;88.3	202;178735;179301;-;167.9	184;166614;167261;-;65.9	183;164600;166555;-;259.5	170;153408;155690;-;393.3	198;175388;175972;-;53.8	170;153408;155690;-;65.9	A	9/9	contiguous	25327	1	1	156969..157499-;176;unnamed;0
NZ_CP050349.1	MPF_F	IncFIB(K);IncFII(pKP91)	248	0	0	GA	0															not_admitted	not_admitted	not_admitted	not_admitted	not_admitted	not_admitted	not_admitted	not_admitted	not_admitted	not_admitted	1	203;183186;184175;-;363.3	192;176000;177367;-;382.2	196;178625;179377;-;233.7	207;185632;188271;-;259.4	191;175353;176000;-;173.7	217;192233;193657;-;89.2	207;185632;188271;-;88.3	219;194384;194950;-;167.9	201;182263;182910;-;65.9	200;180249;182204;-;259.5	185;167991;170273;-;393.3	215;191037;191621;-;53.8	185;167991;170273;-;65.9	A	9/9	contiguous	26393	1	1	174363..175286-;307;unnamed;0
NZ_CP050355.1	MPF_F	Col(pHAD28);IncFIB(K);IncFII(pKP91)	266	0	0	GA	0															not_admitted	not_admitted	not_admitted	not_admitted	not_admitted	not_admitted	not_admitted	not_admitted	not_admitted	not_admitted	1	220;201066;202055;-;363.3	209;193880;195247;-;382.2	213;196505;197257;-;233.7	224;203512;206151;-;259.4	208;191031;193880;-;342.9	234;210113;211537;-;89.2	224;203512;206151;-;88.3	236;212264;212830;-;167.9	218;200143;200790;-;65.9	217;198129;200084;-;259.5	204;186937;189219;-;393.3	232;208917;209501;-;53.8	204;186937;189219;-;65.9	A	9/9	contiguous	25327	1	1	190498..191028-;176;unnamed;0
NZ_CP050367.1	MPF_F	IncFII	111	0	0	GA	0															not_admitted	not_admitted	not_admitted	not_admitted	not_admitted	not_admitted	not_admitted	not_admitted	not_admitted	not_admitted	1	106;97724;98716;-;369.5	96;90572;91945;-;381.7	101;93875;94618;-;234.4	109;99725;102355;-;304.1	95;87753;90575;-;374.0	4;2269;3720;-;94.2	109;99725;102355;-;97.1	6;4435;5001;-;174.3	104;96742;97380;-;68.6	103;94895;96745;-;266.1	91;83202;85481;-;391.0	1;894;1409;-;78.4	91;83202;85481;-;70.3	A	9/9	split_2	98831	1	1	87252..87731-;159;TraS;0
NZ_CP050372.1	MPF_F	IncFII	86	0	0	GA	0															not_admitted	not_admitted	not_admitted	not_admitted	not_admitted	not_admitted	not_admitted	not_admitted	not_admitted	not_admitted	1	6;5185;6177;+;369.5	17;12733;14106;+;381.7	11;9283;10026;+;234.4	3;1546;4176;+;304.1	18;14103;16925;+;374.0	82;73483;74934;+;94.2	3;1546;4176;+;97.1	80;72202;72768;+;174.3	8;6521;7159;+;68.6	9;7156;9006;+;266.1	22;19197;21440;+;391.1	85;75794;76309;+;78.4	22;19197;21440;+;70.3	A	9/9	split_2	74248	1	1	16947..17426+;159;TraS;0
NZ_CP050373.1	MPF_I	IncFIB(K);IncFII(pKPX1)	152	0	0	GA	0															not_admitted	not_admitted	not_admitted	not_admitted	not_admitted	not_admitted	not_admitted	not_admitted	not_admitted	not_admitted	1	81;71748;72170;+;95.0			78;68083;70722;+;258.7		69;62844;64268;+;89.2	78;68083;70722;+;88.8	67;61551;62117;+;167.0			94;80111;82303;-;27.2	71;64880;65449;+;49.7	94;80111;82303;-;27.0	D	4/9	contiguous	18560	0	0	
NZ_CP050375.1	MPF_T	ColKP3;IncX3	64	0	0	GA	1	38;29497;30141;+;46.4	39;30125;30415;+;73.1	40;30440;33193;+;47.0	40;30440;33193;+;142.4	40;30440;33193;+;73.3	41;33203;33973;+;60.1	43;34252;35307;+;132.8		44;35502;36230;+;119.4	45;36236;37165;+;138.8	46;37162;38376;+;128.3	48;38572;39606;+;65.7	49;39609;41444;+;495.9		pfam	pfam_only	A	7/7	canonical	1	1	unscoreable	2	0	0														not_admitted	not_admitted	not_admitted	not_admitted	not_admitted	not_admitted	not_admitted
NZ_CP050379.1	MPF_F	IncFIB(K);IncFII(K);IncFII(pAR0022)	248	0	0	GA	0															not_admitted	not_admitted	not_admitted	not_admitted	not_admitted	not_admitted	not_admitted	not_admitted	not_admitted	not_admitted	1	208;179711;180700;+;366.6	218;186247;187614;+;384.1	214;184237;184989;+;233.7	204;175615;178254;+;258.5	219;187614;190436;+;346.4	194;169220;170644;+;89.5	204;175615;178254;+;88.7	192;167927;168493;+;167.0	209;180713;181351;+;66.9	210;181410;183365;+;259.4	223;193052;195361;+;393.1	196;171256;171840;+;53.8	223;193052;195361;+;66.6	A	9/9	contiguous	25125	1	1	190459..191061+;200;TraS;0
NZ_CP050380.1	MPF_F	IncFIB(pNDM-Mar);IncHI1B(pNDM-MAR)	388	0	0	GA	0															not_admitted	not_admitted	not_admitted	not_admitted	not_admitted	not_admitted	not_admitted	not_admitted	not_admitted	not_admitted	1	139;131600;132637;+;282.3	6;5533;6942;+;190.4	5;4506;5543;+;176.7	127;118051;120768;+;148.7	7;6944;10882;+;118.9	123;114568;115938;+;65.6	127;118051;120768;+;85.2	120;112062;112922;+;79.0	138;130242;131603;+;69.9	140;132647;135832;+;58.9	386;349009;351135;-;58.0	126;117269;118006;+;57.0	386;349009;351135;-;39.7	A	9/9	split_3	344503	0	1	
NZ_CP050381.1	MPF_F	IncFII(pCoo)	81	0	0	GA	0															not_admitted	not_admitted	not_admitted	not_admitted	not_admitted	not_admitted	not_admitted	not_admitted	not_admitted	not_admitted	1	68;56921;57907;+;355.4	74;62140;63501;+;342.6	72;60729;61508;+;194.4	65;53237;55828;+;215.3	75;63503;66394;+;287.0	60;50284;51648;+;82.6	65;53237;55828;+;88.2	58;49004;49567;+;136.5	70;58283;58897;+;82.6	71;58894;60732;+;259.4	78;68017;70248;+;371.9	64;52627;53226;+;46.6	78;68017;70248;+;68.9	A	9/9	contiguous	19013	1	1	66404..66961+;185;unnamed;0
NZ_CP050384.1	MPF_F	IncFIA;IncFII	125	0	0	GA	0															not_admitted	not_admitted	not_admitted	not_admitted	not_admitted	not_admitted	not_admitted	not_admitted	not_admitted	not_admitted	1	38;42121;43113;-;371.6	29;35686;37059;-;380.7	34;38649;39392;-;233.3	41;44122;46749;-;303.5	28;32870;35689;-;386.2	47;48908;50335;-;91.9	41;44122;46749;-;99.0	49;51050;51616;-;182.9	37;41474;42112;-;64.9	36;39669;41477;-;268.2	25;29095;31338;-;391.7	42;47265;47780;-;76.4	25;29095;31338;-;70.3	A	9/9	contiguous	21955	1	1	32354..32845-;163;TraS;0
NZ_CP050392.1	MPF_F	-	99	0	0	GA	0															not_admitted	not_admitted	not_admitted	not_admitted	not_admitted	not_admitted	not_admitted	not_admitted	not_admitted	not_admitted	1	84;54957;56000;+;369.2	89;59983;61410;+;325.8	87;58769;59581;+;219.1	80;50669;53395;+;164.6	90;61426;64428;+;208.7	76;47671;48987;+;102.7	80;50669;53395;+;108.4	74;46380;46958;+;83.7	85;56015;56722;+;107.6	86;56719;58776;+;91.0	52;30436;32595;+;381.3	79;50015;50659;+;41.9	52;30436;32595;+;90.0	A	9/9	contiguous	30990	1	1	64500..65018+;172;unnamed;0
NZ_CP050404.1	MPF_F	-	125	0	0	GA	0															not_admitted	not_admitted	not_admitted	not_admitted	not_admitted	not_admitted	not_admitted	not_admitted	not_admitted	not_admitted	1	112;83947;84990;+;369.2	117;88973;90400;+;325.8	115;87759;88571;+;219.1	108;79659;82385;+;164.6	118;90416;93418;+;208.7	104;76661;77977;+;102.7	108;79659;82385;+;108.4	102;75370;75948;+;83.7	113;85005;85712;+;107.6	114;85709;87766;+;91.0	63;41111;43270;+;381.3	107;79005;79649;+;41.9	63;41111;43270;+;90.0	A	9/9	split_2	49305	1	1	93490..94008+;172;unnamed;0
NZ_CP050413.1	MPF_F	-	97	0	0	GA	0															not_admitted	not_admitted	not_admitted	not_admitted	not_admitted	not_admitted	not_admitted	not_admitted	not_admitted	not_admitted	1	84;54955;55998;+;369.2	89;59981;61408;+;325.8	87;58767;59579;+;219.1	80;50667;53393;+;164.6	90;61424;64426;+;208.7	76;47669;48985;+;102.7	80;50667;53393;+;108.4	74;46378;46956;+;83.7	85;56013;56720;+;107.6	86;56717;58774;+;91.0	52;30434;32593;+;381.3	79;50013;50657;+;41.9	52;30434;32593;+;90.0	A	9/9	contiguous	30990	1	1	64498..65016+;172;unnamed;0
NZ_CP050495.1	MPF_T	rep38	50	0	0	GA	1				16;10432;12447;+;23.9									22;16474;17985;+;465.1		none	none	D	2/7	uncallable	0	0	unscoreable	5	0	0														not_admitted	not_admitted	not_admitted	not_admitted	not_admitted	not_admitted	not_admitted
NZ_CP050496.1	MPF_T	repUS73	35	0	0	GA	1				24;25584;27599;+;23.6									30;31624;33135;+;462.4		none	none	D	2/7	uncallable	0	0	unscoreable	5	0	0														not_admitted	not_admitted	not_admitted	not_admitted	not_admitted	not_admitted	not_admitted
NZ_CP050507.1	MPF_F	IncHI2;IncHI2A	318	0	0	GA	0															not_admitted	not_admitted	not_admitted	not_admitted	not_admitted	not_admitted	not_admitted	not_admitted	not_admitted	not_admitted	1	29;32275;33333;+;276.9	191;178801;180216;+;194.1	190;177765;178811;+;173.7	11;8955;11636;+;168.0	192;180225;184175;+;101.6	7;5270;6625;+;80.7	11;8955;11636;+;72.2	4;2758;3546;+;74.8	27;30622;32133;+;62.7	30;33352;36540;+;58.3	184;168640;170724;-;56.7	10;7996;8946;+;46.4	184;168640;170724;-;38.8	A	9/9	split_3	177467	0	1	
NZ_CP050544.1	MPF_T	-	46	0	0	GA	1				0;19;1920;+;23.5									6;5951;7462;+;464.5		none	none	D	2/7	uncallable	0	0	unscoreable	5	0	0														not_admitted	not_admitted	not_admitted	not_admitted	not_admitted	not_admitted	not_admitted
NZ_CP050545.1	MPF_T	rep38	40	0	0	GA	1				28;24894;26909;+;24.6									34;30934;32445;+;462.9		none	none	D	2/7	uncallable	0	0	unscoreable	5	0	0														not_admitted	not_admitted	not_admitted	not_admitted	not_admitted	not_admitted	not_admitted
NZ_CP050647.1	MPF_F	IncFIB(AP001918);IncFII(pCoo)	121	0	0	GA	0															not_admitted	not_admitted	not_admitted	not_admitted	not_admitted	not_admitted	not_admitted	not_admitted	not_admitted	not_admitted	1	65;65583;66575;-;368.9	54;58564;59937;-;380.9	61;62111;62854;-;235.0	68;67584;70211;-;305.4	53;55751;58567;-;384.2	75;72370;73797;-;94.4	68;67584;70211;-;98.5	77;74512;75078;-;182.9	64;64936;65574;-;65.9	63;63131;64939;-;268.3	50;52035;54188;-;391.1	71;70727;71242;-;73.6	50;52035;54188;-;69.2	A	9/9	contiguous	22477	1	1	55197..55718-;173;unnamed;0
NZ_CP050681.1	MPF_F	repFIB;repHI5B	382	0	0	GA	0															not_admitted	not_admitted	not_admitted	not_admitted	not_admitted	not_admitted	not_admitted	not_admitted	not_admitted	not_admitted	1	194;189044;190081;-;282.2	342;308349;309791;+;188.6	341;307355;308392;+;172.0	205;200950;203667;-;143.5	343;309793;313737;+;119.0	209;205790;207157;-;63.7	205;200950;203667;-;80.6	212;208812;209672;-;73.9	195;190078;191439;-;71.7	193;185853;189029;-;58.7	334;297989;300115;-;62.0	206;203716;204453;-;56.3	334;297989;300115;-;39.7	A	9/9	split_2	123940	0	1	
NZ_CP050682.1	MPF_F	IncFIB(K)(pCAV1099-114);IncFII(pKP91)	130	0	0	GA	0															not_admitted	not_admitted	not_admitted	not_admitted	not_admitted	not_admitted	not_admitted	not_admitted	not_admitted	not_admitted	1	53;75387;76376;-;363.0	42;67924;69339;-;383.6	47;71074;71826;-;231.3	57;77819;80458;-;259.0	41;65072;67924;-;336.1	67;84392;85816;-;91.0	57;77819;80458;-;89.1	69;86543;87109;-;167.9	52;74736;75374;-;64.4	51;72715;74670;-;259.7	38;61158;63467;-;393.2	64;83199;83756;-;54.3	38;61158;63467;-;65.8	A	9/9	contiguous	25385	1	1	64409..65047-;212;unnamed;0
NZ_CP050707.1	MPF_F	IncFII(pHN7A8);IncX1	125	0	0	GA	0															not_admitted	not_admitted	not_admitted	not_admitted	not_admitted	not_admitted	not_admitted	not_admitted	not_admitted	not_admitted	1	98;82233;83225;+;369.5	111;90058;91431;+;376.8	106;87749;88492;+;234.4	95;78597;81224;+;301.8	112;91428;94244;+;376.7	90;75115;76542;+;94.1	95;78597;81224;+;101.8	88;73834;74400;+;183.8	101;84171;84809;+;70.4	104;85622;87472;+;265.0	116;96545;98788;+;391.7	94;77566;78081;+;78.0	116;96545;98788;+;70.3	A	9/9	contiguous	22711	1	1	94277..94798+;173;unnamed;0
NZ_CP050710.1	MPF_F	IncFII(pHN7A8);IncX1	104	0	0	GA	0															not_admitted	not_admitted	not_admitted	not_admitted	not_admitted	not_admitted	not_admitted	not_admitted	not_admitted	not_admitted	1	77;64101;65093;+;369.5	90;71926;73299;+;376.8	85;69617;70360;+;234.4	74;60465;63092;+;301.8	91;73296;76112;+;376.7	69;56983;58410;+;94.1	74;60465;63092;+;101.8	67;55702;56268;+;183.8	80;66039;66677;+;70.4	83;67490;69340;+;265.0	95;78413;80656;+;391.7	73;59434;59949;+;78.0	95;78413;80656;+;70.3	A	9/9	contiguous	22711	1	1	76145..76666+;173;unnamed;0
NZ_CP050713.1	MPF_F	IncFII(pHN7A8);IncX1	125	0	0	GA	0															not_admitted	not_admitted	not_admitted	not_admitted	not_admitted	not_admitted	not_admitted	not_admitted	not_admitted	not_admitted	1	98;80438;81430;+;369.5	111;88263;89636;+;376.8	106;85954;86697;+;234.4	95;76802;79429;+;301.8	112;89633;92449;+;376.7	90;73320;74747;+;94.1	95;76802;79429;+;101.8	88;72039;72605;+;183.8	101;82376;83014;+;70.4	104;83827;85677;+;265.0	116;94750;96993;+;391.7	94;75771;76286;+;78.0	116;94750;96993;+;70.3	A	9/9	contiguous	22711	1	1	92482..93003+;173;unnamed;0
NZ_CP050717.1	MPF_F	IncFII(pHN7A8);IncX1	104	0	0	GA	0															not_admitted	not_admitted	not_admitted	not_admitted	not_admitted	not_admitted	not_admitted	not_admitted	not_admitted	not_admitted	1	77;64101;65093;+;369.5	90;71926;73299;+;376.8	85;69617;70360;+;234.4	74;60465;63092;+;301.8	91;73296;76112;+;376.7	69;56983;58410;+;94.1	74;60465;63092;+;101.8	67;55702;56268;+;183.8	80;66039;66677;+;70.4	83;67490;69340;+;265.0	95;78413;80656;+;391.7	73;59434;59949;+;78.0	95;78413;80656;+;70.3	A	9/9	contiguous	22711	1	1	76145..76666+;173;unnamed;0
NZ_CP050724.1	MPF_F	IncFII(pHN7A8);IncN;IncX1	129	0	0	GA	0															not_admitted	not_admitted	not_admitted	not_admitted	not_admitted	not_admitted	not_admitted	not_admitted	not_admitted	not_admitted	1	102;88931;89923;+;369.5	115;96756;98129;+;376.8	110;94447;95190;+;234.4	99;85295;87922;+;301.8	116;98126;100942;+;376.7	94;81813;83240;+;94.1	99;85295;87922;+;101.8	92;80532;81098;+;183.8	105;90869;91507;+;70.4	108;92320;94170;+;265.0	120;103243;105495;+;391.7	98;84264;84779;+;78.0	120;103243;105495;+;70.3	A	9/9	contiguous	22711	1	1	100975..101496+;173;unnamed;0
NZ_CP050727.1	MPF_F	IncC	174	0	0	GA	0															not_admitted	not_admitted	not_admitted	not_admitted	not_admitted	not_admitted	not_admitted	not_admitted	not_admitted	not_admitted	1	91;75921;76913;-;369.3	82;69486;70859;-;379.5	87;72449;73222;-;234.0	94;77922;80552;-;303.5	81;66664;69489;-;386.0	101;83830;85257;-;94.3	94;77922;80552;-;98.5	103;85972;86538;-;183.8	90;75274;75912;-;68.7	89;73469;75277;-;268.0	78;62944;65160;-;391.7	97;82187;82702;-;78.6	78;62944;65160;-;70.3	A	9/9	contiguous	23028	1	1	66158..66667-;169;unnamed;0
NZ_CP050729.1	MPF_F	IncHI2;IncHI2A	251	0	0	GA	0															not_admitted	not_admitted	not_admitted	not_admitted	not_admitted	not_admitted	not_admitted	not_admitted	not_admitted	not_admitted	1	27;31208;32266;+;276.9	167;157060;158475;-;194.1	168;158465;159511;-;174.3	11;8955;11636;+;168.0	166;153098;157051;-;101.7	7;5270;6625;+;80.7	11;8955;11636;+;72.2	4;2758;3546;+;74.8	25;29555;31066;+;62.0	28;32285;35473;+;57.3	175;166553;168637;+;56.8	10;7996;8946;+;46.1	175;166553;168637;+;38.8	A	9/9	split_3	163795	1	1	151628..152917-;429;unnamed;0
NZ_CP050732.1	MPF_F	IncC	221	0	0	GA	0															not_admitted	not_admitted	not_admitted	not_admitted	not_admitted	not_admitted	not_admitted	not_admitted	not_admitted	not_admitted	1	144;115752;116744;-;369.3	135;109317;110690;-;378.8	140;112280;113053;-;234.0	147;117753;120383;-;303.5	134;106495;109320;-;386.0	154;123661;125088;-;94.3	147;117753;120383;-;98.5	156;125803;126369;-;183.8	143;115105;115743;-;68.7	142;113300;115108;-;268.0	131;102793;104991;-;391.7	150;122018;122533;-;78.6	131;102793;104991;-;70.3	A	9/9	contiguous	23010	1	1	105989..106498-;169;unnamed;0
NZ_CP050735.1	MPF_F	IncFIA;IncFIB(AP001918);IncFII;IncQ1	164	0	0	GA	0															not_admitted	not_admitted	not_admitted	not_admitted	not_admitted	not_admitted	not_admitted	not_admitted	not_admitted	not_admitted	1	84;79831;80823;-;369.5	74;72679;74052;-;381.7	79;75982;76725;-;234.4	87;81832;84462;-;304.1	73;69860;72682;-;374.0	95;87864;89315;-;94.2	87;81832;84462;-;97.1	97;90030;90596;-;174.3	82;78849;79487;-;68.6	81;77002;78852;-;266.1	69;65390;67588;-;391.2	92;86489;87004;-;78.4	69;65390;67588;-;70.3	A	9/9	contiguous	24640	1	1	69359..69838-;159;TraS;0
NZ_CP050736.1	MPF_F	IncFIB(S);IncFII(S);IncFII(pAR0022)	137	0	0	GA	0															not_admitted	not_admitted	not_admitted	not_admitted	not_admitted	not_admitted	not_admitted	not_admitted	not_admitted	not_admitted	1	57;43435;44427;+;366.7	66;49675;51057;+;392.4	63;47894;48643;+;231.0	54;39800;42448;+;314.1	67;51054;53876;+;394.4	46;35846;37267;+;91.5	54;39800;42448;+;97.8	44;34553;35119;+;185.6	59;44739;45377;+;70.6	61;45830;47656;+;271.0	70;55530;57755;+;374.0	49;38073;38588;+;96.7	70;55530;57755;+;72.0	A	9/9	contiguous	20977	1	1	53898..54386+;162;TraS;0
NZ_CP050751.1	MPF_F	IncFII;IncHI2;IncHI2A	281	0	0	GA	0															not_admitted	not_admitted	not_admitted	not_admitted	not_admitted	not_admitted	not_admitted	not_admitted	not_admitted	not_admitted	1	199;187997;188989;-;369.3	190;181562;182938;-;379.5	195;184525;185298;-;234.0	202;189998;192628;-;303.5	189;178740;181565;-;386.0	211;195906;197333;-;94.3	202;189998;192628;-;98.5	213;198048;198614;-;183.8	198;187350;187988;-;68.7	197;185545;187353;-;268.0	186;175029;177236;-;391.7	207;194263;194778;-;78.6	186;175029;177236;-;70.3	A	9/9	contiguous	23019	1	1	178234..178743-;169;unnamed;0
NZ_CP050754.1	MPF_F	IncFII;IncHI2;IncHI2A	282	0	0	GA	0															not_admitted	not_admitted	not_admitted	not_admitted	not_admitted	not_admitted	not_admitted	not_admitted	not_admitted	not_admitted	1	200;188204;189196;-;369.3	191;181769;183145;-;379.5	196;184732;185505;-;234.0	203;190205;192835;-;303.5	190;178947;181772;-;386.0	212;196113;197540;-;94.3	203;190205;192835;-;98.5	214;198255;198821;-;183.8	199;187557;188195;-;68.7	198;185752;187560;-;268.0	187;175236;177443;-;391.7	208;194470;194985;-;78.6	187;175236;177443;-;70.3	A	9/9	contiguous	23019	1	1	178441..178950-;169;unnamed;0
NZ_CP050761.1	MPF_F	IncHI2;IncHI2A;IncN	254	0	0	GA	0															not_admitted	not_admitted	not_admitted	not_admitted	not_admitted	not_admitted	not_admitted	not_admitted	not_admitted	not_admitted	1	27;31196;32254;+;276.9			11;8955;11711;+;168.0		7;5270;6625;+;80.7	11;8955;11711;+;70.8	4;2758;3546;+;74.8	25;29543;31054;+;62.0	31;34563;36797;+;59.3		10;7996;8946;+;46.1		C	6/9	split_2	31805	0	1	
NZ_CP050763.1	MPF_F	IncHI2;IncHI2A;IncN	208	0	0	GA	0															not_admitted	not_admitted	not_admitted	not_admitted	not_admitted	not_admitted	not_admitted	not_admitted	not_admitted	not_admitted	1	56;63237;64295;+;276.9			40;40984;43665;+;168.0		36;37299;38654;+;80.7	40;40984;43665;+;72.2	33;34787;35575;+;74.8	54;61584;63095;+;62.0	57;64314;67502;+;57.3		39;40025;40975;+;46.1		C	6/9	split_2	29527	0	1	
NZ_CP050770.1	MPF_F	IncFIA;IncFIB(AP001918);IncFII	172	0	0	GA	0															not_admitted	not_admitted	not_admitted	not_admitted	not_admitted	not_admitted	not_admitted	not_admitted	not_admitted	not_admitted	1	110;92513;93505;-;369.5	100;85361;86734;-;381.7	105;88664;89407;-;234.4	113;94514;97144;-;304.1	99;82542;85364;-;374.0	121;100546;101997;-;94.2	113;94514;97144;-;97.1	123;102712;103278;-;174.3	108;91531;92169;-;68.6	107;89684;91534;-;266.1	95;78054;80270;-;391.2	118;99171;99686;-;78.4	95;78054;80270;-;70.3	A	9/9	contiguous	24658	1	1	82041..82520-;159;TraS;0
NZ_CP050772.1	MPF_F	IncHI2;IncHI2A;IncN	216	0	0	GA	0															not_admitted	not_admitted	not_admitted	not_admitted	not_admitted	not_admitted	not_admitted	not_admitted	not_admitted	not_admitted	1	27;31208;32266;+;276.9			11;8955;11636;+;168.0		7;5270;6625;+;80.7	11;8955;11636;+;72.2	4;2758;3546;+;74.8	25;29555;31066;+;62.0	28;32285;35473;+;57.3		10;7996;8946;+;46.1		C	6/9	split_2	29527	0	1	
NZ_CP050778.1	MPF_F	IncHI2;IncHI2A;IncN	209	0	0	GA	0															not_admitted	not_admitted	not_admitted	not_admitted	not_admitted	not_admitted	not_admitted	not_admitted	not_admitted	not_admitted	1	11;14743;15801;-;276.9			27;35374;38055;-;168.0		31;40385;41740;-;80.7	27;35374;38055;-;72.2	34;43464;44252;-;74.8	13;15943;17454;-;62.0	10;11536;14724;-;57.3		28;38064;39014;-;46.1		C	6/9	contiguous	31928	0	1	
NZ_CP050780.1	MPF_F	IncHI2;IncHI2A;IncN	260	0	0	GA	0															not_admitted	not_admitted	not_admitted	not_admitted	not_admitted	not_admitted	not_admitted	not_admitted	not_admitted	not_admitted	1	30;32544;33602;+;276.9			11;8955;11636;+;168.0		7;5270;6625;+;80.7	11;8955;11636;+;72.2	4;2758;3546;+;74.8	28;30891;32402;+;62.0	31;33621;36809;+;57.3		10;7996;8946;+;46.1		C	6/9	split_2	30863	0	1	
NZ_CP050784.1	MPF_F	IncHI2;IncHI2A;IncN	280	0	0	GA	0															not_admitted	not_admitted	not_admitted	not_admitted	not_admitted	not_admitted	not_admitted	not_admitted	not_admitted	not_admitted	1	27;31208;32266;+;276.9			11;8955;11636;+;168.0		7;5270;6625;+;80.7	11;8955;11636;+;72.2	4;2758;3546;+;74.8	25;29555;31066;+;62.0	28;32285;35473;+;57.3		10;7996;8946;+;46.1		C	6/9	split_2	29527	0	1	
NZ_CP050807.1	MPF_T	-	48	0	0	GA	1				6;4411;6429;+;21.9									11;10456;11967;+;461.4		none	none	D	2/7	uncallable	0	0	unscoreable	4	0	0														not_admitted	not_admitted	not_admitted	not_admitted	not_admitted	not_admitted	not_admitted
NZ_CP050832.1	MPF_F	IncC	181	0	0	GA	0															not_admitted	not_admitted	not_admitted	not_admitted	not_admitted	not_admitted	not_admitted	not_admitted	not_admitted	not_admitted	1	70;53733;54740;-;332.9	170;141704;143137;+;339.2	169;140674;141702;+;221.7	75;57492;59939;-;354.2	171;143150;146764;+;375.3	84;71934;73250;-;135.0	75;57492;59939;-;128.6	86;74148;74774;-;92.1	72;55405;56670;-;67.6	69;50717;53617;-;145.1	95;78584;80449;-;47.4	83;71359;71937;-;100.2	95;78584;80449;-;52.0	A	9/9	split_2	92433	0	1	
NZ_CP050856.1	-	-	56	0	0	GA	1	9;9488;10165;-;43.8		7;8810;9178;-;41.4	6;7303;8853;-;69.0											none	none	D	1/7	uncallable	0	0	unscoreable	1	0	0														not_admitted	not_admitted	not_admitted	not_admitted	not_admitted	not_admitted	not_admitted
NZ_CP050909.1	MPF_F	-	94	0	0	GA	0															not_admitted	not_admitted	not_admitted	not_admitted	not_admitted	not_admitted	not_admitted	not_admitted	not_admitted	not_admitted	1	81;56051;57094;+;369.0	86;61077;62504;+;325.8	84;59863;60675;+;219.1	77;51763;54489;+;164.6	87;62520;65522;+;208.7	73;48765;50081;+;102.7	77;51763;54489;+;108.5	71;47474;48052;+;84.2	82;57109;57816;+;107.6	83;57813;59870;+;90.4	52;33099;35258;+;381.3	76;51109;51753;+;41.9	52;33099;35258;+;89.7	A	9/9	contiguous	29421	1	1	65594..66112+;172;unnamed;0
NZ_CP050912.1	MPF_F	-	94	0	0	GA	0															not_admitted	not_admitted	not_admitted	not_admitted	not_admitted	not_admitted	not_admitted	not_admitted	not_admitted	not_admitted	1	81;56051;57094;+;369.0	86;61077;62504;+;325.8	84;59863;60675;+;219.1	77;51763;54489;+;164.6	87;62520;65522;+;208.7	73;48765;50081;+;102.7	77;51763;54489;+;108.5	71;47474;48052;+;84.2	82;57109;57816;+;107.6	83;57813;59870;+;90.4	52;33099;35258;+;381.3	76;51109;51753;+;41.9	52;33099;35258;+;89.7	A	9/9	contiguous	29421	1	1	65594..66112+;172;unnamed;0
NZ_CP050915.1	MPF_F	-	113	0	0	GA	0															not_admitted	not_admitted	not_admitted	not_admitted	not_admitted	not_admitted	not_admitted	not_admitted	not_admitted	not_admitted	1	100;76884;77927;+;369.2	105;81906;83333;+;325.8	103;80696;81508;+;219.1	96;72596;75322;+;164.6	106;83349;86351;+;208.7	92;69598;70914;+;102.7	96;72596;75322;+;108.4	90;68307;68885;+;82.6	101;77942;78649;+;107.6	102;78646;80703;+;92.2	72;55587;57746;+;381.4	95;71942;72586;+;41.9	72;55587;57746;+;89.7	A	9/9	contiguous	27762	1	1	86423..86941+;172;unnamed;0
NZ_CP050917.1	MPF_F	-	94	0	0	GA	0															not_admitted	not_admitted	not_admitted	not_admitted	not_admitted	not_admitted	not_admitted	not_admitted	not_admitted	not_admitted	1	81;56051;57094;+;369.0	86;61077;62504;+;325.8	84;59863;60675;+;219.1	77;51763;54489;+;164.6	87;62520;65522;+;208.7	73;48765;50081;+;102.7	77;51763;54489;+;108.5	71;47474;48052;+;84.2	82;57109;57816;+;107.6	83;57813;59870;+;90.4	52;33099;35258;+;381.3	76;51109;51753;+;41.9	52;33099;35258;+;89.7	A	9/9	contiguous	29421	1	1	65594..66112+;172;unnamed;0
NZ_CP050931.1	MPF_T	-	46	0	0	GA	1		14;12829;13212;-;70.3		12;9946;12510;-;93.3	12;9946;12510;-;98.1	7;5721;6497;-;67.8	6;3879;5507;-;103.7		11;9239;9946;-;142.4	10;8360;9226;-;180.2	8;6510;7949;-;216.1	15;13314;14324;-;132.2	30;25059;26948;+;445.1		conjscan	conjscan_only	A	7/7	canonical	1	0	unscoreable	3	0	0														not_admitted	not_admitted	not_admitted	not_admitted	not_admitted	not_admitted	not_admitted
NZ_CP050997.1	MPF_F	IncFII(pRSB107)	75	0	0	GA	0															not_admitted	not_admitted	not_admitted	not_admitted	not_admitted	not_admitted	not_admitted	not_admitted	not_admitted	not_admitted	1	23;17168;18160;+;369.5	34;23895;25268;+;386.6	28;21224;21967;+;234.4	19;13530;16160;+;300.9	35;25265;28090;+;385.4	9;7222;8649;+;93.9	19;13530;16160;+;101.1	7;5941;6507;+;182.3	25;18504;19142;+;70.7	26;19139;20947;+;267.1	39;30332;32566;+;392.0	13;9770;10318;+;73.4	39;30332;32566;+;70.3	A	9/9	contiguous	24391	1	1	28087..28596+;169;unnamed;0
NZ_CP051135.1	MPF_F	IncHI2;IncHI2A	311	0	0	GA	0															not_admitted	not_admitted	not_admitted	not_admitted	not_admitted	not_admitted	not_admitted	not_admitted	not_admitted	not_admitted	1	115;102653;103711;+;276.9	301;266534;267949;-;194.1	302;267939;268985;-;173.7	97;79334;82015;+;168.0	300;264309;266525;-;105.4	93;75649;77004;+;80.7	97;79334;82015;+;72.2	90;73137;73925;+;74.8	113;101000;102511;+;62.7	116;103730;106918;+;58.3	308;276026;278110;+;56.7	96;78375;79325;+;46.4	308;276026;278110;+;38.8	A	9/9	split_3	202889	1	1	262577..264343-;588;unnamed;0
NZ_CP051184.1	-	-	59	0	0	GA	0															not_admitted	not_admitted	not_admitted	not_admitted	not_admitted	not_admitted	not_admitted	not_admitted	not_admitted	not_admitted	1	24;19165;20169;+;338.2	28;23560;24987;+;244.0	27;22785;23558;+;192.6	20;15179;17728;+;252.6	29;24992;28108;+;259.7	18;13543;14790;+;94.2	20;15179;17728;+;107.0	16;12262;12846;+;134.4	25;20154;20879;+;54.3	26;20861;22783;+;153.2	9;6500;8584;-;34.5	19;14783;15178;+;47.6	9;6500;8584;-;28.4	A	9/9	contiguous	18492	1	1	28112..28438+;108;unnamed;0
NZ_CP051210.1	-	-	66	0	0	GA	1	51;51576;52241;-;105.0	3;2249;2524;+;64.8	4;2529;2864;+;45.4	5;2879;5368;+;60.3	5;2879;5368;+;102.2	7;5778;6557;+;37.9	9;6723;8000;+;100.7		10;8056;8760;+;142.7	11;8789;9814;+;169.2	13;10233;11741;+;225.2	2;1183;2133;+;123.7	54;53051;54835;-;318.6		conjscan	both	A	7/7	canonical	1	0	unscoreable	5	0	0														not_admitted	not_admitted	not_admitted	not_admitted	not_admitted	not_admitted	not_admitted
NZ_CP051220.1	MPF_F	IncFII(pHN7A8)	127	0	0	GA	0															not_admitted	not_admitted	not_admitted	not_admitted	not_admitted	not_admitted	not_admitted	not_admitted	not_admitted	not_admitted	1	104;83499;84491;+;369.3	115;90210;91583;+;380.9	108;87262;88005;+;233.6	101;79863;82490;+;305.4	116;91580;94405;+;385.7	94;76277;77704;+;90.9	101;79863;82490;+;98.5	92;74996;75562;+;183.8	105;84500;85138;+;68.3	106;85135;86985;+;265.2	119;95909;98062;+;390.6	98;78832;79347;+;78.4	119;95909;98062;+;70.4	A	9/9	contiguous	20913	1	1	94402..94911+;169;unnamed;0
NZ_CP051221.1	MPF_T	IncX3	58	0	0	GA	1	47;35741;36385;+;46.4	48;36369;36659;+;73.1	49;36684;39437;+;47.0	49;36684;39437;+;142.4	49;36684;39437;+;73.3	50;39447;40217;+;60.1	52;40496;41551;+;133.2		53;41746;42474;+;119.4	54;42480;43409;+;138.8	55;43406;44620;+;128.3	57;44816;45850;+;66.0	0;460;1527;+;328.0		pfam	pfam_only	A	7/7	canonical	1	1	unscoreable	2	0	0														not_admitted	not_admitted	not_admitted	not_admitted	not_admitted	not_admitted	not_admitted
NZ_CP051225.1	MPF_T	-	46	0	0	GA	1		11;8499;8882;+;68.3	12;8885;9211;+;50.2	13;9208;11751;+;99.2	13;9208;11751;+;108.9	18;15218;15988;+;107.5	20;16128;17723;+;120.2		14;11748;12455;+;88.1	15;12471;13361;+;156.2	17;13811;15205;+;218.2	10;7429;8385;+;133.6	35;30933;32876;-;443.4		conjscan	conjscan_only	A	7/7	canonical	1	0	unscoreable	3	0	0														not_admitted	not_admitted	not_admitted	not_admitted	not_admitted	not_admitted	not_admitted
NZ_CP051226.1	MPF_T	IncI2	75	0	0	GA	1	36;32049;32531;-;81.1		51;48127;48411;-;36.6	50;45764;48121;-;58.5	50;45764;48121;-;42.8	63;53864;54505;-;42.8	64;54511;55506;-;128.5		48;44864;45598;-;144.3	47;44097;44867;-;170.5	46;42968;44107;-;154.7	39;34299;35837;-;207.1	44;39920;41878;-;289.6		pfam	pfam_only	A	7/7	rearranged	1	0	unscoreable	17	1	0														not_admitted	not_admitted	not_admitted	not_admitted	not_admitted	not_admitted	not_admitted
NZ_CP051268.1	MPF_F	IncFIB(S);IncFII(S);IncFII(pAR0022)	117	0	0	GA	0															not_admitted	not_admitted	not_admitted	not_admitted	not_admitted	not_admitted	not_admitted	not_admitted	not_admitted	not_admitted	1	73;51857;52849;+;366.7	82;58097;59479;+;392.4	79;56316;57065;+;231.0	70;48222;50870;+;314.1	83;59476;62298;+;394.4	62;44268;45689;+;91.5	70;48222;50870;+;97.8	60;42975;43541;+;188.1	75;53161;53799;+;70.6	77;54252;56078;+;268.1	86;63950;66112;+;374.1	65;46495;47010;+;96.7	86;63950;66112;+;72.1	A	9/9	contiguous	20975	1	1	62320..62832+;170;TraS;0
NZ_CP051271.1	MPF_F	IncHI2;IncHI2A	289	0	0	GA	0															not_admitted	not_admitted	not_admitted	not_admitted	not_admitted	not_admitted	not_admitted	not_admitted	not_admitted	not_admitted	1	166;148228;149286;+;276.9	37;29748;31163;-;194.1	38;31153;32199;-;173.7	149;125974;128655;+;168.0	36;25789;29739;-;101.6	145;122289;123644;+;80.7	149;125974;128655;+;72.2	142;119777;120565;+;74.8	164;146575;148086;+;62.7	167;149305;152493;+;58.3	44;39240;41324;+;56.7	148;125015;125965;+;46.4	44;39240;41324;+;38.8	A	9/9	split_3	123516	0	1	
NZ_CP051274.1	MPF_F	IncHI2;IncHI2A	328	0	0	GA	0															not_admitted	not_admitted	not_admitted	not_admitted	not_admitted	not_admitted	not_admitted	not_admitted	not_admitted	not_admitted	1	203;164831;165889;+;276.9	58;46360;47775;-;194.1	59;47765;48811;-;173.7	184;142578;145259;+;168.0	56;44952;46130;-;72.1	179;138895;140238;+;71.7	184;142578;145259;+;72.2	175;136659;137171;+;71.5	201;163640;164689;+;62.5	205;166863;169097;+;57.2	67;55850;57934;+;51.9	183;141619;142569;+;46.4	67;55850;57934;+;38.3	A	9/9	split_3	121911	1	1	42403..44907-;834;unnamed;0
NZ_CP051277.1	MPF_F	IncFIB(S);IncFII(S);IncFII(pAR0022)	118	0	0	GA	0															not_admitted	not_admitted	not_admitted	not_admitted	not_admitted	not_admitted	not_admitted	not_admitted	not_admitted	not_admitted	1	66;54938;55930;-;366.7	57;48308;49690;-;392.4	60;50722;51471;-;231.0	69;56917;59565;-;314.1	56;47319;48311;-;280.2	77;62098;63519;-;91.5	69;56917;59565;-;97.8	79;64246;64812;-;188.1	64;53988;54626;-;70.6	62;51709;53535;-;268.1	52;42485;44647;-;374.1	74;60777;61292;-;96.7	52;42485;44647;-;72.1	A	9/9	contiguous	21761	1	1	46301..47212-;303;unnamed;0
NZ_CP051281.1	MPF_F	IncFIB(S);IncFII(S);IncFII(pAR0022)	122	0	0	GA	0															not_admitted	not_admitted	not_admitted	not_admitted	not_admitted	not_admitted	not_admitted	not_admitted	not_admitted	not_admitted	1	106;84750;85742;+;366.7	115;90990;92372;+;392.4	112;89209;89958;+;231.0	103;81115;83763;+;314.1	116;92369;95191;+;394.4	95;77161;78582;+;91.5	103;81115;83763;+;97.8	93;75868;76434;+;188.1	108;86054;86692;+;70.6	110;87145;88971;+;268.1	119;96845;99007;+;374.1	98;79388;79903;+;96.7	119;96845;99007;+;72.1	A	9/9	contiguous	20977	1	1	95213..95701+;162;TraS;0
NZ_CP051287.1	MPF_F	IncFIB(S);IncFII(S);IncFII(pAR0022)	116	0	0	GA	0															not_admitted	not_admitted	not_admitted	not_admitted	not_admitted	not_admitted	not_admitted	not_admitted	not_admitted	not_admitted	1	36;31578;32570;-;365.6	27;24948;26330;-;392.4	30;27362;28111;-;231.0	39;33557;36205;-;314.1	26;22129;24951;-;394.4	47;38738;40159;-;91.5	39;33557;36205;-;97.8	49;40886;41452;-;188.1	34;30628;31266;-;70.6	32;28349;30175;-;268.1	23;18313;20475;-;374.1	44;37417;37932;-;96.7	23;18313;20475;-;72.1	A	9/9	contiguous	22573	1	1	21619..22107-;162;TraS;0
NZ_CP051294.1	MPF_T	-	353	0	0	GA	1	106;108664;109521;-;80.2	105;108343;108651;-;76.2	104;108029;108337;-;63.8	103;105616;107982;-;111.4	103;105616;107982;-;97.1	101;103995;104708;-;29.9	99;102698;103768;-;142.2		98;101953;102684;-;185.2	97;101120;101956;-;182.6	96;99799;101136;-;211.5	95;98787;99833;-;114.9	94;96485;98809;-;283.2		pfam	pfam_only	A	7/7	canonical	1	0	unscoreable	3	0	0														not_admitted	not_admitted	not_admitted	not_admitted	not_admitted	not_admitted	not_admitted
NZ_CP051308.1	MPF_F	IncC	184	0	0	GA	0															not_admitted	not_admitted	not_admitted	not_admitted	not_admitted	not_admitted	not_admitted	not_admitted	not_admitted	not_admitted	1	156;131310;132317;+;332.9	73;58644;60077;-;339.2	74;60079;61107;-;221.7	151;126111;128558;+;354.2	72;55017;58631;-;375.3	142;112800;114116;+;135.0	151;126111;128558;+;128.6	140;111276;111902;+;92.1	154;129380;130645;+;67.6	157;132433;135228;+;145.3	131;105601;107466;+;47.4	143;114113;114691;+;100.2	131;105601;107466;+;52.0	A	9/9	split_2	77416	0	1	
NZ_CP051309.1	MPF_T	IncFII(29);IncFII(p96A)	55	0	0	GA	1	46;41472;41954;+;89.1	20;16397;16750;+;32.6	21;16750;17121;+;35.8	22;17078;19570;+;62.7		24;21119;21796;+;51.4	26;22285;23229;+;115.7		27;23385;24236;+;100.4	28;24233;25048;+;160.4	29;25045;26385;+;132.8	39;34854;36416;+;195.5	33;28160;29779;+;236.8		pfam	pfam_only	A	7/7	canonical	1	0	unscoreable	14	0	0														not_admitted	not_admitted	not_admitted	not_admitted	not_admitted	not_admitted	not_admitted
NZ_CP051311.1	MPF_F	IncHI2;IncHI2A	248	0	0	GA	0															not_admitted	not_admitted	not_admitted	not_admitted	not_admitted	not_admitted	not_admitted	not_admitted	not_admitted	not_admitted	1	195;177434;178492;-;276.9	50;40246;41661;+;194.1	49;39210;40256;+;174.1	212;200019;202700;-;168.0	51;41670;45623;+;101.6	216;205030;205572;-;60.7	212;200019;202700;-;72.2	222;210068;210856;-;74.8	197;178634;180145;-;62.0	194;174227;177415;-;57.3	42;30086;32170;-;56.8	213;202709;203659;-;46.1	42;30086;32170;-;38.8	A	9/9	split_3	179982	1	1	45804..47093+;429;unnamed;0
NZ_CP051316.1	MPF_F	IncC	201	0	0	GA	0															not_admitted	not_admitted	not_admitted	not_admitted	not_admitted	not_admitted	not_admitted	not_admitted	not_admitted	not_admitted	1	103;78709;79716;+;332.9	198;164385;165818;+;339.2	197;163355;164383;+;221.7	98;73510;75957;+;354.2	199;165831;169445;+;375.3	89;60199;61515;+;135.0	98;73510;75957;+;128.6	87;58675;59301;+;92.1	101;76779;78044;+;67.6	104;79832;82627;+;145.3	78;53000;54865;+;47.5	90;61512;62090;+;100.2	78;53000;54865;+;52.0	A	9/9	split_2	112831	0	1	
NZ_CP051319.1	MPF_F	IncC	197	0	0	GA	0															not_admitted	not_admitted	not_admitted	not_admitted	not_admitted	not_admitted	not_admitted	not_admitted	not_admitted	not_admitted	1	0;25;1008;+;333.0	84;74000;75433;+;339.2	83;72970;73998;+;221.7	193;165616;168063;+;354.2	85;75446;79060;+;375.3	177;140674;141990;+;135.0	193;165616;168063;+;128.6	175;139150;139776;+;92.1	196;168885;170150;+;67.6	1;1124;3919;+;145.3	166;133475;135340;+;47.4	178;141987;142565;+;100.2	166;133475;135340;+;52.0	A	9/9	split_4	168860	0	1	
NZ_CP051322.1	MPF_F	IncHI2;IncHI2A	302	0	0	GA	0															not_admitted	not_admitted	not_admitted	not_admitted	not_admitted	not_admitted	not_admitted	not_admitted	not_admitted	not_admitted	1	272;246211;247269;-;276.9	101;85913;87328;+;194.1	100;84877;85923;+;173.7	290;266841;269522;-;168.0	102;87337;91287;+;101.6	294;271852;273207;-;80.7	290;266841;269522;-;72.2	297;274931;275719;-;74.8	274;247411;248922;-;62.7	271;243004;246192;-;58.3	93;75754;77838;-;56.7	291;269531;270481;-;46.4	93;75754;77838;-;38.8	A	9/9	split_2	199177	0	1	
NZ_CP051327.1	MPF_T	IncI2	71	0	0	GA	1	58;42213;42695;+;81.1		43;26332;26616;+;36.6	44;26622;28979;+;58.5	44;26622;28979;+;44.9	33;20768;21409;+;42.8	32;19767;20762;+;128.5		46;29145;29879;+;144.4	47;29876;30646;+;170.5	48;30636;31775;+;154.7	55;38906;40444;+;208.0	50;32865;34823;+;289.6		pfam	pfam_only	A	7/7	rearranged	1	0	unscoreable	15	1	0														not_admitted	not_admitted	not_admitted	not_admitted	not_admitted	not_admitted	not_admitted
NZ_CP051332.1	MPF_F	IncHI2;IncHI2A	355	0	0	GA	0															not_admitted	not_admitted	not_admitted	not_admitted	not_admitted	not_admitted	not_admitted	not_admitted	not_admitted	not_admitted	1	29;33804;34862;+;276.9	164;155235;156650;+;194.1	163;154199;155245;+;174.4	12;9594;12275;+;168.0	165;156659;160612;+;101.6	227;212429;213589;+;156.3	12;9594;12275;+;72.2	5;3397;4185;+;74.8	27;32151;33662;+;62.0	30;34881;38069;+;57.3	156;145073;147157;-;56.8	11;8635;9585;+;46.1	156;145073;147157;-;38.8	A	9/9	split_4	209032	1	1	160793..162082+;429;unnamed;0
NZ_CP051334.1	MPF_T	IncFII(29);IncFII(p96A)	56	0	0	GA	1	44;37345;37827;+;89.1	18;12270;12623;+;32.6	19;12623;12994;+;35.8	20;12951;15443;+;62.7		22;16992;17669;+;51.4	24;18158;19102;+;115.7		25;19258;20109;+;100.4	26;20106;20921;+;160.4	27;20918;22258;+;132.8	37;30727;32289;+;195.5	31;24033;25652;+;236.8		pfam	pfam_only	A	7/7	canonical	1	0	unscoreable	14	0	0														not_admitted	not_admitted	not_admitted	not_admitted	not_admitted	not_admitted	not_admitted
NZ_CP051335.1	MPF_F	IncFIA;IncFIB(AP001918);IncFII(pCoo)	181	0	0	GA	0															not_admitted	not_admitted	not_admitted	not_admitted	not_admitted	not_admitted	not_admitted	not_admitted	not_admitted	not_admitted	1	42;35082;36074;+;372.1	53;41760;43133;+;378.0	46;38803;39546;+;235.0	39;31446;34073;+;303.5	54;43130;45952;+;388.9	34;27866;29317;+;94.6	39;31446;34073;+;100.3	32;26585;27151;+;183.8	43;36083;36721;+;68.5	44;36718;38526;+;268.3	57;47481;49634;+;391.9	38;30415;30930;+;77.7	57;47481;49634;+;70.4	A	9/9	contiguous	20896	1	1	45974..46465+;163;TraS;0
NZ_CP051345.1	MPF_F	IncHI2;IncHI2A	302	0	0	GA	0															not_admitted	not_admitted	not_admitted	not_admitted	not_admitted	not_admitted	not_admitted	not_admitted	not_admitted	not_admitted	1	259;233202;234260;+;276.9	127;112405;113820;-;194.1	128;113810;114856;-;173.7	242;210948;213629;+;168.0	126;108446;112396;-;101.6	238;207263;208618;+;80.7	242;210948;213629;+;72.2	235;204751;205539;+;74.8	257;231549;233060;+;62.7	260;234279;237467;+;58.3	135;122963;125047;+;56.7	241;209989;210939;+;46.4	135;122963;125047;+;38.8	A	9/9	split_3	125833	0	1	
NZ_CP051347.1	MPF_F	IncFIB(AP001918);IncFII	147	0	0	GA	0															not_admitted	not_admitted	not_admitted	not_admitted	not_admitted	not_admitted	not_admitted	not_admitted	not_admitted	not_admitted	1	31;32754;33746;-;369.3	22;26319;27695;-;381.0	27;29282;30025;-;230.0	34;34755;37382;-;306.5	21;23500;26322;-;387.5	41;39437;40864;-;94.3	34;34755;37382;-;98.5	43;41579;42145;-;183.3	30;32107;32745;-;66.7	29;30302;32110;-;267.9	18;19760;21967;-;391.7	37;37898;38413;-;77.3	18;19760;21967;-;70.3	A	9/9	contiguous	21819	1	1	22982..23479-;165;TraS;0
NZ_CP051357.1	MPF_F	IncC	193	0	0	GA	0															not_admitted	not_admitted	not_admitted	not_admitted	not_admitted	not_admitted	not_admitted	not_admitted	not_admitted	not_admitted	1	23;23292;24299;+;332.9	109;99616;101049;+;339.2	108;98586;99614;+;221.7	18;18093;20540;+;354.2	110;101062;104676;+;375.3	9;4783;6099;+;135.0	18;18093;20540;+;128.6	7;3259;3885;+;92.1	21;21362;22627;+;67.6	24;24415;27210;+;145.3	191;159204;161069;+;47.4	10;6096;6674;+;100.2	191;159204;161069;+;52.0	A	9/9	split_3	155945	0	1	
NZ_CP051359.1	MPF_F	IncHI2;IncHI2A	240	0	0	GA	0															not_admitted	not_admitted	not_admitted	not_admitted	not_admitted	not_admitted	not_admitted	not_admitted	not_admitted	not_admitted	1	139;132831;133889;-;276.9	239;233113;234528;+;194.1	238;232077;233123;+;174.1	156;155417;158098;-;168.0	0;1;3954;+;101.6	160;160428;161783;-;80.7	156;155417;158098;-;72.2	163;163507;164295;-;74.8	141;134031;135542;-;62.0	138;129624;132812;-;57.3	231;222953;225037;-;56.8	157;158107;159057;-;46.1	231;222953;225037;-;38.8	A	9/9	split_4	233112	1	1	4135..5424+;429;unnamed;0
NZ_CP051360.1	MPF_F	IncC	202	0	0	GA	0															not_admitted	not_admitted	not_admitted	not_admitted	not_admitted	not_admitted	not_admitted	not_admitted	not_admitted	not_admitted	1	194;159185;160192;+;332.9	91;78284;79717;+;339.2	90;77254;78282;+;221.7	189;153986;156433;+;354.2	92;79730;83344;+;375.3	180;140675;141991;+;135.0	189;153986;156433;+;128.6	178;139151;139777;+;92.1	192;157255;158520;+;67.6	195;160308;163103;+;145.3	169;133476;135341;+;47.4	181;141988;142566;+;100.2	169;133476;135341;+;52.0	A	9/9	split_2	83054	0	1	
NZ_CP051364.1	MPF_F	IncFIB(S);IncFII(S);IncFII(pAR0022)	130	0	0	GA	0															not_admitted	not_admitted	not_admitted	not_admitted	not_admitted	not_admitted	not_admitted	not_admitted	not_admitted	not_admitted	1	40;27304;28296;+;366.7	49;33544;34926;+;392.4	46;31763;32512;+;231.0	37;23669;26317;+;314.1	50;34923;37745;+;394.4	29;19715;21136;+;91.5	37;23669;26317;+;97.8	27;18422;18988;+;188.1	42;28608;29246;+;70.6	44;29699;31525;+;271.0	53;39399;41660;+;371.4	32;21942;22457;+;96.7	53;39399;41660;+;69.6	A	9/9	contiguous	20977	1	1	37767..38255+;162;TraS;0
NZ_CP051369.1	MPF_F	IncFIB(pB171);IncFII(Yp)	151	0	0	GA	0															not_admitted	not_admitted	not_admitted	not_admitted	not_admitted	not_admitted	not_admitted	not_admitted	not_admitted	not_admitted	1	10;7962;8948;+;356.5	15;12816;14177;+;332.6	13;11404;12180;+;198.7	7;4293;6884;+;217.1	16;14179;17076;+;285.1	2;1281;2642;+;81.8	7;4293;6884;+;88.4	0;1;564;+;144.1	11;8967;9581;+;80.9	12;9578;11407;+;253.0	19;18709;20949;+;374.4	6;3704;4282;+;43.9	19;18709;20949;+;66.8	A	9/9	contiguous	18708	1	1	17088..17648+;186;unnamed;0
NZ_CP051373.1	MPF_F	IncC	144	0	0	GA	0															not_admitted	not_admitted	not_admitted	not_admitted	not_admitted	not_admitted	not_admitted	not_admitted	not_admitted	not_admitted	1		104;82350;83783;-;339.2	105;83785;84813;-;221.7	136;110067;112514;-;354.2	103;78723;82337;-;375.3	11;15793;17109;-;135.0	136;110067;112514;-;128.6	13;18007;18633;-;92.1			22;22443;24308;-;47.4	10;15218;15796;-;100.2	22;22443;24308;-;52.0	C	6/9	split_3	94849	0	0	
NZ_CP051377.1	MPF_F	IncFIB(S);IncFII(S);IncFII(pAR0022)	116	0	0	GA	0															not_admitted	not_admitted	not_admitted	not_admitted	not_admitted	not_admitted	not_admitted	not_admitted	not_admitted	not_admitted	1	37;24622;25614;+;366.7	46;30862;32244;+;392.4	43;29081;29830;+;231.0	34;20987;23635;+;314.1	47;32241;35063;+;394.4	26;17033;18454;+;91.5	34;20987;23635;+;97.8	24;15740;16306;+;188.1	39;25926;26564;+;70.6	41;27017;28843;+;271.0	50;36717;38978;+;371.4	29;19260;19775;+;96.7	50;36717;38978;+;69.6	A	9/9	contiguous	20977	1	1	35085..35573+;162;TraS;0
NZ_CP051379.1	MPF_F	IncFIA(HI1);IncHI1A;IncHI1B(R27);IncQ1	252	0	0	GA	0															not_admitted	not_admitted	not_admitted	not_admitted	not_admitted	not_admitted	not_admitted	not_admitted	not_admitted	not_admitted	1	54;56176;57228;+;277.6	203;188148;189563;-;201.7	204;189553;190599;-;171.3	37;34104;36785;+;160.9	202;184150;188139;-;103.1	33;30398;31756;+;84.0	37;34104;36785;+;76.5	30;27946;28731;+;68.7	52;54523;56031;+;65.6	55;57251;60427;+;58.9	210;197534;199618;+;50.2	36;33145;34095;+;45.2	210;197534;199618;+;36.5	A	9/9	split_3	169588	0	1	
NZ_CP051382.1	MPF_F	IncHI2;IncHI2A	239	0	0	GA	0															not_admitted	not_admitted	not_admitted	not_admitted	not_admitted	not_admitted	not_admitted	not_admitted	not_admitted	not_admitted	1	196;190675;191733;+;276.9	132;124883;126298;+;194.1	131;123847;124893;+;174.1	179;166465;169146;+;168.0	133;126307;130260;+;101.6	175;162780;164135;+;80.7	179;166465;169146;+;71.4	172;160268;161056;+;74.8	194;189022;190533;+;62.0	197;191752;194940;+;57.3	124;114723;116807;-;56.8	178;165506;166456;+;46.1	124;114723;116807;-;38.8	A	9/9	split_3	77029	1	1	130441..131730+;429;unnamed;0
NZ_CP051387.1	MPF_F	IncC	156	0	0	GA	0															not_admitted	not_admitted	not_admitted	not_admitted	not_admitted	not_admitted	not_admitted	not_admitted	not_admitted	not_admitted	1		44;39454;40887;+;339.2	43;38424;39452;+;221.7	2;1402;2109;+;192.9	45;40900;44514;+;375.3	6;4318;5634;-;135.0		138;106265;106891;+;92.1			129;100590;102455;+;47.4	5;3743;4321;-;100.2	129;100590;102455;+;52.0	C	6/9	split_3	104863	0	0	
NZ_CP051388.1	MPF_F	IncFIA;IncFIB(AP001918);IncFII(pCoo)	135	0	0	GA	0															not_admitted	not_admitted	not_admitted	not_admitted	not_admitted	not_admitted	not_admitted	not_admitted	not_admitted	not_admitted	1	117;105153;106145;+;372.1	128;111831;113204;+;378.0	121;108874;109617;+;235.0	114;101517;104144;+;303.5	129;113201;116023;+;388.9	109;97937;99388;+;94.6	114;101517;104144;+;100.3	107;96656;97222;+;183.8	118;106154;106792;+;68.5	119;106789;108597;+;268.3	132;117552;119705;+;391.9	113;100486;101001;+;77.7	132;117552;119705;+;70.4	A	9/9	contiguous	20896	1	1	116045..116536+;163;TraS;0
NZ_CP051392.1	MPF_F	IncHI2;IncHI2A	306	0	0	GA	0															not_admitted	not_admitted	not_admitted	not_admitted	not_admitted	not_admitted	not_admitted	not_admitted	not_admitted	not_admitted	1	250;226474;227532;+;276.9	117;104696;106111;-;194.1	118;106101;107147;-;173.7	231;202882;203634;+;81.7	116;100737;104687;-;101.6	227;199197;200552;+;80.7	233;205012;206901;+;74.2	224;196685;197473;+;74.8	248;224821;226332;+;62.7	251;227551;230739;+;58.3	124;114188;116272;+;56.7	230;201923;202873;+;46.4	124;114188;116272;+;38.8	A	9/9	split_2	126814	0	1	
NZ_CP051393.1	MPF_T	IncX1	63	0	0	GA	1	61;50551;51198;+;45.2	62;51176;51472;+;77.5	0;1;2754;+;46.6	0;1;2754;+;148.0	0;1;2754;+;75.3	1;2765;3523;+;67.3	3;3761;4894;+;106.4		4;5140;5853;+;119.7	5;5858;6787;+;134.1	6;6784;7989;+;132.5	7;7991;9022;+;76.6	8;9025;10860;+;490.8		pfam	pfam_only	A	7/7	canonical	1	1	unscoreable	1	0	0														not_admitted	not_admitted	not_admitted	not_admitted	not_admitted	not_admitted	not_admitted
NZ_CP051395.1	MPF_F	IncC	187	0	0	GA	0															not_admitted	not_admitted	not_admitted	not_admitted	not_admitted	not_admitted	not_admitted	not_admitted	not_admitted	not_admitted	1	76;63895;64902;+;332.9	160;138089;139522;+;339.2	159;137059;138087;+;221.7	71;58696;61143;+;354.2	161;139535;143149;+;375.3	62;45385;46701;+;135.0	71;58696;61143;+;128.6	60;43861;44487;+;92.1	74;61965;63230;+;67.6	77;65018;67813;+;145.3	51;38186;40051;+;47.4	63;46698;47276;+;100.2	51;38186;40051;+;52.0	A	9/9	split_2	101349	0	1	
NZ_CP051397.1	MPF_F	IncC	233	0	0	GA	0															not_admitted	not_admitted	not_admitted	not_admitted	not_admitted	not_admitted	not_admitted	not_admitted	not_admitted	not_admitted	1	29;32853;33860;+;332.9	9;8899;10332;-;339.2	10;10334;11374;-;221.6	24;27654;30101;+;354.2	8;5272;8886;-;375.3	148;133715;135031;-;135.0	24;27654;30101;+;128.6	150;135929;136555;-;92.1	27;30923;32188;+;67.6	30;33976;36771;+;145.3	159;140365;142230;-;47.4	147;133269;133718;-;63.8	159;140365;142230;-;52.0	A	9/9	split_2	135093	0	1	
NZ_CP051400.1	MPF_F	IncC	222	0	0	GA	0															not_admitted	not_admitted	not_admitted	not_admitted	not_admitted	not_admitted	not_admitted	not_admitted	not_admitted	not_admitted	1	21;22159;23166;+;332.9	197;160819;162252;-;339.2	198;162254;163294;-;221.6	16;16960;19407;+;354.2	196;157192;160806;-;375.3		16;16960;19407;+;128.6		19;20229;21494;+;67.6	22;23282;26077;+;145.3	113;101075;102940;-;47.4		113;101075;102940;-;52.0	C	7/9	split_3	145294	0	1	
NZ_CP051406.1	MPF_F	IncFIB(S);IncFII(S);IncFII(pAR0022)	122	0	0	GA	0															not_admitted	not_admitted	not_admitted	not_admitted	not_admitted	not_admitted	not_admitted	not_admitted	not_admitted	not_admitted	1	32;21283;22275;+;366.7	41;27523;28905;+;392.4	38;25742;26491;+;231.0	29;17648;20296;+;314.1	42;28902;31724;+;394.4	21;13694;15115;+;91.5	29;17648;20296;+;97.8	19;12401;12967;+;188.1	34;22587;23225;+;70.6	36;23678;25504;+;271.0	45;33378;35540;+;374.1	24;15921;16436;+;96.7	45;33378;35540;+;72.1	A	9/9	contiguous	20977	1	1	31746..32234+;162;TraS;0
NZ_CP051412.1	MPF_F	IncHI2;IncHI2A	236	0	0	GA	0															not_admitted	not_admitted	not_admitted	not_admitted	not_admitted	not_admitted	not_admitted	not_admitted	not_admitted	not_admitted	1	180;179408;180466;+;276.9	80;78768;80183;-;194.1	81;80173;81219;-;174.1	163;155198;157879;+;168.0	79;74806;78759;-;101.6	159;151513;152868;+;80.7	163;155198;157879;+;72.2	156;149001;149789;+;74.8	178;177755;179266;+;62.0	181;180485;183673;+;57.3	88;88259;90343;+;56.8	162;154239;155189;+;46.1	88;88259;90343;+;38.8	A	9/9	split_3	105679	1	1	73336..74625-;429;unnamed;0
NZ_CP051424.1	MPF_T	IncI2(Delta)	75	0	0	GA	1	35;27790;28272;+;81.1	20;11981;12271;+;28.9	21;12378;12662;+;34.4	22;12668;15025;+;60.1	22;12668;15025;+;44.0	11;6276;6917;+;43.4	10;5275;6270;+;136.6		24;15191;15925;+;144.4	25;15922;16692;+;170.5	26;16682;17821;+;154.7	32;24483;26021;+;207.1	28;18967;20925;+;287.0		pfam	pfam_only	A	7/7	rearranged	1	0	unscoreable	13	0	0														not_admitted	not_admitted	not_admitted	not_admitted	not_admitted	not_admitted	not_admitted
NZ_CP051426.1	MPF_F	IncC	228	0	0	GA	0															not_admitted	not_admitted	not_admitted	not_admitted	not_admitted	not_admitted	not_admitted	not_admitted	not_admitted	not_admitted	1	95;81493;82500;-;332.9	203;166087;167520;-;339.2	204;167522;168562;-;221.6	100;85252;87699;-;354.2	202;162460;166074;-;375.3	109;99694;101010;-;135.0	100;85252;87699;-;128.6	111;101908;102534;-;92.1	97;83165;84430;-;67.6	94;78582;81377;-;145.3	120;106344;108209;-;47.4	108;99119;99697;-;100.2	120;106344;108209;-;52.0	A	9/9	split_2	88940	0	1	
NZ_CP051431.1	MPF_F	IncHI2;IncHI2A	232	0	0	GA	0															not_admitted	not_admitted	not_admitted	not_admitted	not_admitted	not_admitted	not_admitted	not_admitted	not_admitted	not_admitted	1	30;32896;33954;+;276.9			11;8955;10859;+;169.2		7;5270;6625;+;80.7	14;12506;13324;+;56.8	4;2758;3546;+;74.8	28;31243;32754;+;62.0	31;33973;37080;+;57.9		10;7996;8946;+;46.1		C	6/9	contiguous	31215	0	1	
NZ_CP051432.1	MPF_T	IncX1	58	0	0	GA	1	41;30401;31045;+;47.1	42;31029;31319;+;73.5	43;31343;34102;+;44.8	43;31343;34102;+;133.3	43;31343;34102;+;71.9	44;34104;34841;+;57.5	46;35123;36178;+;131.7		47;36368;37090;+;116.0	48;37096;38025;+;133.3	49;38022;39236;+;128.6	50;39254;40291;+;66.4	51;40296;42131;+;541.0		pfam	pfam_only	A	7/7	canonical	1	1	unscoreable	1	0	0														not_admitted	not_admitted	not_admitted	not_admitted	not_admitted	not_admitted	not_admitted
NZ_CP051433.1	MPF_F	IncFII(pCoo)	114	0	0	GA	0															not_admitted	not_admitted	not_admitted	not_admitted	not_admitted	not_admitted	not_admitted	not_admitted	not_admitted	not_admitted	1	88;70007;70999;+;369.3	100;77397;78770;+;376.8	94;74719;75462;+;233.5	85;66371;68998;+;306.8	101;78767;81589;+;387.6	78;62897;64324;+;94.3	85;66371;68998;+;98.5	76;61616;62182;+;183.8	91;71996;72634;+;68.6	92;72631;74439;+;268.3	105;83861;86059;+;391.7	82;65340;65855;+;78.4	105;83861;86059;+;70.3	A	9/9	contiguous	22245	1	1	81610..82107+;165;TraS;0
NZ_CP051473.1	MPF_F	-	174	0	0	GA	0															not_admitted	not_admitted	not_admitted	not_admitted	not_admitted	not_admitted	not_admitted	not_admitted	not_admitted	not_admitted	1	47;41757;42743;+;383.3	53;47051;48448;+;384.8	51;45954;46787;+;221.0	42;37485;39968;+;306.0	54;48452;51862;+;383.4	40;36425;37063;+;118.5	166;146611;149196;+;110.4	37;34541;35095;+;167.3	48;42704;43456;+;110.4	49;43453;45561;+;268.6	17;15780;18062;+;504.6	41;37060;37488;+;74.5	17;15780;18062;+;92.2	A	9/9	split_2	130831	0	1	
NZ_CP051489.1	MPF_F	-	153	0	0	GA	0															not_admitted	not_admitted	not_admitted	not_admitted	not_admitted	not_admitted	not_admitted	not_admitted	not_admitted	not_admitted	1	95;110680;111678;-;363.4	85;103367;104731;-;364.9	92;107446;108228;-;221.1	103;115093;117735;-;232.0	84;100017;103367;-;299.6	109;119484;120902;-;93.3	103;115093;117735;-;107.0	111;121653;122231;-;83.7	94;110063;110671;-;55.0	93;108225;110066;-;209.1	79;94900;97410;-;363.5	105;117899;118444;-;35.6	79;94900;97410;-;69.6	A	9/9	contiguous	26753	1	1	99310..100011-;233;unnamed;0
NZ_CP051491.1	MPF_F	IncFIB(K);IncFII(pKP91)	251	0	0	GA	0															not_admitted	not_admitted	not_admitted	not_admitted	not_admitted	not_admitted	not_admitted	not_admitted	not_admitted	not_admitted	1	96;82274;83263;-;363.3	85;75088;76455;-;382.2	89;77713;78465;-;233.7	100;84720;87359;-;259.4	84;72239;75088;-;342.9	110;91321;92745;-;89.2	100;84720;87359;-;88.3	112;93472;94038;-;167.9	94;81351;81998;-;65.9	93;79337;81292;-;259.5	80;68145;70427;-;393.3	108;90125;90709;-;53.8	80;68145;70427;-;65.9	A	9/9	contiguous	25327	1	1	71706..72236-;176;unnamed;0
NZ_CP051492.1	MPF_F	IncFII(K);IncQ1;repB(R1701)	314	0	0	GA	0															not_admitted	not_admitted	not_admitted	not_admitted	not_admitted	not_admitted	not_admitted	not_admitted	not_admitted	not_admitted	1	83;62562;63551;-;366.6	73;56245;56826;-;224.5	77;58296;58997;-;233.7	87;64994;67633;-;258.5	71;54034;55686;-;348.5	288;211605;212507;-;77.6	87;64994;67633;-;88.2	292;213655;214308;-;168.6	82;61911;62549;-;66.9	270;200774;201928;-;262.3	66;48080;50386;-;393.1	93;70127;70711;-;53.6	252;189090;190076;-;68.1	A	9/9	split_2	165575	1	1	52842..53447-;201;unnamed;0
NZ_CP051517.1	-	-	156	0	0	GA	1	72;71640;72410;-;37.1		85;82086;82370;-;28.4	83;79367;81886;-;49.4	83;79367;81886;-;58.0	81;78414;79064;-;78.2	79;76826;77917;-;90.8		78;76125;76832;-;80.3	76;74919;75695;-;176.4	75;73669;74922;-;133.3	73;72397;73407;-;87.7	66;66689;68347;-;33.3		pfam	both	A	7/7	canonical	1	0	unscoreable	9	0	0														not_admitted	not_admitted	not_admitted	not_admitted	not_admitted	not_admitted	not_admitted
NZ_CP051530.1	MPF_F	-	186	0	0	GA	0															not_admitted	not_admitted	not_admitted	not_admitted	not_admitted	not_admitted	not_admitted	not_admitted	not_admitted	not_admitted	1	131;140542;141693;-;233.8	6;7119;8513;+;138.9	5;6127;7122;+;170.4	145;155272;157956;-;120.8	7;8517;13814;+;119.4	179;187419;188777;-;92.0	145;155272;157956;-;44.2	181;190044;190700;-;64.3	132;141690;142985;-;60.4	130;136265;140539;-;86.1		146;157969;158706;-;31.8	185;192226;194100;-;33.9	A	9/9	split_3	186099	1	1	13926..14816+;296;unnamed;0
NZ_CP051531.1	MPF_F	-	88	0	0	GA	0															not_admitted	not_admitted	not_admitted	not_admitted	not_admitted	not_admitted	not_admitted	not_admitted	not_admitted	not_admitted	1	6;6696;7709;-;369.2	0;1235;2623;-;317.2	3;3247;4122;-;187.8	9;8767;11355;-;206.4		11;11835;13361;-;101.2	9;8767;11355;-;90.0	13;14176;14742;-;119.7	5;5933;6673;-;91.1	4;4119;5936;-;233.9	85;82446;84572;-;408.9	10;11359;11814;-;37.5	85;82446;84572;-;80.0	B	8/9	split_2	81211	0	1	
NZ_CP051532.1	-	-	72	0	0	GA	1		62;45959;46306;+;69.8	63;46317;46610;+;34.0	64;46613;49048;+;73.4	64;46613;49048;+;95.8	65;49071;49829;+;46.1	66;49840;51474;+;90.2		67;51474;52193;+;107.6	68;52193;53074;+;155.6	70;53512;54828;+;217.9	4;2164;3780;+;160.1	17;11585;13471;+;431.7		conjscan	conjscan_only	A	7/7	canonical	1	0	unscoreable	14	0	0														not_admitted	not_admitted	not_admitted	not_admitted	not_admitted	not_admitted	not_admitted
NZ_CP051653.1	MPF_F	IncFII(pCoo)	104	0	0	GA	0															not_admitted	not_admitted	not_admitted	not_admitted	not_admitted	not_admitted	not_admitted	not_admitted	not_admitted	not_admitted	1	32;32170;33162;-;369.5	61;51476;52849;+;377.0	56;49158;49901;+;235.5	35;34171;36798;-;305.4	62;52846;55671;+;388.9	42;38853;40280;-;94.3	35;34171;36798;-;98.5	44;40995;41561;-;183.8	31;31523;32161;-;68.4	54;47736;48881;+;269.7	66;57175;59355;+;391.5	38;37314;37829;-;78.4	66;57175;59355;+;69.2	A	9/9	contiguous	25652	1	1	55668..55757+;29;unnamed;0
NZ_CP051656.1	MPF_F	IncFIB(AP001918);IncFII(pCoo)	185	0	0	GA	0															not_admitted	not_admitted	not_admitted	not_admitted	not_admitted	not_admitted	not_admitted	not_admitted	not_admitted	not_admitted	1	164;160314;161306;-;369.5	45;35321;36694;+;377.0	40;33003;33746;+;235.5	167;162315;164942;-;305.4	46;36691;39516;+;388.9	174;166997;168424;-;94.3	167;162315;164942;-;98.5	176;169139;169705;-;183.8	163;159667;160305;-;68.4	38;31581;32726;+;269.7	50;41020;43200;+;391.5	170;165458;165973;-;78.4	50;41020;43200;+;69.2	A	9/9	split_2	137558	1	1	39513..39602+;29;unnamed;0
NZ_CP051658.1	MPF_F	IncFII(pCoo)	63	0	0	GA	0															not_admitted	not_admitted	not_admitted	not_admitted	not_admitted	not_admitted	not_admitted	not_admitted	not_admitted	not_admitted	1	36;26464;27456;+;369.5	48;33510;34883;+;386.6	41;30562;31305;+;234.4	33;22825;25455;+;303.8	49;34880;37696;+;385.9	25;18131;19558;+;93.6	33;22825;25455;+;99.3	23;16850;17416;+;182.3	38;27800;28438;+;69.5	39;28435;30285;+;266.7	53;39997;42213;+;391.5	29;20686;21201;+;78.3	53;39997;42213;+;70.4	A	9/9	contiguous	23147	1	1	37729..38250+;173;unnamed;0
NZ_CP051660.1	MPF_F	IncFII	102	0	0	GA	0															not_admitted	not_admitted	not_admitted	not_admitted	not_admitted	not_admitted	not_admitted	not_admitted	not_admitted	not_admitted	1	70;48214;49206;+;369.5	80;54985;56358;+;381.7	75;52312;53055;+;234.4	67;44575;47205;+;304.1	81;56355;58526;+;375.0	60;40125;41576;+;94.2	67;44575;47205;+;97.1	58;38844;39410;+;174.3	72;49550;50188;+;68.6	73;50185;52035;+;266.1	93;66959;69202;+;391.1	63;42436;42951;+;78.4	93;66959;69202;+;70.3	A	9/9	contiguous	28115	0	1	
NZ_CP051665.1	MPF_F	Col156;IncFIA;IncFIB(AP001918);IncFII(pRSB107)	182	0	0	GA	0															not_admitted	not_admitted	not_admitted	not_admitted	not_admitted	not_admitted	not_admitted	not_admitted	not_admitted	not_admitted	1	122;109003;109995;-;369.5	109;99874;101247;-;386.6	117;105154;105897;-;231.4	125;111004;113631;-;303.9	108;97058;99877;-;386.3	131;115516;116967;-;94.1	125;111004;113631;-;96.5	133;117682;118248;-;184.3	120;108021;108659;-;68.7	119;106174;108024;-;266.7	104;92611;94800;-;391.4	128;114147;114662;-;75.2	104;92611;94800;-;70.0	A	9/9	contiguous	25071	1	1	96542..97033-;163;TraS;0
NZ_CP051689.1	MPF_F	IncFIB(AP001918);IncFII	144	0	0	GA	0															not_admitted	not_admitted	not_admitted	not_admitted	not_admitted	not_admitted	not_admitted	not_admitted	not_admitted	not_admitted	1	86;99534;100526;-;369.5	74;91558;92931;-;381.7	79;94861;95604;-;234.4	89;101535;104165;-;304.1	73;88739;91561;-;374.0	96;107185;108612;-;93.9	89;101535;104165;-;98.9	98;109327;109893;-;174.3	82;97728;98366;-;68.5	81;95881;97731;-;266.9	69;84233;86467;-;380.7	93;105786;106301;-;77.9	69;84233;86467;-;66.5	A	9/9	contiguous	25094	1	1	88238..88717-;159;TraS;0
NZ_CP051696.1	MPF_F	IncFII	82	0	0	GA	0															not_admitted	not_admitted	not_admitted	not_admitted	not_admitted	not_admitted	not_admitted	not_admitted	not_admitted	not_admitted	1	53;40748;41740;+;369.5	65;47794;49167;+;381.7	58;44846;45589;+;233.1	50;37109;39739;+;297.8	66;49164;51986;+;388.6	43;32659;34110;+;93.8	50;37109;39739;+;100.5	41;31378;31944;+;175.1	55;42084;42722;+;68.6	56;42719;44569;+;266.1	70;54258;56438;+;392.0	46;34970;35485;+;82.8	70;54258;56438;+;70.6	A	9/9	contiguous	22880	1	1	52007..52504+;165;TraS;0
NZ_CP051699.1	MPF_F	IncFIB(AP001918);IncFII	118	0	0	GA	0															not_admitted	not_admitted	not_admitted	not_admitted	not_admitted	not_admitted	not_admitted	not_admitted	not_admitted	not_admitted	1	61;74437;75429;-;367.6	52;68002;69378;-;379.5	57;70965;71708;-;235.4	64;76438;79065;-;306.8	51;65183;68005;-;390.3	71;81118;82545;-;91.2	64;76438;79065;-;98.5	73;83260;83826;-;184.0	60;73790;74428;-;68.6	59;71985;73793;-;268.9	48;61442;63649;-;391.7	67;79581;80096;-;78.8	48;61442;63649;-;70.3	A	9/9	contiguous	21818	1	1	64682..65161-;159;TraS;0
NZ_CP051701.1	MPF_F	Col156;IncFIB(AP001918);IncFII	135	0	0	GA	0															not_admitted	not_admitted	not_admitted	not_admitted	not_admitted	not_admitted	not_admitted	not_admitted	not_admitted	not_admitted	1	78;75881;76873;-;369.5	66;68454;69827;-;381.7	73;72032;72775;-;233.1	81;77882;80512;-;304.0	65;65635;68457;-;388.5	88;83643;85070;-;93.9	81;77882;80512;-;99.3	90;85785;86351;-;183.1	76;74899;75537;-;68.6	75;73052;74902;-;271.9	61;61156;63363;-;391.7	85;81999;82514;-;73.9	61;61156;63363;-;70.4	A	9/9	contiguous	24629	1	1	65134..65613-;159;TraS;0
NZ_CP051707.1	MPF_F	Col156;IncFIB(AP001918);IncFII(29)	132	0	0	GA	0															not_admitted	not_admitted	not_admitted	not_admitted	not_admitted	not_admitted	not_admitted	not_admitted	not_admitted	not_admitted	1	73;69715;70707;-;369.5	63;62563;63936;-;381.7	68;65866;66609;-;233.1	76;71716;74346;-;297.8	62;59744;62566;-;388.5	83;77591;79042;-;93.8	76;71716;74346;-;100.0	85;79757;80323;-;175.1	71;68733;69371;-;68.6	70;66886;68736;-;267.6	58;55328;57472;-;391.3	80;75971;76486;-;73.9	58;55328;57472;-;70.4	A	9/9	contiguous	24429	1	1	59243..59722-;159;TraS;0
NZ_CP051708.1	MPF_F	IncFII	84	0	0	GA	0															not_admitted	not_admitted	not_admitted	not_admitted	not_admitted	not_admitted	not_admitted	not_admitted	not_admitted	not_admitted	1	58;45794;46786;+;369.5	68;52565;53938;+;381.7	63;49892;50635;+;234.4	55;42155;44785;+;297.8	69;53935;56757;+;388.5	48;37704;39155;+;93.8	55;42155;44785;+;100.0	46;36423;36989;+;175.1	60;47130;47768;+;68.6	61;47765;49615;+;267.6	73;59029;61173;+;391.3	51;40015;40530;+;82.8	73;59029;61173;+;70.4	A	9/9	contiguous	22606	1	1	56778..57275+;165;TraS;0
NZ_CP051712.1	MPF_F	Col156;IncFIB(AP001918);IncFII(29)	131	0	0	GA	0															not_admitted	not_admitted	not_admitted	not_admitted	not_admitted	not_admitted	not_admitted	not_admitted	not_admitted	not_admitted	1	73;70053;71045;-;369.5	61;62626;63999;-;381.7	68;66204;66947;-;233.1	76;72054;74684;-;304.0	60;59807;62629;-;388.5	83;77815;79242;-;93.9	76;72054;74684;-;99.3	85;79957;80523;-;183.1	71;69071;69709;-;68.6	70;67224;69074;-;271.9	56;55391;57535;-;391.3	80;76171;76686;-;73.9	56;55391;57535;-;70.4	A	9/9	contiguous	24566	1	1	59306..59785-;159;TraS;0
NZ_CP051715.1	MPF_F	Col156;IncFIB(AP001918);IncFII(29)	132	0	0	GA	0															not_admitted	not_admitted	not_admitted	not_admitted	not_admitted	not_admitted	not_admitted	not_admitted	not_admitted	not_admitted	1	73;70053;71045;-;369.5	61;62626;63999;-;381.7	68;66204;66947;-;233.1	76;72054;74684;-;304.0	60;59807;62629;-;388.5	83;77815;79242;-;93.9	76;72054;74684;-;99.3	85;79957;80523;-;183.1	71;69071;69709;-;68.6	70;67224;69074;-;271.9	56;55391;57535;-;391.3	80;76171;76686;-;73.9	56;55391;57535;-;70.4	A	9/9	contiguous	24566	1	1	59306..59785-;159;TraS;0
NZ_CP051726.1	MPF_F	Col156;IncFIB(AP001918);IncFII	121	0	0	GA	0															not_admitted	not_admitted	not_admitted	not_admitted	not_admitted	not_admitted	not_admitted	not_admitted	not_admitted	not_admitted	1	73;68452;69444;-;369.5			76;70453;73083;-;297.8		83;76351;77802;-;93.8	76;70453;73083;-;99.0	85;78517;79083;-;174.3	70;66871;67509;-;70.8	67;64746;66059;-;34.9	65;62631;64025;-;248.7	80;74976;75491;-;82.8	65;62631;64025;-;71.3	C	6/9	contiguous	15886	0	1	
NZ_CP051728.1	MPF_F	IncFIA(HI1);IncFIC(FII)	201	0	0	GA	0															not_admitted	not_admitted	not_admitted	not_admitted	not_admitted	not_admitted	not_admitted	not_admitted	not_admitted	not_admitted	1	130;122430;123422;-;371.6	115;111543;112916;-;378.7	123;116856;117599;-;234.4	133;124431;127061;-;301.9	114;108709;111546;-;376.4	143;130716;132167;-;94.0	133;124431;127061;-;100.1	145;132882;133448;-;183.7	127;120546;121184;-;70.4	125;117885;119735;-;264.4	110;104213;106411;-;391.8	139;129100;129615;-;76.6	110;104213;106411;-;70.4	A	9/9	contiguous	28669	1	1	108173..108676-;167;unnamed;0
NZ_CP051734.1	MPF_F	Col156;IncFIB(AP001918);IncFII(29)	130	0	0	GA	0															not_admitted	not_admitted	not_admitted	not_admitted	not_admitted	not_admitted	not_admitted	not_admitted	not_admitted	not_admitted	1	73;66229;67221;-;369.5	61;58802;60175;-;381.7	68;62380;63123;-;233.1	76;68230;70860;-;304.0	60;55983;58805;-;388.5	83;73991;75418;-;93.9	76;68230;70860;-;99.3	85;76133;76699;-;183.1	71;65247;65885;-;68.6	70;63400;65250;-;271.9	56;51450;53711;-;391.1	80;72347;72862;-;73.9	56;51450;53711;-;70.3	A	9/9	contiguous	24683	1	1	55482..55961-;159;TraS;0
NZ_CP051736.1	MPF_F	Col156;IncFIB(AP001918);IncFII(29)	132	0	0	GA	0															not_admitted	not_admitted	not_admitted	not_admitted	not_admitted	not_admitted	not_admitted	not_admitted	not_admitted	not_admitted	1	73;70053;71045;-;369.5	61;62626;63999;-;381.7	68;66204;66947;-;233.1	76;72054;74684;-;304.0	60;59807;62629;-;388.5	83;77815;79242;-;93.9	76;72054;74684;-;99.3	85;79957;80523;-;183.1	71;69071;69709;-;68.6	70;67224;69074;-;271.9	56;55391;57535;-;391.3	80;76171;76686;-;73.9	56;55391;57535;-;70.4	A	9/9	contiguous	24566	1	1	59306..59785-;159;TraS;0
NZ_CP051737.1	MPF_F	IncFII	81	0	0	GA	0															not_admitted	not_admitted	not_admitted	not_admitted	not_admitted	not_admitted	not_admitted	not_admitted	not_admitted	not_admitted	1	56;45798;46790;+;369.5	67;52569;53942;+;381.7	61;49896;50639;+;234.4	53;42159;44789;+;297.8	68;53939;56764;+;372.7	46;37708;39159;+;93.8	53;42159;44789;+;100.0	44;36427;36993;+;175.1	58;47134;47772;+;68.6	59;47769;49619;+;267.6	72;59006;61150;+;391.9	49;40019;40534;+;82.8	72;59006;61150;+;70.4	A	9/9	contiguous	22579	1	1	56761..57270+;169;unnamed;0
NZ_CP051739.1	MPF_F	IncFIB(AP001918);IncFII(pHN7A8);IncFII(pSE11)	189	0	0	GA	0															not_admitted	not_admitted	not_admitted	not_admitted	not_admitted	not_admitted	not_admitted	not_admitted	not_admitted	not_admitted	1	184;164739;165731;-;367.8	171;156919;158292;-;386.6	177;160220;160963;-;234.4	71;68292;70919;-;304.2	170;154097;156922;-;380.9	78;73072;74499;-;94.2	187;166740;169370;-;101.1	80;75214;75780;-;183.8	182;163757;164395;-;68.8	179;161240;163045;-;266.5	166;149593;151827;-;391.7	74;71435;71950;-;77.9	166;149593;151827;-;70.3	A	9/9	split_2	98448	1	1	153581..154072-;163;TraS;0
NZ_CP051870.1	MPF_T	-	52	0	0	GA	1	20;18813;19490;+;53.0	21;19604;19930;+;62.9	22;19930;20256;+;70.5	23;20264;22726;+;127.1	23;20264;22726;+;81.0	26;24089;24790;+;171.0	25;23052;24077;+;141.6		27;24954;25769;+;144.7	28;25781;26674;+;160.3	29;26674;28098;+;168.2	30;28118;29191;+;100.6	31;29188;31848;+;333.5		pfam	both	A	7/7	canonical	1	0	unscoreable	1	0	0														not_admitted	not_admitted	not_admitted	not_admitted	not_admitted	not_admitted	not_admitted
NZ_CP051876.1	MPF_T	-	52	0	0	GA	1	20;18813;19490;+;53.0	21;19604;19930;+;62.9	22;19930;20256;+;70.5	23;20264;22726;+;127.1	23;20264;22726;+;81.0	26;24089;24790;+;171.0	25;23052;24077;+;141.6		27;24954;25769;+;144.7	28;25781;26674;+;160.3	29;26674;28098;+;168.2	30;28118;29191;+;100.6	31;29188;31848;+;333.5		pfam	both	A	7/7	canonical	1	0	unscoreable	1	0	0														not_admitted	not_admitted	not_admitted	not_admitted	not_admitted	not_admitted	not_admitted
NZ_CP052067.1	MPF_T	repUS74	55	0	0	GA	1				6;6801;8819;-;25.5									1;1232;2776;-;462.0		none	none	D	2/7	uncallable	0	0	unscoreable	4	0	0														not_admitted	not_admitted	not_admitted	not_admitted	not_admitted	not_admitted	not_admitted
NZ_CP052134.1	MPF_F	-	281	0	0	GA	0															not_admitted	not_admitted	not_admitted	not_admitted	not_admitted	not_admitted	not_admitted	not_admitted	not_admitted	not_admitted	1	168;175497;176528;+;366.9	176;182545;183990;+;327.0	174;180687;181505;+;212.8	162;169988;172588;+;215.4	177;183987;187430;+;236.5	156;164411;165748;+;95.1	162;169988;172588;+;79.3	154;163070;163681;+;84.1	169;176525;177316;+;87.9	171;178611;179876;+;151.4	59;55795;57861;+;407.2	161;169276;169974;+;50.3	59;55795;57861;+;52.5	A	9/9	split_2	128192	0	1	
NZ_CP052762.1	MPF_F	Col(pHAD28);IncFIB(K);IncFII(pKP91)	301	0	0	GA	0															not_admitted	not_admitted	not_admitted	not_admitted	not_admitted	not_admitted	not_admitted	not_admitted	not_admitted	not_admitted	1	256;235144;236133;-;363.3	245;227958;229325;-;382.2	249;230583;231335;-;233.7	260;237590;240229;-;259.4	244;225109;227958;-;342.9	270;244191;245615;-;89.2	260;237590;240229;-;88.3	272;246342;246908;-;167.9	254;234221;234868;-;65.9	253;232207;234162;-;259.5	240;221015;223297;-;393.3	268;242995;243579;-;53.8	240;221015;223297;-;65.9	A	9/9	contiguous	25327	1	1	224576..225106-;176;unnamed;0
NZ_CP052763.1	MPF_T	IncN	66	0	0	GA	1	19;15312;16046;+;32.5		22;16689;17006;+;63.3	23;17006;19606;+;113.8	23;17006;19606;+;76.4	24;19624;20337;+;105.5	26;20588;21628;+;142.4		27;21847;22545;+;131.9	28;22556;23440;+;159.7	29;23440;24600;+;156.3	30;24642;25637;+;81.2	43;37313;38842;-;38.5		pfam	both	A	7/7	canonical	1	0	unscoreable	3	0	0														not_admitted	not_admitted	not_admitted	not_admitted	not_admitted	not_admitted	not_admitted
NZ_CP052878.1	MPF_T	IncI2	86	0	0	GA	1	49;35713;36195;-;81.1		63;51772;52056;-;36.5	62;49409;51766;-;59.8	62;49409;51766;-;45.0	74;57619;58266;-;41.6	75;58272;59258;-;120.4		61;48511;49245;-;144.3	60;47744;48514;-;169.8	59;46615;47754;-;154.7	52;37964;39502;-;207.1	57;43567;45525;-;287.0		pfam	pfam_only	A	7/7	rearranged	1	0	unscoreable	15	0	0														not_admitted	not_admitted	not_admitted	not_admitted	not_admitted	not_admitted	not_admitted
NZ_CP053017.1	MPF_F	IncFII(pHN7A8);IncR	212	0	0	GA	0															not_admitted	not_admitted	not_admitted	not_admitted	not_admitted	not_admitted	not_admitted	not_admitted	not_admitted	not_admitted	1	66;52064;53056;+;369.5	79;59889;61262;+;376.8	74;57580;58323;+;234.4	63;48428;51055;+;301.8	80;61259;64075;+;376.7	58;44946;46373;+;94.1	63;48428;51055;+;101.8	56;43665;44231;+;183.8	69;54002;54640;+;70.4	72;55453;57303;+;265.0	84;66376;68592;+;391.7	62;47397;47912;+;77.6	84;66376;68592;+;70.3	A	9/9	contiguous	22711	1	1	64108..64629+;173;unnamed;0
NZ_CP053018.1	MPF_F	IncFIB(K);IncFII(pKP91)	247	0	0	GA	0															not_admitted	not_admitted	not_admitted	not_admitted	not_admitted	not_admitted	not_admitted	not_admitted	not_admitted	not_admitted	1	222;196082;197071;+;363.3	233;202890;204257;+;382.2	229;200880;201632;+;233.7	218;191986;194625;+;259.4	234;204257;207106;+;342.9	208;186600;188024;+;89.2	218;191986;194625;+;88.3	206;185307;185873;+;167.9	224;197347;197994;+;65.9	225;198053;200008;+;259.5	238;208918;211200;+;393.3	210;188636;189220;+;53.8	238;208918;211200;+;65.9	A	9/9	contiguous	23611	1	1	207109..207639+;176;unnamed;0
NZ_CP053023.1	MPF_F	-	300	0	0	GA	0															not_admitted	not_admitted	not_admitted	not_admitted	not_admitted	not_admitted	not_admitted	not_admitted	not_admitted	not_admitted	1	120;119783;120805;-;398.5	114;114300;115763;-;372.2	115;115763;116578;-;245.2	126;123288;125882;-;479.8	113;111473;114283;-;366.6	129;127747;129078;-;102.6	126;123288;125882;-;98.0	131;129883;130449;-;192.3	119;119029;119772;-;117.2	118;117167;119029;-;282.6	56;53548;55839;+;544.9	127;125884;126897;-;31.1	241;230389;231075;-;79.7	A	9/9	split_3	176841	0	1	
NZ_CP053036.1	MPF_F	IncFIB(K);IncFII(K);IncFII(pAR0022)	273	0	0	GA	0															not_admitted	not_admitted	not_admitted	not_admitted	not_admitted	not_admitted	not_admitted	not_admitted	not_admitted	not_admitted	1	185;182387;183376;-;366.6	175;175473;176840;-;384.1	179;178098;178850;-;233.7	189;184833;187472;-;258.5	174;172651;175473;-;346.4	199;191376;192800;-;89.5	189;184833;187472;-;88.7	201;193527;194093;-;167.0	184;181736;182374;-;66.9	183;179722;181677;-;259.4	170;167726;170035;-;393.1	197;190180;190764;-;53.8	170;167726;170035;-;66.6	A	9/9	contiguous	25801	1	1	172026..172628-;200;TraS;0
NZ_CP053043.1	MPF_F	-	154	0	0	GA	0															not_admitted	not_admitted	not_admitted	not_admitted	not_admitted	not_admitted	not_admitted	not_admitted	not_admitted	not_admitted	1	140;122075;123130;+;268.1	152;134804;136213;+;229.6	151;133781;134788;+;214.6	136;117596;120082;+;211.5	153;136233;139466;+;215.1	133;114880;116172;+;117.6	136;117596;120082;+;113.8	131;113229;113882;+;91.1	139;120855;122075;+;45.7	1;448;3219;+;119.2	125;108836;110749;+;20.5	134;116189;116701;+;68.8	125;108836;110749;+;24.6	A	9/9	split_2	135785	0	1	
NZ_CP053049.1	MPF_F	IncFIA(HI1);IncHI1A;IncHI1B(R27)	241	0	0	GA	0															not_admitted	not_admitted	not_admitted	not_admitted	not_admitted	not_admitted	not_admitted	not_admitted	not_admitted	not_admitted	1	238;219154;220206;+;277.6	133;123426;124841;-;201.7	134;124831;125877;-;171.3	221;197188;199869;+;160.9	132;119428;123417;-;103.1	217;193482;194840;+;84.0	221;197188;199869;+;76.5	214;191030;191815;+;68.7	236;217501;219009;+;65.6	239;220229;223405;+;58.9	140;132812;134896;+;50.2	220;196229;197179;+;45.2	140;132812;134896;+;36.5	A	9/9	split_3	100801	0	1	
NZ_CP053050.1	MPF_T	IncX1	63	0	0	GA	1	35;28041;28688;+;45.2	36;28666;28962;+;77.5	37;28981;31734;+;47.9	37;28981;31734;+;147.9	37;28981;31734;+;75.3	38;31745;32503;+;67.3	40;32741;33874;+;106.3		41;34119;34832;+;118.5	42;34837;35766;+;133.8	43;35763;36968;+;132.5	44;36970;38001;+;79.0	45;38004;39839;+;489.3		pfam	pfam_only	A	7/7	canonical	1	1	unscoreable	1	0	0														not_admitted	not_admitted	not_admitted	not_admitted	not_admitted	not_admitted	not_admitted
NZ_CP053053.1	MPF_F	IncFIA(HI1);IncHI1A;IncHI1B(R27);IncQ1	245	0	0	GA	0															not_admitted	not_admitted	not_admitted	not_admitted	not_admitted	not_admitted	not_admitted	not_admitted	not_admitted	not_admitted	1	156;143668;144720;+;277.6	53;50922;52337;-;201.7	54;52327;53373;-;171.3	139;121596;124277;+;160.9	52;46924;50913;-;103.1	135;117890;119248;+;84.0	139;121596;124277;+;76.5	132;115438;116223;+;68.7	154;142015;143523;+;65.6	157;144743;147919;+;58.9	60;60308;62392;+;50.2	138;120637;121587;+;45.2	60;60308;62392;+;36.5	A	9/9	split_3	97819	0	1	
NZ_CP053054.1	MPF_F	IncFIB(S);IncFII(S);IncFII(pAR0022)	115	0	0	GA	0															not_admitted	not_admitted	not_admitted	not_admitted	not_admitted	not_admitted	not_admitted	not_admitted	not_admitted	not_admitted	1	0;96;1088;+;366.7	9;6336;7718;+;392.4	6;4555;5304;+;231.0	113;90507;93155;+;314.1	10;7715;10537;+;394.4	105;86553;87974;+;91.5	113;90507;93155;+;97.8	103;85260;85826;+;188.1	2;1400;2038;+;70.6	4;2491;4317;+;271.0	13;12191;14452;+;371.4	108;88780;89295;+;96.7	13;12191;14452;+;69.6	A	9/9	split_2	90411	1	1	10559..11047+;162;TraS;0
NZ_CP053056.1	MPF_F	IncHI2;IncHI2A	291	0	0	GA	0															not_admitted	not_admitted	not_admitted	not_admitted	not_admitted	not_admitted	not_admitted	not_admitted	not_admitted	not_admitted	1	242;220755;221813;+;276.9	112;101209;102624;-;194.1	113;102614;103660;-;173.7	224;197435;200116;+;168.0	111;97250;101200;-;101.6	220;193750;195105;+;80.7	224;197435;200116;+;72.2	217;191238;192026;+;74.8	240;219102;220613;+;62.7	243;221832;225020;+;58.3	119;110701;112785;+;56.7	223;196476;197426;+;46.4	119;110701;112785;+;38.8	A	9/9	split_3	124582	0	1	
NZ_CP053082.1	MPF_F	IncFII(pHN7A8)	88	0	0	GA	0															not_admitted	not_admitted	not_admitted	not_admitted	not_admitted	not_admitted	not_admitted	not_admitted	not_admitted	not_admitted	1	57;44398;45390;+;369.5	75;53825;54937;+;257.6	68;51250;51993;+;234.4	54;40762;43389;+;301.8	76;54934;57750;+;376.7	49;37280;38707;+;94.1	54;40762;43389;+;101.8	47;35999;36565;+;183.8	60;46336;46974;+;70.4	66;50344;50973;+;204.3	80;60051;62231;+;391.8	53;39731;40246;+;78.0	80;60051;62231;+;70.3	A	9/9	contiguous	24052	1	1	57783..58304+;173;unnamed;0
NZ_CP053083.1	MPF_T	IncI2(Delta)	80	0	0	GA	1	44;29740;30222;-;81.1		61;45299;45583;-;35.0	60;42936;45293;-;58.4	60;42936;45293;-;45.0	69;50392;51036;-;41.0	70;51042;52037;-;123.7		58;42036;42770;-;143.0	57;41293;42039;-;170.6	56;40141;41280;-;154.7	47;31991;33529;-;208.0	52;37510;38658;-;220.4		pfam	pfam_only	A	7/7	rearranged	1	0	unscoreable	14	0	0														not_admitted	not_admitted	not_admitted	not_admitted	not_admitted	not_admitted	not_admitted
NZ_CP053104.1	MPF_F	IncFIB(pECLA)	184	0	0	GA	0															not_admitted	not_admitted	not_admitted	not_admitted	not_admitted	not_admitted	not_admitted	not_admitted	not_admitted	not_admitted	1	115;99144;100142;-;364.2	106;92543;93907;-;359.5	112;95896;96678;-;214.9	123;103500;106109;-;214.8	105;89145;92543;-;306.6	131;108722;110125;-;90.2	123;103500;106109;-;103.5	133;110874;111455;-;100.9	114;98507;99133;-;64.3	113;96675;98510;-;222.5	101;84533;87088;-;360.8	125;106357;106899;-;46.9	101;84533;87088;-;72.7	A	9/9	contiguous	26341	1	1	88454..89143-;229;unnamed;0
NZ_CP053191.1	MPF_F	IncHI2;IncHI2A	296	0	0	GA	0															not_admitted	not_admitted	not_admitted	not_admitted	not_admitted	not_admitted	not_admitted	not_admitted	not_admitted	not_admitted	1	29;32275;33333;+;276.9	199;186037;187452;-;194.1	200;187442;188488;-;173.7	11;8955;11636;+;168.0	198;182078;186028;-;101.6	7;5270;6625;+;80.7	11;8955;11636;+;72.2	4;2758;3546;+;74.8	27;30622;32133;+;62.7	30;33352;36540;+;58.3	206;195529;197613;+;56.7	10;7996;8946;+;46.4	206;195529;197613;+;38.8	A	9/9	split_3	192771	0	1	
NZ_CP053192.1	MPF_F	IncC	165	0	0	GA	0															not_admitted	not_admitted	not_admitted	not_admitted	not_admitted	not_admitted	not_admitted	not_admitted	not_admitted	not_admitted	1	91;66839;67846;+;332.9	154;117780;119213;+;339.2	153;116750;117778;+;221.7	86;61640;64087;+;354.2	155;119226;122840;+;375.3	81;52813;54129;+;135.0	86;61640;64087;+;128.6	79;51289;51915;+;92.1	89;64909;66174;+;67.6	92;67962;70760;+;145.3	70;45614;47479;+;47.4	82;54126;54704;+;100.2	70;45614;47479;+;52.0	A	9/9	split_2	73612	0	1	
NZ_CP053212.1	MPF_T	IncX4	41	0	0	GA	1	38;31953;32573;-;41.6	37;31613;31939;-;64.4	36;28847;31594;-;63.8	36;28847;31594;-;151.8	36;28847;31594;-;46.1	35;28119;28835;-;94.2	34;27013;28107;-;150.1		32;25812;26498;-;169.0	31;24907;25815;-;142.4	30;23796;24914;-;163.9	29;22766;23794;-;85.0	28;20917;22734;-;314.8		pfam	pfam_only	A	7/7	canonical	1	1	unscoreable	1	0	0														not_admitted	not_admitted	not_admitted	not_admitted	not_admitted	not_admitted	not_admitted
NZ_CP053213.1	MPF_T	IncP1	70	0	0	GA	1		54;35482;35865;+;68.7	55;35868;36194;+;50.6	56;36191;38734;+;94.8	56;36191;38734;+;107.0	61;42210;42980;+;104.8	62;43171;44730;+;113.8		57;38731;39438;+;91.8	58;39454;40344;+;152.4	60;40803;42197;+;224.7	53;34412;35368;+;134.8	23;14097;16043;-;442.7		conjscan	conjscan_only	A	7/7	canonical	1	0	unscoreable	2	0	0														not_admitted	not_admitted	not_admitted	not_admitted	not_admitted	not_admitted	not_admitted
NZ_CP053216.1	MPF_T	-	68	0	0	GA	1	29;21202;21915;+;100.6	30;21938;22231;+;38.8		31;22245;24956;+;81.8	31;22245;24956;+;58.3	32;24953;25594;+;67.8	48;36437;37513;-;78.9		46;35652;36215;-;45.5	45;35218;35640;-;80.2	22;14999;16351;+;180.7	23;16368;17399;+;93.3	27;19418;20938;+;36.4		pfam	both	A	7/7	uncallable	0	0	unscoreable	16	0	0														not_admitted	not_admitted	not_admitted	not_admitted	not_admitted	not_admitted	not_admitted
NZ_CP053220.1	MPF_T	-	73	0	0	GA	1	44;38781;39458;-;53.0	43;38341;38646;-;63.1	42;38015;38341;-;70.5	41;35545;38007;-;127.3	41;35545;38007;-;81.0	38;33481;34182;-;173.8	39;34194;35219;-;140.9		37;32503;33318;-;144.7	36;31598;32491;-;160.4	35;30174;31598;-;168.2	34;29081;30193;-;100.1	33;26664;29084;-;332.7		pfam	both	A	7/7	canonical	1	0	unscoreable	1	0	0														not_admitted	not_admitted	not_admitted	not_admitted	not_admitted	not_admitted	not_admitted
NZ_CP053224.2	MPF_T	-	172	0	0	GA	1	119;124147;124815;+;44.5	120;124812;125150;+;78.3	121;125147;125497;+;85.4	122;125490;127901;+;159.0	122;125490;127901;+;118.0	123;127905;128624;+;202.0	125;128855;129799;+;125.4		126;130134;130832;+;171.2	127;130829;131686;+;198.2	128;131690;132913;+;185.2	129;132917;133921;+;98.2	130;133905;135866;+;336.6		pfam	both	A	7/7	canonical	1	0	unscoreable	1	0	0														not_admitted	not_admitted	not_admitted	not_admitted	not_admitted	not_admitted	not_admitted
NZ_CP053246.1	MPF_F	Col156;IncFIB(AP001918);IncFII(29)	135	0	0	GA	0															not_admitted	not_admitted	not_admitted	not_admitted	not_admitted	not_admitted	not_admitted	not_admitted	not_admitted	not_admitted	1	73;67657;68649;-;369.5	61;60230;61603;-;381.7	68;63808;64551;-;233.1	76;69658;72288;-;304.0	60;57411;60233;-;388.5	83;75419;76846;-;93.9	76;69658;72288;-;99.3	85;77561;78127;-;183.1	71;66675;67313;-;68.6	70;64828;66678;-;271.9	56;52995;55139;-;391.3	80;73775;74290;-;73.9	56;52995;55139;-;70.4	A	9/9	contiguous	24566	1	1	56910..57389-;159;TraS;0
NZ_CP053248.1	MPF_F	Col156;IncFIB(AP001918);IncFII(29);IncQ1	177	0	0	GA	0															not_admitted	not_admitted	not_admitted	not_admitted	not_admitted	not_admitted	not_admitted	not_admitted	not_admitted	not_admitted	1	116;100858;101850;-;369.5	104;93431;94804;-;381.7	111;97009;97752;-;233.1	119;102859;105489;-;304.0	103;90612;93434;-;388.5	126;108620;110047;-;93.9	119;102859;105489;-;99.3	128;110762;111328;-;183.1	114;99876;100514;-;68.6	113;98029;99879;-;271.9	99;86268;88340;-;391.4	123;106976;107491;-;74.0	99;86268;88340;-;72.9	A	9/9	contiguous	24494	1	1	90111..90590-;159;TraS;0
NZ_CP053282.1	MPF_F	IncFIB(AP001918);IncFII;IncQ1	155	0	0	GA	0															not_admitted	not_admitted	not_admitted	not_admitted	not_admitted	not_admitted	not_admitted	not_admitted	not_admitted	not_admitted	1	97;101823;102815;-;369.3	88;95388;96761;-;381.0	93;98351;99094;-;231.6	100;103824;106451;-;306.4	87;92566;95391;-;386.0	106;108506;109933;-;94.3	100;103824;106451;-;98.5	108;110648;111214;-;183.3	96;101176;101814;-;68.7	95;99371;101179;-;267.9	84;88907;91060;-;391.8	102;106967;107482;-;77.3	84;88907;91060;-;70.4	A	9/9	contiguous	21741	1	1	92129..92569-;146;unnamed;0
NZ_CP053297.1	MPF_T	-	38	0	0	GA	1		7;6022;6330;+;67.6	8;6341;6658;+;84.6	9;6655;9105;+;144.0	9;6655;9105;+;84.6	10;9127;9771;+;97.0	12;10044;11057;+;161.4		14;11407;12165;+;142.7	15;12168;12989;+;197.9	16;12989;14176;+;188.9	17;14154;15191;+;83.0	18;15154;17082;+;403.9		pfam	both	A	7/7	canonical	1	0	unscoreable	2	0	0														not_admitted	not_admitted	not_admitted	not_admitted	not_admitted	not_admitted	not_admitted
NZ_CP053298.1	MPF_F	IncFIB(AP001918);IncFII(pRSB107)	143	0	0	GA	0															not_admitted	not_admitted	not_admitted	not_admitted	not_admitted	not_admitted	not_admitted	not_admitted	not_admitted	not_admitted	1	114;90749;93055;+;36.1	127;99925;101298;+;381.7	121;96976;97719;+;232.0	114;90749;93055;+;304.3	128;101295;104117;+;372.8	106;85883;87310;+;94.3	114;90749;93055;+;79.1	104;84602;85168;+;175.1	116;93399;94037;+;70.9	119;94849;96699;+;266.4	132;106377;108548;+;391.8	109;88194;88709;+;77.9	132;106377;108548;+;70.3	A	9/9	contiguous	21775	1	1	104138..104635+;165;TraS;0
NZ_CP053303.1	MPF_F	-	105	0	0	GA	0															not_admitted	not_admitted	not_admitted	not_admitted	not_admitted	not_admitted	not_admitted	not_admitted	not_admitted	not_admitted	1	35;37908;38918;-;389.2	23;29205;30659;-;347.3	27;32664;33497;-;222.8	46;44330;46936;-;217.4	22;26157;29195;-;212.1	49;48385;49035;-;85.3	46;44330;46936;-;97.5	52;50497;51087;-;114.8	34;37210;37911;-;103.3	31;34456;35700;-;167.8	67;63146;64843;-;385.9	47;46939;47601;-;51.6	67;63146;64843;-;79.1	A	9/9	contiguous	36989	0	1	
NZ_CP053359.1	MPF_F	IncFIB(K);IncFII(pKP91)	207	0	0	GA	0															not_admitted	not_admitted	not_admitted	not_admitted	not_admitted	not_admitted	not_admitted	not_admitted	not_admitted	not_admitted	1	118;114346;115335;-;363.3	107;107130;108497;-;383.5	111;109755;110507;-;233.7	122;116792;119431;-;259.0	106;104308;107130;-;346.5	159;144949;146373;-;88.0	122;116792;119431;-;88.7	161;147100;147666;-;167.9	116;113423;114070;-;65.1	115;111379;113364;-;254.0	102;99410;101692;-;393.3	156;143753;144337;-;53.8	102;99410;101692;-;65.8	A	9/9	split_2	47690	1	1	103683..104285-;200;TraS;0
NZ_CP053360.1	MPF_F	IncFII(K);IncFII(pAR0022);IncR	181	0	0	GA	0															not_admitted	not_admitted	not_admitted	not_admitted	not_admitted	not_admitted	not_admitted	not_admitted	not_admitted	not_admitted	1	142;111799;112791;+;362.9	156;120700;122067;+;383.5	152;118690;119442;+;225.6	139;108134;110773;+;259.1	157;122067;124889;+;346.5	129;102885;104309;+;89.2	139;108134;110773;+;83.9	127;101592;102158;+;168.4	146;114822;115469;+;64.9	148;115846;117801;+;257.4	161;127505;129787;+;393.3	131;104941;105513;+;53.5	161;127505;129787;+;65.8	A	9/9	contiguous	25913	1	1	124912..125514+;200;TraS;0
NZ_CP053365.1	MPF_F	IncC;IncFIB(K);IncFII(pKP91)	374	0	0	GA	0															not_admitted	not_admitted	not_admitted	not_admitted	not_admitted	not_admitted	not_admitted	not_admitted	not_admitted	not_admitted	1	349;301675;302667;+;366.6	359;308129;309499;+;381.2	355;306175;306927;+;231.3	197;171098;173545;+;354.2	96;95185;98799;+;375.3	186;157787;159103;+;135.0	197;171098;173545;+;128.6	335;291485;292051;+;167.0	200;174367;175632;+;67.6	351;303377;305332;+;259.1	364;314166;316478;+;393.2	187;159100;159678;+;100.2	364;314166;316478;+;65.8	A	9/9	split_3	218981	0	1	
NZ_CP053372.1	MPF_F	-	207	0	0	GA	0															not_admitted	not_admitted	not_admitted	not_admitted	not_admitted	not_admitted	not_admitted	not_admitted	not_admitted	not_admitted	1	102;84232;85287;+;268.1	114;96895;98304;+;229.6	113;95872;96879;+;214.6	98;79753;82239;+;211.5	115;98324;101557;+;215.1	95;77037;78329;+;117.6	98;79753;82239;+;113.8	93;75386;76039;+;91.1	101;83012;84232;+;45.7	117;102029;104800;+;119.2	87;70993;72906;+;20.5	96;78346;78858;+;68.8	87;70993;72906;+;24.7	A	9/9	contiguous	31036	0	1	
NZ_CP053373.1	-	repUS18	67	0	0	GA	1	13;13614;14234;-;37.3	12;13274;13612;-;33.8	11;12911;13225;-;31.9	10;10469;12907;-;58.7	10;10469;12907;-;38.6	9;9783;10472;-;49.5	8;8729;9733;-;104.3		6;7809;8567;-;156.3	5;7015;7809;-;177.5	4;5804;7015;-;137.0	3;4724;5755;-;95.9	2;2666;4678;-;294.0		pfam	pfam_only	A	7/7	canonical	1	0	unscoreable	1	0	0														not_admitted	not_admitted	not_admitted	not_admitted	not_admitted	not_admitted	not_admitted
NZ_CP053380.1	MPF_F	IncFII(S);pSM22	101	0	0	GA	0															not_admitted	not_admitted	not_admitted	not_admitted	not_admitted	not_admitted	not_admitted	not_admitted	not_admitted	not_admitted	1	46;45263;46261;-;362.2	38;39113;40480;-;369.1	42;41737;42531;-;201.8	51;48663;51293;-;263.7	37;36280;39111;-;292.5	56;53065;54459;-;89.8	51;48663;51293;-;101.6	58;55177;55740;-;164.4	45;44578;45252;-;62.5	43;42528;44432;-;242.4	34;33353;35551;-;377.8	52;51307;51861;-;56.4	34;33353;35551;-;57.1	A	9/9	contiguous	21824	1	1	35753..36283-;176;unnamed;0
NZ_CP053444.1	MPF_T	-	163	0	0	GA	1	25;26302;27453;+;69.7	26;27453;27812;+;52.3	27;27815;28141;+;46.1	28;28145;30664;+;139.2	28;28145;30664;+;94.4		32;32840;33913;+;90.2		33;33942;34676;+;111.1	34;34673;35503;+;184.7	35;35515;36852;+;195.4	36;36849;37898;+;125.3	37;37867;40590;+;230.2		none	none	A	7/7	canonical	0	0	unscoreable	2	0	0														not_admitted	not_admitted	not_admitted	not_admitted	not_admitted	not_admitted	not_admitted
NZ_CP053445.1	MPF_T	-	112	0	0	GA	1		109;140368;140772;-;70.1	108;140076;140375;-;62.5	107;137604;140072;-;183.3	107;137604;140072;-;130.9	106;136823;137632;-;50.0	104;135418;136605;-;111.2		103;134723;135400;-;122.0	102;133851;134705;-;187.4	100;132044;133366;-;227.7	110;140762;141733;-;132.3	64;94923;96893;-;553.7		conjscan	conjscan_only	A	7/7	canonical	1	0	unscoreable	3	0	0														not_admitted	not_admitted	not_admitted	not_admitted	not_admitted	not_admitted	not_admitted
NZ_CP053554.1	MPF_T	IncP1	54	0	0	GA	1	2;1302;1892;-;23.1	15;13025;13489;-;62.5	14;12710;13021;-;51.3	13;10500;12713;-;94.9	13;10500;12713;-;113.9	6;4497;5270;-;125.5	4;2536;4254;-;148.0		10;8045;8833;-;146.4	9;7134;8027;-;181.1	7;5287;6666;-;218.3	16;13519;14484;-;131.2	42;32177;34081;+;526.9		conjscan	conjscan_only	A	7/7	canonical	1	0	unscoreable	6	0	0														not_admitted	not_admitted	not_admitted	not_admitted	not_admitted	not_admitted	not_admitted
NZ_CP053569.1	MPF_F	IncHI2;IncHI2A	422	1	1	GA	1	215;186811;187350;+;23.7	171;143935;144321;-;85.3	170;143669;143938;-;32.5	169;141206;143656;-;37.9	169;141206;143656;-;125.2	168;140466;141209;-;226.6	166;138763;140130;-;177.3		165;138040;138744;-;235.9	164;137051;138043;-;223.0	163;135768;137048;-;208.0	172;144318;145388;-;118.3	174;145858;147855;-;333.6	356;318042;321230;+;58.3	conjscan	conjscan_only	A	7/7	canonical	1	0	unscoreable	3	0	1	355;316965;318023;+;276.9	220;193773;195188;-;194.1	221;195178;196224;-;174.1	337;293657;296338;+;168.0	219;189814;193764;-;102.0	163;135768;137048;-;208.0	337;293657;296338;+;72.9	330;287460;288248;+;74.8	353;315324;316823;+;63.9	356;318042;321230;+;58.3	174;145858;147855;-;103.8	336;292698;293648;+;46.4	174;145858;147855;-;99.0	A	9/9	split_4	182274	0	1	
NZ_CP053574.1	MPF_F	IncFIB(pB171);IncFII(p14)	185	0	0	GA	0															not_admitted	not_admitted	not_admitted	not_admitted	not_admitted	not_admitted	not_admitted	not_admitted	not_admitted	not_admitted	1	135;134332;135330;-;349.6	126;127812;129251;-;337.7	132;131102;131887;-;216.3	139;136567;139206;-;258.4	125;124960;127812;-;313.1	141;139739;141079;-;95.9	139;136567;139206;-;124.5	143;141826;142404;-;125.6	134;133724;134320;-;62.9	133;131889;133727;-;250.2	119;119340;121538;-;372.9	140;139203;139736;-;53.2	119;119340;121538;-;58.9	A	9/9	contiguous	22486	1	1	124032..124946-;304;unnamed;0
NZ_CP053606.1	MPF_F	IncFIA;IncFIB(AP001918);IncFIC(FII)	232	0	0	GA	0															not_admitted	not_admitted	not_admitted	not_admitted	not_admitted	not_admitted	not_admitted	not_admitted	not_admitted	not_admitted	1	157;147696;148688;+;368.6	168;154374;155747;+;374.3	161;151417;152160;+;234.1	154;144060;146687;+;306.8	169;155744;158560;+;386.1	148;140578;142005;+;94.3	154;144060;146687;+;98.5	146;139297;139863;+;183.8	158;148697;149335;+;67.3	159;149332;151140;+;268.0	172;160123;162276;+;391.1	152;143029;143544;+;77.3	172;160123;162276;+;69.2	A	9/9	contiguous	20826	1	1	158593..159114+;173;unnamed;0
NZ_CP053608.1	MPF_F	IncFIA;IncFIB(AP001918);IncFIC(FII)	245	0	0	GA	0															not_admitted	not_admitted	not_admitted	not_admitted	not_admitted	not_admitted	not_admitted	not_admitted	not_admitted	not_admitted	1	169;156852;157844;+;368.6	180;163530;164903;+;374.3	173;160573;161316;+;234.1	166;153216;155843;+;306.8	181;164900;167716;+;386.1	160;149734;151161;+;94.3	166;153216;155843;+;98.5	158;148453;149019;+;183.8	170;157853;158491;+;67.3	171;158488;160296;+;268.0	184;169279;171432;+;391.1	164;152185;152700;+;77.3	184;169279;171432;+;69.2	A	9/9	contiguous	20826	1	1	167749..168270+;173;unnamed;0
NZ_CP053612.1	-	-	417	0	0	GA	0															not_admitted	not_admitted	not_admitted	not_admitted	not_admitted	not_admitted	not_admitted	not_admitted	not_admitted	not_admitted	1	137;107803;109092;+;191.9	116;88319;89860;-;190.5	117;89877;90842;-;205.4	133;102903;105332;+;159.1	115;85044;88310;-;145.2	129;99329;100726;+;101.1	133;102903;105332;+;91.1	127;97240;98112;+;80.1	136;106453;107799;+;52.8	138;109092;111800;+;59.6	82;61351;63309;-;36.4	130;100735;101409;+;67.4	82;61351;63309;-;49.5	A	9/9	split_2	47741	1	1	83663..84883-;406;unnamed;0
NZ_CP053613.1	MPF_T	-	126	0	0	GA	1	29;25316;25741;-;69.4	101;86488;86868;-;29.1	100;86184;86447;-;24.5	99;83710;86187;-;59.1	99;83710;86187;-;79.7		96;81727;82725;-;52.9		34;29956;30672;-;83.5	33;29084;29959;-;146.4	32;27803;29077;-;128.3	24;19013;21253;-;142.1	94;78537;80405;-;34.3		none	none	A	7/7	canonical	0	0	unscoreable	8	0	0														not_admitted	not_admitted	not_admitted	not_admitted	not_admitted	not_admitted	not_admitted
NZ_CP053645.1	MPF_F	IncHI2;IncHI2A	320	0	0	GA	0															not_admitted	not_admitted	not_admitted	not_admitted	not_admitted	not_admitted	not_admitted	not_admitted	not_admitted	not_admitted	1	29;32275;33333;+;276.9	223;211021;212436;-;194.1	224;212426;213472;-;173.7	11;8955;11636;+;168.0	222;207062;211012;-;101.6	7;5270;6625;+;80.7	11;8955;11636;+;72.2	4;2758;3546;+;74.8	27;30622;32133;+;62.7	30;33352;36540;+;58.3	230;220513;222597;+;56.7	10;7996;8946;+;46.4	230;220513;222597;+;38.8	A	9/9	split_3	217755	0	1	
NZ_CP053646.1	MPF_T	IncX3	67	0	0	GA	1	12;5926;6570;+;46.4	13;6554;6844;+;73.1	14;6869;9622;+;47.0	14;6869;9622;+;142.4	14;6869;9622;+;73.3	15;9632;10402;+;60.1	17;10681;11736;+;133.2		18;11931;12659;+;119.4	19;12665;13594;+;138.8	20;13591;14805;+;128.3	22;15001;16035;+;65.7	23;16038;17873;+;495.9		pfam	pfam_only	A	7/7	canonical	1	1	unscoreable	2	0	0														not_admitted	not_admitted	not_admitted	not_admitted	not_admitted	not_admitted	not_admitted
NZ_CP053663.1	MPF_F	Col156;IncC;IncFIA;IncFIB(AP001918);IncFII(pRSB107)	406	0	0	GA	0															not_admitted	not_admitted	not_admitted	not_admitted	not_admitted	not_admitted	not_admitted	not_admitted	not_admitted	not_admitted	1	365;303668;304660;+;369.5	378;312419;313792;+;386.6	370;307766;308509;+;231.4	66;60490;62937;-;354.5	379;313789;316608;+;386.3	112;101459;102619;-;156.3	66;60490;62937;-;128.3	354;295415;295981;+;184.3	367;305004;305642;+;68.7	368;305639;307489;+;266.7	383;318866;321109;+;391.7	70;69918;70496;-;100.2	383;318866;321109;+;70.3	A	9/9	split_3	258376	1	1	316633..317124+;163;TraS;0
NZ_CP053668.1	MPF_F	repB(R1701)	127	0	0	GA	0															not_admitted	not_admitted	not_admitted	not_admitted	not_admitted	not_admitted	not_admitted	not_admitted	not_admitted	not_admitted	1	115;88770;89759;-;366.6	105;81856;83223;-;384.0	109;84481;85233;-;233.7	12;10389;11294;-;149.7	104;79007;81856;-;346.4	19;14487;15911;-;89.2	119;91202;92899;-;89.8	21;16638;17204;-;169.3	114;88119;88757;-;66.9	113;86105;88060;-;259.7	96;71526;73196;-;341.4	18;13789;14373;-;53.6	96;71526;73196;-;67.1	A	9/9	split_2	80813	1	1	78471..79004-;177;unnamed;0
NZ_CP053670.1	MPF_F	IncC	235	0	0	GA	0															not_admitted	not_admitted	not_admitted	not_admitted	not_admitted	not_admitted	not_admitted	not_admitted	not_admitted	not_admitted	1	234;189058;190065;+;332.9	124;106813;108246;+;339.2	123;105783;106811;+;221.7	229;183859;186306;+;354.5	125;108259;111873;+;375.3	181;144177;145337;+;156.3	229;183859;186306;+;128.3	222;173463;174089;+;92.7	232;187128;188393;+;67.9	0;22;2799;+;145.3	213;167788;169653;+;47.3	225;176300;176878;+;100.2	213;167788;169653;+;52.0	A	9/9	split_4	189036	0	1	
NZ_CP053693.1	MPF_F	IncHI2;IncHI2A	298	0	0	GA	0															not_admitted	not_admitted	not_admitted	not_admitted	not_admitted	not_admitted	not_admitted	not_admitted	not_admitted	not_admitted	1	29;32275;33333;+;276.9	200;189244;190659;-;194.1	201;190649;191695;-;173.7	11;8955;11636;+;168.0	199;185285;189235;-;101.6	7;5270;6625;+;80.7	11;8955;11636;+;72.2	4;2758;3546;+;74.8	27;30622;32133;+;62.7	30;33352;36540;+;58.3	207;198736;200820;+;56.7	10;7996;8946;+;46.4	207;198736;200820;+;38.8	A	9/9	split_3	195978	0	1	
NZ_CP053694.1	MPF_T	IncX3	67	0	0	GA	1	12;5924;6568;+;46.4	13;6552;6842;+;73.1	14;6867;9620;+;47.0	14;6867;9620;+;142.4	14;6867;9620;+;73.3	15;9630;10400;+;60.1	17;10679;11734;+;133.2		18;11929;12657;+;119.4	19;12663;13592;+;138.8	20;13589;14803;+;128.3	22;14999;16033;+;65.7	23;16036;17871;+;495.9		pfam	pfam_only	A	7/7	canonical	1	1	unscoreable	2	0	0														not_admitted	not_admitted	not_admitted	not_admitted	not_admitted	not_admitted	not_admitted
NZ_CP053711.1	-	-	253	0	0	GA	1	229;190362;191723;+;37.7	230;191853;192287;+;58.0	231;192287;192625;+;80.8	232;192618;195017;+;158.3	232;192618;195017;+;88.5	233;195041;195775;+;99.9	235;196232;197257;+;109.8		236;197503;198231;+;160.5	237;198228;199076;+;171.4	238;199076;200242;+;167.0	239;200239;201267;+;95.9	240;201276;203417;+;335.6		pfam	both	A	7/7	canonical	1	0	unscoreable	1	0	0														not_admitted	not_admitted	not_admitted	not_admitted	not_admitted	not_admitted	not_admitted
NZ_CP053714.1	-	-	36	0	0	GA	1	0;1044;2432;+;35.5	1;2422;2997;+;58.9	2;2997;3335;+;81.6	3;3328;5727;+;161.2	3;3328;5727;+;84.7	4;5751;6485;+;93.0	6;6926;7942;+;121.1		8;8190;8918;+;165.2	9;8915;9766;+;168.9	10;9763;10953;+;167.6	11;10950;11981;+;97.7	12;11990;14137;+;347.4		pfam	both	A	7/7	canonical	1	0	unscoreable	2	0	0														not_admitted	not_admitted	not_admitted	not_admitted	not_admitted	not_admitted	not_admitted
NZ_CP053721.1	MPF_F	IncFIA(HI1);IncHI1A;IncHI1B(R27)	284	0	0	GA	0															not_admitted	not_admitted	not_admitted	not_admitted	not_admitted	not_admitted	not_admitted	not_admitted	not_admitted	not_admitted	1	15;14856;15908;+;277.6	179;166678;168093;-;201.7	180;168083;169129;-;171.3	283;257436;260117;+;160.9	178;162680;166669;-;103.1	279;253730;255088;+;84.0	283;257436;260117;+;76.5	276;251278;252063;+;68.7	13;13203;14711;+;65.6	16;15931;19107;+;58.9	186;176064;178148;+;50.2	282;256477;257427;+;45.2	186;176064;178148;+;36.5	A	9/9	split_3	244233	0	1	
NZ_CP053722.1	MPF_F	IncFIB(AP001918);IncFIC(FII)	136	0	0	GA	0															not_admitted	not_admitted	not_admitted	not_admitted	not_admitted	not_admitted	not_admitted	not_admitted	not_admitted	not_admitted	1	93;75381;76373;+;369.3	102;81435;82808;+;381.2	97;79102;79845;+;233.3	90;71745;74372;+;305.4	103;82805;85627;+;385.5	84;68263;69690;+;94.5	90;71745;74372;+;98.5	82;66982;67548;+;183.4	94;76382;77020;+;68.7	95;77017;78825;+;267.8	106;87161;89314;+;391.8	88;70714;71229;+;76.7	106;87161;89314;+;70.4	A	9/9	contiguous	20179	1	1	85648..86145+;165;TraS;1
NZ_CP053724.1	MPF_F	IncFIB(AP001918);IncFIC(FII)	112	0	0	GA	0															not_admitted	not_admitted	not_admitted	not_admitted	not_admitted	not_admitted	not_admitted	not_admitted	not_admitted	not_admitted	1		69;63451;64554;-;370.7		70;64651;66477;-;304.7		74;68389;68868;-;43.0	70;64651;66477;-;49.0					71;66993;67508;-;78.0		D	3/9	contiguous	4938	0	0	
NZ_CP053726.1	MPF_T	ColKP3;IncX3	63	0	0	GA	1	29;22960;23604;+;46.4	30;23588;23878;+;73.1	31;23903;26656;+;47.0	31;23903;26656;+;142.4	31;23903;26656;+;73.3	32;26666;27436;+;60.1	34;27715;28770;+;132.8		35;28965;29693;+;119.4	36;29699;30628;+;138.8	37;30625;31839;+;128.3	39;32035;33069;+;65.7	40;33072;34907;+;495.9		pfam	pfam_only	A	7/7	canonical	1	1	unscoreable	2	0	0														not_admitted	not_admitted	not_admitted	not_admitted	not_admitted	not_admitted	not_admitted
NZ_CP053732.1	MPF_F	IncFIB(AP001918);IncFII(pSE11)	167	0	0	GA	0															not_admitted	not_admitted	not_admitted	not_admitted	not_admitted	not_admitted	not_admitted	not_admitted	not_admitted	not_admitted	1	112;111747;112739;-;369.5	98;102906;104279;-;381.7	104;106484;107227;-;234.4	115;113748;116378;-;303.6	97;100084;102909;-;373.4	123;119397;120824;-;93.4	115;113748;116378;-;98.2	125;121539;122105;-;181.9	109;110166;110804;-;70.8	106;107504;109354;-;270.9	93;95590;97842;-;391.7	120;118004;118519;-;82.3	93;95590;97842;-;70.3	A	9/9	contiguous	25949	1	1	99578..100087-;169;unnamed;0
NZ_CP053734.1	MPF_F	IncFII	82	0	0	GA	0															not_admitted	not_admitted	not_admitted	not_admitted	not_admitted	not_admitted	not_admitted	not_admitted	not_admitted	not_admitted	1	58;44955;45947;+;369.5	68;51726;53099;+;381.7	63;49053;49796;+;234.4	55;41316;43946;+;304.1	69;53096;55918;+;373.4	48;36866;38317;+;94.2	55;41316;43946;+;97.1	46;35585;36151;+;174.3	60;46291;46929;+;68.6	61;46926;48776;+;266.1	73;58190;60424;+;391.1	51;39177;39692;+;78.4	73;58190;60424;+;70.3	A	9/9	contiguous	22605	1	1	55940..56419+;159;TraS;0
NZ_CP053735.1	MPF_T	IncX4	41	0	0	GA	1	2;3383;4003;-;41.6	1;3043;3369;-;64.4	0;277;3024;-;63.8	0;277;3024;-;151.8	0;277;3024;-;46.1		39;31752;32846;-;150.1		37;30551;31237;-;169.0	36;29646;30554;-;142.4	35;28535;29653;-;163.9	34;27505;28533;-;85.0	33;25656;27473;-;314.8		none	none	A	7/7	rearranged	0	1	unscoreable	1	0	0														not_admitted	not_admitted	not_admitted	not_admitted	not_admitted	not_admitted	not_admitted
NZ_CP053737.1	MPF_F	IncFII	94	0	0	GA	0															not_admitted	not_admitted	not_admitted	not_admitted	not_admitted	not_admitted	not_admitted	not_admitted	not_admitted	not_admitted	1	70;61283;62275;+;369.5	80;68054;69427;+;381.7	75;65381;66124;+;234.4	67;57644;60274;+;304.1	81;69424;72246;+;374.0	59;52791;54242;+;94.2	67;57644;60274;+;97.1	57;51510;52076;+;174.3	72;62619;63257;+;68.6	73;63254;65104;+;266.1	85;74518;76779;+;391.1	62;55102;55617;+;78.4	85;74518;76779;+;70.3	A	9/9	contiguous	23008	1	1	72268..72747+;159;TraS;0
NZ_CP053755.1	MPF_F	IncFII(pSE11)	100	0	0	GA	0															not_admitted	not_admitted	not_admitted	not_admitted	not_admitted	not_admitted	not_admitted	not_admitted	not_admitted	not_admitted	1	19;15490;16482;-;369.5	5;7393;8766;-;386.0	12;10971;11714;-;234.4	22;17491;20121;-;297.8	4;4571;7396;-;386.5	30;23566;24993;-;93.9	22;17491;20121;-;98.7	32;25708;26274;-;174.3	17;14508;15146;-;68.6	14;11991;13796;-;267.0	0;50;2329;-;382.0	27;22167;22682;-;78.4	0;50;2329;-;66.7	A	9/9	contiguous	25658	1	1	4065..4574-;169;unnamed;0
NZ_CP053766.1	MPF_F	IncFIB(pNDM-Mar);IncHI1B(pNDM-MAR)	344	0	0	GA	0															not_admitted	not_admitted	not_admitted	not_admitted	not_admitted	not_admitted	not_admitted	not_admitted	not_admitted	not_admitted	1	270;238658;239695;-;282.3	88;69618;71027;+;190.4	87;68591;69628;+;175.7	284;251752;254469;-;149.6	89;71029;74997;+;121.3	288;256582;257952;-;65.6	284;251752;254469;-;85.2	291;259598;260458;-;79.0	271;239692;241053;-;69.9	269;235463;238648;-;59.9	80;59266;61392;-;57.7	285;254514;255251;-;56.9	80;59266;61392;-;41.0	A	9/9	split_2	200332	0	1	
NZ_CP053767.1	MPF_F	IncFIB(K);IncFII(K);IncFII(pAR0022)	211	0	0	GA	0															not_admitted	not_admitted	not_admitted	not_admitted	not_admitted	not_admitted	not_admitted	not_admitted	not_admitted	not_admitted	1	155;169030;170022;-;366.6	145;162127;163494;-;381.2	149;164752;165504;-;233.7	157;171037;173676;-;258.7	144;159278;162127;-;345.6	166;177491;178915;-;89.2	157;171037;173676;-;88.8	168;179642;180208;-;167.0	154;168379;169017;-;67.0	153;166376;168382;-;259.6	140;154480;156792;-;392.7	164;176310;176879;-;49.7	140;154480;156792;-;66.6	A	9/9	contiguous	25162	1	1	158717..159265-;182;unnamed;0
NZ_CP053768.1	MPF_F	IncFII	110	0	0	GA	0															not_admitted	not_admitted	not_admitted	not_admitted	not_admitted	not_admitted	not_admitted	not_admitted	not_admitted	not_admitted	1	86;72004;72996;+;369.5	96;78775;80148;+;381.7	91;76102;76845;+;234.4	83;68365;70995;+;304.1	97;80145;82967;+;374.0	76;63915;65366;+;94.2	83;68365;70995;+;97.1	74;62634;63200;+;174.3	88;73340;73978;+;68.6	89;73975;75825;+;266.1	101;85239;87500;+;391.1	79;66226;66741;+;78.4	101;85239;87500;+;70.3	A	9/9	contiguous	22605	1	1	82989..83468+;159;TraS;0
NZ_CP053772.1	MPF_F	IncFIB(pNDM-Mar);IncHI1B(pNDM-MAR)	361	0	0	GA	0															not_admitted	not_admitted	not_admitted	not_admitted	not_admitted	not_admitted	not_admitted	not_admitted	not_admitted	not_admitted	1	322;274400;275437;-;282.3	214;169497;170906;-;190.4	215;170896;171933;-;175.7	336;287494;290211;-;149.6	213;165527;169495;-;121.3	340;292324;293694;-;65.6	336;287494;290211;-;85.2	343;295340;296200;-;79.0	323;275434;276795;-;69.9	321;271205;274390;-;59.9	222;179132;181258;+;57.7	337;290256;290993;-;56.9	222;179132;181258;+;41.0	A	9/9	split_2	129813	0	1	
NZ_CP053773.1	MPF_F	IncFIB(K)	107	0	0	GA	0															not_admitted	not_admitted	not_admitted	not_admitted	not_admitted	not_admitted	not_admitted	not_admitted	not_admitted	not_admitted	1	46;59034;60026;-;366.6	36;52131;53498;-;381.2	40;54756;55508;-;232.3	51;63580;66219;-;258.7	35;49282;52131;-;345.6	60;70034;71458;-;89.1	51;63580;66219;-;88.8	62;72185;72751;-;167.0	45;58383;59021;-;67.0	44;56380;58386;-;259.6	31;44484;46796;-;392.7	58;68853;69422;-;49.7	31;44484;46796;-;66.6	A	9/9	contiguous	27701	1	1	48721..49269-;182;unnamed;0
NZ_CP053782.1	MPF_F	IncC	123	0	0	GA	0															not_admitted	not_admitted	not_admitted	not_admitted	not_admitted	not_admitted	not_admitted	not_admitted	not_admitted	not_admitted	1	59;48242;49249;+;330.1	110;95702;97135;+;339.0	109;94672;95700;+;224.2	54;43043;45490;+;343.7	111;97148;100750;+;375.0		54;43043;45490;+;129.9		57;46312;47577;+;67.5	60;49365;52166;+;144.6				C	7/9	split_2	54105	0	1	
NZ_CP053812.1	-	-	343	0	0	GA	0															not_admitted	not_admitted	not_admitted	not_admitted	not_admitted	not_admitted	not_admitted	not_admitted	not_admitted	not_admitted	1	9;8604;9689;+;256.2	183;158935;160359;-;182.6	184;160359;161399;-;200.7	210;187090;189705;+;201.6	182;154343;158932;-;113.5	205;183073;184419;+;115.8	210;187090;189705;+;94.5	203;181161;181811;+;83.0	7;7109;8467;+;60.0	10;9884;14200;+;64.8	198;176692;178563;+;33.4	209;186450;187079;+;62.7	198;176692;178563;+;36.4	A	9/9	split_2	179981	1	1	152920..154230-;436;unnamed;0
NZ_CP053815.1	-	-	341	0	0	GA	0															not_admitted	not_admitted	not_admitted	not_admitted	not_admitted	not_admitted	not_admitted	not_admitted	not_admitted	not_admitted	1	308;270917;272002;+;256.2	141;114766;116190;-;182.6	142;116190;117230;-;200.7	168;142921;145536;+;201.6	140;110174;114763;-;113.5	163;138904;140250;+;115.8	168;142921;145536;+;94.5	161;136992;137642;+;83.0	306;269422;270780;+;60.0	309;272197;276513;+;64.8	156;132523;134394;+;33.4	167;142281;142910;+;62.7	156;132523;134394;+;36.4	A	9/9	split_2	162023	1	1	108751..110061-;436;unnamed;0
NZ_CP053818.1	-	-	134	0	0	GA	0															not_admitted	not_admitted	not_admitted	not_admitted	not_admitted	not_admitted	not_admitted	not_admitted	not_admitted	not_admitted	1	69;40642;41610;+;321.9	74;44013;45389;+;221.8	73;43189;44013;+;150.2	64;33471;36011;+;165.7	75;45391;49431;+;136.9	62;31684;32898;+;49.6	64;33471;36011;+;87.5	60;30178;30873;+;45.4	70;41610;42335;+;70.8	66;38040;39509;+;87.7	100;62759;64690;-;326.6	63;32895;33449;+;43.6	100;62759;64690;-;73.3	A	9/9	contiguous	32581	0	1	
NZ_CP053858.1	MPF_T	-	482	0	0	GA	1	338;336250;337407;+;72.0	339;337404;337757;+;50.3	340;337760;338086;+;48.7	341;338090;340609;+;140.3	341;338090;340609;+;92.2		345;342789;343862;+;83.2		346;343986;344699;+;117.6	347;344696;345529;+;180.0	348;345538;346860;+;188.2	349;346857;347906;+;126.7	350;347875;350658;+;222.8		none	none	A	7/7	canonical	0	0	unscoreable	2	0	0														not_admitted	not_admitted	not_admitted	not_admitted	not_admitted	not_admitted	not_admitted
NZ_CP053866.1	MPF_F	IncFIB(S);IncFII(S);IncFII(pAR0022)	116	0	0	GA	0															not_admitted	not_admitted	not_admitted	not_admitted	not_admitted	not_admitted	not_admitted	not_admitted	not_admitted	not_admitted	1	18;20638;21630;-;366.7	9;14008;15390;-;392.4	12;16422;17171;-;231.0	21;22617;25265;-;314.1	8;11189;14011;-;392.2	29;27798;29219;-;91.5	21;22617;25265;-;97.8	31;29946;30512;-;188.1	16;19688;20326;-;70.6	14;17409;19235;-;268.1	5;7373;9535;-;374.1	26;26477;26992;-;96.7	5;7373;9535;-;72.1	A	9/9	contiguous	22573	1	1	10679..11167-;162;TraS;0
NZ_CP053871.1	MPF_F	IncFIB(S);IncFII(S);IncFII(pAR0022)	117	0	0	GA	0															not_admitted	not_admitted	not_admitted	not_admitted	not_admitted	not_admitted	not_admitted	not_admitted	not_admitted	not_admitted	1	18;20638;21630;-;366.7	9;14008;15390;-;392.4	12;16422;17171;-;231.0	22;23955;26603;-;314.1	8;11189;14011;-;392.2	30;29136;30557;-;91.5	22;23955;26603;-;97.8	32;31284;31850;-;188.1	16;19688;20326;-;70.6	14;17409;19235;-;268.1	5;7373;9535;-;374.1	27;27815;28330;-;96.7	5;7373;9535;-;72.1	A	9/9	contiguous	23911	1	1	10679..11167-;162;TraS;0
NZ_CP053895.1	MPF_F	-	120	0	0	GA	0															not_admitted	not_admitted	not_admitted	not_admitted	not_admitted	not_admitted	not_admitted	not_admitted	not_admitted	not_admitted	1	117;99565;100620;+;268.1	9;9909;11318;+;229.6	8;8862;9893;+;214.5	113;95086;97572;+;211.5	10;11338;14571;+;215.1	110;92370;93662;+;117.6	113;95086;97572;+;113.8	108;90719;91372;+;91.1	116;98345;99565;+;45.7	12;15043;17814;+;119.2	102;86326;88239;+;20.5	111;93679;94191;+;68.8	102;86326;88239;+;24.6	A	9/9	split_2	90703	0	1	
NZ_CP053897.1	MPF_F	-	153	0	0	GA	0															not_admitted	not_admitted	not_admitted	not_admitted	not_admitted	not_admitted	not_admitted	not_admitted	not_admitted	not_admitted	1	121;102796;103851;+;268.1	133;115459;116868;+;229.6	132;114436;115443;+;214.6	117;98317;100803;+;211.5	134;116888;120121;+;215.1	114;95601;96893;+;117.6	117;98317;100803;+;113.8	112;93950;94603;+;91.1	120;101576;102796;+;45.7	136;120593;123364;+;119.2	106;89557;91470;+;20.5	115;96910;97422;+;68.8	106;89557;91470;+;24.6	A	9/9	contiguous	31036	0	1	
NZ_CP053899.1	MPF_F	-	153	0	0	GA	0															not_admitted	not_admitted	not_admitted	not_admitted	not_admitted	not_admitted	not_admitted	not_admitted	not_admitted	not_admitted	1	97;88759;89814;-;268.1	85;75742;77151;-;229.6	86;77167;78174;-;214.6	101;91807;94293;-;211.5	84;72489;75722;-;215.1	104;95717;97009;-;117.6	101;91807;94293;-;113.8	106;98007;98660;-;91.1	98;89814;91034;-;45.7	82;69246;72017;-;119.2	112;101140;103053;-;20.5	103;95188;95700;-;68.8	112;101140;103053;-;24.6	A	9/9	contiguous	31894	0	1	
NZ_CP053924.1	-	-	68	0	0	GA	1				25;28094;30559;-;37.7	25;28094;30559;-;98.4	24;27320;28087;-;25.3	23;26127;27314;-;54.4		22;25363;26130;-;55.3		19;23341;24159;-;162.6	14;17544;18548;-;114.0	15;18585;20585;-;264.3		pfam	pfam_only	B	6/7	canonical	1	0	unscoreable	6	0	0														not_admitted	not_admitted	not_admitted	not_admitted	not_admitted	not_admitted	not_admitted
NZ_CP053926.1	-	-	156	0	0	GA	0															not_admitted	not_admitted	not_admitted	not_admitted	not_admitted	not_admitted	not_admitted	not_admitted	not_admitted	not_admitted	1	34;24612;25613;+;360.1	43;30927;32300;+;350.8	37;27960;28742;+;213.0	29;19727;22336;+;213.5	44;32304;35153;+;233.8	23;16322;17656;+;83.3	29;19727;22336;+;86.9	21;15042;15617;+;76.9	35;25613;26038;+;61.9	36;26119;27960;+;228.0	50;37620;39725;+;354.4	28;19177;19716;+;31.0	50;37620;39725;+;60.2	A	9/9	contiguous	22578	1	1	35137..35715+;192;unnamed;0
NZ_CP053984.1	MPF_T	IncP1	96	0	0	GA	1	31;24262;24852;+;23.1	20;13990;14454;+;62.5	21;14458;14769;+;51.3	22;14766;17324;+;94.6	22;14766;17324;+;113.4	27;20884;21657;+;125.5	29;21900;23618;+;148.0		23;17321;18109;+;146.4	24;18127;19020;+;181.1	26;19488;20867;+;218.3	19;12995;13960;+;131.2	90;84795;86699;-;526.9		conjscan	conjscan_only	A	7/7	canonical	1	0	unscoreable	4	0	0														not_admitted	not_admitted	not_admitted	not_admitted	not_admitted	not_admitted	not_admitted
NZ_CP054022.1	MPF_T	-	1074	0	0	GA	1	1040;1092222;1092884;-;24.3	1039;1091926;1092225;-;90.4	1038;1091582;1091920;-;103.9	1037;1089223;1091574;-;183.1	1037;1089223;1091574;-;106.5	1036;1088525;1089223;-;196.6	1034;1087371;1088291;-;162.8		1032;1086365;1087036;-;204.7	1031;1085511;1086368;-;184.7	1030;1084326;1085501;-;179.3	1029;1083323;1084318;-;106.2	677;748717;750630;+;322.3		pfam	both	A	7/7	canonical	1	0	unscoreable	2	0	0														not_admitted	not_admitted	not_admitted	not_admitted	not_admitted	not_admitted	not_admitted
NZ_CP054024.1	MPF_T	-	315	0	0	GA	1	295;292793;293968;-;71.4	251;250892;251254;+;66.3	252;251254;251580;+;67.1	253;251580;253949;+;200.2	296;293946;296465;-;94.0		292;290697;291770;-;82.7		257;255772;256485;+;173.2	290;289110;289937;-;183.9	289;287761;289098;-;192.3	288;286715;287764;-;127.2	263;261927;263621;-;485.1		none	none	A	7/7	uncallable	0	0	unscoreable	6	0	0														not_admitted	not_admitted	not_admitted	not_admitted	not_admitted	not_admitted	not_admitted
NZ_CP054028.1	MPF_T	-	1552	0	0	GA	1		1368;1406394;1406693;-;92.5	1367;1406050;1406388;-;96.8	1366;1403691;1406078;-;177.8	1366;1403691;1406078;-;109.0	1365;1402993;1403694;-;207.9	1363;1401827;1402759;-;173.3		1361;1400832;1401503;-;211.8	1360;1399978;1400835;-;182.1	1359;1398794;1399969;-;180.1	1358;1397757;1398785;-;110.8	1342;1385266;1387185;+;331.1		pfam	both	A	7/7	canonical	1	0	unscoreable	2	0	0														not_admitted	not_admitted	not_admitted	not_admitted	not_admitted	not_admitted	not_admitted
NZ_CP054030.1	MPF_T	-	306	0	0	GA	1	100;99229;100377;+;68.9	163;154731;155096;-;65.4	162;154408;154734;-;65.0	161;152039;154408;-;203.7	103;101070;103589;+;94.2		107;105765;106838;+;89.4		157;149503;150216;-;171.7	109;107598;108428;+;184.5	110;108438;109775;+;194.7	111;109772;110821;+;130.1	147;141542;143113;+;486.2		none	none	A	7/7	uncallable	0	0	unscoreable	10	0	0														not_admitted	not_admitted	not_admitted	not_admitted	not_admitted	not_admitted	not_admitted
NZ_CP054032.1	MPF_T	-	1181	0	0	GA	1	923;927449;928111;-;24.3	922;927153;927452;-;89.2	921;926809;927147;-;103.9	920;924450;926801;-;182.6	920;924450;926801;-;107.7	919;923752;924450;-;200.7	917;922598;923518;-;163.9		915;921591;922262;-;208.7	914;920737;921594;-;182.2	913;919552;920727;-;181.0	912;918504;919544;-;106.9			pfam	both	B	6/7	canonical	1	0	unscoreable	2	0	0														not_admitted	not_admitted	not_admitted	not_admitted	not_admitted	not_admitted	not_admitted
NZ_CP054035.1	MPF_T	-	310	0	0	GA	1	188;196968;198143;+;71.4	230;237060;237422;-;66.3	229;236734;237060;-;67.1	228;234365;236734;-;200.2	187;194471;196990;+;94.0		191;199166;200239;+;82.7		224;231829;232542;-;173.2	193;200999;201826;+;183.9	194;201838;203175;+;192.3	195;203172;204221;+;127.2	218;224693;226387;+;485.1		none	none	A	7/7	uncallable	0	0	unscoreable	6	0	0														not_admitted	not_admitted	not_admitted	not_admitted	not_admitted	not_admitted	not_admitted
NZ_CP054046.1	MPF_T	pIP32953	134	1	1	GA	1	91;82659;83108;-;71.3	44;38438;38728;-;68.7	43;35672;38419;-;62.9	43;35672;38419;-;142.6	43;35672;38419;-;60.2	42;34884;35597;-;109.6	38;32996;34015;-;149.9		36;32143;32775;-;188.7	35;31139;32143;-;151.7	34;29943;31142;-;168.6	33;28846;29871;-;81.1	24;22807;24591;-;45.1	118;102551;104398;+;237.6	pfam	pfam_only	A	7/7	canonical	1	1	unscoreable	48	0	1	116;100953;101930;+;352.1	125;107856;109208;+;343.7	119;104398;105186;+;206.3	108;95344;97935;+;243.1	126;109208;112120;+;321.0	34;29943;31142;-;168.6	108;95344;97935;+;111.9	103;91743;92312;+;118.2	117;101944;102567;+;67.4	118;102551;104398;+;237.6	130;113755;115965;+;377.6	107;94784;95347;+;44.8	130;113755;115965;+;59.3	A	9/9	split_2	83812	1	1	112117..112701+;194;unnamed;0
NZ_CP054130.1	MPF_T	IncX3	57	0	0	GA	1	13;8699;9343;+;46.4	14;9327;9617;+;73.1	15;9642;12395;+;47.0	15;9642;12395;+;142.4	15;9642;12395;+;73.3	16;12405;13175;+;60.1	18;13454;14509;+;133.2		19;14704;15432;+;119.4	20;15438;16367;+;138.8	21;16364;17578;+;128.3	23;17774;18808;+;65.7	24;18811;20646;+;495.9		pfam	pfam_only	A	7/7	canonical	1	1	unscoreable	2	0	0														not_admitted	not_admitted	not_admitted	not_admitted	not_admitted	not_admitted	not_admitted
NZ_CP054148.1	MPF_T	-	206	0	0	GA	1		203;216546;216950;-;78.1	202;216254;216553;-;62.2	201;213774;216242;-;184.5	201;213774;216242;-;129.0	200;212993;213763;-;48.2	198;211585;212775;-;111.6		197;210890;211567;-;120.3	196;210021;210872;-;188.3	194;208205;209533;-;220.9	204;216940;217911;-;132.1	139;150308;152278;-;551.9		conjscan	conjscan_only	A	7/7	canonical	1	0	unscoreable	3	0	0														not_admitted	not_admitted	not_admitted	not_admitted	not_admitted	not_admitted	not_admitted
NZ_CP054166.1	MPF_F	IncFIA;IncFIB(AP001918);IncFII	183	0	0	GA	0															not_admitted	not_admitted	not_admitted	not_admitted	not_admitted	not_admitted	not_admitted	not_admitted	not_admitted	not_admitted	1	90;84179;85171;-;371.6	80;77406;78779;-;388.1	86;80707;81450;-;235.0	93;86180;88807;-;303.5	79;74584;77409;-;384.7	99;90966;92393;-;91.9	93;86180;88807;-;99.0	101;93108;93674;-;182.9	89;83532;84170;-;64.9	88;81727;83535;-;268.3	76;70919;73081;-;391.6	94;89323;89838;-;76.4	76;70919;73081;-;70.4	A	9/9	contiguous	22189	1	1	74078..74587-;169;unnamed;0
NZ_CP054171.1	MPF_F	IncFII	105	0	0	GA	0															not_admitted	not_admitted	not_admitted	not_admitted	not_admitted	not_admitted	not_admitted	not_admitted	not_admitted	not_admitted	1	81;67130;68122;+;369.5	91;73901;75274;+;381.7	86;71228;71971;+;234.4	78;63491;66121;+;304.1	92;75271;78093;+;374.0	71;59041;60492;+;94.2	78;63491;66121;+;97.1	69;57760;58326;+;174.3	83;68466;69104;+;68.6	84;69101;70951;+;266.1	96;80365;82626;+;391.1	74;61352;61867;+;78.4	96;80365;82626;+;70.3	A	9/9	contiguous	22605	1	1	78115..78594+;159;TraS;0
NZ_CP054192.1	MPF_F	IncFIB(AP001918);IncFII;IncHI2;IncHI2A	435	0	0	GA	0															not_admitted	not_admitted	not_admitted	not_admitted	not_admitted	not_admitted	not_admitted	not_admitted	not_admitted	not_admitted	1	189;177974;178966;-;367.3	178;170914;172287;-;374.3	185;174502;175245;-;234.1	192;179975;182602;-;305.4	177;168101;170917;-;387.9	199;184657;186084;-;94.4	192;179975;182602;-;99.1	201;186799;187365;-;183.8	188;177327;177965;-;67.3	187;175522;177330;-;268.3	174;164385;166538;-;391.1	195;183118;183633;-;77.3	174;164385;166538;-;69.2	A	9/9	contiguous	22414	1	1	167547..168068-;173;unnamed;0
NZ_CP054197.1	-	-	39	0	0	GA	0															not_admitted	not_admitted	not_admitted	not_admitted	not_admitted	not_admitted	not_admitted	not_admitted	not_admitted	not_admitted	1	3;3165;4181;-;344.4	37;35885;37234;-;320.4	0;73;846;-;215.8	6;5240;7855;-;225.4	36;33132;35879;-;255.8	8;8412;9788;-;88.0	6;5240;7855;-;91.0	10;10516;11091;-;92.5	2;2724;3158;-;58.0	1;853;2724;-;234.1	33;30374;32509;-;371.7	7;7855;8397;-;30.2	33;30374;32509;-;62.4	A	9/9	contiguous	35812	1	1	32991..33122-;43;unnamed;0
NZ_CP054220.1	MPF_F	Col156;IncFIA;IncFIB(AP001918);IncFII(pRSB107)	147	0	0	GA	0															not_admitted	not_admitted	not_admitted	not_admitted	not_admitted	not_admitted	not_admitted	not_admitted	not_admitted	not_admitted	1	79;73720;74712;-;369.5	67;66141;67010;-;287.8	74;69871;70614;-;231.4	82;75721;78348;-;303.9	65;62822;65641;-;386.3	88;80233;81684;-;94.1	82;75721;78348;-;96.5	90;82399;82965;-;184.3	77;72738;73376;-;68.7	76;70891;72741;-;266.7	61;58366;60564;-;391.8	85;78864;79379;-;75.2	61;58366;60564;-;70.3	A	9/9	contiguous	24033	1	1	62306..62797-;163;TraS;0
NZ_CP054228.1	MPF_F	IncFIB(AP001918);IncFII	141	0	0	GA	0															not_admitted	not_admitted	not_admitted	not_admitted	not_admitted	not_admitted	not_admitted	not_admitted	not_admitted	not_admitted	1	91;100063;100650;-;195.9	77;91338;92714;-;374.3	84;94925;95668;-;231.5	94;101659;104286;-;305.4	76;88522;91341;-;387.9	101;106445;107872;-;94.3	94;101659;104286;-;98.5	103;108587;109153;-;182.9	87;97750;98388;-;68.4	86;95945;97753;-;268.3	73;84829;86991;-;391.4	97;104802;105317;-;78.4	73;84829;86991;-;70.4	A	9/9	contiguous	23758	0	1	
NZ_CP054233.1	MPF_F	Col156;IncFIB(AP001918);IncFII(29)	159	0	0	GA	0															not_admitted	not_admitted	not_admitted	not_admitted	not_admitted	not_admitted	not_admitted	not_admitted	not_admitted	not_admitted	1	96;81904;82896;-;369.5	84;74477;75850;-;381.7	91;78055;78798;-;233.1	99;83905;86535;-;304.0	83;71658;74480;-;388.5	106;89666;91093;-;93.9	99;83905;86535;-;99.3	108;91808;92374;-;183.1	94;80922;81560;-;68.6	93;79075;80925;-;271.9	79;67188;69386;-;391.2	103;88022;88537;-;74.0	79;67188;69386;-;70.3	A	9/9	contiguous	24620	1	1	71157..71636-;159;TraS;0
NZ_CP054255.1	MPF_F	IncFIB(K)(pCAV1099-114);IncFII(pKP91)	120	0	0	GA	0															not_admitted	not_admitted	not_admitted	not_admitted	not_admitted	not_admitted	not_admitted	not_admitted	not_admitted	not_admitted	1	54;60435;61424;-;363.3	44;53563;54933;-;383.0	48;56129;56881;-;228.4	58;62867;65506;-;258.7	43;50714;53563;-;341.9	68;69497;70921;-;90.9	58;62867;65506;-;89.1	70;71648;72214;-;169.1	53;59784;60422;-;64.4	52;57770;59725;-;258.1	40;46607;48898;-;392.7	66;68316;68885;-;52.6	40;46607;48898;-;66.6	A	9/9	contiguous	25041	1	1	50181..50711-;176;unnamed;0
NZ_CP054266.1	MPF_F	IncFIB(pQil);IncFII(K)	102	0	0	GA	0															not_admitted	not_admitted	not_admitted	not_admitted	not_admitted	not_admitted	not_admitted	not_admitted	not_admitted	not_admitted	1	59;41805;42794;+;366.0	69;48341;49708;+;380.7	65;46331;47083;+;233.7	55;37723;40362;+;258.5	70;49708;52557;+;345.6	47;33042;34466;+;88.8	55;37723;40362;+;88.7	45;31749;32315;+;169.3	60;42807;43445;+;67.0	61;43504;45459;+;259.7	74;55043;57355;+;392.7	48;34580;35164;+;55.4	74;55043;57355;+;66.5	A	9/9	contiguous	23294	1	1	52570..53118+;182;unnamed;0
NZ_CP054267.1	MPF_T	ColRNAI;IncX3	72	0	0	GA	1	29;24088;24732;-;46.4	28;23814;24104;-;73.1	27;21036;23789;-;47.0	27;21036;23789;-;145.4	27;21036;23789;-;73.3	26;20256;21026;-;60.1	24;18922;19977;-;133.2		23;17999;18727;-;119.4	22;17064;17993;-;138.8	21;15853;17067;-;128.3	19;14623;15657;-;65.7	18;12785;14620;-;495.9		pfam	pfam_only	A	7/7	canonical	1	1	unscoreable	2	0	0														not_admitted	not_admitted	not_admitted	not_admitted	not_admitted	not_admitted	not_admitted
NZ_CP054271.1	MPF_F	IncFII(pKP91)	194	0	0	GA	0															not_admitted	not_admitted	not_admitted	not_admitted	not_admitted	not_admitted	not_admitted	not_admitted	not_admitted	not_admitted	1	183;172806;173795;-;368.2	174;165204;166574;-;378.9	178;167770;168522;-;232.9	186;174824;177463;-;254.8	173;162382;165204;-;346.7	1;721;2139;-;84.4	186;174824;177463;-;88.2	3;2860;3426;-;148.2	182;172164;172793;-;67.3	181;170209;172164;-;253.9	170;158292;160622;-;388.9	193;179983;180567;-;53.5	170;158292;160622;-;65.2	A	9/9	split_2	179262	1	1	161742..162356-;204;TraS;0
NZ_CP054272.1	MPF_T	IncN	86	0	0	GA	1	12;11033;11767;-;32.5		9;10073;10390;-;63.3	8;7473;10073;-;113.8	8;7473;10073;-;76.4	7;6742;7455;-;105.5	5;5451;6491;-;142.4		4;4534;5232;-;131.9	3;3639;4523;-;159.7	2;2479;3639;-;156.3	1;1442;2437;-;81.2	61;51415;52944;+;38.5		pfam	both	A	7/7	canonical	1	0	unscoreable	3	0	0														not_admitted	not_admitted	not_admitted	not_admitted	not_admitted	not_admitted	not_admitted
NZ_CP054273.1	MPF_T	IncX3	56	0	0	GA	1	22;14297;14941;+;46.4	23;14925;15215;+;73.1	24;15240;17993;+;47.0	24;15240;17993;+;142.4	24;15240;17993;+;73.3	25;18003;18773;+;60.1	27;19052;20107;+;133.2		28;20302;21030;+;119.4	29;21036;21965;+;138.8	30;21962;23176;+;128.3	32;23372;24406;+;65.7	33;24409;26244;+;495.9		pfam	pfam_only	A	7/7	canonical	1	1	unscoreable	2	0	0														not_admitted	not_admitted	not_admitted	not_admitted	not_admitted	not_admitted	not_admitted
NZ_CP054279.1	MPF_F	IncFIB(pB171);IncFII(Yp);IncFII(pAR0022)	152	0	0	GA	0															not_admitted	not_admitted	not_admitted	not_admitted	not_admitted	not_admitted	not_admitted	not_admitted	not_admitted	not_admitted	1	89;88131;89117;-;368.4	81;82048;83418;-;376.7	85;84635;85384;-;218.2	92;90111;92741;-;285.5	80;79226;82048;-;336.5	98;94769;96163;-;90.9	92;90111;92741;-;98.6	100;96880;97446;-;169.9	88;87485;88114;-;66.9	87;85635;87488;-;257.4	77;75680;77890;-;384.8	97;94208;94747;-;64.9	77;75680;77890;-;63.9	A	9/9	contiguous	21200	1	1	78773..79204-;143;TraS;0
NZ_CP054280.1	MPF_F	IncFII(S);IncFII(SARC14)	120	0	0	GA	0															not_admitted	not_admitted	not_admitted	not_admitted	not_admitted	not_admitted	not_admitted	not_admitted	not_admitted	not_admitted	1	36;26039;27034;+;357.6	42;31275;32636;+;336.5	40;29862;30638;+;194.9	33;22355;24946;+;221.4	43;32638;35535;+;292.8	30;19923;21284;+;81.6	33;22355;24946;+;87.8	28;18643;19206;+;137.0	38;27401;28015;+;79.9	39;28012;29865;+;259.9	46;37114;39417;+;376.2	32;21730;22344;+;47.5	46;37114;39417;+;67.0	A	9/9	contiguous	18471	1	1	35547..36107+;186;unnamed;0
NZ_CP054284.1	MPF_T	IncN4	50	0	0	GA	1	47;32262;33002;-;34.9	45;31648;31938;-;45.6	44;31282;31596;-;65.3	43;28652;31282;-;124.9	43;28652;31282;-;86.8	42;27935;28642;-;114.7	40;26633;27676;-;126.7	39;26368;26538;-;41.4	38;25649;26365;-;145.6	37;24759;25646;-;144.4	36;23608;24762;-;174.0	35;22584;23615;-;78.5	30;16599;18176;+;54.8		pfam	both	A	7/7	canonical	1	0	ga	6	0	0														not_admitted	not_admitted	not_admitted	not_admitted	not_admitted	not_admitted	not_admitted
NZ_CP054286.1	MPF_F	IncFIB(K)	184	0	0	GA	0															not_admitted	not_admitted	not_admitted	not_admitted	not_admitted	not_admitted	not_admitted	not_admitted	not_admitted	not_admitted	1	161;151198;152190;+;366.6	171;157708;159075;+;381.2	167;155699;156451;+;232.2	158;147533;150172;+;259.3	172;159075;161918;+;345.4	148;142289;143713;+;88.4	158;147533;150172;+;88.8	146;140996;141562;+;167.0	162;152203;152841;+;67.0	163;152900;154855;+;258.5	176;164505;166814;+;393.1	150;144343;144900;+;52.7	176;164505;166814;+;66.6	A	9/9	contiguous	23509	1	1	161929..162453+;174;unnamed;0
NZ_CP054287.1	MPF_F	IncFIA(pBK30683);IncFII(pKP91)	179	0	0	GA	0															not_admitted	not_admitted	not_admitted	not_admitted	not_admitted	not_admitted	not_admitted	not_admitted	not_admitted	not_admitted	1	22;23809;24798;-;363.3	11;16624;17991;-;382.8	15;19248;20000;-;233.7	26;26255;28894;-;259.4	10;13802;16624;-;345.1	36;32856;34280;-;89.2	26;26255;28894;-;88.3	38;35007;35573;-;167.5	20;22886;23533;-;65.9	19;20872;22827;-;259.7	7;9521;11833;-;393.1	34;31660;32244;-;53.2	7;9521;11833;-;66.6	A	9/9	contiguous	25486	1	1	13176..13778-;200;TraS;0
NZ_CP054295.1	MPF_F	IncFIB(pB171);IncFII(S)	166	0	0	GA	0															not_admitted	not_admitted	not_admitted	not_admitted	not_admitted	not_admitted	not_admitted	not_admitted	not_admitted	not_admitted	1	106;106742;107737;-;357.0	100;101128;102489;-;336.1	102;103126;103905;-;196.3	109;108830;111421;-;218.1	99;98229;101126;-;290.9	112;112843;114204;-;80.7	109;108830;111421;-;87.3	114;114921;115484;-;143.8	104;105752;106366;-;79.9	103;103902;105755;-;253.1	96;94359;96650;-;375.8	110;111432;112031;-;50.4	96;94359;96650;-;65.0	A	9/9	contiguous	20562	1	1	97657..98217-;186;unnamed;0
NZ_CP054296.1	MPF_T	-	78	0	0	GA	1		14;13200;13508;+;67.6	15;13519;13836;+;84.6	16;13833;16283;+;144.0	16;13833;16283;+;84.6	17;16305;16949;+;97.0	19;17222;18235;+;161.4		21;18585;19343;+;142.7	22;19346;20167;+;197.9	23;20167;21354;+;188.9	24;21332;22369;+;83.8	25;22332;24260;+;404.0		pfam	both	A	7/7	canonical	1	0	unscoreable	2	0	0														not_admitted	not_admitted	not_admitted	not_admitted	not_admitted	not_admitted	not_admitted
NZ_CP054304.1	MPF_F	IncFIB(K);IncFII(K)	227	0	0	GA	0															not_admitted	not_admitted	not_admitted	not_admitted	not_admitted	not_admitted	not_admitted	not_admitted	not_admitted	not_admitted	1	64;68219;69211;-;366.6	52;60243;61286;-;254.9	58;63970;64722;-;232.3	67;70237;72876;-;258.7	51;57394;60243;-;344.2	18;25706;26692;+;156.9	67;70237;72876;-;88.8	78;78842;79408;-;167.0	63;67568;68206;-;67.0	62;65565;67571;-;259.0	47;53271;55580;-;393.2	74;75510;76079;-;49.7	47;53271;55580;-;65.8	A	9/9	split_2	53136	1	1	56861..57391-;176;unnamed;0
NZ_CP054356.1	MPF_F	IncFII	83	0	0	GA	0															not_admitted	not_admitted	not_admitted	not_admitted	not_admitted	not_admitted	not_admitted	not_admitted	not_admitted	not_admitted	1	59;49693;50685;+;369.5	69;56464;57837;+;381.7	64;53791;54534;+;234.4	56;46054;48684;+;297.8	70;57834;60656;+;388.5	49;41603;43054;+;93.8	56;46054;48684;+;100.0	47;40322;40888;+;175.1	61;51029;51667;+;67.9	62;51664;53514;+;267.6	74;62928;65153;+;391.1	52;43914;44429;+;82.8	74;62928;65153;+;70.3	A	9/9	contiguous	22606	1	1	60678..61157+;159;TraS;0
NZ_CP054364.1	MPF_F	IncFIB(AP001918);IncFII	140	0	0	GA	0															not_admitted	not_admitted	not_admitted	not_admitted	not_admitted	not_admitted	not_admitted	not_admitted	not_admitted	not_admitted	1	88;88285;89277;-;366.9	74;78523;79896;-;375.8	81;82104;82694;-;214.9	91;90286;92913;-;306.8	73;75704;78526;-;386.6	98;94966;96393;-;91.3	91;90286;92913;-;98.8	100;97108;97674;-;183.8	87;87638;88276;-;68.6	86;85845;87641;-;265.0	70;71986;74175;-;391.3	94;93429;93944;-;74.6	70;71986;74175;-;70.3	A	9/9	contiguous	25122	1	1	75191..75682-;163;TraS;0
NZ_CP054369.1	MPF_F	IncFIB(AP001918);IncFIC(FII)	149	0	0	GA	0															not_admitted	not_admitted	not_admitted	not_admitted	not_admitted	not_admitted	not_admitted	not_admitted	not_admitted	not_admitted	1	97;107512;108504;-;365.9	88;101077;102453;-;380.2	93;104040;104783;-;229.9	100;109513;112140;-;305.2	87;98258;101080;-;389.0	107;114195;115622;-;94.7	100;109513;112140;-;98.7	109;116337;116903;-;183.4	96;106865;107503;-;68.3	95;105060;106868;-;267.9	84;94571;96724;-;391.5	103;112656;113171;-;77.2	84;94571;96724;-;69.2	A	9/9	contiguous	21766	1	1	97757..98236-;159;TraS;0
NZ_CP054370.1	MPF_T	-	45	0	0	GA	1	26;20293;21033;-;34.8	24;19679;19969;-;46.6	23;19313;19627;-;65.3	22;16683;19313;-;123.6	22;16683;19313;-;86.6	21;15966;16673;-;116.1	19;14664;15707;-;126.7	18;14399;14569;-;41.4	17;13680;14396;-;145.6	16;12790;13677;-;146.9	15;11639;12793;-;174.0	14;10615;11646;-;78.1	8;4340;5917;+;54.8		pfam	both	A	7/7	canonical	1	0	ga	7	0	0														not_admitted	not_admitted	not_admitted	not_admitted	not_admitted	not_admitted	not_admitted
NZ_CP054381.1	MPF_F	IncFII	80	0	0	GA	0															not_admitted	not_admitted	not_admitted	not_admitted	not_admitted	not_admitted	not_admitted	not_admitted	not_admitted	not_admitted	1	56;45821;46813;+;369.5	66;52592;53965;+;381.7	61;49919;50662;+;234.4	53;42182;44812;+;297.8	67;53962;56787;+;373.4	46;37731;39182;+;93.8	53;42182;44812;+;100.0	44;36450;37016;+;175.1	58;47157;47795;+;68.6	59;47792;49642;+;267.6	71;59029;61263;+;391.7	49;40042;40557;+;82.8	71;59029;61263;+;70.3	A	9/9	contiguous	22579	1	1	56784..57293+;169;unnamed;0
NZ_CP054399.1	MPF_F	IncC	185	0	0	GA	0															not_admitted	not_admitted	not_admitted	not_admitted	not_admitted	not_admitted	not_admitted	not_admitted	not_admitted	not_admitted	1	70;59720;60727;+;332.9	132;110799;112232;+;339.2	131;109769;110797;+;221.7	65;54521;56968;+;354.5	133;112245;115859;+;375.3	60;45649;46965;+;135.0	65;54521;56968;+;128.3	58;44125;44751;+;92.7	68;57790;59055;+;67.9	71;60843;63641;+;145.3	49;38450;40315;+;47.3	61;46962;47540;+;100.2	49;38450;40315;+;52.0	A	9/9	split_2	73795	0	1	
NZ_CP054402.1	MPF_F	IncC	185	0	0	GA	0															not_admitted	not_admitted	not_admitted	not_admitted	not_admitted	not_admitted	not_admitted	not_admitted	not_admitted	not_admitted	1	157;124795;125802;+;332.9	34;28111;29544;+;339.2	33;27081;28109;+;221.7	152;119596;122043;+;354.5	35;29557;33171;+;375.3	147;110724;112040;+;135.0	152;119596;122043;+;128.3	145;109200;109826;+;92.7	155;122865;124130;+;67.9	158;125918;128716;+;145.3	136;103525;105390;+;47.3	148;112037;112615;+;100.2	136;103525;105390;+;52.0	A	9/9	split_2	98837	0	1	
NZ_CP054405.1	MPF_F	IncC	187	0	0	GA	0															not_admitted	not_admitted	not_admitted	not_admitted	not_admitted	not_admitted	not_admitted	not_admitted	not_admitted	not_admitted	1	124;95237;96244;+;332.9	186;146316;147749;+;339.2	185;145286;146314;+;221.7	117;90038;92485;+;354.5	0;1;3615;+;375.3	112;81166;82482;+;135.0	117;90038;92485;+;128.3	110;79642;80268;+;92.7	121;93735;94343;+;35.7	125;96360;99158;+;145.3	101;73968;75833;+;47.3	113;82479;83057;+;100.2	101;73968;75833;+;52.0	A	9/9	split_3	146315	0	1	
NZ_CP054408.1	MPF_F	IncC	185	0	0	GA	0															not_admitted	not_admitted	not_admitted	not_admitted	not_admitted	not_admitted	not_admitted	not_admitted	not_admitted	not_admitted	1	178;140858;141865;+;332.9	55;44173;45606;+;339.2	54;43143;44171;+;221.7	173;135659;138106;+;353.6	56;45619;49233;+;375.3	168;126787;128103;+;135.0	173;135659;138106;+;128.3	166;125263;125889;+;92.7	176;138928;140193;+;67.9	179;141981;144779;+;145.3	157;119588;121453;+;47.3	169;128100;128678;+;100.2	157;119588;121453;+;52.0	A	9/9	split_2	98838	0	1	
NZ_CP054409.1	MPF_T	IncX3	57	0	0	GA	1	41;31237;31881;+;46.4	42;31865;32155;+;73.1	43;32180;34933;+;47.0	43;32180;34933;+;142.4	43;32180;34933;+;73.3	44;34943;35713;+;60.1	46;35992;37047;+;133.2		47;37242;37970;+;119.4	48;37976;38905;+;138.8	49;38902;40116;+;128.3	51;40312;41346;+;65.7	52;41349;43184;+;495.9		pfam	pfam_only	A	7/7	canonical	1	1	unscoreable	2	0	0														not_admitted	not_admitted	not_admitted	not_admitted	not_admitted	not_admitted	not_admitted
NZ_CP054412.1	MPF_T	IncX3	57	0	0	GA	1	50;38147;38791;+;46.4	51;38775;39065;+;73.1	52;39090;41843;+;47.0	52;39090;41843;+;142.4	52;39090;41843;+;73.3	53;41853;42623;+;60.1	55;42902;43957;+;133.2		56;44152;44880;+;119.4	0;28;930;+;138.9	1;927;2141;+;128.3	3;2337;3371;+;65.7	4;3374;5209;+;495.9		pfam	pfam_only	A	7/7	canonical	1	1	unscoreable	2	0	0														not_admitted	not_admitted	not_admitted	not_admitted	not_admitted	not_admitted	not_admitted
NZ_CP054565.1	MPF_F	IncFII;IncFII(29)	139	0	0	GA	0															not_admitted	not_admitted	not_admitted	not_admitted	not_admitted	not_admitted	not_admitted	not_admitted	not_admitted	not_admitted	1	103;80883;81881;+;349.6	113;88611;90047;+;340.5	108;85979;86764;+;217.3	98;76619;79258;+;251.4	114;90047;92935;+;317.8	96;74764;76098;+;97.2	98;76619;79258;+;117.8	94;73439;74017;+;126.1	106;83441;84046;+;56.6	107;84043;85977;+;241.8	119;95779;97965;+;370.4	97;76110;76622;+;60.0	119;95779;97965;+;61.8	A	9/9	contiguous	22340	1	1	92949..93599+;216;unnamed;1
NZ_CP054582.1	MPF_F	IncFII	109	0	0	GA	0															not_admitted	not_admitted	not_admitted	not_admitted	not_admitted	not_admitted	not_admitted	not_admitted	not_admitted	not_admitted	1	5;4603;5595;+;369.5	15;11374;12747;+;381.7	10;8701;9444;+;234.4	2;964;3594;+;304.1	16;12744;15566;+;374.0	104;90382;91833;+;94.2	2;964;3594;+;97.1	102;89101;89667;+;174.3	7;5939;6577;+;68.6	8;6574;8424;+;266.1	20;17838;20045;+;391.2	107;92693;93208;+;78.4	20;17838;20045;+;70.3	A	9/9	split_2	91729	1	1	15588..16067+;159;TraS;0
NZ_CP054602.1	-	-	137	0	0	GA	1	25;26254;26691;-;75.6	24;25955;26236;-;91.2	23;25544;25822;-;63.0	22;23176;25554;-;71.8	22;23176;25554;-;51.9	19;21097;21864;-;64.2	17;19637;20665;-;118.4		16;18955;19623;-;182.1	15;18227;18949;-;178.9	14;16800;18224;-;171.4	13;15823;16800;-;115.9	4;5960;7888;+;291.6		pfam	pfam_only	A	7/7	canonical	1	0	unscoreable	10	0	0														not_admitted	not_admitted	not_admitted	not_admitted	not_admitted	not_admitted	not_admitted
NZ_CP054603.1	MPF_T	-	155	0	0	GA	1	30;31291;32445;-;71.8	34;35337;35732;-;73.6	33;35066;35278;-;57.5	32;32701;35076;-;83.4	32;32701;35076;-;47.7	29;30482;31294;-;69.4	22;25061;26137;-;128.4		28;29812;30465;-;172.4	27;29115;29810;-;162.8	26;27739;29118;-;181.5	25;26748;27734;-;104.7	6;7272;9272;+;281.9		pfam	both	A	7/7	canonical	1	0	unscoreable	3	0	0														not_admitted	not_admitted	not_admitted	not_admitted	not_admitted	not_admitted	not_admitted
NZ_CP054604.1	MPF_T	-	240	0	0	GA	1	182;175590;176744;+;75.4	178;172303;172698;+;73.6	179;172691;172969;+;87.5	180;172959;175334;+;83.4	180;172959;175334;+;47.7	183;176741;177553;+;67.9	190;181880;182959;+;124.0		184;177570;178223;+;170.2	185;178225;178920;+;166.9	186;178917;180296;+;177.4	187;180301;181287;+;105.2	197;187888;189888;-;286.2		pfam	both	A	7/7	canonical	1	0	unscoreable	9	0	0														not_admitted	not_admitted	not_admitted	not_admitted	not_admitted	not_admitted	not_admitted
NZ_CP054607.1	-	-	70	0	0	GA	1	40;27781;28926;-;77.3	44;31784;32074;-;79.1	43;31493;31771;-;74.7	42;29140;31503;-;96.6	42;29140;31503;-;44.9	39;26933;27781;-;62.3	32;21594;22664;-;116.5		38;26266;26919;-;160.9	37;25563;26264;-;170.4	36;24253;25566;-;176.6	35;23257;24252;-;106.7	31;19513;21540;+;296.5		pfam	pfam_only	A	7/7	canonical	1	0	unscoreable	3	0	0														not_admitted	not_admitted	not_admitted	not_admitted	not_admitted	not_admitted	not_admitted
NZ_CP054622.1	-	-	328	0	0	GA	0															not_admitted	not_admitted	not_admitted	not_admitted	not_admitted	not_admitted	not_admitted	not_admitted	not_admitted	not_admitted	1	114;121669;122691;+;303.2	150;151876;153294;+;303.5	149;150884;151879;+;240.7	108;115919;118369;+;258.9	151;153301;156450;+;280.7	102;106557;108041;+;132.5	108;115919;118369;+;138.1	100;104705;105358;+;109.1	113;120539;121669;+;49.0	115;122943;125678;+;157.2	91;96212;98008;+;48.2	103;108133;108756;+;78.3	91;96212;98008;+;51.8	A	9/9	split_2	57089	0	1	
NZ_CP054709.1	MPF_T	-	414	0	0	GA	1				281;279310;281499;-;23.7											none	none	D	1/7	uncallable	0	0	unscoreable	0	0	0														not_admitted	not_admitted	not_admitted	not_admitted	not_admitted	not_admitted	not_admitted
NZ_CP054841.1	MPF_T	-	563	0	0	GA	1		14;14648;15085;-;56.9	13;14340;14651;-;48.3	12;11791;14343;-;93.7	12;11791;14343;-;105.5	7;7499;8281;-;64.8	6;5743;7488;-;132.1		11;11033;11794;-;150.0	10;10124;11020;-;179.6	8;8296;9654;-;208.3	15;15098;16057;-;126.4	277;310239;312206;-;442.9		conjscan	conjscan_only	A	7/7	canonical	1	0	unscoreable	2	0	0														not_admitted	not_admitted	not_admitted	not_admitted	not_admitted	not_admitted	not_admitted
NZ_CP054842.1	MPF_T	-	186	0	0	GA	1	13;12689;13582;+;37.1	2;3464;3838;+;63.4	3;3835;4134;+;40.9	4;4121;6796;+;69.5	4;4121;6796;+;77.7	5;6838;7503;+;71.8	8;8148;9005;+;125.7		9;9005;9679;+;93.6	10;9704;10480;+;193.4	11;10482;11669;+;167.7	12;11680;12702;+;102.2	17;20548;22119;-;75.6		pfam	both	A	7/7	canonical	1	0	unscoreable	5	0	0														not_admitted	not_admitted	not_admitted	not_admitted	not_admitted	not_admitted	not_admitted
NZ_CP054910.1	MPF_F	-	97	0	0	GA	0															not_admitted	not_admitted	not_admitted	not_admitted	not_admitted	not_admitted	not_admitted	not_admitted	not_admitted	not_admitted	1	89;83659;84645;+;370.2	96;89150;90520;+;377.9	92;87178;87933;+;216.8	86;80035;82665;+;284.7	0;96;2216;+;131.3	80;76763;78157;+;89.9	86;80035;82665;+;98.5	78;75480;76046;+;170.8	90;84661;85290;+;64.9	91;85287;87167;+;260.3	2;3190;5412;+;384.8	81;78179;78718;+;65.8	2;3190;5412;+;63.9	A	9/9	split_2	89054	1	1	2494..3024+;176;unnamed;0
NZ_CP054941.1	MPF_F	IncFIA;IncFIB(AP001918);IncFII	168	0	0	GA	0															not_admitted	not_admitted	not_admitted	not_admitted	not_admitted	not_admitted	not_admitted	not_admitted	not_admitted	not_admitted	1				45;38582;41209;+;303.5			45;38582;41209;+;99.0	39;35866;36432;+;182.9			45;38582;41209;+;22.1	44;37551;38066;+;76.4		D	3/9	contiguous	2716	0	0	
NZ_CP054942.1	MPF_F	IncFII	82	0	0	GA	0															not_admitted	not_admitted	not_admitted	not_admitted	not_admitted	not_admitted	not_admitted	not_admitted	not_admitted	not_admitted	1	47;38010;39002;+;369.3	56;44064;45437;+;381.0	51;41701;42474;+;234.0	44;34371;37001;+;303.5	57;45434;48259;+;386.0	37;29666;31093;+;94.3	44;34371;37001;+;98.5	35;28385;28951;+;183.8	48;39011;39649;+;68.7	49;39646;41454;+;268.0	60;49763;51979;+;391.7	41;32221;32736;+;78.6	60;49763;51979;+;70.3	A	9/9	contiguous	21378	1	1	48256..48765+;169;unnamed;0
NZ_CP054968.1	MPF_F	IncFIB(pNDM-Mar);RepB	349	0	0	GA	0															not_admitted	not_admitted	not_admitted	not_admitted	not_admitted	not_admitted	not_admitted	not_admitted	not_admitted	not_admitted	1	280;282675;283712;-;282.3	73;56085;57494;+;190.4	72;55058;56095;+;176.7	292;294544;297261;-;149.6	74;57496;61464;+;120.1	296;299374;300744;-;65.6	292;294544;297261;-;85.2	299;302390;303250;-;78.1	281;283709;285070;-;70.0	279;279480;282665;-;59.6	65;45751;47877;-;58.0	293;297306;298043;-;56.9	65;45751;47877;-;39.7	A	9/9	split_2	256639	0	1	
NZ_CP054969.1	MPF_F	IncFII(K);IncQ1;repB(R1701)	172	0	0	GA	0															not_admitted	not_admitted	not_admitted	not_admitted	not_admitted	not_admitted	not_admitted	not_admitted	not_admitted	not_admitted	1	111;93543;94532;-;366.6	101;86629;87996;-;384.0	105;89254;90006;-;233.3	115;95975;98614;-;258.5	100;83780;86629;-;346.4	122;101807;103231;-;89.2	115;95975;98614;-;88.2	124;103958;104524;-;169.3	110;92892;93530;-;66.9	109;90878;92833;-;259.7	96;79006;81318;-;393.1	121;101109;101693;-;53.6	96;79006;81318;-;66.6	A	9/9	contiguous	24952	1	1	83244..83777-;177;unnamed;0
NZ_CP054973.1	MPF_F	IncFII(K);IncQ1;repB(R1701)	173	0	0	GA	0															not_admitted	not_admitted	not_admitted	not_admitted	not_admitted	not_admitted	not_admitted	not_admitted	not_admitted	not_admitted	1	114;97640;98629;-;366.6	104;90726;92093;-;384.0	108;93351;94103;-;233.3	118;100072;102711;-;258.5	103;87877;90726;-;346.4	125;105904;107328;-;89.2	118;100072;102711;-;88.2	127;108055;108621;-;169.3	113;96989;97627;-;66.9	112;94975;96930;-;259.7	99;83103;85415;-;393.1	124;105206;105790;-;53.6	99;83103;85415;-;66.6	A	9/9	contiguous	24952	1	1	87341..87874-;177;unnamed;0
NZ_CP054974.1	MPF_F	IncFIB(K)(pCAV1099-114);IncFII(pKP91)	132	0	0	GA	0															not_admitted	not_admitted	not_admitted	not_admitted	not_admitted	not_admitted	not_admitted	not_admitted	not_admitted	not_admitted	1	67;70850;71839;-;363.3	57;63978;65348;-;383.0	61;66544;67296;-;228.4	71;73282;75921;-;258.7	56;61129;63978;-;341.9	80;79913;81337;-;90.9	71;73282;75921;-;89.1	82;82064;82630;-;169.1	66;70199;70837;-;64.4	65;68185;70140;-;258.1	53;57022;59313;-;393.1	78;78732;79301;-;52.6	53;57022;59313;-;66.6	A	9/9	contiguous	25042	1	1	60596..61126-;176;unnamed;0
NZ_CP054978.1	MPF_F	IncFIB(pNDM-Mar);IncHI1B(pNDM-MAR)	222	0	0	GA	0															not_admitted	not_admitted	not_admitted	not_admitted	not_admitted	not_admitted	not_admitted	not_admitted	not_admitted	not_admitted	1	153;132404;133441;-;282.3	73;55066;56475;+;190.4	72;54039;55076;+;177.5	165;144273;146990;-;149.6	74;56477;60391;+;120.2	169;149103;150473;-;65.6	165;144273;146990;-;85.2	172;152119;152979;-;79.0	154;133438;134799;-;69.9	152;129212;132394;-;60.1	65;44715;46841;-;57.7	166;147035;147772;-;56.9	65;44715;46841;-;41.0	A	9/9	split_2	107404	0	1	
NZ_CP054979.1	MPF_F	IncFIA;IncFIB(AP001918);IncFIC(FII)	155	0	0	GA	0															not_admitted	not_admitted	not_admitted	not_admitted	not_admitted	not_admitted	not_admitted	not_admitted	not_admitted	not_admitted	1	83;94351;95343;-;369.3	72;87292;88665;-;378.0	79;90879;91622;-;234.5	86;96352;98979;-;305.4	71;84473;87295;-;389.5	92;101034;102461;-;94.3	86;96352;98979;-;98.5	94;103176;103742;-;182.9	82;93704;94342;-;68.4	81;91899;93707;-;268.4	68;80791;82944;-;391.9	88;99495;100010;-;78.4	68;80791;82944;-;70.4	A	9/9	contiguous	22385	1	1	83960..84451-;163;TraS;0
NZ_CP054980.1	MPF_F	IncFIC(FII);IncR	136	0	0	GA	0															not_admitted	not_admitted	not_admitted	not_admitted	not_admitted	not_admitted	not_admitted	not_admitted	not_admitted	not_admitted	1	117;102787;103779;+;369.3	125;108475;109848;+;380.7	121;106511;107254;+;232.7	114;99151;101778;+;303.5	126;109845;112667;+;380.3	110;95812;97239;+;94.3	114;99151;101778;+;100.3	108;94531;95097;+;183.8	118;103788;104426;+;68.3	119;104423;106231;+;268.3	129;114201;116381;+;391.8	113;98120;98635;+;78.0	129;114201;116381;+;70.4	A	9/9	contiguous	19670	1	1	112688..113185+;165;TraS;0
NZ_CP054985.1	MPF_F	IncFIB(K);IncFII(K);IncFII(pAR0022)	224	0	0	GA	0															not_admitted	not_admitted	not_admitted	not_admitted	not_admitted	not_admitted	not_admitted	not_admitted	not_admitted	not_admitted	1	181;191350;192339;-;363.3	170;184164;185531;-;384.1	174;186789;187541;-;233.7	185;193796;196435;-;259.0	169;181342;184164;-;346.4	195;200363;201787;-;89.5	185;193796;196435;-;88.7	197;202514;203080;-;167.0	179;190427;191074;-;65.9	178;188413;190368;-;259.7	165;176413;178725;-;393.1	193;199167;199751;-;53.8	165;176413;178725;-;66.6	A	9/9	contiguous	26101	1	1	180717..181319-;200;TraS;0
NZ_CP054986.1	MPF_F	IncFII(K);repB(R1701)	155	0	0	GA	0															not_admitted	not_admitted	not_admitted	not_admitted	not_admitted	not_admitted	not_admitted	not_admitted	not_admitted	not_admitted	1	96;78293;79282;-;366.6	67;57605;58972;-;384.0	90;74004;74756;-;233.7	100;80725;83364;-;258.5	66;54756;57605;-;346.4	107;86557;87981;-;89.2	100;80725;83364;-;88.2	109;88708;89274;-;169.3	95;77642;78280;-;66.9	94;75628;77583;-;259.7	62;49982;52294;-;393.1	106;85859;86443;-;53.6	62;49982;52294;-;66.6	A	9/9	contiguous	38726	1	1	54220..54753-;177;unnamed;0
NZ_CP054993.1	MPF_F	IncFII(pCoo)	105	0	0	GA	0															not_admitted	not_admitted	not_admitted	not_admitted	not_admitted	not_admitted	not_admitted	not_admitted	not_admitted	not_admitted	1	79;59517;60509;+;369.3	91;66907;68280;+;376.8	85;64229;64972;+;233.3	76;55881;58508;+;306.8	92;68277;71099;+;389.2	70;52407;53834;+;94.3	76;55881;58508;+;98.5	68;51126;51692;+;183.8	82;61506;62144;+;68.6	83;62141;63949;+;268.3	96;73371;75623;+;391.7	74;54850;55365;+;78.4	96;73371;75623;+;70.3	A	9/9	contiguous	22245	1	1	71120..71617+;165;TraS;0
NZ_CP054994.1	MPF_F	IncFII(pSE11)	108	0	0	GA	0															not_admitted	not_admitted	not_admitted	not_admitted	not_admitted	not_admitted	not_admitted	not_admitted	not_admitted	not_admitted	1	104;80708;81847;+;349.6			102;79092;79565;+;74.4		96;75753;77180;+;94.3	103;79565;80590;+;101.9	94;74472;75038;+;183.8			103;79565;80590;+;27.8	99;78061;78576;+;78.4		D	4/9	contiguous	6236	0	0	
NZ_CP054998.1	MPF_F	IncFIB(K);IncFII(pKP91)	215	0	0	GA	0															not_admitted	not_admitted	not_admitted	not_admitted	not_admitted	not_admitted	not_admitted	not_admitted	not_admitted	not_admitted	1	142;144579;145568;-;359.7	131;136629;137996;-;382.8	135;139254;140006;-;235.0	146;147011;149650;-;259.3	130;133807;136629;-;346.6	154;153236;154660;-;89.3	146;147011;149650;-;88.8	156;155387;155953;-;167.0	141;143928;144566;-;64.4	140;141914;143869;-;259.7	126;129557;131839;-;391.8	152;152049;152606;-;52.1	126;129557;131839;-;64.2	A	9/9	contiguous	25830	1	1	133181..133783-;200;TraS;0
NZ_CP055001.1	MPF_F	IncFIB(AP001918);IncFIC(FII)	147	0	0	GA	0															not_admitted	not_admitted	not_admitted	not_admitted	not_admitted	not_admitted	not_admitted	not_admitted	not_admitted	not_admitted	1	80;76401;77393;-;369.3	72;70332;71705;-;380.7	76;72926;73669;-;232.7	83;78402;81029;-;303.5	71;67513;70335;-;379.0	87;82941;84368;-;94.3	83;78402;81029;-;100.3	89;85083;85649;-;183.8	79;75754;76392;-;68.3	78;73949;75757;-;268.3	68;63790;65979;-;391.8	84;81545;82060;-;78.0	68;63790;65979;-;70.4	A	9/9	contiguous	21293	1	1	66995..67492-;165;TraS;0
NZ_CP055006.1	MPF_F	IncFIB(pECLA);IncFII(pECLA)	132	0	0	GA	0															not_admitted	not_admitted	not_admitted	not_admitted	not_admitted	not_admitted	not_admitted	not_admitted	not_admitted	not_admitted	1	107;84567;85565;+;366.5	116;90802;92166;+;359.3	110;88031;88813;+;215.2	99;78561;81170;+;214.8	117;92166;95564;+;306.6	89;73840;75243;+;90.6	99;78561;81170;+;103.7	87;72510;73091;+;102.7	108;85576;86202;+;64.0	109;86199;88034;+;223.2	121;97756;100347;+;367.6	97;77774;78313;+;44.1	121;97756;100347;+;71.2	A	9/9	contiguous	25246	1	1	95566..96255+;229;unnamed;0
NZ_CP055011.1	MPF_F	IncFIB(pNDM-Mar);IncHI1B(pNDM-MAR);IncQ1	302	0	0	GA	0															not_admitted	not_admitted	not_admitted	not_admitted	not_admitted	not_admitted	not_admitted	not_admitted	not_admitted	not_admitted	1	232;206567;207604;-;282.3	75;59134;60543;+;190.4	74;58107;59144;+;176.7	244;218436;221153;-;149.6	76;60545;64513;+;120.1	248;223266;224636;-;65.6	244;218436;221153;-;85.2	251;226282;227142;-;79.0	233;207601;208962;-;70.0	231;203372;206557;-;59.6	67;48800;50926;-;58.0	245;221198;221935;-;56.9	67;48800;50926;-;39.7	A	9/9	split_2	177482	0	1	
NZ_CP055012.1	MPF_F	IncA	279	0	0	GA	0															not_admitted	not_admitted	not_admitted	not_admitted	not_admitted	not_admitted	not_admitted	not_admitted	not_admitted	not_admitted	1	87;66060;67064;+;330.1	268;223705;225138;+;336.4	267;222675;223703;+;223.9	82;60855;63302;+;352.8	269;225151;228756;+;377.7	76;50716;52032;+;136.3	82;60855;63302;+;130.4	74;49192;49818;+;94.3	85;64124;65392;+;69.7	88;67215;69953;+;138.7	65;43537;45402;+;46.9	77;52029;52607;+;98.1	65;43537;45402;+;51.6	A	9/9	split_2	181614	0	1	
NZ_CP055013.1	MPF_F	IncFIA(pBK30683);IncFII(pKP91)	185	0	0	GA	0															not_admitted	not_admitted	not_admitted	not_admitted	not_admitted	not_admitted	not_admitted	not_admitted	not_admitted	not_admitted	1	155;138225;139217;+;362.9	168;146808;148175;+;382.8	164;144798;145550;+;233.7	152;134560;137199;+;260.8	169;148175;151018;+;340.4	142;129311;130735;+;88.9	152;134560;137199;+;83.9	140;128018;128584;+;167.1	159;141248;141895;+;65.7	160;141954;143909;+;257.4	173;153484;155784;+;392.7	144;131367;131939;+;54.6	173;153484;155784;+;66.6	A	9/9	contiguous	25466	1	1	151021..151551+;176;unnamed;0
NZ_CP055014.1	MPF_F	IncFII(pBK30683)	117	0	0	GA	0															not_admitted	not_admitted	not_admitted	not_admitted	not_admitted	not_admitted	not_admitted	not_admitted	not_admitted	not_admitted	1	92;72445;73434;+;367.7	102;78981;80348;+;381.2	98;76971;77723;+;232.2	88;68363;71002;+;258.5	103;80348;83197;+;345.6	80;63745;65169;+;89.2	88;68363;71002;+;87.8	78;62452;63018;+;168.5	93;73447;74085;+;66.0	94;74144;76099;+;259.6	107;85683;87983;+;393.1	81;65283;65867;+;53.6	107;85683;87983;+;66.6	A	9/9	contiguous	23231	1	1	83210..83758+;182;unnamed;0
NZ_CP055016.1	MPF_F	IncFIB(AP001918)	210	0	0	GA	0															not_admitted	not_admitted	not_admitted	not_admitted	not_admitted	not_admitted	not_admitted	not_admitted	not_admitted	not_admitted	1	159;142764;143756;-;369.3	148;135341;136717;-;381.0	153;138304;139047;-;231.8	162;144765;147392;-;305.5	147;132519;135344;-;389.3	170;150760;152187;-;94.1	162;144765;147392;-;97.2	172;152902;153468;-;183.8	156;141129;141767;-;68.6	155;139324;141132;-;268.0	144;128798;131014;-;391.7	165;147908;148423;-;77.3	144;128798;131014;-;70.3	A	9/9	contiguous	24104	1	1	132013..132522-;169;unnamed;0
NZ_CP055020.1	MPF_F	IncFIA;IncFIB(AP001918);IncFII	176	0	0	GA	0															not_admitted	not_admitted	not_admitted	not_admitted	not_admitted	not_admitted	not_admitted	not_admitted	not_admitted	not_admitted	1	67;58233;59225;-;367.4	57;51173;52546;-;380.9	63;54761;55504;-;235.0	70;60234;62861;-;305.4	100;81912;84509;+;327.5	76;64916;66343;-;94.3	70;60234;62861;-;98.5	78;67058;67624;-;183.8	66;57586;58224;-;68.6	65;55781;57589;-;268.3	103;86012;88201;+;391.3	72;63377;63892;-;78.4	103;86012;88201;+;70.4	A	9/9	contiguous	34839	1	1	84506..85015+;169;unnamed;0
NZ_CP055026.1	MPF_T	IncX1	63	0	0	GA	1	25;14915;15559;+;47.1	26;15543;15833;+;73.5	27;15857;18616;+;44.8	27;15857;18616;+;133.3	27;15857;18616;+;71.9	28;18618;19355;+;57.5	30;19637;20692;+;131.7		31;20882;21604;+;116.0	32;21610;22539;+;132.4	33;22536;23750;+;128.6	34;23768;24805;+;66.4	35;24810;26645;+;543.4		pfam	pfam_only	A	7/7	canonical	1	1	unscoreable	1	0	0														not_admitted	not_admitted	not_admitted	not_admitted	not_admitted	not_admitted	not_admitted
NZ_CP055038.1	MPF_F	IncFII(K);IncQ1;repB(R1701)	173	0	0	GA	0															not_admitted	not_admitted	not_admitted	not_admitted	not_admitted	not_admitted	not_admitted	not_admitted	not_admitted	not_admitted	1	114;97648;98637;-;366.6	104;90734;92101;-;384.0	108;93359;94111;-;233.3	118;100080;102719;-;258.5	103;87885;90734;-;346.4	125;105912;107336;-;89.2	118;100080;102719;-;88.2	127;108063;108629;-;169.3	113;96997;97635;-;66.9	112;94983;96938;-;259.7	99;83111;85423;-;393.1	124;105214;105798;-;53.6	99;83111;85423;-;66.6	A	9/9	contiguous	24952	1	1	87349..87882-;177;unnamed;0
NZ_CP055042.1	MPF_T	IncFIB(K);IncN	94	0	0	GA	1	27;24495;25157;-;48.3	26;24185;24484;-;36.6	25;21425;24175;-;61.8	25;21425;24175;-;134.0	25;21425;24175;-;47.3	24;20690;21406;-;137.0	22;19369;20376;-;137.8		20;18473;19159;-;158.3	19;17587;18480;-;147.4	18;16394;17590;-;134.7	17;15341;16390;-;71.5	10;8696;10603;-;24.3		pfam	pfam_only	A	7/7	canonical	1	1	unscoreable	8	0	0														not_admitted	not_admitted	not_admitted	not_admitted	not_admitted	not_admitted	not_admitted
NZ_CP055043.1	MPF_T	IncX1	62	0	0	GA	1	35;22164;22808;+;47.1	36;22792;23082;+;73.5	37;23106;25865;+;44.8	37;23106;25865;+;133.3	37;23106;25865;+;71.9	38;25867;26604;+;57.5	40;26886;27941;+;131.7		41;28131;28853;+;116.0	42;28859;29788;+;132.4	43;29785;30999;+;128.6	44;31017;32054;+;66.4	45;32059;33894;+;543.4		pfam	pfam_only	A	7/7	canonical	1	1	unscoreable	1	0	0														not_admitted	not_admitted	not_admitted	not_admitted	not_admitted	not_admitted	not_admitted
NZ_CP055050.1	MPF_T	IncX1	61	0	0	GA	1	50;41187;41831;-;47.1	49;40913;41203;-;73.5	48;38130;40889;-;44.8	48;38130;40889;-;133.3	48;38130;40889;-;71.9	47;37391;38128;-;57.5	45;36054;37109;-;131.7		44;35142;35864;-;116.0	43;34207;35136;-;132.4	42;32996;34210;-;128.6	41;31941;32978;-;66.4	40;30101;31936;-;543.4		pfam	pfam_only	A	7/7	canonical	1	1	unscoreable	1	0	0														not_admitted	not_admitted	not_admitted	not_admitted	not_admitted	not_admitted	not_admitted
NZ_CP055053.1	MPF_F	IncFIB(AP001918);IncFIC(FII)	135	0	0	GA	0															not_admitted	not_admitted	not_admitted	not_admitted	not_admitted	not_admitted	not_admitted	not_admitted	not_admitted	not_admitted	1	65;67586;68578;-;369.3	56;61152;62528;-;381.0	61;64114;64857;-;231.1	68;69587;72217;-;306.8	55;58330;61155;-;389.2	77;75655;77082;-;94.7	68;69587;72217;-;98.5	79;77797;78363;-;183.8	64;66939;67577;-;68.6	63;65134;66942;-;268.0	52;54665;56827;-;391.8	74;74256;74771;-;76.4	52;54665;56827;-;70.4	A	9/9	contiguous	23132	1	1	57824..58333-;169;unnamed;0
NZ_CP055054.1	MPF_T	IncN	54	0	0	GA	1	19;14932;15672;+;34.8	21;15996;16286;+;45.9	22;16336;16650;+;65.3	23;16650;19280;+;124.9	23;16650;19280;+;86.8	24;19290;19997;+;114.6	26;20256;21299;+;126.7	27;21394;21564;+;41.4	28;21567;22283;+;145.6	29;22286;23173;+;144.4	30;23170;24324;+;174.0	31;24317;25348;+;78.1	36;29756;31333;-;50.6		pfam	both	A	7/7	canonical	1	0	ga	6	0	0														not_admitted	not_admitted	not_admitted	not_admitted	not_admitted	not_admitted	not_admitted
NZ_CP055056.1	MPF_F	IncFIB(AP001918);IncFIC(FII)	135	0	0	GA	0															not_admitted	not_admitted	not_admitted	not_admitted	not_admitted	not_admitted	not_admitted	not_admitted	not_admitted	not_admitted	1	65;67586;68578;-;369.3	56;61152;62528;-;381.0	61;64114;64857;-;231.1	68;69587;72217;-;306.8	55;58330;61155;-;389.2	77;75655;77082;-;94.7	68;69587;72217;-;98.5	79;77797;78363;-;183.8	64;66939;67577;-;68.6	63;65134;66942;-;268.0	52;54665;56827;-;391.8	74;74256;74771;-;76.4	52;54665;56827;-;70.4	A	9/9	contiguous	23132	1	1	57824..58333-;169;unnamed;0
NZ_CP055058.1	MPF_F	IncFIB(pNDM-Mar);IncHI1B(pNDM-MAR)	263	0	0	GA	0															not_admitted	not_admitted	not_admitted	not_admitted	not_admitted	not_admitted	not_admitted	not_admitted	not_admitted	not_admitted	1	191;169011;170048;-;282.3	77;57270;58679;+;190.4	76;56243;57280;+;175.6	203;180880;183597;-;149.6	78;58681;62595;+;120.2	207;185710;187080;-;65.6	203;180880;183597;-;85.2	210;188726;189586;-;79.0	192;170045;171406;-;69.9	190;165819;169001;-;60.1	69;46918;49044;-;57.7	204;183642;184379;-;56.9	69;46918;49044;-;41.0	A	9/9	split_2	141808	0	1	
NZ_CP055059.1	MPF_F	IncFII(K);IncQ1;repB(R1701)	179	0	0	GA	0															not_admitted	not_admitted	not_admitted	not_admitted	not_admitted	not_admitted	not_admitted	not_admitted	not_admitted	not_admitted	1	120;103367;104356;-;366.6	110;96453;97820;-;384.0	114;99078;99830;-;233.3	124;105799;108438;-;258.5	109;93604;96453;-;346.4	131;111631;113055;-;89.2	124;105799;108438;-;88.2	133;113782;114348;-;169.3	119;102716;103354;-;66.9	118;100702;102657;-;259.7	105;88830;91142;-;393.1	130;110933;111517;-;53.6	105;88830;91142;-;66.6	A	9/9	contiguous	24952	1	1	93068..93601-;177;unnamed;0
NZ_CP055064.1	MPF_F	IncHI2;IncHI2A	346	0	0	GA	0															not_admitted	not_admitted	not_admitted	not_admitted	not_admitted	not_admitted	not_admitted	not_admitted	not_admitted	not_admitted	1	139;124573;125631;-;276.9	259;235960;237375;+;194.1	258;234924;235970;+;174.3	155;144946;147627;-;168.0	260;237384;241337;+;101.6	159;149957;151312;-;80.7	155;144946;147627;-;72.2	162;153036;153824;-;74.8	141;125773;127284;-;62.0	138;121366;124554;-;57.3	251;225798;227882;-;56.8	156;147636;148586;-;46.1	251;225798;227882;-;38.8	A	9/9	split_2	116018	1	1	241518..242807+;429;unnamed;0
NZ_CP055067.1	MPF_F	IncFIB(K);IncFII(K);IncQ1	198	0	0	GA	0															not_admitted	not_admitted	not_admitted	not_admitted	not_admitted	not_admitted	not_admitted	not_admitted	not_admitted	not_admitted	1	147;142711;143703;-;366.6	137;135827;137194;-;381.2	141;138451;139203;-;232.2	150;144729;147368;-;259.3	136;132978;135827;-;346.5	158;150954;152378;-;89.3	150;144729;147368;-;88.8	160;153105;153671;-;167.0	146;142060;142698;-;67.0	145;140046;142001;-;259.2	132;128853;131162;-;392.7	156;149767;150324;-;52.5	132;128853;131162;-;66.6	A	9/9	contiguous	24252	1	1	132445..132975-;176;unnamed;0
NZ_CP055071.1	MPF_F	IncFIC(FII);IncR	155	0	0	GA	0															not_admitted	not_admitted	not_admitted	not_admitted	not_admitted	not_admitted	not_admitted	not_admitted	not_admitted	not_admitted	1	136;122267;123259;+;369.3	144;127955;129328;+;380.7	140;125991;126734;+;232.7	133;118631;121258;+;303.5	145;129325;132147;+;380.3	129;115292;116719;+;94.3	133;118631;121258;+;100.3	127;114011;114577;+;183.8	137;123268;123906;+;68.3	138;123903;125711;+;268.3	148;133681;135861;+;391.8	132;117600;118115;+;78.0	148;133681;135861;+;70.4	A	9/9	contiguous	19670	1	1	132168..132665+;165;TraS;0
NZ_CP055072.1	MPF_T	IncP1	71	0	0	GA	1		34;22814;23197;+;68.7	35;23200;23526;+;50.6	36;23523;26066;+;96.2	36;23523;26066;+;107.0	41;29542;30312;+;104.8	42;30503;32062;+;113.8		37;26063;26770;+;92.6	38;26786;27676;+;152.4	40;28135;29529;+;224.7	33;21744;22700;+;135.2	3;1430;3376;-;442.7		conjscan	conjscan_only	A	7/7	canonical	1	0	unscoreable	2	0	0														not_admitted	not_admitted	not_admitted	not_admitted	not_admitted	not_admitted	not_admitted
NZ_CP055073.1	MPF_T	IncX1	61	0	0	GA	1	28;17131;17775;+;46.1	29;17759;18049;+;73.5	30;18073;20832;+;44.8	30;18073;20832;+;133.3	30;18073;20832;+;71.9	31;20834;21571;+;57.5	33;21853;22908;+;131.7		34;23098;23820;+;116.0	35;23826;24755;+;132.4	36;24752;25966;+;128.6	37;25984;27021;+;66.4	38;27026;28861;+;543.4		pfam	pfam_only	A	7/7	canonical	1	1	unscoreable	1	0	0														not_admitted	not_admitted	not_admitted	not_admitted	not_admitted	not_admitted	not_admitted
NZ_CP055077.1	MPF_F	IncFII(pSE11)	83	0	0	GA	0															not_admitted	not_admitted	not_admitted	not_admitted	not_admitted	not_admitted	not_admitted	not_admitted	not_admitted	not_admitted	1	55;41908;42900;+;369.5	67;48954;50327;+;381.7	60;46006;46749;+;234.4	52;38269;40899;+;297.8	68;50324;53149;+;374.0	45;33800;35227;+;93.9	52;38269;40899;+;98.7	43;32519;33085;+;174.3	57;43244;43882;+;67.3	58;43879;45729;+;266.9	72;55391;57634;+;391.7	48;36111;36626;+;78.4	72;55391;57634;+;70.3	A	9/9	contiguous	22872	1	1	53146..53655+;169;unnamed;0
NZ_CP055078.1	MPF_T	-	53	0	0	GA	1	27;17395;18129;+;32.0		30;18772;19089;+;65.0	31;19089;21689;+;115.9	31;19089;21689;+;76.8	32;21707;22420;+;105.6	34;22671;23723;+;153.3	35;23806;23952;+;33.6	36;23942;24640;+;136.5	37;24651;25535;+;160.9	38;25535;26695;+;156.1	39;26738;27733;+;81.8	44;32608;34137;-;46.8		pfam	both	A	7/7	canonical	1	0	ga	7	0	0														not_admitted	not_admitted	not_admitted	not_admitted	not_admitted	not_admitted	not_admitted
NZ_CP055079.1	-	-	44	0	0	GA	1	39;26970;27572;+;51.9	40;27569;27856;+;49.4	41;27872;30607;+;59.5	41;27872;30607;+;140.2	41;27872;30607;+;57.3	42;30617;31330;+;113.0	0;50;580;+;38.7		1;765;1454;+;140.3	2;1451;2359;+;132.8	3;2349;3632;+;128.8	4;3632;4666;+;85.6	5;4653;6485;+;410.3		pfam	pfam_only	A	7/7	rearranged	1	1	unscoreable	0	0	0														not_admitted	not_admitted	not_admitted	not_admitted	not_admitted	not_admitted	not_admitted
NZ_CP055100.1	MPF_F	IncFIB(AP001918);IncFIC(FII)	182	0	0	GA	0															not_admitted	not_admitted	not_admitted	not_admitted	not_admitted	not_admitted	not_admitted	not_admitted	not_admitted	not_admitted	1	134;131186;132178;-;369.3	123;124127;125500;-;378.0	130;127714;128457;-;234.1	137;133187;135814;-;305.4	122;121308;124130;-;389.5	143;137869;139296;-;94.3	137;133187;135814;-;98.5	145;140011;140577;-;183.8	133;130539;131177;-;68.4	132;128734;130542;-;268.4	119;117626;119779;-;391.9	139;136330;136845;-;78.4	119;117626;119779;-;70.4	A	9/9	contiguous	22385	1	1	120795..121286-;163;TraS;0
NZ_CP055102.1	MPF_T	IncI2	78	0	0	GA	1	40;30168;30650;-;81.1		55;46246;46530;-;36.6	54;43883;46240;-;58.5	54;43883;46240;-;44.9	65;52058;52702;-;41.0	66;52708;53703;-;123.7		52;42983;43717;-;144.3	51;42216;42986;-;170.4	50;41087;42226;-;154.7	43;32418;33956;-;207.1	48;38039;39997;-;287.4		pfam	pfam_only	A	7/7	rearranged	1	0	unscoreable	15	0	0														not_admitted	not_admitted	not_admitted	not_admitted	not_admitted	not_admitted	not_admitted
NZ_CP055103.1	MPF_T	IncP1	50	0	0	GA	1	42;36815;37588;-;21.5	2;3380;3763;-;68.3	1;3051;3377;-;50.2	0;511;3054;-;99.2	0;511;3054;-;108.9	46;39658;40428;-;107.5	44;37923;39518;-;116.6			49;42285;43175;-;156.2	47;40441;41835;-;218.2	3;3877;4833;-;133.6	26;22235;24178;+;443.4		conjscan	conjscan_only	B	6/7	rearranged	1	0	unscoreable	4	0	0														not_admitted	not_admitted	not_admitted	not_admitted	not_admitted	not_admitted	not_admitted
NZ_CP055107.1	MPF_F	IncFIB(pNDM-Mar);RepB	327	0	0	GA	0															not_admitted	not_admitted	not_admitted	not_admitted	not_admitted	not_admitted	not_admitted	not_admitted	not_admitted	not_admitted	1	254;233324;234361;-;282.3	64;51158;52567;+;190.4	63;50131;51168;+;176.7	266;245193;247910;-;149.6	65;52569;56537;+;121.3	270;250023;251393;-;65.6	266;245193;247910;-;85.2	273;253039;253899;-;78.1	255;234358;235719;-;69.9	250;227942;231124;-;59.0	55;40824;42950;-;57.7	267;247955;248692;-;56.9	55;40824;42950;-;41.0	A	9/9	split_2	212215	0	1	
NZ_CP055110.1	MPF_F	IncFIB(AP001918);IncFIC(FII)	187	0	0	GA	0															not_admitted	not_admitted	not_admitted	not_admitted	not_admitted	not_admitted	not_admitted	not_admitted	not_admitted	not_admitted	1	139;136650;137642;-;369.3	128;129591;130964;-;378.0	135;133178;133921;-;234.1	142;138651;141278;-;305.4	127;126772;129594;-;389.5	148;143333;144760;-;94.3	142;138651;141278;-;98.5	150;145475;146041;-;183.8	138;136003;136641;-;68.4	137;134198;136006;-;268.4	124;123090;125243;-;391.9	144;141794;142309;-;78.4	124;123090;125243;-;70.4	A	9/9	contiguous	22385	1	1	126259..126750-;163;TraS;0
NZ_CP055120.1	MPF_F	IncFIB(K);IncFII(K)	189	0	0	GA	0															not_admitted	not_admitted	not_admitted	not_admitted	not_admitted	not_admitted	not_admitted	not_admitted	not_admitted	not_admitted	1	138;135328;136320;-;366.6	128;128444;129811;-;381.2	132;131068;131820;-;232.2	141;137346;139985;-;259.3	127;125595;128444;-;346.5	149;143571;144995;-;89.3	141;137346;139985;-;88.8	151;145722;146288;-;167.0	137;134677;135315;-;67.0	136;132663;134618;-;259.2	123;121470;123779;-;392.7	147;142384;142941;-;52.5	123;121470;123779;-;66.6	A	9/9	contiguous	24252	1	1	125062..125592-;176;unnamed;0
NZ_CP055168.1	MPF_F	IncFIB(AP001918);IncFIC(FII)	142	0	0	GA	0															not_admitted	not_admitted	not_admitted	not_admitted	not_admitted	not_admitted	not_admitted	not_admitted	not_admitted	not_admitted	1	91;83130;84122;-;369.3	80;76071;77444;-;378.0	87;79658;80401;-;234.1	94;85131;87758;-;305.4	79;73252;76074;-;389.5	100;89813;91240;-;94.3	94;85131;87758;-;98.5	102;91955;92344;-;137.4	90;82483;83121;-;68.4	89;80678;82486;-;268.4	76;69570;71723;-;391.9	96;88274;88789;-;78.4	76;69570;71723;-;70.4	A	9/9	contiguous	22385	1	1	72739..73230-;163;TraS;0
NZ_CP055171.1	MPF_F	IncFIB(AP001918);IncFIC(FII)	148	0	0	GA	0															not_admitted	not_admitted	not_admitted	not_admitted	not_admitted	not_admitted	not_admitted	not_admitted	not_admitted	not_admitted	1	80;76392;77384;-;369.3	72;70323;71696;-;380.7	76;72917;73660;-;232.7	83;78393;81020;-;303.5	71;67504;70326;-;380.3	87;82932;84359;-;94.3	83;78393;81020;-;100.3	89;85074;85640;-;183.8	79;75745;76383;-;68.3	78;73940;75748;-;268.3	68;63790;65970;-;391.8	84;81536;82051;-;78.0	68;63790;65970;-;70.4	A	9/9	contiguous	21284	1	1	66986..67483-;165;TraS;0
NZ_CP055176.1	MPF_F	IncFIA(HI1);IncFII(pKP91)	165	0	0	GA	0															not_admitted	not_admitted	not_admitted	not_admitted	not_admitted	not_admitted	not_admitted	not_admitted	not_admitted	not_admitted	1	137;108838;109830;+;363.2	147;115377;116744;+;384.3	143;113367;114119;+;233.7	134;105173;107812;+;258.5	148;116744;119587;+;342.6	127;100922;102346;+;88.4	134;105173;107812;+;88.7	125;99629;100195;+;169.3	138;109843;110481;+;66.0	139;110540;112495;+;259.6	155;123502;125814;+;393.2	128;102418;103002;+;54.3	155;123502;125814;+;65.8	A	9/9	contiguous	23873	1	1	119598..120131+;177;unnamed;0
NZ_CP055180.1	MPF_F	IncFIB(AP001918);IncFIC(FII)	139	0	0	GA	0															not_admitted	not_admitted	not_admitted	not_admitted	not_admitted	not_admitted	not_admitted	not_admitted	not_admitted	not_admitted	1	88;79983;80975;-;369.3	77;72924;74297;-;378.0	84;76511;77254;-;234.1	91;81984;84611;-;305.4	76;70105;72927;-;389.5	97;86666;88093;-;94.3	91;81984;84611;-;98.5	99;88808;89197;-;137.4	87;79336;79974;-;68.4	86;77531;79339;-;268.4	73;66423;68576;-;391.9	93;85127;85642;-;78.4	73;66423;68576;-;70.4	A	9/9	contiguous	22385	1	1	69592..70083-;163;TraS;0
NZ_CP055182.1	MPF_T	IncFIB(K)	115	0	0	GA	1	99;88515;89177;-;48.3	98;88205;88504;-;36.6	97;85445;88195;-;61.8	97;85445;88195;-;134.0	97;85445;88195;-;47.3	96;84710;85426;-;137.0	94;83389;84396;-;137.8		92;82493;83179;-;158.3	91;81607;82500;-;147.4	90;80414;81610;-;134.7	89;79361;80410;-;71.5	82;72716;74623;-;24.4		pfam	pfam_only	A	7/7	canonical	1	1	unscoreable	8	0	0														not_admitted	not_admitted	not_admitted	not_admitted	not_admitted	not_admitted	not_admitted
NZ_CP055183.1	MPF_T	IncX1	46	0	0	GA	1	0;151;795;+;47.1	1;779;1069;+;73.5	2;1093;3852;+;44.8	2;1093;3852;+;133.3	2;1093;3852;+;71.9	3;3854;4591;+;57.5	5;4873;5928;+;131.7		6;6118;6840;+;116.0	7;6846;7775;+;132.4	8;7772;8986;+;128.6	9;9004;10041;+;66.4	10;10046;11881;+;543.4		pfam	pfam_only	A	7/7	canonical	1	1	unscoreable	1	0	0														not_admitted	not_admitted	not_admitted	not_admitted	not_admitted	not_admitted	not_admitted
NZ_CP055185.1	MPF_T	IncX1	61	0	0	GA	1	50;41187;41831;-;47.1	49;40913;41203;-;73.5	48;38130;40889;-;44.8	48;38130;40889;-;133.3	48;38130;40889;-;71.9	47;37391;38128;-;57.5	45;36054;37109;-;131.7		44;35142;35864;-;116.0	43;34207;35136;-;132.4	42;32996;34210;-;128.6	41;31941;32978;-;66.4	40;30101;31936;-;543.4		pfam	pfam_only	A	7/7	canonical	1	1	unscoreable	1	0	0														not_admitted	not_admitted	not_admitted	not_admitted	not_admitted	not_admitted	not_admitted
NZ_CP055195.1	MPF_F	IncFIB(AP001918);IncFIC(FII)	137	0	0	GA	0															not_admitted	not_admitted	not_admitted	not_admitted	not_admitted	not_admitted	not_admitted	not_admitted	not_admitted	not_admitted	1	89;85104;86096;-;369.3	78;78045;79418;-;378.0	85;81632;82375;-;234.1	92;87105;89732;-;305.4	77;75226;78048;-;389.5	98;91787;93214;-;94.3	92;87105;89732;-;98.5	100;93929;94495;-;183.8	88;84457;85095;-;68.4	87;82652;84460;-;268.4	74;71544;73697;-;391.9	94;90248;90763;-;78.4	74;71544;73697;-;70.4	A	9/9	contiguous	22385	1	1	74713..75204-;163;TraS;0
NZ_CP055200.1	MPF_F	IncFIA;IncFIB(AP001918);IncFII	154	0	0	GA	0															not_admitted	not_admitted	not_admitted	not_admitted	not_admitted	not_admitted	not_admitted	not_admitted	not_admitted	not_admitted	1	93;87500;88492;-;369.5	83;80348;81721;-;381.7	88;83651;84394;-;234.4	99;93875;94717;-;159.6	82;77529;80351;-;374.0	107;98128;99579;-;94.2	96;89501;91321;-;98.4	109;100294;100860;-;174.3	91;86518;87156;-;68.6	90;84671;86521;-;266.1	78;73068;75257;-;391.2	104;96753;97268;-;78.4	78;73068;75257;-;70.3	A	9/9	contiguous	27226	1	1	77028..77507-;159;TraS;0
NZ_CP055211.1	MPF_F	IncFIB(K);IncFII(K);IncFII(pAR0022)	246	0	0	GA	0															not_admitted	not_admitted	not_admitted	not_admitted	not_admitted	not_admitted	not_admitted	not_admitted	not_admitted	not_admitted	1	156;155764;156753;-;366.6	146;148850;150217;-;384.1	150;151475;152227;-;233.7	160;158210;160849;-;258.5	145;146028;148850;-;346.4	170;164753;166177;-;89.5	160;158210;160849;-;88.7	172;166904;167470;-;167.0	155;155113;155751;-;66.9	154;153099;155054;-;259.4	141;141103;143412;-;393.1	168;163557;164141;-;53.8	141;141103;143412;-;66.6	A	9/9	contiguous	25801	1	1	145403..146005-;200;TraS;0
NZ_CP055212.1	MPF_F	IncFII(pHN7A8)	120	0	0	GA	0															not_admitted	not_admitted	not_admitted	not_admitted	not_admitted	not_admitted	not_admitted	not_admitted	not_admitted	not_admitted	1	93;76571;77563;+;369.5	106;84396;85769;+;376.8	101;82087;82830;+;234.4	90;72935;75562;+;301.8	107;85766;88582;+;376.7	85;69453;70880;+;94.1	90;72935;75562;+;101.8	83;68172;68738;+;183.8	96;78509;79147;+;70.4	99;79960;81810;+;265.0	111;90883;93117;+;391.7	89;71904;72419;+;78.0	111;90883;93117;+;70.3	A	9/9	contiguous	22711	1	1	88615..89136+;173;unnamed;0
NZ_CP055214.1	MPF_F	IncFIB(K);IncFII(K)	182	0	0	GA	0															not_admitted	not_admitted	not_admitted	not_admitted	not_admitted	not_admitted	not_admitted	not_admitted	not_admitted	not_admitted	1	108;105701;106693;-;366.6	98;98817;100184;-;381.2	102;101441;102193;-;232.2	111;107719;110358;-;259.3	97;95968;98817;-;344.4	119;113945;115369;-;89.3	111;107719;110358;-;88.8	121;116096;116662;-;167.0	107;105050;105688;-;67.0	106;103036;104991;-;259.2	94;91846;94155;-;392.7	117;112757;113314;-;52.2	94;91846;94155;-;66.6	A	9/9	contiguous	24250	1	1	95435..95965-;176;unnamed;0
NZ_CP055217.1	MPF_F	IncFII(p14)	110	0	0	GA	0															not_admitted	not_admitted	not_admitted	not_admitted	not_admitted	not_admitted	not_admitted	not_admitted	not_admitted	not_admitted	1	84;70857;71849;+;372.3	95;77883;79253;+;380.9	92;76362;77114;+;222.2	81;67192;69831;+;254.8	96;79253;82096;+;348.4	73;62580;64001;+;86.6	81;67192;69831;+;88.2	71;61293;61859;+;159.4	85;71862;72509;+;68.8	87;72886;74841;+;253.1	99;83666;85960;+;391.4	75;64462;65046;+;55.9	99;83666;85960;+;66.6	A	9/9	contiguous	22373	1	1	82102..82617+;171;unnamed;0
NZ_CP055220.1	MPF_F	IncFIB(AP001918)	124	0	0	GA	0															not_admitted	not_admitted	not_admitted	not_admitted	not_admitted	not_admitted	not_admitted	not_admitted	not_admitted	not_admitted	1	70;74828;75820;-;369.3	58;66628;68004;-;381.0	63;69591;70334;-;231.8	73;76829;79456;-;304.6	57;63806;66631;-;389.4	80;81511;82938;-;94.1	73;76829;79456;-;99.7	82;83653;84219;-;183.8	67;73193;73831;-;68.8	66;71388;73196;-;268.0	54;60094;62301;-;391.7	76;79972;80487;-;77.3	54;60094;62301;-;70.3	A	9/9	contiguous	23559	1	1	63300..63809-;169;unnamed;0
NZ_CP055248.1	MPF_F	IncFII(pHN7A8)	104	0	0	GA	0															not_admitted	not_admitted	not_admitted	not_admitted	not_admitted	not_admitted	not_admitted	not_admitted	not_admitted	not_admitted	1	77;63458;64450;+;369.5	90;71283;72656;+;376.8	85;68974;69717;+;234.4	74;59822;62449;+;301.8	91;72653;75469;+;376.7	69;56340;57767;+;94.1	74;59822;62449;+;100.7	67;55059;55625;+;183.8	80;65396;66034;+;70.4	83;66847;68697;+;265.0	95;77770;80013;+;391.7	73;58791;59306;+;78.0	95;77770;80013;+;70.3	A	9/9	contiguous	22711	1	1	75502..76023+;173;unnamed;0
NZ_CP055249.1	MPF_F	IncC	181	0	0	GA	0															not_admitted	not_admitted	not_admitted	not_admitted	not_admitted	not_admitted	not_admitted	not_admitted	not_admitted	not_admitted	1	85;62168;63175;+;332.9	170;132682;134115;+;339.2	169;131640;132680;+;221.6	80;56969;59416;+;354.5	171;134128;137742;+;374.5	75;48097;49413;+;135.0	80;56969;59416;+;128.3	73;46573;47199;+;92.7	83;60238;61503;+;67.9	86;63291;66089;+;145.3	64;40898;42763;+;47.3	76;49410;49988;+;100.2	64;40898;42763;+;52.0	A	9/9	split_2	93230	0	1	
NZ_CP055250.1	MPF_T	IncX3	68	0	0	GA	1	3;1941;2585;+;46.4	4;2569;2859;+;73.1	5;2884;5637;+;47.0	5;2884;5637;+;142.4	5;2884;5637;+;73.3	6;5647;6417;+;60.1	8;6696;7751;+;133.2		9;7946;8674;+;119.4	10;8680;9609;+;138.8	11;9606;10820;+;128.3	13;11016;12050;+;65.7	14;12053;13888;+;495.9		pfam	pfam_only	A	7/7	canonical	1	1	unscoreable	2	0	0														not_admitted	not_admitted	not_admitted	not_admitted	not_admitted	not_admitted	not_admitted
NZ_CP055253.1	MPF_T	IncI2(Delta)	80	0	0	GA	1	39;34342;34824;-;81.1		54;50420;50704;-;36.6	53;48057;50414;-;58.5	53;48057;50414;-;44.9	66;56841;57485;-;41.0	67;57491;58486;-;123.7		51;47157;47891;-;144.3	50;46390;47160;-;170.5	49;45261;46400;-;154.7	42;36592;38130;-;207.1	47;42213;44171;-;289.6		pfam	pfam_only	A	7/7	rearranged	1	0	unscoreable	17	0	0														not_admitted	not_admitted	not_admitted	not_admitted	not_admitted	not_admitted	not_admitted
NZ_CP055254.1	MPF_F	IncFII(pHN7A8)	88	0	0	GA	0															not_admitted	not_admitted	not_admitted	not_admitted	not_admitted	not_admitted	not_admitted	not_admitted	not_admitted	not_admitted	1	61;45741;46733;+;369.5	74;53566;54939;+;376.8	69;51257;52000;+;234.4	58;42105;44732;+;301.8	75;54936;57752;+;376.7	53;38623;40050;+;94.1	58;42105;44732;+;101.8	51;37342;37908;+;183.8	64;47679;48317;+;70.4	67;49130;50980;+;265.0	79;60053;62278;+;391.7	57;41074;41589;+;78.0	79;60053;62278;+;70.3	A	9/9	contiguous	22711	1	1	57785..58306+;173;unnamed;0
NZ_CP055255.1	MPF_F	IncFIB(AP001918);IncFIC(FII)	154	0	0	GA	0															not_admitted	not_admitted	not_admitted	not_admitted	not_admitted	not_admitted	not_admitted	not_admitted	not_admitted	not_admitted	1	106;105145;106137;-;369.3	95;98086;99459;-;378.0	102;101673;102416;-;234.1	109;107146;109773;-;305.4	94;95267;98089;-;389.5	115;111828;113255;-;94.3	109;107146;109773;-;98.5	117;113970;114536;-;183.8	105;104498;105136;-;68.4	104;102693;104501;-;268.4	91;91585;93738;-;391.9	111;110289;110804;-;78.4	91;91585;93738;-;70.4	A	9/9	contiguous	22385	1	1	94754..95245-;163;TraS;0
NZ_CP055257.1	MPF_T	IncI2(Delta)	82	0	0	GA	1	42;35805;36287;-;81.1		57;51894;52178;-;36.6	56;49531;51888;-;58.5	56;49531;51888;-;44.9	67;57638;58279;-;42.9	68;58285;59283;-;130.8		54;48631;49365;-;144.3	53;47864;48634;-;170.5	52;46735;47874;-;154.7	45;38066;39604;-;207.1	50;43687;45645;-;289.6		pfam	pfam_only	A	7/7	rearranged	1	0	unscoreable	15	1	0														not_admitted	not_admitted	not_admitted	not_admitted	not_admitted	not_admitted	not_admitted
NZ_CP055260.1	MPF_T	IncI2(Delta)	73	0	0	GA	1	37;32911;33393;-;81.1		52;49000;49284;-;36.6	51;46637;48994;-;58.5	51;46637;48994;-;44.9	61;54096;54740;-;41.0	62;54746;55741;-;123.9		49;45737;46471;-;144.3	48;44970;45740;-;170.5	47;43841;44980;-;154.7	40;35172;36710;-;207.1	45;40793;42751;-;289.6		pfam	pfam_only	A	7/7	rearranged	1	0	unscoreable	14	0	0														not_admitted	not_admitted	not_admitted	not_admitted	not_admitted	not_admitted	not_admitted
NZ_CP055267.1	MPF_T	-	235	0	0	GA	1	91;106296;107003;+;54.6	232;264521;264928;-;77.4	93;107390;107716;+;72.1	94;107716;110085;+;200.7	230;261750;264218;-;121.3	229;260969;261778;-;46.7	227;259564;260760;-;109.4		98;111914;112627;+;167.3	225;258015;258869;-;191.6	198;230346;231680;-;227.8	233;264918;265889;-;138.3	72;85132;87090;-;548.3		conjscan	conjscan_only	A	7/7	uncallable	0	0	unscoreable	11	0	0														not_admitted	not_admitted	not_admitted	not_admitted	not_admitted	not_admitted	not_admitted
NZ_CP055271.1	MPF_T	-	211	0	0	GA	1		208;202160;202564;-;68.1	207;201868;202167;-;60.8	206;199389;201857;-;182.8	206;199389;201857;-;130.1	205;198608;199417;-;46.1	203;197200;198390;-;104.9		202;196520;197182;-;124.5	201;195648;196442;-;185.9	199;193838;195160;-;227.0	209;202554;203525;-;129.1	163;159422;161389;+;550.6		conjscan	conjscan_only	A	7/7	canonical	1	0	unscoreable	3	0	0														not_admitted	not_admitted	not_admitted	not_admitted	not_admitted	not_admitted	not_admitted
NZ_CP055272.1	MPF_T	-	195	0	0	GA	1		192;198377;198784;-;77.4	191;198085;198384;-;62.6	190;195606;198074;-;187.6	190;195606;198074;-;121.3	189;194825;195634;-;46.6	187;193420;194616;-;109.4		186;192743;193405;-;121.0	185;191871;192725;-;190.5	183;190069;191379;-;228.0	193;198774;199745;-;138.3	77;78325;80250;-;558.0		conjscan	conjscan_only	A	7/7	canonical	1	0	unscoreable	3	0	0														not_admitted	not_admitted	not_admitted	not_admitted	not_admitted	not_admitted	not_admitted
NZ_CP055273.1	MPF_T	-	133	0	0	GA	1		130;147734;148138;-;72.1	129;147442;147741;-;60.0	128;144969;147431;-;189.5	128;144969;147431;-;129.0	127;144188;144997;-;49.7	125;142783;143970;-;112.5		124;142106;142768;-;122.8	123;141235;142089;-;183.9	121;139433;140746;-;225.7	131;148128;149099;-;131.5	48;52133;54058;-;559.7		conjscan	conjscan_only	A	7/7	canonical	1	0	unscoreable	3	0	0														not_admitted	not_admitted	not_admitted	not_admitted	not_admitted	not_admitted	not_admitted
NZ_CP055274.1	MPF_T	-	94	0	0	GA	1	90;93186;94130;-;75.1	89;92761;93090;-;75.9	88;92437;92715;-;58.4	87;90084;92444;-;123.8	87;90084;92444;-;35.0	85;89144;89953;-;30.2	84;87871;89139;-;73.4		83;87032;87706;-;157.8	82;86172;87035;-;149.4	81;84767;86179;-;184.1	80;83769;84770;-;107.2	67;67699;69729;+;466.6		pfam	pfam_only	A	7/7	canonical	1	0	unscoreable	2	0	0														not_admitted	not_admitted	not_admitted	not_admitted	not_admitted	not_admitted	not_admitted
NZ_CP055298.1	MPF_T	-	48	0	0	GA	1	15;14036;14671;-;49.8	14;13768;14046;-;38.8	13;10972;13746;-;42.9	13;10972;13746;-;143.0	13;10972;13746;-;63.7	12;10196;10960;-;79.4	10;8777;9934;-;101.9		8;7930;8637;-;149.4	7;7004;7927;-;136.8	6;5809;7011;-;134.2	5;4778;5812;-;70.4	4;2901;4775;-;463.2		pfam	pfam_only	A	7/7	canonical	1	1	unscoreable	2	0	0														not_admitted	not_admitted	not_admitted	not_admitted	not_admitted	not_admitted	not_admitted
NZ_CP055310.1	MPF_F	IncHI1A(NDM-CIT);IncHI1B(pNDM-CIT)	312	0	0	GA	0															not_admitted	not_admitted	not_admitted	not_admitted	not_admitted	not_admitted	not_admitted	not_admitted	not_admitted	not_admitted	1	33;34037;35092;+;278.1	204;183835;185250;-;200.0	205;185240;186286;-;168.3	11;9286;11967;+;156.8	203;179837;183826;-;103.1	98;90022;91242;-;216.3	11;9286;11967;+;73.5	4;3128;3913;+;69.5	31;32384;33892;+;62.3	34;35111;38287;+;57.9	211;193224;195308;+;48.5	10;8327;9277;+;45.4	211;193224;195308;+;36.5	A	9/9	split_4	190096	0	1	
NZ_CP055312.1	MPF_F	IncFII(Yp);IncFII(pAR0022)	131	0	0	GA	0															not_admitted	not_admitted	not_admitted	not_admitted	not_admitted	not_admitted	not_admitted	not_admitted	not_admitted	not_admitted	1	108;95335;96327;+;366.4	117;101262;102632;+;376.5	114;99726;100478;+;228.0	105;91628;94267;+;257.0	118;102632;105505;+;336.7	96;86696;88111;+;82.8	105;91628;94267;+;83.7	94;85403;85969;+;165.2	109;96340;96957;+;68.5	110;96954;98834;+;250.0	120;106293;108593;+;388.3	99;88940;89521;+;52.6	120;106293;108593;+;65.7	A	9/9	contiguous	20890	1	1	105516..106049+;177;unnamed;0
NZ_CP055316.1	MPF_F	IncHI1A(NDM-CIT);IncHI1B(pNDM-CIT)	318	0	0	GA	0															not_admitted	not_admitted	not_admitted	not_admitted	not_admitted	not_admitted	not_admitted	not_admitted	not_admitted	not_admitted	1	31;32882;33937;+;278.1	211;189755;191170;-;200.0	212;191160;192206;-;168.3	11;9286;11967;+;156.8	210;185757;189746;-;103.1	94;87712;88932;-;216.3	11;9286;11967;+;73.5	4;3128;3913;+;69.5	29;31229;32737;+;62.3	32;33956;37132;+;57.9	218;199144;201228;+;48.5	10;8327;9277;+;45.4	218;199144;201228;+;36.5	A	9/9	split_4	196016	0	1	
NZ_CP055318.1	MPF_F	IncFII(Yp)	134	0	0	GA	0															not_admitted	not_admitted	not_admitted	not_admitted	not_admitted	not_admitted	not_admitted	not_admitted	not_admitted	not_admitted	1	107;99427;100416;+;365.8	119;107356;108726;+;383.1	113;104557;105309;+;232.5	104;95762;98401;+;255.2	120;108726;111605;+;333.2	97;91842;93266;+;80.7	104;95762;98401;+;92.3	95;90555;91121;+;160.3	108;100606;101253;+;67.1	109;101630;103585;+;256.1	124;114383;116701;+;389.0	98;93329;93898;+;53.6	124;114383;116701;+;65.6	A	9/9	contiguous	23828	1	1	111622..112290+;222;unnamed;0
NZ_CP055326.1	MPF_F	IncA;IncFII(Yp)	311	0	0	GA	0															not_admitted	not_admitted	not_admitted	not_admitted	not_admitted	not_admitted	not_admitted	not_admitted	not_admitted	not_admitted	1	87;66060;67064;+;330.1	300;261094;262527;+;336.4	299;260064;261092;+;223.9	82;60855;63302;+;352.8	301;262540;266145;+;377.7	76;50716;52032;+;136.3	82;60855;63302;+;130.4	74;49192;49818;+;94.3	85;64124;65392;+;69.7	88;67215;69953;+;138.7	238;204477;206795;-;389.0	77;52029;52607;+;98.1	238;204477;206795;-;65.6	A	9/9	split_3	213348	0	1	
NZ_CP055327.1	MPF_F	IncFIA(HI1);IncFIB(K);IncFII(K);IncFII(pAR0022)	228	0	0	GA	0															not_admitted	not_admitted	not_admitted	not_admitted	not_admitted	not_admitted	not_admitted	not_admitted	not_admitted	not_admitted	1	154;158430;159419;-;366.6	144;151575;152945;-;384.6	148;154141;154893;-;232.9	158;160876;163515;-;258.5	143;148753;151575;-;346.4	165;166918;168342;-;89.3	158;160876;163515;-;87.8	167;169069;169635;-;169.3	153;157779;158417;-;66.0	152;155765;157720;-;259.7	139;144472;146784;-;393.1	164;166260;166844;-;54.4	139;144472;146784;-;66.6	A	9/9	contiguous	24597	1	1	148127..148729-;200;TraS;0
NZ_CP055328.1	MPF_F	IncFII(p14)	129	0	0	GA	0															not_admitted	not_admitted	not_admitted	not_admitted	not_admitted	not_admitted	not_admitted	not_admitted	not_admitted	not_admitted	1	103;93916;94908;+;372.3	114;100942;102312;+;380.3	111;99421;100173;+;222.2	100;90251;92890;+;254.8	115;102312;105155;+;348.4	92;85639;87060;+;86.6	100;90251;92890;+;88.2	90;84352;84918;+;159.4	104;94921;95568;+;68.8	106;95945;97900;+;253.1	118;106725;109019;+;391.5	94;87521;88105;+;55.9	118;106725;109019;+;66.6	A	9/9	contiguous	22373	1	1	105161..105676+;171;unnamed;0
NZ_CP055413.1	MPF_F	IncFIB(K);IncFII(p14);IncHI1A(NDM-CIT);IncHI1B(pNDM-CIT);IncU	513	1	1	GA	1	475;449970;450512;+;72.8	169;147140;147523;-;86.7	285;269016;269285;-;32.5	167;144409;146859;-;42.3	167;144409;146859;-;138.4	283;265813;266556;-;226.6	164;141975;143339;-;179.3		280;263387;264091;-;235.9	162;140252;141244;-;224.4	278;261115;262395;-;208.0	287;269665;270735;-;118.3	172;149045;151060;-;346.4	453;433451;434083;-;202.4	conjscan	conjscan_only	A	7/7	canonical	1	0	unscoreable	32	0	1	458;437369;438361;-;372.3	445;429018;430388;-;380.8	448;431172;431924;-;230.8	111;96451;98853;-;348.7	444;426175;429018;-;346.5	278;261115;262395;-;208.0	111;96451;98853;-;132.5	470;446643;447209;-;163.8	108;94480;95604;-;77.1	453;433451;434083;-;202.4	442;423136;425430;-;391.8	116;101102;101752;-;74.4	172;149045;151060;-;99.4	A	9/9	split_4	352163	1	1	425637..426164-;175;unnamed;0
NZ_CP055452.1	MPF_F	IncFIB(K);IncFII(K)	280	0	0	GA	0															not_admitted	not_admitted	not_admitted	not_admitted	not_admitted	not_admitted	not_admitted	not_admitted	not_admitted	not_admitted	1	192;175617;176606;-;366.6	182;168756;170126;-;380.7	186;171328;172080;-;230.7	196;178060;180702;-;258.5	181;165913;168756;-;346.5	204;183896;185320;-;89.2	196;178060;180702;-;88.2	206;186047;186613;-;169.3	191;174966;175604;-;66.9	190;172952;174907;-;259.7	176;159981;162263;-;394.1	203;183198;183782;-;53.6	176;159981;162263;-;65.8	A	9/9	contiguous	26066	1	1	165378..165902-;174;unnamed;0
NZ_CP055454.1	MPF_T	pXuzhou21	54	0	0	GA	1	3;2284;2961;+;28.6			6;3718;6240;+;57.9	6;3718;6240;+;38.6	7;6224;6904;+;83.2	52;36058;37110;-;92.3		8;7129;7920;+;140.1	9;7941;8729;+;168.9	10;8722;9948;+;157.0	11;10025;11086;+;80.3	12;11108;13129;+;311.9		pfam	pfam_only	A	7/7	uncallable	0	0	unscoreable	2	0	0														not_admitted	not_admitted	not_admitted	not_admitted	not_admitted	not_admitted	not_admitted
NZ_CP055510.1	MPF_F	IncFIB(K);IncFII(K);IncR	356	0	0	GA	0															not_admitted	not_admitted	not_admitted	not_admitted	not_admitted	not_admitted	not_admitted	not_admitted	not_admitted	not_admitted	1	228;201688;202680;+;366.6	238;208197;209564;+;381.2	234;206188;206940;+;232.2	225;198023;200662;+;260.3	239;209564;212413;+;346.5	216;190881;192305;+;89.3	225;198023;200662;+;88.7	214;189588;190154;+;167.0	229;202693;203331;+;67.0	230;203390;205345;+;259.2	243;214229;216538;+;390.0	219;194001;194558;+;52.5	243;214229;216538;+;66.6	A	9/9	contiguous	24641	1	1	212416..212946+;176;unnamed;0
NZ_CP055512.1	MPF_F	IncFII(p14)	113	0	0	GA	0															not_admitted	not_admitted	not_admitted	not_admitted	not_admitted	not_admitted	not_admitted	not_admitted	not_admitted	not_admitted	1	87;68889;69881;+;372.3	97;75529;76899;+;380.7	94;73993;74745;+;228.2	84;65224;67863;+;254.8	98;76899;79724;+;346.7	76;60692;62113;+;88.0	84;65224;67863;+;88.2	74;59405;59971;+;161.7	88;69894;70520;+;68.9	89;70517;72472;+;254.3	102;81706;84006;+;388.6	78;62725;63294;+;55.7	102;81706;84006;+;64.3	A	9/9	contiguous	22301	1	1	79741..80412+;223;unnamed;0
NZ_CP055513.1	MPF_T	IncFII(pMET)	38	0	0	GA	1	32;32345;33055;-;46.8	31;32043;32348;-;73.8	30;29292;32030;-;49.1	30;29292;32030;-;151.1	30;29292;32030;-;32.2	29;28570;29274;-;143.5	27;27245;28321;-;170.4		25;26340;27023;-;195.8	24;25435;26340;-;154.3	23;24123;25391;-;145.6	22;23108;24133;-;67.6	18;19640;21253;-;48.8		pfam	pfam_only	A	7/7	canonical	1	1	unscoreable	5	0	0														not_admitted	not_admitted	not_admitted	not_admitted	not_admitted	not_admitted	not_admitted
NZ_CP055539.1	MPF_T	pKPC-CAV1321	368	0	0	GA	0															not_admitted	not_admitted	not_admitted	not_admitted	not_admitted	not_admitted	not_admitted	not_admitted	not_admitted	not_admitted	1	236;200498;201565;+;276.8	256;217479;218921;+;260.7	255;216382;217482;+;198.4	232;195904;198390;+;223.8	257;218936;222454;+;240.0	90;78554;79774;-;216.3	232;195904;198390;+;120.8	226;189370;189996;+;87.1	235;199188;200501;+;41.0	259;222890;225547;+;136.9	220;184846;186822;+;22.7	229;192673;193239;+;71.6	220;184846;186822;+;33.5	A	9/9	split_2	144336	0	1	
NZ_CP055540.1	MPF_F	IncFII(Cf)	139	0	0	GA	0															not_admitted	not_admitted	not_admitted	not_admitted	not_admitted	not_admitted	not_admitted	not_admitted	not_admitted	not_admitted	1	99;80113;81108;+;354.8	104;84976;86337;+;336.4	102;83564;84340;+;197.4	96;76429;79020;+;215.8	105;86339;89233;+;287.9	90;73030;74391;+;82.1	96;76429;79020;+;86.1	88;71750;72313;+;135.1	100;81127;81741;+;81.2	101;81738;83567;+;251.6	108;90890;92956;+;359.9	95;75777;76418;+;41.7	108;90890;92956;+;65.3	A	9/9	contiguous	19140	1	1	89243..89818+;191;unnamed;0
NZ_CP055552.1	MPF_F	IncHI2;IncHI2A	295	0	0	GA	0															not_admitted	not_admitted	not_admitted	not_admitted	not_admitted	not_admitted	not_admitted	not_admitted	not_admitted	not_admitted	1	202;182035;183093;+;276.9	51;42447;43862;-;194.1	52;43852;44898;-;173.7	184;158715;161396;+;168.0	50;38488;42438;-;101.6	180;155030;156385;+;80.7	184;158715;161396;+;72.2	177;152518;153306;+;74.8	200;180382;181893;+;62.6	203;183112;186300;+;58.3	58;51939;54023;+;56.7	183;157756;158706;+;46.4	58;51939;54023;+;38.8	A	9/9	split_3	144624	0	1	
NZ_CP055584.1	-	-	53	0	0	GA	1	49;51659;52333;-;41.4	48;51360;51662;-;49.6	47;48595;51345;-;63.3	47;48595;51345;-;139.3	47;48595;51345;-;44.3	46;47823;48560;-;125.3	44;46504;47523;-;143.0		43;45603;46286;-;178.0	42;44704;45603;-;149.3	41;43433;44707;-;156.8	40;42395;43426;-;67.9	34;36109;38007;-;30.1		pfam	pfam_only	A	7/7	canonical	1	1	unscoreable	6	0	0														not_admitted	not_admitted	not_admitted	not_admitted	not_admitted	not_admitted	not_admitted
NZ_CP055676.1	MPF_F	IncHI2;IncHI2A	301	0	0	GA	0															not_admitted	not_admitted	not_admitted	not_admitted	not_admitted	not_admitted	not_admitted	not_admitted	not_admitted	not_admitted	1	27;30460;31518;+;276.9	205;196228;197643;-;194.1	206;197633;198679;-;174.3	11;8955;11636;+;168.0	204;192266;196219;-;101.6	7;5270;6625;+;80.7	11;8955;11636;+;72.2	4;2758;3546;+;74.8	25;28807;30318;+;62.0	28;31537;34725;+;57.3	213;205721;207805;+;56.8	10;7996;8946;+;46.1	213;205721;207805;+;38.8	A	9/9	split_2	202963	1	1	190796..192085-;429;unnamed;0
NZ_CP055884.1	MPF_F	IncFIB(pENTE01);IncFII(pECLA);repE(pEh60-7)	150	0	0	GA	0															not_admitted	not_admitted	not_admitted	not_admitted	not_admitted	not_admitted	not_admitted	not_admitted	not_admitted	not_admitted	1		104;92617;94002;+;45.2		102;91184;92302;+;182.2				99;88725;89306;+;102.2						D	3/9	contiguous	3892	0	0	
NZ_CP056031.1	MPF_T	-	43	0	0	GA	1	15;13045;13674;+;53.9	42;28317;28643;+;52.5	0;12;317;+;28.8	1;259;1068;+;39.4	1;259;1068;+;113.4	4;2692;3423;+;135.6	7;3817;4584;+;119.5		9;4903;5790;+;93.7	10;5793;6605;+;149.1	11;6602;7801;+;131.3	12;7798;8871;+;82.1	13;8882;10792;+;335.7		pfam	both	A	7/7	canonical	1	0	unscoreable	6	0	0														not_admitted	not_admitted	not_admitted	not_admitted	not_admitted	not_admitted	not_admitted
NZ_CP056038.1	MPF_T	IncN	82	0	0	GA	1	22;16430;17164;+;32.5	24;17464;17757;+;28.7	25;17807;18124;+;63.3	26;18124;20724;+;111.8	26;18124;20724;+;76.8	27;20742;21455;+;97.1	29;21706;22746;+;153.6		30;22965;23663;+;131.9	31;23674;24558;+;159.0	32;24558;25718;+;154.9	33;25760;26755;+;81.2	63;52555;54084;-;38.5		pfam	both	A	7/7	canonical	1	0	unscoreable	2	0	0														not_admitted	not_admitted	not_admitted	not_admitted	not_admitted	not_admitted	not_admitted
NZ_CP056045.1	MPF_T	-	357	0	0	GA	1		354;368446;368850;-;69.1	353;368166;368453;-;61.9	352;365676;368144;-;184.5	352;365676;368144;-;132.7	351;364895;365704;-;47.2	349;363487;364677;-;112.2		348;362792;363469;-;119.4	347;361923;362642;-;188.2	345;360113;361435;-;227.0	355;368840;369811;-;129.2	275;285099;287066;+;550.6		conjscan	conjscan_only	A	7/7	canonical	1	0	unscoreable	3	0	0														not_admitted	not_admitted	not_admitted	not_admitted	not_admitted	not_admitted	not_admitted
NZ_CP056046.1	MPF_T	-	261	0	0	GA	1	170;168382;169098;-;53.2	258;256391;256795;-;72.7	168;167678;168004;-;72.0	167;165309;167678;-;197.0	256;253626;256088;-;129.7	255;252845;253654;-;49.3	253;251443;252627;-;112.5		164;162771;163484;-;166.6	251;249895;250749;-;184.0	249;248093;249406;-;225.7	259;256785;257756;-;132.5	94;84175;86139;-;550.1		conjscan	conjscan_only	A	7/7	rearranged	1	0	unscoreable	10	0	0														not_admitted	not_admitted	not_admitted	not_admitted	not_admitted	not_admitted	not_admitted
NZ_CP056050.1	MPF_T	-	356	0	0	GA	1		353;368447;368851;-;69.1	352;368167;368454;-;61.9	351;365677;368145;-;184.5	351;365677;368145;-;132.7	350;364896;365705;-;47.2	348;363488;364678;-;112.2		347;362793;363470;-;119.4	346;361924;362643;-;188.2	344;360114;361436;-;227.0	354;368841;369812;-;129.2	274;285100;287067;+;550.6		conjscan	conjscan_only	A	7/7	canonical	1	0	unscoreable	3	0	0														not_admitted	not_admitted	not_admitted	not_admitted	not_admitted	not_admitted	not_admitted
NZ_CP056051.1	MPF_T	-	261	0	0	GA	1	170;168382;169098;-;53.2	258;256391;256795;-;72.7	168;167678;168004;-;72.0	167;165309;167678;-;197.0	256;253626;256088;-;129.7	255;252845;253654;-;49.3	253;251443;252627;-;112.5		164;162771;163484;-;166.6	251;249895;250749;-;184.0	249;248093;249406;-;225.7	259;256785;257756;-;132.5	94;84175;86139;-;550.1		conjscan	conjscan_only	A	7/7	rearranged	1	0	unscoreable	10	0	0														not_admitted	not_admitted	not_admitted	not_admitted	not_admitted	not_admitted	not_admitted
NZ_CP056074.1	MPF_F	IncFII(pCoo)	77	0	0	GA	0															not_admitted	not_admitted	not_admitted	not_admitted	not_admitted	not_admitted	not_admitted	not_admitted	not_admitted	not_admitted	1	56;44402;45394;+;370.2	64;50087;51460;+;380.4	60;48123;48866;+;233.1	53;40766;43393;+;303.5	65;51457;54279;+;386.8	49;37427;38854;+;94.3	53;40766;43393;+;100.3	47;36146;36712;+;183.8	57;45403;46041;+;68.3	58;46038;47846;+;268.2	68;55813;57984;+;391.8	52;39735;40250;+;78.0	68;55813;57984;+;70.4	A	9/9	contiguous	19667	1	1	54300..54797+;165;TraS;0
NZ_CP056079.1	MPF_F	IncFIB(AP001918);IncFII	138	0	0	GA	0															not_admitted	not_admitted	not_admitted	not_admitted	not_admitted	not_admitted	not_admitted	not_admitted	not_admitted	not_admitted	1	112;107365;108357;+;369.3	121;113416;114792;+;381.8	116;111086;111829;+;230.0	109;103729;106356;+;306.4	122;114789;117611;+;389.0	102;100247;101674;+;94.3	109;103729;106356;+;98.5	100;98966;99532;+;183.3	113;108366;109004;+;68.7	114;109001;110809;+;267.9	125;119145;121307;+;391.8	106;102698;103213;+;77.7	125;119145;121307;+;70.4	A	9/9	contiguous	20179	1	1	117633..118112+;159;TraS;0
NZ_CP056138.1	MPF_F	IncFII(p14)	185	0	0	GA	0															not_admitted	not_admitted	not_admitted	not_admitted	not_admitted	not_admitted	not_admitted	not_admitted	not_admitted	not_admitted	1	154;131999;132991;+;372.3	165;139025;140395;+;380.8	162;137504;138256;+;222.2	151;128334;130973;+;254.8	166;140395;143238;+;348.4	143;123722;125143;+;86.6	151;128334;130973;+;88.2	141;122435;123001;+;159.4	155;133004;133651;+;68.8	157;134028;135983;+;253.1	169;144808;147102;+;391.4	145;125604;126188;+;55.9	169;144808;147102;+;66.6	A	9/9	contiguous	22373	1	1	143244..143759+;171;unnamed;0
NZ_CP056139.1	MPF_F	IncFII(pKP91);repB(R1701)	171	0	0	GA	0															not_admitted	not_admitted	not_admitted	not_admitted	not_admitted	not_admitted	not_admitted	not_admitted	not_admitted	not_admitted	1	102;102583;103575;-;362.9	91;95208;96575;-;380.9	96;98277;99029;-;235.3	105;104601;107240;-;260.0	90;92359;95208;-;342.7	115;111042;112466;-;88.4	105;104601;107240;-;83.9	117;113193;113759;-;161.5	101;101932;102570;-;65.5	100;99918;101873;-;255.2	86;88307;90619;-;390.6	113;109861;110430;-;53.7	86;88307;90619;-;66.5	A	9/9	contiguous	24886	1	1	91826..92356-;176;unnamed;0
NZ_CP056141.1	MPF_F	IncFIA(pBK30683);IncFII(Yp)	112	0	0	GA	0															not_admitted	not_admitted	not_admitted	not_admitted	not_admitted	not_admitted	not_admitted	not_admitted	not_admitted	not_admitted	1	86;65248;66240;+;372.3	97;72274;73644;+;383.1	94;70753;71505;+;222.2	83;61583;64222;+;254.8	98;73644;76517;+;333.2	75;56971;58392;+;86.6	83;61583;64222;+;88.2	73;55684;56250;+;159.4	87;66253;66900;+;68.8	89;67277;69232;+;253.1	102;79026;81344;+;390.7	77;58853;59437;+;55.9	102;79026;81344;+;66.8	A	9/9	contiguous	23342	1	1	76528..77058+;176;unnamed;0
NZ_CP056146.1	MPF_F	IncFIB(K)(pCAV1099-114);IncFII(K)	170	0	0	GA	0															not_admitted	not_admitted	not_admitted	not_admitted	not_admitted	not_admitted	not_admitted	not_admitted	not_admitted	not_admitted	1	104;111683;112672;-;366.6	91;103984;105354;-;382.8	98;107423;108175;-;234.4	108;114115;116754;-;259.0	90;101135;103984;-;341.9		108;114115;116754;-;89.1	112;118574;118831;-;56.1	103;111032;111670;-;66.0	102;109018;110973;-;259.7	87;97013;99319;-;393.1		87;97013;99319;-;66.6	B	8/9	contiguous	21561	1	1	100602..101132-;176;unnamed;0
NZ_CP056157.1	MPF_F	IncFIB(pQil);IncFII(Yp);IncFII(pAR0022)	142	0	0	GA	0															not_admitted	not_admitted	not_admitted	not_admitted	not_admitted	not_admitted	not_admitted	not_admitted	not_admitted	not_admitted	1	103;95707;96699;-;374.4	95;89655;91025;-;375.5	98;91812;92561;-;222.4	106;97713;100352;-;252.5	94;86806;89655;-;336.5	112;102562;103974;-;85.2	106;97713;100352;-;91.3	114;104701;105267;-;163.0	102;95068;95694;-;68.6	101;93179;95071;-;259.9	91;82972;85179;-;391.8	110;101745;102314;-;55.3	91;82972;85179;-;65.9	A	9/9	contiguous	21729	1	1	86273..86803-;176;unnamed;0
NZ_CP056166.1	MPF_F	IncFII(pCoo)	100	0	0	GA	0															not_admitted	not_admitted	not_admitted	not_admitted	not_admitted	not_admitted	not_admitted	not_admitted	not_admitted	not_admitted	1	73;61142;62140;+;349.2	81;67716;69122;+;341.9	78;65999;66784;+;217.6	68;56878;59517;+;251.2	82;69122;71974;+;315.0	66;55023;56357;+;97.2	68;56878;59517;+;117.8	64;53698;54276;+;126.2	76;63461;64066;+;56.6	77;64063;65997;+;240.3	87;74467;76653;+;375.4	67;56369;56881;+;59.3	87;74467;76653;+;60.2	A	9/9	contiguous	20769	1	1	71988..72638+;216;unnamed;0
NZ_CP056167.1	MPF_T	IncX4	60	0	0	GA	1	7;4573;5184;+;53.0	8;5156;5470;+;30.3	9;5528;5848;+;46.2	10;5851;8223;+;81.6	10;5851;8223;+;33.7	4;2602;3243;-;33.9	5;3245;4240;-;126.4		12;8354;9091;+;158.6	13;9088;9867;+;165.4	14;9857;10999;+;143.5	15;10999;12018;+;91.9	16;12069;14036;+;290.5		pfam	pfam_only	A	7/7	uncallable	0	0	unscoreable	2	0	0														not_admitted	not_admitted	not_admitted	not_admitted	not_admitted	not_admitted	not_admitted
NZ_CP056169.1	MPF_F	IncFIB(pECLA);IncFII(pECLA)	215	0	0	GA	0															not_admitted	not_admitted	not_admitted	not_admitted	not_admitted	not_admitted	not_admitted	not_admitted	not_admitted	not_admitted	1	135;115883;116881;+;364.2	147;124563;125927;+;359.5	138;119347;120129;+;214.1	127;109916;112525;+;214.8	148;125927;129325;+;306.6	119;105900;107303;+;90.2	127;109916;112525;+;103.5	117;104570;105151;+;100.9	136;116892;117518;+;63.6	137;117515;119350;+;222.5	154;133344;135899;+;360.8	125;109126;109668;+;46.9	154;133344;135899;+;72.7	A	9/9	contiguous	28774	1	1	129327..130016+;229;unnamed;0
NZ_CP056182.1	MPF_T	pKPC-CAV1321	349	0	0	GA	0															not_admitted	not_admitted	not_admitted	not_admitted	not_admitted	not_admitted	not_admitted	not_admitted	not_admitted	not_admitted	1	234;196868;197935;+;276.8	254;213846;215288;+;260.7	253;212749;213849;+;198.4	230;192274;194760;+;223.8	255;215303;218821;+;240.0	128;93094;94314;+;216.3	230;192274;194760;+;120.8	224;185740;186366;+;87.1	233;195558;196871;+;41.0	257;219257;221914;+;136.9	218;181216;183192;+;22.7	227;189043;189609;+;71.6	218;181216;183192;+;33.5	A	9/9	split_2	126163	0	1	
NZ_CP056186.1	MPF_F	IncFII(Cf)	208	0	0	GA	0															not_admitted	not_admitted	not_admitted	not_admitted	not_admitted	not_admitted	not_admitted	not_admitted	not_admitted	not_admitted	1	45;46758;47753;-;354.8	40;41529;42890;-;336.4	42;43526;44302;-;197.4	48;48846;51437;-;215.4	39;38633;41527;-;287.9	54;53475;54836;-;82.1	48;48846;51437;-;86.1	56;55553;56116;-;135.1	44;46125;46739;-;81.3	43;44299;46128;-;251.6	36;34910;36976;-;362.5	49;51448;52089;-;41.7	36;34910;36976;-;65.3	A	9/9	contiguous	20643	1	1	38048..38623-;191;unnamed;0
NZ_CP056187.1	MPF_T	IncX3(pEC14)	80	0	0	GA	1	36;31866;32519;-;46.8	35;31592;31885;-;72.1	34;28813;31572;-;42.2	34;28813;31572;-;128.8	34;28813;31572;-;70.5	33;28056;28805;-;56.6	31;26717;27772;-;126.5		30;25715;26443;-;117.4	29;24780;25709;-;137.1	28;23575;24783;-;129.5	27;22520;23563;-;67.0	26;20682;22517;-;500.1		pfam	pfam_only	A	7/7	canonical	1	1	unscoreable	1	0	0														not_admitted	not_admitted	not_admitted	not_admitted	not_admitted	not_admitted	not_admitted
NZ_CP056192.1	MPF_F	IncFIB(K);IncFII(K);IncFII(pAR0022)	270	0	0	GA	0															not_admitted	not_admitted	not_admitted	not_admitted	not_admitted	not_admitted	not_admitted	not_admitted	not_admitted	not_admitted	1	185;180903;181895;-;366.6	175;174020;175411;-;381.2	179;176643;177395;-;232.2	188;182921;185560;-;257.8	174;171198;174020;-;346.4	198;189386;190810;-;89.2	188;182921;185560;-;88.8	200;191537;192103;-;169.3	184;180252;180890;-;67.0	183;178238;180193;-;259.7	170;166917;169229;-;393.1	196;188193;188750;-;52.7	170;166917;169229;-;66.6	A	9/9	contiguous	24620	1	1	170572..171174-;200;TraS;0
NZ_CP056194.1	MPF_F	IncFII(pBK30683)	83	0	0	GA	0															not_admitted	not_admitted	not_admitted	not_admitted	not_admitted	not_admitted	not_admitted	not_admitted	not_admitted	not_admitted	1	57;42703;43695;+;362.9	69;50797;52167;+;383.1	66;49276;50028;+;226.1	54;39038;41677;+;259.1	70;52167;55016;+;345.6	46;34263;35687;+;89.2	54;39038;41677;+;83.9	44;32970;33536;+;169.3	61;45726;46373;+;65.7	62;46432;48387;+;255.2	74;57502;59814;+;392.7	47;35801;36370;+;52.3	74;57502;59814;+;66.5	A	9/9	contiguous	24532	1	1	55029..55577+;182;unnamed;0
NZ_CP056202.1	MPF_F	IncFIA(HI1)(pAR0022)	141	0	0	GA	0															not_admitted	not_admitted	not_admitted	not_admitted	not_admitted	not_admitted	not_admitted	not_admitted	not_admitted	not_admitted	1	94;78707;79705;+;353.5	101;84452;85816;+;356.2	97;82210;82992;+;217.1	87;73417;76020;+;217.8	102;85816;89058;+;299.0	83;70513;71910;+;93.6	87;73417;76020;+;101.5	81;69180;69764;+;98.3	95;79716;80336;+;57.0	96;80333;82213;+;214.7	109;92147;94678;+;358.5	86;72863;73420;+;39.5	109;92147;94678;+;68.0	A	9/9	contiguous	22967	1	1	89060..89749+;229;unnamed;0
NZ_CP056209.1	MPF_T	pKPC-CAV1321	358	0	0	GA	0															not_admitted	not_admitted	not_admitted	not_admitted	not_admitted	not_admitted	not_admitted	not_admitted	not_admitted	not_admitted	1	237;200794;201861;+;276.8	257;217772;219214;+;260.7	256;216675;217775;+;198.4	231;195045;197531;+;223.8	258;219229;222747;+;240.0	125;92039;93259;+;216.3	231;195045;197531;+;120.8	225;188511;189137;+;87.1	236;199787;200797;+;42.0	260;223183;225840;+;136.9	219;183987;185963;+;22.7	228;191814;192380;+;71.6	219;183987;185963;+;33.5	A	9/9	split_2	131144	0	1	
NZ_CP056211.1	MPF_T	IncX5	55	0	0	GA	1	43;41486;42130;-;43.4	42;41212;41502;-;69.0	41;38431;41190;-;42.6	41;38431;41190;-;130.6	41;38431;41190;-;69.6	40;37674;38423;-;55.4	38;36340;37395;-;134.9		37;35372;36100;-;121.8	36;34438;35367;-;133.7	35;33230;34441;-;132.5	34;32175;33218;-;64.3	33;30337;32172;-;501.8		pfam	pfam_only	A	7/7	canonical	1	1	unscoreable	1	0	0														not_admitted	not_admitted	not_admitted	not_admitted	not_admitted	not_admitted	not_admitted
NZ_CP056217.1	MPF_F	IncFIB(K);IncFII(K)	154	0	0	GA	0															not_admitted	not_admitted	not_admitted	not_admitted	not_admitted	not_admitted	not_admitted	not_admitted	not_admitted	not_admitted	1	110;112617;113609;-;366.6	100;105796;107166;-;381.2	104;108368;109120;-;232.4	113;114635;117274;-;258.7	99;102947;105796;-;344.2	122;120677;122101;-;84.2	113;114635;117274;-;88.8	124;122828;123394;-;168.4	109;111966;112604;-;67.0	108;109963;111969;-;259.0	95;98824;101133;-;393.2	121;119907;120464;-;53.2	95;98824;101133;-;65.8	A	9/9	contiguous	24004	1	1	102414..102944-;176;unnamed;0
NZ_CP056220.1	MPF_T	pKPC-CAV1321	354	0	0	GA	0															not_admitted	not_admitted	not_admitted	not_admitted	not_admitted	not_admitted	not_admitted	not_admitted	not_admitted	not_admitted	1	218;186376;187443;+;276.8	241;204557;205999;+;260.7	240;203460;204560;+;198.4	214;181782;184268;+;223.8	242;206014;209532;+;240.0	76;69106;70326;-;216.3	214;181782;184268;+;120.8	208;175248;175874;+;87.1	217;185066;186379;+;41.0	244;209968;212625;+;136.9	202;170724;172700;+;22.7	211;178551;179117;+;71.6	202;170724;172700;+;33.5	A	9/9	split_2	140862	0	1	
NZ_CP056233.1	-	pKPC-CAV1321	414	0	0	GA	0															not_admitted	not_admitted	not_admitted	not_admitted	not_admitted	not_admitted	not_admitted	not_admitted	not_admitted	not_admitted	1	266;220070;221137;+;276.8	286;237050;238492;+;260.7	285;235953;237053;+;198.4	262;215476;217962;+;223.8	287;238507;242025;+;240.0	258;210851;212248;+;109.8	262;215476;217962;+;120.8	256;208942;209568;+;87.1	265;218760;220073;+;41.0	289;242461;245118;+;136.9	250;204418;206394;+;22.7	259;212245;212811;+;71.6	250;204418;206394;+;33.5	A	9/9	contiguous	38043	0	1	
NZ_CP056236.1	MPF_T	pKPC-CAV1321	387	0	0	GA	0															not_admitted	not_admitted	not_admitted	not_admitted	not_admitted	not_admitted	not_admitted	not_admitted	not_admitted	not_admitted	1	254;212474;213541;+;276.8	280;233079;234521;+;260.7	279;232417;233082;+;126.7	250;207880;210366;+;223.8	283;235735;239253;+;240.0	141;102645;103865;+;216.3	250;207880;210366;+;120.8	244;201346;201972;+;87.1	253;211164;212477;+;41.0	285;239689;242346;+;136.9	238;196822;198798;+;22.7	247;204649;205215;+;71.6	238;196822;198798;+;33.5	A	9/9	split_2	137044	0	1	
NZ_CP056239.1	MPF_F	IncFIB(pB171);IncFII(S);IncFII(SARC14)	216	0	0	GA	0															not_admitted	not_admitted	not_admitted	not_admitted	not_admitted	not_admitted	not_admitted	not_admitted	not_admitted	not_admitted	1	204;191944;192939;+;357.0		208;195776;196555;+;195.8	201;188260;190851;+;218.1		96;101112;102332;-;216.3	201;188260;190851;+;87.3	196;184197;184760;+;143.8	206;193315;193929;+;79.9	207;193926;195779;+;253.1	209;196576;198069;+;364.5	200;187650;188249;+;50.4	209;196576;198069;+;65.9	C	7/9	split_2	95464	0	1	
NZ_CP056240.1	MPF_F	-	131	0	0	GA	0															not_admitted	not_admitted	not_admitted	not_admitted	not_admitted	not_admitted	not_admitted	not_admitted	not_admitted	not_admitted	1	44;26867;28465;-;329.9	37;22100;23488;-;240.6	39;23965;24792;-;171.7	47;32257;34791;-;151.0	36;18447;22100;-;106.2	49;35309;36550;-;59.9	47;32257;34791;-;77.1	51;37378;38007;-;46.3	41;25327;26067;-;97.4	45;28624;30222;-;77.4	123;88878;91223;+;355.3	48;34791;35309;-;75.7	123;88878;91223;+;64.0	A	9/9	split_2	70431	1	1	18157..18345-;62;unnamed;0
NZ_CP056252.1	MPF_F	IncFIB(pB171);IncFII(S);IncFII(SARC14)	176	0	0	GA	0															not_admitted	not_admitted	not_admitted	not_admitted	not_admitted	not_admitted	not_admitted	not_admitted	not_admitted	not_admitted	1	155;131163;132158;+;357.0	165;138856;140217;+;336.1	163;137440;138219;+;195.8	152;127479;130070;+;218.1	166;140219;143116;+;290.9	38;30150;31370;-;216.3	152;127479;130070;+;87.3	147;123416;123979;+;143.8	157;132534;133148;+;79.9	162;136268;137443;+;254.4	169;144695;146986;+;375.8	151;126869;127468;+;50.4	169;144695;146986;+;65.0	A	9/9	split_2	114545	1	1	143128..143688+;186;unnamed;0
NZ_CP056253.1	MPF_F	-	78	0	0	GA	0															not_admitted	not_admitted	not_admitted	not_admitted	not_admitted	not_admitted	not_admitted	not_admitted	not_admitted	not_admitted	1	28;24067;25059;+;192.7			18;12473;15331;+;300.6	31;26886;28394;+;265.6						6;3734;5833;+;30.8		6;3734;5833;+;46.7	D	3/9	contiguous	23152	0	0	
NZ_CP056254.1	MPF_T	IncX5	74	0	0	GA	1	36;31072;31716;+;36.9	37;31700;31990;+;69.0	38;32012;34771;+;42.6	38;32012;34771;+;132.2	38;32012;34771;+;70.5	39;34779;35528;+;54.3	41;35807;36862;+;135.2		42;37102;37830;+;120.9	43;37835;38764;+;134.2	44;38761;39972;+;136.9	45;39984;41027;+;64.1	46;41030;42865;+;504.8		pfam	pfam_only	A	7/7	canonical	1	1	unscoreable	1	0	0														not_admitted	not_admitted	not_admitted	not_admitted	not_admitted	not_admitted	not_admitted
NZ_CP056257.1	MPF_F	IncFIB(pB171);IncFII(S);IncFII(SARC14)	216	0	0	GA	0															not_admitted	not_admitted	not_admitted	not_admitted	not_admitted	not_admitted	not_admitted	not_admitted	not_admitted	not_admitted	1	204;191907;192902;+;357.0		208;195739;196518;+;195.8	201;188223;190814;+;218.1		96;101075;102295;-;216.3	201;188223;190814;+;87.3	196;184160;184723;+;143.8	206;193278;193892;+;79.9	207;193889;195742;+;253.1	209;196539;198032;+;364.5	200;187613;188212;+;50.4	209;196539;198032;+;65.9	C	7/9	split_2	95464	0	1	
NZ_CP056258.1	MPF_F	-	132	0	0	GA	0															not_admitted	not_admitted	not_admitted	not_admitted	not_admitted	not_admitted	not_admitted	not_admitted	not_admitted	not_admitted	1	37;32694;34292;+;329.9	44;37671;39059;+;240.6	42;36367;37194;+;171.7	34;26368;28902;+;151.0	45;39059;42712;+;106.2	32;24609;25850;+;59.9	34;26368;28902;+;77.1	30;23152;23781;+;46.3	40;35092;35832;+;97.4	36;30937;32535;+;77.4	90;70121;72466;-;355.3	33;25850;26368;+;75.7	90;70121;72466;-;64.0	A	9/9	split_2	46969	1	1	42814..43002+;62;unnamed;0
NZ_CP056261.1	MPF_T	IncX3(pEC14)	49	0	0	GA	1	22;11394;12038;+;46.5	23;12022;12312;+;71.9	24;12337;15090;+;47.0	24;12337;15090;+;148.8	24;12337;15090;+;73.2	25;15100;15870;+;60.1	27;16149;17204;+;132.7		28;17399;18127;+;118.8	29;18133;19062;+;139.9	30;19059;20261;+;127.1	31;20273;21304;+;65.4	32;21307;23142;+;496.6		pfam	pfam_only	A	7/7	canonical	1	1	unscoreable	1	0	0														not_admitted	not_admitted	not_admitted	not_admitted	not_admitted	not_admitted	not_admitted
NZ_CP056268.1	MPF_T	pKPC-CAV1321	365	0	0	GA	0															not_admitted	not_admitted	not_admitted	not_admitted	not_admitted	not_admitted	not_admitted	not_admitted	not_admitted	not_admitted	1	252;215825;216892;+;276.8	272;232803;234245;+;260.7	271;231706;232806;+;198.4	248;211231;213717;+;223.8	273;234260;235252;+;142.6	170;144325;145545;-;216.3	248;211231;213717;+;120.8	242;204697;205323;+;87.1	251;214515;215828;+;41.0		236;200173;202149;+;22.7	245;208000;208566;+;71.6	236;200173;202149;+;33.5	B	8/9	split_2	89935	1	0	235299..236222+;307;unnamed;0
NZ_CP056270.1	MPF_T	pKPC-CAV1321	384	0	0	GA	0															not_admitted	not_admitted	not_admitted	not_admitted	not_admitted	not_admitted	not_admitted	not_admitted	not_admitted	not_admitted	1	256;222274;223341;+;276.8	276;239255;240697;+;260.7	275;238158;239258;+;198.4	252;217680;220166;+;223.8	277;240712;244230;+;240.0	192;165374;166594;+;216.3	252;217680;220166;+;120.8	244;209947;210573;+;87.1	255;220964;222277;+;41.0	279;244666;247323;+;136.9	238;205423;207399;+;22.7	247;213250;213816;+;71.6	238;205423;207399;+;33.5	A	9/9	split_2	79292	0	1	
NZ_CP056271.1	MPF_T	IncX5	108	0	0	GA	1	63;60154;60798;+;36.9	64;60782;61072;+;69.0	65;61094;63853;+;42.6	65;61094;63853;+;132.2	65;61094;63853;+;70.5	66;63861;64610;+;54.3	68;64889;65944;+;135.2		69;66184;66912;+;120.9	70;66917;67846;+;134.2	71;67843;69054;+;136.9	72;69066;70109;+;65.7	73;70112;71947;+;505.1		pfam	pfam_only	A	7/7	canonical	1	1	unscoreable	1	0	0														not_admitted	not_admitted	not_admitted	not_admitted	not_admitted	not_admitted	not_admitted
NZ_CP056276.1	MPF_F	IncFIB(pNDM-Mar)	274	0	0	GA	0															not_admitted	not_admitted	not_admitted	not_admitted	not_admitted	not_admitted	not_admitted	not_admitted	not_admitted	not_admitted	1	203;181082;182119;-;282.3	76;56322;57731;+;190.0	75;55295;56332;+;174.4	215;192952;195669;-;149.6	77;57733;61647;+;120.9	219;197782;199152;-;65.8	215;192952;195669;-;85.2	222;200798;201658;-;79.0	204;182116;183477;-;69.9	202;177890;181072;-;60.1	68;45969;48095;-;58.4	216;195714;196451;-;56.9	68;45969;48095;-;41.0	A	9/9	split_2	154829	0	1	
NZ_CP056285.1	-	pKPC-CAV1321	348	0	0	GA	0															not_admitted	not_admitted	not_admitted	not_admitted	not_admitted	not_admitted	not_admitted	not_admitted	not_admitted	not_admitted	1	221;188894;189961;+;276.8	244;207127;208569;+;260.7	243;206030;207130;+;198.4	217;184300;186786;+;223.8	245;208584;212102;+;240.0	213;179675;181072;+;109.8	217;184300;186786;+;120.8	211;177766;178392;+;87.1	220;187584;188897;+;41.0	247;212538;215195;+;136.9	203;172930;174441;+;21.5	214;181069;181635;+;71.6	203;172930;174441;+;34.4	A	9/9	contiguous	39608	0	1	
NZ_CP056302.1	MPF_F	IncFIB(K);IncFII(pKP91)	301	0	0	GA	0															not_admitted	not_admitted	not_admitted	not_admitted	not_admitted	not_admitted	not_admitted	not_admitted	not_admitted	not_admitted	1	239;219703;220692;-;363.3	228;212517;213884;-;383.5	232;215142;215894;-;233.7	243;222149;224788;-;259.0	227;209695;212517;-;346.5	254;228758;230182;-;88.0	243;222149;224788;-;88.7	256;230909;231475;-;167.9	237;218780;219427;-;65.1	236;216766;218721;-;259.7	223;204797;207079;-;393.3	251;227562;228146;-;53.8	223;204797;207079;-;65.8	A	9/9	contiguous	26112	1	1	209070..209672-;200;TraS;0
NZ_CP056308.1	MPF_F	IncFIB(K);IncFII(K)	256	0	0	GA	0															not_admitted	not_admitted	not_admitted	not_admitted	not_admitted	not_admitted	not_admitted	not_admitted	not_admitted	not_admitted	1	194;183867;184859;-;366.6	184;176983;178350;-;381.2	188;179607;180359;-;232.2	197;185885;188524;-;260.3	183;174134;176983;-;346.5	206;194242;195666;-;89.3	197;185885;188524;-;88.7	208;196393;196959;-;167.0	193;183216;183854;-;67.0	192;181202;183157;-;259.2	179;170009;172318;-;390.0	203;191989;192546;-;52.5	179;170009;172318;-;66.6	A	9/9	contiguous	26384	1	1	173601..174131-;176;unnamed;0
NZ_CP056310.1	MPF_F	IncFII(p14)	114	0	0	GA	0															not_admitted	not_admitted	not_admitted	not_admitted	not_admitted	not_admitted	not_admitted	not_admitted	not_admitted	not_admitted	1	88;70798;71790;+;372.3	98;77438;78808;+;380.7	95;75902;76654;+;228.2	85;67133;69772;+;254.8	99;78808;81633;+;346.7	77;62601;64022;+;88.0	85;67133;69772;+;88.2	75;61314;61880;+;161.7	89;71803;72429;+;68.9	90;72426;74381;+;254.3	103;83615;85915;+;388.6	79;64634;65203;+;55.7	103;83615;85915;+;64.3	A	9/9	contiguous	22301	1	1	81650..82321+;223;unnamed;0
NZ_CP056311.1	MPF_T	IncFII(pMET)	40	0	0	GA	1	34;33546;34256;-;46.8	33;33244;33549;-;73.8	32;30493;33231;-;49.1	32;30493;33231;-;151.1	32;30493;33231;-;32.2	31;29771;30475;-;143.5	29;28446;29522;-;170.4		27;27541;28224;-;195.8	26;26636;27541;-;154.3	25;25324;26592;-;145.6	24;24309;25334;-;67.6	20;20841;22454;-;48.8		pfam	pfam_only	A	7/7	canonical	1	1	unscoreable	5	0	0														not_admitted	not_admitted	not_admitted	not_admitted	not_admitted	not_admitted	not_admitted
NZ_CP056322.1	-	pKPC-CAV1321	347	0	0	GA	0															not_admitted	not_admitted	not_admitted	not_admitted	not_admitted	not_admitted	not_admitted	not_admitted	not_admitted	not_admitted	1	220;188108;189175;+;276.8	243;206341;207783;+;260.7	242;205244;206344;+;198.4	216;183514;186000;+;223.8	244;207798;211316;+;240.0	212;178889;180286;+;109.8	216;183514;186000;+;120.8	210;176980;177606;+;87.1	219;186798;188111;+;41.0	246;211752;214409;+;136.9	202;172144;173655;+;21.5	213;180283;180849;+;71.6	202;172144;173655;+;34.4	A	9/9	contiguous	39608	0	1	
NZ_CP056324.1	MPF_T	IncU	40	0	0	GA	1		29;28131;28454;-;65.4	28;27793;28113;-;82.6	27;25349;27796;-;160.0	27;25349;27796;-;81.9	26;24708;25352;-;105.2	24;23382;24392;-;163.4		22;22312;23061;-;152.8	21;21476;22309;-;207.7	20;20268;21476;-;186.6	19;19262;20290;-;91.3	18;17371;19296;-;409.1		pfam	both	A	7/7	canonical	1	0	unscoreable	2	0	0														not_admitted	not_admitted	not_admitted	not_admitted	not_admitted	not_admitted	not_admitted
NZ_CP056334.1	MPF_T	pKPC-CAV1321	369	0	0	GA	0															not_admitted	not_admitted	not_admitted	not_admitted	not_admitted	not_admitted	not_admitted	not_admitted	not_admitted	not_admitted	1	241;200453;201520;+;276.8	265;219876;221318;+;260.7	264;218779;219879;+;198.4	237;195859;198345;+;223.8	266;221333;224851;+;240.0	76;73431;74651;-;216.3	237;195859;198345;+;120.8	231;189325;189951;+;87.1	240;199143;200456;+;41.0	268;225287;227944;+;136.9	222;184025;184609;+;22.4	234;192628;193194;+;71.6	225;185359;186777;+;34.6	A	9/9	split_2	151856	0	1	
NZ_CP056335.1	MPF_T	IncFIB(K)	76	0	0	GA	1	48;52856;53518;+;48.3	49;53529;53828;+;36.6	50;53838;56588;+;61.8	50;53838;56588;+;134.0	50;53838;56588;+;47.3	51;56607;57323;+;137.0	53;57637;58644;+;137.8		55;58854;59540;+;158.3	56;59533;60426;+;147.4	57;60423;61619;+;134.7	58;61623;62672;+;71.5	65;67409;69316;+;24.4		pfam	pfam_only	A	7/7	canonical	1	1	unscoreable	8	0	0														not_admitted	not_admitted	not_admitted	not_admitted	not_admitted	not_admitted	not_admitted
NZ_CP056337.1	-	pKPC-CAV1321	400	0	0	GA	0															not_admitted	not_admitted	not_admitted	not_admitted	not_admitted	not_admitted	not_admitted	not_admitted	not_admitted	not_admitted	1	272;213077;214144;+;276.8	292;230058;231500;+;260.7	291;228961;230061;+;198.4	268;208483;210969;+;223.8	296;233214;236285;+;135.0	264;203858;205255;+;109.8	268;208483;210969;+;120.8	262;201949;202575;+;87.1	271;211767;213080;+;41.0	298;236721;239378;+;136.9	256;197425;199401;+;22.7	265;205252;205818;+;71.6	256;197425;199401;+;33.5	A	9/9	contiguous	39296	0	1	
NZ_CP056351.1	MPF_T	pKPC-CAV1321	371	0	0	GA	0															not_admitted	not_admitted	not_admitted	not_admitted	not_admitted	not_admitted	not_admitted	not_admitted	not_admitted	not_admitted	1	246;209258;210325;+;276.8	266;226236;227678;+;260.7	265;225139;226239;+;198.4	242;204664;207150;+;223.8	267;227693;231211;+;240.0	133;100305;101525;+;213.5	242;204664;207150;+;120.8	236;198130;198756;+;87.1	245;207948;209261;+;41.0	269;231647;234304;+;136.9	230;193606;195582;+;22.7	239;201433;201999;+;71.6	230;193606;195582;+;33.5	A	9/9	split_2	131342	0	1	
NZ_CP056362.1	MPF_T	pKPC-CAV1321	366	0	0	GA	0															not_admitted	not_admitted	not_admitted	not_admitted	not_admitted	not_admitted	not_admitted	not_admitted	not_admitted	not_admitted	1	233;198272;199339;+;276.8	253;215253;216695;+;260.7	252;214156;215256;+;198.4	229;193678;196164;+;223.8	254;216710;220228;+;240.0	87;78507;79727;-;216.3	229;193678;196164;+;120.8	223;187144;187770;+;87.1	232;196962;198275;+;41.0	256;220664;223321;+;136.9	217;182620;184596;+;22.7	226;190447;191013;+;71.6	217;182620;184596;+;33.5	A	9/9	split_2	142157	0	1	
NZ_CP056374.1	MPF_F	IncFII(K);IncFII(pAR0022);repB(R1701)	196	0	0	GA	0															not_admitted	not_admitted	not_admitted	not_admitted	not_admitted	not_admitted	not_admitted	not_admitted	not_admitted	not_admitted	1	110;105617;106606;-;366.6	100;98732;100099;-;381.2	104;101357;102109;-;235.1	114;108049;110688;-;256.8	99;95883;98732;-;345.0	122;113883;115307;-;89.2	114;108049;110688;-;88.8	124;116034;116600;-;169.3	109;104966;105604;-;67.0	108;102952;104907;-;259.2	94;91111;93423;-;393.1	121;113185;113769;-;54.4	94;91111;93423;-;66.6	A	9/9	contiguous	24923	1	1	95350..95880-;176;unnamed;0
NZ_CP056382.1	MPF_T	pKPC-CAV1321	366	0	0	GA	0															not_admitted	not_admitted	not_admitted	not_admitted	not_admitted	not_admitted	not_admitted	not_admitted	not_admitted	not_admitted	1	230;200342;201409;+;276.8	252;218674;220116;+;260.7	249;216226;217302;+;198.5	226;195748;198234;+;223.8	253;220131;223649;+;240.0	85;78519;79739;-;216.3	226;195748;198234;+;120.8	220;189214;189840;+;87.1	229;199032;200345;+;41.0	255;224085;226742;+;136.9	214;184690;186666;+;22.7	223;192517;193083;+;71.6	214;184690;186666;+;33.5	A	9/9	split_2	145566	0	1	
NZ_CP056386.1	MPF_F	IncFIB(K);IncFII(K);IncFII(pAR0022)	280	0	0	GA	0															not_admitted	not_admitted	not_admitted	not_admitted	not_admitted	not_admitted	not_admitted	not_admitted	not_admitted	not_admitted	1	193;185991;186983;-;366.6	183;179108;180499;-;381.2	187;181731;182483;-;232.2	196;188009;190648;-;257.8	182;176286;179108;-;346.4	206;194474;195898;-;88.4	196;188009;190648;-;88.8	208;196625;197191;-;167.0	192;185340;185978;-;67.0	191;183326;185281;-;259.7	178;172005;174317;-;393.1	204;193281;193838;-;52.7	178;172005;174317;-;66.6	A	9/9	contiguous	24620	1	1	175660..176262-;200;TraS;0
NZ_CP056394.1	MPF_F	IncFII(pECLA);repE(pEh60-7)	100	0	0	GA	0															not_admitted	not_admitted	not_admitted	not_admitted	not_admitted	not_admitted	not_admitted	not_admitted	not_admitted	not_admitted	1	83;67340;68338;+;358.7	92;73581;74945;+;357.9	86;70819;71601;+;212.1	75;61847;64453;+;219.0	93;74945;78361;+;304.8	68;57779;59182;+;90.4	75;61847;64453;+;94.5	66;56449;57030;+;102.2	84;68349;68972;+;64.0	85;68969;70822;+;216.2	97;80420;83020;+;359.8	73;61072;61611;+;44.5	97;80420;83020;+;71.1	A	9/9	contiguous	23971	1	1	78364..78921+;185;unnamed;0
NZ_CP056400.1	MPF_F	IncFIB(pB171);IncFII(S);IncFII(SARC14)	179	0	0	GA	0															not_admitted	not_admitted	not_admitted	not_admitted	not_admitted	not_admitted	not_admitted	not_admitted	not_admitted	not_admitted	1	162;157626;158621;+;357.0	168;162874;164235;+;336.1	166;161458;162237;+;195.8	159;153942;156533;+;218.1	169;164237;167134;+;290.9	82;87086;88306;-;216.3	159;153942;156533;+;87.3	154;149879;150442;+;143.8	164;158997;159611;+;79.9	165;159608;161461;+;253.1	172;168713;171004;+;375.8	158;153332;153931;+;50.4	172;168713;171004;+;65.0	A	9/9	split_2	81627	1	1	167146..167706+;186;unnamed;0
NZ_CP056410.1	MPF_F	IncFIB(pB171);IncFII(S);IncFII(SARC14)	150	0	0	GA	0															not_admitted	not_admitted	not_admitted	not_admitted	not_admitted	not_admitted	not_admitted	not_admitted	not_admitted	not_admitted	1	133;123604;124599;+;357.0	139;128852;130213;+;336.1	137;127436;128215;+;195.8	130;119920;122511;+;218.1	140;130215;133112;+;290.9	127;117137;118498;+;80.7	130;119920;122511;+;87.3	125;115857;116420;+;143.8	135;124975;125589;+;79.9	136;125586;127439;+;253.1	143;134691;136982;+;375.8	129;119310;119909;+;50.4	143;134691;136982;+;65.0	A	9/9	contiguous	18834	1	1	133124..133684+;186;unnamed;0
NZ_CP056426.1	MPF_F	IncFIB(K);IncFII(K);IncFII(pAR0022)	246	0	0	GA	0															not_admitted	not_admitted	not_admitted	not_admitted	not_admitted	not_admitted	not_admitted	not_admitted	not_admitted	not_admitted	1	158;150453;151442;-;366.6	148;143569;144936;-;381.2	152;146193;146945;-;231.5	162;152885;155524;-;256.8	147;140720;143569;-;345.0	170;158719;160143;-;89.2	162;152885;155524;-;88.8	172;160870;161436;-;169.3	157;149802;150440;-;67.0	156;147788;149743;-;259.2	142;135948;138260;-;393.1	169;158021;158605;-;54.3	142;135948;138260;-;66.6	A	9/9	contiguous	24922	1	1	140187..140717-;176;unnamed;0
NZ_CP056428.1	MPF_T	IncFII(pCRY)	33	0	0	GA	1	28;22702;23412;-;46.6	27;22400;22705;-;73.1	26;19649;22387;-;49.1	26;19649;22387;-;151.4	26;19649;22387;-;32.2	25;18920;19630;-;141.1	23;17595;18671;-;170.4		21;16690;17373;-;196.5	20;15785;16690;-;154.4	19;14476;15738;-;147.3	17;13129;14154;-;66.1	13;9540;11276;-;44.1		pfam	pfam_only	A	7/7	canonical	1	1	unscoreable	6	0	0														not_admitted	not_admitted	not_admitted	not_admitted	not_admitted	not_admitted	not_admitted
NZ_CP056434.1	MPF_F	IncFII(pKP91);IncR	160	0	0	GA	0															not_admitted	not_admitted	not_admitted	not_admitted	not_admitted	not_admitted	not_admitted	not_admitted	not_admitted	not_admitted	1	132;110461;111453;+;366.6	142;116945;118336;+;381.2	138;114961;115713;+;232.2	129;106796;109435;+;259.3	143;118336;120492;+;347.6	119;101547;102971;+;88.4	129;106796;109435;+;88.8	117;100254;100820;+;167.0	133;111466;112104;+;67.0	134;112163;114118;+;258.5	150;124359;126668;+;391.8	121;103607;104164;+;52.7	150;124359;126668;+;66.6	A	9/9	contiguous	24105	0	1	
NZ_CP056435.1	MPF_F	IncFIB(pQil);IncFII(K)	149	0	0	GA	0															not_admitted	not_admitted	not_admitted	not_admitted	not_admitted	not_admitted	not_admitted	not_admitted	not_admitted	not_admitted	1	90;88219;89208;-;366.0	80;81305;82672;-;381.2	84;83930;84682;-;233.7	94;90651;93290;-;258.5	79;78456;81305;-;345.6	102;96547;97971;-;88.8	94;90651;93290;-;88.7	104;98698;99264;-;169.3	89;87568;88206;-;66.9	88;85554;87509;-;259.7	75;73658;75970;-;392.7	101;95849;96433;-;55.4	75;73658;75970;-;66.5	A	9/9	contiguous	25040	1	1	77895..78443-;182;unnamed;0
NZ_CP056437.1	MPF_T	IncX5	54	0	0	GA	1	35;31193;31837;+;36.9	36;31821;32111;+;69.0	37;32133;34892;+;42.6	37;32133;34892;+;132.2	37;32133;34892;+;70.5	38;34900;35649;+;54.3	40;35928;36983;+;135.2		41;37223;37951;+;120.9	42;37956;38885;+;134.2	43;38882;40093;+;136.9	44;40105;41148;+;64.1	45;41151;42986;+;504.8		pfam	pfam_only	A	7/7	canonical	1	1	unscoreable	1	0	0														not_admitted	not_admitted	not_admitted	not_admitted	not_admitted	not_admitted	not_admitted
NZ_CP056452.1	MPF_F	IncFII(SARC14);IncFII(p14)	115	0	0	GA	0															not_admitted	not_admitted	not_admitted	not_admitted	not_admitted	not_admitted	not_admitted	not_admitted	not_admitted	not_admitted	1	99;85786;86787;+;355.1	104;90657;92018;+;334.4	102;89241;90020;+;197.0	96;82133;84724;+;219.6	105;92020;94917;+;294.5	91;79128;80489;+;83.7	96;82133;84724;+;88.7	89;77848;78411;+;145.8	100;86798;87418;+;80.0	101;87415;89244;+;256.0	108;96557;98806;+;376.3	95;81509;82123;+;49.4	108;96557;98806;+;67.3	A	9/9	contiguous	18709	1	1	94929..95489+;186;unnamed;0
NZ_CP056467.1	-	-	53	0	0	GA	1	49;51659;52333;-;41.4	48;51360;51662;-;49.6	47;48595;51345;-;63.3	47;48595;51345;-;139.3	47;48595;51345;-;44.3	46;47823;48560;-;125.3	44;46504;47523;-;143.0		43;45603;46286;-;178.0	42;44704;45603;-;149.3	41;43433;44707;-;156.8	40;42395;43426;-;67.9	34;36109;38007;-;30.1		pfam	pfam_only	A	7/7	canonical	1	1	unscoreable	6	0	0														not_admitted	not_admitted	not_admitted	not_admitted	not_admitted	not_admitted	not_admitted
NZ_CP056484.1	MPF_F	IncHI1A(NDM-CIT);IncHI1B(pNDM-CIT)	308	0	0	GA	0															not_admitted	not_admitted	not_admitted	not_admitted	not_admitted	not_admitted	not_admitted	not_admitted	not_admitted	not_admitted	1	34;35281;36336;+;278.1	198;176752;178167;-;200.0	199;178157;179203;-;168.3	14;11685;14366;+;156.8	197;172754;176743;-;103.1	97;90111;91331;-;216.3	14;11685;14366;+;73.5	4;3128;3913;+;69.5	32;33628;35136;+;62.3	35;36355;39531;+;57.9	205;186141;188225;+;48.6	12;9526;10482;+;44.6	205;186141;188225;+;36.5	A	9/9	split_4	183013	0	1	
NZ_CP056485.1	MPF_F	IncFII(Yp)	176	1	1	GA	1	131;120903;121325;-;75.1	39;39019;39321;+;49.6	40;39336;41252;+;63.6	40;39336;41252;+;140.4	40;39336;41252;+;45.0	44;43457;44194;+;125.3	46;44494;45513;+;143.0		48;45731;46414;+;178.0	49;46414;47313;+;149.3	50;47310;48584;+;156.8	51;48591;49622;+;67.9	57;54010;55908;+;30.1	151;136531;138486;+;256.1	pfam	pfam_only	A	7/7	canonical	1	1	unscoreable	28	0	1	149;134328;135317;+;365.8	161;142257;143627;+;383.1	155;139458;140210;+;232.5	146;130663;133302;+;255.2	162;143627;146506;+;333.2	50;47310;48584;+;156.8	146;130663;133302;+;92.3	136;124255;124821;+;160.3	150;135507;136154;+;67.1	151;136531;138486;+;256.1	166;149284;151602;+;389.0	139;127029;127598;+;53.6	166;149284;151602;+;65.6	A	9/9	split_2	101974	1	1	146523..147191+;222;unnamed;0
NZ_CP056506.1	MPF_F	IncFIA(HI1)(pAR0022);IncFII(pAR0022)	160	0	0	GA	0															not_admitted	not_admitted	not_admitted	not_admitted	not_admitted	not_admitted	not_admitted	not_admitted	not_admitted	not_admitted	1	140;117890;118882;+;365.3	148;123738;125102;+;355.8	143;121381;122163;+;216.2	132;112598;115201;+;224.6	149;125102;128392;+;303.7	128;109862;111271;+;94.8	132;112598;115201;+;103.0	126;108529;109113;+;107.0	141;118893;119513;+;56.6	142;119510;121384;+;219.8	157;132416;135076;+;360.0	130;111862;112419;+;40.1	157;132416;135076;+;71.3	A	9/9	contiguous	23887	1	1	128407..128976+;189;unnamed;0
NZ_CP056509.1	-	pKPC-CAV1321	345	0	0	GA	0															not_admitted	not_admitted	not_admitted	not_admitted	not_admitted	not_admitted	not_admitted	not_admitted	not_admitted	not_admitted	1	218;185825;186892;+;276.8	241;204058;205500;+;260.7	240;202961;204061;+;198.4	214;181231;183717;+;223.8	242;205515;209033;+;240.0	210;176606;178003;+;109.8	214;181231;183717;+;120.8	208;174697;175323;+;87.1	217;184515;185828;+;41.0	244;209469;212126;+;136.9	200;169861;171372;+;21.5	211;178000;178566;+;71.6	200;169861;171372;+;34.4	A	9/9	contiguous	39608	0	1	
NZ_CP056511.1	MPF_T	IncFII(pCRY)	75	0	0	GA	1	69;59235;59945;-;47.5	68;58933;59238;-;73.1	67;56182;58920;-;49.1	67;56182;58920;-;151.4	67;56182;58920;-;32.2	66;55457;56164;-;143.4	64;54130;55203;-;160.1		62;53225;53908;-;196.5	61;52320;53225;-;154.7	60;51005;52273;-;145.1	59;49990;51015;-;66.1	55;46399;48135;-;48.0		pfam	pfam_only	A	7/7	canonical	1	1	unscoreable	5	0	0														not_admitted	not_admitted	not_admitted	not_admitted	not_admitted	not_admitted	not_admitted
NZ_CP056518.1	MPF_T	IncU	64	0	0	GA	1		38;35140;35463;-;66.6	37;34802;35122;-;82.6	36;32358;34805;-;158.4	36;32358;34805;-;86.2	35;31717;32361;-;105.2	33;30391;31401;-;161.6		31;29417;30070;-;111.8	22;22257;23090;-;208.0	21;21043;22257;-;188.0	20;20037;21065;-;90.9	19;18146;20071;-;408.7		pfam	both	A	7/7	canonical	1	0	unscoreable	10	0	0														not_admitted	not_admitted	not_admitted	not_admitted	not_admitted	not_admitted	not_admitted
NZ_CP056528.1	MPF_F	IncHI1A(NDM-CIT);IncHI1B(pNDM-CIT)	279	0	0	GA	0															not_admitted	not_admitted	not_admitted	not_admitted	not_admitted	not_admitted	not_admitted	not_admitted	not_admitted	not_admitted	1	34;33718;34773;+;278.1	206;184407;185822;-;200.0	207;185812;186858;-;168.3	14;10630;11571;+;98.0	205;180409;184398;-;103.1	10;7287;8288;+;82.1	16;12778;14466;+;76.2	4;3136;3921;+;69.6	32;32065;33573;+;62.3	35;34792;37968;+;57.9	213;193796;195880;+;48.1	13;9671;10621;+;45.4	213;193796;195880;+;35.5	A	9/9	split_2	190660	0	1	
NZ_CP056531.1	MPF_F	IncFIB(K);IncFII(K);IncFII(pAR0022)	250	0	0	GA	0															not_admitted	not_admitted	not_admitted	not_admitted	not_admitted	not_admitted	not_admitted	not_admitted	not_admitted	not_admitted	1	172;157901;158893;-;363.2	162;150987;152354;-;384.3	166;153612;154364;-;233.7	175;159919;162021;-;152.7	161;148144;150987;-;346.4		175;159919;162021;-;89.5		171;157250;157888;-;66.0	170;155236;157191;-;259.6	156;143142;145454;-;392.5		156;143142;145454;-;66.6	C	7/9	contiguous	16777	1	1	147600..148133-;177;unnamed;0
NZ_CP056532.1	MPF_F	IncFIB(pQil);IncFII(K)	126	0	0	GA	0															not_admitted	not_admitted	not_admitted	not_admitted	not_admitted	not_admitted	not_admitted	not_admitted	not_admitted	not_admitted	1	99;83441;84433;+;362.9	112;91950;93320;+;383.8	108;89996;90748;+;233.7	96;79776;82415;+;259.1	113;93320;96193;+;347.4	85;73484;74887;+;88.4	96;79776;82415;+;83.9	83;72191;72757;+;167.1	103;86463;87110;+;65.7	104;87169;89124;+;259.7	116;97746;100055;+;392.7	88;76586;77155;+;53.7	116;97746;100055;+;66.6	A	9/9	contiguous	25555	1	1	96204..96737+;177;unnamed;0
NZ_CP056533.1	MPF_F	IncFII(Yp)	87	0	0	GA	0															not_admitted	not_admitted	not_admitted	not_admitted	not_admitted	not_admitted	not_admitted	not_admitted	not_admitted	not_admitted	1	62;49217;50209;+;362.9	73;56217;57584;+;382.8	68;53763;54515;+;235.3	59;45552;48191;+;259.0	74;57584;60433;+;342.7	48;39126;40550;+;88.4	59;45552;48191;+;88.8	46;37833;38399;+;167.1	63;50222;50860;+;66.0	64;50919;52874;+;255.2	78;62173;64485;+;390.6	50;41162;41731;+;53.7	78;62173;64485;+;66.5	A	9/9	contiguous	24340	1	1	60436..60966+;176;unnamed;0
NZ_CP056547.1	MPF_F	IncFIB(pB171);IncFII(S);IncFII(SARC14)	127	0	0	GA	0															not_admitted	not_admitted	not_admitted	not_admitted	not_admitted	not_admitted	not_admitted	not_admitted	not_admitted	not_admitted	1	106;94840;95835;+;357.0	116;102533;103894;+;336.1	114;101117;101896;+;195.8	103;91156;93747;+;218.1	117;103896;106793;+;290.9	100;88373;89734;+;80.7	103;91156;93747;+;87.3	98;87093;87656;+;143.8	108;96211;96825;+;79.9	113;99945;101120;+;254.4	120;108372;110663;+;375.8	102;90546;91145;+;50.4	120;108372;110663;+;65.0	A	9/9	contiguous	21279	1	1	106805..107365+;186;unnamed;0
NZ_CP056553.1	MPF_F	IncFIA(HI1);IncFII(p14)	177	0	0	GA	0															not_admitted	not_admitted	not_admitted	not_admitted	not_admitted	not_admitted	not_admitted	not_admitted	not_admitted	not_admitted	1	13;11329;12321;-;372.3	3;4317;5687;-;380.8	6;6471;7223;-;230.8	16;13344;15983;-;254.4	2;1474;4317;-;346.5	23;18461;19882;-;86.2	16;13344;15983;-;87.3	25;20603;21169;-;163.8	12;10690;11316;-;67.7	11;8750;10693;-;255.0	176;162094;163641;-;282.7	21;17718;18272;-;57.5	176;162094;163641;-;67.2	A	9/9	split_2	160620	1	1	936..1463-;175;unnamed;0
NZ_CP056574.1	-	pKPC-CAV1321	302	0	0	GA	0															not_admitted	not_admitted	not_admitted	not_admitted	not_admitted	not_admitted	not_admitted	not_admitted	not_admitted	not_admitted	1	185;166551;167618;+;276.8	205;183531;184970;+;253.3	204;182434;183534;+;197.1	181;161957;164443;+;224.0	206;184985;188428;+;242.3	177;157321;158718;+;109.8	181;161957;164443;+;120.6	175;155414;156040;+;86.7	184;165241;166554;+;40.5		169;150890;152860;+;22.1	178;158715;159281;+;72.5	169;150890;152860;+;33.6	B	8/9	contiguous	34095	0	0	
NZ_CP056575.1	MPF_F	IncFIA(HI1);IncFII(Cf)	162	0	0	GA	0															not_admitted	not_admitted	not_admitted	not_admitted	not_admitted	not_admitted	not_admitted	not_admitted	not_admitted	not_admitted	1	51;36691;37686;+;354.8	56;41554;42915;+;336.7	54;40142;40918;+;194.3	48;33007;35598;+;215.4	57;42917;45811;+;287.9	42;29608;30969;+;82.1	48;33007;35598;+;86.1	40;28328;28891;+;135.1	52;37705;38319;+;81.2	53;38316;40145;+;251.7	60;47468;49534;+;361.7	47;32355;32996;+;41.7	60;47468;49534;+;65.3	A	9/9	contiguous	19140	1	1	45821..46396+;191;unnamed;0
NZ_CP056576.1	MPF_F	-	129	0	0	GA	0															not_admitted	not_admitted	not_admitted	not_admitted	not_admitted	not_admitted	not_admitted	not_admitted	not_admitted	not_admitted	1	34;29344;30942;+;329.9	41;34318;35709;+;240.6	39;33017;33844;+;173.3	31;23018;25552;+;151.5	42;35709;39362;+;106.9	29;21259;22500;+;59.9	31;23018;25552;+;77.1	27;19802;20431;+;48.1	37;31742;32482;+;97.4	33;27587;29185;+;77.6	85;66717;69062;-;355.3	30;22500;23018;+;75.7	85;66717;69062;-;64.0	A	9/9	split_2	46915	1	1	39464..39652+;62;unnamed;0
NZ_CP056587.1	MPF_F	IncHI1A(NDM-CIT);IncHI1B(pNDM-CIT)	425	1	1	GA	1		250;248638;249021;+;86.7	140;129425;129694;+;32.5	252;249302;251752;+;42.3	252;249302;251752;+;138.4	142;132154;132897;+;226.6	255;252822;254186;+;179.3		145;134619;135323;+;235.9	72;67678;68727;+;235.3	73;68724;69944;+;216.3	138;127975;129045;+;118.3	247;245101;247116;+;346.4	176;162698;165874;-;57.9	conjscan	conjscan_only	A	7/7	canonical	1	0	unscoreable	6	0	1	177;165893;166600;-;214.6	343;317308;318723;+;200.0	342;316272;317318;+;168.3	194;185390;188071;-;156.8	344;318732;322721;+;103.1	73;68724;69944;+;216.3	194;185390;188071;-;73.5	201;193444;194229;-;69.5	179;167093;168601;-;62.3	176;162698;165874;-;57.9	247;245101;247116;+;105.6	195;188080;189030;-;45.4	247;245101;247116;+;99.4	A	9/9	split_4	250008	0	1	
NZ_CP056588.1	MPF_F	IncFII(Yp);IncFII(pAR0022)	96	0	0	GA	0															not_admitted	not_admitted	not_admitted	not_admitted	not_admitted	not_admitted	not_admitted	not_admitted	not_admitted	not_admitted	1	74;58529;59515;+;368.4	85;67897;69267;+;376.7	78;62262;63011;+;218.2	71;54905;57535;+;284.4	86;69267;72089;+;336.5	65;51483;52877;+;90.9	71;54905;57535;+;98.6	63;50200;50766;+;169.9	75;59532;60161;+;66.9	76;60158;62011;+;260.5	89;73425;75725;+;384.7	66;52899;53438;+;67.5	89;73425;75725;+;63.8	A	9/9	contiguous	23225	1	1	72111..72542+;143;TraS;0
NZ_CP056589.1	MPF_T	IncN3	83	0	0	GA	1	32;26853;27635;-;33.2	30;26310;26606;-;36.0	29;25953;26270;-;71.4	28;23754;25952;-;117.2	28;23754;25952;-;76.8								20;12783;14315;+;53.5		none	none	D	2/7	uncallable	0	0	unscoreable	8	0	0														not_admitted	not_admitted	not_admitted	not_admitted	not_admitted	not_admitted	not_admitted
NZ_CP056623.1	-	pKPC-CAV1321	366	0	0	GA	0															not_admitted	not_admitted	not_admitted	not_admitted	not_admitted	not_admitted	not_admitted	not_admitted	not_admitted	not_admitted	1	225;204194;205261;+;276.8	245;221174;222613;+;253.3	244;220077;221177;+;197.1	221;199600;202086;+;224.0	246;222628;226071;+;242.3	217;194964;196361;+;109.8	221;199600;202086;+;120.6	215;193057;193683;+;86.7	224;202884;204197;+;40.5	248;226508;229165;+;138.1	209;188533;190503;+;22.1	218;196358;196924;+;72.5	209;188533;190503;+;33.6	A	9/9	contiguous	37975	0	1	
NZ_CP056624.1	MPF_F	IncFII(K);repB(R1701)	183	0	0	GA	0															not_admitted	not_admitted	not_admitted	not_admitted	not_admitted	not_admitted	not_admitted	not_admitted	not_admitted	not_admitted	1	152;121057;122046;+;366.6	165;128944;130311;+;384.1	158;125583;126335;+;233.7	148;116975;119614;+;258.2	166;130311;133160;+;346.4	142;112150;113574;+;89.3	148;116975;119614;+;88.7	140;110857;111423;+;169.3	153;122059;122697;+;67.0	154;122756;124711;+;259.7	173;139891;141603;+;357.1	143;113648;114232;+;54.4	173;139891;141603;+;67.2	A	9/9	contiguous	29034	1	1	133163..133696+;177;unnamed;0
NZ_CP056638.1	MPF_T	IncN4	115	0	0	GA	1	59;56957;57697;-;34.8	57;56343;56633;-;45.3	56;55979;56293;-;65.3	55;53349;55979;-;123.6	55;53349;55979;-;87.4	54;52632;53339;-;114.7	52;51330;52373;-;126.3	51;51065;51235;-;41.4	50;50346;51062;-;145.7	49;49456;50343;-;144.4	48;48305;49459;-;173.4	47;47281;48312;-;78.1	42;41297;42874;+;54.8		pfam	both	A	7/7	canonical	1	0	ga	6	0	0														not_admitted	not_admitted	not_admitted	not_admitted	not_admitted	not_admitted	not_admitted
NZ_CP056639.1	MPF_T	IncX5	52	0	0	GA	1	40;37951;38595;-;36.9	39;37677;37967;-;69.0	38;34896;37655;-;42.6	38;34896;37655;-;132.2	38;34896;37655;-;70.5	37;34139;34888;-;54.3	35;32805;33860;-;135.2		34;31837;32565;-;120.9	33;30903;31832;-;134.2	32;29695;30906;-;136.9	31;28640;29683;-;64.1	30;26802;28637;-;504.8		pfam	pfam_only	A	7/7	canonical	1	1	unscoreable	1	0	0														not_admitted	not_admitted	not_admitted	not_admitted	not_admitted	not_admitted	not_admitted
NZ_CP056684.1	MPF_F	IncFII(Yp)	149	0	0	GA	0															not_admitted	not_admitted	not_admitted	not_admitted	not_admitted	not_admitted	not_admitted	not_admitted	not_admitted	not_admitted	1	123;107490;108482;+;372.3	134;114516;115886;+;383.1	131;112995;113747;+;222.2	120;103825;106464;+;254.8	135;115886;118765;+;333.2	112;99213;100634;+;86.6	120;103825;106464;+;88.2	110;97926;98492;+;159.4	124;108495;109142;+;68.8	126;109519;111474;+;254.7	139;121537;123855;+;390.7	114;101095;101679;+;55.9	139;121537;123855;+;66.8	A	9/9	contiguous	23611	1	1	118782..119450+;222;unnamed;0
NZ_CP056685.1	MPF_F	IncFIA(pBK30683);IncFII(pKP91)	142	0	0	GA	0															not_admitted	not_admitted	not_admitted	not_admitted	not_admitted	not_admitted	not_admitted	not_admitted	not_admitted	not_admitted	1	114;100127;101119;+;362.9	127;108710;110077;+;382.8	123;106700;107452;+;233.7	106;91466;93067;+;261.1	128;110077;112920;+;340.4	96;86217;87641;+;88.9	111;98043;99101;+;40.3	94;84924;85490;+;167.1	118;103150;103797;+;65.7	119;103856;105811;+;255.2	132;115386;117686;+;392.7	98;88273;88845;+;54.6	132;115386;117686;+;66.6	A	9/9	contiguous	30462	1	1	112923..113453+;176;unnamed;0
NZ_CP056686.1	MPF_F	IncFII(Yp);IncFII(pAR0022)	125	0	0	GA	0															not_admitted	not_admitted	not_admitted	not_admitted	not_admitted	not_admitted	not_admitted	not_admitted	not_admitted	not_admitted	1	102;89500;90492;+;366.4	111;95427;96797;+;376.5	108;93891;94643;+;228.0	99;85793;88432;+;257.0	112;96797;99670;+;336.7	90;80861;82276;+;82.8	99;85793;88432;+;83.7	88;79568;80134;+;165.2	103;90505;91122;+;68.5	104;91119;92999;+;250.0	114;100458;102758;+;388.3	93;83105;83686;+;52.6	114;100458;102758;+;65.7	A	9/9	contiguous	20890	1	1	99681..100214+;177;unnamed;0
NZ_CP056687.1	-	IncFII(K);IncFII(pAR0022);repB(R1701)	84	0	0	GA	0															not_admitted	not_admitted	not_admitted	not_admitted	not_admitted	not_admitted	not_admitted	not_admitted	not_admitted	not_admitted	1	31;33471;34469;-;370.2	26;28379;29743;-;350.2	28;30338;31108;-;204.8	34;35507;38128;-;216.9	25;25506;28376;-;243.4	37;39088;40419;-;85.0	34;35507;38128;-;92.2	39;41125;41700;-;87.7	30;33073;33501;-;64.0	29;31108;33045;-;231.2	23;22671;24803;-;376.5	35;38137;38667;-;34.9	23;22671;24803;-;67.6	A	9/9	contiguous	18454	1	1	24934..25497-;187;unnamed;0
NZ_CP056688.1	MPF_F	IncFII(Yp)	89	0	0	GA	0															not_admitted	not_admitted	not_admitted	not_admitted	not_admitted	not_admitted	not_admitted	not_admitted	not_admitted	not_admitted	1	66;51697;52689;+;362.9	75;57779;59149;+;378.1	72;56243;56995;+;228.0	63;48032;50671;+;259.1	76;59149;61998;+;343.9	53;42806;44230;+;89.2	63;48032;50671;+;83.9	51;41513;42079;+;168.4	67;52702;53340;+;66.0	68;53399;55354;+;255.2	78;62768;65068;+;390.5	55;44842;45411;+;53.6	78;62768;65068;+;65.9	A	9/9	contiguous	21255	1	1	62001..62531+;176;unnamed;0
NZ_CP056693.1	MPF_T	IncN	74	0	0	GA	1	23;19056;19793;+;32.0		26;20436;20753;+;63.3	27;20753;23272;+;111.9	27;20753;23272;+;76.5								52;44869;46398;-;38.5		none	none	D	2/7	uncallable	0	0	unscoreable	2	0	0														not_admitted	not_admitted	not_admitted	not_admitted	not_admitted	not_admitted	not_admitted
NZ_CP056698.1	MPF_F	IncFIB(AP001918);IncFII(pCoo)	148	0	0	GA	0															not_admitted	not_admitted	not_admitted	not_admitted	not_admitted	not_admitted	not_admitted	not_admitted	not_admitted	not_admitted	1	71;68872;69870;-;349.2	63;61890;63296;-;341.9	66;64228;65013;-;217.6	76;71495;74134;-;251.3	62;59038;61890;-;310.7	78;74655;75989;-;97.2	76;71495;74134;-;113.8	80;76736;77314;-;126.2	68;66946;67551;-;56.6	67;65015;66949;-;240.3	57;54359;56545;-;375.4	77;74131;74643;-;59.3	57;54359;56545;-;60.1	A	9/9	contiguous	22377	1	1	58374..59024-;216;unnamed;0
NZ_CP056702.1	MPF_F	IncFII(K);IncFII(pAR0022);repB(R1701)	161	0	0	GA	0															not_admitted	not_admitted	not_admitted	not_admitted	not_admitted	not_admitted	not_admitted	not_admitted	not_admitted	not_admitted	1	100;100195;101184;-;366.6	90;93310;94677;-;384.5	94;95935;96687;-;235.3	104;102627;105266;-;258.5	89;90467;93310;-;346.2	112;109182;110606;-;89.2	104;102627;105266;-;88.7	114;111333;111899;-;169.3	99;99544;100182;-;67.0	98;97530;99485;-;259.7	85;85571;87883;-;393.1	110;107986;108570;-;54.5	85;85571;87883;-;66.6	A	9/9	contiguous	25762	1	1	89932..90456-;174;unnamed;0
NZ_CP056708.1	MPF_F	IncFIB(K);IncFII(Yp);IncFII(pAR0022)	149	0	0	GA	0															not_admitted	not_admitted	not_admitted	not_admitted	not_admitted	not_admitted	not_admitted	not_admitted	not_admitted	not_admitted	1	97;102396;103382;-;368.4	89;96313;97683;-;377.1	93;98900;99649;-;218.2	100;104376;107006;-;285.5	88;93491;96313;-;336.5	106;109034;110428;-;90.9	100;104376;107006;-;98.6	108;111145;111711;-;169.9	96;101750;102379;-;66.9	95;99900;101753;-;257.4	83;88729;90930;-;384.8	105;108473;109012;-;67.5	83;88729;90930;-;63.9	A	9/9	contiguous	22416	1	1	93038..93469-;143;TraS;0
NZ_CP056712.1	MPF_F	IncFIB(K);IncFII(pECLA);IncR	252	0	0	GA	0															not_admitted	not_admitted	not_admitted	not_admitted	not_admitted	not_admitted	not_admitted	not_admitted	not_admitted	not_admitted	1	145;125100;126098;+;358.4	154;131323;132687;+;364.3	148;128561;129343;+;213.5	136;118282;120891;+;222.6	155;132687;136091;+;308.7	128;114272;115681;+;92.2	136;118282;120891;+;103.1	126;112942;113523;+;98.7	146;126109;126732;+;63.4	147;126729;128564;+;219.2	162;140729;143320;+;367.4	134;117480;118034;+;42.9	162;140729;143320;+;71.1	A	9/9	contiguous	27787	1	1	136093..136782+;229;unnamed;0
NZ_CP056718.1	MPF_F	IncFIA(HI1)(pAR0022);IncFII(pAR0022)	146	0	0	GA	0															not_admitted	not_admitted	not_admitted	not_admitted	not_admitted	not_admitted	not_admitted	not_admitted	not_admitted	not_admitted	1	128;106179;107171;+;365.3	136;112027;113391;+;357.2	131;109670;110452;+;216.2	121;100888;103491;+;224.6	137;113391;116681;+;304.1	117;98152;99561;+;94.8	121;100888;103491;+;103.0	115;96819;97403;+;107.0	129;107182;107802;+;56.6	130;107799;109673;+;219.8	143;119369;122029;+;360.0	119;100152;100709;+;40.8	143;119369;122029;+;71.3	A	9/9	contiguous	22550	1	1	116696..117265+;189;unnamed;0
NZ_CP056720.1	MPF_F	IncFIB(pQil);IncFII(Yp);IncFII(pAR0022)	143	0	0	GA	0															not_admitted	not_admitted	not_admitted	not_admitted	not_admitted	not_admitted	not_admitted	not_admitted	not_admitted	not_admitted	1	97;88340;89332;-;374.4	89;82288;83658;-;375.5	92;84445;85194;-;222.4	100;90346;92985;-;252.5	88;79439;82288;-;336.5	106;95195;96607;-;85.2	100;90346;92985;-;91.3	108;97334;97900;-;163.0	96;87701;88327;-;68.6	95;85812;87704;-;259.9	85;75605;77812;-;391.8	104;94378;94947;-;55.3	85;75605;77812;-;65.9	A	9/9	contiguous	21729	1	1	78906..79436-;176;unnamed;0
NZ_CP056738.1	MPF_F	IncFIB(K);IncR	170	0	0	GA	0															not_admitted	not_admitted	not_admitted	not_admitted	not_admitted	not_admitted	not_admitted	not_admitted	not_admitted	not_admitted	1	67;66220;67218;-;358.4	58;59631;60995;-;362.5	64;62975;63757;-;213.5	76;71427;74036;-;222.6	57;56227;59631;-;308.6	84;76637;78046;-;92.2	76;71427;74036;-;103.1	86;78795;79376;-;98.7	66;65586;66209;-;63.4	65;63754;65589;-;219.2	53;51445;54036;-;367.4	78;74284;74838;-;42.9	53;51445;54036;-;71.1	A	9/9	contiguous	27350	1	1	55536..56225-;229;unnamed;0
NZ_CP056739.1	MPF_F	IncFII(pECLA);IncR	119	0	0	GA	0															not_admitted	not_admitted	not_admitted	not_admitted	not_admitted	not_admitted	not_admitted	not_admitted	not_admitted	not_admitted	1	102;78110;79108;+;361.7	111;84342;85706;+;366.6	105;81595;82377;+;213.5	94;72564;75173;+;217.8	112;85706;88966;+;306.6	87;67986;69395;+;97.0	94;72564;75173;+;100.3	85;66656;67237;+;92.9	103;79119;79742;+;63.4	104;79739;81598;+;214.7	116;91108;93675;+;365.7	92;71762;72316;+;44.3	116;91108;93675;+;71.2	A	9/9	contiguous	24452	1	1	88979..89575+;198;unnamed;0
NZ_CP056762.1	MPF_F	IncFIA(HI1);IncFII(pKP91)	116	0	0	GA	0															not_admitted	not_admitted	not_admitted	not_admitted	not_admitted	not_admitted	not_admitted	not_admitted	not_admitted	not_admitted	1	105;87539;88357;+;295.8			102;83871;86510;+;254.8		91;78174;79592;+;85.0	102;83871;86510;+;88.2	89;76887;77453;+;149.8				94;80387;80956;+;55.2		D	4/9	contiguous	10652	0	0	
NZ_CP056777.1	MPF_F	Col(pHAD28);IncFIB(pECLA);IncFII(pECLA)	235	0	0	GA	0															not_admitted	not_admitted	not_admitted	not_admitted	not_admitted	not_admitted	not_admitted	not_admitted	not_admitted	not_admitted	1	44;29669;30667;+;364.2	53;35904;37268;+;359.5	47;33133;33915;+;214.9	36;23702;26311;+;214.8	54;37268;40666;+;306.6	29;19687;21090;+;90.2	36;23702;26311;+;103.5	27;18357;18938;+;100.9	45;30678;31304;+;64.3	46;31301;33136;+;222.5	58;42723;45278;+;360.8	34;22912;23454;+;46.9	58;42723;45278;+;72.7	A	9/9	contiguous	24366	1	1	40668..41357+;229;unnamed;0
NZ_CP056778.1	MPF_F	-	116	0	0	GA	0															not_admitted	not_admitted	not_admitted	not_admitted	not_admitted	not_admitted	not_admitted	not_admitted	not_admitted	not_admitted	1	67;43763;45361;+;329.5	73;48400;49788;+;243.3	71;47081;47908;+;170.0	64;37129;39672;+;161.6	74;49788;53738;+;128.2	62;35363;36610;+;58.8	64;37129;39672;+;83.2	60;33936;34568;+;41.5	69;45792;46541;+;95.2	66;41715;43604;+;72.2	114;82046;84319;-;339.2	63;36610;37128;+;70.7	114;82046;84319;-;65.0	A	9/9	split_2	48110	1	1	53863..54114+;83;unnamed;0
NZ_CP056823.1	MPF_T	pKPC-CAV1321	362	0	0	GA	0															not_admitted	not_admitted	not_admitted	not_admitted	not_admitted	not_admitted	not_admitted	not_admitted	not_admitted	not_admitted	1	229;196989;198056;+;276.8	249;213970;215412;+;260.7	248;212873;213973;+;198.4	225;192395;194881;+;223.8	250;215427;218945;+;240.0	86;78519;79739;-;216.3	225;192395;194881;+;120.8	219;185861;186487;+;87.1	228;195679;196992;+;41.0	252;219381;222038;+;136.9	213;181337;183313;+;22.7	222;189164;189730;+;71.6	213;181337;183313;+;33.5	A	9/9	split_2	140862	0	1	
NZ_CP056828.1	MPF_T	IncHI1A(NDM-CIT);IncHI1B(pNDM-CIT)	320	1	0	GA	1		275;244183;244566;-;86.7	65;67733;68002;-;32.5	273;241452;243902;-;42.3	273;241452;243902;-;138.4	63;64530;65273;-;226.6	270;239018;240382;-;179.3		60;62104;62808;-;235.9	268;237295;238287;-;224.4	58;59832;61112;-;208.0	67;68382;69452;-;118.3	278;246088;248103;-;346.4	29;31553;34729;+;57.9	conjscan	conjscan_only	A	7/7	canonical	1	0	unscoreable	6	0	1	28;30827;31534;+;214.6			11;9302;11983;+;156.8		58;59832;61112;-;208.0	11;9302;11983;+;73.5	4;3144;3929;+;69.5	26;28826;30334;+;62.3	29;31553;34729;+;57.9	278;246088;248103;-;105.6	10;8343;9293;+;45.4	278;246088;248103;-;99.4	C	6/9	split_3	242944	0	1	
NZ_CP056829.1	MPF_F	IncFII(S);IncFII(SARC14)	110	0	0	GA	0															not_admitted	not_admitted	not_admitted	not_admitted	not_admitted	not_admitted	not_admitted	not_admitted	not_admitted	not_admitted	1	91;78332;79327;+;357.6	97;83568;84929;+;336.5	95;82155;82931;+;194.9	88;74648;77239;+;221.4	98;84931;87828;+;293.5	85;72216;73577;+;81.6	88;74648;77239;+;87.8	83;70936;71499;+;137.0	93;79694;80308;+;79.9	94;80305;82158;+;259.9	103;90184;92487;+;376.2	87;74023;74637;+;47.5	103;90184;92487;+;67.0	A	9/9	contiguous	19248	1	1	87840..88316+;158;unnamed;0
NZ_CP056835.1	MPF_F	IncFIB(pB171);IncFII(S);IncFII(SARC14)	183	0	0	GA	0															not_admitted	not_admitted	not_admitted	not_admitted	not_admitted	not_admitted	not_admitted	not_admitted	not_admitted	not_admitted	1	166;145682;146677;+;357.0	172;150930;152291;+;336.1	170;149514;150293;+;195.8	163;141998;144589;+;218.1	173;152293;155190;+;290.9	56;54510;55730;+;216.3	163;141998;144589;+;87.3	158;137935;138498;+;143.8	168;147053;147667;+;79.9	169;147664;149517;+;253.1	176;156769;159060;+;375.8	162;141388;141987;+;50.4	176;156769;159060;+;65.0	A	9/9	split_2	102259	1	1	155202..155762+;186;unnamed;0
NZ_CP056851.1	MPF_F	IncFII(Cf)	171	0	0	GA	0															not_admitted	not_admitted	not_admitted	not_admitted	not_admitted	not_admitted	not_admitted	not_admitted	not_admitted	not_admitted	1	152;138126;139121;-;354.8	147;132897;134258;-;336.4	149;134894;135670;-;197.4	155;140214;142805;-;215.4	146;130001;132895;-;287.9	161;144843;146204;-;82.1	155;140214;142805;-;86.1	163;146921;147484;-;135.1	151;137493;138107;-;81.3	150;135667;137496;-;251.6	143;126278;128344;-;362.5	156;142816;143457;-;41.7	143;126278;128344;-;65.3	A	9/9	contiguous	20643	1	1	129416..129991-;191;unnamed;0
NZ_CP056853.1	MPF_F	IncFIA(HI1)(pAR0022);IncFII(pAR0022)	213	0	0	GA	0															not_admitted	not_admitted	not_admitted	not_admitted	not_admitted	not_admitted	not_admitted	not_admitted	not_admitted	not_admitted	1	143;120184;121176;+;365.3	151;126032;127396;+;357.2	146;123675;124457;+;216.2	135;114892;117495;+;224.6	152;127396;129114;+;306.7	131;112156;113565;+;94.8	135;114892;117495;+;103.0	129;110823;111407;+;107.0	144;121187;121807;+;56.6	145;121804;123678;+;219.8	210;168031;170691;+;360.0	133;114156;114713;+;40.1	210;168031;170691;+;71.3	A	9/9	split_2	57208	0	1	
NZ_CP056855.1	MPF_F	IncFIB(K);IncFII(K);IncFII(pAR0022)	220	0	0	GA	0															not_admitted	not_admitted	not_admitted	not_admitted	not_admitted	not_admitted	not_admitted	not_admitted	not_admitted	not_admitted	1				128;118281;119801;-;154.1	126;114297;116942;-;301.8	137;124599;126023;-;89.2	128;118281;119801;-;49.6	139;126750;127316;-;169.3			119;108460;110772;-;393.1	136;123901;124485;-;54.3	119;108460;110772;-;66.6	D	4/9	contiguous	18290	1	0	113764..114294-;176;unnamed;0
NZ_CP056856.1	MPF_F	IncFII(Yp);IncN	126	0	0	GA	0															not_admitted	not_admitted	not_admitted	not_admitted	not_admitted	not_admitted	not_admitted	not_admitted	not_admitted	not_admitted	1	100;87734;88726;+;372.3	111;94760;96130;+;383.1	108;93239;93991;+;222.2	97;84069;86708;+;254.8	112;96130;99009;+;333.2	89;79457;80878;+;86.6	97;84069;86708;+;88.2	87;78170;78736;+;159.4	101;88739;89386;+;68.8	103;89763;91718;+;253.1	116;101781;104099;+;390.7	91;81339;81923;+;55.9	116;101781;104099;+;66.8	A	9/9	contiguous	23611	1	1	99026..99694+;222;unnamed;0
NZ_CP056862.1	-	pKPC-CAV1321	345	0	0	GA	0															not_admitted	not_admitted	not_admitted	not_admitted	not_admitted	not_admitted	not_admitted	not_admitted	not_admitted	not_admitted	1	218;185830;186897;+;276.8	241;204063;205505;+;260.7	240;202966;204066;+;198.4	214;181236;183722;+;223.8	242;205520;209038;+;240.0	210;176611;178008;+;109.8	214;181236;183722;+;120.8	208;174702;175328;+;87.1	217;184520;185833;+;41.0	244;209474;212131;+;136.9	200;169866;171377;+;21.5	211;178005;178571;+;71.6	200;169866;171377;+;34.4	A	9/9	contiguous	39608	0	1	
NZ_CP056879.1	MPF_F	IncFIB(K);IncFII(pKP91)	221	0	0	GA	0															not_admitted	not_admitted	not_admitted	not_admitted	not_admitted	not_admitted	not_admitted	not_admitted	not_admitted	not_admitted	1	136;134278;135267;-;366.0	126;127364;128731;-;384.2	130;129989;130741;-;233.7	140;136724;139363;-;258.5	125;124542;127364;-;346.4	147;142192;143616;-;89.2	140;136724;139363;-;88.7	149;144343;144909;-;167.0	135;133627;134265;-;66.9	134;131613;133568;-;259.7	121;119644;121926;-;393.2	146;141535;142119;-;54.5	121;119644;121926;-;65.8	A	9/9	contiguous	24699	1	1	123917..124519-;200;TraS;0
NZ_CP056880.1	MPF_F	IncFII(Yp);IncFII(pAR0022)	126	0	0	GA	0															not_admitted	not_admitted	not_admitted	not_admitted	not_admitted	not_admitted	not_admitted	not_admitted	not_admitted	not_admitted	1	67;51767;52753;+;367.9	74;57076;58449;+;375.9	71;55527;56276;+;217.7	64;48143;50773;+;285.1	75;58449;61271;+;336.5	58;44628;46022;+;91.1	64;48143;50773;+;98.1	56;43345;43911;+;170.1	68;52770;53399;+;66.6	69;53396;55276;+;260.6	78;62956;65193;+;384.7	59;46044;46583;+;67.1	78;62956;65193;+;63.9	A	9/9	contiguous	19611	1	1	61290..61787+;165;TraS;0
NZ_CP056884.1	MPF_F	IncFIB(K);IncFII(pKP91)	222	0	0	GA	0															not_admitted	not_admitted	not_admitted	not_admitted	not_admitted	not_admitted	not_admitted	not_admitted	not_admitted	not_admitted	1	137;133459;134448;-;366.0	127;126545;127912;-;384.2	131;129170;129922;-;233.7	141;135905;138544;-;258.5	126;123723;126545;-;346.4	148;141373;142797;-;89.2	141;135905;138544;-;88.7	150;143524;144090;-;167.0	136;132808;133446;-;66.9	135;130794;132749;-;259.7	122;118825;121107;-;393.2	147;140716;141300;-;54.5	122;118825;121107;-;65.8	A	9/9	contiguous	24699	1	1	123098..123700-;200;TraS;0
NZ_CP056885.1	MPF_F	IncFII(Yp);IncFII(pAR0022)	126	0	0	GA	0															not_admitted	not_admitted	not_admitted	not_admitted	not_admitted	not_admitted	not_admitted	not_admitted	not_admitted	not_admitted	1	67;51767;52753;+;367.9	74;57076;58449;+;375.9	71;55527;56276;+;217.7	64;48143;50773;+;285.1	75;58449;61271;+;336.5	58;44628;46022;+;91.1	64;48143;50773;+;98.1	56;43345;43911;+;170.1	68;52770;53399;+;66.6	69;53396;55276;+;260.6	78;62956;65193;+;384.7	59;46044;46583;+;67.1	78;62956;65193;+;63.9	A	9/9	contiguous	19611	1	1	61290..61787+;165;TraS;0
NZ_CP056889.1	MPF_T	pKPC-CAV1321	368	0	0	GA	0															not_admitted	not_admitted	not_admitted	not_admitted	not_admitted	not_admitted	not_admitted	not_admitted	not_admitted	not_admitted	1	235;202085;203152;+;276.8	255;219066;220508;+;260.7	254;217969;219069;+;198.4	231;197491;199977;+;223.8	256;220523;224041;+;240.0	91;82531;83751;-;216.3	231;197491;199977;+;120.8	225;190957;191583;+;87.1	234;200775;202088;+;41.0	258;224477;227134;+;136.9	219;186433;188409;+;22.7	228;194260;194826;+;71.6	219;186433;188409;+;33.5	A	9/9	split_2	141946	0	1	
NZ_CP056911.1	MPF_F	IncFII(Cf)	139	0	0	GA	0															not_admitted	not_admitted	not_admitted	not_admitted	not_admitted	not_admitted	not_admitted	not_admitted	not_admitted	not_admitted	1	75;56129;57124;+;354.8	80;60992;62353;+;336.4	78;59580;60356;+;197.4	72;52445;55036;+;215.4	81;62355;65249;+;287.9	116;100148;101368;+;216.3	72;52445;55036;+;86.1	64;47766;48329;+;135.1	76;57143;57757;+;81.2	77;57754;59583;+;251.6	84;66906;68972;+;359.9	71;51793;52434;+;41.7	84;66906;68972;+;65.3	A	9/9	split_2	52382	1	1	65259..65834+;191;unnamed;0
NZ_CP057036.1	MPF_F	IncFII(K);repB(R1701)	111	0	0	GA	0															not_admitted	not_admitted	not_admitted	not_admitted	not_admitted	not_admitted	not_admitted	not_admitted	not_admitted	not_admitted	1	86;59955;60944;+;366.0	96;66491;67858;+;384.6	92;64481;65233;+;233.7	82;55859;58498;+;258.5	97;67858;70680;+;346.4	75;51607;53031;+;88.5	82;55859;58498;+;88.7	73;50314;50880;+;169.3	87;60957;61595;+;67.0	88;61654;63609;+;259.7	101;73296;75608;+;393.1	76;53104;53688;+;54.9	101;73296;75608;+;66.6	A	9/9	contiguous	22982	1	1	70703..71305+;200;TraS;0
NZ_CP057067.1	MPF_F	IncFIB(pNDM-Mar);IncHI1B(pNDM-MAR)	274	0	0	GA	0															not_admitted	not_admitted	not_admitted	not_admitted	not_admitted	not_admitted	not_admitted	not_admitted	not_admitted	not_admitted	1	188;162418;163455;-;282.3	83;63136;64545;+;190.0	82;62109;63146;+;176.6	201;174287;177004;-;148.7	84;64547;68485;+;118.9	205;179117;180487;-;65.6	201;174287;177004;-;85.2	208;182133;182993;-;79.0	189;163452;164813;-;69.9	187;159223;162408;-;58.9	75;52784;54910;-;57.8	202;177049;177786;-;56.9	75;52784;54910;-;41.0	A	9/9	split_2	129349	0	1	
NZ_CP057068.1	MPF_F	IncFIB(K);IncFII(pKP91)	249	0	0	GA	0															not_admitted	not_admitted	not_admitted	not_admitted	not_admitted	not_admitted	not_admitted	not_admitted	not_admitted	not_admitted	1	182;171388;172377;-;366.0	172;164474;165841;-;384.6	176;167099;167851;-;233.7	186;173834;176473;-;258.5	171;161631;164474;-;345.9	194;179840;181264;-;89.2	186;173834;176473;-;88.7	196;181991;182557;-;167.0	181;170737;171375;-;67.0	180;168723;170678;-;260.6	167;156765;159047;-;393.2	192;178644;179228;-;54.4	167;156765;159047;-;65.7	A	9/9	contiguous	25226	1	1	161096..161620-;174;unnamed;0
NZ_CP057100.1	MPF_F	IncFIB(K);IncFII(pKP91)	143	0	0	GA	0															not_admitted	not_admitted	not_admitted	not_admitted	not_admitted	not_admitted	not_admitted	not_admitted	not_admitted	not_admitted	1	93;102420;103409;-;366.6	83;95535;96902;-;385.1	87;98160;98912;-;232.2	97;104852;107491;-;259.0	82;92686;95535;-;345.8	105;111078;112502;-;89.3	97;104852;107491;-;88.8	107;113229;113795;-;167.0	92;101769;102407;-;67.0	91;99755;101710;-;259.2	78;87943;90225;-;393.2	103;109890;110447;-;52.5	78;87943;90225;-;65.9	A	9/9	contiguous	25286	1	1	92153..92683-;176;unnamed;0
NZ_CP057151.1	-	IncFII(Yp)	99	0	0	GA	0															not_admitted	not_admitted	not_admitted	not_admitted	not_admitted	not_admitted	not_admitted	not_admitted	not_admitted	not_admitted	1	68;52884;53873;+;333.2	76;59184;60569;+;331.5	72;56644;57429;+;193.9	65;49126;51726;+;236.4	77;60566;63592;+;256.7	63;47276;48652;+;87.4	65;49126;51726;+;90.5	61;45994;46557;+;131.1	69;53950;54711;+;70.7	71;55643;56629;+;230.9	80;64603;66972;+;360.5	64;48662;49126;+;56.1	80;64603;66972;+;68.1	A	9/9	contiguous	18609	1	1	63654..64088+;144;unnamed;0
NZ_CP057211.1	MPF_F	IncFIB(AP001918);IncFII(pCoo)	177	0	0	GA	0															not_admitted	not_admitted	not_admitted	not_admitted	not_admitted	not_admitted	not_admitted	not_admitted	not_admitted	not_admitted	1	152;133772;134764;+;369.3	161;139805;141178;+;377.2	156;137496;138239;+;231.9	147;128549;131194;+;303.7	162;141175;143994;+;389.7	135;121147;122574;+;94.1	147;128549;131194;+;100.3	133;119866;120432;+;183.8	153;134773;135411;+;68.7	154;135408;137216;+;268.1	166;146273;148435;+;391.8	138;123458;123973;+;73.0	166;146273;148435;+;70.4	A	9/9	contiguous	26407	1	1	144019..144516+;165;TraS;0
NZ_CP057216.1	MPF_F	IncFIB(AP001918);IncFII(pCoo)	177	0	0	GA	0															not_admitted	not_admitted	not_admitted	not_admitted	not_admitted	not_admitted	not_admitted	not_admitted	not_admitted	not_admitted	1	152;133772;134764;+;369.3	161;139805;141178;+;377.2	156;137496;138239;+;231.9	147;128549;131194;+;303.7	162;141175;143994;+;389.7	135;121147;122574;+;94.1	147;128549;131194;+;100.3	133;119866;120432;+;183.8	153;134773;135411;+;68.7	154;135408;137216;+;268.1	166;146273;148435;+;391.8	138;123458;123973;+;73.0	166;146273;148435;+;70.4	A	9/9	contiguous	26407	1	1	144019..144516+;165;TraS;0
NZ_CP057221.1	MPF_F	IncFIA;IncFIB(pB171);IncFIC(FII)	164	0	0	GA	0															not_admitted	not_admitted	not_admitted	not_admitted	not_admitted	not_admitted	not_admitted	not_admitted	not_admitted	not_admitted	1	104;100044;101036;-;369.3	90;91707;93083;-;381.0	97;95293;96036;-;232.3	107;102045;104672;-;303.8	89;88897;91710;-;389.0	114;106728;108155;-;94.3	107;102045;104672;-;100.4	116;108870;109436;-;183.8	100;98118;98756;-;68.6	99;96313;98121;-;267.7	86;85206;87359;-;389.7	110;105188;105703;-;77.4	86;85206;87359;-;70.4	A	9/9	contiguous	23664	1	1	88375..88872-;165;TraS;0
NZ_CP057230.1	MPF_F	IncFIB(AP001918);IncFIC(FII)	161	0	0	GA	0															not_admitted	not_admitted	not_admitted	not_admitted	not_admitted	not_admitted	not_admitted	not_admitted	not_admitted	not_admitted	1	102;97912;98904;-;371.9	91;90852;92225;-;377.6	98;94439;95182;-;235.0	105;99913;102540;-;305.5	90;88030;90855;-;389.1	112;104699;106126;-;90.9	105;99913;102540;-;98.2	114;106841;107407;-;183.8	101;97265;97903;-;68.4	100;95460;97268;-;268.3	87;84337;86526;-;391.5	108;103056;103571;-;78.4	87;84337;86526;-;69.2	A	9/9	contiguous	22504	1	1	87524..88033-;169;unnamed;0
NZ_CP057231.1	MPF_T	IncX1;IncX3	41	0	0	GA	1	27;24936;25583;-;45.6	26;24662;24958;-;77.5	25;21890;24643;-;46.6	25;21890;24643;-;148.0	25;21890;24643;-;73.5	24;21130;21879;-;70.2	22;19758;20819;-;135.0		21;18799;19512;-;120.7	20;17865;18794;-;136.2	19;16663;17868;-;132.5	18;15630;16661;-;76.5	17;13792;15627;-;488.6		pfam	pfam_only	A	7/7	canonical	1	1	unscoreable	1	0	0														not_admitted	not_admitted	not_admitted	not_admitted	not_admitted	not_admitted	not_admitted
NZ_CP057239.1	MPF_F	IncFIB(AP001918);IncFIC(FII)	161	0	0	GA	0															not_admitted	not_admitted	not_admitted	not_admitted	not_admitted	not_admitted	not_admitted	not_admitted	not_admitted	not_admitted	1	102;97912;98904;-;371.9	91;90852;92225;-;377.6	98;94439;95182;-;235.0	105;99913;102540;-;305.5	90;88030;90855;-;389.1	112;104699;106126;-;90.9	105;99913;102540;-;98.2	114;106841;107407;-;183.8	101;97265;97903;-;68.4	100;95460;97268;-;268.3	87;84337;86526;-;391.5	108;103056;103571;-;78.4	87;84337;86526;-;69.2	A	9/9	contiguous	22504	1	1	87524..88033-;169;unnamed;0
NZ_CP057240.1	MPF_T	IncX1;IncX3	41	0	0	GA	1	27;24936;25583;-;45.6	26;24662;24958;-;77.5	25;21890;24643;-;46.6	25;21890;24643;-;148.0	25;21890;24643;-;73.5	24;21130;21879;-;70.2	22;19758;20819;-;135.0		21;18799;19512;-;120.7	20;17865;18794;-;136.2	19;16663;17868;-;132.5	18;15630;16661;-;76.5	17;13792;15627;-;488.6		pfam	pfam_only	A	7/7	canonical	1	1	unscoreable	1	0	0														not_admitted	not_admitted	not_admitted	not_admitted	not_admitted	not_admitted	not_admitted
NZ_CP057244.1	MPF_F	IncFIB(AP001918);IncFII(pCoo)	163	0	0	GA	0															not_admitted	not_admitted	not_admitted	not_admitted	not_admitted	not_admitted	not_admitted	not_admitted	not_admitted	not_admitted	1	93;94897;95889;-;369.3	84;88483;89856;-;377.2	89;91422;92165;-;231.9	98;98467;101112;-;303.7	83;85667;88486;-;389.7	110;107087;108514;-;94.1	98;98467;101112;-;100.3	112;109229;109795;-;183.8	92;94250;94888;-;68.7	91;92445;94253;-;268.1	79;81145;83388;-;391.7	107;105688;106203;-;73.0	79;81145;83388;-;70.3	A	9/9	contiguous	28084	1	1	85145..85642-;165;TraS;0
NZ_CP057312.1	MPF_F	IncHI2;IncHI2A	298	0	0	GA	0															not_admitted	not_admitted	not_admitted	not_admitted	not_admitted	not_admitted	not_admitted	not_admitted	not_admitted	not_admitted	1	27;30461;31519;+;276.9	209;197835;199250;-;194.1	210;199240;200286;-;174.3	11;8955;11636;+;168.0	208;193873;197826;-;101.6	7;5270;6625;+;80.7	11;8955;11636;+;72.2	4;2758;3546;+;74.8	25;28808;30319;+;62.0	28;31538;34726;+;57.3	217;207328;209412;+;56.8	10;7996;8946;+;46.1	217;207328;209412;+;38.8	A	9/9	split_2	204570	1	1	192403..193692-;429;unnamed;0
NZ_CP057314.1	MPF_F	IncFIB(pNDM-Mar);IncHI1B(pNDM-MAR)	223	0	0	GA	0															not_admitted	not_admitted	not_admitted	not_admitted	not_admitted	not_admitted	not_admitted	not_admitted	not_admitted	not_admitted	1	148;124952;125989;-;282.3	76;56039;57448;+;190.4	75;55012;56049;+;176.7	161;136821;139538;-;148.7	77;57450;61358;+;122.1	165;141651;143021;-;65.6	161;136821;139538;-;85.2	168;144667;145527;-;79.0	149;125986;127347;-;69.9	147;121760;124942;-;60.1	68;45688;47814;-;57.8	162;139583;140320;-;57.0	68;45688;47814;-;41.0	A	9/9	split_2	98979	0	1	
NZ_CP057315.1	MPF_F	IncFIB(K);IncFII(pKP91)	167	0	0	GA	0															not_admitted	not_admitted	not_admitted	not_admitted	not_admitted	not_admitted	not_admitted	not_admitted	not_admitted	not_admitted	1	114;107471;108460;-;363.3	104;100557;101924;-;384.6	108;103182;103934;-;233.7	118;109917;112556;-;258.5	103;97708;100557;-;345.5	126;115896;117320;-;88.1	118;109917;112556;-;88.2	128;118047;118613;-;167.0	113;106820;107458;-;66.0	112;104806;106761;-;260.6	99;92965;95247;-;393.2	124;114700;115284;-;54.6	99;92965;95247;-;65.9	A	9/9	contiguous	25082	1	1	97175..97705-;176;unnamed;0
NZ_CP057318.1	MPF_T	IncN	57	0	0	GA	1	20;14854;15588;+;32.5		23;16231;16548;+;63.3	24;16548;19148;+;113.8	24;16548;19148;+;76.4	25;19166;19879;+;105.5	27;20130;21170;+;142.4		28;21389;22087;+;131.9	29;22098;22982;+;159.7	30;22982;24142;+;156.3	31;24184;25179;+;81.2	40;33173;34702;-;38.5		pfam	both	A	7/7	canonical	1	0	unscoreable	11	0	0														not_admitted	not_admitted	not_admitted	not_admitted	not_admitted	not_admitted	not_admitted
NZ_CP057331.1	MPF_F	IncHI2;IncHI2A	290	0	0	GA	0															not_admitted	not_admitted	not_admitted	not_admitted	not_admitted	not_admitted	not_admitted	not_admitted	not_admitted	not_admitted	1	27;30461;31519;+;276.9	201;191829;193244;-;194.1	202;193234;194280;-;174.3	11;8955;11636;+;168.0	200;187867;191820;-;101.6	7;5270;6625;+;80.7	11;8955;11636;+;72.2	4;2758;3546;+;74.8	25;28808;30319;+;62.0	28;31538;34726;+;57.3	209;201322;203406;+;56.8	10;7996;8946;+;46.1	209;201322;203406;+;38.8	A	9/9	split_2	198564	1	1	186397..187686-;429;unnamed;0
NZ_CP057358.1	MPF_F	IncHI2;IncHI2A	304	0	0	GA	0															not_admitted	not_admitted	not_admitted	not_admitted	not_admitted	not_admitted	not_admitted	not_admitted	not_admitted	not_admitted	1	29;31798;32856;+;276.9	207;197566;198981;-;194.1	208;198971;200017;-;174.3	11;8955;11636;+;168.0	206;193604;197557;-;101.6	7;5270;6625;+;80.7	11;8955;11636;+;72.2	4;2758;3546;+;74.8	27;30145;31656;+;62.0	30;32875;36063;+;57.3	215;207059;209143;+;56.8	10;7996;8946;+;46.1	215;207059;209143;+;38.8	A	9/9	split_3	204301	1	1	192134..193423-;429;unnamed;0
NZ_CP057460.1	MPF_F	RepB	282	0	0	GA	0															not_admitted	not_admitted	not_admitted	not_admitted	not_admitted	not_admitted	not_admitted	not_admitted	not_admitted	not_admitted	1	257;232333;233370;+;282.3	119;104245;105654;-;190.4	120;105644;106681;-;176.6	242;218007;220724;+;149.6	118;100329;104243;-;120.2	238;214524;215894;+;65.6	242;218007;220724;+;85.1	235;212018;212878;+;79.1	256;230975;232336;+;69.9	258;233380;236562;+;60.1	127;113867;115993;+;57.8	241;217225;217962;+;57.2	127;113867;115993;+;41.0	A	9/9	split_2	133051	0	1	
NZ_CP057569.1	MPF_T	IncP1	49	0	0	GA	1	40;34595;35368;-;21.6	2;3058;3441;-;68.3	1;2729;3055;-;50.2	0;189;2732;-;99.2	0;189;2732;-;108.9	44;37438;38208;-;105.4	42;35703;37298;-;119.8		48;40971;41474;-;57.6	47;40065;40955;-;156.2	45;38221;39615;-;218.2	3;3555;4511;-;133.6	24;20225;22168;+;443.4		conjscan	conjscan_only	A	7/7	rearranged	1	0	unscoreable	4	0	0														not_admitted	not_admitted	not_admitted	not_admitted	not_admitted	not_admitted	not_admitted
NZ_CP057723.1	MPF_F	IncFIB(K);IncFII(pKP91)	167	0	0	GA	0															not_admitted	not_admitted	not_admitted	not_admitted	not_admitted	not_admitted	not_admitted	not_admitted	not_admitted	not_admitted	1	114;107471;108460;-;363.3	104;100557;101924;-;384.6	108;103182;103934;-;233.7	118;109917;112556;-;258.5	103;97708;100557;-;345.5	126;115896;117320;-;89.3	118;109917;112556;-;88.2	128;118047;118613;-;167.0	113;106820;107458;-;66.0	112;104806;106761;-;260.6	99;92965;95247;-;393.2	124;114700;115284;-;54.6	99;92965;95247;-;65.9	A	9/9	contiguous	25082	1	1	97175..97705-;176;unnamed;0
NZ_CP057724.1	MPF_T	IncN	63	0	0	GA	1	20;14891;15625;+;32.5		23;16268;16585;+;63.3	24;16585;19185;+;113.8	24;16585;19185;+;76.4	25;19203;19916;+;105.5	27;20167;21207;+;142.4		28;21426;22124;+;131.9	29;22135;23019;+;159.7	30;23019;24179;+;156.3	31;24221;25216;+;81.2	40;33210;34739;-;38.5		pfam	both	A	7/7	canonical	1	0	unscoreable	11	0	0														not_admitted	not_admitted	not_admitted	not_admitted	not_admitted	not_admitted	not_admitted
NZ_CP058114.1	MPF_F	IncFIA(HI1);IncFII(pKP91)	116	0	0	GA	0															not_admitted	not_admitted	not_admitted	not_admitted	not_admitted	not_admitted	not_admitted	not_admitted	not_admitted	not_admitted	1	105;87539;88357;+;295.8			102;83871;86510;+;254.8		91;78174;79592;+;85.0	102;83871;86510;+;88.2	89;76887;77453;+;149.8				94;80387;80956;+;55.2		D	4/9	contiguous	10652	0	0	
NZ_CP058119.1	MPF_F	IncFIA(HI1);IncFII(pKP91);IncR	244	0	0	GA	0															not_admitted	not_admitted	not_admitted	not_admitted	not_admitted	not_admitted	not_admitted	not_admitted	not_admitted	not_admitted	1	220;198216;199208;+;363.0	230;204772;206139;+;382.8	226;202762;203514;+;226.1	217;194551;197190;+;259.1	231;206139;208961;+;344.3	130;127900;128634;+;158.1	217;194551;197190;+;83.9	205;188020;188586;+;168.4	221;199221;199859;+;66.0	222;199918;201873;+;258.7	234;210929;213220;+;392.7	209;191349;191918;+;53.7	234;210929;213220;+;66.6	A	9/9	split_2	83029	1	1	208985..209587+;200;TraS;0
NZ_CP058120.1	MPF_F	IncFIB(K);IncFII(Yp);IncFII(pAR0022)	195	0	0	GA	0															not_admitted	not_admitted	not_admitted	not_admitted	not_admitted	not_admitted	not_admitted	not_admitted	not_admitted	not_admitted	1	161;141418;142410;+;366.4	170;147345;148715;+;376.5	167;145809;146561;+;228.0	158;137711;140350;+;257.0	171;148715;151588;+;336.7	59;57143;58363;-;216.3	158;137711;140350;+;83.7	147;131486;132052;+;165.2	162;142423;143040;+;68.5	163;143037;144917;+;250.0	173;152376;154676;+;388.3	152;135023;135604;+;52.6	173;152376;154676;+;65.7	A	9/9	split_2	95233	1	1	151599..152132+;177;unnamed;0
NZ_CP058121.1	MPF_F	IncFII(pBK30683)	84	0	0	GA	0															not_admitted	not_admitted	not_admitted	not_admitted	not_admitted	not_admitted	not_admitted	not_admitted	not_admitted	not_admitted	1	58;41815;42807;+;362.9	69;48815;50182;+;380.9	64;46361;47113;+;235.3	55;38150;40789;+;259.1	70;50182;53031;+;342.7	45;32924;34348;+;88.4	55;38150;40789;+;83.9	43;31631;32197;+;168.4	59;42820;43458;+;66.0	60;43517;45472;+;255.2	74;54771;57080;+;391.2	47;34960;35529;+;53.7	74;54771;57080;+;66.6	A	9/9	contiguous	23140	1	1	53034..53564+;176;unnamed;0
NZ_CP058130.1	MPF_T	IncN	70	0	0	GA	1	25;19063;19800;+;32.0		28;20443;20760;+;63.3	29;20760;23360;+;111.8	29;20760;23360;+;76.4	30;23378;24091;+;105.5	32;24342;25382;+;142.4		35;29270;29968;+;131.9	36;29979;30863;+;159.7	37;30863;32023;+;156.3	38;32065;33060;+;81.2	48;43606;45135;-;38.5		pfam	both	A	7/7	canonical	1	0	unscoreable	5	0	0														not_admitted	not_admitted	not_admitted	not_admitted	not_admitted	not_admitted	not_admitted
NZ_CP058148.1	MPF_T	IncN	70	0	0	GA	1	25;19174;19911;+;32.0		28;20554;20871;+;63.3	29;20871;23471;+;111.8	29;20871;23471;+;76.4	30;23489;24202;+;105.5	32;24453;25493;+;142.4		35;29381;30079;+;131.9	36;30090;30974;+;159.7	37;30974;32134;+;156.3	38;32176;33171;+;81.2	48;43717;45246;-;38.5		pfam	both	A	7/7	canonical	1	0	unscoreable	5	0	0														not_admitted	not_admitted	not_admitted	not_admitted	not_admitted	not_admitted	not_admitted
NZ_CP058154.1	MPF_F	IncFII(pECLA);IncR	138	0	0	GA	0															not_admitted	not_admitted	not_admitted	not_admitted	not_admitted	not_admitted	not_admitted	not_admitted	not_admitted	not_admitted	1	121;91271;92269;+;359.9	130;97506;98870;+;363.9	124;94756;95538;+;212.9	113;85728;88337;+;223.4	131;98870;102160;+;307.6	107;81483;82892;+;97.1	113;85728;88337;+;103.5	105;80153;80734;+;96.9	122;92280;92903;+;63.5	123;92900;94759;+;213.0	135;104350;106950;+;361.0	111;84926;85480;+;44.0	135;104350;106950;+;71.1	A	9/9	contiguous	24197	1	1	102162..102851+;229;unnamed;0
NZ_CP058161.1	MPF_F	IncFII(pECLA);IncR	138	0	0	GA	0															not_admitted	not_admitted	not_admitted	not_admitted	not_admitted	not_admitted	not_admitted	not_admitted	not_admitted	not_admitted	1	121;91271;92269;+;359.9	130;97506;98870;+;363.9	124;94756;95538;+;212.9	113;85728;88337;+;223.4	131;98870;102160;+;307.6	107;81483;82892;+;97.1	113;85728;88337;+;103.5	105;80153;80734;+;96.9	122;92280;92903;+;63.5	123;92900;94759;+;213.0	135;104350;106950;+;361.0	111;84926;85480;+;44.0	135;104350;106950;+;71.1	A	9/9	contiguous	24197	1	1	102162..102851+;229;unnamed;0
NZ_CP058165.1	MPF_F	IncFIB(pHCM2);IncFII(Yp);IncFII(pAR0022)	241	0	0	GA	0															not_admitted	not_admitted	not_admitted	not_admitted	not_admitted	not_admitted	not_admitted	not_admitted	not_admitted	not_admitted	1	82;63001;63987;+;367.9	89;68310;69683;+;375.9	86;66761;67510;+;217.7	79;59377;62007;+;285.1	90;69683;72505;+;336.5	73;55862;57256;+;91.1	79;59377;62007;+;98.1	71;54579;55145;+;170.1	83;64004;64633;+;66.6	84;64630;66510;+;260.6	93;74190;76427;+;384.7	74;57278;57817;+;67.1	93;74190;76427;+;63.9	A	9/9	contiguous	19611	1	1	72524..73021+;165;TraS;0
NZ_CP058182.1	MPF_F	Col(pHAD28);IncFII(Yp)	115	0	0	GA	0															not_admitted	not_admitted	not_admitted	not_admitted	not_admitted	not_admitted	not_admitted	not_admitted	not_admitted	not_admitted	1	85;73500;74492;+;372.3	100;82870;84240;+;383.1	93;79005;79757;+;223.0	82;69835;72474;+;254.8	101;84240;87119;+;333.2	74;65223;66644;+;86.6	82;69835;72474;+;88.2	72;63936;64502;+;159.4	86;74505;75152;+;68.8	88;75529;77484;+;253.1	105;89891;92209;+;389.0	76;67105;67689;+;55.9	105;89891;92209;+;65.6	A	9/9	contiguous	25955	1	1	87136..87804+;222;unnamed;0
NZ_CP058183.1	MPF_F	IncFII(Yp);IncFII(pAR0022)	113	0	0	GA	0															not_admitted	not_admitted	not_admitted	not_admitted	not_admitted	not_admitted	not_admitted	not_admitted	not_admitted	not_admitted	1	92;72478;73470;+;366.4	101;78408;79778;+;377.3	98;76869;77621;+;228.0	89;68771;71410;+;257.3	102;79778;82648;+;337.3	80;63862;65277;+;86.4	89;68771;71410;+;83.9	78;62569;63135;+;161.5	93;73483;74100;+;68.7	94;74097;75977;+;251.9	104;83458;85758;+;390.5	83;66100;66663;+;55.8	104;83458;85758;+;65.9	A	9/9	contiguous	20889	1	1	82782..83222+;146;unnamed;0
NZ_CP058184.1	MPF_F	IncFII(pBK30683)	83	0	0	GA	0															not_admitted	not_admitted	not_admitted	not_admitted	not_admitted	not_admitted	not_admitted	not_admitted	not_admitted	not_admitted	1	59;41805;42797;+;365.8	69;48288;49658;+;383.8	65;46334;47086;+;233.2	56;38140;40779;+;259.1	70;49658;52480;+;345.6	46;32908;34332;+;88.4	56;38140;40779;+;83.9	44;31615;32181;+;168.4	60;42810;43448;+;66.0	61;43507;45462;+;259.7	73;54448;56739;+;392.7	48;34944;35513;+;53.7	73;54448;56739;+;66.6	A	9/9	contiguous	22833	1	1	52504..53106+;200;TraS;0
NZ_CP058197.1	MPF_F	IncFII(Yp);IncFII(pAR0022)	204	0	0	GA	0															not_admitted	not_admitted	not_admitted	not_admitted	not_admitted	not_admitted	not_admitted	not_admitted	not_admitted	not_admitted	1	180;151581;152573;+;366.4	189;157508;158878;+;376.5	186;155972;156724;+;228.0	177;147874;150513;+;257.0	190;158878;161538;+;336.9	168;142942;144357;+;82.8	177;147874;150513;+;83.7	166;141649;142215;+;165.2	181;152586;153203;+;68.5	182;153200;155080;+;252.0	193;163605;165905;+;388.3	171;145186;145767;+;52.6	193;163605;165905;+;65.7	A	9/9	contiguous	21956	0	1	
NZ_CP058208.1	MPF_T	IncN	52	0	0	GA	1	13;8885;9619;+;32.5	15;9919;10212;+;28.7	16;10262;10579;+;63.3	17;10579;13179;+;111.8	17;10579;13179;+;76.8	18;13197;13910;+;97.1	20;14161;15201;+;153.6		21;15420;16118;+;131.9	22;16129;17013;+;157.7	23;17013;18173;+;154.9	24;18215;19210;+;81.2	33;29216;30745;-;38.5		pfam	both	A	7/7	canonical	1	0	unscoreable	2	0	0														not_admitted	not_admitted	not_admitted	not_admitted	not_admitted	not_admitted	not_admitted
NZ_CP058211.1	MPF_F	IncFIB(AP001918);IncFII(pHN7A8)	104	0	0	GA	0															not_admitted	not_admitted	not_admitted	not_admitted	not_admitted	not_admitted	not_admitted	not_admitted	not_admitted	not_admitted	1	61;58899;59897;-;346.7	51;50730;52166;-;340.5	56;54013;54798;-;217.8	68;64473;66416;-;253.6	50;47842;50730;-;314.2	70;66994;68271;-;97.1	65;61130;62032;-;58.5	72;69018;69596;-;126.2	58;56731;57336;-;57.1	57;54800;56734;-;241.9	45;42815;45001;-;370.6	69;66413;66925;-;60.8	45;42815;45001;-;61.8	A	9/9	contiguous	26203	1	1	47181..47828-;215;unnamed;1
NZ_CP058213.1	MPF_F	IncFIA(HI1);IncHI1A;IncHI1B(R27);IncQ1	241	0	0	GA	0															not_admitted	not_admitted	not_admitted	not_admitted	not_admitted	not_admitted	not_admitted	not_admitted	not_admitted	not_admitted	1	15;14855;15907;+;277.6	153;142074;143489;-;201.7	154;143479;144525;-;171.3	240;214064;216745;+;160.9	152;138076;142065;-;103.1	236;210358;211716;+;84.0	240;214064;216745;+;76.5	233;207906;208691;+;68.7	13;13202;14710;+;65.6	16;15930;19106;+;58.9	160;151460;153544;+;50.2	239;213105;214055;+;45.2	160;151460;153544;+;36.5	A	9/9	split_3	200862	0	1	
NZ_CP058224.1	MPF_F	IncA	198	0	0	GA	0															not_admitted	not_admitted	not_admitted	not_admitted	not_admitted	not_admitted	not_admitted	not_admitted	not_admitted	not_admitted	1	193;158883;159887;-;330.1	76;60689;62122;-;336.4	77;62124;63164;-;223.9	0;37;2484;-;352.8	75;57071;60676;-;377.7	5;9995;11311;-;136.3	0;37;2484;-;130.4	7;12209;12835;-;93.9	195;160555;161823;-;69.6	191;155995;156897;-;91.5	16;16625;18490;-;46.9	4;9420;9998;-;98.1	16;16625;18490;-;51.6	A	9/9	split_3	160518	0	1	
NZ_CP058228.1	MPF_F	IncFII(pHN7A8);repB(R1701)	197	0	0	GA	0															not_admitted	not_admitted	not_admitted	not_admitted	not_admitted	not_admitted	not_admitted	not_admitted	not_admitted	not_admitted	1	157;121955;122947;+;369.5			154;118319;120946;+;301.8		149;114837;116264;+;94.1	154;118319;120946;+;101.8	147;113556;114122;+;183.8			154;118319;120946;+;20.8	153;117288;117803;+;77.6		D	4/9	contiguous	8399	0	0	
NZ_CP058294.1	MPF_T	-	51	0	0	GA	1		49;44438;44701;+;59.3		0;207;1886;+;98.1		5;3879;4850;+;83.3	6;4847;5845;+;119.5		8;5992;6654;+;177.6	9;6651;7538;+;161.4	10;7565;8740;+;165.9	11;8721;9713;+;93.2	12;9714;11525;+;348.4		pfam	pfam_only	A	7/7	canonical	1	0	unscoreable	5	0	0														not_admitted	not_admitted	not_admitted	not_admitted	not_admitted	not_admitted	not_admitted
NZ_CP058300.1	MPF_T	-	44	0	0	GA	1		18;17188;17451;+;56.2	19;17464;20232;+;75.0	19;17464;20232;+;177.1	19;17464;20232;+;86.2	24;22215;23186;+;83.3	25;23183;24181;+;120.0		27;24328;24990;+;177.6	28;24987;25874;+;161.4	29;25901;27073;+;166.0	30;27054;28046;+;93.2	31;28047;29858;+;348.4		pfam	pfam_only	A	7/7	canonical	1	1	unscoreable	5	0	0														not_admitted	not_admitted	not_admitted	not_admitted	not_admitted	not_admitted	not_admitted
NZ_CP058303.1	MPF_T	IncI2(Delta)	73	0	0	GA	1	37;32911;33393;-;81.1		52;49000;49284;-;36.6	51;46637;48994;-;58.5	51;46637;48994;-;44.9	61;54096;54740;-;41.0	62;54746;55741;-;123.9		49;45737;46471;-;144.3	48;44970;45740;-;170.5	47;43841;44980;-;154.7	40;35172;36710;-;207.1	45;40793;42751;-;289.6		pfam	pfam_only	A	7/7	rearranged	1	0	unscoreable	14	0	0														not_admitted	not_admitted	not_admitted	not_admitted	not_admitted	not_admitted	not_admitted
NZ_CP058310.1	MPF_F	IncFIB(AP001918);IncFIC(FII)	131	0	0	GA	0															not_admitted	not_admitted	not_admitted	not_admitted	not_admitted	not_admitted	not_admitted	not_admitted	not_admitted	not_admitted	1	36;35223;36215;-;369.3	25;28164;29537;-;378.0	32;31751;32494;-;234.6	39;37224;39851;-;305.4	24;25345;28167;-;389.5	45;41906;43333;-;94.3	39;37224;39851;-;98.5	47;44048;44614;-;183.8	35;34576;35214;-;68.4	34;32771;34579;-;268.4	21;21663;23816;-;391.9	41;40367;40882;-;78.4	21;21663;23816;-;70.4	A	9/9	contiguous	22385	1	1	24832..25323-;163;TraS;0
NZ_CP058311.1	MPF_F	IncHI2;IncHI2A;IncN	233	0	0	GA	0															not_admitted	not_admitted	not_admitted	not_admitted	not_admitted	not_admitted	not_admitted	not_admitted	not_admitted	not_admitted	1	167;146483;147541;-;276.9	42;31815;33230;+;194.1	41;30779;31825;+;174.3	183;167113;169794;-;168.3	43;33239;37192;+;101.6	187;172124;173479;-;80.7	183;167113;169794;-;72.2	190;175203;175991;-;74.8	169;147683;149194;-;62.0	166;143276;146464;-;57.3	34;21653;23737;-;56.8	184;169803;170753;-;46.1	34;21653;23737;-;38.8	A	9/9	split_2	153550	1	1	37373..38662+;429;unnamed;0
NZ_CP058324.1	-	-	61	0	0	GA	1	23;21866;22393;+;93.1			3;1676;4198;+;25.2			6;6273;7229;+;44.1			8;7991;8836;+;50.2	9;8836;10035;+;93.7	15;14489;16198;+;166.7	28;25426;27231;+;36.2		none	none	B	6/7	canonical	0	0	unscoreable	17	0	0														not_admitted	not_admitted	not_admitted	not_admitted	not_admitted	not_admitted	not_admitted
NZ_CP058326.1	MPF_F	IncFIB(K);IncFII(K)	215	0	0	GA	0															not_admitted	not_admitted	not_admitted	not_admitted	not_admitted	not_admitted	not_admitted	not_admitted	not_admitted	not_admitted	1	163;164759;165748;-;366.0	153;157845;159212;-;381.2	157;160470;161222;-;233.7	167;167191;169830;-;258.5	152;154996;157845;-;345.6	175;173087;174511;-;88.8	167;167191;169830;-;88.7	177;175238;175804;-;169.3	162;164108;164746;-;67.0	161;162094;164049;-;259.7	148;150198;152510;-;392.7	174;172389;172973;-;55.4	148;150198;152510;-;66.5	A	9/9	contiguous	25040	1	1	154435..154983-;182;unnamed;0
NZ_CP058327.1	MPF_F	IncFIB(pQil);IncFII(K)	135	0	0	GA	0															not_admitted	not_admitted	not_admitted	not_admitted	not_admitted	not_admitted	not_admitted	not_admitted	not_admitted	not_admitted	1	33;23414;24406;+;366.6	43;29857;31227;+;381.2	39;27903;28655;+;232.4	30;19749;22388;+;258.7	44;31227;34076;+;344.2	21;14510;15934;+;89.2	30;19749;22388;+;88.8	19;13193;13783;+;164.5	34;24419;25057;+;67.0	35;25054;27060;+;259.0	48;35890;38199;+;393.2	23;16546;17115;+;49.7	48;35890;38199;+;65.8	A	9/9	contiguous	22697	1	1	34079..34609+;176;unnamed;0
NZ_CP058328.1	MPF_T	IncX3	56	0	0	GA	1	45;33123;33767;+;46.4	46;33751;34041;+;73.1	47;34066;36819;+;47.0	47;34066;36819;+;145.4	47;34066;36819;+;73.3	48;36829;37599;+;60.1	50;37878;38933;+;133.2		51;39128;39856;+;119.4	52;39862;40791;+;138.8	53;40788;42002;+;128.3	55;42198;43232;+;65.7	0;77;1690;+;496.5		pfam	pfam_only	A	7/7	canonical	1	1	unscoreable	2	0	0														not_admitted	not_admitted	not_admitted	not_admitted	not_admitted	not_admitted	not_admitted
NZ_CP058341.1	MPF_T	-	35	0	0	GA	1	5;3726;4271;+;54.1	26;19562;19858;+;65.1	27;19858;20145;+;45.0	28;20149;22614;+;94.2	28;20149;22614;+;88.9	31;24466;25218;+;62.3			1;188;883;+;121.0	2;894;2048;+;166.5	4;2492;3733;+;210.7	25;18614;19552;+;131.9	10;7072;8895;+;323.2		conjscan	both	B	6/7	uncallable	0	0	unscoreable	21	0	0														not_admitted	not_admitted	not_admitted	not_admitted	not_admitted	not_admitted	not_admitted
NZ_CP058343.1	MPF_F	IncFIB(AP001918);IncFIC(FII)	145	0	0	GA	0															not_admitted	not_admitted	not_admitted	not_admitted	not_admitted	not_admitted	not_admitted	not_admitted	not_admitted	not_admitted	1	88;89527;90519;-;369.3	77;82468;83841;-;378.0	84;86055;86798;-;234.1	91;91528;94155;-;305.4	76;79649;82471;-;389.5	97;96210;97637;-;94.3	91;91528;94155;-;98.5	99;98352;98918;-;183.8	87;88880;89518;-;68.4	86;87075;88883;-;268.4	73;75967;78120;-;391.9	93;94671;95186;-;78.4	73;75967;78120;-;70.4	A	9/9	contiguous	22385	1	1	79136..79627-;163;TraS;0
NZ_CP058344.1	MPF_F	Col(pHAD28);IncFII(pCoo)	102	0	0	GA	0															not_admitted	not_admitted	not_admitted	not_admitted	not_admitted	not_admitted	not_admitted	not_admitted	not_admitted	not_admitted	1	10;5354;6346;-;370.2	101;94063;94776;-;123.2	4;1877;2620;-;233.3	13;7355;9982;-;303.5	100;91244;94066;-;386.8	17;11894;13321;-;94.3	13;7355;9982;-;100.3	19;14036;14602;-;183.8	8;4706;5167;-;69.4	6;2900;3745;-;264.8	97;87386;89710;-;391.5	14;10498;11013;-;78.0	97;87386;89710;-;70.2	A	9/9	split_2	92186	1	1	90726..91223-;165;TraS;0
NZ_CP058357.1	MPF_F	IncFII	98	0	0	GA	0															not_admitted	not_admitted	not_admitted	not_admitted	not_admitted	not_admitted	not_admitted	not_admitted	not_admitted	not_admitted	1	71;68166;69158;-;369.3	62;61731;63104;-;379.5	67;64694;65467;-;234.0	74;70167;72797;-;303.5	61;58909;61734;-;386.0	81;76075;77502;-;94.3	74;70167;72797;-;98.5	83;78217;78783;-;183.8	70;67519;68157;-;68.7	69;65714;67522;-;268.0	58;55189;57405;-;391.7	77;74432;74947;-;78.6	58;55189;57405;-;70.3	A	9/9	contiguous	23028	1	1	58403..58912-;169;unnamed;0
NZ_CP058359.1	MPF_F	IncFIB(K);IncFII(pKP91)	177	0	0	GA	0															not_admitted	not_admitted	not_admitted	not_admitted	not_admitted	not_admitted	not_admitted	not_admitted	not_admitted	not_admitted	1	110;109023;110012;-;363.3	99;101837;103204;-;383.5	103;104462;105214;-;233.7	114;111469;114108;-;259.0	98;99015;101837;-;346.5	125;118076;119500;-;88.0	114;111469;114108;-;88.7	127;120227;120793;-;167.9	108;108100;108747;-;65.1	107;106086;108041;-;259.7	94;94117;96399;-;393.3	122;116880;117464;-;54.3	94;94117;96399;-;65.8	A	9/9	contiguous	26110	1	1	98390..98992-;200;TraS;0
NZ_CP058362.1	MPF_F	IncFIB(K);IncFII(pKP91)	205	0	0	GA	0															not_admitted	not_admitted	not_admitted	not_admitted	not_admitted	not_admitted	not_admitted	not_admitted	not_admitted	not_admitted	1	142;143967;144956;-;363.3	131;136781;138148;-;383.5	135;139406;140158;-;233.7	146;146413;149052;-;259.0	130;133959;136781;-;346.5	157;153020;154444;-;88.0	146;146413;149052;-;88.7	159;155171;155737;-;167.9	140;143044;143691;-;65.1	139;141030;142985;-;259.7	126;129061;131343;-;393.3	154;151824;152408;-;54.3	126;129061;131343;-;65.8	A	9/9	contiguous	26110	1	1	133334..133936-;200;TraS;0
NZ_CP058527.1	MPF_T	-	554	0	0	GA	1		360;339489;339788;-;89.3	359;339144;339482;-;103.9	358;336785;339151;-;178.6	358;336785;339151;-;104.2	357;336087;336788;-;201.4	355;334924;335856;-;168.6		353;333932;334603;-;202.9	352;333078;333935;-;183.9	351;331894;333069;-;176.5	350;330848;331885;-;102.7	346;327150;329069;+;332.1		pfam	both	A	7/7	canonical	1	0	unscoreable	5	0	0														not_admitted	not_admitted	not_admitted	not_admitted	not_admitted	not_admitted	not_admitted
NZ_CP058528.1	MPF_T	-	195	0	0	GA	1	122;131645;132382;+;73.4	192;211876;212277;-;70.9	124;132747;133073;+;73.6	125;133073;135442;+;240.3	190;209105;211573;-;125.4	189;208330;209133;-;45.0	187;206925;208121;-;112.0		129;137299;138012;+;176.9	185;205376;206242;-;186.7	183;203571;204887;-;225.0	193;212267;213238;-;133.5	84;89017;90993;-;573.0		conjscan	conjscan_only	A	7/7	uncallable	0	0	unscoreable	11	0	0														not_admitted	not_admitted	not_admitted	not_admitted	not_admitted	not_admitted	not_admitted
NZ_CP058545.1	MPF_F	IncFII(K);repB(R1701)	128	0	0	GA	0															not_admitted	not_admitted	not_admitted	not_admitted	not_admitted	not_admitted	not_admitted	not_admitted	not_admitted	not_admitted	1	76;54798;55787;+;366.6	86;61334;62701;+;384.0	82;59324;60076;+;233.7	72;50716;53355;+;258.5	87;62701;65550;+;346.4	65;46099;47523;+;89.2	72;50716;53355;+;88.2	63;44806;45372;+;169.3	77;55800;56438;+;66.9	78;56497;58452;+;259.7	91;68012;70324;+;393.1	66;47637;48221;+;53.6	91;68012;70324;+;66.6	A	9/9	contiguous	23206	1	1	65553..66086+;177;unnamed;0
NZ_CP058550.1	MPF_F	IncFII(K);repB(R1701)	127	0	0	GA	0															not_admitted	not_admitted	not_admitted	not_admitted	not_admitted	not_admitted	not_admitted	not_admitted	not_admitted	not_admitted	1	21;16855;17844;+;366.6	31;23391;24758;+;384.0	27;21381;22133;+;233.7	17;12773;15412;+;258.5	32;24758;27607;+;346.4	10;8156;9580;+;89.2	17;12773;15412;+;88.2	8;6863;7429;+;169.3	22;17857;18495;+;66.9	23;18554;20509;+;259.7	36;30069;32381;+;393.1	11;9694;10278;+;53.6	36;30069;32381;+;66.6	A	9/9	contiguous	23206	1	1	27610..28143+;177;unnamed;0
NZ_CP058575.1	MPF_F	IncFIA;IncFIB(AP001918);IncFII	138	0	0	GA	0															not_admitted	not_admitted	not_admitted	not_admitted	not_admitted	not_admitted	not_admitted	not_admitted	not_admitted	not_admitted	1	104;89381;90196;+;308.5	115;95882;97255;+;380.9	108;92925;93668;+;235.0	98;84255;86882;+;305.4	116;97252;100077;+;385.9	92;80773;82200;+;94.3	98;84255;86882;+;98.5	90;79528;80058;+;178.1	105;90205;90843;+;68.6	106;90840;92648;+;268.3	119;101580;103769;+;391.3	96;83224;83739;+;78.4	119;101580;103769;+;70.4	A	9/9	contiguous	22052	1	1	100074..100583+;169;unnamed;0
NZ_CP058576.1	MPF_F	IncFII	92	0	0	GA	0															not_admitted	not_admitted	not_admitted	not_admitted	not_admitted	not_admitted	not_admitted	not_admitted	not_admitted	not_admitted	1	20;17222;18214;+;369.5	30;23993;25366;+;381.7	25;21320;22063;+;234.4	17;13688;16213;+;304.2	31;25363;28185;+;374.0	15;11684;13135;+;94.5	17;13688;16213;+;97.3	13;10403;10969;+;174.3	22;18558;19196;+;68.6	23;19193;21043;+;266.1	35;30457;32727;+;391.1		35;30457;32727;+;70.3	B	8/9	contiguous	20054	1	1	28207..28686+;159;TraS;0
NZ_CP058590.1	MPF_F	IncFII	97	0	0	GA	0															not_admitted	not_admitted	not_admitted	not_admitted	not_admitted	not_admitted	not_admitted	not_admitted	not_admitted	not_admitted	1	43;32279;33271;+;369.5	53;39050;40423;+;381.7	48;36377;37120;+;234.4	40;28640;31270;+;304.1	54;40420;43242;+;374.0	32;23787;25238;+;94.2	40;28640;31270;+;96.8	30;22506;23072;+;174.3	45;33615;34253;+;68.6	46;34250;36100;+;266.1	58;45514;47721;+;391.2	35;26098;26613;+;78.4	58;45514;47721;+;70.3	A	9/9	contiguous	23008	1	1	43264..43743+;159;TraS;0
NZ_CP058621.1	MPF_T	ColKP3;IncX3	65	0	0	GA	1	48;36282;36926;+;46.4	49;36910;37200;+;73.1	50;37225;39978;+;47.0	50;37225;39978;+;142.4	50;37225;39978;+;73.3	51;39988;40758;+;60.1	53;41037;42092;+;132.8		54;42287;43015;+;119.4	55;43021;43950;+;138.8	56;43947;45161;+;128.3	58;45357;46391;+;65.7	59;46394;48229;+;495.9		pfam	pfam_only	A	7/7	canonical	1	1	unscoreable	2	0	0														not_admitted	not_admitted	not_admitted	not_admitted	not_admitted	not_admitted	not_admitted
NZ_CP058653.1	MPF_T	IncFIA;IncFIB(AP001918);IncFII;IncN	177	0	0	GA	1		75;67386;67694;+;67.6		77;68019;70469;+;142.6	77;68019;70469;+;84.6	78;70490;71134;+;97.0	80;71407;72420;+;161.4		82;72769;73527;+;142.8	83;73530;74351;+;197.9	84;74351;75541;+;188.9	85;75519;76556;+;83.0	86;76519;78447;+;402.6		pfam	both	A	7/7	canonical	1	0	unscoreable	3	0	0														not_admitted	not_admitted	not_admitted	not_admitted	not_admitted	not_admitted	not_admitted
NZ_CP058663.1	MPF_F	IncFIA;IncFIB(AP001918);IncFII	175	0	0	GA	0															not_admitted	not_admitted	not_admitted	not_admitted	not_admitted	not_admitted	not_admitted	not_admitted	not_admitted	not_admitted	1	105;91374;92366;-;367.4	94;84315;85688;-;380.9	101;87902;88645;-;235.0	108;93375;96002;-;305.4	93;81493;84318;-;385.9	114;98057;99484;-;94.3	108;93375;96002;-;98.5	116;100199;100765;-;182.1	104;90727;91365;-;68.6	103;88922;90730;-;268.3	90;77801;79990;-;391.3	110;96518;97033;-;78.4	90;77801;79990;-;70.4	A	9/9	contiguous	22398	1	1	80987..81496-;169;unnamed;0
NZ_CP058664.1	MPF_T	IncX3	68	0	0	GA	1	51;37327;37971;+;46.4	52;37955;38245;+;73.1	53;38270;41023;+;47.0	53;38270;41023;+;142.4	53;38270;41023;+;73.3	54;41033;41803;+;60.1	56;42082;43137;+;133.2		57;43332;44060;+;119.4	58;44066;44995;+;138.8	59;44992;46206;+;128.3	61;46402;47436;+;65.7	62;47439;49274;+;495.9		pfam	pfam_only	A	7/7	canonical	1	1	unscoreable	2	0	0														not_admitted	not_admitted	not_admitted	not_admitted	not_admitted	not_admitted	not_admitted
NZ_CP058672.1	MPF_F	IncHI2;IncHI2A	256	0	0	GA	0															not_admitted	not_admitted	not_admitted	not_admitted	not_admitted	not_admitted	not_admitted	not_admitted	not_admitted	not_admitted	1	13;13354;14448;-;274.6	164;157678;159093;+;194.1	163;156642;157688;+;174.1	35;37311;39992;-;167.3	165;159102;163028;+;100.7	39;42322;43677;-;80.7	35;37311;39992;-;72.2	42;45401;46189;-;74.8	15;14590;16101;-;62.0		156;147518;149602;-;56.8	36;40001;40951;-;46.1	156;147518;149602;-;38.8	B	8/9	split_3	145748	0	0	
NZ_CP058677.1	MPF_T	-	74	0	0	GA	1				60;56182;58197;+;23.0									66;62219;63748;+;464.9		none	none	D	2/7	uncallable	0	0	unscoreable	5	0	0														not_admitted	not_admitted	not_admitted	not_admitted	not_admitted	not_admitted	not_admitted
NZ_CP058685.1	MPF_T	pEC4115	43	0	0	GA	1	10;9844;10455;-;40.5	9;9558;9872;-;30.8	8;9180;9500;-;39.0	7;6805;9177;-;81.6	7;6805;9177;-;33.6	11;10523;11164;-;33.9	13;11390;12367;-;132.9		5;5937;6674;-;158.9	4;5161;5940;-;167.2	3;4029;5171;-;143.5	2;3010;4029;-;91.9	1;992;2959;-;290.0		pfam	pfam_only	A	7/7	rearranged	1	0	unscoreable	2	0	0														not_admitted	not_admitted	not_admitted	not_admitted	not_admitted	not_admitted	not_admitted
NZ_CP058710.1	MPF_T	IncP1	68	0	0	GA	1		13;11022;11405;+;68.7	14;11408;11734;+;50.6	15;11731;14274;+;96.2	15;11731;14274;+;107.0	20;17750;18520;+;104.8	21;18711;20270;+;113.8		16;14271;14978;+;92.6	17;14994;15884;+;152.4	19;16343;17737;+;224.7	12;9952;10908;+;135.2	47;36448;38394;-;442.7		conjscan	conjscan_only	A	7/7	canonical	1	0	unscoreable	2	0	0														not_admitted	not_admitted	not_admitted	not_admitted	not_admitted	not_admitted	not_admitted
NZ_CP058712.1	MPF_F	IncFII	96	0	0	GA	0															not_admitted	not_admitted	not_admitted	not_admitted	not_admitted	not_admitted	not_admitted	not_admitted	not_admitted	not_admitted	1	11;7670;8662;-;369.3	0;247;1620;-;381.0	5;3210;3953;-;233.3	14;9671;12298;-;303.5	95;85882;88410;-;300.4	20;14450;15877;-;94.7	14;9671;12298;-;98.5	22;16592;17158;-;183.8	8;6035;6673;-;68.6	7;4230;6038;-;268.0	92;82162;84378;-;391.7	16;12814;13329;-;77.3	92;82162;84378;-;70.3	A	9/9	split_2	85635	1	1	85376..85885-;169;unnamed;0
NZ_CP058715.1	MPF_F	IncFII(pSE11)	137	0	0	GA	0															not_admitted	not_admitted	not_admitted	not_admitted	not_admitted	not_admitted	not_admitted	not_admitted	not_admitted	not_admitted	1	63;56352;57344;+;369.4	72;62382;63755;+;376.8	67;60073;60816;+;233.4	60;52716;55343;+;303.5	73;63752;66574;+;388.5	56;49377;50804;+;94.3	60;52716;55343;+;100.2	54;48096;48662;+;183.8	64;57353;57991;+;68.3	65;57988;59796;+;262.2	2;1803;3992;+;391.8	59;51685;52200;+;78.0	2;1803;3992;+;70.3	A	9/9	split_2	61949	1	1	66596..67075+;159;TraS;0
NZ_CP058716.1	MPF_F	IncHI2;IncHI2A	263	0	0	GA	0															not_admitted	not_admitted	not_admitted	not_admitted	not_admitted	not_admitted	not_admitted	not_admitted	not_admitted	not_admitted	1	207;182604;183662;+;276.9	95;76267;77682;-;194.1	96;77672;78718;-;174.3	191;160351;163032;+;168.0	94;72305;76258;-;101.6	187;156666;158021;+;80.7	191;160351;163032;+;72.2	184;154154;154942;+;74.8	205;180951;182462;+;62.0	208;183681;186869;+;57.3	103;85760;87844;+;56.8	190;159392;160342;+;46.1	103;85760;87844;+;38.8	A	9/9	split_3	111376	1	1	70835..72124-;429;unnamed;0
NZ_CP058721.1	MPF_T	IncN;IncX1	109	0	0	GA	1	101;86905;87639;-;32.5	99;86312;86605;-;28.7	98;85945;86262;-;63.3	97;83345;85945;-;111.8	97;83345;85945;-;76.8	96;82614;83327;-;97.1	94;81323;82363;-;153.6		93;80406;81104;-;131.9	92;79511;80395;-;159.0	91;78351;79511;-;154.9	90;77314;78309;-;81.2	86;71216;72745;+;38.5		pfam	both	A	7/7	canonical	1	0	unscoreable	5	0	0														not_admitted	not_admitted	not_admitted	not_admitted	not_admitted	not_admitted	not_admitted
NZ_CP058722.1	MPF_F	IncFII	100	0	0	GA	0															not_admitted	not_admitted	not_admitted	not_admitted	not_admitted	not_admitted	not_admitted	not_admitted	not_admitted	not_admitted	1	89;82753;83745;+;369.3	0;22;1020;+;220.3	95;87462;88205;+;233.3	86;79117;81744;+;303.5	1;1017;3842;+;386.0	80;75538;76965;+;94.7	86;79117;81744;+;98.5	78;74257;74823;+;183.8	92;84742;85380;+;68.6	93;85377;87185;+;268.0	4;5346;7571;+;391.7	84;78086;78601;+;77.3	4;5346;7571;+;70.3	A	9/9	split_2	87440	1	1	3839..4348+;169;unnamed;0
NZ_CP058723.1	MPF_T	IncP1	67	0	0	GA	1		30;21866;22249;+;68.7	31;22252;22578;+;50.6	32;22575;25118;+;96.2	32;22575;25118;+;107.0	37;28594;29364;+;104.8	38;29555;31114;+;113.8		33;25115;25822;+;92.6	34;25838;26728;+;152.4	36;27187;28581;+;224.7	29;20796;21752;+;135.2	64;47292;49238;-;442.7		conjscan	conjscan_only	A	7/7	canonical	1	0	unscoreable	2	0	0														not_admitted	not_admitted	not_admitted	not_admitted	not_admitted	not_admitted	not_admitted
NZ_CP058726.1	MPF_F	IncFIB(AP001918);IncFII	166	0	0	GA	0															not_admitted	not_admitted	not_admitted	not_admitted	not_admitted	not_admitted	not_admitted	not_admitted	not_admitted	not_admitted	1	15;15231;16223;-;369.3	4;7808;9184;-;381.0	9;10771;11514;-;235.0	18;17232;19859;-;304.6	3;4989;7811;-;389.2	25;22011;23438;-;94.3	18;17232;19859;-;99.2	27;24153;24719;-;183.8	12;13596;14234;-;68.6	11;11791;13599;-;268.0	0;1275;3455;-;391.6	21;20375;20890;-;78.4	0;1275;3455;-;70.4	A	9/9	contiguous	22878	1	1	4471..4968-;165;TraS;0
NZ_CP058728.1	MPF_T	IncP1	68	0	0	GA	1		47;36513;36896;-;68.7	46;36184;36510;-;50.6	45;33644;36187;-;96.2	45;33644;36187;-;107.0	40;29398;30168;-;104.8	39;27648;29207;-;113.8		44;32940;33647;-;92.6	43;32034;32924;-;152.4	41;30181;31575;-;224.7	48;37010;37966;-;135.2	14;9524;11470;+;442.7		conjscan	conjscan_only	A	7/7	canonical	1	0	unscoreable	2	0	0														not_admitted	not_admitted	not_admitted	not_admitted	not_admitted	not_admitted	not_admitted
NZ_CP058734.1	MPF_T	-	70	0	0	GA	1				55;45844;47862;+;25.4									60;52118;53668;+;463.0		none	none	D	2/7	uncallable	0	0	unscoreable	4	0	0														not_admitted	not_admitted	not_admitted	not_admitted	not_admitted	not_admitted	not_admitted
NZ_CP058745.1	MPF_F	IncFIA(HI1);IncFII(K)	120	0	0	GA	0															not_admitted	not_admitted	not_admitted	not_admitted	not_admitted	not_admitted	not_admitted	not_admitted	not_admitted	not_admitted	1	87;68933;69925;+;363.2	101;77355;78722;+;382.8	96;74897;75649;+;235.0	84;65268;67907;+;259.2	102;78722;81565;+;343.1	74;60023;61447;+;89.3	84;65268;67907;+;84.3	72;58730;59296;+;167.0	91;71347;71994;+;65.6	92;72053;74008;+;258.1	105;83403;85709;+;393.1	76;62078;62635;+;50.5	105;83403;85709;+;66.6	A	9/9	contiguous	24673	1	1	81578..82126+;182;unnamed;0
NZ_CP058751.1	MPF_T	IncN	66	0	0	GA	1	47;43194;43928;+;32.8		50;44571;44888;+;63.3	51;44888;47488;+;111.8	51;44888;47488;+;76.4	52;47506;48219;+;105.5	54;48470;49510;+;142.4		55;49729;50427;+;131.9	56;50438;51322;+;159.7	57;51322;52482;+;156.3	58;52524;53519;+;81.2	30;25625;27154;+;38.5		pfam	both	A	7/7	canonical	1	0	unscoreable	3	0	0														not_admitted	not_admitted	not_admitted	not_admitted	not_admitted	not_admitted	not_admitted
NZ_CP058754.1	MPF_F	IncFIA(HI1);IncFII(K)	122	0	0	GA	0															not_admitted	not_admitted	not_admitted	not_admitted	not_admitted	not_admitted	not_admitted	not_admitted	not_admitted	not_admitted	1	89;70039;71031;+;366.6	103;78461;79828;+;384.0	98;76003;76755;+;233.3	86;66374;69013;+;258.4	104;79828;81363;+;349.3	76;61134;62558;+;89.2	86;66374;69013;+;89.2	74;59841;60407;+;169.3	93;72453;73100;+;66.9	94;73159;75114;+;259.7	108;84510;86822;+;393.1	78;63190;63747;+;50.5	108;84510;86822;+;66.6	A	9/9	contiguous	24669	1	1	81302..82672+;456;unnamed;0
NZ_CP058759.1	MPF_F	IncFII(K);IncQ1;repB(R1701)	175	0	0	GA	0															not_admitted	not_admitted	not_admitted	not_admitted	not_admitted	not_admitted	not_admitted	not_admitted	not_admitted	not_admitted	1	116;98484;99473;-;366.6	106;91570;92937;-;384.0	110;94195;94947;-;233.3	120;100916;103555;-;258.5	105;88721;91570;-;346.4	127;106748;108172;-;89.2	120;100916;103555;-;88.2	129;108899;109465;-;169.3	115;97833;98471;-;66.9	114;95819;97774;-;259.7	101;83947;86259;-;393.1	126;106050;106634;-;53.6	101;83947;86259;-;66.6	A	9/9	contiguous	24952	1	1	88185..88718-;177;unnamed;0
NZ_CP058761.1	MPF_T	IncN	65	0	0	GA	1	27;29372;30106;-;32.8		24;28412;28729;-;63.3	23;25812;28412;-;111.8	23;25812;28412;-;76.4	22;25081;25794;-;105.5	20;23790;24830;-;142.4		19;22873;23571;-;131.9	18;21978;22862;-;159.7	17;20818;21978;-;156.3	16;19781;20776;-;81.2	44;46146;47675;-;38.5		pfam	both	A	7/7	canonical	1	0	unscoreable	3	0	0														not_admitted	not_admitted	not_admitted	not_admitted	not_admitted	not_admitted	not_admitted
NZ_CP058762.1	MPF_T	IncFII(pMET)	35	0	0	GA	1	20;18001;18711;+;47.5	21;18708;19013;+;73.1	22;19026;21764;+;49.1	22;19026;21764;+;151.4	22;19026;21764;+;32.2	23;21783;22493;+;141.1	25;22742;23818;+;170.4		27;24040;24723;+;195.6	28;24723;25628;+;155.4	29;25675;26943;+;147.2	30;26933;27958;+;66.1			pfam	pfam_only	B	6/7	canonical	1	1	unscoreable	2	0	0														not_admitted	not_admitted	not_admitted	not_admitted	not_admitted	not_admitted	not_admitted
NZ_CP058774.1	MPF_T	IncN	66	0	0	GA	1	27;29372;30106;-;32.8		24;28412;28729;-;63.3	23;25812;28412;-;111.8	23;25812;28412;-;76.4	22;25081;25794;-;105.5	20;23790;24830;-;142.4		19;22873;23571;-;131.9	18;21978;22862;-;159.7	17;20818;21978;-;156.3	16;19781;20776;-;81.2	45;46144;47673;-;38.5		pfam	both	A	7/7	canonical	1	0	unscoreable	3	0	0														not_admitted	not_admitted	not_admitted	not_admitted	not_admitted	not_admitted	not_admitted
NZ_CP058788.1	MPF_F	IncFII(pCoo)	91	0	0	GA	0															not_admitted	not_admitted	not_admitted	not_admitted	not_admitted	not_admitted	not_admitted	not_admitted	not_admitted	not_admitted	1	72;62586;63578;+;371.8	80;68271;69644;+;380.7	76;66307;67050;+;234.5	69;58950;61577;+;303.5	81;69641;72463;+;384.9	65;55611;57038;+;94.3	69;58950;61577;+;100.3	63;54330;54896;+;183.8	73;63587;64225;+;68.8	74;64222;66030;+;268.3	84;73997;76240;+;391.7	68;57919;58434;+;78.0	84;73997;76240;+;70.3	A	9/9	contiguous	19667	1	1	72484..72981+;165;TraS;0
NZ_CP058789.1	MPF_T	IncX1	53	0	0	GA	1	41;39139;39783;-;47.1	40;38865;39155;-;73.5	39;36082;38841;-;44.8	39;36082;38841;-;133.3	39;36082;38841;-;71.9	38;35343;36080;-;57.5	36;34006;35061;-;131.7		35;33094;33816;-;116.0	34;32159;33088;-;132.4	33;30948;32162;-;128.6	32;29893;30930;-;66.4	31;28053;29888;-;543.4		pfam	pfam_only	A	7/7	canonical	1	1	unscoreable	1	0	0														not_admitted	not_admitted	not_admitted	not_admitted	not_admitted	not_admitted	not_admitted
NZ_CP058797.1	MPF_T	IncX1	67	0	0	GA	1	49;36378;37022;+;47.1	50;37006;37296;+;73.5	51;37320;40079;+;44.8	51;37320;40079;+;133.3	51;37320;40079;+;71.9	52;40081;40818;+;57.5	54;41100;42155;+;131.7		55;42345;43067;+;116.0	56;43073;44002;+;132.4	57;43999;45213;+;128.6	58;45231;46268;+;66.4	59;46273;48108;+;543.4		pfam	pfam_only	A	7/7	canonical	1	1	unscoreable	1	0	0														not_admitted	not_admitted	not_admitted	not_admitted	not_admitted	not_admitted	not_admitted
NZ_CP058809.1	MPF_F	IncFIB(S);IncFII(S);IncFII(pAR0022)	116	0	0	GA	0															not_admitted	not_admitted	not_admitted	not_admitted	not_admitted	not_admitted	not_admitted	not_admitted	not_admitted	not_admitted	1	41;38251;39243;-;366.7	32;31621;33003;-;392.4	35;34035;34784;-;231.0	44;40230;42878;-;314.1	31;28802;31624;-;392.2	52;45411;46832;-;91.5	44;40230;42878;-;97.8	54;47559;48125;-;188.1	39;37301;37939;-;70.6	37;35022;36848;-;268.1	28;24986;27148;-;374.1	49;44090;44605;-;96.7	28;24986;27148;-;72.1	A	9/9	contiguous	22573	1	1	28292..28780-;162;TraS;0
NZ_CP058810.1	MPF_F	IncFIA(HI1);IncHI1A;IncHI1B(R27);IncQ1	227	0	0	GA	0															not_admitted	not_admitted	not_admitted	not_admitted	not_admitted	not_admitted	not_admitted	not_admitted	not_admitted	not_admitted	1	8;12289;13341;-;277.6	111;104568;105983;+;201.7	110;103532;104578;+;171.3	25;32626;35307;-;160.9	112;105992;109981;+;103.1	29;37655;39013;-;84.0	25;32626;35307;-;76.5	32;40680;41465;-;68.7	10;13486;14994;-;65.6	7;9090;12266;-;58.9	104;94513;96597;-;50.2	26;35316;36266;-;45.2	104;94513;96597;-;36.5	A	9/9	split_2	96902	0	1	
NZ_CP058827.1	MPF_T	IncX1	61	0	0	GA	1	50;41187;41831;-;47.1	49;40913;41203;-;73.5	48;38130;40889;-;44.8	48;38130;40889;-;133.3	48;38130;40889;-;71.9	47;37391;38128;-;57.5	45;36054;37109;-;131.7		44;35142;35864;-;116.0	43;34207;35136;-;132.4	42;32996;34210;-;128.6	41;31941;32978;-;66.4	40;30101;31936;-;543.4		pfam	pfam_only	A	7/7	canonical	1	1	unscoreable	1	0	0														not_admitted	not_admitted	not_admitted	not_admitted	not_admitted	not_admitted	not_admitted
NZ_CP058834.1	MPF_F	IncFII	121	0	0	GA	0															not_admitted	not_admitted	not_admitted	not_admitted	not_admitted	not_admitted	not_admitted	not_admitted	not_admitted	not_admitted	1	97;73978;74970;+;369.5	108;80704;82077;+;381.7	102;78034;78777;+;234.4	94;70342;72969;+;300.9	109;82074;84893;+;384.7	88;66762;68189;+;93.9	94;70342;72969;+;100.7	86;65481;66047;+;183.8	99;75314;75952;+;70.7	100;75949;77757;+;267.1	112;86425;88623;+;380.8	92;69311;69826;+;76.0	112;86425;88623;+;66.5	A	9/9	contiguous	20944	1	1	84918..85409+;163;TraS;0
NZ_CP058840.1	MPF_F	IncFII	121	0	0	GA	0															not_admitted	not_admitted	not_admitted	not_admitted	not_admitted	not_admitted	not_admitted	not_admitted	not_admitted	not_admitted	1	97;73978;74970;+;369.5	108;80704;82077;+;381.7	102;78034;78777;+;234.4	94;70342;72969;+;300.9	109;82074;84893;+;384.7	88;66762;68189;+;93.9	94;70342;72969;+;100.7	86;65481;66047;+;183.8	99;75314;75952;+;70.7	100;75949;77757;+;267.1	112;86425;88623;+;380.8	92;69311;69826;+;76.0	112;86425;88623;+;66.5	A	9/9	contiguous	20944	1	1	84918..85409+;163;TraS;0
NZ_CP058842.1	MPF_T	IncX1	48	0	0	GA	1	25;15489;16136;+;45.2	26;16114;16410;+;77.5	27;16429;19182;+;46.6	27;16429;19182;+;148.0	27;16429;19182;+;75.3	28;19193;19942;+;67.5	30;20253;21314;+;135.0		31;21559;22272;+;120.0	32;22277;23206;+;133.8	33;23203;24408;+;132.5	34;24410;25441;+;79.0	35;25444;27279;+;486.8		pfam	pfam_only	A	7/7	canonical	1	1	unscoreable	1	0	0														not_admitted	not_admitted	not_admitted	not_admitted	not_admitted	not_admitted	not_admitted
NZ_CP058855.1	MPF_T	IncX1	52	0	0	GA	1	7;4103;4747;+;47.1	8;4731;5021;+;73.5	9;5045;7804;+;44.8	9;5045;7804;+;133.3	9;5045;7804;+;71.9	10;7806;8543;+;57.5	12;8825;9880;+;131.7		13;10070;10792;+;116.0	14;10798;11727;+;132.4	15;11724;12938;+;128.6	16;12956;13993;+;66.4	17;13998;15833;+;543.4		pfam	pfam_only	A	7/7	canonical	1	1	unscoreable	1	0	0														not_admitted	not_admitted	not_admitted	not_admitted	not_admitted	not_admitted	not_admitted
NZ_CP058862.1	MPF_T	IncN	65	0	0	GA	1	27;28484;29218;-;32.8		24;27524;27841;-;63.3	23;24924;27524;-;111.8	23;24924;27524;-;76.4	22;24193;24906;-;105.5	20;22902;23942;-;142.4		19;21985;22683;-;131.9	18;21090;21974;-;159.7	17;19930;21090;-;156.3	16;18893;19888;-;81.2	44;45258;46787;-;38.5		pfam	both	A	7/7	canonical	1	0	unscoreable	3	0	0														not_admitted	not_admitted	not_admitted	not_admitted	not_admitted	not_admitted	not_admitted
NZ_CP058863.1	-	-	56	0	0	GA	1	55;56991;57740;-;40.2		53;56254;56652;-;25.9	52;53874;56306;-;51.4	52;53874;56306;-;35.8	51;53245;53874;-;83.9	48;51708;52679;-;89.7		46;50790;51578;-;157.7	45;50000;50779;-;163.1	44;48787;50010;-;125.2	43;47703;48731;-;93.8	41;45735;47306;-;293.2		pfam	pfam_only	A	7/7	canonical	1	0	unscoreable	5	0	0														not_admitted	not_admitted	not_admitted	not_admitted	not_admitted	not_admitted	not_admitted
NZ_CP058867.1	MPF_F	IncFIB(pNDM-Mar);RepB	271	0	0	GA	0															not_admitted	not_admitted	not_admitted	not_admitted	not_admitted	not_admitted	not_admitted	not_admitted	not_admitted	not_admitted	1	201;180484;181521;-;282.3	82;59284;60693;+;190.4	81;58257;59294;+;176.7	214;193553;196270;-;148.6	83;60695;64609;+;121.7	218;198383;199753;-;64.1	214;193553;196270;-;83.2	221;201399;202259;-;79.0	202;181518;182879;-;69.9	200;177292;180474;-;60.1	73;48920;51046;-;57.8	215;196315;197052;-;57.0	73;48920;51046;-;41.0	A	9/9	split_2	152479	0	1	
NZ_CP058870.1	MPF_F	IncFIB(pNDM-Mar);IncHI1B(pNDM-MAR)	313	0	0	GA	0															not_admitted	not_admitted	not_admitted	not_admitted	not_admitted	not_admitted	not_admitted	not_admitted	not_admitted	not_admitted	1	241;214609;215646;-;282.3	96;79572;80981;+;190.4	95;78545;79582;+;177.5	253;226478;229195;-;149.6	97;80983;84897;+;120.2	257;231308;232678;-;65.6	253;226478;229195;-;85.2	260;234324;235184;-;79.0	242;215643;217004;-;69.9	240;211417;214599;-;60.1	88;69220;71346;-;57.7	254;229240;229977;-;56.9	88;69220;71346;-;41.0	A	9/9	split_2	165104	0	1	
NZ_CP058872.1	MPF_F	IncFII(K);IncFII(pAR0022);repB(R1701)	123	0	0	GA	0															not_admitted	not_admitted	not_admitted	not_admitted	not_admitted	not_admitted	not_admitted	not_admitted	not_admitted	not_admitted	1	69;64872;65861;-;366.6	59;57958;59325;-;381.2	63;60583;61335;-;233.7	73;67304;69943;-;258.5	58;55109;57958;-;345.6	81;73200;74624;-;89.2	73;67304;69943;-;88.7	83;75351;75917;-;169.3	68;64221;64859;-;67.0	67;62207;64162;-;259.7	54;51747;52625;-;114.0	80;72502;73086;-;55.4		A	9/9	contiguous	23604	1	1	54548..55096-;182;unnamed;0
NZ_CP058875.1	MPF_F	IncFIB(AP001918);IncFIC(FII)	156	0	0	GA	0															not_admitted	not_admitted	not_admitted	not_admitted	not_admitted	not_admitted	not_admitted	not_admitted	not_admitted	not_admitted	1	115;112443;113435;+;367.3	128;121751;123124;+;380.9	119;116164;116907;+;234.1	112;108807;111434;+;305.4	129;123121;125946;+;387.0	105;105325;106752;+;94.4	112;108807;111434;+;99.6	103;104044;104610;+;183.8	116;113444;114082;+;67.3	117;114079;115887;+;268.3	132;127450;129603;+;391.5	109;107776;108291;+;78.0	132;127450;129603;+;70.4	A	9/9	contiguous	23406	1	1	125943..126452+;169;unnamed;0
NZ_CP058877.1	MPF_F	IncFII(pHN7A8)	79	0	0	GA	0															not_admitted	not_admitted	not_admitted	not_admitted	not_admitted	not_admitted	not_admitted	not_admitted	not_admitted	not_admitted	1	52;41010;42002;+;369.5	65;48835;50208;+;376.8	60;46526;47269;+;234.4	49;37374;40001;+;301.8	66;50205;53021;+;376.7	44;33892;35319;+;94.1	49;37374;40001;+;101.8	42;32611;33177;+;183.8	55;42948;43586;+;70.4	58;44399;46249;+;265.0	70;55322;57565;+;391.7	48;36343;36858;+;78.0	70;55322;57565;+;70.3	A	9/9	contiguous	22711	1	1	53054..53575+;173;unnamed;0
NZ_CP058883.1	MPF_T	IncN	65	0	0	GA	1	27;28484;29218;-;32.8		24;27524;27841;-;63.3	23;24924;27524;-;111.8	23;24924;27524;-;76.4	22;24193;24906;-;105.5	20;22902;23942;-;142.4		19;21985;22683;-;131.9	18;21090;21974;-;159.7	17;19930;21090;-;156.3	16;18893;19888;-;81.2	44;45258;46787;-;38.5		pfam	both	A	7/7	canonical	1	0	unscoreable	3	0	0														not_admitted	not_admitted	not_admitted	not_admitted	not_admitted	not_admitted	not_admitted
NZ_CP058919.1	MPF_F	IncFII(SARC14);IncFII(Yp)	62	0	0	GA	0															not_admitted	not_admitted	not_admitted	not_admitted	not_admitted	not_admitted	not_admitted	not_admitted	not_admitted	not_admitted	1	50;36023;37018;+;357.2	56;41267;42628;+;335.3	54;39855;40634;+;196.8	47;32339;34930;+;219.6	57;42630;45521;+;293.2	44;29907;31268;+;81.6	47;32339;34930;+;87.7	42;28627;29190;+;145.5	52;37394;38008;+;79.9	53;38005;39858;+;259.9	60;47171;49381;+;359.3	46;31714;32328;+;48.4	60;47171;49381;+;65.3	A	9/9	contiguous	18544	1	1	45531..46106+;191;unnamed;0
NZ_CP058941.1	MPF_F	IncFIB(K);IncFII(K);IncFII(pAR0022)	212	0	0	GA	0															not_admitted	not_admitted	not_admitted	not_admitted	not_admitted	not_admitted	not_admitted	not_admitted	not_admitted	not_admitted	1	154;166012;167004;-;366.6	144;159109;160476;-;381.2	148;161734;162486;-;233.7	156;168019;170658;-;258.7	143;156260;159109;-;345.6	165;174473;175897;-;89.1	156;168019;170658;-;88.8	167;176624;177190;-;167.0	153;165361;165999;-;67.0	152;163358;165364;-;259.6	139;151462;153774;-;392.7	163;173292;173861;-;49.7	139;151462;153774;-;66.6	A	9/9	contiguous	25162	1	1	155699..156247-;182;unnamed;0
NZ_CP058942.1	MPF_F	IncFII	112	0	0	GA	0															not_admitted	not_admitted	not_admitted	not_admitted	not_admitted	not_admitted	not_admitted	not_admitted	not_admitted	not_admitted	1	85;71357;72349;+;369.5	98;80584;81957;+;381.7	90;75455;76198;+;234.4	82;67718;70348;+;304.1	99;81954;84776;+;374.0	75;63268;64719;+;93.0	82;67718;70348;+;97.1	73;61987;62553;+;174.3	87;72693;73331;+;68.6	88;73328;75178;+;266.1	103;87048;89318;+;391.1	78;65579;66094;+;78.4	103;87048;89318;+;70.3	A	9/9	contiguous	25061	1	1	84798..85277+;159;TraS;0
NZ_CP058945.1	MPF_T	ColKP3;IncX3	64	0	0	GA	1	18;10749;11393;+;46.4	19;11377;11667;+;73.1	20;11692;13197;+;48.0	20;11692;13197;+;143.9	20;11692;13197;+;74.5	22;14455;15225;+;60.1	24;15504;16559;+;132.8		25;16754;17482;+;119.4	26;17488;18417;+;138.8	27;18414;19628;+;128.3	29;19824;20858;+;65.7	30;20861;22696;+;495.9		pfam	pfam_only	A	7/7	canonical	1	1	unscoreable	3	0	0														not_admitted	not_admitted	not_admitted	not_admitted	not_admitted	not_admitted	not_admitted
NZ_CP058949.1	MPF_F	IncFIA(HI1);IncHI1A;IncHI1B(R27)	266	1	1	GA	1	115;99626;100366;+;34.8	117;100690;100980;+;46.6	118;101032;101346;+;65.3	119;101346;103976;+;123.6	119;101346;103976;+;86.6	120;103986;104693;+;116.1	122;104952;105995;+;126.7	123;106090;106260;+;41.4	124;106263;106979;+;145.6	125;106982;107869;+;146.9	126;107866;109020;+;174.0	127;109013;110044;+;78.1	85;80072;81649;-;54.8	16;15934;19110;+;58.9	pfam	both	A	7/7	canonical	1	0	ga	2	0	1	15;14859;15911;+;277.6	170;147450;148865;-;201.7	171;148855;149901;-;171.3	264;222225;224906;+;160.6	169;143452;147441;-;103.1	126;107866;109020;+;174.0	264;222225;224906;+;76.5	257;216067;216852;+;68.7	13;13206;14714;+;65.6	16;15934;19110;+;58.9	85;80072;81649;-;293.8	263;221266;222216;+;45.2	85;80072;81649;-;71.6	A	9/9	split_5	209019	0	1	
NZ_CP058950.1	MPF_F	IncFIB(AP001918);IncFIC(FII)	137	0	0	GA	0															not_admitted	not_admitted	not_admitted	not_admitted	not_admitted	not_admitted	not_admitted	not_admitted	not_admitted	not_admitted	1	62;58625;59617;-;369.3	54;52556;53929;-;380.9	58;55150;55893;-;232.7	65;60626;63253;-;303.5	53;49737;52559;-;380.3	69;65165;66592;-;94.3	65;60626;63253;-;100.3	71;67307;67873;-;183.8	61;57978;58616;-;68.3	60;56173;57981;-;268.3	50;46014;48203;-;391.8	66;63769;64284;-;78.0	50;46014;48203;-;70.4	A	9/9	contiguous	21293	1	1	49219..49716-;165;TraS;0
NZ_CP058962.1	MPF_F	IncFIA(HI1);IncFII(K)	101	0	0	GA	0															not_admitted	not_admitted	not_admitted	not_admitted	not_admitted	not_admitted	not_admitted	not_admitted	not_admitted	not_admitted	1	76;61369;62358;+;366.6	86;67905;69272;+;383.3	82;65895;66647;+;233.7	72;57287;59926;+;258.5	87;69272;72121;+;346.4	63;52603;54027;+;89.2	72;57287;59926;+;88.7	61;51310;51876;+;169.3	77;62371;63009;+;66.9	78;63068;65023;+;259.7	91;74584;76896;+;392.8	64;54141;54725;+;55.4	91;74584;76896;+;65.9	A	9/9	contiguous	23274	1	1	72124..72657+;177;unnamed;0
NZ_CP059006.1	MPF_T	IncX3	58	0	0	GA	1	53;42560;43204;-;46.4	52;42286;42576;-;73.1	51;39508;42261;-;47.0	51;39508;42261;-;142.4	51;39508;42261;-;73.3	50;38728;39498;-;60.1	48;37394;38449;-;133.2		47;36471;37199;-;119.4	46;35536;36465;-;138.8	45;34325;35539;-;128.3	43;33095;34129;-;65.7	42;31257;33092;-;495.9		pfam	pfam_only	A	7/7	canonical	1	1	unscoreable	2	0	0														not_admitted	not_admitted	not_admitted	not_admitted	not_admitted	not_admitted	not_admitted
NZ_CP059044.1	MPF_F	IncFIA(HI1);IncFIB(AP001918);IncFIC(FII);IncHI1A;IncHI1B(R27)	355	0	0	GA	0															not_admitted	not_admitted	not_admitted	not_admitted	not_admitted	not_admitted	not_admitted	not_admitted	not_admitted	not_admitted	1	198;181137;182129;-;369.3	190;175068;176444;-;380.9	194;177662;178405;-;232.7	201;183138;185765;-;303.5	189;172249;175071;-;380.3	207;187677;189104;-;94.3	201;183138;185765;-;100.3	209;189819;190385;-;183.8	197;180490;181128;-;68.3	196;178685;180493;-;268.3	186;168526;170715;-;391.8	204;186281;186796;-;78.0	186;168526;170715;-;70.4	A	9/9	contiguous	21293	1	1	171731..172228-;165;TraS;0
NZ_CP059053.1	MPF_T	-	134	0	0	GA	1	121;96756;97673;-;38.1	132;106584;107045;-;62.7	131;106279;106575;-;30.7	130;103608;106292;-;70.6	130;103608;106292;-;68.2	129;102919;103611;-;77.2	126;101442;102305;-;138.7		125;100777;101442;-;65.1	124;99966;100751;-;174.1	123;98698;99963;-;145.7	122;97657;98688;-;98.2			pfam	both	B	6/7	canonical	1	0	unscoreable	2	0	0														not_admitted	not_admitted	not_admitted	not_admitted	not_admitted	not_admitted	not_admitted
NZ_CP059057.1	-	IncFII	89	0	0	GA	1	64;50482;51096;+;45.0	65;51106;51393;+;55.4	66;51454;54225;+;45.0	66;51454;54225;+;164.3	66;51454;54225;+;64.1	67;54235;55002;+;65.2	69;55261;56295;+;119.4		72;56717;57436;+;150.6	73;57439;58356;+;144.1	74;58353;59537;+;136.1	75;59540;60571;+;84.9	76;60580;62412;+;474.7		pfam	pfam_only	A	7/7	canonical	1	1	unscoreable	3	0	0														not_admitted	not_admitted	not_admitted	not_admitted	not_admitted	not_admitted	not_admitted
NZ_CP059085.1	MPF_F	-	218	0	0	GA	0															not_admitted	not_admitted	not_admitted	not_admitted	not_admitted	not_admitted	not_admitted	not_admitted	not_admitted	not_admitted	1	43;53817;54809;-;356.2	35;47439;48851;-;348.7	40;50486;51280;-;210.9	50;57879;60560;-;248.6	34;44555;47446;-;303.8	61;65745;67133;-;90.2	50;57879;60560;-;103.6	63;67858;68517;-;85.7	42;53139;53759;-;64.8	41;51277;53142;-;215.9	30;39984;42452;-;344.4	52;60855;61394;-;34.8	30;39984;42452;-;67.0	A	9/9	contiguous	27874	1	1	43964..44542-;192;unnamed;0
NZ_CP059090.1	MPF_F	-	114	0	0	GA	0															not_admitted	not_admitted	not_admitted	not_admitted	not_admitted	not_admitted	not_admitted	not_admitted	not_admitted	not_admitted	1	47;33852;34844;+;357.8	55;39751;41118;+;354.3	50;37324;38121;+;218.8	39;27613;30258;+;254.5	56;41111;44137;+;291.3	31;23275;24663;+;99.3	39;27613;30258;+;94.9	29;21937;22536;+;94.3	48;34854;35483;+;61.8	49;35480;37327;+;207.3	61;46732;49353;+;365.6	37;26851;27393;+;39.0	61;46732;49353;+;69.9	A	9/9	contiguous	24795	1	1	44166..44735+;189;unnamed;0
NZ_CP059120.1	MPF_F	IncFIA;IncFIB(AP001918);IncFII	202	0	0	GA	0															not_admitted	not_admitted	not_admitted	not_admitted	not_admitted	not_admitted	not_admitted	not_admitted	not_admitted	not_admitted	1	131;111338;112330;-;367.4	120;104279;105652;-;380.9	127;107866;108609;-;235.0	134;113339;115966;-;305.4	119;101457;104282;-;385.9	142;120607;122034;-;94.3	134;113339;115966;-;98.5	144;122749;123315;-;182.1	130;110691;111329;-;68.6	129;108886;110694;-;268.3	116;97765;99954;-;391.3	136;116482;116997;-;78.4	116;97765;99954;-;70.4	A	9/9	contiguous	24984	1	1	100951..101460-;169;unnamed;0
NZ_CP059122.1	MPF_T	IncI2(Delta)	72	0	0	GA	1	37;30750;31232;-;81.1		52;46811;47095;-;36.6	51;44448;46805;-;58.5	51;44448;46805;-;44.9	61;51908;52552;-;41.0	62;52558;53553;-;123.7		49;43548;44282;-;144.3	48;42781;43551;-;170.4	47;41652;42791;-;154.7	40;33001;34539;-;207.1	45;38604;40562;-;287.0		pfam	pfam_only	A	7/7	rearranged	1	0	unscoreable	14	0	0														not_admitted	not_admitted	not_admitted	not_admitted	not_admitted	not_admitted	not_admitted
NZ_CP059126.1	MPF_F	IncFIA;IncFIB(AP001918);IncFII	167	0	0	GA	0															not_admitted	not_admitted	not_admitted	not_admitted	not_admitted	not_admitted	not_admitted	not_admitted	not_admitted	not_admitted	1	96;85982;86974;-;367.4	85;78923;80296;-;380.9	92;82510;83253;-;235.0	99;87983;90610;-;305.4	84;76101;78926;-;385.9	105;92665;94092;-;94.3	99;87983;90610;-;98.5	107;94807;95373;-;183.8	95;85335;85973;-;68.6	94;83530;85338;-;268.3	81;72409;74598;-;391.3	101;91126;91641;-;78.4	81;72409;74598;-;70.4	A	9/9	contiguous	22398	1	1	75595..76104-;169;unnamed;0
NZ_CP059127.1	MPF_T	IncX4	48	0	0	GA	1	26;13654;14274;+;41.6	27;14288;14614;+;64.4	28;14633;17380;+;63.8	28;14633;17380;+;151.8	28;14633;17380;+;46.1	29;17392;18108;+;94.2	30;18120;19214;+;150.1		32;19729;20415;+;169.0	33;20412;21320;+;142.4	34;21313;22431;+;163.9	35;22433;23461;+;85.0	36;23493;25310;+;316.5		pfam	pfam_only	A	7/7	canonical	1	1	unscoreable	1	0	0														not_admitted	not_admitted	not_admitted	not_admitted	not_admitted	not_admitted	not_admitted
NZ_CP059131.1	MPF_F	Col156;IncFIA;IncFIB(AP001918);IncFII(pRSB107)	181	0	0	GA	0															not_admitted	not_admitted	not_admitted	not_admitted	not_admitted	not_admitted	not_admitted	not_admitted	not_admitted	not_admitted	1	126;118604;119596;-;369.5	113;109472;110845;-;386.6	121;114755;115498;-;231.4	129;120605;123232;-;303.9	112;106656;109475;-;386.3	135;125117;126568;-;94.1	129;120605;123232;-;96.5	137;127283;127849;-;184.3	124;117622;118260;-;68.7	123;115775;117625;-;262.3	108;102209;104398;-;391.8	132;123748;124263;-;75.2	108;102209;104398;-;70.3	A	9/9	contiguous	25074	1	1	106140..106631-;163;TraS;0
NZ_CP059169.1	MPF_T	-	58	0	0	GA	1				38;35158;37176;-;25.4									33;29579;31129;-;462.3		none	none	D	2/7	uncallable	0	0	unscoreable	4	0	0														not_admitted	not_admitted	not_admitted	not_admitted	not_admitted	not_admitted	not_admitted
NZ_CP059280.1	MPF_F	Col156;IncFIA;IncFIB(AP001918);IncFII(pRSB107)	157	0	0	GA	0															not_admitted	not_admitted	not_admitted	not_admitted	not_admitted	not_admitted	not_admitted	not_admitted	not_admitted	not_admitted	1	44;36395;37387;+;369.5	55;43163;44536;+;386.6	52;41981;42526;+;44.4	41;32759;35386;+;303.9	56;44533;47352;+;386.3	35;29423;30874;+;94.1	41;32759;35386;+;96.5	33;28142;28708;+;184.3	46;37731;38369;+;68.7	47;38366;40216;+;266.7	61;50387;52585;+;391.8	38;31728;32243;+;75.2	61;50387;52585;+;70.3	A	9/9	contiguous	22245	0	1	
NZ_CP059282.1	MPF_F	Col156;IncFIA;IncFIB(AP001918);IncFII(pRSB107)	156	0	0	GA	0															not_admitted	not_admitted	not_admitted	not_admitted	not_admitted	not_admitted	not_admitted	not_admitted	not_admitted	not_admitted	1	82;74077;75069;+;369.5	93;80845;82218;+;386.6	90;79663;80208;+;44.4	79;70441;73068;+;303.9	94;82215;85034;+;386.3	73;67105;68556;+;94.1	79;70441;73068;+;96.5	71;65824;66390;+;184.3	84;75413;76051;+;68.7	85;76048;77898;+;266.7	99;88069;90276;+;391.8	76;69410;69925;+;75.2	99;88069;90276;+;70.3	A	9/9	contiguous	22245	0	1	
NZ_CP059284.1	MPF_F	IncFIA(HI1);IncHI1A;IncHI1B(R27)	215	0	0	GA	0															not_admitted	not_admitted	not_admitted	not_admitted	not_admitted	not_admitted	not_admitted	not_admitted	not_admitted	not_admitted	1	15;14859;15911;+;277.6	119;108658;110073;-;201.7	120;110063;111109;-;171.3	213;183433;186114;+;160.6	118;104660;108649;-;103.1	209;179727;181085;+;84.0	213;183433;186114;+;76.5	206;177275;178060;+;68.7	13;13206;14714;+;65.6	16;15934;19110;+;58.9	126;118044;120128;+;50.2	212;182474;183424;+;45.2	126;118044;120128;+;36.5	A	9/9	split_3	170227	0	1	
NZ_CP059285.1	MPF_F	IncFIB(AP001918);IncFIC(FII)	139	0	0	GA	0															not_admitted	not_admitted	not_admitted	not_admitted	not_admitted	not_admitted	not_admitted	not_admitted	not_admitted	not_admitted	1	63;58625;59617;-;369.3	55;52556;53932;-;380.9	59;55150;55893;-;232.7	66;60626;63253;-;303.5	54;49737;52559;-;380.3	72;65165;66592;-;94.3	66;60626;63253;-;100.3	74;67307;67873;-;183.8	62;57978;58616;-;68.3	61;56173;57981;-;268.3	51;46014;48203;-;391.8	69;63769;64284;-;78.0	51;46014;48203;-;70.4	A	9/9	contiguous	21293	1	1	49219..49716-;165;TraS;0
NZ_CP059286.1	MPF_T	IncX3	58	0	0	GA	1	4;4322;4966;-;46.4	3;4048;4338;-;73.1	2;1270;4023;-;47.0	2;1270;4023;-;142.4	2;1270;4023;-;73.3	1;490;1260;-;60.1	57;45317;46132;-;95.2		56;44394;45122;-;119.4	55;43459;44388;-;138.8	54;42248;43462;-;128.3	52;41018;42052;-;65.7	51;39180;41015;-;495.9		pfam	pfam_only	A	7/7	rearranged	1	1	unscoreable	1	0	0														not_admitted	not_admitted	not_admitted	not_admitted	not_admitted	not_admitted	not_admitted
NZ_CP059287.1	MPF_T	-	52	0	0	GA	1	14;6173;6913;+;34.8	16;7237;7527;+;46.6	17;7579;7893;+;65.3	18;7893;10523;+;123.6	18;7893;10523;+;86.6	19;10533;11240;+;116.1	21;11499;12542;+;126.7	22;12637;12807;+;41.4	23;12810;13526;+;145.6	24;13529;14416;+;146.9	25;14413;15567;+;174.0	26;15560;16591;+;78.1	36;25401;26978;-;54.8		pfam	both	A	7/7	canonical	1	0	ga	11	0	0														not_admitted	not_admitted	not_admitted	not_admitted	not_admitted	not_admitted	not_admitted
NZ_CP059291.1	MPF_T	IncX4	41	0	0	GA	1	7;7424;8044;-;41.6	6;7084;7410;-;64.4	5;4318;7065;-;63.8	5;4318;7065;-;151.8	5;4318;7065;-;46.1	4;3590;4306;-;94.2	3;2484;3578;-;150.1		1;1283;1969;-;169.0	0;378;1286;-;142.4	40;32576;33181;-;163.6	39;31546;32574;-;85.0	38;29697;31514;-;314.8		pfam	pfam_only	A	7/7	canonical	1	1	unscoreable	1	0	0														not_admitted	not_admitted	not_admitted	not_admitted	not_admitted	not_admitted	not_admitted
NZ_CP059310.1	MPF_F	IncFIB(K);IncFII(K)	166	0	0	GA	0															not_admitted	not_admitted	not_admitted	not_admitted	not_admitted	not_admitted	not_admitted	not_admitted	not_admitted	not_admitted	1	111;111329;112321;-;366.6	101;104445;105812;-;381.2	105;107069;107821;-;232.2	114;113347;115986;-;259.3	100;101596;104445;-;346.5	122;119572;120996;-;89.3	114;113347;115986;-;88.8	124;121723;122289;-;167.0	110;110678;111316;-;67.0	109;108664;110619;-;259.2	96;97471;99780;-;392.7	120;118385;118942;-;52.5	96;97471;99780;-;66.6	A	9/9	contiguous	24252	1	1	101063..101593-;176;unnamed;0
NZ_CP059311.1	MPF_F	IncFIB(pNDM-Mar);IncHI1B(pNDM-MAR)	313	0	0	GA	0															not_admitted	not_admitted	not_admitted	not_admitted	not_admitted	not_admitted	not_admitted	not_admitted	not_admitted	not_admitted	1	244;219401;220438;-;282.3	109;97254;98663;-;190.4	110;98653;99690;-;175.7	256;231270;233987;-;149.6	108;93284;97252;-;121.3	260;236100;237470;-;65.6	256;231270;233987;-;85.2	263;239116;239976;-;79.0	245;220435;221796;-;69.9	243;216206;219391;-;59.9	117;106889;109015;+;57.7	257;234032;234769;-;56.9	117;106889;109015;+;41.0	A	9/9	split_2	145832	0	1	
NZ_CP059315.1	MPF_F	IncFIB(pQil);IncFII(K)	118	0	0	GA	0															not_admitted	not_admitted	not_admitted	not_admitted	not_admitted	not_admitted	not_admitted	not_admitted	not_admitted	not_admitted	1	64;62789;63778;-;366.0	54;55875;57242;-;380.7	58;58500;59252;-;233.7	68;65221;67860;-;258.5	53;53026;55875;-;345.6	76;71117;72541;-;88.8	68;65221;67860;-;88.7	78;73268;73834;-;169.3	63;62138;62776;-;67.0	62;60124;62079;-;259.7	49;48228;50540;-;392.7	75;70419;71003;-;55.4	49;48228;50540;-;66.5	A	9/9	contiguous	25040	1	1	52465..53013-;182;unnamed;0
NZ_CP059320.1	MPF_F	-	218	0	0	GA	0															not_admitted	not_admitted	not_admitted	not_admitted	not_admitted	not_admitted	not_admitted	not_admitted	not_admitted	not_admitted	1	179;162226;163239;-;393.3	175;157252;158706;-;371.4	176;158706;159623;-;235.6	185;165588;168173;-;491.8	174;154431;157232;-;368.2	188;169793;171091;-;105.2	185;165588;168173;-;99.2	190;171891;172457;-;182.1	178;161466;162215;-;112.7	177;159595;161469;-;276.7	145;126653;128560;+;542.7	186;168173;168934;-;24.3	145;126653;128560;+;60.5	A	9/9	split_2	45238	0	1	
NZ_CP059321.1	MPF_T	-	137	0	0	GA	1	78;88906;89580;+;47.3	79;89577;89918;+;81.6	80;89929;90264;+;80.5	81;90257;92674;+;166.7	81;90257;92674;+;117.8	82;92679;93395;+;184.2	84;93625;94569;+;126.3		85;94902;95591;+;167.1	86;95588;96445;+;187.2	87;96451;97668;+;178.9	88;97672;98676;+;101.4	89;98642;100654;+;346.1		pfam	both	A	7/7	canonical	1	0	unscoreable	1	0	0														not_admitted	not_admitted	not_admitted	not_admitted	not_admitted	not_admitted	not_admitted
NZ_CP059392.1	MPF_F	IncFIA(HI1);IncFII(pKP91)	112	0	0	GA	0															not_admitted	not_admitted	not_admitted	not_admitted	not_admitted	not_admitted	not_admitted	not_admitted	not_admitted	not_admitted	1	91;73562;74551;+;366.6	101;80068;81435;+;381.2	97;78059;78811;+;230.0	87;69480;72119;+;259.1	102;81435;84257;+;346.6	79;64470;65894;+;89.3	87;69480;72119;+;88.8	77;63177;63743;+;167.0	92;74564;75202;+;67.0	93;75261;77216;+;259.2	105;86225;88507;+;392.6	81;66524;67081;+;52.5	105;86225;88507;+;65.9	A	9/9	contiguous	23048	1	1	84281..84883+;200;TraS;0
NZ_CP059393.1	MPF_T	IncN4	46	0	0	GA	1	5;2349;3089;+;31.1	7;3413;3703;+;45.5	8;3753;4067;+;65.3	9;4067;6697;+;123.5	9;4067;6697;+;87.0	10;6707;7414;+;113.6	12;7673;8719;+;122.8	13;8813;8983;+;40.1	14;8986;9702;+;138.5	15;9707;10594;+;138.8	16;10591;11745;+;170.8	17;11738;12769;+;78.0	20;16461;18038;-;54.7		pfam	both	A	7/7	canonical	1	0	ga	4	0	0														not_admitted	not_admitted	not_admitted	not_admitted	not_admitted	not_admitted	not_admitted
NZ_CP059401.1	MPF_T	-	90	0	0	GA	1	39;33911;34171;-;22.6		56;42523;42837;-;50.1	54;41320;42018;-;55.4	55;42177;42530;-;57.4		41;34731;35240;-;81.6				47;36584;37510;-;192.3	59;43400;43558;-;43.5	38;31637;33478;-;434.3		none	none	C	5/7	canonical	0	0	unscoreable	14	0	0														not_admitted	not_admitted	not_admitted	not_admitted	not_admitted	not_admitted	not_admitted
NZ_CP059403.1	-	-	76	0	0	GA	0															not_admitted	not_admitted	not_admitted	not_admitted	not_admitted	not_admitted	not_admitted	not_admitted	not_admitted	not_admitted	1	11;11945;12949;-;78.4			13;13291;16086;-;216.1	9;8958;10535;-;167.8		13;13291;16086;-;29.4				6;5935;8400;-;43.5		6;5935;8400;-;39.7	D	3/9	contiguous	7356	0	0	
NZ_CP059413.1	MPF_F	IncHI2;IncHI2A	332	0	0	GA	0															not_admitted	not_admitted	not_admitted	not_admitted	not_admitted	not_admitted	not_admitted	not_admitted	not_admitted	not_admitted	1	312;277141;278199;-;276.4	139;119382;120797;+;194.1	138;118346;119392;+;173.7	330;298838;301519;-;168.0	140;120806;124756;+;102.2	1;1013;2368;-;80.7	330;298838;301519;-;72.2	4;4092;4880;-;74.8	314;278341;279852;-;62.6	311;273934;277122;-;58.3	132;109221;111305;-;56.7	331;301528;302478;-;46.4	132;109221;111305;-;38.8	A	9/9	split_4	300515	0	1	
NZ_CP059418.1	MPF_F	IncFIB(pECLA);IncFIB(pENTE01);IncFII(pECLA);IncR	288	1	1	GA	1	79;77205;77744;+;64.6	186;177463;177687;+;28.8	187;177697;180447;+;61.8	187;177697;180447;+;134.0	187;177697;180447;+;47.3	188;180466;181182;+;136.0	190;181496;182503;+;138.0		192;182713;183399;+;158.3	193;183392;184285;+;147.4	194;184282;185478;+;135.3	195;185482;186531;+;71.5	42;48002;50593;-;49.1	55;60641;62476;-;219.2	pfam	pfam_only	A	7/7	canonical	1	1	unscoreable	30	0	1	57;63107;64105;-;358.7	48;56533;57897;-;367.1	54;59862;60644;-;214.0	65;67042;69651;-;212.8	47;53252;56533;-;311.6	194;184282;185478;+;135.3	65;67042;69651;-;100.0	74;74097;74678;-;102.3	56;62473;63096;-;63.4	55;60641;62476;-;219.2	42;48002;50593;-;366.9	67;69899;70438;-;42.9	42;48002;50593;-;71.1	A	9/9	split_2	136280	1	1	52530..53243-;237;unnamed;0
NZ_CP059421.1	MPF_F	IncHI2;IncHI2A	293	0	0	GA	0															not_admitted	not_admitted	not_admitted	not_admitted	not_admitted	not_admitted	not_admitted	not_admitted	not_admitted	not_admitted	1	29;32888;33946;+;276.9	198;179633;181048;-;194.1	199;181038;182084;-;173.7	11;9568;12249;+;168.0	197;175674;179624;-;101.6	7;5883;7238;+;80.7	11;9568;12249;+;72.2	4;3371;4159;+;74.8	27;31235;32746;+;62.7	30;33965;37153;+;58.3	205;189125;191209;+;56.7	10;8609;9559;+;46.4	205;189125;191209;+;38.8	A	9/9	split_3	185754	0	1	
NZ_CP059425.1	MPF_F	IncHI2;IncHI2A	333	0	0	GA	0															not_admitted	not_admitted	not_admitted	not_admitted	not_admitted	not_admitted	not_admitted	not_admitted	not_admitted	not_admitted	1	29;32967;34025;+;276.4	202;190369;191784;-;194.1	203;191774;192820;-;173.7	11;9647;12328;+;168.0	201;186410;190360;-;102.2	7;5962;7317;+;80.7	11;9647;12328;+;72.2	4;3450;4238;+;74.8	27;31314;32825;+;62.6	30;34044;37232;+;58.3	209;199861;201945;+;56.7	10;8688;9638;+;46.4	209;199861;201945;+;38.8	A	9/9	split_3	196411	0	1	
NZ_CP059428.1	MPF_F	-	120	0	0	GA	0															not_admitted	not_admitted	not_admitted	not_admitted	not_admitted	not_admitted	not_admitted	not_admitted	not_admitted	not_admitted	1	20;19233;20831;+;329.9	27;24207;25598;+;240.8	25;22906;23733;+;173.3	17;12907;15441;+;152.3	28;25598;29251;+;106.9	15;11148;12389;+;59.9	17;12907;15441;+;77.1	13;9691;10320;+;48.1	23;21631;22371;+;96.7	19;17476;19074;+;77.4	71;55391;57736;-;355.3	16;12389;12907;+;75.7	71;55391;57736;-;64.0	A	9/9	split_2	45700	1	1	29353..29541+;62;unnamed;0
NZ_CP059429.1	MPF_I	IncHI2;IncHI2A;IncM1	420	0	0	GA	0															not_admitted	not_admitted	not_admitted	not_admitted	not_admitted	not_admitted	not_admitted	not_admitted	not_admitted	not_admitted	1	28;32999;34057;+;276.9	320;283152;284567;-;194.1	321;284557;285603;-;173.7	10;9679;12360;+;168.0	319;279193;283143;-;101.6	6;5994;7349;+;80.7	10;9679;12360;+;72.2	3;3482;4270;+;74.8	26;31346;32857;+;62.7	29;34076;37264;+;58.3	327;292643;294727;+;56.7	9;8720;9670;+;46.4	327;292643;294727;+;38.8	A	9/9	split_3	289161	0	1	
NZ_CP059433.1	MPF_T	-	57	0	0	GA	1	4;3446;4237;+;58.0	47;33146;33439;+;65.2	48;33436;33726;+;41.5	49;33730;36174;+;108.2	49;33730;36174;+;92.0	53;37672;38613;+;61.6	55;38850;40067;+;39.1		0;169;852;+;119.1	1;871;1791;+;168.7	3;2232;3449;+;205.5	46;32181;33125;+;135.9	8;6927;8753;+;313.7		conjscan	conjscan_only	A	7/7	canonical	1	0	unscoreable	9	0	0														not_admitted	not_admitted	not_admitted	not_admitted	not_admitted	not_admitted	not_admitted
NZ_CP059434.1	-	-	36	0	0	GA	1	1;1269;1751;-;84.4		21;17943;20720;-;56.3	21;17943;20720;-;163.4	21;17943;20720;-;60.3	19;16504;17274;-;102.9	18;15486;16490;-;55.1		15;14391;15074;-;179.8	13;12884;13825;-;158.1	12;11644;12894;-;172.0	11;10650;11642;-;106.0	10;8620;10638;-;330.7		pfam	pfam_only	A	7/7	canonical	1	1	unscoreable	12	0	0														not_admitted	not_admitted	not_admitted	not_admitted	not_admitted	not_admitted	not_admitted
NZ_CP059435.1	-	-	39	0	0	GA	1	18;17113;17610;-;61.5	36;33992;34309;-;66.1	35;31232;33985;-;61.6	35;31232;33985;-;164.9	35;31232;33985;-;79.6	34;30475;31221;-;111.5	33;29365;30471;-;68.0		31;28524;29195;-;174.0	29;27436;28374;-;159.2	28;26238;27443;-;163.1	27;25304;26248;-;118.4	26;23403;25307;-;345.0		pfam	pfam_only	A	7/7	canonical	1	1	unscoreable	9	0	0														not_admitted	not_admitted	not_admitted	not_admitted	not_admitted	not_admitted	not_admitted
NZ_CP059438.1	-	-	68	0	0	GA	1	7;5777;6568;+;58.3	63;43687;43980;+;65.2	41;29311;29601;+;43.1	65;44271;46730;+;109.9	65;44271;46730;+;91.9	0;80;907;+;64.4	2;1144;2361;+;39.1		3;2499;3182;+;117.5	4;3201;4115;+;169.1	6;4563;5780;+;205.6	62;42722;43666;+;136.7	11;9243;11078;+;328.6		conjscan	conjscan_only	A	7/7	rearranged	1	0	unscoreable	4	0	0														not_admitted	not_admitted	not_admitted	not_admitted	not_admitted	not_admitted	not_admitted
NZ_CP059440.1	MPF_T	-	49	0	0	GA	1	30;21280;21933;-;59.9	42;31857;32150;-;67.1	41;31570;31860;-;43.8	40;29108;31567;-;101.7	40;29108;31567;-;91.9	37;26883;27872;-;47.8	35;25390;26610;-;39.4		34;24543;25226;-;118.0	33;23610;24524;-;168.8	31;21930;23162;-;202.6	43;32164;33105;-;130.6	24;15082;16908;-;315.2		conjscan	both	A	7/7	canonical	1	0	unscoreable	10	0	0														not_admitted	not_admitted	not_admitted	not_admitted	not_admitted	not_admitted	not_admitted
NZ_CP059442.1	MPF_T	-	50	0	0	GA	1	18;14914;15459;-;64.3	33;27036;27329;-;65.0	32;26749;27039;-;43.1	28;22598;24727;-;105.4	31;26309;26746;-;86.4	26;20954;21913;-;49.5	24;19515;20726;-;48.8		23;18813;19499;-;115.7	22;17880;18794;-;168.9	20;16197;17432;-;204.3	34;27343;28284;-;130.5	13;8710;10536;-;315.2		conjscan	conjscan_only	A	7/7	canonical	1	0	unscoreable	11	0	0														not_admitted	not_admitted	not_admitted	not_admitted	not_admitted	not_admitted	not_admitted
NZ_CP059444.1	MPF_T	-	36	0	0	GA	1	15;12576;13235;+;63.6	2;1615;1908;+;67.1	3;1905;2195;+;43.8	4;2198;4657;+;101.7	4;2198;4657;+;91.9	7;5893;6882;+;49.5	9;7155;8375;+;39.4		10;8539;9222;+;118.0	11;9241;10155;+;168.8	13;10603;11838;+;204.3	1;660;1601;+;130.5	18;15574;17400;+;315.2		conjscan	conjscan_only	A	7/7	canonical	1	0	unscoreable	8	0	0														not_admitted	not_admitted	not_admitted	not_admitted	not_admitted	not_admitted	not_admitted
NZ_CP059446.1	MPF_T	-	66	0	0	GA	1	20;17168;17821;+;60.5	9;7651;7944;+;67.1	10;7941;8231;+;44.2	11;8234;10693;+;103.5	11;8234;10693;+;92.2	13;11378;12373;+;49.3	15;12639;13856;+;48.0		53;41509;42192;+;118.0	17;14577;15491;+;168.8	19;15939;17171;+;202.6	43;33413;34354;+;130.5	24;20504;22330;+;315.2		conjscan	both	A	7/7	canonical	1	0	unscoreable	16	0	0														not_admitted	not_admitted	not_admitted	not_admitted	not_admitted	not_admitted	not_admitted
NZ_CP059469.1	MPF_F	IncFIB(pNDM-Mar);IncHI1B(pNDM-MAR)	323	0	0	GA	0															not_admitted	not_admitted	not_admitted	not_admitted	not_admitted	not_admitted	not_admitted	not_admitted	not_admitted	not_admitted	1	35;32975;34012;-;282.3	220;190687;192096;+;190.4	219;189660;190697;+;175.7	49;46069;48786;-;149.6	221;192098;196066;+;121.3	53;50899;52269;-;65.6	49;46069;48786;-;85.2	56;53915;54775;-;79.0	36;34009;35370;-;69.9	34;29780;32965;-;59.9	212;180335;182461;-;57.7	50;48831;49568;-;56.9	212;180335;182461;-;41.0	A	9/9	split_2	162318	0	1	
NZ_CP059470.1	MPF_F	IncFIB(K);IncFII(K);IncFII(pAR0022)	212	0	0	GA	0															not_admitted	not_admitted	not_admitted	not_admitted	not_admitted	not_admitted	not_admitted	not_admitted	not_admitted	not_admitted	1	156;169033;170025;-;366.6	146;162130;163497;-;381.2	150;164755;165507;-;233.7	158;171040;173679;-;258.7	145;159281;162130;-;345.6	167;177494;178918;-;89.2	158;171040;173679;-;88.8	169;179645;180211;-;167.0	155;168382;169020;-;67.0	154;166379;168385;-;259.6	141;154483;156795;-;392.7	165;176313;176882;-;49.7	141;154483;156795;-;66.6	A	9/9	contiguous	25162	1	1	158720..159268-;182;unnamed;0
NZ_CP059476.1	MPF_T	-	58	0	0	GA	1	47;47213;47890;+;53.0	48;48004;48330;+;62.9	49;48330;48656;+;70.5	50;48664;51126;+;127.3	50;48664;51126;+;81.0	53;52489;53190;+;173.8	52;51452;52477;+;140.7		54;53353;54201;+;144.5	55;54213;55106;+;160.3	56;55106;56530;+;168.2	57;56550;57623;+;100.2	0;1;2298;+;334.1		pfam	both	A	7/7	canonical	1	0	unscoreable	1	0	0														not_admitted	not_admitted	not_admitted	not_admitted	not_admitted	not_admitted	not_admitted
NZ_CP059480.1	MPF_F	IncA	208	0	0	GA	0															not_admitted	not_admitted	not_admitted	not_admitted	not_admitted	not_admitted	not_admitted	not_admitted	not_admitted	not_admitted	1	197;155913;156917;-;330.1	94;72062;73495;-;336.4	95;73497;74537;-;223.9	11;7676;10123;-;352.8	93;68444;72049;-;377.7	20;20136;21452;-;136.3	11;7676;10123;-;130.4	22;22350;22976;-;93.9	8;5586;6854;-;69.6	193;151792;153024;-;122.4	31;26766;28631;-;46.9	19;19561;20139;-;98.1	31;26766;28631;-;51.6	A	9/9	split_3	150327	0	1	
NZ_CP059559.1	MPF_T	-	52	0	0	GA	1	32;25007;25717;+;101.0	33;25728;26021;+;41.2		34;26033;28744;+;78.0	34;26033;28744;+;57.1	35;28741;29382;+;71.2	22;16072;17172;+;71.0		23;17172;17960;+;74.6	24;17975;18712;+;149.0	25;18714;20093;+;180.8	26;20109;21146;+;92.0	30;23226;24743;+;35.6		pfam	both	A	7/7	rearranged	1	0	unscoreable	3	0	0														not_admitted	not_admitted	not_admitted	not_admitted	not_admitted	not_admitted	not_admitted
NZ_CP059577.1	MPF_F	-	159	0	0	GA	0															not_admitted	not_admitted	not_admitted	not_admitted	not_admitted	not_admitted	not_admitted	not_admitted	not_admitted	not_admitted	1	150;138863;139843;+;353.5	155;143587;144969;+;322.3	153;142357;143103;+;149.9	147;135347;137896;+;186.8	156;144966;147803;+;241.5	146;133632;135098;+;46.9	147;135347;137896;+;88.0	144;132304;132864;+;99.3	151;139855;140520;+;81.7	152;140513;142324;+;209.8	158;148564;150417;+;397.9		158;148564;150417;+;81.9	B	8/9	contiguous	16260	1	1	147818..148474+;218;unnamed;0
NZ_CP059578.1	MPF_F	-	84	0	0	GA	0															not_admitted	not_admitted	not_admitted	not_admitted	not_admitted	not_admitted	not_admitted	not_admitted	not_admitted	not_admitted	1	58;56790;57773;-;356.6	53;52065;53429;-;376.5	55;53935;54687;-;210.7	61;58721;61351;-;268.8	52;49221;52052;-;390.9	63;61590;62960;-;75.2	61;58721;61351;-;115.1	65;63662;64231;-;190.6	57;56355;56777;-;65.6	56;54674;56311;-;200.4	50;46575;48428;-;407.6		50;46575;48428;-;72.8	B	8/9	contiguous	17087	1	1	48428..49219-;263;unnamed;0
NZ_CP059604.1	MPF_T	rep38	51	0	0	GA	1				33;28236;30254;-;24.5									27;22677;24206;-;464.9		none	none	D	2/7	uncallable	0	0	unscoreable	5	0	0														not_admitted	not_admitted	not_admitted	not_admitted	not_admitted	not_admitted	not_admitted
NZ_CP059691.1	MPF_T	IncN	51	0	0	GA	1	10;7613;8347;+;32.5	12;8647;8940;+;28.7	13;8990;9307;+;63.3	14;9307;11907;+;111.8	14;9307;11907;+;76.8	15;11925;12638;+;97.1	17;12889;13929;+;153.6		18;14148;14846;+;131.9	19;14857;15741;+;159.0	20;15741;16901;+;154.9	21;16943;17938;+;81.2	25;22507;24036;-;38.5		pfam	both	A	7/7	canonical	1	0	unscoreable	5	0	0														not_admitted	not_admitted	not_admitted	not_admitted	not_admitted	not_admitted	not_admitted
NZ_CP059698.1	MPF_T	rep38	55	0	0	GA	1				36;37773;39788;-;23.5									30;32197;33747;-;462.8		none	none	D	2/7	uncallable	0	0	unscoreable	5	0	0														not_admitted	not_admitted	not_admitted	not_admitted	not_admitted	not_admitted	not_admitted
NZ_CP059712.1	MPF_F	IncHI2;IncHI2A	312	0	0	GA	0															not_admitted	not_admitted	not_admitted	not_admitted	not_admitted	not_admitted	not_admitted	not_admitted	not_admitted	not_admitted	1	29;32275;33333;+;276.9	215;202399;203814;-;194.1	216;203804;204850;-;173.7	11;8955;11636;+;168.0	214;198440;202390;-;101.6	7;5270;6625;+;80.7	11;8955;11636;+;72.2	4;2758;3546;+;74.8	27;30622;32133;+;62.7	30;33352;36540;+;58.3	222;211891;213975;+;56.7	10;7996;8946;+;46.4	222;211891;213975;+;38.8	A	9/9	split_3	209133	0	1	
NZ_CP059714.1	MPF_T	IncN	66	0	0	GA	1	26;23204;23938;-;32.5		23;22244;22561;-;63.3	22;19644;22244;-;113.8	22;19644;22244;-;76.4	21;18913;19626;-;105.5	19;17622;18662;-;142.4		18;16705;17403;-;131.9	17;15810;16694;-;159.7	16;14650;15810;-;156.3	15;13613;14608;-;81.2	43;37522;39051;-;38.5		pfam	both	A	7/7	canonical	1	0	unscoreable	3	0	0														not_admitted	not_admitted	not_admitted	not_admitted	not_admitted	not_admitted	not_admitted
NZ_CP059715.1	MPF_T	IncX3	59	0	0	GA	1	39;33834;34478;-;46.4	38;33560;33850;-;73.1	37;30782;33535;-;47.0	37;30782;33535;-;142.4	37;30782;33535;-;73.3	36;30002;30772;-;60.1	34;28668;29723;-;133.2		33;27745;28473;-;119.4	32;26810;27739;-;138.8	31;25599;26813;-;128.3	29;24369;25403;-;65.7	28;22531;24366;-;495.9		pfam	pfam_only	A	7/7	canonical	1	1	unscoreable	2	0	0														not_admitted	not_admitted	not_admitted	not_admitted	not_admitted	not_admitted	not_admitted
NZ_CP059718.1	MPF_F	IncFII(pHN7A8)	82	0	0	GA	0															not_admitted	not_admitted	not_admitted	not_admitted	not_admitted	not_admitted	not_admitted	not_admitted	not_admitted	not_admitted	1	45;34357;35349;+;369.5	55;41128;42501;+;381.7	50;38455;39198;+;234.4	42;30718;33348;+;304.1	56;42498;45320;+;374.0	35;26268;27719;+;94.2	42;30718;33348;+;97.1	33;24987;25553;+;174.3	47;35693;36331;+;68.6	48;36328;38178;+;266.1	60;47592;49817;+;391.1	38;28579;29094;+;78.4	60;47592;49817;+;70.3	A	9/9	contiguous	22605	1	1	45342..45821+;159;TraS;0
NZ_CP059722.1	MPF_F	IncHI2;IncHI2A	243	0	0	GA	0															not_admitted	not_admitted	not_admitted	not_admitted	not_admitted	not_admitted	not_admitted	not_admitted	not_admitted	not_admitted	1	87;75930;76988;-;276.9	202;183434;184849;+;194.1	201;182398;183444;+;174.3	103;96560;99241;-;168.0	203;184858;188811;+;101.7	107;101571;102926;-;80.7	103;96560;99241;-;72.2	110;104650;105438;-;74.8	89;77130;78641;-;62.0	86;72723;75911;-;57.3	194;173272;175356;-;56.8	104;99250;100200;-;46.1	194;173272;175356;-;38.8	A	9/9	split_2	112135	1	1	188992..190281+;429;unnamed;0
NZ_CP059836.1	MPF_F	IncHI2;IncHI2A;IncN	294	0	0	GA	0															not_admitted	not_admitted	not_admitted	not_admitted	not_admitted	not_admitted	not_admitted	not_admitted	not_admitted	not_admitted	1	249;220424;221482;+;276.9	135;114090;115505;-;194.1	136;115495;116541;-;174.3	233;198171;200852;+;168.0	134;110128;114081;-;101.7	229;194486;195841;+;80.7	233;198171;200852;+;72.2	226;191974;192762;+;74.8	247;218771;220282;+;62.0	250;221501;224689;+;57.3	146;125542;127626;+;56.8	232;197212;198162;+;46.1	146;125542;127626;+;38.8	A	9/9	split_3	111373	1	1	108658..109947-;429;unnamed;0
NZ_CP059838.1	MPF_T	IncX1	63	0	0	GA	1	56;43349;43996;+;45.6	57;43974;44270;+;78.4	58;44289;47042;+;47.9	58;44289;47042;+;147.9	58;44289;47042;+;75.3						8;6561;7544;+;134.2	9;7546;8577;+;76.2	10;8580;10415;+;485.9		none	none	D	4/7	uncallable	0	1	unscoreable	0	0	0														not_admitted	not_admitted	not_admitted	not_admitted	not_admitted	not_admitted	not_admitted
NZ_CP059841.1	MPF_F	IncFIB(pB171);IncFII(pCoo)	114	0	0	GA	0															not_admitted	not_admitted	not_admitted	not_admitted	not_admitted	not_admitted	not_admitted	not_admitted	not_admitted	not_admitted	1	43;38468;39460;-;372.6	32;31408;32781;-;378.7	39;34995;35738;-;233.9	46;40469;43096;-;304.4	31;28586;31411;-;389.1	53;45255;46682;-;94.3	46;40469;43096;-;98.3	55;47397;47963;-;183.8	42;37821;38459;-;62.2	41;36016;37824;-;268.3	28;24929;27082;-;391.9	49;43612;44127;-;78.4	28;24929;27082;-;70.4	A	9/9	contiguous	22468	1	1	28080..28589-;169;unnamed;0
NZ_CP059850.1	MPF_T	IncN;IncX1	63	0	0	GA	1	29;22938;23672;+;32.5	31;23972;24265;+;28.7	32;24315;24632;+;63.3	33;24632;27232;+;111.8	33;24632;27232;+;76.8	34;27250;27963;+;97.1	36;28214;29254;+;153.6		37;29473;30171;+;131.9	38;30182;31066;+;158.7	39;31066;32226;+;154.9	40;32268;33263;+;81.2	44;37832;39361;-;38.5		pfam	both	A	7/7	canonical	1	0	unscoreable	5	0	0														not_admitted	not_admitted	not_admitted	not_admitted	not_admitted	not_admitted	not_admitted
NZ_CP059887.1	MPF_F	IncHI2;IncHI2A	310	0	0	GA	0															not_admitted	not_admitted	not_admitted	not_admitted	not_admitted	not_admitted	not_admitted	not_admitted	not_admitted	not_admitted	1	29;32275;33333;+;276.9			11;8955;11636;+;168.0		7;5270;6625;+;80.7	11;8955;11636;+;72.2	4;2758;3546;+;74.8	27;30622;32133;+;62.7	30;33352;36540;+;58.3		10;7996;8946;+;46.4		C	6/9	split_2	30594	0	1	
NZ_CP059890.1	MPF_F	IncFII(pBK30683);repB(R1701)	112	0	0	GA	0															not_admitted	not_admitted	not_admitted	not_admitted	not_admitted	not_admitted	not_admitted	not_admitted	not_admitted	not_admitted	1	33;37913;38902;-;366.6	23;30999;32366;-;384.1	27;33624;34376;-;233.7	37;40359;42998;-;258.5	22;28150;30999;-;346.4	47;46902;48326;-;89.5	37;40359;42998;-;88.7	49;49053;49619;-;167.0	32;37262;37900;-;66.9	31;35248;37203;-;259.4	18;23379;25688;-;393.1	45;45706;46290;-;53.8	18;23379;25688;-;66.6	A	9/9	contiguous	25674	1	1	27614..28147-;177;unnamed;0
NZ_CP059891.1	MPF_F	IncFIB(K);IncFII(pBK30683)	215	0	0	GA	0															not_admitted	not_admitted	not_admitted	not_admitted	not_admitted	not_admitted	not_admitted	not_admitted	not_admitted	not_admitted	1	187;160285;161274;+;366.6	197;166821;168188;+;384.1	193;164811;165563;+;233.7	183;156189;158828;+;258.5	198;168188;171010;+;346.4	173;150861;152285;+;89.2	183;156189;158828;+;88.7	171;149568;150134;+;167.0	188;161287;161925;+;66.9	189;161984;163939;+;259.4	202;173626;175935;+;393.1	175;152897;153481;+;54.0	202;173626;175935;+;66.6	A	9/9	contiguous	24058	1	1	171033..171635+;200;TraS;0
NZ_CP059897.1	MPF_T	-	1297	0	0	GA	1		807;868732;869031;+;88.4	808;869036;869377;+;100.7	809;869370;871751;+;169.4	809;869370;871751;+;104.3	810;871751;872449;+;203.3	811;872682;873617;+;162.7		813;873933;874604;+;218.1	814;874604;875470;+;182.0	815;875467;876636;+;181.7	826;890344;891774;-;218.4	760;824924;826831;-;331.0		pfam	both	A	7/7	canonical	1	0	unscoreable	1	0	0														not_admitted	not_admitted	not_admitted	not_admitted	not_admitted	not_admitted	not_admitted
NZ_CP059908.1	MPF_F	IncFIB(AP001918);IncFIC(FII)	210	0	0	GA	0															not_admitted	not_admitted	not_admitted	not_admitted	not_admitted	not_admitted	not_admitted	not_admitted	not_admitted	not_admitted	1	123;125160;126152;-;367.4	112;118101;119474;-;378.0	119;121688;122431;-;234.5	126;127158;129785;-;305.4	111;115282;118104;-;389.5	132;131840;133267;-;94.3	126;127158;129785;-;98.5	134;133982;134548;-;183.8	122;124513;125151;-;68.4	121;122708;124516;-;268.4	108;111546;113753;-;391.8	128;130301;130816;-;78.4	108;111546;113753;-;70.3	A	9/9	contiguous	22436	1	1	114769..115260-;163;TraS;0
NZ_CP059918.1	MPF_F	IncFIA;IncFIB(AP001918);IncFIC(FII)	224	0	0	GA	0															not_admitted	not_admitted	not_admitted	not_admitted	not_admitted	not_admitted	not_admitted	not_admitted	not_admitted	not_admitted	1	137;140232;141224;-;367.4	126;133173;134546;-;378.0	133;136760;137503;-;234.5	140;142233;144860;-;305.4	125;130354;133176;-;389.5	146;146915;148342;-;94.3	140;142233;144860;-;98.8	148;149057;149623;-;183.8	136;139585;140223;-;68.4	135;137780;139588;-;268.4	118;122773;125028;-;391.7	142;145376;145891;-;78.4	118;122773;125028;-;70.3	A	9/9	contiguous	26284	1	1	129841..130332-;163;TraS;0
NZ_CP059930.1	MPF_T	IncFIB(K)	107	0	0	GA	1	80;72820;73482;-;48.3	79;72510;72809;-;36.6	78;70917;72500;-;62.5	78;70917;72500;-;135.8	78;70917;72500;-;50.1	76;69014;69730;-;137.0	74;67693;68700;-;137.8		72;66797;67483;-;158.3	71;65911;66804;-;147.4	69;64720;65325;-;137.8	68;63667;64716;-;71.5	61;57022;58929;-;24.3		pfam	pfam_only	A	7/7	canonical	1	1	unscoreable	10	0	0														not_admitted	not_admitted	not_admitted	not_admitted	not_admitted	not_admitted	not_admitted
NZ_CP059948.1	MPF_F	IncFIA;IncFIB(AP001918);IncFII	154	0	0	GA	0															not_admitted	not_admitted	not_admitted	not_admitted	not_admitted	not_admitted	not_admitted	not_admitted	not_admitted	not_admitted	1	86;82691;83683;-;367.4	75;75632;77005;-;380.9	82;79219;79962;-;235.0	89;84692;87319;-;305.4	74;72810;75635;-;385.9	95;89374;90801;-;94.3	89;84692;87319;-;98.5	97;91516;92082;-;183.8	85;82044;82682;-;68.6	84;80239;82047;-;268.3	71;69145;71307;-;391.3	91;87835;88350;-;78.4	71;69145;71307;-;70.4	A	9/9	contiguous	22371	1	1	72304..72813-;169;unnamed;0
NZ_CP059949.1	MPF_T	IncX1	45	0	0	GA	1	11;11776;12423;-;45.6	10;11502;11798;-;77.5	9;8730;11483;-;46.6	9;8730;11483;-;148.0	9;8730;11483;-;75.3	8;7961;8719;-;67.3	6;6590;7723;-;106.4		5;5631;6344;-;120.6	4;4697;5626;-;136.2	3;3495;4700;-;132.5	2;2462;3493;-;76.5	1;624;2459;-;486.7		pfam	pfam_only	A	7/7	canonical	1	1	unscoreable	1	0	0														not_admitted	not_admitted	not_admitted	not_admitted	not_admitted	not_admitted	not_admitted
NZ_CP059993.1	MPF_T	-	112	0	0	GA	1	82;74153;75055;+;38.9	71;64938;65315;+;71.2	72;65312;65611;+;50.8	73;65598;68267;+;66.0	73;65598;68267;+;82.7	74;68270;68932;+;70.7	77;69567;70433;+;148.5		78;70430;71104;+;92.1	79;71129;71911;+;199.4	80;71913;73133;+;174.5	81;73144;74166;+;112.7	88;79784;81358;-;70.4		pfam	both	A	7/7	canonical	1	0	unscoreable	7	0	0														not_admitted	not_admitted	not_admitted	not_admitted	not_admitted	not_admitted	not_admitted
NZ_CP059994.1	-	-	312	0	0	GA	0															not_admitted	not_admitted	not_admitted	not_admitted	not_admitted	not_admitted	not_admitted	not_admitted	not_admitted	not_admitted	1	254;258365;259522;-;246.0	268;273103;274533;-;212.0	269;274533;275705;-;202.6	258;261662;264046;-;228.9	267;269686;273087;-;204.8	261;265262;266551;-;111.1	258;261662;264046;-;110.0	263;267615;268226;-;105.3	255;259519;260838;-;39.6	253;252699;258386;-;67.8	73;67978;69831;+;54.5	260;264500;265189;-;63.3	73;67978;69831;+;42.6	A	9/9	split_2	206555	0	1	
NZ_CP060000.1	MPF_T	-	156	0	0	GA	1	91;80675;81577;-;38.9	102;90415;90792;-;71.2	101;90119;90418;-;50.8	100;87463;90132;-;66.0	100;87463;90132;-;82.7	99;86798;87460;-;70.7	96;85297;86163;-;148.5		95;84626;85300;-;92.1	94;83819;84601;-;199.4	93;82597;83817;-;174.5	92;81564;82586;-;112.7	85;74372;75946;+;70.4		pfam	both	A	7/7	canonical	1	0	unscoreable	7	0	0														not_admitted	not_admitted	not_admitted	not_admitted	not_admitted	not_admitted	not_admitted
NZ_CP060001.1	MPF_T	-	104	0	0	GA	1	63;60662;61564;-;38.9	74;70402;70779;-;71.2	73;70106;70405;-;50.8	72;67450;70119;-;66.0	72;67450;70119;-;82.7	71;66785;67447;-;70.7	68;65284;66150;-;148.5		67;64613;65287;-;92.1	66;63806;64588;-;199.4	65;62584;63804;-;174.5	64;61551;62573;-;112.7	57;54359;55933;+;70.4		pfam	both	A	7/7	canonical	1	0	unscoreable	7	0	0														not_admitted	not_admitted	not_admitted	not_admitted	not_admitted	not_admitted	not_admitted
NZ_CP060003.1	MPF_T	-	70	0	0	GA	1	64;58302;59204;+;38.9	53;49087;49464;+;71.2	54;49461;49760;+;50.8	55;49747;52416;+;66.0	55;49747;52416;+;82.7	56;52419;53081;+;70.7	59;53716;54582;+;148.5		60;54579;55253;+;92.1	61;55278;56060;+;199.4	62;56062;57282;+;174.5	63;57293;58315;+;112.7	0;12;1586;-;70.4		pfam	both	A	7/7	canonical	1	0	unscoreable	2	0	0														not_admitted	not_admitted	not_admitted	not_admitted	not_admitted	not_admitted	not_admitted
NZ_CP060032.1	MPF_F	-	73	0	0	GA	0															not_admitted	not_admitted	not_admitted	not_admitted	not_admitted	not_admitted	not_admitted	not_admitted	not_admitted	not_admitted	1	44;45669;46658;-;356.7	37;39471;40835;-;368.8	40;41693;42544;-;197.8	47;47706;50291;-;245.5	36;36628;39471;-;340.1	49;50865;52193;-;93.0	47;47706;50291;-;89.0	51;52910;53476;-;128.7	43;45045;45659;-;75.7	41;42541;44394;-;243.5	33;33070;35247;-;381.3	48;50302;50853;-;44.8	33;33070;35247;-;63.9	A	9/9	contiguous	19840	1	1	36062..36631-;189;unnamed;0
NZ_CP060033.1	MPF_T	-	66	0	0	GA	1		21;20904;21239;-;67.7	20;20574;20891;-;78.1	19;18118;20577;-;155.4	19;18118;20577;-;86.9	18;17489;18121;-;107.3	16;16197;17207;-;172.3		14;15015;15815;-;153.3	13;14237;15073;-;202.6	12;13011;14240;-;188.8	11;11999;13030;-;89.6	10;10096;12033;-;379.0		pfam	both	A	7/7	canonical	1	0	unscoreable	2	0	0														not_admitted	not_admitted	not_admitted	not_admitted	not_admitted	not_admitted	not_admitted
NZ_CP060037.1	MPF_T	-	392	0	0	GA	1	349;344764;345432;+;44.6	350;345429;345767;+;78.3	351;345764;346114;+;85.4	352;346107;348518;+;157.5	352;346107;348518;+;118.7	353;348522;349238;+;195.3	355;349459;350403;+;126.0		356;350738;351436;+;172.2	357;351433;352290;+;196.8	358;352294;353517;+;185.2	359;353521;354525;+;98.2	360;354509;356470;+;337.2		pfam	both	A	7/7	canonical	1	0	unscoreable	1	0	0														not_admitted	not_admitted	not_admitted	not_admitted	not_admitted	not_admitted	not_admitted
NZ_CP060042.1	MPF_F	-	181	0	0	GA	0															not_admitted	not_admitted	not_admitted	not_admitted	not_admitted	not_admitted	not_admitted	not_admitted	not_admitted	not_admitted	1	126;120516;121547;-;368.4	118;113011;114456;-;321.9	119;114456;115265;-;215.3	133;124312;126591;-;172.7	117;109073;113014;-;226.6	142;130833;132155;-;93.7	133;124312;126591;-;80.8	144;132889;133500;-;107.6	125;119731;120519;-;90.1	123;117168;118448;-;149.3	155;141944;144052;-;419.7	135;126920;127600;-;51.1	155;141944;144052;-;69.9	A	9/9	contiguous	32871	0	1	
NZ_CP060051.1	MPF_F	IncFIA(pBK30683);IncFII(pKP91)	112	0	0	GA	0															not_admitted	not_admitted	not_admitted	not_admitted	not_admitted	not_admitted	not_admitted	not_admitted	not_admitted	not_admitted	1	84;71042;72034;+;362.9	97;79625;80992;+;382.8	93;77615;78367;+;224.8	81;67377;70016;+;260.8	98;80992;83835;+;336.7	71;62128;63552;+;88.9	81;67377;70016;+;83.9	69;60835;61401;+;167.1	88;74065;74712;+;66.0	89;74771;76726;+;257.4	102;86302;88602;+;392.7	73;64184;64756;+;54.6	102;86302;88602;+;66.6	A	9/9	contiguous	25467	1	1	83838..84368+;176;unnamed;0
NZ_CP060054.1	-	-	143	0	0	GA	0															not_admitted	not_admitted	not_admitted	not_admitted	not_admitted	not_admitted	not_admitted	not_admitted	not_admitted	not_admitted	1	20;21095;22102;-;399.9	15;15554;17026;-;339.4	16;17026;17856;-;233.6	26;24622;27168;-;414.3	14;12188;15520;-;352.9	29;28745;30052;-;101.4	26;24622;27168;-;94.5	31;30870;31448;-;180.2	19;20340;21083;-;114.3	18;18310;20343;-;289.6	85;73216;75684;+;509.9		85;73216;75684;+;50.9	B	8/9	split_2	61028	0	1	
NZ_CP060067.1	MPF_T	IncN3	51	0	0	GA	1	43;31951;32733;-;33.0	41;31408;31704;-;36.0	40;31051;31368;-;71.9	39;28477;31050;-;117.9	39;28477;31050;-;74.2	38;27760;28461;-;99.8	36;26454;27491;-;122.7	35;26246;26377;-;40.1	34;25540;26235;-;132.6	33;24642;25529;-;151.1	32;23509;24642;-;166.3	31;22457;23458;-;90.0	25;15237;16769;+;48.1		pfam	both	A	7/7	canonical	1	0	ga	7	0	0														not_admitted	not_admitted	not_admitted	not_admitted	not_admitted	not_admitted	not_admitted
NZ_CP060077.1	MPF_T	IncX1;IncX3	58	0	0	GA	1	44;42109;42756;-;45.2	43;41835;42131;-;77.5	42;39063;41816;-;47.9	42;39063;41816;-;147.9	42;39063;41816;-;75.3	41;38294;39052;-;67.3	39;36923;38056;-;106.3		38;35965;36678;-;118.5	37;35031;35960;-;133.8	36;33829;35034;-;132.5	35;32796;33827;-;79.0	34;30958;32793;-;489.3		pfam	pfam_only	A	7/7	canonical	1	1	unscoreable	1	0	0														not_admitted	not_admitted	not_admitted	not_admitted	not_admitted	not_admitted	not_admitted
NZ_CP060089.1	MPF_F	-	142	0	0	GA	0															not_admitted	not_admitted	not_admitted	not_admitted	not_admitted	not_admitted	not_admitted	not_admitted	not_admitted	not_admitted	1	5;3478;4419;+;121.0			3;753;2000;+;88.4	8;6008;7588;+;133.6		4;2024;3481;+;26.7				132;113226;115388;+;29.5		132;113226;115388;+;36.9	D	3/9	split_2	112473	0	0	
NZ_CP060091.1	-	-	91	0	0	GA	1	57;53325;53840;-;49.4	87;76794;77123;-;65.8	86;76469;76783;-;30.4	85;74014;76428;-;51.4	85;74014;76428;-;99.1	84;73259;74017;-;35.1	82;70994;72304;-;98.1		80;70089;70763;-;147.3	79;69196;70080;-;159.1	77;67525;68781;-;191.1	72;61744;63366;-;176.6	50;46465;48426;-;40.1		conjscan	conjscan_only	A	7/7	canonical	1	0	unscoreable	27	0	0														not_admitted	not_admitted	not_admitted	not_admitted	not_admitted	not_admitted	not_admitted
NZ_CP060123.1	-	-	242	0	0	GA	0															not_admitted	not_admitted	not_admitted	not_admitted	not_admitted	not_admitted	not_admitted	not_admitted	not_admitted	not_admitted	1	105;110687;111700;+;404.7	110;115865;117307;+;359.7	109;114960;115865;+;233.9	99;105562;108129;+;412.6	111;117325;120588;+;375.4	96;102602;103921;+;105.4	99;105562;108129;+;97.5	94;101212;101796;+;191.1	106;111709;112452;+;115.1	107;112455;114548;+;271.9	187;183164;185668;-;497.6		187;183164;185668;-;50.7	B	8/9	split_2	81952	0	1	
NZ_CP060125.1	-	-	72	0	0	GA	1	10;6178;7290;-;22.9	20;16782;17162;-;48.4	19;16431;16763;-;46.2	18;13855;16434;-;98.9	18;13855;16434;-;109.8	13;9211;9966;-;57.1	11;7293;9008;-;111.8		17;13149;13868;-;143.3	16;12148;13131;-;171.6	14;9992;11359;-;205.6	21;17176;18141;-;127.4	38;33688;35580;+;449.1		conjscan	conjscan_only	A	7/7	canonical	1	0	unscoreable	3	0	0														not_admitted	not_admitted	not_admitted	not_admitted	not_admitted	not_admitted	not_admitted
NZ_CP060130.1	MPF_T	-	9	0	0	GA	1	3;1753;2418;+;28.7	4;2440;2781;+;75.2	5;2806;3132;+;73.2	6;3119;5503;+;164.5	6;3119;5503;+;109.9	7;5517;6230;+;126.8									pfam	both	D	1/7	uncallable	0	0	unscoreable	0	0	0														not_admitted	not_admitted	not_admitted	not_admitted	not_admitted	not_admitted	not_admitted
NZ_CP060133.1	MPF_T	IncFIB(K);IncN;IncX1	197	0	0	GA	1	57;50487;51149;+;48.3	58;51160;51459;+;36.6	166;149549;149866;+;63.3	59;51469;54219;+;134.0	167;149866;152466;+;76.8	60;54238;54954;+;137.0	170;153448;154488;+;153.6		64;56485;57171;+;158.3	172;155416;156300;+;159.0	173;156300;157460;+;154.9	174;157502;158497;+;81.2	178;163066;164595;-;38.5		pfam	both	A	7/7	canonical	1	0	unscoreable	13	0	0														not_admitted	not_admitted	not_admitted	not_admitted	not_admitted	not_admitted	not_admitted
NZ_CP060135.1	MPF_T	IncFIB(K)	121	0	0	GA	1	79;78115;78777;+;48.3	80;78788;79087;+;36.6	81;79097;81847;+;61.6	81;79097;81847;+;134.0	81;79097;81847;+;46.2	82;81866;82582;+;137.0	84;82896;83903;+;137.8		86;84113;84799;+;158.3	87;84792;85685;+;146.0	88;85682;86878;+;134.8	89;86882;87931;+;71.5	96;92669;94576;+;24.3		pfam	pfam_only	A	7/7	canonical	1	1	unscoreable	8	0	0														not_admitted	not_admitted	not_admitted	not_admitted	not_admitted	not_admitted	not_admitted
NZ_CP060136.1	MPF_T	IncN;IncX1	69	0	0	GA	1	35;28592;29326;+;32.5	37;29626;29919;+;28.7	38;29969;30286;+;63.3	39;30286;32886;+;111.8	39;30286;32886;+;76.8	40;32904;33617;+;97.1	42;33868;34908;+;153.6		43;35127;35825;+;131.9	44;35836;36720;+;159.0	45;36720;37880;+;154.9	46;37922;38917;+;81.2	50;43486;45015;-;38.5		pfam	both	A	7/7	canonical	1	0	unscoreable	5	0	0														not_admitted	not_admitted	not_admitted	not_admitted	not_admitted	not_admitted	not_admitted
NZ_CP060170.1	MPF_F	IncFIB(S);IncFII(S);IncFII(pAR0022)	114	0	0	GA	0															not_admitted	not_admitted	not_admitted	not_admitted	not_admitted	not_admitted	not_admitted	not_admitted	not_admitted	not_admitted	1	18;20638;21630;-;366.7	9;14008;15390;-;392.4	12;16422;17171;-;231.0	21;22617;25265;-;314.0	8;11189;14011;-;391.8	29;27798;29219;-;91.5	21;22617;25265;-;97.8	31;29946;30512;-;188.1	16;19688;20326;-;70.6	14;17409;19235;-;271.0	5;7373;9535;-;374.1	26;26477;26992;-;94.3	5;7373;9535;-;72.1	A	9/9	contiguous	22573	1	1	10679..11167-;162;TraS;0
NZ_CP060176.1	MPF_T	-	78	0	0	GA	1				15;13178;15196;-;24.5									9;7627;9156;-;464.9		none	none	D	2/7	uncallable	0	0	unscoreable	5	0	0														not_admitted	not_admitted	not_admitted	not_admitted	not_admitted	not_admitted	not_admitted
NZ_CP060199.1	MPF_T	-	157	0	0	GA	1	25;21251;22315;+;86.9	22;18199;18534;+;87.0	23;18538;18837;+;71.8	24;18840;21254;+;130.6	24;18840;21254;+;97.1	26;22327;23025;+;41.5	28;23256;24266;+;142.3		29;24311;25006;+;176.5	30;25003;25812;+;200.0	31;25812;27029;+;206.0	32;27010;28041;+;128.3	33;28038;30074;+;301.6		pfam	pfam_only	A	7/7	canonical	1	0	unscoreable	1	0	0														not_admitted	not_admitted	not_admitted	not_admitted	not_admitted	not_admitted	not_admitted
NZ_CP060200.1	-	-	96	0	0	GA	1		38;40610;40981;-;79.0	37;40318;40617;-;58.0	36;37879;40314;-;149.4	36;37879;40314;-;120.8	35;37113;37901;-;60.2	33;35669;36832;-;105.5		32;34977;35639;-;128.6	31;34114;34953;-;187.1	29;32332;33639;-;219.4	39;40971;41954;-;123.0	10;9378;11291;-;458.3		conjscan	conjscan_only	A	7/7	canonical	1	0	unscoreable	3	0	0														not_admitted	not_admitted	not_admitted	not_admitted	not_admitted	not_admitted	not_admitted
NZ_CP060283.1	MPF_F	IncFII(K);repB(R1701)	134	0	0	GA	0															not_admitted	not_admitted	not_admitted	not_admitted	not_admitted	not_admitted	not_admitted	not_admitted	not_admitted	not_admitted	1	109;84421;85410;+;366.0	119;90957;92324;+;381.2	115;88947;89699;+;233.7	105;80339;82978;+;258.5	120;92324;95173;+;345.6	97;75658;77082;+;88.8	105;80339;82978;+;88.7	95;74365;74931;+;169.3	110;85423;86061;+;66.9	111;86120;88075;+;259.7	124;97659;99971;+;392.8	98;77196;77780;+;55.4	124;97659;99971;+;65.9	A	9/9	contiguous	23294	1	1	95186..95734+;182;unnamed;0
NZ_CP060284.1	MPF_T	-	100	0	0	GA	1		79;59531;59914;-;68.7	78;59202;59528;-;48.3	77;56662;59205;-;98.2	77;56662;59205;-;107.1	72;52404;53186;-;105.1	70;50621;52192;-;111.3		76;55958;56665;-;91.0	75;55052;55942;-;153.1	73;53199;54593;-;220.3	80;60028;60984;-;135.2	35;28335;30281;+;442.7		conjscan	conjscan_only	A	7/7	canonical	1	0	unscoreable	3	0	0														not_admitted	not_admitted	not_admitted	not_admitted	not_admitted	not_admitted	not_admitted
NZ_CP060383.1	MPF_F	IncFIB(AP001918);IncFII	137	0	0	GA	0															not_admitted	not_admitted	not_admitted	not_admitted	not_admitted	not_admitted	not_admitted	not_admitted	not_admitted	not_admitted	1	79;92634;93626;-;369.3	70;86199;87572;-;381.0	75;89162;89905;-;231.6	82;94635;97262;-;306.4	69;83377;86202;-;386.0	88;99317;100744;-;94.3	82;94635;97262;-;98.5	90;101459;102025;-;183.3	78;91987;92625;-;68.7	77;90182;91990;-;267.9	66;79720;81873;-;391.8	84;97778;98293;-;77.3	66;79720;81873;-;70.4	A	9/9	contiguous	21739	1	1	82871..83380-;169;unnamed;0
NZ_CP060389.1	-	-	74	0	0	GA	1	54;41884;42888;-;52.4	52;41319;41633;-;70.4	50;40684;41022;-;78.5	49;38307;40691;-;134.8	49;38307;40691;-;111.3	48;37595;38305;-;85.1	46;36255;37298;-;78.5		45;35180;35869;-;158.9	44;34314;35183;-;191.4	43;33028;34317;-;158.1	42;32033;33031;-;101.6	41;30066;32021;-;340.2		pfam	pfam_only	A	7/7	canonical	1	0	unscoreable	2	0	0														not_admitted	not_admitted	not_admitted	not_admitted	not_admitted	not_admitted	not_admitted
NZ_CP060422.1	MPF_F	repA(pKOX)	250	0	0	GA	0															not_admitted	not_admitted	not_admitted	not_admitted	not_admitted	not_admitted	not_admitted	not_admitted	not_admitted	not_admitted	1	241;168884;169957;+;276.5	12;9196;10647;+;241.5	11;8110;9180;+;187.0	237;164336;166819;+;234.7	13;10657;13869;+;256.9	234;161314;162645;+;107.7	237;164336;166819;+;119.1	232;159531;160148;+;77.9	240;167631;168884;+;57.1	15;14374;17106;+;123.5	226;154961;156922;+;23.7	235;162645;163265;+;74.7	226;154961;156922;+;32.4	A	9/9	split_2	160774	0	1	
NZ_CP060444.1	MPF_T	IncFII(pCRY)	43	0	0	GA	1	27;22086;22796;+;47.5	28;22793;23098;+;73.1	29;23111;25849;+;49.1	29;23111;25849;+;151.1	29;23111;25849;+;32.2	30;25868;26578;+;141.2	32;26830;27903;+;160.6		34;28125;28808;+;195.9	35;28808;29713;+;154.9	36;29757;31007;+;147.1	37;30997;32022;+;66.1	41;33877;35613;+;45.3		pfam	pfam_only	A	7/7	canonical	1	1	unscoreable	5	0	0														not_admitted	not_admitted	not_admitted	not_admitted	not_admitted	not_admitted	not_admitted
NZ_CP060447.1	-	-	236	0	0	GA	0															not_admitted	not_admitted	not_admitted	not_admitted	not_admitted	not_admitted	not_admitted	not_admitted	not_admitted	not_admitted	1	39;44873;46054;-;273.1	53;59660;61090;-;211.1	54;61090;61875;-;169.5	43;48177;50606;-;235.3	52;56227;59649;-;198.6	46;51822;53126;-;109.5	43;48177;50606;-;115.0	48;54206;54808;-;108.0	40;46051;47358;-;45.3	38;39187;44826;-;72.2	167;149980;151848;+;57.2	45;51029;51751;-;61.0	167;149980;151848;+;46.7	A	9/9	split_2	110793	0	1	
NZ_CP060449.1	MPF_T	-	49	0	0	GA	1	1;2510;3100;-;63.9	40;33756;34070;-;80.9	39;33488;33754;-;39.2	38;30856;33423;-;35.3	38;30856;33423;-;110.7	37;30052;30837;-;57.0	29;22045;23088;-;43.2		28;21328;22038;-;126.5	27;20309;21301;-;168.2	26;18941;20293;-;211.8	41;34149;35150;-;113.6	47;39879;41936;-;352.1		conjscan	conjscan_only	A	7/7	canonical	1	0	unscoreable	12	0	0														not_admitted	not_admitted	not_admitted	not_admitted	not_admitted	not_admitted	not_admitted
NZ_CP060454.1	MPF_T	-	48	0	0	GA	1	28;19974;20564;+;63.9	37;31686;32000;+;80.9	38;32002;32268;+;39.2	39;32333;34900;+;35.3	39;32333;34900;+;110.7	40;34919;35704;+;57.0	42;36646;37275;+;42.4		1;1036;1746;+;126.5	2;1773;2765;+;168.2	3;2781;4133;+;211.8	36;30606;31607;+;113.6	30;23820;25877;+;352.1		conjscan	conjscan_only	A	7/7	canonical	1	0	unscoreable	8	0	0														not_admitted	not_admitted	not_admitted	not_admitted	not_admitted	not_admitted	not_admitted
NZ_CP060457.1	-	-	234	0	0	GA	0															not_admitted	not_admitted	not_admitted	not_admitted	not_admitted	not_admitted	not_admitted	not_admitted	not_admitted	not_admitted	1	159;160268;161449;-;273.1	173;175055;176485;-;211.1	174;176485;177270;-;169.5	163;163572;166001;-;235.3	172;171622;175044;-;198.6	166;167217;168521;-;109.5	163;163572;166001;-;115.0	168;169601;170203;-;108.0	160;161446;162753;-;45.3	158;154582;160221;-;72.2	53;45812;47680;+;57.2	165;166424;167146;-;61.0	53;45812;47680;+;46.7	A	9/9	split_2	130673	0	1	
NZ_CP060461.1	MPF_T	-	65	0	0	GA	1	38;37866;38768;-;38.9		48;47313;47612;-;50.8	47;44657;47326;-;66.5	47;44657;47326;-;82.7	46;43992;44654;-;70.7	43;42488;43348;-;147.6		42;41817;42491;-;92.2	41;41010;41792;-;199.3	40;39788;41008;-;173.3	39;38755;39777;-;112.9	52;52203;53777;-;70.4		pfam	both	A	7/7	canonical	1	0	unscoreable	5	0	0														not_admitted	not_admitted	not_admitted	not_admitted	not_admitted	not_admitted	not_admitted
NZ_CP060462.1	MPF_T	-	57	0	0	GA	1	22;22460;23050;-;62.9	12;11746;12060;-;82.2	11;11478;11744;-;39.2	10;8846;11413;-;35.3	10;8846;11413;-;110.7	9;8042;8827;-;57.0	7;5619;7100;-;89.3		6;4903;5613;-;126.4	5;3884;4876;-;167.8	4;2516;3868;-;211.8	13;12142;13143;-;113.6	20;17972;20029;-;351.4		conjscan	conjscan_only	A	7/7	canonical	1	0	unscoreable	9	0	0														not_admitted	not_admitted	not_admitted	not_admitted	not_admitted	not_admitted	not_admitted
NZ_CP060463.1	MPF_T	-	35	0	0	GA	1	14;12917;13828;+;41.0	3;3686;4063;+;72.7	4;4060;4359;+;50.8	5;4346;7015;+;63.0	5;4346;7015;+;82.1	6;7018;7677;+;73.6	9;8331;9197;+;140.5		10;9194;9868;+;93.1	11;9893;10675;+;199.2	12;10677;11897;+;176.7	13;11908;12930;+;110.8	25;21236;22810;-;74.0		pfam	both	A	7/7	canonical	1	0	unscoreable	12	0	0														not_admitted	not_admitted	not_admitted	not_admitted	not_admitted	not_admitted	not_admitted
NZ_CP060466.1	MPF_T	-	65	0	0	GA	1	38;37860;38762;-;38.9		48;47307;47606;-;50.8	47;44651;47320;-;66.5	47;44651;47320;-;82.7	46;43986;44648;-;70.7	43;42482;43342;-;147.6		42;41811;42485;-;92.2	41;41004;41786;-;199.3	40;39782;41002;-;173.3	39;38749;39771;-;112.9	52;52197;53771;-;74.0		pfam	both	A	7/7	canonical	1	0	unscoreable	5	0	0														not_admitted	not_admitted	not_admitted	not_admitted	not_admitted	not_admitted	not_admitted
NZ_CP060467.1	MPF_T	-	55	0	0	GA	1	14;16699;17289;-;62.9	4;5985;6299;-;82.2	3;5717;5983;-;39.2	2;3085;5652;-;35.3	2;3085;5652;-;110.7	1;2281;3066;-;57.0			54;46662;47372;-;126.4	53;45643;46635;-;167.8	52;44275;45627;-;211.8	5;6381;7382;-;113.6	12;12211;14268;-;351.4		conjscan	conjscan_only	B	6/7	uncallable	0	0	unscoreable	7	0	0														not_admitted	not_admitted	not_admitted	not_admitted	not_admitted	not_admitted	not_admitted
NZ_CP060468.1	MPF_T	-	35	0	0	GA	1	11;9371;10282;+;41.0	0;140;517;+;72.7	1;514;813;+;50.8	2;800;3469;+;63.0	2;800;3469;+;82.1	3;3472;4131;+;73.6	6;4785;5651;+;140.5		7;5648;6322;+;93.1	8;6347;7129;+;199.2	9;7131;8351;+;176.7	10;8362;9384;+;110.8	22;17689;19263;-;74.0		pfam	both	A	7/7	canonical	1	0	unscoreable	12	0	0														not_admitted	not_admitted	not_admitted	not_admitted	not_admitted	not_admitted	not_admitted
NZ_CP060471.1	-	-	235	0	0	GA	0															not_admitted	not_admitted	not_admitted	not_admitted	not_admitted	not_admitted	not_admitted	not_admitted	not_admitted	not_admitted	1	96;71245;72426;+;273.1	82;56209;57639;+;211.1	81;55424;56209;+;169.5	92;66693;69122;+;235.3	83;57650;61072;+;198.6	89;64173;65477;+;109.5	92;66693;69122;+;115.0	87;62491;63093;+;108.0	95;69941;71248;+;46.1	97;72473;78112;+;72.2	202;184861;186729;-;57.2	90;65548;66270;+;61.0	202;184861;186729;-;46.7	A	9/9	split_2	129437	0	1	
NZ_CP060473.1	MPF_T	-	47	0	0	GA	1	33;32607;33197;-;63.9	24;21171;21485;-;80.9	23;20903;21169;-;39.2	22;18271;20838;-;35.3	22;18271;20838;-;110.7	21;17467;18252;-;57.0	13;9460;10503;-;43.2		12;8743;9453;-;126.5	11;7724;8716;-;168.2	10;6356;7708;-;211.8	25;21564;22565;-;113.6	31;27294;29351;-;352.1		conjscan	conjscan_only	A	7/7	canonical	1	0	unscoreable	13	0	0														not_admitted	not_admitted	not_admitted	not_admitted	not_admitted	not_admitted	not_admitted
NZ_CP060516.1	MPF_F	IncHI2;IncHI2A	310	0	0	GA	0															not_admitted	not_admitted	not_admitted	not_admitted	not_admitted	not_admitted	not_admitted	not_admitted	not_admitted	not_admitted	1	29;32275;33333;+;276.9	181;166224;167639;-;194.1	182;167629;168675;-;173.7	11;8955;11636;+;168.0	180;162265;166215;-;101.6	7;5270;6625;+;80.7	11;8955;11636;+;72.2	4;2758;3546;+;74.9	27;30622;32133;+;62.7	30;33352;36540;+;58.3	188;175716;177800;+;56.7	10;7996;8946;+;46.4	188;175716;177800;+;38.8	A	9/9	split_3	172958	0	1	
NZ_CP060518.1	MPF_F	IncHI2;IncHI2A;IncQ1	253	0	0	GA	0															not_admitted	not_admitted	not_admitted	not_admitted	not_admitted	not_admitted	not_admitted	not_admitted	not_admitted	not_admitted	1	27;31209;32267;+;276.9			11;8955;11636;+;168.0		7;5270;6625;+;80.7	11;8955;11636;+;72.2	4;2758;3546;+;74.8	25;29556;31067;+;62.0	28;32286;35474;+;57.3		10;7996;8946;+;46.1		C	6/9	split_2	29528	0	1	
NZ_CP060519.1	MPF_T	IncI2	79	0	0	GA	1	40;35748;36230;-;81.1		55;51837;52121;-;36.6	54;49474;51831;-;58.5	54;49474;51831;-;42.8	67;57574;58215;-;42.8	68;58221;59216;-;128.5		52;48574;49308;-;144.3	51;47807;48577;-;170.5	50;46678;47817;-;154.7	43;38009;39547;-;207.1	48;43630;45588;-;289.6		pfam	pfam_only	A	7/7	rearranged	1	0	unscoreable	17	1	0														not_admitted	not_admitted	not_admitted	not_admitted	not_admitted	not_admitted	not_admitted
NZ_CP060524.1	MPF_T	IncX4	42	0	0	GA	1	18;10395;11015;+;41.6	19;11029;11355;+;64.4	20;11374;14121;+;63.8	20;11374;14121;+;151.8	20;11374;14121;+;46.1	21;14133;14849;+;94.2	22;14861;15955;+;150.1		24;16470;17156;+;169.0	25;17153;18061;+;142.4	26;18054;19172;+;163.9	27;19174;20202;+;85.0	28;20234;22051;+;314.8		pfam	pfam_only	A	7/7	canonical	1	1	unscoreable	1	0	0														not_admitted	not_admitted	not_admitted	not_admitted	not_admitted	not_admitted	not_admitted
NZ_CP060586.1	MPF_F	IncFIA(HI1);IncHI1A;IncHI1B(R27)	275	0	0	GA	0															not_admitted	not_admitted	not_admitted	not_admitted	not_admitted	not_admitted	not_admitted	not_admitted	not_admitted	not_admitted	1	168;158121;159173;+;277.6	62;64131;65546;-;202.4	63;65536;66582;-;171.3	149;136044;138725;+;160.6	61;60133;64122;-;103.1	145;132338;133696;+;84.0	149;136044;138725;+;76.5	142;129886;130671;+;68.7	166;156468;157976;+;65.6	169;159196;162372;+;58.9	69;73517;75601;+;50.2	148;135085;136035;+;45.2	69;73517;75601;+;36.5	A	9/9	split_3	99063	0	1	
NZ_CP060594.1	-	-	87	0	0	GA	0															not_admitted	not_admitted	not_admitted	not_admitted	not_admitted	not_admitted	not_admitted	not_admitted	not_admitted	not_admitted	1	51;41919;42914;+;348.3	56;46797;48155;+;339.2	54;45360;46130;+;201.4	48;38283;40910;+;227.2	57;48157;50973;+;274.7	45;35836;37236;+;101.5	48;38283;40910;+;115.3	43;34512;35090;+;105.7	52;42924;43529;+;58.4	53;43526;45358;+;227.6	59;51579;54017;+;378.8	47;37748;38281;+;32.6	59;51579;54017;+;77.0	A	9/9	contiguous	17067	1	1	50970..51500+;176;unnamed;0
NZ_CP060727.1	MPF_F	-	153	0	0	GA	0															not_admitted	not_admitted	not_admitted	not_admitted	not_admitted	not_admitted	not_admitted	not_admitted	not_admitted	not_admitted	1	121;102796;103851;+;268.1	133;115459;116868;+;229.6	132;114436;115443;+;214.6	117;98317;100803;+;211.5	134;116888;120121;+;215.1	114;95601;96893;+;117.6	117;98317;100803;+;113.8	112;93950;94603;+;91.1	120;101576;102796;+;45.7	136;120593;123364;+;119.2	106;89557;91470;+;20.5	115;96910;97422;+;68.8	106;89557;91470;+;24.6	A	9/9	contiguous	31036	0	1	
NZ_CP060746.1	MPF_F	IncFII(pCoo)	82	0	0	GA	0															not_admitted	not_admitted	not_admitted	not_admitted	not_admitted	not_admitted	not_admitted	not_admitted	not_admitted	not_admitted	1	51;37703;38695;+;369.3	62;44745;46118;+;379.5	57;42412;43155;+;233.3	48;34067;36694;+;306.8	63;46115;48940;+;374.0	42;30489;31916;+;94.3	48;34067;36694;+;98.5	40;29208;29774;+;183.8	54;39692;40330;+;68.6	55;40327;42135;+;268.0	66;50444;52660;+;393.6	46;33036;33551;+;78.4	66;50444;52660;+;70.3	A	9/9	contiguous	21236	1	1	48937..49446+;169;unnamed;0
NZ_CP060752.1	MPF_T	IncFII(pMET)	38	0	0	GA	1	6;3536;4246;+;47.5	7;4243;4548;+;73.1	8;4561;7299;+;49.1	8;4561;7299;+;151.4	8;4561;7299;+;32.2	9;7318;8028;+;141.1	11;8277;9353;+;170.4		13;9575;10258;+;195.6	14;10258;11163;+;155.4	15;11210;12478;+;147.2	16;12468;13493;+;66.1	20;15349;17085;+;46.4		pfam	pfam_only	A	7/7	canonical	1	1	unscoreable	5	0	0														not_admitted	not_admitted	not_admitted	not_admitted	not_admitted	not_admitted	not_admitted
NZ_CP060753.1	MPF_F	IncFII(pCoo)	77	0	0	GA	0															not_admitted	not_admitted	not_admitted	not_admitted	not_admitted	not_admitted	not_admitted	not_admitted	not_admitted	not_admitted	1	50;37120;38112;+;369.3	61;44162;45535;+;379.5	56;41829;42572;+;233.3	47;33484;36111;+;306.8	62;45532;48357;+;373.8	41;29906;31333;+;94.3	47;33484;36111;+;98.5	39;28625;29191;+;183.8	53;39109;39747;+;68.6	54;39744;41552;+;268.0	65;49861;52077;+;393.6	45;32453;32968;+;78.4	65;49861;52077;+;70.3	A	9/9	contiguous	21236	1	1	48354..48863+;169;unnamed;0
NZ_CP060808.1	MPF_F	IncFII(K);IncFII(pAR0022);IncR	147	0	0	GA	0															not_admitted	not_admitted	not_admitted	not_admitted	not_admitted	not_admitted	not_admitted	not_admitted	not_admitted	not_admitted	1	110;91796;92785;+;366.6	120;98332;99699;+;384.1	116;96322;97074;+;233.7	106;87700;90339;+;258.5	121;99699;102521;+;346.4	100;83448;84872;+;89.3	106;87700;90339;+;88.7	98;82155;82721;+;169.3	111;92798;93436;+;66.9	112;93495;95450;+;259.4	125;105137;107449;+;393.1	101;84944;85528;+;54.7	125;105137;107449;+;66.6	A	9/9	contiguous	22982	1	1	102544..103146+;200;TraS;0
NZ_CP060809.1	MPF_T	pXuzhou21	62	0	0	GA	1	3;2285;2962;+;28.8			6;3719;6247;+;60.9	6;3719;6247;+;36.2	7;6231;6911;+;82.0	59;38027;39079;-;91.7		8;7136;7927;+;139.3	9;7947;8735;+;166.0	10;8728;9954;+;158.0	13;10434;11495;+;76.7	14;11517;13538;+;312.2		pfam	pfam_only	A	7/7	uncallable	0	0	unscoreable	4	0	0														not_admitted	not_admitted	not_admitted	not_admitted	not_admitted	not_admitted	not_admitted
NZ_CP060810.1	MPF_F	IncU;repFIB;repHI5B	386	0	0	GA	0															not_admitted	not_admitted	not_admitted	not_admitted	not_admitted	not_admitted	not_admitted	not_admitted	not_admitted	not_admitted	1	28;26595;27632;-;282.2	307;268974;270416;-;188.6	308;270373;271410;-;172.0	39;38501;41218;-;143.5	306;265028;268972;-;119.0	43;43341;44708;-;63.7	39;38501;41218;-;80.6	46;46363;47223;-;73.9	29;27629;28990;-;71.7	27;23404;26580;-;58.7	315;278626;280752;+;62.0	40;41267;42004;-;56.3	315;278626;280752;+;39.7	A	9/9	split_2	255222	0	1	
NZ_CP060835.1	MPF_F	IncFIA(HI1);IncHI1A;IncHI1B(R27)	268	0	0	GA	0															not_admitted	not_admitted	not_admitted	not_admitted	not_admitted	not_admitted	not_admitted	not_admitted	not_admitted	not_admitted	1	15;14855;15907;+;277.6	179;169011;170426;-;202.4	180;170416;171462;-;171.3	266;240959;243640;+;160.6	178;165013;169002;-;103.1	262;237253;238611;+;84.0	266;240959;243640;+;76.5	259;234801;235586;+;68.7	13;13202;14710;+;65.6	16;15930;19106;+;58.9	186;178397;180481;+;50.2	265;240000;240950;+;45.2	186;178397;180481;+;36.5	A	9/9	split_3	227757	0	1	
NZ_CP060838.1	MPF_F	IncFIA(HI1);IncHI1A;IncHI1B(R27)	272	0	0	GA	0															not_admitted	not_admitted	not_admitted	not_admitted	not_admitted	not_admitted	not_admitted	not_admitted	not_admitted	not_admitted	1	15;14855;15907;+;273.6	183;172842;174257;-;202.4	184;174247;175293;-;171.3	270;244790;247471;+;160.6	182;168844;172833;-;103.1	266;241084;242442;+;84.0	270;244790;247471;+;76.5	263;238632;239417;+;68.7	13;13202;14710;+;65.6	16;15930;19106;+;58.9	190;182228;184312;+;50.2	269;243831;244781;+;45.2	190;182228;184312;+;36.5	A	9/9	split_3	231588	0	1	
NZ_CP060841.1	MPF_F	IncFIA(HI1);IncHI1A;IncHI1B(R27)	271	0	0	GA	0															not_admitted	not_admitted	not_admitted	not_admitted	not_admitted	not_admitted	not_admitted	not_admitted	not_admitted	not_admitted	1	15;14855;15907;+;277.6	182;172843;174258;-;202.4	183;174248;175294;-;171.3	269;244791;247472;+;160.6	181;168845;172834;-;103.1	265;241085;242443;+;84.0	269;244791;247472;+;76.5	262;238633;239418;+;68.7	13;13202;14710;+;65.6	16;15930;19106;+;58.9	189;182229;184313;+;50.2	268;243832;244782;+;45.2	189;182229;184313;+;36.5	A	9/9	split_3	231589	0	1	
NZ_CP060847.1	MPF_F	IncFIA(HI1);IncHI1A;IncHI1B(R27)	275	0	0	GA	0															not_admitted	not_admitted	not_admitted	not_admitted	not_admitted	not_admitted	not_admitted	not_admitted	not_admitted	not_admitted	1	15;14855;15907;+;277.6	186;174595;176010;-;202.4	187;176000;177046;-;171.3	273;246543;249224;+;160.6	185;170597;174586;-;103.1	269;242837;244195;+;84.0	273;246543;249224;+;76.5	266;240385;241170;+;68.7	13;13202;14710;+;65.6	16;15930;19106;+;58.9	193;183981;186065;+;50.2	272;245584;246534;+;45.2	193;183981;186065;+;36.5	A	9/9	split_3	233341	0	1	
NZ_CP060850.1	MPF_F	IncFIA(HI1);IncHI1A;IncHI1B(R27)	271	0	0	GA	0															not_admitted	not_admitted	not_admitted	not_admitted	not_admitted	not_admitted	not_admitted	not_admitted	not_admitted	not_admitted	1	15;14855;15907;+;277.6	182;172843;174258;-;202.4	183;174248;175294;-;171.3	269;244791;247472;+;160.6	181;168845;172834;-;103.1	265;241085;242443;+;84.0	269;244791;247472;+;76.5	262;238633;239418;+;68.7	13;13202;14710;+;65.6	16;15930;19106;+;58.9	189;182229;184313;+;50.2	268;243832;244782;+;45.2	189;182229;184313;+;36.5	A	9/9	split_3	231589	0	1	
NZ_CP060853.1	MPF_F	IncFIA(HI1);IncHI1A;IncHI1B(R27)	272	0	0	GA	0															not_admitted	not_admitted	not_admitted	not_admitted	not_admitted	not_admitted	not_admitted	not_admitted	not_admitted	not_admitted	1	15;14855;15907;+;277.6	184;173671;175086;-;202.4	185;175076;176122;-;171.3	271;245620;248301;+;160.6	183;169673;173662;-;103.1	267;241914;243272;+;84.0	271;245620;248301;+;76.5	264;239462;240247;+;68.7	13;13202;14710;+;65.6	16;15930;19106;+;58.9	191;183057;185141;+;50.2	270;244661;245611;+;45.2	191;183057;185141;+;36.5	A	9/9	split_3	232418	0	1	
NZ_CP060856.1	MPF_F	IncHI2;IncHI2A	240	0	0	GA	0															not_admitted	not_admitted	not_admitted	not_admitted	not_admitted	not_admitted	not_admitted	not_admitted	not_admitted	not_admitted	1	27;31207;32265;+;276.9	159;148867;150282;-;194.1	160;150272;151318;-;174.3	11;8955;11636;+;168.3	158;144905;148858;-;101.6	7;5270;6625;+;80.7	11;8955;11636;+;72.2	4;2758;3546;+;74.8	25;29554;31065;+;62.0	28;32284;35472;+;57.3	167;158360;160444;+;56.8	10;7996;8946;+;46.1	167;158360;160444;+;38.8	A	9/9	split_3	155602	1	1	143435..144724-;429;unnamed;0
NZ_CP060868.1	MPF_F	IncFIA;IncFII	152	0	0	GA	0															not_admitted	not_admitted	not_admitted	not_admitted	not_admitted	not_admitted	not_admitted	not_admitted	not_admitted	not_admitted	1	126;119512;120504;+;371.6	135;125566;126939;+;380.7	130;123233;123976;+;233.0	123;115876;118503;+;303.5	136;126936;129755;+;386.2	117;112290;113717;+;91.9	123;115876;118503;+;98.5	115;111009;111575;+;182.9	127;120513;121151;+;64.9	128;121148;122956;+;268.2	139;131287;133530;+;391.7	122;114845;115360;+;76.4	139;131287;133530;+;70.3	A	9/9	contiguous	20278	1	1	129780..130271+;163;TraS;0
NZ_CP060876.1	MPF_T	IncX3	58	0	0	GA	1	38;33962;34606;-;46.4	37;33688;33978;-;73.1	36;30910;33663;-;47.0	36;30910;33663;-;142.4	36;30910;33663;-;73.3	35;30130;30900;-;60.1	33;28796;29851;-;133.2		32;27873;28601;-;119.4	31;26938;27867;-;138.8	30;25727;26941;-;128.3	28;24497;25531;-;65.7	27;22659;24494;-;495.9		pfam	pfam_only	A	7/7	canonical	1	1	unscoreable	2	0	0														not_admitted	not_admitted	not_admitted	not_admitted	not_admitted	not_admitted	not_admitted
NZ_CP060882.1	MPF_F	IncFII	97	0	0	GA	0															not_admitted	not_admitted	not_admitted	not_admitted	not_admitted	not_admitted	not_admitted	not_admitted	not_admitted	not_admitted	1	73;54690;55682;+;369.5	84;61416;62789;+;381.7	78;58746;59489;+;234.4	70;51054;53681;+;300.9	85;62786;65605;+;384.7	64;47474;48901;+;93.9	70;51054;53681;+;100.7	62;46193;46759;+;183.8	75;56026;56664;+;70.7	76;56661;58469;+;267.1	88;67137;69344;+;380.8	68;50023;50538;+;76.0	88;67137;69344;+;66.5	A	9/9	contiguous	20944	1	1	65630..66121+;163;TraS;0
NZ_CP060888.1	MPF_T	IncX3	58	0	0	GA	1	45;33809;34453;+;46.4	46;34437;34727;+;73.1	47;34752;37505;+;47.0	47;34752;37505;+;142.4	47;34752;37505;+;73.3	48;37515;38285;+;60.1	50;38564;39619;+;133.2		51;39814;40542;+;119.4	52;40548;41477;+;138.8	53;41474;42688;+;128.3	55;42884;43918;+;65.7	56;43921;45756;+;495.9		pfam	pfam_only	A	7/7	canonical	1	1	unscoreable	2	0	0														not_admitted	not_admitted	not_admitted	not_admitted	not_admitted	not_admitted	not_admitted
NZ_CP060893.1	MPF_T	IncFIB(K);IncX3	174	0	0	GA	1	146;141824;142486;+;48.3	111;117427;117717;-;73.1	148;142806;145556;+;61.8	110;114649;117402;-;142.4	110;114649;117402;-;73.3	149;145575;146291;+;137.0	151;146605;147612;+;137.8		153;147822;148508;+;157.8	154;148501;149394;+;147.4	155;149391;150587;+;134.7	156;150591;151640;+;71.6	101;106398;108233;-;495.9		pfam	pfam_only	A	7/7	uncallable	0	0	unscoreable	10	0	0														not_admitted	not_admitted	not_admitted	not_admitted	not_admitted	not_admitted	not_admitted
NZ_CP060894.1	MPF_F	IncFII	139	0	0	GA	0															not_admitted	not_admitted	not_admitted	not_admitted	not_admitted	not_admitted	not_admitted	not_admitted	not_admitted	not_admitted	1	115;84820;85812;+;369.5	125;91591;92964;+;381.7	120;88918;89661;+;234.4	112;81181;83811;+;304.1	126;92961;95783;+;374.0	103;75262;76713;+;94.2	112;81181;83811;+;97.1	101;73981;74547;+;174.3	117;86156;86794;+;68.6	118;86791;88641;+;266.1	130;98055;100343;+;391.0	106;77573;78088;+;77.6	130;98055;100343;+;70.3	A	9/9	contiguous	24074	1	1	95805..96284+;159;TraS;0
NZ_CP060900.1	MPF_F	IncFIB(AP001918);IncFII	181	0	0	GA	0															not_admitted	not_admitted	not_admitted	not_admitted	not_admitted	not_admitted	not_admitted	not_admitted	not_admitted	not_admitted	1	124;124836;125828;-;369.3	113;117413;118786;-;381.0	118;120376;121119;-;235.0	127;126837;129464;-;304.6	112;114594;117416;-;389.2	133;131616;133043;-;94.3	127;126837;129464;-;99.2	135;133758;134324;-;183.8	121;123201;123839;-;68.6	120;121396;123204;-;268.0	109;110835;113060;-;391.5	129;129980;130495;-;78.4	109;110835;113060;-;70.3	A	9/9	contiguous	22923	1	1	114076..114573-;165;TraS;0
NZ_CP060901.1	MPF_T	IncX3	58	0	0	GA	1	53;42560;43204;-;46.4	52;42286;42576;-;73.1	51;39508;42261;-;47.0	51;39508;42261;-;142.4	51;39508;42261;-;73.3	50;38728;39498;-;60.1	48;37394;38449;-;133.2		47;36471;37199;-;119.4	46;35536;36465;-;138.8	45;34325;35539;-;128.3	43;33095;34129;-;65.7	42;31257;33092;-;495.9		pfam	pfam_only	A	7/7	canonical	1	1	unscoreable	2	0	0														not_admitted	not_admitted	not_admitted	not_admitted	not_admitted	not_admitted	not_admitted
NZ_CP060905.1	MPF_T	IncX3	58	0	0	GA	1	1;1322;1966;-;46.4	0;1048;1338;-;73.1		57;44431;46119;-;76.7		56;43651;44421;-;60.1	54;42317;43372;-;133.2		53;41394;42122;-;119.4	52;40459;41388;-;138.8	51;39248;40462;-;128.3	49;38018;39052;-;65.7	48;36180;38015;-;495.9		pfam	pfam_only	A	7/7	canonical	1	0	unscoreable	2	0	0														not_admitted	not_admitted	not_admitted	not_admitted	not_admitted	not_admitted	not_admitted
NZ_CP060911.1	MPF_T	IncX3	57	0	0	GA	1	13;8699;9343;+;46.4	14;9327;9617;+;73.1	15;9642;12395;+;47.0	15;9642;12395;+;142.4	15;9642;12395;+;73.3	16;12405;13175;+;60.1	18;13454;14509;+;133.2		19;14704;15432;+;119.4	20;15438;16367;+;138.8	21;16364;17578;+;128.3	23;17774;18808;+;65.7	24;18811;20646;+;495.9		pfam	pfam_only	A	7/7	canonical	1	1	unscoreable	2	0	0														not_admitted	not_admitted	not_admitted	not_admitted	not_admitted	not_admitted	not_admitted
NZ_CP060915.1	MPF_F	IncFIB(AP001918)	149	0	0	GA	0															not_admitted	not_admitted	not_admitted	not_admitted	not_admitted	not_admitted	not_admitted	not_admitted	not_admitted	not_admitted	1	86;86550;87542;-;369.3	73;77556;78929;-;379.8	80;82048;82791;-;235.0	89;88551;91181;-;303.1	72;74737;77559;-;389.2	101;96554;97981;-;94.4	89;88551;91181;-;98.4	103;98696;99262;-;183.8	83;84915;85553;-;67.5	82;83068;84918;-;265.1	69;71050;73203;-;394.2	97;94911;95426;-;76.4	69;71050;73203;-;70.4	A	9/9	contiguous	27646	1	1	74219..74716-;165;TraS;0
NZ_CP060920.1	MPF_F	IncFIB(AP001918)	149	0	0	GA	0															not_admitted	not_admitted	not_admitted	not_admitted	not_admitted	not_admitted	not_admitted	not_admitted	not_admitted	not_admitted	1	86;86550;87542;-;369.3	73;77556;78929;-;379.8	80;82048;82791;-;235.0	89;88551;91181;-;303.1	72;74737;77559;-;389.2	101;96554;97981;-;94.4	89;88551;91181;-;98.4	103;98696;99262;-;183.8	83;84915;85553;-;67.5	82;83068;84918;-;265.1	69;71050;73203;-;394.2	97;94911;95426;-;76.4	69;71050;73203;-;70.4	A	9/9	contiguous	27646	1	1	74219..74716-;165;TraS;0
NZ_CP060925.1	MPF_F	IncFIB(AP001918);IncFIC(FII);IncN	188	1	1	GA	1	157;130769;131278;+;79.6		57;49154;49471;-;63.3	56;46554;49154;-;113.8	56;46554;49154;-;76.4	55;45823;46536;-;105.5	53;44532;45572;-;142.4		52;43615;44313;-;131.9	51;42720;43604;-;159.7	50;41560;42720;-;156.3	49;40523;41518;-;81.2	98;76916;78445;+;38.5	138;116013;117821;-;268.4	pfam	both	A	7/7	canonical	1	0	unscoreable	32	0	1	140;118465;119457;-;369.3	129;111406;112779;-;378.0	136;114993;115736;-;234.1	143;120466;123093;-;305.4	128;108587;111409;-;389.5	50;41560;42720;-;156.3	143;120466;123093;-;98.5	151;127290;127856;-;183.8	139;117818;118456;-;68.4	138;116013;117821;-;268.4	125;104905;107058;-;391.9	145;123609;124124;-;78.4	125;104905;107058;-;70.4	A	9/9	split_2	85730	1	1	108074..108565-;163;TraS;0
NZ_CP060929.1	MPF_F	IncFIB(AP001918);IncFIC(FII)	155	0	0	GA	0															not_admitted	not_admitted	not_admitted	not_admitted	not_admitted	not_admitted	not_admitted	not_admitted	not_admitted	not_admitted	1	108;105006;105998;-;369.3	97;97947;99320;-;378.0	104;101534;102277;-;234.1	111;107007;109634;-;305.4	96;95128;97950;-;389.5	116;111689;113116;-;94.3	111;107007;109634;-;98.5	118;113831;114397;-;183.8	107;104359;104997;-;68.4	106;102554;104362;-;268.4	93;91446;93599;-;391.9	113;110150;110665;-;78.4	93;91446;93599;-;70.4	A	9/9	contiguous	22385	1	1	94615..95106-;163;TraS;0
NZ_CP060931.1	MPF_T	IncX3	61	0	0	GA	1	43;30603;31247;+;46.4	44;31231;31521;+;73.1	45;31546;34299;+;47.0	45;31546;34299;+;142.4	45;31546;34299;+;73.3	46;34309;35079;+;60.1	48;35358;36413;+;133.2		49;36608;37336;+;119.4	50;37342;38271;+;138.8	51;38268;39482;+;128.3	53;39678;40712;+;65.7	54;40715;42550;+;495.9		pfam	pfam_only	A	7/7	canonical	1	1	unscoreable	2	0	0														not_admitted	not_admitted	not_admitted	not_admitted	not_admitted	not_admitted	not_admitted
NZ_CP060934.1	MPF_F	IncFIB(AP001918)	149	0	0	GA	0															not_admitted	not_admitted	not_admitted	not_admitted	not_admitted	not_admitted	not_admitted	not_admitted	not_admitted	not_admitted	1	86;86550;87542;-;369.3	73;77556;78929;-;379.8	80;82048;82791;-;235.0	89;88551;91181;-;303.1	72;74737;77559;-;389.2	101;96554;97981;-;94.4	89;88551;91181;-;98.4	103;98696;99262;-;183.8	83;84915;85553;-;67.5	82;83068;84918;-;265.1	69;71050;73203;-;394.2	97;94911;95426;-;76.4	69;71050;73203;-;70.4	A	9/9	contiguous	27646	1	1	74219..74716-;165;TraS;0
NZ_CP060939.1	MPF_F	IncFII(pKP91);repB(R1701)	127	0	0	GA	0															not_admitted	not_admitted	not_admitted	not_admitted	not_admitted	not_admitted	not_admitted	not_admitted	not_admitted	not_admitted	1	102;90407;91399;+;366.6	112;96916;98283;+;381.2	108;94907;95659;+;233.7	99;86742;89381;+;259.3	113;98283;101105;+;345.1	89;81492;82916;+;88.4	99;86742;89381;+;88.8	87;80199;80765;+;167.0	103;91412;92050;+;66.7	104;92109;94064;+;258.5	117;103073;105385;+;393.1	91;83552;84109;+;52.7	117;103073;105385;+;66.6	A	9/9	contiguous	22874	1	1	101129..101731+;200;TraS;0
NZ_CP060941.1	MPF_T	IncX3	62	0	0	GA	1	14;12967;13611;-;46.4	13;12693;12983;-;73.1	12;9915;12668;-;47.0	12;9915;12668;-;142.4	12;9915;12668;-;73.3	11;9135;9905;-;60.1	9;7801;8856;-;133.2		8;6878;7606;-;119.4	7;5943;6872;-;138.8	6;4732;5946;-;128.3	4;3502;4536;-;65.7	3;1664;3499;-;495.9		pfam	pfam_only	A	7/7	canonical	1	1	unscoreable	2	0	0														not_admitted	not_admitted	not_admitted	not_admitted	not_admitted	not_admitted	not_admitted
NZ_CP060948.1	MPF_F	IncFII(pHN7A8)	102	0	0	GA	0															not_admitted	not_admitted	not_admitted	not_admitted	not_admitted	not_admitted	not_admitted	not_admitted	not_admitted	not_admitted	1	75;60035;61027;+;369.5	88;67860;69233;+;376.8	83;65551;66294;+;234.4	72;56399;59026;+;301.8	89;69230;72046;+;376.7	67;52917;54344;+;94.1	72;56399;59026;+;101.8	65;51636;52202;+;183.8	78;61973;62611;+;70.4	81;63424;65274;+;265.0	93;74347;76581;+;391.7	71;55368;55883;+;78.0	93;74347;76581;+;70.3	A	9/9	contiguous	22711	1	1	72079..72600+;173;unnamed;0
NZ_CP060949.1	MPF_T	IncX3	74	0	0	GA	1	54;49841;50485;-;46.4	53;49567;49857;-;73.1	52;46789;49542;-;47.0	52;46789;49542;-;142.4	52;46789;49542;-;73.3	51;46009;46779;-;60.1	49;44675;45730;-;133.2		48;43752;44480;-;119.4	47;42817;43746;-;138.8	46;41606;42820;-;128.3	44;40376;41410;-;65.7	43;38538;40373;-;495.9		pfam	pfam_only	A	7/7	canonical	1	1	unscoreable	2	0	0														not_admitted	not_admitted	not_admitted	not_admitted	not_admitted	not_admitted	not_admitted
NZ_CP060952.1	MPF_T	IncX3	73	0	0	GA	1	48;41090;41734;+;46.4	49;41718;42008;+;73.1	50;42033;44786;+;47.0	50;42033;44786;+;142.4	50;42033;44786;+;73.3	51;44796;45566;+;60.1	53;45845;46900;+;133.2		54;47095;47823;+;119.4	55;47829;48758;+;138.8	56;48755;49969;+;128.3	58;50165;51199;+;65.7	59;51202;53037;+;495.9		pfam	pfam_only	A	7/7	canonical	1	1	unscoreable	2	0	0														not_admitted	not_admitted	not_admitted	not_admitted	not_admitted	not_admitted	not_admitted
NZ_CP060954.1	MPF_F	IncC	205	0	0	GA	0															not_admitted	not_admitted	not_admitted	not_admitted	not_admitted	not_admitted	not_admitted	not_admitted	not_admitted	not_admitted	1	132;102360;103367;+;332.9	194;157520;158953;+;339.2	193;156490;157518;+;221.7	127;97161;99608;+;354.5	195;158966;162580;+;375.3	45;26117;27277;+;156.3	127;97161;99608;+;128.3	120;86765;87391;+;92.7	130;100430;101695;+;67.9	133;103483;106281;+;145.3	111;81090;82955;+;47.3	123;89602;90180;+;100.2	111;81090;82955;+;52.0	A	9/9	split_3	132849	0	1	
NZ_CP060964.1	MPF_F	IncFIB(AP001918)	129	0	0	GA	0															not_admitted	not_admitted	not_admitted	not_admitted	not_admitted	not_admitted	not_admitted	not_admitted	not_admitted	not_admitted	1	82;87366;88358;-;369.3			85;89367;91994;-;305.4		90;94049;95476;-;94.3	85;89367;91994;-;98.5	92;96191;96757;-;183.8			72;76236;77582;-;268.2	87;92510;93025;-;78.4	72;76236;77582;-;71.3	D	4/9	contiguous	19955	0	0	
NZ_CP060966.1	MPF_T	IncX3	58	0	0	GA	1	10;9920;10564;-;46.4	9;9646;9936;-;73.1	8;6868;9621;-;47.0	8;6868;9621;-;142.4	8;6868;9621;-;73.3	7;6088;6858;-;60.1	5;4754;5809;-;133.2		4;3831;4559;-;119.4	3;2896;3825;-;138.8	2;1685;2899;-;128.3	0;455;1489;-;65.7	57;44778;45845;-;328.0		pfam	pfam_only	A	7/7	canonical	1	1	unscoreable	2	0	0														not_admitted	not_admitted	not_admitted	not_admitted	not_admitted	not_admitted	not_admitted
NZ_CP060967.1	MPF_T	IncX4	41	0	0	GA	1	7;7426;8046;-;41.6	6;7086;7412;-;64.4	5;4320;7067;-;63.8	5;4320;7067;-;151.8	5;4320;7067;-;46.1	4;3592;4308;-;94.2	3;2486;3580;-;150.1		1;1285;1971;-;169.0	0;380;1288;-;142.4	40;32577;33182;-;163.6	39;31547;32575;-;85.0	38;29698;31515;-;314.8		pfam	pfam_only	A	7/7	canonical	1	1	unscoreable	1	0	0														not_admitted	not_admitted	not_admitted	not_admitted	not_admitted	not_admitted	not_admitted
NZ_CP060970.1	MPF_F	IncFIB(AP001918);IncFIC(FII)	156	0	0	GA	0															not_admitted	not_admitted	not_admitted	not_admitted	not_admitted	not_admitted	not_admitted	not_admitted	not_admitted	not_admitted	1	78;76693;77685;+;369.3	89;83371;84744;+;378.0	82;80414;81157;+;234.1	110;108890;110446;-;303.7	90;84741;87563;+;389.5	115;112501;113928;-;94.3	75;74500;75684;+;92.0	117;114643;115209;-;183.8	79;77694;78332;+;68.4	80;78329;80137;+;268.4	93;89092;91245;+;391.9	111;110962;111477;-;78.0	93;89092;91245;+;70.4	A	9/9	contiguous	40143	1	1	87585..88076+;163;TraS;0
NZ_CP060971.1	MPF_F	IncFII(pHN7A8);IncN	129	0	0	GA	0															not_admitted	not_admitted	not_admitted	not_admitted	not_admitted	not_admitted	not_admitted	not_admitted	not_admitted	not_admitted	1	102;85249;86241;+;369.5	115;93074;94447;+;376.8	110;90765;91508;+;234.4	99;81613;84240;+;301.8	116;94444;97260;+;376.7	91;75591;77018;+;94.3	99;81613;84240;+;101.8	89;74310;74876;+;183.8	105;87187;87825;+;70.4	108;88638;90488;+;265.0	120;99561;101813;+;391.7	98;80582;81097;+;78.0	120;99561;101813;+;70.3	A	9/9	contiguous	25251	1	1	97293..97814+;173;unnamed;0
NZ_CP060972.1	MPF_T	IncX3	57	0	0	GA	1	25;16622;17266;+;46.4	26;17250;17540;+;73.1	27;17565;20318;+;47.0	27;17565;20318;+;142.4	27;17565;20318;+;73.3	28;20328;21098;+;60.1	30;21377;22432;+;133.2		31;22627;23355;+;119.4	32;23361;24290;+;138.8	33;24287;25501;+;128.3	35;25697;26731;+;65.7	36;26734;28569;+;495.9		pfam	pfam_only	A	7/7	canonical	1	1	unscoreable	2	0	0														not_admitted	not_admitted	not_admitted	not_admitted	not_admitted	not_admitted	not_admitted
NZ_CP060975.1	MPF_F	IncFIB(AP001918);IncFIC(FII)	130	0	0	GA	0															not_admitted	not_admitted	not_admitted	not_admitted	not_admitted	not_admitted	not_admitted	not_admitted	not_admitted	not_admitted	1	79;68659;69651;-;366.7	68;61600;62973;-;378.0	75;65187;65930;-;234.1	82;70660;73287;-;305.4	67;60194;61603;-;385.0	88;75342;76769;-;94.3	82;70660;73287;-;98.5	90;77484;78050;-;183.8	78;68012;68650;-;68.4	77;66207;68015;-;268.4	63;55100;57253;-;391.9	84;73803;74318;-;78.4	63;55100;57253;-;70.4	A	9/9	contiguous	22384	1	1	58782..60212-;476;unnamed;0
NZ_CP060976.1	MPF_T	IncX3	60	0	0	GA	1	31;22223;22867;+;46.4	32;22851;23141;+;73.1	33;23166;25919;+;47.0	33;23166;25919;+;142.4	33;23166;25919;+;73.3	34;25929;26699;+;60.1	37;27207;28034;+;98.7		38;28229;28957;+;119.4	39;28963;29892;+;138.8	40;29889;31103;+;128.3	42;31299;32333;+;65.7	43;32336;34171;+;495.9		pfam	pfam_only	A	7/7	canonical	1	1	unscoreable	2	0	0														not_admitted	not_admitted	not_admitted	not_admitted	not_admitted	not_admitted	not_admitted
NZ_CP060977.1	MPF_T	IncX4	42	0	0	GA	1	17;10042;10662;+;41.6	18;10676;11002;+;64.4	19;11021;13768;+;63.8	19;11021;13768;+;151.8	19;11021;13768;+;46.1	20;13780;14496;+;94.2	21;14508;15602;+;150.1		23;16117;16803;+;169.0	24;16800;17708;+;142.4	25;17701;18819;+;163.9	26;18821;19849;+;85.0	27;19881;21698;+;314.8		pfam	pfam_only	A	7/7	canonical	1	1	unscoreable	1	0	0														not_admitted	not_admitted	not_admitted	not_admitted	not_admitted	not_admitted	not_admitted
NZ_CP060980.1	MPF_F	IncFIB(AP001918);IncFIC(FII)	147	0	0	GA	0															not_admitted	not_admitted	not_admitted	not_admitted	not_admitted	not_admitted	not_admitted	not_admitted	not_admitted	not_admitted	1	99;99731;100723;-;369.3	88;92672;94045;-;378.0	95;96259;97002;-;234.1	102;101732;104359;-;305.4	87;89853;92675;-;389.5	108;106414;107841;-;94.3	102;101732;104359;-;98.5	110;108556;109122;-;183.8	98;99084;99722;-;68.4	97;97279;99087;-;268.4	84;86171;88324;-;391.9	104;104875;105390;-;78.4	84;86171;88324;-;70.4	A	9/9	contiguous	22385	1	1	89340..89831-;163;TraS;0
NZ_CP060982.1	MPF_T	IncX3	60	0	0	GA	1	12;11486;12130;-;46.4	11;11212;11502;-;73.1	10;8434;11187;-;47.0	10;8434;11187;-;142.4	10;8434;11187;-;73.3	6;5525;6145;-;53.6	4;4191;5246;-;133.2		3;3268;3996;-;119.4	2;2333;3262;-;138.8	1;1122;2336;-;128.3		59;46344;48179;-;495.9		pfam	pfam_only	B	6/7	canonical	1	1	unscoreable	4	0	0														not_admitted	not_admitted	not_admitted	not_admitted	not_admitted	not_admitted	not_admitted
NZ_CP060983.1	MPF_T	IncX4	52	0	0	GA	1	19;10739;11359;+;46.9	20;11373;11699;+;64.4	21;11718;14465;+;62.7	21;11718;14465;+;151.8	21;11718;14465;+;46.1	22;14477;15193;+;97.3	23;15204;16283;+;157.5		25;16798;17484;+;167.4	26;17481;18389;+;142.3	27;18382;19500;+;162.9	28;19502;20530;+;85.0	29;20562;22379;+;316.5		pfam	pfam_only	A	7/7	canonical	1	1	unscoreable	1	0	0														not_admitted	not_admitted	not_admitted	not_admitted	not_admitted	not_admitted	not_admitted
NZ_CP060988.1	MPF_F	IncFIB(AP001918);IncFII	152	0	0	GA	0															not_admitted	not_admitted	not_admitted	not_admitted	not_admitted	not_admitted	not_admitted	not_admitted	not_admitted	not_admitted	1	96;94895;95887;-;370.2	88;88826;90199;-;380.4	92;91420;92163;-;233.3	99;96896;99523;-;303.5	87;86007;88829;-;386.8	103;101435;102862;-;94.3	99;96896;99523;-;100.3	105;103577;104143;-;183.8	95;94248;94886;-;68.3	94;92443;94251;-;268.2	84;82248;84473;-;391.7	100;100039;100554;-;78.0	84;82248;84473;-;70.3	A	9/9	contiguous	21329	1	1	85489..85986-;165;TraS;0
NZ_CP060990.1	MPF_T	IncX3	61	0	0	GA	1	2;3461;4105;-;46.4	1;3187;3477;-;73.1	0;409;3162;-;47.0	0;409;3162;-;142.4	0;409;3162;-;73.3		58;46816;47871;-;133.2		57;45893;46621;-;119.4	56;44958;45887;-;138.8	55;43747;44961;-;128.3	53;42517;43551;-;65.7	52;40679;42514;-;495.9		none	none	A	7/7	rearranged	0	1	unscoreable	1	0	0														not_admitted	not_admitted	not_admitted	not_admitted	not_admitted	not_admitted	not_admitted
NZ_CP061036.1	MPF_F	-	224	0	0	GA	0															not_admitted	not_admitted	not_admitted	not_admitted	not_admitted	not_admitted	not_admitted	not_admitted	not_admitted	not_admitted	1	9;7097;8863;+;363.2	13;12176;13615;+;349.9	12;11304;12176;+;231.6	3;1999;4539;+;425.2	14;13631;16897;+;357.1	0;11;379;+;66.4	3;1999;4539;+;97.0	221;200855;201439;+;185.0	9;7097;8863;+;114.0	10;9459;10940;+;283.1	33;32793;35270;-;496.0		33;32793;35270;-;53.1	B	8/9	split_2	200844	0	1	
NZ_CP061037.1	MPF_T	-	142	0	0	GA	1	50;48083;48682;+;37.5	52;50002;50328;+;71.0	53;50321;50662;+;86.9	54;51532;53022;+;58.5			58;54064;55122;+;104.4		60;55569;56246;+;181.8	61;56248;57255;+;191.3	62;57257;58585;+;170.5	63;58590;59612;+;96.8	64;59626;61533;+;318.8		none	none	A	7/7	canonical	0	0	unscoreable	5	0	0														not_admitted	not_admitted	not_admitted	not_admitted	not_admitted	not_admitted	not_admitted
NZ_CP061046.1	MPF_F	-	88	0	0	GA	0															not_admitted	not_admitted	not_admitted	not_admitted	not_admitted	not_admitted	not_admitted	not_admitted	not_admitted	not_admitted	1	85;77669;78661;+;198.8			80;72537;75401;+;302.3							61;56096;58186;+;29.5		61;56096;58186;+;47.5	D	2/9	contiguous	21573	0	0	
NZ_CP061048.1	MPF_F	IncFIB(S);IncFII(S);IncFII(pAR0022)	115	0	0	GA	0															not_admitted	not_admitted	not_admitted	not_admitted	not_admitted	not_admitted	not_admitted	not_admitted	not_admitted	not_admitted	1	41;38251;39243;-;366.7	32;31621;33003;-;392.4	35;34035;34784;-;231.0	44;40230;42878;-;314.1	31;28802;31624;-;394.4	52;45411;46832;-;91.5	44;40230;42878;-;97.8	54;47559;48125;-;188.1	39;37301;37939;-;70.6	37;35022;36848;-;271.0	28;24986;27148;-;374.1	49;44090;44605;-;96.7	28;24986;27148;-;72.1	A	9/9	contiguous	22573	1	1	28292..28780-;162;TraS;0
NZ_CP061051.1	MPF_F	-	88	0	0	GA	0															not_admitted	not_admitted	not_admitted	not_admitted	not_admitted	not_admitted	not_admitted	not_admitted	not_admitted	not_admitted	1	62;53715;54707;+;198.8			57;48583;51447;+;302.3	65;56526;58067;+;254.0						38;32142;34232;+;29.5		38;32142;34232;+;47.5	D	3/9	contiguous	24384	0	0	
NZ_CP061104.1	MPF_T	IncX1	48	0	0	GA	1	34;31588;32235;-;45.2	33;31314;31610;-;77.5	32;28542;31295;-;46.6	32;28542;31295;-;148.0	32;28542;31295;-;75.3	31;27782;28531;-;67.5	29;26410;27471;-;126.1		28;25452;26165;-;119.0	27;24518;25447;-;133.8	26;23316;24521;-;132.5	25;22283;23314;-;79.0	24;20445;22280;-;489.3		pfam	pfam_only	A	7/7	canonical	1	1	unscoreable	1	0	0														not_admitted	not_admitted	not_admitted	not_admitted	not_admitted	not_admitted	not_admitted
NZ_CP061110.1	MPF_T	IncX3	64	0	0	GA	1	22;14297;14941;+;46.4	23;14925;15215;+;73.1	24;15240;17993;+;47.0	24;15240;17993;+;142.4	24;15240;17993;+;73.3	25;18003;18773;+;60.1	27;19052;20107;+;132.8		28;20302;21030;+;119.4	29;21036;21965;+;138.8	30;21962;23176;+;128.3	32;23372;24406;+;65.7	33;24409;26244;+;495.9		pfam	pfam_only	A	7/7	canonical	1	1	unscoreable	2	0	0														not_admitted	not_admitted	not_admitted	not_admitted	not_admitted	not_admitted	not_admitted
NZ_CP061111.1	MPF_T	-	47	0	0	GA	1	3;2381;3154;-;21.6	14;12330;12713;-;68.3	13;12001;12327;-;50.2	12;9461;12004;-;99.2	12;9461;12004;-;108.9	7;5224;5994;-;107.5	5;3489;5084;-;119.6		11;8757;9464;-;88.1	10;7851;8741;-;156.2	8;6007;7401;-;218.2	15;12827;13783;-;133.6	36;29450;31393;+;443.4		conjscan	conjscan_only	A	7/7	canonical	1	0	unscoreable	4	0	0														not_admitted	not_admitted	not_admitted	not_admitted	not_admitted	not_admitted	not_admitted
NZ_CP061116.1	MPF_F	IncHI2;IncHI2A	305	0	0	GA	0															not_admitted	not_admitted	not_admitted	not_admitted	not_admitted	not_admitted	not_admitted	not_admitted	not_admitted	not_admitted	1	27;31207;32265;+;276.9	222;212575;213990;-;193.7	223;213980;215026;-;174.3	11;8955;11636;+;168.0	221;208613;212566;-;101.7	7;5270;6625;+;80.7	11;8955;11636;+;72.2	4;2758;3546;+;74.8	25;29554;31065;+;62.0	28;32284;35472;+;57.3	230;222068;224152;+;56.8	10;7996;8946;+;46.1	230;222068;224152;+;38.8	A	9/9	split_3	219310	1	1	207143..208432-;429;unnamed;0
NZ_CP061120.1	MPF_F	IncHI2;IncHI2A	275	0	0	GA	0															not_admitted	not_admitted	not_admitted	not_admitted	not_admitted	not_admitted	not_admitted	not_admitted	not_admitted	not_admitted	1	27;31208;32266;+;276.5	191;180628;182043;-;194.1	192;182033;183079;-;174.3	11;8955;11636;+;168.0	190;176666;180619;-;101.7	7;5270;6625;+;80.7	11;8955;11636;+;72.2	4;2758;3546;+;74.8	25;29555;31066;+;62.0	28;32285;35473;+;57.3	199;190121;192205;+;56.8	10;7996;8946;+;46.1	199;190121;192205;+;38.8	A	9/9	split_3	187363	1	1	175196..176485-;429;unnamed;0
NZ_CP061123.1	MPF_F	IncHI2;IncHI2A	280	0	0	GA	0															not_admitted	not_admitted	not_admitted	not_admitted	not_admitted	not_admitted	not_admitted	not_admitted	not_admitted	not_admitted	1	27;31208;32266;+;276.5	194;185117;186532;-;194.1	195;186522;187568;-;174.3	11;8955;11636;+;168.0	193;181155;185108;-;101.7	7;5270;6625;+;80.7	11;8955;11636;+;72.2	4;2758;3546;+;74.8	25;29555;31066;+;62.0	28;32285;35473;+;57.3	202;194610;196694;+;56.8	10;7996;8946;+;46.1	202;194610;196694;+;38.8	A	9/9	split_3	191852	1	1	179685..180974-;429;unnamed;0
NZ_CP061125.1	MPF_F	IncHI2;IncHI2A	275	0	0	GA	0															not_admitted	not_admitted	not_admitted	not_admitted	not_admitted	not_admitted	not_admitted	not_admitted	not_admitted	not_admitted	1	27;31208;32266;+;276.5	191;180648;182063;-;194.1	192;182053;183099;-;174.3	11;8955;11636;+;168.0	190;177262;180639;-;102.6	7;5270;6625;+;80.7	11;8955;11636;+;71.9	4;2758;3546;+;74.8	25;29555;31066;+;62.0	28;32285;35473;+;57.3	199;190141;192225;+;56.8	10;7996;8946;+;46.1	199;190141;192225;+;38.8	A	9/9	split_3	187383	0	1	
NZ_CP061127.1	MPF_F	IncHI2;IncHI2A	281	0	0	GA	0															not_admitted	not_admitted	not_admitted	not_admitted	not_admitted	not_admitted	not_admitted	not_admitted	not_admitted	not_admitted	1	27;31208;32266;+;276.9	200;183041;184456;-;194.1	201;184446;185492;-;174.3	11;8955;11636;+;168.0	199;179079;183032;-;101.7	7;5270;6625;+;80.7	11;8955;11636;+;72.2	4;2758;3546;+;74.8	25;29555;31066;+;61.8	28;32285;35473;+;57.3	208;192534;194618;+;56.8	10;7996;8946;+;46.1	208;192534;194618;+;38.8	A	9/9	split_3	189776	1	1	177609..178898-;429;unnamed;0
NZ_CP061128.1	MPF_T	IncI2(Delta)	73	0	0	GA	1	37;32821;33303;-;81.1		52;48910;49194;-;36.6	51;46547;48904;-;58.5	51;46547;48904;-;44.9	61;54006;54650;-;41.0	62;54656;55651;-;123.9		49;45647;46381;-;144.3	48;44880;45650;-;170.5	47;43751;44890;-;154.7	40;35082;36620;-;207.1	45;40703;42661;-;289.6		pfam	pfam_only	A	7/7	rearranged	1	0	unscoreable	14	0	0														not_admitted	not_admitted	not_admitted	not_admitted	not_admitted	not_admitted	not_admitted
NZ_CP061186.1	MPF_T	IncI2	86	0	0	GA	1	45;36570;37052;-;81.1		60;52654;52938;-;36.6	59;50291;52648;-;58.5	59;50291;52648;-;42.8	71;58501;59148;-;41.6	72;59154;60140;-;120.4		57;49391;50125;-;144.3	56;48624;49394;-;170.5	55;47495;48634;-;154.7	48;38820;40358;-;207.1	53;44447;46405;-;289.6		pfam	pfam_only	A	7/7	rearranged	1	0	unscoreable	16	0	0														not_admitted	not_admitted	not_admitted	not_admitted	not_admitted	not_admitted	not_admitted
NZ_CP061187.1	MPF_F	IncHI2;IncHI2A	168	0	0	GA	0															not_admitted	not_admitted	not_admitted	not_admitted	not_admitted	not_admitted	not_admitted	not_admitted	not_admitted	not_admitted	1	28;31208;32266;+;276.9			12;8955;11636;+;168.0		8;5270;6625;+;80.7	12;8955;11636;+;72.2	5;2758;3546;+;74.8	26;29555;31066;+;62.0	29;32285;35473;+;57.3		11;7996;8946;+;46.1		C	6/9	split_2	29527	0	1	
NZ_CP061188.1	MPF_F	IncFIA;IncFIB(AP001918);IncFIC(FII)	163	0	0	GA	0															not_admitted	not_admitted	not_admitted	not_admitted	not_admitted	not_admitted	not_admitted	not_admitted	not_admitted	not_admitted	1	91;102616;103608;-;369.3	80;95557;96930;-;378.0	87;99144;99887;-;234.5	94;104617;107244;-;305.4	79;92738;95560;-;389.5	100;109299;110726;-;94.3	94;104617;107244;-;98.5	102;111441;112007;-;182.9	90;101969;102607;-;68.4	89;100164;101972;-;268.4	76;89056;91209;-;391.9	96;107760;108275;-;78.4	76;89056;91209;-;70.4	A	9/9	contiguous	22385	1	1	92225..92716-;163;TraS;0
NZ_CP061207.1	MPF_F	Col156;IncFIB(AP001918);IncFII	137	0	0	GA	0															not_admitted	not_admitted	not_admitted	not_admitted	not_admitted	not_admitted	not_admitted	not_admitted	not_admitted	not_admitted	1	49;41908;42900;-;369.5	34;33067;34440;-;381.7	41;36645;37388;-;234.4	52;43909;46539;-;297.8	33;30251;33070;-;373.5	59;49807;51258;-;93.8	52;43909;46539;-;99.0	61;51973;52539;-;174.3	46;40327;40965;-;70.8	43;37665;39515;-;270.8	29;25711;27981;-;391.6	56;48432;48947;-;82.8	29;25711;27981;-;70.3	A	9/9	contiguous	26262	1	1	29735..30226-;163;TraS;0
NZ_CP061279.1	MPF_T	IncX4	42	0	0	GA	1	37;30981;31601;-;41.6	36;30641;30967;-;64.4	35;27875;30622;-;63.8	35;27875;30622;-;151.8	35;27875;30622;-;46.1	34;27147;27863;-;94.2	33;26041;27135;-;150.1		31;24840;25526;-;169.0	30;23935;24843;-;142.4	29;22824;23942;-;163.9	28;21794;22822;-;85.0	27;19945;21762;-;314.8		pfam	pfam_only	A	7/7	canonical	1	1	unscoreable	1	0	0														not_admitted	not_admitted	not_admitted	not_admitted	not_admitted	not_admitted	not_admitted
NZ_CP061323.1	MPF_T	rep33;repUS33	136	0	0	GA	1				97;88179;90197;+;23.4									103;94207;95799;+;523.8		none	none	D	2/7	uncallable	0	0	unscoreable	5	0	0														not_admitted	not_admitted	not_admitted	not_admitted	not_admitted	not_admitted	not_admitted
NZ_CP061338.1	MPF_F	IncFIA;IncFIB(AP001918)	152	0	0	GA	0															not_admitted	not_admitted	not_admitted	not_admitted	not_admitted	not_admitted	not_admitted	not_admitted	not_admitted	not_admitted	1	72;57911;58903;+;369.3	83;64590;65963;+;380.4	76;61632;62375;+;235.0	69;54275;56902;+;305.4	84;65960;68776;+;387.9	60;48309;49736;+;94.3	69;54275;56902;+;98.5	58;47028;47594;+;182.9	73;58912;59550;+;68.4	74;59547;61355;+;268.4	87;70339;72546;+;391.4	67;53244;53759;+;78.4	87;70339;72546;+;69.2	A	9/9	contiguous	23311	1	1	68809..69330+;173;unnamed;0
NZ_CP061340.1	MPF_F	IncFIA;IncFIB(AP001918)	144	0	0	GA	0															not_admitted	not_admitted	not_admitted	not_admitted	not_admitted	not_admitted	not_admitted	not_admitted	not_admitted	not_admitted	1	64;61048;62040;+;369.3	75;67727;69100;+;380.4	68;64769;65512;+;235.0	61;57412;60039;+;305.4	76;69097;71913;+;387.9	53;52669;54096;+;94.3	61;57412;60039;+;98.5	51;51388;51954;+;182.9	65;62049;62687;+;68.4	66;62684;64492;+;268.4	79;73476;75683;+;391.4	59;56381;56896;+;78.4	79;73476;75683;+;69.2	A	9/9	contiguous	22088	1	1	71946..72467+;173;unnamed;0
NZ_CP061347.1	MPF_F	IncFII(pHN7A8);IncR	214	0	0	GA	0															not_admitted	not_admitted	not_admitted	not_admitted	not_admitted	not_admitted	not_admitted	not_admitted	not_admitted	not_admitted	1	66;51504;52496;+;369.5	79;59329;60702;+;376.8	74;57020;57763;+;234.4	63;47868;50495;+;301.8	80;60699;63515;+;376.7	58;44386;45813;+;94.1	63;47868;50495;+;101.8	56;43105;43671;+;183.8	69;53442;54080;+;70.4	72;54893;56743;+;265.0	84;65816;68032;+;391.7	62;46837;47352;+;77.6	84;65816;68032;+;70.3	A	9/9	contiguous	22711	1	1	63548..64069+;173;unnamed;0
NZ_CP061352.1	MPF_F	IncFII(K);repB(R1701)	133	0	0	GA	0															not_admitted	not_admitted	not_admitted	not_admitted	not_admitted	not_admitted	not_admitted	not_admitted	not_admitted	not_admitted	1	108;81939;82928;+;366.0	118;88419;89789;+;380.7	114;86465;87217;+;230.7	104;77857;80496;+;258.5	119;89789;92632;+;346.5	96;73174;74598;+;89.2	104;77857;80496;+;88.7	94;71881;72447;+;169.3	109;82941;83579;+;67.0	110;83638;85593;+;259.7	123;95217;97529;+;392.8	97;74712;75296;+;55.4	123;95217;97529;+;65.9	A	9/9	contiguous	23336	1	1	92643..93167+;174;unnamed;0
NZ_CP061353.1	MPF_T	-	102	0	0	GA	1		81;61153;61536;-;68.7	80;60824;61150;-;48.3	79;58284;60827;-;98.2	79;58284;60827;-;107.1	74;54026;54808;-;105.1	72;52243;53814;-;111.3		78;57580;58287;-;91.0	77;56674;57564;-;153.1	75;54821;56215;-;220.3	82;61650;62606;-;135.2	37;29957;31903;+;442.7		conjscan	conjscan_only	A	7/7	canonical	1	0	unscoreable	3	0	0														not_admitted	not_admitted	not_admitted	not_admitted	not_admitted	not_admitted	not_admitted
NZ_CP061363.1	MPF_F	IncFII	93	0	0	GA	0															not_admitted	not_admitted	not_admitted	not_admitted	not_admitted	not_admitted	not_admitted	not_admitted	not_admitted	not_admitted	1	65;50706;51698;+;369.5	75;57477;58850;+;381.7	70;54804;55547;+;234.4	62;47067;49697;+;304.1	76;58847;61669;+;374.0	54;42214;43665;+;94.2	62;47067;49697;+;96.8	52;40933;41499;+;174.3	67;52042;52680;+;68.6	68;52677;54527;+;266.1	80;63941;66139;+;391.2	57;44525;45040;+;78.4	80;63941;66139;+;70.3	A	9/9	contiguous	23008	1	1	61691..62170+;159;TraS;0
NZ_CP061382.1	MPF_F	IncFIA(pBK30683);IncFII(Yp)	154	0	0	GA	0															not_admitted	not_admitted	not_admitted	not_admitted	not_admitted	not_admitted	not_admitted	not_admitted	not_admitted	not_admitted	1	131;112238;113230;+;363.2	140;118320;119690;+;378.1	137;116784;117536;+;223.8	128;108573;111212;+;259.1	141;119690;122569;+;343.0	118;103389;104810;+;87.4	128;108573;111212;+;83.9	116;102096;102662;+;167.2	132;113243;113881;+;66.0	133;113940;115895;+;260.1	143;123339;125639;+;390.5	120;105271;105834;+;55.8	143;123339;125639;+;65.8	A	9/9	contiguous	21243	1	1	122572..123102+;176;unnamed;0
NZ_CP061386.1	MPF_F	IncFIB(K);IncX3	223	1	0	GA	1	187;158212;158697;+;82.5	111;102606;102896;-;73.1	110;99828;102581;-;47.0	110;99828;102581;-;145.4	110;99828;102581;-;73.3	109;99048;99818;-;60.1	107;97714;98769;-;133.2		106;96791;97519;-;119.4	105;95856;96785;-;138.8	104;94645;95859;-;128.3	102;93415;94449;-;65.7	101;91577;93412;-;495.9	166;140932;142938;-;259.0	pfam	pfam_only	A	7/7	canonical	1	1	unscoreable	21	0	1	168;143586;144578;-;366.6		162;139337;140089;-;232.4	171;145604;148243;-;258.7		104;94645;95859;-;128.3	171;145604;148243;-;88.8	182;154209;154799;-;164.5	167;142935;143573;-;67.0	166;140932;142938;-;259.0	101;91577;93412;-;64.4	178;150877;151446;-;49.7	101;91577;93412;-;88.7	C	7/9	split_2	62632	0	1	
NZ_CP061387.1	MPF_F	IncFIB(pQil);IncFII(K)	133	0	0	GA	0															not_admitted	not_admitted	not_admitted	not_admitted	not_admitted	not_admitted	not_admitted	not_admitted	not_admitted	not_admitted	1	79;76146;77135;-;366.0	68;68455;69822;-;380.7	72;71080;71832;-;233.7	83;78578;81217;-;258.5	67;65606;68455;-;345.6	91;84474;85898;-;88.8	83;78578;81217;-;88.7	93;86625;87191;-;169.3	78;75495;76133;-;67.0	77;73481;75436;-;259.7	63;60808;63120;-;392.7	90;83776;84360;-;55.4	63;60808;63120;-;66.5	A	9/9	contiguous	25817	1	1	65045..65593-;182;unnamed;0
NZ_CP061392.1	MPF_F	IncFII(pBK30683)	92	0	0	GA	0															not_admitted	not_admitted	not_admitted	not_admitted	not_admitted	not_admitted	not_admitted	not_admitted	not_admitted	not_admitted	1	67;52496;53485;+;363.3	77;59032;60399;+;382.7	73;57022;57774;+;233.7	63;48400;51039;+;258.5	78;60399;63248;+;345.6	55;43719;45143;+;89.2	63;48400;51039;+;87.7	53;42426;42992;+;169.3	68;53498;54136;+;66.0	69;54195;56150;+;259.7	82;65734;68046;+;392.7	56;45257;45841;+;55.4	82;65734;68046;+;66.5	A	9/9	contiguous	23308	1	1	63261..63809+;182;unnamed;0
NZ_CP061393.1	MPF_F	IncFII(Yp)	82	0	0	GA	0															not_admitted	not_admitted	not_admitted	not_admitted	not_admitted	not_admitted	not_admitted	not_admitted	not_admitted	not_admitted	1	59;42327;43319;+;362.9	68;48409;49779;+;378.1	65;46873;47625;+;223.8	56;38662;41301;+;259.1	69;49779;52658;+;343.0	46;33478;34899;+;87.4	56;38662;41301;+;83.9	44;32185;32751;+;167.2	60;43332;43970;+;66.0	61;44029;45984;+;255.2	71;53428;55728;+;390.5	48;35360;35923;+;55.8	71;53428;55728;+;65.8	A	9/9	contiguous	21243	1	1	52661..53191+;176;unnamed;0
NZ_CP061397.1	MPF_F	IncFIB(K);IncFII(K)	184	0	0	GA	0															not_admitted	not_admitted	not_admitted	not_admitted	not_admitted	not_admitted	not_admitted	not_admitted	not_admitted	not_admitted	1	128;134466;135458;-;366.6	118;127645;129015;-;381.2	122;130217;130969;-;232.4	131;136484;139123;-;258.7	117;124796;127645;-;344.2	140;142938;144362;-;89.2	131;136484;139123;-;88.8	142;145089;145655;-;167.0	127;133815;134453;-;67.0	126;131812;133818;-;259.0	113;120673;122982;-;393.2	138;141757;142326;-;49.7	113;120673;122982;-;65.8	A	9/9	contiguous	24416	1	1	124263..124793-;176;unnamed;0
NZ_CP061400.1	MPF_F	IncFII(pBK30683);repB(R1701)	145	0	0	GA	0															not_admitted	not_admitted	not_admitted	not_admitted	not_admitted	not_admitted	not_admitted	not_admitted	not_admitted	not_admitted	1	74;73757;74746;-;363.3	64;66843;68210;-;382.7	68;69468;70220;-;233.7	78;76203;78842;-;258.5	63;63994;66843;-;345.6	86;82099;83523;-;88.0	78;76203;78842;-;87.7	88;84250;84816;-;169.3	73;73106;73744;-;66.0	72;71092;73047;-;259.7	59;59196;61508;-;392.7	85;81401;81985;-;55.4	59;59196;61508;-;66.5	A	9/9	contiguous	25054	1	1	63433..63981-;182;unnamed;0
NZ_CP061405.1	MPF_F	IncFIB(K);IncFII(K)	170	0	0	GA	0															not_admitted	not_admitted	not_admitted	not_admitted	not_admitted	not_admitted	not_admitted	not_admitted	not_admitted	not_admitted	1	52;37114;38106;+;361.5	62;43557;44927;+;381.2	58;41603;42355;+;232.4	49;33449;36088;+;258.7	63;44927;47776;+;344.2	40;28210;29634;+;89.2	49;33449;36088;+;88.8	38;26917;27483;+;167.0	53;38119;38757;+;67.0	54;38754;40760;+;259.0	67;49589;51898;+;393.2	42;30246;30815;+;49.7	67;49589;51898;+;65.8	A	9/9	contiguous	22672	1	1	47779..48477+;232;unnamed;0
NZ_CP061406.1	-	ColRNAI;IncFIA(HI1);IncFII(K);IncFII(pAR0022)	89	0	0	GA	0															not_admitted	not_admitted	not_admitted	not_admitted	not_admitted	not_admitted	not_admitted	not_admitted	not_admitted	not_admitted	1	58;53861;54859;+;370.9	63;58590;59954;+;352.8	61;57219;57992;+;208.9	55;50202;52823;+;214.6	64;59957;62827;+;238.4	52;47911;49242;+;86.5	55;50202;52823;+;89.0	50;46630;47205;+;87.7	59;54829;55257;+;63.5	60;55285;57222;+;232.0	66;63554;65686;+;375.4	54;49663;50193;+;32.9	66;63554;65686;+;65.1	A	9/9	contiguous	16924	1	1	62836..63399+;187;unnamed;0
NZ_CP061493.1	MPF_F	IncHI2;IncHI2A	350	0	0	GA	0															not_admitted	not_admitted	not_admitted	not_admitted	not_admitted	not_admitted	not_admitted	not_admitted	not_admitted	not_admitted	1	29;32275;33333;+;276.9	229;203786;205201;-;194.1	230;205191;206237;-;173.7	11;8955;11636;+;168.0	228;199827;203777;-;101.6	7;5270;6625;+;80.7	11;8955;11636;+;72.2	4;2758;3546;+;74.8	27;30622;32133;+;62.7	30;33352;36540;+;58.3	236;213278;215362;+;56.7	10;7996;8946;+;46.4	236;213278;215362;+;38.8	A	9/9	split_3	210520	0	1	
NZ_CP061494.1	MPF_F	IncHI2;IncHI2A	342	0	0	GA	0															not_admitted	not_admitted	not_admitted	not_admitted	not_admitted	not_admitted	not_admitted	not_admitted	not_admitted	not_admitted	1	29;32275;33333;+;276.9	229;203786;205201;-;194.1	230;205191;206237;-;173.7	11;8955;11636;+;168.0	228;199827;203777;-;101.6	7;5270;6625;+;80.7	11;8955;11636;+;72.2	4;2758;3546;+;74.8	27;30622;32133;+;62.7	30;33352;36540;+;58.3	238;214478;216562;+;56.7	10;7996;8946;+;46.4	238;214478;216562;+;38.8	A	9/9	split_3	211720	0	1	
NZ_CP061495.1	MPF_F	IncHI2;IncHI2A	332	0	0	GA	0															not_admitted	not_admitted	not_admitted	not_admitted	not_admitted	not_admitted	not_admitted	not_admitted	not_admitted	not_admitted	1	29;32275;33333;+;276.9	244;214352;215767;-;194.1	245;215757;216803;-;173.7	11;8955;11636;+;168.0	243;210393;214343;-;101.6	7;5270;6625;+;80.7	11;8955;11636;+;72.2	4;2758;3546;+;74.8	27;30622;32133;+;62.7	30;33352;36540;+;58.3	251;223844;225928;+;56.7	10;7996;8946;+;46.4	251;223844;225928;+;38.8	A	9/9	split_3	221086	0	1	
NZ_CP061496.1	MPF_F	IncHI2;IncHI2A	351	0	0	GA	0															not_admitted	not_admitted	not_admitted	not_admitted	not_admitted	not_admitted	not_admitted	not_admitted	not_admitted	not_admitted	1	29;32275;33333;+;276.9	239;215127;216542;-;194.1	240;216532;217578;-;173.7	11;8955;11636;+;168.0	238;211168;215118;-;101.6	7;5270;6625;+;80.7	11;8955;11636;+;72.2	4;2758;3546;+;74.8	27;30622;32133;+;62.7	30;33352;36540;+;58.3	246;224619;226703;+;56.7	10;7996;8946;+;46.4	246;224619;226703;+;38.8	A	9/9	split_3	221861	0	1	
NZ_CP061500.1	MPF_T	-	148	0	0	GA	1	67;57715;58881;+;78.6	63;54501;54815;+;74.1	64;54825;55103;+;78.8	65;55093;57495;+;98.8	65;55093;57495;+;42.7	68;58878;59675;+;56.4	74;63863;64888;+;122.1		69;59672;60337;+;138.3	70;60334;61065;+;166.1	71;61062;62390;+;176.6	72;62392;63426;+;102.2	89;75885;77852;-;275.8		pfam	both	A	7/7	canonical	1	0	unscoreable	2	0	0														not_admitted	not_admitted	not_admitted	not_admitted	not_admitted	not_admitted	not_admitted
NZ_CP061503.1	MPF_T	-	31	0	0	GA	1				19;21929;23923;+;26.6									24;27481;29559;+;451.4		none	none	D	2/7	uncallable	0	0	unscoreable	4	0	0														not_admitted	not_admitted	not_admitted	not_admitted	not_admitted	not_admitted	not_admitted
NZ_CP061516.1	MPF_F	-	118	0	0	GA	0															not_admitted	not_admitted	not_admitted	not_admitted	not_admitted	not_admitted	not_admitted	not_admitted	not_admitted	not_admitted	1	0;1;1044;+;369.2	5;5027;6454;+;325.8	3;3813;4625;+;219.1	114;79339;82065;+;164.6	6;6470;9472;+;208.7	110;76341;77657;+;102.7	114;79339;82065;+;108.4	108;75050;75628;+;83.7	1;1059;1766;+;107.6	2;1763;3820;+;91.0	89;62181;64340;+;381.3	113;78685;79329;+;41.9	89;62181;64340;+;90.0	A	9/9	split_2	79338	1	1	9544..10062+;172;unnamed;0
NZ_CP061532.1	MPF_T	IncFIA(HI1);IncFIB(K);IncX1	98	0	0	GA	1		30;28727;29023;-;77.5	29;25955;28708;-;46.6	29;25955;28708;-;148.0	29;25955;28708;-;75.3	28;25195;25944;-;67.5	26;23823;24884;-;135.0		25;22865;23578;-;120.0	24;21931;22860;-;133.8	23;20729;21934;-;132.5	22;19696;20727;-;79.0	21;17858;19693;-;486.8		pfam	pfam_only	A	7/7	canonical	1	1	unscoreable	1	0	0														not_admitted	not_admitted	not_admitted	not_admitted	not_admitted	not_admitted	not_admitted
NZ_CP061585.1	MPF_F	-	104	0	0	GA	0															not_admitted	not_admitted	not_admitted	not_admitted	not_admitted	not_admitted	not_admitted	not_admitted	not_admitted	not_admitted	1	97;65163;66206;+;369.2	102;70185;71612;+;325.8	100;68975;69787;+;219.1	93;60875;63601;+;164.6		89;57877;59193;+;102.7	93;60875;63601;+;108.4	87;56586;57164;+;82.0	98;66221;66928;+;107.6	99;66925;68982;+;92.2	69;43866;46025;+;381.4	92;60221;60865;+;41.9	69;43866;46025;+;89.7	B	8/9	contiguous	26319	0	1	
NZ_CP061586.1	-	-	88	0	0	GA	0															not_admitted	not_admitted	not_admitted	not_admitted	not_admitted	not_admitted	not_admitted	not_admitted	not_admitted	not_admitted	1	10;8599;9639;+;362.2	14;13883;15307;+;307.7	13;13049;13873;+;224.3	6;4407;7016;+;180.6	15;15322;18288;+;196.7	3;1658;2989;+;111.0	6;4407;7016;+;108.5	1;362;937;+;105.4	11;9651;10379;+;95.9	12;10372;13062;+;112.0	81;60450;62579;+;397.2	5;3710;4402;+;39.3	81;60450;62579;+;87.0	A	9/9	split_2	60088	1	1	18384..18881+;165;unnamed;0
NZ_CP061601.1	MPF_F	-	118	0	0	GA	0															not_admitted	not_admitted	not_admitted	not_admitted	not_admitted	not_admitted	not_admitted	not_admitted	not_admitted	not_admitted	1	88;56348;57391;-;369.2	82;50941;52368;-;325.8	84;52766;53578;-;219.1	92;58953;61115;-;120.5	81;48487;50925;-;209.5	97;63362;64678;-;102.7	92;58953;61115;-;109.1	99;65391;65969;-;82.0	87;55626;56333;-;107.6	85;53571;54503;-;102.4	3;2412;4571;-;381.4	94;61690;62334;-;41.9	3;2412;4571;-;89.7	A	9/9	split_2	62979	1	1	47906..48439-;177;unnamed;0
NZ_CP061606.1	-	-	88	0	0	GA	0															not_admitted	not_admitted	not_admitted	not_admitted	not_admitted	not_admitted	not_admitted	not_admitted	not_admitted	not_admitted	1	3;4291;5328;-;362.2	87;65443;66789;-;304.2	0;57;881;-;224.1	7;6917;9526;-;180.9	86;62453;65428;-;196.6	10;10943;12262;-;108.0	7;6917;9526;-;108.7	12;12982;13554;-;107.7	2;3551;4279;-;95.9	1;868;3558;-;112.7	22;20676;22805;-;395.2	8;9531;10223;-;37.8	22;20676;22805;-;86.9	A	9/9	split_2	65386	1	1	61860..62408-;182;unnamed;0
NZ_CP061616.1	-	-	88	0	0	GA	0															not_admitted	not_admitted	not_admitted	not_admitted	not_admitted	not_admitted	not_admitted	not_admitted	not_admitted	not_admitted	1	30;25383;26420;+;362.2	34;30664;32088;+;304.0	33;29830;30654;+;224.1	26;21185;23794;+;180.9	35;32103;35078;+;196.6	23;18449;19768;+;108.0	26;21185;23794;+;108.7	21;17157;17729;+;107.7	31;26432;27160;+;95.9	32;27153;29843;+;112.7	11;7906;10035;+;395.2	25;20488;21180;+;37.8	11;7906;10035;+;86.9	A	9/9	contiguous	24197	1	1	35123..35671+;182;unnamed;0
NZ_CP061623.1	MPF_F	-	105	0	0	GA	0															not_admitted	not_admitted	not_admitted	not_admitted	not_admitted	not_admitted	not_admitted	not_admitted	not_admitted	not_admitted	1	56;37131;38174;+;369.2	61;42153;43580;+;325.8	59;40943;41755;+;219.1	52;32843;35569;+;164.6	62;43596;46598;+;208.7	48;29845;31161;+;102.7	52;32843;35569;+;108.4	46;28554;29132;+;82.0	57;38189;38896;+;107.6	58;38893;40950;+;92.2	27;15835;17994;+;381.4	51;32189;32833;+;41.9	27;15835;17994;+;89.7	A	9/9	contiguous	27761	1	1	46670..47188+;172;unnamed;0
NZ_CP061632.1	MPF_F	-	104	0	0	GA	0															not_admitted	not_admitted	not_admitted	not_admitted	not_admitted	not_admitted	not_admitted	not_admitted	not_admitted	not_admitted	1	86;57298;58341;+;369.2	92;62319;63746;+;325.8	90;61109;61921;+;219.1	82;53010;55736;+;164.6	93;63762;66764;+;208.7	78;50012;51328;+;102.7	82;53010;55736;+;108.4	76;48721;49299;+;82.0	87;58356;59063;+;107.6	89;59944;61116;+;98.3	58;36001;38160;+;381.4	81;52356;53000;+;41.9	58;36001;38160;+;89.7	A	9/9	contiguous	27761	1	1	66836..67354+;172;unnamed;0
NZ_CP061637.1	MPF_F	-	103	0	0	GA	0															not_admitted	not_admitted	not_admitted	not_admitted	not_admitted	not_admitted	not_admitted	not_admitted	not_admitted	not_admitted	1	8;11368;12411;-;369.2	3;5962;7389;-;325.8	5;7787;8599;-;219.1	12;13973;16699;-;164.6	2;2944;5946;-;208.7	16;18381;19697;-;102.7	12;13973;16699;-;108.4	18;20410;20988;-;82.0	7;10646;11353;-;107.6	6;8592;10649;-;92.2	36;31550;33709;-;381.4	13;16709;17353;-;41.9	36;31550;33709;-;89.7	A	9/9	contiguous	28606	1	1	2354..2872-;172;unnamed;0
NZ_CP061643.1	MPF_F	-	104	0	0	GA	0															not_admitted	not_admitted	not_admitted	not_admitted	not_admitted	not_admitted	not_admitted	not_admitted	not_admitted	not_admitted	1	59;42853;43749;-;323.3	54;37299;38726;-;325.8	56;39124;39936;-;219.1	63;45311;48037;-;164.6	53;34281;37283;-;208.7	67;49719;51035;-;102.7	63;45311;48037;-;108.4	69;51748;52326;-;82.0	58;41983;42690;-;107.6	57;39929;41986;-;92.2	88;62888;65047;-;381.4	64;48047;48691;-;41.9	88;62888;65047;-;89.7	A	9/9	contiguous	28607	1	1	33994..34209-;71;unnamed;0
NZ_CP061652.1	MPF_F	-	115	0	0	GA	0															not_admitted	not_admitted	not_admitted	not_admitted	not_admitted	not_admitted	not_admitted	not_admitted	not_admitted	not_admitted	1	29;17373;18416;+;369.2	34;22395;23822;+;325.8	32;21185;21997;+;219.1	24;13087;14496;+;166.9	35;23838;26840;+;208.7	20;10413;11405;+;104.3	25;14493;15812;+;111.3	17;8799;9377;+;82.0	30;18431;19138;+;107.6	31;19135;21192;+;92.2	113;70183;72342;+;381.4	23;12433;13077;+;41.9	113;70183;72342;+;89.7	A	9/9	split_2	61384	1	1	26912..27430+;172;unnamed;0
NZ_CP061662.1	MPF_F	-	108	0	0	GA	0															not_admitted	not_admitted	not_admitted	not_admitted	not_admitted	not_admitted	not_admitted	not_admitted	not_admitted	not_admitted	1	3;1410;2453;+;369.2	8;6432;7859;+;325.8	6;5222;6034;+;219.1	107;72336;75062;+;164.6	9;7875;10877;+;208.7	103;69338;70654;+;102.7	107;72336;75062;+;108.4	101;68047;68625;+;82.0	4;2468;3175;+;107.6	5;3172;5229;+;92.2	83;55327;57486;+;381.4	106;71682;72326;+;41.9	83;55327;57486;+;89.7	A	9/9	split_2	70926	1	1	10949..11467+;172;unnamed;0
NZ_CP061671.1	MPF_F	-	99	0	0	GA	0															not_admitted	not_admitted	not_admitted	not_admitted	not_admitted	not_admitted	not_admitted	not_admitted	not_admitted	not_admitted	1	0;69;950;+;332.5	5;4929;6356;+;325.8	3;3719;4531;+;219.1	95;66397;69123;+;164.6	6;6372;9374;+;208.7	91;63399;64715;+;102.7	95;66397;69123;+;108.4	89;62108;62686;+;82.0	1;965;1672;+;107.6	2;1669;3726;+;92.2	71;49388;51547;+;381.4	94;65743;66387;+;41.9	71;49388;51547;+;89.7	A	9/9	split_2	66328	1	1	9446..9964+;172;unnamed;0
NZ_CP061677.1	MPF_F	-	104	0	0	GA	0															not_admitted	not_admitted	not_admitted	not_admitted	not_admitted	not_admitted	not_admitted	not_admitted	not_admitted	not_admitted	1	46;34576;35619;-;369.2	41;29170;30597;-;325.8	43;30995;31807;-;219.1	50;37181;39907;-;164.6	40;26152;29154;-;208.7	54;41589;42905;-;102.7	50;37181;39907;-;108.4	56;43618;44196;-;82.0	45;33854;34561;-;107.6	44;31800;33857;-;92.2	75;54756;56915;-;381.4	51;39917;40561;-;41.9	75;54756;56915;-;89.7	A	9/9	contiguous	28604	1	1	25562..26080-;172;unnamed;0
NZ_CP061701.1	MPF_F	repFIB;repHI5B	369	0	0	GA	0															not_admitted	not_admitted	not_admitted	not_admitted	not_admitted	not_admitted	not_admitted	not_admitted	not_admitted	not_admitted	1	335;304450;305487;+;283.2	173;170746;172170;-;188.6	174;172139;173182;-;171.0	320;288815;291532;+;149.9	339;310059;313991;+;121.2	316;285335;286702;+;63.8	320;288815;291532;+;87.4	313;282842;283705;+;82.3	334;303092;304453;+;72.2	336;305497;308679;+;61.2	181;180449;182575;+;60.3	319;288032;288766;+;59.3	181;180449;182575;+;43.0	A	9/9	split_2	139313	0	1	
NZ_CP061746.1	MPF_T	IncHI2;IncHI2A	404	1	0	GA	1	377;329244;329978;-;32.5		374;328284;328601;-;63.3	373;325684;328284;-;113.8	373;325684;328284;-;76.4	372;324953;325666;-;105.5	370;323662;324702;-;142.4		369;322745;323443;-;131.9	368;321850;322734;-;159.7	367;320690;321850;-;156.3	366;319653;320648;-;81.2		70;69774;72962;+;58.3	pfam	both	B	6/7	canonical	1	0	unscoreable	3	0	1	69;68697;69755;+;276.9			51;45377;48058;+;168.0		367;320690;321850;-;156.3	51;45377;48058;+;72.2	44;39180;39968;+;74.8	67;67044;68555;+;62.7	70;69774;72962;+;58.3	279;250959;253043;+;56.7	50;44418;45368;+;46.4	279;250959;253043;+;38.8	C	6/9	split_4	281510	0	1	
NZ_CP061747.1	MPF_T	IncX3	60	0	0	GA	1	30;20083;20727;+;46.4	31;20711;21001;+;73.1	32;21026;23779;+;47.0	32;21026;23779;+;142.4	32;21026;23779;+;73.3	33;23789;24559;+;60.1	35;24838;25893;+;133.2		36;26088;26816;+;119.4	37;26822;27751;+;138.8	38;27748;28962;+;128.3	40;29158;30192;+;65.7	41;30195;32030;+;495.9		pfam	pfam_only	A	7/7	canonical	1	1	unscoreable	2	0	0														not_admitted	not_admitted	not_admitted	not_admitted	not_admitted	not_admitted	not_admitted
NZ_CP061750.1	MPF_F	IncFII;IncX1	144	0	0	GA	0															not_admitted	not_admitted	not_admitted	not_admitted	not_admitted	not_admitted	not_admitted	not_admitted	not_admitted	not_admitted	1	121;105097;106089;+;369.3	132;112139;113512;+;381.0	127;109806;110549;+;233.3	118;101461;104088;+;305.4	133;113509;116334;+;389.2	112;97883;99310;+;94.3	118;101461;104088;+;98.8	110;96602;97168;+;183.8	124;107086;107724;+;68.6	125;107721;109529;+;268.0	136;117837;120035;+;391.8	116;100431;100946;+;78.4	6;6944;8158;+;85.7	A	9/9	split_2	110893	1	1	116331..116840+;169;unnamed;0
NZ_CP061755.1	MPF_F	IncHI1A;IncHI1B(R27)	283	0	0	GA	0															not_admitted	not_admitted	not_admitted	not_admitted	not_admitted	not_admitted	not_admitted	not_admitted	not_admitted	not_admitted	1	228;216244;217296;+;277.6	79;71464;72879;+;201.5	78;70428;71474;+;172.2	207;192350;195031;+;160.6	80;72888;76877;+;102.8	203;188644;190002;+;84.0	207;192350;195031;+;76.5	200;186192;186977;+;68.7	226;214591;216099;+;65.6	229;217319;220495;+;58.9	72;61409;63493;-;50.2	206;191391;192341;+;45.2	72;61409;63493;-;36.5	A	9/9	split_3	155910	0	1	
NZ_CP061759.1	MPF_F	IncFIB(K);IncFII(Yp);IncFII(pAR0022)	177	0	0	GA	0															not_admitted	not_admitted	not_admitted	not_admitted	not_admitted	not_admitted	not_admitted	not_admitted	not_admitted	not_admitted	1	49;52885;53871;-;370.3	42;47216;48589;-;375.9	45;49389;50138;-;217.5	52;54865;57495;-;285.5	41;44397;47216;-;335.9	58;59523;60917;-;88.7	52;54865;57495;-;98.6	60;61634;62200;-;170.1	48;52239;52868;-;66.7	47;50389;52242;-;258.2	38;40732;42999;-;384.7	57;58962;59501;-;66.4	38;40732;42999;-;63.8	A	9/9	contiguous	20902	1	1	43899..44372-;157;TraS;0
NZ_CP061833.1	MPF_F	IncFIB(K);IncFII(K)	215	0	0	GA	0															not_admitted	not_admitted	not_admitted	not_admitted	not_admitted	not_admitted	not_admitted	not_admitted	not_admitted	not_admitted	1	147;139149;140138;-;363.3	136;131963;133330;-;383.5	140;134588;135340;-;233.7	151;141595;144234;-;259.0	135;129141;131963;-;346.5	162;148202;149626;-;88.0	151;141595;144234;-;88.7	164;150353;150919;-;167.9	145;138226;138873;-;66.9	144;136212;138167;-;259.7	131;124211;126523;-;392.8	159;147006;147590;-;53.8	131;124211;126523;-;65.9	A	9/9	contiguous	26142	1	1	128516..129118-;200;TraS;0
NZ_CP061841.1	MPF_F	-	139	0	0	GA	0															not_admitted	not_admitted	not_admitted	not_admitted	not_admitted	not_admitted	not_admitted	not_admitted	not_admitted	not_admitted	1	115;109735;110700;-;347.3	110;104591;105961;-;321.2	112;106479;107267;-;140.4	118;111690;114407;-;204.8	109;101835;104594;-;260.5	119;114516;115970;-;45.2	118;111690;114407;-;101.7	121;116701;117258;-;94.4	114;109056;109718;-;81.2	113;107264;109027;-;214.0	108;99753;101756;-;365.3		108;99753;101756;-;70.6	B	8/9	contiguous	16948	1	1	99753..101756-;667;unnamed;0
NZ_CP061843.1	MPF_F	IncFII(K);repB(R1701)	219	0	0	GA	0															not_admitted	not_admitted	not_admitted	not_admitted	not_admitted	not_admitted	not_admitted	not_admitted	not_admitted	not_admitted	1	159;130716;131705;-;366.6	149;123801;125168;-;384.0	153;126426;126881;-;165.8	163;133148;135787;-;258.5	148;122893;123801;-;215.4	170;138980;140059;-;89.8	163;133148;135787;-;88.2	173;141132;141698;-;169.3	158;130065;130703;-;66.9	157;128051;130006;-;259.7	141;116174;118486;-;393.1	169;138282;138866;-;53.6	141;116174;118486;-;66.6	A	9/9	contiguous	24958	1	1	121362..122852-;496;unnamed;0
NZ_CP061856.1	-	-	158	0	0	GA	0															not_admitted	not_admitted	not_admitted	not_admitted	not_admitted	not_admitted	not_admitted	not_admitted	not_admitted	not_admitted	1				96;80503;82905;+;151.4		92;77031;78575;+;90.7	96;80503;82905;+;98.3	90;75697;76155;+;112.2			106;87078;88538;+;336.6	93;78589;79005;+;34.7	106;87078;88538;+;73.3	D	3/9	contiguous	11381	0	0	
NZ_CP061863.1	-	-	158	0	0	GA	0															not_admitted	not_admitted	not_admitted	not_admitted	not_admitted	not_admitted	not_admitted	not_admitted	not_admitted	not_admitted	1				97;80496;82898;+;151.4		93;77024;78568;+;90.7	97;80496;82898;+;98.3	91;75690;76148;+;112.2			107;87071;88531;+;336.6	94;78582;78998;+;34.7	107;87071;88531;+;73.3	D	3/9	contiguous	11381	0	0	
NZ_CP061915.1	MPF_F	IncFII	85	0	0	GA	0															not_admitted	not_admitted	not_admitted	not_admitted	not_admitted	not_admitted	not_admitted	not_admitted	not_admitted	not_admitted	1	56;39944;40936;+;364.3	68;47355;48728;+;378.9	61;44184;44927;+;235.0	53;36305;38935;+;297.8	69;48725;51544;+;386.9	44;31230;32660;+;93.3	53;36305;38935;+;100.7	42;29949;30515;+;183.4	58;41423;42061;+;69.8	59;42058;43908;+;264.7	73;53763;55988;+;385.5	48;33782;34297;+;79.5	73;53763;55988;+;68.5	A	9/9	contiguous	23814	0	1	
NZ_CP061931.1	MPF_F	IncC	239	0	0	GA	0															not_admitted	not_admitted	not_admitted	not_admitted	not_admitted	not_admitted	not_admitted	not_admitted	not_admitted	not_admitted	1	121;104586;105593;-;332.9	223;182234;183667;-;339.2	224;183669;184697;-;221.7	126;108345;110792;-;354.2	222;178607;182221;-;375.0	131;118303;119619;-;135.0	126;108345;110792;-;128.6	133;120517;121143;-;92.1	123;106258;107523;-;67.6	120;101675;104470;-;145.3	142;124953;126818;-;47.4	130;117728;118306;-;100.2	142;124953;126818;-;52.0	A	9/9	split_2	81994	0	1	
NZ_CP061932.1	MPF_F	IncFII(pKP91);IncR	238	0	0	GA	0															not_admitted	not_admitted	not_admitted	not_admitted	not_admitted	not_admitted	not_admitted	not_admitted	not_admitted	not_admitted	1	56;54549;55541;-;362.9	46;47618;48985;-;382.8	50;50243;50995;-;226.1	59;56567;59206;-;259.1	45;44775;47618;-;345.8	69;63020;64444;-;84.2	59;56567;59206;-;83.9	71;65171;65737;-;168.4	55;53898;54536;-;66.0	54;51884;53839;-;256.5	40;38758;41076;-;390.6	67;61839;62408;-;53.7	40;38758;41076;-;66.7	A	9/9	contiguous	26413	1	1	44240..44764-;174;unnamed;0
NZ_CP061933.1	MPF_F	IncFIB(K);IncFII(K)	162	0	0	GA	0															not_admitted	not_admitted	not_admitted	not_admitted	not_admitted	not_admitted	not_admitted	not_admitted	not_admitted	not_admitted	1	29;27580;28569;-;366.3	16;19776;21146;-;383.5	20;22342;23094;-;233.1	32;29598;32237;-;260.6	15;16921;19776;-;339.0	42;35734;37155;-;85.8	32;29598;32237;-;90.5	44;37879;38445;-;157.8	28;26938;27567;-;62.5	27;24983;26938;-;253.9	9;10359;12668;-;393.8	40;34541;35110;-;55.5	9;10359;12668;-;67.2	A	9/9	contiguous	27520	1	1	16652..16915-;87;unnamed;0
NZ_CP061949.1	MPF_F	IncFIB(pNDM-Mar);IncHI1B(pNDM-MAR)	315	0	0	GA	0															not_admitted	not_admitted	not_admitted	not_admitted	not_admitted	not_admitted	not_admitted	not_admitted	not_admitted	not_admitted	1	181;168913;169950;-;282.3	92;86011;87420;-;190.4	93;87410;88447;-;176.7	193;180782;183499;-;148.7	91;82071;86009;-;118.9	197;185612;186982;-;65.6	193;180782;183499;-;85.2	200;188628;189488;-;79.0	182;169947;171308;-;69.9	180;165718;168903;-;58.9	100;95629;97755;+;57.7	194;183544;184281;-;57.1	100;95629;97755;+;41.0	A	9/9	split_2	106557	0	1	
NZ_CP061953.1	MPF_F	IncFIB(K);IncFII(K)	185	0	0	GA	0															not_admitted	not_admitted	not_admitted	not_admitted	not_admitted	not_admitted	not_admitted	not_admitted	not_admitted	not_admitted	1	7;4956;5948;-;366.6	183;166275;167645;-;381.2	2;709;894;-;32.8	10;6974;9613;-;258.7	182;163426;166275;-;344.2	19;13428;14852;-;89.2	10;6974;9613;-;88.8	21;15579;16145;-;167.0	6;4305;4943;-;67.0	5;2323;4308;-;259.1	178;159303;161612;-;393.2	17;12247;12816;-;49.7	178;159303;161612;-;65.8	A	9/9	split_2	165566	1	1	162893..163423-;176;unnamed;0
NZ_CP061954.1	MPF_T	-	42	0	0	GA	1	31;23795;24457;-;48.3	30;23485;23784;-;37.2	29;20725;23475;-;63.4	29;20725;23475;-;132.5	29;20725;23475;-;47.1	28;19990;20706;-;137.0	26;18669;19676;-;139.1		24;17773;18459;-;158.3	23;16887;17780;-;147.4	22;15694;16890;-;134.8	21;14641;15690;-;71.5	14;7996;9903;-;24.4		pfam	pfam_only	A	7/7	canonical	1	1	unscoreable	8	0	0														not_admitted	not_admitted	not_admitted	not_admitted	not_admitted	not_admitted	not_admitted
NZ_CP061962.1	MPF_F	IncFIB(pNDM-Mar);IncHI1B(pNDM-MAR)	342	0	0	GA	0															not_admitted	not_admitted	not_admitted	not_admitted	not_admitted	not_admitted	not_admitted	not_admitted	not_admitted	not_admitted	1	231;216774;217811;-;282.3	146;135566;136975;-;190.4	147;136965;138002;-;175.9	243;228643;231360;-;148.7	145;131656;135564;-;122.1	247;233473;234843;-;65.6	243;228643;231360;-;85.2	250;236489;237349;-;79.0	232;217808;219169;-;69.8	230;213579;216764;-;58.9	154;145200;147326;+;57.8	244;231405;232142;-;57.1	154;145200;147326;+;41.0	A	9/9	split_2	104833	0	1	
NZ_CP061966.1	MPF_F	IncFIB(K)	173	0	0	GA	0															not_admitted	not_admitted	not_admitted	not_admitted	not_admitted	not_admitted	not_admitted	not_admitted	not_admitted	not_admitted	1	35;21713;22702;+;363.3	46;28521;29888;+;380.5	42;26511;27263;+;233.7	31;17617;20256;+;259.0	47;29888;32737;+;346.4	21;12226;13650;+;89.5	31;17617;20256;+;88.7	19;10933;11499;+;167.0	37;22978;23625;+;66.9	38;23684;25639;+;259.7	54;36263;38572;+;393.1	23;14262;14846;+;53.8	54;36263;38572;+;66.6	A	9/9	contiguous	25330	1	1	32740..33270+;176;unnamed;0
NZ_CP061972.1	MPF_F	IncFII(K);IncQ1;repB(R1701)	157	0	0	GA	0															not_admitted	not_admitted	not_admitted	not_admitted	not_admitted	not_admitted	not_admitted	not_admitted	not_admitted	not_admitted	1	140;104851;105840;+;366.6	150;111387;112754;+;384.0	146;109377;110129;+;233.3	136;100769;103408;+;258.5	151;112754;115603;+;346.4	129;96152;97576;+;89.2	136;100769;103408;+;88.2	127;94859;95425;+;169.3	141;105853;106491;+;66.9	142;106550;108505;+;259.7	155;118065;120377;+;393.1	130;97690;98274;+;53.6	155;118065;120377;+;66.6	A	9/9	contiguous	23206	1	1	115606..116139+;177;unnamed;0
NZ_CP061973.1	MPF_T	IncN	69	0	0	GA	1	60;46465;47199;-;32.5		57;45505;45822;-;63.3	56;42905;45505;-;113.8	56;42905;45505;-;76.4	55;42174;42887;-;105.5	53;40883;41923;-;142.4		52;39966;40664;-;131.9	51;39071;39955;-;159.7	50;37911;39071;-;156.3	49;36874;37869;-;81.2	35;23886;25415;+;38.5		pfam	both	A	7/7	canonical	1	0	unscoreable	3	0	0														not_admitted	not_admitted	not_admitted	not_admitted	not_admitted	not_admitted	not_admitted
NZ_CP061977.1	MPF_F	IncFIB(pNDM-Mar);IncHI1B(pNDM-MAR)	281	0	0	GA	0															not_admitted	not_admitted	not_admitted	not_admitted	not_admitted	not_admitted	not_admitted	not_admitted	not_admitted	not_admitted	1	113;101898;102935;-;282.3			125;113767;116484;-;148.7		129;118597;119967;-;65.6	125;113767;116484;-;85.2	132;121613;122473;-;79.0	114;102932;104293;-;69.9	112;98703;101888;-;58.9		126;116529;117266;-;57.1		C	6/9	contiguous	22910	0	1	
NZ_CP061979.1	MPF_F	IncFII(K);repB(R1701)	118	0	0	GA	0															not_admitted	not_admitted	not_admitted	not_admitted	not_admitted	not_admitted	not_admitted	not_admitted	not_admitted	not_admitted	1	14;10967;11956;+;366.6	24;17503;18870;+;384.0	20;15493;16245;+;233.3	10;6885;9524;+;258.5	25;18870;21719;+;346.4	3;2268;3332;+;46.8	10;6885;9524;+;88.2	1;983;1540;+;162.1	15;11969;12607;+;66.9	16;12666;14621;+;259.7	29;24181;26493;+;393.1		29;24181;26493;+;66.6	B	8/9	contiguous	23198	1	1	21722..22255+;177;unnamed;0
NZ_CP062065.1	-	-	78	0	0	GA	1	33;29605;30240;-;47.2	31;28912;29262;-;33.1	30;28585;28911;-;30.7	29;26058;28601;-;104.4	29;26058;28601;-;57.9	28;25369;26058;-;140.0	27;24386;25366;-;92.6		26;23586;24353;-;100.2	25;22729;23586;-;135.3	24;21445;22728;-;139.6	15;12733;14499;-;204.8	41;38785;40404;-;52.6		pfam	both	A	7/7	canonical	1	0	unscoreable	14	0	0														not_admitted	not_admitted	not_admitted	not_admitted	not_admitted	not_admitted	not_admitted
NZ_CP062114.1	-	-	108	0	0	GA	1		39;41449;41820;-;79.0	38;41157;41456;-;58.0	37;38718;41153;-;149.4	37;38718;41153;-;120.8	36;37952;38740;-;60.2	34;36508;37671;-;105.5		33;35816;36478;-;128.6	32;34953;35792;-;187.1	30;33171;34478;-;219.4	40;41810;42793;-;123.0	11;10217;12130;-;458.3		conjscan	conjscan_only	A	7/7	canonical	1	0	unscoreable	3	0	0														not_admitted	not_admitted	not_admitted	not_admitted	not_admitted	not_admitted	not_admitted
NZ_CP062117.1	MPF_T	-	172	0	0	GA	1		84;86073;86480;+;77.4	85;86473;86772;+;60.4	86;86783;88897;+;173.4	86;86783;88897;+;130.6	86;86783;88897;+;49.0	88;89124;90314;+;109.0		89;90333;90995;+;119.1	90;91009;91854;+;190.6	92;92328;93638;+;223.6	83;85112;86083;+;130.3	138;141484;142623;+;454.5		conjscan	conjscan_only	A	7/7	canonical	1	0	unscoreable	2	0	0														not_admitted	not_admitted	not_admitted	not_admitted	not_admitted	not_admitted	not_admitted
NZ_CP062119.1	MPF_T	-	361	0	0	GA	1		209;208304;208675;+;78.8	210;208668;208967;+;61.2	211;208980;211457;+;185.1	211;208980;211457;+;127.8	212;211429;212238;+;45.1	213;212441;213631;+;113.6		214;213649;214311;+;118.5	215;214308;215180;+;190.2	217;215629;216933;+;220.3	208;207343;208314;+;129.3	108;93210;95135;+;520.2		conjscan	conjscan_only	A	7/7	canonical	1	0	unscoreable	2	0	0														not_admitted	not_admitted	not_admitted	not_admitted	not_admitted	not_admitted	not_admitted
NZ_CP062120.1	MPF_T	IncP1	234	0	0	GA	1	200;175582;176238;-;23.8	99;88012;88476;-;63.5	98;87697;88008;-;49.8	97;85142;87700;-;91.0	97;85142;87700;-;112.1	92;80744;81508;-;122.3	91;78779;80734;-;142.0		96;84363;85145;-;147.6	95;83446;84345;-;186.5	206;179594;180352;-;225.6	219;186502;187461;-;127.6	30;20065;21978;+;525.1		conjscan	conjscan_only	A	7/7	canonical	1	0	unscoreable	14	0	0														not_admitted	not_admitted	not_admitted	not_admitted	not_admitted	not_admitted	not_admitted
NZ_CP062123.1	MPF_T	IncP1	61	0	0	GA	1	31;29812;30447;-;23.5	42;40300;40764;-;63.5	41;39985;40296;-;49.8	40;37430;39988;-;91.0	40;37430;39988;-;112.1	35;33032;33796;-;122.3	33;31066;32784;-;143.0		39;36651;37433;-;147.6	38;35734;36633;-;186.5	36;33817;35238;-;223.3	43;40781;41743;-;127.6	20;14674;16587;+;525.1		conjscan	conjscan_only	A	7/7	canonical	1	0	unscoreable	4	0	0														not_admitted	not_admitted	not_admitted	not_admitted	not_admitted	not_admitted	not_admitted
NZ_CP062170.1	MPF_F	-	186	0	0	GA	0															not_admitted	not_admitted	not_admitted	not_admitted	not_admitted	not_admitted	not_admitted	not_admitted	not_admitted	not_admitted	1	98;75009;76010;+;396.9	104;80278;81687;+;342.9	103;79479;80267;+;225.0	94;70873;73485;+;213.3	105;81700;84750;+;225.2	91;68193;69440;+;115.3	94;70873;73485;+;121.2	89;66940;67527;+;157.2	99;76010;76780;+;99.7	101;77883;79115;+;153.4	81;57669;59693;+;423.2	93;70170;70823;+;55.2	81;57669;59693;+;75.4	A	9/9	contiguous	24031	1	1	84860..85894+;344;unnamed;0
NZ_CP062177.1	MPF_F	-	172	0	0	GA	0															not_admitted	not_admitted	not_admitted	not_admitted	not_admitted	not_admitted	not_admitted	not_admitted	not_admitted	not_admitted	1	40;34956;35957;+;397.6	46;40222;41631;+;340.9	45;39423;40211;+;220.4	36;30823;33432;+;211.6	47;41644;44694;+;225.9	33;28050;29390;+;118.5	36;30823;33432;+;120.4	31;26797;27384;+;158.2	41;35957;36730;+;97.6	43;37827;39059;+;154.9	23;17535;19559;+;424.7	35;30120;30773;+;55.2	23;17535;19559;+;76.4	A	9/9	contiguous	24109	0	1	
NZ_CP062198.1	-	-	60	0	0	GA	1		46;42624;42944;-;67.0	45;42313;42618;-;74.8	44;39819;42308;-;140.8	44;39819;42308;-;79.4	21;19165;19902;-;179.0	20;18069;19154;-;121.8		42;39003;39686;-;170.7	41;38116;39006;-;184.0	40;36881;38119;-;189.6	39;35845;36879;-;105.0	37;32180;34084;-;312.3		pfam	both	A	7/7	canonical	1	0	unscoreable	2	0	0														not_admitted	not_admitted	not_admitted	not_admitted	not_admitted	not_admitted	not_admitted
NZ_CP062205.1	MPF_F	IncFIB(AP001918);IncFIC(FII)	146	0	0	GA	0															not_admitted	not_admitted	not_admitted	not_admitted	not_admitted	not_admitted	not_admitted	not_admitted	not_admitted	not_admitted	1	78;83932;84924;-;369.3	66;75840;77216;-;381.0	71;78803;79546;-;235.0	81;85933;88560;-;306.5	65;73030;75843;-;374.3	88;90719;92146;-;93.8	81;85933;88560;-;100.2	90;92861;93427;-;184.1	75;82297;82935;-;68.6	73;79823;81586;-;268.4	61;68592;70781;-;391.8	84;89076;89591;-;78.4	61;68592;70781;-;70.3	A	9/9	contiguous	24269	1	1	72508..73005-;165;TraS;0
NZ_CP062212.1	MPF_F	IncFIA;IncFIB(AP001918);IncFIC(FII)	174	0	0	GA	0															not_admitted	not_admitted	not_admitted	not_admitted	not_admitted	not_admitted	not_admitted	not_admitted	not_admitted	not_admitted	1	100;112800;113792;-;369.3	86;103201;104574;-;378.1	93;106788;107531;-;234.5	103;114801;117428;-;305.4	85;100382;103204;-;389.5	108;119483;120910;-;94.3	103;114801;117428;-;98.5	110;121625;122191;-;183.8	99;112153;112791;-;68.4	98;110423;112156;-;268.5	82;96700;98853;-;391.9	104;117944;118459;-;78.0	82;96700;98853;-;70.4	A	9/9	contiguous	24925	1	1	99869..100360-;163;TraS;0
NZ_CP062214.1	MPF_F	IncFII(pHN7A8)	99	0	0	GA	0															not_admitted	not_admitted	not_admitted	not_admitted	not_admitted	not_admitted	not_admitted	not_admitted	not_admitted	not_admitted	1	69;55229;56221;+;369.5	82;63054;64427;+;376.8	77;60745;61488;+;234.4	66;51593;54220;+;301.8	83;64424;67240;+;376.7	61;48111;49538;+;94.1	66;51593;54220;+;101.8	59;46830;47396;+;183.8	72;57167;57805;+;70.4	75;58618;60468;+;265.0	90;72081;74315;+;391.7	65;50562;51077;+;78.0	90;72081;74315;+;70.3	A	9/9	contiguous	25251	1	1	67273..67794+;173;unnamed;0
NZ_CP062215.1	MPF_T	IncX4	61	0	0	GA	1	9;4501;5121;+;41.6	10;5135;5461;+;61.9	11;5480;8227;+;62.7	11;5480;8227;+;153.2	11;5480;8227;+;45.6	12;8239;8955;+;93.5	13;8967;10061;+;150.1		15;10576;11262;+;169.0	16;11259;12167;+;143.2	17;12160;13269;+;164.9	18;13271;14299;+;85.1	19;14331;16148;+;313.0		pfam	pfam_only	A	7/7	canonical	1	1	unscoreable	1	0	0														not_admitted	not_admitted	not_admitted	not_admitted	not_admitted	not_admitted	not_admitted
NZ_CP062224.1	MPF_F	IncHI2;IncHI2A	305	0	0	GA	0															not_admitted	not_admitted	not_admitted	not_admitted	not_admitted	not_admitted	not_admitted	not_admitted	not_admitted	not_admitted	1	27;30951;32009;+;276.9	212;190214;191629;-;194.1	213;191619;192665;-;174.3	11;8955;11636;+;168.0	211;186252;190205;-;101.6	7;5270;6625;+;80.7	11;8955;11636;+;72.2	4;2758;3546;+;74.8	25;29298;30809;+;62.0	28;32028;35216;+;57.3	220;199707;201791;+;56.8	10;7996;8946;+;46.1	220;199707;201791;+;38.8	A	9/9	split_3	196949	1	1	184782..186071-;429;unnamed;0
NZ_CP062226.1	MPF_F	IncHI2;IncHI2A	300	0	0	GA	0															not_admitted	not_admitted	not_admitted	not_admitted	not_admitted	not_admitted	not_admitted	not_admitted	not_admitted	not_admitted	1	27;31707;32765;+;276.9	207;184532;185947;-;194.1	208;185937;186983;-;174.3	11;8955;11636;+;168.0	206;180570;184523;-;101.6	7;5270;6625;+;80.7	11;8955;11636;+;72.2	4;2758;3546;+;74.8	25;30054;31565;+;62.0	28;32784;35972;+;57.3	215;194025;196109;+;56.8	10;7996;8946;+;46.1	215;194025;196109;+;38.8	A	9/9	split_3	191267	1	1	179100..180389-;429;unnamed;0
NZ_CP062230.1	MPF_T	-	191	0	0	GA	1	130;140411;141496;-;81.4	133;144213;144563;-;71.1	132;143910;144209;-;78.0	131;141486;143846;-;126.5	131;141486;143846;-;102.7	129;139698;140399;-;34.7	127;138440;139477;-;144.4		126;137709;138404;-;175.1	125;136903;137712;-;201.1	124;135773;136903;-;166.4				pfam	pfam_only	C	5/7	canonical	1	0	unscoreable	1	0	0														not_admitted	not_admitted	not_admitted	not_admitted	not_admitted	not_admitted	not_admitted
NZ_CP062233.1	MPF_T	-	294	0	0	GA	1		290;220906;221205;-;89.3	289;218189;220903;-;101.4	289;218189;220903;-;177.8	289;218189;220903;-;104.4	288;217491;218189;-;196.8	286;216325;217257;-;159.6		284;215336;216007;-;208.8	283;214485;215339;-;183.2	282;213309;214475;-;180.3	281;212311;213300;-;100.6	15;12402;14321;-;336.7		pfam	both	A	7/7	canonical	1	1	unscoreable	2	0	0														not_admitted	not_admitted	not_admitted	not_admitted	not_admitted	not_admitted	not_admitted
NZ_CP062256.2	MPF_T	-	68	0	0	GA	1	31;31881;32783;-;38.9	42;41621;41998;-;71.2	41;41325;41624;-;50.8	40;38669;41338;-;66.0	40;38669;41338;-;82.7	39;38004;38666;-;70.7	36;36503;37369;-;148.5		35;35832;36506;-;92.1	34;35025;35807;-;199.4	33;33803;35023;-;174.5	32;32770;33792;-;112.7	25;25578;27152;+;70.4		pfam	both	A	7/7	canonical	1	0	unscoreable	7	0	0														not_admitted	not_admitted	not_admitted	not_admitted	not_admitted	not_admitted	not_admitted
NZ_CP062258.2	MPF_T	-	55	0	0	GA	1	34;31484;32269;-;42.9	32;28619;28930;-;56.6	31;28265;28606;-;84.0	30;25770;28259;-;196.2	30;25770;28259;-;93.4	28;24876;25586;-;222.0	26;23453;24550;-;131.0		24;22400;23155;-;191.1	23;21525;22403;-;187.6	22;20395;21525;-;193.1	21;19296;20279;-;89.7	20;16364;19093;-;335.8		pfam	both	A	7/7	canonical	1	0	unscoreable	4	0	0														not_admitted	not_admitted	not_admitted	not_admitted	not_admitted	not_admitted	not_admitted
NZ_CP062259.2	-	-	238	0	0	GA	0															not_admitted	not_admitted	not_admitted	not_admitted	not_admitted	not_admitted	not_admitted	not_admitted	not_admitted	not_admitted	1	58;53791;54948;+;246.2	44;38780;40210;+;212.0	43;37608;38780;+;201.4	54;49267;51651;+;228.9	45;40226;43627;+;204.8	51;46762;48051;+;111.1	54;49267;51651;+;110.0	49;45087;45698;+;105.3	57;52475;53794;+;39.7	59;54965;60613;+;67.9	190;176732;178585;-;54.5	52;48124;48813;+;63.4	190;176732;178585;-;42.6	A	9/9	split_2	139124	0	1	
NZ_CP062704.1	MPF_F	IncFII(pCoo)	65	0	0	GA	0															not_admitted	not_admitted	not_admitted	not_admitted	not_admitted	not_admitted	not_admitted	not_admitted	not_admitted	not_admitted	1	34;22644;23636;+;369.5	46;29690;31063;+;386.6	39;26712;27485;+;234.0	31;19005;21635;+;303.8	47;31060;33876;+;385.9	23;14311;15738;+;93.6	31;19005;21635;+;99.3	21;13030;13596;+;183.8	36;23980;24618;+;69.5	37;24615;26465;+;266.7	51;36177;38393;+;391.5	27;16866;17381;+;78.3	51;36177;38393;+;70.4	A	9/9	contiguous	23147	1	1	33909..34430+;173;unnamed;0
NZ_CP062793.1	MPF_F	IncN;repB(R1701)	134	0	0	GA	0															not_admitted	not_admitted	not_admitted	not_admitted	not_admitted	not_admitted	not_admitted	not_admitted	not_admitted	not_admitted	1	78;77136;78125;-;366.0	68;70275;71645;-;380.7	72;72847;73599;-;230.7	82;79568;82207;-;258.5	67;67432;70275;-;346.5	90;85466;86890;-;89.2	82;79568;82207;-;88.7	92;87617;88183;-;169.3	77;76485;77123;-;67.0	76;74471;76426;-;259.7	63;62535;64847;-;392.8	89;84768;85352;-;55.4	63;62535;64847;-;65.9	A	9/9	contiguous	25082	1	1	66897..67421-;174;unnamed;0
NZ_CP062805.1	MPF_F	-	400	0	0	GA	1	381;405829;406263;-;64.4	388;412677;413024;+;28.0		390;413349;415802;+;66.4	390;413349;415802;+;88.2		392;416548;417597;+;52.9		386;410457;411164;-;97.9	385;409541;410440;-;163.2	384;408312;409541;-;179.2	376;399851;401653;-;177.2	394;418856;420712;+;41.9		none	none	A	7/7	canonical	0	0	unscoreable	9	0	0														not_admitted	not_admitted	not_admitted	not_admitted	not_admitted	not_admitted	not_admitted
NZ_CP062807.1	-	-	139	0	0	GA	1			128;114552;114887;+;29.3	129;114893;117496;+;58.9	129;114893;117496;+;94.0	132;118394;119137;+;19.2	134;119351;121342;+;83.7		135;121361;122125;+;100.7	136;122133;123026;+;173.6	137;123036;124439;+;199.4		8;7089;9608;+;280.8		conjscan	conjscan_only	B	6/7	canonical	1	0	unscoreable	4	0	0														not_admitted	not_admitted	not_admitted	not_admitted	not_admitted	not_admitted	not_admitted
NZ_CP062808.1	MPF_F	-	104	0	0	GA	0															not_admitted	not_admitted	not_admitted	not_admitted	not_admitted	not_admitted	not_admitted	not_admitted	not_admitted	not_admitted	1	47;37346;38347;+;396.4	54;43115;44521;+;376.3	53;42292;43104;+;248.0	43;33206;35830;+;207.9	55;44534;47581;+;223.5	39;30524;31633;+;97.3	43;33206;35830;+;126.6	38;29821;30414;+;167.5	48;38347;39123;+;107.1	50;40415;41659;+;179.7	26;19142;21139;+;423.1	42;32518;33168;+;54.1	26;19142;21139;+;80.7	A	9/9	contiguous	25392	0	1	
NZ_CP062809.1	MPF_T	IncP1	82	0	0	GA	1	45;41816;42406;+;23.1	34;31544;32008;+;62.5	35;32012;32323;+;51.3	36;32320;34878;+;94.6	36;32320;34878;+;113.4	41;38438;39211;+;125.5	43;39454;41172;+;148.0		37;34875;35663;+;146.4	38;35681;36574;+;181.1	40;37042;38421;+;218.3	33;30549;31514;+;131.2	7;10955;12859;-;526.9		conjscan	conjscan_only	A	7/7	canonical	1	0	unscoreable	4	0	0														not_admitted	not_admitted	not_admitted	not_admitted	not_admitted	not_admitted	not_admitted
NZ_CP062813.1	MPF_F	IncFII(pRSB107)	106	0	0	GA	0															not_admitted	not_admitted	not_admitted	not_admitted	not_admitted	not_admitted	not_admitted	not_admitted	not_admitted	not_admitted	1	83;73083;74075;+;369.3	92;79134;80510;+;381.0	87;76804;77547;+;231.1	80;69447;72074;+;305.4	93;80507;83332;+;389.2	73;65965;67392;+;94.1	80;69447;72074;+;98.5	71;64684;65250;+;183.3	84;74084;74722;+;68.6	85;74719;76527;+;268.0	96;84835;87024;+;390.8	77;68416;68931;+;78.4	96;84835;87024;+;70.3	A	9/9	contiguous	20151	1	1	83329..83838+;169;unnamed;0
NZ_CP062857.1	MPF_T	IncX1	62	0	0	GA	1	48;36960;37607;-;44.8	47;36686;36982;-;77.5	46;33914;36667;-;45.9	46;33914;36667;-;148.0	46;33914;36667;-;75.0	45;33145;33903;-;68.5	43;31718;32848;-;103.0		42;30760;31473;-;120.0	41;29826;30755;-;136.3	40;28624;29829;-;132.5	39;27591;28622;-;76.4	38;25753;27588;-;488.5		pfam	pfam_only	A	7/7	canonical	1	1	unscoreable	1	0	0														not_admitted	not_admitted	not_admitted	not_admitted	not_admitted	not_admitted	not_admitted
NZ_CP062858.1	MPF_F	IncFIB(AP001918);IncFII;IncQ1	153	0	0	GA	0															not_admitted	not_admitted	not_admitted	not_admitted	not_admitted	not_admitted	not_admitted	not_admitted	not_admitted	not_admitted	1	111;111685;112677;+;369.3	120;117739;119112;+;381.0	115;115406;116149;+;231.6	108;108049;110676;+;306.4	121;119109;121934;+;386.0	102;104567;105994;+;94.3	108;108049;110676;+;98.5	100;103286;103852;+;183.3	112;112686;113324;+;68.7	113;113321;115129;+;267.9	124;123438;125591;+;391.8	106;107018;107533;+;77.3	124;123438;125591;+;70.4	A	9/9	contiguous	20152	1	1	121931..122440+;169;unnamed;0
NZ_CP062867.1	MPF_F	IncFIA;IncFIB(AP001918);IncFII(pCoo)	167	0	0	GA	0															not_admitted	not_admitted	not_admitted	not_admitted	not_admitted	not_admitted	not_admitted	not_admitted	not_admitted	not_admitted	1	92;95030;96022;-;372.1	81;87971;89347;-;378.0	88;91558;92301;-;235.0	95;97031;99658;-;303.5	80;85152;87974;-;388.9	102;101787;103238;-;94.6	95;97031;99658;-;100.3	104;103953;104519;-;183.8	91;94383;95021;-;68.5	90;92578;94386;-;268.3	64;67248;69401;+;391.9	98;100174;100689;-;77.7	64;67248;69401;+;70.4	A	9/9	contiguous	36705	1	1	84639..85130-;163;TraS;0
NZ_CP062870.1	MPF_F	IncFIA;IncFIB(AP001918);IncFIC(FII)	160	0	0	GA	0															not_admitted	not_admitted	not_admitted	not_admitted	not_admitted	not_admitted	not_admitted	not_admitted	not_admitted	not_admitted	1	85;97848;98840;-;369.3	74;90789;92162;-;378.0	81;94376;95119;-;234.5	88;99849;102476;-;305.4	73;87970;90792;-;389.5	94;104531;105958;-;94.3	88;99849;102476;-;98.5	96;106673;107239;-;182.9	84;97201;97839;-;68.4	83;95396;97204;-;268.4	70;84288;86441;-;391.9	90;102992;103507;-;78.4	70;84288;86441;-;70.4	A	9/9	contiguous	22385	1	1	87457..87948-;163;TraS;0
NZ_CP062874.1	MPF_F	IncFIB(AP001918)	134	0	0	GA	0															not_admitted	not_admitted	not_admitted	not_admitted	not_admitted	not_admitted	not_admitted	not_admitted	not_admitted	not_admitted	1	76;75794;76786;-;369.3	65;68371;69747;-;381.0	70;71334;72077;-;231.8	79;77795;80422;-;305.5	64;65549;68374;-;389.3	87;83790;85217;-;94.1	79;77795;80422;-;99.7	89;85932;86498;-;183.8	73;74159;74797;-;68.6	72;72354;74162;-;268.0	61;61828;64044;-;391.7	82;80938;81453;-;77.3	61;61828;64044;-;70.3	A	9/9	contiguous	24104	1	1	65043..65552-;169;unnamed;0
NZ_CP062878.1	MPF_T	IncP1	53	0	0	GA	1	28;23030;23803;+;21.7	14;9678;10061;+;68.3	15;10064;10390;+;50.2	16;10387;12930;+;99.2	16;10387;12930;+;108.9	21;16397;17167;+;107.5	26;21418;22695;+;101.0		17;12927;13634;+;88.1	18;13650;14540;+;156.2	20;14990;16384;+;218.2	13;8608;9564;+;133.6	43;36553;38496;-;443.4		conjscan	conjscan_only	A	7/7	canonical	1	0	unscoreable	7	0	0														not_admitted	not_admitted	not_admitted	not_admitted	not_admitted	not_admitted	not_admitted
NZ_CP062881.1	-	-	59	0	0	GA	1	3;3381;3962;-;46.4		1;2616;2939;-;35.4	0;185;2614;-;61.6	0;185;2614;-;36.1	58;44034;44702;-;27.0	56;42482;43528;-;107.3		54;41535;42281;-;151.2	53;40741;41538;-;175.1	52;39528;40751;-;141.7	51;38515;39528;-;111.6	50;36174;38195;-;263.3		pfam	pfam_only	A	7/7	rearranged	1	0	unscoreable	2	0	0														not_admitted	not_admitted	not_admitted	not_admitted	not_admitted	not_admitted	not_admitted
NZ_CP062915.1	MPF_F	IncFIB(AP001918);IncFII	152	0	0	GA	0															not_admitted	not_admitted	not_admitted	not_admitted	not_admitted	not_admitted	not_admitted	not_admitted	not_admitted	not_admitted	1	86;92779;93771;-;369.3	77;86344;87720;-;381.0	82;89307;90050;-;230.0	89;94780;97407;-;306.5	76;83525;86347;-;387.5	96;99462;100889;-;94.3	89;94780;97407;-;98.5	98;101604;102170;-;183.3	85;92132;92770;-;66.7	84;90327;92135;-;267.9	73;79776;81992;-;391.7	92;97923;98438;-;77.3	73;79776;81992;-;70.3	A	9/9	contiguous	21828	1	1	83007..83504-;165;TraS;0
NZ_CP062917.1	MPF_F	IncFIB(K);IncFII(pKP91)	230	0	0	GA	0															not_admitted	not_admitted	not_admitted	not_admitted	not_admitted	not_admitted	not_admitted	not_admitted	not_admitted	not_admitted	1	171;175272;176261;-;366.3	158;167468;168838;-;383.5	162;170034;170786;-;233.1	174;177290;179929;-;260.6	157;164613;167468;-;339.0	183;183407;184828;-;85.8	174;177290;179929;-;90.5	185;185552;186118;-;157.8	170;174630;175259;-;62.5	169;172675;174630;-;253.9	154;160642;162960;-;390.6	181;182226;182795;-;55.5	154;160642;162960;-;66.7	A	9/9	contiguous	24910	1	1	164080..164607-;175;unnamed;0
NZ_CP062921.1	MPF_F	-	89	0	0	GA	0															not_admitted	not_admitted	not_admitted	not_admitted	not_admitted	not_admitted	not_admitted	not_admitted	not_admitted	not_admitted	1	70;47535;48578;+;369.0	75;52561;53988;+;325.8	73;51347;52159;+;219.1	66;43247;45973;+;164.6	76;54004;57006;+;208.7	62;40249;41565;+;102.7	66;43247;45973;+;108.4	60;38958;39536;+;83.7	71;48593;49300;+;107.6	72;49297;51354;+;91.0	46;26977;29136;+;381.3	65;42593;43237;+;41.9	46;26977;29136;+;89.7	A	9/9	contiguous	27027	1	1	57078..57596+;172;unnamed;0
NZ_CP062979.2	MPF_F	IncFIA(HI1);IncHI1A;IncHI1B(R27)	255	0	0	GA	0															not_admitted	not_admitted	not_admitted	not_admitted	not_admitted	not_admitted	not_admitted	not_admitted	not_admitted	not_admitted	1	240;228634;229686;-;277.6	112;107501;108916;-;201.7	113;108906;109952;-;171.3	0;4006;6687;-;160.6	111;103503;107492;-;103.1	4;9035;10393;-;84.0	0;4006;6687;-;76.5	7;12060;12845;-;68.7	242;229831;231339;-;65.6	239;225435;228611;-;58.9	119;116887;118971;+;50.2	1;6696;7646;-;45.2	119;116887;118971;+;36.5	A	9/9	split_3	225825	0	1	
NZ_CP062981.1	MPF_F	IncFIA;IncFIB(AP001918);IncFII(pHN7A8)	131	0	0	GA	0															not_admitted	not_admitted	not_admitted	not_admitted	not_admitted	not_admitted	not_admitted	not_admitted	not_admitted	not_admitted	1	37;37811;38803;-;369.5	27;30659;32032;-;381.7	32;33962;34705;-;234.4	40;39812;42442;-;304.1	26;27840;30662;-;374.0	48;45844;47295;-;94.2	40;39812;42442;-;97.1	50;48010;48576;-;174.3	35;36829;37467;-;68.6	34;34982;36832;-;266.1	22;23352;25568;-;391.2	45;44469;44984;-;78.4	22;23352;25568;-;70.3	A	9/9	contiguous	24658	1	1	27339..27818-;159;TraS;0
NZ_CP062982.1	MPF_T	IncI2(Delta)	73	0	0	GA	1	37;32911;33393;-;81.1		52;49000;49284;-;36.6	51;46637;48994;-;58.5	51;46637;48994;-;44.9	61;54096;54740;-;41.0	62;54746;55741;-;123.9		49;45737;46471;-;144.3	48;44970;45740;-;170.5	47;43841;44980;-;154.7	40;35172;36710;-;207.1	45;40793;42751;-;289.6		pfam	pfam_only	A	7/7	rearranged	1	0	unscoreable	14	0	0														not_admitted	not_admitted	not_admitted	not_admitted	not_admitted	not_admitted	not_admitted
NZ_CP062998.1	MPF_F	IncFIB(K)	140	0	0	GA	0															not_admitted	not_admitted	not_admitted	not_admitted	not_admitted	not_admitted	not_admitted	not_admitted	not_admitted	not_admitted	1	53;46394;47383;-;366.6	43;39480;40847;-;382.0	47;42105;42857;-;233.7	57;48826;51465;-;258.5	42;36631;39480;-;346.4	65;54660;56084;-;89.2	57;48826;51465;-;88.7	67;56811;57377;-;169.3	52;45743;46381;-;67.0	51;43729;45684;-;259.2	34;29419;31731;-;393.1	64;53962;54546;-;54.3	34;29419;31731;-;66.6	A	9/9	contiguous	27392	1	1	36098..36628-;176;unnamed;0
NZ_CP063080.1	MPF_T	-	48	0	0	GA	1		22;24341;24601;-;54.7	21;21560;24334;-;78.4	21;21560;24334;-;166.1	21;21560;24334;-;80.1	20;20544;21563;-;73.9	18;18643;19653;-;98.4		16;17293;17961;-;175.0	15;16361;17296;-;151.3	14;15186;16364;-;159.2	13;14185;15186;-;101.6	11;11828;13624;-;341.5		pfam	pfam_only	A	7/7	canonical	1	1	unscoreable	3	0	0														not_admitted	not_admitted	not_admitted	not_admitted	not_admitted	not_admitted	not_admitted
NZ_CP063082.1	-	-	34	0	0	GA	1				12;9672;12119;-;92.5			20;16035;17123;-;57.3		10;8867;9532;-;94.8	9;7830;8867;-;94.5	8;6274;7830;-;148.7	5;4440;5378;-;109.9	3;2212;4077;-;236.9		none	none	A	7/7	rearranged	0	0	unscoreable	11	0	0														not_admitted	not_admitted	not_admitted	not_admitted	not_admitted	not_admitted	not_admitted
NZ_CP063114.1	-	-	44	0	0	GA	1		4;2813;3184;+;61.3	5;3218;3526;+;38.0	6;3526;6060;+;78.7	6;3526;6060;+;103.6	11;9514;10260;+;62.7	12;10271;11887;+;91.2		7;6075;6755;+;116.4	8;6777;7625;+;175.6	10;8105;9496;+;214.0	3;1832;2803;+;120.5	32;24551;26458;-;412.4		conjscan	conjscan_only	A	7/7	canonical	1	0	unscoreable	2	0	0														not_admitted	not_admitted	not_admitted	not_admitted	not_admitted	not_admitted	not_admitted
NZ_CP063118.1	MPF_T	-	29	0	0	GA	1	11;10862;11512;-;50.6	10;10548;10835;-;44.4	9;7764;10535;-;30.2	9;7764;10535;-;153.3	9;7764;10535;-;89.0	8;7028;7753;-;98.6	6;5769;6770;-;119.9		4;4875;5561;-;134.7	3;4016;4873;-;156.4	2;2897;4006;-;171.2	1;1853;2884;-;93.5	0;114;1850;-;355.8		pfam	pfam_only	A	7/7	canonical	1	1	unscoreable	2	0	0														not_admitted	not_admitted	not_admitted	not_admitted	not_admitted	not_admitted	not_admitted
NZ_CP063125.1	-	-	35	0	0	GA	1	15;18625;19302;-;42.3			12;15493;17907;-;83.3	12;15493;17907;-;30.7	11;14788;15471;-;34.8	10;13748;14770;-;99.3		9;12808;13593;-;155.1	8;12038;12805;-;172.6	7;10879;12045;-;157.7	6;9824;10864;-;91.9	5;8005;9831;-;309.3		pfam	pfam_only	A	7/7	canonical	1	0	unscoreable	2	0	0														not_admitted	not_admitted	not_admitted	not_admitted	not_admitted	not_admitted	not_admitted
NZ_CP063126.1	MPF_T	-	31	0	0	GA	1	2;1174;1824;+;50.1	3;1851;2138;+;44.4	4;2151;4922;+;30.2	4;2151;4922;+;152.5	4;2151;4922;+;89.0	5;4933;5661;+;97.4	7;5919;6920;+;121.5		9;7128;7814;+;135.2	10;7816;8673;+;156.4	11;8683;9792;+;171.3	12;9805;10836;+;93.5	13;10839;12575;+;355.2		pfam	pfam_only	A	7/7	canonical	1	1	unscoreable	2	0	0														not_admitted	not_admitted	not_admitted	not_admitted	not_admitted	not_admitted	not_admitted
NZ_CP063148.1	MPF_F	IncFII(Yp);repB(R1701)	169	0	0	GA	0															not_admitted	not_admitted	not_admitted	not_admitted	not_admitted	not_admitted	not_admitted	not_admitted	not_admitted	not_admitted	1	143;131591;132583;+;372.3	154;138617;139987;+;383.1	151;137096;137848;+;222.2	140;127926;130565;+;254.8	155;139987;142866;+;333.2	132;123314;124735;+;86.6	140;127926;130565;+;88.2	130;122027;122593;+;159.4	144;132596;133243;+;68.8	146;133620;135575;+;253.1	159;145644;147962;+;390.7	134;125196;125780;+;55.9	159;145644;147962;+;66.8	A	9/9	contiguous	23617	1	1	142883..143551+;222;unnamed;0
NZ_CP063149.1	MPF_F	IncQ1;repFIB;repHI5B	409	0	0	GA	0															not_admitted	not_admitted	not_admitted	not_admitted	not_admitted	not_admitted	not_admitted	not_admitted	not_admitted	not_admitted	1	147;112573;113610;+;283.2	244;215471;216895;+;188.6	243;214459;215502;+;171.0	132;96938;99655;+;149.9	151;118182;122114;+;121.2	128;93458;94825;+;63.8	132;96938;99655;+;86.1	125;90965;91828;+;82.3	146;111215;112576;+;72.2	148;113620;116802;+;61.2	236;205066;207192;-;60.3	131;96155;96889;+;59.3	236;205066;207192;-;43.0	A	9/9	split_2	124506	0	1	
NZ_CP063154.1	MPF_F	IncFIA;IncFIB(AP001918)	137	0	0	GA	0															not_admitted	not_admitted	not_admitted	not_admitted	not_admitted	not_admitted	not_admitted	not_admitted	not_admitted	not_admitted	1	64;57556;58548;+;369.3	75;64235;65608;+;380.4	68;61277;62020;+;235.0	61;53920;56547;+;305.4	76;65605;68421;+;387.9	53;49177;50604;+;94.3	61;53920;56547;+;98.5	51;47896;48462;+;182.9	65;58557;59195;+;68.4	66;59192;61000;+;268.4	79;69984;72164;+;391.5	59;52889;53404;+;78.4	79;69984;72164;+;69.2	A	9/9	contiguous	22088	1	1	68454..68975+;173;unnamed;0
NZ_CP063156.1	MPF_T	IncI2(Delta)	83	0	0	GA	1	43;33208;33690;-;81.1		58;49325;49609;-;36.6	57;46962;49319;-;58.5	57;46962;49319;-;44.9	69;54753;55394;-;42.8	70;55400;56395;-;128.5		55;46062;46796;-;144.4	54;45295;46065;-;170.5	53;44166;45305;-;154.7	46;35459;36997;-;207.1	51;41062;43020;-;286.4		pfam	pfam_only	A	7/7	rearranged	1	0	unscoreable	16	1	0														not_admitted	not_admitted	not_admitted	not_admitted	not_admitted	not_admitted	not_admitted
NZ_CP063206.1	MPF_T	-	567	0	0	GA	1				146;171100;173301;+;24.7											none	none	D	1/7	uncallable	0	0	unscoreable	0	0	0														not_admitted	not_admitted	not_admitted	not_admitted	not_admitted	not_admitted	not_admitted
NZ_CP063225.1	MPF_F	IncHI2;IncHI2A	371	0	0	GA	0															not_admitted	not_admitted	not_admitted	not_admitted	not_admitted	not_admitted	not_admitted	not_admitted	not_admitted	not_admitted	1	29;32275;33333;+;276.9	280;256680;258095;-;194.1	281;258085;259131;-;173.7	11;8955;11636;+;168.0	279;252721;256671;-;101.6	152;143601;144821;-;216.3	11;8955;11636;+;72.2	4;2758;3546;+;74.8	27;30622;32133;+;62.7	30;33352;36540;+;58.3	287;266172;268256;+;56.3	10;7996;8946;+;46.4	287;266172;268256;+;38.8	A	9/9	split_4	263414	0	1	
NZ_CP063227.1	MPF_T	IncN2	83	0	0	GA	1	75;61149;61931;-;33.3	73;60606;60902;-;36.0	72;60249;60566;-;71.9	71;57675;60248;-;118.0	71;57675;60248;-;74.2	70;56946;57659;-;107.4	68;55640;56677;-;119.6	67;55432;55563;-;40.1	66;54726;55421;-;132.6	65;53828;54715;-;147.8	64;52695;53828;-;166.3	63;51643;52644;-;90.1	18;12044;13576;+;51.8		pfam	both	A	7/7	canonical	1	0	ga	2	0	0														not_admitted	not_admitted	not_admitted	not_admitted	not_admitted	not_admitted	not_admitted
NZ_CP063279.1	MPF_F	IncFII(K);repB(R1701)	154	0	0	GA	0															not_admitted	not_admitted	not_admitted	not_admitted	not_admitted	not_admitted	not_admitted	not_admitted	not_admitted	not_admitted	1	129;100259;101248;+;366.0	139;106739;108109;+;380.7	135;104785;105537;+;230.7	125;96177;98816;+;258.5	140;108109;110952;+;346.5	116;90719;92143;+;88.8	125;96177;98816;+;88.7	114;89426;89992;+;169.3	130;101261;101899;+;66.9	131;101958;103913;+;259.7	144;113537;115849;+;392.8	117;92257;92841;+;55.4	144;113537;115849;+;65.9	A	9/9	contiguous	24111	1	1	110963..111487+;174;unnamed;0
NZ_CP063295.1	MPF_F	IncC	193	0	0	GA	0															not_admitted	not_admitted	not_admitted	not_admitted	not_admitted	not_admitted	not_admitted	not_admitted	not_admitted	not_admitted	1	123;97024;98031;+;332.9	186;150143;151576;+;339.2	185;149113;150141;+;221.7	118;91825;94272;+;354.5	187;151589;155203;+;375.3	113;82953;84269;+;135.0	118;91825;94272;+;128.3	111;81429;82055;+;92.7	121;95094;96359;+;67.9	124;98147;100945;+;145.3	102;75754;77619;+;47.3	114;84266;84844;+;100.2	102;75754;77619;+;52.0	A	9/9	split_2	75835	0	1	
NZ_CP063297.1	MPF_T	IncN4	52	0	0	GA	1	25;13975;14715;+;34.8	27;15039;15329;+;45.9	28;15379;15693;+;64.7	29;15693;18323;+;117.7	29;15693;18323;+;86.1	30;18333;19040;+;114.6	32;19299;20342;+;127.4	33;20437;20607;+;41.4	34;20610;21326;+;146.2	35;21329;22216;+;144.4	36;22213;23367;+;173.2	37;23360;24391;+;78.5	42;28793;30370;-;50.6		pfam	both	A	7/7	canonical	1	0	ga	6	0	0														not_admitted	not_admitted	not_admitted	not_admitted	not_admitted	not_admitted	not_admitted
NZ_CP063335.1	MPF_T	IncX4	45	0	0	GA	1	27;17984;18604;+;41.6	28;18618;18944;+;64.4	29;18963;21710;+;63.8	29;18963;21710;+;151.8	29;18963;21710;+;46.1	30;21722;22438;+;94.2	31;22450;23544;+;150.1		33;24059;24745;+;169.0	34;24742;25650;+;142.4	35;25643;26761;+;163.9	36;26763;27791;+;85.0	37;27823;29640;+;314.8		pfam	pfam_only	A	7/7	canonical	1	1	unscoreable	1	0	0														not_admitted	not_admitted	not_admitted	not_admitted	not_admitted	not_admitted	not_admitted
NZ_CP063342.1	MPF_F	IncFIA(HI1);IncHI1A;IncHI1B(R27)	191	0	0	GA	0															not_admitted	not_admitted	not_admitted	not_admitted	not_admitted	not_admitted	not_admitted	not_admitted	not_admitted	not_admitted	1	14;14855;15907;+;277.6			189;177710;180391;+;160.6		185;174004;175362;+;84.0	189;177710;180391;+;76.5	182;171552;172337;+;68.7	12;13202;14710;+;65.6	15;15930;19106;+;58.9		188;176751;177701;+;45.2		C	6/9	split_2	164508	0	1	
NZ_CP063343.1	MPF_F	IncFIB(AP001918);IncFIC(FII)	129	0	0	GA	0															not_admitted	not_admitted	not_admitted	not_admitted	not_admitted	not_admitted	not_admitted	not_admitted	not_admitted	not_admitted	1	53;60336;61328;-;369.3	45;54267;55640;-;380.7	49;56861;57604;-;232.7	56;62337;64964;-;303.5	44;51448;54270;-;380.3	60;66876;68303;-;94.3	56;62337;64964;-;100.3	62;69018;69584;-;183.8	52;59689;60327;-;68.3	51;57884;59692;-;268.3	41;47725;49914;-;391.8	57;65480;65995;-;78.0	41;47725;49914;-;70.4	A	9/9	contiguous	21293	1	1	50930..51427-;165;TraS;0
NZ_CP063359.1	-	-	104	0	0	GA	0															not_admitted	not_admitted	not_admitted	not_admitted	not_admitted	not_admitted	not_admitted	not_admitted	not_admitted	not_admitted	1	46;35744;36733;+;186.1			43;31943;34855;+;301.3	49;38516;40042;+;220.2						31;23349;25517;+;37.6		31;23349;25517;+;55.3	D	3/9	contiguous	15167	1	0	40492..40590+;32;unnamed;0
NZ_CP063363.1	MPF_T	-	150	0	0	GA	1		126;127262;127633;+;82.6	127;127626;127925;+;62.1	128;127935;130391;+;174.8	128;127935;130391;+;130.6	129;130363;131163;+;52.7	131;131354;132553;+;113.5		132;132572;133231;+;121.9	133;133213;134085;+;190.0	135;134554;135858;+;229.2	125;126304;127272;+;129.8	90;93476;95140;+;266.2		conjscan	conjscan_only	A	7/7	canonical	1	0	unscoreable	3	0	0														not_admitted	not_admitted	not_admitted	not_admitted	not_admitted	not_admitted	not_admitted
NZ_CP063370.1	MPF_F	IncFIB(AP001918);IncFII(pRSB107)	127	0	0	GA	0															not_admitted	not_admitted	not_admitted	not_admitted	not_admitted	not_admitted	not_admitted	not_admitted	not_admitted	not_admitted	1	70;69742;70734;-;371.9	61;63307;64683;-;381.0	66;66270;67013;-;233.5	73;71743;74373;-;303.7	60;60488;63310;-;389.2	82;77577;79004;-;94.3	73;71743;74373;-;100.2	84;79719;80285;-;185.2	69;69095;69733;-;68.7	68;67290;69098;-;267.9	53;54049;56163;-;391.9	78;75941;76456;-;78.4	53;54049;56163;-;70.4	A	9/9	contiguous	25670	1	1	59970..60467-;165;TraS;0
NZ_CP063399.1	MPF_T	-	347	0	0	GA	1		53;62215;62589;+;77.1	54;62589;62873;+;64.4	55;62884;65340;+;177.5	55;62884;65340;+;118.5	56;65312;66115;+;52.1	58;66309;67487;+;114.7		59;67509;68171;+;130.9	60;68188;69000;+;183.8	62;69455;70753;+;217.6	52;61254;62225;+;137.1	112;115829;117748;+;545.4		conjscan	conjscan_only	A	7/7	canonical	1	0	unscoreable	3	0	0														not_admitted	not_admitted	not_admitted	not_admitted	not_admitted	not_admitted	not_admitted
NZ_CP063404.1	MPF_F	IncFIB(K)(pCAV1099-114);IncFIB(pNDM-Mar);RepB	394	0	0	GA	0															not_admitted	not_admitted	not_admitted	not_admitted	not_admitted	not_admitted	not_admitted	not_admitted	not_admitted	not_admitted	1	147;126327;127364;-;282.3	59;42305;43660;+;188.4	58;41221;42258;+;173.5	158;138198;140915;-;151.4	60;43635;47573;+;120.5	162;143028;144401;-;63.3	158;138198;140915;-;84.3	165;146047;146907;-;79.1	148;127361;128722;-;70.4	146;123135;126317;-;59.2	50;31913;34039;-;58.0	159;140960;141697;-;59.2	50;31913;34039;-;40.6	A	9/9	split_2	114134	1	1	48240..51581+;1113;unnamed;0
NZ_CP063426.1	MPF_F	-	102	0	0	GA	0															not_admitted	not_admitted	not_admitted	not_admitted	not_admitted	not_admitted	not_admitted	not_admitted	not_admitted	not_admitted	1	94;86323;87327;-;361.4	86;80136;81500;-;365.5	91;83080;83868;-;220.1	101;90302;92941;-;224.0	85;77095;80136;-;290.1	5;3027;4442;-;95.1	101;90302;92941;-;110.1	7;5193;5771;-;83.5	93;85706;86314;-;57.5	92;83865;85709;-;223.6	81;72519;75086;-;352.9	1;338;916;-;36.8	81;72519;75086;-;65.9	A	9/9	split_2	89964	1	1	76602..77093-;163;unnamed;0
NZ_CP063442.1	MPF_F	IncFIB(pECLA);IncFII(pECLA)	95	0	0	GA	0															not_admitted	not_admitted	not_admitted	not_admitted	not_admitted	not_admitted	not_admitted	not_admitted	not_admitted	not_admitted	1	69;53994;54992;+;360.1	78;60250;61614;+;366.6	72;57479;58261;+;212.4	61;47989;50598;+;218.5	79;61614;64892;+;307.9	52;43325;44734;+;95.4	61;47989;50598;+;104.9	50;41995;42576;+;97.6	70;55003;55626;+;63.4	71;55623;57482;+;213.8	83;67110;69677;+;364.1	59;47187;47741;+;46.0	83;67110;69677;+;75.5	A	9/9	contiguous	25115	1	1	64901..65614+;237;unnamed;0
NZ_CP063447.1	MPF_F	-	327	0	0	GA	0															not_admitted	not_admitted	not_admitted	not_admitted	not_admitted	not_admitted	not_admitted	not_admitted	not_admitted	not_admitted	1	207;199355;200368;-;419.4	203;194154;195602;-;361.2	204;195602;196426;-;226.8	212;202510;205095;-;389.0	202;191080;194118;-;350.7	215;206881;208236;-;101.3	212;202510;205095;-;92.8	217;209030;209602;-;185.7	206;198564;199358;-;118.7	205;196456;198567;-;268.7	194;184572;186071;+;40.2	213;205101;205964;-;21.5		A	9/9	contiguous	24458	0	1	
NZ_CP063448.1	MPF_F	-	207	0	0	GA	0															not_admitted	not_admitted	not_admitted	not_admitted	not_admitted	not_admitted	not_admitted	not_admitted	not_admitted	not_admitted	1	103;101602;102621;-;420.2	99;96376;97827;-;377.7	100;97827;98642;-;236.3	110;105384;107585;-;421.3	98;93318;96359;-;346.7	113;109677;111050;-;103.7	110;105384;107585;-;47.5	115;111802;112392;-;192.7	102;100817;101587;-;112.8	101;98668;100794;-;292.5	90;85412;87763;+;524.2		90;85412;87763;+;69.5	B	8/9	contiguous	26390	0	1	
NZ_CP063449.1	MPF_F	-	220	0	0	GA	0															not_admitted	not_admitted	not_admitted	not_admitted	not_admitted	not_admitted	not_admitted	not_admitted	not_admitted	not_admitted	1		15;15890;17344;-;384.4	16;17344;18156;-;236.8	19;20660;23197;-;432.9	14;12836;15877;-;346.5	22;25259;26635;-;108.3	19;20660;23197;-;93.8	24;27429;28052;-;208.1		18;18544;20658;-;306.7	4;3360;5690;+;548.2		4;3360;5690;+;68.3	C	6/9	contiguous	24069	0	1	
NZ_CP063457.1	MPF_F	-	226	0	0	GA	0															not_admitted	not_admitted	not_admitted	not_admitted	not_admitted	not_admitted	not_admitted	not_admitted	not_admitted	not_admitted	1	84;81087;82139;+;324.9	92;87451;88854;+;307.9	91;86429;87454;+;229.1	81;76837;79302;+;308.6	93;88866;92288;+;370.6	76;67797;69062;+;131.5	81;76837;79302;+;132.6	74;65867;66508;+;95.1	83;79868;81100;+;72.3	56;48301;50922;+;124.0	69;61870;63699;+;43.2	77;69025;69546;+;80.2	69;61870;63699;+;57.9	A	9/9	contiguous	40565	0	1	
NZ_CP063468.1	MPF_T	-	49	0	0	GA	1	37;29797;30537;-;34.8	35;29183;29473;-;46.6	34;28817;29131;-;65.3	33;26187;28817;-;123.6	33;26187;28817;-;86.6	32;25470;26177;-;114.3	30;24168;25211;-;126.7	29;23904;24074;-;41.4	28;23185;23901;-;145.6	27;22295;23182;-;146.9	26;21144;22298;-;174.0	25;20120;21151;-;78.1	19;13845;15422;+;54.8		pfam	both	A	7/7	canonical	1	0	ga	7	0	0														not_admitted	not_admitted	not_admitted	not_admitted	not_admitted	not_admitted	not_admitted
NZ_CP063470.1	MPF_T	IncP1	63	0	0	GA	1		1;698;1081;+;68.7	2;1084;1410;+;50.6	3;1407;3950;+;96.2	3;1407;3950;+;107.1	8;7426;8196;+;104.8	9;8387;9946;+;112.1		4;3947;4654;+;89.8	5;4670;5560;+;152.4	7;6019;7413;+;224.7	0;15;584;+;129.1	36;28337;30283;-;442.7		conjscan	conjscan_only	A	7/7	canonical	1	0	unscoreable	2	0	0														not_admitted	not_admitted	not_admitted	not_admitted	not_admitted	not_admitted	not_admitted
NZ_CP063474.1	MPF_F	IncFIA(HI1);IncHI1A;IncHI1B(R27)	231	0	0	GA	0															not_admitted	not_admitted	not_admitted	not_admitted	not_admitted	not_admitted	not_admitted	not_admitted	not_admitted	not_admitted	1	226;202381;203433;-;277.6	104;89734;91149;+;201.7	103;88698;89744;+;171.3	11;11795;14476;-;160.9	105;91158;95147;+;103.1	15;16824;18182;-;84.0	11;11795;14476;-;76.5	18;19849;20634;-;68.7	228;203578;205086;-;65.6	225;199182;202358;-;58.9	97;79680;81764;-;50.2	12;14485;15435;-;45.2	97;79680;81764;-;36.4	A	9/9	split_3	191783	0	1	
NZ_CP063475.1	MPF_T	IncX1	57	0	0	GA	1	49;43444;44088;-;46.2	48;43170;43460;-;73.5	47;40387;43146;-;44.8	47;40387;43146;-;133.3	47;40387;43146;-;71.2	46;39648;40385;-;57.2	44;38311;39366;-;131.7		43;37399;38121;-;116.0	42;36464;37393;-;132.3	41;35253;36467;-;128.6	40;34198;35235;-;66.4	39;32358;34193;-;543.4		pfam	pfam_only	A	7/7	canonical	1	1	unscoreable	1	0	0														not_admitted	not_admitted	not_admitted	not_admitted	not_admitted	not_admitted	not_admitted
NZ_CP063478.1	MPF_T	IncP1	62	0	0	GA	1		9;9427;9810;-;68.7	8;9098;9424;-;50.6	7;6558;9101;-;96.2	7;6558;9101;-;107.1	2;2312;3082;-;104.8	1;562;2121;-;112.1		6;5854;6561;-;89.8	5;4948;5838;-;152.4	3;3095;4489;-;224.7	10;9924;10880;-;135.9	37;28071;30017;+;442.7		conjscan	conjscan_only	A	7/7	canonical	1	0	unscoreable	2	0	0														not_admitted	not_admitted	not_admitted	not_admitted	not_admitted	not_admitted	not_admitted
NZ_CP063481.1	MPF_F	IncFII(pHN7A8)	99	0	0	GA	0															not_admitted	not_admitted	not_admitted	not_admitted	not_admitted	not_admitted	not_admitted	not_admitted	not_admitted	not_admitted	1	41;42702;43694;-;369.5	28;34496;35869;-;376.8	33;37435;38178;-;234.4	44;44703;47330;-;301.8	27;31683;34499;-;376.7	49;49385;50812;-;94.1	44;44703;47330;-;101.8	51;51527;52093;-;183.8	38;41118;41756;-;70.4	35;38455;40305;-;265.0	23;27175;29382;-;391.7	45;47846;48361;-;78.0	23;27175;29382;-;70.3	A	9/9	contiguous	24352	1	1	31129..31650-;173;unnamed;0
NZ_CP063484.1	MPF_F	IncFII(pCoo)	81	0	0	GA	0															not_admitted	not_admitted	not_admitted	not_admitted	not_admitted	not_admitted	not_admitted	not_admitted	not_admitted	not_admitted	1	49;37269;38261;+;370.2	57;42954;44327;+;380.4	53;40990;41733;+;234.4	42;31092;33719;+;303.5	58;44324;47146;+;386.8	38;27753;29180;+;94.3	42;31092;33719;+;100.3	36;26472;27038;+;183.8	50;38270;38908;+;68.3	51;38905;40713;+;263.5	61;48680;50923;+;391.7	41;30061;30576;+;78.0	61;48680;50923;+;70.3	A	9/9	contiguous	22208	1	1	47167..47664+;165;TraS;0
NZ_CP063489.1	MPF_T	IncX4	40	0	0	GA	1	29;21350;21970;+;41.6	30;21984;22310;+;64.4	31;22329;25076;+;63.8	31;22329;25076;+;151.8	31;22329;25076;+;46.1	32;25088;25804;+;94.2	33;25816;26910;+;150.1		35;27425;28111;+;169.0	36;28108;29016;+;142.4	37;29009;30127;+;163.9	38;30129;31157;+;85.0	39;31189;33006;+;314.8		pfam	pfam_only	A	7/7	canonical	1	1	unscoreable	1	0	0														not_admitted	not_admitted	not_admitted	not_admitted	not_admitted	not_admitted	not_admitted
NZ_CP063495.1	MPF_T	IncP1	79	0	0	GA	1		50;36985;37368;+;68.7	51;37371;37697;+;50.6	52;37694;40237;+;94.8	52;37694;40237;+;107.0	57;43713;44483;+;104.8	58;44674;46233;+;113.8		53;40234;40941;+;91.8	54;40957;41847;+;152.4	56;42306;43700;+;224.7	49;35915;36871;+;134.8	16;13525;15471;-;442.7		conjscan	conjscan_only	A	7/7	canonical	1	0	unscoreable	2	0	0														not_admitted	not_admitted	not_admitted	not_admitted	not_admitted	not_admitted	not_admitted
NZ_CP063496.1	MPF_T	IncI2(Delta)	87	0	0	GA	1	45;32959;33441;-;81.1	61;49428;49718;-;28.5	60;49037;49321;-;36.6	59;46674;49031;-;58.5	59;46674;49031;-;44.9	72;55404;56045;-;42.9	73;56051;57046;-;129.1		57;45774;46508;-;144.3	56;45007;45777;-;170.5	55;43878;45017;-;154.7	48;35209;36747;-;207.1	53;40830;42788;-;289.6		pfam	pfam_only	A	7/7	rearranged	1	0	unscoreable	16	1	0														not_admitted	not_admitted	not_admitted	not_admitted	not_admitted	not_admitted	not_admitted
NZ_CP063506.1	MPF_F	IncFIB(AP001918);IncFIC(FII)	146	0	0	GA	0															not_admitted	not_admitted	not_admitted	not_admitted	not_admitted	not_admitted	not_admitted	not_admitted	not_admitted	not_admitted	1	134;120396;121388;+;369.3	142;126084;127457;+;380.7	138;124120;124863;+;232.7	131;116760;119387;+;303.5	143;127454;130276;+;380.3	127;113421;114848;+;94.3	131;116760;119387;+;100.3	125;112140;112706;+;183.8	135;121397;122035;+;68.3	136;122032;123840;+;268.3	0;115;2295;+;391.8	130;115729;116244;+;78.0	0;115;2295;+;70.4	A	9/9	split_2	127339	1	1	130297..130794+;165;TraS;0
NZ_CP063509.1	MPF_T	IncX1	58	0	0	GA	1	11;11679;12326;-;45.6	10;11405;11701;-;77.5	9;8633;11386;-;46.8	9;8633;11386;-;147.9	9;8633;11386;-;75.3	8;7864;8622;-;68.5	6;6493;7626;-;106.3		5;5534;6247;-;120.0	4;4600;5529;-;134.1	3;3398;4603;-;133.4	2;2365;3396;-;76.2	1;527;2362;-;488.0		pfam	pfam_only	A	7/7	canonical	1	1	unscoreable	1	0	0														not_admitted	not_admitted	not_admitted	not_admitted	not_admitted	not_admitted	not_admitted
NZ_CP063512.1	MPF_F	IncFIA(HI1);IncHI1A;IncHI1B(R27)	293	0	0	GA	0															not_admitted	not_admitted	not_admitted	not_admitted	not_admitted	not_admitted	not_admitted	not_admitted	not_admitted	not_admitted	1	229;216592;217644;+;277.6	118;107475;108890;+;201.7	117;106439;107485;+;171.3	210;193236;194618;+;163.1	119;108899;112888;+;103.1	206;189530;190888;+;84.0	212;195948;197045;+;64.8	203;187078;187863;+;68.7	227;214939;216447;+;65.6	230;217667;220843;+;58.9	112;100220;102304;-;50.2	209;192277;193227;+;45.2	112;100220;102304;-;36.5	A	9/9	split_2	117447	0	1	
NZ_CP063516.1	MPF_F	Col156;IncFIA;IncFIB(AP001918);IncFII(pRSB107)	174	0	0	GA	0															not_admitted	not_admitted	not_admitted	not_admitted	not_admitted	not_admitted	not_admitted	not_admitted	not_admitted	not_admitted	1	165;142210;143202;+;369.5	4;1545;2918;+;386.6	170;146308;147051;+;231.4	162;138574;141201;+;303.9	5;2915;5734;+;386.3	156;135238;136689;+;94.1	162;138574;141201;+;96.5	154;133957;134523;+;184.3	167;143546;144184;+;68.7	168;144181;146031;+;266.7	9;7992;10208;+;391.8	159;137543;138058;+;75.2	9;7992;10208;+;70.3	A	9/9	split_2	144763	1	1	5759..6250+;163;TraS;0
NZ_CP063517.1	MPF_F	IncFII(pSE11)	82	0	0	GA	0															not_admitted	not_admitted	not_admitted	not_admitted	not_admitted	not_admitted	not_admitted	not_admitted	not_admitted	not_admitted	1	75;63579;64571;+;369.5	4;1557;2930;+;381.7	80;67677;68420;+;234.4	72;59940;62570;+;297.8	5;2927;5752;+;374.0	65;55471;56898;+;93.9	72;59940;62570;+;98.7	63;54190;54756;+;174.3	77;64915;65553;+;67.3	78;65550;67400;+;266.9	9;7994;10246;+;391.7	68;57782;58297;+;78.4	9;7994;10246;+;70.3	A	9/9	split_2	66120	1	1	5749..6258+;169;unnamed;0
NZ_CP063521.1	MPF_T	IncFII(pEH01)	37	0	0	GA	1	14;7324;8028;+;47.3	15;8032;8328;+;67.4	16;8341;11085;+;50.6	16;8341;11085;+;149.6	16;8341;11085;+;48.4	17;11100;11804;+;139.6	19;12056;13123;+;159.8		21;13308;13991;+;190.5	22;13991;14896;+;154.8	23;14938;16188;+;155.0	24;16192;17217;+;67.3	30;19302;21029;+;47.5		pfam	both	A	7/7	canonical	1	1	unscoreable	7	0	0														not_admitted	not_admitted	not_admitted	not_admitted	not_admitted	not_admitted	not_admitted
NZ_CP063748.1	MPF_F	IncQ1;repFIB;repHI5B	402	0	0	GA	0															not_admitted	not_admitted	not_admitted	not_admitted	not_admitted	not_admitted	not_admitted	not_admitted	not_admitted	not_admitted	1	341;318434;319471;-;283.2	128;110500;111924;+;188.6	127;109488;110531;+;171.0	356;332389;335118;-;149.9	337;309930;313862;-;121.2	361;338285;339652;-;63.8	356;332389;335118;-;86.0	364;341282;342145;-;82.3	342;319468;320829;-;72.2	340;315242;318424;-;61.2	120;100095;102221;-;60.3	358;336221;336955;-;59.3	120;100095;102221;-;43.0	A	9/9	split_2	241187	0	1	
NZ_CP063749.1	MPF_F	IncFII(Yp);repB(R1701)	158	0	0	GA	0															not_admitted	not_admitted	not_admitted	not_admitted	not_admitted	not_admitted	not_admitted	not_admitted	not_admitted	not_admitted	1	132;114750;115742;+;372.3	143;121776;123146;+;383.1	140;120255;121007;+;222.2	129;111085;113724;+;254.8	144;123146;126025;+;333.2	121;106473;107894;+;86.6	129;111085;113724;+;88.2	119;105186;105752;+;159.4	133;115755;116402;+;68.8	135;116779;118734;+;253.1	148;128803;131121;+;390.7	123;108355;108939;+;55.9	148;128803;131121;+;66.8	A	9/9	contiguous	23617	1	1	126042..126710+;222;unnamed;0
NZ_CP063751.1	MPF_T	-	64	0	0	GA	1				46;36533;38551;+;25.2									52;42579;44090;+;467.3		none	none	D	2/7	uncallable	0	0	unscoreable	5	0	0														not_admitted	not_admitted	not_admitted	not_admitted	not_admitted	not_admitted	not_admitted
NZ_CP063761.1	MPF_F	IncFII(pHN7A8)	129	0	0	GA	0															not_admitted	not_admitted	not_admitted	not_admitted	not_admitted	not_admitted	not_admitted	not_admitted	not_admitted	not_admitted	1	64;50742;51734;+;369.5	77;58567;59940;+;376.8	72;56258;57001;+;234.4	61;47106;49733;+;301.8	78;59937;62753;+;376.7	56;43624;45051;+;94.1	61;47106;49733;+;101.8	54;42343;42909;+;183.8	67;52680;53318;+;70.4	70;54131;55981;+;265.0	85;65830;68028;+;391.7	60;46075;46590;+;77.6	85;65830;68028;+;70.3	A	9/9	contiguous	23487	1	1	62786..63307+;173;unnamed;0
NZ_CP063835.1	MPF_F	IncFII(pHN7A8);IncR	173	0	0	GA	0															not_admitted	not_admitted	not_admitted	not_admitted	not_admitted	not_admitted	not_admitted	not_admitted	not_admitted	not_admitted	1	66;51498;52490;+;369.5	79;59323;60696;+;376.8	74;57014;57757;+;234.4	63;47862;50489;+;301.8	80;60693;62567;+;378.3	58;44380;45807;+;94.1	63;47862;50489;+;101.8	56;43099;43665;+;183.8	69;53436;54074;+;70.4	72;54887;56737;+;265.0	63;47862;50489;+;20.8	62;46831;47346;+;77.6		A	9/9	contiguous	17594	1	1	62614..63318+;234;unnamed;0
NZ_CP063840.1	MPF_F	-	210	0	0	GA	0															not_admitted	not_admitted	not_admitted	not_admitted	not_admitted	not_admitted	not_admitted	not_admitted	not_admitted	not_admitted	1	22;20148;21161;+;393.3	26;24681;26135;+;371.4	25;23764;24681;+;235.6	16;15214;17799;+;491.8	27;26155;28956;+;368.2	13;12296;13594;+;105.2	16;15214;17799;+;99.2	11;10930;11496;+;182.1	23;21172;21921;+;112.7	24;21918;23792;+;276.7	48;47181;49493;-;542.0	15;14453;15214;+;24.3	48;47181;49493;-;60.2	A	9/9	split_2	36251	0	1	
NZ_CP063841.1	-	-	152	0	0	GA	0															not_admitted	not_admitted	not_admitted	not_admitted	not_admitted	not_admitted	not_admitted	not_admitted	not_admitted	not_admitted	1	67;62260;63324;-;382.9	61;55202;56650;-;338.4	62;56650;57510;-;238.1	72;65478;68054;-;434.9	60;51953;55177;-;367.8	76;69775;71106;-;98.7	72;65478;68054;-;106.5	78;71912;72511;-;183.7	66;61505;62275;-;115.3	65;58332;61508;-;223.6	48;41319;43709;+;459.7		48;41319;43709;+;74.7	B	8/9	contiguous	30593	0	1	
NZ_CP063842.1	MPF_T	-	60	0	0	GA	1	46;30634;31299;-;28.3	45;30271;30612;-;76.3	44;29920;30246;-;73.2	43;27549;29933;-;164.5	43;27549;29933;-;109.9	42;26822;27535;-;130.0	40;25455;26471;-;118.0		38;24431;25114;-;156.0	37;23592;24434;-;174.8	36;22322;23590;-;175.3	35;21333;22325;-;102.1	34;19454;21355;-;350.9		pfam	both	A	7/7	canonical	1	0	unscoreable	2	0	0														not_admitted	not_admitted	not_admitted	not_admitted	not_admitted	not_admitted	not_admitted
NZ_CP063846.1	-	-	181	0	0	GA	0															not_admitted	not_admitted	not_admitted	not_admitted	not_admitted	not_admitted	not_admitted	not_admitted	not_admitted	not_admitted	1				113;114079;116820;+;42.6			113;114079;116820;+;35.2				16;15938;17611;-;88.5		16;15938;17611;-;92.9	D	1/9	split_2	98141	0	0	
NZ_CP063852.1	MPF_F	IncFIB(K);IncFII(K);IncFII(pAR0022);IncQ1	280	0	0	GA	0															not_admitted	not_admitted	not_admitted	not_admitted	not_admitted	not_admitted	not_admitted	not_admitted	not_admitted	not_admitted	1	53;38267;39256;+;363.3	64;45075;46442;+;383.7	60;43065;43817;+;233.7	49;34171;36810;+;259.0	65;46442;49264;+;346.4	39;28779;30203;+;89.5	49;34171;36810;+;88.7	37;27486;28052;+;167.0	55;39532;40179;+;65.9	56;40238;42193;+;259.4	69;51881;54193;+;393.1	41;30815;31399;+;53.8	69;51881;54193;+;66.6	A	9/9	contiguous	24395	1	1	49287..49889+;200;TraS;0
NZ_CP063854.1	MPF_F	IncFII(pSE11)	89	0	0	GA	0															not_admitted	not_admitted	not_admitted	not_admitted	not_admitted	not_admitted	not_admitted	not_admitted	not_admitted	not_admitted	1	40;27799;28791;+;368.8	51;35133;36551;+;376.6	47;32525;33268;+;234.4	37;24160;26790;+;305.8	52;36548;39370;+;389.2	30;19696;21123;+;94.1	37;24160;26790;+;99.7	27;18417;18983;+;183.8	42;29135;29773;+;68.7	45;30485;32248;+;268.4	56;41642;43885;+;391.7	33;22004;22519;+;76.1	56;41642;43885;+;70.3	A	9/9	contiguous	23225	1	1	39391..39888+;165;TraS;0
NZ_CP063855.1	MPF_F	IncFII(pHN7A8)	108	0	0	GA	0															not_admitted	not_admitted	not_admitted	not_admitted	not_admitted	not_admitted	not_admitted	not_admitted	not_admitted	not_admitted	1	93;77494;78486;+;369.5	106;85319;86692;+;376.8	101;83010;83753;+;234.4	90;73858;76485;+;301.8	107;86689;89505;+;376.7	85;70787;71803;+;93.5	90;73858;76485;+;101.8	82;69097;69663;+;183.8	96;79432;80070;+;70.4	99;80883;82733;+;265.0	2;1844;4042;+;391.7	89;72827;73342;+;78.0	2;1844;4042;+;70.3	A	9/9	split_2	84845	0	1	
NZ_CP063859.1	MPF_F	IncFIB(K);IncFII(K);IncFII(pAR0022);IncQ1	277	0	0	GA	0															not_admitted	not_admitted	not_admitted	not_admitted	not_admitted	not_admitted	not_admitted	not_admitted	not_admitted	not_admitted	1	211;200742;201731;-;363.3	200;193556;194923;-;383.7	204;196181;196933;-;233.7	215;203188;205827;-;259.0	199;190734;193556;-;346.4	225;209795;211219;-;89.5	215;203188;205827;-;88.7	227;211946;212512;-;167.0	209;199819;200466;-;65.9	208;197805;199760;-;259.4	195;185805;188117;-;393.1	223;208599;209183;-;53.8	195;185805;188117;-;66.6	A	9/9	contiguous	26141	1	1	190109..190711-;200;TraS;0
NZ_CP063860.1	MPF_F	IncFII(pSE11)	91	0	0	GA	0															not_admitted	not_admitted	not_admitted	not_admitted	not_admitted	not_admitted	not_admitted	not_admitted	not_admitted	not_admitted	1	58;52503;53495;-;368.8	47;44743;46161;-;376.6	51;48026;48769;-;234.4	61;54504;57134;-;305.8	46;41924;44746;-;389.2	68;60171;61598;-;94.1	61;54504;57134;-;99.7	70;62313;62879;-;183.8	56;51521;52159;-;68.7	53;49046;50809;-;268.4	40;37411;39654;-;391.7	65;58775;59290;-;76.1	40;37411;39654;-;70.3	A	9/9	contiguous	24902	1	1	41406..41903-;165;TraS;0
NZ_CP063861.1	MPF_F	IncFII(pHN7A8)	109	0	0	GA	0															not_admitted	not_admitted	not_admitted	not_admitted	not_admitted	not_admitted	not_admitted	not_admitted	not_admitted	not_admitted	1	52;38196;39188;+;369.5	65;46021;47394;+;376.8	60;43712;44455;+;234.4	49;34560;37187;+;301.8	66;47391;50207;+;376.7	44;31078;32505;+;94.1	49;34560;37187;+;101.8	41;29798;30364;+;183.8	55;40134;40772;+;70.4	58;41585;43435;+;265.0	70;52508;54706;+;391.7	48;33529;34044;+;78.0	70;52508;54706;+;70.3	A	9/9	contiguous	22710	1	1	50240..50761+;173;unnamed;0
NZ_CP063864.1	MPF_F	IncFIB(K)(pCAV1099-114);IncFII(K)	156	0	0	GA	0															not_admitted	not_admitted	not_admitted	not_admitted	not_admitted	not_admitted	not_admitted	not_admitted	not_admitted	not_admitted	1	145;152561;153550;+;363.9	155;159114;160481;+;379.5	151;157104;157856;+;226.1	141;148479;151118;+;259.2	0;14;1840;+;75.5	132;143197;144621;+;91.0	141;148479;151118;+;84.3	130;141904;142470;+;168.4	146;153563;154201;+;66.0	147;154260;156215;+;258.1	2;2703;5006;+;390.9	134;145253;145810;+;52.7	2;2703;5006;+;64.4	A	9/9	split_2	159100	1	1	1863..2465+;200;TraS;0
NZ_CP063868.1	MPF_F	IncFIB(K)(pCAV1099-114);IncFII(K)	204	0	0	GA	0															not_admitted	not_admitted	not_admitted	not_admitted	not_admitted	not_admitted	not_admitted	not_admitted	not_admitted	not_admitted	1	149;125778;126767;+;363.3	159;132275;133645;+;383.0	155;130321;131073;+;231.0	145;121696;124335;+;257.2	160;133645;136488;+;345.0	136;116347;117771;+;90.2	145;121696;124335;+;89.1	134;115054;115620;+;169.1	150;126780;127418;+;66.0	151;127477;129432;+;258.4	163;138338;140662;+;393.2	138;118383;118952;+;52.9	163;138338;140662;+;65.8	A	9/9	contiguous	23284	1	1	136499..137023+;174;unnamed;0
NZ_CP063883.1	MPF_F	IncFIA(HI1);IncFII(K)	135	0	0	GA	0															not_admitted	not_admitted	not_admitted	not_admitted	not_admitted	not_admitted	not_admitted	not_admitted	not_admitted	not_admitted	1	33;31794;32783;-;366.6	23;24880;26247;-;383.3	27;27505;28257;-;233.7	37;34226;36865;-;258.5	22;22031;24880;-;345.2	46;40125;41549;-;89.2	37;34226;36865;-;88.7	48;42276;42842;-;169.3	32;31143;31781;-;66.9	31;29129;31084;-;259.7	18;17236;19545;-;393.1	45;39427;40011;-;54.3	18;17236;19545;-;66.6	A	9/9	contiguous	25040	1	1	21470..22018-;182;unnamed;0
NZ_CP063886.1	MPF_F	IncFII(K);IncR	133	0	0	GA	0															not_admitted	not_admitted	not_admitted	not_admitted	not_admitted	not_admitted	not_admitted	not_admitted	not_admitted	not_admitted	1	24;25344;26333;-;363.3	13;18217;19587;-;384.6	17;20783;21535;-;233.7	28;27790;30429;-;258.5	12;15374;18217;-;346.2	35;33257;34681;-;89.5	28;27790;30429;-;88.7	37;35408;35974;-;167.8	22;24421;25068;-;66.9	21;22407;24362;-;259.7	8;10371;12683;-;393.2	34;32600;33184;-;54.9	8;10371;12683;-;65.8	A	9/9	contiguous	25037	1	1	14830..15363-;177;unnamed;0
NZ_CP063888.1	MPF_F	IncFIB(K)	157	0	0	GA	0															not_admitted	not_admitted	not_admitted	not_admitted	not_admitted	not_admitted	not_admitted	not_admitted	not_admitted	not_admitted	1	48;50183;51172;-;366.6	38;43269;44636;-;380.5	42;45894;46646;-;233.7	52;52629;55073;-;219.1	37;40420;43269;-;346.4		52;52629;55073;-;89.0		47;49532;50170;-;66.9	46;47518;49473;-;259.7	30;34585;36894;-;393.1		30;34585;36894;-;66.6	C	7/9	contiguous	18044	1	1	39887..40417-;176;unnamed;0
NZ_CP063897.1	MPF_F	IncFIB(K)	158	0	0	GA	0															not_admitted	not_admitted	not_admitted	not_admitted	not_admitted	not_admitted	not_admitted	not_admitted	not_admitted	not_admitted	1	24;26995;27984;+;366.6	34;33531;34898;+;380.5	30;31521;32273;+;233.7	20;23094;25538;+;219.1	35;34898;37747;+;346.4		20;23094;25538;+;89.0		25;27997;28635;+;66.9	26;28694;30649;+;259.7	42;41273;43582;+;393.1		42;41273;43582;+;66.6	C	7/9	contiguous	18179	1	1	37750..38280+;176;unnamed;0
NZ_CP063899.1	MPF_F	IncFIB(K)(pCAV1099-114);IncFII(pKP91)	146	0	0	GA	0															not_admitted	not_admitted	not_admitted	not_admitted	not_admitted	not_admitted	not_admitted	not_admitted	not_admitted	not_admitted	1	114;96469;97458;+;363.3	124;102960;104330;+;383.0	120;101012;101764;+;228.4	110;92387;95026;+;258.7	125;104330;107179;+;341.9	100;86972;88396;+;90.9	110;92387;95026;+;89.1	98;85679;86245;+;169.1	115;97471;98109;+;64.4	116;98168;100123;+;260.0	128;108995;111301;+;393.1	102;89008;89577;+;52.6	128;108995;111301;+;66.6	A	9/9	contiguous	23316	1	1	107182..107712+;176;unnamed;0
NZ_CP063903.1	MPF_F	IncFIB(K)	157	0	0	GA	0															not_admitted	not_admitted	not_admitted	not_admitted	not_admitted	not_admitted	not_admitted	not_admitted	not_admitted	not_admitted	1	22;23726;24715;-;366.6	12;16812;18179;-;380.5	16;19437;20189;-;233.7	26;26172;28616;-;219.1	11;13963;16812;-;346.4		26;26172;28616;-;89.0		21;23075;23713;-;66.9	20;21061;23016;-;259.7	4;8128;10437;-;393.1		4;8128;10437;-;66.6	C	7/9	contiguous	18044	1	1	13430..13960-;176;unnamed;0
NZ_CP063907.1	MPF_F	IncFII(K);IncR	131	0	0	GA	0															not_admitted	not_admitted	not_admitted	not_admitted	not_admitted	not_admitted	not_admitted	not_admitted	not_admitted	not_admitted	1	17;20967;21956;-;363.3	6;13840;15210;-;384.6	10;16406;17158;-;233.7	21;23413;26052;-;258.5	5;10997;13840;-;346.2	28;28880;30304;-;89.5	21;23413;26052;-;88.7	30;31031;31597;-;167.8	15;20044;20691;-;66.9	14;18030;19985;-;259.7	1;5994;8306;-;393.2	27;28223;28807;-;54.9	1;5994;8306;-;65.8	A	9/9	contiguous	25037	1	1	10453..10986-;177;unnamed;0
NZ_CP063914.1	MPF_F	IncFIB(K);IncFII(K);IncFII(pAR0022);IncQ1	271	0	0	GA	0															not_admitted	not_admitted	not_admitted	not_admitted	not_admitted	not_admitted	not_admitted	not_admitted	not_admitted	not_admitted	1	165;159086;160075;+;363.3	176;165894;167261;+;384.1	172;163884;164636;+;233.7	161;154990;157629;+;259.0	177;167261;170083;+;346.4	151;149598;151022;+;89.5	161;154990;157629;+;88.7	149;148305;148871;+;167.0	167;160351;160998;+;65.9	168;161057;163012;+;259.4	181;172700;175012;+;393.1	153;151634;152218;+;53.8	181;172700;175012;+;66.6	A	9/9	contiguous	24395	1	1	170106..170708+;200;TraS;0
NZ_CP063918.1	-	-	272	0	0	GA	0															not_admitted	not_admitted	not_admitted	not_admitted	not_admitted	not_admitted	not_admitted	not_admitted	not_admitted	not_admitted	1	216;236121;237110;+;355.9	221;241003;242370;+;339.6	219;239536;240321;+;184.9	213;232234;234837;+;239.3	222;242370;245234;+;305.2	211;230233;231573;+;93.7	213;232234;234837;+;118.3	209;228923;229495;+;111.2	217;237120;237683;+;61.9	218;237680;239539;+;237.2	223;245730;247805;+;377.1	212;231794;232237;+;46.7	223;245730;247805;+;65.7	A	9/9	contiguous	16807	1	1	245730..247805+;691;unnamed;0
NZ_CP063924.1	MPF_F	IncFII(K);repB(R1701)	137	0	0	GA	0															not_admitted	not_admitted	not_admitted	not_admitted	not_admitted	not_admitted	not_admitted	not_admitted	not_admitted	not_admitted	1	44;42314;43303;-;366.6	34;35400;36767;-;383.8	38;38025;38777;-;233.3	48;44746;47385;-;258.5	33;32551;35400;-;346.4	55;50578;52002;-;89.2	48;44746;47385;-;88.2	57;52729;53295;-;169.3	43;41663;42301;-;66.9	42;39649;41604;-;259.7	29;27777;30089;-;393.1	54;49880;50464;-;53.6	29;27777;30089;-;66.6	A	9/9	contiguous	24952	1	1	32015..32548-;177;unnamed;0
NZ_CP063929.1	MPF_F	IncFIA;IncFIB(AP001918);IncFII;IncFII(pHN7A8)	236	0	0	GA	0															not_admitted	not_admitted	not_admitted	not_admitted	not_admitted	not_admitted	not_admitted	not_admitted	not_admitted	not_admitted	1	153;123254;124246;-;369.5	140;115048;116421;-;376.8	145;117987;118730;-;234.4	68;53338;55965;-;305.4	139;112235;115051;-;376.7	74;58020;59447;-;94.3	156;125255;127882;-;101.8	163;132079;132645;-;183.8	150;121670;122308;-;70.4	147;119007;120857;-;265.0	135;107682;109934;-;391.7	70;56481;56996;-;78.4	135;107682;109934;-;70.3	A	9/9	split_2	78741	1	1	111681..112202-;173;unnamed;0
NZ_CP063935.1	MPF_F	IncFII(K);IncR	132	0	0	GA	0															not_admitted	not_admitted	not_admitted	not_admitted	not_admitted	not_admitted	not_admitted	not_admitted	not_admitted	not_admitted	1	129;102478;103467;+;363.3	8;4388;5758;+;384.6	4;2440;3192;+;233.7	125;98382;101021;+;258.5	9;5758;8601;+;346.2	118;94130;95554;+;89.5	125;98382;101021;+;88.7	116;92837;93403;+;167.8	131;103743;104390;+;66.9	0;96;1568;+;260.7	13;11292;13604;+;393.2	119;95627;96211;+;54.9	13;11292;13604;+;65.8	A	9/9	split_2	103647	1	1	8612..9145+;177;unnamed;0
NZ_CP063940.1	MPF_F	IncFIB(K);IncFII(K);IncFII(pAR0022)	236	0	0	GA	0															not_admitted	not_admitted	not_admitted	not_admitted	not_admitted	not_admitted	not_admitted	not_admitted	not_admitted	not_admitted	1	42;36370;37362;-;366.6	32;29496;30863;-;379.8	36;32119;32871;-;232.2	45;38388;41027;-;259.3	31;28012;29496;-;347.3	55;44859;46283;-;88.4	45;38388;41027;-;88.8	57;47010;47576;-;167.0	41;35719;36357;-;67.0	40;33801;35660;-;258.6	201;170182;171270;-;340.3	53;43660;44217;-;52.7	24;22398;23684;-;67.8	A	9/9	split_2	147784	1	1	27830..28015-;61;unnamed;0
NZ_CP063944.1	MPF_F	IncFII(K);IncR	133	0	0	GA	0															not_admitted	not_admitted	not_admitted	not_admitted	not_admitted	not_admitted	not_admitted	not_admitted	not_admitted	not_admitted	1	75;63865;64854;-;363.3	64;56738;58108;-;384.6	68;59304;60056;-;233.7	79;66311;68950;-;258.5	63;53895;56738;-;346.2	86;71778;73202;-;89.5	79;66311;68950;-;88.7	88;73929;74495;-;167.8	73;62942;63589;-;66.9	72;60928;62883;-;259.7	59;48892;51204;-;393.2	85;71121;71705;-;54.9	59;48892;51204;-;65.8	A	9/9	contiguous	25037	1	1	53351..53884-;177;unnamed;0
NZ_CP063946.1	MPF_F	IncFII(K);IncFII(pAR0022);IncHI1B(pNDM-MAR);IncR;repB;repB(R1701)	501	0	0	GA	0															not_admitted	not_admitted	not_admitted	not_admitted	not_admitted	not_admitted	not_admitted	not_admitted	not_admitted	not_admitted	1	304;255778;256767;+;366.6	314;262314;263681;+;384.1	310;260304;261056;+;233.7	300;251682;254321;+;258.5	315;263681;266503;+;346.4	294;247429;248853;+;89.3	300;251682;254321;+;88.7	292;246136;246702;+;169.3	305;256780;257418;+;66.9	306;257477;259432;+;259.7	319;269119;271431;+;393.2	295;248926;249510;+;54.3	319;269119;271431;+;65.9	A	9/9	contiguous	22983	1	1	266526..267128+;200;TraS;0
NZ_CP063949.1	MPF_T	IncN	110	0	0	GA	1	77;60243;60977;-;32.5	16;12720;13013;-;28.7	15;12353;12670;-;63.3	14;9765;12353;-;111.7	14;9765;12353;-;76.9	13;9026;9739;-;97.1	70;54680;55720;-;153.6		11;6825;7523;-;131.9	68;52870;53754;-;159.0	66;51714;52289;-;158.1	7;3738;4733;-;81.2	60;44584;46113;+;38.5		pfam	both	A	7/7	rearranged	1	0	unscoreable	9	0	0														not_admitted	not_admitted	not_admitted	not_admitted	not_admitted	not_admitted	not_admitted
NZ_CP063951.1	MPF_T	IncFIB(pHCM2);IncY	150	0	0	GA	1	140;138777;139439;-;48.3	139;138467;138766;-;36.6	138;135707;138457;-;61.8	138;135707;138457;-;134.0	138;135707;138457;-;47.3	137;134972;135688;-;137.0	135;133651;134658;-;137.8		133;132755;133441;-;158.2	132;131869;132762;-;147.4	131;130676;131872;-;134.7	130;129623;130672;-;71.5	123;123046;124953;-;24.4		pfam	pfam_only	A	7/7	canonical	1	1	unscoreable	8	0	0														not_admitted	not_admitted	not_admitted	not_admitted	not_admitted	not_admitted	not_admitted
NZ_CP063994.1	MPF_T	IncP1	51	0	0	GA	1	35;28797;29453;+;23.6	24;18394;18825;+;63.1	25;18829;19140;+;49.8	26;19137;21695;+;89.6	26;19137;21695;+;112.5	31;25308;26072;+;122.2	33;26320;28173;+;135.0		27;21692;22480;+;145.1	28;22498;23397;+;184.2	30;23872;25290;+;218.8	23;17415;18377;+;131.9	50;44113;45333;-;387.4		conjscan	conjscan_only	A	7/7	canonical	1	0	unscoreable	4	0	0														not_admitted	not_admitted	not_admitted	not_admitted	not_admitted	not_admitted	not_admitted
NZ_CP063995.1	MPF_T	-	55	0	0	GA	1		50;35911;36201;+;42.5	51;36222;36539;+;66.5	52;36542;39160;+;101.4	52;36542;39160;+;82.2	53;39248;39955;+;104.8			1;761;1492;+;122.9	2;1494;2390;+;173.3	3;2387;3523;+;180.5	4;3533;4537;+;74.8	10;9454;11004;-;72.1		pfam	both	B	6/7	uncallable	0	0	unscoreable	5	0	0														not_admitted	not_admitted	not_admitted	not_admitted	not_admitted	not_admitted	not_admitted
NZ_CP063998.1	MPF_T	-	56	0	0	GA	1		44;31387;31677;+;39.6	45;31698;32015;+;66.5	46;32018;34636;+;101.4	46;32018;34636;+;82.2	47;34724;35431;+;104.8	49;35807;36889;+;136.1		50;37173;37904;+;122.9	51;37906;38802;+;173.3	52;38799;39941;+;180.5	53;39951;40955;+;74.8	3;3978;5528;-;72.1		pfam	both	A	7/7	canonical	1	0	unscoreable	1	0	0														not_admitted	not_admitted	not_admitted	not_admitted	not_admitted	not_admitted	not_admitted
NZ_CP063999.1	MPF_T	IncP1	51	0	0	GA	1	38;34104;34760;-;23.6	49;44720;45151;-;63.1	48;44405;44716;-;50.3	47;41850;44408;-;89.6	47;41850;44408;-;112.5	42;37467;38231;-;122.2	40;35384;37219;-;136.7		46;41065;41853;-;145.1	45;40148;41047;-;184.0	43;38249;39667;-;218.3	50;45168;45614;-;90.4	25;19204;21108;+;511.4		conjscan	conjscan_only	A	7/7	canonical	1	0	unscoreable	4	0	0														not_admitted	not_admitted	not_admitted	not_admitted	not_admitted	not_admitted	not_admitted
NZ_CP064006.1	MPF_F	IncHI2;IncHI2A	276	0	0	GA	0															not_admitted	not_admitted	not_admitted	not_admitted	not_admitted	not_admitted	not_admitted	not_admitted	not_admitted	not_admitted	1	39;43918;44976;+;276.9	215;201501;202916;-;194.1	216;202906;203952;-;173.7	11;8956;11637;+;168.0	214;197542;201492;-;101.6	7;5271;6626;+;80.7	11;8956;11637;+;72.4	4;2759;3547;+;74.8	37;42265;43776;+;62.4	40;44995;48183;+;57.7	222;210993;213077;+;56.7	10;7997;8947;+;46.1	222;210993;213077;+;38.8	A	9/9	split_3	208234	0	1	
NZ_CP064007.1	MPF_T	IncX4	48	0	0	GA	1	10;4677;5297;+;41.6	11;5311;5637;+;64.4	12;5656;8403;+;63.8	12;5656;8403;+;151.8	12;5656;8403;+;46.1	13;8415;9131;+;94.2	14;9143;10237;+;150.1		16;10752;11438;+;169.0	17;11435;12343;+;142.4	18;12336;13454;+;163.9	19;13456;14484;+;85.0	20;14516;16333;+;314.8		pfam	pfam_only	A	7/7	canonical	1	1	unscoreable	1	0	0														not_admitted	not_admitted	not_admitted	not_admitted	not_admitted	not_admitted	not_admitted
NZ_CP064008.1	MPF_T	IncN;IncX1	78	0	0	GA	1	36;25345;26079;+;32.5	38;26379;26672;+;28.7	39;26722;27039;+;63.3	40;27039;29639;+;111.8	40;27039;29639;+;76.8	41;29657;30370;+;97.1	43;30621;31661;+;153.6		44;31880;32578;+;131.9	45;32589;33473;+;159.0	46;33473;34633;+;154.9	47;34675;35670;+;81.2	58;49466;50995;-;38.5		pfam	both	A	7/7	canonical	1	0	unscoreable	2	0	0														not_admitted	not_admitted	not_admitted	not_admitted	not_admitted	not_admitted	not_admitted
NZ_CP064009.1	MPF_T	IncX4	45	0	0	GA	1	30;26087;26707;-;41.6	29;25747;26073;-;64.4	28;22981;25728;-;63.8	28;22981;25728;-;151.8	28;22981;25728;-;46.1	27;22253;22969;-;94.2	26;21147;22241;-;150.1		24;19946;20632;-;169.0	23;19041;19949;-;142.4	22;17930;19048;-;163.9	21;16900;17928;-;85.0	20;15051;16868;-;314.8		pfam	pfam_only	A	7/7	canonical	1	1	unscoreable	1	0	0														not_admitted	not_admitted	not_admitted	not_admitted	not_admitted	not_admitted	not_admitted
NZ_CP064013.1	MPF_T	IncX4	41	0	0	GA	1	10;4677;5297;+;41.6	11;5311;5637;+;64.4	12;5656;8403;+;63.8	12;5656;8403;+;151.8	12;5656;8403;+;46.1	13;8415;9131;+;94.2	14;9143;10237;+;150.1		16;10752;11438;+;169.0	17;11435;12343;+;142.4	18;12336;13454;+;163.9	19;13456;14484;+;85.0	20;14516;16333;+;314.8		pfam	pfam_only	A	7/7	canonical	1	1	unscoreable	1	0	0														not_admitted	not_admitted	not_admitted	not_admitted	not_admitted	not_admitted	not_admitted
NZ_CP064014.1	MPF_T	IncX4	45	0	0	GA	1	30;26087;26707;-;41.6	29;25747;26073;-;64.4	28;22981;25728;-;63.8	28;22981;25728;-;151.8	28;22981;25728;-;46.1	27;22253;22969;-;94.2	26;21147;22241;-;150.1		24;19946;20632;-;169.0	23;19041;19949;-;142.4	22;17930;19048;-;163.9	21;16900;17928;-;85.0	20;15051;16868;-;314.8		pfam	pfam_only	A	7/7	canonical	1	1	unscoreable	1	0	0														not_admitted	not_admitted	not_admitted	not_admitted	not_admitted	not_admitted	not_admitted
NZ_CP064016.1	MPF_F	ColRNAI;IncFII	93	0	0	GA	0															not_admitted	not_admitted	not_admitted	not_admitted	not_admitted	not_admitted	not_admitted	not_admitted	not_admitted	not_admitted	1	70;63583;64575;+;369.3	79;69637;71010;+;379.5	74;67274;68047;+;234.0	67;59944;62574;+;303.5	80;71007;73463;+;386.5	60;55239;56666;+;94.3	67;59944;62574;+;98.5	58;53958;54524;+;183.8	71;64584;65222;+;68.7	72;65219;67027;+;268.0	83;74222;76447;+;391.7	64;57794;58309;+;78.6	83;74222;76447;+;70.3	A	9/9	contiguous	20264	1	1	73497..73772+;91;unnamed;0
NZ_CP064017.1	MPF_F	IncFIA(HI1);IncHI1A;IncHI1B(R27)	318	0	0	GA	0															not_admitted	not_admitted	not_admitted	not_admitted	not_admitted	not_admitted	not_admitted	not_admitted	not_admitted	not_admitted	1	16;16072;17124;+;277.6	181;171553;172968;+;201.7	180;170517;171563;+;171.3	312;294226;296556;+;161.1	182;172977;176966;+;103.1	308;290520;291878;+;84.0	312;294226;296556;+;42.6	305;288068;288853;+;68.7	14;14419;15927;+;65.6	17;17147;20323;+;58.9	174;161498;163582;-;50.2	311;293267;294217;+;45.2	174;161498;163582;-;36.5	A	9/9	split_3	279807	0	1	
NZ_CP064021.1	MPF_T	IncX4	45	0	0	GA	1	10;4677;5297;+;41.6	11;5311;5637;+;64.4	12;5656;8403;+;63.8	12;5656;8403;+;151.8	12;5656;8403;+;46.1	13;8415;9131;+;94.2	14;9143;10237;+;150.1		16;10752;11438;+;169.0	17;11435;12343;+;142.4	18;12336;13454;+;163.9	19;13456;14484;+;85.0	20;14516;16333;+;314.8		pfam	pfam_only	A	7/7	canonical	1	1	unscoreable	1	0	0														not_admitted	not_admitted	not_admitted	not_admitted	not_admitted	not_admitted	not_admitted
NZ_CP064022.1	MPF_F	IncFII	97	0	0	GA	0															not_admitted	not_admitted	not_admitted	not_admitted	not_admitted	not_admitted	not_admitted	not_admitted	not_admitted	not_admitted	1	74;64558;65550;+;369.3	83;70612;71985;+;379.5	78;68249;69022;+;234.0	71;60919;63549;+;303.5	84;71982;74807;+;386.0	64;56214;57641;+;94.3	71;60919;63549;+;98.5	62;54933;55499;+;183.8	75;65559;66197;+;68.7	76;66194;68002;+;268.0	87;76311;78527;+;391.7	68;58769;59284;+;78.6	87;76311;78527;+;70.3	A	9/9	contiguous	21378	1	1	74804..75313+;169;unnamed;0
NZ_CP064023.1	MPF_T	IncX4	45	0	0	GA	1	30;26087;26707;-;41.6	29;25747;26073;-;64.4	28;22981;25728;-;63.8	28;22981;25728;-;151.8	28;22981;25728;-;46.1	27;22253;22969;-;94.2	26;21147;22241;-;150.1		24;19946;20632;-;169.0	23;19041;19949;-;142.4	22;17930;19048;-;163.9	21;16900;17928;-;85.0	20;15051;16868;-;314.8		pfam	pfam_only	A	7/7	canonical	1	1	unscoreable	1	0	0														not_admitted	not_admitted	not_admitted	not_admitted	not_admitted	not_admitted	not_admitted
NZ_CP064025.1	MPF_T	IncX1	59	0	0	GA	1	21;12037;12681;+;47.1	22;12665;12955;+;73.5	23;12979;15738;+;44.8	23;12979;15738;+;133.3	23;12979;15738;+;71.9	24;15740;16477;+;57.5	26;16759;17814;+;131.7		27;18004;18726;+;116.0	28;18732;19661;+;133.3	29;19658;20872;+;128.6	30;20890;21927;+;66.4	31;21932;23767;+;543.4		pfam	pfam_only	A	7/7	canonical	1	1	unscoreable	1	0	0														not_admitted	not_admitted	not_admitted	not_admitted	not_admitted	not_admitted	not_admitted
NZ_CP064026.1	MPF_F	IncFIA(HI1);IncHI1A;IncHI1B(R27)	241	0	0	GA	0															not_admitted	not_admitted	not_admitted	not_admitted	not_admitted	not_admitted	not_admitted	not_admitted	not_admitted	not_admitted	1	17;16117;17169;+;277.6	143;131230;132645;-;201.7	144;132635;133681;-;171.3	239;210542;213223;+;160.6	142;127232;131221;-;103.1	235;206836;208194;+;84.0	239;210542;213223;+;76.5	232;204384;205169;+;68.7	15;14464;15972;+;65.6	18;17192;20368;+;58.9	150;140616;142700;+;50.2	238;209583;210533;+;45.2	150;140616;142700;+;36.5	A	9/9	split_3	196078	0	1	
NZ_CP064043.1	-	-	85	0	0	GA	1	38;25865;26380;-;52.6	64;47820;48149;-;65.8	63;47495;47809;-;31.0	62;45040;47454;-;49.3	62;45040;47454;-;98.9	61;44285;45043;-;35.2	59;42017;43330;-;94.5		58;41328;42002;-;144.2	57;40447;41319;-;159.1	55;38776;40032;-;191.1	50;33017;34639;-;177.2			conjscan	conjscan_only	B	6/7	canonical	1	0	unscoreable	17	0	0														not_admitted	not_admitted	not_admitted	not_admitted	not_admitted	not_admitted	not_admitted
NZ_CP064045.1	MPF_F	IncFIB(K)	157	0	0	GA	0															not_admitted	not_admitted	not_admitted	not_admitted	not_admitted	not_admitted	not_admitted	not_admitted	not_admitted	not_admitted	1	122;125969;126958;-;366.6	112;119055;120422;-;380.5	116;121680;122432;-;233.7	126;128415;130859;-;219.1	111;116206;119055;-;346.4		126;128415;130859;-;89.0		121;125318;125956;-;66.9	120;123304;125259;-;259.7	104;110371;112680;-;393.1		104;110371;112680;-;66.6	C	7/9	contiguous	18044	1	1	115673..116203-;176;unnamed;0
NZ_CP064047.1	MPF_F	IncFIB(K)	157	0	0	GA	0															not_admitted	not_admitted	not_admitted	not_admitted	not_admitted	not_admitted	not_admitted	not_admitted	not_admitted	not_admitted	1	122;125969;126958;-;366.6	112;119055;120422;-;380.5	116;121680;122432;-;233.7	126;128415;130859;-;219.1	111;116206;119055;-;346.4		126;128415;130859;-;89.0		121;125318;125956;-;66.9	120;123304;125259;-;259.7	104;110371;112680;-;393.1		104;110371;112680;-;66.6	C	7/9	contiguous	18044	1	1	115673..116203-;176;unnamed;0
NZ_CP064104.1	MPF_F	IncFIA;IncFIB(AP001918);IncFII	164	0	0	GA	0															not_admitted	not_admitted	not_admitted	not_admitted	not_admitted	not_admitted	not_admitted	not_admitted	not_admitted	not_admitted	1	36;35940;36932;-;367.4	25;28881;30254;-;380.9	32;32468;33211;-;235.0	39;37941;40568;-;305.4	24;26059;28884;-;385.9	45;42623;44050;-;94.3	39;37941;40568;-;98.5	47;44765;45331;-;183.8	35;35293;35931;-;68.6	34;33488;35296;-;268.3	21;22367;24556;-;391.3	41;41084;41599;-;78.4	21;22367;24556;-;70.4	A	9/9	contiguous	22398	1	1	25553..26062-;169;unnamed;0
NZ_CP064110.1	MPF_F	IncFIB(pNDM-Mar);IncHI1B(pNDM-MAR)	251	0	0	GA	0															not_admitted	not_admitted	not_admitted	not_admitted	not_admitted	not_admitted	not_admitted	not_admitted	not_admitted	not_admitted	1	225;198159;199196;-;282.3	126;103835;105244;+;190.4	125;102808;103845;+;176.7	237;210028;212745;-;149.6	127;105246;109184;+;118.9	241;214858;215358;-;49.2	237;210028;212745;-;85.2	246;218940;219800;-;79.0	226;199193;200554;-;69.9	224;194964;198149;-;58.9	118;93500;95626;-;57.7	238;212790;213527;-;56.9	118;93500;95626;-;41.0	A	9/9	split_2	125440	0	1	
NZ_CP064131.1	MPF_T	IncFII(pCTU2);IncR	87	0	0	GA	1	40;40232;40942;-;45.1	39;39957;40235;-;68.9	38;37200;39944;-;47.6	38;37200;39944;-;144.2	38;37200;39944;-;44.1	37;36477;37184;-;132.4	35;35150;36223;-;164.6		33;34258;34941;-;188.4	32;33353;34258;-;153.2	31;32057;33310;-;144.2	30;31035;32060;-;69.7	26;27218;28954;-;48.6		pfam	pfam_only	A	7/7	canonical	1	1	unscoreable	5	0	0														not_admitted	not_admitted	not_admitted	not_admitted	not_admitted	not_admitted	not_admitted
NZ_CP064175.1	MPF_F	IncFIB(K);IncFII(pKP91)	187	0	0	GA	0															not_admitted	not_admitted	not_admitted	not_admitted	not_admitted	not_admitted	not_admitted	not_admitted	not_admitted	not_admitted	1	102;102599;103588;-;363.3	91;95413;96780;-;383.5	95;98038;98790;-;232.0	106;105045;107684;-;259.0	90;92591;95413;-;346.5	117;111652;113076;-;88.0	106;105045;107684;-;88.7	119;113803;114369;-;167.9	100;101676;102323;-;65.1	99;99662;101617;-;259.7	86;87693;89975;-;393.3	114;110456;111040;-;53.8	86;87693;89975;-;65.8	A	9/9	contiguous	26110	1	1	91966..92568-;200;TraS;0
NZ_CP064177.1	MPF_T	IncX3	58	0	0	GA	1	45;33809;34453;+;46.4	46;34437;34727;+;73.1	47;34752;37505;+;47.0	47;34752;37505;+;142.4	47;34752;37505;+;73.3	48;37515;38285;+;60.1	50;38564;39619;+;133.2		51;39814;40542;+;119.4	52;40548;41477;+;138.8	53;41474;42688;+;128.3	55;42884;43918;+;65.7	56;43921;45756;+;495.9		pfam	pfam_only	A	7/7	canonical	1	1	unscoreable	2	0	0														not_admitted	not_admitted	not_admitted	not_admitted	not_admitted	not_admitted	not_admitted
NZ_CP064181.1	MPF_T	IncN	67	0	0	GA	1	62;50376;51110;-;32.5		59;49416;49733;-;63.3	58;46816;49416;-;113.8	58;46816;49416;-;76.4	57;46085;46798;-;105.5	55;44794;45834;-;142.4		54;43877;44575;-;131.9	53;42982;43866;-;159.7	52;41822;42982;-;156.3	51;40785;41780;-;81.2	37;27368;28897;+;38.5		pfam	both	A	7/7	canonical	1	0	unscoreable	3	0	0														not_admitted	not_admitted	not_admitted	not_admitted	not_admitted	not_admitted	not_admitted
NZ_CP064189.1	MPF_T	-	353	0	0	GA	1	111;93279;94451;+;71.8	108;90081;90452;+;54.8	109;90455;90778;+;47.7	110;90791;93301;+;144.5	110;90791;93301;+;94.8		114;95480;96553;+;85.8		115;96613;97347;+;111.1	116;97371;98177;+;185.4	117;98187;99524;+;192.0	118;99521;100570;+;129.5	119;100539;103331;+;219.6		none	none	A	7/7	canonical	0	0	unscoreable	2	0	0														not_admitted	not_admitted	not_admitted	not_admitted	not_admitted	not_admitted	not_admitted
NZ_CP064190.1	MPF_T	-	143	0	0	GA	1	38;35297;36385;-;94.1	41;39146;39493;-;73.0	40;38844;39143;-;77.8	39;36382;38841;-;125.3	39;36382;38841;-;96.9	37;34581;35285;-;34.5	36;33323;34351;-;146.0		35;32590;33285;-;178.7	34;31784;32593;-;198.8	33;30579;31784;-;211.2	32;29576;30598;-;134.6	31;27480;29579;-;314.6		pfam	pfam_only	A	7/7	canonical	1	0	unscoreable	0	0	0														not_admitted	not_admitted	not_admitted	not_admitted	not_admitted	not_admitted	not_admitted
NZ_CP064191.1	MPF_T	-	443	0	0	GA	1	327;320045;320743;+;65.6	438;436232;436615;-;71.5	329;321120;321446;+;68.8	330;321446;323815;+;206.3	436;433473;435929;-;124.6	435;432698;433501;-;46.3	434;431343;432518;-;107.3		334;325665;326378;+;168.5	432;429831;430643;-;186.3	430;428080;429375;-;212.7	439;436605;437582;-;127.7	418;416734;418740;-;554.5		conjscan	conjscan_only	A	7/7	uncallable	0	0	unscoreable	18	0	0														not_admitted	not_admitted	not_admitted	not_admitted	not_admitted	not_admitted	not_admitted
NZ_CP064231.1	MPF_F	IncFII(pBK30683);repB(R1701)	124	0	0	GA	0															not_admitted	not_admitted	not_admitted	not_admitted	not_admitted	not_admitted	not_admitted	not_admitted	not_admitted	not_admitted	1	5;3690;4679;-;366.0	119;101861;103228;-;384.0	123;104486;105085;-;218.1	9;6136;8775;-;258.5	118;99012;101861;-;346.4	15;11605;13029;-;89.2	9;6136;8775;-;88.7	17;13756;14322;-;169.3	4;3039;3677;-;67.0	3;1025;2980;-;259.7	114;94236;96548;-;390.0	14;10948;11532;-;54.5	114;94236;96548;-;64.0	A	9/9	split_2	103461	1	1	98476..99009-;177;unnamed;0
NZ_CP064234.1	MPF_F	IncFII(pBK30683);repB(R1701)	124	0	0	GA	0															not_admitted	not_admitted	not_admitted	not_admitted	not_admitted	not_admitted	not_admitted	not_admitted	not_admitted	not_admitted	1	123;104218;104937;-;284.6	113;97304;98671;-;384.0	117;99929;100681;-;233.7	3;1579;4218;-;258.5	112;94455;97304;-;346.4	9;7048;8472;-;89.2	3;1579;4218;-;88.7	11;9199;9765;-;169.3	122;103567;104205;-;67.0	121;101553;103508;-;259.7	108;89679;91991;-;390.0	8;6391;6975;-;54.5	108;89679;91991;-;64.0	A	9/9	split_2	102639	1	1	93919..94452-;177;unnamed;0
NZ_CP064247.1	MPF_F	Col(pHAD28);IncFIB(K);IncFII(pKP91)	304	0	0	GA	0															not_admitted	not_admitted	not_admitted	not_admitted	not_admitted	not_admitted	not_admitted	not_admitted	not_admitted	not_admitted	1	266;235280;236269;+;363.3	277;242088;243455;+;382.2	273;240078;240830;+;233.7	262;231184;233823;+;259.4	278;243455;246304;+;342.9	252;225798;227222;+;89.2	262;231184;233823;+;88.3	250;224505;225071;+;167.9	268;236545;237192;+;65.9	269;237251;239206;+;259.5	284;249311;251464;+;393.5	254;227834;228418;+;53.8	284;249311;251464;+;66.0	A	9/9	contiguous	24806	1	1	246307..246837+;176;unnamed;0
NZ_CP064248.1	MPF_F	IncFII(pHN7A8);IncR	210	0	0	GA	0															not_admitted	not_admitted	not_admitted	not_admitted	not_admitted	not_admitted	not_admitted	not_admitted	not_admitted	not_admitted	1	68;53339;54331;+;369.5	81;61164;62537;+;376.8	76;58855;59598;+;234.4	65;49703;52330;+;301.8	82;62534;65350;+;376.7	60;46221;47648;+;94.1	65;49703;52330;+;101.8	58;44940;45506;+;183.8	71;55277;55915;+;70.4	74;56728;58578;+;265.0	86;67651;69876;+;391.7	64;48672;49187;+;77.6	86;67651;69876;+;70.3	A	9/9	contiguous	22711	1	1	65383..65904+;173;unnamed;0
NZ_CP064253.1	MPF_F	IncFII(pHN7A8);IncR	213	0	0	GA	0															not_admitted	not_admitted	not_admitted	not_admitted	not_admitted	not_admitted	not_admitted	not_admitted	not_admitted	not_admitted	1	55;49132;50124;-;369.5	42;40926;42299;-;376.8	47;43865;44608;-;234.4	58;51133;53760;-;301.8	41;38113;40929;-;376.7	63;55815;57242;-;94.1	58;51133;53760;-;101.8	65;57957;58523;-;183.8	52;47548;48186;-;70.4	49;44885;46735;-;265.0	37;33587;35812;-;391.7	59;54276;54791;-;77.6	37;33587;35812;-;70.3	A	9/9	contiguous	24370	1	1	37559..38080-;173;unnamed;0
NZ_CP064264.1	MPF_F	IncFIB(S);IncFII(S);IncFII(pAR0022)	117	0	0	GA	0															not_admitted	not_admitted	not_admitted	not_admitted	not_admitted	not_admitted	not_admitted	not_admitted	not_admitted	not_admitted	1	17;20728;21720;-;366.7	9;14099;15481;-;392.4	12;16513;17262;-;231.0	20;22707;25355;-;314.1	8;11280;14102;-;394.4	28;27888;29309;-;91.5	20;22707;25355;-;97.8	30;30036;30602;-;185.6	16;19779;20417;-;70.6	14;17500;19326;-;271.0	5;7374;9626;-;374.0	25;26567;27082;-;96.7	5;7374;9626;-;72.0	A	9/9	contiguous	22662	1	1	10770..11258-;162;TraS;0
NZ_CP064327.1	MPF_T	-	42	0	0	GA	1		41;37907;38299;+;58.1	0;57;323;+;33.1	1;311;2875;+;104.6	1;311;2875;+;109.4	6;6399;7172;+;109.7	8;7447;8817;+;109.1		2;2872;3588;+;92.4	3;3605;4495;+;169.0	5;4980;6380;+;207.2	40;36935;37894;+;139.4	23;21983;23917;-;468.1		conjscan	both	A	7/7	canonical	1	0	unscoreable	3	0	0														not_admitted	not_admitted	not_admitted	not_admitted	not_admitted	not_admitted	not_admitted
NZ_CP064329.1	MPF_T	-	41	0	0	GA	1		40;37906;38298;+;58.1	0;57;323;+;33.1	1;311;2875;+;104.6	1;311;2875;+;109.4	6;6399;7172;+;109.7	8;7447;8817;+;109.1		2;2872;3588;+;92.4	3;3605;4495;+;169.0	5;4980;6380;+;207.2	39;36934;37893;+;139.4	22;21982;23916;-;468.1		conjscan	both	A	7/7	canonical	1	0	unscoreable	3	0	0														not_admitted	not_admitted	not_admitted	not_admitted	not_admitted	not_admitted	not_admitted
NZ_CP064331.1	MPF_T	-	41	0	0	GA	1		40;37901;38293;+;58.1	0;57;323;+;33.1	1;311;2875;+;104.6	1;311;2875;+;109.4	6;6399;7172;+;109.7	8;7447;8817;+;109.1		2;2872;3588;+;92.4	3;3605;4495;+;169.0	5;4980;6380;+;207.2	39;36929;37888;+;139.4	22;21982;23916;-;468.1		conjscan	both	A	7/7	canonical	1	0	unscoreable	3	0	0														not_admitted	not_admitted	not_admitted	not_admitted	not_admitted	not_admitted	not_admitted
NZ_CP064333.1	MPF_T	-	41	0	0	GA	1		40;37906;38298;+;58.1	0;57;323;+;33.1	1;311;2875;+;104.6	1;311;2875;+;109.4	6;6399;7172;+;109.7	8;7447;8817;+;109.1		2;2872;3588;+;92.4	3;3605;4495;+;169.0	5;4980;6380;+;207.2	39;36934;37893;+;139.4	22;21982;23916;-;468.1		conjscan	both	A	7/7	canonical	1	0	unscoreable	3	0	0														not_admitted	not_admitted	not_admitted	not_admitted	not_admitted	not_admitted	not_admitted
NZ_CP064335.1	MPF_T	-	42	0	0	GA	1		41;37900;38292;+;58.1	0;57;323;+;33.1	1;311;2875;+;104.6	1;311;2875;+;109.4	7;6394;7167;+;109.7	9;7442;8812;+;109.1		2;2872;3588;+;92.4	3;3605;4495;+;169.0	6;5953;6375;+;127.6	40;36928;37887;+;139.4	23;21977;23911;-;468.1		conjscan	both	A	7/7	canonical	1	0	unscoreable	3	0	0														not_admitted	not_admitted	not_admitted	not_admitted	not_admitted	not_admitted	not_admitted
NZ_CP064370.1	MPF_F	IncFII(pCoo);pSM22	125	0	0	GA	0															not_admitted	not_admitted	not_admitted	not_admitted	not_admitted	not_admitted	not_admitted	not_admitted	not_admitted	not_admitted	1	77;68285;69277;-;367.5	63;59160;60533;-;381.7	69;62468;63211;-;234.4	80;70286;72913;-;302.0	62;56320;59163;-;385.2	86;74804;76255;-;93.9	80;70286;72913;-;97.2	88;76970;77536;-;183.1	72;65488;66135;-;66.3	71;63488;65491;-;262.2	58;51777;54074;-;383.4	83;73429;73944;-;76.5	58;51777;54074;-;70.3	A	9/9	contiguous	25193	1	1	55819..56298-;159;TraS;0
NZ_CP064386.1	MPF_F	IncFIB(S);IncFII(S);IncFII(pAR0022)	116	0	0	GA	0															not_admitted	not_admitted	not_admitted	not_admitted	not_admitted	not_admitted	not_admitted	not_admitted	not_admitted	not_admitted	1	65;56929;57921;-;366.7	56;50299;51681;-;392.4	59;52713;53462;-;231.0	68;58908;61556;-;314.1	55;47480;50302;-;394.4	76;64089;65510;-;91.5	68;58908;61556;-;97.8	78;66237;66803;-;185.6	63;55979;56617;-;70.6	61;53700;55526;-;271.0	52;43583;45826;-;374.0	73;62768;63283;-;96.7	52;43583;45826;-;72.0	A	9/9	contiguous	22654	1	1	46970..47458-;162;TraS;0
NZ_CP064652.1	-	-	110	0	0	GA	1		104;119081;119581;-;58.9	103;118746;119081;-;49.3	102;116185;118749;-;87.9	102;116185;118749;-;108.8	97;111842;112645;-;91.7	95;110148;111542;-;110.2		101;115436;116188;-;128.1	100;114516;115418;-;161.7	98;112669;114072;-;219.4	105;119591;120553;-;122.1	19;17713;19623;+;501.3		conjscan	conjscan_only	A	7/7	canonical	1	0	unscoreable	3	0	0														not_admitted	not_admitted	not_admitted	not_admitted	not_admitted	not_admitted	not_admitted
NZ_CP064657.1	MPF_F	IncHI2;IncHI2A	288	0	0	GA	0															not_admitted	not_admitted	not_admitted	not_admitted	not_admitted	not_admitted	not_admitted	not_admitted	not_admitted	not_admitted	1	29;32275;33333;+;276.9	196;185324;186739;-;194.1	197;186729;187775;-;173.7	11;8955;11636;+;168.0	195;181365;185315;-;101.6	7;5270;6625;+;80.7	11;8955;11636;+;72.2	4;2758;3546;+;74.8	27;30622;32133;+;62.7	30;33352;36540;+;58.3	203;194816;196900;+;56.7	10;7996;8946;+;46.4	203;194816;196900;+;38.8	A	9/9	split_3	192058	0	1	
NZ_CP064660.1	MPF_T	IncX3	64	0	0	GA	1	31;20519;21163;+;46.4	32;21147;21437;+;73.1	33;21462;24215;+;47.0	33;21462;24215;+;142.4	33;21462;24215;+;73.3	34;24225;24995;+;60.1	36;25274;26329;+;133.2		37;26524;27252;+;119.4	38;27258;28187;+;138.8	39;28184;29398;+;128.3	41;29594;30628;+;65.7	42;30631;32466;+;495.9		pfam	pfam_only	A	7/7	canonical	1	1	unscoreable	2	0	0														not_admitted	not_admitted	not_admitted	not_admitted	not_admitted	not_admitted	not_admitted
NZ_CP064667.1	MPF_F	IncHI2;IncHI2A;IncQ1	218	0	0	GA	0															not_admitted	not_admitted	not_admitted	not_admitted	not_admitted	not_admitted	not_admitted	not_admitted	not_admitted	not_admitted	1	137;130126;131184;+;276.9			121;107873;110554;+;168.0		117;104188;105543;+;80.7	121;107873;110554;+;72.2	114;101676;102464;+;74.8	135;128473;129984;+;62.0	141;133493;135727;+;59.3		120;106914;107864;+;46.1		C	6/9	split_2	31817	0	1	
NZ_CP064675.1	MPF_F	IncHI2;IncHI2A	239	0	0	GA	0															not_admitted	not_admitted	not_admitted	not_admitted	not_admitted	not_admitted	not_admitted	not_admitted	not_admitted	not_admitted	1	210;193572;194630;-;276.9	83;71278;72693;+;194.1	82;70242;71288;+;174.3	226;214202;216883;-;168.0	84;72702;76655;+;101.7	230;219213;220568;-;80.7	226;214202;216883;-;72.2	234;223695;224279;-;58.9	212;194772;196283;-;62.0	206;189029;189949;-;24.8	75;61116;63200;-;56.8	227;216892;217842;-;46.1	75;61116;63200;-;38.8	A	9/9	split_2	162579	1	1	76836..78125+;429;unnamed;0
NZ_CP064694.1	-	-	671	0	0	GA	1	593;551924;552832;-;85.9	584;542710;543036;-;90.2	583;542447;542710;-;30.9	582;540002;542437;-;24.8	582;540002;542437;-;132.9	581;539271;540005;-;227.9	579;537658;538893;-;195.8		578;536930;537610;-;225.0	577;535953;536927;-;225.6	576;534751;535956;-;239.5	585;543033;543968;-;114.7	590;547091;549067;-;345.0		conjscan	conjscan_only	A	7/7	canonical	1	0	unscoreable	8	0	0														not_admitted	not_admitted	not_admitted	not_admitted	not_admitted	not_admitted	not_admitted
NZ_CP064697.1	MPF_T	-	94	0	0	GA	1	11;12751;13500;-;81.2	76;67326;67634;-;65.3	75;66980;67195;-;28.9	74;64639;67005;-;120.0	63;55210;55914;+;56.3	73;63732;64511;-;38.0	72;62665;63726;-;60.1		71;61863;62537;-;155.6	70;61095;61826;-;156.3	69;59746;61083;-;168.7	68;58712;59749;-;110.3	79;69411;71222;+;427.3		pfam	pfam_only	A	7/7	canonical	1	0	unscoreable	20	0	0														not_admitted	not_admitted	not_admitted	not_admitted	not_admitted	not_admitted	not_admitted
NZ_CP064700.1	MPF_T	-	96	0	0	GA	1	44;34225;34974;+;81.2	73;62143;62451;+;65.3	74;62582;62797;+;28.9	75;62772;65138;+;120.0	86;73863;74567;-;56.3	76;65266;66045;+;38.0	77;66051;67112;+;60.1		78;67240;67914;+;155.6	79;67951;68682;+;156.3	80;68694;70031;+;168.7	81;70028;71065;+;110.3	70;58555;60366;-;427.3		pfam	pfam_only	A	7/7	canonical	1	0	unscoreable	20	0	0														not_admitted	not_admitted	not_admitted	not_admitted	not_admitted	not_admitted	not_admitted
NZ_CP064706.1	MPF_T	-	265	0	0	GA	1		53;47059;47355;+;94.9	54;47355;47693;+;107.4	55;47686;50052;+;173.6	55;47686;50052;+;108.0	56;50049;50564;+;75.1	59;51023;52009;+;164.0		61;52361;53032;+;197.1	62;53029;53880;+;179.7	63;53892;55037;+;174.3	64;55034;56065;+;100.0	65;56031;57977;+;371.5		pfam	pfam_only	A	7/7	canonical	1	0	unscoreable	3	0	0														not_admitted	not_admitted	not_admitted	not_admitted	not_admitted	not_admitted	not_admitted
NZ_CP064769.1	MPF_F	IncFIB(K);IncFII(pBK30683)	206	0	0	GA	0															not_admitted	not_admitted	not_admitted	not_admitted	not_admitted	not_admitted	not_admitted	not_admitted	not_admitted	not_admitted	1	119;117775;118764;-;366.0	109;110861;112228;-;384.1	113;113486;114238;-;233.7	123;120221;122860;-;258.5	108;108039;110861;-;346.4	132;126766;128190;-;89.5	123;120221;122860;-;88.7	134;128917;129483;-;167.0	118;117124;117762;-;67.0	117;115110;117065;-;259.7	104;103114;105423;-;393.1	130;125570;126154;-;53.8	104;103114;105423;-;66.6	A	9/9	contiguous	25803	1	1	107414..108016-;200;TraS;0
NZ_CP064770.1	MPF_T	IncN4	52	0	0	GA	1	39;24095;24835;+;34.8	41;25159;25449;+;45.9	42;25499;25813;+;65.3	43;25813;28443;+;124.9	43;25813;28443;+;86.8	44;28453;29160;+;114.6	46;29419;30462;+;127.4	47;30557;30727;+;41.4	48;30730;31446;+;145.6	49;31449;32336;+;144.4	50;32333;33487;+;174.0	51;33480;34511;+;78.1	4;4313;5890;-;50.6		pfam	both	A	7/7	canonical	1	0	ga	2	0	0														not_admitted	not_admitted	not_admitted	not_admitted	not_admitted	not_admitted	not_admitted
NZ_CP064771.1	MPF_F	IncFII(pBK30683);repB(R1701)	128	0	0	GA	0															not_admitted	not_admitted	not_admitted	not_admitted	not_admitted	not_admitted	not_admitted	not_admitted	not_admitted	not_admitted	1	90;79931;80920;-;366.0	80;73017;74384;-;384.1	84;75642;76394;-;233.7	94;82377;85016;-;258.5	79;70195;73017;-;346.4	100;87846;89270;-;89.2	94;82377;85016;-;88.7	102;89997;90563;-;169.3	89;79280;79918;-;67.0	88;77266;79221;-;259.7	75;65270;67579;-;393.1	99;87189;87773;-;54.5	75;65270;67579;-;66.6	A	9/9	contiguous	24727	1	1	69570..70172-;200;TraS;0
NZ_CP064785.1	MPF_F	IncFIB(K)(pCAV1099-114);IncFII(Yp)	150	0	0	GA	0															not_admitted	not_admitted	not_admitted	not_admitted	not_admitted	not_admitted	not_admitted	not_admitted	not_admitted	not_admitted	1	109;120335;121327;-;367.1	96;112511;113881;-;377.2	102;115956;116708;-;230.4	112;122352;124991;-;259.1	95;109689;112511;-;339.3	118;127719;129134;-;85.6	112;122352;124991;-;92.1	120;129861;130427;-;163.6	108;119705;120322;-;69.1	107;117834;119708;-;253.4	92;105695;108016;-;391.7	117;127058;127624;-;59.4	92;105695;108016;-;66.6	A	9/9	contiguous	24166	1	1	109083..109673-;196;TraS;0
NZ_CP064848.1	MPF_F	Col156;IncFIB(AP001918);IncFII(29)	154	0	0	GA	0															not_admitted	not_admitted	not_admitted	not_admitted	not_admitted	not_admitted	not_admitted	not_admitted	not_admitted	not_admitted	1	97;86010;87002;-;367.9	85;78583;79956;-;381.7	92;82161;82904;-;233.1	100;88011;90641;-;304.0	84;75764;78586;-;388.5	107;93772;95199;-;93.9	100;88011;90641;-;99.3	109;95914;96480;-;183.1	95;85028;85666;-;68.6	94;83181;85031;-;271.9	80;71285;73492;-;391.2	104;92128;92643;-;73.9	80;71285;73492;-;70.3	A	9/9	contiguous	24629	1	1	75263..75742-;159;TraS;0
NZ_CP064859.1	MPF_F	-	348	0	0	GA	0															not_admitted	not_admitted	not_admitted	not_admitted	not_admitted	not_admitted	not_admitted	not_admitted	not_admitted	not_admitted	1	300;377806;378801;-;371.9	295;372717;374093;-;280.6	297;374513;375283;-;149.1	302;379490;382042;-;216.7	294;369807;372713;-;286.3	304;382593;384110;-;86.5	302;379490;382042;-;104.5	306;384831;385397;-;110.2	299;377014;377688;-;89.4	298;375296;377017;-;209.6	291;365296;367431;-;395.2	303;382046;382441;-;22.7	291;365296;367431;-;72.4	A	9/9	contiguous	19535	0	1	
NZ_CP064910.1	MPF_T	IncFIB(K)	97	0	0	GA	1	68;62623;63285;+;48.3	69;63296;63595;+;36.6	70;63605;66355;+;60.6	70;63605;66355;+;131.5	70;63605;66355;+;48.6	71;66374;67090;+;137.0	73;67404;68411;+;137.8		75;68621;69307;+;158.3	76;69300;70193;+;147.4	49;47745;48314;-;196.0	78;71390;72439;+;71.5	85;77177;79027;+;24.4		pfam	pfam_only	A	7/7	canonical	1	1	unscoreable	8	0	0														not_admitted	not_admitted	not_admitted	not_admitted	not_admitted	not_admitted	not_admitted
NZ_CP064932.1	MPF_T	-	423	0	0	GA	1	223;237276;237944;+;22.4	224;237941;238240;+;91.2	225;238246;238584;+;104.5	226;238577;240940;+;170.7	226;238577;240940;+;113.0	227;240937;241638;+;202.5	229;241871;242803;+;169.1		231;243128;243799;+;211.4	232;243796;244653;+;186.0	233;244662;245834;+;181.7	234;245843;246871;+;106.4	246;255458;257377;-;333.0		pfam	both	A	7/7	canonical	1	0	unscoreable	13	0	0														not_admitted	not_admitted	not_admitted	not_admitted	not_admitted	not_admitted	not_admitted
NZ_CP064935.1	MPF_T	-	1040	0	0	GA	1		933;991967;992266;-;91.5	932;991623;991961;-;101.2	931;989264;991630;-;175.9	931;989264;991630;-;108.5	930;988566;989267;-;203.2	928;987401;988333;-;165.9		926;986408;987079;-;215.6	925;985557;986411;-;185.7	924;984373;985548;-;181.8	923;983369;984364;-;104.8	909;972114;974033;+;322.9		pfam	both	A	7/7	canonical	1	0	unscoreable	15	0	0														not_admitted	not_admitted	not_admitted	not_admitted	not_admitted	not_admitted	not_admitted
NZ_CP064944.1	MPF_T	-	60	0	0	GA	1	21;12098;12730;-;56.9	34;25823;26146;-;50.7	33;25427;25795;-;78.4	32;22995;25430;-;150.8	32;22995;25430;-;103.2	31;22267;22998;-;140.8	29;21106;22056;-;149.5		27;19895;20788;-;90.1	26;19083;19892;-;144.8	25;17875;19086;-;127.8	24;16832;17878;-;86.7	23;14912;16822;-;328.8		pfam	both	A	7/7	canonical	1	0	unscoreable	3	0	0														not_admitted	not_admitted	not_admitted	not_admitted	not_admitted	not_admitted	not_admitted
NZ_CP065021.1	MPF_T	-	1545	0	0	GA	1		604;591206;591505;-;89.1	603;590860;591201;-;106.8	602;588489;590885;-;172.9	602;588489;590885;-;108.5	601;587788;588489;-;204.3	599;586617;587552;-;161.8		597;585630;586301;-;215.8	596;584776;585630;-;183.4	595;583594;584766;-;182.1	749;741794;743287;-;213.4	460;459454;461373;-;336.3		pfam	both	A	7/7	canonical	1	0	unscoreable	2	0	0														not_admitted	not_admitted	not_admitted	not_admitted	not_admitted	not_admitted	not_admitted
NZ_CP065023.1	MPF_F	IncFII;p0111	187	0	0	GA	0															not_admitted	not_admitted	not_admitted	not_admitted	not_admitted	not_admitted	not_admitted	not_admitted	not_admitted	not_admitted	1	162;148965;149957;+;369.5	172;155736;157109;+;381.7	167;153063;153806;+;234.4	159;145326;147956;+;304.1	173;157106;159928;+;374.0	150;140473;141924;+;94.2	159;145326;147956;+;97.1	148;139192;139758;+;174.3	164;150301;150939;+;68.6	165;150936;152786;+;266.1	177;162200;164461;+;391.1	153;142784;143299;+;78.4	177;162200;164461;+;70.3	A	9/9	contiguous	23008	1	1	159950..160429+;159;TraS;0
NZ_CP065043.1	MPF_F	-	165	0	0	GA	0															not_admitted	not_admitted	not_admitted	not_admitted	not_admitted	not_admitted	not_admitted	not_admitted	not_admitted	not_admitted	1	55;65307;66317;-;370.6	48;59600;60973;-;327.6	51;61736;62494;-;187.4	64;70076;72661;-;199.2	47;56886;59597;-;277.4	66;73096;74589;-;86.8	64;70076;72661;-;94.8	68;75338;75892;-;129.8	53;64320;64949;-;87.3	52;62491;64323;-;248.5	45;54235;56385;-;385.4	65;72670;73089;-;40.4	45;54235;56385;-;69.8	A	9/9	contiguous	21103	0	1	
NZ_CP065064.1	MPF_T	IncX4	40	0	0	GA	1	1;467;1087;+;41.6	2;1101;1427;+;64.4	3;1446;4193;+;63.8	3;1446;4193;+;151.8	3;1446;4193;+;46.1	4;4205;4921;+;94.2	5;4933;6027;+;150.1		7;6542;7228;+;169.0	8;7225;8133;+;142.4	9;8126;9244;+;163.2	10;9246;10274;+;85.0	11;10306;12123;+;314.8		pfam	pfam_only	A	7/7	canonical	1	1	unscoreable	1	0	0														not_admitted	not_admitted	not_admitted	not_admitted	not_admitted	not_admitted	not_admitted
NZ_CP065070.1	MPF_F	IncHI2;IncHI2A	314	0	0	GA	0															not_admitted	not_admitted	not_admitted	not_admitted	not_admitted	not_admitted	not_admitted	not_admitted	not_admitted	not_admitted	1	27;30951;32009;+;276.9	218;197135;198550;-;194.1	219;198540;199586;-;174.3	11;8955;11636;+;168.0	217;193173;197126;-;101.6	7;5270;6625;+;80.7	11;8955;11636;+;72.2	4;2758;3546;+;74.8	25;29298;30809;+;62.0	28;32028;35216;+;57.3	226;206628;208712;+;56.8	10;7996;8946;+;46.1	226;206628;208712;+;38.8	A	9/9	split_3	203870	1	1	191703..192992-;429;unnamed;0
NZ_CP065072.1	MPF_F	IncHI2;IncHI2A	302	0	0	GA	0															not_admitted	not_admitted	not_admitted	not_admitted	not_admitted	not_admitted	not_admitted	not_admitted	not_admitted	not_admitted	1	27;31707;32765;+;276.9	209;186085;187500;-;194.1	210;187490;188536;-;174.3	11;8955;11636;+;168.0	208;182123;186076;-;101.6	7;5270;6625;+;80.7	11;8955;11636;+;72.2	4;2758;3546;+;74.8	25;30054;31565;+;62.0	28;32784;35972;+;57.3	217;195578;197662;+;56.8	10;7996;8946;+;46.1	217;195578;197662;+;38.8	A	9/9	split_3	192820	1	1	181847..181942-;31;unnamed;0
NZ_CP065073.1	MPF_F	IncFII	102	0	0	GA	0															not_admitted	not_admitted	not_admitted	not_admitted	not_admitted	not_admitted	not_admitted	not_admitted	not_admitted	not_admitted	1	77;59999;60991;+;369.3	88;67044;68417;+;376.8	83;64711;65454;+;233.3	74;56363;58990;+;306.8	89;68414;71239;+;389.2	68;52889;54316;+;94.3	74;56363;58990;+;98.5	66;51608;52174;+;183.8	80;61988;62626;+;68.6	81;62623;64431;+;268.3	93;73481;75679;+;391.7	72;55332;55847;+;78.4	93;73481;75679;+;70.3	A	9/9	contiguous	21873	1	1	71236..71745+;169;unnamed;0
NZ_CP065077.1	MPF_F	IncFIA(HI1);IncHI1A;IncHI1B(R27)	243	0	0	GA	0															not_admitted	not_admitted	not_admitted	not_admitted	not_admitted	not_admitted	not_admitted	not_admitted	not_admitted	not_admitted	1	15;14855;15907;+;277.6	156;145380;146795;-;201.7	157;146785;147831;-;171.3	241;220353;223034;+;160.6	155;141382;145371;-;103.1	237;216647;218005;+;84.0	241;220353;223034;+;76.5	234;214195;214980;+;68.7	13;13202;14710;+;65.6	16;15930;19106;+;59.1	163;154766;156850;+;50.2	240;219394;220344;+;45.2	163;154766;156850;+;36.5	A	9/9	split_3	207151	0	1	
NZ_CP065081.1	MPF_F	IncFIA(HI1);IncHI1A;IncHI1B(R27)	242	0	0	GA	0															not_admitted	not_admitted	not_admitted	not_admitted	not_admitted	not_admitted	not_admitted	not_admitted	not_admitted	not_admitted	1	15;14855;15907;+;277.6	156;145380;146795;-;201.7	157;146785;147831;-;171.3	241;220353;223034;+;160.6	155;141382;145371;-;103.1	237;216647;218005;+;84.0	241;220353;223034;+;76.5	234;214195;214980;+;68.7	13;13202;14710;+;65.6	16;15930;19106;+;59.1	163;154766;156850;+;50.2	240;219394;220344;+;45.2	163;154766;156850;+;36.5	A	9/9	split_3	207151	0	1	
NZ_CP065083.1	MPF_F	IncFIA(HI1);IncHI1A;IncHI1B(R27)	242	0	0	GA	0															not_admitted	not_admitted	not_admitted	not_admitted	not_admitted	not_admitted	not_admitted	not_admitted	not_admitted	not_admitted	1	15;14855;15907;+;277.6	156;145380;146795;-;201.7	157;146785;147831;-;171.3	241;220353;223034;+;160.6	155;141382;145371;-;103.1	237;216647;218005;+;84.0	241;220353;223034;+;76.5	234;214195;214980;+;68.7	13;13202;14710;+;65.6	16;15930;19106;+;59.1	163;154766;156850;+;50.2	240;219394;220344;+;45.2	163;154766;156850;+;36.5	A	9/9	split_3	207151	0	1	
NZ_CP065095.1	MPF_F	IncHI2;IncHI2A	312	0	0	GA	0															not_admitted	not_admitted	not_admitted	not_admitted	not_admitted	not_admitted	not_admitted	not_admitted	not_admitted	not_admitted	1	27;31707;32765;+;276.9	219;197892;199307;-;194.1	220;199297;200343;-;174.3	11;8955;11636;+;168.0	218;193930;197883;-;101.6	7;5270;6625;+;80.7	11;8955;11636;+;72.2	4;2758;3546;+;74.8	25;30054;31565;+;62.0	28;32784;35972;+;57.3	227;207385;209469;+;56.8	10;7996;8946;+;46.1	227;207385;209469;+;38.8	A	9/9	split_3	204627	1	1	192460..193749-;429;unnamed;0
NZ_CP065098.1	MPF_F	IncHI2;IncHI2A	287	0	0	GA	0															not_admitted	not_admitted	not_admitted	not_admitted	not_admitted	not_admitted	not_admitted	not_admitted	not_admitted	not_admitted	1	27;31707;32765;+;276.9	194;173489;174904;-;194.1	195;174894;175940;-;174.3	11;8955;11636;+;168.0	193;169527;173480;-;101.6	7;5270;6625;+;80.7	11;8955;11636;+;72.2	4;2758;3546;+;74.8	25;30054;31565;+;62.0	28;32784;35972;+;57.3	202;182982;185066;+;56.8	10;7996;8946;+;46.1	202;182982;185066;+;38.8	A	9/9	split_3	180224	1	1	168057..169346-;429;unnamed;0
NZ_CP065102.1	MPF_F	IncFIB(AP001918);IncFIC(FII)	120	0	0	GA	0															not_admitted	not_admitted	not_admitted	not_admitted	not_admitted	not_admitted	not_admitted	not_admitted	not_admitted	not_admitted	1	49;49437;50429;-;369.3	41;43369;44742;-;380.7	45;45963;46553;-;214.3	54;52935;54062;-;212.8	40;40550;43372;-;380.3	58;56174;57400;-;90.9	52;51438;52643;-;99.7	60;58115;58681;-;183.8	48;48790;49428;-;68.3	47;46985;48793;-;268.3	37;36836;39016;-;391.8	55;54578;55093;-;78.0	37;36836;39016;-;70.4	A	9/9	contiguous	21279	1	1	40032..40529-;165;TraS;0
NZ_CP065103.1	MPF_T	IncX1	61	0	0	GA	1	52;42303;42947;-;47.1	51;42029;42319;-;73.5	50;39246;42005;-;44.8	50;39246;42005;-;133.3	50;39246;42005;-;71.9	49;38507;39244;-;57.5	47;37170;38225;-;131.7		46;36258;36980;-;116.0	45;35323;36252;-;132.4	44;34112;35326;-;128.6	43;33057;34094;-;66.4	42;31217;33052;-;543.4		pfam	pfam_only	A	7/7	canonical	1	1	unscoreable	1	0	0														not_admitted	not_admitted	not_admitted	not_admitted	not_admitted	not_admitted	not_admitted
NZ_CP065104.1	MPF_T	IncP1	52	0	0	GA	1		25;23271;23654;-;68.3	24;22942;23268;-;50.2	23;20402;22945;-;99.2	23;20402;22945;-;108.9	18;16165;16935;-;107.5	16;14430;16025;-;120.2		22;19698;20405;-;86.0	21;18792;19682;-;156.2	19;16948;18342;-;218.2	26;23768;24724;-;134.7	0;43;1095;+;261.4		conjscan	conjscan_only	A	7/7	canonical	1	0	unscoreable	3	0	0														not_admitted	not_admitted	not_admitted	not_admitted	not_admitted	not_admitted	not_admitted
NZ_CP065112.1	MPF_T	IncFIB(K)	127	0	0	GA	1	97;89903;90565;+;48.3	98;90576;90875;+;36.6	99;90885;93635;+;60.6	99;90885;93635;+;131.5	99;90885;93635;+;48.6	100;93654;94370;+;137.0	102;94684;95691;+;137.8		104;95901;96587;+;158.3	105;96580;97473;+;145.2	106;97470;98666;+;134.7	107;98670;99719;+;71.5	114;104457;106364;+;24.3		pfam	pfam_only	A	7/7	canonical	1	1	unscoreable	8	0	0														not_admitted	not_admitted	not_admitted	not_admitted	not_admitted	not_admitted	not_admitted
NZ_CP065113.1	MPF_T	IncX1	60	0	0	GA	1	45;38619;39266;-;45.6	44;38345;38641;-;77.5	43;35573;38326;-;46.8	43;35573;38326;-;147.9	43;35573;38326;-;75.3	42;34804;35562;-;68.5	40;33433;34566;-;106.9		39;32474;33187;-;120.0	38;31540;32469;-;134.1	37;30338;31543;-;133.4	36;29305;30336;-;76.2	35;27467;29302;-;488.0		pfam	pfam_only	A	7/7	canonical	1	1	unscoreable	1	0	0														not_admitted	not_admitted	not_admitted	not_admitted	not_admitted	not_admitted	not_admitted
NZ_CP065118.1	MPF_F	IncC	208	0	0	GA	0															not_admitted	not_admitted	not_admitted	not_admitted	not_admitted	not_admitted	not_admitted	not_admitted	not_admitted	not_admitted	1	127;102518;103525;+;332.9	197;165469;166902;+;339.2	196;164439;165467;+;221.7	122;97319;99766;+;354.5	198;166915;170529;+;375.3	45;26117;27277;+;156.3	122;97319;99766;+;128.3	115;86923;87549;+;92.7	125;100588;101853;+;67.9	128;103641;106439;+;145.3	106;81248;83113;+;47.3	118;89760;90338;+;100.2	106;81248;83113;+;52.0	A	9/9	split_3	140798	0	1	
NZ_CP065119.1	MPF_T	IncFIB(K)	107	0	0	GA	1	77;73253;73915;+;48.3	78;73926;74225;+;36.6	79;74235;76985;+;60.6	79;74235;76985;+;131.5	79;74235;76985;+;48.6	80;77004;77720;+;137.0	82;78034;79041;+;137.8		84;79251;79937;+;158.3	85;79930;80823;+;147.4	86;80820;82016;+;134.7	87;82020;83069;+;71.5	94;87807;89714;+;24.3		pfam	pfam_only	A	7/7	canonical	1	1	unscoreable	8	0	0														not_admitted	not_admitted	not_admitted	not_admitted	not_admitted	not_admitted	not_admitted
NZ_CP065124.1	MPF_T	IncN	61	0	0	GA	1	18;13612;14346;+;32.5		21;14989;15306;+;63.3	22;15306;17906;+;113.8	22;15306;17906;+;76.4	23;17924;18637;+;105.5	25;18888;19928;+;142.4		26;20147;20845;+;131.9	27;20856;21740;+;159.7	28;21740;22900;+;156.3	29;22942;23937;+;81.2	38;31931;33460;-;38.5		pfam	both	A	7/7	canonical	1	0	unscoreable	11	0	0														not_admitted	not_admitted	not_admitted	not_admitted	not_admitted	not_admitted	not_admitted
NZ_CP065153.1	MPF_F	IncFIB(AP001918);IncFIC(FII)	245	0	0	GA	0															not_admitted	not_admitted	not_admitted	not_admitted	not_admitted	not_admitted	not_admitted	not_admitted	not_admitted	not_admitted	1	154;150719;151711;-;369.3	139;140993;142366;-;380.9	146;144540;145283;-;235.0	157;152720;155347;-;305.5	138;138171;140996;-;385.2	162;157402;158829;-;94.3	157;152720;155347;-;98.5	164;159544;160110;-;184.4	153;150072;150710;-;68.4	148;145560;147017;-;268.8	132;131807;133798;-;392.1	158;155863;156378;-;78.0	132;131807;133798;-;70.5	A	9/9	contiguous	27737	1	1	137665..138174-;169;unnamed;0
NZ_CP065163.1	MPF_F	IncFIB(pNDM-Mar);RepB	297	0	0	GA	0															not_admitted	not_admitted	not_admitted	not_admitted	not_admitted	not_admitted	not_admitted	not_admitted	not_admitted	not_admitted	1	272;226771;227808;+;283.1	119;101155;102510;-;188.4	120;102557;103594;-;173.2	261;213220;215937;+;151.5	118;97209;101180;-;121.3	257;209734;211107;+;63.3	261;213220;215937;+;84.3	254;207228;208088;+;79.1	271;225413;226774;+;70.4	273;227818;231000;+;59.2	128;110779;112905;+;57.2	260;212438;213175;+;59.2	128;110779;112905;+;41.1	A	9/9	split_2	130609	0	1	
NZ_CP065164.1	MPF_F	IncFIB(K);IncFII(K)	247	0	0	GA	0															not_admitted	not_admitted	not_admitted	not_admitted	not_admitted	not_admitted	not_admitted	not_admitted	not_admitted	not_admitted	1	201;205956;206945;-;363.3	190;198770;200137;-;382.2	194;201395;202147;-;236.4	205;208402;211041;-;259.0	189;195927;198770;-;342.9	216;215008;216432;-;88.8	205;208402;211041;-;87.6	218;217159;217725;-;167.9	199;205033;205680;-;65.9	198;203019;204974;-;259.5	185;191030;193342;-;392.8	213;213812;214396;-;53.8	185;191030;193342;-;65.9	A	9/9	contiguous	26129	1	1	195392..195916-;174;unnamed;0
NZ_CP065168.1	MPF_F	IncFIB(K);IncFII(K)	240	0	0	GA	0															not_admitted	not_admitted	not_admitted	not_admitted	not_admitted	not_admitted	not_admitted	not_admitted	not_admitted	not_admitted	1	194;199066;200055;-;363.3	183;191880;193247;-;382.2	187;194505;195257;-;236.4	198;201512;204151;-;259.0	182;189037;191880;-;342.9	209;208118;209542;-;88.8	198;201512;204151;-;87.6	211;210269;210835;-;167.9	192;198143;198790;-;65.9	191;196129;198084;-;259.5	178;184140;186452;-;392.8	206;206922;207506;-;53.8	178;184140;186452;-;65.9	A	9/9	contiguous	26129	1	1	188502..189026-;174;unnamed;0
NZ_CP065173.1	MPF_F	IncFIB(K);IncFII(K)	231	0	0	GA	0															not_admitted	not_admitted	not_admitted	not_admitted	not_admitted	not_admitted	not_admitted	not_admitted	not_admitted	not_admitted	1	185;190687;191676;-;363.3	174;183501;184868;-;382.2	178;186126;186878;-;236.4	189;193133;195772;-;259.0	173;180658;183501;-;342.9	200;199739;201163;-;88.8	189;193133;195772;-;87.6	202;201890;202456;-;167.9	183;189764;190411;-;65.9	182;187750;189705;-;259.5	169;175761;178073;-;392.8	197;198543;199127;-;53.8	169;175761;178073;-;65.9	A	9/9	contiguous	26129	1	1	180123..180647-;174;unnamed;0
NZ_CP065174.1	MPF_F	IncFIB(pNDM-Mar);RepB	249	0	0	GA	0															not_admitted	not_admitted	not_admitted	not_admitted	not_admitted	not_admitted	not_admitted	not_admitted	not_admitted	not_admitted	1	224;192527;193564;+;283.1	65;64290;65645;-;188.4	66;65692;66729;-;173.2	210;176575;179292;+;151.5	64;60344;64315;-;121.3	206;173089;174462;+;63.3	210;176575;179292;+;84.3	203;170583;171443;+;79.1	223;191169;192530;+;70.4	225;193574;196756;+;59.2	76;74979;77105;+;57.2	209;175793;176530;+;59.2	76;74979;77105;+;41.1	A	9/9	split_2	133230	0	1	
NZ_CP065175.1	MPF_F	IncFII(p14)	149	0	0	GA	0															not_admitted	not_admitted	not_admitted	not_admitted	not_admitted	not_admitted	not_admitted	not_admitted	not_admitted	not_admitted	1	123;106010;107002;+;372.3	134;113036;114406;+;380.3	131;111515;112267;+;222.2	120;102345;104984;+;254.8	135;114406;117249;+;348.4	112;97733;99154;+;86.6	120;102345;104984;+;88.2	110;96446;97012;+;159.4	124;107015;107662;+;68.8	126;108039;109994;+;253.1	138;118819;121113;+;391.5	114;99615;100199;+;55.9	138;118819;121113;+;66.6	A	9/9	contiguous	22373	1	1	117255..117770+;171;unnamed;0
NZ_CP065176.1	MPF_F	IncFII(K);repB(R1701)	112	0	0	GA	0															not_admitted	not_admitted	not_admitted	not_admitted	not_admitted	not_admitted	not_admitted	not_admitted	not_admitted	not_admitted	1	83;71689;72681;+;363.2	94;78227;78838;+;222.6	90;76217;76969;+;236.4	80;68024;70663;+;259.0	96;79595;82444;+;342.9	74;63520;64944;+;89.2	80;68024;70663;+;88.7	72;62227;62793;+;169.3	84;72694;73332;+;66.0	86;74713;75345;+;203.0	100;84906;87206;+;392.7	75;65058;65627;+;52.3	100;84906;87206;+;66.6	A	9/9	contiguous	22679	1	1	82447..82980+;177;unnamed;0
NZ_CP065204.1	MPF_F	IncFIB(AP001918);IncFIC(FII)	168	0	0	GA	0															not_admitted	not_admitted	not_admitted	not_admitted	not_admitted	not_admitted	not_admitted	not_admitted	not_admitted	not_admitted	1	117;104828;105820;-;369.3	106;97769;99142;-;378.0	113;101356;102099;-;234.1	120;106829;109456;-;305.4	105;94950;97772;-;389.5	126;111511;112938;-;94.3	120;106829;109456;-;98.5	128;113653;114219;-;183.8	116;104181;104819;-;68.4	115;102376;104184;-;268.6	102;91268;93421;-;391.9	122;109972;110487;-;78.4	102;91268;93421;-;70.4	A	9/9	contiguous	22385	1	1	94437..94928-;163;TraS;0
NZ_CP065219.1	MPF_F	-	153	0	0	GA	0															not_admitted	not_admitted	not_admitted	not_admitted	not_admitted	not_admitted	not_admitted	not_admitted	not_admitted	not_admitted	1	148;174123;175133;-;379.7	143;168680;170086;-;302.1	145;170513;171289;-;176.8	150;175812;178361;-;203.8	142;165848;168676;-;298.8	152;178857;180056;-;89.6	150;175812;178361;-;99.5	1;1012;1587;-;133.3	147;173152;173865;-;89.9	146;171337;173115;-;223.3	140;162860;164959;-;394.2	151;178465;178854;-;30.1	140;162860;164959;-;74.1	A	9/9	split_2	177845	1	1	165251..165784-;177;unnamed;0
NZ_CP065342.1	MPF_F	IncFIB(pB171);IncFII(Yp);IncFII(pAR0022)	121	0	0	GA	0															not_admitted	not_admitted	not_admitted	not_admitted	not_admitted	not_admitted	not_admitted	not_admitted	not_admitted	not_admitted	1	69;57385;58377;+;369.4	77;63090;64460;+;376.7	73;61124;61873;+;218.2	66;53767;56397;+;285.5	78;64460;67282;+;336.5	60;50345;51739;+;89.4	66;53767;56397;+;98.6	58;49062;49628;+;169.9	70;58394;59023;+;66.9	71;59020;60873;+;260.5	81;68619;70865;+;384.7	61;51761;52300;+;67.5	81;68619;70865;+;63.8	A	9/9	contiguous	19557	1	1	67304..67735+;143;TraS;0
NZ_CP065346.1	MPF_T	IncX3	65	0	0	GA	1	34;28886;29530;-;46.4	33;28612;28902;-;73.1	32;25834;28587;-;47.0	32;25834;28587;-;142.4	32;25834;28587;-;73.3	31;25054;25824;-;60.1	29;23720;24775;-;133.2		28;22797;23525;-;119.4	27;21862;22791;-;138.8	26;20651;21865;-;128.3	24;19421;20455;-;65.7	23;17583;19418;-;495.9		pfam	pfam_only	A	7/7	canonical	1	1	unscoreable	2	0	0														not_admitted	not_admitted	not_admitted	not_admitted	not_admitted	not_admitted	not_admitted
NZ_CP065350.1	MPF_T	IncX3	62	0	0	GA	1	19;11339;11983;+;46.4	20;11967;12257;+;73.1	21;12282;15035;+;47.0	21;12282;15035;+;142.4	21;12282;15035;+;73.3	22;15045;15815;+;60.1	24;16094;17149;+;133.2		25;17344;18072;+;119.4	26;18078;19007;+;138.8	27;19004;20218;+;128.3	29;20414;21448;+;65.7	30;21451;23286;+;495.9		pfam	pfam_only	A	7/7	canonical	1	1	unscoreable	2	0	0														not_admitted	not_admitted	not_admitted	not_admitted	not_admitted	not_admitted	not_admitted
NZ_CP065352.1	MPF_F	IncFIB(pB171);IncFII(Yp);IncFII(pAR0022)	121	0	0	GA	0															not_admitted	not_admitted	not_admitted	not_admitted	not_admitted	not_admitted	not_admitted	not_admitted	not_admitted	not_admitted	1	69;57385;58377;+;369.4	77;63090;64460;+;376.7	73;61124;61873;+;218.2	66;53767;56397;+;285.5	78;64460;67282;+;336.5	60;50345;51739;+;89.4	66;53767;56397;+;98.6	58;49062;49628;+;169.9	70;58394;59023;+;66.9	71;59020;60873;+;260.5	81;68619;70865;+;384.7	61;51761;52300;+;67.5	81;68619;70865;+;63.8	A	9/9	contiguous	19557	1	1	67304..67735+;143;TraS;0
NZ_CP065360.1	-	-	222	0	0	GA	1	98;89904;90587;-;81.2		96;89344;89622;-;59.8	95;86985;89369;-;95.5	95;86985;89369;-;30.0	93;86105;86851;-;46.6	91;84556;85611;-;93.4		90;83894;84538;-;122.3	89;83079;83894;-;135.8	87;81554;82387;-;156.7	86;80335;81348;-;110.6	84;78279;80171;-;283.8		pfam	both	A	7/7	canonical	1	0	unscoreable	5	0	0														not_admitted	not_admitted	not_admitted	not_admitted	not_admitted	not_admitted	not_admitted
NZ_CP065361.1	-	-	69	0	0	GA	1	39;37396;38508;+;71.2		36;34478;34825;+;61.0	37;34815;37193;+;74.8	37;34815;37193;+;50.7	40;38505;39272;+;61.5	42;39707;40720;+;120.8		43;40750;41418;+;182.6	44;41424;42146;+;180.1	46;43208;43573;+;100.5	47;43570;44550;+;116.8	54;51232;52407;-;97.6		pfam	pfam_only	A	7/7	canonical	1	0	unscoreable	7	0	0														not_admitted	not_admitted	not_admitted	not_admitted	not_admitted	not_admitted	not_admitted
NZ_CP065371.1	-	-	130	0	0	GA	1	61;45828;46343;+;49.2	101;83119;83448;-;65.8	100;82794;83108;-;30.7	99;80373;82754;-;51.7	99;80373;82754;-;99.0	98;79586;80344;-;35.2	96;77315;78631;-;96.0		94;76423;77097;-;144.3	93;75542;76414;-;159.7	91;73871;75127;-;191.0	51;37803;38960;+;168.2	69;51428;53389;+;40.1		conjscan	conjscan_only	A	7/7	canonical	1	0	unscoreable	19	0	0														not_admitted	not_admitted	not_admitted	not_admitted	not_admitted	not_admitted	not_admitted
NZ_CP065372.1	-	-	75	0	0	GA	1	45;40794;41309;-;49.4	73;63693;64022;-;65.8	72;63368;63682;-;30.4	71;60914;63328;-;51.1	71;60914;63328;-;99.0	70;60159;60917;-;33.7	68;57894;59204;-;98.8		67;57206;57880;-;144.4	66;56313;57197;-;159.6	64;54642;55898;-;189.9	59;48884;50506;-;165.5			conjscan	conjscan_only	B	6/7	canonical	1	0	unscoreable	19	0	0														not_admitted	not_admitted	not_admitted	not_admitted	not_admitted	not_admitted	not_admitted
NZ_CP065407.1	MPF_F	-	127	0	0	GA	0															not_admitted	not_admitted	not_admitted	not_admitted	not_admitted	not_admitted	not_admitted	not_admitted	not_admitted	not_admitted	1	32;26725;27726;-;396.5	26;21021;22427;-;377.4	27;22438;23262;-;248.7	36;29242;31863;-;207.9	25;17962;21009;-;224.2	40;33436;34785;-;122.0	36;29242;31863;-;126.4	42;35451;36044;-;171.3	31;25949;26725;-;107.2	29;23626;24882;-;159.0	54;44725;46722;-;423.1	37;31901;32551;-;54.1	54;44725;46722;-;80.7	A	9/9	contiguous	26763	0	1	
NZ_CP065408.1	MPF_T	IncP1	82	0	0	GA	1	9;9542;10177;+;23.5	81;76848;77312;+;63.5		0;1;2559;+;91.0	0;1;2559;+;112.1	5;6193;6957;+;122.3	7;7205;8923;+;143.0		1;2556;3338;+;147.6	2;3356;4255;+;186.5	4;4751;6172;+;223.3	80;75869;76831;+;127.6	19;21157;23070;-;525.1		conjscan	conjscan_only	A	7/7	canonical	1	0	unscoreable	4	0	0														not_admitted	not_admitted	not_admitted	not_admitted	not_admitted	not_admitted	not_admitted
NZ_CP065413.1	MPF_T	-	61	0	0	GA	1	12;12834;13607;-;34.1	10;10003;10308;-;80.3	9;9666;9989;-;86.7	8;7172;9658;-;211.8	8;7172;9658;-;104.8	7;6445;7164;-;218.4	4;4237;5319;-;160.2		3;3200;3919;-;191.6	2;2319;3203;-;181.9	1;1159;2322;-;196.9	0;99;1175;-;97.2	59;46281;48950;-;320.3		pfam	both	A	7/7	canonical	1	0	unscoreable	3	0	0														not_admitted	not_admitted	not_admitted	not_admitted	not_admitted	not_admitted	not_admitted
NZ_CP065423.1	MPF_T	IncI2(Delta)	73	0	0	GA	1	18;21317;21799;-;81.1		33;37412;37696;-;36.6	32;35049;37406;-;58.5	32;35049;37406;-;44.9	42;42508;43152;-;41.0	43;43158;44153;-;123.9		30;34149;34883;-;144.3	29;33382;34152;-;170.5	28;32253;33392;-;154.7	21;23578;25116;-;207.1	26;29205;31163;-;289.6		pfam	pfam_only	A	7/7	rearranged	1	0	unscoreable	14	0	0														not_admitted	not_admitted	not_admitted	not_admitted	not_admitted	not_admitted	not_admitted
NZ_CP065437.1	MPF_F	IncFIB(K);IncFII(K)	170	0	0	GA	0															not_admitted	not_admitted	not_admitted	not_admitted	not_admitted	not_admitted	not_admitted	not_admitted	not_admitted	not_admitted	1	45;30005;30997;+;366.6	55;36514;37881;+;381.2	51;34505;35257;+;232.2	42;26339;28843;+;259.4	56;37881;40730;+;344.4	33;21328;22392;+;46.9	42;26339;28843;+;88.7	31;20035;20601;+;167.0	46;31010;31648;+;67.0	47;31707;33662;+;259.2	59;42543;44876;+;393.2	36;23383;23940;+;52.5	59;42543;44876;+;66.0	A	9/9	contiguous	22508	1	1	40733..41263+;176;unnamed;0
NZ_CP065439.1	MPF_F	IncC	186	0	0	GA	0															not_admitted	not_admitted	not_admitted	not_admitted	not_admitted	not_admitted	not_admitted	not_admitted	not_admitted	not_admitted	1	108;79169;80176;-;332.9			113;82928;85375;-;354.5		178;143609;144769;-;156.3	113;82928;85375;-;128.3	120;95145;95771;-;92.7	110;80841;82106;-;67.9	107;76255;79053;-;145.3	129;99581;101446;-;47.3	117;92356;92934;-;100.2	129;99581;101446;-;52.0	C	6/9	split_2	67354	0	1	
NZ_CP065443.1	MPF_F	IncC	177	0	0	GA	0															not_admitted	not_admitted	not_admitted	not_admitted	not_admitted	not_admitted	not_admitted	not_admitted	not_admitted	not_admitted	1	50;46100;47107;+;332.9			45;40901;43348;+;354.5		166;130211;131371;+;156.3	45;40901;43348;+;128.3	38;30505;31131;+;92.7	48;44170;45435;+;67.9	51;47223;50021;+;145.3	29;24830;26695;+;47.3	41;33342;33920;+;100.2	29;24830;26695;+;52.0	C	6/9	split_2	105381	0	1	
NZ_CP065446.1	MPF_F	IncC	178	0	0	GA	0															not_admitted	not_admitted	not_admitted	not_admitted	not_admitted	not_admitted	not_admitted	not_admitted	not_admitted	not_admitted	1	85;67002;68009;-;332.9			90;70761;73208;-;354.5		150;123693;124853;-;156.3	90;70761;73208;-;128.3	97;82978;83604;-;92.7	87;68674;69939;-;67.9	84;64088;66886;-;145.3	106;87414;89279;-;47.3	94;80189;80767;-;100.2	106;87414;89279;-;52.0	C	6/9	split_2	59605	0	1	
NZ_CP065448.1	MPF_T	IncN2	57	0	0	GA	1	24;20186;20968;-;33.3	22;19643;19939;-;36.0	21;19286;19603;-;71.9	20;16712;19285;-;118.0	20;16712;19285;-;74.2	19;15983;16696;-;107.4	17;14677;15714;-;119.6	16;14469;14600;-;40.1	15;13763;14458;-;132.6	14;12865;13752;-;147.8	13;11732;12865;-;166.3	12;10680;11681;-;90.1	52;36718;38250;+;51.8		pfam	both	A	7/7	canonical	1	0	ga	2	0	0														not_admitted	not_admitted	not_admitted	not_admitted	not_admitted	not_admitted	not_admitted
NZ_CP065449.1	MPF_F	IncFIB(K);IncFII(K)	175	0	0	GA	0															not_admitted	not_admitted	not_admitted	not_admitted	not_admitted	not_admitted	not_admitted	not_admitted	not_admitted	not_admitted	1	75;61239;62231;-;366.6	65;54418;55788;-;381.2	69;56990;57742;-;232.4	78;63257;65896;-;258.7	64;51569;54418;-;344.2	87;69711;71135;-;89.2	78;63257;65896;-;88.8	89;71862;72428;-;167.0	74;60588;61226;-;67.0	73;58585;60591;-;259.0	60;47446;49755;-;393.2	85;68530;69099;-;49.7	60;47446;49755;-;65.8	A	9/9	contiguous	24416	1	1	51036..51566-;176;unnamed;0
NZ_CP065451.1	MPF_F	IncC	188	0	0	GA	0															not_admitted	not_admitted	not_admitted	not_admitted	not_admitted	not_admitted	not_admitted	not_admitted	not_admitted	not_admitted	1	21;21279;22286;+;332.9	90;83084;84517;+;339.2	89;82054;83082;+;221.7	16;16080;18527;+;354.5	91;84530;88144;+;375.3	147;120428;121588;+;156.3	16;16080;18527;+;128.3	9;5684;6310;+;92.7	19;19349;20614;+;67.9	22;22402;25200;+;145.3	0;9;1874;+;47.3	12;8521;9099;+;100.2	0;9;1874;+;52.0	A	9/9	split_3	120419	0	1	
NZ_CP065454.1	MPF_F	IncC	208	0	0	GA	0															not_admitted	not_admitted	not_admitted	not_admitted	not_admitted	not_admitted	not_admitted	not_admitted	not_admitted	not_admitted	1	74;69601;70608;+;332.9	144;132552;133985;+;339.2	143;131522;132550;+;221.7	69;64402;66849;+;354.5	145;133998;137612;+;375.3	201;169905;171065;+;156.3	69;64402;66849;+;128.3	62;54006;54632;+;92.7	72;67671;68936;+;67.9	75;70724;73522;+;145.3	53;48331;50196;+;47.3	65;56843;57421;+;100.2	53;48331;50196;+;52.0	A	9/9	split_3	121574	0	1	
NZ_CP065458.1	MPF_T	IncN	74	0	0	GA	1	9;3664;4398;+;32.5		12;5041;5358;+;63.3	13;5358;7958;+;113.8	13;5358;7958;+;76.4	14;7976;8689;+;105.5	16;8940;9980;+;142.4		17;10199;10897;+;131.9	18;10908;11792;+;159.7	19;11792;12952;+;156.3	20;12994;13989;+;81.2	32;26938;28467;-;38.5		pfam	both	A	7/7	canonical	1	0	unscoreable	3	0	0														not_admitted	not_admitted	not_admitted	not_admitted	not_admitted	not_admitted	not_admitted
NZ_CP065462.1	MPF_F	IncFIB(K);IncFII(K)	208	0	0	GA	0															not_admitted	not_admitted	not_admitted	not_admitted	not_admitted	not_admitted	not_admitted	not_admitted	not_admitted	not_admitted	1	77;76633;77622;-;363.3	66;69447;70814;-;382.2	70;72072;72824;-;236.4	81;79079;81718;-;259.0	65;66604;69447;-;342.9	92;85685;87109;-;88.8	81;79079;81718;-;87.6	94;87836;88402;-;167.9	75;75710;76357;-;65.9	74;73696;75651;-;259.5	61;61707;64019;-;392.8	89;84489;85073;-;53.8	61;61707;64019;-;65.9	A	9/9	contiguous	26129	1	1	66069..66593-;174;unnamed;0
NZ_CP065463.1	MPF_F	IncC	178	0	0	GA	0															not_admitted	not_admitted	not_admitted	not_admitted	not_admitted	not_admitted	not_admitted	not_admitted	not_admitted	not_admitted	1	126;94638;95645;-;332.9			131;98397;100844;-;354.5		13;11680;12840;-;156.3	131;98397;100844;-;128.3	138;110614;111240;-;92.7	128;96310;97575;-;67.9	125;91724;94522;-;145.3	147;115050;116915;-;47.3	135;107825;108403;-;100.2	147;115050;116915;-;52.0	C	6/9	split_2	103370	0	1	
NZ_CP065465.1	MPF_F	IncC	179	0	0	GA	0															not_admitted	not_admitted	not_admitted	not_admitted	not_admitted	not_admitted	not_admitted	not_admitted	not_admitted	not_admitted	1	92;71124;72131;+;332.9			87;65925;68372;+;354.5		27;14281;15441;+;156.3	87;65925;68372;+;128.3	80;55529;56155;+;92.7	90;69194;70459;+;67.9	93;72247;75045;+;145.3	71;49854;51719;+;47.3	83;58366;58944;+;100.2	71;49854;51719;+;52.0	C	6/9	split_2	57966	0	1	
NZ_CP065470.1	MPF_F	IncFIB(K);IncFII(K)	171	0	0	GA	0															not_admitted	not_admitted	not_admitted	not_admitted	not_admitted	not_admitted	not_admitted	not_admitted	not_admitted	not_admitted	1	63;59832;60824;-;366.6	53;52948;54315;-;381.2	57;55572;56324;-;232.2	66;61850;64489;-;259.3	52;50099;52948;-;344.4	74;68075;69499;-;89.3	66;61850;64489;-;88.8	76;70226;70792;-;167.0	62;59181;59819;-;67.0	61;57167;59122;-;259.2	49;45977;48286;-;392.7	72;66888;67445;-;52.5	49;45977;48286;-;66.6	A	9/9	contiguous	24249	1	1	49566..50096-;176;unnamed;0
NZ_CP065472.1	MPF_F	IncFII	70	0	0	GA	0															not_admitted	not_admitted	not_admitted	not_admitted	not_admitted	not_admitted	not_admitted	not_admitted	not_admitted	not_admitted	1	39;37839;38831;-;369.3	30;31404;32777;-;381.0	35;34367;35140;-;234.0	42;39840;42470;-;303.5	29;28582;31407;-;386.0	49;45748;47175;-;94.3	42;39840;42470;-;98.5	51;47890;48456;-;183.8	38;37192;37830;-;68.7	37;35387;37195;-;268.0	26;25090;27078;-;392.1	45;44105;44620;-;78.6	26;25090;27078;-;70.6	A	9/9	contiguous	22800	1	1	28076..28585-;169;unnamed;0
NZ_CP065475.1	MPF_F	IncFIA(HI1);IncR;repFIB;repHI5B	446	0	0	GA	0															not_admitted	not_admitted	not_admitted	not_admitted	not_admitted	not_admitted	not_admitted	not_admitted	not_admitted	not_admitted	1	164;130935;131972;+;282.2	365;321792;323234;+;188.4	364;320798;321835;+;172.4	153;117349;120066;+;143.5	366;323209;327174;+;117.7	149;113859;115226;+;63.7	153;117349;120066;+;80.6	146;111344;112204;+;73.9	163;129577;130938;+;71.7	165;131987;135163;+;58.7	357;311443;313569;-;62.0	152;116563;117300;+;56.3	357;311443;313569;-;39.7	A	9/9	split_2	211865	0	1	
NZ_CP065568.1	MPF_F	IncFIA(HI1);IncHI1A;IncHI1B(R27)	266	0	0	GA	0															not_admitted	not_admitted	not_admitted	not_admitted	not_admitted	not_admitted	not_admitted	not_admitted	not_admitted	not_admitted	1	15;14855;15907;+;277.6	177;168392;169807;-;202.4	178;169797;170843;-;171.3	264;240340;243021;+;160.6	176;164394;168383;-;103.1	260;236634;237992;+;84.0	264;240340;243021;+;76.5	257;234182;234967;+;68.7	13;13202;14710;+;65.6	16;15930;19106;+;58.9	184;177778;179862;+;50.2	263;239381;240331;+;45.2	184;177778;179862;+;36.5	A	9/9	split_3	227138	0	1	
NZ_CP065603.1	MPF_F	-	170	0	0	GA	0															not_admitted	not_admitted	not_admitted	not_admitted	not_admitted	not_admitted	not_admitted	not_admitted	not_admitted	not_admitted	1	117;140982;142013;+;366.9	125;148030;149475;+;325.7	123;146172;146990;+;212.8	111;135473;138073;+;211.7	126;149472;152915;+;236.8	106;130391;131728;+;95.2	111;135473;138073;+;79.3	104;129050;129661;+;85.1	118;142010;142801;+;87.9	120;144096;145361;+;152.1	78;99861;101927;+;407.2	110;134761;135459;+;51.2	78;99861;101927;+;52.5	A	9/9	split_2	49611	0	1	
NZ_CP065610.1	MPF_F	IncFII(pSE11)	115	0	0	GA	0															not_admitted	not_admitted	not_admitted	not_admitted	not_admitted	not_admitted	not_admitted	not_admitted	not_admitted	not_admitted	1	45;37923;38915;+;366.6	57;44929;46302;+;385.1	50;41979;42722;+;235.0	42;34284;36914;+;301.5	58;46299;49145;+;385.4	37;31033;32460;+;94.5	42;34284;36914;+;98.1	35;29752;30318;+;183.8	47;39259;39897;+;68.6	48;39894;41702;+;261.5	61;50676;52919;+;391.3	40;33248;33763;+;79.6	61;50676;52919;+;70.3	A	9/9	contiguous	20924	1	1	49142..49651+;169;unnamed;0
NZ_CP065612.1	MPF_F	IncFII	319	0	0	GA	0															not_admitted	not_admitted	not_admitted	not_admitted	not_admitted	not_admitted	not_admitted	not_admitted	not_admitted	not_admitted	1	4;1772;2458;-;235.6	306;270000;270938;-;201.5	316;275070;275588;-;122.0	10;5568;6083;-;80.7	305;267163;270003;-;380.9	15;8243;9670;-;88.4	7;3467;4414;-;49.8	17;10385;10951;-;183.8	0;485;802;-;48.0	318;275865;277157;-;268.0	301;262714;264912;-;391.8	12;6604;7119;-;75.8	301;262714;264912;-;70.4	A	9/9	split_2	275380	1	1	266641..267138-;165;TraS;0
NZ_CP065614.1	MPF_F	IncFII	298	0	0	GA	0															not_admitted	not_admitted	not_admitted	not_admitted	not_admitted	not_admitted	not_admitted	not_admitted	not_admitted	not_admitted	1	195;171590;172582;-;366.6	179;161387;162760;-;384.4	186;164967;165710;-;235.0	198;173591;176221;-;300.5	178;158550;161390;-;380.9		198;173591;176221;-;97.6		193;170608;171246;-;68.6	192;168761;170611;-;266.3	174;154395;156299;-;392.3	200;176742;177257;-;75.8	174;154395;156299;-;70.6	B	8/9	contiguous	22347	1	1	158028..158525-;165;TraS;0
NZ_CP065625.1	MPF_F	IncFII(Yp)	63	0	0	GA	0															not_admitted	not_admitted	not_admitted	not_admitted	not_admitted	not_admitted	not_admitted	not_admitted	not_admitted	not_admitted	1	58;53090;54097;+;366.9	5;2152;3513;+;374.1	0;14;280;+;87.4	55;49464;52091;+;280.4	6;3513;6365;+;342.7	51;46741;48138;+;89.5	55;49464;52091;+;93.1	49;45457;46023;+;171.4	61;54580;55410;+;65.7	62;55403;57238;+;239.7	8;6969;9173;+;389.7	54;48721;49287;+;58.3	8;6969;9173;+;67.8	A	9/9	split_2	55389	1	1	6362..6880+;172;unnamed;0
NZ_CP065638.1	MPF_F	IncFIB(S);IncFII(S);IncFII(pAR0022)	117	0	0	GA	0															not_admitted	not_admitted	not_admitted	not_admitted	not_admitted	not_admitted	not_admitted	not_admitted	not_admitted	not_admitted	1	105;85765;86757;-;366.7	96;79135;80517;-;392.4	99;81549;82298;-;231.0	108;87744;90392;-;314.1	95;76316;79138;-;394.4	116;92925;93884;-;92.7	108;87744;90392;-;97.8	2;1140;1706;-;185.6	103;84815;85453;-;70.6	101;82536;84362;-;271.0	92;72419;74662;-;374.0	113;91604;92119;-;96.7	92;72419;74662;-;72.0	A	9/9	split_2	91785	1	1	75806..76294-;162;TraS;0
NZ_CP065667.1	MPF_T	IncP1	81	0	0	GA	1	56;51523;52158;+;23.6	45;41201;41665;+;66.5	46;41669;41980;+;49.8	47;41977;44535;+;91.0	47;41977;44535;+;113.9	52;48163;48927;+;123.7	54;49175;50908;+;141.9		48;44532;45314;+;144.6	49;45332;46231;+;185.3	51;46727;48145;+;222.9	44;40223;41188;+;128.2	73;67075;68979;-;528.7		conjscan	conjscan_only	A	7/7	canonical	1	0	unscoreable	4	0	0														not_admitted	not_admitted	not_admitted	not_admitted	not_admitted	not_admitted	not_admitted
NZ_CP065669.1	MPF_F	-	368	0	0	GA	0															not_admitted	not_admitted	not_admitted	not_admitted	not_admitted	not_admitted	not_admitted	not_admitted	not_admitted	not_admitted	1	120;121026;122042;+;396.2	126;126101;127567;+;374.5	125;125271;126101;+;244.3	114;115956;118547;+;479.2	127;127592;130420;+;352.0	111;112733;114061;+;99.9	114;115956;118547;+;97.2	109;111362;111928;+;192.6	121;122053;122799;+;111.1	122;122796;124637;+;285.8	37;38437;40743;-;549.3	113;114923;115954;+;22.1	37;38437;40743;-;58.8	A	9/9	split_2	89155	0	1	
NZ_CP065685.1	MPF_F	-	267	0	0	GA	0															not_admitted	not_admitted	not_admitted	not_admitted	not_admitted	not_admitted	not_admitted	not_admitted	not_admitted	not_admitted	1	140;146864;147898;-;388.2	126;136093;137562;-;340.5	133;141398;142252;-;225.8	148;151871;154474;-;236.2	125;132993;136082;-;223.1	151;155922;157322;-;106.4	148;151871;154474;-;93.6	153;157982;158572;-;122.5	139;146151;146867;-;98.5	137;143757;145034;-;177.4	164;169125;171032;-;415.9	149;154488;155135;-;51.6	164;169125;171032;-;80.7	A	9/9	contiguous	36132	0	1	
NZ_CP065697.1	MPF_T	-	351	1	1	GA	1	122;131528;131950;-;80.3	223;205259;205654;-;86.3	222;204990;205262;-;31.8	221;202521;204974;-;43.6	221;202521;204974;-;140.1	220;201799;202524;-;231.4	218;200072;201457;-;174.3		217;199355;200059;-;231.2	216;198354;199358;-;227.3	215;197077;198351;-;207.7	92;91991;93220;+;364.1	226;207161;209164;-;344.0	108;112430;116350;-;56.1	conjscan	conjscan_only	A	7/7	canonical	1	0	unscoreable	15	0	1	109;116438;117619;-;202.9	105;108432;109934;-;201.3	106;109936;110889;-;189.9	113;119924;122365;-;170.2	104;104488;108423;-;95.7	215;197077;198351;-;207.7	113;119924;122365;-;131.9	118;125899;126723;-;99.2	110;117622;118680;-;55.5	108;112430;116350;-;56.1	226;207161;209164;-;104.9	115;122802;123290;-;63.3	226;207161;209164;-;99.8	A	9/9	split_2	102673	0	1	
NZ_CP065714.1	MPF_F	-	452	0	0	GA	0															not_admitted	not_admitted	not_admitted	not_admitted	not_admitted	not_admitted	not_admitted	not_admitted	not_admitted	not_admitted	1	122;110298;111311;-;395.4	114;102545;104011;-;373.1	115;104011;104841;-;243.6	128;113790;116381;-;480.1	113;99705;102521;-;358.2	131;118276;119604;-;99.9	128;113790;116381;-;97.2	133;120408;120974;-;192.6	119;107313;108059;-;111.0	118;105475;107316;-;284.1	302;273062;275368;+;549.3	129;116383;117414;-;23.0	302;273062;275368;+;58.8	A	9/9	split_2	173357	0	1	
NZ_CP065719.1	MPF_F	IncFIB(S);IncFII(S);IncFII(pAR0022)	116	0	0	GA	0															not_admitted	not_admitted	not_admitted	not_admitted	not_admitted	not_admitted	not_admitted	not_admitted	not_admitted	not_admitted	1	2;885;1877;+;366.7	11;7125;8507;+;392.4	8;5344;6093;+;231.0	115;91183;93831;+;314.1	12;8504;11326;+;394.4	107;87229;88650;+;91.5	115;91183;93831;+;97.8	105;85936;86502;+;185.6	4;2189;2827;+;70.6	6;3280;5106;+;271.0	15;12980;15223;+;374.0	110;89456;89971;+;96.7	15;12980;15223;+;72.0	A	9/9	split_2	90298	1	1	11348..11836+;162;TraS;0
NZ_CP065724.1	MPF_T	-	42	0	0	GA	1	35;28497;29195;+;43.5	37;29572;29877;+;67.0	38;29893;30207;+;85.7	39;30210;32681;+;136.8	39;30210;32681;+;97.8	40;32678;33367;+;161.7	0;108;638;+;81.7		1;888;1583;+;154.6	2;1595;2392;+;194.9	3;2392;3585;+;184.2	4;3551;4627;+;88.3	6;7590;9113;-;51.0		pfam	both	A	7/7	rearranged	1	0	unscoreable	2	0	0														not_admitted	not_admitted	not_admitted	not_admitted	not_admitted	not_admitted	not_admitted
NZ_CP065727.1	MPF_T	-	92	0	0	GA	1	49;43007;43741;+;44.8		12;8630;9010;+;42.7	13;8949;11438;+;97.4	13;8949;11438;+;36.5	16;12163;12828;+;40.6	56;48412;49131;+;121.3		20;14330;15088;+;146.7	21;15137;15892;+;166.9	23;16202;17221;+;176.6	67;53302;53811;+;89.5	25;18351;20399;+;402.5		pfam	both	A	7/7	canonical	1	0	unscoreable	16	0	0														not_admitted	not_admitted	not_admitted	not_admitted	not_admitted	not_admitted	not_admitted
NZ_CP065749.1	MPF_T	-	388	1	1	GA	1	152;162738;163160;-;80.3	253;236469;236864;-;86.3	252;236200;236472;-;31.8	251;233731;236184;-;43.6	251;233731;236184;-;140.1	250;233009;233734;-;231.4	248;231282;232667;-;174.3		247;230565;231269;-;231.2	246;229564;230568;-;227.3	245;228287;229561;-;207.7	122;123201;124430;+;364.1	256;238371;240374;-;344.0	138;143640;147560;-;56.1	conjscan	conjscan_only	A	7/7	canonical	1	0	unscoreable	15	0	1	139;147648;148829;-;202.9	135;139642;141144;-;201.3	136;141146;142099;-;189.9	143;151134;153575;-;170.2	134;135698;139633;-;95.7	245;228287;229561;-;207.7	143;151134;153575;-;131.9	148;157109;157933;-;99.2	140;148832;149890;-;55.5	138;143640;147560;-;56.1	256;238371;240374;-;104.9	145;154012;154500;-;63.3	256;238371;240374;-;99.8	A	9/9	split_2	102673	0	1	
NZ_CP065806.1	MPF_T	-	50	0	0	GA	1				12;6746;8764;+;25.2									18;12786;14315;+;463.9		none	none	D	2/7	uncallable	0	0	unscoreable	5	0	0														not_admitted	not_admitted	not_admitted	not_admitted	not_admitted	not_admitted	not_admitted
NZ_CP065832.1	MPF_F	IncFIB(K)	218	0	0	GA	0															not_admitted	not_admitted	not_admitted	not_admitted	not_admitted	not_admitted	not_admitted	not_admitted	not_admitted	not_admitted	1	155;154687;155676;-;363.3	144;147501;148868;-;380.5	148;150126;150878;-;233.7	159;157133;159772;-;259.0	143;144652;147501;-;346.4	170;163740;165164;-;88.0	159;157133;159772;-;88.9	172;165891;166457;-;167.9	153;153764;154411;-;65.1	152;151750;153705;-;259.7	136;138817;141126;-;393.1	167;162544;163128;-;53.8	136;138817;141126;-;66.6	A	9/9	contiguous	27074	1	1	144119..144649-;176;unnamed;0
NZ_CP065839.1	MPF_F	IncFIB(K);IncFII(K)	153	0	0	GA	0															not_admitted	not_admitted	not_admitted	not_admitted	not_admitted	not_admitted	not_admitted	not_admitted	not_admitted	not_admitted	1	109;112615;113607;-;366.6	99;105794;107164;-;381.2	103;108366;109118;-;232.4	112;114633;117272;-;258.7	98;102945;105794;-;344.2	121;120675;122099;-;84.2	112;114633;117272;-;88.8	123;122826;123392;-;168.4	108;111964;112602;-;67.0	107;109961;111967;-;259.0	94;98822;101131;-;393.2	120;119905;120462;-;53.2	94;98822;101131;-;65.8	A	9/9	contiguous	24004	1	1	102412..102942-;176;unnamed;0
NZ_CP065842.1	MPF_F	IncFIB(pNDM-Mar);RepB	429	0	0	GA	0															not_admitted	not_admitted	not_admitted	not_admitted	not_admitted	not_admitted	not_admitted	not_admitted	not_admitted	not_admitted	1	403;373242;374279;+;282.3	145;145587;146996;-;190.4	146;146986;148023;-;176.1	388;358916;361633;+;150.6	144;141617;145585;-;121.3	384;355433;356803;+;65.6	388;358916;361633;+;85.3	381;352927;353787;+;79.0	402;371884;373245;+;69.9	404;374289;377471;+;60.1	153;155222;157348;+;58.0	387;358134;358871;+;56.9	153;155222;157348;+;40.6	A	9/9	split_2	232672	0	1	
NZ_CP065897.1	-	-	101	0	0	GA	1	56;50746;51948;-;75.0	60;54803;55123;-;81.0	59;54520;54798;-;79.1	58;52152;54530;-;75.5	58;52152;54530;-;40.9	55;49956;50744;-;48.4	49;44528;45598;-;120.0		54;49249;49947;-;142.0	53;48539;49249;-;151.9	52;47145;48542;-;180.1	51;46132;47142;-;107.9	47;42076;44100;+;265.3		pfam	pfam_only	A	7/7	canonical	1	0	unscoreable	3	0	0														not_admitted	not_admitted	not_admitted	not_admitted	not_admitted	not_admitted	not_admitted
NZ_CP065940.1	MPF_F	IncHI2;IncHI2A	332	0	0	GA	0															not_admitted	not_admitted	not_admitted	not_admitted	not_admitted	not_admitted	not_admitted	not_admitted	not_admitted	not_admitted	1	29;32275;33333;+;276.9	211;202005;203420;-;194.1	212;203410;204456;-;173.7	11;8955;11636;+;168.0	210;198046;201996;-;101.6	7;5270;6625;+;80.7	11;8955;11636;+;72.2	4;2758;3546;+;74.8	27;30622;32133;+;62.7	30;33352;36540;+;58.3	218;211497;213581;+;56.7	10;7996;8946;+;46.4	218;211497;213581;+;38.8	A	9/9	split_3	208739	0	1	
NZ_CP065950.1	MPF_T	IncN	65	0	0	GA	1	17;12320;13054;+;32.5		20;13697;14014;+;63.3	21;14014;16614;+;113.8	21;14014;16614;+;76.4	22;16632;17345;+;105.5	24;17596;18636;+;142.4		25;18855;19553;+;131.9	26;19564;20448;+;159.7	27;20448;21608;+;156.3	28;21650;22645;+;81.2	42;34237;35766;-;38.5		pfam	both	A	7/7	canonical	1	0	unscoreable	3	0	0														not_admitted	not_admitted	not_admitted	not_admitted	not_admitted	not_admitted	not_admitted
NZ_CP065953.1	MPF_F	IncFIB(pNDM-Mar);IncHI1B(pNDM-MAR);IncN	352	0	0	GA	0															not_admitted	not_admitted	not_admitted	not_admitted	not_admitted	not_admitted	not_admitted	not_admitted	not_admitted	not_admitted	1	274;244435;245472;-;282.3	86;65520;66929;+;190.4	85;64493;65530;+;175.6	287;256304;259021;-;148.7	87;66931;70899;+;121.3	291;261134;262504;-;65.6	287;256304;259021;-;85.2	294;264150;265010;-;79.0	275;245469;246830;-;69.9	273;241240;244425;-;59.2	78;55168;57294;-;58.4	288;259066;259803;-;56.9	78;55168;57294;-;41.0	A	9/9	split_2	208982	0	1	
NZ_CP065971.1	MPF_F	IncFIB(AP001918);IncFII(pSE11)	134	0	0	GA	0															not_admitted	not_admitted	not_admitted	not_admitted	not_admitted	not_admitted	not_admitted	not_admitted	not_admitted	not_admitted	1	46;44954;45946;-;369.3	35;37896;39269;-;380.9	42;41482;42225;-;235.0	49;46955;49582;-;306.8	34;35083;37899;-;387.9	56;51741;53168;-;94.3	49;46955;49582;-;98.5	58;53883;54449;-;182.9	45;44307;44945;-;68.4	44;42502;44310;-;268.3	31;31313;33520;-;391.7	52;50098;50613;-;78.4	31;31313;33520;-;70.4	A	9/9	contiguous	22570	1	1	34529..35050-;173;unnamed;0
NZ_CP066011.1	MPF_F	IncFIB(S);IncFII(S);IncFII(pAR0022)	116	0	0	GA	0															not_admitted	not_admitted	not_admitted	not_admitted	not_admitted	not_admitted	not_admitted	not_admitted	not_admitted	not_admitted	1	90;76057;77049;-;366.7	81;69427;70809;-;392.4	84;71841;72590;-;231.0	93;78036;80684;-;314.1	80;66608;69430;-;392.2	101;83217;84638;-;91.5	93;78036;80684;-;97.8	103;85365;85931;-;188.1	88;75107;75745;-;70.6	86;72828;74654;-;268.1	77;62792;64954;-;374.1	98;81896;82411;-;96.7	77;62792;64954;-;72.1	A	9/9	contiguous	22573	1	1	66098..66586-;162;TraS;0
NZ_CP066020.1	MPF_T	-	436	0	0	GA	1	384;398535;398969;-;71.2	391;405341;405688;+;33.6		393;406015;408471;+;67.5	393;406015;408471;+;94.6		395;409263;410306;+;80.7		389;403186;403893;-;117.7	388;402262;403176;-;164.2	387;401021;402262;-;171.9	379;392602;394404;-;177.0	397;411559;413424;+;36.0		none	none	A	7/7	canonical	0	0	unscoreable	9	0	0														not_admitted	not_admitted	not_admitted	not_admitted	not_admitted	not_admitted	not_admitted
NZ_CP066028.1	MPF_T	-	202	0	0	GA	1		141;120982;121245;-;56.2	140;118201;120969;-;75.1	140;118201;120969;-;176.0	140;118201;120969;-;86.5	135;115345;116334;-;84.3	134;114353;115348;-;116.9		132;113550;114209;-;177.9	131;112663;113553;-;162.9	130;111475;112653;-;165.2	129;110487;111494;-;94.4	128;108676;110379;-;345.1		pfam	pfam_only	A	7/7	canonical	1	1	unscoreable	5	0	0														not_admitted	not_admitted	not_admitted	not_admitted	not_admitted	not_admitted	not_admitted
NZ_CP066039.1	MPF_T	IncP1	40	0	0	GA	1	12;16100;16735;-;23.5	23;26588;27052;-;63.5	22;26273;26584;-;49.8	21;23718;26276;-;91.0	21;23718;26276;-;112.1	16;19320;20084;-;122.3	14;17354;19072;-;143.0		20;22939;23721;-;145.8	19;22022;22921;-;186.5	17;20105;21526;-;223.3	24;27069;28031;-;127.6	1;1971;3884;+;525.1		conjscan	conjscan_only	A	7/7	canonical	1	0	unscoreable	4	0	0														not_admitted	not_admitted	not_admitted	not_admitted	not_admitted	not_admitted	not_admitted
NZ_CP066051.1	MPF_T	-	176	0	0	GA	1	71;69298;70377;-;91.6	74;73093;73440;-;73.7	73;72791;73090;-;88.4	72;70370;72787;-;126.8	72;70370;72787;-;100.1	70;68563;69285;-;40.2	69;67296;68333;-;143.0		68;66566;67261;-;181.8	67;65760;66569;-;203.3	66;64528;65760;-;203.2	65;63516;64547;-;129.0	64;61432;63519;-;305.4		pfam	pfam_only	A	7/7	canonical	1	0	unscoreable	0	0	0														not_admitted	not_admitted	not_admitted	not_admitted	not_admitted	not_admitted	not_admitted
NZ_CP066056.1	MPF_T	-	39	0	0	GA	1	19;18706;19506;-;44.4		17;17946;18326;-;42.7	16;15518;18007;-;97.4	16;15518;18007;-;36.5	13;14128;14793;-;40.6	12;13137;14099;-;119.0		9;11868;12626;-;146.7	8;11064;11819;-;166.9	6;9735;10754;-;176.6	5;8605;9711;-;87.8	4;6557;8605;-;402.5		pfam	both	A	7/7	canonical	1	0	unscoreable	6	0	0														not_admitted	not_admitted	not_admitted	not_admitted	not_admitted	not_admitted	not_admitted
NZ_CP066072.1	-	-	55	0	0	GA	0															not_admitted	not_admitted	not_admitted	not_admitted	not_admitted	not_admitted	not_admitted	not_admitted	not_admitted	not_admitted	1	35;25531;26526;+;361.8	44;32515;33891;+;330.2	38;29036;29824;+;198.5	32;21780;24491;+;235.2	45;33904;36795;+;317.1	27;18575;19936;+;90.8	32;21780;24491;+;124.5	25;17262;17831;+;123.6	36;26542;27162;+;66.9	37;27159;29039;+;235.0	50;37883;40105;+;380.3	31;21215;21778;+;54.8	50;37883;40105;+;73.7	A	9/9	contiguous	20621	1	1	36792..37073+;93;unnamed;0
NZ_CP066077.1	-	-	208	0	0	GA	1	120;119014;119769;-;37.9			130;126158;128686;-;44.4	130;126158;128686;-;60.5	129;125471;126139;-;69.7	126;123902;124999;-;65.0		125;123156;123908;-;66.4	124;122342;123142;-;173.4	123;121131;122345;-;138.5	121;119756;120766;-;90.0	115;114612;116219;-;40.8		pfam	both	A	7/7	canonical	1	0	unscoreable	7	0	0														not_admitted	not_admitted	not_admitted	not_admitted	not_admitted	not_admitted	not_admitted
NZ_CP066080.1	MPF_T	-	46	0	0	GA	1				26;19721;21739;+;23.5									33;25993;27546;+;461.6		none	none	D	2/7	uncallable	0	0	unscoreable	6	0	0														not_admitted	not_admitted	not_admitted	not_admitted	not_admitted	not_admitted	not_admitted
NZ_CP066095.1	MPF_F	IncHI2;IncHI2A	357	0	0	GA	0															not_admitted	not_admitted	not_admitted	not_admitted	not_admitted	not_admitted	not_admitted	not_admitted	not_admitted	not_admitted	1	29;32274;33332;+;273.6	217;204898;206313;-;194.1	218;206303;207349;-;173.7	11;8955;11636;+;168.0	216;200939;204889;-;101.6	7;5270;6625;+;80.7	11;8955;11636;+;72.2	4;2758;3546;+;74.8	27;30621;32132;+;62.7	32;35394;37628;+;59.7	225;214608;216473;+;57.3	10;7996;8946;+;46.4	225;214608;216473;+;39.1	A	9/9	split_3	211850	0	1	
NZ_CP066097.1	MPF_T	IncN	70	0	0	GA	1	27;21819;22553;+;32.5		30;23196;23513;+;63.3	31;23513;26113;+;113.8	31;23513;26113;+;76.4	32;26131;26844;+;105.5	34;27095;28135;+;142.4		35;28354;29052;+;131.9	36;29063;29947;+;159.7	37;29947;31107;+;156.3	38;31149;32144;+;81.2	47;40156;41685;-;38.5		pfam	both	A	7/7	canonical	1	0	unscoreable	11	0	0														not_admitted	not_admitted	not_admitted	not_admitted	not_admitted	not_admitted	not_admitted
NZ_CP066098.1	MPF_T	IncX5	60	0	0	GA	1	18;15316;15960;-;36.9	17;15042;15332;-;69.0	16;12261;15020;-;42.6	16;12261;15020;-;132.2	16;12261;15020;-;70.5	15;11504;12253;-;54.3	13;10170;11225;-;135.2		12;9202;9930;-;120.9	11;8268;9197;-;134.2	10;7060;8271;-;136.9	9;6005;7048;-;64.1	8;4167;6002;-;504.8		pfam	pfam_only	A	7/7	canonical	1	1	unscoreable	1	0	0														not_admitted	not_admitted	not_admitted	not_admitted	not_admitted	not_admitted	not_admitted
NZ_CP066102.1	MPF_F	IncHI2;IncHI2A	336	0	0	GA	0															not_admitted	not_admitted	not_admitted	not_admitted	not_admitted	not_admitted	not_admitted	not_admitted	not_admitted	not_admitted	1	38;43490;44548;+;276.9	248;230332;231747;-;194.1	249;231737;232783;-;173.7	11;8955;11636;+;168.0	247;226373;230323;-;101.6	7;5270;6625;+;80.7	11;8955;11636;+;72.2	4;2758;3546;+;74.8	36;41837;43348;+;62.7	39;44567;47755;+;58.3	255;239823;241907;+;56.7	10;7996;8946;+;46.4	255;239823;241907;+;38.8	A	9/9	split_3	237065	0	1	
NZ_CP066109.1	MPF_F	IncHI2;IncHI2A	340	0	0	GA	0															not_admitted	not_admitted	not_admitted	not_admitted	not_admitted	not_admitted	not_admitted	not_admitted	not_admitted	not_admitted	1	43;44536;45594;+;276.9	252;226754;228169;-;194.1	253;228159;229205;-;173.7	12;10020;12701;+;168.0	251;222795;226745;-;101.6	8;6335;7690;+;80.7	12;10020;12701;+;72.2	4;2758;3546;+;74.8	41;42883;44394;+;62.7	44;45613;48801;+;58.3	259;236246;238330;+;56.7	11;9061;10011;+;46.4	259;236246;238330;+;38.8	A	9/9	split_3	233488	0	1	
NZ_CP066131.1	-	-	78	0	0	GA	0															not_admitted	not_admitted	not_admitted	not_admitted	not_admitted	not_admitted	not_admitted	not_admitted	not_admitted	not_admitted	1	23;18276;19259;+;358.3	30;23739;25136;+;342.5	26;21696;22475;+;201.5	21;14540;17248;+;234.0	31;25126;27993;+;307.2	15;11168;12550;+;89.7	21;14540;17248;+;111.8	13;9840;10412;+;121.6	24;19271;19882;+;60.1	25;19882;21699;+;235.4	37;30055;32262;+;393.7	20;14118;14540;+;33.7	37;30055;32262;+;68.5	A	9/9	contiguous	20215	1	1	28050..28373+;107;unnamed;0
NZ_CP066134.1	-	-	70	0	0	GA	0															not_admitted	not_admitted	not_admitted	not_admitted	not_admitted	not_admitted	not_admitted	not_admitted	not_admitted	not_admitted	1	23;18277;19260;+;358.3	30;23740;25137;+;342.5	26;21697;22476;+;201.5	21;14541;17249;+;234.0	31;25127;27994;+;307.2	15;11169;12551;+;89.7	21;14541;17249;+;111.8	13;9841;10413;+;121.6	24;19272;19883;+;60.1	25;19883;21700;+;235.4	36;30056;32263;+;393.7	20;14119;14541;+;33.7	36;30056;32263;+;68.5	A	9/9	contiguous	20215	1	1	28051..28374+;107;unnamed;0
NZ_CP066230.1	MPF_F	-	101	0	0	GA	0															not_admitted	not_admitted	not_admitted	not_admitted	not_admitted	not_admitted	not_admitted	not_admitted	not_admitted	not_admitted	1	72;49017;50060;+;369.2	77;54039;55466;+;325.8	75;52829;53641;+;219.1	68;44729;47455;+;164.6	78;55482;58484;+;208.7	64;41731;43047;+;102.7	68;44729;47455;+;108.4	62;40440;41018;+;82.6	73;50075;50782;+;107.6	74;50779;52836;+;92.2	44;27720;29879;+;381.4	67;44075;44719;+;41.9	44;27720;29879;+;89.7	A	9/9	contiguous	27762	1	1	58556..59074+;172;unnamed;0
NZ_CP066233.1	MPF_F	-	101	0	0	GA	0															not_admitted	not_admitted	not_admitted	not_admitted	not_admitted	not_admitted	not_admitted	not_admitted	not_admitted	not_admitted	1	49;33320;34363;+;369.2	54;38342;39769;+;325.8	52;37132;37944;+;219.1	45;29032;31758;+;164.6	55;39785;42787;+;208.7	41;26034;27350;+;102.7	45;29032;31758;+;108.4	39;24743;25321;+;82.6	50;34378;35085;+;107.6	51;35082;37139;+;92.2	21;12023;14182;+;381.4	44;28378;29022;+;41.9	21;12023;14182;+;89.7	A	9/9	contiguous	27762	1	1	42859..43377+;172;unnamed;0
NZ_CP066236.1	MPF_F	-	101	0	0	GA	0															not_admitted	not_admitted	not_admitted	not_admitted	not_admitted	not_admitted	not_admitted	not_admitted	not_admitted	not_admitted	1	96;69127;70170;-;369.2	91;63721;65148;-;325.8	93;65546;66358;-;219.1	100;71732;73315;-;34.8	90;60703;63705;-;208.7	3;2779;4095;-;102.7	100;71732;73315;-;110.3	5;4808;5386;-;82.6	95;68405;69112;-;107.6	94;66351;68408;-;92.2	23;15947;18106;-;381.4	0;1107;1751;-;41.9	23;15947;18106;-;89.7	A	9/9	split_2	70625	1	1	60113..60631-;172;unnamed;0
NZ_CP066238.1	MPF_F	-	101	0	0	GA	0															not_admitted	not_admitted	not_admitted	not_admitted	not_admitted	not_admitted	not_admitted	not_admitted	not_admitted	not_admitted	1	4;3949;4992;+;369.2	9;8971;10398;+;325.8	7;7761;8573;+;219.1	0;21;2387;+;127.2	10;10414;13416;+;208.7	97;70024;71340;+;102.7	0;21;2387;+;108.8	95;68733;69311;+;82.6	5;5007;5714;+;107.6	6;5711;7768;+;92.2	77;56013;58172;+;381.4	100;72368;73012;+;41.9	77;56013;58172;+;89.7	A	9/9	split_2	72347	1	1	13488..14006+;172;unnamed;0
NZ_CP066248.1	-	-	123	0	0	GA	1	14;11717;12010;-;24.5	52;35229;35477;-;45.2		51;33921;34862;-;24.7	51;33921;34862;-;101.1	48;31690;32151;-;15.7	45;29745;30569;-;98.5		42;28511;29185;-;147.3	40;27616;28104;-;115.6	38;25942;26874;-;192.2	46;30726;31160;-;84.8	6;4833;5648;-;22.8		conjscan	conjscan_only	A	7/7	canonical	1	0	unscoreable	36	0	0														not_admitted	not_admitted	not_admitted	not_admitted	not_admitted	not_admitted	not_admitted
NZ_CP066256.1	MPF_F	IncFII(pHN7A8);IncR	187	0	0	GA	0															not_admitted	not_admitted	not_admitted	not_admitted	not_admitted	not_admitted	not_admitted	not_admitted	not_admitted	not_admitted	1	41;37996;38988;-;369.5	28;29790;31163;-;376.8	33;32729;33472;-;234.4	44;39997;42624;-;301.8	27;26977;29793;-;376.7	49;44679;46106;-;94.1	44;39997;42624;-;101.8	51;46821;47387;-;183.8	38;36412;37050;-;70.4	35;33749;35599;-;265.0	23;22460;24676;-;391.7	45;43140;43655;-;77.6	23;22460;24676;-;70.3	A	9/9	contiguous	24361	1	1	26423..26944-;173;unnamed;0
NZ_CP066264.1	MPF_T	-	51	0	0	GA	1	21;17552;18259;+;34.6			23;18944;21490;+;74.5		24;21493;22179;+;49.1	26;22577;23509;+;128.0		27;23917;24705;+;106.3	28;24695;25504;+;137.9	29;25491;26858;+;128.9	30;26868;27899;+;49.1	34;31097;32749;+;249.1		pfam	pfam_only	A	7/7	canonical	1	0	unscoreable	5	0	0														not_admitted	not_admitted	not_admitted	not_admitted	not_admitted	not_admitted	not_admitted
NZ_CP066266.1	MPF_T	-	64	0	0	GA	1	39;36099;36803;+;36.5			41;37488;40040;+;68.4		42;40037;40717;+;50.1	44;40966;41910;+;122.5		45;42311;43099;+;98.9	46;43089;43898;+;139.8	47;43885;45255;+;127.9	48;45265;46296;+;48.5	52;47342;48994;+;260.5		pfam	pfam_only	A	7/7	canonical	1	0	unscoreable	5	0	0														not_admitted	not_admitted	not_admitted	not_admitted	not_admitted	not_admitted	not_admitted
NZ_CP066271.1	MPF_T	-	99	0	0	GA	1	80;78812;79519;+;37.8			82;80204;82756;+;70.5		83;82753;83439;+;56.4	85;83835;84767;+;136.5								pfam	pfam_only	D	2/7	canonical	1	0	unscoreable	2	0	0														not_admitted	not_admitted	not_admitted	not_admitted	not_admitted	not_admitted	not_admitted
NZ_CP066273.1	MPF_T	-	765	0	0	GA	1		577;627776;628180;+;72.9	578;628173;628472;+;58.0	579;628484;630952;+;188.7	579;628484;630952;+;134.0	580;630924;631733;+;51.5	582;631951;633141;+;112.5		583;633157;633819;+;124.8	584;633837;634688;+;189.0	586;635179;636486;+;226.5	576;626815;627786;+;131.5	712;769985;771922;+;556.4		conjscan	conjscan_only	A	7/7	canonical	1	0	unscoreable	3	0	0														not_admitted	not_admitted	not_admitted	not_admitted	not_admitted	not_admitted	not_admitted
NZ_CP066275.1	MPF_T	-	186	0	0	GA	1	87;99417;100136;+;58.2	47;53020;53424;-;71.8	89;100516;100842;+;68.7	90;100842;103211;+;226.4	45;50255;52717;-;129.6	44;49474;50283;-;45.7	42;48069;49256;-;107.4		93;105000;105773;+;176.5	40;46521;47375;-;186.3	38;44734;46035;-;226.5	48;53414;54385;-;131.9	163;170481;172403;-;556.9		conjscan	conjscan_only	A	7/7	uncallable	0	0	unscoreable	18	0	0														not_admitted	not_admitted	not_admitted	not_admitted	not_admitted	not_admitted	not_admitted
NZ_CP066344.1	-	-	80	0	0	GA	1	48;41893;42702;-;45.2	46;41252;41548;-;39.1	45;40904;41236;-;84.6	44;38302;40914;-;118.6	44;38302;40914;-;86.6	42;37443;38147;-;147.9	40;35990;36979;-;110.3		38;35090;35776;-;129.4	37;34277;35080;-;199.9	36;33048;34280;-;180.0	35;32015;33019;-;77.5	31;25341;26861;+;72.7		pfam	both	A	7/7	canonical	1	0	unscoreable	7	0	0														not_admitted	not_admitted	not_admitted	not_admitted	not_admitted	not_admitted	not_admitted
NZ_CP066345.1	MPF_T	-	56	0	0	GA	1	7;4428;5213;+;42.9	9;7767;8078;+;56.6	10;8091;8432;+;84.0	11;8438;10927;+;196.2	11;8438;10927;+;93.4	13;11111;11821;+;222.0	15;12147;13244;+;131.0		17;13542;14297;+;191.1	18;14294;15172;+;187.6	19;15172;16302;+;193.1	20;16328;17401;+;90.7	21;17604;20333;+;335.8		pfam	both	A	7/7	canonical	1	0	unscoreable	4	0	0														not_admitted	not_admitted	not_admitted	not_admitted	not_admitted	not_admitted	not_admitted
NZ_CP066346.1	MPF_T	-	52	0	0	GA	1	22;22517;23107;-;62.7	12;11797;12111;-;80.9	11;11529;11795;-;39.2	10;8894;11464;-;35.2	10;8894;11464;-;110.3	9;8096;8875;-;58.3	7;6143;7621;-;85.5		6;5427;6137;-;128.3	5;4408;5400;-;168.2	4;3040;4392;-;211.8	13;12190;13194;-;113.6	20;18027;20084;-;351.4		conjscan	conjscan_only	A	7/7	canonical	1	0	unscoreable	9	0	0														not_admitted	not_admitted	not_admitted	not_admitted	not_admitted	not_admitted	not_admitted
NZ_CP066352.1	MPF_T	-	555	0	0	GA	1		59;53348;53644;+;94.7	60;53644;53982;+;111.9	61;53975;56341;+;173.9	61;53975;56341;+;110.9	62;56338;57060;+;145.1	64;57311;58297;+;162.2		65;58649;59320;+;195.2	66;59317;60168;+;181.1	67;60180;61325;+;173.1	68;61322;62353;+;101.7	69;62319;64265;+;370.7		pfam	both	A	7/7	canonical	1	0	unscoreable	1	0	0														not_admitted	not_admitted	not_admitted	not_admitted	not_admitted	not_admitted	not_admitted
NZ_CP066353.1	MPF_T	-	316	0	0	GA	1		238;219349;220014;+;73.4	238;219349;220014;+;61.9	242;223481;224083;+;136.4	239;220024;220785;+;129.7	44;44304;45101;+;47.9	46;45297;46457;+;103.0		280;254194;254727;+;106.6	281;254724;255479;+;137.9	41;41736;42800;-;177.1	40;40708;41739;-;101.5	117;104056;105978;+;533.9		conjscan	conjscan_only	A	7/7	rearranged	1	0	unscoreable	22	0	0														not_admitted	not_admitted	not_admitted	not_admitted	not_admitted	not_admitted	not_admitted
NZ_CP066357.1	MPF_T	-	444	0	0	GA	1		174;165779;166075;-;95.6	173;165441;165779;-;109.3	172;163082;165448;-;170.9	172;163082;165448;-;106.7	171;162363;163085;-;150.2	169;161120;162106;-;162.1		167;160103;160774;-;194.1	166;159255;160106;-;179.8	165;158098;159243;-;176.7	164;157070;158101;-;103.6	163;155158;157104;-;365.8		pfam	both	A	7/7	canonical	1	0	unscoreable	2	0	0														not_admitted	not_admitted	not_admitted	not_admitted	not_admitted	not_admitted	not_admitted
NZ_CP066360.1	MPF_T	-	173	0	0	GA	1	64;66328;67416;-;95.1	67;70178;70516;-;75.3	66;69875;70174;-;77.0	65;67413;69872;-;123.0	65;67413;69872;-;100.7	63;65615;66316;-;34.4	61;64354;65382;-;143.3		60;63632;64327;-;183.5	59;62826;63635;-;195.6	58;61615;62826;-;209.6	57;60606;61634;-;130.0	56;58525;60609;-;309.8		pfam	pfam_only	A	7/7	canonical	1	0	unscoreable	1	0	0														not_admitted	not_admitted	not_admitted	not_admitted	not_admitted	not_admitted	not_admitted
NZ_CP066361.1	MPF_T	-	1649	0	0	GA	1		787;775119;775418;+;87.9	788;775423;775764;+;105.8	789;775739;778135;+;172.4	789;775739;778135;+;108.6	790;778135;778836;+;198.9	792;779071;780006;+;160.3		794;780322;780993;+;214.7	795;780993;781847;+;183.4	796;781857;783029;+;180.8	640;619680;621173;+;213.3	875;856873;858792;+;333.2		pfam	both	A	7/7	canonical	1	0	unscoreable	2	0	0														not_admitted	not_admitted	not_admitted	not_admitted	not_admitted	not_admitted	not_admitted
NZ_CP066367.1	MPF_F	IncFII(pHN7A8)	120	0	0	GA	0															not_admitted	not_admitted	not_admitted	not_admitted	not_admitted	not_admitted	not_admitted	not_admitted	not_admitted	not_admitted	1	23;17791;18783;+;369.5	36;25616;26989;+;376.8	31;23307;24050;+;234.4	20;14155;16782;+;301.8	37;26986;29802;+;376.7	15;10673;12100;+;94.1	20;14155;16782;+;101.8	13;9392;9958;+;183.8	26;19729;20367;+;70.4	29;21180;23030;+;265.0	41;32103;34346;+;391.7	19;13124;13639;+;78.0	41;32103;34346;+;70.3	A	9/9	contiguous	22711	1	1	29835..30356+;173;unnamed;0
NZ_CP066368.1	MPF_T	IncI2	82	0	0	GA	1	43;37407;37889;-;81.1		58;53485;53769;-;36.6	57;51122;53479;-;58.5	57;51122;53479;-;42.8	70;59222;59863;-;42.8	71;59869;60864;-;128.5		55;50222;50956;-;144.3	54;49455;50225;-;170.5	53;48326;49465;-;154.7	46;39657;41195;-;207.1	51;45278;47236;-;289.6		pfam	pfam_only	A	7/7	rearranged	1	0	unscoreable	17	1	0														not_admitted	not_admitted	not_admitted	not_admitted	not_admitted	not_admitted	not_admitted
NZ_CP066518.1	MPF_F	IncFII(pHN7A8);repB(R1701)	194	0	0	GA	0															not_admitted	not_admitted	not_admitted	not_admitted	not_admitted	not_admitted	not_admitted	not_admitted	not_admitted	not_admitted	1	48;37717;38709;-;369.5			51;39718;42345;-;301.8		56;44400;45827;-;94.1	51;39718;42345;-;101.8	58;46542;47108;-;183.8			51;39718;42345;-;20.8	52;42861;43376;-;77.6		D	4/9	contiguous	8825	0	0	
NZ_CP066519.1	MPF_F	IncFIB(K);IncFII(pKP91)	260	0	0	GA	0															not_admitted	not_admitted	not_admitted	not_admitted	not_admitted	not_admitted	not_admitted	not_admitted	not_admitted	not_admitted	1	215;190478;191467;-;363.3	204;183292;184659;-;382.2	208;185917;186669;-;233.7	219;192924;195563;-;259.4	203;180443;183292;-;342.9	229;199525;200949;-;89.2	219;192924;195563;-;88.3	231;201676;202242;-;167.9	213;189555;190202;-;65.9	212;187541;189496;-;259.5	199;176349;178631;-;393.3	227;198329;198913;-;53.8	199;176349;178631;-;65.9	A	9/9	contiguous	25327	1	1	179910..180440-;176;unnamed;0
NZ_CP066524.1	MPF_F	IncFII(pHN7A8);IncR	183	0	0	GA	0															not_admitted	not_admitted	not_admitted	not_admitted	not_admitted	not_admitted	not_admitted	not_admitted	not_admitted	not_admitted	1	56;45321;46313;+;369.5	69;53146;54519;+;376.8	64;50837;51580;+;234.4	53;41685;44312;+;301.8	70;54516;57332;+;376.7	48;38203;39630;+;94.1	53;41685;44312;+;101.8	46;36922;37488;+;183.8	59;47259;47897;+;70.4	62;48710;50560;+;265.0	74;59633;61858;+;391.7	52;40654;41169;+;77.6	74;59633;61858;+;70.3	A	9/9	contiguous	22711	1	1	57365..57886+;173;unnamed;0
NZ_CP066525.1	MPF_F	IncFIB(K);IncFII(K);IncFII(pAR0022)	228	0	0	GA	0															not_admitted	not_admitted	not_admitted	not_admitted	not_admitted	not_admitted	not_admitted	not_admitted	not_admitted	not_admitted	1	139;138665;139654;-;366.6	129;131751;133118;-;384.1	133;134376;135128;-;233.7	143;141111;143750;-;258.5	128;128929;131751;-;346.4	153;147654;149078;-;89.5	143;141111;143750;-;88.7	155;149805;150371;-;167.0	138;138014;138652;-;66.9	137;136000;137955;-;259.4	124;124004;126313;-;393.1	151;146458;147042;-;53.8	124;124004;126313;-;66.6	A	9/9	contiguous	25801	1	1	128304..128906-;200;TraS;0
NZ_CP066529.1	MPF_F	IncFII(pHN7A8);repB(R1701)	188	0	0	GA	0															not_admitted	not_admitted	not_admitted	not_admitted	not_admitted	not_admitted	not_admitted	not_admitted	not_admitted	not_admitted	1	42;32587;33579;-;369.5			45;34588;37215;-;301.8		50;39270;40697;-;94.1	45;34588;37215;-;101.8	52;41412;41978;-;183.8			45;34588;37215;-;20.8	46;37731;38246;-;77.6		D	4/9	contiguous	8825	0	0	
NZ_CP066530.1	MPF_F	IncFIB(K);IncFII(pKP91)	255	0	0	GA	0															not_admitted	not_admitted	not_admitted	not_admitted	not_admitted	not_admitted	not_admitted	not_admitted	not_admitted	not_admitted	1	210;185961;186950;-;363.3	199;178775;180142;-;382.2	203;181400;182152;-;233.7	214;188407;191046;-;259.4	198;175926;178775;-;342.9	224;195008;196432;-;89.2	214;188407;191046;-;88.3	226;197159;197725;-;167.9	208;185038;185685;-;65.9	207;183024;184979;-;259.5	194;171832;174114;-;393.3	222;193812;194396;-;53.8	194;171832;174114;-;65.9	A	9/9	contiguous	25327	1	1	175393..175923-;176;unnamed;0
NZ_CP066535.1	MPF_F	IncFIB(K);IncFII(K)	204	0	0	GA	0															not_admitted	not_admitted	not_admitted	not_admitted	not_admitted	not_admitted	not_admitted	not_admitted	not_admitted	not_admitted	1	158;155010;155999;-;363.3	147;147824;149191;-;382.2	151;150449;151201;-;236.4	162;157456;160095;-;259.0	146;144981;147824;-;342.9	173;164062;165486;-;88.8	162;157456;160095;-;87.6	175;166213;166779;-;167.9	156;154087;154734;-;65.9	155;152073;154028;-;259.5	142;140084;142396;-;392.8	170;162866;163450;-;53.8	142;140084;142396;-;65.9	A	9/9	contiguous	26129	1	1	144446..144970-;174;unnamed;0
NZ_CP066536.1	MPF_F	IncFII(pHN7A8);IncR	191	0	0	GA	0															not_admitted	not_admitted	not_admitted	not_admitted	not_admitted	not_admitted	not_admitted	not_admitted	not_admitted	not_admitted	1	69;54989;55981;+;369.5	82;62814;64187;+;376.8	77;60505;61248;+;234.4	66;51353;53980;+;301.8	83;64184;67000;+;376.7	61;47871;49298;+;94.1	66;51353;53980;+;101.8	59;46590;47156;+;183.8	72;56927;57565;+;70.4	75;58378;60228;+;265.0	87;69301;71535;+;391.7	65;50322;50837;+;77.6	87;69301;71535;+;70.3	A	9/9	contiguous	22711	1	1	67033..67554+;173;unnamed;0
NZ_CP066542.1	MPF_F	IncC	223	0	0	GA	0															not_admitted	not_admitted	not_admitted	not_admitted	not_admitted	not_admitted	not_admitted	not_admitted	not_admitted	not_admitted	1	143;120427;121434;+;332.9			138;115228;117675;+;354.2		85;76672;77832;-;156.3	138;115228;117675;+;128.6	22;21826;22452;-;92.1	141;118497;119762;+;67.6	144;121550;124345;+;145.3	31;26262;28127;-;47.4	19;19037;19615;-;100.2	31;26262;28127;-;52.0	C	6/9	split_3	102513	0	1	
NZ_CP066554.1	MPF_F	IncHI2;IncHI2A	283	0	0	GA	0															not_admitted	not_admitted	not_admitted	not_admitted	not_admitted	not_admitted	not_admitted	not_admitted	not_admitted	not_admitted	1	147;140191;141249;-;276.9	25;23916;25331;+;194.1	24;22880;23926;+;173.7	171;164338;167019;-;168.0	26;25340;29290;+;101.6	175;169349;170704;-;80.7	171;164338;167019;-;72.2	179;173766;174554;-;74.8	149;141391;142692;-;61.8	146;136984;140172;-;58.3	18;13755;15839;-;56.7	172;167028;167978;-;46.4	18;13755;15839;-;38.8	A	9/9	split_3	160011	1	1	29475..30683+;402;unnamed;0
NZ_CP066747.1	MPF_T	-	39	0	0	GA	1	9;6413;6958;+;58.1	35;24507;24803;+;65.7	36;24803;25090;+;50.4	37;25092;27557;+;91.0	37;25092;27557;+;88.1	0;1;804;+;51.5	2;1079;2305;+;51.7		4;2635;3330;+;123.2	5;3341;4501;+;163.7	7;4946;6175;+;209.5	34;23568;24506;+;132.7	14;9759;11582;+;322.9		conjscan	conjscan_only	A	7/7	rearranged	1	0	unscoreable	7	0	0														not_admitted	not_admitted	not_admitted	not_admitted	not_admitted	not_admitted	not_admitted
NZ_CP066789.1	MPF_F	-	170	0	0	GA	0															not_admitted	not_admitted	not_admitted	not_admitted	not_admitted	not_admitted	not_admitted	not_admitted	not_admitted	not_admitted	1	139;164776;165807;-;366.9	131;157314;158759;-;325.7	133;159799;160617;-;212.8	145;168716;171316;-;211.7	130;153874;157317;-;236.8	150;175061;176398;-;95.2	145;168716;171316;-;79.3	152;177128;177739;-;85.1	138;163988;164779;-;87.9	136;161428;162693;-;152.1	9;8843;10909;-;407.2	146;171330;172028;-;51.2	9;8843;10909;-;52.5	A	9/9	split_2	168285	0	1	
NZ_CP066800.1	MPF_F	-	181	0	0	GA	0															not_admitted	not_admitted	not_admitted	not_admitted	not_admitted	not_admitted	not_admitted	not_admitted	not_admitted	not_admitted	1	136;147209;148240;-;365.5	129;140728;142173;-;327.1	130;142173;142982;-;213.8	141;150772;153372;-;221.4	128;137141;140731;-;231.0	148;159409;160746;-;98.1	141;150772;153372;-;82.6	150;161476;162087;-;84.0	135;146421;147212;-;92.0	133;143861;145126;-;151.6	165;180155;182215;-;410.5	142;153386;154081;-;49.6	165;180155;182215;-;64.5	A	9/9	contiguous	43014	1	1	136443..137144-;233;unnamed;0
NZ_CP066807.1	MPF_F	IncFIB(AP001918);IncFII(pSE11)	151	0	0	GA	0															not_admitted	not_admitted	not_admitted	not_admitted	not_admitted	not_admitted	not_admitted	not_admitted	not_admitted	not_admitted	1	60;44472;45464;+;369.5	72;51518;52891;+;381.2	65;48570;49313;+;234.4	57;40833;43463;+;297.8	73;52888;55713;+;372.3	49;36364;37791;+;93.9	57;40833;43463;+;98.7	47;35083;35649;+;174.3	62;45808;46446;+;68.5	63;46443;48293;+;266.9	77;57955;60207;+;391.7	52;38675;39190;+;78.4	77;57955;60207;+;70.3	A	9/9	contiguous	22872	1	1	55710..56219+;169;unnamed;0
NZ_CP066808.1	MPF_F	IncC	236	0	0	GA	0															not_admitted	not_admitted	not_admitted	not_admitted	not_admitted	not_admitted	not_admitted	not_admitted	not_admitted	not_admitted	1	94;82789;83796;-;332.9	204;164608;166041;-;339.2	205;166043;167071;-;221.7	99;86548;88995;-;354.5	203;160981;164595;-;375.3	147;127517;128677;-;156.3	99;86548;88995;-;128.3	106;98765;99391;-;92.7	96;84461;85726;-;67.9	93;79875;82673;-;145.3	115;103201;105066;-;47.3	103;95976;96554;-;100.2	115;103201;105066;-;52.0	A	9/9	split_3	86168	0	1	
NZ_CP066821.1	MPF_T	repUS73	49	0	0	GA	1				12;7379;9397;+;25.2									18;13419;14948;+;463.9		none	none	D	2/7	uncallable	0	0	unscoreable	5	0	0														not_admitted	not_admitted	not_admitted	not_admitted	not_admitted	not_admitted	not_admitted
NZ_CP066837.1	MPF_F	IncFIB(AP001918);IncFII(pCoo)	131	0	0	GA	0															not_admitted	not_admitted	not_admitted	not_admitted	not_admitted	not_admitted	not_admitted	not_admitted	not_admitted	not_admitted	1	77;86803;87795;-;370.2	69;80734;82110;-;380.4	73;83328;84071;-;233.3	80;88804;91431;-;303.5	68;77915;80737;-;386.8	86;93343;94770;-;94.3	80;88804;91431;-;100.3	88;95485;96051;-;183.8	76;86156;86794;-;68.3	75;84351;86159;-;268.2	65;74138;76381;-;391.7	83;91947;92462;-;78.0	65;74138;76381;-;70.3	A	9/9	contiguous	21347	1	1	77397..77894-;165;TraS;0
NZ_CP066841.1	MPF_F	IncFIB(AP001918);IncFII(pRSB107)	126	0	0	GA	0															not_admitted	not_admitted	not_admitted	not_admitted	not_admitted	not_admitted	not_admitted	not_admitted	not_admitted	not_admitted	1	68;68168;69160;-;371.9	59;61733;63109;-;381.0	64;64696;65439;-;233.5	71;70169;72799;-;303.7	55;57601;59883;-;207.7	81;77341;78768;-;94.3	71;70169;72799;-;100.2	83;79483;80049;-;185.2	67;67521;68159;-;68.7	66;65716;67524;-;267.9	52;53869;56067;-;391.7	77;75705;76220;-;78.4	52;53869;56067;-;70.3	A	9/9	contiguous	25614	1	1	57083..57580-;165;TraS;0
NZ_CP066845.1	MPF_F	IncFIA;IncFIB(AP001918);IncFIC(FII)	136	0	0	GA	0															not_admitted	not_admitted	not_admitted	not_admitted	not_admitted	not_admitted	not_admitted	not_admitted	not_admitted	not_admitted	1	61;63240;64232;-;369.3	50;56181;57554;-;378.0	57;59768;60511;-;234.5	64;65241;67868;-;305.4	49;53362;56184;-;389.5	70;69923;71350;-;94.3	64;65241;67868;-;98.5	72;72065;72631;-;182.9	60;62593;63231;-;68.4	59;60788;62596;-;268.4	46;49680;51833;-;391.9	66;68384;68899;-;78.4	46;49680;51833;-;70.4	A	9/9	contiguous	22385	1	1	52849..53340-;163;TraS;0
NZ_CP066846.1	MPF_T	IncN	81	0	0	GA	1	16;11558;12292;+;32.5		19;12935;13252;+;63.3	20;13252;15852;+;113.8	20;13252;15852;+;76.4	21;15870;16583;+;105.5	23;16834;17874;+;142.4		24;18093;18791;+;131.9	25;18802;19686;+;159.7	26;19686;20846;+;156.3	27;20888;21883;+;81.2	58;45670;47199;-;38.5		pfam	both	A	7/7	canonical	1	0	unscoreable	3	0	0														not_admitted	not_admitted	not_admitted	not_admitted	not_admitted	not_admitted	not_admitted
NZ_CP066852.1	MPF_T	IncX1	43	0	0	GA	1	27;28538;29185;-;45.2	26;28264;28560;-;77.5	25;25492;28245;-;46.6	25;25492;28245;-;148.1	25;25492;28245;-;75.3	24;24732;25481;-;66.6	22;23360;24421;-;134.6		21;22403;23023;-;115.9	20;21469;22398;-;133.8	19;20267;21472;-;134.4	18;19234;20265;-;76.5	17;17396;19231;-;488.6		pfam	pfam_only	A	7/7	canonical	1	1	unscoreable	1	0	0														not_admitted	not_admitted	not_admitted	not_admitted	not_admitted	not_admitted	not_admitted
NZ_CP066888.1	MPF_F	IncFII(pHN7A8);IncR	225	0	0	GA	0															not_admitted	not_admitted	not_admitted	not_admitted	not_admitted	not_admitted	not_admitted	not_admitted	not_admitted	not_admitted	1	2;931;1923;+;369.5	15;8756;10129;+;376.8	10;6447;7190;+;234.4	224;177581;180223;+;301.8	16;10126;12942;+;376.7	219;174099;175526;+;94.1	224;177581;180223;+;101.5	217;172818;173384;+;183.8	5;2869;3507;+;70.4	8;4320;6170;+;265.0	20;15243;17459;+;391.7	223;176550;177065;+;77.6	20;15243;17459;+;70.3	A	9/9	split_2	176650	1	1	12975..13496+;173;unnamed;0
NZ_CP066896.1	MPF_F	IncFIB(K);IncFII(K);IncFII(pAR0022)	227	0	0	GA	0															not_admitted	not_admitted	not_admitted	not_admitted	not_admitted	not_admitted	not_admitted	not_admitted	not_admitted	not_admitted	1	71;74031;75020;-;366.6	61;67117;68484;-;384.1	65;69742;70494;-;233.7	75;76477;79116;-;258.5	60;64295;67117;-;346.4	85;83020;84444;-;89.5	75;76477;79116;-;88.7	87;85171;85737;-;167.0	70;73380;74018;-;66.9	69;71366;73321;-;259.4	56;59370;61679;-;393.1	83;81824;82408;-;53.8	56;59370;61679;-;66.6	A	9/9	contiguous	25801	1	1	63670..64272-;200;TraS;0
NZ_CP066897.1	MPF_F	IncFII(pHN7A8);IncR	205	0	0	GA	0															not_admitted	not_admitted	not_admitted	not_admitted	not_admitted	not_admitted	not_admitted	not_admitted	not_admitted	not_admitted	1	18;13177;14169;+;369.5	31;21002;22375;+;376.8	26;18693;19436;+;234.4	15;9541;12168;+;301.8	32;22372;25188;+;376.7	10;6059;7486;+;94.1	15;9541;12168;+;101.8	8;4778;5344;+;183.8	21;15115;15753;+;70.4	24;16566;18416;+;265.0	36;27489;29705;+;391.7	14;8510;9025;+;77.6	36;27489;29705;+;70.3	A	9/9	contiguous	22711	1	1	25221..25742+;173;unnamed;0
NZ_CP066901.1	MPF_F	IncFII(pHN7A8);IncR	222	0	0	GA	0															not_admitted	not_admitted	not_admitted	not_admitted	not_admitted	not_admitted	not_admitted	not_admitted	not_admitted	not_admitted	1	207;165960;166952;-;369.5	194;157754;159127;-;376.8	199;160693;161436;-;234.4	210;167961;170588;-;301.8	193;154941;157757;-;376.7	186;143058;144485;+;94.1	210;167961;170588;-;101.8	184;141777;142343;+;183.8	204;164376;165014;-;70.4	201;161713;163563;-;265.0	189;150424;152640;-;391.7	211;171104;171619;-;77.6	189;150424;152640;-;70.3	A	9/9	contiguous	29327	1	1	154387..154908-;173;unnamed;0
NZ_CP066911.1	MPF_F	IncFIB(pNDM-Mar);IncHI1B(pNDM-MAR)	327	0	0	GA	0															not_admitted	not_admitted	not_admitted	not_admitted	not_admitted	not_admitted	not_admitted	not_admitted	not_admitted	not_admitted	1	246;223723;224760;+;282.3	317;291338;292747;+;190.4	316;290311;291348;+;175.6	234;210174;212891;+;149.6	318;292749;296717;+;121.3	230;206691;208061;+;65.6	234;210174;212891;+;85.2	227;204185;205045;+;79.0	245;222365;223726;+;68.3	247;224770;227955;+;59.6	309;280986;283112;-;57.7	233;209392;210129;+;56.9	309;280986;283112;-;41.0	A	9/9	split_2	88564	0	1	
NZ_CP066912.1	MPF_F	IncFII(pHN7A8)	147	0	0	GA	0															not_admitted	not_admitted	not_admitted	not_admitted	not_admitted	not_admitted	not_admitted	not_admitted	not_admitted	not_admitted	1	48;44750;45742;-;369.5	35;36544;37917;-;376.8	40;39483;40226;-;234.4	51;46751;49378;-;301.8	34;33731;36547;-;376.7	56;51433;52860;-;94.1	51;46751;49378;-;101.8	58;53575;54141;-;183.8	45;43166;43804;-;70.4	42;40503;42353;-;265.0	30;29214;31430;-;391.7	52;49894;50409;-;77.6	30;29214;31430;-;70.3	A	9/9	contiguous	24361	1	1	33177..33698-;173;unnamed;0
NZ_CP066920.1	MPF_T	-	66	0	0	GA	1		32;37409;37699;+;38.0	33;37721;38038;+;66.2	34;38040;40661;+;108.8	34;38040;40661;+;90.4	35;40750;41457;+;104.9	37;41863;42918;+;127.6		38;43207;43989;+;117.8	39;43991;44890;+;174.4	40;44887;46026;+;182.1	41;46016;47041;+;75.7	46;51324;52871;-;68.0		pfam	both	A	7/7	canonical	1	0	unscoreable	5	0	0														not_admitted	not_admitted	not_admitted	not_admitted	not_admitted	not_admitted	not_admitted
NZ_CP066924.1	MPF_T	-	49	0	0	GA	1	2;1537;2127;+;64.3	7;9150;9464;+;77.8	8;9467;9733;+;36.5	9;9800;12370;+;34.4	9;9800;12370;+;107.3	10;12389;13168;+;53.8	12;13523;14998;+;88.9		13;15004;15714;+;126.0	14;15740;16732;+;166.9	15;16748;18091;+;209.6	6;7930;8937;+;119.4	4;5388;7445;+;348.6		conjscan	conjscan_only	A	7/7	canonical	1	0	unscoreable	4	0	0														not_admitted	not_admitted	not_admitted	not_admitted	not_admitted	not_admitted	not_admitted
NZ_CP066927.1	-	-	62	0	0	GA	1	10;8974;9774;+;45.2	12;10119;10418;+;44.6	13;10431;10754;+;88.2	14;10744;13356;+;125.8	14;10744;13356;+;83.1	15;13353;14057;+;134.1	17;14531;15547;+;105.8		19;15759;16445;+;136.1	20;16456;17259;+;190.0	21;17256;18473;+;174.7	22;18451;19506;+;87.3	27;25197;26717;-;70.0		pfam	both	A	7/7	canonical	1	0	unscoreable	7	0	0														not_admitted	not_admitted	not_admitted	not_admitted	not_admitted	not_admitted	not_admitted
NZ_CP066935.1	MPF_T	-	49	0	0	GA	1	17;18947;19537;-;64.3	12;11610;11924;-;77.8	11;11341;11607;-;36.5	10;8704;11274;-;34.4	10;8704;11274;-;107.3	9;7906;8685;-;53.8	7;6076;7551;-;88.9		6;5360;6070;-;126.0	5;4342;5334;-;166.9	4;2983;4326;-;209.6	13;12137;13144;-;119.4	15;13629;15686;-;348.6		conjscan	conjscan_only	A	7/7	canonical	1	0	unscoreable	4	0	0														not_admitted	not_admitted	not_admitted	not_admitted	not_admitted	not_admitted	not_admitted
NZ_CP066941.1	MPF_T	-	57	0	0	GA	1	48;37826;38416;-;62.5	40;27235;27549;-;76.0	39;26966;27232;-;36.5	38;24328;26898;-;34.5	38;24328;26898;-;107.5	37;23529;24308;-;55.0	35;21486;22961;-;84.9		34;20769;21479;-;126.1	33;19751;20743;-;166.9	32;18392;19735;-;209.6	41;27628;28635;-;116.3	46;32508;34565;-;344.4		conjscan	conjscan_only	A	7/7	canonical	1	0	unscoreable	7	0	0														not_admitted	not_admitted	not_admitted	not_admitted	not_admitted	not_admitted	not_admitted
NZ_CP066946.1	MPF_T	-	76	0	0	GA	1	36;31950;32540;+;62.5	50;45979;46293;+;75.8	51;46296;46562;+;36.5	52;46629;49199;+;34.5	52;46629;49199;+;108.0	53;49218;50003;+;55.2	55;50783;52261;+;93.3		56;52268;52978;+;126.1	57;53004;53996;+;166.9	58;54012;55355;+;209.6	49;44894;45898;+;116.9	38;35800;37857;+;344.4		conjscan	conjscan_only	A	7/7	canonical	1	0	unscoreable	13	0	0														not_admitted	not_admitted	not_admitted	not_admitted	not_admitted	not_admitted	not_admitted
NZ_CP066954.1	MPF_T	-	39	0	0	GA	1	28;27581;28171;-;63.3	20;16996;17310;-;76.8	19;16727;16993;-;36.5	18;14090;16660;-;34.6	18;14090;16660;-;107.4	17;13291;14070;-;54.7	15;11250;12725;-;84.7		14;10533;11243;-;129.8	13;9515;10507;-;166.9	12;8156;9499;-;209.6	21;17389;18393;-;116.4	26;22264;24321;-;347.7		conjscan	conjscan_only	A	7/7	canonical	1	0	unscoreable	7	0	0														not_admitted	not_admitted	not_admitted	not_admitted	not_admitted	not_admitted	not_admitted
NZ_CP066957.1	-	-	92	0	0	GA	1	23;21152;21952;-;45.7	21;20508;20807;-;44.6	20;20172;20495;-;88.2	19;17570;20182;-;125.8	19;17570;20182;-;83.1	18;16869;17573;-;134.1	16;15379;16395;-;105.8		14;14481;15167;-;136.1	13;13666;14469;-;190.0	12;12452;13669;-;177.5	11;11419;12474;-;87.3	83;68880;70400;+;70.0		pfam	both	A	7/7	canonical	1	0	unscoreable	3	0	0														not_admitted	not_admitted	not_admitted	not_admitted	not_admitted	not_admitted	not_admitted
NZ_CP066960.1	-	-	98	0	0	GA	1	81;66219;67019;-;45.7	79;65575;65874;-;44.6	78;65239;65562;-;88.2	77;62637;65249;-;125.8	77;62637;65249;-;83.1	76;61936;62640;-;134.1	74;60446;61462;-;105.8		72;59548;60234;-;136.1	71;58733;59536;-;190.0	70;57519;58736;-;177.5	69;56486;57541;-;87.3	40;31544;33064;+;70.0		pfam	both	A	7/7	canonical	1	0	unscoreable	3	0	0														not_admitted	not_admitted	not_admitted	not_admitted	not_admitted	not_admitted	not_admitted
NZ_CP066962.1	MPF_T	-	52	0	0	GA	1	10;10361;10951;+;62.5	18;21230;21544;+;76.6	19;21547;21813;+;35.2	20;21880;24450;+;35.5	20;21880;24450;+;110.5	21;24470;25249;+;54.1	23;25768;27291;+;84.9		24;27298;28008;+;123.3	25;28034;29224;+;158.0	27;30069;30386;+;94.4	17;20144;21151;+;116.3	12;14212;16269;+;344.4		conjscan	conjscan_only	A	7/7	canonical	1	0	unscoreable	7	0	0														not_admitted	not_admitted	not_admitted	not_admitted	not_admitted	not_admitted	not_admitted
NZ_CP066964.1	MPF_T	-	57	0	0	GA	1	28;27458;28252;-;42.5	26;24575;24883;-;66.9	25;24221;24562;-;83.7	24;21725;24214;-;200.7	24;21725;24214;-;97.1	23;21002;21712;-;208.6	21;19576;20673;-;132.6		19;18546;19280;-;205.7	18;17665;18549;-;178.9	17;16535;17665;-;193.8	16;15481;16551;-;90.9	15;12591;15275;-;349.1		pfam	both	A	7/7	canonical	1	0	unscoreable	3	0	0														not_admitted	not_admitted	not_admitted	not_admitted	not_admitted	not_admitted	not_admitted
NZ_CP066965.1	MPF_T	-	42	0	0	GA	1	4;3765;4355;+;62.5	9;11381;11695;+;79.4	10;11697;11963;+;38.3	11;12028;14598;+;37.3	11;12028;14598;+;110.3	12;14617;15402;+;53.8	13;15866;17347;+;89.0		14;17353;18063;+;124.3	15;18090;19082;+;167.8	16;19098;20450;+;214.3	8;10155;11168;+;117.9	6;7613;9670;+;346.4		conjscan	conjscan_only	A	7/7	canonical	1	0	unscoreable	3	0	0														not_admitted	not_admitted	not_admitted	not_admitted	not_admitted	not_admitted	not_admitted
NZ_CP066967.1	MPF_T	-	52	0	0	GA	1	43;37810;38400;-;62.5	35;27220;27534;-;76.6	34;26951;27217;-;35.2	33;24314;26884;-;35.5	33;24314;26884;-;110.5	32;23515;24294;-;54.7	30;21472;22947;-;84.9		29;20755;21465;-;126.0	28;19737;20729;-;166.9	27;18378;19721;-;209.6	36;27613;28620;-;116.3	41;32493;34550;-;343.4		conjscan	conjscan_only	A	7/7	canonical	1	0	unscoreable	7	0	0														not_admitted	not_admitted	not_admitted	not_admitted	not_admitted	not_admitted	not_admitted
NZ_CP066971.1	MPF_T	-	69	0	0	GA	1	8;9331;9921;+;62.5	21;21047;21361;+;77.8	22;21364;21630;+;36.5	23;21697;24267;+;34.3	23;21697;24267;+;107.5	24;24287;25072;+;55.0	26;25852;27330;+;93.3		27;27336;28046;+;126.0	28;28072;29064;+;166.9	29;29080;30423;+;209.6	20;20481;20969;+;91.0	10;13182;15239;+;345.7		conjscan	conjscan_only	A	7/7	canonical	1	0	unscoreable	12	0	0														not_admitted	not_admitted	not_admitted	not_admitted	not_admitted	not_admitted	not_admitted
NZ_CP066974.1	MPF_T	-	48	0	0	GA	1	3;1794;2384;+;64.3	8;9411;9725;+;76.4		10;10061;12631;+;33.8	10;10061;12631;+;109.0	11;12650;13429;+;56.6	12;13787;15265;+;90.3		13;15272;15982;+;124.1	14;16009;17001;+;166.2	15;17017;18369;+;214.4	7;8184;9197;+;117.4	5;5642;7699;+;344.7		conjscan	conjscan_only	A	7/7	canonical	1	0	unscoreable	4	0	0														not_admitted	not_admitted	not_admitted	not_admitted	not_admitted	not_admitted	not_admitted
NZ_CP066977.1	MPF_T	-	48	0	0	GA	1	3;1794;2384;+;64.3	8;9411;9725;+;76.4		10;10061;12631;+;33.8	10;10061;12631;+;109.0	11;12650;13429;+;56.6	12;13787;15265;+;90.3		13;15272;15982;+;124.1	14;16009;17001;+;166.2	15;17017;18369;+;214.4	7;8184;9197;+;117.4	5;5642;7699;+;344.7		conjscan	conjscan_only	A	7/7	canonical	1	0	unscoreable	4	0	0														not_admitted	not_admitted	not_admitted	not_admitted	not_admitted	not_admitted	not_admitted
NZ_CP066989.1	MPF_T	-	61	0	0	GA	1	44;32982;33572;+;62.5	49;40598;40912;+;80.0	50;40914;41180;+;36.9	51;41245;43815;+;37.5	51;41245;43815;+;110.3	52;43834;44619;+;54.9	53;45083;46564;+;89.0		54;46570;47280;+;124.3	55;47307;48299;+;170.6	56;48315;49667;+;211.8	48;39372;40385;+;120.4	46;36830;38887;+;346.5		conjscan	conjscan_only	A	7/7	canonical	1	0	unscoreable	3	0	0														not_admitted	not_admitted	not_admitted	not_admitted	not_admitted	not_admitted	not_admitted
NZ_CP066991.1	MPF_T	-	60	0	0	GA	1	43;33011;33601;+;62.5	48;40627;40941;+;80.0	49;40943;41209;+;36.9	50;41274;43844;+;37.5	50;41274;43844;+;110.3	51;43863;44648;+;54.9	52;45112;46593;+;89.0		53;46599;47309;+;124.3	54;47336;48328;+;170.6	55;48344;49696;+;211.8	47;39401;40414;+;120.4	45;36859;38916;+;346.5		conjscan	conjscan_only	A	7/7	canonical	1	0	unscoreable	3	0	0														not_admitted	not_admitted	not_admitted	not_admitted	not_admitted	not_admitted	not_admitted
NZ_CP066998.1	MPF_T	-	46	0	0	GA	1	2;1528;2118;+;58.9	7;8318;8632;+;80.9	8;8634;8900;+;36.9	9;8965;11535;+;40.8	9;8965;11535;+;110.5	10;11554;12339;+;53.1	12;12806;14287;+;90.5		13;14294;15004;+;123.7	14;15031;16023;+;167.8	15;16039;17394;+;213.7	6;7092;8105;+;121.7	4;4550;6607;+;351.5		conjscan	conjscan_only	A	7/7	canonical	1	0	unscoreable	4	0	0														not_admitted	not_admitted	not_admitted	not_admitted	not_admitted	not_admitted	not_admitted
NZ_CP067003.1	MPF_T	-	52	0	0	GA	1	2;1603;2193;+;62.6	12;13425;13739;+;77.8	13;13742;14008;+;36.5	14;14075;16645;+;35.0	14;14075;16645;+;107.3	15;16664;17449;+;55.2	17;18229;19707;+;93.3		18;19714;20424;+;126.1	19;20450;21442;+;167.4	20;21458;22801;+;209.6	11;12339;13346;+;116.3	4;5453;7510;+;346.3		conjscan	conjscan_only	A	7/7	canonical	1	0	unscoreable	9	0	0														not_admitted	not_admitted	not_admitted	not_admitted	not_admitted	not_admitted	not_admitted
NZ_CP067026.1	MPF_T	-	35	0	0	GA	1	23;21151;21858;+;37.1			26;22648;25095;+;71.2		27;25092;25778;+;57.0	29;26174;27109;+;134.1		31;27508;27906;+;31.4						pfam	pfam_only	D	3/7	canonical	1	0	unscoreable	4	0	0														not_admitted	not_admitted	not_admitted	not_admitted	not_admitted	not_admitted	not_admitted
NZ_CP067029.1	MPF_T	-	459	0	0	GA	1		160;161122;161421;+;87.8	161;161424;161765;+;105.3	162;161758;164139;+;172.7	162;161758;164139;+;107.5	163;164139;164837;+;209.3	165;165072;166007;+;163.8		167;166313;166984;+;221.1	168;166981;167835;+;185.3	169;167850;169022;+;185.6	170;169031;170041;+;100.3	110;113469;115388;-;326.6		pfam	both	A	7/7	canonical	1	0	unscoreable	2	0	0														not_admitted	not_admitted	not_admitted	not_admitted	not_admitted	not_admitted	not_admitted
NZ_CP067030.1	MPF_T	ColRNAI	174	0	0	GA	1	37;44037;44756;+;58.2	171;171291;171695;-;71.8	39;45136;45462;+;68.7	40;45462;47831;+;226.4	169;168526;170988;-;129.6	168;167745;168554;-;45.7	166;166340;167527;-;107.4		43;49620;50393;+;176.5	164;164792;165646;-;186.3	162;163005;164306;-;226.5	172;171685;172656;-;131.9	100;94489;96411;-;556.9		conjscan	conjscan_only	A	7/7	uncallable	0	0	unscoreable	18	0	0														not_admitted	not_admitted	not_admitted	not_admitted	not_admitted	not_admitted	not_admitted
NZ_CP067034.1	MPF_T	-	540	0	0	GA	1		163;162446;162745;+;87.8	164;162748;163089;+;105.3	165;163082;165463;+;172.7	165;163082;165463;+;107.5	166;165463;166161;+;209.3	168;166396;167331;+;163.8		170;167637;168308;+;221.1	171;168305;169159;+;185.3	172;169174;170346;+;185.6	173;170355;171365;+;100.3	110;113469;115388;-;326.6		pfam	both	A	7/7	canonical	1	0	unscoreable	2	0	0														not_admitted	not_admitted	not_admitted	not_admitted	not_admitted	not_admitted	not_admitted
NZ_CP067035.1	MPF_T	-	189	0	0	GA	1	44;47842;48561;+;59.9	183;180798;181202;-;72.1	46;48941;49267;+;72.2	47;49267;51636;+;226.5	181;178027;180495;-;122.8	180;177246;178055;-;43.5	178;175850;177037;-;113.3		50;53425;54198;+;176.5	176;174301;175155;-;190.2	174;172508;173812;-;222.5	184;181192;182163;-;129.5	108;105804;107747;-;539.2		conjscan	conjscan_only	A	7/7	uncallable	0	0	unscoreable	10	0	0														not_admitted	not_admitted	not_admitted	not_admitted	not_admitted	not_admitted	not_admitted
NZ_CP067036.1	MPF_T	IncP1	57	0	0	GA	1	19;19742;20377;+;23.5	8;9425;9889;+;63.5	9;9893;10204;+;49.8	10;10201;12759;+;91.0	10;10201;12759;+;112.1	15;16393;17157;+;122.3	17;17405;19123;+;143.0		11;12756;13538;+;145.8	12;13556;14455;+;186.5	14;14951;16372;+;223.3	7;8446;9408;+;127.6	36;40254;42167;-;525.1		conjscan	conjscan_only	A	7/7	canonical	1	0	unscoreable	4	0	0														not_admitted	not_admitted	not_admitted	not_admitted	not_admitted	not_admitted	not_admitted
NZ_CP067039.1	MPF_T	-	367	0	0	GA	1		160;161122;161421;+;87.8	161;161424;161765;+;105.3	162;161758;164139;+;172.7	162;161758;164139;+;107.5	163;164139;164837;+;209.3	165;165072;166007;+;163.8		167;166313;166984;+;221.1	168;166981;167835;+;185.3	169;167850;169022;+;185.6	170;169031;170041;+;100.3	110;113469;115388;-;326.6		pfam	both	A	7/7	canonical	1	0	unscoreable	2	0	0														not_admitted	not_admitted	not_admitted	not_admitted	not_admitted	not_admitted	not_admitted
NZ_CP067040.1	MPF_T	-	174	0	0	GA	1	122;131640;132377;+;73.4	171;181044;181445;-;70.9	124;132742;133068;+;73.6	125;133068;135437;+;240.3	169;178273;180741;-;125.4	168;177498;178301;-;45.0	166;176093;177289;-;112.0		129;137294;138007;+;176.9	164;174544;175410;-;186.7	162;172739;174055;-;225.0	172;181435;182406;-;133.5	84;89017;90993;-;573.0		conjscan	conjscan_only	A	7/7	uncallable	0	0	unscoreable	11	0	0														not_admitted	not_admitted	not_admitted	not_admitted	not_admitted	not_admitted	not_admitted
NZ_CP067047.1	MPF_F	IncFIB(pQil);IncFII(K);IncFII(pAR0022)	161	0	0	GA	0															not_admitted	not_admitted	not_admitted	not_admitted	not_admitted	not_admitted	not_admitted	not_admitted	not_admitted	not_admitted	1	105;111653;112642;-;366.6	95;104739;106106;-;384.1	99;107364;108116;-;233.7	109;114099;116738;-;258.5	94;101917;104739;-;346.6	116;119565;120989;-;89.3	109;114099;116738;-;88.7	118;121716;122282;-;169.3	104;111002;111640;-;66.9	103;108988;110943;-;259.4	90;96989;99301;-;393.1	115;118909;119493;-;54.7	90;96989;99301;-;66.6	A	9/9	contiguous	24727	1	1	101292..101894-;200;TraS;0
NZ_CP067058.1	MPF_F	-	190	0	0	GA	0															not_admitted	not_admitted	not_admitted	not_admitted	not_admitted	not_admitted	not_admitted	not_admitted	not_admitted	not_admitted	1	22;16160;17152;+;356.1	31;22607;23974;+;352.2	25;19626;20423;+;226.0	15;10544;13213;+;244.5	32;23967;27215;+;314.2	9;6072;7472;+;100.5	15;10544;13213;+;94.0	7;4740;5339;+;86.9	23;17162;17788;+;60.4	24;17788;19626;+;214.3	38;30059;32734;+;356.9	14;9868;10434;+;37.7	38;30059;32734;+;66.8	A	9/9	contiguous	25319	1	1	27219..27809+;196;unnamed;0
NZ_CP067067.1	MPF_F	IncHI2;IncHI2A;IncN	362	0	0	GA	0															not_admitted	not_admitted	not_admitted	not_admitted	not_admitted	not_admitted	not_admitted	not_admitted	not_admitted	not_admitted	1	54;51735;52793;-;276.9	229;207282;208697;+;194.1	228;206246;207292;+;174.3	72;73432;76113;-;168.0	230;208706;212659;+;101.6	76;78443;79798;-;80.7	72;73432;76113;-;72.2	79;81522;82310;-;74.8	56;52935;54446;-;62.0	53;48528;51716;-;57.3	222;197119;199203;-;56.7	73;76122;77072;-;46.4	222;197119;199203;-;38.8	A	9/9	split_3	160178	1	1	212840..214129+;429;unnamed;0
NZ_CP067074.1	MPF_T	-	597	0	0	GA	1	359;366311;367483;-;72.2	21;25654;26019;+;63.0	22;26016;26342;+;70.0	23;26342;28711;+;202.3	360;367461;369980;-;97.3		356;364198;365283;-;77.6		26;30537;31250;+;166.7	354;362574;363407;-;179.9	353;361232;362563;-;191.2	352;360186;361235;-;122.4	36;40717;42708;+;496.6		none	none	A	7/7	uncallable	0	0	unscoreable	9	0	0														not_admitted	not_admitted	not_admitted	not_admitted	not_admitted	not_admitted	not_admitted
NZ_CP067075.1	MPF_T	-	163	0	0	GA	1	71;65371;66225;+;81.6	72;66245;66589;+;61.7	73;66586;66885;+;74.4	74;66888;69302;+;122.4	74;66888;69302;+;98.1	76;70391;71092;+;56.2	78;71312;72337;+;147.7		79;72366;73058;+;177.7	80;73055;73864;+;195.5	81;73861;75108;+;208.9	82;75068;76096;+;132.3	83;76093;78126;+;299.7		pfam	pfam_only	A	7/7	canonical	1	0	unscoreable	1	0	0														not_admitted	not_admitted	not_admitted	not_admitted	not_admitted	not_admitted	not_admitted
NZ_CP067076.1	MPF_T	-	73	0	0	GA	1	10;10385;11473;-;92.1	13;14233;14583;-;76.4	12;13932;14144;-;45.7	11;11470;13929;-;125.1	11;11470;13929;-;94.8	9;9674;10372;-;42.8	7;8413;9441;-;147.3		6;7685;8377;-;176.8	5;6879;7688;-;199.9	4;5662;6879;-;211.9	3;4659;5681;-;134.1	2;2752;4662;-;306.8		pfam	pfam_only	A	7/7	canonical	1	0	unscoreable	1	0	0														not_admitted	not_admitted	not_admitted	not_admitted	not_admitted	not_admitted	not_admitted
NZ_CP067079.1	MPF_F	IncHI2;IncHI2A	303	0	0	GA	0															not_admitted	not_admitted	not_admitted	not_admitted	not_admitted	not_admitted	not_admitted	not_admitted	not_admitted	not_admitted	1	247;210594;211652;-;276.9	172;147437;148852;+;194.1	171;146401;147447;+;173.7	266;233357;236038;-;168.0	173;148861;152811;+;101.6	270;238368;239723;-;80.7	266;233357;236038;-;72.2	273;241447;242235;-;74.8	249;211794;213095;-;61.8	0;6;980;+;24.6	165;137276;139360;-;56.7	267;236047;236997;-;46.4	165;137276;139360;-;38.8	A	9/9	split_4	241441	0	1	
NZ_CP067083.1	MPF_F	IncHI2;IncHI2A	332	0	0	GA	0															not_admitted	not_admitted	not_admitted	not_admitted	not_admitted	not_admitted	not_admitted	not_admitted	not_admitted	not_admitted	1	29;32275;33333;+;276.9	207;188059;189474;-;194.1	208;189464;190510;-;173.7	11;8955;11636;+;168.0	206;184100;188050;-;101.6	7;5270;6625;+;80.7	11;8955;11636;+;72.2	4;2758;3546;+;74.8	27;30622;32133;+;62.7	30;33352;36540;+;58.3	214;197551;199635;+;56.7	10;7996;8946;+;46.4	214;197551;199635;+;38.8	A	9/9	split_3	194793	0	1	
NZ_CP067092.1	MPF_F	IncFIB(S);IncFII(S);IncFII(pAR0022)	116	0	0	GA	0															not_admitted	not_admitted	not_admitted	not_admitted	not_admitted	not_admitted	not_admitted	not_admitted	not_admitted	not_admitted	1	97;72228;73220;+;366.7	106;78468;79850;+;392.4	103;76687;77436;+;231.0	94;68593;71241;+;314.1	107;79847;82669;+;394.4	86;64639;66060;+;91.5	94;68593;71241;+;97.8	84;63346;63912;+;185.6	99;73532;74170;+;70.6	101;74623;76449;+;271.0	110;84323;86566;+;374.0	89;66866;67381;+;96.7	110;84323;86566;+;72.0	A	9/9	contiguous	20977	1	1	82691..83179+;162;TraS;0
NZ_CP067141.1	MPF_T	-	226	0	0	GA	1	188;208211;208972;-;92.1	181;199873;200202;-;85.9	180;199592;199873;-;31.8	179;197017;199581;-;34.2	179;197017;199581;-;130.3	178;196223;197020;-;223.8	176;194551;195909;-;194.4		175;193865;194554;-;227.8	174;192471;193868;-;209.0	173;191347;192474;-;216.4	182;200199;201131;-;119.0	186;204217;206202;-;346.8		conjscan	conjscan_only	A	7/7	canonical	1	0	unscoreable	6	0	0														not_admitted	not_admitted	not_admitted	not_admitted	not_admitted	not_admitted	not_admitted
NZ_CP067172.1	-	-	71	0	0	GA	1	61;53186;54325;-;87.6	65;57180;57497;-;79.9	64;56897;57175;-;82.0	63;54529;56907;-;66.7	63;54529;56907;-;39.8	60;52390;53184;-;50.2	54;47061;48089;-;112.9		59;51692;52381;-;140.5	58;50988;51692;-;158.1	57;49615;50991;-;180.7	56;48602;49612;-;102.7	53;44959;47007;+;262.8		pfam	pfam_only	A	7/7	canonical	1	0	unscoreable	2	0	0														not_admitted	not_admitted	not_admitted	not_admitted	not_admitted	not_admitted	not_admitted
NZ_CP067226.1	-	-	110	0	0	GA	1	104;109438;109917;-;77.3	103;109118;109423;-;61.2	102;108843;109118;-;46.0	101;106499;108850;-;45.1	101;106499;108850;-;50.0	98;104431;105222;-;54.9	96;102807;103817;-;72.9		95;102087;102773;-;146.1	94;101362;102090;-;138.5	93;99983;101362;-;164.3	92;98985;99983;-;103.3	91;96895;98988;+;314.2		pfam	pfam_only	A	7/7	canonical	1	0	unscoreable	2	0	0														not_admitted	not_admitted	not_admitted	not_admitted	not_admitted	not_admitted	not_admitted
NZ_CP067242.1	MPF_F	IncFIB(AP001918);IncFII	173	0	0	GA	0															not_admitted	not_admitted	not_admitted	not_admitted	not_admitted	not_admitted	not_admitted	not_admitted	not_admitted	not_admitted	1	114;98709;99701;-;369.3			117;100710;103337;-;304.6		123;105489;106916;-;94.3	117;100710;103337;-;99.2	125;107631;108197;-;183.8	111;97074;97712;-;68.6		117;100710;103337;-;22.1	119;103853;104368;-;78.4		D	5/9	contiguous	10557	0	0	
NZ_CP067246.1	MPF_F	IncFII(pHN7A8);IncN	123	0	0	GA	0															not_admitted	not_admitted	not_admitted	not_admitted	not_admitted	not_admitted	not_admitted	not_admitted	not_admitted	not_admitted	1	96;82570;83562;+;369.5	109;90395;91768;+;376.8	104;88086;88829;+;234.4	93;78934;81561;+;301.8	110;91765;94581;+;376.7	88;75452;76879;+;94.1	93;78934;81561;+;101.8	86;74171;74737;+;183.8	99;84508;85146;+;70.4	102;85959;87809;+;265.0	114;96882;99107;+;391.7	92;77903;78418;+;78.0	114;96882;99107;+;70.3	A	9/9	contiguous	22711	1	1	94614..95135+;173;unnamed;0
NZ_CP067247.1	MPF_T	IncFIB(K)	80	0	0	GA	1	50;46434;47096;+;48.3	51;47107;47406;+;36.6	52;47416;50166;+;60.6	52;47416;50166;+;134.0	52;47416;50166;+;48.6	53;50185;50901;+;137.0	55;51215;52222;+;137.8		57;52432;53118;+;158.3	58;53111;54004;+;147.4	59;54001;55197;+;134.7	60;55201;56250;+;71.5	67;60988;62895;+;24.3		pfam	pfam_only	A	7/7	canonical	1	1	unscoreable	8	0	0														not_admitted	not_admitted	not_admitted	not_admitted	not_admitted	not_admitted	not_admitted
NZ_CP067251.1	MPF_F	IncFIA;IncFIB(AP001918);IncFII	156	0	0	GA	0															not_admitted	not_admitted	not_admitted	not_admitted	not_admitted	not_admitted	not_admitted	not_admitted	not_admitted	not_admitted	1	90;76566;77558;-;367.4	79;69507;70880;-;380.9	86;73094;73837;-;235.0	93;78567;81194;-;305.4	78;66685;69510;-;385.9	99;83249;84676;-;94.3	93;78567;81194;-;98.5	101;85391;85957;-;183.8	89;75919;76557;-;68.6	88;74114;75922;-;268.3	75;62984;65182;-;391.3	95;81710;82225;-;78.4	75;62984;65182;-;70.4	A	9/9	contiguous	22407	1	1	66179..66688-;169;unnamed;0
NZ_CP067256.1	MPF_F	IncFIB(K);IncFII(K)	183	0	0	GA	0															not_admitted	not_admitted	not_admitted	not_admitted	not_admitted	not_admitted	not_admitted	not_admitted	not_admitted	not_admitted	1	137;134357;135346;-;363.3	126;127171;128538;-;382.2	130;129796;130548;-;236.4	141;136803;139442;-;259.0	125;124328;127171;-;342.9	152;143409;144833;-;88.8	141;136803;139442;-;87.6	154;145560;146126;-;167.9	135;133434;134081;-;65.9	134;131420;133375;-;259.5	121;119431;121743;-;392.8	149;142213;142797;-;53.8	121;119431;121743;-;65.9	A	9/9	contiguous	26129	1	1	123793..124317-;174;unnamed;0
NZ_CP067263.1	MPF_T	IncN	53	0	0	GA	1	11;8376;9110;+;32.5	13;9410;9703;+;28.7	14;9753;10070;+;63.3	15;10070;12670;+;111.8	15;10070;12670;+;76.8	16;12688;13401;+;97.1	18;13652;14692;+;153.6		19;14911;15609;+;131.9	20;15620;16504;+;159.0	21;16504;17664;+;154.9	22;17706;18701;+;81.2	34;31501;33030;-;38.5		pfam	both	A	7/7	canonical	1	0	unscoreable	2	0	0														not_admitted	not_admitted	not_admitted	not_admitted	not_admitted	not_admitted	not_admitted
NZ_CP067266.1	MPF_T	IncFII(pCRY);pKPC-CAV1321	369	1	1	GA	1	17;11116;11826;+;47.5	18;11823;12128;+;73.1	19;12141;14879;+;48.9	19;12141;14879;+;151.4	19;12141;14879;+;32.2	20;14897;15598;+;143.5	22;15847;16917;+;164.6		24;17139;17822;+;197.9	25;17822;18727;+;155.0	26;18771;20021;+;147.3	27;20011;21036;+;66.1	31;22891;24627;+;47.0	160;133348;136005;-;138.1	pfam	pfam_only	A	7/7	canonical	1	1	unscoreable	8	0	1	185;158477;159544;-;276.8	163;139900;141339;-;253.3	164;141336;142436;-;197.1	189;161652;164138;-;224.0	162;136442;139885;-;242.3	26;18771;20021;+;147.3	189;161652;164138;-;120.6	195;170055;170681;-;86.7	186;159541;160854;-;40.5	160;133348;136005;-;138.1	31;22891;24627;+;49.5	192;166814;167380;-;72.5	203;174460;176430;-;33.6	A	9/9	split_2	155689	0	1	
NZ_CP067268.1	MPF_T	IncFIB(K)	56	0	0	GA	1	27;25374;26036;+;48.3	28;26047;26346;+;36.6	29;26356;29106;+;60.6	29;26356;29106;+;134.0	29;26356;29106;+;48.6	30;29125;29841;+;137.0	32;30155;31162;+;137.8		34;31372;32058;+;158.3	35;32051;32944;+;147.4	36;32941;34137;+;134.7	37;34141;35190;+;71.5	44;39928;41835;+;24.3		pfam	pfam_only	A	7/7	canonical	1	1	unscoreable	8	0	0														not_admitted	not_admitted	not_admitted	not_admitted	not_admitted	not_admitted	not_admitted
NZ_CP067269.1	MPF_T	IncN	53	0	0	GA	1	11;8376;9110;+;32.5	13;9410;9703;+;28.7	14;9753;10070;+;63.3	15;10070;12670;+;111.8	15;10070;12670;+;76.8	16;12688;13401;+;97.1	18;13652;14692;+;153.6		19;14911;15609;+;131.9	20;15620;16504;+;159.0	21;16504;17664;+;154.9	22;17706;18701;+;81.2	34;30983;32512;-;38.5		pfam	both	A	7/7	canonical	1	0	unscoreable	2	0	0														not_admitted	not_admitted	not_admitted	not_admitted	not_admitted	not_admitted	not_admitted
NZ_CP067270.1	MPF_T	IncX7	46	0	0	GA	1	4;1924;2550;+;41.4	5;2563;2889;+;63.7	6;2908;5655;+;61.1	6;2908;5655;+;146.5	6;2908;5655;+;50.1	7;5666;6385;+;94.9	8;6400;7509;+;152.0		10;7633;8304;+;125.6	11;8304;9215;+;140.4	12;9208;10326;+;158.9	13;10327;11355;+;83.8	14;11342;13204;+;315.7		pfam	pfam_only	A	7/7	canonical	1	1	unscoreable	1	0	0														not_admitted	not_admitted	not_admitted	not_admitted	not_admitted	not_admitted	not_admitted
NZ_CP067300.1	MPF_F	IncFIB(AP001918);IncFIC(FII)	172	0	0	GA	0															not_admitted	not_admitted	not_admitted	not_admitted	not_admitted	not_admitted	not_admitted	not_admitted	not_admitted	not_admitted	1	101;91150;92142;-;369.3	90;84091;85464;-;378.0	97;87678;88421;-;234.1	104;93151;95778;-;303.5	89;81272;84094;-;389.5	132;122019;123446;-;94.3	104;93151;95778;-;98.5	134;124161;124727;-;183.8	100;90503;91141;-;68.4	99;88698;90506;-;268.4	86;77590;79743;-;391.9	106;96293;96808;-;78.2	86;77590;79743;-;70.4	A	9/9	split_2	46571	1	1	80759..81250-;163;TraS;0
NZ_CP067301.1	MPF_F	IncFII	86	0	0	GA	0															not_admitted	not_admitted	not_admitted	not_admitted	not_admitted	not_admitted	not_admitted	not_admitted	not_admitted	not_admitted	1	62;47116;48108;+;369.3	73;54158;55531;+;380.2	68;51825;52568;+;232.2	59;43480;46107;+;303.5	74;55528;58353;+;389.0	53;39902;41329;+;94.3	59;43480;46107;+;98.5	51;38621;39187;+;183.8	65;49105;49743;+;68.6	66;49740;51548;+;268.3	77;59856;62072;+;391.7	57;42450;42965;+;78.2	77;59856;62072;+;70.3	A	9/9	contiguous	21235	1	1	58350..58859+;169;unnamed;0
NZ_CP067304.1	MPF_F	IncFIB(AP001918);IncFIC(FII)	137	0	0	GA	0															not_admitted	not_admitted	not_admitted	not_admitted	not_admitted	not_admitted	not_admitted	not_admitted	not_admitted	not_admitted	1	63;60127;61119;-;369.3	52;53068;54441;-;378.0	59;56655;57398;-;234.1	68;63593;64210;-;127.2	51;50249;53071;-;389.0	97;90996;92423;-;94.3	67;62955;63611;-;50.9	99;93138;93704;-;183.8	62;59480;60118;-;68.4	61;57675;59483;-;268.4	48;46567;48720;-;391.9	71;65270;65785;-;78.2	48;46567;48720;-;70.4	A	9/9	split_2	46571	1	1	49736..50227-;163;TraS;0
NZ_CP067305.1	MPF_F	IncFII	86	0	0	GA	0															not_admitted	not_admitted	not_admitted	not_admitted	not_admitted	not_admitted	not_admitted	not_admitted	not_admitted	not_admitted	1	62;47116;48108;+;369.3	73;54158;55531;+;380.2	68;51825;52568;+;232.2	59;43480;46107;+;303.5	74;55528;58353;+;389.0	53;39902;41329;+;94.3	59;43480;46107;+;98.5	51;38621;39187;+;183.8	65;49105;49743;+;68.6	66;49740;51548;+;268.3	77;59856;62072;+;391.7	57;42450;42965;+;78.2	77;59856;62072;+;70.3	A	9/9	contiguous	21235	1	1	58350..58859+;169;unnamed;0
NZ_CP067308.1	MPF_F	IncHI2;IncHI2A	249	0	0	GA	0															not_admitted	not_admitted	not_admitted	not_admitted	not_admitted	not_admitted	not_admitted	not_admitted	not_admitted	not_admitted	1	29;32407;33465;+;276.9	164;152097;153512;-;194.1	165;153502;154548;-;174.3	11;8955;11636;+;168.0	163;148135;152088;-;101.7	7;5270;6625;+;80.7	11;8955;11636;+;72.2	4;2758;3546;+;74.8	27;30754;32265;+;62.0	30;33484;36672;+;57.3	172;161590;163674;+;56.8	10;7996;8946;+;46.1	172;161590;163674;+;38.8	A	9/9	split_3	158832	1	1	146665..147954-;429;unnamed;0
NZ_CP067309.1	MPF_F	IncFII(29)	82	0	0	GA	0															not_admitted	not_admitted	not_admitted	not_admitted	not_admitted	not_admitted	not_admitted	not_admitted	not_admitted	not_admitted	1	57;43136;44128;+;369.5	68;50033;51406;+;376.8	63;47715;48458;+;234.5	54;39497;42127;+;306.8	69;51403;54219;+;389.2	46;34809;36236;+;94.1	54;39497;42127;+;99.7	44;33528;34094;+;183.8	58;44137;44775;+;70.6	61;45588;47438;+;265.0	73;56520;58745;+;391.7	50;37361;37876;+;78.8	73;56520;58745;+;70.3	A	9/9	contiguous	22992	1	1	54252..54773+;173;unnamed;0
NZ_CP067312.1	-	pKPC-CAV1321	350	0	0	GA	0															not_admitted	not_admitted	not_admitted	not_admitted	not_admitted	not_admitted	not_admitted	not_admitted	not_admitted	not_admitted	1	231;203092;204159;+;276.8	253;221297;222736;+;253.3	252;220200;221300;+;197.1	227;198498;200984;+;224.0	254;222751;226194;+;242.3	223;193862;195259;+;109.8	227;198498;200984;+;120.6	221;191955;192581;+;86.7	230;201782;203095;+;40.5	256;226631;229288;+;138.1	215;187431;189401;+;22.1	224;195256;195822;+;72.5	215;187431;189401;+;33.6	A	9/9	contiguous	39200	0	1	
NZ_CP067313.1	MPF_T	IncFIB(K);IncFII(pCRY)	118	0	0	GA	1	89;76862;77524;+;48.3	44;35793;36098;+;73.1	91;77844;80594;+;60.6	45;36111;38849;+;151.4	91;77844;80594;+;48.6	46;38867;39568;+;143.5	48;39817;40887;+;164.6		50;41109;41792;+;197.9	51;41792;42697;+;155.0	52;42741;43991;+;147.3	99;85629;86678;+;71.5	57;46861;48597;+;47.0		pfam	pfam_only	A	7/7	canonical	1	0	unscoreable	13	0	0														not_admitted	not_admitted	not_admitted	not_admitted	not_admitted	not_admitted	not_admitted
NZ_CP067315.1	MPF_T	IncN	53	0	0	GA	1	11;8376;9110;+;32.5	13;9410;9703;+;28.7	14;9753;10070;+;63.3	15;10070;12670;+;111.8	15;10070;12670;+;76.8	16;12688;13401;+;97.1	18;13652;14692;+;153.6		19;14911;15609;+;131.9	20;15620;16504;+;159.0	21;16504;17664;+;154.9	22;17706;18701;+;81.2	34;30983;32512;-;38.5		pfam	both	A	7/7	canonical	1	0	unscoreable	2	0	0														not_admitted	not_admitted	not_admitted	not_admitted	not_admitted	not_admitted	not_admitted
NZ_CP067340.1	MPF_F	IncFIB(S);IncFII(S);IncFII(pAR0022)	116	0	0	GA	0															not_admitted	not_admitted	not_admitted	not_admitted	not_admitted	not_admitted	not_admitted	not_admitted	not_admitted	not_admitted	1	41;38251;39243;-;366.7	32;31621;33003;-;392.4	35;34035;34784;-;231.0	44;40230;42878;-;314.1	31;28802;31624;-;394.4	52;45411;46832;-;91.5	44;40230;42878;-;97.8	54;47559;48125;-;188.1	39;37301;37939;-;70.6	37;35022;36848;-;271.0	28;24986;27148;-;374.1	49;44090;44605;-;96.7	28;24986;27148;-;72.1	A	9/9	contiguous	22573	1	1	28292..28780-;162;TraS;0
NZ_CP067343.1	MPF_T	IncI2(Delta)	75	0	0	GA	1	39;33529;34011;-;81.1		54;49625;49909;-;36.6	53;47262;49619;-;58.5	53;47262;49619;-;44.9	63;54721;55365;-;41.0	64;55371;56366;-;123.9		51;46362;47096;-;144.3	50;45595;46365;-;170.5	49;44466;45605;-;154.7	42;35790;37004;-;204.0	47;41418;43376;-;289.6		pfam	pfam_only	A	7/7	rearranged	1	0	unscoreable	14	0	0														not_admitted	not_admitted	not_admitted	not_admitted	not_admitted	not_admitted	not_admitted
NZ_CP067371.1	MPF_F	IncFIB(K);IncFII(K)	251	0	0	GA	0															not_admitted	not_admitted	not_admitted	not_admitted	not_admitted	not_admitted	not_admitted	not_admitted	not_admitted	not_admitted	1	205;209066;210055;-;363.3	194;201880;203247;-;382.2	198;204505;205257;-;236.4	209;211512;214151;-;259.0	193;199037;201880;-;342.9	220;218118;219542;-;88.8	209;211512;214151;-;87.6	222;220269;220835;-;167.9	203;208143;208790;-;65.9	202;206129;208084;-;259.5	189;194140;196452;-;392.8	217;216922;217506;-;53.8	189;194140;196452;-;65.9	A	9/9	contiguous	26129	1	1	198502..199026-;174;unnamed;0
NZ_CP067381.1	MPF_F	IncHI2;IncHI2A	317	0	0	GA	0															not_admitted	not_admitted	not_admitted	not_admitted	not_admitted	not_admitted	not_admitted	not_admitted	not_admitted	not_admitted	1	29;32275;33333;+;276.9	213;201781;203196;-;194.1	214;203186;204232;-;173.7	11;8955;11636;+;168.0	212;197822;201772;-;101.6	7;5270;6625;+;80.7	11;8955;11636;+;72.2	4;2758;3546;+;74.8	27;30622;32133;+;62.7	30;33352;36540;+;58.3	220;211273;213357;+;56.7	10;7996;8946;+;46.4	220;211273;213357;+;38.8	A	9/9	split_3	208515	0	1	
NZ_CP067384.1	MPF_F	IncFII(Yp);IncFII(pAR0022)	111	0	0	GA	0															not_admitted	not_admitted	not_admitted	not_admitted	not_admitted	not_admitted	not_admitted	not_admitted	not_admitted	not_admitted	1	84;64931;65923;+;368.4	92;70636;72006;+;376.7	88;68670;69419;+;218.2	81;61313;63943;+;285.5	93;72006;74828;+;336.5	75;57891;59285;+;90.9	81;61313;63943;+;98.6	73;56608;57174;+;169.9	85;65940;66569;+;66.9	86;66566;68419;+;257.4	96;76164;78365;+;384.8	76;59307;59846;+;64.9	96;76164;78365;+;63.9	A	9/9	contiguous	19556	1	1	74850..75281+;143;TraS;0
NZ_CP067390.1	MPF_F	IncFIB(K);IncFII(K);IncFII(pAR0022)	239	0	0	GA	0															not_admitted	not_admitted	not_admitted	not_admitted	not_admitted	not_admitted	not_admitted	not_admitted	not_admitted	not_admitted	1	175;180607;181599;-;366.6	165;173723;175090;-;381.2	169;176347;177099;-;232.2	178;182625;185264;-;259.3	164;170901;173723;-;346.6	188;189078;190502;-;89.2	178;182625;185264;-;88.8	190;191229;191795;-;167.0	174;179956;180594;-;67.0	173;177942;179897;-;258.5	160;166620;168932;-;393.1	186;187897;188466;-;50.3	160;166620;168932;-;66.6	A	9/9	contiguous	24609	1	1	170275..170877-;200;TraS;0
NZ_CP067398.1	MPF_F	IncFIB(S);IncFII(S);IncFII(pAR0022)	116	0	0	GA	0															not_admitted	not_admitted	not_admitted	not_admitted	not_admitted	not_admitted	not_admitted	not_admitted	not_admitted	not_admitted	1	97;72227;73219;+;366.7	106;78467;79849;+;392.4	103;76686;77435;+;231.0	94;68592;71240;+;314.1	107;79846;82668;+;394.4	86;64638;66059;+;91.5	94;68592;71240;+;97.8	84;63345;63911;+;185.6	99;73531;74169;+;70.6	101;74622;76448;+;271.0	110;84322;86565;+;374.0	89;66865;67380;+;96.7	110;84322;86565;+;72.0	A	9/9	contiguous	20977	1	1	82690..83178+;162;TraS;0
NZ_CP067418.1	-	-	365	0	0	GA	0															not_admitted	not_admitted	not_admitted	not_admitted	not_admitted	not_admitted	not_admitted	not_admitted	not_admitted	not_admitted	1	256;251143;252294;+;261.9	72;73825;75159;-;207.6	73;75159;76262;-;181.2	210;196486;199089;-;147.5	71;70640;73813;-;171.2	217;204409;205794;-;91.5	210;196486;199089;-;65.8	219;206981;207874;-;66.9	254;249801;251021;+;44.4	257;252360;255521;+;69.3	221;210021;211949;+;41.5	211;199112;199747;-;46.2	221;210021;211949;+;36.9	A	9/9	split_3	181720	0	1	
NZ_CP067421.1	-	-	762	0	0	GA	1	308;328954;329487;-;49.9	322;341891;342196;-;43.5	321;341607;341894;-;40.1	320;339141;341603;-;57.1	320;339141;341603;-;87.5	319;338426;339163;-;24.9	317;335855;338209;-;59.1		316;335130;335858;-;144.8	315;334112;335125;-;121.2	313;332455;333696;-;183.1	471;500722;501687;-;116.7	312;330645;332465;-;298.9		conjscan	conjscan_only	A	7/7	canonical	1	0	unscoreable	11	0	0														not_admitted	not_admitted	not_admitted	not_admitted	not_admitted	not_admitted	not_admitted
NZ_CP067423.1	-	-	204	0	0	GA	1		112;128948;129319;-;79.0	111;128656;128955;-;58.0	110;126217;128652;-;149.4	110;126217;128652;-;120.8	109;125451;126239;-;60.2	107;124007;125170;-;105.5		106;123315;123977;-;128.6	105;122452;123291;-;187.1	103;120670;121977;-;219.4	113;129309;130292;-;123.0	84;97716;99647;-;458.2		conjscan	conjscan_only	A	7/7	canonical	1	0	unscoreable	10	0	0														not_admitted	not_admitted	not_admitted	not_admitted	not_admitted	not_admitted	not_admitted
NZ_CP067424.1	-	-	77	0	0	GA	1				36;34312;36822;+;21.7	36;34312;36822;+;76.4		39;38954;40099;+;45.4		40;40122;40799;+;77.7	41;40892;41761;+;66.6	42;41758;42846;+;115.2	28;29038;30000;+;121.1	26;26944;28725;+;188.9		none	none	A	7/7	canonical	0	0	unscoreable	10	0	0														not_admitted	not_admitted	not_admitted	not_admitted	not_admitted	not_admitted	not_admitted
NZ_CP067425.2	-	-	49	0	0	GA	1				0;1;2448;+;27.3	0;1;2448;+;82.2	1;2458;4239;+;21.2	4;8314;9405;+;43.2		5;9435;10145;+;64.3	6;10214;11128;+;70.9	7;11132;12199;+;110.9	46;44441;45394;+;104.6	44;42323;44110;+;192.1		conjscan	conjscan_only	A	7/7	canonical	1	0	unscoreable	4	0	0														not_admitted	not_admitted	not_admitted	not_admitted	not_admitted	not_admitted	not_admitted
NZ_CP067431.1	MPF_F	IncFIA;IncFIB(AP001918);IncFII(pCoo)	125	0	0	GA	0															not_admitted	not_admitted	not_admitted	not_admitted	not_admitted	not_admitted	not_admitted	not_admitted	not_admitted	not_admitted	1	67;55178;56170;+;357.1	83;64934;66307;+;370.1	77;61980;62723;+;234.2	64;51542;54169;+;305.1	84;66304;69147;+;376.9	58;48200;49630;+;93.4	64;51542;54169;+;100.1	56;46919;47485;+;172.1	73;58703;59341;+;70.1	75;59812;61716;+;263.6	88;71388;73559;+;391.0	61;50511;51026;+;80.0	88;71388;73559;+;70.4	A	9/9	contiguous	24469	1	1	69169..69660+;163;TraS;1
NZ_CP068019.1	MPF_F	IncHI2;IncHI2A	227	0	0	GA	0															not_admitted	not_admitted	not_admitted	not_admitted	not_admitted	not_admitted	not_admitted	not_admitted	not_admitted	not_admitted	1	27;31208;32266;+;276.9	141;133483;134898;-;194.1	142;134888;135934;-;174.3	11;8955;11636;+;168.0	140;129521;133474;-;101.7	7;5270;6625;+;80.7	11;8955;11636;+;72.2	4;2758;3546;+;74.8	25;29555;31066;+;62.0	28;32285;35473;+;57.3	149;142976;145060;+;56.8	10;7996;8946;+;46.1	149;142976;145060;+;38.8	A	9/9	split_3	140218	1	1	128051..129340-;429;unnamed;0
NZ_CP068036.1	MPF_T	IncX4	63	0	0	GA	1	14;9345;9956;+;53.8	15;9928;10242;+;30.3	16;10300;10620;+;39.0	17;10623;12995;+;81.6	17;10623;12995;+;33.6	11;7374;8015;-;33.9	12;8017;9012;-;124.7		19;13126;13863;+;159.5	20;13860;14639;+;167.2	21;14629;15771;+;143.5	22;15771;16790;+;91.9	23;16841;18808;+;290.4		pfam	pfam_only	A	7/7	uncallable	0	0	unscoreable	2	0	0														not_admitted	not_admitted	not_admitted	not_admitted	not_admitted	not_admitted	not_admitted
NZ_CP068039.1	MPF_F	IncFIB(AP001918);IncFIC(FII)	88	0	0	GA	0															not_admitted	not_admitted	not_admitted	not_admitted	not_admitted	not_admitted	not_admitted	not_admitted	not_admitted	not_admitted	1	71;61741;62733;+;369.5	84;69429;70802;+;381.0	78;66712;67485;+;232.7	68;58105;60732;+;305.1	85;70799;73609;+;390.3	63;54608;56056;+;94.2	68;58105;60732;+;100.2	61;53327;53893;+;180.7	75;64022;64660;+;67.5	76;64657;66465;+;267.0	0;1;2181;+;391.8	67;57074;57589;+;78.8	0;1;2181;+;70.3	A	9/9	split_2	70798	0	1	
NZ_CP068040.1	MPF_F	IncFII(29);IncX1	153	0	0	GA	0															not_admitted	not_admitted	not_admitted	not_admitted	not_admitted	not_admitted	not_admitted	not_admitted	not_admitted	not_admitted	1	100;87429;88421;-;369.3	87;79383;80756;-;376.2	94;82969;83742;-;233.1	103;89430;92057;-;302.3	86;76567;79386;-;389.2	109;93966;95393;-;94.3	103;89430;92057;-;99.2	111;96108;96674;-;183.8	97;85794;86432;-;68.6	96;83989;85797;-;267.0	82;72071;74296;-;391.7	106;92573;93088;-;78.0	82;72071;74296;-;70.3	A	9/9	contiguous	24037	1	1	76051..76542-;163;TraS;0
NZ_CP068042.1	MPF_F	IncHI2;IncHI2A;IncN	299	0	0	GA	0															not_admitted	not_admitted	not_admitted	not_admitted	not_admitted	not_admitted	not_admitted	not_admitted	not_admitted	not_admitted	1	28;33666;34724;+;276.9	206;189928;191343;-;194.1	207;191333;192379;-;174.3	12;10914;13595;+;168.0	205;185966;189919;-;101.6	8;7229;8584;+;80.7	12;10914;13595;+;72.2	5;4717;5505;+;74.8	26;32013;33524;+;62.0	29;34743;37931;+;57.3	214;199421;201505;+;56.8	11;9955;10905;+;46.1	214;199421;201505;+;38.8	A	9/9	split_3	194704	1	1	184496..185785-;429;unnamed;0
NZ_CP068043.1	MPF_F	IncFIB(AP001918);IncFIC(FII)	147	0	0	GA	0															not_admitted	not_admitted	not_admitted	not_admitted	not_admitted	not_admitted	not_admitted	not_admitted	not_admitted	not_admitted	1	99;92611;93603;-;369.3	88;85552;86925;-;378.0	95;89139;89882;-;234.1	102;94612;97239;-;305.4	87;82733;85555;-;389.5	108;99294;100721;-;94.3	102;94612;97239;-;98.5	110;101436;102002;-;183.8	98;91964;92602;-;68.4	97;90159;91967;-;268.4	81;76344;78497;-;391.9	104;97755;98270;-;78.4	81;76344;78497;-;70.4	A	9/9	contiguous	25092	1	1	82220..82711-;163;TraS;0
NZ_CP068051.1	MPF_F	-	118	0	0	GA	0															not_admitted	not_admitted	not_admitted	not_admitted	not_admitted	not_admitted	not_admitted	not_admitted	not_admitted	not_admitted	1	34;36367;37410;-;369.9	26;28628;30073;-;319.7	27;30073;30882;-;220.0	39;39709;42306;-;223.8	25;24807;28631;-;211.2	44;45451;46776;-;101.5	39;39709;42306;-;83.0	46;47518;48129;-;111.2	33;35582;36370;-;91.1	31;33022;34299;-;152.0	60;65416;67581;-;410.6	40;42321;42998;-;54.3	60;65416;67581;-;67.8	A	9/9	contiguous	40609	1	1	24109..24741-;210;unnamed;0
NZ_CP068140.1	MPF_F	IncFIB(K);IncFII(K)	204	0	0	GA	0															not_admitted	not_admitted	not_admitted	not_admitted	not_admitted	not_admitted	not_admitted	not_admitted	not_admitted	not_admitted	1	137;125435;126427;+;366.6	147;131878;133248;+;381.2	143;129924;130676;+;232.4	134;121770;124409;+;258.7	148;133248;136097;+;344.2	125;116531;117955;+;89.2	134;121770;124409;+;88.8	123;115238;115804;+;167.0	138;126440;127078;+;67.0	139;127075;129081;+;259.0	152;137911;140220;+;393.2	127;118567;119136;+;49.7	152;137911;140220;+;65.8	A	9/9	contiguous	22673	1	1	136100..136630+;176;unnamed;0
NZ_CP068154.1	MPF_F	IncFII(pRSB107)	86	0	0	GA	0															not_admitted	not_admitted	not_admitted	not_admitted	not_admitted	not_admitted	not_admitted	not_admitted	not_admitted	not_admitted	1	56;51983;52975;-;369.8			59;53984;56614;-;299.5		67;59000;60451;-;90.6	59;53984;56614;-;99.7	69;61166;61732;-;174.6			59;53984;56614;-;22.0	63;57381;57896;-;75.7		D	4/9	contiguous	9183	0	0	
NZ_CP068231.1	MPF_T	-	246	1	1	GA	1	199;203023;203628;+;29.5	53;55079;55462;-;86.7	52;54810;55082;-;32.1	51;52348;54798;-;42.3	51;52348;54798;-;138.4	50;51614;52351;-;223.0	48;49914;51278;-;179.3		47;49180;49884;-;232.3	46;48191;49183;-;224.4	45;46908;48188;-;204.5	54;55459;56526;-;117.4	56;56984;58999;-;346.4	162;163201;166341;-;68.4	conjscan	conjscan_only	A	7/7	canonical	1	0	unscoreable	4	0	1	163;166356;167459;-;259.0	96;99108;100442;+;208.7	95;97990;99111;+;170.6	206;208760;211369;+;142.6	39;41581;43101;-;266.9	45;46908;48188;-;204.5	206;208760;211369;+;59.3	195;199047;199916;+;58.6	165;167581;168885;-;45.9	162;163201;166341;-;68.4	56;56984;58999;-;105.6	205;208127;208750;+;50.6	56;56984;58999;-;99.4	A	9/9	split_4	167179	0	1	
NZ_CP068280.1	MPF_F	IncFIA;IncFIC(FII)	74	0	0	GA	0															not_admitted	not_admitted	not_admitted	not_admitted	not_admitted	not_admitted	not_admitted	not_admitted	not_admitted	not_admitted	1	19;13502;14494;+;368.6	30;20180;21553;+;374.3	23;17223;17966;+;234.1	16;9866;12493;+;306.8	31;21550;24366;+;386.1	10;6384;7811;+;94.3	16;9866;12493;+;98.5	8;5103;5669;+;183.8	20;14503;15141;+;67.3	21;15138;16946;+;268.0	34;25929;28082;+;391.1	14;8835;9350;+;77.3	34;25929;28082;+;69.2	A	9/9	contiguous	20826	1	1	24399..24920+;173;unnamed;0
NZ_CP068282.1	MPF_F	IncFIA;IncFIC(FII)	74	0	0	GA	0															not_admitted	not_admitted	not_admitted	not_admitted	not_admitted	not_admitted	not_admitted	not_admitted	not_admitted	not_admitted	1	19;13502;14494;+;368.6	30;20180;21553;+;374.3	23;17223;17966;+;234.1	16;9866;12493;+;306.8	31;21550;24366;+;386.1	10;6384;7811;+;94.3	16;9866;12493;+;98.5	8;5103;5669;+;183.8	20;14503;15141;+;67.3	21;15138;16946;+;268.0	34;25929;28082;+;391.1	14;8835;9350;+;77.3	34;25929;28082;+;69.2	A	9/9	contiguous	20826	1	1	24399..24920+;173;unnamed;0
NZ_CP068284.1	MPF_F	IncFIA;IncFIC(FII)	74	0	0	GA	0															not_admitted	not_admitted	not_admitted	not_admitted	not_admitted	not_admitted	not_admitted	not_admitted	not_admitted	not_admitted	1	36;39569;40561;-;368.6	25;32510;33883;-;374.3	32;36097;36840;-;234.1	39;41570;44197;-;306.8	24;29697;32513;-;386.1	45;46252;47679;-;94.3	39;41570;44197;-;98.5	47;48394;48960;-;183.8	35;38922;39560;-;67.3	34;37117;38925;-;268.0	21;25981;28134;-;391.1	41;44713;45228;-;77.3	21;25981;28134;-;69.2	A	9/9	contiguous	22413	1	1	29143..29664-;173;unnamed;0
NZ_CP068288.1	MPF_F	IncHI2;IncHI2A	391	1	0	GA	1	55;46298;47032;-;32.5		52;45338;45655;-;63.3	51;42738;45338;-;113.8	51;42738;45338;-;76.4	50;42007;42720;-;105.5	48;40716;41756;-;142.4		47;39799;40497;-;131.9	46;38904;39788;-;159.7	45;37744;38904;-;156.3	44;36707;37702;-;81.2		343;290603;293791;-;58.3	pfam	both	B	6/7	canonical	1	0	unscoreable	3	0	1	344;293810;294868;-;276.9	164;137067;138482;-;194.1	165;138472;139518;-;173.7	362;315507;318188;-;168.0	163;133108;137058;-;101.6	45;37744;38904;-;156.3	362;315507;318188;-;72.2	369;323597;324385;-;74.8	346;295010;296521;-;62.7	343;290603;293791;-;58.3	171;146559;148643;+;56.7	363;318197;319147;-;46.4	171;146559;148643;+;38.8	A	9/9	split_4	285853	0	1	
NZ_CP068322.1	MPF_T	ColKP3;IncX3	64	0	0	GA	1	26;22397;23041;-;46.4	25;22123;22413;-;73.1	24;19345;22098;-;47.0	24;19345;22098;-;142.4	24;19345;22098;-;73.3	23;18565;19335;-;60.1	21;17231;18286;-;132.8		20;16308;17036;-;119.4	19;15373;16302;-;138.8	18;14162;15376;-;128.3	16;12932;13966;-;65.7	15;11094;12929;-;495.9		pfam	pfam_only	A	7/7	canonical	1	1	unscoreable	2	0	0														not_admitted	not_admitted	not_admitted	not_admitted	not_admitted	not_admitted	not_admitted
NZ_CP068325.1	MPF_T	ColKP3;IncX3	67	0	0	GA	1	17;10121;10765;+;46.4	18;10749;11039;+;73.1	19;11064;13817;+;47.0	19;11064;13817;+;142.4	19;11064;13817;+;73.3	20;13827;14597;+;60.1	22;14876;15931;+;132.8		23;16126;16854;+;119.4	24;16860;17789;+;138.8	25;17786;19000;+;128.3	27;19196;20230;+;65.7	28;20233;22068;+;495.9		pfam	pfam_only	A	7/7	canonical	1	1	unscoreable	2	0	0														not_admitted	not_admitted	not_admitted	not_admitted	not_admitted	not_admitted	not_admitted
NZ_CP068328.1	MPF_T	ColKP3;IncX3	64	0	0	GA	1	22;14297;14941;+;46.4	23;14925;15215;+;73.1	24;15240;17993;+;47.0	24;15240;17993;+;142.4	24;15240;17993;+;73.3	25;18003;18773;+;60.1	27;19052;20107;+;132.8		28;20302;21030;+;119.4	29;21036;21965;+;138.8	30;21962;23176;+;128.3	32;23372;24406;+;65.7	33;24409;26244;+;495.9		pfam	pfam_only	A	7/7	canonical	1	1	unscoreable	2	0	0														not_admitted	not_admitted	not_admitted	not_admitted	not_admitted	not_admitted	not_admitted
NZ_CP068330.1	MPF_T	ColKP3;IncX3	65	0	0	GA	1	26;22397;23041;-;46.4	25;22123;22413;-;73.1	24;19345;22098;-;47.0	24;19345;22098;-;142.4	24;19345;22098;-;73.3	23;18565;19335;-;60.1	21;17231;18286;-;132.8		20;16308;17036;-;119.4	19;15373;16302;-;138.8	18;14162;15376;-;128.3	16;12932;13966;-;65.7	15;11094;12929;-;495.9		pfam	pfam_only	A	7/7	canonical	1	1	unscoreable	2	0	0														not_admitted	not_admitted	not_admitted	not_admitted	not_admitted	not_admitted	not_admitted
NZ_CP068340.1	MPF_T	ColKP3;IncX3	62	0	0	GA	1	4;2808;3452;+;46.4	5;3436;3726;+;73.1	6;3751;6504;+;47.0	6;3751;6504;+;142.4	6;3751;6504;+;73.3	7;6514;7284;+;60.1	9;7563;8618;+;132.8		10;8813;9541;+;119.4	11;9547;10476;+;138.8	12;10473;11687;+;128.3	14;11883;12917;+;65.7	15;12920;14755;+;495.9		pfam	pfam_only	A	7/7	canonical	1	1	unscoreable	2	0	0														not_admitted	not_admitted	not_admitted	not_admitted	not_admitted	not_admitted	not_admitted
NZ_CP068387.1	MPF_T	IncX1	78	0	0	GA	1	74;64594;65241;-;45.2	73;64320;64616;-;77.5	72;61548;64301;-;47.9	72;61548;64301;-;146.7	72;61548;64301;-;75.3	71;60779;61537;-;67.3	69;59408;60541;-;106.3		68;58450;59163;-;118.5	67;57516;58445;-;133.8	66;56314;57519;-;132.5	65;55281;56312;-;76.5	64;53443;55278;-;489.3		pfam	pfam_only	A	7/7	canonical	1	1	unscoreable	1	0	0														not_admitted	not_admitted	not_admitted	not_admitted	not_admitted	not_admitted	not_admitted
NZ_CP068388.1	MPF_F	IncFII(S);IncFII(pAR0022)	112	0	0	GA	0															not_admitted	not_admitted	not_admitted	not_admitted	not_admitted	not_admitted	not_admitted	not_admitted	not_admitted	not_admitted	1	20;20173;21165;-;361.6	10;11957;14443;-;390.5	13;15475;16218;-;228.3	23;22152;24254;-;196.2		31;27311;28732;-;90.5	23;22152;24254;-;98.5	33;29459;30025;-;189.2	18;19223;19861;-;71.1	16;16944;18770;-;269.6	7;7829;10099;-;370.1	28;26011;26526;-;88.5	7;7829;10099;-;71.9	B	8/9	contiguous	21630	0	1	
NZ_CP068441.1	MPF_F	-	144	0	0	GA	0															not_admitted	not_admitted	not_admitted	not_admitted	not_admitted	not_admitted	not_admitted	not_admitted	not_admitted	not_admitted	1	116;126775;127767;+;357.8	124;132692;134059;+;355.1	119;130250;131047;+;218.3	110;121419;124064;+;256.4	125;134052;137099;+;288.5	100;115486;116871;+;88.6	110;121419;124064;+;95.4	98;114148;114747;+;92.2	117;127777;128406;+;58.6	118;128403;130253;+;206.8	129;139420;141951;+;349.6	108;120660;121202;+;40.1	129;139420;141951;+;65.6	A	9/9	contiguous	25272	1	1	137117..137674+;185;unnamed;0
NZ_CP068445.1	MPF_F	repFIB;repHI5B	342	0	0	GA	0															not_admitted	not_admitted	not_admitted	not_admitted	not_admitted	not_admitted	not_admitted	not_admitted	not_admitted	not_admitted	1	89;80626;81663;-;282.2	269;235883;237325;+;188.4	268;234889;235926;+;172.4	100;92532;95249;-;143.5	270;237300;241265;+;117.7	104;97372;98739;-;63.7	100;92532;95249;-;80.6	107;100394;101254;-;73.9	90;81660;83021;-;71.7	88;77435;80611;-;58.7	261;225534;227660;-;62.0	101;95298;96035;-;56.3	261;225534;227660;-;39.7	A	9/9	split_2	159865	0	1	
NZ_CP068510.1	MPF_F	IncHI1A;IncHI1B(R27)	268	0	0	GA	0															not_admitted	not_admitted	not_admitted	not_admitted	not_admitted	not_admitted	not_admitted	not_admitted	not_admitted	not_admitted	1	97;86966;88018;-;277.6	202;180629;182044;+;202.4	201;179593;180639;+;171.3	115;107415;110096;-;160.6	203;182053;186042;+;103.1	119;112444;113802;-;84.0	115;107415;110096;-;76.5	122;115469;116254;-;68.7	99;88163;89671;-;65.6	96;83767;86943;-;58.9	195;170574;172658;-;50.2	116;110105;111055;-;45.2	195;170574;172658;-;36.5	A	9/9	split_2	98286	0	1	
NZ_CP068571.1	MPF_F	IncFIA;IncHI1B(pNDM-MAR);repB	317	0	0	GA	0															not_admitted	not_admitted	not_admitted	not_admitted	not_admitted	not_admitted	not_admitted	not_admitted	not_admitted	not_admitted	1	118;107135;108127;-;368.6	107;100076;101449;-;374.3	114;103663;104406;-;234.1	121;109136;111763;-;306.8	106;97263;100079;-;386.1	127;113818;115245;-;94.3	121;109136;111763;-;98.5	129;115960;116526;-;183.8	117;106488;107126;-;67.3	116;104683;106491;-;268.0	103;93547;95700;-;391.1	123;112279;112794;-;77.3	103;93547;95700;-;69.2	A	9/9	contiguous	22413	1	1	96709..97230-;173;unnamed;0
NZ_CP068573.1	MPF_F	IncC;IncQ1	236	0	0	GA	0															not_admitted	not_admitted	not_admitted	not_admitted	not_admitted	not_admitted	not_admitted	not_admitted	not_admitted	not_admitted	1	205;153075;154082;-;332.9	82;53929;55362;-;339.2	83;55364;56392;-;221.7	210;156834;159281;-;354.2	81;50302;53916;-;375.3	221;172053;173369;-;135.0	210;156834;159281;-;128.6	223;174267;174893;-;92.1	207;154747;156012;-;67.6	204;150164;152959;-;145.3	232;178703;180568;-;47.4	220;171478;172056;-;100.2	232;178703;180568;-;52.0	A	9/9	split_2	128401	0	1	
NZ_CP068575.1	MPF_F	repB(R1701)	110	0	0	GA	0															not_admitted	not_admitted	not_admitted	not_admitted	not_admitted	not_admitted	not_admitted	not_admitted	not_admitted	not_admitted	1	1;503;1492;+;366.6	11;7039;8406;+;384.0	7;5029;5781;+;233.7	108;83285;85924;+;258.5	12;8406;11255;+;346.4	101;79034;80458;+;89.3	108;83285;85924;+;88.7	99;77741;78307;+;169.3	2;1505;2143;+;66.9	3;2202;4157;+;259.4	16;13717;16029;+;393.1	102;80530;81114;+;54.7	16;13717;16029;+;66.6	A	9/9	split_2	82782	1	1	11258..11791+;177;unnamed;0
NZ_CP068594.1	MPF_F	IncFII	104	0	0	GA	0															not_admitted	not_admitted	not_admitted	not_admitted	not_admitted	not_admitted	not_admitted	not_admitted	not_admitted	not_admitted	1				7;4062;4535;+;74.4		1;720;2147;+;94.7						4;3031;3546;+;77.8		D	2/9	contiguous	3342	0	0	
NZ_CP068606.1	MPF_T	IncX3	56	0	0	GA	1	5;5412;6056;-;46.4	4;5138;5428;-;73.1	3;2360;5113;-;47.0	3;2360;5113;-;145.4	3;2360;5113;-;73.3	2;1580;2350;-;60.1	0;246;1301;-;133.2		55;42703;43323;-;117.3	54;41768;42697;-;138.8	53;40557;41771;-;128.3	51;39327;40361;-;65.7	50;37489;39324;-;495.9		pfam	pfam_only	A	7/7	canonical	1	1	unscoreable	2	0	0														not_admitted	not_admitted	not_admitted	not_admitted	not_admitted	not_admitted	not_admitted
NZ_CP068608.1	MPF_F	IncFIB(K);IncFII(K)	207	0	0	GA	0															not_admitted	not_admitted	not_admitted	not_admitted	not_admitted	not_admitted	not_admitted	not_admitted	not_admitted	not_admitted	1	152;152923;153915;-;366.6	142;146102;147472;-;381.2	146;148674;149426;-;232.4	155;154941;157580;-;258.7	141;143253;146102;-;344.2	164;161395;162819;-;89.2	155;154941;157580;-;88.8	166;163546;164112;-;167.0	151;152272;152910;-;67.0	150;150269;152275;-;259.0	137;139130;141439;-;393.2	162;160214;160783;-;49.7	137;139130;141439;-;65.8	A	9/9	contiguous	24416	1	1	142720..143250-;176;unnamed;0
NZ_CP068612.1	MPF_T	IncX3	57	0	0	GA	1	27;23382;24026;-;46.4	26;23108;23398;-;73.1	25;20330;23083;-;47.0	25;20330;23083;-;145.4	25;20330;23083;-;73.3	24;19550;20320;-;60.1	22;18216;19271;-;133.2		21;17293;18021;-;119.4	20;16358;17287;-;138.8	19;15147;16361;-;128.3	17;13917;14951;-;65.7	16;12079;13914;-;495.9		pfam	pfam_only	A	7/7	canonical	1	1	unscoreable	2	0	0														not_admitted	not_admitted	not_admitted	not_admitted	not_admitted	not_admitted	not_admitted
NZ_CP068616.1	MPF_F	IncFIB(K);IncFII(K)	217	0	0	GA	0															not_admitted	not_admitted	not_admitted	not_admitted	not_admitted	not_admitted	not_admitted	not_admitted	not_admitted	not_admitted	1	161;164751;165743;-;366.6	151;157930;159300;-;381.2	155;160502;161254;-;232.4	164;166769;169408;-;258.7	150;155081;157930;-;344.2	173;173223;174647;-;89.2	164;166769;169408;-;88.8	175;175374;175940;-;167.0	160;164100;164738;-;67.0	159;162097;164103;-;259.0	146;150958;153267;-;393.2	171;172042;172611;-;49.7	146;150958;153267;-;65.8	A	9/9	contiguous	24416	1	1	154548..155078-;176;unnamed;0
NZ_CP068620.1	MPF_F	IncFIB(K);IncFII(K)	216	0	0	GA	0															not_admitted	not_admitted	not_admitted	not_admitted	not_admitted	not_admitted	not_admitted	not_admitted	not_admitted	not_admitted	1	160;163853;164845;-;366.6	150;157032;158402;-;381.2	154;159604;160356;-;232.4	163;165871;168510;-;258.7	149;154183;157032;-;344.2	172;172325;173749;-;89.2	163;165871;168510;-;88.8	174;174476;175042;-;167.0	159;163202;163840;-;67.0	158;161199;163205;-;259.0	145;150060;152369;-;393.2	170;171144;171713;-;49.7	145;150060;152369;-;65.8	A	9/9	contiguous	24416	1	1	153650..154180-;176;unnamed;0
NZ_CP068624.1	-	-	108	0	0	GA	1	57;47439;47954;-;49.4	87;70964;71293;-;64.7	86;70639;70953;-;30.4	85;68184;70598;-;51.3	85;68184;70598;-;99.0	84;67429;68187;-;35.9	82;65158;66474;-;95.8		80;64266;64940;-;144.3	79;63385;64257;-;159.7	77;61714;62970;-;193.2	72;55933;57555;-;176.0	50;40579;42540;-;40.1		conjscan	conjscan_only	A	7/7	canonical	1	0	unscoreable	27	0	0														not_admitted	not_admitted	not_admitted	not_admitted	not_admitted	not_admitted	not_admitted
NZ_CP068625.1	-	-	78	0	0	GA	1	71;62140;62655;+;46.5	43;39427;39756;+;65.8	44;39767;40081;+;30.4	45;40122;42536;+;51.1	45;40122;42536;+;99.0	46;42533;43291;+;34.3	48;44246;45553;+;91.1		49;45583;46257;+;147.4	50;46266;47138;+;159.1	52;47553;48809;+;193.2	57;52947;54569;+;175.5			conjscan	conjscan_only	B	6/7	canonical	1	0	unscoreable	19	0	0														not_admitted	not_admitted	not_admitted	not_admitted	not_admitted	not_admitted	not_admitted
NZ_CP068626.1	-	-	73	0	0	GA	1		68;66698;66997;+;62.7	69;67049;67354;+;84.1	70;67358;69796;+;141.8	70;67358;69796;+;76.8	13;12982;13716;+;186.4	14;13716;14741;+;101.5		71;69909;70598;+;173.1	72;70611;71492;+;182.8	0;449;901;+;111.2		3;3088;4101;+;203.5		pfam	both	B	6/7	rearranged	1	0	unscoreable	11	0	0														not_admitted	not_admitted	not_admitted	not_admitted	not_admitted	not_admitted	not_admitted
NZ_CP068632.1	-	-	100	0	0	GA	1	58;44622;45137;-;52.6	86;66580;66909;-;65.8		84;63799;66213;-;49.3	84;63799;66213;-;98.9	83;63044;63802;-;35.2	81;60776;62089;-;94.5		80;60087;60761;-;144.2	78;59205;59756;-;126.4	76;57534;58790;-;191.1	70;51774;53396;-;177.2			conjscan	conjscan_only	B	6/7	canonical	1	0	unscoreable	20	0	0														not_admitted	not_admitted	not_admitted	not_admitted	not_admitted	not_admitted	not_admitted
NZ_CP068640.1	-	-	98	0	0	GA	1	56;42941;43456;-;52.6	84;64899;65228;-;65.8		82;62118;64532;-;49.3	82;62118;64532;-;98.9	81;61363;62121;-;35.2	79;59095;60408;-;94.5		78;58406;59080;-;144.2	76;57524;58075;-;126.4	74;55853;57109;-;191.1	68;50093;51715;-;177.2			conjscan	conjscan_only	B	6/7	canonical	1	0	unscoreable	20	0	0														not_admitted	not_admitted	not_admitted	not_admitted	not_admitted	not_admitted	not_admitted
NZ_CP068643.1	MPF_F	-	140	0	0	GA	0															not_admitted	not_admitted	not_admitted	not_admitted	not_admitted	not_admitted	not_admitted	not_admitted	not_admitted	not_admitted	1	139;131161;132102;+;121.1			138;128435;131164;+;98.8	2;1612;3198;+;131.2						126;119966;122128;+;29.7		126;119966;122128;+;36.9	D	3/9	split_2	129549	0	0	
NZ_CP068644.1	-	-	89	0	0	GA	1	82;74493;75008;+;49.4	52;51154;51483;+;64.7	53;51494;51808;+;30.4	54;51849;54263;+;51.4	54;51849;54263;+;99.0	55;54260;55018;+;34.3	57;55973;57289;+;100.2		59;57507;58181;+;144.3	60;58190;59062;+;159.7	62;59477;60733;+;193.2	67;64892;66514;+;176.0	0;40;1962;+;40.2		conjscan	conjscan_only	A	7/7	canonical	1	0	unscoreable	21	0	0														not_admitted	not_admitted	not_admitted	not_admitted	not_admitted	not_admitted	not_admitted
NZ_CP068649.1	-	-	108	0	0	GA	1	57;47439;47954;-;49.4	87;70964;71293;-;64.7	86;70639;70953;-;30.4	85;68184;70598;-;51.3	85;68184;70598;-;99.0	84;67429;68187;-;35.9	82;65158;66474;-;95.8		80;64266;64940;-;144.3	79;63385;64257;-;159.7	77;61714;62970;-;193.2	72;55933;57555;-;176.0	50;40579;42540;-;40.1		conjscan	conjscan_only	A	7/7	canonical	1	0	unscoreable	27	0	0														not_admitted	not_admitted	not_admitted	not_admitted	not_admitted	not_admitted	not_admitted
NZ_CP068650.1	-	-	73	0	0	GA	1		68;66698;66997;+;62.7	69;67049;67354;+;84.1	70;67358;69796;+;141.8	70;67358;69796;+;76.8	13;12982;13716;+;186.4	14;13716;14741;+;101.5		71;69909;70598;+;173.1	72;70611;71492;+;182.8	0;449;901;+;111.2		3;3088;4101;+;203.5		pfam	both	B	6/7	rearranged	1	0	unscoreable	11	0	0														not_admitted	not_admitted	not_admitted	not_admitted	not_admitted	not_admitted	not_admitted
NZ_CP068651.1	-	-	88	0	0	GA	1		76;79427;79726;-;62.7	75;79070;79375;-;84.1	74;76628;79066;-;141.8	74;76628;79066;-;76.8	58;60920;61654;-;186.4	57;59895;60920;-;101.5		73;75826;76515;-;173.1	72;74932;75813;-;182.8	71;73754;74929;-;185.1	70;72725;73753;-;103.6	68;70535;72442;-;309.5		pfam	both	A	7/7	canonical	1	0	unscoreable	10	0	0														not_admitted	not_admitted	not_admitted	not_admitted	not_admitted	not_admitted	not_admitted
NZ_CP068679.1	-	-	78	0	0	GA	1	59;44575;45282;-;34.8	58;44256;44594;-;28.5	57;43847;44245;-;24.9	56;41458;43893;-;71.6		54;40536;41204;-;50.4	52;39214;40179;-;121.9		51;38067;38882;-;140.4	50;37249;38070;-;146.0	47;35338;36684;-;140.1	46;34032;35327;-;61.3	43;31377;32990;-;263.4		pfam	pfam_only	A	7/7	canonical	1	0	unscoreable	6	0	0														not_admitted	not_admitted	not_admitted	not_admitted	not_admitted	not_admitted	not_admitted
NZ_CP068685.1	MPF_F	IncFIB(pNDM-Mar);RepB	300	0	0	GA	0															not_admitted	not_admitted	not_admitted	not_admitted	not_admitted	not_admitted	not_admitted	not_admitted	not_admitted	not_admitted	1	116;94293;95330;+;282.3	266;231326;232735;-;190.0	267;232725;233762;-;176.6	104;80745;83462;+;149.4	265;227356;231324;-;121.3	100;77262;78632;+;65.6	104;80745;83462;+;85.2	97;74756;75616;+;79.0	115;92935;94296;+;68.9	117;95340;98525;+;59.6	274;240961;243087;+;58.4	103;79963;80700;+;56.9	274;240961;243087;+;41.0	A	9/9	split_2	166205	0	1	
NZ_CP068687.1	MPF_F	IncFII(pHN7A8);IncR	240	0	0	GA	0															not_admitted	not_admitted	not_admitted	not_admitted	not_admitted	not_admitted	not_admitted	not_admitted	not_admitted	not_admitted	1	158;116416;117408;-;369.5	145;108210;109583;-;376.8	150;111149;111892;-;234.4	161;118417;121044;-;301.8	144;105397;108213;-;376.7	166;123099;124526;-;94.1	161;118417;121044;-;101.8	168;125241;125807;-;183.8	155;114832;115470;-;70.4	152;112169;114019;-;265.0	140;100871;103096;-;391.7	162;121560;122075;-;77.6	140;100871;103096;-;70.3	A	9/9	contiguous	24370	1	1	104843..105364-;173;unnamed;0
NZ_CP068690.1	MPF_F	IncFIB(pNDM-Mar);RepB	342	0	0	GA	0															not_admitted	not_admitted	not_admitted	not_admitted	not_admitted	not_admitted	not_admitted	not_admitted	not_admitted	not_admitted	1	116;94064;95101;+;282.3	306;267518;268927;-;190.0	307;268917;269954;-;176.6	104;80516;83233;+;149.4	305;263548;267516;-;121.3	100;77033;78403;+;65.6	104;80516;83233;+;85.2	97;74527;75387;+;79.0	115;92706;94067;+;68.9	117;95111;98296;+;59.6	314;277153;279279;+;58.4	103;79734;80471;+;56.9	314;277153;279279;+;41.0	A	9/9	split_2	202626	0	1	
NZ_CP068691.1	MPF_F	IncFIB(K);IncFII(K);repB(R1701)	219	0	0	GA	0															not_admitted	not_admitted	not_admitted	not_admitted	not_admitted	not_admitted	not_admitted	not_admitted	not_admitted	not_admitted	1	29;32049;33041;-;366.6	19;25228;26598;-;381.2	23;27800;28552;-;232.4	32;34067;36706;-;258.7	18;22379;25228;-;344.2	41;40521;41945;-;89.2	32;34067;36706;-;88.8	43;42672;43238;-;167.0	28;31398;32036;-;67.0	27;29395;31401;-;259.0	14;18256;20565;-;393.2	39;39340;39909;-;49.7	14;18256;20565;-;65.8	A	9/9	contiguous	24416	1	1	21846..22376-;176;unnamed;0
NZ_CP068692.1	MPF_F	IncFII(pHN7A8);IncR	240	0	0	GA	0															not_admitted	not_admitted	not_admitted	not_admitted	not_admitted	not_admitted	not_admitted	not_admitted	not_admitted	not_admitted	1	158;116413;117405;-;369.5	145;108207;109580;-;376.8	150;111146;111889;-;234.4	161;118414;121041;-;301.8	144;105394;108210;-;376.7	166;123096;124523;-;94.1	161;118414;121041;-;101.8	168;125238;125804;-;183.8	155;114829;115467;-;70.4	152;112166;114016;-;265.0	140;100868;103093;-;391.7	162;121557;122072;-;77.6	140;100868;103093;-;70.3	A	9/9	contiguous	24370	1	1	104840..105361-;173;unnamed;0
NZ_CP068697.1	MPF_F	IncFIB(S);IncFII(S);IncFII(pAR0022)	116	0	0	GA	0															not_admitted	not_admitted	not_admitted	not_admitted	not_admitted	not_admitted	not_admitted	not_admitted	not_admitted	not_admitted	1	23;14431;15423;+;366.7	32;20671;22053;+;392.4	29;18890;19639;+;231.0	20;10796;13444;+;313.6	33;22050;24872;+;394.4	12;6842;8263;+;91.5	20;10796;13444;+;97.8	10;5549;6115;+;188.1	25;15735;16373;+;70.6	27;16826;18652;+;270.0	36;26526;28688;+;374.1	15;9069;9584;+;96.7	36;26526;28688;+;72.1	A	9/9	contiguous	20977	1	1	24894..25382+;162;TraS;0
NZ_CP068707.1	MPF_F	IncFIB(pNDM-Mar);RepB	361	0	0	GA	0															not_admitted	not_admitted	not_admitted	not_admitted	not_admitted	not_admitted	not_admitted	not_admitted	not_admitted	not_admitted	1	116;94064;95101;+;282.3	325;289224;290633;-;190.0	326;290623;291660;-;176.6	104;80516;83233;+;149.4	324;285254;289222;-;121.3	100;77033;78403;+;65.6	104;80516;83233;+;85.2	97;74527;75387;+;79.0	115;92706;94067;+;68.9	117;95111;98296;+;59.6	333;298859;300985;+;58.4	103;79734;80471;+;56.9	333;298859;300985;+;41.0	A	9/9	split_2	224332	0	1	
NZ_CP068711.1	MPF_F	-	329	0	0	GA	0															not_admitted	not_admitted	not_admitted	not_admitted	not_admitted	not_admitted	not_admitted	not_admitted	not_admitted	not_admitted	1	211;189813;190823;-;365.8	205;183861;185294;-;321.7	206;185306;186115;-;214.1	216;192866;195460;-;237.0	204;180685;183864;-;220.3	220;197312;198667;-;100.9	216;192866;195460;-;103.5	222;199389;199994;-;102.3	210;189025;189813;-;99.8	208;186483;187721;-;154.5	238;216414;218582;-;425.6	218;195713;196429;-;57.5	238;216414;218582;-;77.4	A	9/9	contiguous	35729	0	1	
NZ_CP068762.1	MPF_T	-	48	0	0	GA	1		29;25556;25939;+;70.3	30;25944;26261;+;34.8	31;26258;28822;+;93.3	31;26258;28822;+;98.1	36;32271;33047;+;67.8	37;33261;34889;+;103.1		32;28822;29529;+;143.4	33;29542;30408;+;180.2	35;30819;32258;+;216.1	28;24456;25454;+;132.2	12;11819;13708;-;445.1		conjscan	conjscan_only	A	7/7	canonical	1	0	unscoreable	2	0	0														not_admitted	not_admitted	not_admitted	not_admitted	not_admitted	not_admitted	not_admitted
NZ_CP068765.1	MPF_T	rep38	62	0	0	GA	1				34;28885;30900;-;24.7									28;23304;24857;-;454.5		none	none	D	2/7	uncallable	0	0	unscoreable	5	0	0														not_admitted	not_admitted	not_admitted	not_admitted	not_admitted	not_admitted	not_admitted
NZ_CP068835.1	MPF_T	ColKP3;IncX3	88	0	0	GA	1	20;12367;13011;+;46.4	21;12995;13285;+;73.1	22;13310;16063;+;47.0	22;13310;16063;+;142.4	22;13310;16063;+;73.3	23;16073;16843;+;60.1	25;17122;18177;+;132.8		26;18372;19100;+;119.4	27;19106;20035;+;138.8	28;20032;21246;+;128.3	30;21442;22476;+;65.7	31;22479;24314;+;495.9		pfam	pfam_only	A	7/7	canonical	1	1	unscoreable	2	0	0														not_admitted	not_admitted	not_admitted	not_admitted	not_admitted	not_admitted	not_admitted
NZ_CP068842.1	MPF_F	IncFII	115	0	0	GA	0															not_admitted	not_admitted	not_admitted	not_admitted	not_admitted	not_admitted	not_admitted	not_admitted	not_admitted	not_admitted	1	89;63090;64082;+;369.5	99;69861;71234;+;381.7	94;67188;67931;+;234.4	86;59451;62081;+;304.1	100;71231;74053;+;374.0	79;55001;56452;+;94.2	86;59451;62081;+;97.1	77;53720;54286;+;174.3	91;64426;65064;+;68.6	92;65061;66911;+;266.1	104;76325;78523;+;391.2	82;57312;57827;+;78.4	104;76325;78523;+;70.4	A	9/9	contiguous	22605	1	1	74075..74554+;159;TraS;0
NZ_CP068849.1	MPF_F	IncFII(pSE11)	121	0	0	GA	0															not_admitted	not_admitted	not_admitted	not_admitted	not_admitted	not_admitted	not_admitted	not_admitted	not_admitted	not_admitted	1	93;65194;66186;+;369.5	105;72240;73613;+;381.7	98;69292;70035;+;234.4	90;61555;64185;+;297.8	106;73610;76435;+;374.0	83;57086;58513;+;93.8	90;61555;64185;+;96.5	81;55805;56371;+;174.3	95;66530;67168;+;68.5	96;67165;69015;+;266.1	110;78677;80920;+;391.7	86;59397;59912;+;78.4	110;78677;80920;+;70.3	A	9/9	contiguous	22872	1	1	76432..76941+;169;unnamed;0
NZ_CP068852.1	MPF_T	ColKP3;IncX3	65	0	0	GA	1	29;23130;23774;+;46.4	30;23758;24048;+;73.1	31;24073;26826;+;47.0	31;24073;26826;+;142.4	31;24073;26826;+;73.3	32;26836;27606;+;60.1	34;27885;28940;+;132.8		35;29135;29863;+;119.4	36;29869;30798;+;138.8	37;30795;32009;+;128.3	39;32205;33239;+;65.7	40;33242;35077;+;495.9		pfam	pfam_only	A	7/7	canonical	1	1	unscoreable	2	0	0														not_admitted	not_admitted	not_admitted	not_admitted	not_admitted	not_admitted	not_admitted
NZ_CP068868.1	MPF_T	IncX3	56	0	0	GA	1	20;12365;13009;+;46.4	21;12993;13283;+;73.1	22;13308;16061;+;47.0	22;13308;16061;+;142.4	22;13308;16061;+;73.3	23;16071;16841;+;60.1	25;17120;18175;+;132.8		26;18370;19098;+;119.4	27;19104;20033;+;138.8	28;20030;21244;+;128.3	30;21440;22474;+;65.7	31;22477;24312;+;495.9		pfam	pfam_only	A	7/7	canonical	1	1	unscoreable	2	0	0														not_admitted	not_admitted	not_admitted	not_admitted	not_admitted	not_admitted	not_admitted
NZ_CP068881.1	MPF_T	ColKP3;IncX3	65	0	0	GA	1	20;12366;13010;+;46.4	21;12994;13284;+;73.1	22;13309;16062;+;47.0	22;13309;16062;+;142.4	22;13309;16062;+;73.3	23;16072;16842;+;60.1	25;17121;18176;+;132.8		26;18371;19099;+;119.4	27;19105;20034;+;138.8	28;20031;21245;+;128.3	30;21441;22475;+;65.7	31;22478;24313;+;495.9		pfam	pfam_only	A	7/7	canonical	1	1	unscoreable	2	0	0														not_admitted	not_admitted	not_admitted	not_admitted	not_admitted	not_admitted	not_admitted
NZ_CP068887.1	MPF_T	ColKP3;IncX3	64	0	0	GA	1	26;22397;23041;-;46.4	25;22123;22413;-;73.1	24;19345;22098;-;47.0	24;19345;22098;-;142.4	24;19345;22098;-;73.3	23;18565;19335;-;60.1	21;17231;18286;-;132.8		20;16308;17036;-;119.4	19;15373;16302;-;138.8	18;14162;15376;-;128.3	16;12932;13966;-;65.7	15;11094;12929;-;495.9		pfam	pfam_only	A	7/7	canonical	1	1	unscoreable	2	0	0														not_admitted	not_admitted	not_admitted	not_admitted	not_admitted	not_admitted	not_admitted
NZ_CP068896.1	MPF_F	IncFII	116	0	0	GA	0															not_admitted	not_admitted	not_admitted	not_admitted	not_admitted	not_admitted	not_admitted	not_admitted	not_admitted	not_admitted	1	98;68486;69478;+;369.5	108;75257;76630;+;381.7	103;72584;73327;+;234.4	95;64847;67477;+;304.1	109;76627;79440;+;374.1	88;60397;61848;+;94.2	95;64847;67477;+;97.1	86;59116;59682;+;174.3	100;69822;70460;+;68.6	101;70457;72307;+;266.1	95;64847;67477;+;21.8	91;62708;63223;+;78.4		A	9/9	contiguous	17511	1	1	79474..79749+;91;unnamed;0
NZ_CP068904.1	MPF_T	ColKP3;IncX3	65	0	0	GA	1	20;12365;13009;+;46.4	21;12993;13283;+;73.1	22;13308;16061;+;47.0	22;13308;16061;+;142.4	22;13308;16061;+;73.3	23;16071;16841;+;60.1	25;17120;18175;+;132.8		26;18370;19098;+;119.4	27;19104;20033;+;138.8	28;20030;21244;+;128.3	30;21440;22474;+;65.7	31;22477;24312;+;495.9		pfam	pfam_only	A	7/7	canonical	1	1	unscoreable	2	0	0														not_admitted	not_admitted	not_admitted	not_admitted	not_admitted	not_admitted	not_admitted
NZ_CP068910.1	MPF_T	ColKP3;IncX3	65	0	0	GA	1	20;12365;13009;+;46.4	21;12993;13283;+;73.1	22;13308;16061;+;47.0	22;13308;16061;+;142.4	22;13308;16061;+;73.3	23;16071;16841;+;60.1	25;17120;18175;+;132.8		26;18370;19098;+;119.4	27;19104;20033;+;138.8	28;20030;21244;+;128.3	30;21440;22474;+;65.7	31;22477;24312;+;495.9		pfam	pfam_only	A	7/7	canonical	1	1	unscoreable	2	0	0														not_admitted	not_admitted	not_admitted	not_admitted	not_admitted	not_admitted	not_admitted
NZ_CP068911.1	MPF_T	ColKP3;IncX3	64	0	0	GA	1	26;22397;23041;-;46.4	25;22123;22413;-;73.1	24;19345;22098;-;47.0	24;19345;22098;-;142.4	24;19345;22098;-;73.3	23;18565;19335;-;60.1	21;17231;18286;-;132.8		20;16308;17036;-;119.4	19;15373;16302;-;138.8	18;14162;15376;-;128.3	16;12932;13966;-;65.7	15;11094;12929;-;495.9		pfam	pfam_only	A	7/7	canonical	1	1	unscoreable	2	0	0														not_admitted	not_admitted	not_admitted	not_admitted	not_admitted	not_admitted	not_admitted
NZ_CP068919.1	MPF_T	ColKP3;IncX3	64	0	0	GA	1	22;14297;14941;+;46.4	23;14925;15215;+;73.1	24;15240;17993;+;47.0	24;15240;17993;+;142.4	24;15240;17993;+;73.3	25;18003;18773;+;60.1	27;19052;20107;+;132.8		28;20302;21030;+;119.4	29;21036;21965;+;138.8	30;21962;23176;+;128.3	32;23372;24406;+;65.7	33;24409;26244;+;495.9		pfam	pfam_only	A	7/7	canonical	1	1	unscoreable	2	0	0														not_admitted	not_admitted	not_admitted	not_admitted	not_admitted	not_admitted	not_admitted
NZ_CP068922.1	MPF_T	ColKP3;IncX3	64	0	0	GA	1	25;21116;21760;-;46.4	24;20842;21132;-;73.1	23;18064;20817;-;47.0	23;18064;20817;-;142.4	23;18064;20817;-;73.3	22;17284;18054;-;60.1	20;15950;17005;-;132.8		19;15027;15755;-;119.4	18;14092;15021;-;138.8	17;12881;14095;-;128.3	15;11651;12685;-;65.7	14;9813;11648;-;495.9		pfam	pfam_only	A	7/7	canonical	1	1	unscoreable	2	0	0														not_admitted	not_admitted	not_admitted	not_admitted	not_admitted	not_admitted	not_admitted
NZ_CP068925.1	MPF_T	ColKP3;IncX3	64	0	0	GA	1	26;22397;23041;-;46.4	25;22123;22413;-;73.1	24;19345;22098;-;47.0	24;19345;22098;-;142.4	24;19345;22098;-;73.3	23;18565;19335;-;60.1	21;17231;18286;-;132.8		20;16308;17036;-;119.4	19;15373;16302;-;138.8	18;14162;15376;-;128.3	16;12932;13966;-;65.7	15;11094;12929;-;495.9		pfam	pfam_only	A	7/7	canonical	1	1	unscoreable	2	0	0														not_admitted	not_admitted	not_admitted	not_admitted	not_admitted	not_admitted	not_admitted
NZ_CP068936.1	MPF_T	ColKP3;IncX3	65	0	0	GA	1	20;12365;13009;+;46.4	21;12993;13283;+;73.1	22;13308;16061;+;47.0	22;13308;16061;+;142.4	22;13308;16061;+;73.3	23;16071;16841;+;60.1	25;17120;18175;+;132.8		26;18370;19098;+;119.4	27;19104;20033;+;138.8	28;20030;21244;+;128.3	30;21440;22474;+;65.7	31;22477;24312;+;495.9		pfam	pfam_only	A	7/7	canonical	1	1	unscoreable	2	0	0														not_admitted	not_admitted	not_admitted	not_admitted	not_admitted	not_admitted	not_admitted
NZ_CP068938.1	MPF_T	ColKP3;IncX3	64	0	0	GA	1	22;14297;14941;+;46.4	23;14925;15215;+;73.1	24;15240;17993;+;47.0	24;15240;17993;+;142.4	24;15240;17993;+;73.3	25;18003;18773;+;60.1	27;19052;20107;+;132.8		28;20302;21030;+;119.4	29;21036;21965;+;138.8	30;21962;23176;+;128.3	32;23372;24406;+;65.7	33;24409;26244;+;495.9		pfam	pfam_only	A	7/7	canonical	1	1	unscoreable	2	0	0														not_admitted	not_admitted	not_admitted	not_admitted	not_admitted	not_admitted	not_admitted
NZ_CP068957.1	MPF_T	ColKP3;IncX3	64	0	0	GA	1	26;22397;23041;-;46.4	25;22123;22413;-;73.1	24;19345;22098;-;47.0	24;19345;22098;-;142.4	24;19345;22098;-;73.3	23;18565;19335;-;60.1	21;17231;18286;-;132.8		20;16308;17036;-;119.4	19;15373;16302;-;138.8	18;14162;15376;-;128.3	16;12932;13966;-;65.7	15;11094;12929;-;495.9		pfam	pfam_only	A	7/7	canonical	1	1	unscoreable	2	0	0														not_admitted	not_admitted	not_admitted	not_admitted	not_admitted	not_admitted	not_admitted
NZ_CP068958.1	MPF_T	ColKP3;IncX3	63	0	0	GA	1	20;12365;13009;+;46.4	21;12993;13283;+;73.1	22;13308;16061;+;47.0	22;13308;16061;+;142.4	22;13308;16061;+;73.3	23;16071;16841;+;60.1	25;17120;18175;+;132.8		26;18370;19098;+;119.4	27;19104;20033;+;138.8	28;20030;21244;+;128.3	30;21440;22474;+;65.7	31;22477;24312;+;495.9		pfam	pfam_only	A	7/7	canonical	1	1	unscoreable	2	0	0														not_admitted	not_admitted	not_admitted	not_admitted	not_admitted	not_admitted	not_admitted
NZ_CP068959.1	MPF_T	ColKP3;IncX3	65	0	0	GA	1	20;12367;13011;+;46.4	21;12995;13285;+;73.1	22;13310;16063;+;47.0	22;13310;16063;+;142.4	22;13310;16063;+;73.3	23;16073;16843;+;60.1	25;17122;18177;+;132.8		26;18372;19100;+;119.4	27;19106;20035;+;138.8	28;20032;21246;+;128.3	30;21442;22476;+;65.7	31;22479;24314;+;495.9		pfam	pfam_only	A	7/7	canonical	1	1	unscoreable	2	0	0														not_admitted	not_admitted	not_admitted	not_admitted	not_admitted	not_admitted	not_admitted
NZ_CP068973.1	MPF_F	IncFIB(K);IncFII(K);IncFII(pAR0022)	211	0	0	GA	0															not_admitted	not_admitted	not_admitted	not_admitted	not_admitted	not_admitted	not_admitted	not_admitted	not_admitted	not_admitted	1	59;57914;58903;-;363.3	48;50728;52095;-;384.1	52;53353;54105;-;233.7	63;60360;62999;-;259.0	47;47906;50728;-;346.4	73;66927;68351;-;89.5	63;60360;62999;-;88.7	75;69078;69644;-;167.0	57;56991;57638;-;65.9	56;54977;56932;-;259.4	43;42977;45289;-;393.1	71;65731;66315;-;53.8	43;42977;45289;-;66.6	A	9/9	contiguous	26101	1	1	47281..47883-;200;TraS;0
NZ_CP068999.1	MPF_T	-	106	0	0	GA	1	63;65662;66813;-;74.2	67;69606;70001;-;73.0	66;69335;69613;-;90.4	65;66970;69345;-;87.2	65;66970;69345;-;43.3	62;64853;65662;-;70.8	55;59330;60406;-;123.4		61;64085;64741;-;170.7	60;63387;64082;-;170.5	59;62011;63390;-;185.3	58;61020;62006;-;104.5	51;51775;53775;+;286.5		pfam	both	A	7/7	canonical	1	0	unscoreable	6	0	0														not_admitted	not_admitted	not_admitted	not_admitted	not_admitted	not_admitted	not_admitted
NZ_CP069001.1	MPF_T	-	97	0	0	GA	1	36;35403;36557;-;72.9	40;39344;39637;-;76.3	39;39073;39351;-;89.7	38;36720;39083;-;84.7	38;36720;39083;-;46.3	35;34588;35403;-;67.8	28;29041;30117;-;119.4		34;33819;34472;-;161.7	33;33122;33817;-;167.3	32;31731;33125;-;185.5	31;30740;31789;-;103.8	26;26757;28736;+;291.1		pfam	both	A	7/7	canonical	1	0	unscoreable	4	0	0														not_admitted	not_admitted	not_admitted	not_admitted	not_admitted	not_admitted	not_admitted
NZ_CP069005.1	MPF_T	-	158	0	0	GA	1	113;111111;112265;-;72.6	117;115043;115336;-;75.3	116;114772;115050;-;88.6	115;112419;114782;-;85.2	115;112419;114782;-;44.0	112;110302;111114;-;70.9	105;104779;105855;-;123.4		111;109534;110190;-;170.7	110;108836;109531;-;170.5	109;107460;108839;-;185.3	108;106469;107455;-;104.5	101;97224;99224;+;285.8		pfam	both	A	7/7	canonical	1	0	unscoreable	6	0	0														not_admitted	not_admitted	not_admitted	not_admitted	not_admitted	not_admitted	not_admitted
NZ_CP069047.1	MPF_F	IncFIB(K);IncFII(K)	207	0	0	GA	0															not_admitted	not_admitted	not_admitted	not_admitted	not_admitted	not_admitted	not_admitted	not_admitted	not_admitted	not_admitted	1	149;152299;153291;-;366.6	139;145478;146848;-;381.2	143;148050;148802;-;232.4	152;154317;156956;-;258.7	138;142629;145478;-;344.2	161;160771;162195;-;89.2	152;154317;156956;-;88.8	163;162922;163488;-;167.0	148;151648;152286;-;67.0	147;149645;151651;-;259.0	134;138506;140815;-;393.2	159;159590;160159;-;49.7	134;138506;140815;-;65.8	A	9/9	contiguous	24416	1	1	142096..142626-;176;unnamed;0
NZ_CP069048.1	MPF_F	repA(pKOX)	244	0	0	GA	0															not_admitted	not_admitted	not_admitted	not_admitted	not_admitted	not_admitted	not_admitted	not_admitted	not_admitted	not_admitted	1	143;101187;102260;+;276.5	166;119741;121192;+;239.9	165;118655;119725;+;187.4	139;96639;99122;+;233.1	167;121202;124414;+;257.0	136;93617;94948;+;107.4	139;96639;99122;+;117.9	134;91834;92451;+;78.3	142;99934;101187;+;56.6	169;124919;127651;+;123.6	128;87264;89225;+;23.7	137;94963;95568;+;75.2	128;87264;89225;+;32.4	A	9/9	contiguous	37655	0	1	
NZ_CP069049.1	MPF_F	IncFII(Yp);repB(R1701)	131	0	0	GA	0															not_admitted	not_admitted	not_admitted	not_admitted	not_admitted	not_admitted	not_admitted	not_admitted	not_admitted	not_admitted	1	94;72038;73030;+;362.9	103;78120;79490;+;378.1	100;76584;77336;+;223.8	91;68373;71012;+;259.1	104;79490;82369;+;343.0	81;63189;64610;+;87.4	91;68373;71012;+;83.9	79;61896;62462;+;167.2	95;73043;73681;+;66.0	96;73740;75695;+;255.2	106;83139;85439;+;390.5	83;65071;65634;+;55.8	106;83139;85439;+;65.8	A	9/9	contiguous	21243	1	1	82372..82902+;176;unnamed;0
NZ_CP069050.1	MPF_T	IncI2(Delta)	90	0	0	GA	1	42;30843;31325;-;81.1		56;46902;47186;-;36.5	55;44539;46896;-;59.8	55;44539;46896;-;45.0	66;52748;53395;-;41.6	67;53401;54387;-;120.4		54;43641;44375;-;144.3	53;42874;43644;-;170.6	52;41745;42884;-;153.9	45;33094;34632;-;207.1	50;38697;40655;-;287.0		pfam	pfam_only	A	7/7	rearranged	1	0	unscoreable	14	0	0														not_admitted	not_admitted	not_admitted	not_admitted	not_admitted	not_admitted	not_admitted
NZ_CP069135.1	MPF_T	IncX4	54	0	0	GA	1	36;28412;29032;-;46.9	35;28072;28398;-;64.4	34;25306;28053;-;62.7	34;25306;28053;-;151.8	34;25306;28053;-;46.1	33;24578;25294;-;97.3	32;23488;24567;-;157.5		30;22287;22973;-;167.4	29;21382;22290;-;142.3	28;20271;21389;-;162.9	27;19241;20269;-;85.0	26;17392;19209;-;316.5		pfam	pfam_only	A	7/7	canonical	1	1	unscoreable	1	0	0														not_admitted	not_admitted	not_admitted	not_admitted	not_admitted	not_admitted	not_admitted
NZ_CP069136.1	MPF_T	IncX4	54	0	0	GA	1	36;28412;29032;-;46.9	35;28072;28398;-;64.4	34;25306;28053;-;62.7	34;25306;28053;-;151.8	34;25306;28053;-;46.1	33;24578;25294;-;97.3	32;23488;24567;-;157.5		30;22287;22973;-;167.4	29;21382;22290;-;142.3	28;20271;21389;-;162.9	27;19241;20269;-;85.0	26;17392;19209;-;316.5		pfam	pfam_only	A	7/7	canonical	1	1	unscoreable	1	0	0														not_admitted	not_admitted	not_admitted	not_admitted	not_admitted	not_admitted	not_admitted
NZ_CP069180.2	MPF_T	rep33	73	0	0	GA	1				11;7737;9368;+;22.4									43;36759;38351;-;523.8		none	none	D	2/7	uncallable	0	0	unscoreable	0	0	0														not_admitted	not_admitted	not_admitted	not_admitted	not_admitted	not_admitted	not_admitted
NZ_CP069303.1	MPF_T	-	4369	0	0	GA	1	3137;3287431;3288198;-;90.5	3132;3281429;3281839;-;92.4	3131;3281148;3281429;-;30.6	3130;3278683;3281133;-;31.9	3130;3278683;3281133;-;128.3	3129;3277913;3278680;-;230.7	3127;3276249;3277601;-;195.7		3126;3275563;3276252;-;223.7	3125;3274583;3275566;-;213.2	3124;3273429;3274586;-;221.5	3892;4110367;4111836;+;212.2	3135;3283441;3285423;-;343.8		conjscan	conjscan_only	A	7/7	canonical	1	0	unscoreable	8	0	0														not_admitted	not_admitted	not_admitted	not_admitted	not_admitted	not_admitted	not_admitted
NZ_CP069305.1	-	-	116	0	0	GA	1	106;99214;99774;-;90.7	105;98844;99167;-;78.1	104;98552;98842;-;66.3	103;96144;98555;-;140.5	103;96144;98555;-;101.9	101;94260;94976;-;46.6	99;93056;94075;-;123.4		96;91490;92224;-;185.1	95;90708;91493;-;183.5	94;89293;90711;-;191.5	93;88298;89296;-;139.1	92;86187;88301;-;263.6		pfam	pfam_only	A	7/7	canonical	1	0	unscoreable	3	0	0														not_admitted	not_admitted	not_admitted	not_admitted	not_admitted	not_admitted	not_admitted
NZ_CP069321.1	MPF_F	-	159	0	0	GA	0															not_admitted	not_admitted	not_admitted	not_admitted	not_admitted	not_admitted	not_admitted	not_admitted	not_admitted	not_admitted	1	59;40559;41557;+;363.4	68;47776;49137;+;365.7	62;44009;44791;+;221.9	50;34117;36759;+;235.1	69;49137;52520;+;299.9	42;29959;31377;+;92.9	50;34117;36759;+;102.6	40;28630;29208;+;84.7	60;41566;42174;+;55.0	61;42171;44012;+;207.8	75;55407;57917;+;363.3	48;33408;33953;+;37.4	75;55407;57917;+;69.6	A	9/9	contiguous	26777	1	1	52523..53101+;192;unnamed;0
NZ_CP069355.1	-	-	1460	0	0	GA	1	14;11842;12456;+;75.7	15;12470;12811;+;62.0	16;12811;13101;+;73.7	17;13114;15528;+;127.5	17;13114;15528;+;106.4	10;9707;10438;-;41.5	20;16799;17839;+;122.6		21;17852;18571;+;176.0	22;18568;19404;+;193.0	23;19411;20646;+;207.7	24;20612;21682;+;112.9	25;21679;23961;+;275.5		pfam	pfam_only	A	7/7	canonical	1	0	unscoreable	5	0	0														not_admitted	not_admitted	not_admitted	not_admitted	not_admitted	not_admitted	not_admitted
NZ_CP069357.1	-	-	844	0	0	GA	1		784;671088;671441;+;31.4	785;671591;671905;+;24.4	786;671942;674392;+;42.6					791;677653;678471;+;87.8	792;678511;680163;+;70.2	793;680175;681947;+;110.3	17;20811;22337;+;191.6	797;683894;686254;+;164.3		none	none	B	6/7	uncallable	0	0	unscoreable	6	0	0														not_admitted	not_admitted	not_admitted	not_admitted	not_admitted	not_admitted	not_admitted
NZ_CP069371.1	-	-	132	0	0	GA	1	17;15225;16334;-;72.2	21;19256;19570;-;87.2	20;18914;19189;-;62.7	19;16546;18924;-;102.3	19;16546;18924;-;34.6	16;14438;15235;-;66.2	14;12912;13931;-;99.2		13;12220;12879;-;152.4	12;11474;12223;-;134.8	11;10150;11472;-;178.6	10;9176;10150;-;110.6	128;114173;116050;+;276.6		pfam	both	A	7/7	canonical	1	0	unscoreable	2	0	0														not_admitted	not_admitted	not_admitted	not_admitted	not_admitted	not_admitted	not_admitted
NZ_CP069382.1	MPF_F	IncHI2;IncHI2A	283	0	0	GA	0															not_admitted	not_admitted	not_admitted	not_admitted	not_admitted	not_admitted	not_admitted	not_admitted	not_admitted	not_admitted	1	27;31707;32765;+;276.9	200;184580;185995;-;194.1	201;185985;187031;-;174.3	11;8955;11636;+;168.0	199;180618;184571;-;101.6	7;5270;6625;+;80.7	11;8955;11636;+;72.2	4;2758;3546;+;74.8	25;30054;31565;+;62.0	28;32784;35972;+;57.3	208;194073;196157;+;56.8	10;7996;8946;+;46.1	208;194073;196157;+;38.8	A	9/9	split_3	191315	1	1	179148..180437-;429;unnamed;0
NZ_CP069403.1	-	-	51	0	0	GA	0															not_admitted	not_admitted	not_admitted	not_admitted	not_admitted	not_admitted	not_admitted	not_admitted	not_admitted	not_admitted	1				34;38118;40661;+;28.3							24;26458;29523;+;21.4		24;26458;29523;+;26.1	D	1/9	contiguous	11660	0	0	
NZ_CP069439.1	MPF_F	Col156;IncFIB(AP001918);IncFII	197	0	0	GA	0															not_admitted	not_admitted	not_admitted	not_admitted	not_admitted	not_admitted	not_admitted	not_admitted	not_admitted	not_admitted	1	131;115032;116024;-;369.5	116;106191;107564;-;381.7	123;109769;110512;-;234.4	134;117033;119663;-;297.8	115;103375;106194;-;373.5	141;122931;124382;-;93.8	134;117033;119663;-;99.0	143;125211;125663;-;141.9	128;113451;114089;-;70.8	125;110789;112639;-;270.8	111;98799;101105;-;391.6	138;121556;122071;-;82.8	111;98799;101105;-;70.2	A	9/9	contiguous	26412	1	1	102859..103350-;163;TraS;0
NZ_CP069446.1	MPF_T	IncX1;IncX3	47	0	0	GA	1	14;13891;14538;-;45.2	13;13617;13913;-;77.5	12;10845;13598;-;46.6	12;10845;13598;-;148.0	12;10845;13598;-;72.9	11;10076;10834;-;67.3	9;8649;9779;-;103.0		8;7691;8404;-;120.0	7;6757;7686;-;136.3	6;5555;6760;-;132.5	5;4522;5553;-;76.5	4;2684;4519;-;489.3		pfam	pfam_only	A	7/7	canonical	1	1	unscoreable	1	0	0														not_admitted	not_admitted	not_admitted	not_admitted	not_admitted	not_admitted	not_admitted
NZ_CP069448.1	MPF_F	Col156;IncFIB(AP001918);IncFII(29)	131	0	0	GA	0															not_admitted	not_admitted	not_admitted	not_admitted	not_admitted	not_admitted	not_admitted	not_admitted	not_admitted	not_admitted	1	71;67703;68695;-;369.5	59;60276;61649;-;381.7	66;63854;64597;-;233.1	74;69704;72334;-;304.0	58;57457;60279;-;388.5	81;75465;76892;-;93.9	74;69704;72334;-;99.3	83;77607;78173;-;183.1	69;66721;67359;-;68.6	68;64874;66724;-;271.9	54;53041;55185;-;391.3	78;73821;74336;-;73.9	54;53041;55185;-;70.4	A	9/9	contiguous	24566	1	1	56956..57435-;159;TraS;0
NZ_CP069454.1	MPF_F	Col156;IncFIB(AP001918);IncFII(29)	131	0	0	GA	0															not_admitted	not_admitted	not_admitted	not_admitted	not_admitted	not_admitted	not_admitted	not_admitted	not_admitted	not_admitted	1	24;17822;18814;+;369.5	36;24868;26241;+;381.7	29;21920;22663;+;233.1	21;14183;16813;+;304.0	37;26238;29060;+;388.5	14;9625;11052;+;93.9	21;14183;16813;+;99.3	12;8344;8910;+;183.1	26;19158;19796;+;68.6	27;19793;21643;+;271.9	41;31332;33476;+;391.3	17;12181;12696;+;73.9	41;31332;33476;+;70.4	A	9/9	contiguous	22988	1	1	29082..29561+;159;TraS;0
NZ_CP069456.1	MPF_F	IncFII(pRSB107)	82	0	0	GA	0															not_admitted	not_admitted	not_admitted	not_admitted	not_admitted	not_admitted	not_admitted	not_admitted	not_admitted	not_admitted	1	27;19573;20565;+;369.5	42;28547;29920;+;381.7	37;25874;26617;+;233.1	24;15934;18564;+;304.1	43;29917;32763;+;384.1	16;11241;12692;+;94.2	24;15934;18564;+;97.1	14;9960;10526;+;175.8	32;22297;22935;+;70.1	35;23747;25597;+;266.4	47;35005;37257;+;391.7	20;13796;14311;+;76.4	47;35005;37257;+;70.3	A	9/9	contiguous	25045	1	1	32760..33269+;169;unnamed;0
NZ_CP069499.1	MPF_F	IncFIB(AP001918);IncFII	137	0	0	GA	0															not_admitted	not_admitted	not_admitted	not_admitted	not_admitted	not_admitted	not_admitted	not_admitted	not_admitted	not_admitted	1	18;20721;21713;-;369.5	6;13295;14668;-;381.7	13;16872;17615;-;233.1	21;22722;25352;-;304.1	5;10476;13298;-;373.4	30;28844;30295;-;93.8	21;22722;25352;-;98.9	32;31010;31576;-;182.3	16;19739;20377;-;68.6	15;17892;19742;-;272.5	1;5997;8204;-;391.7	26;26971;27483;-;80.9	1;5997;8204;-;70.4	A	9/9	contiguous	25013	1	1	9958..10455-;165;TraS;0
NZ_CP069502.1	MPF_F	IncFII(pHN7A8)	87	0	0	GA	0															not_admitted	not_admitted	not_admitted	not_admitted	not_admitted	not_admitted	not_admitted	not_admitted	not_admitted	not_admitted	1	10;8672;9664;-;369.3	0;1576;2949;-;381.0	4;4170;4913;-;233.3	13;10673;13303;-;303.8		20;16324;17751;-;94.7	13;10673;13303;-;99.2	22;18466;19032;-;183.8	7;7037;7675;-;67.5	6;5190;7040;-;265.1	83;72196;74457;-;391.6	17;14925;15440;-;78.4	83;72196;74457;-;70.3	B	8/9	split_2	70620	0	1	
NZ_CP069519.1	MPF_F	IncA	169	0	0	GA	0															not_admitted	not_admitted	not_admitted	not_admitted	not_admitted	not_admitted	not_admitted	not_admitted	not_admitted	not_admitted	1	140;103895;104899;+;330.1	34;27722;29155;+;334.1	33;26680;27720;+;224.0	135;98690;101137;+;352.8	35;29168;32773;+;377.7	130;89863;91179;+;136.3	135;98690;101137;+;130.4	128;88339;88965;+;94.3	138;101959;103227;+;69.7	141;105050;107788;+;138.7	119;82684;84549;+;46.9	131;91176;91754;+;98.1	119;82684;84549;+;51.6	A	9/9	split_2	78370	0	1	
NZ_CP069523.1	MPF_F	IncFII	77	0	0	GA	0															not_admitted	not_admitted	not_admitted	not_admitted	not_admitted	not_admitted	not_admitted	not_admitted	not_admitted	not_admitted	1	67;59544;60536;+;369.5	0;86;643;+;78.6	72;63642;64385;+;234.4	64;55905;58535;+;299.7	1;640;3465;+;373.4	57;51454;52905;+;93.8	64;55905;58535;+;99.9	55;50173;50739;+;175.1	69;60880;61518;+;68.6	70;61515;63365;+;267.6	5;5707;7923;+;391.7	60;53765;54280;+;82.8	5;5707;7923;+;70.3	A	9/9	split_2	63556	1	1	3462..3971+;169;unnamed;0
NZ_CP069531.1	MPF_F	-	87	0	0	GA	0															not_admitted	not_admitted	not_admitted	not_admitted	not_admitted	not_admitted	not_admitted	not_admitted	not_admitted	not_admitted	1	63;45885;46877;+;369.5	74;52654;54027;+;386.6	68;49983;50726;+;234.4	59;42240;44375;+;308.0	75;54024;55838;+;373.6	2;896;2323;-;93.9	59;42240;44375;+;69.4	48;35861;36427;+;179.9	65;47221;47859;+;70.7	66;47856;49706;+;266.4	82;59335;61401;+;381.0	54;39697;40212;+;79.4	82;59335;61401;+;66.6	A	9/9	split_2	58439	1	1	55789..56031+;80;unnamed;0
NZ_CP069543.1	MPF_F	IncFII(pCoo)	60	0	0	GA	0															not_admitted	not_admitted	not_admitted	not_admitted	not_admitted	not_admitted	not_admitted	not_admitted	not_admitted	not_admitted	1	14;10970;11770;+;317.8	27;18175;19548;+;388.1	21;15504;16247;+;234.1	13;10279;10944;+;131.6	28;19545;22370;+;384.7				16;12114;12752;+;68.6	19;13464;15227;+;267.3	32;24612;29777;+;184.8			C	7/9	contiguous	14333	1	1	22367..22876+;169;unnamed;0
NZ_CP069551.1	MPF_F	-	25	0	0	GA	0															not_admitted	not_admitted	not_admitted	not_admitted	not_admitted	not_admitted	not_admitted	not_admitted	not_admitted	not_admitted	1	19;11460;12452;+;369.5			14;8377;9135;+;167.7		6;3093;4544;+;93.8	15;9110;10036;+;79.3	4;1812;2264;+;141.9	22;13396;14034;+;70.0			9;5404;5919;+;82.8		D	5/9	contiguous	11584	0	0	
NZ_CP069561.1	MPF_F	Col156;IncFIB(AP001918);IncFII	169	0	0	GA	0															not_admitted	not_admitted	not_admitted	not_admitted	not_admitted	not_admitted	not_admitted	not_admitted	not_admitted	not_admitted	1	131;116461;117453;-;369.5	116;107620;108993;-;381.7	123;111198;111941;-;234.4	134;118462;121092;-;297.8	115;104804;107623;-;373.5	141;124360;125811;-;93.8	134;118462;121092;-;99.0	143;126640;127092;-;141.9	128;114880;115518;-;70.8	125;112218;114068;-;270.8	111;100192;102534;-;391.5	138;122985;123500;-;82.8	111;100192;102534;-;70.2	A	9/9	contiguous	26448	1	1	104288..104779-;163;TraS;0
NZ_CP069572.1	MPF_F	IncFIB(AP001918);IncFIC(FII)	156	0	0	GA	0															not_admitted	not_admitted	not_admitted	not_admitted	not_admitted	not_admitted	not_admitted	not_admitted	not_admitted	not_admitted	1	60;53453;54445;-;369.3	49;46408;47781;-;378.0	56;49981;50724;-;234.1	63;55454;58081;-;305.4	48;43589;46411;-;389.5	69;60136;61563;-;94.7	63;55454;58081;-;98.5	71;62278;62844;-;183.8	59;52806;53444;-;68.4	58;51001;52809;-;268.4	45;39907;42060;-;391.9	65;58597;59112;-;78.4	45;39907;42060;-;70.4	A	9/9	contiguous	22371	1	1	43076..43567-;163;TraS;0
NZ_CP069584.1	MPF_F	Col156;IncFIA;IncFIB(AP001918);IncFII	227	0	0	GA	0															not_admitted	not_admitted	not_admitted	not_admitted	not_admitted	not_admitted	not_admitted	not_admitted	not_admitted	not_admitted	1	30;21777;22769;+;367.4	41;28455;29828;+;380.9	34;25498;26241;+;235.0	27;18141;20768;+;305.4	42;29825;32650;+;385.9	21;14659;16086;+;94.3	27;18141;20768;+;98.5	19;13378;13944;+;183.8	31;22778;23416;+;68.6	32;23413;25221;+;268.3	45;34153;36342;+;391.3	25;17110;17625;+;78.4	45;34153;36342;+;70.4	A	9/9	contiguous	20775	1	1	32647..33156+;169;unnamed;0
NZ_CP069590.1	MPF_F	IncFIA;IncFII	145	0	0	GA	0															not_admitted	not_admitted	not_admitted	not_admitted	not_admitted	not_admitted	not_admitted	not_admitted	not_admitted	not_admitted	1	110;100119;101111;+;369.5	121;106846;107682;+;286.6	115;104175;104918;+;234.4	107;96483;99110;+;300.9	20;22839;25658;-;385.4	101;92903;94330;+;93.9	107;96483;99110;+;101.1	99;91622;92188;+;182.7	112;101455;102093;+;70.7	113;102090;103898;+;267.1	17;19118;21307;-;391.8	105;95452;95967;+;76.0	17;19118;21307;-;70.3	A	9/9	split_2	87728	1	1	22323..22814-;163;TraS;0
NZ_CP069648.1	MPF_F	IncFII(pCoo)	79	0	0	GA	0															not_admitted	not_admitted	not_admitted	not_admitted	not_admitted	not_admitted	not_admitted	not_admitted	not_admitted	not_admitted	1	54;43039;44031;+;369.3	66;50372;51745;+;381.0	61;48039;48782;+;234.4	51;39403;42030;+;305.4	67;51742;54567;+;389.2	45;35921;37348;+;94.3	51;39403;42030;+;98.5	43;34640;35206;+;183.8	58;45319;45957;+;68.6	59;45954;47762;+;268.0	70;56071;58314;+;391.7	49;38372;38887;+;76.1	70;56071;58314;+;70.3	A	9/9	contiguous	21431	1	1	54564..55073+;169;unnamed;0
NZ_CP069649.1	MPF_T	IncN	60	0	0	GA	1	26;17300;18034;+;32.5	28;18334;18627;+;28.7	29;18677;18994;+;63.3	30;18994;21594;+;111.8	30;18994;21594;+;76.8	31;21612;22325;+;97.1	33;22576;23616;+;153.6		34;23835;24533;+;131.9	35;24544;25428;+;159.0	36;25428;26588;+;154.9	37;26630;27625;+;81.2	41;32194;33723;-;38.5		pfam	both	A	7/7	canonical	1	0	unscoreable	5	0	0														not_admitted	not_admitted	not_admitted	not_admitted	not_admitted	not_admitted	not_admitted
NZ_CP069650.1	MPF_T	IncX4	42	0	0	GA	1	24;22525;23097;-;42.2	23;22138;22464;-;64.4	22;19372;22119;-;63.8	22;19372;22119;-;151.8	22;19372;22119;-;46.1	21;18644;19360;-;94.2	20;17538;18632;-;150.1		18;16337;17023;-;169.0	17;15432;16340;-;142.4	16;14321;15439;-;163.9	15;13291;14319;-;83.8	14;11442;13259;-;314.8		pfam	pfam_only	A	7/7	canonical	1	1	unscoreable	1	0	0														not_admitted	not_admitted	not_admitted	not_admitted	not_admitted	not_admitted	not_admitted
NZ_CP069658.1	MPF_F	IncFIB(AP001918);IncFII	189	0	0	GA	0															not_admitted	not_admitted	not_admitted	not_admitted	not_admitted	not_admitted	not_admitted	not_admitted	not_admitted	not_admitted	1	126;113233;114225;-;369.3	115;105810;107186;-;381.0	120;108773;109516;-;235.0	129;115234;117252;-;161.0	114;102991;105813;-;389.2	143;125260;126687;-;94.3	129;115234;117252;-;100.0	147;128468;129034;-;183.8	123;111598;112236;-;68.6	122;109793;111601;-;268.0	111;99286;101457;-;391.6	139;123624;124139;-;78.4	111;99286;101457;-;70.4	A	9/9	contiguous	29182	1	1	102473..102970-;165;TraS;0
NZ_CP069660.1	MPF_F	IncFII(pCoo)	75	0	0	GA	0															not_admitted	not_admitted	not_admitted	not_admitted	not_admitted	not_admitted	not_admitted	not_admitted	not_admitted	not_admitted	1	47;37261;37590;+;108.4	62;44124;44999;+;172.8	56;41301;42044;+;232.7	44;32967;35594;+;305.0	63;44996;47839;+;373.9	39;29382;30833;+;94.0	44;32967;35594;+;98.8	37;28101;28667;+;181.4	51;38901;39164;+;42.4	54;40176;41021;+;265.0	66;49373;51598;+;391.7	43;31937;32452;+;77.0	66;49373;51598;+;70.3	A	9/9	contiguous	21272	1	1	47861..48340+;159;TraS;0
NZ_CP069661.1	MPF_T	IncX4	41	0	0	GA	1	34;25866;26438;+;42.2	35;26499;26825;+;64.4	36;26844;29591;+;63.8	36;26844;29591;+;151.8	36;26844;29591;+;46.1	37;29603;30319;+;94.2	38;30331;31425;+;150.1		40;31940;32626;+;169.0		0;221;1339;+;163.9	1;1341;2369;+;83.8	2;2401;4218;+;314.8		pfam	pfam_only	B	6/7	canonical	1	1	unscoreable	1	0	0														not_admitted	not_admitted	not_admitted	not_admitted	not_admitted	not_admitted	not_admitted
NZ_CP069668.1	MPF_F	IncFII(pCoo)	86	0	0	GA	0															not_admitted	not_admitted	not_admitted	not_admitted	not_admitted	not_admitted	not_admitted	not_admitted	not_admitted	not_admitted	1	61;50004;50996;+;369.3	73;57334;58710;+;381.0	68;55004;55747;+;234.4	58;46368;48995;+;305.4	74;58707;61532;+;374.0	51;42886;44313;+;94.3	58;46368;48995;+;98.5	49;41605;42171;+;183.8	65;52284;52922;+;68.6	66;52919;54727;+;268.0	77;63036;65252;+;391.7	55;45337;45852;+;76.6	77;63036;65252;+;70.3	A	9/9	contiguous	21431	1	1	61529..62038+;169;unnamed;0
NZ_CP069669.1	MPF_T	IncX4	41	0	0	GA	1	34;25866;26438;+;42.2	35;26499;26825;+;64.4	36;26844;29591;+;63.8	36;26844;29591;+;151.8	36;26844;29591;+;46.1	37;29603;30319;+;94.2	38;30331;31425;+;150.1		40;31940;32626;+;169.0		0;221;1339;+;163.9	1;1341;2369;+;83.8	2;2401;4218;+;314.8		pfam	pfam_only	B	6/7	canonical	1	1	unscoreable	1	0	0														not_admitted	not_admitted	not_admitted	not_admitted	not_admitted	not_admitted	not_admitted
NZ_CP069678.1	MPF_F	IncFIB(AP001918);IncFIC(FII)	149	0	0	GA	0															not_admitted	not_admitted	not_admitted	not_admitted	not_admitted	not_admitted	not_admitted	not_admitted	not_admitted	not_admitted	1	100;104883;105875;-;369.3	89;97824;99197;-;378.0	96;101411;102154;-;232.9	103;106884;109511;-;305.4	88;95005;97827;-;389.5	109;111566;112993;-;94.3	103;106884;109511;-;98.5	111;113708;114274;-;183.8	99;104236;104874;-;68.6	98;102431;104239;-;268.4	85;91323;93476;-;391.9	105;110027;110542;-;78.4	85;91323;93476;-;70.4	A	9/9	contiguous	22385	1	1	94492..94983-;163;TraS;0
NZ_CP069680.1	MPF_T	IncX4	42	0	0	GA	1	2;3432;4004;-;42.2	1;3045;3371;-;64.4	0;279;3026;-;63.8	0;279;3026;-;151.8	0;279;3026;-;46.1		40;31750;32844;-;150.1		38;30549;31235;-;169.0	37;29644;30552;-;142.4	36;28533;29651;-;163.9	35;27503;28531;-;83.8	34;25654;27471;-;314.8		none	none	A	7/7	rearranged	0	1	unscoreable	1	0	0														not_admitted	not_admitted	not_admitted	not_admitted	not_admitted	not_admitted	not_admitted
NZ_CP069683.1	MPF_F	IncHI2;IncHI2A;IncQ1	307	0	0	GA	0															not_admitted	not_admitted	not_admitted	not_admitted	not_admitted	not_admitted	not_admitted	not_admitted	not_admitted	not_admitted	1	27;31697;32755;+;276.9	219;208139;209554;-;194.1	220;209544;210590;-;174.3	11;8955;11636;+;168.0	218;204177;208130;-;101.6	7;5270;6625;+;80.7	11;8955;11636;+;72.1	4;2758;3546;+;74.8	25;30044;31555;+;62.0	28;32774;35962;+;57.3	227;217632;219716;+;56.8	10;7996;8946;+;46.1	227;217632;219716;+;38.8	A	9/9	split_3	214874	1	1	202707..203996-;429;unnamed;0
NZ_CP069685.1	MPF_T	IncX4	42	0	0	GA	1	17;17232;17804;-;42.2	16;16845;17171;-;64.4	15;14079;16826;-;63.8	15;14079;16826;-;151.8	15;14079;16826;-;46.1	14;13351;14067;-;94.2	13;12245;13339;-;150.1		11;11044;11730;-;169.0	10;10139;11047;-;142.4	9;9028;10146;-;163.9	8;7998;9026;-;83.8	7;6149;7966;-;314.8		pfam	pfam_only	A	7/7	canonical	1	1	unscoreable	1	0	0														not_admitted	not_admitted	not_admitted	not_admitted	not_admitted	not_admitted	not_admitted
NZ_CP069694.1	MPF_T	IncX1;IncX3	72	0	0	GA	1	58;49469;50116;-;45.6	57;49195;49491;-;76.6	56;46423;49176;-;46.6	56;46423;49176;-;147.9	56;46423;49176;-;75.3	55;45654;46412;-;67.5	53;44283;45416;-;109.2		52;43325;44038;-;118.2	51;42391;43320;-;133.7	50;41189;42394;-;132.5	49;40156;41187;-;76.3	48;38318;40153;-;486.3		pfam	pfam_only	A	7/7	canonical	1	1	unscoreable	1	0	0														not_admitted	not_admitted	not_admitted	not_admitted	not_admitted	not_admitted	not_admitted
NZ_CP069695.1	MPF_T	IncX4	40	0	0	GA	1	2;3562;4134;-;42.2	1;3175;3501;-;64.4	0;409;3156;-;63.8	0;409;3156;-;151.8	0;409;3156;-;46.1		38;31863;32957;-;150.1		36;30662;31348;-;169.0	35;29757;30665;-;142.4	34;28646;29764;-;163.9	33;27616;28644;-;83.8	32;25767;27584;-;314.8		none	none	A	7/7	rearranged	0	1	unscoreable	1	0	0														not_admitted	not_admitted	not_admitted	not_admitted	not_admitted	not_admitted	not_admitted
NZ_CP069713.1	MPF_F	IncFIA(pBK30683);IncFIB(AP001918);IncFII	206	0	0	GA	0															not_admitted	not_admitted	not_admitted	not_admitted	not_admitted	not_admitted	not_admitted	not_admitted	not_admitted	not_admitted	1	124;110915;111907;-;369.5	114;103763;105136;-;381.7	119;107066;107809;-;234.4	127;112916;115546;-;304.1	113;100944;103766;-;374.0	135;118957;120408;-;94.2	127;112916;115546;-;97.1	137;121123;121689;-;174.3	122;109933;110571;-;68.6	121;108086;109936;-;266.1	106;93785;95965;-;391.2	132;117582;118097;-;78.4	106;93785;95965;-;70.3	A	9/9	contiguous	27338	1	1	100443..100922-;159;TraS;0
NZ_CP069715.1	MPF_T	-	46	0	0	GA	1		18;13709;14092;+;68.3	19;14095;14421;+;50.2	20;14418;16961;+;99.2	20;14418;16961;+;108.9	25;20428;21198;+;107.5	27;21338;22933;+;120.2		21;16958;17665;+;88.1	22;17681;18571;+;156.2	24;19021;20415;+;218.2	17;12639;13595;+;133.6	42;36143;38086;-;443.4		conjscan	conjscan_only	A	7/7	canonical	1	0	unscoreable	3	0	0														not_admitted	not_admitted	not_admitted	not_admitted	not_admitted	not_admitted	not_admitted
NZ_CP069716.1	MPF_T	IncX4	40	0	0	GA	1	2;636;1256;+;41.6	3;1270;1596;+;64.4	4;1615;4362;+;63.8	4;1615;4362;+;151.8	4;1615;4362;+;46.1	5;4374;5090;+;94.2	6;5102;6196;+;150.1		8;6711;7397;+;169.0	9;7394;8302;+;142.4	10;8295;9413;+;163.9	11;9415;10443;+;85.0	12;10475;12292;+;314.8		pfam	pfam_only	A	7/7	canonical	1	1	unscoreable	1	0	0														not_admitted	not_admitted	not_admitted	not_admitted	not_admitted	not_admitted	not_admitted
NZ_CP069802.1	MPF_F	IncHI2;IncHI2A	326	0	0	GA	0															not_admitted	not_admitted	not_admitted	not_admitted	not_admitted	not_admitted	not_admitted	not_admitted	not_admitted	not_admitted	1	31;33340;34398;+;276.9	228;208230;209645;-;194.1	229;209635;210681;-;173.2	11;8955;11636;+;168.0	227;204271;208221;-;101.6	7;5270;6625;+;80.7	11;8955;11636;+;72.2	4;2758;3546;+;74.8	27;30621;31652;+;57.3	32;34417;37605;+;58.3	235;217722;219806;+;56.7	10;7996;8946;+;46.4	235;217722;219806;+;38.8	A	9/9	split_3	214964	0	1	
NZ_CP069816.1	MPF_F	IncFIA(HI1);IncFII(pKP91)	194	0	0	GA	0															not_admitted	not_admitted	not_admitted	not_admitted	not_admitted	not_admitted	not_admitted	not_admitted	not_admitted	not_admitted	1	76;56451;57440;+;366.1	86;63287;64657;+;380.8	82;61339;62091;+;233.8	72;52358;54997;+;255.6	87;64657;67506;+;338.3	65;48215;49639;+;80.6	72;52358;54997;+;92.6	63;46928;47494;+;160.3	77;57453;58082;+;68.3	78;58082;60037;+;254.0	90;69159;71456;+;391.8	66;49702;50271;+;53.4	90;69159;71456;+;67.1	A	9/9	contiguous	22231	1	1	67512..68039+;175;unnamed;0
NZ_CP069822.1	MPF_F	IncFIB(K);IncFII(K)	205	0	0	GA	0															not_admitted	not_admitted	not_admitted	not_admitted	not_admitted	not_admitted	not_admitted	not_admitted	not_admitted	not_admitted	1	36;37549;38538;-;363.3	25;30363;31730;-;383.5	29;32988;33740;-;233.7	40;39995;42634;-;259.0	24;27541;30363;-;346.5	51;46602;48026;-;88.0	40;39995;42634;-;88.7	53;48753;49319;-;167.9	34;36626;37273;-;66.9	33;34612;36567;-;259.7	20;22611;24923;-;392.8	48;45406;45990;-;53.8	20;22611;24923;-;65.9	A	9/9	contiguous	26142	1	1	26916..27518-;200;TraS;0
NZ_CP069841.1	MPF_F	-	104	0	0	GA	0															not_admitted	not_admitted	not_admitted	not_admitted	not_admitted	not_admitted	not_admitted	not_admitted	not_admitted	not_admitted	1	52;39841;40896;-;367.7	47;34435;35862;-;325.8	49;36260;37072;-;219.1	56;42458;45184;-;164.6	46;31417;34419;-;208.7	60;46866;48182;-;102.7	56;42458;45184;-;108.4	62;48895;49473;-;84.2	51;39119;39826;-;107.6	50;37065;39122;-;92.2	84;63258;65417;-;381.3	57;45194;45838;-;41.9	84;63258;65417;-;90.0	A	9/9	contiguous	31841	1	1	30827..31345-;172;unnamed;0
NZ_CP069860.1	MPF_T	-	24	0	0	GA	1	13;11960;12694;-;32.5	11;11367;11660;-;28.7	10;11000;11317;-;63.3	9;8400;11000;-;111.8	9;8400;11000;-;76.8	8;7669;8382;-;97.1	6;6378;7418;-;153.6		5;5461;6159;-;131.9	4;4566;5450;-;159.0	3;3406;4566;-;154.9	2;2369;3364;-;81.2			pfam	both	B	6/7	canonical	1	0	unscoreable	2	0	0														not_admitted	not_admitted	not_admitted	not_admitted	not_admitted	not_admitted	not_admitted
NZ_CP069862.1	MPF_F	IncFIA(pBK30683);IncFII(pKP91)	153	0	0	GA	0															not_admitted	not_admitted	not_admitted	not_admitted	not_admitted	not_admitted	not_admitted	not_admitted	not_admitted	not_admitted	1	48;33759;34751;+;362.9	62;42094;43461;+;382.8	57;39640;40392;+;235.3	45;30094;32733;+;259.1	63;43461;46304;+;345.8	35;24868;26292;+;88.4	45;30094;32733;+;83.9	33;23575;24141;+;168.4	49;34764;35402;+;66.0	53;37231;38751;+;257.1	67;48891;51200;+;393.1	37;26904;27473;+;53.7	67;48891;51200;+;66.6	A	9/9	contiguous	25316	1	1	46315..46839+;174;unnamed;0
NZ_CP069864.1	MPF_F	IncFIB(AP001918);IncFII(29)	133	0	0	GA	0															not_admitted	not_admitted	not_admitted	not_admitted	not_admitted	not_admitted	not_admitted	not_admitted	not_admitted	not_admitted	1	31;30423;31415;-;369.5	19;22996;24369;-;381.7	26;26574;27317;-;233.1	34;32424;35054;-;304.0	18;20177;22999;-;388.5	41;38185;39612;-;93.9	34;32424;35054;-;99.3	43;40327;40893;-;183.1	29;29441;30079;-;68.6	28;27594;29444;-;271.9	14;15725;17905;-;391.2	38;36541;37056;-;73.9	14;15725;17905;-;70.3	A	9/9	contiguous	24602	1	1	19676..20155-;159;TraS;0
NZ_CP069866.1	MPF_T	IncN	71	0	0	GA	1	21;18512;19246;-;32.5		18;17552;17869;-;63.3	17;14952;17552;-;113.8	17;14952;17552;-;76.4	16;14221;14934;-;105.5	14;12930;13970;-;142.4		13;12013;12711;-;131.9	12;11118;12002;-;159.7	11;9958;11118;-;156.3	10;8921;9916;-;81.2	61;45284;46813;+;38.5		pfam	both	A	7/7	canonical	1	0	unscoreable	3	0	0														not_admitted	not_admitted	not_admitted	not_admitted	not_admitted	not_admitted	not_admitted
NZ_CP069883.1	MPF_F	IncFIA;IncFIB(AP001918);IncFII(pRSB107)	152	0	0	GA	0															not_admitted	not_admitted	not_admitted	not_admitted	not_admitted	not_admitted	not_admitted	not_admitted	not_admitted	not_admitted	1	59;50804;51796;+;369.5	72;59555;60928;+;386.6	64;54902;55645;+;231.4	56;47168;49795;+;303.9	73;60925;63744;+;386.3	50;43832;45283;+;94.1	56;47168;49795;+;96.5	48;42551;43117;+;184.3	61;52140;52778;+;68.7	62;52775;54625;+;266.7	77;66002;68164;+;391.8	53;46137;46652;+;75.2	77;66002;68164;+;70.3	A	9/9	contiguous	23451	1	1	63769..64260+;163;TraS;0
NZ_CP069891.1	MPF_F	Col156;IncFIB(AP001918);IncFII(29)	131	0	0	GA	0															not_admitted	not_admitted	not_admitted	not_admitted	not_admitted	not_admitted	not_admitted	not_admitted	not_admitted	not_admitted	1	79;64780;65772;+;369.5	91;71826;73199;+;381.7	84;68878;69621;+;233.1	76;61141;63771;+;304.0	92;73196;76018;+;373.4	69;56583;58010;+;93.9	76;61141;63771;+;99.3	67;55302;55868;+;180.9	81;66116;66754;+;68.6	82;66751;68601;+;271.9	96;78290;80434;+;391.3	72;59139;59654;+;73.9	96;78290;80434;+;70.4	A	9/9	contiguous	22988	1	1	76040..76519+;159;TraS;0
NZ_CP069894.1	MPF_F	IncFIB(AP001918);IncFIC(FII)	157	0	0	GA	0															not_admitted	not_admitted	not_admitted	not_admitted	not_admitted	not_admitted	not_admitted	not_admitted	not_admitted	not_admitted	1	66;58935;59927;+;367.3	79;68243;69616;+;376.2	70;62656;63399;+;234.1	63;55299;57926;+;305.4	80;69613;72438;+;387.0	56;51817;53244;+;94.4	63;55299;57926;+;99.1	54;50536;51102;+;183.8	67;59936;60574;+;67.3	68;60571;62379;+;268.3	83;73942;76095;+;391.5	60;54268;54783;+;77.3	83;73942;76095;+;70.3	A	9/9	contiguous	23406	1	1	72435..72908+;157;unnamed;0
NZ_CP069902.1	MPF_F	IncFII(Yp)	72	0	0	GA	0															not_admitted	not_admitted	not_admitted	not_admitted	not_admitted	not_admitted	not_admitted	not_admitted	not_admitted	not_admitted	1				2;1437;4076;-;259.1		12;7878;9302;-;88.4	2;1437;4076;-;83.9	14;10029;10595;-;168.4				10;6697;7266;-;53.7		D	3/9	contiguous	8592	0	0	
NZ_CP069904.1	MPF_F	RepB	384	0	0	GA	0															not_admitted	not_admitted	not_admitted	not_admitted	not_admitted	not_admitted	not_admitted	not_admitted	not_admitted	not_admitted	1	190;167235;168269;+;282.2	333;308956;310365;-;190.4	334;310355;311392;-;175.6	176;151937;154654;+;149.0	332;304986;308954;-;121.3	172;148454;149824;+;65.6	176;151937;154654;+;85.1	169;145948;146808;+;79.0	187;164128;165474;+;70.1	191;168279;170237;+;29.7	345;321664;322848;+;43.0	175;151155;151892;+;56.9	345;321664;322848;+;42.9	A	9/9	split_2	175716	0	1	
NZ_CP069912.1	MPF_F	IncFIB(K);IncFII(K)	178	0	0	GA	0															not_admitted	not_admitted	not_admitted	not_admitted	not_admitted	not_admitted	not_admitted	not_admitted	not_admitted	not_admitted	1	78;61513;62502;+;366.6	88;68049;69416;+;384.0	84;66039;66791;+;233.7	74;57431;60070;+;258.5	89;69416;72265;+;346.4	68;52606;54030;+;89.3	74;57431;60070;+;88.7	66;51313;51879;+;169.3	79;62515;63153;+;67.0	80;63212;65167;+;259.7	93;74727;77039;+;393.1	69;54104;54688;+;54.4	93;74727;77039;+;66.6	A	9/9	contiguous	23414	1	1	72268..72801+;177;unnamed;0
NZ_CP069928.1	MPF_F	IncFII	52	0	0	GA	0															not_admitted	not_admitted	not_admitted	not_admitted	not_admitted	not_admitted	not_admitted	not_admitted	not_admitted	not_admitted	1	22;15604;16596;+;366.4	33;22331;23704;+;382.9	27;19660;20403;+;234.4	19;11968;14595;+;300.9	34;23701;26520;+;385.4	13;8388;9815;+;93.9	19;11968;14595;+;101.1	11;7107;7673;+;182.7	24;16940;17578;+;70.7	25;17575;19383;+;267.1	37;28052;30250;+;380.8	17;10937;11452;+;76.0	37;28052;30250;+;66.5	A	9/9	contiguous	20945	1	1	26545..27036+;163;TraS;0
NZ_CP069936.1	MPF_F	IncFIB(AP001918);IncFII	136	0	0	GA	0															not_admitted	not_admitted	not_admitted	not_admitted	not_admitted	not_admitted	not_admitted	not_admitted	not_admitted	not_admitted	1	47;49214;50206;-;369.3	38;42779;44155;-;381.0	43;45742;46485;-;230.0	50;51215;53842;-;306.4	37;40209;42782;-;385.6	58;57210;58637;-;94.3	50;51215;53842;-;98.5	60;59352;59918;-;183.3	46;48567;49205;-;68.7	45;46762;48570;-;267.9	33;36236;38425;-;391.8	54;55671;56186;-;77.3	33;36236;38425;-;70.3	A	9/9	contiguous	23116	1	1	39958..40191-;77;unnamed;0
NZ_CP069944.1	MPF_T	IncFIB(K)(pCAV1099-114)	221	0	0	GA	1	156;157181;157651;+;88.4	91;105252;105584;+;91.7	92;105584;105865;+;34.2	93;105876;108368;+;24.6	93;105876;108368;+;131.2	94;108365;109141;+;238.3	96;109425;110780;+;196.1		97;110777;111466;+;231.4	98;111463;112863;+;212.8	99;112860;113996;+;221.9	147;148748;150268;+;181.4	87;100610;102598;+;340.6		conjscan	conjscan_only	A	7/7	canonical	1	0	unscoreable	16	0	0														not_admitted	not_admitted	not_admitted	not_admitted	not_admitted	not_admitted	not_admitted
NZ_CP069948.1	MPF_F	IncFII	100	0	0	GA	0															not_admitted	not_admitted	not_admitted	not_admitted	not_admitted	not_admitted	not_admitted	not_admitted	not_admitted	not_admitted	1	75;58862;59854;+;369.5	85;65633;67006;+;381.7	80;62960;63703;+;234.4	72;55223;57853;+;304.1	86;67003;69825;+;374.0	65;50773;52224;+;94.2	72;55223;57853;+;97.1	63;49492;50058;+;174.3	77;60198;60836;+;68.6	78;60833;62683;+;266.1	90;72097;74331;+;391.1	68;53084;53599;+;78.4	90;72097;74331;+;70.3	A	9/9	contiguous	22605	1	1	69847..70326+;159;TraS;0
NZ_CP069959.1	MPF_F	IncFIB(AP001918);IncFII;IncQ1	147	0	0	GA	0															not_admitted	not_admitted	not_admitted	not_admitted	not_admitted	not_admitted	not_admitted	not_admitted	not_admitted	not_admitted	1	111;104232;105224;-;367.4	100;97173;98546;-;380.9	107;100760;101503;-;235.0	114;106233;108860;-;305.4	99;94351;97176;-;385.9	121;110915;112342;-;94.3	114;106233;108860;-;98.5	123;113057;113623;-;183.8	110;103585;104223;-;68.6	109;101780;103588;-;268.3	96;90650;92848;-;391.3	117;109376;109891;-;78.4	96;90650;92848;-;70.4	A	9/9	contiguous	22407	1	1	93845..94354-;169;unnamed;0
NZ_CP069963.1	MPF_T	IncI2(Delta)	88	0	0	GA	1	22;17318;17800;-;81.1		37;33390;33674;-;36.6	36;31027;33384;-;58.5	36;31027;33384;-;44.9	49;39655;40302;-;41.6	50;40308;41294;-;122.2		34;30127;30861;-;144.3	33;29360;30130;-;170.5	32;28231;29370;-;154.7	25;19568;21106;-;207.1	30;25183;27141;-;289.6		pfam	pfam_only	A	7/7	rearranged	1	0	unscoreable	17	0	0														not_admitted	not_admitted	not_admitted	not_admitted	not_admitted	not_admitted	not_admitted
NZ_CP069964.1	MPF_F	IncFIB(K)	248	0	0	GA	0															not_admitted	not_admitted	not_admitted	not_admitted	not_admitted	not_admitted	not_admitted	not_admitted	not_admitted	not_admitted	1	23;24500;25492;-;360.1	12;17125;18492;-;382.8	17;20194;20946;-;235.3	26;26518;29157;-;259.1	11;14282;17125;-;345.8	36;32959;34383;-;88.4	26;26518;29157;-;83.9	38;35110;35676;-;168.4	22;23849;24487;-;66.0	21;21835;23790;-;255.2	7;9385;11694;-;393.1	34;31778;32347;-;53.7	7;9385;11694;-;66.6	A	9/9	contiguous	25725	1	1	13747..14271-;174;unnamed;0
NZ_CP069969.1	MPF_F	IncFIB(K);IncFII(K)	216	0	0	GA	0															not_admitted	not_admitted	not_admitted	not_admitted	not_admitted	not_admitted	not_admitted	not_admitted	not_admitted	not_admitted	1	95;98984;99976;-;366.6	84;92100;93143;-;254.9	89;94724;95476;-;232.2	98;101002;103641;-;259.3	83;89251;92100;-;346.5	108;107461;108885;-;88.4	98;101002;103641;-;88.8	110;109612;110178;-;167.0	94;98333;98971;-;67.0	93;96319;98274;-;250.5	79;85126;87435;-;392.7	106;106274;106831;-;52.7	79;85126;87435;-;66.6	A	9/9	contiguous	24486	1	1	88718..89248-;176;unnamed;0
NZ_CP069974.1	MPF_F	IncFIA;IncFIB(AP001918);IncFII(pAMA1167-NDM-5)	150	0	0	GA	0															not_admitted	not_admitted	not_admitted	not_admitted	not_admitted	not_admitted	not_admitted	not_admitted	not_admitted	not_admitted	1	90;77020;77238;-;32.3			92;77569;79896;-;304.3		98;81781;83232;-;94.1	92;77569;79896;-;96.5	100;83947;84513;-;184.3			92;77569;79896;-;22.4	95;80412;80927;-;75.2		D	4/9	contiguous	6927	0	0	
NZ_CP069979.1	MPF_F	IncFIB(AP001918);IncFII	114	0	0	GA	0															not_admitted	not_admitted	not_admitted	not_admitted	not_admitted	not_admitted	not_admitted	not_admitted	not_admitted	not_admitted	1	47;34240;35232;+;369.5	62;42700;44073;+;381.7	55;39752;40495;+;234.4	44;30601;33231;+;297.8	63;44070;46889;+;373.5	37;25882;27333;+;93.8	44;30601;33231;+;99.7	35;24601;25167;+;174.3	50;36175;36813;+;70.8	53;37625;39475;+;270.8	67;49159;51420;+;391.6	40;28193;28708;+;82.8	67;49159;51420;+;70.3	A	9/9	contiguous	24558	1	1	46914..47405+;163;TraS;0
NZ_CP069981.1	MPF_T	IncX4	48	0	0	GA	1	19;16837;17457;-;41.6		16;12393;15140;-;62.7	16;12393;15140;-;153.2	16;12393;15140;-;45.6	15;11665;12381;-;93.5	14;10559;11653;-;150.1		12;9358;10044;-;169.0	11;8453;9361;-;143.2	10;7351;8460;-;164.9	9;6321;7349;-;85.1	8;4472;6289;-;313.0		pfam	pfam_only	A	7/7	canonical	1	1	unscoreable	3	0	0														not_admitted	not_admitted	not_admitted	not_admitted	not_admitted	not_admitted	not_admitted
NZ_CP069991.1	MPF_F	Col156;IncFIB(AP001918);IncFII	152	0	0	GA	0															not_admitted	not_admitted	not_admitted	not_admitted	not_admitted	not_admitted	not_admitted	not_admitted	not_admitted	not_admitted	1	97;90376;91368;-;369.5	82;81535;82908;-;381.7	89;85113;85856;-;234.4	100;92377;95007;-;297.8	81;78719;81538;-;373.5	107;98275;99726;-;93.8	100;92377;95007;-;99.0	109;100441;101007;-;174.3	94;88795;89433;-;70.8	91;86133;87983;-;270.8	77;74170;76449;-;391.6	104;96900;97415;-;82.8	77;74170;76449;-;70.3	A	9/9	contiguous	26271	1	1	78203..78694-;163;TraS;0
NZ_CP069993.1	MPF_F	IncFIB(K)	192	0	0	GA	0															not_admitted	not_admitted	not_admitted	not_admitted	not_admitted	not_admitted	not_admitted	not_admitted	not_admitted	not_admitted	1	47;35313;36302;+;363.3	58;42121;43488;+;380.5	54;40111;40863;+;233.7	43;31217;33856;+;259.0	59;43488;46337;+;346.4	33;25826;27250;+;89.5	43;31217;33856;+;88.7	31;24533;25099;+;167.0	49;36578;37225;+;66.9	50;37284;39239;+;259.7	66;49863;52172;+;393.1	35;27862;28446;+;53.8	66;49863;52172;+;66.6	A	9/9	contiguous	25330	1	1	46340..46870+;176;unnamed;0
NZ_CP069998.1	MPF_F	IncFIB(AP001918);IncFII	132	0	0	GA	0															not_admitted	not_admitted	not_admitted	not_admitted	not_admitted	not_admitted	not_admitted	not_admitted	not_admitted	not_admitted	1	49;51594;52586;-;369.3	40;45159;46535;-;381.0	45;48122;48865;-;230.0	52;53595;56222;-;306.4	39;42655;45162;-;385.7	60;59590;61017;-;94.3	52;53595;56222;-;98.5	62;61732;62298;-;183.3	48;50947;51585;-;68.7	47;49142;50950;-;267.9	35;38617;40806;-;391.8	56;58051;58566;-;77.3	35;38617;40806;-;70.3	A	9/9	contiguous	23115	1	1	42339..42572-;77;unnamed;0
NZ_CP070008.1	MPF_F	IncFIA;IncFIB(AP001918);IncFII(pRSB107)	240	0	0	GA	0															not_admitted	not_admitted	not_admitted	not_admitted	not_admitted	not_admitted	not_admitted	not_admitted	not_admitted	not_admitted	1	83;77754;78746;-;369.5	70;68622;69995;-;386.6	78;73905;74648;-;231.4	86;79755;82382;-;303.9	69;65806;68625;-;386.3	92;84267;85718;-;94.1	86;79755;82382;-;96.5	94;86433;86999;-;184.3	81;76772;77410;-;68.7	80;74925;76775;-;266.7	65;61341;63548;-;391.8	89;82898;83413;-;75.2	65;61341;63548;-;70.3	A	9/9	contiguous	25092	1	1	65290..65781-;163;TraS;0
NZ_CP070011.1	MPF_F	IncFII(pRSB107)	79	0	0	GA	0															not_admitted	not_admitted	not_admitted	not_admitted	not_admitted	not_admitted	not_admitted	not_admitted	not_admitted	not_admitted	1	21;15325;16317;+;369.5	32;21992;23743;+;380.7	26;19423;20166;+;233.1	18;11686;14316;+;305.1	33;23740;26565;+;388.5	10;7096;8523;+;93.9	18;11686;14316;+;97.1	8;5815;6381;+;174.9	23;16661;17299;+;68.6	24;17296;19146;+;272.0	37;28807;31122;+;391.6	14;9547;10062;+;73.9	37;28807;31122;+;70.3	A	9/9	contiguous	22992	1	1	26562..27071+;169;unnamed;0
NZ_CP070012.1	MPF_T	IncX4	45	0	0	GA	1	44;32093;32515;-;43.7	41;30779;31105;-;64.1	40;28013;30760;-;62.7	40;28013;30760;-;154.4	40;28013;30760;-;46.1	39;27285;28001;-;96.9	38;26195;27274;-;157.5		36;24994;25680;-;169.5	35;24089;24997;-;142.6	34;22978;24096;-;163.9	33;21948;22976;-;85.0	32;20099;21916;-;317.0		pfam	pfam_only	A	7/7	canonical	1	1	unscoreable	3	0	0														not_admitted	not_admitted	not_admitted	not_admitted	not_admitted	not_admitted	not_admitted
NZ_CP070016.1	MPF_F	IncFIB(K);IncFII(pKP91)	274	0	0	GA	0															not_admitted	not_admitted	not_admitted	not_admitted	not_admitted	not_admitted	not_admitted	not_admitted	not_admitted	not_admitted	1	252;225167;226156;+;363.3	263;232005;233372;+;383.5	259;229995;230747;+;233.7	248;221071;223710;+;259.0	264;233372;236194;+;346.5	237;215679;217103;+;88.0	248;221071;223710;+;88.7	235;214386;214952;+;167.9	254;226432;227079;+;65.1	255;227138;229123;+;254.0	268;238810;241092;+;393.3	240;217715;218299;+;53.8	268;238810;241092;+;65.8	A	9/9	contiguous	24424	1	1	236217..236819+;200;TraS;0
NZ_CP070021.1	MPF_F	IncFIB(K);IncFII(K)	193	0	0	GA	0															not_admitted	not_admitted	not_admitted	not_admitted	not_admitted	not_admitted	not_admitted	not_admitted	not_admitted	not_admitted	1	141;128093;129082;+;363.3	152;134901;136268;+;382.2	148;132891;133643;+;236.4	137;123997;126636;+;259.0	153;136268;139111;+;342.9	126;118606;120030;+;88.8	137;123997;126636;+;87.6	124;117313;117879;+;167.9	143;129358;130005;+;65.9	144;130064;132019;+;259.5	157;141696;144008;+;392.8	129;120642;121226;+;53.8	157;141696;144008;+;65.9	A	9/9	contiguous	24383	1	1	139122..139646+;174;unnamed;0
NZ_CP070035.1	MPF_T	IncI2(Delta)	71	0	0	GA	1	46;33624;34106;+;81.1		32;18272;18556;+;36.6	33;18562;20919;+;59.8	33;18562;20919;+;45.0	24;13681;14322;+;42.9	23;12680;13675;+;128.5		35;21082;21816;+;144.3	36;21813;22583;+;170.4	37;22573;23712;+;154.7	43;30318;31856;+;206.9	39;24802;26760;+;288.2		pfam	pfam_only	A	7/7	rearranged	1	0	unscoreable	12	1	0														not_admitted	not_admitted	not_admitted	not_admitted	not_admitted	not_admitted	not_admitted
NZ_CP070042.1	MPF_F	Col156;IncFIB(AP001918);IncFII(29)	130	0	0	GA	0															not_admitted	not_admitted	not_admitted	not_admitted	not_admitted	not_admitted	not_admitted	not_admitted	not_admitted	not_admitted	1	124;109289;110281;+;369.5	5;2111;3484;+;381.7	129;113387;114130;+;233.1	121;105650;108280;+;304.0	6;3481;6303;+;388.5	114;101092;102519;+;93.9	121;105650;108280;+;99.3	112;99811;100377;+;183.1	126;110625;111263;+;68.6	127;111260;113110;+;271.9	10;8575;10719;+;391.3	117;103648;104163;+;73.9	10;8575;10719;+;70.4	A	9/9	split_2	111276	1	1	6325..6804+;159;TraS;0
NZ_CP070044.1	MPF_F	IncFIB(AP001918);IncFII	102	0	0	GA	0															not_admitted	not_admitted	not_admitted	not_admitted	not_admitted	not_admitted	not_admitted	not_admitted	not_admitted	not_admitted	1	53;50356;51348;-;369.5	38;41515;42888;-;381.7	45;45093;45836;-;234.4	56;52357;54987;-;297.8	37;38699;41518;-;373.5	63;58255;59706;-;93.8	56;52357;54987;-;99.0	65;60421;60987;-;174.3	50;48775;49413;-;70.8	47;46113;47963;-;270.8	33;34150;36429;-;391.6	60;56880;57395;-;82.8	33;34150;36429;-;70.3	A	9/9	contiguous	26271	1	1	38183..38674-;163;TraS;0
NZ_CP070047.1	MPF_F	IncFIB(K);IncFII(K)	229	0	0	GA	0															not_admitted	not_admitted	not_admitted	not_admitted	not_admitted	not_admitted	not_admitted	not_admitted	not_admitted	not_admitted	1	180;156314;157306;+;366.6	190;162757;164127;+;381.2	186;160803;161555;+;232.4	177;152649;155288;+;258.7	191;164127;166976;+;344.2	168;147410;148834;+;89.2	177;152649;155288;+;88.8	166;146117;146683;+;167.0	181;157319;157957;+;67.0	182;157954;159960;+;259.0	195;168790;171099;+;393.2	170;149446;150015;+;49.7	195;168790;171099;+;65.8	A	9/9	contiguous	22673	1	1	166979..167509+;176;unnamed;0
NZ_CP070049.1	MPF_F	IncFII	80	0	0	GA	0															not_admitted	not_admitted	not_admitted	not_admitted	not_admitted	not_admitted	not_admitted	not_admitted	not_admitted	not_admitted	1	48;38704;39696;+;369.5	64;47954;49327;+;381.7	58;45006;45749;+;233.1	45;35065;37695;+;307.4	65;49324;52149;+;373.4	37;30211;31662;+;94.0	45;35065;37695;+;97.1	35;28930;29496;+;172.8	53;41429;42067;+;70.1	56;42879;44729;+;268.5	69;54391;56616;+;391.7	40;32522;33037;+;82.8	69;54391;56616;+;70.3	A	9/9	contiguous	25461	1	1	52146..52655+;169;unnamed;0
NZ_CP070064.1	MPF_T	IncX10	55	0	0	GA	1	31;24418;25065;-;45.5	30;24144;24440;-;76.7	29;21372;24125;-;46.6	29;21372;24125;-;147.9	29;21372;24125;-;74.3	28;20603;21361;-;68.4	26;19176;20306;-;101.5		24;18217;18930;-;119.7	23;17283;18212;-;133.9	22;16081;17286;-;131.3	21;15048;16079;-;76.3	20;13210;15045;-;486.9		pfam	pfam_only	A	7/7	canonical	1	1	unscoreable	2	0	0														not_admitted	not_admitted	not_admitted	not_admitted	not_admitted	not_admitted	not_admitted
NZ_CP070065.1	MPF_F	Col156;IncFIB(AP001918);IncFII(29)	130	0	0	GA	0															not_admitted	not_admitted	not_admitted	not_admitted	not_admitted	not_admitted	not_admitted	not_admitted	not_admitted	not_admitted	1	33;34735;35727;-;369.5	21;27308;28681;-;381.7	28;30886;31629;-;233.1	36;36736;39366;-;304.0	20;24489;27311;-;388.5	43;42497;43924;-;93.9	36;36736;39366;-;99.3	45;44639;45205;-;183.1	31;33753;34391;-;68.6	30;31906;33756;-;271.9	16;20073;22217;-;391.3	40;40853;41368;-;73.9	16;20073;22217;-;70.4	A	9/9	contiguous	24566	1	1	23988..24467-;159;TraS;0
NZ_CP070072.1	MPF_F	IncFIB(AP001918);IncFIC(FII)	137	0	0	GA	0															not_admitted	not_admitted	not_admitted	not_admitted	not_admitted	not_admitted	not_admitted	not_admitted	not_admitted	not_admitted	1	124;124907;125899;+;369.3	136;132860;134233;+;378.7	128;128628;129371;+;234.4	121;121286;123898;+;305.4		114;115830;117257;+;94.8	121;121286;123898;+;98.8	112;114549;115115;+;183.8	125;125908;126546;+;68.4	126;126543;128351;+;268.0	2;1651;3831;+;388.9	118;118281;118796;+;78.0	2;1651;3831;+;70.4	B	8/9	split_2	131209	0	1	
NZ_CP070073.1	MPF_F	IncFII(pSE11)	82	0	0	GA	0															not_admitted	not_admitted	not_admitted	not_admitted	not_admitted	not_admitted	not_admitted	not_admitted	not_admitted	not_admitted	1	25;18307;19299;+;367.2	38;26778;28151;+;380.2	31;23576;24565;+;233.2	22;14668;17298;+;301.5	39;28148;30970;+;389.2	14;9968;11395;+;94.1	22;14668;17298;+;96.9	12;8687;9253;+;183.8	28;20249;20887;+;70.1	30;21699;23549;+;264.3	43;33242;35467;+;391.7	18;12517;13032;+;76.4	43;33242;35467;+;70.3	A	9/9	contiguous	24555	1	1	30992..31471+;159;TraS;0
NZ_CP070078.1	MPF_F	IncFII(29)	70	0	0	GA	0															not_admitted	not_admitted	not_admitted	not_admitted	not_admitted	not_admitted	not_admitted	not_admitted	not_admitted	not_admitted	1	58;51467;52459;+;369.3	69;58509;59882;+;381.0	64;56176;56919;+;233.3	55;47828;50458;+;305.9	0;29;1933;+;116.6	48;43140;44567;+;95.0	55;47828;50458;+;99.2	46;41859;42425;+;183.4	61;53456;54094;+;68.6	62;54091;55899;+;268.0	3;3466;5646;+;391.8	52;45689;46204;+;76.0	3;3466;5646;+;70.4	A	9/9	split_2	58480	1	1	1954..2451+;165;TraS;0
NZ_CP070083.1	MPF_F	IncFIB(K);IncFII(K)	219	0	0	GA	0															not_admitted	not_admitted	not_admitted	not_admitted	not_admitted	not_admitted	not_admitted	not_admitted	not_admitted	not_admitted	1	136;118558;119550;+;366.6	146;125001;126371;+;381.2	142;123047;123799;+;232.4	133;114893;117532;+;258.7	147;126371;129220;+;344.2	123;108281;109705;+;89.2	133;114893;117532;+;88.8	121;106988;107554;+;167.0	137;119563;120201;+;67.0	138;120198;122204;+;259.0	151;131034;133343;+;393.2	126;111690;112259;+;49.7	151;131034;133343;+;65.8	A	9/9	contiguous	24046	1	1	129223..129753+;176;unnamed;0
NZ_CP070086.1	MPF_T	IncX3	56	0	0	GA	1	10;4951;5595;+;46.4	11;5579;5869;+;73.1	12;5894;8647;+;47.0	12;5894;8647;+;145.4	12;5894;8647;+;73.3	13;8657;9427;+;60.1	15;9706;10761;+;133.2		16;10956;11684;+;119.4	17;11690;12619;+;138.8	18;12616;13830;+;128.3	20;14026;15060;+;65.7	21;15063;16898;+;495.9		pfam	pfam_only	A	7/7	canonical	1	1	unscoreable	2	0	0														not_admitted	not_admitted	not_admitted	not_admitted	not_admitted	not_admitted	not_admitted
NZ_CP070089.1	MPF_F	IncFIB(K);IncFII(pKP91)	221	0	0	GA	0															not_admitted	not_admitted	not_admitted	not_admitted	not_admitted	not_admitted	not_admitted	not_admitted	not_admitted	not_admitted	1	7;4707;5696;-;363.3	218;204531;205898;-;382.2	0;146;898;-;236.4	11;7153;9792;-;259.2	217;201682;204531;-;342.9	21;13759;15183;-;89.2	11;7153;9792;-;87.3	23;15910;16476;-;169.3	5;3784;4431;-;65.9	4;1770;3725;-;259.5	213;197588;199870;-;393.3	19;12563;13147;-;53.8	213;197588;199870;-;65.9	A	9/9	split_2	204385	1	1	201149..201679-;176;unnamed;0
NZ_CP070093.1	MPF_T	IncFIB(K);IncFII(K);IncN	218	0	0	GA	1	208;201397;202131;+;32.5	210;202431;202724;+;28.7	211;202774;203091;+;63.3	212;203091;205691;+;111.8	212;203091;205691;+;76.8	213;205709;206422;+;97.1	215;206673;207713;+;153.6		216;207932;208630;+;131.9	217;208641;209525;+;159.0		0;217;1212;+;81.2	182;182541;184070;-;38.5		pfam	both	B	6/7	canonical	1	0	unscoreable	2	0	0														not_admitted	not_admitted	not_admitted	not_admitted	not_admitted	not_admitted	not_admitted
NZ_CP070113.1	MPF_F	IncFIB(AP001918);IncFII(29)	94	0	0	GA	0															not_admitted	not_admitted	not_admitted	not_admitted	not_admitted	not_admitted	not_admitted	not_admitted	not_admitted	not_admitted	1	59;47899;48891;+;369.5	71;54945;56318;+;381.7	64;51997;52740;+;233.1	56;44260;46890;+;304.0	72;56315;59137;+;388.5	49;39702;41129;+;93.9	56;44260;46890;+;99.3	47;38421;38987;+;183.1	61;49235;49873;+;68.6	62;49870;51720;+;271.9	76;61409;63715;+;391.0	52;42258;42773;+;74.0	76;61409;63715;+;70.2	A	9/9	contiguous	22988	1	1	59159..59638+;159;TraS;0
NZ_CP070116.1	MPF_F	IncFIB(AP001918);IncFII	151	0	0	GA	0															not_admitted	not_admitted	not_admitted	not_admitted	not_admitted	not_admitted	not_admitted	not_admitted	not_admitted	not_admitted	1	70;63830;64822;+;369.3	79;69881;71257;+;381.0	74;67551;68294;+;230.0	67;60194;62821;+;306.5	80;71254;74076;+;387.5	60;56712;58139;+;94.3	67;60194;62821;+;98.5	58;55431;55997;+;183.3	71;64831;65469;+;66.7	72;65466;67274;+;267.9	83;75609;77807;+;391.7	64;59163;59678;+;77.3	83;75609;77807;+;70.3	A	9/9	contiguous	20178	1	1	74097..74594+;165;TraS;0
NZ_CP070117.1	MPF_T	IncFII(pEH01)	37	0	0	GA	1	31;20211;20915;-;47.3	30;19911;20207;-;67.3	29;17154;19898;-;49.1	29;17154;19898;-;149.6	29;17154;19898;-;48.4	28;16435;17139;-;139.3	26;15116;16183;-;159.8		24;14247;14930;-;189.7	23;13342;14247;-;153.7	22;12035;13300;-;155.2	20;10845;11870;-;67.3	15;7034;8761;-;47.5		pfam	both	A	7/7	canonical	1	1	unscoreable	7	0	0														not_admitted	not_admitted	not_admitted	not_admitted	not_admitted	not_admitted	not_admitted
NZ_CP070118.1	MPF_F	IncFII(pCoo)	86	0	0	GA	0															not_admitted	not_admitted	not_admitted	not_admitted	not_admitted	not_admitted	not_admitted	not_admitted	not_admitted	not_admitted	1	78;63035;64027;-;369.5	66;55608;56981;-;381.7	73;59186;59929;-;234.4	81;65036;67666;-;297.8	65;52765;55611;-;384.1	2;1088;2539;-;93.4	81;65036;67666;-;100.2	4;3254;3820;-;174.3	76;62053;62691;-;68.6	75;60206;62056;-;267.6	61;48298;50523;-;391.7		61;48298;50523;-;70.3	B	8/9	split_2	63948	1	1	52259..52768-;169;unnamed;0
NZ_CP070125.1	MPF_F	Col156;IncFIB(AP001918);IncFII(29)	131	0	0	GA	0															not_admitted	not_admitted	not_admitted	not_admitted	not_admitted	not_admitted	not_admitted	not_admitted	not_admitted	not_admitted	1	51;51230;52222;-;369.5	39;43803;45176;-;381.7	46;47381;48124;-;233.1	54;53231;55861;-;304.0	38;40984;43806;-;388.5	61;58992;60419;-;93.9	54;53231;55861;-;99.3	63;61134;61700;-;183.1	49;50248;50886;-;68.6	48;48401;50251;-;271.9	34;36568;38712;-;391.3	58;57348;57863;-;73.9	34;36568;38712;-;70.4	A	9/9	contiguous	24566	1	1	40483..40962-;159;TraS;0
NZ_CP070133.1	MPF_F	IncFIB(AP001918);IncFII	186	0	0	GA	0															not_admitted	not_admitted	not_admitted	not_admitted	not_admitted	not_admitted	not_admitted	not_admitted	not_admitted	not_admitted	1	82;65465;66457;+;367.4	93;72143;73516;+;380.9	86;69186;69929;+;235.0	79;61829;64456;+;305.4	94;73513;76338;+;385.9	73;58347;59774;+;94.3	79;61829;64456;+;98.5	71;57066;57632;+;182.1	83;66466;67104;+;68.6	84;67101;68909;+;268.3	97;77841;80030;+;391.3	77;60798;61313;+;78.4	97;77841;80030;+;70.4	A	9/9	contiguous	20775	1	1	76335..76844+;169;unnamed;0
NZ_CP070150.1	MPF_F	IncFIB(AP001918);IncFII(29);IncQ1	146	0	0	GA	0															not_admitted	not_admitted	not_admitted	not_admitted	not_admitted	not_admitted	not_admitted	not_admitted	not_admitted	not_admitted	1	106;88608;89600;+;369.5	118;95654;97027;+;381.7	111;92706;93449;+;233.1	103;84969;87599;+;304.0	119;97024;99846;+;388.5	96;80411;81838;+;93.9	103;84969;87599;+;99.3	94;79130;79696;+;183.1	108;89944;90582;+;68.6	109;90579;92429;+;271.9	123;102118;104415;+;391.0	99;82967;83482;+;74.0	123;102118;104415;+;70.2	A	9/9	contiguous	22988	1	1	99868..100347+;159;TraS;0
NZ_CP070151.1	MPF_F	IncFIB(AP001918);IncFII	134	0	0	GA	0															not_admitted	not_admitted	not_admitted	not_admitted	not_admitted	not_admitted	not_admitted	not_admitted	not_admitted	not_admitted	1	34;36147;37139;-;369.3	25;29712;31085;-;381.0	30;32675;33418;-;231.6	37;38148;40775;-;306.4	24;26890;29715;-;386.0	43;42830;44257;-;94.3	37;38148;40775;-;98.5	45;44972;45538;-;183.3	33;35500;36138;-;68.7	32;33695;35503;-;267.9	21;23233;25386;-;391.8	39;41291;41806;-;77.3	21;23233;25386;-;70.4	A	9/9	contiguous	21739	1	1	26384..26893-;169;unnamed;0
NZ_CP070159.1	MPF_F	IncFIB(K);IncFII(pKP91)	273	0	0	GA	0															not_admitted	not_admitted	not_admitted	not_admitted	not_admitted	not_admitted	not_admitted	not_admitted	not_admitted	not_admitted	1	220;196594;197583;+;363.3	231;203432;204799;+;383.5	227;201422;202174;+;233.7	216;192498;195137;+;259.0	232;204799;207621;+;346.5	205;187106;188530;+;88.0	216;192498;195137;+;88.7	203;185813;186379;+;167.9	222;197859;198506;+;65.1	223;198565;200550;+;254.0	236;210237;212519;+;393.3	208;189142;189726;+;53.8	236;210237;212519;+;65.8	A	9/9	contiguous	24424	1	1	207644..208246+;200;TraS;0
NZ_CP070163.1	MPF_F	Col156;IncFIB(AP001918);IncFII(29)	131	0	0	GA	0															not_admitted	not_admitted	not_admitted	not_admitted	not_admitted	not_admitted	not_admitted	not_admitted	not_admitted	not_admitted	1	72;65035;66027;-;369.5	59;57712;59085;-;381.7	66;61434;61694;-;84.4	75;67036;69666;-;304.0	58;54869;57715;-;384.1	82;72914;74365;-;93.8	75;67036;69666;-;99.3	84;75080;75646;-;183.4	70;64053;64691;-;68.6	69;62206;64056;-;271.9	53;50348;52603;-;391.1	79;71293;71808;-;73.9	53;50348;52603;-;70.3	A	9/9	contiguous	24732	1	1	54681..54872-;63;unnamed;0
NZ_CP070171.1	MPF_F	IncFIA;IncFIB(AP001918);IncFII(pRSB107)	142	0	0	GA	0															not_admitted	not_admitted	not_admitted	not_admitted	not_admitted	not_admitted	not_admitted	not_admitted	not_admitted	not_admitted	1	82;71678;72670;-;369.5		77;67829;68572;-;231.4	85;73679;76306;-;303.9		91;78191;79642;-;94.1	85;73679;76306;-;96.5	93;80357;80923;-;184.3	80;70696;71334;-;68.7	79;68849;70699;-;266.7	72;63161;65350;-;391.8	88;76822;77337;-;75.2	72;63161;65350;-;70.3	C	7/9	contiguous	17196	0	1	
NZ_CP070173.1	MPF_F	IncFIB(K)	280	0	0	GA	0															not_admitted	not_admitted	not_admitted	not_admitted	not_admitted	not_admitted	not_admitted	not_admitted	not_admitted	not_admitted	1	238;208137;209126;+;366.6	248;214617;215987;+;383.8	244;212663;213415;+;233.7	234;204058;206697;+;258.5	249;215987;217168;+;266.8	226;199440;200864;+;89.2	234;204058;206697;+;87.8	224;198147;198713;+;168.5	239;209139;209777;+;66.9	240;209836;211791;+;259.7		227;200978;201562;+;54.4		A	9/9	contiguous	17840	0	1	
NZ_CP070230.1	MPF_F	IncFIB(AP001918);IncFII(pHN7A8)	202	0	0	GA	0															not_admitted	not_admitted	not_admitted	not_admitted	not_admitted	not_admitted	not_admitted	not_admitted	not_admitted	not_admitted	1	94;76257;77249;-;367.8	81;68529;69902;-;380.0	88;72115;72858;-;235.1	97;78258;80888;-;305.4	80;65713;68532;-;389.2	105;83926;85353;-;94.1	97;78258;80888;-;98.5	1;834;1400;-;183.8	93;75610;76248;-;67.4	90;73135;74898;-;268.1	77;62020;64173;-;383.8	102;82527;83042;-;76.4	77;62020;64173;-;69.4	A	9/9	split_2	83092	0	1	
NZ_CP070231.1	MPF_T	IncI2(Delta)	75	0	0	GA	1	9;10589;11071;+;81.1		70;53624;53908;+;36.6	71;53914;56271;+;58.6	71;53914;56271;+;44.9	60;47466;48110;+;41.0	59;46465;47460;+;123.7		73;56437;57171;+;144.3	74;57168;57938;+;170.5	0;78;653;+;156.5	6;7283;8821;+;208.0	2;1767;3725;+;285.3		pfam	pfam_only	A	7/7	rearranged	1	0	unscoreable	14	0	0														not_admitted	not_admitted	not_admitted	not_admitted	not_admitted	not_admitted	not_admitted
NZ_CP070282.2	MPF_F	IncFII	136	0	0	GA	0															not_admitted	not_admitted	not_admitted	not_admitted	not_admitted	not_admitted	not_admitted	not_admitted	not_admitted	not_admitted	1	69;72864;73862;-;348.8	58;64504;65910;-;339.9	62;67205;67990;-;216.5	74;75487;78126;-;254.3	57;62849;64504;-;320.2	76;78647;79981;-;97.1	74;75487;78126;-;115.0	78;80728;81306;-;125.9	64;69923;70540;-;57.7	63;67992;69926;-;243.9	50;56321;58510;-;370.6	75;78123;78635;-;63.4	50;56321;58510;-;61.9	A	9/9	contiguous	24407	1	1	61595..62755-;386;unnamed;0
NZ_CP070283.2	MPF_F	IncFII(pSFO)	191	0	0	GA	0															not_admitted	not_admitted	not_admitted	not_admitted	not_admitted	not_admitted	not_admitted	not_admitted	not_admitted	not_admitted	1	104;93319;94320;+;353.9	109;98186;99547;+;334.2	107;96765;97550;+;194.0	101;89621;92212;+;215.6	110;99549;102398;+;286.2	95;86042;87403;+;80.6	101;89621;92212;+;92.3	93;84762;85325;+;140.2	105;94331;94951;+;79.8	106;94951;96768;+;254.9	113;103636;105813;+;372.7	100;88996;89610;+;49.1	113;103636;105813;+;66.3	A	9/9	contiguous	18874	1	1	102385..103116+;243;unnamed;0
NZ_CP070285.2	MPF_F	IncFII	135	0	0	GA	0															not_admitted	not_admitted	not_admitted	not_admitted	not_admitted	not_admitted	not_admitted	not_admitted	not_admitted	not_admitted	1	129;114943;115941;+;348.8	4;2204;3610;+;339.9	0;124;909;+;216.5	124;110679;113318;+;254.3	5;3610;5265;+;320.2	122;108824;110158;+;97.1	124;110679;113318;+;115.0	120;107499;108077;+;125.9	134;118265;118882;+;57.7		12;9604;11793;+;370.6	123;110170;110682;+;63.4	12;9604;11793;+;61.9	B	8/9	split_2	118141	1	0	5359..6519+;386;unnamed;0
NZ_CP070286.2	MPF_F	IncFII(pSFO)	192	0	0	GA	0															not_admitted	not_admitted	not_admitted	not_admitted	not_admitted	not_admitted	not_admitted	not_admitted	not_admitted	not_admitted	1	71;62108;63109;+;353.9	76;66975;68336;+;334.2	74;65554;66339;+;194.0	68;58410;61001;+;215.6	77;68338;71187;+;286.2	62;54831;56192;+;80.6	68;58410;61001;+;92.3	60;53551;54114;+;140.2	72;63120;63740;+;79.8	73;63740;65557;+;254.9	80;72425;74602;+;372.7	67;57785;58399;+;49.1	80;72425;74602;+;66.3	A	9/9	contiguous	18874	1	1	71174..71905+;243;unnamed;0
NZ_CP070293.1	MPF_F	IncFII(pHN7A8);IncN	130	0	0	GA	0															not_admitted	not_admitted	not_admitted	not_admitted	not_admitted	not_admitted	not_admitted	not_admitted	not_admitted	not_admitted	1	114;95233;96225;+;369.3	128;102915;104288;+;376.8	121;99959;100702;+;234.4	111;91597;94224;+;306.6	129;104285;107101;+;376.7	107;88258;89685;+;94.1	111;91597;94224;+;98.9	105;86977;87543;+;183.8	116;96569;97207;+;68.6	119;97919;99682;+;268.1	2;1970;4195;+;391.2	110;90566;91081;+;78.4	2;1970;4195;+;69.5	A	9/9	split_2	102315	0	1	
NZ_CP070294.1	MPF_T	IncFIB(AP001918);IncFIC(FII);IncX1	113	0	0	GA	1	59;41550;41993;+;83.7	80;65481;65777;-;77.5	79;63945;65462;-;47.6	79;63945;65462;-;148.0	79;63945;65462;-;77.1						23;17683;18117;-;88.8	67;48405;49937;+;257.7	18;13476;15311;-;489.3		none	none	D	4/7	uncallable	0	1	unscoreable	10	0	0														not_admitted	not_admitted	not_admitted	not_admitted	not_admitted	not_admitted	not_admitted
NZ_CP070297.1	MPF_F	IncHI2;IncHI2A	298	0	0	GA	0															not_admitted	not_admitted	not_admitted	not_admitted	not_admitted	not_admitted	not_admitted	not_admitted	not_admitted	not_admitted	1	288;255757;256815;-;276.9	111;101371;102786;+;194.1	110;100335;101381;+;174.1	8;10843;13524;-;168.0	112;102795;106748;+;101.6	12;15854;17209;-;80.7	8;10843;13524;-;72.2	15;18933;19721;-;74.8	290;256957;258468;-;62.0	287;252550;255738;-;57.3	103;91209;93293;-;56.8	9;13533;14483;-;46.1	103;91209;93293;-;38.8	A	9/9	split_3	246114	1	1	106929..108218+;429;unnamed;0
NZ_CP070300.1	MPF_F	IncFII(pHN7A8);IncN	114	0	0	GA	0															not_admitted	not_admitted	not_admitted	not_admitted	not_admitted	not_admitted	not_admitted	not_admitted	not_admitted	not_admitted	1	54;50375;51367;-;369.5	41;42169;43542;-;376.8	46;45108;45851;-;234.4	57;52376;55003;-;301.8	40;39356;42172;-;376.7	62;57058;58485;-;94.1	57;52376;55003;-;100.7	64;59200;59766;-;183.8	51;48791;49429;-;70.4	48;46128;47978;-;265.0	36;34875;37055;-;391.8	58;55519;56034;-;78.0	36;34875;37055;-;70.3	A	9/9	contiguous	24325	1	1	38802..39323-;173;unnamed;0
NZ_CP070344.1	-	-	1077	0	0	GA	1		495;590837;591127;+;58.6	496;591140;591541;+;81.9	497;591529;594036;+;151.4	497;591529;594036;+;99.7	498;594029;594763;+;155.8	499;595009;596058;+;146.9		501;596211;596933;+;156.2	502;596930;597769;+;169.4	503;597766;599115;+;157.3	504;599084;600229;+;94.7	505;600195;602153;+;352.9		pfam	both	A	7/7	canonical	1	0	unscoreable	1	0	0														not_admitted	not_admitted	not_admitted	not_admitted	not_admitted	not_admitted	not_admitted
NZ_CP070361.1	MPF_F	-	109	0	0	GA	0															not_admitted	not_admitted	not_admitted	not_admitted	not_admitted	not_admitted	not_admitted	not_admitted	not_admitted	not_admitted	1	33;26778;27821;-;369.2	28;21368;22795;-;325.8	30;23197;23985;-;219.2	37;29383;32109;-;164.6	27;18350;21352;-;208.7	41;33791;35107;-;102.7	37;29383;32109;-;108.4	43;35820;36398;-;83.7	32;26056;26763;-;107.6	31;24002;26059;-;91.0	60;49562;51721;-;381.3	38;32119;32763;-;41.9	60;49562;51721;-;90.0	A	9/9	contiguous	31212	1	1	17760..18284-;174;unnamed;0
NZ_CP070365.1	MPF_F	-	110	0	0	GA	0															not_admitted	not_admitted	not_admitted	not_admitted	not_admitted	not_admitted	not_admitted	not_admitted	not_admitted	not_admitted	1	66;48882;49925;+;369.2	71;53908;55335;+;325.8	69;52694;53506;+;219.1	62;44594;47320;+;164.6	72;55351;58353;+;208.7	58;41596;42912;+;102.7	62;44594;47320;+;108.4	56;40305;40883;+;83.7	67;49940;50647;+;107.6	68;50644;52701;+;91.0	37;24382;26541;+;381.3	61;43940;44584;+;41.9	37;24382;26541;+;90.0	A	9/9	contiguous	30969	1	1	58425..58943+;172;unnamed;0
NZ_CP070422.1	MPF_T	IncX3	57	0	0	GA	1	27;26037;26681;-;46.4	26;25763;26053;-;73.1	25;22985;25738;-;47.0	25;22985;25738;-;142.4	25;22985;25738;-;73.3	24;22205;22975;-;60.1	22;20871;21926;-;133.2		21;19948;20676;-;119.4	20;19013;19942;-;138.8	19;17802;19016;-;128.3	17;16572;17606;-;65.7	16;14734;16569;-;495.9		pfam	pfam_only	A	7/7	canonical	1	1	unscoreable	2	0	0														not_admitted	not_admitted	not_admitted	not_admitted	not_admitted	not_admitted	not_admitted
NZ_CP070437.1	MPF_F	IncFII(K);IncFII(pAR0022);IncR	158	0	0	GA	0															not_admitted	not_admitted	not_admitted	not_admitted	not_admitted	not_admitted	not_admitted	not_admitted	not_admitted	not_admitted	1	123;104991;105980;+;366.6	133;111527;112894;+;384.1	129;109517;110269;+;233.7	119;100895;103534;+;258.5	134;112894;115716;+;346.4	112;96602;98026;+;89.2	119;100895;103534;+;88.7	110;95309;95875;+;169.3	124;105993;106631;+;66.9	125;106690;108645;+;259.4	138;118333;120645;+;392.8	113;98140;98724;+;55.4	138;118333;120645;+;65.9	A	9/9	contiguous	23024	1	1	115739..116341+;200;TraS;0
NZ_CP070442.1	MPF_T	IncX3	58	0	0	GA	1	20;12365;13009;+;46.4	21;12993;13283;+;73.1	22;13308;16061;+;47.0	22;13308;16061;+;142.4	22;13308;16061;+;73.3	23;16071;16841;+;60.1	25;17120;18175;+;133.2		26;18370;19098;+;119.4	27;19104;20033;+;138.8	28;20030;21244;+;128.3	30;21440;22474;+;65.7	31;22477;24312;+;495.9		pfam	pfam_only	A	7/7	canonical	1	1	unscoreable	2	0	0														not_admitted	not_admitted	not_admitted	not_admitted	not_admitted	not_admitted	not_admitted
NZ_CP070456.1	MPF_T	IncX3	57	0	0	GA	1	27;26037;26681;-;46.4	26;25763;26053;-;73.1	25;22985;25738;-;47.0	25;22985;25738;-;142.4	25;22985;25738;-;73.3	24;22205;22975;-;60.1	22;20871;21926;-;133.2		21;19948;20676;-;119.4	20;19013;19942;-;138.8	19;17802;19016;-;128.3	17;16572;17606;-;65.7	16;14734;16569;-;495.9		pfam	pfam_only	A	7/7	canonical	1	1	unscoreable	2	0	0														not_admitted	not_admitted	not_admitted	not_admitted	not_admitted	not_admitted	not_admitted
NZ_CP070465.1	MPF_F	IncFIB(K);IncFII(K)	152	0	0	GA	0															not_admitted	not_admitted	not_admitted	not_admitted	not_admitted	not_admitted	not_admitted	not_admitted	not_admitted	not_admitted	1	108;104647;105636;-;366.0	98;97786;99156;-;380.7	102;100358;101110;-;230.7	112;107079;109718;-;258.5	97;94943;97786;-;346.5	120;112977;114401;-;89.2	112;107079;109718;-;88.7	122;115128;115694;-;169.3	107;103996;104634;-;67.0	106;101982;103937;-;259.7	93;90046;92358;-;392.8	119;112279;112863;-;55.4	93;90046;92358;-;65.9	A	9/9	contiguous	25082	1	1	94408..94932-;174;unnamed;0
NZ_CP070495.1	-	-	86	0	0	GA	1	1;679;1266;+;64.2	71;55585;55944;+;54.6	72;55948;56313;+;58.1	73;56332;58857;+;140.9	73;56332;58857;+;87.2	74;58854;59636;+;119.6	76;59985;60992;+;124.7		80;62444;63166;+;130.8	81;63163;63993;+;158.7	82;63986;65227;+;163.8	84;65660;66676;+;79.4	85;66680;68542;+;347.3		pfam	both	A	7/7	canonical	1	0	unscoreable	5	0	0														not_admitted	not_admitted	not_admitted	not_admitted	not_admitted	not_admitted	not_admitted
NZ_CP070507.1	MPF_F	-	292	0	0	GA	0															not_admitted	not_admitted	not_admitted	not_admitted	not_admitted	not_admitted	not_admitted	not_admitted	not_admitted	not_admitted	1	168;139384;140433;-;325.2	161;132670;134073;-;302.0	162;134070;135095;-;226.0	171;142227;144692;-;301.7	160;129221;132658;-;365.3	176;153236;154552;-;131.3	171;142227;144692;-;131.1	178;155782;156423;-;87.7	169;140420;141661;-;67.7	198;171530;173113;-;137.7	183;158590;160419;-;41.2	175;152746;153225;-;84.0	183;158590;160419;-;57.7	A	9/9	contiguous	42309	0	1	
NZ_CP070509.1	-	-	60	0	0	GA	1	37;25124;25756;-;48.6	36;24823;25113;-;38.1	35;22061;24805;-;54.1	35;22061;24805;-;149.8	35;22061;24805;-;53.8	34;21317;22048;-;117.3	32;19971;21020;-;150.0		31;19113;19799;-;155.2	30;18202;19116;-;136.7	29;16932;18209;-;129.9	28;15899;16891;-;75.1	27;14089;15912;-;393.1		pfam	pfam_only	A	7/7	canonical	1	1	unscoreable	1	0	0														not_admitted	not_admitted	not_admitted	not_admitted	not_admitted	not_admitted	not_admitted
NZ_CP070519.1	MPF_T	IncN4;IncR	106	0	0	GA	1	67;57366;58106;-;34.8	65;56752;57042;-;45.3	64;56388;56702;-;65.3	63;53758;56388;-;123.6	63;53758;56388;-;87.4	62;53041;53748;-;114.7	60;51739;52782;-;126.3	59;51474;51644;-;41.4	58;50755;51471;-;145.7	57;49865;50752;-;144.4	56;48714;49868;-;173.4	55;47690;48721;-;78.1	50;41706;43283;+;54.8		pfam	both	A	7/7	canonical	1	0	ga	6	0	0														not_admitted	not_admitted	not_admitted	not_admitted	not_admitted	not_admitted	not_admitted
NZ_CP070522.1	-	-	47	0	0	GA	0															not_admitted	not_admitted	not_admitted	not_admitted	not_admitted	not_admitted	not_admitted	not_admitted	not_admitted	not_admitted	1	9;14041;15039;-;367.0	4;9051;10412;-;350.5	6;11018;11794;-;196.8	12;15995;18583;-;236.7	3;6230;9046;-;229.6	14;19177;20547;-;93.3	12;15995;18583;-;96.4	16;21262;21834;-;77.9	8;13610;14032;-;55.1	7;11791;13617;-;230.3	1;3663;5720;-;368.9	13;18589;19173;-;34.0	1;3663;5720;-;57.2	A	9/9	contiguous	17599	1	1	5717..6220-;167;unnamed;0
NZ_CP070525.1	MPF_F	IncFII(K);IncR	111	0	0	GA	0															not_admitted	not_admitted	not_admitted	not_admitted	not_admitted	not_admitted	not_admitted	not_admitted	not_admitted	not_admitted	1	5;4922;5911;+;366.0	15;11458;12825;+;380.7	11;9448;10200;+;233.7	1;840;3479;+;258.5	16;12825;15674;+;345.6		1;840;3479;+;88.7		6;5924;6562;+;67.0	7;6621;8576;+;259.7	22;18937;21249;+;392.7		22;18937;21249;+;66.5	C	7/9	contiguous	18097	1	1	15687..16235+;182;unnamed;0
NZ_CP070530.1	MPF_F	IncHI2;IncHI2A	304	0	0	GA	0															not_admitted	not_admitted	not_admitted	not_admitted	not_admitted	not_admitted	not_admitted	not_admitted	not_admitted	not_admitted	1	75;73960;75018;-;276.9	238;226195;227610;+;194.1	237;225159;226205;+;173.7	92;94591;97272;-;168.0	239;227619;231569;+;101.6	96;99602;100957;-;80.7	92;94591;97272;-;72.2	99;102681;103469;-;74.8	77;75160;76671;-;62.7	74;70753;73941;-;58.3	231;216034;218118;-;56.7	93;97281;98231;-;46.4	231;216034;218118;-;38.8	A	9/9	split_2	156866	0	1	
NZ_CP070531.1	MPF_T	IncN	87	0	0	GA	1	44;33541;34278;+;32.0		47;34922;35239;+;63.3	48;35239;37839;+;111.8	48;35239;37839;+;76.4	49;37857;38570;+;105.5	51;38821;39861;+;142.4		52;40080;40778;+;131.9	53;40789;41673;+;159.7	54;41673;42833;+;156.3	55;42875;43870;+;81.2	6;5355;6884;-;38.5		pfam	both	A	7/7	canonical	1	0	unscoreable	3	0	0														not_admitted	not_admitted	not_admitted	not_admitted	not_admitted	not_admitted	not_admitted
NZ_CP070538.1	MPF_T	IncN	96	0	0	GA	1	86;70918;71655;+;32.0		89;72299;72616;+;63.3	90;72616;75216;+;111.8	90;72616;75216;+;76.4	91;75234;75947;+;105.5	93;76198;77238;+;142.4		94;77457;78155;+;131.9	95;78166;79050;+;159.7		9;6846;7622;+;81.9	48;42732;44261;-;38.5		pfam	both	B	6/7	canonical	1	0	unscoreable	3	0	0														not_admitted	not_admitted	not_admitted	not_admitted	not_admitted	not_admitted	not_admitted
NZ_CP070539.1	MPF_F	IncHI2;IncHI2A	284	0	0	GA	0															not_admitted	not_admitted	not_admitted	not_admitted	not_admitted	not_admitted	not_admitted	not_admitted	not_admitted	not_admitted	1	82;82342;83400;-;276.9	215;202891;204306;+;194.1	214;201855;202901;+;173.7	99;102973;105654;-;168.0	216;204315;208265;+;101.6	103;107984;109339;-;80.7	99;102973;105654;-;72.2	106;111063;111851;-;74.8	84;83542;85053;-;62.7	81;79135;82323;-;58.3	208;192730;194814;-;56.7	100;105663;106613;-;46.4	208;192730;194814;-;38.8	A	9/9	split_2	125180	0	1	
NZ_CP070540.1	MPF_F	IncFII(SARC14);IncFII(p14)	115	0	0	GA	0															not_admitted	not_admitted	not_admitted	not_admitted	not_admitted	not_admitted	not_admitted	not_admitted	not_admitted	not_admitted	1	16;21595;22596;-;355.1	11;16364;17725;-;334.4	13;18362;19141;-;197.0	19;23658;26249;-;219.6	10;13465;16362;-;294.5	24;27893;29254;-;83.7	19;23658;26249;-;88.7	26;29971;30534;-;145.8	15;20964;21584;-;80.0	14;19138;20967;-;256.0	7;9576;11825;-;376.3	20;26259;26873;-;49.4	7;9576;11825;-;67.3	A	9/9	contiguous	20395	1	1	12893..13453-;186;unnamed;0
NZ_CP070543.1	MPF_F	-	72	0	0	GA	0															not_admitted	not_admitted	not_admitted	not_admitted	not_admitted	not_admitted	not_admitted	not_admitted	not_admitted	not_admitted	1	40;36623;37630;+;332.9			35;31424;33871;+;354.5		28;20622;21938;+;135.0	35;31424;33871;+;128.3	26;19098;19724;+;92.7	38;34693;35958;+;67.9	41;37746;40544;+;145.3	17;13423;15288;+;47.3	29;21935;22513;+;100.2	17;13423;15288;+;52.0	C	6/9	contiguous	24323	0	1	
NZ_CP070545.1	MPF_F	IncC;IncFIB(pB171);IncFII(S);IncFII(SARC14)	323	1	1	GA	1	38;32287;32673;-;72.1		137;120440;120757;+;63.3	138;120757;123357;+;111.8	138;120757;123357;+;76.4	139;123375;124088;+;105.5	141;124339;125379;+;142.4		142;125598;126296;+;131.9	143;126307;127191;+;159.7	144;127191;128351;+;156.3	145;128393;129388;+;81.2	62;54417;56708;+;41.3	55;45312;47165;+;253.1	pfam	both	A	7/7	canonical	1	0	unscoreable	24	0	1	52;43330;44325;+;357.0	58;48578;49939;+;336.1	56;47162;47941;+;195.8	49;39646;42237;+;218.1	59;49941;52838;+;290.9	144;127191;128351;+;156.3	49;39646;42237;+;87.3	44;35583;36146;+;143.8	54;44701;45315;+;79.9	55;45312;47165;+;253.1	62;54417;56708;+;375.8	157;140555;141133;-;100.2	62;54417;56708;+;65.0	A	9/9	split_2	104972	1	1	52850..53410+;186;unnamed;0
NZ_CP070554.1	MPF_T	IncN	73	0	0	GA	1	41;33048;33785;+;32.0		44;34429;34746;+;63.3	45;34746;37346;+;111.8	45;34746;37346;+;76.4	46;37364;38077;+;105.5	48;38328;39368;+;142.4		49;39587;40285;+;131.9	50;40296;41180;+;159.7	51;41180;42340;+;156.3	52;42382;43377;+;81.2	3;4862;6391;-;38.5		pfam	both	A	7/7	canonical	1	0	unscoreable	3	0	0														not_admitted	not_admitted	not_admitted	not_admitted	not_admitted	not_admitted	not_admitted
NZ_CP070555.1	MPF_F	IncHI2;IncHI2A	283	0	0	GA	0															not_admitted	not_admitted	not_admitted	not_admitted	not_admitted	not_admitted	not_admitted	not_admitted	not_admitted	not_admitted	1	71;71075;72133;-;276.9	204;191624;193039;+;194.1	203;190588;191634;+;173.7	88;91706;94387;-;168.0	205;193048;196998;+;101.6	92;96717;98072;-;80.7	88;91706;94387;-;72.2	95;99796;100584;-;74.8	73;72275;73786;-;62.7	70;67868;71056;-;58.3	197;181463;183547;-;56.7	89;94396;95346;-;46.4	197;181463;183547;-;38.8	A	9/9	split_2	125180	0	1	
NZ_CP070556.1	MPF_F	IncFII(SARC14);IncFII(p14)	115	0	0	GA	0															not_admitted	not_admitted	not_admitted	not_admitted	not_admitted	not_admitted	not_admitted	not_admitted	not_admitted	not_admitted	1	109;103955;104956;-;355.1	104;98724;100085;-;334.4	106;100722;101501;-;197.0	112;106018;108609;-;219.6	103;95825;98722;-;294.5	1;395;1756;-;83.7	112;106018;108609;-;88.7	3;2473;3036;-;145.8	108;103324;103944;-;80.0	107;101498;103327;-;256.0	100;91936;94185;-;376.3	113;108619;109233;-;49.4	100;91936;94185;-;67.3	A	9/9	split_2	108224	1	1	95253..95813-;186;unnamed;0
NZ_CP070557.1	MPF_F	IncC	214	0	0	GA	0															not_admitted	not_admitted	not_admitted	not_admitted	not_admitted	not_admitted	not_admitted	not_admitted	not_admitted	not_admitted	1	192;151458;152024;-;228.3	38;26965;28398;-;339.2	39;28400;29428;-;221.7	98;74398;76845;+;354.5	37;23338;26952;-;375.3	92;63596;64912;+;135.0	98;74398;76845;+;128.3	90;62072;62698;+;92.7	101;77667;78932;+;67.9	191;148544;151342;-;145.3	81;56397;58262;+;47.3	93;64909;65487;+;100.2	81;56397;58262;+;52.0	A	9/9	split_3	128120	0	1	
NZ_CP070560.1	MPF_F	IncFIB(pQil);IncFII(K)	136	0	0	GA	0															not_admitted	not_admitted	not_admitted	not_admitted	not_admitted	not_admitted	not_admitted	not_admitted	not_admitted	not_admitted	1	10;5736;6728;-;366.0	135;112777;113418;-;249.1	3;1439;2038;-;218.1	13;7820;10459;-;258.7		22;13798;15222;-;88.8	13;7820;10459;-;88.8	24;15949;16515;-;169.3	9;5085;5723;-;67.0	7;3241;4680;-;237.6	127;104548;106860;-;392.7	21;13100;13684;-;55.4	127;104548;106860;-;66.5	B	8/9	split_2	111338	0	1	
NZ_CP070561.1	MPF_T	IncX3	56	0	0	GA	1	46;33708;34352;+;46.4	47;34336;34626;+;73.1	48;34651;37404;+;47.0	48;34651;37404;+;145.4	48;34651;37404;+;73.3	49;37414;38184;+;60.1	51;38463;39518;+;133.2		52;39713;40441;+;119.4	53;40447;41376;+;138.8	54;41373;42587;+;128.3		1;440;2275;+;495.9		pfam	pfam_only	B	6/7	canonical	1	1	unscoreable	1	0	0														not_admitted	not_admitted	not_admitted	not_admitted	not_admitted	not_admitted	not_admitted
NZ_CP070565.1	MPF_F	IncFIA(HI1);IncFII(K);IncR	120	0	0	GA	0															not_admitted	not_admitted	not_admitted	not_admitted	not_admitted	not_admitted	not_admitted	not_admitted	not_admitted	not_admitted	1	114;113115;114104;-;366.0	104;106201;107568;-;380.7	108;108826;109578;-;233.7	119;115546;118185;-;258.5	103;103352;106201;-;345.6		119;115546;118185;-;88.7		113;112464;113102;-;67.0	112;110450;112405;-;259.7	99;98554;100866;-;392.7		99;98554;100866;-;66.5	C	7/9	contiguous	16992	1	1	102791..103339-;182;unnamed;0
NZ_CP070570.1	-	-	53	0	0	GA	1	29;18952;19566;+;45.0	30;19576;19863;+;55.4	31;19924;22695;+;45.0	31;19924;22695;+;164.7	31;19924;22695;+;64.9	32;22705;23472;+;65.2	34;23731;24765;+;119.4		37;25187;25906;+;150.6	38;25909;26826;+;144.1	39;26823;28007;+;136.1	40;28010;29041;+;84.9	41;29050;30882;+;474.7		pfam	pfam_only	A	7/7	canonical	1	1	unscoreable	3	0	0														not_admitted	not_admitted	not_admitted	not_admitted	not_admitted	not_admitted	not_admitted
NZ_CP070571.1	MPF_T	IncN4;IncR	108	0	0	GA	1	80;71560;72300;-;34.8	78;70946;71236;-;45.3	77;70582;70896;-;65.3	76;67952;70582;-;123.6	76;67952;70582;-;87.4	75;67235;67942;-;114.7	73;65933;66976;-;126.3	72;65668;65838;-;41.4	71;64949;65665;-;145.7	70;64059;64946;-;144.4	69;62908;64062;-;173.4	68;61884;62915;-;78.1	63;55900;57477;+;54.8		pfam	both	A	7/7	canonical	1	0	ga	6	0	0														not_admitted	not_admitted	not_admitted	not_admitted	not_admitted	not_admitted	not_admitted
NZ_CP070575.1	MPF_T	IncN4;IncR	105	0	0	GA	1	7;3416;4156;+;34.8	9;4480;4770;+;45.3	10;4820;5134;+;65.3	11;5134;7764;+;123.6	11;5134;7764;+;87.4	12;7774;8481;+;114.7	14;8740;9783;+;126.3	15;9878;10048;+;41.4	16;10051;10767;+;145.7	17;10770;11657;+;144.4	18;11654;12808;+;173.4	19;12801;13832;+;78.1	24;18239;19816;-;54.8		pfam	both	A	7/7	canonical	1	0	ga	6	0	0														not_admitted	not_admitted	not_admitted	not_admitted	not_admitted	not_admitted	not_admitted
NZ_CP070576.1	MPF_T	IncN4;IncR	106	0	0	GA	1	91;81300;82040;-;34.8	89;80686;80976;-;45.3	88;80322;80636;-;65.3	87;77692;80322;-;123.6	87;77692;80322;-;87.4	86;76975;77682;-;114.7	84;75673;76716;-;126.3	83;75408;75578;-;41.4	82;74689;75405;-;145.7	81;73799;74686;-;144.4	80;72648;73802;-;173.4	79;71624;72655;-;78.1	74;65640;67217;+;54.8		pfam	both	A	7/7	canonical	1	0	ga	6	0	0														not_admitted	not_admitted	not_admitted	not_admitted	not_admitted	not_admitted	not_admitted
NZ_CP070577.1	MPF_F	IncFIB(K);IncFII(K)	184	0	0	GA	0															not_admitted	not_admitted	not_admitted	not_admitted	not_admitted	not_admitted	not_admitted	not_admitted	not_admitted	not_admitted	1	49;34859;35851;+;366.6	59;41302;42672;+;381.2	55;39348;40100;+;232.4	46;31194;33833;+;258.7	60;42672;45521;+;344.2	37;25955;27379;+;89.2	46;31194;33833;+;88.8	35;24662;25228;+;167.0	50;35864;36502;+;67.0	51;36499;38505;+;259.0	64;47335;49644;+;393.2	39;27991;28560;+;49.7	64;47335;49644;+;65.8	A	9/9	contiguous	22673	1	1	45524..46054+;176;unnamed;0
NZ_CP070578.1	MPF_F	IncC	137	0	0	GA	0															not_admitted	not_admitted	not_admitted	not_admitted	not_admitted	not_admitted	not_admitted	not_admitted	not_admitted	not_admitted	1		12;10289;11722;-;339.2	13;11724;12752;-;221.7	95;75624;78071;+;354.5	11;8813;10276;-;337.6	90;66752;68068;+;135.0	95;75624;78071;+;128.3	88;65228;65854;+;92.7			79;59553;61418;+;47.3	91;68065;68643;+;100.2	79;59553;61418;+;52.0	C	6/9	split_2	66811	0	0	
NZ_CP070580.1	MPF_T	IncN4;IncR	107	0	0	GA	1	79;71438;72178;-;34.8	77;70824;71114;-;45.3	76;70460;70774;-;65.3	75;67830;70460;-;123.6	75;67830;70460;-;87.4	74;67113;67820;-;114.7	72;65811;66854;-;126.3	71;65546;65716;-;41.4	70;64827;65543;-;145.7	69;63937;64824;-;144.4	68;62786;63940;-;173.4	67;61762;62793;-;78.1	62;55778;57355;+;54.8		pfam	both	A	7/7	canonical	1	0	ga	6	0	0														not_admitted	not_admitted	not_admitted	not_admitted	not_admitted	not_admitted	not_admitted
NZ_CP070581.1	MPF_F	IncFII(K);repB(R1701)	115	0	0	GA	0															not_admitted	not_admitted	not_admitted	not_admitted	not_admitted	not_admitted	not_admitted	not_admitted	not_admitted	not_admitted	1	37;26436;27425;+;366.0	47;32916;34286;+;380.7	43;30962;31714;+;230.7	33;22354;24993;+;258.5	48;34286;37129;+;346.5	25;17671;19095;+;89.2	33;22354;24993;+;88.7	23;16378;16944;+;169.3	38;27438;28076;+;67.0	39;28135;30090;+;259.7	52;39714;42026;+;392.8	26;19209;19793;+;55.4	52;39714;42026;+;65.9	A	9/9	contiguous	23336	1	1	37140..37664+;174;unnamed;0
NZ_CP070582.1	MPF_F	IncFIB(K)	222	0	0	GA	0															not_admitted	not_admitted	not_admitted	not_admitted	not_admitted	not_admitted	not_admitted	not_admitted	not_admitted	not_admitted	1	158;160357;161346;-;363.3	147;153171;154538;-;380.5	151;155796;156548;-;233.7	162;162803;165442;-;259.0	146;150760;153171;-;347.0	173;169410;170834;-;88.0	162;162803;165442;-;88.9	175;171561;172127;-;167.9	156;159434;160081;-;65.1	155;157420;159375;-;259.7	137;143421;145730;-;393.1	170;168214;168798;-;53.8	137;143421;145730;-;66.6	A	9/9	contiguous	28140	1	1	149770..150693-;307;unnamed;0
NZ_CP070587.1	MPF_T	IncN4;IncR	106	0	0	GA	1	40;32670;33410;+;34.8	42;33734;34024;+;45.3	43;34074;34388;+;65.3	44;34388;37018;+;123.6	44;34388;37018;+;87.4	45;37028;37735;+;114.7	47;37994;39037;+;126.3	48;39132;39302;+;41.4	49;39305;40021;+;145.7	50;40024;40911;+;144.4	51;40908;42062;+;173.4	52;42055;43086;+;78.1	57;47493;49070;-;54.8		pfam	both	A	7/7	canonical	1	0	ga	6	0	0														not_admitted	not_admitted	not_admitted	not_admitted	not_admitted	not_admitted	not_admitted
NZ_CP070590.1	MPF_F	IncFII(pKP91);repB(R1701)	125	0	0	GA	0															not_admitted	not_admitted	not_admitted	not_admitted	not_admitted	not_admitted	not_admitted	not_admitted	not_admitted	not_admitted	1	16;20015;21004;-;366.0	6;13154;14524;-;380.7	10;15726;16478;-;236.4	21;23886;25088;-;209.9	5;10311;13154;-;346.5	29;28347;29771;-;89.2	20;22447;23922;-;90.9	31;30498;31064;-;169.3	15;19364;20002;-;66.9	14;17350;19305;-;259.5	1;5414;7726;-;392.8	28;27649;28233;-;55.4	1;5414;7726;-;65.9	A	9/9	contiguous	25084	1	1	9776..10300-;174;unnamed;0
NZ_CP070594.1	MPF_T	IncN4;IncR	105	0	0	GA	1	26;17498;18238;+;34.8	28;18562;18852;+;45.3	29;18902;19216;+;65.3	30;19216;21846;+;123.6	30;19216;21846;+;87.4	31;21856;22563;+;114.7	33;22822;23865;+;126.3	34;23960;24130;+;41.4	35;24133;24849;+;145.7	36;24852;25739;+;144.4	37;25736;26890;+;173.4	38;26883;27914;+;78.1	43;32321;33898;-;54.8		pfam	both	A	7/7	canonical	1	0	ga	6	0	0														not_admitted	not_admitted	not_admitted	not_admitted	not_admitted	not_admitted	not_admitted
NZ_CP070595.1	MPF_F	IncFIB(K);IncFII(K)	205	0	0	GA	0															not_admitted	not_admitted	not_admitted	not_admitted	not_admitted	not_admitted	not_admitted	not_admitted	not_admitted	not_admitted	1	189;174293;175285;+;366.6	199;180736;182106;+;381.2	195;178782;179534;+;232.4	186;170628;173267;+;258.7	200;182106;184955;+;344.2	177;165389;166813;+;89.2	186;170628;173267;+;88.8	175;164096;164662;+;167.0	190;175298;175936;+;67.0	191;175933;177939;+;259.0	204;186769;189078;+;393.2	179;167425;167994;+;49.7	204;186769;189078;+;65.8	A	9/9	contiguous	22673	1	1	184958..185488+;176;unnamed;0
NZ_CP070596.1	MPF_F	IncC	138	0	0	GA	0															not_admitted	not_admitted	not_admitted	not_admitted	not_admitted	not_admitted	not_admitted	not_admitted	not_admitted	not_admitted	1		74;58354;59787;-;339.2	75;59789;60817;-;221.7	20;21680;24127;+;354.5	73;56878;58341;-;337.6	15;12808;14124;+;135.0	20;21680;24127;+;128.3	13;11284;11910;+;92.7			4;5609;7474;+;47.3	16;14121;14699;+;100.2	4;5609;7474;+;52.0	C	6/9	split_2	54180	0	0	
NZ_CP070599.1	MPF_F	ColRNAI;IncFIA(HI1);IncFII(K);IncR	129	0	0	GA	0															not_admitted	not_admitted	not_admitted	not_admitted	not_admitted	not_admitted	not_admitted	not_admitted	not_admitted	not_admitted	1	10;9373;10362;-;366.0	0;2459;3826;-;380.7	4;5084;5836;-;233.7	14;11805;14444;-;258.5			14;11805;14444;-;88.7		9;8722;9360;-;67.0	8;6708;8663;-;259.7	122;116768;119080;-;392.7		122;116768;119080;-;66.5	C	6/9	split_2	114309	0	1	
NZ_CP070626.1	MPF_F	-	159	0	0	GA	0															not_admitted	not_admitted	not_admitted	not_admitted	not_admitted	not_admitted	not_admitted	not_admitted	not_admitted	not_admitted	1	25;23075;24085;+;370.1	32;28425;29798;+;327.1	29;26898;27662;+;192.5	16;16730;19315;+;204.2	33;29801;32512;+;278.5	14;14805;16295;+;85.8	16;16730;19315;+;94.8	12;13502;14056;+;129.8	27;24443;25072;+;86.7	28;25069;26901;+;249.1	36;33276;35168;+;385.9	15;16302;16721;+;41.5	36;33276;35168;+;68.7	A	9/9	contiguous	19774	0	1	
NZ_CP070874.1	MPF_F	IncHI2;IncHI2A	307	0	0	GA	0															not_admitted	not_admitted	not_admitted	not_admitted	not_admitted	not_admitted	not_admitted	not_admitted	not_admitted	not_admitted	1	16;22254;23312;+;276.9	201;172126;173049;-;131.6	203;173362;174045;-;141.5	0;1;2682;+;168.0		303;252198;253553;+;80.7	0;1;2682;+;72.2	300;249686;250474;+;74.8	14;20601;22112;+;62.0	17;23331;26519;+;57.3	216;181561;183426;+;57.3	306;254924;255874;+;46.1	216;181561;183426;+;39.1	B	8/9	split_4	254923	0	1	
NZ_CP070891.1	MPF_F	IncFIB(pNDM-Mar);IncHI1B(pNDM-MAR)	374	0	0	GA	0															not_admitted	not_admitted	not_admitted	not_admitted	not_admitted	not_admitted	not_admitted	not_admitted	not_admitted	not_admitted	1	296;270641;271678;-;282.3	79;60439;61848;+;190.4	78;59412;60449;+;176.7	308;282510;285227;-;148.7	80;61850;65788;+;118.9	312;287340;288710;-;65.6	308;282510;285227;-;85.2	315;290356;290934;-;75.9	297;271675;273036;-;69.9	295;267446;270631;-;58.9	71;50105;52231;-;58.0	309;285272;286009;-;57.0	71;50105;52231;-;39.7	A	9/9	split_2	240251	0	1	
NZ_CP070900.1	MPF_F	IncFII(K);repB(R1701)	169	1	1	GA	1	130;109528;110013;+;82.5		45;31259;31576;+;63.3	46;31576;34176;+;113.8	46;31576;34176;+;76.4	47;34194;34907;+;105.5	49;35158;36198;+;142.4		50;36417;37115;+;131.9	51;37126;38010;+;159.7	52;38010;39170;+;156.3	53;39212;40207;+;81.2	97;81193;83505;-;26.9	110;93065;95020;-;259.7	pfam	both	A	7/7	canonical	1	0	unscoreable	33	0	1	112;95730;96719;-;366.6	102;88816;90183;-;384.0	106;91441;92193;-;233.7	116;98162;100801;-;258.5	101;85967;88816;-;346.4	52;38010;39170;+;156.3	116;98162;100801;-;88.2	125;106145;106711;-;169.3	111;95079;95717;-;66.9	110;93065;95020;-;259.7	97;81193;83505;-;393.1	122;103296;103880;-;54.4	97;81193;83505;-;66.6	A	9/9	split_2	68135	1	1	85431..85964-;177;unnamed;0
NZ_CP070903.1	MPF_F	IncFIA(HI1);IncHI1A;IncHI1B(R27)	180	0	0	GA	0															not_admitted	not_admitted	not_admitted	not_admitted	not_admitted	not_admitted	not_admitted	not_admitted	not_admitted	not_admitted	1	14;14855;15907;+;277.6			178;166793;169474;+;160.6		174;163087;164445;+;84.0	178;166793;169474;+;76.5	170;160635;161420;+;68.7	12;13202;14710;+;65.6	15;15930;19106;+;58.9		177;165834;166784;+;45.2		C	6/9	split_2	153591	0	1	
NZ_CP070915.1	MPF_F	IncFIA(HI1);IncHI1A;IncHI1B(R27)	226	0	0	GA	0															not_admitted	not_admitted	not_admitted	not_admitted	not_admitted	not_admitted	not_admitted	not_admitted	not_admitted	not_admitted	1	14;14855;15907;+;277.6	137;138321;139736;-;201.7	138;139726;140772;-;171.3	225;210525;213206;+;160.6	136;136033;138312;-;106.5	221;206819;208177;+;84.0	225;210525;213206;+;76.5	218;204367;205152;+;68.7	12;13202;14710;+;65.6	15;15930;19106;+;59.1	144;147707;149791;+;50.2	224;209566;210516;+;45.2	144;147707;149791;+;36.5	A	9/9	split_3	197323	1	1	134199..135989-;596;unnamed;0
NZ_CP070921.1	MPF_F	IncFIB(AP001918);IncFII	140	0	0	GA	0															not_admitted	not_admitted	not_admitted	not_admitted	not_admitted	not_admitted	not_admitted	not_admitted	not_admitted	not_admitted	1	86;89319;90311;-;369.3	74;81119;82495;-;381.0	79;84082;84825;-;235.0	89;91320;93947;-;304.6	73;78300;81122;-;389.2	96;96099;97526;-;94.3	89;91320;93947;-;99.2	98;98241;98807;-;183.8	82;86907;87545;-;68.6	81;85102;86910;-;268.0	70;74577;76766;-;391.6	92;94463;94978;-;78.4	70;74577;76766;-;70.4	A	9/9	contiguous	23664	1	1	77782..78279-;165;TraS;0
NZ_CP070924.1	MPF_T	IncI2(Delta)	73	0	0	GA	1	37;32944;33426;-;81.1		52;49033;49317;-;36.6	51;46670;49027;-;58.5	51;46670;49027;-;44.9	61;54129;54773;-;41.0	62;54779;55774;-;123.9		49;45770;46504;-;144.3	48;45003;45773;-;170.5	47;43874;45013;-;154.7	40;35205;36743;-;207.1	45;40826;42784;-;289.6		pfam	pfam_only	A	7/7	rearranged	1	0	unscoreable	14	0	0														not_admitted	not_admitted	not_admitted	not_admitted	not_admitted	not_admitted	not_admitted
NZ_CP070925.1	MPF_T	IncX1	62	0	0	GA	1	18;17017;17661;-;47.1	17;16743;17033;-;73.5	16;13960;16719;-;44.8	16;13960;16719;-;133.3	16;13960;16719;-;71.9	15;13221;13958;-;57.5	13;11884;12939;-;131.7		12;10972;11694;-;116.0	11;10037;10966;-;132.4	10;8826;10040;-;128.6	9;7771;8808;-;66.4	8;5931;7766;-;543.4		pfam	pfam_only	A	7/7	canonical	1	1	unscoreable	1	0	0														not_admitted	not_admitted	not_admitted	not_admitted	not_admitted	not_admitted	not_admitted
NZ_CP070952.1	MPF_F	IncHI2;IncHI2A;IncN	200	0	0	GA	0															not_admitted	not_admitted	not_admitted	not_admitted	not_admitted	not_admitted	not_admitted	not_admitted	not_admitted	not_admitted	1	20;25690;26748;+;276.9			4;3686;6367;+;168.0		0;1;1356;+;80.7	4;3686;6367;+;72.2	198;182141;182929;+;74.8	18;24037;25548;+;62.0	21;26767;29955;+;57.3		3;2727;3677;+;46.1		C	6/9	split_3	182140	0	1	
NZ_CP070957.1	MPF_T	IncI2	81	0	0	GA	1	4;3847;4329;+;81.1		68;49536;49820;+;36.6	69;49826;52183;+;58.5	69;49826;52183;+;42.8	56;43442;44083;+;42.8	55;42441;43436;+;128.5		71;52349;53083;+;144.3	72;53080;53850;+;170.5	73;53840;54979;+;154.7	1;541;2079;+;207.1	75;56069;58027;+;289.6		pfam	pfam_only	A	7/7	rearranged	1	0	unscoreable	13	1	0														not_admitted	not_admitted	not_admitted	not_admitted	not_admitted	not_admitted	not_admitted
NZ_CP070963.1	MPF_F	IncFIA;IncFIB(AP001918);IncFII(pRSB107)	174	0	0	GA	0															not_admitted	not_admitted	not_admitted	not_admitted	not_admitted	not_admitted	not_admitted	not_admitted	not_admitted	not_admitted	1	52;51317;52318;-;368.8	38;41874;43247;-;386.6	41;43884;44429;-;44.4	55;53327;55954;-;303.9	37;39058;41877;-;386.3	61;57839;59290;-;94.1	55;53327;55954;-;96.5	63;60005;60571;-;184.3	47;47637;48275;-;68.7	46;45790;47640;-;266.7	33;34584;36800;-;391.8	58;56470;56985;-;75.2	33;34584;36800;-;70.3	A	9/9	contiguous	25421	1	1	38542..39033-;163;TraS;0
NZ_CP070972.1	MPF_F	ColRNAI;IncFII(K);IncR	122	0	0	GA	0															not_admitted	not_admitted	not_admitted	not_admitted	not_admitted	not_admitted	not_admitted	not_admitted	not_admitted	not_admitted	1	108;95717;96706;-;366.6	98;88803;90170;-;384.0	102;91428;92180;-;233.7	112;98163;100802;-;258.5	97;85954;88803;-;346.4	119;103629;105053;-;89.3	112;98163;100802;-;88.7	121;105780;105959;-;38.8	107;95066;95704;-;66.9	106;93052;95007;-;259.4	93;81210;83492;-;393.2	118;102973;103557;-;54.7	93;81210;83492;-;65.8	A	9/9	contiguous	24570	1	1	85418..85951-;177;unnamed;0
NZ_CP071010.1	MPF_F	IncHI2;IncHI2A	366	0	0	GA	0															not_admitted	not_admitted	not_admitted	not_admitted	not_admitted	not_admitted	not_admitted	not_admitted	not_admitted	not_admitted	1	28;32275;33333;+;276.9			11;8955;11636;+;168.0		7;5270;6625;+;80.7	11;8955;11636;+;72.2	4;2758;3546;+;74.8	26;30622;32133;+;62.7	29;33352;36540;+;58.3	242;229665;230831;+;45.4	10;7996;8946;+;46.4	242;229665;230831;+;40.3	C	6/9	split_3	226907	0	1	
NZ_CP071012.1	MPF_F	IncHI2;IncHI2A	338	0	0	GA	0															not_admitted	not_admitted	not_admitted	not_admitted	not_admitted	not_admitted	not_admitted	not_admitted	not_admitted	not_admitted	1	29;32275;33333;+;276.9	208;196928;198343;-;194.1	209;198333;199379;-;173.7	11;8955;11636;+;168.0	207;192969;196919;-;101.6	7;5270;6625;+;80.7	11;8955;11636;+;72.2	4;2758;3546;+;74.8	27;30622;32133;+;62.7	30;33352;36540;+;58.3	218;208641;209729;+;45.7	10;7996;8946;+;46.4	218;208641;209729;+;40.5	A	9/9	split_3	205883	0	1	
NZ_CP071014.1	MPF_F	IncHI2;IncHI2A	338	0	0	GA	0															not_admitted	not_admitted	not_admitted	not_admitted	not_admitted	not_admitted	not_admitted	not_admitted	not_admitted	not_admitted	1	29;32275;33333;+;276.9	208;196928;198343;-;194.1	209;198333;199379;-;173.7	11;8955;11636;+;168.0	207;192969;196919;-;101.6	7;5270;6625;+;80.7	11;8955;11636;+;72.2	4;2758;3546;+;74.8	27;30622;32133;+;62.7	30;33352;36540;+;58.3	218;208641;209729;+;45.7	10;7996;8946;+;46.4	218;208641;209729;+;40.5	A	9/9	split_3	205883	0	1	
NZ_CP071016.1	MPF_F	IncHI2;IncHI2A	337	0	0	GA	0															not_admitted	not_admitted	not_admitted	not_admitted	not_admitted	not_admitted	not_admitted	not_admitted	not_admitted	not_admitted	1	130;125325;126383;-;276.9	289;276392;277807;+;194.1	288;275356;276402;+;173.7	148;147022;149703;-;168.0	290;277816;281766;+;101.6	152;152033;153388;-;80.7	148;147022;149703;-;72.2	155;155112;155900;-;74.8	132;126525;128036;-;62.7	129;122118;125306;-;58.3	279;265006;266094;-;45.7	149;149712;150662;-;46.4	279;265006;266094;-;40.5	A	9/9	split_3	155698	0	1	
NZ_CP071018.1	MPF_F	IncHI2;IncHI2A	336	0	0	GA	0															not_admitted	not_admitted	not_admitted	not_admitted	not_admitted	not_admitted	not_admitted	not_admitted	not_admitted	not_admitted	1	29;32275;33333;+;276.9	206;196080;197495;-;194.1	207;197485;198531;-;173.7	11;8955;11636;+;168.0	205;192121;196071;-;101.6	7;5270;6625;+;80.7	11;8955;11636;+;72.2	4;2758;3546;+;74.8	27;30622;32133;+;62.7	30;33352;36540;+;58.3	216;207793;208881;+;45.7	10;7996;8946;+;46.4	216;207793;208881;+;40.5	A	9/9	split_3	205035	0	1	
NZ_CP071020.1	MPF_F	IncHI2;IncHI2A	337	0	0	GA	0															not_admitted	not_admitted	not_admitted	not_admitted	not_admitted	not_admitted	not_admitted	not_admitted	not_admitted	not_admitted	1	29;32275;33333;+;276.9	207;196930;198345;-;194.1	208;198335;199381;-;173.7	11;8955;11636;+;168.0	206;192971;196921;-;101.6	7;5270;6625;+;80.7	11;8955;11636;+;72.2	4;2758;3546;+;74.8	27;30622;32133;+;62.7	30;33352;36540;+;58.3	217;208643;209731;+;45.7	10;7996;8946;+;46.4	217;208643;209731;+;40.5	A	9/9	split_3	205885	0	1	
NZ_CP071022.1	MPF_F	IncHI2;IncHI2A	337	0	0	GA	0															not_admitted	not_admitted	not_admitted	not_admitted	not_admitted	not_admitted	not_admitted	not_admitted	not_admitted	not_admitted	1	29;32275;33333;+;276.9	181;168070;169485;+;194.1	180;167034;168080;+;173.7	11;8955;11636;+;168.0	182;169494;173444;+;101.6	7;5270;6625;+;80.7	11;8955;11636;+;72.2	4;2758;3546;+;74.8	27;30622;32133;+;62.7	30;33352;36540;+;58.3	171;156684;157772;-;45.7	10;7996;8946;+;46.4	171;156684;157772;-;40.5	A	9/9	split_3	166736	0	1	
NZ_CP071024.1	MPF_F	IncHI2;IncHI2A	337	0	0	GA	0															not_admitted	not_admitted	not_admitted	not_admitted	not_admitted	not_admitted	not_admitted	not_admitted	not_admitted	not_admitted	1	29;32275;33333;+;276.9	207;196929;198344;-;194.1	208;198334;199380;-;173.7	11;8955;11636;+;168.0	206;192970;196920;-;101.6	7;5270;6625;+;80.7	11;8955;11636;+;72.2	4;2758;3546;+;74.8	27;30622;32133;+;62.7	30;33352;36540;+;58.3	217;208642;209730;+;45.7	10;7996;8946;+;46.4	217;208642;209730;+;40.5	A	9/9	split_3	205884	0	1	
NZ_CP071026.1	MPF_F	IncC	229	0	0	GA	0															not_admitted	not_admitted	not_admitted	not_admitted	not_admitted	not_admitted	not_admitted	not_admitted	not_admitted	not_admitted	1	155;123132;124139;+;332.1	217;174983;176416;+;339.9	216;173953;174981;+;223.6	150;117936;120380;+;357.0	218;176429;180046;+;377.4	145;109101;110423;+;133.1	150;117936;120380;+;130.7	143;107577;108203;+;94.6	153;121202;122467;+;70.0	156;124255;127059;+;144.1	134;101902;103767;+;49.3	146;110420;110998;+;101.2	134;101902;103767;+;52.1	A	9/9	split_2	74527	0	1	
NZ_CP071028.1	MPF_F	IncFIB(pNDM-Mar);IncHI1B(pNDM-MAR)	372	0	0	GA	0															not_admitted	not_admitted	not_admitted	not_admitted	not_admitted	not_admitted	not_admitted	not_admitted	not_admitted	not_admitted	1	293;268485;269522;-;282.3	76;58338;59747;+;190.4	75;57311;58348;+;176.7	305;280354;283071;-;148.7	77;59749;63687;+;118.9	309;285184;286554;-;65.6	305;280354;283071;-;85.2	312;288200;289060;-;79.0	294;269519;270880;-;69.9	292;265290;268475;-;58.9	68;48004;50130;-;58.0	306;283116;283853;-;57.0	68;48004;50130;-;39.7	A	9/9	split_2	240196	0	1	
NZ_CP071064.1	-	-	178	0	0	GA	0															not_admitted	not_admitted	not_admitted	not_admitted	not_admitted	not_admitted	not_admitted	not_admitted	not_admitted	not_admitted	1	48;54738;55727;+;355.5	53;59621;60988;+;340.0	51;58153;58938;+;186.6	45;50849;53452;+;231.1	54;60988;63852;+;306.3	43;48934;50274;+;94.5	45;50849;53452;+;117.5	41;47624;48196;+;112.2	49;55737;56300;+;67.1	50;56297;58156;+;237.9	55;64356;66431;+;377.1	44;50442;50852;+;37.0	55;64356;66431;+;64.7	A	9/9	contiguous	16732	1	1	64356..66431+;691;unnamed;0
NZ_CP071069.1	MPF_F	IncC	219	0	0	GA	0															not_admitted	not_admitted	not_admitted	not_admitted	not_admitted	not_admitted	not_admitted	not_admitted	not_admitted	not_admitted	1	109;90392;91399;+;332.9	208;177514;178947;+;339.2	207;176484;177512;+;221.7	104;85193;87640;+;354.2	209;178960;182574;+;375.3	95;71882;73198;+;135.0	104;85193;87640;+;128.6	93;70358;70984;+;92.1	107;88462;89727;+;67.6	110;91515;94310;+;145.3	84;64683;66548;+;47.4	96;73195;73773;+;100.2	84;64683;66548;+;52.0	A	9/9	split_2	114277	0	1	
NZ_CP071071.1	MPF_F	IncC	202	0	0	GA	0															not_admitted	not_admitted	not_admitted	not_admitted	not_admitted	not_admitted	not_admitted	not_admitted	not_admitted	not_admitted	1	99;71322;72329;+;332.9	191;155624;157057;+;339.2	190;154594;155622;+;221.7	94;66123;68570;+;354.2	192;157070;160684;+;375.3	83;52812;54128;+;135.0	94;66123;68570;+;128.6	81;51288;51914;+;92.1	97;69392;70657;+;67.6	100;72445;75240;+;145.3	72;45613;47478;+;47.4	84;54125;54703;+;100.2	72;45613;47478;+;52.0	A	9/9	split_2	111457	0	1	
NZ_CP071074.1	MPF_F	IncC	204	0	0	GA	0															not_admitted	not_admitted	not_admitted	not_admitted	not_admitted	not_admitted	not_admitted	not_admitted	not_admitted	not_admitted	1	99;71322;72329;+;332.9	193;157846;159279;+;339.2	192;156816;157844;+;221.7	94;66123;68570;+;354.2	194;159292;162906;+;375.3	83;52812;54128;+;135.0	94;66123;68570;+;128.6	81;51288;51914;+;92.1	97;69392;70657;+;67.6	100;72445;75240;+;145.3	72;45613;47478;+;47.4	84;54125;54703;+;100.2	72;45613;47478;+;52.0	A	9/9	split_2	113679	0	1	
NZ_CP071077.1	MPF_F	IncFII	72	0	0	GA	0															not_admitted	not_admitted	not_admitted	not_admitted	not_admitted	not_admitted	not_admitted	not_admitted	not_admitted	not_admitted	1	48;39129;40121;+;369.5	58;45900;47273;+;381.7	53;43227;43970;+;234.4	45;35490;38120;+;304.1	59;47270;50092;+;374.0	38;31040;32491;+;94.2	45;35490;38120;+;97.1	36;29759;30325;+;174.3	50;40465;41103;+;68.6	51;41100;42950;+;266.1	63;52364;54571;+;391.2	41;33351;33866;+;78.4	63;52364;54571;+;70.3	A	9/9	contiguous	22605	1	1	50114..50593+;159;TraS;0
NZ_CP071081.1	MPF_F	IncFIB(K);IncFII(pKP91)	170	0	0	GA	0															not_admitted	not_admitted	not_admitted	not_admitted	not_admitted	not_admitted	not_admitted	not_admitted	not_admitted	not_admitted	1	125;122913;123905;-;363.2	114;115664;117031;-;382.8	118;118289;119041;-;234.4	128;124931;127570;-;258.9	113;112821;115664;-;340.7	138;131400;132824;-;89.2	128;124931;127570;-;83.9	140;133551;134117;-;167.0	124;122262;122900;-;65.7	122;119930;121885;-;257.4	108;107925;109862;-;393.7	136;130189;130758;-;49.2	108;107925;109862;-;67.0	A	9/9	contiguous	25626	1	1	112286..112810-;174;unnamed;0
NZ_CP071084.1	MPF_F	IncFII(Yp)	79	0	0	GA	0															not_admitted	not_admitted	not_admitted	not_admitted	not_admitted	not_admitted	not_admitted	not_admitted	not_admitted	not_admitted	1	56;39428;40420;+;362.9	65;45510;46880;+;378.1	62;43974;44726;+;223.8	53;35763;38402;+;258.9	66;46880;49759;+;342.9	43;30579;32000;+;87.4	53;35763;38402;+;83.9	41;29286;29852;+;167.2	57;40433;41071;+;66.0	58;41130;43085;+;255.2	68;50529;52829;+;390.5	45;32461;33024;+;55.8	68;50529;52829;+;65.8	A	9/9	contiguous	21243	1	1	49762..50292+;176;unnamed;0
NZ_CP071087.1	MPF_F	IncC;IncR	265	0	0	GA	0															not_admitted	not_admitted	not_admitted	not_admitted	not_admitted	not_admitted	not_admitted	not_admitted	not_admitted	not_admitted	1	94;71322;72329;+;332.9	254;211553;212986;+;339.2	253;210523;211551;+;221.7	89;66123;68570;+;354.2	255;212999;216613;+;375.3	80;52812;54128;+;135.0	89;66123;68570;+;128.6	78;51288;51914;+;92.1	92;69392;70657;+;67.6	95;72445;75240;+;145.3	69;45613;47478;+;47.4	81;54125;54703;+;100.2	69;45613;47478;+;52.0	A	9/9	split_2	167386	0	1	
NZ_CP071253.1	MPF_F	IncFIB(K)	205	0	0	GA	0															not_admitted	not_admitted	not_admitted	not_admitted	not_admitted	not_admitted	not_admitted	not_admitted	not_admitted	not_admitted	1	151;148669;149658;-;363.3	141;141755;143122;-;380.5	145;144380;145132;-;233.7	155;151115;153754;-;258.5	140;138906;141755;-;346.4	162;156583;158007;-;88.1	155;151115;153754;-;88.7	164;158734;159300;-;169.3	150;148018;148656;-;66.0	149;146004;147959;-;259.7	133;133071;135380;-;393.1	161;155926;156510;-;54.3	133;133071;135380;-;66.5	A	9/9	contiguous	25663	1	1	138373..138903-;176;unnamed;0
NZ_CP071254.1	MPF_F	IncFII(pBK30683)	84	0	0	GA	0															not_admitted	not_admitted	not_admitted	not_admitted	not_admitted	not_admitted	not_admitted	not_admitted	not_admitted	not_admitted	1	59;43658;44647;+;363.3	69;50194;51561;+;382.6	65;48184;48936;+;230.7	55;39562;42201;+;258.5	70;51561;54410;+;345.6	47;34881;36305;+;89.2	55;39562;42201;+;88.7	45;33588;34154;+;169.3	60;44660;45298;+;66.0	61;45357;47312;+;259.7	74;56896;59208;+;392.7	48;36419;37003;+;55.4	74;56896;59208;+;66.5	A	9/9	contiguous	23308	1	1	54423..54971+;182;unnamed;0
NZ_CP071267.1	MPF_T	-	46	0	0	GA	1	14;6497;7237;+;34.3	16;7561;7851;+;46.6	17;7903;8217;+;65.3	18;8217;10847;+;123.6	18;8217;10847;+;86.6	19;10857;11564;+;113.3	21;11823;12866;+;126.7	22;12961;13131;+;41.4	23;13134;13850;+;145.6	24;13853;14740;+;146.9	25;14737;15891;+;174.0	26;15884;16915;+;78.1	32;21613;23190;-;54.8		pfam	both	A	7/7	canonical	1	0	ga	7	0	0														not_admitted	not_admitted	not_admitted	not_admitted	not_admitted	not_admitted	not_admitted
NZ_CP071280.1	MPF_F	IncFIB(pNDM-Mar);IncHI1B(pNDM-MAR)	296	0	0	GA	0															not_admitted	not_admitted	not_admitted	not_admitted	not_admitted	not_admitted	not_admitted	not_admitted	not_admitted	not_admitted	1	34;32641;33678;-;282.3	218;190898;192307;-;190.4	219;192297;193334;-;175.7	48;45735;48452;-;149.6	217;186928;190896;-;121.3	52;50565;51935;-;65.6	48;45735;48452;-;85.2	55;53581;54441;-;79.0	35;33675;35036;-;69.9	33;29446;32631;-;59.9	227;200534;202660;+;57.7	49;48497;49234;-;56.9	227;200534;202660;+;41.0	A	9/9	split_2	171088	0	1	
NZ_CP071282.1	MPF_F	IncFIB(K);IncFII(K);IncFII(pAR0022)	167	0	0	GA	0															not_admitted	not_admitted	not_admitted	not_admitted	not_admitted	not_admitted	not_admitted	not_admitted	not_admitted	not_admitted	1	102;84718;85710;+;366.6	112;91246;92613;+;381.2	108;89236;89988;+;233.7	100;81064;83703;+;258.7	113;92613;95462;+;345.6	91;75825;77249;+;89.2	100;81064;83703;+;88.8	89;74532;75098;+;167.0	103;85723;86361;+;67.0	104;86358;88364;+;259.6	117;97948;100260;+;392.7	93;77861;78430;+;49.7	117;97948;100260;+;66.6	A	9/9	contiguous	23416	1	1	95475..96023+;182;unnamed;0
NZ_CP071291.1	-	repUS59	80	0	0	GA	0															not_admitted	not_admitted	not_admitted	not_admitted	not_admitted	not_admitted	not_admitted	not_admitted	not_admitted	not_admitted	1				17;12969;15296;+;31.1							13;9608;11410;+;49.9		13;9608;11410;+;82.5	D	1/9	contiguous	3361	0	0	
NZ_CP071302.1	-	-	73	0	0	GA	0															not_admitted	not_admitted	not_admitted	not_admitted	not_admitted	not_admitted	not_admitted	not_admitted	not_admitted	not_admitted	1				10;18643;20970;-;31.1							14;22529;24331;-;49.9		14;22529;24331;-;82.5	D	1/9	contiguous	3886	0	0	
NZ_CP071322.1	-	-	82	0	0	GA	0															not_admitted	not_admitted	not_admitted	not_admitted	not_admitted	not_admitted	not_admitted	not_admitted	not_admitted	not_admitted	1	38;32363;33388;+;118.1			30;24193;27006;+;202.6	34;29244;30839;+;132.9		30;24193;27006;+;26.4				20;16363;18474;+;40.1		20;16363;18474;+;47.0	D	3/9	contiguous	16000	0	0	
NZ_CP071327.1	-	-	211	0	0	GA	0															not_admitted	not_admitted	not_admitted	not_admitted	not_admitted	not_admitted	not_admitted	not_admitted	not_admitted	not_admitted	1	15;20828;21799;+;314.0	121;117526;118932;+;270.1	120;116540;117529;+;180.8	11;16173;18632;+;257.7	122;118932;122522;+;298.2	7;8000;9334;+;124.7	11;16173;18632;+;124.7	5;6490;7098;+;97.1	14;19426;20778;+;33.2	21;29887;32724;+;129.4	1;2688;4538;+;52.4	8;9346;9816;+;66.2	1;2688;4538;+;58.6	A	9/9	split_2	116244	0	1	
NZ_CP071389.1	MPF_F	IncHI2;IncHI2A	324	0	0	GA	0															not_admitted	not_admitted	not_admitted	not_admitted	not_admitted	not_admitted	not_admitted	not_admitted	not_admitted	not_admitted	1	29;32275;33333;+;276.9	195;183506;184921;-;194.1	196;184911;185957;-;173.7	11;8955;11636;+;168.0	194;179547;183497;-;101.6	7;5270;6625;+;80.7	11;8955;11636;+;72.2	4;2758;3546;+;74.8	27;30622;32133;+;62.7	30;33352;36540;+;58.3	203;194064;196148;+;56.7	10;7996;8946;+;46.4	203;194064;196148;+;38.8	A	9/9	split_3	191306	0	1	
NZ_CP071391.1	MPF_T	IncX3	70	0	0	GA	1	1;618;1262;+;46.4	2;1246;1536;+;73.1	3;1561;4314;+;47.0	3;1561;4314;+;145.4	3;1561;4314;+;73.3	4;4324;5094;+;60.1	6;5373;6428;+;133.2		7;6623;7351;+;119.4	8;7357;8286;+;138.8	9;8283;9497;+;128.3	11;9693;10727;+;65.7	12;10730;12565;+;495.9		pfam	pfam_only	A	7/7	canonical	1	1	unscoreable	2	0	0														not_admitted	not_admitted	not_admitted	not_admitted	not_admitted	not_admitted	not_admitted
NZ_CP071394.1	MPF_F	IncFIB(pNDM-Mar);IncHI1B(pNDM-MAR);IncQ1	266	0	0	GA	0															not_admitted	not_admitted	not_admitted	not_admitted	not_admitted	not_admitted	not_admitted	not_admitted	not_admitted	not_admitted	1	196;184440;185477;-;282.3	27;28899;30308;+;190.4	26;27872;28909;+;176.7	208;196309;199026;-;149.6	28;30310;34278;+;120.1	212;201139;202509;-;65.6	208;196309;199026;-;85.2	215;204155;205015;-;79.0	197;185474;186835;-;70.0	195;181245;184430;-;59.6	19;18565;20691;-;58.0	209;199071;199808;-;56.9	19;18565;20691;-;39.7	A	9/9	split_2	185590	0	1	
NZ_CP071395.1	MPF_F	IncFIB(K);IncFII(Y)	194	0	0	GA	0															not_admitted	not_admitted	not_admitted	not_admitted	not_admitted	not_admitted	not_admitted	not_admitted	not_admitted	not_admitted	1	118;111372;112364;-;366.7	106;103835;105205;-;375.0	110;106407;107159;-;233.1	121;113437;116076;-;257.2	105;101013;103835;-;339.6	130;119448;120863;-;83.3	121;113437;116076;-;84.2	132;121590;122156;-;163.6	117;110742;111359;-;68.1	116;108871;110745;-;250.9	102;97019;99340;-;391.7	127;118044;118628;-;55.2	102;97019;99340;-;66.6	A	9/9	contiguous	24571	1	1	100407..100997-;196;TraS;0
NZ_CP071396.1	MPF_T	IncX3	58	0	0	GA	1	47;35741;36385;+;46.4	48;36369;36659;+;73.1	49;36684;39437;+;47.0	49;36684;39437;+;142.4	49;36684;39437;+;73.3	50;39447;40217;+;60.1	52;40496;41551;+;133.2		53;41746;42474;+;119.4	54;42480;43409;+;138.8	55;43406;44620;+;128.3	57;44816;45850;+;65.7	0;460;1527;+;328.0		pfam	pfam_only	A	7/7	canonical	1	1	unscoreable	2	0	0														not_admitted	not_admitted	not_admitted	not_admitted	not_admitted	not_admitted	not_admitted
NZ_CP071400.1	MPF_T	-	1156	0	0	GA	1	622;659826;660488;-;24.8	621;659530;659829;-;90.3	620;659186;659530;-;104.2	619;656827;659193;-;173.7	619;656827;659193;-;111.5		616;654974;655894;-;165.0		614;653965;654636;-;211.6	613;653111;653968;-;185.6	612;651929;653101;-;173.1	611;650881;651921;-;108.4	88;96548;98467;+;334.0		none	none	A	7/7	canonical	0	0	unscoreable	3	0	0														not_admitted	not_admitted	not_admitted	not_admitted	not_admitted	not_admitted	not_admitted
NZ_CP071402.1	MPF_T	-	311	0	0	GA	1	149;162252;163427;+;69.9	280;279040;279402;-;66.5	279;278714;279040;-;66.0	278;276345;278714;-;203.4	148;159755;162274;+;94.2		152;164450;165523;+;86.1		274;273809;274522;-;173.2	154;166282;167112;+;184.8	155;167124;168461;+;192.9	156;168458;169507;+;127.5	268;266648;268342;+;485.8		none	none	A	7/7	uncallable	0	0	unscoreable	6	0	0														not_admitted	not_admitted	not_admitted	not_admitted	not_admitted	not_admitted	not_admitted
NZ_CP071438.1	MPF_T	IncFII(pCRY)	34	0	0	GA	1	28;22146;22856;-;48.1	27;21844;22149;-;73.1	26;19093;21831;-;49.1	26;19093;21831;-;151.4	26;19093;21831;-;32.2	25;18371;19075;-;144.1	23;17046;18119;-;160.7		21;16141;16824;-;194.4	20;15236;16141;-;154.7	19;13939;15189;-;147.2	18;12924;13949;-;66.1	14;9333;11069;-;47.1		pfam	pfam_only	A	7/7	canonical	1	1	unscoreable	5	0	0														not_admitted	not_admitted	not_admitted	not_admitted	not_admitted	not_admitted	not_admitted
NZ_CP071442.1	MPF_F	IncFIB(AP001918);IncFII;IncQ1	163	0	0	GA	0															not_admitted	not_admitted	not_admitted	not_admitted	not_admitted	not_admitted	not_admitted	not_admitted	not_admitted	not_admitted	1	99;104721;105713;-;368.3	90;98286;99659;-;381.0	95;101249;101992;-;231.6	106;109949;111889;-;307.4	89;95464;98289;-;386.0	112;113944;115371;-;94.3	106;109949;111889;-;49.7	114;116086;116652;-;183.3	98;104074;104712;-;68.7	97;102269;104077;-;267.9	86;91807;93960;-;391.8	108;112405;112920;-;77.3	86;91807;93960;-;70.4	A	9/9	contiguous	24279	1	1	94958..95467-;169;unnamed;0
NZ_CP071458.1	-	-	264	0	0	GA	1		64;65049;65432;+;74.8	65;65422;65724;+;66.9	66;65735;66685;+;39.0	66;65735;66685;+;126.8							63;64082;65059;+;132.9			none	none	D	2/7	uncallable	0	0	unscoreable	0	0	0														not_admitted	not_admitted	not_admitted	not_admitted	not_admitted	not_admitted	not_admitted
NZ_CP071461.1	MPF_T	-	46	0	0	GA	1		35;29334;29597;+;51.9	36;29610;32378;+;73.3	36;29610;32378;+;173.1	36;29610;32378;+;84.1	41;34371;35342;+;83.3	42;35339;36337;+;119.5		44;36484;37146;+;177.6	45;37143;38030;+;161.4	0;27;1202;+;165.9	1;1183;2175;+;93.2	2;2176;3987;+;348.4		pfam	pfam_only	A	7/7	canonical	1	1	unscoreable	5	0	0														not_admitted	not_admitted	not_admitted	not_admitted	not_admitted	not_admitted	not_admitted
NZ_CP071471.1	-	-	100	0	0	GA	0															not_admitted	not_admitted	not_admitted	not_admitted	not_admitted	not_admitted	not_admitted	not_admitted	not_admitted	not_admitted	1				55;44678;47221;-;28.2							60;50283;53348;-;21.4		60;50283;53348;-;26.1	D	1/9	contiguous	5605	0	0	
NZ_CP071529.1	MPF_F	-	130	0	0	GA	0															not_admitted	not_admitted	not_admitted	not_admitted	not_admitted	not_admitted	not_admitted	not_admitted	not_admitted	not_admitted	1	27;21766;22749;+;346.1	34;26753;28114;+;359.5	31;25289;26050;+;197.3	24;18236;20818;+;250.0	35;28120;30939;+;354.8	22;16558;17940;+;77.2	24;18236;20818;+;121.1	20;15293;15862;+;165.9	29;23205;23624;+;64.8	30;23614;25296;+;201.7	37;31608;33461;+;410.7		37;31608;33461;+;81.0	B	8/9	contiguous	16315	1	1	30954..31508+;184;unnamed;1
NZ_CP071588.1	MPF_T	-	39	0	0	GA	1	20;13239;13784;-;58.1	33;23612;23908;-;65.7	32;23325;23612;-;50.4	31;20858;23323;-;91.0	31;20858;23323;-;88.1	29;19393;20223;-;51.4	27;17892;19118;-;51.7		25;16867;17562;-;123.2	24;15696;16856;-;163.7	22;14022;15251;-;209.5	34;23909;24847;-;132.7	15;8615;10438;-;322.9		conjscan	conjscan_only	A	7/7	canonical	1	0	unscoreable	10	0	0														not_admitted	not_admitted	not_admitted	not_admitted	not_admitted	not_admitted	not_admitted
NZ_CP071593.1	MPF_T	-	57	0	0	GA	1		9;6062;6325;+;59.0	10;6338;9106;+;75.1	10;6338;9106;+;176.9	10;6338;9106;+;84.5	15;10985;11971;+;83.8	16;11975;12967;+;112.5		18;13114;13773;+;178.4	19;13770;14660;+;162.9	20;14670;15848;+;164.3	21;15829;16836;+;91.8	22;16837;18648;+;350.5		pfam	pfam_only	A	7/7	canonical	1	1	unscoreable	5	0	0														not_admitted	not_admitted	not_admitted	not_admitted	not_admitted	not_admitted	not_admitted
NZ_CP071608.1	MPF_T	-	303	0	0	GA	1		298;308567;308950;-;73.5	297;308275;308574;-;66.4	296;305808;308264;-;175.6	296;305808;308264;-;124.0	295;305033;305836;-;43.6	293;303671;304819;-;111.6		292;302988;303650;-;130.4	291;302164;302976;-;187.7	289;300413;301708;-;218.5	299;308940;309917;-;131.0	277;288191;290125;-;539.2		conjscan	conjscan_only	A	7/7	canonical	1	0	unscoreable	3	0	0														not_admitted	not_admitted	not_admitted	not_admitted	not_admitted	not_admitted	not_admitted
NZ_CP071609.1	MPF_T	-	246	0	0	GA	1		121;132275;132658;+;74.8	122;132648;132950;+;66.9	123;132961;135411;+;168.8	123;132961;135411;+;125.0	124;135389;136186;+;46.3	126;136377;137558;+;112.3		127;137579;138241;+;128.0	128;138258;139073;+;185.9	130;139529;140827;+;215.1	120;131308;132285;+;132.9	142;151034;152965;+;542.2		conjscan	conjscan_only	A	7/7	canonical	1	0	unscoreable	3	0	0														not_admitted	not_admitted	not_admitted	not_admitted	not_admitted	not_admitted	not_admitted
NZ_CP071610.1	MPF_T	-	224	0	0	GA	1	19;14867;16039;+;71.7	16;11666;12037;+;53.9	17;12040;12366;+;47.1	18;12379;14889;+;144.1	18;12379;14889;+;96.0		22;17068;18141;+;84.6		23;18201;18935;+;112.8	24;18932;19765;+;184.2	25;19775;21109;+;191.1	26;21106;22155;+;129.9	27;22124;24919;+;226.0		none	none	A	7/7	canonical	0	0	unscoreable	2	0	0														not_admitted	not_admitted	not_admitted	not_admitted	not_admitted	not_admitted	not_admitted
NZ_CP071615.1	MPF_T	-	359	0	0	GA	1		254;268869;269252;-;74.0	253;268577;268876;-;63.3	252;266110;268566;-;166.6	252;266110;268566;-;117.3	251;265335;266138;-;50.8	249;263963;265144;-;115.5		248;263280;263942;-;130.4	247;262450;263262;-;182.7	245;260696;261994;-;214.9	255;269242;270219;-;131.8	233;248480;250414;-;549.3		conjscan	conjscan_only	A	7/7	canonical	1	0	unscoreable	3	0	0														not_admitted	not_admitted	not_admitted	not_admitted	not_admitted	not_admitted	not_admitted
NZ_CP071621.1	MPF_T	-	380	0	0	GA	1		183;199579;199962;-;74.0	182;199287;199586;-;63.3	181;196820;199276;-;166.6	181;196820;199276;-;117.3	180;196045;196848;-;50.8	178;194673;195854;-;115.5		177;193990;194652;-;130.4	176;193160;193972;-;182.7	174;191406;192704;-;214.9	184;199952;200929;-;131.6	161;179191;181125;-;549.3		conjscan	conjscan_only	A	7/7	canonical	1	0	unscoreable	3	0	0														not_admitted	not_admitted	not_admitted	not_admitted	not_admitted	not_admitted	not_admitted
NZ_CP071629.1	MPF_T	-	365	0	0	GA	1	171;165536;166711;-;70.8	174;169542;169901;-;51.2	173;169212;169538;-;47.0	172;166689;169208;-;136.1	172;166689;169208;-;94.0		168;163440;164513;-;88.6		167;162677;163411;-;111.9	166;161850;162680;-;184.5	164;160504;161241;-;198.3	163;159458;160507;-;130.1	162;156766;159489;-;233.4		none	none	A	7/7	canonical	0	0	unscoreable	3	0	0														not_admitted	not_admitted	not_admitted	not_admitted	not_admitted	not_admitted	not_admitted
NZ_CP071635.1	MPF_T	-	334	0	0	GA	1		291;276782;277165;-;74.0	290;276490;276792;-;64.1	289;274029;276479;-;169.4	289;274029;276479;-;124.6	288;273254;274051;-;48.5	286;271892;273040;-;106.4		285;271209;271871;-;128.6	284;270379;271191;-;184.1	282;268625;269923;-;218.2	292;277155;278132;-;132.1	268;256124;258055;-;543.5		conjscan	conjscan_only	A	7/7	canonical	1	0	unscoreable	3	0	0														not_admitted	not_admitted	not_admitted	not_admitted	not_admitted	not_admitted	not_admitted
NZ_CP071637.1	MPF_T	-	263	0	0	GA	1	6;5388;6560;-;73.6	9;9390;9761;-;52.8	8;9061;9387;-;44.7	7;6538;9057;-;143.0	7;6538;9057;-;94.0		3;3273;4346;-;89.3		2;2479;3213;-;110.0	1;1649;2482;-;185.5	0;304;1638;-;193.1	262;266088;266705;-;110.9	261;263408;266119;-;230.7		none	none	A	7/7	canonical	0	0	unscoreable	2	0	0														not_admitted	not_admitted	not_admitted	not_admitted	not_admitted	not_admitted	not_admitted
NZ_CP071682.1	MPF_T	-	647	0	0	GA	1	44;37046;38221;-;72.0	140;140995;141378;+;73.0	141;141371;141670;+;66.0	142;141681;144131;+;171.8	142;141681;144131;+;122.9	143;144109;144906;+;50.4	145;145097;146278;+;114.2		146;146299;146961;+;130.0	147;146979;147791;+;185.6	149;148247;149545;+;216.1	139;140028;141005;+;128.4	168;166279;168210;+;543.4		conjscan	conjscan_only	A	7/7	canonical	1	0	unscoreable	6	0	0														not_admitted	not_admitted	not_admitted	not_admitted	not_admitted	not_admitted	not_admitted
NZ_CP071694.1	MPF_F	IncFIB(S);IncFII(S);IncFII(pAR0022);IncHI2;IncHI2A	359	0	0	GA	0															not_admitted	not_admitted	not_admitted	not_admitted	not_admitted	not_admitted	not_admitted	not_admitted	not_admitted	not_admitted	1	27;31208;32266;+;276.9	275;244308;245723;-;194.1	276;245713;246759;-;174.3	11;8955;11636;+;168.0	274;240346;244299;-;101.7	187;164358;165779;-;90.6	11;8955;11636;+;72.2	189;166506;167072;-;185.6	25;29555;31066;+;61.8	28;32285;35473;+;57.3	283;253801;255885;+;56.8	10;7996;8946;+;46.1	283;253801;255885;+;38.8	A	9/9	split_4	245805	1	1	238876..240165-;429;unnamed;0
NZ_CP071712.1	MPF_F	IncHI2;IncHI2A;IncN	298	0	0	GA	0															not_admitted	not_admitted	not_admitted	not_admitted	not_admitted	not_admitted	not_admitted	not_admitted	not_admitted	not_admitted	1	31;34251;35309;+;276.9	205;188553;189968;-;194.1	206;189958;191004;-;174.3	11;8955;11636;+;168.0	204;184591;188544;-;101.6	7;5270;6625;+;80.7	11;8955;11636;+;72.2	4;2758;3546;+;74.8	29;32598;34109;+;62.0	32;35328;38516;+;57.3	213;198046;200130;+;56.8	10;7996;8946;+;46.1	213;198046;200130;+;38.8	A	9/9	split_3	195288	1	1	183121..184410-;429;unnamed;0
NZ_CP071735.1	MPF_F	IncFIB(pNDM-Mar);IncHI1B(pNDM-MAR)	231	0	0	GA	0															not_admitted	not_admitted	not_admitted	not_admitted	not_admitted	not_admitted	not_admitted	not_admitted	not_admitted	not_admitted	1	160;138985;140022;-;282.3	77;57350;58759;+;190.0	76;56323;57360;+;176.6	171;150854;153571;-;149.6	78;58734;62675;+;120.9	175;155684;157054;-;65.6	171;150854;153571;-;85.2	178;158700;159560;-;79.0	161;140019;141380;-;69.9	159;135793;138975;-;60.1	69;46997;49123;-;58.4	172;153616;154353;-;56.9	69;46997;49123;-;41.0	A	9/9	split_2	111703	0	1	
NZ_CP071736.1	MPF_F	IncFIB(K);IncFII(pKP91)	174	0	0	GA	0															not_admitted	not_admitted	not_admitted	not_admitted	not_admitted	not_admitted	not_admitted	not_admitted	not_admitted	not_admitted	1	78;77817;78809;-;363.2	67;70534;71901;-;379.4	71;73159;73911;-;234.7	81;79835;82474;-;257.1	66;67685;70534;-;345.0	91;86750;88174;-;91.4	81;79835;82474;-;84.3	93;88901;89467;-;168.4	75;76542;77189;-;65.9	74;74528;76483;-;258.2	62;62917;65220;-;390.3	89;85562;86119;-;52.7	62;62917;65220;-;62.2	A	9/9	contiguous	25984	1	1	67152..67682-;176;unnamed;0
NZ_CP071820.1	MPF_F	IncFIB(pNDM-Mar);IncHI1B(pNDM-MAR);IncN	276	0	0	GA	0															not_admitted	not_admitted	not_admitted	not_admitted	not_admitted	not_admitted	not_admitted	not_admitted	not_admitted	not_admitted	1	200;181512;182549;-;282.3	85;69545;70954;+;190.4	84;68518;69555;+;176.7	212;193381;196098;-;149.6	86;70956;74870;+;120.2	216;198211;199581;-;63.4	212;193381;196098;-;85.2	219;201227;202087;-;79.3	201;182546;183907;-;69.9	199;178320;181502;-;59.4	77;59194;61320;-;57.7	213;196143;196880;-;57.3	77;59194;61320;-;41.0	A	9/9	split_2	142033	0	1	
NZ_CP071821.1	MPF_F	IncFIB(K);IncFII(pKP91)	189	0	0	GA	0															not_admitted	not_admitted	not_admitted	not_admitted	not_admitted	not_admitted	not_admitted	not_admitted	not_admitted	not_admitted	1	37;24985;25974;+;366.6	47;31492;32859;+;385.1	43;29482;30234;+;232.2	33;20903;23542;+;259.0	48;32859;35708;+;345.8	25;15893;17317;+;89.3	33;20903;23542;+;88.8	23;14600;15166;+;167.3	38;25987;26625;+;67.0	39;26684;28639;+;259.2	52;38169;40451;+;393.2	27;17948;18505;+;52.5	52;38169;40451;+;65.9	A	9/9	contiguous	23569	1	1	35711..36241+;176;unnamed;0
NZ_CP071828.1	MPF_T	-	293	0	0	GA	1	266;246717;247142;+;67.9	38;34573;34953;+;35.3		40;35254;37731;+;63.0	40;35254;37731;+;80.7		43;38682;39692;+;47.6		261;241782;242498;+;82.3	262;242495;243370;+;147.3	263;243378;244655;+;128.0	271;251193;253484;+;143.0	45;40987;42855;+;34.5		none	none	A	7/7	canonical	0	0	unscoreable	9	0	0														not_admitted	not_admitted	not_admitted	not_admitted	not_admitted	not_admitted	not_admitted
NZ_CP071829.1	MPF_F	-	154	0	0	GA	0															not_admitted	not_admitted	not_admitted	not_admitted	not_admitted	not_admitted	not_admitted	not_admitted	not_admitted	not_admitted	1	127;127633;128664;-;368.4	119;120895;122340;-;321.9	120;122340;123149;-;214.4	132;131390;133984;-;232.9	118;116957;120892;-;228.0	140;137945;139267;-;95.8	132;131390;133984;-;81.1	142;140003;140614;-;108.2	126;126848;127636;-;89.9	124;124285;125565;-;150.6	152;149056;151122;-;419.4	133;133999;134679;-;50.9	152;149056;151122;-;70.0	A	9/9	contiguous	32099	0	1	
NZ_CP071854.1	-	-	271	0	0	GA	0															not_admitted	not_admitted	not_admitted	not_admitted	not_admitted	not_admitted	not_admitted	not_admitted	not_admitted	not_admitted	1				230;182114;184996;-;148.2							116;87865;90159;-;28.0		116;87865;90159;-;29.6	D	1/9	split_2	94249	0	0	
NZ_CP071862.1	MPF_F	IncFIA(HI1);IncFIB(K);IncHI1A;IncHI1B(R27)	328	0	0	GA	0															not_admitted	not_admitted	not_admitted	not_admitted	not_admitted	not_admitted	not_admitted	not_admitted	not_admitted	not_admitted	1	298;263748;264800;-;277.6	82;63819;65234;+;201.7	81;62783;63829;+;171.3	316;284246;286927;-;160.6	83;65243;69232;+;103.1	320;289275;290633;-;84.0	316;284246;286927;-;76.5	323;292300;293085;-;68.7	300;264945;266453;-;65.6	297;260549;263725;-;58.9	75;53764;55848;-;50.2	317;286936;287886;-;45.2	75;53764;55848;-;36.5	A	9/9	split_2	238536	0	1	
NZ_CP071877.1	MPF_F	IncFIA(HI1);IncHI1A;IncHI1B(R27)	222	0	0	GA	0															not_admitted	not_admitted	not_admitted	not_admitted	not_admitted	not_admitted	not_admitted	not_admitted	not_admitted	not_admitted	1	192;163050;164102;-;277.6	82;63705;65120;+;201.7	81;62669;63715;+;171.3	210;183548;186229;-;160.6	83;65129;69118;+;103.1	214;188577;189935;-;84.0	210;183548;186229;-;76.5	217;191602;192387;-;68.7	194;164247;165755;-;65.6	191;159851;163027;-;58.9	75;53650;55734;-;50.2	211;186238;187188;-;45.2	75;53650;55734;-;36.5	A	9/9	split_2	137952	0	1	
NZ_CP071948.1	-	-	174	0	0	GA	0															not_admitted	not_admitted	not_admitted	not_admitted	not_admitted	not_admitted	not_admitted	not_admitted	not_admitted	not_admitted	1	37;36404;37447;+;298.3	45;42817;44226;+;261.5	44;41768;42820;+;211.7	34;32153;34627;+;276.3	46;44230;44721;+;53.8	29;23770;25083;+;131.9	34;32153;34627;+;128.9	27;21923;22558;+;86.1	36;35199;36404;+;66.8	8;3848;7135;+;114.5	22;17932;19767;+;41.1	30;25211;25573;+;70.2	22;17932;19767;+;56.4	A	9/9	contiguous	40382	0	1	
NZ_CP072124.1	MPF_F	-	116	0	0	GA	0															not_admitted	not_admitted	not_admitted	not_admitted	not_admitted	not_admitted	not_admitted	not_admitted	not_admitted	not_admitted	1	101;71774;72817;+;369.2	106;76800;78227;+;325.8	104;75586;76398;+;219.1	97;67486;70212;+;164.6	107;78243;81245;+;208.7	93;64488;65804;+;102.7	97;67486;70212;+;108.4	91;63197;63775;+;83.7	102;72832;73539;+;107.6	103;73536;75593;+;91.0	69;47253;49412;+;381.3	96;66832;67476;+;41.9	69;47253;49412;+;90.0	A	9/9	contiguous	30990	1	1	81317..81835+;172;unnamed;0
NZ_CP072138.1	MPF_T	-	957	0	0	GA	1	152;155066;156238;-;72.2	477;502041;502340;+;88.0	478;502343;502684;+;106.1	772;823088;825457;+;202.3	479;502677;505058;+;108.0	480;505058;505756;+;209.2	482;505991;506926;+;162.9		484;507232;507903;+;220.9	485;507900;508754;+;184.6	146;149987;151318;-;191.2	145;148941;149990;-;122.4	785;837463;839454;+;496.6		pfam	both	A	7/7	rearranged	1	0	unscoreable	11	0	0														not_admitted	not_admitted	not_admitted	not_admitted	not_admitted	not_admitted	not_admitted
NZ_CP072145.1	MPF_T	-	305	0	0	GA	1	29;29289;29996;-;81.8	264;246020;246385;+;67.3	265;246385;246711;+;72.4	266;246711;249080;+;209.8	26;26142;28598;-;87.1	24;24741;25478;-;48.1	22;23464;24489;-;120.2		21;22712;23443;-;196.7	20;21894;22715;-;192.5	19;20633;21904;-;204.5	18;19561;20685;-;116.6	213;196368;198347;+;494.8		pfam	pfam_only	A	7/7	uncallable	0	0	unscoreable	4	0	0														not_admitted	not_admitted	not_admitted	not_admitted	not_admitted	not_admitted	not_admitted
NZ_CP072148.1	MPF_T	-	415	0	0	GA	1	231;257052;257759;+;81.8	269;286595;286960;+;64.9	18;18643;18969;-;71.9	17;16274;18643;-;231.3	17;16274;18643;-;90.4	236;261570;262307;+;47.6	238;262559;263584;+;120.2		239;263604;264335;+;196.0	240;264332;265153;+;192.5	32;31746;33026;+;227.5	242;266362;267486;+;114.8	104;109881;111851;+;554.1		pfam	pfam_only	A	7/7	uncallable	0	0	unscoreable	21	0	0														not_admitted	not_admitted	not_admitted	not_admitted	not_admitted	not_admitted	not_admitted
NZ_CP072150.1	MPF_T	-	253	0	0	GA	1		85;87294;87698;-;72.0	84;87002;87301;-;61.2	83;84530;86992;-;189.9	83;84530;86992;-;132.2	82;83752;84558;-;46.8	80;82359;83549;-;111.0		79;81664;82341;-;125.2	78;80795;81616;-;187.7	76;78991;80307;-;224.2	86;87688;88659;-;128.9	53;53205;55181;-;545.7		conjscan	conjscan_only	A	7/7	canonical	1	0	unscoreable	3	0	0														not_admitted	not_admitted	not_admitted	not_admitted	not_admitted	not_admitted	not_admitted
NZ_CP072153.1	MPF_T	-	414	0	0	GA	1	230;257083;257790;+;81.8	268;286626;286991;+;64.9	17;18509;18835;-;71.9	16;16140;18509;-;231.3	270;287317;289686;+;90.6	235;261601;262338;+;47.6	237;262590;263615;+;120.2		238;263635;264366;+;196.0	239;264363;265184;+;192.5	31;31612;32892;+;227.5	241;266393;267517;+;114.8	103;109912;111882;+;554.1		pfam	pfam_only	A	7/7	uncallable	0	0	unscoreable	21	0	0														not_admitted	not_admitted	not_admitted	not_admitted	not_admitted	not_admitted	not_admitted
NZ_CP072155.1	MPF_T	-	254	0	0	GA	1		251;279599;280003;-;72.0	250;279307;279606;-;61.2	249;276835;279297;-;189.9	249;276835;279297;-;132.2	248;276057;276863;-;46.8	246;274664;275854;-;111.0		245;273969;274646;-;125.2	244;273100;273921;-;187.7	242;271296;272612;-;224.2	252;279993;280964;-;128.9	219;245510;247486;-;545.7		conjscan	conjscan_only	A	7/7	canonical	1	0	unscoreable	3	0	0														not_admitted	not_admitted	not_admitted	not_admitted	not_admitted	not_admitted	not_admitted
NZ_CP072159.1	MPF_T	-	242	0	0	GA	1		97;86918;87322;+;77.2	98;87315;87614;+;61.2	99;87624;90086;+;186.0	99;87624;90086;+;134.8	100;90058;90864;+;46.2	102;91070;92260;+;109.1		103;92278;92940;+;115.1	104;92937;93809;+;185.7	106;94297;95619;+;216.7	96;85957;86928;+;133.2	192;177550;179466;-;532.3		conjscan	conjscan_only	A	7/7	canonical	1	0	unscoreable	3	0	0														not_admitted	not_admitted	not_admitted	not_admitted	not_admitted	not_admitted	not_admitted
NZ_CP072160.1	MPF_T	-	209	0	0	GA	1	129;128642;129358;+;48.7	6;5791;6195;-;71.5	131;129720;130046;+;72.4	132;130046;132415;+;209.0	4;3020;5488;-;131.4	3;2239;3048;-;46.2	1;831;2021;-;111.0		135;134559;135272;+;157.6	208;195859;196578;-;189.5	206;194049;195371;-;220.9	7;6185;7156;-;133.1	189;177173;179029;-;531.8		conjscan	conjscan_only	A	7/7	uncallable	0	0	unscoreable	4	0	0														not_admitted	not_admitted	not_admitted	not_admitted	not_admitted	not_admitted	not_admitted
NZ_CP072164.1	MPF_T	-	445	0	0	GA	1	421;434841;435548;+;81.8	12;9291;9656;+;64.9	170;157794;158120;-;71.9	169;155425;157794;-;231.3	14;9982;12351;+;91.2	426;439359;440096;+;47.6	428;440348;441373;+;120.2		429;441393;442124;+;196.0	430;442121;442942;+;192.5	185;170897;172177;+;227.5	432;444151;445275;+;114.8	254;249113;251083;+;554.1		pfam	pfam_only	A	7/7	uncallable	0	0	unscoreable	21	0	0														not_admitted	not_admitted	not_admitted	not_admitted	not_admitted	not_admitted	not_admitted
NZ_CP072166.1	MPF_T	-	248	0	0	GA	1		149;174458;174862;+;72.0	150;174855;175154;+;61.2	151;175164;177626;+;189.9	151;175164;177626;+;132.2	152;177598;178404;+;46.8	154;178607;179797;+;111.0		155;179815;180492;+;125.2	156;180540;181361;+;187.7	158;181849;183165;+;224.2	148;173497;174468;+;128.9	182;206974;208950;+;545.7		conjscan	conjscan_only	A	7/7	canonical	1	0	unscoreable	3	0	0														not_admitted	not_admitted	not_admitted	not_admitted	not_admitted	not_admitted	not_admitted
NZ_CP072169.1	MPF_T	-	401	0	0	GA	1	101;102886;103602;+;52.3	356;349850;350254;-;73.6	103;103980;104306;+;72.2	104;104306;106672;+;206.4	354;347085;349547;-;131.7	353;346304;347113;-;47.3	351;344899;346086;-;110.9		107;108490;109203;+;163.5	349;343353;344171;-;187.4	347;341557;342861;-;228.4	357;350244;351215;-;124.5	39;36999;38921;-;556.6		conjscan	conjscan_only	A	7/7	uncallable	0	0	unscoreable	10	0	0														not_admitted	not_admitted	not_admitted	not_admitted	not_admitted	not_admitted	not_admitted
NZ_CP072170.1	MPF_T	-	387	0	0	GA	1	204;205241;206164;+;70.0	106;106357;106734;-;73.5	105;106076;106360;-;64.4	104;103609;106065;-;172.1	104;103609;106065;-;118.7	103;102834;103637;-;48.9	101;101451;102659;-;93.5		100;100767;101429;-;131.3	99;99938;100750;-;188.2	97;98183;99481;-;219.4	107;106724;107695;-;132.3	86;86801;88735;-;541.9		conjscan	conjscan_only	A	7/7	canonical	1	0	unscoreable	13	0	0														not_admitted	not_admitted	not_admitted	not_admitted	not_admitted	not_admitted	not_admitted
NZ_CP072171.1	-	-	77	0	0	GA	1		21;17870;18172;+;84.6	22;18179;18529;+;93.2	23;18526;20913;+;145.1	23;18526;20913;+;104.0	24;20910;21662;+;142.7	26;21934;22866;+;134.6		28;23160;23840;+;169.3	29;23837;24718;+;182.8	30;24715;25947;+;183.6	31;25925;26974;+;105.0	32;26993;28942;+;367.1		pfam	both	A	7/7	canonical	1	0	unscoreable	2	0	0														not_admitted	not_admitted	not_admitted	not_admitted	not_admitted	not_admitted	not_admitted
NZ_CP072175.1	MPF_T	-	597	0	0	GA	1	127;123368;124540;+;72.2	465;464833;465198;-;63.0	464;464510;464836;-;70.0	463;462141;464510;-;202.3	126;120871;123390;+;97.3		130;125568;126653;+;77.6		460;459602;460315;-;166.7	132;127444;128277;+;179.9	133;128595;129620;+;192.1	134;129617;130666;+;122.4	450;448144;450135;-;496.6		none	none	A	7/7	uncallable	0	0	unscoreable	9	0	0														not_admitted	not_admitted	not_admitted	not_admitted	not_admitted	not_admitted	not_admitted
NZ_CP072176.1	MPF_T	-	166	0	0	GA	1	71;65368;66222;+;81.6	72;66242;66586;+;61.7	73;66583;66882;+;74.4	74;66885;69299;+;122.4	74;66885;69299;+;98.1	76;70388;71089;+;56.2	78;71309;72334;+;147.7		79;72363;73055;+;177.7	80;73052;73861;+;195.5	81;73858;75105;+;208.9	82;75065;76093;+;132.3	83;76090;78123;+;299.7		pfam	pfam_only	A	7/7	canonical	1	0	unscoreable	1	0	0														not_admitted	not_admitted	not_admitted	not_admitted	not_admitted	not_admitted	not_admitted
NZ_CP072177.1	MPF_T	-	69	0	0	GA	1	43;29248;30336;+;92.1	40;26138;26488;+;76.4	41;26577;26789;+;45.7	42;26792;29251;+;125.1	42;26792;29251;+;94.8	44;30349;31047;+;42.8	46;31280;32308;+;147.3		47;32344;33036;+;176.8	48;33033;33842;+;199.9	49;33842;35059;+;211.9	50;35040;36062;+;134.1	51;36059;38161;+;306.5		pfam	pfam_only	A	7/7	canonical	1	0	unscoreable	1	0	0														not_admitted	not_admitted	not_admitted	not_admitted	not_admitted	not_admitted	not_admitted
NZ_CP072201.1	MPF_F	IncFIB(K);IncFII(pKP91)	178	0	0	GA	0															not_admitted	not_admitted	not_admitted	not_admitted	not_admitted	not_admitted	not_admitted	not_admitted	not_admitted	not_admitted	1	146;138704;139696;-;366.6	136;131820;133187;-;381.2	140;134444;135196;-;232.2	149;140722;143361;-;259.3	135;128971;131820;-;346.5	157;146947;148371;-;89.3	149;140722;143361;-;88.8	159;149006;149665;-;166.4	145;138053;138691;-;67.0	144;136039;137994;-;259.2	131;124851;127157;-;392.1	155;145760;146317;-;51.5	131;124851;127157;-;66.6	A	9/9	contiguous	24155	1	1	128438..128968-;176;unnamed;0
NZ_CP072202.1	MPF_F	IncFIA(HI1);IncFII(pKP91)	108	0	0	GA	0															not_admitted	not_admitted	not_admitted	not_admitted	not_admitted	not_admitted	not_admitted	not_admitted	not_admitted	not_admitted	1	40;29718;30710;+;366.6	50;36227;37594;+;381.2	46;34218;34970;+;232.2	37;26053;28692;+;259.3	51;37594;40443;+;346.5	29;21043;22467;+;89.3	37;26053;28692;+;88.8	27;19749;20408;+;166.4	41;30723;31361;+;67.0	42;31420;33375;+;259.2	55;42257;44563;+;392.1	31;23097;23654;+;51.5	55;42257;44563;+;66.6	A	9/9	contiguous	22508	1	1	40446..40976+;176;unnamed;0
NZ_CP072266.1	-	-	60	0	0	GA	1	24;18347;19156;+;45.2	26;19501;19797;+;39.1	27;19813;20145;+;84.6	28;20135;22747;+;118.6	28;20135;22747;+;87.3	30;22902;23606;+;147.9	32;24072;25061;+;110.3		34;25275;25961;+;129.4	35;25971;26774;+;199.9	36;26771;28003;+;180.0	37;28032;29036;+;77.5	41;34189;35709;-;72.4		pfam	both	A	7/7	canonical	1	0	unscoreable	7	0	0														not_admitted	not_admitted	not_admitted	not_admitted	not_admitted	not_admitted	not_admitted
NZ_CP072269.1	MPF_T	-	38	0	0	GA	1	24;17746;18657;-;39.9	35;27498;27869;-;71.3	34;27202;27501;-;50.8	33;24546;27215;-;66.7	33;24546;27215;-;82.6	32;23881;24543;-;70.7	29;22377;23237;-;143.8		28;21706;22380;-;92.1	27;20899;21681;-;199.2	26;19677;20897;-;174.4	25;18644;19666;-;112.7	15;9796;11370;+;67.5		pfam	both	A	7/7	canonical	1	0	unscoreable	10	0	0														not_admitted	not_admitted	not_admitted	not_admitted	not_admitted	not_admitted	not_admitted
NZ_CP072272.1	MPF_F	-	94	0	0	GA	0															not_admitted	not_admitted	not_admitted	not_admitted	not_admitted	not_admitted	not_admitted	not_admitted	not_admitted	not_admitted	1	34;25974;27017;+;369.2	39;31000;32427;+;325.8	37;29786;30598;+;219.1	30;21686;24412;+;164.6	40;32443;35445;+;208.7	26;18688;20004;+;102.7	30;21686;24412;+;108.4	24;17397;17975;+;83.7	35;27032;27739;+;107.6	36;27736;29793;+;91.0	2;1453;3612;+;381.3	29;21032;21676;+;41.9	2;1453;3612;+;90.0	A	9/9	contiguous	30990	1	1	35517..36035+;172;unnamed;0
NZ_CP072277.1	MPF_F	-	94	0	0	GA	0															not_admitted	not_admitted	not_admitted	not_admitted	not_admitted	not_admitted	not_admitted	not_admitted	not_admitted	not_admitted	1	34;25974;27017;+;369.2	39;31000;32427;+;325.8	37;29786;30598;+;219.1	30;21686;24412;+;164.6	40;32443;35445;+;208.7	26;18688;20004;+;102.7	30;21686;24412;+;108.4	24;17397;17975;+;83.7	35;27032;27739;+;107.6	36;27736;29793;+;91.0	2;1453;3612;+;381.3	29;21032;21676;+;41.9	2;1453;3612;+;90.0	A	9/9	contiguous	30990	1	1	35517..36035+;172;unnamed;0
NZ_CP072282.1	MPF_F	-	116	0	0	GA	0															not_admitted	not_admitted	not_admitted	not_admitted	not_admitted	not_admitted	not_admitted	not_admitted	not_admitted	not_admitted	1	101;71774;72817;+;369.2	106;76800;78227;+;325.8	104;75586;76398;+;219.1	97;67486;70212;+;164.6	107;78243;81245;+;208.7	93;64488;65804;+;102.7	97;67486;70212;+;108.4	91;63197;63775;+;83.7	102;72832;73539;+;107.6	103;73536;75593;+;91.0	69;47253;49412;+;381.3	96;66832;67476;+;41.9	69;47253;49412;+;90.0	A	9/9	contiguous	30990	1	1	81317..81835+;172;unnamed;0
NZ_CP072287.1	MPF_F	-	116	0	0	GA	0															not_admitted	not_admitted	not_admitted	not_admitted	not_admitted	not_admitted	not_admitted	not_admitted	not_admitted	not_admitted	1	101;71774;72817;+;369.2	106;76800;78227;+;325.8	104;75586;76398;+;219.1	97;67486;70212;+;164.6	107;78243;81245;+;208.7	93;64488;65804;+;102.7	97;67486;70212;+;108.4	91;63197;63775;+;83.7	102;72832;73539;+;107.6	103;73536;75593;+;91.0	69;47253;49412;+;381.3	96;66832;67476;+;41.9	69;47253;49412;+;90.0	A	9/9	contiguous	30990	1	1	81317..81835+;172;unnamed;0
NZ_CP072292.1	MPF_F	-	94	0	0	GA	0															not_admitted	not_admitted	not_admitted	not_admitted	not_admitted	not_admitted	not_admitted	not_admitted	not_admitted	not_admitted	1	34;25974;27017;+;369.2	39;31000;32427;+;325.8	37;29786;30598;+;219.1	30;21686;24412;+;164.6	40;32443;35445;+;208.7	26;18688;20004;+;102.7	30;21686;24412;+;108.4	24;17397;17975;+;83.7	35;27032;27739;+;107.6	36;27736;29793;+;91.0	2;1453;3612;+;381.3	29;21032;21676;+;41.9	2;1453;3612;+;90.0	A	9/9	contiguous	30990	1	1	35517..36035+;172;unnamed;0
NZ_CP072297.1	MPF_F	-	116	0	0	GA	0															not_admitted	not_admitted	not_admitted	not_admitted	not_admitted	not_admitted	not_admitted	not_admitted	not_admitted	not_admitted	1	101;71774;72817;+;369.2	106;76800;78227;+;325.8	104;75586;76398;+;219.1	97;67486;70212;+;164.6	107;78243;81245;+;208.7	93;64488;65804;+;102.7	97;67486;70212;+;108.4	91;63197;63775;+;83.7	102;72832;73539;+;107.6	103;73536;75593;+;91.0	69;47253;49412;+;381.3	96;66832;67476;+;41.9	69;47253;49412;+;90.0	A	9/9	contiguous	30990	1	1	81317..81835+;172;unnamed;0
NZ_CP072302.1	MPF_F	-	96	0	0	GA	0															not_admitted	not_admitted	not_admitted	not_admitted	not_admitted	not_admitted	not_admitted	not_admitted	not_admitted	not_admitted	1	59;41430;42473;-;369.2	54;36020;37447;-;325.8	56;37849;38661;-;219.1	63;44035;46761;-;164.6	53;33002;36004;-;208.7	67;48443;49759;-;102.7	63;44035;46761;-;108.4	69;50472;51050;-;83.7	58;40708;41415;-;107.6	57;38654;40711;-;91.0	93;64698;66857;-;381.3	64;46771;47415;-;41.9	93;64698;66857;-;90.0	A	9/9	contiguous	31696	1	1	32412..32930-;172;unnamed;0
NZ_CP072313.1	-	-	46	0	0	GA	1	19;11188;11769;+;46.4		21;12211;12534;+;35.4	22;12536;14965;+;61.6	22;12536;14965;+;36.1	23;15188;15856;+;27.0	25;16362;17408;+;107.3		27;17609;18355;+;151.2	28;18352;19149;+;175.1	29;19139;20362;+;141.7	30;20362;21375;+;111.6	31;21695;23716;+;263.3		pfam	pfam_only	A	7/7	canonical	1	0	unscoreable	4	0	0														not_admitted	not_admitted	not_admitted	not_admitted	not_admitted	not_admitted	not_admitted
NZ_CP072315.1	MPF_F	IncHI2;IncHI2A;IncQ1	257	0	0	GA	0															not_admitted	not_admitted	not_admitted	not_admitted	not_admitted	not_admitted	not_admitted	not_admitted	not_admitted	not_admitted	1	101;93097;94155;+;276.9	247;221598;223013;-;194.1	248;223003;224049;-;174.3	85;70844;73525;+;168.3	246;217636;221589;-;101.6	81;67159;68514;+;80.7	85;70844;73525;+;72.2	78;64647;65435;+;74.8	99;91444;92955;+;62.0	102;94174;97362;+;57.3	255;231091;233175;+;56.8	84;69885;70835;+;46.1	255;231091;233175;+;38.8	A	9/9	split_3	166444	1	1	216166..217455-;429;unnamed;0
NZ_CP072316.1	MPF_T	IncX4	42	0	0	GA	1	4;1308;1928;+;41.6	5;1942;2268;+;64.4	6;2287;5034;+;63.8	6;2287;5034;+;151.8	6;2287;5034;+;46.1	7;5046;5762;+;94.2	8;5774;6868;+;150.1		10;7383;8069;+;169.0	11;8066;8974;+;142.4	12;8967;10085;+;163.9	13;10087;11115;+;85.0	14;11147;12964;+;314.8		pfam	pfam_only	A	7/7	canonical	1	1	unscoreable	1	0	0														not_admitted	not_admitted	not_admitted	not_admitted	not_admitted	not_admitted	not_admitted
NZ_CP072317.1	MPF_F	IncFII	81	0	0	GA	0															not_admitted	not_admitted	not_admitted	not_admitted	not_admitted	not_admitted	not_admitted	not_admitted	not_admitted	not_admitted	1	21;23601;24593;-;369.5	11;16449;17822;-;381.7	16;19752;20495;-;234.4	24;25602;28232;-;304.1	10;13630;16452;-;374.0	31;31231;32682;-;94.2	24;25602;28232;-;97.1	33;33397;33963;-;174.3	19;22619;23257;-;68.6	18;20772;22622;-;266.1	6;9106;11358;-;391.1	28;29856;30371;-;78.4	6;9106;11358;-;70.3	A	9/9	contiguous	24291	1	1	13129..13608-;159;TraS;0
NZ_CP072323.1	MPF_F	IncFIB(AP001918);IncFII	157	0	0	GA	0															not_admitted	not_admitted	not_admitted	not_admitted	not_admitted	not_admitted	not_admitted	not_admitted	not_admitted	not_admitted	1	102;99320;100312;-;367.3	91;92261;93634;-;374.3	98;95848;96591;-;234.1	105;101321;103948;-;305.4	90;89448;92264;-;387.9	111;106003;107430;-;94.4	105;101321;103948;-;99.2	113;108145;108711;-;183.8	101;98673;99311;-;67.3	100;96868;98676;-;268.3	87;85732;87885;-;391.1	107;104464;104979;-;77.3	87;85732;87885;-;69.2	A	9/9	contiguous	22413	1	1	88894..89415-;173;unnamed;0
NZ_CP072395.1	MPF_T	-	70	0	0	GA	1	69;59405;59995;+;64.4	9;12641;12955;+;82.0		11;13291;15861;+;38.4	11;13291;15861;+;110.6	12;15880;16653;+;58.2	13;17221;18699;+;84.9		14;18706;19416;+;124.6	15;19443;20435;+;167.8	16;20451;21803;+;213.7	8;11557;12561;+;114.6	1;2960;5011;+;343.3		conjscan	conjscan_only	A	7/7	canonical	1	0	unscoreable	8	0	0														not_admitted	not_admitted	not_admitted	not_admitted	not_admitted	not_admitted	not_admitted
NZ_CP072400.1	MPF_F	-	116	0	0	GA	0															not_admitted	not_admitted	not_admitted	not_admitted	not_admitted	not_admitted	not_admitted	not_admitted	not_admitted	not_admitted	1	101;71774;72817;+;369.2	106;76800;78227;+;325.8	104;75586;76398;+;219.1	97;67486;70212;+;164.6	107;78243;81245;+;208.7	93;64488;65804;+;102.7	97;67486;70212;+;108.4	91;63197;63775;+;83.7	102;72832;73539;+;107.6	103;73536;75593;+;91.0	69;47253;49412;+;381.3	96;66832;67476;+;41.9	69;47253;49412;+;90.0	A	9/9	contiguous	30990	1	1	81317..81835+;172;unnamed;0
NZ_CP072423.1	MPF_F	IncFIB(K);IncFII(K)	152	0	0	GA	0															not_admitted	not_admitted	not_admitted	not_admitted	not_admitted	not_admitted	not_admitted	not_admitted	not_admitted	not_admitted	1	108;104647;105636;-;366.0	98;97786;99156;-;380.7	102;100358;101110;-;230.7	112;107079;109718;-;258.5	97;94943;97786;-;346.5	120;112977;114401;-;89.2	112;107079;109718;-;88.7	122;115128;115694;-;169.3	107;103996;104634;-;67.0	106;101982;103937;-;259.7	93;90046;92358;-;392.8	119;112279;112863;-;55.4	93;90046;92358;-;65.9	A	9/9	contiguous	25082	1	1	94408..94932-;174;unnamed;0
NZ_CP072454.1	-	-	136	0	0	GA	0															not_admitted	not_admitted	not_admitted	not_admitted	not_admitted	not_admitted	not_admitted	not_admitted	not_admitted	not_admitted	1	87;92676;93671;-;361.6	75;84224;85600;-;329.5	84;89420;90208;-;204.5	90;94711;97422;-;233.5	74;81317;84211;-;316.8	109;105130;106491;-;98.0	90;94711;97422;-;123.8	111;107235;107804;-;124.5	86;92043;92660;-;66.5	85;90205;92043;-;234.7	70;77643;79865;-;369.2	91;97424;97987;-;54.5	70;77643;79865;-;65.7	A	9/9	contiguous	29592	1	1	80823..81320-;165;unnamed;0
NZ_CP072457.1	MPF_F	IncFIA(HI1);IncHI1A;IncHI1B(R27)	209	0	0	GA	0															not_admitted	not_admitted	not_admitted	not_admitted	not_admitted	not_admitted	not_admitted	not_admitted	not_admitted	not_admitted	1	16;16245;17297;+;277.6	113;104729;106144;-;201.7	114;106134;107180;-;171.3	207;179504;182185;+;160.6	112;100731;104720;-;103.1	203;175798;177156;+;84.0	207;179504;182185;+;76.5	200;173346;174131;+;68.7	14;14592;16100;+;65.6	17;17320;20496;+;58.9	120;114115;116199;+;50.2	206;178545;179495;+;45.2	120;114115;116199;+;36.5	A	9/9	split_3	164912	0	1	
NZ_CP072461.1	MPF_F	IncFIA(HI1);IncFIB(K);IncHI1A;IncHI1B(R27);IncN	340	0	0	GA	0															not_admitted	not_admitted	not_admitted	not_admitted	not_admitted	not_admitted	not_admitted	not_admitted	not_admitted	not_admitted	1	59;56300;57352;+;277.6	287;260502;261917;-;201.7	288;261907;262953;-;171.3	41;34173;36854;+;160.6	286;256504;260493;-;103.1	37;30467;31825;+;84.0	41;34173;36854;+;76.5	34;28015;28800;+;68.7	57;54647;56155;+;65.6	60;57375;60551;+;58.9	294;269888;271972;+;50.2	40;33214;34164;+;45.2	294;269888;271972;+;36.5	A	9/9	split_3	241873	0	1	
NZ_CP072470.1	MPF_T	IncX3	58	0	0	GA	1	20;12365;13009;+;46.4	21;12993;13283;+;73.1	22;13308;16061;+;47.0	22;13308;16061;+;142.4	22;13308;16061;+;73.3	23;16071;16841;+;60.1	25;17120;18175;+;133.2		26;18370;19098;+;119.4	27;19104;20033;+;138.8	28;20030;21244;+;128.3	30;21440;22474;+;65.7	31;22477;24312;+;495.9		pfam	pfam_only	A	7/7	canonical	1	1	unscoreable	2	0	0														not_admitted	not_admitted	not_admitted	not_admitted	not_admitted	not_admitted	not_admitted
NZ_CP072497.1	MPF_F	IncFIB(K);IncFII(pKP91)	137	0	0	GA	0															not_admitted	not_admitted	not_admitted	not_admitted	not_admitted	not_admitted	not_admitted	not_admitted	not_admitted	not_admitted	1	81;83395;84384;-;366.6	71;76510;77877;-;384.6	75;79135;79887;-;232.2	85;85827;88466;-;259.3	70;73661;76510;-;345.8	94;93118;94542;-;89.3	85;85827;88466;-;88.7	96;95269;95835;-;167.0	80;82744;83382;-;67.0	79;80730;82685;-;259.2	66;68918;71200;-;393.2	92;91930;92487;-;52.5	66;68918;71200;-;65.9	A	9/9	contiguous	26351	1	1	73128..73658-;176;unnamed;0
NZ_CP072516.1	MPF_F	IncFIB(pNDM-Mar);IncHI1B(pNDM-MAR)	286	0	0	GA	0															not_admitted	not_admitted	not_admitted	not_admitted	not_admitted	not_admitted	not_admitted	not_admitted	not_admitted	not_admitted	1	161;141931;142968;+;282.3	12;15022;16431;-;190.6	13;16421;17458;-;175.6	149;128382;131099;+;149.6	11;11106;15020;-;120.2	145;124899;126269;+;65.6	149;128382;131099;+;85.2	142;122393;123253;+;79.0	160;140573;141934;+;69.9	162;142978;146160;+;60.1	20;24657;26783;+;57.7	148;127600;128337;+;56.9	20;24657;26783;+;41.0	A	9/9	split_2	131872	0	1	
NZ_CP072517.1	MPF_F	IncFIA(HI1);IncHI1A;IncHI1B(R27)	221	0	0	GA	0															not_admitted	not_admitted	not_admitted	not_admitted	not_admitted	not_admitted	not_admitted	not_admitted	not_admitted	not_admitted	1	67;59637;60689;-;277.6	179;156176;157591;+;201.7	178;155140;156186;+;171.3	85;80135;82816;-;160.6	180;157600;161589;+;103.1	89;85164;86522;-;84.0	85;80135;82816;-;76.5	92;88189;88974;-;68.7	69;60834;62342;-;65.6	66;56438;59614;-;58.9	172;146121;148205;-;50.2	86;82825;83775;-;45.2	172;146121;148205;-;36.5	A	9/9	split_2	101162	0	1	
NZ_CP072553.1	MPF_T	-	51	0	0	GA	1	15;13149;13862;+;100.6	16;13885;14178;+;39.1		17;14192;16903;+;81.4	17;14192;16903;+;58.4	18;16900;17541;+;69.5	5;4340;5410;+;79.5		6;5410;6195;+;76.4	7;6207;6944;+;146.9	8;6946;8298;+;180.7	9;8315;9346;+;94.0	13;11368;12885;+;38.3		pfam	both	A	7/7	rearranged	1	0	unscoreable	3	0	0														not_admitted	not_admitted	not_admitted	not_admitted	not_admitted	not_admitted	not_admitted
NZ_CP072556.1	MPF_T	IncN4	51	0	0	GA	1	8;3235;3975;+;34.8	10;4299;4589;+;45.9	11;4639;4953;+;65.3	12;4953;7583;+;124.9	12;4953;7583;+;86.8	13;7593;8300;+;114.6	15;8559;9602;+;127.4	16;9697;9867;+;41.4	17;9870;10586;+;145.6	18;10589;11476;+;144.4	19;11473;12627;+;174.0	20;12620;13651;+;78.1	25;18059;19636;-;50.6		pfam	both	A	7/7	canonical	1	0	ga	6	0	0														not_admitted	not_admitted	not_admitted	not_admitted	not_admitted	not_admitted	not_admitted
NZ_CP072560.1	MPF_T	-	318	0	0	GA	1		208;176320;176697;+;87.0	209;176694;176978;+;31.4	210;176991;179450;+;39.0	210;176991;179450;+;128.7	211;179447;180175;+;223.6	213;180517;181890;+;174.6		214;181903;182604;+;231.1	215;182601;183593;+;225.7	216;183596;184891;+;206.6	207;175295;176323;+;110.0	205;172816;174813;+;338.0		conjscan	conjscan_only	A	7/7	canonical	1	0	unscoreable	3	0	0														not_admitted	not_admitted	not_admitted	not_admitted	not_admitted	not_admitted	not_admitted
NZ_CP072561.1	MPF_T	IncP1	78	0	0	GA	1	26;21485;22120;-;23.5	37;31973;32437;-;63.5	36;31658;31969;-;49.8	35;29103;31661;-;91.0	35;29103;31661;-;112.1	30;24705;25469;-;122.3	28;22739;24457;-;143.0		34;28324;29106;-;145.8	33;27407;28306;-;186.5	31;25490;26911;-;223.3	38;32454;33416;-;127.6	62;50937;52850;+;525.1		conjscan	conjscan_only	A	7/7	canonical	1	0	unscoreable	4	0	0														not_admitted	not_admitted	not_admitted	not_admitted	not_admitted	not_admitted	not_admitted
NZ_CP072562.1	MPF_T	-	50	0	0	GA	1	17;16391;17023;+;56.9	4;2974;3297;+;51.2	5;3325;3693;+;79.5	6;3690;6125;+;153.5	6;3690;6125;+;105.7	7;6122;6853;+;140.8	9;7064;8014;+;149.5		11;8333;9226;+;90.8	12;9229;10038;+;142.3	13;10035;11246;+;127.8	14;11243;12289;+;86.7	15;12299;14209;+;329.8		pfam	both	A	7/7	canonical	1	0	unscoreable	3	0	0														not_admitted	not_admitted	not_admitted	not_admitted	not_admitted	not_admitted	not_admitted
NZ_CP072615.1	MPF_T	-	149	0	0	GA	1	83;77651;78805;-;74.0	87;81583;81978;-;73.2	86;81312;81590;-;90.4	85;78959;81322;-;85.6	85;78959;81322;-;44.1	82;76842;77654;-;70.2	75;71434;72513;-;124.0		81;76171;76824;-;172.0	80;75473;76168;-;167.6	79;74097;75476;-;179.6	78;73106;74092;-;103.9	44;40121;42112;+;286.8		pfam	both	A	7/7	canonical	1	0	unscoreable	3	0	0														not_admitted	not_admitted	not_admitted	not_admitted	not_admitted	not_admitted	not_admitted
NZ_CP072616.1	MPF_T	-	128	0	0	GA	1	125;127407;128561;-;69.8	0;485;778;-;73.0		127;128724;130790;-;81.9		124;126592;127407;-;68.4	117;120946;122022;-;119.6		123;125823;126476;-;160.0	122;125026;125823;-;166.7	121;123635;125029;-;178.1	120;122645;123631;-;107.0	113;116688;118694;+;289.3		pfam	both	A	7/7	canonical	1	0	unscoreable	6	0	0														not_admitted	not_admitted	not_admitted	not_admitted	not_admitted	not_admitted	not_admitted
NZ_CP072744.1	MPF_F	-	91	0	0	GA	0															not_admitted	not_admitted	not_admitted	not_admitted	not_admitted	not_admitted	not_admitted	not_admitted	not_admitted	not_admitted	1	18;14309;15316;+;373.7	24;19429;20796;+;372.0	21;17841;18584;+;221.6	14;10172;12802;+;277.6	25;20796;23624;+;339.2	11;7828;9222;+;86.1	14;10172;12802;+;94.4	9;6545;7111;+;160.4	19;15331;15960;+;67.7	20;15957;17831;+;243.9	27;24440;26611;+;387.5	12;9244;9786;+;61.1	27;24440;26611;+;65.8	A	9/9	contiguous	17895	1	1	23633..24148+;171;unnamed;0
NZ_CP072747.1	MPF_T	-	614	0	0	GA	1		250;246121;246420;+;85.6	251;246423;246764;+;106.1	252;246757;249138;+;172.6	252;246757;249138;+;108.0	253;249138;249836;+;209.8	255;250071;251006;+;163.9		257;251312;251983;+;220.9	258;251980;252834;+;185.3	259;252849;254021;+;183.4	260;254030;255040;+;98.7	167;165461;167380;-;321.3		pfam	both	A	7/7	canonical	1	0	unscoreable	2	0	0														not_admitted	not_admitted	not_admitted	not_admitted	not_admitted	not_admitted	not_admitted
NZ_CP072750.1	-	-	158	0	0	GA	1	23;19547;20221;+;104.1	14;10913;11248;+;77.7	15;11245;11517;+;28.5	16;11514;14048;+;54.7	16;11514;14048;+;101.7	17;14045;14779;+;55.4	18;14792;16006;+;88.8		19;16072;16764;+;144.0	20;16819;17853;+;209.1	21;17863;19161;+;206.7	88;90796;91707;+;111.2	86;88299;90341;+;346.5		conjscan	conjscan_only	A	7/7	canonical	1	0	unscoreable	3	0	0														not_admitted	not_admitted	not_admitted	not_admitted	not_admitted	not_admitted	not_admitted
NZ_CP072803.1	MPF_F	IncHI2;IncHI2A	287	0	0	GA	0															not_admitted	not_admitted	not_admitted	not_admitted	not_admitted	not_admitted	not_admitted	not_admitted	not_admitted	not_admitted	1	29;32557;33615;+;276.9	204;194956;196371;-;194.1	205;196361;197407;-;174.3	13;10304;12985;+;168.0	203;190994;194947;-;101.6	9;6619;7974;+;80.7	13;10304;12985;+;72.2	6;4107;4895;+;74.8	27;30904;32415;+;62.0	30;33634;36822;+;57.3	212;204449;206533;+;56.8	12;9345;10295;+;46.1	212;204449;206533;+;38.8	A	9/9	split_3	200342	1	1	189524..190813-;429;unnamed;0
NZ_CP072807.1	MPF_F	IncFII	117	0	0	GA	0															not_admitted	not_admitted	not_admitted	not_admitted	not_admitted	not_admitted	not_admitted	not_admitted	not_admitted	not_admitted	1	72;64087;65079;+;369.3	83;71129;72502;+;381.0	78;68796;69539;+;233.3	69;60451;63078;+;303.5	84;72499;75324;+;386.0	63;56865;58292;+;94.3	69;60451;63078;+;98.5	61;55584;56150;+;183.8	75;66076;66714;+;68.6	76;66711;68519;+;268.0	87;76828;79035;+;391.7	67;59420;59935;+;77.3	87;76828;79035;+;70.3	A	9/9	contiguous	21244	1	1	75321..75830+;169;unnamed;0
NZ_CP072809.1	MPF_F	IncFIB(pNDM-Mar);IncHI1B(pNDM-MAR);IncR	433	0	0	GA	0															not_admitted	not_admitted	not_admitted	not_admitted	not_admitted	not_admitted	not_admitted	not_admitted	not_admitted	not_admitted	1	358;317831;318868;-;282.3	79;62141;63550;+;190.4	78;61114;62151;+;176.7	370;329700;332417;-;148.7	80;63552;67490;+;118.9	374;334530;335900;-;65.6	370;329700;332417;-;85.2	377;337546;338406;-;79.0	359;318865;320226;-;69.9	357;314636;317821;-;58.9	71;51807;53933;-;58.0	371;332462;333199;-;57.0	71;51807;53933;-;39.7	A	9/9	split_2	285739	0	1	
NZ_CP072810.1	MPF_F	IncFIB(pNDM-Mar);IncHI1B(pNDM-MAR)	383	0	0	GA	0															not_admitted	not_admitted	not_admitted	not_admitted	not_admitted	not_admitted	not_admitted	not_admitted	not_admitted	not_admitted	1	308;280203;281240;-;282.3	77;59493;60902;+;190.4	76;58466;59503;+;176.7	320;292072;294789;-;148.7	78;60904;64842;+;118.9	324;296902;298272;-;65.6	320;292072;294789;-;85.2	327;299918;300778;-;79.0	309;281237;282598;-;69.9	307;277008;280193;-;58.9	69;49159;51285;-;58.0	321;294834;295571;-;57.0	69;49159;51285;-;39.7	A	9/9	split_2	250759	0	1	
NZ_CP072859.1	MPF_F	IncFIA;IncFIB(AP001918);IncFII(pAMA1167-NDM-5)	131	0	0	GA	0															not_admitted	not_admitted	not_admitted	not_admitted	not_admitted	not_admitted	not_admitted	not_admitted	not_admitted	not_admitted	1	65;60275;61267;-;369.5			68;62276;64903;-;303.9		74;66788;68239;-;94.1	68;62276;64903;-;96.5	76;68954;69520;-;184.3	63;59293;59931;-;68.7		58;55174;57372;-;391.8	71;65419;65934;-;75.2	58;55174;57372;-;70.3	D	5/9	contiguous	13780	0	0	
NZ_CP072860.1	MPF_T	ColKP3;IncX3	58	0	0	GA	1	34;29365;30009;-;46.4	33;29091;29381;-;73.1	32;26313;29066;-;47.0	32;26313;29066;-;145.4	32;26313;29066;-;73.3	31;25533;26303;-;60.1	29;24199;25254;-;133.2		28;23276;24004;-;118.8	27;22341;23270;-;138.8	26;21130;22344;-;128.3	24;19900;20934;-;65.7	23;18062;19897;-;495.9		pfam	pfam_only	A	7/7	canonical	1	1	unscoreable	2	0	0														not_admitted	not_admitted	not_admitted	not_admitted	not_admitted	not_admitted	not_admitted
NZ_CP072869.1	MPF_T	-	395	0	0	GA	1		273;280440;280823;-;73.5	272;280148;280447;-;66.4	271;277687;280137;-;171.3	271;277687;280137;-;118.9	270;276912;277709;-;49.4	268;275540;276721;-;114.3		267;274857;275519;-;129.7	266;274027;274839;-;186.1	264;272273;273571;-;214.4	274;280813;281790;-;130.8	252;260056;261987;-;549.2		conjscan	conjscan_only	A	7/7	canonical	1	0	unscoreable	3	0	0														not_admitted	not_admitted	not_admitted	not_admitted	not_admitted	not_admitted	not_admitted
NZ_CP072872.1	MPF_T	-	72	0	0	GA	1	48;46607;47695;+;93.5	45;43499;43846;+;73.0	46;43849;44148;+;77.6	47;44151;46610;+;122.8	47;44151;46610;+;99.0	49;47707;48411;+;34.0	50;48641;49669;+;146.0		51;49707;50402;+;180.6	52;50399;51208;+;197.9	53;51208;52413;+;211.3	54;52394;53416;+;135.5	55;53413;55515;+;312.3		pfam	pfam_only	A	7/7	canonical	1	0	unscoreable	0	0	0														not_admitted	not_admitted	not_admitted	not_admitted	not_admitted	not_admitted	not_admitted
NZ_CP072906.1	MPF_F	IncFIB(pNDM-Mar);IncHI1B(pNDM-MAR)	416	0	0	GA	0															not_admitted	not_admitted	not_admitted	not_admitted	not_admitted	not_admitted	not_admitted	not_admitted	not_admitted	not_admitted	1	333;293265;294302;-;282.3	89;68237;69646;+;190.0	88;67210;68247;+;176.6	345;305134;307851;-;149.6	90;69648;73586;+;118.9	349;309964;311334;-;65.6	345;305134;307851;-;85.2	352;312980;313840;-;79.0	334;294299;295660;-;69.9	332;290070;293255;-;59.2	81;57885;60011;-;58.4	346;307896;308633;-;57.0	81;57885;60011;-;41.0	A	9/9	split_2	255095	0	1	
NZ_CP072907.1	MPF_F	IncFII(pKP91);repB(R1701)	118	0	0	GA	0															not_admitted	not_admitted	not_admitted	not_admitted	not_admitted	not_admitted	not_admitted	not_admitted	not_admitted	not_admitted	1	93;74751;75743;+;366.6	103;81260;82627;+;379.8	99;79251;80003;+;232.2	90;71086;73725;+;259.3	104;82627;85449;+;346.6	80;65849;67273;+;89.2	90;71086;73725;+;88.8	78;64556;65122;+;167.0	94;75756;76394;+;67.0	95;76453;78408;+;258.5	108;87418;89727;+;391.8	82;67885;68454;+;55.3	108;87418;89727;+;66.6	A	9/9	contiguous	22862	1	1	85473..86075+;200;TraS;0
NZ_CP072908.1	MPF_T	IncI2	74	0	0	GA	1	36;32166;32648;-;81.1		51;48268;48552;-;36.5	50;45905;48262;-;58.5	50;45905;48262;-;44.9	60;53208;53855;-;41.6	61;53861;54847;-;122.2		48;45005;45739;-;144.3	47;44238;45008;-;170.5	46;43109;44248;-;154.7	39;34416;35954;-;207.1	44;40037;41995;-;287.0		pfam	pfam_only	A	7/7	rearranged	1	0	unscoreable	14	0	0														not_admitted	not_admitted	not_admitted	not_admitted	not_admitted	not_admitted	not_admitted
NZ_CP072939.1	MPF_F	IncHI2;IncHI2A	421	0	0	GA	0															not_admitted	not_admitted	not_admitted	not_admitted	not_admitted	not_admitted	not_admitted	not_admitted	not_admitted	not_admitted	1	29;32275;33333;+;276.9	267;251475;252890;-;194.1	268;252880;253926;-;173.2	11;8955;11636;+;168.0	266;247516;251466;-;101.6	7;5270;6625;+;80.7	11;8955;11636;+;72.2	4;2758;3546;+;74.8	27;30622;32133;+;62.7	30;33352;36540;+;58.3	274;260967;263051;+;56.7	10;7996;8946;+;46.4	274;260967;263051;+;38.8	A	9/9	split_3	258209	0	1	
NZ_CP072946.1	MPF_F	IncFII;IncHI1A(NDM-CIT);IncHI1B(pNDM-CIT)	447	1	1	GA	1	156;149567;150076;-;78.2	66;67865;68251;-;89.6	65;67599;67868;-;32.5	400;362691;365141;-;42.3	400;362691;365141;-;138.4	63;64396;65139;-;226.2	61;62795;64060;-;179.6		60;62072;62776;-;235.7	395;358534;359526;-;224.4	58;59797;61080;-;206.6	67;68238;69317;-;118.3	405;367327;369342;-;346.4	177;164588;166438;+;266.1	conjscan	conjscan_only	A	7/7	canonical	1	0	unscoreable	36	0	1	174;162617;163609;+;369.5	184;169388;170761;+;381.7	179;166715;167458;+;234.4	171;158978;161608;+;304.1	185;170758;173580;+;374.0	58;59797;61080;-;206.6	171;158978;161608;+;97.1	161;152844;153410;+;174.3	176;163953;164591;+;68.6	177;164588;166438;+;266.1	189;175852;178140;+;391.0	166;156436;156951;+;78.4	405;367327;369342;-;99.4	A	9/9	split_3	307530	1	1	173602..174081+;159;TraS;0
NZ_CP072950.1	MPF_F	IncFIB(K)	244	0	0	GA	0															not_admitted	not_admitted	not_admitted	not_admitted	not_admitted	not_admitted	not_admitted	not_admitted	not_admitted	not_admitted	1	185;188097;189086;-;366.6	175;181183;182550;-;380.5	179;183808;184560;-;233.7	189;190543;193182;-;258.5	174;178334;181183;-;346.4	196;196010;197434;-;88.1	189;190543;193182;-;88.7	198;198161;198727;-;169.3	184;187446;188084;-;66.9	183;185432;187387;-;259.7	167;172499;174808;-;393.1	195;195353;195937;-;54.3	167;172499;174808;-;66.5	A	9/9	contiguous	25662	1	1	177801..178331-;176;unnamed;0
NZ_CP072951.1	MPF_F	IncFII(Yp);IncFII(pAR0022)	133	0	0	GA	0															not_admitted	not_admitted	not_admitted	not_admitted	not_admitted	not_admitted	not_admitted	not_admitted	not_admitted	not_admitted	1	55;45304;46296;+;368.4	63;51009;52379;+;376.7	59;49043;49792;+;218.2	52;41686;44316;+;285.5	64;52379;55201;+;336.5	46;38264;39658;+;90.7	52;41686;44316;+;98.6	44;36981;37547;+;169.9	56;46313;46942;+;66.9	57;46939;48792;+;260.5	67;56537;58747;+;382.2	47;39680;40219;+;67.5	67;56537;58747;+;60.3	A	9/9	contiguous	19556	1	1	55223..55654+;143;TraS;0
NZ_CP072954.1	MPF_F	IncFIB(pB171)	247	0	0	GA	0															not_admitted	not_admitted	not_admitted	not_admitted	not_admitted	not_admitted	not_admitted	not_admitted	not_admitted	not_admitted	1	173;174062;175048;-;368.4	165;167979;169349;-;376.7	169;170566;171315;-;218.2	176;176042;178672;-;285.5	164;165157;167979;-;336.5	182;180700;182094;-;90.9	176;176042;178672;-;98.6	184;182811;183377;-;169.9	172;173416;174045;-;66.9	171;171566;173419;-;257.4	161;161611;163821;-;384.8	181;180139;180678;-;64.9	161;161611;163821;-;63.9	A	9/9	contiguous	21200	1	1	164704..165135-;143;TraS;0
NZ_CP072962.1	MPF_F	IncHI1A(NDM-CIT);IncHI1B(pNDM-CIT)	454	1	1	GA	1	260;243303;243842;+;23.7	79;85151;85537;-;89.6	78;84885;85154;-;32.5	407;369573;372023;-;42.3	407;369573;372023;-;138.4	76;81682;82425;-;226.2	74;80081;81346;-;179.6		73;79358;80062;-;235.7	402;365416;366408;-;224.4	71;77083;78366;-;206.6	80;85524;86603;-;118.3	412;374209;376224;-;346.4	42;48804;51980;+;57.9	conjscan	conjscan_only	A	7/7	canonical	1	0	unscoreable	6	0	1	41;48078;48785;+;214.6	265;250265;251680;-;194.1	266;251670;252716;-;173.7	11;9310;11991;+;156.8	264;246306;250256;-;101.6	71;77083;78366;-;206.6	11;9310;11991;+;73.5	4;3152;3937;+;69.5	39;46077;47585;+;62.3	42;48804;51980;+;57.9	412;374209;376224;-;105.6	10;8351;9301;+;45.4	412;374209;376224;-;99.4	A	9/9	split_5	371057	0	1	
NZ_CP072963.1	MPF_F	IncFIB(pB171)	201	0	0	GA	0															not_admitted	not_admitted	not_admitted	not_admitted	not_admitted	not_admitted	not_admitted	not_admitted	not_admitted	not_admitted	1	127;132149;133135;-;368.4	119;126066;127436;-;376.7	123;128653;129402;-;218.2	130;134129;136759;-;285.5	118;123244;126066;-;336.5	136;138787;140181;-;90.9	130;134129;136759;-;98.6	138;140898;141464;-;169.9	126;131503;132132;-;66.9	125;129653;131506;-;257.4	115;119698;121908;-;384.8	135;138226;138765;-;64.9	115;119698;121908;-;63.9	A	9/9	contiguous	21200	1	1	122791..123222-;143;TraS;0
NZ_CP072971.1	MPF_F	IncHI2;IncHI2A	363	0	0	GA	0															not_admitted	not_admitted	not_admitted	not_admitted	not_admitted	not_admitted	not_admitted	not_admitted	not_admitted	not_admitted	1	32;33627;34685;+;276.9	260;245250;246665;-;194.1	261;246655;247701;-;173.7	11;8955;11636;+;168.0	259;241291;245241;-;101.6	7;5270;6625;+;80.7	11;8955;11636;+;72.2	4;2758;3546;+;74.8	30;31974;33485;+;62.7	33;34704;37892;+;58.3	267;254742;256826;+;56.7	10;7996;8946;+;46.4	267;254742;256826;+;38.8	A	9/9	split_3	251984	0	1	
NZ_CP072979.1	MPF_T	IncN;IncU	99	0	0	GA	1	62;49290;50024;-;32.5		59;48330;48647;-;63.3	58;45730;48330;-;113.8	58;45730;48330;-;76.4	57;44999;45712;-;105.5	55;43708;44748;-;142.4		54;42791;43489;-;131.9	53;41896;42780;-;159.7	52;40736;41896;-;156.3	51;39699;40694;-;81.2	28;18753;20282;+;38.5		pfam	both	A	7/7	canonical	1	0	unscoreable	3	0	0														not_admitted	not_admitted	not_admitted	not_admitted	not_admitted	not_admitted	not_admitted
NZ_CP072981.1	MPF_T	IncFII(pEH01);IncN;IncU	128	0	0	GA	1	117;86767;87471;+;47.3	118;87475;87771;+;67.5	31;27754;28071;-;63.3	119;87784;90528;+;149.6	30;25154;27754;-;76.4	120;90543;91247;+;139.6	122;91499;92566;+;159.8		86;67237;67776;+;153.2	25;21320;22204;-;159.7	24;20160;21320;-;156.3	23;19123;20118;-;81.2	95;73087;74814;+;46.5		pfam	both	A	7/7	canonical	1	0	unscoreable	9	0	0														not_admitted	not_admitted	not_admitted	not_admitted	not_admitted	not_admitted	not_admitted
NZ_CP072987.1	MPF_F	-	122	0	0	GA	0															not_admitted	not_admitted	not_admitted	not_admitted	not_admitted	not_admitted	not_admitted	not_admitted	not_admitted	not_admitted	1	69;62519;63574;-;269.2	57;48915;50324;-;230.0	58;50340;51371;-;213.9	73;65567;68053;-;211.5	56;45662;48895;-;215.1	76;69477;70769;-;117.6	73;65567;68053;-;113.3	78;71767;72420;-;92.3	70;63574;64794;-;45.5	54;42419;45190;-;119.2	84;74900;76813;-;20.5	75;68948;69460;-;68.8	84;74900;76813;-;24.6	A	9/9	contiguous	32481	0	1	
NZ_CP072989.1	MPF_T	-	43	0	0	GA	1	32;23476;24066;+;60.9	37;31057;31371;+;77.5		39;31707;34277;+;35.0	39;31707;34277;+;110.4	40;34292;35077;+;56.0	42;35541;36374;+;94.3		1;684;1394;+;126.3	2;1420;2412;+;167.7	3;2428;3771;+;214.8	36;29865;30878;+;120.2	34;27330;29381;+;345.1		conjscan	conjscan_only	A	7/7	canonical	1	0	unscoreable	5	0	0														not_admitted	not_admitted	not_admitted	not_admitted	not_admitted	not_admitted	not_admitted
NZ_CP072993.1	-	-	524	0	0	GA	1	186;222934;223614;-;65.3	185;222623;222928;-;60.1	184;222330;222623;-;47.4	183;220004;222337;-;50.5	183;220004;222337;-;61.5	181;217963;218748;-;52.1	179;216307;217383;-;86.7		178;215518;216273;-;129.6	177;214820;215521;-;153.4	176;213517;214827;-;167.5	175;212531;213517;-;104.4			pfam	pfam_only	B	6/7	canonical	1	0	unscoreable	1	0	0														not_admitted	not_admitted	not_admitted	not_admitted	not_admitted	not_admitted	not_admitted
NZ_CP072998.1	MPF_F	IncFII(pHN7A8);IncR	206	0	0	GA	0															not_admitted	not_admitted	not_admitted	not_admitted	not_admitted	not_admitted	not_admitted	not_admitted	not_admitted	not_admitted	1	17;12770;13762;+;369.5	30;20595;21968;+;376.8	25;18286;19029;+;234.4	14;9134;11761;+;301.8	31;21965;24781;+;376.7	9;5652;7079;+;94.1	14;9134;11761;+;101.8	7;4371;4937;+;183.8	20;14708;15346;+;70.4	23;16159;18009;+;265.0	35;27082;29298;+;391.7	13;8103;8618;+;77.6	35;27082;29298;+;70.3	A	9/9	contiguous	22711	1	1	24814..25335+;173;unnamed;0
NZ_CP073005.1	MPF_T	IncI2	84	0	0	GA	1	3;3308;3790;+;81.1		74;49641;49925;+;36.5	75;49931;52288;+;59.8	75;49931;52288;+;45.0	63;43431;44078;+;41.6	62;42439;43425;+;120.4		76;52452;53186;+;144.3	77;53183;53953;+;169.8	78;53943;55082;+;154.7	0;1;1539;+;207.1	80;56172;58130;+;287.0		pfam	pfam_only	A	7/7	rearranged	1	0	unscoreable	11	0	0														not_admitted	not_admitted	not_admitted	not_admitted	not_admitted	not_admitted	not_admitted
NZ_CP073008.1	-	pKPC-CAV1321	386	0	0	GA	0															not_admitted	not_admitted	not_admitted	not_admitted	not_admitted	not_admitted	not_admitted	not_admitted	not_admitted	not_admitted	1	259;233675;234742;+;276.8	279;250656;252098;+;260.7	278;249559;250659;+;198.4	255;229081;231567;+;223.8	280;252113;255631;+;240.0	251;224456;225853;+;109.8	255;229081;231567;+;120.8	249;222547;223173;+;87.1	258;232365;233678;+;41.0	282;256067;258724;+;136.9	243;218023;219999;+;22.7	252;225850;226416;+;71.6	243;218023;219999;+;33.5	A	9/9	contiguous	38044	0	1	
NZ_CP073044.1	MPF_F	IncHI1A(NDM-CIT);IncHI1B(pNDM-CIT)	346	1	1	GA	1		66;67857;68243;-;89.6	65;67591;67860;-;32.5	299;273119;275569;-;42.3	299;273119;275569;-;138.4	63;64388;65131;-;226.2	61;62787;64052;-;179.6		60;62064;62768;-;235.7	294;268962;269954;-;224.4	58;59789;61072;-;206.6	67;68230;69309;-;118.3	304;277755;279770;-;346.4	29;31510;34686;+;57.9	conjscan	conjscan_only	A	7/7	canonical	1	0	unscoreable	6	0	1	28;30784;31491;+;214.6	199;199427;200842;-;200.0	200;200832;201878;-;168.3	11;9302;11983;+;156.8	198;195429;199418;-;103.1	58;59789;61072;-;206.6	11;9302;11983;+;73.5	4;3144;3929;+;69.5	26;28783;30291;+;62.3	29;31510;34686;+;57.9	304;277755;279770;-;105.6	10;8343;9293;+;45.4	304;277755;279770;-;99.4	A	9/9	split_4	274611	0	1	
NZ_CP073045.1	MPF_F	IncFIA;IncFIB(AP001918);IncFII(pRSB107)	177	0	0	GA	0															not_admitted	not_admitted	not_admitted	not_admitted	not_admitted	not_admitted	not_admitted	not_admitted	not_admitted	not_admitted	1	113;96970;97962;-;369.5	100;87838;89211;-;386.6	108;93121;93864;-;231.4	116;98971;101598;-;303.9	99;85022;87841;-;386.3	122;103483;104934;-;94.1	116;98971;101598;-;96.5	124;105649;106215;-;184.3	111;95988;96626;-;68.7	110;94141;95991;-;266.7	95;80557;82764;-;391.8	119;102114;102629;-;75.2	95;80557;82764;-;70.3	A	9/9	contiguous	25092	1	1	84506..84997-;163;TraS;0
NZ_CP073049.1	MPF_F	IncHI1A(NDM-CIT);IncHI1B(pNDM-CIT)	341	1	1	GA	1		66;67857;68243;-;89.6	65;67591;67860;-;32.5	294;267794;270244;-;42.3	294;267794;270244;-;138.4	63;64388;65131;-;226.2	61;62787;64052;-;179.6		60;62064;62768;-;235.7	289;263637;264629;-;224.4	58;59789;61072;-;206.6	67;68230;69309;-;118.3	299;272430;274445;-;346.4	29;31510;34686;+;57.9	conjscan	conjscan_only	A	7/7	canonical	1	0	unscoreable	6	0	1	28;30784;31491;+;214.6	194;194102;195517;-;200.0	195;195507;196553;-;168.3	11;9302;11983;+;156.8	193;190104;194093;-;103.1	58;59789;61072;-;206.6	11;9302;11983;+;73.5	4;3144;3929;+;69.5	26;28783;30291;+;62.3	29;31510;34686;+;57.9	299;272430;274445;-;105.6	10;8343;9293;+;45.4	299;272430;274445;-;99.4	A	9/9	split_4	269286	0	1	
NZ_CP073050.1	MPF_F	IncFII(Yp);IncFII(pAR0022)	131	0	0	GA	0															not_admitted	not_admitted	not_admitted	not_admitted	not_admitted	not_admitted	not_admitted	not_admitted	not_admitted	not_admitted	1	33;35924;36916;-;368.4	25;29841;31211;-;376.7	29;32428;33177;-;218.2	36;37904;40534;-;285.5	24;27019;29841;-;336.5	42;42562;43956;-;90.7	36;37904;40534;-;98.6	44;44673;45239;-;169.9	32;35278;35907;-;66.9	31;33428;35281;-;260.5	21;23473;25683;-;382.2	41;42001;42540;-;67.5	21;23473;25683;-;60.3	A	9/9	contiguous	21200	1	1	26566..26997-;143;TraS;0
NZ_CP073055.1	MPF_F	IncHI1A(NDM-CIT);IncHI1B(pNDM-CIT)	345	1	1	GA	1		68;69012;69398;-;89.6	67;68746;69015;-;32.5	298;270015;272465;-;42.3	298;270015;272465;-;138.4	65;65543;66286;-;226.2	63;63942;65207;-;179.6		62;63219;63923;-;235.7	293;265858;266850;-;224.4	60;60944;62227;-;206.6	69;69385;70464;-;118.3	303;274651;276666;-;346.4	31;32665;35841;+;57.9	conjscan	conjscan_only	A	7/7	canonical	1	0	unscoreable	6	0	1	30;31939;32646;+;214.6	198;196323;197738;-;200.0	199;197728;198774;-;168.3	13;10457;13138;+;156.8	197;192325;196314;-;103.1	60;60944;62227;-;206.6	13;10457;13138;+;73.5	4;3144;3929;+;69.5	28;29938;31446;+;62.3	31;32665;35841;+;57.9	303;274651;276666;-;105.6	12;9498;10448;+;45.4	303;274651;276666;-;99.4	A	9/9	split_4	271507	0	1	
NZ_CP073057.1	MPF_F	IncFII(Yp);IncFII(pAR0022)	127	0	0	GA	0															not_admitted	not_admitted	not_admitted	not_admitted	not_admitted	not_admitted	not_admitted	not_admitted	not_admitted	not_admitted	1	57;57137;58129;-;368.4	49;51054;52424;-;376.7	53;53641;54390;-;218.2	60;59117;61747;-;285.5	48;48232;51054;-;336.5	66;63775;65169;-;90.7	60;59117;61747;-;98.6	68;65886;66452;-;169.9	56;56491;57120;-;66.9	55;54641;56494;-;260.5	45;44695;46896;-;382.2	65;63214;63753;-;67.5	45;44695;46896;-;60.3	A	9/9	contiguous	21191	1	1	47779..48210-;143;TraS;0
NZ_CP073079.1	MPF_T	-	84	0	0	GA	1		38;49564;49914;+;78.7	39;49916;50182;+;34.7	41;50398;52872;+;48.7	41;50398;52872;+;128.3	43;53203;53919;+;47.8	45;54201;55493;+;132.1		46;55507;56190;+;168.2	47;56187;57158;+;192.4	48;57163;58383;+;211.0	80;89938;90906;+;139.8	79;87966;89927;+;268.8		conjscan	conjscan_only	A	7/7	canonical	1	0	unscoreable	4	0	0														not_admitted	not_admitted	not_admitted	not_admitted	not_admitted	not_admitted	not_admitted
NZ_CP073112.1	MPF_T	-	158	0	0	GA	1		155;179382;179765;-;74.8	154;179090;179389;-;66.1	153;175849;179079;-;170.9	153;175849;179079;-;124.7	153;175849;179079;-;45.1	151;174487;175635;-;109.9		150;173804;174466;-;129.1	149;172974;173786;-;186.0	147;171220;172518;-;218.4	156;179755;180732;-;130.8	135;157772;159730;-;548.1		conjscan	conjscan_only	A	7/7	canonical	1	0	unscoreable	2	0	0														not_admitted	not_admitted	not_admitted	not_admitted	not_admitted	not_admitted	not_admitted
NZ_CP073113.1	MPF_T	-	223	0	0	GA	1	42;38620;39354;+;73.9	220;243136;243519;-;74.8	44;39719;40045;+;70.9	45;40045;42414;+;231.6	218;240377;242833;-;122.5	217;239602;240405;-;45.7	215;238230;239411;-;112.6		48;44211;44984;+;173.2	213;236717;237529;-;184.2	211;234963;236261;-;221.8	221;243509;244486;-;132.5	200;222965;224899;-;549.2		conjscan	conjscan_only	A	7/7	uncallable	0	0	unscoreable	10	0	0														not_admitted	not_admitted	not_admitted	not_admitted	not_admitted	not_admitted	not_admitted
NZ_CP073210.1	MPF_T	-	86	0	0	GA	1	15;11539;12450;+;40.8	4;2310;2687;+;70.1	5;2684;2983;+;50.8	6;2970;5639;+;66.5	6;2970;5639;+;82.7	7;5642;6301;+;68.1	10;6953;7819;+;141.1		11;7816;8490;+;92.1	12;8515;9297;+;199.4	13;9299;10519;+;173.3	56;49767;50771;+;119.4	26;21267;22841;-;70.3		pfam	both	A	7/7	canonical	1	0	unscoreable	12	0	0														not_admitted	not_admitted	not_admitted	not_admitted	not_admitted	not_admitted	not_admitted
NZ_CP073211.1	MPF_T	-	39	0	0	GA	1	22;16689;17591;+;39.6	11;7471;7848;+;71.9	12;7845;8144;+;50.8	13;8131;10800;+;66.2	13;8131;10800;+;81.5	14;10803;11465;+;70.9	17;12109;12969;+;147.6		18;12966;13640;+;92.2	19;13665;14447;+;199.3	20;14449;15669;+;173.3	21;15680;16702;+;112.7	30;23535;25109;-;70.5		pfam	both	A	7/7	canonical	1	0	unscoreable	9	0	0														not_admitted	not_admitted	not_admitted	not_admitted	not_admitted	not_admitted	not_admitted
NZ_CP073264.1	MPF_G	-	107	0	0	GA	0															not_admitted	not_admitted	not_admitted	not_admitted	not_admitted	not_admitted	not_admitted	not_admitted	not_admitted	not_admitted	1	23;23637;24611;-;194.9			31;29247;32096;-;283.3	20;20285;21793;-;252.9						45;52301;54406;-;38.9		45;52301;54406;-;48.0	D	3/9	split_2	32016	0	0	
NZ_CP073361.1	MPF_F	IncHI2;IncHI2A;IncN	239	0	0	GA	0															not_admitted	not_admitted	not_admitted	not_admitted	not_admitted	not_admitted	not_admitted	not_admitted	not_admitted	not_admitted	1	27;31208;32266;+;276.9			11;8955;11636;+;168.0		7;5270;6625;+;80.7	11;8955;11636;+;72.2	4;2758;3546;+;74.8	25;29555;31066;+;62.0	28;32285;35473;+;57.3		10;7996;8946;+;46.1		C	6/9	split_2	29527	0	1	
NZ_CP073362.1	MPF_F	IncFIB(AP001918);IncFIC(FII)	141	0	0	GA	0															not_admitted	not_admitted	not_admitted	not_admitted	not_admitted	not_admitted	not_admitted	not_admitted	not_admitted	not_admitted	1	99;91957;92949;+;369.3	110;98635;100008;+;378.0	103;95678;96421;+;234.1	96;88321;90948;+;305.4	111;100005;102827;+;389.5	90;84839;86266;+;94.3	96;88321;90948;+;98.5	88;83558;84124;+;183.8	100;92958;93596;+;68.4	101;93593;95401;+;268.4	114;104356;106509;+;391.9	94;87290;87805;+;78.4	114;104356;106509;+;70.4	A	9/9	contiguous	20798	1	1	102849..103340+;163;TraS;0
NZ_CP073363.1	MPF_T	IncX3	57	0	0	GA	1	26;16565;17209;+;46.4	27;17193;17483;+;73.1	28;17508;20261;+;47.0	28;17508;20261;+;142.4	28;17508;20261;+;73.3	29;20271;21041;+;60.1	31;21320;22375;+;133.2		32;22570;23298;+;119.4	33;23304;24233;+;138.8	34;24230;25444;+;128.3	36;25640;26674;+;65.7	37;26677;28512;+;495.9		pfam	pfam_only	A	7/7	canonical	1	1	unscoreable	2	0	0														not_admitted	not_admitted	not_admitted	not_admitted	not_admitted	not_admitted	not_admitted
NZ_CP073374.1	MPF_F	IncFII(pBK30683);repB(R1701)	122	0	0	GA	0															not_admitted	not_admitted	not_admitted	not_admitted	not_admitted	not_admitted	not_admitted	not_admitted	not_admitted	not_admitted	1	21;23688;24677;-;366.0	11;16774;18141;-;384.0	15;19399;20151;-;233.7	25;26134;28773;-;258.5	10;13925;16774;-;346.4	31;31603;33027;-;89.2	25;26134;28773;-;88.7	33;33754;34320;-;169.3	20;23037;23675;-;67.0	19;21023;22978;-;259.7	6;9149;11461;-;390.0	30;30946;31530;-;54.5	6;9149;11461;-;64.0	A	9/9	contiguous	24605	1	1	13389..13922-;177;unnamed;0
NZ_CP073376.1	MPF_F	IncFII(pHN7A8)	68	0	0	GA	0															not_admitted	not_admitted	not_admitted	not_admitted	not_admitted	not_admitted	not_admitted	not_admitted	not_admitted	not_admitted	1				17;11613;14240;+;301.8		12;8131;9558;+;94.1	17;11613;14240;+;101.8	10;6850;7416;+;183.8			17;11613;14240;+;20.8	16;10582;11097;+;78.0		D	3/9	contiguous	4763	0	0	
NZ_CP073378.1	MPF_F	IncFIB(pNDM-Mar);IncHI1B(pNDM-MAR)	323	0	0	GA	0															not_admitted	not_admitted	not_admitted	not_admitted	not_admitted	not_admitted	not_admitted	not_admitted	not_admitted	not_admitted	1	61;55112;56149;-;282.3	313;286385;287794;-;190.4	314;287784;288821;-;175.6	73;66981;69698;-;149.6	312;282415;286383;-;121.3	77;71811;73181;-;65.6	73;66981;69698;-;85.2	80;74827;75687;-;79.0	62;56146;57507;-;68.3	60;51917;55102;-;59.6	321;296020;298146;+;57.7	74;69743;70480;-;56.9	321;296020;298146;+;41.0	A	9/9	split_2	244103	0	1	
NZ_CP073379.1	MPF_F	Col(pHAD28);IncFIB(K);IncFII(pKP91)	231	0	0	GA	0															not_admitted	not_admitted	not_admitted	not_admitted	not_admitted	not_admitted	not_admitted	not_admitted	not_admitted	not_admitted	1	86;80124;81113;+;363.3	97;86932;88299;+;382.2	93;84922;85674;+;233.7	82;76028;78667;+;259.4	98;88299;91148;+;342.9	72;70642;72066;+;89.2	82;76028;78667;+;88.3	70;69349;69915;+;167.9	88;81389;82036;+;65.9	89;82095;84050;+;259.5	102;92960;95242;+;393.3	74;72678;73262;+;53.8	102;92960;95242;+;65.9	A	9/9	contiguous	23611	1	1	91151..91681+;176;unnamed;0
NZ_CP073590.1	MPF_F	IncFIB(AP001918);IncFII(pSE11)	131	0	0	GA	0															not_admitted	not_admitted	not_admitted	not_admitted	not_admitted	not_admitted	not_admitted	not_admitted	not_admitted	not_admitted	1	69;57244;58236;+;357.1	83;65419;66792;+;370.5	76;62243;62986;+;231.1	66;53605;56235;+;304.8	84;66789;67439;+;173.5	56;48509;49939;+;93.4	66;53605;56235;+;99.8	54;47228;47794;+;172.1	71;58825;59463;+;70.1	74;60075;61979;+;262.6	89;71856;74045;+;391.8	60;51064;51579;+;78.2	89;71856;74045;+;70.3	A	9/9	contiguous	24628	1	1	67493..69610+;705;unnamed;0
NZ_CP073622.1	MPF_F	Col156;IncFIB(AP001918);IncFII(29)	133	0	0	GA	0															not_admitted	not_admitted	not_admitted	not_admitted	not_admitted	not_admitted	not_admitted	not_admitted	not_admitted	not_admitted	1	19;18417;19409;-;369.5	7;10990;12363;-;381.7	14;14568;15311;-;233.1	22;20418;23048;-;301.6	6;8171;10993;-;388.5	29;26179;27606;-;93.9	22;20418;23048;-;99.3	31;28321;28887;-;183.1	17;17435;18073;-;68.6	16;15588;17438;-;271.9	0;2556;4700;-;391.3	26;24535;25050;-;73.9	0;2556;4700;-;70.4	A	9/9	contiguous	25765	1	1	7937..8149-;70;TraS;0
NZ_CP073623.1	MPF_F	IncHI2;IncHI2A;IncN	245	0	0	GA	0															not_admitted	not_admitted	not_admitted	not_admitted	not_admitted	not_admitted	not_admitted	not_admitted	not_admitted	not_admitted	1	135;114426;115484;-;276.9	243;217109;218524;+;194.1	242;216073;217119;+;174.3	151;135056;137737;-;168.0		155;140067;141422;-;80.7	151;135056;137737;-;72.2	158;143146;143934;-;74.8	137;115626;117137;-;62.0	134;111219;114407;-;57.3	235;206947;209031;-;56.8	152;137746;138696;-;46.1	235;206947;209031;-;38.8	B	8/9	split_2	105890	0	1	
NZ_CP073628.1	MPF_F	IncFIB(K);IncFII(K)	250	0	0	GA	0															not_admitted	not_admitted	not_admitted	not_admitted	not_admitted	not_admitted	not_admitted	not_admitted	not_admitted	not_admitted	1	204;209513;210502;-;363.3	193;202327;203694;-;382.2	197;204952;205704;-;236.4	208;211959;214598;-;259.0	192;199484;202327;-;342.9	219;218565;219989;-;88.8	208;211959;214598;-;87.6	221;220716;221282;-;167.9	202;208590;209237;-;65.9	201;206576;208531;-;259.5	188;194587;196899;-;392.8	216;217369;217953;-;53.8	188;194587;196899;-;65.9	A	9/9	contiguous	26129	1	1	198949..199473-;174;unnamed;0
NZ_CP073634.1	-	-	132	0	0	GA	1		4;2990;3286;+;96.1	5;3346;3681;+;101.2	6;3674;6046;+;166.5	6;3674;6046;+;106.7	7;6043;6738;+;152.4	9;7005;7979;+;161.9		11;8371;9045;+;188.4	12;9042;9923;+;187.2	13;9920;11077;+;172.3	14;11074;12162;+;100.6	15;12128;14098;+;356.6		pfam	both	A	7/7	canonical	1	0	unscoreable	2	0	0														not_admitted	not_admitted	not_admitted	not_admitted	not_admitted	not_admitted	not_admitted
NZ_CP073658.1	MPF_F	IncHI2;IncHI2A	312	0	0	GA	0															not_admitted	not_admitted	not_admitted	not_admitted	not_admitted	not_admitted	not_admitted	not_admitted	not_admitted	not_admitted	1	308;284912;285970;-;276.9	183;165429;166844;-;194.1	184;166834;167880;-;173.7	14;18365;21046;-;168.0	182;161470;165420;-;101.6	18;23376;24731;-;80.7	14;18365;21046;-;72.2	21;26455;27243;-;74.8	310;286112;287623;-;62.7	307;281705;284893;-;58.3	115;103305;105389;-;56.7	15;21055;22005;-;46.4	115;103305;105389;-;38.8	A	9/9	split_4	267747	0	1	
NZ_CP073663.1	-	-	519	0	0	GA	1	261;223370;223630;+;34.2			235;198115;200661;+;52.0	235;198115;200661;+;70.2	236;200612;201421;+;27.0	237;201444;202478;+;47.6		241;204026;204739;+;122.2	242;204789;205631;+;178.0	243;205640;207040;+;173.3	251;212540;213940;+;133.0	227;190515;192119;+;35.4		conjscan	conjscan_only	A	7/7	canonical	1	0	unscoreable	26	0	0														not_admitted	not_admitted	not_admitted	not_admitted	not_admitted	not_admitted	not_admitted
NZ_CP073666.1	-	-	95	0	0	GA	1	0;27;581;-;76.3		72;54871;55320;-;33.2	71;52407;54818;-;94.4	71;52407;54818;-;48.5	69;51270;51941;-;127.5	68;50302;51240;-;135.7		65;48863;49771;-;123.4	64;47994;48863;-;156.2	63;46703;48001;-;169.1	85;64217;65908;-;121.3	57;41050;43269;-;311.7		pfam	both	A	7/7	canonical	1	0	unscoreable	17	0	0														not_admitted	not_admitted	not_admitted	not_admitted	not_admitted	not_admitted	not_admitted
NZ_CP073668.1	-	-	187	0	0	GA	1	21;21532;22041;+;70.9		41;37324;37770;+;32.6	43;37951;40338;+;96.6	43;37951;40338;+;51.7	44;40467;41111;+;114.2	45;41151;42077;+;130.2		48;42603;43553;+;130.7	49;43665;44390;+;163.2	50;44383;45639;+;164.7	28;27250;28209;+;120.8	53;47856;49994;+;315.7		pfam	both	A	7/7	canonical	1	0	unscoreable	20	0	0														not_admitted	not_admitted	not_admitted	not_admitted	not_admitted	not_admitted	not_admitted
NZ_CP073671.1	MPF_F	-	156	0	0	GA	0															not_admitted	not_admitted	not_admitted	not_admitted	not_admitted	not_admitted	not_admitted	not_admitted	not_admitted	not_admitted	1	33;26464;27474;+;388.5	44;34344;35678;+;350.9	40;31506;32339;+;224.8	22;18825;19802;+;148.2	45;35809;38859;+;212.7	19;16888;17370;+;51.1	23;19870;21432;+;99.3	16;14671;15261;+;114.0	34;27471;28172;+;102.3	36;29303;30547;+;163.9	0;771;2339;+;325.1	21;18157;18822;+;51.3	0;771;2339;+;69.7	A	9/9	contiguous	35038	0	1	
NZ_CP073678.1	MPF_T	-	1604	0	0	GA	1	1036;1070849;1071298;+;67.1	1029;1063939;1064289;-;41.2		1027;1061169;1063613;-;58.7	1027;1061169;1063613;-;88.3		1025;1059356;1060177;-;48.8		1031;1065879;1066586;+;98.2	1032;1066603;1067487;+;149.3	1033;1067502;1068743;+;173.4	1030;1064308;1065357;-;142.1	1023;1056218;1058074;-;37.3		none	none	A	7/7	canonical	0	0	unscoreable	8	0	0														not_admitted	not_admitted	not_admitted	not_admitted	not_admitted	not_admitted	not_admitted
NZ_CP073707.1	MPF_F	-	150	0	0	GA	0															not_admitted	not_admitted	not_admitted	not_admitted	not_admitted	not_admitted	not_admitted	not_admitted	not_admitted	not_admitted	1	54;56624;57634;-;388.5	44;48358;49755;-;332.9	48;51760;52986;-;223.3	64;62668;65274;-;213.0	43;45240;48290;-;212.7	67;66726;67376;-;91.0	64;62668;65274;-;97.5	70;68838;69428;-;114.0	53;55926;56627;-;102.3	51;53551;54795;-;163.9	85;81406;83328;-;373.4	65;65277;65942;-;51.3	85;81406;83328;-;77.4	A	9/9	contiguous	36166	0	1	
NZ_CP073769.1	MPF_F	IncFII(pSE11)	83	0	0	GA	0															not_admitted	not_admitted	not_admitted	not_admitted	not_admitted	not_admitted	not_admitted	not_admitted	not_admitted	not_admitted	1	53;38138;39130;+;369.5	64;44908;46281;+;381.7	59;42235;42978;+;234.4	50;34499;37129;+;300.8	65;46278;49100;+;374.0	43;30049;31500;+;94.2	50;34499;37129;+;97.1	41;28768;29334;+;174.3	55;39474;40112;+;68.6	57;40858;41958;+;268.4	70;51371;53704;+;391.0	46;32360;32875;+;78.4	70;51371;53704;+;70.2	A	9/9	contiguous	22603	1	1	49122..49601+;159;TraS;0
NZ_CP073772.1	MPF_F	IncHI2;IncHI2A	216	0	0	GA	0															not_admitted	not_admitted	not_admitted	not_admitted	not_admitted	not_admitted	not_admitted	not_admitted	not_admitted	not_admitted	1	174;147860;148918;-;276.9			192;169557;172238;-;168.0		196;174568;175923;-;80.7	192;169557;172238;-;72.2	199;177647;178435;-;74.8	176;149060;150571;-;62.0	173;144653;147841;-;57.3		193;172247;173197;-;46.4		C	6/9	split_2	32994	0	1	
NZ_CP073773.1	MPF_F	IncFIB(pECLA);IncFII(pECLA)	213	0	0	GA	0															not_admitted	not_admitted	not_admitted	not_admitted	not_admitted	not_admitted	not_admitted	not_admitted	not_admitted	not_admitted	1	75;56177;57175;+;364.2	84;62412;63776;+;359.5	78;59641;60423;+;214.9	67;50210;52819;+;214.8	85;63776;67174;+;306.6	59;46194;47597;+;90.2	67;50210;52819;+;103.5	57;44864;45445;+;100.9	76;57186;57812;+;64.3	77;57809;59644;+;222.5	89;69231;71786;+;360.8	65;49420;49962;+;46.9	89;69231;71786;+;72.7	A	9/9	contiguous	24367	1	1	67176..67865+;229;unnamed;0
NZ_CP073774.1	MPF_T	IncN	52	0	0	GA	1	10;8060;8794;+;32.5	12;9094;9387;+;28.7	13;9437;9754;+;63.3	14;9754;12354;+;111.8	14;9754;12354;+;76.8	15;12372;13085;+;97.1	17;13336;14376;+;153.6		18;14595;15293;+;131.9	19;15304;16188;+;159.0	20;16188;17348;+;154.9	21;17390;18385;+;81.2	33;30971;32500;-;38.5		pfam	both	A	7/7	canonical	1	0	unscoreable	2	0	0														not_admitted	not_admitted	not_admitted	not_admitted	not_admitted	not_admitted	not_admitted
NZ_CP073785.1	MPF_F	IncFIB(pQil);IncFII(K)	139	0	0	GA	0															not_admitted	not_admitted	not_admitted	not_admitted	not_admitted	not_admitted	not_admitted	not_admitted	not_admitted	not_admitted	1	85;76962;77951;-;366.0	75;70048;71415;-;381.2	79;72673;73425;-;233.7	89;79394;82033;-;258.5	74;67199;70048;-;345.6	97;85290;86714;-;88.8	89;79394;82033;-;88.7	99;87441;88007;-;169.3	84;76311;76949;-;66.9	83;74297;76252;-;259.7	70;62401;64713;-;392.7	96;84592;85176;-;55.4	70;62401;64713;-;66.5	A	9/9	contiguous	25040	1	1	66638..67186-;182;unnamed;0
NZ_CP073789.1	MPF_F	IncFIB(K);IncFII(pKP91)	236	0	0	GA	0															not_admitted	not_admitted	not_admitted	not_admitted	not_admitted	not_admitted	not_admitted	not_admitted	not_admitted	not_admitted	1	173;178203;179192;-;363.3	162;171017;172384;-;383.5	166;173642;174394;-;233.7	177;180649;183288;-;259.0	161;168195;171017;-;346.5	188;187256;188680;-;88.0	177;180649;183288;-;88.7	190;189407;189973;-;167.9	171;177280;177927;-;65.1	170;175266;177221;-;259.7	157;163297;165579;-;393.3	185;186060;186644;-;53.8	157;163297;165579;-;65.8	A	9/9	contiguous	26110	1	1	167570..168172-;200;TraS;0
NZ_CP073790.1	MPF_T	IncN	49	0	0	GA	1	15;11534;12268;+;32.5	17;12568;12861;+;28.7	18;12911;13228;+;63.3	19;13228;15828;+;111.8	19;13228;15828;+;76.8	20;15846;16559;+;97.1	22;16810;17850;+;153.6		23;18069;18767;+;131.9	24;18778;19662;+;159.0	25;19662;20822;+;154.9	26;20864;21859;+;81.2	30;26428;27957;-;38.5		pfam	both	A	7/7	canonical	1	0	unscoreable	5	0	0														not_admitted	not_admitted	not_admitted	not_admitted	not_admitted	not_admitted	not_admitted
NZ_CP073792.1	MPF_F	IncFIB(K);IncFII(pKP91)	172	0	0	GA	0															not_admitted	not_admitted	not_admitted	not_admitted	not_admitted	not_admitted	not_admitted	not_admitted	not_admitted	not_admitted	1	119;115243;116232;-;363.3	109;108329;109696;-;384.6	113;110954;111706;-;231.1	123;117689;120328;-;258.5	108;105480;108329;-;345.5	131;123668;125092;-;89.3	123;117689;120328;-;88.5	133;125819;126385;-;167.0	118;114592;115230;-;65.5	117;112578;114533;-;260.6	104;100737;103019;-;393.2	129;122472;123056;-;54.6	104;100737;103019;-;65.9	A	9/9	contiguous	25082	1	1	104947..105477-;176;unnamed;0
NZ_CP073908.1	MPF_F	IncFIA(HI1);IncFII(K);IncFII(pAR0022)	145	0	0	GA	0															not_admitted	not_admitted	not_admitted	not_admitted	not_admitted	not_admitted	not_admitted	not_admitted	not_admitted	not_admitted	1	120;89537;90526;+;366.6	130;96048;97415;+;384.3	126;94034;94786;+;234.4	116;85441;88080;+;258.5	131;97415;100264;+;346.4	110;81535;82959;+;89.3	116;85441;88080;+;88.7	108;80242;80808;+;169.3	121;90539;91177;+;67.0	122;91236;93191;+;259.7	135;102726;105038;+;393.2	111;83032;83616;+;54.9	135;102726;105038;+;65.8	A	9/9	contiguous	22484	1	1	100267..100797+;176;unnamed;0
NZ_CP073925.1	MPF_F	IncFIA(HI1);IncHI1A;IncHI1B(R27);IncQ1	289	0	0	GA	0															not_admitted	not_admitted	not_admitted	not_admitted	not_admitted	not_admitted	not_admitted	not_admitted	not_admitted	not_admitted	1	15;14855;15907;+;277.6	196;171236;172651;-;201.7	197;172641;173687;-;171.3	286;245180;247861;+;160.6	195;167238;171227;-;103.1	282;241474;242832;+;84.0	286;245180;247861;+;76.5	279;239022;239807;+;68.7	13;13202;14710;+;65.6	16;15930;19106;+;58.9	203;180622;182706;+;50.2	285;244221;245171;+;45.2	203;180622;182706;+;36.5	A	9/9	split_3	231978	1	1	165665..167254-;529;unnamed;0
NZ_CP073931.1	MPF_T	IncN	48	0	0	GA	1	14;9172;9906;+;32.5	16;10206;10499;+;28.7	17;10549;10866;+;63.3	18;10866;13466;+;111.8	18;10866;13466;+;76.8	19;13484;14197;+;97.1	21;14448;15488;+;153.6		22;15707;16405;+;131.9	23;16416;17300;+;159.0	24;17300;18460;+;154.9	25;18502;19497;+;81.2	29;24066;25595;-;38.5		pfam	both	A	7/7	canonical	1	0	unscoreable	5	0	0														not_admitted	not_admitted	not_admitted	not_admitted	not_admitted	not_admitted	not_admitted
NZ_CP073933.1	MPF_F	IncFII	91	0	0	GA	0															not_admitted	not_admitted	not_admitted	not_admitted	not_admitted	not_admitted	not_admitted	not_admitted	not_admitted	not_admitted	1	68;60223;61215;+;369.3	77;66277;67650;+;381.0	72;63914;64687;+;234.0	65;56584;59214;+;303.5	78;67647;70472;+;386.0	58;51879;53306;+;94.3	65;56584;59214;+;98.5	56;50598;51164;+;183.8	69;61224;61862;+;68.7	70;61859;63667;+;268.0	81;71976;74219;+;391.7	62;54434;54949;+;78.6	81;71976;74219;+;70.3	A	9/9	contiguous	21378	1	1	70469..70978+;169;unnamed;0
NZ_CP073947.1	MPF_F	IncFII	97	0	0	GA	0															not_admitted	not_admitted	not_admitted	not_admitted	not_admitted	not_admitted	not_admitted	not_admitted	not_admitted	not_admitted	1	74;62454;63446;+;369.3	83;68508;69881;+;381.0	78;66145;66918;+;234.0	71;58815;61445;+;303.5	84;69878;72703;+;386.0	64;54110;55537;+;94.3	71;58815;61445;+;98.5	62;52829;53395;+;183.8	75;63455;64093;+;68.7	76;64090;65898;+;268.0	87;74207;76441;+;391.7	68;56665;57180;+;78.6	87;74207;76441;+;70.3	A	9/9	contiguous	21378	1	1	72700..73209+;169;unnamed;0
NZ_CP073951.1	MPF_T	IncN	48	0	0	GA	1	14;9172;9906;+;32.5	16;10206;10499;+;28.7	17;10549;10866;+;63.3	18;10866;13466;+;111.8	18;10866;13466;+;76.8	19;13484;14197;+;97.1	21;14448;15488;+;153.6		22;15707;16405;+;131.9	23;16416;17300;+;159.0	24;17300;18460;+;154.9	25;18502;19497;+;81.2	29;24066;25595;-;38.5		pfam	both	A	7/7	canonical	1	0	unscoreable	5	0	0														not_admitted	not_admitted	not_admitted	not_admitted	not_admitted	not_admitted	not_admitted
NZ_CP073954.1	MPF_F	IncFII	106	0	0	GA	0															not_admitted	not_admitted	not_admitted	not_admitted	not_admitted	not_admitted	not_admitted	not_admitted	not_admitted	not_admitted	1	78;65314;66312;+;349.3	87;73046;74482;+;342.8	83;70413;71198;+;217.6	73;61050;63689;+;251.4	88;74482;77334;+;316.0	71;59195;60529;+;97.2	73;61050;63689;+;117.8	69;57870;58448;+;126.1	81;67875;68480;+;56.5	82;68477;70411;+;240.5	95;81153;83339;+;370.4	72;60541;61053;+;61.6	95;81153;83339;+;61.8	A	9/9	contiguous	23283	1	1	77348..78241+;297;unnamed;0
NZ_CP073956.1	MPF_T	IncX1	54	0	0	GA	1	18;9195;9842;+;45.2	19;9820;10116;+;76.7	20;10135;12888;+;46.6	20;10135;12888;+;148.0	20;10135;12888;+;73.5	21;12899;13648;+;70.2	23;13959;15020;+;134.7		24;15266;15979;+;120.7	25;15984;16913;+;136.2	26;16910;18115;+;132.5	27;18117;19148;+;76.5	28;19151;20986;+;490.8		pfam	pfam_only	A	7/7	canonical	1	1	unscoreable	1	0	0														not_admitted	not_admitted	not_admitted	not_admitted	not_admitted	not_admitted	not_admitted
NZ_CP073957.1	MPF_T	IncN	46	0	0	GA	1	12;8369;9103;+;32.5	14;9403;9696;+;28.7	15;9746;10063;+;63.3	16;10063;12663;+;111.8	16;10063;12663;+;76.8	17;12681;13394;+;97.1	19;13645;14685;+;153.6		20;14904;15602;+;131.9	21;15613;16497;+;159.0	22;16497;17657;+;154.9	23;17699;18694;+;81.2	27;23263;24792;-;38.5		pfam	both	A	7/7	canonical	1	0	unscoreable	5	0	0														not_admitted	not_admitted	not_admitted	not_admitted	not_admitted	not_admitted	not_admitted
NZ_CP073959.1	MPF_F	IncFIA(HI1);IncHI1A;IncHI1B(R27);IncQ1	240	0	0	GA	0															not_admitted	not_admitted	not_admitted	not_admitted	not_admitted	not_admitted	not_admitted	not_admitted	not_admitted	not_admitted	1	15;14855;15907;+;277.6	152;135378;136793;-;201.7	153;136783;137829;-;171.3	239;207251;209932;+;160.9	151;131380;135369;-;103.1	235;203545;204903;+;84.0	239;207251;209932;+;76.5	232;201093;201878;+;68.7	13;13202;14710;+;65.6	16;15930;19106;+;58.9	159;144764;146848;+;50.2	238;206292;207242;+;45.2	159;144764;146848;+;36.5	A	9/9	split_3	194049	0	1	
NZ_CP073963.1	MPF_F	IncFIA;IncFIB(AP001918);IncFII	156	0	0	GA	0															not_admitted	not_admitted	not_admitted	not_admitted	not_admitted	not_admitted	not_admitted	not_admitted	not_admitted	not_admitted	1	86;75754;76746;-;367.4	75;68695;70068;-;380.9	82;72282;73025;-;235.0	89;77755;80382;-;305.4	74;65873;68698;-;385.9	95;82437;83864;-;94.3	89;77755;80382;-;98.5	97;84579;85145;-;183.8	85;75107;75745;-;68.6	84;73302;75110;-;268.3	71;62181;64370;-;391.3	91;80898;81413;-;78.4	71;62181;64370;-;70.4	A	9/9	contiguous	22398	1	1	65367..65876-;169;unnamed;0
NZ_CP073969.1	MPF_F	IncHI2;IncHI2A	261	0	0	GA	0															not_admitted	not_admitted	not_admitted	not_admitted	not_admitted	not_admitted	not_admitted	not_admitted	not_admitted	not_admitted	1	27;31208;32266;+;276.9	174;173340;174755;-;194.1	175;174745;175791;-;174.3	11;8955;11636;+;168.0	173;169381;173331;-;101.6	7;5270;6625;+;80.7	11;8955;11636;+;72.2	4;2758;3546;+;74.8	25;29555;31066;+;62.0	28;32285;35473;+;57.3	182;182832;184916;+;56.8	10;7996;8946;+;46.1	182;182832;184916;+;38.8	A	9/9	split_3	180074	1	1	167911..169200-;429;unnamed;0
NZ_CP073977.1	MPF_F	IncHI2;IncHI2A	256	0	0	GA	0															not_admitted	not_admitted	not_admitted	not_admitted	not_admitted	not_admitted	not_admitted	not_admitted	not_admitted	not_admitted	1	27;31208;32266;+;276.9	169;167844;169259;-;194.1	170;169249;170295;-;174.3	11;8955;11636;+;168.0	168;163885;167835;-;101.6	7;5270;6625;+;80.7	11;8955;11636;+;72.2	4;2758;3546;+;74.8	25;29555;31066;+;62.0	28;32285;35473;+;57.3	177;177336;179420;+;56.8	10;7996;8946;+;46.1	177;177336;179420;+;38.8	A	9/9	split_3	174578	1	1	162415..163704-;429;unnamed;0
NZ_CP073982.1	MPF_F	IncHI2;IncHI2A	261	0	0	GA	0															not_admitted	not_admitted	not_admitted	not_admitted	not_admitted	not_admitted	not_admitted	not_admitted	not_admitted	not_admitted	1	27;31208;32266;+;276.9	174;173340;174755;-;194.1	175;174745;175791;-;174.3	11;8955;11636;+;168.0	173;169381;173331;-;101.6	7;5270;6625;+;80.7	11;8955;11636;+;72.2	4;2758;3546;+;74.8	25;29555;31066;+;62.0	28;32285;35473;+;57.3	182;182832;184916;+;56.8	10;7996;8946;+;46.1	182;182832;184916;+;38.8	A	9/9	split_3	180074	1	1	167911..169200-;429;unnamed;0
NZ_CP073985.1	MPF_F	IncHI2;IncHI2A	261	0	0	GA	0															not_admitted	not_admitted	not_admitted	not_admitted	not_admitted	not_admitted	not_admitted	not_admitted	not_admitted	not_admitted	1	27;31208;32266;+;276.9	174;173340;174755;-;194.1	175;174745;175791;-;174.3	11;8955;11636;+;168.0	173;169381;173331;-;101.6	7;5270;6625;+;80.7	11;8955;11636;+;72.2	4;2758;3546;+;74.8	25;29555;31066;+;62.0	28;32285;35473;+;57.3	182;182832;184916;+;56.8	10;7996;8946;+;46.1	182;182832;184916;+;38.8	A	9/9	split_3	180074	1	1	167911..169200-;429;unnamed;0
NZ_CP073990.1	MPF_T	IncN	46	0	0	GA	1	12;7999;8733;+;32.5	14;9033;9326;+;28.7	15;9376;9693;+;63.3	16;9693;12293;+;111.8	16;9693;12293;+;76.8	17;12311;13024;+;97.1	19;13275;14315;+;153.6		20;14534;15232;+;131.9	21;15243;16127;+;159.0	22;16127;17287;+;154.9	23;17329;18324;+;81.2	27;22893;24422;-;38.5		pfam	both	A	7/7	canonical	1	0	unscoreable	5	0	0														not_admitted	not_admitted	not_admitted	not_admitted	not_admitted	not_admitted	not_admitted
NZ_CP073998.1	MPF_T	IncX1;IncX3	51	0	0	GA	1	38;34401;35048;-;45.2	37;34127;34423;-;77.5	36;31355;34108;-;47.9	36;31355;34108;-;148.1	36;31355;34108;-;76.3	35;30586;31344;-;67.3	33;29215;30348;-;106.3		32;28257;28970;-;120.0	31;27323;28252;-;133.8	30;26121;27326;-;130.9	29;25088;26119;-;79.0	28;23250;25085;-;489.3		pfam	pfam_only	A	7/7	canonical	1	1	unscoreable	1	0	0														not_admitted	not_admitted	not_admitted	not_admitted	not_admitted	not_admitted	not_admitted
NZ_CP074014.1	MPF_T	IncN	50	0	0	GA	1	16;10288;11022;+;32.5	18;11322;11615;+;28.7	19;11665;11982;+;63.3	20;11982;14582;+;111.8	20;11982;14582;+;76.8	21;14600;15313;+;97.1	23;15564;16604;+;153.6		24;16823;17521;+;131.9	25;17532;18416;+;159.0	26;18416;19576;+;154.9	27;19618;20613;+;81.2	31;25182;26711;-;38.5		pfam	both	A	7/7	canonical	1	0	unscoreable	5	0	0														not_admitted	not_admitted	not_admitted	not_admitted	not_admitted	not_admitted	not_admitted
NZ_CP074020.1	MPF_F	IncFIB(AP001918);IncFIC(FII)	136	0	0	GA	0															not_admitted	not_admitted	not_admitted	not_admitted	not_admitted	not_admitted	not_admitted	not_admitted	not_admitted	not_admitted	1	88;79673;80665;-;369.3	77;72614;73987;-;378.0	84;76201;76944;-;234.1	91;81674;84301;-;305.4	76;69795;72617;-;389.5	97;86356;87783;-;94.3	91;81674;84301;-;98.5	99;88498;89064;-;183.8	87;79026;79664;-;68.4	86;77221;79029;-;268.4	73;66113;68266;-;391.9	93;84817;85332;-;78.4	73;66113;68266;-;70.4	A	9/9	contiguous	22385	1	1	69282..69773-;163;TraS;0
NZ_CP074022.1	MPF_T	IncX1	58	0	0	GA	1		1;453;749;+;77.5	2;768;3521;+;46.6	2;768;3521;+;148.0	2;768;3521;+;75.3	3;3532;4281;+;67.5	5;4592;5653;+;135.0		6;5898;6611;+;120.3	7;6616;7545;+;133.8	8;7542;8747;+;132.5	9;8749;9780;+;79.2	10;9783;11618;+;488.0		pfam	pfam_only	A	7/7	canonical	1	1	unscoreable	1	0	0														not_admitted	not_admitted	not_admitted	not_admitted	not_admitted	not_admitted	not_admitted
NZ_CP074032.1	MPF_F	IncFIB(AP001918);IncFIC(FII)	145	0	0	GA	0															not_admitted	not_admitted	not_admitted	not_admitted	not_admitted	not_admitted	not_admitted	not_admitted	not_admitted	not_admitted	1	97;88325;89317;-;369.3	86;81266;82639;-;378.0	93;84853;85596;-;234.1	100;90326;92953;-;305.4	85;78447;81269;-;389.5	106;95008;96435;-;94.3	100;90326;92953;-;98.5	108;97150;97716;-;183.8	96;87678;88316;-;68.4	95;85873;87681;-;268.4	82;74765;76918;-;391.9	102;93469;93984;-;78.4	82;74765;76918;-;70.4	A	9/9	contiguous	22385	1	1	77934..78425-;163;TraS;0
NZ_CP074034.1	MPF_F	IncFIA;IncFII(pCoo)	110	0	0	GA	0															not_admitted	not_admitted	not_admitted	not_admitted	not_admitted	not_admitted	not_admitted	not_admitted	not_admitted	not_admitted	1	84;70480;71472;+;372.1	95;77158;78531;+;378.0	88;74201;74944;+;235.0	81;66844;69471;+;303.5	96;78528;81350;+;388.9	76;63264;64715;+;94.6	81;66844;69471;+;100.3	74;61983;62549;+;183.8	85;71481;72119;+;68.5	86;72116;73924;+;268.3	99;82879;85032;+;391.9	80;65813;66328;+;77.7	99;82879;85032;+;70.4	A	9/9	contiguous	20896	1	1	81372..81863+;163;TraS;0
NZ_CP074048.1	MPF_F	IncFIA(HI1);IncHI1A;IncHI1B(R27);IncQ1	242	0	0	GA	0															not_admitted	not_admitted	not_admitted	not_admitted	not_admitted	not_admitted	not_admitted	not_admitted	not_admitted	not_admitted	1	15;14855;15907;+;277.6			241;211161;213842;+;160.9		237;207455;208813;+;84.0	241;211161;213842;+;76.5	234;205003;205788;+;68.7	13;13202;14710;+;65.6	16;15930;19106;+;58.9		240;210202;211152;+;45.2		C	6/9	split_2	197959	0	1	
NZ_CP074077.1	MPF_T	-	51	0	0	GA	1	27;17611;18201;+;63.3	32;25227;25541;+;80.9	33;25543;25809;+;39.2	34;25874;28444;+;38.3	34;25874;28444;+;110.3	35;28463;29242;+;55.6	37;29597;31075;+;87.0		38;31082;31792;+;126.9	39;31819;32811;+;168.2	40;32827;34179;+;211.8	31;24001;25014;+;121.9	29;21459;23516;+;351.5		conjscan	conjscan_only	A	7/7	canonical	1	0	unscoreable	4	0	0														not_admitted	not_admitted	not_admitted	not_admitted	not_admitted	not_admitted	not_admitted
NZ_CP074088.1	MPF_F	IncFIB(pNDM-Mar);IncHI1B(pNDM-MAR)	368	0	0	GA	0															not_admitted	not_admitted	not_admitted	not_admitted	not_admitted	not_admitted	not_admitted	not_admitted	not_admitted	not_admitted	1	294;268556;269593;-;282.3	78;59115;60524;+;190.4	77;58088;59125;+;176.7	306;280425;283142;-;148.7	79;60526;64464;+;118.9	310;285255;286625;-;65.6	306;280425;283142;-;85.2	313;288271;289131;-;79.0	295;269590;270951;-;69.9	293;265361;268546;-;58.9	70;48781;50907;-;58.0	307;283187;283924;-;57.0	70;48781;50907;-;39.7	A	9/9	split_2	239490	0	1	
NZ_CP074093.1	MPF_F	IncFIB(S);IncFII(S);IncFII(pAR0022)	116	0	0	GA	0															not_admitted	not_admitted	not_admitted	not_admitted	not_admitted	not_admitted	not_admitted	not_admitted	not_admitted	not_admitted	1	97;72222;73214;+;366.7	106;78462;79844;+;392.4	103;76681;77430;+;231.0	94;68587;71235;+;314.1	107;79841;82663;+;394.4	86;64633;66054;+;91.5	94;68587;71235;+;97.8	84;63340;63906;+;185.6	99;73526;74164;+;70.6	101;74617;76443;+;271.0	110;84317;86560;+;374.0	89;66860;67375;+;96.7	110;84317;86560;+;72.0	A	9/9	contiguous	20977	1	1	82685..83173+;162;TraS;0
NZ_CP074095.1	MPF_F	IncFIB(S);IncFII(S);IncFII(pAR0022)	116	0	0	GA	0															not_admitted	not_admitted	not_admitted	not_admitted	not_admitted	not_admitted	not_admitted	not_admitted	not_admitted	not_admitted	1	97;72222;73214;+;366.7	106;78462;79844;+;392.4	103;76681;77430;+;231.0	94;68587;71235;+;314.1	107;79841;82663;+;394.4	86;64633;66054;+;91.5	94;68587;71235;+;97.8	84;63340;63906;+;185.6	99;73526;74164;+;70.6	101;74617;76443;+;271.0	110;84317;86560;+;374.0	89;66860;67375;+;96.7	110;84317;86560;+;72.0	A	9/9	contiguous	20977	1	1	82685..83173+;162;TraS;0
NZ_CP074097.1	MPF_F	IncFIB(S);IncFII(S);IncFII(pAR0022)	116	0	0	GA	0															not_admitted	not_admitted	not_admitted	not_admitted	not_admitted	not_admitted	not_admitted	not_admitted	not_admitted	not_admitted	1	97;72222;73214;+;366.7	106;78462;79844;+;392.4	103;76681;77430;+;231.0	94;68587;71235;+;314.1	107;79841;82663;+;394.4	86;64633;66054;+;91.5	94;68587;71235;+;97.8	84;63340;63906;+;185.6	99;73526;74164;+;70.6	101;74617;76443;+;271.0	110;84317;86560;+;374.0	89;66860;67375;+;96.7	110;84317;86560;+;72.0	A	9/9	contiguous	20977	1	1	82685..83173+;162;TraS;0
NZ_CP074099.1	MPF_F	IncFIB(S);IncFII(S);IncFII(pAR0022)	116	0	0	GA	0															not_admitted	not_admitted	not_admitted	not_admitted	not_admitted	not_admitted	not_admitted	not_admitted	not_admitted	not_admitted	1	97;72222;73214;+;366.7	106;78462;79844;+;392.4	103;76681;77430;+;231.0	94;68587;71235;+;314.1	107;79841;82663;+;394.4	86;64633;66054;+;91.5	94;68587;71235;+;97.8	84;63340;63906;+;185.6	99;73526;74164;+;70.6	101;74617;76443;+;271.0	110;84317;86560;+;374.0	89;66860;67375;+;96.7	110;84317;86560;+;72.0	A	9/9	contiguous	20977	1	1	82685..83173+;162;TraS;0
NZ_CP074118.1	MPF_T	IncFII(pHN7A8);IncN;IncR	143	0	0	GA	1	126;104352;105089;-;32.0		123;103392;103709;-;63.3	122;100792;103392;-;111.8	122;100792;103392;-;76.4	121;100061;100774;-;105.5	119;98770;99810;-;142.4		118;97853;98551;-;131.9	117;96958;97842;-;159.7	116;95165;96958;-;124.2	116;95165;96958;-;79.2	108;87629;89158;+;38.5		pfam	both	A	7/7	canonical	1	0	unscoreable	10	0	0														not_admitted	not_admitted	not_admitted	not_admitted	not_admitted	not_admitted	not_admitted
NZ_CP074121.1	MPF_F	IncFIB(AP001918);IncFIC(FII)	150	0	0	GA	0															not_admitted	not_admitted	not_admitted	not_admitted	not_admitted	not_admitted	not_admitted	not_admitted	not_admitted	not_admitted	1	101;102244;103236;-;369.3	90;95185;96558;-;378.0	97;98772;99515;-;234.1	104;104245;106872;-;305.4	89;92366;95188;-;389.5	110;108927;110354;-;94.3	104;104245;106872;-;98.5	112;111069;111635;-;183.8	100;101597;102235;-;68.4	99;99792;101600;-;268.4	86;88684;90837;-;391.9	106;107388;107903;-;78.4	86;88684;90837;-;70.4	A	9/9	contiguous	22385	1	1	91853..92344-;163;TraS;0
NZ_CP074124.1	MPF_F	IncFII(pHN7A8);IncN	117	0	0	GA	0															not_admitted	not_admitted	not_admitted	not_admitted	not_admitted	not_admitted	not_admitted	not_admitted	not_admitted	not_admitted	1	90;73603;74595;+;369.5	103;81428;82801;+;376.8	98;79119;79862;+;234.4	87;69967;72594;+;301.8	104;82798;85614;+;376.7	81;66485;67912;+;94.1	87;69967;72594;+;101.8	79;65204;65770;+;183.8	93;75541;76179;+;70.4	96;76992;78842;+;265.0	108;87915;90167;+;391.7	85;68936;69451;+;78.4	108;87915;90167;+;70.3	A	9/9	contiguous	22711	1	1	85647..86168+;173;unnamed;0
NZ_CP074138.1	MPF_F	IncFII(p14)	132	0	0	GA	0															not_admitted	not_admitted	not_admitted	not_admitted	not_admitted	not_admitted	not_admitted	not_admitted	not_admitted	not_admitted	1	100;89096;90103;-;374.0	94;83628;84995;-;371.4	97;85828;86571;-;220.2	104;91610;94237;-;279.2	93;80800;83628;-;342.5	108;95664;97058;-;89.1	104;91610;94237;-;96.6	110;97775;98341;-;160.6	99;88452;89081;-;66.6	98;86581;88455;-;243.9	91;77787;79982;-;388.4	107;95100;95642;-;60.5	91;77787;79982;-;67.1	A	9/9	contiguous	19988	1	1	80276..80791-;171;unnamed;0
NZ_CP074150.1	MPF_F	IncFIB(pECLA);IncFII(pECLA)	104	0	0	GA	0															not_admitted	not_admitted	not_admitted	not_admitted	not_admitted	not_admitted	not_admitted	not_admitted	not_admitted	not_admitted	1				90;71761;72177;+;61.7				84;67793;68374;+;94.6				88;70959;71513;+;46.6		D	3/9	contiguous	3968	0	0	
NZ_CP074169.1	MPF_F	IncFII(pRSB107);pSM22	105	0	0	GA	0															not_admitted	not_admitted	not_admitted	not_admitted	not_admitted	not_admitted	not_admitted	not_admitted	not_admitted	not_admitted	1	88;93211;94218;-;371.8	82;87741;89108;-;374.9	85;89941;90684;-;219.6	92;95724;98351;-;273.0	81;84913;87741;-;337.8	98;100539;101933;-;89.5	92;95724;98351;-;98.9	100;102650;103216;-;157.6	87;92567;93196;-;67.1	86;90693;92570;-;249.6	79;81870;84071;-;388.6	96;99436;99990;-;63.3	79;81870;84071;-;66.8	A	9/9	contiguous	20780	1	1	84389..84904-;171;unnamed;0
NZ_CP074173.1	MPF_F	IncFII(Yp);IncFII(pAR0022)	88	0	0	GA	0															not_admitted	not_admitted	not_admitted	not_admitted	not_admitted	not_admitted	not_admitted	not_admitted	not_admitted	not_admitted	1	67;52271;53275;+;350.5	73;57535;58896;+;339.1	71;56123;56902;+;193.9	64;48507;51098;+;223.7	74;58898;61789;+;284.6	56;43889;45253;+;81.7	64;48507;51098;+;87.6	54;42609;43172;+;134.8	69;53650;54264;+;79.2	70;54261;56126;+;245.7	80;64228;66465;+;369.0	63;47894;48496;+;48.9	80;64228;66465;+;67.5	A	9/9	contiguous	21619	1	1	61804..62394+;196;unnamed;0
NZ_CP074183.1	MPF_F	IncFIB(pQil);IncFII(pKP91)	158	0	0	GA	0															not_admitted	not_admitted	not_admitted	not_admitted	not_admitted	not_admitted	not_admitted	not_admitted	not_admitted	not_admitted	1	130;106408;107397;+;366.0	140;112943;114310;+;380.7	136;110934;111686;+;235.1	126;102326;104965;+;258.5	141;114310;117159;+;345.6	118;97645;99069;+;88.0	126;102326;104965;+;88.7	116;96352;96918;+;169.3	131;107410;108048;+;66.9	132;108107;110062;+;259.7	145;119645;121957;+;392.7	119;99183;99767;+;55.4	145;119645;121957;+;66.5	A	9/9	contiguous	23293	1	1	117172..117720+;182;unnamed;0
NZ_CP074184.1	MPF_F	IncFII(Yp)	154	0	0	GA	0															not_admitted	not_admitted	not_admitted	not_admitted	not_admitted	not_admitted	not_admitted	not_admitted	not_admitted	not_admitted	1	128;102408;103400;+;372.3	139;109434;110804;+;379.4	136;107913;108665;+;222.2	125;98743;101382;+;254.8	140;110804;113689;+;337.8	28;24567;25787;-;216.3	125;98743;101382;+;88.2	115;92844;93410;+;159.4	129;103413;104060;+;68.8	131;104437;106392;+;254.7	144;116130;118448;+;389.0	119;96013;96597;+;55.9	144;116130;118448;+;65.6	A	9/9	split_2	91563	1	1	113703..114248+;181;unnamed;0
NZ_CP074195.1	MPF_T	IncX3	57	0	0	GA	1	20;12494;13138;+;46.4	21;13122;13412;+;73.1	22;13437;16190;+;47.0	22;13437;16190;+;142.4	22;13437;16190;+;73.3	23;16200;16970;+;60.1	25;17249;18304;+;133.2		26;18499;19227;+;119.4	27;19233;20162;+;138.8	28;20159;21373;+;128.3	30;21569;22603;+;65.7	31;22606;24441;+;495.9		pfam	pfam_only	A	7/7	canonical	1	1	unscoreable	2	0	0														not_admitted	not_admitted	not_admitted	not_admitted	not_admitted	not_admitted	not_admitted
NZ_CP074353.1	MPF_T	-	53	0	0	GA	1	16;16974;17708;-;32.3	14;16381;16674;-;34.5	13;16011;16328;-;55.5	12;13411;16011;-;115.7	12;13411;16011;-;75.9	11;12680;13393;-;104.2	9;11380;12429;-;153.5		8;10463;11161;-;132.5	7;9568;10452;-;159.3	6;8408;9568;-;156.3	5;7371;8366;-;81.7	1;1276;2805;+;48.9		pfam	both	A	7/7	canonical	1	0	unscoreable	5	0	0														not_admitted	not_admitted	not_admitted	not_admitted	not_admitted	not_admitted	not_admitted
NZ_CP074355.1	MPF_F	IncHI2;IncHI2A	226	0	0	GA	0															not_admitted	not_admitted	not_admitted	not_admitted	not_admitted	not_admitted	not_admitted	not_admitted	not_admitted	not_admitted	1	39;41448;42506;+;276.9	156;147566;148981;-;194.1	157;148971;150017;-;174.3	23;19195;21876;+;168.3	155;143604;147557;-;101.6	19;15510;16865;+;80.7	23;19195;21876;+;72.2	16;12998;13786;+;74.8	37;39795;41306;+;62.0	40;42525;45713;+;57.3	164;157059;159143;+;56.8	22;18236;19186;+;46.1	164;157059;159143;+;38.8	A	9/9	split_3	144061	1	1	142134..143423-;429;unnamed;0
NZ_CP074357.1	MPF_F	IncHI2;IncHI2A;IncN	302	0	0	GA	0															not_admitted	not_admitted	not_admitted	not_admitted	not_admitted	not_admitted	not_admitted	not_admitted	not_admitted	not_admitted	1	2;772;1299;-;150.1	125;112341;113756;+;194.1	124;111305;112351;+;174.3	23;21813;24494;-;168.0	126;113765;117718;+;101.6	27;26824;28179;-;80.7	23;21813;24494;-;72.2	30;29903;30691;-;74.8	5;2554;2868;-;58.0	301;264925;267159;-;59.3	117;102179;104263;-;56.8	24;24503;25453;-;46.1	117;102179;104263;-;38.8	A	9/9	split_3	264153	1	1	117899..119188+;429;unnamed;0
NZ_CP074358.1	MPF_F	IncFIB(AP001918);IncFII(pHN7A8)	99	0	0	GA	0															not_admitted	not_admitted	not_admitted	not_admitted	not_admitted	not_admitted	not_admitted	not_admitted	not_admitted	not_admitted	1	78;68533;69525;+;369.3	87;74587;75960;+;380.9	82;72254;72997;+;231.4	75;64897;67524;+;305.4	88;75957;78779;+;389.3	69;61415;62842;+;94.7	75;64897;67524;+;98.5	67;60134;60700;+;181.9	79;69534;70172;+;68.7	80;70169;71977;+;267.8	91;80313;82502;+;391.8	73;63866;64381;+;76.7	91;80313;82502;+;70.3	A	9/9	contiguous	20179	1	1	78800..79297+;165;TraS;1
NZ_CP074360.1	MPF_F	IncFIB(AP001918);IncFII	168	0	0	GA	0															not_admitted	not_admitted	not_admitted	not_admitted	not_admitted	not_admitted	not_admitted	not_admitted	not_admitted	not_admitted	1	96;87827;88819;+;369.3	125;120406;121779;-;381.0	130;123369;124112;-;235.0	93;84191;86818;+;304.6	124;117587;120409;-;389.2	87;80612;82039;+;94.3	93;84191;86818;+;99.2	85;79331;79897;+;183.8	133;126194;126832;-;68.6	132;124389;126197;-;268.0	118;111923;113290;-;256.6	91;83160;83675;+;78.4	118;111923;113290;-;71.4	A	9/9	split_2	46863	1	1	117069..117566-;165;TraS;0
NZ_CP074362.1	MPF_T	IncP1	50	0	0	GA	1	22;22219;22875;-;23.6	33;32858;33289;-;63.1	32;32543;32854;-;49.4	31;29988;32546;-;86.4	31;29988;32546;-;112.5	26;25605;26369;-;122.2	24;23499;25352;-;132.0		30;29203;29991;-;145.1	29;28286;29185;-;184.0	27;26387;27805;-;218.8	34;33306;34268;-;129.5	9;7111;9015;+;511.4		conjscan	conjscan_only	A	7/7	canonical	1	0	unscoreable	4	0	0														not_admitted	not_admitted	not_admitted	not_admitted	not_admitted	not_admitted	not_admitted
NZ_CP074367.1	MPF_F	IncHI2;IncHI2A;IncQ1	248	0	0	GA	0															not_admitted	not_admitted	not_admitted	not_admitted	not_admitted	not_admitted	not_admitted	not_admitted	not_admitted	not_admitted	1	19;20541;21599;-;276.9	150;142961;144376;-;194.1	151;144366;145412;-;174.3	35;41171;43852;-;168.3	149;138999;142952;-;101.6	39;46182;47537;-;80.7	35;41171;43852;-;72.2	42;49261;50049;-;74.8	21;21741;23252;-;62.0	18;17334;20522;-;57.3	158;152454;154538;+;56.8	36;43861;44811;-;46.1	158;152454;154538;+;38.8	A	9/9	split_2	135120	1	1	137529..138818-;429;unnamed;0
NZ_CP074395.1	MPF_T	-	119	0	0	GA	1		47;47503;47913;-;78.1	46;47211;47510;-;58.8	45;44738;47200;-;192.0	45;44738;47200;-;121.6	44;43957;44766;-;46.6	42;42540;43733;-;112.0		41;41862;42524;-;119.8	40;40990;41793;-;186.9	38;39186;40499;-;227.2	48;47903;48874;-;129.1	117;117157;119100;-;553.6		conjscan	conjscan_only	A	7/7	canonical	1	0	unscoreable	3	0	0														not_admitted	not_admitted	not_admitted	not_admitted	not_admitted	not_admitted	not_admitted
NZ_CP074396.1	MPF_T	-	133	0	0	GA	1		97;101632;102036;-;77.5	96;101340;101639;-;61.5	95;98862;101330;-;193.1	95;98862;101330;-;131.3	94;98081;98890;-;46.9	92;96667;97860;-;111.7		91;95972;96649;-;121.7	90;95100;95954;-;185.8	88;93298;94626;-;228.1	98;102026;102997;-;129.0	33;34685;36604;-;552.3		conjscan	conjscan_only	A	7/7	canonical	1	0	unscoreable	3	0	0														not_admitted	not_admitted	not_admitted	not_admitted	not_admitted	not_admitted	not_admitted
NZ_CP074400.1	MPF_T	-	539	0	0	GA	1		403;390214;390513;+;86.9	404;390516;390857;+;104.7	405;390886;393231;+;169.5	405;390886;393231;+;105.4	406;393231;393929;+;202.7	408;394164;395099;+;159.3		410;395405;396076;+;216.8	411;396073;396927;+;187.3	412;396942;398114;+;177.8	413;398123;399130;+;97.3	28;16037;17956;-;329.2		pfam	both	A	7/7	canonical	1	0	unscoreable	2	0	0														not_admitted	not_admitted	not_admitted	not_admitted	not_admitted	not_admitted	not_admitted
NZ_CP074408.1	MPF_F	IncFII	80	0	0	GA	0															not_admitted	not_admitted	not_admitted	not_admitted	not_admitted	not_admitted	not_admitted	not_admitted	not_admitted	not_admitted	1	69;61356;62348;+;369.5	79;68127;69500;+;381.7	74;65454;66197;+;234.4	66;57717;60347;+;297.8		59;53266;54717;+;93.8	66;57717;60347;+;100.0	57;51985;52551;+;175.1	71;62692;63330;+;68.6	72;63327;65177;+;267.6	4;2742;5075;+;391.5	62;55577;56092;+;82.8	4;2742;5075;+;70.3	B	8/9	split_2	65385	0	1	
NZ_CP074417.1	-	-	99	0	0	GA	1	15;9301;9816;+;46.5	77;53731;54258;+;30.8	77;53731;54258;+;28.1	79;55249;55950;+;25.3	78;54299;54877;+;102.3	81;56713;57471;+;34.3	83;58426;59403;+;92.1		86;59894;60442;+;110.5	88;60774;61325;+;127.0	91;62065;62997;+;191.5	0;232;1377;+;149.7	25;16095;17303;+;32.5		conjscan	conjscan_only	A	7/7	canonical	1	0	unscoreable	30	0	0														not_admitted	not_admitted	not_admitted	not_admitted	not_admitted	not_admitted	not_admitted
NZ_CP074426.1	MPF_F	IncFII(pHN7A8);IncX1	120	0	0	GA	0															not_admitted	not_admitted	not_admitted	not_admitted	not_admitted	not_admitted	not_admitted	not_admitted	not_admitted	not_admitted	1	21;15680;16672;+;369.5	34;23505;24878;+;376.8	29;21196;21939;+;234.4	18;12044;14671;+;301.8	35;24875;27691;+;376.7	13;8562;9989;+;94.1	18;12044;14671;+;101.8	11;7281;7847;+;183.8	24;17618;18256;+;70.4	27;19069;20919;+;265.0	39;29992;32235;+;391.7	17;11013;11528;+;78.0	39;29992;32235;+;70.3	A	9/9	contiguous	22711	1	1	27724..28245+;173;unnamed;0
NZ_CP074443.1	MPF_T	IncX3	56	0	0	GA	1	25;21198;21842;-;46.4	24;20924;21214;-;73.1	23;18146;20899;-;47.0	23;18146;20899;-;145.4	23;18146;20899;-;73.3	22;17366;18136;-;60.1	20;16032;17087;-;133.2		19;15109;15837;-;119.4	18;14174;15103;-;138.8	17;12963;14177;-;128.3	15;11733;12767;-;65.7	14;9895;11730;-;495.9		pfam	pfam_only	A	7/7	canonical	1	1	unscoreable	2	0	0														not_admitted	not_admitted	not_admitted	not_admitted	not_admitted	not_admitted	not_admitted
NZ_CP074447.1	MPF_T	IncN	54	0	0	GA	1	14;10062;10799;+;32.0		17;11442;11759;+;63.3	18;11759;14359;+;111.8	18;11759;14359;+;76.4	19;14377;15090;+;105.5	21;15341;16381;+;142.4		22;16600;17298;+;131.9	23;17309;18193;+;159.7	24;18193;19353;+;156.3	25;19395;20390;+;81.2	33;26397;27926;-;38.5		pfam	both	A	7/7	canonical	1	0	unscoreable	10	0	0														not_admitted	not_admitted	not_admitted	not_admitted	not_admitted	not_admitted	not_admitted
NZ_CP074450.1	MPF_T	IncN	76	0	0	GA	1	31;24123;24857;+;32.5		34;25500;25817;+;63.3	35;25817;28417;+;113.8	35;25817;28417;+;76.4	36;28435;29148;+;105.5	38;29399;30439;+;142.4		39;30658;31356;+;131.9	40;31367;32251;+;159.7	41;32251;33411;+;156.3	42;33453;34448;+;81.2	53;46111;47640;-;38.5		pfam	both	A	7/7	canonical	1	0	unscoreable	3	0	0														not_admitted	not_admitted	not_admitted	not_admitted	not_admitted	not_admitted	not_admitted
NZ_CP074524.1	MPF_F	IncFIB(K);IncFII(K)	219	0	0	GA	0															not_admitted	not_admitted	not_admitted	not_admitted	not_admitted	not_admitted	not_admitted	not_admitted	not_admitted	not_admitted	1	163;167167;168159;-;366.6	153;160346;161716;-;381.2	157;162918;163670;-;232.4	166;169185;171824;-;258.7	152;157497;160346;-;344.2	175;175639;177063;-;89.2	166;169185;171824;-;88.8	177;177790;178356;-;167.0	162;166516;167154;-;67.0	161;164513;166519;-;259.0	148;153374;155683;-;393.2	173;174458;175027;-;49.7	148;153374;155683;-;65.8	A	9/9	contiguous	24416	1	1	156964..157494-;176;unnamed;0
NZ_CP074526.1	MPF_T	IncX3	58	0	0	GA	1	21;12973;13617;+;46.4	22;13601;13891;+;73.1	23;13916;16669;+;47.0	23;13916;16669;+;145.4	23;13916;16669;+;73.3	24;16679;17449;+;60.1	26;17728;18783;+;133.2		27;18978;19478;+;79.9	29;19711;20640;+;138.8	30;20637;21851;+;128.3	34;23334;24281;+;65.8	35;24284;26119;+;495.9		pfam	pfam_only	A	7/7	canonical	1	1	unscoreable	4	0	0														not_admitted	not_admitted	not_admitted	not_admitted	not_admitted	not_admitted	not_admitted
NZ_CP074529.1	MPF_F	IncFIB(K);IncFII(K)	173	0	0	GA	0															not_admitted	not_admitted	not_admitted	not_admitted	not_admitted	not_admitted	not_admitted	not_admitted	not_admitted	not_admitted	1	124;122193;123185;-;366.6	114;115309;116676;-;381.2	118;117933;118685;-;232.2	127;124211;126850;-;259.3	113;112460;115309;-;346.5	135;130436;131860;-;89.4	127;124211;126850;-;88.8	137;132587;133153;-;167.0	123;121542;122180;-;67.0	122;119528;121483;-;259.2	109;108335;110644;-;392.7	133;129249;129806;-;52.5	109;108335;110644;-;66.6	A	9/9	contiguous	24252	1	1	111927..112457-;176;unnamed;0
NZ_CP074530.1	MPF_F	IncFIB(pB171);IncFII(Yp);IncFII(pAR0022)	123	0	0	GA	0															not_admitted	not_admitted	not_admitted	not_admitted	not_admitted	not_admitted	not_admitted	not_admitted	not_admitted	not_admitted	1	68;56979;57971;+;369.4	76;62684;64054;+;376.7	72;60718;61467;+;218.2	65;53361;55991;+;285.5	77;64054;66876;+;336.5	59;49939;51333;+;89.4	65;53361;55991;+;98.6	57;48656;49222;+;169.9	69;57988;58617;+;66.9	70;58614;60467;+;260.5	80;68213;70468;+;384.7	60;51355;51894;+;67.5	80;68213;70468;+;63.8	A	9/9	contiguous	19557	1	1	66898..67329+;143;TraS;0
NZ_CP074536.1	MPF_F	IncFIB(K);IncFII(K)	220	0	0	GA	0															not_admitted	not_admitted	not_admitted	not_admitted	not_admitted	not_admitted	not_admitted	not_admitted	not_admitted	not_admitted	1	164;169401;170393;-;366.6	154;162580;163950;-;381.2	158;165152;165904;-;232.4	167;171419;174058;-;258.7	153;159731;162580;-;344.2	176;177873;179297;-;89.2	167;171419;174058;-;88.8	178;180024;180590;-;167.0	163;168750;169388;-;67.0	162;166747;168753;-;259.0	149;155608;157917;-;393.2	174;176692;177261;-;49.7	149;155608;157917;-;65.8	A	9/9	contiguous	24416	1	1	159198..159728-;176;unnamed;0
NZ_CP074540.1	MPF_F	IncFII(pBK30683);repB(R1701)	176	0	0	GA	0															not_admitted	not_admitted	not_admitted	not_admitted	not_admitted	not_admitted	not_admitted	not_admitted	not_admitted	not_admitted	1	106;103505;104494;-;363.3	96;96591;97958;-;382.7	100;99216;99968;-;233.7	110;105951;108590;-;258.5	95;93742;96591;-;345.6	118;111847;113271;-;89.2	110;105951;108590;-;87.7	120;113998;114564;-;169.3	105;102854;103492;-;66.0	104;100840;102795;-;259.7	91;88944;91256;-;392.7	117;111149;111733;-;55.4	91;88944;91256;-;66.5	A	9/9	contiguous	25054	1	1	93181..93729-;182;unnamed;0
NZ_CP074542.1	MPF_F	IncFIB(K);IncFII(K)	227	0	0	GA	0															not_admitted	not_admitted	not_admitted	not_admitted	not_admitted	not_admitted	not_admitted	not_admitted	not_admitted	not_admitted	1	171;174838;175830;-;366.6	161;168017;169387;-;381.2	165;170589;171341;-;232.4	174;176856;179495;-;258.7	160;165168;168017;-;344.2	183;183310;184734;-;89.2	174;176856;179495;-;88.8	185;185461;186027;-;167.0	170;174187;174825;-;67.0	169;172184;174190;-;259.0	156;161045;163354;-;393.2	181;182129;182698;-;49.7	156;161045;163354;-;65.8	A	9/9	contiguous	24416	1	1	164635..165165-;176;unnamed;0
NZ_CP074543.1	MPF_T	IncFIA(pBK30683);IncX3	137	0	0	GA	1	73;57930;58574;+;46.4	74;58558;58848;+;73.1	75;58873;61626;+;47.0	75;58873;61626;+;145.4	75;58873;61626;+;73.3	76;61636;62406;+;60.1	78;62685;63740;+;133.2		79;63935;64435;+;79.9	81;64668;65597;+;138.8	82;65594;66808;+;128.3	84;67004;68038;+;65.7	85;68041;69876;+;495.9		pfam	pfam_only	A	7/7	canonical	1	1	unscoreable	2	0	0														not_admitted	not_admitted	not_admitted	not_admitted	not_admitted	not_admitted	not_admitted
NZ_CP074546.1	MPF_T	IncX3	45	0	0	GA	1	36;24047;24691;+;48.4	37;24675;24965;+;71.9	38;24990;27743;+;47.1	38;24990;27743;+;142.1	38;24990;27743;+;66.3	39;27753;28508;+;60.4	41;28783;29838;+;128.6		42;30033;30761;+;118.7	43;30767;31696;+;139.9	44;31693;32898;+;128.4		1;343;2178;+;495.5		pfam	pfam_only	B	6/7	canonical	1	1	unscoreable	1	0	0														not_admitted	not_admitted	not_admitted	not_admitted	not_admitted	not_admitted	not_admitted
NZ_CP074554.1	MPF_F	IncFIA(pBK30683);IncFII(pBK30683)	164	0	0	GA	0															not_admitted	not_admitted	not_admitted	not_admitted	not_admitted	not_admitted	not_admitted	not_admitted	not_admitted	not_admitted	1	139;115904;116893;+;363.3	149;122440;123807;+;382.7	145;120430;121182;+;233.7	135;111808;114447;+;258.5	150;123807;126656;+;345.6	127;107127;108551;+;89.2	135;111808;114447;+;87.7	125;105834;106400;+;169.3	140;116906;117544;+;66.0	141;117603;119558;+;259.7	154;129142;131454;+;392.7	128;108665;109249;+;55.4	154;129142;131454;+;66.5	A	9/9	contiguous	23308	1	1	126669..127217+;182;unnamed;0
NZ_CP074559.1	MPF_F	IncFIA(pBK30683);IncFIB(K);IncFII(K);IncX3	346	1	1	GA	1	310;279710;280195;+;82.5	178;164979;165269;-;73.1	177;162201;164954;-;47.0	177;162201;164954;-;145.4	177;162201;164954;-;73.3	176;161421;162191;-;60.1	174;160087;161142;-;133.2		173;159392;159892;-;79.9	171;158230;159159;-;138.8	170;157019;158233;-;128.3	168;155789;156823;-;65.7	167;153951;155786;-;495.9	288;262916;264922;-;259.0	pfam	pfam_only	A	7/7	canonical	1	1	unscoreable	34	0	1	290;265570;266562;-;366.6	280;258749;260119;-;381.2	284;261321;262073;-;232.4	293;267588;270227;-;258.7	279;255900;258749;-;344.2	170;157019;158233;-;128.3	293;267588;270227;-;88.8	304;276193;276759;-;167.0	289;264919;265557;-;67.0	288;262916;264922;-;259.0	275;251777;254086;-;393.2	300;272861;273430;-;49.7	167;153951;155786;-;88.7	A	9/9	split_2	122242	1	1	255367..255897-;176;unnamed;0
NZ_CP074577.1	MPF_F	IncFIA;IncFIB(AP001918);IncFIC(FII)	204	0	0	GA	0															not_admitted	not_admitted	not_admitted	not_admitted	not_admitted	not_admitted	not_admitted	not_admitted	not_admitted	not_admitted	1	14;11952;12944;-;367.4	3;4893;6266;-;378.0	10;8480;9223;-;234.5	17;13953;16580;-;305.3	2;2074;4896;-;389.5	22;18637;20064;-;94.3	17;13953;16580;-;98.8	24;20779;21345;-;183.8	13;11305;11943;-;68.4	12;9500;11308;-;268.4	203;187468;189051;-;348.5	18;17098;17613;-;78.0	203;187468;189051;-;71.0	A	9/9	split_2	185394	1	1	1561..2052-;163;TraS;0
NZ_CP074581.1	MPF_F	IncFIB(K);IncFII(K)	152	0	0	GA	0															not_admitted	not_admitted	not_admitted	not_admitted	not_admitted	not_admitted	not_admitted	not_admitted	not_admitted	not_admitted	1	108;104647;105636;-;366.0	98;97786;99156;-;380.7	102;100358;101110;-;230.7	112;107079;109718;-;258.5	97;94943;97786;-;346.5	120;112977;114401;-;89.2	112;107079;109718;-;88.7	122;115128;115694;-;169.3	107;103996;104634;-;67.0	106;101982;103937;-;259.7	93;90046;92358;-;392.8	119;112279;112863;-;55.4	93;90046;92358;-;65.9	A	9/9	contiguous	25082	1	1	94408..94932-;174;unnamed;0
NZ_CP074664.1	MPF_F	IncFIB(S);IncFII(S);IncFII(pAR0022)	116	0	0	GA	0															not_admitted	not_admitted	not_admitted	not_admitted	not_admitted	not_admitted	not_admitted	not_admitted	not_admitted	not_admitted	1	29;27962;28954;-;366.7	20;21332;22714;-;392.4	23;23746;24495;-;231.0	32;29941;32589;-;314.1	19;18513;21335;-;394.4	40;35122;36543;-;91.5	32;29941;32589;-;97.8	42;37270;37836;-;188.1	27;27012;27650;-;70.6	25;24733;26559;-;271.0	16;14697;16859;-;374.1	37;33801;34316;-;96.7	16;14697;16859;-;72.1	A	9/9	contiguous	22573	1	1	18003..18491-;162;TraS;0
NZ_CP074681.1	MPF_F	IncFIA;IncFIB(AP001918);IncFIC(FII)	154	0	0	GA	0															not_admitted	not_admitted	not_admitted	not_admitted	not_admitted	not_admitted	not_admitted	not_admitted	not_admitted	not_admitted	1	82;95308;96300;-;369.3	71;88249;89622;-;378.0	78;91836;92579;-;234.5	85;97309;99936;-;305.4	70;85430;88252;-;389.5	91;101991;103418;-;94.3	85;97309;99936;-;98.5	93;104133;104699;-;182.9	81;94661;95299;-;68.4	80;92856;94664;-;268.4	67;81748;83901;-;391.9	87;100452;100967;-;78.4	67;81748;83901;-;70.4	A	9/9	contiguous	22385	1	1	84917..85408-;163;TraS;0
NZ_CP074702.1	MPF_F	IncHI2A	234	0	0	GA	0															not_admitted	not_admitted	not_admitted	not_admitted	not_admitted	not_admitted	not_admitted	not_admitted	not_admitted	not_admitted	1	29;32544;33602;+;276.9	114;111264;112679;-;194.1	115;112669;113715;-;174.3	11;8955;11636;+;168.0	113;107302;111255;-;101.6	7;5270;6625;+;80.7	11;8955;11636;+;72.2	4;2758;3546;+;74.8	27;30891;32402;+;62.0	30;33621;36809;+;57.3	122;120757;122841;+;56.8	10;7996;8946;+;46.1	122;120757;122841;+;38.8	A	9/9	split_3	117999	1	1	105832..107121-;429;unnamed;0
NZ_CP074705.1	MPF_F	IncFII(pCoo)	73	0	0	GA	0															not_admitted	not_admitted	not_admitted	not_admitted	not_admitted	not_admitted	not_admitted	not_admitted	not_admitted	not_admitted	1	52;42101;43093;+;370.2	60;47789;49162;+;380.4	56;45825;46568;+;233.3	49;38465;41092;+;303.5	61;49159;51981;+;386.8	45;35126;36553;+;94.3	49;38465;41092;+;100.3	43;33845;34411;+;183.8	53;43102;43740;+;68.3	54;43737;45545;+;268.2	64;53515;55740;+;391.7	48;37434;37949;+;78.0	64;53515;55740;+;70.3	A	9/9	contiguous	19670	1	1	52002..52499+;165;TraS;0
NZ_CP075038.1	MPF_F	IncFII(pSFO)	166	0	0	GA	0															not_admitted	not_admitted	not_admitted	not_admitted	not_admitted	not_admitted	not_admitted	not_admitted	not_admitted	not_admitted	1	1;630;1622;+;371.9	12;8986;10359;+;386.5	6;5151;5894;+;234.0	165;144090;146720;+;306.8	13;10356;13175;+;378.4	156;138985;140412;+;94.7	165;144090;146720;+;98.5	154;137704;138270;+;180.1	4;2459;3097;+;63.3	5;3094;4902;+;267.0	17;15397;17550;+;391.9	160;141534;142049;+;75.8	17;15397;17550;+;70.4	A	9/9	split_2	143460	0	1	
NZ_CP075056.1	MPF_F	IncHI2;IncHI2A	231	0	0	GA	0															not_admitted	not_admitted	not_admitted	not_admitted	not_admitted	not_admitted	not_admitted	not_admitted	not_admitted	not_admitted	1	27;31208;32266;+;276.9	145;134570;135985;-;194.1	146;135975;137021;-;174.3	11;8955;11636;+;168.0	144;130608;134561;-;101.7	7;5270;6625;+;80.7	11;8955;11636;+;72.2	4;2758;3546;+;74.8	25;29555;31066;+;62.0	28;32285;35473;+;57.3	153;144063;146147;+;56.8	10;7996;8946;+;46.1	153;144063;146147;+;38.8	A	9/9	split_3	141305	1	1	129138..130427-;429;unnamed;0
NZ_CP075063.1	MPF_F	IncFIB(AP001918);IncFIC(FII)	144	0	0	GA	0															not_admitted	not_admitted	not_admitted	not_admitted	not_admitted	not_admitted	not_admitted	not_admitted	not_admitted	not_admitted	1	97;99730;100722;-;369.3	86;92671;94044;-;378.1	93;96258;97001;-;234.1	100;101731;104358;-;305.4	85;89852;92674;-;389.5	105;106413;107840;-;94.3	100;101731;104358;-;98.5	107;108555;109121;-;183.8	96;99083;99721;-;68.4	95;97278;99086;-;268.4	82;86170;88323;-;391.9	101;104874;105389;-;78.0	82;86170;88323;-;70.4	A	9/9	contiguous	22385	1	1	89339..89830-;163;TraS;0
NZ_CP075064.1	MPF_F	IncFII(pHN7A8);IncN	118	0	0	GA	0															not_admitted	not_admitted	not_admitted	not_admitted	not_admitted	not_admitted	not_admitted	not_admitted	not_admitted	not_admitted	1	91;75052;76044;+;369.5	104;82877;84250;+;376.8	99;80568;81311;+;234.4	88;71416;74043;+;301.8	105;84247;87063;+;376.7	83;67934;69361;+;94.1	88;71416;74043;+;101.8	81;66653;67219;+;183.8	94;76990;77628;+;70.4	97;78441;80291;+;265.0	109;89364;91607;+;391.7	87;70385;70900;+;78.0	109;89364;91607;+;70.3	A	9/9	contiguous	22711	1	1	87096..87617+;173;unnamed;0
NZ_CP075067.1	MPF_T	IncI2(Delta)	72	0	0	GA	1	20;22496;22978;-;81.1		35;38585;38869;-;36.6	34;36222;38579;-;58.5	34;36222;38579;-;44.9	44;43681;44325;-;41.0	45;44331;45326;-;123.9		32;35322;36056;-;144.3	31;34555;35325;-;170.5	30;33426;34565;-;154.7	23;24757;26295;-;207.1	28;30378;32336;-;289.6		pfam	pfam_only	A	7/7	rearranged	1	0	unscoreable	14	0	0														not_admitted	not_admitted	not_admitted	not_admitted	not_admitted	not_admitted	not_admitted
NZ_CP075111.1	MPF_F	IncFIB(pB171);IncFII(Yp)	113	0	0	GA	0															not_admitted	not_admitted	not_admitted	not_admitted	not_admitted	not_admitted	not_admitted	not_admitted	not_admitted	not_admitted	1	11;8305;9291;+;354.6	17;13513;14877;+;331.5	15;12104;12880;+;200.1	8;4636;7227;+;215.3	18;14879;17773;+;280.5	1;728;2089;+;82.7	8;4636;7227;+;89.9		13;9667;10281;+;81.2	14;10278;12107;+;252.2	21;19419;21662;+;375.7	7;3984;4625;+;43.5	21;19419;21662;+;68.1	B	8/9	contiguous	18691	1	1	17783..18358+;191;unnamed;0
NZ_CP075114.1	MPF_T	IncFII(S);IncFII(pAR0022);IncX1	90	0	0	GA	1	8;4150;4797;+;45.2	9;4775;5071;+;77.5	10;5090;7843;+;46.6	10;5090;7843;+;148.0	10;5090;7843;+;75.3	11;7854;8612;+;65.9	13;8850;9983;+;108.9		14;10228;10941;+;120.0	15;10946;11875;+;129.7	16;11872;13077;+;132.5	17;13079;13843;+;55.2	18;14112;15947;+;486.5		pfam	pfam_only	A	7/7	canonical	1	1	unscoreable	1	0	0														not_admitted	not_admitted	not_admitted	not_admitted	not_admitted	not_admitted	not_admitted
NZ_CP075124.1	MPF_T	IncX1	45	0	0	GA	1	36;24138;24785;+;46.9	37;24763;25059;+;77.5	38;25078;27831;+;46.5	38;25078;27831;+;144.8	38;25078;27831;+;71.6	39;27842;28600;+;67.3	41;28838;29971;+;106.4		42;30217;30930;+;119.7	43;30935;31864;+;133.8	44;31861;33066;+;132.5	0;1;1032;+;76.5	1;1035;2870;+;488.6		pfam	pfam_only	A	7/7	canonical	1	1	unscoreable	1	0	0														not_admitted	not_admitted	not_admitted	not_admitted	not_admitted	not_admitted	not_admitted
NZ_CP075131.1	MPF_T	IncFII(pMET)	37	0	0	GA	1	21;16856;17566;-;47.1	20;16554;16859;-;73.1	19;13803;16541;-;49.1	19;13803;16541;-;151.4	19;13803;16541;-;32.2	18;13225;13785;-;79.9	16;11638;12708;-;165.1		14;10733;11416;-;197.8	13;9828;10733;-;154.4	12;8522;9784;-;147.2	10;7175;8200;-;66.1	6;3584;5320;-;46.3		pfam	pfam_only	A	7/7	canonical	1	1	unscoreable	6	0	0														not_admitted	not_admitted	not_admitted	not_admitted	not_admitted	not_admitted	not_admitted
NZ_CP075136.1	MPF_T	IncFII(pMET)	36	0	0	GA	1	23;15464;16174;+;47.1	24;16171;16476;+;73.1	25;16489;19227;+;49.1	25;16489;19227;+;151.4	25;16489;19227;+;32.2	26;19245;19946;+;143.7	28;20195;21265;+;165.1		30;21487;22170;+;197.8	31;22170;23075;+;154.4	32;23119;24381;+;147.2	34;24703;25728;+;66.1	1;1425;3161;+;46.7		pfam	pfam_only	A	7/7	canonical	1	1	unscoreable	3	0	0														not_admitted	not_admitted	not_admitted	not_admitted	not_admitted	not_admitted	not_admitted
NZ_CP075142.1	MPF_F	IncFIB(S);IncFII(S);IncFII(pAR0022)	87	0	0	GA	0															not_admitted	not_admitted	not_admitted	not_admitted	not_admitted	not_admitted	not_admitted	not_admitted	not_admitted	not_admitted	1	14;9590;10576;+;366.7	24;16306;17688;+;393.5	21;14531;15274;+;228.0	11;5955;8603;+;315.2	25;17685;20507;+;383.8	4;2004;3425;+;90.5	11;5955;8603;+;97.9	2;711;1277;+;188.8	15;10887;11525;+;68.3	17;11978;13804;+;270.2	28;22161;24308;+;370.9	7;4231;4743;+;78.3	28;22161;24308;+;71.8	A	9/9	contiguous	21450	1	1	20529..21017+;162;TraS;0
NZ_CP075257.1	MPF_F	IncFIB(pNDM-Mar);IncHI1B(pNDM-MAR)	304	0	0	GA	0															not_admitted	not_admitted	not_admitted	not_admitted	not_admitted	not_admitted	not_admitted	not_admitted	not_admitted	not_admitted	1	232;205323;206360;-;282.3	81;60661;62070;+;190.4	80;59634;60671;+;175.6	247;218453;221170;-;149.6	82;62072;65986;+;120.2	159;136062;137318;-;206.8	247;218453;221170;-;85.2	254;226299;227159;-;79.0	233;206357;207718;-;69.9	231;202131;205313;-;60.1	73;50309;52435;-;57.7	248;221215;221952;-;56.9	73;50309;52435;-;41.0	A	9/9	split_3	175990	0	1	
NZ_CP075261.1	MPF_F	IncFII(K);IncX1;repB(R1701)	185	0	0	GA	0															not_admitted	not_admitted	not_admitted	not_admitted	not_admitted	not_admitted	not_admitted	not_admitted	not_admitted	not_admitted	1	96;71754;72743;+;366.6	106;78290;79657;+;384.0	102;76280;77032;+;233.3	92;67672;70311;+;258.5	107;79657;82506;+;346.4	85;63055;64479;+;89.2	92;67672;70311;+;88.2	83;61762;62328;+;169.3	97;72756;73394;+;66.9	98;73453;75408;+;259.7	111;84968;87280;+;393.1	86;64593;65177;+;53.6	111;84968;87280;+;66.6	A	9/9	contiguous	23206	1	1	82509..83042+;177;unnamed;0
NZ_CP075288.1	MPF_F	IncFIB(K);IncFII(K);IncFII(pAR0022)	231	0	0	GA	0															not_admitted	not_admitted	not_admitted	not_admitted	not_admitted	not_admitted	not_admitted	not_admitted	not_admitted	not_admitted	1	184;195041;196030;-;366.6	174;188127;189494;-;384.5	178;190752;191504;-;231.8	188;197484;200126;-;258.5	173;185305;188127;-;346.4	195;204677;206101;-;82.7	188;197484;200126;-;88.2	197;206828;207394;-;169.3	183;194390;195028;-;66.9	182;192376;194331;-;259.7	169;180381;182690;-;392.8	194;203979;204563;-;54.3	169;180381;182690;-;65.8	A	9/9	contiguous	26447	1	1	184680..185282-;200;TraS;0
NZ_CP075318.1	MPF_F	IncFII(pBK30683);repB(R1701)	125	0	0	GA	0															not_admitted	not_admitted	not_admitted	not_admitted	not_admitted	not_admitted	not_admitted	not_admitted	not_admitted	not_admitted	1	71;65967;66956;-;366.0	61;59053;60420;-;384.0	65;61678;62430;-;233.7	75;68413;71052;-;258.5	60;56204;59053;-;346.4	81;73882;75306;-;89.2	75;68413;71052;-;88.7	83;76033;76599;-;169.3	70;65316;65954;-;67.0	69;63302;65257;-;259.7	56;51428;53740;-;390.0	80;73225;73809;-;54.5	56;51428;53740;-;64.0	A	9/9	contiguous	24605	1	1	55668..56201-;177;unnamed;0
NZ_CP075319.1	-	-	47	0	0	GA	1	40;27479;28081;-;49.5	39;27195;27482;-;48.7	38;24444;27179;-;59.0	38;24444;27179;-;140.2	38;24444;27179;-;56.9	37;23721;24434;-;110.6	35;22333;23397;-;145.5		34;21459;22148;-;140.3	33;20554;21462;-;132.8	32;19281;20564;-;128.8	31;18247;19281;-;85.6	30;16428;18260;-;410.3		pfam	pfam_only	A	7/7	canonical	1	1	unscoreable	1	0	0														not_admitted	not_admitted	not_admitted	not_admitted	not_admitted	not_admitted	not_admitted
NZ_CP075326.1	-	-	238	0	0	GA	0															not_admitted	not_admitted	not_admitted	not_admitted	not_admitted	not_admitted	not_admitted	not_admitted	not_admitted	not_admitted	1	58;53791;54948;+;246.2	44;38780;40210;+;212.0	43;37608;38780;+;201.4	54;49267;51651;+;228.9	45;40226;43627;+;204.8	51;46762;48051;+;111.1	54;49267;51651;+;110.0	49;45087;45698;+;105.3	57;52475;53794;+;39.7	59;54965;60613;+;67.9	190;176732;178585;-;54.5	52;48124;48813;+;63.4	190;176732;178585;-;42.6	A	9/9	split_2	139124	0	1	
NZ_CP075328.1	MPF_T	-	57	0	0	GA	1	37;32847;33632;-;42.9	35;29982;30293;-;56.6	34;29628;29969;-;84.0	33;27133;29622;-;196.2	33;27133;29622;-;93.4	31;26239;26949;-;222.0	29;24816;25913;-;131.0		27;23763;24518;-;191.1	26;22888;23766;-;187.6	25;21758;22888;-;193.1	24;20659;21732;-;90.7	23;17727;20456;-;335.8		pfam	both	A	7/7	canonical	1	0	unscoreable	4	0	0														not_admitted	not_admitted	not_admitted	not_admitted	not_admitted	not_admitted	not_admitted
NZ_CP075329.1	MPF_T	-	67	0	0	GA	1	31;31880;32782;-;38.9	42;41620;41997;-;71.2	41;41324;41623;-;50.8	40;38668;41337;-;66.0	40;38668;41337;-;82.7	39;38003;38665;-;70.7	36;36502;37368;-;148.5		35;35831;36505;-;92.1	34;35024;35806;-;199.4	33;33802;35022;-;174.5	32;32769;33791;-;112.7	25;25577;27151;+;70.4		pfam	both	A	7/7	canonical	1	0	unscoreable	7	0	0														not_admitted	not_admitted	not_admitted	not_admitted	not_admitted	not_admitted	not_admitted
NZ_CP075346.1	MPF_T	-	112	0	0	GA	1		26;17493;17876;+;68.7	27;17879;18205;+;50.6	28;18202;20745;+;96.2	28;18202;20745;+;106.9	33;24186;24956;+;100.7	35;25363;26700;+;113.2		29;20742;21449;+;92.3	30;21655;22320;+;152.4	32;22779;24173;+;220.3	25;16423;17379;+;134.8	65;46073;48019;-;442.7		conjscan	conjscan_only	A	7/7	canonical	1	0	unscoreable	3	0	0														not_admitted	not_admitted	not_admitted	not_admitted	not_admitted	not_admitted	not_admitted
NZ_CP075347.1	MPF_F	IncFII(Yp);IncFII(pAR0022)	70	0	0	GA	0															not_admitted	not_admitted	not_admitted	not_admitted	not_admitted	not_admitted	not_admitted	not_admitted	not_admitted	not_admitted	1				61;50674;53304;+;285.5			61;50674;53304;+;98.6							D	1/9	contiguous	0	0	0	
NZ_CP075351.1	-	-	84	0	0	GA	1	51;44842;45924;+;91.4	47;41806;42141;+;79.3	48;42138;42437;+;84.1	49;42440;43747;+;133.6	49;42440;43747;+;94.2	52;45936;46658;+;38.4	54;46872;47888;+;125.0		55;47906;48610;+;173.0	56;48611;49417;+;195.5	57;49417;50640;+;192.9	58;50624;51643;+;122.6	59;51646;53724;+;306.2		pfam	pfam_only	A	7/7	canonical	1	0	unscoreable	2	0	0														not_admitted	not_admitted	not_admitted	not_admitted	not_admitted	not_admitted	not_admitted
NZ_CP075362.1	-	-	83	0	0	GA	1	13;11731;12813;+;91.4	10;8696;9031;+;79.3	11;9028;9327;+;84.1	12;9330;11738;+;132.2	12;9330;11738;+;93.0	14;12825;13547;+;38.4	16;13761;14777;+;125.0		17;14795;15499;+;173.0	18;15500;16306;+;195.5	19;16306;17529;+;192.9	20;17513;18532;+;122.6	21;18535;20613;+;306.2		pfam	pfam_only	A	7/7	canonical	1	0	unscoreable	1	0	0														not_admitted	not_admitted	not_admitted	not_admitted	not_admitted	not_admitted	not_admitted
NZ_CP075373.1	MPF_F	IncHI2;IncHI2A	275	0	0	GA	0															not_admitted	not_admitted	not_admitted	not_admitted	not_admitted	not_admitted	not_admitted	not_admitted	not_admitted	not_admitted	1	231;203776;204834;-;276.5	68;57563;58978;+;194.1	67;56527;57573;+;174.3	247;224406;227087;-;168.0	69;58987;62940;+;101.7	251;229417;230772;-;80.7	247;224406;227087;-;72.2	254;232496;233284;-;74.8	233;204976;206487;-;62.0	230;200569;203757;-;57.3	60;47401;49485;-;56.8	248;227096;228046;-;46.1	60;47401;49485;-;38.8	A	9/9	split_2	185095	1	1	63121..64410+;429;unnamed;0
NZ_CP075375.1	MPF_F	IncFII	78	0	0	GA	0															not_admitted	not_admitted	not_admitted	not_admitted	not_admitted	not_admitted	not_admitted	not_admitted	not_admitted	not_admitted	1	58;45762;46754;+;370.2	66;51450;52823;+;380.4	62;49486;50229;+;233.3	55;42126;44753;+;303.5	67;52820;55642;+;386.8	51;38787;40214;+;94.3	55;42126;44753;+;100.3	49;37506;38072;+;183.8	59;46763;47401;+;68.3	60;47398;49206;+;268.2	70;57176;59473;+;391.6	54;41095;41610;+;78.0	70;57176;59473;+;70.3	A	9/9	contiguous	19670	1	1	55663..56160+;165;TraS;0
NZ_CP075378.1	MPF_F	IncHI2;IncHI2A	310	0	0	GA	0															not_admitted	not_admitted	not_admitted	not_admitted	not_admitted	not_admitted	not_admitted	not_admitted	not_admitted	not_admitted	1	263;229573;230631;-;276.9	70;58912;60327;+;194.1	69;57876;58922;+;174.3	283;253815;256496;-;168.0	71;60336;64289;+;101.7	287;258826;260181;-;80.7	283;253815;256496;-;72.2	290;261905;262693;-;74.8	265;230773;232284;-;62.0	222;190362;193403;-;58.0	62;48750;50834;-;56.8	284;256505;257455;-;46.1	62;48750;50834;-;38.8	A	9/9	split_4	213155	1	1	64470..65759+;429;unnamed;0
NZ_CP075453.1	MPF_F	IncFIB(K);IncFII(pKP91);IncQ1	199	0	0	GA	0															not_admitted	not_admitted	not_admitted	not_admitted	not_admitted	not_admitted	not_admitted	not_admitted	not_admitted	not_admitted	1	149;144850;145839;-;363.3	139;137936;139303;-;384.6	143;140561;141313;-;233.7	153;147296;149935;-;258.5	138;135087;137936;-;341.1	162;153274;154698;-;89.3	153;147296;149935;-;88.2	164;155425;155991;-;167.0	148;144199;144837;-;66.0	147;142185;144140;-;260.6	134;130344;132626;-;393.2	160;152078;152662;-;54.6	134;130344;132626;-;65.9	A	9/9	contiguous	25081	1	1	134554..135084-;176;unnamed;0
NZ_CP075455.1	MPF_F	IncFIB(pNDM-Mar);IncHI1B(pNDM-MAR)	341	0	0	GA	0															not_admitted	not_admitted	not_admitted	not_admitted	not_admitted	not_admitted	not_admitted	not_admitted	not_admitted	not_admitted	1	333;298580;299617;-;282.3	149;126388;127797;+;190.4	148;125361;126398;+;175.6	4;2597;5314;-;149.6	150;127799;131713;+;120.2	8;7427;8797;-;65.6	4;2597;5314;-;85.2	11;10443;11303;-;79.0	334;299614;300975;-;69.9	332;295388;298570;-;60.1	141;116036;118162;-;57.7	5;5359;6096;-;56.9	141;116036;118162;-;41.0	A	9/9	split_3	297017	0	1	
NZ_CP075464.1	MPF_F	IncFII(pCoo)	112	0	0	GA	0															not_admitted	not_admitted	not_admitted	not_admitted	not_admitted	not_admitted	not_admitted	not_admitted	not_admitted	not_admitted	1	91;79061;80053;+;369.3	99;84746;86122;+;381.0	95;82785;83528;+;233.3	88;75425;78052;+;303.5	100;86119;88944;+;389.2	82;72086;73513;+;94.3	88;75425;78052;+;100.3	80;70805;71371;+;183.8	92;80062;80700;+;68.3	93;80697;82505;+;268.3	103;90448;92637;+;391.8	85;74394;74909;+;78.0	103;90448;92637;+;70.3	A	9/9	contiguous	19643	1	1	88941..89450+;169;unnamed;0
NZ_CP075466.1	MPF_F	IncFII	107	0	0	GA	0															not_admitted	not_admitted	not_admitted	not_admitted	not_admitted	not_admitted	not_admitted	not_admitted	not_admitted	not_admitted	1	60;47070;48062;+;369.5	70;53841;55214;+;381.7	65;51168;51911;+;234.4	57;43431;46061;+;304.1	71;55211;58033;+;374.0	50;38981;40432;+;94.2	57;43431;46061;+;97.1	48;37700;38266;+;174.3	62;48406;49044;+;68.6	63;49041;50891;+;266.1	75;60305;62602;+;391.0	53;41292;41807;+;78.4	75;60305;62602;+;70.2	A	9/9	contiguous	22605	1	1	58055..58534+;159;TraS;0
NZ_CP075478.1	MPF_F	IncFII	98	0	0	GA	0															not_admitted	not_admitted	not_admitted	not_admitted	not_admitted	not_admitted	not_admitted	not_admitted	not_admitted	not_admitted	1	64;48326;49318;+;369.5	74;55097;56470;+;381.7	69;52424;53167;+;234.4	61;44687;47317;+;304.1	75;56467;59289;+;374.0	54;40237;41688;+;94.2	61;44687;47317;+;97.1	52;38956;39522;+;174.3	66;49662;50300;+;68.6	67;50297;52147;+;266.1	79;61561;63831;+;391.1	57;42548;43063;+;78.4	79;61561;63831;+;70.3	A	9/9	contiguous	22605	1	1	59311..59790+;159;TraS;0
NZ_CP075482.1	MPF_F	IncFII	107	0	0	GA	0															not_admitted	not_admitted	not_admitted	not_admitted	not_admitted	not_admitted	not_admitted	not_admitted	not_admitted	not_admitted	1	83;67490;68482;+;369.5	93;74261;75634;+;381.7	88;71588;72331;+;234.4	80;63851;66481;+;304.1	94;75631;78453;+;374.0	73;59401;60852;+;94.2	80;63851;66481;+;97.1	71;58120;58686;+;174.3	85;68826;69464;+;68.6	86;69461;71311;+;266.1	98;80725;82986;+;391.1	76;61712;62227;+;78.4	98;80725;82986;+;70.3	A	9/9	contiguous	22605	1	1	78475..78954+;159;TraS;0
NZ_CP075483.1	MPF_F	IncFII(pHN7A8)	91	0	0	GA	0															not_admitted	not_admitted	not_admitted	not_admitted	not_admitted	not_admitted	not_admitted	not_admitted	not_admitted	not_admitted	1	64;50686;51678;+;369.5	77;58511;59884;+;376.8	72;56202;56945;+;234.4	61;47050;49677;+;301.8	78;59881;62697;+;376.7	56;43568;44995;+;94.1	61;47050;49677;+;101.8	54;42287;42853;+;183.8	67;52624;53262;+;70.4	70;54075;55925;+;265.0	82;64998;67232;+;391.7	60;46019;46534;+;78.0	82;64998;67232;+;70.3	A	9/9	contiguous	22711	1	1	62730..63251+;173;unnamed;0
NZ_CP075535.1	-	-	67	0	0	GA	1	41;26912;27565;-;60.3	6;4171;4464;-;65.0	5;3884;4174;-;43.1	4;1692;3881;-;105.4	4;1692;3881;-;91.9	48;32360;33355;-;47.1	46;30877;32094;-;48.4		45;30175;30861;-;113.6	44;29242;30156;-;168.8	42;27562;28794;-;202.6	7;4478;5419;-;130.5	37;22403;24238;-;328.6		conjscan	conjscan_only	A	7/7	rearranged	1	0	unscoreable	4	0	0														not_admitted	not_admitted	not_admitted	not_admitted	not_admitted	not_admitted	not_admitted
NZ_CP075537.1	MPF_T	-	66	0	0	GA	1	47;31963;32508;+;59.1	15;9915;10208;+;65.0	16;10205;10495;+;43.1	17;10498;12957;+;104.9	17;10498;12957;+;91.6	33;22535;23365;-;42.2	41;26573;27790;+;48.4		42;27806;28492;+;115.6	43;28511;29425;+;168.8	45;29873;31108;+;205.6	14;8960;9901;+;130.5	51;35191;37017;+;315.2		conjscan	both	A	7/7	canonical	1	0	unscoreable	27	0	0														not_admitted	not_admitted	not_admitted	not_admitted	not_admitted	not_admitted	not_admitted
NZ_CP075539.1	-	-	63	0	0	GA	1	59;40263;40910;+;58.5	31;21053;21346;+;65.0	32;21343;21633;+;43.1	33;21636;24095;+;104.9	33;21636;24095;+;91.6	52;34224;35468;+;46.6	54;35734;36951;+;48.4		55;36967;37653;+;113.6	56;37672;38586;+;169.9	58;39034;40266;+;202.6	30;20098;21039;+;130.5	0;126;1418;+;263.2		conjscan	conjscan_only	A	7/7	canonical	1	0	unscoreable	1	0	0														not_admitted	not_admitted	not_admitted	not_admitted	not_admitted	not_admitted	not_admitted
NZ_CP075541.1	-	-	109	0	0	GA	1	86;55418;56071;-;60.3	99;66895;67188;-;65.2	41;29461;29751;-;41.5	40;27460;29457;-;110.0	40;27460;29457;-;92.4	93;60956;62548;-;61.2	91;59502;60719;-;39.1		90;58681;59364;-;116.3	89;57748;58662;-;168.8	87;56068;57300;-;202.6	100;67209;68054;-;136.5	82;50909;52744;-;328.6		conjscan	conjscan_only	A	7/7	rearranged	1	0	unscoreable	9	0	0														not_admitted	not_admitted	not_admitted	not_admitted	not_admitted	not_admitted	not_admitted
NZ_CP075543.1	-	-	105	0	0	GA	1	79;55408;56061;-;60.3	41;29739;30032;-;65.2	40;29452;29742;-;41.5	39;26989;29448;-;109.9	39;26989;29448;-;91.9	86;60946;62538;-;61.2	84;59492;60709;-;39.1		83;58671;59354;-;116.3	82;57738;58652;-;168.8	80;56058;57290;-;202.6	42;30053;30898;-;136.5	75;50899;52734;-;328.6		conjscan	conjscan_only	A	7/7	rearranged	1	0	unscoreable	10	0	0														not_admitted	not_admitted	not_admitted	not_admitted	not_admitted	not_admitted	not_admitted
NZ_CP075549.1	MPF_F	IncFIB(K);IncFII(pKP91);IncQ1	199	0	0	GA	0															not_admitted	not_admitted	not_admitted	not_admitted	not_admitted	not_admitted	not_admitted	not_admitted	not_admitted	not_admitted	1	149;144850;145839;-;363.3	139;137936;139303;-;384.6	143;140561;141313;-;233.7	153;147296;149935;-;258.5	138;135087;137936;-;341.1	162;153274;154698;-;89.3	153;147296;149935;-;88.2	164;155425;155991;-;167.0	148;144199;144837;-;66.0	147;142185;144140;-;260.6	134;130344;132626;-;393.2	160;152078;152662;-;54.6	134;130344;132626;-;65.9	A	9/9	contiguous	25081	1	1	134554..135084-;176;unnamed;0
NZ_CP075551.1	MPF_F	IncFIB(pNDM-Mar);IncHI1B(pNDM-MAR)	344	0	0	GA	0															not_admitted	not_admitted	not_admitted	not_admitted	not_admitted	not_admitted	not_admitted	not_admitted	not_admitted	not_admitted	1	230;212713;213750;-;282.3	42;37606;39015;+;190.4	41;36579;37616;+;175.6	242;224582;227299;-;149.6	43;39017;42931;+;120.2	246;229412;230782;-;65.6	242;224582;227299;-;85.2	249;232428;233288;-;79.0	231;213747;215108;-;69.9	229;209521;212703;-;60.1	34;27254;29380;-;57.7	243;227344;228081;-;56.9	34;27254;29380;-;41.0	A	9/9	split_2	205174	0	1	
NZ_CP075553.1	MPF_F	IncFIB(K);IncFII(K);IncFII(pAR0022)	219	0	0	GA	0															not_admitted	not_admitted	not_admitted	not_admitted	not_admitted	not_admitted	not_admitted	not_admitted	not_admitted	not_admitted	1	175;182383;183372;-;363.3	164;175197;176564;-;384.1	168;177822;178574;-;233.7	179;184829;187468;-;259.0	163;172375;175197;-;346.4	189;191396;192820;-;89.5	179;184829;187468;-;88.7	191;193547;194113;-;167.0	173;181460;182107;-;65.9	172;179446;181401;-;259.4	159;167446;169758;-;393.1	187;190200;190784;-;53.8	159;167446;169758;-;66.6	A	9/9	contiguous	26101	1	1	171750..172352-;200;TraS;0
NZ_CP075559.1	MPF_F	IncFIB(pNDM-Mar);IncHI1B(pNDM-MAR)	350	0	0	GA	0															not_admitted	not_admitted	not_admitted	not_admitted	not_admitted	not_admitted	not_admitted	not_admitted	not_admitted	not_admitted	1	27;28746;29783;+;282.3	218;208926;210335;-;190.4	219;210325;211362;-;175.6	15;15197;17914;+;149.6	217;205010;208924;-;120.2	11;11714;13084;+;65.6	15;15197;17914;+;85.2	8;9208;10068;+;79.0	26;27388;28749;+;69.9	28;29793;32963;+;60.1	226;218561;220687;+;57.7	14;14415;15152;+;56.9	226;218561;220687;+;41.0	A	9/9	split_2	209353	0	1	
NZ_CP075592.1	MPF_F	IncFIB(K);IncFII(K)	199	0	0	GA	0															not_admitted	not_admitted	not_admitted	not_admitted	not_admitted	not_admitted	not_admitted	not_admitted	not_admitted	not_admitted	1	144;140685;141677;-;366.6	134;133864;135234;-;381.2	138;136436;137188;-;232.4	147;142703;145342;-;258.7	133;131015;133864;-;344.2	156;149157;150581;-;89.2	147;142703;145342;-;88.8	158;151308;151874;-;167.0	143;140034;140672;-;67.0	142;138031;140037;-;259.0	129;126889;129201;-;393.2	154;147976;148545;-;49.7	129;126889;129201;-;65.8	A	9/9	contiguous	24419	1	1	130482..131012-;176;unnamed;0
NZ_CP075641.1	MPF_F	IncFIB(AP001918);IncFII(pSE11)	143	0	0	GA	0															not_admitted	not_admitted	not_admitted	not_admitted	not_admitted	not_admitted	not_admitted	not_admitted	not_admitted	not_admitted	1	80;91239;92231;-;357.1	66;82683;84056;-;370.5	73;86489;87232;-;231.1	83;93240;95870;-;304.8	65;79864;82686;-;375.3	93;99536;100966;-;93.4	83;93240;95870;-;99.7	95;101681;102247;-;172.1	78;90012;90650;-;70.1	75;87496;89400;-;262.6	61;75410;77617;-;391.8	89;97896;98411;-;75.3	61;75410;77617;-;70.3	A	9/9	contiguous	26271	1	1	79345..79842-;165;TraS;1
NZ_CP075642.1	-	-	59	0	0	GA	1	54;39672;40253;-;46.8		52;38909;39232;-;36.9	51;36472;38907;-;62.6	51;36472;38907;-;33.0	49;35118;35786;-;27.0	47;33547;34596;-;100.4		45;32600;33346;-;150.6	44;31806;32603;-;174.7	43;30593;31816;-;144.0	42;29580;30593;-;107.6	41;27221;29260;-;260.9		pfam	pfam_only	A	7/7	canonical	1	0	unscoreable	5	0	0														not_admitted	not_admitted	not_admitted	not_admitted	not_admitted	not_admitted	not_admitted
NZ_CP075653.1	MPF_F	ColRNAI;IncFIB(AP001918);IncFII;IncFII(pCoo)	133	0	0	GA	0															not_admitted	not_admitted	not_admitted	not_admitted	not_admitted	not_admitted	not_admitted	not_admitted	not_admitted	not_admitted	1	77;70590;71582;-;357.1	62;62136;63509;-;370.1	70;65941;66684;-;233.1	80;72591;75221;-;304.3	61;59317;62139;-;375.0	87;78245;79675;-;93.4	80;72591;75221;-;99.0	89;80390;80956;-;172.1	74;69323;69961;-;70.1	72;66948;68852;-;261.1	56;54570;56759;-;391.8	84;76849;77364;-;80.6	56;54570;56759;-;70.3	A	9/9	contiguous	25820	1	1	58798..59295-;165;TraS;1
NZ_CP075688.1	MPF_T	-	71	0	0	GA	1	42;44243;44932;+;36.1			44;45617;48169;+;75.7		45;48166;48852;+;49.8	47;49261;50193;+;137.7		48;50570;51358;+;100.9	49;51348;52157;+;141.2	50;52144;53520;+;127.9	51;53530;54585;+;49.6	57;58533;60206;+;244.8		pfam	pfam_only	A	7/7	canonical	1	0	unscoreable	7	0	0														not_admitted	not_admitted	not_admitted	not_admitted	not_admitted	not_admitted	not_admitted
NZ_CP075700.1	MPF_F	IncFIB(AP001918);IncFII(pSE11)	96	0	0	GA	0															not_admitted	not_admitted	not_admitted	not_admitted	not_admitted	not_admitted	not_admitted	not_admitted	not_admitted	not_admitted	1	37;36977;37969;-;369.3	26;29919;31292;-;380.9	33;33505;34248;-;235.0	40;38978;41605;-;306.8	25;27106;29922;-;387.9	46;43764;45191;-;94.3	40;38978;41605;-;98.5	48;45906;46472;-;182.9	36;36330;36968;-;68.4	35;34525;36333;-;268.3	22;23336;25543;-;391.7	42;42121;42636;-;78.4	22;23336;25543;-;70.4	A	9/9	contiguous	22570	1	1	26552..27073-;173;unnamed;0
NZ_CP075701.1	MPF_T	IncI2(Delta)	82	0	0	GA	1	41;31311;31793;-;81.1		56;47372;47656;-;36.6	55;45009;47366;-;60.7	55;45009;47366;-;44.0	67;52800;53441;-;42.8	68;53447;54442;-;128.5		53;44109;44843;-;143.0	52;43342;44112;-;170.5	51;42213;43352;-;154.7	44;33562;35100;-;207.1	49;39165;41123;-;289.6		pfam	pfam_only	A	7/7	rearranged	1	0	unscoreable	16	1	0														not_admitted	not_admitted	not_admitted	not_admitted	not_admitted	not_admitted	not_admitted
NZ_CP075703.1	MPF_T	IncFII(pEH01)	37	0	0	GA	1	30;19530;20234;-;47.3	29;19230;19526;-;67.3	28;16473;19217;-;49.1	28;16473;19217;-;149.6	28;16473;19217;-;48.3	27;15754;16458;-;139.3	25;14435;15502;-;157.5		23;13566;14249;-;189.7	22;12661;13566;-;153.7	21;11354;12619;-;155.2	19;10164;11189;-;67.3	14;6353;8080;-;47.5		pfam	both	A	7/7	canonical	1	1	unscoreable	7	0	0														not_admitted	not_admitted	not_admitted	not_admitted	not_admitted	not_admitted	not_admitted
NZ_CP075717.1	MPF_F	IncFIB(AP001918);IncFII(pCoo)	179	0	0	GA	0															not_admitted	not_admitted	not_admitted	not_admitted	not_admitted	not_admitted	not_admitted	not_admitted	not_admitted	not_admitted	1	118;115483;116475;-;369.3	107;108424;109800;-;378.0	114;112011;112754;-;235.0	121;117484;120111;-;305.4	106;105605;108427;-;389.5	128;122166;123593;-;94.3	121;117484;120111;-;98.4	130;124308;124874;-;183.8	117;114836;115474;-;68.4	116;113031;114839;-;268.4	103;101923;104076;-;391.8	124;120627;121142;-;78.4	103;101923;104076;-;70.4	A	9/9	contiguous	22385	1	1	105092..105583-;163;TraS;0
NZ_CP075718.1	MPF_F	IncFII	94	0	0	GA	0															not_admitted	not_admitted	not_admitted	not_admitted	not_admitted	not_admitted	not_admitted	not_admitted	not_admitted	not_admitted	1	70;55797;56789;+;369.5	80;62568;63941;+;381.7	75;59895;60638;+;234.4	67;52158;54788;+;305.4	81;63938;66760;+;374.0	59;46508;47959;+;94.2	67;52158;54788;+;98.1	57;45227;45793;+;174.3	72;57133;57771;+;68.6	73;57768;59618;+;266.1	85;69032;71293;+;391.1	62;48819;49334;+;78.4	85;69032;71293;+;70.3	A	9/9	contiguous	23805	1	1	66782..67261+;159;TraS;0
NZ_CP075719.1	MPF_T	IncI2	82	0	0	GA	1	41;34457;34939;-;81.1		56;50535;50819;-;36.6	55;48172;50529;-;58.5	55;48172;50529;-;42.8	68;56272;56913;-;42.8	69;56919;57914;-;128.5		53;47272;48006;-;144.3	52;46505;47275;-;170.5	51;45376;46515;-;154.7	44;36707;38245;-;207.1	49;42328;44286;-;289.6		pfam	pfam_only	A	7/7	rearranged	1	0	unscoreable	17	1	0														not_admitted	not_admitted	not_admitted	not_admitted	not_admitted	not_admitted	not_admitted
NZ_CP075724.1	MPF_T	IncX1;IncY	111	0	0	GA	1	28;25378;26040;-;48.3	27;25068;25367;-;36.6	26;22308;25058;-;61.8	26;22308;25058;-;134.0	26;22308;25058;-;47.3	25;21573;22289;-;137.0	23;20252;21259;-;137.8		21;19356;20042;-;158.2	20;18470;19363;-;147.4	19;17277;18473;-;131.8	18;16224;17273;-;71.5	11;9691;11598;-;24.4		pfam	pfam_only	A	7/7	canonical	1	1	unscoreable	8	0	0														not_admitted	not_admitted	not_admitted	not_admitted	not_admitted	not_admitted	not_admitted
NZ_CP075725.1	MPF_F	IncFII(pCoo)	89	0	0	GA	0															not_admitted	not_admitted	not_admitted	not_admitted	not_admitted	not_admitted	not_admitted	not_admitted	not_admitted	not_admitted	1	68;53599;54591;+;370.2	76;59284;60657;+;380.4	72;57320;58063;+;234.4	65;49963;52590;+;303.5	77;60654;63476;+;386.8	61;46624;48051;+;94.3	65;49963;52590;+;100.3	59;45343;45909;+;183.8	69;54600;55238;+;68.3	70;55235;57043;+;263.5	80;65010;67244;+;391.7	64;48932;49447;+;78.0	80;65010;67244;+;70.3	A	9/9	contiguous	19667	1	1	63497..63994+;165;TraS;0
NZ_CP075732.1	MPF_F	IncFIB(AP001918);IncFIC(FII)	123	0	0	GA	0															not_admitted	not_admitted	not_admitted	not_admitted	not_admitted	not_admitted	not_admitted	not_admitted	not_admitted	not_admitted	1	48;56620;57612;-;369.3	40;50551;51924;-;380.7	44;53145;53888;-;232.7	51;58621;61248;-;303.5	39;47732;50554;-;380.3	55;63160;64587;-;94.3	51;58621;61248;-;100.3	57;65302;65868;-;183.8	47;55973;56611;-;68.3	46;54168;55976;-;268.3	36;44018;46198;-;391.8	52;61764;62279;-;78.0	36;44018;46198;-;70.4	A	9/9	contiguous	21284	1	1	47214..47711-;165;TraS;0
NZ_CP075733.1	MPF_T	IncX4	45	0	0	GA	1	10;4677;5297;+;41.6	11;5311;5637;+;64.4	12;5656;8403;+;63.8	12;5656;8403;+;151.8	12;5656;8403;+;46.1	13;8415;9131;+;94.2	14;9143;10237;+;150.1		16;10752;11438;+;169.0	17;11435;12343;+;142.4	18;12336;13454;+;163.9	19;13456;14484;+;85.0	20;14516;16333;+;314.8		pfam	pfam_only	A	7/7	canonical	1	1	unscoreable	1	0	0														not_admitted	not_admitted	not_admitted	not_admitted	not_admitted	not_admitted	not_admitted
NZ_CP075738.1	MPF_F	IncHI2;IncHI2A;IncN	241	0	0	GA	0															not_admitted	not_admitted	not_admitted	not_admitted	not_admitted	not_admitted	not_admitted	not_admitted	not_admitted	not_admitted	1	29;32425;33483;+;276.9	184;172167;173582;+;194.1	183;171131;172177;+;174.3	11;8955;11636;+;168.0	185;173591;177544;+;101.6	7;5270;6625;+;80.7	11;8955;11636;+;72.2	4;2758;3546;+;74.8	27;30772;32283;+;62.0	30;33502;36690;+;57.3	176;162005;164089;-;56.8	10;7996;8946;+;46.1	176;162005;164089;-;38.8	A	9/9	split_3	170833	1	1	177725..179014+;429;unnamed;0
NZ_CP075741.1	MPF_F	IncFII(pCoo)	84	0	0	GA	0															not_admitted	not_admitted	not_admitted	not_admitted	not_admitted	not_admitted	not_admitted	not_admitted	not_admitted	not_admitted	1	59;43657;44649;+;370.2	67;49342;50715;+;380.4	63;47378;48121;+;234.4	56;40021;42648;+;303.5	68;50712;53534;+;386.8	52;36682;38109;+;94.3	56;40021;42648;+;100.3	50;35401;35967;+;183.8	60;44658;45296;+;68.3	61;45293;47101;+;263.5	71;55068;57257;+;391.8	55;38990;39505;+;78.0	71;55068;57257;+;70.3	A	9/9	contiguous	19667	1	1	53555..54052+;165;TraS;0
NZ_CP075742.1	MPF_T	IncX1	60	0	0	GA	1	45;41242;41889;-;45.6	44;40968;41264;-;77.5	43;38196;40949;-;46.8	43;38196;40949;-;147.9	43;38196;40949;-;75.3	42;37427;38185;-;68.5	40;36056;37189;-;106.9		39;35097;35810;-;120.0	38;34163;35092;-;134.1	37;32961;34166;-;133.4	36;31928;32959;-;76.2	35;30090;31925;-;488.0		pfam	pfam_only	A	7/7	canonical	1	1	unscoreable	1	0	0														not_admitted	not_admitted	not_admitted	not_admitted	not_admitted	not_admitted	not_admitted
NZ_CP075853.1	MPF_F	IncFIB(AP001918);IncFIC(FII)	135	0	0	GA	0															not_admitted	not_admitted	not_admitted	not_admitted	not_admitted	not_admitted	not_admitted	not_admitted	not_admitted	not_admitted	1	79;67651;68643;-;369.3	68;60632;62005;-;380.9	75;64179;64922;-;235.5	82;69652;72279;-;305.4	67;57810;60635;-;385.2	87;74335;75762;-;94.6	82;69652;72279;-;98.5	89;76477;77043;-;183.8	78;67004;67642;-;68.4	77;65199;67007;-;268.0	64;54153;56306;-;391.9	83;72829;73311;-;67.8	64;54153;56306;-;70.4	A	9/9	contiguous	22324	1	1	57304..57813-;169;unnamed;0
NZ_CP075883.1	MPF_F	repFIB;repHI5B	341	0	0	GA	0															not_admitted	not_admitted	not_admitted	not_admitted	not_admitted	not_admitted	not_admitted	not_admitted	not_admitted	not_admitted	1	178;151699;152736;+;282.2	302;263357;264799;-;188.4	303;264756;265793;-;172.4	166;137047;139764;+;143.5	301;259417;263382;-;117.7	162;133557;134924;+;63.7	166;137047;139764;+;80.6	159;131042;131902;+;73.9	177;150341;151702;+;71.7	179;152751;155927;+;58.7	310;273022;275148;+;62.0	165;136261;136998;+;56.3	310;273022;275148;+;39.7	A	9/9	split_2	141980	0	1	
NZ_CP075886.1	MPF_F	repFIB;repHI5B	333	0	0	GA	0															not_admitted	not_admitted	not_admitted	not_admitted	not_admitted	not_admitted	not_admitted	not_admitted	not_admitted	not_admitted	1	99;85732;86769;-;282.2	314;278887;280329;+;188.4	313;277893;278930;+;172.4	110;97638;100355;-;143.5	315;280304;284269;+;117.7	114;102478;103845;-;63.7	110;97638;100355;-;80.6	117;105500;106360;-;73.9	100;86766;88127;-;71.7	98;82541;85717;-;58.7	306;268535;270664;-;62.0	111;100404;101141;-;56.3	306;268535;270664;-;39.7	A	9/9	split_2	197763	0	1	
NZ_CP075887.1	MPF_T	IncX3	57	0	0	GA	1		0;58;348;+;73.1	1;373;3126;+;47.0	1;373;3126;+;142.4	1;373;3126;+;73.3	2;3136;3906;+;60.1	4;4185;5240;+;133.2		5;5435;6163;+;119.4	6;6169;7098;+;138.8	7;7095;8309;+;128.3	9;8505;9539;+;65.7	10;9542;11377;+;495.9		pfam	pfam_only	A	7/7	canonical	1	1	unscoreable	2	0	0														not_admitted	not_admitted	not_admitted	not_admitted	not_admitted	not_admitted	not_admitted
NZ_CP075888.1	MPF_F	IncFII(pBK30683)	85	0	0	GA	0															not_admitted	not_admitted	not_admitted	not_admitted	not_admitted	not_admitted	not_admitted	not_admitted	not_admitted	not_admitted	1	31;31279;32271;-;362.9	18;22338;23705;-;380.7	22;24963;25715;-;233.7	34;33297;35936;-;258.5	17;19489;22338;-;345.6	41;39017;40441;-;89.2	34;33297;35936;-;87.8	43;41168;41734;-;169.3	27;28601;29248;-;66.0	26;26587;28542;-;259.7	13;14692;17004;-;393.1	40;38334;38903;-;52.3	13;14692;17004;-;66.6	A	9/9	contiguous	26476	1	1	18928..19476-;182;unnamed;0
NZ_CP075891.1	MPF_F	IncFIB(K);IncFII(K)	186	0	0	GA	0															not_admitted	not_admitted	not_admitted	not_admitted	not_admitted	not_admitted	not_admitted	not_admitted	not_admitted	not_admitted	1	132;144893;145882;-;366.6	122;137979;139346;-;384.5	126;140604;141356;-;231.8	136;147336;149978;-;258.5	121;135157;137979;-;346.4	143;153191;154615;-;89.2	136;147336;149978;-;88.2	145;155342;155908;-;169.3	131;144242;144880;-;66.9	130;142228;144183;-;259.7	117;130233;132542;-;392.8	142;152493;153077;-;54.3	117;130233;132542;-;65.8	A	9/9	contiguous	25109	1	1	134532..135134-;200;TraS;0
NZ_CP076009.1	MPF_F	IncC	199	0	0	GA	0															not_admitted	not_admitted	not_admitted	not_admitted	not_admitted	not_admitted	not_admitted	not_admitted	not_admitted	not_admitted	1	107;85528;86535;+;332.9	188;155423;156856;+;339.2	187;154393;155421;+;221.7	102;80329;82776;+;354.2	189;156869;160483;+;375.3	91;66241;67557;+;135.0	102;80329;82776;+;128.6	89;64717;65343;+;92.1	105;83598;84863;+;67.6	108;86651;89446;+;145.3	80;59042;60907;+;47.4	92;67554;68132;+;100.2	80;59042;60907;+;52.0	A	9/9	split_2	97827	0	1	
NZ_CP076057.1	MPF_F	IncFIA;IncFII	138	0	0	GA	0															not_admitted	not_admitted	not_admitted	not_admitted	not_admitted	not_admitted	not_admitted	not_admitted	not_admitted	not_admitted	1	17;14146;15138;-;369.5	6;7038;8411;-;382.9	12;10339;11082;-;234.4	20;16147;18774;-;300.9	5;4222;7041;-;385.4	26;20927;22354;-;93.9	20;16147;18774;-;101.1	28;23069;23635;-;182.7	15;13164;13802;-;70.7	14;11359;13167;-;267.1	137;118423;120639;-;380.8	22;19290;19805;-;76.0	137;118423;120639;-;66.5	A	9/9	split_2	114201	1	1	3889..4197-;102;TraS;0
NZ_CP076058.1	MPF_F	IncFII	84	0	0	GA	0															not_admitted	not_admitted	not_admitted	not_admitted	not_admitted	not_admitted	not_admitted	not_admitted	not_admitted	not_admitted	1	6;4169;5161;-;369.4	79;67417;68790;-;382.9	1;362;1105;-;234.1	9;6170;8800;-;306.8	78;64595;67420;-;384.7	17;12061;13488;-;93.9	9;6170;8800;-;100.0	19;14203;14769;-;182.3	4;3187;3825;-;70.7	3;1382;3190;-;267.2	74;60137;62353;-;389.3	13;10424;10939;-;76.0	74;60137;62353;-;68.1	A	9/9	split_2	67055	1	1	64089..64598-;169;unnamed;0
NZ_CP076059.1	MPF_F	Col156;IncFIB(AP001918);IncFII(29)	266	0	0	GA	0															not_admitted	not_admitted	not_admitted	not_admitted	not_admitted	not_admitted	not_admitted	not_admitted	not_admitted	not_admitted	1	199;156464;157456;+;369.5	211;163510;164883;+;381.7	204;160562;161305;+;233.1	196;152825;155455;+;304.0	212;164880;167702;+;388.5	189;148267;149694;+;93.9	196;152825;155455;+;99.3	187;146986;147552;+;183.1	201;157800;158438;+;68.6	202;158435;160285;+;271.9	216;169974;172217;+;391.1	192;150823;151338;+;73.9	216;169974;172217;+;70.3	A	9/9	contiguous	22988	1	1	167724..168203+;159;TraS;0
NZ_CP076062.1	MPF_F	-	469	0	0	GA	0															not_admitted	not_admitted	not_admitted	not_admitted	not_admitted	not_admitted	not_admitted	not_admitted	not_admitted	not_admitted	1	118;87520;88356;+;274.6	152;109350;110804;+;256.3	151;108385;109335;+;244.4	146;104712;105557;+;110.2	153;110814;111674;+;106.0	143;102660;103565;+;114.6	148;106537;107172;+;69.1	139;100766;101488;+;100.9	119;88307;89041;+;104.7	173;124265;125179;+;153.6	133;96787;98589;-;42.8		133;96787;98589;-;41.6	B	8/9	contiguous	36745	1	1	111635..113635+;666;unnamed;0
NZ_CP076063.1	MPF_T	-	257	0	0	GA	1	181;153360;153785;+;79.7	173;146647;146994;-;32.1		170;145310;145951;-;33.0	171;145915;146322;-;98.3		166;142030;143082;-;76.6			176;149185;150096;+;167.6	177;150096;151340;+;175.4	174;147014;148063;-;123.5	162;138926;139612;-;23.6		none	none	B	6/7	canonical	0	0	unscoreable	16	0	0														not_admitted	not_admitted	not_admitted	not_admitted	not_admitted	not_admitted	not_admitted
NZ_CP076107.1	MPF_F	IncFIB(K);IncFII(pKP91)	268	0	0	GA	0															not_admitted	not_admitted	not_admitted	not_admitted	not_admitted	not_admitted	not_admitted	not_admitted	not_admitted	not_admitted	1	98;84050;85039;-;363.3	87;76864;78231;-;382.2	91;79489;80241;-;233.7	102;86496;89135;-;259.4	86;74015;76864;-;342.9	112;93097;94521;-;89.2	102;86496;89135;-;88.3	114;95248;95814;-;167.9	96;83127;83774;-;65.9	95;81113;83068;-;259.5	82;69921;72203;-;393.3	110;91901;92485;-;53.8	82;69921;72203;-;65.9	A	9/9	contiguous	25327	1	1	73482..74012-;176;unnamed;0
NZ_CP076108.1	MPF_F	IncFII(K);repB(R1701)	173	0	0	GA	0															not_admitted	not_admitted	not_admitted	not_admitted	not_admitted	not_admitted	not_admitted	not_admitted	not_admitted	not_admitted	1	36;34853;35842;-;366.6	26;27939;29306;-;381.8	30;30564;31316;-;233.3	40;37285;39924;-;258.5	25;25090;27939;-;346.4	47;43117;44541;-;89.2	40;37285;39924;-;88.2	49;45268;45834;-;169.3	35;34202;34840;-;66.9	34;32188;34143;-;259.7	124;101262;103574;+;393.1	46;42419;43003;-;53.6	124;101262;103574;+;66.6	A	9/9	split_2	76172	1	1	24554..25087-;177;unnamed;0
NZ_CP076112.1	MPF_F	IncFII(K);repB(R1701)	173	0	0	GA	0															not_admitted	not_admitted	not_admitted	not_admitted	not_admitted	not_admitted	not_admitted	not_admitted	not_admitted	not_admitted	1	115;112006;112995;-;366.6	105;105092;106459;-;381.8	109;107717;108469;-;233.3	119;114438;117077;-;258.5	104;102243;105092;-;346.4	126;120270;121694;-;89.2	119;114438;117077;-;88.2	128;122421;122987;-;169.3	114;111355;111993;-;66.9	113;109341;111296;-;259.7	29;25118;27430;+;393.1	125;119572;120156;-;53.6	29;25118;27430;+;66.6	A	9/9	split_2	97303	1	1	101707..102240-;177;unnamed;0
NZ_CP076124.1	MPF_F	Col156;IncFIB(AP001918);IncFII(29)	130	0	0	GA	0															not_admitted	not_admitted	not_admitted	not_admitted	not_admitted	not_admitted	not_admitted	not_admitted	not_admitted	not_admitted	1	88;81738;82730;-;369.5	76;74311;75684;-;381.7	83;77889;78632;-;233.1	91;83739;86369;-;304.0	75;71492;74314;-;388.5	98;89500;90927;-;93.9	91;83739;86369;-;99.3	100;91642;92208;-;183.1	86;80756;81394;-;68.6	85;78909;80759;-;271.9	71;67076;69220;-;391.3	95;87856;88371;-;73.9	71;67076;69220;-;70.4	A	9/9	contiguous	24566	1	1	70991..71470-;159;TraS;0
NZ_CP076233.1	MPF_T	IncI2(Delta)	72	0	0	GA	1	57;43458;43940;+;81.1		44;28104;28388;+;36.6	45;28394;30751;+;60.7	45;28394;30751;+;44.4		33;21744;22238;+;49.0		46;30916;31650;+;144.4	47;31647;32417;+;170.5	48;32407;33546;+;154.7	54;40127;41689;+;207.0	50;34636;36594;+;287.0		none	none	A	7/7	rearranged	0	0	unscoreable	15	1	0														not_admitted	not_admitted	not_admitted	not_admitted	not_admitted	not_admitted	not_admitted
NZ_CP076256.1	MPF_T	-	79	0	0	GA	1		19;8675;8965;+;44.6	20;8986;9303;+;66.5	21;9306;11924;+;101.4	21;9306;11924;+;82.2	22;12012;12719;+;104.8	24;13095;14204;+;136.1		25;14488;15219;+;122.9	26;15221;16117;+;173.3	27;16114;17256;+;181.5	28;17266;18270;+;74.8	34;23187;24737;-;72.1		pfam	both	A	7/7	canonical	1	0	unscoreable	6	0	0														not_admitted	not_admitted	not_admitted	not_admitted	not_admitted	not_admitted	not_admitted
NZ_CP076260.1	MPF_F	IncFIB(AP001918);IncFII(pSE11)	89	0	0	GA	0															not_admitted	not_admitted	not_admitted	not_admitted	not_admitted	not_admitted	not_admitted	not_admitted	not_admitted	not_admitted	1	18;20364;21356;-;369.3	7;13305;14681;-;380.3	14;16892;17635;-;235.0	21;22365;24992;-;305.4	6;10492;13308;-;387.9	28;27046;28473;-;94.3	21;22365;24992;-;98.5	30;29188;29754;-;183.8	17;19717;20355;-;68.4	16;17912;19720;-;268.3	3;6722;8929;-;391.4	24;25508;26023;-;78.4	3;6722;8929;-;69.2	A	9/9	contiguous	22466	1	1	9938..10459-;173;unnamed;0
NZ_CP076263.1	MPF_F	IncFIA(HI1);IncFIB(pB171);IncFII(pCoo)	77	0	0	GA	0															not_admitted	not_admitted	not_admitted	not_admitted	not_admitted	not_admitted	not_admitted	not_admitted	not_admitted	not_admitted	1	33;37633;38625;-;368.4	22;30614;31987;-;380.9	29;34161;34904;-;234.6	36;39634;42261;-;305.4	21;27801;30617;-;387.9	42;44316;45743;-;94.3	36;39634;42261;-;98.5	44;46458;47024;-;183.8	32;36986;37624;-;69.4	31;35181;36989;-;268.9	18;24085;26238;-;391.5	38;42777;43292;-;78.4	18;24085;26238;-;69.2	A	9/9	contiguous	22373	1	1	27247..27768-;173;unnamed;0
NZ_CP076265.1	MPF_F	IncFIB(AP001918);IncFII(pCoo)	143	0	0	GA	0															not_admitted	not_admitted	not_admitted	not_admitted	not_admitted	not_admitted	not_admitted	not_admitted	not_admitted	not_admitted	1	68;76710;77702;-;366.3	57;69691;71064;-;380.9	64;73238;73981;-;235.0	71;78711;81338;-;305.4	56;66869;69694;-;387.0	78;83393;84820;-;93.4	71;78711;81338;-;98.5	80;85535;86101;-;181.1	67;76063;76701;-;68.4	66;74258;76066;-;268.3	53;63213;65366;-;391.5	74;81854;82369;-;79.1	53;63213;65366;-;69.2	A	9/9	contiguous	22322	1	1	66363..66872-;169;unnamed;0
NZ_CP076269.1	MPF_F	IncFIA;IncFIB(AP001918);IncFII(pCoo)	86	0	0	GA	0															not_admitted	not_admitted	not_admitted	not_admitted	not_admitted	not_admitted	not_admitted	not_admitted	not_admitted	not_admitted	1	38;28759;29751;+;367.8	49;35397;36770;+;378.0	42;32480;33223;+;235.0	35;25123;27750;+;301.8	50;36767;39589;+;384.3	29;21641;23068;+;94.2	35;25123;27750;+;98.5	27;20360;20926;+;183.4	39;29760;30398;+;68.4	40;30395;32203;+;268.3	53;41118;43271;+;391.9	33;24092;24607;+;78.4	53;41118;43271;+;70.4	A	9/9	contiguous	20758	1	1	39611..40102+;163;TraS;0
NZ_CP076271.1	MPF_F	IncFIA;IncFIB(AP001918);IncFII(pCoo)	129	0	0	GA	0															not_admitted	not_admitted	not_admitted	not_admitted	not_admitted	not_admitted	not_admitted	not_admitted	not_admitted	not_admitted	1	54;61004;61996;-;369.3	43;53982;55355;-;380.9	50;57529;58272;-;234.0	59;64574;67216;-;305.8	42;51166;53985;-;389.7	66;69271;70698;-;94.2	59;64574;67216;-;100.3	68;71413;71979;-;182.9	53;60357;60995;-;68.7	52;58552;60360;-;268.1	39;47403;49628;-;392.2	62;67732;68247;-;78.4	39;47403;49628;-;70.3	A	9/9	contiguous	24010	1	1	50644..51141-;165;TraS;0
NZ_CP076273.1	MPF_F	IncFIB(AP001918);IncFII(pSE11)	85	0	0	GA	0															not_admitted	not_admitted	not_admitted	not_admitted	not_admitted	not_admitted	not_admitted	not_admitted	not_admitted	not_admitted	1	38;51370;52362;-;369.3	27;44311;45684;-;380.4	34;47898;48641;-;235.0	41;53371;55998;-;305.4	26;41498;44314;-;387.9	47;58053;59480;-;94.3	41;53371;55998;-;98.5	51;61456;62022;-;183.8	37;50723;51361;-;68.4	36;48918;50726;-;268.3	23;37746;39935;-;391.5	43;56514;57029;-;78.4	23;37746;39935;-;69.2	A	9/9	contiguous	23710	1	1	40944..41465-;173;unnamed;0
NZ_CP076275.1	MPF_F	IncFIA;IncFIB(AP001918);IncFII(pCoo)	155	0	0	GA	0															not_admitted	not_admitted	not_admitted	not_admitted	not_admitted	not_admitted	not_admitted	not_admitted	not_admitted	not_admitted	1	65;72757;73749;-;369.3	54;65698;67074;-;380.3	61;69285;70028;-;235.0	68;74758;77382;-;298.7	53;62885;65701;-;387.9	75;79437;80864;-;94.3	68;74758;77382;-;98.5	77;81579;82145;-;182.9	64;72110;72748;-;68.4	63;70305;72113;-;268.4	50;59125;61323;-;391.1	71;77898;78413;-;78.4	50;59125;61323;-;69.2	A	9/9	contiguous	22454	1	1	62331..62852-;173;unnamed;0
NZ_CP076277.1	MPF_F	IncFIA;IncFIB(AP001918);IncFII(pCoo)	155	0	0	GA	0															not_admitted	not_admitted	not_admitted	not_admitted	not_admitted	not_admitted	not_admitted	not_admitted	not_admitted	not_admitted	1	60;66293;67285;-;369.3	51;59878;61251;-;377.0	56;62818;63561;-;234.7	66;69865;72510;-;300.8	50;57062;59881;-;389.7	75;75899;77326;-;93.6	66;69865;72510;-;100.7	77;78041;78607;-;183.8	59;65646;66284;-;68.7	58;63841;65649;-;264.7	46;52630;54783;-;391.9	72;74500;75015;-;73.0	46;52630;54783;-;70.4	A	9/9	contiguous	25411	1	1	56540..57037-;165;TraS;0
NZ_CP076283.1	MPF_F	IncFIA(HI1);IncFIB(pB171);IncFII(pCoo)	74	0	0	GA	0															not_admitted	not_admitted	not_admitted	not_admitted	not_admitted	not_admitted	not_admitted	not_admitted	not_admitted	not_admitted	1	16;13961;14953;-;368.4	5;6942;8315;-;380.9	12;10489;11232;-;234.6	19;15962;18589;-;305.4	4;4129;6945;-;387.9	25;20644;22071;-;94.3	19;15962;18589;-;98.5	27;22786;23352;-;183.8	15;13314;13952;-;69.4	14;11509;13317;-;268.9	1;413;2566;-;391.5	21;19105;19620;-;78.4	1;413;2566;-;69.2	A	9/9	contiguous	22373	1	1	3575..4096-;173;unnamed;0
NZ_CP076284.1	MPF_T	IncI2(Delta)	74	0	0	GA	1	34;26968;27450;+;81.1		20;11612;11896;+;36.6	21;11902;14259;+;60.7	21;11902;14259;+;44.0	10;5454;6098;+;41.0	9;4453;5448;+;123.7		23;14425;15159;+;144.4	24;15156;15926;+;170.5	25;15916;17055;+;154.7	31;23661;25199;+;208.0	27;18145;20103;+;287.0		pfam	pfam_only	A	7/7	rearranged	1	0	unscoreable	14	0	0														not_admitted	not_admitted	not_admitted	not_admitted	not_admitted	not_admitted	not_admitted
NZ_CP076302.1	MPF_F	IncFIB(pB171);IncFII	145	0	0	GA	0															not_admitted	not_admitted	not_admitted	not_admitted	not_admitted	not_admitted	not_admitted	not_admitted	not_admitted	not_admitted	1	66;61826;62818;-;372.1	55;54721;56094;-;380.7	60;57684;58427;-;233.3	69;63827;66454;-;303.5	54;51905;54724;-;386.2	74;68583;70034;-;94.6	69;63827;66454;-;100.3	76;70749;71315;-;183.2	65;61179;61817;-;68.6	62;58704;60467;-;267.9	51;48184;50373;-;391.8	70;66970;67485;-;79.0	51;48184;50373;-;70.4	A	9/9	contiguous	22565	1	1	51389..51880-;163;TraS;0
NZ_CP076308.1	MPF_T	ColKP3;IncX3	66	0	0	GA	1	9;8630;9274;-;46.4	8;8356;8646;-;73.1	7;5578;8331;-;47.0	7;5578;8331;-;142.4	7;5578;8331;-;73.3	6;4798;5568;-;60.1	4;3464;4519;-;132.8		3;2541;3269;-;119.4	2;1606;2535;-;138.8	1;395;1609;-;128.3	65;50633;51355;-;66.6	64;48795;50630;-;495.9		pfam	pfam_only	A	7/7	canonical	1	1	unscoreable	1	0	0														not_admitted	not_admitted	not_admitted	not_admitted	not_admitted	not_admitted	not_admitted
NZ_CP076315.1	MPF_F	IncFIA;IncFII;IncI(Gamma)	189	0	0	GA	0															not_admitted	not_admitted	not_admitted	not_admitted	not_admitted	not_admitted	not_admitted	not_admitted	not_admitted	not_admitted	1	78;70449;71441;-;371.6	69;64014;65387;-;380.7	74;66977;67720;-;233.3	81;72450;75077;-;303.5	68;61198;64017;-;386.2	89;77236;78663;-;91.9	81;72450;75077;-;99.0	91;79378;79944;-;182.9	77;69802;70440;-;64.9	76;67997;69805;-;268.2	65;57468;59666;-;391.7	84;75593;76108;-;76.4	65;57468;59666;-;70.4	A	9/9	contiguous	21910	1	1	60682..61173-;163;TraS;0
NZ_CP076319.1	MPF_T	ColKP3;IncX3	65	0	0	GA	1	59;45111;45755;+;46.4	60;45739;46029;+;73.1	61;46054;48807;+;47.0	61;46054;48807;+;142.4	61;46054;48807;+;73.3	62;48817;49587;+;60.1	64;49866;50921;+;132.8		0;135;365;+;37.4	1;371;1300;+;138.8	2;1297;2511;+;128.3	4;2707;3741;+;65.7	5;3744;5579;+;495.9		pfam	pfam_only	A	7/7	canonical	1	1	unscoreable	2	0	0														not_admitted	not_admitted	not_admitted	not_admitted	not_admitted	not_admitted	not_admitted
NZ_CP076346.1	MPF_T	IncX1	53	0	0	GA	1	20;19858;20505;-;45.2	19;19584;19880;-;66.8	18;16809;19562;-;44.2	18;16809;19562;-;148.1	18;16809;19562;-;74.2	17;16049;16798;-;68.0	15;14677;15738;-;134.8		13;13718;14431;-;120.4	12;12784;13713;-;133.9	11;11582;12787;-;134.5	10;10549;11580;-;76.5	9;8711;10546;-;490.1		pfam	pfam_only	A	7/7	canonical	1	1	unscoreable	2	0	0														not_admitted	not_admitted	not_admitted	not_admitted	not_admitted	not_admitted	not_admitted
NZ_CP076364.1	-	-	188	0	0	GA	1	30;30315;30938;-;64.8	29;29993;30292;-;55.1	28;29711;29977;-;43.5	27;27379;29721;-;87.7	27;27379;29721;-;51.4	24;25251;26048;-;43.1	22;23768;24766;-;72.6		21;23027;23707;-;153.4	20;22309;23025;-;140.8	19;20993;22312;-;173.8	18;20007;20993;-;114.8	16;15776;17746;-;320.3		pfam	pfam_only	A	7/7	canonical	1	0	unscoreable	3	0	0														not_admitted	not_admitted	not_admitted	not_admitted	not_admitted	not_admitted	not_admitted
NZ_CP076365.1	-	-	175	0	0	GA	0															not_admitted	not_admitted	not_admitted	not_admitted	not_admitted	not_admitted	not_admitted	not_admitted	not_admitted	not_admitted	1	139;145872;146867;+;364.2	146;151324;152838;+;351.0	143;149799;150650;+;186.2	133;140265;142739;+;226.1	149;153786;157187;+;303.4	134;142736;144040;+;108.3	133;140265;142739;+;103.3	130;138561;139142;+;134.0	140;146852;147622;+;92.3	141;147619;149382;+;222.4	153;158733;160988;+;460.6	132;139861;140268;+;30.6	153;158733;160988;+;81.6	A	9/9	contiguous	20172	0	1	
NZ_CP076395.1	MPF_T	-	409	0	0	GA	1	392;386704;387414;+;94.0	186;185580;185912;-;89.8	185;185302;185580;-;34.8	72;77071;79506;-;33.7	72;77071;79506;-;136.3	183;182095;182862;-;238.7	17;22023;23387;-;198.9		180;179726;180415;-;234.5	67;73264;74118;-;227.6	14;19197;20330;-;224.9	75;80101;81084;-;128.5	394;389976;391964;+;345.5		conjscan	conjscan_only	A	7/7	canonical	1	0	unscoreable	18	0	0														not_admitted	not_admitted	not_admitted	not_admitted	not_admitted	not_admitted	not_admitted
NZ_CP076454.1	MPF_F	IncFIB(K);IncFII(pKP91)	177	0	0	GA	0															not_admitted	not_admitted	not_admitted	not_admitted	not_admitted	not_admitted	not_admitted	not_admitted	not_admitted	not_admitted	1	144;136723;137715;-;366.6	134;129839;131206;-;381.2	138;132463;133215;-;232.2	147;138741;141380;-;259.3	133;126990;129839;-;346.5	155;144966;146390;-;89.0	147;138741;141380;-;88.8	157;147117;147683;-;167.0	143;136072;136710;-;67.0	142;134058;136013;-;259.2	129;122870;125176;-;392.1	153;143779;144336;-;51.5	129;122870;125176;-;66.6	A	9/9	contiguous	24247	1	1	126457..126987-;176;unnamed;0
NZ_CP076455.1	MPF_F	IncFIA(HI1);IncFII(pKP91)	103	0	0	GA	0															not_admitted	not_admitted	not_admitted	not_admitted	not_admitted	not_admitted	not_admitted	not_admitted	not_admitted	not_admitted	1	81;68821;69813;+;366.6	91;75330;76697;+;381.2	87;73321;74073;+;232.2	78;65156;67795;+;259.3	92;76697;79546;+;346.5	70;60146;61570;+;89.0	78;65156;67795;+;88.8	68;58853;59419;+;167.0	82;69826;70464;+;67.0	83;70523;72478;+;259.2	96;81360;83666;+;392.1	72;62200;62757;+;51.5	96;81360;83666;+;66.6	A	9/9	contiguous	22507	1	1	79549..80079+;176;unnamed;0
NZ_CP076461.1	MPF_T	IncX3	68	0	0	GA	1	37;27454;28098;+;46.4	38;28082;28372;+;73.1	39;28397;31150;+;47.0	39;28397;31150;+;142.4	39;28397;31150;+;73.3	40;31160;31930;+;60.1	42;32209;33264;+;133.2		43;33459;34187;+;119.4	44;34193;35122;+;138.8	45;35119;36333;+;128.3	47;36529;37563;+;65.7	48;37566;39401;+;495.9		pfam	pfam_only	A	7/7	canonical	1	1	unscoreable	2	0	0														not_admitted	not_admitted	not_admitted	not_admitted	not_admitted	not_admitted	not_admitted
NZ_CP076506.1	MPF_T	-	56	0	0	GA	1		35;32138;32401;-;51.4	34;29351;32119;-;73.1	34;29351;32119;-;178.0	34;29351;32119;-;82.9	28;26470;27459;-;83.1	27;25478;26473;-;118.4		25;24669;25331;-;177.6	24;23785;24672;-;161.4	23;22586;23758;-;162.8	22;21613;22605;-;93.2	21;19801;21612;-;348.4		pfam	pfam_only	A	7/7	canonical	1	1	unscoreable	6	0	0														not_admitted	not_admitted	not_admitted	not_admitted	not_admitted	not_admitted	not_admitted
NZ_CP076508.1	MPF_T	-	54	0	0	GA	1		28;23829;24092;+;51.4	29;24111;26879;+;73.7	29;24111;26879;+;178.0	29;24111;26879;+;82.9	35;28771;29760;+;83.1	36;29757;30752;+;118.4		38;30899;31561;+;177.6	39;31558;32445;+;161.4	40;32472;33644;+;166.0	41;33625;34617;+;93.2	42;34618;36429;+;348.4		pfam	pfam_only	A	7/7	canonical	1	1	unscoreable	6	0	0														not_admitted	not_admitted	not_admitted	not_admitted	not_admitted	not_admitted	not_admitted
NZ_CP076511.1	MPF_T	-	55	0	0	GA	1		34;30515;30778;-;56.2	33;27734;30502;-;75.1	33;27734;30502;-;168.7	33;27734;30502;-;84.2	27;24348;25319;-;87.3	26;23353;24351;-;119.2		24;22550;23209;-;178.1	23;21663;22553;-;162.9	22;20475;21653;-;164.3	21;19481;20494;-;93.9	19;17110;18921;-;350.7		pfam	pfam_only	A	7/7	canonical	1	1	unscoreable	7	0	0														not_admitted	not_admitted	not_admitted	not_admitted	not_admitted	not_admitted	not_admitted
NZ_CP076519.1	MPF_F	IncFIB(K);IncFII(K);IncFII(pAR0022)	258	0	0	GA	0															not_admitted	not_admitted	not_admitted	not_admitted	not_admitted	not_admitted	not_admitted	not_admitted	not_admitted	not_admitted	1	212;214138;215127;-;363.3	201;206952;208319;-;384.1	205;209577;210329;-;233.7	216;216584;219223;-;259.0	200;204130;206952;-;346.4	226;223191;224615;-;89.5	216;216584;219223;-;88.7	228;225342;225908;-;167.0	210;213215;213862;-;65.9	209;211201;213156;-;259.4	196;199201;201513;-;393.1	224;221995;222579;-;53.8	196;199201;201513;-;66.6	A	9/9	contiguous	26141	1	1	203505..204107-;200;TraS;0
NZ_CP076520.1	MPF_F	IncFII;IncX1	97	0	0	GA	0															not_admitted	not_admitted	not_admitted	not_admitted	not_admitted	not_admitted	not_admitted	not_admitted	not_admitted	not_admitted	1	64;48409;49401;+;369.5	92;73879;75252;-;381.7	69;52507;53352;+;224.0	61;44770;47400;+;297.8	91;71060;73882;-;374.0	54;40301;41752;+;94.5	61;44770;47400;+;98.7	52;39020;39586;+;174.3	66;49745;50383;+;68.5	67;50380;52230;+;266.1	8;5753;7108;-;267.6	57;42612;43127;+;78.4	8;5753;7108;-;71.3	A	9/9	split_2	68126	1	1	70559..71038-;159;TraS;0
NZ_CP076530.1	MPF_T	ColKP3;IncX3	65	0	0	GA	1	27;22398;23042;-;46.4	26;22124;22414;-;73.1	25;19346;22099;-;47.0	25;19346;22099;-;142.4	25;19346;22099;-;73.3	24;18566;19336;-;60.1	22;17232;18287;-;132.8		21;16309;17037;-;119.4	20;15374;16303;-;138.8	19;14163;15377;-;128.3	17;12933;13967;-;65.7	16;11095;12930;-;495.9		pfam	pfam_only	A	7/7	canonical	1	1	unscoreable	2	0	0														not_admitted	not_admitted	not_admitted	not_admitted	not_admitted	not_admitted	not_admitted
NZ_CP076553.1	MPF_F	IncC	198	0	0	GA	0															not_admitted	not_admitted	not_admitted	not_admitted	not_admitted	not_admitted	not_admitted	not_admitted	not_admitted	not_admitted	1	114;89967;90974;+;332.9	187;150944;152377;+;339.2	186;149914;150942;+;221.7	109;84768;87215;+;354.5	188;152390;156004;+;375.3	45;26098;27258;+;156.3	109;84768;87215;+;128.3	102;74372;74998;+;92.7	112;88037;89302;+;67.9	115;91090;93888;+;145.3	93;68697;70562;+;47.3	105;77209;77787;+;100.2	93;68697;70562;+;52.0	A	9/9	split_3	126292	0	1	
NZ_CP076554.1	MPF_F	IncFII(pHN7A8);IncR	156	0	0	GA	0															not_admitted	not_admitted	not_admitted	not_admitted	not_admitted	not_admitted	not_admitted	not_admitted	not_admitted	not_admitted	1	54;42978;43970;+;369.5			51;39342;41969;+;301.8		46;35860;37287;+;94.1	51;39342;41969;+;101.8	44;34579;35145;+;183.8			51;39342;41969;+;20.8	50;38311;38826;+;77.6		D	4/9	contiguous	8399	0	0	
NZ_CP076559.1	MPF_F	-	163	0	0	GA	0															not_admitted	not_admitted	not_admitted	not_admitted	not_admitted	not_admitted	not_admitted	not_admitted	not_admitted	not_admitted	1	159;159363;160382;-;396.3	155;154190;155656;-;369.2	156;155656;156471;-;235.0	1;800;3385;-;474.4	154;151353;154160;-;358.9	4;5256;6593;-;107.3	1;800;3385;-;101.2	6;7431;8012;-;194.0	158;158605;159351;-;117.1	157;156743;158608;-;286.4	128;124911;127217;+;555.1	2;3387;4397;-;28.8	128;124911;127217;+;59.4	A	9/9	split_3	158563	0	1	
NZ_CP076648.1	MPF_F	IncHI2;IncHI2A	290	0	0	GA	0															not_admitted	not_admitted	not_admitted	not_admitted	not_admitted	not_admitted	not_admitted	not_admitted	not_admitted	not_admitted	1	243;219700;220758;+;276.9	135;116660;118075;-;194.1	136;118065;119111;-;174.3	227;197447;200128;+;168.0	134;112698;116651;-;102.6	223;193762;195117;+;80.7	227;197447;200128;+;72.2	220;191250;192038;+;74.8	241;218047;219558;+;61.8	244;220777;223965;+;57.3	143;126153;128237;+;56.8	226;196488;197438;+;46.1	143;126153;128237;+;38.8	A	9/9	split_3	108079	1	1	111228..112517-;429;unnamed;0
NZ_CP076650.1	MPF_T	IncFIB(K);IncX1	99	0	0	GA	1	59;53174;53836;+;48.3	60;53847;54146;+;36.6	61;54156;56906;+;61.8	61;54156;56906;+;133.9	61;54156;56906;+;47.2	62;56925;57641;+;137.0	64;57955;58962;+;137.8		66;59172;59858;+;158.3	67;59851;60744;+;147.4	68;60741;61937;+;134.7	69;61941;62990;+;71.5	79;69416;71323;+;24.4		pfam	pfam_only	A	7/7	canonical	1	1	unscoreable	11	0	0														not_admitted	not_admitted	not_admitted	not_admitted	not_admitted	not_admitted	not_admitted
NZ_CP076658.1	MPF_T	-	49	0	0	GA	1		48;43796;44059;-;55.7	47;41015;43783;-;77.6	47;41015;43783;-;173.4	47;41015;43783;-;78.9	42;38469;39446;-;80.5	41;37462;38472;-;108.6		39;36653;37315;-;172.4	38;35766;36656;-;162.8	37;34571;35752;-;170.9	36;33583;34590;-;93.1	29;28527;30338;-;355.1		pfam	pfam_only	A	7/7	canonical	1	1	unscoreable	11	0	0														not_admitted	not_admitted	not_admitted	not_admitted	not_admitted	not_admitted	not_admitted
NZ_CP076659.1	MPF_T	-	44	0	0	GA	1				17;11132;13591;+;102.7		43;33471;34427;+;27.1	29;21766;22914;+;99.6		19;13735;14421;+;118.1	20;14418;15485;+;96.8	21;15482;16618;+;144.3	23;16834;17787;+;99.2	25;18216;20111;+;243.4		pfam	pfam_only	A	7/7	canonical	1	0	unscoreable	6	0	0														not_admitted	not_admitted	not_admitted	not_admitted	not_admitted	not_admitted	not_admitted
NZ_CP076684.1	-	-	141	0	0	GA	0															not_admitted	not_admitted	not_admitted	not_admitted	not_admitted	not_admitted	not_admitted	not_admitted	not_admitted	not_admitted	1	43;40635;41624;-;187.3			46;42504;45416;-;297.2	40;37326;38852;-;218.1						58;51847;54015;-;38.8		58;51847;54015;-;54.7	D	3/9	contiguous	14521	1	0	36995..37213-;72;unnamed;0
NZ_CP076688.1	MPF_F	Col156;IncFIB(AP001918);IncFII(29)	134	0	0	GA	0															not_admitted	not_admitted	not_admitted	not_admitted	not_admitted	not_admitted	not_admitted	not_admitted	not_admitted	not_admitted	1	105;88223;89215;+;369.5	120;97981;99354;+;381.7	110;92321;93064;+;233.1	102;84584;87214;+;304.0	121;99351;102173;+;388.5	95;80026;81453;+;93.9	102;84584;87214;+;99.3	93;78745;79311;+;183.1	107;89559;90197;+;68.6	108;90194;92044;+;271.9	125;104445;106589;+;391.3	98;82582;83097;+;73.9	125;104445;106589;+;70.4	A	9/9	contiguous	25700	1	1	102195..102674+;159;TraS;0
NZ_CP076690.1	MPF_F	IncFII(29)	99	0	0	GA	0															not_admitted	not_admitted	not_admitted	not_admitted	not_admitted	not_admitted	not_admitted	not_admitted	not_admitted	not_admitted	1	82;71009;72001;+;369.5	93;77736;79109;+;382.9	87;75065;75808;+;234.4	79;67373;70000;+;298.7	94;79106;81928;+;385.4	73;63793;65220;+;91.4	79;67373;70000;+;101.1	71;62512;63078;+;182.3	84;72345;72983;+;70.7	85;72980;74788;+;267.1	79;67373;70000;+;20.8	77;66342;66857;+;76.0		A	9/9	contiguous	16594	1	1	81949..82446+;165;TraS;0
NZ_CP076694.1	MPF_F	IncFIB(pB171);IncFII(pRSB107)	169	0	0	GA	0															not_admitted	not_admitted	not_admitted	not_admitted	not_admitted	not_admitted	not_admitted	not_admitted	not_admitted	not_admitted	1	55;52673;53665;-;369.5	44;45517;46890;-;385.7	50;48824;49567;-;234.1	58;54674;57301;-;304.2	43;43463;45520;-;386.8	64;59186;60637;-;93.9	58;54674;57301;-;97.2	66;61352;61918;-;183.8	53;51691;52329;-;68.7	52;49844;51694;-;266.7	36;37661;39199;-;333.9	61;57817;58332;-;76.5	36;37661;39199;-;52.8	A	9/9	contiguous	23691	0	1	
NZ_CP076698.1	MPF_T	-	49	0	0	GA	1	23;13798;14445;+;45.5	24;14423;14719;+;76.6	25;14738;17491;+;46.6	25;14738;17491;+;147.9	25;14738;17491;+;75.3	26;17502;18260;+;67.5	28;18498;19631;+;109.2		29;19876;20589;+;120.0	30;20594;21523;+;133.7	31;21520;22725;+;132.5	32;22727;23758;+;76.3	33;23761;25596;+;486.3		pfam	pfam_only	A	7/7	canonical	1	1	unscoreable	1	0	0														not_admitted	not_admitted	not_admitted	not_admitted	not_admitted	not_admitted	not_admitted
NZ_CP076705.1	MPF_F	IncFIB(AP001918);IncFII	125	0	0	GA	0															not_admitted	not_admitted	not_admitted	not_admitted	not_admitted	not_admitted	not_admitted	not_admitted	not_admitted	not_admitted	1	79;84020;85012;-;368.6	60;72183;73556;-;370.1	68;76268;77011;-;232.0	82;86021;88648;-;305.7	59;69343;72186;-;377.5	89;90813;92243;-;93.9	82;86021;88648;-;99.0	91;92958;93524;-;172.1	72;79650;80288;-;70.1	70;77275;79179;-;264.4	55;64886;67102;-;391.7	85;89173;89688;-;77.1	55;64886;67102;-;70.3	A	9/9	contiguous	28072	1	1	68830..69321-;163;TraS;1
NZ_CP076708.1	MPF_T	IncX1	57	0	0	GA	1	43;41511;42158;-;45.8	42;41237;41533;-;76.7	41;38465;41218;-;46.6	41;38465;41218;-;148.0	41;38465;41218;-;75.3	40;37705;38454;-;69.2	38;36333;37394;-;135.0		37;35375;36088;-;120.0	36;34441;35370;-;134.0	35;33239;34444;-;130.6	34;32206;33237;-;76.3	33;30368;32203;-;486.9		pfam	pfam_only	A	7/7	canonical	1	1	unscoreable	1	0	0														not_admitted	not_admitted	not_admitted	not_admitted	not_admitted	not_admitted	not_admitted
NZ_CP076712.1	MPF_F	IncFII	85	0	0	GA	0															not_admitted	not_admitted	not_admitted	not_admitted	not_admitted	not_admitted	not_admitted	not_admitted	not_admitted	not_admitted	1	53;37719;38711;+;371.7	69;47735;49108;+;378.7	61;43534;44277;+;234.4	50;34080;36710;+;298.6	70;49105;51948;+;376.4	40;28601;30052;+;94.0	50;34080;36710;+;100.8	38;27320;27886;+;186.0	56;39957;40595;+;70.4	59;41407;43257;+;263.0	74;54220;56409;+;391.1	44;31153;31668;+;75.8	74;54220;56409;+;69.2	A	9/9	contiguous	26900	1	1	51970..52449+;159;TraS;0
NZ_CP076735.1	-	-	280	0	0	GA	0															not_admitted	not_admitted	not_admitted	not_admitted	not_admitted	not_admitted	not_admitted	not_admitted	not_admitted	not_admitted	1	189;190720;191865;-;239.2	54;51845;53287;+;192.5	53;50809;51843;+;196.7	36;32938;35556;-;204.9	55;53292;57827;+;131.3	41;38379;39794;-;109.9	36;32938;35556;-;86.6	43;41214;41900;-;78.9	190;192013;193335;-;54.8	188;186234;190520;-;76.5	47;43529;45403;-;39.7	37;35556;36218;-;58.1	47;43529;45403;-;39.8	A	9/9	split_2	159075	0	1	
NZ_CP076802.1	MPF_F	-	112	0	0	GA	0															not_admitted	not_admitted	not_admitted	not_admitted	not_admitted	not_admitted	not_admitted	not_admitted	not_admitted	not_admitted	1	97;72141;73184;+;369.2	102;77167;78594;+;325.8	100;75953;76765;+;219.1	93;67853;70579;+;163.7	103;78610;81609;+;207.6	89;64855;66171;+;102.7	93;67853;70579;+;108.4	87;63564;64142;+;85.2	98;73199;73906;+;107.6	99;73903;75960;+;91.0	69;50844;53003;+;381.4	92;67199;67843;+;41.9	69;50844;53003;+;89.6	A	9/9	contiguous	27766	1	1	81681..82199+;172;unnamed;0
NZ_CP076805.1	MPF_F	-	133	0	0	GA	0															not_admitted	not_admitted	not_admitted	not_admitted	not_admitted	not_admitted	not_admitted	not_admitted	not_admitted	not_admitted	1	105;75495;76538;+;369.2	110;80521;81948;+;325.8	108;79307;80119;+;219.1	101;71207;73933;+;163.7	111;81964;84963;+;207.6	97;68209;69525;+;102.7	101;71207;73933;+;108.4	95;66918;67496;+;85.2	106;76553;77260;+;107.6	107;77257;79314;+;91.0	77;54198;56357;+;381.4	100;70553;71197;+;41.9	77;54198;56357;+;89.6	A	9/9	contiguous	27766	1	1	85035..85553+;172;unnamed;0
NZ_CP076818.1	MPF_F	-	123	0	0	GA	0															not_admitted	not_admitted	not_admitted	not_admitted	not_admitted	not_admitted	not_admitted	not_admitted	not_admitted	not_admitted	1	108;83169;84212;+;369.2	113;88195;89622;+;325.8	111;86981;87793;+;219.1	104;78881;81607;+;163.7	114;89638;92637;+;207.6	100;75883;77199;+;102.7	104;78881;81607;+;108.4	98;74592;75170;+;85.2	109;84227;84934;+;107.6	110;84931;86988;+;91.0	80;61872;64031;+;381.4	103;78227;78871;+;41.9	80;61872;64031;+;89.6	A	9/9	contiguous	27766	1	1	92709..93227+;172;unnamed;0
NZ_CP076826.1	MPF_T	-	61	0	0	GA	1				43;42849;44867;-;24.3									37;37298;38827;-;464.3		none	none	D	2/7	uncallable	0	0	unscoreable	5	0	0														not_admitted	not_admitted	not_admitted	not_admitted	not_admitted	not_admitted	not_admitted
NZ_CP076836.1	MPF_T	-	52	0	0	GA	1		39;34173;34436;+;54.5	40;34455;37223;+;73.3	40;34455;37223;+;177.8	40;34455;37223;+;87.0	45;39204;40190;+;82.7	46;40194;41186;+;112.5		48;41333;41995;+;177.6	49;41992;42879;+;161.4	50;42906;44078;+;166.0	51;44059;45051;+;93.2	0;72;1067;+;225.0		pfam	pfam_only	A	7/7	canonical	1	1	unscoreable	5	0	0														not_admitted	not_admitted	not_admitted	not_admitted	not_admitted	not_admitted	not_admitted
NZ_CP076848.1	MPF_T	-	184	0	0	GA	1		181;170114;170497;-;73.7	180;169822;170121;-;64.3	179;167356;169812;-;175.3	179;167356;169812;-;121.7	178;166581;167384;-;42.7	176;165215;166390;-;114.4		175;164528;165190;-;129.9	174;163698;164510;-;190.2	172;161943;163244;-;218.8	182;170487;171464;-;131.2	158;150214;152190;-;552.2		conjscan	conjscan_only	A	7/7	canonical	1	0	unscoreable	16	0	0														not_admitted	not_admitted	not_admitted	not_admitted	not_admitted	not_admitted	not_admitted
NZ_CP076849.1	MPF_T	-	104	0	0	GA	1	35;35590;36681;-;90.5	38;39440;39787;-;74.6	37;39141;39440;-;78.3	36;36678;39137;-;120.9	36;36678;39137;-;93.5	34;34877;35575;-;40.7	33;33615;34643;-;152.9		32;32889;33581;-;179.1	31;32080;32892;-;201.8	30;30869;32080;-;212.5	29;29866;30888;-;134.6	28;27782;29869;-;312.5		pfam	pfam_only	A	7/7	canonical	1	0	unscoreable	0	0	0														not_admitted	not_admitted	not_admitted	not_admitted	not_admitted	not_admitted	not_admitted
NZ_CP076855.1	MPF_T	-	403	0	0	GA	1	65;63663;64835;+;71.2	62;60465;60836;+;55.6	63;60839;61162;+;48.6	64;61166;63685;+;141.1	64;61166;63685;+;92.2		68;65861;66934;+;82.1		69;66990;67724;+;110.7	70;67745;68554;+;183.5	71;68564;69901;+;193.6	72;69898;70947;+;132.2	73;70916;73708;+;226.5		none	none	A	7/7	canonical	0	0	unscoreable	2	0	0														not_admitted	not_admitted	not_admitted	not_admitted	not_admitted	not_admitted	not_admitted
NZ_CP076856.1	MPF_F	-	291	0	0	GA	0															not_admitted	not_admitted	not_admitted	not_admitted	not_admitted	not_admitted	not_admitted	not_admitted	not_admitted	not_admitted	1	184;173682;174833;-;233.3	281;273622;275016;+;137.7	280;272630;273625;+;170.4	197;188904;191588;-;122.9	282;275020;280302;+;119.1	249;242413;243771;-;92.2	197;188904;191588;-;44.9	251;245038;245694;-;65.1	185;174830;176125;-;60.4	183;169384;173679;-;79.1		198;191601;192329;-;32.1	255;247220;249094;-;34.1	A	9/9	split_3	105636	1	1	280413..281303+;296;unnamed;1
NZ_CP077103.1	MPF_T	-	72	0	0	GA	1				50;52814;54832;-;24.6									44;47277;48806;-;464.1		none	none	D	2/7	uncallable	0	0	unscoreable	5	0	0														not_admitted	not_admitted	not_admitted	not_admitted	not_admitted	not_admitted	not_admitted
NZ_CP077202.1	-	-	182	0	0	GA	0															not_admitted	not_admitted	not_admitted	not_admitted	not_admitted	not_admitted	not_admitted	not_admitted	not_admitted	not_admitted	1	28;24780;25784;-;104.6			30;26502;29471;-;142.8			30;26502;29471;-;32.4				147;128611;130755;-;27.4		147;128611;130755;-;50.2	D	2/9	split_2	103831	0	0	
NZ_CP077207.1	MPF_F	IncHI2;IncHI2A	333	0	0	GA	0															not_admitted	not_admitted	not_admitted	not_admitted	not_admitted	not_admitted	not_admitted	not_admitted	not_admitted	not_admitted	1	43;49039;50097;+;276.9	260;238611;240026;-;194.1	261;240016;241062;-;173.7	25;25719;28400;+;168.0	259;234652;238602;-;101.6	21;22034;23389;+;80.7	25;25719;28400;+;72.2	18;19522;20310;+;74.8	41;47386;48897;+;62.7	44;50116;53304;+;57.4	267;248103;250187;+;56.7	24;24760;25710;+;46.4	267;248103;250187;+;38.8	A	9/9	split_3	228581	0	1	
NZ_CP077212.1	MPF_F	Col(pHAD28);IncFIB(pECLA);IncFII(pECLA)	235	0	0	GA	0															not_admitted	not_admitted	not_admitted	not_admitted	not_admitted	not_admitted	not_admitted	not_admitted	not_admitted	not_admitted	1	186;149268;150266;+;364.2	195;155503;156867;+;359.5	189;152732;153514;+;214.9	178;143301;145910;+;214.8	196;156867;160265;+;306.6	170;139285;140688;+;90.2	178;143301;145910;+;103.5	168;137955;138536;+;100.9	187;150277;150903;+;64.3	188;150900;152735;+;222.5	200;162322;164877;+;360.8	176;142511;143053;+;46.9	200;162322;164877;+;72.7	A	9/9	contiguous	24367	1	1	160267..160956+;229;unnamed;0
NZ_CP077213.1	MPF_F	-	116	0	0	GA	0															not_admitted	not_admitted	not_admitted	not_admitted	not_admitted	not_admitted	not_admitted	not_admitted	not_admitted	not_admitted	1	86;62687;64285;+;329.5	92;67324;68712;+;243.3	90;66005;66832;+;170.0	83;56053;58596;+;161.6	93;68712;72662;+;128.2	81;54287;55534;+;58.8	83;56053;58596;+;83.2	79;52860;53492;+;41.5	88;64716;65465;+;95.2	85;60639;62528;+;72.2	17;14656;16929;-;339.2	82;55534;56052;+;70.7	17;14656;16929;-;65.0	A	9/9	split_2	54056	1	1	72787..73038+;83;unnamed;0
NZ_CP077234.1	-	-	46	0	0	GA	1	13;12830;13549;+;50.9	14;13596;13907;+;44.1	15;13998;14303;+;73.5	16;14324;16882;+;119.4	16;14324;16882;+;78.3	17;16926;17627;+;113.3	19;18077;19129;+;132.1		21;19478;20233;+;133.8	22;20230;21015;+;181.7	23;21027;22448;+;176.6	24;22617;23648;+;114.5	2;4164;5801;-;65.9		pfam	both	A	7/7	canonical	1	0	unscoreable	12	0	0														not_admitted	not_admitted	not_admitted	not_admitted	not_admitted	not_admitted	not_admitted
NZ_CP077280.1	MPF_F	IncFIB(K)(pCAV1099-114);IncFII(pKP91)	153	0	0	GA	0															not_admitted	not_admitted	not_admitted	not_admitted	not_admitted	not_admitted	not_admitted	not_admitted	not_admitted	not_admitted	1	44;61845;62834;-;363.3	34;54973;56343;-;383.0	38;57539;58291;-;228.1	48;64277;66916;-;258.7	33;52124;54973;-;343.1	58;70907;72331;-;90.8	48;64277;66916;-;89.1	60;73058;73624;-;169.1	43;61194;61832;-;64.4	42;59180;61135;-;258.1	30;48002;50308;-;392.1	56;69726;70295;-;52.6	30;48002;50308;-;66.6	A	9/9	contiguous	25056	1	1	51591..52121-;176;unnamed;0
NZ_CP077292.1	MPF_F	IncFIB(pB171);IncFII(Cf);IncFII(pAR0022)	107	0	0	GA	0															not_admitted	not_admitted	not_admitted	not_admitted	not_admitted	not_admitted	not_admitted	not_admitted	not_admitted	not_admitted	1	92;77096;78097;-;356.1	87;71875;73236;-;334.1	89;73872;74651;-;194.6	95;79186;81777;-;220.1	86;68976;71873;-;282.5	99;83419;84780;-;81.6	95;79186;81777;-;88.9	101;85498;86061;-;145.0	91;76465;77085;-;78.8	90;74648;76465;-;256.0	81;64284;66530;-;376.7	96;81789;82403;-;49.2	81;64284;66530;-;67.7	A	9/9	contiguous	21214	1	1	68404..68964-;186;unnamed;0
NZ_CP077312.1	-	-	88	0	0	GA	0															not_admitted	not_admitted	not_admitted	not_admitted	not_admitted	not_admitted	not_admitted	not_admitted	not_admitted	not_admitted	1	81;66428;66793;-;129.3	75;62634;63374;-;65.9	78;64031;64558;-;108.2	11;9325;11814;-;192.5	74;61696;62634;-;58.1	13;12328;13563;-;71.8	11;9325;11814;-;75.9	15;14352;14999;-;58.6	80;65673;66431;-;87.9	9;5474;7318;-;71.0	60;46584;48536;+;339.5	12;11816;12331;-;73.1	60;46584;48536;+;67.1	A	9/9	split_2	60954	1	1	61574..61726-;50;unnamed;0
NZ_CP077334.1	-	-	45	0	0	GA	1	22;20198;20866;-;44.1	21;19895;20188;-;75.0	20;17138;19885;-;63.4	20;17138;19885;-;138.1	20;17138;19885;-;58.9	19;16404;17126;-;119.9	17;15102;16103;-;161.0		15;14219;14902;-;172.2	14;13323;14219;-;141.7	13;12046;13326;-;162.2	12;11007;12035;-;81.1			pfam	pfam_only	B	6/7	canonical	1	1	unscoreable	2	0	0														not_admitted	not_admitted	not_admitted	not_admitted	not_admitted	not_admitted	not_admitted
NZ_CP077339.1	MPF_T	-	59	0	0	GA	1	40;35710;36387;+;53.0	41;36501;36827;+;62.9	42;36827;37153;+;70.5	43;37161;39623;+;123.6	43;37161;39623;+;81.0	46;40995;41696;+;173.8	45;39958;40983;+;142.5		47;41850;42665;+;144.7	48;42677;43567;+;160.0	49;43567;44991;+;168.2	50;45011;46084;+;100.8	51;46081;48327;+;334.1		pfam	both	A	7/7	canonical	1	0	unscoreable	1	0	0														not_admitted	not_admitted	not_admitted	not_admitted	not_admitted	not_admitted	not_admitted
NZ_CP077371.1	MPF_T	-	51	0	0	GA	1	38;34271;34948;+;53.0	39;35083;35388;+;63.1	40;35388;35714;+;70.5	41;35722;38184;+;127.1	41;35722;38184;+;81.0	44;39547;40248;+;173.8	43;38510;39535;+;143.3		45;40411;41259;+;144.5	46;41271;42164;+;158.2	47;42164;43585;+;168.2	48;43566;44678;+;100.4	49;44675;47149;+;333.7		pfam	both	A	7/7	canonical	1	0	unscoreable	1	0	0														not_admitted	not_admitted	not_admitted	not_admitted	not_admitted	not_admitted	not_admitted
NZ_CP077408.1	MPF_F	IncFII(Yp);IncFII(pAR0022)	161	0	0	GA	0															not_admitted	not_admitted	not_admitted	not_admitted	not_admitted	not_admitted	not_admitted	not_admitted	not_admitted	not_admitted	1	74;59712;60716;+;354.5	80;64942;66306;+;328.8	78;63538;64308;+;187.5	68;55205;57796;+;213.0	81;66308;69193;+;281.9	63;52208;53572;+;81.7	68;55205;57796;+;87.3	61;50928;51491;+;140.7	76;61092;61706;+;78.9	77;61703;63541;+;245.4	86;71602;73863;+;372.5	67;54595;55194;+;44.2	86;71602;73863;+;67.3	A	9/9	contiguous	20674	1	1	69209..69790+;193;unnamed;0
NZ_CP077412.1	MPF_F	IncFIA(HI1);IncFII(Yp);IncFII(pAR0022)	129	0	0	GA	0															not_admitted	not_admitted	not_admitted	not_admitted	not_admitted	not_admitted	not_admitted	not_admitted	not_admitted	not_admitted	1	114;107266;108258;-;374.7	106;101214;102584;-;375.5	109;103371;104120;-;222.4	117;109272;111911;-;252.5	105;98365;101214;-;336.5	123;114121;115533;-;85.2	117;109272;111911;-;91.3	125;116260;116826;-;163.0	113;106627;107253;-;68.6	112;104738;106630;-;259.9	102;94531;96738;-;391.8	121;113304;113873;-;55.3	102;94531;96738;-;65.8	A	9/9	contiguous	21729	1	1	97832..98362-;176;unnamed;0
NZ_CP077413.1	MPF_T	IncN	93	0	0	GA	1	74;62901;63638;-;32.0		71;61940;62257;-;63.3	70;59340;61940;-;111.8	70;59340;61940;-;76.4	69;58609;59322;-;105.5	67;57318;58358;-;142.4		66;56401;57099;-;131.9	65;55506;56390;-;159.7	64;54346;55506;-;156.3	63;53309;54304;-;81.2	19;12274;13803;+;38.5		pfam	both	A	7/7	canonical	1	0	unscoreable	3	0	0														not_admitted	not_admitted	not_admitted	not_admitted	not_admitted	not_admitted	not_admitted
NZ_CP077634.1	MPF_T	-	52	0	0	GA	1			0;39;2807;+;73.3	0;39;2807;+;172.4	0;39;2807;+;84.1	5;4698;5669;+;82.8	6;5666;6664;+;119.5		8;6811;7473;+;177.6	9;7470;8357;+;160.2	10;8384;9559;+;165.9	11;9540;10532;+;93.2	12;10533;12344;+;349.9		pfam	pfam_only	A	7/7	canonical	1	1	unscoreable	5	0	0														not_admitted	not_admitted	not_admitted	not_admitted	not_admitted	not_admitted	not_admitted
NZ_CP077636.1	MPF_T	-	55	0	0	GA	1				18;9796;12264;+;105.0		52;35030;35986;+;28.5	30;20430;21578;+;97.5		20;12408;13082;+;112.5	21;13082;14146;+;97.7	22;14143;15279;+;143.9	24;15483;16433;+;100.7	26;16847;18751;+;244.0		pfam	pfam_only	A	7/7	canonical	1	0	unscoreable	6	0	0														not_admitted	not_admitted	not_admitted	not_admitted	not_admitted	not_admitted	not_admitted
NZ_CP077637.1	MPF_T	-	61	0	0	GA	1		15;8961;9224;+;51.9	16;9237;12005;+;73.3	16;9237;12005;+;172.4	16;9237;12005;+;84.1	21;13896;14867;+;82.8	22;14864;15862;+;119.5		24;16009;16671;+;177.6	25;16668;17555;+;160.2	26;17582;18757;+;165.9	27;18738;19730;+;93.2	28;19731;21542;+;347.9		pfam	pfam_only	A	7/7	canonical	1	1	unscoreable	5	0	0														not_admitted	not_admitted	not_admitted	not_admitted	not_admitted	not_admitted	not_admitted
NZ_CP077647.1	MPF_F	IncFII(pSE11)	163	0	0	GA	0															not_admitted	not_admitted	not_admitted	not_admitted	not_admitted	not_admitted	not_admitted	not_admitted	not_admitted	not_admitted	1	135;112491;113483;+;369.3	146;119168;120541;+;380.9	139;116212;116955;+;233.7	132;108855;111482;+;302.1	147;120538;123363;+;387.0	125;105475;106800;+;56.4	132;108855;111482;+;98.5	123;104194;104760;+;183.8	136;113492;114130;+;68.4	137;114127;115935;+;268.3	150;124866;127109;+;392.6	129;107824;108339;+;78.4	150;124866;127109;+;70.2	A	9/9	contiguous	20672	1	1	123360..123869+;169;unnamed;0
NZ_CP077650.1	MPF_F	IncFII(pSE11)	163	0	0	GA	0															not_admitted	not_admitted	not_admitted	not_admitted	not_admitted	not_admitted	not_admitted	not_admitted	not_admitted	not_admitted	1	135;112491;113483;+;369.3	146;119168;120541;+;380.9	139;116212;116955;+;233.7	132;108855;111482;+;302.1	147;120538;123363;+;387.0	125;105475;106800;+;56.4	132;108855;111482;+;98.5	123;104194;104760;+;183.8	136;113492;114130;+;68.4	137;114127;115935;+;268.3	150;124866;127109;+;392.6	129;107824;108339;+;78.4	150;124866;127109;+;70.2	A	9/9	contiguous	20672	1	1	123360..123869+;169;unnamed;0
NZ_CP077663.1	MPF_T	IncX4	40	0	0	GA	1	13;6383;7003;+;41.6	14;7017;7343;+;64.4	15;7362;10109;+;63.8	15;7362;10109;+;151.8	15;7362;10109;+;46.1	16;10121;10837;+;94.2	17;10849;11943;+;150.1		19;12458;13144;+;169.0	20;13141;14049;+;142.4	21;14042;15160;+;163.9	22;15162;16190;+;85.0	23;16222;18039;+;314.8		pfam	pfam_only	A	7/7	canonical	1	1	unscoreable	1	0	0														not_admitted	not_admitted	not_admitted	not_admitted	not_admitted	not_admitted	not_admitted
NZ_CP077669.1	MPF_F	IncFIB(S);IncFII(S);IncFII(pAR0022)	117	0	0	GA	0															not_admitted	not_admitted	not_admitted	not_admitted	not_admitted	not_admitted	not_admitted	not_admitted	not_admitted	not_admitted	1	42;38359;39351;-;366.7	33;31729;33111;-;392.4	36;34143;34892;-;231.0	45;40338;42986;-;314.1	32;28910;31732;-;394.4	53;45519;46940;-;91.5	45;40338;42986;-;97.8	55;47667;48233;-;188.1	40;37409;38047;-;70.6	38;35130;36956;-;271.0	29;24986;27256;-;371.4	50;44198;44713;-;96.7	29;24986;27256;-;69.5	A	9/9	contiguous	22681	1	1	28400..28888-;162;TraS;0
NZ_CP077671.1	MPF_F	IncHI2;IncHI2A;IncN	252	0	0	GA	0															not_admitted	not_admitted	not_admitted	not_admitted	not_admitted	not_admitted	not_admitted	not_admitted	not_admitted	not_admitted	1	175;156511;157569;-;276.9			191;177141;179822;-;168.0		195;182152;183507;-;80.7	191;177141;179822;-;72.2	4;2758;3546;+;74.8	177;157711;159222;-;62.0	174;153304;156492;-;57.3		192;179831;180781;-;46.1		C	6/9	split_2	179394	0	1	
NZ_CP077676.1	-	-	90	0	0	GA	0															not_admitted	not_admitted	not_admitted	not_admitted	not_admitted	not_admitted	not_admitted	not_admitted	not_admitted	not_admitted	1	70;56516;57505;+;335.9	78;62981;64366;+;333.9	73;60152;60928;+;199.0	67;52847;55447;+;231.5	79;64363;67242;+;282.8	65;50922;52349;+;90.6	67;52847;55447;+;86.7	63;49641;50216;+;134.1	71;57513;58262;+;70.2	72;58255;60138;+;230.9	12;5834;8089;+;366.6	66;52359;52847;+;38.7	12;5834;8089;+;67.8	A	9/9	split_2	58529	1	1	67202..67306+;34;unnamed;0
NZ_CP077695.1	MPF_T	IncFII(pMET)	37	0	0	GA	1	6;5650;6360;-;47.1	5;5348;5653;-;73.1	4;2597;5335;-;49.1	4;2597;5335;-;151.4	4;2597;5335;-;32.2	3;1878;2579;-;143.7	1;559;1629;-;165.1		36;25685;25933;-;61.6	35;24780;25685;-;154.4	34;23474;24736;-;146.6	32;22127;23152;-;66.1	28;18536;20272;-;46.3		pfam	pfam_only	A	7/7	canonical	1	1	unscoreable	5	0	0														not_admitted	not_admitted	not_admitted	not_admitted	not_admitted	not_admitted	not_admitted
NZ_CP077697.1	MPF_F	IncFIB(pB171);IncFII(Yp)	107	0	0	GA	0															not_admitted	not_admitted	not_admitted	not_admitted	not_admitted	not_admitted	not_admitted	not_admitted	not_admitted	not_admitted	1	39;50776;51762;-;354.6	33;45190;46554;-;331.5	35;47187;47963;-;200.1	42;52840;55431;-;215.3	32;42294;45188;-;280.5	49;57978;59339;-;82.7	42;52840;55431;-;89.9	51;60056;60619;-;142.6	37;49786;50400;-;81.2	36;47960;49789;-;253.0	29;38405;40648;-;375.7	43;55442;56083;-;43.5	29;38405;40648;-;68.1	A	9/9	contiguous	21651	1	1	41709..42284-;191;unnamed;0
NZ_CP077698.1	MPF_T	IncFII(pMET)	37	0	0	GA	1	12;6108;6818;+;47.1	13;6815;7120;+;73.1	14;7133;9871;+;49.1	14;7133;9871;+;151.4	14;7133;9871;+;32.2	15;9889;10590;+;143.7	17;10839;11909;+;165.1		19;12131;12814;+;197.8	20;12814;13719;+;154.4	21;13763;15025;+;147.2	23;15347;16372;+;66.1	27;18227;19963;+;46.3		pfam	pfam_only	A	7/7	canonical	1	1	unscoreable	6	0	0														not_admitted	not_admitted	not_admitted	not_admitted	not_admitted	not_admitted	not_admitted
NZ_CP077701.1	MPF_T	IncFII(pMET)	37	0	0	GA	1	35;24628;25338;+;47.1	36;25335;25640;+;73.1		0;48;2369;+;151.9		1;2387;3088;+;143.7	3;3337;4398;+;165.3		5;4620;5303;+;197.8	6;5303;6208;+;154.4	7;6252;7514;+;147.2	9;7836;8861;+;66.1	13;10716;12452;+;46.3		pfam	pfam_only	A	7/7	canonical	1	0	unscoreable	6	0	0														not_admitted	not_admitted	not_admitted	not_admitted	not_admitted	not_admitted	not_admitted
NZ_CP077705.1	MPF_T	IncFII(29);IncFII(p96A)	75	0	0	GA	1	21;21094;21576;-;89.1	47;46309;46662;-;32.1	46;45938;46309;-;35.8	45;43489;45981;-;62.7		43;41263;41940;-;53.3	41;39830;40774;-;116.5		40;38823;39674;-;100.4	39;38011;38826;-;160.4	38;36674;38014;-;131.9	28;26632;28194;-;194.6	34;33270;34889;-;236.7		pfam	pfam_only	A	7/7	canonical	1	0	unscoreable	14	0	0														not_admitted	not_admitted	not_admitted	not_admitted	not_admitted	not_admitted	not_admitted
NZ_CP077709.1	MPF_T	IncFII(pMET)	36	0	0	GA	1	7;4250;4960;+;47.1	8;4957;5262;+;73.1	9;5275;8013;+;49.1	9;5275;8013;+;151.4	9;5275;8013;+;32.2	10;8031;8732;+;143.7	12;8981;10051;+;165.1		14;10273;10956;+;197.8	15;10956;11861;+;154.4	16;11905;13167;+;147.2	18;13489;14514;+;66.1	22;16369;18105;+;46.3		pfam	pfam_only	A	7/7	canonical	1	1	unscoreable	6	0	0														not_admitted	not_admitted	not_admitted	not_admitted	not_admitted	not_admitted	not_admitted
NZ_CP077761.1	MPF_F	IncFII(S);IncFII(pAR0022)	115	0	0	GA	0															not_admitted	not_admitted	not_admitted	not_admitted	not_admitted	not_admitted	not_admitted	not_admitted	not_admitted	not_admitted	1	106;82201;83193;+;366.4	1;490;1035;+;198.3	113;87133;87876;+;228.9	103;78566;81214;+;306.1	3;1870;4692;+;388.6	96;74633;76054;+;90.5	103;78566;81214;+;96.0	94;73340;73906;+;189.2	108;83505;84143;+;71.8	110;84590;86407;+;259.7	6;6550;8829;+;373.9	99;76839;77354;+;89.0	6;6550;8829;+;72.0	A	9/9	split_2	86643	1	1	4714..5196+;160;TraS;0
NZ_CP077762.1	MPF_T	IncX1;IncX3	72	0	0	GA	1	46;40291;40938;-;45.6	45;40017;40313;-;76.6	44;37245;39998;-;46.6	44;37245;39998;-;147.9	44;37245;39998;-;75.3	43;36476;37234;-;67.5	41;35105;36238;-;109.2		40;34147;34860;-;118.2	39;33213;34142;-;133.7	38;32011;33216;-;132.5	37;30978;32009;-;76.3	36;29140;30975;-;486.3		pfam	pfam_only	A	7/7	canonical	1	1	unscoreable	1	0	0														not_admitted	not_admitted	not_admitted	not_admitted	not_admitted	not_admitted	not_admitted
NZ_CP077777.1	MPF_F	IncFII(pHN7A8);IncR	183	0	0	GA	0															not_admitted	not_admitted	not_admitted	not_admitted	not_admitted	not_admitted	not_admitted	not_admitted	not_admitted	not_admitted	1	54;43504;44496;+;369.5	67;51329;52702;+;376.8	62;49020;49763;+;234.4	51;39868;42495;+;301.8	68;52699;55515;+;376.7	46;36386;37813;+;94.1	51;39868;42495;+;101.8	44;35105;35671;+;183.8	57;45442;46080;+;70.4	60;46893;48743;+;265.0	72;57816;60032;+;391.7	50;38837;39352;+;77.6	72;57816;60032;+;70.3	A	9/9	contiguous	22711	1	1	55548..56069+;173;unnamed;0
NZ_CP077784.1	MPF_F	IncFIB(pNDM-Mar);IncHI1B(pNDM-MAR)	385	0	0	GA	0															not_admitted	not_admitted	not_admitted	not_admitted	not_admitted	not_admitted	not_admitted	not_admitted	not_admitted	not_admitted	1	309;279829;280866;-;282.3	76;58338;59747;+;190.4	75;57311;58348;+;176.7	323;292475;295192;-;148.7	77;59749;63687;+;118.9	327;297305;298675;-;65.6	323;292475;295192;-;85.2	330;300321;301181;-;79.0	310;280863;282224;-;69.9	308;276634;279819;-;58.9	68;48004;50130;-;58.0	324;295237;295974;-;57.0	68;48004;50130;-;39.7	A	9/9	split_2	252317	0	1	
NZ_CP077808.1	MPF_F	IncFIB(K);IncFII(pKP91)	139	0	0	GA	0															not_admitted	not_admitted	not_admitted	not_admitted	not_admitted	not_admitted	not_admitted	not_admitted	not_admitted	not_admitted	1	74;61962;62951;+;363.9	84;68399;69766;+;384.6	80;66385;67137;+;233.7	70;57866;60505;+;258.5	85;69766;72609;+;343.9	61;53275;54699;+;90.5	70;57866;60505;+;88.7	59;51982;52548;+;166.6	75;62964;63602;+;67.3	76;63599;65542;+;259.7	88;74655;76937;+;392.8	62;54813;55397;+;53.9	88;74655;76937;+;65.8	A	9/9	contiguous	22673	1	1	72620..73153+;177;unnamed;0
NZ_CP077819.1	MPF_F	IncFIA(HI1);IncFII(pKP91)	103	0	0	GA	0															not_admitted	not_admitted	not_admitted	not_admitted	not_admitted	not_admitted	not_admitted	not_admitted	not_admitted	not_admitted	1		35;40118;41485;-;381.2	39;42742;43341;-;215.1	43;44903;47338;-;212.5			43;44903;47338;-;89.0				31;35290;37308;-;393.0		31;35290;37308;-;66.0	D	3/9	contiguous	9613	0	0	
NZ_CP077825.1	MPF_T	IncN	64	0	0	GA	1	49;38521;39255;-;32.5		46;37561;37878;-;63.3	45;34961;37561;-;113.8	45;34961;37561;-;76.4	44;34230;34943;-;105.5	42;32939;33979;-;142.4		41;32022;32720;-;131.9	40;31127;32011;-;159.7	39;29967;31127;-;156.3	38;28930;29925;-;81.2	24;15751;17280;+;38.5		pfam	both	A	7/7	canonical	1	0	unscoreable	3	0	0														not_admitted	not_admitted	not_admitted	not_admitted	not_admitted	not_admitted	not_admitted
NZ_CP077833.1	MPF_F	-	109	0	0	GA	0															not_admitted	not_admitted	not_admitted	not_admitted	not_admitted	not_admitted	not_admitted	not_admitted	not_admitted	not_admitted	1	92;67424;68467;+;369.2	97;72446;73873;+;325.8	95;71236;72048;+;219.1	88;63136;65862;+;164.6	98;73889;76891;+;208.7	84;60138;61454;+;102.7	88;63136;65862;+;108.4	82;58847;59425;+;82.6	93;68482;69189;+;107.6	94;69186;71243;+;92.2	64;46127;48286;+;381.4	87;62482;63126;+;41.9	64;46127;48286;+;89.7	A	9/9	contiguous	27762	1	1	76963..77481+;172;unnamed;0
NZ_CP077836.1	MPF_F	-	101	0	0	GA	0															not_admitted	not_admitted	not_admitted	not_admitted	not_admitted	not_admitted	not_admitted	not_admitted	not_admitted	not_admitted	1	84;56606;57649;+;369.2	89;61628;63055;+;325.8	87;60418;61230;+;219.1	80;52318;55044;+;164.6	90;63071;66073;+;208.7	76;49320;50636;+;102.7	80;52318;55044;+;108.4	74;48029;48607;+;82.6	85;57664;58371;+;107.6	86;58368;60425;+;92.2	56;35309;37468;+;381.4	79;51664;52308;+;41.9	56;35309;37468;+;89.7	A	9/9	contiguous	27762	1	1	66145..66663+;172;unnamed;0
NZ_CP077838.1	MPF_F	-	99	0	0	GA	0															not_admitted	not_admitted	not_admitted	not_admitted	not_admitted	not_admitted	not_admitted	not_admitted	not_admitted	not_admitted	1	82;55420;56463;+;369.2	87;60442;61869;+;325.8	85;59232;60044;+;219.1	78;51132;53858;+;164.6	88;61885;64887;+;208.7	74;48134;49450;+;102.7	78;51132;53858;+;108.4	72;46843;47421;+;82.6	83;56478;57185;+;107.6	84;57182;59239;+;92.2	54;34123;36282;+;381.4	77;50478;51122;+;41.9	54;34123;36282;+;89.7	A	9/9	contiguous	27762	1	1	64959..65477+;172;unnamed;0
NZ_CP077841.1	MPF_F	-	98	0	0	GA	0															not_admitted	not_admitted	not_admitted	not_admitted	not_admitted	not_admitted	not_admitted	not_admitted	not_admitted	not_admitted	1	81;53951;54994;+;369.2	86;58973;60400;+;325.8	84;57763;58575;+;219.1	77;49663;52389;+;164.6	87;60416;63418;+;208.7	73;46665;47981;+;102.7	77;49663;52389;+;108.4	71;45374;45952;+;82.0	82;55009;55716;+;107.6	83;55713;57770;+;92.2	53;32654;34813;+;381.4	76;49009;49653;+;41.9	53;32654;34813;+;89.7	A	9/9	contiguous	27762	1	1	63490..64008+;172;unnamed;0
NZ_CP077844.1	MPF_T	-	48	0	0	GA	1	18;16669;17388;-;103.1	17;16368;16655;-;30.1		16;13644;16355;-;91.1	16;13644;16355;-;59.1	15;13012;13647;-;65.7	28;25263;26330;-;83.5		27;24452;25249;-;59.9	26;23702;24439;-;154.2	25;22303;23700;-;180.9	24;21244;22284;-;91.2	20;17650;19167;-;47.0		pfam	both	A	7/7	rearranged	1	0	unscoreable	3	0	0														not_admitted	not_admitted	not_admitted	not_admitted	not_admitted	not_admitted	not_admitted
NZ_CP077847.1	MPF_F	-	96	0	0	GA	0															not_admitted	not_admitted	not_admitted	not_admitted	not_admitted	not_admitted	not_admitted	not_admitted	not_admitted	not_admitted	1	83;55389;56432;+;369.2	88;60411;61838;+;325.8	86;59201;60013;+;219.1	79;51101;53827;+;164.5	89;61854;64856;+;208.7	75;48103;49419;+;102.7	79;51101;53827;+;108.4	73;46812;47390;+;82.5	84;56447;57154;+;107.6	85;57151;59208;+;92.2	54;33940;36099;+;381.4	78;50447;51091;+;41.9	54;33940;36099;+;89.7	A	9/9	contiguous	27914	1	1	64928..65446+;172;unnamed;0
NZ_CP077964.1	MPF_F	IncC	245	0	0	GA	0															not_admitted	not_admitted	not_admitted	not_admitted	not_admitted	not_admitted	not_admitted	not_admitted	not_admitted	not_admitted	1	114;87335;88342;+;332.9	233;198436;199869;+;339.2	232;197394;198434;+;221.6	109;82136;84583;+;354.5	234;199882;203505;+;374.6	104;73264;74580;+;135.0	109;82136;84583;+;128.3	102;71740;72366;+;92.7	112;85405;86670;+;67.9	115;88458;91256;+;145.2	93;66072;67937;+;47.3	105;74577;75155;+;100.2	93;66072;67937;+;52.0	A	9/9	split_2	133810	1	1	203582..204790+;402;unnamed;0
NZ_CP077965.1	MPF_T	IncX8	46	0	0	GA	1	5;2225;2860;+;49.9	6;2892;3128;+;31.6	7;3150;5924;+;42.9	7;3150;5924;+;143.1	7;3150;5924;+;64.2	8;5936;6700;+;79.4	10;6962;8119;+;101.9		11;8259;8966;+;149.4	12;8969;9892;+;136.8	13;9885;11087;+;134.8	14;11084;11851;+;51.8	15;12120;13994;+;463.9		pfam	pfam_only	A	7/7	canonical	1	1	unscoreable	1	0	0														not_admitted	not_admitted	not_admitted	not_admitted	not_admitted	not_admitted	not_admitted
NZ_CP077974.1	-	-	64	0	0	GA	1	34;23147;23854;+;34.8	35;23835;24173;+;27.9	36;24184;24582;+;24.6	37;24536;26971;+;71.6		39;27225;27893;+;50.4	41;28250;29215;+;119.8		42;29547;30362;+;141.1	43;30359;31171;+;146.1	45;31459;32811;+;140.0	46;32821;33855;+;62.1	49;34897;36510;+;264.1		pfam	pfam_only	A	7/7	canonical	1	0	unscoreable	5	0	0														not_admitted	not_admitted	not_admitted	not_admitted	not_admitted	not_admitted	not_admitted
NZ_CP077982.1	-	-	65	0	0	GA	1	35;23146;23853;+;34.8	36;23834;24172;+;27.9	37;24183;24581;+;24.6	38;24535;26970;+;71.6		40;27224;27892;+;50.4	42;28249;29187;+;118.5		43;29623;30438;+;141.1	44;30435;31247;+;146.1	46;31535;32887;+;140.0	47;32897;33931;+;62.1	50;34973;36586;+;264.1		pfam	pfam_only	A	7/7	canonical	1	0	unscoreable	5	0	0														not_admitted	not_admitted	not_admitted	not_admitted	not_admitted	not_admitted	not_admitted
NZ_CP077986.1	-	-	64	0	0	GA	1	34;23147;23854;+;34.8	35;23835;24173;+;27.9	36;24184;24582;+;24.6	37;24536;26971;+;71.6		39;27225;27893;+;50.4	41;28250;29215;+;119.8		42;29547;30362;+;141.1	43;30359;31171;+;146.1	45;31459;32811;+;140.0	46;32821;33855;+;62.1	49;34897;36510;+;264.1		pfam	pfam_only	A	7/7	canonical	1	0	unscoreable	5	0	0														not_admitted	not_admitted	not_admitted	not_admitted	not_admitted	not_admitted	not_admitted
NZ_CP077990.1	-	-	64	0	0	GA	1	34;23147;23854;+;34.8	35;23835;24173;+;27.9	36;24184;24582;+;24.6	37;24536;26971;+;71.6		39;27225;27893;+;50.4	41;28250;29215;+;119.8		42;29547;30362;+;141.1	43;30359;31171;+;146.1	45;31459;32811;+;140.0	46;32821;33855;+;62.1	49;34897;36510;+;264.1		pfam	pfam_only	A	7/7	canonical	1	0	unscoreable	5	0	0														not_admitted	not_admitted	not_admitted	not_admitted	not_admitted	not_admitted	not_admitted
NZ_CP077995.1	-	-	77	0	0	GA	1	32;29788;30495;-;34.8	31;29469;29807;-;27.9	30;29060;29458;-;24.6	29;26671;29106;-;71.6		27;25749;26417;-;50.4	25;24427;25392;-;119.8		24;23280;24095;-;141.1	23;22513;23283;-;144.4	58;42594;43946;+;140.0	59;43956;44990;+;62.1	62;46032;47645;+;264.1		pfam	pfam_only	A	7/7	canonical	1	0	unscoreable	4	0	0														not_admitted	not_admitted	not_admitted	not_admitted	not_admitted	not_admitted	not_admitted
NZ_CP077998.1	-	-	46	0	0	GA	1	13;11833;12729;+;45.2	43;38790;39281;-;68.0	42;38476;38790;-;51.1	41;36561;38462;-;97.2	41;36561;38462;-;113.6	37;31236;32024;-;50.1	35;29310;31028;-;86.0		33;28213;28911;-;123.5	32;27275;28213;-;165.2	30;25358;26818;-;209.7	44;39293;40276;-;134.8	11;9315;11273;+;355.7		conjscan	conjscan_only	A	7/7	canonical	1	0	unscoreable	8	0	0														not_admitted	not_admitted	not_admitted	not_admitted	not_admitted	not_admitted	not_admitted
NZ_CP078000.1	-	-	146	0	0	GA	1	63;42832;43614;+;92.0	117;78801;79139;+;27.9	118;79150;79548;+;24.6	119;79502;81937;+;71.6		121;82191;82859;+;50.4	123;83216;84181;+;119.8		124;84513;85328;+;141.1	125;85325;86137;+;146.1	127;86425;87777;+;140.0	45;29478;30515;+;132.0	131;89863;91476;+;264.1		pfam	pfam_only	A	7/7	canonical	1	0	unscoreable	19	0	0														not_admitted	not_admitted	not_admitted	not_admitted	not_admitted	not_admitted	not_admitted
NZ_CP078003.1	-	-	73	0	0	GA	1	27;25032;25739;-;34.8	26;24713;25051;-;27.9	25;24304;24702;-;24.6	24;21915;24350;-;71.6		22;20993;21661;-;50.4	20;19671;20636;-;119.8		19;18524;19339;-;141.1	18;17928;18527;-;112.4	53;37838;39190;+;140.0	54;39200;40234;+;62.1	57;41276;42889;+;264.1		pfam	pfam_only	A	7/7	canonical	1	0	unscoreable	4	0	0														not_admitted	not_admitted	not_admitted	not_admitted	not_admitted	not_admitted	not_admitted
NZ_CP078005.1	-	-	85	0	0	GA	1	40;30869;31576;-;34.8	39;30550;30888;-;27.9	38;30141;30539;-;24.6	37;27752;30187;-;71.6		35;26830;27498;-;50.4	33;25508;26473;-;119.8		32;24361;25176;-;141.1	31;23594;24364;-;144.4	66;43675;45027;+;140.0	67;45037;46071;+;62.1	70;47113;48726;+;264.1		pfam	pfam_only	A	7/7	canonical	1	0	unscoreable	4	0	0														not_admitted	not_admitted	not_admitted	not_admitted	not_admitted	not_admitted	not_admitted
NZ_CP078034.1	MPF_F	IncFIB(pNDM-Mar);IncHI1B(pNDM-MAR);IncR	362	0	0	GA	0															not_admitted	not_admitted	not_admitted	not_admitted	not_admitted	not_admitted	not_admitted	not_admitted	not_admitted	not_admitted	1	287;249434;250471;-;282.3	142;111159;112568;+;190.4	141;110132;111169;+;175.7	302;263728;266445;-;149.6	143;112570;116538;+;121.3	306;268558;269928;-;65.6	302;263728;266445;-;85.2	309;271574;272434;-;79.0	288;250468;251829;-;69.9	286;246239;249424;-;59.9	134;100807;102933;-;57.7	303;266490;267227;-;56.9	134;100807;102933;-;41.0	A	9/9	split_2	170767	0	1	
NZ_CP078035.1	MPF_F	IncFIB(K)	104	0	0	GA	0															not_admitted	not_admitted	not_admitted	not_admitted	not_admitted	not_admitted	not_admitted	not_admitted	not_admitted	not_admitted	1	48;61336;62328;-;366.6	38;54433;55800;-;381.2	42;57058;57810;-;233.7	50;63343;65982;-;258.7	37;51584;54433;-;345.6	59;69797;71221;-;89.2	50;63343;65982;-;88.8	61;71948;72514;-;167.0	47;60685;61323;-;67.0	46;58682;60688;-;259.6	33;46786;49098;-;392.7	57;68616;69185;-;49.7	33;46786;49098;-;66.6	A	9/9	contiguous	25162	1	1	51023..51571-;182;unnamed;0
NZ_CP078036.1	MPF_F	IncFII	79	0	0	GA	0															not_admitted	not_admitted	not_admitted	not_admitted	not_admitted	not_admitted	not_admitted	not_admitted	not_admitted	not_admitted	1	23;23788;24780;-;369.5	13;16636;18009;-;381.7	18;19939;20682;-;234.4	26;25789;28419;-;304.1	12;13817;16639;-;374.0	33;31418;32869;-;94.2	26;25789;28419;-;97.1	35;33584;34150;-;174.3	21;22806;23444;-;68.6	20;20959;22809;-;266.1	8;9356;11545;-;391.2	30;30043;30558;-;78.4	8;9356;11545;-;70.3	A	9/9	contiguous	24228	1	1	13316..13795-;159;TraS;0
NZ_CP078125.1	MPF_I	IncFII(pSDP9R)	118	0	0	GA	1	61;41242;41721;+;73.3		110;86544;86861;+;63.3	111;86861;89461;+;113.8	111;86861;89461;+;76.4	112;89479;90192;+;105.5	114;90443;91483;+;142.4		115;91702;92400;+;131.9	116;92411;93295;+;159.7	117;93295;94455;+;156.3	64;43004;44191;+;122.0			pfam	both	B	6/7	canonical	1	0	unscoreable	5	0	0														not_admitted	not_admitted	not_admitted	not_admitted	not_admitted	not_admitted	not_admitted
NZ_CP078136.1	MPF_F	IncFIB(AP001918);IncFII(pSE11)	151	0	0	GA	0															not_admitted	not_admitted	not_admitted	not_admitted	not_admitted	not_admitted	not_admitted	not_admitted	not_admitted	not_admitted	1	19;13219;14211;+;371.9	31;20717;22090;+;382.4	25;17768;18511;+;234.2	16;9583;12210;+;303.1	32;22087;24933;+;387.1	10;6243;7670;+;94.7	16;9583;12210;+;102.2	8;4962;5528;+;183.8	22;15048;15686;+;68.5	23;15683;17491;+;267.6	35;26064;28217;+;391.9	13;8551;9066;+;79.8	35;26064;28217;+;70.4	A	9/9	contiguous	21102	1	1	24930..25439+;169;unnamed;0
NZ_CP078148.1	MPF_F	IncU;repFIB;repHI5B	406	0	0	GA	0															not_admitted	not_admitted	not_admitted	not_admitted	not_admitted	not_admitted	not_admitted	not_admitted	not_admitted	not_admitted	1	133;105339;106376;+;282.2	335;284613;286055;-;188.4	336;286012;287049;-;172.4	122;91753;94470;+;141.1	334;280673;284638;-;117.7	118;88263;89630;+;63.7	122;91753;94470;+;80.6	115;85748;86608;+;73.9	132;103981;105342;+;71.7	134;106391;109567;+;58.7	343;294278;296404;+;62.0	121;90967;91704;+;56.3	343;294278;296404;+;39.7	A	9/9	split_2	208530	0	1	
NZ_CP078510.1	-	-	301	0	0	GA	0															not_admitted	not_admitted	not_admitted	not_admitted	not_admitted	not_admitted	not_admitted	not_admitted	not_admitted	not_admitted	1	239;203577;204620;+;298.6	247;209982;211391;+;261.3	246;208933;209985;+;211.7	236;199326;201800;+;274.5	248;211395;214220;+;294.9	231;189566;190879;+;131.9	236;199326;201800;+;128.3	229;187719;188354;+;86.3	238;202372;203577;+;66.2	210;169626;172916;+;114.3	224;183803;185563;+;42.4	232;190890;191366;+;84.1	224;183803;185563;+;56.5	A	9/9	contiguous	41769	0	1	
NZ_CP079116.1	MPF_F	IncC;IncFIA;IncFII(pAMA1167-NDM-5)	250	0	0	GA	0															not_admitted	not_admitted	not_admitted	not_admitted	not_admitted	not_admitted	not_admitted	not_admitted	not_admitted	not_admitted	1	100;72656;73663;+;332.9	239;199761;201194;+;339.2	238;198986;199759;+;184.6	95;67457;69904;+;354.2	240;201207;204821;+;375.3	83;52812;54128;+;135.0	95;67457;69904;+;128.6	81;51288;51914;+;92.1	98;70726;71991;+;67.6	101;73779;76574;+;145.3	72;45613;47478;+;47.4	84;54125;54703;+;100.2	72;45613;47478;+;52.0	A	9/9	split_2	155594	0	1	
NZ_CP079121.1	MPF_F	IncFIB(K);IncFII(K);IncFII(pAR0022)	203	0	0	GA	0															not_admitted	not_admitted	not_admitted	not_admitted	not_admitted	not_admitted	not_admitted	not_admitted	not_admitted	not_admitted	1	147;155755;156747;-;366.6	137;148852;150219;-;381.2	141;151477;152229;-;233.7	149;157762;160401;-;258.7	136;146003;148852;-;345.6	158;164216;165640;-;89.2	149;157762;160401;-;88.8	160;166367;166933;-;167.0	146;155104;155742;-;67.0	145;153101;155107;-;259.6	132;141205;143517;-;392.7	156;163035;163604;-;49.7	132;141205;143517;-;66.6	A	9/9	contiguous	25162	1	1	145442..145990-;182;unnamed;0
NZ_CP079124.1	MPF_F	IncFII	91	0	0	GA	0															not_admitted	not_admitted	not_admitted	not_admitted	not_admitted	not_admitted	not_admitted	not_admitted	not_admitted	not_admitted	1	64;51164;52156;+;369.5	77;60475;61848;+;381.7	69;55262;56005;+;234.4	61;47525;50155;+;304.1	78;61845;64667;+;374.0	54;43075;44526;+;94.2	61;47525;50155;+;97.1	52;41794;42360;+;174.3	66;52500;53138;+;68.6	67;53135;54985;+;266.1	82;66939;69200;+;391.1	57;45386;45901;+;78.4	82;66939;69200;+;70.3	A	9/9	contiguous	25145	1	1	64689..65168+;159;TraS;0
NZ_CP079132.1	MPF_F	IncFIB(K);IncFII(K);IncFII(pAR0022)	203	0	0	GA	0															not_admitted	not_admitted	not_admitted	not_admitted	not_admitted	not_admitted	not_admitted	not_admitted	not_admitted	not_admitted	1	147;155755;156747;-;366.6	137;148852;150219;-;381.2	141;151477;152229;-;233.7	149;157762;160401;-;258.7	136;146003;148852;-;345.6	158;164216;165640;-;89.2	149;157762;160401;-;88.8	160;166367;166933;-;167.0	146;155104;155742;-;67.0	145;153101;155107;-;259.6	132;141205;143517;-;392.7	156;163035;163604;-;49.7	132;141205;143517;-;66.6	A	9/9	contiguous	25162	1	1	145442..145990-;182;unnamed;0
NZ_CP079135.1	MPF_F	IncFII	91	0	0	GA	0															not_admitted	not_admitted	not_admitted	not_admitted	not_admitted	not_admitted	not_admitted	not_admitted	not_admitted	not_admitted	1	64;51164;52156;+;369.5	77;60475;61848;+;381.7	69;55262;56005;+;234.4	61;47525;50155;+;304.1	78;61845;64667;+;374.0	54;43075;44526;+;94.2	61;47525;50155;+;97.1	52;41794;42360;+;174.3	66;52500;53138;+;68.6	67;53135;54985;+;266.1	82;66939;69209;+;391.1	57;45386;45901;+;78.4	82;66939;69209;+;70.3	A	9/9	contiguous	25145	1	1	64689..65168+;159;TraS;0
NZ_CP079139.1	MPF_F	IncFIB(pNDM-Mar);IncHI1B(pNDM-MAR)	320	0	0	GA	0															not_admitted	not_admitted	not_admitted	not_admitted	not_admitted	not_admitted	not_admitted	not_admitted	not_admitted	not_admitted	1	35;32975;34012;-;282.3	220;190687;192096;+;190.4	219;189660;190697;+;175.7	49;46069;48786;-;149.6	221;192098;196066;+;121.3	53;50899;52269;-;65.6	49;46069;48786;-;85.2	56;53915;54775;-;79.0	36;34009;35370;-;69.9	34;29780;32965;-;59.9	212;180335;182461;-;57.7	50;48831;49568;-;56.9	212;180335;182461;-;41.0	A	9/9	split_2	162318	0	1	
NZ_CP079140.1	MPF_F	IncFIB(K);IncFII(K);IncFII(pAR0022)	211	0	0	GA	0															not_admitted	not_admitted	not_admitted	not_admitted	not_admitted	not_admitted	not_admitted	not_admitted	not_admitted	not_admitted	1	155;169032;170024;-;366.6	145;162129;163496;-;381.2	149;164754;165506;-;233.7	157;171039;173678;-;258.7	144;159280;162129;-;345.6	166;177493;178917;-;89.2	157;171039;173678;-;88.8	168;179644;180210;-;167.0	154;168381;169019;-;67.0	153;166378;168384;-;259.6	140;154482;156794;-;392.7	164;176312;176881;-;49.7	140;154482;156794;-;66.6	A	9/9	contiguous	25162	1	1	158719..159267-;182;unnamed;0
NZ_CP079146.1	MPF_F	IncFIB(pNDM-Mar);IncHI1B(pNDM-MAR)	320	0	0	GA	0															not_admitted	not_admitted	not_admitted	not_admitted	not_admitted	not_admitted	not_admitted	not_admitted	not_admitted	not_admitted	1	35;32975;34012;-;282.3	220;190687;192096;+;190.4	219;189660;190697;+;175.7	49;46069;48786;-;149.6	221;192098;196066;+;121.3	53;50899;52269;-;65.6	49;46069;48786;-;85.2	56;53915;54775;-;79.0	36;34009;35370;-;69.9	34;29780;32965;-;59.9	212;180335;182461;-;57.7	50;48831;49568;-;56.9	212;180335;182461;-;41.0	A	9/9	split_2	162318	0	1	
NZ_CP079147.1	MPF_F	IncFIB(K);IncFII(K);IncFII(pAR0022)	211	0	0	GA	0															not_admitted	not_admitted	not_admitted	not_admitted	not_admitted	not_admitted	not_admitted	not_admitted	not_admitted	not_admitted	1	155;169032;170024;-;366.6	145;162129;163496;-;381.2	149;164754;165506;-;233.7	157;171039;173678;-;258.7	144;159280;162129;-;345.6	166;177493;178917;-;89.2	157;171039;173678;-;88.8	168;179644;180210;-;167.0	154;168381;169019;-;67.0	153;166378;168384;-;259.6	140;154482;156794;-;392.7	164;176312;176881;-;49.7	140;154482;156794;-;66.6	A	9/9	contiguous	25162	1	1	158719..159267-;182;unnamed;0
NZ_CP079151.1	MPF_F	IncFIB(pNDM-Mar);IncHI1B(pNDM-MAR)	323	0	0	GA	0															not_admitted	not_admitted	not_admitted	not_admitted	not_admitted	not_admitted	not_admitted	not_admitted	not_admitted	not_admitted	1	35;32975;34012;-;282.3	220;190687;192096;+;190.4	219;189660;190697;+;175.7	49;46069;48786;-;149.6	221;192098;196066;+;121.3	53;50899;52269;-;65.6	49;46069;48786;-;85.2	56;53915;54775;-;79.0	36;34009;35370;-;69.9	34;29780;32965;-;59.9	212;180335;182461;-;57.7	50;48831;49568;-;56.9	212;180335;182461;-;41.0	A	9/9	split_2	162318	0	1	
NZ_CP079152.1	MPF_F	IncFIB(K);IncFII(K);IncFII(pAR0022)	211	0	0	GA	0															not_admitted	not_admitted	not_admitted	not_admitted	not_admitted	not_admitted	not_admitted	not_admitted	not_admitted	not_admitted	1	155;169032;170024;-;366.6	145;162129;163496;-;381.2	149;164754;165506;-;233.7	157;171039;173678;-;258.7	144;159280;162129;-;345.6	166;177493;178917;-;89.2	157;171039;173678;-;88.8	168;179644;180210;-;167.0	154;168381;169019;-;67.0	153;166378;168384;-;259.6	140;154482;156794;-;392.7	164;176312;176881;-;49.7	140;154482;156794;-;66.6	A	9/9	contiguous	25162	1	1	158719..159267-;182;unnamed;0
NZ_CP079156.1	MPF_F	IncFIB(pNDM-Mar);IncHI1B(pNDM-MAR)	319	0	0	GA	0															not_admitted	not_admitted	not_admitted	not_admitted	not_admitted	not_admitted	not_admitted	not_admitted	not_admitted	not_admitted	1	35;32975;34012;-;282.3	219;190488;191897;+;190.4	218;189461;190498;+;175.7	49;46069;48786;-;149.6	220;191899;195867;+;121.3	53;50899;52269;-;65.6	49;46069;48786;-;85.2	56;53915;54775;-;79.0	36;34009;35370;-;69.9	34;29780;32965;-;59.9	211;180136;182262;-;57.7	50;48831;49568;-;56.9	211;180136;182262;-;41.0	A	9/9	split_2	162119	0	1	
NZ_CP079157.1	MPF_F	IncFIB(K);IncFII(K);IncFII(pAR0022)	211	0	0	GA	0															not_admitted	not_admitted	not_admitted	not_admitted	not_admitted	not_admitted	not_admitted	not_admitted	not_admitted	not_admitted	1	155;169032;170024;-;366.6	145;162129;163496;-;381.2	149;164754;165506;-;233.7	157;171039;173678;-;258.7	144;159280;162129;-;345.6	166;177493;178917;-;89.2	157;171039;173678;-;88.8	168;179644;180210;-;167.0	154;168381;169019;-;67.0	153;166378;168384;-;259.6	140;154482;156794;-;392.7	164;176312;176881;-;49.7	140;154482;156794;-;66.6	A	9/9	contiguous	25162	1	1	158719..159267-;182;unnamed;0
NZ_CP079165.1	MPF_F	IncFIB(K);IncFII(K);IncFII(pAR0022)	213	0	0	GA	0															not_admitted	not_admitted	not_admitted	not_admitted	not_admitted	not_admitted	not_admitted	not_admitted	not_admitted	not_admitted	1	157;170232;171224;-;366.6	147;163329;164696;-;381.2	151;165954;166706;-;233.7	159;172239;174878;-;258.7	146;160480;163329;-;345.6	168;178693;180117;-;89.2	159;172239;174878;-;88.8	170;180844;181410;-;167.0	156;169581;170219;-;67.0	155;167578;169584;-;259.6	142;155682;157994;-;392.7	166;177512;178081;-;49.7	142;155682;157994;-;66.6	A	9/9	contiguous	25162	1	1	159919..160467-;182;unnamed;0
NZ_CP079173.1	MPF_F	IncC;IncFIA;IncFII(pAMA1167-NDM-5)	252	0	0	GA	0															not_admitted	not_admitted	not_admitted	not_admitted	not_admitted	not_admitted	not_admitted	not_admitted	not_admitted	not_admitted	1	100;72656;73663;+;332.9	241;199265;200698;+;339.2	240;198490;199263;+;184.6	95;67457;69904;+;354.2	242;200711;204325;+;375.3	83;52812;54128;+;135.0	95;67457;69904;+;128.6	81;51288;51914;+;92.1	98;70726;71991;+;67.6	101;73779;76574;+;145.3	72;45613;47478;+;47.4	84;54125;54703;+;100.2	72;45613;47478;+;52.0	A	9/9	split_2	155098	0	1	
NZ_CP079174.1	MPF_F	IncFII(pKP91);IncR	178	0	0	GA	0															not_admitted	not_admitted	not_admitted	not_admitted	not_admitted	not_admitted	not_admitted	not_admitted	not_admitted	not_admitted	1	153;130835;131827;+;366.6	163;137344;138711;+;379.8	159;135335;136087;+;232.2	150;127170;129809;+;259.3	164;138711;141533;+;346.6	140;121926;123350;+;88.4	150;127170;129809;+;88.8	138;120633;121199;+;167.0	154;131840;132478;+;67.0	155;132537;134492;+;258.5	168;143502;145811;+;391.8	142;123980;124537;+;52.7	168;143502;145811;+;66.6	A	9/9	contiguous	22869	1	1	141557..142159+;200;TraS;0
NZ_CP079180.1	MPF_F	IncFIB(pQil);IncFII(K)	188	0	0	GA	0															not_admitted	not_admitted	not_admitted	not_admitted	not_admitted	not_admitted	not_admitted	not_admitted	not_admitted	not_admitted	1	129;119034;120023;-;366.6	119;112120;113487;-;382.2	123;114745;115497;-;236.4	133;121480;124119;-;258.5	118;109271;112120;-;341.9	140;126946;128370;-;89.3	133;121480;124119;-;88.7	142;129097;129672;-;162.5	128;118383;119021;-;66.9	127;116369;118324;-;259.7	111;101887;104199;-;392.7	139;126290;126874;-;54.7	111;101887;104199;-;66.5	A	9/9	contiguous	27210	1	1	108710..109258-;182;unnamed;0
NZ_CP079187.1	MPF_F	IncFIB(pQil);IncFII(K)	188	0	0	GA	0															not_admitted	not_admitted	not_admitted	not_admitted	not_admitted	not_admitted	not_admitted	not_admitted	not_admitted	not_admitted	1	129;119034;120023;-;366.6	119;112120;113487;-;382.2	123;114745;115497;-;236.4	133;121480;124119;-;258.5	118;109271;112120;-;341.9	140;126946;128370;-;89.3	133;121480;124119;-;88.7	142;129097;129672;-;162.5	128;118383;119021;-;66.9	127;116369;118324;-;259.7	111;101887;104199;-;392.7	139;126290;126874;-;54.7	111;101887;104199;-;66.5	A	9/9	contiguous	27210	1	1	108710..109258-;182;unnamed;0
NZ_CP079600.1	MPF_F	IncFIB(K);IncFII(K);IncFII(pAR0022)	213	0	0	GA	0															not_admitted	not_admitted	not_admitted	not_admitted	not_admitted	not_admitted	not_admitted	not_admitted	not_admitted	not_admitted	1	157;170232;171224;-;366.6	147;163329;164696;-;381.2	151;165954;166706;-;233.7	159;172239;174878;-;258.7	146;160480;163329;-;345.6	168;178693;180117;-;89.2	159;172239;174878;-;88.8	170;180844;181410;-;167.0	156;169581;170219;-;67.0	155;167578;169584;-;259.6	142;155682;157994;-;392.7	166;177512;178081;-;49.7	142;155682;157994;-;66.6	A	9/9	contiguous	25162	1	1	159919..160467-;182;unnamed;0
NZ_CP079618.1	MPF_F	Col(pHAD28);IncC	202	0	0	GA	0															not_admitted	not_admitted	not_admitted	not_admitted	not_admitted	not_admitted	not_admitted	not_admitted	not_admitted	not_admitted	1	100;72656;73663;+;332.9	191;159032;160465;+;339.2	190;158257;159030;+;184.6	95;67457;69904;+;354.2	192;160478;164092;+;375.3	83;52812;54128;+;135.0	95;67457;69904;+;128.6	81;51288;51914;+;92.1	98;70726;71991;+;67.6	101;73779;76574;+;145.3	72;45613;47478;+;47.4	84;54125;54703;+;100.2	72;45613;47478;+;52.0	A	9/9	split_2	114865	0	1	
NZ_CP079619.1	MPF_F	IncFII(pKP91);IncR	178	0	0	GA	0															not_admitted	not_admitted	not_admitted	not_admitted	not_admitted	not_admitted	not_admitted	not_admitted	not_admitted	not_admitted	1	153;130835;131827;+;366.6	163;137344;138711;+;379.8	159;135335;136087;+;232.2	150;127170;129809;+;259.3	164;138711;141533;+;346.6	140;121926;123350;+;88.4	150;127170;129809;+;88.8	138;120633;121199;+;167.0	154;131840;132478;+;67.0	155;132537;134492;+;258.5	168;143502;145811;+;391.8	142;123980;124537;+;52.7	168;143502;145811;+;66.6	A	9/9	contiguous	22869	1	1	141557..142159+;200;TraS;0
NZ_CP079625.1	MPF_F	IncFIB(K);IncFII(K);IncFII(pAR0022)	210	0	0	GA	0															not_admitted	not_admitted	not_admitted	not_admitted	not_admitted	not_admitted	not_admitted	not_admitted	not_admitted	not_admitted	1	155;169032;170024;-;366.6	145;162129;163496;-;381.2	149;164754;165506;-;233.7	157;171039;173678;-;258.7	144;159280;162129;-;345.6	166;177493;178917;-;89.2	157;171039;173678;-;88.8	168;179644;180210;-;167.0	154;168381;169019;-;67.0	153;166378;168384;-;259.6	140;154482;156794;-;392.7	164;176312;176881;-;49.7	140;154482;156794;-;66.6	A	9/9	contiguous	25162	1	1	158719..159267-;182;unnamed;0
NZ_CP079626.1	MPF_F	IncC	228	0	0	GA	0															not_admitted	not_admitted	not_admitted	not_admitted	not_admitted	not_admitted	not_admitted	not_admitted	not_admitted	not_admitted	1	93;66838;67845;+;332.9	217;186222;187655;+;339.2	216;185192;186220;+;221.7	88;61639;64086;+;354.2	218;187668;191282;+;375.3	83;52812;54128;+;135.0	88;61639;64086;+;128.6	81;51288;51914;+;92.1	91;64908;66173;+;67.6	94;67961;70756;+;145.3	72;45613;47478;+;47.4	84;54125;54703;+;100.2	72;45613;47478;+;52.0	A	9/9	split_2	142055	0	1	
NZ_CP079630.1	MPF_F	IncFIB(K);IncFII(K);IncFII(pAR0022)	210	0	0	GA	0															not_admitted	not_admitted	not_admitted	not_admitted	not_admitted	not_admitted	not_admitted	not_admitted	not_admitted	not_admitted	1	155;169032;170024;-;366.6	145;162129;163496;-;381.2	149;164754;165506;-;233.7	157;171039;173678;-;258.7	144;159280;162129;-;345.6	166;177493;178917;-;89.2	157;171039;173678;-;88.8	168;179644;180210;-;167.0	154;168381;169019;-;67.0	153;166378;168384;-;259.6	140;154482;156794;-;392.7	164;176312;176881;-;49.7	140;154482;156794;-;66.6	A	9/9	contiguous	25162	1	1	158719..159267-;182;unnamed;0
NZ_CP079631.1	MPF_F	IncC	228	0	0	GA	0															not_admitted	not_admitted	not_admitted	not_admitted	not_admitted	not_admitted	not_admitted	not_admitted	not_admitted	not_admitted	1	93;66838;67845;+;332.9	217;186222;187655;+;339.2	216;185192;186220;+;221.7	88;61639;64086;+;354.2	218;187668;191282;+;375.3	83;52812;54128;+;135.0	88;61639;64086;+;128.6	81;51288;51914;+;92.1	91;64908;66173;+;67.6	94;67961;70756;+;145.3	72;45613;47478;+;47.4	84;54125;54703;+;100.2	72;45613;47478;+;52.0	A	9/9	split_2	142055	0	1	
NZ_CP079646.1	MPF_F	IncC;IncFIA;IncFII(pAMA1167-NDM-5)	193	0	0	GA	0															not_admitted	not_admitted	not_admitted	not_admitted	not_admitted	not_admitted	not_admitted	not_admitted	not_admitted	not_admitted	1	100;72656;73663;+;332.9	182;139475;140908;+;339.2	181;138700;139473;+;184.6	95;67457;69904;+;354.2	183;140921;144535;+;375.3	83;52812;54128;+;135.0	95;67457;69904;+;128.6	81;51288;51914;+;92.1	98;70726;71991;+;67.6	101;73779;76574;+;145.3	72;45613;47478;+;47.4	84;54125;54703;+;100.2	72;45613;47478;+;52.0	A	9/9	split_2	95308	0	1	
NZ_CP079656.1	MPF_F	IncC	194	0	0	GA	0															not_admitted	not_admitted	not_admitted	not_admitted	not_admitted	not_admitted	not_admitted	not_admitted	not_admitted	not_admitted	1	100;72656;73663;+;332.9	183;150518;151951;+;339.2	182;149743;150516;+;184.6	95;67457;69904;+;354.2	184;151964;155578;+;375.3	83;52812;54128;+;135.0	95;67457;69904;+;128.6	81;51288;51914;+;92.1	98;70726;71991;+;67.6	101;73779;76574;+;145.3	72;45613;47478;+;47.4	84;54125;54703;+;100.2	72;45613;47478;+;52.0	A	9/9	split_2	106351	0	1	
NZ_CP079657.1	MPF_F	IncFII(pKP91);IncR	178	0	0	GA	0															not_admitted	not_admitted	not_admitted	not_admitted	not_admitted	not_admitted	not_admitted	not_admitted	not_admitted	not_admitted	1	153;130835;131827;+;366.6	163;137344;138711;+;379.8	159;135335;136087;+;232.2	150;127170;129809;+;259.3	164;138711;141533;+;346.6	140;121926;123350;+;88.4	150;127170;129809;+;88.8	138;120633;121199;+;167.0	154;131840;132478;+;67.0	155;132537;134492;+;258.5	168;143502;145811;+;391.8	142;123980;124537;+;52.7	168;143502;145811;+;66.6	A	9/9	contiguous	22869	1	1	141557..142159+;200;TraS;0
NZ_CP079669.1	MPF_F	IncFIB(pNDM-Mar);IncHI1B(pNDM-MAR)	320	0	0	GA	0															not_admitted	not_admitted	not_admitted	not_admitted	not_admitted	not_admitted	not_admitted	not_admitted	not_admitted	not_admitted	1	35;32975;34012;-;282.3	220;190687;192096;+;190.4	219;189660;190697;+;175.7	49;46069;48786;-;149.6	221;192098;196066;+;121.3	53;50899;52269;-;65.6	49;46069;48786;-;85.2	56;53915;54775;-;79.0	36;34009;35370;-;69.9	34;29780;32965;-;59.9	212;180335;182461;-;57.7	50;48831;49568;-;56.9	212;180335;182461;-;41.0	A	9/9	split_2	162318	0	1	
NZ_CP079670.1	MPF_F	IncFIB(K);IncFII(K);IncFII(pAR0022)	211	0	0	GA	0															not_admitted	not_admitted	not_admitted	not_admitted	not_admitted	not_admitted	not_admitted	not_admitted	not_admitted	not_admitted	1	155;169032;170024;-;366.6	145;162129;163496;-;381.2	149;164754;165506;-;233.7	157;171039;173678;-;258.7	144;159280;162129;-;345.6	166;177493;178917;-;89.2	157;171039;173678;-;88.8	168;179644;180210;-;167.0	154;168381;169019;-;67.0	153;166378;168384;-;259.6	140;154482;156794;-;392.7	164;176312;176881;-;49.7	140;154482;156794;-;66.6	A	9/9	contiguous	25162	1	1	158719..159267-;182;unnamed;0
NZ_CP079674.1	MPF_F	IncFIB(K);IncFII(K);IncFII(pAR0022)	213	0	0	GA	0															not_admitted	not_admitted	not_admitted	not_admitted	not_admitted	not_admitted	not_admitted	not_admitted	not_admitted	not_admitted	1	157;170232;171224;-;366.6	147;163329;164696;-;381.2	151;165954;166706;-;233.7	159;172239;174878;-;258.7	146;160480;163329;-;345.6	168;178693;180117;-;89.2	159;172239;174878;-;88.8	170;180844;181410;-;167.0	156;169581;170219;-;67.0	155;167578;169584;-;259.6	142;155682;157994;-;392.7	166;177512;178081;-;49.7	142;155682;157994;-;66.6	A	9/9	contiguous	25162	1	1	159919..160467-;182;unnamed;0
NZ_CP079693.1	MPF_F	Col(pHAD28);IncC	202	0	0	GA	0															not_admitted	not_admitted	not_admitted	not_admitted	not_admitted	not_admitted	not_admitted	not_admitted	not_admitted	not_admitted	1	100;72656;73663;+;332.9	191;159032;160465;+;339.2	190;158257;159030;+;184.6	95;67457;69904;+;354.2	192;160478;164092;+;375.3	83;52812;54128;+;135.0	95;67457;69904;+;128.6	81;51288;51914;+;92.1	98;70726;71991;+;67.6	101;73779;76574;+;145.3	72;45613;47478;+;47.4	84;54125;54703;+;100.2	72;45613;47478;+;52.0	A	9/9	split_2	114865	0	1	
NZ_CP079717.1	-	-	226	0	0	GA	0															not_admitted	not_admitted	not_admitted	not_admitted	not_admitted	not_admitted	not_admitted	not_admitted	not_admitted	not_admitted	1	81;61018;62049;-;255.2	154;136858;138261;+;126.6	153;135869;136858;+;161.1	133;115431;118028;-;158.0	155;138278;142480;+;136.2	139;121369;122697;-;101.3	133;115431;118028;-;81.9	141;123781;124476;-;47.9	83;62195;63361;-;59.8	80;57634;61011;-;83.0	147;127635;129536;-;41.1	134;118028;118798;-;57.6	147;127635;129536;-;27.0	A	9/9	split_2	80644	0	1	
NZ_CP079727.1	MPF_F	IncFII(K);repB(R1701)	160	0	0	GA	0															not_admitted	not_admitted	not_admitted	not_admitted	not_admitted	not_admitted	not_admitted	not_admitted	not_admitted	not_admitted	1	132;104965;105957;+;362.9	145;113475;114845;+;382.7	141;111521;112273;+;230.7	129;101300;103939;+;259.2	146;114845;117688;+;346.5	118;95842;97266;+;90.9	129;101300;103939;+;88.7	116;94549;95115;+;169.3	136;107988;108635;+;66.0	137;108694;110649;+;259.7	150;120273;122585;+;392.8	121;98083;98667;+;53.4	150;120273;122585;+;65.9	A	9/9	contiguous	25724	1	1	117699..118223+;174;unnamed;0
NZ_CP079765.1	MPF_F	IncHI2;IncHI2A;IncN	286	0	0	GA	0															not_admitted	not_admitted	not_admitted	not_admitted	not_admitted	not_admitted	not_admitted	not_admitted	not_admitted	not_admitted	1	142;126494;127552;-;276.9	253;231716;233131;+;194.1	252;230680;231726;+;174.3	158;147124;149805;-;168.0	254;233140;237093;+;101.7	162;152135;153490;-;80.7	158;147124;149805;-;72.2	165;155214;156002;-;74.8	144;127694;129205;-;62.0	141;123287;126475;-;57.3	245;221554;223638;-;56.8	159;149814;150764;-;46.1	245;221554;223638;-;38.8	A	9/9	split_2	109853	1	1	237274..238563+;429;unnamed;0
NZ_CP079769.1	MPF_F	IncHI2;IncHI2A;IncN	288	0	0	GA	0															not_admitted	not_admitted	not_admitted	not_admitted	not_admitted	not_admitted	not_admitted	not_admitted	not_admitted	not_admitted	1	17;20031;21089;-;276.9	130;126604;128019;+;194.1	129;125568;126614;+;174.3	33;40661;43342;-;168.0	131;128028;131981;+;101.7	37;45672;47027;-;80.7	33;40661;43342;-;72.2	40;48751;49539;-;74.8	19;21231;22742;-;62.0	16;16824;20012;-;57.3	122;116442;118526;-;56.8	34;43351;44301;-;46.1	122;116442;118526;-;38.8	A	9/9	split_2	111204	1	1	132162..133451+;429;unnamed;0
NZ_CP079774.1	MPF_F	IncFII(pCoo)	79	0	0	GA	0															not_admitted	not_admitted	not_admitted	not_admitted	not_admitted	not_admitted	not_admitted	not_admitted	not_admitted	not_admitted	1	9;8908;9900;-;370.2	1;2839;4212;-;380.4	5;5433;6176;-;233.3	12;10909;13536;-;303.5	0;20;2842;-;386.8	16;15448;16875;-;94.3	12;10909;13536;-;100.3	18;17590;18156;-;183.8	8;8261;8899;-;68.3	7;6456;8264;-;268.2	76;72623;74947;-;391.5	13;14052;14567;-;78.0	76;72623;74947;-;70.2	A	9/9	split_2	72603	0	1	
NZ_CP079775.1	MPF_T	IncX4	45	0	0	GA	1	36;24396;25016;+;41.6	37;25030;25356;+;64.4	38;25375;28122;+;63.8	38;25375;28122;+;151.8	38;25375;28122;+;46.1	39;28134;28850;+;94.4	40;28862;29956;+;150.1		42;30471;31157;+;169.0	43;31154;32062;+;142.4	44;32055;33173;+;163.9	0;47;349;+;31.2	1;381;2198;+;314.8		pfam	pfam_only	A	7/7	canonical	1	1	unscoreable	1	0	0														not_admitted	not_admitted	not_admitted	not_admitted	not_admitted	not_admitted	not_admitted
NZ_CP079778.1	MPF_F	IncFII(pCoo)	78	0	0	GA	0															not_admitted	not_admitted	not_admitted	not_admitted	not_admitted	not_admitted	not_admitted	not_admitted	not_admitted	not_admitted	1	61;62311;63303;-;370.2	53;56242;57615;-;380.4	57;58836;59579;-;233.3	64;64312;66939;-;303.5	52;53423;56245;-;386.8	68;68851;70278;-;94.3	64;64312;66939;-;100.3	70;70993;71559;-;183.8	60;61664;62302;-;68.3	59;59859;61667;-;268.2	49;49565;51889;-;391.5	65;67455;67970;-;78.0	49;49565;51889;-;70.2	A	9/9	contiguous	21428	1	1	52905..53402-;165;TraS;0
NZ_CP079779.1	MPF_T	IncX4	50	0	0	GA	1	7;7406;8026;-;41.6	6;7066;7392;-;64.4	5;4300;7047;-;63.8	5;4300;7047;-;151.8	5;4300;7047;-;46.1	4;3572;4288;-;94.4	3;2466;3560;-;150.1		1;1265;1951;-;169.0	0;360;1268;-;142.4	44;33103;34221;-;163.9	43;32073;33101;-;85.0	42;30224;32041;-;314.8		pfam	pfam_only	A	7/7	canonical	1	1	unscoreable	2	0	0														not_admitted	not_admitted	not_admitted	not_admitted	not_admitted	not_admitted	not_admitted
NZ_CP079783.1	MPF_F	IncFIA(HI1);IncFII(K)	108	0	0	GA	0															not_admitted	not_admitted	not_admitted	not_admitted	not_admitted	not_admitted	not_admitted	not_admitted	not_admitted	not_admitted	1	83;64003;64992;+;366.6	93;70539;71906;+;383.3	89;68529;69281;+;233.7	79;59921;62560;+;258.5	94;71906;74755;+;346.4	70;55237;56661;+;89.2	79;59921;62560;+;88.7	68;53944;54510;+;169.3	84;65005;65643;+;66.9	85;65702;67657;+;259.7	98;77218;79530;+;392.8	71;56775;57359;+;55.4	98;77218;79530;+;65.9	A	9/9	contiguous	23274	1	1	74758..75291+;177;unnamed;0
NZ_CP079784.1	MPF_F	IncFIB(pNDM-Mar);IncHI1B(pNDM-MAR)	329	0	0	GA	0															not_admitted	not_admitted	not_admitted	not_admitted	not_admitted	not_admitted	not_admitted	not_admitted	not_admitted	not_admitted	1	258;224137;225174;-;282.3	95;72320;73729;+;190.4	94;71293;72330;+;175.6	271;236005;238722;-;149.6	96;73731;77699;+;121.3	177;149961;151217;+;206.8	271;236005;238722;-;85.2	278;243851;244711;-;79.0	259;225171;226532;-;69.9	257;220942;224127;-;59.6	87;61956;64082;-;57.8	272;238767;239504;-;56.9	87;61956;64082;-;41.0	A	9/9	split_3	181895	0	1	
NZ_CP079803.1	MPF_F	IncFIA(pBK30683);IncFII(K)	114	0	0	GA	0															not_admitted	not_admitted	not_admitted	not_admitted	not_admitted	not_admitted	not_admitted	not_admitted	not_admitted	not_admitted	1	87;71020;72012;+;362.9	100;79603;80970;+;382.8	96;77593;78345;+;233.7	84;67355;69994;+;259.3	101;80970;83792;+;340.4	74;62037;63461;+;91.3	84;67355;69994;+;88.3	72;60744;61310;+;168.5	91;74043;74690;+;65.7	92;74749;76704;+;257.4	104;85760;88060;+;392.7	76;64073;64657;+;54.2	104;85760;88060;+;66.6	A	9/9	contiguous	25016	1	1	83816..84418+;200;TraS;0
NZ_CP079808.1	MPF_F	IncC	194	0	0	GA	0															not_admitted	not_admitted	not_admitted	not_admitted	not_admitted	not_admitted	not_admitted	not_admitted	not_admitted	not_admitted	1	100;72656;73663;+;332.9	183;150518;151951;+;339.2	182;149743;150516;+;184.6	95;67457;69904;+;354.2	184;151964;155578;+;375.3	83;52812;54128;+;135.0	95;67457;69904;+;128.6	81;51288;51914;+;92.1	98;70726;71991;+;67.6	101;73779;76574;+;145.3	72;45613;47478;+;47.4	84;54125;54703;+;100.2	72;45613;47478;+;52.0	A	9/9	split_2	106351	0	1	
NZ_CP079853.1	MPF_F	IncFIB(K);IncFII(K)	189	0	0	GA	0															not_admitted	not_admitted	not_admitted	not_admitted	not_admitted	not_admitted	not_admitted	not_admitted	not_admitted	not_admitted	1	142;142300;143292;-;366.6	132;135416;136783;-;381.2	136;138040;138792;-;232.2	145;144318;146957;-;259.3	131;132567;135416;-;346.5	153;150543;151967;-;89.3	145;144318;146957;-;88.8	155;152694;153260;-;167.0	141;141649;142287;-;67.0	140;139635;141590;-;259.2	127;128442;130751;-;392.7	151;149356;149913;-;52.5	127;128442;130751;-;66.6	A	9/9	contiguous	24252	1	1	132034..132564-;176;unnamed;0
NZ_CP079857.1	MPF_T	-	538	0	0	GA	1		160;161191;161490;+;87.8	161;161493;161834;+;105.3	162;161827;164208;+;172.7	162;161827;164208;+;107.5	163;164208;164906;+;209.3	165;165141;166076;+;163.8		167;166382;167053;+;221.1	168;167050;167904;+;185.3	169;167919;169091;+;185.6	170;169100;170110;+;100.3	110;113538;115457;-;326.6		pfam	both	A	7/7	canonical	1	0	unscoreable	2	0	0														not_admitted	not_admitted	not_admitted	not_admitted	not_admitted	not_admitted	not_admitted
NZ_CP079858.1	MPF_T	-	123	0	0	GA	1		120;129472;129879;-;77.4	119;129180;129479;-;62.6	118;126701;129169;-;187.6	118;126701;129169;-;121.3	117;125920;126729;-;46.6	115;124515;125711;-;111.5		114;123838;124500;-;121.0	113;122966;123820;-;190.5	111;121164;122474;-;228.0	121;129869;130840;-;138.3	48;54887;56863;-;573.3		conjscan	conjscan_only	A	7/7	canonical	1	0	unscoreable	3	0	0														not_admitted	not_admitted	not_admitted	not_admitted	not_admitted	not_admitted	not_admitted
NZ_CP079885.1	MPF_F	IncFII(pCoo)	138	0	0	GA	0															not_admitted	not_admitted	not_admitted	not_admitted	not_admitted	not_admitted	not_admitted	not_admitted	not_admitted	not_admitted	1	110;90017;91009;+;371.8	121;96686;98059;+;376.8	114;93738;94481;+;235.0	107;86381;89008;+;303.5	122;98056;100878;+;389.2	101;83042;84469;+;94.3	107;86381;89008;+;100.3	99;81761;82327;+;183.8	111;91018;91656;+;68.8	112;91653;93461;+;268.3	126;103150;105384;+;391.7	104;85350;85865;+;78.0	126;103150;105384;+;70.3	A	9/9	contiguous	21389	1	1	100899..101396+;165;TraS;0
NZ_CP079887.1	MPF_T	IncX4	57	0	0	GA	1	51;42912;43532;-;41.6	50;42572;42898;-;64.4	49;39806;42553;-;63.8	49;39806;42553;-;151.8	49;39806;42553;-;46.1	48;39078;39794;-;94.2	47;37972;39066;-;150.1		45;36771;37457;-;169.0	44;35866;36774;-;142.4	43;34755;35873;-;163.9	42;33725;34753;-;85.0	41;31876;33693;-;314.8		pfam	pfam_only	A	7/7	canonical	1	1	unscoreable	1	0	0														not_admitted	not_admitted	not_admitted	not_admitted	not_admitted	not_admitted	not_admitted
NZ_CP079893.1	MPF_T	IncI2	77	0	0	GA	1	37;32071;32553;-;81.1		52;48155;48439;-;36.6	51;45792;48149;-;58.5	51;45792;48149;-;44.9	64;54590;55234;-;41.0	65;55240;56235;-;123.7		49;44892;45626;-;144.3	48;44125;44895;-;170.5	47;42996;44135;-;154.7	40;34321;35859;-;207.1	45;39948;41906;-;289.6		pfam	pfam_only	A	7/7	rearranged	1	0	unscoreable	17	0	0														not_admitted	not_admitted	not_admitted	not_admitted	not_admitted	not_admitted	not_admitted
NZ_CP079894.1	MPF_T	IncX1	42	0	0	GA	1	32;19636;20280;+;47.1	33;20264;20554;+;73.5	34;20578;23337;+;44.8	34;20578;23337;+;133.3	34;20578;23337;+;71.9	35;23339;24076;+;57.5	37;24358;25413;+;131.7		38;25603;26325;+;116.0	39;26331;27260;+;133.3	40;27257;28471;+;128.6	41;28489;29526;+;66.4	0;25;576;+;179.2		pfam	pfam_only	A	7/7	canonical	1	1	unscoreable	1	0	0														not_admitted	not_admitted	not_admitted	not_admitted	not_admitted	not_admitted	not_admitted
NZ_CP079936.1	MPF_F	IncHI2;IncHI2A	294	0	0	GA	0															not_admitted	not_admitted	not_admitted	not_admitted	not_admitted	not_admitted	not_admitted	not_admitted	not_admitted	not_admitted	1	27;31707;32765;+;276.9	204;185736;187151;-;194.1	205;187141;188187;-;174.1	11;8955;11636;+;168.0	203;181774;185727;-;101.6	7;5270;6625;+;80.7	11;8955;11636;+;72.2	4;2758;3546;+;74.8	25;30054;31565;+;62.0	28;32784;35972;+;57.3	212;195229;197313;+;56.8	10;7996;8946;+;46.1	212;195229;197313;+;38.8	A	9/9	split_3	192471	1	1	180304..181593-;429;unnamed;0
NZ_CP080035.1	-	-	96	0	0	GA	0															not_admitted	not_admitted	not_admitted	not_admitted	not_admitted	not_admitted	not_admitted	not_admitted	not_admitted	not_admitted	1	92;70673;71788;+;383.9	0;1;1428;+;346.3	95;75843;76775;+;183.2	86;65874;68471;+;269.1	1;1434;4466;+;310.7	83;63153;64541;+;94.6	86;65874;68471;+;84.1	81;61776;62369;+;118.3	93;71800;72636;+;92.7	94;72643;75846;+;329.9	28;22924;25167;-;328.7	85;65427;65870;+;22.8	28;22924;25167;-;81.9	A	9/9	split_3	75842	0	1	
NZ_CP080076.1	MPF_F	IncFIC(FII);IncR	155	0	0	GA	0															not_admitted	not_admitted	not_admitted	not_admitted	not_admitted	not_admitted	not_admitted	not_admitted	not_admitted	not_admitted	1	136;122465;123457;+;369.3	144;128153;129526;+;380.7	140;126189;126932;+;232.7	133;118829;121456;+;303.5	145;129523;132345;+;380.3	129;115490;116917;+;94.3	133;118829;121456;+;100.3	127;114209;114775;+;183.8	137;123466;124104;+;68.3	138;124101;125909;+;268.3	148;133879;136068;+;391.8	132;117798;118313;+;78.0	148;133879;136068;+;70.4	A	9/9	contiguous	19670	1	1	132366..132863+;165;TraS;0
NZ_CP080077.1	MPF_T	IncX1	63	0	0	GA	1	28;17985;18629;+;47.1	29;18613;18903;+;73.5	30;18927;21686;+;44.8	30;18927;21686;+;133.3	30;18927;21686;+;71.9	31;21688;22425;+;57.5	33;22707;23762;+;131.7		34;23952;24674;+;116.0	35;24680;25609;+;133.3	36;25606;26820;+;128.6	37;26838;27875;+;66.4	38;27880;29715;+;543.4		pfam	pfam_only	A	7/7	canonical	1	1	unscoreable	1	0	0														not_admitted	not_admitted	not_admitted	not_admitted	not_admitted	not_admitted	not_admitted
NZ_CP080081.1	MPF_F	IncFIA(HI1);IncHI1A;IncHI1B(R27);IncX1	278	0	0	GA	0															not_admitted	not_admitted	not_admitted	not_admitted	not_admitted	not_admitted	not_admitted	not_admitted	not_admitted	not_admitted	1	15;14859;15911;+;277.6	178;160690;162105;-;201.7	179;162095;163141;-;171.3	276;239284;241965;+;160.6	177;156692;160681;-;103.1	271;234801;236039;+;64.4	276;239284;241965;+;76.5	268;232349;233134;+;68.7	13;13206;14714;+;65.6	16;15934;19110;+;58.9	185;170076;172160;+;50.2	275;238325;239275;+;45.2	185;170076;172160;+;36.5	A	9/9	split_3	226078	0	1	
NZ_CP080082.1	MPF_F	IncFIB(AP001918);IncFIC(FII)	124	0	0	GA	0															not_admitted	not_admitted	not_admitted	not_admitted	not_admitted	not_admitted	not_admitted	not_admitted	not_admitted	not_admitted	1	63;64567;65559;-;369.3	54;58132;59505;-;381.0	59;61095;61838;-;231.1	66;66568;69195;-;306.8	53;55310;58135;-;389.2	71;71113;72540;-;94.1	66;66568;69195;-;99.5	73;73255;73821;-;183.8	62;63920;64558;-;68.7	61;62115;63923;-;267.6	50;51645;53807;-;391.8	68;69717;70232;-;78.4	50;51645;53807;-;70.4	A	9/9	contiguous	21610	1	1	54804..55313-;169;unnamed;0
NZ_CP080086.1	MPF_T	IncX1	47	0	0	GA	1	25;23500;24144;-;47.1	24;23226;23516;-;73.5	23;20443;23202;-;44.8	23;20443;23202;-;133.3	23;20443;23202;-;71.9	22;19704;20441;-;57.5	20;18367;19422;-;131.7		19;17455;18177;-;116.0	18;16520;17449;-;133.3	17;15309;16523;-;128.6	16;14254;15291;-;66.4	15;12414;14249;-;543.4		pfam	pfam_only	A	7/7	canonical	1	1	unscoreable	1	0	0														not_admitted	not_admitted	not_admitted	not_admitted	not_admitted	not_admitted	not_admitted
NZ_CP080093.1	MPF_T	IncX1	63	0	0	GA	1	15;14470;15117;-;47.0	14;14196;14492;-;77.5	13;11424;14177;-;46.6	13;11424;14177;-;147.7	13;11424;14177;-;75.2	12;10655;11413;-;67.3	10;9284;10417;-;106.4		9;8325;9038;-;120.7	8;7391;8320;-;134.2	7;6189;7394;-;132.5	6;5156;6187;-;76.5	5;3318;5153;-;487.9		pfam	pfam_only	A	7/7	canonical	1	1	unscoreable	1	0	0														not_admitted	not_admitted	not_admitted	not_admitted	not_admitted	not_admitted	not_admitted
NZ_CP080094.1	MPF_T	IncX4	42	0	0	GA	1	13;13208;13828;-;41.6	12;12868;13194;-;64.4	11;10102;12849;-;63.8	11;10102;12849;-;151.8	11;10102;12849;-;46.1	10;9374;10090;-;94.2	9;8268;9362;-;150.1		7;7067;7753;-;169.0	6;6162;7070;-;142.4	5;5051;6169;-;163.9	4;4021;5049;-;85.0	3;2172;3989;-;314.8		pfam	pfam_only	A	7/7	canonical	1	1	unscoreable	1	0	0														not_admitted	not_admitted	not_admitted	not_admitted	not_admitted	not_admitted	not_admitted
NZ_CP080100.1	MPF_F	IncFII(K);IncFII(pAR0022);IncR;repB(R1701)	233	0	0	GA	0															not_admitted	not_admitted	not_admitted	not_admitted	not_admitted	not_admitted	not_admitted	not_admitted	not_admitted	not_admitted	1	43;29897;30889;+;366.6	53;36406;37773;+;379.8	49;34397;35149;+;232.2	40;26232;28871;+;259.3	54;37773;40595;+;346.6	30;20982;22406;+;88.4	40;26232;28871;+;88.8	28;19689;20255;+;167.0	44;30902;31540;+;67.0	45;31599;33554;+;258.5	58;42564;44876;+;393.1	32;23042;23599;+;52.7	58;42564;44876;+;66.6	A	9/9	contiguous	22875	1	1	40619..41221+;200;TraS;0
NZ_CP080101.1	MPF_F	IncFII(pBK30683)	124	0	0	GA	0															not_admitted	not_admitted	not_admitted	not_admitted	not_admitted	not_admitted	not_admitted	not_admitted	not_admitted	not_admitted	1	97;85119;86111;+;372.3	110;94607;95977;+;383.1	107;93086;93838;+;222.2	94;81454;84093;+;254.8	111;95977;98856;+;342.7	28;23963;25183;-;216.3	94;81454;84093;+;88.2	85;76268;76834;+;163.2	98;86124;86771;+;68.8	102;89610;91565;+;253.1	115;100826;103138;+;393.1	89;79165;79719;+;57.5	115;100826;103138;+;66.6	A	9/9	split_2	76863	1	1	98859..99389+;176;unnamed;0
NZ_CP080108.1	MPF_F	IncHI2;IncHI2A	357	0	0	GA	0															not_admitted	not_admitted	not_admitted	not_admitted	not_admitted	not_admitted	not_admitted	not_admitted	not_admitted	not_admitted	1	29;32276;33334;+;276.9	235;223325;224740;-;194.1	236;224730;225776;-;173.7	11;8955;11636;+;168.0	234;219366;223316;-;101.6	7;5270;6625;+;80.7	11;8955;11636;+;72.2	4;2758;3546;+;74.8	27;30623;32134;+;62.7	30;33353;36541;+;58.3	242;232817;234901;+;56.7	10;7996;8946;+;46.4	242;232817;234901;+;38.8	A	9/9	split_3	230059	0	1	
NZ_CP080122.1	MPF_F	IncHI2;IncHI2A	287	0	0	GA	0															not_admitted	not_admitted	not_admitted	not_admitted	not_admitted	not_admitted	not_admitted	not_admitted	not_admitted	not_admitted	1	29;32558;33616;+;276.9	204;194303;195718;-;194.1	205;195708;196754;-;174.3	13;10305;12986;+;168.0	203;190341;194294;-;101.6	9;6620;7975;+;80.7	13;10305;12986;+;72.2	6;4108;4896;+;74.8	27;30905;32416;+;62.0	30;33635;36823;+;57.3	212;203796;205880;+;56.8	12;9346;10296;+;46.1	212;203796;205880;+;38.8	A	9/9	split_3	199688	1	1	188871..190160-;429;unnamed;0
NZ_CP080124.1	MPF_F	IncFII	112	0	0	GA	0															not_admitted	not_admitted	not_admitted	not_admitted	not_admitted	not_admitted	not_admitted	not_admitted	not_admitted	not_admitted	1	87;79438;80430;+;369.3	98;86480;87853;+;381.0	93;84147;84890;+;233.3	84;75802;78429;+;303.5	99;87850;90675;+;386.0	78;72216;73643;+;94.3	84;75802;78429;+;98.5	76;70935;71501;+;183.8	90;81427;82065;+;68.6	91;82062;83870;+;268.0	102;92179;94386;+;391.7	82;74771;75286;+;77.3	102;92179;94386;+;70.3	A	9/9	contiguous	21244	1	1	90672..91181+;169;unnamed;0
NZ_CP080127.1	MPF_F	IncFIB(AP001918);IncFII	160	0	0	GA	0															not_admitted	not_admitted	not_admitted	not_admitted	not_admitted	not_admitted	not_admitted	not_admitted	not_admitted	not_admitted	1	92;98098;99090;-;367.3	81;91038;92411;-;374.3	88;94626;95369;-;234.1	95;100099;102726;-;305.4	80;88225;91041;-;387.9	102;104781;106208;-;94.4	95;100099;102726;-;99.1	104;106923;107489;-;183.8	91;97451;98089;-;67.3	90;95646;97454;-;268.3	77;84509;86662;-;391.1	98;103242;103757;-;77.3	77;84509;86662;-;69.2	A	9/9	contiguous	22414	1	1	87671..88192-;173;unnamed;0
NZ_CP080129.1	MPF_F	IncFII	98	0	0	GA	0															not_admitted	not_admitted	not_admitted	not_admitted	not_admitted	not_admitted	not_admitted	not_admitted	not_admitted	not_admitted	1	70;63295;64287;+;369.3	81;70337;71710;+;381.0	76;68004;68747;+;234.1	67;59659;62286;+;303.5	82;71707;74532;+;386.0	61;56073;57500;+;94.4	67;59659;62286;+;98.5	59;54792;55358;+;183.8	73;65284;65922;+;68.6	74;65919;67727;+;268.0	85;76036;78234;+;391.7	65;58628;59143;+;77.3	85;76036;78234;+;70.3	A	9/9	contiguous	21244	1	1	74529..75038+;169;unnamed;0
NZ_CP080130.1	MPF_T	IncI2(Delta)	73	0	0	GA	1	36;31833;32315;-;81.1		51;47922;48206;-;36.6	50;45559;47916;-;58.5	50;45559;47916;-;44.9	60;53018;53662;-;41.0	61;53668;54663;-;123.9		48;44659;45393;-;144.3	47;43892;44662;-;170.5	46;42763;43902;-;154.7	39;34094;35632;-;207.1	44;39715;41673;-;289.6		pfam	pfam_only	A	7/7	rearranged	1	0	unscoreable	14	0	0														not_admitted	not_admitted	not_admitted	not_admitted	not_admitted	not_admitted	not_admitted
NZ_CP080134.1	MPF_F	IncFII	111	0	0	GA	0															not_admitted	not_admitted	not_admitted	not_admitted	not_admitted	not_admitted	not_admitted	not_admitted	not_admitted	not_admitted	1	86;75593;76585;+;369.3	97;82635;84008;+;381.0	92;80302;81045;+;233.3	83;71957;74584;+;303.5	98;84005;86830;+;386.0	77;68371;69798;+;94.3	83;71957;74584;+;98.5	75;67090;67656;+;183.8	89;77582;78220;+;68.6	90;78217;80025;+;268.0	101;88334;90550;+;391.7	81;70926;71441;+;77.3	101;88334;90550;+;70.3	A	9/9	contiguous	21244	1	1	86827..87336+;169;unnamed;0
NZ_CP080136.1	MPF_T	IncI2(Delta)	73	0	0	GA	1	37;32912;33394;-;81.1		52;49001;49285;-;36.6	51;46638;48995;-;58.5	51;46638;48995;-;44.9	61;54097;54741;-;41.0	62;54747;55742;-;123.9		49;45738;46472;-;144.3	48;44971;45741;-;170.5	47;43842;44981;-;154.7	40;35173;36711;-;207.1	45;40794;42752;-;289.6		pfam	pfam_only	A	7/7	rearranged	1	0	unscoreable	14	0	0														not_admitted	not_admitted	not_admitted	not_admitted	not_admitted	not_admitted	not_admitted
NZ_CP080137.1	MPF_T	IncX1	62	0	0	GA	1	31;26917;27561;-;47.1	30;26643;26933;-;73.5	29;23860;26619;-;44.8	29;23860;26619;-;133.3	29;23860;26619;-;71.9	28;23121;23858;-;57.5	26;21784;22839;-;131.7		25;20872;21594;-;116.0	24;19937;20866;-;132.4	23;18726;19940;-;128.6	22;17671;18708;-;66.4	21;15831;17666;-;543.4		pfam	pfam_only	A	7/7	canonical	1	1	unscoreable	1	0	0														not_admitted	not_admitted	not_admitted	not_admitted	not_admitted	not_admitted	not_admitted
NZ_CP080140.1	MPF_F	IncFII(29)	79	0	0	GA	0															not_admitted	not_admitted	not_admitted	not_admitted	not_admitted	not_admitted	not_admitted	not_admitted	not_admitted	not_admitted	1	54;41320;42312;+;369.3	65;48208;49581;+;376.8	60;45899;46642;+;234.5	51;37681;40311;+;300.4	66;49578;52400;+;389.2	44;33232;34659;+;94.1	51;37681;40311;+;102.3	42;31951;32517;+;183.8	55;42321;42959;+;68.6	58;43772;45622;+;265.0	70;54672;56915;+;391.7	47;35540;36055;+;78.4	70;54672;56915;+;70.3	A	9/9	contiguous	22721	1	1	52422..52901+;159;TraS;0
NZ_CP080141.1	MPF_T	IncI2(Delta)	76	0	0	GA	1	37;32910;33392;-;81.1		55;50312;50596;-;36.6	54;47949;50306;-;58.5	54;47949;50306;-;44.9	64;55408;56052;-;41.0	65;56058;57053;-;123.9		52;47049;47783;-;144.3	51;46690;47052;-;79.5	47;43840;44979;-;154.7	40;35171;36709;-;207.1	45;40792;42750;-;289.6		pfam	pfam_only	A	7/7	rearranged	1	0	unscoreable	16	0	0														not_admitted	not_admitted	not_admitted	not_admitted	not_admitted	not_admitted	not_admitted
NZ_CP080142.1	MPF_F	IncFIC(FII)	84	0	0	GA	0															not_admitted	not_admitted	not_admitted	not_admitted	not_admitted	not_admitted	not_admitted	not_admitted	not_admitted	not_admitted	1	23;19075;20067;+;369.3	31;24763;26136;+;380.7	27;22799;23542;+;232.7	20;15439;18066;+;303.5	32;26133;28955;+;380.3	16;12100;13527;+;94.1	20;15439;18066;+;100.3	14;10819;11385;+;183.8	24;20076;20714;+;68.3	25;20711;22519;+;268.3	35;30489;32669;+;391.8	19;14408;14923;+;78.0	35;30489;32669;+;70.4	A	9/9	contiguous	19670	1	1	28976..29473+;165;TraS;0
NZ_CP080143.1	MPF_T	IncX4	44	0	0	GA	1	7;4527;5138;+;53.8	8;5110;5424;+;30.3	9;5482;5802;+;39.0	10;5805;8177;+;81.6	10;5805;8177;+;33.6	4;2556;3197;-;25.7	5;3199;4194;-;124.7		12;8308;9045;+;159.5	13;9042;9821;+;167.2	14;9811;10953;+;143.5	15;10953;11972;+;91.9	16;12023;13990;+;290.5		pfam	pfam_only	A	7/7	uncallable	0	0	unscoreable	2	0	0														not_admitted	not_admitted	not_admitted	not_admitted	not_admitted	not_admitted	not_admitted
NZ_CP080148.1	MPF_T	IncI2(Delta)	74	0	0	GA	1	38;32929;33411;-;81.1		53;49018;49302;-;36.6	52;46655;49012;-;58.5	52;46655;49012;-;44.9	62;54114;54758;-;41.0	63;54764;55759;-;123.9		50;45755;46489;-;144.3	49;44988;45758;-;170.5	48;43859;44998;-;154.7	41;35190;36728;-;207.1	46;40811;42769;-;289.8		pfam	pfam_only	A	7/7	rearranged	1	0	unscoreable	14	0	0														not_admitted	not_admitted	not_admitted	not_admitted	not_admitted	not_admitted	not_admitted
NZ_CP080156.1	MPF_F	IncFII	130	0	0	GA	0															not_admitted	not_admitted	not_admitted	not_admitted	not_admitted	not_admitted	not_admitted	not_admitted	not_admitted	not_admitted	1	25;19267;20259;+;369.3	36;26309;27682;+;381.0	31;23976;24719;+;234.5	22;15631;18258;+;303.5	37;27679;30504;+;386.0	16;12045;13472;+;94.3	22;15631;18258;+;98.5	14;10764;11330;+;182.9	28;21256;21894;+;68.6	29;21891;23699;+;268.0	40;32008;34215;+;391.7	20;14600;15115;+;78.4	40;32008;34215;+;70.3	A	9/9	contiguous	21244	1	1	30501..31010+;169;unnamed;0
NZ_CP080157.1	MPF_F	IncFIA;IncFIB(AP001918);IncFIC(FII)	191	1	1	GA	1	129;125561;126070;+;78.1	73;73772;74065;+;28.7	74;74115;74432;+;63.3	75;74432;77032;+;111.8	75;74432;77032;+;76.8	76;77050;77763;+;97.1	78;78014;79054;+;153.6		79;79273;79971;+;131.9	80;79982;80866;+;159.0	81;80866;82026;+;154.9	82;82068;83063;+;81.2	98;99848;102001;-;31.0	111;110956;112764;-;268.4	pfam	both	A	7/7	canonical	1	0	unscoreable	30	0	1	113;113408;114400;-;369.3	102;106349;107722;-;378.0	109;109936;110679;-;234.5	116;115409;118036;-;305.4	101;103530;106352;-;389.5	81;80866;82026;+;154.9	116;115409;118036;-;98.5	124;122233;122799;-;182.9	112;112761;113399;-;68.4	111;110956;112764;-;268.4	98;99848;102001;-;391.9	118;118552;119067;-;78.4	98;99848;102001;-;70.4	A	9/9	contiguous	41367	1	1	103017..103508-;163;TraS;0
NZ_CP080164.1	MPF_F	IncFII	130	0	0	GA	0															not_admitted	not_admitted	not_admitted	not_admitted	not_admitted	not_admitted	not_admitted	not_admitted	not_admitted	not_admitted	1	25;19267;20259;+;369.3	36;26309;27682;+;381.0	31;23976;24719;+;233.3	22;15631;18258;+;303.5	37;27679;30504;+;386.0	16;12045;13472;+;94.3	22;15631;18258;+;98.5	14;10764;11330;+;183.8	28;21256;21894;+;68.6	29;21891;23699;+;268.0	40;32008;34215;+;391.7	20;14600;15115;+;77.3	40;32008;34215;+;70.3	A	9/9	contiguous	21244	1	1	30501..31010+;169;unnamed;0
NZ_CP080165.1	MPF_F	IncFIA;IncFIB(AP001918);IncFIC(FII)	191	1	1	GA	1	129;125560;126069;+;78.1	73;73771;74064;+;28.7	74;74114;74431;+;63.3	75;74431;77031;+;111.8	75;74431;77031;+;76.8	76;77049;77762;+;97.1	78;78013;79053;+;153.6		79;79272;79970;+;131.9	80;79981;80865;+;159.0	81;80865;82025;+;154.9	82;82067;83062;+;81.2	98;99847;102000;-;31.0	111;110955;112763;-;268.4	pfam	both	A	7/7	canonical	1	0	unscoreable	30	0	1	113;113407;114399;-;369.3	102;106348;107721;-;378.0	109;109935;110678;-;234.5	116;115408;118035;-;305.4	101;103529;106351;-;389.5	81;80865;82025;+;154.9	116;115408;118035;-;98.5	124;122232;122798;-;183.8	112;112760;113398;-;68.4	111;110955;112763;-;268.4	98;99847;102000;-;391.9	118;118551;119066;-;78.4	98;99847;102000;-;70.4	A	9/9	contiguous	41367	1	1	103016..103507-;163;TraS;0
NZ_CP080173.1	MPF_F	IncFIA;IncFIB(AP001918);IncFIC(FII)	173	0	0	GA	0															not_admitted	not_admitted	not_admitted	not_admitted	not_admitted	not_admitted	not_admitted	not_admitted	not_admitted	not_admitted	1	98;104002;104994;-;369.3	87;96943;98316;-;378.0	94;100530;101273;-;234.5	101;106003;108630;-;305.4	86;94133;96946;-;389.5	107;110685;112112;-;94.3	101;106003;108630;-;98.5	109;112827;113393;-;183.8	97;103355;103993;-;68.4	96;101550;103358;-;268.4	81;89665;91818;-;391.9	103;109146;109661;-;78.4	81;89665;91818;-;70.4	A	9/9	contiguous	23162	1	1	93824..94099-;91;unnamed;0
NZ_CP080175.1	MPF_F	IncFII	113	0	0	GA	0															not_admitted	not_admitted	not_admitted	not_admitted	not_admitted	not_admitted	not_admitted	not_admitted	not_admitted	not_admitted	1	79;81242;82234;-;369.3	68;73819;75192;-;381.0	73;76782;77525;-;233.3	82;83243;85870;-;303.5	67;70997;73822;-;386.0	88;88029;89456;-;94.3	82;83243;85870;-;98.5	90;90171;90737;-;183.8	76;79607;80245;-;68.6	75;77802;79610;-;268.0	64;67286;69493;-;391.7	84;86386;86901;-;77.3	64;67286;69493;-;70.3	A	9/9	contiguous	22885	1	1	70491..71000-;169;unnamed;0
NZ_CP080224.1	MPF_F	IncHI2;IncHI2A	237	0	0	GA	0															not_admitted	not_admitted	not_admitted	not_admitted	not_admitted	not_admitted	not_admitted	not_admitted	not_admitted	not_admitted	1	29;32559;33617;+;276.9	169;164123;165538;-;194.1	170;165528;166574;-;174.3	13;10305;12986;+;168.0	168;160161;164114;-;101.6	9;6620;7975;+;80.7	13;10305;12986;+;72.2	6;4108;4896;+;74.8	27;30906;32417;+;62.0	30;33636;36824;+;57.3	177;173616;175700;+;56.8	12;9346;10296;+;46.1	177;173616;175700;+;38.8	A	9/9	split_3	169508	1	1	158691..159980-;429;unnamed;0
NZ_CP080226.1	MPF_F	IncFII(pCoo)	103	0	0	GA	0															not_admitted	not_admitted	not_admitted	not_admitted	not_admitted	not_admitted	not_admitted	not_admitted	not_admitted	not_admitted	1	77;55967;56959;+;369.3	89;63357;64730;+;376.8	83;60679;61422;+;231.7	74;52331;54958;+;306.8	90;64727;67549;+;389.2	68;48857;50284;+;94.3	74;52331;54958;+;98.5	66;47576;48142;+;183.8	80;57956;58594;+;68.6	81;58591;60399;+;268.3	94;69821;72073;+;391.7	72;51300;51815;+;78.4	94;69821;72073;+;70.3	A	9/9	contiguous	22245	1	1	67570..68067+;165;TraS;0
NZ_CP080227.1	MPF_F	IncFII(pSE11)	107	0	0	GA	0															not_admitted	not_admitted	not_admitted	not_admitted	not_admitted	not_admitted	not_admitted	not_admitted	not_admitted	not_admitted	1	103;79442;80581;+;349.6			101;77826;78299;+;74.4		95;74487;75914;+;94.3	102;78299;79324;+;101.9	93;73206;73772;+;183.8			102;78299;79324;+;27.8	98;76795;77310;+;77.4		D	4/9	contiguous	6236	0	0	
NZ_CP080228.1	MPF_F	IncFII(pCoo);IncX1	106	0	0	GA	0															not_admitted	not_admitted	not_admitted	not_admitted	not_admitted	not_admitted	not_admitted	not_admitted	not_admitted	not_admitted	1			99;82497;83039;+;36.6	97;81234;82232;+;196.4				94;79487;80053;+;183.8						D	3/9	contiguous	3010	0	0	
NZ_CP080236.1	MPF_F	IncFII(pCoo)	106	0	0	GA	0															not_admitted	not_admitted	not_admitted	not_admitted	not_admitted	not_admitted	not_admitted	not_admitted	not_admitted	not_admitted	1	80;59748;60740;+;369.3	92;66718;68091;+;376.8	86;64040;64783;+;235.0	77;56112;58739;+;306.8	93;68088;70910;+;389.2	71;52533;53960;+;94.3	77;56112;58739;+;98.5	69;51252;51818;+;183.8	83;61737;62375;+;68.6	84;62372;63763;+;261.6	97;73182;74486;+;229.5	75;55081;55596;+;78.4		A	9/9	contiguous	21930	1	1	70931..71428+;165;TraS;0
NZ_CP080240.1	-	-	109	0	0	GA	1	68;58884;59399;+;56.5	43;37229;37558;+;69.5	44;37570;37875;+;35.1	45;37911;40322;+;59.8	45;37911;40322;+;89.0	46;40319;41080;+;36.1	48;42056;43372;+;94.6		49;43385;44050;+;142.5	51;44447;45325;+;162.5	53;45737;46954;+;195.0	58;51020;52642;+;166.0	75;63294;65228;+;39.6		conjscan	conjscan_only	A	7/7	canonical	1	0	unscoreable	22	0	0														not_admitted	not_admitted	not_admitted	not_admitted	not_admitted	not_admitted	not_admitted
NZ_CP080242.1	-	-	741	0	0	GA	0															not_admitted	not_admitted	not_admitted	not_admitted	not_admitted	not_admitted	not_admitted	not_admitted	not_admitted	not_admitted	1	624;701281;702312;+;372.2	630;706606;708237;+;363.7	629;705736;706578;+;232.3	615;695598;698153;+;431.1	631;708296;711130;+;386.2	611;692014;693453;+;98.3	615;695598;698153;+;120.2	609;690635;691204;+;183.5	625;702312;703100;+;109.1	627;703678;705363;+;244.8	636;718791;721607;-;433.8		636;718791;721607;-;59.1	B	8/9	contiguous	28156	1	1	711835..712605+;256;unnamed;0
NZ_CP080245.1	-	-	279	0	0	GA	0															not_admitted	not_admitted	not_admitted	not_admitted	not_admitted	not_admitted	not_admitted	not_admitted	not_admitted	not_admitted	1	41;40173;41207;+;371.1	49;46291;47931;+;357.3	47;45118;45993;+;227.4	32;34496;37051;+;435.7	50;47976;50864;+;385.7	29;30700;32166;+;98.7	32;34496;37051;+;126.0	27;29321;29890;+;188.2	42;41207;41995;+;104.6	45;43055;44743;+;246.8	71;74898;77747;-;437.3		71;74898;77747;-;59.1	B	8/9	split_2	45577	0	1	
NZ_CP080256.1	MPF_F	IncFIB(AP001918);IncFII(pCoo)	161	0	0	GA	0															not_admitted	not_admitted	not_admitted	not_admitted	not_admitted	not_admitted	not_admitted	not_admitted	not_admitted	not_admitted	1	23;18516;19508;+;370.2	31;24204;25577;+;380.4	27;22240;22983;+;233.3	20;14880;17507;+;303.5	32;25574;28396;+;386.8	16;11541;12968;+;94.3	20;14880;17507;+;100.3	14;10260;10826;+;183.8	24;19517;20155;+;68.3	25;20152;21960;+;268.2	35;29930;32173;+;391.7	19;13849;14364;+;78.0	101;103947;105782;+;90.1	A	9/9	split_2	93687	1	1	28417..28914+;165;TraS;0
NZ_CP080259.1	MPF_T	IncN	81	0	0	GA	1	54;46173;46907;-;32.5	52;45580;45873;-;28.7	51;45213;45530;-;63.3	50;42613;45213;-;111.8	50;42613;45213;-;76.8	49;41882;42595;-;97.1	47;40591;41631;-;153.6		46;39674;40372;-;131.9	45;38779;39663;-;159.0	44;37619;38779;-;154.9	43;36582;37577;-;81.2	39;30484;32013;+;38.5		pfam	both	A	7/7	canonical	1	0	unscoreable	5	0	0														not_admitted	not_admitted	not_admitted	not_admitted	not_admitted	not_admitted	not_admitted
NZ_CP080263.1	MPF_F	IncFIB(AP001918);IncFII	141	0	0	GA	0															not_admitted	not_admitted	not_admitted	not_admitted	not_admitted	not_admitted	not_admitted	not_admitted	not_admitted	not_admitted	1	24;16452;17444;+;369.3	33;22503;23879;+;379.7	28;20173;20916;+;233.3	21;12813;15443;+;306.8	34;23876;26698;+;389.2	13;8348;9775;+;94.1	21;12813;15443;+;98.5	11;7067;7633;+;183.8	25;17453;18091;+;64.0	26;18088;19896;+;268.0	37;28232;30430;+;391.7	16;10659;11174;+;76.4	37;28232;30430;+;70.3	A	9/9	contiguous	21165	1	1	26719..27216+;165;TraS;0
NZ_CP080264.1	MPF_F	IncC	138	0	0	GA	0															not_admitted	not_admitted	not_admitted	not_admitted	not_admitted	not_admitted	not_admitted	not_admitted	not_admitted	not_admitted	1		117;92730;94163;-;339.2	118;94165;95193;-;221.7	13;11264;13723;-;354.2	116;89103;92717;-;375.3	22;25718;27034;-;135.0	13;11264;13723;-;124.9	24;27932;28558;-;92.1			33;32368;34233;-;47.4	21;25143;25721;-;100.2	33;32368;34233;-;52.0	C	6/9	split_2	82901	0	0	
NZ_CP080307.1	MPF_T	IncX4	46	0	0	GA	1	14;12464;13084;-;41.6	13;12124;12450;-;64.4	12;9358;12105;-;63.8	12;9358;12105;-;151.7	12;9358;12105;-;46.1	11;8630;9346;-;94.2	10;7524;8618;-;150.1		8;6323;7009;-;169.0	7;5418;6326;-;142.4	6;4307;5425;-;163.9	5;3277;4305;-;85.0	4;1428;3245;-;316.5		pfam	pfam_only	A	7/7	canonical	1	1	unscoreable	1	0	0														not_admitted	not_admitted	not_admitted	not_admitted	not_admitted	not_admitted	not_admitted
NZ_CP080313.1	MPF_T	IncX4	45	0	0	GA	1	33;19456;20076;+;41.6	34;20090;20416;+;64.4	35;20435;23182;+;63.8	35;20435;23182;+;151.7	35;20435;23182;+;46.1	36;23194;23910;+;94.2	37;23922;25016;+;150.1		39;25531;26217;+;169.0	40;26214;27122;+;142.4	41;27115;28233;+;163.9	42;28235;29263;+;85.0	43;29295;31112;+;316.5		pfam	pfam_only	A	7/7	canonical	1	1	unscoreable	1	0	0														not_admitted	not_admitted	not_admitted	not_admitted	not_admitted	not_admitted	not_admitted
NZ_CP080351.1	MPF_F	IncFIB(K);IncFII(K);IncFII(pAR0022)	197	0	0	GA	0															not_admitted	not_admitted	not_admitted	not_admitted	not_admitted	not_admitted	not_admitted	not_admitted	not_admitted	not_admitted	1	67;58155;59144;+;366.6	77;64691;66058;+;384.1	73;62681;63433;+;233.7	63;54059;56698;+;258.5	78;66058;68880;+;346.4	56;49807;51231;+;88.1	63;54059;56698;+;88.7	54;48514;49080;+;169.3	68;59157;59795;+;66.9	69;59854;61809;+;259.4	82;71496;73808;+;393.1	57;51304;51888;+;54.3	82;71496;73808;+;66.6	A	9/9	contiguous	22982	1	1	68903..69505+;200;TraS;0
NZ_CP080352.1	MPF_F	IncFIB(pNDM-Mar);IncHI1B(pNDM-MAR)	309	0	0	GA	0															not_admitted	not_admitted	not_admitted	not_admitted	not_admitted	not_admitted	not_admitted	not_admitted	not_admitted	not_admitted	1	80;70885;71922;-;282.3	258;237943;239352;+;190.4	257;236916;237953;+;177.5	92;82754;85471;-;149.6	259;239354;243268;+;120.2	96;87584;88954;-;65.6	92;82754;85471;-;85.2	99;90600;91460;-;79.0	81;71919;73280;-;69.9	79;67693;70875;-;60.1	250;227591;229717;-;57.7	93;85516;86253;-;56.9	250;227591;229717;-;41.0	A	9/9	split_2	171661	0	1	
NZ_CP080359.1	MPF_F	IncFII(K);IncR	166	0	0	GA	0															not_admitted	not_admitted	not_admitted	not_admitted	not_admitted	not_admitted	not_admitted	not_admitted	not_admitted	not_admitted	1	134;104419;105408;+;366.0	146;111676;113046;+;380.7	142;109722;110474;+;230.7	130;100337;102976;+;258.5	147;113046;115889;+;346.4	122;95654;97078;+;89.2	130;100337;102976;+;88.7	120;94361;94927;+;169.3	135;105421;106059;+;67.0	136;106118;108073;+;258.0	151;118474;120786;+;392.8	123;97192;97776;+;55.4	151;118474;120786;+;65.8	A	9/9	contiguous	24113	1	1	115900..116424+;174;unnamed;0
NZ_CP080361.1	MPF_T	IncX3	51	0	0	GA	1	38;25459;26103;+;46.4	39;26087;26377;+;73.1	40;26402;29155;+;47.0	40;26402;29155;+;142.4	40;26402;29155;+;73.3	41;29165;29935;+;60.1	43;30214;31269;+;132.8		44;31464;32192;+;119.4	45;32198;33127;+;138.8	46;33124;34338;+;128.3	48;34534;35568;+;65.7	49;35571;37406;+;495.9		pfam	pfam_only	A	7/7	canonical	1	1	unscoreable	2	0	0														not_admitted	not_admitted	not_admitted	not_admitted	not_admitted	not_admitted	not_admitted
NZ_CP080363.1	MPF_F	IncFIB(K);IncFII(K);IncFII(pAR0022)	210	0	0	GA	0															not_admitted	not_admitted	not_admitted	not_admitted	not_admitted	not_admitted	not_admitted	not_admitted	not_admitted	not_admitted	1	120;121232;122221;-;366.6	110;114318;115685;-;384.1	114;116943;117695;-;233.7	124;123678;126317;-;258.5	109;111496;114318;-;346.4	134;130221;131645;-;89.5	124;123678;126317;-;88.7	136;132372;132938;-;167.0	119;120581;121219;-;66.9	118;118567;120522;-;259.4	105;106571;108880;-;393.1	132;129025;129609;-;53.8	105;106571;108880;-;66.6	A	9/9	contiguous	25801	1	1	110871..111473-;200;TraS;0
NZ_CP080366.1	-	IncFII(Yp);IncFII(pAR0022)	93	0	0	GA	0															not_admitted	not_admitted	not_admitted	not_admitted	not_admitted	not_admitted	not_admitted	not_admitted	not_admitted	not_admitted	1	75;63737;64732;+;369.5	82;69252;70619;+;352.7	78;67200;68006;+;204.7	70;59429;62044;+;236.0	83;70619;73507;+;317.3	66;56756;58114;+;94.4	70;59429;62044;+;120.2	64;55434;56003;+;107.8	76;64751;65377;+;65.3	77;65374;67203;+;244.0	86;74538;76727;+;366.9	69;58839;59426;+;52.5	86;74538;76727;+;62.7	A	9/9	contiguous	19104	1	1	73504..74115+;203;unnamed;0
NZ_CP080367.1	MPF_T	ColKP3;IncX3	65	0	0	GA	1	37;30025;30669;-;46.4	36;29751;30041;-;73.1	35;26973;29726;-;47.0	35;26973;29726;-;142.4	35;26973;29726;-;73.3	34;26193;26963;-;60.1	32;24859;25914;-;132.8		31;23936;24664;-;119.4	30;23001;23930;-;138.8	29;21790;23004;-;128.3	27;20560;21594;-;65.7	26;18722;20557;-;495.9		pfam	pfam_only	A	7/7	canonical	1	1	unscoreable	2	0	0														not_admitted	not_admitted	not_admitted	not_admitted	not_admitted	not_admitted	not_admitted
NZ_CP080371.1	MPF_F	IncFII	108	0	0	GA	0															not_admitted	not_admitted	not_admitted	not_admitted	not_admitted	not_admitted	not_admitted	not_admitted	not_admitted	not_admitted	1	83;74103;75095;+;369.3	94;81145;82518;+;381.0	89;78812;79555;+;233.3	80;71178;73094;+;144.1	95;82515;85340;+;386.0	74;67506;68933;+;94.3	80;71178;73094;+;99.5	72;66225;66791;+;183.8	86;76092;76730;+;68.6	87;76727;78535;+;267.9	98;86844;89051;+;391.7	78;70061;70576;+;77.3	98;86844;89051;+;70.3	A	9/9	contiguous	20619	1	1	85337..85846+;169;unnamed;0
NZ_CP080389.1	MPF_T	-	287	0	0	GA	1		284;299476;299859;-;73.5	283;299184;299483;-;64.3	282;296718;299174;-;178.4	282;296718;299174;-;120.9	281;295943;296746;-;46.6	279;294590;295732;-;111.4		278;293903;294565;-;129.9	277;293073;293885;-;188.1	275;291318;292619;-;218.4	285;299849;300826;-;131.5	252;265620;267575;-;546.3		conjscan	conjscan_only	A	7/7	canonical	1	0	unscoreable	3	0	0														not_admitted	not_admitted	not_admitted	not_admitted	not_admitted	not_admitted	not_admitted
NZ_CP080390.1	MPF_T	-	181	0	0	GA	1	31;33017;33739;+;53.4	178;199979;200362;-;71.1	33;34101;34427;+;71.6	34;34427;36796;+;199.5	176;197220;199676;-;122.3	175;196445;197248;-;46.2	173;195073;196254;-;114.0		37;38617;39330;+;163.3	171;193561;194373;-;187.2	169;191813;193105;-;218.1	179;200352;201329;-;130.9	159;181320;183323;-;543.4		conjscan	conjscan_only	A	7/7	uncallable	0	0	unscoreable	21	0	0														not_admitted	not_admitted	not_admitted	not_admitted	not_admitted	not_admitted	not_admitted
NZ_CP080423.1	MPF_F	IncC	241	0	0	GA	0															not_admitted	not_admitted	not_admitted	not_admitted	not_admitted	not_admitted	not_admitted	not_admitted	not_admitted	not_admitted	1		230;203194;204624;+;321.7	229;202164;203192;+;221.7	110;81209;83656;+;355.4	231;204637;208251;+;375.3	105;72382;73698;+;135.0	110;81209;83656;+;128.6	103;70858;71484;+;92.1			94;65183;67048;+;47.4	106;73695;74273;+;100.2	94;65183;67048;+;52.0	C	6/9	split_2	139454	0	0	
NZ_CP080424.1	MPF_F	IncC	241	0	0	GA	0															not_admitted	not_admitted	not_admitted	not_admitted	not_admitted	not_admitted	not_admitted	not_admitted	not_admitted	not_admitted	1		230;203182;204615;+;339.2	229;202152;203180;+;221.7	110;81211;83658;+;355.4	231;204628;208242;+;375.3	105;72384;73700;+;135.0	110;81211;83658;+;128.6	103;70860;71486;+;92.1			94;65185;67050;+;47.4	106;73697;74275;+;100.2	94;65185;67050;+;52.0	C	6/9	split_2	139443	0	0	
NZ_CP080425.1	MPF_F	IncC	233	0	0	GA	0															not_admitted	not_admitted	not_admitted	not_admitted	not_admitted	not_admitted	not_admitted	not_admitted	not_admitted	not_admitted	1		222;198776;199777;+;161.5	220;197317;198345;+;221.7	107;79240;81687;+;355.4	223;199790;203404;+;375.3	102;70413;71729;+;135.0	107;79240;81687;+;128.6	100;68889;69515;+;92.1			91;63214;65079;+;47.4	103;71726;72304;+;100.2	91;63214;65079;+;52.0	C	6/9	split_2	136576	0	0	
NZ_CP080426.1	MPF_F	IncC	244	0	0	GA	0															not_admitted	not_admitted	not_admitted	not_admitted	not_admitted	not_admitted	not_admitted	not_admitted	not_admitted	not_admitted	1		232;201593;202540;+;132.4	229;200079;201107;+;221.7	109;79128;81575;+;355.4	233;202553;206167;+;375.3	104;70301;71617;+;135.0	109;79128;81575;+;128.6	102;68777;69403;+;92.1			92;63220;64845;+;30.7	105;71614;72192;+;100.2	92;63220;64845;+;28.4	C	6/9	split_2	139333	0	0	
NZ_CP080427.1	MPF_F	IncC	241	0	0	GA	0															not_admitted	not_admitted	not_admitted	not_admitted	not_admitted	not_admitted	not_admitted	not_admitted	not_admitted	not_admitted	1		230;203516;204517;+;161.5	228;202058;203086;+;221.7	110;81207;83654;+;355.4	231;204530;208144;+;375.3	105;72380;73696;+;135.0	110;81207;83654;+;128.6	103;70856;71482;+;92.1			94;65181;67046;+;47.4	106;73693;74271;+;100.2	94;65181;67046;+;52.0	C	6/9	split_2	139349	0	0	
NZ_CP080428.1	MPF_F	IncC	239	0	0	GA	0															not_admitted	not_admitted	not_admitted	not_admitted	not_admitted	not_admitted	not_admitted	not_admitted	not_admitted	not_admitted	1		228;201105;202538;+;339.2	227;200075;201103;+;221.7	108;79250;81697;+;355.4	229;202551;206165;+;375.3	103;70423;71739;+;135.0	108;79250;81697;+;128.6	101;68899;69525;+;92.1			92;63224;65089;+;47.4	104;71736;72314;+;100.2	92;63224;65089;+;52.0	C	6/9	split_2	139327	0	0	
NZ_CP080471.1	MPF_F	IncHI2;IncHI2A	304	0	0	GA	0															not_admitted	not_admitted	not_admitted	not_admitted	not_admitted	not_admitted	not_admitted	not_admitted	not_admitted	not_admitted	1	29;32275;33333;+;276.9	207;187507;188922;-;194.1	208;188912;189958;-;173.7	11;8955;11636;+;168.0	206;183548;187498;-;101.6	7;5270;6625;+;80.7	11;8955;11636;+;72.2	4;2758;3546;+;74.9	27;30622;32133;+;62.7	30;33352;36540;+;58.3	214;196999;199083;+;56.7	10;7996;8946;+;46.4	214;196999;199083;+;38.8	A	9/9	split_3	194241	0	1	
NZ_CP080473.1	MPF_T	IncX3	67	0	0	GA	1	38;34305;34949;-;46.4	37;34031;34321;-;73.1	36;31253;34006;-;47.0	36;31253;34006;-;142.4	36;31253;34006;-;73.3	35;30473;31243;-;60.1	33;29139;30194;-;133.2		32;28216;28944;-;119.4	31;27281;28210;-;138.8	30;26070;27284;-;128.3	28;24840;25874;-;65.7	27;23002;24837;-;495.9		pfam	pfam_only	A	7/7	canonical	1	1	unscoreable	2	0	0														not_admitted	not_admitted	not_admitted	not_admitted	not_admitted	not_admitted	not_admitted
NZ_CP080480.1	MPF_F	-	218	0	0	GA	0															not_admitted	not_admitted	not_admitted	not_admitted	not_admitted	not_admitted	not_admitted	not_admitted	not_admitted	not_admitted	1	88;77310;78317;-;329.4	195;170344;171783;-;325.0	196;171785;172819;-;208.0	93;81096;83546;-;315.0	194;166699;170337;-;345.7	99;91437;92786;-;124.9	93;81096;83546;-;134.6	101;93730;94359;-;86.9	90;79015;80283;-;65.4	87;74334;77114;-;142.3	107;96705;98573;-;44.9	98;90889;91380;-;85.4	107;96705;98573;-;48.3	A	9/9	split_2	97451	0	1	
NZ_CP080481.1	-	-	93	0	0	GA	1	87;88678;89193;+;49.5	62;66358;66687;+;63.4	63;66698;67012;+;30.4	64;67053;69467;+;53.2	64;67053;69467;+;99.0	65;69464;70222;+;35.6	67;71177;72487;+;96.1		69;72718;73392;+;143.9	70;73401;74273;+;159.7	72;74688;75944;+;191.1	77;80114;81736;+;175.5	0;1;1962;+;40.1		conjscan	conjscan_only	A	7/7	canonical	1	0	unscoreable	16	0	0														not_admitted	not_admitted	not_admitted	not_admitted	not_admitted	not_admitted	not_admitted
NZ_CP080514.1	MPF_F	IncHI2;IncHI2A	371	1	1	GA	1	294;283321;283860;-;23.7	339;326410;326796;+;85.3	340;326793;327062;+;32.5	341;327075;329525;+;37.9	341;327075;329525;+;125.4	342;329522;330265;+;226.6	344;330601;331968;+;177.3		345;331987;332691;+;235.9	346;332688;333680;+;223.0	347;333683;334963;+;208.0	338;325343;326413;+;118.3	336;322876;324873;+;333.6	167;161869;165057;-;58.3	conjscan	conjscan_only	A	7/7	canonical	1	0	unscoreable	3	0	1	168;165076;166134;-;276.9	289;275483;276898;+;194.1	288;274447;275493;+;173.7	187;186773;189454;-;168.0	290;276907;280857;+;101.6	347;333683;334963;+;208.0	187;186773;189454;-;72.2	194;194863;195651;-;74.8	170;166276;167787;-;62.7	167;161869;165057;-;58.3	336;322876;324873;+;103.8	188;189463;190413;-;46.4	336;322876;324873;+;99.0	A	9/9	split_4	171814	0	1	
NZ_CP080523.1	-	-	768	0	0	GA	1	313;298103;298564;+;74.5	314;298577;298891;+;75.6	315;298895;299188;+;59.1	316;299185;301587;+;121.2	316;299185;301587;+;99.2	318;302738;303472;+;32.0	319;303656;304699;+;107.5		320;304780;305487;+;209.2	321;305484;306281;+;187.8	322;306281;307744;+;197.3	323;307741;308766;+;137.0	324;308780;310927;+;285.3		pfam	pfam_only	A	7/7	canonical	1	0	unscoreable	0	0	0														not_admitted	not_admitted	not_admitted	not_admitted	not_admitted	not_admitted	not_admitted
NZ_CP080526.1	-	-	353	0	0	GA	1	148;154412;155017;-;72.2	147;154085;154399;-;75.0	146;153788;154081;-;59.1	145;151389;153791;-;124.7	145;151389;153791;-;99.1	143;149504;150238;-;33.8	142;148277;149320;-;107.6		141;147488;148207;-;207.9	140;146694;147491;-;187.4	139;145231;146694;-;194.0	138;144209;145234;-;138.0	137;142050;144197;-;283.7		pfam	both	A	7/7	canonical	1	0	unscoreable	0	0	0														not_admitted	not_admitted	not_admitted	not_admitted	not_admitted	not_admitted	not_admitted
NZ_CP080527.1	MPF_T	-	336	0	0	GA	1	47;61064;61921;-;80.3	46;60743;61051;-;77.1	45;60429;60737;-;66.3	44;58015;60291;-;116.3	44;58015;60291;-;84.5	42;56397;57110;-;30.6	40;55100;56170;-;144.5		39;54356;55087;-;187.2	38;53523;54359;-;185.7	37;52184;53539;-;210.7	36;51172;52218;-;114.5	35;48867;51194;-;275.2		pfam	pfam_only	A	7/7	canonical	1	0	unscoreable	3	0	0														not_admitted	not_admitted	not_admitted	not_admitted	not_admitted	not_admitted	not_admitted
NZ_CP080528.1	MPF_T	-	1015	0	0	GA	1	455;445825;446583;-;66.3	454;445502;445813;-;80.8	453;445195;445491;-;83.9	452;442774;445185;-;122.5	452;442774;445185;-;103.4	450;441152;441871;-;32.0	447;439567;440703;-;145.2		446;438851;439570;-;201.2	445;438039;438854;-;191.6	444;436677;438032;-;194.1	443;435659;436714;-;121.0	442;433540;435681;-;267.8		pfam	pfam_only	A	7/7	canonical	1	0	unscoreable	3	0	0														not_admitted	not_admitted	not_admitted	not_admitted	not_admitted	not_admitted	not_admitted
NZ_CP080540.1	MPF_F	IncHI2;IncHI2A	385	0	0	GA	0															not_admitted	not_admitted	not_admitted	not_admitted	not_admitted	not_admitted	not_admitted	not_admitted	not_admitted	not_admitted	1	45;52865;53923;+;276.9	265;244573;245988;-;194.1	266;245978;247024;-;173.7	11;8955;11636;+;168.0	264;240614;244564;-;101.6	7;5270;6625;+;80.7	11;8955;11636;+;72.2	4;2758;3546;+;74.8	43;51212;52723;+;62.7	46;53942;57130;+;58.3	272;254065;256149;+;56.7	10;7996;8946;+;46.4	272;254065;256149;+;38.8	A	9/9	split_3	251307	0	1	
NZ_CP080541.1	MPF_F	IncC	212	0	0	GA	0															not_admitted	not_admitted	not_admitted	not_admitted	not_admitted	not_admitted	not_admitted	not_admitted	not_admitted	not_admitted	1	89;69065;70072;+;332.9	201;166898;168331;+;339.2	200;165868;166896;+;221.7	84;63866;66313;+;354.2	202;168344;171958;+;375.3	76;54353;55669;+;135.0	84;63866;66313;+;128.6	74;52829;53455;+;92.1	87;67135;68400;+;67.6	90;70188;72983;+;145.3	65;47154;49019;+;47.4	77;55666;56244;+;100.2	65;47154;49019;+;52.0	A	9/9	split_2	121190	0	1	
NZ_CP080588.1	MPF_T	-	60	0	0	GA	1	11;10288;11196;-;40.2	22;20048;20425;-;71.2	21;19752;20051;-;50.8	20;17096;19765;-;64.4	20;17096;19765;-;81.9	19;16434;17093;-;69.5	16;14916;15782;-;141.1		15;14245;14919;-;92.2	14;13438;14220;-;201.0	13;12216;13436;-;171.7	12;11183;12205;-;92.0	6;4366;5940;+;70.4		pfam	both	A	7/7	canonical	1	0	unscoreable	6	0	0														not_admitted	not_admitted	not_admitted	not_admitted	not_admitted	not_admitted	not_admitted
NZ_CP080762.1	-	-	60	0	0	GA	1	3;2508;3224;-;61.6	18;19852;20175;+;57.6	19;20227;20487;+;28.9	20;20491;22950;+;87.3	20;20491;22950;+;95.1	21;22965;23678;+;67.3	23;24016;26028;+;103.3		24;26121;26813;+;144.9	25;26835;27935;+;174.2	26;27942;29357;+;206.8	17;18759;19865;+;98.7	9;8088;10613;-;374.4		conjscan	conjscan_only	A	7/7	canonical	1	0	unscoreable	14	0	0														not_admitted	not_admitted	not_admitted	not_admitted	not_admitted	not_admitted	not_admitted
NZ_CP081002.1	MPF_F	-	1087	0	0	GA	0															not_admitted	not_admitted	not_admitted	not_admitted	not_admitted	not_admitted	not_admitted	not_admitted	not_admitted	not_admitted	1	742;867126;868139;-;324.2	734;858173;859594;-;291.7	737;861515;862366;-;178.6	746;869314;871833;-;216.0	733;854430;858158;-;153.9	748;872498;873898;-;95.7	746;869314;871833;-;116.5	750;874652;875287;-;86.0	739;862934;863767;-;103.5	740;863739;864830;-;92.9	1034;1182674;1184680;+;417.7	747;871830;872465;-;125.0	1034;1182674;1184680;+;82.7	A	9/9	split_2	328244	1	1	853429..854022-;197;unnamed;0
NZ_CP081004.1	MPF_T	-	68	0	0	GA	1	67;49452;50117;+;29.2	0;61;327;+;73.8	1;352;678;+;73.2	2;665;2434;+;165.1	2;665;2434;+;110.7	4;3065;3778;+;130.3	6;4131;5147;+;117.7		8;5488;6171;+;156.3	9;6168;7010;+;177.4	10;7012;8280;+;175.3	11;8277;9269;+;102.1	12;9247;11163;+;356.3		pfam	both	A	7/7	canonical	1	0	unscoreable	3	0	0														not_admitted	not_admitted	not_admitted	not_admitted	not_admitted	not_admitted	not_admitted
NZ_CP081040.1	-	-	161	0	0	GA	1	138;129768;130373;+;55.0	139;130385;130672;+;65.5	140;130706;131029;+;84.4	141;131029;133389;+;161.0	141;131029;133389;+;92.4	142;133386;134093;+;148.1	144;134339;135220;+;129.9		146;135463;136149;+;187.8	147;136146;136997;+;163.0	148;137000;138145;+;176.3	149;138150;139190;+;113.0	150;139187;141304;+;372.6		pfam	both	A	7/7	canonical	1	0	unscoreable	2	0	0														not_admitted	not_admitted	not_admitted	not_admitted	not_admitted	not_admitted	not_admitted
NZ_CP081057.1	-	-	138	0	0	GA	1	25;20331;20840;+;41.1	26;20854;21144;+;59.7	27;21150;21479;+;86.3	28;21479;23836;+;162.9	28;21479;23836;+;90.3	29;23833;24534;+;151.1	31;24810;25691;+;132.1		32;25915;26598;+;187.8	33;26595;27446;+;172.6	34;27446;28588;+;171.9	35;28593;29621;+;124.9	36;29618;31750;+;354.0		pfam	both	A	7/7	canonical	1	0	unscoreable	1	0	0														not_admitted	not_admitted	not_admitted	not_admitted	not_admitted	not_admitted	not_admitted
NZ_CP081071.1	MPF_T	-	133	0	0	GA	0															not_admitted	not_admitted	not_admitted	not_admitted	not_admitted	not_admitted	not_admitted	not_admitted	not_admitted	not_admitted	1	131;119684;120673;+;358.8	5;5272;6660;+;351.5	3;3154;3978;+;213.6	127;115696;118182;+;209.0	6;6664;9837;+;291.5	125;113809;115089;+;98.7	127;115696;118182;+;91.1	123;112533;113087;+;120.7		1;1458;2759;+;185.1	56;50757;53120;+;448.5	126;115086;115475;+;36.9	56;50757;53120;+;82.4	B	8/9	split_3	118226	0	1	
NZ_CP081094.1	-	-	182	0	0	GA	1	25;27066;27671;-;55.0	24;26767;27054;-;62.4	23;26410;26739;-;83.5	22;24050;26410;-;159.3	22;24050;26410;-;91.4	21;23331;24053;-;140.4	19;22148;23038;-;133.8		17;21220;21906;-;188.0	16;20378;21223;-;163.5	15;19230;20375;-;176.6	14;18184;19224;-;115.0	13;16070;18187;-;371.1		pfam	both	A	7/7	canonical	1	0	unscoreable	2	0	0														not_admitted	not_admitted	not_admitted	not_admitted	not_admitted	not_admitted	not_admitted
NZ_CP081097.1	-	-	65	0	0	GA	1	19;18119;18733;-;81.7	18;17817;18098;-;93.5	17;17424;17702;-;63.4	16;15047;17434;-;77.0	16;15047;17434;-;42.9	13;12980;13759;-;51.5	11;11536;12561;-;113.8		10;10873;11529;-;175.8	9;10147;10866;-;171.8	8;8735;10144;-;173.6	7;7758;8738;-;108.3	6;5857;7752;+;291.5		pfam	pfam_only	A	7/7	canonical	1	0	unscoreable	2	0	0														not_admitted	not_admitted	not_admitted	not_admitted	not_admitted	not_admitted	not_admitted
NZ_CP081125.1	MPF_T	-	101	0	0	GA	1	62;57170;58324;-;73.3	66;61122;61409;-;73.0	65;60831;61109;-;89.7	64;58478;60841;-;88.1	64;58478;60841;-;43.9	61;56343;57170;-;68.4	54;50911;51987;-;125.4		60;55678;56331;-;161.0	59;54982;55677;-;170.2	58;53594;54985;-;176.2	57;52601;53590;-;107.5	32;36570;38591;+;294.2		pfam	both	A	7/7	canonical	1	0	unscoreable	3	0	0														not_admitted	not_admitted	not_admitted	not_admitted	not_admitted	not_admitted	not_admitted
NZ_CP081157.1	-	-	133	0	0	GA	1	97;86167;87261;-;71.3	101;90105;90398;-;79.4	100;89771;90046;-;59.4	99;87415;89781;-;77.1	99;87415;89781;-;59.3	96;85344;86177;-;65.6	94;83834;84856;-;90.2		93;83176;83829;-;164.5	92;82448;83179;-;132.5	91;80932;82446;-;169.4	90;79925;80932;-;107.0	112;99446;101545;+;255.7		pfam	both	A	7/7	canonical	1	0	unscoreable	11	0	0														not_admitted	not_admitted	not_admitted	not_admitted	not_admitted	not_admitted	not_admitted
NZ_CP081171.1	MPF_T	-	124	0	0	GA	1	66;60130;61284;-;72.9	70;64074;64367;-;74.8	69;63803;64081;-;89.9	68;61438;63813;-;86.3	68;61438;63813;-;47.1	65;59321;60130;-;69.8	58;53896;54972;-;125.1		64;58650;59306;-;168.5	63;57953;58645;-;169.1	62;56577;57956;-;183.8	61;55586;56572;-;104.3	55;47046;49052;+;286.4		pfam	both	A	7/7	canonical	1	0	unscoreable	5	0	0														not_admitted	not_admitted	not_admitted	not_admitted	not_admitted	not_admitted	not_admitted
NZ_CP081190.2	MPF_F	IncFII(pCoo)	93	0	0	GA	0															not_admitted	not_admitted	not_admitted	not_admitted	not_admitted	not_admitted	not_admitted	not_admitted	not_admitted	not_admitted	1	71;60010;61002;+;369.3	82;67055;68428;+;380.7	77;64722;65465;+;233.3	68;56374;59001;+;306.8	83;68425;71250;+;376.7	62;52900;54327;+;94.3	68;56374;59001;+;98.5	60;51619;52185;+;183.8	74;61999;62637;+;68.2	75;62634;64442;+;268.3	87;73492;75699;+;391.7	66;55343;55858;+;78.4	87;73492;75699;+;70.3	A	9/9	contiguous	21873	1	1	71247..71756+;169;unnamed;0
NZ_CP081193.1	MPF_F	IncFIA;IncFIB(AP001918)	161	0	0	GA	0															not_admitted	not_admitted	not_admitted	not_admitted	not_admitted	not_admitted	not_admitted	not_admitted	not_admitted	not_admitted	1	93;100574;101533;-;337.5	82;93523;94896;-;380.9	89;97070;97813;-;235.0	96;102542;105169;-;305.4	81;90701;93526;-;385.2	102;107224;108651;-;94.3	96;102542;105169;-;98.5	104;109366;109932;-;183.8	92;99895;100533;-;68.4	91;98090;99898;-;265.6	78;87045;89198;-;391.9	98;105685;106200;-;78.4	78;87045;89198;-;70.4	A	9/9	contiguous	22321	1	1	90195..90704-;169;unnamed;0
NZ_CP081195.1	MPF_F	IncFII(pCoo)	93	0	0	GA	0															not_admitted	not_admitted	not_admitted	not_admitted	not_admitted	not_admitted	not_admitted	not_admitted	not_admitted	not_admitted	1	71;60016;61008;+;369.3	82;67061;68434;+;380.7	77;64728;65471;+;233.3	68;56380;59007;+;306.8	83;68431;71256;+;376.7	62;52906;54333;+;94.3	68;56380;59007;+;98.5	60;51625;52191;+;183.8	74;62005;62643;+;68.2	75;62640;64448;+;268.3	87;73498;75705;+;391.7	66;55349;55864;+;78.4	87;73498;75705;+;70.3	A	9/9	contiguous	21873	1	1	71253..71762+;169;unnamed;0
NZ_CP081196.1	MPF_T	IncI2(Delta)	85	0	0	GA	1	44;34441;34923;-;81.1	60;50952;51242;-;28.9	59;50561;50845;-;36.5	58;48198;50555;-;60.7	58;48198;50555;-;44.1	70;55989;56630;-;42.8	71;56636;57631;-;128.5		56;47298;48032;-;144.4	55;46531;47301;-;170.5	54;45402;46541;-;154.7	47;36691;38229;-;207.1	52;42306;44264;-;287.0		pfam	pfam_only	A	7/7	rearranged	1	0	unscoreable	15	1	0														not_admitted	not_admitted	not_admitted	not_admitted	not_admitted	not_admitted	not_admitted
NZ_CP081204.1	-	-	65	0	0	GA	1	29;29375;30082;-;33.5		27;28647;29045;-;24.9	26;26258;28693;-;72.0		24;25336;26004;-;50.0	22;24014;24979;-;118.8		21;22867;23682;-;140.8	20;22061;22870;-;146.3	19;20633;21985;-;140.0	18;19589;20623;-;62.1	15;16988;18547;-;264.0		pfam	pfam_only	A	7/7	canonical	1	0	unscoreable	5	0	0														not_admitted	not_admitted	not_admitted	not_admitted	not_admitted	not_admitted	not_admitted
NZ_CP081217.1	MPF_T	-	125	0	0	GA	1	105;107201;108355;-;72.9	109;111145;111438;-;75.2	108;110874;111152;-;89.9	107;108509;110884;-;86.3	107;108509;110884;-;47.1	104;106392;107201;-;69.8	97;100967;102043;-;125.1		103;105721;106377;-;168.5	102;105024;105716;-;169.1	101;103648;105027;-;183.9	100;102657;103643;-;104.2	88;88101;90107;+;286.4		pfam	both	A	7/7	canonical	1	0	unscoreable	3	0	0														not_admitted	not_admitted	not_admitted	not_admitted	not_admitted	not_admitted	not_admitted
NZ_CP081227.1	-	-	63	0	0	GA	1	24;20428;21117;-;85.0	23;20156;20440;-;67.9	22;19878;20156;-;50.9	21;17528;19885;-;106.6	21;17528;19885;-;36.7	19;16674;17405;-;120.7	17;15009;16193;-;111.3		16;14272;14946;-;196.3	15;13514;14275;-;184.8	14;12183;13517;-;173.5	13;11194;12186;-;114.4	12;9146;11128;+;363.9		pfam	both	A	7/7	canonical	1	0	unscoreable	2	0	0														not_admitted	not_admitted	not_admitted	not_admitted	not_admitted	not_admitted	not_admitted
NZ_CP081236.1	MPF_T	-	148	0	0	GA	1	133;133336;134490;-;73.1	137;137280;137573;-;74.8	136;137009;137287;-;89.9	135;134644;137019;-;86.4	135;134644;137019;-;47.0	132;132527;133336;-;69.8	125;127102;128178;-;125.1		131;131856;132512;-;168.5	130;131159;131851;-;169.1	129;129783;131162;-;183.9	128;128792;129778;-;104.3	85;85604;87610;+;286.4		pfam	both	A	7/7	canonical	1	0	unscoreable	3	0	0														not_admitted	not_admitted	not_admitted	not_admitted	not_admitted	not_admitted	not_admitted
NZ_CP081244.1	MPF_T	-	167	0	0	GA	1	116;126915;128069;+;67.1	112;123844;124137;+;76.0	113;124130;124408;+;91.2	114;124398;126761;+;86.3	114;124398;126761;+;44.0	117;128066;128878;+;70.5	124;133227;134303;+;124.8		118;128893;129549;+;170.3	119;129551;130246;+;171.7	120;130243;131622;+;182.4	121;131627;132613;+;104.3	131;142717;144696;-;288.2		pfam	both	A	7/7	canonical	1	0	unscoreable	9	0	0														not_admitted	not_admitted	not_admitted	not_admitted	not_admitted	not_admitted	not_admitted
NZ_CP081253.1	MPF_T	-	205	0	0	GA	1	29;22659;23813;-;67.1	33;26603;26896;-;74.8	32;26332;26610;-;89.9	31;23967;26342;-;80.1	31;23967;26342;-;47.0	28;21850;22662;-;70.9	181;180723;181799;-;125.1		187;185477;186133;-;170.8	186;184780;185475;-;171.7	24;19103;19969;-;181.9	22;18113;18673;-;105.8	167;166449;168443;+;288.2		pfam	both	A	7/7	rearranged	1	0	unscoreable	8	0	0														not_admitted	not_admitted	not_admitted	not_admitted	not_admitted	not_admitted	not_admitted
NZ_CP081258.1	MPF_T	-	169	0	0	GA	1	166;165890;167044;-;72.9	1;600;1061;-;65.1	1;600;1061;-;45.7	168;167198;168997;-;84.3	0;105;536;-;34.3	165;165081;165890;-;70.3	157;159655;160731;-;125.1		164;164410;165066;-;171.4	163;163712;164407;-;170.6	161;162336;162839;-;169.8	160;161345;162331;-;102.2	154;155710;157689;+;288.2		pfam	both	A	7/7	canonical	1	0	unscoreable	6	0	0														not_admitted	not_admitted	not_admitted	not_admitted	not_admitted	not_admitted	not_admitted
NZ_CP081267.1	MPF_T	-	116	0	0	GA	1	75;73513;74667;-;72.6	79;77457;77750;-;74.8	78;77186;77464;-;89.9	77;74821;77196;-;86.3	77;74821;77196;-;47.1	74;72704;73513;-;69.8	67;67279;68355;-;125.1		73;72033;72689;-;168.5	72;71336;72028;-;168.0	71;69960;71339;-;183.9	70;68969;69955;-;104.3	64;61235;63391;+;286.1		pfam	both	A	7/7	canonical	1	0	unscoreable	5	0	0														not_admitted	not_admitted	not_admitted	not_admitted	not_admitted	not_admitted	not_admitted
NZ_CP081276.1	MPF_T	-	130	0	0	GA	1	76;78309;79463;-;73.1	80;82253;82546;-;71.5	79;81982;82260;-;89.9	78;79617;81992;-;84.7	78;79617;81992;-;46.7	75;77500;78309;-;69.3	68;72075;73151;-;125.1		74;76829;77485;-;168.5	73;76132;76824;-;169.1	72;74756;76135;-;183.9	71;73765;74751;-;104.3	65;66250;68256;+;284.7		pfam	both	A	7/7	canonical	1	0	unscoreable	5	0	0														not_admitted	not_admitted	not_admitted	not_admitted	not_admitted	not_admitted	not_admitted
NZ_CP081288.1	-	-	68	0	0	GA	1	38;22761;23468;+;34.8	39;23449;23787;+;27.9	40;23798;24196;+;24.9	41;24150;26585;+;71.6		43;26839;27507;+;51.0	45;27864;28829;+;121.9		46;29161;29976;+;140.4	47;29973;30779;+;144.8	50;31311;32660;+;136.5	51;32670;33704;+;61.8	54;34746;36332;+;264.1		pfam	pfam_only	A	7/7	canonical	1	0	unscoreable	6	0	0														not_admitted	not_admitted	not_admitted	not_admitted	not_admitted	not_admitted	not_admitted
NZ_CP081309.1	MPF_T	ColKP3;IncX3	65	0	0	GA	1	20;12367;13011;+;46.4	21;12995;13285;+;73.1	22;13310;16063;+;47.0	22;13310;16063;+;142.4	22;13310;16063;+;73.3	23;16073;16843;+;60.1	25;17122;18177;+;132.8		26;18372;19100;+;119.4	27;19106;20035;+;138.8	28;20032;21246;+;128.3	30;21442;22476;+;65.7	31;22479;24314;+;495.9		pfam	pfam_only	A	7/7	canonical	1	1	unscoreable	2	0	0														not_admitted	not_admitted	not_admitted	not_admitted	not_admitted	not_admitted	not_admitted
NZ_CP081316.1	MPF_T	IncN2	97	0	0	GA	1	65;59878;60660;-;33.3	63;59335;59631;-;36.0	62;58978;59295;-;71.9	61;56404;58977;-;118.0	61;56404;58977;-;74.2	60;55675;56388;-;107.4	58;54369;55406;-;121.9	57;54161;54292;-;40.1	56;53455;54150;-;132.6	55;52557;53444;-;147.8	54;51424;52557;-;166.3	53;50372;51373;-;90.1	93;76413;77945;+;51.3		pfam	both	A	7/7	canonical	1	0	ga	2	0	0														not_admitted	not_admitted	not_admitted	not_admitted	not_admitted	not_admitted	not_admitted
NZ_CP081317.1	MPF_T	IncP1	69	0	0	GA	1		48;38992;39375;-;68.4	47;38663;38989;-;48.3	46;36123;38666;-;98.7	46;36123;38666;-;109.1	41;31877;32647;-;104.8	40;30133;31686;-;113.8		45;35419;36126;-;91.0	44;34513;35403;-;152.5	42;32660;34054;-;220.3	49;39489;40445;-;135.2	13;9948;11894;+;441.2		conjscan	conjscan_only	A	7/7	canonical	1	0	unscoreable	2	0	0														not_admitted	not_admitted	not_admitted	not_admitted	not_admitted	not_admitted	not_admitted
NZ_CP081318.1	MPF_T	IncX5	55	0	0	GA	1	3;2232;2876;+;36.9	4;2860;3150;+;69.0	5;3172;5931;+;42.6	5;3172;5931;+;132.2	5;3172;5931;+;70.5	6;5939;6688;+;54.3	8;6967;8022;+;132.0		9;8262;8990;+;120.9	10;8995;9924;+;134.2	11;9921;11132;+;136.9	12;11144;12187;+;64.1	13;12190;14025;+;504.8		pfam	pfam_only	A	7/7	canonical	1	1	unscoreable	1	0	0														not_admitted	not_admitted	not_admitted	not_admitted	not_admitted	not_admitted	not_admitted
NZ_CP081337.1	MPF_F	IncHI2;IncHI2A	171	0	0	GA	0															not_admitted	not_admitted	not_admitted	not_admitted	not_admitted	not_admitted	not_admitted	not_admitted	not_admitted	not_admitted	1	164;153523;154581;+;276.9			148;130771;133452;+;168.0		144;127086;128441;+;80.7	148;130771;133452;+;72.2	141;124574;125362;+;74.8	162;151870;153381;+;62.0	165;154600;157788;+;57.3		147;129812;130762;+;46.1		C	6/9	split_2	30026	0	1	
NZ_CP081339.1	MPF_T	IncI2(Delta)	79	0	0	GA	1	77;61146;61628;+;81.1	61;44875;45165;+;28.5	62;45272;45556;+;36.6	63;45562;47919;+;58.5	63;45562;47919;+;44.9	50;38491;39135;+;41.0	49;37490;38485;+;123.7		65;48085;48819;+;144.3	66;48816;49586;+;170.5	67;49576;50715;+;154.7	74;57840;59378;+;207.1	69;51805;53763;+;289.6		pfam	pfam_only	A	7/7	rearranged	1	0	unscoreable	16	0	0														not_admitted	not_admitted	not_admitted	not_admitted	not_admitted	not_admitted	not_admitted
NZ_CP081340.1	MPF_F	IncFIA(HI1);IncHI2;IncHI2A;IncR	348	0	0	GA	0															not_admitted	not_admitted	not_admitted	not_admitted	not_admitted	not_admitted	not_admitted	not_admitted	not_admitted	not_admitted	1	222;206650;207708;+;276.9	84;76152;77567;-;194.1	85;77557;78603;-;173.7	193;171050;173731;+;168.0	83;72193;76143;-;101.5	189;167365;168720;+;80.7	193;171050;173731;+;72.2	186;164853;165641;+;74.8	220;204997;206508;+;62.7	223;207727;210915;+;58.3	91;85644;87728;+;56.7	192;170091;171041;+;46.4	91;85644;87728;+;38.8	A	9/9	split_3	135534	0	1	
NZ_CP081352.1	MPF_T	IncN2	103	0	0	GA	1	71;65599;66381;-;33.3	69;65056;65352;-;36.0	68;64699;65016;-;71.9	67;62125;64698;-;118.0	67;62125;64698;-;74.2	66;61396;62109;-;107.4	64;60090;61127;-;121.9	63;59882;60013;-;40.1	62;59176;59871;-;132.6	61;58278;59165;-;147.8	60;57145;58278;-;166.3	59;56093;57094;-;90.1	99;82134;83666;+;51.3		pfam	both	A	7/7	canonical	1	0	ga	2	0	0														not_admitted	not_admitted	not_admitted	not_admitted	not_admitted	not_admitted	not_admitted
NZ_CP081353.1	MPF_T	IncP1	77	0	0	GA	1		48;38992;39375;-;68.4	47;38663;38989;-;48.3	46;36123;38666;-;98.7	46;36123;38666;-;109.1	41;31877;32647;-;104.8	40;30133;31686;-;113.8		45;35419;36126;-;91.0	44;34513;35403;-;152.5	42;32660;34054;-;220.3	49;39489;40445;-;135.2	13;9948;11894;+;441.2		conjscan	conjscan_only	A	7/7	canonical	1	0	unscoreable	2	0	0														not_admitted	not_admitted	not_admitted	not_admitted	not_admitted	not_admitted	not_admitted
NZ_CP081478.1	MPF_F	-	315	0	0	GA	0															not_admitted	not_admitted	not_admitted	not_admitted	not_admitted	not_admitted	not_admitted	not_admitted	not_admitted	not_admitted	1	239;173322;174374;+;327.9	247;179700;181103;+;304.3	246;178678;179703;+;233.9	236;169063;171528;+;314.6	248;181115;184333;+;355.9	231;158380;159699;+;128.8	236;169063;171528;+;132.2	229;156508;157149;+;90.0	238;172094;173335;+;71.8	212;139211;141817;+;125.3	224;152527;154356;+;37.7	232;159709;160209;+;81.7	224;152527;154356;+;54.7	A	9/9	contiguous	41904	0	1	
NZ_CP081479.1	-	-	68	0	0	GA	1	36;18070;18777;+;33.5		38;19107;19505;+;24.9	39;19459;21894;+;72.0		41;22148;22816;+;50.0	43;23173;24138;+;118.8		44;24470;25285;+;140.8	45;25282;26091;+;146.3	46;26167;27519;+;140.0	47;27529;28563;+;62.1	50;29769;31160;+;234.5		pfam	pfam_only	A	7/7	canonical	1	0	unscoreable	5	0	0														not_admitted	not_admitted	not_admitted	not_admitted	not_admitted	not_admitted	not_admitted
NZ_CP081497.1	-	-	2440	0	0	GA	0															not_admitted	not_admitted	not_admitted	not_admitted	not_admitted	not_admitted	not_admitted	not_admitted	not_admitted	not_admitted	1				1891;2186369;2188231;+;31.2			1891;2186369;2188231;+;62.7				207;238105;239370;-;39.3		207;238105;239370;-;119.3	D	1/9	split_2	1948264	0	0	
NZ_CP081510.1	MPF_T	IncX5	54	0	0	GA	1	4;2783;3427;+;36.9	5;3411;3701;+;69.0	6;3723;6482;+;42.6	6;3723;6482;+;132.2	6;3723;6482;+;70.5	7;6490;7239;+;54.3	9;7518;8573;+;135.2		10;8813;9541;+;120.9	11;9546;10475;+;134.2	12;10472;11683;+;136.9	13;11695;12738;+;64.1	14;12741;14576;+;504.8		pfam	pfam_only	A	7/7	canonical	1	1	unscoreable	1	0	0														not_admitted	not_admitted	not_admitted	not_admitted	not_admitted	not_admitted	not_admitted
NZ_CP081678.1	MPF_F	IncHI1A;IncHI1B(R27);pESA2	346	1	1	GA	1	273;237539;238249;+;48.1	274;238246;238551;+;73.1	275;238564;241302;+;49.1	275;238564;241302;+;153.1	275;238564;241302;+;34.5	276;241320;242027;+;143.2	278;242281;243354;+;160.6		280;243575;244258;+;197.2	281;244258;245163;+;154.7	282;245199;246449;+;147.0	283;246439;247464;+;66.2	287;249317;251053;+;40.6	182;161784;164960;-;58.9	pfam	pfam_only	A	7/7	canonical	1	1	unscoreable	5	0	1	183;164983;166035;-;277.6	88;82021;83436;-;201.5	89;83426;84472;-;172.2	203;187086;189767;-;160.6	87;78023;82012;-;102.8	282;245199;246449;+;147.0	203;187086;189767;-;76.5	210;195140;195925;-;68.7	185;166180;167688;-;65.6	182;161784;164960;-;58.9	95;91407;93491;+;50.2	204;189776;190726;-;45.2	95;91407;93491;+;36.5	A	9/9	split_4	167176	0	1	
NZ_CP081679.1	MPF_F	IncFIB(S)	96	0	0	GA	0															not_admitted	not_admitted	not_admitted	not_admitted	not_admitted	not_admitted	not_admitted	not_admitted	not_admitted	not_admitted	1	88;80903;81901;-;355.1	81;74816;76180;-;356.4	85;77640;78422;-;218.0	95;84588;86282;-;57.2	80;71583;74816;-;299.0	4;2330;3727;-;93.6	95;84588;86282;-;103.0	6;4476;5060;-;103.8	87;80272;80892;-;57.0	86;78419;80275;-;214.4	72;64712;67243;-;358.3	1;820;1377;-;39.5	72;64712;67243;-;68.0	A	9/9	split_2	83768	1	1	70864..71574-;236;unnamed;0
NZ_CP081685.1	MPF_F	IncHI1A;IncHI1B(R27);pESA2	347	1	1	GA	1	324;290657;291367;-;48.1	323;290355;290660;-;73.1	322;287604;290342;-;49.1	322;287604;290342;-;153.1	322;287604;290342;-;34.5	321;286879;287586;-;143.2	319;285552;286625;-;160.6		317;284648;285331;-;197.2	316;283743;284648;-;154.7	315;282457;283707;-;147.0	314;281442;282467;-;66.2	310;277853;279589;-;40.6	68;60105;63281;+;58.9	pfam	pfam_only	A	7/7	canonical	1	1	unscoreable	5	0	1	67;59030;60082;+;277.6	162;141629;143044;+;201.5	161;140593;141639;+;172.2	47;35298;37979;+;160.6	163;143053;147042;+;102.8	315;282457;283707;-;147.0	47;35298;37979;+;76.5	40;29140;29925;+;68.7	65;57377;58885;+;65.6	68;60105;63281;+;58.9	155;131574;133658;-;50.2	46;34339;35289;+;45.2	155;131574;133658;-;36.5	A	9/9	split_4	253317	0	1	
NZ_CP081686.1	MPF_F	IncFIB(S)	95	0	0	GA	0															not_admitted	not_admitted	not_admitted	not_admitted	not_admitted	not_admitted	not_admitted	not_admitted	not_admitted	not_admitted	1	21;14208;15206;+;355.1	28;19929;21293;+;356.4	24;17687;18469;+;218.0	14;8918;11521;+;217.3	29;21293;24526;+;299.0	10;6014;7411;+;93.6	14;8918;11521;+;101.6	8;4681;5265;+;103.8	22;15217;15837;+;57.0	23;15834;17690;+;214.4	37;28866;31397;+;358.3	13;8364;8921;+;39.5	37;28866;31397;+;68.0	A	9/9	contiguous	24185	1	1	24535..25245+;236;unnamed;0
NZ_CP081691.1	MPF_F	IncHI1A;IncHI1B(R27);pESA2	346	1	1	GA	1	305;262209;262919;+;48.1	306;262916;263221;+;73.1	307;263234;265972;+;49.1	307;263234;265972;+;153.1	307;263234;265972;+;34.5	308;265990;266697;+;143.2	310;266951;268024;+;160.6		312;268245;268928;+;197.2	313;268928;269833;+;154.7	314;269869;271119;+;147.0	315;271109;272134;+;66.2	319;273987;275723;+;40.6	214;186454;189630;-;58.9	pfam	pfam_only	A	7/7	canonical	1	1	unscoreable	5	0	1	215;189653;190705;-;277.6	120;106691;108106;-;201.5	121;108096;109142;-;172.2	235;211756;214437;-;160.6	119;102693;106682;-;102.8	314;269869;271119;+;147.0	235;211756;214437;-;76.5	242;219810;220595;-;68.7	217;190850;192358;-;65.6	214;186454;189630;-;58.9	127;116077;118161;+;50.2	236;214446;215396;-;45.2	127;116077;118161;+;36.5	A	9/9	split_4	167176	0	1	
NZ_CP081692.1	MPF_F	IncFIB(S)	98	0	0	GA	0															not_admitted	not_admitted	not_admitted	not_admitted	not_admitted	not_admitted	not_admitted	not_admitted	not_admitted	not_admitted	1	95;83052;83570;+;223.6	4;1926;3290;+;356.4	0;2;466;+;140.7	86;77282;79885;+;217.3	5;3290;6523;+;299.0	82;74531;75775;+;94.0	86;77282;79885;+;101.6	79;73046;73630;+;103.8	96;83581;84201;+;57.0	97;84198;86054;+;214.4	13;10863;13394;+;358.3	85;76728;77285;+;39.5	13;10863;13394;+;68.0	A	9/9	split_2	84196	1	1	6532..7242+;236;unnamed;0
NZ_CP081703.1	MPF_T	IncN3	71	0	0	GA	1	3;1143;1925;+;33.0	5;2172;2468;+;36.0	6;2508;2825;+;71.9	7;2826;5399;+;117.9	7;2826;5399;+;74.2	8;5415;6116;+;99.8	10;6385;7422;+;122.7	11;7499;7630;+;40.1	12;7641;8336;+;132.6	13;8347;9234;+;151.1	14;9234;10367;+;166.3	15;10418;11419;+;90.0	21;17107;18639;-;48.1		pfam	both	A	7/7	canonical	1	0	ga	7	0	0														not_admitted	not_admitted	not_admitted	not_admitted	not_admitted	not_admitted	not_admitted
NZ_CP081708.1	MPF_T	IncN3	72	0	0	GA	1	48;43773;44555;-;33.0	46;43230;43526;-;36.0	45;42873;43190;-;71.9	44;40299;42872;-;117.9	44;40299;42872;-;74.2	43;39582;40283;-;99.8	41;38276;39313;-;122.7	40;38068;38199;-;40.1	39;37362;38057;-;132.6	38;36464;37351;-;151.1	37;35331;36464;-;166.3	36;34279;35280;-;90.0	30;27059;28591;+;48.1		pfam	both	A	7/7	canonical	1	0	ga	7	0	0														not_admitted	not_admitted	not_admitted	not_admitted	not_admitted	not_admitted	not_admitted
NZ_CP081768.1	MPF_F	IncHI1A;IncHI1B(R27);pESA2	347	1	1	GA	1	65;60062;60772;-;48.1	64;59760;60065;-;73.1	63;57009;59747;-;49.1	63;57009;59747;-;153.1	63;57009;59747;-;34.5	62;56284;56991;-;143.2	60;54957;56030;-;160.6		58;54053;54736;-;197.2	57;53148;54053;-;154.7	56;51862;53112;-;147.0	55;50847;51872;-;66.2	51;47258;48994;-;40.6	156;133351;136527;+;58.9	pfam	pfam_only	A	7/7	canonical	1	1	unscoreable	5	0	1	155;132276;133328;+;277.6	250;214875;216290;+;201.5	249;213839;214885;+;172.2	135;108544;111225;+;160.6	251;216299;220288;+;102.8	56;51862;53112;-;147.0	135;108544;111225;+;76.5	128;102386;103171;+;68.7	153;130623;132131;+;65.6	156;133351;136527;+;58.9	243;204820;206904;-;50.2	134;107585;108535;+;45.2	243;204820;206904;-;36.5	A	9/9	split_4	164437	0	1	
NZ_CP081769.1	MPF_F	IncFIB(S)	95	0	0	GA	0															not_admitted	not_admitted	not_admitted	not_admitted	not_admitted	not_admitted	not_admitted	not_admitted	not_admitted	not_admitted	1	39;27413;28411;+;355.1	46;33134;34498;+;356.4	42;30892;31674;+;218.0	32;22123;24726;+;217.3	47;34498;37731;+;299.0	28;19219;20616;+;93.6	32;22123;24726;+;101.6	26;17886;18470;+;103.8	40;28422;29042;+;57.0	41;29039;30895;+;214.4	55;42071;44602;+;358.3	31;21569;22126;+;39.5	55;42071;44602;+;68.0	A	9/9	contiguous	24185	1	1	37740..38450+;236;unnamed;0
NZ_CP081775.1	MPF_F	IncHI1A;IncHI1B(R27);pESA2	347	1	1	GA	1	220;191494;192204;+;48.1	221;192201;192506;+;73.1	222;192519;195257;+;49.1	222;192519;195257;+;153.1	222;192519;195257;+;34.5	223;195275;195982;+;143.2	225;196236;197309;+;160.6		227;197530;198213;+;197.2	228;198213;199118;+;154.7	229;199154;200404;+;147.0	230;200394;201419;+;66.2	234;203272;205008;+;40.6	129;115739;118915;-;58.9	pfam	pfam_only	A	7/7	canonical	1	1	unscoreable	5	0	1	130;118938;119990;-;277.6	35;35976;37391;-;201.5	36;37381;38427;-;172.2	150;141041;143722;-;160.6	34;31978;35967;-;102.8	229;199154;200404;+;147.0	150;141041;143722;-;76.5	157;149095;149880;-;68.7	132;120135;121643;-;65.6	129;115739;118915;-;58.9	42;45362;47446;+;50.2	151;143731;144681;-;45.2	42;45362;47446;+;36.5	A	9/9	split_4	167176	0	1	
NZ_CP081776.1	MPF_F	IncFIB(S)	96	0	0	GA	0															not_admitted	not_admitted	not_admitted	not_admitted	not_admitted	not_admitted	not_admitted	not_admitted	not_admitted	not_admitted	1	54;55136;56134;-;355.1	47;49049;50413;-;356.4	51;51873;52655;-;218.0	61;58821;61424;-;217.3	46;45816;49049;-;299.0	65;62931;64328;-;93.6	61;58821;61424;-;101.6	67;65077;65661;-;103.8	53;54505;55125;-;57.0	52;52652;54508;-;214.4	38;38945;41476;-;358.3	62;61421;61978;-;39.5	38;38945;41476;-;68.0	A	9/9	contiguous	26132	1	1	45097..45807-;236;unnamed;0
NZ_CP081783.1	MPF_F	IncHI1A;IncHI1B(R27);pESA2	347	1	1	GA	1	139;126496;127206;-;48.1	138;126194;126499;-;73.1	137;123443;126181;-;49.1	137;123443;126181;-;153.1	137;123443;126181;-;34.5	136;122718;123425;-;143.2	134;121391;122464;-;160.6		132;120487;121170;-;197.2	131;119582;120487;-;154.7	130;118296;119546;-;147.0	129;117281;118306;-;66.2	125;113692;115428;-;40.6	230;199785;202961;+;58.9	pfam	pfam_only	A	7/7	canonical	1	1	unscoreable	5	0	1	229;198710;199762;+;277.6	324;281309;282724;+;201.5	323;280273;281319;+;172.2	209;174978;177659;+;160.6	325;282733;286722;+;102.8	130;118296;119546;-;147.0	209;174978;177659;+;76.5	202;168820;169605;+;68.7	227;197057;198565;+;65.6	230;199785;202961;+;58.9	317;271254;273338;-;50.2	208;174019;174969;+;45.2	317;271254;273338;-;36.5	A	9/9	split_4	164437	0	1	
NZ_CP081784.1	MPF_F	IncFIB(S)	95	0	0	GA	0															not_admitted	not_admitted	not_admitted	not_admitted	not_admitted	not_admitted	not_admitted	not_admitted	not_admitted	not_admitted	1	49;38724;39722;+;355.1	56;44445;45809;+;356.4	52;42203;42985;+;218.0	42;33434;36037;+;217.3	57;45809;49042;+;299.0	38;30530;31927;+;93.6	42;33434;36037;+;101.6	36;29197;29781;+;103.8	50;39733;40353;+;57.0	51;40350;42206;+;214.4	65;53382;55913;+;358.3	41;32880;33437;+;39.5	65;53382;55913;+;68.0	A	9/9	contiguous	24185	1	1	49051..49761+;236;unnamed;0
NZ_CP081793.1	MPF_T	IncN3	73	0	0	GA	1	25;15473;16255;+;33.0	27;16502;16798;+;36.0	28;16838;17155;+;71.9	29;17156;19729;+;117.9	29;17156;19729;+;74.2	30;19745;20446;+;99.8	32;20715;21752;+;122.7	33;21829;21960;+;40.1	34;21971;22666;+;132.6	35;22677;23564;+;151.1	36;23564;24697;+;166.3	37;24748;25749;+;90.0	43;31437;32969;-;48.1		pfam	both	A	7/7	canonical	1	0	ga	7	0	0														not_admitted	not_admitted	not_admitted	not_admitted	not_admitted	not_admitted	not_admitted
NZ_CP081814.1	MPF_T	IncX1	62	0	0	GA	1	8;7031;7675;-;47.1	7;6757;7047;-;73.5	6;5348;6733;-;46.0	6;5348;6733;-;103.8	6;5348;6733;-;73.0	34;23347;24084;+;57.5	36;24366;25421;+;131.7		37;25611;26333;+;116.0	38;26339;27268;+;132.4	39;27265;28479;+;128.6	40;28497;29534;+;66.4	41;29539;31374;+;543.4		pfam	pfam_only	A	7/7	uncallable	0	1	unscoreable	1	0	0														not_admitted	not_admitted	not_admitted	not_admitted	not_admitted	not_admitted	not_admitted
NZ_CP081819.1	MPF_T	IncX3	58	0	0	GA	1	47;39641;40285;-;46.4	46;39367;39657;-;73.1	45;36589;39342;-;47.0	45;36589;39342;-;142.4	45;36589;39342;-;73.3	44;35809;36579;-;60.1	42;34475;35530;-;133.2		41;33552;34280;-;119.4	40;32617;33546;-;138.8	39;31406;32620;-;128.3	37;30176;31210;-;65.7	36;28338;30173;-;495.9		pfam	pfam_only	A	7/7	canonical	1	1	unscoreable	2	0	0														not_admitted	not_admitted	not_admitted	not_admitted	not_admitted	not_admitted	not_admitted
NZ_CP081821.1	MPF_F	IncFII(pHN7A8);IncR	221	0	0	GA	0															not_admitted	not_admitted	not_admitted	not_admitted	not_admitted	not_admitted	not_admitted	not_admitted	not_admitted	not_admitted	1	121;94713;95705;-;369.5	108;86507;87880;-;376.8	113;89446;90189;-;234.4	124;96714;99341;-;301.8	107;83694;86510;-;376.7	129;101396;102823;-;94.1	124;96714;99341;-;101.8	131;103538;104104;-;183.8	118;93129;93767;-;70.4	115;90466;92316;-;265.0	103;79177;81393;-;391.7	125;99857;100372;-;77.6	103;79177;81393;-;70.3	A	9/9	contiguous	24361	1	1	83140..83661-;173;unnamed;0
NZ_CP081829.1	MPF_T	IncX3	180	0	0	GA	1	92;94117;94761;-;46.4	91;93843;94133;-;73.1	90;91065;93818;-;47.0	90;91065;93818;-;142.4	90;91065;93818;-;73.3	89;90285;91055;-;60.1	87;88951;90006;-;133.2		86;88028;88756;-;119.4	85;87093;88022;-;138.8	84;85882;87096;-;128.3	82;84652;85686;-;65.7	81;82814;84649;-;495.9		pfam	pfam_only	A	7/7	canonical	1	1	unscoreable	2	0	0														not_admitted	not_admitted	not_admitted	not_admitted	not_admitted	not_admitted	not_admitted
NZ_CP081839.1	MPF_T	-	94	0	0	GA	1	88;91032;91976;-;75.1	87;90607;90936;-;75.9	86;90283;90561;-;58.4	85;87930;90290;-;123.8	85;87930;90290;-;35.0	83;86990;87799;-;30.2	82;85717;86985;-;73.4		81;84878;85552;-;157.8	80;84018;84881;-;149.4	79;82613;84025;-;184.1	78;81615;82616;-;107.2	65;65545;67575;+;466.6		pfam	pfam_only	A	7/7	canonical	1	0	unscoreable	2	0	0														not_admitted	not_admitted	not_admitted	not_admitted	not_admitted	not_admitted	not_admitted
NZ_CP081840.1	MPF_T	-	133	0	0	GA	1		128;145547;145951;-;72.1	127;145255;145554;-;60.0	126;142782;145244;-;189.5	126;142782;145244;-;129.0	125;142001;142810;-;49.7	123;140596;141783;-;112.5		122;139919;140581;-;122.8	121;139048;139902;-;183.9	119;137246;138559;-;225.7	129;145941;146912;-;131.5	46;49948;51873;-;559.7		conjscan	conjscan_only	A	7/7	canonical	1	0	unscoreable	3	0	0														not_admitted	not_admitted	not_admitted	not_admitted	not_admitted	not_admitted	not_admitted
NZ_CP081841.1	MPF_T	-	195	0	0	GA	1		190;195868;196275;-;77.4	189;195576;195875;-;62.6	188;193097;195565;-;187.6	188;193097;195565;-;121.3	187;192316;193125;-;46.6	185;190911;192107;-;109.4		184;190234;190896;-;121.0	183;189362;190216;-;190.5	181;187560;188870;-;228.0	191;196265;197236;-;138.3	75;75815;77740;-;558.0		conjscan	conjscan_only	A	7/7	canonical	1	0	unscoreable	3	0	0														not_admitted	not_admitted	not_admitted	not_admitted	not_admitted	not_admitted	not_admitted
NZ_CP081842.1	MPF_T	-	211	0	0	GA	1		206;199773;200177;-;68.1	205;199481;199780;-;60.8	204;197002;199470;-;182.8	204;197002;199470;-;130.1	203;196221;197030;-;46.1	201;194813;196003;-;104.9		200;194133;194795;-;124.5	199;193261;194055;-;185.9	197;191451;192773;-;227.0	207;200167;201138;-;129.1	161;157035;159002;+;550.6		conjscan	conjscan_only	A	7/7	canonical	1	0	unscoreable	3	0	0														not_admitted	not_admitted	not_admitted	not_admitted	not_admitted	not_admitted	not_admitted
NZ_CP081849.1	-	-	798	0	0	GA	0															not_admitted	not_admitted	not_admitted	not_admitted	not_admitted	not_admitted	not_admitted	not_admitted	not_admitted	not_admitted	1	617;717411;718442;+;373.6	623;722736;724367;+;364.6	622;721866;722708;+;232.8	608;711644;714199;+;430.9	624;724426;727257;+;385.8	604;708060;709499;+;98.3	608;711644;714199;+;121.8	602;706681;707250;+;181.7	618;718442;719230;+;109.2	620;719808;721493;+;244.3	632;735618;737339;-;249.9			B	8/9	contiguous	28937	0	1	
NZ_CP081945.1	MPF_T	-	54	0	0	GA	1	36;26338;27240;-;37.2	47;36173;36634;-;64.0	46;35876;36169;-;34.5	45;33205;35889;-;76.2	45;33205;35889;-;73.5	44;32522;33208;-;83.0	41;31034;31897;-;135.1		40;30365;31030;-;63.2	39;29548;30339;-;176.9	38;28262;29545;-;158.6	37;27224;28252;-;92.4	29;18538;20094;+;65.4		pfam	both	A	7/7	canonical	1	0	unscoreable	8	0	0														not_admitted	not_admitted	not_admitted	not_admitted	not_admitted	not_admitted	not_admitted
NZ_CP081967.1	MPF_T	-	84	0	0	GA	1	65;50348;51265;-;38.4	77;60187;60648;-;62.4	76;59882;60178;-;30.7	75;57628;59895;-;72.4	75;57628;59895;-;67.4	73;56521;57213;-;77.5	70;55045;55908;-;136.1		69;54371;55045;-;73.0	68;53558;54343;-;178.1	67;52293;53555;-;145.4	66;51249;52283;-;91.2	59;43697;45247;+;62.4		pfam	both	A	7/7	canonical	1	0	unscoreable	8	0	0														not_admitted	not_admitted	not_admitted	not_admitted	not_admitted	not_admitted	not_admitted
NZ_CP081988.1	MPF_T	-	1734	0	0	GA	1		1667;1820656;1820955;+;88.4	1668;1820959;1821300;+;97.9	1669;1821401;1823674;+;181.7	1669;1821401;1823674;+;96.5	1670;1823674;1824372;+;187.4	1671;1824602;1825537;+;163.4		1673;1825841;1826512;+;217.7	1674;1826509;1827363;+;186.2	1675;1827378;1828550;+;181.9	1676;1828561;1829559;+;107.3			pfam	both	B	6/7	canonical	1	0	unscoreable	1	0	0														not_admitted	not_admitted	not_admitted	not_admitted	not_admitted	not_admitted	not_admitted
NZ_CP081992.1	MPF_T	-	92	0	0	GA	1	20;22721;23311;-;62.9	69;60020;60334;-;76.8	68;59751;60017;-;36.5	67;57114;59684;-;34.6	67;57114;59684;-;107.4	66;56315;57094;-;54.7	64;54274;55749;-;84.7		63;53557;54267;-;129.8	62;52539;53531;-;166.9	61;51180;52523;-;209.6	70;60413;61417;-;116.3	18;17404;19461;-;347.7		conjscan	conjscan_only	A	7/7	canonical	1	0	unscoreable	3	0	0														not_admitted	not_admitted	not_admitted	not_admitted	not_admitted	not_admitted	not_admitted
NZ_CP081994.1	MPF_T	-	55	0	0	GA	1	6;8178;8768;-;62.9	52;42158;42472;-;79.5	51;41890;42156;-;39.2	50;39255;41825;-;34.2	50;39255;41825;-;110.5	49;38457;39236;-;55.6	47;36624;38102;-;87.0		46;35907;36617;-;126.9	45;34888;35880;-;168.2	44;33520;34872;-;211.8	53;42554;43558;-;119.8	4;3690;5747;-;351.4		conjscan	conjscan_only	A	7/7	canonical	1	0	unscoreable	3	0	0														not_admitted	not_admitted	not_admitted	not_admitted	not_admitted	not_admitted	not_admitted
NZ_CP081997.1	MPF_T	-	60	0	0	GA	1	9;9519;10109;+;62.9	20;21223;21537;+;76.8	21;21540;21806;+;36.5	22;21873;24443;+;34.6	22;21873;24443;+;107.4	23;24463;25242;+;54.7	25;25808;27283;+;84.7		26;27290;28000;+;129.8	27;28026;29018;+;166.9	28;29034;30377;+;209.6	19;20140;21144;+;116.3	11;13369;15426;+;347.7		conjscan	conjscan_only	A	7/7	canonical	1	0	unscoreable	10	0	0														not_admitted	not_admitted	not_admitted	not_admitted	not_admitted	not_admitted	not_admitted
NZ_CP082003.1	MPF_T	IncFII(pHN7A8);IncN;IncR	193	0	0	GA	1	106;86861;87508;+;77.3		155;123039;123356;+;63.3	156;123356;125956;+;111.8	156;123356;125956;+;76.4	157;125974;126687;+;105.5	159;126938;127978;+;142.4		160;128197;128895;+;131.9	161;128906;129790;+;159.7	162;129790;130950;+;156.3	163;130992;131987;+;81.2	171;137994;139523;-;38.5		pfam	both	A	7/7	canonical	1	0	unscoreable	10	0	0														not_admitted	not_admitted	not_admitted	not_admitted	not_admitted	not_admitted	not_admitted
NZ_CP082004.1	MPF_F	IncFII(pBK30683);repB(R1701)	125	0	0	GA	0															not_admitted	not_admitted	not_admitted	not_admitted	not_admitted	not_admitted	not_admitted	not_admitted	not_admitted	not_admitted	1	71;65941;66930;-;366.0	61;59027;60394;-;384.0	65;61652;62404;-;233.7	75;68387;71026;-;258.5	60;56178;59027;-;346.4	81;73856;75280;-;89.2	75;68387;71026;-;88.7	83;76007;76573;-;169.3	70;65290;65928;-;67.0	69;63276;65231;-;259.7	56;51402;53714;-;390.0	80;73199;73783;-;54.5	56;51402;53714;-;64.0	A	9/9	contiguous	24605	1	1	55642..56175-;177;unnamed;0
NZ_CP082007.1	MPF_F	IncFIB(K);IncFII(K);IncFII(pAR0022)	184	0	0	GA	0															not_admitted	not_admitted	not_admitted	not_admitted	not_admitted	not_admitted	not_admitted	not_admitted	not_admitted	not_admitted	1	164;158975;159964;-;366.0	154;152061;153428;-;384.0	158;154686;155438;-;233.7	168;161421;164060;-;258.5	153;149239;152061;-;346.4	174;166890;168314;-;89.2	168;161421;164060;-;88.7	176;169041;169607;-;169.3	163;158324;158962;-;67.0	162;156310;158265;-;259.7	149;144314;146623;-;393.1	173;166233;166817;-;54.5	149;144314;146623;-;66.6	A	9/9	contiguous	24727	1	1	148614..149216-;200;TraS;0
NZ_CP082012.1	MPF_T	IncFII(pHN7A8);IncN;IncR	193	0	0	GA	1	106;86676;87323;+;77.3		155;122854;123171;+;63.3	156;123171;125771;+;111.8	156;123171;125771;+;76.4	157;125789;126502;+;105.5	159;126753;127793;+;142.4		160;128012;128710;+;131.9	161;128721;129605;+;159.7	162;129605;130765;+;156.3	163;130807;131802;+;81.2	171;137809;139338;-;38.5		pfam	both	A	7/7	canonical	1	0	unscoreable	10	0	0														not_admitted	not_admitted	not_admitted	not_admitted	not_admitted	not_admitted	not_admitted
NZ_CP082030.1	MPF_F	IncFII(pBK30683);repB(R1701)	125	0	0	GA	0															not_admitted	not_admitted	not_admitted	not_admitted	not_admitted	not_admitted	not_admitted	not_admitted	not_admitted	not_admitted	1	71;65952;66941;-;366.0	61;59038;60405;-;384.0	65;61663;62415;-;233.7	75;68398;71037;-;258.5	60;56189;59038;-;346.4	81;73867;75291;-;89.2	75;68398;71037;-;88.7	83;76018;76584;-;169.3	70;65301;65939;-;67.0	69;63287;65242;-;259.7	56;51413;53725;-;390.0	80;73210;73794;-;54.5	56;51413;53725;-;64.0	A	9/9	contiguous	24605	1	1	55653..56186-;177;unnamed;0
NZ_CP082031.1	MPF_F	IncFIB(K);IncFII(K);IncFII(pAR0022)	231	0	0	GA	0															not_admitted	not_admitted	not_admitted	not_admitted	not_admitted	not_admitted	not_admitted	not_admitted	not_admitted	not_admitted	1	142;143092;144081;-;366.0	132;136178;137545;-;384.0	136;138803;139555;-;233.7	146;145538;148177;-;258.5	131;133356;136178;-;346.4	155;152083;153507;-;89.5	146;145538;148177;-;88.7	157;154234;154800;-;167.0	141;142441;143079;-;67.0	140;140427;142382;-;259.7	127;128431;130740;-;393.1	153;150887;151471;-;53.8	127;128431;130740;-;66.6	A	9/9	contiguous	25803	1	1	132731..133333-;200;TraS;0
NZ_CP082033.1	MPF_T	IncN4	50	0	0	GA	1	22;12895;13635;+;34.9	24;13959;14249;+;45.6	25;14301;14615;+;65.3	26;14615;17245;+;124.9	26;14615;17245;+;86.8	27;17255;17962;+;114.7	29;18221;19264;+;126.7	30;19359;19529;+;41.4	31;19532;20248;+;145.6	32;20251;21138;+;144.4	33;21135;22289;+;174.0	34;22282;23313;+;78.1	39;27721;29298;-;54.8		pfam	both	A	7/7	canonical	1	0	ga	6	0	0														not_admitted	not_admitted	not_admitted	not_admitted	not_admitted	not_admitted	not_admitted
NZ_CP082039.1	MPF_T	IncFII(pHN7A8);IncN;IncR	201	0	0	GA	1	106;86861;87508;+;77.3		163;130387;130704;+;63.3	164;130704;133304;+;111.8	164;130704;133304;+;76.4	165;133322;134035;+;105.5	167;134286;135326;+;142.4		168;135545;136243;+;131.9	169;136254;137138;+;159.7	170;137138;138298;+;156.3	171;138340;139335;+;81.2	179;145342;146871;-;38.5		pfam	both	A	7/7	canonical	1	0	unscoreable	10	0	0														not_admitted	not_admitted	not_admitted	not_admitted	not_admitted	not_admitted	not_admitted
NZ_CP082042.1	MPF_T	IncFII(pHN7A8);IncN;IncR	201	0	0	GA	1	106;86676;87323;+;77.3		163;130203;130520;+;63.3	164;130520;133120;+;111.8	164;130520;133120;+;76.4	165;133138;133851;+;105.5	167;134102;135142;+;142.4		168;135361;136059;+;131.9	169;136070;136954;+;159.7	170;136954;138114;+;156.3	171;138156;139151;+;81.2	179;145158;146687;-;38.5		pfam	both	A	7/7	canonical	1	0	unscoreable	10	0	0														not_admitted	not_admitted	not_admitted	not_admitted	not_admitted	not_admitted	not_admitted
NZ_CP082043.1	MPF_F	IncFIB(K);IncFII(K)	244	0	0	GA	0															not_admitted	not_admitted	not_admitted	not_admitted	not_admitted	not_admitted	not_admitted	not_admitted	not_admitted	not_admitted	1	198;201532;202521;-;363.3	187;194346;195713;-;382.2	191;196971;197723;-;236.4	202;203978;206617;-;259.0	186;191503;194346;-;342.9	213;210584;212008;-;88.8	202;203978;206617;-;87.6	215;212735;213301;-;167.9	196;200609;201256;-;65.9	195;198595;200550;-;259.5	182;186606;188918;-;392.8	210;209388;209972;-;53.8	182;186606;188918;-;65.9	A	9/9	contiguous	26129	1	1	190968..191492-;174;unnamed;0
NZ_CP082046.1	MPF_F	Col156;IncFIB(AP001918);IncFII(29)	131	0	0	GA	0															not_admitted	not_admitted	not_admitted	not_admitted	not_admitted	not_admitted	not_admitted	not_admitted	not_admitted	not_admitted	1	79;66681;67673;+;369.5	91;73727;75100;+;381.7	84;70779;71522;+;233.1	76;63042;65672;+;304.0	92;75097;77919;+;388.5	69;58484;59911;+;93.9	76;63042;65672;+;99.3	67;57203;57769;+;183.1	81;68017;68655;+;68.6	82;68652;70502;+;271.9	96;80191;82335;+;391.3	72;61040;61555;+;73.9	96;80191;82335;+;70.4	A	9/9	contiguous	22988	1	1	77941..78420+;159;TraS;0
NZ_CP082059.1	MPF_F	IncFII(pSE11)	90	0	0	GA	0															not_admitted	not_admitted	not_admitted	not_admitted	not_admitted	not_admitted	not_admitted	not_admitted	not_admitted	not_admitted	1	11;8512;9504;+;369.5	25;16379;17752;+;381.7	18;13431;14174;+;234.4	8;4873;7503;+;297.8	26;17749;20574;+;374.6	0;1;1428;+;94.1	8;4873;7503;+;98.7	89;74026;74592;+;174.3	15;10669;11307;+;68.5	16;11304;13154;+;267.2	30;22816;25077;+;391.1	3;2312;2827;+;78.4	30;22816;25077;+;70.3	A	9/9	split_2	74025	1	1	20571..21080+;169;unnamed;0
NZ_CP082060.1	MPF_T	IncX4	48	0	0	GA	1	0;1;621;+;41.6	1;635;961;+;61.9	2;980;3727;+;62.7	2;980;3727;+;153.2	2;980;3727;+;45.6	3;3739;4455;+;93.5	4;4467;5561;+;150.1		6;6076;6762;+;169.0	7;6759;7667;+;143.2	8;7660;8769;+;164.9	9;8771;9799;+;85.1	10;9831;11648;+;313.2		pfam	pfam_only	A	7/7	canonical	1	1	unscoreable	1	0	0														not_admitted	not_admitted	not_admitted	not_admitted	not_admitted	not_admitted	not_admitted
NZ_CP082068.1	MPF_F	Col156;IncFIA;IncFIB(pB171);IncFII(pRSB107)	148	0	0	GA	0															not_admitted	not_admitted	not_admitted	not_admitted	not_admitted	not_admitted	not_admitted	not_admitted	not_admitted	not_admitted	1	99;89787;90779;-;369.5	86;80655;82028;-;386.6	94;85938;86681;-;231.4	102;91788;94415;-;303.9	85;77839;80658;-;386.3	108;96300;97751;-;94.1	102;91788;94415;-;96.5	110;98466;99032;-;184.3	97;88805;89443;-;68.7	96;86958;88808;-;266.8	79;72025;74268;-;391.7	105;94931;95446;-;75.2	79;72025;74268;-;70.3	A	9/9	contiguous	26441	1	1	77323..77814-;163;TraS;0
NZ_CP082069.1	MPF_F	IncFII(pRSB107)	83	0	0	GA	0															not_admitted	not_admitted	not_admitted	not_admitted	not_admitted	not_admitted	not_admitted	not_admitted	not_admitted	not_admitted	1	17;11361;12353;+;369.5	32;20335;21708;+;381.7	27;17662;18405;+;233.1	14;7722;10352;+;304.1	33;21705;24551;+;384.1	6;3020;4471;+;94.2	14;7722;10352;+;97.1	4;1739;2305;+;175.8	22;14085;14723;+;70.1	25;15535;17385;+;266.4	37;26793;29000;+;391.7	10;5584;6099;+;81.1	37;26793;29000;+;70.4	A	9/9	contiguous	25054	1	1	24548..25057+;169;unnamed;0
NZ_CP082076.1	MPF_F	IncFII(pRSB107)	89	0	0	GA	0															not_admitted	not_admitted	not_admitted	not_admitted	not_admitted	not_admitted	not_admitted	not_admitted	not_admitted	not_admitted	1	26;19321;20313;+;369.5	44;29906;31279;+;381.7	36;25622;26365;+;233.7	23;15682;18312;+;305.1	45;31276;34101;+;373.4	14;10330;11781;+;94.1	23;15682;18312;+;97.1	12;9049;9615;+;172.8	31;22045;22683;+;70.1	34;23495;25345;+;271.6	50;37146;38528;+;268.1	18;13142;13654;+;80.9	50;37146;38528;+;71.3	A	9/9	contiguous	28097	1	1	34098..34607+;169;unnamed;0
NZ_CP082078.1	MPF_F	IncFIB(AP001918);IncFII(pCoo)	148	0	0	GA	0															not_admitted	not_admitted	not_admitted	not_admitted	not_admitted	not_admitted	not_admitted	not_admitted	not_admitted	not_admitted	1	116;117310;118302;-;363.8	105;110251;111624;-;378.0	112;113838;114581;-;235.0	119;119311;121938;-;302.9	104;107432;110254;-;388.0	125;124097;125524;-;94.3	119;119311;121938;-;98.5	127;126239;126805;-;179.3	115;116663;117301;-;68.4	114;114858;116666;-;268.3	101;103750;105903;-;387.6	121;122454;122969;-;78.4	101;103750;105903;-;63.1	A	9/9	contiguous	22489	1	1	106919..107410-;163;TraS;0
NZ_CP082082.1	MPF_F	IncFIB(AP001918);IncFII	123	0	0	GA	0															not_admitted	not_admitted	not_admitted	not_admitted	not_admitted	not_admitted	not_admitted	not_admitted	not_admitted	not_admitted	1	108;105075;106067;+;369.3	117;111126;112502;+;381.0	112;108796;109539;+;230.0	105;101439;104066;+;306.4	118;112499;115321;+;387.5	99;97957;99384;+;94.3	105;101439;104066;+;98.5	97;96676;97242;+;183.3	109;106076;106714;+;68.7	110;106711;108519;+;267.9	121;116854;119052;+;391.7	103;100408;100923;+;77.3	121;116854;119052;+;70.3	A	9/9	contiguous	20178	1	1	115342..115839+;165;TraS;0
NZ_CP082084.1	MPF_F	IncFIB(AP001918);IncFIC(FII)	164	0	0	GA	0															not_admitted	not_admitted	not_admitted	not_admitted	not_admitted	not_admitted	not_admitted	not_admitted	not_admitted	not_admitted	1	24;17684;18676;+;369.3	35;24361;25734;+;381.0	28;21405;22148;+;230.0	21;14048;16675;+;306.4	36;25731;28553;+;387.5	14;10566;11993;+;94.3	21;14048;16675;+;98.5	12;9285;9851;+;183.3	25;18685;19323;+;68.7	26;19320;21128;+;267.9	39;30080;32233;+;391.8	18;13017;13532;+;77.3	39;30080;32233;+;70.4	A	9/9	contiguous	20795	1	1	28574..29065+;163;TraS;0
NZ_CP082086.1	MPF_F	IncFIB(AP001918);IncFII	132	0	0	GA	0															not_admitted	not_admitted	not_admitted	not_admitted	not_admitted	not_admitted	not_admitted	not_admitted	not_admitted	not_admitted	1	111;111848;112840;+;369.3	120;117899;119275;+;381.0	115;115569;116312;+;230.0	108;108212;110839;+;306.4	121;119272;121782;+;387.9	101;104730;106157;+;94.3	108;108212;110839;+;98.5	99;103449;104015;+;183.3	112;112849;113487;+;68.7	113;113484;115292;+;267.9	125;123631;125784;+;391.8	105;107181;107696;+;77.3	125;123631;125784;+;70.4	A	9/9	contiguous	20182	1	1	121865..122098+;77;unnamed;0
NZ_CP082090.1	MPF_T	IncN	60	0	0	GA	1	8;5397;6131;+;32.5	10;6431;6724;+;28.7	11;6774;7091;+;63.3	12;7091;9691;+;111.8	12;7091;9691;+;76.8	13;9709;10422;+;97.1	15;10673;11713;+;153.6		16;11932;12630;+;131.9	17;12641;13525;+;159.0	18;13525;14685;+;154.9	19;14727;15722;+;81.2	38;40561;42090;-;38.5		pfam	both	A	7/7	canonical	1	0	unscoreable	2	0	0														not_admitted	not_admitted	not_admitted	not_admitted	not_admitted	not_admitted	not_admitted
NZ_CP082095.1	MPF_F	Col156;IncFIB(AP001918);IncFII(29)	150	0	0	GA	0															not_admitted	not_admitted	not_admitted	not_admitted	not_admitted	not_admitted	not_admitted	not_admitted	not_admitted	not_admitted	1	100;79147;80139;+;369.5	111;86193;87566;+;381.7	105;83245;83988;+;233.1	97;75508;78138;+;304.1	112;87563;90385;+;388.5	90;70950;72377;+;93.9	97;75508;78138;+;97.1	88;69669;70235;+;183.1	102;80483;81121;+;68.6	103;81118;82968;+;272.0	116;92657;94981;+;391.0	93;73506;74021;+;73.9	116;92657;94981;+;70.2	A	9/9	contiguous	22988	1	1	90407..90886+;159;TraS;0
NZ_CP082098.1	MPF_F	IncFIB(AP001918);IncFII	146	0	0	GA	0															not_admitted	not_admitted	not_admitted	not_admitted	not_admitted	not_admitted	not_admitted	not_admitted	not_admitted	not_admitted	1	121;122246;123238;-;369.3	112;115811;117184;-;381.0	117;118774;119517;-;235.5	124;124247;126874;-;305.4	111;112989;115814;-;389.2	129;128929;130356;-;94.6	124;124247;126874;-;98.5	131;131071;131637;-;183.8	120;121599;122237;-;68.4	119;119794;121602;-;268.0	108;109260;111485;-;391.7	125;127390;127905;-;78.0	108;109260;111485;-;70.3	A	9/9	contiguous	21811	1	1	112483..112992-;169;unnamed;0
NZ_CP082101.1	MPF_F	IncFIB(pB171);IncFIC(FII)	130	0	0	GA	0															not_admitted	not_admitted	not_admitted	not_admitted	not_admitted	not_admitted	not_admitted	not_admitted	not_admitted	not_admitted	1	113;100995;101987;-;369.3	104;94560;95933;-;381.0	109;97523;98266;-;233.3	116;102996;105623;-;305.4	103;91741;94563;-;389.2	122;107678;109105;-;94.7	116;102996;105623;-;98.8	124;109820;110386;-;183.4	112;100348;100986;-;68.6	111;98543;100351;-;267.8	100;88018;90207;-;391.8	118;106139;106654;-;75.1	100;88018;90207;-;70.3	A	9/9	contiguous	21802	1	1	91223..91720-;165;TraS;1
NZ_CP082124.1	MPF_T	IncX3	58	0	0	GA	1	5;5684;6328;-;46.4	4;5410;5700;-;73.1	3;2632;5385;-;47.0	3;2632;5385;-;142.4	3;2632;5385;-;73.3	2;1852;2622;-;60.1	0;518;1573;-;133.2		57;45756;45986;-;37.4	56;44821;45750;-;138.8	55;43610;44824;-;128.3	53;42380;43414;-;65.7	52;40542;42377;-;495.9		pfam	pfam_only	A	7/7	canonical	1	1	unscoreable	2	0	0														not_admitted	not_admitted	not_admitted	not_admitted	not_admitted	not_admitted	not_admitted
NZ_CP082128.1	MPF_F	IncFIA;IncFII	141	0	0	GA	0															not_admitted	not_admitted	not_admitted	not_admitted	not_admitted	not_admitted	not_admitted	not_admitted	not_admitted	not_admitted	1	115;109014;110006;+;371.6	124;115068;116441;+;380.7	119;112735;113478;+;233.0	112;105378;108005;+;303.5	125;116438;119257;+;386.2	106;101792;103219;+;91.9	112;105378;108005;+;98.5	104;100511;101077;+;182.9	116;110015;110653;+;64.9	117;110650;112458;+;268.2	128;120789;123032;+;391.7	111;104347;104862;+;76.4	128;120789;123032;+;70.3	A	9/9	contiguous	20278	1	1	119282..119773+;163;TraS;0
NZ_CP082130.1	MPF_F	IncFIA;IncFII	141	0	0	GA	0															not_admitted	not_admitted	not_admitted	not_admitted	not_admitted	not_admitted	not_admitted	not_admitted	not_admitted	not_admitted	1	115;109014;110006;+;371.6	124;115068;116441;+;380.7	119;112735;113478;+;233.0	112;105378;108005;+;303.5	125;116438;119257;+;386.2	106;101792;103219;+;91.9	112;105378;108005;+;98.5	104;100511;101077;+;182.9	116;110015;110653;+;64.9	117;110650;112458;+;268.2	128;120789;123032;+;391.7	111;104347;104862;+;76.4	128;120789;123032;+;70.3	A	9/9	contiguous	20278	1	1	119282..119773+;163;TraS;0
NZ_CP082155.1	MPF_F	IncFIB(K);IncFII(K)	233	0	0	GA	0															not_admitted	not_admitted	not_admitted	not_admitted	not_admitted	not_admitted	not_admitted	not_admitted	not_admitted	not_admitted	1	25;27730;28722;-;366.6	15;20909;22279;-;381.2	19;23481;24233;-;232.4	28;29748;32387;-;258.7	14;18060;20909;-;344.2	37;36202;37626;-;89.2	28;29748;32387;-;88.8	39;38353;38919;-;167.0	24;27079;27717;-;67.0	23;25076;27082;-;259.0	10;13937;16246;-;393.2	35;35021;35590;-;49.7	10;13937;16246;-;65.8	A	9/9	contiguous	24416	1	1	17527..18057-;176;unnamed;0
NZ_CP082162.1	MPF_T	-	678	0	0	GA	1		671;595993;596289;+;93.9	672;596289;596627;+;111.7	673;596620;598986;+;174.7	673;596620;598986;+;108.9	674;598983;599705;+;149.4	676;599959;600945;+;161.6		0;62;277;+;61.3	1;274;1125;+;179.5	2;1137;2282;+;172.0	3;2279;3310;+;100.7	4;3276;5222;+;364.8		pfam	both	A	7/7	canonical	1	0	unscoreable	1	0	0														not_admitted	not_admitted	not_admitted	not_admitted	not_admitted	not_admitted	not_admitted
NZ_CP082163.1	MPF_T	-	231	0	0	GA	1		11;11764;12060;-;93.7	10;11426;11764;-;111.7	9;9067;11433;-;169.0	9;9067;11433;-;109.2	8;8348;9070;-;152.5	6;7108;8094;-;161.2		5;6085;6756;-;195.4	4;5237;6088;-;179.3	3;4081;5226;-;174.7	2;3053;4084;-;100.8	1;1141;3087;-;364.8		pfam	both	A	7/7	canonical	1	0	unscoreable	1	0	0														not_admitted	not_admitted	not_admitted	not_admitted	not_admitted	not_admitted	not_admitted
NZ_CP082165.1	MPF_T	-	347	0	0	GA	1		269;282702;282998;+;94.9	270;282998;283336;+;111.7	271;283329;285695;+;170.2	271;283329;285695;+;111.2	272;285692;286414;+;149.6	274;286668;287654;+;163.1		276;288004;288675;+;195.5	277;288672;289523;+;183.5	278;289535;290680;+;172.9	44;44608;46284;+;411.5	280;291674;293620;+;367.3		pfam	both	A	7/7	canonical	1	0	unscoreable	2	0	0														not_admitted	not_admitted	not_admitted	not_admitted	not_admitted	not_admitted	not_admitted
NZ_CP082170.1	MPF_F	IncFIB(S);IncFII(Yp);IncFII(pAR0022)	124	0	0	GA	0															not_admitted	not_admitted	not_admitted	not_admitted	not_admitted	not_admitted	not_admitted	not_admitted	not_admitted	not_admitted	1	69;56910;57902;+;369.4	77;62615;63985;+;376.7	73;60649;61398;+;218.2	66;53292;55922;+;285.5	78;63985;66807;+;336.5	60;49870;51264;+;89.4	66;53292;55922;+;98.6	58;48587;49153;+;169.9	70;57919;58548;+;66.9	71;58545;60398;+;260.5	81;68144;70390;+;384.7	61;51286;51825;+;67.5	81;68144;70390;+;63.8	A	9/9	contiguous	19557	1	1	66829..67260+;143;TraS;0
NZ_CP082172.1	MPF_F	IncFII(Yp);repB(R1701)	141	0	0	GA	0															not_admitted	not_admitted	not_admitted	not_admitted	not_admitted	not_admitted	not_admitted	not_admitted	not_admitted	not_admitted	1	25;17919;18911;+;370.4	36;24945;26315;+;380.8	33;23424;24176;+;222.2	22;14254;16893;+;254.8	37;26315;29158;+;348.4	14;9642;11063;+;86.6	22;14254;16893;+;88.2	12;8355;8921;+;159.4	26;18924;19571;+;68.8	28;19948;21903;+;254.7	40;30728;33022;+;391.4	16;11524;12108;+;55.9	40;30728;33022;+;66.6	A	9/9	contiguous	22373	1	1	29164..29679+;171;unnamed;0
NZ_CP082173.1	MPF_F	IncC	212	0	0	GA	0															not_admitted	not_admitted	not_admitted	not_admitted	not_admitted	not_admitted	not_admitted	not_admitted	not_admitted	not_admitted	1	93;66802;67809;+;332.9	200;162237;163670;+;339.2	199;161195;162235;+;221.6	88;61603;64050;+;354.2	201;163683;167297;+;375.3	83;52776;54092;+;135.0	88;61603;64050;+;128.6	81;51252;51878;+;92.1	91;64872;66137;+;67.6	95;68824;70305;+;57.4	72;45577;47442;+;47.4	84;54089;54667;+;100.2	72;45577;47442;+;52.0	A	9/9	split_2	118106	0	1	
NZ_CP082174.1	-	pKPC-CAV1321	340	0	0	GA	0															not_admitted	not_admitted	not_admitted	not_admitted	not_admitted	not_admitted	not_admitted	not_admitted	not_admitted	not_admitted	1	220;175771;176838;-;276.8	200;158415;159857;-;260.7	201;159854;160954;-;198.4	224;178946;181432;-;223.8	199;154882;158400;-;240.0	228;184660;186057;-;109.8	224;178946;181432;-;120.8	230;187340;187966;-;87.1	221;176835;178148;-;41.0	197;151789;154446;-;136.9	236;190514;192490;-;22.7	227;184097;184663;-;71.6	236;190514;192490;-;33.5	A	9/9	contiguous	38725	0	1	
NZ_CP082175.1	MPF_F	IncU;repFIB;repHI5B	376	0	0	GA	0															not_admitted	not_admitted	not_admitted	not_admitted	not_admitted	not_admitted	not_admitted	not_admitted	not_admitted	not_admitted	1	27;25529;26566;-;282.2	328;284596;286038;-;188.4	329;285995;287032;-;172.4	38;37435;40152;-;143.5	327;280656;284621;-;117.7	42;42275;43642;-;63.7	38;37435;40152;-;80.6	45;45297;46157;-;73.7	28;26563;27924;-;71.7	26;22338;25514;-;58.7	336;294261;296387;+;62.0	39;40201;40938;-;56.3	336;294261;296387;+;39.7	A	9/9	split_2	271923	0	1	
NZ_CP082176.1	MPF_T	-	55	0	0	GA	1		37;34237;34524;-;64.7	36;31459;34218;-;42.1	36;31459;34218;-;133.2	36;31459;34218;-;61.7	35;30701;31402;-;52.1	33;29346;30422;-;127.7		31;28479;29219;-;144.2	30;27554;28474;-;142.8	29;26046;27557;-;138.3	28;24983;26044;-;75.0	27;23014;24981;-;426.3		pfam	pfam_only	A	7/7	canonical	1	1	unscoreable	2	0	0														not_admitted	not_admitted	not_admitted	not_admitted	not_admitted	not_admitted	not_admitted
NZ_CP082177.1	MPF_F	IncFII(Yp)	87	0	0	GA	0															not_admitted	not_admitted	not_admitted	not_admitted	not_admitted	not_admitted	not_admitted	not_admitted	not_admitted	not_admitted	1	37;40467;41459;-;372.3	27;33464;34834;-;383.1	30;35603;36355;-;222.2	40;42482;45121;-;258.9	26;30609;33464;-;333.3	47;48231;49652;-;88.0	40;42482;45121;-;88.4	49;50373;50939;-;161.7	36;39828;40454;-;68.3	35;37876;39831;-;254.7	23;26546;28864;-;390.7	45;47050;47619;-;55.7	23;26546;28864;-;66.8	A	9/9	contiguous	23827	1	1	29921..30592-;223;unnamed;0
NZ_CP082209.1	-	IncX6	68	0	0	GA	1	50;40435;41064;-;45.3	49;40124;40417;-;50.5	48;37345;40110;-;58.7	48;37345;40110;-;129.2	48;37345;40110;-;55.1	47;36593;37333;-;110.2	45;35076;36134;-;122.9		44;34186;34872;-;167.1	43;33269;34189;-;144.2	42;31980;33269;-;131.5	41;30945;31976;-;79.6	40;29132;30958;-;384.8		pfam	pfam_only	A	7/7	canonical	1	1	unscoreable	1	0	0														not_admitted	not_admitted	not_admitted	not_admitted	not_admitted	not_admitted	not_admitted
NZ_CP082219.1	MPF_F	-	109	0	0	GA	0															not_admitted	not_admitted	not_admitted	not_admitted	not_admitted	not_admitted	not_admitted	not_admitted	not_admitted	not_admitted	1	59;41254;42297;+;369.2	64;46276;47703;+;325.8	62;45066;45878;+;219.1	55;36966;39692;+;164.6	65;47719;50721;+;208.7	51;33968;35284;+;102.7	55;36966;39692;+;108.4	49;32677;33255;+;82.6	60;42312;43019;+;107.6	61;43016;45073;+;92.2	31;19957;22116;+;381.4	54;36312;36956;+;41.9	31;19957;22116;+;89.7	A	9/9	contiguous	27762	1	1	50793..51311+;172;unnamed;0
NZ_CP082220.1	MPF_F	-	110	0	0	GA	0															not_admitted	not_admitted	not_admitted	not_admitted	not_admitted	not_admitted	not_admitted	not_admitted	not_admitted	not_admitted	1	61;42126;43169;+;369.2	66;47148;48575;+;325.8	64;45938;46750;+;219.1	57;37838;40564;+;164.6	67;48591;51593;+;208.7	53;34840;36156;+;102.7	57;37838;40564;+;108.4	51;33549;34127;+;82.6	62;43184;43891;+;107.6	63;43888;45945;+;92.2	33;20829;22988;+;381.4	56;37184;37828;+;41.9	33;20829;22988;+;89.7	A	9/9	contiguous	27762	1	1	51665..52183+;172;unnamed;0
NZ_CP082221.1	MPF_F	-	109	0	0	GA	0															not_admitted	not_admitted	not_admitted	not_admitted	not_admitted	not_admitted	not_admitted	not_admitted	not_admitted	not_admitted	1	60;42125;43168;+;369.2	65;47147;48574;+;325.8	63;45937;46749;+;219.1	56;37837;40563;+;164.6	66;48590;51592;+;208.7	52;34839;36155;+;102.7	56;37837;40563;+;108.4	50;33548;34126;+;82.6	61;43183;43890;+;107.6	62;43887;45944;+;92.2	32;20828;22987;+;381.4	55;37183;37827;+;41.9	32;20828;22987;+;89.7	A	9/9	contiguous	27762	1	1	51664..52182+;172;unnamed;0
NZ_CP082222.1	MPF_F	-	102	0	0	GA	0															not_admitted	not_admitted	not_admitted	not_admitted	not_admitted	not_admitted	not_admitted	not_admitted	not_admitted	not_admitted	1	67;47788;48831;+;370.9	71;53053;54492;+;314.2	70;52201;53028;+;215.3	63;43488;46190;+;185.5	72;54503;57553;+;169.1	60;40780;42102;+;105.9	63;43488;46190;+;96.1	58;39486;40064;+;98.6	68;48847;49554;+;101.8	69;49551;52226;+;107.1	36;23717;25849;+;383.2	62;42839;43471;+;43.4	36;23717;25849;+;91.0	A	9/9	contiguous	30786	1	1	57568..58137+;189;unnamed;0
NZ_CP082225.1	MPF_F	-	103	0	0	GA	0															not_admitted	not_admitted	not_admitted	not_admitted	not_admitted	not_admitted	not_admitted	not_admitted	not_admitted	not_admitted	1	68;47802;48845;+;370.9	72;53067;54506;+;314.2	71;52215;53042;+;215.3	63;43503;44555;+;119.0	73;54517;57567;+;169.1	60;40795;42117;+;105.9	64;44534;46204;+;98.0	58;39501;40079;+;98.6	69;48861;49568;+;101.8	70;49565;52240;+;107.1	36;23732;25864;+;383.2	62;42854;43486;+;43.4	36;23732;25864;+;91.0	A	9/9	contiguous	30785	1	1	57582..58151+;189;unnamed;0
NZ_CP082226.1	MPF_F	-	140	0	0	GA	0															not_admitted	not_admitted	not_admitted	not_admitted	not_admitted	not_admitted	not_admitted	not_admitted	not_admitted	not_admitted	1	79;42086;43129;+;369.2	86;47114;48541;+;325.8	84;45904;46716;+;219.1	74;38438;39616;+;117.4	87;48557;51244;+;209.1	68;34806;36122;+;102.7	75;39640;40524;+;65.9	64;33518;34096;+;82.6	81;43475;43858;+;96.6	82;43855;45534;+;61.4	40;20829;21863;+;155.1	71;37150;37794;+;41.9	41;22028;22987;+;93.9	A	9/9	contiguous	27728	1	1	51235..51561+;108;unnamed;0
NZ_CP082228.1	MPF_F	-	110	0	0	GA	0															not_admitted	not_admitted	not_admitted	not_admitted	not_admitted	not_admitted	not_admitted	not_admitted	not_admitted	not_admitted	1	61;42190;43233;+;369.2	66;47212;48639;+;325.8	64;46002;46814;+;219.1	58;37899;40616;+;164.6	67;48655;51657;+;208.7	54;34901;36217;+;102.7	58;37899;40616;+;108.4	52;33610;34188;+;82.6	62;43248;43955;+;107.6	63;43952;46009;+;92.2	32;20887;23046;+;381.4	57;37245;37889;+;41.9	32;20887;23046;+;89.7	A	9/9	contiguous	27768	1	1	51729..52247+;172;unnamed;0
NZ_CP082229.1	MPF_F	-	109	0	0	GA	0															not_admitted	not_admitted	not_admitted	not_admitted	not_admitted	not_admitted	not_admitted	not_admitted	not_admitted	not_admitted	1	60;42156;43199;+;369.2	65;47178;48605;+;325.8	63;45968;46780;+;219.1	56;37868;40594;+;164.6	66;48621;51623;+;208.7	52;34870;36186;+;102.7	56;37868;40594;+;108.4	50;33579;34157;+;82.6	61;43214;43921;+;107.6	62;43918;45975;+;92.2	32;20859;23018;+;381.4	55;37214;37858;+;41.9	32;20859;23018;+;89.7	A	9/9	contiguous	27762	1	1	51695..52213+;172;unnamed;0
NZ_CP082281.1	MPF_F	IncHI2;IncHI2A	370	0	0	GA	0															not_admitted	not_admitted	not_admitted	not_admitted	not_admitted	not_admitted	not_admitted	not_admitted	not_admitted	not_admitted	1	337;292639;293697;-;276.9	132;112247;113662;+;194.1	131;111211;112257;+;173.7	355;314336;316726;-;127.0	133;113671;117621;+;101.6	362;320572;321927;-;80.7	355;314336;316726;-;72.9	365;323651;324439;-;74.8	339;293839;295350;-;62.7	336;289432;292620;-;58.3	125;102086;104170;-;56.7	359;318251;319201;-;46.4	125;102086;104170;-;38.8	A	9/9	split_3	221565	0	1	
NZ_CP082282.1	-	-	146	0	0	GA	0															not_admitted	not_admitted	not_admitted	not_admitted	not_admitted	not_admitted	not_admitted	not_admitted	not_admitted	not_admitted	1	109;124274;125263;+;355.8	114;129156;130523;+;342.1	112;127689;128474;+;179.1	106;120398;123001;+;239.4	115;130523;133387;+;310.8	104;118398;119738;+;92.9	106;120398;123001;+;117.7	102;117094;117666;+;114.8	110;125273;125836;+;62.5	111;125833;127692;+;238.0	116;133883;135958;+;375.6	105;119958;120395;+;39.0	116;133883;135958;+;64.4	A	9/9	contiguous	16789	1	1	133883..135958+;691;unnamed;0
NZ_CP082291.1	MPF_F	IncU;repFIB;repHI5B	380	0	0	GA	0															not_admitted	not_admitted	not_admitted	not_admitted	not_admitted	not_admitted	not_admitted	not_admitted	not_admitted	not_admitted	1	359;314637;315674;-;282.2	298;252734;254176;-;188.6	299;254133;255170;-;172.0	370;326543;329260;-;143.5	297;248788;252732;-;119.0	374;331383;332750;-;63.7	370;326543;329260;-;80.6	377;334405;335265;-;73.9	360;315671;317032;-;71.7	358;311446;314622;-;58.7	306;262386;264512;+;62.0	371;329309;330046;-;56.3	306;262386;264512;+;39.7	A	9/9	split_2	85617	0	1	
NZ_CP082305.1	MPF_T	-	43	0	0	GA	1		35;29011;29346;-;71.2	34;28683;29000;-;74.3	33;26227;28686;-;153.0	33;26227;28686;-;91.2		30;24288;25316;-;169.7		28;22334;23914;-;152.6	28;22334;23914;-;203.7	27;21141;22331;-;180.9	26;20138;21160;-;88.5	25;18229;20172;-;392.3		none	none	A	7/7	canonical	0	0	unscoreable	3	0	0														not_admitted	not_admitted	not_admitted	not_admitted	not_admitted	not_admitted	not_admitted
NZ_CP082306.1	MPF_T	-	48	0	0	GA	1		1;332;667;+;71.2	2;678;995;+;74.3	3;992;2692;+;154.0	3;992;2692;+;91.1	5;3450;4085;+;108.7	7;4370;5398;+;169.7		10;5938;6513;+;127.4	11;6488;6991;+;111.1	13;7349;8539;+;180.9	14;8520;9545;+;88.9	16;10086;11453;+;297.7		pfam	both	A	7/7	canonical	1	0	unscoreable	4	0	0														not_admitted	not_admitted	not_admitted	not_admitted	not_admitted	not_admitted	not_admitted
NZ_CP082348.1	MPF_F	-	201	0	0	GA	0															not_admitted	not_admitted	not_admitted	not_admitted	not_admitted	not_admitted	not_admitted	not_admitted	not_admitted	not_admitted	1	174;162394;163386;-;352.1	166;156409;157776;-;365.5	171;159098;159895;-;220.2	183;167736;170387;-;255.4	165;153317;156346;-;302.0	191;172920;174299;-;101.9	183;167736;170387;-;97.2	193;175035;175634;-;91.0	173;161757;162383;-;64.1	172;159892;161760;-;213.3	160;148229;150763;-;369.5	185;170607;171143;-;41.6	160;148229;150763;-;72.3	A	9/9	contiguous	26806	1	1	152740..153300-;186;unnamed;0
NZ_CP082354.1	-	-	58	0	0	GA	0															not_admitted	not_admitted	not_admitted	not_admitted	not_admitted	not_admitted	not_admitted	not_admitted	not_admitted	not_admitted	1	11;11749;12735;-;360.3	4;5512;6903;-;332.7	8;8493;9281;-;206.0	14;13779;16523;-;248.7	3;2636;5506;-;308.5	23;19712;21088;-;93.4	14;13779;16523;-;113.9	25;21832;22404;-;117.5	10;11116;11733;-;67.6	9;9278;11116;-;233.3	57;51093;51890;-;65.2	15;16520;17089;-;55.0	57;51093;51890;-;24.4	A	9/9	split_2	48457	1	1	2198..2623-;141;unnamed;0
NZ_CP082356.1	MPF_F	IncFII(pCoo)	91	0	0	GA	0															not_admitted	not_admitted	not_admitted	not_admitted	not_admitted	not_admitted	not_admitted	not_admitted	not_admitted	not_admitted	1	62;55565;56557;+;369.3	73;62289;63662;+;381.0	68;59956;60699;+;233.3	59;51929;54556;+;304.4	74;63659;66481;+;389.5	54;48590;50017;+;94.1	59;51929;54556;+;98.5	52;47309;47875;+;183.8	63;56566;57204;+;68.6	66;57916;59679;+;268.4	77;68010;70226;+;391.7	57;50898;51413;+;78.4	77;68010;70226;+;70.3	A	9/9	contiguous	20701	1	1	66503..66994+;163;TraS;0
NZ_CP082358.1	MPF_F	IncFII(pCoo)	92	0	0	GA	0															not_admitted	not_admitted	not_admitted	not_admitted	not_admitted	not_admitted	not_admitted	not_admitted	not_admitted	not_admitted	1	63;57044;58036;+;369.3	74;63768;65141;+;381.0	69;61435;62178;+;233.3	60;53408;56035;+;304.4	75;65138;67960;+;389.5	55;50069;51496;+;94.1	60;53408;56035;+;98.5	53;48788;49354;+;183.8	64;58045;58683;+;68.6	67;59395;61158;+;268.4	78;69489;71705;+;391.7	58;52377;52892;+;78.4	78;69489;71705;+;70.3	A	9/9	contiguous	20701	1	1	67982..68473+;163;TraS;0
NZ_CP082361.1	MPF_F	IncFIB(K)(pCAV1099-114);IncFII(pKP91)	168	0	0	GA	0															not_admitted	not_admitted	not_admitted	not_admitted	not_admitted	not_admitted	not_admitted	not_admitted	not_admitted	not_admitted	1	95;90828;91820;-;366.2	81;81975;83345;-;375.5	85;84547;85299;-;231.9	98;92846;95485;-;258.8	80;79132;81975;-;339.0	105;98205;99620;-;86.1	98;92846;95485;-;92.1	107;100347;100913;-;163.6	90;88059;88685;-;66.5	89;86188;88062;-;247.7	78;76018;78339;-;388.5	104;97544;98110;-;60.1	78;76018;78339;-;66.5	A	9/9	contiguous	24329	1	1	78585..79121-;178;unnamed;0
NZ_CP082786.1	MPF_T	IncFIB(K)	194	0	0	GA	1	162;166118;166780;+;48.3	163;166791;167090;+;36.6	164;167100;169850;+;61.8	164;167100;169850;+;134.0	164;167100;169850;+;47.3	165;169869;170585;+;137.0	167;170899;171906;+;137.8		169;172116;172802;+;158.3	170;172795;173688;+;147.4	171;173685;174881;+;134.7	172;174885;175934;+;71.5	179;180672;182579;+;24.3		pfam	pfam_only	A	7/7	canonical	1	1	unscoreable	8	0	0														not_admitted	not_admitted	not_admitted	not_admitted	not_admitted	not_admitted	not_admitted
NZ_CP082794.1	MPF_T	IncX4	44	0	0	GA	1	36;26747;27367;+;41.6	37;27381;27707;+;64.4	38;27726;30473;+;63.8	38;27726;30473;+;151.8	38;27726;30473;+;46.1	39;30485;31201;+;94.2	40;31213;32307;+;150.1		42;32822;33508;+;169.0	43;33505;34413;+;142.4	0;105;839;+;163.0	1;841;1869;+;85.0	2;1901;3718;+;314.5		pfam	pfam_only	A	7/7	canonical	1	1	unscoreable	1	0	0														not_admitted	not_admitted	not_admitted	not_admitted	not_admitted	not_admitted	not_admitted
NZ_CP082797.1	MPF_F	IncFIB(K);IncFII(pKP91)	174	0	0	GA	0															not_admitted	not_admitted	not_admitted	not_admitted	not_admitted	not_admitted	not_admitted	not_admitted	not_admitted	not_admitted	1	164;155428;156417;+;361.7	0;101;1468;+;382.9	171;160226;160978;+;232.7	160;151332;153971;+;257.3	1;1468;4311;+;344.5	152;146522;147946;+;88.8	160;151332;153971;+;89.1	150;145229;145795;+;169.2	166;157015;157341;+;44.9	167;157400;159262;+;197.8	4;6248;7774;+;341.4	153;148019;148603;+;54.4	4;6248;7774;+;55.1	A	9/9	split_2	160125	1	1	4322..4846+;174;unnamed;0
NZ_CP082798.1	MPF_F	IncFIA(HI1);IncFII(pKP91)	110	0	0	GA	0															not_admitted	not_admitted	not_admitted	not_admitted	not_admitted	not_admitted	not_admitted	not_admitted	not_admitted	not_admitted	1	88;72113;73105;+;366.6	99;79044;79988;+;212.0	94;76613;77365;+;232.2	85;68448;71087;+;256.9	101;80385;82838;+;225.2	77;63438;64862;+;89.3	85;68448;71087;+;88.8	75;62145;62711;+;167.0	89;73118;73756;+;67.0	90;73815;75770;+;259.2	104;84652;86958;+;392.1	79;65492;66049;+;52.8	104;84652;86958;+;66.6	A	9/9	contiguous	22507	1	1	82841..83371+;176;unnamed;0
NZ_CP082800.1	MPF_F	IncFII(pKP91);RepB;repB;repB(R1701)	467	0	0	GA	0															not_admitted	not_admitted	not_admitted	not_admitted	not_admitted	not_admitted	not_admitted	not_admitted	not_admitted	not_admitted	1	77;72811;73803;-;366.6	67;65927;67294;-;379.8	71;68551;69303;-;232.2	80;74829;77468;-;259.3	66;63105;65927;-;346.6	90;81293;82717;-;88.4	80;74829;77468;-;88.8	92;83444;83623;-;38.8	76;72160;72798;-;67.0	75;70146;72101;-;258.5	62;58828;61137;-;391.8	88;80100;80657;-;52.7	62;58828;61137;-;66.6	A	9/9	contiguous	24616	1	1	62479..63081-;200;TraS;0
NZ_CP082828.1	MPF_F	Col156;IncFIB(AP001918);IncFII(29)	168	0	0	GA	0															not_admitted	not_admitted	not_admitted	not_admitted	not_admitted	not_admitted	not_admitted	not_admitted	not_admitted	not_admitted	1	26;20589;21581;+;369.5	38;27632;29005;+;381.7	31;24687;25430;+;233.1	23;16950;19580;+;304.0	39;29002;31824;+;388.5	16;12392;13819;+;93.9	23;16950;19580;+;99.3	14;11111;11677;+;183.1	28;21925;22563;+;68.6	29;22560;24410;+;271.9	43;34096;36339;+;391.1	19;14948;15463;+;74.0	43;34096;36339;+;70.3	A	9/9	contiguous	22985	1	1	31846..32325+;159;TraS;0
NZ_CP082830.1	MPF_T	IncX4	46	0	0	GA	1	1;280;900;+;41.6	2;914;1240;+;64.4	3;1259;4006;+;63.8	3;1259;4006;+;151.8	3;1259;4006;+;46.1	4;4018;4734;+;94.2	5;4746;5840;+;150.1		7;6355;7041;+;169.0	8;7038;7946;+;142.4	9;7939;9057;+;163.9	10;9059;10087;+;85.0	11;10119;11936;+;316.5		pfam	pfam_only	A	7/7	canonical	1	1	unscoreable	1	0	0														not_admitted	not_admitted	not_admitted	not_admitted	not_admitted	not_admitted	not_admitted
NZ_CP082832.1	MPF_F	Col156;IncFIA;IncFIB(AP001918);IncFII	217	0	0	GA	0															not_admitted	not_admitted	not_admitted	not_admitted	not_admitted	not_admitted	not_admitted	not_admitted	not_admitted	not_admitted	1	75;58325;59317;+;367.4	86;65002;66375;+;380.9	79;62046;62789;+;235.0	72;54689;57316;+;305.4	87;66372;69197;+;385.9	66;51207;52634;+;94.3	72;54689;57316;+;98.5	64;49926;50492;+;183.8	76;59326;59964;+;68.6	77;59961;61769;+;268.3	90;70700;72898;+;391.3	70;53658;54173;+;78.4	90;70700;72898;+;70.4	A	9/9	contiguous	20774	1	1	69194..69703+;169;unnamed;0
NZ_CP082834.1	MPF_T	IncX4	58	0	0	GA	1	18;9498;10118;+;46.9	19;10132;10458;+;64.4	20;10477;13224;+;62.7	20;10477;13224;+;151.8	20;10477;13224;+;46.1		24;15014;16093;+;157.5		26;16608;17294;+;169.0	27;17291;18199;+;142.3	28;18192;19310;+;162.9	29;19312;20340;+;85.0	30;20327;22189;+;317.2		none	none	A	7/7	canonical	0	1	unscoreable	4	0	0														not_admitted	not_admitted	not_admitted	not_admitted	not_admitted	not_admitted	not_admitted
NZ_CP082849.1	MPF_F	-	52	0	0	GA	0															not_admitted	not_admitted	not_admitted	not_admitted	not_admitted	not_admitted	not_admitted	not_admitted	not_admitted	not_admitted	1	37;36612;37556;+;359.9	42;40918;42282;+;377.1	40;39663;40412;+;211.0	34;32998;35625;+;276.1	43;42294;45101;+;389.1	32;31344;32750;+;75.8	34;32998;35625;+;115.9	30;30106;30675;+;191.7	38;37513;37992;+;58.0	39;37985;39676;+;249.8	45;45782;47617;+;408.0		45;45782;47617;+;67.0	B	8/9	contiguous	15676	1	1	45103..45690+;195;unnamed;0
NZ_CP082854.1	MPF_F	-	52	0	0	GA	0															not_admitted	not_admitted	not_admitted	not_admitted	not_admitted	not_admitted	not_admitted	not_admitted	not_admitted	not_admitted	1	22;19502;20485;-;362.8	17;14763;16127;-;379.4	19;16633;17382;-;208.2	25;21442;24060;-;267.0	16;11920;14733;-;390.1	27;24308;25675;-;74.6	25;21442;24060;-;108.9	29;26380;26949;-;194.1	21;19072;19545;-;62.7	20;17369;19075;-;212.9	14;9300;11165;-;397.6		14;9300;11165;-;75.5	B	8/9	contiguous	17080	1	1	11165..11920-;251;unnamed;0
NZ_CP082855.1	MPF_F	-	154	0	0	GA	0															not_admitted	not_admitted	not_admitted	not_admitted	not_admitted	not_admitted	not_admitted	not_admitted	not_admitted	not_admitted	1	102;90012;90992;+;353.5	107;94736;96118;+;322.3	105;93506;94252;+;149.9	99;86496;89045;+;186.8	108;96115;98952;+;241.5	98;84781;86247;+;46.9	99;86496;89045;+;88.0	96;83453;84013;+;99.3	103;91004;91669;+;81.7	104;91662;93473;+;209.8	110;99713;101566;+;397.9		110;99713;101566;+;81.9	B	8/9	contiguous	16260	1	1	98967..99623+;218;unnamed;0
NZ_CP082878.1	MPF_T	-	224	0	0	GA	1		19;14196;14459;+;59.6	20;14478;17246;+;73.3	20;14478;17246;+;169.9	20;14478;17246;+;84.1	25;19128;20099;+;82.8	26;20096;21094;+;118.1		28;21241;21903;+;177.6	29;21900;22787;+;161.0	30;22814;23989;+;165.9	31;23970;24968;+;93.2	33;25645;27456;+;350.1		pfam	pfam_only	A	7/7	canonical	1	1	unscoreable	6	0	0														not_admitted	not_admitted	not_admitted	not_admitted	not_admitted	not_admitted	not_admitted
NZ_CP082880.1	MPF_T	-	31	0	0	GA	1	16;11626;12171;-;54.1	27;21199;21495;-;64.2	26;20912;21199;-;45.7	25;18443;20908;-;93.0	25;18443;20908;-;88.9	23;16987;17790;-;58.5	21;15501;16688;-;44.3		20;14785;15480;-;121.0	19;13849;14772;-;167.1	17;12164;13405;-;214.7	28;21505;22443;-;129.7	11;7002;8825;-;321.1		conjscan	both	A	7/7	canonical	1	0	unscoreable	8	0	0														not_admitted	not_admitted	not_admitted	not_admitted	not_admitted	not_admitted	not_admitted
NZ_CP082889.1	MPF_F	-	106	0	0	GA	0															not_admitted	not_admitted	not_admitted	not_admitted	not_admitted	not_admitted	not_admitted	not_admitted	not_admitted	not_admitted	1	70;47794;48837;+;370.9	74;53059;54498;+;314.2	73;52207;53034;+;215.3	66;43494;46196;+;185.5	75;54509;57559;+;169.1	63;40786;42108;+;105.9	66;43494;46196;+;96.1	61;39492;40070;+;98.6	71;48853;49560;+;101.8	72;49557;52232;+;107.1	39;23723;25855;+;383.2	65;42845;43477;+;43.4	39;23723;25855;+;91.0	A	9/9	contiguous	30786	1	1	57690..58145+;151;unnamed;0
NZ_CP082892.1	MPF_F	-	103	0	0	GA	0															not_admitted	not_admitted	not_admitted	not_admitted	not_admitted	not_admitted	not_admitted	not_admitted	not_admitted	not_admitted	1	68;47792;48835;+;370.9	72;53057;54496;+;314.2	71;52205;53032;+;215.3	64;43492;46194;+;185.5	73;54507;57557;+;169.1	61;40784;42106;+;105.9	64;43492;46194;+;96.1	59;39490;40068;+;98.6	69;48851;49558;+;101.8	70;49555;52230;+;107.1	37;23721;25853;+;383.2	63;42843;43475;+;43.4	37;23721;25853;+;91.0	A	9/9	contiguous	30786	1	1	57572..58141+;189;unnamed;0
NZ_CP082895.1	MPF_F	-	109	0	0	GA	0															not_admitted	not_admitted	not_admitted	not_admitted	not_admitted	not_admitted	not_admitted	not_admitted	not_admitted	not_admitted	1	60;42114;43157;+;369.2	65;47136;48563;+;325.8	63;45926;46738;+;219.1	56;37826;40552;+;164.6	66;48579;51581;+;208.7	52;34828;36144;+;102.7	56;37826;40552;+;108.4	50;33537;34115;+;82.6	61;43172;43879;+;107.6	62;43876;45933;+;92.2	32;20817;22976;+;381.4	55;37172;37816;+;41.9	32;20817;22976;+;89.7	A	9/9	contiguous	27762	1	1	51653..52171+;172;unnamed;0
NZ_CP082900.1	MPF_T	IncX3	69	0	0	GA	1	12;6748;7392;+;46.4	13;7376;7666;+;73.1	14;7691;10444;+;47.0	14;7691;10444;+;142.4	14;7691;10444;+;73.3	15;10454;11224;+;60.1	17;11503;12558;+;133.2		18;12753;13481;+;119.4	19;13487;14416;+;138.8	20;14413;15627;+;128.3	22;15823;16857;+;65.7	23;16860;18695;+;495.9		pfam	pfam_only	A	7/7	canonical	1	1	unscoreable	2	0	0														not_admitted	not_admitted	not_admitted	not_admitted	not_admitted	not_admitted	not_admitted
NZ_CP082905.1	-	IncFII(pHN7A8)	94	0	0	GA	0															not_admitted	not_admitted	not_admitted	not_admitted	not_admitted	not_admitted	not_admitted	not_admitted	not_admitted	not_admitted	1	66;67964;68971;-;371.5	61;62897;64264;-;354.5	63;64834;65610;-;219.1	70;70828;73434;-;209.8	60;60027;62897;-;258.0	73;74339;75727;-;87.4	70;70828;73434;-;92.2	75;76435;77007;-;90.4	65;67513;67953;-;58.7	64;65613;67457;-;238.8	57;56148;58307;-;383.2	71;73442;73993;-;28.2	57;56148;58307;-;63.6	A	9/9	contiguous	20287	1	1	59465..59992-;175;unnamed;0
NZ_CP082906.1	MPF_T	pXuzhou21	51	0	0	GA	1	3;2284;2961;+;28.6			6;3718;6240;+;58.7	6;3718;6240;+;38.4	7;6224;6904;+;83.2	49;35375;36427;-;92.8		8;7129;7920;+;139.8	9;7941;8729;+;168.9	10;8722;9948;+;157.0	11;10025;11086;+;79.1	12;11109;13130;+;311.2		pfam	pfam_only	A	7/7	uncallable	0	0	unscoreable	2	0	0														not_admitted	not_admitted	not_admitted	not_admitted	not_admitted	not_admitted	not_admitted
NZ_CP082930.1	MPF_F	IncFII(S);IncFII(pAR0022)	185	0	0	GA	0															not_admitted	not_admitted	not_admitted	not_admitted	not_admitted	not_admitted	not_admitted	not_admitted	not_admitted	not_admitted	1	58;46368;47360;+;366.0	67;52608;53990;+;393.5	64;50827;51576;+;231.0	55;42733;45381;+;313.8	68;53987;56809;+;383.9	48;38840;40261;+;90.4	55;42733;45381;+;97.8	46;37547;38113;+;187.8	60;47708;48310;+;70.3	62;48763;50589;+;271.0	72;58667;60829;+;374.7	51;41067;41582;+;94.6	72;58667;60829;+;72.1	A	9/9	contiguous	21120	1	1	56831..57313+;160;TraS;0
NZ_CP082937.1	MPF_F	IncFII(K);repB(R1701)	151	0	0	GA	0															not_admitted	not_admitted	not_admitted	not_admitted	not_admitted	not_admitted	not_admitted	not_admitted	not_admitted	not_admitted	1	18;19553;20542;-;366.6	8;11316;12683;-;384.0	12;13941;14693;-;233.3	22;21985;24624;-;258.5	7;8491;11316;-;346.4	29;27817;29241;-;89.2	22;21985;24624;-;88.2	31;29968;30534;-;169.3	17;18902;19540;-;66.9	16;16888;18843;-;259.7	2;2494;4806;-;393.1	28;27119;27703;-;53.6	2;2494;4806;-;66.6	A	9/9	contiguous	27474	0	1	
NZ_CP082938.1	MPF_F	IncFIB(pNDM-Mar);RepB	333	0	0	GA	0															not_admitted	not_admitted	not_admitted	not_admitted	not_admitted	not_admitted	not_admitted	not_admitted	not_admitted	not_admitted	1	67;65000;66037;-;282.3	239;204262;205392;+;182.9	238;203235;204272;+;177.2	79;76869;79586;-;149.6	242;207011;210979;+;121.2	83;81699;83072;-;63.3	79;76869;79586;-;87.1	86;84718;85578;-;79.1	68;66034;67395;-;69.9	66;61805;64990;-;59.6	227;192356;194482;-;57.7	80;79631;80368;-;56.9	227;192356;194482;-;41.0	A	9/9	split_2	145206	0	1	
NZ_CP082955.1	MPF_F	IncHI2;IncHI2A	282	0	0	GA	0															not_admitted	not_admitted	not_admitted	not_admitted	not_admitted	not_admitted	not_admitted	not_admitted	not_admitted	not_admitted	1	187;170100;171158;+;276.9	74;64374;65789;-;194.1	75;65779;66825;-;174.3	171;147847;150528;+;168.0	73;60412;64365;-;101.7	167;144162;145517;+;80.7	171;147847;150528;+;72.2	164;141650;142438;+;74.8	185;168447;169958;+;62.0	188;171177;174365;+;57.3	82;73867;75951;+;56.8	170;146888;147838;+;46.1	82;73867;75951;+;38.8	A	9/9	split_3	110765	1	1	58942..60231-;429;unnamed;0
NZ_CP082956.1	MPF_F	IncC	187	0	0	GA	0															not_admitted	not_admitted	not_admitted	not_admitted	not_admitted	not_admitted	not_admitted	not_admitted	not_admitted	not_admitted	1	50;41577;42584;-;332.9	175;141549;142982;-;339.2	176;142984;144012;-;221.7	55;45336;47783;-;354.5	174;137922;141536;-;375.3	60;55339;56655;-;135.0	55;45336;47783;-;128.3	62;57553;58179;-;92.7	52;43249;44514;-;67.9	49;38663;41461;-;145.3	71;61989;63854;-;47.3	59;54764;55342;-;100.2	71;61989;63854;-;52.0	A	9/9	split_2	104321	0	1	
NZ_CP082958.1	MPF_F	IncFII(pHN7A8)	80	0	0	GA	0															not_admitted	not_admitted	not_admitted	not_admitted	not_admitted	not_admitted	not_admitted	not_admitted	not_admitted	not_admitted	1	22;16583;17575;+;369.5	35;24408;25781;+;376.8	30;22099;22842;+;234.4	19;12947;15574;+;301.8	36;25778;28594;+;376.7	14;9465;10892;+;94.1	19;12947;15574;+;101.8	12;8184;8750;+;183.8	25;18521;19159;+;70.4	28;19972;21822;+;265.0	40;30895;33165;+;391.6	18;11916;12431;+;78.0	40;30895;33165;+;70.3	A	9/9	contiguous	22711	1	1	28627..29148+;173;unnamed;0
NZ_CP082959.1	MPF_T	IncP1	61	0	0	GA	1	36;31121;31894;-;21.6	49;42312;42695;-;68.3	48;41983;42309;-;50.2	47;39443;41986;-;99.2	47;39443;41986;-;108.9	42;35194;35976;-;106.4	40;34161;34982;-;104.0		46;38739;39446;-;88.1	45;37833;38723;-;156.2	43;35989;37383;-;218.2	50;42809;43765;-;133.6	21;17370;18656;+;184.1		conjscan	conjscan_only	A	7/7	canonical	1	0	unscoreable	6	0	0														not_admitted	not_admitted	not_admitted	not_admitted	not_admitted	not_admitted	not_admitted
NZ_CP082968.1	MPF_F	IncFIB(K);IncFII(K)	218	0	0	GA	0															not_admitted	not_admitted	not_admitted	not_admitted	not_admitted	not_admitted	not_admitted	not_admitted	not_admitted	not_admitted	1	162;169898;170890;-;366.6	152;163077;164447;-;381.2	156;165649;166401;-;232.4	165;171916;174555;-;258.7	151;160228;163077;-;344.2	174;178370;179794;-;89.2	165;171916;174555;-;88.8	176;180521;181087;-;167.1	161;169247;169885;-;67.0	160;167244;169250;-;259.0	147;156102;158414;-;393.2	172;177189;177758;-;49.7	147;156102;158414;-;65.8	A	9/9	contiguous	24419	1	1	159695..160225-;176;unnamed;0
NZ_CP082976.1	MPF_F	IncFIB(pNDM-Mar);IncHI1B(pNDM-MAR)	377	0	0	GA	0															not_admitted	not_admitted	not_admitted	not_admitted	not_admitted	not_admitted	not_admitted	not_admitted	not_admitted	not_admitted	1	295;266501;267535;-;282.2	193;171827;173236;-;190.4	194;173226;174263;-;175.9	311;281182;283899;-;149.6	192;167917;171825;-;122.1	315;286012;287382;-;65.6	311;281182;283899;-;85.2	318;289028;289888;-;79.0	298;269296;270642;-;70.1	294;263309;266491;-;58.9	201;181461;183587;+;57.8	312;283944;284681;-;56.9	201;181461;183587;+;41.0	A	9/9	split_2	121111	0	1	
NZ_CP082977.1	MPF_T	-	76	0	0	GA	1		10;6389;6772;+;68.5	11;6775;7101;+;48.3	12;7098;9641;+;99.0	12;7098;9641;+;107.1	17;13117;13887;+;104.8	18;14078;15637;+;113.8		13;9638;10345;+;91.0	14;10361;11251;+;153.1	16;11710;13104;+;220.3	9;5319;6275;+;135.2	50;35341;37287;-;442.7		conjscan	conjscan_only	A	7/7	canonical	1	0	unscoreable	2	0	0														not_admitted	not_admitted	not_admitted	not_admitted	not_admitted	not_admitted	not_admitted
NZ_CP082981.1	MPF_T	IncN	60	0	0	GA	1	17;14420;15157;+;32.0		20;15800;16117;+;63.3	21;16117;18717;+;111.8	21;16117;18717;+;76.4	22;18735;19448;+;105.5	24;19699;20739;+;142.4		25;20958;21656;+;131.9	26;21667;22551;+;159.7	27;22551;23711;+;156.3	28;23753;24748;+;81.2	36;30755;32284;-;38.5		pfam	both	A	7/7	canonical	1	0	unscoreable	10	0	0														not_admitted	not_admitted	not_admitted	not_admitted	not_admitted	not_admitted	not_admitted
NZ_CP082986.1	MPF_F	IncFIB(pNDM-Mar);IncHI1B(pNDM-MAR)	377	0	0	GA	0															not_admitted	not_admitted	not_admitted	not_admitted	not_admitted	not_admitted	not_admitted	not_admitted	not_admitted	not_admitted	1	295;266501;267535;-;282.2	193;171827;173236;-;190.4	194;173226;174263;-;175.9	311;281182;283899;-;149.6	192;167917;171825;-;122.1	315;286012;287382;-;65.6	311;281182;283899;-;85.2	318;289028;289888;-;79.0	298;269296;270642;-;70.1	294;263309;266491;-;58.9	201;181461;183587;+;57.8	312;283944;284681;-;56.9	201;181461;183587;+;41.0	A	9/9	split_2	121111	0	1	
NZ_CP082987.1	MPF_T	-	75	0	0	GA	1		20;13036;13419;+;68.5	21;13422;13748;+;48.3	22;13745;16288;+;99.0	22;13745;16288;+;107.1	27;19764;20534;+;104.8	28;20725;22284;+;113.8		23;16285;16992;+;91.0	24;17008;17898;+;153.1	26;18357;19751;+;220.3	19;11966;12922;+;135.2	60;41988;43934;-;442.7		conjscan	conjscan_only	A	7/7	canonical	1	0	unscoreable	2	0	0														not_admitted	not_admitted	not_admitted	not_admitted	not_admitted	not_admitted	not_admitted
NZ_CP082989.1	MPF_F	IncC	215	0	0	GA	0															not_admitted	not_admitted	not_admitted	not_admitted	not_admitted	not_admitted	not_admitted	not_admitted	not_admitted	not_admitted	1	108;80168;81175;+;332.9	204;163312;164745;+;339.2	203;162282;163310;+;221.7	103;74969;77416;+;354.2	205;164758;168372;+;375.3	45;26117;27277;+;156.3	103;74969;77416;+;128.6	96;64618;65244;+;92.1	106;78238;79503;+;67.6	109;81291;84086;+;145.3	87;58943;60808;+;47.4	99;67455;68033;+;100.2	87;58943;60808;+;52.0	A	9/9	split_3	138641	0	1	
NZ_CP082990.1	MPF_F	IncFII(K);repB(R1701)	143	0	0	GA	0															not_admitted	not_admitted	not_admitted	not_admitted	not_admitted	not_admitted	not_admitted	not_admitted	not_admitted	not_admitted	1	86;76413;77402;-;366.6	76;69499;70866;-;384.0	80;72124;72876;-;233.7	90;78845;81484;-;258.5	75;66650;69499;-;343.1	97;84677;86101;-;89.2	90;78845;81484;-;88.2	99;86828;87394;-;169.3	85;75762;76400;-;66.9	84;73748;75703;-;259.7	71;61876;64188;-;393.1	96;83979;84563;-;53.6	71;61876;64188;-;66.6	A	9/9	contiguous	24952	1	1	66114..66647-;177;unnamed;0
NZ_CP083001.1	MPF_F	IncFIB(K);IncFII(K);IncR	171	0	0	GA	0															not_admitted	not_admitted	not_admitted	not_admitted	not_admitted	not_admitted	not_admitted	not_admitted	not_admitted	not_admitted	1	75;51929;52729;+;287.0			72;48264;50903;+;258.7		63;43025;44449;+;89.2	72;48264;50903;+;88.8	61;41732;42298;+;167.0				65;45061;45630;+;49.7		D	4/9	contiguous	10197	0	0	
NZ_CP083002.1	MPF_T	IncN4	50	0	0	GA	1	23;12906;13646;+;34.8	25;13970;14260;+;45.3	26;14310;14624;+;65.3	27;14624;17254;+;123.6	27;14624;17254;+;87.4	28;17264;17971;+;114.7	30;18230;19273;+;126.3	31;19368;19538;+;41.4	32;19541;20257;+;145.7	33;20260;21147;+;144.4	34;21144;22298;+;173.4	35;22291;23322;+;78.1	40;27729;29306;-;54.8		pfam	both	A	7/7	canonical	1	0	ga	6	0	0														not_admitted	not_admitted	not_admitted	not_admitted	not_admitted	not_admitted	not_admitted
NZ_CP083008.1	MPF_F	IncFIB(K);IncFIB(pQil);IncFII(K)	242	0	0	GA	0															not_admitted	not_admitted	not_admitted	not_admitted	not_admitted	not_admitted	not_admitted	not_admitted	not_admitted	not_admitted	1	185;168143;169132;-;366.0	175;161229;162596;-;380.7	179;163854;164606;-;233.7	189;170575;173214;-;258.5	174;158380;161229;-;345.6	198;177029;178453;-;89.2	189;170575;173214;-;88.7	200;179180;179746;-;167.0	184;167492;168130;-;67.0	183;165478;167433;-;259.7	170;153582;155894;-;392.7	196;175848;176417;-;49.7	170;153582;155894;-;66.5	A	9/9	contiguous	25598	1	1	157819..158367-;182;unnamed;0
NZ_CP083009.1	MPF_T	IncX3	56	0	0	GA	1	32;28642;29286;-;46.4	31;28368;28658;-;73.1	30;25590;28343;-;47.0	30;25590;28343;-;145.4	30;25590;28343;-;73.3	29;24810;25580;-;60.1	27;23476;24531;-;133.2		26;22553;23281;-;119.4	25;21618;22547;-;138.8	24;20407;21621;-;128.3	22;19177;20211;-;65.7	21;17339;19174;-;495.9		pfam	pfam_only	A	7/7	canonical	1	1	unscoreable	2	0	0														not_admitted	not_admitted	not_admitted	not_admitted	not_admitted	not_admitted	not_admitted
NZ_CP083033.1	MPF_F	IncFIB(K);IncFII(K);IncFII(pAR0022)	204	0	0	GA	0															not_admitted	not_admitted	not_admitted	not_admitted	not_admitted	not_admitted	not_admitted	not_admitted	not_admitted	not_admitted	1	116;116489;117478;-;366.6	106;109575;110942;-;384.1	110;112200;112952;-;233.7	120;118935;121574;-;258.5	105;106753;109575;-;346.4	130;125478;126902;-;89.5	120;118935;121574;-;88.7	132;127629;128195;-;167.0	115;115838;116476;-;66.9	114;113824;115779;-;259.4	101;101828;104137;-;393.1	128;124282;124866;-;53.8	101;101828;104137;-;66.6	A	9/9	contiguous	25801	1	1	106128..106730-;200;TraS;0
NZ_CP083037.1	MPF_F	IncFIB(K);IncFII(K)	213	0	0	GA	0															not_admitted	not_admitted	not_admitted	not_admitted	not_admitted	not_admitted	not_admitted	not_admitted	not_admitted	not_admitted	1	145;140697;141686;-;363.3	134;133511;134878;-;383.5	138;136136;136888;-;233.7	149;143143;145782;-;259.0	133;130689;133511;-;346.5	160;149750;151174;-;88.0	149;143143;145782;-;88.7	162;151901;152467;-;167.9	143;139774;140421;-;66.9	142;137760;139715;-;259.7	129;125759;128071;-;392.8	157;148554;149138;-;53.8	129;125759;128071;-;65.9	A	9/9	contiguous	26142	1	1	130064..130666-;200;TraS;0
NZ_CP083044.1	MPF_F	IncFIB(pNDM-Mar);IncHI1B(pNDM-MAR)	281	0	0	GA	0															not_admitted	not_admitted	not_admitted	not_admitted	not_admitted	not_admitted	not_admitted	not_admitted	not_admitted	not_admitted	1	207;185023;186060;-;282.3	74;57920;59329;+;190.4	73;56893;57930;+;175.7	221;198117;200834;-;149.6	75;59331;63299;+;121.3	225;202947;204317;-;65.6	221;198117;200834;-;85.2	228;205963;206823;-;79.0	208;186057;187418;-;69.9	206;181828;185013;-;59.9	66;47568;49694;-;57.7	222;200879;201616;-;56.9	66;47568;49694;-;41.0	A	9/9	split_2	158395	0	1	
NZ_CP083045.1	MPF_F	IncFIB(K);IncFII(K);IncFII(pAR0022)	219	0	0	GA	0															not_admitted	not_admitted	not_admitted	not_admitted	not_admitted	not_admitted	not_admitted	not_admitted	not_admitted	not_admitted	1	163;174120;175112;-;366.6	153;167217;168584;-;381.2	157;169842;170594;-;233.7	165;176127;178766;-;258.7	152;164368;167217;-;345.6	174;182581;184005;-;89.2	165;176127;178766;-;88.8	176;184732;185298;-;167.0	162;173469;174107;-;67.0	161;171466;173472;-;259.6	148;159570;161882;-;392.7	172;181400;181969;-;49.7	148;159570;161882;-;66.6	A	9/9	contiguous	25162	1	1	163807..164355-;182;unnamed;0
NZ_CP083048.1	MPF_F	IncFIB(pNDM-Mar);IncHI1B(pNDM-MAR)	281	0	0	GA	0															not_admitted	not_admitted	not_admitted	not_admitted	not_admitted	not_admitted	not_admitted	not_admitted	not_admitted	not_admitted	1	207;185023;186060;-;282.3	74;57920;59329;+;190.4	73;56893;57930;+;175.7	221;198117;200834;-;149.6	75;59331;63299;+;121.3	225;202947;204317;-;65.6	221;198117;200834;-;85.2	228;205963;206823;-;79.0	208;186057;187418;-;69.9	206;181828;185013;-;59.9	66;47568;49694;-;57.7	222;200879;201616;-;56.9	66;47568;49694;-;41.0	A	9/9	split_2	158395	0	1	
NZ_CP083049.1	MPF_F	IncFIB(K);IncFII(K);IncFII(pAR0022)	219	0	0	GA	0															not_admitted	not_admitted	not_admitted	not_admitted	not_admitted	not_admitted	not_admitted	not_admitted	not_admitted	not_admitted	1	163;174120;175112;-;366.6	153;167217;168584;-;381.2	157;169842;170594;-;233.7	165;176127;178766;-;258.7	152;164368;167217;-;345.6	174;182581;184005;-;89.2	165;176127;178766;-;88.8	176;184732;185298;-;167.0	162;173469;174107;-;67.0	161;171466;173472;-;259.6	148;159570;161882;-;392.7	172;181400;181969;-;49.7	148;159570;161882;-;66.6	A	9/9	contiguous	25162	1	1	163807..164355-;182;unnamed;0
NZ_CP083071.1	MPF_F	IncFIB(pNDM-Mar);IncHI1B(pNDM-MAR)	227	0	0	GA	0															not_admitted	not_admitted	not_admitted	not_admitted	not_admitted	not_admitted	not_admitted	not_admitted	not_admitted	not_admitted	1	157;134671;135708;-;282.3	70;53117;54526;+;190.4	69;52090;53127;+;176.7	170;146540;149257;-;149.6	71;54528;58496;+;120.1	174;151370;152737;-;65.6	170;146540;149257;-;85.2	177;154383;155243;-;79.0	158;135705;137066;-;69.9	156;131479;134661;-;60.1	62;42765;44891;-;57.7	171;149302;150039;-;57.0	62;42765;44891;-;41.0	A	9/9	split_2	111618	0	1	
NZ_CP083072.1	MPF_F	IncFIB(K);IncFII(K)	210	0	0	GA	0															not_admitted	not_admitted	not_admitted	not_admitted	not_admitted	not_admitted	not_admitted	not_admitted	not_admitted	not_admitted	1	142;136307;137296;-;363.3	131;129121;130488;-;383.5	135;131746;132498;-;233.7	146;138753;141392;-;259.0	130;126299;129121;-;346.5	157;145360;146784;-;88.0	146;138753;141392;-;88.7	159;147511;148077;-;167.9	140;135384;136031;-;66.9	139;133370;135325;-;259.7	126;121369;123681;-;392.8	154;144164;144748;-;53.8	126;121369;123681;-;65.9	A	9/9	contiguous	26142	1	1	125674..126276-;200;TraS;0
NZ_CP083076.1	MPF_F	IncFII(K);repB(R1701)	134	0	0	GA	0															not_admitted	not_admitted	not_admitted	not_admitted	not_admitted	not_admitted	not_admitted	not_admitted	not_admitted	not_admitted	1	108;106486;107478;+;363.2	118;113025;114392;+;384.3	114;111015;111767;+;233.7	105;102821;105460;+;259.0	119;114392;117235;+;346.4	98;98023;99447;+;89.3	105;102821;105460;+;88.7	96;96730;97296;+;169.3	109;107491;108129;+;66.0	110;108188;110143;+;259.6	124;119925;122237;+;392.5	99;99521;100105;+;54.4	124;119925;122237;+;66.6	A	9/9	contiguous	23195	1	1	117246..117779+;177;unnamed;0
NZ_CP083082.1	MPF_F	IncFIB(K);IncFII(K);IncFII(pAR0022)	209	0	0	GA	0															not_admitted	not_admitted	not_admitted	not_admitted	not_admitted	not_admitted	not_admitted	not_admitted	not_admitted	not_admitted	1	163;166387;167376;-;363.3	152;159201;160568;-;384.1	156;161826;162578;-;233.7	167;168833;171472;-;259.0	151;156379;159201;-;346.4	177;175440;176864;-;89.5	167;168833;171472;-;88.7	179;177591;178157;-;167.0	161;165464;166111;-;65.9	160;163450;165405;-;259.4	147;151451;153763;-;393.1	175;174244;174828;-;53.8	147;151451;153763;-;66.6	A	9/9	contiguous	26140	1	1	155754..156356-;200;TraS;0
NZ_CP083240.1	MPF_T	-	266	0	0	GA	1		135;147873;148244;+;82.7	136;148237;148536;+;62.6	137;148546;151002;+;178.3	137;148546;151002;+;129.8	138;150974;151774;+;53.7	140;151965;153155;+;113.5		141;153174;153833;+;121.9	142;153815;154687;+;190.0	144;155156;156442;+;228.7	134;146915;147883;+;129.6	13;14022;15953;+;539.5		conjscan	conjscan_only	A	7/7	canonical	1	0	unscoreable	3	0	0														not_admitted	not_admitted	not_admitted	not_admitted	not_admitted	not_admitted	not_admitted
NZ_CP083242.1	MPF_T	-	193	0	0	GA	1	163;179317;180015;-;75.7	162;179001;179303;-;73.7	161;178708;179004;-;88.1	160;176289;178700;-;121.4	160;176289;178700;-;102.9	158;174683;175393;-;31.2	156;173084;174214;-;140.6		155;172374;173087;-;213.0	154;171574;172377;-;206.3	153;170221;171567;-;211.8	152;169221;170258;-;126.0	151;167083;169224;-;261.8		pfam	pfam_only	A	7/7	canonical	1	0	unscoreable	2	0	0														not_admitted	not_admitted	not_admitted	not_admitted	not_admitted	not_admitted	not_admitted
NZ_CP083243.1	MPF_T	-	78	0	0	GA	1		45;48871;49242;-;82.6	44;48579;48878;-;62.0	43;46113;48569;-;174.4	43;46113;48569;-;129.7	42;45341;46141;-;51.5	40;43963;45150;-;113.0		39;43285;43944;-;121.1	38;42431;43303;-;191.3	36;40676;41962;-;229.8	46;49232;50200;-;129.6	24;23981;25879;-;534.7		conjscan	conjscan_only	A	7/7	canonical	1	0	unscoreable	3	0	0														not_admitted	not_admitted	not_admitted	not_admitted	not_admitted	not_admitted	not_admitted
NZ_CP083264.1	MPF_F	IncFIC(FII)	115	0	0	GA	0															not_admitted	not_admitted	not_admitted	not_admitted	not_admitted	not_admitted	not_admitted	not_admitted	not_admitted	not_admitted	1	90;77222;78214;+;368.6	101;83897;85273;+;374.3	94;80943;81686;+;235.0	87;73586;76213;+;305.4	102;85270;88086;+;386.1	80;70104;71531;+;94.3	87;73586;76213;+;98.5	78;68823;69389;+;183.8	91;78223;78861;+;67.3	92;78858;80666;+;268.4	105;89649;91802;+;391.1	84;72555;73070;+;77.3	105;89649;91802;+;69.2	A	9/9	contiguous	20826	1	1	88119..88640+;173;unnamed;0
NZ_CP083363.1	-	-	146	0	0	GA	1	8;6083;6598;+;49.2	48;43374;43703;-;65.8	47;43049;43363;-;30.7	46;40595;43009;-;51.6	46;40595;43009;-;99.0	45;39840;40598;-;35.2	43;37569;38885;-;96.0		41;36677;37351;-;144.3	40;35796;36668;-;159.7	38;34125;35381;-;191.0	44;38882;39829;-;135.8	16;11682;13643;+;40.1		conjscan	conjscan_only	A	7/7	canonical	1	0	unscoreable	10	0	0														not_admitted	not_admitted	not_admitted	not_admitted	not_admitted	not_admitted	not_admitted
NZ_CP083364.1	-	-	76	0	0	GA	1	72;64516;65031;+;49.4	42;41811;42140;+;65.8	43;42151;42465;+;30.4	44;42505;44919;+;51.1	44;42505;44919;+;99.0	45;44916;45674;+;33.7	47;46629;47939;+;98.8		48;47953;48627;+;144.4	49;48636;49520;+;159.6	51;49935;51191;+;189.9	46;45685;46632;+;135.0			conjscan	conjscan_only	B	6/7	canonical	1	0	unscoreable	21	0	0														not_admitted	not_admitted	not_admitted	not_admitted	not_admitted	not_admitted	not_admitted
NZ_CP083369.1	MPF_T	-	83	0	0	GA	1	29;25948;26820;-;23.4		27;25107;25397;-;58.5	26;22459;25107;-;105.3	26;22459;25107;-;88.2	25;21684;22457;-;102.9	23;20362;21420;-;124.9	22;20078;20269;-;48.0	21;19359;20081;-;126.9	20;18481;19359;-;149.0	19;17327;18484;-;163.2	18;16284;17315;-;80.8	70;56533;58071;+;51.0		pfam	both	A	7/7	canonical	1	0	ga	2	0	0														not_admitted	not_admitted	not_admitted	not_admitted	not_admitted	not_admitted	not_admitted
NZ_CP083371.1	MPF_T	-	1749	0	0	GA	1	1334;1428959;1430407;-;59.9	940;1003544;1003840;+;89.3	941;1003846;1004163;+;79.1	942;1004167;1006533;+;169.7	942;1004167;1006533;+;106.4	943;1006533;1007225;+;193.6	945;1007368;1008300;+;149.1		947;1008626;1009297;+;208.3	948;1009294;1010175;+;178.9	949;1010172;1011344;+;173.4	950;1011355;1012350;+;110.5	958;1018646;1019551;-;222.9		pfam	both	A	7/7	canonical	1	0	unscoreable	9	0	0														not_admitted	not_admitted	not_admitted	not_admitted	not_admitted	not_admitted	not_admitted
NZ_CP083372.1	MPF_T	-	231	0	0	GA	1	39;34840;35397;-;90.7	38;34469;34792;-;75.0	181;160159;160485;-;69.3	180;157790;160159;-;204.7	36;31771;34182;-;100.8	33;29903;30619;-;38.7	31;28700;29524;-;94.6		28;27114;27848;-;183.6	27;26332;27114;-;181.2	26;24911;26335;-;194.5	25;23916;24914;-;135.3	156;136024;137592;+;486.9		pfam	pfam_only	A	7/7	canonical	1	0	unscoreable	6	0	0														not_admitted	not_admitted	not_admitted	not_admitted	not_admitted	not_admitted	not_admitted
NZ_CP083373.1	-	-	827	0	0	GA	1	348;323694;324302;-;84.0	347;323321;323644;-;74.8	346;323029;323262;-;51.2	345;320621;323032;-;143.5	345;320621;323032;-;98.9	343;318737;319453;-;43.3	341;317533;318552;-;125.4		338;315979;316707;-;187.7	337;315197;315979;-;181.1	336;313779;315200;-;190.2	335;312784;313782;-;136.2	334;310664;312787;-;276.5		pfam	pfam_only	A	7/7	canonical	1	0	unscoreable	3	0	0														not_admitted	not_admitted	not_admitted	not_admitted	not_admitted	not_admitted	not_admitted
NZ_CP083375.1	MPF_T	-	141	0	0	GA	1		111;132222;132629;-;76.8	110;131930;132229;-;62.8	109;129465;131945;-;185.7	109;129465;131945;-;126.3	108;128684;129460;-;43.5	106;127270;128466;-;106.6		105;126574;127239;-;123.0	104;125711;126556;-;191.0	102;123949;125250;-;224.3	112;132619;133590;-;134.7	64;85646;87616;-;535.3		conjscan	conjscan_only	A	7/7	canonical	1	0	unscoreable	3	0	0														not_admitted	not_admitted	not_admitted	not_admitted	not_admitted	not_admitted	not_admitted
NZ_CP083446.1	MPF_F	IncU;repFIB;repHI5B	377	0	0	GA	0															not_admitted	not_admitted	not_admitted	not_admitted	not_admitted	not_admitted	not_admitted	not_admitted	not_admitted	not_admitted	1	369;338318;339355;+;282.2	78;69817;71259;-;188.4	79;71216;72253;-;172.4	358;324732;327449;+;143.5	77;65877;69842;-;117.7	354;321242;322609;+;63.7	358;324732;327449;+;80.6	351;318727;319587;+;73.7	368;336960;338321;+;71.7	370;339370;342546;+;58.7	86;79482;81608;+;62.0	357;323946;324683;+;56.3	86;79482;81608;+;39.7	A	9/9	split_2	273493	0	1	
NZ_CP083447.1	MPF_T	IncN	61	0	0	GA	1	47;36209;36943;+;32.5		50;37586;37903;+;63.3	51;37903;40503;+;113.8	51;37903;40503;+;76.4	52;40521;41234;+;105.5	54;41485;42525;+;142.4		55;42744;43442;+;131.9	56;43453;44337;+;159.7	57;44337;45497;+;156.3	58;45539;46534;+;81.2	8;9014;10543;-;38.5		pfam	both	A	7/7	canonical	1	0	unscoreable	3	0	0														not_admitted	not_admitted	not_admitted	not_admitted	not_admitted	not_admitted	not_admitted
NZ_CP083462.1	MPF_F	IncA	192	0	0	GA	0															not_admitted	not_admitted	not_admitted	not_admitted	not_admitted	not_admitted	not_admitted	not_admitted	not_admitted	not_admitted	1	87;64417;65421;+;330.1	181;147290;148723;+;335.4	180;146260;147288;+;224.1	82;59212;61659;+;350.7	182;148736;152341;+;377.7	77;50385;51701;+;136.3	82;59212;61659;+;130.4	75;48861;49487;+;94.3	85;62481;63749;+;69.7	88;65572;68310;+;139.4	66;43206;45071;+;46.9	78;51698;52276;+;98.1	66;43206;45071;+;51.6	A	9/9	split_2	105530	0	1	
NZ_CP083479.1	MPF_F	IncFIB(AP001918);IncFIC(FII)	158	0	0	GA	0															not_admitted	not_admitted	not_admitted	not_admitted	not_admitted	not_admitted	not_admitted	not_admitted	not_admitted	not_admitted	1	131;121762;122754;+;369.3	142;128440;129813;+;378.0	135;125483;126226;+;234.1	128;118126;120753;+;305.4	143;129810;132632;+;389.5	122;114644;116071;+;94.3	128;118126;120753;+;98.5	120;113363;113929;+;183.8	132;122763;123401;+;68.4	133;123398;125206;+;268.4	146;134161;136314;+;391.9	126;117095;117610;+;78.4	146;134161;136314;+;70.4	A	9/9	contiguous	20798	1	1	132654..133145+;163;TraS;0
NZ_CP083484.1	MPF_F	IncFIA;IncFII(pSE11);IncHI1B(pNDM-MAR)	242	0	0	GA	0															not_admitted	not_admitted	not_admitted	not_admitted	not_admitted	not_admitted	not_admitted	not_admitted	not_admitted	not_admitted	1	22;16213;17205;+;369.5	34;23260;24633;+;381.7	27;20311;21054;+;234.4	18;12572;14146;+;305.1	35;24630;26531;+;375.6	11;8102;9553;+;94.2	19;14143;15204;+;50.9	9;6821;7387;+;174.3	24;17549;18187;+;68.5	25;18184;20034;+;266.9	41;29902;31932;+;392.1	14;10414;10929;+;78.4	41;29902;31932;+;70.5	A	9/9	contiguous	23081	1	1	26506..27456+;316;unnamed;0
NZ_CP083498.1	MPF_F	IncFIA;IncFIB(AP001918);IncFIC(FII)	144	0	0	GA	0															not_admitted	not_admitted	not_admitted	not_admitted	not_admitted	not_admitted	not_admitted	not_admitted	not_admitted	not_admitted	1	20;15261;16253;+;369.3	34;22716;24089;+;378.0	27;19993;20502;+;190.8	17;11625;14252;+;305.4	35;24086;26908;+;389.5	11;8143;9570;+;94.3	17;11625;14252;+;98.5	9;6862;7428;+;182.9	21;16262;16900;+;68.4	22;16897;18705;+;268.4	38;28437;30590;+;391.9	15;10594;11109;+;78.4	38;28437;30590;+;70.4	A	9/9	contiguous	21575	1	1	26930..27421+;163;TraS;0
NZ_CP083504.1	MPF_F	IncFIB(AP001918);IncFII;IncQ1	129	0	0	GA	0															not_admitted	not_admitted	not_admitted	not_admitted	not_admitted	not_admitted	not_admitted	not_admitted	not_admitted	not_admitted	1	109;94131;95123;-;367.4	98;87072;88445;-;380.9	105;90659;91402;-;235.0	112;96132;98759;-;305.4	97;84250;87075;-;385.9	118;100814;102241;-;94.3	112;96132;98759;-;98.5	120;102956;103522;-;183.8	108;93484;94122;-;68.6	107;91679;93487;-;266.6	94;80558;82747;-;391.3	114;99275;99790;-;78.4	94;80558;82747;-;70.4	A	9/9	contiguous	22398	1	1	83744..84253-;169;unnamed;0
NZ_CP083513.1	MPF_F	IncFIA;IncFIB(AP001918);IncFIC(FII)	168	0	0	GA	0															not_admitted	not_admitted	not_admitted	not_admitted	not_admitted	not_admitted	not_admitted	not_admitted	not_admitted	not_admitted	1	34;24636;25628;+;369.3	45;31314;32687;+;378.0	38;28357;29100;+;234.5	31;21000;23627;+;305.4	46;32684;35506;+;389.5	25;17518;18945;+;94.3	31;21000;23627;+;98.5	23;16237;16803;+;182.9	35;25637;26275;+;68.4	36;26272;28080;+;268.4	49;37035;39188;+;391.9	29;19969;20484;+;78.4	49;37035;39188;+;70.4	A	9/9	contiguous	20798	1	1	35528..36019+;163;TraS;0
NZ_CP083550.1	MPF_T	-	53	0	0	GA	1	33;24126;25271;-;75.9	37;28130;28420;-;76.4	36;27839;28117;-;82.5	35;25486;27849;-;94.6	35;25486;27849;-;41.5	32;23284;24126;-;64.7	25;17903;18973;-;126.4		31;22617;23270;-;155.3	30;21914;22615;-;164.3	29;20580;21917;-;173.5	28;19584;20579;-;103.7	21;14935;16953;+;295.4		pfam	both	A	7/7	canonical	1	0	unscoreable	6	0	0														not_admitted	not_admitted	not_admitted	not_admitted	not_admitted	not_admitted	not_admitted
NZ_CP083551.1	-	-	55	0	0	GA	1	52;41114;41623;-;41.1	51;40810;41100;-;57.7	50;40475;40804;-;86.3	49;38118;40475;-;157.2	49;38118;40475;-;89.2	48;37420;38121;-;149.7	46;36264;37145;-;131.4		44;35357;36040;-;183.6	43;34509;35360;-;172.1	42;33367;34509;-;172.8	41;32334;33362;-;124.1	40;30205;32337;-;351.9		pfam	both	A	7/7	canonical	1	0	unscoreable	2	0	0														not_admitted	not_admitted	not_admitted	not_admitted	not_admitted	not_admitted	not_admitted
NZ_CP083555.1	-	-	104	0	0	GA	1	35;36753;37865;+;71.2	31;33607;33888;+;92.3	32;33904;34182;+;61.0	33;34157;36550;+;72.9	33;34157;36550;+;48.3	36;37862;38629;+;62.3	38;39064;40077;+;118.8		39;40119;40775;+;184.7	40;40781;41503;+;181.1	41;41506;42930;+;165.0	42;42927;43907;+;118.3	60;57910;59823;-;296.0		pfam	pfam_only	A	7/7	canonical	1	0	unscoreable	2	0	0														not_admitted	not_admitted	not_admitted	not_admitted	not_admitted	not_admitted	not_admitted
NZ_CP083576.1	MPF_T	-	45	0	0	GA	1	29;25320;26231;-;41.8	40;35074;35445;-;72.7	39;34778;35077;-;49.0	38;32125;34791;-;62.8	38;32125;34791;-;82.5	37;31460;32122;-;73.5	34;29951;30811;-;146.1		33;29280;29954;-;92.9	32;28473;29255;-;199.2	31;27251;28471;-;176.5	30;26218;27204;-;112.3	17;15004;16578;+;74.0		pfam	both	A	7/7	canonical	1	0	unscoreable	13	0	0														not_admitted	not_admitted	not_admitted	not_admitted	not_admitted	not_admitted	not_admitted
NZ_CP083578.1	MPF_T	-	54	0	0	GA	1	29;28445;29230;-;42.9	27;25579;25890;-;57.0	26;25225;25566;-;84.0	25;22730;25219;-;195.6	25;22730;25219;-;93.4	23;21836;22546;-;222.0	21;20413;21510;-;131.0		19;19360;20115;-;191.1	18;18485;19363;-;187.6	17;17355;18485;-;193.1	16;16256;17239;-;89.7	15;13324;16053;-;335.8		pfam	both	A	7/7	canonical	1	0	unscoreable	4	0	0														not_admitted	not_admitted	not_admitted	not_admitted	not_admitted	not_admitted	not_admitted
NZ_CP083579.1	MPF_T	-	50	0	0	GA	1	34;33382;34074;-;24.6	45;43599;43991;-;60.4	44;43276;43596;-;50.5	43;40742;43288;-;94.0	43;40742;43288;-;114.2	38;36392;37171;-;101.0	36;34539;36146;-;112.4		42;40032;40745;-;101.9	41;39126;40016;-;167.6	39;37190;38617;-;214.6	46;44004;44963;-;122.1	12;10095;12032;+;472.2		conjscan	conjscan_only	A	7/7	canonical	1	0	unscoreable	4	0	0														not_admitted	not_admitted	not_admitted	not_admitted	not_admitted	not_admitted	not_admitted
NZ_CP083586.1	MPF_F	IncHI2;IncHI2A;IncY	411	0	0	GA	0															not_admitted	not_admitted	not_admitted	not_admitted	not_admitted	not_admitted	not_admitted	not_admitted	not_admitted	not_admitted	1	27;31208;32266;+;276.9	330;300302;301717;-;194.1	331;301707;302753;-;174.3	11;8955;11636;+;168.0	329;296340;300293;-;101.7	7;5270;6625;+;80.7	11;8955;11636;+;72.2	4;2758;3546;+;74.8	25;29555;31066;+;61.8	28;32285;35473;+;57.3	338;309795;311879;+;56.8	10;7996;8946;+;46.1	338;309795;311879;+;38.8	A	9/9	split_3	307037	1	1	294870..296159-;429;unnamed;0
NZ_CP083611.1	MPF_T	IncHI1B(pNDM-MAR);IncN4;repB	292	0	0	GA	1	172;153974;154714;-;34.8	170;153360;153650;-;45.9	169;152996;153310;-;65.3	168;150366;152996;-;124.9	168;150366;152996;-;86.8	167;149649;150356;-;114.6	165;148347;149390;-;127.4	164;148082;148252;-;41.4	163;147363;148079;-;145.6	162;146473;147360;-;144.4	161;145322;146476;-;174.0	160;144298;145329;-;78.1	155;138313;139890;+;50.6		pfam	both	A	7/7	canonical	1	0	ga	6	0	0														not_admitted	not_admitted	not_admitted	not_admitted	not_admitted	not_admitted	not_admitted
NZ_CP083621.1	MPF_F	IncHI2;IncHI2A	334	0	0	GA	0															not_admitted	not_admitted	not_admitted	not_admitted	not_admitted	not_admitted	not_admitted	not_admitted	not_admitted	not_admitted	1	316;278110;279168;-;276.9	99;88181;89596;+;194.1	98;87145;88191;+;173.7	0;819;3500;-;168.0	100;89605;93555;+;101.6	4;5830;7185;-;80.7	0;819;3500;-;72.2	7;8909;9697;-;74.8	318;279310;280821;-;62.7	315;274903;278091;-;57.4	92;78020;80104;-;56.7	1;3509;4459;-;46.4	92;78020;80104;-;38.8	A	9/9	split_3	278491	0	1	
NZ_CP083632.1	MPF_F	IncFIA(HI1);IncFII(pKP91)	101	0	0	GA	0															not_admitted	not_admitted	not_admitted	not_admitted	not_admitted	not_admitted	not_admitted	not_admitted	not_admitted	not_admitted	1	20;15078;16070;+;366.6	30;21587;22954;+;381.2	26;19578;20330;+;232.2	17;11413;14052;+;259.3	31;22954;25776;+;346.6	10;6826;8250;+;89.3	17;11413;14052;+;88.8	8;5533;6099;+;168.5	21;16083;16721;+;66.0	22;16780;18735;+;259.7	34;27746;30049;+;393.2	11;8323;8892;+;52.9	34;27746;30049;+;65.9	A	9/9	contiguous	22213	1	1	25800..26402+;200;TraS;0
NZ_CP083634.1	MPF_F	IncFIB(K);IncFII(K)	163	0	0	GA	0															not_admitted	not_admitted	not_admitted	not_admitted	not_admitted	not_admitted	not_admitted	not_admitted	not_admitted	not_admitted	1	32;20558;21550;+;366.6	42;27067;28434;+;381.2	38;25058;25810;+;232.2	29;16881;19520;+;259.3	43;28434;31283;+;346.5	19;11637;13061;+;88.4	29;16881;19520;+;88.8	17;10344;10910;+;167.0	33;21563;22201;+;67.0	34;22260;24215;+;258.5	47;33099;35408;+;392.7	21;13691;14248;+;52.7	47;33099;35408;+;66.6	A	9/9	contiguous	22755	1	1	31286..31816+;176;unnamed;0
NZ_CP083642.1	MPF_F	IncHI2;IncHI2A	334	0	0	GA	0															not_admitted	not_admitted	not_admitted	not_admitted	not_admitted	not_admitted	not_admitted	not_admitted	not_admitted	not_admitted	1	191;171783;172841;+;276.9	74;62367;63782;-;194.1	75;63772;64818;-;173.7	173;148463;151144;+;168.0	73;58408;62358;-;101.6	169;144778;146133;+;80.7	173;148463;151144;+;72.2	166;142266;143054;+;74.8	189;170130;171641;+;62.7	192;172860;176048;+;57.4	81;71859;73943;+;56.7	172;147504;148454;+;46.4	81;71859;73943;+;38.8	A	9/9	split_3	114452	0	1	
NZ_CP083644.1	MPF_F	IncHI2;IncHI2A	334	0	0	GA	0															not_admitted	not_admitted	not_admitted	not_admitted	not_admitted	not_admitted	not_admitted	not_admitted	not_admitted	not_admitted	1	105;93585;94643;-;276.9	222;202644;204059;+;194.1	221;201608;202654;+;173.7	123;115282;117963;-;168.0	223;204068;208018;+;101.6	127;120293;121648;-;80.7	123;115282;117963;-;72.2	130;123372;124160;-;74.8	107;94785;96296;-;62.7	104;90378;93566;-;57.4	215;192483;194567;-;56.7	124;117972;118922;-;46.4	215;192483;194567;-;38.8	A	9/9	split_3	113690	0	1	
NZ_CP083652.1	MPF_F	-	210	0	0	GA	0															not_admitted	not_admitted	not_admitted	not_admitted	not_admitted	not_admitted	not_admitted	not_admitted	not_admitted	not_admitted	1	58;57527;58519;-;351.5	49;51237;52601;-;364.4	55;54295;55074;-;221.9	65;61580;64180;-;213.5	48;47845;51237;-;303.5	71;67304;68713;-;93.0	65;61580;64180;-;102.1	73;69462;70046;-;102.8	57;56897;57517;-;58.8	56;55074;56900;-;211.8	43;43224;45752;-;365.0	66;64177;64731;-;41.9	43;43224;45752;-;66.7	A	9/9	contiguous	26238	1	1	47236..47829-;197;unnamed;0
NZ_CP083653.1	MPF_F	IncFII(pECLA);repE(pEh60-7)	134	0	0	GA	0															not_admitted	not_admitted	not_admitted	not_admitted	not_admitted	not_admitted	not_admitted	not_admitted	not_admitted	not_admitted	1	38;46435;47433;-;353.9	30;40144;41508;-;358.6	35;43191;43970;-;216.3	45;50495;53095;-;219.5	29;37139;40144;-;301.5	50;54518;55927;-;92.9	45;50495;53095;-;95.4	52;56676;57260;-;105.3	37;45805;46425;-;59.0	36;43970;45808;-;219.7	25;32350;34905;-;365.4	47;53286;53840;-;43.7	25;32350;34905;-;71.6	A	9/9	contiguous	24326	1	1	36417..37130-;237;unnamed;0
NZ_CP083657.1	-	-	125	0	0	GA	1	8;9622;10317;+;42.6	109;87653;88084;+;48.3	110;88097;88432;+;32.4	111;88443;91031;+;70.4	111;88443;91031;+;95.8	114;91905;92663;+;33.4	116;92889;94850;+;100.7		117;94878;95615;+;92.1	118;95650;96552;+;145.9	119;96555;97976;+;198.2	99;76673;78214;+;192.4	6;6462;8987;+;296.5		conjscan	conjscan_only	A	7/7	canonical	1	0	unscoreable	12	0	0														not_admitted	not_admitted	not_admitted	not_admitted	not_admitted	not_admitted	not_admitted
NZ_CP083669.1	MPF_T	-	101	0	0	GA	1				15;11863;14070;+;22.8											none	none	D	1/7	uncallable	0	0	unscoreable	0	0	0														not_admitted	not_admitted	not_admitted	not_admitted	not_admitted	not_admitted	not_admitted
NZ_CP083702.1	MPF_F	IncFIA;IncFII	130	0	0	GA	0															not_admitted	not_admitted	not_admitted	not_admitted	not_admitted	not_admitted	not_admitted	not_admitted	not_admitted	not_admitted	1	57;55304;56296;-;371.6	48;48874;50247;-;380.2	53;51837;52346;-;189.6	60;57305;59932;-;303.5	47;46058;48877;-;386.2	66;62091;63518;-;91.9	60;57305;59932;-;99.0	68;64233;64799;-;182.9	56;54657;55295;-;64.9	55;52852;54660;-;268.2	44;42541;44526;-;392.2	61;60448;60963;-;76.4	44;42541;44526;-;70.7	A	9/9	contiguous	21692	1	1	45542..46033-;163;TraS;0
NZ_CP083703.1	MPF_T	IncX3	66	0	0	GA	1	29;18418;19062;+;46.4	30;19046;19336;+;73.1	31;19361;22114;+;47.0	31;19361;22114;+;145.4	31;19361;22114;+;73.3	32;22124;22894;+;60.1	34;23173;24228;+;133.2		35;24423;25151;+;119.4	36;25157;26086;+;138.8	37;26083;27297;+;128.3	39;27493;28527;+;65.7	40;28530;30365;+;495.9		pfam	pfam_only	A	7/7	canonical	1	1	unscoreable	2	0	0														not_admitted	not_admitted	not_admitted	not_admitted	not_admitted	not_admitted	not_admitted
NZ_CP083705.1	MPF_F	IncFII	185	0	0	GA	0															not_admitted	not_admitted	not_admitted	not_admitted	not_admitted	not_admitted	not_admitted	not_admitted	not_admitted	not_admitted	1	101;75931;76923;+;369.5	111;82702;84075;+;381.6	106;80029;80772;+;234.4	98;72292;74922;+;304.1	112;84072;86894;+;374.0	91;67896;69293;+;93.2	98;72292;74922;+;97.1	89;66562;67128;+;174.3	103;77267;77905;+;68.6	104;77902;79752;+;266.1	116;89166;91463;+;391.0	94;70153;70668;+;78.4	116;89166;91463;+;70.2	A	9/9	contiguous	22604	1	1	86916..87395+;159;TraS;0
NZ_CP083711.1	MPF_T	IncP1	73	0	0	GA	1	66;64431;65066;+;23.5	48;44175;44639;+;63.5	49;44643;44954;+;49.8	50;44951;46225;+;74.9	50;44951;46225;+;114.0	62;61082;61846;+;122.3	64;62094;63812;+;143.0		58;57445;58227;+;145.8	59;58245;59144;+;186.5	61;59640;61061;+;224.2	47;43196;44158;+;127.6	15;18621;20534;-;525.1		conjscan	conjscan_only	A	7/7	canonical	1	0	unscoreable	4	0	0														not_admitted	not_admitted	not_admitted	not_admitted	not_admitted	not_admitted	not_admitted
NZ_CP083722.1	MPF_T	-	188	0	0	GA	1		115;109476;109772;+;95.3	116;109772;110110;+;109.2	117;110103;112469;+;172.5	117;110103;112469;+;109.2	118;112466;113188;+;151.7	120;113442;114428;+;162.4		122;114780;115451;+;192.6	123;115448;116299;+;182.6	124;116311;117456;+;174.6	125;117453;118484;+;101.2	126;118450;120396;+;373.4		pfam	both	A	7/7	canonical	1	0	unscoreable	2	0	0														not_admitted	not_admitted	not_admitted	not_admitted	not_admitted	not_admitted	not_admitted
NZ_CP083747.1	MPF_F	-	412	0	0	GA	0															not_admitted	not_admitted	not_admitted	not_admitted	not_admitted	not_admitted	not_admitted	not_admitted	not_admitted	not_admitted	1	118;95704;96741;+;309.9	141;117716;119167;+;263.4	140;116715;117716;+;228.3	137;113055;115502;+;163.2	142;119177;123373;+;228.9	134;110771;111973;+;123.2	137;113055;115502;+;111.8	132;109294;109926;+;109.1	119;96689;97420;+;100.8	151;131299;132891;+;237.0	128;105423;107282;-;32.6	135;111988;112596;+;78.9	128;105423;107282;-;25.0	A	9/9	contiguous	35595	0	1	
NZ_CP083753.1	MPF_F	repB(R1701)	132	0	0	GA	0															not_admitted	not_admitted	not_admitted	not_admitted	not_admitted	not_admitted	not_admitted	not_admitted	not_admitted	not_admitted	1	73;67685;68674;-;366.6	63;60771;62138;-;384.0	67;63396;64148;-;233.3	77;70117;72756;-;258.5	62;57922;60771;-;346.4	84;75949;77373;-;89.2	77;70117;72756;-;88.2	86;78100;78666;-;169.3	72;67034;67672;-;66.9	71;65020;66975;-;259.7	58;53148;55460;-;393.1	83;75251;75835;-;53.6	58;53148;55460;-;66.6	A	9/9	contiguous	24952	1	1	57386..57919-;177;unnamed;0
NZ_CP083769.1	MPF_F	IncFIB(K);IncFII(K);IncFII(pAR0022)	283	0	0	GA	0															not_admitted	not_admitted	not_admitted	not_admitted	not_admitted	not_admitted	not_admitted	not_admitted	not_admitted	not_admitted	1	194;180439;181428;-;366.6	184;173525;174892;-;380.5	188;176150;176902;-;233.7	198;182882;185524;-;258.5	183;170676;173525;-;344.6	206;188718;190142;-;89.2	198;182882;185524;-;88.2	208;190869;191435;-;169.3	193;179788;180426;-;66.9	192;177774;179729;-;259.7	178;165904;168216;-;393.1	205;188020;188604;-;53.6	178;165904;168216;-;66.6	A	9/9	contiguous	24965	1	1	170143..170673-;176;unnamed;0
NZ_CP083776.1	MPF_F	IncFIB(K);IncFII(K);IncFII(pAR0022)	282	0	0	GA	0															not_admitted	not_admitted	not_admitted	not_admitted	not_admitted	not_admitted	not_admitted	not_admitted	not_admitted	not_admitted	1	195;189556;190545;-;366.6	185;182672;184039;-;381.2	189;185296;186048;-;231.5	199;191988;194627;-;256.8	184;179823;182672;-;345.0	207;197822;199246;-;89.2	199;191988;194627;-;88.8	209;199973;200539;-;169.3	194;188905;189543;-;67.0	193;186891;188846;-;259.2	179;175051;177363;-;393.1	206;197124;197708;-;54.3	179;175051;177363;-;66.6	A	9/9	contiguous	24922	1	1	179290..179820-;176;unnamed;0
NZ_CP083777.1	MPF_F	IncFII(Yp)	84	0	0	GA	0															not_admitted	not_admitted	not_admitted	not_admitted	not_admitted	not_admitted	not_admitted	not_admitted	not_admitted	not_admitted	1	61;45190;46182;+;362.9	70;51272;52642;+;378.1	67;49736;50488;+;223.8	58;41525;44164;+;259.1	71;52642;55521;+;342.9	48;36341;37762;+;87.4	58;41525;44164;+;83.9	46;35048;35614;+;167.2	62;46195;46833;+;66.0	63;46892;48847;+;255.2	73;56291;58591;+;390.5	50;38223;38786;+;55.8	73;56291;58591;+;65.8	A	9/9	contiguous	21243	1	1	55524..56054+;176;unnamed;0
NZ_CP083791.1	MPF_F	IncFIB(K);IncFII(K)	277	0	0	GA	0															not_admitted	not_admitted	not_admitted	not_admitted	not_admitted	not_admitted	not_admitted	not_admitted	not_admitted	not_admitted	1	231;234261;235250;-;363.3	220;227075;228442;-;382.2	224;229700;230452;-;236.4	235;236707;239346;-;259.0	219;224232;227075;-;342.9	246;243313;244737;-;88.8	235;236707;239346;-;87.6	248;245464;246030;-;167.9	229;233338;233985;-;65.9	228;231324;233279;-;259.5	215;219335;221647;-;392.8	243;242117;242701;-;53.8	215;219335;221647;-;65.9	A	9/9	contiguous	26129	1	1	223697..224221-;174;unnamed;0
NZ_CP083792.1	MPF_F	IncFIB(pNDM-Mar);RepB	297	0	0	GA	0															not_admitted	not_admitted	not_admitted	not_admitted	not_admitted	not_admitted	not_admitted	not_admitted	not_admitted	not_admitted	1	225;180196;181233;-;283.1	81;54519;55874;+;188.4	80;53435;54472;+;173.2	236;192067;194784;-;151.5	82;55849;59820;+;121.3	240;196897;198270;-;63.3	236;192067;194784;-;84.3	243;199916;200776;-;79.1	226;181230;182591;-;70.4	224;177004;180186;-;59.2	72;44124;46250;-;57.2	237;194829;195566;-;59.2	72;44124;46250;-;41.1	A	9/9	split_2	155792	0	1	
NZ_CP083797.1	MPF_F	IncFIB(K)(pCAV1099-114);IncFIB(pQil);IncFII(pKP91)	320	0	0	GA	0															not_admitted	not_admitted	not_admitted	not_admitted	not_admitted	not_admitted	not_admitted	not_admitted	not_admitted	not_admitted	1	105;77801;78793;+;366.6	115;84310;85677;+;379.8	111;82301;83053;+;232.2	102;74136;76775;+;259.3	116;85677;88499;+;346.6	92;68887;70311;+;88.4	102;74136;76775;+;88.8	90;67594;68160;+;167.0	106;78806;79444;+;67.0	107;79503;81458;+;258.5	120;90468;92777;+;391.8	94;70947;71504;+;52.7	120;90468;92777;+;66.6	A	9/9	contiguous	22874	1	1	88523..89125+;200;TraS;0
NZ_CP083798.1	MPF_F	IncFII(Yp)	136	0	0	GA	0															not_admitted	not_admitted	not_admitted	not_admitted	not_admitted	not_admitted	not_admitted	not_admitted	not_admitted	not_admitted	1	107;92202;93194;+;372.3	121;100506;101876;+;383.1	115;97707;98459;+;223.0	104;88537;91176;+;254.8	122;101876;104755;+;333.2	96;83925;85346;+;86.6	104;88537;91176;+;88.2	94;82638;83204;+;159.4	108;93207;93854;+;68.8	110;94231;96186;+;253.1	126;107533;109851;+;389.0	98;85807;86391;+;55.9	126;107533;109851;+;65.6	A	9/9	contiguous	24895	1	1	104772..105440+;222;unnamed;0
NZ_CP083810.1	MPF_G	-	213	0	0	GA	0															not_admitted	not_admitted	not_admitted	not_admitted	not_admitted	not_admitted	not_admitted	not_admitted	not_admitted	not_admitted	1	41;35650;36627;+;200.1			36;29032;31893;+;286.3	44;38470;39978;+;259.8						26;20903;23002;+;38.0		26;20903;23002;+;47.1	D	3/9	contiguous	17567	0	0	
NZ_CP083816.1	MPF_F	IncFIB(K);IncFII(Yp);IncFII(pAR0022)	153	0	0	GA	0															not_admitted	not_admitted	not_admitted	not_admitted	not_admitted	not_admitted	not_admitted	not_admitted	not_admitted	not_admitted	1	99;116892;117878;-;368.4	91;110809;112179;-;376.7	95;113396;114145;-;218.2	102;118872;121502;-;285.5	90;107987;110809;-;336.4	108;123530;124924;-;90.9	102;118872;121502;-;98.6	110;125641;126207;-;169.9	98;116246;116875;-;66.9	97;114396;116249;-;257.4	85;102122;104296;-;384.9	107;122969;123508;-;64.9	85;102122;104296;-;63.9	A	9/9	contiguous	23519	1	1	107534..107965-;143;TraS;0
NZ_CP083820.1	MPF_F	IncFIB(K);IncFII(Yp);IncFII(pAR0022)	110	0	0	GA	0															not_admitted	not_admitted	not_admitted	not_admitted	not_admitted	not_admitted	not_admitted	not_admitted	not_admitted	not_admitted	1	61;59255;60241;-;368.4	53;53172;54542;-;377.1	57;55759;56508;-;218.2	64;61235;63865;-;285.5	52;50350;53172;-;336.5	70;65893;67287;-;90.9	64;61235;63865;-;98.6	72;68004;68570;-;169.9	60;58609;59238;-;66.9	59;56759;58612;-;257.4	49;46786;49014;-;384.8	69;65332;65871;-;64.9	49;46786;49014;-;63.9	A	9/9	contiguous	21218	1	1	49897..50328-;143;TraS;0
NZ_CP083829.1	MPF_F	IncFIB(pECLA);IncFII(pECLA)	152	0	0	GA	0															not_admitted	not_admitted	not_admitted	not_admitted	not_admitted	not_admitted	not_admitted	not_admitted	not_admitted	not_admitted	1	97;74936;75934;+;360.7	105;80829;82193;+;367.2	100;78421;79203;+;213.1	89;68931;71540;+;219.2	106;82193;85483;+;307.2	81;64967;66376;+;97.0	89;68931;71540;+;102.7	79;63637;64218;+;92.0	98;75945;76568;+;63.6	99;76565;78424;+;214.9	131;104110;106677;+;360.5	87;68129;68683;+;43.2	131;104110;106677;+;73.2	A	9/9	split_2	40473	1	1	85485..86174+;229;unnamed;0
NZ_CP083831.1	MPF_F	IncHI2;IncHI2A	396	0	0	GA	0															not_admitted	not_admitted	not_admitted	not_admitted	not_admitted	not_admitted	not_admitted	not_admitted	not_admitted	not_admitted	1	29;32275;33333;+;276.9	306;292454;293869;-;194.1	307;293859;294905;-;173.7	11;8955;11636;+;168.0	305;288495;292445;-;101.6	7;5270;6625;+;80.7	11;8955;11636;+;72.2	4;2758;3546;+;74.8	27;30622;32133;+;62.7	30;33352;36540;+;58.3	313;301946;304030;+;56.7	10;7996;8946;+;46.4	313;301946;304030;+;38.8	A	9/9	split_3	299188	0	1	
NZ_CP083832.1	MPF_F	IncFIB(pECLA);IncFII(pECLA)	139	0	0	GA	0															not_admitted	not_admitted	not_admitted	not_admitted	not_admitted	not_admitted	not_admitted	not_admitted	not_admitted	not_admitted	1	122;102420;103418;+;360.7	130;108334;109698;+;367.2	125;105908;106690;+;213.5	114;96881;99490;+;223.4	131;109698;112979;+;309.0	106;92235;93305;+;98.0	114;96881;99490;+;103.5	104;90565;91146;+;94.6	123;103429;104052;+;63.5	124;104049;105911;+;216.3		112;96079;96633;+;43.8		A	9/9	contiguous	19133	1	1	112988..113695+;235;unnamed;0
NZ_CP083835.1	-	pKPC-CAV1321	438	0	0	GA	0															not_admitted	not_admitted	not_admitted	not_admitted	not_admitted	not_admitted	not_admitted	not_admitted	not_admitted	not_admitted	1	294;255521;256588;+;276.8	319;274934;276376;+;260.7	318;273837;274937;+;198.4	290;250927;253413;+;223.8	320;276391;279909;+;240.0	286;246302;247699;+;109.8	290;250927;253413;+;120.8	284;244393;245019;+;87.1	293;254211;255524;+;41.0	322;280345;283002;+;136.9	278;239869;241845;+;22.7	287;247696;248262;+;71.6	278;239869;241845;+;33.5	A	9/9	contiguous	40476	0	1	
NZ_CP083836.1	MPF_F	IncFII(Yp);IncFII(pAR0022)	63	0	0	GA	0															not_admitted	not_admitted	not_admitted	not_admitted	not_admitted	not_admitted	not_admitted	not_admitted	not_admitted	not_admitted	1	24;27635;28621;-;368.3	17;21966;23339;-;375.9	20;24139;24888;-;217.5	27;29615;32245;-;285.5	16;19147;21966;-;335.9	33;34273;35667;-;90.9	27;29615;32245;-;98.6	35;36384;36950;-;169.9	23;26989;27618;-;66.7	22;25139;26992;-;258.2	13;15518;17749;-;384.8	32;33712;34251;-;64.9	13;15518;17749;-;63.9	A	9/9	contiguous	20866	1	1	18649..19122-;157;TraS;0
NZ_CP083837.1	MPF_T	IncX5	54	0	0	GA	1	51;40308;40952;-;36.9	50;40034;40324;-;69.0	49;37253;40012;-;42.6	49;37253;40012;-;132.2	49;37253;40012;-;70.5	48;36496;37245;-;54.3	46;35162;36217;-;135.2		45;34194;34922;-;120.9	44;33260;34189;-;134.2	43;32052;33263;-;136.9	42;30997;32040;-;64.1	41;29159;30994;-;504.8		pfam	pfam_only	A	7/7	canonical	1	1	unscoreable	1	0	0														not_admitted	not_admitted	not_admitted	not_admitted	not_admitted	not_admitted	not_admitted
NZ_CP083843.1	MPF_F	IncHI2;IncHI2A	303	0	0	GA	0															not_admitted	not_admitted	not_admitted	not_admitted	not_admitted	not_admitted	not_admitted	not_admitted	not_admitted	not_admitted	1	302;272834;273892;+;276.9	168;146030;147445;-;194.1	169;147435;148481;-;173.7	284;249514;252195;+;168.0	167;142071;146021;-;101.6	280;245829;247184;+;80.7	284;249514;252195;+;72.2	277;243317;244105;+;74.8	300;271181;272692;+;62.7	0;60;2294;+;59.7	175;155522;157606;+;56.7	283;248555;249505;+;46.4	175;155522;157606;+;38.8	A	9/9	split_4	272774	0	1	
NZ_CP083845.1	MPF_T	-	57	0	0	GA	1	53;49550;50212;+;48.3	54;50223;50522;+;35.8	55;50532;53282;+;61.8	55;50532;53282;+;134.0	55;50532;53282;+;47.3	56;53301;54017;+;136.0	0;40;1047;+;138.0		2;1257;1943;+;158.3	3;1936;2829;+;147.4	4;2826;4022;+;135.3	5;4026;5075;+;71.5	12;9813;11720;+;24.4		pfam	pfam_only	A	7/7	rearranged	1	1	unscoreable	7	0	0														not_admitted	not_admitted	not_admitted	not_admitted	not_admitted	not_admitted	not_admitted
NZ_CP083850.1	MPF_F	IncHI2;IncHI2A	307	0	0	GA	0															not_admitted	not_admitted	not_admitted	not_admitted	not_admitted	not_admitted	not_admitted	not_admitted	not_admitted	not_admitted	1	29;32275;33333;+;276.9	210;198748;200163;-;194.1	211;200153;201199;-;173.7	11;8955;11636;+;168.0	209;194789;198739;-;101.6	7;5270;6625;+;80.7	11;8955;11636;+;72.2	4;2758;3546;+;74.8	27;30622;32133;+;62.7	30;33352;36540;+;58.3	217;208240;210324;+;56.7	10;7996;8946;+;46.4	217;208240;210324;+;38.8	A	9/9	split_3	205482	0	1	
NZ_CP083854.1	MPF_F	IncHI2;IncHI2A	322	0	0	GA	0															not_admitted	not_admitted	not_admitted	not_admitted	not_admitted	not_admitted	not_admitted	not_admitted	not_admitted	not_admitted	1	29;32276;33334;+;276.9	225;212805;214220;-;194.1	226;214210;215256;-;173.7	11;8955;11636;+;168.0	224;208846;212796;-;101.6	7;5270;6625;+;80.7	11;8955;11636;+;72.2	4;2758;3546;+;74.8	27;30623;32134;+;62.7	30;33353;36541;+;58.3	232;222297;224381;+;56.7	10;7996;8946;+;46.4	232;222297;224381;+;38.8	A	9/9	split_3	219539	0	1	
NZ_CP083858.1	MPF_F	IncHI2;IncHI2A	264	0	0	GA	0															not_admitted	not_admitted	not_admitted	not_admitted	not_admitted	not_admitted	not_admitted	not_admitted	not_admitted	not_admitted	1	29;32275;33333;+;276.9	167;163830;165245;-;194.1	168;165235;166281;-;173.7	11;8955;11636;+;168.0	166;159871;163821;-;101.6	7;5270;6625;+;80.7	11;8955;11636;+;72.2	4;2758;3546;+;74.8	27;30622;32133;+;62.7	30;33352;36540;+;58.3	174;173322;175406;+;56.7	10;7996;8946;+;46.4	174;173322;175406;+;38.8	A	9/9	split_3	170564	0	1	
NZ_CP083863.1	MPF_F	IncHI2;IncHI2A	308	0	0	GA	0															not_admitted	not_admitted	not_admitted	not_admitted	not_admitted	not_admitted	not_admitted	not_admitted	not_admitted	not_admitted	1	29;32275;33333;+;276.9	178;165037;166452;-;194.1	179;166442;167488;-;173.7	11;8955;11636;+;168.0	177;161078;165028;-;101.6	7;5270;6625;+;80.7	11;8955;11636;+;72.2	4;2758;3546;+;74.8	27;30622;32133;+;62.7	33;36950;37741;+;25.2	185;174529;176613;+;56.7	10;7996;8946;+;46.4	185;174529;176613;+;38.8	A	9/9	split_3	171771	0	1	
NZ_CP083864.1	MPF_T	IncN2	66	0	0	GA	1	58;51950;52732;-;33.3	56;51407;51703;-;36.0	55;51050;51367;-;71.9	54;48476;51049;-;118.0	54;48476;51049;-;74.2	53;47747;48460;-;107.4	51;46441;47478;-;119.6	50;46233;46364;-;40.1	49;45527;46222;-;132.6	48;44629;45516;-;147.8	47;43496;44629;-;166.3	46;42444;43445;-;90.1	20;12623;14155;+;51.8		pfam	both	A	7/7	canonical	1	0	ga	2	0	0														not_admitted	not_admitted	not_admitted	not_admitted	not_admitted	not_admitted	not_admitted
NZ_CP083867.1	MPF_F	IncFIA;IncFIB(AP001918);IncFII	235	0	0	GA	0															not_admitted	not_admitted	not_admitted	not_admitted	not_admitted	not_admitted	not_admitted	not_admitted	not_admitted	not_admitted	1	132;122158;123150;+;369.3	143;128835;130208;+;380.9	136;125849;126622;+;234.0	129;118522;121149;+;303.5	144;130205;133030;+;385.9	123;114936;116363;+;91.9	129;118522;121149;+;98.5	121;113655;114221;+;182.9	133;123159;123797;+;68.7	134;123794;125602;+;268.0	147;134533;136731;+;391.3	128;117491;118006;+;76.4	147;134533;136731;+;70.4	A	9/9	contiguous	20878	1	1	133027..133536+;169;unnamed;0
NZ_CP083875.1	MPF_F	IncFIA;IncFIB(AP001918);IncFII	180	0	0	GA	0															not_admitted	not_admitted	not_admitted	not_admitted	not_admitted	not_admitted	not_admitted	not_admitted	not_admitted	not_admitted	1	101;99420;100412;-;369.3	90;92362;93735;-;380.9	97;95948;96721;-;234.0	104;101421;104048;-;303.5	89;89540;92365;-;385.9	110;106207;107634;-;91.9	104;101421;104048;-;98.5	112;108349;108915;-;182.9	100;98773;99411;-;68.7	99;96968;98776;-;268.0	86;85839;88037;-;391.3	105;104564;105079;-;76.4	86;85839;88037;-;70.4	A	9/9	contiguous	22510	1	1	89034..89543-;169;unnamed;0
NZ_CP083878.1	MPF_F	IncFIA;IncFIB(AP001918);IncFII	172	0	0	GA	0															not_admitted	not_admitted	not_admitted	not_admitted	not_admitted	not_admitted	not_admitted	not_admitted	not_admitted	not_admitted	1	46;41278;42270;+;369.3	57;47955;49328;+;380.9	50;44969;45742;+;234.0	43;37642;40269;+;303.5	58;49325;52150;+;385.9	37;34056;35483;+;91.9	43;37642;40269;+;98.5	35;32775;33341;+;182.9	47;42279;42917;+;68.7	48;42914;44722;+;268.0	61;53653;55851;+;391.3	42;36611;37126;+;76.4	61;53653;55851;+;70.4	A	9/9	contiguous	20878	1	1	52147..52656+;169;unnamed;0
NZ_CP083881.1	MPF_F	IncFIA;IncFIB(AP001918);IncFII	173	0	0	GA	0															not_admitted	not_admitted	not_admitted	not_admitted	not_admitted	not_admitted	not_admitted	not_admitted	not_admitted	not_admitted	1	101;90581;91573;+;369.3	112;97258;98631;+;380.9	105;94272;95045;+;234.0	98;86945;89572;+;303.5	113;98628;101453;+;385.9	92;83359;84786;+;91.9	98;86945;89572;+;98.5	90;82078;82644;+;182.9	102;91582;92220;+;68.7	103;92217;94025;+;268.0	116;102956;105154;+;391.3	97;85914;86429;+;76.4	116;102956;105154;+;70.4	A	9/9	contiguous	20878	1	1	101450..101959+;169;unnamed;0
NZ_CP083882.1	MPF_T	IncX4	75	0	0	GA	1	45;26170;26790;+;46.9	46;26804;27130;+;64.4	47;27149;29896;+;62.7	47;27149;29896;+;151.8	47;27149;29896;+;46.1	48;29908;30624;+;94.2	49;30636;31730;+;150.1		51;32245;32931;+;169.2	52;32928;33836;+;143.2	53;33829;34947;+;163.9	54;34949;35977;+;85.0	56;36542;37825;+;252.2		pfam	pfam_only	A	7/7	canonical	1	1	unscoreable	1	0	0														not_admitted	not_admitted	not_admitted	not_admitted	not_admitted	not_admitted	not_admitted
NZ_CP083884.1	MPF_F	IncFIA;IncFIB(AP001918);IncFIC(FII)	179	0	0	GA	0															not_admitted	not_admitted	not_admitted	not_admitted	not_admitted	not_admitted	not_admitted	not_admitted	not_admitted	not_admitted	1	23;17684;18676;+;367.4	34;24362;25735;+;378.0	27;21405;22148;+;233.4	20;14048;16675;+;305.4	35;25732;28554;+;389.5	14;10566;11993;+;94.3	20;14048;16675;+;98.5	12;9285;9851;+;183.8	24;18685;19323;+;68.4	25;19320;21128;+;268.4	38;30083;32281;+;391.8	18;13017;13532;+;78.4	38;30083;32281;+;70.3	A	9/9	contiguous	20798	1	1	28576..29067+;163;TraS;0
NZ_CP083889.1	MPF_F	IncFIA;IncFIB(AP001918);IncFIC(FII)	224	0	0	GA	0															not_admitted	not_admitted	not_admitted	not_admitted	not_admitted	not_admitted	not_admitted	not_admitted	not_admitted	not_admitted	1	130;133835;134827;-;367.4	119;126776;128149;-;378.0	126;130363;131106;-;233.4	133;135836;138463;-;305.4	118;123957;126779;-;389.5	139;140518;141945;-;94.3	133;135836;138463;-;98.5	141;142660;143226;-;183.8	129;133188;133826;-;68.4	128;131383;133191;-;268.4	115;120230;122428;-;391.4	135;138979;139494;-;78.4	115;120230;122428;-;70.4	A	9/9	contiguous	22430	1	1	123444..123935-;163;TraS;0
NZ_CP083933.1	MPF_F	IncFIB(K);IncFIB(pNDM-Mar);IncHI1B(pNDM-MAR)	461	0	0	GA	0															not_admitted	not_admitted	not_admitted	not_admitted	not_admitted	not_admitted	not_admitted	not_admitted	not_admitted	not_admitted	1	110;81239;82231;+;366.6	120;87767;89134;+;381.2	116;85757;86509;+;233.7	108;77585;80224;+;258.7	121;89134;91983;+;345.6	99;72346;73770;+;89.2	108;77585;80224;+;88.8	97;71053;71619;+;167.0	388;353051;354412;-;69.9	112;82879;84885;+;259.6	125;94469;96781;+;392.7	402;367873;368610;-;56.9	125;94469;96781;+;66.6	A	9/9	split_2	296820	1	1	91996..92544+;182;unnamed;0
NZ_CP083945.1	MPF_T	-	80	0	0	GA	1	46;35198;35746;-;28.6	74;63297;63695;-;62.7	73;62982;63293;-;50.6	72;60448;62985;-;95.5	72;60448;62985;-;114.6	67;56165;56932;-;117.3	65;54371;56008;-;144.6		71;59690;60451;-;148.2	70;58785;59672;-;172.0	68;56953;58341;-;223.5	57;46047;47564;-;206.1	30;20704;22608;+;513.1		conjscan	conjscan_only	A	7/7	canonical	1	0	unscoreable	9	0	0														not_admitted	not_admitted	not_admitted	not_admitted	not_admitted	not_admitted	not_admitted
NZ_CP083953.1	MPF_T	-	514	0	0	GA	1	27;26085;27188;-;81.7	30;29869;30210;-;87.9	29;29566;29865;-;72.9	28;27149;29563;-;127.8	28;27149;29563;-;96.2	26;25373;26071;-;42.5	24;24141;25142;-;135.4		23;23400;24092;-;188.7	22;22588;23400;-;199.0	21;21368;22591;-;204.6	20;20368;21387;-;124.4	19;18383;20365;-;303.2		pfam	pfam_only	A	7/7	canonical	1	0	unscoreable	1	0	0														not_admitted	not_admitted	not_admitted	not_admitted	not_admitted	not_admitted	not_admitted
NZ_CP083955.1	MPF_T	-	491	0	0	GA	1	113;108313;109089;+;96.4	135;129942;130274;+;88.6	136;130274;130555;+;30.3	138;131024;133015;+;34.8		139;133012;133764;+;240.1	141;134096;135445;+;195.8		142;135449;136138;+;217.5	143;136135;137190;+;213.8	144;137187;138344;+;225.0	134;128962;129945;+;121.8	115;111094;113085;+;334.8		conjscan	conjscan_only	A	7/7	canonical	1	0	unscoreable	4	0	0														not_admitted	not_admitted	not_admitted	not_admitted	not_admitted	not_admitted	not_admitted
NZ_CP083957.1	MPF_T	-	498	0	0	GA	1	191;194690;195751;-;80.0	194;198467;198805;-;88.7	193;198164;198463;-;79.1	192;195748;198162;-;136.3	192;195748;198162;-;93.8	190;193980;194678;-;46.6	188;192754;193755;-;130.8		187;192022;192714;-;177.4	186;191210;192025;-;197.0	185;189987;191213;-;206.3	184;188954;190006;-;123.3	183;186996;188954;-;297.6		pfam	pfam_only	A	7/7	canonical	1	0	unscoreable	2	0	0														not_admitted	not_admitted	not_admitted	not_admitted	not_admitted	not_admitted	not_admitted
NZ_CP083991.1	MPF_T	IncN4	57	0	0	GA	1	36;28144;28884;-;34.8	34;27530;27820;-;45.9	33;27166;27480;-;65.3	32;24536;27166;-;124.9	32;24536;27166;-;86.8	31;23819;24526;-;114.6	29;22517;23560;-;127.4	28;22252;22422;-;41.4	27;21533;22249;-;145.6	26;20643;21530;-;144.4	25;19492;20646;-;174.0	24;18468;19499;-;78.1	19;12483;14060;+;50.6		pfam	both	A	7/7	canonical	1	0	ga	6	0	0														not_admitted	not_admitted	not_admitted	not_admitted	not_admitted	not_admitted	not_admitted
NZ_CP084002.1	MPF_T	IncFII(pCRY)	30	0	0	GA	1	7;6081;6791;-;47.5	6;5779;6084;-;73.1	5;3028;5766;-;49.1	5;3028;5766;-;153.6	5;3028;5766;-;34.9	4;2309;3010;-;143.3	2;991;2061;-;165.5		0;86;769;-;196.0	29;21602;22414;-;154.4	28;20296;21558;-;148.1	26;18949;19974;-;66.1	22;15350;17086;-;48.3		pfam	pfam_only	A	7/7	canonical	1	1	unscoreable	20	0	0														not_admitted	not_admitted	not_admitted	not_admitted	not_admitted	not_admitted	not_admitted
NZ_CP084027.1	MPF_F	IncFII(K);IncFII(Yp);IncHI1B(pNDM-MAR);IncR;repB	396	0	0	GA	0															not_admitted	not_admitted	not_admitted	not_admitted	not_admitted	not_admitted	not_admitted	not_admitted	not_admitted	not_admitted	1	172;134735;135724;+;366.0	182;141215;142585;+;380.7	178;139261;140013;+;230.7	168;130653;133292;+;258.5	183;142585;145428;+;346.5	160;125970;127394;+;89.2	168;130653;133292;+;88.7	158;124677;125243;+;169.3	173;135737;136375;+;67.0	174;136434;138389;+;258.0	187;148013;150325;+;392.8	161;127508;128092;+;55.4	187;148013;150325;+;65.9	A	9/9	contiguous	23336	1	1	145439..145963+;174;unnamed;0
NZ_CP084057.1	MPF_F	IncFIA(HI1);IncHI1A;IncHI1B(R27)	295	0	0	GA	0															not_admitted	not_admitted	not_admitted	not_admitted	not_admitted	not_admitted	not_admitted	not_admitted	not_admitted	not_admitted	1	279;264352;265404;-;277.6	130;113440;114855;+;201.7	129;112404;113450;+;171.3	0;4167;6848;-;160.9	131;114864;118853;+;103.1	4;9196;10554;-;84.0	0;4167;6848;-;76.5	7;12221;13006;-;68.7	281;265549;267057;-;65.6	278;261153;264329;-;58.9	123;103386;105470;-;50.2	1;6857;7807;-;45.2	123;103386;105470;-;36.4	A	9/9	split_3	261382	0	1	
NZ_CP084083.1	MPF_T	-	44	0	0	GA	1		33;32112;32375;+;59.3	34;32388;35156;+;73.3	34;32388;35156;+;174.2	34;32388;35156;+;86.0	39;37140;38111;+;83.3	40;38108;39106;+;119.5		42;39253;39915;+;177.6	43;39912;40799;+;161.4	0;1;1173;+;166.0	1;1154;2146;+;93.2	2;2147;3958;+;348.4		pfam	pfam_only	A	7/7	canonical	1	1	unscoreable	5	0	0														not_admitted	not_admitted	not_admitted	not_admitted	not_admitted	not_admitted	not_admitted
NZ_CP084105.1	MPF_T	IncX3	68	0	0	GA	1	51;37466;38110;+;46.4	52;38094;38384;+;73.1	53;38409;41162;+;47.0	53;38409;41162;+;142.4	53;38409;41162;+;73.3	54;41172;41942;+;60.1	56;42221;43276;+;133.2		57;43471;44199;+;119.4	58;44205;45134;+;138.8	59;45131;46345;+;128.3	61;46541;47575;+;65.7	62;47578;49413;+;495.9		pfam	pfam_only	A	7/7	canonical	1	1	unscoreable	2	0	0														not_admitted	not_admitted	not_admitted	not_admitted	not_admitted	not_admitted	not_admitted
NZ_CP084160.1	-	-	34	0	0	GA	1		11;11847;12167;-;68.7	4;5360;5623;-;29.9	3;2611;5349;-;50.9	3;2611;5349;-;92.3				10;11129;11833;-;96.4	9;10281;11117;-;160.6	8;9060;10271;-;189.9	5;5632;6579;-;103.0	7;7000;9057;-;293.1		none	none	B	6/7	uncallable	0	0	unscoreable	1	0	0														not_admitted	not_admitted	not_admitted	not_admitted	not_admitted	not_admitted	not_admitted
NZ_CP084169.1	MPF_F	IncFIB(K);IncFII(K)	152	0	0	GA	0															not_admitted	not_admitted	not_admitted	not_admitted	not_admitted	not_admitted	not_admitted	not_admitted	not_admitted	not_admitted	1	108;104647;105636;-;366.0	98;97786;99156;-;380.7	102;100358;101110;-;230.7	112;107079;109718;-;258.5	97;94943;97786;-;346.5	120;112977;114401;-;89.2	112;107079;109718;-;88.7	122;115128;115694;-;169.3	107;103996;104634;-;67.0	106;101982;103937;-;259.7	93;90046;92358;-;392.8	119;112279;112863;-;55.4	93;90046;92358;-;65.9	A	9/9	contiguous	25082	1	1	94408..94932-;174;unnamed;0
NZ_CP084195.1	MPF_F	IncFIB(S);IncFII(S);IncFII(pAR0022)	117	0	0	GA	0															not_admitted	not_admitted	not_admitted	not_admitted	not_admitted	not_admitted	not_admitted	not_admitted	not_admitted	not_admitted	1	78;67916;68908;-;366.7	68;61285;62667;-;392.4	71;63699;64448;-;230.5	81;69895;72543;-;314.1	67;58466;61288;-;394.4	89;75076;76497;-;91.5	81;69895;72543;-;96.3	91;77224;77790;-;188.1	76;66966;67604;-;70.6	73;64686;65927;-;272.9	64;54650;56812;-;374.1	86;73755;74270;-;96.7	64;54650;56812;-;72.1	A	9/9	contiguous	22574	1	1	57956..58444-;162;TraS;0
NZ_CP084200.1	-	-	163	0	0	GA	0															not_admitted	not_admitted	not_admitted	not_admitted	not_admitted	not_admitted	not_admitted	not_admitted	not_admitted	not_admitted	1	70;73180;74184;-;367.4	65;68132;69496;-;352.8	67;70060;70833;-;217.8	74;76063;78669;-;213.2	64;65280;68129;-;259.6	78;79734;81086;-;87.1	74;76063;78669;-;92.5	80;81794;82366;-;90.7	69;72729;73169;-;58.2	68;70835;72679;-;233.9	61;61400;63574;-;376.0	75;78677;79231;-;27.7	61;61400;63574;-;62.9	A	9/9	contiguous	20394	1	1	64750..65274-;174;unnamed;0
NZ_CP084206.1	MPF_T	IncFII(pHN7A8);IncN4;IncR	179	0	0	GA	1	91;78318;78803;+;82.6	16;15388;15678;-;45.9	15;15024;15338;-;65.3	14;12394;15024;-;124.9	14;12394;15024;-;86.8	13;11677;12384;-;114.6	11;10375;11418;-;127.4	10;10110;10280;-;41.4	9;9391;10107;-;145.6	8;8501;9388;-;144.4	7;7350;8504;-;174.0	6;6326;7357;-;78.1	1;341;1918;+;50.6	66;59930;61108;-;267.1	pfam	both	A	7/7	canonical	1	0	ga	17	0	0														not_admitted	not_admitted	not_admitted	not_admitted	not_admitted	not_admitted	not_admitted
NZ_CP084208.1	MPF_T	IncFII(pHN7A8);IncN4;IncR	182	0	0	GA	1	18;11990;12475;-;82.6	95;61952;62242;+;45.9	96;62292;62606;+;65.3	97;62606;65236;+;124.9	97;62606;65236;+;86.8		45;30256;31299;+;127.4	46;31394;31564;+;41.4	47;31567;32283;+;145.6	48;32286;33173;+;144.4	49;33170;34324;+;174.0	50;34317;35348;+;78.1	55;39756;41333;-;50.6	100;66469;67647;+;267.1	none	none	A	7/7	rearranged	0	0	ga	18	0	0														not_admitted	not_admitted	not_admitted	not_admitted	not_admitted	not_admitted	not_admitted
NZ_CP084210.1	MPF_T	IncN4	54	0	0	GA	1	24;13258;13998;+;34.8	26;14322;14612;+;45.9	27;14662;14976;+;65.3	28;14976;17606;+;124.9	28;14976;17606;+;86.8	29;17616;18323;+;114.6	31;18582;19625;+;127.4	32;19720;19890;+;41.4	33;19893;20609;+;145.6	34;20612;21499;+;144.4	35;21496;22650;+;174.0	36;22643;23674;+;78.1	43;32043;33620;-;50.6		pfam	both	A	7/7	canonical	1	0	ga	8	0	0														not_admitted	not_admitted	not_admitted	not_admitted	not_admitted	not_admitted	not_admitted
NZ_CP084213.1	MPF_T	-	88	0	0	GA	1	70;61638;62555;-;38.1	81;71470;71931;-;62.2	80;71165;71461;-;31.9	79;68494;71178;-;68.1	79;68494;71178;-;66.5	78;67805;68497;-;78.2	75;66329;67192;-;131.3		74;65655;66329;-;69.6	73;64842;65627;-;178.7	72;63577;64839;-;141.2	71;62539;63567;-;95.8	64;54991;56541;+;62.4		pfam	both	A	7/7	canonical	1	0	unscoreable	7	0	0														not_admitted	not_admitted	not_admitted	not_admitted	not_admitted	not_admitted	not_admitted
NZ_CP084215.1	MPF_T	-	64	0	0	GA	1	32;25802;26509;+;39.4			35;27314;29746;+;71.8		36;29743;30429;+;56.3	38;30826;31758;+;134.5		39;32171;32959;+;101.3	40;32949;33758;+;137.6	41;33745;35103;+;128.8	42;35113;36171;+;57.2	50;41342;42994;+;263.2		pfam	pfam_only	A	7/7	canonical	1	0	unscoreable	9	0	0														not_admitted	not_admitted	not_admitted	not_admitted	not_admitted	not_admitted	not_admitted
NZ_CP084217.1	MPF_F	IncHI2;IncHI2A	295	0	0	GA	0															not_admitted	not_admitted	not_admitted	not_admitted	not_admitted	not_admitted	not_admitted	not_admitted	not_admitted	not_admitted	1	119;102030;103088;-;276.9	236;211728;213143;+;194.1	235;210692;211738;+;174.1	135;123159;125840;-;168.0	237;213152;217105;+;101.6	139;128170;129525;-;80.7	135;123159;125840;-;72.2	142;131249;132037;-;74.8	121;103230;104741;-;62.0	118;98823;102011;-;57.3	228;201566;203650;-;56.8	136;125849;126799;-;46.1	228;201566;203650;-;38.8	A	9/9	split_2	114329	1	1	217286..218575+;429;unnamed;0
NZ_CP084223.1	-	-	132	0	0	GA	0															not_admitted	not_admitted	not_admitted	not_admitted	not_admitted	not_admitted	not_admitted	not_admitted	not_admitted	not_admitted	1	97;66928;67932;+;366.3	103;71437;72795;+;337.6	100;70150;70911;+;211.6	91;62557;63759;+;164.7	104;72798;74102;+;244.8	88;60333;61652;+;90.5	92;64082;65140;+;66.5	86;59057;59629;+;102.5	98;67943;68365;+;58.7	99;68358;69998;+;161.8	111;78162;78719;+;165.2		111;78162;78719;+;48.6	B	8/9	contiguous	19105	1	1	74201..74719+;172;unnamed;0
NZ_CP084224.1	-	-	74	0	0	GA	1	71;55118;55738;+;50.6			72;56336;58891;+;90.5		73;58876;59550;+;54.8									pfam	pfam_only	D	1/7	uncallable	0	0	unscoreable	0	0	0														not_admitted	not_admitted	not_admitted	not_admitted	not_admitted	not_admitted	not_admitted
NZ_CP084242.1	MPF_F	ColKP3;IncFIB(K);IncFII(K);IncFII(pAR0022);IncX3	315	1	1	GA	1	291;275187;275672;+;82.5	214;205560;205850;+;73.1	215;205875;208628;+;47.0	215;205875;208628;+;142.4	215;205875;208628;+;73.3	216;208638;209408;+;60.1	218;209687;210742;+;132.8		219;210937;211665;+;119.4	220;211671;212600;+;138.8	221;212597;213811;+;128.3	223;214007;215041;+;65.7	224;215044;216879;+;495.9	267;257693;259648;-;259.4	pfam	pfam_only	A	7/7	canonical	1	1	unscoreable	36	0	1	270;260630;261619;-;363.3	259;253444;254811;-;384.1	263;256069;256821;-;233.7	274;263076;265715;-;259.0	258;250622;253444;-;346.4	221;212597;213811;+;128.3	274;263076;265715;-;88.7	286;271794;272360;-;167.0	268;259707;260354;-;65.9	267;257693;259648;-;259.4	254;245693;248005;-;393.1	282;268447;269031;-;53.8	224;215044;216879;+;88.7	A	9/9	split_2	59197	1	1	249997..250599-;200;TraS;0
NZ_CP084269.1	-	-	298	0	0	GA	1	218;186549;186974;-;75.6			151;126419;128881;-;56.4	151;126419;128881;-;76.4		149;124612;125631;-;58.9		223;191148;191852;-;94.1	222;190273;191145;-;176.1	221;189023;190270;-;166.8	213;179925;182345;-;152.5	147;121362;123233;-;40.4		none	none	A	7/7	canonical	0	0	unscoreable	9	0	0														not_admitted	not_admitted	not_admitted	not_admitted	not_admitted	not_admitted	not_admitted
NZ_CP084275.1	MPF_F	-	474	0	0	GA	0															not_admitted	not_admitted	not_admitted	not_admitted	not_admitted	not_admitted	not_admitted	not_admitted	not_admitted	not_admitted	1	456;410338;411375;+;303.6	21;22982;24433;+;239.0	20;22018;22965;+;242.7	17;18273;20732;+;163.0	22;24446;27958;+;218.6	14;15920;17137;+;109.6	17;18273;20732;+;131.1	12;14363;15070;+;103.9	457;411323;412054;+;105.6	36;39382;41076;+;257.8	8;10347;12101;-;34.1	15;17153;17821;+;83.5	8;10347;12101;-;36.1	A	9/9	split_2	400976	0	1	
NZ_CP084278.1	MPF_T	IncP1	66	0	0	GA	1	57;57674;58309;-;23.5	2;3067;3531;-;63.5	1;2752;3063;-;49.8	0;197;2755;-;91.0	0;197;2755;-;112.1	61;60894;61658;-;122.3	59;58928;60646;-;143.0		65;64513;65076;-;117.7	64;63596;64495;-;186.5	62;61679;63100;-;223.3	3;3548;4510;-;127.6	47;44781;46694;+;525.1		conjscan	conjscan_only	A	7/7	rearranged	1	0	unscoreable	4	0	0														not_admitted	not_admitted	not_admitted	not_admitted	not_admitted	not_admitted	not_admitted
NZ_CP084287.1	-	-	694	0	0	GA	1	335;312770;313192;-;75.6	268;255214;255567;-;28.3		266;252448;254910;-;54.4	266;252448;254910;-;81.2		264;250641;251660;-;58.8		340;317381;318085;-;96.1	339;316506;317378;-;175.1	338;315253;316503;-;167.0	329;306137;308572;-;151.3	262;247376;249247;-;40.4		none	none	A	7/7	canonical	0	0	unscoreable	9	0	0														not_admitted	not_admitted	not_admitted	not_admitted	not_admitted	not_admitted	not_admitted
NZ_CP084291.1	MPF_T	IncFIB(K)	77	0	0	GA	1	47;41763;42425;+;48.3	48;42436;42735;+;36.6	49;42745;45495;+;60.6	49;42745;45495;+;134.0	49;42745;45495;+;48.6	50;45514;46230;+;137.0	52;46544;47551;+;137.8		54;47761;48447;+;158.3	55;48440;49333;+;147.4	56;49330;50526;+;134.7	57;50530;51579;+;71.5	64;56317;58224;+;24.3		pfam	pfam_only	A	7/7	canonical	1	1	unscoreable	8	0	0														not_admitted	not_admitted	not_admitted	not_admitted	not_admitted	not_admitted	not_admitted
NZ_CP084295.1	MPF_F	IncFIA(HI1);IncHI1A;IncHI1B(R27);IncR	265	0	0	GA	0															not_admitted	not_admitted	not_admitted	not_admitted	not_admitted	not_admitted	not_admitted	not_admitted	not_admitted	not_admitted	1	204;180848;181900;-;277.6	50;36683;38098;+;201.7	49;35647;36693;+;171.3	222;201346;204027;-;160.6	51;38107;42096;+;103.1	226;206375;207733;-;84.0	222;201346;204027;-;76.5	229;209400;210185;-;68.7	206;182045;183553;-;65.6	203;177649;180825;-;58.9	43;26628;28712;-;50.2	223;204036;204986;-;45.2	43;26628;28712;-;36.5	A	9/9	split_2	182772	0	1	
NZ_CP084395.1	MPF_F	IncFIB(pNDM-Mar);IncHI1B(pNDM-MAR)	411	0	0	GA	0															not_admitted	not_admitted	not_admitted	not_admitted	not_admitted	not_admitted	not_admitted	not_admitted	not_admitted	not_admitted	1	333;303053;304090;-;282.3	78;59115;60524;+;190.4	77;58088;59125;+;176.7	345;314922;317639;-;148.7	79;60526;64464;+;118.9	349;319752;321122;-;65.6	345;314922;317639;-;85.2	352;322768;323628;-;79.0	334;304087;305448;-;69.9	332;299858;303043;-;58.9	70;48781;50907;-;58.0	346;317684;318421;-;57.0	70;48781;50907;-;39.7	A	9/9	split_2	273987	0	1	
NZ_CP084400.1	-	-	104	0	0	GA	1	6;6818;7498;-;41.3	5;6489;6821;-;78.2	4;6128;6484;-;82.7	3;3733;6135;-;152.5	3;3733;6135;-;124.8										none	none	D	1/7	uncallable	0	0	unscoreable	0	0	0														not_admitted	not_admitted	not_admitted	not_admitted	not_admitted	not_admitted	not_admitted
NZ_CP084401.1	-	-	46	0	0	GA	1	43;42252;43364;+;23.1	33;32326;32706;+;48.4	34;32725;33057;+;46.2	35;33054;35633;+;98.9	35;33054;35633;+;109.8	40;39522;40277;+;54.2	42;40534;42249;+;111.3		36;35620;36339;+;145.3	37;36357;37340;+;171.6	39;38129;39496;+;205.6	32;31347;32312;+;127.4	16;18011;19903;-;449.4		conjscan	conjscan_only	A	7/7	canonical	1	0	unscoreable	3	0	0														not_admitted	not_admitted	not_admitted	not_admitted	not_admitted	not_admitted	not_admitted
NZ_CP084407.1	MPF_F	-	365	0	0	GA	0															not_admitted	not_admitted	not_admitted	not_admitted	not_admitted	not_admitted	not_admitted	not_admitted	not_admitted	not_admitted	1	158;158887;159906;-;400.0	153;152752;154218;-;360.0	154;154218;155033;-;235.0	164;162328;164919;-;472.4	152;149962;152736;-;357.4	167;166625;167950;-;107.1	164;162328;164919;-;94.3	169;168750;169316;-;187.0	157;158103;158897;-;103.6	156;155299;158106;-;220.6	114;117290;119590;+;546.5		114;117290;119590;+;58.7	B	8/9	split_2	51460	0	1	
NZ_CP084409.1	MPF_T	-	81	0	0	GA	1	64;48933;49598;-;28.7	63;48570;48911;-;75.2	62;48219;48545;-;73.2	61;45848;48232;-;164.5	61;45848;48232;-;109.9	60;45121;45834;-;126.8	58;43756;44772;-;124.5		56;42732;43415;-;156.3	55;41893;42735;-;176.3	54;40623;41891;-;175.3	53;39634;40626;-;102.1	52;37755;39656;-;350.5		pfam	both	A	7/7	canonical	1	0	unscoreable	2	0	0														not_admitted	not_admitted	not_admitted	not_admitted	not_admitted	not_admitted	not_admitted
NZ_CP084410.1	-	-	65	0	0	GA	1	24;21052;22164;-;23.1	34;31710;32090;-;48.4	33;31359;31691;-;46.2	32;28783;31362;-;98.9	32;28783;31362;-;109.8	27;24139;24894;-;54.2	25;22167;23882;-;111.3		31;28077;28796;-;145.3	30;27076;28059;-;171.6	28;24920;26287;-;205.6	35;32104;33069;-;127.4	51;44513;46405;+;449.4		conjscan	conjscan_only	A	7/7	canonical	1	0	unscoreable	3	0	0														not_admitted	not_admitted	not_admitted	not_admitted	not_admitted	not_admitted	not_admitted
NZ_CP084416.1	MPF_F	IncFIA(pBK30683);IncFII(Yp)	120	0	0	GA	0															not_admitted	not_admitted	not_admitted	not_admitted	not_admitted	not_admitted	not_admitted	not_admitted	not_admitted	not_admitted	1	58;39251;40243;+;372.3	69;46277;47647;+;383.1	66;44756;45508;+;222.2	55;35586;38225;+;254.8	70;47647;50526;+;333.2	47;30974;32395;+;86.6	55;35586;38225;+;88.2	45;29687;30253;+;159.4	59;40256;40903;+;68.8	61;41280;43235;+;253.1	74;53298;55616;+;390.7	49;32856;33440;+;55.9	74;53298;55616;+;66.8	A	9/9	contiguous	23611	1	1	50543..51211+;222;unnamed;0
NZ_CP084417.1	MPF_F	IncC	175	0	0	GA	0															not_admitted	not_admitted	not_admitted	not_admitted	not_admitted	not_admitted	not_admitted	not_admitted	not_admitted	not_admitted	1	166;136194;137201;+;332.9	111;85308;86741;-;339.2	112;86743;87771;-;221.7	161;130995;133442;+;354.5	110;81681;85295;-;375.3	156;122123;123439;+;135.0	161;130995;133442;+;128.3	154;120599;121225;+;92.7	164;134264;135529;+;67.9	167;137317;140115;+;145.3	145;114924;116789;+;47.3	157;123436;124014;+;100.2	145;114924;116789;+;52.0	A	9/9	split_2	55636	0	1	
NZ_CP084488.1	MPF_T	-	1477	0	0	GA	1		1176;1242185;1242556;-;70.4	1175;1241893;1242192;-;60.7	1174;1239431;1241884;-;179.0	1174;1239431;1241884;-;124.5	1173;1238656;1239459;-;51.4	1172;1237287;1238468;-;109.1		1171;1236609;1237271;-;133.1	1170;1235780;1236592;-;187.6	1168;1234049;1235332;-;214.7	1177;1242546;1243523;-;132.4	1158;1223779;1225704;-;563.0		conjscan	conjscan_only	A	7/7	canonical	1	0	unscoreable	11	0	0														not_admitted	not_admitted	not_admitted	not_admitted	not_admitted	not_admitted	not_admitted
NZ_CP084493.1	MPF_F	IncFIB(pNDM-Mar);IncHI1B(pNDM-MAR)	324	0	0	GA	0															not_admitted	not_admitted	not_admitted	not_admitted	not_admitted	not_admitted	not_admitted	not_admitted	not_admitted	not_admitted	1	245;224230;225267;-;282.3	59;54282;55691;+;190.6	58;53255;54292;+;175.6	259;238871;240016;-;135.9	60;55693;59661;+;121.3	263;242129;243499;-;65.6	257;236099;237787;-;88.1	266;245145;246005;-;79.0	246;225264;226625;-;68.3	244;221035;224220;-;59.6	51;43930;46056;-;57.7	260;240061;240798;-;56.9	51;43930;46056;-;41.0	A	9/9	split_2	201215	0	1	
NZ_CP084494.1	MPF_F	IncFII(pHN7A8);IncR	196	0	0	GA	0															not_admitted	not_admitted	not_admitted	not_admitted	not_admitted	not_admitted	not_admitted	not_admitted	not_admitted	not_admitted	1	66;51510;52106;+;141.4			63;47874;50501;+;301.8		58;44392;45819;+;94.1	63;47874;50501;+;101.8	56;43111;43677;+;183.8			63;47874;50501;+;20.8	62;46843;47358;+;74.5		D	4/9	contiguous	8399	0	0	
NZ_CP084498.1	MPF_F	IncFII(pHN7A8);IncR	210	0	0	GA	0															not_admitted	not_admitted	not_admitted	not_admitted	not_admitted	not_admitted	not_admitted	not_admitted	not_admitted	not_admitted	1	59;45342;46334;+;369.5	195;145293;146666;+;376.8	190;142984;143727;+;234.4	56;41706;44333;+;301.8	196;146663;149479;+;376.7	51;38224;39651;+;94.1	56;41706;44333;+;101.8	49;36943;37509;+;183.8	62;47280;47918;+;70.4	188;140857;142707;+;265.0	200;151780;153996;+;391.7	55;40675;41190;+;77.6	200;151780;153996;+;70.3	A	9/9	split_2	114837	1	1	149512..150033+;173;unnamed;0
NZ_CP084503.1	MPF_F	IncFIB(K);IncFII(pKP91)	270	0	0	GA	0															not_admitted	not_admitted	not_admitted	not_admitted	not_admitted	not_admitted	not_admitted	not_admitted	not_admitted	not_admitted	1	169;163396;164385;-;363.3	158;156180;157547;-;383.5	162;158805;159557;-;233.7	173;165842;168481;-;259.0	157;153358;156180;-;346.5	184;172449;173873;-;88.0	173;165842;168481;-;88.7	186;174600;175166;-;167.9	167;162473;163120;-;65.1	166;160429;162414;-;254.0	153;148460;150742;-;393.3	181;171253;171837;-;53.8	153;148460;150742;-;65.8	A	9/9	contiguous	26140	1	1	152733..153335-;200;TraS;0
NZ_CP084504.1	MPF_F	IncFIA(pBK30683);IncFII(K)	173	0	0	GA	0															not_admitted	not_admitted	not_admitted	not_admitted	not_admitted	not_admitted	not_admitted	not_admitted	not_admitted	not_admitted	1	141;128484;129473;-;366.0	131;121623;122993;-;380.7	135;124195;124947;-;230.7	145;130916;133555;-;258.5	130;119563;121623;-;347.8	153;136814;138238;-;89.2	145;130916;133555;-;88.7	155;138965;139531;-;169.3	140;127833;128471;-;67.0	139;125819;127774;-;259.7	125;113883;116195;-;392.8	152;136116;136700;-;55.4	125;113883;116195;-;65.9	A	9/9	contiguous	25082	1	1	118780..119379-;199;unnamed;0
NZ_CP084508.1	MPF_F	IncFII(Yp)	144	0	0	GA	0															not_admitted	not_admitted	not_admitted	not_admitted	not_admitted	not_admitted	not_admitted	not_admitted	not_admitted	not_admitted	1	106;112740;113750;-;365.3	100;107325;108692;-;371.1	103;109453;110205;-;225.6	109;114752;117379;-;280.2	99;104473;107325;-;349.5	113;118666;120048;-;87.7	109;114752;117379;-;91.1	115;120766;121332;-;171.6	105;112064;112729;-;69.6	104;110236;112071;-;241.0	97;101661;103871;-;386.2	110;117508;118074;-;58.2	97;101661;103871;-;68.6	A	9/9	contiguous	19105	1	1	103958..104476-;172;unnamed;0
NZ_CP084518.1	MPF_F	-	70	0	0	GA	0															not_admitted	not_admitted	not_admitted	not_admitted	not_admitted	not_admitted	not_admitted	not_admitted	not_admitted	not_admitted	1	20;14965;15966;+;348.4	27;21095;22507;+;343.8	23;18716;19525;+;209.6	14;10318;12951;+;247.3	28;22504;25413;+;322.1	11;7881;9236;+;96.4	14;10318;12951;+;114.8	9;6505;7080;+;133.7	21;16258;16881;+;63.8	22;16878;18716;+;234.2	31;27072;29300;+;371.9	13;9758;10321;+;35.4	31;27072;29300;+;61.9	A	9/9	contiguous	20567	1	1	25410..25985+;191;unnamed;0
NZ_CP084519.1	MPF_T	-	56	0	0	GA	1	7;4571;5152;-;49.0		5;3918;4229;-;48.2	3;2206;3474;-;62.3	4;3521;3913;-;32.0	9;5457;6089;-;48.0	10;6093;7070;-;122.2		0;674;1405;-;159.1		54;48950;49522;-;154.8	53;47934;48947;-;89.6	52;45912;47885;-;296.7		pfam	pfam_only	B	6/7	rearranged	1	0	unscoreable	4	0	0														not_admitted	not_admitted	not_admitted	not_admitted	not_admitted	not_admitted	not_admitted
NZ_CP084543.1	MPF_F	IncC	175	0	0	GA	0															not_admitted	not_admitted	not_admitted	not_admitted	not_admitted	not_admitted	not_admitted	not_admitted	not_admitted	not_admitted	1	44;38409;39416;+;332.9	164;132574;134007;-;339.2	165;134009;135037;-;221.7	39;33210;35657;+;354.5	163;128947;132561;-;375.3	34;24338;25654;+;135.0	39;33210;35657;+;128.3	32;22814;23440;+;92.7	42;36479;37744;+;67.9	45;39532;42330;+;145.3	23;17139;19004;+;47.3	35;25651;26229;+;100.2	23;17139;19004;+;52.0	A	9/9	split_2	116870	0	1	
NZ_CP084544.1	MPF_F	IncFIB(pB171);IncFII(Yp);IncFII(pAR0022)	119	0	0	GA	0															not_admitted	not_admitted	not_admitted	not_admitted	not_admitted	not_admitted	not_admitted	not_admitted	not_admitted	not_admitted	1	53;51659;52651;-;369.4	45;45576;46946;-;376.7	49;48163;48912;-;218.2	56;53639;56269;-;285.5	44;42754;45576;-;336.5	62;58297;59691;-;89.4	56;53639;56269;-;98.6	64;60408;60974;-;169.9	52;51013;51642;-;66.9	51;49163;51016;-;260.5	41;39180;41417;-;384.7	61;57736;58275;-;67.5	41;39180;41417;-;63.8	A	9/9	contiguous	21228	1	1	42301..42732-;143;TraS;0
NZ_CP084636.1	MPF_F	pYE854	65	0	0	GA	0															not_admitted	not_admitted	not_admitted	not_admitted	not_admitted	not_admitted	not_admitted	not_admitted	not_admitted	not_admitted	1	31;24783;26366;+;329.4	36;28862;30250;+;244.9	35;27989;28852;+;155.9	27;18218;20767;+;166.4	37;30247;33900;+;133.5	25;16417;17664;+;53.4	27;18218;20767;+;89.9	23;14977;15630;+;64.9	32;26366;27085;+;98.2	29;22795;24378;+;87.8	54;48884;50959;-;321.4	26;17688;18194;+;71.4	54;48884;50959;-;58.2	A	9/9	contiguous	33907	1	1	34314..34658+;114;unnamed;0
NZ_CP084646.1	MPF_T	IncX7	39	0	0	GA	1	11;4683;5309;+;41.4	12;5322;5648;+;63.7	13;5667;8414;+;61.1	13;5667;8414;+;146.5	13;5667;8414;+;50.1	14;8425;9144;+;94.9	15;9159;10268;+;152.0			17;10392;10958;+;64.1	18;10951;12069;+;158.9	19;12070;13098;+;83.8	20;13085;14947;+;315.7		pfam	pfam_only	B	6/7	canonical	1	1	unscoreable	1	0	0														not_admitted	not_admitted	not_admitted	not_admitted	not_admitted	not_admitted	not_admitted
NZ_CP084665.1	MPF_T	IncFII(pCRY)	31	0	0	GA	1	27;19259;19969;+;47.5	28;19966;20271;+;73.1	29;20284;23022;+;48.9	29;20284;23022;+;151.4	29;20284;23022;+;32.2	30;23040;23741;+;143.6	0;27;1097;+;164.6		2;1319;2002;+;197.9	3;2002;2907;+;155.0	4;2951;4201;+;147.3	5;4191;5216;+;66.1	9;7071;8807;+;47.1		pfam	pfam_only	A	7/7	rearranged	1	1	unscoreable	4	0	0														not_admitted	not_admitted	not_admitted	not_admitted	not_admitted	not_admitted	not_admitted
NZ_CP084723.1	MPF_F	-	97	0	0	GA	0															not_admitted	not_admitted	not_admitted	not_admitted	not_admitted	not_admitted	not_admitted	not_admitted	not_admitted	not_admitted	1	84;54387;55430;+;369.2	89;59409;60836;+;325.8	87;58199;59011;+;219.1	80;50099;52825;+;164.6	90;60852;63854;+;208.7	76;47101;48417;+;102.7	80;50099;52825;+;108.4	74;45810;46388;+;82.6	85;55445;56152;+;107.6	86;56149;58206;+;92.2	56;33090;35249;+;381.4	79;49445;50089;+;41.9	56;33090;35249;+;89.7	A	9/9	contiguous	27762	1	1	63926..64444+;172;unnamed;0
NZ_CP084726.1	MPF_F	-	97	0	0	GA	0															not_admitted	not_admitted	not_admitted	not_admitted	not_admitted	not_admitted	not_admitted	not_admitted	not_admitted	not_admitted	1	84;54387;55430;+;369.2	89;59409;60836;+;325.8	87;58199;59011;+;219.1	80;50099;52825;+;164.6	90;60852;63854;+;208.7	76;47101;48417;+;102.7	80;50099;52825;+;108.4	74;45810;46388;+;82.6	85;55445;56152;+;107.6	86;56149;58206;+;92.2	56;33090;35249;+;381.4	79;49445;50089;+;41.9	56;33090;35249;+;89.7	A	9/9	contiguous	27762	1	1	63926..64444+;172;unnamed;0
NZ_CP084729.1	MPF_F	-	97	0	0	GA	0															not_admitted	not_admitted	not_admitted	not_admitted	not_admitted	not_admitted	not_admitted	not_admitted	not_admitted	not_admitted	1	84;54387;55430;+;369.2	89;59409;60836;+;325.8	87;58199;59011;+;219.1	80;50099;52825;+;164.6	90;60852;63854;+;208.7	76;47101;48417;+;102.7	80;50099;52825;+;108.4	74;45810;46388;+;82.6	85;55445;56152;+;107.6	86;56149;58206;+;92.2	56;33090;35249;+;381.4	79;49445;50089;+;41.9	56;33090;35249;+;89.7	A	9/9	contiguous	27762	1	1	63926..64444+;172;unnamed;0
NZ_CP084732.1	MPF_F	-	97	0	0	GA	0															not_admitted	not_admitted	not_admitted	not_admitted	not_admitted	not_admitted	not_admitted	not_admitted	not_admitted	not_admitted	1	84;54387;55430;+;369.2	89;59409;60836;+;325.8	87;58199;59011;+;219.1	80;50099;52825;+;164.6	90;60852;63854;+;208.7	76;47101;48417;+;102.7	80;50099;52825;+;108.4	74;45810;46388;+;82.6	85;55445;56152;+;107.6	86;56149;58206;+;92.2	56;33090;35249;+;381.4	79;49445;50089;+;41.9	56;33090;35249;+;89.7	A	9/9	contiguous	27762	1	1	63926..64444+;172;unnamed;0
NZ_CP084735.1	MPF_F	-	97	0	0	GA	0															not_admitted	not_admitted	not_admitted	not_admitted	not_admitted	not_admitted	not_admitted	not_admitted	not_admitted	not_admitted	1	84;54387;55430;+;369.2	89;59409;60836;+;325.8	87;58199;59011;+;219.1	80;50099;52825;+;164.6	90;60852;63854;+;208.7	76;47101;48417;+;102.7	80;50099;52825;+;108.4	74;45810;46388;+;82.6	85;55445;56152;+;107.6	86;56149;58206;+;92.2	56;33090;35249;+;381.4	79;49445;50089;+;41.9	56;33090;35249;+;89.7	A	9/9	contiguous	27762	1	1	63926..64444+;172;unnamed;0
NZ_CP084755.1	-	-	119	0	0	GA	1	102;89666;90091;+;92.6	104;90272;90595;+;78.7	105;90597;90887;+;69.4	106;90884;93295;+;142.0	106;90884;93295;+;100.4	108;94462;95178;+;46.7	110;95363;96382;+;124.9		113;97220;97954;+;182.9	114;97954;98736;+;182.3	115;98733;100154;+;195.8	116;100151;101149;+;135.1			pfam	pfam_only	B	6/7	canonical	1	0	unscoreable	4	0	0														not_admitted	not_admitted	not_admitted	not_admitted	not_admitted	not_admitted	not_admitted
NZ_CP084771.1	MPF_F	IncFIB(pNDM-Mar);IncHI1B(pNDM-MAR)	254	0	0	GA	0															not_admitted	not_admitted	not_admitted	not_admitted	not_admitted	not_admitted	not_admitted	not_admitted	not_admitted	not_admitted	1	27;25192;26229;-;282.3	199;170281;171690;+;190.4	198;169254;170291;+;174.7	56;51710;54427;-;149.6	200;171692;175600;+;120.2	60;56540;57910;-;65.6	56;51710;54427;-;85.2	63;59556;60416;-;78.1	28;26226;27587;-;70.0	26;22000;25182;-;60.6	191;159931;162057;-;57.7	57;54472;55209;-;56.9	191;159931;162057;-;41.0	A	9/9	split_3	149692	0	1	
NZ_CP084773.1	MPF_F	IncFIB(pQil);IncFII(K)	163	0	0	GA	0															not_admitted	not_admitted	not_admitted	not_admitted	not_admitted	not_admitted	not_admitted	not_admitted	not_admitted	not_admitted	1	103;102021;103013;-;362.9	90;93134;94504;-;383.8	94;95706;96458;-;233.7	106;104039;106678;-;259.1	89;90261;93134;-;347.6	116;110480;111904;-;89.2	106;104039;106678;-;83.9	118;112631;113197;-;168.4	99;99344;99991;-;65.7	98;97330;99285;-;259.7	86;86399;88708;-;392.7	114;109299;109868;-;55.3	86;86399;88708;-;66.6	A	9/9	contiguous	26232	1	1	89717..90250-;177;unnamed;0
NZ_CP084776.1	MPF_F	IncFII(K);IncR	101	0	0	GA	0															not_admitted	not_admitted	not_admitted	not_admitted	not_admitted	not_admitted	not_admitted	not_admitted	not_admitted	not_admitted	1				25;22732;24789;-;259.3	23;19984;21393;-;304.7	32;28191;29615;-;89.3	25;22732;24789;-;47.8	34;30342;30908;-;169.3			88;69730;71166;+;248.4	31;27533;28117;-;54.4	88;69730;71166;+;67.5	D	4/9	split_2	49746	0	0	
NZ_CP084778.1	MPF_F	IncFIB(K)(pCAV1099-114);IncFII(pKP91)	153	0	0	GA	0															not_admitted	not_admitted	not_admitted	not_admitted	not_admitted	not_admitted	not_admitted	not_admitted	not_admitted	not_admitted	1	78;97892;98881;-;363.3	68;91020;92390;-;383.0	72;93586;94338;-;228.1	82;100324;102963;-;258.7	67;88171;91020;-;343.1	92;106954;108378;-;90.8	82;100324;102963;-;89.1	94;109105;109671;-;169.1	77;97241;97879;-;64.4	76;95227;97182;-;258.1	64;84049;86355;-;392.1	90;105773;106342;-;52.6	64;84049;86355;-;66.6	A	9/9	contiguous	25056	1	1	87638..88168-;176;unnamed;0
NZ_CP084780.1	MPF_F	IncFIB(K);IncFII(K)	254	0	0	GA	0															not_admitted	not_admitted	not_admitted	not_admitted	not_admitted	not_admitted	not_admitted	not_admitted	not_admitted	not_admitted	1	192;191963;192952;-;363.3	181;184777;186144;-;382.2	185;187402;188154;-;236.4	196;194409;197048;-;259.0	180;181928;184777;-;342.9	207;201015;202439;-;88.8	196;194409;197048;-;87.6	209;203166;203732;-;169.3	190;191040;191687;-;65.9	189;189026;190981;-;259.5	176;177807;180116;-;392.8	204;199819;200403;-;53.8	176;177807;180116;-;65.8	A	9/9	contiguous	25359	1	1	181395..181925-;176;unnamed;0
NZ_CP084781.1	MPF_F	IncFIA(HI1);IncFII(K)	143	0	0	GA	0															not_admitted	not_admitted	not_admitted	not_admitted	not_admitted	not_admitted	not_admitted	not_admitted	not_admitted	not_admitted	1	115;100055;101044;+;366.0	125;106535;107905;+;380.7	121;104581;105333;+;230.7	111;95973;98612;+;258.5	126;107905;110748;+;346.5	103;91292;92716;+;89.2	111;95973;98612;+;88.7	101;89999;90565;+;169.3	116;101057;101695;+;66.9	117;101754;103709;+;259.0	133;117146;119428;+;394.1	104;92830;93414;+;55.4	133;117146;119428;+;65.8	A	9/9	contiguous	27147	1	1	110759..111283+;174;unnamed;0
NZ_CP084784.1	MPF_F	IncFIB(K);IncFII(K)	204	0	0	GA	0															not_admitted	not_admitted	not_admitted	not_admitted	not_admitted	not_admitted	not_admitted	not_admitted	not_admitted	not_admitted	1	152;155989;156981;-;366.6	142;149168;150538;-;381.2	146;151740;152492;-;232.4	155;158007;160646;-;258.7	141;146319;149168;-;344.2	164;164461;165885;-;89.2	155;158007;160646;-;88.8	166;166612;167178;-;167.0	151;155338;155976;-;67.0	150;153335;155341;-;259.0	137;142196;144505;-;393.2	162;163280;163849;-;49.7	137;142196;144505;-;65.8	A	9/9	contiguous	24416	1	1	145786..146316-;176;unnamed;0
NZ_CP084790.1	MPF_F	IncFIB(K);IncFII(pKP91)	229	0	0	GA	0															not_admitted	not_admitted	not_admitted	not_admitted	not_admitted	not_admitted	not_admitted	not_admitted	not_admitted	not_admitted	1	161;151015;152004;-;363.3	150;143829;145196;-;382.2	154;146454;147206;-;236.4	165;153461;156100;-;259.2	149;140980;143829;-;342.9	176;161267;162691;-;89.3	165;153461;156100;-;87.3	178;163418;163984;-;169.3	159;150092;150739;-;65.9	158;148078;150033;-;259.5	145;136904;139168;-;393.3	174;160071;160655;-;53.8	145;136904;139168;-;65.9	A	9/9	contiguous	26514	1	1	140447..140977-;176;unnamed;0
NZ_CP084791.1	MPF_F	IncFIA(HI1);IncFII(pKP91)	146	0	0	GA	0															not_admitted	not_admitted	not_admitted	not_admitted	not_admitted	not_admitted	not_admitted	not_admitted	not_admitted	not_admitted	1	120;119091;120083;+;362.9	131;126091;127458;+;382.8	126;123637;124389;+;235.3	117;115426;118065;+;259.1	132;127458;130301;+;345.8	107;110200;111624;+;89.3	117;115426;118065;+;83.9	105;108907;109473;+;168.4	121;120096;120734;+;66.0	122;120793;122748;+;255.2	136;132888;135197;+;393.1	109;112236;112805;+;53.7	136;132888;135197;+;66.6	A	9/9	contiguous	23981	1	1	130312..130836+;174;unnamed;0
NZ_CP084804.1	MPF_F	IncFIB(pNDM-Mar);RepB	319	0	0	GA	0															not_admitted	not_admitted	not_admitted	not_admitted	not_admitted	not_admitted	not_admitted	not_admitted	not_admitted	not_admitted	1	285;301031;302068;+;282.3	72;74003;75358;-;190.6	73;75402;76439;-;175.6	274;287482;290199;+;149.9	71;70033;74001;-;121.3	270;283999;285369;+;65.6	274;287482;290199;+;85.5	267;281493;282353;+;79.0	284;299673;301034;+;69.9	286;302078;305263;+;59.6	80;83638;85764;+;58.0	273;286700;287437;+;57.0	80;83638;85764;+;40.6	A	9/9	split_2	232045	0	1	
NZ_CP084805.1	MPF_F	IncFIB(K);IncFII(pKP91)	210	0	0	GA	0															not_admitted	not_admitted	not_admitted	not_admitted	not_admitted	not_admitted	not_admitted	not_admitted	not_admitted	not_admitted	1	146;146402;147391;-;363.3	135;139216;140583;-;383.5	139;141841;142593;-;233.7	150;148848;151487;-;259.0	134;136394;139216;-;346.5	161;155455;156879;-;88.0	150;148848;151487;-;88.7	163;157606;158172;-;167.9	144;145479;146126;-;65.1	143;143465;145420;-;259.7	130;131496;133778;-;393.3	158;154259;154843;-;53.8	130;131496;133778;-;65.8	A	9/9	contiguous	26110	1	1	135769..136371-;200;TraS;0
NZ_CP084807.1	MPF_F	IncFIB(K)	306	0	0	GA	0															not_admitted	not_admitted	not_admitted	not_admitted	not_admitted	not_admitted	not_admitted	not_admitted	not_admitted	not_admitted	1	241;236877;237869;-;366.6	231;229993;231360;-;379.8	235;232617;233369;-;233.7	244;238895;241534;-;259.3	230;227171;229993;-;346.6	178;174740;175543;+;157.7	244;238895;241534;-;88.8	256;247511;248077;-;167.0	240;236226;236864;-;67.0	239;234212;236167;-;258.5	226;222890;225202;-;393.1	252;244167;244724;-;52.7	226;222890;225202;-;66.6	A	9/9	split_2	72771	1	1	226545..227147-;200;TraS;0
NZ_CP084808.1	MPF_F	IncFIB(pQil);IncFII(K)	162	0	0	GA	0															not_admitted	not_admitted	not_admitted	not_admitted	not_admitted	not_admitted	not_admitted	not_admitted	not_admitted	not_admitted	1	136;118510;119502;+;362.9	147;125510;126877;+;380.9	142;123056;123808;+;235.3	133;114845;117484;+;259.1	148;126877;129726;+;342.7	122;108559;109983;+;88.4	133;114845;117484;+;83.9	120;107266;107832;+;161.5	137;119515;120153;+;65.5	138;120212;122167;+;255.2	152;131466;133751;+;390.8	124;110595;110939;+;23.4	152;131466;133751;+;66.5	A	9/9	contiguous	24200	1	1	129729..130259+;176;unnamed;0
NZ_CP084819.1	MPF_F	IncFII(K);repB(R1701)	122	0	0	GA	0															not_admitted	not_admitted	not_admitted	not_admitted	not_admitted	not_admitted	not_admitted	not_admitted	not_admitted	not_admitted	1	97;81854;82843;+;366.6	107;88390;89757;+;383.7	103;86380;87132;+;233.2	93;77772;80414;+;258.5	108;89757;92606;+;346.4	85;73153;74577;+;89.3	93;77772;80414;+;88.2	83;71860;72426;+;169.3	98;82856;83494;+;66.9	99;83553;85508;+;259.7	112;95068;97380;+;393.2	86;74691;75275;+;54.3	112;95068;97380;+;65.8	A	9/9	contiguous	23208	1	1	92609..93142+;177;unnamed;0
NZ_CP084831.1	MPF_F	IncFII(K);IncFII(pAR0022);repB(R1701)	190	0	0	GA	0															not_admitted	not_admitted	not_admitted	not_admitted	not_admitted	not_admitted	not_admitted	not_admitted	not_admitted	not_admitted	1	151;144794;145786;-;366.6	141;137910;139277;-;381.2	145;140534;141286;-;232.2	154;146812;149451;-;259.3	140;135088;137910;-;346.6	164;153277;154701;-;89.2	154;146812;149451;-;88.8	166;155428;155994;-;169.3	150;144143;144781;-;67.0	149;142129;144084;-;258.5	136;130807;133119;-;393.1	162;152084;152641;-;52.7	136;130807;133119;-;66.6	A	9/9	contiguous	24621	1	1	134462..135064-;200;TraS;0
NZ_CP084834.1	MPF_F	IncFIB(pQil);IncFII(pKP91)	130	0	0	GA	0															not_admitted	not_admitted	not_admitted	not_admitted	not_admitted	not_admitted	not_admitted	not_admitted	not_admitted	not_admitted	1	77;72186;73178;-;362.9	66;64811;66178;-;380.9	71;67880;68632;-;235.3	80;74204;76843;-;259.1	65;61962;64811;-;342.7	90;80645;82069;-;88.4	80;74204;76843;-;83.9	92;82796;83362;-;168.4	76;71535;72173;-;66.0	75;69521;71476;-;255.2	61;57937;60222;-;390.8	88;79464;80033;-;53.7	61;57937;60222;-;66.5	A	9/9	contiguous	24859	1	1	61429..61959-;176;unnamed;0
NZ_CP084846.1	MPF_F	IncFII(K);repB(R1701)	109	0	0	GA	0															not_admitted	not_admitted	not_admitted	not_admitted	not_admitted	not_admitted	not_admitted	not_admitted	not_admitted	not_admitted	1	83;75392;76384;+;367.1	93;81931;83298;+;381.2	89;79921;80673;+;233.7	80;71727;74366;+;258.5	94;83298;86141;+;346.4	72;67110;68534;+;89.2	80;71727;74366;+;87.8	70;65817;66383;+;169.3	84;76397;77035;+;66.0	85;77094;79049;+;259.6	99;88831;91143;+;392.5	73;68648;69232;+;53.6	99;88831;91143;+;66.6	A	9/9	contiguous	23014	1	1	86152..86685+;177;unnamed;0
NZ_CP084857.1	MPF_F	IncFIB(K);IncFII(pKP91)	179	0	0	GA	0															not_admitted	not_admitted	not_admitted	not_admitted	not_admitted	not_admitted	not_admitted	not_admitted	not_admitted	not_admitted	1	103;104399;105391;-;363.2	90;96050;97417;-;384.9	94;98675;99427;-;236.3	107;107709;110348;-;260.1	89;93207;96050;-;347.4	115;113652;115076;-;89.2	107;107709;110348;-;84.4	117;115803;116369;-;167.0	99;102330;102977;-;64.3	98;100316;102271;-;258.2	86;89083;91392;-;391.1	114;113010;113579;-;51.9	86;89083;91392;-;64.3	A	9/9	contiguous	26720	1	1	92674..93204-;176;unnamed;0
NZ_CP084861.1	MPF_F	IncFIB(K);IncFII(K);IncFII(pAR0022)	249	0	0	GA	0															not_admitted	not_admitted	not_admitted	not_admitted	not_admitted	not_admitted	not_admitted	not_admitted	not_admitted	not_admitted	1	193;186782;187774;-;366.6	183;179898;181265;-;381.2	187;182522;183274;-;232.2	196;188800;191439;-;259.3	182;177076;179898;-;346.6	206;195265;196689;-;88.4	196;188800;191439;-;88.8	208;197416;197982;-;167.0	192;186131;186769;-;67.0	191;184117;186072;-;258.5	178;172795;175107;-;393.1	204;194072;194629;-;52.7	178;172795;175107;-;66.6	A	9/9	contiguous	24621	1	1	176450..177052-;200;TraS;0
NZ_CP084872.1	MPF_F	IncFIB(K)	177	0	0	GA	0															not_admitted	not_admitted	not_admitted	not_admitted	not_admitted	not_admitted	not_admitted	not_admitted	not_admitted	not_admitted	1	113;104530;105519;-;363.3	73;70825;72192;-;383.5	77;73450;74202;-;233.7	117;106976;109615;-;259.0	72;68003;70825;-;346.5	128;113583;115007;-;88.0	117;106976;109615;-;88.7	130;115734;116300;-;167.9	111;103607;104254;-;65.1	110;101815;103548;-;145.1	100;89255;91537;+;393.3	125;112387;112971;-;53.1	100;89255;91537;+;65.8	A	9/9	contiguous	47731	1	1	67378..67980-;200;TraS;0
NZ_CP084875.1	MPF_F	IncFIB(pNDM-Mar);IncHI1B(pNDM-MAR)	230	0	0	GA	0															not_admitted	not_admitted	not_admitted	not_admitted	not_admitted	not_admitted	not_admitted	not_admitted	not_admitted	not_admitted	1	160;135763;136800;-;282.3	76;57522;58931;+;190.4	75;56495;57532;+;176.7	173;147635;150352;-;149.2	77;58933;62847;+;121.7	177;152465;153835;-;63.4	173;147635;150352;-;83.2	180;155481;156341;-;79.0	161;136797;138158;-;69.9	159;132571;135753;-;59.1	68;47158;49284;-;57.8	174;150397;151134;-;56.9	68;47158;49284;-;41.0	A	9/9	split_2	108323	0	1	
NZ_CP084877.1	MPF_F	IncFIB(K);IncFII(K)	185	0	0	GA	0															not_admitted	not_admitted	not_admitted	not_admitted	not_admitted	not_admitted	not_admitted	not_admitted	not_admitted	not_admitted	1	132;129487;130479;-;366.6	122;122603;123970;-;381.2	126;125227;125979;-;232.2	135;131517;134156;-;259.3	121;119754;122603;-;346.5	145;137976;139400;-;88.4	135;131517;134156;-;88.8	147;140127;140693;-;167.0	131;128836;129474;-;67.0	130;126822;128777;-;258.5	117;115629;117938;-;392.7	143;136789;137346;-;52.7	117;115629;117938;-;66.6	A	9/9	contiguous	24498	1	1	119221..119751-;176;unnamed;0
NZ_CP084901.1	MPF_F	IncHI2;IncHI2A;IncQ1	251	0	0	GA	0															not_admitted	not_admitted	not_admitted	not_admitted	not_admitted	not_admitted	not_admitted	not_admitted	not_admitted	not_admitted	1	27;31208;32266;+;276.9	170;160125;161540;-;194.1	171;161530;162576;-;174.3	11;8955;11636;+;168.3	169;156163;160116;-;101.6	7;5270;6625;+;80.7	11;8955;11636;+;72.2	4;2758;3546;+;74.8	25;29555;31066;+;62.0	28;32285;35473;+;57.3	178;169618;171702;+;56.8	10;7996;8946;+;46.1	178;169618;171702;+;38.8	A	9/9	split_3	166860	1	1	154693..155982-;429;unnamed;0
NZ_CP084902.1	MPF_F	IncFIA;IncFIB(AP001918);IncFII	195	0	0	GA	0															not_admitted	not_admitted	not_admitted	not_admitted	not_admitted	not_admitted	not_admitted	not_admitted	not_admitted	not_admitted	1	125;111352;112344;-;367.4	114;104293;105666;-;380.9	121;107880;108623;-;235.0	128;113353;115980;-;305.4	113;101471;104296;-;385.9	134;118035;119462;-;94.3	128;113353;115980;-;98.5	136;120177;120743;-;182.1	124;110705;111343;-;68.6	123;108900;110708;-;268.3	110;97770;99968;-;391.3	130;116496;117011;-;78.4	110;97770;99968;-;70.4	A	9/9	contiguous	22407	1	1	100965..101474-;169;unnamed;0
NZ_CP084932.1	MPF_F	-	156	0	0	GA	0															not_admitted	not_admitted	not_admitted	not_admitted	not_admitted	not_admitted	not_admitted	not_admitted	not_admitted	not_admitted	1	114;125139;126158;-;393.8	110;119982;121436;-;366.9	111;121436;122266;-;243.5	120;128626;131217;-;476.2	109;117154;119964;-;354.5	123;133085;134422;-;99.4	120;128626;131217;-;101.5	125;135236;135802;-;194.7	113;124385;125128;-;112.7	112;122556;124388;-;278.0	81;83278;85581;+;544.8	121;131219;132220;-;28.1	81;83278;85581;+;66.0	A	9/9	split_2	51958	0	1	
NZ_CP084956.1	-	-	124	0	0	GA	1	31;31894;33006;-;72.7	34;35865;36146;-;96.1	33;35571;35849;-;71.2	32;33206;35596;-;78.3	72;69110;71488;-;50.7	69;67031;67798;-;61.5	67;65583;66596;-;120.2		66;64885;65553;-;183.7	65;64157;64879;-;176.5	64;62712;64154;-;173.2	63;61634;62629;-;116.7	14;14692;16605;+;299.2		pfam	pfam_only	A	7/7	rearranged	1	0	unscoreable	12	0	0														not_admitted	not_admitted	not_admitted	not_admitted	not_admitted	not_admitted	not_admitted
NZ_CP084957.1	MPF_T	-	116	0	0	GA	1	46;43561;44715;-;74.4	50;47505;47900;-;74.3	49;47234;47461;-;65.1	48;44869;47244;-;83.8	48;44869;47244;-;47.2	45;42752;43564;-;67.8	38;37229;38305;-;129.5		44;41984;42637;-;167.2	43;41286;41981;-;167.1	42;39910;41289;-;176.9	41;38919;39905;-;105.4	33;30247;32247;+;290.8		pfam	both	A	7/7	canonical	1	0	unscoreable	7	0	0														not_admitted	not_admitted	not_admitted	not_admitted	not_admitted	not_admitted	not_admitted
NZ_CP084960.1	MPF_T	-	229	0	0	GA	1	64;68409;69563;-;68.6	68;72353;72748;-;73.9	67;72082;72360;-;89.2	66;69717;72092;-;85.9	66;69717;72092;-;46.6	63;67600;68412;-;67.2	56;62094;63173;-;124.0		62;66930;67583;-;166.7	61;66133;66930;-;164.7	60;64757;66136;-;183.2	59;63766;64752;-;102.0	28;32187;34178;+;286.9		pfam	both	A	7/7	canonical	1	0	unscoreable	3	0	0														not_admitted	not_admitted	not_admitted	not_admitted	not_admitted	not_admitted	not_admitted
NZ_CP084963.1	MPF_T	-	139	0	0	GA	1	61;62820;63974;-;74.0	65;66752;67147;-;73.2	64;66481;66759;-;90.4	63;64128;66491;-;85.6	63;64128;66491;-;44.1	60;62011;62823;-;69.6	53;56586;57662;-;128.6		59;61340;61993;-;168.8	58;60643;61338;-;162.9	57;59267;60646;-;180.4	56;58276;59262;-;103.8	48;48979;50958;+;287.1		pfam	both	A	7/7	canonical	1	0	unscoreable	7	0	0														not_admitted	not_admitted	not_admitted	not_admitted	not_admitted	not_admitted	not_admitted
NZ_CP084987.1	MPF_F	IncQ1;repFIB;repHI5B	391	0	0	GA	0															not_admitted	not_admitted	not_admitted	not_admitted	not_admitted	not_admitted	not_admitted	not_admitted	not_admitted	not_admitted	1	146;118362;119399;+;283.2	348;314497;315921;-;188.6	349;315890;316933;-;171.0	131;102727;105444;+;149.9	150;123971;127903;+;121.2	127;99247;100614;+;63.8	131;102727;105444;+;86.1	124;96754;97617;+;82.3	145;117004;118365;+;72.2	147;119409;122591;+;61.2	356;324200;326326;+;60.3	130;101944;102678;+;59.3	356;324200;326326;+;43.0	A	9/9	split_2	227446	0	1	
NZ_CP084988.1	MPF_F	IncFII(Yp);repB(R1701)	157	0	0	GA	0															not_admitted	not_admitted	not_admitted	not_admitted	not_admitted	not_admitted	not_admitted	not_admitted	not_admitted	not_admitted	1	131;114742;115734;+;372.3	142;121768;123138;+;383.1	139;120247;120999;+;222.2	128;111077;113716;+;254.8	143;123138;126017;+;333.2	120;106465;107886;+;86.6	128;111077;113716;+;88.2	118;105178;105744;+;159.4	132;115747;116394;+;68.8	134;116771;118726;+;253.1	147;128795;131113;+;390.7	122;108347;108931;+;55.9	147;128795;131113;+;66.8	A	9/9	contiguous	23617	1	1	126034..126702+;222;unnamed;0
NZ_CP085034.1	MPF_F	IncFIB(K);IncFII(K);IncFII(pAR0022)	203	0	0	GA	0															not_admitted	not_admitted	not_admitted	not_admitted	not_admitted	not_admitted	not_admitted	not_admitted	not_admitted	not_admitted	1	159;154667;155659;-;366.6	149;147846;149216;-;381.2	153;150418;151170;-;232.4	162;156685;159324;-;258.7	148;144997;147846;-;344.2	171;163141;164565;-;89.2	162;156685;159324;-;88.8	173;165292;165858;-;167.0	158;154016;154654;-;67.0	157;152013;154019;-;259.0	144;140874;143183;-;394.2	168;161960;162529;-;49.7	144;140874;143183;-;65.8	A	9/9	contiguous	24418	1	1	144464..144994-;176;unnamed;0
NZ_CP085059.1	MPF_F	IncFII(pCoo)	102	0	0	GA	0															not_admitted	not_admitted	not_admitted	not_admitted	not_admitted	not_admitted	not_admitted	not_admitted	not_admitted	not_admitted	1	74;58695;59687;+;369.5	86;65707;67080;+;388.1	80;63036;63779;+;234.1	71;55056;57686;+;300.9	87;67077;69902;+;382.8	62;49574;51001;+;93.9	71;55056;57686;+;101.1	60;48293;48859;+;182.3	77;60316;60954;+;69.8	78;60951;62759;+;267.9	91;72144;74351;+;380.8	66;52123;52638;+;77.9	91;72144;74351;+;66.5	A	9/9	contiguous	23851	1	1	69899..70408+;169;unnamed;0
NZ_CP085061.1	MPF_F	IncFIA;IncFIB(AP001918);IncFII	186	0	0	GA	0															not_admitted	not_admitted	not_admitted	not_admitted	not_admitted	not_admitted	not_admitted	not_admitted	not_admitted	not_admitted	1	122;110977;111969;-;367.1	111;103827;105200;-;382.9	117;107128;107871;-;234.4	125;112978;115608;-;297.8	110;101008;103830;-;384.1	134;119396;120847;-;94.1	125;112978;115608;-;100.5	136;121562;122128;-;183.8	120;109995;110633;-;69.6	119;108148;109998;-;266.4	103;93863;95800;-;392.3	131;118021;118536;-;77.9	103;93863;95800;-;72.1	A	9/9	contiguous	27699	1	1	100490..100987-;165;TraS;0
NZ_CP085064.1	MPF_F	IncFIA;IncFIB(AP001918);IncFII	148	0	0	GA	0															not_admitted	not_admitted	not_admitted	not_admitted	not_admitted	not_admitted	not_admitted	not_admitted	not_admitted	not_admitted	1	82;75397;76389;-;371.6	73;68580;69953;-;381.7	78;71883;72626;-;234.4	85;77398;80025;-;303.5	72;65761;68583;-;374.0	91;82184;83611;-;91.9	85;77398;80025;-;99.0	93;84326;84892;-;182.9	81;74750;75388;-;68.7	80;72903;74753;-;266.1	68;61219;63489;-;391.1	86;80541;81056;-;76.4	68;61219;63489;-;70.3	A	9/9	contiguous	23107	1	1	65260..65739-;159;TraS;0
NZ_CP085066.1	MPF_T	IncI2(Delta)	85	0	0	GA	1	47;33431;33913;-;81.1		61;49490;49774;-;36.5	60;47127;49484;-;59.8	60;47127;49484;-;45.0	72;55337;55984;-;41.6	73;55990;56976;-;120.4		59;46229;46963;-;144.3	58;45462;46232;-;170.5	57;44333;45472;-;154.7	50;35682;37220;-;207.1	55;41285;43243;-;287.0		pfam	pfam_only	A	7/7	rearranged	1	0	unscoreable	15	0	0														not_admitted	not_admitted	not_admitted	not_admitted	not_admitted	not_admitted	not_admitted
NZ_CP085070.1	MPF_F	IncFIA;IncFIB(AP001918);IncFII	163	0	0	GA	0															not_admitted	not_admitted	not_admitted	not_admitted	not_admitted	not_admitted	not_admitted	not_admitted	not_admitted	not_admitted	1	97;87478;88470;-;371.6	86;78075;79448;-;381.7	91;81378;82121;-;234.4	100;89479;92106;-;303.5	85;75256;78078;-;374.0	106;94265;95692;-;91.9	100;89479;92106;-;99.0	108;96407;96973;-;182.9	96;86831;87469;-;68.7	95;84984;86834;-;266.1	81;70696;72984;-;391.0	101;92622;93137;-;76.4	81;70696;72984;-;70.3	A	9/9	contiguous	25711	1	1	74755..75234-;159;TraS;0
NZ_CP085075.1	MPF_F	IncFIA;IncFII	146	0	0	GA	0															not_admitted	not_admitted	not_admitted	not_admitted	not_admitted	not_admitted	not_admitted	not_admitted	not_admitted	not_admitted	1	120;107109;108101;+;371.6	129;113163;114536;+;380.7	124;110830;111573;+;233.3	117;103473;106100;+;303.5	130;114533;117352;+;386.2	111;99887;101314;+;91.9	117;103473;106100;+;99.0	109;98606;99172;+;182.9	121;108110;108748;+;64.9	122;108745;110553;+;268.2	133;118884;121055;+;391.8	116;102442;102957;+;76.4	133;118884;121055;+;70.4	A	9/9	contiguous	20278	1	1	117377..117868+;163;TraS;0
NZ_CP085076.1	MPF_T	IncY	100	0	0	GA	1	75;77838;78500;+;48.3	76;78511;78810;+;36.6	77;78820;81570;+;61.8	77;78820;81570;+;132.4	77;78820;81570;+;47.3	78;81589;82305;+;137.0	80;82619;83626;+;137.8		82;83836;84522;+;158.3	83;84515;85408;+;147.4	84;85405;86601;+;134.7	85;86605;87654;+;71.5	92;92392;94299;+;24.4		pfam	pfam_only	A	7/7	canonical	1	1	unscoreable	8	0	0														not_admitted	not_admitted	not_admitted	not_admitted	not_admitted	not_admitted	not_admitted
NZ_CP085102.1	MPF_F	IncFIB(K)	227	0	0	GA	0															not_admitted	not_admitted	not_admitted	not_admitted	not_admitted	not_admitted	not_admitted	not_admitted	not_admitted	not_admitted	1	174;173163;174152;-;366.6	164;166249;167616;-;380.5	168;168874;169626;-;233.7	178;175609;178248;-;258.5	163;163400;166249;-;346.4	185;181076;182500;-;88.1	178;175609;178248;-;88.7	187;183227;183793;-;169.3	173;172512;173150;-;66.9	172;170498;172453;-;259.7	156;157565;159874;-;393.1	184;180419;181003;-;54.3	156;157565;159874;-;66.5	A	9/9	contiguous	25662	1	1	162867..163397-;176;unnamed;0
NZ_CP085104.1	MPF_F	IncFII(K);repB(R1701)	173	0	0	GA	0															not_admitted	not_admitted	not_admitted	not_admitted	not_admitted	not_admitted	not_admitted	not_admitted	not_admitted	not_admitted	1	148;125442;126434;+;363.2	158;131981;133348;+;384.3	154;129971;130723;+;233.7	145;121777;124416;+;259.0	159;133348;136191;+;346.4	138;116978;118402;+;89.3	145;121777;124416;+;88.7	136;115685;116251;+;169.3	149;126447;127085;+;66.0	150;127144;129099;+;259.6	164;138882;141194;+;392.5	139;118476;119060;+;54.4	164;138882;141194;+;66.6	A	9/9	contiguous	23197	1	1	136202..136735+;177;unnamed;0
NZ_CP085148.1	MPF_T	-	112	0	0	GA	1	37;40534;41688;-;71.8	41;44478;44873;-;73.9	40;44207;44527;-;86.6	39;41842;44217;-;83.4	39;41842;44217;-;47.3	36;39725;40537;-;69.4	29;34299;35375;-;128.6		35;39054;39707;-;173.0	34;38356;39051;-;167.1	33;36980;38359;-;181.6	32;35989;36975;-;104.1	24;27296;29296;+;286.8		pfam	both	A	7/7	canonical	1	0	unscoreable	7	0	0														not_admitted	not_admitted	not_admitted	not_admitted	not_admitted	not_admitted	not_admitted
NZ_CP085157.1	-	-	154	0	0	GA	1	51;51958;53046;-;68.2	54;55870;56154;-;85.5	53;55571;55846;-;55.8	52;53212;55581;-;83.9	52;53212;55581;-;60.7	50;51159;51968;-;71.7	48;49663;50664;-;100.2		47;49016;49660;-;166.0	46;48281;49012;-;140.4	45;46821;48278;-;170.9	44;45811;46821;-;109.2	35;34386;36317;+;274.4		pfam	pfam_only	A	7/7	canonical	1	0	unscoreable	9	0	0														not_admitted	not_admitted	not_admitted	not_admitted	not_admitted	not_admitted	not_admitted
NZ_CP085159.1	MPF_T	-	138	0	0	GA	1	48;48099;49253;-;74.5	52;52031;52324;-;74.8	51;51760;52038;-;91.2	50;49407;51770;-;84.3	50;49407;51770;-;42.3	47;47290;48102;-;66.0	40;41884;42963;-;123.2		46;46621;46842;-;61.9	45;45923;46618;-;164.6	44;44547;45926;-;178.9	43;43556;44542;-;104.0	33;34955;36955;+;287.0		pfam	both	A	7/7	canonical	1	0	unscoreable	9	0	0														not_admitted	not_admitted	not_admitted	not_admitted	not_admitted	not_admitted	not_admitted
NZ_CP085160.1	MPF_T	-	138	0	0	GA	1	68;67923;69089;-;78.5	72;71968;72282;-;76.5	71;71680;71958;-;77.3	70;69306;71690;-;91.9	70;69306;71690;-;37.5	67;67135;67926;-;61.8	61;61934;62959;-;124.6		66;66461;67138;-;138.7	65;65751;66464;-;166.5	64;64432;65754;-;172.2	63;63396;64430;-;105.5	51;51806;53788;+;276.0		pfam	both	A	7/7	canonical	1	0	unscoreable	11	0	0														not_admitted	not_admitted	not_admitted	not_admitted	not_admitted	not_admitted	not_admitted
NZ_CP085161.1	-	-	104	0	0	GA	1	61;62495;63607;-;71.2	65;66568;66849;-;91.6	64;66178;66456;-;62.5	63;63810;66188;-;72.1	63;63810;66188;-;47.3	60;61731;62498;-;61.7	58;60283;61296;-;115.4		57;59585;60253;-;184.6	56;58857;59579;-;179.7	55;57430;58854;-;170.2	54;56450;57430;-;114.8	46;47593;49506;+;295.9		pfam	pfam_only	A	7/7	canonical	1	0	unscoreable	9	0	0														not_admitted	not_admitted	not_admitted	not_admitted	not_admitted	not_admitted	not_admitted
NZ_CP085185.1	MPF_T	IncI2	81	0	0	GA	1	42;34675;35157;-;81.1		57;50753;51037;-;36.6	56;48390;50747;-;58.5	56;48390;50747;-;42.8	69;56490;57131;-;43.4	70;57137;58132;-;128.5		54;47490;48224;-;146.2	53;46723;47493;-;170.5	52;45594;46733;-;154.7	45;36925;38463;-;207.1	50;42546;44504;-;289.6		pfam	pfam_only	A	7/7	rearranged	1	0	unscoreable	17	1	0														not_admitted	not_admitted	not_admitted	not_admitted	not_admitted	not_admitted	not_admitted
NZ_CP085189.1	MPF_F	IncHI2;IncHI2A;IncN	274	0	0	GA	0															not_admitted	not_admitted	not_admitted	not_admitted	not_admitted	not_admitted	not_admitted	not_admitted	not_admitted	not_admitted	1	28;31208;32266;+;276.9	191;180235;181650;-;194.1	192;181640;182686;-;174.3	11;8955;11636;+;168.0	190;176273;180226;-;101.7	7;5270;6625;+;80.7	11;8955;11636;+;72.2	4;2758;3546;+;74.8	26;29555;31066;+;62.0	29;32285;35473;+;57.3	199;189728;191812;+;56.8	10;7996;8946;+;46.1	199;189728;191812;+;38.8	A	9/9	split_3	186970	1	1	174803..176092-;429;unnamed;0
NZ_CP085198.1	MPF_F	IncFIB(K);IncFII(K)	189	0	0	GA	0															not_admitted	not_admitted	not_admitted	not_admitted	not_admitted	not_admitted	not_admitted	not_admitted	not_admitted	not_admitted	1	82;64425;65417;+;366.6			79;60760;63399;+;258.7		70;55933;57357;+;84.2	79;60760;63399;+;88.8	68;54640;55206;+;168.4	83;65430;66068;+;67.0	84;66065;67780;+;175.8	86;68919;71126;+;393.4	71;57570;58127;+;53.2	86;68919;71126;+;65.9	C	6/9	contiguous	14279	0	1	
NZ_CP085199.1	MPF_F	repFIB;repHI5B	330	0	0	GA	0															not_admitted	not_admitted	not_admitted	not_admitted	not_admitted	not_admitted	not_admitted	not_admitted	not_admitted	not_admitted	1	136;108166;109203;+;282.2	226;187386;188828;-;188.4	227;188785;189822;-;172.4	125;94580;97297;+;143.5	225;183446;187411;-;117.7	121;91090;92457;+;63.7	125;94580;97297;+;80.6	118;88575;89435;+;73.9	135;106808;108169;+;71.7	137;109218;112394;+;58.7	234;197051;199177;+;62.0	124;93794;94531;+;56.3	234;197051;199177;+;39.7	A	9/9	split_2	108476	0	1	
NZ_CP085204.1	MPF_F	IncFII(pHN7A8)	65	0	0	GA	0															not_admitted	not_admitted	not_admitted	not_admitted	not_admitted	not_admitted	not_admitted	not_admitted	not_admitted	not_admitted	1	20;25027;26013;-;355.4	14;19433;20794;-;342.6	16;21426;22205;-;194.4	23;27106;29697;-;215.3	13;16543;19431;-;286.8	28;31286;32650;-;83.1	23;27106;29697;-;88.2	30;33367;33930;-;136.5	18;24037;24651;-;82.6	17;22202;24040;-;258.5	10;12701;14932;-;371.9	24;29708;30307;-;46.6	10;12701;14932;-;68.9	A	9/9	contiguous	20666	1	1	15957..16535-;192;unnamed;0
NZ_CP085473.1	MPF_T	-	62	0	0	GA	1				60;51081;53096;+;23.6									4;2616;4127;+;466.5		none	none	D	2/7	uncallable	0	0	unscoreable	0	0	0														not_admitted	not_admitted	not_admitted	not_admitted	not_admitted	not_admitted	not_admitted
NZ_CP085475.1	MPF_T	-	56	0	0	GA	1				18;17523;19538;-;22.4									11;11801;13270;-;465.5		none	none	D	2/7	uncallable	0	0	unscoreable	6	0	0														not_admitted	not_admitted	not_admitted	not_admitted	not_admitted	not_admitted	not_admitted
NZ_CP085482.1	MPF_T	-	316	0	0	GA	0															not_admitted	not_admitted	not_admitted	not_admitted	not_admitted	not_admitted	not_admitted	not_admitted	not_admitted	not_admitted	1	198;170241;171326;+;271.5	221;188405;189841;+;236.1	220;187322;188383;+;197.7	194;165688;168177;+;239.7	222;189856;193014;+;250.9	191;162589;163977;+;104.8	194;165688;168177;+;122.7	189;160728;161318;+;84.8	197;168985;170244;+;51.9	224;193436;196150;+;129.7	183;156199;158151;+;21.5	192;163980;164513;+;70.4	183;156199;158151;+;36.9	A	9/9	contiguous	37237	0	1	
NZ_CP085526.1	MPF_T	-	392	0	0	GA	1	375;332258;333346;+;95.2	372;329158;329496;+;75.1	373;329500;329799;+;77.7	374;329802;332261;+;120.2	374;329802;332261;+;98.4	376;333358;334059;+;36.7	378;334292;335320;+;146.3		379;335360;336055;+;181.9	380;336052;336861;+;197.7	381;336861;338072;+;206.5	382;338053;339081;+;134.9	383;339078;341177;+;311.5		pfam	pfam_only	A	7/7	canonical	1	0	unscoreable	1	0	0														not_admitted	not_admitted	not_admitted	not_admitted	not_admitted	not_admitted	not_admitted
NZ_CP085527.1	MPF_T	-	1235	0	0	GA	1		597;565114;565413;-;87.0	596;564768;565109;-;106.8	595;562397;564793;-;172.9	595;562397;564793;-;108.6	594;561696;562397;-;200.5	592;560525;561460;-;162.8		590;559538;560209;-;215.6	589;558684;559538;-;182.5	588;557502;558674;-;180.8	742;715661;717154;-;213.3	496;469306;471225;-;336.9		pfam	both	A	7/7	canonical	1	0	unscoreable	2	0	0														not_admitted	not_admitted	not_admitted	not_admitted	not_admitted	not_admitted	not_admitted
NZ_CP085534.1	MPF_F	-	181	0	0	GA	0															not_admitted	not_admitted	not_admitted	not_admitted	not_admitted	not_admitted	not_admitted	not_admitted	not_admitted	not_admitted	1	165;145207;146196;-;356.1	159;139716;141080;-;366.0	162;141938;143545;-;196.3	168;147244;149829;-;245.5	158;136873;139716;-;339.6	170;150403;151731;-;93.7	168;147244;149829;-;89.0	172;152433;152999;-;128.2	164;144589;145197;-;69.5	162;141938;143545;-;232.3	155;133330;135492;-;381.7	169;149840;150391;-;44.9	155;133330;135492;-;63.9	A	9/9	contiguous	19103	1	1	136307..136876-;189;unnamed;0
NZ_CP085535.1	MPF_F	-	83	0	0	GA	0															not_admitted	not_admitted	not_admitted	not_admitted	not_admitted	not_admitted	not_admitted	not_admitted	not_admitted	not_admitted	1	69;63448;64437;-;356.7	63;57874;59238;-;368.0	66;60096;60947;-;196.5	72;65485;68070;-;245.5	62;55034;57874;-;340.1	74;68644;69972;-;93.6	72;65485;68070;-;89.0	76;70689;71255;-;129.5	68;62824;63438;-;76.9	67;60944;62806;-;245.5	59;51464;53632;-;381.7	73;68081;68632;-;44.8	59;51464;53632;-;63.9	A	9/9	contiguous	19225	1	1	54447..55034-;195;unnamed;0
NZ_CP085536.1	MPF_T	IncU	56	0	0	GA	1		29;27238;27561;-;66.6	28;26900;27220;-;82.6	27;24456;26903;-;158.4	27;24456;26903;-;86.2	26;23815;24459;-;105.7	24;22489;23499;-;161.6		22;21419;22168;-;157.6	21;20583;21416;-;208.0	20;19369;20583;-;188.0	19;18363;19391;-;90.4	18;16472;18397;-;408.7		pfam	both	A	7/7	canonical	1	0	unscoreable	2	0	0														not_admitted	not_admitted	not_admitted	not_admitted	not_admitted	not_admitted	not_admitted
NZ_CP085620.1	MPF_F	IncFIB(AP001918);IncFII(29)	145	0	0	GA	0															not_admitted	not_admitted	not_admitted	not_admitted	not_admitted	not_admitted	not_admitted	not_admitted	not_admitted	not_admitted	1	85;81939;82931;-;369.5	73;74512;75885;-;381.7	80;78090;78833;-;233.1	92;87845;89110;-;277.5	72;71693;74515;-;388.5	99;92241;93668;-;93.9	88;83940;85352;-;100.9	101;94383;94949;-;183.1	83;80957;81595;-;68.6	82;79110;80960;-;271.9	68;67097;69421;-;391.0	96;90597;91112;-;73.9	68;67097;69421;-;70.2	A	9/9	contiguous	27286	1	1	71192..71671-;159;TraS;0
NZ_CP085623.1	MPF_F	IncHI2;IncHI2A	301	0	0	GA	0															not_admitted	not_admitted	not_admitted	not_admitted	not_admitted	not_admitted	not_admitted	not_admitted	not_admitted	not_admitted	1	29;33666;34724;+;276.9	209;189350;190765;-;194.1	210;190755;191801;-;174.1	13;10914;13595;+;168.0	208;185388;189341;-;101.6	7;5270;6625;+;80.7	13;10914;13595;+;72.2	4;2758;3546;+;74.8	27;32013;33524;+;62.0	31;36032;37930;+;58.4	217;198843;200927;+;56.8	10;7996;8889;+;49.5	217;198843;200927;+;38.8	A	9/9	split_3	196085	1	1	183918..185207-;429;unnamed;0
NZ_CP085624.1	MPF_F	IncFII	89	0	0	GA	0															not_admitted	not_admitted	not_admitted	not_admitted	not_admitted	not_admitted	not_admitted	not_admitted	not_admitted	not_admitted	1	66;58265;59257;+;369.3	75;64319;65692;+;379.5	70;61956;62729;+;234.0	63;54626;57256;+;303.5	76;65689;68514;+;386.0	56;49921;51348;+;94.3	63;54626;57256;+;98.5	54;48640;49206;+;183.8	67;59266;59904;+;68.7	68;59901;61709;+;268.0	79;70018;72198;+;391.8	60;52476;52991;+;78.6	79;70018;72198;+;70.4	A	9/9	contiguous	21378	1	1	68511..69020+;169;unnamed;0
NZ_CP085685.1	MPF_T	-	123	0	0	GA	1	77;71063;71770;+;39.5			79;72455;75007;+;72.8		80;75004;75690;+;56.0	82;76087;77019;+;128.1		100;91992;92780;+;101.6	85;78221;79030;+;141.0	102;93566;94915;+;127.0	103;94925;95983;+;55.5	110;99937;101619;+;245.2		pfam	pfam_only	A	7/7	canonical	1	0	unscoreable	17	0	0														not_admitted	not_admitted	not_admitted	not_admitted	not_admitted	not_admitted	not_admitted
NZ_CP085697.1	MPF_F	IncHI2;IncHI2A	259	0	0	GA	0															not_admitted	not_admitted	not_admitted	not_admitted	not_admitted	not_admitted	not_admitted	not_admitted	not_admitted	not_admitted	1	27;31707;32765;+;276.9	176;162761;164176;-;194.1	177;164166;165212;-;174.3	11;8955;11636;+;168.0	175;158799;162752;-;101.6	7;5270;6625;+;80.7	11;8955;11636;+;72.2	4;2758;3546;+;74.8	25;30054;31565;+;62.0	28;32784;35972;+;57.3	184;172254;174338;+;56.8	10;7996;8946;+;46.1	184;172254;174338;+;38.8	A	9/9	split_3	169496	1	1	157329..158618-;429;unnamed;0
NZ_CP085727.1	MPF_F	IncHI2;IncHI2A	296	0	0	GA	0															not_admitted	not_admitted	not_admitted	not_admitted	not_admitted	not_admitted	not_admitted	not_admitted	not_admitted	not_admitted	1	55;55914;56972;-;276.9	183;175349;176764;+;194.1	182;174313;175359;+;173.7	73;77611;80292;-;168.0	184;176773;180723;+;101.6	77;82622;83977;-;80.7	73;77611;80292;-;72.2	80;85701;86489;-;74.8	57;57114;58625;-;62.7	54;52707;55895;-;58.3	176;165189;167273;-;56.7	74;80301;81251;-;46.4	176;165189;167273;-;38.8	A	9/9	split_3	124066	0	1	
NZ_CP085728.1	MPF_F	-	138	0	0	GA	0															not_admitted	not_admitted	not_admitted	not_admitted	not_admitted	not_admitted	not_admitted	not_admitted	not_admitted	not_admitted	1	34;25998;27596;-;329.9	27;21231;22622;-;240.8	29;23096;23923;-;173.3	37;31388;33922;-;152.3	26;17578;21231;-;106.9	39;34440;35681;-;59.9	37;31388;33922;-;77.1	41;36509;37138;-;48.1	31;24458;25198;-;96.7	35;27755;29353;-;77.4	104;78611;80956;+;355.3	38;33922;34440;-;75.7	104;78611;80956;+;64.0	A	9/9	split_2	61033	1	1	17288..17476-;62;unnamed;0
NZ_CP085731.1	MPF_F	IncC;IncFIB(pQil);IncFII(K)	219	0	0	GA	0															not_admitted	not_admitted	not_admitted	not_admitted	not_admitted	not_admitted	not_admitted	not_admitted	not_admitted	not_admitted	1	146;120849;121841;-;366.6	136;114028;115398;-;381.2	140;116600;117352;-;232.4	149;122867;125506;-;258.7	113;81811;85425;-;375.3	158;129321;130745;-;89.2	149;122867;125506;-;88.8	160;131472;132038;-;167.0	145;120198;120836;-;67.0	144;118195;120201;-;259.0	131;107056;109365;-;393.2	156;128140;128709;-;49.7	131;107056;109365;-;65.8	A	9/9	split_2	49661	0	1	
NZ_CP085733.1	MPF_T	IncN	69	0	0	GA	1	26;24433;25167;-;32.5		23;23473;23790;-;63.3	22;20873;23473;-;113.8	22;20873;23473;-;76.4	21;20142;20855;-;105.5	19;18851;19891;-;142.4		18;17934;18632;-;131.9	17;17039;17923;-;159.7	16;15879;17039;-;156.3	15;14842;15837;-;81.2	3;2238;3767;+;38.5		pfam	both	A	7/7	canonical	1	0	unscoreable	3	0	0														not_admitted	not_admitted	not_admitted	not_admitted	not_admitted	not_admitted	not_admitted
NZ_CP085747.1	MPF_F	IncHI1A(NDM-CIT);IncHI1B(pNDM-CIT)	342	1	1	GA	1		99;100692;101081;-;83.3	98;100426;100695;-;32.5	97;97963;100413;-;37.9	97;97963;100413;-;125.2	96;97223;97966;-;226.2	94;95520;96887;-;179.3		93;94797;95501;-;235.7	92;93808;94800;-;223.1	91;92522;93805;-;206.6	100;101068;102147;-;118.3	102;102617;104614;-;345.5	62;64243;67419;+;57.9	conjscan	conjscan_only	A	7/7	canonical	1	0	unscoreable	3	0	1	61;63517;64224;+;214.6	239;230546;231961;-;200.0	240;231951;232997;-;168.3	44;42048;44729;+;156.8	238;226548;230537;-;103.1	91;92522;93805;-;206.6	44;42048;44729;+;73.5	37;35890;36675;+;69.5	59;61516;63024;+;62.3	62;64243;67419;+;57.9	102;102617;104614;-;101.4	43;41089;42039;+;45.4	102;102617;104614;-;98.9	A	9/9	split_3	196061	0	1	
NZ_CP085755.1	MPF_F	IncHI2;IncHI2A	319	0	0	GA	0															not_admitted	not_admitted	not_admitted	not_admitted	not_admitted	not_admitted	not_admitted	not_admitted	not_admitted	not_admitted	1	29;32864;33922;+;276.4	188;176891;178306;-;194.1	189;178296;179342;-;173.7	11;9544;12225;+;168.0	187;172932;176882;-;102.2	7;5859;7214;+;80.7	11;9544;12225;+;72.2	4;3347;4135;+;74.8	27;31211;32722;+;62.6	30;33941;37129;+;58.3	195;186383;188467;+;56.7	10;8585;9535;+;46.4	195;186383;188467;+;38.8	A	9/9	split_3	183036	1	1	172269..172544-;91;unnamed;0
NZ_CP085759.1	MPF_T	IncN4	51	0	0	GA	1	4;1615;2355;+;34.9	6;2679;2969;+;45.6	7;3021;3335;+;65.3	8;3335;5965;+;124.9	8;3335;5965;+;86.8	9;5975;6682;+;114.7	11;6941;7984;+;126.7	12;8079;8249;+;41.4	13;8252;8968;+;145.6	14;8971;9858;+;144.4	15;9855;11009;+;174.0	16;11002;12033;+;78.5	21;16441;18018;-;54.8		pfam	both	A	7/7	canonical	1	0	ga	6	0	0														not_admitted	not_admitted	not_admitted	not_admitted	not_admitted	not_admitted	not_admitted
NZ_CP085765.1	MPF_F	IncFII(Yp)	119	0	0	GA	0															not_admitted	not_admitted	not_admitted	not_admitted	not_admitted	not_admitted	not_admitted	not_admitted	not_admitted	not_admitted	1	82;75274;76266;-;364.5	71;67996;69411;-;376.6	76;71130;71882;-;228.7	85;77334;79973;-;259.6	70;65147;67996;-;338.5	93;82994;84409;-;86.4	85;77334;79973;-;83.9	95;85136;85702;-;167.2	81;74644;75261;-;66.9	80;72773;74647;-;256.6	68;62076;64376;-;389.8	90;81596;82177;-;52.7	68;62076;64376;-;67.0	A	9/9	contiguous	23060	1	1	64614..65141-;175;unnamed;0
NZ_CP085766.1	MPF_F	IncHI1A(NDM-CIT);IncHI1B(pNDM-CIT)	404	1	1	GA	1		234;199240;199629;+;83.3	235;199626;199895;+;32.5	236;199908;202358;+;37.9	236;199908;202358;+;125.2	237;202355;203098;+;226.2	239;203434;204801;+;179.3		240;204820;205524;+;235.7	241;205521;206513;+;223.1	242;206516;207799;+;206.6	233;198174;199253;+;118.3	231;195707;197704;+;345.5	272;232902;236078;-;57.9	conjscan	conjscan_only	A	7/7	canonical	1	0	unscoreable	3	0	1	273;236097;237152;-;278.1	78;55409;56824;+;200.0	77;54373;55419;+;168.3	290;255592;258273;-;156.8	79;56833;60822;+;103.1	242;206516;207799;+;206.6	290;255592;258273;-;73.5	297;263646;264431;-;69.5	275;237297;238805;-;62.3	272;232902;236078;-;57.9	231;195707;197704;+;101.4	291;258282;259232;-;45.4	231;195707;197704;+;98.9	A	9/9	split_3	209273	0	1	
NZ_CP085773.1	MPF_F	IncHI2;IncHI2A	329	0	0	GA	0															not_admitted	not_admitted	not_admitted	not_admitted	not_admitted	not_admitted	not_admitted	not_admitted	not_admitted	not_admitted	1	102;102529;103587;+;276.9	244;228124;229539;-;194.1	245;229529;230575;-;173.7	85;80275;82956;+;168.0	243;224165;228115;-;101.6	81;76590;77945;+;80.7	85;80275;82956;+;72.2	78;74078;74866;+;74.8	100;100876;102387;+;62.7	103;103606;106794;+;58.3	251;237616;239700;+;56.7	84;79316;80266;+;46.4	251;237616;239700;+;38.8	A	9/9	split_3	163538	0	1	
NZ_CP085778.1	MPF_F	IncHI2;IncHI2A	378	0	0	GA	0															not_admitted	not_admitted	not_admitted	not_admitted	not_admitted	not_admitted	not_admitted	not_admitted	not_admitted	not_admitted	1	30;32941;33999;+;276.9	249;223328;224743;-;194.1	250;224733;225779;-;173.7	11;9607;12288;+;168.0	248;219369;223319;-;101.6	7;5922;7277;+;80.7	11;9607;12288;+;72.2	4;3410;4198;+;74.8	28;31288;32799;+;62.7	31;34018;37206;+;58.3	256;232820;234904;+;56.7	10;8648;9598;+;46.4	256;232820;234904;+;38.8	A	9/9	split_3	229410	0	1	
NZ_CP085783.1	MPF_F	IncFIB(pECLA)	137	0	0	GA	0															not_admitted	not_admitted	not_admitted	not_admitted	not_admitted	not_admitted	not_admitted	not_admitted	not_admitted	not_admitted	1	79;72517;73515;+;364.2	88;78752;80116;+;359.5	82;75981;76763;+;214.9	71;66550;69159;+;214.8	89;80116;83514;+;306.6	63;63035;63937;+;91.8	71;66550;69159;+;103.5		80;73526;74152;+;64.3	81;74149;75984;+;222.5	93;85571;88126;+;359.2	69;65760;66302;+;46.9	93;85571;88126;+;72.7	B	8/9	contiguous	22536	1	1	83516..84205+;229;unnamed;0
NZ_CP085859.1	MPF_T	-	98	0	0	GA	1	85;78039;78701;+;48.0	86;78711;79010;+;31.9	87;79020;81770;+;64.1	87;79020;81770;+;129.2	87;79020;81770;+;43.8	88;81789;82505;+;132.4	90;82805;83803;+;133.6		92;84015;84701;+;158.6	93;84694;85587;+;148.6	94;85584;86780;+;133.2	95;86784;87833;+;69.6	3;4460;6367;+;24.5		pfam	pfam_only	A	7/7	canonical	1	1	unscoreable	2	0	0														not_admitted	not_admitted	not_admitted	not_admitted	not_admitted	not_admitted	not_admitted
NZ_CP085862.1	MPF_T	IncX3	71	0	0	GA	1	21;12757;13401;+;46.4	22;13385;13675;+;73.1	23;13700;16453;+;47.0	23;13700;16453;+;145.4	23;13700;16453;+;73.3	24;16463;17233;+;60.1	26;17512;18567;+;133.2		27;18762;19490;+;118.8	28;19496;20425;+;138.8	29;20422;21636;+;126.5	31;21832;22866;+;65.7	32;22869;24704;+;495.9		pfam	pfam_only	A	7/7	canonical	1	1	unscoreable	2	0	0														not_admitted	not_admitted	not_admitted	not_admitted	not_admitted	not_admitted	not_admitted
NZ_CP085890.1	MPF_F	IncFII(pHN7A8);IncR	182	0	0	GA	0															not_admitted	not_admitted	not_admitted	not_admitted	not_admitted	not_admitted	not_admitted	not_admitted	not_admitted	not_admitted	1	135;102183;103175;+;369.5	148;110008;111381;+;376.8	143;107699;108442;+;234.4	132;98547;101174;+;301.8	149;111378;114194;+;376.7	127;95065;96492;+;94.1	132;98547;101174;+;101.8	125;93784;94350;+;183.8	138;104121;104759;+;70.4	141;105572;107422;+;265.0	153;116495;118711;+;391.7	131;97516;98031;+;77.6	153;116495;118711;+;70.3	A	9/9	contiguous	22711	1	1	114227..114748+;173;unnamed;0
NZ_CP085980.1	MPF_T	IncX1;IncX3	69	0	0	GA	1	52;39465;40112;+;45.6	53;40090;40386;+;76.6	54;40405;43158;+;46.6	54;40405;43158;+;147.9	54;40405;43158;+;75.3	55;43169;43927;+;67.5	57;44165;45298;+;109.2		58;45543;46256;+;120.0	59;46261;47190;+;133.7	60;47187;48392;+;132.5	61;48394;49425;+;76.3	62;49428;51263;+;486.4		pfam	pfam_only	A	7/7	canonical	1	1	unscoreable	1	0	0														not_admitted	not_admitted	not_admitted	not_admitted	not_admitted	not_admitted	not_admitted
NZ_CP085985.1	MPF_T	IncX1;IncX3	72	0	0	GA	1	23;13931;14578;+;45.6	24;14556;14852;+;76.6	25;14871;17624;+;46.6	25;14871;17624;+;147.9	25;14871;17624;+;75.3	26;17635;18393;+;67.5	28;18631;19764;+;109.2		29;20009;20722;+;120.0	30;20727;21656;+;133.7	31;21653;22858;+;132.5	32;22860;23891;+;76.3	33;23894;25729;+;486.4		pfam	pfam_only	A	7/7	canonical	1	1	unscoreable	1	0	0														not_admitted	not_admitted	not_admitted	not_admitted	not_admitted	not_admitted	not_admitted
NZ_CP086017.1	-	-	70	0	0	GA	1	62;44083;44790;+;34.8		64;45120;45518;+;24.6	65;45472;47907;+;71.6		67;48161;48829;+;50.4	69;49186;50151;+;121.9		0;49;525;+;28.8	1;623;1171;+;106.0	4;1703;3052;+;137.4	5;3172;4095;+;61.9	7;5581;6438;+;100.1		pfam	pfam_only	A	7/7	canonical	1	0	unscoreable	6	0	0														not_admitted	not_admitted	not_admitted	not_admitted	not_admitted	not_admitted	not_admitted
NZ_CP086065.1	MPF_T	-	76	0	0	GA	1	58;45187;46104;-;38.4	69;55025;55486;-;62.4	68;54720;55016;-;30.7	67;52049;54733;-;72.0	67;52049;54733;-;67.8	66;51360;52052;-;77.5	63;49884;50747;-;136.1		62;49210;49884;-;73.0	61;48397;49182;-;178.1	60;47132;48394;-;145.4	59;46088;47122;-;91.2	52;38536;40086;+;62.4		pfam	both	A	7/7	canonical	1	0	unscoreable	7	0	0														not_admitted	not_admitted	not_admitted	not_admitted	not_admitted	not_admitted	not_admitted
NZ_CP086112.1	-	-	551	0	0	GA	1		301;329786;330106;+;58.0	302;330108;330377;+;25.2	303;330381;332867;+;41.3	303;330381;332867;+;85.5	304;332873;334798;+;22.4	306;334984;336846;+;94.7		307;336843;337613;+;112.1	308;337668;338648;+;67.2	309;338660;339772;+;150.0	231;267909;269618;-;459.8	298;326383;328392;+;183.1		conjscan	conjscan_only	A	7/7	canonical	1	0	unscoreable	3	0	0														not_admitted	not_admitted	not_admitted	not_admitted	not_admitted	not_admitted	not_admitted
NZ_CP086115.1	-	-	153	0	0	GA	1	59;34471;35091;+;48.5		61;35376;35729;+;49.9	62;35719;38106;+;120.5	62;35719;38106;+;40.6	63;38103;38795;+;55.4	65;39048;39986;+;68.8		67;40142;40900;+;72.4	68;40897;41862;+;87.8	69;41862;42959;+;126.6	71;43581;44615;+;54.5	72;44612;46363;+;304.5		pfam	pfam_only	A	7/7	canonical	1	0	unscoreable	4	0	0														not_admitted	not_admitted	not_admitted	not_admitted	not_admitted	not_admitted	not_admitted
NZ_CP086117.1	-	-	44	0	0	GA	1				41;31946;34447;-;29.1	41;31946;34447;-;81.3		36;25668;26858;-;28.3			34;23981;24880;-;107.5	33;22788;23981;-;48.3	0;8;997;-;77.1	1;1015;2769;-;178.6		none	none	B	6/7	canonical	0	0	unscoreable	5	0	0														not_admitted	not_admitted	not_admitted	not_admitted	not_admitted	not_admitted	not_admitted
NZ_CP086138.1	MPF_T	-	264	0	0	GA	1		82;74552;74932;-;78.1	81;74260;74559;-;64.0	80;71797;74250;-;179.0	80;71797;74250;-;126.8	79;71028;71825;-;50.2	78;69672;70829;-;106.9		77;68966;69628;-;131.0	76;68109;68969;-;174.9	74;66341;67642;-;214.6	83;74914;75894;-;137.8	132;114574;115902;-;503.2		conjscan	conjscan_only	A	7/7	canonical	1	0	unscoreable	2	0	0														not_admitted	not_admitted	not_admitted	not_admitted	not_admitted	not_admitted	not_admitted
NZ_CP086139.1	MPF_T	-	147	0	0	GA	1		55;46005;46385;+;78.1	56;46378;46677;+;64.0	57;46687;49140;+;179.0	57;46687;49140;+;126.8	58;49112;49909;+;50.2	59;50108;51370;+;106.5					54;45043;46023;+;137.8	78;68937;70265;+;503.8		conjscan	conjscan_only	D	4/7	canonical	1	0	unscoreable	1	0	0														not_admitted	not_admitted	not_admitted	not_admitted	not_admitted	not_admitted	not_admitted
NZ_CP086189.1	MPF_T	-	53	0	0	GA	1	9;8572;9474;-;42.5	20;18312;18689;-;71.2	19;18016;18315;-;50.8	18;15360;18029;-;66.8	18;15360;18029;-;82.1	17;14695;15357;-;75.6	14;13194;14060;-;142.8		13;12523;13197;-;92.5	12;11716;12498;-;199.4	11;10494;11714;-;174.3	10;9461;10483;-;112.7	3;2600;4174;+;70.5		pfam	both	A	7/7	canonical	1	0	unscoreable	7	0	0														not_admitted	not_admitted	not_admitted	not_admitted	not_admitted	not_admitted	not_admitted
NZ_CP086202.1	MPF_F	IncFII(pECLA);repE(pEh60-7)	143	0	0	GA	0															not_admitted	not_admitted	not_admitted	not_admitted	not_admitted	not_admitted	not_admitted	not_admitted	not_admitted	not_admitted	1	86;63442;64440;+;360.7	94;69304;70668;+;366.6	89;66927;67709;+;212.4	78;57896;60505;+;212.8	95;70668;73949;+;310.3	72;54647;56050;+;90.5	78;57896;60505;+;100.0	70;53317;53898;+;102.8	87;64451;65074;+;63.7	88;65071;66930;+;211.7	99;76172;78763;+;367.0	76;57109;57648;+;42.9	99;76172;78763;+;71.1	A	9/9	contiguous	22855	1	1	73958..74671+;237;unnamed;0
NZ_CP086221.1	MPF_F	IncHI2;IncHI2A	263	0	0	GA	0															not_admitted	not_admitted	not_admitted	not_admitted	not_admitted	not_admitted	not_admitted	not_admitted	not_admitted	not_admitted	1	27;31208;32266;+;276.5	179;169291;170706;-;194.1	180;170696;171742;-;174.3	11;8955;11636;+;167.6	178;165329;169282;-;101.7	7;5270;6625;+;80.7	11;8955;11636;+;72.2	4;2758;3546;+;74.8	25;29555;31066;+;62.0	28;32285;35473;+;57.3	187;178784;180868;+;56.8	10;7996;8946;+;46.1	187;178784;180868;+;38.8	A	9/9	split_3	176026	1	1	163859..165148-;429;unnamed;0
NZ_CP086222.1	MPF_F	IncFIB(AP001918);IncFII(pCoo)	112	0	0	GA	0															not_admitted	not_admitted	not_admitted	not_admitted	not_admitted	not_admitted	not_admitted	not_admitted	not_admitted	not_admitted	1	59;71749;72741;-;370.2	51;65680;67053;-;380.4	55;68274;69017;-;233.3	62;73750;76377;-;303.5	50;62861;65683;-;386.8	66;78289;79716;-;94.3	62;73750;76377;-;100.3	68;80431;80997;-;183.8	58;71102;71740;-;68.3	57;69297;71105;-;268.2	47;59084;61327;-;391.7	63;76893;77408;-;78.0	47;59084;61327;-;70.3	A	9/9	contiguous	21347	1	1	62343..62840-;165;TraS;0
NZ_CP086225.1	MPF_T	IncX3	58	0	0	GA	1	4;3100;3744;+;46.4	5;3728;4018;+;73.1	6;4043;6796;+;47.0	6;4043;6796;+;142.4	6;4043;6796;+;73.3	7;6806;7576;+;60.1	9;7855;8910;+;133.2		10;9105;9833;+;119.4	11;9839;10768;+;138.8	12;10765;11979;+;128.3	14;12175;13209;+;65.7	15;13212;15047;+;495.9		pfam	pfam_only	A	7/7	canonical	1	1	unscoreable	2	0	0														not_admitted	not_admitted	not_admitted	not_admitted	not_admitted	not_admitted	not_admitted
NZ_CP086258.1	-	-	167	0	0	GA	0															not_admitted	not_admitted	not_admitted	not_admitted	not_admitted	not_admitted	not_admitted	not_admitted	not_admitted	not_admitted	1	1;389;1384;+;360.9	9;6386;7804;+;332.7	4;3852;4640;+;207.6	148;153999;156692;+;248.7	10;7804;10683;+;305.7	136;146816;148192;+;93.5	148;153999;156692;+;121.2	134;145500;146072;+;119.3	2;1400;2017;+;68.8	3;2017;3855;+;232.4	14;12611;14830;+;388.5	147;153433;154002;+;54.4	14;12611;14830;+;77.7	A	9/9	split_2	153610	1	1	10727..11239+;170;unnamed;0
NZ_CP086262.1	MPF_F	IncFII(pCoo)	64	0	0	GA	0															not_admitted	not_admitted	not_admitted	not_admitted	not_admitted	not_admitted	not_admitted	not_admitted	not_admitted	not_admitted	1	36;23440;24432;+;369.5	49;30989;32362;+;386.6	43;28311;29054;+;234.1	33;19801;22431;+;300.9	50;32359;35175;+;385.9	24;14325;15752;+;93.9	33;19801;22431;+;101.1	22;13044;13610;+;183.8	38;24776;25414;+;70.8	41;26226;28034;+;267.2	54;37476;39683;+;391.5	28;16872;17387;+;81.5	54;37476;39683;+;70.4	A	9/9	contiguous	24432	1	1	35208..35729+;173;unnamed;0
NZ_CP086289.1	MPF_T	IncX3	58	0	0	GA	1	45;33811;34455;+;46.4	46;34439;34729;+;73.1	47;34754;37507;+;47.0	47;34754;37507;+;142.4	47;34754;37507;+;73.3	48;37517;38287;+;60.1	50;38566;39621;+;133.2		51;39816;40544;+;119.4	52;40550;41479;+;138.8	53;41476;42690;+;128.3	55;42886;43920;+;65.7	56;43923;45758;+;495.9		pfam	pfam_only	A	7/7	canonical	1	1	unscoreable	2	0	0														not_admitted	not_admitted	not_admitted	not_admitted	not_admitted	not_admitted	not_admitted
NZ_CP086300.1	MPF_T	-	218	0	0	GA	1	13;12517;13200;-;95.0	151;166791;167171;+;30.3	152;167200;167475;+;25.4	153;167472;169949;+;64.6	153;167472;169949;+;82.8		156;170924;171934;+;49.8		90;114451;115167;+;80.3	91;115164;116039;+;147.5	92;116047;117321;+;134.1	10;9160;10845;-;391.9	158;173262;175130;+;34.1		none	none	A	7/7	canonical	0	0	unscoreable	10	0	0														not_admitted	not_admitted	not_admitted	not_admitted	not_admitted	not_admitted	not_admitted
NZ_CP086335.1	MPF_T	IncX3	58	0	0	GA	1	25;21116;21760;-;46.4	24;20842;21132;-;73.1	23;18064;20817;-;47.0	23;18064;20817;-;142.4	23;18064;20817;-;73.3	22;17284;18054;-;60.1	20;15950;17005;-;133.2		19;15027;15755;-;119.4	18;14092;15021;-;138.8	17;12881;14095;-;128.3	15;11651;12685;-;65.7	14;9813;11648;-;495.9		pfam	pfam_only	A	7/7	canonical	1	1	unscoreable	2	0	0														not_admitted	not_admitted	not_admitted	not_admitted	not_admitted	not_admitted	not_admitted
NZ_CP086337.1	MPF_T	IncX3	57	0	0	GA	1	25;21198;21842;-;46.4	24;20924;21214;-;73.1	23;18146;20899;-;47.0	23;18146;20899;-;142.4	23;18146;20899;-;73.3	22;17366;18136;-;60.1	20;16032;17087;-;133.2		19;15109;15837;-;119.4	18;14174;15103;-;138.8	17;12963;14177;-;128.3	15;11733;12767;-;65.7	14;9895;11730;-;495.9		pfam	pfam_only	A	7/7	canonical	1	1	unscoreable	2	0	0														not_admitted	not_admitted	not_admitted	not_admitted	not_admitted	not_admitted	not_admitted
NZ_CP086339.1	MPF_T	IncX3	58	0	0	GA	1	25;21116;21760;-;46.4	24;20842;21132;-;73.1	23;18064;20817;-;47.0	23;18064;20817;-;142.4	23;18064;20817;-;73.3	22;17284;18054;-;60.1	20;15950;17005;-;133.2		19;15027;15755;-;119.4	18;14092;15021;-;138.8	17;12881;14095;-;128.3	15;11651;12685;-;65.7	14;9813;11648;-;495.9		pfam	pfam_only	A	7/7	canonical	1	1	unscoreable	2	0	0														not_admitted	not_admitted	not_admitted	not_admitted	not_admitted	not_admitted	not_admitted
NZ_CP086341.1	MPF_T	IncX3	57	0	0	GA	1	25;21198;21842;-;46.4	24;20924;21214;-;73.1	23;18146;20899;-;47.0	23;18146;20899;-;142.4	23;18146;20899;-;73.3	22;17366;18136;-;60.1	20;16032;17087;-;133.2		19;15109;15837;-;119.4	18;14174;15103;-;138.8	17;12963;14177;-;128.3	15;11733;12767;-;65.7	14;9895;11730;-;495.9		pfam	pfam_only	A	7/7	canonical	1	1	unscoreable	2	0	0														not_admitted	not_admitted	not_admitted	not_admitted	not_admitted	not_admitted	not_admitted
NZ_CP086343.1	MPF_T	IncX3	58	0	0	GA	1	20;12367;13011;+;46.4	21;12995;13285;+;73.1	22;13310;16063;+;47.0	22;13310;16063;+;142.4	22;13310;16063;+;73.3	23;16073;16843;+;60.1	25;17122;18177;+;133.2		26;18372;19100;+;119.4	27;19106;20035;+;138.8	28;20032;21246;+;128.3	30;21442;22476;+;65.7	31;22479;24314;+;495.9		pfam	pfam_only	A	7/7	canonical	1	1	unscoreable	2	0	0														not_admitted	not_admitted	not_admitted	not_admitted	not_admitted	not_admitted	not_admitted
NZ_CP086375.1	MPF_F	IncHI2;IncHI2A	342	0	0	GA	0															not_admitted	not_admitted	not_admitted	not_admitted	not_admitted	not_admitted	not_admitted	not_admitted	not_admitted	not_admitted	1	328;289861;290919;+;276.9	167;140938;142353;-;194.1	168;142343;143389;-;173.7	310;266541;269222;+;168.0	166;136979;140929;-;101.6	306;262856;264211;+;80.7	310;266541;269222;+;72.2	303;260344;261132;+;74.8	326;288208;289719;+;62.7	329;290938;294126;+;58.3	174;150430;152514;+;56.7	309;265582;266532;+;46.4	174;150430;152514;+;38.8	A	9/9	split_3	153959	0	1	
NZ_CP086389.1	MPF_F	IncHI2A;IncN	156	0	0	GA	0															not_admitted	not_admitted	not_admitted	not_admitted	not_admitted	not_admitted	not_admitted	not_admitted	not_admitted	not_admitted	1	39;43614;44672;+;276.9			23;21361;24042;+;168.0		19;17676;19031;+;80.7	23;21361;24042;+;72.2	16;15164;15952;+;74.8	37;41961;43472;+;62.0	40;44691;47879;+;57.3		22;20402;21352;+;46.1		C	6/9	split_2	29527	0	1	
NZ_CP086392.1	MPF_T	IncX5	78	0	0	GA	1	29;20122;20766;+;36.9	30;20750;21040;+;69.0	31;21062;23821;+;42.6	31;21062;23821;+;132.2	31;21062;23821;+;70.5	32;23829;24578;+;54.3	34;24857;25912;+;135.2		35;26152;26880;+;120.9	36;26885;27814;+;134.2	37;27811;29022;+;136.9	38;29034;30077;+;64.1	39;30080;31915;+;504.8		pfam	pfam_only	A	7/7	canonical	1	1	unscoreable	1	0	0														not_admitted	not_admitted	not_admitted	not_admitted	not_admitted	not_admitted	not_admitted
NZ_CP086406.1	-	IncFIB(pECLA);IncFII(pECLA)	87	0	0	GA	0															not_admitted	not_admitted	not_admitted	not_admitted	not_admitted	not_admitted	not_admitted	not_admitted	not_admitted	not_admitted	1				64;62453;64447;+;180.5			64;62453;64447;+;69.7							D	1/9	contiguous	0	0	0	
NZ_CP086417.1	MPF_F	IncC	189	0	0	GA	0															not_admitted	not_admitted	not_admitted	not_admitted	not_admitted	not_admitted	not_admitted	not_admitted	not_admitted	not_admitted	1	95;73949;74956;+;332.9	178;145276;146709;+;339.2	177;144246;145274;+;221.7	90;68750;71197;+;354.2	179;146722;150336;+;375.3	81;55439;56755;+;135.0	90;68750;71197;+;128.6	79;53915;54541;+;92.1	93;72019;73284;+;67.6	96;75072;77867;+;145.3	70;48240;50105;+;47.4	82;56752;57330;+;100.2	70;48240;50105;+;52.0	A	9/9	split_2	98482	0	1	
NZ_CP086418.1	MPF_F	IncFIB(K)	179	0	0	GA	0															not_admitted	not_admitted	not_admitted	not_admitted	not_admitted	not_admitted	not_admitted	not_admitted	not_admitted	not_admitted	1	123;115859;116851;-;366.6	113;109038;110408;-;381.2	117;111610;112362;-;232.4	126;117877;120516;-;258.7	112;106189;109038;-;344.2	135;124331;125755;-;89.2	126;117877;120516;-;88.8	137;126482;127048;-;167.0	122;115208;115846;-;67.0	121;113205;115211;-;259.0	108;102063;104375;-;393.2	133;123150;123719;-;49.7	108;102063;104375;-;65.8	A	9/9	contiguous	24419	1	1	105656..106186-;176;unnamed;0
NZ_CP086424.1	MPF_F	IncC	202	0	0	GA	0															not_admitted	not_admitted	not_admitted	not_admitted	not_admitted	not_admitted	not_admitted	not_admitted	not_admitted	not_admitted	1	95;73949;74956;+;332.9	191;156390;157823;+;339.2	190;155360;156388;+;221.7	90;68750;71197;+;354.2	192;157836;161450;+;375.3	81;55439;56755;+;135.0	90;68750;71197;+;128.6	79;53915;54541;+;92.1	93;72019;73284;+;67.6	96;75072;77867;+;145.3	70;48240;50105;+;47.4	82;56752;57330;+;100.2	70;48240;50105;+;52.0	A	9/9	split_2	109596	0	1	
NZ_CP086425.1	MPF_F	IncFIB(K)	179	0	0	GA	0															not_admitted	not_admitted	not_admitted	not_admitted	not_admitted	not_admitted	not_admitted	not_admitted	not_admitted	not_admitted	1	123;115859;116851;-;366.6	113;109038;110408;-;381.2	117;111610;112362;-;232.4	126;117877;120516;-;258.7	112;106189;109038;-;344.2	135;124331;125755;-;89.2	126;117877;120516;-;88.8	137;126482;127048;-;167.0	122;115208;115846;-;67.0	121;113205;115211;-;259.0	108;102063;104375;-;393.2	133;123150;123719;-;49.7	108;102063;104375;-;65.8	A	9/9	contiguous	24419	1	1	105656..106186-;176;unnamed;0
NZ_CP086432.1	MPF_F	IncC	189	0	0	GA	0															not_admitted	not_admitted	not_admitted	not_admitted	not_admitted	not_admitted	not_admitted	not_admitted	not_admitted	not_admitted	1	95;73949;74956;+;332.9	178;145276;146709;+;339.2	177;144246;145274;+;221.7	90;68750;71197;+;354.2	179;146722;150336;+;375.3	81;55439;56755;+;135.0	90;68750;71197;+;128.6	79;53915;54541;+;92.1	93;72019;73284;+;67.6	96;75072;77867;+;145.3	70;48240;50105;+;47.4	82;56752;57330;+;100.2	70;48240;50105;+;52.0	A	9/9	split_2	98482	0	1	
NZ_CP086433.1	MPF_F	IncFIB(K)	179	0	0	GA	0															not_admitted	not_admitted	not_admitted	not_admitted	not_admitted	not_admitted	not_admitted	not_admitted	not_admitted	not_admitted	1	123;115859;116851;-;366.6	113;109038;110408;-;381.2	117;111610;112362;-;232.4	126;117877;120516;-;258.7	112;106189;109038;-;344.2	135;124331;125755;-;89.2	126;117877;120516;-;88.8	137;126482;127048;-;167.0	122;115208;115846;-;67.0	121;113205;115211;-;259.0	108;102063;104375;-;393.2	133;123150;123719;-;49.7	108;102063;104375;-;65.8	A	9/9	contiguous	24419	1	1	105656..106186-;176;unnamed;0
NZ_CP086440.1	MPF_F	IncC	202	0	0	GA	0															not_admitted	not_admitted	not_admitted	not_admitted	not_admitted	not_admitted	not_admitted	not_admitted	not_admitted	not_admitted	1	95;73949;74956;+;332.9	191;156390;157823;+;339.2	190;155360;156388;+;221.7	90;68750;71197;+;354.2	192;157836;161450;+;375.3	81;55439;56755;+;135.0	90;68750;71197;+;128.6	79;53915;54541;+;92.1	93;72019;73284;+;67.6	96;75072;77867;+;145.3	70;48240;50105;+;47.4	82;56752;57330;+;100.2	70;48240;50105;+;52.0	A	9/9	split_2	109596	0	1	
NZ_CP086441.1	MPF_F	IncFIB(K)	179	0	0	GA	0															not_admitted	not_admitted	not_admitted	not_admitted	not_admitted	not_admitted	not_admitted	not_admitted	not_admitted	not_admitted	1	123;115859;116851;-;366.6	113;109038;110408;-;381.2	117;111610;112362;-;232.4	126;117877;120516;-;258.7	112;106189;109038;-;344.2	135;124331;125755;-;89.2	126;117877;120516;-;88.8	137;126482;127048;-;167.0	122;115208;115846;-;67.0	121;113205;115211;-;259.0	108;102063;104375;-;393.2	133;123150;123719;-;49.7	108;102063;104375;-;65.8	A	9/9	contiguous	24419	1	1	105656..106186-;176;unnamed;0
NZ_CP086448.1	MPF_F	IncC	224	0	0	GA	0															not_admitted	not_admitted	not_admitted	not_admitted	not_admitted	not_admitted	not_admitted	not_admitted	not_admitted	not_admitted	1	95;73949;74956;+;332.9	213;178630;180063;+;339.2	212;177600;178628;+;221.7	90;68750;71197;+;354.2	214;180076;183690;+;375.3	81;55439;56755;+;135.0	90;68750;71197;+;128.6	79;53915;54541;+;92.1	93;72019;73284;+;67.6	96;75072;77867;+;145.3	70;48240;50105;+;47.4	82;56752;57330;+;100.2	70;48240;50105;+;52.0	A	9/9	split_2	131836	0	1	
NZ_CP086449.1	MPF_F	IncFIB(K)	179	0	0	GA	0															not_admitted	not_admitted	not_admitted	not_admitted	not_admitted	not_admitted	not_admitted	not_admitted	not_admitted	not_admitted	1	123;115859;116851;-;366.6	113;109038;110408;-;381.2	117;111610;112362;-;232.4	126;117877;120516;-;258.7	112;106189;109038;-;344.2	135;124331;125755;-;89.2	126;117877;120516;-;88.8	137;126482;127048;-;167.0	122;115208;115846;-;67.0	121;113205;115211;-;259.0	108;102063;104375;-;393.2	133;123150;123719;-;49.7	108;102063;104375;-;65.8	A	9/9	contiguous	24419	1	1	105656..106186-;176;unnamed;0
NZ_CP086456.1	MPF_F	IncFIB(K);IncFII(K)	251	0	0	GA	0															not_admitted	not_admitted	not_admitted	not_admitted	not_admitted	not_admitted	not_admitted	not_admitted	not_admitted	not_admitted	1	205;209208;210197;-;363.3	194;202022;203389;-;382.2	198;204647;205399;-;236.4	209;211654;214293;-;259.0	193;199179;202022;-;342.9	220;218260;219684;-;88.8	209;211654;214293;-;87.6	222;220411;220977;-;167.9	203;208285;208932;-;65.9	202;206271;208226;-;259.5	189;194282;196594;-;392.8	217;217064;217648;-;53.8	189;194282;196594;-;65.9	A	9/9	contiguous	26129	1	1	198644..199168-;174;unnamed;0
NZ_CP086459.1	MPF_F	IncFIB(K);IncFII(K)	252	0	0	GA	0															not_admitted	not_admitted	not_admitted	not_admitted	not_admitted	not_admitted	not_admitted	not_admitted	not_admitted	not_admitted	1	206;209510;210499;-;363.3	195;202324;203691;-;382.2	199;204949;205701;-;236.4	210;211956;214595;-;259.0	194;199481;202324;-;342.9	221;218562;219986;-;88.8	210;211956;214595;-;87.6	223;220713;221279;-;167.9	204;208587;209234;-;65.9	203;206573;208528;-;259.5	190;194584;196896;-;392.8	218;217366;217950;-;53.8	190;194584;196896;-;65.9	A	9/9	contiguous	26129	1	1	198946..199470-;174;unnamed;0
NZ_CP086462.1	MPF_F	IncFIB(K);IncFII(K)	251	0	0	GA	0															not_admitted	not_admitted	not_admitted	not_admitted	not_admitted	not_admitted	not_admitted	not_admitted	not_admitted	not_admitted	1	205;209208;210197;-;363.3	194;202022;203389;-;382.2	198;204647;205399;-;236.4	209;211654;214293;-;259.0	193;199179;202022;-;342.9	220;218260;219684;-;88.8	209;211654;214293;-;87.6	222;220411;220977;-;167.9	203;208285;208932;-;65.9	202;206271;208226;-;259.5	189;194282;196594;-;392.8	217;217064;217648;-;53.8	189;194282;196594;-;65.9	A	9/9	contiguous	26129	1	1	198644..199168-;174;unnamed;0
NZ_CP086465.1	MPF_F	IncFIB(K);IncFII(K)	252	0	0	GA	0															not_admitted	not_admitted	not_admitted	not_admitted	not_admitted	not_admitted	not_admitted	not_admitted	not_admitted	not_admitted	1	206;209510;210499;-;363.3	195;202324;203691;-;382.2	199;204949;205701;-;236.4	210;211956;214595;-;259.0	194;199481;202324;-;342.9	221;218562;219986;-;88.8	210;211956;214595;-;87.6	223;220713;221279;-;167.9	204;208587;209234;-;65.9	203;206573;208528;-;259.5	190;194584;196896;-;392.8	218;217366;217950;-;53.8	190;194584;196896;-;65.9	A	9/9	contiguous	26129	1	1	198946..199470-;174;unnamed;0
NZ_CP086468.1	MPF_F	IncFIB(K);IncFII(K)	252	0	0	GA	0															not_admitted	not_admitted	not_admitted	not_admitted	not_admitted	not_admitted	not_admitted	not_admitted	not_admitted	not_admitted	1	206;209510;210499;-;363.3	195;202324;203691;-;382.2	199;204949;205701;-;236.4	210;211956;214595;-;259.0	194;199481;202324;-;342.9	221;218562;219986;-;88.8	210;211956;214595;-;87.6	223;220713;221279;-;167.9	204;208587;209234;-;65.9	203;206573;208528;-;259.5	190;194584;196896;-;392.8	218;217366;217950;-;53.8	190;194584;196896;-;65.9	A	9/9	contiguous	26129	1	1	198946..199470-;174;unnamed;0
NZ_CP086474.1	MPF_F	IncFII	79	0	0	GA	0															not_admitted	not_admitted	not_admitted	not_admitted	not_admitted	not_admitted	not_admitted	not_admitted	not_admitted	not_admitted	1	55;40846;41838;+;369.5	65;47617;48990;+;381.7	60;44944;45687;+;234.4	52;37207;39837;+;304.1	66;48987;51809;+;374.0	45;32757;34208;+;94.2	52;37207;39837;+;97.1	43;31476;32042;+;174.3	57;42182;42820;+;68.6	58;42817;44667;+;266.1	70;54081;56270;+;391.2	48;35068;35583;+;78.4	70;54081;56270;+;70.3	A	9/9	contiguous	22605	1	1	51831..52310+;159;TraS;0
NZ_CP086475.1	MPF_T	IncI2(Delta)	84	0	0	GA	1	48;32685;33167;-;81.1	63;48654;48944;-;28.9	62;48263;48547;-;34.4	61;45900;48257;-;60.1	61;45900;48257;-;44.0	72;54008;54649;-;43.4	73;54655;55650;-;136.6		59;45000;45734;-;144.4	58;44233;45003;-;170.5	57;43104;44243;-;154.7	51;34936;36474;-;207.1	55;40032;41990;-;287.0		pfam	pfam_only	A	7/7	rearranged	1	0	unscoreable	13	0	0														not_admitted	not_admitted	not_admitted	not_admitted	not_admitted	not_admitted	not_admitted
NZ_CP086476.1	MPF_T	IncX4	46	0	0	GA	1	22;20416;21036;-;44.3	21;20076;20402;-;64.4	20;17310;20057;-;63.8	20;17310;20057;-;151.8	20;17310;20057;-;46.1	19;16582;17298;-;94.6	18;15476;16570;-;150.1		16;14275;14961;-;169.0	15;13370;14278;-;142.3	14;12259;13377;-;163.9	13;11229;12257;-;85.0	12;9380;11197;-;317.3		pfam	pfam_only	A	7/7	canonical	1	1	unscoreable	1	0	0														not_admitted	not_admitted	not_admitted	not_admitted	not_admitted	not_admitted	not_admitted
NZ_CP086484.1	MPF_F	IncFII	79	0	0	GA	0															not_admitted	not_admitted	not_admitted	not_admitted	not_admitted	not_admitted	not_admitted	not_admitted	not_admitted	not_admitted	1	55;40846;41838;+;369.5	65;47617;48990;+;381.7	60;44944;45687;+;234.4	52;37207;39837;+;304.1	66;48987;51809;+;374.0	45;32757;34208;+;94.2	52;37207;39837;+;97.1	43;31476;32042;+;174.3	57;42182;42820;+;68.6	58;42817;44667;+;266.1	70;54081;56270;+;391.2	48;35068;35583;+;78.4	70;54081;56270;+;70.3	A	9/9	contiguous	22605	1	1	51831..52310+;159;TraS;0
NZ_CP086485.1	MPF_T	IncI2(Delta)	83	0	0	GA	1	47;32685;33167;-;81.1	62;48654;48944;-;28.9	61;48263;48547;-;34.4	60;45900;48257;-;60.1	60;45900;48257;-;44.0	71;54008;54649;-;43.4	72;54655;55650;-;136.6		58;45000;45734;-;144.4	57;44233;45003;-;170.5	56;43104;44243;-;154.7	50;34936;36474;-;207.1	54;40032;41990;-;287.0		pfam	pfam_only	A	7/7	rearranged	1	0	unscoreable	13	0	0														not_admitted	not_admitted	not_admitted	not_admitted	not_admitted	not_admitted	not_admitted
NZ_CP086486.1	MPF_T	IncX4	47	0	0	GA	1	1;313;933;+;44.3	2;947;1273;+;64.4	3;1292;4039;+;63.8	3;1292;4039;+;151.8	3;1292;4039;+;46.1	4;4051;4767;+;94.4	5;4779;5873;+;150.1		7;6388;7074;+;169.0	8;7071;7979;+;142.3	9;7972;9090;+;163.9	10;9092;10120;+;85.0	11;10152;11969;+;317.3		pfam	pfam_only	A	7/7	canonical	1	1	unscoreable	1	0	0														not_admitted	not_admitted	not_admitted	not_admitted	not_admitted	not_admitted	not_admitted
NZ_CP086494.1	MPF_F	IncFII	81	0	0	GA	0															not_admitted	not_admitted	not_admitted	not_admitted	not_admitted	not_admitted	not_admitted	not_admitted	not_admitted	not_admitted	1	57;40842;41834;+;369.5	67;47613;48986;+;381.7	62;44940;45683;+;234.4	54;37203;39833;+;304.1	68;48983;51805;+;374.0	47;32753;34204;+;94.2	54;37203;39833;+;97.1	45;31472;32038;+;174.3	59;42178;42816;+;68.6	60;42813;44663;+;266.1	72;54077;56266;+;391.2	50;35064;35579;+;78.4	72;54077;56266;+;70.3	A	9/9	contiguous	22605	1	1	51827..52306+;159;TraS;0
NZ_CP086495.1	MPF_T	IncI2(Delta)	80	0	0	GA	1	44;31359;31841;-;81.1	59;47328;47618;-;28.9	58;46937;47221;-;34.4	57;44574;46931;-;60.1	57;44574;46931;-;44.0	68;52682;53323;-;43.4	69;53329;54324;-;136.6		55;43674;44408;-;144.4	54;42907;43677;-;170.5	53;41778;42917;-;154.7	47;33610;35148;-;207.1	51;38706;40664;-;287.0		pfam	pfam_only	A	7/7	rearranged	1	0	unscoreable	13	0	0														not_admitted	not_admitted	not_admitted	not_admitted	not_admitted	not_admitted	not_admitted
NZ_CP086496.1	MPF_T	IncX4	47	0	0	GA	1	1;313;933;+;44.3	2;947;1273;+;64.4	3;1292;4039;+;63.8	3;1292;4039;+;151.8	3;1292;4039;+;46.1	4;4051;4767;+;94.4	5;4779;5873;+;150.1		7;6388;7074;+;169.0	8;7071;7979;+;142.3	9;7972;9090;+;163.9	10;9092;10120;+;85.0	11;10152;11969;+;317.3		pfam	pfam_only	A	7/7	canonical	1	1	unscoreable	1	0	0														not_admitted	not_admitted	not_admitted	not_admitted	not_admitted	not_admitted	not_admitted
NZ_CP086504.1	MPF_F	IncFII	79	0	0	GA	0															not_admitted	not_admitted	not_admitted	not_admitted	not_admitted	not_admitted	not_admitted	not_admitted	not_admitted	not_admitted	1	55;40846;41838;+;369.5	65;47617;48990;+;381.7	60;44944;45687;+;234.4	52;37207;39837;+;304.1	66;48987;51809;+;374.0	45;32757;34208;+;94.2	52;37207;39837;+;97.1	43;31476;32042;+;174.3	57;42182;42820;+;68.6	58;42817;44667;+;266.1	70;54081;56270;+;391.2	48;35068;35583;+;78.4	70;54081;56270;+;70.3	A	9/9	contiguous	22605	1	1	51831..52310+;159;TraS;0
NZ_CP086505.1	MPF_T	IncI2(Delta)	83	0	0	GA	1	47;32685;33167;-;81.1	62;48654;48944;-;28.9	61;48263;48547;-;34.4	60;45900;48257;-;60.1	60;45900;48257;-;44.0	71;54008;54649;-;43.4	72;54655;55650;-;136.6		58;45000;45734;-;144.4	57;44233;45003;-;170.5	56;43104;44243;-;154.7	50;34936;36474;-;207.1	54;40032;41990;-;287.0		pfam	pfam_only	A	7/7	rearranged	1	0	unscoreable	13	0	0														not_admitted	not_admitted	not_admitted	not_admitted	not_admitted	not_admitted	not_admitted
NZ_CP086506.1	MPF_T	IncX4	46	0	0	GA	1	37;24231;24851;+;44.3	38;24865;25191;+;64.4	39;25210;27957;+;63.8	39;25210;27957;+;151.8	39;25210;27957;+;46.1	40;27969;28685;+;94.1	41;28697;29791;+;150.1		43;30306;30992;+;169.0	44;30989;31897;+;142.3	45;31890;33008;+;163.9		0;244;2061;+;317.3		pfam	pfam_only	B	6/7	canonical	1	1	unscoreable	1	0	0														not_admitted	not_admitted	not_admitted	not_admitted	not_admitted	not_admitted	not_admitted
NZ_CP086514.1	MPF_F	IncFII	79	0	0	GA	0															not_admitted	not_admitted	not_admitted	not_admitted	not_admitted	not_admitted	not_admitted	not_admitted	not_admitted	not_admitted	1	55;40846;41838;+;369.5	65;47617;48990;+;381.7	60;44944;45687;+;234.4	52;37207;39837;+;304.1	66;48987;51809;+;374.0	45;32757;34208;+;94.2	52;37207;39837;+;97.1	43;31476;32042;+;174.3	57;42182;42820;+;68.6	58;42817;44667;+;266.1	70;54081;56270;+;391.2	48;35068;35583;+;78.4	70;54081;56270;+;70.3	A	9/9	contiguous	22605	1	1	51831..52310+;159;TraS;0
NZ_CP086515.1	MPF_T	IncI2(Delta)	82	0	0	GA	1	46;32685;33167;-;81.1	61;48654;48944;-;28.9	60;48263;48547;-;34.4	59;45900;48257;-;60.1	59;45900;48257;-;44.0	70;54008;54649;-;43.4	71;54655;55650;-;136.6		57;45000;45734;-;144.4	56;44233;45003;-;170.5	55;43104;44243;-;154.7	49;34936;36474;-;207.1	53;40032;41990;-;287.0		pfam	pfam_only	A	7/7	rearranged	1	0	unscoreable	13	0	0														not_admitted	not_admitted	not_admitted	not_admitted	not_admitted	not_admitted	not_admitted
NZ_CP086516.1	MPF_T	IncX4	47	0	0	GA	1	31;20129;20749;+;44.3	32;20763;21089;+;64.4	33;21108;23855;+;63.8	33;21108;23855;+;151.8	33;21108;23855;+;46.1	34;23867;24583;+;94.4	35;24595;25689;+;150.1		37;26204;26890;+;169.0	38;26887;27795;+;142.3	39;27788;28906;+;163.9	40;28908;29936;+;85.0	41;29968;31785;+;317.3		pfam	pfam_only	A	7/7	canonical	1	1	unscoreable	1	0	0														not_admitted	not_admitted	not_admitted	not_admitted	not_admitted	not_admitted	not_admitted
NZ_CP086521.1	MPF_T	ColKP3;IncX3	65	0	0	GA	1	38;31230;31874;-;46.4	37;30956;31246;-;73.1	36;28178;30931;-;47.0	36;28178;30931;-;142.4	36;28178;30931;-;73.3	35;27398;28168;-;60.1	33;26064;27119;-;132.8		32;25141;25869;-;119.4	31;24206;25135;-;138.8	30;22995;24209;-;128.3	28;21765;22799;-;65.7	27;19927;21762;-;495.9		pfam	pfam_only	A	7/7	canonical	1	1	unscoreable	2	0	0														not_admitted	not_admitted	not_admitted	not_admitted	not_admitted	not_admitted	not_admitted
NZ_CP086523.1	MPF_T	IncX4	47	0	0	GA	1	3;4208;4828;-;46.3	2;3868;4194;-;64.4	1;1102;3849;-;63.8	1;1102;3849;-;151.8	1;1102;3849;-;46.1	0;374;1090;-;94.1	46;33326;33973;-;63.7		44;32125;32811;-;169.0	43;31220;32128;-;142.3	42;30109;31227;-;163.9	41;29079;30107;-;85.0	40;27230;29047;-;317.3		pfam	pfam_only	A	7/7	rearranged	1	1	unscoreable	1	0	0														not_admitted	not_admitted	not_admitted	not_admitted	not_admitted	not_admitted	not_admitted
NZ_CP086527.1	MPF_T	ColKP3;IncX3	65	0	0	GA	1	38;31230;31874;-;46.4	37;30956;31246;-;73.1	36;28178;30931;-;47.0	36;28178;30931;-;142.4	36;28178;30931;-;73.3	35;27398;28168;-;60.1	33;26064;27119;-;132.8		32;25141;25869;-;119.4	31;24206;25135;-;138.8	30;22995;24209;-;128.3	28;21765;22799;-;65.7	27;19927;21762;-;495.9		pfam	pfam_only	A	7/7	canonical	1	1	unscoreable	2	0	0														not_admitted	not_admitted	not_admitted	not_admitted	not_admitted	not_admitted	not_admitted
NZ_CP086529.1	MPF_T	IncX4	47	0	0	GA	1	12;11874;12494;-;46.3	11;11534;11860;-;64.4	10;8768;11515;-;63.8	10;8768;11515;-;151.8	10;8768;11515;-;46.1	9;8040;8756;-;94.1	8;6934;8028;-;150.1		6;5733;6419;-;169.0	5;4828;5736;-;142.3	4;3717;4835;-;163.9	3;2687;3715;-;85.0	2;838;2655;-;317.3		pfam	pfam_only	A	7/7	canonical	1	1	unscoreable	1	0	0														not_admitted	not_admitted	not_admitted	not_admitted	not_admitted	not_admitted	not_admitted
NZ_CP086533.1	MPF_T	ColKP3;IncX3	65	0	0	GA	1	50;38208;38852;+;46.4	51;38836;39126;+;73.1	52;39151;41904;+;47.0	52;39151;41904;+;142.4	52;39151;41904;+;73.3	53;41914;42684;+;60.1	55;42963;44018;+;132.8		56;44213;44941;+;119.4	57;44947;45876;+;138.8	58;45873;47087;+;128.3	60;47283;48317;+;65.7	61;48320;50155;+;495.9		pfam	pfam_only	A	7/7	canonical	1	1	unscoreable	2	0	0														not_admitted	not_admitted	not_admitted	not_admitted	not_admitted	not_admitted	not_admitted
NZ_CP086535.1	MPF_T	IncX4	46	0	0	GA	1	5;6006;6626;-;46.3	4;5666;5992;-;64.4	3;2900;5647;-;63.8	3;2900;5647;-;151.8	3;2900;5647;-;46.1	2;2172;2888;-;94.1	1;1066;2160;-;150.1			45;33018;33923;-;142.3	44;31907;33025;-;163.9	43;30877;31905;-;85.0	42;29028;30845;-;317.3		pfam	pfam_only	B	6/7	canonical	1	1	unscoreable	0	0	0														not_admitted	not_admitted	not_admitted	not_admitted	not_admitted	not_admitted	not_admitted
NZ_CP086539.1	MPF_T	ColKP3;IncX3	65	0	0	GA	1	38;31230;31874;-;46.4	37;30956;31246;-;73.1	36;28178;30931;-;47.0	36;28178;30931;-;142.4	36;28178;30931;-;73.3	35;27398;28168;-;60.1	33;26064;27119;-;132.8		32;25141;25869;-;119.4	31;24206;25135;-;138.8	30;22995;24209;-;128.3	28;21765;22799;-;65.7	27;19927;21762;-;495.9		pfam	pfam_only	A	7/7	canonical	1	1	unscoreable	2	0	0														not_admitted	not_admitted	not_admitted	not_admitted	not_admitted	not_admitted	not_admitted
NZ_CP086541.1	MPF_T	IncX4	47	0	0	GA	1	13;6737;7357;+;46.3	14;7371;7697;+;64.4	15;7716;10463;+;63.8	15;7716;10463;+;151.8	15;7716;10463;+;46.1	16;10475;11191;+;94.1	17;11203;12297;+;150.1		19;12812;13498;+;169.0	20;13495;14403;+;142.3	21;14396;15514;+;163.9	22;15516;16544;+;85.0	23;16576;18393;+;317.3		pfam	pfam_only	A	7/7	canonical	1	1	unscoreable	1	0	0														not_admitted	not_admitted	not_admitted	not_admitted	not_admitted	not_admitted	not_admitted
NZ_CP086545.1	MPF_T	ColKP3;IncX3	65	0	0	GA	1	50;38208;38852;+;46.4	51;38836;39126;+;73.1	52;39151;41904;+;47.0	52;39151;41904;+;142.4	52;39151;41904;+;73.3	53;41914;42684;+;60.1	55;42963;44018;+;132.8		56;44213;44941;+;119.4	57;44947;45876;+;138.8	58;45873;47087;+;128.3	60;47283;48317;+;65.7	61;48320;50155;+;495.9		pfam	pfam_only	A	7/7	canonical	1	1	unscoreable	2	0	0														not_admitted	not_admitted	not_admitted	not_admitted	not_admitted	not_admitted	not_admitted
NZ_CP086547.1	MPF_T	IncX4	47	0	0	GA	1	38;24892;25512;+;46.3	39;25526;25852;+;64.4	40;25871;28618;+;63.8	40;25871;28618;+;151.8	40;25871;28618;+;46.1	41;28630;29346;+;94.1	42;29358;30452;+;150.1		44;30967;31653;+;169.0	45;31650;32558;+;142.3	46;32551;33669;+;163.9	0;90;641;+;84.7	1;673;2490;+;317.3		pfam	pfam_only	A	7/7	canonical	1	1	unscoreable	1	0	0														not_admitted	not_admitted	not_admitted	not_admitted	not_admitted	not_admitted	not_admitted
NZ_CP086557.1	MPF_T	IncX3	58	0	0	GA	1	20;12367;13011;+;46.4	21;12995;13285;+;73.1	22;13310;16063;+;47.0	22;13310;16063;+;142.4	22;13310;16063;+;73.3	23;16073;16843;+;60.1	25;17122;18177;+;133.2		26;18372;19100;+;119.4	27;19106;20035;+;138.8	28;20032;21246;+;128.3	30;21442;22476;+;65.7	31;22479;24314;+;495.9		pfam	pfam_only	A	7/7	canonical	1	1	unscoreable	2	0	0														not_admitted	not_admitted	not_admitted	not_admitted	not_admitted	not_admitted	not_admitted
NZ_CP086605.1	MPF_F	IncHI2;IncHI2A	267	0	0	GA	0															not_admitted	not_admitted	not_admitted	not_admitted	not_admitted	not_admitted	not_admitted	not_admitted	not_admitted	not_admitted	1	33;32533;33591;+;276.9			15;10290;12971;+;168.0		11;6605;7960;+;80.7	15;10290;12971;+;72.2	5;3057;3356;+;43.4	31;30880;32391;+;61.8	35;34563;36797;+;59.3	188;169838;171922;+;56.8	14;9331;10281;+;46.1	188;169838;171922;+;38.8	C	6/9	split_3	166781	0	1	
NZ_CP086608.1	MPF_T	IncI2(Delta)	75	0	0	GA	1	39;33091;33573;-;81.1		54;49180;49464;-;36.6	53;46817;49174;-;58.5	53;46817;49174;-;44.9	63;54276;54920;-;41.0	64;54926;55921;-;123.9		51;45917;46651;-;144.3	50;45150;45920;-;170.5	49;44021;45160;-;154.7	42;35352;36890;-;207.1	47;40973;42931;-;289.6		pfam	pfam_only	A	7/7	rearranged	1	0	unscoreable	14	0	0														not_admitted	not_admitted	not_admitted	not_admitted	not_admitted	not_admitted	not_admitted
NZ_CP086613.1	-	-	135	0	0	GA	1	79;67601;68158;-;91.8	78;67228;67551;-;76.1	77;66936;67226;-;66.2	76;64528;66939;-;142.1	76;64528;66939;-;100.1	74;62644;63360;-;46.6	72;61440;62459;-;124.8		69;59874;60608;-;183.8	68;59092;59877;-;182.9	67;57677;59095;-;193.7	66;56682;57680;-;135.1	65;54559;56685;-;268.8		pfam	pfam_only	A	7/7	canonical	1	0	unscoreable	3	0	0														not_admitted	not_admitted	not_admitted	not_admitted	not_admitted	not_admitted	not_admitted
NZ_CP086617.1	MPF_F	IncFIB(AP001918);IncFII	167	0	0	GA	0															not_admitted	not_admitted	not_admitted	not_admitted	not_admitted	not_admitted	not_admitted	not_admitted	not_admitted	not_admitted	1	140;111429;112421;+;369.5	151;118156;119529;+;382.9	145;115485;116228;+;233.4	136;107794;109803;+;301.8	152;119526;122345;+;385.4	130;104214;105641;+;93.9	136;107794;109803;+;48.8	128;102933;103499;+;182.7	142;112765;113403;+;70.7	143;113400;115208;+;264.7	155;123877;126075;+;391.8	134;106763;107278;+;76.0	155;123877;126075;+;70.3	A	9/9	contiguous	20944	1	1	122370..122861+;163;TraS;0
NZ_CP086619.1	MPF_F	IncFIB(AP001918);IncFII	153	0	0	GA	0															not_admitted	not_admitted	not_admitted	not_admitted	not_admitted	not_admitted	not_admitted	not_admitted	not_admitted	not_admitted	1	135;105335;106327;+;369.5	146;112062;113435;+;382.9	140;109391;110134;+;233.4	131;101700;103709;+;301.8	147;113432;116251;+;385.4	125;98120;99547;+;93.9	131;101700;103709;+;48.8	123;96839;97405;+;182.7	137;106671;107309;+;70.7	138;107306;109114;+;264.7	150;117783;119981;+;391.8	129;100669;101184;+;76.0	150;117783;119981;+;70.3	A	9/9	contiguous	20944	1	1	116276..116767+;163;TraS;0
NZ_CP086621.1	MPF_F	IncFIB(AP001918);IncFII	162	0	0	GA	0															not_admitted	not_admitted	not_admitted	not_admitted	not_admitted	not_admitted	not_admitted	not_admitted	not_admitted	not_admitted	1	139;110186;111178;+;369.5	152;119499;120872;+;382.9	144;114242;114985;+;233.4	135;106551;108560;+;301.8	153;120869;123688;+;385.4	129;102971;104398;+;93.9	135;106551;108560;+;48.8	127;101690;102256;+;182.7	141;111522;112160;+;70.7	142;112157;113965;+;264.7	156;125220;127418;+;391.8	133;105520;106035;+;76.0	156;125220;127418;+;70.3	A	9/9	contiguous	23530	1	1	123713..124204+;163;TraS;0
NZ_CP086665.1	MPF_F	IncHI1B(pNDM-MAR)	374	0	0	GA	0															not_admitted	not_admitted	not_admitted	not_admitted	not_admitted	not_admitted	not_admitted	not_admitted	not_admitted	not_admitted	1	70;55671;56708;-;282.3	247;201507;202916;+;190.4	246;200480;201517;+;175.9	82;67540;70257;-;148.7	248;202918;206826;+;122.1	86;72370;73740;-;65.6	82;67540;70257;-;85.2	89;75386;76246;-;79.0	71;56705;58066;-;69.8	69;52476;55661;-;58.9	239;191156;193282;-;57.8	83;70302;71039;-;57.1	239;191156;193282;-;41.0	A	9/9	split_2	150442	0	1	
NZ_CP086666.1	MPF_F	IncC	208	0	0	GA	0															not_admitted	not_admitted	not_admitted	not_admitted	not_admitted	not_admitted	not_admitted	not_admitted	not_admitted	not_admitted	1	94;70794;71801;+;332.9	197;163605;165038;+;339.2	196;162575;163603;+;221.7	89;65595;68042;+;354.2	198;165051;168665;+;375.3	84;56768;58084;+;135.0	89;65595;68042;+;128.6	82;55244;55870;+;92.1	92;68864;70129;+;67.6	95;71917;74712;+;145.3	73;49569;51434;+;47.4	85;58081;58659;+;100.2	73;49569;51434;+;52.0	A	9/9	split_2	115482	0	1	
NZ_CP086667.1	MPF_F	IncFIB(K);IncFII(K)	177	0	0	GA	0															not_admitted	not_admitted	not_admitted	not_admitted	not_admitted	not_admitted	not_admitted	not_admitted	not_admitted	not_admitted	1	121;129147;130139;-;366.6	111;122233;123600;-;381.2	115;124858;125610;-;230.7	124;131165;133804;-;258.7	110;119384;122233;-;343.8	133;137619;139043;-;89.2	124;131165;133804;-;88.8	135;139770;140336;-;167.0	120;128496;129134;-;67.0	119;126482;128437;-;259.7	106;114586;116898;-;392.7	131;136438;137007;-;49.7	106;114586;116898;-;66.5	A	9/9	contiguous	25184	1	1	118823..119371-;182;unnamed;0
NZ_CP086668.1	MPF_F	IncFIB(pQil);IncFII(K)	118	0	0	GA	0															not_admitted	not_admitted	not_admitted	not_admitted	not_admitted	not_admitted	not_admitted	not_admitted	not_admitted	not_admitted	1	64;64082;65071;-;366.0	54;57261;58631;-;381.2	58;59833;60585;-;232.4	68;66514;69153;-;258.5	53;54412;57261;-;344.2	76;72410;73834;-;88.8	68;66514;69153;-;88.7	78;74561;75127;-;169.3	63;63431;64069;-;67.0	62;61428;63434;-;259.0	49;50289;52598;-;392.8	75;71712;72296;-;55.4	49;50289;52598;-;65.8	A	9/9	contiguous	24272	1	1	53879..54409-;176;unnamed;0
NZ_CP086679.1	MPF_F	IncHI2;IncHI2A	295	0	0	GA	0															not_admitted	not_admitted	not_admitted	not_admitted	not_admitted	not_admitted	not_admitted	not_admitted	not_admitted	not_admitted	1	91;78755;79813;-;276.9	209;186749;188164;+;194.1	208;185713;186759;+;174.3	107;99385;102066;-;168.0	210;188173;192126;+;101.7	111;104396;105751;-;80.7	107;99385;102066;-;72.2	114;107475;108263;-;74.8	93;79955;81466;-;62.0	90;75548;78736;-;57.3	201;176587;178671;-;56.8	108;102075;103025;-;46.1	201;176587;178671;-;38.8	A	9/9	split_2	112625	1	1	192307..193596+;429;unnamed;0
NZ_CP086762.1	MPF_T	IncFIB(K)(pCAV1099-114);IncHI1B(pNDM-MAR);IncX3;repFIB	324	0	0	GA	1	250;231629;232273;-;46.4	249;231355;231645;-;73.1	248;228577;231330;-;47.0	248;228577;231330;-;142.4	248;228577;231330;-;73.3	247;227797;228567;-;60.1	245;226463;227518;-;133.2		244;225540;226268;-;119.4	243;224605;225534;-;138.8	242;223394;224608;-;128.3	240;222164;223198;-;65.7	239;220326;222161;-;495.9		pfam	pfam_only	A	7/7	canonical	1	1	unscoreable	2	0	0														not_admitted	not_admitted	not_admitted	not_admitted	not_admitted	not_admitted	not_admitted
NZ_CP086788.1	-	-	171	0	0	GA	1	142;128288;129376;+;67.6	139;125180;125464;+;86.7	140;125488;125763;+;56.1	141;125753;128122;+;83.9	141;125753;128122;+;62.3	143;129366;130175;+;73.2	145;130667;131668;+;97.6		146;131671;132315;+;166.0	147;132319;133050;+;139.8	148;133053;134510;+;170.9	149;134621;135610;+;109.5			pfam	pfam_only	B	6/7	canonical	1	0	unscoreable	1	0	0														not_admitted	not_admitted	not_admitted	not_admitted	not_admitted	not_admitted	not_admitted
NZ_CP086796.1	-	-	290	0	0	GA	1	162;155655;156743;-;67.6	165;159567;159851;-;86.7	164;159268;159543;-;56.1	163;156909;159278;-;83.9	163;156909;159278;-;62.3	161;154856;155665;-;73.2	159;153363;154364;-;97.6		158;152716;153360;-;166.0	157;151981;152712;-;139.8	156;150521;151978;-;170.9	155;149421;150410;-;109.5			pfam	pfam_only	B	6/7	canonical	1	0	unscoreable	1	0	0														not_admitted	not_admitted	not_admitted	not_admitted	not_admitted	not_admitted	not_admitted
NZ_CP086802.1	-	-	170	0	0	GA	1	147;135292;136380;+;67.6	144;132184;132468;+;86.7	145;132492;132767;+;56.1	146;132757;135126;+;83.9	146;132757;135126;+;62.3	148;136370;137179;+;73.2	150;137671;138672;+;97.6		151;138675;139319;+;166.0	152;139323;140054;+;139.8	153;140057;141514;+;170.9	154;141625;142614;+;109.5			pfam	pfam_only	B	6/7	canonical	1	0	unscoreable	1	0	0														not_admitted	not_admitted	not_admitted	not_admitted	not_admitted	not_admitted	not_admitted
NZ_CP086811.1	-	-	290	0	0	GA	1	64;62119;63207;-;67.6	67;66031;66315;-;86.7	66;65732;66007;-;56.1	65;63373;65742;-;83.9	65;63373;65742;-;62.3	63;61320;62129;-;73.2	61;59827;60828;-;97.6		60;59180;59824;-;166.0	59;58445;59176;-;139.8	58;56985;58442;-;170.9	57;55885;56874;-;109.5			pfam	pfam_only	B	6/7	canonical	1	0	unscoreable	1	0	0														not_admitted	not_admitted	not_admitted	not_admitted	not_admitted	not_admitted	not_admitted
NZ_CP086812.1	-	-	97	0	0	GA	1	92;83496;83849;-;58.2	91;83215;83499;-;86.7	90;82916;83191;-;56.1	88;80556;82529;-;84.3	89;82549;82926;-;40.2	85;78504;79313;-;73.2									pfam	pfam_only	D	1/7	uncallable	0	0	unscoreable	1	0	0														not_admitted	not_admitted	not_admitted	not_admitted	not_admitted	not_admitted	not_admitted
NZ_CP086818.1	-	-	291	0	0	GA	1	8;6709;7797;+;67.6	5;3601;3885;+;86.7	6;3909;4184;+;56.1	7;4174;6543;+;83.9	7;4174;6543;+;62.3	9;7787;8596;+;73.2	11;9088;10089;+;97.6		12;10092;10736;+;166.0	13;10740;11471;+;139.8	14;11474;12931;+;170.9	15;13042;14031;+;109.5			pfam	pfam_only	B	6/7	canonical	1	0	unscoreable	1	0	0														not_admitted	not_admitted	not_admitted	not_admitted	not_admitted	not_admitted	not_admitted
NZ_CP086819.1	-	-	96	0	0	GA	1	15;16479;17567;-;67.6	19;20390;20674;-;86.7	18;20091;20366;-;56.1	16;17733;19436;-;81.3	17;19433;20101;-;64.6	14;15680;16489;-;73.2									pfam	pfam_only	D	1/7	uncallable	0	0	unscoreable	0	0	0														not_admitted	not_admitted	not_admitted	not_admitted	not_admitted	not_admitted	not_admitted
NZ_CP086834.1	-	-	95	0	0	GA	1	87;80888;81205;+;54.6	88;81237;81476;+;55.1	89;81543;81818;+;56.1	90;81808;84177;+;83.9	90;81808;84177;+;62.3	93;85419;86228;+;73.2									pfam	pfam_only	D	1/7	uncallable	0	0	unscoreable	1	0	0														not_admitted	not_admitted	not_admitted	not_admitted	not_admitted	not_admitted	not_admitted
NZ_CP086836.1	-	-	291	0	0	GA	1	147;138419;139507;-;67.6	151;142332;142616;-;86.7	150;142033;142308;-;56.1	149;140283;142043;-;84.7	149;140283;142043;-;63.2	146;137620;138429;-;73.2	144;136127;137128;-;97.6		143;135480;136124;-;166.0	142;134745;135476;-;139.8	141;133285;134742;-;170.9	140;132185;133174;-;109.5			pfam	pfam_only	B	6/7	canonical	1	0	unscoreable	2	0	0														not_admitted	not_admitted	not_admitted	not_admitted	not_admitted	not_admitted	not_admitted
NZ_CP086848.1	-	-	292	0	0	GA	1	48;46125;47213;-;67.6	51;50037;50321;-;86.7	50;49738;50013;-;56.1	49;47379;49748;-;83.9	49;47379;49748;-;62.3	47;45326;46135;-;73.2	45;43833;44834;-;97.6		44;43186;43830;-;166.0	43;42451;43182;-;139.8	42;40991;42448;-;170.9	41;39891;40880;-;109.5			pfam	pfam_only	B	6/7	canonical	1	0	unscoreable	1	0	0														not_admitted	not_admitted	not_admitted	not_admitted	not_admitted	not_admitted	not_admitted
NZ_CP086856.1	-	-	290	0	0	GA	1	282;284760;285848;-;67.6	286;288671;288955;-;86.7	285;288372;288647;-;56.1	284;286547;288382;-;84.5	284;286547;288382;-;63.1	281;283961;284770;-;73.2	279;282468;283469;-;97.6		278;281821;282465;-;166.0	277;281086;281817;-;139.8	276;279626;281083;-;170.9	275;278526;279515;-;109.5			pfam	pfam_only	B	6/7	canonical	1	0	unscoreable	2	0	0														not_admitted	not_admitted	not_admitted	not_admitted	not_admitted	not_admitted	not_admitted
NZ_CP086860.1	-	-	97	0	0	GA	1	82;73496;74584;+;67.6	78;70389;70673;+;86.7	79;70697;70972;+;56.1	80;70962;72230;+;58.7	80;70962;72230;+;63.4	83;74574;75383;+;73.2									pfam	pfam_only	D	1/7	uncallable	0	0	unscoreable	1	0	0														not_admitted	not_admitted	not_admitted	not_admitted	not_admitted	not_admitted	not_admitted
NZ_CP086863.1	-	-	290	0	0	GA	1	82;90348;91436;+;67.6	79;87240;87524;+;86.7	80;87548;87823;+;56.1	81;87813;90182;+;83.9	81;87813;90182;+;62.3	83;91426;92235;+;73.2	85;92727;93728;+;97.6		86;93731;94375;+;166.0	87;94379;95110;+;139.8	88;95113;96570;+;170.9	89;96681;97670;+;109.5			pfam	pfam_only	B	6/7	canonical	1	0	unscoreable	1	0	0														not_admitted	not_admitted	not_admitted	not_admitted	not_admitted	not_admitted	not_admitted
NZ_CP086869.1	-	-	95	0	0	GA	1	82;76813;77901;-;67.6	85;80725;81009;-;86.7	84;80426;80701;-;56.1	83;78067;80436;-;83.9	83;78067;80436;-;62.3	81;76014;76823;-;73.2									pfam	pfam_only	D	1/7	uncallable	0	0	unscoreable	0	0	0														not_admitted	not_admitted	not_admitted	not_admitted	not_admitted	not_admitted	not_admitted
NZ_CP086876.1	-	-	172	0	0	GA	1	28;19048;20136;+;67.6	25;15940;16224;+;86.7	26;16248;16523;+;56.1	27;16513;18882;+;83.9	27;16513;18882;+;62.3	29;20126;20935;+;73.2	31;21427;22428;+;97.6		32;22431;23075;+;166.0	33;23079;23810;+;139.8	34;23813;25270;+;170.9	35;25381;26370;+;109.5			pfam	pfam_only	B	6/7	canonical	1	0	unscoreable	1	0	0														not_admitted	not_admitted	not_admitted	not_admitted	not_admitted	not_admitted	not_admitted
NZ_CP086884.1	-	-	169	0	0	GA	1	77;69341;70429;+;67.6	74;66233;66517;+;86.7	75;66541;66816;+;56.1	76;66806;69175;+;83.9	76;66806;69175;+;62.3	78;70419;71228;+;73.2	80;71720;72721;+;97.6		81;72724;73368;+;166.0	82;73372;74103;+;139.8	83;74106;75563;+;170.9	84;75674;76663;+;109.5			pfam	pfam_only	B	6/7	canonical	1	0	unscoreable	1	0	0														not_admitted	not_admitted	not_admitted	not_admitted	not_admitted	not_admitted	not_admitted
NZ_CP086893.1	-	-	82	0	0	GA	1	79;69715;70803;+;67.6	76;66607;66891;+;86.7	77;66915;67190;+;56.1	78;67180;69549;+;83.9	78;67180;69549;+;62.3	80;70793;71602;+;73.2									pfam	pfam_only	D	1/7	uncallable	0	0	unscoreable	0	0	0														not_admitted	not_admitted	not_admitted	not_admitted	not_admitted	not_admitted	not_admitted
NZ_CP086900.1	-	-	290	0	0	GA	1	106;112846;113934;+;67.6	103;109738;110022;+;86.7	104;110046;110321;+;56.1	105;110311;112680;+;83.9	105;110311;112680;+;62.3	107;113924;114733;+;73.2	109;115225;116226;+;97.6		110;116229;116873;+;166.0	111;116877;117608;+;139.8	112;117611;119068;+;170.9	113;119179;120168;+;109.5			pfam	pfam_only	B	6/7	canonical	1	0	unscoreable	1	0	0														not_admitted	not_admitted	not_admitted	not_admitted	not_admitted	not_admitted	not_admitted
NZ_CP086902.1	-	-	291	0	0	GA	1	277;276844;277932;+;67.6	273;273735;274019;+;86.7	274;274043;274318;+;56.1	275;274308;276275;+;84.3	275;274308;276275;+;62.8	278;277922;278731;+;73.2	280;279223;280224;+;97.6		281;280227;280871;+;166.0	282;280875;281606;+;139.8	283;281609;283066;+;170.9	284;283177;284166;+;109.5			pfam	pfam_only	B	6/7	canonical	1	0	unscoreable	2	0	0														not_admitted	not_admitted	not_admitted	not_admitted	not_admitted	not_admitted	not_admitted
NZ_CP086905.1	MPF_T	-	214	0	0	GA	1	115;110788;111141;-;56.9	114;110507;110791;-;86.7	113;110208;110483;-;56.1	112;107849;110218;-;83.9	112;107849;110218;-;62.3	109;105797;106606;-;73.2							43;42717;44717;+;289.1		pfam	pfam_only	D	2/7	uncallable	0	0	unscoreable	1	0	0														not_admitted	not_admitted	not_admitted	not_admitted	not_admitted	not_admitted	not_admitted
NZ_CP086945.1	-	-	169	0	0	GA	1	77;69342;70430;+;67.6	74;66234;66518;+;86.7	75;66542;66817;+;56.1	76;66807;69176;+;83.9	76;66807;69176;+;62.3	78;70420;71229;+;73.2	80;71721;72722;+;97.6		81;72725;73369;+;166.0	82;73373;74104;+;139.8	83;74107;75564;+;170.9	84;75675;76664;+;109.5			pfam	pfam_only	B	6/7	canonical	1	0	unscoreable	1	0	0														not_admitted	not_admitted	not_admitted	not_admitted	not_admitted	not_admitted	not_admitted
NZ_CP086949.1	-	-	170	0	0	GA	1	72;63283;64371;+;67.6	69;60175;60459;+;86.7	70;60483;60758;+;56.1	71;60748;63117;+;83.9	71;60748;63117;+;62.3	73;64361;65170;+;73.2	75;65662;66663;+;97.6		76;66666;67310;+;166.0	77;67314;68045;+;139.8	78;68048;69505;+;170.9	79;69616;70605;+;109.5			pfam	pfam_only	B	6/7	canonical	1	0	unscoreable	1	0	0														not_admitted	not_admitted	not_admitted	not_admitted	not_admitted	not_admitted	not_admitted
NZ_CP086964.1	-	-	171	0	0	GA	1	91;86746;87834;-;67.6	94;90658;90942;-;86.7	93;90359;90634;-;56.1	92;88000;90369;-;83.9	92;88000;90369;-;62.3	90;85947;86756;-;73.2	88;84454;85455;-;97.6		87;83807;84451;-;166.0	86;83072;83803;-;139.8	85;81612;83069;-;170.9	84;80512;81501;-;109.5			pfam	pfam_only	B	6/7	canonical	1	0	unscoreable	1	0	0														not_admitted	not_admitted	not_admitted	not_admitted	not_admitted	not_admitted	not_admitted
NZ_CP086985.1	-	-	170	0	0	GA	1	89;85092;86180;+;67.6	86;81984;82268;+;86.7	87;82292;82567;+;56.1	88;82557;84926;+;83.9	88;82557;84926;+;62.3	90;86170;86979;+;73.2	92;87471;88472;+;97.6		93;88475;89119;+;166.0	94;89123;89854;+;139.8	95;89857;91314;+;170.9	96;91425;92414;+;109.5			pfam	pfam_only	B	6/7	canonical	1	0	unscoreable	1	0	0														not_admitted	not_admitted	not_admitted	not_admitted	not_admitted	not_admitted	not_admitted
NZ_CP086997.1	-	-	290	0	0	GA	1	29;30912;32000;-;67.6	32;34824;35108;-;86.7	31;34525;34800;-;56.1	30;32166;34535;-;83.9	30;32166;34535;-;62.3	28;30113;30922;-;73.2	26;28620;29621;-;97.6		25;27973;28617;-;166.0	24;27238;27969;-;139.8	23;25778;27235;-;170.9	22;24678;25667;-;109.5			pfam	pfam_only	B	6/7	canonical	1	0	unscoreable	1	0	0														not_admitted	not_admitted	not_admitted	not_admitted	not_admitted	not_admitted	not_admitted
NZ_CP087006.1	-	-	172	0	0	GA	1	77;68578;69666;+;67.6	74;65470;65754;+;86.7	75;65778;66053;+;56.1	76;66043;68412;+;83.9	76;66043;68412;+;62.3	78;69656;70465;+;73.2	80;70957;71958;+;97.6		81;71961;72605;+;166.0	82;72609;73340;+;139.8	83;73343;74800;+;170.9	84;74911;75900;+;109.5			pfam	pfam_only	B	6/7	canonical	1	0	unscoreable	1	0	0														not_admitted	not_admitted	not_admitted	not_admitted	not_admitted	not_admitted	not_admitted
NZ_CP087010.1	-	-	170	0	0	GA	1	97;93295;94383;-;67.6	100;97207;97491;-;86.7	99;96908;97183;-;56.1	98;94549;96918;-;83.9	98;94549;96918;-;62.3	96;92496;93305;-;73.2	94;91003;92004;-;97.6		93;90356;91000;-;166.0	92;89621;90352;-;139.8	91;88161;89618;-;170.9	90;87061;88050;-;109.5			pfam	pfam_only	B	6/7	canonical	1	0	unscoreable	1	0	0														not_admitted	not_admitted	not_admitted	not_admitted	not_admitted	not_admitted	not_admitted
NZ_CP087031.1	-	-	168	0	0	GA	1	159;143644;144732;-;67.6	162;147556;147840;-;86.7	161;147257;147532;-;56.1	160;144898;147267;-;83.9	160;144898;147267;-;62.3	158;142845;143654;-;73.2	156;141352;142353;-;97.6		155;140705;141349;-;166.0	154;139970;140701;-;139.8	153;138510;139967;-;170.9	152;137410;138399;-;109.5			pfam	pfam_only	B	6/7	canonical	1	0	unscoreable	1	0	0														not_admitted	not_admitted	not_admitted	not_admitted	not_admitted	not_admitted	not_admitted
NZ_CP087052.1	-	-	98	0	0	GA	1	88;79306;80394;-;67.6	92;83217;83501;-;86.7	91;82918;83193;-;56.1	90;81093;82928;-;84.5	90;81093;82928;-;63.1	87;78507;79316;-;73.2									pfam	pfam_only	D	1/7	uncallable	0	0	unscoreable	1	0	0														not_admitted	not_admitted	not_admitted	not_admitted	not_admitted	not_admitted	not_admitted
NZ_CP087054.1	-	-	291	0	0	GA	1	151;142955;144043;-;67.6	154;146867;147151;-;86.7	153;146568;146843;-;56.1	152;144209;146578;-;83.9	152;144209;146578;-;62.3	150;142156;142965;-;73.2	148;140663;141664;-;97.6		147;140016;140660;-;166.0	146;139281;140012;-;139.8	145;137821;139278;-;170.9	144;136721;137710;-;109.5			pfam	pfam_only	B	6/7	canonical	1	0	unscoreable	1	0	0														not_admitted	not_admitted	not_admitted	not_admitted	not_admitted	not_admitted	not_admitted
NZ_CP087061.1	-	-	168	0	0	GA	1	30;31966;33054;-;67.6	33;35878;36162;-;86.7	32;35579;35854;-;56.1	31;33220;35589;-;83.9	31;33220;35589;-;62.3	29;31167;31976;-;73.2	27;29674;30675;-;97.6		26;29027;29671;-;166.0	25;28292;29023;-;139.8	24;26832;28289;-;170.9	23;25732;26721;-;109.5			pfam	pfam_only	B	6/7	canonical	1	0	unscoreable	1	0	0														not_admitted	not_admitted	not_admitted	not_admitted	not_admitted	not_admitted	not_admitted
NZ_CP087072.1	-	-	288	0	0	GA	1	145;154590;155678;+;67.6	142;151482;151766;+;86.7	143;151790;152065;+;56.1	144;152055;154424;+;83.9	144;152055;154424;+;62.3	146;155668;156477;+;73.2	148;156969;157970;+;97.6		149;157973;158617;+;166.0	150;158621;159352;+;139.8	151;159355;160812;+;170.9	152;160923;161912;+;109.5			pfam	pfam_only	B	6/7	canonical	1	0	unscoreable	1	0	0														not_admitted	not_admitted	not_admitted	not_admitted	not_admitted	not_admitted	not_admitted
NZ_CP087075.1	-	-	292	0	0	GA	1	9;6709;7797;+;67.6	5;3600;3884;+;86.7	6;3908;4183;+;56.1	7;4173;6140;+;84.3	7;4173;6140;+;62.8	10;7787;8596;+;73.2	12;9088;10089;+;97.6		13;10092;10736;+;166.0	14;10740;11471;+;139.8	15;11474;12931;+;170.9	16;13042;14031;+;109.5			pfam	pfam_only	B	6/7	canonical	1	0	unscoreable	2	0	0														not_admitted	not_admitted	not_admitted	not_admitted	not_admitted	not_admitted	not_admitted
NZ_CP087076.1	-	-	98	0	0	GA	1	17;16475;17563;-;67.6	21;20386;20670;-;86.7	20;20087;20362;-;56.1	19;18829;20097;-;58.7	19;18829;20097;-;63.4	16;15676;16485;-;73.2									pfam	pfam_only	D	1/7	uncallable	0	0	unscoreable	1	0	0														not_admitted	not_admitted	not_admitted	not_admitted	not_admitted	not_admitted	not_admitted
NZ_CP087084.1	-	-	292	0	0	GA	1	283;283301;284389;-;67.6	287;287212;287496;-;86.7	286;286913;287188;-;56.1	285;285655;286923;-;58.7	285;285655;286923;-;63.4	282;282502;283311;-;73.2	280;281009;282010;-;97.6		279;280362;281006;-;166.0	278;279627;280358;-;139.8	277;278167;279624;-;170.9	276;277067;278056;-;109.5			pfam	pfam_only	B	6/7	canonical	1	0	unscoreable	2	0	0														not_admitted	not_admitted	not_admitted	not_admitted	not_admitted	not_admitted	not_admitted
NZ_CP087085.1	MPF_T	-	212	0	0	GA	1	140;133303;134391;-;67.6	143;137215;137499;-;86.7	142;136916;137191;-;56.1	141;134557;136926;-;83.9	141;134557;136926;-;62.3	139;132504;133313;-;73.2							73;69481;71481;+;289.1		pfam	pfam_only	D	2/7	uncallable	0	0	unscoreable	0	0	0														not_admitted	not_admitted	not_admitted	not_admitted	not_admitted	not_admitted	not_admitted
NZ_CP087093.1	-	-	293	0	0	GA	1	65;69026;70114;+;67.6	61;65920;66204;+;86.7	62;66228;66503;+;56.1	64;67011;68861;+;84.5	63;66493;67014;+;65.4	66;70104;70913;+;73.2	68;71405;72406;+;97.6		69;72409;73053;+;166.0	70;73057;73788;+;139.8	71;73791;75248;+;170.9	72;75359;76348;+;109.5			pfam	pfam_only	B	6/7	canonical	1	0	unscoreable	1	0	0														not_admitted	not_admitted	not_admitted	not_admitted	not_admitted	not_admitted	not_admitted
NZ_CP087096.1	-	-	105	0	0	GA	1	69;56428;57516;+;67.6	65;53327;53608;+;61.2	66;53632;53907;+;56.1	67;53897;55165;+;85.6	67;53897;55165;+;63.2	70;57506;58315;+;73.2									pfam	pfam_only	D	1/7	uncallable	0	0	unscoreable	1	0	0														not_admitted	not_admitted	not_admitted	not_admitted	not_admitted	not_admitted	not_admitted
NZ_CP087158.1	-	-	190	0	0	GA	1		133;135322;135681;-;73.6	132;135033;135329;-;61.8	131;132583;135030;-;135.2	131;132583;135030;-;126.5	130;131814;132605;-;58.9	128;130451;131605;-;108.7		127;129773;130435;-;135.3	126;128910;129743;-;185.0	124;127085;128428;-;210.0	134;135671;136675;-;120.6	48;49551;51470;-;441.7		conjscan	conjscan_only	A	7/7	canonical	1	0	unscoreable	3	0	0														not_admitted	not_admitted	not_admitted	not_admitted	not_admitted	not_admitted	not_admitted
NZ_CP087161.1	MPF_F	-	456	0	0	GA	0															not_admitted	not_admitted	not_admitted	not_admitted	not_admitted	not_admitted	not_admitted	not_admitted	not_admitted	not_admitted	1	249;244003;245040;-;309.9	226;221576;223027;-;263.4	227;223027;224028;-;228.3	230;225241;227688;-;163.2	225;217370;221566;-;228.9	233;228770;229972;-;123.2	230;225241;227688;-;111.8	235;230817;231449;-;109.1	248;243324;244055;-;100.8	216;207852;209444;-;237.0	239;233461;235320;+;32.6	232;228147;228755;-;78.9	239;233461;235320;+;25.0	A	9/9	contiguous	36151	0	1	
NZ_CP087162.1	MPF_T	-	79	0	0	GA	1	61;46153;47070;-;38.4	72;55991;56452;-;62.4	71;55686;55982;-;30.7	70;53015;55699;-;72.0	70;53015;55699;-;67.8	69;52326;53018;-;77.5	66;50850;51713;-;136.1		65;50176;50850;-;73.0	64;49363;50148;-;178.1	63;48098;49360;-;145.4	62;47054;48088;-;91.2	54;37912;39462;+;62.4		pfam	both	A	7/7	canonical	1	0	unscoreable	8	0	0														not_admitted	not_admitted	not_admitted	not_admitted	not_admitted	not_admitted	not_admitted
NZ_CP087274.1	MPF_F	IncC	173	0	0	GA	0															not_admitted	not_admitted	not_admitted	not_admitted	not_admitted	not_admitted	not_admitted	not_admitted	not_admitted	not_admitted	1	30;25491;26498;-;332.9	136;107622;109055;-;339.2	137;109057;110085;-;221.7	35;29250;31697;-;354.2	135;103995;107609;-;375.3	44;43692;45008;-;135.0	35;29250;31697;-;128.6	46;45906;46532;-;92.1	32;27163;28428;-;67.6	29;22580;25375;-;145.3	55;50342;52207;-;47.4	43;43117;43695;-;100.2	55;50342;52207;-;52.0	A	9/9	split_2	86477	0	1	
NZ_CP087282.1	MPF_F	IncFII(pECLA)	142	0	0	GA	0															not_admitted	not_admitted	not_admitted	not_admitted	not_admitted	not_admitted	not_admitted	not_admitted	not_admitted	not_admitted	1	45;32675;33676;+;362.5	53;38501;39865;+;352.3	48;36156;36938;+;212.0	39;27878;30478;+;228.8	54;39865;44253;+;290.2	34;24525;25928;+;93.8	39;27878;30478;+;101.9	32;23192;23776;+;104.4	46;33686;34303;+;54.7	47;34300;36159;+;215.5	58;46410;49025;+;371.2	38;27318;27881;+;40.2	58;46410;49025;+;71.0	A	9/9	contiguous	23218	1	1	44257..44814+;185;unnamed;0
NZ_CP087284.1	MPF_T	IncFII(pCRY)	41	0	0	GA	1	19;15582;16292;-;47.5	18;15280;15585;-;73.1	17;12529;15267;-;49.1	17;12529;15267;-;151.4	17;12529;15267;-;32.2	16;11807;12511;-;144.1	14;10482;11555;-;160.7		12;9577;10260;-;194.4	11;8672;9577;-;154.7	10;7375;8625;-;147.2	9;6360;7385;-;66.1	5;2769;4505;-;47.6		pfam	pfam_only	A	7/7	canonical	1	1	unscoreable	5	0	0														not_admitted	not_admitted	not_admitted	not_admitted	not_admitted	not_admitted	not_admitted
NZ_CP087288.1	MPF_F	IncFIB(AP001918);IncFIC(FII)	203	0	0	GA	0															not_admitted	not_admitted	not_admitted	not_admitted	not_admitted	not_admitted	not_admitted	not_admitted	not_admitted	not_admitted	1	132;133811;134803;-;369.3	121;126792;128165;-;380.9	128;130339;131082;-;235.0	135;135812;138439;-;305.4	120;123970;126795;-;385.2	140;140494;141921;-;94.3	135;135812;138439;-;98.5	142;142636;143202;-;184.4	131;133164;133802;-;68.4	130;131359;133167;-;268.0	117;120313;122466;-;391.9	136;138955;139470;-;78.0	117;120313;122466;-;70.4	A	9/9	contiguous	22323	1	1	123464..123973-;169;unnamed;0
NZ_CP087291.1	MPF_F	IncFIB(AP001918);IncFIC(FII)	181	0	0	GA	0															not_admitted	not_admitted	not_admitted	not_admitted	not_admitted	not_admitted	not_admitted	not_admitted	not_admitted	not_admitted	1	119;117749;118741;-;367.3	106;108060;109433;-;380.9	115;114277;115020;-;234.1	122;119750;122377;-;305.4	105;105238;108063;-;387.0	129;124432;125859;-;94.4	122;119750;122377;-;99.1	131;126574;127140;-;183.8	118;117102;117740;-;67.3	117;115297;117105;-;268.3	102;101579;103732;-;391.5	125;122893;123408;-;77.3	102;101579;103732;-;70.4	A	9/9	contiguous	24995	1	1	104840..105241-;133;unnamed;0
NZ_CP087295.1	MPF_F	IncFIB(AP001918);IncFII	138	0	0	GA	0															not_admitted	not_admitted	not_admitted	not_admitted	not_admitted	not_admitted	not_admitted	not_admitted	not_admitted	not_admitted	1	70;79614;80606;-;369.3	61;73179;74555;-;381.0	66;76142;76885;-;230.0	73;81615;84242;-;306.5	60;70360;73182;-;387.5	79;86297;87724;-;94.3	73;81615;84242;-;98.5	81;88439;89005;-;183.3	69;78967;79605;-;66.7	68;77162;78970;-;267.9	57;66647;68827;-;391.8	75;84758;85273;-;77.3	57;66647;68827;-;70.4	A	9/9	contiguous	21792	1	1	69842..70339-;165;TraS;0
NZ_CP087299.1	MPF_F	-	115	0	0	GA	0															not_admitted	not_admitted	not_admitted	not_admitted	not_admitted	not_admitted	not_admitted	not_admitted	not_admitted	not_admitted	1	105;74797;75840;-;369.2	100;69387;70814;-;325.8	102;71216;72028;-;219.1	109;77402;80128;-;164.6	99;66369;69371;-;208.7	113;81810;83126;-;102.7	109;77402;80128;-;108.4	0;228;806;-;83.7	104;74075;74782;-;107.6	103;72021;74078;-;91.0	22;14591;16750;-;381.3	110;80138;80782;-;41.9	22;14591;16750;-;90.0	A	9/9	split_2	81582	1	1	65779..66297-;172;unnamed;0
NZ_CP087301.1	MPF_T	-	60	0	0	GA	1	44;34729;35448;-;101.0	43;34425;34718;-;41.2		42;31702;34413;-;78.0	42;31702;34413;-;57.1	41;31064;31705;-;71.2			55;43675;44463;-;74.6	54;42923;43660;-;149.0	53;41542;42921;-;180.8	52;40489;41526;-;92.0	48;36892;38409;-;35.6		pfam	both	B	6/7	uncallable	0	0	unscoreable	5	0	0														not_admitted	not_admitted	not_admitted	not_admitted	not_admitted	not_admitted	not_admitted
NZ_CP087311.1	MPF_F	-	114	0	0	GA	0															not_admitted	not_admitted	not_admitted	not_admitted	not_admitted	not_admitted	not_admitted	not_admitted	not_admitted	not_admitted	1	22;16222;17265;+;369.2	27;21248;22675;+;325.8	25;20034;20846;+;219.1	18;11934;14660;+;164.6	28;22691;25693;+;208.7	14;8936;10252;+;102.7	18;11934;14660;+;108.4	12;7645;8223;+;83.7	23;17280;17987;+;107.6	24;17984;20041;+;91.0	105;75312;77471;+;381.3	17;11280;11924;+;41.5	105;75312;77471;+;90.0	A	9/9	split_2	67667	1	1	25765..26283+;172;unnamed;0
NZ_CP087314.1	MPF_F	-	97	0	0	GA	0															not_admitted	not_admitted	not_admitted	not_admitted	not_admitted	not_admitted	not_admitted	not_admitted	not_admitted	not_admitted	1	64;44682;45725;-;369.2	59;39272;40699;-;325.8	61;41101;41913;-;219.1	68;47287;50013;-;164.6	58;36254;39256;-;208.7	72;51695;53011;-;102.7	68;47287;50013;-;108.4	74;53724;54302;-;83.7	63;43960;44667;-;107.6	62;41906;43963;-;91.0	96;68087;70060;-;381.7	69;50023;50667;-;41.9	96;68087;70060;-;90.1	A	9/9	contiguous	31833	1	1	35664..36182-;172;unnamed;0
NZ_CP087345.1	MPF_F	-	97	0	0	GA	0															not_admitted	not_admitted	not_admitted	not_admitted	not_admitted	not_admitted	not_admitted	not_admitted	not_admitted	not_admitted	1	13;9476;10519;+;369.2	18;14502;15929;+;325.8	16;13288;14100;+;218.5	9;5188;7914;+;164.6	19;15945;18947;+;208.7	5;2190;3506;+;102.7	9;5188;7914;+;108.4	3;899;1477;+;83.7	14;10534;11241;+;107.6	15;11238;13295;+;91.0	81;58128;60287;+;381.3	8;4534;5178;+;41.9	81;58128;60287;+;90.0	A	9/9	split_2	57229	1	1	19019..19537+;172;unnamed;0
NZ_CP087349.1	MPF_F	-	99	0	0	GA	0															not_admitted	not_admitted	not_admitted	not_admitted	not_admitted	not_admitted	not_admitted	not_admitted	not_admitted	not_admitted	1	14;10596;11639;+;369.2	19;15622;17049;+;325.8	17;14408;15220;+;219.1	10;6308;9034;+;164.6	20;17065;20067;+;208.7	6;3310;4626;+;102.7	10;6308;9034;+;108.4	4;2019;2597;+;83.7	15;11654;12361;+;107.6	16;12358;14415;+;91.0	85;60560;62719;+;381.3	9;5654;6298;+;41.9	85;60560;62719;+;90.0	A	9/9	split_2	58541	1	1	20139..20657+;172;unnamed;0
NZ_CP087352.1	MPF_F	-	97	0	0	GA	0															not_admitted	not_admitted	not_admitted	not_admitted	not_admitted	not_admitted	not_admitted	not_admitted	not_admitted	not_admitted	1	57;41883;42926;-;369.2	52;36473;37900;-;325.8	54;38302;39114;-;218.5	61;44488;47214;-;164.6	51;33455;36457;-;208.7	65;48896;50212;-;102.7	61;44488;47214;-;108.4	67;50925;51503;-;83.7	56;41161;41868;-;107.6	55;39107;41164;-;91.0	86;62213;64372;-;381.3	62;47224;47868;-;41.9	86;62213;64372;-;90.0	A	9/9	contiguous	28758	1	1	32865..33383-;172;unnamed;0
NZ_CP087355.1	MPF_F	-	96	0	0	GA	0															not_admitted	not_admitted	not_admitted	not_admitted	not_admitted	not_admitted	not_admitted	not_admitted	not_admitted	not_admitted	1	69;46925;47968;+;369.2	74;51951;53378;+;325.8	72;50737;51549;+;218.5	65;42637;45363;+;164.6	75;53394;56396;+;208.7	61;39639;40955;+;102.7	65;42637;45363;+;108.4	59;38348;38926;+;83.7	70;47983;48690;+;107.6	71;48687;50744;+;91.0	40;25479;27638;+;381.3	64;41983;42627;+;41.9	40;25479;27638;+;90.0	A	9/9	contiguous	27915	1	1	56468..56986+;172;unnamed;0
NZ_CP087378.1	MPF_F	IncFIB(AP001918);IncFII	176	0	0	GA	0															not_admitted	not_admitted	not_admitted	not_admitted	not_admitted	not_admitted	not_admitted	not_admitted	not_admitted	not_admitted	1	119;104183;105175;-;369.5	108;97075;98448;-;382.9	114;100376;101119;-;233.4	123;106801;108810;-;301.8	107;94259;97078;-;385.4	129;110963;112390;-;93.9	123;106801;108810;-;48.8	131;113105;113671;-;182.7	117;103201;103839;-;70.7	116;101396;103204;-;264.7	104;90529;92727;-;391.8	125;109326;109841;-;76.0	104;90529;92727;-;70.3	A	9/9	contiguous	22576	1	1	93743..94234-;163;TraS;0
NZ_CP087565.1	MPF_F	IncFIB(AP001918);IncFII	134	0	0	GA	0															not_admitted	not_admitted	not_admitted	not_admitted	not_admitted	not_admitted	not_admitted	not_admitted	not_admitted	not_admitted	1	76;82140;83132;-;371.9	67;75705;77081;-;381.0	72;78668;79411;-;233.3	79;84141;86771;-;303.8	66;72883;75708;-;387.6	85;89794;91221;-;94.7	79;84141;86771;-;99.2	87;91936;92502;-;183.8	75;81493;82131;-;68.3	74;79688;81496;-;268.0	63;69208;71379;-;391.8	82;88395;88910;-;74.1	63;69208;71379;-;70.4	A	9/9	contiguous	22728	1	1	72431..72886-;151;unnamed;0
NZ_CP087571.1	MPF_F	IncFIA;IncFIB(AP001918);IncFII(pAMA1167-NDM-5);IncFII(pHN7A8)	160	0	0	GA	0															not_admitted	not_admitted	not_admitted	not_admitted	not_admitted	not_admitted	not_admitted	not_admitted	not_admitted	not_admitted	1	140;122777;123769;+;370.2	148;128465;129838;+;380.4	144;126501;127244;+;233.3	137;119141;121768;+;303.6	149;129835;132657;+;386.8	133;115802;117229;+;94.3	137;119141;121768;+;100.3	131;114521;115087;+;183.8	141;123778;124416;+;68.3	142;124413;126221;+;268.2	152;134191;136416;+;391.7	136;118110;118625;+;78.0	152;134191;136416;+;70.3	A	9/9	contiguous	19670	1	1	132678..133175+;165;TraS;0
NZ_CP087572.1	MPF_T	IncX3	59	0	0	GA	1	30;19215;19859;+;46.4	31;19843;20133;+;73.1	32;20158;22911;+;47.0	32;20158;22911;+;142.4	32;20158;22911;+;73.3	33;22921;23691;+;60.1	35;23970;25025;+;133.2		36;25220;25948;+;119.4	37;25954;26883;+;138.8	38;26880;28094;+;128.3	40;28290;29324;+;65.7	41;29327;31162;+;495.9		pfam	pfam_only	A	7/7	canonical	1	1	unscoreable	2	0	0														not_admitted	not_admitted	not_admitted	not_admitted	not_admitted	not_admitted	not_admitted
NZ_CP087579.1	MPF_F	IncFIA;IncFII	124	0	0	GA	0															not_admitted	not_admitted	not_admitted	not_admitted	not_admitted	not_admitted	not_admitted	not_admitted	not_admitted	not_admitted	1	57;49460;50452;+;369.3	66;55514;56887;+;381.0	61;53151;53924;+;234.0	54;45824;48451;+;303.5	67;56884;59709;+;386.0	48;42342;43769;+;94.3	54;45824;48451;+;98.5	46;41061;41627;+;183.8	58;50461;51099;+;68.7	59;51096;52904;+;268.0	70;61213;63483;+;391.6	52;44793;45308;+;78.4	70;61213;63483;+;70.3	A	9/9	contiguous	20152	1	1	59706..60215+;169;unnamed;0
NZ_CP087581.1	MPF_F	IncFIB(K)	188	0	0	GA	0															not_admitted	not_admitted	not_admitted	not_admitted	not_admitted	not_admitted	not_admitted	not_admitted	not_admitted	not_admitted	1	159;152289;153278;-;363.3	148;145103;146470;-;380.5	152;147728;148480;-;233.7	163;154735;157374;-;259.0	147;142254;145103;-;346.4	173;161341;162765;-;89.5	163;154735;157374;-;88.7	175;163492;164058;-;167.0	157;151366;152013;-;66.9	156;149352;151307;-;259.7	140;136419;138728;-;393.1	171;160145;160729;-;53.8	140;136419;138728;-;66.6	A	9/9	contiguous	27073	1	1	141721..142251-;176;unnamed;0
NZ_CP087582.1	MPF_F	IncFII(pBK30683)	120	0	0	GA	0															not_admitted	not_admitted	not_admitted	not_admitted	not_admitted	not_admitted	not_admitted	not_admitted	not_admitted	not_admitted	1	46;32721;33710;+;366.6	56;39257;40624;+;380.5	52;37247;37999;+;233.7	42;28639;31278;+;258.5	57;40624;43446;+;346.6	78;64870;66090;+;216.3	42;28639;31278;+;87.8	33;22842;23408;+;169.3	47;33723;34361;+;66.9	48;34420;36375;+;259.7	61;45496;47805;+;392.7	36;25673;26242;+;52.3	61;45496;47805;+;66.6	A	9/9	contiguous	42028	1	1	43469..44071+;200;TraS;0
NZ_CP087601.1	MPF_T	repUS33	117	0	0	GA	1				102;98733;100751;-;23.4									95;93130;93981;-;249.8		none	none	D	2/7	uncallable	0	0	unscoreable	5	0	0														not_admitted	not_admitted	not_admitted	not_admitted	not_admitted	not_admitted	not_admitted
NZ_CP087607.1	MPF_F	Col(pHAD28);IncFIB(K);IncFII(pKP91)	236	0	0	GA	0															not_admitted	not_admitted	not_admitted	not_admitted	not_admitted	not_admitted	not_admitted	not_admitted	not_admitted	not_admitted	1	191;172975;173964;-;363.3	180;165789;167156;-;382.2	184;168414;169166;-;233.7	195;175421;178060;-;259.4	179;162940;165789;-;342.9	205;182022;183446;-;89.2	195;175421;178060;-;88.3	207;184173;184739;-;167.9	189;172052;172699;-;65.9	188;170038;171993;-;259.5	175;158846;161128;-;393.3	203;180826;181410;-;53.8	175;158846;161128;-;65.9	A	9/9	contiguous	25327	1	1	162407..162937-;176;unnamed;0
NZ_CP087608.1	MPF_F	IncFII(pHN7A8);IncR	211	0	0	GA	0															not_admitted	not_admitted	not_admitted	not_admitted	not_admitted	not_admitted	not_admitted	not_admitted	not_admitted	not_admitted	1	66;51504;52496;+;369.5	79;59329;60702;+;376.8	74;57020;57763;+;234.4	63;47868;50495;+;301.8	80;60699;63515;+;376.7	58;44386;45813;+;94.1	63;47868;50495;+;101.8	56;43105;43671;+;183.8	69;53442;54080;+;70.4	72;54893;56743;+;265.0	84;65816;68041;+;391.7	62;46837;47352;+;77.6	84;65816;68041;+;70.3	A	9/9	contiguous	22711	1	1	63548..64069+;173;unnamed;0
NZ_CP087612.1	MPF_F	IncFIB(pNDM-Mar);IncHI1B(pNDM-MAR)	323	0	0	GA	0															not_admitted	not_admitted	not_admitted	not_admitted	not_admitted	not_admitted	not_admitted	not_admitted	not_admitted	not_admitted	1	258;221218;222255;-;282.3	80;60320;60883;+;117.7	79;59293;60330;+;175.6	270;233087;235810;-;149.6	83;62507;66475;+;121.3	274;237923;239293;-;65.6	270;233087;235810;-;86.0	277;240939;241799;-;79.0	259;222252;223613;-;69.9	257;218023;221208;-;59.6	72;49968;52094;-;57.7	271;235855;236592;-;56.9	72;49968;52094;-;41.0	A	9/9	split_2	190971	0	1	
NZ_CP087613.1	MPF_F	IncFII(pBK30683);repB(R1701)	127	0	0	GA	0															not_admitted	not_admitted	not_admitted	not_admitted	not_admitted	not_admitted	not_admitted	not_admitted	not_admitted	not_admitted	1	73;66474;67463;-;366.0	63;58360;59727;-;384.1	67;60985;61737;-;233.7	77;68920;71559;-;258.5	62;55538;58360;-;346.4	83;74389;75813;-;89.2	77;68920;71559;-;88.7	85;76540;77106;-;169.3	72;65823;66461;-;67.0	71;63809;65764;-;259.4	58;50610;52922;-;393.1	82;73732;74316;-;54.5	58;50610;52922;-;66.6	A	9/9	contiguous	25930	1	1	54913..55515-;200;TraS;0
NZ_CP087614.1	-	IncFIA(HI1);IncFII(K);IncFII(pAR0022)	95	0	0	GA	0															not_admitted	not_admitted	not_admitted	not_admitted	not_admitted	not_admitted	not_admitted	not_admitted	not_admitted	not_admitted	1	81;61906;62904;+;370.9	86;66635;67999;+;352.8	84;65264;66037;+;208.9	78;58247;60868;+;214.6	87;68002;70872;+;238.4	75;55956;57287;+;86.5	78;58247;60868;+;89.0	73;54675;55250;+;87.7	82;62874;63302;+;63.5	83;63330;65267;+;232.0	89;71599;73731;+;374.5	77;57708;58238;+;32.9	89;71599;73731;+;65.1	A	9/9	contiguous	16924	1	1	70881..71444+;187;unnamed;0
NZ_CP087619.1	MPF_F	IncFIB(K);IncFII(K)	221	0	0	GA	0															not_admitted	not_admitted	not_admitted	not_admitted	not_admitted	not_admitted	not_admitted	not_admitted	not_admitted	not_admitted	1	165;166861;167853;-;366.6	155;160040;161410;-;381.2	159;162612;163364;-;232.4	168;168879;171518;-;258.7	154;157191;160040;-;344.2	177;175333;176757;-;89.2	168;168879;171518;-;88.8	179;177484;178050;-;167.0	164;166210;166848;-;67.0	163;164207;166213;-;259.0	150;153068;155377;-;393.2	175;174152;174721;-;49.7	150;153068;155377;-;65.8	A	9/9	contiguous	24416	1	1	156658..157188-;176;unnamed;0
NZ_CP087630.1	MPF_F	IncFII(pHN7A8);IncR	223	0	0	GA	0															not_admitted	not_admitted	not_admitted	not_admitted	not_admitted	not_admitted	not_admitted	not_admitted	not_admitted	not_admitted	1	80;68832;69824;-;369.5	67;60626;61999;-;376.8	72;63565;64308;-;234.4	83;70833;73460;-;301.8	66;57813;60629;-;376.7	58;45586;47013;+;94.1	83;70833;73460;-;101.8	56;44305;44871;+;183.8	77;67248;67886;-;70.4	74;64585;66435;-;265.0	62;53287;55512;-;391.7	84;73976;74491;-;77.6	62;53287;55512;-;70.3	A	9/9	contiguous	29671	1	1	57259..57780-;173;unnamed;0
NZ_CP087636.1	-	-	48	0	0	GA	1	19;14592;15242;-;47.7	18;14308;14595;-;41.2	17;11498;14290;-;49.5	17;11498;14290;-;135.4	17;11498;14290;-;59.6	16;10765;11496;-;62.7	14;9453;10472;-;120.7		12;8607;9329;-;148.4	11;7681;8607;-;141.2	10;6509;7684;-;120.1	9;5491;6522;-;60.9	8;3668;5494;-;487.2		pfam	pfam_only	A	7/7	canonical	1	1	unscoreable	2	0	0														not_admitted	not_admitted	not_admitted	not_admitted	not_admitted	not_admitted	not_admitted
NZ_CP087646.1	MPF_F	Col(pHAD28);IncFIB(K);IncFII(pKP91)	304	0	0	GA	0															not_admitted	not_admitted	not_admitted	not_admitted	not_admitted	not_admitted	not_admitted	not_admitted	not_admitted	not_admitted	1	259;235692;236681;-;363.3	248;228506;229873;-;382.2	252;231131;231883;-;233.7	263;238138;240777;-;259.4	247;225657;228506;-;342.9	273;244739;246163;-;89.2	263;238138;240777;-;88.3	275;246890;247456;-;167.9	257;234769;235416;-;65.9	256;232755;234710;-;259.5	241;220497;222650;-;393.5	271;243543;244127;-;53.8	241;220497;222650;-;66.0	A	9/9	contiguous	26393	1	1	225124..225654-;176;unnamed;0
NZ_CP087647.1	MPF_F	IncFII(pHN7A8);IncR	229	0	0	GA	0															not_admitted	not_admitted	not_admitted	not_admitted	not_admitted	not_admitted	not_admitted	not_admitted	not_admitted	not_admitted	1	84;66036;67028;+;369.5	97;73861;75234;+;376.8	92;71552;72295;+;234.4	81;62400;65027;+;301.8	98;75231;78047;+;376.7	76;58918;60345;+;94.1	81;62400;65027;+;101.8	74;57637;58203;+;183.8	87;67974;68612;+;70.4	90;69425;71275;+;265.0	102;80348;82573;+;391.7	80;61369;61884;+;77.6	102;80348;82573;+;70.3	A	9/9	contiguous	22711	1	1	78080..78601+;173;unnamed;0
NZ_CP087653.1	MPF_F	IncFII(pHN7A8)	150	0	0	GA	0															not_admitted	not_admitted	not_admitted	not_admitted	not_admitted	not_admitted	not_admitted	not_admitted	not_admitted	not_admitted	1				63;47868;48851;+;195.9		58;44386;45813;+;94.1		56;43105;43671;+;183.8				62;46837;47352;+;77.6		D	3/9	contiguous	4763	0	0	
NZ_CP087660.1	MPF_F	IncFII(pHN7A8)	150	0	0	GA	0															not_admitted	not_admitted	not_admitted	not_admitted	not_admitted	not_admitted	not_admitted	not_admitted	not_admitted	not_admitted	1				63;47868;48851;+;195.9		58;44386;45813;+;94.1		56;43105;43671;+;183.8				62;46837;47352;+;77.6		D	3/9	contiguous	4763	0	0	
NZ_CP087665.1	MPF_F	IncFII(K);IncQ1;repB(R1701)	173	0	0	GA	0															not_admitted	not_admitted	not_admitted	not_admitted	not_admitted	not_admitted	not_admitted	not_admitted	not_admitted	not_admitted	1	115;98527;99516;-;366.6	105;91613;92980;-;384.0	109;94238;94990;-;233.3	119;100959;103598;-;258.5	104;88869;91613;-;346.5	126;106791;108215;-;89.2	119;100959;103598;-;88.2	128;108942;109508;-;169.3	114;97876;98514;-;66.9	113;95862;97817;-;259.7	99;82790;85102;-;393.1	125;106093;106677;-;53.6	99;82790;85102;-;66.6	A	9/9	contiguous	26152	1	1	87848..88828-;326;unnamed;0
NZ_CP087666.1	MPF_F	IncFII(pHN7A8)	150	0	0	GA	0															not_admitted	not_admitted	not_admitted	not_admitted	not_admitted	not_admitted	not_admitted	not_admitted	not_admitted	not_admitted	1				63;47868;48851;+;195.9		58;44386;45813;+;94.1		56;43105;43671;+;183.8				62;46837;47352;+;77.6		D	3/9	contiguous	4763	0	0	
NZ_CP087670.1	MPF_F	IncFIB(pNDM-Mar);IncHI1B(pNDM-MAR)	310	0	0	GA	0															not_admitted	not_admitted	not_admitted	not_admitted	not_admitted	not_admitted	not_admitted	not_admitted	not_admitted	not_admitted	1	239;211968;213005;-;282.3	82;61727;63136;+;190.4	81;60700;61737;+;175.6	251;223837;226554;-;149.6	83;63138;67046;+;121.3	169;143863;145119;-;206.8	251;223837;226554;-;85.2	258;231683;232543;-;79.0	240;213002;214363;-;69.9	238;208776;211958;-;60.1	74;51375;53501;-;57.7	252;226599;227336;-;56.9	74;51375;53501;-;41.0	A	9/9	split_3	180308	0	1	
NZ_CP087671.1	MPF_F	IncC	193	0	0	GA	0															not_admitted	not_admitted	not_admitted	not_admitted	not_admitted	not_admitted	not_admitted	not_admitted	not_admitted	not_admitted	1	119;90983;91990;+;332.9	182;142397;143830;+;339.2	181;141367;142395;+;221.7	114;85784;88231;+;354.5	183;143843;147457;+;375.3	109;76912;78228;+;135.0	114;85784;88231;+;128.3	107;75388;76014;+;92.7	117;89053;90318;+;67.9	120;92106;94904;+;145.3	98;69713;71578;+;47.3	110;78225;78803;+;100.2	98;69713;71578;+;52.0	A	9/9	split_2	74130	0	1	
NZ_CP087679.1	MPF_T	-	43	0	0	GA	1		6;2550;2858;+;50.4	7;2863;3246;+;32.8	8;3209;5623;+;85.2	8;3209;5623;+;44.8	9;5626;6291;+;130.9	11;6558;7574;+;124.3		12;7578;8297;+;156.2	13;8294;9079;+;174.0	14;9076;10407;+;192.1	15;10385;11428;+;85.1	16;11425;13701;+;336.3		pfam	both	A	7/7	canonical	1	0	unscoreable	1	0	0														not_admitted	not_admitted	not_admitted	not_admitted	not_admitted	not_admitted	not_admitted
NZ_CP087682.1	MPF_T	-	43	0	0	GA	1		6;2550;2858;+;50.4	7;2863;3246;+;32.8	8;3209;5623;+;85.2	8;3209;5623;+;44.8	9;5626;6291;+;130.9	11;6558;7574;+;124.3		12;7578;8297;+;156.2	13;8294;9079;+;174.0	14;9076;10407;+;192.1	15;10385;11428;+;85.1	16;11425;13701;+;336.3		pfam	both	A	7/7	canonical	1	0	unscoreable	1	0	0														not_admitted	not_admitted	not_admitted	not_admitted	not_admitted	not_admitted	not_admitted
NZ_CP087684.1	MPF_T	-	43	0	0	GA	1		6;2550;2858;+;50.4	7;2863;3246;+;32.8	8;3209;5623;+;85.2	8;3209;5623;+;44.8	9;5626;6291;+;130.9	11;6558;7574;+;124.3		12;7578;8297;+;156.2	13;8294;9079;+;174.0	14;9076;10407;+;192.1	15;10385;11428;+;85.1	16;11425;13701;+;336.3		pfam	both	A	7/7	canonical	1	0	unscoreable	1	0	0														not_admitted	not_admitted	not_admitted	not_admitted	not_admitted	not_admitted	not_admitted
NZ_CP087687.1	MPF_T	-	43	0	0	GA	1		6;2550;2858;+;50.4	7;2863;3246;+;32.8	8;3209;5623;+;85.2	8;3209;5623;+;44.8	9;5626;6291;+;130.9	11;6558;7574;+;124.3		12;7578;8297;+;156.2	13;8294;9079;+;174.0	14;9076;10407;+;192.1	15;10385;11428;+;85.1	16;11425;13701;+;336.3		pfam	both	A	7/7	canonical	1	0	unscoreable	1	0	0														not_admitted	not_admitted	not_admitted	not_admitted	not_admitted	not_admitted	not_admitted
NZ_CP087697.1	MPF_T	-	43	0	0	GA	1		6;2550;2858;+;50.4	7;2863;3246;+;32.8	8;3209;5623;+;85.2	8;3209;5623;+;44.8	9;5626;6291;+;130.9	11;6558;7574;+;124.3		12;7578;8297;+;156.2	13;8294;9079;+;174.0	14;9076;10407;+;192.1	15;10385;11428;+;85.1	16;11425;13701;+;336.3		pfam	both	A	7/7	canonical	1	0	unscoreable	1	0	0														not_admitted	not_admitted	not_admitted	not_admitted	not_admitted	not_admitted	not_admitted
NZ_CP087698.1	MPF_F	IncFIB(AP001918);IncFII	162	0	0	GA	0															not_admitted	not_admitted	not_admitted	not_admitted	not_admitted	not_admitted	not_admitted	not_admitted	not_admitted	not_admitted	1	139;110186;111178;+;369.5	152;119499;120872;+;382.9	144;114242;114985;+;233.4	135;106551;108560;+;301.8	153;120869;123688;+;385.4	129;102971;104398;+;93.9	135;106551;108560;+;48.8	127;101690;102256;+;182.7	141;111522;112160;+;70.7	142;112157;113965;+;264.7	156;125220;127418;+;391.8	133;105520;106035;+;76.0	156;125220;127418;+;70.3	A	9/9	contiguous	23530	1	1	123713..124204+;163;TraS;0
NZ_CP087707.1	MPF_F	IncFII(pAR0022);IncFII(pBK30683)	239	0	0	GA	0															not_admitted	not_admitted	not_admitted	not_admitted	not_admitted	not_admitted	not_admitted	not_admitted	not_admitted	not_admitted	1	126;124073;125065;-;372.3	115;116669;118039;-;383.1	118;118808;119560;-;222.2	129;126091;128730;-;254.8	114;113814;116669;-;333.3	137;131921;133342;-;86.6	129;126091;128730;-;88.2	139;134063;134629;-;159.4	125;123413;124060;-;68.8	123;121081;123036;-;253.1	111;109751;112069;-;390.7	135;130876;131460;-;55.9	111;109751;112069;-;66.8	A	9/9	contiguous	24312	1	1	113126..113797-;223;unnamed;0
NZ_CP087708.1	MPF_F	IncFIB(K);IncFII(K)	219	0	0	GA	0															not_admitted	not_admitted	not_admitted	not_admitted	not_admitted	not_admitted	not_admitted	not_admitted	not_admitted	not_admitted	1	53;44573;45562;+;363.3	64;51381;52748;+;382.2	60;49371;50123;+;236.4	49;40477;43116;+;259.0	65;52748;55591;+;342.9	38;35086;36510;+;88.8	49;40477;43116;+;87.6	36;33793;34359;+;167.9	55;45838;46485;+;65.9	56;46544;48499;+;259.5	69;58176;60488;+;392.8	41;37122;37706;+;53.8	69;58176;60488;+;65.9	A	9/9	contiguous	24383	1	1	55602..56126+;174;unnamed;0
NZ_CP087721.1	-	-	74	0	0	GA	1	68;67778;68482;-;48.2	67;67485;67781;-;42.2	66;67130;67447;-;46.5	65;64720;67137;-;162.3	65;64720;67137;-;65.2	62;62515;63015;-;50.7	57;59784;60389;-;64.1		55;58770;59570;-;90.8	54;57736;58773;-;137.5	53;56594;57739;-;138.2	51;55387;56427;-;96.1	50;53441;55276;-;241.8		pfam	pfam_only	A	7/7	canonical	1	0	unscoreable	7	0	0														not_admitted	not_admitted	not_admitted	not_admitted	not_admitted	not_admitted	not_admitted
NZ_CP087767.1	-	-	33	0	0	GA	1	15;14244;15032;-;46.8	14;13885;14220;-;57.5	13;13560;13883;-;63.2	12;11122;13551;-;132.1	12;11122;13551;-;65.3	11;10378;11064;-;82.8	9;8859;10076;-;118.6		7;7866;8585;-;152.3	6;7027;7869;-;161.4	5;5736;7061;-;177.4	4;4701;5708;-;101.6	24;20891;22426;+;91.8		pfam	both	A	7/7	canonical	1	0	unscoreable	10	0	0														not_admitted	not_admitted	not_admitted	not_admitted	not_admitted	not_admitted	not_admitted
NZ_CP087770.1	-	-	32	0	0	GA	1	5;5308;6096;-;46.8	4;4949;5284;-;57.5	3;4624;4947;-;63.2	2;2186;4615;-;132.1	2;2186;4615;-;65.3	1;1442;2128;-;82.8			30;31495;32214;-;152.3	29;30656;31498;-;161.4	28;29365;30690;-;177.4	27;28330;29337;-;101.6	14;11940;13475;+;91.8		pfam	both	B	6/7	uncallable	0	0	unscoreable	8	0	0														not_admitted	not_admitted	not_admitted	not_admitted	not_admitted	not_admitted	not_admitted
NZ_CP087786.1	-	-	48	0	0	GA	1	13;14946;15671;-;42.7	12;14583;14924;-;36.6	11;14206;14583;-;44.5	10;11805;14258;-;94.1	10;11805;14258;-;29.0	9;11122;11784;-;82.5	8;10127;11110;-;127.7		5;8847;9611;-;149.9	4;8032;8790;-;165.7	3;6710;8020;-;179.3	2;5608;6732;-;95.0	1;3445;5544;-;363.6		pfam	both	A	7/7	canonical	1	0	unscoreable	2	0	0														not_admitted	not_admitted	not_admitted	not_admitted	not_admitted	not_admitted	not_admitted
NZ_CP087787.1	-	-	33	0	0	GA	1	21;20343;21131;-;46.8	20;19984;20319;-;57.5	19;19659;19982;-;63.2	18;17221;19650;-;132.1	18;17221;19650;-;65.3	17;16477;17163;-;82.8	15;14958;16175;-;118.6		13;13965;14684;-;152.3	12;13126;13968;-;161.4	11;11835;13160;-;177.4	10;10800;11807;-;101.6	30;27010;28545;+;91.8		pfam	both	A	7/7	canonical	1	0	unscoreable	10	0	0														not_admitted	not_admitted	not_admitted	not_admitted	not_admitted	not_admitted	not_admitted
NZ_CP087795.1	-	-	33	0	0	GA	1	24;25269;26057;-;46.8	23;24910;25245;-;57.5	22;24585;24908;-;63.2	21;22147;24576;-;132.1	21;22147;24576;-;65.3	20;21403;22089;-;82.8	18;19884;21101;-;118.6		16;18891;19610;-;152.3	15;18052;18894;-;161.4	14;16761;18086;-;177.4	13;15726;16733;-;101.6	0;26;871;+;80.0		pfam	both	A	7/7	canonical	1	0	unscoreable	2	0	0														not_admitted	not_admitted	not_admitted	not_admitted	not_admitted	not_admitted	not_admitted
NZ_CP087802.1	-	-	33	0	0	GA	1	17;17225;18013;+;46.8	18;18037;18372;+;57.5	19;18374;18697;+;63.2	20;18706;21135;+;132.1	20;18706;21135;+;65.3	21;21193;21879;+;82.8	23;22181;23398;+;118.6		25;23672;24391;+;152.3	26;24388;25230;+;161.4	27;25196;26521;+;177.4	28;26549;27556;+;101.6	8;9831;11366;-;91.8		pfam	both	A	7/7	canonical	1	0	unscoreable	10	0	0														not_admitted	not_admitted	not_admitted	not_admitted	not_admitted	not_admitted	not_admitted
NZ_CP087813.1	-	-	33	0	0	GA	1	3;3538;4326;-;46.8	2;3179;3514;-;57.5	1;2854;3177;-;63.2	0;416;2845;-;132.1	0;416;2845;-;65.3		30;30718;31935;-;118.6		28;29725;30444;-;152.3	27;28886;29728;-;161.4	26;27595;28920;-;177.4	25;26560;27567;-;101.6	12;10170;11705;+;91.8		none	none	A	7/7	rearranged	0	0	unscoreable	9	0	0														not_admitted	not_admitted	not_admitted	not_admitted	not_admitted	not_admitted	not_admitted
NZ_CP087816.1	-	-	34	0	0	GA	1	9;7625;8350;-;47.2	8;7266;7601;-;57.5	7;6941;7264;-;63.2	6;4503;6932;-;132.1	6;4503;6932;-;65.3	5;3759;4445;-;82.8	3;2240;3457;-;118.6		1;1247;1966;-;152.3	0;408;1250;-;161.4	33;31662;32375;-;179.4	32;30627;31634;-;101.6	19;14237;15772;+;91.8		pfam	both	A	7/7	canonical	1	0	unscoreable	11	0	0														not_admitted	not_admitted	not_admitted	not_admitted	not_admitted	not_admitted	not_admitted
NZ_CP087820.1	-	-	39	0	0	GA	1	19;19536;20261;-;47.2	18;19177;19512;-;57.5	17;18852;19175;-;63.2	16;16414;18843;-;132.1	16;16414;18843;-;65.3	15;15670;16356;-;82.8	13;14151;15368;-;118.6		11;13158;13877;-;152.3	10;12319;13161;-;161.4	9;11028;12353;-;176.5	8;9993;11000;-;101.7	29;26193;27728;+;91.8		pfam	both	A	7/7	canonical	1	0	unscoreable	11	0	0														not_admitted	not_admitted	not_admitted	not_admitted	not_admitted	not_admitted	not_admitted
NZ_CP087833.1	-	-	33	0	0	GA	1	24;25301;26089;-;46.8	23;24942;25277;-;57.5	22;24617;24940;-;63.2	21;22179;24608;-;132.1	21;22179;24608;-;65.3	20;21435;22121;-;82.8	18;19916;21133;-;118.6		16;18923;19642;-;152.3	15;18084;18926;-;161.4	14;16793;18118;-;177.4	13;15758;16765;-;101.6	0;58;903;+;80.0		pfam	both	A	7/7	canonical	1	0	unscoreable	2	0	0														not_admitted	not_admitted	not_admitted	not_admitted	not_admitted	not_admitted	not_admitted
NZ_CP087839.1	-	-	33	0	0	GA	1	30;30563;31351;+;46.8	31;31375;31710;+;57.5	32;31712;32035;+;63.2	0;46;1974;+;132.6		1;2032;2718;+;82.8	3;3020;4237;+;118.6		5;4511;5230;+;152.3	6;5227;6069;+;161.4	7;6035;7360;+;177.4	8;7388;8395;+;101.6	21;23250;24785;-;91.8		pfam	both	A	7/7	canonical	1	0	unscoreable	10	0	0														not_admitted	not_admitted	not_admitted	not_admitted	not_admitted	not_admitted	not_admitted
NZ_CP087842.1	-	-	33	0	0	GA	1	30;29078;29866;-;46.8	29;28719;29054;-;57.5	28;28394;28717;-;63.2	27;25956;28385;-;132.1	27;25956;28385;-;65.3	26;25212;25898;-;82.8	24;23693;24910;-;118.6		22;22700;23419;-;152.3	21;21861;22703;-;161.4	20;20570;21895;-;177.4	19;19535;20542;-;101.6	6;3145;4680;+;91.8		pfam	both	A	7/7	canonical	1	0	unscoreable	2	0	0														not_admitted	not_admitted	not_admitted	not_admitted	not_admitted	not_admitted	not_admitted
NZ_CP087850.1	-	-	32	0	0	GA	1	19;19403;20191;+;46.8	20;20215;20550;+;57.5	21;20552;20875;+;63.2	22;20884;23313;+;132.1	22;20884;23313;+;65.3	23;23371;24057;+;82.8	25;24359;25576;+;118.6		27;25850;26569;+;152.3	28;26566;27408;+;161.4	29;27374;28699;+;177.4	30;28727;29734;+;101.6	10;12034;13569;-;91.8		pfam	both	A	7/7	canonical	1	0	unscoreable	10	0	0														not_admitted	not_admitted	not_admitted	not_admitted	not_admitted	not_admitted	not_admitted
NZ_CP087853.1	-	-	33	0	0	GA	1	12;10785;11573;-;46.8	11;10426;10761;-;57.5	10;10101;10424;-;63.2	9;7663;10092;-;132.1	9;7663;10092;-;65.3	8;6919;7605;-;82.8	6;5400;6617;-;118.6		4;4407;5126;-;152.3	3;3568;4410;-;161.4	2;2277;3602;-;177.4	1;1242;2249;-;101.6	21;17402;18937;+;91.8		pfam	both	A	7/7	canonical	1	0	unscoreable	10	0	0														not_admitted	not_admitted	not_admitted	not_admitted	not_admitted	not_admitted	not_admitted
NZ_CP087858.1	-	-	33	0	0	GA	1	17;15698;16486;+;46.8	18;16510;16845;+;57.5	19;16847;17170;+;63.2	20;17179;19608;+;132.1	20;17179;19608;+;65.3	21;19666;20352;+;82.8	23;20654;21871;+;118.6		25;22145;22864;+;152.3	26;22861;23703;+;161.4	27;23669;24994;+;177.4	28;25022;26029;+;101.6	8;8314;9849;-;91.8		pfam	both	A	7/7	canonical	1	0	unscoreable	10	0	0														not_admitted	not_admitted	not_admitted	not_admitted	not_admitted	not_admitted	not_admitted
NZ_CP087861.1	-	-	27	0	0	GA	1	2;1939;2664;+;47.2	3;2688;3023;+;57.5	4;3025;3348;+;63.2	5;3357;5786;+;132.1	5;3357;5786;+;65.3	6;5844;6530;+;82.8	8;6832;8049;+;118.6						19;17195;18730;-;91.8		pfam	both	D	3/7	canonical	1	0	unscoreable	11	0	0														not_admitted	not_admitted	not_admitted	not_admitted	not_admitted	not_admitted	not_admitted
NZ_CP087953.1	-	-	105	0	0	GA	0															not_admitted	not_admitted	not_admitted	not_admitted	not_admitted	not_admitted	not_admitted	not_admitted	not_admitted	not_admitted	1	88;92324;93409;+;284.7	16;24060;25511;-;212.4	92;95003;95908;+;195.9	17;25504;28008;-;277.6	15;20993;24058;-;193.7	19;28466;29662;-;100.6	17;25504;28008;-;148.8	21;30820;31383;-;168.8	89;93394;94230;+;90.4	86;90282;91766;+;97.0	81;86421;87740;+;41.1	18;28042;28446;-;84.7	81;86421;87740;+;53.9	A	9/9	split_2	74010	0	1	
NZ_CP087976.1	MPF_T	-	374	0	0	GA	1	369;285024;286106;+;79.8	366;281968;282306;+;76.9	367;282310;282609;+;74.9	368;282615;284978;+;118.3	368;282615;284978;+;99.8	370;286119;286820;+;44.2	372;287032;288108;+;147.8		373;288480;288785;+;68.9		1;304;1554;+;204.3	2;1520;2536;+;95.8			pfam	pfam_only	C	5/7	canonical	1	0	unscoreable	1	0	0														not_admitted	not_admitted	not_admitted	not_admitted	not_admitted	not_admitted	not_admitted
NZ_CP088009.1	MPF_T	-	1960	0	0	GA	1	835;867725;868603;-;86.4	834;867368;867706;-;71.5	833;867065;867364;-;72.4	832;864647;867061;-;122.1	832;864647;867061;-;104.1	830;862845;863546;-;47.9	828;861595;862620;-;145.6		827;860873;861565;-;175.9	826;860061;860876;-;196.0	825;858814;860064;-;205.9	824;857826;858854;-;119.5	823;855910;857829;-;305.9		pfam	pfam_only	A	7/7	canonical	1	0	unscoreable	1	0	0														not_admitted	not_admitted	not_admitted	not_admitted	not_admitted	not_admitted	not_admitted
NZ_CP088011.1	MPF_T	-	802	0	0	GA	1		466;484060;484443;-;74.3	465;483768;484067;-;66.7	464;481301;483757;-;167.1	464;481301;483757;-;125.0	463;480526;481329;-;46.8	461;479157;480338;-;114.8		460;478474;479136;-;128.7	459;477644;478456;-;187.7	457;475890;477188;-;221.2	467;484433;485410;-;130.3	446;464695;466674;-;538.3		conjscan	conjscan_only	A	7/7	canonical	1	0	unscoreable	13	0	0														not_admitted	not_admitted	not_admitted	not_admitted	not_admitted	not_admitted	not_admitted
NZ_CP088023.1	MPF_T	-	179	0	0	GA	1		141;152622;153011;+;77.7	142;153004;153177;+;42.5	143;153313;155766;+;170.1	143;153313;155766;+;128.4	144;155738;156556;+;52.2	145;156550;157737;+;105.4		146;157753;158415;+;130.9	147;158433;159257;+;187.9	149;159740;161035;+;221.8	140;151664;152632;+;135.0			conjscan	conjscan_only	B	6/7	canonical	1	0	unscoreable	2	0	0														not_admitted	not_admitted	not_admitted	not_admitted	not_admitted	not_admitted	not_admitted
NZ_CP088024.1	MPF_T	-	142	0	0	GA	1		70;72586;72966;+;73.2	71;72959;73258;+;63.3	72;73271;75724;+;178.4	72;73271;75724;+;131.9	73;75696;76493;+;49.1	33;32485;33528;-;64.6		32;31656;32330;-;161.4	31;30888;31625;-;156.0	30;29539;30876;-;164.9	69;71628;72596;+;137.2	90;90358;92337;+;518.1		conjscan	both	A	7/7	uncallable	0	0	unscoreable	10	0	0														not_admitted	not_admitted	not_admitted	not_admitted	not_admitted	not_admitted	not_admitted
NZ_CP088091.1	MPF_T	-	1052	0	0	GA	1	409;420845;421507;+;22.0	410;421504;421803;+;91.2	411;421808;422146;+;101.6	412;422139;424505;+;175.7	412;422139;424505;+;106.7	413;424505;425203;+;199.6	415;425437;426357;+;164.3		417;426696;427367;+;209.1	418;427364;428221;+;184.1	419;428231;429403;+;176.9	420;429412;430452;+;109.8	762;742306;744225;-;331.6		pfam	both	A	7/7	canonical	1	0	unscoreable	2	0	0														not_admitted	not_admitted	not_admitted	not_admitted	not_admitted	not_admitted	not_admitted
NZ_CP088101.1	MPF_T	-	575	0	0	GA	1		546;406759;407055;-;94.7	545;406421;406759;-;111.9	544;404062;406428;-;173.9	544;404062;406428;-;110.9	543;403343;404065;-;146.6	541;402106;403092;-;162.7		539;401088;401492;-;111.3	538;400210;401091;-;183.8	537;399084;400229;-;176.3	536;398056;399087;-;105.9	535;396144;398090;-;373.0		pfam	both	A	7/7	canonical	1	0	unscoreable	1	0	0														not_admitted	not_admitted	not_admitted	not_admitted	not_admitted	not_admitted	not_admitted
NZ_CP088103.1	MPF_T	-	119	0	0	GA	1		116;107615;107992;-;71.8	115;107323;107622;-;63.0	114;104861;107314;-;177.2	114;104861;107314;-;128.7	113;104092;104889;-;48.1	111;102735;103916;-;106.3		110;102030;102692;-;132.2	109;101175;102014;-;182.4	107;99409;100707;-;215.5	117;107982;108950;-;135.8	87;79046;80962;-;528.8		conjscan	conjscan_only	A	7/7	canonical	1	0	unscoreable	3	0	0														not_admitted	not_admitted	not_admitted	not_admitted	not_admitted	not_admitted	not_admitted
NZ_CP088111.1	MPF_T	-	1165	0	0	GA	1	878;851609;852316;-;64.5	207;218784;219164;+;70.0	876;850910;851236;-;69.3	875;848541;850910;-;204.7	209;219464;221917;+;123.1	210;221892;222692;+;41.0	212;222883;224091;+;110.5		872;845975;846688;-;170.1	214;224748;225560;+;182.3	216;226017;227309;+;218.4	1115;1077274;1078707;-;213.1	228;235588;237507;+;541.7		conjscan	conjscan_only	A	7/7	uncallable	0	0	unscoreable	27	0	0														not_admitted	not_admitted	not_admitted	not_admitted	not_admitted	not_admitted	not_admitted
NZ_CP088112.1	MPF_T	-	201	0	0	GA	1	77;89342;90430;-;98.1	80;93192;93521;-;76.8	79;92889;93188;-;77.2	78;90427;92886;-;122.9	78;90427;92886;-;98.0	76;88629;89330;-;36.0	74;87368;88396;-;145.0		73;86634;87329;-;183.9	72;85828;86637;-;199.0	71;84617;85828;-;209.5	70;83608;84636;-;135.8	69;81512;83611;-;310.2		pfam	pfam_only	A	7/7	canonical	1	0	unscoreable	1	0	0														not_admitted	not_admitted	not_admitted	not_admitted	not_admitted	not_admitted	not_admitted
NZ_CP088115.1	MPF_T	-	1247	0	0	GA	1		759;767526;767825;-;89.1	758;767180;767521;-;106.8	757;764809;767205;-;172.9	757;764809;767205;-;108.5	756;764108;764809;-;204.3	754;762938;763873;-;160.1		752;761951;762622;-;215.8	751;761097;761951;-;183.4	750;759915;761087;-;182.1	901;918082;919575;-;213.3	630;646080;647999;-;334.7		pfam	both	A	7/7	canonical	1	0	unscoreable	2	0	0														not_admitted	not_admitted	not_admitted	not_admitted	not_admitted	not_admitted	not_admitted
NZ_CP088116.1	MPF_T	-	353	0	0	GA	1	178;146070;147158;-;98.0	181;149920;150258;-;74.7	180;149617;149916;-;77.2	179;147155;149614;-;122.4	179;147155;149614;-;97.8	177;145357;146058;-;36.1	175;144096;145124;-;146.1		174;143362;144057;-;183.3	173;142553;143365;-;197.8	172;141345;142556;-;209.5	171;140336;141364;-;135.1	170;138240;140339;-;311.1		pfam	pfam_only	A	7/7	canonical	1	0	unscoreable	1	0	0														not_admitted	not_admitted	not_admitted	not_admitted	not_admitted	not_admitted	not_admitted
NZ_CP088117.1	MPF_T	-	203	0	0	GA	1	109;93262;94242;-;73.0	108;92911;93222;-;80.8	200;176249;176548;-;63.6	199;173803;176238;-;173.9	199;173803;176238;-;122.5	198;173010;173810;-;54.2	196;171635;172816;-;112.5		102;87245;87919;-;167.6	194;170105;170935;-;187.6	192;168341;169639;-;213.1	202;176923;177888;-;128.6	88;76143;78245;+;551.2		conjscan	both	A	7/7	canonical	1	0	unscoreable	15	0	0														not_admitted	not_admitted	not_admitted	not_admitted	not_admitted	not_admitted	not_admitted
NZ_CP088121.1	MPF_F	IncFIB(pNDM-Mar);IncHI1B(pNDM-MAR)	301	0	0	GA	0															not_admitted	not_admitted	not_admitted	not_admitted	not_admitted	not_admitted	not_admitted	not_admitted	not_admitted	not_admitted	1	232;204932;205969;-;282.3	79;59197;60606;+;190.4	78;58170;59207;+;176.7	244;216801;219518;-;149.6	80;60608;63820;+;120.5	248;221631;223001;-;65.6	244;216801;219518;-;85.2	251;224647;225507;-;79.0	233;205966;207327;-;70.0	231;201737;204922;-;59.6	71;48863;50989;-;58.0	245;219563;220300;-;56.9	71;48863;50989;-;39.7	A	9/9	split_2	175784	1	1	63760..64968+;402;unnamed;0
NZ_CP088125.1	MPF_F	IncFIA(HI1);IncFII(K);IncFII(pAR0022)	121	0	0	GA	0															not_admitted	not_admitted	not_admitted	not_admitted	not_admitted	not_admitted	not_admitted	not_admitted	not_admitted	not_admitted	1	96;75060;76049;+;366.6	106;81571;82938;+;384.3	102;79557;80309;+;235.6	92;70964;73603;+;258.5	107;82938;85787;+;346.4	86;67058;68482;+;89.3	92;70964;73603;+;88.7	84;65765;66331;+;169.3	97;76062;76700;+;67.0	98;76759;78714;+;259.7	111;88249;90561;+;393.2	87;68555;69139;+;54.9	111;88249;90561;+;65.8	A	9/9	contiguous	22484	1	1	85790..86320+;176;unnamed;0
NZ_CP088130.1	MPF_F	IncFIA(HI1);IncFII(K);IncFII(pAR0022)	122	0	0	GA	0															not_admitted	not_admitted	not_admitted	not_admitted	not_admitted	not_admitted	not_admitted	not_admitted	not_admitted	not_admitted	1	97;74803;75792;+;366.6	107;81314;82681;+;384.3	103;79300;80052;+;235.6	93;70707;73346;+;258.5	108;82681;85530;+;346.4	87;66801;68225;+;89.3	93;70707;73346;+;88.7	85;65508;66074;+;169.3	98;75805;76443;+;67.0	99;76502;78457;+;259.7	112;87992;90304;+;393.2	88;68298;68882;+;54.9	112;87992;90304;+;65.8	A	9/9	contiguous	22484	1	1	85533..86063+;176;unnamed;0
NZ_CP088132.1	MPF_T	IncY	113	0	0	GA	1	78;74894;75556;+;48.3	79;75567;75866;+;36.6	80;75876;78626;+;61.8	80;75876;78626;+;134.0	80;75876;78626;+;47.3	81;78645;79361;+;137.0	83;79675;80682;+;137.8		85;80892;81578;+;158.3	86;81571;82464;+;145.6	87;82461;83657;+;134.8	88;83661;84710;+;71.5	95;89448;91355;+;24.4		pfam	pfam_only	A	7/7	canonical	1	1	unscoreable	8	0	0														not_admitted	not_admitted	not_admitted	not_admitted	not_admitted	not_admitted	not_admitted
NZ_CP088137.1	MPF_F	IncFII(S);IncFII(pAR0022)	110	0	0	GA	0															not_admitted	not_admitted	not_admitted	not_admitted	not_admitted	not_admitted	not_admitted	not_admitted	not_admitted	not_admitted	1	89;64822;65814;+;363.5	100;71544;74030;+;390.5	97;70207;70512;+;106.6	86;61187;63835;+;311.4		79;57254;58675;+;90.5	86;61187;63835;+;97.8	77;55961;56527;+;189.2	91;66126;66764;+;71.8	93;67217;69043;+;269.6	103;75888;78041;+;374.1	82;59460;59975;+;89.0	103;75888;78041;+;72.1	B	8/9	contiguous	19927	0	1	
NZ_CP088139.1	MPF_F	IncFIB(S);IncFII(S);IncFII(pAR0022)	148	0	0	GA	0															not_admitted	not_admitted	not_admitted	not_admitted	not_admitted	not_admitted	not_admitted	not_admitted	not_admitted	not_admitted	1	124;102296;103288;+;366.7	133;108536;109918;+;392.4	130;106914;107504;+;214.2	121;98661;101309;+;309.2	134;109915;112737;+;394.4	113;94707;96128;+;91.5	121;98661;101309;+;98.0	111;93414;93980;+;188.1	126;103600;104238;+;70.6	128;104691;106517;+;271.0	137;114391;116553;+;374.1	116;96934;97449;+;96.7	137;114391;116553;+;72.1	A	9/9	contiguous	20977	1	1	112759..113247+;162;TraS;0
NZ_CP088143.1	MPF_F	IncFIB(S);IncFII(S);IncFII(pAR0022)	109	0	0	GA	0															not_admitted	not_admitted	not_admitted	not_admitted	not_admitted	not_admitted	not_admitted	not_admitted	not_admitted	not_admitted	1	40;38898;39890;-;365.7	29;31311;32693;-;393.4	33;34246;34998;-;232.4	43;40877;43525;-;311.8	28;30217;31314;-;317.2	50;46037;47458;-;90.2	43;40877;43525;-;96.5	52;48185;48751;-;189.2	39;37957;38586;-;70.9	36;35720;37597;-;273.4	23;24106;26340;-;374.0	47;44737;45252;-;92.2	23;24106;26340;-;72.0	A	9/9	contiguous	24079	1	1	28495..30201-;568;unnamed;0
NZ_CP088152.1	-	-	275	0	0	GA	1	171;190808;191485;-;74.8	32;24421;24780;+;71.2	169;190178;190471;-;54.3	168;187779;190181;-;123.3	168;187779;190181;-;96.9	36;27571;28395;+;40.3	164;184672;185679;-;101.6		163;183880;184599;-;204.0	162;183080;183883;-;183.8	161;181607;183079;-;205.3	160;180585;181610;-;144.8	59;53235;55346;+;450.2		pfam	pfam_only	A	7/7	canonical	1	0	unscoreable	2	0	0														not_admitted	not_admitted	not_admitted	not_admitted	not_admitted	not_admitted	not_admitted
NZ_CP088153.1	MPF_T	-	182	0	0	GA	1		179;173183;173560;-;77.3	178;172891;173190;-;64.9	177;170415;172883;-;185.1	177;170415;172883;-;127.7	176;169634;170443;-;45.0	174;168232;169431;-;111.5		173;167555;168217;-;120.3	172;166687;167538;-;188.8	170;164913;166223;-;226.0	180;173550;174521;-;137.5	155;147565;149496;-;542.3		conjscan	conjscan_only	A	7/7	canonical	1	0	unscoreable	3	0	0														not_admitted	not_admitted	not_admitted	not_admitted	not_admitted	not_admitted	not_admitted
NZ_CP088154.1	MPF_T	-	75	0	0	GA	1	18;17609;18697;-;94.2	21;21411;21761;-;74.8	20;21110;21409;-;82.9	19;18694;21105;-;122.9	19;18694;21105;-;101.0	17;16896;17597;-;34.7	15;15634;16665;-;146.7		14;14882;15598;-;184.0	13;14073;14885;-;199.2	12;12856;14076;-;203.1	11;11847;12875;-;129.4	10;9754;11850;-;308.2		pfam	pfam_only	A	7/7	canonical	1	0	unscoreable	1	0	0														not_admitted	not_admitted	not_admitted	not_admitted	not_admitted	not_admitted	not_admitted
NZ_CP088223.1	MPF_F	IncHI2;IncHI2A	306	0	0	GA	0															not_admitted	not_admitted	not_admitted	not_admitted	not_admitted	not_admitted	not_admitted	not_admitted	not_admitted	not_admitted	1	29;32275;33333;+;276.9	209;192810;194225;-;194.1	210;194215;195261;-;173.7	11;8955;11636;+;168.0	208;188851;192801;-;101.6	7;5270;6625;+;80.7	11;8955;11636;+;72.2	4;2758;3546;+;74.9	27;30622;32133;+;62.7	30;33352;36540;+;58.3	216;202302;204386;+;56.7	10;7996;8946;+;46.4	216;202302;204386;+;38.8	A	9/9	split_3	199544	0	1	
NZ_CP088226.1	MPF_T	IncX3	67	0	0	GA	1	12;7824;8468;+;46.4	13;8452;8742;+;73.1	14;8767;11520;+;47.0	14;8767;11520;+;142.4	14;8767;11520;+;73.3	15;11530;12300;+;60.1	17;12579;13634;+;133.2		18;13829;14557;+;119.4	19;14563;15492;+;138.8	20;15489;16703;+;128.3	22;16899;17933;+;65.7	23;17936;19771;+;495.9		pfam	pfam_only	A	7/7	canonical	1	1	unscoreable	2	0	0														not_admitted	not_admitted	not_admitted	not_admitted	not_admitted	not_admitted	not_admitted
NZ_CP088227.1	-	repA(pENTd4a)	81	0	0	GA	1	69;49336;49839;-;83.4			7;7790;10219;-;115.6	7;7790;10219;-;59.6	6;7140;7793;-;125.4	5;6144;7109;-;108.3		4;5359;6045;-;104.8	3;4520;5362;-;158.6	2;3373;4530;-;134.8	77;56601;58142;-;197.7	32;26880;28439;+;59.7		pfam	both	A	7/7	canonical	1	0	unscoreable	8	0	0														not_admitted	not_admitted	not_admitted	not_admitted	not_admitted	not_admitted	not_admitted
NZ_CP088232.1	MPF_T	IncX3	68	0	0	GA	1	42;37681;38325;-;46.4	41;37407;37697;-;73.1	40;34629;37382;-;47.0	40;34629;37382;-;142.4	40;34629;37382;-;73.3	39;33849;34619;-;60.1	37;32515;33570;-;133.2		36;31592;32320;-;119.4	35;30657;31586;-;138.8	34;29446;30660;-;128.3	32;28216;29250;-;65.7	31;26378;28213;-;495.9		pfam	pfam_only	A	7/7	canonical	1	1	unscoreable	2	0	0														not_admitted	not_admitted	not_admitted	not_admitted	not_admitted	not_admitted	not_admitted
NZ_CP088263.1	MPF_F	IncFIA(HI1);IncHI1A;IncHI1B(R27);IncR	288	0	0	GA	0															not_admitted	not_admitted	not_admitted	not_admitted	not_admitted	not_admitted	not_admitted	not_admitted	not_admitted	not_admitted	1	178;159099;160151;-;277.6	1;2036;3451;+;201.7	0;1000;2046;+;171.3	196;179595;182276;-;160.6	2;3460;7449;+;103.1	200;184624;185982;-;84.0	196;179595;182276;-;76.5	203;187649;188434;-;68.7	180;160296;161804;-;65.6	177;155900;159076;-;58.9	283;245581;247665;-;50.2	197;182285;183235;-;45.2	283;245581;247665;-;36.5	A	9/9	split_3	244581	0	1	
NZ_CP088271.1	MPF_T	IncFII(pHN7A8)	102	0	0	GA	1	13;6317;7057;+;34.8	15;7381;7671;+;46.6	16;7724;8038;+;65.3	17;8038;10668;+;123.6	17;8038;10668;+;86.6	18;10678;11385;+;114.3	20;11644;12687;+;126.8	21;12782;12952;+;41.4	22;12955;13671;+;145.6	23;13674;14282;+;84.4	25;15885;17039;+;174.0	26;17032;18063;+;78.1	84;64093;65670;-;54.8		pfam	both	A	7/7	canonical	1	0	ga	3	0	0														not_admitted	not_admitted	not_admitted	not_admitted	not_admitted	not_admitted	not_admitted
NZ_CP088278.1	MPF_T	-	443	0	0	GA	1		87;68975;69271;+;94.7	88;69271;69609;+;111.9	89;69602;71968;+;173.9	89;69602;71968;+;110.9	90;71965;72687;+;146.6	92;72938;73924;+;162.2		94;74276;74947;+;195.2	95;74944;75795;+;181.1	371;384153;385298;-;178.7	370;383125;384156;-;102.1	98;77946;79892;+;370.2		pfam	both	A	7/7	canonical	1	0	unscoreable	2	0	0														not_admitted	not_admitted	not_admitted	not_admitted	not_admitted	not_admitted	not_admitted
NZ_CP088279.1	MPF_T	-	168	0	0	GA	1		82;77308;77688;+;77.1	83;77681;77980;+;63.0	84;77990;80443;+;177.8	84;77990;80443;+;131.5	85;80415;81212;+;49.3	87;81411;82571;+;103.5		88;82608;83270;+;133.6	89;83288;84127;+;180.9	91;84594;85898;+;212.6	81;76338;77318;+;136.1	19;18603;20396;+;462.1		conjscan	conjscan_only	A	7/7	canonical	1	0	unscoreable	3	0	0														not_admitted	not_admitted	not_admitted	not_admitted	not_admitted	not_admitted	not_admitted
NZ_CP088281.1	MPF_T	-	302	0	0	GA	1		194;189469;189837;-;76.7	193;189177;189476;-;63.0	192;187191;189167;-;178.4	192;187191;189167;-;128.5	190;185946;186743;-;48.0	188;184589;185749;-;106.0					195;189827;190795;-;138.6	240;231855;233786;-;513.2		conjscan	conjscan_only	D	4/7	canonical	1	0	unscoreable	3	0	0														not_admitted	not_admitted	not_admitted	not_admitted	not_admitted	not_admitted	not_admitted
NZ_CP088283.1	MPF_T	-	201	0	0	GA	1		187;190869;191165;-;95.3	186;190531;190869;-;109.2	185;188172;190538;-;172.5	185;188172;190538;-;109.2	184;187453;188175;-;151.7	182;186213;187199;-;162.9		180;185190;185861;-;192.6	179;184342;185193;-;181.9	178;183185;184330;-;174.6	177;182157;183188;-;101.7	176;180245;182191;-;373.4		pfam	both	A	7/7	canonical	1	0	unscoreable	2	0	0														not_admitted	not_admitted	not_admitted	not_admitted	not_admitted	not_admitted	not_admitted
NZ_CP088284.1	MPF_T	-	418	0	0	GA	1		8;11904;12200;+;95.3	9;12200;12538;+;113.9	10;12531;14897;+;172.6	253;287061;289427;-;109.2	252;286342;287064;-;152.6	250;285102;286088;-;163.2		14;17209;17880;+;195.5	247;283231;284082;-;181.8	16;18740;19885;+;173.7	17;19882;20913;+;101.3	245;279133;281079;-;373.4		pfam	both	A	7/7	uncallable	0	0	unscoreable	3	0	0														not_admitted	not_admitted	not_admitted	not_admitted	not_admitted	not_admitted	not_admitted
NZ_CP088287.1	MPF_T	-	125	0	0	GA	1		101;109680;110069;+;77.7	102;110062;110361;+;61.3	103;110371;112824;+;170.7	103;110371;112824;+;128.4	104;112796;113614;+;52.2	105;113608;114795;+;105.4		106;114811;115473;+;130.9	107;115491;116315;+;187.3	109;116798;118093;+;221.8	100;108722;109690;+;135.0			conjscan	conjscan_only	B	6/7	canonical	1	0	unscoreable	2	0	0														not_admitted	not_admitted	not_admitted	not_admitted	not_admitted	not_admitted	not_admitted
NZ_CP088289.1	MPF_T	-	406	0	0	GA	1		10;9546;9842;+;95.3	11;9842;10180;+;113.9	12;10173;12539;+;172.6	235;263199;265565;-;109.2	234;262480;263202;-;152.6	232;261240;262226;-;163.2		16;14851;15522;+;195.5	229;259369;260220;-;181.8	18;16382;17527;+;173.7	19;17524;18555;+;101.3	226;255270;257216;-;373.4		pfam	both	A	7/7	uncallable	0	0	unscoreable	4	0	0														not_admitted	not_admitted	not_admitted	not_admitted	not_admitted	not_admitted	not_admitted
NZ_CP088291.1	MPF_T	-	176	0	0	GA	1		108;111107;111496;-;77.7	107;110815;111114;-;61.3	106;108352;110805;-;164.5	106;108352;110805;-;128.4	105;107562;108380;-;51.3	104;106381;107568;-;105.4		103;105703;106365;-;130.9	102;104861;105685;-;187.9	100;103083;104378;-;221.8	109;111486;112454;-;134.6	7;6489;7094;-;255.6		conjscan	conjscan_only	A	7/7	canonical	1	0	unscoreable	2	0	0														not_admitted	not_admitted	not_admitted	not_admitted	not_admitted	not_admitted	not_admitted
NZ_CP088924.1	-	-	215	0	0	GA	0															not_admitted	not_admitted	not_admitted	not_admitted	not_admitted	not_admitted	not_admitted	not_admitted	not_admitted	not_admitted	1	137;150681;151763;-;288.5	152;165749;167227;-;236.8	153;167231;168256;-;198.1	142;154120;156549;-;209.3	151;162234;165740;-;191.0	145;157852;159138;-;122.1	142;154120;156549;-;116.4	147;160153;160767;-;61.7	139;151961;153238;-;39.1	135;145812;147209;-;70.0	27;27969;29876;+;62.9	144;157011;157766;-;60.1	27;27969;29876;+;50.5	A	9/9	split_2	139262	1	1	161879..162154-;91;unnamed;0
NZ_CP088926.1	-	-	270	0	0	GA	0															not_admitted	not_admitted	not_admitted	not_admitted	not_admitted	not_admitted	not_admitted	not_admitted	not_admitted	not_admitted	1	180;193454;194536;-;295.3	195;208576;210054;-;244.4	196;210059;211087;-;198.0	185;196896;199325;-;211.7	194;205007;208567;-;196.6	188;200633;201913;-;120.2	185;196896;199325;-;114.4	190;202913;203527;-;65.6	182;194734;196014;-;40.6	178;188589;189989;-;69.0	22;24773;26680;+;64.1	187;199789;200547;-;65.6	22;24773;26680;+;52.4	A	9/9	split_2	185286	0	1	
NZ_CP088966.1	MPF_T	-	211	0	0	GA	1	160;142695;143774;+;91.7	157;139632;139979;+;75.5	158;139982;140281;+;88.9	159;140285;142702;+;134.4	159;140285;142702;+;92.1	161;143786;144508;+;40.1	162;144738;145778;+;142.8		163;145813;146508;+;180.5	164;146505;147314;+;204.3	165;147314;148546;+;197.1	166;148527;149558;+;120.8	167;149555;151642;+;305.1		pfam	pfam_only	A	7/7	canonical	1	0	unscoreable	0	0	0														not_admitted	not_admitted	not_admitted	not_admitted	not_admitted	not_admitted	not_admitted
NZ_CP088979.1	MPF_F	IncFIB(K);IncFII(K);IncFII(pAR0022)	147	0	0	GA	0															not_admitted	not_admitted	not_admitted	not_admitted	not_admitted	not_admitted	not_admitted	not_admitted	not_admitted	not_admitted	1	114;104582;105574;+;362.9	124;111036;112406;+;381.2	120;109082;109834;+;232.4	111;100917;103556;+;259.1	125;112406;115255;+;344.2	101;95691;97115;+;88.4	111;100917;103556;+;83.9	99;94398;94964;+;167.0	115;105587;106225;+;65.5	116;106284;108239;+;259.1	129;117069;119378;+;394.2	103;97727;98296;+;53.7	129;117069;119378;+;65.8	A	9/9	contiguous	22671	1	1	115258..115788+;176;unnamed;0
NZ_CP088981.1	-	-	213	0	0	GA	0															not_admitted	not_admitted	not_admitted	not_admitted	not_admitted	not_admitted	not_admitted	not_admitted	not_admitted	not_admitted	1	136;124123;125163;+;242.3	122;110140;111561;+;203.1	121;109147;110118;+;196.1	131;119305;121827;+;241.1	123;111574;114468;+;159.5	128;117038;118273;+;129.4	131;119305;121827;+;105.1	126;115547;116116;+;94.9	134;122743;123924;+;36.5		140;128683;130548;+;29.8	129;118270;118812;+;63.3	140;128683;130548;+;40.5	B	8/9	contiguous	19536	0	0	
NZ_CP088983.1	-	IncFIA(HI1);IncFII(K);IncFII(pAR0022)	117	0	0	GA	0															not_admitted	not_admitted	not_admitted	not_admitted	not_admitted	not_admitted	not_admitted	not_admitted	not_admitted	not_admitted	1	103;78397;79395;+;370.9	108;83126;84490;+;351.6	106;81755;82528;+;208.9	100;74738;77359;+;214.6	109;84493;87363;+;238.4	97;72447;73778;+;86.5	100;74738;77359;+;89.0	95;71166;71741;+;86.8	104;79365;79793;+;63.5	105;79821;81758;+;232.0	111;88090;90222;+;375.4	99;74199;74729;+;32.9	111;88090;90222;+;65.2	A	9/9	contiguous	16924	1	1	87372..87935+;187;unnamed;0
NZ_CP088986.1	MPF_F	IncFII	105	0	0	GA	0															not_admitted	not_admitted	not_admitted	not_admitted	not_admitted	not_admitted	not_admitted	not_admitted	not_admitted	not_admitted	1	80;62881;63873;+;369.3	91;69926;71299;+;376.8	86;67593;68336;+;233.3	77;59245;61872;+;306.8	92;71296;74121;+;389.2	71;55771;57198;+;94.3	77;59245;61872;+;98.5	69;54490;55056;+;183.8	83;64870;65508;+;68.6	84;65505;67313;+;268.3	96;76363;78561;+;391.7	75;58214;58729;+;78.4	96;76363;78561;+;70.3	A	9/9	contiguous	21873	1	1	74118..74627+;169;unnamed;0
NZ_CP088989.1	MPF_F	IncFII(K);IncFII(pKP91);repB(R1701)	143	0	0	GA	0															not_admitted	not_admitted	not_admitted	not_admitted	not_admitted	not_admitted	not_admitted	not_admitted	not_admitted	not_admitted	1	112;90391;91380;+;363.3	123;97199;98566;+;381.8	119;95189;95941;+;233.7	108;86295;88934;+;256.9	124;98566;101409;+;346.2	101;82042;83466;+;89.2	108;86295;88934;+;88.7	99;80749;81315;+;169.3	114;91656;92303;+;66.3	115;92362;94317;+;259.7	128;103993;106275;+;393.2	102;83539;84123;+;54.5	128;103993;106275;+;65.8	A	9/9	contiguous	23244	1	1	101420..101944+;174;unnamed;0
NZ_CP088995.1	MPF_F	IncFII(pHN7A8);IncR	178	0	0	GA	0															not_admitted	not_admitted	not_admitted	not_admitted	not_admitted	not_admitted	not_admitted	not_admitted	not_admitted	not_admitted	1	55;43454;44446;+;369.5	68;51279;52652;+;376.8	63;48970;49713;+;234.4	52;39818;42445;+;301.8	69;52649;55465;+;376.7	47;36336;37763;+;94.1	52;39818;42445;+;101.8	45;35055;35621;+;183.8	58;45392;46030;+;70.4	61;46843;48693;+;265.0	73;57766;59982;+;391.7	51;38787;39302;+;77.6	73;57766;59982;+;70.3	A	9/9	contiguous	22711	1	1	55498..56019+;173;unnamed;0
NZ_CP089000.1	MPF_F	IncFII(pHN7A8);IncR	332	0	0	GA	0															not_admitted	not_admitted	not_admitted	not_admitted	not_admitted	not_admitted	not_admitted	not_admitted	not_admitted	not_admitted	1	66;51504;52496;+;369.5	79;59329;60702;+;376.8	74;57020;57763;+;234.4	63;47868;50495;+;301.8	80;60699;63515;+;376.7	58;44386;45813;+;94.1	63;47868;50495;+;101.8	56;43105;43671;+;183.8	69;53442;54080;+;70.4	72;54893;56743;+;265.0	84;65816;68032;+;391.7	62;46837;47352;+;77.6	84;65816;68032;+;70.3	A	9/9	contiguous	22711	1	1	63548..64069+;173;unnamed;0
NZ_CP089009.1	MPF_F	IncFII(K);repB(R1701)	104	0	0	GA	0															not_admitted	not_admitted	not_admitted	not_admitted	not_admitted	not_admitted	not_admitted	not_admitted	not_admitted	not_admitted	1	79;53672;54661;+;363.3	89;60146;61516;+;384.6	85;58198;58950;+;231.2	75;49576;52215;+;258.9	90;61516;64359;+;346.2	66;44640;46031;+;89.3	75;49576;52215;+;87.4	64;43347;43913;+;169.3	80;54674;55312;+;66.9	81;55371;57326;+;259.2	94;67051;69342;+;393.2	69;46848;47432;+;54.2	94;67051;69342;+;65.8	A	9/9	contiguous	23704	1	1	64370..64903+;177;unnamed;0
NZ_CP089010.1	MPF_F	IncFII	100	0	0	GA	0															not_admitted	not_admitted	not_admitted	not_admitted	not_admitted	not_admitted	not_admitted	not_admitted	not_admitted	not_admitted	1	51;44055;45047;+;369.5	61;50826;52199;+;381.7	56;48153;48896;+;234.4	48;40416;43046;+;304.1	62;52196;55018;+;374.0	41;35966;37417;+;94.2	48;40416;43046;+;97.1	39;34685;35251;+;174.3	53;45391;46029;+;68.6	54;46026;47876;+;266.1	66;57290;59497;+;391.2	44;38277;38792;+;78.4	66;57290;59497;+;70.3	A	9/9	contiguous	22605	1	1	55040..55519+;159;TraS;0
NZ_CP089011.1	MPF_F	IncHI1B(pNDM-MAR)	314	0	0	GA	0															not_admitted	not_admitted	not_admitted	not_admitted	not_admitted	not_admitted	not_admitted	not_admitted	not_admitted	not_admitted	1	38;33944;34981;-;282.3	178;145841;147250;+;190.4	177;144814;145851;+;175.0	51;46589;49306;-;148.7	179;147252;151160;+;122.1	55;51419;52789;-;65.6	51;46589;49306;-;85.2	58;54435;55295;-;79.0	39;34978;36339;-;69.8	37;30749;33934;-;58.9	170;135490;137616;-;57.8	52;49351;50088;-;57.1	170;135490;137616;-;41.0	A	9/9	split_2	116503	0	1	
NZ_CP089017.1	MPF_F	IncFII(pBK30683);repB(R1701)	128	0	0	GA	0															not_admitted	not_admitted	not_admitted	not_admitted	not_admitted	not_admitted	not_admitted	not_admitted	not_admitted	not_admitted	1	74;61544;62533;-;366.0	64;54630;55997;-;384.0	68;57255;58007;-;233.7	78;63990;66629;-;258.5	63;51781;54630;-;346.4	84;69458;70882;-;89.2	78;63990;66629;-;88.7	86;71609;72175;-;169.3	73;60893;61531;-;67.0	72;58879;60834;-;259.7	59;47005;49317;-;392.8	83;68801;69385;-;54.5	59;47005;49317;-;65.8	A	9/9	contiguous	24604	1	1	51245..51778-;177;unnamed;0
NZ_CP089019.1	MPF_F	IncC	210	0	0	GA	0															not_admitted	not_admitted	not_admitted	not_admitted	not_admitted	not_admitted	not_admitted	not_admitted	not_admitted	not_admitted	1	128;102917;103924;+;332.9	198;165876;167309;+;339.2	197;164846;165874;+;221.7	123;97718;100165;+;354.5	199;167322;170936;+;375.3	45;26117;27277;+;156.3	123;97718;100165;+;128.3	116;87322;87948;+;92.7	126;100987;102252;+;67.9	129;104040;106838;+;145.3	107;81647;83512;+;47.3	119;90159;90737;+;100.2	107;81647;83512;+;52.0	A	9/9	split_3	141205	0	1	
NZ_CP089022.1	-	IncFIA(HI1);IncFII(K);IncFII(pAR0022)	117	0	0	GA	0															not_admitted	not_admitted	not_admitted	not_admitted	not_admitted	not_admitted	not_admitted	not_admitted	not_admitted	not_admitted	1	103;78397;79395;+;370.9	108;83126;84490;+;351.6	106;81755;82528;+;208.9	100;74738;77359;+;214.6	109;84493;87363;+;238.4	97;72447;73778;+;86.5	100;74738;77359;+;89.0	95;71166;71741;+;86.8	104;79365;79793;+;63.5	105;79821;81758;+;232.0	111;88090;90222;+;375.4	99;74199;74729;+;32.9	111;88090;90222;+;65.2	A	9/9	contiguous	16924	1	1	87372..87935+;187;unnamed;0
NZ_CP089028.1	MPF_F	IncFIA(HI1);IncFII(K)	128	0	0	GA	0															not_admitted	not_admitted	not_admitted	not_admitted	not_admitted	not_admitted	not_admitted	not_admitted	not_admitted	not_admitted	1	64;45415;46404;+;366.6	74;51951;53318;+;384.0	70;49941;50693;+;233.7	60;41333;43972;+;258.5	75;53318;56167;+;346.4	52;36716;38140;+;88.8	60;41333;43972;+;87.7	50;35423;35989;+;169.3	65;46417;47055;+;66.9	66;47114;49069;+;259.7	79;58631;60943;+;392.8	53;38254;38838;+;54.4	79;58631;60943;+;65.8	A	9/9	contiguous	23208	1	1	56170..56703+;177;unnamed;0
NZ_CP089029.1	MPF_F	IncFII(K);repB(R1701)	149	0	0	GA	0															not_admitted	not_admitted	not_admitted	not_admitted	not_admitted	not_admitted	not_admitted	not_admitted	not_admitted	not_admitted	1	124;98172;99161;+;366.0	134;104652;106022;+;380.7	130;102698;103450;+;233.7	120;94090;96729;+;258.5	135;106022;108865;+;346.5	112;89409;90833;+;88.8	120;94090;96729;+;87.7	110;88116;88682;+;169.3	125;99174;99812;+;66.9	126;99871;101826;+;259.7	139;111451;113763;+;392.8	113;90947;91531;+;54.4	139;111451;113763;+;65.8	A	9/9	contiguous	23335	1	1	108876..109400+;174;unnamed;0
NZ_CP089054.1	MPF_T	-	46	0	0	GA	1	24;20558;21271;+;100.6	32;28082;28375;+;38.8		33;28389;31100;+;81.8	33;28389;31100;+;58.3	34;31097;31738;+;67.8	14;11749;12819;+;79.2		15;12819;13604;+;76.3	16;13616;14353;+;146.9	17;14355;15707;+;180.7	18;15724;16755;+;93.3	22;18777;20294;+;38.3		pfam	both	A	7/7	rearranged	1	0	unscoreable	10	0	0														not_admitted	not_admitted	not_admitted	not_admitted	not_admitted	not_admitted	not_admitted
NZ_CP089066.2	-	-	66	0	0	GA	1	44;36183;36890;-;34.8	43;35864;36202;-;27.9	42;35455;35853;-;28.1	41;33066;35501;-;71.6		39;32144;32812;-;50.6	37;30822;31787;-;121.0		36;29668;30489;-;138.6	35;28850;29671;-;146.0	33;27216;28562;-;140.0	32;26172;27206;-;62.1	29;23554;25140;-;264.3		pfam	pfam_only	A	7/7	canonical	1	0	unscoreable	5	0	0														not_admitted	not_admitted	not_admitted	not_admitted	not_admitted	not_admitted	not_admitted
NZ_CP089098.1	MPF_F	IncFIB(pNDM-Mar);IncHI1B(pNDM-MAR)	383	0	0	GA	0															not_admitted	not_admitted	not_admitted	not_admitted	not_admitted	not_admitted	not_admitted	not_admitted	not_admitted	not_admitted	1	125;110608;111645;+;282.3	323;270307;271716;+;190.4	322;269280;270317;+;176.7	112;97060;99777;+;149.4	324;271718;275632;+;120.2	108;93577;94947;+;63.4	112;97060;99777;+;85.2	105;91071;91931;+;79.0	124;109250;110611;+;69.9	126;111655;114837;+;59.4	315;259972;262098;-;57.7	111;96278;97015;+;56.9	315;259972;262098;-;41.0	A	9/9	split_2	180647	0	1	
NZ_CP089099.1	MPF_F	IncFIA;IncFIB(AP001918);IncFII;IncQ1	169	0	0	GA	0															not_admitted	not_admitted	not_admitted	not_admitted	not_admitted	not_admitted	not_admitted	not_admitted	not_admitted	not_admitted	1	92;84778;85770;-;369.5	82;77626;78999;-;381.7	87;80929;81672;-;234.4	95;86779;89409;-;304.1	81;74807;77629;-;374.0	103;92811;94262;-;94.2	95;86779;89409;-;97.1	105;94977;95543;-;174.3	90;83796;84434;-;68.6	89;81949;83799;-;266.1	77;70337;72535;-;391.2	100;91436;91951;-;78.4	77;70337;72535;-;70.3	A	9/9	contiguous	24640	1	1	74306..74785-;159;TraS;0
NZ_CP089134.1	MPF_F	IncHI2;IncHI2A	270	0	0	GA	0															not_admitted	not_admitted	not_admitted	not_admitted	not_admitted	not_admitted	not_admitted	not_admitted	not_admitted	not_admitted	1	68;61506;62564;-;276.9	184;169096;170511;-;194.1	185;170501;171547;-;174.3	84;82136;84817;-;168.0	183;165134;169087;-;101.7	88;87147;87584;-;41.9	84;82136;84817;-;72.2	4;2758;3546;+;74.8	70;62706;64217;-;61.8	67;58299;61487;-;57.3	192;178589;180673;+;56.8	85;84826;85776;-;46.1	192;178589;180673;+;38.8	A	9/9	split_3	175831	1	1	163664..164953-;429;unnamed;0
NZ_CP089135.1	MPF_F	IncFIA;IncFIB(K);IncFIC(FII)	140	0	0	GA	0															not_admitted	not_admitted	not_admitted	not_admitted	not_admitted	not_admitted	not_admitted	not_admitted	not_admitted	not_admitted	1	91;85051;86043;-;369.3	83;78982;80355;-;380.7	87;81576;82319;-;232.7	94;87052;89679;-;303.5	82;76163;78985;-;380.3	98;91591;93018;-;94.3	94;87052;89679;-;100.3	100;93733;94299;-;183.8	90;84404;85042;-;68.3	89;82599;84407;-;267.5	79;72449;74629;-;391.8	95;90195;90710;-;78.0	79;72449;74629;-;70.4	A	9/9	contiguous	21284	1	1	75645..76142-;165;TraS;0
NZ_CP089137.1	MPF_F	IncFII(pHN7A8)	99	0	0	GA	0															not_admitted	not_admitted	not_admitted	not_admitted	not_admitted	not_admitted	not_admitted	not_admitted	not_admitted	not_admitted	1	72;59701;60693;+;369.5	85;67529;68902;+;376.8	80;65220;65963;+;232.7	69;56065;58692;+;301.8	86;68899;71715;+;376.7	64;52583;54010;+;94.1	69;56065;58692;+;101.8	62;51302;51868;+;183.8	75;61639;62277;+;70.4	78;63090;64940;+;265.0	90;74016;76232;+;391.7	68;55034;55549;+;78.0	90;74016;76232;+;70.3	A	9/9	contiguous	22714	1	1	71748..72269+;173;unnamed;0
NZ_CP089138.1	MPF_T	IncX4	41	0	0	GA	1	10;4677;5297;+;41.6	11;5311;5637;+;64.4	12;5656;8403;+;63.8	12;5656;8403;+;151.8	12;5656;8403;+;46.1	13;8415;9131;+;94.2	14;9143;10237;+;150.1		16;10752;11438;+;169.0	17;11435;12343;+;142.4	18;12336;13454;+;163.9	19;13456;14484;+;85.0	20;14516;16333;+;314.8		pfam	pfam_only	A	7/7	canonical	1	1	unscoreable	1	0	0														not_admitted	not_admitted	not_admitted	not_admitted	not_admitted	not_admitted	not_admitted
NZ_CP089208.1	MPF_F	IncHI2;IncHI2A	346	0	0	GA	0															not_admitted	not_admitted	not_admitted	not_admitted	not_admitted	not_admitted	not_admitted	not_admitted	not_admitted	not_admitted	1	31;33341;34399;+;276.9	223;203621;205036;+;194.1	222;202585;203631;+;173.7	11;8955;11636;+;168.0	224;205045;208995;+;101.6	7;5270;6625;+;80.7	11;8955;11636;+;72.2	4;2758;3546;+;74.8	29;31688;33199;+;62.7	32;34418;37606;+;58.3	216;193460;195544;-;56.7	10;7996;8946;+;46.4	216;193460;195544;-;38.8	A	9/9	split_3	202287	0	1	
NZ_CP089210.1	MPF_F	IncHI2;IncHI2A	292	0	0	GA	0															not_admitted	not_admitted	not_admitted	not_admitted	not_admitted	not_admitted	not_admitted	not_admitted	not_admitted	not_admitted	1	29;32275;33333;+;276.9	203;186562;187977;-;194.1	204;187967;189013;-;173.7	11;8955;11636;+;168.0	202;182603;186553;-;101.6	7;5270;6625;+;80.7	11;8955;11636;+;72.2	4;2758;3546;+;75.4	27;30622;32133;+;62.7	30;33352;36540;+;58.3	210;196054;198138;+;56.7	10;7996;8946;+;46.4	210;196054;198138;+;38.8	A	9/9	split_3	193296	0	1	
NZ_CP089318.1	-	-	79	0	0	GA	1	18;7929;8720;+;44.1	19;8765;9001;+;42.1	20;9075;9449;+;49.4	21;9768;10514;+;129.5			30;13417;13905;+;36.5		32;14326;14694;+;58.2	34;15045;15962;+;144.1	37;16557;16901;+;76.2	39;17277;18170;+;85.1	41;18430;19167;+;162.3		none	none	A	7/7	canonical	0	0	unscoreable	13	0	0														not_admitted	not_admitted	not_admitted	not_admitted	not_admitted	not_admitted	not_admitted
NZ_CP089327.1	MPF_F	repB(R1701)	164	0	0	GA	0															not_admitted	not_admitted	not_admitted	not_admitted	not_admitted	not_admitted	not_admitted	not_admitted	not_admitted	not_admitted	1	142;128322;129314;+;363.0	152;134877;136244;+;380.5	148;132868;133620;+;226.1	139;124657;127296;+;259.1	153;136244;139066;+;346.6	129;119419;120843;+;85.0	139;124657;127296;+;83.9	127;118126;118692;+;168.4	143;129327;129965;+;66.0	144;130024;131979;+;258.7	156;141034;143325;+;392.7	131;121455;122024;+;53.7	156;141034;143325;+;66.6	A	9/9	contiguous	22908	1	1	139090..139692+;200;TraS;0
NZ_CP089384.1	MPF_F	IncFIB(K);IncFII(K)	246	0	0	GA	0															not_admitted	not_admitted	not_admitted	not_admitted	not_admitted	not_admitted	not_admitted	not_admitted	not_admitted	not_admitted	1	200;205955;206944;-;363.3	189;198769;200136;-;382.2	193;201394;202146;-;236.4	204;208401;211040;-;259.0	188;195926;198769;-;342.9	215;215007;216431;-;88.8	204;208401;211040;-;87.6	217;217158;217724;-;167.9	198;205032;205679;-;65.9	197;203018;204973;-;259.5	184;191029;193341;-;392.8	212;213811;214395;-;53.8	184;191029;193341;-;65.9	A	9/9	contiguous	26129	1	1	195391..195915-;174;unnamed;0
NZ_CP089386.1	MPF_F	IncFIB(K);IncFII(K)	302	1	1	GA	1	278;266400;266885;+;82.5	203;200335;200634;-;34.3	202;197575;200325;-;63.5	202;197575;200325;-;134.0	202;197575;200325;-;46.0	201;196840;197556;-;137.2	199;195519;196526;-;137.8		197;194623;195309;-;161.3	196;193737;194630;-;146.6	195;192544;193740;-;135.1	194;191491;192540;-;71.5	240;236871;239183;-;26.0	253;248860;250815;-;259.5	pfam	pfam_only	A	7/7	canonical	1	1	unscoreable	26	0	1	256;251797;252786;-;363.3	245;244611;245978;-;382.2	249;247236;247988;-;236.4	260;254243;256882;-;259.0	244;241768;244611;-;342.9	195;192544;193740;-;135.1	260;254243;256882;-;87.6	273;263000;263566;-;167.9	254;250874;251521;-;65.9	253;248860;250815;-;259.5	240;236871;239183;-;392.8	268;259653;260237;-;53.8	240;236871;239183;-;65.9	A	9/9	split_2	70456	1	1	241233..241757-;174;unnamed;0
NZ_CP089393.1	MPF_F	IncHI2;IncHI2A	351	0	0	GA	0															not_admitted	not_admitted	not_admitted	not_admitted	not_admitted	not_admitted	not_admitted	not_admitted	not_admitted	not_admitted	1	206;188976;190034;-;276.9	71;62533;63948;-;194.1	72;63938;64984;-;173.7	224;210673;213354;-;168.0	70;58574;62524;-;101.6	228;215684;217039;-;80.7	224;210673;213354;-;72.2	231;218763;219551;-;74.8	208;190176;191687;-;62.7	205;185769;188957;-;58.3	78;72025;74109;+;56.7	225;213363;214313;-;46.4	78;72025;74109;+;38.8	A	9/9	split_3	160189	0	1	
NZ_CP089396.1	MPF_F	IncFII(Yp)	149	0	0	GA	0															not_admitted	not_admitted	not_admitted	not_admitted	not_admitted	not_admitted	not_admitted	not_admitted	not_admitted	not_admitted	1	3;3013;4005;-;364.5	142;132603;134018;-;376.6	147;135737;136489;-;228.7	6;5073;7712;-;260.0	141;129754;132603;-;338.5	14;10733;12148;-;86.4	6;5073;7712;-;83.9	16;12875;13441;-;167.2	2;2383;3000;-;66.9	1;512;2386;-;256.6	139;126683;128983;-;389.8	11;9335;9916;-;52.7	139;126683;128983;-;67.0	A	9/9	split_2	135225	1	1	129221..129748-;175;unnamed;0
NZ_CP089397.1	MPF_F	IncFII(Yp)	127	0	0	GA	0															not_admitted	not_admitted	not_admitted	not_admitted	not_admitted	not_admitted	not_admitted	not_admitted	not_admitted	not_admitted	1	23;15984;16976;+;372.3	37;24288;25658;+;383.1	31;21489;22241;+;223.0	20;12319;14958;+;255.2	38;25658;28537;+;333.2	13;8398;9822;+;80.7	20;12319;14958;+;91.7	11;7111;7677;+;160.3	24;16989;17636;+;68.8	26;18013;19968;+;253.1	42;31309;33627;+;389.0	14;9885;10454;+;53.6	42;31309;33627;+;65.6	A	9/9	contiguous	24198	1	1	28554..29222+;222;unnamed;0
NZ_CP089398.1	MPF_T	IncFII(pCRY)	44	0	0	GA	1	8;5404;6114;+;47.5	9;6111;6416;+;73.1	10;6429;9167;+;49.1	10;6429;9167;+;151.4	10;6429;9167;+;32.2	11;9185;9886;+;143.4	13;10135;11205;+;164.6		15;11427;12110;+;197.9	16;12110;13015;+;155.0	17;13059;14309;+;147.3	18;14299;15324;+;66.1	22;17179;18915;+;47.0		pfam	pfam_only	A	7/7	canonical	1	1	unscoreable	5	0	0														not_admitted	not_admitted	not_admitted	not_admitted	not_admitted	not_admitted	not_admitted
NZ_CP089400.1	MPF_F	IncHI2;IncHI2A	341	0	0	GA	0															not_admitted	not_admitted	not_admitted	not_admitted	not_admitted	not_admitted	not_admitted	not_admitted	not_admitted	not_admitted	1	242;224356;225414;+;276.9	71;62536;63951;-;194.1	72;63941;64987;-;173.7	224;201036;203717;+;168.0	70;58577;62527;-;101.6	220;197351;198706;+;80.7	224;201036;203717;+;72.2	217;194839;195627;+;74.8	240;222703;224214;+;62.7	243;225433;228621;+;58.3	78;72028;74112;+;56.7	223;200077;201027;+;46.4	78;72028;74112;+;38.8	A	9/9	split_3	166856	0	1	
NZ_CP089402.1	MPF_F	repFIB;repHI5B	232	0	0	GA	0															not_admitted	not_admitted	not_admitted	not_admitted	not_admitted	not_admitted	not_admitted	not_admitted	not_admitted	not_admitted	1	188;158004;159041;+;282.2	39;34591;36033;-;188.4	40;35990;37027;-;172.4	177;144418;147135;+;143.5	38;30651;34616;-;117.7	173;140928;142295;+;63.7	177;144418;147135;+;80.6	170;138413;139273;+;73.9	187;156646;158007;+;71.7	189;159056;162232;+;58.7	47;44257;46383;+;62.0	176;143632;144369;+;56.3	47;44257;46383;+;39.7	A	9/9	split_2	128405	0	1	
NZ_CP089406.1	MPF_T	IncN	81	0	0	GA	1	64;52307;53041;-;32.5		61;51347;51664;-;63.3	60;48747;51347;-;113.8	60;48747;51347;-;76.4	59;48016;48729;-;105.5	57;46725;47765;-;142.4		56;45808;46506;-;131.9	55;44913;45797;-;159.7	54;43753;44913;-;156.3	53;42716;43711;-;81.2	22;13191;14720;+;38.5		pfam	both	A	7/7	canonical	1	0	unscoreable	3	0	0														not_admitted	not_admitted	not_admitted	not_admitted	not_admitted	not_admitted	not_admitted
NZ_CP089410.1	MPF_T	IncN	83	0	0	GA	1	36;30491;31228;-;32.0		33;29531;29848;-;63.3	32;26931;29531;-;111.8	32;26931;29531;-;76.4	31;26200;26913;-;105.5	29;24909;25949;-;142.4		28;23992;24690;-;131.9	27;23097;23981;-;159.7	26;21937;23097;-;156.3	25;20900;21895;-;81.2	81;64148;65677;+;38.5		pfam	both	A	7/7	canonical	1	0	unscoreable	3	0	0														not_admitted	not_admitted	not_admitted	not_admitted	not_admitted	not_admitted	not_admitted
NZ_CP089412.1	MPF_F	IncHI2;IncHI2A	295	0	0	GA	0															not_admitted	not_admitted	not_admitted	not_admitted	not_admitted	not_admitted	not_admitted	not_admitted	not_admitted	not_admitted	1	70;68933;69991;-;276.9	208;198194;199609;+;194.1	207;197158;198204;+;173.7	88;90630;93311;-;168.0	209;199618;203568;+;101.6	92;95641;96996;-;80.7	88;90630;93311;-;72.2	95;98720;99508;-;74.8	72;70133;71644;-;62.7	69;65726;68914;-;58.3	201;188033;190117;-;56.7	89;93320;94270;-;46.4	201;188033;190117;-;38.8	A	9/9	split_3	133892	0	1	
NZ_CP089428.1	MPF_F	IncHI1B(pNDM-MAR)	275	0	0	GA	0															not_admitted	not_admitted	not_admitted	not_admitted	not_admitted	not_admitted	not_admitted	not_admitted	not_admitted	not_admitted	1	56;54285;55322;-;282.3	181;174478;175887;+;190.4	180;173451;174488;+;175.4	68;66154;68871;-;148.9	182;175889;179857;+;120.1	72;70984;72354;-;65.6	68;66154;68871;-;85.2	75;74000;74860;-;79.0	57;55319;56680;-;69.9	55;51090;54275;-;58.9	173;164144;166270;-;57.7	69;68916;69653;-;56.9	173;164144;166270;-;41.0	A	9/9	split_2	124799	0	1	
NZ_CP089430.1	MPF_T	IncU;IncX3	66	0	0	GA	1	35;26028;26672;-;46.4	34;25754;26044;-;74.0	33;22976;25729;-;46.3	33;22976;25729;-;147.8	33;22976;25729;-;75.7	32;22195;22965;-;60.8	30;20861;21916;-;134.9		29;19938;20666;-;118.1	28;19003;19932;-;139.9	27;17804;19006;-;128.4	26;16761;17792;-;65.4	24;14736;16571;-;495.5		pfam	pfam_only	A	7/7	canonical	1	1	unscoreable	2	0	0														not_admitted	not_admitted	not_admitted	not_admitted	not_admitted	not_admitted	not_admitted
NZ_CP089439.1	MPF_F	IncHI2;IncHI2A	254	0	0	GA	0															not_admitted	not_admitted	not_admitted	not_admitted	not_admitted	not_admitted	not_admitted	not_admitted	not_admitted	not_admitted	1	32;33335;34393;+;276.9			13;10020;12701;+;168.0		7;5270;6625;+;80.7	13;10020;12701;+;72.2	4;2758;3546;+;74.8	30;31682;33193;+;62.7	33;34412;37600;+;58.3		12;9649;10011;+;42.2		C	6/9	split_2	31654	0	1	
NZ_CP089440.1	MPF_T	IncX1	61	0	0	GA	1	16;8863;9507;+;47.1	17;9491;9781;+;73.5	18;9805;12564;+;44.8	18;9805;12564;+;133.3	18;9805;12564;+;71.9	19;12566;13303;+;57.5	21;13585;14640;+;131.7		22;14830;15552;+;116.0	23;15558;16487;+;132.4	24;16484;17698;+;128.6	25;17716;18753;+;66.4	26;18758;20593;+;543.4		pfam	pfam_only	A	7/7	canonical	1	1	unscoreable	1	0	0														not_admitted	not_admitted	not_admitted	not_admitted	not_admitted	not_admitted	not_admitted
NZ_CP089446.1	MPF_F	IncFIB(AP001918);IncFII(29)	147	0	0	GA	0															not_admitted	not_admitted	not_admitted	not_admitted	not_admitted	not_admitted	not_admitted	not_admitted	not_admitted	not_admitted	1	90;84900;85892;-;369.5	74;74933;76306;-;381.7	81;78511;79254;-;233.1	93;86901;89531;-;304.0	73;72114;74936;-;388.5	100;92662;94089;-;93.9	93;86901;89531;-;99.3	102;94804;95370;-;183.1	88;83918;84556;-;68.6	83;79531;80928;-;273.3	69;67509;69842;-;391.0	97;91018;91533;-;73.9	69;67509;69842;-;70.2	A	9/9	contiguous	27295	1	1	71613..72092-;159;TraS;0
NZ_CP089510.1	MPF_F	IncFIB(K);IncFII(K);IncFII(pAR0022)	248	0	0	GA	0															not_admitted	not_admitted	not_admitted	not_admitted	not_admitted	not_admitted	not_admitted	not_admitted	not_admitted	not_admitted	1	205;210004;210993;-;363.3	194;202818;204185;-;384.1	198;205443;206195;-;233.7	209;212450;215089;-;259.0	193;199996;202818;-;346.4	219;219057;220481;-;89.5	209;212450;215089;-;88.7	221;221208;221774;-;167.0	203;209081;209728;-;65.9	202;207067;209022;-;259.4	189;195067;197379;-;393.1	217;217861;218445;-;53.8	189;195067;197379;-;66.6	A	9/9	contiguous	26141	1	1	199371..199973-;200;TraS;0
NZ_CP089511.1	MPF_F	IncFIA(HI1);IncHI1A;IncHI1B(R27)	207	0	0	GA	0															not_admitted	not_admitted	not_admitted	not_admitted	not_admitted	not_admitted	not_admitted	not_admitted	not_admitted	not_admitted	1	15;14859;15911;+;277.6	111;100286;101701;-;201.7	112;101691;102737;-;171.3	205;175061;177742;+;160.6	110;96288;100277;-;103.1	201;171355;172713;+;84.0	205;175061;177742;+;76.5	198;168903;169688;+;68.7	13;13206;14714;+;65.6	16;15934;19110;+;58.9	118;109672;111756;+;50.2	204;174102;175052;+;45.2	118;109672;111756;+;36.5	A	9/9	split_3	161855	0	1	
NZ_CP089512.1	-	IncFII(K);IncFII(pAR0022);IncR	92	0	0	GA	0															not_admitted	not_admitted	not_admitted	not_admitted	not_admitted	not_admitted	not_admitted	not_admitted	not_admitted	not_admitted	1	78;62927;63925;+;370.9	83;67656;69020;+;352.8	81;66285;67058;+;208.9	75;59268;61889;+;214.6	84;69023;71893;+;238.4	72;56977;58308;+;86.5	75;59268;61889;+;89.0	70;55696;56271;+;87.7	79;63895;64323;+;63.5	80;64351;66288;+;232.0	86;72620;74752;+;375.4	74;58729;59259;+;32.9	86;72620;74752;+;65.1	A	9/9	contiguous	16924	1	1	71902..72465+;187;unnamed;0
NZ_CP089533.1	MPF_F	-	167	0	0	GA	0															not_admitted	not_admitted	not_admitted	not_admitted	not_admitted	not_admitted	not_admitted	not_admitted	not_admitted	not_admitted	1	59;49226;50278;-;324.7	50;42506;43906;-;304.4	51;43903;44928;-;232.4	62;52072;54537;-;312.1	49;39087;42494;-;371.6	20;17537;18307;-;164.7	62;52072;54537;-;130.0	69;66449;67090;-;89.6	60;50265;51506;-;71.6	89;85178;87799;-;122.9	74;69243;71072;-;38.7	66;63390;63890;-;87.4	74;69243;71072;-;55.1	A	9/9	split_2	67641	0	1	
NZ_CP089552.1	MPF_F	-	243	0	0	GA	0															not_admitted	not_admitted	not_admitted	not_admitted	not_admitted	not_admitted	not_admitted	not_admitted	not_admitted	not_admitted	1	154;125901;126953;-;324.9	145;119171;120571;-;304.3	146;120568;121593;-;233.9	157;128744;131209;-;311.4	144;115944;119159;-;371.4	162;140571;141836;-;130.1	157;128744;131209;-;129.9	164;143125;143763;-;88.5	155;126940;128178;-;71.7	183;158817;161438;-;124.9	169;145931;147760;-;43.1	161;140060;140560;-;92.9	169;145931;147760;-;57.9	A	9/9	contiguous	42873	0	1	
NZ_CP089600.1	-	IncFII(K);IncFII(pAR0022);IncR;repB(R1701)	158	0	0	GA	0															not_admitted	not_admitted	not_admitted	not_admitted	not_admitted	not_admitted	not_admitted	not_admitted	not_admitted	not_admitted	1	72;66534;67532;-;370.2	67;61441;62805;-;350.2	69;63401;64171;-;203.1	75;68570;71191;-;218.4	66;58568;61438;-;243.4	78;72151;73482;-;86.0	75;68570;71191;-;91.3	80;74188;74763;-;87.7	71;66136;66564;-;64.0	70;64171;66108;-;231.2	64;55733;57865;-;376.5	76;71200;71730;-;34.9	64;55733;57865;-;67.3	A	9/9	contiguous	18455	1	1	57996..58559-;187;unnamed;0
NZ_CP089604.1	MPF_F	IncC	232	0	0	GA	0															not_admitted	not_admitted	not_admitted	not_admitted	not_admitted	not_admitted	not_admitted	not_admitted	not_admitted	not_admitted	1	122;94758;95765;+;332.9	221;182660;184093;+;339.2	220;181630;182658;+;221.7	117;89559;92006;+;354.5	222;184106;187720;+;375.3	54;35196;36356;+;156.3	117;89559;92006;+;128.3	110;79163;79789;+;92.7	120;92828;94093;+;67.9	123;95881;98679;+;143.3	100;72174;74039;+;47.3	113;82000;82578;+;100.2	100;72174;74039;+;52.0	A	9/9	split_3	148910	0	1	
NZ_CP089769.1	MPF_F	IncFIB(K);IncFII(pKP91)	174	0	0	GA	0															not_admitted	not_admitted	not_admitted	not_admitted	not_admitted	not_admitted	not_admitted	not_admitted	not_admitted	not_admitted	1	14;10200;11189;+;361.7	25;17008;18375;+;382.9	21;14998;15750;+;232.7	10;6104;8743;+;257.3	26;18375;21218;+;344.5	2;1294;2718;+;88.8	10;6104;8743;+;89.1	0;1;567;+;169.3	16;11465;12112;+;65.9	17;12171;14126;+;259.7	29;23155;24681;+;341.4	3;2791;3375;+;54.4	29;23155;24681;+;55.1	A	9/9	contiguous	23154	1	1	21229..21753+;174;unnamed;0
NZ_CP089770.1	MPF_T	IncI2	133	0	0	GA	1	28;23062;23544;+;81.1		12;7203;7487;+;36.5	13;7493;9850;+;59.8	13;7493;9850;+;45.0	1;993;1640;+;41.6	0;1;987;+;120.4		14;10014;10748;+;144.3	15;10745;11515;+;169.8	16;11505;12644;+;154.7	72;57927;58658;+;134.7	66;51096;53054;+;286.3		pfam	pfam_only	A	7/7	rearranged	1	0	unscoreable	21	0	0														not_admitted	not_admitted	not_admitted	not_admitted	not_admitted	not_admitted	not_admitted
NZ_CP089871.1	MPF_F	IncFIB(K);IncFII(K);IncFII(pAR0022)	228	0	0	GA	0															not_admitted	not_admitted	not_admitted	not_admitted	not_admitted	not_admitted	not_admitted	not_admitted	not_admitted	not_admitted	1	38;23960;24949;+;363.3	49;30768;32135;+;384.1	45;28758;29510;+;233.7	34;19864;22503;+;259.0	50;32135;34957;+;346.4	24;14472;15896;+;89.5	34;19864;22503;+;88.7	22;13179;13745;+;167.0	40;25225;25872;+;65.9	41;25931;27886;+;259.4	54;37556;39868;+;393.1	26;16508;17092;+;53.8	54;37556;39868;+;66.6	A	9/9	contiguous	24377	1	1	34980..35582+;200;TraS;0
NZ_CP089873.1	MPF_T	IncN4	51	0	0	GA	1	40;25613;26353;+;34.8	42;26677;26967;+;45.6	43;27017;27331;+;65.3	44;27331;29961;+;123.5	44;27331;29961;+;87.4	45;29971;30678;+;114.7	47;30937;31980;+;126.7	48;32075;32245;+;41.4	49;32248;32964;+;145.6	50;32967;33854;+;144.4		0;1;1032;+;78.1	5;5440;7017;-;50.6		pfam	both	B	6/7	canonical	1	0	ga	6	0	0														not_admitted	not_admitted	not_admitted	not_admitted	not_admitted	not_admitted	not_admitted
NZ_CP089876.1	MPF_F	IncFII(K);IncQ1;repB(R1701)	140	0	0	GA	0															not_admitted	not_admitted	not_admitted	not_admitted	not_admitted	not_admitted	not_admitted	not_admitted	not_admitted	not_admitted	1	131;104336;105325;+;366.6	1;434;1801;+;384.0	137;108862;109614;+;233.3	127;100254;102893;+;258.5	2;1801;4650;+;346.4	120;95637;97061;+;89.2	127;100254;102893;+;88.2	118;94344;94910;+;169.3	132;105338;105976;+;66.9	133;106035;107990;+;259.7	6;7112;9424;+;393.1	121;97175;97759;+;53.6	6;7112;9424;+;66.6	A	9/9	split_2	108428	1	1	4653..5186+;177;unnamed;0
NZ_CP089878.1	MPF_I	IncC;IncFII(pSDP9R)	356	0	0	GA	0															not_admitted	not_admitted	not_admitted	not_admitted	not_admitted	not_admitted	not_admitted	not_admitted	not_admitted	not_admitted	1	195;174493;175500;-;332.9	315;271762;273195;-;339.2	316;273197;274225;-;221.7	200;178252;180699;-;354.5	314;268135;271749;-;375.3	259;234683;235843;-;156.3	200;178252;180699;-;128.3	207;190469;191095;-;92.7	197;176165;177430;-;67.9	194;171579;174377;-;145.3	216;194905;196770;-;47.3	204;187680;188258;-;100.2	216;194905;196770;-;52.0	A	9/9	split_3	101618	0	1	
NZ_CP089881.1	MPF_F	Col(pHAD28);IncFIB(K);IncFII(pKP91)	279	0	0	GA	0															not_admitted	not_admitted	not_admitted	not_admitted	not_admitted	not_admitted	not_admitted	not_admitted	not_admitted	not_admitted	1	97;89673;90662;-;363.3	86;82487;83854;-;382.2	90;85112;85864;-;233.7	101;92119;94758;-;259.4	85;79638;82487;-;342.9	111;98720;100144;-;89.2	101;92119;94758;-;88.3	113;100871;101437;-;167.9	95;88750;89397;-;65.9	94;86736;88691;-;259.5	81;75544;77826;-;393.3	109;97524;98108;-;53.8	81;75544;77826;-;65.9	A	9/9	contiguous	25327	1	1	79105..79635-;176;unnamed;0
NZ_CP089883.1	MPF_F	IncFIB(pNDM-Mar);RepB	285	0	0	GA	0															not_admitted	not_admitted	not_admitted	not_admitted	not_admitted	not_admitted	not_admitted	not_admitted	not_admitted	not_admitted	1	12;13553;14590;+;282.3	146;148439;149848;-;190.4	147;149838;150875;-;175.1	0;1;2718;+;149.6	145;144469;148437;-;121.3	281;258612;259982;+;65.6	0;1;2718;+;85.2	278;256106;256966;+;79.0	11;12192;13556;+;70.5	13;14600;17785;+;59.6	154;158074;160200;+;58.0	284;261313;262050;+;56.9	154;158074;160200;+;40.6	A	9/9	split_3	261312	0	1	
NZ_CP089885.1	MPF_F	IncFIB(K);IncFII(K)	251	0	0	GA	0															not_admitted	not_admitted	not_admitted	not_admitted	not_admitted	not_admitted	not_admitted	not_admitted	not_admitted	not_admitted	1	129;137653;138642;-;363.3	118;130467;131834;-;382.2	122;133092;133844;-;236.4	133;140099;142738;-;259.0	117;127624;130467;-;342.9	144;146705;148129;-;88.8	133;140099;142738;-;87.6	146;148856;149422;-;167.9	127;136730;137377;-;65.9	126;134716;136671;-;259.5	113;122727;125039;-;392.8	141;145509;146093;-;53.8	113;122727;125039;-;65.9	A	9/9	contiguous	26129	1	1	127089..127613-;174;unnamed;0
NZ_CP089886.1	MPF_F	IncFII(K);IncQ1;repB(R1701)	164	0	0	GA	0															not_admitted	not_admitted	not_admitted	not_admitted	not_admitted	not_admitted	not_admitted	not_admitted	not_admitted	not_admitted	1	108;79806;80795;+;366.6	118;86342;87709;+;384.0	114;84332;85084;+;233.3	104;75724;78363;+;258.5	119;87709;90558;+;346.4	97;71107;72531;+;89.2	104;75724;78363;+;88.2	95;69814;70380;+;169.3	109;80808;81446;+;66.9	110;81505;83460;+;259.7	123;93020;95332;+;393.1	98;72645;73229;+;53.6	123;93020;95332;+;66.6	A	9/9	contiguous	23206	1	1	90561..91094+;177;unnamed;0
NZ_CP089921.1	MPF_F	-	99	0	0	GA	0															not_admitted	not_admitted	not_admitted	not_admitted	not_admitted	not_admitted	not_admitted	not_admitted	not_admitted	not_admitted	1	76;69285;70271;+;351.5	83;74549;75904;+;347.9	80;72971;73720;+;205.4	73;65649;68240;+;239.9	84;75906;78767;+;304.7	70;63440;64765;+;95.6	73;65649;68240;+;92.0	68;62163;62729;+;137.2	78;70501;71109;+;68.1	79;71106;72974;+;238.8	86;79400;81565;+;358.4	72;65115;65636;+;33.2	86;79400;81565;+;65.5	A	9/9	contiguous	17237	1	1	78754..79326+;190;unnamed;0
NZ_CP089936.1	-	IncFII(Yp)	46	0	0	GA	0															not_admitted	not_admitted	not_admitted	not_admitted	not_admitted	not_admitted	not_admitted	not_admitted	not_admitted	not_admitted	1	32;19914;20900;+;355.9	37;24854;26218;+;363.9	35;23350;24135;+;196.3	29;16305;18899;+;219.2	38;26221;29064;+;314.6	23;13576;14937;+;92.0	29;16305;18899;+;90.2	21;12295;12864;+;134.8	33;20916;21521;+;67.2	34;21518;23350;+;248.7	41;30473;32611;+;369.5	28;15928;16308;+;54.6	41;30473;32611;+;66.9	A	9/9	contiguous	18178	1	1	29057..29884+;275;unnamed;0
NZ_CP089944.1	-	IncFII(Yp)	44	0	0	GA	0															not_admitted	not_admitted	not_admitted	not_admitted	not_admitted	not_admitted	not_admitted	not_admitted	not_admitted	not_admitted	1	30;19913;20899;+;355.9	35;24853;26217;+;363.9	33;23349;24134;+;196.3	27;16304;18898;+;219.2	36;26220;29063;+;314.6	22;13575;14936;+;92.0	27;16304;18898;+;90.2	20;12294;12863;+;134.8	31;20915;21520;+;67.2	32;21517;23349;+;248.7	39;30472;32610;+;369.5	26;15927;16307;+;55.7	39;30472;32610;+;66.9	A	9/9	contiguous	18178	1	1	29056..29883+;275;unnamed;0
NZ_CP089960.1	MPF_F	IncFIB(pNDM-Mar);IncHI1B(pNDM-MAR)	318	0	0	GA	0															not_admitted	not_admitted	not_admitted	not_admitted	not_admitted	not_admitted	not_admitted	not_admitted	not_admitted	not_admitted	1	202;201716;202753;-;282.3	25;23692;25101;+;190.4	24;22665;23702;+;175.6	214;213585;216302;-;149.6	26;25103;29071;+;121.3	218;218415;219785;-;65.6	214;213585;216302;-;85.2	221;221431;222291;-;79.0	203;202750;204111;-;70.3	201;198521;201706;-;59.6	17;13340;15466;-;57.7	215;216347;217084;-;56.9	17;13340;15466;-;41.0	A	9/9	split_2	208091	0	1	
NZ_CP089961.1	MPF_F	IncFIB(K);IncFII(K)	229	0	0	GA	0															not_admitted	not_admitted	not_admitted	not_admitted	not_admitted	not_admitted	not_admitted	not_admitted	not_admitted	not_admitted	1	155;147917;148906;-;363.3	144;140731;142098;-;382.2	148;143356;144108;-;236.4	159;150363;153002;-;259.0	143;137882;140731;-;342.9	170;156969;158393;-;87.6	159;150363;153002;-;87.6	172;159120;159686;-;167.9	153;146994;147641;-;65.9	152;144980;146935;-;259.5	139;133761;136070;-;392.8	167;155773;156357;-;53.8	139;133761;136070;-;65.8	A	9/9	contiguous	25359	1	1	137349..137879-;176;unnamed;0
NZ_CP089968.1	MPF_F	-	182	0	0	GA	0															not_admitted	not_admitted	not_admitted	not_admitted	not_admitted	not_admitted	not_admitted	not_admitted	not_admitted	not_admitted	1	79;74007;74993;-;382.2	73;68332;69729;-;383.6	75;69993;70826;-;221.1	84;76782;79265;-;300.9	72;64894;68328;-;380.6	86;79687;80940;-;114.1	84;76782;79265;-;109.8	88;81656;82210;-;161.6	78;73294;74046;-;111.8	77;71219;73297;-;263.1	51;46920;49229;-;504.4	85;79262;79690;-;72.4	51;46920;49229;-;92.2	A	9/9	contiguous	34736	0	1	
NZ_CP089969.1	MPF_F	-	151	0	0	GA	0															not_admitted	not_admitted	not_admitted	not_admitted	not_admitted	not_admitted	not_admitted	not_admitted	not_admitted	not_admitted	1	81;70233;71219;+;382.2	88;75492;76889;+;384.4	86;74395;75228;+;219.8	76;65961;68444;+;300.9	89;76893;79718;+;379.4	74;64286;65539;+;114.1	76;65961;68444;+;109.7	72;63016;63570;+;160.9	82;71180;71932;+;111.8	84;73448;74002;+;155.9	111;97365;99674;+;504.4	75;65536;65964;+;73.8	111;97365;99674;+;92.2	A	9/9	split_2	34349	0	1	
NZ_CP089972.1	MPF_T	-	37	0	0	GA	1	26;24669;25265;-;48.7	25;24365;24652;-;60.4	24;24019;24348;-;89.1	23;21662;24019;-;150.4	23;21662;24019;-;89.9	22;20946;21665;-;119.8	20;19762;20658;-;141.4		18;18844;19530;-;192.5	17;17996;18847;-;172.6	16;16849;17994;-;172.2	15;15824;16852;-;117.8	14;13686;15827;-;352.7		pfam	both	A	7/7	canonical	1	0	unscoreable	2	0	0														not_admitted	not_admitted	not_admitted	not_admitted	not_admitted	not_admitted	not_admitted
NZ_CP089987.1	MPF_T	IncX3	58	0	0	GA	1	20;12366;13010;+;46.4	21;12994;13284;+;73.1	22;13309;16062;+;47.0	22;13309;16062;+;142.4	22;13309;16062;+;73.3	23;16072;16842;+;60.1	25;17121;18176;+;133.2		26;18371;19099;+;119.4	27;19105;20034;+;138.8	28;20031;21245;+;128.3	30;21441;22475;+;65.7	31;22478;24313;+;495.9		pfam	pfam_only	A	7/7	canonical	1	1	unscoreable	2	0	0														not_admitted	not_admitted	not_admitted	not_admitted	not_admitted	not_admitted	not_admitted
NZ_CP090025.1	MPF_T	-	47	0	0	GA	1	43;47476;48087;+;45.4	44;48104;48391;+;59.8	45;48408;48737;+;89.1	0;52;1392;+;29.8		1;1392;2111;+;123.3	3;2399;3295;+;142.6		5;3527;4213;+;192.0	6;4210;5061;+;175.0	7;5063;6205;+;174.1	8;6202;7230;+;119.7	9;7227;9368;+;354.8		pfam	both	A	7/7	canonical	1	0	unscoreable	2	0	0														not_admitted	not_admitted	not_admitted	not_admitted	not_admitted	not_admitted	not_admitted
NZ_CP090062.1	MPF_F	ColRNAI;IncFIB(K);IncFII(K)	205	0	0	GA	0															not_admitted	not_admitted	not_admitted	not_admitted	not_admitted	not_admitted	not_admitted	not_admitted	not_admitted	not_admitted	1	151;146986;147978;-;366.6	141;140165;141535;-;381.2	145;142737;143489;-;232.4	154;149004;151643;-;258.7	140;137316;140165;-;344.2	163;155458;156882;-;89.2	154;149004;151643;-;88.8	165;157609;158199;-;164.5	150;146335;146973;-;67.0	149;144332;146338;-;259.0	136;133193;135502;-;393.2	161;154277;154846;-;49.7	136;133193;135502;-;65.8	A	9/9	contiguous	24416	1	1	136783..137313-;176;unnamed;0
NZ_CP090079.1	MPF_F	IncFIB(K);IncFII(K)	250	0	0	GA	0															not_admitted	not_admitted	not_admitted	not_admitted	not_admitted	not_admitted	not_admitted	not_admitted	not_admitted	not_admitted	1	129;132005;132994;-;363.3	118;124819;126186;-;382.2	122;127444;128196;-;236.4	133;134451;137090;-;259.0	117;121970;124819;-;342.9	144;141057;142481;-;88.8	133;134451;137090;-;87.6	146;143208;143774;-;167.9	127;131082;131729;-;65.9	126;129068;131023;-;259.5	113;117849;120158;-;392.8	141;139861;140445;-;53.8	113;117849;120158;-;65.8	A	9/9	contiguous	25359	1	1	121437..121967-;176;unnamed;0
NZ_CP090080.1	MPF_F	IncU;repFIB;repHI5B	351	0	0	GA	0															not_admitted	not_admitted	not_admitted	not_admitted	not_admitted	not_admitted	not_admitted	not_admitted	not_admitted	not_admitted	1	272;233233;234270;-;282.2	156;127558;129000;-;188.4	157;128957;129994;-;172.4	283;245139;247856;-;143.5	155;123618;127583;-;117.7	287;249979;251346;-;63.7	283;245139;247856;-;80.6	290;253001;253861;-;73.9	273;234267;235628;-;71.7	271;230042;233218;-;58.7	164;137223;139349;+;62.0	284;247905;248642;-;56.3	164;137223;139349;+;39.7	A	9/9	split_2	129383	0	1	
NZ_CP090091.1	MPF_T	-	353	0	0	GA	1		104;110013;110396;-;73.5	103;109721;110020;-;62.7	102;107260;109710;-;172.8	102;107260;109710;-;124.4	101;106485;107282;-;49.7	99;105113;106294;-;113.9		98;104430;105092;-;127.2	97;103600;104412;-;185.9	95;101846;103144;-;213.1	105;110386;111363;-;128.3	80;88350;90281;-;544.9		conjscan	conjscan_only	A	7/7	canonical	1	0	unscoreable	3	0	0														not_admitted	not_admitted	not_admitted	not_admitted	not_admitted	not_admitted	not_admitted
NZ_CP090093.1	MPF_T	-	1135	0	0	GA	1	635;684647;685309;+;22.6	636;685306;685605;+;90.4	637;685605;685949;+;102.2	638;685942;688308;+;170.3	638;685942;688308;+;108.9	639;688308;689003;+;198.7	641;689237;690157;+;163.7		643;690496;691167;+;209.6	644;691164;692021;+;183.0	645;692031;693203;+;180.5	646;693212;694252;+;108.0	1048;1085847;1087760;-;331.4		pfam	both	A	7/7	canonical	1	0	unscoreable	2	0	0														not_admitted	not_admitted	not_admitted	not_admitted	not_admitted	not_admitted	not_admitted
NZ_CP090100.1	MPF_T	-	383	0	0	GA	1	4;4026;4442;-;71.0	276;266373;267047;+;71.8	276;266373;267047;+;61.2	206;195695;198214;-;139.1	277;267058;267792;+;122.4		202;192446;193519;-;83.4		201;191689;192417;-;108.3	200;190862;191692;-;184.3	199;189513;190850;-;193.7	275;265406;266383;+;129.1	280;268379;270289;+;503.6		none	none	A	7/7	canonical	0	0	unscoreable	4	0	0														not_admitted	not_admitted	not_admitted	not_admitted	not_admitted	not_admitted	not_admitted
NZ_CP090127.1	MPF_I	IncFII(pSDP9R);IncX6	136	0	0	GA	1	42;42674;43153;-;73.3	108;89132;89425;-;50.5	107;86353;89118;-;58.7	107;86353;89118;-;129.2	107;86353;89118;-;55.1	106;85601;86341;-;110.2	104;84084;85142;-;122.9		102;83194;83880;-;167.1	101;82277;83197;-;144.2	100;80988;82277;-;131.5	39;40204;41391;-;122.0	98;78140;79966;-;384.8		pfam	pfam_only	A	7/7	canonical	1	1	unscoreable	4	0	0														not_admitted	not_admitted	not_admitted	not_admitted	not_admitted	not_admitted	not_admitted
NZ_CP090128.1	MPF_F	IncFII(Yp);IncFII(pAR0022)	101	0	0	GA	0															not_admitted	not_admitted	not_admitted	not_admitted	not_admitted	not_admitted	not_admitted	not_admitted	not_admitted	not_admitted	1	69;62027;63013;-;370.3	61;55945;57315;-;377.3	65;58532;59281;-;218.1	72;64007;66637;-;285.5	60;53081;55945;-;334.5	78;68668;70062;-;90.9	72;64007;66637;-;100.7	80;70779;71345;-;170.1	68;61382;62011;-;66.1	67;59532;61385;-;259.5	57;49263;51455;-;385.2	77;68107;68646;-;66.8	57;49263;51455;-;63.9	A	9/9	contiguous	21516	1	1	52633..53064-;143;TraS;1
NZ_CP090129.1	MPF_T	IncX3	67	0	0	GA	1	51;38961;39605;+;46.4	52;39589;39879;+;73.1	53;39904;42657;+;47.0	53;39904;42657;+;142.4	53;39904;42657;+;73.3	54;42667;43437;+;60.1	56;43716;44771;+;133.2		57;44966;45694;+;119.4	58;45700;46629;+;138.8	59;46626;47840;+;128.3	61;48036;49070;+;65.7	62;49073;50908;+;495.9		pfam	pfam_only	A	7/7	canonical	1	1	unscoreable	2	0	0														not_admitted	not_admitted	not_admitted	not_admitted	not_admitted	not_admitted	not_admitted
NZ_CP090134.1	MPF_F	IncHI2;IncHI2A	329	0	0	GA	0															not_admitted	not_admitted	not_admitted	not_admitted	not_admitted	not_admitted	not_admitted	not_admitted	not_admitted	not_admitted	1	27;31707;32765;+;276.9	136;124948;126363;+;194.1	135;123912;124958;+;174.3	11;8955;11636;+;168.0	137;126372;130325;+;101.6	7;5270;6625;+;80.7	11;8955;11636;+;72.2	4;2758;3546;+;74.8	25;30054;31565;+;62.0	32;36183;38417;+;59.3	128;114786;116870;-;56.8	10;7996;8946;+;46.1	128;114786;116870;-;38.8	A	9/9	split_3	123614	1	1	130506..131795+;429;unnamed;0
NZ_CP090138.1	MPF_F	ColRNAI;IncHI2;IncHI2A	334	0	0	GA	0															not_admitted	not_admitted	not_admitted	not_admitted	not_admitted	not_admitted	not_admitted	not_admitted	not_admitted	not_admitted	1	27;31707;32765;+;276.9	141;131675;133090;+;194.1	140;130639;131685;+;174.3	11;8955;11636;+;168.0	142;133099;137052;+;101.6	7;5270;6625;+;80.7	11;8955;11636;+;72.2	4;2758;3546;+;74.8	25;30054;31565;+;62.0	32;36183;38417;+;59.3	133;121513;123597;-;56.8	10;7996;8946;+;46.1	133;121513;123597;-;38.8	A	9/9	split_3	130341	1	1	137233..138522+;429;unnamed;0
NZ_CP090142.1	MPF_F	IncHI2;IncHI2A	329	0	0	GA	0															not_admitted	not_admitted	not_admitted	not_admitted	not_admitted	not_admitted	not_admitted	not_admitted	not_admitted	not_admitted	1	27;31707;32765;+;276.9	233;211407;212822;-;194.1	234;212812;213858;-;174.3	11;8955;11636;+;168.0	232;207445;211398;-;101.6	7;5270;6625;+;80.7	11;8955;11636;+;72.2	4;2758;3546;+;74.8	25;30054;31565;+;62.0	32;36183;38417;+;59.3	241;220900;222984;+;56.8	10;7996;8946;+;46.1	241;220900;222984;+;38.8	A	9/9	split_3	218142	1	1	205975..207264-;429;unnamed;0
NZ_CP090161.1	MPF_F	IncFII(pCoo)	76	0	0	GA	0															not_admitted	not_admitted	not_admitted	not_admitted	not_admitted	not_admitted	not_admitted	not_admitted	not_admitted	not_admitted	1	1;630;1622;+;369.5	12;7406;8779;+;385.7	6;4728;5471;+;234.1	75;65282;67909;+;300.6	13;8776;11598;+;385.6	70;61940;63391;+;93.9	75;65282;67909;+;99.5	68;60659;61225;+;182.3	3;1966;2604;+;68.7	4;2601;4451;+;266.7	16;12473;14689;+;389.3	73;64251;64766;+;76.5	16;12473;14689;+;68.1	A	9/9	split_2	64652	1	1	11619..12116+;165;TraS;0
NZ_CP090162.1	MPF_F	IncFII(pSE11)	118	0	0	GA	0															not_admitted	not_admitted	not_admitted	not_admitted	not_admitted	not_admitted	not_admitted	not_admitted	not_admitted	not_admitted	1	1;550;1542;+;369.5	15;8266;9639;+;386.0	8;5318;6061;+;234.4	116;89545;92175;+;297.8	16;9636;12461;+;386.5	108;84673;86100;+;93.9	116;89545;92175;+;98.7	106;83392;83958;+;174.3	3;1886;2524;+;68.6	6;3236;5041;+;267.0	20;14703;17009;+;381.9	111;86984;87499;+;78.4	20;14703;17009;+;66.7	A	9/9	split_2	88995	1	1	12458..12967+;169;unnamed;0
NZ_CP090185.1	MPF_T	-	78	0	0	GA	1				41;36903;38918;-;21.3									35;31324;32877;-;457.4		none	none	D	2/7	uncallable	0	0	unscoreable	5	0	0														not_admitted	not_admitted	not_admitted	not_admitted	not_admitted	not_admitted	not_admitted
NZ_CP090197.1	MPF_F	IncFII(pSE11)	112	0	0	GA	0															not_admitted	not_admitted	not_admitted	not_admitted	not_admitted	not_admitted	not_admitted	not_admitted	not_admitted	not_admitted	1	108;93754;94746;+;369.5	8;3202;4575;+;381.7	1;254;997;+;234.4	105;90115;92745;+;297.8	9;4572;7397;+;374.0	98;85646;87073;+;93.9	105;90115;92745;+;98.7	96;84365;84931;+;174.3	110;95090;95728;+;67.3	111;95725;97575;+;266.9	15;10952;13204;+;391.7	101;87957;88472;+;78.4	15;10952;13204;+;70.3	A	9/9	split_2	95471	1	1	7394..7903+;169;unnamed;0
NZ_CP090204.1	MPF_F	IncFII(pHN7A8);IncR	165	0	0	GA	0															not_admitted	not_admitted	not_admitted	not_admitted	not_admitted	not_admitted	not_admitted	not_admitted	not_admitted	not_admitted	1	4;2280;3272;-;369.5			7;4281;6908;-;301.8		12;8963;10390;-;94.1	7;4281;6908;-;101.8	14;11105;11671;-;183.8	1;804;1334;-;68.4		7;4281;6908;-;20.8	8;7424;7939;-;77.6		D	5/9	contiguous	10301	0	0	
NZ_CP090205.1	MPF_F	IncC	175	0	0	GA	0															not_admitted	not_admitted	not_admitted	not_admitted	not_admitted	not_admitted	not_admitted	not_admitted	not_admitted	not_admitted	1	173;138393;139400;-;332.9	105;80247;81680;-;339.2	106;81682;82710;-;221.7	3;1875;4322;-;354.2	104;76620;80234;-;375.3	13;16316;17632;-;135.0	3;1875;4322;-;128.6	15;18530;19156;-;92.1		172;135482;138277;-;145.3	24;22966;24831;-;47.4	12;15741;16319;-;100.2	24;22966;24831;-;52.0	B	8/9	split_3	136518	0	1	
NZ_CP090210.1	-	-	91	0	0	GA	0															not_admitted	not_admitted	not_admitted	not_admitted	not_admitted	not_admitted	not_admitted	not_admitted	not_admitted	not_admitted	1	24;29648;30652;-;373.1	19;24566;25930;-;351.5	21;26512;27285;-;217.3	28;32621;35227;-;211.8	18;21696;24563;-;257.8	32;36289;37665;-;85.5	28;32621;35227;-;91.1	34;38373;38945;-;89.0	23;29197;29637;-;57.4	22;27288;29141;-;233.9	15;17834;19996;-;381.5	29;35235;35786;-;29.5	15;17834;19996;-;63.5	A	9/9	contiguous	20539	1	1	21157..21696-;179;unnamed;0
NZ_CP090214.1	MPF_F	IncFII	105	0	0	GA	0															not_admitted	not_admitted	not_admitted	not_admitted	not_admitted	not_admitted	not_admitted	not_admitted	not_admitted	not_admitted	1	81;66434;67426;+;369.5	91;73205;74578;+;381.7	86;70532;71275;+;234.4	78;62795;65425;+;304.1	92;74575;77397;+;374.0	71;58345;59796;+;94.2	78;62795;65425;+;97.1	69;57064;57630;+;174.3	83;67770;68408;+;68.6	84;68405;70255;+;266.1	96;79669;81921;+;391.1	74;60656;61171;+;78.4	96;79669;81921;+;70.3	A	9/9	contiguous	22605	1	1	77419..77898+;159;TraS;0
NZ_CP090219.1	MPF_F	IncFII(pHN7A8);IncR	215	0	0	GA	0															not_admitted	not_admitted	not_admitted	not_admitted	not_admitted	not_admitted	not_admitted	not_admitted	not_admitted	not_admitted	1	66;52704;53696;+;369.5	79;60529;61902;+;376.8	74;58220;58963;+;234.4	63;49068;51695;+;301.8	80;61899;64715;+;376.7	58;45586;47013;+;94.1	63;49068;51695;+;101.8	56;44305;44871;+;183.8	69;54642;55280;+;70.4	72;56093;57943;+;265.0	85;68082;70289;+;391.7	62;48037;48552;+;77.6	85;68082;70289;+;70.3	A	9/9	contiguous	23777	1	1	64748..65077+;109;unnamed;0
NZ_CP090220.1	MPF_F	IncFIB(K);IncFII(K);IncFII(pAR0022)	197	0	0	GA	0															not_admitted	not_admitted	not_admitted	not_admitted	not_admitted	not_admitted	not_admitted	not_admitted	not_admitted	not_admitted	1	143;150441;151430;-;366.6	133;143527;144894;-;384.5	137;146152;146904;-;231.8	147;152884;155526;-;258.5	132;140705;143527;-;346.4	154;158739;160163;-;89.2	147;152884;155526;-;88.2	156;160890;161456;-;169.3	142;149790;150428;-;66.9	141;147776;149731;-;259.7	128;135781;138090;-;392.8	153;158041;158625;-;54.3	128;135781;138090;-;65.8	A	9/9	contiguous	25109	1	1	140080..140682-;200;TraS;0
NZ_CP090306.1	MPF_F	IncFII	99	0	0	GA	0															not_admitted	not_admitted	not_admitted	not_admitted	not_admitted	not_admitted	not_admitted	not_admitted	not_admitted	not_admitted	1	75;59539;60531;+;369.5	85;66310;67683;+;381.7	80;63637;64380;+;234.4	72;55900;58530;+;304.1	86;67680;70502;+;374.0	65;51450;52901;+;94.2	72;55900;58530;+;97.1	63;50169;50735;+;174.3	77;60875;61513;+;68.6	78;61510;63360;+;266.1	90;72774;74999;+;391.1	68;53761;54276;+;78.4	90;72774;74999;+;70.3	A	9/9	contiguous	22605	1	1	70524..71003+;159;TraS;0
NZ_CP090308.1	MPF_T	IncX3	59	0	0	GA	1	19;18008;18652;-;46.4	18;17734;18024;-;73.1	17;14956;17709;-;47.0	17;14956;17709;-;142.4	17;14956;17709;-;73.3	16;14176;14946;-;60.1	14;12842;13897;-;133.2		13;11919;12647;-;119.4	12;10984;11913;-;138.8	11;9773;10987;-;128.3	9;8543;9577;-;65.7	8;6705;8540;-;495.9		pfam	pfam_only	A	7/7	canonical	1	1	unscoreable	2	0	0														not_admitted	not_admitted	not_admitted	not_admitted	not_admitted	not_admitted	not_admitted
NZ_CP090317.1	MPF_T	-	34	0	0	GA	1		18;16112;16432;-;54.6		16;13347;15761;-;86.4	16;13347;15761;-;43.3	15;12679;13344;-;120.9	10;10340;11311;-;128.3		9;9626;10336;-;154.2	8;8850;9629;-;174.5	7;7549;8847;-;191.3	6;6528;7571;-;83.1	5;4255;6531;-;343.5		pfam	both	A	7/7	canonical	1	0	unscoreable	5	0	0														not_admitted	not_admitted	not_admitted	not_admitted	not_admitted	not_admitted	not_admitted
NZ_CP090388.1	-	-	70	0	0	GA	1	33;19422;19940;-;96.5			55;37054;39423;-;77.4	55;37054;39423;-;53.3	54;36387;37052;-;57.6	53;35357;36310;-;99.7		51;34431;35195;-;139.0	50;33689;34441;-;164.0	49;32479;33696;-;151.4	41;24688;26265;-;191.6	31;17364;19145;-;325.2		pfam	pfam_only	A	7/7	canonical	1	0	unscoreable	14	0	0														not_admitted	not_admitted	not_admitted	not_admitted	not_admitted	not_admitted	not_admitted
NZ_CP090390.1	MPF_F	IncFIB(K);IncFII(K)	259	0	0	GA	0															not_admitted	not_admitted	not_admitted	not_admitted	not_admitted	not_admitted	not_admitted	not_admitted	not_admitted	not_admitted	1	206;210339;211328;-;363.3	195;203153;204520;-;382.2	199;205778;206530;-;236.4	210;212785;215424;-;259.0	194;200310;203153;-;342.9	221;219391;220815;-;88.8	210;212785;215424;-;87.6	223;221542;222108;-;167.9	204;209416;210063;-;65.9	203;207402;209357;-;259.5	190;195413;197725;-;392.8	218;218195;218779;-;53.8	190;195413;197725;-;65.9	A	9/9	contiguous	26129	1	1	199775..200299-;174;unnamed;0
NZ_CP090391.1	MPF_F	IncFII(pAR0022);IncFII(pBK30683)	193	0	0	GA	0															not_admitted	not_admitted	not_admitted	not_admitted	not_admitted	not_admitted	not_admitted	not_admitted	not_admitted	not_admitted	1	168;145163;146155;+;372.3	179;152189;153559;+;383.1	176;150668;151420;+;222.2	165;141498;144137;+;254.8	180;153559;156414;+;333.3	157;136886;138307;+;86.6	165;141498;144137;+;88.2	155;135599;136165;+;159.4	169;146168;146815;+;68.8	171;147192;149147;+;253.1	183;158159;160477;+;390.7	159;138768;139352;+;55.9	183;158159;160477;+;66.8	A	9/9	contiguous	22560	1	1	156431..157102+;223;unnamed;0
NZ_CP090394.1	MPF_F	IncFIB(K);IncFII(K)	254	0	0	GA	0															not_admitted	not_admitted	not_admitted	not_admitted	not_admitted	not_admitted	not_admitted	not_admitted	not_admitted	not_admitted	1	201;204100;205089;-;363.3	190;196914;198281;-;382.2	194;199539;200291;-;236.4	205;206546;209185;-;259.0	189;194071;196914;-;342.9	216;213152;214576;-;88.8	205;206546;209185;-;87.6	218;215303;215869;-;167.9	199;203177;203824;-;65.9	198;201163;203118;-;259.5	185;189174;191486;-;392.8	213;211956;212540;-;53.8	185;189174;191486;-;65.9	A	9/9	contiguous	26129	1	1	193536..194060-;174;unnamed;0
NZ_CP090395.1	MPF_F	IncFII(pAR0022);IncFII(pBK30683)	193	0	0	GA	0															not_admitted	not_admitted	not_admitted	not_admitted	not_admitted	not_admitted	not_admitted	not_admitted	not_admitted	not_admitted	1	168;145187;146179;+;372.3	179;152213;153583;+;383.1	176;150692;151444;+;222.2	165;141522;144161;+;254.8	180;153583;156438;+;333.3	157;136910;138331;+;86.6	165;141522;144161;+;88.2	155;135623;136189;+;159.4	169;146192;146839;+;68.8	171;147216;149171;+;253.1	183;158183;160501;+;390.7	159;138792;139376;+;55.9	183;158183;160501;+;66.8	A	9/9	contiguous	22560	1	1	156455..157126+;223;unnamed;0
NZ_CP090430.1	MPF_F	IncC	182	0	0	GA	0															not_admitted	not_admitted	not_admitted	not_admitted	not_admitted	not_admitted	not_admitted	not_admitted	not_admitted	not_admitted	1	113;87100;88107;+;332.9	171;136664;138097;+;339.2	170;135634;136662;+;221.7	105;79443;81890;+;354.5	172;138110;141724;+;375.3	99;69259;70575;+;135.0	105;79443;81890;+;128.3	97;67735;68361;+;92.7	108;82712;83977;+;67.9	114;88223;91021;+;145.3	88;62060;63925;+;47.3	100;70572;71150;+;100.2	88;62060;63925;+;52.0	A	9/9	split_2	76050	0	1	
NZ_CP090449.1	MPF_F	IncFII	114	0	0	GA	0															not_admitted	not_admitted	not_admitted	not_admitted	not_admitted	not_admitted	not_admitted	not_admitted	not_admitted	not_admitted	1	22;18182;19174;+;369.3	30;23870;25243;+;380.7	26;21906;22649;+;232.7	19;14546;17173;+;303.5	31;25240;28062;+;380.3	15;11207;12634;+;94.3	19;14546;17173;+;100.3	13;9926;10492;+;183.8	23;19183;19821;+;68.3	24;19818;21626;+;268.3	34;29596;31785;+;391.8	18;13515;14030;+;78.0	34;29596;31785;+;70.4	A	9/9	contiguous	19670	1	1	28083..28580+;165;TraS;0
NZ_CP090450.1	MPF_F	IncFIB(AP001918);IncFIC(FII)	124	0	0	GA	0															not_admitted	not_admitted	not_admitted	not_admitted	not_admitted	not_admitted	not_admitted	not_admitted	not_admitted	not_admitted	1	40;36611;37603;-;369.3	32;30542;31915;-;380.7	36;33136;33879;-;232.7	43;38612;41239;-;303.5	31;27723;30545;-;380.3	47;43151;44578;-;94.3	43;38612;41239;-;100.3	49;45293;45859;-;183.8	39;35964;36602;-;68.3	38;34159;35967;-;268.3	28;24000;26189;-;391.8	44;41755;42270;-;78.0	28;24000;26189;-;70.4	A	9/9	contiguous	21293	1	1	27205..27702-;165;TraS;0
NZ_CP090451.1	MPF_T	IncX3	61	0	0	GA	1	10;10812;11456;-;46.4	9;10538;10828;-;73.1	8;7760;10513;-;47.0	8;7760;10513;-;142.4	8;7760;10513;-;73.3	7;6980;7750;-;60.1	5;5646;6701;-;133.2		4;4723;5451;-;119.4	3;3788;4717;-;138.8	2;2577;3791;-;128.3	0;1347;2381;-;65.7	60;47358;47789;-;107.7		pfam	pfam_only	A	7/7	canonical	1	1	unscoreable	2	0	0														not_admitted	not_admitted	not_admitted	not_admitted	not_admitted	not_admitted	not_admitted
NZ_CP090458.1	MPF_F	IncFIA;IncFIB(AP001918);IncFII;IncQ1	167	0	0	GA	0															not_admitted	not_admitted	not_admitted	not_admitted	not_admitted	not_admitted	not_admitted	not_admitted	not_admitted	not_admitted	1	143;121434;122426;+;369.5	153;128205;129578;+;381.7	148;125532;126275;+;234.4	140;117795;120425;+;304.1	154;129575;132397;+;374.0	132;112942;114393;+;94.2	140;117795;120425;+;97.1	130;111661;112227;+;174.3	145;122770;123408;+;68.6	146;123405;125255;+;266.1	158;134669;136858;+;391.2	135;115253;115768;+;78.4	158;134669;136858;+;70.3	A	9/9	contiguous	23008	1	1	132419..132898+;159;TraS;0
NZ_CP090459.1	MPF_T	IncX3	57	0	0	GA	1	25;16622;17266;+;46.4	26;17250;17540;+;73.1	27;17565;20318;+;47.0	27;17565;20318;+;142.4	27;17565;20318;+;73.3	28;20328;21098;+;60.1	30;21377;22432;+;133.2		31;22627;23355;+;119.4	32;23361;24290;+;138.8	33;24287;25501;+;128.3	35;25697;26731;+;65.7	36;26734;28569;+;495.9		pfam	pfam_only	A	7/7	canonical	1	1	unscoreable	2	0	0														not_admitted	not_admitted	not_admitted	not_admitted	not_admitted	not_admitted	not_admitted
NZ_CP090471.1	MPF_F	IncFII(K);repB(R1701)	163	0	0	GA	0															not_admitted	not_admitted	not_admitted	not_admitted	not_admitted	not_admitted	not_admitted	not_admitted	not_admitted	not_admitted	1	104;77334;78326;+;362.9	117;85844;87214;+;382.7	113;83890;84642;+;230.7	101;73669;76308;+;259.2	118;87214;90057;+;346.5	90;68211;69635;+;90.9	101;73669;76308;+;88.7	88;66918;67484;+;169.3	108;80357;81004;+;66.0	109;81063;83018;+;259.7	122;92642;94954;+;392.8	93;70452;71036;+;53.4	122;92642;94954;+;65.9	A	9/9	contiguous	25724	1	1	90068..90592+;174;unnamed;0
NZ_CP090500.1	MPF_F	-	69	0	0	GA	0															not_admitted	not_admitted	not_admitted	not_admitted	not_admitted	not_admitted	not_admitted	not_admitted	not_admitted	not_admitted	1	19;24740;25516;-;302.0	12;18599;19972;-;319.1	15;20735;21493;-;191.1	28;28923;31508;-;201.0	11;15885;18596;-;280.1	30;31943;33427;-;88.9	28;28923;31508;-;94.0	32;34177;34731;-;133.0	17;23301;23948;-;88.5	16;21490;23304;-;248.2	9;13233;15362;-;385.4	29;31517;31933;-;40.9	9;13233;15362;-;69.0	A	9/9	contiguous	20944	0	1	
NZ_CP090503.1	MPF_F	-	70	0	0	GA	0															not_admitted	not_admitted	not_admitted	not_admitted	not_admitted	not_admitted	not_admitted	not_admitted	not_admitted	not_admitted	1	62;68443;69219;+;302.0	69;73987;75360;+;319.1	66;72466;73224;+;191.1	53;62451;65036;+;201.0	0;1;2712;+;280.1	51;60532;62016;+;88.9	53;62451;65036;+;94.0	49;59228;59782;+;133.0	64;70011;70658;+;88.5	65;70655;72469;+;248.2	2;3235;5364;+;385.4	52;62026;62442;+;40.9	2;3235;5364;+;69.0	A	9/9	split_2	73986	0	1	
NZ_CP090505.1	MPF_T	-	32	0	0	GA	1		16;15380;15700;-;54.6		14;12615;15029;-;86.4	14;12615;15029;-;43.3	13;11947;12612;-;120.9	10;10340;11311;-;128.3		9;9626;10336;-;154.4	8;8850;9629;-;173.9	7;7549;8847;-;191.3	6;6528;7571;-;83.1	5;4255;6531;-;343.5		pfam	both	A	7/7	canonical	1	0	unscoreable	3	0	0														not_admitted	not_admitted	not_admitted	not_admitted	not_admitted	not_admitted	not_admitted
NZ_CP090507.1	MPF_T	-	32	0	0	GA	1		16;15380;15700;-;54.6		14;12615;15029;-;86.4	14;12615;15029;-;43.3	13;11947;12612;-;120.9	10;10340;11311;-;128.3		9;9626;10336;-;154.4	8;8850;9629;-;173.9	7;7549;8847;-;191.3	6;6528;7571;-;83.1	5;4255;6531;-;343.5		pfam	both	A	7/7	canonical	1	0	unscoreable	3	0	0														not_admitted	not_admitted	not_admitted	not_admitted	not_admitted	not_admitted	not_admitted
NZ_CP090509.1	MPF_T	-	34	0	0	GA	1		18;16112;16432;-;54.6		16;13347;15761;-;86.4	16;13347;15761;-;43.3	15;12679;13344;-;120.9	10;10340;11311;-;128.3		9;9626;10336;-;154.2	8;8850;9629;-;174.5	7;7549;8847;-;191.3	6;6528;7571;-;83.1	5;4255;6531;-;343.5		pfam	both	A	7/7	canonical	1	0	unscoreable	5	0	0														not_admitted	not_admitted	not_admitted	not_admitted	not_admitted	not_admitted	not_admitted
NZ_CP090512.1	MPF_T	-	34	0	0	GA	1		18;16091;16411;-;53.1		16;13398;15740;-;84.5	16;13398;15740;-;43.6	15;12658;13323;-;120.3	11;10691;11662;-;123.3		10;9977;10687;-;157.1	9;9201;9980;-;172.9	8;7879;9198;-;194.5	7;6858;7901;-;83.1	6;4585;6861;-;343.7		pfam	both	A	7/7	canonical	1	0	unscoreable	4	0	0														not_admitted	not_admitted	not_admitted	not_admitted	not_admitted	not_admitted	not_admitted
NZ_CP090516.1	MPF_T	-	39	0	0	GA	1		38;37704;38096;+;58.1	0;57;323;+;33.1	1;311;2875;+;104.6	1;311;2875;+;109.4	6;6399;6971;+;60.2	8;7246;8616;+;109.1		2;2872;3588;+;92.4	3;3605;4495;+;169.0	5;4980;6380;+;207.2	37;36729;37691;+;139.7	21;21779;23713;-;468.1		conjscan	conjscan_only	A	7/7	canonical	1	0	unscoreable	3	0	0														not_admitted	not_admitted	not_admitted	not_admitted	not_admitted	not_admitted	not_admitted
NZ_CP090530.1	MPF_F	IncHI2;IncHI2A	266	0	0	GA	0															not_admitted	not_admitted	not_admitted	not_admitted	not_admitted	not_admitted	not_admitted	not_admitted	not_admitted	not_admitted	1	27;31208;32266;+;276.9	182;168256;169671;-;194.1	183;169661;170707;-;174.3	11;8955;11636;+;168.0	181;164294;168247;-;101.7	7;5270;6625;+;80.7	11;8955;11636;+;72.2	4;2758;3546;+;74.8	25;29555;31066;+;62.0	28;32285;35473;+;57.3	190;177749;179833;+;56.8	10;7996;8946;+;46.1	190;177749;179833;+;38.8	A	9/9	split_3	174991	1	1	162824..164113-;429;unnamed;0
NZ_CP090534.1	MPF_F	IncHI2;IncHI2A	315	0	0	GA	0															not_admitted	not_admitted	not_admitted	not_admitted	not_admitted	not_admitted	not_admitted	not_admitted	not_admitted	not_admitted	1	27;31207;32265;+;276.9	232;220630;222045;-;193.7	233;222035;223081;-;174.3	11;8955;11636;+;168.0	231;216668;220621;-;101.7	7;5270;6625;+;80.7	11;8955;11636;+;72.2	4;2758;3546;+;74.8	25;29554;31065;+;62.0	28;32284;35472;+;57.3	240;230123;232207;+;56.8	10;7996;8946;+;46.1	240;230123;232207;+;38.8	A	9/9	split_3	227365	1	1	215198..216487-;429;unnamed;0
NZ_CP090536.1	MPF_F	IncHI2;IncHI2A	175	0	0	GA	0															not_admitted	not_admitted	not_admitted	not_admitted	not_admitted	not_admitted	not_admitted	not_admitted	not_admitted	not_admitted	1	27;31208;32266;+;276.9			11;8955;11636;+;168.0		7;5270;6625;+;80.7	11;8955;11636;+;72.2	4;2758;3546;+;74.8	25;29555;31066;+;62.0	28;32285;35473;+;53.6		10;7996;8946;+;46.1		C	6/9	split_2	29527	0	1	
NZ_CP090540.1	MPF_F	IncHI2;IncHI2A;IncQ1	264	0	0	GA	0															not_admitted	not_admitted	not_admitted	not_admitted	not_admitted	not_admitted	not_admitted	not_admitted	not_admitted	not_admitted	1	27;31208;32266;+;276.9	181;168546;169961;-;194.1	182;169951;170997;-;174.3	11;8955;11636;+;168.3	180;164584;168537;-;101.6	7;5270;6625;+;80.7	11;8955;11636;+;72.2	4;2758;3546;+;74.8	25;29555;31066;+;62.0	28;32285;35473;+;57.3	189;178039;180123;+;56.8	10;7996;8946;+;46.1	189;178039;180123;+;38.8	A	9/9	split_3	175281	1	1	163114..164403-;429;unnamed;0
NZ_CP090542.1	MPF_F	IncHI2;IncHI2A	147	0	0	GA	0															not_admitted	not_admitted	not_admitted	not_admitted	not_admitted	not_admitted	not_admitted	not_admitted	not_admitted	not_admitted	1	27;31208;32266;+;276.9			11;8955;11636;+;168.0		7;5270;6625;+;80.7	11;8955;11636;+;72.2	4;2758;3546;+;74.8	25;29555;31066;+;62.0	28;32285;35473;+;57.3		10;7996;8946;+;46.1		C	6/9	split_2	29527	0	1	
NZ_CP090546.1	MPF_F	IncHI2;IncHI2A;IncQ1	271	0	0	GA	0															not_admitted	not_admitted	not_admitted	not_admitted	not_admitted	not_admitted	not_admitted	not_admitted	not_admitted	not_admitted	1	27;31208;32266;+;276.9	189;176912;178327;-;194.1	190;178317;179363;-;174.3	11;8955;11636;+;168.3	188;172950;176903;-;101.6	7;5270;6625;+;80.7	11;8955;11636;+;72.2	4;2758;3546;+;74.8	25;29555;31066;+;62.0	28;32285;35473;+;57.3	197;186405;188489;+;56.8	10;7996;8946;+;46.1	197;186405;188489;+;38.8	A	9/9	split_3	183647	1	1	171480..172769-;429;unnamed;0
NZ_CP090548.1	MPF_T	-	36	0	0	GA	1		35;29635;29955;+;54.0		0;1;2415;+;86.7	0;1;2415;+;43.2	1;2418;3083;+;120.9	3;3359;4336;+;124.6		4;4340;5050;+;158.0	5;5047;5826;+;170.6	6;5829;7127;+;191.1	7;7105;8148;+;83.7	8;8145;10421;+;343.7		pfam	both	A	7/7	canonical	1	0	unscoreable	1	0	0														not_admitted	not_admitted	not_admitted	not_admitted	not_admitted	not_admitted	not_admitted
NZ_CP090567.1	MPF_T	-	56	0	0	GA	1	8;6662;7252;+;64.9	17;16187;16501;+;77.3	18;16504;16770;+;39.9	19;16837;18216;+;35.6	19;16837;18216;+;111.8	23;19427;20212;+;57.6	25;20992;22473;+;91.1		26;22673;23191;+;97.6	27;23218;23991;+;87.9	29;24227;25579;+;213.4	16;15442;16107;+;108.4	11;10578;12572;+;344.9		conjscan	conjscan_only	A	7/7	canonical	1	0	unscoreable	11	0	0														not_admitted	not_admitted	not_admitted	not_admitted	not_admitted	not_admitted	not_admitted
NZ_CP090572.1	MPF_F	IncFII	105	0	0	GA	0															not_admitted	not_admitted	not_admitted	not_admitted	not_admitted	not_admitted	not_admitted	not_admitted	not_admitted	not_admitted	1	81;66434;67426;+;369.5	91;73205;74578;+;381.7	86;70532;71275;+;234.4	78;62795;65425;+;304.1	92;74575;77397;+;374.0	71;58345;59796;+;94.2	78;62795;65425;+;97.1	69;57064;57630;+;174.3	83;67770;68408;+;68.6	84;68405;70255;+;266.1	96;79669;81921;+;391.1	74;60656;61171;+;78.4	96;79669;81921;+;70.3	A	9/9	contiguous	22605	1	1	77419..77898+;159;TraS;0
NZ_CP090574.1	MPF_T	IncX4	41	0	0	GA	1	17;10392;11012;+;41.6	18;11026;11352;+;64.4	19;11371;14118;+;63.8	19;11371;14118;+;151.8	19;11371;14118;+;46.1	20;14130;14846;+;94.2	21;14858;15952;+;150.1		23;16467;17153;+;169.0	24;17150;18058;+;142.4	25;18051;19169;+;163.9	26;19171;20199;+;85.0	27;20231;22048;+;314.8		pfam	pfam_only	A	7/7	canonical	1	1	unscoreable	1	0	0														not_admitted	not_admitted	not_admitted	not_admitted	not_admitted	not_admitted	not_admitted
NZ_CP090613.1	MPF_F	IncFII	109	0	0	GA	0															not_admitted	not_admitted	not_admitted	not_admitted	not_admitted	not_admitted	not_admitted	not_admitted	not_admitted	not_admitted	1	14;10246;11238;-;369.5	4;3096;4469;-;381.7	9;6397;7140;-;234.4	17;12247;14877;-;304.1	2;1742;2560;-;176.4	25;18279;19730;-;94.2	17;12247;14877;-;97.1	27;20445;21011;-;174.3	12;9264;9902;-;68.6	11;7417;9267;-;266.1	105;90054;92324;-;391.1	22;16904;17419;-;78.4	105;90054;92324;-;70.3	A	9/9	split_2	88312	1	1	1399..1797-;132;unnamed;0
NZ_CP090618.1	MPF_F	IncFIB(K)	220	0	0	GA	0															not_admitted	not_admitted	not_admitted	not_admitted	not_admitted	not_admitted	not_admitted	not_admitted	not_admitted	not_admitted	1	161;159819;160808;-;366.6	151;152905;154272;-;384.1	155;155530;156282;-;233.7	165;162265;164904;-;258.5	150;150083;152905;-;346.4	172;167732;169156;-;88.1	165;162265;164904;-;88.7	174;169883;170449;-;169.3	160;159168;159806;-;66.9	159;157154;159109;-;259.4	146;145155;147467;-;393.1	171;167075;167659;-;54.3	146;145155;147467;-;66.6	A	9/9	contiguous	24728	1	1	149458..150060-;200;TraS;0
NZ_CP090619.1	MPF_F	IncFIA(HI1);IncFII(K);IncFII(pAR0022)	127	0	0	GA	0															not_admitted	not_admitted	not_admitted	not_admitted	not_admitted	not_admitted	not_admitted	not_admitted	not_admitted	not_admitted	1	99;75435;76424;+;366.6	109;81946;83313;+;384.3	105;79932;80684;+;235.6	95;71339;73978;+;258.5	113;84894;87539;+;302.2	88;67087;68511;+;88.1	95;71339;73978;+;88.7	86;65794;66360;+;169.3	100;76437;77075;+;66.9	101;77134;79089;+;259.4	117;90001;92313;+;393.1	89;68584;69168;+;54.3	117;90001;92313;+;66.6	A	9/9	contiguous	24207	1	1	87542..88072+;176;unnamed;0
NZ_CP090620.1	MPF_F	IncFII(pHN7A8)	116	0	0	GA	0															not_admitted	not_admitted	not_admitted	not_admitted	not_admitted	not_admitted	not_admitted	not_admitted	not_admitted	not_admitted	1	89;68957;69949;+;369.5	102;76782;78155;+;376.8	97;74473;75216;+;234.4	86;65321;67948;+;305.4	103;78152;80968;+;376.7	80;61839;63266;+;94.1	86;65321;67948;+;98.5	78;60558;61124;+;183.8	92;70895;71533;+;70.4	95;72346;74196;+;265.0	107;83269;85512;+;391.7	84;64290;64805;+;78.4	107;83269;85512;+;70.3	A	9/9	contiguous	22711	1	1	81001..81522+;173;unnamed;0
NZ_CP090624.1	MPF_F	IncFIB(pQil);IncFII(K)	131	0	0	GA	0															not_admitted	not_admitted	not_admitted	not_admitted	not_admitted	not_admitted	not_admitted	not_admitted	not_admitted	not_admitted	1	79;77868;78860;-;366.6	69;71047;72417;-;381.2	73;73619;74371;-;232.4	82;79886;82525;-;258.7	68;68198;71047;-;344.2	91;86340;87764;-;89.2	82;79886;82525;-;88.8	93;88491;89081;-;164.5	78;77217;77855;-;67.0	77;75214;77220;-;259.0	64;64075;66384;-;393.2	89;85159;85728;-;49.7	64;64075;66384;-;65.8	A	9/9	contiguous	24416	1	1	67665..68195-;176;unnamed;0
NZ_CP090627.1	MPF_F	IncFIB(pQil);IncFII(K)	132	0	0	GA	0															not_admitted	not_admitted	not_admitted	not_admitted	not_admitted	not_admitted	not_admitted	not_admitted	not_admitted	not_admitted	1	80;78963;79955;-;366.6	70;72142;73512;-;381.2	74;74714;75466;-;232.4	83;80981;83620;-;258.7	69;69293;72142;-;344.2	92;87435;88859;-;89.2	83;80981;83620;-;88.8	94;89586;90176;-;164.5	79;78312;78950;-;67.0	78;76309;78315;-;259.0	65;65170;67479;-;393.2	90;86254;86823;-;49.7	65;65170;67479;-;65.8	A	9/9	contiguous	24416	1	1	68760..69290-;176;unnamed;0
NZ_CP090630.1	MPF_F	IncFIB(pQil);IncFII(K)	131	0	0	GA	0															not_admitted	not_admitted	not_admitted	not_admitted	not_admitted	not_admitted	not_admitted	not_admitted	not_admitted	not_admitted	1	79;77868;78860;-;366.6	69;71047;72417;-;381.2	73;73619;74371;-;232.4	82;79886;82525;-;258.7	68;68198;71047;-;344.2	91;86340;87764;-;89.2	82;79886;82525;-;88.8	93;88491;89081;-;164.5	78;77217;77855;-;67.0	77;75214;77220;-;259.0	64;64075;66384;-;393.2	89;85159;85728;-;49.7	64;64075;66384;-;65.8	A	9/9	contiguous	24416	1	1	67665..68195-;176;unnamed;0
NZ_CP090638.1	MPF_F	-	231	0	0	GA	0															not_admitted	not_admitted	not_admitted	not_admitted	not_admitted	not_admitted	not_admitted	not_admitted	not_admitted	not_admitted	1	53;39866;40897;+;368.4	61;46190;47635;+;321.9	60;45381;46190;+;214.4	46;34546;37140;+;232.9	62;47638;51573;+;228.2	38;29263;30585;+;95.8	46;34546;37140;+;81.1	36;27916;28527;+;108.2	54;40894;41682;+;89.9	56;42965;44245;+;150.6	26;17408;19474;+;419.4	45;33851;34531;+;50.9	26;17408;19474;+;70.0	A	9/9	contiguous	30230	0	1	
NZ_CP090639.1	MPF_T	-	163	0	0	GA	1	91;77702;78127;-;69.1	30;25962;26342;-;29.8	29;25659;25922;-;24.4	28;23185;25662;-;67.0	28;23185;25662;-;82.0		25;21203;22213;-;51.9		96;82345;83061;-;80.2	95;81473;82348;-;145.8	94;80191;81465;-;132.0	85;71335;72690;-;148.4	23;18007;19875;-;34.3		none	none	A	7/7	canonical	0	0	unscoreable	9	0	0														not_admitted	not_admitted	not_admitted	not_admitted	not_admitted	not_admitted	not_admitted
NZ_CP090643.1	-	-	495	0	0	GA	1	345;259762;260217;-;68.8			367;281436;283982;-;52.0	367;281436;283982;-;70.2	366;280676;281485;-;27.0	365;279220;280653;-;48.0		363;277359;278072;-;122.2	362;276467;277309;-;178.0	361;275058;276458;-;173.3	355;267897;269561;-;153.5	373;287250;289097;-;34.7		conjscan	conjscan_only	A	7/7	canonical	1	0	unscoreable	19	0	0														not_admitted	not_admitted	not_admitted	not_admitted	not_admitted	not_admitted	not_admitted
NZ_CP090644.1	MPF_F	-	233	0	0	GA	0															not_admitted	not_admitted	not_admitted	not_admitted	not_admitted	not_admitted	not_admitted	not_admitted	not_admitted	not_admitted	1	111;91279;92310;+;368.4	119;97603;99048;+;321.9	118;96794;97603;+;214.4	104;85959;88553;+;232.9	120;99051;102986;+;228.0	96;80676;81998;+;95.8	104;85959;88553;+;81.1	94;79329;79940;+;108.2	112;92307;93095;+;89.9	114;94378;95658;+;150.6	84;68821;70887;+;419.4	103;85264;85944;+;50.9	84;68821;70887;+;70.0	A	9/9	contiguous	30230	0	1	
NZ_CP090645.1	-	-	188	0	0	GA	1	18;14027;14536;+;70.9		37;29817;30263;+;32.6	39;30444;32831;+;96.6	39;30444;32831;+;51.7	40;32960;33604;+;114.2	41;33644;34570;+;130.2		44;35096;36046;+;130.7	45;36043;36882;+;176.3	46;36875;38131;+;164.7	24;19048;20703;+;119.4	50;40347;42485;+;315.7		pfam	both	A	7/7	canonical	1	0	unscoreable	20	0	0														not_admitted	not_admitted	not_admitted	not_admitted	not_admitted	not_admitted	not_admitted
NZ_CP090646.1	-	-	114	0	0	GA	1	34;21834;22325;-;76.5			89;60477;63026;+;78.2	89;60477;63026;+;54.8	90;63032;63727;+;108.3	92;64084;65076;+;98.2		94;65263;66081;+;77.7	95;66078;66992;+;116.9	96;66992;68275;+;136.3	39;27206;29152;+;115.9	82;52777;54411;+;47.2		pfam	both	A	7/7	canonical	1	0	unscoreable	11	0	0														not_admitted	not_admitted	not_admitted	not_admitted	not_admitted	not_admitted	not_admitted
NZ_CP090684.1	MPF_F	-	178	0	0	GA	0															not_admitted	not_admitted	not_admitted	not_admitted	not_admitted	not_admitted	not_admitted	not_admitted	not_admitted	not_admitted	1	169;149186;150211;+;272.4	4;4117;5598;+;179.4	3;3090;4106;+;149.2	0;52;2151;+;31.9	5;5612;9034;+;57.7	175;153169;154530;+;76.2	0;52;2151;+;64.0	173;151605;152204;+;36.0	170;150223;150720;+;63.6	13;15538;16941;+;109.7	28;33288;35315;-;223.9		28;33288;35315;-;46.9	B	8/9	split_2	153117	1	1	9127..9321+;64;unnamed;0
NZ_CP090691.1	MPF_F	-	180	0	0	GA	0															not_admitted	not_admitted	not_admitted	not_admitted	not_admitted	not_admitted	not_admitted	not_admitted	not_admitted	not_admitted	1	149;132326;133351;-;272.4	136;120788;122269;-;179.4	137;122280;123296;-;149.2	140;124235;126817;-;68.1	135;117352;120774;-;57.7	143;128007;129368;-;76.2	140;124235;126817;-;63.3	145;130333;130932;-;36.0	148;131817;132314;-;63.6	127;109445;110848;-;109.7	112;91071;93098;+;223.9		112;91071;93098;+;46.9	B	8/9	contiguous	41255	1	1	117065..117259-;64;unnamed;0
NZ_CP090720.1	MPF_F	-	178	0	0	GA	0															not_admitted	not_admitted	not_admitted	not_admitted	not_admitted	not_admitted	not_admitted	not_admitted	not_admitted	not_admitted	1	164;143018;144043;+;272.4	177;154100;155581;+;179.4	176;153073;154089;+;149.2	173;149552;152134;+;68.1		170;147001;148362;+;76.2	173;149552;152134;+;63.3	168;145437;146036;+;36.0	165;144055;144552;+;63.6	8;9369;10772;+;109.7	23;27119;29146;-;223.9		23;27119;29146;-;46.9	C	7/9	split_2	144731	0	1	
NZ_CP090768.1	MPF_F	-	178	0	0	GA	0															not_admitted	not_admitted	not_admitted	not_admitted	not_admitted	not_admitted	not_admitted	not_admitted	not_admitted	not_admitted	1	79;68127;69152;+;272.4	92;79209;80690;+;179.4	91;78182;79198;+;149.2	88;74661;77243;+;68.1	93;80704;84126;+;57.7	85;72110;73471;+;76.2	88;74661;77243;+;63.3	83;70546;71145;+;36.0	80;69164;69661;+;63.6	101;90630;92033;+;109.7	116;108380;110407;-;223.9		116;108380;110407;-;46.9	B	8/9	contiguous	40253	1	1	84219..84413+;64;unnamed;0
NZ_CP090789.1	-	-	82	0	0	GA	1	63;57139;57735;+;68.5		78;70171;70455;+;31.7	79;70445;72961;+;56.2	79;70445;72961;+;53.3	80;72979;73641;+;66.2	0;25;1059;+;70.3		1;1065;1754;+;43.6	2;1768;2541;+;175.2	3;2538;3779;+;138.3	69;62190;64064;+;133.1	10;8853;10442;+;37.6		pfam	both	A	7/7	rearranged	1	0	unscoreable	17	0	0														not_admitted	not_admitted	not_admitted	not_admitted	not_admitted	not_admitted	not_admitted
NZ_CP090794.1	-	repA(pENTd4a)	67	0	0	GA	1	40;28040;28543;-;83.4			59;46704;49133;-;115.6	59;46704;49133;-;59.6	58;46054;46707;-;125.4	57;45058;46023;-;108.3		56;44273;44959;-;104.8	55;43434;44276;-;159.0	54;42287;43444;-;143.7	48;35240;36781;-;197.2	16;10938;12497;+;59.7		pfam	both	A	7/7	canonical	1	0	unscoreable	12	0	0														not_admitted	not_admitted	not_admitted	not_admitted	not_admitted	not_admitted	not_admitted
NZ_CP090795.1	MPF_T	IncN3	53	0	0	GA	1	35;26680;27462;+;33.3	37;27709;28005;+;36.0	38;28045;28362;+;71.9	39;28363;30936;+;118.0	39;28363;30936;+;74.2	40;30952;31653;+;98.9	42;31922;32959;+;121.9	43;33036;33167;+;40.1	44;33178;33873;+;132.6	45;33884;34771;+;147.8	46;34771;35904;+;166.3	47;35955;36956;+;90.1	7;8930;10462;-;52.0		pfam	both	A	7/7	canonical	1	0	ga	2	0	0														not_admitted	not_admitted	not_admitted	not_admitted	not_admitted	not_admitted	not_admitted
NZ_CP090797.1	MPF_T	IncN3	53	0	0	GA	1	19;15988;16770;-;33.3	17;15445;15741;-;36.0	16;15088;15405;-;71.9	15;12514;15087;-;118.0	15;12514;15087;-;74.2	14;11797;12498;-;98.9	12;10491;11528;-;121.9	11;10283;10414;-;40.1	10;9577;10272;-;132.6	9;8679;9566;-;147.8	8;7546;8679;-;166.3	7;6494;7495;-;90.1	47;32988;34520;+;52.0		pfam	both	A	7/7	canonical	1	0	ga	2	0	0														not_admitted	not_admitted	not_admitted	not_admitted	not_admitted	not_admitted	not_admitted
NZ_CP090910.1	MPF_F	IncFIB(pECLA);IncFII(pECLA)	168	0	0	GA	0															not_admitted	not_admitted	not_admitted	not_admitted	not_admitted	not_admitted	not_admitted	not_admitted	not_admitted	not_admitted	1	148;123889;124887;+;364.2	157;130124;131488;+;359.5	151;127353;128135;+;214.9	140;117922;120531;+;214.8	158;131488;134886;+;306.9	132;113906;115309;+;90.2	140;117922;120531;+;103.5	130;112576;113157;+;100.9	149;124898;125524;+;64.3	150;125521;127356;+;222.5	162;136943;139498;+;360.8	138;117132;117674;+;46.9	162;136943;139498;+;72.7	A	9/9	contiguous	24367	1	1	134888..135577+;229;unnamed;0
NZ_CP090932.1	MPF_F	IncHI1B(pNDM-MAR)	275	0	0	GA	0															not_admitted	not_admitted	not_admitted	not_admitted	not_admitted	not_admitted	not_admitted	not_admitted	not_admitted	not_admitted	1	56;54285;55322;-;282.3	181;174478;175887;+;190.4	180;173451;174488;+;175.4	68;66154;68871;-;148.9	182;175889;179857;+;120.1	72;70984;72354;-;65.6	68;66154;68871;-;85.2	75;74000;74860;-;79.0	57;55319;56680;-;69.9	55;51090;54275;-;58.9	173;164144;166270;-;57.7	69;68916;69653;-;56.9	173;164144;166270;-;41.0	A	9/9	split_2	124799	0	1	
NZ_CP090934.1	MPF_T	IncU;IncX3	66	0	0	GA	1	35;26028;26672;-;46.4	34;25754;26044;-;74.0	33;22976;25729;-;46.3	33;22976;25729;-;147.8	33;22976;25729;-;75.7	32;22195;22965;-;60.8	30;20861;21916;-;134.9		29;19938;20666;-;118.1	28;19003;19932;-;139.9	27;17804;19006;-;128.4	26;16761;17792;-;65.4	24;14736;16571;-;495.5		pfam	pfam_only	A	7/7	canonical	1	1	unscoreable	2	0	0														not_admitted	not_admitted	not_admitted	not_admitted	not_admitted	not_admitted	not_admitted
NZ_CP090963.1	MPF_F	IncFII(Yp)	98	0	0	GA	0															not_admitted	not_admitted	not_admitted	not_admitted	not_admitted	not_admitted	not_admitted	not_admitted	not_admitted	not_admitted	1	9;11513;12523;-;365.3	3;6098;7465;-;379.8	6;8226;8978;-;227.1	12;13525;16152;-;280.2	2;3246;6098;-;353.0	16;17439;18836;-;91.6	12;13525;16152;-;91.2	18;19554;20120;-;173.6	8;10837;11502;-;70.8	7;9009;10844;-;240.6	0;416;2620;-;388.4	13;16281;16847;-;60.0	0;416;2620;-;64.2	A	9/9	contiguous	19138	1	1	2707..3249-;180;unnamed;0
NZ_CP090965.1	MPF_T	IncU	39	0	0	GA	1		31;28539;28862;-;66.6	30;28201;28521;-;82.6	29;25757;28204;-;158.4	29;25757;28204;-;86.2	28;25116;25760;-;105.2	26;23790;24800;-;161.6		24;22720;23469;-;157.6	23;21884;22717;-;208.0	22;20670;21884;-;188.0	21;19664;20692;-;90.9	20;17773;19698;-;408.7		pfam	both	A	7/7	canonical	1	0	unscoreable	2	0	0														not_admitted	not_admitted	not_admitted	not_admitted	not_admitted	not_admitted	not_admitted
NZ_CP090969.1	MPF_T	IncN	72	0	0	GA	1	16;11373;12107;+;32.5		19;12750;13067;+;63.3	20;13067;15667;+;113.8	20;13067;15667;+;76.4	21;15685;16398;+;105.5	23;16649;17689;+;142.4		24;17908;18606;+;131.9	27;20603;21460;+;159.8	28;21460;22620;+;156.3	29;22662;23657;+;81.2	49;42979;44508;-;38.5		pfam	both	A	7/7	canonical	1	0	unscoreable	5	0	0														not_admitted	not_admitted	not_admitted	not_admitted	not_admitted	not_admitted	not_admitted
NZ_CP091013.1	-	-	2909	0	0	GA	1	703;765238;765915;-;67.2	2696;2976012;2976353;-;50.6	2695;2975672;2975911;-;37.0	2694;2973190;2975670;-;142.3	2694;2973190;2975670;-;80.9	2692;2971319;2972026;-;149.4	2693;2972042;2973193;-;106.1		2690;2970433;2971137;-;132.0	2689;2969612;2970436;-;175.8	2688;2968396;2969070;-;155.4	2687;2967248;2968399;-;89.5	2685;2965172;2966758;-;320.6		pfam	both	A	7/7	canonical	1	0	unscoreable	2	0	0														not_admitted	not_admitted	not_admitted	not_admitted	not_admitted	not_admitted	not_admitted
NZ_CP091015.1	MPF_T	-	272	0	0	GA	1	62;69673;70098;+;65.5	121;122194;122574;+;33.6		123;122875;125352;+;65.9	123;122875;125352;+;80.7		126;126327;127337;+;52.4		57;64742;65458;+;81.3	58;65455;66330;+;147.6	59;66337;67611;+;129.5	67;74161;76467;+;141.7	128;128674;130542;+;36.2		none	none	A	7/7	canonical	0	0	unscoreable	9	0	0														not_admitted	not_admitted	not_admitted	not_admitted	not_admitted	not_admitted	not_admitted
NZ_CP091023.1	MPF_F	IncFII(pHN7A8)	99	0	0	GA	0															not_admitted	not_admitted	not_admitted	not_admitted	not_admitted	not_admitted	not_admitted	not_admitted	not_admitted	not_admitted	1	33;30558;31550;-;369.3	22;23539;24912;-;380.9	29;27086;27829;-;233.9	36;32559;34652;-;194.9	21;20717;23542;-;385.6	44;39058;40485;-;94.3	36;32559;34652;-;99.4	46;41200;41766;-;183.8	32;29911;30549;-;68.4	31;28106;29914;-;267.5	17;17062;19215;-;391.5	41;37520;38035;-;78.4	17;17062;19215;-;69.2	A	9/9	contiguous	24138	1	1	20511..20720-;69;unnamed;0
NZ_CP091025.1	MPF_F	IncFII(29)	83	0	0	GA	0															not_admitted	not_admitted	not_admitted	not_admitted	not_admitted	not_admitted	not_admitted	not_admitted	not_admitted	not_admitted	1	20;14515;15507;+;369.3	31;21153;22526;+;380.9	24;18236;18979;+;233.9	17;11413;13506;+;194.9	32;22523;25348;+;385.6	9;5580;7007;+;94.3	17;11413;13506;+;99.4	7;4299;4865;+;183.8	21;15516;16154;+;70.0	22;16151;17959;+;267.5	35;26851;29004;+;391.5	12;8030;8545;+;77.9	35;26851;29004;+;69.2	A	9/9	contiguous	22552	1	1	25345..25854+;169;unnamed;0
NZ_CP091028.1	MPF_F	IncFII(29)	77	0	0	GA	0															not_admitted	not_admitted	not_admitted	not_admitted	not_admitted	not_admitted	not_admitted	not_admitted	not_admitted	not_admitted	1	46;37870;38862;-;369.5	35;30713;32086;-;381.0	41;34021;34764;-;234.3	49;39871;42501;-;304.1	34;27891;30716;-;389.2	57;45903;47354;-;94.2	49;39871;42501;-;97.1	59;48069;48635;-;183.8	44;36888;37526;-;67.6	43;35041;36891;-;265.1	30;23469;25649;-;391.8	54;44528;45043;-;78.4	30;23469;25649;-;70.4	A	9/9	contiguous	24600	1	1	27385..27894-;169;unnamed;0
NZ_CP091030.1	MPF_F	IncHI2;IncHI2A	249	0	0	GA	0															not_admitted	not_admitted	not_admitted	not_admitted	not_admitted	not_admitted	not_admitted	not_admitted	not_admitted	not_admitted	1	33;30142;31200;-;276.9			49;50772;53453;-;168.0		53;55783;57138;-;80.7	49;50772;53453;-;72.2	56;58862;59650;-;74.8	35;31342;32853;-;62.0	32;26935;30123;-;57.3		50;53462;54412;-;46.1		C	6/9	contiguous	31927	0	1	
NZ_CP091031.1	MPF_F	IncFII(29)	82	0	0	GA	0															not_admitted	not_admitted	not_admitted	not_admitted	not_admitted	not_admitted	not_admitted	not_admitted	not_admitted	not_admitted	1	31;24871;25863;+;369.3	42;31509;32882;+;380.9	35;28592;29335;+;233.9	28;21769;23862;+;194.9	43;32879;35704;+;385.6	20;15936;17363;+;94.3	28;21769;23862;+;99.4	18;14655;15221;+;183.8	32;25872;26510;+;68.3	33;26507;28315;+;267.5	46;37207;39360;+;391.5	23;18386;18901;+;77.9	46;37207;39360;+;69.2	A	9/9	contiguous	22552	1	1	35701..36210+;169;unnamed;0
NZ_CP091039.1	MPF_F	IncFII(pSE11)	103	0	0	GA	0															not_admitted	not_admitted	not_admitted	not_admitted	not_admitted	not_admitted	not_admitted	not_admitted	not_admitted	not_admitted	1	57;40742;41881;+;349.6			55;39126;39599;+;74.4		49;35787;37214;+;94.3	56;39599;40624;+;101.9	47;34506;35072;+;183.8			56;39599;40624;+;27.8	52;38095;38610;+;77.4		D	4/9	contiguous	6236	0	0	
NZ_CP091045.1	MPF_F	IncFII(pCoo)	80	0	0	GA	0															not_admitted	not_admitted	not_admitted	not_admitted	not_admitted	not_admitted	not_admitted	not_admitted	not_admitted	not_admitted	1	61;43649;44641;+;369.3	72;50385;51758;+;376.0	66;47860;48450;+;214.8	58;40010;42640;+;306.8	73;51755;54577;+;389.2	50;35971;36579;+;73.0	58;40010;42640;+;98.5	47;33872;34438;+;183.4	63;44985;45623;+;68.6	64;45620;47428;+;268.3	77;56843;59005;+;391.8	53;37457;37972;+;77.3	77;56843;59005;+;70.3	A	9/9	contiguous	22971	1	1	54599..55090+;163;TraS;0
NZ_CP091046.1	MPF_F	IncFIB(AP001918);IncFII(pCoo)	100	0	0	GA	0															not_admitted	not_admitted	not_admitted	not_admitted	not_admitted	not_admitted	not_admitted	not_admitted	not_admitted	not_admitted	1	83;65327;66319;+;369.3			80;61691;64318;+;305.4		70;52564;53961;+;94.4	80;61691;64318;+;98.5	68;51283;51849;+;183.8	84;66328;66966;+;64.6		80;61691;64318;+;22.1	77;60660;61175;+;78.2		D	5/9	contiguous	15045	0	0	
NZ_CP091047.1	MPF_F	IncFII	97	0	0	GA	0															not_admitted	not_admitted	not_admitted	not_admitted	not_admitted	not_admitted	not_admitted	not_admitted	not_admitted	not_admitted	1	51;39912;40910;+;349.2	61;47825;49231;+;341.7	56;45008;45793;+;216.6	46;35648;38287;+;252.3	62;49231;52119;+;316.0	44;33793;35127;+;97.1	46;35648;38287;+;118.2	42;32468;33046;+;126.1	54;42470;43075;+;56.6	55;43072;45006;+;241.3	69;55692;57878;+;370.4	45;35139;35651;+;60.3	69;55692;57878;+;61.8	A	9/9	contiguous	23224	1	1	52133..52780+;215;unnamed;1
NZ_CP091049.1	MPF_F	repFIB;repHI5B	287	0	0	GA	0															not_admitted	not_admitted	not_admitted	not_admitted	not_admitted	not_admitted	not_admitted	not_admitted	not_admitted	not_admitted	1	231;194893;195930;+;282.2	83;73781;75223;-;188.6	84;75180;76217;-;172.0	220;181307;184024;+;143.5	82;69835;73779;-;119.0	216;177817;179184;+;63.7	220;181307;184024;+;80.6	213;175302;176162;+;73.9	230;193535;194896;+;71.7	232;195945;199121;+;58.7	91;83457;85583;+;62.0	219;180521;181258;+;56.3	91;83457;85583;+;39.7	A	9/9	split_2	126110	0	1	
NZ_CP091051.1	MPF_F	IncFIA(HI1);IncFII(K)	144	0	0	GA	0															not_admitted	not_admitted	not_admitted	not_admitted	not_admitted	not_admitted	not_admitted	not_admitted	not_admitted	not_admitted	1	117;94022;95014;+;362.4	129;101341;102708;+;382.8	124;98886;99638;+;235.0	114;90357;92996;+;259.3	130;102708;105557;+;343.5	104;84963;86387;+;89.2	114;90357;92996;+;84.3	102;83670;84236;+;168.4	118;95027;95665;+;64.6	120;96042;97997;+;259.1	134;108021;110330;+;392.8	106;86999;87568;+;51.6	134;108021;110330;+;65.8	A	9/9	contiguous	24351	1	1	105560..106090+;176;unnamed;0
NZ_CP091052.1	MPF_T	IncX3	72	0	0	GA	1	53;41863;42507;+;46.4	54;42491;42781;+;73.1	55;42806;45559;+;47.0	55;42806;45559;+;142.4	55;42806;45559;+;73.3	56;45569;46339;+;60.1	58;46618;47673;+;133.2		59;47868;48596;+;119.4	60;48602;49531;+;138.8	61;49528;50742;+;128.3	63;50938;51972;+;65.7	64;51975;53810;+;495.9		pfam	pfam_only	A	7/7	canonical	1	1	unscoreable	2	0	0														not_admitted	not_admitted	not_admitted	not_admitted	not_admitted	not_admitted	not_admitted
NZ_CP091053.1	MPF_T	IncN3	70	0	0	GA	1	62;50332;51114;-;33.0	60;49789;50085;-;36.0	59;49432;49749;-;71.9	58;46858;49431;-;117.9	58;46858;49431;-;74.2	57;46141;46842;-;99.8	55;44835;45872;-;122.7	54;44627;44758;-;40.1	53;43921;44616;-;132.6	52;43023;43910;-;151.1	51;41890;43023;-;166.3	50;40838;41839;-;90.0	44;33618;35150;+;48.1		pfam	both	A	7/7	canonical	1	0	ga	7	0	0														not_admitted	not_admitted	not_admitted	not_admitted	not_admitted	not_admitted	not_admitted
NZ_CP091070.1	MPF_F	IncFII(pHN7A8)	140	0	0	GA	0															not_admitted	not_admitted	not_admitted	not_admitted	not_admitted	not_admitted	not_admitted	not_admitted	not_admitted	not_admitted	1				60;45773;46756;+;195.9		55;42291;43718;+;94.1		53;41010;41576;+;183.8				59;44742;45257;+;77.6		D	3/9	contiguous	4763	0	0	
NZ_CP091083.1	MPF_T	IncX2	51	0	0	GA	1	28;23483;24127;-;47.1	27;23209;23499;-;73.5	26;20426;23185;-;44.8	26;20426;23185;-;133.3	26;20426;23185;-;71.9	25;19687;20424;-;57.5	23;18350;19405;-;131.7		22;17438;18160;-;116.0	21;16503;17432;-;133.3	20;15292;16506;-;128.6	19;14237;15274;-;66.4	18;12397;14232;-;543.4		pfam	pfam_only	A	7/7	canonical	1	1	unscoreable	1	0	0														not_admitted	not_admitted	not_admitted	not_admitted	not_admitted	not_admitted	not_admitted
NZ_CP091144.1	MPF_T	-	113	0	0	GA	1	82;77319;78017;+;37.8			85;78822;81254;+;70.7		86;81251;81937;+;55.5	88;82334;83266;+;130.4		90;83638;84426;+;101.5	91;84416;85225;+;141.1	92;85212;86603;+;128.3	93;86613;87671;+;49.5	98;89090;90763;+;243.7		pfam	pfam_only	A	7/7	canonical	1	0	unscoreable	8	0	0														not_admitted	not_admitted	not_admitted	not_admitted	not_admitted	not_admitted	not_admitted
NZ_CP091175.1	-	-	115	0	0	GA	0															not_admitted	not_admitted	not_admitted	not_admitted	not_admitted	not_admitted	not_admitted	not_admitted	not_admitted	not_admitted	1	85;71450;72391;-;190.3			88;73272;76184;-;301.2	82;68140;69666;-;213.3						100;82618;84786;-;37.6		100;82618;84786;-;55.3	D	3/9	contiguous	14478	1	0	67808..68026-;72;unnamed;0
NZ_CP091299.1	MPF_F	IncFIB(S);IncFII(S);IncFII(pAR0022)	126	0	0	GA	0															not_admitted	not_admitted	not_admitted	not_admitted	not_admitted	not_admitted	not_admitted	not_admitted	not_admitted	not_admitted	1	65;50563;51555;+;365.7	77;57759;59141;+;393.9	73;55454;56206;+;234.1	62;46928;49576;+;311.8	78;59138;61957;+;380.2	55;42995;44416;+;90.2	62;46928;49576;+;97.8	53;41702;42268;+;189.2	67;51867;52496;+;70.9	70;52856;54733;+;271.3	82;64112;66337;+;374.0	58;45201;45716;+;92.2	82;64112;66337;+;72.0	A	9/9	contiguous	22410	0	1	
NZ_CP091320.1	MPF_F	IncHI2;IncHI2A	298	0	0	GA	0															not_admitted	not_admitted	not_admitted	not_admitted	not_admitted	not_admitted	not_admitted	not_admitted	not_admitted	not_admitted	1	29;32275;33333;+;276.9	206;193990;195405;-;194.1	207;195395;196441;-;173.7	11;8955;11636;+;168.0	205;190031;193981;-;101.6	7;5270;6625;+;80.7	11;8955;11636;+;72.2	4;2758;3546;+;74.8	27;30622;32133;+;62.7	30;33352;36540;+;58.3	213;203482;205566;+;56.7	10;7996;8946;+;46.4	213;203482;205566;+;38.8	A	9/9	split_3	200724	0	1	
NZ_CP091321.1	MPF_F	IncFIB(pB171);IncFII(Yp);IncFII(pAR0022)	132	0	0	GA	0															not_admitted	not_admitted	not_admitted	not_admitted	not_admitted	not_admitted	not_admitted	not_admitted	not_admitted	not_admitted	1	77;69930;70922;+;369.4	85;75635;77005;+;376.7	81;73669;74418;+;218.2	74;66312;68942;+;285.5	86;77005;79827;+;336.5	68;62890;64284;+;89.4	74;66312;68942;+;98.6	66;61607;62173;+;169.9	78;70939;71568;+;66.9	79;71565;73418;+;260.5	89;81164;83410;+;384.7	69;64306;64845;+;67.5	89;81164;83410;+;63.8	A	9/9	contiguous	19557	1	1	79849..80280+;143;TraS;0
NZ_CP091331.1	MPF_F	IncFIB(K);IncFII(pBK30683)	220	0	0	GA	0															not_admitted	not_admitted	not_admitted	not_admitted	not_admitted	not_admitted	not_admitted	not_admitted	not_admitted	not_admitted	1	13;12092;13081;-;366.0	3;5178;6545;-;384.1	7;7803;8555;-;233.7	17;14538;17177;-;258.5	2;2356;5178;-;346.4	26;21083;22507;-;89.5	215;199128;201230;-;89.5	28;23234;23800;-;167.0	12;11441;12079;-;67.0	11;9427;11382;-;259.7	196;182021;184330;-;393.1	24;19887;20471;-;53.8	196;182021;184330;-;66.6	A	9/9	split_2	196772	1	1	1731..2333-;200;TraS;0
NZ_CP091332.1	MPF_F	IncFII(pBK30683);repB(R1701)	140	0	0	GA	0															not_admitted	not_admitted	not_admitted	not_admitted	not_admitted	not_admitted	not_admitted	not_admitted	not_admitted	not_admitted	1	20;21841;22830;-;366.0	10;14927;16294;-;384.1	14;17552;18304;-;233.7	24;24287;26926;-;258.5	9;12219;14927;-;346.5	30;29756;31180;-;89.2	134;118379;120457;-;89.4	32;31907;32473;-;169.3	19;21190;21828;-;67.0	18;19176;21131;-;259.7	113;101239;103548;-;393.1	29;29099;29683;-;54.5	113;101239;103548;-;66.6	A	9/9	split_2	106160	1	1	11128..11292-;54;unnamed;0
NZ_CP091425.1	-	-	352	0	0	GA	0															not_admitted	not_admitted	not_admitted	not_admitted	not_admitted	not_admitted	not_admitted	not_admitted	not_admitted	not_admitted	1	88;95185;96327;-;316.4	19;22807;24168;-;286.4	22;26008;27042;-;234.2	24;27783;30188;-;241.0	18;19742;22795;-;258.2	28;32293;33867;-;124.0	24;27783;30188;-;137.0	30;34978;35613;-;107.3	89;96327;97493;-;62.0	87;92324;95005;-;123.1	100;103736;105556;-;71.0	26;31021;31506;-;74.8	100;103736;105556;-;55.2	A	9/9	split_2	83994	1	1	19417..19737-;106;unnamed;0
NZ_CP091428.1	MPF_F	IncFIA;IncFIB(AP001918);IncFII	170	0	0	GA	0															not_admitted	not_admitted	not_admitted	not_admitted	not_admitted	not_admitted	not_admitted	not_admitted	not_admitted	not_admitted	1	100;84946;85938;-;367.4	89;77902;79275;-;380.9	96;81474;82217;-;235.0	103;86947;89574;-;305.4	88;75941;77905;-;387.3	109;91629;93056;-;94.3	103;86947;89574;-;98.5	111;93771;94337;-;183.8	99;84299;84937;-;68.6	98;82494;84302;-;268.3	83;70564;72753;-;391.3	105;90090;90605;-;78.4	83;70564;72753;-;70.4	A	9/9	contiguous	23207	1	1	75684..75929-;81;unnamed;0
NZ_CP091471.2	MPF_F	IncHI2;IncHI2A	316	0	0	GA	0															not_admitted	not_admitted	not_admitted	not_admitted	not_admitted	not_admitted	not_admitted	not_admitted	not_admitted	not_admitted	1	29;32408;33466;+;276.9	235;215688;217103;-;194.1	236;217093;218139;-;174.3	11;8955;11636;+;168.0	234;211726;215679;-;101.6	7;5270;6625;+;80.7	11;8955;11636;+;72.2	4;2758;3546;+;74.8	27;30755;32266;+;62.0	30;33485;36673;+;57.3	243;225181;227265;+;56.8	10;7996;8946;+;46.1	243;225181;227265;+;38.8	A	9/9	split_3	222423	1	1	210256..211545-;429;unnamed;0
NZ_CP091474.2	MPF_T	IncX3	57	0	0	GA	1	25;21115;21759;-;46.4	24;20841;21131;-;73.1	23;18063;20816;-;47.0	23;18063;20816;-;142.4	23;18063;20816;-;73.3	22;17283;18053;-;60.1	20;15949;17004;-;133.2		19;15026;15754;-;119.4	18;14091;15020;-;138.8	17;12880;14094;-;128.3	15;11650;12684;-;65.7	14;9812;11647;-;495.9		pfam	pfam_only	A	7/7	canonical	1	1	unscoreable	2	0	0														not_admitted	not_admitted	not_admitted	not_admitted	not_admitted	not_admitted	not_admitted
NZ_CP091482.1	MPF_F	IncHI2;IncHI2A	321	0	0	GA	0															not_admitted	not_admitted	not_admitted	not_admitted	not_admitted	not_admitted	not_admitted	not_admitted	not_admitted	not_admitted	1	29;32275;33333;+;276.9	224;209534;210949;-;194.1	225;210939;211985;-;173.7	11;8955;11636;+;168.0	223;205575;209525;-;101.6	7;5270;6625;+;80.7	11;8955;11636;+;72.2	4;2758;3546;+;74.8	27;30622;32133;+;62.7	30;33352;36540;+;58.3	231;219026;221110;+;56.7	10;7996;8946;+;46.4	231;219026;221110;+;38.8	A	9/9	split_3	216268	0	1	
NZ_CP091483.1	MPF_T	IncX3	72	0	0	GA	1	40;32282;32926;+;46.4	41;32910;33200;+;73.1	42;33225;35978;+;47.0	42;33225;35978;+;142.4	42;33225;35978;+;73.3	43;35988;36758;+;60.1	45;37037;38092;+;133.2		46;38287;39015;+;119.4	47;39021;39950;+;138.8	48;39947;41161;+;128.3	50;41357;42391;+;65.7	51;42394;44229;+;495.9		pfam	pfam_only	A	7/7	canonical	1	1	unscoreable	2	0	0														not_admitted	not_admitted	not_admitted	not_admitted	not_admitted	not_admitted	not_admitted
NZ_CP091487.1	MPF_F	IncHI2;IncHI2A	354	0	0	GA	0															not_admitted	not_admitted	not_admitted	not_admitted	not_admitted	not_admitted	not_admitted	not_admitted	not_admitted	not_admitted	1	154;136238;137296;-;276.9	330;295669;297084;+;194.1	329;294633;295679;+;173.7	172;157935;160616;-;168.0	331;297093;301043;+;101.6	176;162946;164301;-;80.7	172;157935;160616;-;72.2	179;166025;166813;-;74.8	156;137438;138949;-;62.7	153;133031;136219;-;58.3	323;285508;287592;-;56.7	173;160625;161575;-;46.4	323;285508;287592;-;38.8	A	9/9	split_3	164062	0	1	
NZ_CP091488.1	MPF_F	IncFIB(pENTAS01);IncFII(pENTA)	192	0	0	GA	0															not_admitted	not_admitted	not_admitted	not_admitted	not_admitted	not_admitted	not_admitted	not_admitted	not_admitted	not_admitted	1	113;91301;92296;+;356.6	120;96682;98046;+;360.6	116;94784;95572;+;215.5	105;85269;87875;+;212.9	121;98046;101465;+;302.1	151;127269;128255;-;156.9	105;85269;87875;+;99.9	98;80944;81525;+;96.7	114;92307;92930;+;61.7	115;92927;94783;+;204.1	130;105513;108071;+;365.5	103;84545;85099;+;45.5	130;105513;108071;+;69.4	A	9/9	split_2	46325	1	1	101474..102175+;233;unnamed;0
NZ_CP091489.1	MPF_T	IncN	156	0	0	GA	1	56;42164;42898;-;32.5		53;41204;41521;-;63.3	52;38604;41204;-;113.8	128;97664;98428;-;76.7	51;37874;38563;-;105.7	49;36583;37623;-;142.4		48;35666;36364;-;131.9	47;34771;35655;-;159.7	122;91011;92111;-;127.7	44;32577;33572;-;81.2	20;11524;13053;+;38.5		pfam	both	A	7/7	canonical	1	0	unscoreable	7	0	0														not_admitted	not_admitted	not_admitted	not_admitted	not_admitted	not_admitted	not_admitted
NZ_CP091491.1	MPF_F	IncFIB(pB171);IncFII(Yp);IncFII(pAR0022)	112	0	0	GA	0															not_admitted	not_admitted	not_admitted	not_admitted	not_admitted	not_admitted	not_admitted	not_admitted	not_admitted	not_admitted	1	74;74077;75069;-;369.4	66;67994;69364;-;376.7	70;70581;71330;-;218.2	77;76057;78687;-;285.5	65;65172;67994;-;336.5	83;80715;82109;-;89.4	77;76057;78687;-;98.6	85;82826;83392;-;169.9	73;73431;74060;-;66.9	72;71581;73434;-;260.5	62;61607;63835;-;384.8	82;80154;80693;-;67.5	62;61607;63835;-;63.8	A	9/9	contiguous	21219	1	1	64719..65150-;143;TraS;0
NZ_CP091493.1	MPF_F	IncHI2;IncHI2A	417	0	0	GA	0															not_admitted	not_admitted	not_admitted	not_admitted	not_admitted	not_admitted	not_admitted	not_admitted	not_admitted	not_admitted	1	188;166150;167208;+;276.9	376;327499;328914;-;194.1	17;15999;17045;-;173.7	170;142830;145511;+;168.0	14;10638;14588;-;101.6	166;139145;140500;+;80.7	170;142830;145511;+;72.2	163;136633;137421;+;74.8	186;164497;166008;+;62.7	189;167227;170415;+;58.3	383;336991;339075;+;56.7	169;141871;142821;+;46.4	25;25078;26166;+;40.5	A	9/9	split_4	326353	0	1	
NZ_CP091497.1	MPF_F	IncHI2;IncHI2A	363	0	0	GA	0															not_admitted	not_admitted	not_admitted	not_admitted	not_admitted	not_admitted	not_admitted	not_admitted	not_admitted	not_admitted	1	17;19163;20221;+;276.9	197;173094;174509;-;194.1	198;174499;175545;-;173.7	362;314842;317523;+;168.0	196;169135;173085;-;101.6	358;311157;312512;+;80.7	362;314842;317523;+;72.2	355;308645;309433;+;74.8	15;17510;19021;+;62.7	18;20240;23428;+;58.3	204;182586;184670;+;56.7	361;313883;314833;+;46.4	204;182586;184670;+;38.8	A	9/9	split_3	297332	0	1	
NZ_CP091498.1	MPF_F	IncFIB(pENTAS01);IncFII(pENTA)	209	0	0	GA	0															not_admitted	not_admitted	not_admitted	not_admitted	not_admitted	not_admitted	not_admitted	not_admitted	not_admitted	not_admitted	1	160;135008;136003;+;356.6	167;140389;141753;+;360.6	163;138491;139279;+;215.5	152;128976;131582;+;212.9	168;141753;145172;+;302.1	198;170976;171962;-;156.9	152;128976;131582;+;99.9	145;124651;125232;+;96.7	161;136014;136637;+;61.7	162;136634;138490;+;204.1	177;149220;151778;+;365.5	150;128252;128806;+;45.5	177;149220;151778;+;69.4	A	9/9	split_2	46325	1	1	145181..145882+;233;unnamed;0
NZ_CP091499.1	MPF_F	IncFIB(pB171);IncFII(Yp);IncFII(pAR0022)	113	0	0	GA	0															not_admitted	not_admitted	not_admitted	not_admitted	not_admitted	not_admitted	not_admitted	not_admitted	not_admitted	not_admitted	1	99;86573;87559;+;369.4	107;92272;93642;+;376.7	103;90306;91055;+;218.2	96;82949;85579;+;285.5	108;93642;96464;+;336.5	90;79527;80921;+;89.4	96;82949;85579;+;98.6	88;78244;78810;+;169.9	100;87576;88205;+;66.9	101;88202;90055;+;260.5		91;80943;81482;+;67.5		A	9/9	contiguous	15398	1	1	96486..96917+;143;TraS;0
NZ_CP091535.1	MPF_F	IncFIB(AP001918);IncFIC(FII)	124	0	0	GA	0															not_admitted	not_admitted	not_admitted	not_admitted	not_admitted	not_admitted	not_admitted	not_admitted	not_admitted	not_admitted	1	76;85377;86369;-;368.9	65;78318;79691;-;378.8	72;81905;82648;-;234.5	79;87378;90005;-;305.4	64;75499;78321;-;389.5	85;92060;93487;-;94.3	79;87378;90005;-;98.5	87;94202;94768;-;183.8	75;84730;85368;-;68.4	74;82925;84733;-;268.4	61;71817;73970;-;391.9	81;90521;91036;-;78.4	61;71817;73970;-;70.4	A	9/9	contiguous	22385	1	1	74986..75477-;163;TraS;0
NZ_CP091541.1	MPF_F	IncHI2;IncHI2A	157	0	0	GA	0															not_admitted	not_admitted	not_admitted	not_admitted	not_admitted	not_admitted	not_admitted	not_admitted	not_admitted	not_admitted	1	27;31208;32266;+;276.9			11;8955;11636;+;168.0		7;5270;6625;+;80.7	11;8955;11636;+;72.2	4;2758;3546;+;74.8	25;29555;31066;+;62.0	28;32285;35473;+;57.3		10;7996;8946;+;46.1		C	6/9	split_2	29527	0	1	
NZ_CP091543.1	MPF_F	IncHI2;IncHI2A	196	0	0	GA	0															not_admitted	not_admitted	not_admitted	not_admitted	not_admitted	not_admitted	not_admitted	not_admitted	not_admitted	not_admitted	1	27;31208;32266;+;276.9			11;8955;11636;+;168.0		7;5270;6625;+;80.7	11;8955;11636;+;72.2	4;2758;3546;+;74.8	25;29555;31066;+;62.0	28;32285;35473;+;57.3		10;7996;8946;+;46.1		C	6/9	split_2	29527	0	1	
NZ_CP091545.1	MPF_F	IncHI2;IncHI2A	203	0	0	GA	0															not_admitted	not_admitted	not_admitted	not_admitted	not_admitted	not_admitted	not_admitted	not_admitted	not_admitted	not_admitted	1	27;31208;32266;+;276.5			11;8955;11636;+;168.0		7;5270;6625;+;80.7	11;8955;11636;+;72.2	4;2758;3546;+;74.8	25;29555;31066;+;62.0	28;32285;35473;+;57.3		10;7996;8946;+;46.1		C	6/9	split_2	29527	0	1	
NZ_CP091548.1	MPF_F	IncHI2;IncHI2A	294	0	0	GA	0															not_admitted	not_admitted	not_admitted	not_admitted	not_admitted	not_admitted	not_admitted	not_admitted	not_admitted	not_admitted	1	27;31207;32265;+;276.9	211;199977;201392;-;193.7	212;201382;202428;-;174.3	11;8955;11636;+;168.0	210;196015;199968;-;101.7	7;5270;6625;+;80.7	11;8955;11636;+;72.2	4;2758;3546;+;74.8	25;29554;31065;+;62.0	28;32284;35472;+;57.3	219;209470;211554;+;56.8	10;7996;8946;+;46.1	219;209470;211554;+;38.8	A	9/9	split_3	206712	1	1	194545..195834-;429;unnamed;0
NZ_CP091551.1	MPF_F	IncHI2;IncHI2A	324	0	0	GA	0															not_admitted	not_admitted	not_admitted	not_admitted	not_admitted	not_admitted	not_admitted	not_admitted	not_admitted	not_admitted	1	28;31209;32267;+;276.9	208;199557;200972;-;194.1	209;200962;202008;-;173.7	11;8955;11636;+;168.0	207;195598;199548;-;101.6	7;5270;6625;+;80.7	11;8955;11636;+;72.2	4;2758;3546;+;74.8	26;29556;31067;+;62.7	29;32286;35474;+;58.3	215;209049;211133;+;56.7	10;7996;8946;+;46.4	215;209049;211133;+;38.8	A	9/9	split_3	206291	0	1	
NZ_CP091555.1	MPF_F	IncHI2;IncHI2A	275	0	0	GA	0															not_admitted	not_admitted	not_admitted	not_admitted	not_admitted	not_admitted	not_admitted	not_admitted	not_admitted	not_admitted	1	27;31208;32266;+;276.5	190;176805;178220;-;194.1	191;178210;179256;-;174.3	11;8955;11636;+;168.0	189;172843;176796;-;101.7	7;5270;6625;+;80.7	11;8955;11636;+;72.2	4;2758;3546;+;74.8	25;29555;31066;+;62.0	28;32285;35473;+;57.3	198;186298;188382;+;56.8	10;7996;8946;+;46.1	198;186298;188382;+;38.8	A	9/9	split_3	183540	1	1	171373..172662-;429;unnamed;0
NZ_CP091557.1	MPF_F	IncHI2;IncHI2A	244	0	0	GA	0															not_admitted	not_admitted	not_admitted	not_admitted	not_admitted	not_admitted	not_admitted	not_admitted	not_admitted	not_admitted	1	29;32280;33338;+;276.5			11;8955;11636;+;168.1		7;5270;6625;+;80.7	11;8955;11636;+;72.2	4;2758;3546;+;74.8	27;30627;32138;+;62.0	33;36811;37881;+;24.4		10;7996;8946;+;46.1		C	6/9	split_2	34053	0	1	
NZ_CP091559.1	MPF_F	IncHI2;IncHI2A	312	0	0	GA	0															not_admitted	not_admitted	not_admitted	not_admitted	not_admitted	not_admitted	not_admitted	not_admitted	not_admitted	not_admitted	1	27;31207;32265;+;276.9	228;214615;216030;-;193.7	229;216020;217066;-;174.3	11;8955;11636;+;168.0	227;210653;214606;-;101.7	7;5270;6625;+;80.7	11;8955;11636;+;72.2	4;2758;3546;+;74.8	25;29554;31065;+;62.0	28;32284;35472;+;57.3	236;224108;226192;+;56.8	10;7996;8946;+;46.1	236;224108;226192;+;38.8	A	9/9	split_3	221350	1	1	209183..210472-;429;unnamed;0
NZ_CP091561.1	MPF_F	IncHI2;IncHI2A	233	0	0	GA	0															not_admitted	not_admitted	not_admitted	not_admitted	not_admitted	not_admitted	not_admitted	not_admitted	not_admitted	not_admitted	1	27;31208;32266;+;276.5			11;8955;11636;+;168.1		7;5270;6625;+;80.7	11;8955;11636;+;72.2	4;2758;3546;+;74.8	25;29555;31066;+;62.0	28;32285;35473;+;57.3		10;7996;8946;+;46.1		C	6/9	split_2	29527	0	1	
NZ_CP091564.1	MPF_F	IncHI2;IncHI2A	318	0	0	GA	0															not_admitted	not_admitted	not_admitted	not_admitted	not_admitted	not_admitted	not_admitted	not_admitted	not_admitted	not_admitted	1	27;31207;32265;+;276.9	235;224257;225672;-;193.7	236;225662;226708;-;174.3	11;8955;11636;+;168.0	234;220295;224248;-;101.7	7;5270;6625;+;80.7	11;8955;11636;+;72.2	4;2758;3546;+;74.8	25;29554;31065;+;62.0	28;32284;35472;+;57.3	243;233750;235834;+;56.8	10;7996;8946;+;46.1	243;233750;235834;+;38.8	A	9/9	split_3	230992	1	1	218825..220114-;429;unnamed;0
NZ_CP091565.1	MPF_F	IncFII(pSE11)	83	0	0	GA	0															not_admitted	not_admitted	not_admitted	not_admitted	not_admitted	not_admitted	not_admitted	not_admitted	not_admitted	not_admitted	1	55;43317;44309;+;369.5	67;50363;51736;+;381.7	60;47415;48158;+;234.4	52;39678;42308;+;297.8	68;51733;54558;+;374.0	45;35209;36636;+;93.9	52;39678;42308;+;98.7	43;33928;34494;+;174.3	57;44653;45291;+;68.5	58;45288;47138;+;266.9	72;56800;59070;+;391.6	48;37520;38035;+;78.4	72;56800;59070;+;70.3	A	9/9	contiguous	22872	1	1	54555..55064+;169;unnamed;0
NZ_CP091570.1	MPF_F	IncHI2;IncHI2A	273	0	0	GA	0															not_admitted	not_admitted	not_admitted	not_admitted	not_admitted	not_admitted	not_admitted	not_admitted	not_admitted	not_admitted	1	27;31208;32266;+;276.5	186;173224;174639;-;194.1	187;174629;175675;-;174.3	11;8955;11636;+;168.0	185;169262;173215;-;101.7	7;5270;6625;+;80.7	11;8955;11636;+;72.2	4;2758;3546;+;74.8	25;29555;31066;+;62.0	28;32285;35473;+;57.3	197;184894;186114;+;45.7	10;7996;8946;+;46.1	197;184894;186114;+;40.2	A	9/9	split_3	182136	1	1	167792..169081-;429;unnamed;0
NZ_CP091572.1	MPF_F	IncHI2;IncHI2A	195	0	0	GA	0															not_admitted	not_admitted	not_admitted	not_admitted	not_admitted	not_admitted	not_admitted	not_admitted	not_admitted	not_admitted	1	164;144569;145627;-;276.9			180;165199;167880;-;168.0		184;170210;171565;-;80.7	180;165199;167880;-;72.2	4;2758;3435;+;58.4	166;145769;147280;-;62.0	163;141362;144550;-;57.3		181;167889;168839;-;46.1		C	6/9	split_2	167452	0	1	
NZ_CP091574.1	MPF_F	IncFII(pHN7A8)	91	0	0	GA	0															not_admitted	not_admitted	not_admitted	not_admitted	not_admitted	not_admitted	not_admitted	not_admitted	not_admitted	not_admitted	1	64;52389;53381;+;369.5	77;60214;61587;+;376.8	72;57905;58648;+;234.4	61;48753;51380;+;301.8	78;61584;64400;+;376.7	56;45271;46698;+;94.1	61;48753;51380;+;101.8	54;43990;44556;+;183.8	67;54327;54965;+;70.4	70;55778;57628;+;265.0	82;66701;68962;+;391.6	60;47722;48237;+;78.0	82;66701;68962;+;70.3	A	9/9	contiguous	22711	1	1	64433..64954+;173;unnamed;0
NZ_CP091575.1	MPF_T	IncI2(Delta)	78	0	0	GA	1	39;36243;36725;-;81.1		54;52315;52599;-;36.6	53;49952;52309;-;58.5	53;49952;52309;-;44.9	66;58736;59380;-;41.9	67;59386;60381;-;123.7		51;49052;49786;-;144.3	50;48285;49055;-;170.4	49;47156;48295;-;154.7	42;38493;40031;-;207.1	47;44108;46066;-;286.9		pfam	pfam_only	A	7/7	rearranged	1	0	unscoreable	17	0	0														not_admitted	not_admitted	not_admitted	not_admitted	not_admitted	not_admitted	not_admitted
NZ_CP091583.1	MPF_F	IncFIB(pNDM-Mar);IncHI1B(pNDM-MAR)	293	0	0	GA	0															not_admitted	not_admitted	not_admitted	not_admitted	not_admitted	not_admitted	not_admitted	not_admitted	not_admitted	not_admitted	1	94;82126;83163;-;283.7	269;230327;231736;+;190.4	268;229300;230337;+;175.9	107;93995;96712;-;149.6	270;231738;235646;+;122.1	111;98825;100195;-;65.8	107;93995;96712;-;85.2	114;101841;102701;-;79.0	95;83160;84521;-;69.9	93;78934;82116;-;60.1	261;219977;222103;-;57.8	108;96757;97494;-;56.9	261;219977;222103;-;41.0	A	9/9	split_2	152804	0	1	
NZ_CP091584.1	MPF_F	IncFIB(K);IncFII(pKP91)	241	0	0	GA	0															not_admitted	not_admitted	not_admitted	not_admitted	not_admitted	not_admitted	not_admitted	not_admitted	not_admitted	not_admitted	1	18;9550;10539;+;366.6	30;16084;17451;+;382.2	26;14074;14826;+;236.3	13;5455;7746;+;258.9	31;17451;20300;+;346.0	210;192051;193475;+;88.1	217;196303;198942;+;88.7	208;190758;191324;+;169.3	19;10552;11190;+;66.9	224;203420;203959;+;173.0	34;22114;24420;+;392.7	211;193548;194132;+;54.3	34;22114;24420;+;66.6	A	9/9	split_2	197965	1	1	20303..20833+;176;unnamed;0
NZ_CP091585.1	MPF_F	IncFII(K);repB(R1701)	147	0	0	GA	0															not_admitted	not_admitted	not_admitted	not_admitted	not_admitted	not_admitted	not_admitted	not_admitted	not_admitted	not_admitted	1	15;8017;9006;-;366.6	4;1182;2495;-;381.5	9;3728;4480;-;233.2	19;10446;13088;-;258.5	130;110454;113303;-;346.5	27;16283;16993;-;75.5	19;10446;13088;-;88.2	30;18433;18999;-;169.3	14;7366;8004;-;66.9	13;5352;7307;-;259.7	126;105681;107993;-;393.2	26;15585;16169;-;54.3	126;105681;107993;-;65.8	A	9/9	split_2	109272	1	1	109834..110451-;205;unnamed;0
NZ_CP091588.1	MPF_F	IncFIB(pNDM-Mar);IncHI1B(pNDM-MAR)	228	0	0	GA	0															not_admitted	not_admitted	not_admitted	not_admitted	not_admitted	not_admitted	not_admitted	not_admitted	not_admitted	not_admitted	1	176;150657;151694;+;282.3	20;22410;23819;-;190.4	21;23809;24846;-;175.9	162;137109;139826;+;148.7	19;18500;22408;-;122.1	158;133626;134996;+;65.6	162;137109;139826;+;85.2	155;131120;131980;+;79.0	175;149299;150660;+;69.9	177;151704;154886;+;60.1	28;32044;34170;+;57.8	161;136327;137064;+;56.9	28;32044;34170;+;41.0	A	9/9	split_2	133204	0	1	
NZ_CP091591.1	MPF_T	IncN;IncR	137	0	0	GA	1	36;25218;25952;-;33.4		33;24258;24575;-;63.3	32;21658;24258;-;111.8	32;21658;24258;-;76.4	31;20927;21640;-;105.2	29;19636;20676;-;142.4		28;18719;19417;-;131.9	27;17824;18708;-;159.7	26;16664;17824;-;156.3	25;15627;16622;-;81.2	73;51597;53126;+;38.5		pfam	both	A	7/7	canonical	1	0	unscoreable	3	0	0														not_admitted	not_admitted	not_admitted	not_admitted	not_admitted	not_admitted	not_admitted
NZ_CP091593.1	MPF_F	IncFIB(pQil);IncFII(K)	113	0	0	GA	0															not_admitted	not_admitted	not_admitted	not_admitted	not_admitted	not_admitted	not_admitted	not_admitted	not_admitted	not_admitted	1	32;33361;34350;-;366.0	22;26447;27814;-;381.2	26;29072;29824;-;233.7	36;35793;38432;-;258.5	21;23598;26447;-;345.6	45;41688;43112;-;88.8	36;35793;38432;-;88.7	46;43112;44404;-;166.0	31;32710;33348;-;66.9	30;30696;32651;-;259.7	17;18800;21112;-;392.7	44;40990;41574;-;55.4	17;18800;21112;-;66.5	A	9/9	contiguous	24312	1	1	23037..23585-;182;unnamed;0
NZ_CP091595.1	MPF_F	-	101	0	0	GA	0															not_admitted	not_admitted	not_admitted	not_admitted	not_admitted	not_admitted	not_admitted	not_admitted	not_admitted	not_admitted	1	46;35547;36590;-;369.2	41;30136;31563;-;325.8	43;31951;32778;-;219.0	50;38152;40878;-;164.6	40;27118;30120;-;208.7	54;42560;43876;-;102.7	50;38152;40878;-;108.4	56;44589;45167;-;83.7	45;34825;35532;-;107.6	44;32771;34828;-;91.0	78;58951;61110;-;381.3	51;40888;41532;-;41.9	78;58951;61110;-;90.0	A	9/9	contiguous	31833	1	1	26528..27046-;172;unnamed;0
NZ_CP091599.1	MPF_F	IncFIB(K);IncFII(K);IncFII(pAR0022)	217	0	0	GA	0															not_admitted	not_admitted	not_admitted	not_admitted	not_admitted	not_admitted	not_admitted	not_admitted	not_admitted	not_admitted	1	72;87973;88965;-;366.6	62;81070;82437;-;381.2	66;83695;84447;-;233.7	74;89980;92619;-;258.7	61;78221;81070;-;345.6	84;96433;97857;-;89.2	74;89980;92619;-;88.8	85;97857;99149;-;163.7	71;87322;87960;-;67.0	70;85319;87325;-;259.6	57;73423;75735;-;392.7	82;95252;95821;-;49.7	57;73423;75735;-;66.6	A	9/9	contiguous	24434	1	1	77660..78208-;182;unnamed;0
NZ_CP091602.1	MPF_F	IncFIB(pNDM-Mar);IncHI1B(pNDM-MAR)	337	0	0	GA	0															not_admitted	not_admitted	not_admitted	not_admitted	not_admitted	not_admitted	not_admitted	not_admitted	not_admitted	not_admitted	1	223;201780;202817;-;282.3	70;59294;60703;+;190.4	69;58267;59304;+;175.7	238;214873;217590;-;149.6	71;60705;64673;+;121.3	242;219703;221073;-;65.6	238;214873;217590;-;85.2	245;222719;223579;-;79.0	224;202814;204175;-;69.9	222;198585;201770;-;59.9	62;48943;51069;-;57.7	239;217635;218372;-;56.9	62;48943;51069;-;41.0	A	9/9	split_2	173776	0	1	
NZ_CP091605.1	MPF_F	IncFIA(HI1);IncHI1A;IncHI1B(R27)	275	0	0	GA	0															not_admitted	not_admitted	not_admitted	not_admitted	not_admitted	not_admitted	not_admitted	not_admitted	not_admitted	not_admitted	1	15;14855;15907;+;277.6	186;176397;177812;-;202.4	187;177802;178848;-;171.3	273;248345;251026;+;160.6	185;172399;176388;-;103.1	269;244639;245997;+;84.0	273;248345;251026;+;76.5	266;242187;242972;+;68.7	13;13202;14710;+;65.6	19;19417;21750;+;62.3	193;185783;187867;+;50.2	272;247386;248336;+;45.2	193;185783;187867;+;36.5	A	9/9	split_3	235143	0	1	
NZ_CP091608.1	MPF_F	IncFIA(HI1);IncHI1A;IncHI1B(R27)	241	0	0	GA	0															not_admitted	not_admitted	not_admitted	not_admitted	not_admitted	not_admitted	not_admitted	not_admitted	not_admitted	not_admitted	1	15;14855;15907;+;277.6	152;146287;147702;-;202.4	153;147692;148738;-;171.3	239;218235;220916;+;160.6	151;142289;146278;-;103.1	235;214529;215887;+;84.0	239;218235;220916;+;76.5	232;212077;212862;+;68.7	13;13202;14710;+;65.6	16;15930;19106;+;58.9	159;155673;157757;+;50.2	238;217276;218226;+;45.2	159;155673;157757;+;36.5	A	9/9	split_3	205033	0	1	
NZ_CP091616.1	MPF_F	IncFIA(HI1);IncHI1A;IncHI1B(R27)	271	0	0	GA	0															not_admitted	not_admitted	not_admitted	not_admitted	not_admitted	not_admitted	not_admitted	not_admitted	not_admitted	not_admitted	1	15;14855;15907;+;277.6	182;172843;174258;-;202.4	183;174248;175294;-;171.3	269;244791;247472;+;160.6	181;168845;172834;-;103.1	265;241085;242443;+;84.0	269;244791;247472;+;76.5	262;238633;239418;+;68.7	13;13202;14710;+;65.6	16;15930;19106;+;58.9	189;182229;184313;+;50.2	268;243832;244782;+;45.2	189;182229;184313;+;36.5	A	9/9	split_3	231589	0	1	
NZ_CP091620.1	MPF_F	IncHI2;IncHI2A	191	0	0	GA	0															not_admitted	not_admitted	not_admitted	not_admitted	not_admitted	not_admitted	not_admitted	not_admitted	not_admitted	not_admitted	1	27;31208;32266;+;276.9			11;8955;11636;+;168.0		7;5270;6625;+;80.7	11;8955;11636;+;72.2	4;2758;3546;+;74.8	25;29555;31066;+;62.0	28;32285;35473;+;57.3		10;7996;8946;+;46.1		C	6/9	split_2	29527	0	1	
NZ_CP091627.1	MPF_F	IncFIA(HI1);IncHI1A;IncHI1B(R27)	271	0	0	GA	0															not_admitted	not_admitted	not_admitted	not_admitted	not_admitted	not_admitted	not_admitted	not_admitted	not_admitted	not_admitted	1	15;14855;15907;+;277.6	182;172843;174258;-;202.4	183;174248;175294;-;171.3	269;244791;247472;+;160.6	181;168845;172834;-;103.1	265;241085;242443;+;84.0	269;244791;247472;+;76.5	262;238633;239418;+;68.7	13;13202;14710;+;65.6	16;15930;19106;+;58.9	189;182229;184313;+;50.2	268;243832;244782;+;45.2	189;182229;184313;+;36.5	A	9/9	split_3	231589	0	1	
NZ_CP091631.1	MPF_F	IncFIA(HI1);IncHI1A;IncHI1B(R27)	271	0	0	GA	0															not_admitted	not_admitted	not_admitted	not_admitted	not_admitted	not_admitted	not_admitted	not_admitted	not_admitted	not_admitted	1	15;14855;15907;+;277.6	182;172843;174258;-;202.4	183;174248;175294;-;171.3	269;244791;247472;+;160.6	181;168845;172834;-;103.1	265;241085;242443;+;84.0	269;244791;247472;+;76.5	262;238633;239418;+;68.7	13;13202;14710;+;65.6	16;15930;19106;+;58.9	189;182229;184313;+;50.2	268;243832;244782;+;45.2	189;182229;184313;+;36.5	A	9/9	split_3	231589	0	1	
NZ_CP091637.1	MPF_F	IncHI2;IncHI2A	313	0	0	GA	0															not_admitted	not_admitted	not_admitted	not_admitted	not_admitted	not_admitted	not_admitted	not_admitted	not_admitted	not_admitted	1	27;31707;32765;+;276.9	220;198720;200135;-;194.1	221;200125;201171;-;174.3	11;8955;11636;+;168.0	219;194758;198711;-;101.6	7;5270;6625;+;80.7	11;8955;11636;+;72.2	4;2758;3546;+;74.8	25;30054;31565;+;62.0	28;32784;35972;+;57.3	228;208213;210297;+;56.8	10;7996;8946;+;46.1	228;208213;210297;+;38.8	A	9/9	split_3	205455	1	1	193288..194577-;429;unnamed;0
NZ_CP091638.1	MPF_T	IncI2(Delta)	75	0	0	GA	1	39;31154;31636;-;81.1		53;46707;46991;-;36.6	52;44344;46701;-;58.5	52;44344;46701;-;44.9	63;52349;52996;-;41.6	64;53002;53988;-;122.2		50;43444;44178;-;144.4	49;42677;43447;-;170.5	48;41548;42687;-;154.7	42;33404;34942;-;207.0	46;38500;40458;-;285.8		pfam	pfam_only	A	7/7	rearranged	1	0	unscoreable	14	0	0														not_admitted	not_admitted	not_admitted	not_admitted	not_admitted	not_admitted	not_admitted
NZ_CP091641.1	MPF_F	IncHI2;IncHI2A	309	0	0	GA	0															not_admitted	not_admitted	not_admitted	not_admitted	not_admitted	not_admitted	not_admitted	not_admitted	not_admitted	not_admitted	1	27;31707;32765;+;276.9	216;196061;197476;-;194.1	217;197466;198512;-;174.3	11;8955;11636;+;168.0	215;192099;196052;-;101.6	7;5270;6625;+;80.7	11;8955;11636;+;72.2	4;2758;3546;+;74.8	25;30054;31565;+;62.0	28;32784;35972;+;57.3	224;205554;207638;+;56.8	10;7996;8946;+;46.1	224;205554;207638;+;38.8	A	9/9	split_3	202796	1	1	190629..191918-;429;unnamed;0
NZ_CP091649.1	MPF_T	-	503	0	0	GA	1	64;40212;40766;+;76.4	314;268057;268437;-;29.3	83;56273;56722;+;32.0	84;56823;59186;+;94.9	312;265282;267759;-;81.0	86;59652;60323;+;127.8	87;60353;61291;+;132.2		90;61822;62730;+;122.7	91;62730;63599;+;157.9	92;63592;64890;+;169.1	388;333165;335432;-;140.9	98;68327;70546;+;310.5		pfam	both	A	7/7	canonical	1	0	unscoreable	29	0	0														not_admitted	not_admitted	not_admitted	not_admitted	not_admitted	not_admitted	not_admitted
NZ_CP091654.1	MPF_F	IncFIB(AP001918);IncFIC(FII)	129	0	0	GA	0															not_admitted	not_admitted	not_admitted	not_admitted	not_admitted	not_admitted	not_admitted	not_admitted	not_admitted	not_admitted	1				12;9684;10157;-;74.4		19;12212;12973;-;80.2		21;13199;13765;-;183.8				15;10673;11188;-;78.4		D	3/9	contiguous	3515	0	0	
NZ_CP091655.1	MPF_F	IncFII(pHN7A8)	90	0	0	GA	0															not_admitted	not_admitted	not_admitted	not_admitted	not_admitted	not_admitted	not_admitted	not_admitted	not_admitted	not_admitted	1	3;3088;4080;-;368.7	82;78983;80356;-;376.8	87;81922;82665;-;234.4	6;5089;7716;-;302.3	81;76170;78986;-;389.2	11;9628;11055;-;94.1	6;5089;7716;-;99.2	13;11770;12336;-;183.8	0;1453;2091;-;68.6	89;82942;83238;-;71.0	77;71680;73869;-;391.8	8;8232;8747;-;78.4	77;71680;73869;-;70.3	A	9/9	split_2	81489	1	1	75616..76137-;173;unnamed;0
NZ_CP091658.1	MPF_F	IncFIA;IncFIB(AP001918);IncFII	161	0	0	GA	0															not_admitted	not_admitted	not_admitted	not_admitted	not_admitted	not_admitted	not_admitted	not_admitted	not_admitted	not_admitted	1	103;87821;88813;-;367.4	92;80762;82135;-;380.9	99;84349;85092;-;231.7	106;89822;92449;-;305.4	91;77940;80765;-;385.9	112;94504;95931;-;94.3	106;89822;92449;-;98.5	114;96646;97212;-;183.8	102;87174;87812;-;68.6	101;85369;87177;-;268.3	88;74257;76437;-;391.3	108;92965;93480;-;78.4	88;74257;76437;-;70.4	A	9/9	contiguous	22389	1	1	77434..77943-;169;unnamed;0
NZ_CP091660.1	MPF_T	-	55	0	0	GA	1	30;23156;23803;+;45.4	31;23781;24077;+;67.5	32;24099;26852;+;44.2	32;24099;26852;+;147.1	32;24099;26852;+;75.3	33;26863;27618;+;68.9	35;27917;29011;+;113.0		36;29268;29981;+;118.7	37;29986;30915;+;133.9	38;30912;32117;+;132.5	39;32119;33150;+;76.3	40;33153;34988;+;486.3		pfam	pfam_only	A	7/7	canonical	1	1	unscoreable	1	0	0														not_admitted	not_admitted	not_admitted	not_admitted	not_admitted	not_admitted	not_admitted
NZ_CP091666.1	MPF_F	IncFIB(AP001918);IncFIC(FII)	172	0	0	GA	0															not_admitted	not_admitted	not_admitted	not_admitted	not_admitted	not_admitted	not_admitted	not_admitted	not_admitted	not_admitted	1	81;89348;90340;-;367.4	70;82289;83665;-;378.0	77;85876;86619;-;233.4	84;91349;93976;-;305.4	69;79470;82292;-;389.5	91;96031;97458;-;94.3	84;91349;93976;-;98.5	93;98173;98739;-;183.8	80;88701;89339;-;67.1	79;86896;88704;-;268.5	66;75752;77941;-;391.8	87;94492;95007;-;78.4	66;75752;77941;-;70.3	A	9/9	contiguous	22421	1	1	78957..79448-;163;TraS;0
NZ_CP091672.1	MPF_F	IncFIB(AP001918);IncFII;IncX1;IncX3	231	0	0	GA	0															not_admitted	not_admitted	not_admitted	not_admitted	not_admitted	not_admitted	not_admitted	not_admitted	not_admitted	not_admitted	1	143;136854;137846;+;367.3	154;143533;144906;+;374.3	147;140575;141318;+;234.1	140;133218;135845;+;305.3	155;144903;147719;+;387.2	133;129736;131163;+;94.4	140;133218;135845;+;99.7	131;128455;129021;+;183.8	144;137855;138493;+;67.3	145;138490;140298;+;268.3	158;149282;151489;+;391.7	137;132187;132702;+;77.3	158;149282;151489;+;70.3	A	9/9	contiguous	20827	1	1	147752..148273+;173;unnamed;0
NZ_CP091693.1	MPF_F	IncFII(pSE11)	84	0	0	GA	0															not_admitted	not_admitted	not_admitted	not_admitted	not_admitted	not_admitted	not_admitted	not_admitted	not_admitted	not_admitted	1	19;20155;21147;-;369.5	7;12728;14101;-;381.7	14;16306;17049;-;234.4	22;22156;24786;-;297.8	6;9906;12731;-;374.0	29;27828;29255;-;93.9	22;22156;24786;-;98.7	31;29970;30536;-;174.3	17;19173;19811;-;67.3	16;17326;19176;-;266.9	2;5515;7677;-;391.8	26;26429;26944;-;78.4	2;5515;7677;-;70.4	A	9/9	contiguous	24455	1	1	9400..9909-;169;unnamed;0
NZ_CP091699.1	MPF_F	IncFII	68	0	0	GA	0															not_admitted	not_admitted	not_admitted	not_admitted	not_admitted	not_admitted	not_admitted	not_admitted	not_admitted	not_admitted	1	49;36255;37247;+;369.3	60;43297;44670;+;381.0	55;40964;41707;+;233.3	46;32619;35246;+;304.6	61;44667;47492;+;389.2	41;29040;30467;+;94.4	46;32619;35246;+;99.2	39;27759;28325;+;183.8	52;38244;38882;+;68.6	53;38879;40687;+;268.0	64;48996;51275;+;391.6	45;31588;32103;+;78.0	64;48996;51275;+;70.3	A	9/9	contiguous	21237	1	1	47489..47998+;169;unnamed;0
NZ_CP091706.1	MPF_F	IncFII	86	0	0	GA	0															not_admitted	not_admitted	not_admitted	not_admitted	not_admitted	not_admitted	not_admitted	not_admitted	not_admitted	not_admitted	1	54;40916;41908;+;369.5	71;50165;51538;+;381.7	64;47217;47960;+;233.1	51;37277;39907;+;297.8	72;51535;54381;+;384.1	43;32585;34036;+;93.8	51;37277;39907;+;99.9	41;31304;31870;+;175.8	59;43640;44278;+;70.1	62;45090;46940;+;271.9	76;56623;59055;+;391.4	47;35140;35655;+;81.1	76;56623;59055;+;70.2	A	9/9	contiguous	25319	1	1	54378..54887+;169;unnamed;0
NZ_CP091707.1	MPF_T	IncI2(Delta)	79	0	0	GA	1	41;29606;30088;-;81.1		56;45679;45963;-;36.6	55;43316;45673;-;58.5	55;43316;45673;-;44.9	66;51321;51968;-;41.6	67;51974;52960;-;122.2		53;42416;43150;-;144.4	52;41649;42419;-;170.5	51;40520;41659;-;154.7	44;31857;33395;-;208.0	49;37472;39430;-;287.0		pfam	pfam_only	A	7/7	rearranged	1	0	unscoreable	15	0	0														not_admitted	not_admitted	not_admitted	not_admitted	not_admitted	not_admitted	not_admitted
NZ_CP091753.1	MPF_F	IncFIB(K);IncFIB(pQil);IncFII(K)	271	0	0	GA	0															not_admitted	not_admitted	not_admitted	not_admitted	not_admitted	not_admitted	not_admitted	not_admitted	not_admitted	not_admitted	1	155;154227;155216;-;366.0	145;147313;148680;-;382.2	149;149938;150690;-;236.4	159;156659;159298;-;258.5	144;144470;147313;-;342.9	167;162555;163979;-;88.8	159;156659;159298;-;88.7	169;164706;165272;-;169.3	154;153576;154214;-;67.0	153;151562;153517;-;259.5	140;139573;141885;-;392.8	166;161857;162441;-;55.4	140;139573;141885;-;65.9	A	9/9	contiguous	25133	1	1	143935..144459-;174;unnamed;0
NZ_CP091757.1	MPF_F	IncFIB(K);IncFIB(pQil);IncFII(K)	323	0	0	GA	0															not_admitted	not_admitted	not_admitted	not_admitted	not_admitted	not_admitted	not_admitted	not_admitted	not_admitted	not_admitted	1	207;200243;201232;-;366.0	145;147313;148680;-;382.2	149;149938;150690;-;236.4	160;156945;159584;-;259.0	196;190480;193329;-;345.6	219;208571;209995;-;88.8	211;202675;205314;-;88.7	221;210722;211288;-;169.3	206;199592;200230;-;67.0	205;197578;199533;-;259.7	140;139573;141885;-;392.8	218;207873;208457;-;55.4	192;185682;187994;-;66.5	A	9/9	split_2	71149	1	1	189919..190467-;182;unnamed;0
NZ_CP091774.1	MPF_F	IncFIB(AP001918);IncFIC(FII);IncQ1	124	0	0	GA	0															not_admitted	not_admitted	not_admitted	not_admitted	not_admitted	not_admitted	not_admitted	not_admitted	not_admitted	not_admitted	1	54;51455;52447;-;369.3			77;70553;72487;-;306.3	51;47698;50520;-;389.5	83;74542;75969;-;94.3	77;70553;72487;-;48.9	85;76684;77250;-;183.8	53;50808;51446;-;68.4		48;44016;46169;-;391.9	79;73003;73518;-;78.4	48;44016;46169;-;70.4	C	6/9	contiguous	32668	1	0	47185..47676-;163;TraS;0
NZ_CP091780.1	MPF_F	IncFII(pECLA);repE(pEh60-7)	117	0	0	GA	0															not_admitted	not_admitted	not_admitted	not_admitted	not_admitted	not_admitted	not_admitted	not_admitted	not_admitted	not_admitted	1	92;73921;74919;+;362.7	101;80168;81532;+;360.1	95;77385;78167;+;213.2	84;67913;70522;+;223.4	102;81532;84927;+;308.7	78;64551;65960;+;97.0	84;67913;70522;+;104.2	76;63221;63802;+;94.6	93;74930;75556;+;63.9	94;75553;77388;+;217.6	107;87578;90139;+;367.6	82;67111;67665;+;43.8	107;87578;90139;+;71.3	A	9/9	contiguous	24357	1	1	84936..85649+;237;unnamed;0
NZ_CP091782.1	MPF_F	IncFII(K);IncR	136	0	0	GA	0															not_admitted	not_admitted	not_admitted	not_admitted	not_admitted	not_admitted	not_admitted	not_admitted	not_admitted	not_admitted	1	35;23529;24518;+;366.6	45;30065;31432;+;384.0	41;28055;28807;+;233.7	31;19433;22072;+;258.5	46;31432;34281;+;346.4	24;15182;16606;+;89.3	31;19433;22072;+;88.7	22;13889;14455;+;169.3	36;24531;25169;+;66.9	37;25228;27183;+;259.4	50;36743;39025;+;393.2	25;16678;17262;+;54.7	50;36743;39025;+;65.8	A	9/9	contiguous	22854	1	1	34284..34817+;177;unnamed;0
NZ_CP091807.1	MPF_F	IncFIA(HI1)	127	0	0	GA	0															not_admitted	not_admitted	not_admitted	not_admitted	not_admitted	not_admitted	not_admitted	not_admitted	not_admitted	not_admitted	1				52;35239;35859;+;101.8		42;29990;31414;+;88.4		40;28697;29263;+;167.0				44;32050;32607;+;52.7		D	3/9	contiguous	6542	0	0	
NZ_CP091808.1	MPF_F	IncFII	86	0	0	GA	0															not_admitted	not_admitted	not_admitted	not_admitted	not_admitted	not_admitted	not_admitted	not_admitted	not_admitted	not_admitted	1	9;6873;7865;-;369.5		4;3024;3767;-;234.4	12;8874;11504;-;304.1	84;73139;75961;-;374.0	19;14503;15954;-;94.2	12;8874;11504;-;97.1	21;16669;17235;-;174.3	7;5891;6529;-;68.6	6;4044;5894;-;266.1	80;68642;70867;-;391.1	16;13128;13643;-;78.4	80;68642;70867;-;70.3	B	8/9	split_2	70115	1	1	72638..73117-;159;TraS;0
NZ_CP091812.1	MPF_T	IncFII(pECLA);IncHI1A(NDM-CIT);IncHI1B(pNDM-CIT)	369	1	0	GA	1		339;319419;319802;+;86.7	226;198964;199233;+;32.5	341;320083;322533;+;42.3	341;320083;322533;+;138.5	228;201693;202436;+;226.6	344;323603;324967;+;179.3		231;204158;204862;+;235.9	346;325698;326690;+;224.4	233;205854;207134;+;208.0	224;197514;198584;+;118.3	336;315882;317897;+;346.4	262;232237;235413;-;57.9	conjscan	conjscan_only	A	7/7	canonical	1	0	unscoreable	6	0	1	263;235432;236139;-;214.6			280;254983;257664;-;156.8		233;205854;207134;+;208.0	280;254983;257664;-;73.5	287;263037;263822;-;69.5	265;236632;238140;-;62.3	262;232237;235413;-;57.9	336;315882;317897;+;105.6	281;257673;258623;-;45.4	336;315882;317897;+;99.4	C	6/9	split_3	110028	0	1	
NZ_CP091814.1	MPF_F	IncFIB(pNDM-Mar);IncHI1B(pNDM-MAR)	410	0	0	GA	0															not_admitted	not_admitted	not_admitted	not_admitted	not_admitted	not_admitted	not_admitted	not_admitted	not_admitted	not_admitted	1	34;32681;33718;-;282.3	223;194407;195816;+;190.4	222;193380;194417;+;176.7	46;44550;47267;-;148.7	224;195818;199756;+;118.9	50;49380;50750;-;65.6	46;44550;47267;-;85.2	53;52396;53256;-;79.0	35;33715;35076;-;69.9	33;29486;32671;-;58.9	215;184073;186199;-;58.0	47;47312;48049;-;57.0	215;184073;186199;-;39.7	A	9/9	split_2	166332	0	1	
NZ_CP091834.1	-	-	275	0	0	GA	0															not_admitted	not_admitted	not_admitted	not_admitted	not_admitted	not_admitted	not_admitted	not_admitted	not_admitted	not_admitted	1	252;234674;235687;-;93.3			254;236150;238966;-;164.8			254;236150;238966;-;29.2				16;10651;12834;-;37.1		16;10651;12834;-;42.2	D	2/9	split_2	225499	0	0	
NZ_CP091847.1	MPF_F	repFIB;repHI5B	394	0	0	GA	0															not_admitted	not_admitted	not_admitted	not_admitted	not_admitted	not_admitted	not_admitted	not_admitted	not_admitted	not_admitted	1	150;150855;151892;-;282.2	37;33035;34477;-;188.6	38;34434;35471;-;172.0	163;165491;166816;-;147.2	36;29089;33033;-;119.0	167;168939;170306;-;63.7	161;162761;164122;-;82.6	170;171961;172821;-;73.9	151;151889;153250;-;71.7	149;147664;150840;-;58.7	45;42699;44825;+;62.0	164;166865;167602;-;56.3	45;42699;44825;+;39.7	A	9/9	split_2	142872	0	1	
NZ_CP091848.1	MPF_F	IncFIB(K);IncFII(K)	183	0	0	GA	0															not_admitted	not_admitted	not_admitted	not_admitted	not_admitted	not_admitted	not_admitted	not_admitted	not_admitted	not_admitted	1	125;127175;128167;-;366.6	115;120354;121724;-;381.2	119;122926;123678;-;232.4	128;129193;131832;-;258.7	114;117574;120354;-;344.3	138;136086;137072;-;37.3	128;129193;131832;-;88.8	140;137799;138365;-;167.0	124;126524;127162;-;67.0	123;124521;126527;-;259.0	108;112605;114914;-;393.2	135;134466;135035;-;49.7	108;112605;114914;-;65.8	A	9/9	contiguous	25194	0	1	
NZ_CP091849.1	MPF_T	IncN;IncU	94	0	0	GA	1	22;16203;16937;+;32.5		25;17580;17897;+;63.3	26;17897;20497;+;113.8	26;17897;20497;+;76.4	27;20515;21228;+;105.5	29;21479;22519;+;142.4		30;22738;23436;+;131.9	31;23447;24019;+;89.5	33;24332;25492;+;156.3	34;25534;26529;+;81.2	71;56749;58278;-;38.5		pfam	both	A	7/7	canonical	1	0	unscoreable	3	0	0														not_admitted	not_admitted	not_admitted	not_admitted	not_admitted	not_admitted	not_admitted
NZ_CP091867.1	MPF_F	IncC	217	0	0	GA	0															not_admitted	not_admitted	not_admitted	not_admitted	not_admitted	not_admitted	not_admitted	not_admitted	not_admitted	not_admitted	1	144;110844;111836;+;369.3	153;116898;118271;+;379.5	148;114535;115308;+;234.0	141;107205;109835;+;303.5	154;118268;121093;+;386.0	134;102500;103927;+;94.3	141;107205;109835;+;98.5	132;101219;101785;+;183.8	145;111845;112483;+;68.7	146;112480;114288;+;268.0	157;122597;124813;+;391.7	138;105055;105570;+;78.6	157;122597;124813;+;70.3	A	9/9	contiguous	21378	1	1	121090..121599+;169;unnamed;0
NZ_CP091869.1	MPF_F	IncC	216	0	0	GA	0															not_admitted	not_admitted	not_admitted	not_admitted	not_admitted	not_admitted	not_admitted	not_admitted	not_admitted	not_admitted	1	118;93965;94957;-;369.3	109;87530;88903;-;379.5	114;90493;91266;-;234.0	121;95966;98596;-;303.5	108;84708;87533;-;386.0	128;101874;103301;-;94.3	121;95966;98596;-;98.5	130;104016;104582;-;183.8	117;93318;93956;-;68.7	116;91513;93321;-;268.0	105;80988;83204;-;391.7	124;100231;100746;-;78.6	105;80988;83204;-;70.3	A	9/9	contiguous	23028	1	1	84202..84711-;169;unnamed;0
NZ_CP091926.1	MPF_F	IncHI2;IncHI2A;IncQ1	279	0	0	GA	0															not_admitted	not_admitted	not_admitted	not_admitted	not_admitted	not_admitted	not_admitted	not_admitted	not_admitted	not_admitted	1	27;31208;32266;+;276.9	193;187894;189309;-;194.1	194;189299;190345;-;174.3	11;8955;11636;+;168.0	192;183932;187885;-;101.7	7;5270;6625;+;80.7	11;8955;11636;+;72.2	4;2758;3546;+;74.8	25;29555;31066;+;62.0	28;32285;35473;+;57.3	201;197387;199471;+;56.8	10;7996;8946;+;46.1	201;197387;199471;+;38.8	A	9/9	split_3	194629	1	1	182462..183751-;429;unnamed;0
NZ_CP091980.1	MPF_T	IncX3	72	0	0	GA	1	33;22743;23387;+;46.4	34;23371;23661;+;73.1	35;23686;26439;+;47.0	35;23686;26439;+;142.4	35;23686;26439;+;73.3	36;26449;27219;+;60.1	38;27498;28553;+;133.2		39;28748;29476;+;119.4	40;29482;30411;+;138.8	41;30408;31622;+;128.3	43;31818;32852;+;65.7	44;32855;34690;+;495.9		pfam	pfam_only	A	7/7	canonical	1	1	unscoreable	2	0	0														not_admitted	not_admitted	not_admitted	not_admitted	not_admitted	not_admitted	not_admitted
NZ_CP091982.1	MPF_F	-	227	0	0	GA	1	218;215902;216327;-;70.9			163;168087;170549;-;52.9	163;168087;170549;-;79.8		161;166261;167328;-;52.1		223;220543;221259;-;92.1	222;219671;220546;-;152.8	221;218400;219662;-;145.9	211;208128;210377;-;144.8	159;163155;165023;-;37.7		none	none	A	7/7	canonical	0	0	unscoreable	11	0	0														not_admitted	not_admitted	not_admitted	not_admitted	not_admitted	not_admitted	not_admitted
NZ_CP091986.1	MPF_F	repFIB;repHI5B	397	0	0	GA	0															not_admitted	not_admitted	not_admitted	not_admitted	not_admitted	not_admitted	not_admitted	not_admitted	not_admitted	not_admitted	1	52;51336;52373;-;282.2	337;288903;290345;-;188.6	338;290302;291339;-;172.0	65;65972;67297;-;146.3	336;284957;288901;-;119.0	69;69420;70787;-;63.7	63;63242;64603;-;82.6	72;72442;73302;-;73.9	53;52370;53731;-;71.7	51;48145;51321;-;58.7	345;298567;300693;+;62.0	66;67346;68083;-;56.3	345;298567;300693;+;39.7	A	9/9	split_2	250422	0	1	
NZ_CP091987.1	MPF_F	IncFIB(K);IncFII(K)	182	0	0	GA	0															not_admitted	not_admitted	not_admitted	not_admitted	not_admitted	not_admitted	not_admitted	not_admitted	not_admitted	not_admitted	1	125;127175;128167;-;366.6	115;120354;121724;-;381.2	119;122926;123678;-;232.4	128;129193;131832;-;258.7	114;117574;120354;-;344.3	137;135647;137071;-;89.2	128;129193;131832;-;88.8	139;137798;138364;-;167.0	124;126524;127162;-;67.0	123;124521;126527;-;259.0	108;112605;114914;-;393.2	135;134466;135035;-;49.7	108;112605;114914;-;65.8	A	9/9	contiguous	25193	0	1	
NZ_CP092007.1	MPF_F	IncHI2;IncHI2A	374	0	0	GA	0															not_admitted	not_admitted	not_admitted	not_admitted	not_admitted	not_admitted	not_admitted	not_admitted	not_admitted	not_admitted	1	29;32026;33084;+;276.9	249;224580;225995;-;194.1	250;225985;227031;-;173.7	11;8955;11636;+;168.0	248;220621;224571;-;101.6	7;5270;6625;+;80.7	11;8955;11636;+;72.2	4;2758;3546;+;74.8	27;30373;31884;+;62.7	30;33103;36291;+;58.3	257;235137;237221;+;56.7	10;7996;8946;+;46.4	257;235137;237221;+;38.8	A	9/9	split_3	232379	0	1	
NZ_CP092019.1	MPF_T	-	48	0	0	GA	1		19;17677;17940;-;59.3	18;14896;17664;-;73.3	18;14896;17664;-;174.2	18;14896;17664;-;86.0	13;11920;12906;-;82.7	12;10924;11916;-;111.2		10;10115;10777;-;177.6	9;9231;10118;-;161.4	8;8032;9204;-;166.0	7;7059;8051;-;93.2	6;5247;7058;-;348.4		pfam	pfam_only	A	7/7	canonical	1	1	unscoreable	5	0	0														not_admitted	not_admitted	not_admitted	not_admitted	not_admitted	not_admitted	not_admitted
NZ_CP092021.1	MPF_T	-	53	0	0	GA	1		49;48697;48960;-;59.3	48;45916;48684;-;73.3	48;45916;48684;-;173.5	48;45916;48684;-;86.1	43;42962;43933;-;83.3	42;41967;42965;-;116.3		40;41158;41820;-;177.6	39;40274;41161;-;161.4	38;39075;40247;-;166.0	37;38102;39094;-;93.2	36;36290;38101;-;348.4		pfam	pfam_only	A	7/7	canonical	1	1	unscoreable	5	0	0														not_admitted	not_admitted	not_admitted	not_admitted	not_admitted	not_admitted	not_admitted
NZ_CP092023.1	MPF_T	-	41	0	0	GA	1	32;23733;24278;+;58.1	19;12894;13190;+;65.7	20;13190;13477;+;50.4	21;13479;15944;+;91.1	21;13479;15944;+;88.1	25;17762;18541;+;49.8	27;18768;19976;+;45.0		28;20192;20887;+;123.2	29;20898;22058;+;163.7	31;22503;23732;+;209.5	18;11955;12893;+;132.3	37;27079;28902;+;323.2		conjscan	both	A	7/7	canonical	1	0	unscoreable	10	0	0														not_admitted	not_admitted	not_admitted	not_admitted	not_admitted	not_admitted	not_admitted
NZ_CP092024.1	MPF_T	-	53	0	0	GA	1		13;11578;11841;+;59.3	14;11854;14622;+;73.3	14;11854;14622;+;173.5	14;11854;14622;+;86.1	19;16605;17576;+;83.3	20;17573;18571;+;116.3		22;18718;19380;+;177.6	23;19377;20264;+;161.4	24;20291;21463;+;166.0	25;21444;22436;+;93.2	26;22437;24248;+;348.4		pfam	pfam_only	A	7/7	canonical	1	1	unscoreable	5	0	0														not_admitted	not_admitted	not_admitted	not_admitted	not_admitted	not_admitted	not_admitted
NZ_CP092027.1	MPF_T	-	32	0	0	GA	1	15;11038;11583;-;54.1	27;20907;21203;-;64.2	26;20620;20907;-;47.5	25;18153;20618;-;84.6	25;18153;20618;-;91.0	22;16404;17207;-;62.4	20;14916;16136;-;54.7		19;14201;14896;-;121.0	18;13259;14188;-;168.3	16;11576;12814;-;211.4	28;21213;22151;-;132.8	10;6414;8237;-;319.3		conjscan	both	A	7/7	canonical	1	0	unscoreable	8	0	0														not_admitted	not_admitted	not_admitted	not_admitted	not_admitted	not_admitted	not_admitted
NZ_CP092035.1	MPF_T	-	41	0	0	GA	1	23;16711;17256;-;58.1	36;27799;28095;-;65.7	35;27512;27799;-;50.4	34;25045;27510;-;91.1	34;25045;27510;-;88.1	30;22448;23227;-;49.8	28;21013;22221;-;45.0		27;20102;20797;-;123.2	26;18931;20091;-;163.7	24;17257;18486;-;209.5	37;28096;29034;-;132.3	18;12087;13910;-;323.2		conjscan	both	A	7/7	canonical	1	0	unscoreable	10	0	0														not_admitted	not_admitted	not_admitted	not_admitted	not_admitted	not_admitted	not_admitted
NZ_CP092036.1	MPF_T	-	48	0	0	GA	1		24;20756;21019;+;59.3	25;21032;23800;+;73.3	25;21032;23800;+;174.2	25;21032;23800;+;86.0	30;25790;26776;+;82.7	31;26780;27772;+;111.2		33;27919;28581;+;177.6	34;28578;29465;+;161.4	35;29492;30664;+;166.0	36;30645;31637;+;93.2	37;31638;33449;+;348.4		pfam	pfam_only	A	7/7	canonical	1	1	unscoreable	5	0	0														not_admitted	not_admitted	not_admitted	not_admitted	not_admitted	not_admitted	not_admitted
NZ_CP092067.1	MPF_F	-	135	0	0	GA	0															not_admitted	not_admitted	not_admitted	not_admitted	not_admitted	not_admitted	not_admitted	not_admitted	not_admitted	not_admitted	1	46;38382;39389;-;333.9	99;90000;91436;-;329.4	101;91863;92468;-;119.3	53;42144;44585;-;314.4	98;86433;89984;-;361.7	58;52090;53412;-;133.5	53;42144;44585;-;126.8	60;54325;54942;-;82.5	49;40727;41314;-;57.5	45;35571;38369;-;135.4	65;57315;59171;-;49.3	57;51533;52093;-;87.2	65;57315;59171;-;54.1	A	9/9	split_2	56292	0	1	
NZ_CP092076.1	MPF_T	IncI2(Delta)	81	0	0	GA	1	43;33523;34005;-;81.1		58;49584;49868;-;36.6	57;47221;49578;-;58.5	57;47221;49578;-;44.9	69;55540;56187;-;41.6	70;56193;57179;-;122.2		55;46321;47055;-;144.4	54;45554;46324;-;170.5	53;44425;45564;-;154.7	46;35774;37312;-;207.1	51;41377;43335;-;286.4		pfam	pfam_only	A	7/7	rearranged	1	0	unscoreable	16	0	0														not_admitted	not_admitted	not_admitted	not_admitted	not_admitted	not_admitted	not_admitted
NZ_CP092254.1	MPF_F	IncFII(pHN7A8)	83	0	0	GA	0															not_admitted	not_admitted	not_admitted	not_admitted	not_admitted	not_admitted	not_admitted	not_admitted	not_admitted	not_admitted	1	56;44686;45678;+;369.5	69;52511;53884;+;376.8	64;50202;50945;+;234.4	53;41050;43677;+;301.8	70;53881;56697;+;376.7	48;37568;38995;+;94.1	53;41050;43677;+;101.8	46;36287;36853;+;183.8	59;46624;47262;+;70.4	62;48075;49925;+;265.0	74;58998;61205;+;391.7	52;40019;40534;+;78.0	74;58998;61205;+;70.3	A	9/9	contiguous	22711	1	1	56730..57251+;173;unnamed;0
NZ_CP092259.1	MPF_F	IncHI2;IncHI2A;IncN;IncQ1	232	0	0	GA	0															not_admitted	not_admitted	not_admitted	not_admitted	not_admitted	not_admitted	not_admitted	not_admitted	not_admitted	not_admitted	1	27;31208;32266;+;276.9			11;8955;11636;+;168.0		7;5270;6625;+;80.7	11;8955;11636;+;72.2	4;2758;3546;+;74.8	25;29555;31066;+;62.0	28;32285;35473;+;57.3		10;7996;8946;+;46.1		C	6/9	split_2	29527	0	1	
NZ_CP092273.1	MPF_F	IncFIB(K)	244	0	0	GA	0															not_admitted	not_admitted	not_admitted	not_admitted	not_admitted	not_admitted	not_admitted	not_admitted	not_admitted	not_admitted	1	46;45716;46705;-;363.3	35;38530;39897;-;384.1	39;41155;41907;-;233.7	50;48162;50801;-;259.0	34;35708;38530;-;346.4	60;54729;56153;-;89.5	50;48162;50801;-;88.7	62;56880;57446;-;167.0	44;44793;45440;-;65.9	43;42779;44734;-;259.4	30;30779;33091;-;393.1	58;53533;54117;-;53.8	30;30779;33091;-;66.6	A	9/9	contiguous	26101	1	1	35083..35685-;200;TraS;0
NZ_CP092274.1	MPF_F	IncFII(pHN7A8);IncR	210	0	0	GA	0															not_admitted	not_admitted	not_admitted	not_admitted	not_admitted	not_admitted	not_admitted	not_admitted	not_admitted	not_admitted	1	66;51504;52496;+;369.5	79;59329;60702;+;376.8	74;57020;57763;+;234.4	63;47868;50495;+;301.8	80;60699;63515;+;376.7	58;44386;45813;+;94.1	63;47868;50495;+;101.8	56;43105;43671;+;183.8	69;53442;54080;+;70.4	72;54893;56743;+;265.0	84;65816;68032;+;391.7	62;46837;47352;+;77.6	84;65816;68032;+;70.3	A	9/9	contiguous	22711	1	1	63548..64069+;173;unnamed;0
NZ_CP092280.1	MPF_T	ColKP3;IncX3	65	0	0	GA	1	43;31963;32607;+;46.4	44;32591;32881;+;73.1	45;32906;35659;+;47.0	45;32906;35659;+;142.4	45;32906;35659;+;73.3	46;35669;36439;+;60.1	48;36718;37773;+;132.8		49;37968;38696;+;119.4	50;38702;39631;+;138.8	51;39628;40842;+;128.3	53;41038;42072;+;65.7	54;42075;43910;+;495.9		pfam	pfam_only	A	7/7	canonical	1	1	unscoreable	2	0	0														not_admitted	not_admitted	not_admitted	not_admitted	not_admitted	not_admitted	not_admitted
NZ_CP092337.1	MPF_F	IncFII(K);IncHI1B(pNDM-MAR);repB;repB(R1701)	247	0	0	GA	0															not_admitted	not_admitted	not_admitted	not_admitted	not_admitted	not_admitted	not_admitted	not_admitted	not_admitted	not_admitted	1	172;155673;156665;-;362.9	159;146785;148155;-;382.7	163;149357;150109;-;230.7	175;157691;160330;-;259.2	158;143942;146785;-;346.5	186;164364;165788;-;90.9	175;157691;160330;-;88.7	188;166515;167081;-;169.3	168;152995;153642;-;66.0	167;150981;152936;-;259.7	154;139045;141357;-;392.8	183;162963;163547;-;53.4	154;139045;141357;-;65.9	A	9/9	contiguous	27470	1	1	143407..143931-;174;unnamed;0
NZ_CP092345.1	MPF_T	-	591	0	0	GA	1		245;208974;209357;+;70.1	246;209350;209649;+;63.2	247;209660;212116;+;169.8	247;209660;212116;+;123.2	248;212088;212891;+;47.7	250;213082;214263;+;112.1		251;214284;214946;+;129.5	252;214963;215772;+;188.1	254;216225;217562;+;220.0	244;208007;208984;+;126.9	267;226324;228237;+;539.1		conjscan	conjscan_only	A	7/7	canonical	1	0	unscoreable	15	0	0														not_admitted	not_admitted	not_admitted	not_admitted	not_admitted	not_admitted	not_admitted
NZ_CP092346.1	-	-	2597	0	0	GA	1	468;457531;458610;+;79.3	465;454480;454815;+;70.1	466;454818;455117;+;68.7	467;455120;457534;+;121.4	467;455120;457534;+;96.7	469;458626;459327;+;43.3	471;459544;460575;+;142.8		472;460597;461289;+;180.8	473;461286;462098;+;195.8	474;462095;463345;+;206.3	475;463305;464333;+;127.3	476;464330;466363;+;311.2		pfam	pfam_only	A	7/7	canonical	1	0	unscoreable	1	0	0														not_admitted	not_admitted	not_admitted	not_admitted	not_admitted	not_admitted	not_admitted
NZ_CP092347.1	MPF_T	-	237	0	0	GA	1		198;193574;193954;-;74.1	197;193282;193581;-;62.9	196;191307;193271;-;172.0	196;191307;193271;-;122.3	194;190041;190844;-;50.3	192;188669;189850;-;114.2		191;187986;188648;-;131.5	190;187156;187968;-;188.3	187;185407;186285;-;220.0	199;193944;194921;-;131.7	174;173446;175410;-;550.5		conjscan	conjscan_only	A	7/7	canonical	1	0	unscoreable	17	0	0														not_admitted	not_admitted	not_admitted	not_admitted	not_admitted	not_admitted	not_admitted
NZ_CP092351.1	MPF_T	-	269	0	0	GA	1		183;162491;162871;-;75.5	182;162202;162501;-;65.1	180;159744;161651;-;177.9	181;161599;162192;-;79.6	179;158972;159772;-;60.1	177;157603;158751;-;113.2		176;156921;157583;-;129.3	175;156084;156905;-;185.5	173;154358;155638;-;202.6	184;162861;163826;-;129.2	148;130614;132581;-;550.8		conjscan	conjscan_only	A	7/7	canonical	1	0	unscoreable	3	0	0														not_admitted	not_admitted	not_admitted	not_admitted	not_admitted	not_admitted	not_admitted
NZ_CP092353.1	MPF_T	-	415	0	0	GA	1		403;387476;387853;-;73.9	402;387184;387483;-;59.7	401;384717;387173;-;177.3	401;384717;387173;-;120.6	400;383942;384745;-;39.9	398;382591;383784;-;110.5		397;381904;382566;-;129.6	396;381077;381868;-;187.5	394;379331;380626;-;217.5	404;387843;388820;-;127.8	384;369177;370694;-;297.3		conjscan	conjscan_only	A	7/7	canonical	1	0	unscoreable	12	0	0														not_admitted	not_admitted	not_admitted	not_admitted	not_admitted	not_admitted	not_admitted
NZ_CP092398.1	MPF_F	IncFIB(pNDM-Mar);RepB	320	0	0	GA	0															not_admitted	not_admitted	not_admitted	not_admitted	not_admitted	not_admitted	not_admitted	not_admitted	not_admitted	not_admitted	1	139;138529;139566;+;282.3	27;26825;28234;+;190.4	26;25798;26835;+;176.7	126;124980;127697;+;148.7	28;28236;32204;+;123.4	122;121497;122867;+;65.6	126;124980;127697;+;85.2	119;118991;119851;+;79.0	138;137171;138532;+;69.9	140;139576;142761;+;59.9	19;16474;18600;-;57.8	125;124198;124935;+;56.9	19;16474;18600;-;41.0	A	9/9	split_2	123102	0	1	
NZ_CP092400.1	MPF_F	IncFIB(K)	230	0	0	GA	0															not_admitted	not_admitted	not_admitted	not_admitted	not_admitted	not_admitted	not_admitted	not_admitted	not_admitted	not_admitted	1	142;144568;145557;-;366.6	132;137654;139021;-;380.5	136;140279;141031;-;233.7	146;147014;149653;-;258.5	131;134805;137654;-;346.4	156;153557;154981;-;89.5	146;147014;149653;-;88.7	158;155708;156274;-;167.0	141;143917;144555;-;66.9	140;141903;143858;-;259.7	124;128970;131279;-;393.1	154;152361;152945;-;53.8	124;128970;131279;-;66.6	A	9/9	contiguous	26738	1	1	134272..134802-;176;unnamed;0
NZ_CP092401.1	MPF_F	IncFIB(pNDM-Mar);IncHI1B(pNDM-MAR)	308	0	0	GA	0															not_admitted	not_admitted	not_admitted	not_admitted	not_admitted	not_admitted	not_admitted	not_admitted	not_admitted	not_admitted	1	234;230533;231570;-;282.3	75;56854;58263;+;190.4	74;55827;56864;+;176.7	247;242402;245119;-;148.7	76;58265;62179;+;120.2	251;247232;248602;-;65.6	247;242402;245119;-;85.2	254;250248;251108;-;79.0	235;231567;232928;-;69.8	233;227341;230523;-;60.1	67;46519;48645;-;57.7	248;245164;245901;-;56.9	67;46519;48645;-;41.0	A	9/9	split_2	203729	0	1	
NZ_CP092409.1	MPF_F	IncFIB(K)	173	0	0	GA	0															not_admitted	not_admitted	not_admitted	not_admitted	not_admitted	not_admitted	not_admitted	not_admitted	not_admitted	not_admitted	1	152;153522;154511;-;363.3	141;146336;147703;-;383.5	145;148961;149713;-;233.7	156;155968;158607;-;259.0	140;143514;146336;-;346.5		156;155968;158607;-;88.7		150;152599;153246;-;65.1	149;150585;152540;-;259.7	134;137238;139547;-;393.1	164;161379;161963;-;53.8	134;137238;139547;-;66.6	B	8/9	contiguous	24141	1	1	142889..143491-;200;TraS;0
NZ_CP092432.1	MPF_T	-	419	0	0	GA	1		145;152084;152383;+;91.1	146;152389;152727;+;103.9	147;152720;155086;+;175.5	147;152720;155086;+;112.3	148;155083;155784;+;204.4	150;156017;156949;+;169.5		152;157272;157943;+;197.3	153;157940;158797;+;187.0	154;158806;159978;+;182.5	155;159987;161015;+;111.3	167;168640;170559;-;334.1		pfam	both	A	7/7	canonical	1	0	unscoreable	13	0	0														not_admitted	not_admitted	not_admitted	not_admitted	not_admitted	not_admitted	not_admitted
NZ_CP092434.1	MPF_T	-	202	0	0	GA	1	190;180309;181046;-;54.4	45;41394;41777;+;71.7	189;179843;180205;-;70.3	188;178047;179843;-;232.8	47;42079;44535;+;120.0	48;44507;45310;+;41.8	50;45501;46676;+;114.4		184;174913;175686;-;165.3	52;47381;48193;+;189.9	54;48647;49954;+;217.0	44;40427;41404;+;128.7	67;59969;61945;+;548.1		conjscan	conjscan_only	A	7/7	uncallable	0	0	unscoreable	5	0	0														not_admitted	not_admitted	not_admitted	not_admitted	not_admitted	not_admitted	not_admitted
NZ_CP092451.1	MPF_T	IncX3	62	0	0	GA	1	31;21006;21650;+;46.4	32;21634;21924;+;73.1	33;21949;24702;+;47.0	33;21949;24702;+;145.4	33;21949;24702;+;73.3	34;24712;25482;+;60.1	36;25761;26816;+;133.2		37;27011;27739;+;119.4	38;27745;28674;+;138.8	39;28671;29885;+;128.3	41;30081;31115;+;65.7	42;31118;32953;+;495.9		pfam	pfam_only	A	7/7	canonical	1	1	unscoreable	2	0	0														not_admitted	not_admitted	not_admitted	not_admitted	not_admitted	not_admitted	not_admitted
NZ_CP092464.1	-	pKPC-CAV1321	409	0	0	GA	0															not_admitted	not_admitted	not_admitted	not_admitted	not_admitted	not_admitted	not_admitted	not_admitted	not_admitted	not_admitted	1	265;210291;211358;+;276.8	288;228524;229966;+;260.7	287;227427;228527;+;198.4	261;205697;208183;+;223.8	289;229981;233499;+;240.0	257;201072;202469;+;109.8	261;205697;208183;+;120.8	255;199163;199789;+;87.1	264;208981;210294;+;41.0	291;233935;236592;+;136.9	249;194639;196615;+;22.7	258;202466;203032;+;71.6	249;194639;196615;+;33.5	A	9/9	contiguous	39296	0	1	
NZ_CP092465.1	MPF_T	IncN	75	0	0	GA	1	16;11558;12292;+;32.5		19;12935;13252;+;63.3	20;13252;15852;+;113.8	20;13252;15852;+;76.4	21;15870;16583;+;105.5	23;16834;17874;+;142.4		24;18093;18791;+;131.9	25;18802;19686;+;159.7	26;19686;20846;+;156.3	27;20888;21883;+;81.2	52;43900;45429;-;38.5		pfam	both	A	7/7	canonical	1	0	unscoreable	3	0	0														not_admitted	not_admitted	not_admitted	not_admitted	not_admitted	not_admitted	not_admitted
NZ_CP092492.1	MPF_F	IncHI2;IncHI2A	247	0	0	GA	0															not_admitted	not_admitted	not_admitted	not_admitted	not_admitted	not_admitted	not_admitted	not_admitted	not_admitted	not_admitted	1	67;70758;71816;+;276.9	204;188778;190193;-;194.1	205;190183;191229;-;174.3	51;48505;51186;+;168.0	203;184816;188769;-;101.6	47;44820;46175;+;80.7	51;48505;51186;+;72.2	44;42308;43096;+;74.8	65;69105;70616;+;62.0	68;71835;75023;+;57.3	212;198271;200355;+;56.8	50;47546;48496;+;46.1	212;198271;200355;+;38.8	A	9/9	split_3	155963	1	1	183346..184635-;429;unnamed;0
NZ_CP092494.1	MPF_T	-	58	0	0	GA	1	41;37554;38192;-;46.6	40;37280;37567;-;64.7	39;34502;37261;-;42.1	39;34502;37261;-;133.2	39;34502;37261;-;61.7	38;33744;34445;-;52.1	36;32389;33465;-;127.7		34;31522;32262;-;144.2	33;30597;31517;-;142.8	32;29089;30600;-;138.3	31;28026;29087;-;75.0	30;26057;28024;-;426.3		pfam	pfam_only	A	7/7	canonical	1	1	unscoreable	2	0	0														not_admitted	not_admitted	not_admitted	not_admitted	not_admitted	not_admitted	not_admitted
NZ_CP092495.1	MPF_T	IncX3	69	0	0	GA	1	56;48988;49632;-;46.4	55;48714;49004;-;73.1	54;45936;48689;-;47.0	54;45936;48689;-;142.4	54;45936;48689;-;73.3	53;45156;45926;-;60.1	51;43822;44877;-;133.2		50;42899;43627;-;119.4	49;41964;42893;-;138.8	48;40753;41967;-;128.3	46;39523;40557;-;65.7	45;37685;39520;-;495.9		pfam	pfam_only	A	7/7	canonical	1	1	unscoreable	2	0	0														not_admitted	not_admitted	not_admitted	not_admitted	not_admitted	not_admitted	not_admitted
NZ_CP092496.1	MPF_F	IncFIB(pB171);IncFII(Yp);IncFII(pAR0022)	227	0	0	GA	0															not_admitted	not_admitted	not_admitted	not_admitted	not_admitted	not_admitted	not_admitted	not_admitted	not_admitted	not_admitted	1	209;188072;189058;+;368.4	217;193772;195142;+;376.7	213;191872;192555;+;192.7	206;184448;187078;+;285.5	218;195142;197964;+;336.5	200;181026;182420;+;90.9	206;184448;187078;+;98.6	198;179743;180309;+;169.9	210;189075;189704;+;65.4	211;189701;191554;+;257.4	221;199300;201501;+;384.8	201;182442;182981;+;64.9	221;199300;201501;+;63.9	A	9/9	contiguous	19557	1	1	197986..198417+;143;TraS;0
NZ_CP092513.1	MPF_F	IncFIB(K);IncFII(K)	217	0	0	GA	0															not_admitted	not_admitted	not_admitted	not_admitted	not_admitted	not_admitted	not_admitted	not_admitted	not_admitted	not_admitted	1	161;163746;164738;-;367.1	151;156874;158241;-;381.2	155;159486;160238;-;232.2	164;165764;168403;-;259.3	150;154052;156874;-;346.6	175;173423;174847;-;88.4	164;165764;168403;-;88.8	177;175574;176140;-;167.0	160;163095;163733;-;67.0	159;161081;163036;-;258.5	147;149771;152083;-;393.1	172;171036;171593;-;52.7	147;149771;152083;-;66.6	A	9/9	contiguous	25803	1	1	153426..154028-;200;TraS;0
NZ_CP092515.1	MPF_T	ColKP3;IncX3	64	0	0	GA	1	26;22397;23041;-;46.4	25;22123;22413;-;73.1	24;19345;22098;-;47.0	24;19345;22098;-;142.4	24;19345;22098;-;73.3	23;18565;19335;-;60.1	21;17231;18286;-;132.8		20;16308;17036;-;119.4	19;15373;16302;-;138.8	18;14162;15376;-;128.3	16;12932;13966;-;65.7	15;11094;12929;-;495.9		pfam	pfam_only	A	7/7	canonical	1	1	unscoreable	2	0	0														not_admitted	not_admitted	not_admitted	not_admitted	not_admitted	not_admitted	not_admitted
NZ_CP092590.1	MPF_F	IncFIB(K);IncFII(K)	178	0	0	GA	0															not_admitted	not_admitted	not_admitted	not_admitted	not_admitted	not_admitted	not_admitted	not_admitted	not_admitted	not_admitted	1	33;42657;43646;-;366.6	23;35743;37110;-;384.5	27;38368;39120;-;231.8	37;45100;47742;-;258.5	22;32921;35743;-;346.4	44;50955;52379;-;89.2	37;45100;47742;-;88.2	46;53106;53672;-;169.3	32;42006;42644;-;66.9	31;39992;41947;-;259.7	18;27997;30306;-;392.8	43;50257;50841;-;54.3	18;27997;30306;-;65.8	A	9/9	contiguous	25109	1	1	32296..32898-;200;TraS;0
NZ_CP092592.1	MPF_F	IncFII	82	0	0	GA	0															not_admitted	not_admitted	not_admitted	not_admitted	not_admitted	not_admitted	not_admitted	not_admitted	not_admitted	not_admitted	1	58;44325;45317;+;369.5	68;51096;52469;+;381.7	63;48423;49166;+;234.4	55;40686;43316;+;304.1	69;52466;55288;+;374.0	48;36236;37687;+;94.2	55;40686;43316;+;97.1	46;34955;35521;+;174.3	60;45661;46299;+;68.6	61;46296;48146;+;266.1	73;57560;59758;+;391.2	51;38547;39062;+;78.4	73;57560;59758;+;70.3	A	9/9	contiguous	22605	1	1	55310..55789+;159;TraS;0
NZ_CP092633.1	MPF_F	IncFIB(K);IncFII(K)	171	0	0	GA	0															not_admitted	not_admitted	not_admitted	not_admitted	not_admitted	not_admitted	not_admitted	not_admitted	not_admitted	not_admitted	1	73;79615;80607;-;363.2	63;72675;74042;-;382.8	67;75300;76052;-;235.0	76;81633;84272;-;260.0	62;69832;72675;-;342.0	84;87582;89006;-;86.1	76;81633;84272;-;84.3	86;89733;90299;-;169.6	72;78964;79602;-;66.5	71;76941;78905;-;258.4	58;65022;67334;-;392.8	83;86940;87509;-;51.9	58;65022;67334;-;65.8	A	9/9	contiguous	24711	1	1	69297..69821-;174;unnamed;0
NZ_CP092636.1	MPF_T	IncX3	57	0	0	GA	1	20;12365;13009;+;46.4	21;12993;13283;+;73.1	22;13308;16061;+;47.0	22;13308;16061;+;142.4	22;13308;16061;+;73.3	23;16071;16841;+;60.1	25;17120;18175;+;132.8		26;18370;19098;+;119.4	27;19104;20033;+;138.8	28;20030;21244;+;128.3	30;21440;22474;+;65.7	31;22477;24312;+;495.9		pfam	pfam_only	A	7/7	canonical	1	1	unscoreable	2	0	0														not_admitted	not_admitted	not_admitted	not_admitted	not_admitted	not_admitted	not_admitted
NZ_CP092646.1	MPF_F	IncHI2;IncHI2A	286	0	0	GA	0															not_admitted	not_admitted	not_admitted	not_admitted	not_admitted	not_admitted	not_admitted	not_admitted	not_admitted	not_admitted	1	81;73864;74922;-;276.9	194;179842;181257;+;194.1	193;178806;179852;+;174.3	97;94494;97175;-;168.0	195;181266;185219;+;101.7	101;99505;100860;-;80.7	97;94494;97175;-;72.2	104;102584;103372;-;74.8	83;75064;76575;-;62.0	80;70657;73845;-;57.3	186;169680;171764;-;56.8	98;97184;98134;-;46.1	186;169680;171764;-;38.8	A	9/9	split_2	110609	1	1	185400..186689+;429;unnamed;0
NZ_CP092650.1	MPF_T	IncX3	56	0	0	GA	1	22;14297;14941;+;46.4	23;14925;15215;+;73.1	24;15240;17993;+;47.0	24;15240;17993;+;142.4	24;15240;17993;+;73.3	25;18003;18773;+;60.1	27;19052;20107;+;133.2		28;20302;21030;+;119.4	29;21036;21965;+;138.8	30;21962;23176;+;128.3	32;23372;24406;+;65.7	33;24409;26244;+;495.9		pfam	pfam_only	A	7/7	canonical	1	1	unscoreable	2	0	0														not_admitted	not_admitted	not_admitted	not_admitted	not_admitted	not_admitted	not_admitted
NZ_CP092653.1	MPF_F	repFIB;repHI5B	400	0	0	GA	0															not_admitted	not_admitted	not_admitted	not_admitted	not_admitted	not_admitted	not_admitted	not_admitted	not_admitted	not_admitted	1	53;51496;52533;-;282.2	340;289165;290607;-;188.6	341;290564;291601;-;172.0	66;66132;67457;-;146.3	339;285219;289163;-;119.0	70;69580;70947;-;63.7	64;63402;64763;-;82.6	73;72602;73462;-;73.9	54;52530;53891;-;71.7	52;48305;51481;-;58.7	348;298829;300955;+;62.0	67;67506;68243;-;56.3	348;298829;300955;+;39.7	A	9/9	split_2	250524	0	1	
NZ_CP092654.1	MPF_F	IncFIB(K);IncFII(K)	184	0	0	GA	0															not_admitted	not_admitted	not_admitted	not_admitted	not_admitted	not_admitted	not_admitted	not_admitted	not_admitted	not_admitted	1	126;127189;128181;-;366.6	116;120368;121738;-;381.2	120;122940;123692;-;232.4	129;129207;131846;-;258.7	115;117588;120368;-;344.3	139;136100;137086;-;37.3	129;129207;131846;-;88.8	141;137813;138379;-;167.0	125;126538;127176;-;67.0	124;124535;126541;-;259.0	109;112619;114928;-;393.2	136;134480;135049;-;49.7	109;112619;114928;-;65.8	A	9/9	contiguous	25194	0	1	
NZ_CP092655.1	MPF_T	IncN;IncU	94	0	0	GA	1	22;15870;16604;+;32.5		25;17247;17564;+;63.3	26;17564;20164;+;113.8	26;17564;20164;+;76.4	27;20182;20895;+;105.5	29;21146;22186;+;142.4		30;22405;23103;+;131.9	31;23114;23686;+;89.5	33;23999;25159;+;156.3	34;25201;26196;+;81.2	71;56417;57946;-;38.5		pfam	both	A	7/7	canonical	1	0	unscoreable	3	0	0														not_admitted	not_admitted	not_admitted	not_admitted	not_admitted	not_admitted	not_admitted
NZ_CP092684.1	-	-	332	0	0	GA	0															not_admitted	not_admitted	not_admitted	not_admitted	not_admitted	not_admitted	not_admitted	not_admitted	not_admitted	not_admitted	1	46;44569;45645;+;263.1	180;158240;159676;-;204.3	181;159673;160707;-;198.8	205;186458;189073;+;208.7	179;151848;158237;-;120.0	200;182433;183776;+;116.8	205;186458;189073;+;94.6	198;180484;181140;+;88.5	44;43064;44425;+;54.2	47;45750;50015;+;68.2	193;176001;177887;+;33.6	204;185849;186445;+;57.3	193;176001;177887;+;37.7	A	9/9	split_2	143394	1	1	150388..151722-;444;unnamed;0
NZ_CP092685.1	MPF_F	-	117	0	0	GA	0															not_admitted	not_admitted	not_admitted	not_admitted	not_admitted	not_admitted	not_admitted	not_admitted	not_admitted	not_admitted	1	14;13269;14213;-;114.5			15;14210;16924;-;117.6	11;10098;11696;-;114.9		15;14210;16924;-;29.9				26;22510;24729;-;33.3		26;22510;24729;-;33.7	D	3/9	contiguous	12412	0	0	
NZ_CP092686.1	-	-	87	0	0	GA	1	17;14321;14836;+;55.4	80;70204;70533;+;71.0	81;70545;70850;+;35.6	82;70886;73297;+;58.8	82;70886;73297;+;88.2	83;73294;74055;+;38.5	85;75031;76347;+;94.6		86;76360;77025;+;141.6	0;235;741;+;123.4	2;1153;2370;+;195.6	7;6436;8058;+;168.9			conjscan	conjscan_only	B	6/7	canonical	1	0	unscoreable	15	0	0														not_admitted	not_admitted	not_admitted	not_admitted	not_admitted	not_admitted	not_admitted
NZ_CP092718.1	MPF_F	IncFII(pHN7A8);IncR	168	0	0	GA	0															not_admitted	not_admitted	not_admitted	not_admitted	not_admitted	not_admitted	not_admitted	not_admitted	not_admitted	not_admitted	1	98;73239;74231;+;369.5	111;81064;82437;+;376.8	106;78755;79498;+;234.4	95;69603;72230;+;301.8	112;82434;85250;+;376.7	90;66121;67548;+;94.1	95;69603;72230;+;101.8	88;64840;65406;+;183.8	101;75177;75815;+;70.4	104;76628;78478;+;265.0	116;87551;89767;+;391.7	94;68572;69087;+;77.6	116;87551;89767;+;70.3	A	9/9	contiguous	22711	1	1	85283..85804+;173;unnamed;0
NZ_CP092754.1	MPF_F	IncFIB(K);IncFII(K)	285	0	0	GA	0															not_admitted	not_admitted	not_admitted	not_admitted	not_admitted	not_admitted	not_admitted	not_admitted	not_admitted	not_admitted	1	278;223593;224207;-;255.4	266;216770;218146;-;381.2	270;219348;220100;-;232.4	284;226552;228246;-;260.1	265;215126;216694;-;315.3	8;3386;4810;-;89.2	283;225956;226552;-;42.3	11;5709;6122;-;108.3	277;222942;223580;-;67.0	275;221273;221572;-;105.6	257;209816;211525;-;357.3	6;2205;2774;-;49.7	257;209816;211525;-;66.3	A	9/9	split_2	224347	1	1	213933..215129-;398;unnamed;0
NZ_CP092755.1	MPF_F	IncFIB(pQil);IncFII(K)	157	0	0	GA	0															not_admitted	not_admitted	not_admitted	not_admitted	not_admitted	not_admitted	not_admitted	not_admitted	not_admitted	not_admitted	1	75;65773;66387;-;261.7	63;58860;60233;-;380.7	67;61504;62241;-;206.5	81;69071;70840;-;259.8	60;56021;57922;-;95.3	91;74445;74996;-;40.1	80;68202;69089;-;44.9	94;76119;76805;-;168.3	74;65122;65760;-;67.0	71;63442;63741;-;106.0	55;51221;53050;-;387.5	89;73393;73977;-;55.4	55;51221;53050;-;67.0	A	9/9	contiguous	24898	1	1	55460..56008-;182;unnamed;0
NZ_CP092760.1	MPF_F	IncFIB(K);IncFII(K)	299	0	0	GA	0															not_admitted	not_admitted	not_admitted	not_admitted	not_admitted	not_admitted	not_admitted	not_admitted	not_admitted	not_admitted	1	63;48146;48760;-;261.7	48;41328;42482;-;322.1	54;43903;44655;-;232.4	69;51099;52793;-;260.1	47;39414;41252;-;314.5	80;56961;58031;-;46.9	68;50506;51099;-;43.6	82;58758;59348;-;164.5	62;47489;48133;-;66.9	59;45828;46400;-;164.4	41;34943;36124;-;331.0	77;55425;55994;-;49.7	41;34943;36124;-;44.6	A	9/9	contiguous	23815	1	1	38538..39368-;276;unnamed;0
NZ_CP092761.1	MPF_F	IncFIB(pQil);IncFII(K)	133	0	0	GA	0															not_admitted	not_admitted	not_admitted	not_admitted	not_admitted	not_admitted	not_admitted	not_admitted	not_admitted	not_admitted	1	79;80678;81667;-;366.0	69;73764;75131;-;380.7	73;76389;77141;-;233.7	83;83110;85749;-;258.5	68;70915;73764;-;345.6	91;89006;90430;-;88.8	83;83110;85749;-;88.7	93;91157;91723;-;169.3	78;80027;80665;-;67.0	77;78013;79968;-;259.7	64;66117;68429;-;392.7	90;88308;88892;-;55.4	64;66117;68429;-;66.5	A	9/9	contiguous	25040	1	1	70354..70902-;182;unnamed;0
NZ_CP092763.1	MPF_T	IncX3	75	0	0	GA	1	37;27472;28008;-;29.4	36;27198;27488;-;73.1	35;25617;27173;-;48.0	35;25617;27173;-;146.8	35;25617;27173;-;74.4		29;22491;23162;-;102.8		28;21378;22106;-;119.4	26;20444;21142;-;96.8	25;19299;20447;-;115.6		21;16164;17999;-;495.9		none	none	B	6/7	canonical	0	1	unscoreable	8	0	0														not_admitted	not_admitted	not_admitted	not_admitted	not_admitted	not_admitted	not_admitted
NZ_CP092766.1	MPF_F	IncFIB(K);IncFII(K)	234	0	0	GA	0															not_admitted	not_admitted	not_admitted	not_admitted	not_admitted	not_admitted	not_admitted	not_admitted	not_admitted	not_admitted	1	182;187944;188936;-;366.6	172;181123;182493;-;380.7	176;183695;184447;-;232.4	185;189962;192601;-;258.7	171;178274;181123;-;344.2	194;196416;197840;-;89.2	185;189962;192601;-;88.8	196;198567;199157;-;164.5	181;187293;187931;-;67.0	180;185290;187296;-;259.0	167;174151;176460;-;393.2	192;195235;195804;-;49.7	167;174151;176460;-;65.8	A	9/9	contiguous	24416	1	1	177741..178271-;176;unnamed;0
NZ_CP092767.1	MPF_F	IncFIB(pQil);IncFII(K)	133	0	0	GA	0															not_admitted	not_admitted	not_admitted	not_admitted	not_admitted	not_admitted	not_admitted	not_admitted	not_admitted	not_admitted	1	79;80678;81667;-;366.0	69;73764;75131;-;380.7	73;76389;77141;-;233.7	83;83110;85749;-;258.5	68;70915;73764;-;345.6	91;89006;90430;-;88.8	83;83110;85749;-;88.7	93;91157;91723;-;169.3	78;80027;80665;-;67.0	77;78013;79968;-;259.7	64;66117;68429;-;392.7	90;88308;88892;-;55.4	64;66117;68429;-;66.5	A	9/9	contiguous	25040	1	1	70354..70902-;182;unnamed;0
NZ_CP092769.1	MPF_T	IncX3	56	0	0	GA	1	39;27861;28505;+;46.4	40;28489;28779;+;73.1	41;28804;31557;+;47.0	41;28804;31557;+;145.4	41;28804;31557;+;73.3	42;31567;32337;+;60.1	44;32616;33671;+;133.5		45;33866;34594;+;119.4	46;34600;35529;+;138.8	47;35526;36740;+;128.3	49;36936;37970;+;65.7	50;37973;39808;+;495.9		pfam	pfam_only	A	7/7	canonical	1	1	unscoreable	2	0	0														not_admitted	not_admitted	not_admitted	not_admitted	not_admitted	not_admitted	not_admitted
NZ_CP092790.1	MPF_T	-	48	0	0	GA	1	22;18691;19326;-;49.8	21;18423;18701;-;38.8	20;15627;18401;-;42.9	20;15627;18401;-;143.0	20;15627;18401;-;63.7	19;14851;15615;-;79.4	17;13432;14589;-;101.9		15;12585;13292;-;149.4	14;11659;12582;-;136.8	13;10464;11666;-;134.2	12;9433;10467;-;70.4	11;7556;9430;-;463.2		pfam	pfam_only	A	7/7	canonical	1	1	unscoreable	2	0	0														not_admitted	not_admitted	not_admitted	not_admitted	not_admitted	not_admitted	not_admitted
NZ_CP092797.1	MPF_T	-	48	0	0	GA	1	33;25395;26030;-;49.8	32;25127;25405;-;38.8	31;22331;25105;-;42.9	31;22331;25105;-;143.0	31;22331;25105;-;63.7	30;21555;22319;-;79.4	28;20136;21293;-;101.9		26;19289;19996;-;149.4	25;18363;19286;-;136.8	24;17168;18370;-;134.2	23;16137;17171;-;70.4	22;14260;16134;-;463.2		pfam	pfam_only	A	7/7	canonical	1	1	unscoreable	2	0	0														not_admitted	not_admitted	not_admitted	not_admitted	not_admitted	not_admitted	not_admitted
NZ_CP092854.1	-	-	186	0	0	GA	1	67;70249;70845;-;70.9		52;57769;58053;-;28.7	51;55263;57779;-;57.2	51;55263;57779;-;52.9	50;54584;55249;-;71.5	49;53316;54416;-;68.8		48;52621;53310;-;50.0	47;51831;52607;-;179.0	46;50590;51834;-;135.2	61;63923;65785;-;134.3	39;43906;45495;-;35.9		pfam	both	A	7/7	canonical	1	0	unscoreable	17	0	0														not_admitted	not_admitted	not_admitted	not_admitted	not_admitted	not_admitted	not_admitted
NZ_CP092862.1	MPF_F	IncFIB(pN55391)	238	0	0	GA	0															not_admitted	not_admitted	not_admitted	not_admitted	not_admitted	not_admitted	not_admitted	not_admitted	not_admitted	not_admitted	1	157;161318;162304;-;366.9	148;154610;155992;-;393.3	151;157031;157777;-;230.0	160;163291;165939;-;294.2	147;151794;154613;-;383.1	167;168485;169909;-;93.4	160;163291;165939;-;102.7	169;170636;171202;-;187.2	155;160382;161020;-;69.6	153;158102;159928;-;270.2	144;148128;150284;-;375.5	164;167146;167661;-;79.4	144;148128;150284;-;73.0	A	9/9	contiguous	22508	0	1	
NZ_CP092894.1	MPF_T	-	227	0	0	GA	1		57;55976;56275;+;90.6	58;56277;56618;+;107.4	60;57450;59840;+;173.1	60;57450;59840;+;111.9	61;59840;60538;+;203.3	63;60770;61705;+;161.1		65;62011;62682;+;217.9	66;62679;63530;+;189.4	67;63543;64712;+;184.2	68;64721;65722;+;106.5	91;87266;89185;-;327.8		pfam	both	A	7/7	canonical	1	0	unscoreable	3	0	0														not_admitted	not_admitted	not_admitted	not_admitted	not_admitted	not_admitted	not_admitted
NZ_CP092895.1	MPF_T	-	191	0	0	GA	1		55;49653;50057;+;77.6	56;50050;50349;+;61.7	57;50359;52827;+;190.7	57;50359;52827;+;134.9	58;52799;53608;+;41.6	60;53829;55025;+;111.1		61;55043;55720;+;123.2	62;55738;56592;+;189.1	64;57065;58369;+;224.8	54;48692;49663;+;131.0	128;121955;123865;+;550.1		conjscan	conjscan_only	A	7/7	canonical	1	0	unscoreable	3	0	0														not_admitted	not_admitted	not_admitted	not_admitted	not_admitted	not_admitted	not_admitted
NZ_CP092902.1	MPF_F	IncFIB(pNDM-Mar);IncHI1B(pNDM-MAR)	241	0	0	GA	0															not_admitted	not_admitted	not_admitted	not_admitted	not_admitted	not_admitted	not_admitted	not_admitted	not_admitted	not_admitted	1	167;151744;152781;-;282.3	40;36470;37879;+;190.4	39;35443;36480;+;175.6	179;163613;166336;-;149.6	41;37881;41849;+;121.3	183;168449;169819;-;65.6	179;163613;166336;-;86.0	186;171465;172325;-;79.0	168;152778;154139;-;69.9	166;148549;151734;-;59.6	30;24794;26920;-;57.7	180;166381;167118;-;56.9	30;24794;26920;-;41.0	A	9/9	split_2	146671	0	1	
NZ_CP092903.1	MPF_F	IncFIB(K);IncFII(K)	174	0	0	GA	0															not_admitted	not_admitted	not_admitted	not_admitted	not_admitted	not_admitted	not_admitted	not_admitted	not_admitted	not_admitted	1	92;88873;89865;-;366.6	82;82052;83422;-;381.2	86;84624;85376;-;232.4	95;90891;93530;-;258.7	81;79203;82052;-;344.2	104;97345;98769;-;89.2	95;90891;93530;-;88.8	106;99496;100062;-;167.0	91;88222;88860;-;67.0	90;86219;88225;-;259.0	77;75080;77389;-;393.2	102;96164;96733;-;49.7	77;75080;77389;-;65.8	A	9/9	contiguous	24416	1	1	78670..79200-;176;unnamed;0
NZ_CP092904.1	MPF_T	IncX3	110	0	0	GA	1	97;84972;85616;-;46.4	96;84698;84988;-;73.1	95;81920;84673;-;47.0	95;81920;84673;-;142.4	95;81920;84673;-;73.3	94;81140;81910;-;60.1	92;79806;80861;-;133.2		91;78883;79611;-;119.4	90;77948;78877;-;138.8	89;76737;77951;-;128.3	87;75507;76541;-;65.7	86;73669;75504;-;495.9		pfam	pfam_only	A	7/7	canonical	1	1	unscoreable	2	0	0														not_admitted	not_admitted	not_admitted	not_admitted	not_admitted	not_admitted	not_admitted
NZ_CP092919.1	MPF_T	-	86	0	0	GA	1	18;11996;12694;+;39.5			21;13499;15931;+;72.4		22;15928;16614;+;56.3	24;17010;17942;+;132.8				29;19913;21292;+;126.2	30;21302;22360;+;57.2	36;27089;28759;+;245.1		pfam	pfam_only	C	5/7	canonical	1	0	unscoreable	12	0	0														not_admitted	not_admitted	not_admitted	not_admitted	not_admitted	not_admitted	not_admitted
NZ_CP092921.1	MPF_T	-	59	0	0	GA	1	30;24126;24839;+;38.2		32;25187;25675;+;24.2	33;25644;28076;+;71.8		34;28073;28759;+;56.2	36;29168;30112;+;135.0		37;30517;31305;+;100.5	38;31295;32104;+;140.3	39;32091;33479;+;125.9	40;33489;34544;+;50.5	47;38505;39920;+;173.8		pfam	pfam_only	A	7/7	canonical	1	0	unscoreable	8	0	0														not_admitted	not_admitted	not_admitted	not_admitted	not_admitted	not_admitted	not_admitted
NZ_CP092922.1	MPF_T	-	51	0	0	GA	1	19;17315;18013;+;37.7			21;18698;21250;+;71.2		22;21247;21933;+;57.0	24;22330;23262;+;132.1		26;23639;24427;+;96.5	27;24417;25226;+;139.8	28;25213;26589;+;127.3	29;26599;27657;+;51.8	35;31346;32998;+;263.2		pfam	pfam_only	A	7/7	canonical	1	0	unscoreable	7	0	0														not_admitted	not_admitted	not_admitted	not_admitted	not_admitted	not_admitted	not_admitted
NZ_CP092924.1	MPF_T	-	64	0	0	GA	1	39;31411;32118;+;36.8			42;32881;35355;+;68.3		43;35352;36032;+;55.9	45;36281;37225;+;124.1		46;37607;38395;+;98.9	47;38385;39194;+;139.8	48;39181;40548;+;128.8	49;40558;41589;+;48.5	52;42312;43973;+;248.4		pfam	pfam_only	A	7/7	canonical	1	0	unscoreable	5	0	0														not_admitted	not_admitted	not_admitted	not_admitted	not_admitted	not_admitted	not_admitted
NZ_CP092925.1	MPF_T	-	60	0	0	GA	1	28;20297;21004;+;34.8			30;21689;24235;+;74.5		31;24238;24924;+;49.1	33;25322;26254;+;128.0		34;26662;27450;+;106.3	35;27440;28249;+;138.9	36;28236;29603;+;128.9	37;29613;30644;+;48.5	40;31430;33082;+;248.4		pfam	pfam_only	A	7/7	canonical	1	0	unscoreable	4	0	0														not_admitted	not_admitted	not_admitted	not_admitted	not_admitted	not_admitted	not_admitted
NZ_CP092969.1	-	-	233	0	0	GA	1	42;50805;51650;-;85.7	29;31695;32030;-;88.8	205;219998;220294;-;71.7	204;217576;219987;-;130.5	27;28964;31399;-;139.9	26;28230;28967;-;219.6	24;26558;27829;-;193.8		23;25875;26558;-;219.6	22;24877;25878;-;237.1	21;23666;24880;-;223.3	197;210913;211917;-;129.7	40;46710;48707;-;352.2		conjscan	both	A	7/7	canonical	1	0	unscoreable	4	0	0														not_admitted	not_admitted	not_admitted	not_admitted	not_admitted	not_admitted	not_admitted
NZ_CP092970.1	-	-	238	0	0	GA	1		212;183902;184195;-;96.7	211;183518;183853;-;101.1	210;181153;183525;-;169.6	210;181153;183525;-;103.6	209;180446;181156;-;149.9	207;179182;180165;-;147.3		205;178146;178820;-;182.2	204;177289;178149;-;188.3	203;176101;177258;-;175.4	202;175031;176104;-;98.6	201;172981;175041;-;371.8		pfam	both	A	7/7	canonical	1	0	unscoreable	2	0	0														not_admitted	not_admitted	not_admitted	not_admitted	not_admitted	not_admitted	not_admitted
NZ_CP092974.1	MPF_F	IncFII	131	0	0	GA	0															not_admitted	not_admitted	not_admitted	not_admitted	not_admitted	not_admitted	not_admitted	not_admitted	not_admitted	not_admitted	1	107;78796;79788;+;369.5	117;85567;86940;+;381.7	112;82894;83637;+;234.4	104;75157;77787;+;304.1	118;86937;89759;+;374.0	95;69238;70689;+;94.2	104;75157;77787;+;97.1	93;67957;68523;+;174.3	109;80132;80770;+;68.6	110;80767;82617;+;266.1	122;92031;94319;+;391.0	98;71549;72064;+;77.6	122;92031;94319;+;70.3	A	9/9	contiguous	24074	1	1	89781..90260+;159;TraS;0
NZ_CP092975.1	MPF_T	IncX3	60	0	0	GA	1	47;39364;40008;-;46.4	46;39090;39380;-;73.1	45;36312;39065;-;47.0	45;36312;39065;-;142.4	45;36312;39065;-;73.3	44;35532;36302;-;60.1	42;34198;35253;-;133.2		41;33275;34003;-;119.4	40;32340;33269;-;138.8	39;31129;32343;-;128.3	37;29899;30933;-;65.7	36;28061;29896;-;495.9		pfam	pfam_only	A	7/7	canonical	1	1	unscoreable	2	0	0														not_admitted	not_admitted	not_admitted	not_admitted	not_admitted	not_admitted	not_admitted
NZ_CP092976.1	MPF_T	IncFIB(K)	116	0	0	GA	1	88;95640;96302;+;48.3	89;96313;96612;+;36.6	90;96622;99372;+;61.8	90;96622;99372;+;134.0	90;96622;99372;+;47.3	91;99391;100107;+;137.0	93;100421;101428;+;137.8		95;101638;102324;+;157.8	96;102317;103210;+;147.4	97;103207;104403;+;134.7	98;104407;105456;+;71.6	105;110194;112101;+;24.4		pfam	pfam_only	A	7/7	canonical	1	1	unscoreable	8	0	0														not_admitted	not_admitted	not_admitted	not_admitted	not_admitted	not_admitted	not_admitted
NZ_CP093017.1	-	-	524	0	0	GA	0															not_admitted	not_admitted	not_admitted	not_admitted	not_admitted	not_admitted	not_admitted	not_admitted	not_admitted	not_admitted	1				360;265571;268459;-;28.5			360;265571;268459;-;81.8				64;68981;70333;-;24.4	362;268935;269261;-;27.9	370;273860;275665;-;27.5	D	2/9	split_2	204879	0	0	
NZ_CP093070.1	MPF_F	IncFIB(AP001918);IncFII(pRSB107)	125	0	0	GA	0															not_admitted	not_admitted	not_admitted	not_admitted	not_admitted	not_admitted	not_admitted	not_admitted	not_admitted	not_admitted	1	32;30738;31730;-;368.6	21;23585;24958;-;382.9	27;26889;27632;-;234.1	35;32739;35366;-;295.0	20;20766;23588;-;385.6	41;37257;38708;-;93.9	35;32739;35366;-;101.1	43;39423;39989;-;177.4	30;29756;30394;-;68.7	29;27909;29759;-;266.7	16;16367;18520;-;391.9	38;35882;36397;-;76.5	16;16367;18520;-;70.4	A	9/9	contiguous	23056	1	1	20265..20744-;159;TraS;0
NZ_CP093152.1	MPF_F	IncFIB(K);IncFII(K);IncFII(pAR0022)	269	0	0	GA	0															not_admitted	not_admitted	not_admitted	not_admitted	not_admitted	not_admitted	not_admitted	not_admitted	not_admitted	not_admitted	1	226;227546;228535;-;363.3	215;220360;221727;-;384.1	219;222985;223737;-;233.7	230;229992;232631;-;259.0	214;217538;220360;-;346.4	240;236559;237983;-;89.5	230;229992;232631;-;88.7	242;238710;239276;-;167.0	224;226623;227270;-;65.9	223;224609;226564;-;259.4	210;212609;214921;-;393.1	238;235363;235947;-;53.8	210;212609;214921;-;66.6	A	9/9	contiguous	26101	1	1	216913..217515-;200;TraS;0
NZ_CP093153.1	MPF_F	IncFII(pHN7A8);IncR	173	0	0	GA	0															not_admitted	not_admitted	not_admitted	not_admitted	not_admitted	not_admitted	not_admitted	not_admitted	not_admitted	not_admitted	1	68;54155;55147;+;369.5	83;63046;64419;+;376.8	78;60737;61480;+;234.4	65;50519;53146;+;301.8	84;64416;67232;+;376.7	60;47037;48464;+;94.1	65;50519;53146;+;101.8	58;45756;46322;+;183.8	73;57159;57797;+;70.4	76;58610;60460;+;265.0	88;69533;71758;+;391.7	64;49488;50003;+;77.6	88;69533;71758;+;70.3	A	9/9	contiguous	23777	1	1	67265..67786+;173;unnamed;0
NZ_CP093155.1	MPF_F	IncFIB(pECLA);IncFII(pECLA)	181	0	0	GA	0															not_admitted	not_admitted	not_admitted	not_admitted	not_admitted	not_admitted	not_admitted	not_admitted	not_admitted	not_admitted	1	118;97229;98227;+;360.7	127;103470;104507;+;238.8	121;100717;101499;+;213.5	110;91690;94299;+;223.4	128;104507;107788;+;309.0	102;86705;88114;+;97.0	110;91690;94299;+;103.5	100;85375;85956;+;94.6	119;98238;98861;+;63.5	120;98858;100720;+;216.3	136;113503;116070;+;367.7	108;90888;91442;+;43.8	136;113503;116070;+;71.4	A	9/9	contiguous	28128	1	1	107797..108504+;235;unnamed;0
NZ_CP093156.1	MPF_T	IncN	79	0	0	GA	1	16;12302;13036;+;32.5		19;13679;13996;+;63.3	20;13996;16596;+;113.8	20;13996;16596;+;76.4	21;16614;17327;+;105.5	23;17578;18618;+;142.4		24;18837;19535;+;131.9	25;19546;20430;+;159.7	26;20430;21590;+;156.3	27;21632;22627;+;81.2	56;48224;49753;-;38.5		pfam	both	A	7/7	canonical	1	0	unscoreable	3	0	0														not_admitted	not_admitted	not_admitted	not_admitted	not_admitted	not_admitted	not_admitted
NZ_CP093227.1	MPF_F	IncFIA;IncFII;IncFII(pHN7A8)	238	0	0	GA	0															not_admitted	not_admitted	not_admitted	not_admitted	not_admitted	not_admitted	not_admitted	not_admitted	not_admitted	not_admitted	1	151;137601;138593;+;369.5	43;36797;38170;+;380.7	159;143117;143860;+;234.4	31;27107;29734;+;301.8	44;38167;40986;+;386.2	142;130379;131806;+;94.1	31;27107;29734;+;101.8	23;22240;22806;+;183.8	154;139539;140177;+;70.4	36;32379;34187;+;268.2	169;151913;154138;+;391.7	30;26076;26591;+;76.4	169;151913;154138;+;70.3	A	9/9	split_2	129673	1	1	41011..41502+;163;TraS;0
NZ_CP093230.1	MPF_T	IncX3	58	0	0	GA	1	26;23441;24085;-;46.4	25;23167;23457;-;73.1	24;20389;23142;-;47.0	24;20389;23142;-;142.4	24;20389;23142;-;73.3	23;19609;20379;-;60.1	22;18275;19330;-;133.2		21;17352;18080;-;119.4	20;16417;17346;-;138.8	19;15206;16420;-;128.3	17;13976;15010;-;65.7	16;12138;13973;-;495.9		pfam	pfam_only	A	7/7	canonical	1	1	unscoreable	1	0	0														not_admitted	not_admitted	not_admitted	not_admitted	not_admitted	not_admitted	not_admitted
NZ_CP093241.1	MPF_T	IncN	66	0	0	GA	1	16;10526;11260;+;32.5	18;11560;11853;+;28.7	19;11903;12220;+;63.3	20;12220;14820;+;111.8	20;12220;14820;+;76.8	21;14838;15551;+;97.1	23;15802;16842;+;153.6		24;17061;17759;+;131.9	25;17770;18654;+;159.0	26;18654;19814;+;154.9	27;19856;20851;+;81.2	47;40884;42413;-;38.5		pfam	both	A	7/7	canonical	1	0	unscoreable	2	0	0														not_admitted	not_admitted	not_admitted	not_admitted	not_admitted	not_admitted	not_admitted
NZ_CP093243.1	MPF_T	-	436	0	0	GA	0															not_admitted	not_admitted	not_admitted	not_admitted	not_admitted	not_admitted	not_admitted	not_admitted	not_admitted	not_admitted	1	66;55766;56851;+;273.2	90;75764;77248;+;242.5	89;74731;75789;+;195.1	62;51174;53663;+;241.0	91;77263;80421;+;264.6	59;48068;49456;+;105.2	62;51174;53663;+;122.1	57;46203;46793;+;81.3	65;54471;55769;+;56.5	93;80933;83569;+;133.8	51;41674;43623;+;21.4	60;49459;49992;+;71.7	51;41674;43623;+;36.8	A	9/9	contiguous	39259	0	1	
NZ_CP093246.1	MPF_T	-	327	0	0	GA	0															not_admitted	not_admitted	not_admitted	not_admitted	not_admitted	not_admitted	not_admitted	not_admitted	not_admitted	not_admitted	1	203;170706;171791;-;273.2	182;152471;153955;-;242.5	183;153930;154988;-;196.9	207;173894;176383;-;241.0	181;149298;152456;-;264.6	210;178101;179489;-;105.3	207;173894;176383;-;122.1	212;180764;181354;-;81.3	204;171788;173086;-;55.8	179;146150;148786;-;133.7	218;183934;185883;-;21.4	209;177565;178098;-;71.3	218;183934;185883;-;36.8	A	9/9	contiguous	37784	0	1	
NZ_CP093250.1	MPF_T	-	326	0	0	GA	0															not_admitted	not_admitted	not_admitted	not_admitted	not_admitted	not_admitted	not_admitted	not_admitted	not_admitted	not_admitted	1	305;252446;253531;+;273.2	0;26;973;+;62.2	325;269249;270307;+;196.9	301;247854;250343;+;241.0	1;988;4146;+;264.6	298;244748;246136;+;105.3	301;247854;250343;+;122.1	296;242883;243473;+;81.3	304;251151;252449;+;55.8	3;4658;7294;+;133.7	290;238354;240303;+;21.4	299;246139;246672;+;71.3	290;238354;240303;+;36.8	A	9/9	split_2	269223	0	1	
NZ_CP093256.1	MPF_T	-	416	0	0	GA	0															not_admitted	not_admitted	not_admitted	not_admitted	not_admitted	not_admitted	not_admitted	not_admitted	not_admitted	not_admitted	1	232;192519;193604;+;273.2	256;212517;214001;+;242.5	255;211484;212542;+;195.1	228;187927;190416;+;241.0	257;214016;217174;+;264.6	225;184821;186209;+;105.2	228;187927;190416;+;122.1	223;182956;183546;+;81.3	231;191224;192522;+;55.8	259;217686;220322;+;133.8	217;178427;180376;+;21.4	226;186212;186745;+;71.7	217;178427;180376;+;36.8	A	9/9	contiguous	39259	0	1	
NZ_CP093261.1	MPF_F	IncN	118	0	0	GA	0															not_admitted	not_admitted	not_admitted	not_admitted	not_admitted	not_admitted	not_admitted	not_admitted	not_admitted	not_admitted	1	58;48763;49818;+;268.1	71;61426;62835;+;229.6	70;60403;61410;+;214.6	54;44284;46770;+;211.5	72;62855;66088;+;215.1	51;41568;42860;+;117.6	54;44284;46770;+;113.8	49;39917;40570;+;91.1	57;47621;48763;+;46.0	74;66560;69331;+;119.2	43;35524;37437;+;20.5	52;42877;43389;+;68.8	43;35524;37437;+;24.6	A	9/9	contiguous	31036	0	1	
NZ_CP093277.1	MPF_F	IncFIB(K)	177	0	0	GA	0															not_admitted	not_admitted	not_admitted	not_admitted	not_admitted	not_admitted	not_admitted	not_admitted	not_admitted	not_admitted	1	58;66920;67909;-;366.3	48;60029;61399;-;378.9	52;62595;63347;-;230.8	61;68938;71577;-;260.6	47;57207;60029;-;346.4	69;74316;75740;-;81.2	61;68938;71577;-;92.6	71;76464;77030;-;157.8	57;66278;66907;-;67.2	56;64323;66278;-;253.3	44;53117;55447;-;390.6	68;73684;74253;-;56.8	44;53117;55447;-;66.7	A	9/9	contiguous	23347	1	1	56567..57181-;204;TraS;0
NZ_CP093284.1	MPF_F	IncHI2;IncHI2A;IncN	263	0	0	GA	0															not_admitted	not_admitted	not_admitted	not_admitted	not_admitted	not_admitted	not_admitted	not_admitted	not_admitted	not_admitted	1	27;31208;32266;+;276.9	164;160898;162313;-;194.1	165;162303;163349;-;174.3	11;8955;11636;+;168.3	163;156936;160889;-;101.6	7;5270;6625;+;80.7	11;8955;11636;+;72.2	4;2758;3546;+;74.8	25;29555;31066;+;62.0	28;32285;35473;+;57.3	172;170391;172475;+;56.8	10;7996;8946;+;46.1	172;170391;172475;+;38.8	A	9/9	split_3	167633	1	1	155466..156755-;429;unnamed;0
NZ_CP093286.1	MPF_T	IncX3	61	0	0	GA	1	10;9919;10563;-;46.4	9;9645;9935;-;73.1	8;6867;9620;-;47.0	8;6867;9620;-;142.4	8;6867;9620;-;73.3	7;6087;6857;-;60.1	5;4753;5808;-;133.2		4;3830;4558;-;119.4	3;2895;3824;-;138.8	2;1684;2898;-;128.3	0;454;1488;-;65.7	60;44774;45841;-;328.0		pfam	pfam_only	A	7/7	canonical	1	1	unscoreable	2	0	0														not_admitted	not_admitted	not_admitted	not_admitted	not_admitted	not_admitted	not_admitted
NZ_CP093318.1	MPF_F	IncC	203	0	0	GA	0															not_admitted	not_admitted	not_admitted	not_admitted	not_admitted	not_admitted	not_admitted	not_admitted	not_admitted	not_admitted	1	130;105281;106288;+;331.9	192;157448;158881;+;339.2	191;156418;157446;+;221.7	125;100082;102529;+;354.5	193;158894;162508;+;375.3	120;91210;92526;+;135.0	125;100082;102529;+;128.3	118;89686;90312;+;92.7	128;103351;104616;+;67.9	131;106404;109202;+;145.3	109;84011;85876;+;47.3	121;92523;93101;+;100.2	109;84011;85876;+;52.0	A	9/9	split_2	74883	0	1	
NZ_CP093319.1	MPF_F	IncFIB(AP001918);IncFII;IncQ1	159	0	0	GA	0															not_admitted	not_admitted	not_admitted	not_admitted	not_admitted	not_admitted	not_admitted	not_admitted	not_admitted	not_admitted	1	98;102849;103841;-;369.3	89;96414;97787;-;381.0	94;99377;100120;-;231.6	101;104850;107477;-;306.4	88;93592;96417;-;386.0	107;109532;110959;-;94.3	101;104850;107477;-;98.5	109;111674;112240;-;183.3	97;102202;102840;-;68.7	96;100397;102205;-;267.9	85;89935;92088;-;391.8	103;107993;108508;-;77.3	85;89935;92088;-;70.4	A	9/9	contiguous	21739	1	1	93086..93595-;169;unnamed;0
NZ_CP093359.1	-	-	64	0	0	GA	1	54;39122;39829;+;34.8		56;40159;40557;+;24.6	57;40511;42946;+;71.6		59;43200;43868;+;50.2	61;44225;45190;+;121.9		62;45523;46338;+;140.4	63;46335;47156;+;146.0	0;53;1345;+;140.1	1;1355;2389;+;61.9	4;3421;4980;+;262.6		pfam	pfam_only	A	7/7	canonical	1	0	unscoreable	5	0	0														not_admitted	not_admitted	not_admitted	not_admitted	not_admitted	not_admitted	not_admitted
NZ_CP093377.1	MPF_F	IncFII(pECLA);repB(R1701)	82	0	0	GA	0															not_admitted	not_admitted	not_admitted	not_admitted	not_admitted	not_admitted	not_admitted	not_admitted	not_admitted	not_admitted	1	46;30127;31125;+;361.4	55;36305;37669;+;357.5	49;33558;34340;+;214.8	36;23340;25949;+;215.3	56;37669;40977;+;308.3	32;20939;22342;+;90.6	36;23340;25949;+;102.0	30;19609;20190;+;101.3	47;31136;31759;+;63.6	48;31756;33561;+;218.5	64;44547;47138;+;366.8	34;22553;23092;+;45.0	64;44547;47138;+;71.1	A	9/9	contiguous	24938	1	1	40989..41561+;190;unnamed;0
NZ_CP093387.1	MPF_F	IncFIB(S);IncFII(S);IncFII(pAR0022)	116	0	0	GA	0															not_admitted	not_admitted	not_admitted	not_admitted	not_admitted	not_admitted	not_admitted	not_admitted	not_admitted	not_admitted	1	41;38251;39243;-;366.7	32;31621;33003;-;392.4	35;34035;34784;-;231.0	44;40230;42878;-;314.1	31;28802;31624;-;394.4	52;45410;46831;-;91.5	44;40230;42878;-;97.8	54;47558;48124;-;188.1	39;37301;37939;-;70.6	37;35022;36848;-;271.0	28;24986;27148;-;374.1	49;44272;44604;-;30.9	28;24986;27148;-;72.1	A	9/9	contiguous	22572	1	1	28292..28780-;162;TraS;0
NZ_CP093393.1	MPF_T	IncI2(Delta)	81	0	0	GA	1	40;30089;30571;-;81.1	56;46552;46842;-;28.5	55;46161;46445;-;36.6	54;43798;46155;-;60.7	54;43798;46155;-;44.0	66;51588;52229;-;42.8	67;52235;53230;-;128.5		52;42898;43632;-;144.4	51;42131;42901;-;170.4	50;41002;42141;-;156.0	43;32339;33877;-;207.1	48;37954;39912;-;288.0		pfam	pfam_only	A	7/7	rearranged	1	0	unscoreable	15	1	0														not_admitted	not_admitted	not_admitted	not_admitted	not_admitted	not_admitted	not_admitted
NZ_CP093404.1	MPF_F	IncHI2;IncHI2A	234	0	0	GA	0															not_admitted	not_admitted	not_admitted	not_admitted	not_admitted	not_admitted	not_admitted	not_admitted	not_admitted	not_admitted	1	27;31707;32765;+;276.9	141;134969;136384;-;194.1	142;136374;137420;-;174.3	11;8955;11636;+;168.0	140;131007;134960;-;101.6	7;5270;6625;+;80.7	11;8955;11636;+;72.2	4;2758;3546;+;74.8	25;30054;31565;+;62.0	28;32784;35972;+;57.3	149;144462;146546;+;56.8	10;7996;8946;+;46.1	149;144462;146546;+;38.8	A	9/9	split_3	141704	1	1	129537..130826-;429;unnamed;0
NZ_CP093406.1	MPF_F	IncHI2;IncHI2A	294	0	0	GA	0															not_admitted	not_admitted	not_admitted	not_admitted	not_admitted	not_admitted	not_admitted	not_admitted	not_admitted	not_admitted	1	27;31707;32765;+;276.9	201;185367;186782;-;194.1	202;186772;187818;-;174.3	11;8955;11636;+;168.0	200;181405;185358;-;101.6	7;5270;6625;+;80.7	11;8955;11636;+;72.2	4;2758;3546;+;74.8	25;30054;31565;+;62.0	28;32784;35972;+;57.3	209;194860;196944;+;56.8	10;7996;8946;+;46.1	209;194860;196944;+;38.8	A	9/9	split_3	192102	1	1	179935..181224-;429;unnamed;0
NZ_CP093408.1	MPF_F	IncHI2;IncHI2A	337	0	0	GA	0															not_admitted	not_admitted	not_admitted	not_admitted	not_admitted	not_admitted	not_admitted	not_admitted	not_admitted	not_admitted	1	27;31707;32765;+;276.9	244;222295;223710;-;194.1	245;223700;224746;-;174.3	11;8955;11636;+;168.0	243;218333;222286;-;101.6	7;5270;6625;+;80.7	11;8955;11636;+;72.2	4;2758;3546;+;74.8	25;30054;31565;+;62.0	28;32784;35972;+;57.3	252;231788;233872;+;56.8	10;7996;8946;+;46.1	252;231788;233872;+;38.8	A	9/9	split_3	229030	1	1	216863..218152-;429;unnamed;0
NZ_CP093412.1	MPF_F	IncHI2;IncHI2A	312	0	0	GA	0															not_admitted	not_admitted	not_admitted	not_admitted	not_admitted	not_admitted	not_admitted	not_admitted	not_admitted	not_admitted	1	27;31707;32765;+;276.9	219;197892;199307;-;194.1	220;199297;200343;-;174.3	11;8955;11636;+;168.0	218;193930;197883;-;101.6	7;5270;6625;+;80.7	11;8955;11636;+;72.2	4;2758;3546;+;74.8	25;30054;31565;+;62.0	28;32784;35972;+;57.3	227;207385;209469;+;56.8	10;7996;8946;+;46.1	227;207385;209469;+;38.8	A	9/9	split_3	204627	1	1	192460..193749-;429;unnamed;0
NZ_CP093459.1	MPF_F	Col(pHAD28);IncR;RepB	397	0	0	GA	0															not_admitted	not_admitted	not_admitted	not_admitted	not_admitted	not_admitted	not_admitted	not_admitted	not_admitted	not_admitted	1	364;358017;359054;+;282.3	147;153306;154715;-;190.4	148;154705;155742;-;175.6	352;344468;347185;+;149.6	146;149336;153304;-;121.3	348;340985;342355;+;65.9	352;344468;347185;+;85.2	345;338479;339339;+;79.9	363;356659;358020;+;69.9	365;359064;362249;+;59.6	155;162941;165067;+;57.7	351;343686;344423;+;56.9	155;162941;165067;+;41.0	A	9/9	split_2	209728	0	1	
NZ_CP093460.1	MPF_F	IncFIB(K);IncFII(K);IncFII(pAR0022)	147	0	0	GA	0															not_admitted	not_admitted	not_admitted	not_admitted	not_admitted	not_admitted	not_admitted	not_admitted	not_admitted	not_admitted	1	102;112625;113617;-;362.9	92;105793;107163;-;381.2	96;108365;109117;-;232.4	105;114643;117282;-;259.1	91;102944;105793;-;344.2	115;121084;122508;-;88.4	105;114643;117282;-;83.9	117;123235;123801;-;168.5	101;111974;112612;-;65.5	100;109960;111915;-;259.1	87;98821;101130;-;394.2	113;119903;120472;-;53.7	87;98821;101130;-;65.8	A	9/9	contiguous	24414	1	1	102411..102941-;176;unnamed;0
NZ_CP093461.1	MPF_T	IncX3	58	0	0	GA	1	28;28399;29043;-;46.4	27;28125;28415;-;73.1	26;25347;28100;-;47.0	26;25347;28100;-;142.4	26;25347;28100;-;73.3	25;24567;25337;-;60.1	23;23233;24288;-;133.2		22;22310;23038;-;119.4	21;21375;22304;-;138.8	20;20164;21378;-;128.3	18;18934;19968;-;65.7	17;17096;18931;-;495.9		pfam	pfam_only	A	7/7	canonical	1	1	unscoreable	2	0	0														not_admitted	not_admitted	not_admitted	not_admitted	not_admitted	not_admitted	not_admitted
NZ_CP093466.1	MPF_F	IncFIB(K);IncFII(K)	205	0	0	GA	0															not_admitted	not_admitted	not_admitted	not_admitted	not_admitted	not_admitted	not_admitted	not_admitted	not_admitted	not_admitted	1	148;146683;147675;-;366.6	138;139862;141232;-;381.2	142;142434;143186;-;232.4	151;148701;151340;-;258.7	137;137013;139862;-;344.2	160;155155;156579;-;89.2	151;148701;151340;-;88.8	162;157306;157872;-;167.0	147;146032;146670;-;67.0	146;144029;146035;-;259.0	133;132890;135199;-;393.2	158;153974;154543;-;49.7	133;132890;135199;-;65.8	A	9/9	contiguous	24416	1	1	136480..137010-;176;unnamed;0
NZ_CP093467.1	MPF_T	IncN	71	0	0	GA	1	28;21809;22543;+;32.5		31;23186;23503;+;63.3	32;23503;26103;+;113.8	32;23503;26103;+;76.4	33;26121;26834;+;105.5	35;27085;28125;+;142.4		36;28344;29042;+;131.9	37;29053;29937;+;159.7	38;29937;31097;+;156.3	39;31139;32134;+;81.2	48;42860;44389;-;38.5		pfam	both	A	7/7	canonical	1	0	unscoreable	3	0	0														not_admitted	not_admitted	not_admitted	not_admitted	not_admitted	not_admitted	not_admitted
NZ_CP093473.1	MPF_T	IncX3	58	0	0	GA	1	53;42559;43203;-;46.4	52;42285;42575;-;73.1	51;39507;42260;-;47.0	51;39507;42260;-;142.4	51;39507;42260;-;73.3	50;38727;39497;-;60.1	48;37393;38448;-;133.2		47;36470;37198;-;119.4	46;35535;36464;-;138.8	45;34324;35538;-;128.3	43;33094;34128;-;65.7	42;31256;33091;-;495.9		pfam	pfam_only	A	7/7	canonical	1	1	unscoreable	2	0	0														not_admitted	not_admitted	not_admitted	not_admitted	not_admitted	not_admitted	not_admitted
NZ_CP093482.1	MPF_F	IncFIB(K);IncFII(K)	198	0	0	GA	0															not_admitted	not_admitted	not_admitted	not_admitted	not_admitted	not_admitted	not_admitted	not_admitted	not_admitted	not_admitted	1	130;124749;125738;-;363.3	119;117563;118930;-;383.5	123;120188;120940;-;233.7	134;127195;129834;-;259.0	118;114741;117563;-;346.5	145;133802;135226;-;88.0	134;127195;129834;-;88.7	147;135953;136519;-;167.9	128;123826;124473;-;66.9	127;121812;123767;-;259.7	114;109811;112123;-;392.8	142;132606;133190;-;53.8	114;109811;112123;-;65.9	A	9/9	contiguous	26142	1	1	114116..114718-;200;TraS;0
NZ_CP093485.1	MPF_T	IncX4	47	0	0	GA	1	20;17539;18159;-;46.3	19;17199;17525;-;64.8	18;14433;17180;-;62.7	18;14433;17180;-;151.8	18;14433;17180;-;46.1	17;13705;14421;-;98.8	16;12615;13694;-;157.4		12;10655;10939;-;67.7	11;9750;10658;-;142.0	10;8648;9757;-;164.9	9;7618;8646;-;85.0	8;5769;7586;-;312.4		pfam	pfam_only	A	7/7	canonical	1	1	unscoreable	2	0	0														not_admitted	not_admitted	not_admitted	not_admitted	not_admitted	not_admitted	not_admitted
NZ_CP093487.1	MPF_T	IncN;IncR	104	0	0	GA	1	33;31007;31741;-;32.5		30;30047;30364;-;63.3	29;27447;30047;-;113.8	29;27447;30047;-;76.4	28;26716;27429;-;105.5	26;25425;26465;-;142.4		25;24508;25206;-;131.9	24;23613;24497;-;159.7	23;22453;23613;-;156.3	22;21416;22411;-;81.2	81;75011;76540;-;38.5		pfam	both	A	7/7	canonical	1	0	unscoreable	3	0	0														not_admitted	not_admitted	not_admitted	not_admitted	not_admitted	not_admitted	not_admitted
NZ_CP093491.1	MPF_F	IncFIB(K);IncFII(K)	202	0	0	GA	0															not_admitted	not_admitted	not_admitted	not_admitted	not_admitted	not_admitted	not_admitted	not_admitted	not_admitted	not_admitted	1	132;120490;121479;-;363.3	121;113304;114671;-;383.5	125;115929;116681;-;233.7	136;122936;125575;-;259.0	120;110482;113304;-;346.5	147;129543;130967;-;88.0	136;122936;125575;-;88.7	149;131694;132260;-;167.9	130;119567;120214;-;66.9	129;117553;119508;-;259.7	116;105552;107864;-;392.8	144;128347;128931;-;53.8	116;105552;107864;-;65.9	A	9/9	contiguous	26142	1	1	109857..110459-;200;TraS;0
NZ_CP093492.1	MPF_T	IncX3	81	0	0	GA	1	55;46150;46794;+;46.4	56;46778;47068;+;73.1	57;47093;49846;+;47.0	57;47093;49846;+;142.4	57;47093;49846;+;73.3	58;49856;50626;+;60.1	60;50905;51960;+;133.2		61;52155;52883;+;119.4	62;52889;53818;+;138.8	63;53815;55029;+;128.3	65;55225;56259;+;65.7	66;56262;58097;+;495.9		pfam	pfam_only	A	7/7	canonical	1	1	unscoreable	2	0	0														not_admitted	not_admitted	not_admitted	not_admitted	not_admitted	not_admitted	not_admitted
NZ_CP093496.1	MPF_F	Col440I;IncFIB(K);IncFII(K)	212	0	0	GA	0															not_admitted	not_admitted	not_admitted	not_admitted	not_admitted	not_admitted	not_admitted	not_admitted	not_admitted	not_admitted	1	155;156162;157154;-;366.6	145;149341;150711;-;381.2	149;151913;152665;-;232.4	158;158180;160819;-;258.7	144;146492;149341;-;344.2	167;164634;166058;-;89.2	158;158180;160819;-;88.8	169;166785;167351;-;167.0	154;155511;156149;-;67.0	153;153508;155514;-;259.0	140;142369;144678;-;393.2	165;163453;164022;-;49.7	140;142369;144678;-;65.8	A	9/9	contiguous	24416	1	1	145959..146489-;176;unnamed;0
NZ_CP093497.1	MPF_F	IncFII(Yp)	119	0	0	GA	0															not_admitted	not_admitted	not_admitted	not_admitted	not_admitted	not_admitted	not_admitted	not_admitted	not_admitted	not_admitted	1	93;79697;80689;+;364.5	104;86552;87967;+;376.6	99;84081;84833;+;228.7	90;75990;78629;+;260.0	105;87967;90816;+;338.5	82;71555;72970;+;86.4	90;75990;78629;+;83.9	80;70262;70828;+;167.2	94;80702;81319;+;66.9	95;81316;83190;+;256.6	107;91587;93887;+;389.8	85;73787;74368;+;52.7	107;91587;93887;+;67.0	A	9/9	contiguous	21325	1	1	90822..91349+;175;unnamed;0
NZ_CP093499.1	MPF_T	IncN	70	0	0	GA	1	27;21802;22536;+;32.5		30;23179;23496;+;63.3	31;23496;26096;+;113.8	31;23496;26096;+;76.4	32;26114;26827;+;105.5	34;27078;28118;+;142.4		35;28337;29035;+;131.9	36;29046;29930;+;159.7	37;29930;31090;+;156.3	38;31132;32127;+;81.2	47;42853;44382;-;38.5		pfam	both	A	7/7	canonical	1	0	unscoreable	3	0	0														not_admitted	not_admitted	not_admitted	not_admitted	not_admitted	not_admitted	not_admitted
NZ_CP093502.1	MPF_F	IncFIB(K);IncFII(K)	224	0	0	GA	0															not_admitted	not_admitted	not_admitted	not_admitted	not_admitted	not_admitted	not_admitted	not_admitted	not_admitted	not_admitted	1	154;140767;141756;-;363.3	143;133581;134948;-;383.5	147;136206;136958;-;233.7	158;143213;145852;-;259.0	142;130759;133581;-;346.5	169;149820;151244;-;88.0	158;143213;145852;-;88.7	171;151971;152537;-;167.9	152;139844;140491;-;66.9	151;137830;139785;-;259.7	138;125829;128141;-;392.8	166;148624;149208;-;53.8	138;125829;128141;-;65.9	A	9/9	contiguous	26142	1	1	130134..130736-;200;TraS;0
NZ_CP093504.1	MPF_T	IncX3	58	0	0	GA	1	10;5133;5777;+;46.4	11;5761;6051;+;73.1	12;6076;8829;+;47.0	12;6076;8829;+;142.4	12;6076;8829;+;73.3	13;8839;9609;+;60.1	15;9888;10943;+;133.2		16;11138;11866;+;119.4	17;11872;12801;+;138.8	18;12798;14012;+;128.3	20;14208;15242;+;65.7	21;15245;17080;+;495.9		pfam	pfam_only	A	7/7	canonical	1	1	unscoreable	2	0	0														not_admitted	not_admitted	not_admitted	not_admitted	not_admitted	not_admitted	not_admitted
NZ_CP093530.1	MPF_T	-	158	0	0	GA	1		53;42608;42994;-;77.6	52;42316;42615;-;64.5	51;39852;42305;-;169.8	51;39852;42305;-;122.1	50;39077;39880;-;58.0	48;37699;38880;-;111.9		47;37019;37681;-;138.9	46;36190;37002;-;193.0	44;34435;35739;-;218.5	54;42984;43955;-;137.7	23;14758;16680;-;541.8		conjscan	conjscan_only	A	7/7	canonical	1	0	unscoreable	3	0	0														not_admitted	not_admitted	not_admitted	not_admitted	not_admitted	not_admitted	not_admitted
NZ_CP093538.1	MPF_T	-	43	0	0	GA	1	9;5822;6745;-;39.5	20;15607;15981;-;70.2	19;15308;15610;-;52.6	18;12652;15321;-;70.1	18;12652;15321;-;85.1	17;11987;12649;-;76.3	14;10484;11350;-;147.2		13;9810;10487;-;92.9	12;8993;9784;-;187.7	11;7765;8991;-;168.9	10;6732;7754;-;90.1	40;29431;31002;+;63.5		pfam	both	A	7/7	canonical	1	0	unscoreable	2	0	0														not_admitted	not_admitted	not_admitted	not_admitted	not_admitted	not_admitted	not_admitted
NZ_CP093550.1	MPF_F	IncFII(pSE11)	90	0	0	GA	0															not_admitted	not_admitted	not_admitted	not_admitted	not_admitted	not_admitted	not_admitted	not_admitted	not_admitted	not_admitted	1	60;51073;52065;+;369.5	72;58119;59492;+;381.7	65;55171;55914;+;234.4	57;47434;50064;+;297.8	73;59489;62314;+;374.0	50;42965;44392;+;93.9	57;47434;50064;+;98.7	48;41684;42250;+;174.3	62;52409;53047;+;67.3	63;53044;54894;+;266.9	79;65869;68121;+;391.7	53;45276;45791;+;78.4	79;65869;68121;+;70.3	A	9/9	contiguous	24185	1	1	62311..62820+;169;unnamed;0
NZ_CP093551.1	-	-	61	0	0	GA	1	48;40665;41561;-;45.2	19;14114;14605;+;68.0	20;14605;14919;+;51.1	21;14933;17440;+;96.9	21;14933;17440;+;113.0	22;17409;18197;+;50.1	24;18405;20123;+;86.0		26;20522;21220;+;123.5	27;21220;22158;+;165.2	29;22615;24075;+;209.7	18;13119;14102;+;134.8	50;42121;44079;-;355.7		conjscan	conjscan_only	A	7/7	canonical	1	0	unscoreable	5	0	0														not_admitted	not_admitted	not_admitted	not_admitted	not_admitted	not_admitted	not_admitted
NZ_CP093853.1	MPF_F	Col(pHAD28);ColKP3;ColRNAI;IncFIB(pNDM-Mar)	377	0	0	GA	0															not_admitted	not_admitted	not_admitted	not_admitted	not_admitted	not_admitted	not_admitted	not_admitted	not_admitted	not_admitted	1	249;216440;217477;+;282.3	27;24897;26306;+;190.4	26;23870;24907;+;175.7	235;201666;204383;+;149.6	28;26308;30276;+;121.3	231;198183;199553;+;65.6	235;201666;204383;+;85.2	228;195677;196537;+;79.0	248;215082;216443;+;69.9	250;217487;220672;+;59.9	19;14545;16671;-;57.7	234;200884;201621;+;56.9	19;14545;16671;-;41.0	A	9/9	split_2	202942	0	1	
NZ_CP093855.1	MPF_F	Col(pHAD28);ColKP3;ColRNAI;IncFIB(pNDM-Mar);IncHI1B(pNDM-MAR)	380	0	0	GA	0															not_admitted	not_admitted	not_admitted	not_admitted	not_admitted	not_admitted	not_admitted	not_admitted	not_admitted	not_admitted	1	180;161409;162446;-;282.3	123;107803;109212;-;190.4	124;109202;110239;-;175.7	194;174503;177220;-;149.6	122;103833;107801;-;121.3	198;179333;180703;-;65.6	194;174503;177220;-;85.2	201;182349;183209;-;79.0	181;162443;163804;-;69.9	179;158214;161399;-;59.9	131;117438;119564;+;57.7	195;177265;178002;-;56.9	131;117438;119564;+;41.0	A	9/9	split_2	78516	0	1	
NZ_CP093857.1	MPF_F	ColRNAI;IncFIB(pB171);IncFII(K);IncFII(Yp);IncFII(pAR0022);repB(R1701)	389	0	0	GA	0															not_admitted	not_admitted	not_admitted	not_admitted	not_admitted	not_admitted	not_admitted	not_admitted	not_admitted	not_admitted	1	28;28163;29149;-;369.4	282;243015;244382;+;384.6	294;253458;254210;+;233.7	31;30143;32773;-;285.5	283;244382;246034;+;349.1	37;34801;36195;-;89.4	31;30143;32773;-;98.6	39;36912;37478;-;169.9	289;250156;250572;+;68.7	26;25667;27520;-;260.5	248;211632;213944;-;393.2	36;34240;34779;-;67.5	258;220536;222845;-;66.6	A	9/9	split_3	227791	1	1	246939..247157+;72;unnamed;0
NZ_CP093915.1	MPF_F	IncHI2;IncHI2A	299	0	0	GA	0															not_admitted	not_admitted	not_admitted	not_admitted	not_admitted	not_admitted	not_admitted	not_admitted	not_admitted	not_admitted	1	27;31707;32765;+;276.9	207;185851;187266;-;194.1	208;187256;188302;-;174.1	11;8955;11636;+;168.0	206;181889;185842;-;101.6	7;5270;6625;+;80.7	11;8955;11636;+;72.2	4;2758;3546;+;74.8	25;30054;31565;+;62.0	28;32784;35972;+;57.3	215;195344;197428;+;56.8	10;7996;8946;+;46.1	215;195344;197428;+;38.8	A	9/9	split_3	192586	1	1	180419..181708-;429;unnamed;0
NZ_CP093916.1	MPF_F	IncFIA(HI1);IncFII(K)	124	0	0	GA	0															not_admitted	not_admitted	not_admitted	not_admitted	not_admitted	not_admitted	not_admitted	not_admitted	not_admitted	not_admitted	1	99;74160;75149;+;366.6	109;80696;82063;+;383.3	105;78686;79438;+;233.7	93;69301;71940;+;258.5	110;82063;84912;+;346.4	84;64617;66041;+;89.2	93;69301;71940;+;88.7	82;63324;63890;+;169.3	100;75162;75800;+;66.9	101;75859;77814;+;259.7	114;87375;89687;+;392.8	85;66155;66739;+;55.4	114;87375;89687;+;65.9	A	9/9	contiguous	24051	1	1	84915..85448+;177;unnamed;0
NZ_CP093917.1	-	repA(pENTd4a)	67	0	0	GA	1	55;42436;42939;-;83.4			7;6317;8746;-;115.6	7;6317;8746;-;59.6	6;5667;6320;-;125.4	5;4671;5636;-;108.3		4;3886;4572;-;104.8	3;3047;3889;-;159.0	2;1900;3057;-;143.7	63;49636;51177;-;197.2	31;25334;26893;+;59.7		pfam	both	A	7/7	canonical	1	0	unscoreable	8	0	0														not_admitted	not_admitted	not_admitted	not_admitted	not_admitted	not_admitted	not_admitted
NZ_CP093922.1	MPF_F	IncFII(pSE11)	98	0	0	GA	0															not_admitted	not_admitted	not_admitted	not_admitted	not_admitted	not_admitted	not_admitted	not_admitted	not_admitted	not_admitted	1	73;51670;52662;+;369.3	82;57710;59083;+;378.1	77;55391;56134;+;233.3	70;48034;50661;+;305.4	83;59080;61905;+;384.5	64;44552;45979;+;94.3	70;48034;50661;+;98.5	62;43271;43837;+;182.0	74;52671;53309;+;68.4	75;53306;55114;+;268.0	86;63409;65661;+;391.7	68;47003;47518;+;77.4	86;63409;65661;+;70.3	A	9/9	contiguous	20138	1	1	61902..62411+;169;unnamed;0
NZ_CP094228.1	MPF_F	Col(pHAD28);ColKP3;IncFIB(pNDM-Mar);IncHI1B(pNDM-MAR)	367	0	0	GA	0															not_admitted	not_admitted	not_admitted	not_admitted	not_admitted	not_admitted	not_admitted	not_admitted	not_admitted	not_admitted	1	249;216824;217861;+;282.3	123;107804;109213;-;190.4	124;109203;110240;-;175.7	235;202050;204767;+;149.6	122;103834;107802;-;121.3	231;198567;199937;+;65.6	235;202050;204767;+;85.2	228;196061;196921;+;79.0	248;215466;216827;+;69.9	250;217871;221056;+;59.9	131;117439;119565;+;57.7	234;201268;202005;+;56.9	131;117439;119565;+;41.0	A	9/9	split_2	114037	0	1	
NZ_CP094261.1	-	-	76	0	0	GA	0															not_admitted	not_admitted	not_admitted	not_admitted	not_admitted	not_admitted	not_admitted	not_admitted	not_admitted	not_admitted	1	60;55870;56877;-;355.7	56;50208;51629;-;313.5	57;51642;52478;-;217.4	64;58472;61084;-;176.8	55;47247;50195;-;182.9	67;62506;63837;-;112.3	64;58472;61084;-;111.2	69;64576;65148;-;113.1	59;55140;55856;-;96.0	58;52471;55140;-;112.7	0;345;2378;-;402.5	65;61103;61789;-;38.0	0;345;2378;-;85.9	A	9/9	split_2	64231	1	1	46666..47160-;164;unnamed;0
NZ_CP094270.1	MPF_F	IncFIB(S);IncHI2A	227	0	0	GA	0															not_admitted	not_admitted	not_admitted	not_admitted	not_admitted	not_admitted	not_admitted	not_admitted	not_admitted	not_admitted	1	128;118399;119457;+;276.9	198;182142;183557;-;194.1	199;183547;184593;-;174.3	110;95079;97760;+;168.0	197;178180;182133;-;101.6	106;91394;92749;+;80.7	110;95079;97760;+;72.2	103;88882;89670;+;74.8	126;116746;118257;+;62.0	129;119476;122664;+;57.3	205;191636;193720;+;56.7	109;94120;95070;+;46.4	205;191636;193720;+;38.8	A	9/9	split_3	102754	1	1	176710..177999-;429;unnamed;0
NZ_CP094273.1	MPF_F	IncFII(pSE11)	129	0	0	GA	0															not_admitted	not_admitted	not_admitted	not_admitted	not_admitted	not_admitted	not_admitted	not_admitted	not_admitted	not_admitted	1	104;80409;81401;+;369.5	114;87180;88553;+;381.7	109;84507;85250;+;234.4	101;76770;79400;+;304.1	115;88550;91372;+;374.0	94;72320;73771;+;94.2	101;76770;79400;+;97.1	92;71039;71605;+;174.3	106;81745;82383;+;68.6	107;82380;84230;+;266.1	119;93644;95914;+;391.1	97;74631;75146;+;78.4	119;93644;95914;+;70.3	A	9/9	contiguous	22605	1	1	91394..91873+;159;TraS;0
NZ_CP094274.1	MPF_F	IncFII(pKP91);IncR	139	0	0	GA	0															not_admitted	not_admitted	not_admitted	not_admitted	not_admitted	not_admitted	not_admitted	not_admitted	not_admitted	not_admitted	1	63;42069;43058;+;363.3	74;48877;50244;+;382.2	70;46867;47619;+;233.7	59;37973;40612;+;259.4	75;50244;53093;+;342.9	49;32587;34011;+;89.2	59;37973;40612;+;88.3	47;31294;31860;+;167.9	65;43334;43981;+;65.9	66;44040;45995;+;259.5	79;54905;57187;+;393.3	51;34623;35207;+;53.8	79;54905;57187;+;65.9	A	9/9	contiguous	23611	1	1	53096..53626+;176;unnamed;0
NZ_CP094275.1	-	IncX6	65	0	0	GA	1	47;37575;38204;-;45.3	46;37264;37557;-;50.5	45;34485;37250;-;58.7	45;34485;37250;-;129.2	45;34485;37250;-;55.1	44;33733;34473;-;110.2	42;32216;33274;-;122.9		41;31326;32012;-;167.1	40;30409;31329;-;144.2	39;29120;30409;-;131.5	38;28085;29116;-;79.6	37;26272;28098;-;384.8		pfam	pfam_only	A	7/7	canonical	1	1	unscoreable	1	0	0														not_admitted	not_admitted	not_admitted	not_admitted	not_admitted	not_admitted	not_admitted
NZ_CP094276.1	MPF_F	IncFIB(pNDM-Mar);RepB	270	0	0	GA	0															not_admitted	not_admitted	not_admitted	not_admitted	not_admitted	not_admitted	not_admitted	not_admitted	not_admitted	not_admitted	1	241;208624;209661;-;282.3	113;90094;91503;+;190.4	112;89067;90104;+;175.6	253;220493;223210;-;149.6	114;91505;95473;+;121.3	257;225323;226693;-;65.6	253;220493;223210;-;85.2	260;228339;229199;-;79.0	242;209658;211019;-;69.9	240;205429;208614;-;59.6	105;79730;81856;-;57.8	254;223255;223992;-;56.9	105;79730;81856;-;41.0	A	9/9	split_2	148609	0	1	
NZ_CP094281.1	MPF_F	repFIB;repHI5B	359	0	0	GA	0															not_admitted	not_admitted	not_admitted	not_admitted	not_admitted	not_admitted	not_admitted	not_admitted	not_admitted	not_admitted	1	327;292133;293170;-;282.2	163;145334;146776;+;188.6	162;144340;145377;+;172.0	339;305238;307955;-;143.5	164;146778;150722;+;119.0	343;310078;311445;-;63.7	339;305238;307955;-;80.6	346;313100;313960;-;73.9	328;293167;294528;-;71.7	326;288942;292118;-;58.7	155;134974;137100;-;62.0	340;308004;308741;-;56.3	155;134974;137100;-;39.7	A	9/9	split_2	178126	0	1	
NZ_CP094285.1	MPF_F	-	94	0	0	GA	0															not_admitted	not_admitted	not_admitted	not_admitted	not_admitted	not_admitted	not_admitted	not_admitted	not_admitted	not_admitted	1	58;41883;42926;+;369.0	63;46909;48336;+;325.8	61;45695;46507;+;219.1	54;37595;40321;+;164.6	64;48352;51354;+;208.7	50;34597;35913;+;102.7	54;37595;40321;+;108.5	48;33306;33884;+;84.2	59;42941;43648;+;107.6	60;43645;45702;+;90.4	29;18931;21090;+;381.3	53;36941;37585;+;41.9	29;18931;21090;+;89.7	A	9/9	contiguous	29421	1	1	51426..51944+;172;unnamed;0
NZ_CP094303.1	MPF_F	IncFII(pHN7A8)	100	0	0	GA	0															not_admitted	not_admitted	not_admitted	not_admitted	not_admitted	not_admitted	not_admitted	not_admitted	not_admitted	not_admitted	1	98;90148;91158;-;366.7	92;84733;86100;-;379.8	95;86861;87613;-;223.7	1;667;3294;-;280.2	91;81881;84733;-;353.0	5;4575;5972;-;91.7	1;667;3294;-;91.2	7;6690;7256;-;173.6	97;89472;90137;-;70.9	96;87644;89479;-;238.8	89;79084;81288;-;390.2	2;3423;3989;-;57.4	89;79084;81288;-;68.4	A	9/9	split_2	89481	1	1	81375..81884-;169;unnamed;0
NZ_CP094305.1	MPF_F	IncFII(pHN7A8)	105	0	0	GA	0															not_admitted	not_admitted	not_admitted	not_admitted	not_admitted	not_admitted	not_admitted	not_admitted	not_admitted	not_admitted	1	25;17023;17742;+;285.3	31;21789;23156;+;379.8	28;20276;21028;+;223.7	21;13102;15729;+;280.2	32;23156;26008;+;353.0	17;10463;11821;+;91.6	21;13102;15729;+;91.2	15;9141;9707;+;173.6	26;17947;18417;+;72.2	27;18410;20245;+;238.8	34;26601;28805;+;390.2	20;12407;12973;+;57.4	34;26601;28805;+;68.4	A	9/9	contiguous	17460	1	1	26005..26514+;169;unnamed;0
NZ_CP094307.1	MPF_F	IncFII(pHN7A8)	102	0	0	GA	0															not_admitted	not_admitted	not_admitted	not_admitted	not_admitted	not_admitted	not_admitted	not_admitted	not_admitted	not_admitted	1	22;16876;17886;+;366.7	28;21934;23301;+;379.8	25;20421;21173;+;223.7	19;13247;15874;+;280.2	29;23301;26153;+;353.0	15;10569;11966;+;91.7	19;13247;15874;+;91.2	13;9285;9851;+;173.6	23;17897;18562;+;70.9	24;18555;20390;+;238.8	31;26746;28950;+;390.2	18;12552;13118;+;57.4	31;26746;28950;+;68.4	A	9/9	contiguous	17461	1	1	26150..26659+;169;unnamed;0
NZ_CP094309.1	MPF_F	IncFII(pHN7A8)	112	0	0	GA	0															not_admitted	not_admitted	not_admitted	not_admitted	not_admitted	not_admitted	not_admitted	not_admitted	not_admitted	not_admitted	1	9;5479;6369;-;297.0		4;2073;2825;-;223.7	14;7650;9998;-;280.5	111;88580;91432;-;353.0	19;11278;13164;-;90.8	14;7650;9998;-;85.4	21;13392;13958;-;173.6	8;4682;5347;-;70.9	5;2856;3644;-;219.1	109;85783;87987;-;390.2	15;10125;10691;-;57.4	109;85783;87987;-;68.4	B	8/9	split_2	86507	1	1	88074..88583-;169;unnamed;0
NZ_CP094310.1	MPF_F	-	87	0	0	GA	0															not_admitted	not_admitted	not_admitted	not_admitted	not_admitted	not_admitted	not_admitted	not_admitted	not_admitted	not_admitted	1	20;24814;25824;-;366.7	14;19399;20766;-;379.8	17;21527;22279;-;223.7	23;26826;29453;-;280.2	13;16547;19399;-;353.0	27;30734;32131;-;91.7	23;26826;29453;-;91.2	29;32849;33415;-;173.6	19;24138;24803;-;70.9	18;22310;24145;-;238.8	11;13750;15954;-;390.2	24;29582;30148;-;57.4	11;13750;15954;-;68.4	A	9/9	contiguous	19099	1	1	16041..16550-;169;unnamed;0
NZ_CP094312.1	MPF_F	IncFII(pHN7A8)	101	0	0	GA	0															not_admitted	not_admitted	not_admitted	not_admitted	not_admitted	not_admitted	not_admitted	not_admitted	not_admitted	not_admitted	1	51;44472;45482;+;366.7	57;49530;50897;+;379.8	54;48017;48769;+;223.7	48;40843;43470;+;280.2	58;50897;52417;+;355.9	44;38165;39562;+;91.7	48;40843;43470;+;91.2	42;36881;37447;+;173.6	52;45493;46158;+;70.9	53;46151;47986;+;238.8	61;54343;56547;+;390.2	47;40148;40714;+;57.4	61;54343;56547;+;68.4	A	9/9	contiguous	17462	1	1	52407..53750+;447;unnamed;0
NZ_CP094314.1	MPF_F	IncFII(pHN7A8)	102	0	0	GA	0															not_admitted	not_admitted	not_admitted	not_admitted	not_admitted	not_admitted	not_admitted	not_admitted	not_admitted	not_admitted	1	95;84924;85934;+;366.7	101;89982;91349;+;379.8	98;88469;89221;+;223.7	92;81295;83922;+;280.2	0;14;2704;+;303.1	88;78617;80014;+;91.7	92;81295;83922;+;91.2	86;77333;77899;+;173.6	96;85945;86610;+;70.9	97;86603;88438;+;238.8	3;3296;4924;+;343.9	91;80600;81166;+;57.4	3;3296;4924;+;59.7	A	9/9	split_2	89968	1	1	2701..2844+;47;unnamed;0
NZ_CP094316.1	MPF_F	IncFII(pHN7A8)	103	0	0	GA	0															not_admitted	not_admitted	not_admitted	not_admitted	not_admitted	not_admitted	not_admitted	not_admitted	not_admitted	not_admitted	1	101;88207;89217;+;366.7	3;1769;2419;+;202.2	0;259;1011;+;223.7	98;84578;87205;+;280.2	5;3135;5987;+;353.0	94;81900;83297;+;91.7	98;84578;87205;+;91.2	92;80616;81182;+;173.6	102;89228;89893;+;70.9		8;6714;8783;+;390.5	97;83883;84449;+;57.4	8;6714;8783;+;68.7	B	8/9	split_2	88969	1	0	5984..6493+;169;unnamed;0
NZ_CP094318.1	MPF_F	IncFII(pHN7A8)	107	0	0	GA	0															not_admitted	not_admitted	not_admitted	not_admitted	not_admitted	not_admitted	not_admitted	not_admitted	not_admitted	not_admitted	1	87;79383;80102;-;285.3	81;73970;75337;-;379.8	84;76096;76848;-;223.7	91;81396;84023;-;280.2	80;71118;73970;-;353.0		91;81396;84023;-;91.2	100;87418;87984;-;173.6	86;78707;79372;-;70.9	85;76879;78714;-;238.8	78;68567;70525;-;390.5	92;84152;84718;-;57.4	78;68567;70525;-;68.8	A	9/9	contiguous	18851	1	1	70612..71121-;169;unnamed;0
NZ_CP094325.1	MPF_F	IncFII(pHN7A8)	106	0	0	GA	0															not_admitted	not_admitted	not_admitted	not_admitted	not_admitted	not_admitted	not_admitted	not_admitted	not_admitted	not_admitted	1	40;33852;34862;-;366.7	34;28437;29804;-;379.8	37;30565;31317;-;223.7	43;35864;38491;-;280.2	33;26917;28437;-;355.9	47;39772;41169;-;91.7	43;35864;38491;-;91.2	49;41887;42453;-;173.6	39;33176;33841;-;70.9	38;31348;33183;-;238.8	30;22787;24991;-;390.2	44;38620;39186;-;57.4	30;22787;24991;-;68.4	A	9/9	contiguous	19100	1	1	25584..26927-;447;unnamed;0
NZ_CP094334.1	MPF_F	IncFII(pHN7A8)	83	0	0	GA	0															not_admitted	not_admitted	not_admitted	not_admitted	not_admitted	not_admitted	not_admitted	not_admitted	not_admitted	not_admitted	1	41;37431;38423;-;369.5	28;29225;30598;-;376.8	33;32164;32907;-;234.4	44;39432;42059;-;301.8	27;26505;29228;-;376.8	49;44114;45541;-;94.1	44;39432;42059;-;101.8	51;46256;46822;-;183.8	38;35847;36485;-;70.4	35;33184;35034;-;265.0	23;21888;24113;-;391.7	45;42575;43090;-;78.0	23;21888;24113;-;70.3	A	9/9	contiguous	24368	1	1	25860..26381-;173;unnamed;0
NZ_CP094341.1	MPF_F	IncFII(pSE11)	90	0	0	GA	0															not_admitted	not_admitted	not_admitted	not_admitted	not_admitted	not_admitted	not_admitted	not_admitted	not_admitted	not_admitted	1	57;44055;45047;+;369.5	69;51101;52474;+;381.7	62;48153;48896;+;234.4	54;40416;43046;+;297.8	70;52471;55296;+;374.0	47;35947;37374;+;93.9	54;40416;43046;+;98.7	45;34666;35232;+;174.3	59;45391;46029;+;68.5	60;46026;47876;+;266.9	77;61231;62412;+;188.3	50;38258;38773;+;78.4	77;61231;62412;+;71.7	A	9/9	contiguous	26565	1	1	55293..55802+;169;unnamed;0
NZ_CP094342.1	MPF_F	-	27	0	0	GA	0															not_admitted	not_admitted	not_admitted	not_admitted	not_admitted	not_admitted	not_admitted	not_admitted	not_admitted	not_admitted	1	1;1916;2908;-;369.3	17;15179;16207;-;341.3	24;18421;19164;-;234.1	4;3917;6544;-;305.4		10;8599;10026;-;94.3	4;3917;6544;-;98.5	12;10741;11154;-;143.5	0;1269;1907;-;68.4	26;19441;19737;-;71.0	4;3917;6544;-;22.1	6;7060;7575;-;78.4		B	8/9	contiguous	18172	0	1	
NZ_CP094454.1	MPF_F	IncR	64	0	0	GA	0															not_admitted	not_admitted	not_admitted	not_admitted	not_admitted	not_admitted	not_admitted	not_admitted	not_admitted	not_admitted	1				20;14129;14842;+;134.3								19;13098;13613;+;77.6		D	2/9	contiguous	1031	0	0	
NZ_CP094475.1	MPF_T	rep33	92	0	0	GA	1				17;16268;18286;-;23.4									11;10666;12258;-;523.8		none	none	D	2/7	uncallable	0	0	unscoreable	5	0	0														not_admitted	not_admitted	not_admitted	not_admitted	not_admitted	not_admitted	not_admitted
NZ_CP094480.1	MPF_F	IncFIB(K);IncFII(K)	236	0	0	GA	0															not_admitted	not_admitted	not_admitted	not_admitted	not_admitted	not_admitted	not_admitted	not_admitted	not_admitted	not_admitted	1	65;61000;61989;-;363.3	54;53814;55181;-;384.3	58;56439;57191;-;230.5	70;63451;66090;-;259.0	53;50965;53814;-;346.5	77;69105;70529;-;87.5	70;63451;66090;-;88.3	79;71256;71822;-;169.3	63;60077;60724;-;65.9	62;58063;60018;-;259.7	49;46221;48503;-;393.1	75;67909;68493;-;52.9	49;46221;48503;-;66.6	A	9/9	contiguous	25035	1	1	50432..50962-;176;unnamed;0
NZ_CP094505.1	MPF_T	rep38	57	0	0	GA	1				19;20758;21798;-;25.2									12;14202;15755;-;458.0		none	none	D	2/7	uncallable	0	0	unscoreable	6	0	0														not_admitted	not_admitted	not_admitted	not_admitted	not_admitted	not_admitted	not_admitted
NZ_CP094514.1	MPF_T	IncX3	65	0	0	GA	1	21;12959;13603;+;46.4	22;13587;13877;+;73.1	23;13902;16655;+;47.0	23;13902;16655;+;142.4	23;13902;16655;+;73.3	24;16665;17435;+;60.1	26;17714;18769;+;133.2		27;18964;19692;+;119.4	28;19698;20627;+;138.8	29;20624;21838;+;128.3	31;22034;23068;+;65.7	32;23071;24906;+;495.9		pfam	pfam_only	A	7/7	canonical	1	1	unscoreable	2	0	0														not_admitted	not_admitted	not_admitted	not_admitted	not_admitted	not_admitted	not_admitted
NZ_CP094520.1	MPF_T	-	307	0	0	GA	1		193;190698;191078;+;77.3	194;191071;191370;+;65.3	195;191380;193833;+;172.4	195;191380;193833;+;132.0	196;193805;194611;+;49.5	198;194814;195974;+;101.0		199;196018;196680;+;130.6	200;196698;197537;+;183.0	202;198004;199311;+;220.8	192;189740;190708;+;137.8	88;85152;87092;+;521.7		conjscan	conjscan_only	A	7/7	canonical	1	0	unscoreable	3	0	0														not_admitted	not_admitted	not_admitted	not_admitted	not_admitted	not_admitted	not_admitted
NZ_CP094522.1	MPF_T	-	305	0	0	GA	1		14;15773;16153;-;77.3	13;15481;15780;-;65.3	12;13018;15471;-;172.4	12;13018;15471;-;132.0	11;12240;13046;-;49.5	9;10877;12037;-;101.0		8;10171;10833;-;130.6	7;9314;10153;-;183.0	5;7540;8847;-;220.8	15;16143;17111;-;137.8	119;119759;121699;-;521.7		conjscan	conjscan_only	A	7/7	canonical	1	0	unscoreable	3	0	0														not_admitted	not_admitted	not_admitted	not_admitted	not_admitted	not_admitted	not_admitted
NZ_CP094524.1	MPF_T	-	305	0	0	GA	1		14;15773;16153;-;77.3	13;15481;15780;-;65.3	12;13018;15471;-;172.4	12;13018;15471;-;132.0	11;12240;13046;-;49.5	9;10877;12037;-;101.0		8;10171;10833;-;130.6	7;9314;10153;-;183.0	5;7540;8847;-;220.8	15;16143;17111;-;137.8	119;119759;121699;-;521.7		conjscan	conjscan_only	A	7/7	canonical	1	0	unscoreable	3	0	0														not_admitted	not_admitted	not_admitted	not_admitted	not_admitted	not_admitted	not_admitted
NZ_CP094547.1	-	-	59	0	0	GA	1	53;47486;48133;-;96.8	13;8239;8616;+;71.3	14;8671;8958;+;46.9	15;8972;11461;+;67.1	15;8972;11461;+;101.4	17;11870;12646;+;42.1	19;12812;14095;+;100.4		20;14165;14869;+;142.6	21;14897;15922;+;167.2	23;16378;17847;+;225.7	12;7276;8226;+;122.4	55;48728;50731;-;333.6		conjscan	both	A	7/7	canonical	1	0	unscoreable	5	0	0														not_admitted	not_admitted	not_admitted	not_admitted	not_admitted	not_admitted	not_admitted
NZ_CP094662.1	MPF_T	-	44	0	0	GA	1				12;7843;9861;+;25.4									19;14117;15661;+;461.5		none	none	D	2/7	uncallable	0	0	unscoreable	6	0	0														not_admitted	not_admitted	not_admitted	not_admitted	not_admitted	not_admitted	not_admitted
NZ_CP094829.1	-	-	145	0	0	GA	1	136;116088;116591;-;79.9	109;93202;93492;-;60.5	108;92930;93205;-;52.6	107;90574;92937;-;114.3	107;90574;92937;-;42.1	105;89725;90435;-;119.2	103;88075;89265;-;126.1		102;87299;87973;-;187.8	101;86529;87296;-;186.8	100;85216;86529;-;171.2	99;84212;85210;-;113.1	93;79339;81468;+;337.2		pfam	both	A	7/7	canonical	1	0	unscoreable	7	0	0														not_admitted	not_admitted	not_admitted	not_admitted	not_admitted	not_admitted	not_admitted
NZ_CP094842.1	MPF_F	IncFIB(pENTAS01);IncFII(pENTA)	152	0	0	GA	0															not_admitted	not_admitted	not_admitted	not_admitted	not_admitted	not_admitted	not_admitted	not_admitted	not_admitted	not_admitted	1	97;101238;102236;-;360.7	88;94613;95977;-;366.6	94;97966;98748;-;213.0	105;105166;107775;-;220.3	87;91323;94613;-;306.8	114;111755;113164;-;95.4	105;105166;107775;-;100.3	116;113913;114494;-;95.2	96;100604;101227;-;62.6	95;98745;100607;-;215.0	83;86569;89136;-;365.0	107;108023;108577;-;46.0	83;86569;89136;-;76.5	A	9/9	contiguous	27344	1	1	90632..91321-;229;unnamed;0
NZ_CP094843.1	MPF_F	IncHI2	215	0	0	GA	0															not_admitted	not_admitted	not_admitted	not_admitted	not_admitted	not_admitted	not_admitted	not_admitted	not_admitted	not_admitted	1	74;81337;82395;+;276.9	21;20990;22405;-;194.1	22;22395;23441;-;173.7	57;59085;61766;+;168.0	20;17031;20981;-;101.6		57;59085;61766;+;72.2		72;79684;81195;+;62.5	75;82414;85602;+;57.7		56;58126;59076;+;46.5		B	8/9	split_3	65383	0	1	
NZ_CP094852.1	-	-	65	0	0	GA	1	31;17780;18487;+;34.8	32;18468;18806;+;27.9	33;18817;19215;+;24.6	34;19169;21604;+;71.6		36;21858;22526;+;50.4	38;22883;23848;+;119.8		39;24180;24995;+;141.1	40;24992;25804;+;146.1	42;26092;27444;+;140.0	43;27454;28488;+;62.1	46;29530;31143;+;264.1		pfam	pfam_only	A	7/7	canonical	1	0	unscoreable	5	0	0														not_admitted	not_admitted	not_admitted	not_admitted	not_admitted	not_admitted	not_admitted
NZ_CP094947.1	MPF_T	repUS74	56	0	0	GA	1				4;4424;6442;-;25.5									55;50776;51906;-;308.5		none	none	D	2/7	uncallable	0	0	unscoreable	0	0	0														not_admitted	not_admitted	not_admitted	not_admitted	not_admitted	not_admitted	not_admitted
NZ_CP094992.1	MPF_F	IncHI1B(pNDM-MAR)	383	0	0	GA	0															not_admitted	not_admitted	not_admitted	not_admitted	not_admitted	not_admitted	not_admitted	not_admitted	not_admitted	not_admitted	1	69;54916;55953;-;282.3	256;205096;206505;+;190.4	255;204069;205106;+;175.9	81;66785;69502;-;148.7	257;206507;210415;+;122.1	85;71615;72985;-;65.6	81;66785;69502;-;85.2	88;74631;75491;-;79.0	70;55950;57311;-;69.8	68;51721;54906;-;58.9	248;194745;196871;-;57.8	82;69547;70284;-;57.1	248;194745;196871;-;41.0	A	9/9	split_2	154786	0	1	
NZ_CP094993.1	MPF_F	IncC	209	0	0	GA	0															not_admitted	not_admitted	not_admitted	not_admitted	not_admitted	not_admitted	not_admitted	not_admitted	not_admitted	not_admitted	1	94;70794;71801;+;332.9	198;163604;165037;+;339.2	197;162574;163602;+;221.7	89;65595;68042;+;354.2	199;165050;168664;+;375.3	84;56768;58084;+;135.0	89;65595;68042;+;128.6	82;55244;55870;+;92.1	92;68864;70129;+;67.6	95;71917;74712;+;145.3	73;49569;51434;+;47.4	85;58081;58659;+;100.2	73;49569;51434;+;52.0	A	9/9	split_2	115481	0	1	
NZ_CP094994.1	MPF_F	IncFIB(pQil);IncFII(K)	118	0	0	GA	0															not_admitted	not_admitted	not_admitted	not_admitted	not_admitted	not_admitted	not_admitted	not_admitted	not_admitted	not_admitted	1	64;64082;65071;-;366.0	54;57261;58631;-;381.2	58;59833;60585;-;232.4	68;66514;69153;-;258.5	53;54412;57261;-;344.2	76;72410;73834;-;88.8	68;66514;69153;-;88.7	78;74561;75127;-;169.3	63;63431;64069;-;67.0	62;61428;63434;-;259.0	49;50289;52598;-;392.8	75;71712;72296;-;55.4	49;50289;52598;-;65.8	A	9/9	contiguous	24272	1	1	53879..54409-;176;unnamed;0
NZ_CP095000.1	MPF_F	repFIB;repHI5B	237	0	0	GA	0															not_admitted	not_admitted	not_admitted	not_admitted	not_admitted	not_admitted	not_admitted	not_admitted	not_admitted	not_admitted	1	168;137755;138792;-;282.2	83;59211;60653;+;188.6	82;58217;59254;+;172.0	180;150860;153577;-;143.5	84;60655;64599;+;119.0	184;155700;157067;-;63.7	180;150860;153577;-;80.6	187;158722;159582;-;73.9	169;138789;140150;-;71.7	167;134564;137740;-;58.7	75;48851;50977;-;62.0	181;153626;154363;-;56.3	75;48851;50977;-;39.7	A	9/9	split_2	109871	0	1	
NZ_CP095001.1	MPF_F	IncFIA(pBK30683);IncFII(Yp)	151	0	0	GA	0															not_admitted	not_admitted	not_admitted	not_admitted	not_admitted	not_admitted	not_admitted	not_admitted	not_admitted	not_admitted	1	127;114222;115214;+;372.3	137;120847;122217;+;383.1	134;119326;120078;+;222.2	124;110560;113199;+;258.9	138;122217;125072;+;333.3	117;106029;107450;+;88.0	124;110560;113199;+;88.4	115;104742;105308;+;161.7	128;115227;115853;+;68.3	129;115850;117805;+;254.7	141;126817;129135;+;390.7	119;108062;108631;+;55.7	141;126817;129135;+;66.8	A	9/9	contiguous	22075	1	1	125089..125760+;223;unnamed;0
NZ_CP095002.1	MPF_F	IncFII(p14)	133	0	0	GA	0															not_admitted	not_admitted	not_admitted	not_admitted	not_admitted	not_admitted	not_admitted	not_admitted	not_admitted	not_admitted	1	107;90673;91665;+;372.3	118;97699;99069;+;380.3	115;96178;96930;+;222.2	104;87008;89647;+;254.8	119;99069;101912;+;348.4	96;82396;83817;+;86.6	104;87008;89647;+;88.2	94;81109;81675;+;159.4	108;91678;92325;+;68.8	110;92702;94657;+;253.1	122;103482;105776;+;391.5	98;84278;84862;+;55.9	122;103482;105776;+;66.6	A	9/9	contiguous	22373	1	1	101918..102433+;171;unnamed;0
NZ_CP095004.1	MPF_F	IncU;repFIB;repHI5B	301	0	0	GA	0															not_admitted	not_admitted	not_admitted	not_admitted	not_admitted	not_admitted	not_admitted	not_admitted	not_admitted	not_admitted	1	236;192392;193429;-;282.2	87;61183;62625;+;188.6	86;60189;61226;+;172.0	248;205497;208214;-;143.5	88;62627;66571;+;119.0	252;210337;211704;-;63.7	248;205497;208214;-;80.6	255;213359;214219;-;73.9	237;193426;194787;-;71.7	235;189201;192377;-;58.7	79;50823;52949;-;62.0	249;208263;209000;-;56.3	79;50823;52949;-;39.7	A	9/9	split_2	162536	0	1	
NZ_CP095084.1	MPF_F	Col156;IncFIB(AP001918);IncFII	220	0	0	GA	0															not_admitted	not_admitted	not_admitted	not_admitted	not_admitted	not_admitted	not_admitted	not_admitted	not_admitted	not_admitted	1	70;41396;42196;+;317.8	83;48225;48932;+;211.1		63;37667;37948;+;64.5	86;50206;50994;+;196.7	57;34002;34451;+;38.8	65;38718;40199;+;98.6	53;31745;32311;+;183.1	73;42860;43177;+;48.0	76;44393;44932;+;210.5	93;55104;56099;+;238.1			C	7/9	contiguous	23359	1	1	50991..51320+;109;unnamed;0
NZ_CP095087.1	MPF_F	IncFIB(AP001918);IncFII	139	0	0	GA	0															not_admitted	not_admitted	not_admitted	not_admitted	not_admitted	not_admitted	not_admitted	not_admitted	not_admitted	not_admitted	1	110;99330;100322;+;369.5	120;106101;107474;+;381.7	115;103428;104171;+;234.4	107;95691;98321;+;304.1	121;107471;110293;+;373.4	98;90748;92199;+;93.8	107;95691;98321;+;96.8	96;89467;90033;+;182.3	112;100666;101304;+;68.6	113;101301;103151;+;266.1	128;115152;117413;+;391.6	102;93560;94072;+;80.9	128;115152;117413;+;70.3	A	9/9	contiguous	25685	1	1	110314..110811+;165;TraS;0
NZ_CP095122.1	MPF_F	IncFIB(K)(pCAV1099-114);IncFII(pKP91)	167	0	0	GA	0															not_admitted	not_admitted	not_admitted	not_admitted	not_admitted	not_admitted	not_admitted	not_admitted	not_admitted	not_admitted	1	83;84225;85214;-;363.3	72;77034;78407;-;382.8	76;79664;80416;-;233.7	87;86671;89310;-;259.4	71;74198;77041;-;339.3	97;93272;94696;-;89.2	87;86671;89310;-;88.3	99;95423;95989;-;167.5	81;83302;83949;-;65.9	80;81288;83243;-;259.7	67;69303;71612;-;393.1	95;92076;92660;-;53.2	67;69303;71612;-;66.6	A	9/9	contiguous	26120	1	1	73663..74187-;174;unnamed;0
NZ_CP095123.1	MPF_T	IncN	90	0	0	GA	1	56;40334;41068;-;32.5		53;39374;39691;-;63.3	51;36776;38452;-;77.7	52;38496;39374;-;79.1	50;36045;36758;-;105.5	48;34754;35794;-;142.4		47;33837;34535;-;131.9	46;32942;33826;-;159.7	45;31782;32942;-;156.3	44;30745;31740;-;81.2	32;21226;22755;+;38.5		pfam	both	A	7/7	canonical	1	0	unscoreable	14	0	0														not_admitted	not_admitted	not_admitted	not_admitted	not_admitted	not_admitted	not_admitted
NZ_CP095133.1	MPF_F	IncFIB(K);IncFII(K)	211	0	0	GA	0															not_admitted	not_admitted	not_admitted	not_admitted	not_admitted	not_admitted	not_admitted	not_admitted	not_admitted	not_admitted	1	155;152296;153288;-;366.6	145;145475;146845;-;381.2	149;148047;148799;-;232.4	158;154314;156953;-;258.7	144;142626;145475;-;344.2	167;160768;162192;-;89.2	158;154314;156953;-;88.8	169;162919;163485;-;167.0	154;151645;152283;-;67.0	153;149642;151648;-;259.0	140;138500;140812;-;393.2	165;159587;160156;-;49.7	140;138500;140812;-;65.8	A	9/9	contiguous	24419	1	1	142093..142623-;176;unnamed;0
NZ_CP095138.1	MPF_F	Col156;IncFIB(AP001918);IncFII(29)	156	0	0	GA	0															not_admitted	not_admitted	not_admitted	not_admitted	not_admitted	not_admitted	not_admitted	not_admitted	not_admitted	not_admitted	1	99;89142;90134;-;369.5	87;81715;83088;-;381.7	94;85293;86036;-;233.1	102;91143;93773;-;304.0	86;78896;81718;-;388.5	109;96904;98331;-;93.9	102;91143;93773;-;99.3	111;99046;99612;-;183.1	97;88160;88798;-;68.6	96;86313;88163;-;271.9	82;74363;76624;-;391.1	106;95260;95775;-;73.9	82;74363;76624;-;70.3	A	9/9	contiguous	24683	1	1	78395..78874-;159;TraS;0
NZ_CP095141.1	MPF_F	IncFIB(K);IncFII(K)	228	0	0	GA	0															not_admitted	not_admitted	not_admitted	not_admitted	not_admitted	not_admitted	not_admitted	not_admitted	not_admitted	not_admitted	1	171;177860;178852;-;366.6	161;171039;172409;-;381.2	165;173611;174363;-;232.4	174;179878;182517;-;258.7	160;168190;171039;-;344.2	183;186332;187756;-;89.2	174;179878;182517;-;88.8	185;188483;189049;-;167.0	170;177209;177847;-;67.0	169;175206;177212;-;259.0	156;164064;166376;-;393.2	181;185151;185720;-;49.7	156;164064;166376;-;65.8	A	9/9	contiguous	24419	1	1	167657..168187-;176;unnamed;0
NZ_CP095142.1	MPF_T	IncP1	71	0	0	GA	1		33;23727;24110;+;68.7	34;24113;24439;+;50.6	35;24436;26979;+;98.7	35;24436;26979;+;108.3	40;30455;31225;+;104.8	41;31365;32969;+;120.3		36;26976;27683;+;91.0	37;27699;28589;+;152.5	39;29048;30442;+;220.3	32;22657;23613;+;135.2	70;50897;52021;-;276.9		conjscan	conjscan_only	A	7/7	canonical	1	0	unscoreable	2	0	0														not_admitted	not_admitted	not_admitted	not_admitted	not_admitted	not_admitted	not_admitted
NZ_CP095146.1	MPF_F	IncFIB(K);IncFII(K)	247	0	0	GA	0															not_admitted	not_admitted	not_admitted	not_admitted	not_admitted	not_admitted	not_admitted	not_admitted	not_admitted	not_admitted	1	191;181899;182891;-;366.6	181;175078;176448;-;381.2	185;177650;178402;-;232.4	194;183917;186556;-;258.7	180;172229;175078;-;344.2	203;190371;191795;-;89.2	194;183917;186556;-;88.8	205;192522;193088;-;167.0	190;181248;181886;-;67.0	189;179245;181251;-;259.0	176;168106;170415;-;393.2	201;189190;189759;-;48.3	176;168106;170415;-;65.8	A	9/9	contiguous	24416	1	1	171696..172226-;176;unnamed;0
NZ_CP095151.1	MPF_F	IncFIB(K);IncFII(K)	226	0	0	GA	0															not_admitted	not_admitted	not_admitted	not_admitted	not_admitted	not_admitted	not_admitted	not_admitted	not_admitted	not_admitted	1	171;177865;178857;-;366.6	161;171044;172414;-;381.2	165;173616;174368;-;232.4	174;179883;182522;-;258.7	160;168195;171044;-;344.2	183;186337;187761;-;89.2	174;179883;182522;-;88.8	185;188488;189054;-;167.0	170;177214;177852;-;67.0	169;175211;177217;-;259.0	156;164069;166381;-;393.2	181;185156;185725;-;49.7	156;164069;166381;-;65.8	A	9/9	contiguous	24419	1	1	167662..168192-;176;unnamed;0
NZ_CP095153.1	MPF_F	IncFII	92	0	0	GA	0															not_admitted	not_admitted	not_admitted	not_admitted	not_admitted	not_admitted	not_admitted	not_admitted	not_admitted	not_admitted	1	68;56591;57583;+;369.5	78;63362;64735;+;381.7	73;60689;61432;+;234.4	65;52952;55582;+;304.1	79;64732;67554;+;374.0	58;48502;49953;+;94.2	65;52952;55582;+;97.1	56;47221;47787;+;174.3	70;57927;58565;+;68.6	71;58562;60412;+;266.1	83;69826;72096;+;391.1	61;50813;51328;+;78.4	83;69826;72096;+;70.3	A	9/9	contiguous	22605	1	1	67576..68055+;159;TraS;0
NZ_CP095156.1	MPF_F	IncFIA;IncFIB(AP001918);IncFII	199	0	0	GA	0															not_admitted	not_admitted	not_admitted	not_admitted	not_admitted	not_admitted	not_admitted	not_admitted	not_admitted	not_admitted	1	129;116658;117650;-;367.4	116;107013;108386;-;380.9	125;113186;113929;-;235.0	132;118659;121286;-;305.4	115;105889;107016;-;306.2	138;123341;124768;-;94.3	132;118659;121286;-;98.5	140;125483;126049;-;183.8	128;116011;116649;-;68.6	127;114206;116014;-;268.3	108;98036;100225;-;391.3	134;121802;122317;-;78.4	108;98036;100225;-;70.4	A	9/9	contiguous	27447	1	1	105456..105860-;134;unnamed;0
NZ_CP095164.1	MPF_F	IncC	183	0	0	GA	0															not_admitted	not_admitted	not_admitted	not_admitted	not_admitted	not_admitted	not_admitted	not_admitted	not_admitted	not_admitted	1		12;10810;12243;-;339.2	13;12245;13273;-;221.5	69;64375;66822;-;354.5	11;9916;10797;-;210.7	130;120132;121292;-;156.3	69;64375;66822;-;128.3	76;76592;77218;-;92.7	66;62288;63553;-;67.9		85;81028;82893;-;47.3	73;73803;74381;-;100.2	85;81028;82893;-;52.0	C	7/9	split_3	110216	0	0	
NZ_CP095166.1	MPF_F	IncHI2;IncHI2A	336	0	0	GA	0															not_admitted	not_admitted	not_admitted	not_admitted	not_admitted	not_admitted	not_admitted	not_admitted	not_admitted	not_admitted	1	27;31707;32765;+;276.9	205;188753;190168;-;194.1	206;190158;191204;-;174.1	11;8955;11636;+;168.0	204;184791;188744;-;101.6	7;5270;6625;+;80.7	11;8955;11636;+;72.2	4;2758;3546;+;74.8	25;30054;31565;+;62.0	28;32784;35972;+;57.3	213;198246;200330;+;56.8	10;7996;8946;+;46.1	213;198246;200330;+;38.8	A	9/9	split_3	195488	1	1	183321..184610-;429;unnamed;0
NZ_CP095171.1	MPF_F	IncFII(Yp);IncFII(pAR0022);repB(R1701)	156	0	0	GA	0															not_admitted	not_admitted	not_admitted	not_admitted	not_admitted	not_admitted	not_admitted	not_admitted	not_admitted	not_admitted	1	117;107528;108514;-;370.3	110;101832;103205;-;375.9	113;104005;104754;-;218.8	120;109508;112138;-;285.5	109;99010;101832;-;336.2	126;114166;115560;-;90.9	120;109508;112138;-;98.6	128;116277;116843;-;169.9	116;106882;107511;-;66.1	115;105005;106885;-;260.5	106;94740;96887;-;384.9	125;113605;114144;-;66.8	106;94740;96887;-;63.9	A	9/9	contiguous	21537	1	1	98494..98991-;165;TraS;0
NZ_CP095181.1	MPF_F	IncFIB(K);IncFII(Yp);IncFII(pAR0022)	194	0	0	GA	0															not_admitted	not_admitted	not_admitted	not_admitted	not_admitted	not_admitted	not_admitted	not_admitted	not_admitted	not_admitted	1	20;24756;25742;-;367.0	13;19060;20433;-;375.9	16;21233;21982;-;218.5	23;26736;29366;-;285.5	12;16238;19060;-;336.5	29;31394;32788;-;90.0	23;26736;29366;-;98.6	31;33505;34071;-;169.9	19;24110;24739;-;66.4	18;22233;24113;-;259.6	9;12315;14549;-;384.8	28;30833;31372;-;64.9	9;12315;14549;-;63.8	A	9/9	contiguous	21190	1	1	15722..16219-;165;TraS;0
NZ_CP095235.1	MPF_F	IncR	218	0	0	GA	0															not_admitted	not_admitted	not_admitted	not_admitted	not_admitted	not_admitted	not_admitted	not_admitted	not_admitted	not_admitted	1	119;93259;94251;+;369.5	132;101084;102457;+;376.8	127;98775;99518;+;234.4	116;89623;92250;+;301.8	133;102454;105270;+;376.7	111;86141;87568;+;94.1	116;89623;92250;+;101.8	109;84860;85426;+;183.8	122;95197;95835;+;70.4	125;96648;98498;+;265.0	137;107571;109787;+;391.7	115;88592;89107;+;77.6	137;107571;109787;+;70.3	A	9/9	contiguous	22711	1	1	105303..105824+;173;unnamed;0
NZ_CP095248.1	MPF_F	IncFII(pHN7A8);IncR	257	0	0	GA	0															not_admitted	not_admitted	not_admitted	not_admitted	not_admitted	not_admitted	not_admitted	not_admitted	not_admitted	not_admitted	1	112;96826;97818;-;369.5	99;88620;89993;-;376.8	104;91559;92302;-;234.4	115;98827;101454;-;301.8	98;85807;88623;-;376.7	120;103509;104936;-;94.1	115;98827;101454;-;101.8	122;105651;106217;-;183.8	109;95242;95880;-;70.4	106;92579;94429;-;265.0	94;81290;83506;-;391.7	116;101970;102485;-;77.6	94;81290;83506;-;70.3	A	9/9	contiguous	24361	1	1	85253..85774-;173;unnamed;0
NZ_CP095256.1	MPF_F	IncFIB(AP001918)	84	0	0	GA	0															not_admitted	not_admitted	not_admitted	not_admitted	not_admitted	not_admitted	not_admitted	not_admitted	not_admitted	not_admitted	1	28;25409;26401;-;369.5	15;17101;18474;-;382.9	21;20402;20884;-;163.4	31;27410;30037;-;300.9	14;14285;17104;-;385.4	37;32190;33617;-;93.9	31;27410;30037;-;102.2	39;34332;34898;-;182.7	26;24427;25065;-;70.7	25;22622;24430;-;267.1	11;11149;12753;-;348.9	33;30553;31068;-;76.0	11;11149;12753;-;60.8	A	9/9	contiguous	23183	1	1	13769..14260-;163;TraS;0
NZ_CP095272.1	MPF_F	IncFIB(AP001918);IncFIC(FII);IncQ1	151	0	0	GA	0															not_admitted	not_admitted	not_admitted	not_admitted	not_admitted	not_admitted	not_admitted	not_admitted	not_admitted	not_admitted	1	76;74628;75620;+;369.3	87;81306;82679;+;378.0	80;78349;79092;+;234.1	73;70992;73619;+;305.4	88;82676;85498;+;389.5	67;67510;68937;+;94.3	73;70992;73619;+;98.5	65;66445;66795;+;114.9	77;75629;76267;+;68.4	78;76264;78072;+;268.4	91;87027;89180;+;391.9	71;69961;70476;+;78.4	91;87027;89180;+;70.4	A	9/9	contiguous	20582	1	1	85520..86011+;163;TraS;0
NZ_CP095279.1	MPF_T	IncFIB(K);IncX3	76	0	0	GA	1	63;56943;57587;-;46.4	62;56669;56959;-;73.1	61;53891;56644;-;47.0	61;53891;56644;-;142.4	61;53891;56644;-;73.3	60;53111;53881;-;60.1	58;51777;52832;-;133.2		57;50854;51582;-;119.4	56;49919;50848;-;138.8	55;48708;49922;-;128.3	53;47478;48512;-;65.7	52;45640;47475;-;495.9		pfam	pfam_only	A	7/7	canonical	1	1	unscoreable	2	0	0														not_admitted	not_admitted	not_admitted	not_admitted	not_admitted	not_admitted	not_admitted
NZ_CP095281.1	-	-	108	0	0	GA	0															not_admitted	not_admitted	not_admitted	not_admitted	not_admitted	not_admitted	not_admitted	not_admitted	not_admitted	not_admitted	1	69;61323;62333;-;397.7	63;54864;56261;-;309.7	65;56652;57518;-;126.4	80;71042;73690;-;218.8	62;51061;54855;-;210.7	83;74973;76565;-;79.6	80;71042;73690;-;100.1	85;77360;77917;-;69.5	68;60386;61312;-;94.7	66;57602;59236;-;310.5	59;43439;45622;+;345.0		59;43439;45622;+;69.7	B	8/9	contiguous	33921	0	1	
NZ_CP095282.1	MPF_F	-	81	0	0	GA	0															not_admitted	not_admitted	not_admitted	not_admitted	not_admitted	not_admitted	not_admitted	not_admitted	not_admitted	not_admitted	1	63;64751;65740;-;356.1	57;59192;60556;-;368.8	60;61414;62265;-;199.0	66;66788;69373;-;245.5	56;56349;59192;-;340.1	68;69947;71275;-;93.7	66;66788;69373;-;89.3	70;71992;72558;-;129.7	62;64133;64741;-;70.3	61;62262;64115;-;244.5	53;52806;54968;-;381.7	67;69384;69935;-;45.2	53;52806;54968;-;63.9	A	9/9	contiguous	19186	1	1	55783..56352-;189;unnamed;0
NZ_CP095284.1	-	-	54	0	0	GA	1	3;1819;2334;+;61.8	34;21406;21759;+;65.1	35;21775;22092;+;25.4	36;22064;24493;+;74.6	36;22064;24493;+;106.3	37;24477;25235;+;71.3	39;25584;27065;+;86.9		40;27025;27729;+;124.0	41;27909;28808;+;171.7	43;29241;30470;+;210.8	49;35332;36996;+;200.2	13;8915;10696;+;38.2		conjscan	conjscan_only	A	7/7	canonical	1	0	unscoreable	35	0	0														not_admitted	not_admitted	not_admitted	not_admitted	not_admitted	not_admitted	not_admitted
NZ_CP095387.1	MPF_T	-	47	0	0	GA	1				20;15287;17302;+;24.0									26;21327;22877;+;463.3		none	none	D	2/7	uncallable	0	0	unscoreable	5	0	0														not_admitted	not_admitted	not_admitted	not_admitted	not_admitted	not_admitted	not_admitted
NZ_CP095399.1	MPF_T	-	108	0	0	GA	1				91;78622;80829;-;23.5											none	none	D	1/7	uncallable	0	0	unscoreable	0	0	0														not_admitted	not_admitted	not_admitted	not_admitted	not_admitted	not_admitted	not_admitted
NZ_CP095430.1	MPF_F	IncFII(K);repB(R1701)	156	0	0	GA	0															not_admitted	not_admitted	not_admitted	not_admitted	not_admitted	not_admitted	not_admitted	not_admitted	not_admitted	not_admitted	1	107;79469;80458;+;366.6	117;86005;87372;+;384.0	113;83995;84747;+;233.3	103;75387;78026;+;258.5	118;87372;90221;+;346.4	96;70770;72194;+;89.2	103;75387;78026;+;88.2	94;69477;70043;+;169.3	108;80471;81109;+;66.9	109;81168;83123;+;259.7	122;92683;94995;+;393.1	97;72308;72892;+;53.6	122;92683;94995;+;66.6	A	9/9	contiguous	23206	1	1	90224..90757+;177;unnamed;0
NZ_CP095444.1	MPF_T	-	325	0	0	GA	0															not_admitted	not_admitted	not_admitted	not_admitted	not_admitted	not_admitted	not_admitted	not_admitted	not_admitted	not_admitted	1	18;18402;19487;+;271.5	41;36566;38002;+;236.1	40;35483;36544;+;197.7	14;13849;16338;+;239.7	42;38017;41175;+;250.4	11;10750;12138;+;104.8	14;13849;16338;+;122.7	9;8889;9479;+;84.8	17;17146;18405;+;51.9	44;41597;44311;+;129.7	3;4360;6312;+;21.5	12;12141;12674;+;70.4	3;4360;6312;+;36.9	A	9/9	contiguous	37237	0	1	
NZ_CP095449.1	MPF_F	IncFIB(AP001918);IncFII	143	0	0	GA	0															not_admitted	not_admitted	not_admitted	not_admitted	not_admitted	not_admitted	not_admitted	not_admitted	not_admitted	not_admitted	1	77;59175;60167;-;369.3	65;52490;53131;-;191.9	70;54719;55462;-;235.0	81;62674;63801;-;210.4	63;50782;51762;-;255.7	87;65953;67380;-;94.3	80;61176;62717;-;101.2	89;68095;68661;-;183.8	74;57542;58180;-;68.6	73;55836;57545;-;268.2	56;45427;46767;-;348.8	83;64317;64832;-;78.4	56;45427;46767;-;71.3	A	9/9	contiguous	22668	1	1	49832..50785-;317;unnamed;0
NZ_CP095452.1	MPF_T	IncI2(Delta)	85	0	0	GA	1	49;35663;36145;-;81.1		63;51738;52022;-;36.5	62;49375;51732;-;59.8	62;49375;51732;-;45.0	74;57754;58398;-;41.0	75;58404;59399;-;123.9		61;48479;49213;-;144.3	60;47712;48482;-;169.8	59;46583;47722;-;154.7	52;37914;39452;-;207.1	57;43535;45493;-;287.0		pfam	pfam_only	A	7/7	rearranged	1	0	unscoreable	15	0	0														not_admitted	not_admitted	not_admitted	not_admitted	not_admitted	not_admitted	not_admitted
NZ_CP095504.1	MPF_F	Col156;IncFIB(AP001918);IncFII(29)	136	0	0	GA	0															not_admitted	not_admitted	not_admitted	not_admitted	not_admitted	not_admitted	not_admitted	not_admitted	not_admitted	not_admitted	1	13;10192;11184;-;369.5	1;2765;4138;-;381.7	8;6343;7086;-;233.1	16;12193;14823;-;304.0		23;17954;19381;-;93.9	16;12193;14823;-;99.3	25;20096;20662;-;183.1	11;9210;9848;-;68.6	10;7363;9213;-;271.9	132;116074;118290;-;391.2	20;16310;16825;-;75.7	132;116074;118290;-;70.3	B	8/9	split_2	113309	0	1	
NZ_CP095506.1	MPF_F	IncFII	75	0	0	GA	0															not_admitted	not_admitted	not_admitted	not_admitted	not_admitted	not_admitted	not_admitted	not_admitted	not_admitted	not_admitted	1	12;10877;11869;-;369.5	2;3725;5098;-;381.7	7;7028;7771;-;234.4	15;12878;15508;-;297.8	1;903;3728;-;372.1	22;18508;19959;-;93.8	15;12878;15508;-;100.0	24;20674;21240;-;175.1	10;9895;10533;-;68.6	9;8048;9898;-;267.6	72;64164;66407;-;391.7	19;17133;17648;-;82.8	72;64164;66407;-;70.3	A	9/9	split_2	63261	1	1	397..906-;169;unnamed;0
NZ_CP095511.1	MPF_F	IncFIB(AP001918);IncFII;IncFII(29)	191	0	0	GA	0															not_admitted	not_admitted	not_admitted	not_admitted	not_admitted	not_admitted	not_admitted	not_admitted	not_admitted	not_admitted	1	87;69319;70311;+;369.5	99;76365;77738;+;381.7	92;73417;74160;+;233.1	84;65680;68310;+;304.0	100;77735;80557;+;388.5	77;61122;62549;+;93.9	170;139537;142167;+;100.0	75;59841;60407;+;183.1	89;70655;71293;+;68.6	90;71290;73140;+;271.9	188;156385;158583;+;391.7	166;137397;137912;+;82.8	188;156385;158583;+;70.4	A	9/9	split_2	96544	1	1	80579..81058+;159;TraS;0
NZ_CP095515.1	MPF_F	Col156;IncFIB(AP001918);IncFII(29)	133	0	0	GA	0															not_admitted	not_admitted	not_admitted	not_admitted	not_admitted	not_admitted	not_admitted	not_admitted	not_admitted	not_admitted	1	51;48152;49144;-;369.5	39;40725;42098;-;381.7	46;44303;45046;-;233.1	54;50153;52783;-;304.0	38;37906;40728;-;388.5	61;55914;57341;-;93.9	54;50153;52783;-;99.3	63;58056;58622;-;183.1	49;47170;47808;-;68.6	48;45323;47173;-;271.9	34;33490;35634;-;391.3	58;54270;54785;-;73.9	34;33490;35634;-;70.4	A	9/9	contiguous	24566	1	1	37405..37884-;159;TraS;0
NZ_CP095517.1	MPF_F	IncFII	83	0	0	GA	0															not_admitted	not_admitted	not_admitted	not_admitted	not_admitted	not_admitted	not_admitted	not_admitted	not_admitted	not_admitted	1	23;16752;17744;+;369.5	33;23523;24896;+;381.7	28;20850;21593;+;233.1	20;13113;15743;+;297.8	34;24893;27718;+;388.5	13;8662;10113;+;93.8	20;13113;15743;+;100.0	11;7381;7947;+;175.1	25;18088;18726;+;68.6	26;18723;20573;+;271.9	38;29960;32158;+;391.7	16;10973;11488;+;82.8	38;29960;32158;+;70.4	A	9/9	contiguous	22579	1	1	27715..28224+;169;unnamed;0
NZ_CP095519.1	MPF_F	Col156;IncFIB(AP001918);IncFII	137	0	0	GA	0															not_admitted	not_admitted	not_admitted	not_admitted	not_admitted	not_admitted	not_admitted	not_admitted	not_admitted	not_admitted	1	122;108310;109302;+;369.5		130;113822;114565;+;234.4	119;104671;107301;+;297.8	0;188;3007;+;373.5	112;99952;101403;+;93.8	119;104671;107301;+;99.0	110;98671;99237;+;174.3	125;110245;110883;+;70.8	128;111695;113545;+;270.8	4;5277;7484;+;391.7	115;102263;102778;+;82.8	4;5277;7484;+;70.3	B	8/9	split_2	113634	1	1	3032..3523+;163;TraS;0
NZ_CP095521.1	MPF_T	IncN	53	0	0	GA	1	29;21014;21748;+;33.3		32;22391;22708;+;63.3	33;22708;25308;+;111.8	33;22708;25308;+;76.4	34;25326;26039;+;105.2	36;26290;27330;+;142.4		37;27549;28247;+;131.9	38;28258;29142;+;159.7	39;29142;30302;+;156.3	40;30344;31339;+;81.2	44;35907;37436;-;38.5		pfam	both	A	7/7	canonical	1	0	unscoreable	6	0	0														not_admitted	not_admitted	not_admitted	not_admitted	not_admitted	not_admitted	not_admitted
NZ_CP095522.1	MPF_F	IncFIA;IncFIB(AP001918);IncFII(pRSB107)	87	0	0	GA	0															not_admitted	not_admitted	not_admitted	not_admitted	not_admitted	not_admitted	not_admitted	not_admitted	not_admitted	not_admitted	1	7;4426;5418;-;369.5			10;6427;9054;-;303.9		16;10939;12390;-;94.1	10;6427;9054;-;96.5	18;13105;13671;-;184.3	5;3444;4082;-;68.7		10;6427;9054;-;21.8	13;9570;10085;-;75.2		D	5/9	contiguous	9661	0	0	
NZ_CP095524.1	MPF_F	IncFII	83	0	0	GA	0															not_admitted	not_admitted	not_admitted	not_admitted	not_admitted	not_admitted	not_admitted	not_admitted	not_admitted	not_admitted	1	39;29785;30777;+;369.5	49;36556;37929;+;381.7	44;33883;34626;+;234.4	36;26146;28776;+;297.8	50;37926;40751;+;373.4	29;21695;23146;+;93.8	36;26146;28776;+;100.0	27;20414;20980;+;176.7	41;31121;31759;+;68.6	42;31756;33606;+;267.6	57;45533;47821;+;391.6	32;24006;24521;+;82.8	57;45533;47821;+;70.3	A	9/9	contiguous	25119	1	1	40748..41257+;169;unnamed;0
NZ_CP095525.1	MPF_F	Col156;IncFIB(AP001918);IncFII(29)	151	0	0	GA	0															not_admitted	not_admitted	not_admitted	not_admitted	not_admitted	not_admitted	not_admitted	not_admitted	not_admitted	not_admitted	1	13;8726;9718;-;369.5	1;1299;2672;-;381.7	8;4877;5620;-;233.1	16;10727;13357;-;304.0	0;688;1302;-;180.9	23;16488;17915;-;93.9	16;10727;13357;-;99.3	25;18630;19196;-;183.1	11;7744;8382;-;68.6	10;5897;7747;-;271.9	146;119280;121559;-;391.0	20;14844;15359;-;74.0	146;119280;121559;-;70.3	A	9/9	split_2	118592	0	1	
NZ_CP095528.1	MPF_F	IncFII	81	0	0	GA	0															not_admitted	not_admitted	not_admitted	not_admitted	not_admitted	not_admitted	not_admitted	not_admitted	not_admitted	not_admitted	1	28;27734;28726;-;369.5	16;20305;21456;-;320.6	23;23885;24628;-;234.4	31;29735;32365;-;297.8	15;17483;20308;-;373.4	38;35365;36816;-;93.8	31;29735;32365;-;100.0	40;37531;38097;-;175.1	26;26752;27390;-;68.6	25;24905;26755;-;267.6	11;12998;15241;-;391.7	35;33990;34505;-;82.8	11;12998;15241;-;70.3	A	9/9	contiguous	24533	1	1	16977..17486-;169;unnamed;0
NZ_CP095530.1	MPF_F	IncFII(pCoo)	72	0	0	GA	0															not_admitted	not_admitted	not_admitted	not_admitted	not_admitted	not_admitted	not_admitted	not_admitted	not_admitted	not_admitted	1	29;23315;24307;+;369.3	38;29368;30741;+;381.0	33;27035;27778;+;233.5	26;19676;22306;+;303.5	39;30738;33563;+;389.2	20;15226;16653;+;94.7	26;19676;22306;+;98.5	18;13945;14511;+;183.8	30;24316;24954;+;68.7	31;24951;26759;+;268.0	42;35067;37256;+;391.8	23;17537;18052;+;76.4	42;35067;37256;+;70.3	A	9/9	contiguous	21122	1	1	33560..34069+;169;unnamed;0
NZ_CP095535.1	MPF_F	IncFIB(AP001918);IncFII;IncQ1	152	0	0	GA	0															not_admitted	not_admitted	not_admitted	not_admitted	not_admitted	not_admitted	not_admitted	not_admitted	not_admitted	not_admitted	1	49;42716;43708;+;369.3	58;48770;50143;+;381.0	53;46437;47180;+;231.6	46;39080;41707;+;306.4	59;50140;52965;+;386.0	40;35598;37025;+;94.3	46;39080;41707;+;98.5	38;34317;34883;+;183.3	50;43717;44355;+;68.7	51;44352;46160;+;267.9	62;54469;56622;+;391.8	44;38049;38564;+;77.3	62;54469;56622;+;70.4	A	9/9	contiguous	20152	1	1	52962..53471+;169;unnamed;0
NZ_CP095539.1	MPF_F	Col156;IncFIB(AP001918);IncFII(29);IncQ1	164	0	0	GA	0															not_admitted	not_admitted	not_admitted	not_admitted	not_admitted	not_admitted	not_admitted	not_admitted	not_admitted	not_admitted	1	133;110557;111549;-;369.5	121;103130;104503;-;381.7	128;106708;107451;-;233.1	136;112558;115188;-;304.0	120;100311;103133;-;388.5	143;118319;119746;-;93.9	136;112558;115188;-;99.3	145;120461;121027;-;183.1	131;109575;110213;-;68.6	130;107728;109578;-;271.9	116;95787;98039;-;391.1	140;116675;117190;-;74.0	116;95787;98039;-;70.3	A	9/9	contiguous	24674	1	1	99810..100289-;159;TraS;0
NZ_CP095541.1	MPF_F	Col156;IncFIB(AP001918);IncFII(29)	144	0	0	GA	0															not_admitted	not_admitted	not_admitted	not_admitted	not_admitted	not_admitted	not_admitted	not_admitted	not_admitted	not_admitted	1	48;37078;38070;+;369.5	60;44124;45497;+;381.7	53;41176;41919;+;233.1	45;33439;36069;+;304.0	61;45494;48316;+;388.5	38;28881;30308;+;93.9	45;33439;36069;+;99.3	36;27600;28166;+;183.1	50;38414;39052;+;68.6	51;39049;40899;+;271.9	65;50588;52858;+;391.1	41;31437;31952;+;73.9	65;50588;52858;+;70.3	A	9/9	contiguous	22988	1	1	48338..48817+;159;TraS;0
NZ_CP095567.1	MPF_F	IncC	220	0	0	GA	0															not_admitted	not_admitted	not_admitted	not_admitted	not_admitted	not_admitted	not_admitted	not_admitted	not_admitted	not_admitted	1		209;162328;163761;+;339.2	208;161298;162326;+;221.7	95;67457;69904;+;354.2	210;163774;167388;+;375.3	83;52812;54128;+;135.0	95;67457;69904;+;128.6	81;51288;51914;+;92.1		98;71005;73800;+;145.3	72;45613;47478;+;47.4	84;54125;54703;+;100.2	72;45613;47478;+;52.0	C	7/9	split_2	118161	0	1	
NZ_CP095568.1	MPF_T	IncX3	58	0	0	GA	1	4;4845;5489;-;46.4	3;4571;4861;-;73.1	2;1793;4546;-;47.0	2;1793;4546;-;142.4	2;1793;4546;-;73.3	1;1013;1783;-;60.1			56;44917;45645;-;119.4	55;43982;44911;-;138.8	54;42771;43985;-;128.3	52;41541;42575;-;65.7	51;39703;41538;-;495.9		pfam	pfam_only	B	6/7	uncallable	0	1	unscoreable	1	0	0														not_admitted	not_admitted	not_admitted	not_admitted	not_admitted	not_admitted	not_admitted
NZ_CP095570.1	MPF_F	IncC;IncFIB(K);IncFII(K)	340	0	0	GA	0															not_admitted	not_admitted	not_admitted	not_admitted	not_admitted	not_admitted	not_admitted	not_admitted	not_admitted	not_admitted	1	251;212366;213355;+;366.6	261;218902;220269;+;384.5	257;216892;217644;+;231.8	93;66121;68568;+;354.2	330;294869;298483;+;375.3	79;52812;54128;+;135.0	93;66121;68568;+;128.6	238;202331;202897;+;169.3	96;69390;70655;+;67.6	253;214065;216020;+;259.7	266;225706;228015;+;392.8	80;54125;54703;+;100.2	266;225706;228015;+;65.8	A	9/9	split_3	242057	0	1	
NZ_CP095572.1	MPF_F	IncC	229	0	0	GA	0															not_admitted	not_admitted	not_admitted	not_admitted	not_admitted	not_admitted	not_admitted	not_admitted	not_admitted	not_admitted	1	91;68532;69539;+;332.9	218;184945;186378;+;339.2	217;183903;184943;+;221.6	86;63333;65780;+;354.2	219;186391;190005;+;375.3	75;48823;50139;+;135.0	86;63333;65780;+;128.6	73;47299;47925;+;92.1	89;66602;67867;+;67.6	92;69655;72450;+;145.3	64;41624;43489;+;47.4	76;50136;50714;+;100.2	64;41624;43489;+;52.0	A	9/9	split_2	144767	0	1	
NZ_CP095573.1	MPF_T	IncX3	71	0	0	GA	1	34;20777;21421;+;46.4	35;21405;21695;+;73.1	36;21720;24473;+;47.0	36;21720;24473;+;142.4	36;21720;24473;+;73.3	37;24483;25253;+;60.1	39;25532;26587;+;133.2		40;26782;27510;+;119.4	41;27516;28445;+;138.8	42;28442;29656;+;128.3	44;29852;30886;+;65.7	45;30889;32124;+;250.2		pfam	pfam_only	A	7/7	canonical	1	1	unscoreable	2	0	0														not_admitted	not_admitted	not_admitted	not_admitted	not_admitted	not_admitted	not_admitted
NZ_CP095574.1	MPF_F	IncFII	104	0	0	GA	0															not_admitted	not_admitted	not_admitted	not_admitted	not_admitted	not_admitted	not_admitted	not_admitted	not_admitted	not_admitted	1	80;66764;67756;+;369.5	90;73535;74908;+;381.7	85;70862;71605;+;234.4	77;63125;65755;+;304.1	91;74905;77727;+;374.0	70;58675;60126;+;94.2	77;63125;65755;+;97.1	68;57394;57960;+;174.3	82;68100;68738;+;68.6	83;68735;70585;+;266.1	95;79999;82233;+;391.1	73;60986;61501;+;78.4	95;79999;82233;+;70.3	A	9/9	contiguous	22605	1	1	77749..78228+;159;TraS;0
NZ_CP095576.1	MPF_F	IncFII	106	0	0	GA	0															not_admitted	not_admitted	not_admitted	not_admitted	not_admitted	not_admitted	not_admitted	not_admitted	not_admitted	not_admitted	1	82;68797;69789;+;369.5	92;75568;76941;+;381.7	87;72895;73638;+;234.4	79;65158;67788;+;304.1	93;76938;79760;+;374.0	72;60708;62159;+;94.2	79;65158;67788;+;97.1	70;59427;59993;+;174.3	84;70133;70771;+;68.6	85;70768;72618;+;266.1	97;82032;84284;+;391.1	75;63019;63534;+;78.4	97;82032;84284;+;70.3	A	9/9	contiguous	22605	1	1	79782..80261+;159;TraS;0
NZ_CP095577.1	MPF_F	IncFIB(pNDM-Mar);IncHI1B(pNDM-MAR)	372	0	0	GA	0															not_admitted	not_admitted	not_admitted	not_admitted	not_admitted	not_admitted	not_admitted	not_admitted	not_admitted	not_admitted	1	300;277054;278091;-;282.3	105;92878;94287;+;190.4	104;91851;92888;+;175.6	312;288924;291641;-;149.6	106;94289;98257;+;121.3	316;293754;295124;-;65.6	312;288924;291641;-;85.2	319;296770;297630;-;79.0	301;278088;279449;-;69.9	299;273859;277044;-;59.2	97;82526;84652;-;57.7	313;291686;292423;-;56.9	97;82526;84652;-;41.0	A	9/9	split_2	214244	0	1	
NZ_CP095578.1	MPF_F	IncFIB(pNDM-Mar);IncHI1B(pNDM-MAR)	302	0	0	GA	0															not_admitted	not_admitted	not_admitted	not_admitted	not_admitted	not_admitted	not_admitted	not_admitted	not_admitted	not_admitted	1	33;30084;31121;-;282.3	236;211708;213117;+;190.4	235;210681;211718;+;175.6	45;41953;44670;-;149.6	237;213119;217087;+;121.3	49;46783;48153;-;65.6	45;41953;44670;-;85.2	52;49799;50659;-;79.0	34;31118;32479;-;69.9	32;26889;30074;-;59.2	228;201356;203482;-;57.7	46;44715;45452;-;56.9	228;201356;203482;-;41.0	A	9/9	split_2	186230	0	1	
NZ_CP095579.1	MPF_F	IncFII	96	0	0	GA	0															not_admitted	not_admitted	not_admitted	not_admitted	not_admitted	not_admitted	not_admitted	not_admitted	not_admitted	not_admitted	1	73;66861;67853;+;369.3	82;72915;74288;+;381.0	77;70552;71325;+;234.0	70;63222;65852;+;303.5	83;74285;77110;+;386.0	63;58517;59944;+;94.3	70;63222;65852;+;98.5	61;57236;57802;+;183.8	74;67862;68500;+;68.7	75;68497;70305;+;268.0	86;78614;80830;+;391.7	67;61072;61587;+;78.6	86;78614;80830;+;70.3	A	9/9	contiguous	21378	1	1	77107..77616+;169;unnamed;0
NZ_CP095580.1	MPF_F	IncFII;IncFII(K);IncFII(pAR0022);IncR	270	0	0	GA	0															not_admitted	not_admitted	not_admitted	not_admitted	not_admitted	not_admitted	not_admitted	not_admitted	not_admitted	not_admitted	1	97;82247;83239;-;369.5	243;197731;199098;+;384.1	92;78398;79141;-;234.4	100;84248;86878;-;304.1	86;72276;75098;-;374.0	107;89877;91328;-;94.2	100;84248;86878;-;97.1	109;92043;92609;-;174.3	95;81265;81903;-;68.6	94;79418;81268;-;266.1	248;204536;206848;+;393.1	104;88502;89017;-;78.4	82;67725;70004;-;70.3	A	9/9	split_2	136811	1	1	71775..72254-;159;TraS;0
NZ_CP095583.1	MPF_F	IncFIA;IncFIB(AP001918);IncFII	194	0	0	GA	0															not_admitted	not_admitted	not_admitted	not_admitted	not_admitted	not_admitted	not_admitted	not_admitted	not_admitted	not_admitted	1	124;104093;105085;-;367.4	113;97034;98407;-;380.9	120;100621;101364;-;235.0	127;106094;108721;-;305.4	112;94212;97037;-;385.9	133;110776;112203;-;94.3	127;106094;108721;-;98.5	135;112918;113484;-;182.1	123;103446;104084;-;68.6	122;101641;103449;-;268.3	106;87907;89520;-;333.4	129;109237;109752;-;78.4	106;87907;89520;-;71.0	A	9/9	contiguous	25011	1	1	93706..94215-;169;unnamed;0
NZ_CP095584.1	MPF_F	IncFIB(pQil);IncFII	225	0	0	GA	0															not_admitted	not_admitted	not_admitted	not_admitted	not_admitted	not_admitted	not_admitted	not_admitted	not_admitted	not_admitted	1	54;48291;49283;+;369.5	64;55062;56435;+;381.7	59;52389;53132;+;234.4	51;44652;47282;+;304.1	65;56432;59254;+;374.0	44;40202;41653;+;94.2	51;44652;47282;+;97.1	42;38921;39487;+;174.3	56;49627;50265;+;68.6	57;50262;52112;+;266.1	69;61526;63760;+;391.1	47;42513;43028;+;78.4	69;61526;63760;+;70.3	A	9/9	contiguous	22605	1	1	59276..59755+;159;TraS;0
NZ_CP095587.1	MPF_T	IncX3	57	0	0	GA	1	54;41734;42378;+;46.4	55;42362;42652;+;73.1	56;42677;45430;+;47.0	56;42677;45430;+;142.4	56;42677;45430;+;73.3		1;328;1383;+;133.2		2;1578;2306;+;119.4	3;2312;3241;+;138.8	4;3238;4452;+;128.3	6;4648;5682;+;65.7	7;5685;7520;+;495.9		none	none	A	7/7	rearranged	0	1	unscoreable	1	0	0														not_admitted	not_admitted	not_admitted	not_admitted	not_admitted	not_admitted	not_admitted
NZ_CP095588.1	MPF_F	IncC;IncFII	315	0	0	GA	0															not_admitted	not_admitted	not_admitted	not_admitted	not_admitted	not_admitted	not_admitted	not_admitted	not_admitted	not_admitted	1	182;148993;149985;-;369.5	172;141841;143214;-;381.7	177;145144;145887;-;234.4	87;63333;65780;+;354.2	305;266190;269804;+;375.3	74;48823;50139;+;135.0	87;63333;65780;+;128.6	195;158789;159355;-;174.3	180;148011;148649;-;68.6	179;146164;148014;-;266.1	167;134489;136750;-;391.1	75;50136;50714;+;100.2	167;134489;136750;-;70.3	A	9/9	split_3	217367	0	1	
NZ_CP095589.1	MPF_T	IncX3	67	0	0	GA	1	38;30105;30749;-;46.4	37;29831;30121;-;73.1	36;27053;29806;-;47.0	36;27053;29806;-;142.4	36;27053;29806;-;73.3	35;26273;27043;-;60.1	32;24941;25765;-;95.2		31;24018;24746;-;119.4	30;23083;24012;-;138.8	28;21873;22913;-;128.9	26;20643;21677;-;65.7	25;18805;20640;-;495.9		pfam	pfam_only	A	7/7	canonical	1	1	unscoreable	3	0	0														not_admitted	not_admitted	not_admitted	not_admitted	not_admitted	not_admitted	not_admitted
NZ_CP095590.1	MPF_T	IncX3	63	0	0	GA	1	62;48317;48961;+;46.4		0;247;3000;+;47.0	0;247;3000;+;142.4	0;247;3000;+;73.3	1;3010;3780;+;60.1	3;4059;5114;+;133.2		4;5309;6037;+;119.4	5;6043;6972;+;138.8	6;6969;8183;+;128.3	8;8379;9413;+;65.7	9;9416;11251;+;495.9		pfam	pfam_only	A	7/7	canonical	1	1	unscoreable	2	0	0														not_admitted	not_admitted	not_admitted	not_admitted	not_admitted	not_admitted	not_admitted
NZ_CP095591.1	MPF_F	IncC	337	0	0	GA	0															not_admitted	not_admitted	not_admitted	not_admitted	not_admitted	not_admitted	not_admitted	not_admitted	not_admitted	not_admitted	1	97;73480;74487;+;332.9	326;285055;286488;+;339.2	325;284025;285053;+;221.7	92;68281;70728;+;354.2	327;286501;290115;+;375.3	79;53771;55087;+;135.0	92;68281;70728;+;128.6	77;52247;52873;+;92.1	95;71550;72815;+;67.6	98;74603;77398;+;145.3	68;46572;48437;+;47.4	80;55084;55662;+;100.2	68;46572;48437;+;52.0	A	9/9	split_2	239929	0	1	
NZ_CP095592.1	MPF_F	IncC	337	0	0	GA	0															not_admitted	not_admitted	not_admitted	not_admitted	not_admitted	not_admitted	not_admitted	not_admitted	not_admitted	not_admitted	1	97;73480;74487;+;332.9	326;285055;286488;+;339.2	325;284025;285053;+;221.7	92;68281;70728;+;354.2	327;286501;290115;+;375.3	79;53771;55087;+;135.0	92;68281;70728;+;128.6	77;52247;52873;+;92.1	95;71550;72815;+;67.6	98;74603;77398;+;145.3	68;46572;48437;+;47.4	80;55084;55662;+;100.2	68;46572;48437;+;52.0	A	9/9	split_2	239929	0	1	
NZ_CP095593.1	MPF_F	IncC	337	0	0	GA	0															not_admitted	not_admitted	not_admitted	not_admitted	not_admitted	not_admitted	not_admitted	not_admitted	not_admitted	not_admitted	1	97;73480;74487;+;332.9	326;285055;286488;+;339.2	325;284025;285053;+;221.7	92;68281;70728;+;354.2	327;286501;290115;+;375.3	79;53771;55087;+;135.0	92;68281;70728;+;128.6	77;52247;52873;+;92.1	95;71550;72815;+;67.6	98;74603;77398;+;145.3	68;46572;48437;+;47.4	80;55084;55662;+;100.2	68;46572;48437;+;52.0	A	9/9	split_2	239929	0	1	
NZ_CP095594.1	MPF_F	IncFII	89	0	0	GA	0															not_admitted	not_admitted	not_admitted	not_admitted	not_admitted	not_admitted	not_admitted	not_admitted	not_admitted	not_admitted	1	65;55027;56019;+;369.5	75;61798;63171;+;381.7	70;59125;59868;+;234.4	62;51388;54018;+;304.1	76;63168;65990;+;374.0	55;46938;48389;+;94.2	62;51388;54018;+;97.1	53;45657;46223;+;175.0	67;56363;57001;+;68.6	68;56998;58848;+;266.1	80;68262;70514;+;391.1	58;49249;49764;+;78.4	80;68262;70514;+;70.3	A	9/9	contiguous	22605	1	1	66012..66491+;159;TraS;0
NZ_CP095595.1	MPF_F	IncFII	107	0	0	GA	0															not_admitted	not_admitted	not_admitted	not_admitted	not_admitted	not_admitted	not_admitted	not_admitted	not_admitted	not_admitted	1	80;66667;67659;+;369.5	90;73438;74811;+;381.7	85;70765;71508;+;234.4	77;63028;65658;+;304.1	91;74808;77630;+;374.0	70;58578;60029;+;94.2	77;63028;65658;+;97.1	68;57297;57863;+;174.3	82;68003;68641;+;68.6	83;68638;70488;+;266.1	98;82609;84861;+;391.1	73;60889;61404;+;78.4	98;82609;84861;+;70.3	A	9/9	contiguous	25312	1	1	77652..78131+;159;TraS;0
NZ_CP095596.1	MPF_F	IncFIB(pQil);IncFII(K)	149	0	0	GA	0															not_admitted	not_admitted	not_admitted	not_admitted	not_admitted	not_admitted	not_admitted	not_admitted	not_admitted	not_admitted	1	124;92929;93918;+;366.0	134;99465;100832;+;384.6	130;97455;98207;+;233.7	120;88833;91472;+;258.5	135;100832;103681;+;345.0	113;84582;86006;+;89.3	120;88833;91472;+;88.7	111;83289;83855;+;169.3	125;93931;94569;+;67.0	126;94628;96583;+;259.2	139;106145;108457;+;393.2	114;86078;86662;+;54.9	139;106145;108457;+;65.8	A	9/9	contiguous	22856	1	1	103684..104214+;176;unnamed;0
NZ_CP095597.1	MPF_F	IncC	217	0	0	GA	0															not_admitted	not_admitted	not_admitted	not_admitted	not_admitted	not_admitted	not_admitted	not_admitted	not_admitted	not_admitted	1		206;162246;163679;+;339.2	205;161216;162244;+;221.7	100;67078;69525;+;354.2	207;163692;167306;+;375.3	83;52438;53754;+;135.0	100;67078;69525;+;128.6	81;50914;51540;+;92.1		103;70626;73421;+;145.3	72;45239;47104;+;47.4	84;53751;54329;+;100.2	72;45239;47104;+;52.0	C	7/9	split_2	118453	0	1	
NZ_CP095598.1	MPF_F	IncFIB(pQil);IncFII(K);IncFII(pAR0022)	180	0	0	GA	0															not_admitted	not_admitted	not_admitted	not_admitted	not_admitted	not_admitted	not_admitted	not_admitted	not_admitted	not_admitted	1	124;129363;130352;-;366.6	114;122449;123816;-;384.1	118;125074;125826;-;233.7	128;131809;134448;-;258.5	113;119627;122449;-;346.6	135;137275;138699;-;89.3	128;131809;134448;-;88.7	137;139426;139992;-;169.3	123;128712;129350;-;66.9	122;126698;128653;-;259.4	109;114699;117011;-;393.1	134;136619;137203;-;54.7	109;114699;117011;-;66.6	A	9/9	contiguous	24727	1	1	119002..119604-;200;TraS;0
NZ_CP095599.1	MPF_F	IncC	215	0	0	GA	0															not_admitted	not_admitted	not_admitted	not_admitted	not_admitted	not_admitted	not_admitted	not_admitted	not_admitted	not_admitted	1		204;163456;164889;+;339.2	203;162426;163454;+;221.7	85;69839;72286;-;354.2	205;164902;168516;+;375.3	97;85615;86931;-;135.0	85;69839;72286;-;128.6	99;87829;88455;-;92.1		82;65943;68738;-;145.3	108;92265;94130;-;47.4	96;85040;85618;-;100.2	108;92265;94130;-;52.0	C	7/9	split_2	98959	0	1	
NZ_CP095600.1	MPF_F	IncFII(K);IncFII(pAR0022);IncR	163	0	0	GA	0															not_admitted	not_admitted	not_admitted	not_admitted	not_admitted	not_admitted	not_admitted	not_admitted	not_admitted	not_admitted	1	126;96362;97351;+;366.6	136;102898;104265;+;384.1	132;100888;101640;+;233.7	122;92266;94905;+;258.5	137;104265;107087;+;346.4	115;88015;89439;+;89.3	122;92266;94905;+;88.7	113;86722;87288;+;169.3	127;97364;98002;+;66.9	128;98061;100016;+;259.4	141;109703;112015;+;393.1	116;89511;90095;+;54.7	141;109703;112015;+;66.6	A	9/9	contiguous	22981	1	1	107110..107712+;200;TraS;0
NZ_CP095601.1	MPF_F	IncFII	110	0	0	GA	0															not_admitted	not_admitted	not_admitted	not_admitted	not_admitted	not_admitted	not_admitted	not_admitted	not_admitted	not_admitted	1	86;68800;69792;+;369.5	96;75571;76944;+;381.7	91;72898;73641;+;234.4	83;65161;67791;+;304.1	97;76941;79763;+;374.0	76;60711;62162;+;94.2	83;65161;67791;+;97.1	74;59430;59996;+;174.3	88;70136;70774;+;68.6	89;70771;72621;+;266.1	101;82035;84242;+;391.2	79;63022;63537;+;78.4	101;82035;84242;+;70.3	A	9/9	contiguous	22605	1	1	79785..80264+;159;TraS;0
NZ_CP095602.1	MPF_F	IncFII(pKP91);IncR	185	0	0	GA	0															not_admitted	not_admitted	not_admitted	not_admitted	not_admitted	not_admitted	not_admitted	not_admitted	not_admitted	not_admitted	1	159;125676;126665;+;363.3	170;132483;133850;+;382.8	166;130474;131226;+;233.7	155;121580;124219;+;259.5	171;133850;136693;+;344.0	144;115276;116700;+;89.2	155;121580;124219;+;83.9	142;113983;114549;+;167.5	161;126941;127588;+;65.9	162;127647;129602;+;259.7	175;139280;141589;+;393.1	146;117312;117881;+;49.5	175;139280;141589;+;66.6	A	9/9	contiguous	25297	1	1	136704..137228+;174;unnamed;0
NZ_CP095603.1	MPF_F	IncC	221	0	0	GA	0															not_admitted	not_admitted	not_admitted	not_admitted	not_admitted	not_admitted	not_admitted	not_admitted	not_admitted	not_admitted	1	94;68135;69142;+;332.9	210;171537;172970;+;339.2	209;170507;171535;+;221.7	89;62936;65383;+;354.2	211;172983;176597;+;375.3	84;54109;55425;+;135.0	89;62936;65383;+;128.6	82;52585;53211;+;92.1	92;66205;67470;+;67.6	95;69258;72053;+;145.3	73;46910;48775;+;47.4	85;55422;56000;+;100.2	73;46910;48775;+;52.0	A	9/9	split_2	126073	0	1	
NZ_CP095604.1	MPF_F	IncFIA(pBK30683);IncFII(pKP91)	183	0	0	GA	0															not_admitted	not_admitted	not_admitted	not_admitted	not_admitted	not_admitted	not_admitted	not_admitted	not_admitted	not_admitted	1	145;114831;115445;+;259.6	158;120799;121857;+;220.7	154;119243;120079;+;206.0	139;110360;112873;+;259.6	161;122614;123594;+;211.0	129;105912;106400;+;43.2	139;110360;112873;+;88.2	126;103821;104249;+;138.9	147;115720;116367;+;65.9	150;117746;117880;+;38.6	167;128041;129165;+;179.3	131;107012;107596;+;53.2	168;129298;129807;+;69.5	A	9/9	contiguous	25477	1	1	123561..125456+;631;unnamed;0
NZ_CP095606.1	MPF_F	IncFII	108	0	0	GA	0															not_admitted	not_admitted	not_admitted	not_admitted	not_admitted	not_admitted	not_admitted	not_admitted	not_admitted	not_admitted	1	84;68784;69776;+;369.5	94;75555;76928;+;381.7	89;72882;73625;+;234.4	81;65145;67775;+;304.1	95;76925;79747;+;374.0	74;60695;62146;+;94.2	81;65145;67775;+;97.1	72;59414;59980;+;174.3	86;70120;70758;+;68.6	87;70755;72605;+;266.1	99;82019;84253;+;391.1	77;63006;63521;+;78.4	99;82019;84253;+;70.3	A	9/9	contiguous	22605	1	1	79769..80248+;159;TraS;0
NZ_CP095608.1	MPF_F	IncFII	109	0	0	GA	0															not_admitted	not_admitted	not_admitted	not_admitted	not_admitted	not_admitted	not_admitted	not_admitted	not_admitted	not_admitted	1	85;71646;72638;+;369.5	95;78417;79790;+;381.7	90;75744;76487;+;234.4	82;68007;70637;+;302.9	96;79787;82609;+;374.0	75;63557;65008;+;94.2	82;68007;70637;+;97.1	73;62276;62842;+;174.3	87;72982;73620;+;68.6	88;73617;75467;+;264.8	100;84881;87106;+;391.1	78;65868;66383;+;78.4	100;84881;87106;+;70.3	A	9/9	contiguous	22605	1	1	82631..83110+;159;TraS;0
NZ_CP095609.1	MPF_F	IncC	188	0	0	GA	0															not_admitted	not_admitted	not_admitted	not_admitted	not_admitted	not_admitted	not_admitted	not_admitted	not_admitted	not_admitted	1		177;143163;144596;+;339.2	176;142133;143161;+;221.7	90;67083;69530;+;354.2	178;144609;148223;+;375.3	80;52438;53754;+;135.0	90;67083;69530;+;128.6	78;50914;51540;+;92.1			69;45239;47104;+;47.4	81;53751;54329;+;100.2	69;45239;47104;+;52.0	C	6/9	split_2	99370	0	0	
NZ_CP095610.1	MPF_F	IncFII	108	0	0	GA	0															not_admitted	not_admitted	not_admitted	not_admitted	not_admitted	not_admitted	not_admitted	not_admitted	not_admitted	not_admitted	1	84;69627;70619;+;369.5	94;76398;77771;+;381.7	89;73725;74468;+;234.4	81;65988;68618;+;304.1	95;77768;80590;+;374.0	74;61538;62989;+;94.2	81;65988;68618;+;97.1	72;60257;60823;+;174.3	86;70963;71601;+;68.6	87;71598;73448;+;266.1	99;82862;85141;+;391.0	77;63849;64364;+;78.4	99;82862;85141;+;70.3	A	9/9	contiguous	22605	1	1	80612..81091+;159;TraS;0
NZ_CP095611.1	MPF_F	IncFII	107	0	0	GA	0															not_admitted	not_admitted	not_admitted	not_admitted	not_admitted	not_admitted	not_admitted	not_admitted	not_admitted	not_admitted	1	83;68804;69796;+;369.5	93;75575;76948;+;381.7	88;72902;73645;+;234.4	80;65165;67795;+;304.1	94;76945;79767;+;374.0	73;60715;62166;+;94.2	80;65165;67795;+;97.1	71;59434;60000;+;174.3	85;70140;70778;+;68.6	86;70775;72625;+;266.1	98;82039;84291;+;391.1	76;63026;63541;+;78.4	98;82039;84291;+;70.3	A	9/9	contiguous	22605	1	1	79789..80268+;159;TraS;0
NZ_CP095612.1	MPF_F	IncFIA(pBK30683);IncFII(pKP91)	166	0	0	GA	0															not_admitted	not_admitted	not_admitted	not_admitted	not_admitted	not_admitted	not_admitted	not_admitted	not_admitted	not_admitted	1	140;114200;115189;+;363.3	151;121007;122374;+;382.8	147;118998;119750;+;233.7	136;110104;112743;+;259.4	152;122374;125217;+;344.0	126;104718;106142;+;89.2	136;110104;112743;+;88.3	124;103425;103991;+;167.5	142;115465;116112;+;65.9	143;116171;118126;+;259.7	156;127804;130113;+;393.1	128;106754;107338;+;53.2	156;127804;130113;+;66.6	A	9/9	contiguous	24379	1	1	125228..125752+;174;unnamed;0
NZ_CP095613.1	MPF_F	IncFIB(pQil);IncFII	210	0	0	GA	0															not_admitted	not_admitted	not_admitted	not_admitted	not_admitted	not_admitted	not_admitted	not_admitted	not_admitted	not_admitted	1	54;47212;48204;+;369.5	64;53983;55356;+;381.7	59;51310;52053;+;234.4	51;43573;46203;+;304.1	65;55353;58175;+;374.0	44;39123;40574;+;94.2	51;43573;46203;+;97.1	42;37842;38408;+;174.3	56;48548;49186;+;68.6	57;49183;51033;+;266.1	69;60447;62708;+;391.1	47;41434;41949;+;78.4	69;60447;62708;+;70.3	A	9/9	contiguous	22605	1	1	58197..58676+;159;TraS;0
NZ_CP095614.1	MPF_T	IncX3	63	0	0	GA	1	4;4311;4955;-;46.4	3;4037;4327;-;73.1	2;1259;4012;-;47.0	2;1259;4012;-;142.4	2;1259;4012;-;73.3	1;479;1249;-;60.1	62;45315;46130;-;95.2		61;44392;45120;-;119.4	60;43457;44386;-;138.8	59;42246;43460;-;128.3	57;41016;42050;-;65.7	56;39178;41013;-;495.9		pfam	pfam_only	A	7/7	rearranged	1	1	unscoreable	1	0	0														not_admitted	not_admitted	not_admitted	not_admitted	not_admitted	not_admitted	not_admitted
NZ_CP095615.1	MPF_F	IncFII	105	0	0	GA	0															not_admitted	not_admitted	not_admitted	not_admitted	not_admitted	not_admitted	not_admitted	not_admitted	not_admitted	not_admitted	1	81;61835;62827;+;369.5	91;68606;69979;+;381.7	86;65933;66676;+;234.4	78;58196;60826;+;304.1	92;69976;72798;+;374.0	71;53746;55197;+;94.2	78;58196;60826;+;97.1	69;52465;53031;+;174.3	83;63171;63809;+;68.6	84;63806;65656;+;266.1	96;75070;77367;+;391.0	74;56057;56572;+;78.4	96;75070;77367;+;70.2	A	9/9	contiguous	22605	1	1	72820..73299+;159;TraS;0
NZ_CP095617.1	MPF_T	IncX3	58	0	0	GA	1	12;7085;7729;+;46.4	13;7713;8003;+;73.1	14;8028;10781;+;47.0	14;8028;10781;+;142.4	14;8028;10781;+;73.3	15;10791;11561;+;60.1	17;11840;12895;+;133.2		18;13090;13818;+;119.4	19;13824;14753;+;138.8	20;14750;15964;+;128.3	22;16160;17194;+;65.7	23;17197;19032;+;495.9		pfam	pfam_only	A	7/7	canonical	1	1	unscoreable	2	0	0														not_admitted	not_admitted	not_admitted	not_admitted	not_admitted	not_admitted	not_admitted
NZ_CP095618.1	MPF_F	IncFII	105	0	0	GA	0															not_admitted	not_admitted	not_admitted	not_admitted	not_admitted	not_admitted	not_admitted	not_admitted	not_admitted	not_admitted	1	81;68352;69344;+;369.5	91;75123;76496;+;381.7	86;72450;73193;+;234.4	78;64713;67343;+;304.1	92;76493;79315;+;374.0	71;60263;61714;+;94.2	78;64713;67343;+;97.1	69;58982;59548;+;174.3	83;69688;70326;+;68.6	84;70323;72173;+;266.1	96;81587;83848;+;391.1	74;62574;63089;+;78.4	96;81587;83848;+;70.3	A	9/9	contiguous	22605	1	1	79337..79816+;159;TraS;0
NZ_CP095619.1	MPF_F	IncFII	109	0	0	GA	0															not_admitted	not_admitted	not_admitted	not_admitted	not_admitted	not_admitted	not_admitted	not_admitted	not_admitted	not_admitted	1	84;68771;69763;+;369.5	94;75544;76917;+;381.7	89;73021;73389;+;70.0	81;65132;67762;+;304.1	95;76914;79736;+;374.0	74;60682;62133;+;94.2	81;65132;67762;+;97.1	72;59401;59967;+;174.3	86;70107;70745;+;68.6	87;70742;72592;+;266.1	99;82006;84222;+;391.2	77;62993;63508;+;78.4	99;82006;84222;+;70.3	A	9/9	contiguous	22605	1	1	79756..80235+;159;TraS;0
NZ_CP095620.1	MPF_F	IncC	213	0	0	GA	0															not_admitted	not_admitted	not_admitted	not_admitted	not_admitted	not_admitted	not_admitted	not_admitted	not_admitted	not_admitted	1		202;163322;164755;+;339.2	201;162292;163320;+;221.7	91;69823;72270;-;354.2	203;164768;168382;+;375.3	101;85599;86915;-;135.0	91;69823;72270;-;128.6	103;87813;88439;-;92.1		87;65927;68722;-;145.3	112;92249;94114;-;47.4	100;85024;85602;-;100.2	112;92249;94114;-;52.0	C	7/9	split_2	98841	0	1	
NZ_CP095621.1	MPF_F	IncFII	106	0	0	GA	0															not_admitted	not_admitted	not_admitted	not_admitted	not_admitted	not_admitted	not_admitted	not_admitted	not_admitted	not_admitted	1	82;68809;69801;+;369.5	92;75580;76953;+;381.7	87;72907;73650;+;234.4	79;65170;67800;+;304.1	93;76950;79772;+;374.0	72;60720;62171;+;94.2	79;65170;67800;+;97.1	70;59439;60005;+;174.3	84;70145;70783;+;68.6	85;70780;72630;+;266.1	97;82044;84305;+;391.1	75;63031;63546;+;78.4	97;82044;84305;+;70.3	A	9/9	contiguous	22605	1	1	79794..80273+;159;TraS;0
NZ_CP095622.1	MPF_F	IncFII	106	0	0	GA	0															not_admitted	not_admitted	not_admitted	not_admitted	not_admitted	not_admitted	not_admitted	not_admitted	not_admitted	not_admitted	1	82;68803;69795;+;369.5	92;75574;76947;+;381.7	87;72901;73644;+;234.4	79;65164;67794;+;304.1	93;76944;79766;+;374.0	72;60714;62165;+;94.2	79;65164;67794;+;97.1	70;59433;59999;+;174.3	84;70139;70777;+;68.6	85;70774;72624;+;266.1	97;82038;84317;+;391.0	75;63025;63540;+;78.4	97;82038;84317;+;70.3	A	9/9	contiguous	22605	1	1	79788..80267+;159;TraS;0
NZ_CP095624.1	MPF_F	IncFII	105	0	0	GA	0															not_admitted	not_admitted	not_admitted	not_admitted	not_admitted	not_admitted	not_admitted	not_admitted	not_admitted	not_admitted	1	81;68799;69791;+;369.5	91;75570;76943;+;381.7	86;72897;73640;+;234.4	78;65160;67790;+;304.1	92;76940;79762;+;374.0	71;60710;62161;+;94.2	78;65160;67790;+;97.1	69;59429;59995;+;174.3	83;70135;70773;+;68.6	84;70770;72620;+;266.1	96;82034;84214;+;391.2	74;63021;63536;+;78.4	96;82034;84214;+;70.3	A	9/9	contiguous	22605	1	1	79784..80263+;159;TraS;0
NZ_CP095625.1	MPF_F	IncFII	78	0	0	GA	0															not_admitted	not_admitted	not_admitted	not_admitted	not_admitted	not_admitted	not_admitted	not_admitted	not_admitted	not_admitted	1				71;63575;64135;+;63.3		64;58870;60297;+;94.3		62;57589;58155;+;183.8			71;63575;64135;+;35.1	68;61425;61940;+;78.6		D	3/9	contiguous	5986	0	0	
NZ_CP095626.1	MPF_F	IncFII	108	0	0	GA	0															not_admitted	not_admitted	not_admitted	not_admitted	not_admitted	not_admitted	not_admitted	not_admitted	not_admitted	not_admitted	1	84;68783;69775;+;369.5	94;75554;76927;+;381.3	89;72881;73624;+;234.4	81;65144;67774;+;304.1	95;76924;79746;+;374.0	74;60694;62145;+;94.2	81;65144;67774;+;97.1	72;59413;59979;+;174.3	86;70119;70757;+;68.6	87;70754;72604;+;266.1	99;82018;84279;+;391.1	77;63005;63520;+;78.4	99;82018;84279;+;70.3	A	9/9	contiguous	22605	1	1	79768..80247+;159;TraS;0
NZ_CP095627.1	MPF_T	IncX3	68	0	0	GA	1	30;17165;17809;+;46.4	31;17793;18083;+;73.1	32;18108;18821;+;49.7	33;18867;20861;+;143.2	32;18108;18821;+;74.7	34;20871;21641;+;60.1	36;22147;22980;+;98.1		37;23175;23903;+;119.4	38;23909;24838;+;138.8	39;24835;26049;+;128.3	42;26681;27277;+;67.1	45;28045;29088;+;327.9		pfam	pfam_only	A	7/7	canonical	1	0	unscoreable	4	0	0														not_admitted	not_admitted	not_admitted	not_admitted	not_admitted	not_admitted	not_admitted
NZ_CP095628.1	MPF_F	IncFII	117	0	0	GA	0															not_admitted	not_admitted	not_admitted	not_admitted	not_admitted	not_admitted	not_admitted	not_admitted	not_admitted	not_admitted	1	88;68843;69835;+;369.0	97;75282;76655;+;381.7	92;72761;73216;+;156.6	85;65204;67834;+;304.1	98;76652;79432;+;374.1	78;60754;62205;+;94.2	85;65204;67834;+;97.1	76;59578;60039;+;152.2	89;69844;70482;+;68.7	90;70479;72329;+;266.1	108;84457;86718;+;391.1	81;63065;63580;+;78.4	108;84457;86718;+;70.3	A	9/9	contiguous	24879	1	1	79495..79980+;161;TraS;0
NZ_CP095630.1	MPF_F	IncFIA;IncFII	143	0	0	GA	0															not_admitted	not_admitted	not_admitted	not_admitted	not_admitted	not_admitted	not_admitted	not_admitted	not_admitted	not_admitted	1	117;102755;103747;+;371.6	126;108809;110182;+;380.7	121;106476;107219;+;233.3	114;99119;101746;+;303.5	127;110179;112998;+;386.2	108;95533;96960;+;91.9	114;99119;101746;+;99.0	106;94252;94818;+;182.9	118;103756;104394;+;64.9	119;104391;106199;+;268.2	130;114530;116773;+;391.7	113;98088;98603;+;76.4	130;114530;116773;+;70.3	A	9/9	contiguous	20278	1	1	113023..113514+;163;TraS;0
NZ_CP095631.1	MPF_F	IncFIB(pNDM-Mar);IncHI1B(pNDM-MAR)	373	0	0	GA	0															not_admitted	not_admitted	not_admitted	not_admitted	not_admitted	not_admitted	not_admitted	not_admitted	not_admitted	not_admitted	1	301;277111;278148;-;282.3	105;92875;94284;+;190.4	104;91848;92885;+;175.6	313;288981;291698;-;149.6	106;94286;98254;+;121.3	317;293811;295181;-;65.6	313;288981;291698;-;85.2	320;296827;297687;-;79.0	302;278145;279506;-;69.9	300;273916;277101;-;59.2	97;82523;84649;-;57.7	314;291743;292480;-;56.9	97;82523;84649;-;41.0	A	9/9	split_2	214304	0	1	
NZ_CP095632.1	MPF_F	IncFII	113	0	0	GA	0															not_admitted	not_admitted	not_admitted	not_admitted	not_admitted	not_admitted	not_admitted	not_admitted	not_admitted	not_admitted	1	88;68784;69776;+;369.5	98;75555;76928;+;381.7	93;72882;73625;+;234.4	85;65145;67775;+;304.1	99;76925;79747;+;374.0	78;60695;62146;+;94.2	85;65145;67775;+;97.1	76;59414;59980;+;174.3	90;70120;70758;+;68.6	91;70755;72605;+;266.1	104;82020;84263;+;391.1	81;63006;63521;+;78.4	104;82020;84263;+;70.3	A	9/9	contiguous	22606	1	1	79769..80248+;159;TraS;0
NZ_CP095633.1	MPF_F	IncFIB(pNDM-Mar);IncHI1B(pNDM-MAR)	371	0	0	GA	0															not_admitted	not_admitted	not_admitted	not_admitted	not_admitted	not_admitted	not_admitted	not_admitted	not_admitted	not_admitted	1	299;277118;278155;-;282.3	105;92878;94287;+;190.4	104;91851;92888;+;175.6	311;288988;291705;-;149.6	106;94289;98257;+;121.3	315;293818;295188;-;65.6	311;288988;291705;-;85.2	318;296834;297694;-;79.0	300;278152;279513;-;69.9	298;273923;277108;-;59.2	97;82526;84652;-;57.7	312;291750;292487;-;56.9	97;82526;84652;-;41.0	A	9/9	split_2	214308	0	1	
NZ_CP095634.1	MPF_F	IncFII	98	0	0	GA	0															not_admitted	not_admitted	not_admitted	not_admitted	not_admitted	not_admitted	not_admitted	not_admitted	not_admitted	not_admitted	1	74;66780;67772;+;369.5	84;73551;74924;+;381.7	79;70878;71621;+;234.4	71;63141;65771;+;304.1	85;74921;77743;+;374.0	64;58691;60142;+;94.2	71;63141;65771;+;97.1	62;57410;57976;+;174.3	76;68116;68754;+;68.6	77;68751;70601;+;266.1	89;80015;82285;+;391.1	67;61002;61517;+;78.4	89;80015;82285;+;70.3	A	9/9	contiguous	22605	1	1	77765..78244+;159;TraS;0
NZ_CP095635.1	MPF_F	IncFIB(K);IncFII(pKP91)	164	0	0	GA	0															not_admitted	not_admitted	not_admitted	not_admitted	not_admitted	not_admitted	not_admitted	not_admitted	not_admitted	not_admitted	1	128;124241;125230;-;366.6	118;117327;118694;-;384.1	122;119952;120704;-;233.7	132;126687;129326;-;258.5	117;114505;117327;-;346.4	142;133230;134654;-;89.5	132;126687;129326;-;88.7	144;135381;135947;-;167.5	127;123590;124228;-;66.0	126;121576;123531;-;259.7	113;109578;111887;-;393.1	140;132034;132618;-;53.8	113;109578;111887;-;66.6	A	9/9	contiguous	25803	1	1	113880..114482-;200;TraS;0
NZ_CP095636.1	MPF_F	IncFIB(pQil);IncFII(K);IncFII(pAR0022)	176	0	0	GA	0															not_admitted	not_admitted	not_admitted	not_admitted	not_admitted	not_admitted	not_admitted	not_admitted	not_admitted	not_admitted	1	120;124180;125169;-;366.6	110;117266;118633;-;384.1	114;119891;120643;-;233.7	124;126626;129265;-;258.5	109;114444;117266;-;346.6	131;132092;133516;-;89.3	124;126626;129265;-;88.7	133;134243;134809;-;169.3	119;123529;124167;-;66.9	118;121515;123470;-;259.4	105;109516;111828;-;393.1	130;131436;132020;-;54.7	105;109516;111828;-;66.6	A	9/9	contiguous	24727	1	1	113819..114421-;200;TraS;0
NZ_CP095637.1	MPF_F	IncFIA;IncFIB(AP001918);IncFII	142	0	0	GA	0															not_admitted	not_admitted	not_admitted	not_admitted	not_admitted	not_admitted	not_admitted	not_admitted	not_admitted	not_admitted	1	72;64318;65310;-;369.5	62;57166;58539;-;381.7	67;60469;61212;-;234.4	75;66319;68949;-;304.1	61;54347;57169;-;374.0	82;71948;73399;-;94.2	75;66319;68949;-;97.1	84;74114;74680;-;174.3	70;63336;63974;-;68.6	69;61489;63339;-;266.1	57;49850;52075;-;391.1	79;70573;71088;-;78.4	57;49850;52075;-;70.3	A	9/9	contiguous	24264	1	1	53846..54325-;159;TraS;0
NZ_CP095638.1	MPF_F	IncFIA;IncFIB(AP001918);IncFII	165	0	0	GA	0															not_admitted	not_admitted	not_admitted	not_admitted	not_admitted	not_admitted	not_admitted	not_admitted	not_admitted	not_admitted	1	114;107203;108195;+;371.6	63;66522;67895;-;380.7	68;69485;70228;-;233.3	111;103567;106194;+;303.5	62;63706;66525;-;386.2	105;100206;101408;+;90.8	111;103567;106194;+;99.0	119;111007;111573;-;182.9	115;108204;108842;+;64.9	70;70505;71134;-;212.9	59;59967;62174;-;391.7	110;102536;103051;+;76.4	59;59967;62174;-;70.3	A	9/9	split_2	51040	1	1	63190..63681-;163;TraS;0
NZ_CP095639.1	MPF_F	IncFIA;IncFII	133	0	0	GA	0															not_admitted	not_admitted	not_admitted	not_admitted	not_admitted	not_admitted	not_admitted	not_admitted	not_admitted	not_admitted	1	105;91827;92819;+;371.6	114;97881;99254;+;380.7	109;95548;96291;+;233.3	102;88191;90818;+;303.5	115;99251;102070;+;386.2	96;84605;86032;+;91.9	102;88191;90818;+;99.0	94;83324;83890;+;182.9	106;92828;93466;+;64.9	107;93463;95271;+;268.2	118;103602;105836;+;391.7	101;87160;87675;+;76.4	118;103602;105836;+;70.3	A	9/9	contiguous	20278	1	1	102095..102586+;163;TraS;0
NZ_CP095640.1	MPF_T	IncX3	58	0	0	GA	1	15;13607;14251;-;46.4	14;13333;13623;-;73.1	13;10555;13308;-;47.0	13;10555;13308;-;142.4	13;10555;13308;-;73.3	12;9775;10545;-;60.1	10;8441;9496;-;133.2		9;7518;8246;-;119.4	8;6583;7512;-;138.8	7;5372;6586;-;128.3	5;4142;5176;-;65.7	4;2304;4139;-;495.9		pfam	pfam_only	A	7/7	canonical	1	1	unscoreable	2	0	0														not_admitted	not_admitted	not_admitted	not_admitted	not_admitted	not_admitted	not_admitted
NZ_CP095641.1	MPF_F	IncFIB(pQil);IncFII	210	0	0	GA	0															not_admitted	not_admitted	not_admitted	not_admitted	not_admitted	not_admitted	not_admitted	not_admitted	not_admitted	not_admitted	1	54;47212;48204;+;369.5	64;53983;55356;+;381.7	59;51310;52053;+;234.4	51;43573;46203;+;304.1	65;55353;58175;+;374.0	44;39123;40574;+;94.2	51;43573;46203;+;97.1	42;37842;38408;+;174.3	56;48548;49186;+;68.6	57;49183;51033;+;266.1	69;60447;62708;+;391.1	47;41434;41949;+;78.4	69;60447;62708;+;70.3	A	9/9	contiguous	22605	1	1	58197..58676+;159;TraS;0
NZ_CP095642.1	MPF_T	IncX3	58	0	0	GA	1	15;13607;14251;-;46.4	14;13333;13623;-;73.1	13;10555;13308;-;47.0	13;10555;13308;-;142.4	13;10555;13308;-;73.3	12;9775;10545;-;60.1	10;8441;9496;-;133.2		9;7518;8246;-;119.4	8;6583;7512;-;138.8	7;5372;6586;-;128.3	5;4142;5176;-;65.7	4;2304;4139;-;495.9		pfam	pfam_only	A	7/7	canonical	1	1	unscoreable	2	0	0														not_admitted	not_admitted	not_admitted	not_admitted	not_admitted	not_admitted	not_admitted
NZ_CP095643.1	MPF_F	IncFIA;IncFII	138	0	0	GA	0															not_admitted	not_admitted	not_admitted	not_admitted	not_admitted	not_admitted	not_admitted	not_admitted	not_admitted	not_admitted	1	112;102046;103038;+;371.6	121;108100;109473;+;380.7	116;105767;106510;+;233.3	109;98410;101037;+;303.5	122;109470;112289;+;386.2	103;94824;96251;+;91.9	109;98410;101037;+;99.0	101;93543;94109;+;182.9	113;103047;103685;+;64.9	114;103682;105490;+;268.2	125;113821;116064;+;391.7	108;97379;97894;+;76.4	125;113821;116064;+;70.3	A	9/9	contiguous	20278	1	1	112314..112805+;163;TraS;0
NZ_CP095644.1	MPF_F	IncFIA;IncFII	138	0	0	GA	0															not_admitted	not_admitted	not_admitted	not_admitted	not_admitted	not_admitted	not_admitted	not_admitted	not_admitted	not_admitted	1	112;101975;102967;+;371.6	121;108029;109402;+;380.7	116;105696;106439;+;233.3	109;98339;100966;+;303.5	122;109399;112218;+;386.2	103;94753;96180;+;91.9	109;98339;100966;+;99.0	101;93472;94038;+;182.9	113;102976;103614;+;64.9	114;103611;105419;+;268.2	125;113750;115993;+;391.7	108;97308;97823;+;76.4	125;113750;115993;+;70.3	A	9/9	contiguous	20278	1	1	112243..112734+;163;TraS;0
NZ_CP095645.1	MPF_F	IncFIA;IncFII	143	0	0	GA	0															not_admitted	not_admitted	not_admitted	not_admitted	not_admitted	not_admitted	not_admitted	not_admitted	not_admitted	not_admitted	1	118;101766;102758;+;371.6	127;107823;109196;+;380.7	122;105489;105980;+;113.6	115;98130;100757;+;303.5	128;109193;112012;+;386.2	109;94544;95971;+;91.9	115;98130;100757;+;99.0	107;93263;93829;+;182.9	119;102767;103405;+;64.9	120;103402;105210;+;268.2	131;113548;115791;+;391.7	114;97099;97614;+;76.4	131;113548;115791;+;70.3	A	9/9	contiguous	20285	1	1	112037..112528+;163;TraS;0
NZ_CP095646.1	MPF_F	IncFIB(K);IncFII(K)	238	0	0	GA	0															not_admitted	not_admitted	not_admitted	not_admitted	not_admitted	not_admitted	not_admitted	not_admitted	not_admitted	not_admitted	1	182;172789;173781;-;366.6	172;165968;167338;-;381.2	176;168540;169292;-;232.4	185;174807;177446;-;258.7	171;163119;165968;-;344.2	194;181261;182685;-;89.2	185;174807;177446;-;88.8	196;183412;183978;-;167.0	181;172138;172776;-;67.0	180;170135;172141;-;259.0	167;158996;161305;-;393.1	192;180080;180649;-;49.7	167;158996;161305;-;66.6	A	9/9	contiguous	24416	1	1	162586..163116-;176;unnamed;0
NZ_CP095647.1	MPF_F	IncFII(K);IncFII(pAR0022);IncR	163	0	0	GA	0															not_admitted	not_admitted	not_admitted	not_admitted	not_admitted	not_admitted	not_admitted	not_admitted	not_admitted	not_admitted	1	58;42629;43618;+;366.6	68;49165;50532;+;384.1	64;47155;47907;+;233.7	54;38533;41172;+;258.5	69;50532;53354;+;346.4	47;34282;35706;+;89.3	54;38533;41172;+;88.7	45;32989;33555;+;169.3	59;43631;44269;+;66.9	60;44328;46283;+;259.4	73;55970;58282;+;393.1	48;35778;36362;+;54.7	73;55970;58282;+;66.6	A	9/9	contiguous	22981	1	1	53377..53979+;200;TraS;0
NZ_CP095648.1	MPF_F	IncFII	106	0	0	GA	0															not_admitted	not_admitted	not_admitted	not_admitted	not_admitted	not_admitted	not_admitted	not_admitted	not_admitted	not_admitted	1	82;68424;69416;+;369.5	92;75195;76568;+;381.7	87;72522;73265;+;234.4	79;64785;67415;+;304.1	93;76565;79387;+;374.0	72;60335;61786;+;94.2	79;64785;67415;+;97.1	70;59054;59620;+;174.3	84;69760;70398;+;68.6	85;70395;72245;+;266.1	97;81659;83893;+;391.1	75;62646;63161;+;78.4	97;81659;83893;+;70.3	A	9/9	contiguous	22605	1	1	79409..79888+;159;TraS;0
NZ_CP095649.1	MPF_F	IncFIB(pNDM-Mar);IncHI1B(pNDM-MAR)	263	0	0	GA	0															not_admitted	not_admitted	not_admitted	not_admitted	not_admitted	not_admitted	not_admitted	not_admitted	not_admitted	not_admitted	1	34;30884;31921;-;282.3	197;182875;184284;+;190.4	196;181848;182885;+;175.6	46;42753;45470;-;149.6	198;184286;188254;+;121.3	50;47583;48953;-;65.6	46;42753;45470;-;85.2	53;50599;51459;-;79.0	35;31918;33279;-;69.9	33;27689;30874;-;59.2	189;172523;174649;-;57.7	47;45515;46252;-;56.9	189;172523;174649;-;41.0	A	9/9	split_2	156597	0	1	
NZ_CP095650.1	MPF_F	IncFII	105	0	0	GA	0															not_admitted	not_admitted	not_admitted	not_admitted	not_admitted	not_admitted	not_admitted	not_admitted	not_admitted	not_admitted	1	81;68164;69156;+;369.5	91;74935;76308;+;381.7	86;72262;73005;+;234.4	78;64525;67155;+;304.1	92;76305;79127;+;374.0	71;60075;61526;+;94.2	78;64525;67155;+;97.1	69;58794;59360;+;174.3	83;69500;70138;+;68.6	84;70135;71985;+;266.1	96;81399;83651;+;391.1	74;62386;62901;+;78.4	96;81399;83651;+;70.3	A	9/9	contiguous	22605	1	1	79149..79628+;159;TraS;0
NZ_CP095654.1	MPF_F	IncFII(K);IncFII(pAR0022);IncR	161	0	0	GA	0															not_admitted	not_admitted	not_admitted	not_admitted	not_admitted	not_admitted	not_admitted	not_admitted	not_admitted	not_admitted	1	124;95909;96898;+;366.6	134;102445;103812;+;384.1	130;100435;101187;+;233.7	120;91813;94452;+;258.5	135;103812;106634;+;346.4	113;87562;88986;+;89.3	120;91813;94452;+;88.7	111;86269;86835;+;169.3	125;96911;97549;+;66.9	126;97608;99563;+;259.4	139;109250;111562;+;393.1	114;89058;89642;+;54.7	139;109250;111562;+;66.6	A	9/9	contiguous	22981	1	1	106657..107259+;200;TraS;0
NZ_CP095655.1	MPF_F	IncFII	108	0	0	GA	0															not_admitted	not_admitted	not_admitted	not_admitted	not_admitted	not_admitted	not_admitted	not_admitted	not_admitted	not_admitted	1	84;68798;69790;+;369.5	94;75569;76942;+;381.7	89;72896;73639;+;234.4	81;65159;67789;+;304.1	95;76939;79761;+;374.0	74;60709;62160;+;94.2	81;65159;67789;+;97.1	72;59428;59994;+;174.3	86;70134;70772;+;68.6	87;70769;72619;+;266.1	99;82033;84294;+;391.1	77;63020;63535;+;78.4	99;82033;84294;+;70.3	A	9/9	contiguous	22605	1	1	79783..80262+;159;TraS;0
NZ_CP095656.1	MPF_F	IncFII(29)	98	0	0	GA	0															not_admitted	not_admitted	not_admitted	not_admitted	not_admitted	not_admitted	not_admitted	not_admitted	not_admitted	not_admitted	1	65;55984;56976;+;369.5	78;63383;64756;+;385.6	72;60710;61453;+;234.4	62;52345;54975;+;300.9	79;64753;67518;+;386.6	50;46867;48294;+;94.0	62;52345;54975;+;101.1	48;45586;46152;+;182.3	67;57320;57958;+;68.6	70;58670;60433;+;267.3	82;69112;70293;+;194.2	55;49418;49942;+;67.6	83;70308;70619;+;51.6	A	9/9	contiguous	24722	1	1	67597..68094+;165;TraS;0
NZ_CP095659.1	MPF_F	IncFIB(pB171);IncFII	144	0	0	GA	0															not_admitted	not_admitted	not_admitted	not_admitted	not_admitted	not_admitted	not_admitted	not_admitted	not_admitted	not_admitted	1	66;63098;64090;-;372.1	55;55993;57366;-;380.7	60;58956;59699;-;233.3	69;65099;67726;-;303.5	54;53177;55996;-;386.2	74;69855;71306;-;94.6	69;65099;67726;-;100.3	76;72021;72587;-;183.2	65;62451;63089;-;68.6	62;59976;61739;-;267.9	51;49456;51645;-;391.8	70;68242;68757;-;79.0	51;49456;51645;-;70.4	A	9/9	contiguous	22565	1	1	52661..53152-;163;TraS;0
NZ_CP095660.1	MPF_F	IncFIA;IncFII	157	0	0	GA	0															not_admitted	not_admitted	not_admitted	not_admitted	not_admitted	not_admitted	not_admitted	not_admitted	not_admitted	not_admitted	1	130;105598;106590;+;369.5	141;112325;113698;+;382.9	135;109654;110397;+;234.4	127;101962;104589;+;300.9	142;113695;116514;+;385.4	121;98382;99809;+;93.9	127;101962;104589;+;101.1	119;97101;97667;+;182.7	132;106934;107572;+;70.7	133;107569;109377;+;267.1	148;120753;122969;+;380.8	125;100931;101446;+;76.0	148;120753;122969;+;66.5	A	9/9	contiguous	23652	1	1	116539..117030+;163;TraS;0
NZ_CP095661.1	MPF_F	IncFIB(K);IncFII(K);IncFII(pAR0022)	219	0	0	GA	0															not_admitted	not_admitted	not_admitted	not_admitted	not_admitted	not_admitted	not_admitted	not_admitted	not_admitted	not_admitted	1	183;179348;180337;-;366.6	173;172434;173801;-;384.1	177;175059;175811;-;233.7	187;181794;184433;-;258.5	172;169612;172434;-;346.4	197;188337;189761;-;89.5	187;181794;184433;-;88.7	199;190488;191054;-;167.0	182;178697;179335;-;66.9	181;176683;178638;-;259.4	168;164687;166996;-;393.1	195;187141;187725;-;53.8	168;164687;166996;-;66.6	A	9/9	contiguous	25801	1	1	168987..169589-;200;TraS;0
NZ_CP095662.1	MPF_F	IncHI2;IncHI2A	304	0	0	GA	0															not_admitted	not_admitted	not_admitted	not_admitted	not_admitted	not_admitted	not_admitted	not_admitted	not_admitted	not_admitted	1	65;57694;58752;-;276.9	189;172112;173527;+;194.1	188;171076;172122;+;173.7	83;79390;82071;-;167.8	190;173536;177486;+;101.6	87;84401;85756;-;80.7	83;79390;82071;-;72.2	90;87480;88268;-;74.8	67;58894;60405;-;62.7		182;161951;164035;-;56.7	84;82080;83030;-;46.4	182;161951;164035;-;38.8	B	8/9	split_3	115842	0	0	
NZ_CP095663.1	MPF_F	IncFII	110	0	0	GA	0															not_admitted	not_admitted	not_admitted	not_admitted	not_admitted	not_admitted	not_admitted	not_admitted	not_admitted	not_admitted	1	86;68791;69783;+;369.5	96;75562;76935;+;381.7	91;72889;73632;+;234.4	83;65152;67782;+;304.1	97;76932;79754;+;374.0	76;60702;62153;+;94.2	83;65152;67782;+;97.1	74;59421;59987;+;174.3	88;70127;70765;+;68.6	89;70762;72612;+;266.1	101;82026;84305;+;391.0	79;63013;63528;+;78.4	101;82026;84305;+;70.3	A	9/9	contiguous	22605	1	1	79776..80255+;159;TraS;0
NZ_CP095665.1	MPF_F	IncFIB(pB171);IncFII	142	0	0	GA	0															not_admitted	not_admitted	not_admitted	not_admitted	not_admitted	not_admitted	not_admitted	not_admitted	not_admitted	not_admitted	1	63;58065;59057;-;372.1	52;50960;52333;-;380.7	57;53923;54666;-;233.3	66;60066;62693;-;303.5	51;48144;50963;-;386.2	71;64822;66273;-;94.6	66;60066;62693;-;100.3	73;66988;67554;-;183.2	62;57418;58056;-;68.6	59;54943;56706;-;267.9	48;44423;46612;-;391.8	67;63209;63724;-;79.0	48;44423;46612;-;70.4	A	9/9	contiguous	22565	1	1	47628..48119-;163;TraS;0
NZ_CP095666.1	MPF_F	IncFII	118	0	0	GA	0															not_admitted	not_admitted	not_admitted	not_admitted	not_admitted	not_admitted	not_admitted	not_admitted	not_admitted	not_admitted	1	94;73577;74569;+;369.5	104;80429;81718;+;382.5	99;77675;78418;+;234.4	91;69938;72568;+;302.9	105;81715;84537;+;373.1	84;65488;66939;+;94.2	91;69938;72568;+;97.1	82;64207;64773;+;174.3	96;74913;75551;+;68.6	97;75548;77398;+;264.8	109;86809;89034;+;391.1	87;67799;68314;+;78.4	109;86809;89034;+;70.3	A	9/9	contiguous	22602	1	1	84559..85038+;159;TraS;0
NZ_CP095667.1	MPF_F	IncFIB(pNDM-Mar);IncHI1B(pNDM-MAR)	326	0	0	GA	0															not_admitted	not_admitted	not_admitted	not_admitted	not_admitted	not_admitted	not_admitted	not_admitted	not_admitted	not_admitted	1	256;234395;235432;-;282.3	122;105490;106899;+;190.4	121;104463;105500;+;175.6	268;246264;248981;-;149.6	123;106901;110869;+;121.3	272;251094;252464;-;65.6	268;246264;248981;-;85.2	275;254110;254970;-;79.0	257;235429;236790;-;69.9	255;231200;234385;-;59.2	114;95138;97264;-;57.7	269;249026;249763;-;56.9	114;95138;97264;-;41.0	A	9/9	split_2	158972	0	1	
NZ_CP095668.1	MPF_T	IncX3	58	0	0	GA	1	32;23900;24544;+;46.4	33;24528;24818;+;73.1	34;24843;27596;+;47.0	34;24843;27596;+;142.4	34;24843;27596;+;73.3	35;27606;28376;+;60.1	37;28655;29710;+;133.2		38;29905;30633;+;119.4	39;30639;31568;+;138.8	40;31565;32779;+;128.3	42;32975;34009;+;65.7	43;34012;35847;+;495.9		pfam	pfam_only	A	7/7	canonical	1	1	unscoreable	2	0	0														not_admitted	not_admitted	not_admitted	not_admitted	not_admitted	not_admitted	not_admitted
NZ_CP095669.1	MPF_F	IncFII	107	0	0	GA	0															not_admitted	not_admitted	not_admitted	not_admitted	not_admitted	not_admitted	not_admitted	not_admitted	not_admitted	not_admitted	1	83;68946;69938;+;369.5	93;75717;77090;+;381.7	88;73044;73787;+;234.4	80;65307;67937;+;304.1	94;77087;79909;+;374.0	73;60857;62308;+;94.2	80;65307;67937;+;97.1	71;59576;60142;+;174.3	85;70282;70920;+;68.6	86;70917;72767;+;266.1	98;82181;84442;+;391.1	76;63168;63683;+;78.4	98;82181;84442;+;70.3	A	9/9	contiguous	22605	1	1	79931..80410+;159;TraS;0
NZ_CP095670.1	MPF_F	IncFII	108	0	0	GA	0															not_admitted	not_admitted	not_admitted	not_admitted	not_admitted	not_admitted	not_admitted	not_admitted	not_admitted	not_admitted	1	83;68803;69795;+;369.5	93;75574;76947;+;381.7	88;72901;73644;+;234.4	80;65164;67794;+;304.1	94;76944;79766;+;374.0	73;60714;62165;+;94.2	80;65164;67794;+;97.1	71;59433;59999;+;174.3	85;70139;70777;+;68.6	86;70774;72624;+;266.1	98;82038;84308;+;391.1	76;63025;63540;+;78.4	98;82038;84308;+;70.3	A	9/9	contiguous	22605	1	1	79788..80267+;159;TraS;0
NZ_CP095671.1	MPF_F	IncHI1A;IncHI1B(R27)	261	0	0	GA	0															not_admitted	not_admitted	not_admitted	not_admitted	not_admitted	not_admitted	not_admitted	not_admitted	not_admitted	not_admitted	1	15;14857;15909;+;277.6	192;177153;178568;-;201.5	193;178558;179604;-;172.2	256;233906;236587;+;160.6	191;173155;177144;-;102.8	252;230200;231558;+;84.0	256;233906;236587;+;76.5	249;227748;228533;+;68.7	13;13204;14712;+;65.6	16;15932;19108;+;58.9	199;186539;188623;+;50.2	255;232947;233897;+;45.2	199;186539;188623;+;36.5	A	9/9	split_3	220702	0	1	
NZ_CP095672.1	MPF_T	IncX3	71	0	0	GA	1	40;30161;30805;+;46.5	41;30789;31079;+;73.1	42;31104;33857;+;47.0	42;31104;33857;+;145.4	42;31104;33857;+;73.3	43;33867;34637;+;60.1	45;34916;35971;+;133.2		46;36166;36894;+;119.4	47;36900;37829;+;138.8	48;37826;39040;+;128.3	50;39236;40270;+;65.7	51;40273;42108;+;495.9		pfam	pfam_only	A	7/7	canonical	1	1	unscoreable	2	0	0														not_admitted	not_admitted	not_admitted	not_admitted	not_admitted	not_admitted	not_admitted
NZ_CP095673.1	MPF_F	IncFIB(pB171);IncFII(Yp);IncFII(pAR0022)	184	0	0	GA	0															not_admitted	not_admitted	not_admitted	not_admitted	not_admitted	not_admitted	not_admitted	not_admitted	not_admitted	not_admitted	1	114;89161;90147;+;369.4	122;94860;96230;+;376.7	118;92894;93643;+;218.2	111;85537;88167;+;285.5	123;96230;99052;+;336.5	105;82115;83509;+;89.4	111;85537;88167;+;98.6	103;80832;81398;+;169.9	115;90164;90793;+;66.9	116;90790;92643;+;260.5	126;100388;102634;+;384.7	106;83531;84070;+;67.5	126;100388;102634;+;63.8	A	9/9	contiguous	19556	1	1	99074..99505+;143;TraS;0
NZ_CP095674.1	MPF_F	IncHI1A;IncHI1B(R27)	199	0	0	GA	0															not_admitted	not_admitted	not_admitted	not_admitted	not_admitted	not_admitted	not_admitted	not_admitted	not_admitted	not_admitted	1	15;14857;15909;+;277.6			195;173862;176543;+;160.6		190;170155;171513;+;84.0	195;173862;176543;+;76.5	187;167703;168488;+;68.7	13;13204;14712;+;65.6	16;15932;19108;+;58.9		194;173605;173853;+;35.7		C	6/9	split_2	160658	0	1	
NZ_CP095675.1	MPF_T	IncX3	58	0	0	GA	1	12;6868;7512;+;46.4	13;7496;7786;+;73.1	14;7811;10564;+;47.0	14;7811;10564;+;142.4	14;7811;10564;+;73.3	15;10574;11344;+;60.1	17;11623;12678;+;133.2		18;12873;13601;+;119.4	19;13607;14536;+;138.8	20;14533;15747;+;128.3	22;15943;16977;+;65.7	23;16980;18815;+;495.9		pfam	pfam_only	A	7/7	canonical	1	1	unscoreable	2	0	0														not_admitted	not_admitted	not_admitted	not_admitted	not_admitted	not_admitted	not_admitted
NZ_CP095676.1	MPF_F	IncC	327	0	0	GA	0															not_admitted	not_admitted	not_admitted	not_admitted	not_admitted	not_admitted	not_admitted	not_admitted	not_admitted	not_admitted	1	97;73480;74487;+;332.9	316;276371;277804;+;339.2	315;275341;276369;+;221.7	92;68281;70728;+;354.2	317;277817;281431;+;375.3	79;53771;55087;+;135.0	92;68281;70728;+;128.6	77;52247;52873;+;92.1	95;71550;72815;+;67.6	98;74603;77398;+;145.3	68;46572;48437;+;47.4	80;55084;55662;+;100.2	68;46572;48437;+;52.0	A	9/9	split_2	231245	0	1	
NZ_CP095678.1	MPF_T	IncX3	58	0	0	GA	1	45;33811;34455;+;46.4	46;34439;34729;+;73.1	47;34754;37507;+;47.0	47;34754;37507;+;142.4	47;34754;37507;+;73.3	48;37517;38287;+;60.1	50;38566;39621;+;133.2		51;39816;40544;+;119.4	52;40550;41479;+;138.8	53;41476;42690;+;128.3	55;42886;43920;+;65.7	56;43923;45758;+;495.9		pfam	pfam_only	A	7/7	canonical	1	1	unscoreable	2	0	0														not_admitted	not_admitted	not_admitted	not_admitted	not_admitted	not_admitted	not_admitted
NZ_CP095680.1	MPF_F	IncFIB(pQil);IncFII(K)	148	0	0	GA	0															not_admitted	not_admitted	not_admitted	not_admitted	not_admitted	not_admitted	not_admitted	not_admitted	not_admitted	not_admitted	1	123;92926;93915;+;366.0	133;99462;100829;+;384.6	129;97452;98204;+;233.7	119;88830;91469;+;258.5	134;100829;103678;+;345.0	112;84579;86003;+;89.3	119;88830;91469;+;88.7	110;83286;83852;+;169.3	124;93928;94566;+;67.0	125;94625;96580;+;259.2	138;106142;108454;+;393.2	113;86075;86659;+;54.9	138;106142;108454;+;65.8	A	9/9	contiguous	22856	1	1	103681..104211+;176;unnamed;0
NZ_CP095681.1	MPF_F	IncFII	108	0	0	GA	0															not_admitted	not_admitted	not_admitted	not_admitted	not_admitted	not_admitted	not_admitted	not_admitted	not_admitted	not_admitted	1	82;68803;69795;+;369.5	93;75573;76946;+;381.7	87;72901;73644;+;234.4	79;65164;67794;+;304.1	94;76943;79765;+;374.0	72;60714;62165;+;94.2	79;65164;67794;+;97.1	70;59433;59999;+;174.3	84;70139;70777;+;68.6	85;70774;72624;+;266.1	98;82037;84298;+;391.1	75;63025;63540;+;78.4	98;82037;84298;+;70.3	A	9/9	contiguous	22604	1	1	79787..80266+;159;TraS;0
NZ_CP095682.1	MPF_F	IncFIB(pQil);IncFII(K);IncFII(pAR0022)	175	0	0	GA	0															not_admitted	not_admitted	not_admitted	not_admitted	not_admitted	not_admitted	not_admitted	not_admitted	not_admitted	not_admitted	1	119;124182;125171;-;366.6	109;117268;118635;-;384.1	113;119893;120645;-;233.7	123;126628;129267;-;258.5	108;114446;117268;-;346.6	130;132094;133518;-;89.3	123;126628;129267;-;88.7	132;134245;134811;-;169.3	118;123531;124169;-;66.9	117;121517;123472;-;259.4	104;109518;111830;-;393.1	129;131438;132022;-;54.7	104;109518;111830;-;66.6	A	9/9	contiguous	24727	1	1	113821..114423-;200;TraS;0
NZ_CP095683.1	MPF_F	IncFII	106	0	0	GA	0															not_admitted	not_admitted	not_admitted	not_admitted	not_admitted	not_admitted	not_admitted	not_admitted	not_admitted	not_admitted	1	82;68809;69801;+;369.5	92;75580;76953;+;381.7	87;72907;73650;+;234.4	79;65170;67800;+;304.1	93;76950;79772;+;374.0	72;60720;62171;+;94.2	79;65170;67800;+;97.1	70;59439;60005;+;174.3	84;70145;70783;+;68.6	85;70780;72630;+;266.1	97;82044;84278;+;391.1	75;63031;63546;+;78.4	97;82044;84278;+;70.3	A	9/9	contiguous	22605	1	1	79794..80273+;159;TraS;0
NZ_CP095685.1	MPF_T	IncX3	59	0	0	GA	1	54;42419;43063;-;46.4	53;42145;42435;-;73.1	52;39367;42120;-;47.0	52;39367;42120;-;142.4	52;39367;42120;-;73.3	51;38587;39357;-;60.1	49;37253;38308;-;133.2		48;36330;37058;-;119.4	47;35395;36324;-;138.8	46;34184;35398;-;128.3	44;32954;33988;-;65.7	43;31116;32951;-;495.9		pfam	pfam_only	A	7/7	canonical	1	1	unscoreable	2	0	0														not_admitted	not_admitted	not_admitted	not_admitted	not_admitted	not_admitted	not_admitted
NZ_CP095734.1	-	-	245	0	0	GA	0															not_admitted	not_admitted	not_admitted	not_admitted	not_admitted	not_admitted	not_admitted	not_admitted	not_admitted	not_admitted	1	218;197362;198345;-;179.9			220;198757;201483;-;256.9	215;194061;195626;-;106.3						230;206625;208682;-;30.9		230;206625;208682;-;39.0	D	3/9	contiguous	12564	0	0	
NZ_CP095763.1	MPF_F	IncC	181	0	0	GA	0															not_admitted	not_admitted	not_admitted	not_admitted	not_admitted	not_admitted	not_admitted	not_admitted	not_admitted	not_admitted	1	102;77951;78958;+;332.9	164;129379;130812;+;339.2	163;128349;129377;+;221.7	97;72752;75199;+;354.5	165;130825;134439;+;374.5	92;63880;65196;+;135.0	97;72752;75199;+;128.3	90;62356;62982;+;92.7	100;76021;77286;+;67.9	103;79074;81872;+;145.3	81;56681;58546;+;47.3	93;65193;65771;+;100.2	81;56681;58546;+;52.0	A	9/9	split_2	74144	0	1	
NZ_CP095777.1	MPF_F	IncC;IncFIB(K);IncFII(K)	399	0	0	GA	0															not_admitted	not_admitted	not_admitted	not_admitted	not_admitted	not_admitted	not_admitted	not_admitted	not_admitted	not_admitted	1	279;234980;235969;+;366.0	289;241516;242883;+;380.7	285;239506;240258;+;233.7	97;75318;77765;+;354.2	389;353770;357384;+;375.3	86;62007;63323;+;135.0	97;75318;77765;+;128.6	265;224924;225490;+;169.3	100;78587;79852;+;67.6	281;236679;238634;+;259.7	294;248218;250530;+;392.7	87;63320;63898;+;100.2	294;248218;250530;+;66.5	A	9/9	split_3	291763	0	1	
NZ_CP095778.1	MPF_F	IncFIB(pQil);IncFII(K)	132	0	0	GA	0															not_admitted	not_admitted	not_admitted	not_admitted	not_admitted	not_admitted	not_admitted	not_admitted	not_admitted	not_admitted	1	80;74614;75606;-;366.6	71;67794;69164;-;381.2	74;70116;71117;-;206.2	83;76632;79271;-;258.7	70;64945;67794;-;344.2	92;83086;84510;-;89.2	83;76632;79271;-;88.8	94;85237;85827;-;164.5	79;73963;74601;-;67.0	78;71960;73966;-;259.0	66;60822;63131;-;393.2	90;81905;82474;-;49.7	66;60822;63131;-;65.8	A	9/9	contiguous	24415	1	1	64412..64942-;176;unnamed;0
NZ_CP095779.1	MPF_T	ColKP3;IncX3	66	0	0	GA	1	9;8710;9354;-;46.4	8;8436;8726;-;73.1	7;5658;8411;-;47.0	7;5658;8411;-;142.4	7;5658;8411;-;73.3	6;4878;5648;-;60.1	4;3544;4599;-;132.8		3;2621;3349;-;119.4	2;1686;2615;-;138.8	1;475;1689;-;128.3	65;50723;51445;-;66.6	64;48885;50720;-;495.9		pfam	pfam_only	A	7/7	canonical	1	1	unscoreable	1	0	0														not_admitted	not_admitted	not_admitted	not_admitted	not_admitted	not_admitted	not_admitted
NZ_CP095781.1	MPF_F	IncC;IncFIB(K);IncFII(K)	403	0	0	GA	0															not_admitted	not_admitted	not_admitted	not_admitted	not_admitted	not_admitted	not_admitted	not_admitted	not_admitted	not_admitted	1	225;201847;202836;-;366.0	215;194933;196300;-;380.7	219;197558;198310;-;233.7	93;72034;74481;+;354.2	393;353844;357458;+;375.3	82;58723;60039;+;135.0	93;72034;74481;+;128.6	239;212326;212892;-;169.3	96;75303;76568;+;67.6	223;199182;201137;-;259.7	210;187286;189598;-;392.7	83;60036;60614;+;100.2	210;187286;189598;-;66.5	A	9/9	split_3	295121	0	1	
NZ_CP095782.1	MPF_F	IncFIB(pQil);IncFII(K)	136	0	0	GA	0															not_admitted	not_admitted	not_admitted	not_admitted	not_admitted	not_admitted	not_admitted	not_admitted	not_admitted	not_admitted	1	84;82641;83633;-;366.6	73;75821;76726;-;184.6	78;78392;79144;-;232.4	87;84659;87298;-;258.7	72;72979;75828;-;344.2	96;91113;92537;-;89.2	87;84659;87298;-;88.8	98;93264;93854;-;164.5	83;81990;82628;-;67.0	82;79987;81993;-;259.0	68;68856;71165;-;393.2	94;89932;90501;-;49.7	68;68856;71165;-;65.8	A	9/9	contiguous	24408	1	1	72446..72976-;176;unnamed;0
NZ_CP095783.1	MPF_T	ColKP3;IncX3	67	0	0	GA	1	2;1115;1759;+;46.4	3;1743;2033;+;73.1	4;2058;4811;+;47.0	4;2058;4811;+;142.4	4;2058;4811;+;73.3	5;4821;5591;+;60.1	7;5870;6925;+;132.8		8;7120;7848;+;119.4	9;7854;8783;+;138.8	10;8780;9994;+;128.3	12;10190;11224;+;65.7	13;11227;13062;+;495.9		pfam	pfam_only	A	7/7	canonical	1	1	unscoreable	2	0	0														not_admitted	not_admitted	not_admitted	not_admitted	not_admitted	not_admitted	not_admitted
NZ_CP095787.1	MPF_F	IncHI2;IncHI2A	253	0	0	GA	0															not_admitted	not_admitted	not_admitted	not_admitted	not_admitted	not_admitted	not_admitted	not_admitted	not_admitted	not_admitted	1	30;32544;33602;+;276.9	172;158212;159627;-;194.1	173;159617;160663;-;174.3	11;8955;11636;+;168.0	171;154250;158203;-;101.7	7;5270;6625;+;80.7	11;8955;11636;+;72.2	4;2758;3546;+;74.8	28;30891;32402;+;61.8	31;33621;36809;+;57.3	180;167705;169789;+;56.8	10;7996;8946;+;46.1	180;167705;169789;+;38.8	A	9/9	split_3	164947	1	1	152780..154069-;429;unnamed;0
NZ_CP095789.1	MPF_F	IncFIB(AP001918);IncFII	143	0	0	GA	0															not_admitted	not_admitted	not_admitted	not_admitted	not_admitted	not_admitted	not_admitted	not_admitted	not_admitted	not_admitted	1	92;85567;86559;-;369.3	81;78144;79517;-;381.0	86;81107;81850;-;235.0	95;87568;90195;-;304.6	80;75325;78147;-;389.2	101;92347;93774;-;94.3	95;87568;90195;-;99.2	103;94489;95055;-;183.8	89;83932;84570;-;68.6	88;82127;83935;-;268.0	77;71620;73791;-;391.6	97;90711;91226;-;78.4	77;71620;73791;-;70.4	A	9/9	contiguous	22869	1	1	74807..75304-;165;TraS;0
NZ_CP095792.1	MPF_T	IncI2	72	0	0	GA	1	33;30844;31326;-;81.1		48;46922;47206;-;36.6	47;44559;46916;-;58.5	47;44559;46916;-;42.8	60;52659;53300;-;42.8	61;53306;54301;-;128.5		45;43659;44393;-;144.3	44;42892;43662;-;170.5	43;41763;42902;-;154.7	36;33094;34632;-;207.1	41;38715;40673;-;289.6		pfam	pfam_only	A	7/7	rearranged	1	0	unscoreable	17	1	0														not_admitted	not_admitted	not_admitted	not_admitted	not_admitted	not_admitted	not_admitted
NZ_CP095844.1	MPF_F	IncFIA(HI1);IncHI1A;IncHI1B(R27)	214	0	0	GA	0															not_admitted	not_admitted	not_admitted	not_admitted	not_admitted	not_admitted	not_admitted	not_admitted	not_admitted	not_admitted	1	15;14859;15911;+;277.6	118;108668;110083;-;201.7	119;110073;111119;-;171.3	212;183443;186124;+;160.6	117;104670;108659;-;103.1	208;179737;181095;+;84.0	212;183443;186124;+;76.5	205;177285;178070;+;68.7	13;13206;14714;+;65.6	16;15934;19110;+;58.9	125;118054;120138;+;50.2	211;182484;183434;+;45.2	125;118054;120138;+;36.5	A	9/9	split_3	170237	0	1	
NZ_CP095857.1	MPF_F	IncHI2;IncHI2A	252	0	0	GA	0															not_admitted	not_admitted	not_admitted	not_admitted	not_admitted	not_admitted	not_admitted	not_admitted	not_admitted	not_admitted	1	32;33871;34929;+;276.5			13;10305;12986;+;168.0	111;108237;111302;+;54.0	9;6620;7975;+;80.7	13;10305;12986;+;72.2	6;4108;4896;+;74.8	30;32218;33729;+;62.0	33;34948;38136;+;57.3		12;9346;10296;+;46.1		C	7/9	split_3	104129	1	1	111483..112772+;429;unnamed;0
NZ_CP095924.1	MPF_F	-	339	0	0	GA	0															not_admitted	not_admitted	not_admitted	not_admitted	not_admitted	not_admitted	not_admitted	not_admitted	not_admitted	not_admitted	1	274;196710;197747;+;309.9	297;218735;220186;+;263.4	296;217734;218735;+;228.3	293;214074;216521;+;162.0	298;220196;224392;+;228.9	290;211781;212983;+;119.4	293;214074;216521;+;109.7	288;210304;210936;+;109.1	275;197695;198426;+;100.8	307;232318;233910;+;237.6	284;206433;208193;-;33.2	291;212998;213606;+;79.0	284;206433;208193;-;25.1	A	9/9	contiguous	35608	0	1	
NZ_CP096119.1	MPF_F	IncHI2;IncHI2A;IncN	252	0	0	GA	0															not_admitted	not_admitted	not_admitted	not_admitted	not_admitted	not_admitted	not_admitted	not_admitted	not_admitted	not_admitted	1	160;149619;150677;+;276.9	49;45244;46659;-;194.1	50;46649;47695;-;174.3	144;127366;130047;+;168.0	48;41282;45235;-;101.6	140;123681;125036;+;80.7	144;127366;130047;+;72.2	137;121169;121957;+;74.8	158;147966;149477;+;62.0	161;150696;153884;+;57.3	57;54737;56821;+;56.8	143;126407;127357;+;46.1	57;54737;56821;+;38.8	A	9/9	split_3	109414	1	1	39812..41101-;429;unnamed;0
NZ_CP096164.1	MPF_F	IncC	195	0	0	GA	0															not_admitted	not_admitted	not_admitted	not_admitted	not_admitted	not_admitted	not_admitted	not_admitted	not_admitted	not_admitted	1	115;89801;90808;+;332.9	184;154854;156287;+;339.2	183;153824;154852;+;221.7	110;84602;87049;+;354.5	185;156300;159914;+;374.5	105;75730;77046;+;135.0	110;84602;87049;+;128.3	103;74206;74832;+;92.7	113;87871;89136;+;67.9	116;90924;93722;+;145.3	94;68531;70396;+;47.3	106;77043;77621;+;100.2	94;68531;70396;+;52.0	A	9/9	split_2	87769	0	1	
NZ_CP096167.1	MPF_F	IncC	171	0	0	GA	0															not_admitted	not_admitted	not_admitted	not_admitted	not_admitted	not_admitted	not_admitted	not_admitted	not_admitted	not_admitted	1	44;38410;39417;+;332.9	106;89838;91271;+;339.2	105;88808;89836;+;221.7	39;33211;35658;+;354.5	107;91284;94898;+;374.5	34;24339;25655;+;135.0	39;33211;35658;+;128.3	32;22815;23441;+;92.7	42;36480;37745;+;67.9	45;39533;42331;+;145.3	23;17140;19005;+;47.3	35;25652;26230;+;100.2	23;17140;19005;+;52.0	A	9/9	split_2	74144	0	1	
NZ_CP096170.1	MPF_F	IncC	188	0	0	GA	0															not_admitted	not_admitted	not_admitted	not_admitted	not_admitted	not_admitted	not_admitted	not_admitted	not_admitted	not_admitted	1	115;89801;90808;+;332.9	177;141112;142545;+;339.2	176;140082;141110;+;221.7	110;84602;87049;+;354.5	178;142558;146172;+;374.5	105;75730;77046;+;135.0	110;84602;87049;+;128.3	103;74206;74832;+;92.7	113;87871;89136;+;67.9	116;90924;93722;+;145.3	94;68531;70396;+;47.3	106;77043;77621;+;100.2	94;68531;70396;+;52.0	A	9/9	split_2	74027	0	1	
NZ_CP096177.1	MPF_T	ColKP3;IncX3	67	0	0	GA	1	27;18230;18874;+;46.4	28;18858;19148;+;73.1	29;19173;21926;+;47.0	29;19173;21926;+;142.4	29;19173;21926;+;73.3	30;21936;22706;+;60.1	32;22985;24040;+;132.8		33;24235;24963;+;119.4	34;24969;25898;+;138.8	35;25895;27109;+;128.3	37;27305;28339;+;65.7	38;28342;30177;+;495.9		pfam	pfam_only	A	7/7	canonical	1	1	unscoreable	2	0	0														not_admitted	not_admitted	not_admitted	not_admitted	not_admitted	not_admitted	not_admitted
NZ_CP096178.1	MPF_F	ColKP3;IncFII(pCoo)	95	0	0	GA	0															not_admitted	not_admitted	not_admitted	not_admitted	not_admitted	not_admitted	not_admitted	not_admitted	not_admitted	not_admitted	1	67;52429;53421;+;369.5	79;59441;60814;+;388.1	73;56770;57513;+;234.1	64;48790;51420;+;300.9	80;60811;63636;+;382.8	56;44102;45529;+;93.9	64;48790;51420;+;101.1	54;42821;43387;+;182.3	70;54050;54688;+;69.8	71;54685;56493;+;267.9	84;65878;68085;+;380.8	60;46651;47166;+;77.9	84;65878;68085;+;66.5	A	9/9	contiguous	23057	1	1	63633..64142+;169;unnamed;0
NZ_CP096179.1	MPF_T	IncX3	57	0	0	GA	1	4;4694;5338;-;46.4	3;4420;4710;-;73.1	2;1642;4395;-;47.0	2;1642;4395;-;142.4	2;1642;4395;-;73.3	1;862;1632;-;60.1			55;43727;44455;-;119.4	54;42792;43721;-;138.8	53;41581;42795;-;128.3	51;40351;41385;-;65.7	50;38513;40348;-;495.9		pfam	pfam_only	B	6/7	uncallable	0	1	unscoreable	1	0	0														not_admitted	not_admitted	not_admitted	not_admitted	not_admitted	not_admitted	not_admitted
NZ_CP096180.1	MPF_F	IncC	222	0	0	GA	0															not_admitted	not_admitted	not_admitted	not_admitted	not_admitted	not_admitted	not_admitted	not_admitted	not_admitted	not_admitted	1	94;68135;69142;+;332.9	211;172417;173850;+;339.2	210;171387;172415;+;221.7	89;62936;65383;+;354.2	212;173863;177477;+;375.3	84;54109;55425;+;135.0	89;62936;65383;+;128.6	82;52585;53211;+;92.1	92;66205;67470;+;67.6	95;69258;72053;+;145.3	73;46910;48775;+;47.4	85;55422;56000;+;100.2	73;46910;48775;+;52.0	A	9/9	split_2	126953	0	1	
NZ_CP096181.1	MPF_F	IncFII	92	0	0	GA	0															not_admitted	not_admitted	not_admitted	not_admitted	not_admitted	not_admitted	not_admitted	not_admitted	not_admitted	not_admitted	1	69;66815;67807;+;369.3	78;72869;74242;+;381.0	73;70506;71279;+;234.0	66;63176;65806;+;303.5	79;74239;77064;+;386.0	59;58471;59898;+;94.3	66;63176;65806;+;98.5	57;57190;57756;+;183.8	70;67816;68454;+;68.7	71;68451;70259;+;268.0	82;78564;80780;+;391.7	63;61026;61541;+;78.6	82;78564;80780;+;70.3	A	9/9	contiguous	21374	1	1	77061..77330+;89;unnamed;0
NZ_CP096188.1	MPF_F	IncFII(pAR0022);IncFII(pSFO)	123	0	0	GA	0															not_admitted	not_admitted	not_admitted	not_admitted	not_admitted	not_admitted	not_admitted	not_admitted	not_admitted	not_admitted	1	99;90887;91873;+;370.3	106;96196;97569;+;375.9	103;94647;95396;+;218.8	96;87263;89893;+;285.5	107;97569;100391;+;336.0	90;83736;85130;+;91.0	96;87263;89893;+;98.1	88;82453;83019;+;170.3	100;91890;92519;+;64.9	101;92516;94396;+;260.5	110;101727;103976;+;382.1	91;85152;85691;+;66.1	110;101727;103976;+;63.6	A	9/9	contiguous	19274	1	1	100413..100844+;143;TraS;0
NZ_CP096190.1	MPF_T	IncN	94	0	0	GA	1	16;11826;12563;+;32.0		19;13206;13523;+;63.3	20;13523;16123;+;111.8	20;13523;16123;+;76.4	21;16141;16854;+;105.5	23;17105;18145;+;142.4		24;18364;19062;+;131.9	25;19073;19957;+;159.7	26;19957;21117;+;156.3	27;21159;22154;+;81.2	73;58268;59797;-;38.5		pfam	both	A	7/7	canonical	1	0	unscoreable	3	0	0														not_admitted	not_admitted	not_admitted	not_admitted	not_admitted	not_admitted	not_admitted
NZ_CP096229.1	MPF_T	-	66	0	0	GA	1	33;33079;33981;-;38.9	44;42819;43196;-;71.2	43;42523;42822;-;50.8	42;39867;42536;-;66.0	42;39867;42536;-;82.7	41;39202;39864;-;70.7	38;37701;38567;-;148.5		37;37030;37704;-;92.1	36;36223;37005;-;199.4	35;35001;36221;-;174.5	34;33968;34990;-;112.7	27;26776;28350;+;70.4		pfam	both	A	7/7	canonical	1	0	unscoreable	7	0	0														not_admitted	not_admitted	not_admitted	not_admitted	not_admitted	not_admitted	not_admitted
NZ_CP096232.1	MPF_F	IncFII(pBK30683);repB(R1701)	135	0	0	GA	0															not_admitted	not_admitted	not_admitted	not_admitted	not_admitted	not_admitted	not_admitted	not_admitted	not_admitted	not_admitted	1	81;74765;75754;-;366.0	71;67851;69218;-;384.0	75;70476;71228;-;233.7	85;77211;79850;-;258.5	70;65002;67851;-;346.4	91;82680;84104;-;89.2	85;77211;79850;-;88.7	93;84831;85397;-;169.3	80;74114;74752;-;67.0	79;72100;74055;-;259.7	66;60226;62538;-;390.0	90;82023;82607;-;54.5	66;60226;62538;-;64.0	A	9/9	contiguous	24605	1	1	64466..64999-;177;unnamed;0
NZ_CP096236.1	MPF_F	IncFII(pBK30683);repB(R1701)	125	0	0	GA	0															not_admitted	not_admitted	not_admitted	not_admitted	not_admitted	not_admitted	not_admitted	not_admitted	not_admitted	not_admitted	1	71;63209;64198;-;367.4	61;56295;57662;-;384.0	65;58920;59672;-;233.7	75;65655;68294;-;258.5	60;53446;56295;-;346.4	81;71124;72548;-;89.2	75;65655;68294;-;88.7	83;73275;73841;-;169.3	70;62558;63196;-;67.0	69;60544;62499;-;259.7	56;48670;50982;-;390.0	80;70467;71051;-;54.5	56;48670;50982;-;64.0	A	9/9	contiguous	24605	1	1	52910..53443-;177;unnamed;0
NZ_CP096240.1	MPF_F	IncFII(K);repB(R1701)	120	0	0	GA	0															not_admitted	not_admitted	not_admitted	not_admitted	not_admitted	not_admitted	not_admitted	not_admitted	not_admitted	not_admitted	1	63;56267;57256;-;366.6	53;49353;50720;-;384.0	57;51978;52730;-;233.7	67;58699;61338;-;258.5	52;46504;49353;-;346.4	74;64531;65955;-;89.2	67;58699;61338;-;88.2	76;66682;67248;-;169.3	62;55616;56254;-;66.9	61;53602;55557;-;259.7	48;41730;44042;-;393.1	73;63833;64417;-;53.6	48;41730;44042;-;66.6	A	9/9	contiguous	24952	1	1	45968..46501-;177;unnamed;0
NZ_CP096241.1	MPF_T	IncN	77	0	0	GA	1	27;24641;25375;-;32.5		24;23681;23998;-;63.3	23;21081;23681;-;113.8	23;21081;23681;-;76.4	22;20350;21063;-;105.5	20;19059;20099;-;142.4		19;18142;18840;-;131.9	18;17247;18131;-;159.7	17;16087;17247;-;156.3	16;15050;16045;-;81.2	54;47079;48608;-;38.5		pfam	both	A	7/7	canonical	1	0	unscoreable	3	0	0														not_admitted	not_admitted	not_admitted	not_admitted	not_admitted	not_admitted	not_admitted
NZ_CP096244.1	MPF_F	IncFII(pBK30683);repB(R1701)	108	0	0	GA	0															not_admitted	not_admitted	not_admitted	not_admitted	not_admitted	not_admitted	not_admitted	not_admitted	not_admitted	not_admitted	1	70;65155;66144;-;366.0	60;58241;59608;-;384.0	64;60866;61618;-;233.7	74;67601;70240;-;258.5	59;55392;58241;-;346.4	80;73070;74494;-;89.2	74;67601;70240;-;88.7	82;75221;75787;-;169.3	69;64504;65142;-;67.0	68;62490;64445;-;259.7	55;50621;52930;-;393.1	79;72413;72997;-;54.5	55;50621;52930;-;66.6	A	9/9	contiguous	24600	1	1	54856..55389-;177;unnamed;0
NZ_CP096252.1	MPF_T	-	317	0	0	GA	1		46;45234;45530;+;95.3	47;45530;45868;+;109.2	48;45861;48227;+;172.5	48;45861;48227;+;109.2	49;48224;48946;+;151.7	51;49200;50186;+;162.9		53;50538;51209;+;191.0	54;51206;52057;+;181.9	55;52069;53214;+;173.7	56;53211;54242;+;101.3	57;54208;56154;+;373.4		pfam	both	A	7/7	canonical	1	0	unscoreable	2	0	0														not_admitted	not_admitted	not_admitted	not_admitted	not_admitted	not_admitted	not_admitted
NZ_CP096253.1	MPF_T	-	190	0	0	GA	1		2;2788;3168;+;75.8	3;3161;3460;+;60.8	4;3470;5923;+;166.8	4;3470;5923;+;128.4	5;5895;6713;+;52.9	6;6707;7894;+;105.4		7;7910;8572;+;132.8	8;8590;9414;+;187.9	10;9897;11192;+;221.8	1;1830;2798;+;132.0	39;36873;38852;-;518.4		conjscan	conjscan_only	A	7/7	canonical	1	0	unscoreable	2	0	0														not_admitted	not_admitted	not_admitted	not_admitted	not_admitted	not_admitted	not_admitted
NZ_CP096254.1	-	-	67	0	0	GA	1		0;144;524;+;73.2	1;517;816;+;63.3	2;829;2139;+;161.8	2;829;2139;+;131.3						3;2357;2893;+;184.2		23;23600;25579;+;519.2		none	none	D	3/7	uncallable	0	0	unscoreable	0	0	0														not_admitted	not_admitted	not_admitted	not_admitted	not_admitted	not_admitted	not_admitted
NZ_CP096257.1	MPF_T	-	178	0	0	GA	1		147;158161;158541;-;75.8	146;157869;158168;-;60.8	145;155406;157859;-;165.5	145;155406;157859;-;128.4	144;154616;155434;-;52.9	143;153435;154622;-;105.4		142;152757;153419;-;130.9	141;151915;152739;-;187.9	139;150137;151432;-;221.8	148;158531;159499;-;132.1	17;18550;20529;-;520.4		conjscan	conjscan_only	A	7/7	canonical	1	0	unscoreable	2	0	0														not_admitted	not_admitted	not_admitted	not_admitted	not_admitted	not_admitted	not_admitted
NZ_CP096259.1	MPF_F	-	149	0	0	GA	0															not_admitted	not_admitted	not_admitted	not_admitted	not_admitted	not_admitted	not_admitted	not_admitted	not_admitted	not_admitted	1	25;22480;23535;+;268.3	40;36146;37555;+;229.6	39;35099;36130;+;213.0	21;18001;20487;+;207.3	41;37575;40817;+;215.1	18;15384;16577;+;118.4	21;18001;20487;+;112.0		24;21260;22480;+;46.7	46;43145;45298;+;120.5	11;10757;12670;+;20.5	19;16594;17106;+;68.8	11;10757;12670;+;24.6	B	8/9	contiguous	32388	0	1	
NZ_CP096264.1	MPF_F	IncU;repFIB;repHI5B	273	0	0	GA	0															not_admitted	not_admitted	not_admitted	not_admitted	not_admitted	not_admitted	not_admitted	not_admitted	not_admitted	not_admitted	1	42;35416;36453;-;282.2	193;158795;160237;+;188.6	192;157801;158838;+;172.0	54;48521;51238;-;143.5	194;160239;164183;+;119.0	58;53361;54728;-;63.7	54;48521;51238;-;80.6	61;56383;57243;-;73.9	43;36450;37811;-;71.7	41;32225;35401;-;58.7	185;148429;150555;-;62.0	55;51287;52024;-;56.3	185;148429;150555;-;39.7	A	9/9	split_2	128014	0	1	
NZ_CP096266.1	MPF_F	IncFII(Yp);repB(R1701)	171	0	0	GA	0															not_admitted	not_admitted	not_admitted	not_admitted	not_admitted	not_admitted	not_admitted	not_admitted	not_admitted	not_admitted	1	145;132392;133384;+;372.3	156;139418;140788;+;383.1	153;137897;138649;+;222.2	142;128727;131366;+;254.8	157;140788;143667;+;333.2	134;124115;125536;+;86.6	142;128727;131366;+;88.2	132;122828;123394;+;159.4	146;133397;134044;+;68.8	148;134421;136376;+;253.1	161;146445;148763;+;390.7	136;125997;126581;+;55.9	161;146445;148763;+;66.8	A	9/9	contiguous	23617	1	1	143684..144352+;222;unnamed;0
NZ_CP096283.1	MPF_T	-	382	0	0	GA	0															not_admitted	not_admitted	not_admitted	not_admitted	not_admitted	not_admitted	not_admitted	not_admitted	not_admitted	not_admitted	1	263;212816;213901;+;271.5	287;230979;232415;+;236.1	286;229896;230957;+;195.5	259;208263;210752;+;239.7	288;232430;235588;+;250.9	256;205164;206552;+;104.8	259;208263;210752;+;122.7	254;203303;203893;+;84.8	262;211560;212819;+;54.1	290;236010;238724;+;129.7	248;198774;200726;+;21.5	257;206555;207088;+;70.4	248;198774;200726;+;36.9	A	9/9	contiguous	37236	0	1	
NZ_CP096286.1	MPF_T	-	317	0	0	GA	0															not_admitted	not_admitted	not_admitted	not_admitted	not_admitted	not_admitted	not_admitted	not_admitted	not_admitted	not_admitted	1	217;176616;177701;+;271.5	241;194779;196215;+;236.1	240;193696;194757;+;195.5	213;172063;174552;+;239.7	242;196230;199388;+;250.9	210;168964;170352;+;104.8	213;172063;174552;+;122.7	208;167103;167693;+;84.8	216;175360;176619;+;54.1	244;199810;202524;+;129.7	202;162574;164526;+;21.5	211;170355;170888;+;70.4	202;162574;164526;+;36.9	A	9/9	contiguous	37236	0	1	
NZ_CP096288.1	MPF_T	-	339	0	0	GA	0															not_admitted	not_admitted	not_admitted	not_admitted	not_admitted	not_admitted	not_admitted	not_admitted	not_admitted	not_admitted	1	239;195821;196906;+;271.5	263;213984;215420;+;236.1	262;212901;213962;+;195.5	235;191268;193757;+;239.7	264;215435;218593;+;250.9	232;188169;189557;+;104.8	235;191268;193757;+;122.7	230;186308;186898;+;84.8	238;194565;195824;+;54.1	266;219015;221729;+;129.7	224;181779;183731;+;21.5	233;189560;190093;+;70.4	224;181779;183731;+;36.9	A	9/9	contiguous	37236	0	1	
NZ_CP096290.1	MPF_T	-	338	0	0	GA	0															not_admitted	not_admitted	not_admitted	not_admitted	not_admitted	not_admitted	not_admitted	not_admitted	not_admitted	not_admitted	1	238;195572;196657;+;271.5	262;213735;215171;+;236.1	261;212652;213713;+;195.5	234;191019;193508;+;239.7	263;215186;218344;+;250.9	231;187920;189308;+;104.8	234;191019;193508;+;122.7	229;186059;186649;+;84.8	237;194316;195575;+;54.1	265;218766;221480;+;129.7	223;181530;183482;+;21.5	232;189311;189844;+;70.4	223;181530;183482;+;36.9	A	9/9	contiguous	37236	0	1	
NZ_CP096295.1	MPF_T	-	323	0	0	GA	0															not_admitted	not_admitted	not_admitted	not_admitted	not_admitted	not_admitted	not_admitted	not_admitted	not_admitted	not_admitted	1	201;160250;161335;+;271.5	225;178413;179849;+;236.1	224;177330;178391;+;195.5	197;155697;158186;+;239.7	226;179864;183022;+;250.9	194;152598;153986;+;104.8	197;155697;158186;+;122.7	192;150737;151327;+;84.8	200;158994;160253;+;54.1	228;183444;186158;+;129.7	186;146208;148160;+;21.5	195;153989;154522;+;70.4	186;146208;148160;+;36.9	A	9/9	contiguous	37236	0	1	
NZ_CP096301.1	-	-	95	0	0	GA	0															not_admitted	not_admitted	not_admitted	not_admitted	not_admitted	not_admitted	not_admitted	not_admitted	not_admitted	not_admitted	1	35;29374;30369;+;360.9	41;34968;36344;+;330.7	38;32837;33625;+;200.5	32;25623;28334;+;233.3	42;36357;39248;+;318.9	26;22295;23656;+;90.9	32;25623;28334;+;124.0	24;20982;21551;+;124.2	36;30385;31002;+;69.9	37;31002;32840;+;234.1	46;40598;42820;+;367.8	31;25058;25621;+;52.1	46;40598;42820;+;67.7	A	9/9	contiguous	19616	1	1	39300..39797+;165;unnamed;0
NZ_CP096303.1	MPF_F	IncC	204	0	0	GA	0															not_admitted	not_admitted	not_admitted	not_admitted	not_admitted	not_admitted	not_admitted	not_admitted	not_admitted	not_admitted	1	163;128423;129409;+;360.9	170;134255;135643;+;335.7	166;131877;132665;+;208.2	43;36790;39237;+;354.2	171;135649;138522;+;314.4	32;23479;24795;+;135.0	43;36790;39237;+;128.6	148;117785;118357;+;119.3	164;129425;130042;+;68.9	165;130042;131880;+;234.1	175;139770;141989;+;387.8	33;24792;25370;+;100.2	175;139770;141989;+;77.8	A	9/9	split_2	116291	1	1	138535..138960+;141;unnamed;0
NZ_CP096314.1	MPF_F	IncC	281	0	0	GA	0															not_admitted	not_admitted	not_admitted	not_admitted	not_admitted	not_admitted	not_admitted	not_admitted	not_admitted	not_admitted	1	240;199185;200171;+;360.9	125;111593;113026;+;339.2	124;110563;111591;+;221.7	43;36790;39237;+;354.2	126;113039;116653;+;375.3	32;23479;24795;+;135.0	43;36790;39237;+;128.6	225;188547;189119;+;119.3	241;200187;200804;+;68.9	242;200804;202642;+;234.1	252;210532;212751;+;387.8	33;24792;25370;+;100.2	252;210532;212751;+;77.8	A	9/9	split_3	187053	0	1	
NZ_CP096316.1	MPF_T	-	283	0	0	GA	0															not_admitted	not_admitted	not_admitted	not_admitted	not_admitted	not_admitted	not_admitted	not_admitted	not_admitted	not_admitted	1	164;138919;140004;+;271.5	188;157082;158518;+;236.1	187;155999;157060;+;195.5	160;134366;136855;+;239.7	189;158533;161691;+;250.9	157;131267;132655;+;104.8	160;134366;136855;+;122.7	155;129406;129996;+;84.8	163;137663;138922;+;54.1	191;162113;164827;+;129.7	149;124877;126829;+;21.5	158;132658;133191;+;70.4	149;124877;126829;+;36.9	A	9/9	contiguous	37236	0	1	
NZ_CP096317.1	-	-	96	0	0	GA	0															not_admitted	not_admitted	not_admitted	not_admitted	not_admitted	not_admitted	not_admitted	not_admitted	not_admitted	not_admitted	1	16;11216;12211;+;360.9	22;16810;18186;+;330.7	19;14679;15467;+;200.5	13;7465;10176;+;233.3	23;18199;21090;+;318.9	7;4137;5498;+;90.9	13;7465;10176;+;124.0	5;2824;3393;+;124.2	17;12227;12844;+;69.9	18;12844;14682;+;234.1	27;22440;24662;+;367.8	12;6900;7463;+;52.1	27;22440;24662;+;67.7	A	9/9	contiguous	19616	1	1	21142..21639+;165;unnamed;0
NZ_CP096319.1	MPF_F	IncC	281	0	0	GA	0															not_admitted	not_admitted	not_admitted	not_admitted	not_admitted	not_admitted	not_admitted	not_admitted	not_admitted	not_admitted	1	239;199181;200167;+;360.9	125;111591;113024;+;339.2	124;110561;111589;+;221.7	43;36790;39237;+;354.2	126;113037;116651;+;375.3	32;23479;24795;+;135.0	43;36790;39237;+;128.6	224;188543;189115;+;119.3	240;200183;200800;+;68.9	241;200800;202638;+;234.1	251;210528;212747;+;387.8	33;24792;25370;+;100.2	251;210528;212747;+;77.8	A	9/9	split_3	187049	0	1	
NZ_CP096321.1	MPF_F	IncC	170	0	0	GA	0															not_admitted	not_admitted	not_admitted	not_admitted	not_admitted	not_admitted	not_admitted	not_admitted	not_admitted	not_admitted	1	45;41961;42968;+;332.9	109;96955;98388;+;339.2	108;95925;96953;+;221.7	40;36762;39209;+;354.2	110;98401;102015;+;375.3	31;23451;24767;+;135.0	40;36762;39209;+;128.6	29;21927;22553;+;92.1	43;40031;41296;+;67.6	46;43084;45879;+;145.3	20;16252;18117;+;47.4	32;24764;25342;+;100.2	20;16252;18117;+;52.0	A	9/9	split_2	82149	0	1	
NZ_CP096324.1	MPF_F	IncC	170	0	0	GA	0															not_admitted	not_admitted	not_admitted	not_admitted	not_admitted	not_admitted	not_admitted	not_admitted	not_admitted	not_admitted	1	45;41989;42996;+;332.9	109;96983;98416;+;339.2	108;95953;96981;+;221.7	40;36790;39237;+;354.2	110;98429;102043;+;375.3	31;23479;24795;+;135.0	40;36790;39237;+;128.6	29;21955;22581;+;92.1	43;40059;41324;+;67.6	46;43112;45907;+;145.3	20;16280;18145;+;47.4	32;24792;25370;+;100.2	20;16280;18145;+;52.0	A	9/9	split_2	82149	0	1	
NZ_CP096327.1	MPF_F	IncC	170	0	0	GA	0															not_admitted	not_admitted	not_admitted	not_admitted	not_admitted	not_admitted	not_admitted	not_admitted	not_admitted	not_admitted	1	45;41989;42996;+;332.9	109;96983;98416;+;339.2	108;95953;96981;+;221.7	40;36790;39237;+;354.2	110;98429;102043;+;375.3	31;23479;24795;+;135.0	40;36790;39237;+;128.6	29;21955;22581;+;92.1	43;40059;41324;+;67.6	46;43112;45907;+;145.3	20;16280;18145;+;47.4	32;24792;25370;+;100.2	20;16280;18145;+;52.0	A	9/9	split_2	82149	0	1	
NZ_CP096329.1	MPF_F	IncC	171	0	0	GA	0															not_admitted	not_admitted	not_admitted	not_admitted	not_admitted	not_admitted	not_admitted	not_admitted	not_admitted	not_admitted	1	46;41988;42995;+;332.9	110;96982;98415;+;339.2	109;95952;96980;+;221.7	41;36789;39236;+;354.2	111;98428;102042;+;375.3	32;23478;24794;+;135.0	41;36789;39236;+;128.6	30;21954;22580;+;92.1	44;40058;41323;+;67.6	47;43111;45906;+;145.3	21;16279;18144;+;47.4	33;24791;25369;+;100.2	21;16279;18144;+;52.0	A	9/9	split_2	82149	0	1	
NZ_CP096331.1	MPF_F	IncC	170	0	0	GA	0															not_admitted	not_admitted	not_admitted	not_admitted	not_admitted	not_admitted	not_admitted	not_admitted	not_admitted	not_admitted	1	45;41989;42996;+;332.9	109;96983;98416;+;339.2	108;95953;96981;+;221.7	40;36790;39237;+;354.2	110;98429;102043;+;375.3	31;23479;24795;+;135.0	40;36790;39237;+;128.6	29;21955;22581;+;92.1	43;40059;41324;+;67.6	46;43112;45907;+;145.3	20;16280;18145;+;47.4	32;24792;25370;+;100.2	20;16280;18145;+;52.0	A	9/9	split_2	82149	0	1	
NZ_CP096333.1	MPF_F	IncC	488	0	0	GA	0															not_admitted	not_admitted	not_admitted	not_admitted	not_admitted	not_admitted	not_admitted	not_admitted	not_admitted	not_admitted	1	114;95374;96381;-;332.9	230;180510;181943;-;339.2	231;181945;182973;-;221.7	119;99133;101580;-;354.5	229;176883;180497;-;375.3	173;143419;144579;-;156.3	119;99133;101580;-;128.3	126;111350;111976;-;92.7	116;97046;98311;-;67.9	113;92460;95258;-;145.3	135;115786;117651;-;47.3	123;108561;109139;-;100.2	135;115786;117651;-;52.0	A	9/9	split_3	89485	0	1	
NZ_CP096334.1	-	-	40	0	0	GA	1	13;11739;12635;+;45.2	37;33221;33712;-;68.0	36;32907;33221;-;51.1	35;30386;32893;-;96.9	35;30386;32893;-;113.0	34;29629;30417;-;50.1	32;27703;29421;-;86.0		30;26606;27304;-;123.5	29;25668;26606;-;165.2	27;23751;25211;-;210.5	38;33724;34707;-;134.8	11;9221;11179;+;355.7		conjscan	conjscan_only	A	7/7	canonical	1	0	unscoreable	5	0	0														not_admitted	not_admitted	not_admitted	not_admitted	not_admitted	not_admitted	not_admitted
NZ_CP096336.1	MPF_F	IncC	490	0	0	GA	0															not_admitted	not_admitted	not_admitted	not_admitted	not_admitted	not_admitted	not_admitted	not_admitted	not_admitted	not_admitted	1	116;95374;96381;-;332.9	232;180510;181943;-;339.2	233;181945;182973;-;221.7	121;99133;101580;-;354.5	231;176883;180497;-;375.3	175;143419;144579;-;156.3	121;99133;101580;-;128.3	128;111350;111976;-;92.7	118;97046;98311;-;67.9	115;92460;95258;-;145.3	137;115786;117651;-;47.3	125;108561;109139;-;100.2	137;115786;117651;-;52.0	A	9/9	split_3	89485	0	1	
NZ_CP096343.1	MPF_F	-	149	0	0	GA	0															not_admitted	not_admitted	not_admitted	not_admitted	not_admitted	not_admitted	not_admitted	not_admitted	not_admitted	not_admitted	1	23;22361;23416;+;269.2	35;35611;37020;+;230.0	34;34564;35595;+;213.9	19;17882;20368;+;211.5	36;37040;40273;+;215.1	16;15166;16458;+;117.6	19;17882;20368;+;113.3	14;13515;14168;+;92.3	22;21141;22361;+;45.5	38;40745;43516;+;119.2	8;9122;11035;+;20.5	17;16475;16987;+;68.8	8;9122;11035;+;24.6	A	9/9	contiguous	31623	0	1	
NZ_CP096344.1	MPF_F	IncC	169	0	0	GA	0															not_admitted	not_admitted	not_admitted	not_admitted	not_admitted	not_admitted	not_admitted	not_admitted	not_admitted	not_admitted	1	80;57099;58106;+;332.9	159;122604;124037;+;339.2	158;121574;122602;+;221.5	75;51900;54347;+;354.0	160;124050;127664;+;374.6	70;43073;44389;+;135.8	75;51900;54347;+;128.6	68;41549;42175;+;92.1	78;55169;56434;+;67.2	81;58222;61020;+;145.3	59;35874;37739;+;47.4	71;44386;44964;+;100.2	59;35874;37739;+;52.0	A	9/9	split_2	88176	0	1	
NZ_CP096345.1	-	-	93	0	0	GA	0															not_admitted	not_admitted	not_admitted	not_admitted	not_admitted	not_admitted	not_admitted	not_admitted	not_admitted	not_admitted	1	42;46072;47067;-;360.9	34;39426;40802;-;329.7	39;42762;43550;-;201.1	45;48107;50818;-;238.1	33;36522;39413;-;317.8	51;52785;54146;-;90.9	45;48107;50818;-;123.1	53;54890;55459;-;124.2	41;45436;46056;-;68.9	40;43547;45439;-;233.9	29;32950;35172;-;366.7	46;50820;51383;-;52.1	29;32950;35172;-;68.2	A	9/9	contiguous	21940	1	1	35973..36470-;165;unnamed;0
NZ_CP096347.1	MPF_F	IncC	240	0	0	GA	0															not_admitted	not_admitted	not_admitted	not_admitted	not_admitted	not_admitted	not_admitted	not_admitted	not_admitted	not_admitted	1	44;38011;39018;+;332.9	131;113084;114517;+;339.2	130;112054;113082;+;221.7	39;32812;35259;+;354.5	132;114530;118144;+;375.3	221;182547;183707;+;156.3	39;32812;35259;+;128.3	32;22416;23042;+;92.7	42;36081;37346;+;67.9	45;39134;41932;+;145.3	23;16741;18606;+;47.3	35;25253;25831;+;100.2	23;16741;18606;+;52.0	A	9/9	split_3	165806	0	1	
NZ_CP096354.1	MPF_F	-	147	0	0	GA	0															not_admitted	not_admitted	not_admitted	not_admitted	not_admitted	not_admitted	not_admitted	not_admitted	not_admitted	not_admitted	1	94;89749;90804;-;269.2	82;76145;77554;-;230.0	83;77570;78601;-;213.9	98;92797;95283;-;211.5	81;72892;76125;-;215.1	101;96707;97999;-;117.6	98;92797;95283;-;113.3	103;98997;99650;-;92.3	95;90804;92024;-;45.5	79;69649;72420;-;119.2	109;102130;104043;-;20.5	100;96178;96690;-;68.8	109;102130;104043;-;24.6	A	9/9	contiguous	32481	0	1	
NZ_CP096355.1	MPF_F	IncC	169	0	0	GA	0															not_admitted	not_admitted	not_admitted	not_admitted	not_admitted	not_admitted	not_admitted	not_admitted	not_admitted	not_admitted	1	39;36012;37019;+;332.9	118;101517;102950;+;339.2	117;100487;101515;+;221.5	34;30813;33260;+;354.0	119;102963;106577;+;374.6	29;21986;23302;+;135.8	34;30813;33260;+;128.6	27;20462;21088;+;92.1	37;34082;35347;+;67.2	40;37135;39933;+;145.3	18;14787;16652;+;47.4	30;23299;23877;+;100.2	18;14787;16652;+;52.0	A	9/9	split_2	88176	0	1	
NZ_CP096356.1	-	-	93	0	0	GA	0															not_admitted	not_admitted	not_admitted	not_admitted	not_admitted	not_admitted	not_admitted	not_admitted	not_admitted	not_admitted	1	52;54353;55348;-;360.9	44;47707;49083;-;329.7	49;51043;51831;-;201.1	55;56388;59099;-;238.1	43;44803;47694;-;317.8	61;61066;62427;-;90.9	55;56388;59099;-;123.1	63;63171;63740;-;124.2	51;53717;54337;-;68.9	50;51828;53720;-;233.9	39;41231;43453;-;366.7	56;59101;59664;-;52.1	39;41231;43453;-;68.2	A	9/9	contiguous	21940	1	1	44254..44751-;165;unnamed;0
NZ_CP096358.1	MPF_T	-	259	0	0	GA	0															not_admitted	not_admitted	not_admitted	not_admitted	not_admitted	not_admitted	not_admitted	not_admitted	not_admitted	not_admitted	1	96;84694;85779;-;271.5	72;66180;67616;-;236.1	73;67638;68699;-;195.5	100;87843;90332;-;239.7	71;63007;66165;-;250.9	103;92043;93431;-;104.8	100;87843;90332;-;122.7	105;94702;95292;-;84.8	97;85776;87035;-;54.1	69;59871;62585;-;129.7	111;97869;99821;-;21.5	102;91507;92040;-;70.4	111;97869;99821;-;36.9	A	9/9	contiguous	37998	0	1	
NZ_CP096359.1	-	-	96	0	0	GA	0															not_admitted	not_admitted	not_admitted	not_admitted	not_admitted	not_admitted	not_admitted	not_admitted	not_admitted	not_admitted	1	16;11214;12209;+;360.9	22;16808;18184;+;330.7	19;14677;15465;+;200.5	13;7463;10174;+;233.3	23;18197;21088;+;318.9	7;4135;5496;+;90.9	13;7463;10174;+;124.0	5;2822;3391;+;124.2	17;12225;12842;+;69.9	18;12842;14680;+;234.1	27;22438;24660;+;367.8	12;6898;7461;+;52.1	27;22438;24660;+;67.7	A	9/9	contiguous	19616	1	1	21140..21637+;165;unnamed;0
NZ_CP096361.1	-	-	96	0	0	GA	0															not_admitted	not_admitted	not_admitted	not_admitted	not_admitted	not_admitted	not_admitted	not_admitted	not_admitted	not_admitted	1	39;42728;43723;-;360.9	33;36753;38129;-;330.7	36;39472;40260;-;200.5	42;44763;47474;-;233.3	32;33849;36740;-;318.9	48;49441;50802;-;90.9	42;44763;47474;-;124.0	50;51546;52115;-;124.2	38;42095;42712;-;69.9	37;40257;42095;-;234.1	28;30277;32499;-;367.8	43;47476;48039;-;52.1	28;30277;32499;-;67.7	A	9/9	contiguous	21269	1	1	33300..33797-;165;unnamed;0
NZ_CP096363.1	MPF_F	IncC	494	0	0	GA	0															not_admitted	not_admitted	not_admitted	not_admitted	not_admitted	not_admitted	not_admitted	not_admitted	not_admitted	not_admitted	1	120;101770;102777;-;332.9	236;186906;188339;-;339.2	237;188341;189369;-;221.7	125;105529;107976;-;354.5	235;183279;186893;-;375.3	179;149815;150975;-;156.3	125;105529;107976;-;128.3	132;117746;118372;-;92.7	122;103442;104707;-;67.9	119;98856;101654;-;145.3	141;122182;124047;-;47.3	129;114957;115535;-;100.2	141;122182;124047;-;52.0	A	9/9	split_3	89485	0	1	
NZ_CP096365.1	MPF_F	IncC	494	0	0	GA	0															not_admitted	not_admitted	not_admitted	not_admitted	not_admitted	not_admitted	not_admitted	not_admitted	not_admitted	not_admitted	1	120;101769;102776;-;332.9	236;186905;188338;-;339.2	237;188340;189368;-;221.7	125;105528;107975;-;354.5	235;183278;186892;-;375.3	179;149814;150974;-;156.3	125;105528;107975;-;128.3	132;117745;118371;-;92.7	122;103441;104706;-;67.9	119;98855;101653;-;145.3	141;122181;124046;-;47.3	129;114956;115534;-;100.2	141;122181;124046;-;52.0	A	9/9	split_3	89485	0	1	
NZ_CP096366.1	-	-	40	0	0	GA	1	13;11739;12635;+;45.2	37;33221;33712;-;68.0	36;32907;33221;-;51.1	35;30386;32893;-;96.9	35;30386;32893;-;113.0	34;29629;30417;-;50.1	32;27703;29421;-;86.0		30;26606;27304;-;123.5	29;25668;26606;-;165.2	27;23751;25211;-;210.5	38;33724;34707;-;134.8	11;9221;11179;+;355.7		conjscan	conjscan_only	A	7/7	canonical	1	0	unscoreable	5	0	0														not_admitted	not_admitted	not_admitted	not_admitted	not_admitted	not_admitted	not_admitted
NZ_CP096368.1	MPF_F	IncC	167	0	0	GA	0															not_admitted	not_admitted	not_admitted	not_admitted	not_admitted	not_admitted	not_admitted	not_admitted	not_admitted	not_admitted	1	3;4766;5773;-;332.9	109;86898;88331;-;339.2	110;88333;89361;-;221.7	8;8525;10972;-;354.2	108;83271;86885;-;375.3	17;22967;24283;-;135.0	8;8525;10972;-;128.6	19;25181;25807;-;92.1	5;6438;7703;-;67.6	2;1855;4650;-;145.3	28;29617;31482;-;47.4	16;22392;22970;-;100.2	28;29617;31482;-;52.0	A	9/9	split_2	86478	0	1	
NZ_CP096370.1	MPF_T	IncW	44	0	0	GA	1	31;26487;27185;-;43.3	29;25798;26103;-;70.9	28;25471;25785;-;84.9	27;22997;25468;-;122.0	27;22997;25468;-;98.5	26;22311;23000;-;157.1	24;21042;22070;-;174.7		22;20094;20789;-;157.4	21;19283;20083;-;191.3	20;18096;19283;-;185.3	19;17054;18130;-;88.0	17;12548;14071;+;51.8		pfam	both	A	7/7	canonical	1	0	unscoreable	4	0	0														not_admitted	not_admitted	not_admitted	not_admitted	not_admitted	not_admitted	not_admitted
NZ_CP096372.1	MPF_T	IncW	48	0	0	GA	1	31;26487;27185;-;43.3	29;25798;26103;-;70.9	28;25471;25785;-;84.9	27;22997;25468;-;122.0	27;22997;25468;-;98.5	26;22311;23000;-;157.1	24;21042;22070;-;174.7		22;20094;20789;-;157.4	21;19283;20083;-;191.3	20;18096;19283;-;185.3	19;17054;18130;-;88.0	17;12548;14071;+;51.8		pfam	both	A	7/7	canonical	1	0	unscoreable	4	0	0														not_admitted	not_admitted	not_admitted	not_admitted	not_admitted	not_admitted	not_admitted
NZ_CP096374.1	MPF_T	-	296	0	0	GA	0															not_admitted	not_admitted	not_admitted	not_admitted	not_admitted	not_admitted	not_admitted	not_admitted	not_admitted	not_admitted	1	196;161891;162976;+;271.5	220;180054;181490;+;236.1	219;178971;180032;+;195.5	192;157338;159827;+;239.7	221;181505;184663;+;250.9	189;154239;155627;+;104.8	192;157338;159827;+;122.7	187;152378;152968;+;84.8	195;160635;161894;+;54.1	223;185085;187799;+;129.7	181;147849;149801;+;21.5	190;155630;156163;+;70.4	181;147849;149801;+;36.9	A	9/9	contiguous	37236	0	1	
NZ_CP096375.1	MPF_F	IncC	187	0	0	GA	0															not_admitted	not_admitted	not_admitted	not_admitted	not_admitted	not_admitted	not_admitted	not_admitted	not_admitted	not_admitted	1	48;41989;42996;+;332.9	124;111739;113172;+;339.2	123;110709;111737;+;221.7	43;36790;39237;+;354.2	125;113185;116799;+;375.3	32;23479;24795;+;135.0	43;36790;39237;+;128.6	30;21955;22581;+;92.1	46;40059;41324;+;67.6	49;43112;45907;+;145.3	21;16280;18145;+;47.4	33;24792;25370;+;100.2	21;16280;18145;+;52.0	A	9/9	split_2	96905	0	1	
NZ_CP096569.1	MPF_T	IncP1	115	0	0	GA	1	34;29397;30053;-;23.6		48;39714;40025;-;49.4	45;37967;38845;-;70.1	46;39024;39356;-;33.8	39;32779;33543;-;122.2	97;76045;77532;-;132.5		43;36376;37164;-;145.1	42;35460;36404;-;183.7	40;33561;34979;-;218.8	110;85481;86443;-;129.5	78;59831;61405;+;472.7		conjscan	conjscan_only	A	7/7	rearranged	1	0	unscoreable	14	0	0														not_admitted	not_admitted	not_admitted	not_admitted	not_admitted	not_admitted	not_admitted
NZ_CP096588.1	MPF_F	IncHI2;IncHI2A	287	0	0	GA	0															not_admitted	not_admitted	not_admitted	not_admitted	not_admitted	not_admitted	not_admitted	not_admitted	not_admitted	not_admitted	1	108;96970;98028;-;276.9	216;199653;201068;+;194.1	215;198617;199663;+;174.3	124;117600;120281;-;168.0	217;201077;205030;+;101.7	128;122611;123966;-;80.7	124;117600;120281;-;72.2	131;125690;126478;-;74.8	110;98170;99681;-;61.8	107;93763;96951;-;57.3	208;189491;191575;-;56.8	125;120290;121240;-;46.1	208;189491;191575;-;38.8	A	9/9	split_2	107314	1	1	205211..206500+;429;unnamed;0
NZ_CP096589.1	MPF_F	IncFIB(AP001918);IncFII	153	0	0	GA	0															not_admitted	not_admitted	not_admitted	not_admitted	not_admitted	not_admitted	not_admitted	not_admitted	not_admitted	not_admitted	1	134;126424;127416;-;367.3	123;119364;120737;-;374.3	130;122952;123695;-;234.1	137;128425;131052;-;305.4	122;116551;119367;-;387.9	143;133107;134534;-;94.4	137;128425;131052;-;99.1	145;135249;135815;-;183.8	133;125777;126415;-;67.3	132;123972;125780;-;268.3	119;112835;114988;-;391.1	139;131568;132083;-;77.3	119;112835;114988;-;69.2	A	9/9	contiguous	22414	1	1	115997..116518-;173;unnamed;0
NZ_CP096689.1	MPF_F	-	101	0	0	GA	0															not_admitted	not_admitted	not_admitted	not_admitted	not_admitted	not_admitted	not_admitted	not_admitted	not_admitted	not_admitted	1	60;42125;43168;+;369.2	65;47147;48574;+;325.8	63;45937;46749;+;219.1	56;37837;40563;+;164.6	66;48590;51592;+;208.7	52;34839;36155;+;102.7	56;37837;40563;+;108.4	50;33548;34126;+;82.6	61;43183;43890;+;107.6	62;43887;45944;+;92.2	32;20828;22987;+;381.4	55;37183;37827;+;41.9	32;20828;22987;+;89.7	A	9/9	contiguous	27762	1	1	51664..52182+;172;unnamed;0
NZ_CP096691.1	MPF_F	-	97	0	0	GA	0															not_admitted	not_admitted	not_admitted	not_admitted	not_admitted	not_admitted	not_admitted	not_admitted	not_admitted	not_admitted	1	57;40272;41315;+;369.2	62;45294;46721;+;325.8	60;44084;44896;+;219.1	53;35984;38710;+;164.6	63;46737;49739;+;208.7	49;32986;34302;+;102.7	53;35984;38710;+;108.4	47;31695;32273;+;82.6	58;41330;42037;+;107.6	59;42034;44091;+;92.2	31;19773;21932;+;381.4	52;35330;35974;+;41.9	31;19773;21932;+;89.7	A	9/9	contiguous	26964	1	1	49811..50329+;172;unnamed;0
NZ_CP096695.1	MPF_F	-	104	0	0	GA	0															not_admitted	not_admitted	not_admitted	not_admitted	not_admitted	not_admitted	not_admitted	not_admitted	not_admitted	not_admitted	1	67;47787;48830;+;370.9	71;53052;54491;+;314.2	70;52200;53027;+;215.3	63;43487;46189;+;185.5	72;54502;57552;+;169.1	60;40779;42101;+;105.9	63;43487;46189;+;96.1	58;39485;40063;+;98.6	68;48846;49553;+;101.8	69;49550;52225;+;107.1	36;23716;25848;+;383.2	62;42838;43470;+;43.4	36;23716;25848;+;91.0	A	9/9	contiguous	30786	1	1	57567..58136+;189;unnamed;0
NZ_CP096703.1	MPF_F	-	93	0	0	GA	0															not_admitted	not_admitted	not_admitted	not_admitted	not_admitted	not_admitted	not_admitted	not_admitted	not_admitted	not_admitted	1	58;40544;41587;+;370.9	62;45809;47248;+;314.2	61;44957;45784;+;215.3	54;36244;38946;+;185.5	63;47259;50309;+;169.1	51;33536;34858;+;105.9	54;36244;38946;+;96.1	49;32242;32820;+;98.6	59;41603;42310;+;101.8	60;42307;44982;+;107.1	27;16473;18605;+;383.2	53;35595;36227;+;43.4	27;16473;18605;+;91.0	A	9/9	contiguous	30786	1	1	50324..50893+;189;unnamed;0
NZ_CP096706.1	MPF_F	-	97	0	0	GA	0															not_admitted	not_admitted	not_admitted	not_admitted	not_admitted	not_admitted	not_admitted	not_admitted	not_admitted	not_admitted	1	40;30934;31977;-;369.2	35;25528;26955;-;325.8	37;27353;28165;-;219.1	44;33539;36265;-;164.6	34;22510;25512;-;208.7	48;37947;39263;-;102.7	44;33539;36265;-;108.4	50;39976;40554;-;82.6	39;30212;30919;-;107.6	38;28158;30215;-;92.2	66;50317;52476;-;381.4	45;36275;36919;-;41.9	66;50317;52476;-;89.7	A	9/9	contiguous	27807	1	1	21920..22438-;172;unnamed;0
NZ_CP096708.1	MPF_F	-	102	0	0	GA	0															not_admitted	not_admitted	not_admitted	not_admitted	not_admitted	not_admitted	not_admitted	not_admitted	not_admitted	not_admitted	1	67;47788;48831;+;370.9	71;53053;54492;+;314.2	70;52201;53028;+;215.3	63;43488;46190;+;185.5	72;54503;57553;+;169.1	60;40780;42102;+;105.9	63;43488;46190;+;96.1	58;39486;40064;+;98.6	68;48847;49554;+;101.8	69;49551;52226;+;107.1	36;23717;25849;+;383.2	62;42839;43471;+;43.4	36;23717;25849;+;91.0	A	9/9	contiguous	30786	1	1	57568..58137+;189;unnamed;0
NZ_CP096712.1	MPF_F	-	102	0	0	GA	0															not_admitted	not_admitted	not_admitted	not_admitted	not_admitted	not_admitted	not_admitted	not_admitted	not_admitted	not_admitted	1	67;47800;48843;+;370.9	71;53065;54504;+;314.2	70;52213;53040;+;215.3	63;43500;46202;+;185.5	72;54515;57565;+;169.1	60;40792;42114;+;105.9	63;43500;46202;+;96.1	58;39498;40076;+;98.6	68;48859;49566;+;101.8	69;49563;52238;+;107.1	36;23729;25861;+;383.2	62;42851;43483;+;43.4	36;23729;25861;+;91.0	A	9/9	contiguous	30786	1	1	57580..58149+;189;unnamed;0
NZ_CP096716.1	MPF_F	-	102	0	0	GA	0															not_admitted	not_admitted	not_admitted	not_admitted	not_admitted	not_admitted	not_admitted	not_admitted	not_admitted	not_admitted	1	67;47787;48830;+;370.9	71;53052;54491;+;314.2	70;52200;53027;+;215.3	63;43487;46189;+;185.5	72;54502;57552;+;169.1	60;40779;42101;+;105.9	63;43487;46189;+;96.1	58;39485;40063;+;98.6	68;48846;49553;+;101.8	69;49550;52225;+;107.1	36;23716;25848;+;383.2	62;42838;43470;+;43.4	36;23716;25848;+;91.0	A	9/9	contiguous	30786	1	1	57567..58136+;189;unnamed;0
NZ_CP096719.1	MPF_F	-	98	0	0	GA	0															not_admitted	not_admitted	not_admitted	not_admitted	not_admitted	not_admitted	not_admitted	not_admitted	not_admitted	not_admitted	1	57;40225;41268;+;369.2	62;45247;46674;+;325.8	60;44037;44849;+;219.1	53;35937;38663;+;164.6	63;46690;49692;+;208.7	49;32939;34255;+;102.7	53;35937;38663;+;108.4	47;31648;32226;+;82.0	58;41283;41990;+;107.6	59;41987;44044;+;92.2	29;18928;21087;+;381.4	52;35283;35927;+;41.9	29;18928;21087;+;89.7	A	9/9	contiguous	27762	1	1	49764..50282+;172;unnamed;0
NZ_CP096725.1	MPF_F	-	104	0	0	GA	0															not_admitted	not_admitted	not_admitted	not_admitted	not_admitted	not_admitted	not_admitted	not_admitted	not_admitted	not_admitted	1	69;47791;48834;+;370.9	73;53056;54495;+;314.2	72;52204;53031;+;215.3	65;43491;46193;+;185.5	74;54506;57556;+;169.1	62;40783;42105;+;103.3	65;43491;46193;+;96.1	59;39599;39910;+;52.2	70;48850;49557;+;101.8	71;49554;52229;+;107.1	36;23716;25848;+;383.2	64;42842;43474;+;43.4	36;23716;25848;+;91.0	A	9/9	contiguous	30790	1	1	57571..58140+;189;unnamed;0
NZ_CP096730.1	MPF_F	-	102	0	0	GA	0															not_admitted	not_admitted	not_admitted	not_admitted	not_admitted	not_admitted	not_admitted	not_admitted	not_admitted	not_admitted	1	66;46936;47979;+;370.9	70;52201;53640;+;314.2	69;51349;52176;+;215.3	62;42636;45338;+;185.5	71;53651;56701;+;169.1	59;39928;41250;+;105.9	62;42636;45338;+;96.1	57;38634;39212;+;98.6	67;47995;48702;+;101.8	68;48699;51374;+;107.1	35;22865;24997;+;383.2	61;41987;42619;+;43.4	35;22865;24997;+;91.0	A	9/9	contiguous	30786	1	1	56716..57285+;189;unnamed;0
NZ_CP096733.1	MPF_F	-	98	0	0	GA	0															not_admitted	not_admitted	not_admitted	not_admitted	not_admitted	not_admitted	not_admitted	not_admitted	not_admitted	not_admitted	1	63;41729;42772;+;370.9	67;46994;48433;+;314.2	66;46142;46969;+;215.3	59;37429;40131;+;185.5	68;48444;51494;+;169.1	56;34721;36043;+;105.9	59;37429;40131;+;96.1	54;33427;34005;+;98.6	64;42788;43495;+;101.8	65;43492;46167;+;107.1	29;17468;18601;+;210.0	58;36780;37412;+;43.4	29;17468;18601;+;92.5	A	9/9	contiguous	30976	1	1	51509..52078+;189;unnamed;0
NZ_CP096736.1	MPF_F	-	102	0	0	GA	0															not_admitted	not_admitted	not_admitted	not_admitted	not_admitted	not_admitted	not_admitted	not_admitted	not_admitted	not_admitted	1	67;47773;48816;+;370.9	71;53038;54486;+;309.5	70;52186;53013;+;215.3	63;43473;46175;+;185.5	72;54497;57547;+;169.1	60;40765;42087;+;105.9	63;43473;46175;+;96.1	58;39471;40049;+;98.6	68;48832;49539;+;101.8	69;49536;52211;+;107.1	36;23702;25834;+;383.2	62;42824;43456;+;43.4	36;23702;25834;+;91.0	A	9/9	contiguous	30795	1	1	57562..58131+;189;unnamed;0
NZ_CP096739.1	MPF_F	-	101	0	0	GA	0															not_admitted	not_admitted	not_admitted	not_admitted	not_admitted	not_admitted	not_admitted	not_admitted	not_admitted	not_admitted	1	60;42092;43135;+;362.0	65;47114;48541;+;325.8	63;45904;46716;+;219.1	56;37804;40530;+;164.6	66;48557;51559;+;208.7	52;34806;36122;+;102.7	56;37804;40530;+;108.4	50;33515;34093;+;82.6	61;43150;43857;+;107.6	62;43854;45911;+;92.2	32;20795;22954;+;381.4	55;37150;37794;+;41.9	32;20795;22954;+;89.7	A	9/9	contiguous	27762	1	1	51631..52149+;172;unnamed;0
NZ_CP096744.1	MPF_F	-	97	0	0	GA	0															not_admitted	not_admitted	not_admitted	not_admitted	not_admitted	not_admitted	not_admitted	not_admitted	not_admitted	not_admitted	1	57;40222;41265;+;369.2	62;45244;46671;+;325.8	60;44034;44846;+;219.1	53;35934;38660;+;164.6	63;46687;49689;+;208.7	49;32936;34252;+;102.7	53;35934;38660;+;108.4	47;31645;32223;+;82.6	58;41280;41987;+;107.6	59;41984;44041;+;92.2	31;19723;21882;+;381.4	52;35280;35924;+;41.9	31;19723;21882;+;89.7	A	9/9	contiguous	26964	1	1	49761..50279+;172;unnamed;0
NZ_CP096751.1	MPF_F	-	102	0	0	GA	0															not_admitted	not_admitted	not_admitted	not_admitted	not_admitted	not_admitted	not_admitted	not_admitted	not_admitted	not_admitted	1	67;47774;48817;+;370.9	71;53039;54478;+;314.2	70;52187;53014;+;215.3	63;43474;46176;+;185.5	72;54489;57539;+;169.1	60;40766;42088;+;105.9	63;43474;46176;+;96.1	58;39472;40050;+;98.6	68;48833;49540;+;101.8	69;49537;52212;+;107.1	36;23703;25835;+;383.2	62;42825;43457;+;43.4	36;23703;25835;+;91.0	A	9/9	contiguous	30786	1	1	57554..58123+;189;unnamed;0
NZ_CP096754.1	MPF_F	-	96	0	0	GA	0															not_admitted	not_admitted	not_admitted	not_admitted	not_admitted	not_admitted	not_admitted	not_admitted	not_admitted	not_admitted	1	59;41483;42526;+;369.2	64;46505;47932;+;325.8	62;45295;46107;+;219.1	55;37195;39921;+;164.6	65;47948;50950;+;208.8	51;34197;35513;+;102.7	55;37195;39921;+;108.4	49;32906;33484;+;82.5	60;42541;43248;+;107.6	61;43245;45302;+;92.2	30;18947;21106;+;381.3	54;36541;37185;+;41.9	30;18947;21106;+;89.8	A	9/9	contiguous	29001	1	1	51022..51540+;172;unnamed;0
NZ_CP096756.1	MPF_F	-	96	0	0	GA	0															not_admitted	not_admitted	not_admitted	not_admitted	not_admitted	not_admitted	not_admitted	not_admitted	not_admitted	not_admitted	1	59;41457;42500;+;369.2	64;46479;47906;+;325.8	62;45269;46081;+;219.1	55;37169;39895;+;164.6	65;47922;50924;+;208.8	51;34171;35487;+;102.7	55;37169;39895;+;108.4	49;32880;33458;+;82.5	60;42515;43222;+;107.6	61;43219;45276;+;92.2	30;18921;21080;+;381.3	54;36515;37159;+;41.9	30;18921;21080;+;89.8	A	9/9	contiguous	29001	1	1	50996..51514+;172;unnamed;0
NZ_CP096763.1	MPF_F	-	100	0	0	GA	0															not_admitted	not_admitted	not_admitted	not_admitted	not_admitted	not_admitted	not_admitted	not_admitted	not_admitted	not_admitted	1	84;55678;56721;+;369.2	88;60698;62125;+;325.8	87;59765;60301;+;185.0	79;51391;53067;+;166.4	89;62141;65143;+;208.7	75;48393;49709;+;102.7	80;53142;54116;+;65.4	73;47102;47680;+;82.6	85;56736;57443;+;107.6	86;57440;59497;+;92.2	54;34383;36542;+;381.4	78;50737;51381;+;41.9	54;34383;36542;+;89.7	A	9/9	contiguous	27758	1	1	65215..65733+;172;unnamed;0
NZ_CP096769.1	MPF_F	-	102	0	0	GA	0															not_admitted	not_admitted	not_admitted	not_admitted	not_admitted	not_admitted	not_admitted	not_admitted	not_admitted	not_admitted	1	20;19549;20592;-;370.9	16;13888;15327;-;314.2	17;15352;16179;-;215.3	24;22190;24892;-;185.5	15;10827;13877;-;169.1	27;26278;27600;-;105.9	24;22190;24892;-;96.1	29;28316;28894;-;98.6	19;18826;19533;-;101.8	18;16154;18829;-;107.1	51;42531;44663;-;383.2	25;24909;25541;-;43.4	51;42531;44663;-;91.0	A	9/9	contiguous	31704	1	1	10243..10812-;189;unnamed;0
NZ_CP096815.1	MPF_F	IncFIB(K)	226	0	0	GA	0															not_admitted	not_admitted	not_admitted	not_admitted	not_admitted	not_admitted	not_admitted	not_admitted	not_admitted	not_admitted	1	169;164955;165947;-;366.6	159;158052;159419;-;384.0	163;160677;161429;-;233.7	172;166973;169612;-;258.7	158;155203;158052;-;346.4	181;173427;174851;-;89.2	172;166973;169612;-;88.8	183;175578;176144;-;167.0	168;164304;164942;-;67.0	167;162301;164307;-;259.0	154;150429;152741;-;393.1	179;172246;172815;-;49.7	154;150429;152741;-;66.6	A	9/9	contiguous	25149	1	1	154667..155200-;177;unnamed;0
NZ_CP096833.1	MPF_F	IncFIA(HI1);IncHI1A;IncHI1B(R27)	214	0	0	GA	0															not_admitted	not_admitted	not_admitted	not_admitted	not_admitted	not_admitted	not_admitted	not_admitted	not_admitted	not_admitted	1	15;14859;15911;+;277.6	118;108668;110083;-;201.7	119;110073;111119;-;171.3	212;183443;186124;+;160.6	117;104670;108659;-;103.1	208;179737;181095;+;84.0	212;183443;186124;+;76.5	205;177285;178070;+;68.7	13;13206;14714;+;65.6	16;15934;19110;+;58.9	125;118054;120138;+;50.2	211;182484;183434;+;45.2	125;118054;120138;+;36.5	A	9/9	split_3	170237	0	1	
NZ_CP096835.1	MPF_F	IncFIB(AP001918);IncFIC(FII)	121	0	0	GA	0															not_admitted	not_admitted	not_admitted	not_admitted	not_admitted	not_admitted	not_admitted	not_admitted	not_admitted	not_admitted	1	56;57694;58686;-;369.3	47;51259;52635;-;381.0	52;54222;54965;-;231.1	59;59695;62322;-;306.8	46;48437;51262;-;389.2	65;64233;65660;-;94.1	59;59695;62322;-;99.5	67;66375;66941;-;183.8	55;57047;57685;-;68.7	54;55242;57050;-;267.6	43;44763;46934;-;391.8	62;62837;63352;-;78.4	43;44763;46934;-;70.4	A	9/9	contiguous	21612	1	1	47931..48440-;169;unnamed;0
NZ_CP096850.1	MPF_F	IncHI2;IncHI2A	405	0	0	GA	0															not_admitted	not_admitted	not_admitted	not_admitted	not_admitted	not_admitted	not_admitted	not_admitted	not_admitted	not_admitted	1	261;246084;247142;+;276.9	140;133627;135042;-;194.1	141;135032;136078;-;173.2	243;222765;225446;+;168.0	139;129668;133618;-;101.6	239;219080;220435;+;80.7	243;222765;225446;+;72.2	236;216568;217356;+;74.8	259;244431;245942;+;62.9	262;247161;250349;+;58.3	148;143119;145203;+;56.7	242;221806;222756;+;46.4	148;143119;145203;+;38.8	A	9/9	split_3	117493	0	1	
NZ_CP096851.1	MPF_F	IncFIB(pB171);IncFII(Yp);IncFII(pAR0022)	124	0	0	GA	0															not_admitted	not_admitted	not_admitted	not_admitted	not_admitted	not_admitted	not_admitted	not_admitted	not_admitted	not_admitted	1	49;48965;49684;-;287.8	41;42882;44252;-;376.7	45;45469;46218;-;218.2	53;50945;53575;-;285.5	40;40060;42882;-;336.5	59;55603;56997;-;89.4	53;50945;53575;-;98.6	61;57714;58280;-;169.9	48;48319;48948;-;66.9	47;46469;48322;-;260.5	37;36477;38723;-;384.7	58;55042;55581;-;67.5	37;36477;38723;-;63.8	A	9/9	contiguous	21237	1	1	39607..40038-;143;TraS;0
NZ_CP096852.1	MPF_T	IncFIB(K)	108	0	0	GA	1	51;47203;47865;+;48.3	52;47876;48175;+;36.6	53;48185;50935;+;60.6	53;48185;50935;+;131.5	53;48185;50935;+;48.6	54;50954;51670;+;137.0	56;51984;52991;+;137.8		58;53201;53887;+;158.3	59;53880;54773;+;147.4	60;54770;55966;+;134.7	61;55970;57019;+;71.5	68;61758;63665;+;24.3		pfam	pfam_only	A	7/7	canonical	1	1	unscoreable	8	0	0														not_admitted	not_admitted	not_admitted	not_admitted	not_admitted	not_admitted	not_admitted
NZ_CP096903.1	MPF_F	IncFIB(AP001918);IncFII	181	0	0	GA	0															not_admitted	not_admitted	not_admitted	not_admitted	not_admitted	not_admitted	not_admitted	not_admitted	not_admitted	not_admitted	1	108;91552;92544;+;366.0	124;100447;101820;+;377.2	117;97279;98022;+;232.9	105;87913;90543;+;302.7	125;101817;104654;+;371.7	97;84293;85018;+;76.7	105;87913;90543;+;98.9		112;93722;94360;+;69.2	115;95173;97002;+;263.9	129;106955;109144;+;391.8	100;85776;86291;+;81.0	129;106955;109144;+;70.3	B	8/9	contiguous	22662	1	1	104687..105190+;167;unnamed;0
NZ_CP096922.1	MPF_T	IncN	74	0	0	GA	1	19;15426;16160;+;32.5		22;16803;17120;+;63.3	23;17120;19720;+;113.8	23;17120;19720;+;76.4	24;19738;20451;+;105.5	26;20702;21742;+;142.4		27;21961;22659;+;131.9	28;22670;23554;+;159.7			51;46949;48478;-;38.5		pfam	both	C	5/7	canonical	1	0	unscoreable	3	0	0														not_admitted	not_admitted	not_admitted	not_admitted	not_admitted	not_admitted	not_admitted
NZ_CP096924.1	MPF_T	IncN	71	0	0	GA	1	30;22916;23650;+;32.5		33;24293;24610;+;63.3	34;24610;27210;+;113.8	34;24610;27210;+;76.4	35;27228;27941;+;105.5	37;28192;29232;+;142.4		38;29451;30149;+;131.9	39;30160;31044;+;159.7	40;31044;32204;+;156.3	41;32246;33241;+;81.2	48;40668;42197;-;38.5		pfam	both	A	7/7	canonical	1	0	unscoreable	9	0	0														not_admitted	not_admitted	not_admitted	not_admitted	not_admitted	not_admitted	not_admitted
NZ_CP096931.1	-	-	68	0	0	GA	1	44;28960;29667;+;34.8	45;29648;29986;+;27.9	46;29997;30395;+;24.9	47;30349;32784;+;71.6		49;33038;33706;+;51.0	51;34063;35028;+;121.9		52;35360;36175;+;140.4	53;36172;36978;+;144.8	56;37510;38859;+;136.5	57;38869;39903;+;61.8	60;40945;42531;+;264.1		pfam	pfam_only	A	7/7	canonical	1	0	unscoreable	6	0	0														not_admitted	not_admitted	not_admitted	not_admitted	not_admitted	not_admitted	not_admitted
NZ_CP096933.1	-	-	78	0	0	GA	1	54;37221;37928;+;34.8	55;37909;38247;+;27.9	56;38258;38656;+;24.9	57;38610;41045;+;71.6		59;41299;41967;+;51.0	61;42324;43289;+;121.9		62;43621;44436;+;140.4	63;44433;45239;+;144.8	66;45771;47120;+;136.5	67;47130;48164;+;61.8	70;49206;50792;+;264.1		pfam	pfam_only	A	7/7	canonical	1	0	unscoreable	6	0	0														not_admitted	not_admitted	not_admitted	not_admitted	not_admitted	not_admitted	not_admitted
NZ_CP096936.1	-	-	77	0	0	GA	1	53;37221;37928;+;34.8	54;37909;38247;+;27.9	55;38258;38656;+;24.9	56;38610;41045;+;71.6		58;41299;41967;+;51.0	60;42324;43289;+;121.9		61;43621;44436;+;140.4	62;44433;45239;+;144.8	65;45771;47120;+;136.5	66;47130;48164;+;61.8	69;49206;50792;+;264.1		pfam	pfam_only	A	7/7	canonical	1	0	unscoreable	6	0	0														not_admitted	not_admitted	not_admitted	not_admitted	not_admitted	not_admitted	not_admitted
NZ_CP096948.1	-	-	68	0	0	GA	1	36;21292;21999;+;34.8	37;21980;22318;+;27.9	38;22329;22727;+;24.9	39;22681;25116;+;71.6		41;25370;26038;+;51.0	43;26395;27360;+;121.9		44;27692;28507;+;140.4	45;28504;29310;+;144.8	48;29842;31191;+;136.5	49;31201;32235;+;61.8	52;33277;34863;+;264.1		pfam	pfam_only	A	7/7	canonical	1	0	unscoreable	6	0	0														not_admitted	not_admitted	not_admitted	not_admitted	not_admitted	not_admitted	not_admitted
NZ_CP096954.1	-	-	80	0	0	GA	1	54;37221;37928;+;34.8	55;37909;38247;+;27.9	56;38258;38656;+;24.9	57;38610;41045;+;71.6		59;41299;41967;+;51.0	61;42324;43289;+;121.9		62;43621;44436;+;140.4	63;44433;45239;+;144.8	66;45771;47120;+;136.5	67;47130;48164;+;61.8	70;49206;50792;+;264.1		pfam	pfam_only	A	7/7	canonical	1	0	unscoreable	6	0	0														not_admitted	not_admitted	not_admitted	not_admitted	not_admitted	not_admitted	not_admitted
NZ_CP096979.1	MPF_F	IncFII	76	0	0	GA	0															not_admitted	not_admitted	not_admitted	not_admitted	not_admitted	not_admitted	not_admitted	not_admitted	not_admitted	not_admitted	1	63;51852;52844;+;369.5	73;58623;59996;+;381.7	68;55950;56693;+;234.4	60;48213;50843;+;304.1	74;59993;62815;+;374.0	52;43360;44811;+;94.2	60;48213;50843;+;96.8	50;42079;42645;+;174.3	65;53188;53826;+;68.6	66;53823;55673;+;266.1	2;1700;4006;+;391.0	55;45671;46186;+;78.4	2;1700;4006;+;70.2	A	9/9	split_2	58293	1	1	62837..63316+;159;TraS;0
NZ_CP097077.1	MPF_T	IncHI1B(pNDM-MAR);IncN;IncU;repB	330	0	0	GA	1	263;233572;234306;-;32.5		260;232612;232929;-;63.3	259;230012;232612;-;113.8	259;230012;232612;-;76.4	258;229281;229994;-;105.5	256;227990;229030;-;142.4		255;227073;227771;-;131.9	254;226178;227062;-;159.7	253;225018;226178;-;156.3	252;223981;224976;-;81.2	302;260382;261911;+;38.5		pfam	both	A	7/7	canonical	1	0	unscoreable	3	0	0														not_admitted	not_admitted	not_admitted	not_admitted	not_admitted	not_admitted	not_admitted
NZ_CP097081.1	MPF_T	ColRNAI;IncN;IncU	92	0	0	GA	1	34;29361;30095;-;32.5		31;28401;28718;-;63.3	30;25801;28401;-;113.8	30;25801;28401;-;76.4	29;25070;25783;-;105.5	27;23779;24819;-;142.4		26;22862;23560;-;131.9	25;21967;22851;-;159.7	24;20807;21967;-;156.3	23;19770;20765;-;81.2	73;56170;57699;+;38.5		pfam	both	A	7/7	canonical	1	0	unscoreable	3	0	0														not_admitted	not_admitted	not_admitted	not_admitted	not_admitted	not_admitted	not_admitted
NZ_CP097084.1	MPF_T	IncN;IncU	82	0	0	GA	1	9;4698;5432;+;32.5		12;6075;6392;+;63.3	13;6392;8992;+;113.8	13;6392;8992;+;76.4	14;9010;9723;+;105.5	16;9974;11014;+;142.4		17;11233;11931;+;131.9	18;11942;12826;+;159.7	19;12826;13986;+;156.3	20;14028;15023;+;81.2	52;47117;48646;-;38.5		pfam	both	A	7/7	canonical	1	0	unscoreable	3	0	0														not_admitted	not_admitted	not_admitted	not_admitted	not_admitted	not_admitted	not_admitted
NZ_CP097096.1	MPF_F	IncFIC(FII)	58	0	0	GA	0															not_admitted	not_admitted	not_admitted	not_admitted	not_admitted	not_admitted	not_admitted	not_admitted	not_admitted	not_admitted	1	34;24807;25799;+;369.3	45;31485;32858;+;378.0	38;28528;29271;+;234.1	31;21171;23798;+;305.4	46;32855;35677;+;389.5	25;17689;19116;+;94.3	31;21171;23798;+;98.5	23;16408;16974;+;183.8	35;25808;26446;+;68.4	36;26443;28251;+;268.4	49;37206;39359;+;391.9	29;20140;20655;+;78.4	49;37206;39359;+;70.4	A	9/9	contiguous	20798	1	1	35699..36190+;163;TraS;0
NZ_CP097098.1	MPF_T	IncN	82	0	0	GA	1	22;15758;16492;+;32.5		25;17135;17452;+;63.3	26;17452;20052;+;113.8	26;17452;20052;+;76.4	27;20070;20783;+;105.5	29;21034;22074;+;142.4		30;22293;22991;+;131.9	31;23002;23886;+;159.7	32;23886;25046;+;156.3	33;25088;26083;+;81.2	59;50040;51569;-;38.5		pfam	both	A	7/7	canonical	1	0	unscoreable	3	0	0														not_admitted	not_admitted	not_admitted	not_admitted	not_admitted	not_admitted	not_admitted
NZ_CP097106.1	MPF_T	IncX3	60	0	0	GA	1	44;32501;33145;+;46.4	45;33129;33419;+;73.1	46;33444;35357;+;47.5	46;33444;35357;+;143.2	46;33444;35357;+;73.7	48;36208;36978;+;60.1	50;37257;38312;+;133.2		51;38507;39235;+;119.4	52;39241;40170;+;138.8	53;40167;41381;+;128.3	55;41577;42611;+;65.7	56;42614;44449;+;495.9		pfam	pfam_only	A	7/7	canonical	1	1	unscoreable	3	0	0														not_admitted	not_admitted	not_admitted	not_admitted	not_admitted	not_admitted	not_admitted
NZ_CP097171.1	MPF_F	IncFIB(AP001918);IncFII	148	0	0	GA	0															not_admitted	not_admitted	not_admitted	not_admitted	not_admitted	not_admitted	not_admitted	not_admitted	not_admitted	not_admitted	1	89;78906;79898;-;369.3			92;80907;83534;-;304.6		98;85686;87113;-;94.3	92;80907;83534;-;99.2	100;87828;88394;-;183.8	86;77271;77909;-;68.6		92;80907;83534;-;22.1	94;84050;84565;-;78.4		D	5/9	contiguous	10557	0	0	
NZ_CP097191.1	MPF_F	IncFIB(pNDM-Mar);IncHI1B(pNDM-MAR)	304	0	0	GA	0															not_admitted	not_admitted	not_admitted	not_admitted	not_admitted	not_admitted	not_admitted	not_admitted	not_admitted	not_admitted	1	234;206496;207533;-;282.3	79;59215;60624;+;190.4	78;58188;59225;+;175.6	247;219565;222282;-;149.6	80;60626;64540;+;120.2	100;82880;84136;+;206.8	247;219565;222282;-;85.2	254;227411;228271;-;79.0	235;207530;208891;-;69.9	233;203304;206486;-;60.1	71;48863;50989;-;57.7	248;222327;223064;-;56.9	71;48863;50989;-;41.0	A	9/9	split_3	178548	0	1	
NZ_CP097192.1	MPF_F	IncFIB(K);IncFII(K)	203	0	0	GA	0															not_admitted	not_admitted	not_admitted	not_admitted	not_admitted	not_admitted	not_admitted	not_admitted	not_admitted	not_admitted	1	149;150696;151685;-;366.0	139;143835;145205;-;382.5	143;146407;147159;-;230.7	153;153128;155767;-;258.5	138;140992;143835;-;346.5	160;158980;160404;-;89.2	153;153128;155767;-;88.7	162;161131;161697;-;169.3	148;150045;150683;-;67.0	147;148031;149986;-;259.7	134;136095;138407;-;392.8	159;158282;158866;-;54.3	134;136095;138407;-;65.9	A	9/9	contiguous	25036	1	1	140457..140981-;174;unnamed;0
NZ_CP097194.1	MPF_T	IncX1	54	0	0	GA	1	26;24697;25341;-;47.1	25;24423;24713;-;73.5	24;21640;24399;-;44.8	24;21640;24399;-;133.3	24;21640;24399;-;71.9	23;20901;21638;-;57.5	21;19564;20619;-;131.7		20;18652;19374;-;116.0	19;17717;18646;-;133.3	18;16506;17720;-;128.6	17;15451;16488;-;66.4	16;13611;15446;-;543.4		pfam	pfam_only	A	7/7	canonical	1	1	unscoreable	1	0	0														not_admitted	not_admitted	not_admitted	not_admitted	not_admitted	not_admitted	not_admitted
NZ_CP097199.1	MPF_F	IncHI2;IncHI2A	325	0	0	GA	0															not_admitted	not_admitted	not_admitted	not_admitted	not_admitted	not_admitted	not_admitted	not_admitted	not_admitted	not_admitted	1	140;133181;134239;+;276.9	308;282241;283656;+;194.1	307;281205;282251;+;173.7	122;109861;112542;+;168.0	309;283665;287615;+;101.6	118;106176;107531;+;80.7	122;109861;112542;+;72.2	115;103664;104452;+;74.8	138;131528;133039;+;62.7	141;134258;137446;+;58.3	301;272080;274164;-;56.7	121;108902;109852;+;46.4	301;272080;274164;-;38.8	A	9/9	split_3	180001	0	1	
NZ_CP097200.1	MPF_F	IncFII(pHN7A8)	86	0	0	GA	0															not_admitted	not_admitted	not_admitted	not_admitted	not_admitted	not_admitted	not_admitted	not_admitted	not_admitted	not_admitted	1	54;48381;49196;-;296.5	40;38243;39616;-;381.0	45;41206;41949;-;234.4	57;50205;52832;-;306.8	39;35430;38246;-;376.7	63;54983;56410;-;94.3	57;50205;52832;-;98.5	65;57125;57691;-;183.8	48;44031;44669;-;68.6	47;42226;44034;-;268.0	35;30922;33129;-;391.7	59;53348;53863;-;78.4	35;30922;33129;-;70.3	A	9/9	contiguous	26203	1	1	34876..35397-;173;unnamed;0
NZ_CP097201.1	MPF_T	IncX1	62	0	0	GA	1	22;22603;23247;-;47.1	21;22329;22619;-;73.5	20;19546;22305;-;44.8	20;19546;22305;-;133.3	20;19546;22305;-;71.9	19;18807;19544;-;57.5	17;17470;18525;-;131.7		16;16558;17280;-;116.0	15;15623;16552;-;133.3	14;14412;15626;-;128.6	13;13357;14394;-;66.4	12;11517;13352;-;543.4		pfam	pfam_only	A	7/7	canonical	1	1	unscoreable	1	0	0														not_admitted	not_admitted	not_admitted	not_admitted	not_admitted	not_admitted	not_admitted
NZ_CP097214.1	MPF_F	IncFIA;IncFIB(AP001918);IncFII(pHN7A8)	133	0	0	GA	0															not_admitted	not_admitted	not_admitted	not_admitted	not_admitted	not_admitted	not_admitted	not_admitted	not_admitted	not_admitted	1	82;60880;61872;+;369.3	93;67558;68931;+;377.5	86;64601;65344;+;234.6	79;57244;59871;+;305.4	94;68928;71714;+;389.1	72;53762;55189;+;94.3	79;57244;59871;+;98.4	70;52481;53047;+;180.9	83;61881;62519;+;69.4	84;62516;64324;+;268.9	97;73256;75409;+;391.5	76;56213;56728;+;78.4	97;73256;75409;+;69.2	A	9/9	contiguous	20775	1	1	71749..72258+;169;unnamed;0
NZ_CP097226.1	MPF_F	IncFIB(K)	108	0	0	GA	0															not_admitted	not_admitted	not_admitted	not_admitted	not_admitted	not_admitted	not_admitted	not_admitted	not_admitted	not_admitted	1	87;84234;85226;+;366.6	97;90762;92129;+;381.2	93;88752;89504;+;233.7	85;80580;83219;+;258.7	98;92129;94000;+;346.7	76;75341;76765;+;89.2	85;80580;83219;+;88.8	74;74048;74614;+;167.0	88;85239;85877;+;67.0	89;85874;87880;+;259.6	105;98241;100553;+;392.7	78;77377;77946;+;49.7	105;98241;100553;+;66.6	A	9/9	contiguous	24193	0	1	
NZ_CP097229.1	MPF_F	IncFIB(K);IncFIB(pNDM-Mar);IncHI1B(pNDM-MAR)	427	0	0	GA	0															not_admitted	not_admitted	not_admitted	not_admitted	not_admitted	not_admitted	not_admitted	not_admitted	not_admitted	not_admitted	1	292;262683;263675;+;366.6	302;269211;270578;+;381.2	298;267201;267953;+;233.7	290;259029;261668;+;258.7	303;270578;272449;+;346.7	281;253790;255214;+;89.2	290;259029;261668;+;88.8	279;252497;253063;+;167.0	157;148641;150002;-;69.9	294;264323;266329;+;259.6	310;276690;279002;+;392.7	171;163463;164200;-;56.9	310;276690;279002;+;66.6	A	9/9	split_2	128049	0	1	
NZ_CP097233.1	MPF_F	IncFIB(pNDM-Mar);IncHI1B(pNDM-MAR)	318	0	0	GA	0															not_admitted	not_admitted	not_admitted	not_admitted	not_admitted	not_admitted	not_admitted	not_admitted	not_admitted	not_admitted	1	6;7700;8737;-;282.3	245;215583;216992;-;190.4	246;216982;218019;-;175.7	20;20794;23511;-;149.6	244;211613;215581;-;121.3	24;25624;26994;-;65.6	20;20794;23511;-;85.2	27;28640;29500;-;79.0	7;8734;10095;-;69.9	5;4505;7690;-;59.9	166;141266;143392;-;57.7	21;23556;24293;-;56.9	166;141266;143392;-;41.0	A	9/9	split_3	212477	0	1	
NZ_CP097234.1	MPF_F	IncFIB(K)	106	0	0	GA	0															not_admitted	not_admitted	not_admitted	not_admitted	not_admitted	not_admitted	not_admitted	not_admitted	not_admitted	not_admitted	1	72;62639;63631;+;366.6	82;69167;70534;+;381.2	78;67157;67909;+;233.7	70;58985;61624;+;258.7	83;70534;72405;+;346.7	61;53746;55170;+;89.2	70;58985;61624;+;88.8	59;52453;53019;+;167.0	73;63644;64282;+;67.0	74;64279;66285;+;259.6	90;76646;78958;+;392.7	63;55782;56351;+;49.7	90;76646;78958;+;66.6	A	9/9	contiguous	24193	0	1	
NZ_CP097238.1	MPF_F	IncFIB(pNDM-Mar);IncHI1B(pNDM-MAR)	317	0	0	GA	0															not_admitted	not_admitted	not_admitted	not_admitted	not_admitted	not_admitted	not_admitted	not_admitted	not_admitted	not_admitted	1	6;7700;8737;-;282.3	244;214256;215665;-;190.4	245;215655;216692;-;175.7	20;20794;23511;-;149.6	243;210286;214254;-;121.3	24;25624;26994;-;65.6	20;20794;23511;-;85.2	27;28640;29500;-;79.0	7;8734;10095;-;69.9	5;4505;7690;-;59.9	165;139939;142065;-;57.7	21;23556;24293;-;56.9	165;139939;142065;-;41.0	A	9/9	split_3	211150	0	1	
NZ_CP097239.1	MPF_F	IncFIB(K)	106	0	0	GA	0															not_admitted	not_admitted	not_admitted	not_admitted	not_admitted	not_admitted	not_admitted	not_admitted	not_admitted	not_admitted	1	72;62639;63631;+;366.6	82;69167;70534;+;381.2	78;67157;67909;+;233.7	70;58985;61624;+;258.7	83;70534;72405;+;346.7	61;53746;55170;+;89.2	70;58985;61624;+;88.8	59;52453;53019;+;167.0	73;63644;64282;+;67.0	74;64279;66285;+;259.6	90;76646;78958;+;392.7	63;55782;56351;+;49.7	90;76646;78958;+;66.6	A	9/9	contiguous	24193	0	1	
NZ_CP097254.1	MPF_F	-	112	0	0	GA	0															not_admitted	not_admitted	not_admitted	not_admitted	not_admitted	not_admitted	not_admitted	not_admitted	not_admitted	not_admitted	1	68;48589;50187;+;329.5	74;53226;54614;+;244.4	72;51907;52734;+;170.0	65;41955;44495;+;161.1	75;54614;58564;+;129.9	63;40189;41436;+;59.4	65;41955;44495;+;83.3	61;38762;39394;+;42.7	70;50618;51367;+;95.2	67;46535;48430;+;72.2	1;1353;2789;-;232.4	64;41436;41954;+;71.4		A	9/9	split_2	53261	1	1	58689..58940+;83;unnamed;0
NZ_CP097287.1	MPF_T	-	57	0	0	GA	1	9;8650;9552;+;37.1	56;41512;41973;+;65.4		0;4;2688;+;78.4	0;4;2688;+;74.9	1;2685;3371;+;85.7	4;3996;4859;+;134.0		5;4859;5524;+;68.5	6;5551;6342;+;177.4	7;6345;7628;+;163.8	8;7638;8666;+;91.3	16;15793;17349;-;60.4		pfam	both	A	7/7	canonical	1	0	unscoreable	8	0	0														not_admitted	not_admitted	not_admitted	not_admitted	not_admitted	not_admitted	not_admitted
NZ_CP097292.1	-	-	134	0	0	GA	0															not_admitted	not_admitted	not_admitted	not_admitted	not_admitted	not_admitted	not_admitted	not_admitted	not_admitted	not_admitted	1	91;110900;111886;-;362.4	83;103671;104996;-;331.4	88;107527;108315;-;208.0	94;112928;115639;-;234.4	82;100774;103665;-;317.3	97;117141;118505;-;92.2	94;112928;115639;-;121.8	99;119249;119818;-;125.3	90;110150;110884;-;71.0	89;108312;110153;-;232.4	78;97187;99427;-;387.4	95;115642;116196;-;46.8	78;97187;99427;-;76.4	A	9/9	contiguous	22062	1	1	100235..100732-;165;unnamed;0
NZ_CP097295.1	MPF_F	-	198	0	0	GA	0															not_admitted	not_admitted	not_admitted	not_admitted	not_admitted	not_admitted	not_admitted	not_admitted	not_admitted	not_admitted	1	47;43767;44777;-;377.7	38;36376;37782;-;300.5	40;38330;39109;-;167.9	51;46277;48826;-;193.3	37;33559;36372;-;305.2	53;49511;51049;-;90.2	51;46277;48826;-;100.1	55;51814;52386;-;117.9	46;42800;43513;-;93.4	45;40964;42763;-;228.1	35;29994;32093;-;400.1	52;49113;49508;-;29.5	143;138365;140452;-;76.8	A	9/9	split_2	108371	1	1	32946..33476-;176;unnamed;0
NZ_CP097343.1	MPF_F	IncHI2;IncHI2A	338	0	0	GA	0															not_admitted	not_admitted	not_admitted	not_admitted	not_admitted	not_admitted	not_admitted	not_admitted	not_admitted	not_admitted	1	29;32879;33937;+;276.9	207;194722;196137;-;194.1	208;196127;197173;-;173.7	11;9559;12240;+;168.0	206;190763;194713;-;101.6	7;5874;7229;+;80.7	11;9559;12240;+;72.2	4;3362;4150;+;74.8	27;31226;32737;+;62.7	30;33956;37144;+;58.3	214;204214;206298;+;56.7	10;8600;9550;+;46.4	214;204214;206298;+;38.8	A	9/9	split_3	200852	0	1	
NZ_CP097344.1	MPF_T	IncN	94	0	0	GA	1	36;25968;26705;+;32.0		39;27349;27666;+;63.3	40;27666;30266;+;111.8	40;27666;30266;+;76.4	41;30284;30997;+;105.5	43;31248;32288;+;142.4		44;32507;33205;+;131.9	45;33216;34100;+;159.7	46;34100;35260;+;156.3	47;35302;36297;+;81.2	92;77130;78659;-;38.5		pfam	both	A	7/7	canonical	1	0	unscoreable	3	0	0														not_admitted	not_admitted	not_admitted	not_admitted	not_admitted	not_admitted	not_admitted
NZ_CP097346.1	MPF_F	IncFIB(pECLA);IncFII(pECLA)	171	0	0	GA	0															not_admitted	not_admitted	not_admitted	not_admitted	not_admitted	not_admitted	not_admitted	not_admitted	not_admitted	not_admitted	1	68;51569;52567;+;362.5	77;57816;59180;+;358.9	71;55033;55815;+;212.9	60;45558;48167;+;225.6	78;59180;62500;+;307.0	52;41592;43001;+;90.6	60;45558;48167;+;99.4	50;40262;40843;+;95.4	69;52578;53204;+;63.9	70;53201;55036;+;221.2	82;64643;67210;+;367.6	58;44756;45310;+;44.9	82;64643;67210;+;71.2	A	9/9	contiguous	24381	1	1	62513..63109+;198;unnamed;0
NZ_CP097361.1	MPF_F	Col156;IncFIB(AP001918);IncFII(29)	170	0	0	GA	0															not_admitted	not_admitted	not_admitted	not_admitted	not_admitted	not_admitted	not_admitted	not_admitted	not_admitted	not_admitted	1	113;101506;102498;-;369.5	101;94079;95452;-;381.7	108;97657;98400;-;233.1	116;103507;106137;-;304.0	100;91260;94082;-;388.5	123;109268;110695;-;93.9	116;103507;106137;-;99.3	125;111410;111976;-;183.1	111;100524;101162;-;68.6	110;98677;100527;-;271.9	92;84169;86448;-;391.0	120;107624;108139;-;73.9	92;84169;86448;-;70.3	A	9/9	contiguous	27241	1	1	90759..91238-;159;TraS;0
NZ_CP097364.1	MPF_F	IncHI2;IncHI2A	299	0	0	GA	0															not_admitted	not_admitted	not_admitted	not_admitted	not_admitted	not_admitted	not_admitted	not_admitted	not_admitted	not_admitted	1	28;31209;32267;+;276.9	209;191402;192817;-;194.1	210;192807;193853;-;173.7	11;8955;11636;+;168.0	208;187443;191393;-;101.6	7;5270;6625;+;80.7	11;8955;11636;+;72.2	4;2758;3546;+;74.8	26;29556;31067;+;62.3	29;32286;35474;+;57.5	216;200894;202978;+;56.7	10;7996;8946;+;46.4	216;200894;202978;+;38.8	A	9/9	split_3	198136	0	1	
NZ_CP097365.1	MPF_F	IncFIA;IncFIB(AP001918);IncFIC(FII)	154	0	0	GA	0															not_admitted	not_admitted	not_admitted	not_admitted	not_admitted	not_admitted	not_admitted	not_admitted	not_admitted	not_admitted	1	82;95308;96300;-;369.3	71;88249;89622;-;378.0	78;91836;92579;-;234.5	85;97309;99936;-;305.4	70;85430;88252;-;389.5	91;101991;103418;-;94.3	85;97309;99936;-;98.5	93;104133;104699;-;182.9	81;94661;95299;-;68.4	80;92856;94664;-;268.4	67;81748;83901;-;391.9	87;100452;100967;-;78.4	67;81748;83901;-;70.4	A	9/9	contiguous	22385	1	1	84917..85408-;163;TraS;0
NZ_CP097371.1	MPF_F	Col156;IncFIB(AP001918);IncFII	160	0	0	GA	0															not_admitted	not_admitted	not_admitted	not_admitted	not_admitted	not_admitted	not_admitted	not_admitted	not_admitted	not_admitted	1	104;94513;95505;-;369.5	93;87405;88778;-;382.9	99;90706;91449;-;234.4	107;96514;99141;-;300.9	92;84589;87408;-;385.4	113;101294;102721;-;93.9	107;96514;99141;-;102.2	115;103436;104002;-;182.7	102;93531;94169;-;70.7	101;91726;93534;-;267.1	89;80868;83057;-;380.8	109;99657;100172;-;76.0	89;80868;83057;-;66.5	A	9/9	contiguous	22568	1	1	84073..84564-;163;TraS;0
NZ_CP097372.1	MPF_T	IncX1;IncX10	50	0	0	GA	1	10;4727;5374;+;45.5	11;5352;5648;+;76.6	12;5667;8420;+;46.6	12;5667;8420;+;147.9	12;5667;8420;+;75.3	13;8431;9189;+;67.5	15;9427;10560;+;109.2		16;10805;11518;+;120.0	17;11523;12452;+;133.7	18;12449;13654;+;132.5	19;13656;14687;+;76.3	20;14690;16525;+;484.7		pfam	pfam_only	A	7/7	canonical	1	1	unscoreable	1	0	0														not_admitted	not_admitted	not_admitted	not_admitted	not_admitted	not_admitted	not_admitted
NZ_CP097381.1	MPF_F	IncC	199	0	0	GA	0															not_admitted	not_admitted	not_admitted	not_admitted	not_admitted	not_admitted	not_admitted	not_admitted	not_admitted	not_admitted	1	95;73949;74956;+;332.9	188;155077;156510;+;339.2	187;154047;155075;+;221.7	90;68750;71197;+;354.2	189;156523;160137;+;375.3	81;55439;56755;+;135.0	90;68750;71197;+;128.6	79;53915;54541;+;92.1	93;72019;73284;+;67.6	96;75072;77867;+;145.3	70;48240;50105;+;47.4	82;56752;57330;+;100.2	70;48240;50105;+;52.0	A	9/9	split_2	108283	0	1	
NZ_CP097382.1	-	-	133	0	0	GA	0															not_admitted	not_admitted	not_admitted	not_admitted	not_admitted	not_admitted	not_admitted	not_admitted	not_admitted	not_admitted	1	8;6274;7269;+;361.5	17;13258;14634;+;330.2	11;9779;10567;+;203.1	5;2523;5234;+;235.2	18;14647;17541;+;318.3	0;35;688;+;71.8	5;2523;5234;+;124.5	130;112890;113459;+;123.6	9;7285;7905;+;68.6	10;7902;9782;+;235.0	22;18628;20850;+;379.3	4;1967;2521;+;57.7	22;18628;20850;+;73.7	A	9/9	split_2	112855	1	1	17538..18038+;166;unnamed;0
NZ_CP097388.1	MPF_F	IncFII(K);repB(R1701)	141	0	0	GA	0															not_admitted	not_admitted	not_admitted	not_admitted	not_admitted	not_admitted	not_admitted	not_admitted	not_admitted	not_admitted	1	113;87771;88763;+;362.9	126;96281;97651;+;382.7	122;94327;95079;+;230.7	110;84106;86745;+;259.2	127;97651;100494;+;346.5	99;78648;80072;+;90.9	110;84106;86745;+;88.7	97;77355;77921;+;169.3	117;90794;91441;+;66.0	118;91500;93455;+;259.7	131;103079;105391;+;392.8	102;80889;81473;+;53.4	131;103079;105391;+;65.9	A	9/9	contiguous	25724	1	1	100505..101029+;174;unnamed;0
NZ_CP097412.1	MPF_F	IncFIB(K);IncFII(K)	228	0	0	GA	0															not_admitted	not_admitted	not_admitted	not_admitted	not_admitted	not_admitted	not_admitted	not_admitted	not_admitted	not_admitted	1	182;186233;187222;-;363.3	171;179047;180414;-;382.2	175;181672;182424;-;236.4	186;188679;191318;-;259.0	170;176204;179047;-;342.9	197;195285;196709;-;88.8	186;188679;191318;-;87.6	199;197436;198002;-;167.9	180;185310;185957;-;65.9	179;183296;185251;-;259.5	166;171307;173619;-;392.8	194;194089;194673;-;53.8	166;171307;173619;-;65.9	A	9/9	contiguous	26129	1	1	175669..176193-;174;unnamed;0
NZ_CP097416.1	MPF_F	IncFIB(K);IncFII(K)	228	0	0	GA	0															not_admitted	not_admitted	not_admitted	not_admitted	not_admitted	not_admitted	not_admitted	not_admitted	not_admitted	not_admitted	1	182;186233;187222;-;363.3	171;179047;180414;-;382.2	175;181672;182424;-;236.4	186;188679;191318;-;259.0	170;176204;179047;-;342.9	197;195285;196709;-;88.8	186;188679;191318;-;87.6	199;197436;198002;-;167.9	180;185310;185957;-;65.9	179;183296;185251;-;259.5	166;171307;173619;-;392.8	194;194089;194673;-;53.8	166;171307;173619;-;65.9	A	9/9	contiguous	26129	1	1	175669..176193-;174;unnamed;0
NZ_CP097420.1	MPF_F	IncFIB(K)	164	0	0	GA	0															not_admitted	not_admitted	not_admitted	not_admitted	not_admitted	not_admitted	not_admitted	not_admitted	not_admitted	not_admitted	1	13;9645;10637;+;366.6	23;16088;17458;+;381.2	19;14134;14886;+;232.4	10;5980;8619;+;258.7	24;17458;20307;+;344.2	1;741;2165;+;89.2	10;5980;8619;+;88.8		14;10650;11288;+;67.0	15;11285;13291;+;259.0	28;22121;23509;+;302.4	3;2777;3346;+;49.7		B	8/9	contiguous	21380	1	1	20310..20840+;176;unnamed;0
NZ_CP097428.1	MPF_F	IncFII(pCoo)	68	0	0	GA	0															not_admitted	not_admitted	not_admitted	not_admitted	not_admitted	not_admitted	not_admitted	not_admitted	not_admitted	not_admitted	1	3;3637;4629;+;370.2	11;9325;10698;+;380.4	7;7361;8104;+;233.3	0;1;2628;+;303.5	12;10695;13517;+;386.8	64;66754;68181;+;94.3	0;1;2628;+;100.3	62;65473;66039;+;183.8	4;4638;5276;+;68.3	5;5273;7081;+;268.2	15;15051;17285;+;391.7	67;69062;69577;+;78.0	15;15051;17285;+;70.3	A	9/9	split_2	69061	1	1	13538..14035+;165;TraS;0
NZ_CP097432.1	MPF_F	IncFII(pCoo)	68	0	0	GA	0															not_admitted	not_admitted	not_admitted	not_admitted	not_admitted	not_admitted	not_admitted	not_admitted	not_admitted	not_admitted	1	51;49163;50155;+;370.2	59;54851;56224;+;380.4	55;52887;53630;+;233.3	48;45527;48154;+;303.5	60;56221;59043;+;386.8	44;42188;43615;+;94.3	48;45527;48154;+;100.3	42;40907;41473;+;183.8	52;50164;50802;+;68.3	53;50799;52607;+;268.2	63;60577;62811;+;391.7	47;44496;45011;+;78.0	63;60577;62811;+;70.3	A	9/9	contiguous	19670	1	1	59064..59561+;165;TraS;0
NZ_CP097490.1	MPF_T	-	346	0	0	GA	1		186;162401;162778;-;87.0	185;162120;162404;-;31.4	184;159648;162107;-;39.0	184;159648;162107;-;128.7	183;158923;159651;-;223.6	181;157208;158581;-;174.6		180;156494;157195;-;231.1	179;155505;156497;-;225.7	178;154207;155502;-;206.6	187;162775;163803;-;110.0	189;164285;166282;-;338.0		conjscan	conjscan_only	A	7/7	canonical	1	0	unscoreable	3	0	0														not_admitted	not_admitted	not_admitted	not_admitted	not_admitted	not_admitted	not_admitted
NZ_CP097492.1	MPF_T	IncP1	62	0	0	GA	1	44;39749;40384;-;23.5	55;50237;50701;-;63.5	54;49922;50233;-;49.8	53;47367;49925;-;91.0	53;47367;49925;-;112.1	48;42969;43733;-;122.3	46;41003;42721;-;143.0		52;46588;47370;-;145.8	51;45671;46570;-;186.5	49;43754;45175;-;223.3	56;50718;51680;-;127.6	18;13056;14969;+;525.1		conjscan	conjscan_only	A	7/7	canonical	1	0	unscoreable	4	0	0														not_admitted	not_admitted	not_admitted	not_admitted	not_admitted	not_admitted	not_admitted
NZ_CP097494.1	MPF_T	-	51	0	0	GA	1	8;9328;9960;+;56.9	46;37685;38008;+;51.2	47;38036;38404;+;79.5	48;38401;40836;+;153.5	48;38401;40836;+;105.7	49;40833;41564;+;140.8	0;1;951;+;149.5		2;1270;2163;+;90.8	3;2166;2975;+;142.3	4;2972;4183;+;127.8	5;4180;5226;+;86.7	6;5236;7146;+;329.8		pfam	both	A	7/7	rearranged	1	0	unscoreable	2	0	0														not_admitted	not_admitted	not_admitted	not_admitted	not_admitted	not_admitted	not_admitted
NZ_CP097541.1	MPF_T	-	204	0	0	GA	1	49;42877;44031;+;73.9	45;39794;40087;+;75.3	46;40080;40358;+;90.4	47;40348;42723;+;82.6	47;40348;42723;+;46.7	50;44031;44840;+;70.9	57;49186;50262;+;128.6		51;44855;45511;+;172.9	52;45513;46208;+;165.4	53;46205;47584;+;176.2	54;47589;48575;+;103.7	61;55361;57364;-;289.2		pfam	both	A	7/7	canonical	1	0	unscoreable	6	0	0														not_admitted	not_admitted	not_admitted	not_admitted	not_admitted	not_admitted	not_admitted
NZ_CP097543.1	MPF_T	-	143	0	0	GA	1	47;37217;38371;+;74.5	43;34146;34439;+;75.3	44;34390;34710;+;88.2	45;34700;37063;+;84.8	45;34700;37063;+;43.9	48;38371;39180;+;69.4	55;43526;44602;+;131.4		49;39197;39850;+;171.9	50;39853;40548;+;167.5	51;40545;41924;+;179.8	52;41929;42915;+;104.1	59;48594;50594;-;288.4		pfam	both	A	7/7	canonical	1	0	unscoreable	6	0	0														not_admitted	not_admitted	not_admitted	not_admitted	not_admitted	not_admitted	not_admitted
NZ_CP097546.1	-	-	114	0	0	GA	1	37;36150;37256;-;69.3	41;40078;40359;-;86.2	40;39800;40078;-;63.6	39;37429;39810;-;97.6	39;37429;39810;-;41.8	36;35380;36153;-;50.6	34;33975;34988;-;113.7		33;33313;33978;-;181.0	32;32578;33309;-;181.2	31;31153;32574;-;170.2	30;30170;31156;-;108.8	18;16214;18130;+;278.1		pfam	pfam_only	A	7/7	canonical	1	0	unscoreable	2	0	0														not_admitted	not_admitted	not_admitted	not_admitted	not_admitted	not_admitted	not_admitted
NZ_CP097548.1	MPF_T	-	204	0	0	GA	1	49;42877;44031;+;73.9	45;39794;40087;+;75.3	46;40080;40358;+;90.4	47;40348;42723;+;82.6	47;40348;42723;+;46.7	50;44031;44840;+;70.9	57;49186;50262;+;128.6		51;44855;45511;+;172.9	52;45513;46208;+;165.4	53;46205;47584;+;176.2	54;47589;48575;+;103.7	61;55361;57364;-;289.2		pfam	both	A	7/7	canonical	1	0	unscoreable	6	0	0														not_admitted	not_admitted	not_admitted	not_admitted	not_admitted	not_admitted	not_admitted
NZ_CP097550.1	MPF_T	-	145	0	0	GA	1	49;37220;38374;+;74.5	45;34149;34442;+;75.3	46;34393;34713;+;88.2	47;34703;37066;+;84.8	47;34703;37066;+;43.9	50;38374;39183;+;69.4	57;43529;44605;+;131.4		51;39200;39853;+;171.9	52;39856;40551;+;167.5	53;40548;41927;+;179.8	54;41932;42918;+;104.1	61;48597;50597;-;288.4		pfam	both	A	7/7	canonical	1	0	unscoreable	6	0	0														not_admitted	not_admitted	not_admitted	not_admitted	not_admitted	not_admitted	not_admitted
NZ_CP097553.1	-	-	114	0	0	GA	1	37;36150;37256;-;69.3	41;40078;40359;-;86.2	40;39800;40078;-;63.6	39;37429;39810;-;97.6	39;37429;39810;-;41.8	36;35380;36153;-;50.6	34;33975;34988;-;113.7		33;33313;33978;-;181.0	32;32578;33309;-;181.2	31;31153;32574;-;170.2	30;30170;31156;-;108.8	18;16214;18130;+;278.1		pfam	pfam_only	A	7/7	canonical	1	0	unscoreable	2	0	0														not_admitted	not_admitted	not_admitted	not_admitted	not_admitted	not_admitted	not_admitted
NZ_CP097627.1	MPF_F	IncFII(pHN7A8);IncR	191	0	0	GA	0															not_admitted	not_admitted	not_admitted	not_admitted	not_admitted	not_admitted	not_admitted	not_admitted	not_admitted	not_admitted	1	97;79647;80639;-;369.5	84;71441;72814;-;376.8	89;74380;75123;-;234.4	100;81648;84275;-;301.8	83;68628;71444;-;376.7	105;86330;87757;-;94.1	100;81648;84275;-;101.8	107;88472;89038;-;183.8	94;78063;78701;-;70.4	91;75400;77250;-;265.0	79;64129;66327;-;391.7	101;84791;85306;-;77.6	79;64129;66327;-;70.3	A	9/9	contiguous	24343	1	1	68074..68595-;173;unnamed;0
NZ_CP097628.1	MPF_F	IncFIB(K);IncFII(K);IncFII(pAR0022)	227	0	0	GA	0															not_admitted	not_admitted	not_admitted	not_admitted	not_admitted	not_admitted	not_admitted	not_admitted	not_admitted	not_admitted	1	138;137465;138454;-;366.6	128;130551;131918;-;384.1	132;133176;133928;-;233.7	142;139911;142550;-;258.5	127;127729;130551;-;346.4	152;146454;147878;-;89.5	142;139911;142550;-;88.7	154;148605;149171;-;167.0	137;136814;137452;-;66.9	136;134800;136755;-;259.4	123;122804;125113;-;393.1	150;145258;145842;-;53.8	123;122804;125113;-;66.6	A	9/9	contiguous	25801	1	1	127104..127706-;200;TraS;0
NZ_CP097629.1	MPF_T	-	54	0	0	GA	1	18;13609;14349;+;34.9	20;14673;14963;+;45.6	21;15015;15329;+;65.3	22;15329;17959;+;124.9	22;15329;17959;+;86.8	23;17969;18676;+;114.6	25;18935;19978;+;127.4	26;20073;20243;+;41.4	27;20246;20962;+;145.6	28;20965;21852;+;144.5	29;21849;23003;+;174.0	30;22996;24027;+;78.1	35;28435;30012;-;52.1		pfam	both	A	7/7	canonical	1	0	ga	6	0	0														not_admitted	not_admitted	not_admitted	not_admitted	not_admitted	not_admitted	not_admitted
NZ_CP097634.1	MPF_T	-	423	0	0	GA	1	339;318678;319850;+;70.9	336;315495;315848;+;50.6	337;315851;316177;+;48.7	338;316181;318700;+;135.9	338;316181;318700;+;93.6		342;320880;321953;+;86.7		343;322077;322790;+;119.5	344;322787;323620;+;181.0	145;138651;139190;+;192.8	346;324944;325993;+;131.2	347;325962;328751;+;219.7		none	none	A	7/7	canonical	0	0	unscoreable	4	0	0														not_admitted	not_admitted	not_admitted	not_admitted	not_admitted	not_admitted	not_admitted
NZ_CP097653.1	MPF_T	IncX3	66	0	0	GA	1	55;41954;42598;+;46.4	56;42582;42872;+;73.1	57;42897;45650;+;47.0	57;42897;45650;+;142.4	57;42897;45650;+;73.3	58;45660;46430;+;60.1	60;46709;47764;+;133.2		61;47959;48687;+;119.4	62;48693;49622;+;138.8	63;49619;50833;+;128.3	65;51029;52063;+;65.7	0;1;1836;+;495.9		pfam	pfam_only	A	7/7	canonical	1	1	unscoreable	2	0	0														not_admitted	not_admitted	not_admitted	not_admitted	not_admitted	not_admitted	not_admitted
NZ_CP097656.1	-	IncX6	54	0	0	GA	1	2;834;1463;+;45.3	3;1481;1774;+;50.5	4;1788;2564;+;60.7	5;2561;4552;+;129.7	4;1788;2564;+;46.8	6;4564;5304;+;110.2	8;5763;6821;+;122.9		9;7025;7711;+;167.1	10;7708;8628;+;144.2	11;8628;9917;+;131.5	12;9921;10952;+;79.6	13;10939;12765;+;384.8		pfam	pfam_only	A	7/7	canonical	1	0	unscoreable	1	0	0														not_admitted	not_admitted	not_admitted	not_admitted	not_admitted	not_admitted	not_admitted
NZ_CP097662.1	MPF_F	IncFII(pHN7A8);repB(R1701)	193	0	0	GA	0															not_admitted	not_admitted	not_admitted	not_admitted	not_admitted	not_admitted	not_admitted	not_admitted	not_admitted	not_admitted	1	110;80440;81432;-;369.5			113;82441;85068;-;301.8		118;87123;88550;-;94.1	113;82441;85068;-;101.8	120;89265;89831;-;183.8			113;82441;85068;-;20.8	114;85584;86099;-;77.6		D	4/9	contiguous	8825	0	0	
NZ_CP097665.1	MPF_F	IncFII(pKP91);IncR	164	0	0	GA	0															not_admitted	not_admitted	not_admitted	not_admitted	not_admitted	not_admitted	not_admitted	not_admitted	not_admitted	not_admitted	1	103;76716;77708;+;362.9	116;85299;86672;+;382.8	112;83289;84041;+;233.7	100;73051;75693;+;259.1	117;86665;89487;+;340.4	90;67739;69163;+;89.2	100;73051;75693;+;84.8	88;66446;67012;+;168.5	107;79739;80386;+;65.7	108;80445;82400;+;257.4	120;91455;93755;+;392.7	92;69795;70367;+;53.5	120;91455;93755;+;66.6	A	9/9	contiguous	25009	1	1	89511..90113+;200;TraS;0
NZ_CP097666.1	MPF_F	IncFII(Yp);IncFII(pAR0022);IncFII(pHN7A8);IncQ1;repB(R1701)	192	0	0	GA	0															not_admitted	not_admitted	not_admitted	not_admitted	not_admitted	not_admitted	not_admitted	not_admitted	not_admitted	not_admitted	1	12;11487;12479;+;369.5	25;19312;20685;+;376.8	20;17003;17746;+;234.4	9;8397;10478;+;190.1	26;20682;22169;+;379.7	161;124431;125858;-;94.1	9;8397;10478;+;102.6	163;126573;127139;-;183.8	15;13425;14063;+;70.4	18;14876;16726;+;265.0	152;117882;118793;-;128.8			B	8/9	split_2	118176	1	1	22206..22910+;234;unnamed;0
NZ_CP097667.1	MPF_F	IncC	189	0	0	GA	0															not_admitted	not_admitted	not_admitted	not_admitted	not_admitted	not_admitted	not_admitted	not_admitted	not_admitted	not_admitted	1	72;60535;61542;-;332.9	183;146526;147959;-;339.2	184;147961;148989;-;221.7	77;64294;66741;-;354.2	182;142899;146513;-;375.3	88;79513;80829;-;135.0	77;64294;66741;-;128.6	90;81727;82353;-;92.1	74;62207;63472;-;67.6	71;57624;60419;-;145.3	99;86163;88028;-;47.4	87;78938;79516;-;100.2	99;86163;88028;-;52.0	A	9/9	split_2	90337	0	1	
NZ_CP097673.1	MPF_F	IncFII(pHN7A8);IncHI1B(pNDM-MAR);repB	330	0	0	GA	0															not_admitted	not_admitted	not_admitted	not_admitted	not_admitted	not_admitted	not_admitted	not_admitted	not_admitted	not_admitted	1	306;268176;269168;+;369.5	319;276001;277374;+;376.8	314;273692;274435;+;234.4	303;264540;267167;+;301.8	320;277371;280187;+;376.7	298;261058;262485;+;94.1	303;264540;267167;+;101.8	296;259777;260343;+;183.8	309;270114;270752;+;70.4	312;271565;273415;+;265.0	324;282488;284704;+;391.7	302;263509;264024;+;77.6	324;282488;284704;+;70.3	A	9/9	contiguous	22711	1	1	280220..280741+;173;unnamed;0
NZ_CP097678.1	MPF_F	IncFIB(pNDM-Mar);IncHI1B(pNDM-MAR)	314	0	0	GA	0															not_admitted	not_admitted	not_admitted	not_admitted	not_admitted	not_admitted	not_admitted	not_admitted	not_admitted	not_admitted	1	105;87382;88419;+;282.3	267;244873;246282;-;190.4	268;246272;247309;-;175.6	93;73833;76550;+;149.6	266;240963;244871;-;121.3	89;70350;71720;+;65.6	93;73833;76550;+;85.2	86;67844;68704;+;79.0	104;86024;87385;+;69.9	106;88429;91611;+;60.1	275;254508;256634;+;57.7	92;73051;73788;+;56.9	275;254508;256634;+;41.0	A	9/9	split_2	186664	0	1	
NZ_CP097680.1	MPF_F	IncHI1B(pNDM-MAR);repB	304	0	0	GA	0															not_admitted	not_admitted	not_admitted	not_admitted	not_admitted	not_admitted	not_admitted	not_admitted	not_admitted	not_admitted	1	130;111332;112324;+;369.5			127;107696;110323;+;300.9		121;104116;105543;+;93.9	127;107696;110323;+;102.2	119;102835;103401;+;182.7	132;112668;113306;+;70.7	133;113303;114712;+;108.9	127;107696;110323;+;20.8	125;106665;107180;+;76.0		C	6/9	contiguous	10468	0	1	
NZ_CP097686.1	MPF_F	IncFII(pHN7A8);IncR	192	0	0	GA	0															not_admitted	not_admitted	not_admitted	not_admitted	not_admitted	not_admitted	not_admitted	not_admitted	not_admitted	not_admitted	1	12;9156;10148;+;369.5	25;16981;18354;+;376.8	20;14672;15415;+;234.4	9;5520;8147;+;301.8	26;18351;21167;+;376.7	4;2038;3465;+;94.1	9;5520;8147;+;101.8	2;757;1323;+;183.8	15;11094;11732;+;70.4	18;12545;14395;+;265.0	30;23468;25684;+;391.7	8;4489;5004;+;77.6	30;23468;25684;+;70.3	A	9/9	contiguous	22711	1	1	21200..21721+;173;unnamed;0
NZ_CP097687.1	MPF_F	IncFIB(K);IncFII(pKP91)	188	0	0	GA	0															not_admitted	not_admitted	not_admitted	not_admitted	not_admitted	not_admitted	not_admitted	not_admitted	not_admitted	not_admitted	1	64;47551;48540;-;363.3	52;40366;41733;-;382.2	57;43107;43742;-;190.9	69;50941;52635;-;261.0	51;37517;40366;-;342.9	79;56597;58021;-;89.2	68;49997;50941;-;44.6	81;58748;59314;-;167.9	62;46628;47275;-;65.9	61;44614;46569;-;259.5		77;55401;55985;-;53.8		A	9/9	contiguous	21231	1	1	36816..37514-;232;unnamed;0
NZ_CP097690.1	MPF_F	RepB	247	0	0	GA	0															not_admitted	not_admitted	not_admitted	not_admitted	not_admitted	not_admitted	not_admitted	not_admitted	not_admitted	not_admitted	1	12;11021;12058;-;282.3	77;80877;82286;+;190.4	76;79850;80887;+;175.6	24;22890;25607;-;149.6	78;82288;86256;+;121.3	28;27720;29090;-;65.6	24;22890;25607;-;85.2	31;30736;31596;-;79.0	13;12055;13416;-;69.9	11;7826;11011;-;59.6	69;70513;72639;-;57.8	25;25652;26389;-;56.9	69;70513;72639;-;41.0	A	9/9	split_2	74462	0	1	
NZ_CP097698.1	MPF_F	repB(R1701)	137	0	0	GA	0															not_admitted	not_admitted	not_admitted	not_admitted	not_admitted	not_admitted	not_admitted	not_admitted	not_admitted	not_admitted	1	80;55977;56966;+;366.6	90;62513;63880;+;384.0	86;60503;61255;+;233.7	76;52418;54520;+;154.9	91;63880;66729;+;346.4	67;46564;47988;+;89.3	76;52418;54520;+;89.5	64;44443;45009;+;169.3	81;56979;57617;+;66.9	82;57676;59631;+;259.4	98;69967;72279;+;393.1	68;48060;48644;+;54.7	98;69967;72279;+;66.6	A	9/9	contiguous	25524	1	1	66732..67349+;205;unnamed;0
NZ_CP097704.1	MPF_F	IncFII(K);IncQ1;repB(R1701)	135	0	0	GA	0															not_admitted	not_admitted	not_admitted	not_admitted	not_admitted	not_admitted	not_admitted	not_admitted	not_admitted	not_admitted	1	56;39961;40950;+;366.6	66;46497;47864;+;384.0	62;44487;45239;+;233.3	52;35879;38518;+;258.5	67;47864;50713;+;346.4	45;31262;32686;+;89.2	52;35879;38518;+;88.2	43;29969;30535;+;169.3	57;40963;41601;+;66.9	58;41660;43615;+;259.7	71;53175;55487;+;393.1	46;32800;33384;+;53.6	71;53175;55487;+;66.6	A	9/9	contiguous	23206	1	1	50716..51249+;177;unnamed;0
NZ_CP097707.1	MPF_F	IncFII(pHN7A8);IncR	189	0	0	GA	0															not_admitted	not_admitted	not_admitted	not_admitted	not_admitted	not_admitted	not_admitted	not_admitted	not_admitted	not_admitted	1	107;89794;90786;+;369.5	120;97619;98992;+;376.8	115;95310;96053;+;234.4	104;86158;88785;+;301.8	121;98989;101805;+;376.7	100;82677;84104;+;94.1	104;86158;88785;+;101.8	98;81396;81962;+;183.8	110;91732;92370;+;70.4	113;93183;95033;+;265.0	125;104106;106322;+;391.7	103;85127;85642;+;77.6	125;104106;106322;+;70.3	A	9/9	contiguous	22710	1	1	101838..102359+;173;unnamed;0
NZ_CP097712.1	MPF_F	IncFIB(AP001918);IncFIC(FII)	196	0	0	GA	0															not_admitted	not_admitted	not_admitted	not_admitted	not_admitted	not_admitted	not_admitted	not_admitted	not_admitted	not_admitted	1	92;82519;83511;-;369.3	81;75500;76873;-;380.9	88;79047;79790;-;235.0	95;84520;87147;-;305.3	80;72678;75503;-;385.2	100;89202;90629;-;94.3	95;84520;87147;-;96.9	102;91344;91910;-;183.8	91;81872;82510;-;68.4	90;80067;81875;-;265.6	77;69021;71174;-;391.9	96;87663;88178;-;78.0	77;69021;71174;-;70.4	A	9/9	contiguous	22323	1	1	72172..72681-;169;unnamed;0
NZ_CP097715.1	MPF_T	IncX1	54	0	0	GA	1	33;30617;31261;-;47.1	32;30343;30633;-;73.5	31;27560;30319;-;44.8	31;27560;30319;-;133.3	31;27560;30319;-;71.9	30;26821;27558;-;57.5	28;25484;26539;-;131.7		27;24572;25294;-;116.0	26;23637;24566;-;132.4	25;22426;23640;-;128.6	24;21653;22408;-;25.1	22;19530;21365;-;543.4		pfam	pfam_only	A	7/7	canonical	1	1	unscoreable	2	0	0														not_admitted	not_admitted	not_admitted	not_admitted	not_admitted	not_admitted	not_admitted
NZ_CP097717.1	MPF_F	IncFIA;IncFIB(AP001918);IncFIC(FII)	174	0	0	GA	0															not_admitted	not_admitted	not_admitted	not_admitted	not_admitted	not_admitted	not_admitted	not_admitted	not_admitted	not_admitted	1	152;147315;148307;+;369.3	163;153993;155366;+;378.0	156;151036;151779;+;234.5	149;143679;146306;+;305.4	164;155363;158185;+;389.5	140;138936;140363;+;94.3	149;143679;146306;+;98.5	138;137655;138221;+;182.9	153;148316;148954;+;68.4	154;148951;150759;+;268.4	167;159714;161867;+;391.9	147;142648;143163;+;78.4	167;159714;161867;+;70.4	A	9/9	contiguous	22059	1	1	158207..158698+;163;TraS;0
NZ_CP097718.1	MPF_T	IncX4	52	0	0	GA	1	50;34002;34622;+;46.9	51;34636;34962;+;64.4	0;1;2748;+;62.7	0;1;2748;+;150.8	0;1;2748;+;45.4	1;2760;3476;+;96.1	2;3487;4566;+;154.6		4;5081;5767;+;169.0	5;5764;6672;+;142.4	6;6665;7783;+;164.0	7;7785;8813;+;85.0	8;8845;10662;+;317.5		pfam	pfam_only	A	7/7	canonical	1	1	unscoreable	1	0	0														not_admitted	not_admitted	not_admitted	not_admitted	not_admitted	not_admitted	not_admitted
NZ_CP097720.1	MPF_F	IncFIB(AP001918);IncFIC(FII)	213	0	0	GA	0															not_admitted	not_admitted	not_admitted	not_admitted	not_admitted	not_admitted	not_admitted	not_admitted	not_admitted	not_admitted	1	95;89287;90279;+;369.3	106;95925;97298;+;380.9	99;93008;93751;+;235.0	92;85651;88278;+;305.4	107;97295;100120;+;385.2	81;78394;79821;+;94.3	92;85651;88278;+;98.5	79;77113;77679;+;184.4	96;90288;90926;+;68.4	97;90923;92731;+;268.0	114;104536;106485;+;390.9	85;80845;81360;+;78.0	114;104536;106485;+;69.4	A	9/9	contiguous	27423	1	1	100117..100626+;169;unnamed;0
NZ_CP097722.1	MPF_F	IncFIA;IncFIB(AP001918);IncFII	168	0	0	GA	0															not_admitted	not_admitted	not_admitted	not_admitted	not_admitted	not_admitted	not_admitted	not_admitted	not_admitted	not_admitted	1	158;153901;154893;+;369.3		162;157622;158365;+;230.0	155;150265;152892;+;306.5	0;1;2823;+;387.5	148;146783;148210;+;94.3	155;150265;152892;+;98.5	146;145502;146068;+;183.3	159;154902;155540;+;66.7	160;155537;157345;+;267.9	3;4356;6563;+;391.7	152;149234;149749;+;77.3	3;4356;6563;+;70.3	B	8/9	split_2	157621	1	1	2844..3341+;165;TraS;0
NZ_CP097723.1	MPF_T	IncX1	49	0	0	GA	1	39;29325;29969;+;47.1	40;29953;30243;+;73.5	41;30267;33026;+;44.8	41;30267;33026;+;133.3	41;30267;33026;+;71.9	42;33028;33765;+;57.5	44;34047;35102;+;131.7		45;35292;36014;+;116.0	46;36020;36949;+;132.4	47;36946;38160;+;128.6	48;38178;39215;+;66.4	0;1;1836;+;543.4		pfam	pfam_only	A	7/7	canonical	1	1	unscoreable	1	0	0														not_admitted	not_admitted	not_admitted	not_admitted	not_admitted	not_admitted	not_admitted
NZ_CP097725.1	MPF_T	IncX1	52	0	0	GA	1	12;5498;6142;+;47.1	13;6126;6416;+;73.5	14;6440;9199;+;44.8	14;6440;9199;+;133.3	14;6440;9199;+;71.9	15;9201;9938;+;57.5	17;10220;11275;+;131.7		18;11465;12187;+;116.0	19;12193;13122;+;132.4	20;13119;14333;+;128.6	21;14351;15388;+;66.4	22;15393;17228;+;543.4		pfam	pfam_only	A	7/7	canonical	1	1	unscoreable	1	0	0														not_admitted	not_admitted	not_admitted	not_admitted	not_admitted	not_admitted	not_admitted
NZ_CP097727.1	MPF_F	IncFIA;IncFIB(AP001918);IncFIC(FII)	212	0	0	GA	0															not_admitted	not_admitted	not_admitted	not_admitted	not_admitted	not_admitted	not_admitted	not_admitted	not_admitted	not_admitted	1	194;188511;189503;+;367.4	205;195189;196562;+;378.0	198;192232;192975;+;234.5	191;184875;187502;+;305.4	206;196559;199381;+;389.5	185;181393;182820;+;94.3	191;184875;187502;+;98.8	183;180112;180678;+;183.8	195;189512;190150;+;68.4	196;190147;191955;+;268.4	209;200910;203144;+;391.7	189;183844;184359;+;78.4	209;200910;203144;+;70.3	A	9/9	contiguous	20798	1	1	199403..199894+;163;TraS;0
NZ_CP097830.1	MPF_T	IncFIB(K)	81	0	0	GA	1	65;63094;63756;+;48.3	66;63767;64066;+;36.6	67;64076;66826;+;60.6	67;64076;66826;+;134.0	67;64076;66826;+;48.6	68;66845;67561;+;137.0	70;67875;68882;+;137.8		72;69092;69778;+;158.3	73;69771;70664;+;147.4	74;70661;71857;+;134.7	75;71861;72910;+;71.5	2;1866;3773;+;24.3		pfam	pfam_only	A	7/7	canonical	1	1	unscoreable	2	0	0														not_admitted	not_admitted	not_admitted	not_admitted	not_admitted	not_admitted	not_admitted
NZ_CP097835.1	MPF_T	IncFIB(K)	81	0	0	GA	1	24;23309;23971;+;48.3	25;23982;24281;+;36.6	26;24291;27041;+;60.6	26;24291;27041;+;134.0	26;24291;27041;+;48.6	27;27060;27776;+;137.0	29;28090;29097;+;137.8		31;29307;29993;+;158.3	32;29986;30879;+;147.4	33;30876;32072;+;134.7	34;32076;33125;+;71.5	41;37863;39770;+;24.3		pfam	pfam_only	A	7/7	canonical	1	1	unscoreable	8	0	0														not_admitted	not_admitted	not_admitted	not_admitted	not_admitted	not_admitted	not_admitted
NZ_CP097838.1	MPF_T	IncFIB(K)	81	0	0	GA	1	9;8425;9087;+;48.3	10;9098;9397;+;36.6	11;9407;12157;+;60.6	11;9407;12157;+;134.0	11;9407;12157;+;48.6	12;12176;12892;+;137.0	14;13206;14213;+;137.8		16;14423;15109;+;158.3	17;15102;15995;+;147.4	18;15992;17188;+;134.7	19;17192;18241;+;71.5	26;22979;24886;+;24.3		pfam	pfam_only	A	7/7	canonical	1	1	unscoreable	8	0	0														not_admitted	not_admitted	not_admitted	not_admitted	not_admitted	not_admitted	not_admitted
NZ_CP097842.1	MPF_T	IncFIB(K)	80	0	0	GA	1	14;11103;11765;-;48.3	13;10793;11092;-;36.6	12;8033;10783;-;60.6	12;8033;10783;-;134.0	12;8033;10783;-;48.6	11;7298;8014;-;137.0	9;5977;6984;-;137.8		7;5081;5767;-;158.3	6;4195;5088;-;147.4	5;3002;4198;-;134.7	4;1949;2998;-;71.5	77;71086;72993;-;24.3		pfam	pfam_only	A	7/7	canonical	1	1	unscoreable	2	0	0														not_admitted	not_admitted	not_admitted	not_admitted	not_admitted	not_admitted	not_admitted
NZ_CP097860.1	-	-	93	0	0	GA	1	43;35076;35591;+;46.5	15;12364;12693;+;62.1	16;12704;13018;+;30.4	17;13058;15472;+;51.3	17;13058;15472;+;99.1	18;15469;16227;+;34.8	20;17182;18489;+;92.3		21;18519;19193;+;147.4	22;19202;20074;+;159.1	24;20489;21745;+;190.4	29;25883;27505;+;175.5			conjscan	conjscan_only	B	6/7	canonical	1	0	unscoreable	19	0	0														not_admitted	not_admitted	not_admitted	not_admitted	not_admitted	not_admitted	not_admitted
NZ_CP097861.1	-	-	90	0	0	GA	1	17;11820;12335;+;50.2	78;63914;64243;+;65.8	79;64254;64568;+;30.4	80;64609;67023;+;51.2	80;64609;67023;+;99.0	81;67020;67778;+;35.6	83;68733;70043;+;99.7		85;70274;70948;+;146.4	86;70957;71829;+;159.7	88;72244;73500;+;191.1	3;2587;4209;+;173.0	24;17232;19232;+;39.5		conjscan	conjscan_only	A	7/7	canonical	1	0	unscoreable	22	0	0														not_admitted	not_admitted	not_admitted	not_admitted	not_admitted	not_admitted	not_admitted
NZ_CP097871.1	-	-	90	0	0	GA	0															not_admitted	not_admitted	not_admitted	not_admitted	not_admitted	not_admitted	not_admitted	not_admitted	not_admitted	not_admitted	1	57;64585;65586;-;366.6	50;58591;59964;-;315.2	54;60925;61734;-;138.7	63;68094;70646;-;187.1	49;55860;58571;-;282.4	65;71043;72464;-;88.8	63;68094;70646;-;93.4	67;73189;73749;-;109.7	56;63666;64349;-;81.9	55;61900;63669;-;229.1	47;53114;55153;-;400.7	64;70651;71037;-;22.3	47;53114;55153;-;75.9	A	9/9	contiguous	20075	1	1	55317..55766-;149;unnamed;0
NZ_CP097872.1	-	-	78	0	0	GA	0															not_admitted	not_admitted	not_admitted	not_admitted	not_admitted	not_admitted	not_admitted	not_admitted	not_admitted	not_admitted	1	7;4099;5100;-;366.2	67;54731;56101;-;314.0	71;57068;58159;-;144.1	11;6429;8972;-;198.1	66;52018;54717;-;280.5	13;9369;10784;-;89.9	11;6429;8972;-;94.0	15;11509;12069;-;110.7	1;1052;1738;-;87.5	77;59801;60469;-;184.5	64;49301;51340;-;400.0	12;8977;9363;-;25.0	64;49301;51340;-;76.2	A	9/9	split_2	58749	1	1	51478..51927-;149;unnamed;0
NZ_CP098041.1	MPF_T	-	338	0	0	GA	0															not_admitted	not_admitted	not_admitted	not_admitted	not_admitted	not_admitted	not_admitted	not_admitted	not_admitted	not_admitted	1	219;180881;181966;+;271.5	243;199044;200480;+;236.1	242;197961;199022;+;195.5	215;176328;178817;+;239.7	244;200495;203653;+;250.9	212;173229;174617;+;104.8	215;176328;178817;+;122.7	210;171368;171958;+;84.8	218;179625;180884;+;54.1	246;204075;206789;+;129.7	204;166839;168791;+;21.5	213;174620;175153;+;70.4	204;166839;168791;+;36.9	A	9/9	contiguous	37236	0	1	
NZ_CP098042.1	MPF_F	IncT	187	0	0	GA	0															not_admitted	not_admitted	not_admitted	not_admitted	not_admitted	not_admitted	not_admitted	not_admitted	not_admitted	not_admitted	1	184;142513;143589;+;282.5	15;13326;14777;+;247.0	14;12221;13312;+;190.4	180;137969;140455;+;219.1	16;14787;18083;+;264.3	177;134951;136300;+;111.5	180;137969;140455;+;115.3	175;133162;133779;+;84.9	183;141263;142513;+;57.9	18;18553;21255;+;126.3	169;128566;130533;+;22.4	178;136297;136887;+;73.9	169;128566;130533;+;31.3	A	9/9	split_2	130292	0	1	
NZ_CP098124.1	MPF_F	ColRNAI;IncFII(K)	225	0	0	GA	0															not_admitted	not_admitted	not_admitted	not_admitted	not_admitted	not_admitted	not_admitted	not_admitted	not_admitted	not_admitted	1	152;146850;147839;-;363.3	141;139664;141031;-;383.5	145;142289;143041;-;233.7	156;149296;151935;-;259.0	140;136842;139664;-;346.5	167;155903;157327;-;88.0	156;149296;151935;-;88.7	169;158054;158620;-;167.9	150;145927;146574;-;66.9	149;143913;145868;-;259.7	136;131912;134224;-;392.8	164;154707;155291;-;53.8	136;131912;134224;-;65.9	A	9/9	contiguous	26142	1	1	136217..136819-;200;TraS;0
NZ_CP098127.1	MPF_F	IncFIB(pNDM-Mar);IncHI1B(pNDM-MAR);IncQ1	293	0	0	GA	0															not_admitted	not_admitted	not_admitted	not_admitted	not_admitted	not_admitted	not_admitted	not_admitted	not_admitted	not_admitted	1	62;58247;59284;+;282.3	210;196294;197703;-;190.4	211;197693;198730;-;176.7	50;44698;47415;+;149.6	209;192324;196292;-;120.1	46;41215;42585;+;65.6	50;44698;47415;+;85.2	43;38709;39569;+;79.0	61;56889;58250;+;70.0	63;59294;62479;+;59.6	218;205911;208037;+;58.0	49;43916;44653;+;56.9	218;205911;208037;+;39.7	A	9/9	split_2	167202	0	1	
NZ_CP098129.1	MPF_F	IncFIB(K);IncFII(K)	184	0	0	GA	0															not_admitted	not_admitted	not_admitted	not_admitted	not_admitted	not_admitted	not_admitted	not_admitted	not_admitted	not_admitted	1	148;128615;129604;+;363.3	160;135422;136789;+;383.5	156;133412;134164;+;233.7	144;124519;127158;+;259.0	161;136789;139611;+;346.5	133;119127;120551;+;88.0	144;124519;127158;+;88.7	131;117834;118400;+;167.9	150;129880;130527;+;66.9	151;130586;132448;+;197.8	165;142229;144541;+;392.8	136;121163;121747;+;53.8	165;142229;144541;+;65.9	A	9/9	contiguous	24395	1	1	139634..140236+;200;TraS;0
NZ_CP098132.1	MPF_F	IncFIB(K);IncFII(K)	193	0	0	GA	0															not_admitted	not_admitted	not_admitted	not_admitted	not_admitted	not_admitted	not_admitted	not_admitted	not_admitted	not_admitted	1	168;156593;157582;-;363.3	157;149407;150774;-;383.5	161;152032;152784;-;233.7	172;159039;161678;-;259.0	156;146585;149407;-;346.5	183;165646;167070;-;88.0	172;159039;161678;-;88.7	185;167797;168363;-;167.9	166;155670;156317;-;66.9	165;153656;155611;-;259.7	152;141655;143967;-;392.8	180;164450;165034;-;53.8	152;141655;143967;-;65.9	A	9/9	contiguous	26142	1	1	145960..146562-;200;TraS;0
NZ_CP098133.1	MPF_F	IncFIB(pNDM-Mar);IncHI1B(pNDM-MAR);IncQ1	294	0	0	GA	0															not_admitted	not_admitted	not_admitted	not_admitted	not_admitted	not_admitted	not_admitted	not_admitted	not_admitted	not_admitted	1	232;206928;207965;-;282.3	84;68508;69917;+;190.4	83;67481;68518;+;176.7	244;218797;221514;-;149.6	85;69919;73887;+;120.1	248;223627;224997;-;65.6	244;218797;221514;-;85.2	251;226643;227503;-;79.0	233;207962;209323;-;70.0	231;203733;206918;-;59.6	76;58174;60300;-;58.0	245;221559;222296;-;56.9	76;58174;60300;-;39.7	A	9/9	split_2	168469	0	1	
NZ_CP098135.1	MPF_F	IncFIB(pNDM-Mar);IncHI1B(pNDM-MAR);IncQ1	294	0	0	GA	0															not_admitted	not_admitted	not_admitted	not_admitted	not_admitted	not_admitted	not_admitted	not_admitted	not_admitted	not_admitted	1	232;206963;208000;-;282.3	84;68543;69952;+;190.4	83;67516;68553;+;176.7	244;218832;221549;-;149.6	85;69954;73922;+;120.1	248;223662;225032;-;65.6	244;218832;221549;-;85.2	251;226678;227538;-;79.0	233;207997;209358;-;70.0	231;203768;206953;-;59.6	76;58209;60335;-;58.0	245;221594;222331;-;56.9	76;58209;60335;-;39.7	A	9/9	split_2	168469	0	1	
NZ_CP098137.1	MPF_F	IncFIB(K);IncFII(K)	213	0	0	GA	0															not_admitted	not_admitted	not_admitted	not_admitted	not_admitted	not_admitted	not_admitted	not_admitted	not_admitted	not_admitted	1	145;141667;142656;-;363.3	134;134481;135848;-;383.5	138;137106;137858;-;233.7	149;144113;146752;-;259.0	133;131659;134481;-;346.5	160;150720;152144;-;88.0	149;144113;146752;-;88.7	162;152871;153437;-;167.9	143;140744;141391;-;66.9	142;138730;140685;-;259.7	129;126729;129041;-;392.8	157;149524;150108;-;53.8	129;126729;129041;-;65.9	A	9/9	contiguous	26142	1	1	131034..131636-;200;TraS;0
NZ_CP098138.1	MPF_F	IncFII(Yp)	84	0	0	GA	0															not_admitted	not_admitted	not_admitted	not_admitted	not_admitted	not_admitted	not_admitted	not_admitted	not_admitted	not_admitted	1	15;15486;16478;-;362.9	6;9026;10396;-;378.1	9;11180;11932;-;228.0	18;17504;20143;-;259.1	5;6177;9026;-;343.9	28;23945;25369;-;89.2	18;17504;20143;-;83.9	30;26096;26662;-;168.4	14;14835;15473;-;66.0	13;12821;14776;-;255.2	3;3107;5407;-;390.5	26;22764;23333;-;53.7	3;3107;5407;-;65.9	A	9/9	contiguous	22989	1	1	5644..6174-;176;unnamed;0
NZ_CP098140.1	MPF_F	IncFIB(pNDM-Mar);IncHI1B(pNDM-MAR);IncQ1	294	0	0	GA	0															not_admitted	not_admitted	not_admitted	not_admitted	not_admitted	not_admitted	not_admitted	not_admitted	not_admitted	not_admitted	1	233;208341;209378;-;282.3	85;69921;71330;+;190.4	84;68894;69931;+;176.7	245;220210;222927;-;149.6	86;71332;75300;+;120.1	249;225040;226410;-;65.6	245;220210;222927;-;85.2	252;228056;228916;-;79.0	234;209375;210736;-;70.0	232;205146;208331;-;59.6	77;59587;61713;-;58.0	246;222972;223709;-;56.9	77;59587;61713;-;39.7	A	9/9	split_2	168469	0	1	
NZ_CP098142.1	MPF_F	IncFIB(K);IncFII(K)	213	0	0	GA	0															not_admitted	not_admitted	not_admitted	not_admitted	not_admitted	not_admitted	not_admitted	not_admitted	not_admitted	not_admitted	1	145;141668;142657;-;363.3	134;134482;135849;-;383.5	138;137107;137859;-;233.7	149;144114;146753;-;259.0	133;131660;134482;-;346.5	160;150721;152145;-;88.0	149;144114;146753;-;88.7	162;152872;153438;-;167.9	143;140745;141392;-;66.9	142;138731;140686;-;259.7	129;126730;129042;-;392.8	157;149525;150109;-;53.8	129;126730;129042;-;65.9	A	9/9	contiguous	26142	1	1	131035..131637-;200;TraS;0
NZ_CP098143.1	MPF_F	IncFII(Yp)	81	0	0	GA	0															not_admitted	not_admitted	not_admitted	not_admitted	not_admitted	not_admitted	not_admitted	not_admitted	not_admitted	not_admitted	1	20;13098;14090;+;362.9	29;19180;20550;+;378.1	26;17644;18396;+;228.0	17;9433;12072;+;259.1	30;20550;23399;+;343.9	7;4207;5631;+;89.2	17;9433;12072;+;83.9	5;2914;3480;+;168.4	21;14103;14741;+;66.0	22;14800;16755;+;255.2	32;24169;26469;+;390.5	9;6243;6812;+;53.7	32;24169;26469;+;65.9	A	9/9	contiguous	21255	1	1	23402..23932+;176;unnamed;0
NZ_CP098147.1	MPF_F	IncFIB(pNDM-Mar);IncHI1B(pNDM-MAR)	314	0	0	GA	0															not_admitted	not_admitted	not_admitted	not_admitted	not_admitted	not_admitted	not_admitted	not_admitted	not_admitted	not_admitted	1	271;238582;239619;-;282.3	125;102839;104248;+;190.4	124;101812;102849;+;177.5	283;250451;253168;-;149.6	126;104250;108164;+;120.2	287;255281;256651;-;65.6	283;250451;253168;-;85.2	290;258297;259157;-;79.0	272;239616;240977;-;69.9	270;235390;238572;-;60.1	117;92488;94614;-;57.7	284;253213;253950;-;56.9	117;92488;94614;-;41.0	A	9/9	split_2	165809	0	1	
NZ_CP098150.1	MPF_F	IncFIB(K);IncFII(K)	201	0	0	GA	0															not_admitted	not_admitted	not_admitted	not_admitted	not_admitted	not_admitted	not_admitted	not_admitted	not_admitted	not_admitted	1	133;127331;128320;-;363.3	122;120145;121512;-;383.5	126;122770;123522;-;233.7	137;129777;132416;-;259.0	121;117323;120145;-;346.5	148;136384;137808;-;88.0	137;129777;132416;-;88.7	150;138535;139101;-;167.9	131;126408;127055;-;66.9	130;124394;126349;-;259.7	117;112393;114705;-;392.8	145;135188;135772;-;53.8	117;112393;114705;-;65.9	A	9/9	contiguous	26142	1	1	116698..117300-;200;TraS;0
NZ_CP098152.1	MPF_F	IncHI2;IncHI2A	336	0	0	GA	0															not_admitted	not_admitted	not_admitted	not_admitted	not_admitted	not_admitted	not_admitted	not_admitted	not_admitted	not_admitted	1	304;265708;266766;-;276.9	87;75795;77210;+;194.1	86;74759;75805;+;173.7	322;287405;290086;-;168.0	88;77219;81169;+;101.6	326;292416;293057;-;84.2	322;287405;290086;-;72.2	331;296561;297349;-;74.8	306;266908;268419;-;62.7	303;262501;265689;-;58.3	80;65634;67718;-;56.7	323;290095;291045;-;46.4	80;65634;67718;-;38.8	A	9/9	split_3	230927	0	1	
NZ_CP098155.1	MPF_F	IncHI2;IncHI2A	335	0	0	GA	0															not_admitted	not_admitted	not_admitted	not_admitted	not_admitted	not_admitted	not_admitted	not_admitted	not_admitted	not_admitted	1	311;270575;271633;-;276.9	93;80661;82076;+;194.1	92;79625;80671;+;173.7	329;292272;294953;-;168.0	94;82085;86035;+;101.6	333;297283;298638;-;80.7	329;292272;294953;-;72.2	1;1389;2177;-;74.8	313;271775;273286;-;62.7	310;267368;270556;-;58.3	86;70500;72584;-;56.7	330;294962;295912;-;46.4	86;70500;72584;-;38.8	A	9/9	split_4	295894	0	1	
NZ_CP098156.1	MPF_F	IncFIB(pNDM-Mar);IncHI1B(pNDM-MAR)	314	0	0	GA	0															not_admitted	not_admitted	not_admitted	not_admitted	not_admitted	not_admitted	not_admitted	not_admitted	not_admitted	not_admitted	1	28;30497;31534;+;282.3	174;165868;167277;-;190.4	175;167267;168304;-;177.5	16;16948;19665;+;149.6	173;161952;165866;-;120.2	12;13465;14835;+;65.6	16;16948;19665;+;85.2	9;10959;11819;+;79.0	27;29139;30500;+;69.9	29;31544;34726;+;60.1	182;175503;177629;+;57.7	15;16166;16903;+;56.9	182;175503;177629;+;41.0	A	9/9	split_2	164544	0	1	
NZ_CP098170.1	MPF_F	IncFIB(pNDM-Mar);IncHI1B(pNDM-MAR)	281	0	0	GA	0															not_admitted	not_admitted	not_admitted	not_admitted	not_admitted	not_admitted	not_admitted	not_admitted	not_admitted	not_admitted	1	237;205880;206917;-;282.3	123;101910;103319;+;190.4	122;100883;101920;+;177.5	249;217749;220466;-;149.6	124;103321;107235;+;120.2	253;222579;223949;-;65.6	249;217749;220466;-;85.2	256;225595;226455;-;79.0	238;206914;208275;-;69.9	236;202688;205870;-;60.1	115;91558;93684;-;57.7	250;220511;221248;-;56.9	115;91558;93684;-;41.0	A	9/9	split_2	134037	0	1	
NZ_CP098172.1	MPF_F	IncFIB(K);IncFII(K)	213	0	0	GA	0															not_admitted	not_admitted	not_admitted	not_admitted	not_admitted	not_admitted	not_admitted	not_admitted	not_admitted	not_admitted	1	145;141643;142632;-;363.3	134;134457;135824;-;383.5	138;137082;137834;-;233.7	149;144089;146728;-;259.0	133;131635;134457;-;346.5	160;150696;152120;-;88.0	149;144089;146728;-;88.7	162;152847;153413;-;167.9	143;140720;141367;-;66.9	142;138706;140661;-;259.7	129;126705;129017;-;392.8	157;149500;150084;-;53.8	129;126705;129017;-;65.9	A	9/9	contiguous	26142	1	1	131010..131612-;200;TraS;0
NZ_CP098176.1	MPF_F	Col(pHAD28);IncFIB(K);IncFII(pKP91)	285	0	0	GA	0															not_admitted	not_admitted	not_admitted	not_admitted	not_admitted	not_admitted	not_admitted	not_admitted	not_admitted	not_admitted	1	44;36279;37268;+;363.3	55;43087;44454;+;382.2	51;41077;41829;+;233.7	40;32183;34822;+;259.4	56;44454;47303;+;342.9	30;26797;28221;+;89.2	40;32183;34822;+;88.3	28;25504;26070;+;167.9	46;37544;38191;+;65.9	47;38250;40205;+;259.5	60;49115;51397;+;393.3	32;28833;29417;+;53.8	60;49115;51397;+;65.9	A	9/9	contiguous	23611	1	1	47306..47836+;176;unnamed;0
NZ_CP098179.1	MPF_F	IncFIB(AP001918);IncFIC(FII)	127	0	0	GA	0															not_admitted	not_admitted	not_admitted	not_admitted	not_admitted	not_admitted	not_admitted	not_admitted	not_admitted	not_admitted	1	17;15484;16476;-;369.3	6;8425;9798;-;378.0	13;12012;12755;-;234.1	20;17485;20112;-;305.4	5;5606;8428;-;389.5	26;22167;23594;-;94.3	20;17485;20112;-;98.5	28;24309;24875;-;183.8	16;14837;15475;-;68.4	15;13032;14840;-;268.4	2;1924;4077;-;391.9	22;20628;21143;-;78.4	2;1924;4077;-;70.4	A	9/9	contiguous	22385	1	1	5093..5584-;163;TraS;0
NZ_CP098181.1	MPF_T	IncI2(Delta)	83	0	0	GA	1	16;14251;14733;-;81.1		31;30321;30605;-;36.5	30;27958;30315;-;59.8	30;27958;30315;-;45.0	41;36212;36856;-;41.0	42;36862;37857;-;123.9		28;27061;27795;-;144.3	27;26294;27064;-;170.5	26;25165;26304;-;154.7	19;16502;18040;-;207.1	24;22117;24075;-;288.3		pfam	pfam_only	A	7/7	rearranged	1	0	unscoreable	15	0	0														not_admitted	not_admitted	not_admitted	not_admitted	not_admitted	not_admitted	not_admitted
NZ_CP098184.1	MPF_F	IncHI2;IncHI2A	253	0	0	GA	0															not_admitted	not_admitted	not_admitted	not_admitted	not_admitted	not_admitted	not_admitted	not_admitted	not_admitted	not_admitted	1	52;59170;60228;+;276.9	194;185369;186784;-;194.1	195;186774;187820;-;174.3	36;37175;39856;+;168.0	193;181407;185360;-;101.7	32;33490;34845;+;80.7	36;37175;39856;+;72.2	29;30978;31766;+;74.8	50;57517;59028;+;62.0	53;60247;63435;+;57.3	202;194862;196946;+;56.8	35;36216;37166;+;46.1	202;194862;196946;+;38.8	A	9/9	split_3	163884	1	1	179937..181226-;429;unnamed;0
NZ_CP098193.1	MPF_F	IncFIB(AP001918);IncFIC(FII)	201	0	0	GA	0															not_admitted	not_admitted	not_admitted	not_admitted	not_admitted	not_admitted	not_admitted	not_admitted	not_admitted	not_admitted	1	92;83545;84537;-;369.3	81;76526;77899;-;380.9	88;80073;80816;-;235.0	95;85546;88173;-;305.3	80;73704;76529;-;385.2	100;90228;91655;-;94.3	95;85546;88173;-;97.5	102;92370;92936;-;184.4	91;82898;83536;-;68.4	90;81093;82901;-;268.0	77;70047;72200;-;391.9	96;88689;89204;-;78.0	77;70047;72200;-;70.4	A	9/9	contiguous	22323	1	1	73198..73707-;169;unnamed;0
NZ_CP098194.1	MPF_F	IncFII	78	0	0	GA	0															not_admitted	not_admitted	not_admitted	not_admitted	not_admitted	not_admitted	not_admitted	not_admitted	not_admitted	not_admitted	1	71;62052;63044;-;369.5	61;54900;56273;-;381.7	66;58203;58946;-;234.4	74;64053;66683;-;304.1	60;52081;54903;-;374.0	3;1735;3186;-;94.2	74;64053;66683;-;97.1	5;3901;4467;-;183.7	69;61070;61708;-;68.6	68;59223;61073;-;266.1	56;47521;49809;-;391.0	0;360;875;-;78.4	56;47521;49809;-;70.3	A	9/9	split_2	63693	1	1	51580..52059-;159;TraS;0
NZ_CP098204.1	MPF_F	IncFII(pSE11)	93	0	0	GA	0															not_admitted	not_admitted	not_admitted	not_admitted	not_admitted	not_admitted	not_admitted	not_admitted	not_admitted	not_admitted	1	52;32059;33051;+;369.5	65;39113;40486;+;381.7	57;36469;36906;+;159.9	46;29042;30271;+;161.8	66;40483;41733;+;359.2	38;23926;25284;+;94.1	46;29042;30271;+;50.4	35;22638;22979;+;56.4	54;33395;34033;+;68.5	55;34030;35880;+;266.9	72;45604;47856;+;391.7	40;26245;26760;+;78.4	72;45604;47856;+;70.3	A	9/9	contiguous	22966	1	1	41750..42226+;158;unnamed;0
NZ_CP098205.1	MPF_T	IncI2	85	0	0	GA	1	5;4382;4864;-;81.1		19;20441;20725;-;36.5	18;18078;20435;-;59.8	18;18078;20435;-;45.0	30;26288;26935;-;41.6	31;26941;27927;-;120.4		17;17180;17914;-;144.3	16;16413;17183;-;169.8	15;15284;16423;-;154.7	8;6633;8171;-;207.1	13;12236;14194;-;287.0		pfam	pfam_only	A	7/7	rearranged	1	0	unscoreable	15	0	0														not_admitted	not_admitted	not_admitted	not_admitted	not_admitted	not_admitted	not_admitted
NZ_CP098207.1	MPF_F	IncHI2;IncHI2A;IncQ1	189	0	0	GA	0															not_admitted	not_admitted	not_admitted	not_admitted	not_admitted	not_admitted	not_admitted	not_admitted	not_admitted	not_admitted	1	131;109403;110461;-;276.9			147;130790;133471;-;168.0		151;135801;137156;-;80.7	147;130790;133471;-;72.2	154;138880;139668;-;74.8	133;110603;112114;-;62.0	130;106196;109384;-;57.3		148;133480;134430;-;46.1		C	6/9	split_2	32684	0	1	
NZ_CP098208.1	MPF_F	IncFIB(AP001918);IncFII	135	0	0	GA	0															not_admitted	not_admitted	not_admitted	not_admitted	not_admitted	not_admitted	not_admitted	not_admitted	not_admitted	not_admitted	1	71;78393;79385;-;369.3	62;71958;73334;-;381.0	67;74921;75664;-;230.0	74;80394;83021;-;306.4	61;69388;71961;-;387.8	80;85076;86503;-;94.3	74;80394;83021;-;98.5	82;87218;87784;-;183.3	70;77746;78384;-;68.7	69;75941;77749;-;267.9	57;65451;67604;-;391.8	76;83537;84052;-;77.3	57;65451;67604;-;70.4	A	9/9	contiguous	21767	1	1	69137..69370-;77;unnamed;0
NZ_CP098215.1	MPF_F	IncFIB(AP001918);IncFIC(FII)	174	0	0	GA	0															not_admitted	not_admitted	not_admitted	not_admitted	not_admitted	not_admitted	not_admitted	not_admitted	not_admitted	not_admitted	1	94;83750;84742;+;369.3	105;90428;91801;+;378.0	98;87471;88214;+;234.1	91;80114;82741;+;305.4	106;91798;93492;+;391.9	85;76632;78059;+;94.3	91;80114;82741;+;98.5	83;75351;75917;+;183.8	95;84751;85389;+;68.4	96;85386;87194;+;268.4	110;96153;98306;+;391.9	89;79083;79598;+;78.4	110;96153;98306;+;70.4	A	9/9	contiguous	20802	1	1	93557..94624+;355;unnamed;0
NZ_CP098218.1	MPF_T	-	58	0	0	GA	1	35;27916;28650;-;32.6	33;27323;27616;-;29.3	32;26956;27273;-;63.9	31;24356;26956;-;115.2	31;24356;26956;-;76.2	30;23625;24338;-;105.1	28;22334;23374;-;142.6		27;21417;22115;-;131.9	26;20522;21406;-;159.7	25;19362;20522;-;156.3	24;18324;19319;-;81.4	20;12226;13755;+;38.5		pfam	both	A	7/7	canonical	1	0	unscoreable	17	0	0														not_admitted	not_admitted	not_admitted	not_admitted	not_admitted	not_admitted	not_admitted
NZ_CP098221.1	MPF_F	IncFII(29)	61	0	0	GA	0															not_admitted	not_admitted	not_admitted	not_admitted	not_admitted	not_admitted	not_admitted	not_admitted	not_admitted	not_admitted	1	53;44463;45455;-;369.5	42;37307;38680;-;382.9	48;40614;41357;-;234.4	56;46464;49094;-;300.9	41;34488;37310;-;384.7	4;1874;3301;-;93.9	56;46464;49094;-;101.1	6;4016;4582;-;182.3	51;43481;44119;-;69.9	50;41634;43484;-;266.7	38;30747;32954;-;380.8	0;239;754;-;81.5	38;30747;32954;-;66.5	A	9/9	split_2	46225	1	1	33970..34467-;165;TraS;0
NZ_CP098228.1	MPF_F	IncHI2;IncHI2A	193	0	0	GA	0															not_admitted	not_admitted	not_admitted	not_admitted	not_admitted	not_admitted	not_admitted	not_admitted	not_admitted	not_admitted	1	95;92309;93367;+;276.9			79;70056;72737;+;168.0	48;38129;41425;-;68.5	75;66371;67726;+;80.7	79;70056;72737;+;72.2	72;63859;64647;+;74.8	93;90656;92167;+;62.0	96;93386;96574;+;57.3		78;69097;70047;+;46.1		C	7/9	split_3	55257	1	1	36659..37948-;429;unnamed;0
NZ_CP098230.1	MPF_F	IncHI2;IncHI2A;IncQ1	250	0	0	GA	0															not_admitted	not_admitted	not_admitted	not_admitted	not_admitted	not_admitted	not_admitted	not_admitted	not_admitted	not_admitted	1	237;216408;217466;-;276.9	94;88288;89703;+;194.1	93;87252;88298;+;174.3	2;6238;8919;-;168.3	95;89712;93665;+;101.6	6;11249;12604;-;80.7	2;6238;8919;-;72.2	9;14328;15116;-;74.8	239;217608;219119;-;62.0	236;213201;216389;-;57.3	86;78126;80210;-;56.8	3;8928;9878;-;46.1	86;78126;80210;-;38.8	A	9/9	split_3	211370	1	1	93846..95135+;429;unnamed;0
NZ_CP098232.1	MPF_F	IncHI2;IncHI2A	202	0	0	GA	0															not_admitted	not_admitted	not_admitted	not_admitted	not_admitted	not_admitted	not_admitted	not_admitted	not_admitted	not_admitted	1	103;86241;87299;-;276.9			119;106871;109552;-;168.0	170;153647;156943;-;68.5	123;111882;113237;-;80.7	119;106871;109552;-;72.2	126;114961;115749;-;74.8	105;87441;88952;-;62.0	102;83034;86222;-;57.3		120;109561;110511;-;46.1		C	7/9	split_2	70613	1	1	152177..153265-;362;unnamed;0
NZ_CP098235.1	MPF_F	IncFIB(AP001918);IncFII	153	0	0	GA	0															not_admitted	not_admitted	not_admitted	not_admitted	not_admitted	not_admitted	not_admitted	not_admitted	not_admitted	not_admitted	1	79;61793;62608;+;296.5	93;71375;72748;+;381.0	88;69042;69785;+;235.0	76;58157;60784;+;304.6	94;72745;75567;+;389.2	70;54578;56005;+;94.3	76;58157;60784;+;99.2	68;53297;53863;+;183.8	85;66322;66960;+;68.6	86;66957;68765;+;268.0	97;77101;79272;+;391.6	74;57126;57641;+;78.4	97;77101;79272;+;70.4	A	9/9	contiguous	23804	1	1	75588..76085+;165;TraS;0
NZ_CP098236.1	MPF_F	IncHI2;IncHI2A;IncQ1	254	0	0	GA	0															not_admitted	not_admitted	not_admitted	not_admitted	not_admitted	not_admitted	not_admitted	not_admitted	not_admitted	not_admitted	1	147;128141;129199;-;276.9	0;19;1434;+;194.1		163;148771;151452;-;168.3	3;2419;3003;+;57.7	167;153782;155137;-;80.7	163;148771;151452;-;72.2	170;156861;157649;-;74.8	149;129341;130852;-;62.0	146;124934;128122;-;57.3	247;220659;222743;-;56.8	164;151461;152411;-;46.1	247;220659;222743;-;38.8	B	8/9	split_3	220640	1	1	3000..3314+;104;unnamed;0
NZ_CP098326.1	MPF_T	-	62	0	0	GA	1	15;6591;7325;+;32.0	17;7625;7918;+;33.7	18;7971;8288;+;59.4	19;8288;10888;+;116.5	19;8288;10888;+;75.9	20;10906;11619;+;104.1	22;11870;12919;+;153.5		23;13138;13836;+;131.9	24;13847;14731;+;158.5	25;14731;15891;+;156.3	26;15934;16929;+;87.0	32;22053;23582;-;46.8		pfam	both	A	7/7	canonical	1	0	unscoreable	7	0	0														not_admitted	not_admitted	not_admitted	not_admitted	not_admitted	not_admitted	not_admitted
NZ_CP098332.1	MPF_T	IncX5	75	0	0	GA	1	39;28655;29299;+;42.4	40;29283;29573;+;69.0	41;29595;32354;+;42.6	41;29595;32354;+;132.2	41;29595;32354;+;70.5	42;32362;33096;+;55.1	44;33371;34426;+;132.8		45;34667;35395;+;120.9	46;35400;36329;+;134.2	47;36326;37537;+;136.9	48;37549;38592;+;64.1	49;38595;40430;+;504.8		pfam	pfam_only	A	7/7	canonical	1	1	unscoreable	1	0	0														not_admitted	not_admitted	not_admitted	not_admitted	not_admitted	not_admitted	not_admitted
NZ_CP098334.1	MPF_F	IncC	214	0	0	GA	0															not_admitted	not_admitted	not_admitted	not_admitted	not_admitted	not_admitted	not_admitted	not_admitted	not_admitted	not_admitted	1	113;84017;85024;+;332.9	201;158873;160306;+;339.2	200;157843;158871;+;221.7	108;78818;81265;+;354.5	202;160319;163933;+;375.3	103;69946;71262;+;135.0	108;78818;81265;+;128.3	101;68422;69048;+;92.7	111;82087;83352;+;67.9	114;85140;87938;+;145.3	92;62747;64612;+;47.3	104;71259;71837;+;100.2	92;62747;64612;+;52.0	A	9/9	split_2	97572	0	1	
NZ_CP098337.1	MPF_F	IncFII(pBK30683);repB(R1701)	197	0	0	GA	0															not_admitted	not_admitted	not_admitted	not_admitted	not_admitted	not_admitted	not_admitted	not_admitted	not_admitted	not_admitted	1	118;104173;105162;-;363.3	108;97259;98626;-;382.7	112;99884;100636;-;233.7	122;106619;109258;-;258.5	107;95025;97259;-;346.5	130;112515;113939;-;89.2	122;106619;109258;-;87.7	132;114666;115232;-;169.3	117;103522;104160;-;66.0	116;101508;103463;-;259.7	100;88835;91147;-;392.7	129;111817;112401;-;55.4	100;88835;91147;-;66.5	A	9/9	contiguous	25831	0	1	
NZ_CP098339.1	MPF_F	IncFII(pBK30683);repB(R1701)	197	0	0	GA	0															not_admitted	not_admitted	not_admitted	not_admitted	not_admitted	not_admitted	not_admitted	not_admitted	not_admitted	not_admitted	1	118;104173;105162;-;363.3	108;97259;98626;-;382.7	112;99884;100636;-;233.7	122;106619;109258;-;258.5	107;95025;97259;-;346.5	130;112515;113939;-;89.2	122;106619;109258;-;87.7	132;114666;115232;-;169.3	117;103522;104160;-;66.0	116;101508;103463;-;259.7	100;88835;91147;-;392.7	129;111817;112401;-;55.4	100;88835;91147;-;66.5	A	9/9	contiguous	25831	0	1	
NZ_CP098342.1	MPF_F	IncFIB(pQil);IncFII(pKP91);IncR	146	0	0	GA	0															not_admitted	not_admitted	not_admitted	not_admitted	not_admitted	not_admitted	not_admitted	not_admitted	not_admitted	not_admitted	1	121;99802;100791;+;366.6	131;106338;107705;+;384.0	127;104328;105080;+;233.7	117;95720;98359;+;258.5	132;107705;110554;+;346.4	111;90895;92319;+;89.3	117;95720;98359;+;88.7	109;89602;90168;+;169.3	122;100804;101442;+;67.0	123;101501;103456;+;259.7	136;113016;115328;+;393.1	112;92393;92977;+;54.4	136;113016;115328;+;66.6	A	9/9	contiguous	23414	1	1	110557..111090+;177;unnamed;0
NZ_CP098345.1	MPF_F	IncFIB(pQil);IncFII(pKP91);IncR	145	0	0	GA	0															not_admitted	not_admitted	not_admitted	not_admitted	not_admitted	not_admitted	not_admitted	not_admitted	not_admitted	not_admitted	1	120;99581;100570;+;366.6	130;106117;107484;+;384.0	126;104107;104859;+;233.7	116;95499;98138;+;258.5	131;107484;110333;+;344.5	110;90674;92098;+;89.3	116;95499;98138;+;88.7	108;89381;89947;+;169.3	121;100583;101221;+;67.0	122;101280;103235;+;259.7	135;112795;115107;+;393.1	111;92172;92756;+;54.4	135;112795;115107;+;66.6	A	9/9	contiguous	23414	1	1	110336..110869+;177;unnamed;0
NZ_CP098346.1	MPF_F	IncFIB(K);IncFII(K)	178	0	0	GA	0															not_admitted	not_admitted	not_admitted	not_admitted	not_admitted	not_admitted	not_admitted	not_admitted	not_admitted	not_admitted	1	121;123719;124711;-;366.6	111;116898;118268;-;381.2	115;119470;120222;-;232.4	124;125737;128376;-;258.7	110;114049;116898;-;344.7	133;132191;133615;-;89.2	124;125737;128376;-;88.8	135;134342;134908;-;169.3	120;123068;123706;-;67.0	119;121065;123071;-;259.0	106;109926;112235;-;393.2	131;131010;131579;-;49.7	106;109926;112235;-;65.8	A	9/9	contiguous	24416	1	1	113516..114046-;176;unnamed;0
NZ_CP098348.1	MPF_F	IncFII(pBK30683);repB(R1701)	192	0	0	GA	0															not_admitted	not_admitted	not_admitted	not_admitted	not_admitted	not_admitted	not_admitted	not_admitted	not_admitted	not_admitted	1	113;100627;101616;-;363.3	103;93713;95080;-;382.7	107;96338;97090;-;233.7	117;103073;105712;-;258.5	102;91479;93713;-;346.5	125;108969;110393;-;89.2	117;103073;105712;-;87.7	127;111120;111686;-;169.3	112;99976;100614;-;66.0	111;97962;99917;-;259.7	99;88513;90690;-;392.9	124;108271;108855;-;55.4	99;88513;90690;-;66.7	A	9/9	contiguous	22607	0	1	
NZ_CP098349.1	MPF_F	IncFIB(AP001918);IncFIC(FII)	176	0	0	GA	0															not_admitted	not_admitted	not_admitted	not_admitted	not_admitted	not_admitted	not_admitted	not_admitted	not_admitted	not_admitted	1	89;97029;98021;-;367.4	78;89970;91343;-;378.0	85;93557;94300;-;233.4	92;99030;101657;-;305.4	77;87151;89973;-;389.5	98;103712;105139;-;94.3	92;99030;101657;-;98.5	100;105854;106420;-;183.8	88;96382;97020;-;68.4	87;94577;96385;-;268.4	74;83424;85622;-;391.8	94;102173;102688;-;78.1	74;83424;85622;-;70.3	A	9/9	contiguous	22430	1	1	86638..87129-;163;TraS;0
NZ_CP098351.1	MPF_F	IncFII(pBK30683);repB(R1701)	192	0	0	GA	0															not_admitted	not_admitted	not_admitted	not_admitted	not_admitted	not_admitted	not_admitted	not_admitted	not_admitted	not_admitted	1	113;100627;101616;-;363.3	103;93713;95080;-;382.7	107;96338;97090;-;233.7	117;103073;105712;-;258.5	102;91479;93713;-;346.5	125;108969;110393;-;89.2	117;103073;105712;-;87.7	127;111120;111686;-;169.3	112;99976;100614;-;66.0	111;97962;99917;-;259.7	99;88513;90690;-;392.9	124;108271;108855;-;55.4	99;88513;90690;-;66.7	A	9/9	contiguous	22607	0	1	
NZ_CP098353.1	MPF_F	IncFII(pBK30683);repB(R1701)	192	0	0	GA	0															not_admitted	not_admitted	not_admitted	not_admitted	not_admitted	not_admitted	not_admitted	not_admitted	not_admitted	not_admitted	1	113;100627;101616;-;363.3	103;93713;95080;-;382.7	107;96338;97090;-;233.7	117;103073;105712;-;258.5	102;91479;93713;-;346.5	125;108969;110393;-;89.2	117;103073;105712;-;87.7	127;111120;111686;-;169.3	112;99976;100614;-;66.0	111;97962;99917;-;259.7	99;88513;90690;-;392.9	124;108271;108855;-;55.4	99;88513;90690;-;66.7	A	9/9	contiguous	22607	0	1	
NZ_CP098354.1	MPF_F	IncFIB(AP001918);IncFIC(FII)	176	0	0	GA	0															not_admitted	not_admitted	not_admitted	not_admitted	not_admitted	not_admitted	not_admitted	not_admitted	not_admitted	not_admitted	1	89;97029;98021;-;367.4	78;89970;91343;-;378.0	85;93557;94300;-;233.4	92;99030;101657;-;305.4	77;87151;89973;-;389.5	98;103712;105139;-;94.3	92;99030;101657;-;98.5	100;105854;106420;-;183.8	88;96382;97020;-;68.4	87;94577;96385;-;268.4	74;83424;85622;-;391.8	94;102173;102688;-;78.1	74;83424;85622;-;70.3	A	9/9	contiguous	22430	1	1	86638..87129-;163;TraS;0
NZ_CP098357.1	MPF_F	IncFIB(K);IncFII(K)	219	0	0	GA	0															not_admitted	not_admitted	not_admitted	not_admitted	not_admitted	not_admitted	not_admitted	not_admitted	not_admitted	not_admitted	1	163;164093;165085;-;366.6	153;157219;158586;-;380.7	157;159844;160596;-;235.3	166;166111;168750;-;258.7	152;154370;157219;-;345.6	175;172565;173989;-;89.2	166;166111;168750;-;88.8	177;174716;175282;-;167.0	162;163442;164080;-;67.0	161;161439;163445;-;259.0	148;149572;151884;-;392.7	173;171384;171953;-;49.7	148;149572;151884;-;66.5	A	9/9	contiguous	25144	1	1	153809..154357-;182;unnamed;0
NZ_CP098358.1	MPF_F	IncFIB(pQil);IncFII(K)	132	0	0	GA	0															not_admitted	not_admitted	not_admitted	not_admitted	not_admitted	not_admitted	not_admitted	not_admitted	not_admitted	not_admitted	1	78;75369;76358;-;366.0	68;68455;69822;-;380.7	72;71080;71832;-;233.7	82;77801;80440;-;258.5	67;65606;68455;-;345.6	90;83697;85121;-;88.8	82;77801;80440;-;88.7	92;85848;86414;-;169.3	77;74718;75356;-;67.0	76;72704;74659;-;259.7	63;60808;63120;-;392.7	89;82999;83583;-;55.4	63;60808;63120;-;66.5	A	9/9	contiguous	25040	1	1	65045..65593-;182;unnamed;0
NZ_CP098359.1	MPF_T	IncX3	56	0	0	GA	1	10;10676;11320;-;46.4	9;10402;10692;-;73.1	8;7624;10377;-;47.0	8;7624;10377;-;145.4	8;7624;10377;-;73.3	7;6844;7614;-;60.1	5;5510;6565;-;133.2		4;4587;5315;-;119.4	3;3652;4581;-;138.8	2;2441;3655;-;128.3	0;1211;2245;-;65.7	55;42752;43336;-;195.1		pfam	pfam_only	A	7/7	canonical	1	1	unscoreable	2	0	0														not_admitted	not_admitted	not_admitted	not_admitted	not_admitted	not_admitted	not_admitted
NZ_CP098363.1	MPF_T	-	273	0	0	GA	1		227;188361;188693;-;91.6	226;188080;188361;-;29.7	225;185564;188065;-;25.6	225;185564;188065;-;128.7	224;184788;185567;-;240.7	222;183105;184481;-;196.4		221;182419;183108;-;223.7	220;181421;182422;-;209.2	219;180276;181424;-;221.6	228;188690;189685;-;120.6	230;190304;192292;-;341.9		conjscan	conjscan_only	A	7/7	canonical	1	0	unscoreable	13	0	0														not_admitted	not_admitted	not_admitted	not_admitted	not_admitted	not_admitted	not_admitted
NZ_CP098372.1	MPF_F	IncC;IncR	273	0	0	GA	0															not_admitted	not_admitted	not_admitted	not_admitted	not_admitted	not_admitted	not_admitted	not_admitted	not_admitted	not_admitted	1	136;104526;105533;+;332.9	28;20527;21960;+;339.2	27;19497;20525;+;221.7	131;99327;101774;+;354.2	29;21973;25587;+;375.3	119;84575;85891;+;135.0	131;99327;101774;+;128.6	117;83051;83677;+;92.1	134;102596;103861;+;67.6	137;105649;108444;+;145.3	108;77376;79241;+;47.4	120;85888;86466;+;100.2	108;77376;79241;+;52.0	A	9/9	split_2	86152	0	1	
NZ_CP098373.1	MPF_T	IncX3	73	0	0	GA	1	9;9131;9775;-;46.4	8;8857;9147;-;73.1	7;6079;8832;-;47.0	7;6079;8832;-;142.4	7;6079;8832;-;73.3	6;5299;6069;-;60.1	4;3965;5020;-;133.2		3;3042;3770;-;119.4	2;2107;3036;-;138.8	1;896;2110;-;128.3		71;56615;58450;-;495.9		pfam	pfam_only	B	6/7	canonical	1	1	unscoreable	1	0	0														not_admitted	not_admitted	not_admitted	not_admitted	not_admitted	not_admitted	not_admitted
NZ_CP098374.1	-	IncFII(Yp);IncFII(pAR0022)	93	0	0	GA	0															not_admitted	not_admitted	not_admitted	not_admitted	not_admitted	not_admitted	not_admitted	not_admitted	not_admitted	not_admitted	1	85;79214;80209;-;369.5	78;73327;74694;-;352.7	82;75940;76746;-;204.7	90;81902;84517;-;236.0	77;70439;73327;-;317.3	0;323;1681;-;94.4	90;81902;84517;-;120.2	2;2434;3003;-;107.8	84;78569;79195;-;65.3	83;76743;78572;-;244.0	74;67219;69408;-;366.9	91;84520;85107;-;52.5	74;67219;69408;-;62.7	A	9/9	split_2	84197	1	1	69831..70442-;203;unnamed;0
NZ_CP098375.1	MPF_F	IncC;IncR	228	0	0	GA	0															not_admitted	not_admitted	not_admitted	not_admitted	not_admitted	not_admitted	not_admitted	not_admitted	not_admitted	not_admitted	1	10;7643;8650;+;332.9	29;26491;27924;+;339.2	28;25461;26489;+;221.7	2;1138;3585;+;354.5	30;27937;31551;+;375.3	224;181112;182428;+;135.0	2;1138;3585;+;128.3	222;179588;180214;+;92.7	5;4407;4949;+;38.7	11;8766;11564;+;145.3	213;173913;175778;+;47.3	225;182425;183003;+;100.2	213;173913;175778;+;52.0	A	9/9	split_2	181287	0	1	
NZ_CP098376.1	MPF_F	IncFII(K);repB(R1701)	138	0	0	GA	0															not_admitted	not_admitted	not_admitted	not_admitted	not_admitted	not_admitted	not_admitted	not_admitted	not_admitted	not_admitted	1	64;46634;47623;+;366.0	74;53170;54537;+;381.2	70;51160;51912;+;233.7	60;42538;45177;+;258.5	75;54537;57386;+;345.6	54;38284;39708;+;89.2	60;42538;45177;+;88.7	52;36991;37557;+;169.3	65;47636;48274;+;67.0	66;48333;50288;+;259.7	79;59872;62184;+;392.7	55;39781;40365;+;54.5	79;59872;62184;+;66.5	A	9/9	contiguous	22881	1	1	57399..57947+;182;unnamed;0
NZ_CP098377.1	MPF_F	IncFII(K);repB(R1701)	138	0	0	GA	0															not_admitted	not_admitted	not_admitted	not_admitted	not_admitted	not_admitted	not_admitted	not_admitted	not_admitted	not_admitted	1	33;36452;37441;-;366.0	23;29538;30905;-;381.2	27;32163;32915;-;233.7	37;38898;41537;-;258.5	22;26689;29538;-;345.6	43;44367;45791;-;89.2	37;38898;41537;-;88.7	45;46518;47084;-;169.3	32;35801;36439;-;67.0	31;33787;35742;-;259.7	18;21891;24203;-;392.7	42;43710;44294;-;54.5	18;21891;24203;-;66.5	A	9/9	contiguous	24627	1	1	26128..26676-;182;unnamed;0
NZ_CP098378.1	-	IncFII(Yp);IncFII(pAR0022)	95	0	0	GA	0															not_admitted	not_admitted	not_admitted	not_admitted	not_admitted	not_admitted	not_admitted	not_admitted	not_admitted	not_admitted	1	75;61954;62949;+;369.5	82;67469;68836;+;352.7	78;65417;66223;+;204.7	70;57646;60261;+;236.0	83;68836;71724;+;317.3	66;54973;56331;+;94.4	70;57646;60261;+;120.2	64;53651;54220;+;107.8	76;62968;63594;+;65.3	77;63591;65420;+;244.0	86;72755;74944;+;366.9	69;57056;57643;+;52.5	86;72755;74944;+;62.7	A	9/9	contiguous	19104	1	1	71721..72332+;203;unnamed;0
NZ_CP098379.1	MPF_F	IncFII(K);repB(R1701)	138	0	0	GA	0															not_admitted	not_admitted	not_admitted	not_admitted	not_admitted	not_admitted	not_admitted	not_admitted	not_admitted	not_admitted	1	84;76864;77853;-;366.0	74;69950;71317;-;381.2	78;72575;73327;-;233.7	88;79310;81949;-;258.5	73;67101;69950;-;345.6	94;84779;86203;-;89.2	88;79310;81949;-;88.7	96;86930;87496;-;169.3	83;76213;76851;-;67.0	82;74199;76154;-;259.7	69;62303;64615;-;392.7	93;84122;84706;-;54.5	69;62303;64615;-;66.5	A	9/9	contiguous	24627	1	1	66540..67088-;182;unnamed;0
NZ_CP098380.1	MPF_F	IncHI2;IncHI2A	313	0	0	GA	0															not_admitted	not_admitted	not_admitted	not_admitted	not_admitted	not_admitted	not_admitted	not_admitted	not_admitted	not_admitted	1	196;178358;179416;+;276.9	52;43040;44455;-;194.1	53;44445;45491;-;173.7	178;155038;157719;+;168.0	51;39081;43031;-;101.6	174;151353;152708;+;80.7	178;155038;157719;+;72.2	171;148841;149629;+;74.8	194;176705;178216;+;62.7	197;179435;182623;+;58.3	59;52532;54616;+;56.7	177;154079;155029;+;46.4	59;52532;54616;+;38.8	A	9/9	split_3	140354	0	1	
NZ_CP098384.1	MPF_F	IncHI2;IncHI2A	308	0	0	GA	0															not_admitted	not_admitted	not_admitted	not_admitted	not_admitted	not_admitted	not_admitted	not_admitted	not_admitted	not_admitted	1	275;252422;253480;+;276.9	133;117109;118524;-;194.1	134;118514;119560;-;173.7	257;229102;231783;+;168.0	132;113150;117100;-;101.6	253;225417;226772;+;80.7	257;229102;231783;+;72.2	250;222905;223693;+;74.8	273;250769;252280;+;62.7	276;253499;256687;+;58.3	140;126601;128685;+;56.7	256;228143;229093;+;46.4	140;126601;128685;+;38.8	A	9/9	split_3	140349	0	1	
NZ_CP098385.1	MPF_F	IncFII(K);repB(R1701)	144	0	0	GA	0															not_admitted	not_admitted	not_admitted	not_admitted	not_admitted	not_admitted	not_admitted	not_admitted	not_admitted	not_admitted	1	86;73861;74853;-;366.6	76;67040;68410;-;381.2	80;69612;70364;-;232.4	89;75879;78518;-;258.7	75;64191;67040;-;345.6	98;82333;83757;-;89.2	89;75879;78518;-;88.8	100;84484;85050;-;167.0	85;73210;73848;-;67.0	84;71207;73213;-;259.0	71;59393;61705;-;392.7	96;81152;81721;-;49.7	71;59393;61705;-;66.5	A	9/9	contiguous	25091	1	1	63630..64178-;182;unnamed;0
NZ_CP098386.1	-	IncFII(Yp);IncFII(pAR0022)	96	0	0	GA	0															not_admitted	not_admitted	not_admitted	not_admitted	not_admitted	not_admitted	not_admitted	not_admitted	not_admitted	not_admitted	1	60;60082;61077;-;369.5	53;54195;55562;-;352.7	57;56808;57614;-;204.7	65;62770;65385;-;236.0	52;51307;54195;-;317.3	69;66700;68058;-;94.4	65;62770;65385;-;120.2	71;68811;69380;-;107.8	59;59437;60063;-;65.3	58;57611;59440;-;244.0	49;48087;50276;-;366.9	66;65388;65975;-;52.5	49;48087;50276;-;62.7	A	9/9	contiguous	20724	1	1	50699..51310-;203;unnamed;0
NZ_CP098424.1	MPF_F	IncFIA(HI1);IncFII(K);IncR	117	0	0	GA	0															not_admitted	not_admitted	not_admitted	not_admitted	not_admitted	not_admitted	not_admitted	not_admitted	not_admitted	not_admitted	1	90;85740;86729;+;366.0	100;92276;93643;+;380.7	96;90266;91018;+;233.7	86;81658;84297;+;258.5	101;93643;96492;+;345.6		86;81658;84297;+;88.7		91;86742;87380;+;67.0	92;87439;89394;+;259.7	107;99755;102067;+;392.7		107;99755;102067;+;66.5	C	7/9	contiguous	18097	1	1	96505..97053+;182;unnamed;0
NZ_CP098439.1	MPF_F	IncFIA;IncFIB(AP001918);IncFII	124	0	0	GA	0															not_admitted	not_admitted	not_admitted	not_admitted	not_admitted	not_admitted	not_admitted	not_admitted	not_admitted	not_admitted	1	34;25599;26591;+;369.5	44;32370;33743;+;381.7	39;29697;30440;+;234.4	31;21960;24590;+;304.1	45;33740;36562;+;374.0	23;17107;18558;+;94.2	31;21960;24590;+;97.1	21;15826;16392;+;174.3	36;26935;27573;+;68.6	37;27570;29420;+;266.1	49;38834;41113;+;391.0	26;19418;19933;+;78.4	49;38834;41113;+;70.3	A	9/9	contiguous	23008	1	1	36584..37063+;159;TraS;0
NZ_CP098448.1	-	-	64	0	0	GA	1	36;32539;33153;-;45.0	35;32242;32484;-;49.7	34;29410;32181;-;45.0	34;29410;32181;-;164.7	34;29410;32181;-;64.9	33;28633;29370;-;65.8	31;27340;28374;-;119.4		28;26199;26918;-;148.7	27;25279;26196;-;144.1	26;24098;25282;-;136.1	25;23064;24095;-;84.9	24;21223;23055;-;474.7		pfam	pfam_only	A	7/7	canonical	1	1	unscoreable	3	0	0														not_admitted	not_admitted	not_admitted	not_admitted	not_admitted	not_admitted	not_admitted
NZ_CP098451.1	-	-	64	0	0	GA	1	27;26545;27159;-;45.0	26;26248;26490;-;49.7	25;23416;26187;-;45.0	25;23416;26187;-;164.7	25;23416;26187;-;64.9	24;22639;23376;-;65.8	22;21346;22380;-;119.4		19;20205;20924;-;148.7	18;19285;20202;-;144.1	17;18104;19288;-;136.1	16;17070;18101;-;84.9	15;15229;17061;-;474.7		pfam	pfam_only	A	7/7	canonical	1	1	unscoreable	3	0	0														not_admitted	not_admitted	not_admitted	not_admitted	not_admitted	not_admitted	not_admitted
NZ_CP098487.1	MPF_T	IncP1	56	0	0	GA	1	47;42206;42841;+;23.5	36;31889;32353;+;63.5	37;32357;32668;+;49.8	38;32665;35223;+;91.0	38;32665;35223;+;112.1	43;38857;39621;+;122.3	45;39869;41587;+;143.0		39;35220;36002;+;145.8	40;36020;36919;+;186.5	42;37415;38836;+;224.2	35;30910;31872;+;127.6	4;7599;9512;-;525.1		conjscan	conjscan_only	A	7/7	canonical	1	0	unscoreable	4	0	0														not_admitted	not_admitted	not_admitted	not_admitted	not_admitted	not_admitted	not_admitted
NZ_CP098488.1	MPF_T	IncN	72	0	0	GA	1	16;12536;13270;+;32.5		19;13913;14230;+;63.3	20;14230;16830;+;113.8	20;14230;16830;+;76.4	21;16848;17561;+;105.5	23;17812;18852;+;142.4		24;19071;19769;+;131.9	25;19780;20664;+;159.7	26;20664;21824;+;156.3	27;21866;22861;+;81.2	49;42124;43653;-;38.5		pfam	both	A	7/7	canonical	1	0	unscoreable	3	0	0														not_admitted	not_admitted	not_admitted	not_admitted	not_admitted	not_admitted	not_admitted
NZ_CP098605.1	MPF_T	-	126	0	0	GA	1	0;917;1507;-;62.5	51;34974;35288;-;78.6	50;34705;34971;-;36.2	49;32718;34637;-;35.2	49;32718;34637;-;108.3	46;31184;31849;-;35.7	44;29803;30486;-;91.1		42;28281;28868;-;89.0	40;27276;28082;-;168.5	38;25907;26887;-;215.9	113;83724;84608;-;112.9	122;89329;90957;-;342.1		conjscan	conjscan_only	A	7/7	canonical	1	0	unscoreable	22	0	0														not_admitted	not_admitted	not_admitted	not_admitted	not_admitted	not_admitted	not_admitted
NZ_CP098704.1	MPF_F	pYE854	82	0	0	GA	0															not_admitted	not_admitted	not_admitted	not_admitted	not_admitted	not_admitted	not_admitted	not_admitted	not_admitted	not_admitted	1	36;32106;33689;-;329.9	31;28222;29610;-;247.2	32;29620;30483;-;155.9	40;37731;40304;-;168.2	30;24572;28225;-;130.9	42;40834;42084;-;53.8	40;37731;40304;-;86.8	44;42871;43521;-;62.7	35;31387;32106;-;96.9	38;34093;35670;-;82.3	5;3130;5202;+;320.8	41;40304;40810;-;71.6	5;3130;5202;+;60.2	A	9/9	split_2	39741	1	1	24221..24481-;86;unnamed;0
NZ_CP098742.1	MPF_F	IncFIA;IncFIB(AP001918);IncFII	124	0	0	GA	0															not_admitted	not_admitted	not_admitted	not_admitted	not_admitted	not_admitted	not_admitted	not_admitted	not_admitted	not_admitted	1	69;62851;63843;-;369.5	59;55699;57072;-;381.7	64;59002;59745;-;234.4	72;64852;67482;-;304.1	58;52880;55702;-;374.0	80;70884;72335;-;94.2	72;64852;67482;-;97.1	82;73050;73616;-;174.3	67;61869;62507;-;68.6	66;60022;61872;-;266.1	54;48329;50608;-;391.0	77;69509;70024;-;78.4	54;48329;50608;-;70.3	A	9/9	contiguous	24721	1	1	52379..52858-;159;TraS;0
NZ_CP098759.1	MPF_F	IncFIB(K);IncFII(K);IncFII(pAR0022)	273	0	0	GA	0															not_admitted	not_admitted	not_admitted	not_admitted	not_admitted	not_admitted	not_admitted	not_admitted	not_admitted	not_admitted	1	71;71843;72832;-;363.3	60;64657;66024;-;384.1	64;67282;68034;-;233.7	75;74289;76928;-;259.0	59;61835;64657;-;346.4	85;80856;82280;-;89.5	75;74289;76928;-;88.7	87;83007;83573;-;167.0	69;70920;71567;-;65.9	68;68906;70861;-;259.4	55;56906;59218;-;393.1	83;79660;80244;-;53.8	55;56906;59218;-;66.6	A	9/9	contiguous	26101	1	1	61210..61812-;200;TraS;0
NZ_CP098765.1	-	-	104	0	0	GA	1	68;62742;63518;-;40.8	67;62380;62745;-;67.1	9;8878;9162;+;89.6	65;59592;61982;-;149.9	10;9141;11504;+;112.4	64;58839;59576;-;95.0	11;11504;12727;+;96.2		13;13541;14311;+;175.2	59;55560;56402;-;181.8	58;54350;55558;-;170.2	16;16193;17170;+;115.6	56;51551;53350;-;331.6		pfam	pfam_only	A	7/7	uncallable	0	0	unscoreable	3	0	0														not_admitted	not_admitted	not_admitted	not_admitted	not_admitted	not_admitted	not_admitted
NZ_CP098779.1	MPF_F	IncHI2;IncHI2A	322	0	0	GA	0															not_admitted	not_admitted	not_admitted	not_admitted	not_admitted	not_admitted	not_admitted	not_admitted	not_admitted	not_admitted	1	29;32275;33333;+;276.9	203;188807;190222;-;194.1	204;190212;191258;-;173.7	11;8955;11636;+;168.0	202;184848;188798;-;101.6	7;5270;6625;+;80.7	11;8955;11636;+;72.2	4;2758;3546;+;74.8	27;30622;32133;+;62.7	30;33352;36540;+;58.3	210;198299;200383;+;56.7	10;7996;8946;+;46.4	210;198299;200383;+;38.8	A	9/9	split_3	195541	0	1	
NZ_CP098780.1	-	repA(pENTd4a)	81	0	0	GA	1	69;49399;49902;-;83.4			7;7780;10209;-;115.6	7;7780;10209;-;59.6	6;7130;7783;-;125.4	5;6134;7099;-;108.3		4;5349;6035;-;104.8	3;4510;5352;-;158.6	2;3363;4520;-;134.8	77;56664;58205;-;197.7	32;26943;28502;+;59.7		pfam	both	A	7/7	canonical	1	0	unscoreable	8	0	0														not_admitted	not_admitted	not_admitted	not_admitted	not_admitted	not_admitted	not_admitted
NZ_CP098781.1	MPF_T	IncN	66	0	0	GA	1	17;13777;14511;+;32.5		20;15154;15471;+;63.3	21;15471;18071;+;113.8	21;15471;18071;+;76.4	22;18089;18802;+;105.5	24;19053;20093;+;142.4		25;20312;21010;+;132.9	26;21021;21905;+;159.7	27;21905;23065;+;156.3	28;23107;24102;+;81.2	42;35990;37519;-;38.5		pfam	both	A	7/7	canonical	1	0	unscoreable	3	0	0														not_admitted	not_admitted	not_admitted	not_admitted	not_admitted	not_admitted	not_admitted
NZ_CP098801.1	MPF_T	-	1344	0	0	GA	1	111;124546;125208;+;24.0	112;125205;125504;+;90.0	113;125510;125848;+;101.0	114;125841;128207;+;168.1	114;125841;128207;+;103.7	115;128207;128905;+;198.2	117;129139;130059;+;164.8		119;130401;131069;+;211.5	120;131066;131923;+;183.9	121;131933;133105;+;180.7	1071;1153174;1155072;+;189.5	496;531577;533490;-;321.2		pfam	both	A	7/7	canonical	1	0	unscoreable	10	0	0														not_admitted	not_admitted	not_admitted	not_admitted	not_admitted	not_admitted	not_admitted
NZ_CP098802.1	MPF_T	-	353	0	0	GA	1		180;185952;186335;-;74.3	179;185660;185959;-;64.5	178;183193;185649;-;172.2	178;183193;185649;-;122.0	177;182418;183221;-;49.1	175;181046;182227;-;112.8		174;180363;181025;-;131.1	173;179533;180345;-;181.6	171;177779;179077;-;210.4	181;186325;187302;-;129.6	158;165269;167203;-;550.7		conjscan	conjscan_only	A	7/7	canonical	1	0	unscoreable	3	0	0														not_admitted	not_admitted	not_admitted	not_admitted	not_admitted	not_admitted	not_admitted
NZ_CP098808.1	MPF_T	-	1553	0	0	GA	1	398;455613;457067;+;58.8	977;1105200;1105499;-;87.6	976;1104854;1105195;-;102.0	975;1102495;1104879;-;166.0	975;1102495;1104879;-;111.3	974;1101797;1102495;-;203.4	972;1100630;1101565;-;162.5		970;1099642;1100313;-;208.1	969;1098788;1099642;-;172.4	968;1097606;1098778;-;181.5	967;1096603;1097595;-;100.5	1010;1140481;1142394;+;329.1		pfam	both	A	7/7	canonical	1	0	unscoreable	2	0	0														not_admitted	not_admitted	not_admitted	not_admitted	not_admitted	not_admitted	not_admitted
NZ_CP098809.1	MPF_T	-	1618	0	0	GA	1		1598;1680765;1681145;-;69.8	1597;1680479;1680772;-;61.7	1596;1678018;1680468;-;174.1	1596;1678018;1680468;-;125.6	1595;1677243;1678046;-;42.1	1593;1675884;1677068;-;106.2		1592;1675201;1675863;-;133.7	1591;1674372;1675184;-;188.7	1589;1672623;1673918;-;221.9	1599;1681135;1682103;-;124.2			conjscan	conjscan_only	B	6/7	canonical	1	0	unscoreable	3	0	0														not_admitted	not_admitted	not_admitted	not_admitted	not_admitted	not_admitted	not_admitted
NZ_CP098810.1	MPF_T	-	134	0	0	GA	1		131;146167;146550;-;70.2	130;145875;146174;-;63.4	129;143409;145865;-;179.4	129;143409;145865;-;123.3	128;142634;143437;-;42.4	126;141268;142443;-;111.6		125;140584;141246;-;134.3	124;139756;140568;-;189.3	122;138005;139303;-;216.7	132;146540;147517;-;130.8	110;126222;128204;-;565.0		conjscan	conjscan_only	A	7/7	canonical	1	0	unscoreable	14	0	0														not_admitted	not_admitted	not_admitted	not_admitted	not_admitted	not_admitted	not_admitted
NZ_CP098811.1	MPF_T	-	154	0	0	GA	1	29;28076;29164;-;92.7	32;31925;32275;-;73.8	31;31623;31922;-;79.5	30;29161;31620;-;121.3	30;29161;31620;-;98.8	28;27363;28064;-;34.3	26;26101;27129;-;140.6		25;25380;26075;-;177.9	24;24571;25380;-;198.2	23;23363;24574;-;206.3	22;22354;23382;-;136.0	21;20258;22357;-;312.0		pfam	pfam_only	A	7/7	canonical	1	0	unscoreable	1	0	0														not_admitted	not_admitted	not_admitted	not_admitted	not_admitted	not_admitted	not_admitted
NZ_CP098832.1	MPF_F	IncHI2;IncN;IncQ1	252	0	0	GA	0															not_admitted	not_admitted	not_admitted	not_admitted	not_admitted	not_admitted	not_admitted	not_admitted	not_admitted	not_admitted	1	220;195758;196816;-;276.9			240;217723;220404;-;168.0		244;222734;224089;-;80.7	240;217723;220404;-;72.2	247;225813;226601;-;74.8	222;196958;198175;-;62.1	219;192551;195739;-;57.3		241;220413;221363;-;46.1		C	6/9	split_2	33262	0	1	
NZ_CP098835.1	MPF_F	IncHI2;IncHI2A	263	0	0	GA	0															not_admitted	not_admitted	not_admitted	not_admitted	not_admitted	not_admitted	not_admitted	not_admitted	not_admitted	not_admitted	1	220;194690;195748;-;276.9	68;57562;58977;+;193.8	67;56526;57572;+;174.3	236;215320;218001;-;168.0	69;58986;62939;+;101.7	240;220331;221686;-;80.7	236;215320;218001;-;72.2	243;223410;224198;-;74.8	222;195890;197401;-;62.0	219;191483;194671;-;57.3	60;47400;49484;-;56.8	237;218010;218960;-;46.1	60;47400;49484;-;38.8	A	9/9	split_2	176010	1	1	63120..64409+;429;unnamed;0
NZ_CP098836.1	MPF_T	IncX4	45	0	0	GA	1	30;26046;26666;-;41.6	29;25706;26032;-;64.4	28;22940;25687;-;63.8	28;22940;25687;-;151.8	28;22940;25687;-;46.1	27;22212;22928;-;94.2	26;21106;22200;-;150.1		24;19905;20591;-;169.0	23;19000;19908;-;142.4	22;17889;19007;-;163.9	21;16859;17887;-;85.0	20;15010;16827;-;314.8		pfam	pfam_only	A	7/7	canonical	1	1	unscoreable	1	0	0														not_admitted	not_admitted	not_admitted	not_admitted	not_admitted	not_admitted	not_admitted
NZ_CP099218.1	-	pKPC-CAV1321	285	0	0	GA	0															not_admitted	not_admitted	not_admitted	not_admitted	not_admitted	not_admitted	not_admitted	not_admitted	not_admitted	not_admitted	1	190;151766;152833;+;276.8			186;147172;149658;+;223.8		182;142547;143944;+;109.8	186;147172;149658;+;120.8	180;140638;141264;+;87.1	189;150456;151769;+;41.0		174;136114;138090;+;22.7	183;143941;144507;+;71.6	174;136114;138090;+;33.5	D	5/9	contiguous	15652	0	0	
NZ_CP099261.1	MPF_F	IncFIB(K);IncFII(pKP91)	236	0	0	GA	0															not_admitted	not_admitted	not_admitted	not_admitted	not_admitted	not_admitted	not_admitted	not_admitted	not_admitted	not_admitted	1	159;131027;132016;-;366.0	149;124113;125480;-;382.1	153;126738;127490;-;233.7	163;133473;136112;-;258.5	148;121264;124113;-;346.5	171;139479;140903;-;89.2	163;133473;136112;-;88.7	173;141630;142196;-;167.0	158;130376;131014;-;67.0	157;128362;130317;-;260.6	144;116516;118798;-;393.1	169;138283;138867;-;54.4	144;116516;118798;-;66.6	A	9/9	contiguous	25114	1	1	120731..121261-;176;unnamed;0
NZ_CP099292.1	MPF_T	IncX3	58	0	0	GA	1	31;20472;21116;+;46.4	32;21100;21390;+;73.1	33;21415;24168;+;47.0	33;21415;24168;+;145.4	33;21415;24168;+;73.3	34;24178;24948;+;60.1	36;25227;26282;+;133.2		37;26477;27205;+;119.4	38;27211;28140;+;138.8	39;28137;29351;+;128.3	41;29547;30581;+;65.7	42;30584;32419;+;495.9		pfam	pfam_only	A	7/7	canonical	1	1	unscoreable	2	0	0														not_admitted	not_admitted	not_admitted	not_admitted	not_admitted	not_admitted	not_admitted
NZ_CP099305.1	MPF_F	IncFIA(HI1);IncHI1A;IncHI1B(R27);IncQ1	241	0	0	GA	0															not_admitted	not_admitted	not_admitted	not_admitted	not_admitted	not_admitted	not_admitted	not_admitted	not_admitted	not_admitted	1	15;14855;15907;+;277.6	153;142074;143489;-;201.7	154;143479;144525;-;171.3	240;214064;216745;+;160.9	152;138076;142065;-;103.1	236;210358;211716;+;84.0	240;214064;216745;+;76.5	233;207906;208691;+;68.7	13;13202;14710;+;65.6	16;15930;19106;+;58.9	160;151460;153544;+;50.2	239;213105;214055;+;45.2	160;151460;153544;+;36.5	A	9/9	split_3	200862	0	1	
NZ_CP099307.1	MPF_F	IncFIA(HI1);IncHI1A;IncHI1B(R27);IncQ1	242	0	0	GA	0															not_admitted	not_admitted	not_admitted	not_admitted	not_admitted	not_admitted	not_admitted	not_admitted	not_admitted	not_admitted	1	15;14855;15907;+;277.6	154;142070;143485;-;201.7	155;143475;144521;-;171.3	241;214060;216741;+;160.9	153;138072;142061;-;103.1	237;210354;211712;+;84.0	241;214060;216741;+;76.5	234;207902;208687;+;68.7	13;13202;14710;+;65.6	16;15930;19106;+;58.9	161;151456;153540;+;50.2	240;213101;214051;+;45.2	161;151456;153540;+;36.5	A	9/9	split_3	200858	0	1	
NZ_CP099315.1	MPF_F	IncFIB(pECLA);IncFII(pECLA)	130	0	0	GA	0															not_admitted	not_admitted	not_admitted	not_admitted	not_admitted	not_admitted	not_admitted	not_admitted	not_admitted	not_admitted	1	97;75873;76868;+;363.9	106;82108;83472;+;358.7	100;79331;80113;+;218.4	89;69858;72467;+;223.7	107;83472;86792;+;310.8	83;66455;67858;+;92.3	89;69858;72467;+;101.8	81;65125;65706;+;99.1	98;76879;77502;+;63.3	99;77499;79334;+;221.8	112;89375;91972;+;362.8	87;69125;69679;+;44.3	112;89375;91972;+;71.2	A	9/9	contiguous	24250	1	1	86805..87401+;198;unnamed;0
NZ_CP099317.1	MPF_F	IncFIB(pECLA);IncFII(pECLA)	130	0	0	GA	0															not_admitted	not_admitted	not_admitted	not_admitted	not_admitted	not_admitted	not_admitted	not_admitted	not_admitted	not_admitted	1	97;75874;76869;+;363.9	106;82109;83473;+;358.7	100;79332;80114;+;218.4	89;69859;72468;+;223.7	107;83473;86793;+;310.8	83;66456;67859;+;92.3	89;69859;72468;+;101.8	81;65126;65707;+;99.1	98;76880;77503;+;63.3	99;77500;79335;+;221.8	112;89376;91973;+;362.8	87;69126;69680;+;44.3	112;89376;91973;+;71.2	A	9/9	contiguous	24250	1	1	86806..87402+;198;unnamed;0
NZ_CP099320.1	MPF_F	IncFII(pECLA);repE(pEh60-7)	110	0	0	GA	0															not_admitted	not_admitted	not_admitted	not_admitted	not_admitted	not_admitted	not_admitted	not_admitted	not_admitted	not_admitted	1	85;65588;66583;+;363.9	93;71414;72778;+;357.9	88;69046;69828;+;218.4	77;60039;62648;+;223.7	94;72778;76098;+;309.7	71;56636;58039;+;92.3	77;60039;62648;+;102.2	69;55306;55887;+;100.6	86;66594;67217;+;63.3	87;67214;69049;+;222.3	99;78675;81272;+;363.1	75;59306;59860;+;44.3	99;78675;81272;+;71.2	A	9/9	contiguous	23369	1	1	76111..76707+;198;unnamed;0
NZ_CP099326.1	MPF_F	repE(pEh60-7)	120	0	0	GA	0															not_admitted	not_admitted	not_admitted	not_admitted	not_admitted	not_admitted	not_admitted	not_admitted	not_admitted	not_admitted	1	14;8803;9801;+;359.7	23;15059;16423;+;361.4	17;12282;13064;+;216.1	6;3249;5855;+;223.4	24;16423;19836;+;308.6	119;105990;107393;+;88.7	6;3249;5855;+;102.1	117;104660;105241;+;102.0	15;9812;10435;+;64.0	16;10432;12285;+;219.7	28;22062;24635;+;360.3	4;2423;2977;+;42.7	28;22062;24635;+;70.5	A	9/9	split_2	103567	1	1	19837..20562+;241;unnamed;0
NZ_CP099335.1	MPF_T	IncI2	78	0	0	GA	1	42;32304;32786;-;81.1	57;48248;48538;-;28.9	56;47857;48141;-;36.6	55;45494;47851;-;60.7	55;45494;47851;-;44.0	66;53064;53705;-;42.8	67;53711;54706;-;128.5		53;44594;45328;-;144.4	52;43827;44597;-;171.3	51;42698;43837;-;154.7	45;34554;36092;-;207.1	49;39650;41608;-;288.2		pfam	pfam_only	A	7/7	rearranged	1	0	unscoreable	13	1	0														not_admitted	not_admitted	not_admitted	not_admitted	not_admitted	not_admitted	not_admitted
NZ_CP099345.1	MPF_F	IncFII(pCoo)	113	0	0	GA	0															not_admitted	not_admitted	not_admitted	not_admitted	not_admitted	not_admitted	not_admitted	not_admitted	not_admitted	not_admitted	1	84;69993;70991;+;349.2	93;77029;78435;+;340.7	89;74925;75710;+;217.6	79;65729;68368;+;253.4	94;78435;81344;+;312.4	77;63874;65208;+;97.1	79;65729;68368;+;114.9	75;62549;63127;+;126.1	87;72387;72992;+;56.1	88;72989;74923;+;240.3	101;84921;87107;+;375.4	78;65220;65732;+;59.3	101;84921;87107;+;60.1	A	9/9	contiguous	22372	1	1	81359..82006+;215;unnamed;1
NZ_CP099346.1	MPF_F	Col156;IncFII	81	0	0	GA	0															not_admitted	not_admitted	not_admitted	not_admitted	not_admitted	not_admitted	not_admitted	not_admitted	not_admitted	not_admitted	1	58;46577;47575;+;349.2	67;53613;55019;+;340.7	63;51509;52294;+;217.6	53;42313;44952;+;253.4	68;55019;57895;+;314.8	51;40458;41792;+;97.1	53;42313;44952;+;114.9	49;39133;39711;+;126.1	61;48971;49576;+;56.1	62;49573;51507;+;240.3	73;61001;63187;+;375.4	52;41804;42316;+;59.3	73;61001;63187;+;60.1	A	9/9	contiguous	21868	1	1	57910..58821+;303;unnamed;0
NZ_CP099350.1	MPF_F	IncHI2;IncHI2A	298	0	0	GA	0															not_admitted	not_admitted	not_admitted	not_admitted	not_admitted	not_admitted	not_admitted	not_admitted	not_admitted	not_admitted	1	27;30461;31519;+;276.9	209;197835;199250;-;194.1	210;199240;200286;-;174.3	11;8955;11636;+;168.0	208;193873;197826;-;101.6	7;5270;6625;+;80.7	11;8955;11636;+;72.2	4;2758;3546;+;74.8	25;28808;30319;+;62.0	28;31538;34726;+;57.3	217;207328;209412;+;56.8	10;7996;8946;+;46.1	217;207328;209412;+;38.8	A	9/9	split_2	204570	1	1	192403..193692-;429;unnamed;0
NZ_CP099369.1	MPF_F	repE(pEh60-7)	93	0	0	GA	0															not_admitted	not_admitted	not_admitted	not_admitted	not_admitted	not_admitted	not_admitted	not_admitted	not_admitted	not_admitted	1	39;41551;42549;-;355.1	32;35440;36804;-;356.4	36;38264;39046;-;219.2	46;45236;47839;-;217.8	31;32207;35440;-;299.0	50;49346;50743;-;93.6	46;45236;47839;-;101.5	52;51492;52076;-;103.8	38;40920;41540;-;57.0	37;39043;40923;-;214.7	24;26565;29090;-;356.8	47;47836;48393;-;39.5	24;26565;29090;-;68.0	A	9/9	contiguous	24927	1	1	31488..32198-;236;unnamed;0
NZ_CP099372.1	MPF_F	repE(pEh60-7)	93	0	0	GA	0															not_admitted	not_admitted	not_admitted	not_admitted	not_admitted	not_admitted	not_admitted	not_admitted	not_admitted	not_admitted	1	28;18668;19666;+;355.1	35;24413;25777;+;356.4	31;22171;22953;+;219.2	21;13378;15981;+;217.8	36;25777;29010;+;299.0	17;10474;11871;+;93.6	21;13378;15981;+;101.5	15;9141;9725;+;103.8	29;19677;20297;+;57.0	30;20294;22174;+;214.7	43;32127;34652;+;356.8	20;12824;13381;+;39.5	43;32127;34652;+;68.0	A	9/9	contiguous	22986	1	1	29019..29729+;236;unnamed;0
NZ_CP099398.1	MPF_T	-	438	0	0	GA	1		178;192068;192367;+;90.3	179;192375;192713;+;102.8	180;192706;195072;+;177.3	180;192706;195072;+;112.8	181;195069;195770;+;203.8	185;197966;198478;+;77.5		187;198801;199472;+;215.2	188;199469;200326;+;186.7	189;200335;201507;+;181.3	190;201516;202544;+;110.5	206;212373;214292;-;332.3		pfam	both	A	7/7	canonical	1	0	unscoreable	18	0	0														not_admitted	not_admitted	not_admitted	not_admitted	not_admitted	not_admitted	not_admitted
NZ_CP099401.1	MPF_T	-	462	0	0	GA	1		154;177707;178006;+;90.2	155;178014;178352;+;99.5	156;178345;180711;+;175.5	156;178345;180711;+;108.5	157;180708;181409;+;202.0	159;181642;182574;+;170.6		161;182907;183578;+;215.4	162;183575;184432;+;185.2	163;184441;185616;+;180.7	164;185625;186656;+;107.5	176;196301;198220;-;328.1		pfam	both	A	7/7	canonical	1	0	unscoreable	13	0	0														not_admitted	not_admitted	not_admitted	not_admitted	not_admitted	not_admitted	not_admitted
NZ_CP099404.1	MPF_F	IncHI2;IncHI2A	287	0	0	GA	0															not_admitted	not_admitted	not_admitted	not_admitted	not_admitted	not_admitted	not_admitted	not_admitted	not_admitted	not_admitted	1	31;33341;34399;+;276.9	210;193010;194425;-;194.1	211;194415;195461;-;173.7	13;10021;12702;+;168.0	209;189051;193001;-;101.6	7;5270;6625;+;80.7	13;10021;12702;+;72.2	4;2758;3546;+;74.8	29;31688;33199;+;62.7	32;34418;37606;+;58.3	217;202502;204586;+;56.7	12;9650;10012;+;42.2	217;202502;204586;+;38.8	A	9/9	split_3	199744	0	1	
NZ_CP099405.1	MPF_F	IncFIB(K);IncFII(K);IncFII(pAR0022)	271	0	0	GA	0															not_admitted	not_admitted	not_admitted	not_admitted	not_admitted	not_admitted	not_admitted	not_admitted	not_admitted	not_admitted	1	177;170148;171137;-;366.6	167;163264;164631;-;381.2	171;165888;166640;-;231.5	181;172580;175219;-;255.1	166;160415;163264;-;344.3	191;179480;180904;-;88.8	181;172580;175219;-;88.8	193;181631;182197;-;169.3	176;169497;170135;-;67.0	175;167483;169438;-;259.2	161;155643;157955;-;393.1	190;178782;179366;-;55.4	161;155643;157955;-;66.6	A	9/9	contiguous	25988	1	1	159882..160412-;176;unnamed;0
NZ_CP099406.1	MPF_F	IncFIA(pBK30683);IncFII(Yp)	157	0	0	GA	0															not_admitted	not_admitted	not_admitted	not_admitted	not_admitted	not_admitted	not_admitted	not_admitted	not_admitted	not_admitted	1	133;119781;120773;+;372.3	143;126406;127776;+;383.1	140;124885;125637;+;222.2	130;116119;118758;+;258.9	144;127776;130631;+;333.3	123;111588;113009;+;88.0	130;116119;118758;+;88.4	121;110301;110867;+;161.7	134;120786;121412;+;68.3	135;121409;123364;+;254.7	147;132376;134694;+;390.7	125;113621;114190;+;55.7	147;132376;134694;+;66.8	A	9/9	contiguous	22075	1	1	130648..131319+;223;unnamed;0
NZ_CP099407.1	MPF_F	IncFII(K);repB(R1701)	124	0	0	GA	0															not_admitted	not_admitted	not_admitted	not_admitted	not_admitted	not_admitted	not_admitted	not_admitted	not_admitted	not_admitted	1	99;80784;81773;+;363.3	109;87320;88687;+;382.6	105;85310;86062;+;232.0	95;76688;79327;+;256.8	110;88687;91536;+;345.6	87;72007;73431;+;88.8	95;76688;79327;+;87.7	85;70714;71280;+;169.3	100;81786;82424;+;66.0	101;82483;84438;+;259.7	114;94021;96333;+;392.7	88;73545;74129;+;55.4	114;94021;96333;+;66.5	A	9/9	contiguous	23307	1	1	91549..92097+;182;unnamed;0
NZ_CP099410.1	MPF_F	IncFIB(K);IncFII(K);IncFII(pAR0022)	271	0	0	GA	0															not_admitted	not_admitted	not_admitted	not_admitted	not_admitted	not_admitted	not_admitted	not_admitted	not_admitted	not_admitted	1	177;170142;171131;-;366.6	167;163258;164625;-;381.2	171;165882;166634;-;231.5	181;172574;175213;-;256.8	166;160409;163258;-;344.3	191;179474;180898;-;88.8	181;172574;175213;-;88.8	193;181625;182191;-;169.3	176;169491;170129;-;67.0	175;167477;169432;-;259.2	161;155637;157949;-;393.1	190;178776;179360;-;55.4	161;155637;157949;-;66.6	A	9/9	contiguous	25988	1	1	159876..160406-;176;unnamed;0
NZ_CP099411.1	MPF_F	IncFIA(pBK30683);IncFII(Yp)	155	0	0	GA	0															not_admitted	not_admitted	not_admitted	not_admitted	not_admitted	not_admitted	not_admitted	not_admitted	not_admitted	not_admitted	1	114;97537;98529;+;372.3	124;104162;105532;+;383.1	121;102641;103393;+;222.2	111;93875;96514;+;258.9	125;105532;108387;+;333.3	104;89344;90765;+;88.0	111;93875;96514;+;88.4	102;88057;88623;+;161.7	115;98542;99168;+;68.3	116;99165;101120;+;254.7	128;110132;112450;+;390.7	106;91377;91946;+;55.7	128;110132;112450;+;66.8	A	9/9	contiguous	22075	1	1	108404..109075+;223;unnamed;0
NZ_CP099412.1	MPF_F	IncFII(K);repB(R1701)	124	0	0	GA	0															not_admitted	not_admitted	not_admitted	not_admitted	not_admitted	not_admitted	not_admitted	not_admitted	not_admitted	not_admitted	1	99;80784;81773;+;363.3	109;87320;88687;+;382.6	105;85310;86062;+;232.0	95;76688;79327;+;258.5	110;88687;91536;+;345.6	87;72007;73431;+;88.8	95;76688;79327;+;87.7	85;70714;71280;+;169.3	100;81786;82424;+;66.0	101;82483;84438;+;259.7	114;94021;96333;+;392.7	88;73545;74129;+;55.4	114;94021;96333;+;66.5	A	9/9	contiguous	23307	1	1	91549..92097+;182;unnamed;0
NZ_CP099415.1	MPF_F	IncFII(pHN7A8);IncR	187	0	0	GA	0															not_admitted	not_admitted	not_admitted	not_admitted	not_admitted	not_admitted	not_admitted	not_admitted	not_admitted	not_admitted	1	66;51504;52496;+;369.5	79;59329;60702;+;376.8	74;57020;57763;+;234.4	63;47868;50495;+;301.8	80;60699;63515;+;376.7	58;44386;45813;+;94.1	63;47868;50495;+;101.8	56;43105;43671;+;183.8	69;53442;54080;+;70.4	72;54893;56743;+;265.0	84;65816;68032;+;391.7	62;46837;47352;+;77.6	84;65816;68032;+;70.3	A	9/9	contiguous	22711	1	1	63548..64069+;173;unnamed;0
NZ_CP099447.1	MPF_T	IncX3	58	0	0	GA	1	45;38931;39575;-;46.4	44;38657;38947;-;73.1	43;35879;38632;-;47.0	43;35879;38632;-;142.4	43;35879;38632;-;73.3	42;35099;35869;-;60.1	40;33765;34820;-;133.2		39;32842;33570;-;119.4	38;31907;32836;-;138.8	37;30696;31910;-;128.3	35;29466;30500;-;65.7	34;27628;29463;-;495.9		pfam	pfam_only	A	7/7	canonical	1	1	unscoreable	2	0	0														not_admitted	not_admitted	not_admitted	not_admitted	not_admitted	not_admitted	not_admitted
NZ_CP099486.1	MPF_T	rep38	106	0	0	GA	1				37;30313;32328;+;23.5									43;36354;37904;+;462.9		none	none	D	2/7	uncallable	0	0	unscoreable	10	0	0														not_admitted	not_admitted	not_admitted	not_admitted	not_admitted	not_admitted	not_admitted
NZ_CP099487.1	MPF_T	rep38	51	0	0	GA	1				30;26514;28529;-;23.5									24;20938;22488;-;462.9		none	none	D	2/7	uncallable	0	0	unscoreable	5	0	0														not_admitted	not_admitted	not_admitted	not_admitted	not_admitted	not_admitted	not_admitted
NZ_CP099521.1	MPF_T	IncN;IncU	95	0	0	GA	1	16;12590;13324;+;32.5		19;13967;14284;+;63.3	20;14284;16884;+;113.8	20;14284;16884;+;76.4	21;16902;17615;+;105.5	23;17866;18906;+;142.4		24;19125;19823;+;131.9	25;19834;20718;+;159.7	26;20718;21878;+;156.3	27;21920;22915;+;81.2	72;68400;69929;-;38.5		pfam	both	A	7/7	canonical	1	0	unscoreable	3	0	0														not_admitted	not_admitted	not_admitted	not_admitted	not_admitted	not_admitted	not_admitted
NZ_CP099523.1	MPF_F	IncFIB(pNDM-Mar);IncHI1B(pNDM-MAR)	326	0	0	GA	0															not_admitted	not_admitted	not_admitted	not_admitted	not_admitted	not_admitted	not_admitted	not_admitted	not_admitted	not_admitted	1	253;232493;233530;-;282.3	182;164507;165916;-;190.4	183;165906;166943;-;175.6	265;244362;247079;-;149.6	181;160537;164505;-;121.3	269;249192;250562;-;65.6	265;244362;247079;-;85.2	272;252208;253068;-;79.0	254;233527;234888;-;68.3	252;229298;232483;-;59.6	190;174142;176268;+;57.7	266;247124;247861;-;56.9	190;174142;176268;+;41.0	A	9/9	split_2	91671	0	1	
NZ_CP099537.1	MPF_F	-	193	0	0	GA	0															not_admitted	not_admitted	not_admitted	not_admitted	not_admitted	not_admitted	not_admitted	not_admitted	not_admitted	not_admitted	1	83;67852;68844;+;356.3	91;73810;75222;+;349.7	86;71381;72175;+;213.0	77;62474;65158;+;247.4	92;75215;78106;+;303.4	71;58546;59931;+;93.5	77;62474;65158;+;103.1	69;57162;57821;+;86.0	84;68902;69522;+;64.9	85;69519;71384;+;214.2	96;80208;82676;+;344.7	75;61640;62179;+;38.2	96;80208;82676;+;67.0	A	9/9	contiguous	23046	1	1	78119..78697+;192;unnamed;0
NZ_CP099539.1	-	-	66	0	0	GA	1	26;13619;14095;-;88.9		49;36282;36653;-;25.3	48;33821;36325;-;77.8		47;33142;33831;-;52.8	46;32200;33117;-;126.5		45;31204;32016;-;102.0	44;30380;31207;-;148.2	43;29017;30393;-;112.6	33;19193;20713;-;181.2	39;25543;27177;-;215.1		pfam	pfam_only	A	7/7	canonical	1	0	unscoreable	13	0	0														not_admitted	not_admitted	not_admitted	not_admitted	not_admitted	not_admitted	not_admitted
NZ_CP099585.1	MPF_F	-	127	0	0	GA	0															not_admitted	not_admitted	not_admitted	not_admitted	not_admitted	not_admitted	not_admitted	not_admitted	not_admitted	not_admitted	1	36;41645;42676;-;366.9	28;34183;35628;-;327.0	30;36668;37486;-;212.4	42;45585;48185;-;215.4	27;30743;34186;-;232.2	48;52425;53762;-;95.1	42;45585;48185;-;79.3	50;54492;55103;-;85.1	35;40857;41648;-;87.9	33;38297;39562;-;152.1	64;70961;73027;-;407.9	43;48199;48897;-;50.3	64;70961;73027;-;52.6	A	9/9	contiguous	40218	0	1	
NZ_CP099589.1	MPF_F	IncFIA;IncFIB(AP001918);IncFIC(FII)	103	0	0	GA	0															not_admitted	not_admitted	not_admitted	not_admitted	not_admitted	not_admitted	not_admitted	not_admitted	not_admitted	not_admitted	1	52;58411;59403;-;368.6	41;51352;52728;-;374.3	48;54939;55682;-;234.1	55;60412;63039;-;306.8	40;48539;51355;-;386.1	62;65094;66521;-;94.3	55;60412;63039;-;98.5	64;67236;67802;-;183.8	51;57764;58402;-;67.3	50;55959;57767;-;268.0	37;44823;46976;-;391.1	58;63555;64070;-;77.3	37;44823;46976;-;69.2	A	9/9	contiguous	22413	1	1	47985..48506-;173;unnamed;0
NZ_CP099591.1	MPF_F	IncFIA;IncFIC(FII)	73	0	0	GA	0															not_admitted	not_admitted	not_admitted	not_admitted	not_admitted	not_admitted	not_admitted	not_admitted	not_admitted	not_admitted	1	49;42496;43488;+;368.6	60;49174;50547;+;374.3	53;46217;46960;+;234.1	46;38860;41487;+;306.8	61;50544;53360;+;386.1	40;35378;36805;+;94.3	46;38860;41487;+;98.5	38;34097;34663;+;183.8	50;43497;44135;+;67.3	51;44132;45940;+;268.0	64;54923;57076;+;391.1	44;37829;38344;+;77.3	64;54923;57076;+;69.2	A	9/9	contiguous	20826	1	1	53393..53914+;173;unnamed;0
NZ_CP099624.1	-	-	149	0	0	GA	1	123;123672;124442;-;39.4		136;134118;134402;-;28.5	134;131399;133918;-;48.2	134;131399;133918;-;57.9	132;130446;131096;-;77.6	130;128858;129949;-;86.9		129;128157;128864;-;81.0	127;126951;127727;-;173.4	126;125701;126954;-;135.9	124;124429;125439;-;86.4	117;118727;120382;-;32.1		pfam	both	A	7/7	canonical	1	0	unscoreable	9	0	0														not_admitted	not_admitted	not_admitted	not_admitted	not_admitted	not_admitted	not_admitted
NZ_CP099626.1	-	-	478	0	0	GA	0															not_admitted	not_admitted	not_admitted	not_admitted	not_admitted	not_admitted	not_admitted	not_admitted	not_admitted	not_admitted	1	353;324575;325729;+;189.0	335;307895;309376;-;175.6	336;309379;310401;-;183.7	349;319781;322204;+;140.0	278;262047;265292;-;122.4	346;317305;318606;+;83.2	349;319781;322204;+;61.1	344;315181;316104;+;84.7	352;323409;324572;+;42.9		323;296403;298253;+;50.7	347;318616;319194;+;53.8	323;296403;298253;+;47.6	B	8/9	split_2	62528	0	0	
NZ_CP099628.1	-	-	148	0	0	GA	1	21;17637;18407;+;39.4		8;7677;7961;+;28.5	10;8161;10680;+;48.2	10;8161;10680;+;57.9	12;10983;11633;+;77.6	14;12130;13221;+;86.9		15;13215;13922;+;81.0	17;14352;15128;+;173.4	18;15125;16378;+;135.9	20;16640;17650;+;86.4	27;21697;23352;+;32.1		pfam	both	A	7/7	canonical	1	0	unscoreable	9	0	0														not_admitted	not_admitted	not_admitted	not_admitted	not_admitted	not_admitted	not_admitted
NZ_CP099630.1	-	-	476	0	0	GA	0															not_admitted	not_admitted	not_admitted	not_admitted	not_admitted	not_admitted	not_admitted	not_admitted	not_admitted	not_admitted	1	306;296073;297227;-;189.0	324;312426;313907;+;175.6	323;311401;312423;+;183.7	310;299598;302021;-;140.0	381;356510;359755;+;122.4	313;303196;304497;-;83.2	310;299598;302021;-;61.1	315;305698;306621;-;84.7	307;297230;298393;-;42.9		336;323549;325399;-;50.7	312;302608;303186;-;53.8	336;323549;325399;-;47.6	B	8/9	split_2	60437	0	0	
NZ_CP099644.1	-	-	473	0	0	GA	0															not_admitted	not_admitted	not_admitted	not_admitted	not_admitted	not_admitted	not_admitted	not_admitted	not_admitted	not_admitted	1	119;110521;111675;-;189.0	137;126874;128355;+;175.6	136;125849;126871;+;183.7	123;114046;116469;-;140.0	194;170957;174202;+;122.4	126;117644;118945;-;83.2	123;114046;116469;-;61.1	128;120146;121069;-;84.7	120;111678;112841;-;42.9		149;137997;139847;-;50.7	125;117056;117634;-;53.8	149;137997;139847;-;47.6	B	8/9	split_2	60436	0	0	
NZ_CP099646.1	MPF_T	-	297	0	0	GA	1	246;246046;246705;+;51.5		248;247129;247566;+;39.3	249;247566;250136;+;52.5		250;250162;250935;+;112.1	252;251213;252112;+;146.6		254;252412;253263;+;137.7	255;253260;254168;+;173.5	256;254187;255539;+;145.0	258;256268;257344;+;77.4	263;258492;260273;+;318.8		pfam	both	A	7/7	canonical	1	0	unscoreable	8	0	0														not_admitted	not_admitted	not_admitted	not_admitted	not_admitted	not_admitted	not_admitted
NZ_CP099648.1	-	-	88	0	0	GA	1	39;34634;35404;+;37.3		27;24891;25175;+;29.8	28;25162;27681;+;47.9	28;25162;27681;+;59.4	30;27979;28629;+;76.3	32;29127;30218;+;90.0		33;30212;30919;+;78.7	35;31349;32125;+;177.1	36;32122;33375;+;133.7	38;33637;34647;+;87.6	45;38685;40340;+;35.0		pfam	both	A	7/7	canonical	1	0	unscoreable	8	0	0														not_admitted	not_admitted	not_admitted	not_admitted	not_admitted	not_admitted	not_admitted
NZ_CP099649.1	-	-	224	0	0	GA	1	64;62137;62907;+;37.8		52;52221;52505;+;28.4	53;52492;55011;+;48.0	53;52492;55011;+;57.1	55;55499;56149;+;75.7	57;56648;57721;+;88.9		58;57715;58422;+;78.5	60;58852;59628;+;176.3	61;59625;60878;+;133.6	63;61140;62150;+;87.1	69;66200;67855;+;35.1		pfam	both	A	7/7	canonical	1	0	unscoreable	7	0	0														not_admitted	not_admitted	not_admitted	not_admitted	not_admitted	not_admitted	not_admitted
NZ_CP099722.1	MPF_F	IncHI2;IncHI2A;IncN	283	0	0	GA	0															not_admitted	not_admitted	not_admitted	not_admitted	not_admitted	not_admitted	not_admitted	not_admitted	not_admitted	not_admitted	1	27;31208;32266;+;276.9	196;184494;185909;-;194.1	197;185899;186945;-;174.3	11;8955;11636;+;168.0	195;180532;184485;-;101.7	7;5270;6625;+;80.7	11;8955;11636;+;72.2	4;2758;3546;+;74.8	25;29555;31066;+;62.0	28;32285;35473;+;57.3	204;193987;196071;+;56.8	10;7996;8946;+;46.1	204;193987;196071;+;38.8	A	9/9	split_3	191229	1	1	179062..180351-;429;unnamed;0
NZ_CP099723.1	MPF_F	IncFIB(AP001918);IncFIC(FII)	215	0	0	GA	0															not_admitted	not_admitted	not_admitted	not_admitted	not_admitted	not_admitted	not_admitted	not_admitted	not_admitted	not_admitted	1	142;138976;139968;-;369.3	131;131957;133330;-;380.9	138;135504;136247;-;235.0	145;140977;143604;-;305.4	130;129135;131960;-;385.2	150;145659;147086;-;94.3	145;140977;143604;-;98.5	152;147801;148367;-;184.4	141;138329;138967;-;68.4	140;136524;138332;-;268.0	127;125478;127631;-;391.9	146;144120;144635;-;78.0	127;125478;127631;-;70.4	A	9/9	contiguous	22323	1	1	128629..129138-;169;unnamed;0
NZ_CP099731.1	MPF_F	-	89	0	0	GA	0															not_admitted	not_admitted	not_admitted	not_admitted	not_admitted	not_admitted	not_admitted	not_admitted	not_admitted	not_admitted	1	50;39156;40148;+;357.8	59;45718;47085;+;359.3	53;42631;43428;+;219.5	43;33529;36174;+;253.2	60;47078;50137;+;290.3	37;29590;30978;+;99.3	43;33529;36174;+;96.8	35;28252;28851;+;92.9	51;40158;40787;+;59.1	52;40784;42631;+;206.8	65;52638;55259;+;366.0	41;32770;33312;+;40.3	65;52638;55259;+;69.9	A	9/9	contiguous	24386	1	1	50162..50731+;189;unnamed;0
NZ_CP099732.1	MPF_G	-	83	0	0	GA	0															not_admitted	not_admitted	not_admitted	not_admitted	not_admitted	not_admitted	not_admitted	not_admitted	not_admitted	not_admitted	1	37;31910;32884;+;192.9			28;22382;25240;+;293.9	40;34728;36236;+;250.2						17;14034;16133;+;38.9		17;14034;16133;+;48.1	D	3/9	contiguous	20694	0	0	
NZ_CP099741.1	MPF_F	IncFII(Yp)	105	0	0	GA	0															not_admitted	not_admitted	not_admitted	not_admitted	not_admitted	not_admitted	not_admitted	not_admitted	not_admitted	not_admitted	1	87;71899;72909;+;365.7	95;77733;79100;+;379.8	92;76220;76972;+;225.9	84;68270;70897;+;280.2	96;79100;81952;+;353.0	80;65595;66992;+;91.6	84;68270;70897;+;91.1	78;64311;64877;+;172.7	90;73531;74361;+;68.1	91;74354;76189;+;239.8	98;82539;84743;+;390.2	83;67575;68141;+;60.0	98;82539;84743;+;68.4	A	9/9	contiguous	18228	1	1	81949..82452+;167;unnamed;0
NZ_CP099744.1	MPF_T	IncFIB(K)(pCAV1099-114);RepB	269	0	0	GA	1		127;120363;120743;+;83.7	128;120740;121009;+;31.5	129;121020;122231;+;22.4	129;121020;122231;+;139.0							126;119296;120366;+;118.9	124;116814;118814;+;344.9		none	none	D	3/7	uncallable	0	0	unscoreable	1	0	0														not_admitted	not_admitted	not_admitted	not_admitted	not_admitted	not_admitted	not_admitted
NZ_CP099747.1	MPF_F	IncC	204	0	0	GA	0															not_admitted	not_admitted	not_admitted	not_admitted	not_admitted	not_admitted	not_admitted	not_admitted	not_admitted	not_admitted	1	103;76566;77573;+;332.9	193;166623;168056;+;339.2	192;165593;166621;+;221.7	98;71367;73814;+;354.2	194;168069;171683;+;375.3	86;56722;58038;+;135.0	98;71367;73814;+;128.6	84;55198;55824;+;92.1	101;74636;75901;+;67.6	104;77689;80484;+;145.3	72;45613;47478;+;47.4	87;58035;58613;+;100.2	72;45613;47478;+;52.0	A	9/9	split_2	122456	0	1	
NZ_CP099749.1	MPF_T	IncFIB(K)(pCAV1099-114);RepB	270	0	0	GA	1		129;121428;121808;+;83.7	130;121805;122074;+;31.5	131;122085;123296;+;22.4	131;122085;123296;+;139.0							128;120361;121431;+;118.9	126;117879;119879;+;344.9		none	none	D	3/7	uncallable	0	0	unscoreable	1	0	0														not_admitted	not_admitted	not_admitted	not_admitted	not_admitted	not_admitted	not_admitted
NZ_CP099750.1	MPF_F	IncC	204	0	0	GA	0															not_admitted	not_admitted	not_admitted	not_admitted	not_admitted	not_admitted	not_admitted	not_admitted	not_admitted	not_admitted	1	103;76566;77573;+;332.9	193;166623;168056;+;339.2	192;165593;166621;+;221.7	98;71367;73814;+;354.2	194;168069;171683;+;375.3	86;56722;58038;+;135.0	98;71367;73814;+;128.6	84;55198;55824;+;92.1	101;74636;75901;+;67.6	104;77689;80484;+;145.3	72;45613;47478;+;47.4	87;58035;58613;+;100.2	72;45613;47478;+;52.0	A	9/9	split_2	122456	0	1	
NZ_CP099753.1	MPF_F	IncC	204	0	0	GA	0															not_admitted	not_admitted	not_admitted	not_admitted	not_admitted	not_admitted	not_admitted	not_admitted	not_admitted	not_admitted	1	103;76566;77573;+;332.9	193;166623;168056;+;339.2	192;165593;166621;+;221.7	98;71367;73814;+;354.2	194;168069;171683;+;375.3	86;56722;58038;+;135.0	98;71367;73814;+;128.6	84;55198;55824;+;92.1	101;74636;75901;+;67.6	104;77689;80484;+;145.3	72;45613;47478;+;47.4	87;58035;58613;+;100.2	72;45613;47478;+;52.0	A	9/9	split_2	122456	0	1	
NZ_CP099755.1	MPF_F	IncC	204	0	0	GA	0															not_admitted	not_admitted	not_admitted	not_admitted	not_admitted	not_admitted	not_admitted	not_admitted	not_admitted	not_admitted	1	103;76566;77573;+;332.9	193;166624;168057;+;339.2	192;165594;166622;+;221.7	98;71367;73814;+;354.2	194;168070;171684;+;375.3	86;56722;58038;+;135.0	98;71367;73814;+;128.6	84;55198;55824;+;92.1	101;74636;75901;+;67.6	104;77689;80484;+;145.3	72;45613;47478;+;47.4	87;58035;58613;+;100.2	72;45613;47478;+;52.0	A	9/9	split_2	122457	0	1	
NZ_CP099761.1	MPF_F	IncHI2;IncHI2A	305	0	0	GA	0															not_admitted	not_admitted	not_admitted	not_admitted	not_admitted	not_admitted	not_admitted	not_admitted	not_admitted	not_admitted	1	29;32275;33333;+;276.9	208;196309;197724;-;194.1	209;197714;198760;-;173.7	11;8955;11636;+;168.0	207;192350;196300;-;101.6	7;5270;6625;+;80.7	11;8955;11636;+;72.2	4;2758;3546;+;74.8	27;30622;32133;+;62.7	30;33352;36540;+;58.3	215;205801;207885;+;56.7	10;7996;8946;+;46.4	215;205801;207885;+;38.8	A	9/9	split_3	203043	0	1	
NZ_CP099763.1	MPF_F	IncHI2;IncHI2A	312	0	0	GA	0															not_admitted	not_admitted	not_admitted	not_admitted	not_admitted	not_admitted	not_admitted	not_admitted	not_admitted	not_admitted	1	29;32275;33333;+;276.9	215;203086;204501;-;194.1	216;204491;205537;-;173.7	11;8955;11636;+;168.0	214;199127;203077;-;101.6	7;5270;6625;+;80.7	11;8955;11636;+;72.2	4;2758;3546;+;74.8	27;30622;32133;+;62.7	30;33352;36540;+;58.3	222;212578;214662;+;56.7	10;7996;8946;+;46.4	222;212578;214662;+;38.8	A	9/9	split_3	209820	0	1	
NZ_CP099764.1	MPF_F	IncFIA;IncFIB(AP001918);IncFII(pCoo)	145	0	0	GA	0															not_admitted	not_admitted	not_admitted	not_admitted	not_admitted	not_admitted	not_admitted	not_admitted	not_admitted	not_admitted	1	75;67211;68203;-;372.1	64;60152;61525;-;378.0	71;63739;64482;-;235.0	78;69212;71839;-;303.5	63;57333;60155;-;388.9	83;73968;75419;-;94.6	78;69212;71839;-;100.3	85;76134;76700;-;183.8	74;66564;67202;-;68.5	73;64759;66567;-;268.3	60;53651;55804;-;391.9	79;72355;72870;-;77.7	60;53651;55804;-;70.4	A	9/9	contiguous	22483	1	1	56820..57311-;163;TraS;0
NZ_CP099765.1	MPF_F	IncFIA;IncFIB(AP001918);IncFII(pRSB107)	145	0	0	GA	0															not_admitted	not_admitted	not_admitted	not_admitted	not_admitted	not_admitted	not_admitted	not_admitted	not_admitted	not_admitted	1	81;72804;73796;-;367.1	70;65654;67027;-;382.9	76;68955;69698;-;234.4	84;74805;77435;-;297.8	69;62835;65657;-;384.1	93;81223;82674;-;93.9	84;74805;77435;-;100.5	95;83389;83955;-;183.8	79;71822;72460;-;70.7	78;69975;71825;-;266.4	65;58396;60576;-;384.3	90;79848;80363;-;77.9	65;58396;60576;-;71.9	A	9/9	contiguous	24993	1	1	62317..62814-;165;TraS;0
NZ_CP099766.1	MPF_F	IncFII	65	0	0	GA	0															not_admitted	not_admitted	not_admitted	not_admitted	not_admitted	not_admitted	not_admitted	not_admitted	not_admitted	not_admitted	1	38;27216;28208;+;369.5	51;34451;35824;+;387.6	45;32087;32830;+;234.4	35;23577;26207;+;300.9	52;35821;38646;+;386.5	28;18889;20316;+;94.0	35;23577;26207;+;101.1	26;17608;18174;+;182.3	40;28552;29190;+;70.8	43;30002;31810;+;267.1	55;40150;42330;+;391.8	32;21438;21953;+;77.9	55;40150;42330;+;70.3	A	9/9	contiguous	22542	1	1	38643..39152+;169;unnamed;0
NZ_CP099767.1	MPF_F	IncFII	88	0	0	GA	0															not_admitted	not_admitted	not_admitted	not_admitted	not_admitted	not_admitted	not_admitted	not_admitted	not_admitted	not_admitted	1	64;51784;52776;+;369.5	74;58555;59928;+;381.7	69;55882;56625;+;234.4	61;48145;50775;+;304.1	75;59925;62747;+;374.0	54;43695;45146;+;94.2	61;48145;50775;+;97.1	52;42414;42980;+;174.3	66;53120;53758;+;68.6	67;53755;55605;+;266.1	79;65019;67226;+;391.2	57;46006;46521;+;78.4	79;65019;67226;+;70.3	A	9/9	contiguous	22605	1	1	62769..63248+;159;TraS;0
NZ_CP099770.1	MPF_F	IncFII	91	0	0	GA	0															not_admitted	not_admitted	not_admitted	not_admitted	not_admitted	not_admitted	not_admitted	not_admitted	not_admitted	not_admitted	1	67;52099;53091;+;369.5	77;58870;60243;+;381.7	72;56197;56940;+;234.4	64;48460;51090;+;304.1	78;60240;63062;+;374.0	57;44010;45437;+;94.3	64;48460;51090;+;97.1	55;42729;43295;+;174.3	69;53435;54073;+;68.6	70;54070;55920;+;266.1	82;65334;67532;+;391.2	60;46321;46836;+;78.4	82;65334;67532;+;70.3	A	9/9	contiguous	22605	1	1	63084..63563+;159;TraS;0
NZ_CP099771.1	MPF_F	IncFII	102	0	0	GA	0															not_admitted	not_admitted	not_admitted	not_admitted	not_admitted	not_admitted	not_admitted	not_admitted	not_admitted	not_admitted	1	78;63530;64522;+;369.5	88;70301;71674;+;381.7	83;67628;68371;+;234.4	75;59891;62521;+;304.1	89;71671;74493;+;374.0	68;55441;56892;+;94.2	75;59891;62521;+;97.1	66;54160;54726;+;174.3	80;64866;65504;+;68.6	81;65501;67351;+;266.1	93;76765;79071;+;391.0	71;57752;58267;+;78.4	93;76765;79071;+;70.2	A	9/9	contiguous	22605	1	1	74515..74994+;159;TraS;0
NZ_CP099773.1	MPF_F	IncFII	102	0	0	GA	0															not_admitted	not_admitted	not_admitted	not_admitted	not_admitted	not_admitted	not_admitted	not_admitted	not_admitted	not_admitted	1	78;63530;64522;+;369.5	88;70301;71674;+;381.7	83;67628;68371;+;234.4	75;59891;62521;+;304.1	89;71671;74493;+;374.0	68;55441;56892;+;94.2	75;59891;62521;+;97.1	66;54160;54726;+;174.3	80;64866;65504;+;68.6	81;65501;67351;+;266.1	93;76765;78981;+;391.2	71;57752;58267;+;78.4	93;76765;78981;+;70.3	A	9/9	contiguous	22605	1	1	74515..74994+;159;TraS;0
NZ_CP099776.1	MPF_F	IncFII	76	0	0	GA	0															not_admitted	not_admitted	not_admitted	not_admitted	not_admitted	not_admitted	not_admitted	not_admitted	not_admitted	not_admitted	1	52;40112;41104;+;369.5	62;46883;48256;+;381.7	57;44210;44953;+;234.4	49;36473;39103;+;304.1	63;48253;51075;+;374.0	42;32023;33474;+;94.2	49;36473;39103;+;97.1	40;30742;31308;+;174.3	54;41448;42086;+;68.6	55;42083;43933;+;266.1	67;53347;55545;+;391.2	45;34334;34849;+;78.4	67;53347;55545;+;70.3	A	9/9	contiguous	22605	1	1	51097..51576+;159;TraS;0
NZ_CP099835.1	MPF_F	IncFIB(K);IncFII(pKP91)	175	0	0	GA	0															not_admitted	not_admitted	not_admitted	not_admitted	not_admitted	not_admitted	not_admitted	not_admitted	not_admitted	not_admitted	1	59;58512;59501;+;363.3	70;65320;66687;+;383.5	66;63310;64062;+;233.7	55;54416;57055;+;259.0	71;66687;69509;+;346.5	44;49024;50448;+;88.0	55;54416;57055;+;89.6	42;47731;48297;+;167.9	61;59777;60424;+;65.1	62;60483;62438;+;259.7	75;72125;74407;+;392.8	47;51060;51644;+;53.8	75;72125;74407;+;65.8	A	9/9	contiguous	24394	1	1	69532..70134+;200;TraS;0
NZ_CP099836.1	MPF_F	IncFII(K);repB(R1701)	153	0	0	GA	0															not_admitted	not_admitted	not_admitted	not_admitted	not_admitted	not_admitted	not_admitted	not_admitted	not_admitted	not_admitted	1	137;109171;110160;+;366.6	147;115707;117074;+;384.0	143;113697;114449;+;233.3	133;105089;107728;+;258.5	148;117074;119923;+;346.4	126;100472;101896;+;89.2	133;105089;107728;+;88.2	124;99179;99745;+;169.3	138;110173;110811;+;66.9	139;110870;112825;+;259.7	0;48;1163;+;157.6	127;102010;102594;+;53.6	0;48;1163;+;68.2	A	9/9	split_2	117026	1	1	119926..120459+;177;unnamed;0
NZ_CP099869.1	MPF_F	IncFII(pRSB107)	115	0	0	GA	0															not_admitted	not_admitted	not_admitted	not_admitted	not_admitted	not_admitted	not_admitted	not_admitted	not_admitted	not_admitted	1	29;28182;29174;-;369.3	18;20759;22135;-;381.0	23;23722;24465;-;233.3	32;30183;32810;-;305.4	17;17940;20762;-;389.2	39;34961;36388;-;94.3	32;30183;32810;-;98.8	41;37103;37669;-;183.8	26;26547;27185;-;68.6	25;24742;26550;-;268.0	113;103261;105273;-;392.1	35;33325;33840;-;78.4	113;103261;105273;-;70.5	A	9/9	split_2	85321	1	1	17422..17919-;165;TraS;0
NZ_CP099872.1	MPF_F	IncFIB(AP001918);IncFII(pHN7A8)	164	0	0	GA	0															not_admitted	not_admitted	not_admitted	not_admitted	not_admitted	not_admitted	not_admitted	not_admitted	not_admitted	not_admitted	1	78;68517;69509;+;369.3	89;75396;76772;+;381.0	84;73036;73809;+;232.2	75;64878;67508;+;306.4	90;76769;79591;+;389.2	66;60014;61441;+;94.3	75;64878;67508;+;100.5	64;58733;59299;+;183.8	81;70346;70984;+;68.6	82;70981;72789;+;268.0	93;81124;83277;+;378.4	69;62325;62840;+;75.6	93;81124;83277;+;66.5	A	9/9	contiguous	22391	1	1	79612..80109+;165;TraS;0
NZ_CP099873.1	MPF_T	IncX4	52	0	0	GA	1	27;15243;15854;+;53.8	28;15826;16140;+;30.8	29;16198;16518;+;39.0	30;16521;18893;+;81.6	30;16521;18893;+;33.6	24;13272;13913;-;33.9	25;13915;14910;-;126.4		32;19024;19761;+;158.9	33;19758;20537;+;167.2	34;20527;21669;+;142.4	35;21669;22688;+;91.9	36;22739;24706;+;291.4		pfam	pfam_only	A	7/7	uncallable	0	0	unscoreable	2	0	0														not_admitted	not_admitted	not_admitted	not_admitted	not_admitted	not_admitted	not_admitted
NZ_CP099882.1	MPF_F	IncFII(pRSB107)	100	0	0	GA	0															not_admitted	not_admitted	not_admitted	not_admitted	not_admitted	not_admitted	not_admitted	not_admitted	not_admitted	not_admitted	1	74;63742;64734;+;369.3	85;70781;71863;+;362.2	80;68451;69194;+;233.3	71;60106;62733;+;305.4	87;72154;74976;+;389.2	64;56528;57955;+;94.3	71;60106;62733;+;98.8	62;55247;55813;+;183.8	77;65731;66369;+;68.6	78;66366;68174;+;268.0	90;76510;78744;+;391.7	68;59076;59591;+;78.4	90;76510;78744;+;70.3	A	9/9	contiguous	21263	1	1	74997..75494+;165;TraS;0
NZ_CP099885.1	MPF_F	IncFII(pRSB107)	101	0	0	GA	0															not_admitted	not_admitted	not_admitted	not_admitted	not_admitted	not_admitted	not_admitted	not_admitted	not_admitted	not_admitted	1	53;37906;38898;+;369.3	64;44945;46321;+;381.0	59;42615;43358;+;233.3	50;34270;36897;+;305.4	65;46318;49140;+;389.2	43;30692;32119;+;94.3	50;34270;36897;+;98.8	41;29411;29977;+;183.8	56;39895;40533;+;68.6	57;40530;42338;+;268.0	68;50674;52890;+;391.7	47;33240;33755;+;78.4	68;50674;52890;+;70.3	A	9/9	contiguous	21263	1	1	49161..49658+;165;TraS;0
NZ_CP099900.1	MPF_T	IncN4	56	0	0	GA	1	40;23528;24196;+;35.2	43;24698;24880;+;30.2	44;24930;25190;+;65.2	45;25242;26684;+;127.0	45;25242;26684;+;88.6	47;27882;28589;+;112.9	49;29192;29893;+;91.7	50;29988;30158;+;41.4	51;30161;30877;+;145.6	52;30880;31767;+;144.4	53;31764;32918;+;174.0	54;32911;33942;+;78.1	4;3708;5285;-;50.6		pfam	both	A	7/7	canonical	1	0	ga	4	0	0														not_admitted	not_admitted	not_admitted	not_admitted	not_admitted	not_admitted	not_admitted
NZ_CP099901.1	MPF_T	IncI2(Delta)	70	0	0	GA	1	2;1710;2192;-;81.1	20;17693;17983;-;28.5	19;17299;17586;-;34.5	18;14933;17293;-;58.6	18;14933;17293;-;45.1	28;22401;23045;-;41.0	29;23051;24046;-;123.7		16;14033;14767;-;144.3	15;13290;14036;-;123.7	14;12138;13277;-;154.7	6;4000;5517;-;202.2	11;9074;10021;-;179.9		pfam	pfam_only	A	7/7	rearranged	1	0	unscoreable	14	0	0														not_admitted	not_admitted	not_admitted	not_admitted	not_admitted	not_admitted	not_admitted
NZ_CP099905.1	MPF_F	IncFII(pRSB107)	100	0	0	GA	0															not_admitted	not_admitted	not_admitted	not_admitted	not_admitted	not_admitted	not_admitted	not_admitted	not_admitted	not_admitted	1	18;11107;12099;+;369.3	29;18146;19522;+;381.0	24;15816;16559;+;233.3	15;7471;10098;+;305.4	30;19519;22341;+;389.2	8;3893;5320;+;94.3	15;7471;10098;+;98.8	6;2611;3177;+;183.8	21;13096;13734;+;68.6	22;13731;15539;+;268.0	33;23875;26091;+;391.7	12;6441;6956;+;78.4	33;23875;26091;+;70.3	A	9/9	contiguous	21264	1	1	22362..22859+;165;TraS;0
NZ_CP099908.1	MPF_F	IncFII(pRSB107)	102	0	0	GA	0															not_admitted	not_admitted	not_admitted	not_admitted	not_admitted	not_admitted	not_admitted	not_admitted	not_admitted	not_admitted	1	66;51085;52077;+;369.3	77;58124;59206;+;362.2	72;55794;56537;+;233.3	63;47449;50076;+;305.4	79;59497;62319;+;389.2	56;43871;45298;+;94.3	63;47449;50076;+;98.8	54;42590;43156;+;183.8	69;53074;53712;+;68.6	70;53709;55517;+;268.0	82;63853;66087;+;391.7	60;46419;46934;+;78.4	82;63853;66087;+;70.3	A	9/9	contiguous	21263	1	1	62340..62837+;165;TraS;0
NZ_CP099911.1	MPF_F	IncFII(pRSB107)	101	0	0	GA	0															not_admitted	not_admitted	not_admitted	not_admitted	not_admitted	not_admitted	not_admitted	not_admitted	not_admitted	not_admitted	1	42;44599;45591;-;369.3	31;37470;38552;-;362.2	36;40139;40882;-;233.3	45;46600;49227;-;305.4	29;34357;37179;-;389.2	52;51378;52805;-;94.3	45;46600;49227;-;98.8	54;53520;54086;-;183.8	39;42964;43602;-;68.6	38;41159;42967;-;268.0	26;30589;32823;-;391.7	48;49742;50257;-;78.4	26;30589;32823;-;70.3	A	9/9	contiguous	22931	1	1	33839..34336-;165;TraS;0
NZ_CP099983.1	MPF_T	-	51	0	0	GA	1				11;6778;8793;+;24.6									18;13046;14596;+;460.7		none	none	D	2/7	uncallable	0	0	unscoreable	6	0	0														not_admitted	not_admitted	not_admitted	not_admitted	not_admitted	not_admitted	not_admitted
NZ_CP099995.1	MPF_T	-	148	0	0	GA	1				125;134634;136841;+;21.2											none	none	D	1/7	uncallable	0	0	unscoreable	0	0	0														not_admitted	not_admitted	not_admitted	not_admitted	not_admitted	not_admitted	not_admitted
NZ_CP100073.1	MPF_F	IncFII(pHN7A8);repB(R1701)	208	0	0	GA	0															not_admitted	not_admitted	not_admitted	not_admitted	not_admitted	not_admitted	not_admitted	not_admitted	not_admitted	not_admitted	1	51;45084;46076;-;369.5	38;36878;38251;-;376.8	43;39817;40560;-;234.4	54;47085;49712;-;301.8	37;34065;36881;-;376.7	59;51767;53194;-;94.1	54;47085;49712;-;101.8	61;53909;54475;-;183.8	48;43500;44138;-;70.4	45;40837;42687;-;265.0	33;29539;31764;-;391.7	55;50228;50743;-;77.6	33;29539;31764;-;70.3	A	9/9	contiguous	24370	1	1	33511..34032-;173;unnamed;0
NZ_CP100077.1	MPF_F	IncFII(K);repB(R1701)	203	0	0	GA	0															not_admitted	not_admitted	not_admitted	not_admitted	not_admitted	not_admitted	not_admitted	not_admitted	not_admitted	not_admitted	1	109;70301;71293;+;362.9	125;78787;79428;+;195.3	120;77282;77587;+;111.1	103;67181;67843;+;115.4	128;80647;81429;+;184.3		104;67807;68337;+;34.6	91;61118;61774;+;168.6	113;73324;73971;+;66.0	116;75341;75640;+;106.0	136;86320;86997;+;124.5	98;63893;64477;+;54.5		A	9/9	contiguous	25202	1	1	81435..82994+;519;unnamed;0
NZ_CP100079.1	MPF_F	IncFII(pBK30683);IncR	168	0	0	GA	0															not_admitted	not_admitted	not_admitted	not_admitted	not_admitted	not_admitted	not_admitted	not_admitted	not_admitted	not_admitted	1	152;101211;102200;-;366.0	140;95053;95691;-;195.0	144;96944;97249;-;111.1	159;105337;105744;-;69.5	138;93056;93577;-;121.6			6;3524;3793;-;37.4	151;100560;101198;-;67.0	149;98885;99184;-;106.0	131;87713;88288;-;125.3	0;408;665;-;23.0		A	9/9	split_2	104929	1	1	91486..92973-;495;unnamed;0
NZ_CP100085.1	MPF_F	IncFIB(K);IncFII(K);IncFII(pAR0022)	234	0	0	GA	0															not_admitted	not_admitted	not_admitted	not_admitted	not_admitted	not_admitted	not_admitted	not_admitted	not_admitted	not_admitted	1	147;149361;150350;-;366.0	137;142447;143814;-;384.1	141;145072;145824;-;233.7	151;151807;154446;-;258.5	136;139625;142447;-;346.4	160;158352;159776;-;89.5	151;151807;154446;-;88.7	162;160503;161069;-;167.0	146;148710;149348;-;67.0	145;146696;148651;-;259.7	132;134700;137009;-;393.1	158;157156;157740;-;53.8	132;134700;137009;-;66.6	A	9/9	contiguous	25803	1	1	139000..139602-;200;TraS;0
NZ_CP100086.1	MPF_F	IncFII(pBK30683);repB(R1701)	108	0	0	GA	0															not_admitted	not_admitted	not_admitted	not_admitted	not_admitted	not_admitted	not_admitted	not_admitted	not_admitted	not_admitted	1	70;65211;66200;-;366.0	60;58297;59664;-;384.1	64;60922;61674;-;233.7	74;67657;70296;-;258.5	59;55475;58297;-;346.4	80;73126;74550;-;89.2	74;67657;70296;-;88.7	82;75277;75843;-;169.3	69;64560;65198;-;67.0	68;62546;64501;-;259.7	55;50550;52859;-;393.1	79;72469;73053;-;54.5	55;50550;52859;-;66.6	A	9/9	contiguous	24727	1	1	54850..55452-;200;TraS;0
NZ_CP100088.1	MPF_F	IncFII(pBK30683);repB(R1701)	139	0	0	GA	0															not_admitted	not_admitted	not_admitted	not_admitted	not_admitted	not_admitted	not_admitted	not_admitted	not_admitted	not_admitted	1	66;46120;46449;-;109.9	53;39232;40410;-;333.7	58;41854;42159;-;111.1	76;50163;50357;-;45.4	51;37642;38748;-;187.7		73;48903;49499;-;42.3	86;56495;57235;-;165.8	65;45469;46107;-;67.0	62;43797;44096;-;106.0	44;32760;33455;-;200.9	81;53343;53927;-;54.0	43;32042;32686;-;68.6	A	9/9	contiguous	24453	1	1	36396..37652-;418;unnamed;0
NZ_CP100089.1	MPF_F	IncFIB(K);IncFII(pBK30683)	257	0	0	GA	0															not_admitted	not_admitted	not_admitted	not_admitted	not_admitted	not_admitted	not_admitted	not_admitted	not_admitted	not_admitted	1	14;8308;8637;-;109.9	2;1181;2794;-;381.4	5;4040;4345;-;111.1	22;12456;12839;-;54.3	0;186;836;-;138.9		21;11684;12340;-;34.1	33;19220;19960;-;165.8	13;7657;8295;-;67.0	9;5983;6282;-;106.0	247;195811;196452;-;135.7		247;195811;196452;-;68.7	B	8/9	split_2	195625	0	1	
NZ_CP100095.1	MPF_F	IncFIB(K);IncFII(pBK30683)	224	0	0	GA	0															not_admitted	not_admitted	not_admitted	not_admitted	not_admitted	not_admitted	not_admitted	not_admitted	not_admitted	not_admitted	1	137;135656;136645;-;366.0	127;128742;130109;-;384.1	131;131367;132119;-;233.7	141;138102;140741;-;258.5	126;125920;128742;-;346.4	150;144647;146071;-;89.5	141;138102;140741;-;88.7	152;146798;147364;-;167.0	136;135005;135643;-;67.0	135;132991;134946;-;259.7	122;120995;123304;-;393.1	148;143451;144035;-;53.8	122;120995;123304;-;66.6	A	9/9	contiguous	25803	1	1	125295..125897-;200;TraS;0
NZ_CP100096.1	MPF_F	IncFII(pBK30683);repB(R1701)	108	0	0	GA	0															not_admitted	not_admitted	not_admitted	not_admitted	not_admitted	not_admitted	not_admitted	not_admitted	not_admitted	not_admitted	1	70;65211;66200;-;366.0	60;58297;59664;-;384.1	64;60922;61674;-;233.7	74;67657;70296;-;258.5	59;55475;58297;-;346.4	80;73126;74550;-;89.2	74;67657;70296;-;88.7	82;75277;75843;-;169.3	69;64560;65198;-;67.0	68;62546;64501;-;259.7	55;50550;52859;-;393.1	79;72469;73053;-;54.5	55;50550;52859;-;66.6	A	9/9	contiguous	24727	1	1	54850..55452-;200;TraS;0
NZ_CP100099.1	MPF_F	IncFIB(K);IncFII(pBK30683)	224	0	0	GA	0															not_admitted	not_admitted	not_admitted	not_admitted	not_admitted	not_admitted	not_admitted	not_admitted	not_admitted	not_admitted	1	137;135657;136646;-;366.0	127;128743;130110;-;384.1	131;131368;132120;-;233.7	141;138103;140742;-;258.5	126;125921;128743;-;346.4	150;144648;146072;-;89.2	141;138103;140742;-;88.7	152;146799;147365;-;167.0	136;135006;135644;-;67.0	135;132992;134947;-;259.7	122;120996;123305;-;393.1	148;143452;144036;-;53.8	122;120996;123305;-;66.6	A	9/9	contiguous	25803	1	1	125296..125898-;200;TraS;0
NZ_CP100100.1	MPF_F	IncFII(pBK30683);repB(R1701)	108	0	0	GA	0															not_admitted	not_admitted	not_admitted	not_admitted	not_admitted	not_admitted	not_admitted	not_admitted	not_admitted	not_admitted	1	70;65211;66200;-;366.0	60;58297;59664;-;384.1	64;60922;61674;-;233.7	74;67657;70296;-;258.5	59;55475;58297;-;346.4	80;73126;74550;-;89.2	74;67657;70296;-;88.7	82;75277;75843;-;169.3	69;64560;65198;-;67.0	68;62546;64501;-;259.7	55;50550;52859;-;393.1	79;72469;73053;-;54.5	55;50550;52859;-;66.6	A	9/9	contiguous	24727	1	1	54850..55452-;200;TraS;0
NZ_CP100103.1	MPF_F	IncFIB(K);IncFII(pBK30683)	224	0	0	GA	0															not_admitted	not_admitted	not_admitted	not_admitted	not_admitted	not_admitted	not_admitted	not_admitted	not_admitted	not_admitted	1	213;168363;168692;-;109.9	202;162214;162849;-;186.8	207;164346;164846;-;81.6	219;172000;172488;-;71.4	199;160248;160898;-;138.9			7;3837;4691;-;165.2	212;167712;168350;-;67.0		191;153779;154825;-;134.0	1;792;1376;-;53.8	191;153779;154825;-;67.7	B	8/9	split_2	171208	1	0	159106..159990-;294;unnamed;0
NZ_CP100104.1	MPF_F	IncFII(pBK30683);repB(R1701)	173	1	0	GA	1	63;39469;39948;+;77.8		137;88406;88723;+;63.3	138;88723;91323;+;113.8	138;88723;91323;+;76.4	139;91341;92054;+;105.5	141;92305;93345;+;142.4		142;93564;94262;+;131.9	143;94273;95157;+;159.7	144;95157;96317;+;156.3	145;96359;97354;+;81.2		37;23757;24056;-;106.0	pfam	both	B	6/7	canonical	1	0	unscoreable	3	0	1	39;26081;26410;-;109.9	31;19937;20572;-;186.8	35;22067;22567;-;81.6	47;30224;30607;-;46.8	28;17739;18464;-;121.0	144;95157;96317;+;156.3	138;88723;91323;+;33.5	58;36000;36656;-;168.6	38;25430;26068;-;67.0	37;23757;24056;-;106.0	23;12387;13484;-;207.7	51;33300;33884;-;54.5		A	9/9	split_2	82770	1	1	16831..17715-;294;unnamed;0
NZ_CP100107.1	MPF_F	IncFIB(K);IncFII(pBK30683)	224	0	0	GA	0															not_admitted	not_admitted	not_admitted	not_admitted	not_admitted	not_admitted	not_admitted	not_admitted	not_admitted	not_admitted	1	137;135657;136646;-;366.0	127;128743;130110;-;384.1	131;131368;132120;-;233.7	141;138103;140742;-;258.5	126;125921;128743;-;346.4	150;144648;146072;-;89.5	141;138103;140742;-;88.7	152;146799;147365;-;167.0	136;135006;135644;-;67.0	135;132992;134947;-;259.7	122;120996;123305;-;393.1	148;143452;144036;-;53.8	122;120996;123305;-;66.6	A	9/9	contiguous	25803	1	1	125296..125898-;200;TraS;0
NZ_CP100108.1	MPF_F	IncFII(pBK30683);repB(R1701)	108	0	0	GA	0															not_admitted	not_admitted	not_admitted	not_admitted	not_admitted	not_admitted	not_admitted	not_admitted	not_admitted	not_admitted	1	70;65211;66200;-;366.0	60;58297;59664;-;384.1	64;60922;61674;-;233.7	74;67657;70296;-;258.5	59;55475;58297;-;346.4	80;73126;74550;-;89.2	74;67657;70296;-;88.7	82;75277;75843;-;169.3	69;64560;65198;-;67.0	68;62546;64501;-;259.7	55;50550;52859;-;393.1	79;72469;73053;-;54.5	55;50550;52859;-;66.6	A	9/9	contiguous	24727	1	1	54850..55452-;200;TraS;0
NZ_CP100111.1	MPF_F	IncFIB(K);IncFII(pBK30683)	224	0	0	GA	0															not_admitted	not_admitted	not_admitted	not_admitted	not_admitted	not_admitted	not_admitted	not_admitted	not_admitted	not_admitted	1	137;135657;136646;-;366.0	127;128743;130110;-;384.1	131;131368;132120;-;233.7	141;138103;140742;-;258.5	126;125921;128743;-;346.4	150;144648;146072;-;89.5	141;138103;140742;-;88.7	152;146799;147365;-;167.0	136;135006;135644;-;67.0	135;132992;134947;-;259.7	122;120996;123305;-;393.1	148;143452;144036;-;53.8	122;120996;123305;-;66.6	A	9/9	contiguous	25803	1	1	125296..125898-;200;TraS;0
NZ_CP100112.1	MPF_F	IncFII(pBK30683);repB(R1701)	108	0	0	GA	0															not_admitted	not_admitted	not_admitted	not_admitted	not_admitted	not_admitted	not_admitted	not_admitted	not_admitted	not_admitted	1	70;65211;66200;-;366.0	60;58297;59664;-;384.1	64;60922;61674;-;233.7	74;67657;70296;-;258.5	59;55475;58297;-;346.4	80;73126;74550;-;89.2	74;67657;70296;-;88.7	82;75277;75843;-;169.3	69;64560;65198;-;67.0	68;62546;64501;-;259.7	55;50550;52859;-;393.1	79;72469;73053;-;54.5	55;50550;52859;-;66.6	A	9/9	contiguous	24727	1	1	54850..55452-;200;TraS;0
NZ_CP100115.1	MPF_F	IncFII(pHN7A8);repB(R1701)	185	0	0	GA	0															not_admitted	not_admitted	not_admitted	not_admitted	not_admitted	not_admitted	not_admitted	not_admitted	not_admitted	not_admitted	1	62;48713;49705;+;369.5			59;45077;47704;+;301.8		54;41595;43022;+;94.1	59;45077;47704;+;101.8	52;40314;40880;+;183.8	65;50651;51364;+;69.9		59;45077;47704;+;20.8	58;44046;44561;+;77.6		D	5/9	contiguous	10337	0	0	
NZ_CP100121.1	MPF_F	IncFIB(AP001918);IncR	216	0	0	GA	0															not_admitted	not_admitted	not_admitted	not_admitted	not_admitted	not_admitted	not_admitted	not_admitted	not_admitted	not_admitted	1	137;122107;123099;-;369.5	127;114955;116328;-;381.7	132;118258;119001;-;234.4	140;124108;126738;-;304.1	126;112136;114958;-;374.0	147;129737;131188;-;94.2	140;124108;126738;-;97.1	149;131903;132469;-;174.3	135;121125;121763;-;68.6	134;119278;121128;-;266.1	122;107585;109864;-;391.0	144;128362;128877;-;78.4	122;107585;109864;-;70.3	A	9/9	contiguous	24318	1	1	111635..112114-;159;TraS;0
NZ_CP100133.1	MPF_F	-	165	0	0	GA	0															not_admitted	not_admitted	not_admitted	not_admitted	not_admitted	not_admitted	not_admitted	not_admitted	not_admitted	not_admitted	1	29;30029;31060;-;367.6	21;22567;24012;-;325.6	23;25052;25870;-;212.8	35;33969;36569;-;211.7	20;21386;22570;-;179.9	40;40314;41651;-;95.2	35;33969;36569;-;79.3	42;42381;42992;-;85.1	28;29241;30032;-;87.9	26;26681;27946;-;152.1	59;62544;64610;-;407.9	36;36583;37281;-;51.2	59;62544;64610;-;52.5	A	9/9	split_2	41158	1	1	19104..21377-;757;unnamed;0
NZ_CP100135.1	MPF_F	-	100	0	0	GA	0															not_admitted	not_admitted	not_admitted	not_admitted	not_admitted	not_admitted	not_admitted	not_admitted	not_admitted	not_admitted	1	28;30328;31359;-;367.6	20;22866;24311;-;326.9	22;25351;26169;-;212.8	34;34267;36867;-;215.5	19;19408;22869;-;231.5	39;40847;42184;-;94.2	34;34267;36867;-;79.3	41;42914;43525;-;86.3	27;29540;30331;-;87.9	25;26980;28245;-;152.1	55;59887;61953;-;407.2	35;36881;37579;-;51.2	55;59887;61953;-;52.5	A	9/9	contiguous	40479	0	1	
NZ_CP100138.1	MPF_F	-	190	0	0	GA	0															not_admitted	not_admitted	not_admitted	not_admitted	not_admitted	not_admitted	not_admitted	not_admitted	not_admitted	not_admitted	1	27;30545;31576;-;367.2	19;23083;24528;-;326.0	21;25568;26386;-;212.8	32;34104;36704;-;215.8	18;19646;23086;-;235.1	38;40944;42281;-;94.2	32;34104;36704;-;79.3	40;43011;43622;-;86.3	26;29757;30548;-;87.9	24;27197;28462;-;152.1	62;66604;68670;-;407.2	33;36718;37416;-;50.3	62;66604;68670;-;52.5	A	9/9	split_2	46958	0	1	
NZ_CP100143.1	MPF_F	-	163	0	0	GA	0															not_admitted	not_admitted	not_admitted	not_admitted	not_admitted	not_admitted	not_admitted	not_admitted	not_admitted	not_admitted	1	137;156941;157972;+;366.9	145;163989;165434;+;321.0	143;162131;162949;+;212.8	131;151471;154071;+;215.5	146;165431;168898;+;229.5		131;151471;154071;+;79.3	124;145333;145944;+;85.1	138;157969;158760;+;87.9	140;160055;161320;+;152.1	109;125056;127122;+;407.9	130;150759;151457;+;51.2	109;125056;127122;+;52.5	A	9/9	split_2	40375	1	1	168895..169590+;231;unnamed;0
NZ_CP100148.1	MPF_F	-	134	0	0	GA	0															not_admitted	not_admitted	not_admitted	not_admitted	not_admitted	not_admitted	not_admitted	not_admitted	not_admitted	not_admitted	1	27;29612;30643;-;366.9	20;23190;24635;-;324.2	21;24635;25453;-;210.1	32;33141;35741;-;211.9	19;22048;23193;-;183.9	37;39718;41055;-;94.2	32;33141;35741;-;77.9	39;41785;42396;-;85.1	26;28824;29615;-;87.9	24;26264;27529;-;152.1	55;60458;62524;-;407.2	33;35755;36453;-;51.2	55;60458;62524;-;52.5	A	9/9	contiguous	38410	1	1	20717..22000-;427;unnamed;0
NZ_CP100149.1	MPF_F	-	134	0	0	GA	0															not_admitted	not_admitted	not_admitted	not_admitted	not_admitted	not_admitted	not_admitted	not_admitted	not_admitted	not_admitted	1	29;33043;34074;-;367.6	21;25384;26829;-;326.0	23;27869;28681;-;212.5	34;36599;39199;-;215.4	20;21926;25387;-;234.4	39;43176;44513;-;94.2	34;36599;39199;-;79.4	41;45243;45854;-;84.9	28;32255;33046;-;87.9	26;29695;30960;-;152.1	56;61407;63473;-;407.2	35;39213;39911;-;51.2	56;61407;63473;-;52.5	A	9/9	contiguous	39481	1	1	21231..21926-;231;unnamed;0
NZ_CP100154.1	MPF_F	-	138	0	0	GA	0															not_admitted	not_admitted	not_admitted	not_admitted	not_admitted	not_admitted	not_admitted	not_admitted	not_admitted	not_admitted	1	26;29618;30649;-;366.9	19;23196;24641;-;324.2	20;24641;25459;-;210.1	31;33147;35747;-;211.9	18;19753;23199;-;233.9	36;39724;41061;-;94.2	31;33147;35747;-;77.9	38;41791;42402;-;85.1	25;28830;29621;-;87.9	23;26270;27535;-;152.1	54;60465;62531;-;407.2	32;35761;36459;-;51.2	54;60465;62531;-;52.5	A	9/9	contiguous	40712	0	1	
NZ_CP100155.1	MPF_F	-	128	0	0	GA	0															not_admitted	not_admitted	not_admitted	not_admitted	not_admitted	not_admitted	not_admitted	not_admitted	not_admitted	not_admitted	1	29;33043;34074;-;367.6	21;25384;26829;-;326.0	23;27869;28681;-;212.5	34;36599;39199;-;215.4	20;21926;25387;-;234.4	39;43176;44513;-;94.2	34;36599;39199;-;79.4	41;45243;45854;-;84.9	28;32255;33046;-;87.9	26;29695;30960;-;152.1	56;61407;63473;-;407.2	35;39213;39911;-;51.2	56;61407;63473;-;52.5	A	9/9	contiguous	39481	1	1	21231..21926-;231;unnamed;0
NZ_CP100160.1	MPF_F	-	158	0	0	GA	0															not_admitted	not_admitted	not_admitted	not_admitted	not_admitted	not_admitted	not_admitted	not_admitted	not_admitted	not_admitted	1	34;29621;30598;-;367.2	26;23202;24647;-;324.2	27;24730;25128;-;128.6	41;35079;35744;-;56.1	25;22057;23205;-;154.8	47;39625;40818;-;75.1	39;33214;34701;-;80.1	50;41548;42159;-;85.1	33;28833;29624;-;87.9	31;26274;27011;-;65.0	67;60735;62276;-;351.2	42;35927;36310;-;39.2	67;60735;62276;-;40.0	A	9/9	contiguous	38678	1	1	21335..22060-;241;unnamed;0
NZ_CP100161.1	MPF_F	-	135	0	0	GA	0															not_admitted	not_admitted	not_admitted	not_admitted	not_admitted	not_admitted	not_admitted	not_admitted	not_admitted	not_admitted	1	33;32978;34009;-;367.6	24;25324;26769;-;326.0	27;27805;28617;-;212.5	38;36534;39134;-;215.4	23;22856;25327;-;235.6	43;43111;44448;-;94.2	38;36534;39134;-;79.4	45;45178;45789;-;84.9	32;32190;32981;-;87.9	30;29630;30895;-;152.1	59;61343;63409;-;407.2	39;39148;39846;-;51.2	59;61343;63409;-;52.5	A	9/9	contiguous	38487	0	1	
NZ_CP100166.1	MPF_F	-	138	0	0	GA	0															not_admitted	not_admitted	not_admitted	not_admitted	not_admitted	not_admitted	not_admitted	not_admitted	not_admitted	not_admitted	1	26;29618;30649;-;366.9	19;23196;24641;-;324.2	20;24641;25459;-;210.1	31;33147;35747;-;211.9	18;19753;23199;-;233.9	36;39724;41061;-;94.2	31;33147;35747;-;77.9	38;41791;42402;-;85.1	25;28830;29621;-;87.9	23;26270;27535;-;152.1	54;60465;62531;-;407.2	32;35761;36459;-;51.2	54;60465;62531;-;52.5	A	9/9	contiguous	40712	0	1	
NZ_CP100167.1	MPF_F	-	128	0	0	GA	0															not_admitted	not_admitted	not_admitted	not_admitted	not_admitted	not_admitted	not_admitted	not_admitted	not_admitted	not_admitted	1	29;33043;34074;-;367.6	21;25384;26829;-;326.0	23;27869;28681;-;212.5	34;36599;39199;-;215.4	20;21926;25387;-;234.4	39;43176;44513;-;94.2	34;36599;39199;-;79.4	41;45243;45854;-;84.9	28;32255;33046;-;87.9	26;29695;30960;-;152.1	56;61407;63473;-;407.2	35;39213;39911;-;51.2	56;61407;63473;-;52.5	A	9/9	contiguous	39481	1	1	21231..21926-;231;unnamed;0
NZ_CP100172.1	MPF_F	-	138	0	0	GA	0															not_admitted	not_admitted	not_admitted	not_admitted	not_admitted	not_admitted	not_admitted	not_admitted	not_admitted	not_admitted	1	26;29618;30649;-;366.9	19;23196;24641;-;324.2	20;24641;25459;-;210.1	31;33147;35747;-;211.9	18;19753;23199;-;233.9	36;39724;41061;-;94.2	31;33147;35747;-;77.9	38;41791;42402;-;85.1	25;28830;29621;-;87.9	23;26270;27535;-;152.1	54;60465;62531;-;407.2	32;35761;36459;-;51.2	54;60465;62531;-;52.5	A	9/9	contiguous	40712	0	1	
NZ_CP100173.1	MPF_F	-	128	0	0	GA	0															not_admitted	not_admitted	not_admitted	not_admitted	not_admitted	not_admitted	not_admitted	not_admitted	not_admitted	not_admitted	1	29;33043;34074;-;367.6	21;25384;26829;-;326.0	23;27869;28681;-;212.5	34;36599;39199;-;215.4	20;21926;25387;-;234.4	39;43176;44513;-;94.2	34;36599;39199;-;79.4	41;45243;45854;-;84.9	28;32255;33046;-;87.9	26;29695;30960;-;152.1	56;61407;63473;-;407.2	35;39213;39911;-;51.2	56;61407;63473;-;52.5	A	9/9	contiguous	39481	1	1	21231..21926-;231;unnamed;0
NZ_CP100177.1	MPF_F	-	133	0	0	GA	0															not_admitted	not_admitted	not_admitted	not_admitted	not_admitted	not_admitted	not_admitted	not_admitted	not_admitted	not_admitted	1	27;31008;32039;-;368.2	19;23320;24765;-;332.0	20;24765;25583;-;217.7	33;36306;38909;-;226.3	18;19688;23323;-;228.5	40;43774;45135;-;96.7	33;36306;38909;-;89.2	42;45901;46512;-;107.2	26;30205;31011;-;90.5	24;27584;28885;-;147.2	54;62391;64397;-;414.9	34;38906;39646;-;51.5	54;62391;64397;-;65.9	A	9/9	contiguous	42703	0	1	
NZ_CP100179.1	MPF_F	-	137	0	0	GA	0															not_admitted	not_admitted	not_admitted	not_admitted	not_admitted	not_admitted	not_admitted	not_admitted	not_admitted	not_admitted	1	29;33042;34073;-;367.6	21;25383;26828;-;326.0	23;27868;28680;-;212.5	34;36598;39198;-;215.4	20;21925;25386;-;234.4	39;43175;44512;-;94.2	34;36598;39198;-;79.4	41;45242;45853;-;84.9	28;32254;33045;-;87.9	26;29694;30959;-;152.1	56;61829;63895;-;407.2	35;39212;39910;-;51.2	56;61829;63895;-;52.5	A	9/9	contiguous	39904	1	1	21230..21925-;231;unnamed;0
NZ_CP100184.1	MPF_F	-	188	0	0	GA	0															not_admitted	not_admitted	not_admitted	not_admitted	not_admitted	not_admitted	not_admitted	not_admitted	not_admitted	not_admitted	1	30;31000;32031;-;367.6	21;23539;24984;-;325.9	24;26023;26841;-;209.3	35;34556;37153;-;157.6	20;21656;23542;-;237.4	40;40898;42235;-;94.2	35;34556;37153;-;79.3	42;42965;43576;-;85.1	29;30212;31003;-;87.9	27;27652;28917;-;152.4	59;61163;63229;-;407.2	36;37167;37865;-;51.2	59;61163;63229;-;52.5	A	9/9	contiguous	39507	1	1	20082..21620-;512;unnamed;0
NZ_CP100188.1	MPF_F	-	163	0	0	GA	0															not_admitted	not_admitted	not_admitted	not_admitted	not_admitted	not_admitted	not_admitted	not_admitted	not_admitted	not_admitted	1	27;30021;31052;-;367.6	19;22559;24004;-;325.6	21;25044;25862;-;212.8	33;33961;36561;-;211.7	18;19095;22562;-;229.5	38;40306;41643;-;95.2	33;33961;36561;-;79.3	40;42373;42984;-;85.1	26;29233;30024;-;87.9	24;26673;27938;-;152.1	57;62536;64602;-;407.9	34;36575;37273;-;51.2	57;62536;64602;-;52.5	A	9/9	split_2	43441	1	1	18403..19098-;231;unnamed;0
NZ_CP100190.1	MPF_F	-	100	0	0	GA	0															not_admitted	not_admitted	not_admitted	not_admitted	not_admitted	not_admitted	not_admitted	not_admitted	not_admitted	not_admitted	1	27;30331;31362;-;367.6	19;22869;24314;-;326.9	21;25354;26172;-;212.8	33;34271;36871;-;215.5	18;19411;22872;-;231.5	38;40851;42188;-;94.2	33;34271;36871;-;79.3	40;42918;43529;-;86.3	26;29543;30334;-;87.9	24;26983;28248;-;152.1	54;59891;61957;-;407.2	34;36885;37583;-;51.2	54;59891;61957;-;52.5	A	9/9	contiguous	40480	0	1	
NZ_CP100195.1	MPF_F	-	138	0	0	GA	0															not_admitted	not_admitted	not_admitted	not_admitted	not_admitted	not_admitted	not_admitted	not_admitted	not_admitted	not_admitted	1	26;29618;30649;-;366.9	19;23196;24641;-;324.2	20;24641;25459;-;210.1	31;33147;35747;-;211.9	18;19753;23199;-;233.9	36;39724;41061;-;94.2	31;33147;35747;-;77.9	38;41791;42402;-;85.1	25;28830;29621;-;87.9	23;26270;27535;-;152.1	54;60465;62531;-;407.2	32;35761;36459;-;51.2	54;60465;62531;-;52.5	A	9/9	contiguous	40712	0	1	
NZ_CP100196.1	MPF_F	-	128	0	0	GA	0															not_admitted	not_admitted	not_admitted	not_admitted	not_admitted	not_admitted	not_admitted	not_admitted	not_admitted	not_admitted	1	29;33043;34074;-;367.6	21;25384;26829;-;326.0	23;27869;28681;-;212.5	34;36599;39199;-;215.4	20;21926;25387;-;234.4	39;43176;44513;-;94.2	34;36599;39199;-;79.4	41;45243;45854;-;84.9	28;32255;33046;-;87.9	26;29695;30960;-;152.1	56;61407;63473;-;407.2	35;39213;39911;-;51.2	56;61407;63473;-;52.5	A	9/9	contiguous	39481	1	1	21231..21926-;231;unnamed;0
NZ_CP100201.1	MPF_F	-	137	0	0	GA	0															not_admitted	not_admitted	not_admitted	not_admitted	not_admitted	not_admitted	not_admitted	not_admitted	not_admitted	not_admitted	1	26;29618;30649;-;366.9	19;23196;24641;-;324.2	20;24641;25459;-;210.1	31;33147;35747;-;211.9	18;19753;23199;-;233.9	36;39724;41061;-;94.2	31;33147;35747;-;77.9	38;41791;42402;-;85.1	25;28830;29621;-;87.9	23;26270;27535;-;152.1	54;60465;62531;-;407.2	32;35761;36459;-;51.2	54;60465;62531;-;52.5	A	9/9	contiguous	40712	0	1	
NZ_CP100202.1	MPF_F	-	128	0	0	GA	0															not_admitted	not_admitted	not_admitted	not_admitted	not_admitted	not_admitted	not_admitted	not_admitted	not_admitted	not_admitted	1	29;33043;34074;-;367.6	21;25384;26829;-;326.0	23;27869;28681;-;212.5	34;36599;39199;-;215.4	20;21926;25387;-;234.4	39;43176;44513;-;94.2	34;36599;39199;-;79.4	41;45243;45854;-;84.9	28;32255;33046;-;87.9	26;29695;30960;-;152.1	56;61407;63473;-;407.2	35;39213;39911;-;51.2	56;61407;63473;-;52.5	A	9/9	contiguous	39481	1	1	21231..21926-;231;unnamed;0
NZ_CP100207.1	MPF_F	-	138	0	0	GA	0															not_admitted	not_admitted	not_admitted	not_admitted	not_admitted	not_admitted	not_admitted	not_admitted	not_admitted	not_admitted	1	26;29618;30649;-;366.9	19;23196;24641;-;324.2	20;24641;25459;-;210.1	31;33147;35747;-;211.9	18;19753;23199;-;233.9	36;39724;41061;-;94.2	31;33147;35747;-;77.9	38;41791;42402;-;85.1	25;28830;29621;-;87.9	23;26270;27535;-;152.1	54;60465;62531;-;407.2	32;35761;36459;-;51.2	54;60465;62531;-;52.5	A	9/9	contiguous	40712	0	1	
NZ_CP100208.1	MPF_F	-	128	0	0	GA	0															not_admitted	not_admitted	not_admitted	not_admitted	not_admitted	not_admitted	not_admitted	not_admitted	not_admitted	not_admitted	1	29;33043;34074;-;367.6	21;25384;26829;-;326.0	23;27869;28681;-;212.5	34;36599;39199;-;215.4	20;21926;25387;-;234.4	39;43176;44513;-;94.2	34;36599;39199;-;79.4	41;45243;45854;-;84.9	28;32255;33046;-;87.9	26;29695;30960;-;152.1	56;61407;63473;-;407.2	35;39213;39911;-;51.2	56;61407;63473;-;52.5	A	9/9	contiguous	39481	1	1	21231..21926-;231;unnamed;0
NZ_CP100213.1	MPF_F	-	138	0	0	GA	0															not_admitted	not_admitted	not_admitted	not_admitted	not_admitted	not_admitted	not_admitted	not_admitted	not_admitted	not_admitted	1	26;29618;30649;-;366.9	19;23196;24641;-;324.2	20;24641;25459;-;210.1	31;33147;35747;-;211.9	18;19753;23199;-;233.9	36;39724;41061;-;94.2	31;33147;35747;-;77.9	38;41791;42402;-;85.1	25;28830;29621;-;87.9	23;26270;27535;-;152.1	54;60465;62531;-;407.2	32;35761;36459;-;51.2	54;60465;62531;-;52.5	A	9/9	contiguous	40712	0	1	
NZ_CP100214.1	MPF_F	-	128	0	0	GA	0															not_admitted	not_admitted	not_admitted	not_admitted	not_admitted	not_admitted	not_admitted	not_admitted	not_admitted	not_admitted	1	29;33043;34074;-;367.6	21;25384;26829;-;326.0	23;27869;28681;-;212.5	34;36599;39199;-;215.4	20;21926;25387;-;234.4	39;43176;44513;-;94.2	34;36599;39199;-;79.4	41;45243;45854;-;84.9	28;32255;33046;-;87.9	26;29695;30960;-;152.1	56;61407;63473;-;407.2	35;39213;39911;-;51.2	56;61407;63473;-;52.5	A	9/9	contiguous	39481	1	1	21231..21926-;231;unnamed;0
NZ_CP100219.1	MPF_F	-	139	0	0	GA	0															not_admitted	not_admitted	not_admitted	not_admitted	not_admitted	not_admitted	not_admitted	not_admitted	not_admitted	not_admitted	1	26;29616;30647;-;366.9	19;23194;24639;-;324.2	20;24639;25457;-;210.1	31;33145;35745;-;211.9	18;19751;23197;-;233.9	36;39722;41059;-;94.2	31;33145;35745;-;77.9	38;41789;42400;-;85.1	25;28828;29619;-;87.9	23;26268;27533;-;152.1	54;60463;62529;-;407.2	32;35759;36457;-;51.2	54;60463;62529;-;52.5	A	9/9	contiguous	40712	0	1	
NZ_CP100220.1	MPF_F	-	129	0	0	GA	0															not_admitted	not_admitted	not_admitted	not_admitted	not_admitted	not_admitted	not_admitted	not_admitted	not_admitted	not_admitted	1	20;21959;22990;-;367.6	12;14300;15745;-;326.0	14;16785;17597;-;212.5	25;25515;28115;-;215.4	11;10842;14303;-;234.4	30;32092;33429;-;94.2	25;25515;28115;-;79.4	32;34159;34770;-;84.9	19;21171;21962;-;87.9	17;18611;19876;-;152.1	47;50323;52389;-;407.2	26;28129;28827;-;51.2	47;50323;52389;-;52.5	A	9/9	contiguous	39481	1	1	10147..10842-;231;unnamed;0
NZ_CP100225.1	MPF_F	-	138	0	0	GA	0															not_admitted	not_admitted	not_admitted	not_admitted	not_admitted	not_admitted	not_admitted	not_admitted	not_admitted	not_admitted	1	26;29617;30648;-;366.9	19;23195;24640;-;324.2	20;24640;25458;-;210.1	31;33146;35746;-;211.9	18;19752;23198;-;233.9	36;39723;41060;-;94.2	31;33146;35746;-;77.9	38;41790;42401;-;85.1	25;28829;29620;-;87.9	23;26269;27534;-;152.1	54;60464;62530;-;407.2	32;35760;36458;-;51.2	54;60464;62530;-;52.5	A	9/9	contiguous	40712	0	1	
NZ_CP100226.1	MPF_F	-	128	0	0	GA	0															not_admitted	not_admitted	not_admitted	not_admitted	not_admitted	not_admitted	not_admitted	not_admitted	not_admitted	not_admitted	1	29;33043;34074;-;367.6	21;25384;26829;-;326.0	23;27869;28681;-;212.5	34;36599;39199;-;215.4	20;21926;25387;-;234.4	39;43176;44513;-;94.2	34;36599;39199;-;79.4	41;45243;45854;-;84.9	28;32255;33046;-;87.9	26;29695;30960;-;152.1	56;61407;63473;-;407.2	35;39213;39911;-;51.2	56;61407;63473;-;52.5	A	9/9	contiguous	39481	1	1	21231..21926-;231;unnamed;0
NZ_CP100231.1	MPF_F	-	138	0	0	GA	0															not_admitted	not_admitted	not_admitted	not_admitted	not_admitted	not_admitted	not_admitted	not_admitted	not_admitted	not_admitted	1	26;29618;30649;-;366.9	19;23196;24641;-;324.2	20;24641;25459;-;210.1	31;33147;35747;-;211.9	18;19753;23199;-;233.9	36;39724;41061;-;94.2	31;33147;35747;-;77.9	38;41791;42402;-;85.1	25;28830;29621;-;87.9	23;26270;27535;-;152.1	54;60465;62531;-;407.2	32;35761;36459;-;51.2	54;60465;62531;-;52.5	A	9/9	contiguous	40712	0	1	
NZ_CP100232.1	MPF_F	-	128	0	0	GA	0															not_admitted	not_admitted	not_admitted	not_admitted	not_admitted	not_admitted	not_admitted	not_admitted	not_admitted	not_admitted	1	29;33043;34074;-;367.6	21;25384;26829;-;326.0	23;27869;28681;-;212.5	34;36599;39199;-;215.4	20;21926;25387;-;234.4	39;43176;44513;-;94.2	34;36599;39199;-;79.4	41;45243;45854;-;84.9	28;32255;33046;-;87.9	26;29695;30960;-;152.1	56;61407;63473;-;407.2	35;39213;39911;-;51.2	56;61407;63473;-;52.5	A	9/9	contiguous	39481	1	1	21231..21926-;231;unnamed;0
NZ_CP100241.1	MPF_F	-	129	0	0	GA	0															not_admitted	not_admitted	not_admitted	not_admitted	not_admitted	not_admitted	not_admitted	not_admitted	not_admitted	not_admitted	1	31;31026;32057;-;367.6	23;23564;25009;-;326.0	25;26049;26867;-;212.8	36;34582;37182;-;211.9	22;20106;23567;-;235.5		36;34582;37182;-;78.0		30;30238;31029;-;82.8	28;27678;28943;-;152.1	50;54214;56280;-;407.2	37;37196;37894;-;51.2	50;54214;56280;-;52.5	B	8/9	contiguous	34108	1	1	19411..20106-;231;unnamed;0
NZ_CP100242.1	MPF_F	-	121	0	0	GA	0															not_admitted	not_admitted	not_admitted	not_admitted	not_admitted	not_admitted	not_admitted	not_admitted	not_admitted	not_admitted	1	27;30761;31792;-;366.9	19;23299;24744;-;326.9	21;25784;26602;-;212.4	33;34701;37301;-;215.4	18;19859;23302;-;236.5	39;41760;43097;-;94.2	33;34701;37301;-;79.3	41;43827;44438;-;85.5	26;29973;30764;-;87.9	24;27413;28678;-;152.4	68;71451;73517;-;407.2	34;37315;38013;-;50.9	68;71451;73517;-;52.5	A	9/9	split_2	51592	0	1	
NZ_CP100246.1	MPF_F	-	176	0	0	GA	0															not_admitted	not_admitted	not_admitted	not_admitted	not_admitted	not_admitted	not_admitted	not_admitted	not_admitted	not_admitted	1	70;71323;72354;-;366.9	62;63664;65109;-;326.0	64;66149;66961;-;214.8	76;75263;77863;-;215.4	61;60200;63667;-;234.2	81;81608;82945;-;95.2	76;75263;77863;-;79.3	83;83675;84286;-;85.1	69;70535;71326;-;87.8	67;67975;69240;-;152.1	109;111175;113241;-;407.2	77;77877;78575;-;50.7	109;111175;113241;-;52.5	A	9/9	split_2	50975	1	1	59508..60203-;231;unnamed;0
NZ_CP100252.1	MPF_F	-	218	0	0	GA	0															not_admitted	not_admitted	not_admitted	not_admitted	not_admitted	not_admitted	not_admitted	not_admitted	not_admitted	not_admitted	1	36;34175;35206;-;367.6	28;26713;28158;-;326.0	30;29198;30016;-;212.8	43;39289;41247;-;212.9	27;23255;26716;-;235.5	48;45212;46549;-;94.2	43;39289;41247;-;36.7	50;47279;47890;-;85.1	35;33387;34178;-;87.9	33;30827;32092;-;152.1	67;65092;66546;-;371.0	44;41261;41959;-;51.2	67;65092;66546;-;53.2	A	9/9	contiguous	41837	0	1	
NZ_CP100253.1	MPF_F	-	208	0	0	GA	0															not_admitted	not_admitted	not_admitted	not_admitted	not_admitted	not_admitted	not_admitted	not_admitted	not_admitted	not_admitted	1	130;108023;109153;+;367.1	140;115068;116303;+;326.5	137;113211;114029;+;212.8	118;103073;103603;+;71.3	143;116685;117653;+;138.8	110;98223;98711;+;70.9	120;104332;104520;+;30.2	107;96132;96647;+;79.3	131;109230;109841;+;88.6	133;111136;111636;+;79.0	87;79956;81407;+;371.0	117;102396;102869;+;39.0	87;79956;81407;+;53.3	A	9/9	contiguous	36729	0	1	
NZ_CP100258.1	MPF_F	-	366	0	0	GA	0															not_admitted	not_admitted	not_admitted	not_admitted	not_admitted	not_admitted	not_admitted	not_admitted	not_admitted	not_admitted	1	27;30654;31685;-;367.6	19;23192;24637;-;327.5	21;25677;26495;-;212.4	174;177608;180208;-;211.9	159;163132;166593;-;235.2	37;40555;41892;-;94.2	32;34210;36810;-;79.3	39;42622;43233;-;85.1	26;29866;30657;-;87.9	165;170704;171969;-;152.4	197;204913;206979;-;407.9	175;180222;180920;-;51.2	197;204913;206979;-;52.5	A	9/9	split_3	181721	1	1	162437..163132-;231;unnamed;0
NZ_CP100259.1	MPF_F	-	160	0	0	GA	0															not_admitted	not_admitted	not_admitted	not_admitted	not_admitted	not_admitted	not_admitted	not_admitted	not_admitted	not_admitted	1	29;32117;33148;-;367.2	21;24655;26100;-;326.0	23;27140;27958;-;212.8	34;35676;38276;-;215.4	20;21215;24658;-;236.8	40;42516;43853;-;95.4	34;35676;38276;-;79.3	42;44583;45194;-;85.5	28;31329;32120;-;87.9	26;28769;30034;-;151.3	56;61164;63230;-;407.2	35;38290;38988;-;50.7	56;61164;63230;-;52.5	A	9/9	contiguous	39949	0	1	
NZ_CP100265.1	MPF_F	-	108	0	0	GA	0															not_admitted	not_admitted	not_admitted	not_admitted	not_admitted	not_admitted	not_admitted	not_admitted	not_admitted	not_admitted	1	29;32814;33845;-;367.6	21;25352;26797;-;327.5	23;27837;28655;-;212.4	34;36370;38970;-;211.5	20;21915;25355;-;235.1	39;42935;44272;-;94.2	34;36370;38970;-;78.0	41;45002;45613;-;85.1	28;32026;32817;-;87.9	26;29466;30731;-;152.1	56;62815;64881;-;407.9	35;38984;39682;-;51.2	56;62815;64881;-;52.5	A	9/9	contiguous	40900	0	1	
NZ_CP100272.1	MPF_F	-	138	0	0	GA	0															not_admitted	not_admitted	not_admitted	not_admitted	not_admitted	not_admitted	not_admitted	not_admitted	not_admitted	not_admitted	1	26;29618;30649;-;366.9	19;23196;24641;-;324.2	20;24641;25459;-;210.1	31;33147;35747;-;211.9	18;19753;23199;-;233.9	36;39724;41061;-;94.2	31;33147;35747;-;77.9	38;41791;42402;-;85.1	25;28830;29621;-;87.9	23;26270;27535;-;152.1	54;60465;62531;-;407.2	32;35761;36459;-;51.2	54;60465;62531;-;52.5	A	9/9	contiguous	40712	0	1	
NZ_CP100273.1	MPF_F	-	128	0	0	GA	0															not_admitted	not_admitted	not_admitted	not_admitted	not_admitted	not_admitted	not_admitted	not_admitted	not_admitted	not_admitted	1	29;33043;34074;-;367.6	21;25384;26829;-;326.0	23;27869;28681;-;212.5	34;36599;39199;-;215.4	20;21926;25387;-;234.4	39;43176;44513;-;94.2	34;36599;39199;-;79.4	41;45243;45854;-;84.9	28;32255;33046;-;87.9	26;29695;30960;-;152.1	56;61407;63473;-;407.2	35;39213;39911;-;51.2	56;61407;63473;-;52.5	A	9/9	contiguous	39481	1	1	21231..21926-;231;unnamed;0
NZ_CP100278.1	MPF_F	-	138	0	0	GA	0															not_admitted	not_admitted	not_admitted	not_admitted	not_admitted	not_admitted	not_admitted	not_admitted	not_admitted	not_admitted	1	26;29618;30649;-;366.9	19;23196;24641;-;324.2	20;24641;25459;-;210.1	31;33147;35747;-;211.9	18;19753;23199;-;233.9	36;39724;41061;-;94.2	31;33147;35747;-;77.9	38;41791;42402;-;85.1	25;28830;29621;-;87.9	23;26270;27535;-;152.1	54;60465;62531;-;407.2	32;35761;36459;-;51.2	54;60465;62531;-;52.5	A	9/9	contiguous	40712	0	1	
NZ_CP100279.1	MPF_F	-	128	0	0	GA	0															not_admitted	not_admitted	not_admitted	not_admitted	not_admitted	not_admitted	not_admitted	not_admitted	not_admitted	not_admitted	1	29;33043;34074;-;367.6	21;25384;26829;-;326.0	23;27869;28681;-;212.5	34;36599;39199;-;215.4	20;21926;25387;-;234.4	39;43176;44513;-;94.2	34;36599;39199;-;79.4	41;45243;45854;-;84.9	28;32255;33046;-;87.9	26;29695;30960;-;152.1	56;61407;63473;-;407.2	35;39213;39911;-;51.2	56;61407;63473;-;52.5	A	9/9	contiguous	39481	1	1	21231..21926-;231;unnamed;0
NZ_CP100289.1	MPF_F	-	108	0	0	GA	0															not_admitted	not_admitted	not_admitted	not_admitted	not_admitted	not_admitted	not_admitted	not_admitted	not_admitted	not_admitted	1	90;92014;93402;+;225.9	92;94442;95887;+;326.0	90;92014;93402;+;212.7	84;86505;89105;+;215.4	93;95884;99351;+;234.2	79;81423;82760;+;95.2	84;86505;89105;+;79.3	77;80082;80693;+;85.1			48;48402;50468;+;407.2	83;85793;86491;+;50.6	48;48402;50468;+;52.5	C	7/9	split_2	47482	1	0	99348..100043+;231;unnamed;0
NZ_CP100295.1	MPF_F	-	143	0	0	GA	0															not_admitted	not_admitted	not_admitted	not_admitted	not_admitted	not_admitted	not_admitted	not_admitted	not_admitted	not_admitted	1	27;30665;31696;-;366.9	19;23203;24648;-;326.6	21;25688;26506;-;212.8	33;34605;37205;-;215.4	18;19760;23206;-;231.4	38;40950;42287;-;95.2	33;34605;37205;-;79.3	40;43017;43628;-;85.1	26;29877;30668;-;87.8	24;27317;28582;-;152.4	58;64180;66246;-;407.9	34;37219;37917;-;50.7	58;64180;66246;-;52.5	A	9/9	split_2	44420	0	1	
NZ_CP100298.1	MPF_F	-	303	0	0	GA	0															not_admitted	not_admitted	not_admitted	not_admitted	not_admitted	not_admitted	not_admitted	not_admitted	not_admitted	not_admitted	1	28;29661;30692;-;361.6	20;22199;23644;-;327.0	22;24684;25502;-;213.1	33;33220;35820;-;215.4	19;18762;22202;-;235.1	39;40060;41397;-;94.2	33;33220;35820;-;79.3	41;42127;42738;-;86.3	27;28873;29664;-;87.9	25;26313;27578;-;152.1	59;61867;63933;-;407.9	34;35834;36532;-;50.3	59;61867;63933;-;52.5	A	9/9	contiguous	43105	0	1	
NZ_CP100303.1	MPF_F	-	124	0	0	GA	0															not_admitted	not_admitted	not_admitted	not_admitted	not_admitted	not_admitted	not_admitted	not_admitted	not_admitted	not_admitted	1	26;29771;30802;-;366.9	19;23349;24794;-;324.2	20;24794;25612;-;210.1	31;33300;35900;-;215.4	18;19906;23352;-;233.9	36;39877;41214;-;94.2	31;33300;35900;-;77.9	38;41944;42555;-;85.1	25;28983;29774;-;87.9	23;26423;27688;-;152.1	53;59758;61824;-;407.2	32;35914;36612;-;51.2	53;59758;61824;-;52.5	A	9/9	contiguous	39852	0	1	
NZ_CP100306.1	MPF_F	-	103	0	0	GA	0															not_admitted	not_admitted	not_admitted	not_admitted	not_admitted	not_admitted	not_admitted	not_admitted	not_admitted	not_admitted	1	101;72483;73526;+;369.2	3;3211;4638;+;325.8	1;2001;2813;+;219.1	97;68195;70921;+;164.6	4;4654;7656;+;208.7	93;65197;66513;+;102.7	97;68195;70921;+;108.4	91;63906;64484;+;82.6	102;73541;74248;+;107.6	0;161;2008;+;93.5	72;50154;52313;+;381.4	96;67541;68185;+;41.9	72;50154;52313;+;89.7	A	9/9	split_2	73380	1	1	7728..8246+;172;unnamed;0
NZ_CP100309.1	MPF_F	IncFIB(pQil);IncFII(K)	133	0	0	GA	0															not_admitted	not_admitted	not_admitted	not_admitted	not_admitted	not_admitted	not_admitted	not_admitted	not_admitted	not_admitted	1	79;78214;79203;-;366.0	68;70523;71890;-;380.7	72;73148;73900;-;233.7	83;80646;83285;-;258.5	67;67674;70523;-;345.6	91;86542;87966;-;88.8	83;80646;83285;-;88.7	93;88693;89259;-;169.3	78;77563;78201;-;67.0	77;75549;77504;-;259.7	63;62876;65188;-;392.7	90;85844;86428;-;55.4	63;62876;65188;-;66.5	A	9/9	contiguous	25817	1	1	67113..67661-;182;unnamed;0
NZ_CP100310.1	MPF_F	IncFIB(K)	119	0	0	GA	0															not_admitted	not_admitted	not_admitted	not_admitted	not_admitted	not_admitted	not_admitted	not_admitted	not_admitted	not_admitted	1	62;71878;72870;-;366.6	52;64993;66360;-;380.7	56;67618;68370;-;232.2	65;73896;76535;-;259.3	51;62171;64993;-;346.6	75;80355;81779;-;88.4	65;73896;76535;-;88.8	77;82506;83072;-;169.3	61;71227;71865;-;67.0	60;69213;71168;-;258.5	48;57890;60202;-;393.1	73;79168;79725;-;52.7	48;57890;60202;-;66.6	A	9/9	contiguous	24616	1	1	61545..62147-;200;TraS;0
NZ_CP100313.1	MPF_F	IncFIB(pQil);IncFII(K)	133	0	0	GA	0															not_admitted	not_admitted	not_admitted	not_admitted	not_admitted	not_admitted	not_admitted	not_admitted	not_admitted	not_admitted	1	79;78214;79203;-;366.0	68;70523;71890;-;380.7	72;73148;73900;-;233.7	83;80646;83285;-;258.5	67;67674;70523;-;345.6	91;86542;87966;-;88.8	83;80646;83285;-;88.7	93;88693;89259;-;169.3	78;77563;78201;-;67.0	77;75549;77504;-;259.7	63;62876;65188;-;393.1	90;85844;86428;-;55.4	63;62876;65188;-;66.6	A	9/9	contiguous	25817	1	1	67113..67661-;182;unnamed;0
NZ_CP100314.1	MPF_F	IncFIB(K)	120	0	0	GA	0															not_admitted	not_admitted	not_admitted	not_admitted	not_admitted	not_admitted	not_admitted	not_admitted	not_admitted	not_admitted	1	62;71878;72870;-;366.6	52;64993;66360;-;380.7	56;67618;68370;-;232.2	65;73896;76535;-;259.3	51;62171;64993;-;346.6	75;80355;81779;-;88.4	65;73896;76535;-;88.8	77;82506;83072;-;169.3	61;71227;71865;-;67.0	60;69213;71168;-;258.5	48;57890;60202;-;392.7	73;79168;79725;-;52.7	48;57890;60202;-;66.5	A	9/9	contiguous	24616	1	1	61545..62147-;200;TraS;0
NZ_CP100354.1	MPF_F	IncC	194	0	0	GA	0															not_admitted	not_admitted	not_admitted	not_admitted	not_admitted	not_admitted	not_admitted	not_admitted	not_admitted	not_admitted	1	110;87111;88118;+;328.3	183;147375;148808;+;339.9	182;146345;147373;+;223.6	105;81915;84359;+;357.6	184;148821;152438;+;377.4	100;73079;74401;+;133.1	105;81915;84359;+;130.1	98;71555;72181;+;94.6	108;85181;86446;+;69.6	111;88234;90978;+;139.7	88;65881;67746;+;49.3	101;74398;74976;+;101.2	88;65881;67746;+;52.1	A	9/9	split_2	82940	0	1	
NZ_CP100389.1	-	-	75	0	0	GA	1	6;5666;6322;-;42.9		4;4891;5286;-;31.0	3;2500;4890;-;76.1	3;2500;4890;-;34.1	2;1783;2487;-;74.6	0;487;1449;-;94.1		74;48867;49268;-;44.1	73;48059;48856;-;163.5	72;46665;48062;-;122.5	71;45597;46616;-;72.3	69;43688;45250;-;288.2		pfam	pfam_only	A	7/7	canonical	1	0	unscoreable	3	0	0														not_admitted	not_admitted	not_admitted	not_admitted	not_admitted	not_admitted	not_admitted
NZ_CP100403.1	MPF_T	-	367	0	0	GA	1				98;76081;78288;+;24.5									300;259213;261564;+;20.6		none	none	D	2/7	uncallable	0	0	unscoreable	0	0	0														not_admitted	not_admitted	not_admitted	not_admitted	not_admitted	not_admitted	not_admitted
NZ_CP100410.1	MPF_T	-	83	0	0	GA	1				40;52124;54316;+;26.9											none	none	D	1/7	uncallable	0	0	unscoreable	0	0	0														not_admitted	not_admitted	not_admitted	not_admitted	not_admitted	not_admitted	not_admitted
NZ_CP100424.1	MPF_F	IncC	237	0	0	GA	0															not_admitted	not_admitted	not_admitted	not_admitted	not_admitted	not_admitted	not_admitted	not_admitted	not_admitted	not_admitted	1	122;94566;95573;+;332.9	226;187271;188704;+;339.2	225;186241;187269;+;221.7	117;89367;91814;+;354.5	227;188717;192331;+;375.3	54;35004;36164;+;156.3	117;89367;91814;+;128.3	110;78971;79597;+;92.7	120;92636;93901;+;67.9	123;95689;98487;+;145.3	100;71982;73847;+;47.3	113;81808;82386;+;100.2	100;71982;73847;+;52.0	A	9/9	split_3	153713	0	1	
NZ_CP100479.1	MPF_F	IncFIB(pNDM-Mar);IncHI1B(pNDM-MAR)	254	0	0	GA	0															not_admitted	not_admitted	not_admitted	not_admitted	not_admitted	not_admitted	not_admitted	not_admitted	not_admitted	not_admitted	1	181;157276;158313;-;282.3	91;69654;71063;+;190.4	90;68627;69664;+;176.7	194;169145;171862;-;148.7	92;71065;75033;+;123.4	198;173975;175345;-;65.6	194;169145;171862;-;85.2	201;176991;177851;-;79.0	182;158310;159671;-;69.9	180;154084;157266;-;60.1	83;59301;61427;-;57.7	195;171907;172644;-;56.9	83;59301;61427;-;41.0	A	9/9	split_2	117690	0	1	
NZ_CP100481.1	MPF_T	IncX3	61	0	0	GA	1	33;28995;29639;-;46.4	32;28721;29011;-;73.1	31;25943;28696;-;47.0	31;25943;28696;-;145.4	31;25943;28696;-;73.3	30;25163;25933;-;60.1	28;23829;24884;-;133.2		27;22906;23634;-;119.4	26;21971;22900;-;138.8	25;20760;21974;-;128.3	23;19530;20564;-;65.7	22;17692;19527;-;495.9		pfam	pfam_only	A	7/7	canonical	1	1	unscoreable	2	0	0														not_admitted	not_admitted	not_admitted	not_admitted	not_admitted	not_admitted	not_admitted
NZ_CP100483.1	MPF_T	IncX3	61	0	0	GA	1	33;28995;29639;-;46.4	32;28721;29011;-;73.1	31;25943;28696;-;47.0	31;25943;28696;-;145.4	31;25943;28696;-;73.3	30;25163;25933;-;60.1	28;23829;24884;-;133.2		27;22906;23634;-;119.4	26;21971;22900;-;138.8	25;20760;21974;-;128.3	23;19530;20564;-;65.7	22;17692;19527;-;495.9		pfam	pfam_only	A	7/7	canonical	1	1	unscoreable	2	0	0														not_admitted	not_admitted	not_admitted	not_admitted	not_admitted	not_admitted	not_admitted
NZ_CP100484.1	MPF_T	IncN2	52	0	0	GA	1	44;35841;36623;-;33.3	42;35298;35594;-;36.0	41;34941;35258;-;71.9	40;32367;34940;-;118.0	40;32367;34940;-;74.2	39;31650;32351;-;98.9	37;30344;31381;-;119.9	36;30136;30267;-;40.1	35;29430;30125;-;132.6	34;28532;29419;-;147.8	33;27399;28532;-;166.3	32;26347;27348;-;90.1	20;13680;15212;+;52.1		pfam	both	A	7/7	canonical	1	0	ga	2	0	0														not_admitted	not_admitted	not_admitted	not_admitted	not_admitted	not_admitted	not_admitted
NZ_CP100489.1	MPF_T	IncX3	61	0	0	GA	1	33;28995;29639;-;46.4	32;28721;29011;-;73.1	31;25943;28696;-;47.0	31;25943;28696;-;145.4	31;25943;28696;-;73.3	30;25163;25933;-;60.1	28;23829;24884;-;133.2		27;22906;23634;-;119.4	26;21971;22900;-;138.8	25;20760;21974;-;128.3	23;19530;20564;-;65.7	22;17692;19527;-;495.9		pfam	pfam_only	A	7/7	canonical	1	1	unscoreable	2	0	0														not_admitted	not_admitted	not_admitted	not_admitted	not_admitted	not_admitted	not_admitted
NZ_CP100495.1	MPF_T	IncX3	63	0	0	GA	1	21;12963;13607;+;46.4	22;13591;13881;+;73.1	23;13906;16659;+;47.0	23;13906;16659;+;145.4	23;13906;16659;+;73.3	24;16669;17439;+;60.1	27;17947;18774;+;97.8		28;18969;19697;+;119.4	29;19703;20632;+;138.8	30;20629;21843;+;128.3	32;22039;23073;+;65.7	33;23076;24911;+;496.0		pfam	pfam_only	A	7/7	canonical	1	1	unscoreable	2	0	0														not_admitted	not_admitted	not_admitted	not_admitted	not_admitted	not_admitted	not_admitted
NZ_CP100498.1	MPF_F	IncFIB(K)(pCAV1099-114);IncFII(pKP91)	145	0	0	GA	0															not_admitted	not_admitted	not_admitted	not_admitted	not_admitted	not_admitted	not_admitted	not_admitted	not_admitted	not_admitted	1				88;81277;84627;-;108.8		99;88539;89960;-;85.8		101;90684;91250;-;157.8				97;87358;87927;-;55.5		D	3/9	contiguous	9407	0	0	
NZ_CP100499.1	MPF_T	IncX3	61	0	0	GA	1	33;28995;29639;-;46.4	32;28721;29011;-;73.1	31;25943;28696;-;47.0	31;25943;28696;-;145.4	31;25943;28696;-;73.3	30;25163;25933;-;60.1	28;23829;24884;-;133.2		27;22906;23634;-;119.4	26;21971;22900;-;138.8	25;20760;21974;-;128.3	23;19530;20564;-;65.7	22;17692;19527;-;495.9		pfam	pfam_only	A	7/7	canonical	1	1	unscoreable	2	0	0														not_admitted	not_admitted	not_admitted	not_admitted	not_admitted	not_admitted	not_admitted
NZ_CP100504.1	MPF_F	IncFII(pSE11)	74	0	0	GA	0															not_admitted	not_admitted	not_admitted	not_admitted	not_admitted	not_admitted	not_admitted	not_admitted	not_admitted	not_admitted	1	44;36003;36995;+;369.5	57;44323;45696;+;377.0	50;41268;42257;+;233.2	41;32364;34994;+;298.8	58;45693;48515;+;389.2	34;27964;29391;+;94.1	41;32364;34994;+;97.3	32;26683;27249;+;183.8	47;37941;38579;+;69.7	49;39391;41241;+;264.3	62;50786;52777;+;392.2	37;30269;30784;+;76.4	62;50786;52777;+;70.5	A	9/9	contiguous	24103	1	1	48536..49015+;159;TraS;0
NZ_CP100505.1	MPF_T	IncX3	61	0	0	GA	1	33;28995;29639;-;46.4	32;28721;29011;-;73.1	31;25943;28696;-;47.0	31;25943;28696;-;145.4	31;25943;28696;-;73.3	30;25163;25933;-;60.1	28;23829;24884;-;133.2		27;22906;23634;-;119.4	26;21971;22900;-;138.8	25;20760;21974;-;128.3	23;19530;20564;-;65.7	22;17692;19527;-;495.9		pfam	pfam_only	A	7/7	canonical	1	1	unscoreable	2	0	0														not_admitted	not_admitted	not_admitted	not_admitted	not_admitted	not_admitted	not_admitted
NZ_CP100513.1	MPF_T	IncX3	61	0	0	GA	1	33;28995;29639;-;46.4	32;28721;29011;-;73.1	31;25943;28696;-;47.0	31;25943;28696;-;145.4	31;25943;28696;-;73.3	30;25163;25933;-;60.1	28;23829;24884;-;133.2		27;22906;23634;-;119.4	26;21971;22900;-;138.8	25;20760;21974;-;128.3	23;19530;20564;-;65.7	22;17692;19527;-;495.9		pfam	pfam_only	A	7/7	canonical	1	1	unscoreable	2	0	0														not_admitted	not_admitted	not_admitted	not_admitted	not_admitted	not_admitted	not_admitted
NZ_CP100517.1	MPF_T	IncX3	62	0	0	GA	1	16;9907;10551;+;46.4	17;10535;10825;+;73.1	18;10850;13603;+;47.0	18;10850;13603;+;145.4	18;10850;13603;+;73.3	19;13613;14383;+;60.1	21;14662;15717;+;133.2		22;15912;16640;+;119.4	23;16646;17575;+;138.8	24;17572;18786;+;128.3	26;18982;20016;+;65.7	27;20019;21854;+;495.9		pfam	pfam_only	A	7/7	canonical	1	1	unscoreable	2	0	0														not_admitted	not_admitted	not_admitted	not_admitted	not_admitted	not_admitted	not_admitted
NZ_CP100521.1	MPF_F	IncFIB(pNDM-Mar);IncHI1B(pNDM-MAR)	254	0	0	GA	0															not_admitted	not_admitted	not_admitted	not_admitted	not_admitted	not_admitted	not_admitted	not_admitted	not_admitted	not_admitted	1	181;157154;158191;-;282.3	91;69654;71063;+;190.4	90;68627;69664;+;176.7	194;169023;171740;-;148.7	92;71065;75033;+;123.4	198;173853;175223;-;65.6	194;169023;171740;-;85.2	201;176869;177729;-;79.0	182;158188;159549;-;69.9	180;153962;157144;-;60.1	83;59301;61427;-;57.7	195;171785;172522;-;56.9	83;59301;61427;-;41.0	A	9/9	split_2	117568	0	1	
NZ_CP100522.1	MPF_F	IncFIB(K);IncFII(K)	226	0	0	GA	0															not_admitted	not_admitted	not_admitted	not_admitted	not_admitted	not_admitted	not_admitted	not_admitted	not_admitted	not_admitted	1	178;179994;180983;-;363.3	167;172808;174175;-;382.2	171;175433;176185;-;236.4	182;182440;185079;-;259.0	166;169959;172808;-;342.9	193;189046;190470;-;88.8	182;182440;185079;-;87.6	195;191197;191763;-;167.9	176;179071;179718;-;65.9	175;177057;179012;-;259.5	162;165838;168147;-;392.8	190;187850;188434;-;53.8	162;165838;168147;-;65.8	A	9/9	contiguous	25359	1	1	169426..169956-;176;unnamed;0
NZ_CP100524.1	MPF_T	IncX3	60	0	0	GA	1	21;12963;13607;+;46.4	22;13591;13881;+;73.1	23;13906;16659;+;47.0	23;13906;16659;+;145.4	23;13906;16659;+;73.3	24;16669;17439;+;60.1	26;17718;18773;+;133.2		27;18968;19696;+;119.4	28;19702;20631;+;138.8	29;20628;21842;+;128.3	31;22038;23072;+;65.7	32;23075;24910;+;495.9		pfam	pfam_only	A	7/7	canonical	1	1	unscoreable	2	0	0														not_admitted	not_admitted	not_admitted	not_admitted	not_admitted	not_admitted	not_admitted
NZ_CP100526.1	MPF_F	IncFIB(AP001918);IncFII	132	0	0	GA	0															not_admitted	not_admitted	not_admitted	not_admitted	not_admitted	not_admitted	not_admitted	not_admitted	not_admitted	not_admitted	1	75;77570;78562;-;371.9	66;71135;72511;-;381.0	71;74098;74841;-;233.5	78;79571;82201;-;303.7	65;68316;71138;-;389.2	87;85405;86832;-;94.3	78;79571;82201;-;100.2	89;87547;88113;-;185.2	74;76923;77561;-;68.6	73;75118;76926;-;267.9	59;61877;64075;-;391.7	83;83769;84284;-;78.4	59;61877;64075;-;70.3	A	9/9	contiguous	25670	1	1	67798..68295-;165;TraS;0
NZ_CP100528.1	MPF_T	IncX3	60	0	0	GA	1	21;12963;13607;+;46.4	22;13591;13881;+;73.1	23;13906;16659;+;47.0	23;13906;16659;+;145.4	23;13906;16659;+;73.3	24;16669;17439;+;60.1	26;17718;18773;+;133.2		27;18968;19696;+;119.4	28;19702;20631;+;138.8	29;20628;21842;+;128.3	31;22038;23072;+;65.7	32;23075;24910;+;495.9		pfam	pfam_only	A	7/7	canonical	1	1	unscoreable	2	0	0														not_admitted	not_admitted	not_admitted	not_admitted	not_admitted	not_admitted	not_admitted
NZ_CP100543.1	MPF_T	IncX3	60	0	0	GA	1	21;12963;13607;+;46.4	22;13591;13881;+;73.1	23;13906;16659;+;47.0	23;13906;16659;+;145.4	23;13906;16659;+;73.3	24;16669;17439;+;60.1	26;17718;18773;+;133.2		27;18968;19696;+;119.4	28;19702;20631;+;138.8	29;20628;21842;+;128.3	31;22038;23072;+;65.7	32;23075;24910;+;495.9		pfam	pfam_only	A	7/7	canonical	1	1	unscoreable	2	0	0														not_admitted	not_admitted	not_admitted	not_admitted	not_admitted	not_admitted	not_admitted
NZ_CP100545.1	MPF_F	IncFIB(AP001918);IncFII	139	0	0	GA	0															not_admitted	not_admitted	not_admitted	not_admitted	not_admitted	not_admitted	not_admitted	not_admitted	not_admitted	not_admitted	1	84;89670;90662;-;371.8	73;82611;83987;-;380.7	80;86198;86941;-;235.0	87;91671;94298;-;303.5	72;79792;82614;-;389.0	93;96210;97637;-;94.3	87;91671;94298;-;100.3	95;98352;98918;-;183.8	83;89023;89661;-;68.8	82;87218;89026;-;268.3	69;76024;78258;-;391.7	90;94814;95329;-;78.0	69;76024;78258;-;70.3	A	9/9	contiguous	22328	1	1	79291..79770-;159;TraS;0
NZ_CP100549.1	MPF_T	IncX3	61	0	0	GA	1	27;23760;24404;-;46.4	26;23486;23776;-;73.1	25;20708;23461;-;47.0	25;20708;23461;-;145.4	25;20708;23461;-;73.3	24;19928;20698;-;60.1	22;18594;19649;-;133.2		21;17671;18399;-;119.4	20;16736;17665;-;138.8	19;15525;16739;-;128.3	17;14295;15329;-;65.7	16;12457;14292;-;495.9		pfam	pfam_only	A	7/7	canonical	1	1	unscoreable	2	0	0														not_admitted	not_admitted	not_admitted	not_admitted	not_admitted	not_admitted	not_admitted
NZ_CP100552.1	MPF_T	-	90	0	0	GA	1		41;32963;33370;-;60.8	40;32649;32960;-;52.8	39;30094;32652;-;91.2	39;30094;32652;-;110.7	34;25762;26553;-;106.4	32;23744;25489;-;107.5		38;29372;30097;-;123.3	37;28470;29360;-;175.9	35;26576;27994;-;228.4	42;33402;34370;-;136.2	65;51031;52947;+;511.6		conjscan	conjscan_only	A	7/7	canonical	1	0	unscoreable	3	0	0														not_admitted	not_admitted	not_admitted	not_admitted	not_admitted	not_admitted	not_admitted
NZ_CP100554.1	-	-	101	0	0	GA	1	94;76894;77556;+;28.2			97;78222;80609;+;51.8	97;78222;80609;+;49.7	98;80683;81387;+;56.7	99;81393;82370;+;118.7		100;82557;83330;+;146.9		0;211;1608;+;147.3	1;1608;2654;+;81.3	2;2655;4418;+;294.2		pfam	both	B	6/7	canonical	1	0	unscoreable	2	0	0														not_admitted	not_admitted	not_admitted	not_admitted	not_admitted	not_admitted	not_admitted
NZ_CP100605.1	MPF_T	-	428	0	0	GA	1	69;57768;58502;+;27.0	13;10345;10641;-;96.3	12;10007;10345;-;109.6	11;7648;10014;-;171.9	11;7648;10014;-;94.2	10;6929;7651;-;153.4	8;5689;6675;-;163.0								pfam	both	D	2/7	canonical	1	0	unscoreable	1	0	0														not_admitted	not_admitted	not_admitted	not_admitted	not_admitted	not_admitted	not_admitted
NZ_CP100672.1	MPF_T	IncFII(29);IncFII(p96A)	55	0	0	GA	1	14;13682;14164;+;89.1	43;37137;37490;+;32.6	44;37490;37861;+;35.8	45;37818;40310;+;62.7		47;41859;42536;+;51.4	49;43025;43969;+;115.7		50;44125;44976;+;100.4	51;44973;45788;+;160.4	52;45785;47125;+;132.8	7;7064;8626;+;195.5	1;370;1989;+;236.8		pfam	pfam_only	A	7/7	canonical	1	0	unscoreable	13	0	0														not_admitted	not_admitted	not_admitted	not_admitted	not_admitted	not_admitted	not_admitted
NZ_CP100683.1	MPF_F	IncHI2;IncHI2A	294	0	0	GA	0															not_admitted	not_admitted	not_admitted	not_admitted	not_admitted	not_admitted	not_admitted	not_admitted	not_admitted	not_admitted	1	27;31707;32765;+;276.9	201;182075;183490;-;194.1	202;183480;184526;-;174.3	11;8955;11636;+;168.0	200;178113;182066;-;101.6	7;5270;6625;+;80.7	11;8955;11636;+;72.2	4;2758;3546;+;74.8	25;30054;31565;+;62.0	28;32784;35972;+;57.3	209;191568;193652;+;56.8	10;7996;8946;+;46.1	209;191568;193652;+;38.8	A	9/9	split_3	188810	1	1	176643..177932-;429;unnamed;0
NZ_CP100686.1	MPF_F	IncHI2;IncHI2A	313	0	0	GA	0															not_admitted	not_admitted	not_admitted	not_admitted	not_admitted	not_admitted	not_admitted	not_admitted	not_admitted	not_admitted	1	27;31707;32765;+;276.9	220;198720;200135;-;194.1	221;200125;201171;-;174.3	11;8955;11636;+;168.0	219;194758;198711;-;101.6	7;5270;6625;+;80.7	11;8955;11636;+;72.2	4;2758;3546;+;74.8	25;30054;31565;+;62.0	28;32784;35972;+;57.3	228;208213;210297;+;56.8	10;7996;8946;+;46.1	228;208213;210297;+;38.8	A	9/9	split_3	205455	1	1	193288..194577-;429;unnamed;0
NZ_CP100687.1	MPF_T	IncI2(Delta)	76	0	0	GA	1	41;35263;35745;-;81.1		55;50828;51112;-;36.6	54;48465;50822;-;58.5	54;48465;50822;-;44.9	64;55924;56568;-;41.0	65;56574;57569;-;123.7		52;47565;48299;-;144.3	51;46798;47568;-;170.5	50;45669;46808;-;154.7	44;37525;39063;-;207.1	48;42621;44579;-;288.2		pfam	pfam_only	A	7/7	rearranged	1	0	unscoreable	13	0	0														not_admitted	not_admitted	not_admitted	not_admitted	not_admitted	not_admitted	not_admitted
NZ_CP100690.1	MPF_F	IncHI2;IncHI2A	285	0	0	GA	0															not_admitted	not_admitted	not_admitted	not_admitted	not_admitted	not_admitted	not_admitted	not_admitted	not_admitted	not_admitted	1	27;30701;31759;+;276.9	195;179821;181236;-;194.1	196;181226;182272;-;174.3	11;8955;11636;+;168.0	194;175859;179812;-;101.6	7;5270;6625;+;80.7	11;8955;11636;+;72.2	4;2758;3546;+;74.8	25;29048;30559;+;62.0	28;31778;34966;+;57.3	203;189314;191398;+;56.8	10;7996;8946;+;46.1	203;189314;191398;+;38.8	A	9/9	split_3	186556	1	1	174389..175678-;429;unnamed;0
NZ_CP100694.1	MPF_T	IncFIB(K)	122	0	0	GA	1	82;79403;80065;+;48.3	83;80076;80375;+;36.6	84;80385;83135;+;61.6	84;80385;83135;+;134.0	84;80385;83135;+;46.2	85;83154;83870;+;137.0	87;84184;85191;+;137.8		89;85401;86087;+;158.3	90;86080;86973;+;146.0	91;86970;88166;+;134.8	92;88170;89219;+;71.5	99;93957;95864;+;24.3		pfam	pfam_only	A	7/7	canonical	1	1	unscoreable	8	0	0														not_admitted	not_admitted	not_admitted	not_admitted	not_admitted	not_admitted	not_admitted
NZ_CP100699.1	MPF_F	IncHI2;IncHI2A;IncQ1	195	0	0	GA	0															not_admitted	not_admitted	not_admitted	not_admitted	not_admitted	not_admitted	not_admitted	not_admitted	not_admitted	not_admitted	1	27;31208;32266;+;276.9			11;8955;11636;+;168.0		7;5270;6625;+;80.7	11;8955;11636;+;72.2	4;2758;3546;+;74.8	25;29555;31066;+;62.0	28;32285;35473;+;57.3		10;7996;8946;+;46.1		C	6/9	split_2	29527	0	1	
NZ_CP100703.1	MPF_F	IncC	178	0	0	GA	0															not_admitted	not_admitted	not_admitted	not_admitted	not_admitted	not_admitted	not_admitted	not_admitted	not_admitted	not_admitted	1	67;50059;51066;-;332.9	167;138030;139463;+;339.2	166;137000;138028;+;221.7	72;53818;56265;-;354.2	168;139476;143090;+;375.3	81;68260;69576;-;135.0	72;53818;56265;-;128.6	83;70474;71100;-;92.1	69;51731;52996;-;67.6	66;47043;49943;-;145.1	92;74910;76775;-;47.4	80;67685;68263;-;100.2	92;74910;76775;-;52.0	A	9/9	split_2	92433	0	1	
NZ_CP100705.1	-	-	40	0	0	GA	1	13;11660;12556;+;45.2	37;33142;33633;-;68.0	36;32828;33142;-;51.1	35;30307;32814;-;96.9	35;30307;32814;-;113.0	34;29550;30338;-;50.1	32;27624;29342;-;86.0		30;26527;27225;-;123.5	29;25589;26527;-;165.2	27;23672;25132;-;210.5	38;33645;34628;-;134.8	11;9142;11100;+;355.7		conjscan	conjscan_only	A	7/7	canonical	1	0	unscoreable	5	0	0														not_admitted	not_admitted	not_admitted	not_admitted	not_admitted	not_admitted	not_admitted
NZ_CP100708.1	MPF_F	IncHI2;IncHI2A	301	0	0	GA	0															not_admitted	not_admitted	not_admitted	not_admitted	not_admitted	not_admitted	not_admitted	not_admitted	not_admitted	not_admitted	1	27;31208;32266;+;276.9	272;244666;246081;+;194.1	271;243630;244676;+;174.3	11;8955;11636;+;168.0	273;246090;250043;+;101.6	7;5270;6625;+;80.7	11;8955;11636;+;72.2	4;2758;3546;+;74.8	25;29555;31066;+;62.0	28;32285;35473;+;57.3	264;234504;236588;-;56.8	10;7996;8946;+;46.1	264;234504;236588;-;38.8	A	9/9	split_3	243332	1	1	250224..251513+;429;unnamed;0
NZ_CP100711.1	MPF_T	-	104	0	0	GA	1				68;45587;48028;+;152.1	68;45587;48028;+;46.5	69;48040;48756;+;94.2	70;48768;49862;+;150.1		72;50377;51063;+;169.0	73;51060;51968;+;142.4	74;51961;53079;+;163.9	75;53081;54109;+;85.0	76;54141;55958;+;314.8		pfam	pfam_only	A	7/7	canonical	1	0	unscoreable	1	0	0														not_admitted	not_admitted	not_admitted	not_admitted	not_admitted	not_admitted	not_admitted
NZ_CP100712.1	MPF_T	IncFII(29);IncFII(p96A)	54	0	0	GA	1	41;35206;35688;+;89.1	15;10131;10484;+;32.6	16;10484;10855;+;35.8	17;10812;13304;+;62.7		19;14853;15530;+;51.4	21;16019;16963;+;115.7		22;17119;17970;+;100.4	23;17967;18782;+;160.4	24;18779;20119;+;132.8	34;28588;30150;+;195.5	28;21894;23513;+;236.8		pfam	pfam_only	A	7/7	canonical	1	0	unscoreable	14	0	0														not_admitted	not_admitted	not_admitted	not_admitted	not_admitted	not_admitted	not_admitted
NZ_CP100716.1	MPF_F	IncHI2;IncHI2A;IncX1	317	0	0	GA	0															not_admitted	not_admitted	not_admitted	not_admitted	not_admitted	not_admitted	not_admitted	not_admitted	not_admitted	not_admitted	1	274;246776;247834;-;276.9	102;85264;86679;+;194.1	101;84228;85274;+;174.3	290;267406;270087;-;168.0	103;86688;90641;+;101.6	294;272417;273772;-;80.7	290;267406;270087;-;72.2	297;275496;276284;-;74.8	276;247976;249487;-;62.0	273;243569;246757;-;57.3	94;75102;77186;-;56.8	291;270096;271046;-;46.1	94;75102;77186;-;38.8	A	9/9	split_2	200394	1	1	90822..92111+;429;unnamed;0
NZ_CP100723.1	MPF_F	IncHI1A(NDM-CIT);IncHI1B(pNDM-CIT)	356	1	1	GA	1		68;68715;69101;-;89.6	67;68449;68718;-;32.5	66;65986;68436;-;37.9	66;65986;68436;-;125.2	65;65246;65989;-;226.2	63;63543;64910;-;179.3		62;62820;63524;-;235.7	61;61831;62823;-;223.1	60;60545;61828;-;206.6	69;69088;70167;-;118.3	71;70637;72634;-;345.5	31;32266;35442;+;57.9	conjscan	conjscan_only	A	7/7	canonical	1	0	unscoreable	3	0	1	30;31540;32247;+;214.6	221;214104;215519;-;200.0	222;215509;216555;-;168.3	11;9294;11975;+;156.8	220;210106;214095;-;103.1	60;60545;61828;-;206.6	11;9294;11975;+;73.5	4;3136;3921;+;69.5	26;28762;30270;+;62.3	31;32266;35442;+;57.9	71;70637;72634;-;101.4	10;8335;9285;+;45.4	71;70637;72634;-;98.9	A	9/9	split_3	212373	0	1	
NZ_CP100729.1	MPF_T	-	114	0	0	GA	1	84;58202;58822;+;41.6	85;58836;59162;+;64.4	86;59181;61928;+;63.8	86;59181;61928;+;151.8	86;59181;61928;+;46.1	87;61940;62656;+;94.2	88;62668;63762;+;150.1		90;64277;64963;+;169.0	91;64960;65868;+;142.4	92;65861;66979;+;163.9	93;66981;68009;+;85.0	94;68041;69858;+;314.8		pfam	pfam_only	A	7/7	canonical	1	1	unscoreable	1	0	0														not_admitted	not_admitted	not_admitted	not_admitted	not_admitted	not_admitted	not_admitted
NZ_CP100730.1	MPF_T	IncFII(29);IncFII(p96A)	54	0	0	GA	1	41;35206;35688;+;89.1	15;10131;10484;+;32.6	16;10484;10855;+;35.8	17;10812;13304;+;62.7		19;14853;15530;+;51.4	21;16019;16963;+;115.7		22;17119;17970;+;100.4	23;17967;18782;+;160.4	24;18779;20119;+;132.8	34;28588;30150;+;195.5	28;21894;23513;+;236.8		pfam	pfam_only	A	7/7	canonical	1	0	unscoreable	14	0	0														not_admitted	not_admitted	not_admitted	not_admitted	not_admitted	not_admitted	not_admitted
NZ_CP100733.1	MPF_F	IncC	197	0	0	GA	0															not_admitted	not_admitted	not_admitted	not_admitted	not_admitted	not_admitted	not_admitted	not_admitted	not_admitted	not_admitted	1	127;98706;99713;+;332.9	190;151825;153258;+;339.2	189;150795;151823;+;221.7	122;93507;95954;+;354.5	191;153271;156885;+;375.3	117;84635;85951;+;135.0	122;93507;95954;+;128.3	115;83111;83737;+;92.7	125;96776;98041;+;67.9	128;99829;102627;+;145.3	106;77436;79301;+;47.3	118;85948;86526;+;100.2	106;77436;79301;+;52.0	A	9/9	split_2	75835	0	1	
NZ_CP100737.1	MPF_F	IncHI2;IncHI2A;IncQ1	287	0	0	GA	0															not_admitted	not_admitted	not_admitted	not_admitted	not_admitted	not_admitted	not_admitted	not_admitted	not_admitted	not_admitted	1	27;31208;32266;+;276.9	210;196382;197797;-;194.1	211;197787;198833;-;174.3	11;8955;11636;+;168.0	209;192420;196373;-;99.0	7;5270;6625;+;80.7	11;8955;11636;+;72.2	4;2758;3546;+;74.8	25;29555;31066;+;62.0	28;32285;35473;+;57.3	218;205875;207959;+;56.8	10;7996;8946;+;46.1	218;205875;207959;+;38.8	A	9/9	split_3	203117	1	1	190950..192239-;429;unnamed;0
NZ_CP100740.1	MPF_F	IncC	229	0	0	GA	0															not_admitted	not_admitted	not_admitted	not_admitted	not_admitted	not_admitted	not_admitted	not_admitted	not_admitted	not_admitted	1	161;137415;138422;+;332.9	222;190534;191967;+;339.2	221;189504;190532;+;221.7	156;132216;134663;+;354.5	223;191980;195594;+;375.3	151;123344;124660;+;135.0	156;132216;134663;+;128.3	149;121820;122446;+;92.7	159;135485;136750;+;67.9	162;138538;141336;+;145.3	140;116145;118010;+;47.3	152;124657;125235;+;100.2	140;116145;118010;+;52.0	A	9/9	split_2	75835	0	1	
NZ_CP100745.1	MPF_F	IncHI2;IncHI2A	322	0	0	GA	0															not_admitted	not_admitted	not_admitted	not_admitted	not_admitted	not_admitted	not_admitted	not_admitted	not_admitted	not_admitted	1	28;30953;32011;+;276.9	228;217076;218491;-;194.1	229;218481;219527;-;174.3	11;8955;11636;+;168.0	227;213114;217067;-;101.6	7;5270;6625;+;80.7	11;8955;11636;+;72.2	4;2758;3546;+;74.8	26;29300;30811;+;62.0	29;32030;35218;+;57.3	236;226569;228653;+;56.8	10;7996;8946;+;46.1	236;226569;228653;+;38.8	A	9/9	split_3	223811	1	1	211644..212933-;429;unnamed;0
NZ_CP101110.2	MPF_F	IncFII	98	0	0	GA	0															not_admitted	not_admitted	not_admitted	not_admitted	not_admitted	not_admitted	not_admitted	not_admitted	not_admitted	not_admitted	1	74;57601;58593;+;369.5	84;64372;65745;+;381.7	79;61699;62442;+;234.4	71;53962;56592;+;304.1	85;65742;68564;+;374.0	64;49512;50963;+;94.2	71;53962;56592;+;97.1	62;48231;48797;+;174.3	76;58937;59575;+;68.6	77;59572;61422;+;266.1	89;70836;73052;+;391.2	67;51823;52338;+;78.4	89;70836;73052;+;70.3	A	9/9	contiguous	22605	1	1	68586..69065+;159;TraS;0
NZ_CP101113.1	-	-	34	0	0	GA	1		21;19271;19669;-;53.7	20;18966;19271;-;49.9	19;16462;18966;-;97.6	19;16462;18966;-;106.2	18;15732;16487;-;56.2	17;14273;15730;-;89.5		4;4306;4983;-;136.3	3;3382;4272;-;152.8	1;1624;2922;-;219.3	22;19681;20655;-;130.0	28;25006;26940;-;332.5		conjscan	conjscan_only	A	7/7	canonical	1	0	unscoreable	19	0	0														not_admitted	not_admitted	not_admitted	not_admitted	not_admitted	not_admitted	not_admitted
NZ_CP101173.1	MPF_T	-	92	0	0	GA	1	66;59825;60415;-;62.9	22;17727;18122;-;78.2	21;17458;17724;-;36.5	20;14821;17391;-;34.6	20;14821;17391;-;107.4	19;14022;14801;-;54.7	17;11981;13456;-;84.7		16;11264;11974;-;129.8	15;10246;11238;-;166.9	14;8887;10230;-;209.6	23;18119;19123;-;116.3	64;54508;56565;-;347.7		conjscan	conjscan_only	A	7/7	canonical	1	0	unscoreable	3	0	0														not_admitted	not_admitted	not_admitted	not_admitted	not_admitted	not_admitted	not_admitted
NZ_CP101175.1	MPF_T	-	55	0	0	GA	1	40;28178;28768;+;62.9	50;39178;39492;+;79.5	51;39494;39760;+;39.2	52;39825;42395;+;34.2	52;39825;42395;+;110.5	53;42414;43193;+;55.6			0;336;1046;+;126.9	1;1073;2065;+;168.2	2;2081;3433;+;211.8	49;38092;39096;+;119.8	42;31196;33253;+;351.4		conjscan	conjscan_only	B	6/7	uncallable	0	0	unscoreable	7	0	0														not_admitted	not_admitted	not_admitted	not_admitted	not_admitted	not_admitted	not_admitted
NZ_CP101177.1	MPF_T	-	64	0	0	GA	1	54;42652;43242;-;62.9	43;31224;31538;-;76.8	42;30955;31221;-;36.5	41;28318;30888;-;34.6	41;28318;30888;-;107.4	40;27519;28298;-;54.7	38;25478;26953;-;84.7		37;24761;25471;-;129.8	36;23743;24735;-;166.9	35;22384;23727;-;209.6	44;31617;32621;-;116.3	52;37335;39392;-;347.7		conjscan	conjscan_only	A	7/7	canonical	1	0	unscoreable	10	0	0														not_admitted	not_admitted	not_admitted	not_admitted	not_admitted	not_admitted	not_admitted
NZ_CP101201.1	-	-	50	0	0	GA	1	6;4552;5154;+;49.5	7;5151;5438;+;48.7	8;5454;8189;+;59.0	8;5454;8189;+;140.2	8;5454;8189;+;56.9	9;8199;8912;+;110.6	11;9236;10300;+;145.5		12;10485;11174;+;140.3	13;11171;12079;+;132.8	14;12069;13352;+;128.8	15;13352;14386;+;85.6	16;14373;16205;+;410.3		pfam	pfam_only	A	7/7	canonical	1	1	unscoreable	1	0	0														not_admitted	not_admitted	not_admitted	not_admitted	not_admitted	not_admitted	not_admitted
NZ_CP101202.1	MPF_T	IncFII(pEH01)	38	0	0	GA	1	9;5404;6108;+;47.3	10;6112;6408;+;67.5	11;6421;9165;+;49.1	11;6421;9165;+;149.6	11;6421;9165;+;48.4	12;9180;9884;+;139.6	14;10136;11203;+;159.8		16;11387;12070;+;190.5	17;12070;12975;+;154.8	18;13017;14267;+;155.0	19;14271;15296;+;67.3	25;17381;19108;+;46.5		pfam	both	A	7/7	canonical	1	1	unscoreable	7	0	0														not_admitted	not_admitted	not_admitted	not_admitted	not_admitted	not_admitted	not_admitted
NZ_CP101211.1	MPF_F	IncHI2;IncHI2A	309	0	0	GA	0															not_admitted	not_admitted	not_admitted	not_admitted	not_admitted	not_admitted	not_admitted	not_admitted	not_admitted	not_admitted	1	27;31707;32765;+;276.9	217;194893;196308;-;194.1	218;196298;197344;-;174.1	11;8955;11636;+;168.0	216;190931;194884;-;101.6	7;5270;6625;+;80.7	11;8955;11636;+;72.2	4;2758;3546;+;74.8	25;30054;31565;+;62.0	28;32784;35972;+;57.3	225;204386;206470;+;56.8	10;7996;8946;+;46.1	225;204386;206470;+;38.8	A	9/9	split_3	201628	1	1	189461..190750-;429;unnamed;0
NZ_CP101212.1	MPF_F	IncFIB(AP001918);IncFIC(FII)	126	0	0	GA	0															not_admitted	not_admitted	not_admitted	not_admitted	not_admitted	not_admitted	not_admitted	not_admitted	not_admitted	not_admitted	1	78;86890;87882;-;369.3	67;79831;81204;-;378.0	74;83418;84161;-;234.1	81;88891;91518;-;305.4	66;77012;79834;-;389.5	87;93573;95000;-;94.3	81;88891;91518;-;98.5	89;95715;96281;-;183.8	77;86243;86881;-;68.4	76;84438;86246;-;268.4	63;73330;75483;-;391.9	83;92034;92549;-;78.4	63;73330;75483;-;70.4	A	9/9	contiguous	22385	1	1	76499..76990-;163;TraS;0
NZ_CP101213.1	MPF_T	IncI2(Delta)	76	0	0	GA	1	40;34247;34729;-;81.1		55;50337;50621;-;36.6	54;47974;50331;-;58.5	54;47974;50331;-;44.9	64;55433;56077;-;41.0	65;56083;57078;-;123.9		52;47074;47808;-;144.3	51;46307;47077;-;170.5	50;45178;46317;-;154.7	43;36508;38046;-;207.1	48;42129;43841;-;290.2		pfam	pfam_only	A	7/7	rearranged	1	0	unscoreable	14	0	0														not_admitted	not_admitted	not_admitted	not_admitted	not_admitted	not_admitted	not_admitted
NZ_CP101227.1	-	-	50	0	0	GA	1	32;23658;24260;-;49.5	31;23374;23661;-;48.7	30;20623;23358;-;59.0	30;20623;23358;-;140.2	30;20623;23358;-;56.9	29;19900;20613;-;110.6	27;18512;19576;-;145.5		26;17638;18327;-;140.3	25;16733;17641;-;132.8	24;15460;16743;-;128.8	23;14426;15460;-;85.6	22;12607;14439;-;410.3		pfam	pfam_only	A	7/7	canonical	1	1	unscoreable	1	0	0														not_admitted	not_admitted	not_admitted	not_admitted	not_admitted	not_admitted	not_admitted
NZ_CP101228.1	MPF_T	IncFII(pEH01)	38	0	0	GA	1	14;10764;11468;-;47.3	13;10464;10760;-;67.5	12;7707;10451;-;49.1	12;7707;10451;-;149.6	12;7707;10451;-;48.4	11;6988;7692;-;139.6	9;5669;6736;-;159.8		7;4802;5485;-;190.5	6;3897;4802;-;154.8	5;2605;3855;-;155.0	4;1576;2601;-;67.3	36;22027;23754;-;46.5		pfam	both	A	7/7	canonical	1	1	unscoreable	2	0	0														not_admitted	not_admitted	not_admitted	not_admitted	not_admitted	not_admitted	not_admitted
NZ_CP101234.1	MPF_F	IncHI2;IncHI2A	266	0	0	GA	0															not_admitted	not_admitted	not_admitted	not_admitted	not_admitted	not_admitted	not_admitted	not_admitted	not_admitted	not_admitted	1	27;31707;32765;+;276.9	176;159136;160551;-;194.1	177;160541;161587;-;174.1	11;8955;11636;+;168.0	175;155174;159127;-;101.6	7;5270;6625;+;80.7	11;8955;11636;+;72.2	4;2758;3546;+;74.8	25;30054;31565;+;62.0	28;32784;35972;+;57.3	184;168629;170713;+;56.8	10;7996;8946;+;46.1	184;168629;170713;+;38.8	A	9/9	split_3	165871	1	1	153704..154993-;429;unnamed;0
NZ_CP101236.1	MPF_F	IncFII	92	0	0	GA	0															not_admitted	not_admitted	not_admitted	not_admitted	not_admitted	not_admitted	not_admitted	not_admitted	not_admitted	not_admitted	1	68;56106;57098;+;369.5	78;62877;64250;+;381.7	73;60204;60947;+;234.4	65;52467;55097;+;303.6	79;64247;67069;+;374.0	58;48017;49468;+;94.2	65;52467;55097;+;97.2	56;46736;47302;+;174.3	70;57442;58080;+;68.6	71;58077;59927;+;266.1	83;69341;71611;+;391.1	61;50328;50843;+;78.4	83;69341;71611;+;70.3	A	9/9	contiguous	22605	1	1	67091..67570+;159;TraS;0
NZ_CP101237.1	MPF_F	IncFII(pRSB107)	77	0	0	GA	0															not_admitted	not_admitted	not_admitted	not_admitted	not_admitted	not_admitted	not_admitted	not_admitted	not_admitted	not_admitted	1	53;40565;41557;+;369.3	64;47607;48980;+;381.0	59;45274;46017;+;235.0	50;36929;39556;+;304.6	65;48977;51814;+;389.2	45;33350;34777;+;94.3	50;36929;39556;+;99.2	43;32069;32635;+;183.8	56;42554;43192;+;68.6	57;43189;44997;+;268.0	68;53304;55484;+;390.8	49;35898;36413;+;78.4	68;53304;55484;+;70.4	A	9/9	contiguous	21235	1	1	51798..52307+;169;unnamed;0
NZ_CP101238.1	MPF_T	IncX3	58	0	0	GA	1	20;12364;13008;+;46.4	21;12992;13282;+;73.1	22;13307;16060;+;47.0	22;13307;16060;+;142.4	22;13307;16060;+;73.3	23;16070;16840;+;60.1	25;17119;18174;+;133.2		26;18369;19097;+;119.4	27;19103;20032;+;138.8	28;20029;21243;+;128.3	30;21439;22473;+;65.7	31;22476;24311;+;495.9		pfam	pfam_only	A	7/7	canonical	1	1	unscoreable	2	0	0														not_admitted	not_admitted	not_admitted	not_admitted	not_admitted	not_admitted	not_admitted
NZ_CP101243.1	MPF_T	IncX3	57	0	0	GA	1	47;36339;36983;+;46.4	48;36967;37257;+;73.1	49;37282;40035;+;47.0	49;37282;40035;+;142.4	49;37282;40035;+;73.3	50;40045;40815;+;60.1	52;41094;42149;+;133.2		53;42344;43072;+;119.4	54;43078;44007;+;138.8	55;44004;45218;+;128.3		0;290;2125;+;495.9		pfam	pfam_only	B	6/7	canonical	1	1	unscoreable	1	0	0														not_admitted	not_admitted	not_admitted	not_admitted	not_admitted	not_admitted	not_admitted
NZ_CP101249.1	MPF_T	IncX3	57	0	0	GA	1	22;14297;14941;+;46.4	23;14925;15215;+;73.1	24;15240;17993;+;47.0	24;15240;17993;+;142.4	24;15240;17993;+;73.3	25;18003;18773;+;60.1	27;19052;20107;+;133.2		28;20302;21030;+;119.4	29;21036;21965;+;138.8	30;21962;23176;+;128.3	32;23372;24406;+;65.7	33;24409;26244;+;495.9		pfam	pfam_only	A	7/7	canonical	1	1	unscoreable	2	0	0														not_admitted	not_admitted	not_admitted	not_admitted	not_admitted	not_admitted	not_admitted
NZ_CP101255.1	MPF_T	IncX3	58	0	0	GA	1	33;30401;31045;-;46.4	32;30127;30417;-;73.1	31;27349;30102;-;47.0	31;27349;30102;-;142.4	31;27349;30102;-;73.3	30;26569;27339;-;60.1	28;25235;26290;-;133.2		27;24312;25040;-;119.4	26;23377;24306;-;138.8	25;22166;23380;-;128.3	23;20936;21970;-;65.7	22;19098;20933;-;495.9		pfam	pfam_only	A	7/7	canonical	1	1	unscoreable	2	0	0														not_admitted	not_admitted	not_admitted	not_admitted	not_admitted	not_admitted	not_admitted
NZ_CP101261.1	MPF_T	IncX3	57	0	0	GA	1	22;14297;14941;+;46.4	23;14925;15215;+;73.1	24;15240;17993;+;47.0	24;15240;17993;+;142.4	24;15240;17993;+;73.3	25;18003;18773;+;60.1	27;19052;20107;+;133.2		28;20302;21030;+;119.4	29;21036;21965;+;138.8	30;21962;23176;+;128.3	32;23372;24406;+;65.7	33;24409;26244;+;495.9		pfam	pfam_only	A	7/7	canonical	1	1	unscoreable	2	0	0														not_admitted	not_admitted	not_admitted	not_admitted	not_admitted	not_admitted	not_admitted
NZ_CP101264.1	MPF_F	IncHI2A	112	0	0	GA	0															not_admitted	not_admitted	not_admitted	not_admitted	not_admitted	not_admitted	not_admitted	not_admitted	not_admitted	not_admitted	1	27;31086;32144;+;276.9			11;8833;11514;+;168.0		7;5148;6503;+;80.7	11;8833;11514;+;72.2	4;2636;3424;+;74.8	25;29433;30944;+;62.0	28;32163;35351;+;57.3		10;7874;8824;+;46.1		C	6/9	split_2	29527	0	1	
NZ_CP101266.1	MPF_T	IncX1	57	0	0	GA	1	21;12037;12681;+;47.1	22;12665;12955;+;73.5	23;12979;15738;+;44.8	23;12979;15738;+;133.3	23;12979;15738;+;71.9	24;15740;16477;+;57.5	26;16759;17814;+;131.7		27;18004;18726;+;116.0	28;18732;19661;+;132.4	29;19658;20872;+;128.6	30;20890;21927;+;66.4	31;21932;23767;+;543.4		pfam	pfam_only	A	7/7	canonical	1	1	unscoreable	1	0	0														not_admitted	not_admitted	not_admitted	not_admitted	not_admitted	not_admitted	not_admitted
NZ_CP101270.1	MPF_F	IncFIB(AP001918);IncFIC(FII)	133	0	0	GA	0															not_admitted	not_admitted	not_admitted	not_admitted	not_admitted	not_admitted	not_admitted	not_admitted	not_admitted	not_admitted	1	85;77778;78770;-;364.8	74;70720;72093;-;374.3	81;74306;75049;-;234.1	88;79779;82406;-;305.6	73;67907;70723;-;387.9	95;84461;85888;-;94.3	88;79779;82406;-;98.6	97;86603;87169;-;182.9	84;77131;77769;-;67.3	83;75326;77134;-;268.3	70;64191;66344;-;391.1	91;82922;83437;-;77.3	70;64191;66344;-;69.2	A	9/9	contiguous	22412	1	1	67353..67874-;173;unnamed;0
NZ_CP101273.1	MPF_T	IncX3	58	0	0	GA	1	20;12365;13009;+;46.4	21;12993;13283;+;73.1	22;13308;16061;+;47.0	22;13308;16061;+;142.4	22;13308;16061;+;73.3	23;16071;16841;+;60.1	25;17120;18175;+;133.2		26;18370;19098;+;119.4	27;19104;20033;+;138.8	28;20030;21244;+;128.3	30;21440;22474;+;65.7	31;22477;24312;+;495.9		pfam	pfam_only	A	7/7	canonical	1	1	unscoreable	2	0	0														not_admitted	not_admitted	not_admitted	not_admitted	not_admitted	not_admitted	not_admitted
NZ_CP101275.1	MPF_F	IncFIB(AP001918);IncFIC(FII)	179	0	0	GA	0															not_admitted	not_admitted	not_admitted	not_admitted	not_admitted	not_admitted	not_admitted	not_admitted	not_admitted	not_admitted	1	108;102849;103841;-;369.3	97;95830;97203;-;381.0	104;99377;100120;-;235.0	111;104850;107477;-;302.4	96;93008;95833;-;385.2	117;109521;110948;-;94.3	111;104850;107477;-;99.7	119;111663;112229;-;182.3	107;102202;102840;-;68.4	106;100397;102205;-;268.0	93;89351;91504;-;391.9	112;107993;108508;-;78.0	93;89351;91504;-;70.4	A	9/9	contiguous	22312	1	1	92502..93011-;169;unnamed;0
NZ_CP101276.1	MPF_F	IncFII(pCoo)	121	0	0	GA	0															not_admitted	not_admitted	not_admitted	not_admitted	not_admitted	not_admitted	not_admitted	not_admitted	not_admitted	not_admitted	1	97;80456;81448;+;369.5	108;87618;88991;+;381.0	104;85654;86397;+;233.3	94;76817;79447;+;302.0	109;88988;91810;+;386.8	85;70912;72363;+;94.1	94;76817;79447;+;97.3	83;69631;70197;+;182.3	99;82077;82715;+;70.1	102;83527;85377;+;266.7	112;93344;95560;+;391.7	89;73467;73982;+;78.5	112;93344;95560;+;70.3	A	9/9	contiguous	23713	1	1	91831..92328+;165;TraS;0
NZ_CP101277.1	MPF_T	IncX3	59	0	0	GA	1	20;12367;13011;+;46.4	21;12995;13285;+;73.1	22;13310;16063;+;47.0	22;13310;16063;+;142.4	22;13310;16063;+;73.3	23;16073;16843;+;60.1	25;17122;18177;+;133.2		26;18372;19100;+;119.4	27;19106;20035;+;138.8	28;20032;21246;+;128.3	30;21442;22476;+;65.7	31;22479;24314;+;495.9		pfam	pfam_only	A	7/7	canonical	1	1	unscoreable	2	0	0														not_admitted	not_admitted	not_admitted	not_admitted	not_admitted	not_admitted	not_admitted
NZ_CP101284.1	MPF_T	-	79	0	0	GA	1		9;12321;12677;+;72.6	10;12679;12945;+;35.4	11;13066;15534;+;45.5	11;13066;15534;+;130.3	13;15880;16599;+;60.9	15;16884;18173;+;131.8		16;18193;18879;+;182.1	17;18882;19874;+;187.5	18;19921;21120;+;199.2	47;52603;53565;+;147.8	46;50565;52559;+;268.2		conjscan	conjscan_only	A	7/7	canonical	1	0	unscoreable	3	0	0														not_admitted	not_admitted	not_admitted	not_admitted	not_admitted	not_admitted	not_admitted
NZ_CP101366.1	MPF_T	IncI2	76	0	0	GA	1	35;32513;32995;-;81.1		50;48591;48875;-;36.6	49;46228;48585;-;58.5	49;46228;48585;-;44.9	62;55012;55656;-;41.2	63;55662;56657;-;123.9		47;45328;46062;-;144.3	46;44561;45331;-;170.5	45;43432;44571;-;154.7	38;34763;36301;-;207.1	43;40384;42342;-;289.6		pfam	pfam_only	A	7/7	rearranged	1	0	unscoreable	17	0	0														not_admitted	not_admitted	not_admitted	not_admitted	not_admitted	not_admitted	not_admitted
NZ_CP101370.1	MPF_T	IncX4	39	0	0	GA	1	10;11465;12085;-;41.6	9;11125;11451;-;64.4	8;8359;11106;-;63.8	8;8359;11106;-;151.8	8;8359;11106;-;46.1	7;7631;8347;-;94.2	6;6525;7619;-;150.1		4;5324;6010;-;169.0	3;4419;5327;-;142.4	2;3308;4426;-;163.9	1;2278;3306;-;85.0	0;429;2246;-;314.8		pfam	pfam_only	A	7/7	canonical	1	1	unscoreable	1	0	0														not_admitted	not_admitted	not_admitted	not_admitted	not_admitted	not_admitted	not_admitted
NZ_CP101374.1	MPF_T	IncX4	41	0	0	GA	1	39;31956;32576;+;41.6	40;32590;32916;+;64.4		0;43;2373;+;152.2		1;2385;3101;+;94.2	2;3113;4207;+;150.1		4;4722;5408;+;169.0	5;5405;6313;+;142.4	6;6306;7424;+;163.9	7;7426;8454;+;85.0	8;8486;10303;+;314.8		pfam	pfam_only	A	7/7	canonical	1	0	unscoreable	1	0	0														not_admitted	not_admitted	not_admitted	not_admitted	not_admitted	not_admitted	not_admitted
NZ_CP101378.1	MPF_F	IncFIB(AP001918);IncFII	130	0	0	GA	0															not_admitted	not_admitted	not_admitted	not_admitted	not_admitted	not_admitted	not_admitted	not_admitted	not_admitted	not_admitted	1	61;59764;60756;-;369.3	53;53695;55068;-;380.7	57;56289;57032;-;232.7	64;61765;64392;-;303.5	52;50876;53698;-;380.3	68;66304;67731;-;94.3	64;61765;64392;-;100.3	70;68446;69012;-;183.8	60;59117;59755;-;68.3	59;57312;59120;-;268.3	49;47153;49342;-;391.8	65;64908;65423;-;78.0	49;47153;49342;-;70.4	A	9/9	contiguous	21293	1	1	50358..50855-;165;TraS;0
NZ_CP101380.1	MPF_F	IncC	180	0	0	GA	0															not_admitted	not_admitted	not_admitted	not_admitted	not_admitted	not_admitted	not_admitted	not_admitted	not_admitted	not_admitted	1	125;101559;102551;-;369.3	116;95124;96497;-;379.5	121;98087;98860;-;234.0	128;103560;106190;-;303.5	115;92302;95127;-;386.0	135;109468;110895;-;94.3	128;103560;106190;-;98.5	137;111610;112176;-;183.8	124;100912;101550;-;68.7	123;99107;100915;-;268.0	112;88591;90798;-;391.7	131;107825;108340;-;78.6	112;88591;90798;-;70.3	A	9/9	contiguous	23019	1	1	91796..92305-;169;unnamed;0
NZ_CP101383.1	MPF_F	IncHI2;IncHI2A	275	0	0	GA	0															not_admitted	not_admitted	not_admitted	not_admitted	not_admitted	not_admitted	not_admitted	not_admitted	not_admitted	not_admitted	1	27;31208;32266;+;276.7	187;181212;182627;-;194.1	188;182617;183663;-;174.3	11;8955;11636;+;168.0	186;177250;181203;-;101.7	7;5270;6625;+;80.7	11;8955;11636;+;72.2	4;2758;3546;+;74.8	25;29555;31066;+;62.0	28;32285;35473;+;57.3	195;190705;192789;+;56.8	10;7996;8946;+;46.1	195;190705;192789;+;38.8	A	9/9	split_3	187947	1	1	175780..177069-;429;unnamed;0
NZ_CP101387.1	MPF_F	IncHI2;IncHI2A	232	0	0	GA	0															not_admitted	not_admitted	not_admitted	not_admitted	not_admitted	not_admitted	not_admitted	not_admitted	not_admitted	not_admitted	1	27;31208;32266;+;276.5	148;144921;146336;-;194.1	149;146326;147372;-;174.3	11;8955;11636;+;168.0	147;140959;144912;-;101.7	7;5270;6625;+;80.7	11;8955;11636;+;72.2	4;2758;3546;+;74.8	25;29555;31066;+;62.0	28;32285;35473;+;57.3	156;154414;156498;+;56.8	10;7996;8946;+;46.1	156;154414;156498;+;38.8	A	9/9	split_3	151656	1	1	139489..140778-;429;unnamed;0
NZ_CP101389.1	MPF_F	IncHI2;IncHI2A;IncN	279	0	0	GA	0															not_admitted	not_admitted	not_admitted	not_admitted	not_admitted	not_admitted	not_admitted	not_admitted	not_admitted	not_admitted	1	28;31207;32265;+;276.9	195;183423;184838;-;194.1	196;184828;185874;-;174.3	11;8955;11636;+;168.0	194;179461;183414;-;101.7	7;5270;6625;+;80.7	11;8955;11636;+;72.2	4;2758;3546;+;74.8	26;29554;31065;+;62.0	29;32284;35472;+;57.3	203;192916;195000;+;56.8	10;7996;8946;+;46.1	203;192916;195000;+;38.8	A	9/9	split_3	190158	1	1	177991..179280-;429;unnamed;0
NZ_CP101391.1	MPF_F	IncHI2;IncHI2A	271	0	0	GA	0															not_admitted	not_admitted	not_admitted	not_admitted	not_admitted	not_admitted	not_admitted	not_admitted	not_admitted	not_admitted	1	27;30950;32008;+;276.9	187;176405;177820;-;194.1	188;177810;178856;-;174.3	11;8955;11636;+;168.0	186;172443;176396;-;101.7	7;5270;6625;+;80.7	11;8955;11636;+;72.2	4;2758;3546;+;74.8	25;29297;30808;+;62.0	28;32027;35215;+;57.3	195;185898;187982;+;56.8	10;7996;8946;+;46.1	195;185898;187982;+;38.8	A	9/9	split_3	183140	1	1	170973..172262-;429;unnamed;0
NZ_CP101516.1	MPF_F	IncHI2;IncHI2A	249	0	0	GA	0															not_admitted	not_admitted	not_admitted	not_admitted	not_admitted	not_admitted	not_admitted	not_admitted	not_admitted	not_admitted	1	74;67839;68897;-;276.9	189;176956;178371;+;194.1	188;175920;176966;+;174.3	90;88469;91150;-;168.0		94;93480;94835;-;80.7	90;88469;91150;-;72.2	97;96559;97347;-;74.8	76;69039;70550;-;61.8	73;64632;67820;-;57.3	181;166794;168878;-;56.8	91;91159;92109;-;46.1	181;166794;168878;-;38.8	B	8/9	split_2	112324	0	1	
NZ_CP101518.1	MPF_T	-	1596	0	0	GA	1	778;876867;878321;+;58.8	1363;1523061;1523360;-;87.6	1362;1522715;1523056;-;105.9	1361;1520356;1522740;-;165.9	1361;1520356;1522740;-;111.3	1360;1519658;1520356;-;199.5	1358;1518491;1519426;-;162.9		1356;1517503;1518174;-;209.4	1355;1515467;1517503;-;167.7	1355;1515467;1517503;-;183.4	1354;1514464;1515456;-;99.7	1398;1558832;1560745;+;328.6		pfam	both	A	7/7	canonical	1	0	unscoreable	2	0	0														not_admitted	not_admitted	not_admitted	not_admitted	not_admitted	not_admitted	not_admitted
NZ_CP101519.1	MPF_T	-	1569	0	0	GA	1		1254;1289916;1290296;+;71.1	1255;1290289;1290582;+;62.2	1256;1290593;1293043;+;175.4	1256;1290593;1293043;+;125.4	1257;1293015;1293818;+;42.9	1259;1293993;1295177;+;106.5		1260;1295198;1295860;+;133.8	1261;1295877;1296689;+;188.7	1263;1297143;1298438;+;218.6	1253;1288958;1289926;+;126.4	1271;1306435;1308351;+;539.8		conjscan	conjscan_only	A	7/7	canonical	1	0	unscoreable	10	0	0														not_admitted	not_admitted	not_admitted	not_admitted	not_admitted	not_admitted	not_admitted
NZ_CP101520.1	MPF_T	-	156	0	0	GA	1	44;38201;39289;+;91.5	41;35090;35440;+;74.2	42;35443;35742;+;77.1	43;35745;38204;+;120.8	43;35745;38204;+;97.7	45;39301;40002;+;33.7	47;40236;41264;+;141.7		48;41290;41985;+;176.2	49;41985;42794;+;199.4	50;42791;44002;+;205.1	51;43983;45011;+;134.6	52;45008;47101;+;307.9		pfam	pfam_only	A	7/7	canonical	1	0	unscoreable	1	0	0														not_admitted	not_admitted	not_admitted	not_admitted	not_admitted	not_admitted	not_admitted
NZ_CP101534.1	MPF_F	IncFII(pHN7A8);IncR	185	0	0	GA	0															not_admitted	not_admitted	not_admitted	not_admitted	not_admitted	not_admitted	not_admitted	not_admitted	not_admitted	not_admitted	1	69;54989;55981;+;369.5	82;62814;63782;+;278.3	77;60505;61248;+;234.4	66;51353;53980;+;301.8		61;47871;49298;+;94.1	66;51353;53980;+;101.8	59;46590;47156;+;183.8	72;56927;57565;+;70.4	75;58378;60228;+;265.0	66;51353;53980;+;20.8	65;50322;50837;+;77.6		B	8/9	contiguous	16224	0	1	
NZ_CP101547.1	MPF_F	Col(pHAD28);IncFIB(K);IncFII(pKP91)	285	0	0	GA	0															not_admitted	not_admitted	not_admitted	not_admitted	not_admitted	not_admitted	not_admitted	not_admitted	not_admitted	not_admitted	1	108;91411;92400;-;363.3	97;84225;85592;-;382.2	101;86850;87602;-;233.7	112;93857;96496;-;259.4	96;81376;84225;-;342.9	122;100458;101882;-;89.2	112;93857;96496;-;88.3	124;102609;103175;-;167.9	106;90488;91135;-;65.9	105;88474;90429;-;259.5	92;77282;79564;-;393.3	120;99262;99846;-;53.8	92;77282;79564;-;65.9	A	9/9	contiguous	25327	1	1	80843..81373-;176;unnamed;0
NZ_CP101548.1	MPF_F	IncFII(K);IncQ1;repB(R1701)	152	0	0	GA	0															not_admitted	not_admitted	not_admitted	not_admitted	not_admitted	not_admitted	not_admitted	not_admitted	not_admitted	not_admitted	1	133;102922;103911;+;366.6	143;109458;110825;+;384.0	139;107448;108200;+;233.7	129;98840;101479;+;258.5	144;110825;113674;+;346.4	122;94223;95647;+;89.2	129;98840;101479;+;88.2	120;92930;93496;+;169.3	134;103924;104562;+;66.9	135;104621;106576;+;259.7	148;116136;118448;+;393.1	123;95761;96345;+;53.6	148;116136;118448;+;66.6	A	9/9	contiguous	23206	1	1	113677..114210+;177;unnamed;0
NZ_CP101550.1	MPF_T	IncX3	68	0	0	GA	1	52;40312;40956;+;46.4	53;40940;41230;+;73.1	54;41255;44008;+;47.0	54;41255;44008;+;142.4	54;41255;44008;+;73.3	55;44018;44788;+;60.1	57;45067;46122;+;133.2		58;46317;47045;+;119.4	59;47051;47980;+;138.8	60;47977;49191;+;128.3	62;49387;50421;+;65.7	63;50424;52259;+;492.7		pfam	pfam_only	A	7/7	canonical	1	1	unscoreable	2	0	0														not_admitted	not_admitted	not_admitted	not_admitted	not_admitted	not_admitted	not_admitted
NZ_CP101555.1	MPF_F	IncFIB(K);IncFII(K)	190	0	0	GA	0															not_admitted	not_admitted	not_admitted	not_admitted	not_admitted	not_admitted	not_admitted	not_admitted	not_admitted	not_admitted	1	39;48252;49244;-;366.6	29;41431;42801;-;381.2	33;44003;44755;-;232.4	42;50270;52909;-;258.7	28;38582;41431;-;344.2	51;56724;58148;-;89.2	42;50270;52909;-;88.8	53;58875;59441;-;167.0	38;47601;48239;-;67.0	37;45598;47604;-;259.0	24;34459;36768;-;393.2	49;55543;56112;-;49.7	24;34459;36768;-;65.8	A	9/9	contiguous	24416	1	1	38049..38579-;176;unnamed;0
NZ_CP101558.1	MPF_F	IncFII(Yp);IncFII(pAR0022)	128	0	0	GA	0															not_admitted	not_admitted	not_admitted	not_admitted	not_admitted	not_admitted	not_admitted	not_admitted	not_admitted	not_admitted	1	105;88642;89634;+;370.3	113;94346;95716;+;377.3	109;92380;93129;+;218.1	102;85024;87654;+;285.5	114;95716;98580;+;334.5	96;81599;82993;+;90.9	102;85024;87654;+;98.6	94;80316;80882;+;170.1	106;89650;90279;+;66.1	107;90276;92129;+;259.5	116;100206;102398;+;385.2	97;83015;83554;+;66.8	116;100206;102398;+;63.9	A	9/9	contiguous	19890	1	1	99103..99834+;243;unnamed;1
NZ_CP101561.1	MPF_F	IncHI2;IncHI2A	361	0	0	GA	0															not_admitted	not_admitted	not_admitted	not_admitted	not_admitted	not_admitted	not_admitted	not_admitted	not_admitted	not_admitted	1	238;208271;209329;+;276.9	55;45359;46774;+;194.1	54;44323;45369;+;173.7	220;184951;187632;+;168.0	56;46783;50733;+;101.6	216;181266;182621;+;80.7	220;184951;187632;+;72.2	213;178754;179542;+;74.8	236;206618;208129;+;62.7	239;209348;212536;+;58.3	48;35198;37282;-;56.7	219;183992;184942;+;46.4	48;35198;37282;-;38.8	A	9/9	split_3	174150	0	1	
NZ_CP101562.1	MPF_F	IncFIB(K);IncFII(pKP91)	185	0	0	GA	0															not_admitted	not_admitted	not_admitted	not_admitted	not_admitted	not_admitted	not_admitted	not_admitted	not_admitted	not_admitted	1	78;67796;68785;-;363.3	68;60882;62249;-;384.6	72;63507;64259;-;233.7	82;70242;72881;-;258.5	67;58033;60882;-;345.5	91;76220;77644;-;89.3	82;70242;72881;-;84.2	93;78371;78937;-;167.0	77;67145;67783;-;66.0	76;65131;67086;-;260.6	63;53290;55572;-;393.2	89;75024;75608;-;54.6	63;53290;55572;-;65.9	A	9/9	contiguous	25081	1	1	57500..58030-;176;unnamed;0
NZ_CP101568.1	MPF_F	Col(pHAD28);IncFIB(K);IncFII(pKP91)	286	0	0	GA	0															not_admitted	not_admitted	not_admitted	not_admitted	not_admitted	not_admitted	not_admitted	not_admitted	not_admitted	not_admitted	1	0;1;990;+;363.3	11;6809;8176;+;382.2	7;4799;5551;+;233.7	283;254320;256959;+;259.4	12;8176;11025;+;342.9	273;248934;250358;+;89.2	283;254320;256959;+;88.3	271;247641;248207;+;167.9	2;1266;1913;+;65.9	3;1972;3927;+;259.5	16;12837;15119;+;393.3	275;250970;251554;+;53.8	16;12837;15119;+;65.9	A	9/9	split_2	254319	1	1	11028..11558+;176;unnamed;0
NZ_CP101594.1	MPF_T	-	63	0	0	GA	1	39;25759;26436;-;30.1			36;22493;25006;-;56.2	36;22493;25006;-;38.1	35;21829;22530;-;73.0	44;29871;30923;+;103.1		33;20801;21598;-;132.7	32;19993;20781;-;167.9	31;18768;20000;-;146.8	30;17635;18702;-;78.0	29;15597;17618;-;297.3		pfam	pfam_only	A	7/7	uncallable	0	0	unscoreable	7	0	0														not_admitted	not_admitted	not_admitted	not_admitted	not_admitted	not_admitted	not_admitted
NZ_CP101617.1	MPF_F	IncFII	77	0	0	GA	0															not_admitted	not_admitted	not_admitted	not_admitted	not_admitted	not_admitted	not_admitted	not_admitted	not_admitted	not_admitted	1		62;54930;56303;+;381.0	57;52567;53340;+;234.0	55;49769;52090;+;303.9	63;56300;59125;+;385.6	48;45064;46491;+;94.3	55;49769;52090;+;98.1	46;43783;44349;+;183.8			66;60629;62608;+;392.1	52;47619;48134;+;78.6	66;60629;62608;+;70.6	C	6/9	contiguous	16846	1	0	59122..59631+;169;unnamed;0
NZ_CP101641.1	MPF_T	-	67	0	0	GA	1				27;19504;21513;+;24.5									33;25547;27058;+;463.6		none	none	D	2/7	uncallable	0	0	unscoreable	5	0	0														not_admitted	not_admitted	not_admitted	not_admitted	not_admitted	not_admitted	not_admitted
NZ_CP101644.1	MPF_T	-	31	0	0	GA	1				12;7118;9133;+;24.7									18;13573;15126;+;462.3		none	none	D	2/7	uncallable	0	0	unscoreable	5	0	0														not_admitted	not_admitted	not_admitted	not_admitted	not_admitted	not_admitted	not_admitted
NZ_CP101667.1	MPF_F	IncFIB(AP001918);IncFIC(FII)	138	0	0	GA	0															not_admitted	not_admitted	not_admitted	not_admitted	not_admitted	not_admitted	not_admitted	not_admitted	not_admitted	not_admitted	1	25;21023;22015;+;369.3	33;26711;28084;+;380.7	29;24747;25490;+;232.7	22;17387;20014;+;303.5	34;28081;30903;+;380.3	18;14048;15475;+;94.3	22;17387;20014;+;100.3	16;12767;13333;+;183.8	26;22024;22662;+;68.3	27;22659;24467;+;268.3	37;32437;34626;+;391.8	21;16356;16871;+;78.0	37;32437;34626;+;70.4	A	9/9	contiguous	19670	1	1	30924..31421+;165;TraS;0
NZ_CP101696.1	-	-	252	0	0	GA	0															not_admitted	not_admitted	not_admitted	not_admitted	not_admitted	not_admitted	not_admitted	not_admitted	not_admitted	not_admitted	1	11;13487;14641;+;239.6	128;130537;131976;-;194.1	129;131973;133004;-;212.0	146;148104;150719;+;205.7	127;125981;130534;-;146.2	141;144077;145504;+;111.3	146;148104;150719;+;89.2	139;141923;142615;+;79.0	9;12014;13342;+;53.8	12;14802;19214;+;76.9	135;138405;140279;+;35.3	145;147437;148102;+;56.9	135;138405;140279;+;37.1	A	9/9	split_2	136090	1	1	124533..125819-;428;unnamed;0
NZ_CP101706.1	MPF_F	Col156;IncFIA;IncFIB(AP001918);IncFII;IncFII(Yp)	246	0	0	GA	0															not_admitted	not_admitted	not_admitted	not_admitted	not_admitted	not_admitted	not_admitted	not_admitted	not_admitted	not_admitted	1	108;88596;89591;+;354.9	113;93456;94820;+;329.9	111;92047;92823;+;197.9	105;84912;87503;+;216.7	114;94822;97719;+;286.0	98;81055;82416;+;80.8	105;84912;87503;+;85.3	96;79775;80338;+;134.6	109;89610;90224;+;81.2	110;90221;92050;+;251.6	117;99353;101563;+;360.6	104;84254;84901;+;46.4	117;99353;101563;+;65.3	A	9/9	contiguous	19578	1	1	97731..98291+;186;unnamed;0
NZ_CP101720.1	MPF_T	-	54	0	0	GA	1	9;8556;9467;+;40.8	53;39139;39516;+;72.3		0;37;2670;+;66.4	0;37;2670;+;82.5	1;2673;3335;+;70.3	4;3970;4836;+;148.6		5;4833;5507;+;92.1	6;5532;6314;+;199.4	7;6316;7536;+;174.4	8;7547;8569;+;112.9	24;20778;22352;-;70.0		pfam	both	A	7/7	canonical	1	0	unscoreable	2	0	0														not_admitted	not_admitted	not_admitted	not_admitted	not_admitted	not_admitted	not_admitted
NZ_CP101723.1	-	-	293	0	0	GA	0															not_admitted	not_admitted	not_admitted	not_admitted	not_admitted	not_admitted	not_admitted	not_admitted	not_admitted	not_admitted	1	6;5671;6684;-;401.4	0;139;1374;-;307.6	2;1604;2521;-;229.9	12;9242;11782;-;418.0	292;272723;275887;-;302.1	15;13441;14769;-;100.7	12;9242;11782;-;95.5	17;15575;16159;-;189.6	5;4916;5659;-;118.4	4;2928;4913;-;284.8	96;81729;84209;+;493.1		96;81729;84209;+;50.2	B	8/9	split_3	272584	0	1	
NZ_CP101727.1	MPF_F	IncFII(pHN7A8);IncR	184	0	0	GA	0															not_admitted	not_admitted	not_admitted	not_admitted	not_admitted	not_admitted	not_admitted	not_admitted	not_admitted	not_admitted	1	122;95036;96028;+;369.5	135;102861;104234;+;376.8	130;100552;101295;+;234.4	119;91400;94027;+;301.8	136;104231;107047;+;376.7	114;87918;89345;+;94.1	119;91400;94027;+;101.8	112;86637;87203;+;183.8	125;96974;97612;+;70.4	128;98425;100275;+;265.0	140;109348;111573;+;391.7	118;90369;90884;+;77.6	140;109348;111573;+;70.3	A	9/9	contiguous	22711	1	1	107080..107601+;173;unnamed;0
NZ_CP101728.1	MPF_F	IncFIA;IncFIB(AP001918);IncFIC(FII)	171	0	0	GA	0															not_admitted	not_admitted	not_admitted	not_admitted	not_admitted	not_admitted	not_admitted	not_admitted	not_admitted	not_admitted	1	99;109365;110357;-;369.3	88;102306;103679;-;378.0	95;105893;106636;-;234.5	102;111366;113993;-;305.4	87;99487;102309;-;389.5	108;116048;117475;-;94.3	102;111366;113993;-;98.5	110;118190;118756;-;182.9	98;108718;109356;-;68.4	97;106913;108721;-;268.4	84;95805;97958;-;391.9	104;114509;115024;-;78.4	84;95805;97958;-;70.4	A	9/9	contiguous	22385	1	1	98974..99465-;163;TraS;0
NZ_CP101742.1	MPF_F	IncFIB(AP001918);IncFIC(FII)	198	0	0	GA	0															not_admitted	not_admitted	not_admitted	not_admitted	not_admitted	not_admitted	not_admitted	not_admitted	not_admitted	not_admitted	1	120;120478;121470;+;369.3	131;127116;128489;+;380.9	124;124199;124942;+;235.0	117;116842;119469;+;305.4	132;128486;131311;+;385.2	112;113360;114787;+;94.3	117;116842;119469;+;98.5	110;112079;112645;+;184.4	121;121479;122117;+;68.4	122;122114;123922;+;268.0	135;132815;134968;+;390.5	116;115811;116326;+;78.0	135;132815;134968;+;69.2	A	9/9	contiguous	20736	1	1	131308..131817+;169;unnamed;0
NZ_CP101744.1	-	-	264	0	0	GA	0															not_admitted	not_admitted	not_admitted	not_admitted	not_admitted	not_admitted	not_admitted	not_admitted	not_admitted	not_admitted	1	152;144204;144818;+;241.2	247;251350;252747;+;311.5	246;250301;251341;+;197.6	147;138649;141099;+;289.4	248;252753;256196;+;305.1	143;135299;136648;+;132.0	147;138649;141099;+;121.1	141;133622;134311;+;86.0	150;141891;143126;+;65.6	153;144827;147520;+;141.2	137;130061;131929;+;38.3	144;136698;137354;+;88.5	137;130061;131929;+;49.5	A	9/9	split_2	122692	0	1	
NZ_CP101780.1	MPF_T	IncX3	68	0	0	GA	1	20;12461;13105;+;46.4	21;13089;13379;+;73.1	22;13404;16157;+;47.0	22;13404;16157;+;142.4	22;13404;16157;+;73.3	23;16167;16937;+;60.1	25;17216;18271;+;133.2		26;18466;19194;+;119.4	27;19200;20129;+;138.8	28;20126;21340;+;128.3	30;21536;22570;+;65.7	31;22573;24408;+;495.9		pfam	pfam_only	A	7/7	canonical	1	1	unscoreable	2	0	0														not_admitted	not_admitted	not_admitted	not_admitted	not_admitted	not_admitted	not_admitted
NZ_CP101793.1	MPF_T	IncI2(Delta)	74	0	0	GA	1	65;47156;47638;+;81.1		50;31246;31530;+;36.6	51;31536;33893;+;58.5	51;31536;33893;+;44.9	41;25995;26636;+;42.9	40;24994;25989;+;128.7		53;34059;34793;+;144.3	54;34790;35560;+;170.5	55;35550;36689;+;154.7	62;43850;45388;+;207.1	57;37803;39761;+;288.2		pfam	pfam_only	A	7/7	rearranged	1	0	unscoreable	14	1	0														not_admitted	not_admitted	not_admitted	not_admitted	not_admitted	not_admitted	not_admitted
NZ_CP101795.1	MPF_F	IncFII(K);repB(R1701)	120	0	0	GA	0															not_admitted	not_admitted	not_admitted	not_admitted	not_admitted	not_admitted	not_admitted	not_admitted	not_admitted	not_admitted	1	101;72973;73962;+;366.6	111;79509;80876;+;384.0	107;77499;78251;+;233.7	97;68891;71530;+;258.5	112;80876;83725;+;346.4	90;64274;65698;+;89.2	97;68891;71530;+;88.2	88;62981;63547;+;169.3	102;73975;74613;+;66.9	103;74672;76627;+;259.7	116;86187;88499;+;393.1	91;65812;66396;+;53.6	116;86187;88499;+;66.6	A	9/9	contiguous	23206	1	1	83728..84261+;177;unnamed;0
NZ_CP101826.1	MPF_T	-	264	0	0	GA	1				59;58302;60509;+;21.3											none	none	D	1/7	uncallable	0	0	unscoreable	0	0	0														not_admitted	not_admitted	not_admitted	not_admitted	not_admitted	not_admitted	not_admitted
NZ_CP101830.1	-	-	496	0	0	GA	1		259;272433;272804;+;70.1	260;272797;273096;+;55.2	261;273106;275565;+;158.0	261;273106;275565;+;123.3	262;275534;276331;+;55.8	264;276522;277688;+;106.0		265;277697;278359;+;129.9	266;278375;279205;+;176.5	268;279666;280982;+;227.2	164;167512;168924;+;221.2	236;252082;254001;+;496.4		conjscan	conjscan_only	A	7/7	canonical	1	0	unscoreable	3	0	0														not_admitted	not_admitted	not_admitted	not_admitted	not_admitted	not_admitted	not_admitted
NZ_CP101836.1	MPF_F	IncFIB(K);IncFII(K)	227	0	0	GA	0															not_admitted	not_admitted	not_admitted	not_admitted	not_admitted	not_admitted	not_admitted	not_admitted	not_admitted	not_admitted	1	181;179882;180871;-;363.3	170;172696;174063;-;382.2	174;175321;176073;-;236.4	185;182328;184967;-;259.0	169;169853;172696;-;342.9	196;188934;190358;-;88.8	185;182328;184967;-;87.6	198;191085;191651;-;167.9	179;178959;179606;-;65.9	178;176945;178900;-;259.5	165;164956;167268;-;392.8	193;187738;188322;-;53.8	165;164956;167268;-;65.9	A	9/9	contiguous	26129	1	1	169318..169842-;174;unnamed;0
NZ_CP101837.1	MPF_T	IncX3	58	0	0	GA	1	53;42559;43203;-;46.4	52;42285;42575;-;73.1	51;39507;42260;-;47.0	51;39507;42260;-;142.4	51;39507;42260;-;73.3	50;38727;39497;-;60.1	48;37393;38448;-;133.2		47;36470;37198;-;119.4	46;35535;36464;-;136.2	45;34324;35538;-;128.3	43;33094;34128;-;65.7	42;31256;33091;-;495.9		pfam	pfam_only	A	7/7	canonical	1	1	unscoreable	2	0	0														not_admitted	not_admitted	not_admitted	not_admitted	not_admitted	not_admitted	not_admitted
NZ_CP101855.1	MPF_F	IncHI2;IncHI2A;IncQ1	317	0	0	GA	0															not_admitted	not_admitted	not_admitted	not_admitted	not_admitted	not_admitted	not_admitted	not_admitted	not_admitted	not_admitted	1	29;32275;33333;+;276.9	229;209661;211076;-;194.1	230;211066;212112;-;173.7	11;8955;11636;+;168.0	228;205702;209652;-;101.6	7;5270;6625;+;80.7	11;8955;11636;+;72.2	4;2758;3546;+;74.8	27;30622;32133;+;62.7	30;33352;36540;+;58.3	236;219153;221237;+;56.7	10;7996;8946;+;46.4	236;219153;221237;+;38.8	A	9/9	split_3	216395	0	1	
NZ_CP101857.1	MPF_F	IncC	188	0	0	GA	0															not_admitted	not_admitted	not_admitted	not_admitted	not_admitted	not_admitted	not_admitted	not_admitted	not_admitted	not_admitted	1	95;73949;74956;+;332.9	175;139251;140684;+;339.2	174;138221;139249;+;221.7	90;68750;71197;+;354.2	176;140697;144311;+;375.3	81;55439;56755;+;135.0	90;68750;71197;+;128.6	79;53915;54541;+;92.1	93;72019;73284;+;67.6	96;75072;77867;+;145.3	70;48240;50105;+;47.4	82;56752;57330;+;100.2	70;48240;50105;+;52.0	A	9/9	split_2	92457	0	1	
NZ_CP101860.1	MPF_T	IncI2	97	0	0	GA	1	58;59082;59564;-;81.1		73;75148;75432;-;36.6	72;72785;75142;-;58.5	72;72785;75142;-;42.8	85;80885;81526;-;42.8	86;81532;82527;-;128.5		70;71885;72619;-;145.0	69;71118;71888;-;170.5	68;69989;71128;-;154.7	61;61332;62870;-;207.1	66;66941;68899;-;289.6		pfam	pfam_only	A	7/7	rearranged	1	0	unscoreable	17	1	0														not_admitted	not_admitted	not_admitted	not_admitted	not_admitted	not_admitted	not_admitted
NZ_CP101861.1	MPF_T	IncX4	40	0	0	GA	1	33;25863;26483;+;41.6	34;26497;26823;+;64.4	35;26842;29589;+;63.8	35;26842;29589;+;151.8	35;26842;29589;+;46.1	36;29601;30317;+;94.2	37;30329;31423;+;150.1		39;31938;32624;+;169.0		0;213;1331;+;163.9	1;1333;2361;+;85.0	2;2393;4210;+;314.8		pfam	pfam_only	B	6/7	canonical	1	1	unscoreable	1	0	0														not_admitted	not_admitted	not_admitted	not_admitted	not_admitted	not_admitted	not_admitted
NZ_CP101867.1	MPF_F	IncFIB(AP001918);IncFIC(FII)	133	0	0	GA	0															not_admitted	not_admitted	not_admitted	not_admitted	not_admitted	not_admitted	not_admitted	not_admitted	not_admitted	not_admitted	1	114;84664;85656;+;369.3	122;90352;91725;+;380.7	118;88388;89131;+;232.7	111;81028;83655;+;303.5	123;91722;94544;+;380.3	107;77689;79116;+;94.3	111;81028;83655;+;100.3	105;76408;76974;+;183.8	115;85665;86303;+;68.3	116;86300;88108;+;268.3	126;96078;98267;+;391.8	110;79997;80512;+;78.0	126;96078;98267;+;70.4	A	9/9	contiguous	19670	1	1	94565..95062+;165;TraS;0
NZ_CP101868.1	MPF_T	IncX3	61	0	0	GA	1	41;35938;36582;-;46.4	40;35664;35954;-;73.1	39;32886;35639;-;47.0	39;32886;35639;-;142.4	39;32886;35639;-;73.3	38;32106;32876;-;60.1	36;30772;31827;-;133.2		35;29849;30577;-;119.4	34;28914;29843;-;138.8	33;27703;28917;-;128.3	31;26473;27507;-;65.7	30;24635;26470;-;495.9		pfam	pfam_only	A	7/7	canonical	1	1	unscoreable	2	0	0														not_admitted	not_admitted	not_admitted	not_admitted	not_admitted	not_admitted	not_admitted
NZ_CP101878.1	MPF_F	IncFIA;IncFIB(AP001918);IncFII	130	0	0	GA	0															not_admitted	not_admitted	not_admitted	not_admitted	not_admitted	not_admitted	not_admitted	not_admitted	not_admitted	not_admitted	1				54;43340;45967;-;303.5			54;43340;45967;-;99.0	60;48117;48683;-;182.9			54;43340;45967;-;22.1	55;46483;46998;-;76.7		D	3/9	contiguous	4777	0	0	
NZ_CP101879.1	MPF_F	IncFIB(pQil);IncFII(K)	101	0	0	GA	0															not_admitted	not_admitted	not_admitted	not_admitted	not_admitted	not_admitted	not_admitted	not_admitted	not_admitted	not_admitted	1	47;47064;48053;-;366.0	37;40150;41517;-;381.2	41;42775;43527;-;233.7	51;49496;52135;-;258.5	36;37301;40150;-;345.6	59;55392;56816;-;88.8	51;49496;52135;-;88.7	61;57543;58109;-;169.3	46;46413;47051;-;66.9	45;44399;46354;-;259.7	32;32503;34815;-;392.7	58;54694;55278;-;55.4	32;32503;34815;-;66.5	A	9/9	contiguous	25040	1	1	36740..37288-;182;unnamed;0
NZ_CP101880.1	MPF_F	IncFII(pSE11)	90	0	0	GA	0															not_admitted	not_admitted	not_admitted	not_admitted	not_admitted	not_admitted	not_admitted	not_admitted	not_admitted	not_admitted	1	62;41766;42758;+;369.5	74;48812;50185;+;381.7	67;45864;46607;+;234.4	59;38127;40757;+;297.8	75;50182;53007;+;374.0	52;33658;35085;+;93.9	59;38127;40757;+;98.7	50;32377;32943;+;174.3	64;43102;43740;+;68.5	65;43737;45587;+;266.1	79;55249;57492;+;391.7	55;35969;36484;+;78.4	79;55249;57492;+;70.3	A	9/9	contiguous	22872	1	1	53004..53513+;169;unnamed;0
NZ_CP101893.1	MPF_F	IncFII	92	0	0	GA	0															not_admitted	not_admitted	not_admitted	not_admitted	not_admitted	not_admitted	not_admitted	not_admitted	not_admitted	not_admitted	1	66;53350;54342;+;369.5	76;60121;61494;+;381.7	71;57448;58191;+;234.4	63;49711;52341;+;304.1	77;61491;64313;+;374.0	56;45261;46712;+;94.2	63;49711;52341;+;97.1	54;43980;44546;+;174.3	68;54686;55324;+;68.6	69;55321;57171;+;266.1	81;66585;68774;+;391.2	59;47572;48087;+;78.4	81;66585;68774;+;70.3	A	9/9	contiguous	22605	1	1	64335..64814+;159;TraS;0
NZ_CP101898.1	MPF_F	IncFIB(K);IncFII(K);IncFII(pAR0022)	192	0	0	GA	0															not_admitted	not_admitted	not_admitted	not_admitted	not_admitted	not_admitted	not_admitted	not_admitted	not_admitted	not_admitted	1	136;136869;137858;-;366.6	126;129955;131322;-;384.1	130;132580;133332;-;233.7	140;139315;141954;-;258.5	125;127133;129955;-;346.4	150;145858;147282;-;89.2	140;139315;141954;-;88.7	152;148009;148575;-;169.3	135;136218;136856;-;66.9	134;134204;136159;-;259.4	121;122206;124515;-;393.1	148;144662;145246;-;53.8	121;122206;124515;-;66.6	A	9/9	contiguous	25803	1	1	126508..127110-;200;TraS;0
NZ_CP101899.1	MPF_F	IncFII	92	0	0	GA	0															not_admitted	not_admitted	not_admitted	not_admitted	not_admitted	not_admitted	not_admitted	not_admitted	not_admitted	not_admitted	1	32;32953;33945;-;369.5	22;25801;27174;-;381.7	27;29104;29847;-;234.4	35;34954;37584;-;304.1	21;22982;25804;-;374.0	42;40583;42034;-;94.2	35;34954;37584;-;97.1	44;42749;43315;-;174.3	30;31971;32609;-;68.6	29;30124;31974;-;266.1	17;18530;20710;-;391.2	39;39208;39723;-;78.4	17;18530;20710;-;70.3	A	9/9	contiguous	24219	1	1	22481..22960-;159;TraS;0
NZ_CP101908.1	MPF_F	IncC	186	0	0	GA	0															not_admitted	not_admitted	not_admitted	not_admitted	not_admitted	not_admitted	not_admitted	not_admitted	not_admitted	not_admitted	1	96;73950;74957;+;332.9	175;141302;142735;+;339.2	174;140272;141300;+;221.7	91;68751;71198;+;354.2	176;142748;146362;+;375.3	81;55439;56755;+;135.0	91;68751;71198;+;128.6	79;53915;54541;+;92.1	94;72020;73285;+;67.6	97;75073;77868;+;145.3	70;48240;50105;+;47.4	82;56752;57330;+;100.2	70;48240;50105;+;52.0	A	9/9	split_2	94508	0	1	
NZ_CP101916.1	MPF_T	IncFII(pHN7A8);IncN;IncR;IncX1	156	0	0	GA	1	66;52262;52906;+;47.1	67;52890;53180;+;73.5	68;53204;55963;+;44.8	68;53204;55963;+;133.3	68;53204;55963;+;71.9	69;55965;56702;+;57.5	71;56984;58039;+;131.7		72;58229;58951;+;116.0	73;58957;59886;+;132.4	74;59883;61097;+;128.6	75;61115;62152;+;66.4	76;62157;63992;+;543.4		pfam	pfam_only	A	7/7	canonical	1	1	unscoreable	1	0	0														not_admitted	not_admitted	not_admitted	not_admitted	not_admitted	not_admitted	not_admitted
NZ_CP101941.1	MPF_F	IncC	186	0	0	GA	0															not_admitted	not_admitted	not_admitted	not_admitted	not_admitted	not_admitted	not_admitted	not_admitted	not_admitted	not_admitted	1	96;73950;74957;+;332.9	175;141302;142735;+;339.2	174;140272;141300;+;221.7	91;68751;71198;+;354.2	176;142748;146362;+;375.3	81;55439;56755;+;135.0	91;68751;71198;+;128.6	79;53915;54541;+;92.1	94;72020;73285;+;67.6	97;75073;77868;+;145.3	70;48240;50105;+;47.4	82;56752;57330;+;100.2	70;48240;50105;+;52.0	A	9/9	split_2	94508	0	1	
NZ_CP102062.1	MPF_F	IncFIB(AP001918);IncFII	163	0	0	GA	0															not_admitted	not_admitted	not_admitted	not_admitted	not_admitted	not_admitted	not_admitted	not_admitted	not_admitted	not_admitted	1	109;110988;111590;-;209.7	94;101203;102576;-;378.4	100;104504;105247;-;234.4	112;112599;115226;-;300.9	93;98384;101206;-;389.0	119;117379;118806;-;93.9	112;112599;115226;-;101.1	121;119521;120087;-;182.7	103;107100;107714;-;70.6	102;105524;107044;-;267.7	90;94643;96850;-;391.7	115;115742;116257;-;76.0	90;94643;96850;-;70.3	A	9/9	contiguous	24878	1	1	97883..98362-;159;TraS;0
NZ_CP102063.1	MPF_T	IncN2	52	0	0	GA	1	44;37278;38060;-;33.2	42;36735;37031;-;36.0	41;36378;36695;-;71.9	40;33804;36377;-;118.0	40;33804;36377;-;74.2	39;33087;33788;-;98.9	37;31781;32818;-;121.9		36;30867;31562;-;127.6	35;29969;30856;-;142.7	34;28830;29969;-;172.5	33;27778;28779;-;90.1	18;12141;13673;+;46.3		pfam	both	A	7/7	canonical	1	0	unscoreable	2	0	0														not_admitted	not_admitted	not_admitted	not_admitted	not_admitted	not_admitted	not_admitted
NZ_CP102078.1	MPF_F	IncFIB(pNDM-Mar);IncHI1B(pNDM-MAR);IncR	317	0	0	GA	0															not_admitted	not_admitted	not_admitted	not_admitted	not_admitted	not_admitted	not_admitted	not_admitted	not_admitted	not_admitted	1	248;223072;224109;-;282.3	78;58114;59523;+;190.4	77;57087;58124;+;175.6	260;234941;237658;-;149.6	79;59525;63439;+;120.2	157;134535;135791;-;206.8	260;234941;237658;-;85.2	267;242787;243647;-;79.0	249;224106;225467;-;69.9	247;219880;223062;-;60.1	70;47762;49888;-;57.7	261;237703;238440;-;56.9	70;47762;49888;-;41.0	A	9/9	split_3	195025	0	1	
NZ_CP102079.1	MPF_F	IncFIA(HI1);IncFII(K)	157	0	0	GA	0															not_admitted	not_admitted	not_admitted	not_admitted	not_admitted	not_admitted	not_admitted	not_admitted	not_admitted	not_admitted	1	99;82017;83006;+;366.6	109;88528;89895;+;384.3	105;86514;87266;+;235.6	95;77935;80574;+;258.5	110;89895;92744;+;346.4	88;73318;74742;+;89.2	95;77935;80574;+;88.2	86;72025;72591;+;169.3	100;83019;83657;+;67.0	101;83716;85671;+;259.7	114;95206;97518;+;393.2	89;74856;75440;+;53.6	114;95206;97518;+;65.8	A	9/9	contiguous	23181	1	1	92747..93277+;176;unnamed;0
NZ_CP102080.1	MPF_T	ColKP3;IncX3	65	0	0	GA	1	52;45026;45670;-;46.4	51;44752;45042;-;73.1	50;41974;44727;-;47.0	50;41974;44727;-;142.4	50;41974;44727;-;73.3	49;41194;41964;-;60.1	47;39860;40915;-;132.8		46;38937;39665;-;119.4	45;38002;38931;-;138.8	44;36791;38005;-;128.3	42;35561;36595;-;65.7	41;33723;35558;-;495.9		pfam	pfam_only	A	7/7	canonical	1	1	unscoreable	2	0	0														not_admitted	not_admitted	not_admitted	not_admitted	not_admitted	not_admitted	not_admitted
NZ_CP102104.1	-	pKPC-CAV1321	406	0	0	GA	0															not_admitted	not_admitted	not_admitted	not_admitted	not_admitted	not_admitted	not_admitted	not_admitted	not_admitted	not_admitted	1	127;108142;109209;+;276.8	147;125122;126561;+;253.3	146;124025;125125;+;197.1	123;103548;106034;+;224.0	148;126576;130019;+;242.3	119;98912;100309;+;109.8	123;103548;106034;+;120.6	117;97005;97631;+;86.7	126;106832;108145;+;40.5	150;130456;133113;+;138.1	111;92481;94451;+;22.1	120;100306;100872;+;72.5	111;92481;94451;+;33.6	A	9/9	contiguous	37975	0	1	
NZ_CP102106.1	MPF_F	IncFIA(pBK30683);IncFII(Yp)	149	0	0	GA	0															not_admitted	not_admitted	not_admitted	not_admitted	not_admitted	not_admitted	not_admitted	not_admitted	not_admitted	not_admitted	1	81;91456;92448;-;372.3	71;84453;85823;-;383.1	74;86592;87344;-;222.2	84;93471;96110;-;258.9	70;81598;84453;-;333.3	91;99220;100641;-;88.0	84;93471;96110;-;88.4	93;101362;101928;-;161.7	80;90817;91443;-;68.3	79;88865;90820;-;254.7	67;77535;79853;-;390.7	89;98039;98608;-;55.7	67;77535;79853;-;66.8	A	9/9	contiguous	23827	1	1	80910..81581-;223;unnamed;0
NZ_CP102107.1	MPF_T	IncN3	60	0	0	GA	1	32;19829;20611;+;33.3	34;20858;21154;+;36.0	35;21194;21511;+;71.9	36;21512;24085;+;118.0	36;21512;24085;+;74.2	37;24101;24802;+;98.9	39;25071;26108;+;121.9	40;26185;26316;+;40.1	41;26327;27022;+;132.6	42;27033;27920;+;147.8	43;27920;29053;+;166.3	44;29104;30105;+;90.1	59;46731;47249;-;48.3		pfam	both	A	7/7	canonical	1	0	ga	2	0	0														not_admitted	not_admitted	not_admitted	not_admitted	not_admitted	not_admitted	not_admitted
NZ_CP102199.1	MPF_F	IncHI2;IncHI2A	331	0	0	GA	0															not_admitted	not_admitted	not_admitted	not_admitted	not_admitted	not_admitted	not_admitted	not_admitted	not_admitted	not_admitted	1	29;32275;33333;+;276.9	243;229681;231096;-;194.1	244;231086;232132;-;173.7	11;8955;11636;+;168.0	242;225722;229672;-;101.6	7;5270;6625;+;80.7	11;8955;11636;+;72.2	4;2758;3546;+;74.8	27;30622;32133;+;62.7	30;33352;36540;+;58.3	250;239173;241257;+;56.7	10;7996;8946;+;46.4	250;239173;241257;+;38.8	A	9/9	split_3	236415	0	1	
NZ_CP102245.1	MPF_F	IncFIB(AP001918)	166	0	0	GA	0															not_admitted	not_admitted	not_admitted	not_admitted	not_admitted	not_admitted	not_admitted	not_admitted	not_admitted	not_admitted	1	121;132221;133213;-;369.3	110;125163;126536;-;376.3	117;128749;129492;-;235.0	124;134222;136849;-;303.3	109;122344;125166;-;389.5	131;139008;140435;-;94.3	124;134222;136849;-;98.9	133;141150;141716;-;183.8	120;131574;132212;-;68.4	119;129769;131577;-;266.7	106;118663;120816;-;390.6	127;137365;137880;-;77.0	106;118663;120816;-;69.2	A	9/9	contiguous	22487	1	1	121831..122322-;163;TraS;0
NZ_CP102295.1	MPF_F	IncHI2;IncHI2A	265	0	0	GA	0															not_admitted	not_admitted	not_admitted	not_admitted	not_admitted	not_admitted	not_admitted	not_admitted	not_admitted	not_admitted	1	155;142067;143125;+;276.9	43;36245;37660;-;194.1	44;37650;38696;-;174.3	139;119814;122495;+;168.0	42;32283;36236;-;101.7	135;116129;117484;+;80.7	139;119814;122495;+;72.2	132;113617;114405;+;74.8	153;140414;141925;+;62.0	156;143144;146332;+;57.3	52;47184;49268;+;56.8	138;118855;119805;+;46.1	52;47184;49268;+;38.8	A	9/9	split_3	110861	1	1	30813..32102-;429;unnamed;0
NZ_CP102375.1	MPF_F	IncHI2;IncHI2A	372	0	0	GA	0															not_admitted	not_admitted	not_admitted	not_admitted	not_admitted	not_admitted	not_admitted	not_admitted	not_admitted	not_admitted	1	248;230696;231754;+;276.9	95;87593;89008;-;194.1	96;88998;90044;-;173.7	230;207376;210057;+;168.0	94;83634;87584;-;102.2	226;203691;205046;+;80.7	230;207376;210057;+;72.2	223;201179;201967;+;74.8	246;229043;230554;+;62.7	249;231773;234961;+;58.3	102;97085;99169;+;56.7	229;206417;207367;+;46.4	102;97085;99169;+;38.8	A	9/9	split_3	148139	0	1	
NZ_CP102385.1	-	-	184	0	0	GA	0															not_admitted	not_admitted	not_admitted	not_admitted	not_admitted	not_admitted	not_admitted	not_admitted	not_admitted	not_admitted	1	165;182293;183357;-;382.9	161;176052;177500;-;337.3	162;177500;178360;-;235.9	170;185508;188084;-;433.8	160;172806;176027;-;366.9	174;189805;191136;-;98.7	170;185508;188084;-;106.4	176;191942;192541;-;184.6	164;181538;182308;-;115.6	163;178365;181541;-;224.8	142;152251;154638;+;460.7		142;152251;154638;+;74.7	B	8/9	split_2	39691	0	1	
NZ_CP102386.1	MPF_F	-	239	0	0	GA	0															not_admitted	not_admitted	not_admitted	not_admitted	not_admitted	not_admitted	not_admitted	not_admitted	not_admitted	not_admitted	1	216;204632;205654;+;392.1	220;209256;210722;+;366.4	219;208255;209256;+;239.0	210;199599;202190;+;467.0	221;210751;213543;+;360.3	207;196436;197761;+;105.1	210;199599;202190;+;100.4	205;195059;195625;+;207.7	217;205666;206412;+;113.5	218;206409;208274;+;291.7	58;60924;63233;-;551.5	209;198617;199597;+;28.4	58;60924;63233;-;59.7	A	9/9	split_2	149827	0	1	
NZ_CP102388.1	-	-	95	0	0	GA	1	4;1514;2626;-;22.9	14;12178;12558;-;48.4	13;11827;12159;-;46.2	12;9251;11830;-;98.9	12;9251;11830;-;109.8	7;4607;5362;-;54.2	5;2629;4344;-;111.3		11;8545;9264;-;143.3	10;7544;8527;-;171.6	8;5388;6755;-;205.6	15;12572;13537;-;127.4	62;55603;57495;-;449.1		conjscan	conjscan_only	A	7/7	canonical	1	0	unscoreable	3	0	0														not_admitted	not_admitted	not_admitted	not_admitted	not_admitted	not_admitted	not_admitted
NZ_CP102413.1	-	-	59	0	0	GA	1	52;45757;46902;+;75.2	48;42587;42877;+;74.3	49;42890;43168;+;77.7	50;43158;45521;+;104.8	50;43158;45521;+;46.0	53;46902;47744;+;62.3	0;168;1253;+;124.6		54;47760;48413;+;150.6	55;48415;49113;+;179.2	56;49110;50447;+;174.4	57;50448;51434;+;104.5	2;1697;3793;-;288.4		pfam	both	A	7/7	rearranged	1	0	unscoreable	2	0	0														not_admitted	not_admitted	not_admitted	not_admitted	not_admitted	not_admitted	not_admitted
NZ_CP102429.1	-	-	274	0	0	GA	0															not_admitted	not_admitted	not_admitted	not_admitted	not_admitted	not_admitted	not_admitted	not_admitted	not_admitted	not_admitted	1	174;155050;156096;+;314.2	230;202914;204344;+;275.4	229;201869;202930;+;230.6	169;150026;152428;+;248.4	231;204344;207430;+;297.3	164;139967;141328;+;126.3	169;150026;152428;+;145.1	162;138132;138770;+;78.8	172;153227;154363;+;46.7	175;156105;159470;+;126.6	157;133955;135820;+;53.0	165;141423;141935;+;74.5	157;133955;135820;+;57.6	A	9/9	split_2	70389	0	1	
NZ_CP102430.1	MPF_T	-	111	0	0	GA	1	9;6656;7600;+;28.7	54;46403;46864;+;63.9		55;47149;49833;+;69.4	55;47149;49833;+;72.3	1;677;1369;+;78.8	4;1995;2858;+;129.5		5;2858;3523;+;60.5	6;3551;4336;+;174.7	7;4339;5634;+;157.3	8;5644;6672;+;92.7	17;15265;16818;-;57.2		pfam	both	A	7/7	rearranged	1	0	unscoreable	18	0	0														not_admitted	not_admitted	not_admitted	not_admitted	not_admitted	not_admitted	not_admitted
NZ_CP102440.1	-	IncFIA(HI1);IncFII(K);IncFII(pAR0022)	82	0	0	GA	0															not_admitted	not_admitted	not_admitted	not_admitted	not_admitted	not_admitted	not_admitted	not_admitted	not_admitted	not_admitted	1	47;35567;36565;+;370.9	52;40294;41658;+;350.2	50;38928;39698;+;203.1	44;31908;34529;+;218.4	53;41661;44531;+;243.4	41;29617;30948;+;86.0	44;31908;34529;+;92.2	39;28336;28911;+;87.7	48;36535;36963;+;64.0	49;36991;38928;+;231.2	55;45234;47366;+;376.5	43;31369;31899;+;34.9	55;45234;47366;+;67.6	A	9/9	contiguous	16898	1	1	44540..45103+;187;unnamed;0
NZ_CP102461.1	-	-	165	0	0	GA	1	127;107005;107700;+;41.3	102;82579;83010;+;46.9	103;83023;83358;+;33.4	104;83369;85960;+;70.0	104;83369;85960;+;99.1	107;86833;87591;+;34.3	109;87817;89748;+;105.1		110;89776;90510;+;91.1	111;90544;91446;+;147.6	112;91449;92888;+;198.7	92;71456;72997;+;196.2	124;103677;106202;+;305.1		conjscan	conjscan_only	A	7/7	canonical	1	0	unscoreable	13	0	0														not_admitted	not_admitted	not_admitted	not_admitted	not_admitted	not_admitted	not_admitted
NZ_CP102465.1	MPF_F	-	272	0	0	GA	0															not_admitted	not_admitted	not_admitted	not_admitted	not_admitted	not_admitted	not_admitted	not_admitted	not_admitted	not_admitted	1	24;16475;17506;+;368.4	32;22799;24244;+;321.9	31;21990;22799;+;214.4	17;11155;13749;+;232.9	33;24247;28182;+;228.0	9;5872;7194;+;95.8	17;11155;13749;+;81.1	7;4525;5136;+;108.2	25;17503;18291;+;89.9	27;19574;20854;+;150.6	269;234911;236977;+;419.4	16;10460;11140;+;50.9	269;234911;236977;+;70.0	A	9/9	split_2	230386	0	1	
NZ_CP102466.1	-	-	90	0	0	GA	1	59;43822;44376;+;76.3		78;59879;60328;+;33.2	79;60381;62792;+;94.4	79;60381;62792;+;48.5	81;63258;63929;+;127.5	82;63959;64897;+;135.7		85;65428;66336;+;123.4	86;66336;67205;+;156.2	87;67198;68496;+;169.1	65;49289;50980;+;121.3	2;1135;3354;+;311.7		pfam	both	A	7/7	canonical	1	0	unscoreable	18	0	0														not_admitted	not_admitted	not_admitted	not_admitted	not_admitted	not_admitted	not_admitted
NZ_CP102478.1	MPF_F	-	106	0	0	GA	0															not_admitted	not_admitted	not_admitted	not_admitted	not_admitted	not_admitted	not_admitted	not_admitted	not_admitted	not_admitted	1	44;47470;48480;-;389.2	32;37850;39304;-;347.2	36;41309;42142;-;222.8	55;53892;56498;-;217.4	31;34802;37840;-;212.1	58;57947;59200;-;101.5	55;53892;56498;-;97.5	62;60975;61565;-;114.8	43;46772;47473;-;103.3	40;43101;45173;-;165.7	77;73624;75543;-;385.5	56;56501;57163;-;51.6	77;73624;75543;-;79.0	A	9/9	contiguous	38822	0	1	
NZ_CP102489.1	MPF_F	IncFIA;IncFIB(AP001918);IncFII	108	0	0	GA	0															not_admitted	not_admitted	not_admitted	not_admitted	not_admitted	not_admitted	not_admitted	not_admitted	not_admitted	not_admitted	1	84;89579;90571;+;369.3	95;96252;97625;+;373.7	88;93300;94043;+;233.7	81;85943;88570;+;306.8	96;97622;100444;+;385.8	73;81148;82575;+;94.3	81;85943;88570;+;98.5	71;79867;80433;+;184.5	85;90580;91218;+;68.6	86;91215;93023;+;266.9	99;101973;104207;+;391.3	77;83599;84114;+;76.8	99;101973;104207;+;70.3	A	9/9	contiguous	22106	1	1	100466..100957+;163;TraS;0
NZ_CP102491.1	MPF_F	IncFII(pKP91);IncR	181	0	0	GA	0															not_admitted	not_admitted	not_admitted	not_admitted	not_admitted	not_admitted	not_admitted	not_admitted	not_admitted	not_admitted	1	156;131850;132842;+;366.6	166;138359;139726;+;379.8	162;136350;137102;+;232.2	153;128185;130824;+;259.3	167;139726;142548;+;346.6	143;122941;124365;+;88.4	153;128185;130824;+;88.8	141;121648;122214;+;167.0	157;132855;133493;+;67.0	158;133552;135507;+;258.5	171;144517;146826;+;391.8	145;124995;125552;+;52.7	171;144517;146826;+;66.6	A	9/9	contiguous	22869	1	1	142572..143174+;200;TraS;0
NZ_CP102501.1	MPF_F	IncHI1A(NDM-CIT);IncHI1B(pNDM-CIT);IncQ1;IncU	201	0	0	GA	0															not_admitted	not_admitted	not_admitted	not_admitted	not_admitted	not_admitted	not_admitted	not_admitted	not_admitted	not_admitted	1	45;53840;54895;+;278.1			11;9270;11951;+;156.1		7;5570;6928;+;80.3	11;9270;11951;+;73.5	4;3112;3897;+;69.7	43;52187;53695;+;62.3	46;54914;58090;+;57.9		10;8311;9261;+;45.4		C	6/9	split_2	51802	0	1	
NZ_CP102502.1	MPF_F	IncFIB(pB171);IncFII(Yp);IncFII(pAR0022);repB(R1701)	148	0	0	GA	0															not_admitted	not_admitted	not_admitted	not_admitted	not_admitted	not_admitted	not_admitted	not_admitted	not_admitted	not_admitted	1	95;91596;92582;-;368.4	88;85927;87300;-;375.9	91;88100;88849;-;218.2	98;93576;96206;-;285.5	87;83099;85927;-;334.9	104;98234;99628;-;90.9	98;93576;96206;-;98.6	106;100345;100911;-;169.9	94;90950;91579;-;66.9	93;89100;90953;-;260.5	83;78425;80593;-;384.9	103;97673;98212;-;67.5	83;78425;80593;-;64.0	A	9/9	contiguous	21920	1	1	82113..83036-;307;unnamed;0
NZ_CP102504.1	MPF_T	IncN3	59	0	0	GA	1	49;44340;45122;-;33.3	47;43797;44093;-;36.0	46;43440;43757;-;71.9	45;40866;43439;-;118.0	45;40866;43439;-;74.2	44;40149;40850;-;98.9	42;39359;39880;-;37.7						18;12038;13570;+;52.0		pfam	both	D	3/7	canonical	1	0	unscoreable	2	0	0														not_admitted	not_admitted	not_admitted	not_admitted	not_admitted	not_admitted	not_admitted
NZ_CP102505.1	MPF_T	IncX5	47	0	0	GA	1	18;12209;12853;+;36.9	19;12837;13127;+;69.0	20;13149;15908;+;42.6	20;13149;15908;+;132.2	20;13149;15908;+;70.5	21;15916;16665;+;54.1	23;16944;17999;+;135.2		24;18239;18967;+;120.9	25;18972;19901;+;134.2	26;19898;21109;+;136.9	27;21121;22164;+;64.1	28;22167;24002;+;504.8		pfam	pfam_only	A	7/7	canonical	1	1	unscoreable	1	0	0														not_admitted	not_admitted	not_admitted	not_admitted	not_admitted	not_admitted	not_admitted
NZ_CP102523.1	MPF_T	rep33	87	0	0	GA	1				79;67912;69930;+;23.4									85;73940;75532;+;523.8		none	none	D	2/7	uncallable	0	0	unscoreable	5	0	0														not_admitted	not_admitted	not_admitted	not_admitted	not_admitted	not_admitted	not_admitted
NZ_CP102543.1	MPF_T	-	31	0	0	GA	1				12;7118;9133;+;24.7									18;13573;15126;+;462.3		none	none	D	2/7	uncallable	0	0	unscoreable	5	0	0														not_admitted	not_admitted	not_admitted	not_admitted	not_admitted	not_admitted	not_admitted
NZ_CP102547.1	MPF_F	IncFIB(pQil);IncFII(K)	154	0	0	GA	0															not_admitted	not_admitted	not_admitted	not_admitted	not_admitted	not_admitted	not_admitted	not_admitted	not_admitted	not_admitted	1	100;93759;94748;-;366.0	90;86845;88212;-;381.2	94;89470;90222;-;233.7	104;96191;98830;-;258.5	89;83996;86845;-;345.6	112;102087;103511;-;88.8	104;96191;98830;-;88.7	114;104238;104804;-;169.3	99;93108;93746;-;66.9	98;91094;93049;-;259.7	85;79198;81510;-;392.7	111;101389;101973;-;55.4	85;79198;81510;-;66.5	A	9/9	contiguous	25040	1	1	83435..83983-;182;unnamed;0
NZ_CP102548.1	MPF_F	IncFIA;IncFIB(AP001918);IncFII	150	0	0	GA	0															not_admitted	not_admitted	not_admitted	not_admitted	not_admitted	not_admitted	not_admitted	not_admitted	not_admitted	not_admitted	1				71;56422;59049;-;303.5			71;56422;59049;-;99.0	77;61199;61765;-;182.9			71;56422;59049;-;22.1	72;59565;60080;-;76.4		D	3/9	contiguous	4777	0	0	
NZ_CP102555.1	MPF_T	IncN2	52	0	0	GA	1	44;37278;38060;-;33.2	42;36735;37031;-;36.0	41;36378;36695;-;71.9	40;33804;36377;-;118.0	40;33804;36377;-;71.1	39;33087;33788;-;98.9	37;31781;32818;-;121.9		36;30867;31562;-;127.6	35;29969;30856;-;142.7	34;28830;29969;-;172.5	33;27778;28779;-;90.1	18;12141;13673;+;46.3		pfam	both	A	7/7	canonical	1	0	unscoreable	2	0	0														not_admitted	not_admitted	not_admitted	not_admitted	not_admitted	not_admitted	not_admitted
NZ_CP102632.1	MPF_F	IncFII(pHN7A8);IncR	194	0	0	GA	0															not_admitted	not_admitted	not_admitted	not_admitted	not_admitted	not_admitted	not_admitted	not_admitted	not_admitted	not_admitted	1	135;108783;109775;-;369.5	122;100577;101950;-;376.8	127;103516;104259;-;234.4	138;110784;113411;-;301.8	121;97764;100580;-;376.7	113;85555;86982;+;94.1	138;110784;113411;-;101.8	111;84274;84840;+;183.8	132;107199;107837;-;70.4	129;104536;106386;-;265.0	117;93256;95463;-;391.7	139;113927;114442;-;77.6	117;93256;95463;-;70.3	A	9/9	contiguous	29653	1	1	97210..97731-;173;unnamed;0
NZ_CP102634.1	MPF_F	IncFII(pHN7A8);IncR	200	0	0	GA	0															not_admitted	not_admitted	not_admitted	not_admitted	not_admitted	not_admitted	not_admitted	not_admitted	not_admitted	not_admitted	1	168;126422;127414;+;369.5	181;134247;135620;+;376.8	176;131938;132681;+;235.1	165;122786;125413;+;301.8	182;135617;138433;+;376.7	160;119304;120731;+;94.1	165;122786;125413;+;101.8	158;118023;118589;+;183.8	171;128360;128998;+;70.4	174;129811;131661;+;265.0	186;140734;142959;+;391.7	164;121755;122270;+;77.6	186;140734;142959;+;70.3	A	9/9	contiguous	22711	1	1	138466..138987+;173;unnamed;0
NZ_CP102635.1	MPF_F	IncFII(K);IncQ1;repB(R1701)	158	0	0	GA	0															not_admitted	not_admitted	not_admitted	not_admitted	not_admitted	not_admitted	not_admitted	not_admitted	not_admitted	not_admitted	1	142;107362;108351;+;366.6	152;113898;115265;+;384.0	148;111888;112640;+;233.3	138;103280;105919;+;258.5	153;115265;118114;+;346.4	131;98663;100087;+;89.2	138;103280;105919;+;88.2	129;97370;97936;+;169.3	143;108364;109002;+;66.9	144;109061;111016;+;259.7	157;120576;122888;+;393.1	132;100201;100785;+;53.6	157;120576;122888;+;66.6	A	9/9	contiguous	23206	1	1	118117..118650+;177;unnamed;0
NZ_CP102637.1	MPF_T	IncN	82	0	0	GA	1	24;18838;19572;-;32.5		21;17878;18195;-;63.3	20;15278;17878;-;113.8	20;15278;17878;-;76.4	19;14547;15260;-;105.5	17;13256;14296;-;142.4		16;12339;13037;-;131.9	15;11444;12328;-;159.7	14;10284;11444;-;156.3	13;9247;10242;-;81.2			pfam	both	B	6/7	canonical	1	0	unscoreable	3	0	0														not_admitted	not_admitted	not_admitted	not_admitted	not_admitted	not_admitted	not_admitted
NZ_CP102666.1	MPF_T	-	325	0	0	GA	0															not_admitted	not_admitted	not_admitted	not_admitted	not_admitted	not_admitted	not_admitted	not_admitted	not_admitted	not_admitted	1	157;158123;159142;+;401.0	163;164354;165820;+;361.1	162;163542;164354;+;236.2	151;153113;155698;+;470.4	164;165832;168606;+;352.3	148;150079;151404;+;104.6	151;153113;155698;+;90.8	146;148713;149279;+;182.1	159;159600;160349;+;106.4	160;160346;163150;+;219.5	233;230866;233166;-;550.6	150;152257;153111;+;26.5	233;230866;233166;-;59.6	A	9/9	split_2	82153	0	1	
NZ_CP102667.1	MPF_T	-	99	0	0	GA	1	58;57058;57723;-;29.2	57;56695;57036;-;76.3	56;56344;56688;-;72.9	55;53973;56357;-;164.5	55;53973;56357;-;109.9	54;53246;53959;-;130.3	52;51878;52894;-;117.7		50;50854;51537;-;156.3	49;50015;50857;-;177.4	48;48745;50013;-;175.3	47;47756;48748;-;101.5	46;45862;47778;-;354.8		pfam	both	A	7/7	canonical	1	0	unscoreable	2	0	0														not_admitted	not_admitted	not_admitted	not_admitted	not_admitted	not_admitted	not_admitted
NZ_CP102668.1	MPF_T	-	135	0	0	GA	1	57;60524;61192;+;44.4	58;61189;61527;+;78.3	59;61524;61874;+;85.9	60;61867;64278;+;161.3	60;61867;64278;+;117.2	61;64282;64995;+;196.8	63;65227;66171;+;127.4		64;66506;67204;+;173.1	65;67201;68058;+;197.4	66;68062;69285;+;185.2	67;69289;70293;+;98.2	68;70277;72238;+;337.0		pfam	both	A	7/7	canonical	1	0	unscoreable	1	0	0														not_admitted	not_admitted	not_admitted	not_admitted	not_admitted	not_admitted	not_admitted
NZ_CP102670.1	MPF_F	IncFIB(S);IncFII(S);IncFII(pAR0022)	116	0	0	GA	0															not_admitted	not_admitted	not_admitted	not_admitted	not_admitted	not_admitted	not_admitted	not_admitted	not_admitted	not_admitted	1	64;47522;48514;+;366.7	73;53762;55144;+;392.4	70;51981;52730;+;231.0	61;43887;46535;+;314.1	74;55141;57963;+;394.4	53;39933;41354;+;91.5	61;43887;46535;+;97.8	51;38640;39206;+;188.1	66;48826;49464;+;70.6	68;49917;51743;+;271.0	77;59617;61779;+;374.1	56;42160;42675;+;96.7	77;59617;61779;+;72.1	A	9/9	contiguous	20977	1	1	57985..58473+;162;TraS;0
NZ_CP102672.1	MPF_T	IncI2(Delta)	76	0	0	GA	1	11;8948;9430;+;81.1		69;54017;54301;+;36.6	70;54307;56664;+;58.5	70;54307;56664;+;44.9	60;48561;49205;+;41.0	59;47560;48555;+;123.9		72;56830;57564;+;144.3	73;57561;58331;+;170.5	74;58321;59460;+;154.7	5;4295;5833;+;207.1			pfam	pfam_only	B	6/7	rearranged	1	0	unscoreable	13	0	0														not_admitted	not_admitted	not_admitted	not_admitted	not_admitted	not_admitted	not_admitted
NZ_CP102673.1	MPF_F	IncFIB(AP001918);IncFIC(FII)	192	0	0	GA	0															not_admitted	not_admitted	not_admitted	not_admitted	not_admitted	not_admitted	not_admitted	not_admitted	not_admitted	not_admitted	1	86;76348;77340;+;369.3	97;83026;84399;+;378.0	90;80069;80812;+;234.1	83;72712;75339;+;305.4	98;84396;87218;+;389.5	77;69230;70657;+;94.3	83;72712;75339;+;101.7	75;67949;68515;+;183.8	87;77349;77987;+;68.4	88;77984;79792;+;268.4	101;88747;90900;+;391.9	81;71681;72196;+;78.4	101;88747;90900;+;70.4	A	9/9	contiguous	20798	1	1	87240..87731+;163;TraS;0
NZ_CP102676.1	MPF_F	IncFIB(AP001918);IncFIC(FII)	216	0	0	GA	0															not_admitted	not_admitted	not_admitted	not_admitted	not_admitted	not_admitted	not_admitted	not_admitted	not_admitted	not_admitted	1	166;145633;146625;-;369.3	155;138574;139947;-;378.0	162;142161;142904;-;234.1	169;147634;150261;-;305.4	154;135755;138577;-;389.5	175;152316;153743;-;94.3	169;147634;150261;-;101.7	177;154458;155024;-;183.8	165;144986;145624;-;68.4	164;143181;144989;-;268.4	151;132073;134226;-;391.9	171;150777;151292;-;78.4	151;132073;134226;-;70.4	A	9/9	contiguous	22385	1	1	135242..135733-;163;TraS;0
NZ_CP102678.1	MPF_T	IncI2(Delta)	77	0	0	GA	1	38;33383;33865;-;81.1		56;50808;51092;-;36.6	55;48445;50802;-;58.5	55;48445;50802;-;44.9	65;55904;56548;-;41.0	66;56554;57549;-;123.9		53;47545;48279;-;144.3	52;46778;47548;-;170.5	51;45649;46788;-;154.7	44;36980;38518;-;207.1	49;42601;44559;-;289.6		pfam	pfam_only	A	7/7	rearranged	1	0	unscoreable	17	0	0														not_admitted	not_admitted	not_admitted	not_admitted	not_admitted	not_admitted	not_admitted
NZ_CP102688.1	MPF_F	IncFIB(K);IncFII(K)	227	0	0	GA	0															not_admitted	not_admitted	not_admitted	not_admitted	not_admitted	not_admitted	not_admitted	not_admitted	not_admitted	not_admitted	1	181;179882;180871;-;363.3	170;172696;174063;-;382.2	174;175321;176073;-;236.4	185;182328;184967;-;259.0	169;169853;172696;-;342.9	196;188934;190358;-;88.8	185;182328;184967;-;87.6	198;191085;191651;-;167.9	179;178959;179606;-;65.9	178;176945;178900;-;259.5	165;164956;167268;-;392.8	193;187738;188322;-;53.8	165;164956;167268;-;65.9	A	9/9	contiguous	26129	1	1	169318..169842-;174;unnamed;0
NZ_CP102696.1	MPF_F	IncFII(29)	76	0	0	GA	0															not_admitted	not_admitted	not_admitted	not_admitted	not_admitted	not_admitted	not_admitted	not_admitted	not_admitted	not_admitted	1	49;40793;41785;+;369.5	60;47681;49054;+;376.8	55;45372;46115;+;234.4	46;37154;39784;+;303.2	61;49051;51870;+;376.7	38;32450;33877;+;94.1	46;37154;39784;+;98.5	36;31169;31735;+;183.8	50;41794;42432;+;70.6	53;43245;45095;+;262.0	65;54141;56348;+;391.7	42;35002;35517;+;78.4	65;54141;56348;+;70.3	A	9/9	contiguous	22972	1	1	51895..52386+;163;TraS;0
NZ_CP102715.1	MPF_T	rep38	51	0	0	GA	1				14;10198;12216;+;22.3									21;16470;18020;+;461.6		none	none	D	2/7	uncallable	0	0	unscoreable	6	0	0														not_admitted	not_admitted	not_admitted	not_admitted	not_admitted	not_admitted	not_admitted
NZ_CP102718.1	MPF_T	rep38	33	0	0	GA	1				19;17908;19926;-;25.4									13;12329;13882;-;464.2		none	none	D	2/7	uncallable	0	0	unscoreable	5	0	0														not_admitted	not_admitted	not_admitted	not_admitted	not_admitted	not_admitted	not_admitted
NZ_CP102771.1	-	-	56	0	0	GA	0															not_admitted	not_admitted	not_admitted	not_admitted	not_admitted	not_admitted	not_admitted	not_admitted	not_admitted	not_admitted	1				24;23883;26459;-;67.1			24;23883;26459;-;80.2				29;28788;30731;-;34.4		29;28788;30731;-;46.0	D	1/9	contiguous	4905	0	0	
NZ_CP102779.1	MPF_F	-	89	0	0	GA	0															not_admitted	not_admitted	not_admitted	not_admitted	not_admitted	not_admitted	not_admitted	not_admitted	not_admitted	not_admitted	1	7;5477;6505;+;268.9	20;16476;17957;+;175.9	19;15477;16466;+;164.1	16;11896;14547;+;85.2	21;18054;21170;+;61.8	13;9437;10759;+;82.3	16;11896;14547;+;44.8	11;7900;8499;+;44.0	8;6515;7024;+;63.2	30;28435;29826;+;115.7	37;36094;38133;-;234.5	14;10756;11451;+;26.1	37;36094;38133;-;62.7	A	9/9	contiguous	30617	1	1	21291..21572+;93;unnamed;0
NZ_CP102817.1	MPF_F	-	125	0	0	GA	0															not_admitted	not_admitted	not_admitted	not_admitted	not_admitted	not_admitted	not_admitted	not_admitted	not_admitted	not_admitted	1	71;51244;52287;-;369.2	66;45834;47261;-;325.8	68;47663;48475;-;219.1	75;53849;56575;-;164.6	65;42816;45818;-;208.7	79;58257;59573;-;102.7	75;53849;56575;-;108.4	81;60286;60864;-;83.7	70;50522;51229;-;107.6	69;48468;50525;-;91.0	115;80937;83096;-;381.3	76;56585;57229;-;41.9	115;80937;83096;-;90.0	A	9/9	split_2	38121	1	1	42226..42744-;172;unnamed;0
NZ_CP102820.1	MPF_F	-	126	0	0	GA	0															not_admitted	not_admitted	not_admitted	not_admitted	not_admitted	not_admitted	not_admitted	not_admitted	not_admitted	not_admitted	1	111;66621;67079;+;129.7	119;71802;72902;+;181.6	116;70543;70998;+;157.9	107;62163;63572;+;166.9	121;73220;75355;+;152.6	103;59489;60481;+;104.7	108;63569;64888;+;111.2	100;57875;58453;+;84.2	113;67516;68223;+;107.6	115;69104;70240;+;98.3	71;41954;43342;+;278.4	106;61509;62153;+;41.9	71;41954;43342;+;32.3	A	9/9	contiguous	31266	1	1	75403..75918+;171;unnamed;0
NZ_CP102824.1	MPF_F	-	105	0	0	GA	0															not_admitted	not_admitted	not_admitted	not_admitted	not_admitted	not_admitted	not_admitted	not_admitted	not_admitted	not_admitted	1	82;77267;78310;-;369.2	77;71860;73284;-;318.6	79;73686;74498;-;219.1	86;79872;82598;-;164.6	76;68842;71844;-;208.7	90;84280;85596;-;102.7	86;79872;82598;-;108.4	92;86309;86887;-;83.7	81;76545;77252;-;107.6	80;74491;76548;-;91.0	6;4813;6363;-;382.6	87;82608;83252;-;41.9	6;4813;6363;-;90.3	A	9/9	split_2	81496	1	1	68252..68770-;172;unnamed;0
NZ_CP102828.1	MPF_F	IncHI2;IncHI2A;IncX1	249	0	0	GA	0															not_admitted	not_admitted	not_admitted	not_admitted	not_admitted	not_admitted	not_admitted	not_admitted	not_admitted	not_admitted	1	205;189149;190207;-;276.9			221;209779;212460;-;168.0		225;214790;216145;-;80.7	221;209779;212460;-;72.2	230;219205;219993;-;74.8	207;190349;191860;-;62.0	204;185942;189130;-;57.3		222;212469;213419;-;46.1		C	6/9	contiguous	33263	0	1	
NZ_CP102829.1	MPF_T	IncP1	68	0	0	GA	1		64;48367;48750;-;68.7	63;48038;48364;-;50.6	62;45498;48041;-;94.8	62;45498;48041;-;107.0	57;41252;42022;-;104.8	56;39502;41061;-;113.8		61;44794;45501;-;91.8	60;43888;44778;-;152.4	58;42035;43429;-;224.7	65;48864;49820;-;132.7	28;17392;19338;+;442.7		conjscan	conjscan_only	A	7/7	canonical	1	0	unscoreable	2	0	0														not_admitted	not_admitted	not_admitted	not_admitted	not_admitted	not_admitted	not_admitted
NZ_CP102834.1	MPF_F	IncFII(K);repB(R1701)	164	0	0	GA	0															not_admitted	not_admitted	not_admitted	not_admitted	not_admitted	not_admitted	not_admitted	not_admitted	not_admitted	not_admitted	1	32;31663;32652;-;366.6	22;24749;26116;-;384.0	26;27374;28126;-;233.3	36;34095;36734;-;258.5	21;21900;24749;-;346.4	43;39927;41351;-;89.2	36;34095;36734;-;88.2	45;42078;42644;-;169.3	31;31012;31650;-;66.9	30;28998;30953;-;259.7	17;17126;19438;-;393.1	42;39229;39813;-;53.6	17;17126;19438;-;66.6	A	9/9	contiguous	24952	1	1	21364..21897-;177;unnamed;0
NZ_CP102842.1	MPF_F	IncFIB(K);IncFII(pKP91)	202	0	0	GA	0															not_admitted	not_admitted	not_admitted	not_admitted	not_admitted	not_admitted	not_admitted	not_admitted	not_admitted	not_admitted	1	167;153874;154863;+;363.3	177;160410;161777;+;384.6	173;158400;159152;+;233.7	163;149778;152417;+;258.5	178;161777;164626;+;345.5	155;145014;146438;+;89.3	163;149778;152417;+;88.2	153;143721;144287;+;167.0	168;154876;155514;+;66.0	169;155573;157528;+;259.3	182;167087;169369;+;393.2	157;147050;147634;+;54.6	182;167087;169369;+;65.9	A	9/9	contiguous	23366	1	1	164629..165159+;176;unnamed;0
NZ_CP102854.1	MPF_F	IncHI2;IncHI2A	263	0	0	GA	0															not_admitted	not_admitted	not_admitted	not_admitted	not_admitted	not_admitted	not_admitted	not_admitted	not_admitted	not_admitted	1	27;31208;32266;+;276.9	177;158647;160062;-;194.1	178;160052;161098;-;174.3	11;8955;11636;+;168.0	176;154685;158638;-;101.7	7;5270;6625;+;80.7	11;8955;11636;+;72.2	4;2758;3546;+;74.8	25;29555;31066;+;62.0	28;32285;35473;+;57.3	185;168140;170224;+;56.8	10;7996;8946;+;46.1	185;168140;170224;+;38.8	A	9/9	split_3	165382	1	1	153215..154504-;429;unnamed;0
NZ_CP102855.1	MPF_F	IncFIB(AP001918);IncFIC(FII)	156	0	0	GA	0															not_admitted	not_admitted	not_admitted	not_admitted	not_admitted	not_admitted	not_admitted	not_admitted	not_admitted	not_admitted	1	106;107557;108549;-;369.3	95;100498;101871;-;378.0	102;104085;104828;-;234.1	109;109558;112185;-;305.4	94;97679;100501;-;389.5	115;114240;115667;-;94.3	109;109558;112185;-;98.5	117;116382;116948;-;183.8	105;106910;107548;-;68.4	104;105105;106913;-;268.4	91;93997;96150;-;391.9	111;112701;113216;-;78.4	91;93997;96150;-;70.4	A	9/9	contiguous	22385	1	1	97166..97657-;163;TraS;0
NZ_CP102858.1	MPF_T	IncX1	48	0	0	GA	1	4;4537;5184;-;45.2	3;4263;4559;-;77.5	2;1491;4244;-;46.6	2;1491;4244;-;148.0	2;1491;4244;-;75.3	1;722;1480;-;67.3	47;39981;40595;-;52.3		46;39022;39735;-;119.7	45;38088;39017;-;133.8	44;36886;38091;-;132.5	43;35853;36884;-;76.4	42;34015;35850;-;489.3		pfam	pfam_only	A	7/7	rearranged	1	1	unscoreable	0	0	0														not_admitted	not_admitted	not_admitted	not_admitted	not_admitted	not_admitted	not_admitted
NZ_CP102871.1	MPF_F	IncHI2;IncHI2A	144	0	0	GA	0															not_admitted	not_admitted	not_admitted	not_admitted	not_admitted	not_admitted	not_admitted	not_admitted	not_admitted	not_admitted	1	27;31207;32265;+;276.9			11;8955;11636;+;168.0		7;5270;6625;+;80.7	11;8955;11636;+;72.2	4;2758;3546;+;74.8	25;29554;31065;+;62.0	28;32284;35472;+;57.3		10;7996;8946;+;46.1		C	6/9	split_2	29526	0	1	
NZ_CP102872.1	MPF_F	IncFIA(HI1);IncFII(pKP91)	143	0	0	GA	0															not_admitted	not_admitted	not_admitted	not_admitted	not_admitted	not_admitted	not_admitted	not_admitted	not_admitted	not_admitted	1	117;92350;93339;+;363.3	128;99158;100525;+;381.8	124;97148;97900;+;233.7	113;88254;90893;+;257.9	129;100525;103368;+;346.2	106;84001;85425;+;89.2	113;88254;90893;+;88.7	104;82708;83274;+;169.3	119;93615;94262;+;66.3	120;94321;96276;+;259.7	133;105952;108234;+;393.2	107;85498;86082;+;54.5	133;105952;108234;+;65.8	A	9/9	contiguous	23244	1	1	103379..103903+;174;unnamed;0
NZ_CP102875.1	MPF_T	IncX3	57	0	0	GA	1	54;41145;41789;+;46.4	55;41773;42063;+;73.1	56;42088;44841;+;47.0	56;42088;44841;+;142.4	56;42088;44841;+;73.3		2;656;1711;+;133.2		3;1906;2634;+;119.4	4;2640;3569;+;138.8	5;3566;4780;+;128.3	7;4976;6010;+;65.7	8;6013;7848;+;495.9		none	none	A	7/7	rearranged	0	1	unscoreable	1	0	0														not_admitted	not_admitted	not_admitted	not_admitted	not_admitted	not_admitted	not_admitted
NZ_CP102878.1	MPF_F	IncFIB(pNDM-Mar);IncHI1B(pNDM-MAR)	241	0	0	GA	0															not_admitted	not_admitted	not_admitted	not_admitted	not_admitted	not_admitted	not_admitted	not_admitted	not_admitted	not_admitted	1	176;158378;159415;-;282.3			191;171584;174301;-;149.6		196;177752;179122;-;65.6	191;171584;174301;-;85.2	199;180768;181628;-;79.0	178;160176;160772;-;28.2	175;155183;158368;-;59.6		192;174346;175083;-;56.9		C	6/9	contiguous	25585	0	1	
NZ_CP102880.1	MPF_F	IncFIA(HI1);IncFII(K);IncFII(pAR0022)	110	0	0	GA	0															not_admitted	not_admitted	not_admitted	not_admitted	not_admitted	not_admitted	not_admitted	not_admitted	not_admitted	not_admitted	1	85;74323;75312;+;366.6	95;80834;82201;+;384.3	91;78820;79572;+;235.6	81;70227;72866;+;258.5	96;82201;85050;+;346.4	75;66321;67745;+;89.3	81;70227;72866;+;88.7	73;65028;65594;+;169.3	86;75325;75963;+;67.0	87;76022;77977;+;259.7	100;87512;89824;+;393.2	76;67818;68402;+;54.9	100;87512;89824;+;65.8	A	9/9	contiguous	22484	1	1	85053..85583+;176;unnamed;0
NZ_CP102881.1	MPF_T	IncX3	62	0	0	GA	1	45;36560;37204;+;46.4	46;37188;37478;+;73.1	47;37503;40256;+;47.0	47;37503;40256;+;142.4	47;37503;40256;+;73.3	48;40266;41036;+;60.1	50;41315;42370;+;133.2		51;42565;43293;+;119.4	52;43299;44228;+;138.8	53;44225;45439;+;128.3	55;45635;46669;+;65.7	56;46672;48507;+;495.9		pfam	pfam_only	A	7/7	canonical	1	1	unscoreable	2	0	0														not_admitted	not_admitted	not_admitted	not_admitted	not_admitted	not_admitted	not_admitted
NZ_CP102884.1	MPF_F	IncFIB(pNDM-Mar);IncHI1B(pNDM-MAR)	241	0	0	GA	0															not_admitted	not_admitted	not_admitted	not_admitted	not_admitted	not_admitted	not_admitted	not_admitted	not_admitted	not_admitted	1	176;158378;159415;-;282.3			191;171584;174301;-;149.6		196;177752;179122;-;65.6	191;171584;174301;-;85.2	199;180768;181628;-;79.0	178;160176;160772;-;28.2	175;155183;158368;-;59.6		192;174346;175083;-;56.9		C	6/9	contiguous	25585	0	1	
NZ_CP102886.1	MPF_F	IncFIA(HI1);IncFII(K);IncFII(pAR0022)	110	0	0	GA	0															not_admitted	not_admitted	not_admitted	not_admitted	not_admitted	not_admitted	not_admitted	not_admitted	not_admitted	not_admitted	1	85;74323;75312;+;366.6	95;80834;82201;+;384.3	91;78820;79572;+;235.6	81;70227;72866;+;258.5	96;82201;85050;+;346.4	75;66321;67745;+;89.3	81;70227;72866;+;88.7	73;65028;65594;+;169.3	86;75325;75963;+;67.0	87;76022;77977;+;259.7	100;87512;89824;+;393.2	76;67818;68402;+;54.9	100;87512;89824;+;65.8	A	9/9	contiguous	22484	1	1	85053..85583+;176;unnamed;0
NZ_CP102887.1	MPF_T	IncX3	62	0	0	GA	1	49;44166;44810;-;46.4	48;43892;44182;-;73.1	47;41114;43867;-;47.0	47;41114;43867;-;142.4	47;41114;43867;-;73.3	46;40334;41104;-;60.1	44;39000;40055;-;133.2		43;38077;38805;-;119.4	42;37142;38071;-;138.8	41;35931;37145;-;128.3	39;34701;35735;-;65.7	38;32863;34698;-;495.9		pfam	pfam_only	A	7/7	canonical	1	1	unscoreable	2	0	0														not_admitted	not_admitted	not_admitted	not_admitted	not_admitted	not_admitted	not_admitted
NZ_CP102890.1	MPF_T	IncX3	58	0	0	GA	1	47;35741;36385;+;46.4	48;36369;36659;+;73.1	49;36684;39437;+;47.0	49;36684;39437;+;142.4	49;36684;39437;+;73.3	50;39447;40217;+;60.1	52;40496;41551;+;133.2		53;41746;42474;+;119.4	54;42480;43409;+;138.8	55;43406;44620;+;128.3	57;44816;45850;+;65.7	0;460;1527;+;328.0		pfam	pfam_only	A	7/7	canonical	1	1	unscoreable	2	0	0														not_admitted	not_admitted	not_admitted	not_admitted	not_admitted	not_admitted	not_admitted
NZ_CP102892.1	MPF_T	IncX3	58	0	0	GA	1	5;5684;6328;-;46.4	4;5410;5700;-;73.1	3;2632;5385;-;47.0	3;2632;5385;-;142.4	3;2632;5385;-;73.3	2;1852;2622;-;60.1	0;518;1573;-;133.2		57;45756;45986;-;37.4	56;44821;45750;-;138.8	55;43610;44824;-;128.3	53;42380;43414;-;65.7	52;40542;42377;-;495.9		pfam	pfam_only	A	7/7	canonical	1	1	unscoreable	2	0	0														not_admitted	not_admitted	not_admitted	not_admitted	not_admitted	not_admitted	not_admitted
NZ_CP102896.1	MPF_T	IncX3	58	0	0	GA	1	15;13607;14251;-;46.4	14;13333;13623;-;73.1	13;10555;13308;-;47.0	13;10555;13308;-;142.4	13;10555;13308;-;73.3	12;9775;10545;-;60.1	10;8441;9496;-;133.2		9;7518;8246;-;119.4	8;6583;7512;-;138.8	7;5372;6586;-;128.3	5;4142;5176;-;65.7	4;2304;4139;-;495.9		pfam	pfam_only	A	7/7	canonical	1	1	unscoreable	2	0	0														not_admitted	not_admitted	not_admitted	not_admitted	not_admitted	not_admitted	not_admitted
NZ_CP102900.1	MPF_T	IncX3	57	0	0	GA	1	5;5198;5842;-;45.9	4;4924;5214;-;73.1	3;2146;4899;-;47.0	3;2146;4899;-;142.4	3;2146;4899;-;73.3	2;1366;2136;-;60.1	0;32;1087;-;133.2		56;44231;44959;-;119.4	55;43296;44225;-;138.8	54;42085;43299;-;128.3	52;40855;41889;-;65.7	51;39017;40852;-;495.9		pfam	pfam_only	A	7/7	canonical	1	1	unscoreable	2	0	0														not_admitted	not_admitted	not_admitted	not_admitted	not_admitted	not_admitted	not_admitted
NZ_CP102905.1	MPF_T	IncX3	57	0	0	GA	1	44;37104;37748;-;45.9	43;36830;37120;-;73.1	42;34052;36805;-;47.0	42;34052;36805;-;142.4	42;34052;36805;-;73.3	41;33272;34042;-;60.1	39;31938;32993;-;133.2		38;31015;31743;-;119.4	37;30080;31009;-;138.8	36;28869;30083;-;128.3	34;27639;28673;-;65.7	33;25801;27636;-;495.9		pfam	pfam_only	A	7/7	canonical	1	1	unscoreable	2	0	0														not_admitted	not_admitted	not_admitted	not_admitted	not_admitted	not_admitted	not_admitted
NZ_CP102924.1	MPF_T	IncX3	58	0	0	GA	1	20;12367;13011;+;46.4	21;12995;13285;+;73.1	22;13310;16063;+;47.0	22;13310;16063;+;142.4	22;13310;16063;+;73.3	23;16073;16843;+;60.1	25;17122;18177;+;133.2		26;18372;19100;+;119.4	27;19106;20035;+;138.8	28;20032;21246;+;128.3	30;21442;22476;+;65.7	31;22479;24314;+;495.9		pfam	pfam_only	A	7/7	canonical	1	1	unscoreable	2	0	0														not_admitted	not_admitted	not_admitted	not_admitted	not_admitted	not_admitted	not_admitted
NZ_CP102941.1	MPF_F	Col(pHAD28);IncFIB(K);IncFII(pKP91)	248	0	0	GA	0															not_admitted	not_admitted	not_admitted	not_admitted	not_admitted	not_admitted	not_admitted	not_admitted	not_admitted	not_admitted	1	20;13385;14374;+;363.3	31;20193;21560;+;382.2	27;18183;18935;+;233.7	16;9289;11928;+;259.4	32;21560;24409;+;342.9	6;3903;5327;+;89.2	16;9289;11928;+;88.3	4;2610;3176;+;167.9	22;14650;15297;+;65.9	23;15356;17311;+;259.5	36;26221;28503;+;393.3	8;5939;6523;+;53.8	36;26221;28503;+;65.9	A	9/9	contiguous	23611	1	1	24412..24942+;176;unnamed;0
NZ_CP102943.1	-	-	43	0	0	GA	1	42;37814;38605;+;30.8	1;2543;2878;+;54.2	2;2885;3220;+;75.7	3;3217;5823;+;182.7	3;3217;5823;+;101.9	4;5820;6557;+;214.2	6;6847;7938;+;115.6		8;8243;8956;+;152.6	9;8953;9843;+;176.6	10;9836;10996;+;177.5	11;10996;12054;+;107.9	12;12180;14894;+;315.2		pfam	both	A	7/7	canonical	1	0	unscoreable	2	0	0														not_admitted	not_admitted	not_admitted	not_admitted	not_admitted	not_admitted	not_admitted
NZ_CP102989.1	MPF_F	IncC	191	0	0	GA	0															not_admitted	not_admitted	not_admitted	not_admitted	not_admitted	not_admitted	not_admitted	not_admitted	not_admitted	not_admitted	1	99;78004;79011;+;332.9	180;149283;150716;+;339.2	179;148253;149281;+;221.7	94;72805;75252;+;354.2	181;150729;154343;+;375.3	85;59494;60810;+;135.0	94;72805;75252;+;128.6	83;57970;58596;+;92.1	97;76074;77339;+;67.6	100;79127;81922;+;145.3	74;52295;54160;+;47.4	86;60807;61385;+;100.2	74;52295;54160;+;52.0	A	9/9	split_2	98434	0	1	
NZ_CP102994.1	MPF_F	IncFIB(pQil);IncFII(K);IncFII(pAR0022)	183	0	0	GA	0															not_admitted	not_admitted	not_admitted	not_admitted	not_admitted	not_admitted	not_admitted	not_admitted	not_admitted	not_admitted	1	125;134061;135050;-;366.6	115;127147;128514;-;384.1	119;129772;130524;-;233.7	129;136507;139146;-;258.5	114;124325;127147;-;346.6	138;144560;145984;-;89.3	129;136507;139146;-;88.7	140;146711;147277;-;169.3	124;133410;134048;-;66.9	123;131396;133351;-;259.4	110;119397;121709;-;393.1	137;143904;144488;-;54.7	110;119397;121709;-;66.6	A	9/9	contiguous	27314	1	1	123700..124302-;200;TraS;0
NZ_CP103056.1	MPF_T	-	50	0	0	GA	1		37;31783;32046;+;56.6	38;32065;34833;+;73.3	38;32065;34833;+;175.9	38;32065;34833;+;84.1	43;36712;37701;+;85.6	44;37698;38693;+;118.4		46;38837;39496;+;177.9	47;39493;40383;+;162.9	48;40393;41571;+;164.3	49;41552;42559;+;94.3	0;66;1646;+;348.6		pfam	pfam_only	A	7/7	canonical	1	1	unscoreable	5	0	0														not_admitted	not_admitted	not_admitted	not_admitted	not_admitted	not_admitted	not_admitted
NZ_CP103064.1	MPF_F	IncFIB(K);IncFII(pKP91)	262	0	0	GA	0															not_admitted	not_admitted	not_admitted	not_admitted	not_admitted	not_admitted	not_admitted	not_admitted	not_admitted	not_admitted	1	234;212321;213310;+;363.3	245;219129;220496;+;382.2	241;217119;217871;+;233.7	230;208225;210864;+;259.4	246;220496;223345;+;342.9	220;202839;204263;+;89.2	230;208225;210864;+;88.3	218;201546;202112;+;167.9	236;213586;214233;+;65.9	237;214292;216247;+;259.5	250;225157;227439;+;393.3	222;204875;205459;+;53.8	250;225157;227439;+;65.9	A	9/9	contiguous	23611	1	1	223348..223878+;176;unnamed;0
NZ_CP103296.1	MPF_F	IncFIB(AP001918);IncFIC(FII)	118	0	0	GA	0															not_admitted	not_admitted	not_admitted	not_admitted	not_admitted	not_admitted	not_admitted	not_admitted	not_admitted	not_admitted	1				13;6693;7445;+;74.3		6;3211;4638;+;94.3		4;1930;2496;+;183.8				10;5662;6177;+;78.4		D	3/9	contiguous	4763	0	0	
NZ_CP103320.1	MPF_T	IncX3	57	0	0	GA	1	31;29039;29683;-;46.4	30;28765;29055;-;73.1	29;25987;28740;-;47.0	29;25987;28740;-;142.4	29;25987;28740;-;73.3	28;25207;25977;-;60.1	26;23873;24928;-;133.2		25;22950;23678;-;119.4	24;22015;22944;-;138.8	23;20804;22018;-;128.3	21;19574;20608;-;65.7	20;17736;19571;-;495.9		pfam	pfam_only	A	7/7	canonical	1	1	unscoreable	2	0	0														not_admitted	not_admitted	not_admitted	not_admitted	not_admitted	not_admitted	not_admitted
NZ_CP103325.1	MPF_T	-	52	0	0	GA	1				6;4476;6491;+;22.9									12;10513;12042;+;463.8		none	none	D	2/7	uncallable	0	0	unscoreable	5	0	0														not_admitted	not_admitted	not_admitted	not_admitted	not_admitted	not_admitted	not_admitted
NZ_CP103330.1	MPF_F	IncHI2;IncHI2A	294	0	0	GA	0															not_admitted	not_admitted	not_admitted	not_admitted	not_admitted	not_admitted	not_admitted	not_admitted	not_admitted	not_admitted	1	27;31707;32765;+;276.9	196;178332;179747;-;194.1	197;179737;180783;-;174.1	11;8955;11636;+;168.0	195;174370;178323;-;101.6	7;5270;6625;+;80.7	11;8955;11636;+;72.2	4;2758;3546;+;74.8	25;30054;31565;+;62.0	28;32784;35972;+;57.3	204;187825;189909;+;56.8	10;7996;8946;+;46.1	204;187825;189909;+;38.8	A	9/9	split_3	185067	1	1	172900..174189-;429;unnamed;0
NZ_CP103348.1	MPF_T	-	175	0	0	GA	1	95;95081;96160;-;84.5	98;98876;99223;-;73.7	97;98574;98873;-;86.7	96;96153;98570;-;127.6	96;96153;98570;-;100.1	94;94346;95068;-;40.2	92;93079;94116;-;143.0		91;92349;93044;-;181.8	90;91543;92352;-;201.8	89;90311;91543;-;202.5	88;89299;90330;-;130.5	87;87215;89302;-;305.5		pfam	pfam_only	A	7/7	canonical	1	0	unscoreable	1	0	0														not_admitted	not_admitted	not_admitted	not_admitted	not_admitted	not_admitted	not_admitted
NZ_CP103366.1	MPF_T	IncX3	67	0	0	GA	1	54;45042;45686;-;46.4	53;44768;45058;-;73.1	52;41990;44743;-;47.0	52;41990;44743;-;142.4	52;41990;44743;-;73.3	51;41210;41980;-;60.1	49;39876;40931;-;133.2		48;38953;39681;-;119.4	47;38018;38947;-;138.8	46;36807;38021;-;128.3	44;35577;36611;-;65.7	43;33739;35574;-;495.9		pfam	pfam_only	A	7/7	canonical	1	1	unscoreable	2	0	0														not_admitted	not_admitted	not_admitted	not_admitted	not_admitted	not_admitted	not_admitted
NZ_CP103367.1	MPF_F	IncFII(Yp)	103	0	0	GA	0															not_admitted	not_admitted	not_admitted	not_admitted	not_admitted	not_admitted	not_admitted	not_admitted	not_admitted	not_admitted	1	57;61800;62795;-;354.9	52;56571;57935;-;329.9	54;58568;59344;-;197.9	60;63888;66479;-;216.7	51;53672;56569;-;286.0	67;68975;70336;-;80.8	60;63888;66479;-;85.3	69;71053;71616;-;134.6	56;61167;61781;-;81.2	55;59341;61170;-;251.6	48;49828;52038;-;360.6	61;66490;67137;-;46.4	48;49828;52038;-;65.3	A	9/9	contiguous	21225	1	1	53100..53660-;186;unnamed;0
NZ_CP103368.1	-	pKPC-CAV1321	426	0	0	GA	0															not_admitted	not_admitted	not_admitted	not_admitted	not_admitted	not_admitted	not_admitted	not_admitted	not_admitted	not_admitted	1	124;93023;94090;-;276.8	102;74316;75758;-;260.7	103;75755;76855;-;198.4	128;96198;98684;-;223.8	101;70783;74301;-;240.0	291;218790;220010;+;216.3	128;96198;98684;-;120.8	134;104592;105218;-;87.1	125;94087;95400;-;41.0	99;67690;70347;-;136.9	140;107766;109742;-;22.7	131;101349;101915;-;71.6	140;107766;109742;-;33.5	A	9/9	split_2	151100	0	1	
NZ_CP103369.1	MPF_T	-	50	0	0	GA	1		15;15572;15880;+;67.6	16;15891;16208;+;84.6	17;16205;18655;+;144.0	17;16205;18655;+;84.6	18;18677;19321;+;97.0	20;19594;20607;+;161.4		22;20957;21715;+;142.7	23;21718;22539;+;197.9	24;22539;23726;+;188.9	25;23704;24741;+;83.0	26;24704;26632;+;404.0		pfam	both	A	7/7	canonical	1	0	unscoreable	2	0	0														not_admitted	not_admitted	not_admitted	not_admitted	not_admitted	not_admitted	not_admitted
NZ_CP103372.1	-	-	164	0	0	GA	0															not_admitted	not_admitted	not_admitted	not_admitted	not_admitted	not_admitted	not_admitted	not_admitted	not_admitted	not_admitted	1	122;131694;132728;-;274.6	107;119595;121079;-;184.5	108;121087;122031;-;172.3	112;123107;125692;-;62.4	106;116590;119589;-;58.8	116;127281;128630;-;80.8	112;123107;125692;-;96.5	118;129633;130229;-;40.3	121;131201;131665;-;55.0	22;22067;23533;-;118.2	8;4956;6971;+;236.4	115;126622;127284;-;25.4	8;4956;6971;+;46.4	A	9/9	split_2	126738	1	1	116417..116551-;44;unnamed;0
NZ_CP103373.1	-	-	94	0	0	GA	1	70;81022;81669;+;41.2	72;82382;82759;+;70.8	73;82763;83083;+;87.6	74;83116;85641;+;131.8	74;83116;85641;+;100.4	75;85651;86373;+;162.0	77;86670;87722;+;151.4		79;88041;88868;+;168.8	80;88880;89716;+;198.1	81;89713;91089;+;175.5	82;91086;92126;+;97.4	83;92092;94356;+;372.9		pfam	both	A	7/7	canonical	1	0	unscoreable	3	0	0														not_admitted	not_admitted	not_admitted	not_admitted	not_admitted	not_admitted	not_admitted
NZ_CP103404.1	MPF_G	-	126	0	0	GA	0															not_admitted	not_admitted	not_admitted	not_admitted	not_admitted	not_admitted	not_admitted	not_admitted	not_admitted	not_admitted	1	111;98680;99654;+;195.2			107;91891;94740;+;284.1	114;101498;103006;+;252.3						79;70702;72801;+;38.8		79;70702;72801;+;48.0	D	3/9	split_2	30796	0	0	
NZ_CP103467.1	MPF_T	IncN4	51	0	0	GA	1	40;25246;25986;+;34.8	42;26310;26600;+;44.3	43;26650;26964;+;65.3	44;26964;29594;+;123.6	44;26964;29594;+;87.4	45;29604;30311;+;114.7	47;30570;31613;+;126.7	48;31708;31878;+;41.4	49;31881;32597;+;145.6	50;32600;33487;+;144.4		0;1;1032;+;78.1	5;5439;7016;-;54.8		pfam	both	B	6/7	canonical	1	0	ga	6	0	0														not_admitted	not_admitted	not_admitted	not_admitted	not_admitted	not_admitted	not_admitted
NZ_CP103480.1	MPF_F	IncFIA;IncFIB(AP001918);IncFII	168	0	0	GA	0															not_admitted	not_admitted	not_admitted	not_admitted	not_admitted	not_admitted	not_admitted	not_admitted	not_admitted	not_admitted	1	40;30322;31314;+;367.4	51;37000;38373;+;380.9	44;34043;34786;+;235.0	37;26686;29313;+;305.4	52;38370;41195;+;385.9	31;23204;24631;+;94.3	37;26686;29313;+;98.5	29;21923;22489;+;183.8	41;31323;31961;+;68.6	42;31958;33766;+;268.3	55;42698;44887;+;391.3	35;25655;26170;+;78.4	55;42698;44887;+;70.4	A	9/9	contiguous	20775	1	1	41192..41701+;169;unnamed;0
NZ_CP103481.1	MPF_F	IncFII;IncN	141	1	1	GA	1	83;64210;64719;-;77.3		136;112017;112334;-;63.3	135;110899;112017;-;63.0	135;110899;112017;-;78.6	57;42498;43211;-;105.5	55;41207;42247;-;142.4		54;40290;40988;-;131.9	53;39395;40279;-;159.7	52;38235;39395;-;156.3	42;31381;32337;-;81.3	36;24754;26283;+;38.5	103;78828;80678;+;266.1	pfam	both	A	7/7	canonical	1	0	unscoreable	43	0	1	100;76857;77849;+;369.5	110;83628;85001;+;381.7	105;80955;81698;+;234.4	97;73218;75848;+;304.1	111;84998;87820;+;374.0	52;38235;39395;-;156.3	97;73218;75848;+;97.1	88;67487;68053;+;174.3	102;78193;78831;+;68.6	103;78828;80678;+;266.1	115;90092;92344;+;391.1	93;71079;71594;+;78.4	115;90092;92344;+;70.3	A	9/9	split_2	51857	1	1	87842..88321+;159;TraS;0
NZ_CP103482.1	-	-	48	0	0	GA	1	20;12546;13127;+;46.4		22;13569;13892;+;35.4	23;13894;16323;+;61.6	23;13894;16323;+;36.1	24;16546;17214;+;27.0	26;17720;18766;+;107.3		28;18967;19713;+;151.2	29;19710;20507;+;175.1	30;20497;21720;+;141.7	31;21720;22733;+;111.6	32;23053;25074;+;263.3		pfam	pfam_only	A	7/7	canonical	1	0	unscoreable	4	0	0														not_admitted	not_admitted	not_admitted	not_admitted	not_admitted	not_admitted	not_admitted
NZ_CP103490.1	MPF_T	ColKP3;IncX3	65	0	0	GA	1	3;2256;2900;+;46.4	4;2884;3174;+;73.1	5;3199;5952;+;47.0	5;3199;5952;+;142.4	5;3199;5952;+;73.3	6;5962;6732;+;60.1	8;7011;8066;+;132.8		9;8261;8989;+;119.4	10;8995;9924;+;138.8	11;9921;11135;+;128.3	13;11331;12365;+;65.7	14;12368;14203;+;495.9		pfam	pfam_only	A	7/7	canonical	1	1	unscoreable	2	0	0														not_admitted	not_admitted	not_admitted	not_admitted	not_admitted	not_admitted	not_admitted
NZ_CP103496.1	MPF_F	IncFII(pECLA);IncR	95	0	0	GA	0															not_admitted	not_admitted	not_admitted	not_admitted	not_admitted	not_admitted	not_admitted	not_admitted	not_admitted	not_admitted	1	75;57619;58617;+;359.9	84;63854;65218;+;363.9	78;61104;61886;+;212.9	67;52076;54685;+;223.4	85;65218;68508;+;308.8	61;47831;49240;+;97.1	67;52076;54685;+;103.5	59;46501;47082;+;96.9	76;58628;59251;+;63.5	77;59248;61107;+;213.0	89;70698;72485;+;362.4	65;51274;51828;+;44.0	89;70698;72485;+;71.9	A	9/9	contiguous	24197	1	1	68510..69199+;229;unnamed;0
NZ_CP103501.1	-	IncFIA(HI1);IncFII(K)	86	0	0	GA	0															not_admitted	not_admitted	not_admitted	not_admitted	not_admitted	not_admitted	not_admitted	not_admitted	not_admitted	not_admitted	1	72;57545;58543;+;370.9	77;62274;63638;+;352.8	75;60903;61676;+;208.9	69;53886;56507;+;214.6	78;63641;66511;+;238.4	66;51595;52926;+;86.5	69;53886;56507;+;89.0	64;50314;50889;+;87.7	73;58513;58941;+;63.5	74;58969;60906;+;232.0	80;67238;69370;+;375.4	68;53347;53877;+;32.9	80;67238;69370;+;65.1	A	9/9	contiguous	16924	1	1	66520..67083+;187;unnamed;0
NZ_CP103504.1	MPF_F	IncHI1B(pNDM-MAR)	266	0	0	GA	0															not_admitted	not_admitted	not_admitted	not_admitted	not_admitted	not_admitted	not_admitted	not_admitted	not_admitted	not_admitted	1	35;32708;33745;-;282.3	139;126839;128248;-;190.4	140;128238;129275;-;175.7	49;45802;48519;-;149.6	138;122869;126837;-;121.3	53;50632;52002;-;65.6	49;45802;48519;-;85.2	56;53648;54508;-;79.0	36;33742;35103;-;69.9	34;29513;32698;-;59.9	148;136475;138601;+;57.7	50;48564;49301;-;56.9	148;136475;138601;+;41.0	A	9/9	split_2	106962	0	1	
NZ_CP103509.1	MPF_F	Col156;IncFIA;IncFIB(AP001918);IncFII(pRSB107)	126	0	0	GA	0															not_admitted	not_admitted	not_admitted	not_admitted	not_admitted	not_admitted	not_admitted	not_admitted	not_admitted	not_admitted	1	74;66984;67976;-;369.5		69;64661;65206;-;44.4	77;68985;71612;-;303.9		83;73497;74948;-;94.1	77;68985;71612;-;96.5	85;75663;76229;-;184.3			63;59221;61437;-;391.8	80;72128;72643;-;75.2	63;59221;61437;-;70.3	D	5/9	contiguous	16442	0	0	
NZ_CP103514.1	MPF_F	IncC	232	0	0	GA	0															not_admitted	not_admitted	not_admitted	not_admitted	not_admitted	not_admitted	not_admitted	not_admitted	not_admitted	not_admitted	1	59;50142;51149;-;332.9	180;143344;144777;-;339.2	181;144779;145807;-;221.7	64;53901;56348;-;354.2	179;139717;143331;-;375.3	123;106264;107424;-;156.3	64;53901;56348;-;128.6	71;66073;66699;-;92.1	61;51814;53079;-;67.6	58;47231;50026;-;145.3	80;70509;72374;-;47.4	68;63284;63862;-;100.2	80;70509;72374;-;52.0	A	9/9	split_3	97548	0	1	
NZ_CP103516.1	MPF_F	IncFIA;IncFIB(AP001918);IncFII	230	0	0	GA	0															not_admitted	not_admitted	not_admitted	not_admitted	not_admitted	not_admitted	not_admitted	not_admitted	not_admitted	not_admitted	1	42;31751;32743;+;367.4	53;38429;39802;+;380.9	46;35472;36215;+;235.0	39;28115;30742;+;305.4	54;39799;42624;+;385.9	33;24633;26060;+;94.3	39;28115;30742;+;98.5	31;23352;23918;+;182.1	43;32752;33390;+;68.6	44;33387;35195;+;268.3	57;44127;46316;+;391.3	37;27084;27599;+;78.4	57;44127;46316;+;70.4	A	9/9	contiguous	20775	1	1	42621..43130+;169;unnamed;0
NZ_CP103530.1	MPF_F	IncFIA;IncFII	140	0	0	GA	0															not_admitted	not_admitted	not_admitted	not_admitted	not_admitted	not_admitted	not_admitted	not_admitted	not_admitted	not_admitted	1	44;40718;41710;+;371.6	53;46772;48145;+;380.7	48;44439;45182;+;233.0	41;37082;39709;+;303.5	54;48142;50961;+;386.2	35;33496;34923;+;91.9	41;37082;39709;+;98.5	33;32215;32781;+;182.9	45;41719;42357;+;64.9	46;42354;44162;+;268.2	57;52493;54727;+;391.7	40;36051;36566;+;76.4	57;52493;54727;+;70.3	A	9/9	contiguous	20278	1	1	50986..51477+;163;TraS;0
NZ_CP103531.1	MPF_T	IncX1;IncX3	67	0	0	GA	1	65;53261;53908;+;45.2	66;53886;54182;+;77.5	0;1;2754;+;47.9	0;1;2754;+;147.9	0;1;2754;+;75.3	1;2765;3523;+;67.3	3;3761;4894;+;106.4		4;5139;5852;+;120.0	5;5857;6786;+;133.8	6;6783;7988;+;132.5	7;7990;9021;+;76.2	8;9024;10859;+;486.7		pfam	pfam_only	A	7/7	canonical	1	1	unscoreable	1	0	0														not_admitted	not_admitted	not_admitted	not_admitted	not_admitted	not_admitted	not_admitted
NZ_CP103536.1	MPF_T	IncN	70	0	0	GA	1	68;53643;54377;+;32.5		1;344;661;+;63.3	2;661;3261;+;113.8	2;661;3261;+;76.4	3;3279;3992;+;105.5	5;4243;5283;+;142.4		6;5502;6200;+;131.9	7;6211;7095;+;159.7	8;7095;8255;+;156.3	9;8297;9292;+;81.2	33;29350;30879;-;38.5		pfam	both	A	7/7	canonical	1	0	unscoreable	1	0	0														not_admitted	not_admitted	not_admitted	not_admitted	not_admitted	not_admitted	not_admitted
NZ_CP103537.1	MPF_T	IncX1	39	0	0	GA	1	3;2761;3408;+;45.2	4;3386;3682;+;77.5	5;3701;6454;+;47.9	5;3701;6454;+;147.9	5;3701;6454;+;75.3	6;6465;7214;+;67.5	8;7525;8586;+;135.0		9;8831;9544;+;120.0	10;9549;10478;+;133.8	11;10475;11680;+;132.5	12;11682;12713;+;79.0	13;12716;14551;+;489.3		pfam	pfam_only	A	7/7	canonical	1	1	unscoreable	1	0	0														not_admitted	not_admitted	not_admitted	not_admitted	not_admitted	not_admitted	not_admitted
NZ_CP103541.1	MPF_F	IncFIA;IncFIB(AP001918);IncFII	154	0	0	GA	0															not_admitted	not_admitted	not_admitted	not_admitted	not_admitted	not_admitted	not_admitted	not_admitted	not_admitted	not_admitted	1	52;46954;47946;+;369.3	63;53631;55004;+;380.9	56;50645;51418;+;234.0	49;43318;45945;+;303.5	64;55001;57826;+;385.9	43;39732;41159;+;91.9	49;43318;45945;+;98.5	41;38451;39017;+;182.9	53;47955;48593;+;68.7	54;48590;50398;+;268.0	67;59329;61518;+;391.3	48;42287;42802;+;76.4	67;59329;61518;+;70.4	A	9/9	contiguous	20878	1	1	57823..58332+;169;unnamed;0
NZ_CP103545.1	MPF_F	IncFIB(AP001918);IncFIC(FII)	153	0	0	GA	0															not_admitted	not_admitted	not_admitted	not_admitted	not_admitted	not_admitted	not_admitted	not_admitted	not_admitted	not_admitted	1	103;91358;92350;-;369.3	92;84299;85672;-;378.0	99;87886;88629;-;234.1	106;93359;95986;-;305.4	91;81480;84302;-;389.5	112;98041;99468;-;94.3	106;93359;95986;-;94.4	114;100183;100749;-;183.8	102;90711;91349;-;68.4	101;88906;90714;-;268.4	88;77789;79951;-;391.8	108;96502;97017;-;78.4	88;77789;79951;-;70.4	A	9/9	contiguous	22394	1	1	80967..81458-;163;TraS;0
NZ_CP103551.1	MPF_F	IncFIB(pQil);IncFII(K)	132	0	0	GA	0															not_admitted	not_admitted	not_admitted	not_admitted	not_admitted	not_admitted	not_admitted	not_admitted	not_admitted	not_admitted	1	78;75369;76358;-;366.0	68;68455;69822;-;380.7	72;71080;71832;-;233.7	82;77801;80440;-;258.5	67;65606;68455;-;345.6	90;83697;85121;-;88.8	82;77801;80440;-;88.7	92;85848;86414;-;169.3	77;74718;75356;-;67.0	76;72704;74659;-;259.7	63;60808;63120;-;392.7	89;82999;83583;-;55.4	63;60808;63120;-;66.5	A	9/9	contiguous	25040	1	1	65045..65593-;182;unnamed;0
NZ_CP103555.1	MPF_F	IncFIB(K)	210	0	0	GA	0															not_admitted	not_admitted	not_admitted	not_admitted	not_admitted	not_admitted	not_admitted	not_admitted	not_admitted	not_admitted	1	164;155540;156529;-;363.3	153;148354;149721;-;380.5	157;150979;151731;-;233.7	168;157986;160625;-;259.0	152;145505;148354;-;346.4	178;164592;166016;-;89.5	168;157986;160625;-;88.7	180;166743;167309;-;167.0	162;154617;155264;-;66.9	161;152603;154558;-;259.7	145;139670;141979;-;393.1	176;163396;163980;-;53.8	145;139670;141979;-;66.6	A	9/9	contiguous	27073	1	1	144972..145502-;176;unnamed;0
NZ_CP103563.1	MPF_F	Col156;IncFIB(AP001918);IncFII	278	0	0	GA	0															not_admitted	not_admitted	not_admitted	not_admitted	not_admitted	not_admitted	not_admitted	not_admitted	not_admitted	not_admitted	1	139;123656;124648;-;369.5	128;116500;117873;-;385.7	134;119807;120550;-;234.1	142;125657;128284;-;304.2	127;113681;116503;-;385.6	148;130169;131620;-;93.9	142;125657;128284;-;97.2	150;132335;132901;-;183.8	137;122674;123312;-;68.7	136;120827;122677;-;266.7	123;109228;111435;-;391.8	145;128800;129315;-;75.7	123;109228;111435;-;70.3	A	9/9	contiguous	23107	1	1	113180..113659-;159;TraS;0
NZ_CP103564.1	MPF_T	IncX4	55	0	0	GA	1	42;24983;25603;+;46.9	43;25617;25943;+;64.4	44;25962;28709;+;62.7	44;25962;28709;+;151.8	44;25962;28709;+;46.1	45;28721;29437;+;97.3	46;29448;30527;+;157.5		48;31042;31728;+;167.4	49;31725;32633;+;142.4	50;32626;33744;+;163.9	51;33746;34774;+;85.0	52;34806;36623;+;316.5		pfam	pfam_only	A	7/7	canonical	1	1	unscoreable	1	0	0														not_admitted	not_admitted	not_admitted	not_admitted	not_admitted	not_admitted	not_admitted
NZ_CP103571.1	MPF_F	IncFIA;IncFIB(AP001918);IncFII	193	0	0	GA	0															not_admitted	not_admitted	not_admitted	not_admitted	not_admitted	not_admitted	not_admitted	not_admitted	not_admitted	not_admitted	1	42;31750;32742;+;367.4	53;38428;39801;+;380.9	46;35471;36214;+;235.0	39;28114;30741;+;305.4	54;39798;42623;+;385.9	33;24632;26059;+;94.3	39;28114;30741;+;98.5	31;23351;23917;+;182.1	43;32751;33389;+;68.6	44;33386;35194;+;268.3	57;44126;46324;+;391.3	37;27083;27598;+;78.4	57;44126;46324;+;70.4	A	9/9	contiguous	20775	1	1	42620..43129+;169;unnamed;0
NZ_CP103580.1	MPF_F	IncFIB(K)	189	0	0	GA	0															not_admitted	not_admitted	not_admitted	not_admitted	not_admitted	not_admitted	not_admitted	not_admitted	not_admitted	not_admitted	1	143;137631;138620;-;363.3	132;130445;131812;-;380.5	136;133070;133822;-;233.7	147;140077;142716;-;259.0	131;127596;130445;-;346.4	157;146683;148107;-;89.5	147;140077;142716;-;88.7	159;148834;149400;-;167.0	141;136708;137355;-;66.9	140;134694;136649;-;259.7	124;121761;124070;-;393.1	155;145487;146071;-;53.8	124;121761;124070;-;66.6	A	9/9	contiguous	27073	1	1	127063..127593-;176;unnamed;0
NZ_CP103583.1	MPF_F	IncFIB(K)	195	0	0	GA	0															not_admitted	not_admitted	not_admitted	not_admitted	not_admitted	not_admitted	not_admitted	not_admitted	not_admitted	not_admitted	1	149;143395;144384;-;363.3	138;136209;137576;-;380.5	142;138834;139586;-;233.7	153;145841;148480;-;259.0	137;133360;136209;-;346.4	163;152447;153871;-;89.5	153;145841;148480;-;88.7	165;154598;155164;-;167.0	147;142472;143119;-;66.9	146;140458;142413;-;259.7	130;127525;129834;-;393.1	161;151251;151835;-;53.8	130;127525;129834;-;66.6	A	9/9	contiguous	27073	1	1	132827..133357-;176;unnamed;0
NZ_CP103587.1	MPF_F	ColKP3;IncFIB(K);IncFII(K);IncX3	302	1	1	GA	1	278;260862;261347;+;82.5	163;159543;159833;+;73.1	164;159858;162611;+;47.0	164;159858;162611;+;142.4	164;159858;162611;+;73.3	165;162621;163391;+;60.1	167;163670;164725;+;132.8		168;164920;165648;+;119.4	169;165654;166583;+;138.8	170;166580;167794;+;128.3	172;167990;169024;+;65.7	173;169027;170862;+;495.9	253;243322;245277;-;259.5	pfam	pfam_only	A	7/7	canonical	1	1	unscoreable	20	0	1	256;246259;247248;-;363.3	245;239073;240440;-;382.2	249;241698;242450;-;236.4	260;248705;251344;-;259.0	244;236230;239073;-;342.9	170;166580;167794;+;128.3	260;248705;251344;-;87.6	273;257462;258028;-;167.9	254;245336;245983;-;65.9	253;243322;245277;-;259.5	240;231333;233645;-;392.8	268;254115;254699;-;53.8	173;169027;170862;+;88.7	A	9/9	split_2	90882	1	1	235695..236219-;174;unnamed;0
NZ_CP103597.1	MPF_F	IncFIB(AP001918)	134	0	0	GA	0															not_admitted	not_admitted	not_admitted	not_admitted	not_admitted	not_admitted	not_admitted	not_admitted	not_admitted	not_admitted	1	75;83928;84920;-;369.3	66;77493;78866;-;381.0	71;80456;81199;-;231.6	78;85929;88556;-;306.4	65;74671;77496;-;386.0	84;90611;92038;-;94.3	78;85929;88556;-;98.5	86;92753;93319;-;183.3	74;83281;83919;-;68.7	73;81476;83284;-;267.9	62;71014;73167;-;391.8	80;89072;89587;-;77.3	62;71014;73167;-;70.4	A	9/9	contiguous	21739	1	1	74165..74674-;169;unnamed;0
NZ_CP103598.1	MPF_T	Col(MGD2);Col(pHAD28);IncN	76	0	0	GA	1	11;7786;8520;+;32.5	13;8820;9113;+;28.7	14;9163;9480;+;63.3	15;9480;12080;+;111.8	15;9480;12080;+;76.8	16;12098;12811;+;97.1	18;13062;14102;+;153.6		19;14321;15019;+;131.9	20;15030;15914;+;159.0	21;15914;17074;+;154.9	22;17116;18111;+;81.2	28;24121;25650;-;38.5		pfam	both	A	7/7	canonical	1	0	unscoreable	7	0	0														not_admitted	not_admitted	not_admitted	not_admitted	not_admitted	not_admitted	not_admitted
NZ_CP103600.1	MPF_T	-	42	0	0	GA	1	27;16302;16910;+;47.6	28;16903;17190;+;67.2	29;17209;19968;+;44.6	29;17209;19968;+;143.7	29;17209;19968;+;65.1	30;19981;20739;+;68.2	32;21019;22080;+;136.2		34;22201;22926;+;146.3	35;22865;23851;+;144.4	36;23848;25302;+;137.9	37;25304;26335;+;74.8	38;26337;28304;+;421.3		pfam	pfam_only	A	7/7	canonical	1	1	unscoreable	2	0	0														not_admitted	not_admitted	not_admitted	not_admitted	not_admitted	not_admitted	not_admitted
NZ_CP103607.1	MPF_F	IncFIB(pQil);IncFII(K)	133	0	0	GA	0															not_admitted	not_admitted	not_admitted	not_admitted	not_admitted	not_admitted	not_admitted	not_admitted	not_admitted	not_admitted	1	78;75404;76393;-;366.0	68;68490;69857;-;380.7	72;71115;71867;-;233.7	82;77836;80475;-;258.5	67;65641;68490;-;345.6	90;83732;85156;-;88.8	82;77836;80475;-;88.7	92;85883;86449;-;169.3	77;74753;75391;-;67.0	76;72739;74694;-;259.7	63;60843;63155;-;392.7	89;83034;83618;-;55.4	63;60843;63155;-;66.5	A	9/9	contiguous	25040	1	1	65080..65628-;182;unnamed;0
NZ_CP103612.1	MPF_F	IncFIB(pECLA);IncFII(pENTA)	175	0	0	GA	0															not_admitted	not_admitted	not_admitted	not_admitted	not_admitted	not_admitted	not_admitted	not_admitted	not_admitted	not_admitted	1	129;125503;126501;-;361.5	120;118881;120245;-;360.1	126;122234;123016;-;214.9	137;129856;132465;-;214.8	119;115483;118881;-;307.7	143;134830;136233;-;90.6	137;129856;132465;-;103.7	145;136982;137563;-;103.9	128;124869;125492;-;61.4	127;123013;124872;-;211.7	115;110700;113291;-;366.8	139;132713;133252;-;46.8	115;110700;113291;-;71.1	A	9/9	contiguous	26282	1	1	114792..115481-;229;unnamed;0
NZ_CP103615.1	MPF_F	IncFIB(K)	189	0	0	GA	0															not_admitted	not_admitted	not_admitted	not_admitted	not_admitted	not_admitted	not_admitted	not_admitted	not_admitted	not_admitted	1	143;137631;138620;-;363.3	132;130445;131812;-;380.5	136;133070;133822;-;233.7	147;140077;142716;-;259.0	131;127596;130445;-;346.4	157;146683;148107;-;89.5	147;140077;142716;-;88.7	159;148834;149400;-;167.0	141;136708;137355;-;66.9	140;134694;136649;-;259.7	124;121761;124070;-;393.1	155;145487;146071;-;53.8	124;121761;124070;-;66.6	A	9/9	contiguous	27073	1	1	127063..127593-;176;unnamed;0
NZ_CP103619.1	MPF_F	IncFIB(K);IncFII(K);IncFII(pAR0022)	242	0	0	GA	0															not_admitted	not_admitted	not_admitted	not_admitted	not_admitted	not_admitted	not_admitted	not_admitted	not_admitted	not_admitted	1	153;150922;151911;-;366.6	143;144008;145375;-;384.1	147;146633;147385;-;233.7	157;153368;156007;-;258.5	142;141186;144008;-;346.4	167;159911;161335;-;89.5	157;153368;156007;-;88.7	169;162062;162628;-;167.0	152;150271;150909;-;66.9	151;148257;150212;-;259.4	138;136261;138570;-;393.1	165;158715;159299;-;53.8	138;136261;138570;-;66.6	A	9/9	contiguous	25801	1	1	140561..141163-;200;TraS;0
NZ_CP103622.1	MPF_F	Col(pHAD28);IncFIB(K);IncFII(K);IncQ1	264	0	0	GA	0															not_admitted	not_admitted	not_admitted	not_admitted	not_admitted	not_admitted	not_admitted	not_admitted	not_admitted	not_admitted	1	146;145699;146688;-;363.3	135;138514;139881;-;381.2	139;141138;141890;-;233.7	150;148145;150784;-;259.0	134;135665;138514;-;346.5	161;154752;156176;-;88.0	150;148145;150784;-;88.7	163;156903;157469;-;167.9	144;144776;145423;-;65.1	143;142762;144717;-;259.5	130;131540;133849;-;392.7	158;153556;154140;-;53.1	130;131540;133849;-;66.6	A	9/9	contiguous	25363	1	1	135132..135662-;176;unnamed;0
NZ_CP103627.1	MPF_F	IncFIB(AP001918);IncFIC(FII)	162	0	0	GA	0															not_admitted	not_admitted	not_admitted	not_admitted	not_admitted	not_admitted	not_admitted	not_admitted	not_admitted	not_admitted	1	109;96906;97898;-;369.3	98;89847;91220;-;378.0	105;93434;94177;-;234.1	116;103049;104074;-;226.9	97;87028;89850;-;389.5	122;106129;107556;-;94.3	112;98907;100514;-;100.4	124;108271;108837;-;183.8	108;96259;96897;-;68.4	107;94454;96262;-;268.4	94;83346;85499;-;391.9	118;104590;105105;-;78.4	94;83346;85499;-;70.4	A	9/9	contiguous	24925	1	1	86515..87006-;163;TraS;0
NZ_CP103634.1	MPF_F	IncFIA;IncFIB(AP001918);IncFII	178	0	0	GA	0															not_admitted	not_admitted	not_admitted	not_admitted	not_admitted	not_admitted	not_admitted	not_admitted	not_admitted	not_admitted	1	42;31751;32743;+;367.4	53;38429;39802;+;380.9	46;35472;36215;+;235.0	39;28115;30742;+;305.4	54;39799;42624;+;385.9	33;24633;26060;+;94.3	39;28115;30742;+;98.5	31;23352;23918;+;182.1	43;32752;33390;+;68.6	44;33387;35195;+;268.3	57;44127;46325;+;391.3	37;27084;27599;+;78.4	57;44127;46325;+;70.4	A	9/9	contiguous	20775	1	1	42621..43130+;169;unnamed;0
NZ_CP103636.1	MPF_F	IncFIB(K);IncFII(K)	260	0	0	GA	0															not_admitted	not_admitted	not_admitted	not_admitted	not_admitted	not_admitted	not_admitted	not_admitted	not_admitted	not_admitted	1	214;208676;209665;-;363.3	203;201490;202857;-;382.2	207;204115;204867;-;236.4	218;211122;213761;-;259.0	202;198647;201490;-;342.9	229;217728;219152;-;88.8	218;211122;213761;-;87.6	231;219879;220445;-;167.9	212;207753;208400;-;65.9	211;205739;207694;-;259.5	198;193750;196062;-;392.8	226;216532;217116;-;53.8	198;193750;196062;-;65.9	A	9/9	contiguous	26129	1	1	198112..198636-;174;unnamed;0
NZ_CP103640.1	MPF_F	IncFIB(K)	189	0	0	GA	0															not_admitted	not_admitted	not_admitted	not_admitted	not_admitted	not_admitted	not_admitted	not_admitted	not_admitted	not_admitted	1	143;137631;138620;-;363.3	132;130445;131812;-;380.5	136;133070;133822;-;233.7	147;140077;142716;-;259.0	131;127596;130445;-;346.4	157;146683;148107;-;89.5	147;140077;142716;-;88.7	159;148834;149400;-;167.0	141;136708;137355;-;66.9	140;134694;136649;-;259.7	124;121761;124070;-;393.1	155;145487;146071;-;53.8	124;121761;124070;-;66.6	A	9/9	contiguous	27073	1	1	127063..127593-;176;unnamed;0
NZ_CP103646.1	MPF_F	IncFIA;IncFIB(AP001918);IncFII	215	0	0	GA	0															not_admitted	not_admitted	not_admitted	not_admitted	not_admitted	not_admitted	not_admitted	not_admitted	not_admitted	not_admitted	1	43;34418;35410;+;367.4	54;41096;42469;+;380.9	47;38139;38882;+;235.0	40;30782;33409;+;305.4	55;42466;45291;+;385.9	34;27300;28727;+;94.3	40;30782;33409;+;98.5	32;26019;26585;+;183.8	44;35419;36057;+;68.6	45;36054;37862;+;268.3	58;46794;48983;+;391.3	38;29751;30266;+;78.4	58;46794;48983;+;70.4	A	9/9	contiguous	20775	1	1	45288..45797+;169;unnamed;0
NZ_CP103662.1	MPF_F	IncFII(pSE11)	63	0	0	GA	0															not_admitted	not_admitted	not_admitted	not_admitted	not_admitted	not_admitted	not_admitted	not_admitted	not_admitted	not_admitted	1	49;43127;44119;+;369.5		56;47998;48741;+;234.4	46;39488;42118;+;300.9	0;1;2826;+;386.5	39;34800;36227;+;94.1	46;39488;42118;+;101.1	37;33519;34085;+;177.4	51;44463;45101;+;70.8	54;45913;47721;+;267.1	3;4330;6528;+;391.8	43;37349;37864;+;77.9	3;4330;6528;+;70.3	B	8/9	split_2	47997	1	1	2823..3332+;169;unnamed;0
NZ_CP103663.1	MPF_T	IncX10	60	0	0	GA	1	3;2248;2892;+;47.4	4;2876;3166;+;71.9	5;3191;5944;+;47.0	5;3191;5944;+;148.7	5;3191;5944;+;73.6	6;5954;6709;+;60.2	8;6984;8039;+;128.6		9;8234;8962;+;118.8	10;8968;9897;+;139.9	11;9894;11108;+;128.3	13;11304;12338;+;65.5	14;12341;14176;+;497.4		pfam	pfam_only	A	7/7	canonical	1	1	unscoreable	2	0	0														not_admitted	not_admitted	not_admitted	not_admitted	not_admitted	not_admitted	not_admitted
NZ_CP103665.1	MPF_F	IncHI2;IncHI2A	291	0	0	GA	0															not_admitted	not_admitted	not_admitted	not_admitted	not_admitted	not_admitted	not_admitted	not_admitted	not_admitted	not_admitted	1	77;78154;79212;-;276.9	207;198684;200099;+;194.1	206;197648;198694;+;173.7	95;99851;102532;-;168.0	208;200108;204058;+;101.6	99;104862;106217;-;80.7	95;99851;102532;-;72.2	102;107941;108729;-;74.8	79;79354;80865;-;62.7	76;74947;78135;-;58.3	198;187457;189031;-;58.2	96;102541;103491;-;46.4	198;187457;189031;-;39.5	A	9/9	split_3	125161	0	1	
NZ_CP103666.1	MPF_F	IncFIB(pNDM-Mar);IncHI1B(pNDM-MAR)	277	0	0	GA	0															not_admitted	not_admitted	not_admitted	not_admitted	not_admitted	not_admitted	not_admitted	not_admitted	not_admitted	not_admitted	1	36;33573;34610;-;282.3	148;141556;142965;+;190.4	147;140529;141566;+;175.7	48;45442;48159;-;149.6	149;142967;146935;+;121.3	52;50272;51642;-;65.6	48;45442;48159;-;84.1	55;53288;54148;-;79.0	37;34607;35968;-;69.9	35;30378;33563;-;59.2	140;131204;133330;-;57.7	49;48204;48941;-;60.0	140;131204;133330;-;41.0	A	9/9	split_2	112589	0	1	
NZ_CP103667.1	MPF_F	IncR	137	0	0	GA	0															not_admitted	not_admitted	not_admitted	not_admitted	not_admitted	not_admitted	not_admitted	not_admitted	not_admitted	not_admitted	1	55;39041;40030;+;366.6			51;34945;37584;+;258.5		43;29628;31052;+;88.1	51;34945;37584;+;88.7	41;28335;28901;+;169.3	56;40043;40681;+;66.9	57;40740;42695;+;259.7	63;45550;47859;+;393.1	44;31124;31708;+;54.3	63;45550;47859;+;66.6	C	6/9	contiguous	17215	0	1	
NZ_CP103675.1	MPF_F	IncFIB(pB171)	92	0	0	GA	0															not_admitted	not_admitted	not_admitted	not_admitted	not_admitted	not_admitted	not_admitted	not_admitted	not_admitted	not_admitted	1	53;55129;56115;-;361.2	46;49295;50665;-;375.1	50;51876;52631;-;217.1	56;57103;59733;-;287.9	45;46413;49295;-;330.9	60;60796;62199;-;90.6	56;57103;59733;-;97.2	62;62916;63482;-;166.8	52;54491;55114;-;68.3	51;52641;54494;-;251.4	43;43309;45504;-;384.7	59;60249;60785;-;55.6	43;43309;45504;-;64.9	A	9/9	contiguous	19607	1	1	45869..46402-;177;unnamed;0
NZ_CP103677.1	MPF_F	IncFIB(K);IncFII(K)	215	0	0	GA	0															not_admitted	not_admitted	not_admitted	not_admitted	not_admitted	not_admitted	not_admitted	not_admitted	not_admitted	not_admitted	1	169;169711;170700;-;363.3	158;162525;163892;-;382.2	162;165150;165902;-;236.4	173;172157;174796;-;259.0	157;159682;162525;-;342.9	184;178763;180187;-;88.8	173;172157;174796;-;87.6	186;180914;181480;-;167.9	167;168788;169435;-;65.9	166;166774;168729;-;259.5	153;154785;157097;-;392.8	181;177567;178151;-;53.8	153;154785;157097;-;65.9	A	9/9	contiguous	26129	1	1	159147..159671-;174;unnamed;0
NZ_CP103680.1	MPF_F	IncHI1A(NDM-CIT);IncHI1B(pNDM-CIT)	396	1	1	GA	1		48;44222;44608;+;89.6	49;44605;44874;+;32.5	163;165281;167731;+;42.3	163;165281;167731;+;138.4	51;47334;48077;+;226.2	53;48413;49780;+;179.3		54;49799;50503;+;235.7	168;170896;171888;+;224.4	56;51495;52778;+;206.6	47;43156;44235;+;118.3	158;161080;163095;+;346.4	85;77881;81057;-;57.9	conjscan	conjscan_only	A	7/7	rearranged	1	0	unscoreable	6	0	1	86;81076;81783;-;214.6	266;240688;241296;+;136.0	265;239652;240698;+;168.3	103;100584;103265;-;156.8	271;244562;248551;+;103.1	56;51495;52778;+;206.6	103;100584;103265;-;73.5	110;108638;109423;-;69.5	88;82276;83784;-;62.3	85;77881;81057;-;57.9	158;161080;163095;+;105.6	104;103274;104224;-;45.4	158;161080;163095;+;99.4	A	9/9	split_4	193067	0	1	
NZ_CP103684.1	MPF_F	IncHI1A(NDM-CIT);IncHI1B(pNDM-CIT)	446	1	1	GA	1		28;24953;25339;-;89.6	27;24687;24956;-;32.5	359;299957;302407;-;42.3	359;299957;302407;-;138.4	25;21484;22227;-;226.2	23;19781;21148;-;179.3		22;19058;19762;-;235.7	354;295800;296792;-;224.4	20;16783;18066;-;206.6	29;25326;26405;-;118.3	364;304593;306608;-;346.4	437;386631;389807;+;57.9	conjscan	conjscan_only	A	7/7	canonical	1	0	unscoreable	6	0	1	436;385905;386612;+;214.6	256;226392;227000;-;136.0	257;226990;228036;-;168.3	419;364423;367104;+;156.8	251;219137;223126;-;103.1	20;16783;18066;-;206.6	419;364423;367104;+;73.5	412;358265;359050;+;69.5	434;383904;385412;+;62.3	437;386631;389807;+;57.9	364;304593;306608;-;105.6	418;363464;364414;+;45.4	364;304593;306608;-;99.4	A	9/9	split_4	369848	0	1	
NZ_CP103688.1	MPF_F	IncFIB(K);IncFII(K)	201	0	0	GA	0															not_admitted	not_admitted	not_admitted	not_admitted	not_admitted	not_admitted	not_admitted	not_admitted	not_admitted	not_admitted	1	146;142447;143439;-;366.6	136;135626;136996;-;381.2	140;138198;138950;-;232.4	149;144465;147104;-;258.7	135;132777;135626;-;344.2	158;150919;152343;-;89.2	149;144465;147104;-;88.8	160;153070;153636;-;167.0	145;141796;142434;-;67.0	144;139793;141799;-;259.0	131;128651;130963;-;393.2	156;149738;150307;-;49.7	131;128651;130963;-;65.8	A	9/9	contiguous	24419	1	1	132244..132774-;176;unnamed;0
NZ_CP103689.1	MPF_T	IncN	83	0	0	GA	1	27;26773;27510;+;32.0		30;28153;28470;+;63.3	31;28470;31070;+;111.8	31;28470;31070;+;76.4	32;31088;31801;+;105.5	34;32052;33092;+;142.4		35;33311;34009;+;131.9	36;34020;34904;+;159.7	57;50286;51119;+;157.5	58;51161;52156;+;81.2	66;58163;59692;-;38.5		pfam	both	A	7/7	canonical	1	0	unscoreable	10	0	0														not_admitted	not_admitted	not_admitted	not_admitted	not_admitted	not_admitted	not_admitted
NZ_CP103691.1	MPF_F	IncFII(Yp);IncFII(pAR0022);IncHI1A(NDM-CIT);IncHI1B(pNDM-CIT)	498	1	1	GA	1	40;36166;36660;+;77.0	90;81664;82050;-;89.6	89;81398;81667;-;32.5	278;265148;267598;+;42.3	278;265148;267598;+;138.4	87;78195;78938;-;226.2	85;76492;77859;-;179.3		84;75769;76473;-;235.7	283;270763;271755;+;224.4	82;73533;74777;-;206.7	91;82037;83116;-;118.3	273;260947;262962;+;346.4	18;19862;21742;-;251.9	conjscan	conjscan_only	A	7/7	uncallable	0	0	unscoreable	45	0	1	20;22369;23361;-;366.4	11;16061;17431;-;377.3	14;18218;18970;-;228.0	23;24429;27068;-;257.3	10;13191;16061;-;337.3	82;73533;74777;-;206.7	23;24429;27068;-;83.9	34;32704;33270;-;161.5	19;21739;22356;-;68.7	18;19862;21742;-;251.9	8;10081;12381;-;390.5	29;29176;29739;-;55.8	273;260947;262962;+;99.4	A	9/9	split_3	250866	1	1	12617..13057-;146;unnamed;0
NZ_CP103695.1	MPF_F	IncFIB(AP001918);IncFII	146	0	0	GA	0															not_admitted	not_admitted	not_admitted	not_admitted	not_admitted	not_admitted	not_admitted	not_admitted	not_admitted	not_admitted	1	88;83101;84093;-;369.3	77;75678;77051;-;381.0	82;78641;79384;-;235.0	91;85102;87729;-;304.6	76;72859;75681;-;389.2	98;91217;92644;-;94.3	91;85102;87729;-;99.2	100;93359;93925;-;183.8	85;81466;82104;-;68.6	84;79661;81469;-;268.0	73;69163;71325;-;391.6	94;89581;90096;-;78.4	73;69163;71325;-;70.4	A	9/9	contiguous	24196	1	1	72341..72838-;165;TraS;0
NZ_CP103698.1	MPF_F	IncFIB(K);IncFII(K)	184	0	0	GA	0															not_admitted	not_admitted	not_admitted	not_admitted	not_admitted	not_admitted	not_admitted	not_admitted	not_admitted	not_admitted	1	137;134715;135704;-;358.6	126;127529;128896;-;382.2	130;130154;130906;-;236.4	142;138179;139801;-;260.7	125;124686;127529;-;342.9	153;143768;145192;-;88.8	141;137161;138228;-;43.5	155;145919;146485;-;167.9	135;133792;134439;-;65.9	134;131778;133733;-;259.5	121;119789;122101;-;392.8	150;142572;143156;-;53.8	121;119789;122101;-;65.9	A	9/9	contiguous	26130	1	1	124151..124675-;174;unnamed;0
NZ_CP103700.1	MPF_F	IncFIB(K);IncFII(K)	235	0	0	GA	0															not_admitted	not_admitted	not_admitted	not_admitted	not_admitted	not_admitted	not_admitted	not_admitted	not_admitted	not_admitted	1	189;186692;187681;-;363.3	178;179506;180873;-;382.2	182;182131;182883;-;236.4	193;189138;191777;-;259.0	177;176663;179506;-;342.9	204;195744;197168;-;88.8	193;189138;191777;-;87.6	206;197895;198461;-;167.9	187;185769;186416;-;65.9	186;183755;185710;-;259.5	173;171766;174078;-;392.8	201;194548;195132;-;53.8	173;171766;174078;-;65.9	A	9/9	contiguous	26129	1	1	176128..176652-;174;unnamed;0
NZ_CP103705.1	MPF_F	IncFIA;IncFIB(AP001918);IncFII	192	0	0	GA	0															not_admitted	not_admitted	not_admitted	not_admitted	not_admitted	not_admitted	not_admitted	not_admitted	not_admitted	not_admitted	1	42;31751;32743;+;367.4	53;38429;39802;+;380.9	46;35472;36215;+;235.0	39;28115;30742;+;305.4	54;39799;42624;+;385.9	33;24633;26060;+;94.3	39;28115;30742;+;98.5	31;23352;23918;+;182.1	43;32752;33390;+;68.6	44;33387;35195;+;268.3	57;44127;46316;+;391.3	37;27084;27599;+;78.4	57;44127;46316;+;70.4	A	9/9	contiguous	20775	1	1	42621..43130+;169;unnamed;0
NZ_CP103711.1	MPF_F	IncC;IncFII(K)	224	0	0	GA	0															not_admitted	not_admitted	not_admitted	not_admitted	not_admitted	not_admitted	not_admitted	not_admitted	not_admitted	not_admitted	1	73;66061;67068;-;332.9	192;154264;155697;-;339.2	193;155699;156727;-;221.7	78;69820;72267;-;354.5	191;150637;154251;-;375.3	83;79823;81139;-;135.0	78;69820;72267;-;128.3	85;82037;82663;-;92.7	75;67733;68998;-;67.9	72;63147;65945;-;145.3	94;86473;88338;-;47.3	82;79248;79826;-;100.2	94;86473;88338;-;52.0	A	9/9	split_2	92552	0	1	
NZ_CP103712.1	MPF_F	IncFIA;IncFII	92	0	0	GA	0															not_admitted	not_admitted	not_admitted	not_admitted	not_admitted	not_admitted	not_admitted	not_admitted	not_admitted	not_admitted	1	43;34631;35623;+;369.5	55;41677;43050;+;381.7	48;38729;39472;+;233.1	40;30992;33622;+;304.0	56;43047;45869;+;388.5	33;26434;27861;+;93.9	40;30992;33622;+;99.3	31;25153;25719;+;183.1	45;35967;36605;+;68.6	46;36602;38452;+;271.9	60;48141;50285;+;391.3	36;28990;29505;+;73.9	60;48141;50285;+;70.4	A	9/9	contiguous	22988	1	1	45891..46370+;159;TraS;0
NZ_CP103713.1	MPF_T	IncN4	51	0	0	GA	1	31;16984;17718;+;34.9	33;18048;18338;+;45.9	34;18388;18702;+;65.3	35;18702;21332;+;124.9	35;18702;21332;+;86.8	36;21342;22049;+;112.9	38;22308;23351;+;127.4	39;23446;23616;+;41.4	40;23619;24335;+;145.6	41;24338;25225;+;144.4	42;25222;26376;+;174.0	43;26369;27400;+;78.1	48;31808;33385;-;50.6		pfam	both	A	7/7	canonical	1	0	ga	6	0	0														not_admitted	not_admitted	not_admitted	not_admitted	not_admitted	not_admitted	not_admitted
NZ_CP103716.1	MPF_T	IncX4	50	0	0	GA	1	30;18327;18947;+;46.3	31;18961;19287;+;64.4	32;19306;22053;+;63.8	32;19306;22053;+;151.8	32;19306;22053;+;46.1	33;22016;22780;+;93.8	34;22792;23886;+;150.1		36;24401;25087;+;169.0	37;25084;25992;+;142.3	38;25985;27103;+;163.9	39;27105;28133;+;85.0	40;28165;29982;+;317.1		pfam	pfam_only	A	7/7	canonical	1	1	unscoreable	1	0	0														not_admitted	not_admitted	not_admitted	not_admitted	not_admitted	not_admitted	not_admitted
NZ_CP103719.1	MPF_F	IncFIA;IncFIB(AP001918);IncFII;p0111	289	0	0	GA	0															not_admitted	not_admitted	not_admitted	not_admitted	not_admitted	not_admitted	not_admitted	not_admitted	not_admitted	not_admitted	1	44;30311;31303;+;367.4	55;36989;38362;+;380.9	48;34032;34775;+;235.0	41;26675;29302;+;305.4	56;38359;41184;+;385.9	34;23193;24620;+;94.3	41;26675;29302;+;98.5	32;21912;22478;+;183.8	45;31312;31950;+;68.6	46;31947;33755;+;268.3	59;42687;44903;+;391.2	38;25644;26159;+;78.4	59;42687;44903;+;70.4	A	9/9	contiguous	20775	1	1	41181..41690+;169;unnamed;0
NZ_CP103720.1	MPF_F	IncFII	97	0	0	GA	0															not_admitted	not_admitted	not_admitted	not_admitted	not_admitted	not_admitted	not_admitted	not_admitted	not_admitted	not_admitted	1	80;68082;69074;+;364.3	92;75491;76864;+;381.0	85;72323;73066;+;233.6	77;64443;67073;+;297.8	93;76861;79680;+;389.0	67;58997;60424;+;94.7	77;64443;67073;+;100.5	65;57716;58282;+;183.4	82;69561;70199;+;69.8	83;70196;72046;+;264.7	77;64443;67073;+;20.8	71;61549;62064;+;78.0		A	9/9	contiguous	19145	1	1	79705..80196+;163;TraS;0
NZ_CP103723.1	MPF_F	Col440I;IncFII(pKP91);IncR	124	0	0	GA	0															not_admitted	not_admitted	not_admitted	not_admitted	not_admitted	not_admitted	not_admitted	not_admitted	not_admitted	not_admitted	1	54;39885;40874;+;366.6	66;47773;49140;+;384.1	62;45763;46515;+;233.7	50;35789;38428;+;258.5	67;49140;51962;+;346.4	44;31536;32960;+;89.3	50;35789;38428;+;88.7	42;30243;30809;+;169.3	55;40887;41525;+;66.9	56;41584;43539;+;259.7	71;54578;56890;+;393.2	45;33033;33617;+;54.3	71;54578;56890;+;65.9	A	9/9	contiguous	24335	1	1	51985..52587+;200;TraS;0
NZ_CP103724.1	MPF_F	IncFII(Yp)	96	0	0	GA	0															not_admitted	not_admitted	not_admitted	not_admitted	not_admitted	not_admitted	not_admitted	not_admitted	not_admitted	not_admitted	1	70;56999;57991;+;372.3	81;64025;65395;+;383.1	78;62504;63256;+;222.2	67;53334;55973;+;254.8	82;65395;68274;+;333.2	59;48723;50144;+;86.6	67;53334;55973;+;88.2	57;47436;48002;+;159.4	71;58004;58651;+;68.8	73;59028;60983;+;253.1	86;71076;73394;+;390.7	61;50605;51189;+;55.9	86;71076;73394;+;66.8	A	9/9	contiguous	23640	1	1	68291..68959+;222;unnamed;0
NZ_CP103728.1	MPF_F	IncFIB(K)	169	0	0	GA	0															not_admitted	not_admitted	not_admitted	not_admitted	not_admitted	not_admitted	not_admitted	not_admitted	not_admitted	not_admitted	1	123;119204;120193;-;363.3	112;112018;113385;-;380.5	116;114643;115395;-;233.7	127;121650;124289;-;259.0	111;109169;112018;-;346.4	137;128256;129680;-;89.5	127;121650;124289;-;88.7	139;130407;130973;-;167.0	121;118281;118928;-;66.9	120;116267;118222;-;259.7	104;103334;105643;-;393.1	135;127060;127644;-;53.8	104;103334;105643;-;66.6	A	9/9	contiguous	27073	1	1	108636..109166-;176;unnamed;0
NZ_CP103730.1	MPF_F	IncFIB(K);IncFII(K)	266	0	0	GA	0															not_admitted	not_admitted	not_admitted	not_admitted	not_admitted	not_admitted	not_admitted	not_admitted	not_admitted	not_admitted	1	240;235145;236134;+;363.3	251;241953;243320;+;382.2	247;239943;240695;+;236.4	236;231049;233688;+;259.0	252;243320;246163;+;342.9	225;225658;227082;+;88.8	236;231049;233688;+;87.6	223;224365;224931;+;167.9	242;236410;237057;+;65.9	243;237116;239071;+;259.5	256;248748;251060;+;392.8	228;227694;228278;+;53.8	256;248748;251060;+;65.9	A	9/9	contiguous	24383	1	1	246174..246698+;174;unnamed;0
NZ_CP103740.1	MPF_F	Col156;IncFIA;IncFIB(AP001918);IncFII(pRSB107)	231	0	0	GA	0															not_admitted	not_admitted	not_admitted	not_admitted	not_admitted	not_admitted	not_admitted	not_admitted	not_admitted	not_admitted	1	48;38625;39617;+;369.5	61;47021;48394;+;386.6	53;42723;43466;+;231.4	45;34989;37616;+;303.9	62;48391;51210;+;386.3	39;31653;33104;+;94.1	45;34989;37616;+;96.5	37;30372;30938;+;184.3	50;39961;40599;+;68.7	51;40596;42446;+;266.7	66;53468;55675;+;391.8	42;33958;34473;+;75.2	66;53468;55675;+;70.3	A	9/9	contiguous	23096	1	1	51235..51726+;163;TraS;0
NZ_CP103743.1	MPF_F	Col156;IncFIA;IncFIB(AP001918);IncFII(pRSB107)	155	0	0	GA	0															not_admitted	not_admitted	not_admitted	not_admitted	not_admitted	not_admitted	not_admitted	not_admitted	not_admitted	not_admitted	1	32;25452;26444;+;369.5	40;29580;30953;+;382.2	37;28398;28943;+;44.4	28;21815;24442;+;303.9	41;30950;33769;+;386.3	22;18479;19930;+;94.1	28;21815;24442;+;96.5	20;17198;17764;+;184.3			45;36027;38243;+;391.8	25;20784;21299;+;75.2	45;36027;38243;+;70.3	C	7/9	contiguous	18829	1	0	33794..34285+;163;TraS;0
NZ_CP103744.1	MPF_F	IncFII(pCoo)	85	0	0	GA	0															not_admitted	not_admitted	not_admitted	not_admitted	not_admitted	not_admitted	not_admitted	not_admitted	not_admitted	not_admitted	1	44;33399;34391;+;369.5	56;40445;41818;+;381.7	49;37497;38240;+;234.4	41;29760;32390;+;297.8	57;41815;44661;+;384.1	33;24909;26360;+;93.4	41;29760;32390;+;100.2	31;23628;24194;+;174.3	46;34735;35373;+;68.6	47;35370;37220;+;267.6	61;46903;49191;+;391.6	36;27220;27735;+;82.8	61;46903;49191;+;70.3	A	9/9	contiguous	23275	1	1	44658..45167+;169;unnamed;0
NZ_CP103746.1	MPF_F	IncFIB(AP001918);IncFIC(FII)	131	0	0	GA	0															not_admitted	not_admitted	not_admitted	not_admitted	not_admitted	not_admitted	not_admitted	not_admitted	not_admitted	not_admitted	1	61;60659;61651;-;369.3	53;54590;55963;-;380.7	57;57184;57927;-;232.7	64;62660;65287;-;303.5	52;51771;54593;-;380.3	68;67199;68626;-;94.3	64;62660;65287;-;100.3	70;69341;69907;-;183.8	60;60012;60650;-;68.3	59;58207;60015;-;268.3	49;48057;50237;-;391.8	65;65803;66318;-;78.0	49;48057;50237;-;70.4	A	9/9	contiguous	21284	1	1	51253..51750-;165;TraS;0
NZ_CP103747.1	MPF_F	IncFII	104	0	0	GA	0															not_admitted	not_admitted	not_admitted	not_admitted	not_admitted	not_admitted	not_admitted	not_admitted	not_admitted	not_admitted	1	15;11146;12138;+;369.5	25;17917;19290;+;381.7	20;15244;15987;+;234.4	12;7507;10137;+;304.1	26;19287;22109;+;374.0	5;3057;4508;+;94.2	12;7507;10137;+;97.1	3;1776;2342;+;174.3	17;12482;13120;+;68.6	18;13117;14967;+;264.8	30;24381;26606;+;391.1	8;5368;5883;+;78.4	30;24381;26606;+;70.3	A	9/9	contiguous	22605	1	1	22131..22610+;159;TraS;0
NZ_CP103752.1	MPF_F	IncHI2;IncHI2A	265	0	0	GA	0															not_admitted	not_admitted	not_admitted	not_admitted	not_admitted	not_admitted	not_admitted	not_admitted	not_admitted	not_admitted	1	93;92081;92965;+;256.2	210;199889;201304;-;194.1	211;201294;202340;-;173.7	74;67521;70202;+;168.0	209;195930;199880;-;101.6	70;63836;65191;+;80.7	74;67521;70202;+;72.2	67;61324;62112;+;74.8	90;89188;90699;+;62.7	94;92984;96172;+;58.3	217;209381;211465;+;56.7	73;66562;67512;+;46.4	217;209381;211465;+;38.8	A	9/9	split_3	148057	0	1	
NZ_CP103756.1	MPF_F	Col156;IncFIA;IncFIB(AP001918);IncFII	203	0	0	GA	0															not_admitted	not_admitted	not_admitted	not_admitted	not_admitted	not_admitted	not_admitted	not_admitted	not_admitted	not_admitted	1	43;34424;35416;+;367.4	54;41102;42475;+;380.9	47;38145;38888;+;235.0	40;30788;33415;+;305.4	55;42472;45297;+;385.9	34;27306;28733;+;94.3	40;30788;33415;+;98.5	32;26025;26591;+;183.8	44;35425;36063;+;68.6	45;36060;37868;+;268.3	60;49386;50693;+;265.8	38;29757;30272;+;78.4	61;50698;51570;+;51.9	A	9/9	contiguous	24673	1	1	45294..45425+;43;unnamed;0
NZ_CP103757.1	MPF_F	IncFII(pCoo)	87	0	0	GA	0															not_admitted	not_admitted	not_admitted	not_admitted	not_admitted	not_admitted	not_admitted	not_admitted	not_admitted	not_admitted	1	43;31006;31998;+;369.5	55;38052;39425;+;381.7	48;35104;35847;+;234.4	40;27367;29997;+;307.4	56;39422;42247;+;383.7	32;22513;23964;+;93.4	40;27367;29997;+;97.1	30;21232;21798;+;174.3	45;32342;32980;+;68.6	46;32977;34827;+;267.6	60;44489;46696;+;391.7	35;24824;25339;+;82.8	60;44489;46696;+;70.4	A	9/9	contiguous	23257	1	1	42244..42753+;169;unnamed;0
NZ_CP103759.1	MPF_F	IncFIB(AP001918);IncFIC(FII)	149	0	0	GA	0															not_admitted	not_admitted	not_admitted	not_admitted	not_admitted	not_admitted	not_admitted	not_admitted	not_admitted	not_admitted	1	86;76893;77885;-;369.3	75;69834;71207;-;378.0	82;73421;74164;-;234.1	89;78894;81521;-;305.4	74;67015;69837;-;389.5	95;83576;85003;-;94.3	89;78894;81521;-;98.5	97;85718;86284;-;183.8	85;76246;76884;-;68.4	84;74441;76249;-;268.4	71;63333;65486;-;391.9	91;82037;82552;-;78.4	71;63333;65486;-;70.4	A	9/9	contiguous	22385	1	1	66502..66993-;163;TraS;0
NZ_CP103763.1	MPF_F	IncFIA;IncFIB(AP001918);IncFII(pAMA1167-NDM-5);IncQ1	140	0	0	GA	0															not_admitted	not_admitted	not_admitted	not_admitted	not_admitted	not_admitted	not_admitted	not_admitted	not_admitted	not_admitted	1	76;70660;70878;-;32.3			78;71209;73536;-;304.3		84;75421;76872;-;94.1	78;71209;73536;-;96.5	86;77587;78153;-;184.3			78;71209;73536;-;22.4	81;74052;74567;-;75.2		D	4/9	contiguous	6927	0	0	
NZ_CP103839.1	MPF_T	-	109	0	0	GA	1	43;36203;36793;-;62.5	86;70311;70625;-;78.6	85;70042;70308;-;36.2	84;67404;69974;-;34.2	84;67404;69974;-;108.1	83;66599;67384;-;55.0	81;64341;65819;-;93.5		80;63624;64334;-;128.0	79;62605;63597;-;167.7	78;61234;62589;-;214.8	32;25273;26157;-;112.9	41;30885;32942;-;346.5		conjscan	conjscan_only	A	7/7	canonical	1	0	unscoreable	15	0	0														not_admitted	not_admitted	not_admitted	not_admitted	not_admitted	not_admitted	not_admitted
NZ_CP103843.1	-	-	202	0	0	GA	0															not_admitted	not_admitted	not_admitted	not_admitted	not_admitted	not_admitted	not_admitted	not_admitted	not_admitted	not_admitted	1	24;26715;27872;+;246.2	10;11704;13134;+;212.0	9;10532;11704;+;201.4	20;22191;24575;+;228.9	11;13150;16551;+;207.2	17;19686;20975;+;111.1	20;22191;24575;+;110.0	15;18011;18622;+;105.3	23;25399;26718;+;39.6	25;27889;33537;+;68.0	116;117910;119763;-;54.6	18;21048;21737;+;63.4	116;117910;119763;-;42.6	A	9/9	split_2	107378	0	1	
NZ_CP103844.1	MPF_T	-	59	0	0	GA	1	16;12667;13485;-;22.3	14;12136;12426;-;37.2	13;11795;12112;-;66.4	12;9173;11794;-;108.8	12;9173;11794;-;89.2	11;8373;9080;-;107.1	9;6910;7968;-;127.9	8;6619;6801;-;46.6	7;5834;6616;-;117.0	6;4933;5832;-;177.1	5;3800;4936;-;182.0	4;2785;3789;-;74.2	56;41235;42782;+;69.7		pfam	both	A	7/7	canonical	1	0	ga	2	0	0														not_admitted	not_admitted	not_admitted	not_admitted	not_admitted	not_admitted	not_admitted
NZ_CP103846.1	MPF_T	-	45	0	0	GA	1	32;23732;24643;-;41.0	43;33483;33860;-;72.4	42;33187;33486;-;50.4	41;30534;33200;-;63.5	41;30534;33200;-;82.2	40;29869;30531;-;73.5	37;28363;29229;-;148.7		36;27692;28366;-;92.9	35;26885;27667;-;199.1	34;25663;26883;-;176.6	33;24630;25652;-;112.7	21;14740;16314;+;75.6		pfam	both	A	7/7	canonical	1	0	unscoreable	12	0	0														not_admitted	not_admitted	not_admitted	not_admitted	not_admitted	not_admitted	not_admitted
NZ_CP103848.1	MPF_T	-	108	0	0	GA	1	42;36199;36789;-;62.5	85;70307;70621;-;78.6	84;70038;70304;-;36.2	83;67400;69970;-;34.2	83;67400;69970;-;108.1	82;66595;67380;-;55.0	80;64337;65815;-;93.5		79;63620;64330;-;128.0	78;62601;63593;-;167.7	77;61230;62585;-;214.8	31;25269;26153;-;112.9	40;30881;32938;-;346.5		conjscan	conjscan_only	A	7/7	canonical	1	0	unscoreable	15	0	0														not_admitted	not_admitted	not_admitted	not_admitted	not_admitted	not_admitted	not_admitted
NZ_CP103873.1	-	-	112	0	0	GA	0															not_admitted	not_admitted	not_admitted	not_admitted	not_admitted	not_admitted	not_admitted	not_admitted	not_admitted	not_admitted	1	16;11994;13004;+;270.4	29;23006;24484;+;194.3	28;22007;22993;+;177.3	25;18482;21082;+;61.3		22;15983;17350;+;94.7	25;18482;21082;+;85.3	20;14412;15020;+;48.1	17;13001;13525;+;69.8	60;42502;43908;+;133.7	66;49989;52022;-;239.3	23;17359;18006;+;30.6	66;49989;52022;-;51.0	B	8/9	contiguous	37995	0	1	
NZ_CP103967.1	MPF_F	IncHI2;IncHI2A;IncN	239	0	0	GA	0															not_admitted	not_admitted	not_admitted	not_admitted	not_admitted	not_admitted	not_admitted	not_admitted	not_admitted	not_admitted	1	171;154667;155725;+;276.9			13;10291;12972;+;168.0		9;6606;7961;+;80.7	13;10291;12972;+;72.2	6;4094;4882;+;74.8	169;153014;154525;+;62.0	172;155744;158932;+;57.3		12;9332;10282;+;46.1		C	6/9	split_2	151650	0	1	
NZ_CP103968.1	MPF_F	IncFIB(pB171);IncFII(Yp);IncFII(pAR0022)	112	0	0	GA	0															not_admitted	not_admitted	not_admitted	not_admitted	not_admitted	not_admitted	not_admitted	not_admitted	not_admitted	not_admitted	1	69;56987;57979;+;369.4	77;62692;64062;+;376.7	73;60726;61475;+;218.2	66;53369;55999;+;285.5	78;64062;66884;+;336.5	60;49947;51341;+;89.4	66;53369;55999;+;98.6	58;48664;49230;+;169.9	70;57996;58625;+;66.9	71;58622;60475;+;260.5	81;68221;70449;+;384.8	61;51363;51902;+;67.5	81;68221;70449;+;63.8	A	9/9	contiguous	19557	1	1	66906..67337+;143;TraS;0
NZ_CP103969.1	MPF_T	IncN	73	0	0	GA	1	13;8556;9290;+;32.5		16;9933;10250;+;63.3	17;10250;12850;+;113.8	17;10250;12850;+;76.4	18;12868;13581;+;105.5	20;13832;14872;+;142.4		21;15091;15789;+;131.9	22;15800;16684;+;159.7	23;16684;17844;+;156.3	24;17886;18881;+;81.2	50;40898;42427;-;38.5		pfam	both	A	7/7	canonical	1	0	unscoreable	3	0	0														not_admitted	not_admitted	not_admitted	not_admitted	not_admitted	not_admitted	not_admitted
NZ_CP103970.1	MPF_T	IncX3	68	0	0	GA	1	45;33923;34567;+;46.4	46;34551;34841;+;73.1	47;34866;37619;+;47.0	47;34866;37619;+;142.4	47;34866;37619;+;73.3	48;37629;38399;+;60.1	50;38678;39733;+;133.2		51;39928;40656;+;119.4	52;40662;41591;+;138.8	53;41588;42802;+;128.3	55;42998;44032;+;65.7	56;44035;45870;+;495.9		pfam	pfam_only	A	7/7	canonical	1	1	unscoreable	2	0	0														not_admitted	not_admitted	not_admitted	not_admitted	not_admitted	not_admitted	not_admitted
NZ_CP103984.1	-	-	69	0	0	GA	0															not_admitted	not_admitted	not_admitted	not_admitted	not_admitted	not_admitted	not_admitted	not_admitted	not_admitted	not_admitted	1	40;47792;48847;-;311.7	35;41226;42833;-;297.6	37;43656;44720;-;162.8	42;49981;52959;-;152.1	34;38150;41101;-;226.9	44;53629;55425;-;101.6	42;49981;52959;-;38.1	46;56670;57230;-;126.7	39;46745;47743;-;64.0	38;44833;46785;-;189.8	26;29821;31938;-;394.3	43;52931;53539;-;41.2	26;29821;31938;-;81.7	A	9/9	contiguous	26849	0	1	
NZ_CP104031.1	MPF_F	IncFII(pHN7A8);IncR	220	0	0	GA	0															not_admitted	not_admitted	not_admitted	not_admitted	not_admitted	not_admitted	not_admitted	not_admitted	not_admitted	not_admitted	1	158;124100;125092;+;369.5	171;131925;133298;+;376.8	166;129616;130359;+;234.4	155;120464;123091;+;301.8	172;133295;136111;+;376.7	150;116982;118409;+;94.1	155;120464;123091;+;101.8	148;115701;116267;+;183.8	161;126038;126676;+;70.4	164;127489;129339;+;265.0	176;138412;140637;+;391.7	154;119433;119948;+;77.6	176;138412;140637;+;70.3	A	9/9	contiguous	22711	1	1	136144..136665+;173;unnamed;0
NZ_CP104032.1	MPF_F	IncFIA;IncFIB(AP001918);IncFIC(FII)	171	0	0	GA	0															not_admitted	not_admitted	not_admitted	not_admitted	not_admitted	not_admitted	not_admitted	not_admitted	not_admitted	not_admitted	1	99;109365;110357;-;369.3	88;102306;103679;-;378.0	95;105893;106636;-;234.5	102;111366;113993;-;305.4	87;99487;102309;-;389.5	108;116048;117475;-;94.3	102;111366;113993;-;98.5	110;118190;118756;-;182.9	98;108718;109356;-;68.4	97;106913;108721;-;268.4	84;95805;97958;-;391.9	104;114509;115024;-;78.4	84;95805;97958;-;70.4	A	9/9	contiguous	22385	1	1	98974..99465-;163;TraS;0
NZ_CP104078.1	MPF_F	IncFIB(AP001918);IncFIC(FII)	162	0	0	GA	0															not_admitted	not_admitted	not_admitted	not_admitted	not_admitted	not_admitted	not_admitted	not_admitted	not_admitted	not_admitted	1	139;130509;131309;+;317.6	150;136995;138368;+;378.0	143;134038;134781;+;234.1	135;126679;129306;+;305.4	151;138365;141187;+;389.5	129;123197;124624;+;94.3	135;126679;129306;+;98.5	127;121916;122482;+;183.8	140;131318;131956;+;68.4	141;131953;133761;+;268.4	154;142716;144869;+;391.9	133;125648;126163;+;78.4	154;142716;144869;+;70.4	A	9/9	contiguous	20800	1	1	141209..141700+;163;TraS;0
NZ_CP104079.1	MPF_F	IncFII(pHN7A8)	117	0	0	GA	0															not_admitted	not_admitted	not_admitted	not_admitted	not_admitted	not_admitted	not_admitted	not_admitted	not_admitted	not_admitted	1	91;74651;75643;+;364.0	104;82476;83849;+;376.8	99;80167;80910;+;234.4	87;71016;72179;+;237.8	105;83846;86662;+;376.7	82;67945;68961;+;93.5	88;72161;73642;+;103.1	79;66468;66818;+;114.9	94;76589;77227;+;70.4	97;78040;79890;+;265.0	109;88963;91206;+;391.7	86;69985;70500;+;78.0	109;88963;91206;+;70.3	A	9/9	contiguous	22495	1	1	86695..87216+;173;unnamed;0
NZ_CP104081.1	MPF_T	IncI2(Delta)	73	0	0	GA	1	37;33394;33876;-;81.1		53;49486;49770;-;36.6	52;47087;49480;-;58.8	52;47087;49480;-;44.9	62;54582;55226;-;41.0	63;55232;56227;-;123.9		49;46220;46711;-;108.7	48;45453;46223;-;170.5	47;44324;45463;-;154.7	40;35655;37193;-;207.1	45;41276;43234;-;289.6		pfam	pfam_only	A	7/7	rearranged	1	0	unscoreable	15	0	0														not_admitted	not_admitted	not_admitted	not_admitted	not_admitted	not_admitted	not_admitted
NZ_CP104086.1	MPF_T	rep38	36	0	0	GA	1				10;7460;9475;+;21.5									16;13731;15281;+;460.6		none	none	D	2/7	uncallable	0	0	unscoreable	5	0	0														not_admitted	not_admitted	not_admitted	not_admitted	not_admitted	not_admitted	not_admitted
NZ_CP104087.1	MPF_T	-	38	0	0	GA	1				10;6928;8943;+;21.5									16;12968;14518;+;462.3		none	none	D	2/7	uncallable	0	0	unscoreable	5	0	0														not_admitted	not_admitted	not_admitted	not_admitted	not_admitted	not_admitted	not_admitted
NZ_CP104111.1	MPF_F	IncFIB(K);IncFII(K)	169	0	0	GA	0															not_admitted	not_admitted	not_admitted	not_admitted	not_admitted	not_admitted	not_admitted	not_admitted	not_admitted	not_admitted	1	135;119163;120155;+;366.6	145;125672;127039;+;381.2	141;123663;124415;+;232.2	132;115498;118137;+;259.3	146;127039;129888;+;346.5	124;110488;111912;+;89.3	132;115498;118137;+;88.8	122;109195;109761;+;167.0	136;120168;120806;+;67.0	137;120865;122820;+;259.2	150;131704;134013;+;392.7	126;112542;113099;+;52.5	150;131704;134013;+;66.6	A	9/9	contiguous	22509	1	1	129891..130421+;176;unnamed;0
NZ_CP104113.1	MPF_F	IncC	221	0	0	GA	0															not_admitted	not_admitted	not_admitted	not_admitted	not_admitted	not_admitted	not_admitted	not_admitted	not_admitted	not_admitted	1	80;73347;74354;-;332.9	194;169737;171170;-;339.2	195;171172;172200;-;221.7	85;77106;79553;-;354.2	193;166110;169724;-;375.3	101;103180;104496;-;135.0	85;77106;79553;-;128.6	103;105394;106020;-;92.1	82;75019;76284;-;67.6	79;70436;73231;-;145.3	112;109830;111695;-;47.4	100;102605;103183;-;100.2	112;109830;111695;-;52.0	A	9/9	split_3	100736	0	1	
NZ_CP104115.1	MPF_F	IncC	222	0	0	GA	0															not_admitted	not_admitted	not_admitted	not_admitted	not_admitted	not_admitted	not_admitted	not_admitted	not_admitted	not_admitted	1	2;2281;3288;-;332.9	116;98671;100104;-;339.2	117;100106;101134;-;221.7	7;6040;8487;-;354.2	115;95044;98658;-;375.3	23;32114;33430;-;135.0	7;6040;8487;-;128.6	25;34328;34954;-;92.1	4;3953;5218;-;67.6	221;194368;194949;-;96.7	34;38764;40629;-;47.4	22;31539;32117;-;100.2	34;38764;40629;-;52.0	A	9/9	split_4	192087	0	1	
NZ_CP104119.1	MPF_F	IncFII	87	0	0	GA	0															not_admitted	not_admitted	not_admitted	not_admitted	not_admitted	not_admitted	not_admitted	not_admitted	not_admitted	not_admitted	1	68;51258;52250;+;369.5	78;58029;59402;+;381.7	73;55356;56099;+;234.4	65;47619;50249;+;304.1	79;59399;62221;+;374.0	58;43169;44620;+;94.2	65;47619;50249;+;97.1	56;41888;42454;+;174.3	70;52594;53232;+;68.6	71;53229;55079;+;266.1	83;64493;66736;+;391.1	61;45480;45995;+;78.4	83;64493;66736;+;70.3	A	9/9	contiguous	22605	1	1	62243..62722+;159;TraS;0
NZ_CP104122.1	MPF_F	-	104	0	0	GA	0															not_admitted	not_admitted	not_admitted	not_admitted	not_admitted	not_admitted	not_admitted	not_admitted	not_admitted	not_admitted	1	54;43984;45039;+;268.1	67;56712;58121;+;229.6	66;55689;56696;+;214.6	50;39505;41991;+;211.5	68;58141;61374;+;215.1	47;36789;38081;+;117.6	50;39505;41991;+;113.8	45;35138;35791;+;89.7	53;42842;43984;+;46.0	70;61846;64617;+;119.2	39;30745;32658;+;20.5	48;38098;38610;+;68.8	39;30745;32658;+;24.6	A	9/9	contiguous	31101	0	1	
NZ_CP104125.1	MPF_T	IncX4	51	0	0	GA	1	35;28876;29448;-;46.9	34;28489;28815;-;64.4	33;25723;28470;-;61.6	33;25723;28470;-;151.8	33;25723;28470;-;46.1	32;24995;25711;-;94.1	31;23889;24983;-;150.1		29;22688;23374;-;169.0	28;21783;22691;-;142.3	27;20673;21683;-;164.1	26;19643;20671;-;85.0	25;17794;19611;-;317.3		pfam	pfam_only	A	7/7	canonical	1	1	unscoreable	1	0	0														not_admitted	not_admitted	not_admitted	not_admitted	not_admitted	not_admitted	not_admitted
NZ_CP104139.1	MPF_T	-	1132	0	0	GA	1	356;365984;366646;+;24.4	357;366643;366942;+;91.6	358;366947;367285;+;103.5	359;367278;369644;+;174.4	359;367278;369644;+;111.7	360;369644;370342;+;198.9	362;370576;371496;+;163.7		364;371836;372507;+;206.3	365;372504;373358;+;186.2	366;373368;374537;+;179.2	165;174007;175452;+;209.1	856;879734;881653;-;335.4		pfam	both	A	7/7	canonical	1	0	unscoreable	2	0	0														not_admitted	not_admitted	not_admitted	not_admitted	not_admitted	not_admitted	not_admitted
NZ_CP104144.1	MPF_T	-	2716	0	0	GA	1	464;466370;467305;+;69.3	2037;2090335;2090634;-;93.3	2036;2089991;2090329;-;102.9	2035;2087632;2089998;-;177.0	2035;2087632;2089998;-;105.4	2034;2086934;2087635;-;197.8	2032;2085777;2086709;-;162.3		2030;2084782;2085453;-;212.3	2029;2083928;2084785;-;183.9	2028;2082749;2083918;-;176.3	1873;1942362;1943816;-;209.9	1941;2004625;2006544;+;331.1		pfam	both	A	7/7	canonical	1	0	unscoreable	2	0	0														not_admitted	not_admitted	not_admitted	not_admitted	not_admitted	not_admitted	not_admitted
NZ_CP104145.1	MPF_T	-	489	0	0	GA	1	272;266141;266833;-;65.8	486;468362;468745;-;70.8	270;265423;265749;-;68.9	269;263054;265423;-;207.2	484;465603;468059;-;123.9	483;464828;465631;-;50.0	481;463474;464649;-;110.9		265;260517;261230;-;173.4	479;461962;462774;-;187.2	477;460208;461506;-;215.9	487;468735;469712;-;128.0	242;235953;237530;-;491.0		conjscan	conjscan_only	A	7/7	rearranged	1	0	unscoreable	5	0	0														not_admitted	not_admitted	not_admitted	not_admitted	not_admitted	not_admitted	not_admitted
NZ_CP104146.1	MPF_T	-	241	0	0	GA	1		238;224787;225194;-;75.7	237;224495;224794;-;60.4	236;222017;224485;-;181.1	236;222017;224485;-;127.6	235;221236;222045;-;46.0	233;219828;221018;-;107.4		232;219147;219809;-;118.3	231;218284;219129;-;188.4	229;216505;217809;-;222.6	239;225184;226155;-;131.9	49;57290;59218;-;545.5		conjscan	conjscan_only	A	7/7	canonical	1	0	unscoreable	3	0	0														not_admitted	not_admitted	not_admitted	not_admitted	not_admitted	not_admitted	not_admitted
NZ_CP104149.1	MPF_T	-	1035	0	0	GA	1	741;743460;744167;-;64.5	203;210324;210704;+;69.7	739;742761;743087;-;69.3	738;740392;742761;-;204.7	205;211004;213457;+;123.1	206;213432;214232;+;40.6	208;214423;215631;+;110.2		735;737826;738539;-;170.1	210;216288;217100;+;181.7	212;217557;218849;+;218.4	984;973044;974477;-;213.1	222;227143;229062;+;539.9		conjscan	conjscan_only	A	7/7	uncallable	0	0	unscoreable	23	0	0														not_admitted	not_admitted	not_admitted	not_admitted	not_admitted	not_admitted	not_admitted
NZ_CP104150.1	MPF_T	-	401	0	0	GA	1	304;272951;273925;+;79.4	305;273937;274275;+;75.6	306;274279;274578;+;77.8	307;274581;276674;+;122.4	307;274581;276674;+;99.0	309;277428;278129;+;36.0	311;278362;279390;+;146.2		312;279429;280124;+;180.8	313;280121;280933;+;195.7	314;280930;282141;+;207.0	315;282122;283150;+;134.9	316;283147;285246;+;313.0		pfam	pfam_only	A	7/7	canonical	1	0	unscoreable	1	0	0														not_admitted	not_admitted	not_admitted	not_admitted	not_admitted	not_admitted	not_admitted
NZ_CP104151.1	MPF_T	-	82	0	0	GA	1	18;17584;18675;-;90.5	22;21429;21776;-;74.6	21;21130;21429;-;78.3	19;18672;20795;-;121.4	20;20860;21126;-;41.4	17;16871;17569;-;40.7	16;15609;16637;-;152.9		15;14883;15575;-;178.1	14;14074;14886;-;201.8	12;12865;13593;-;214.1	11;11862;12884;-;134.6	10;9778;11865;-;312.4		pfam	pfam_only	A	7/7	canonical	1	0	unscoreable	1	0	0														not_admitted	not_admitted	not_admitted	not_admitted	not_admitted	not_admitted	not_admitted
NZ_CP104157.1	MPF_T	-	196	0	0	GA	1	34;34193;35365;+;73.1	57;53867;54232;-;61.6	145;140484;140846;-;70.3	144;138115;140484;-;231.9	33;31696;34215;+;93.8		37;36407;37480;+;89.1		141;135553;136326;-;165.3	39;38271;39104;+;185.3	40;39115;40449;+;190.7	41;40446;41495;+;121.9	118;112299;114299;-;503.7		none	none	A	7/7	uncallable	0	0	unscoreable	17	0	0														not_admitted	not_admitted	not_admitted	not_admitted	not_admitted	not_admitted	not_admitted
NZ_CP104160.1	MPF_T	-	526	0	0	GA	1		523;536780;537163;-;74.3	522;536488;536787;-;64.2	521;534022;536478;-;172.7	521;534022;536478;-;118.2	520;533247;534050;-;38.6	519;532064;533242;-;107.4		518;531377;532039;-;135.3	517;530548;531360;-;182.7	515;528798;530099;-;212.4	524;537153;538130;-;122.1	504;517422;519344;-;549.0		conjscan	conjscan_only	A	7/7	canonical	1	0	unscoreable	12	0	0														not_admitted	not_admitted	not_admitted	not_admitted	not_admitted	not_admitted	not_admitted
NZ_CP104161.1	MPF_T	-	274	0	0	GA	1	59;58073;58750;-;76.1	58;57715;58059;-;68.3	57;57422;57715;-;67.1	56;55002;57410;-;134.7	56;55002;57410;-;98.7	54;53606;54349;-;45.0	52;52391;53395;-;105.7		51;51642;52373;-;188.9	50;50815;51645;-;186.5	49;49590;50825;-;203.4	48;48554;49630;-;120.1	47;46173;48569;-;230.8		pfam	pfam_only	A	7/7	canonical	1	0	unscoreable	2	0	0														not_admitted	not_admitted	not_admitted	not_admitted	not_admitted	not_admitted	not_admitted
NZ_CP104162.1	MPF_T	-	129	0	0	GA	1		126;136360;136764;-;73.1	125;136068;136367;-;60.7	124;133595;136057;-;189.0	124;133595;136057;-;130.4	123;132814;133623;-;50.6	121;131406;132596;-;113.4		120;130711;131388;-;122.6	119;129840;130694;-;184.8	117;128036;129352;-;226.2	127;136754;137725;-;130.4	58;64680;66602;-;562.8		conjscan	conjscan_only	A	7/7	canonical	1	0	unscoreable	3	0	0														not_admitted	not_admitted	not_admitted	not_admitted	not_admitted	not_admitted	not_admitted
NZ_CP104165.1	-	-	142	0	0	GA	0															not_admitted	not_admitted	not_admitted	not_admitted	not_admitted	not_admitted	not_admitted	not_admitted	not_admitted	not_admitted	1	104;106053;107180;+;324.8	115;115051;116499;+;158.0	114;114260;115036;+;85.1	102;102795;105350;+;171.3	116;116501;120118;+;239.7	100;101070;102497;+;88.8	102;102795;105350;+;88.8	98;99735;100271;+;79.1	105;107150;108058;+;70.6	107;109322;111028;+;171.6	122;124608;125558;+;179.2		122;124608;125558;+;67.4	B	8/9	contiguous	24873	1	1	120121..121239+;372;unnamed;0
NZ_CP104167.1	-	-	251	0	0	GA	0															not_admitted	not_admitted	not_admitted	not_admitted	not_admitted	not_admitted	not_admitted	not_admitted	not_admitted	not_admitted	1	186;126725;127465;+;221.9	195;133222;134067;+;105.8	194;132395;133225;+;131.6	180;121136;122125;+;134.9	197;134740;137718;+;183.3	176;118160;119506;+;80.4	182;123304;124944;+;103.0	173;116836;117078;+;37.0	191;129618;130262;+;72.8	193;131383;132417;+;162.1	207;142171;144129;+;321.9		207;142171;144129;+;71.0	B	8/9	contiguous	25335	1	1	137881..138591+;236;unnamed;0
NZ_CP104197.1	MPF_F	IncFIA(HI1);IncFII(K);IncFII(pAR0022)	121	0	0	GA	0															not_admitted	not_admitted	not_admitted	not_admitted	not_admitted	not_admitted	not_admitted	not_admitted	not_admitted	not_admitted	1	96;75126;76115;+;366.6	106;81637;83004;+;384.3	102;79623;80375;+;235.6	92;71030;73669;+;258.5	107;83004;85853;+;346.4	86;67124;68548;+;89.3	92;71030;73669;+;88.7	84;65831;66397;+;169.3	97;76128;76766;+;66.9	98;76825;78780;+;259.7	111;88315;90627;+;393.2	87;68621;69205;+;54.9	111;88315;90627;+;65.8	A	9/9	contiguous	22484	1	1	85856..86386+;176;unnamed;0
NZ_CP104217.1	MPF_F	-	151	0	0	GA	0															not_admitted	not_admitted	not_admitted	not_admitted	not_admitted	not_admitted	not_admitted	not_admitted	not_admitted	not_admitted	1	55;53804;54820;+;370.0	62;59901;61346;+;319.8	61;59092;59901;+;220.0	50;49307;51904;+;224.2	63;61343;65275;+;212.4	45;44837;46162;+;100.5	50;49307;51904;+;88.2	43;43484;44095;+;110.8	56;54817;55605;+;91.0	58;56888;58165;+;151.4	23;15730;17895;+;412.0	49;48615;49292;+;51.1	23;15730;17895;+;66.4	A	9/9	split_2	45613	0	1	
NZ_CP104280.1	-	-	149	0	0	GA	0															not_admitted	not_admitted	not_admitted	not_admitted	not_admitted	not_admitted	not_admitted	not_admitted	not_admitted	not_admitted	1	123;114785;116059;-;127.7			125;116472;119330;-;224.7	121;111405;113039;-;150.5						135;125115;127352;-;23.1		135;125115;127352;-;39.2	D	3/9	contiguous	13710	1	0	110109..110924-;271;unnamed;0
NZ_CP104293.1	-	-	95	0	0	GA	1			41;34110;34427;-;41.0	40;31712;34105;-;121.7	40;31712;34105;-;55.3	39;31035;31709;-;118.3	37;29506;30636;-;91.1		36;28721;29482;-;127.8	35;27852;28721;-;157.9	34;26602;27852;-;156.7	52;41163;43007;+;174.5	32;23571;25553;-;300.8		pfam	both	A	7/7	canonical	1	0	unscoreable	11	0	0														not_admitted	not_admitted	not_admitted	not_admitted	not_admitted	not_admitted	not_admitted
NZ_CP104296.1	MPF_F	-	101	0	0	GA	0															not_admitted	not_admitted	not_admitted	not_admitted	not_admitted	not_admitted	not_admitted	not_admitted	not_admitted	not_admitted	1	84;56606;57649;+;369.2	89;61628;63055;+;325.8	87;60418;61230;+;219.1	80;52318;55044;+;164.6	90;63071;66073;+;208.7	76;49320;50636;+;102.7	80;52318;55044;+;108.4	74;48029;48607;+;82.6	85;57664;58371;+;107.6	86;58368;60425;+;92.2	56;35309;37468;+;381.4	79;51664;52308;+;41.9	56;35309;37468;+;89.7	A	9/9	contiguous	27762	1	1	66145..66663+;172;unnamed;0
NZ_CP104299.1	MPF_F	-	98	0	0	GA	0															not_admitted	not_admitted	not_admitted	not_admitted	not_admitted	not_admitted	not_admitted	not_admitted	not_admitted	not_admitted	1	85;57094;58137;+;369.2	90;62116;63543;+;325.8	88;60906;61718;+;219.1	81;52806;55532;+;164.6	91;63559;66561;+;208.8	77;49808;51124;+;102.7	81;52806;55532;+;108.4	75;48517;49095;+;82.5	86;58152;58859;+;107.6	87;58856;60913;+;92.2	56;34558;36717;+;381.3	80;52152;52796;+;41.9	56;34558;36717;+;89.8	A	9/9	contiguous	29001	1	1	66633..67151+;172;unnamed;0
NZ_CP104327.1	MPF_F	IncFII(pHN7A8);IncN;IncR;IncX1	182	0	0	GA	0															not_admitted	not_admitted	not_admitted	not_admitted	not_admitted	not_admitted	not_admitted	not_admitted	not_admitted	not_admitted	1	156;137215;138207;+;364.0	169;145040;146413;+;376.8	164;142731;143474;+;234.4	153;133579;136206;+;301.8	170;146410;149226;+;376.7	148;130097;131524;+;94.1	153;133579;136206;+;101.8	146;128816;129382;+;183.8	159;139153;139791;+;70.4	162;140604;142454;+;265.0	174;151527;153770;+;391.7	152;132548;133063;+;78.0	174;151527;153770;+;70.3	A	9/9	contiguous	22711	1	1	149259..149780+;173;unnamed;0
NZ_CP104329.1	MPF_T	IncI2(Delta);IncN;IncR;IncX1	141	0	0	GA	1	105;95955;96437;-;81.1		120;112044;112328;-;36.6	119;109681;112038;-;58.5	119;109681;112038;-;44.9	129;117140;117784;-;41.0	130;117790;118785;-;123.9		117;108781;109515;-;144.3	116;108014;108784;-;170.5	115;106885;108024;-;154.7	108;98216;99754;-;207.1	113;103837;105795;-;289.6		pfam	pfam_only	A	7/7	rearranged	1	0	unscoreable	14	0	0														not_admitted	not_admitted	not_admitted	not_admitted	not_admitted	not_admitted	not_admitted
NZ_CP104331.1	MPF_F	IncFII(pHN7A8);IncN;IncR;IncX1	179	0	0	GA	0															not_admitted	not_admitted	not_admitted	not_admitted	not_admitted	not_admitted	not_admitted	not_admitted	not_admitted	not_admitted	1	153;136385;137377;+;364.0	166;144210;145583;+;376.8	161;141901;142644;+;234.4	150;132749;135376;+;301.8	167;145580;148396;+;376.7	145;129267;130694;+;94.1	150;132749;135376;+;101.8	143;127986;128552;+;183.8	156;138323;138961;+;70.4	159;139774;141624;+;265.0	171;150697;152940;+;391.7	149;131718;132233;+;78.0	171;150697;152940;+;70.3	A	9/9	contiguous	22711	1	1	148429..148950+;173;unnamed;0
NZ_CP104367.1	MPF_F	IncFIB(S);IncFII(S);IncFII(pAR0022)	117	0	0	GA	0															not_admitted	not_admitted	not_admitted	not_admitted	not_admitted	not_admitted	not_admitted	not_admitted	not_admitted	not_admitted	1	41;38251;39243;-;366.7	32;31621;33003;-;392.4	35;34035;34784;-;231.0	44;40230;42878;-;314.1	31;28802;31624;-;394.4	53;45411;46832;-;91.5	44;40230;42878;-;97.8	55;47559;48125;-;188.1	39;37301;37939;-;70.6	37;35022;36848;-;271.0	28;24986;27148;-;374.1	49;44090;44605;-;96.7	28;24986;27148;-;72.1	A	9/9	contiguous	22573	1	1	28292..28780-;162;TraS;0
NZ_CP104369.1	MPF_F	IncHI2;IncHI2A	324	0	0	GA	0															not_admitted	not_admitted	not_admitted	not_admitted	not_admitted	not_admitted	not_admitted	not_admitted	not_admitted	not_admitted	1	29;32275;33333;+;276.9	184;169812;171227;+;194.1	183;168776;169822;+;173.7	11;8955;11636;+;168.0	185;171236;175186;+;101.6	7;5270;6625;+;80.7	11;8955;11636;+;72.2	4;2758;3546;+;74.8	27;30622;32133;+;62.7	30;33352;36540;+;58.3	177;159651;161735;-;56.7	10;7996;8946;+;46.4	177;159651;161735;-;38.8	A	9/9	split_3	168478	0	1	
NZ_CP104370.1	MPF_F	IncFIB(S);IncFII(S);IncFII(pAR0022)	118	0	0	GA	0															not_admitted	not_admitted	not_admitted	not_admitted	not_admitted	not_admitted	not_admitted	not_admitted	not_admitted	not_admitted	1	42;38251;39243;-;366.7	33;31621;33003;-;392.4	36;34035;34784;-;231.0	45;40230;42878;-;314.1	32;28802;31624;-;394.4	54;45411;46832;-;91.5	45;40230;42878;-;97.8	56;47559;48125;-;188.1	40;37301;37939;-;70.6	38;35022;36848;-;271.0	29;24986;27148;-;374.1	50;44090;44605;-;96.7	29;24986;27148;-;72.1	A	9/9	contiguous	22573	1	1	28292..28780-;162;TraS;0
NZ_CP104372.1	MPF_F	IncFIB(pQil);IncFII(K)	142	0	0	GA	0															not_admitted	not_admitted	not_admitted	not_admitted	not_admitted	not_admitted	not_admitted	not_admitted	not_admitted	not_admitted	1	117;86173;87162;+;366.0	127;92709;94076;+;384.6	123;90699;91451;+;233.7	113;82077;84716;+;258.5	128;94076;96925;+;345.0	106;77826;79250;+;89.3	113;82077;84716;+;88.7	104;76533;77099;+;169.3	118;87175;87813;+;67.0	119;87872;89827;+;259.2	132;99389;101701;+;393.2	107;79322;79906;+;54.9	132;99389;101701;+;65.8	A	9/9	contiguous	22856	1	1	96928..97458+;176;unnamed;0
NZ_CP104374.1	MPF_F	IncFIB(pQil);IncFII(K)	142	0	0	GA	0															not_admitted	not_admitted	not_admitted	not_admitted	not_admitted	not_admitted	not_admitted	not_admitted	not_admitted	not_admitted	1	117;86173;87162;+;366.0	127;92709;94076;+;384.6	123;90699;91451;+;233.7	113;82077;84716;+;258.5	128;94076;96925;+;345.0	106;77826;79250;+;89.3	113;82077;84716;+;88.7	104;76533;77099;+;169.3	118;87175;87813;+;67.0	119;87872;89827;+;259.2	132;99389;101701;+;393.2	107;79322;79906;+;54.9	132;99389;101701;+;65.8	A	9/9	contiguous	22856	1	1	96928..97458+;176;unnamed;0
NZ_CP104375.1	MPF_T	IncN	64	0	0	GA	1	24;21251;21988;+;32.0		27;22631;22948;+;63.3	28;22948;25548;+;111.8	28;22948;25548;+;76.4	29;25566;26279;+;105.5	31;26530;27570;+;142.4		32;27789;28487;+;131.9	33;28498;29382;+;159.7	34;29382;30542;+;156.3	35;30584;31579;+;81.2	43;37586;39115;-;38.5		pfam	both	A	7/7	canonical	1	0	unscoreable	10	0	0														not_admitted	not_admitted	not_admitted	not_admitted	not_admitted	not_admitted	not_admitted
NZ_CP104380.1	-	-	36	0	0	GA	1		16;8631;8894;+;37.1		18;9121;11412;+;107.5	18;9121;11412;+;35.1		19;11412;12431;+;46.3		21;12594;13250;+;87.0	22;13247;14191;+;78.0	23;14193;15371;+;148.0	26;17801;18748;+;91.8	28;19106;20785;+;215.2		none	none	A	7/7	canonical	0	0	unscoreable	5	0	0														not_admitted	not_admitted	not_admitted	not_admitted	not_admitted	not_admitted	not_admitted
NZ_CP104383.1	MPF_F	-	354	0	0	GA	1	1;1180;1656;-;74.3			10;8660;11107;+;45.9	10;8660;11107;+;82.1		12;11967;13037;+;57.6		6;5793;6506;-;89.0	5;4915;5796;-;166.1	4;3693;4904;-;171.0	350;331756;333342;-;149.8	14;14301;16157;+;44.8		none	none	A	7/7	canonical	0	0	unscoreable	6	0	0														not_admitted	not_admitted	not_admitted	not_admitted	not_admitted	not_admitted	not_admitted
NZ_CP104385.1	MPF_F	IncHI2;IncHI2A;IncQ1	279	0	0	GA	0															not_admitted	not_admitted	not_admitted	not_admitted	not_admitted	not_admitted	not_admitted	not_admitted	not_admitted	not_admitted	1	27;31208;32266;+;276.9	193;187894;189309;-;194.1	194;189299;190345;-;174.3	11;8955;11636;+;168.0	192;183932;187885;-;101.7	7;5270;6625;+;80.7	11;8955;11636;+;72.2	4;2758;3546;+;74.8	25;29555;31066;+;62.0	28;32285;35473;+;57.3	201;197387;199471;+;56.8	10;7996;8946;+;46.1	201;197387;199471;+;38.8	A	9/9	split_3	194629	1	1	182462..183751-;429;unnamed;0
NZ_CP104451.1	MPF_F	IncA	182	0	0	GA	0															not_admitted	not_admitted	not_admitted	not_admitted	not_admitted	not_admitted	not_admitted	not_admitted	not_admitted	not_admitted	1	64;54976;55980;-;330.1	145;118191;119624;-;336.4	146;119626;120666;-;223.9	69;58738;61185;-;352.8	144;114573;118178;-;377.7	74;68696;70012;-;136.3	69;58738;61185;-;130.4	76;70910;71536;-;93.9	66;56648;57916;-;69.6	63;52087;54825;-;138.7	85;75326;77191;-;46.9	73;68121;68699;-;98.1	85;75326;77191;-;51.6	A	9/9	split_2	67539	0	1	
NZ_CP104452.1	MPF_F	IncFIB(K);IncFII(p14)	151	0	0	GA	0															not_admitted	not_admitted	not_admitted	not_admitted	not_admitted	not_admitted	not_admitted	not_admitted	not_admitted	not_admitted	1	129;114350;115342;+;372.3	139;120984;122354;+;381.7	136;119448;120200;+;230.8	126;110688;113327;+;254.4	140;122354;125197;+;346.5	119;106788;108209;+;86.2	126;110688;113327;+;87.3	117;105501;106067;+;163.8	130;115355;115981;+;67.7	131;115978;117921;+;255.0	142;125942;128236;+;391.8	121;108398;108952;+;57.5	142;125942;128236;+;66.4	A	9/9	contiguous	20441	1	1	125208..125735+;175;unnamed;0
NZ_CP104453.1	MPF_F	IncFII(pKP91);repB(R1701)	150	0	0	GA	0															not_admitted	not_admitted	not_admitted	not_admitted	not_admitted	not_admitted	not_admitted	not_admitted	not_admitted	not_admitted	1	54;39854;40846;+;362.9	65;46854;48221;+;382.8	60;44400;45152;+;235.3	51;36189;38828;+;259.1	66;48221;51064;+;345.8	110;91179;92399;-;216.3	51;36189;38828;+;83.9	39;29670;30236;+;168.4	55;40859;41497;+;66.0	56;41556;43511;+;255.2	72;54093;56402;+;393.1	43;32999;33568;+;53.7	72;54093;56402;+;66.6	A	9/9	split_2	61509	1	1	51075..51524+;149;unnamed;0
NZ_CP104454.1	MPF_T	-	57	0	0	GA	1	16;12228;12968;+;35.1	18;13292;13582;+;46.6	19;13632;13946;+;65.3	20;13946;16576;+;123.5	20;13946;16576;+;87.4	21;16586;17293;+;116.1	23;17552;18595;+;126.7	24;18690;18860;+;41.4	25;18863;19579;+;145.6	26;19582;20469;+;144.4	27;20466;21620;+;174.0	28;21613;22644;+;77.8	36;30721;32298;-;54.8		pfam	both	A	7/7	canonical	1	0	ga	9	0	0														not_admitted	not_admitted	not_admitted	not_admitted	not_admitted	not_admitted	not_admitted
NZ_CP104473.1	MPF_F	IncFIB(AP001918);IncFII	126	0	0	GA	0															not_admitted	not_admitted	not_admitted	not_admitted	not_admitted	not_admitted	not_admitted	not_admitted	not_admitted	not_admitted	1	69;71787;72779;-;357.1	52;61673;63046;-;370.1	58;65256;65999;-;234.3	72;73788;76415;-;305.6	51;58857;61676;-;376.7	78;78571;80001;-;93.4	72;73788;76415;-;99.6	80;80716;81282;-;168.7	62;68638;69276;-;70.1	60;66263;68167;-;261.4	47;54238;56625;-;391.5	74;76931;77446;-;79.7	47;54238;56625;-;70.2	A	9/9	contiguous	26478	0	1	
NZ_CP104480.1	MPF_T	IncX1;IncX3	61	0	0	GA	1	47;36934;37581;-;45.6	46;36660;36956;-;76.6	45;33888;36641;-;46.6	45;33888;36641;-;147.9	45;33888;36641;-;75.3	44;33119;33877;-;67.5	42;31748;32881;-;109.2		41;30790;31503;-;118.2	40;29856;30785;-;133.7	39;28654;29859;-;132.5	38;27621;28652;-;76.3	37;25783;27618;-;486.3		pfam	pfam_only	A	7/7	canonical	1	1	unscoreable	1	0	0														not_admitted	not_admitted	not_admitted	not_admitted	not_admitted	not_admitted	not_admitted
NZ_CP104486.1	MPF_F	IncFII(29)	78	0	0	GA	0															not_admitted	not_admitted	not_admitted	not_admitted	not_admitted	not_admitted	not_admitted	not_admitted	not_admitted	not_admitted	1	50;42602;43594;+;369.2	62;49825;51198;+;376.8	57;47516;48259;+;234.4	47;38966;41593;+;300.9	63;51195;54014;+;376.7	42;35627;37054;+;94.1	47;38966;41593;+;102.3	40;34346;34912;+;183.8	52;43938;44576;+;70.4	55;45389;47239;+;265.0	67;56285;58483;+;391.7	45;37935;38450;+;77.6	67;56285;58483;+;70.3	A	9/9	contiguous	21939	1	1	54039..54530+;163;TraS;0
NZ_CP104489.1	MPF_T	IncX1;IncX3	61	0	0	GA	1	47;36934;37581;-;45.6	46;36660;36956;-;76.6	45;33888;36641;-;46.6	45;33888;36641;-;147.9	45;33888;36641;-;75.3	44;33119;33877;-;67.5	42;31748;32881;-;109.2		41;30790;31503;-;118.2	40;29856;30785;-;133.7	39;28654;29859;-;132.5	38;27621;28652;-;76.3	37;25783;27618;-;486.3		pfam	pfam_only	A	7/7	canonical	1	1	unscoreable	1	0	0														not_admitted	not_admitted	not_admitted	not_admitted	not_admitted	not_admitted	not_admitted
NZ_CP104501.1	MPF_F	IncFIB(AP001918);IncHI2;IncHI2A	291	0	0	GA	0															not_admitted	not_admitted	not_admitted	not_admitted	not_admitted	not_admitted	not_admitted	not_admitted	not_admitted	not_admitted	1	81;99505;100497;-;371.9	72;93084;94457;-;377.6	77;96033;96776;-;235.0	84;101506;104136;-;306.7	71;90652;93087;-;389.7	93;107302;108729;-;95.2	84;101506;104136;-;100.3	95;109444;110010;-;183.8	80;98858;99496;-;68.6	79;97053;98861;-;268.3	66;85186;87420;-;389.0	89;105769;106284;-;79.2	66;85186;87420;-;69.1	A	9/9	contiguous	24258	0	1	
NZ_CP104504.1	MPF_F	IncFIB(AP001918);IncFII(pRSB107);IncHI2;IncHI2A	418	0	0	GA	0															not_admitted	not_admitted	not_admitted	not_admitted	not_admitted	not_admitted	not_admitted	not_admitted	not_admitted	not_admitted	1	363;346414;347406;-;369.3	354;339979;341355;-;381.0	359;342942;343685;-;233.5	366;348415;351045;-;303.5	353;337160;339982;-;389.2	374;354079;355506;-;90.9	366;348415;351045;-;98.5	376;356221;356787;-;183.8	362;345767;346405;-;68.7	361;343962;345770;-;267.9	350;333428;335626;-;391.7	371;352680;353195;-;78.5	350;333428;335626;-;70.3	A	9/9	contiguous	22793	1	1	336642..337139-;165;TraS;0
NZ_CP104506.1	MPF_T	IncX1	48	0	0	GA	1	18;10214;10858;+;47.1	19;10842;11132;+;73.5	20;11156;13915;+;44.8	20;11156;13915;+;133.3	20;11156;13915;+;71.9	21;13917;14654;+;57.5	23;14936;15991;+;131.7		24;16181;16903;+;116.0	25;16909;17838;+;132.4	26;17835;19049;+;128.6	27;19067;20104;+;66.4	28;20109;21944;+;543.4		pfam	pfam_only	A	7/7	canonical	1	1	unscoreable	1	0	0														not_admitted	not_admitted	not_admitted	not_admitted	not_admitted	not_admitted	not_admitted
NZ_CP104511.1	MPF_F	IncFII(pSE11)	117	0	0	GA	0															not_admitted	not_admitted	not_admitted	not_admitted	not_admitted	not_admitted	not_admitted	not_admitted	not_admitted	not_admitted	1	92;78132;79124;+;369.2	104;85355;86728;+;376.8	99;83046;83789;+;234.4	89;74496;77123;+;300.9	105;86725;89550;+;389.2	83;71157;72584;+;93.9	89;74496;77123;+;102.3	81;69876;70442;+;183.8	94;79468;80106;+;70.4	97;80919;82769;+;265.0	109;91792;94044;+;391.7	86;73465;73980;+;78.4	109;91792;94044;+;70.3	A	9/9	contiguous	21916	1	1	89547..90056+;169;unnamed;0
NZ_CP104517.1	MPF_F	IncFIA;IncFIB(AP001918)	157	0	0	GA	0															not_admitted	not_admitted	not_admitted	not_admitted	not_admitted	not_admitted	not_admitted	not_admitted	not_admitted	not_admitted	1	79;84564;85556;-;367.4	68;77545;78918;-;380.9	75;81092;81835;-;235.0	82;86565;89192;-;305.4	67;74723;77548;-;387.0	88;91247;92674;-;90.9	82;86565;89192;-;98.4	90;93389;93955;-;183.8	78;83917;84555;-;68.4	77;82112;83920;-;265.6	64;71067;73220;-;391.9	84;89708;90223;-;78.4	64;71067;73220;-;70.4	A	9/9	contiguous	22322	1	1	74217..74726-;169;unnamed;0
NZ_CP104522.1	MPF_F	IncFIB(AP001918);IncFII	135	0	0	GA	0															not_admitted	not_admitted	not_admitted	not_admitted	not_admitted	not_admitted	not_admitted	not_admitted	not_admitted	not_admitted	1	69;77159;78151;-;369.3	60;71456;72100;-;213.1	65;73687;74430;-;230.0	72;79160;81787;-;306.5	58;68320;70728;-;388.1	78;83842;84720;-;94.1	72;79160;81787;-;98.5	81;85983;86549;-;183.3	68;76512;77150;-;66.7	67;74707;76515;-;267.9	54;64193;66373;-;391.8	74;82303;82818;-;77.3	54;64193;66373;-;70.4	A	9/9	contiguous	21790	1	1	67906..68268-;120;unnamed;0
NZ_CP104524.1	MPF_F	IncFIB(AP001918);IncFII	134	0	0	GA	0															not_admitted	not_admitted	not_admitted	not_admitted	not_admitted	not_admitted	not_admitted	not_admitted	not_admitted	not_admitted	1	72;79695;80687;-;369.3	63;73260;74636;-;381.0	68;76223;76966;-;230.0	75;81696;84323;-;306.5	62;70441;73263;-;387.5	82;86378;87805;-;94.3	75;81696;84323;-;98.5	84;88520;89086;-;183.3	71;79048;79686;-;66.7	70;77243;79051;-;267.9	59;66692;68908;-;391.7	78;84839;85354;-;77.3	59;66692;68908;-;70.3	A	9/9	contiguous	21828	1	1	69923..70420-;165;TraS;0
NZ_CP104528.1	MPF_T	IncFIB(K)	68	0	0	GA	1	40;34466;35128;+;48.3	41;35139;35438;+;36.6	42;35448;38198;+;61.8	42;35448;38198;+;133.9	42;35448;38198;+;47.4	43;38217;38933;+;137.0	45;39247;40254;+;137.8		47;40464;41150;+;158.2	48;41143;42036;+;147.4	49;42033;43229;+;131.8	50;43233;44282;+;71.5	57;49020;50927;+;24.4		pfam	pfam_only	A	7/7	canonical	1	1	unscoreable	8	0	0														not_admitted	not_admitted	not_admitted	not_admitted	not_admitted	not_admitted	not_admitted
NZ_CP104534.1	MPF_F	IncFIB(AP001918);IncFIC(FII)	131	0	0	GA	0															not_admitted	not_admitted	not_admitted	not_admitted	not_admitted	not_admitted	not_admitted	not_admitted	not_admitted	not_admitted	1	74;83938;84930;-;369.3	63;76919;78292;-;375.5	70;80466;81209;-;233.4	77;85939;88566;-;305.4	62;74097;76922;-;385.2	82;90621;92048;-;94.3	77;85939;88566;-;98.5	84;92763;93329;-;183.8	73;83291;83929;-;68.4	72;81486;83294;-;268.0	59;70440;72593;-;391.9	78;89082;89597;-;78.0	59;70440;72593;-;70.4	A	9/9	contiguous	22323	1	1	73591..74100-;169;unnamed;0
NZ_CP104540.1	MPF_F	IncFIB(AP001918);IncFIC(FII)	190	0	0	GA	0															not_admitted	not_admitted	not_admitted	not_admitted	not_admitted	not_admitted	not_admitted	not_admitted	not_admitted	not_admitted	1	124;122994;123986;-;367.3	111;113305;114678;-;380.9	120;119522;120265;-;234.1	127;124995;127622;-;305.4	110;110483;113308;-;387.0	134;129677;131104;-;94.4	127;124995;127622;-;99.1	136;131819;132385;-;183.8	123;122347;122985;-;67.3	122;120542;122350;-;268.3	107;106826;108979;-;391.5	130;128138;128653;-;77.3	107;106826;108979;-;70.4	A	9/9	contiguous	24993	1	1	109977..110486-;169;unnamed;0
NZ_CP104542.1	MPF_T	IncX1;IncX3	49	0	0	GA	1	35;34037;34684;-;45.2	34;33763;34059;-;77.5	33;30991;33744;-;47.3	33;30991;33744;-;148.0	33;30991;33744;-;73.5	32;30222;30980;-;67.3	30;28795;29925;-;103.7		29;27836;28549;-;120.0	28;26902;27831;-;134.9	27;25700;26905;-;133.4	26;24667;25698;-;77.9	25;22829;24664;-;488.6		pfam	pfam_only	A	7/7	canonical	1	1	unscoreable	1	0	0														not_admitted	not_admitted	not_admitted	not_admitted	not_admitted	not_admitted	not_admitted
NZ_CP104593.1	MPF_F	IncFIA;IncFIB(AP001918);IncFIC(FII)	202	0	0	GA	0															not_admitted	not_admitted	not_admitted	not_admitted	not_admitted	not_admitted	not_admitted	not_admitted	not_admitted	not_admitted	1	163;167398;168390;-;369.3	155;161329;162702;-;380.7	159;163923;164666;-;233.3	166;169399;172026;-;306.5	154;158510;161332;-;380.3	174;174858;176285;-;94.3	166;169399;172026;-;100.3	176;177000;177566;-;183.8	162;166751;167389;-;68.3	161;164946;166754;-;268.3	148;152283;154436;-;391.9	170;173385;173834;-;55.1	148;152283;154436;-;70.4	A	9/9	contiguous	24717	1	1	157992..158489-;165;TraS;0
NZ_CP104596.1	MPF_F	IncFIA;IncFIB(AP001918);IncFII	167	0	0	GA	0															not_admitted	not_admitted	not_admitted	not_admitted	not_admitted	not_admitted	not_admitted	not_admitted	not_admitted	not_admitted	1	152;145005;145997;-;369.5	142;137853;139226;-;381.7	147;141156;141899;-;234.4	156;148413;150974;-;304.2	141;135034;137856;-;374.0	164;154376;155827;-;94.2	156;148413;150974;-;96.9	166;156542;157108;-;174.3	150;144023;144661;-;68.6	149;142176;144026;-;266.1	137;130564;132762;-;391.2	161;153001;153516;-;78.4	137;130564;132762;-;70.3	A	9/9	contiguous	25978	1	1	134533..135012-;159;TraS;0
NZ_CP104599.1	MPF_F	IncFIB(AP001918);IncFII	126	0	0	GA	0															not_admitted	not_admitted	not_admitted	not_admitted	not_admitted	not_admitted	not_admitted	not_admitted	not_admitted	not_admitted	1	69;70062;71054;-;369.3	58;62639;64012;-;381.0	63;65602;66345;-;235.0	72;72063;74690;-;304.6	57;59820;62642;-;389.2	78;76842;78269;-;94.3	72;72063;74690;-;99.2	80;78984;79550;-;183.8	66;68427;69065;-;68.6	65;66622;68430;-;268.0	54;56070;58286;-;391.5	74;75206;75721;-;78.4	54;56070;58286;-;70.4	A	9/9	contiguous	22914	1	1	59302..59799-;165;TraS;0
NZ_CP104604.1	MPF_F	IncFIB(pNDM-Mar);RepB	340	0	0	GA	0															not_admitted	not_admitted	not_admitted	not_admitted	not_admitted	not_admitted	not_admitted	not_admitted	not_admitted	not_admitted	1	257;237514;238551;-;282.3	76;59514;60923;+;190.4	75;58487;59524;+;175.6	269;249383;252100;-;149.6	77;60925;64893;+;121.3	273;254213;255583;-;65.6	269;249383;252100;-;85.2	276;257229;258089;-;79.0	258;238548;239909;-;69.9	256;234319;237504;-;59.6	68;49162;51288;-;57.7	270;252145;252882;-;56.9	68;49162;51288;-;41.0	A	9/9	split_2	208067	0	1	
NZ_CP104606.1	MPF_F	IncC	198	0	0	GA	0															not_admitted	not_admitted	not_admitted	not_admitted	not_admitted	not_admitted	not_admitted	not_admitted	not_admitted	not_admitted	1	124;94944;95951;+;332.9	187;148642;150075;+;339.2	186;147612;148640;+;221.7	119;89745;92192;+;354.5	188;150088;153702;+;374.5	114;80873;82189;+;135.0	119;89745;92192;+;128.3	112;79349;79975;+;92.7	122;93014;94279;+;67.9	125;96067;98865;+;145.3	103;73674;75539;+;47.3	115;82186;82764;+;100.2	103;73674;75539;+;52.0	A	9/9	split_2	76414	0	1	
NZ_CP104607.1	MPF_F	IncFIA(HI1);IncFII(K)	119	0	0	GA	0															not_admitted	not_admitted	not_admitted	not_admitted	not_admitted	not_admitted	not_admitted	not_admitted	not_admitted	not_admitted	1	80;62791;63783;+;366.6	90;69330;70697;+;384.0	86;67320;68072;+;233.7	77;59126;61765;+;258.5	91;70697;73546;+;346.4	69;53443;54867;+;89.2	77;59126;61765;+;88.2	67;52150;52716;+;168.1	81;63796;64434;+;66.9	82;64493;66448;+;259.7	95;76008;78320;+;393.2	70;54981;55565;+;53.1	95;76008;78320;+;65.8	A	9/9	contiguous	23858	1	1	73549..74082+;177;unnamed;0
NZ_CP104609.1	MPF_T	IncX4	40	0	0	GA	1	13;6356;6976;+;41.6	14;6990;7316;+;64.4	15;7335;10082;+;63.8	15;7335;10082;+;151.8	15;7335;10082;+;46.1	16;10094;10810;+;94.2	17;10822;11916;+;150.1		19;12431;13117;+;169.0	20;13114;14022;+;142.4	21;14015;15133;+;163.9	22;15135;16163;+;85.0	23;16195;18012;+;314.8		pfam	pfam_only	A	7/7	canonical	1	1	unscoreable	1	0	0														not_admitted	not_admitted	not_admitted	not_admitted	not_admitted	not_admitted	not_admitted
NZ_CP104614.1	MPF_F	IncFIB(AP001918);IncFII	124	0	0	GA	0															not_admitted	not_admitted	not_admitted	not_admitted	not_admitted	not_admitted	not_admitted	not_admitted	not_admitted	not_admitted	1	67;70058;71050;-;369.3	56;62635;64008;-;381.0	61;65598;66341;-;235.0	70;72059;74686;-;304.6	55;59816;62638;-;389.2	76;76838;78265;-;94.3	70;72059;74686;-;99.2	78;78980;79546;-;183.8	64;68423;69061;-;68.6	63;66618;68426;-;268.0	52;56066;58282;-;391.5	72;75202;75717;-;78.4	52;56066;58282;-;70.4	A	9/9	contiguous	22914	1	1	59298..59795-;165;TraS;0
NZ_CP104620.1	MPF_F	IncFII(pCoo)	109	0	0	GA	0															not_admitted	not_admitted	not_admitted	not_admitted	not_admitted	not_admitted	not_admitted	not_admitted	not_admitted	not_admitted	1	87;65574;66566;+;369.3	98;72616;73989;+;381.0	93;70283;71026;+;233.3	84;61938;64565;+;306.8	99;73986;76811;+;376.7	78;58360;59787;+;94.3	84;61938;64565;+;98.5	76;57079;57645;+;183.8	90;67563;68201;+;68.6	91;68198;70006;+;268.0	102;78315;80513;+;391.8	82;60907;61422;+;78.4	102;78315;80513;+;70.3	A	9/9	contiguous	21236	1	1	76808..77317+;169;unnamed;0
NZ_CP104621.1	MPF_F	IncFII(pHN7A8)	100	0	0	GA	0															not_admitted	not_admitted	not_admitted	not_admitted	not_admitted	not_admitted	not_admitted	not_admitted	not_admitted	not_admitted	1	73;57877;58869;+;369.5	86;65702;67075;+;376.8	81;63393;64136;+;234.4	70;54241;56868;+;301.8	87;67072;69888;+;376.7	64;50759;52186;+;94.1	70;54241;56868;+;101.8	62;49478;50044;+;183.8	76;59815;60453;+;70.4	79;61266;63116;+;265.0	91;72189;74423;+;390.1	68;53210;53725;+;78.4	91;72189;74423;+;70.3	A	9/9	contiguous	22711	1	1	69921..70442+;173;unnamed;0
NZ_CP104622.1	MPF_T	IncI2	83	0	0	GA	1	44;37355;37837;-;81.1		59;53427;53711;-;36.6	58;51064;53421;-;58.5	58;51064;53421;-;42.8	71;59164;59805;-;43.4	72;59811;60806;-;128.5		56;50164;50898;-;144.3	55;49397;50167;-;170.5	54;48268;49407;-;154.7	47;39605;41143;-;207.1	52;45220;47178;-;287.0		pfam	pfam_only	A	7/7	rearranged	1	0	unscoreable	17	1	0														not_admitted	not_admitted	not_admitted	not_admitted	not_admitted	not_admitted	not_admitted
NZ_CP104628.1	MPF_F	IncHI2;IncHI2A	290	0	0	GA	0															not_admitted	not_admitted	not_admitted	not_admitted	not_admitted	not_admitted	not_admitted	not_admitted	not_admitted	not_admitted	1	250;221086;222144;-;276.9	68;57008;58423;+;194.1	67;55972;57018;+;174.3	266;241716;244397;-;168.0	69;58432;62385;+;101.7	270;246727;248082;-;80.7	266;241716;244397;-;72.2	273;249806;250594;-;74.8	252;222286;223797;-;61.8	249;217879;221067;-;57.3	60;46846;48930;-;56.8	267;244406;245356;-;46.1	60;46846;48930;-;38.8	A	9/9	split_2	202960	1	1	62566..63855+;429;unnamed;0
NZ_CP104630.1	MPF_F	IncHI2;IncHI2A	300	0	0	GA	0															not_admitted	not_admitted	not_admitted	not_admitted	not_admitted	not_admitted	not_admitted	not_admitted	not_admitted	not_admitted	1	258;226948;228006;-;276.9	68;57008;58423;+;194.1	67;55972;57018;+;174.3	274;247578;250259;-;168.0	69;58432;62385;+;101.7	278;252589;253944;-;80.7	274;247578;250259;-;72.2	283;257004;257792;-;74.8	260;228148;229659;-;61.8	257;223741;226929;-;57.3	60;46846;48930;-;56.8	275;250268;251218;-;46.1	60;46846;48930;-;38.8	A	9/9	split_2	210158	1	1	62566..63855+;429;unnamed;0
NZ_CP104631.1	MPF_F	IncFIB(AP001918);IncFII	147	0	0	GA	0															not_admitted	not_admitted	not_admitted	not_admitted	not_admitted	not_admitted	not_admitted	not_admitted	not_admitted	not_admitted	1	90;86153;87145;-;369.3	79;78730;80103;-;381.0	84;81693;82436;-;235.0	93;88154;90781;-;304.6	78;75911;78733;-;389.2	99;92933;94360;-;94.3	93;88154;90781;-;99.2	101;95075;95641;-;183.8	87;84518;85156;-;68.6	86;82713;84521;-;268.0	75;72179;74377;-;391.5	95;91297;91812;-;78.4	75;72179;74377;-;70.4	A	9/9	contiguous	22896	1	1	75393..75890-;165;TraS;0
NZ_CP104633.1	MPF_T	IncX4	46	0	0	GA	1	4;5028;5648;-;46.3	3;4688;5014;-;64.4	2;1922;4669;-;63.8	2;1922;4669;-;151.8	2;1922;4669;-;46.1	1;1194;1910;-;94.1	0;88;1182;-;150.1		45;32682;33368;-;169.0	44;31777;32685;-;142.3	43;30666;31784;-;163.9	42;29636;30664;-;85.0	41;27787;29604;-;317.3		pfam	pfam_only	A	7/7	canonical	1	1	unscoreable	0	0	0														not_admitted	not_admitted	not_admitted	not_admitted	not_admitted	not_admitted	not_admitted
NZ_CP104637.1	MPF_F	IncC	198	0	0	GA	0															not_admitted	not_admitted	not_admitted	not_admitted	not_admitted	not_admitted	not_admitted	not_admitted	not_admitted	not_admitted	1	192;152703;153710;-;332.9	119;90879;92312;-;339.2	120;92314;93342;-;221.7	21;21405;22112;+;192.9	118;87252;90866;-;375.3	26;24322;25638;-;135.0	197;156462;158168;-;130.4	28;26536;27162;-;92.1	194;154375;155640;-;67.6	191;149792;152587;-;145.3	37;30972;32837;-;47.4	25;23747;24325;-;100.2	37;30972;32837;-;52.0	A	9/9	split_3	135057	0	1	
NZ_CP104661.1	MPF_F	IncFIB(K);IncFII(pKP91)	200	0	0	GA	0															not_admitted	not_admitted	not_admitted	not_admitted	not_admitted	not_admitted	not_admitted	not_admitted	not_admitted	not_admitted	1	134;135209;136201;-;362.9	123;127834;129201;-;382.8	128;130903;131655;-;235.3	137;137227;139866;-;259.1	122;124991;127834;-;345.8	147;143668;145092;-;88.4	137;137227;139866;-;83.9	149;145819;146385;-;168.4	133;134558;135196;-;66.0	132;132544;134499;-;255.2	118;120095;122404;-;393.1	145;142487;143056;-;53.7	118;120095;122404;-;66.6	A	9/9	contiguous	25724	1	1	124456..124980-;174;unnamed;0
NZ_CP104662.1	MPF_F	IncFIB(pQil);IncFII(K)	147	0	0	GA	0															not_admitted	not_admitted	not_admitted	not_admitted	not_admitted	not_admitted	not_admitted	not_admitted	not_admitted	not_admitted	1	122;89220;90209;+;366.0	132;95756;97123;+;384.6	128;93746;94498;+;233.7	118;85124;87763;+;258.5	133;97123;99972;+;345.0	111;80873;82297;+;89.3	118;85124;87763;+;88.7	109;79580;80146;+;169.3	123;90222;90860;+;67.0	124;90919;92874;+;259.2	137;102436;104748;+;393.2	112;82369;82953;+;54.9	137;102436;104748;+;65.8	A	9/9	contiguous	22856	1	1	99975..100505+;176;unnamed;0
NZ_CP104666.1	MPF_F	IncFIB(pB171);IncFII	154	0	0	GA	0															not_admitted	not_admitted	not_admitted	not_admitted	not_admitted	not_admitted	not_admitted	not_admitted	not_admitted	not_admitted	1	79;70010;71002;-;372.1	68;62905;64278;-;380.7	73;65868;66611;-;233.3	82;72011;74638;-;303.5	67;60089;62908;-;386.2	87;76767;78218;-;94.6	82;72011;74638;-;100.3	89;78933;79499;-;183.2	78;69363;70001;-;68.6	75;66888;68651;-;267.9	64;56386;58557;-;391.8	83;75154;75669;-;79.0	64;56386;58557;-;70.4	A	9/9	contiguous	22547	1	1	59573..60064-;163;TraS;0
NZ_CP104668.1	MPF_T	IncI2(Delta)	79	0	0	GA	1	40;30252;30734;-;81.1		55;46372;46656;-;36.6	54;44009;46366;-;58.5	54;44009;46366;-;44.9	65;52014;52661;-;41.6	66;52667;53653;-;122.2		52;43109;43843;-;144.3	51;42342;43112;-;170.5	50;41213;42352;-;154.7	43;32502;34040;-;207.1	48;38117;40075;-;287.0		pfam	pfam_only	A	7/7	rearranged	1	0	unscoreable	15	0	0														not_admitted	not_admitted	not_admitted	not_admitted	not_admitted	not_admitted	not_admitted
NZ_CP104680.1	MPF_F	IncFIB(pQil);IncFII(K)	142	0	0	GA	0															not_admitted	not_admitted	not_admitted	not_admitted	not_admitted	not_admitted	not_admitted	not_admitted	not_admitted	not_admitted	1	117;86173;87162;+;366.0	127;92709;94076;+;384.6	123;90699;91451;+;233.7	113;82077;84716;+;258.5	128;94076;96925;+;345.0	106;77826;79250;+;89.3	113;82077;84716;+;88.7	104;76533;77099;+;169.3	118;87175;87813;+;67.0	119;87872;89827;+;259.2	132;99389;101701;+;393.2	107;79322;79906;+;54.9	132;99389;101701;+;65.8	A	9/9	contiguous	22856	1	1	96928..97458+;176;unnamed;0
NZ_CP104682.1	MPF_F	IncC	248	0	0	GA	0															not_admitted	not_admitted	not_admitted	not_admitted	not_admitted	not_admitted	not_admitted	not_admitted	not_admitted	not_admitted	1	94;81494;82501;+;332.9	187;170162;171595;+;339.2	186;169132;170160;+;221.7	89;76295;78742;+;354.5	188;171608;175222;+;375.3	84;67423;68739;+;135.0	89;76295;78742;+;128.3	82;65899;66525;+;92.7	92;79564;80829;+;67.9	95;82617;85415;+;145.3	47;37335;39440;+;92.6	85;68736;69314;+;100.2	47;37335;39440;+;97.8	A	9/9	split_3	134273	0	1	
NZ_CP104690.2	MPF_T	ColKP3;IncX3	64	0	0	GA	1	26;22397;23041;-;46.4	25;22123;22413;-;73.1	24;19345;22098;-;47.0	24;19345;22098;-;142.4	24;19345;22098;-;73.3	23;18565;19335;-;60.1	21;17231;18286;-;132.8		20;16308;17036;-;119.4	19;15373;16302;-;138.8	18;14162;15376;-;128.3	16;12932;13966;-;65.7	15;11094;12929;-;495.9		pfam	pfam_only	A	7/7	canonical	1	1	unscoreable	2	0	0														not_admitted	not_admitted	not_admitted	not_admitted	not_admitted	not_admitted	not_admitted
NZ_CP104692.1	MPF_F	IncFIB(pECLA);IncFIB(pENTE01);IncFII(pECLA)	161	0	0	GA	0															not_admitted	not_admitted	not_admitted	not_admitted	not_admitted	not_admitted	not_admitted	not_admitted	not_admitted	not_admitted	1	28;16449;17447;+;358.7	37;22657;24021;+;367.1	31;19910;20692;+;214.0	20;10903;13512;+;212.8	38;24021;27302;+;311.6	13;7206;8609;+;90.5	20;10903;13512;+;100.0	11;5876;6457;+;102.3	29;17458;18081;+;63.4	30;18078;19913;+;219.2	43;29961;32552;+;366.9	18;10116;10655;+;42.9	43;29961;32552;+;71.1	A	9/9	contiguous	24085	1	1	27311..28024+;237;unnamed;0
NZ_CP104716.1	MPF_T	rep38	50	0	0	GA	1				33;29051;31069;+;25.4									39;35094;36638;+;464.4		none	none	D	2/7	uncallable	0	0	unscoreable	5	0	0														not_admitted	not_admitted	not_admitted	not_admitted	not_admitted	not_admitted	not_admitted
NZ_CP104722.1	MPF_F	IncC	210	0	0	GA	0															not_admitted	not_admitted	not_admitted	not_admitted	not_admitted	not_admitted	not_admitted	not_admitted	not_admitted	not_admitted	1	126;96567;97574;-;332.9	63;43364;44797;-;339.2	64;44799;45827;-;221.7	131;100326;102773;-;354.5	62;39737;43351;-;375.3	136;110329;111645;-;135.0	131;100326;102773;-;128.3	138;112543;113169;-;92.7	128;98239;99504;-;67.9	125;93653;96451;-;145.3	147;116979;118844;-;47.3	135;109754;110332;-;100.2	147;116979;118844;-;52.0	A	9/9	split_2	77242	0	1	
NZ_CP104723.1	MPF_T	IncX3	61	0	0	GA	1	47;36981;37625;-;46.4	46;36707;36997;-;73.1	45;33929;36682;-;47.0	45;33929;36682;-;142.4	45;33929;36682;-;73.3	44;33149;33919;-;60.1	42;31815;32870;-;133.2		41;30892;31620;-;119.4	40;29957;30886;-;138.8	39;28746;29960;-;128.3	37;27516;28550;-;65.7	36;25678;27513;-;495.9		pfam	pfam_only	A	7/7	canonical	1	1	unscoreable	2	0	0														not_admitted	not_admitted	not_admitted	not_admitted	not_admitted	not_admitted	not_admitted
NZ_CP104725.1	MPF_F	IncFIB(pECLA);IncFII(pECLA)	146	0	0	GA	0															not_admitted	not_admitted	not_admitted	not_admitted	not_admitted	not_admitted	not_admitted	not_admitted	not_admitted	not_admitted	1	129;111577;112575;+;362.3	138;117833;119197;+;366.6	132;115062;115844;+;211.4	121;105572;108181;+;223.5	139;119197;122478;+;308.4	112;101650;103059;+;97.0	121;105572;108181;+;103.1	110;100320;100901;+;94.6	130;112586;113209;+;63.8	131;113206;115065;+;208.6	143;124696;127263;+;364.9	119;104770;105324;+;43.8	143;124696;127263;+;76.5	A	9/9	contiguous	24376	1	1	122487..123200+;237;unnamed;0
NZ_CP104744.1	MPF_T	-	122	0	0	GA	1				54;66541;68745;+;24.4											none	none	D	1/7	uncallable	0	0	unscoreable	0	0	0														not_admitted	not_admitted	not_admitted	not_admitted	not_admitted	not_admitted	not_admitted
NZ_CP104746.1	-	-	46	0	0	GA	0															not_admitted	not_admitted	not_admitted	not_admitted	not_admitted	not_admitted	not_admitted	not_admitted	not_admitted	not_admitted	1	4;4167;5153;-;356.5	45;38874;40031;-;315.5	1;927;1712;-;188.2	8;6372;8966;-;225.4	44;36067;38871;-;312.3	11;9875;11239;-;90.7	8;6372;8966;-;90.4	13;11951;12520;-;137.0	3;3544;4152;-;62.5	2;1712;3547;-;246.6	40;32072;34210;-;366.4	9;8963;9343;-;57.9	40;32072;34210;-;67.6	A	9/9	split_2	37947	1	1	35256..36074-;272;unnamed;0
NZ_CP104761.1	MPF_G	-	118	0	0	GA	0															not_admitted	not_admitted	not_admitted	not_admitted	not_admitted	not_admitted	not_admitted	not_admitted	not_admitted	not_admitted	1	43;41665;42642;-;197.2			50;45708;48575;-;287.5	40;38314;39822;-;264.2						60;54647;56746;-;34.6		60;54647;56746;-;47.3	D	3/9	contiguous	16333	0	0	
NZ_CP104787.1	MPF_F	-	97	0	0	GA	0															not_admitted	not_admitted	not_admitted	not_admitted	not_admitted	not_admitted	not_admitted	not_admitted	not_admitted	not_admitted	1	35;25817;26860;-;369.2	30;20411;21838;-;325.8	32;22236;23048;-;219.1	39;28422;31148;-;164.6	29;17393;20395;-;208.7	43;32830;34146;-;102.7	39;28422;31148;-;108.4	45;34859;35437;-;82.6	34;25095;25802;-;107.6	33;23041;25098;-;92.2	61;45200;47359;-;381.4	40;31158;31802;-;41.9	61;45200;47359;-;89.7	A	9/9	contiguous	27807	1	1	16803..17321-;172;unnamed;0
NZ_CP104789.1	MPF_F	IncHI2;IncHI2A	282	0	0	GA	0															not_admitted	not_admitted	not_admitted	not_admitted	not_admitted	not_admitted	not_admitted	not_admitted	not_admitted	not_admitted	1	27;31208;32266;+;276.9			11;8955;11636;+;168.0		7;5270;6625;+;80.7	11;8955;11636;+;72.2	4;2758;3546;+;74.8	25;29555;31066;+;62.0	28;32285;35473;+;57.3		10;7996;8946;+;46.1		C	6/9	split_2	29527	0	1	
NZ_CP104792.1	MPF_F	IncFII	87	0	0	GA	0															not_admitted	not_admitted	not_admitted	not_admitted	not_admitted	not_admitted	not_admitted	not_admitted	not_admitted	not_admitted	1	62;50265;51257;+;369.5	72;57036;58409;+;381.7	67;54363;55106;+;234.4	59;46626;49256;+;304.1	73;58406;61228;+;374.0	50;41773;43224;+;94.2	59;46626;49256;+;97.1	48;40492;41058;+;174.3	64;51601;52239;+;68.6	65;52236;54086;+;266.1	77;63500;65770;+;391.1	53;44084;44599;+;78.4	77;63500;65770;+;70.3	A	9/9	contiguous	23008	1	1	61250..61729+;159;TraS;0
NZ_CP104795.1	MPF_T	IncX3	68	0	0	GA	1	24;15073;15717;+;46.4	25;15701;15991;+;73.1	26;16016;18769;+;47.0	26;16016;18769;+;143.1	26;16016;18769;+;73.3	27;18779;19549;+;60.1	29;19828;20883;+;133.2		30;21078;21806;+;119.4	31;21812;22741;+;138.8	32;22738;23952;+;128.3	34;24148;25182;+;65.7	35;25185;27020;+;495.9		pfam	pfam_only	A	7/7	canonical	1	1	unscoreable	2	0	0														not_admitted	not_admitted	not_admitted	not_admitted	not_admitted	not_admitted	not_admitted
NZ_CP104797.1	-	IncFIB(pKPHS1);IncFII(Cf);IncFII(pAR0022)	209	0	0	GA	0															not_admitted	not_admitted	not_admitted	not_admitted	not_admitted	not_admitted	not_admitted	not_admitted	not_admitted	not_admitted	1	191;171902;172897;+;369.5	198;177417;178784;+;352.7	194;175365;176171;+;204.7	186;167594;170209;+;236.0	199;178784;181672;+;317.3	182;164921;166279;+;94.4	186;167594;170209;+;120.2	180;163599;164168;+;107.8	192;172916;173542;+;65.3	193;173539;175368;+;244.0	202;182703;184892;+;366.9	185;167004;167591;+;52.5	202;182703;184892;+;62.7	A	9/9	contiguous	19104	1	1	181669..182280+;203;unnamed;0
NZ_CP104798.1	MPF_F	IncFIB(K);IncFII(K);IncFII(pAR0022)	223	0	0	GA	0															not_admitted	not_admitted	not_admitted	not_admitted	not_admitted	not_admitted	not_admitted	not_admitted	not_admitted	not_admitted	1	133;133698;134417;-;284.6	123;126784;128151;-;384.1	127;129409;130161;-;233.7	138;136145;138784;-;258.5	122;123962;126784;-;346.4	148;142688;144112;-;89.5	138;136145;138784;-;88.7	150;144839;145405;-;167.0	132;133047;133685;-;66.9	131;131033;132988;-;259.4	118;119037;121346;-;393.1	146;141492;142076;-;53.8	118;119037;121346;-;66.6	A	9/9	contiguous	25802	1	1	123337..123939-;200;TraS;0
NZ_CP104800.1	MPF_T	ColKP3;IncX3	65	0	0	GA	1	59;45111;45755;+;46.4	60;45739;46029;+;73.1	61;46054;48807;+;47.0	61;46054;48807;+;142.4	61;46054;48807;+;73.3	62;48817;49587;+;60.1	64;49866;50921;+;132.8		0;135;365;+;37.4	1;371;1300;+;138.8	2;1297;2511;+;128.3	4;2707;3741;+;65.7	5;3744;5579;+;495.9		pfam	pfam_only	A	7/7	canonical	1	1	unscoreable	2	0	0														not_admitted	not_admitted	not_admitted	not_admitted	not_admitted	not_admitted	not_admitted
NZ_CP104837.1	MPF_F	IncFII(Yp);IncFII(pAR0022)	97	0	0	GA	0															not_admitted	not_admitted	not_admitted	not_admitted	not_admitted	not_admitted	not_admitted	not_admitted	not_admitted	not_admitted	1	79;60681;61673;+;368.4	86;65969;67342;+;375.9	83;64420;65169;+;218.2	76;57064;59694;+;285.5	87;67342;70161;+;335.9	70;53642;55036;+;90.8	76;57064;59694;+;98.4	68;52359;52925;+;169.9	80;61690;62319;+;66.9	81;62316;64169;+;260.5	89;71559;73745;+;384.9	71;55058;55597;+;66.4	89;71559;73745;+;63.9	A	9/9	contiguous	19200	1	1	70700..71440+;246;unnamed;1
NZ_CP104838.1	MPF_F	IncFIB(pECLA);IncFII(pECLA)	222	0	0	GA	0															not_admitted	not_admitted	not_admitted	not_admitted	not_admitted	not_admitted	not_admitted	not_admitted	not_admitted	not_admitted	1	110;85287;86285;+;365.9	119;91522;92886;+;359.3	113;88751;89533;+;214.9	102;79323;81932;+;214.7	120;92886;96296;+;307.9	92;74587;75996;+;97.0	102;79323;81932;+;103.1	90;73257;73838;+;102.5	111;86296;86922;+;64.0	112;86919;88754;+;223.2	125;98843;101410;+;361.2	100;78536;79075;+;46.8	125;98843;101410;+;72.7	A	9/9	contiguous	25586	1	1	96312..96884+;190;unnamed;0
NZ_CP104841.1	-	pKPC-CAV1321	379	0	0	GA	0															not_admitted	not_admitted	not_admitted	not_admitted	not_admitted	not_admitted	not_admitted	not_admitted	not_admitted	not_admitted	1	321;257528;258595;-;276.8	301;240171;241613;-;260.7	302;241610;242710;-;198.4	325;260703;263189;-;223.8	300;236638;240156;-;240.0	329;266417;267814;-;109.8	325;260703;263189;-;120.8	331;269097;269723;-;87.1	322;258592;259905;-;41.0	298;233545;236202;-;136.9	337;272271;274247;-;22.7	328;265854;266420;-;71.6	337;272271;274247;-;33.5	A	9/9	contiguous	38726	0	1	
NZ_CP104842.1	MPF_F	IncC	256	0	0	GA	0															not_admitted	not_admitted	not_admitted	not_admitted	not_admitted	not_admitted	not_admitted	not_admitted	not_admitted	not_admitted	1	184;146699;147706;-;332.9	85;57666;59099;-;339.2	86;59101;60129;-;221.7	189;150458;152905;-;354.5	84;54039;57653;-;375.3	194;160461;161777;-;135.0	189;150458;152905;-;128.3	196;162675;163301;-;92.7	186;148371;149636;-;67.9	183;143785;146583;-;145.3	232;189760;191865;-;92.6	193;159886;160464;-;100.2	232;189760;191865;-;97.8	A	9/9	split_3	135721	0	1	
NZ_CP104847.1	MPF_F	IncFIA;IncFIB(AP001918);IncFII(pRSB107)	118	0	0	GA	0															not_admitted	not_admitted	not_admitted	not_admitted	not_admitted	not_admitted	not_admitted	not_admitted	not_admitted	not_admitted	1	98;70280;71272;+;369.5	111;79031;80404;+;386.6	103;74378;75121;+;231.4	95;66644;69271;+;303.9	112;80401;83220;+;386.3	89;63308;64759;+;94.1	95;66644;69271;+;96.5	87;62027;62593;+;184.3	100;71616;72254;+;68.7	101;72251;74101;+;266.7	116;85478;87667;+;391.8	92;65613;66128;+;75.2	116;85478;87667;+;70.3	A	9/9	contiguous	23451	1	1	83245..83736+;163;TraS;0
NZ_CP104849.1	MPF_F	IncFIA;IncFIB(AP001918);IncFII(pRSB107)	111	0	0	GA	0															not_admitted	not_admitted	not_admitted	not_admitted	not_admitted	not_admitted	not_admitted	not_admitted	not_admitted	not_admitted	1	98;71590;72582;+;369.5		103;75688;76431;+;231.4	95;67954;70581;+;303.9		89;64618;66069;+;94.1	95;67954;70581;+;96.5	87;63337;63903;+;184.3	100;72926;73564;+;68.7	101;73561;75411;+;266.7	108;79071;81260;+;391.8	92;66923;67438;+;75.2	108;79071;81260;+;70.3	C	7/9	contiguous	15734	0	1	
NZ_CP104859.1	MPF_T	IncFII(S);IncFII(pAR0022);IncX1	93	0	0	GA	1	69;49696;50343;+;45.2	70;50321;50617;+;77.5	71;50636;53389;+;46.6	71;50636;53389;+;148.0	71;50636;53389;+;75.3	72;53400;54158;+;65.9	74;54396;55529;+;108.9		75;55774;56487;+;120.0	76;56492;57421;+;129.7	77;57418;58623;+;132.5	78;58625;59389;+;55.2	79;59658;61493;+;486.5		pfam	pfam_only	A	7/7	canonical	1	1	unscoreable	1	0	0														not_admitted	not_admitted	not_admitted	not_admitted	not_admitted	not_admitted	not_admitted
NZ_CP104860.1	MPF_T	IncN	52	0	0	GA	1	45;39503;40237;+;32.5	47;40537;40830;+;28.7	48;40880;41197;+;63.3	49;41197;43797;+;111.8	49;41197;43797;+;76.8	50;43815;44528;+;97.1			1;737;1435;+;131.9	6;6534;7283;+;147.9	7;7283;8443;+;154.9	8;8485;9480;+;81.2	17;19486;21015;-;38.5		pfam	both	B	6/7	uncallable	0	0	unscoreable	5	0	0														not_admitted	not_admitted	not_admitted	not_admitted	not_admitted	not_admitted	not_admitted
NZ_CP104862.1	-	-	73	0	0	GA	1	49;31271;32044;+;46.1	51;32414;32731;+;62.2	52;32744;33061;+;85.6	53;33058;35535;+;142.4	53;33058;35535;+;93.7	54;35532;36215;+;105.2	56;36465;37466;+;142.3		57;37717;38418;+;152.3	58;38426;39238;+;180.6	59;39238;40404;+;194.1	60;40385;41437;+;102.7	71;51300;52823;-;63.1		pfam	both	A	7/7	canonical	1	0	unscoreable	12	0	0														not_admitted	not_admitted	not_admitted	not_admitted	not_admitted	not_admitted	not_admitted
NZ_CP104909.1	MPF_F	-	97	0	0	GA	0															not_admitted	not_admitted	not_admitted	not_admitted	not_admitted	not_admitted	not_admitted	not_admitted	not_admitted	not_admitted	1	17;12111;13154;+;369.2	22;17133;18560;+;325.8	20;15923;16735;+;219.1	13;7823;10549;+;164.6	23;18576;21578;+;208.7	9;4825;6141;+;102.7	13;7823;10549;+;108.4	7;3534;4112;+;82.6	18;13169;13876;+;107.6	19;13873;15930;+;92.2	88;62888;65047;+;381.4	12;7169;7813;+;41.9	88;62888;65047;+;89.7	A	9/9	split_2	59354	1	1	21650..22168+;172;unnamed;0
NZ_CP104922.1	MPF_F	IncHI2;IncHI2A	324	0	0	GA	0															not_admitted	not_admitted	not_admitted	not_admitted	not_admitted	not_admitted	not_admitted	not_admitted	not_admitted	not_admitted	1	28;31209;32267;+;276.9	215;203990;205405;-;194.1	216;205395;206441;-;173.7	11;8955;11636;+;168.0	214;200031;203981;-;101.6	7;5270;6625;+;80.7	11;8955;11636;+;72.2	4;2758;3546;+;74.8	26;29556;31067;+;62.7	29;32286;35474;+;58.3	222;213482;215566;+;56.7	10;7996;8946;+;46.4	222;213482;215566;+;38.8	A	9/9	split_3	210724	0	1	
NZ_CP104923.1	MPF_F	IncC	198	0	0	GA	0															not_admitted	not_admitted	not_admitted	not_admitted	not_admitted	not_admitted	not_admitted	not_admitted	not_admitted	not_admitted	1	125;94370;95377;+;332.9	187;145798;147231;+;339.2	186;144768;145796;+;221.7	120;89171;91618;+;354.5	188;147244;150858;+;374.5	115;80299;81615;+;135.0	120;89171;91618;+;128.3	113;78775;79401;+;92.7	123;92440;93705;+;67.9	126;95493;98291;+;145.3	104;73100;74965;+;47.3	116;81612;82190;+;100.2	104;73100;74965;+;52.0	A	9/9	split_2	74144	0	1	
NZ_CP104926.1	MPF_F	IncC	198	0	0	GA	0															not_admitted	not_admitted	not_admitted	not_admitted	not_admitted	not_admitted	not_admitted	not_admitted	not_admitted	not_admitted	1	124;94944;95951;+;332.9	187;148642;150075;+;339.2	186;147612;148640;+;221.7	119;89745;92192;+;354.5	188;150088;153702;+;374.5	114;80873;82189;+;135.0	119;89745;92192;+;128.3	112;79349;79975;+;92.7	122;93014;94279;+;67.9	125;96067;98865;+;145.3	103;73674;75539;+;47.3	115;82186;82764;+;100.2	103;73674;75539;+;52.0	A	9/9	split_2	76414	0	1	
NZ_CP104927.1	MPF_F	IncFIB(K);IncFII(pKP91)	99	0	0	GA	0															not_admitted	not_admitted	not_admitted	not_admitted	not_admitted	not_admitted	not_admitted	not_admitted	not_admitted	not_admitted	1	62;63240;64232;-;365.0	51;56276;57646;-;371.6	54;58430;59182;-;227.9	65;65306;67945;-;261.2	50;53418;56276;-;342.8	74;71458;72873;-;87.4	65;65306;67945;-;84.7	76;73600;74166;-;161.5	61;62589;63227;-;69.3	59;60332;62212;-;246.2	47;49518;51818;-;388.0	71;70060;70641;-;51.2	47;49518;51818;-;65.8	A	9/9	contiguous	24082	1	1	52755..53393-;212;unnamed;0
NZ_CP104964.1	-	-	527	0	0	GA	1		502;501060;501425;-;70.5	501;500768;501067;-;59.2	500;498320;500755;-;145.4	500;498320;500755;-;113.9	499;497557;498342;-;56.5	498;496185;497387;-;107.2		497;495511;496065;-;106.8	496;494663;495496;-;177.0	494;492926;494188;-;216.7	503;501415;502392;-;132.0	466;462698;464614;-;509.8		conjscan	conjscan_only	A	7/7	canonical	1	0	unscoreable	2	0	0														not_admitted	not_admitted	not_admitted	not_admitted	not_admitted	not_admitted	not_admitted
NZ_CP104969.1	-	-	369	0	0	GA	1	46;47646;48332;-;90.4	45;47345;47641;-;67.0	44;47040;47318;-;67.5	43;44611;47043;-;114.3	43;44611;47043;-;106.3		41;43255;44415;-;83.1		50;51610;52323;-;197.3	49;50804;51613;-;186.1	48;49441;50802;-;197.7	47;48329;49444;-;139.2			none	none	B	6/7	canonical	0	0	unscoreable	1	0	0														not_admitted	not_admitted	not_admitted	not_admitted	not_admitted	not_admitted	not_admitted
NZ_CP104970.1	MPF_T	-	548	0	0	GA	1		230;238832;239131;-;92.4	229;238490;238828;-;106.5	228;236131;238497;-;175.1	228;236131;238497;-;103.4	227;235433;236131;-;193.7	225;234279;235199;-;167.3		223;233273;233944;-;207.5	222;232425;233276;-;183.5	221;231240;232415;-;182.9	220;230236;231234;-;104.4	391;408806;410824;+;342.4		pfam	both	A	7/7	canonical	1	0	unscoreable	2	0	0														not_admitted	not_admitted	not_admitted	not_admitted	not_admitted	not_admitted	not_admitted
NZ_CP104977.1	MPF_F	IncFII(pECLA);repE(pEh60-7)	95	0	0	GA	0															not_admitted	not_admitted	not_admitted	not_admitted	not_admitted	not_admitted	not_admitted	not_admitted	not_admitted	not_admitted	1				55;39441;39857;+;61.7				49;35473;36054;+;94.6				53;38639;39193;+;46.6		D	3/9	contiguous	3968	0	0	
NZ_CP104991.1	MPF_T	-	940	0	0	GA	1	67;50775;51980;-;73.0	71;54809;55180;-;52.3	70;54480;54806;-;49.6	69;52734;54476;-;146.0	69;52734;54476;-;96.7		63;48670;49743;-;87.0		62;47878;48612;-;108.6	61;47048;47881;-;187.1	60;45692;47038;-;194.8	58;44647;45009;-;63.3	56;41959;44004;-;221.7		none	none	A	7/7	canonical	0	0	unscoreable	5	0	0														not_admitted	not_admitted	not_admitted	not_admitted	not_admitted	not_admitted	not_admitted
NZ_CP106655.1	MPF_F	IncFIB(K);IncFII(pKP91)	212	0	0	GA	0															not_admitted	not_admitted	not_admitted	not_admitted	not_admitted	not_admitted	not_admitted	not_admitted	not_admitted	not_admitted	1	143;116377;117369;+;362.9	157;125278;126645;+;382.2	153;123268;124020;+;225.6	140;112712;115351;+;259.1	158;126645;129488;+;341.4	130;107463;108887;+;89.2	140;112712;115351;+;84.2	128;106170;106736;+;168.4	147;119400;120047;+;64.9	149;120424;122379;+;257.4	162;132165;134465;+;392.7	132;109519;110091;+;53.5	162;132165;134465;+;66.6	A	9/9	contiguous	25995	1	1	129499..130023+;174;unnamed;0
NZ_CP106664.1	MPF_T	-	187	0	0	GA	1	81;71012;72145;-;91.2	84;74807;75154;-;72.1	83;74505;74804;-;88.4	82;72084;74501;-;128.6	82;72084;74501;-;100.1	80;70277;70999;-;39.2	78;69007;70047;-;144.0		77;68276;68971;-;181.5	76;67470;68279;-;203.2	75;66238;67470;-;202.5	74;65226;66257;-;129.9	73;63142;65229;-;303.8		pfam	pfam_only	A	7/7	canonical	1	0	unscoreable	1	0	0														not_admitted	not_admitted	not_admitted	not_admitted	not_admitted	not_admitted	not_admitted
NZ_CP106739.1	MPF_T	-	190	0	0	GA	1	162;137250;138404;+;72.8	158;134167;134460;+;75.3	159;134411;134731;+;88.9	160;134721;137096;+;84.0	160;134721;137096;+;46.0	163;138401;139213;+;70.5	170;143571;144647;+;123.8		164;139230;139883;+;171.7	165;139886;140581;+;167.1	166;140578;141957;+;180.7	167;141962;142948;+;103.7	183;159093;161093;-;288.4		pfam	both	A	7/7	canonical	1	0	unscoreable	3	0	0														not_admitted	not_admitted	not_admitted	not_admitted	not_admitted	not_admitted	not_admitted
NZ_CP106755.1	MPF_F	-	121	0	0	GA	0															not_admitted	not_admitted	not_admitted	not_admitted	not_admitted	not_admitted	not_admitted	not_admitted	not_admitted	not_admitted	1	19;25030;26040;-;353.9	10;18736;20100;-;357.8	16;21783;22568;-;220.1	26;29178;31832;-;229.0	9;15737;18736;-;293.6	31;33791;35206;-;90.0	26;29178;31832;-;108.7	33;35957;36535;-;84.7	18;24409;25020;-;59.1	17;22565;24412;-;209.6	6;11544;14084;-;346.0	29;32261;32839;-;38.7	6;11544;14084;-;63.6	A	9/9	contiguous	24413	1	1	15196..15732-;178;unnamed;0
NZ_CP106778.1	MPF_T	-	45	0	0	GA	1		8;6106;6489;+;70.3	9;6494;6811;+;34.8	10;6808;9372;+;93.3	10;6808;9372;+;98.1	15;12821;13597;+;67.8	16;13832;15439;+;103.7		11;9372;10079;+;142.4	12;10092;10958;+;180.2	14;11369;12808;+;216.1	7;5006;6004;+;131.3	37;31423;33312;-;441.7		conjscan	conjscan_only	A	7/7	canonical	1	0	unscoreable	2	0	0														not_admitted	not_admitted	not_admitted	not_admitted	not_admitted	not_admitted	not_admitted
NZ_CP106787.1	MPF_F	IncFII(K);repB(R1701)	140	0	0	GA	0															not_admitted	not_admitted	not_admitted	not_admitted	not_admitted	not_admitted	not_admitted	not_admitted	not_admitted	not_admitted	1	31;32045;33034;-;366.6	21;25131;26498;-;383.3	25;27756;28508;-;233.7	35;34477;37116;-;258.5	20;22282;25131;-;346.4	44;40376;41800;-;89.2	35;34477;37116;-;88.7	46;42527;43093;-;169.3	30;31394;32032;-;66.9	29;29380;31335;-;259.7	16;17507;19819;-;392.8	43;39678;40262;-;55.4	16;17507;19819;-;65.9	A	9/9	contiguous	25020	1	1	21746..22279-;177;unnamed;0
NZ_CP106822.1	MPF_T	-	45	0	0	GA	1		30;28913;29296;-;70.3	29;28591;28908;-;34.8	28;26030;28594;-;93.3	28;26030;28594;-;98.1	23;21805;22581;-;67.8	22;19963;21570;-;102.8		27;25323;26030;-;142.4	26;24444;25310;-;180.2	24;22594;24033;-;216.1	31;29398;30396;-;132.2	1;2090;3979;+;441.7		conjscan	conjscan_only	A	7/7	canonical	1	0	unscoreable	2	0	0														not_admitted	not_admitted	not_admitted	not_admitted	not_admitted	not_admitted	not_admitted
NZ_CP106839.1	MPF_F	IncFIB(pNDM-Mar);RepB	321	0	0	GA	0															not_admitted	not_admitted	not_admitted	not_admitted	not_admitted	not_admitted	not_admitted	not_admitted	not_admitted	not_admitted	1	320;300596;301273;-;210.1	107;103693;105117;+;191.2	106;102681;103718;+;171.0	12;13187;15904;-;148.2	316;292075;295989;-;120.8	16;18017;19390;-;65.6	12;13187;15904;-;85.7	19;21036;21896;-;80.3	1;416;1465;-;57.4	319;297404;300586;-;56.0	99;93377;95503;-;57.6	13;15949;16686;-;59.5	99;93377;95503;-;40.9	A	9/9	split_3	300180	0	1	
NZ_CP106858.1	MPF_T	IncI2(Delta)	75	0	0	GA	1	39;29240;29722;-;81.1		53;44794;45114;-;35.1	52;42431;44788;-;60.0	52;42431;44788;-;45.0	63;50567;51208;-;42.9	64;51214;52209;-;128.5		50;41531;42265;-;143.0	49;40764;41534;-;170.5	48;39635;40774;-;154.7	42;31491;33029;-;208.0	46;36587;38545;-;288.6		pfam	pfam_only	A	7/7	rearranged	1	0	unscoreable	14	1	0														not_admitted	not_admitted	not_admitted	not_admitted	not_admitted	not_admitted	not_admitted
NZ_CP106876.1	-	-	64	0	0	GA	1		35;23651;23998;+;74.9	36;24009;24302;+;29.9	37;24305;26740;+;76.3	37;24305;26740;+;96.0	38;26761;27519;+;46.3	39;27530;28972;+;84.5		40;29030;29746;+;106.8	41;29746;30627;+;155.5	43;31086;32396;+;217.6	48;36513;38135;+;171.1	58;44971;46857;+;438.0		conjscan	conjscan_only	A	7/7	canonical	1	0	unscoreable	15	0	0														not_admitted	not_admitted	not_admitted	not_admitted	not_admitted	not_admitted	not_admitted
NZ_CP106882.1	MPF_T	-	597	0	0	GA	1	79;76067;76624;-;22.3	90;86427;86858;-;55.9	89;86112;86423;-;46.6	88;83578;86115;-;83.3	88;83578;86115;-;102.2	83;79322;80104;-;73.8	81;77259;78986;-;141.2		87;82838;83581;-;144.8	86;81935;82825;-;177.2	84;80116;81459;-;210.8	91;86872;87831;-;128.9	289;297649;299622;-;453.4		conjscan	conjscan_only	A	7/7	canonical	1	0	unscoreable	4	0	0														not_admitted	not_admitted	not_admitted	not_admitted	not_admitted	not_admitted	not_admitted
NZ_CP106883.1	-	-	133	0	0	GA	1	85;85868;86710;-;43.6	95;95443;95910;+;60.6	8;5031;5345;+;47.9	9;5358;7865;+;90.6	9;5358;7865;+;112.2	10;7846;8619;+;56.8	11;8827;10710;+;76.3		101;101929;102618;+;142.4	14;11759;12682;+;158.3	17;13728;14501;+;210.2	6;3593;4564;+;129.3	87;87267;89222;-;358.1		conjscan	conjscan_only	A	7/7	canonical	1	0	unscoreable	14	0	0														not_admitted	not_admitted	not_admitted	not_admitted	not_admitted	not_admitted	not_admitted
NZ_CP106887.1	MPF_F	IncFIB(pNDM-Mar);IncHI1B(pNDM-MAR)	237	0	0	GA	0															not_admitted	not_admitted	not_admitted	not_admitted	not_admitted	not_admitted	not_admitted	not_admitted	not_admitted	not_admitted	1	162;140031;141068;-;282.3	77;57816;59225;+;190.4	76;56789;57826;+;175.9	175;151900;154617;-;148.7	78;59227;63135;+;122.1	179;156730;158100;-;65.6	175;151900;154617;-;85.2	182;159746;160606;-;79.0	163;141065;142426;-;69.9	161;136839;140021;-;60.1	69;47465;49591;-;57.8	176;154662;155399;-;56.9	69;47465;49591;-;41.0	A	9/9	split_2	112281	0	1	
NZ_CP106891.1	MPF_F	IncFIB(pNDM-Mar);IncHI1B(pNDM-MAR)	238	0	0	GA	0															not_admitted	not_admitted	not_admitted	not_admitted	not_admitted	not_admitted	not_admitted	not_admitted	not_admitted	not_admitted	1	163;140014;141051;-;282.3	77;57816;59225;+;190.4	76;56789;57826;+;175.9	176;151883;154600;-;148.7	78;59227;63135;+;122.1	180;156713;158083;-;65.6	176;151883;154600;-;85.2	183;159729;160589;-;79.0	164;141048;142409;-;69.9	162;136822;140004;-;60.1	69;47465;49591;-;57.8	177;154645;155382;-;56.9	69;47465;49591;-;41.0	A	9/9	split_2	112264	0	1	
NZ_CP106895.1	MPF_F	IncHI2;IncHI2A	283	0	0	GA	0															not_admitted	not_admitted	not_admitted	not_admitted	not_admitted	not_admitted	not_admitted	not_admitted	not_admitted	not_admitted	1	29;32275;33333;+;276.9	194;181875;183290;-;194.1	195;183280;184326;-;173.7	11;8955;11636;+;168.0	193;177916;181866;-;101.6	7;5270;6625;+;80.7	11;8955;11636;+;72.2	4;2758;3546;+;74.8	27;30622;32133;+;62.7	30;33352;36540;+;58.3	203;192144;194228;+;56.7	10;7996;8946;+;46.4	203;192144;194228;+;38.8	A	9/9	split_3	189386	0	1	
NZ_CP106896.1	MPF_F	IncFIB(pB171);IncFII(S)	169	0	0	GA	0															not_admitted	not_admitted	not_admitted	not_admitted	not_admitted	not_admitted	not_admitted	not_admitted	not_admitted	not_admitted	1	109;106105;107100;-;357.0	103;100491;101852;-;336.1	105;102489;103268;-;196.3	112;108193;110784;-;218.1	102;97592;100489;-;290.9	115;112206;113567;-;80.7	112;108193;110784;-;87.3	117;114284;114847;-;143.8	107;105115;105729;-;79.9	106;103265;105118;-;253.1	99;93722;96013;-;375.8	113;110795;111394;-;50.4	99;93722;96013;-;65.0	A	9/9	contiguous	20562	1	1	97020..97580-;186;unnamed;0
NZ_CP106907.1	MPF_F	IncFII(pHN7A8);IncR	257	0	0	GA	0															not_admitted	not_admitted	not_admitted	not_admitted	not_admitted	not_admitted	not_admitted	not_admitted	not_admitted	not_admitted	1	37;29845;30837;-;369.5	24;21639;23012;-;376.8	4;2792;3535;+;234.4	40;31846;34473;-;301.8	11;6469;9285;+;376.7	45;36528;37955;-;94.1	40;31846;34473;-;101.8	47;38670;39236;-;183.8	34;28261;28899;-;70.4	31;25598;27448;-;265.0	40;31846;34473;-;20.8	41;34989;35504;-;77.6		A	9/9	contiguous	35878	1	1	9318..9839+;173;unnamed;0
NZ_CP106909.1	MPF_F	IncC	201	0	0	GA	0															not_admitted	not_admitted	not_admitted	not_admitted	not_admitted	not_admitted	not_admitted	not_admitted	not_admitted	not_admitted	1	128;102844;103851;-;332.9	46;31062;32495;-;339.2	47;32497;33525;-;221.7	133;106603;109050;-;354.2	45;27435;31049;-;375.3	191;160332;161492;-;156.3	133;106603;109050;-;128.6	140;118775;119401;-;92.1	130;104516;105781;-;67.6	127;99933;102728;-;145.3	149;123211;125076;-;47.4	137;115986;116564;-;100.2	149;123211;125076;-;52.0	A	9/9	split_3	132897	0	1	
NZ_CP106910.1	MPF_T	IncX3	57	0	0	GA	1	45;33876;34520;+;46.4	46;34504;34794;+;73.1	47;34819;37572;+;47.0	47;34819;37572;+;142.4	47;34819;37572;+;73.3	48;37582;38352;+;60.1	50;38631;39686;+;133.2		51;39881;40609;+;119.4	52;40615;41544;+;138.8	53;41541;42755;+;128.3	55;42951;43985;+;65.7	56;43988;45823;+;495.9		pfam	pfam_only	A	7/7	canonical	1	1	unscoreable	2	0	0														not_admitted	not_admitted	not_admitted	not_admitted	not_admitted	not_admitted	not_admitted
NZ_CP106914.1	MPF_F	IncC	204	0	0	GA	0															not_admitted	not_admitted	not_admitted	not_admitted	not_admitted	not_admitted	not_admitted	not_admitted	not_admitted	not_admitted	1	73;62812;63819;-;332.9	195;158686;160119;-;339.2	196;160121;161149;-;221.7	78;66571;69018;-;354.2	194;155059;158673;-;375.3	138;121606;122766;-;156.3	78;66571;69018;-;128.6	85;78743;79369;-;92.1	75;64484;65749;-;67.6	72;59901;62696;-;145.3	94;83179;85044;-;47.4	82;75954;76532;-;100.2	94;83179;85044;-;52.0	A	9/9	split_3	100220	0	1	
NZ_CP106915.1	MPF_F	IncFII(pHN7A8);IncR	162	0	0	GA	0															not_admitted	not_admitted	not_admitted	not_admitted	not_admitted	not_admitted	not_admitted	not_admitted	not_admitted	not_admitted	1	148;111608;112600;+;369.5		156;117124;117867;+;234.4	145;107972;110599;+;301.8	1;454;3270;+;376.7	140;104490;105917;+;94.1	145;107972;110599;+;101.8	138;103209;103775;+;183.8	151;113546;114184;+;70.4	154;114997;116847;+;265.0	145;107972;110599;+;20.8	144;106941;107456;+;77.6		B	8/9	split_2	116670	1	1	3303..3824+;173;unnamed;0
NZ_CP106917.1	MPF_T	IncX3	58	0	0	GA	1	17;10552;11196;+;46.4	18;11180;11470;+;73.1	19;11495;14248;+;47.0	19;11495;14248;+;142.4	19;11495;14248;+;73.3	20;14258;15028;+;60.1	22;15307;16362;+;133.2		23;16557;17285;+;119.4	24;17291;18220;+;138.8	25;18217;19431;+;128.3	27;19627;20661;+;65.7	28;20664;22499;+;495.9		pfam	pfam_only	A	7/7	canonical	1	1	unscoreable	2	0	0														not_admitted	not_admitted	not_admitted	not_admitted	not_admitted	not_admitted	not_admitted
NZ_CP106919.1	MPF_T	-	45	0	0	GA	1		40;35632;36015;-;70.3	39;35310;35627;-;34.8	38;32749;35313;-;93.3	38;32749;35313;-;98.1	33;28524;29300;-;67.8	32;26682;28289;-;103.2		37;32042;32749;-;143.4	36;31163;32029;-;180.2	34;29313;30752;-;216.1	41;36117;37115;-;132.2	11;8808;10697;+;445.1		conjscan	conjscan_only	A	7/7	canonical	1	0	unscoreable	2	0	0														not_admitted	not_admitted	not_admitted	not_admitted	not_admitted	not_admitted	not_admitted
NZ_CP106923.1	-	-	71	0	0	GA	1	68;49259;49966;-;34.8		66;48531;48929;-;24.6	65;46142;48577;-;71.6		63;45220;45888;-;50.4	61;43898;44863;-;121.9		60;42744;43559;-;140.0	59;41938;42747;-;146.0	56;40057;41406;-;137.4	55;39013;40047;-;62.1	52;36412;37971;-;264.0		pfam	pfam_only	A	7/7	canonical	1	0	unscoreable	7	0	0														not_admitted	not_admitted	not_admitted	not_admitted	not_admitted	not_admitted	not_admitted
NZ_CP106925.1	MPF_F	IncFII(pCoo)	95	0	0	GA	0															not_admitted	not_admitted	not_admitted	not_admitted	not_admitted	not_admitted	not_admitted	not_admitted	not_admitted	not_admitted	1	84;77159;78145;+;354.1			81;73475;76066;+;214.5		78;71058;72422;+;78.6	81;73475;76066;+;88.0	76;69778;70221;+;105.0				80;72865;73464;+;51.7		D	4/9	contiguous	7381	0	0	
NZ_CP106955.1	MPF_F	IncFIA;IncFIB(AP001918);IncFII;IncQ1	165	0	0	GA	0															not_admitted	not_admitted	not_admitted	not_admitted	not_admitted	not_admitted	not_admitted	not_admitted	not_admitted	not_admitted	1	112;100319;101311;+;369.5	122;107090;108463;+;381.7	117;104417;105160;+;234.4	109;96680;99310;+;304.1	123;108460;111282;+;374.0	101;91827;93278;+;94.2	109;96680;99310;+;97.1	99;90546;91112;+;174.3	114;101655;102293;+;68.6	115;102290;104140;+;266.1	127;113554;115752;+;391.2	104;94138;94653;+;78.4	127;113554;115752;+;70.3	A	9/9	contiguous	23008	1	1	111304..111783+;159;TraS;0
NZ_CP106956.1	MPF_T	IncX1	49	0	0	GA	1	26;23600;24244;-;47.1	25;23326;23616;-;73.5	24;20543;23302;-;44.8	24;20543;23302;-;133.3	24;20543;23302;-;71.9	23;19804;20541;-;57.5	21;18467;19522;-;131.7		20;17555;18277;-;116.0	19;16620;17549;-;133.3	18;15409;16623;-;128.6	17;14354;15391;-;66.4	16;12514;14349;-;543.4		pfam	pfam_only	A	7/7	canonical	1	1	unscoreable	1	0	0														not_admitted	not_admitted	not_admitted	not_admitted	not_admitted	not_admitted	not_admitted
NZ_CP106957.1	MPF_T	-	41	0	0	GA	1		36;32266;32574;+;67.6	37;32585;32902;+;84.6	38;32899;35349;+;142.6	38;32899;35349;+;84.6	39;35370;36014;+;97.0	0;1;1014;+;161.4		2;1363;2121;+;142.8	3;2124;2945;+;197.9	4;2945;4135;+;188.9	5;4113;5150;+;83.0	6;5113;7041;+;402.6		pfam	both	A	7/7	rearranged	1	0	unscoreable	1	0	0														not_admitted	not_admitted	not_admitted	not_admitted	not_admitted	not_admitted	not_admitted
NZ_CP106962.1	MPF_T	IncN3	55	0	0	GA	1	26;15562;16344;+;33.3	28;16591;16887;+;36.0	29;16927;17244;+;71.9	30;17245;19818;+;118.0	30;17245;19818;+;74.2	31;19834;20535;+;98.9	33;20804;21841;+;121.9	34;21918;22049;+;40.1	35;22060;22755;+;132.6	36;22766;23653;+;147.8	37;23653;24786;+;166.3	38;24837;25838;+;90.1	53;40316;41848;-;52.0		pfam	both	A	7/7	canonical	1	0	ga	2	0	0														not_admitted	not_admitted	not_admitted	not_admitted	not_admitted	not_admitted	not_admitted
NZ_CP106965.1	MPF_F	IncFIB(K)(pCAV1099-114);IncFII(pKP91)	206	0	0	GA	0															not_admitted	not_admitted	not_admitted	not_admitted	not_admitted	not_admitted	not_admitted	not_admitted	not_admitted	not_admitted	1	114;114084;115073;-;363.3	104;107153;108520;-;382.2	108;109778;110530;-;226.1	118;116516;119155;-;259.1	103;104304;107153;-;340.5	157;146738;148012;+;204.4	118;116516;119155;-;84.3	130;125142;125708;-;168.4	113;113433;114071;-;64.4	112;111419;113374;-;259.7	99;100179;102488;-;392.8	127;122206;122778;-;53.5	99;100179;102488;-;65.8	A	9/9	split_2	46559	1	1	103771..104301-;176;unnamed;0
NZ_CP106970.1	MPF_T	-	81	0	0	GA	1				34;35639;37843;+;21.3											none	none	D	1/7	uncallable	0	0	unscoreable	0	0	0														not_admitted	not_admitted	not_admitted	not_admitted	not_admitted	not_admitted	not_admitted
NZ_CP106989.1	MPF_F	-	94	0	0	GA	0															not_admitted	not_admitted	not_admitted	not_admitted	not_admitted	not_admitted	not_admitted	not_admitted	not_admitted	not_admitted	1	58;39829;40872;+;369.2	63;44855;46282;+;325.8	61;43641;44453;+;219.1	54;35541;38267;+;164.6	64;46298;49300;+;208.7	50;32543;33859;+;102.7	54;35541;38267;+;108.4	48;31252;31830;+;83.7	59;40887;41594;+;107.6	60;41591;43648;+;91.0	29;18383;20542;+;381.3	53;34887;35531;+;41.9	29;18383;20542;+;90.0	A	9/9	contiguous	27915	1	1	49372..49890+;172;unnamed;0
NZ_CP107012.1	MPF_T	IncX1;IncX10	51	0	0	GA	1	21;17743;18390;-;45.5	20;17469;17765;-;76.7	19;14697;17450;-;46.6	19;14697;17450;-;147.9	19;14697;17450;-;74.3	18;13928;14686;-;70.2	16;12557;13690;-;108.9		15;11599;12312;-;118.8	14;10665;11594;-;133.6	13;9463;10668;-;131.7	12;8430;9461;-;76.4	11;6592;8427;-;484.2		pfam	pfam_only	A	7/7	canonical	1	1	unscoreable	1	0	0														not_admitted	not_admitted	not_admitted	not_admitted	not_admitted	not_admitted	not_admitted
NZ_CP107016.1	MPF_F	Col156;IncFIB(AP001918);IncFII	143	0	0	GA	0															not_admitted	not_admitted	not_admitted	not_admitted	not_admitted	not_admitted	not_admitted	not_admitted	not_admitted	not_admitted	1	93;86627;87619;-;369.5	78;77786;79159;-;381.7	85;81364;82107;-;234.4	96;88628;91258;-;297.8	77;74970;77789;-;373.5	103;94526;95977;-;93.8	96;88628;91258;-;99.0	105;96692;97258;-;174.3	90;85046;85684;-;70.8	87;82384;84234;-;269.3	73;70313;72700;-;391.4	100;93151;93666;-;82.8	73;70313;72700;-;70.2	A	9/9	contiguous	26379	1	1	74454..74945-;163;TraS;0
NZ_CP107041.1	MPF_F	IncHI2;IncHI2A	222	0	0	GA	0															not_admitted	not_admitted	not_admitted	not_admitted	not_admitted	not_admitted	not_admitted	not_admitted	not_admitted	not_admitted	1	111;109496;110554;+;276.9			95;87243;89924;+;168.0		91;83558;84913;+;80.7	95;87243;89924;+;72.2	88;81046;81834;+;74.8	109;107843;109354;+;61.8	112;110573;113761;+;57.3		94;86284;87234;+;46.1		C	6/9	split_2	29527	0	1	
NZ_CP107044.1	MPF_F	IncFIB(K);IncFII(K);IncQ1	183	0	0	GA	0															not_admitted	not_admitted	not_admitted	not_admitted	not_admitted	not_admitted	not_admitted	not_admitted	not_admitted	not_admitted	1	119;106646;107635;+;366.6	129;113182;114549;+;384.0	125;111172;111924;+;233.7	115;102550;105189;+;258.5	130;114549;117398;+;346.4	108;98298;99722;+;88.1	115;102550;105189;+;88.7	106;97005;97571;+;169.3	120;107648;108286;+;66.9	121;108345;110300;+;259.4	134;119860;122172;+;393.1	109;99795;100379;+;54.3	134;119860;122172;+;66.6	A	9/9	contiguous	22855	1	1	117401..117934+;177;unnamed;0
NZ_CP107047.1	MPF_T	IncX4	37	0	0	GA	1	13;13219;13839;-;41.6	12;12879;13205;-;64.4	11;10113;12860;-;63.8	11;10113;12860;-;151.8	11;10113;12860;-;46.1	10;9385;10101;-;94.2	9;8279;9373;-;150.1		7;7078;7764;-;169.0	6;6173;7081;-;142.4	5;5062;6180;-;163.9	4;4032;5060;-;85.0	3;2183;4000;-;314.8		pfam	pfam_only	A	7/7	canonical	1	1	unscoreable	1	0	0														not_admitted	not_admitted	not_admitted	not_admitted	not_admitted	not_admitted	not_admitted
NZ_CP107059.1	MPF_F	IncFIA;IncFII	110	0	0	GA	0															not_admitted	not_admitted	not_admitted	not_admitted	not_admitted	not_admitted	not_admitted	not_admitted	not_admitted	not_admitted	1	84;76780;77772;+;369.3	93;82834;84207;+;381.0	88;80471;81244;+;234.0	81;73144;75771;+;303.5	94;84204;87029;+;386.0	75;69662;71089;+;94.3	81;73144;75771;+;98.5	73;68381;68947;+;183.8	85;77781;78419;+;68.7	86;78416;80224;+;268.0	97;88533;90785;+;391.7	79;72113;72628;+;78.4	97;88533;90785;+;70.3	A	9/9	contiguous	20152	1	1	87026..87535+;169;unnamed;0
NZ_CP107061.1	MPF_F	IncFII	111	0	0	GA	0															not_admitted	not_admitted	not_admitted	not_admitted	not_admitted	not_admitted	not_admitted	not_admitted	not_admitted	not_admitted	1	84;67599;68591;+;369.5	94;74370;75743;+;381.7	89;71697;72440;+;234.4	81;63960;66590;+;303.7	95;75740;78562;+;374.0	74;59507;60958;+;94.2	81;63960;66590;+;97.1	72;58226;58792;+;174.3	86;68935;69573;+;68.6	87;69570;71420;+;266.1	102;84257;85690;+;250.0	77;61818;62333;+;77.1	102;84257;85690;+;71.2	A	9/9	contiguous	26031	1	1	78584..79063+;159;TraS;0
NZ_CP107062.1	MPF_F	IncC	169	0	0	GA	0															not_admitted	not_admitted	not_admitted	not_admitted	not_admitted	not_admitted	not_admitted	not_admitted	not_admitted	not_admitted	1	94;71322;72329;+;332.9	158;126358;127791;+;339.2	157;125328;126356;+;221.7	89;66123;68570;+;354.2	159;127804;131418;+;375.3	80;52812;54128;+;135.0	89;66123;68570;+;128.6	78;51288;51914;+;92.1	92;69392;70657;+;67.6	95;72445;75240;+;145.3	69;45613;47478;+;47.4	81;54125;54703;+;100.2	69;45613;47478;+;52.0	A	9/9	split_2	82191	0	1	
NZ_CP107063.1	MPF_F	IncFIA;IncFIB(AP001918);IncFII	173	0	0	GA	0															not_admitted	not_admitted	not_admitted	not_admitted	not_admitted	not_admitted	not_admitted	not_admitted	not_admitted	not_admitted	1	114;103274;104266;-;371.6	103;96216;97589;-;380.9	110;99802;100545;-;235.0	117;105275;107902;-;303.5	102;93394;96219;-;385.9	123;110061;111488;-;91.9	117;105275;107902;-;99.0	125;112203;112769;-;182.9	113;102627;103265;-;64.9	112;100822;102630;-;268.3	99;89702;91891;-;391.3	118;108418;108933;-;76.4	99;89702;91891;-;70.4	A	9/9	contiguous	22501	1	1	92888..93397-;169;unnamed;0
NZ_CP107115.1	MPF_F	Col156;IncFIB(AP001918);IncFII	133	0	0	GA	0															not_admitted	not_admitted	not_admitted	not_admitted	not_admitted	not_admitted	not_admitted	not_admitted	not_admitted	not_admitted	1	102;93935;94927;-;369.5	91;86827;88200;-;382.9	97;90128;90871;-;234.4	105;95936;98380;-;264.1	90;84017;86830;-;381.4		105;95936;98380;-;102.6		100;92953;93591;-;70.7	99;91148;92956;-;267.1	87;80296;82485;-;380.8		87;80296;82485;-;66.5	C	7/9	contiguous	15640	1	1	83501..83992-;163;TraS;0
NZ_CP107116.1	MPF_F	IncFII(pSE11)	74	0	0	GA	0															not_admitted	not_admitted	not_admitted	not_admitted	not_admitted	not_admitted	not_admitted	not_admitted	not_admitted	not_admitted	1	46;35142;36134;+;369.5	58;42188;43561;+;381.7	51;39240;39983;+;234.4	43;31503;34133;+;297.8	59;43558;46380;+;388.5	35;26650;28077;+;93.9	43;31503;34133;+;98.7	33;25369;25935;+;174.3	48;36478;37116;+;68.6	49;37113;38963;+;266.9	63;48652;50859;+;391.2	38;28961;29476;+;78.4	63;48652;50859;+;70.3	A	9/9	contiguous	23283	1	1	46402..46881+;159;TraS;0
NZ_CP107118.1	MPF_F	IncFIA;IncFIB(AP001918);IncFII	126	0	0	GA	0															not_admitted	not_admitted	not_admitted	not_admitted	not_admitted	not_admitted	not_admitted	not_admitted	not_admitted	not_admitted	1	64;58325;59317;-;367.4	53;51266;52639;-;380.9	60;54853;55596;-;235.0	67;60326;62953;-;305.4	52;48444;51269;-;385.9	73;65008;66435;-;94.3	67;60326;62953;-;98.5	78;69690;70256;-;165.5	63;57678;58316;-;68.6	62;55873;57681;-;268.3	49;44752;46941;-;391.3	69;63469;63984;-;78.4	49;44752;46941;-;70.4	A	9/9	contiguous	24938	1	1	47938..48447-;169;unnamed;0
NZ_CP107121.1	MPF_F	IncFIA;IncFIB(AP001918);IncFII	171	0	0	GA	0															not_admitted	not_admitted	not_admitted	not_admitted	not_admitted	not_admitted	not_admitted	not_admitted	not_admitted	not_admitted	1	111;102506;103498;-;367.4	100;95447;96820;-;380.9	107;99034;99777;-;235.0	114;104507;107134;-;305.4	99;92625;95450;-;385.9	120;109189;110616;-;94.3	114;104507;107134;-;98.5	122;111331;111897;-;183.8	110;101859;102497;-;68.6	109;100054;101862;-;268.3	92;86393;87775;-;267.8	116;107650;108165;-;78.4	92;86393;87775;-;71.3	A	9/9	contiguous	24938	1	1	92119..92628-;169;unnamed;0
NZ_CP107123.1	MPF_F	Col156;IncFIA;IncFIB(AP001918);IncFII	196	0	0	GA	0															not_admitted	not_admitted	not_admitted	not_admitted	not_admitted	not_admitted	not_admitted	not_admitted	not_admitted	not_admitted	1	140;127304;128296;-;367.4	129;120245;121618;-;380.9	136;123832;124575;-;235.0	143;129305;131932;-;305.4	128;117423;120248;-;385.9	149;133987;135414;-;94.3	143;129305;131932;-;98.5	151;136129;136695;-;183.8	139;126657;127295;-;68.6	138;124852;126660;-;268.3	125;113713;115920;-;391.3	145;132448;132963;-;78.4	125;113713;115920;-;70.4	A	9/9	contiguous	22416	1	1	116917..117426-;169;unnamed;0
NZ_CP107127.1	MPF_F	Col156;IncFIA;IncFIB(AP001918);IncFII	157	0	0	GA	0															not_admitted	not_admitted	not_admitted	not_admitted	not_admitted	not_admitted	not_admitted	not_admitted	not_admitted	not_admitted	1	97;92580;93572;-;367.4	86;85521;86894;-;380.9	93;89108;89851;-;235.0	100;94581;97208;-;305.4	85;82699;85524;-;385.9	106;99263;100690;-;94.3	100;94581;97208;-;98.5	108;101405;101971;-;183.8	96;91933;92571;-;68.6	95;90128;91936;-;268.3	82;79007;81196;-;391.3	102;97724;98239;-;78.4	82;79007;81196;-;70.4	A	9/9	contiguous	22398	1	1	82193..82702-;169;unnamed;0
NZ_CP107129.1	MPF_F	IncFIA;IncFII	141	0	0	GA	0															not_admitted	not_admitted	not_admitted	not_admitted	not_admitted	not_admitted	not_admitted	not_admitted	not_admitted	not_admitted	1	117;98732;99724;+;369.5	128;105459;106832;+;382.9	122;102788;103531;+;234.4	114;95096;97723;+;300.9	129;106829;109648;+;385.4	108;91516;92943;+;93.9	114;95096;97723;+;101.1	106;90235;90801;+;182.7	119;100068;100706;+;70.7	120;100703;102511;+;267.1	132;111180;113396;+;380.8	112;94065;94580;+;76.0	132;111180;113396;+;66.5	A	9/9	contiguous	20945	1	1	109673..110164+;163;TraS;0
NZ_CP107135.1	MPF_F	IncFIA;IncFIB(AP001918);IncFII	162	0	0	GA	0															not_admitted	not_admitted	not_admitted	not_admitted	not_admitted	not_admitted	not_admitted	not_admitted	not_admitted	not_admitted	1	102;91403;92395;-;367.4	90;81758;83131;-;380.9	98;87931;88674;-;235.0	105;93404;96031;-;305.4	89;78936;81761;-;385.9	111;98086;99513;-;94.3	105;93404;96031;-;98.5	113;100228;100794;-;183.8	101;90756;91394;-;68.6	100;88951;90759;-;268.3	86;75244;77433;-;391.3	107;96547;97062;-;78.4	86;75244;77433;-;70.4	A	9/9	contiguous	24984	1	1	78430..78939-;169;unnamed;0
NZ_CP107138.1	MPF_F	Col156;IncFIA;IncFIB(AP001918);IncFII	179	0	0	GA	0															not_admitted	not_admitted	not_admitted	not_admitted	not_admitted	not_admitted	not_admitted	not_admitted	not_admitted	not_admitted	1	119;110627;111619;-;367.4	108;103568;104941;-;380.9	115;107155;107898;-;235.0	122;112628;115255;-;305.4	107;100746;103571;-;385.9	128;117310;118737;-;94.3	122;112628;115255;-;98.5	130;119452;120018;-;183.8	118;109980;110618;-;68.6	117;108175;109983;-;268.3	104;97054;99243;-;391.3	124;115771;116286;-;78.4	104;97054;99243;-;70.4	A	9/9	contiguous	22398	1	1	100240..100749-;169;unnamed;0
NZ_CP107141.1	MPF_F	IncFIA;IncFIB(AP001918);IncFII	156	0	0	GA	0															not_admitted	not_admitted	not_admitted	not_admitted	not_admitted	not_admitted	not_admitted	not_admitted	not_admitted	not_admitted	1	97;89910;90902;-;367.4	86;82851;84224;-;380.9	93;86438;87181;-;235.0	100;91911;94538;-;305.4	85;80029;82854;-;385.9	106;96593;98020;-;94.3	100;91911;94538;-;98.5	108;98735;99301;-;183.8	96;89263;89901;-;68.6	95;87458;89266;-;268.3	82;76337;78526;-;391.3	102;95054;95569;-;78.4	82;76337;78526;-;70.4	A	9/9	contiguous	22398	1	1	79523..80032-;169;unnamed;0
NZ_CP107144.1	MPF_F	Col156;IncFIA;IncFIB(AP001918);IncFII(pRSB107)	134	0	0	GA	0															not_admitted	not_admitted	not_admitted	not_admitted	not_admitted	not_admitted	not_admitted	not_admitted	not_admitted	not_admitted	1	75;59665;60657;+;369.5	81;64472;65845;+;386.6		72;56029;58656;+;303.9	82;65842;68661;+;386.3	66;52693;54144;+;94.1	72;56029;58656;+;96.5	64;51412;51978;+;184.3	77;61001;61639;+;68.7	78;61636;63486;+;266.7	86;70919;73126;+;391.8	69;54998;55513;+;75.2	86;70919;73126;+;70.3	B	8/9	contiguous	19507	1	1	68686..69177+;163;TraS;0
NZ_CP107148.1	MPF_F	IncFIA;IncFIB(AP001918);IncFII	155	0	0	GA	0															not_admitted	not_admitted	not_admitted	not_admitted	not_admitted	not_admitted	not_admitted	not_admitted	not_admitted	not_admitted	1	95;91470;92462;-;367.4	82;81825;83198;-;380.9	89;85412;86155;-;235.0	98;93471;96098;-;305.4	81;79003;81828;-;385.9	104;98153;99580;-;94.3	98;93471;96098;-;98.5	106;100295;100861;-;183.8	94;90823;91461;-;68.6	93;89018;90826;-;268.3	78;75311;77500;-;391.3	100;96614;97129;-;78.4	78;75311;77500;-;70.4	A	9/9	contiguous	24984	1	1	78497..79006-;169;unnamed;0
NZ_CP107149.1	MPF_T	IncN	71	0	0	GA	1	23;18649;19386;+;32.0		26;20029;20346;+;63.3	27;20346;22946;+;111.8	27;20346;22946;+;76.4	28;22964;23677;+;105.5	30;23928;24968;+;142.4		31;25187;25885;+;131.9	32;25896;26780;+;159.7	33;26780;27940;+;156.3	34;27982;28977;+;81.2	42;34984;36513;-;38.5		pfam	both	A	7/7	canonical	1	0	unscoreable	10	0	0														not_admitted	not_admitted	not_admitted	not_admitted	not_admitted	not_admitted	not_admitted
NZ_CP107152.1	MPF_F	Col156;IncFIA;IncFIB(AP001918);IncFII	210	0	0	GA	0															not_admitted	not_admitted	not_admitted	not_admitted	not_admitted	not_admitted	not_admitted	not_admitted	not_admitted	not_admitted	1	139;127297;128289;-;367.4	128;120238;121611;-;380.9	135;123825;124568;-;235.0	142;129298;131925;-;305.4	127;117416;120241;-;385.9	148;133980;135407;-;94.3	142;129298;131925;-;98.5	150;136122;136688;-;183.8	138;126650;127288;-;68.6	137;124845;126653;-;268.3	124;113706;115913;-;391.3	144;132441;132956;-;78.4	124;113706;115913;-;70.4	A	9/9	contiguous	22416	1	1	116910..117419-;169;unnamed;0
NZ_CP107154.1	MPF_F	IncFIA;IncFIB(AP001918);IncFII	140	0	0	GA	0															not_admitted	not_admitted	not_admitted	not_admitted	not_admitted	not_admitted	not_admitted	not_admitted	not_admitted	not_admitted	1	63;55489;56481;+;367.4	74;62167;63540;+;380.9	67;59210;59953;+;235.0	60;51853;54480;+;305.4	75;63537;66362;+;385.9	54;48371;49798;+;94.3	60;51853;54480;+;98.5	52;47090;47656;+;183.8	64;56490;57128;+;68.6	65;57125;58933;+;268.3	78;67865;70054;+;391.3	58;50822;51337;+;78.4	78;67865;70054;+;70.4	A	9/9	contiguous	20775	1	1	66359..66868+;169;unnamed;0
NZ_CP107156.1	MPF_F	IncFIA;IncFIB(AP001918);IncFII(pAMA1167-NDM-5)	116	0	0	GA	0															not_admitted	not_admitted	not_admitted	not_admitted	not_admitted	not_admitted	not_admitted	not_admitted	not_admitted	not_admitted	1	51;50197;51189;-;369.5	40;42972;44345;-;386.6	46;47689;48234;-;44.4	54;52198;54825;-;303.9	39;40156;42975;-;386.3	60;56710;58161;-;94.1	54;52198;54825;-;96.5	62;58876;59442;-;184.3			35;35709;37898;-;391.8	57;55341;55856;-;75.2	35;35709;37898;-;70.3	C	7/9	contiguous	23167	1	0	39640..40131-;163;TraS;0
NZ_CP107158.1	MPF_T	IncFII(pEH01)	38	0	0	GA	1	6;4164;4868;+;47.3	7;4872;5168;+;67.3	8;5181;7925;+;49.1	8;5181;7925;+;149.6	8;5181;7925;+;48.4	9;7940;8644;+;139.3	11;8896;9963;+;159.8		13;10149;10832;+;189.7	14;10832;11737;+;153.7	15;11779;13044;+;155.2	17;13209;14234;+;67.3	23;16318;18045;+;47.5		pfam	both	A	7/7	canonical	1	1	unscoreable	8	0	0														not_admitted	not_admitted	not_admitted	not_admitted	not_admitted	not_admitted	not_admitted
NZ_CP107163.1	MPF_F	IncFIA;IncFIB(AP001918);IncFII	153	0	0	GA	0															not_admitted	not_admitted	not_admitted	not_admitted	not_admitted	not_admitted	not_admitted	not_admitted	not_admitted	not_admitted	1	82;78171;79163;-;367.4	71;71112;72485;-;380.9	78;74699;75442;-;235.0	85;80172;82799;-;305.4	70;68290;71115;-;385.9	91;84854;86281;-;94.3	85;80172;82799;-;98.5	93;86996;87562;-;183.8	81;77524;78162;-;68.6	80;75719;77527;-;268.3	67;64580;66787;-;391.3	87;83315;83830;-;78.4	67;64580;66787;-;70.4	A	9/9	contiguous	22416	1	1	67784..68293-;169;unnamed;0
NZ_CP107173.1	MPF_F	Col156;IncFIA;IncFIB(AP001918);IncFII(pRSB107)	163	0	0	GA	0															not_admitted	not_admitted	not_admitted	not_admitted	not_admitted	not_admitted	not_admitted	not_admitted	not_admitted	not_admitted	1	108;100127;101119;-;369.5	92;88455;89828;-;386.6	100;93738;94481;-;231.4	111;102128;104755;-;303.9	91;85639;88458;-;386.3	117;106640;108091;-;94.1	111;102128;104755;-;98.1	119;108806;109372;-;184.3	103;96605;97243;-;68.7	102;94758;96608;-;266.7	87;81174;83381;-;391.8	114;105271;105786;-;75.2	87;81174;83381;-;70.3	A	9/9	contiguous	27632	1	1	85123..85614-;163;TraS;0
NZ_CP107176.1	MPF_F	Col156;IncFIA;IncFIB(AP001918);IncFII(pRSB107)	134	0	0	GA	0															not_admitted	not_admitted	not_admitted	not_admitted	not_admitted	not_admitted	not_admitted	not_admitted	not_admitted	not_admitted	1	75;59665;60657;+;369.5	81;64472;65845;+;386.6		72;56029;58656;+;303.9	82;65842;68661;+;386.3	66;52693;54144;+;94.1	72;56029;58656;+;96.5	64;51412;51978;+;184.3	77;61001;61639;+;68.7	78;61636;63486;+;266.7	86;70919;73126;+;391.8	69;54998;55513;+;75.2	86;70919;73126;+;70.3	B	8/9	contiguous	19507	1	1	68686..69177+;163;TraS;0
NZ_CP107179.1	MPF_F	Col156;IncFIA;IncFIB(AP001918);IncFII	170	0	0	GA	0															not_admitted	not_admitted	not_admitted	not_admitted	not_admitted	not_admitted	not_admitted	not_admitted	not_admitted	not_admitted	1	110;102072;103064;-;367.4	95;92426;93799;-;380.9	106;98600;99343;-;235.0	113;104073;106700;-;305.4	94;89604;92429;-;385.9	119;108755;110182;-;94.3	113;104073;106700;-;98.5	121;110897;111463;-;183.8	109;101425;102063;-;68.6	108;99620;101428;-;268.3	91;85921;88101;-;391.3	115;107216;107731;-;78.4	91;85921;88101;-;70.4	A	9/9	contiguous	24976	1	1	89098..89607-;169;unnamed;0
NZ_CP107181.1	-	-	48	0	0	GA	1	4;2624;3613;-;44.7	21;17252;17743;+;68.5	22;17743;18057;+;51.1	23;18071;20578;+;96.9	23;18071;20578;+;113.0	24;20547;21335;+;47.4	26;21541;23259;+;86.9		28;23658;24356;+;122.2	29;24356;25294;+;163.0	31;25751;27214;+;202.3	20;16257;17240;+;135.2	6;4173;6131;-;355.6		conjscan	conjscan_only	A	7/7	canonical	1	0	unscoreable	5	0	0														not_admitted	not_admitted	not_admitted	not_admitted	not_admitted	not_admitted	not_admitted
NZ_CP107183.1	MPF_F	IncFIA;IncFIB(AP001918);IncFII	138	0	0	GA	0															not_admitted	not_admitted	not_admitted	not_admitted	not_admitted	not_admitted	not_admitted	not_admitted	not_admitted	not_admitted	1	128;111879;112871;+;367.4	69;68629;70002;-;380.9	132;115600;116127;+;144.4	125;108243;110870;+;305.4	68;65807;68632;-;385.9	119;104761;106188;+;94.3	125;108243;110870;+;98.5	117;103480;104046;+;183.8	129;112880;113518;+;68.6	130;113515;115323;+;268.3	65;62142;64304;-;391.3	123;107212;107727;+;78.4	65;62142;64304;-;70.4	A	9/9	split_2	53458	1	1	65301..65810-;169;unnamed;0
NZ_CP107185.1	MPF_F	Col156;IncFIA;IncFIB(AP001918);IncFII	155	0	0	GA	0															not_admitted	not_admitted	not_admitted	not_admitted	not_admitted	not_admitted	not_admitted	not_admitted	not_admitted	not_admitted	1	100;91530;92522;-;367.4	89;84471;85844;-;380.9	96;88058;88801;-;235.0	103;93531;96158;-;305.4	88;81649;84474;-;385.9	109;98213;99640;-;94.3	103;93531;96158;-;98.5	111;100355;100921;-;183.8	99;90883;91521;-;68.6	98;89078;90886;-;268.3	85;77966;80146;-;391.3	105;96674;97189;-;78.4	85;77966;80146;-;70.4	A	9/9	contiguous	22389	1	1	81143..81652-;169;unnamed;0
NZ_CP107189.1	MPF_F	IncFIA;IncFIB(AP001918);IncFII	180	0	0	GA	0															not_admitted	not_admitted	not_admitted	not_admitted	not_admitted	not_admitted	not_admitted	not_admitted	not_admitted	not_admitted	1	87;73315;74307;+;371.6	97;79707;81080;+;388.1	91;77036;77779;+;235.0	84;69679;72306;+;303.5	98;81077;83902;+;384.7	78;66093;67520;+;91.9	84;69679;72306;+;99.0	76;64812;65378;+;182.9	88;74316;74954;+;64.9	89;74951;76759;+;268.3	101;85405;87576;+;391.6	83;68648;69163;+;76.4	101;85405;87576;+;70.4	A	9/9	contiguous	20593	1	1	83899..84408+;169;unnamed;0
NZ_CP107235.1	MPF_F	IncFIA;IncFIB(AP001918);IncFII	186	0	0	GA	0															not_admitted	not_admitted	not_admitted	not_admitted	not_admitted	not_admitted	not_admitted	not_admitted	not_admitted	not_admitted	1	103;89084;90076;-;371.6	92;82026;83399;-;380.9	99;85612;86355;-;235.0	106;91085;93712;-;303.5	91;79204;82029;-;385.9	115;98411;99838;-;91.9	106;91085;93712;-;99.0	117;100553;101119;-;182.9	102;88437;89075;-;64.9	101;86632;88440;-;268.3	88;75529;77700;-;391.6	107;94228;94743;-;76.4	88;75529;77700;-;70.4	A	9/9	contiguous	25024	1	1	78752..79207-;151;unnamed;0
NZ_CP107242.1	MPF_T	-	73	0	0	GA	1	45;36988;37578;+;62.5	55;48811;49125;+;76.6	56;49128;49394;+;36.5	57;49461;52031;+;35.0	57;49461;52031;+;109.7	17;12468;13253;-;114.4	15;10774;12228;-;136.8		61;55100;55810;+;125.5	62;55836;56828;+;167.4	63;56844;58187;+;209.6	54;47725;48732;+;116.4	47;40839;42896;+;346.4		conjscan	conjscan_only	A	7/7	uncallable	0	0	unscoreable	9	0	0														not_admitted	not_admitted	not_admitted	not_admitted	not_admitted	not_admitted	not_admitted
NZ_CP107243.1	MPF_T	-	54	0	0	GA	1	10;8832;9650;-;22.9	8;8301;8591;-;39.5	7;7962;8279;-;65.2	6;5338;7959;-;108.8	6;5338;7959;-;90.4	5;4539;5246;-;107.1	3;3066;4133;-;127.1		2;1994;2776;-;117.6	1;1093;1992;-;176.9		53;42977;44002;-;73.8	48;37266;38813;+;69.7		pfam	both	B	6/7	canonical	1	0	unscoreable	6	0	0														not_admitted	not_admitted	not_admitted	not_admitted	not_admitted	not_admitted	not_admitted
NZ_CP107245.1	MPF_F	IncFII(pBK30683);repB(R1701)	111	0	0	GA	0															not_admitted	not_admitted	not_admitted	not_admitted	not_admitted	not_admitted	not_admitted	not_admitted	not_admitted	not_admitted	1	94;79177;80166;+;366.0	104;85713;87080;+;384.1	100;83703;84455;+;233.7	90;75081;77720;+;258.5	105;87080;89902;+;346.4	84;70827;72251;+;89.2	90;75081;77720;+;88.7	82;69534;70100;+;169.3	95;80179;80817;+;67.0	96;80876;82831;+;259.7		85;72324;72908;+;54.5		A	9/9	contiguous	17546	1	1	89925..90527+;200;TraS;0
NZ_CP107285.1	MPF_F	IncFIB(AP001918);IncFII	154	0	0	GA	0															not_admitted	not_admitted	not_admitted	not_admitted	not_admitted	not_admitted	not_admitted	not_admitted	not_admitted	not_admitted	1	96;101828;102820;-;369.3	87;95393;96766;-;381.0	92;98356;99099;-;230.1	99;103829;106456;-;306.4	86;92571;95396;-;386.0	105;108511;109938;-;94.3	99;103829;106456;-;98.5	107;110653;111219;-;183.3	95;101181;101819;-;68.7	94;99376;101184;-;267.9	83;88914;91067;-;391.8	101;106972;107487;-;77.3	83;88914;91067;-;70.4	A	9/9	contiguous	21739	1	1	92065..92574-;169;unnamed;0
NZ_CP107287.1	MPF_T	IncX4	49	0	0	GA	1	31;23492;24112;-;41.6	30;23152;23478;-;61.9	29;20386;23133;-;62.7	29;20386;23133;-;153.2	29;20386;23133;-;45.6	28;19658;20374;-;93.5	27;18552;19646;-;150.1		25;17351;18037;-;169.0	24;16446;17354;-;143.2	23;15344;16453;-;165.0	22;14314;15342;-;85.0	21;12465;14282;-;312.1		pfam	pfam_only	A	7/7	canonical	1	1	unscoreable	1	0	0														not_admitted	not_admitted	not_admitted	not_admitted	not_admitted	not_admitted	not_admitted
NZ_CP107309.1	MPF_F	IncFII(pHN7A8);IncR	197	0	0	GA	0															not_admitted	not_admitted	not_admitted	not_admitted	not_admitted	not_admitted	not_admitted	not_admitted	not_admitted	not_admitted	1	40;37819;38811;-;369.5	27;29613;30986;-;376.8	32;32552;33295;-;234.4	43;39820;42447;-;301.8	26;26800;29616;-;376.7	48;44502;45929;-;94.1	43;39820;42447;-;101.8	50;46644;47210;-;183.8	37;36235;36873;-;70.4	34;33572;35422;-;265.0	22;22274;24499;-;391.7	44;42963;43478;-;77.6	22;22274;24499;-;70.3	A	9/9	contiguous	24370	1	1	26246..26767-;173;unnamed;0
NZ_CP107313.1	MPF_F	IncFII(pHN7A8);IncR	183	0	0	GA	0															not_admitted	not_admitted	not_admitted	not_admitted	not_admitted	not_admitted	not_admitted	not_admitted	not_admitted	not_admitted	1	23;23569;24561;-;369.5	10;15363;16736;-;376.8	15;18302;19045;-;234.4	26;25570;28197;-;301.8	9;12550;15366;-;376.7	31;30252;31679;-;94.1	26;25570;28197;-;101.8	33;32394;32960;-;183.8	20;21985;22623;-;70.4	17;19322;21172;-;265.0	5;8042;10249;-;391.7	27;28713;29228;-;77.6	5;8042;10249;-;70.3	A	9/9	contiguous	24352	1	1	11996..12517-;173;unnamed;0
NZ_CP107360.1	MPF_F	IncFII(pHN7A8);IncR	194	0	0	GA	0															not_admitted	not_admitted	not_admitted	not_admitted	not_admitted	not_admitted	not_admitted	not_admitted	not_admitted	not_admitted	1	20;21419;22411;-;369.5	7;13213;14586;-;376.8	12;16152;16895;-;234.4	23;23420;26047;-;301.8	6;10400;13216;-;376.7	28;28102;29529;-;94.1	23;23420;26047;-;101.8	30;30244;30810;-;183.8	17;19835;20473;-;70.4	14;17172;19022;-;265.0	2;5874;8099;-;391.7	24;26563;27078;-;77.6	2;5874;8099;-;70.3	A	9/9	contiguous	24370	1	1	9846..10367-;173;unnamed;0
NZ_CP107368.1	MPF_F	IncFII(pHN7A8);IncR	191	0	0	GA	0															not_admitted	not_admitted	not_admitted	not_admitted	not_admitted	not_admitted	not_admitted	not_admitted	not_admitted	not_admitted	1	20;20662;21654;-;369.5	7;12456;13829;-;376.8	12;15395;16138;-;234.4	23;22663;25290;-;301.8	6;9643;12459;-;376.7	28;27345;28772;-;94.1	23;22663;25290;-;101.8	30;29487;30053;-;183.8	17;19078;19716;-;70.4	14;16415;18265;-;265.0	2;5117;7342;-;391.7	24;25806;26321;-;77.6	2;5117;7342;-;70.3	A	9/9	contiguous	24370	1	1	9089..9610-;173;unnamed;0
NZ_CP107380.1	MPF_F	IncFII(pHN7A8);IncR	191	0	0	GA	0															not_admitted	not_admitted	not_admitted	not_admitted	not_admitted	not_admitted	not_admitted	not_admitted	not_admitted	not_admitted	1	21;21919;22911;-;369.5	8;13713;15086;-;376.8	13;16652;17395;-;234.4	24;23920;26547;-;301.8	7;10900;13716;-;376.7	29;28602;30029;-;94.1	24;23920;26547;-;101.8	31;30744;31310;-;183.8	18;20335;20973;-;70.4	15;17672;19522;-;265.0	3;6374;8599;-;391.7	25;27063;27578;-;77.6	3;6374;8599;-;70.3	A	9/9	contiguous	24370	1	1	10346..10867-;173;unnamed;0
NZ_CP107391.1	MPF_F	IncFII(pHN7A8);IncR	192	0	0	GA	0															not_admitted	not_admitted	not_admitted	not_admitted	not_admitted	not_admitted	not_admitted	not_admitted	not_admitted	not_admitted	1	20;21419;22411;-;369.5	7;13213;14586;-;376.8	12;16152;16895;-;234.4	23;23420;26047;-;301.8	6;10400;13216;-;376.7	28;28102;29529;-;94.1	23;23420;26047;-;101.8	30;30244;30810;-;183.8	17;19835;20473;-;70.4	14;17172;19022;-;265.0	2;5874;8099;-;391.7	24;26563;27078;-;77.6	2;5874;8099;-;70.3	A	9/9	contiguous	24370	1	1	9846..10367-;173;unnamed;0
NZ_CP107395.1	MPF_F	IncFII(pHN7A8);IncR	191	0	0	GA	0															not_admitted	not_admitted	not_admitted	not_admitted	not_admitted	not_admitted	not_admitted	not_admitted	not_admitted	not_admitted	1	20;21419;22411;-;369.5	7;13213;14586;-;376.8	12;16152;16895;-;234.4	23;23420;26047;-;301.8	6;10400;13216;-;376.7	28;28102;29529;-;94.1	23;23420;26047;-;101.8	30;30244;30810;-;183.8	17;19835;20473;-;70.4	14;17172;19022;-;265.0	2;5874;8099;-;391.7	24;26563;27078;-;77.6	2;5874;8099;-;70.3	A	9/9	contiguous	24370	1	1	9846..10367-;173;unnamed;0
NZ_CP107399.1	MPF_F	IncFIB(K);IncFII(K);IncFII(pAR0022)	228	0	0	GA	0															not_admitted	not_admitted	not_admitted	not_admitted	not_admitted	not_admitted	not_admitted	not_admitted	not_admitted	not_admitted	1	197;170477;171466;+;366.6	207;177013;178380;+;384.1	203;175003;175755;+;233.7	193;166381;169020;+;258.5	208;178380;181202;+;346.4	183;161053;162477;+;89.5	193;166381;169020;+;88.7	181;159760;160326;+;167.0	198;171479;172117;+;66.9	199;172176;174131;+;259.4	212;183818;186127;+;393.1	185;163089;163673;+;53.8	212;183818;186127;+;66.6	A	9/9	contiguous	24058	1	1	181225..181827+;200;TraS;0
NZ_CP107400.1	MPF_F	IncFII(pHN7A8);IncR	176	0	0	GA	0															not_admitted	not_admitted	not_admitted	not_admitted	not_admitted	not_admitted	not_admitted	not_admitted	not_admitted	not_admitted	1	157;129622;130614;+;369.5	170;137447;138820;+;376.8	165;135138;135881;+;234.4	154;125986;128613;+;301.8	171;138817;141633;+;376.7	149;122504;123931;+;94.1	154;125986;128613;+;101.8	147;121223;121789;+;183.8	160;131560;132198;+;70.4	163;133011;134861;+;265.0	154;125986;128613;+;20.8	153;124955;125470;+;77.6		A	9/9	contiguous	17594	1	1	141666..142187+;173;unnamed;0
NZ_CP107404.1	MPF_F	IncFII(pHN7A8);IncR	191	0	0	GA	0															not_admitted	not_admitted	not_admitted	not_admitted	not_admitted	not_admitted	not_admitted	not_admitted	not_admitted	not_admitted	1	20;21419;22411;-;369.5	7;13213;14586;-;376.8	12;16152;16895;-;234.4	23;23420;26047;-;301.8	6;10400;13216;-;376.7	28;28102;29529;-;94.1	23;23420;26047;-;101.8	30;30244;30810;-;183.8	17;19835;20473;-;70.4	14;17172;19022;-;265.0	2;5874;8099;-;391.7	24;26563;27078;-;77.6	2;5874;8099;-;70.3	A	9/9	contiguous	24370	1	1	9846..10367-;173;unnamed;0
NZ_CP107409.1	MPF_F	IncFII(pHN7A8);IncR	198	0	0	GA	0															not_admitted	not_admitted	not_admitted	not_admitted	not_admitted	not_admitted	not_admitted	not_admitted	not_admitted	not_admitted	1	39;37329;38321;-;369.5	26;29123;30496;-;376.8	31;32062;32805;-;234.4	42;39330;41957;-;301.8	25;26310;29126;-;376.7	47;44012;45439;-;94.1	42;39330;41957;-;101.8	49;46154;46720;-;183.8	36;35745;36383;-;70.4	33;33082;34932;-;265.0	21;21784;24009;-;391.7	43;42473;42988;-;77.6	21;21784;24009;-;70.3	A	9/9	contiguous	24370	1	1	25756..26277-;173;unnamed;0
NZ_CP107413.1	MPF_F	IncFIB(K);IncFII(K);IncFII(pAR0022)	228	0	0	GA	0															not_admitted	not_admitted	not_admitted	not_admitted	not_admitted	not_admitted	not_admitted	not_admitted	not_admitted	not_admitted	1	197;170477;171466;+;366.6	207;177013;178380;+;384.1	203;175003;175755;+;233.7	193;166381;169020;+;258.5	208;178380;181202;+;346.4	183;161053;162477;+;89.5	193;166381;169020;+;88.7	181;159760;160326;+;167.0	198;171479;172117;+;66.9	199;172176;174131;+;259.4	212;183818;186127;+;393.1	185;163089;163673;+;53.8	212;183818;186127;+;66.6	A	9/9	contiguous	24058	1	1	181225..181827+;200;TraS;0
NZ_CP107414.1	MPF_F	IncFII(pHN7A8);IncR	176	0	0	GA	0															not_admitted	not_admitted	not_admitted	not_admitted	not_admitted	not_admitted	not_admitted	not_admitted	not_admitted	not_admitted	1	157;129622;130614;+;369.5	170;137447;138820;+;376.8	165;135138;135881;+;234.4	154;125986;128613;+;301.8	171;138817;141633;+;376.7	149;122504;123931;+;94.1	154;125986;128613;+;101.8	147;121223;121789;+;183.8	160;131560;132198;+;70.4	163;133011;134861;+;265.0	154;125986;128613;+;20.8	153;124955;125470;+;77.6		A	9/9	contiguous	17594	1	1	141666..142187+;173;unnamed;0
NZ_CP107418.1	MPF_F	IncFII(pHN7A8);IncR	246	0	0	GA	0															not_admitted	not_admitted	not_admitted	not_admitted	not_admitted	not_admitted	not_admitted	not_admitted	not_admitted	not_admitted	1	175;136790;137782;+;369.5	188;144615;145988;+;376.8	183;142306;143049;+;234.4	172;133154;135781;+;301.8	189;145985;148801;+;376.7	167;129672;131099;+;94.1	172;133154;135781;+;101.8	165;128391;128957;+;183.8	178;138728;139366;+;70.4	181;140179;142029;+;265.0	193;151102;153327;+;391.7	171;132123;132638;+;77.6	193;151102;153327;+;70.3	A	9/9	contiguous	22711	1	1	148834..149355+;173;unnamed;0
NZ_CP107419.1	MPF_F	IncFIB(K);IncFII(K);IncFII(pAR0022)	228	0	0	GA	0															not_admitted	not_admitted	not_admitted	not_admitted	not_admitted	not_admitted	not_admitted	not_admitted	not_admitted	not_admitted	1	197;170480;171469;+;366.6	207;177016;178383;+;384.1	203;175006;175758;+;233.7	193;166384;169023;+;258.5	208;178383;181205;+;346.4	183;161056;162480;+;89.5	193;166384;169023;+;88.7	181;159763;160329;+;167.0	198;171482;172120;+;66.9	199;172179;174134;+;259.4	212;183821;186130;+;393.1	185;163092;163676;+;53.8	212;183821;186130;+;66.6	A	9/9	contiguous	24058	1	1	181228..181830+;200;TraS;0
NZ_CP107423.1	MPF_F	IncFII(pHN7A8);IncR	196	0	0	GA	0															not_admitted	not_admitted	not_admitted	not_admitted	not_admitted	not_admitted	not_admitted	not_admitted	not_admitted	not_admitted	1	177;142874;143866;+;369.5	190;150699;152072;+;376.8	185;148390;149133;+;234.4	174;139238;141865;+;301.8	191;152069;154885;+;376.7	169;135756;137183;+;94.1	174;139238;141865;+;101.8	167;134475;135041;+;183.8	180;144812;145450;+;70.4	183;146263;148113;+;265.0	174;139238;141865;+;20.8	173;138207;138722;+;77.6		A	9/9	contiguous	17594	1	1	154918..155439+;173;unnamed;0
NZ_CP107427.1	MPF_F	IncFIB(K);IncFII(K);IncFII(pAR0022)	229	0	0	GA	0															not_admitted	not_admitted	not_admitted	not_admitted	not_admitted	not_admitted	not_admitted	not_admitted	not_admitted	not_admitted	1	198;170474;171463;+;366.6	208;177010;178377;+;384.1	204;175000;175752;+;233.7	194;166378;169017;+;258.5	209;178377;181199;+;346.4	184;161050;162474;+;89.5	194;166378;169017;+;88.7	182;159757;160323;+;167.0	199;171476;172114;+;66.9	200;172173;174128;+;259.4	213;183815;186124;+;393.1	186;163086;163670;+;53.8	213;183815;186124;+;66.6	A	9/9	contiguous	24058	1	1	181222..181824+;200;TraS;0
NZ_CP107428.1	MPF_F	IncFII(pHN7A8);IncR	191	0	0	GA	0															not_admitted	not_admitted	not_admitted	not_admitted	not_admitted	not_admitted	not_admitted	not_admitted	not_admitted	not_admitted	1	20;21419;22411;-;369.5	7;13213;14586;-;376.8	12;16152;16895;-;234.4	23;23420;26047;-;301.8	6;10400;13216;-;376.7	28;28102;29529;-;94.1	23;23420;26047;-;101.8	30;30244;30810;-;183.8	17;19835;20473;-;70.4	14;17172;19022;-;265.0	2;5874;8099;-;391.7	24;26563;27078;-;77.6	2;5874;8099;-;70.3	A	9/9	contiguous	24370	1	1	9846..10367-;173;unnamed;0
NZ_CP107433.1	MPF_T	IncFII(pHN7A8);IncN;IncR	218	0	0	GA	1	58;42495;42980;-;82.5		160;126369;126686;-;63.3	159;123769;126369;-;113.8	159;123769;126369;-;76.4	158;123038;123751;-;105.5	156;121747;122787;-;142.4		155;120830;121528;-;131.9	154;119968;120819;-;159.8			149;113527;115056;+;38.5		pfam	both	C	5/7	canonical	1	0	unscoreable	7	0	0														not_admitted	not_admitted	not_admitted	not_admitted	not_admitted	not_admitted	not_admitted
NZ_CP107434.1	MPF_F	IncFII(pHN7A8);IncN;IncX1	138	0	0	GA	0															not_admitted	not_admitted	not_admitted	not_admitted	not_admitted	not_admitted	not_admitted	not_admitted	not_admitted	not_admitted	1	43;33167;34159;+;369.5	56;40992;42365;+;376.8	51;38683;39426;+;234.4	40;29531;32158;+;301.8	57;42362;45178;+;376.7	35;26049;27476;+;94.1	40;29531;32158;+;101.8	33;24768;25334;+;183.8	46;35105;35743;+;70.4	49;36556;38406;+;265.0	61;47479;49713;+;391.7	39;28500;29015;+;78.0	61;47479;49713;+;70.3	A	9/9	contiguous	22711	1	1	45211..45732+;173;unnamed;0
NZ_CP107437.1	MPF_F	IncFIB(K);IncFII(K);IncFII(pAR0022)	228	0	0	GA	0															not_admitted	not_admitted	not_admitted	not_admitted	not_admitted	not_admitted	not_admitted	not_admitted	not_admitted	not_admitted	1	197;170473;171462;+;366.6	207;177009;178376;+;384.1	203;174999;175751;+;233.7	193;166377;169016;+;258.5	208;178376;181198;+;346.4	183;161049;162473;+;89.5	193;166377;169016;+;88.7	181;159756;160322;+;167.0	198;171475;172113;+;66.9	199;172172;174127;+;259.4	212;183814;186123;+;393.1	185;163085;163669;+;53.8	212;183814;186123;+;66.6	A	9/9	contiguous	24058	1	1	181221..181823+;200;TraS;0
NZ_CP107438.1	MPF_F	IncFII(pHN7A8);IncR	191	0	0	GA	0															not_admitted	not_admitted	not_admitted	not_admitted	not_admitted	not_admitted	not_admitted	not_admitted	not_admitted	not_admitted	1	20;21419;22411;-;369.5	7;13213;14586;-;376.8	12;16152;16895;-;234.4	23;23420;26047;-;301.8	6;10400;13216;-;376.7	28;28102;29529;-;94.1	23;23420;26047;-;101.8	30;30244;30810;-;183.8	17;19835;20473;-;70.4	14;17172;19022;-;265.0	2;5874;8099;-;391.7	24;26563;27078;-;77.6	2;5874;8099;-;70.3	A	9/9	contiguous	24370	1	1	9846..10367-;173;unnamed;0
NZ_CP107442.1	MPF_F	IncFIB(K);IncFII(K);IncFII(pAR0022)	231	0	0	GA	0															not_admitted	not_admitted	not_admitted	not_admitted	not_admitted	not_admitted	not_admitted	not_admitted	not_admitted	not_admitted	1	200;170474;171463;+;366.6	210;177010;178377;+;384.1	206;175000;175752;+;233.7	196;166378;169017;+;258.5	211;178377;181199;+;346.4	186;161050;162474;+;89.5	196;166378;169017;+;88.7	184;159757;160323;+;167.0	201;171476;172114;+;66.9	202;172173;174128;+;259.4	215;183815;186124;+;393.1	188;163086;163670;+;53.8	215;183815;186124;+;66.6	A	9/9	contiguous	24058	1	1	181222..181824+;200;TraS;0
NZ_CP107443.1	MPF_F	IncFII(pHN7A8);IncR	191	0	0	GA	0															not_admitted	not_admitted	not_admitted	not_admitted	not_admitted	not_admitted	not_admitted	not_admitted	not_admitted	not_admitted	1	20;21419;22411;-;369.5	7;13213;14586;-;376.8	12;16152;16895;-;234.4	23;23420;26047;-;301.8	6;10400;13216;-;376.7	28;28102;29529;-;94.1	23;23420;26047;-;101.8	30;30244;30810;-;183.8	17;19835;20473;-;70.4	14;17172;19022;-;265.0	2;5874;8099;-;391.7	24;26563;27078;-;77.6	2;5874;8099;-;70.3	A	9/9	contiguous	24370	1	1	9846..10367-;173;unnamed;0
NZ_CP107448.1	MPF_F	IncFIB(K);IncFII(K);IncFII(pAR0022)	228	0	0	GA	0															not_admitted	not_admitted	not_admitted	not_admitted	not_admitted	not_admitted	not_admitted	not_admitted	not_admitted	not_admitted	1	197;170487;171476;+;366.6	207;177023;178390;+;384.1	203;175013;175765;+;233.7	193;166391;169030;+;258.5	208;178390;181212;+;346.4	183;161063;162487;+;89.5	193;166391;169030;+;88.7	181;159770;160336;+;167.0	198;171489;172127;+;66.9	199;172186;174141;+;259.4	212;183828;186137;+;393.1	185;163099;163683;+;53.8	212;183828;186137;+;66.6	A	9/9	contiguous	24058	1	1	181235..181837+;200;TraS;0
NZ_CP107449.1	MPF_F	IncFII(pHN7A8);IncR	191	0	0	GA	0															not_admitted	not_admitted	not_admitted	not_admitted	not_admitted	not_admitted	not_admitted	not_admitted	not_admitted	not_admitted	1	20;21419;22411;-;369.5	7;13213;14586;-;376.8	12;16152;16895;-;234.4	23;23420;26047;-;301.8	6;10400;13216;-;376.7	28;28102;29529;-;94.1	23;23420;26047;-;101.8	30;30244;30810;-;183.8	17;19835;20473;-;70.4	14;17172;19022;-;265.0	2;5874;8099;-;391.7	24;26563;27078;-;77.6	2;5874;8099;-;70.3	A	9/9	contiguous	24370	1	1	9846..10367-;173;unnamed;0
NZ_CP107453.1	MPF_F	IncFIB(K);IncFII(K)	187	0	0	GA	0															not_admitted	not_admitted	not_admitted	not_admitted	not_admitted	not_admitted	not_admitted	not_admitted	not_admitted	not_admitted	1	137;124553;125542;+;363.3	148;131361;131999;+;195.0	144;129351;130103;+;236.4	133;120457;123096;+;259.0	150;132727;135570;+;342.9	122;115066;116490;+;88.8	133;120457;123096;+;87.6	120;113773;114339;+;167.9	139;125818;126465;+;65.9	140;126524;128479;+;259.5	154;138155;140467;+;392.8	125;117102;117686;+;53.8	154;138155;140467;+;65.9	A	9/9	contiguous	24382	1	1	135581..136105+;174;unnamed;0
NZ_CP107455.1	MPF_T	IncN4	54	0	0	GA	1	31;15449;16189;+;34.8	33;16513;16803;+;45.9	34;16853;17137;+;65.6	36;18367;20997;+;124.9	36;18367;20997;+;86.8	37;21007;21714;+;114.6	39;21973;23016;+;127.4	40;23111;23281;+;41.4	41;23284;24000;+;145.6	42;24003;24890;+;144.4	43;24887;26041;+;174.0	44;26034;27065;+;78.1	49;31473;33050;-;50.6		pfam	both	A	7/7	canonical	1	0	ga	7	0	0														not_admitted	not_admitted	not_admitted	not_admitted	not_admitted	not_admitted	not_admitted
NZ_CP107459.1	MPF_F	IncFIB(K);IncFII(K);IncFII(pAR0022)	231	0	0	GA	0															not_admitted	not_admitted	not_admitted	not_admitted	not_admitted	not_admitted	not_admitted	not_admitted	not_admitted	not_admitted	1	200;170476;171465;+;366.6	210;177012;178379;+;384.1	206;175002;175754;+;233.7	196;166380;169019;+;258.5	211;178379;181201;+;346.4	186;161052;162476;+;89.5	196;166380;169019;+;88.7	184;159759;160325;+;167.0	201;171478;172116;+;66.9	202;172175;174130;+;259.4	215;183817;186126;+;393.1	188;163088;163672;+;53.8	215;183817;186126;+;66.6	A	9/9	contiguous	24058	1	1	181224..181826+;200;TraS;0
NZ_CP107460.1	MPF_F	IncFII(pHN7A8);IncR	191	0	0	GA	0															not_admitted	not_admitted	not_admitted	not_admitted	not_admitted	not_admitted	not_admitted	not_admitted	not_admitted	not_admitted	1	20;21419;22411;-;369.5	7;13213;14586;-;376.8	12;16152;16895;-;234.4	23;23420;26047;-;301.8	6;10400;13216;-;376.7	28;28102;29529;-;94.1	23;23420;26047;-;101.8	30;30244;30810;-;183.8	17;19835;20473;-;70.4	14;17172;19022;-;265.0	2;5874;8099;-;391.7	24;26563;27078;-;77.6	2;5874;8099;-;70.3	A	9/9	contiguous	24370	1	1	9846..10367-;173;unnamed;0
NZ_CP107469.1	MPF_F	IncFIB(K);IncFII(K);IncFII(pAR0022)	230	0	0	GA	0															not_admitted	not_admitted	not_admitted	not_admitted	not_admitted	not_admitted	not_admitted	not_admitted	not_admitted	not_admitted	1	199;170476;171465;+;366.6	209;177012;178379;+;384.1	205;175002;175754;+;233.7	195;166380;169019;+;258.5	210;178379;181201;+;346.4	185;161052;162476;+;89.5	195;166380;169019;+;88.7	183;159759;160325;+;167.0	200;171478;172116;+;66.9	201;172175;174130;+;259.4	214;183817;186126;+;393.1	187;163088;163672;+;53.8	214;183817;186126;+;66.6	A	9/9	contiguous	24058	1	1	181224..181826+;200;TraS;0
NZ_CP107470.1	MPF_F	IncFII(pHN7A8);IncR	191	0	0	GA	0															not_admitted	not_admitted	not_admitted	not_admitted	not_admitted	not_admitted	not_admitted	not_admitted	not_admitted	not_admitted	1	20;21419;22411;-;369.5	7;13213;14586;-;376.8	12;16152;16895;-;234.4	23;23420;26047;-;301.8	6;10400;13216;-;376.7	28;28102;29529;-;94.1	23;23420;26047;-;101.8	30;30244;30810;-;183.8	17;19835;20473;-;70.4	14;17172;19022;-;265.0	2;5874;8099;-;391.7	24;26563;27078;-;77.6	2;5874;8099;-;70.3	A	9/9	contiguous	24370	1	1	9846..10367-;173;unnamed;0
NZ_CP107474.1	MPF_F	IncFIB(K);IncFII(K);IncFII(pAR0022)	230	0	0	GA	0															not_admitted	not_admitted	not_admitted	not_admitted	not_admitted	not_admitted	not_admitted	not_admitted	not_admitted	not_admitted	1	199;170800;171789;+;366.6	209;177336;178703;+;384.1	205;175326;176078;+;233.7	195;166704;169343;+;258.5	210;178703;181525;+;346.4	185;161376;162800;+;89.5	195;166704;169343;+;88.7	183;160083;160649;+;167.0	200;171802;172440;+;66.9	201;172499;174454;+;259.4	214;184141;186450;+;393.1	187;163412;163996;+;53.8	214;184141;186450;+;66.6	A	9/9	contiguous	24058	1	1	181548..182150+;200;TraS;0
NZ_CP107475.1	MPF_F	IncFII(pHN7A8);IncR	191	0	0	GA	0															not_admitted	not_admitted	not_admitted	not_admitted	not_admitted	not_admitted	not_admitted	not_admitted	not_admitted	not_admitted	1	20;21419;22411;-;369.5	7;13213;14586;-;376.8	12;16152;16895;-;234.4	23;23420;26047;-;301.8	6;10400;13216;-;376.7	28;28102;29529;-;94.1	23;23420;26047;-;101.8	30;30244;30810;-;183.8	17;19835;20473;-;70.4	14;17172;19022;-;265.0	2;5874;8099;-;391.7	24;26563;27078;-;77.6	2;5874;8099;-;70.3	A	9/9	contiguous	24370	1	1	9846..10367-;173;unnamed;0
NZ_CP107479.1	MPF_F	IncFIB(K);IncFII(K);IncFII(pAR0022)	228	0	0	GA	0															not_admitted	not_admitted	not_admitted	not_admitted	not_admitted	not_admitted	not_admitted	not_admitted	not_admitted	not_admitted	1	197;170380;171369;+;366.6	207;176916;178283;+;384.1	203;174906;175658;+;233.7	193;166284;168923;+;258.5	208;178283;181105;+;346.4	183;160956;162380;+;89.5	193;166284;168923;+;88.7	181;159663;160229;+;167.0	198;171382;172020;+;66.9	199;172079;174034;+;259.4	212;183721;186030;+;393.1	185;162992;163576;+;53.8	212;183721;186030;+;66.6	A	9/9	contiguous	24058	1	1	181128..181730+;200;TraS;0
NZ_CP107480.1	MPF_F	IncFII(pHN7A8);IncR	191	0	0	GA	0															not_admitted	not_admitted	not_admitted	not_admitted	not_admitted	not_admitted	not_admitted	not_admitted	not_admitted	not_admitted	1	20;21419;22411;-;369.5	7;13213;14586;-;376.8	12;16152;16895;-;234.4	23;23420;26047;-;301.8	6;10400;13216;-;376.7	28;28102;29529;-;94.1	23;23420;26047;-;101.8	30;30244;30810;-;183.8	17;19835;20473;-;70.4	14;17172;19022;-;265.0	2;5874;8099;-;391.7	24;26563;27078;-;77.6	2;5874;8099;-;70.3	A	9/9	contiguous	24370	1	1	9846..10367-;173;unnamed;0
NZ_CP107484.1	MPF_F	IncFIB(K);IncFII(K);IncFII(pAR0022)	229	0	0	GA	0															not_admitted	not_admitted	not_admitted	not_admitted	not_admitted	not_admitted	not_admitted	not_admitted	not_admitted	not_admitted	1	198;170471;171460;+;366.6	208;177007;178374;+;384.1	204;174997;175749;+;233.7	194;166375;169014;+;258.5	209;178374;181196;+;346.4	184;161047;162471;+;89.5	194;166375;169014;+;88.7	182;159754;160320;+;167.0	199;171473;172111;+;66.9	200;172170;174125;+;259.4	213;183812;186121;+;393.1	186;163083;163667;+;53.8	213;183812;186121;+;66.6	A	9/9	contiguous	24058	1	1	181219..181821+;200;TraS;0
NZ_CP107485.1	MPF_F	IncFII(pHN7A8);IncR	191	0	0	GA	0															not_admitted	not_admitted	not_admitted	not_admitted	not_admitted	not_admitted	not_admitted	not_admitted	not_admitted	not_admitted	1	20;21419;22411;-;369.5	7;13213;14586;-;376.8	12;16152;16895;-;234.4	23;23420;26047;-;301.8	6;10400;13216;-;376.7	28;28102;29529;-;94.1	23;23420;26047;-;101.8	30;30244;30810;-;183.8	17;19835;20473;-;70.4	14;17172;19022;-;265.0	2;5874;8099;-;391.7	24;26563;27078;-;77.6	2;5874;8099;-;70.3	A	9/9	contiguous	24370	1	1	9846..10367-;173;unnamed;0
NZ_CP107489.1	MPF_F	IncFIB(K);IncFII(K);IncFII(pAR0022)	229	0	0	GA	0															not_admitted	not_admitted	not_admitted	not_admitted	not_admitted	not_admitted	not_admitted	not_admitted	not_admitted	not_admitted	1	198;170473;171462;+;366.6	208;177009;178376;+;384.1	204;174999;175751;+;233.7	194;166377;169016;+;258.5	209;178376;181198;+;346.4	184;161049;162473;+;89.5	194;166377;169016;+;88.7	182;159756;160322;+;167.0	199;171475;172113;+;66.9	200;172172;174127;+;259.4	213;183814;186123;+;393.1	186;163085;163669;+;53.8	213;183814;186123;+;66.6	A	9/9	contiguous	24058	1	1	181221..181823+;200;TraS;0
NZ_CP107490.1	MPF_F	IncFII(pHN7A8);IncR	191	0	0	GA	0															not_admitted	not_admitted	not_admitted	not_admitted	not_admitted	not_admitted	not_admitted	not_admitted	not_admitted	not_admitted	1	20;21419;22411;-;369.5	7;13213;14586;-;376.8	12;16152;16895;-;234.4	23;23420;26047;-;301.8	6;10400;13216;-;376.7	28;28102;29529;-;94.1	23;23420;26047;-;101.8	30;30244;30810;-;183.8	17;19835;20473;-;70.4	14;17172;19022;-;265.0	2;5874;8099;-;391.7	24;26563;27078;-;77.6	2;5874;8099;-;70.3	A	9/9	contiguous	24370	1	1	9846..10367-;173;unnamed;0
NZ_CP107494.1	MPF_F	IncFIB(K);IncFII(K);IncFII(pAR0022)	230	0	0	GA	0															not_admitted	not_admitted	not_admitted	not_admitted	not_admitted	not_admitted	not_admitted	not_admitted	not_admitted	not_admitted	1	199;170476;171465;+;366.6	209;177012;178379;+;384.1	205;175002;175754;+;233.7	195;166380;169019;+;258.5	210;178379;181201;+;346.4	185;161052;162476;+;89.5	195;166380;169019;+;88.7	183;159759;160325;+;167.0	200;171478;172116;+;66.9	201;172175;174130;+;259.4	214;183817;186126;+;393.1	187;163088;163672;+;53.8	214;183817;186126;+;66.6	A	9/9	contiguous	24058	1	1	181224..181826+;200;TraS;0
NZ_CP107495.1	MPF_F	IncFII(pHN7A8);IncR	191	0	0	GA	0															not_admitted	not_admitted	not_admitted	not_admitted	not_admitted	not_admitted	not_admitted	not_admitted	not_admitted	not_admitted	1	20;21419;22411;-;369.5	7;13213;14586;-;376.8	12;16152;16895;-;234.4	23;23420;26047;-;301.8	6;10400;13216;-;376.7	28;28102;29529;-;94.1	23;23420;26047;-;101.8	30;30244;30810;-;183.8	17;19835;20473;-;70.4	14;17172;19022;-;265.0	2;5874;8099;-;391.7	24;26563;27078;-;77.6	2;5874;8099;-;70.3	A	9/9	contiguous	24370	1	1	9846..10367-;173;unnamed;0
NZ_CP107499.1	MPF_F	IncFIB(K);IncFII(K);IncFII(pAR0022)	229	0	0	GA	0															not_admitted	not_admitted	not_admitted	not_admitted	not_admitted	not_admitted	not_admitted	not_admitted	not_admitted	not_admitted	1	198;170477;171466;+;366.6	208;177013;178380;+;384.1	204;175003;175755;+;233.7	194;166381;169020;+;258.5	209;178380;181202;+;346.4	184;161053;162477;+;89.5	194;166381;169020;+;88.7	182;159760;160326;+;167.0	199;171479;172117;+;66.9	200;172176;174131;+;259.4	213;183818;186127;+;393.1	186;163089;163673;+;53.8	213;183818;186127;+;66.6	A	9/9	contiguous	24058	1	1	181225..181827+;200;TraS;0
NZ_CP107500.1	MPF_F	IncFII(pHN7A8);IncR	191	0	0	GA	0															not_admitted	not_admitted	not_admitted	not_admitted	not_admitted	not_admitted	not_admitted	not_admitted	not_admitted	not_admitted	1	20;21419;22411;-;369.5	7;13213;14586;-;376.8	12;16152;16895;-;234.4	23;23420;26047;-;301.8	6;10400;13216;-;376.7	28;28102;29529;-;94.1	23;23420;26047;-;101.8	30;30244;30810;-;183.8	17;19835;20473;-;70.4	14;17172;19022;-;265.0	2;5874;8099;-;391.7	24;26563;27078;-;77.6	2;5874;8099;-;70.3	A	9/9	contiguous	24370	1	1	9846..10367-;173;unnamed;0
NZ_CP107504.1	MPF_F	IncFIB(K);IncFII(K);IncFII(pAR0022)	229	0	0	GA	0															not_admitted	not_admitted	not_admitted	not_admitted	not_admitted	not_admitted	not_admitted	not_admitted	not_admitted	not_admitted	1	198;170477;171466;+;366.6	208;177013;178380;+;384.1	204;175003;175755;+;233.7	194;166381;169020;+;258.5	209;178380;181202;+;346.4	184;161053;162477;+;89.5	194;166381;169020;+;88.7	182;159760;160326;+;167.0	199;171479;172117;+;66.9	200;172176;174131;+;259.4	213;183818;186127;+;393.1	186;163089;163673;+;53.8	213;183818;186127;+;66.6	A	9/9	contiguous	24058	1	1	181225..181827+;200;TraS;0
NZ_CP107505.1	MPF_F	IncFII(pHN7A8);IncR	190	0	0	GA	0															not_admitted	not_admitted	not_admitted	not_admitted	not_admitted	not_admitted	not_admitted	not_admitted	not_admitted	not_admitted	1	20;21419;22411;-;369.5	7;13213;14586;-;376.8	12;16152;16895;-;234.4	23;23420;26047;-;301.8	6;10400;13216;-;376.7	28;28102;29529;-;94.1	23;23420;26047;-;101.8	30;30244;30810;-;183.8	17;19835;20473;-;70.4	14;17172;19022;-;265.0	2;5874;8099;-;391.7	24;26563;27078;-;77.6	2;5874;8099;-;70.3	A	9/9	contiguous	24370	1	1	9846..10367-;173;unnamed;0
NZ_CP107509.1	MPF_F	IncFIB(K);IncFII(K);IncFII(pAR0022)	228	0	0	GA	0															not_admitted	not_admitted	not_admitted	not_admitted	not_admitted	not_admitted	not_admitted	not_admitted	not_admitted	not_admitted	1	197;170480;171469;+;366.6	207;177016;178383;+;384.1	203;175006;175758;+;233.7	193;166384;169023;+;258.5	208;178383;181205;+;346.4	183;161056;162480;+;89.5	193;166384;169023;+;88.7	181;159763;160329;+;167.0	198;171482;172120;+;66.9	199;172179;174134;+;259.4	212;183821;186130;+;393.1	185;163092;163676;+;53.8	212;183821;186130;+;66.6	A	9/9	contiguous	24058	1	1	181228..181830+;200;TraS;0
NZ_CP107510.1	MPF_F	IncFII(pHN7A8);IncR	191	0	0	GA	0															not_admitted	not_admitted	not_admitted	not_admitted	not_admitted	not_admitted	not_admitted	not_admitted	not_admitted	not_admitted	1	20;21419;22411;-;369.5	7;13213;14586;-;376.8	12;16152;16895;-;234.4	23;23420;26047;-;301.8	6;10400;13216;-;376.7	28;28102;29529;-;94.1	23;23420;26047;-;101.8	30;30244;30810;-;183.8	17;19835;20473;-;70.4	14;17172;19022;-;265.0	2;5874;8099;-;391.7	24;26563;27078;-;77.6	2;5874;8099;-;70.3	A	9/9	contiguous	24370	1	1	9846..10367-;173;unnamed;0
NZ_CP107514.1	MPF_F	IncFIB(K);IncFII(K);IncFII(pAR0022)	230	0	0	GA	0															not_admitted	not_admitted	not_admitted	not_admitted	not_admitted	not_admitted	not_admitted	not_admitted	not_admitted	not_admitted	1	199;171540;172529;+;366.6	209;178076;179443;+;384.1	205;176066;176818;+;233.7	195;167444;170083;+;258.5	210;179443;182265;+;346.4	185;162116;163540;+;89.5	195;167444;170083;+;88.7	183;160823;161389;+;167.0	200;172542;173180;+;66.9	201;173239;175194;+;259.4	214;184881;187190;+;393.1	187;164152;164736;+;53.8	214;184881;187190;+;66.6	A	9/9	contiguous	24058	1	1	182288..182890+;200;TraS;0
NZ_CP107515.1	MPF_F	IncFII(pHN7A8);IncR	191	0	0	GA	0															not_admitted	not_admitted	not_admitted	not_admitted	not_admitted	not_admitted	not_admitted	not_admitted	not_admitted	not_admitted	1	20;21419;22411;-;369.5	7;13213;14586;-;376.8	12;16152;16895;-;234.4	23;23420;26047;-;301.8	6;10400;13216;-;376.7	28;28102;29529;-;94.1	23;23420;26047;-;101.8	30;30244;30810;-;183.8	17;19835;20473;-;70.4	14;17172;19022;-;265.0	2;5874;8099;-;391.7	24;26563;27078;-;77.6	2;5874;8099;-;70.3	A	9/9	contiguous	24370	1	1	9846..10367-;173;unnamed;0
NZ_CP107519.1	MPF_F	IncFIB(K);IncFII(K);IncFII(pAR0022)	230	0	0	GA	0															not_admitted	not_admitted	not_admitted	not_admitted	not_admitted	not_admitted	not_admitted	not_admitted	not_admitted	not_admitted	1	199;170475;171464;+;366.6	209;177011;178378;+;384.1	205;175001;175753;+;233.7	195;166379;169018;+;258.5	210;178378;181200;+;346.4	185;161051;162475;+;89.5	195;166379;169018;+;88.7	183;159758;160324;+;167.0	200;171477;172115;+;66.9	201;172174;174129;+;259.4	214;183816;186125;+;393.1	187;163087;163671;+;53.8	214;183816;186125;+;66.6	A	9/9	contiguous	24058	1	1	181223..181825+;200;TraS;0
NZ_CP107520.1	MPF_F	IncFII(pHN7A8);IncR	191	0	0	GA	0															not_admitted	not_admitted	not_admitted	not_admitted	not_admitted	not_admitted	not_admitted	not_admitted	not_admitted	not_admitted	1	20;21419;22411;-;369.5	7;13213;14586;-;376.8	12;16152;16895;-;234.4	23;23420;26047;-;301.8	6;10400;13216;-;376.7	28;28102;29529;-;94.1	23;23420;26047;-;101.8	30;30244;30810;-;183.8	17;19835;20473;-;70.4	14;17172;19022;-;265.0	2;5874;8099;-;391.7	24;26563;27078;-;77.6	2;5874;8099;-;70.3	A	9/9	contiguous	24370	1	1	9846..10367-;173;unnamed;0
NZ_CP107560.1	-	-	142	0	0	GA	1	62;41670;42329;+;73.7	63;42319;42618;+;71.3	64;42618;42917;+;79.6	65;42932;45349;+;133.5	65;42932;45349;+;90.7	67;46082;46801;+;35.0	68;46956;48020;+;109.5		69;48037;48792;+;174.2	70;48789;49640;+;187.2	71;49650;51011;+;198.1	72;51067;51954;+;118.6	73;51970;54450;+;236.8		pfam	pfam_only	A	7/7	canonical	1	0	unscoreable	1	0	0														not_admitted	not_admitted	not_admitted	not_admitted	not_admitted	not_admitted	not_admitted
NZ_CP107561.1	-	-	108	0	0	GA	1	39;51038;51763;+;66.9	40;51760;52074;+;68.4	41;52071;52367;+;74.4	42;52378;54813;+;129.5	42;52378;54813;+;94.9	44;55523;56245;+;50.9	46;56460;57527;+;126.2		47;57539;58288;+;175.9	48;58285;59154;+;195.3	49;59167;60519;+;202.5	50;60467;61471;+;133.0	51;61480;63864;+;238.5		pfam	pfam_only	A	7/7	canonical	1	0	unscoreable	2	0	0														not_admitted	not_admitted	not_admitted	not_admitted	not_admitted	not_admitted	not_admitted
NZ_CP107588.1	MPF_F	-	94	0	0	GA	0															not_admitted	not_admitted	not_admitted	not_admitted	not_admitted	not_admitted	not_admitted	not_admitted	not_admitted	not_admitted	1	81;51881;52924;+;369.2	86;56903;58330;+;325.8	84;55693;56505;+;219.1	77;47593;50319;+;164.6	87;58346;61348;+;208.7	73;44595;45911;+;102.7	77;47593;50319;+;108.4	71;43304;43882;+;82.6	82;52939;53646;+;107.6	83;53643;55700;+;92.2	52;30435;32594;+;381.3	76;46939;47583;+;41.9	52;30435;32594;+;90.0	A	9/9	contiguous	27911	1	1	61420..61938+;172;unnamed;0
NZ_CP107591.1	MPF_F	-	94	0	0	GA	0															not_admitted	not_admitted	not_admitted	not_admitted	not_admitted	not_admitted	not_admitted	not_admitted	not_admitted	not_admitted	1	81;51881;52924;+;369.2	86;56903;58330;+;325.8	84;55693;56505;+;219.1	77;47593;50319;+;164.6	87;58346;61348;+;208.7	73;44595;45911;+;102.7	77;47593;50319;+;108.4	71;43304;43882;+;82.6	82;52939;53646;+;107.6	83;53643;55700;+;92.2	52;30435;32594;+;381.3	76;46939;47583;+;41.9	52;30435;32594;+;90.0	A	9/9	contiguous	27911	1	1	61420..61938+;172;unnamed;0
NZ_CP107606.1	MPF_F	-	94	0	0	GA	0															not_admitted	not_admitted	not_admitted	not_admitted	not_admitted	not_admitted	not_admitted	not_admitted	not_admitted	not_admitted	1	81;51881;52924;+;369.2	86;56903;58330;+;325.8	84;55693;56505;+;219.1	77;47593;50319;+;164.6	87;58346;61348;+;208.7	73;44595;45911;+;102.7	77;47593;50319;+;108.4	71;43304;43882;+;82.6	82;52939;53646;+;107.6	83;53643;55700;+;92.2	52;30435;32594;+;381.3	76;46939;47583;+;41.9	52;30435;32594;+;90.0	A	9/9	contiguous	27911	1	1	61420..61938+;172;unnamed;0
NZ_CP107718.1	MPF_T	-	50	0	0	GA	1	7;5944;6534;+;62.5	12;13556;13870;+;77.8		14;14206;16776;+;34.4	14;14206;16776;+;107.3	15;16796;17575;+;55.4	17;17930;19405;+;88.2		18;19412;20122;+;129.6	19;20148;21140;+;167.2	20;21156;22499;+;209.6	11;12336;13343;+;119.4	9;9857;11851;+;345.7		conjscan	conjscan_only	A	7/7	canonical	1	0	unscoreable	5	0	0														not_admitted	not_admitted	not_admitted	not_admitted	not_admitted	not_admitted	not_admitted
NZ_CP107721.1	MPF_F	IncA	175	0	0	GA	0															not_admitted	not_admitted	not_admitted	not_admitted	not_admitted	not_admitted	not_admitted	not_admitted	not_admitted	not_admitted	1	110;90711;91715;+;330.1	31;26664;28097;+;336.4	30;25622;26662;+;223.9	105;85506;87953;+;352.8	32;28110;31715;+;377.7	100;76679;77995;+;136.3	105;85506;87953;+;130.4	98;75155;75781;+;93.9	108;88775;90043;+;69.6	111;91866;94604;+;138.7	89;69500;71365;+;46.9	101;77992;78570;+;98.1	89;69500;71365;+;51.6	A	9/9	split_2	66244	0	1	
NZ_CP109602.1	MPF_F	IncFIB(AP001918);IncFII(pCoo)	166	0	0	GA	0															not_admitted	not_admitted	not_admitted	not_admitted	not_admitted	not_admitted	not_admitted	not_admitted	not_admitted	not_admitted	1	68;68821;69813;-;369.3	57;61762;63138;-;378.0	64;65349;66092;-;235.0	71;70822;73449;-;305.4	56;58943;61765;-;388.9	78;75504;76931;-;94.3	71;70822;73449;-;98.5	80;77646;78212;-;183.8	67;68174;68812;-;68.4	66;66369;68177;-;267.1	53;55261;57414;-;391.9	74;73965;74480;-;78.4	53;55261;57414;-;70.4	A	9/9	contiguous	22385	1	1	58430..58921-;163;TraS;0
NZ_CP109608.1	MPF_F	IncQ1;repFIB;repHI5B	397	0	0	GA	0															not_admitted	not_admitted	not_admitted	not_admitted	not_admitted	not_admitted	not_admitted	not_admitted	not_admitted	not_admitted	1	332;311784;312821;-;283.2	126;109545;110969;+;188.6	125;108533;109576;+;171.0	347;325739;328456;-;149.9	328;303280;307212;-;121.2	351;330569;331936;-;63.8	347;325739;328456;-;86.1	354;333566;334429;-;82.3	333;312818;314179;-;72.2	331;308592;311774;-;61.2	118;99140;101266;-;60.3	348;328505;329239;-;59.3	118;99140;101266;-;43.0	A	9/9	split_2	234426	0	1	
NZ_CP109609.1	MPF_F	IncFII(Yp);repB(R1701)	158	0	0	GA	0															not_admitted	not_admitted	not_admitted	not_admitted	not_admitted	not_admitted	not_admitted	not_admitted	not_admitted	not_admitted	1	132;114742;115734;+;372.3	143;121768;123138;+;383.1	140;120247;120999;+;222.2	129;111077;113716;+;254.8	144;123138;126017;+;333.2	121;106465;107886;+;86.6	129;111077;113716;+;88.2	119;105178;105744;+;159.4	133;115747;116394;+;68.8	135;116771;118726;+;253.1	148;128795;131113;+;390.7	123;108347;108931;+;55.9	148;128795;131113;+;66.8	A	9/9	contiguous	23617	1	1	126034..126702+;222;unnamed;0
NZ_CP109615.1	MPF_F	IncFII(Yp);repB(R1701)	169	0	0	GA	0															not_admitted	not_admitted	not_admitted	not_admitted	not_admitted	not_admitted	not_admitted	not_admitted	not_admitted	not_admitted	1	143;131647;132639;+;372.3	154;138673;140043;+;383.1	151;137152;137904;+;222.2	140;127982;130621;+;254.8	155;140043;142922;+;333.2	132;123370;124791;+;86.6	140;127982;130621;+;88.2	130;122083;122649;+;159.4	144;132652;133299;+;68.8	146;133676;135631;+;253.1	159;145700;148018;+;390.7	134;125252;125836;+;55.9	159;145700;148018;+;66.8	A	9/9	contiguous	23617	1	1	142939..143607+;222;unnamed;0
NZ_CP109655.1	MPF_T	-	34	0	0	GA	1	24;18326;18871;-;54.1	3;3053;3349;-;64.2	2;2766;3053;-;45.0	1;297;2762;-;92.3	1;297;2762;-;88.8	31;23689;24483;-;50.2	29;22200;23423;-;55.1		28;21485;22180;-;121.0	27;20549;21472;-;167.1	25;18864;20105;-;214.7	4;3359;4297;-;133.2	19;13702;15525;-;321.1		conjscan	both	A	7/7	rearranged	1	0	unscoreable	19	0	0														not_admitted	not_admitted	not_admitted	not_admitted	not_admitted	not_admitted	not_admitted
NZ_CP109678.1	MPF_F	IncFIB(pB171);IncFII(Yp);IncFII(pAR0022)	141	0	0	GA	0															not_admitted	not_admitted	not_admitted	not_admitted	not_admitted	not_admitted	not_admitted	not_admitted	not_admitted	not_admitted	1	11;10308;11294;-;368.4	3;4225;5595;-;376.7	7;6812;7561;-;218.2	14;12288;14918;-;285.5	2;1403;4225;-;336.5	20;16946;18340;-;90.9	14;12288;14918;-;98.6	22;19057;19623;-;169.9	10;9662;10291;-;66.9	9;7812;9665;-;257.4	140;131525;133648;-;384.9	19;16385;16924;-;64.9	140;131525;133648;-;64.0	A	9/9	split_2	130122	1	1	950..1381-;143;TraS;0
NZ_CP109695.1	MPF_T	IncX3	65	0	0	GA	1	53;39453;40097;+;46.4	54;40081;40371;+;73.1	55;40396;43149;+;47.0	55;40396;43149;+;145.4	55;40396;43149;+;73.3	56;43159;43929;+;60.1	58;44207;45262;+;133.2		60;45777;46184;+;69.3	61;46190;47119;+;138.8	63;47889;48329;+;85.0	0;137;1012;+;66.1	1;1015;2850;+;495.9		pfam	pfam_only	A	7/7	canonical	1	1	unscoreable	3	0	0														not_admitted	not_admitted	not_admitted	not_admitted	not_admitted	not_admitted	not_admitted
NZ_CP109697.1	MPF_F	IncFIB(pECLA)	144	0	0	GA	0															not_admitted	not_admitted	not_admitted	not_admitted	not_admitted	not_admitted	not_admitted	not_admitted	not_admitted	not_admitted	1	8;5626;6624;-;364.2	143;124476;125405;-;186.8	5;2378;3160;-;214.1	16;9982;12591;-;214.8	142;121792;124476;-;307.4	112;89243;90403;-;156.3	16;9982;12591;-;103.5	26;17356;17937;-;100.9	7;4989;5615;-;64.3	6;3157;4992;-;222.5	135;114506;117061;-;360.8	18;12839;13381;-;46.9	135;114506;117061;-;72.7	A	9/9	split_3	122098	1	1	121079..121795-;238;unnamed;0
NZ_CP109698.1	MPF_F	IncHI2;IncHI2A	326	0	0	GA	0															not_admitted	not_admitted	not_admitted	not_admitted	not_admitted	not_admitted	not_admitted	not_admitted	not_admitted	not_admitted	1	82;79972;81030;+;276.9	294;274080;275495;-;194.1	295;275485;276531;-;173.7	64;56652;59333;+;168.0	293;270121;274071;-;101.6	60;52967;54322;+;80.7	64;56652;59333;+;72.2	57;50455;51243;+;74.8	80;78319;79830;+;62.7	83;81049;84237;+;58.3	301;283572;285656;+;56.7	63;55693;56643;+;46.4	301;283572;285656;+;38.8	A	9/9	split_3	233117	0	1	
NZ_CP109730.1	MPF_F	IncHI2;IncHI2A	266	0	0	GA	0															not_admitted	not_admitted	not_admitted	not_admitted	not_admitted	not_admitted	not_admitted	not_admitted	not_admitted	not_admitted	1	183;165990;167048;-;276.9	33;29328;30743;-;194.1	34;30733;31779;-;173.7	211;199968;202649;-;168.0	32;25660;29319;-;102.0	215;204979;206334;-;80.7	211;199968;202649;-;72.2	218;208058;208846;-;74.8	185;167190;168701;-;62.7	182;162783;165971;-;58.3	40;38820;40904;+;56.7	212;202658;203608;-;46.4	40;38820;40904;+;38.8	A	9/9	split_3	182398	1	1	24175..25578-;467;unnamed;0
NZ_CP109731.1	MPF_F	IncFIB(pECLA);IncFII(pECLA)	200	0	0	GA	0															not_admitted	not_admitted	not_admitted	not_admitted	not_admitted	not_admitted	not_admitted	not_admitted	not_admitted	not_admitted	1	199;183442;184440;+;358.7	8;4922;6286;+;366.6	2;2172;2954;+;213.0	189;176611;179220;+;223.4	9;6286;9576;+;308.6	99;100188;101348;+;156.3	189;176611;179220;+;104.6	183;172373;172954;+;94.6	0;14;319;+;52.7	1;316;2175;+;213.3	13;11768;14359;+;367.0	187;175809;176363;+;45.1	13;11768;14359;+;71.1	A	9/9	split_3	183428	1	1	9578..10267+;229;unnamed;0
NZ_CP109734.1	MPF_F	IncC	250	0	0	GA	0															not_admitted	not_admitted	not_admitted	not_admitted	not_admitted	not_admitted	not_admitted	not_admitted	not_admitted	not_admitted	1	211;170740;171747;+;332.9	59;55483;56916;+;339.2	58;54453;55481;+;221.7	206;165541;167988;+;354.5	60;56929;60543;+;375.3	201;156669;157985;+;135.0	206;165541;167988;+;128.3	199;155145;155771;+;92.7	209;168810;170075;+;67.9	212;171863;174661;+;145.3	190;149470;151335;+;47.3	202;157982;158560;+;100.2	190;149470;151335;+;52.0	A	9/9	split_2	117410	0	1	
NZ_CP109740.1	MPF_F	IncFIA(HI1);IncFII(pKP91)	163	0	0	GA	0															not_admitted	not_admitted	not_admitted	not_admitted	not_admitted	not_admitted	not_admitted	not_admitted	not_admitted	not_admitted	1	115;89668;90657;+;366.1	125;96504;97874;+;380.8	121;94556;95308;+;233.8	111;85575;88214;+;255.6	126;97874;100723;+;338.3	104;81432;82856;+;80.6	111;85575;88214;+;92.6	102;80145;80711;+;160.3	116;90670;91299;+;68.3	117;91299;93254;+;254.0	129;102283;104580;+;391.8	105;82919;83488;+;53.4	129;102283;104580;+;67.1	A	9/9	contiguous	22138	1	1	100729..100944+;71;unnamed;0
NZ_CP109745.1	-	pKPC-CAV1321	326	0	0	GA	0															not_admitted	not_admitted	not_admitted	not_admitted	not_admitted	not_admitted	not_admitted	not_admitted	not_admitted	not_admitted	1	139;106355;107422;-;276.8	118;89006;90445;-;253.3	119;90442;91542;-;197.1	143;109530;112016;-;224.0	117;85548;88991;-;242.3	147;115255;116652;-;109.8	143;109530;112016;-;120.6	149;117933;118559;-;86.7	140;107419;108732;-;40.5	115;82454;85111;-;138.1	155;121113;123083;-;22.1	146;114692;115258;-;72.5	155;121113;123083;-;33.6	A	9/9	contiguous	38659	0	1	
NZ_CP109746.1	MPF_F	IncC	167	0	0	GA	0															not_admitted	not_admitted	not_admitted	not_admitted	not_admitted	not_admitted	not_admitted	not_admitted	not_admitted	not_admitted	1	123;101856;102863;+;332.9	39;33705;35138;+;339.2	38;32675;33703;+;221.7	118;96657;99104;+;354.2	40;35151;38765;+;375.3	113;87830;89146;+;135.0	118;96657;99104;+;128.6	111;86306;86932;+;92.1	121;99926;101191;+;67.6	124;102979;105774;+;145.3	102;80632;82497;+;47.4	114;89143;89721;+;100.2	102;80632;82497;+;52.0	A	9/9	split_2	70304	0	1	
NZ_CP109755.1	MPF_F	IncFIB(pECLA);IncFII(pECLA)	218	0	0	GA	0															not_admitted	not_admitted	not_admitted	not_admitted	not_admitted	not_admitted	not_admitted	not_admitted	not_admitted	not_admitted	1	10;10103;11101;-;358.7	1;3502;4866;-;366.6	7;6834;7616;-;213.0	20;15323;17932;-;223.4	0;212;3502;-;308.6	24;19431;20840;-;97.0	20;15323;17932;-;104.6	26;21589;22170;-;94.6	9;9469;10092;-;63.4	8;7613;9472;-;213.3	214;192855;195446;-;367.0	22;18180;18734;-;45.1	214;192855;195446;-;71.1	A	9/9	split_2	192643	0	1	
NZ_CP109774.1	MPF_F	IncFIB(K);IncFII(K);IncFII(pAR0022)	186	0	0	GA	0															not_admitted	not_admitted	not_admitted	not_admitted	not_admitted	not_admitted	not_admitted	not_admitted	not_admitted	not_admitted	1	143;143628;144617;-;363.3	132;136442;137809;-;384.1	136;139067;139819;-;233.7	147;146074;148713;-;259.0	131;133620;136442;-;346.4	157;152641;154065;-;89.5	147;146074;148713;-;88.7	159;154792;155358;-;167.0	141;142705;143352;-;65.9	140;140691;142646;-;259.4	127;128691;131003;-;393.1	155;151445;152029;-;53.8	127;128691;131003;-;66.6	A	9/9	contiguous	26101	1	1	132995..133597-;200;TraS;0
NZ_CP109792.1	MPF_T	-	84	0	0	GA	1	50;61396;62562;-;77.9	54;65441;65731;-;72.5	53;65153;65431;-;79.8	52;62779;65163;-;90.0	52;62779;65163;-;38.3	49;60602;61399;-;62.4	43;55423;56448;-;129.0		48;59940;60605;-;137.2	47;59242;59943;-;166.2	46;57920;59245;-;172.5	45;56884;57918;-;104.4	36;45965;47947;+;279.4		pfam	both	A	7/7	canonical	1	0	unscoreable	8	0	0														not_admitted	not_admitted	not_admitted	not_admitted	not_admitted	not_admitted	not_admitted
NZ_CP109814.1	MPF_T	-	65	0	0	GA	1		30;28350;28715;+;50.8	31;28728;31496;+;73.3	31;28728;31496;+;167.5	31;28728;31496;+;84.1	36;33390;34361;+;81.8	37;34358;35335;+;113.3		39;35501;36160;+;177.9	40;36157;37047;+;162.9	41;37057;38235;+;162.5	42;38216;39223;+;93.9	43;39224;41035;+;350.6		pfam	pfam_only	A	7/7	canonical	1	1	unscoreable	5	0	0														not_admitted	not_admitted	not_admitted	not_admitted	not_admitted	not_admitted	not_admitted
NZ_CP109815.1	MPF_T	-	36	0	0	GA	1	20;14478;15023;-;54.1	34;26303;26599;-;64.2	33;26016;26303;-;45.0	32;23547;26012;-;93.8	32;23547;26012;-;89.2	28;20334;21086;-;62.5	26;18898;20112;-;49.4		24;17872;18567;-;121.0	23;16701;17861;-;166.9	21;15016;16257;-;214.6	35;26609;27547;-;130.6	15;9854;11677;-;318.4		conjscan	both	A	7/7	canonical	1	0	unscoreable	11	0	0														not_admitted	not_admitted	not_admitted	not_admitted	not_admitted	not_admitted	not_admitted
NZ_CP109818.1	MPF_T	-	55	0	0	GA	1		30;29100;29363;+;59.6	31;29376;32144;+;75.1	31;29376;32144;+;175.3	31;29376;32144;+;84.1	36;34020;34988;+;86.6	37;34988;35986;+;120.0		39;36130;36789;+;177.9	40;36786;37676;+;163.5	41;37686;38864;+;164.3	42;38845;39852;+;94.3	43;39853;41664;+;345.6		pfam	pfam_only	A	7/7	canonical	1	1	unscoreable	5	0	0														not_admitted	not_admitted	not_admitted	not_admitted	not_admitted	not_admitted	not_admitted
NZ_CP109820.1	MPF_T	-	55	0	0	GA	1		30;29100;29363;+;59.6	31;29376;32144;+;75.1	31;29376;32144;+;175.3	31;29376;32144;+;84.1	36;34020;34988;+;86.6	37;34988;35986;+;120.0		39;36130;36789;+;177.9	40;36786;37676;+;163.5	41;37686;38864;+;164.3	42;38845;39852;+;94.3	43;39853;41664;+;345.6		pfam	pfam_only	A	7/7	canonical	1	1	unscoreable	5	0	0														not_admitted	not_admitted	not_admitted	not_admitted	not_admitted	not_admitted	not_admitted
NZ_CP109825.1	MPF_F	IncFII(S);pSM22	103	0	0	GA	0															not_admitted	not_admitted	not_admitted	not_admitted	not_admitted	not_admitted	not_admitted	not_admitted	not_admitted	not_admitted	1	102;92628;93626;+;363.4	5;4026;5396;+;361.4	2;2372;3166;+;201.9	97;87722;90352;+;258.3	6;5396;8218;+;301.4	94;85207;86604;+;88.5	97;87722;90352;+;108.7	92;83921;84487;+;155.6	0;163;474;+;45.1	1;471;2375;+;242.7	18;16118;17518;+;266.7	96;87155;87709;+;53.7	18;16118;17518;+;68.5	A	9/9	split_2	92465	1	1	8234..8770+;178;unnamed;0
NZ_CP109830.1	MPF_F	IncFII(pBK30683);IncR	126	0	0	GA	0															not_admitted	not_admitted	not_admitted	not_admitted	not_admitted	not_admitted	not_admitted	not_admitted	not_admitted	not_admitted	1	91;67957;68946;+;366.0	101;74493;75860;+;384.0	97;72483;73235;+;233.7	87;63861;66500;+;258.5	102;75860;78709;+;346.4	81;59607;61031;+;89.2	87;63861;66500;+;88.7	79;58314;58880;+;169.3	92;68959;69597;+;67.0	93;69656;71611;+;259.7	106;81173;83485;+;390.0	82;61104;61688;+;54.5	106;81173;83485;+;64.0	A	9/9	contiguous	22859	1	1	78712..79245+;177;unnamed;0
NZ_CP109837.1	MPF_F	-	99	0	0	GA	0															not_admitted	not_admitted	not_admitted	not_admitted	not_admitted	not_admitted	not_admitted	not_admitted	not_admitted	not_admitted	1	82;55419;56462;+;369.2	87;60441;61868;+;325.8	85;59231;60043;+;219.1	78;51131;53857;+;164.6	88;61884;64886;+;208.7	74;48133;49449;+;102.7	78;51131;53857;+;108.4	72;46842;47420;+;82.6	83;56477;57184;+;107.6	84;57181;59238;+;92.2	54;34122;36281;+;381.4	77;50477;51121;+;41.9	54;34122;36281;+;89.7	A	9/9	contiguous	27762	1	1	64958..65476+;172;unnamed;0
NZ_CP109847.1	-	-	97	0	0	GA	0															not_admitted	not_admitted	not_admitted	not_admitted	not_admitted	not_admitted	not_admitted	not_admitted	not_admitted	not_admitted	1	74;59167;60162;+;358.9	86;67323;68699;+;330.1	77;62630;63418;+;199.4	71;55416;58127;+;233.0	87;68712;71609;+;318.0	64;51721;53082;+;92.4	71;55416;58127;+;122.0	62;50408;50977;+;124.7	75;60178;60798;+;68.3	76;60795;62633;+;234.4	91;73056;75281;+;368.0	70;54851;55414;+;54.8	91;73056;75281;+;67.6	A	9/9	contiguous	22648	1	1	71575..72096+;173;unnamed;0
NZ_CP109864.1	MPF_T	-	1082	0	0	GA	1	54;56443;57285;-;91.2	346;333503;333832;+;92.8	347;333832;334113;+;34.6	348;334123;336633;+;38.6	35;39316;41949;-;133.6	349;336630;337412;+;239.6	351;337735;339090;+;196.7		31;36172;36861;-;231.1	30;35180;36175;-;215.7	354;340798;341922;+;220.4	38;42572;43576;-;118.2	339;325132;327117;+;345.8		conjscan	conjscan_only	A	7/7	canonical	1	0	unscoreable	24	0	0														not_admitted	not_admitted	not_admitted	not_admitted	not_admitted	not_admitted	not_admitted
NZ_CP109876.1	MPF_I	IncI1-I(Alpha)	140	0	0	GA	1	83;73923;74483;-;85.6	115;102176;102667;-;68.0	114;101862;102176;-;51.1	113;99341;101848;-;96.9	113;99341;101848;-;113.0	112;98584;99372;-;48.3	110;96658;98376;-;86.9		108;95561;96259;-;122.8	107;94623;95561;-;165.2	105;92703;94166;-;209.7	86;76222;77775;-;215.5	130;113791;115749;+;355.7		conjscan	conjscan_only	A	7/7	canonical	1	0	unscoreable	7	0	0														not_admitted	not_admitted	not_admitted	not_admitted	not_admitted	not_admitted	not_admitted
NZ_CP109877.1	MPF_F	Col8282;IncFII	77	0	0	GA	0															not_admitted	not_admitted	not_admitted	not_admitted	not_admitted	not_admitted	not_admitted	not_admitted	not_admitted	not_admitted	1	57;47055;48047;+;369.3	65;52743;54116;+;380.7	61;50779;51522;+;233.3	54;43419;46046;+;302.9	66;54113;56935;+;380.3	50;40080;41507;+;94.3	54;43419;46046;+;100.3	48;38799;39365;+;183.8	58;48056;48694;+;68.3	59;48691;50499;+;268.3	69;58469;60640;+;391.8	53;42388;42903;+;78.0	69;58469;60640;+;70.4	A	9/9	contiguous	19670	1	1	56956..57453+;165;TraS;0
NZ_CP109888.1	MPF_T	-	51	0	0	GA	1	50;37465;38040;+;52.7	2;2346;2702;+;68.0	3;2705;3127;+;76.0	4;3141;5588;+;155.5	4;3141;5588;+;88.0	5;5585;6265;+;153.4	7;6566;7606;+;160.8		9;7916;8722;+;181.0	10;8733;9569;+;190.3	11;9569;10867;+;180.9	12;10864;11895;+;89.2	13;11861;13870;+;355.0		pfam	both	A	7/7	canonical	1	0	unscoreable	2	0	0														not_admitted	not_admitted	not_admitted	not_admitted	not_admitted	not_admitted	not_admitted
NZ_CP109889.1	MPF_T	-	42	0	0	GA	1		23;18400;18720;-;54.4		21;15635;18049;-;86.4	21;15635;18049;-;43.3	20;14967;15632;-;120.9	18;13714;14697;-;130.5		17;13000;13710;-;154.5	16;12224;13003;-;173.9	15;10923;12221;-;191.1	14;9902;10945;-;82.7	13;7629;9905;-;343.7		pfam	both	A	7/7	canonical	1	0	unscoreable	2	0	0														not_admitted	not_admitted	not_admitted	not_admitted	not_admitted	not_admitted	not_admitted
NZ_CP109895.1	MPF_T	-	41	0	0	GA	1		38;36250;36642;-;58.1	37;35927;36247;-;50.2	36;33375;35939;-;104.6	36;33375;35939;-;109.4	31;29078;29851;-;109.7	29;27433;28803;-;109.1		35;32662;33378;-;92.4	34;31755;32645;-;169.0	32;29870;31270;-;207.2	39;36655;37614;-;139.4	15;12334;14268;+;468.1		conjscan	both	A	7/7	canonical	1	0	unscoreable	3	0	0														not_admitted	not_admitted	not_admitted	not_admitted	not_admitted	not_admitted	not_admitted
NZ_CP109896.1	MPF_T	-	41	0	0	GA	1		25;26794;27186;-;58.1	24;26471;26791;-;50.2	23;23919;26483;-;104.6	23;23919;26483;-;109.4	18;19622;20395;-;109.7	16;17977;19347;-;109.1		22;23206;23922;-;92.4	21;22299;23189;-;169.0	19;20414;21814;-;207.2	26;27199;28158;-;139.4	2;2878;4812;+;468.1		conjscan	both	A	7/7	canonical	1	0	unscoreable	3	0	0														not_admitted	not_admitted	not_admitted	not_admitted	not_admitted	not_admitted	not_admitted
NZ_CP109900.1	-	IncFII(Yp)	53	0	0	GA	0															not_admitted	not_admitted	not_admitted	not_admitted	not_admitted	not_admitted	not_admitted	not_admitted	not_admitted	not_admitted	1	45;37072;38070;+;363.4	51;41696;43060;+;346.0	49;40332;41102;+;214.0	42;33349;35970;+;221.2	52;43063;45930;+;232.2	39;31189;32532;+;88.4	42;33349;35970;+;84.0	37;29909;30484;+;94.6	46;38040;38468;+;55.1	48;39973;40335;+;85.5	1;1131;3221;+;367.6	41;32810;33337;+;34.7	1;1131;3221;+;57.4	A	9/9	split_2	41932	0	1	
NZ_CP109909.1	MPF_F	-	205	0	0	GA	0															not_admitted	not_admitted	not_admitted	not_admitted	not_admitted	not_admitted	not_admitted	not_admitted	not_admitted	not_admitted	1	67;62571;63560;-;356.1	61;57080;58444;-;366.0	64;59302;60909;-;196.3	70;64608;67193;-;245.5	60;54237;57080;-;339.6	72;67767;69095;-;93.7	70;64608;67193;-;89.0	74;69797;70363;-;128.2	66;61953;62561;-;69.5	64;59302;60909;-;232.3	57;50694;52856;-;381.7	71;67204;67755;-;44.9	57;50694;52856;-;63.9	A	9/9	contiguous	19103	1	1	53671..54240-;189;unnamed;0
NZ_CP109930.1	MPF_F	IncFII(pRSB107)	91	0	0	GA	0															not_admitted	not_admitted	not_admitted	not_admitted	not_admitted	not_admitted	not_admitted	not_admitted	not_admitted	not_admitted	1	64;50745;51737;+;369.5	78;58931;60304;+;381.7	72;56258;57001;+;234.4	61;47106;49736;+;297.8	79;60301;63123;+;388.5	54;42637;44064;+;93.4	61;47106;49736;+;98.7	52;41356;41922;+;174.3	67;52680;53318;+;71.4	70;54131;55981;+;266.5	83;65395;67629;+;391.7	57;44948;45463;+;76.5	83;65395;67629;+;70.3	A	9/9	contiguous	24039	1	1	63145..63624+;159;TraS;0
NZ_CP109955.1	MPF_F	IncHI2;IncHI2A	252	0	0	GA	0															not_admitted	not_admitted	not_admitted	not_admitted	not_admitted	not_admitted	not_admitted	not_admitted	not_admitted	not_admitted	1	49;58268;59326;+;276.9	193;189443;190858;-;194.1	194;190848;191894;-;174.3	33;36015;38696;+;168.0	192;185481;189434;-;101.6	29;32330;33685;+;80.7	33;36015;38696;+;72.2	26;29818;30606;+;74.8	47;56615;58126;+;62.0	50;59345;62533;+;57.3	201;198936;201020;+;56.8	32;35056;36006;+;46.1	201;198936;201020;+;38.8	A	9/9	split_3	169118	1	1	184321..185301-;326;unnamed;0
NZ_CP109964.1	MPF_F	IncC;IncQ1;repB(R1701)	223	0	0	GA	0															not_admitted	not_admitted	not_admitted	not_admitted	not_admitted	not_admitted	not_admitted	not_admitted	not_admitted	not_admitted	1	190;143122;144111;+;366.6	201;150724;152091;+;384.0	196;147648;148400;+;233.7	186;139026;141665;+;258.5	79;51726;55340;-;375.3	179;134775;136199;+;89.3	186;139026;141665;+;88.7	177;133482;134048;+;169.3	191;144124;144762;+;66.9	192;144821;146776;+;259.4	206;157402;159714;+;393.1	180;136271;136855;+;54.7	206;157402;159714;+;66.6	A	9/9	split_2	105676	0	1	
NZ_CP109970.1	MPF_T	-	347	0	0	GA	1		7;7240;7539;+;91.5	8;7542;7883;+;107.4	9;7891;10257;+;176.4	9;7891;10257;+;108.1	10;10257;10955;+;203.6	11;11190;12125;+;163.7		13;12429;13100;+;217.6	14;13097;13948;+;190.6	15;13961;15130;+;183.1	16;15139;16140;+;103.8	53;50463;52382;-;333.2		pfam	both	A	7/7	canonical	1	0	unscoreable	1	0	0														not_admitted	not_admitted	not_admitted	not_admitted	not_admitted	not_admitted	not_admitted
NZ_CP109972.1	MPF_T	-	231	0	0	GA	1	160;165966;166703;+;73.4	228;246273;246680;-;74.3	162;167068;167394;+;73.6	163;167394;169763;+;236.9	226;243502;245970;-;121.7	225;242721;243530;-;45.7	223;241316;242512;-;109.7		167;171619;172332;+;176.9	221;239767;240621;-;191.6	219;237971;239278;-;226.8	229;246670;247641;-;133.6	124;123084;125039;-;544.6		conjscan	conjscan_only	A	7/7	uncallable	0	0	unscoreable	11	0	0														not_admitted	not_admitted	not_admitted	not_admitted	not_admitted	not_admitted	not_admitted
NZ_CP109984.1	MPF_F	IncFIB(pNDM-Mar);IncHI1B(pNDM-MAR)	329	0	0	GA	0															not_admitted	not_admitted	not_admitted	not_admitted	not_admitted	not_admitted	not_admitted	not_admitted	not_admitted	not_admitted	1	263;232203;233240;-;282.3	80;61690;63099;+;190.4	79;60663;61700;+;175.6	276;245138;247861;-;149.6	81;63101;67069;+;121.3	280;249974;251344;-;65.6	276;245138;247861;-;86.0	283;252990;253850;-;79.0	264;233237;234598;-;69.9	262;229008;232193;-;59.6	72;51338;53464;-;57.7	277;247906;248643;-;56.9	72;51338;53464;-;41.0	A	9/9	split_2	201652	0	1	
NZ_CP109985.1	MPF_F	IncFII(pBK30683);repB(R1701)	110	0	0	GA	0															not_admitted	not_admitted	not_admitted	not_admitted	not_admitted	not_admitted	not_admitted	not_admitted	not_admitted	not_admitted	1	56;53587;54576;-;366.0	46;45593;46960;-;384.0	50;48218;48970;-;233.7	60;56033;58672;-;258.5	45;42744;45593;-;346.4	66;61502;62926;-;89.2	60;56033;58672;-;88.7	68;63653;64219;-;169.3	55;52936;53574;-;67.0	54;50844;52877;-;259.3	41;37968;40280;-;390.0	65;60845;61429;-;54.5	41;37968;40280;-;64.0	A	9/9	contiguous	25685	1	1	42208..42741-;177;unnamed;0
NZ_CP109986.1	MPF_F	IncFIB(pB171);IncFII(Yp);IncFII(pAR0022)	103	0	0	GA	0															not_admitted	not_admitted	not_admitted	not_admitted	not_admitted	not_admitted	not_admitted	not_admitted	not_admitted	not_admitted	1	60;43758;44750;+;369.4	68;49463;50833;+;376.7	64;47497;48246;+;218.2	57;40140;42770;+;285.5	69;50833;53655;+;336.5	51;36718;38112;+;89.4	57;40140;42770;+;98.6	49;35435;36001;+;169.9	61;44767;45396;+;66.9	62;45393;47246;+;260.5	72;54992;57238;+;384.7	52;38134;38673;+;67.5	72;54992;57238;+;63.8	A	9/9	contiguous	19557	1	1	53677..54108+;143;TraS;0
NZ_CP109987.1	-	IncFIA(HI1);IncFII(K);IncFII(pAR0022)	95	0	0	GA	0															not_admitted	not_admitted	not_admitted	not_admitted	not_admitted	not_admitted	not_admitted	not_admitted	not_admitted	not_admitted	1	81;61906;62904;+;370.9	86;66635;67999;+;352.8	84;65264;66037;+;208.9	78;58247;60868;+;214.6	87;68002;70872;+;238.4	75;55956;57287;+;86.5	78;58247;60868;+;89.0	73;54675;55250;+;87.7	82;62874;63302;+;63.5	83;63330;65267;+;232.0	89;71599;73731;+;374.5	77;57708;58238;+;32.9	89;71599;73731;+;65.1	A	9/9	contiguous	16924	1	1	70881..71444+;187;unnamed;0
NZ_CP110113.1	-	-	153	0	0	GA	0															not_admitted	not_admitted	not_admitted	not_admitted	not_admitted	not_admitted	not_admitted	not_admitted	not_admitted	not_admitted	1	136;130688;131707;-;399.3	131;125428;126900;-;375.3	132;126900;127742;-;248.3	142;134453;137029;-;441.7	130;122510;125410;-;375.6	145;138829;140175;-;107.1	142;134453;137029;-;99.2	147;140987;141559;-;176.6	135;129910;130674;-;120.3	134;128153;129913;-;282.3	72;67854;70145;+;541.5	143;137026;137964;-;25.5	72;67854;70145;+;60.6	A	9/9	split_2	73133	0	1	
NZ_CP110118.1	MPF_F	IncFIA;IncFIB(AP001918);IncFII	155	0	0	GA	0															not_admitted	not_admitted	not_admitted	not_admitted	not_admitted	not_admitted	not_admitted	not_admitted	not_admitted	not_admitted	1	98;91678;92670;-;371.6	89;85243;86616;-;380.7	94;88206;88949;-;233.3	101;93679;96306;-;303.5	88;82427;85246;-;386.2	107;98465;99892;-;91.9	101;93679;96306;-;99.0	109;100607;101173;-;182.9	97;91031;91669;-;64.9	96;89226;91034;-;268.2	85;78697;80895;-;391.7	102;96822;97337;-;76.4	85;78697;80895;-;70.4	A	9/9	contiguous	21910	1	1	81911..82402-;163;TraS;0
NZ_CP110120.1	MPF_T	IncX4	46	0	0	GA	1	39;26471;27091;+;46.3	40;27105;27431;+;64.4	41;27450;30197;+;63.8	41;27450;30197;+;151.8	41;27450;30197;+;46.1	42;30209;30925;+;94.1	43;30937;32031;+;150.1		45;32546;33232;+;169.0		0;304;1422;+;163.9	1;1424;2452;+;85.0	2;2484;4301;+;317.3		pfam	pfam_only	B	6/7	canonical	1	1	unscoreable	1	0	0														not_admitted	not_admitted	not_admitted	not_admitted	not_admitted	not_admitted	not_admitted
NZ_CP110143.1	MPF_F	IncFIB(pNDM-Mar);IncHI1B(pNDM-MAR)	377	0	0	GA	0															not_admitted	not_admitted	not_admitted	not_admitted	not_admitted	not_admitted	not_admitted	not_admitted	not_admitted	not_admitted	1	306;276279;277316;-;282.3	93;73853;75262;+;190.4	92;72826;73863;+;176.7	319;288148;290865;-;148.7	94;75264;79232;+;120.1	213;189926;191182;-;206.8	319;288148;290865;-;85.2	326;295994;296854;-;79.0	307;277313;278674;-;69.9	305;273084;276269;-;59.9	85;63519;65645;-;57.7	320;290910;291647;-;57.0	85;63519;65645;-;41.0	A	9/9	split_3	232475	0	1	
NZ_CP110144.1	MPF_F	IncFIB(K);IncFII(K)	243	0	0	GA	0															not_admitted	not_admitted	not_admitted	not_admitted	not_admitted	not_admitted	not_admitted	not_admitted	not_admitted	not_admitted	1	197;201149;202138;-;363.3	186;193963;195330;-;382.2	190;196588;197340;-;236.4	201;203595;206234;-;259.0	185;191120;193963;-;342.9	212;210201;211625;-;88.8	201;203595;206234;-;87.6	214;212352;212918;-;167.9	195;200226;200873;-;65.9	194;198212;200167;-;259.5	181;186223;188535;-;392.8	209;209005;209589;-;53.8	181;186223;188535;-;65.9	A	9/9	contiguous	26129	1	1	190585..191109-;174;unnamed;0
NZ_CP110146.1	MPF_F	IncFIB(pNDM-Mar);IncHI1B(pNDM-MAR)	304	0	0	GA	0															not_admitted	not_admitted	not_admitted	not_admitted	not_admitted	not_admitted	not_admitted	not_admitted	not_admitted	not_admitted	1	209;187468;188505;+;282.3	71;68973;70382;+;189.5	70;67946;68983;+;175.6	197;173919;176636;+;149.6	72;70384;74298;+;120.2	282;256418;257674;+;206.8	197;173919;176636;+;85.2	190;167930;168790;+;79.0	208;186110;187471;+;69.9	210;188515;191697;+;60.1	63;58621;60747;-;57.7	196;173137;173874;+;56.9	63;58621;60747;-;41.0	A	9/9	split_3	197797	0	1	
NZ_CP110149.1	MPF_F	IncFIA(HI1);IncFIB(pNDM-Mar);IncHI1B(pNDM-MAR);IncR	410	0	0	GA	0															not_admitted	not_admitted	not_admitted	not_admitted	not_admitted	not_admitted	not_admitted	not_admitted	not_admitted	not_admitted	1	338;298327;299364;-;282.3	100;79838;81247;+;190.4	99;78811;79848;+;176.7	350;310196;312913;-;149.6	101;81249;85217;+;120.1	182;157380;158636;-;206.8	350;310196;312913;-;85.2	358;319380;320240;-;79.0	339;299361;300722;-;70.0	337;295132;298317;-;59.6	92;69504;71630;-;58.0	351;312958;313695;-;56.9	92;69504;71630;-;39.7	A	9/9	split_3	249876	0	1	
NZ_CP110169.1	MPF_F	IncFII(K);repB(R1701)	159	0	0	GA	0															not_admitted	not_admitted	not_admitted	not_admitted	not_admitted	not_admitted	not_admitted	not_admitted	not_admitted	not_admitted	1	101;87223;88212;-;366.6	91;80309;81676;-;384.0	95;82934;83686;-;233.3	105;89655;92294;-;258.5	90;77460;80309;-;346.4	112;95487;96911;-;89.2	105;89655;92294;-;88.2	114;97638;98204;-;169.3	100;86572;87210;-;66.9	99;84558;86513;-;259.7	86;72686;74998;-;393.1	111;94789;95373;-;53.6	86;72686;74998;-;66.6	A	9/9	contiguous	24952	1	1	76924..77457-;177;unnamed;0
NZ_CP110171.1	MPF_F	IncFIB(K);IncFII(K);IncQ1	186	0	0	GA	0															not_admitted	not_admitted	not_admitted	not_admitted	not_admitted	not_admitted	not_admitted	not_admitted	not_admitted	not_admitted	1	127;124098;125087;-;366.6	117;117184;118551;-;381.3	121;119809;120561;-;233.7	131;126544;129183;-;258.5	116;114335;117184;-;346.4	138;132011;133435;-;88.1	131;126544;129183;-;88.7	140;134162;134728;-;169.3	126;123447;124085;-;66.9	125;121433;123388;-;259.4	112;109561;111873;-;393.1	137;131354;131938;-;54.3	112;109561;111873;-;66.6	A	9/9	contiguous	24601	1	1	113799..114332-;177;unnamed;0
NZ_CP110172.1	MPF_T	IncX4	40	0	0	GA	1	2;636;1256;+;41.6	3;1270;1596;+;64.4	4;1615;4362;+;63.8	4;1615;4362;+;151.8	4;1615;4362;+;46.1	5;4374;5090;+;94.2	6;5102;6196;+;150.1		8;6711;7397;+;169.0	9;7394;8302;+;142.4	10;8295;9413;+;159.8	11;9415;10443;+;85.0	12;10475;12292;+;314.8		pfam	pfam_only	A	7/7	canonical	1	1	unscoreable	1	0	0														not_admitted	not_admitted	not_admitted	not_admitted	not_admitted	not_admitted	not_admitted
NZ_CP110194.1	MPF_F	Col156;IncFIA;IncFIB(AP001918);IncFII(pRSB107)	175	0	0	GA	0															not_admitted	not_admitted	not_admitted	not_admitted	not_admitted	not_admitted	not_admitted	not_admitted	not_admitted	not_admitted	1	153;130000;130992;+;369.5	166;138751;140124;+;386.6	158;134098;134841;+;231.4	150;126364;128991;+;303.9	167;140121;142940;+;386.3	144;123028;124479;+;94.1	150;126364;128991;+;96.5	142;121747;122313;+;184.3	155;131336;131974;+;68.7	156;131971;133821;+;266.7	171;145198;147423;+;391.7	147;125333;125848;+;75.2	171;145198;147423;+;70.3	A	9/9	contiguous	23451	1	1	142965..143456+;163;TraS;0
NZ_CP110195.1	MPF_F	IncFII(K);repB(R1701)	120	0	0	GA	0															not_admitted	not_admitted	not_admitted	not_admitted	not_admitted	not_admitted	not_admitted	not_admitted	not_admitted	not_admitted	1	108;86314;87303;+;366.6		114;90840;91592;+;233.7	104;82232;84871;+;258.5	0;1;2850;+;346.4	97;77615;79039;+;89.2	104;82232;84871;+;88.2	95;76322;76888;+;169.3	109;87316;87954;+;66.9	110;88013;89968;+;259.7	4;5312;7624;+;393.1	98;79153;79737;+;53.6	4;5312;7624;+;66.6	B	8/9	split_2	90839	1	1	2853..3386+;177;unnamed;0
NZ_CP110196.1	MPF_F	IncFII	83	0	0	GA	0															not_admitted	not_admitted	not_admitted	not_admitted	not_admitted	not_admitted	not_admitted	not_admitted	not_admitted	not_admitted	1	12;9390;10382;+;369.5	24;16436;17809;+;381.7	17;13488;14231;+;234.4	9;5751;8381;+;297.8	25;17806;20631;+;374.0	2;1282;2709;+;93.9	9;5751;8381;+;98.7	0;1;567;+;174.3	14;10726;11364;+;68.5	15;11361;13211;+;266.9	29;22873;25044;+;391.8	5;3593;4108;+;78.4	29;22873;25044;+;70.4	A	9/9	contiguous	22872	1	1	20628..21137+;169;unnamed;0
NZ_CP110199.1	MPF_F	IncFII	88	0	0	GA	0															not_admitted	not_admitted	not_admitted	not_admitted	not_admitted	not_admitted	not_admitted	not_admitted	not_admitted	not_admitted	1	64;51929;52921;+;369.5	74;58700;60073;+;381.7	69;56027;56770;+;234.4	61;48290;50920;+;304.1	75;60070;62892;+;374.0	54;43840;45291;+;94.2	61;48290;50920;+;97.1	52;42559;43125;+;174.3	66;53265;53903;+;68.6	67;53900;55750;+;266.1	79;65164;67443;+;391.0	57;46151;46666;+;78.4	79;65164;67443;+;70.3	A	9/9	contiguous	22605	1	1	62914..63393+;159;TraS;0
NZ_CP110243.1	MPF_T	-	51	0	0	GA	1				17;14864;16882;+;25.4									23;21139;22689;+;458.6		none	none	D	2/7	uncallable	0	0	unscoreable	5	0	0														not_admitted	not_admitted	not_admitted	not_admitted	not_admitted	not_admitted	not_admitted
NZ_CP110259.1	MPF_F	IncFIB(AP001918);IncFII	153	0	0	GA	0															not_admitted	not_admitted	not_admitted	not_admitted	not_admitted	not_admitted	not_admitted	not_admitted	not_admitted	not_admitted	1	79;63393;64385;-;368.6	70;56958;58331;-;381.0	75;59921;60664;-;235.0	82;65394;68021;-;305.4	69;54136;56961;-;389.2	88;70076;71503;-;94.3	82;65394;68021;-;98.5	90;72218;72784;-;183.8	78;62746;63384;-;68.4	77;60941;62749;-;267.1	66;50443;52632;-;391.8	84;68537;69052;-;78.4	66;50443;52632;-;70.3	A	9/9	contiguous	21775	1	1	53630..54139-;169;unnamed;0
NZ_CP110261.1	MPF_F	IncFIB(AP001918);IncFII(pRSB107)	169	0	0	GA	0															not_admitted	not_admitted	not_admitted	not_admitted	not_admitted	not_admitted	not_admitted	not_admitted	not_admitted	not_admitted	1	111;97619;98611;-;369.3	100;90600;91973;-;380.9	107;94147;94890;-;235.5	114;99620;102247;-;305.4	99;88939;90603;-;387.4	119;104302;105729;-;94.2	114;99620;102247;-;98.5	121;106444;107010;-;183.8	110;96972;97610;-;68.4	109;95167;96975;-;268.0	95;84406;86274;-;392.4	115;102763;103278;-;78.0	95;84406;86274;-;70.7	A	9/9	contiguous	22038	1	1	87778..88848-;356;unnamed;0
NZ_CP110297.1	MPF_T	-	64	0	0	GA	1	56;46453;47043;+;64.4	3;2901;3215;+;82.0		5;3551;6121;+;38.4	5;3551;6121;+;110.6	6;6140;6913;+;58.2	7;7481;8959;+;84.9		8;8966;9676;+;124.6	9;9703;10695;+;167.8	10;10711;12063;+;213.7	2;1816;2820;+;113.7	58;50289;52340;+;343.3		conjscan	conjscan_only	A	7/7	canonical	1	0	unscoreable	3	0	0														not_admitted	not_admitted	not_admitted	not_admitted	not_admitted	not_admitted	not_admitted
NZ_CP110299.1	MPF_T	-	51	0	0	GA	1	1;1033;1818;-;42.1	49;45291;45602;-;62.8	48;44937;45278;-;83.9	47;42439;44931;-;196.8	47;42439;44931;-;92.5	45;41579;42289;-;225.0	43;40156;41253;-;134.8		42;39101;39856;-;195.3	41;38226;39104;-;188.1	40;37093;38226;-;195.7	39;36007;37053;-;89.6	38;33081;35804;-;335.9		pfam	both	A	7/7	canonical	1	0	unscoreable	2	0	0														not_admitted	not_admitted	not_admitted	not_admitted	not_admitted	not_admitted	not_admitted
NZ_CP110300.1	MPF_T	-	65	0	0	GA	1	10;12237;12827;-;64.4	63;56065;56379;-;82.0		61;53159;55729;-;38.4	61;53159;55729;-;110.6	60;52367;53140;-;58.2	59;50321;51799;-;84.9		58;49604;50314;-;124.6	57;48585;49577;-;167.8	56;47217;48569;-;213.7	64;56460;57038;-;103.0	8;6940;8991;-;343.3		conjscan	conjscan_only	A	7/7	canonical	1	0	unscoreable	3	0	0														not_admitted	not_admitted	not_admitted	not_admitted	not_admitted	not_admitted	not_admitted
NZ_CP110302.1	MPF_T	-	64	0	0	GA	1	4;2270;2860;+;64.4	15;15788;16102;+;82.0		17;16438;19008;+;38.4	17;16438;19008;+;110.6	18;19027;19800;+;58.2	19;20368;21846;+;84.9		20;21853;22563;+;124.6	21;22590;23582;+;167.8	22;23598;24950;+;213.7	14;14703;15707;+;113.7	6;6106;8157;+;343.3		conjscan	conjscan_only	A	7/7	canonical	1	0	unscoreable	10	0	0														not_admitted	not_admitted	not_admitted	not_admitted	not_admitted	not_admitted	not_admitted
NZ_CP110304.1	MPF_T	-	69	0	0	GA	1	43;32618;33208;+;64.4	53;44799;45113;+;82.0		55;45449;47461;+;39.2	55;45449;47461;+;110.8	59;49236;50009;+;58.2	60;50577;52055;+;84.9		61;52062;52772;+;124.6	62;52799;53791;+;167.8	63;53807;55159;+;213.7	52;43714;44718;+;113.7	45;36454;38505;+;343.3		conjscan	conjscan_only	A	7/7	canonical	1	0	unscoreable	12	0	0														not_admitted	not_admitted	not_admitted	not_admitted	not_admitted	not_admitted	not_admitted
NZ_CP110307.1	MPF_T	-	79	0	0	GA	1	40;37530;38120;-;64.4	30;25369;25683;-;82.0		28;23489;25033;-;40.4	28;23489;25033;-;111.1	25;21661;22326;-;59.8	23;19400;20881;-;91.2		22;18683;19393;-;123.2	21;17664;18656;-;167.8	20;16296;17648;-;213.7	31;25762;26715;-;112.9	38;32251;34302;-;344.7		conjscan	conjscan_only	A	7/7	canonical	1	0	unscoreable	12	0	0														not_admitted	not_admitted	not_admitted	not_admitted	not_admitted	not_admitted	not_admitted
NZ_CP110310.1	MPF_T	-	42	0	0	GA	1		8;7662;7847;+;42.3	9;7844;8143;+;50.8	10;8130;10799;+;63.2	10;8130;10799;+;81.9	11;10802;11461;+;73.0							22;24050;25624;-;73.7		pfam	both	D	2/7	uncallable	0	0	unscoreable	0	0	0														not_admitted	not_admitted	not_admitted	not_admitted	not_admitted	not_admitted	not_admitted
NZ_CP110312.1	MPF_T	-	73	0	0	GA	1	28;21472;22062;+;64.4	38;33910;34224;+;82.0		40;34560;36104;+;40.4	40;34560;36104;+;111.1	42;37148;37933;+;59.1	44;38713;40194;+;91.2		45;40201;40911;+;123.2	46;40938;41930;+;167.8	47;41946;43298;+;213.7	37;32877;33830;+;112.9	30;25290;27341;+;344.7		conjscan	conjscan_only	A	7/7	canonical	1	0	unscoreable	11	0	0														not_admitted	not_admitted	not_admitted	not_admitted	not_admitted	not_admitted	not_admitted
NZ_CP110314.1	MPF_T	-	69	0	0	GA	1	27;19115;19705;+;64.4	37;31295;31609;+;82.0		39;31945;33957;+;39.2	39;31945;33957;+;110.8	43;35732;36505;+;58.2	44;37073;38551;+;84.9		45;38558;39268;+;124.6	46;39295;40287;+;167.8	47;40303;41655;+;213.7	36;30211;31215;+;113.7	29;22951;25002;+;343.3		conjscan	conjscan_only	A	7/7	canonical	1	0	unscoreable	12	0	0														not_admitted	not_admitted	not_admitted	not_admitted	not_admitted	not_admitted	not_admitted
NZ_CP110316.1	MPF_T	-	68	0	0	GA	1	31;22824;23684;+;63.0	41;35002;35316;+;82.0		43;35652;38222;+;38.4	43;35652;38222;+;110.6	44;38241;39014;+;58.2	45;39582;41060;+;84.9		46;41067;41777;+;124.6	47;41804;42796;+;167.8	48;42812;44164;+;213.7	40;33918;34922;+;113.7	33;26659;28710;+;343.3		conjscan	conjscan_only	A	7/7	canonical	1	0	unscoreable	9	0	0														not_admitted	not_admitted	not_admitted	not_admitted	not_admitted	not_admitted	not_admitted
NZ_CP110355.1	MPF_F	IncHI2;IncHI2A	297	0	0	GA	0															not_admitted	not_admitted	not_admitted	not_admitted	not_admitted	not_admitted	not_admitted	not_admitted	not_admitted	not_admitted	1	40;43918;44976;+;276.9	236;224034;225449;-;194.3	237;225439;226485;-;173.7	11;8956;11637;+;168.0	235;220075;224025;-;101.6	7;5271;6626;+;80.7	11;8956;11637;+;72.4	4;2759;3547;+;74.8	38;42265;43776;+;62.4	43;47918;49249;+;40.8	243;233526;235610;+;56.7	10;7997;8947;+;46.1	243;233526;235610;+;38.8	A	9/9	split_3	230767	0	1	
NZ_CP110357.1	MPF_T	IncX3	59	0	0	GA	1	4;2808;3452;+;46.4	5;3436;3726;+;73.1	6;3751;6504;+;47.0	6;3751;6504;+;142.4	6;3751;6504;+;73.3	7;6514;7284;+;60.1	9;7563;8618;+;133.2		10;8813;9541;+;119.4	11;9547;10476;+;138.8	12;10473;11687;+;128.3	14;11883;12917;+;65.7	15;12920;14755;+;495.9		pfam	pfam_only	A	7/7	canonical	1	1	unscoreable	2	0	0														not_admitted	not_admitted	not_admitted	not_admitted	not_admitted	not_admitted	not_admitted
NZ_CP110358.1	MPF_T	-	55	0	0	GA	1	38;34511;35149;-;46.6	37;34237;34524;-;64.7	36;31459;34218;-;42.1	36;31459;34218;-;133.2	36;31459;34218;-;61.7	35;30701;31402;-;52.1	33;29346;30422;-;127.7		31;28479;29219;-;144.2	30;27554;28474;-;142.8	29;26046;27557;-;133.6	28;24983;26044;-;75.0	27;23014;24981;-;426.3		pfam	pfam_only	A	7/7	canonical	1	1	unscoreable	2	0	0														not_admitted	not_admitted	not_admitted	not_admitted	not_admitted	not_admitted	not_admitted
NZ_CP110370.1	MPF_F	IncFIB(K);IncFII(pKP91)	250	0	0	GA	0															not_admitted	not_admitted	not_admitted	not_admitted	not_admitted	not_admitted	not_admitted	not_admitted	not_admitted	not_admitted	1	184;172780;173769;-;363.3	173;165594;166961;-;383.5	177;168219;168971;-;233.7	188;175226;177865;-;259.0	172;162772;165594;-;346.5	199;181834;183258;-;88.0	188;175226;177865;-;88.7	201;183985;184551;-;167.9	182;171857;172504;-;65.1	181;169843;171798;-;259.7	168;157874;160156;-;393.3	196;180638;181222;-;53.8	168;157874;160156;-;65.8	A	9/9	contiguous	26111	1	1	162147..162749-;200;TraS;0
NZ_CP110419.1	-	-	37	0	0	GA	1	1;1474;2088;+;89.9	27;25741;26055;-;41.1	26;25473;25739;-;39.8	25;22957;25449;-;62.9	25;22957;25449;-;74.3				34;32284;32955;-;103.1	33;31151;32245;-;130.1	31;29931;30617;-;118.2	28;26197;27156;-;86.1	30;27501;29927;-;260.3		none	none	B	6/7	uncallable	0	0	unscoreable	2	0	0														not_admitted	not_admitted	not_admitted	not_admitted	not_admitted	not_admitted	not_admitted
NZ_CP110467.1	MPF_F	-	144	0	0	GA	0															not_admitted	not_admitted	not_admitted	not_admitted	not_admitted	not_admitted	not_admitted	not_admitted	not_admitted	not_admitted	1	83;56533;57576;+;369.2	88;61555;62982;+;325.8	86;60345;61157;+;219.1	79;52245;54971;+;164.6	89;62998;66000;+;208.7	75;49247;50563;+;102.7	79;52245;54971;+;108.4	73;47956;48534;+;82.5	84;57591;58298;+;107.6	85;58295;60352;+;92.2	53;33367;35526;+;381.3	78;51591;52235;+;41.9	53;33367;35526;+;89.8	A	9/9	contiguous	29631	1	1	66072..66590+;172;unnamed;0
NZ_CP110472.1	MPF_G	-	84	0	0	GA	0															not_admitted	not_admitted	not_admitted	not_admitted	not_admitted	not_admitted	not_admitted	not_admitted	not_admitted	not_admitted	1	69;61432;62406;-;198.8			75;65738;68596;-;293.9	66;58080;59588;-;252.9						3;2866;4965;-;38.6		3;2866;4965;-;48.1	D	3/9	split_2	62872	1	0	57178..57639-;153;unnamed;0
NZ_CP110515.1	MPF_F	IncFIB(pNDM-Mar);IncHI1B(pNDM-MAR)	388	0	0	GA	0															not_admitted	not_admitted	not_admitted	not_admitted	not_admitted	not_admitted	not_admitted	not_admitted	not_admitted	not_admitted	1	279;248622;249656;-;282.2	82;64416;65825;+;190.4	81;63389;64426;+;175.6	294;262237;264954;-;149.6	275;240133;244074;-;120.1	298;267067;268437;-;65.6	294;262237;264954;-;86.9	301;270083;270943;-;79.0	282;251417;252763;-;70.1	278;245430;248612;-;58.9	74;54064;56190;-;57.7	295;264999;265736;-;57.0	74;54064;56190;-;41.0	A	9/9	split_2	216019	1	1	239479..239685-;68;unnamed;0
NZ_CP110516.1	MPF_F	IncHI2;IncHI2A	247	0	0	GA	0															not_admitted	not_admitted	not_admitted	not_admitted	not_admitted	not_admitted	not_admitted	not_admitted	not_admitted	not_admitted	1	29;32425;33483;+;276.9	159;147679;149094;-;194.1	160;149084;150130;-;174.3	13;10172;12853;+;168.0	158;143717;147670;-;101.6	9;6487;7842;+;80.7	13;10172;12853;+;72.2	6;3975;4763;+;74.8	27;30772;32283;+;62.0	30;33502;36690;+;57.3	167;157172;159256;+;56.8	12;9213;10163;+;46.1	167;157172;159256;+;38.8	A	9/9	split_3	153197	1	1	142247..143536-;429;unnamed;0
NZ_CP110519.1	MPF_T	IncFII(pMET)	42	0	0	GA	1	5;3756;4466;+;47.5	6;4463;4768;+;73.1	7;4781;7519;+;49.1	7;4781;7519;+;151.4	7;4781;7519;+;32.2	8;7538;8248;+;141.1	10;8497;9573;+;170.4		12;9795;10478;+;195.6	13;10478;11383;+;155.4	14;11430;12698;+;147.2	15;12688;13713;+;66.1	19;15569;17305;+;46.4		pfam	pfam_only	A	7/7	canonical	1	1	unscoreable	5	0	0														not_admitted	not_admitted	not_admitted	not_admitted	not_admitted	not_admitted	not_admitted
NZ_CP110524.1	MPF_F	IncFIB(pNDM-Mar);IncHI1B(pNDM-MAR)	387	0	0	GA	0															not_admitted	not_admitted	not_admitted	not_admitted	not_admitted	not_admitted	not_admitted	not_admitted	not_admitted	not_admitted	1	278;248537;249571;-;282.2	82;64416;65825;+;190.4	81;63389;64426;+;175.6	293;262152;264869;-;149.6	274;240048;243989;-;120.1	297;266982;268352;-;65.6	293;262152;264869;-;86.9	300;269998;270858;-;79.0	281;251332;252678;-;70.1	277;245345;248527;-;58.9	74;54064;56190;-;57.7	294;264914;265651;-;57.0	74;54064;56190;-;41.0	A	9/9	split_2	215934	1	1	239394..239600-;68;unnamed;0
NZ_CP110525.1	MPF_F	IncHI2;IncHI2A;IncN	274	0	0	GA	0															not_admitted	not_admitted	not_admitted	not_admitted	not_admitted	not_admitted	not_admitted	not_admitted	not_admitted	not_admitted	1	29;32425;33483;+;276.9	187;179274;180689;-;194.1	188;180679;181725;-;174.3	13;10172;12853;+;168.0	186;175312;179265;-;101.6	9;6487;7842;+;80.7	13;10172;12853;+;72.2	6;3975;4763;+;74.8	27;30772;32283;+;62.0	30;33502;36690;+;57.3	195;188767;190851;+;56.8	12;9213;10163;+;46.1	195;188767;190851;+;38.8	A	9/9	split_3	184792	1	1	173842..175131-;429;unnamed;0
NZ_CP110528.1	MPF_T	IncFII(pMET)	45	0	0	GA	1	21;17722;18432;-;47.5	20;17420;17725;-;73.1	19;14669;17407;-;49.1	19;14669;17407;-;151.4	19;14669;17407;-;32.2	18;13940;14650;-;141.1	16;12615;13691;-;170.4		14;11710;12393;-;195.6	13;10805;11710;-;155.4	12;9490;10758;-;147.2	11;8475;9500;-;66.1	7;4883;6619;-;46.4		pfam	pfam_only	A	7/7	canonical	1	1	unscoreable	5	0	0														not_admitted	not_admitted	not_admitted	not_admitted	not_admitted	not_admitted	not_admitted
NZ_CP110658.1	MPF_F	IncHI2;IncHI2A	287	0	0	GA	0															not_admitted	not_admitted	not_admitted	not_admitted	not_admitted	not_admitted	not_admitted	not_admitted	not_admitted	not_admitted	1	27;31208;32266;+;276.9			11;8955;11636;+;168.0		7;5270;6625;+;80.7	11;8955;11636;+;72.2	4;2758;3546;+;74.8	25;29555;31066;+;62.0	28;32285;35473;+;57.3		10;7996;8946;+;46.1		C	6/9	split_2	29527	0	1	
NZ_CP110659.1	MPF_T	IncX3	58	0	0	GA	1	4;4319;4963;-;46.4	3;4045;4335;-;73.1	2;1267;4020;-;47.0	2;1267;4020;-;142.4	2;1267;4020;-;73.3	1;487;1257;-;60.1	57;45314;46129;-;95.2		56;44391;45119;-;119.4	55;43456;44385;-;138.8	54;42245;43459;-;128.3	52;41015;42049;-;65.7	51;39177;41012;-;495.9		pfam	pfam_only	A	7/7	rearranged	1	1	unscoreable	1	0	0														not_admitted	not_admitted	not_admitted	not_admitted	not_admitted	not_admitted	not_admitted
NZ_CP110662.1	MPF_F	IncFIB(pNDM-Mar);RepB	342	0	0	GA	0															not_admitted	not_admitted	not_admitted	not_admitted	not_admitted	not_admitted	not_admitted	not_admitted	not_admitted	not_admitted	1	273;253664;254701;-;282.3	82;61140;62549;+;190.4	81;60113;61150;+;175.6	285;265533;268250;-;149.6	83;62551;66519;+;121.3	289;270363;271733;-;66.4	285;265533;268250;-;85.2	292;273379;274239;-;79.0	274;254698;256059;-;69.9	270;249403;251805;-;60.6	74;50776;52902;-;57.8	286;268295;269032;-;56.9	74;50776;52902;-;41.0	A	9/9	split_2	222603	0	1	
NZ_CP110663.1	MPF_T	IncX3	58	0	0	GA	1	38;34460;35104;-;46.4	37;34186;34476;-;73.1	36;31408;34161;-;47.0	36;31408;34161;-;142.4	36;31408;34161;-;73.3	35;30628;31398;-;60.1	33;29294;30349;-;133.2		32;28371;29099;-;119.4	31;27436;28365;-;138.8	30;26225;27439;-;128.3	28;24995;26029;-;65.7	27;23157;24992;-;495.9		pfam	pfam_only	A	7/7	canonical	1	1	unscoreable	2	0	0														not_admitted	not_admitted	not_admitted	not_admitted	not_admitted	not_admitted	not_admitted
NZ_CP110672.1	-	-	66	0	0	GA	0															not_admitted	not_admitted	not_admitted	not_admitted	not_admitted	not_admitted	not_admitted	not_admitted	not_admitted	not_admitted	1	6;8306;9313;-;341.0	2;3310;4752;-;266.7	3;4749;5618;-;198.9	10;10865;13474;-;266.8	1;499;3306;-;272.6	12;13839;15119;-;104.2	10;10865;13474;-;122.7	14;15894;16565;-;131.9	5;7584;8321;-;80.2	4;5618;7579;-;228.7		11;13456;13842;-;35.6	21;20433;22928;+;26.3	A	9/9	contiguous	19934	1	1	116..499-;127;unnamed;0
NZ_CP110776.1	MPF_F	IncA	179	0	0	GA	0															not_admitted	not_admitted	not_admitted	not_admitted	not_admitted	not_admitted	not_admitted	not_admitted	not_admitted	not_admitted	1	67;53639;54643;+;330.1	168;140470;141903;+;336.4	167;139440;140468;+;223.9	62;48434;50881;+;352.8	169;141916;145521;+;377.7	57;39607;40923;+;136.3	62;48434;50881;+;130.4	55;38083;38709;+;93.9	65;51703;52971;+;69.6	68;54794;57532;+;138.7	46;32428;34293;+;46.9	58;40920;41498;+;98.1	46;32428;34293;+;51.6	A	9/9	split_2	109488	0	1	
NZ_CP110777.1	MPF_F	IncFIB(pB171);IncFII(S)	118	0	0	GA	0															not_admitted	not_admitted	not_admitted	not_admitted	not_admitted	not_admitted	not_admitted	not_admitted	not_admitted	not_admitted	1	27;26850;27845;+;357.0	33;32098;33459;+;336.1	31;30682;31461;+;196.3	61;63821;66412;-;218.1	34;33461;36358;+;290.9	64;67834;69195;-;80.7	61;63821;66412;-;87.3	66;69912;70475;-;143.8	29;28221;28835;+;79.9	30;28832;30685;+;253.1	37;37937;40228;+;375.8	62;66423;67022;-;50.4	37;37937;40228;+;65.0	A	9/9	split_2	43062	1	1	36370..36930+;186;unnamed;0
NZ_CP110779.1	MPF_T	IncN3	93	0	0	GA	1	38;29510;30292;-;33.2	36;28967;29263;-;36.0	35;28610;28927;-;71.4	34;26036;28609;-;117.0	34;26036;28609;-;76.5	33;25310;26020;-;107.4	31;24004;25041;-;121.1	30;23796;23927;-;40.1	29;23090;23785;-;127.9	28;22192;23079;-;142.9	27;21059;22192;-;171.5	26;20007;21008;-;90.0	20;12783;14315;+;53.5		pfam	both	A	7/7	canonical	1	0	ga	7	0	0														not_admitted	not_admitted	not_admitted	not_admitted	not_admitted	not_admitted	not_admitted
NZ_CP110780.1	MPF_T	ColKP3;IncX3	64	0	0	GA	1	22;14297;14941;+;46.4	23;14925;15215;+;73.1	24;15240;17993;+;47.0	24;15240;17993;+;142.4	24;15240;17993;+;73.3	25;18003;18773;+;60.1	27;19052;20107;+;132.8		28;20302;21030;+;119.4	29;21036;21965;+;138.8	30;21962;23176;+;128.3	32;23372;24406;+;65.7	33;24409;26244;+;495.9		pfam	pfam_only	A	7/7	canonical	1	1	unscoreable	2	0	0														not_admitted	not_admitted	not_admitted	not_admitted	not_admitted	not_admitted	not_admitted
NZ_CP110810.1	MPF_T	-	65	0	0	GA	1	37;34159;34857;+;38.1		39;35205;35480;+;25.3	40;35541;38093;+;74.1		41;38090;38776;+;56.8	43;39173;40105;+;135.1		44;40525;41313;+;101.8	45;41303;42112;+;143.6	46;42099;43448;+;127.3	47;43458;44513;+;44.3	54;49399;51072;+;243.2		pfam	pfam_only	A	7/7	canonical	1	0	unscoreable	8	0	0														not_admitted	not_admitted	not_admitted	not_admitted	not_admitted	not_admitted	not_admitted
NZ_CP110811.1	MPF_T	-	62	0	0	GA	1	32;25330;26028;+;38.1		34;26376;26651;+;25.3	35;26712;29264;+;74.1		36;29261;29947;+;56.8	38;30344;31276;+;135.1		39;31696;32484;+;101.8	40;32474;33283;+;143.6	41;33270;34619;+;127.3	42;34629;35684;+;44.3	48;40425;42098;+;243.3		pfam	pfam_only	A	7/7	canonical	1	0	unscoreable	7	0	0														not_admitted	not_admitted	not_admitted	not_admitted	not_admitted	not_admitted	not_admitted
NZ_CP110815.1	MPF_F	IncFII(pHN7A8);IncN;IncR;IncX1	180	0	0	GA	0															not_admitted	not_admitted	not_admitted	not_admitted	not_admitted	not_admitted	not_admitted	not_admitted	not_admitted	not_admitted	1	154;137209;138201;+;364.0	167;145034;146407;+;376.8	162;142725;143468;+;234.4	151;133573;136200;+;301.8	168;146404;149220;+;376.7	146;130091;131518;+;94.1	151;133573;136200;+;101.8	144;128810;129376;+;183.8	157;139147;139785;+;70.4	160;140598;142448;+;265.0	172;151521;153764;+;391.7	150;132542;133057;+;78.0	172;151521;153764;+;70.3	A	9/9	contiguous	22711	1	1	149253..149774+;173;unnamed;0
NZ_CP110817.1	MPF_F	IncFII(pHN7A8);IncN;IncR;IncX1	179	0	0	GA	0															not_admitted	not_admitted	not_admitted	not_admitted	not_admitted	not_admitted	not_admitted	not_admitted	not_admitted	not_admitted	1	153;136374;137366;+;364.0	166;144199;145572;+;376.8	161;141890;142633;+;234.4	150;132738;135365;+;301.8	167;145569;148385;+;376.7	145;129256;130683;+;94.1	150;132738;135365;+;101.8	143;127975;128541;+;183.8	156;138312;138950;+;70.4	159;139763;141613;+;265.0	171;150686;152929;+;391.7	149;131707;132222;+;78.0	171;150686;152929;+;70.3	A	9/9	contiguous	22711	1	1	148418..148939+;173;unnamed;0
NZ_CP110833.1	MPF_T	-	554	0	0	GA	1		307;333205;333504;+;87.5	308;333507;333848;+;106.1	309;333841;336222;+;172.6	309;333841;336222;+;108.0	310;336222;336920;+;209.1	312;337155;338090;+;163.1		314;338396;339067;+;220.9	315;339064;339918;+;184.0	316;339933;341105;+;184.4	317;341114;342124;+;97.8	244;260556;262475;-;319.9		pfam	both	A	7/7	canonical	1	0	unscoreable	2	0	0														not_admitted	not_admitted	not_admitted	not_admitted	not_admitted	not_admitted	not_admitted
NZ_CP110834.1	-	-	72	0	0	GA	1	22;22250;23359;+;92.1	19;19180;19521;+;77.3	20;19526;19825;+;80.1	21;19822;22260;+;115.9	21;19822;22260;+;90.2	23;23372;24082;+;42.3	15;16231;17247;-;139.0		14;15501;16205;-;168.2	13;14692;15501;-;190.9	12;13448;14695;-;211.2	11;12442;13467;-;135.3	10;10373;12445;-;290.0		pfam	pfam_only	A	7/7	uncallable	0	0	unscoreable	2	0	0														not_admitted	not_admitted	not_admitted	not_admitted	not_admitted	not_admitted	not_admitted
NZ_CP110835.1	MPF_T	-	166	0	0	GA	1	96;97552;98289;+;75.2	163;176366;176767;-;73.1	98;98654;98980;+;73.6	99;98980;101349;+;239.2	161;173595;176063;-;125.4	160;172820;173623;-;45.0	158;171415;172611;-;108.6		103;103206;103919;+;176.9	156;169866;170732;-;191.0	154;168061;169377;-;226.5	164;176757;177728;-;133.5	57;54688;56637;-;545.1		conjscan	conjscan_only	A	7/7	uncallable	0	0	unscoreable	11	0	0														not_admitted	not_admitted	not_admitted	not_admitted	not_admitted	not_admitted	not_admitted
NZ_CP110861.1	MPF_T	IncX4	74	0	0	GA	1	56;46065;46685;-;41.6	55;45725;46051;-;61.9	54;42959;45706;-;62.7	54;42959;45706;-;153.2	54;42959;45706;-;45.6	53;42231;42947;-;93.5	52;41125;42219;-;150.1		50;39924;40610;-;169.0	49;39019;39927;-;143.2	48;37917;39026;-;165.0	47;36887;37915;-;85.0	46;35038;36855;-;312.1		pfam	pfam_only	A	7/7	canonical	1	1	unscoreable	1	0	0														not_admitted	not_admitted	not_admitted	not_admitted	not_admitted	not_admitted	not_admitted
NZ_CP110874.1	MPF_F	IncFII(Yp);IncFII(pAR0022)	109	0	0	GA	0															not_admitted	not_admitted	not_admitted	not_admitted	not_admitted	not_admitted	not_admitted	not_admitted	not_admitted	not_admitted	1	89;75467;76453;+;370.0	96;80776;82149;+;375.9	93;79227;79976;+;219.0	86;71843;74473;+;285.5	97;82149;84968;+;334.9	80;68529;69923;+;90.9	86;71843;74473;+;98.6	78;67246;67812;+;170.1	90;76470;77099;+;65.8	91;77096;78976;+;259.1	102;87591;89795;+;384.8	81;69945;70484;+;67.3	102;87591;89795;+;63.9	A	9/9	contiguous	20345	1	1	84993..85466+;157;TraS;0
NZ_CP110877.1	MPF_T	IncP1	70	0	0	GA	1		9;6644;7027;+;68.7	10;7030;7356;+;50.6	11;7353;9896;+;98.7	11;7353;9896;+;108.3	16;13372;14142;+;104.8	17;14282;15886;+;120.3		12;9893;10600;+;91.0	13;10616;11506;+;152.5	15;11965;13359;+;220.3	8;5574;6530;+;135.2	46;33814;35760;-;441.2		conjscan	conjscan_only	A	7/7	canonical	1	0	unscoreable	2	0	0														not_admitted	not_admitted	not_admitted	not_admitted	not_admitted	not_admitted	not_admitted
NZ_CP110878.1	MPF_F	IncFII(SARC14);IncFII(Yp)	83	0	0	GA	0															not_admitted	not_admitted	not_admitted	not_admitted	not_admitted	not_admitted	not_admitted	not_admitted	not_admitted	not_admitted	1	62;48285;49286;+;355.1	67;53156;54517;+;334.4	65;51740;52519;+;197.0	59;44632;47223;+;219.6	68;54519;57416;+;294.5	54;41627;42988;+;83.7	59;44632;47223;+;88.7	52;40347;40910;+;145.9	63;49297;49917;+;80.0	64;49914;51743;+;256.9	71;59056;60654;+;334.1	58;44008;44622;+;49.4	71;59056;60654;+;63.2	A	9/9	contiguous	18709	1	1	57428..57988+;186;unnamed;0
NZ_CP110879.1	MPF_F	IncHI2;IncHI2A	333	0	0	GA	0															not_admitted	not_admitted	not_admitted	not_admitted	not_admitted	not_admitted	not_admitted	not_admitted	not_admitted	not_admitted	1	318;271595;272647;-;276.3	179;143210;144385;+;171.4	178;142666;143220;+;77.1	56;49417;51510;-;168.9	181;144633;148583;+;101.6	61;53839;55194;-;80.7	55;48830;49417;-;36.0		321;273214;274005;-;55.9	299;251416;253245;-;58.9	169;133053;135137;-;56.7	57;51519;52469;-;46.4	169;133053;135137;-;38.8	B	8/9	split_4	224384	0	1	
NZ_CP110890.1	MPF_T	IncN3	46	0	0	GA	1	36;28757;29539;-;33.3	34;28214;28510;-;36.0	33;27857;28174;-;71.9	32;25283;27856;-;118.0	32;25283;27856;-;74.2	31;24566;25267;-;98.9	29;23260;24297;-;121.9	28;23052;23183;-;40.1	27;22346;23041;-;132.6	26;21448;22335;-;147.8	25;20315;21448;-;166.3	24;19263;20264;-;90.1	18;12039;13571;+;52.0		pfam	both	A	7/7	canonical	1	0	ga	7	0	0														not_admitted	not_admitted	not_admitted	not_admitted	not_admitted	not_admitted	not_admitted
NZ_CP110891.1	-	pKPC-CAV1321	287	0	0	GA	0															not_admitted	not_admitted	not_admitted	not_admitted	not_admitted	not_admitted	not_admitted	not_admitted	not_admitted	not_admitted	1	170;138489;139556;+;276.8	191;156536;157978;+;260.7	190;155439;156539;+;198.4	166;133895;136381;+;223.8	192;157993;161511;+;240.0	162;129270;130667;+;109.8	166;133895;136381;+;120.8	160;127361;127987;+;87.1	169;137179;138492;+;41.0	194;161947;164604;+;136.9	154;122837;124813;+;22.7	163;130664;131230;+;71.6	154;122837;124813;+;33.5	A	9/9	contiguous	39110	0	1	
NZ_CP110892.1	MPF_F	IncC;IncFII(Cf)	243	0	0	GA	0															not_admitted	not_admitted	not_admitted	not_admitted	not_admitted	not_admitted	not_admitted	not_admitted	not_admitted	not_admitted	1	110;74056;75051;+;354.8	232;199988;201421;+;339.2	231;198958;199986;+;221.7	107;70372;72963;+;215.4	233;201434;205048;+;375.3	101;66973;68334;+;82.0	107;70372;72963;+;86.8	99;65693;66256;+;135.1	111;75070;75684;+;81.2	112;75681;77510;+;251.6	119;84833;86899;+;362.5	106;69720;70361;+;41.7	119;84833;86899;+;65.3	A	9/9	split_2	135741	0	1	
NZ_CP110893.1	MPF_T	IncFII(pCRY)	31	0	0	GA	1	25;19828;20538;-;47.5	24;19526;19831;-;73.1	23;16775;19513;-;49.1	23;16775;19513;-;151.1	23;16775;19513;-;32.2	22;16046;16756;-;141.2	20;14721;15794;-;160.6		18;13816;14499;-;195.9	17;12911;13816;-;154.9	16;11617;12867;-;147.1	15;10602;11627;-;66.1	11;7011;8747;-;45.3		pfam	pfam_only	A	7/7	canonical	1	1	unscoreable	5	0	0														not_admitted	not_admitted	not_admitted	not_admitted	not_admitted	not_admitted	not_admitted
NZ_CP110896.1	MPF_T	IncX5	124	0	0	GA	1	101;86049;86687;+;46.0	29;22755;23045;+;69.0	30;23067;25826;+;42.6	103;86980;89739;+;133.2	30;23067;25826;+;70.5	31;25834;26583;+;54.3	33;26862;27917;+;135.2		108;91979;92719;+;144.2	109;92724;93644;+;142.8	110;93641;95152;+;138.3	111;95154;96215;+;75.0	38;32085;33920;+;504.8		pfam	pfam_only	A	7/7	rearranged	1	0	unscoreable	3	0	0														not_admitted	not_admitted	not_admitted	not_admitted	not_admitted	not_admitted	not_admitted
NZ_CP110903.1	MPF_T	IncN3	46	0	0	GA	1	36;28780;29562;-;33.3	34;28237;28533;-;36.0	33;27880;28197;-;71.9	32;25306;27879;-;118.0	32;25306;27879;-;74.2	31;24589;25290;-;98.9	29;23283;24320;-;121.9	28;23075;23206;-;40.1	27;22369;23064;-;132.6	26;21471;22358;-;147.8	25;20338;21471;-;166.3	24;19286;20287;-;90.1	18;12062;13594;+;52.0		pfam	both	A	7/7	canonical	1	0	ga	7	0	0														not_admitted	not_admitted	not_admitted	not_admitted	not_admitted	not_admitted	not_admitted
NZ_CP110904.1	MPF_F	IncHI1A(NDM-CIT);IncHI1B(pNDM-CIT)	333	0	0	GA	0															not_admitted	not_admitted	not_admitted	not_admitted	not_admitted	not_admitted	not_admitted	not_admitted	not_admitted	not_admitted	1	28;30424;31479;+;278.1	224;203985;205400;-;201.9	225;205390;206436;-;168.3	11;9302;11983;+;156.8	223;199987;203976;-;103.1	7;5602;6960;+;80.3	11;9302;11983;+;73.5	4;3144;3929;+;69.5	26;28771;30279;+;62.3	29;31498;34674;+;57.9	231;213374;215458;+;48.5	10;8343;9293;+;45.4	231;213374;215458;+;36.5	A	9/9	split_2	210230	0	1	
NZ_CP110906.1	MPF_T	IncFII(pCRY)	31	0	0	GA	1	25;19828;20538;-;47.5	24;19526;19831;-;73.1	23;16775;19513;-;49.1	23;16775;19513;-;151.1	23;16775;19513;-;32.2	22;16046;16756;-;141.2	20;14721;15794;-;160.6		18;13816;14499;-;195.9	17;12911;13816;-;154.9	16;11617;12867;-;147.1	15;10602;11627;-;66.1	11;7011;8747;-;45.3		pfam	pfam_only	A	7/7	canonical	1	1	unscoreable	5	0	0														not_admitted	not_admitted	not_admitted	not_admitted	not_admitted	not_admitted	not_admitted
NZ_CP110907.1	MPF_T	IncN3	46	0	0	GA	1	36;28757;29539;-;33.3	34;28214;28510;-;36.0	33;27857;28174;-;71.9	32;25283;27856;-;118.0	32;25283;27856;-;74.2	31;24566;25267;-;98.9	29;23260;24297;-;121.9	28;23052;23183;-;40.1	27;22346;23041;-;132.6	26;21448;22335;-;147.8	25;20315;21448;-;166.3	24;19263;20264;-;90.1	18;12039;13571;+;52.0		pfam	both	A	7/7	canonical	1	0	ga	7	0	0														not_admitted	not_admitted	not_admitted	not_admitted	not_admitted	not_admitted	not_admitted
NZ_CP110908.1	MPF_F	IncFII(Cf)	149	0	0	GA	0															not_admitted	not_admitted	not_admitted	not_admitted	not_admitted	not_admitted	not_admitted	not_admitted	not_admitted	not_admitted	1	32;39802;40797;-;354.8	27;34573;35934;-;336.4	29;36570;37346;-;195.0	35;41890;44481;-;215.4	26;31677;34571;-;287.9	41;46519;47880;-;82.0	35;41890;44481;-;86.8	43;48597;49160;-;135.1	31;39169;39783;-;81.2	30;37343;39172;-;251.6	23;27954;30020;-;362.5	36;44492;45133;-;41.7	23;27954;30020;-;65.3	A	9/9	contiguous	20643	1	1	31092..31667-;191;unnamed;0
NZ_CP110909.1	MPF_T	IncFII(pCRY)	31	0	0	GA	1	25;19828;20538;-;47.5	24;19526;19831;-;73.1	23;16775;19513;-;49.1	23;16775;19513;-;151.1	23;16775;19513;-;32.2	22;16046;16756;-;141.2	20;14721;15794;-;160.6		18;13816;14499;-;195.9	17;12911;13816;-;154.9	16;11617;12867;-;147.1	15;10602;11627;-;66.1	11;7011;8747;-;45.3		pfam	pfam_only	A	7/7	canonical	1	1	unscoreable	5	0	0														not_admitted	not_admitted	not_admitted	not_admitted	not_admitted	not_admitted	not_admitted
NZ_CP110911.1	-	pKPC-CAV1321	287	0	0	GA	0															not_admitted	not_admitted	not_admitted	not_admitted	not_admitted	not_admitted	not_admitted	not_admitted	not_admitted	not_admitted	1	170;138489;139556;+;276.8	191;156536;157978;+;260.7	190;155439;156539;+;198.4	166;133895;136381;+;223.8	192;157993;161511;+;240.0	162;129270;130667;+;109.8	166;133895;136381;+;120.8	160;127361;127987;+;87.1	169;137179;138492;+;41.0	194;161947;164604;+;136.9	154;122837;124813;+;22.7	163;130664;131230;+;71.6	154;122837;124813;+;33.5	A	9/9	contiguous	39110	0	1	
NZ_CP110915.1	MPF_T	-	55	0	0	GA	1	38;32907;33545;-;46.0	37;32633;32920;-;64.7	36;29855;32614;-;42.1	36;29855;32614;-;133.2	36;29855;32614;-;61.7	35;29097;29798;-;52.1	33;27742;28818;-;127.7		31;26875;27615;-;144.2	30;25950;26870;-;142.8	29;24442;25953;-;138.3	28;23379;24440;-;75.0	27;21410;23377;-;426.3		pfam	pfam_only	A	7/7	canonical	1	1	unscoreable	2	0	0														not_admitted	not_admitted	not_admitted	not_admitted	not_admitted	not_admitted	not_admitted
NZ_CP110937.1	MPF_F	IncFIB(pKPHS1);IncFIB(pQil);IncFII(K)	255	0	0	GA	0															not_admitted	not_admitted	not_admitted	not_admitted	not_admitted	not_admitted	not_admitted	not_admitted	not_admitted	not_admitted	1	203;199885;200877;-;366.6	193;193064;194434;-;381.2	197;195636;196388;-;232.4	206;201903;204542;-;258.7	192;190215;193064;-;344.2	215;208357;209781;-;89.2	206;201903;204542;-;88.8	217;210508;211098;-;164.5	202;199234;199872;-;67.0	201;197231;199237;-;259.0	188;186092;188401;-;393.2	213;207176;207745;-;49.7	188;186092;188401;-;65.8	A	9/9	contiguous	24416	1	1	189682..190212-;176;unnamed;0
NZ_CP110938.1	MPF_F	IncFIB(K);IncFII(K)	216	0	0	GA	0															not_admitted	not_admitted	not_admitted	not_admitted	not_admitted	not_admitted	not_admitted	not_admitted	not_admitted	not_admitted	1	164;164755;165744;-;366.0	154;157841;159208;-;380.7	158;160466;161218;-;233.7	168;167187;169826;-;258.5	153;154992;157841;-;345.6	176;173083;174507;-;88.8	168;167187;169826;-;88.7	178;175234;175800;-;169.3	163;164104;164742;-;67.0	162;162090;164045;-;259.7	149;150194;152506;-;392.7	175;172385;172969;-;55.4	149;150194;152506;-;66.5	A	9/9	contiguous	25040	1	1	154431..154979-;182;unnamed;0
NZ_CP110939.1	MPF_T	IncX3	56	0	0	GA	1	12;7789;8433;+;46.4	13;8417;8707;+;73.1	14;8732;11485;+;47.0	14;8732;11485;+;145.4	14;8732;11485;+;73.3	15;11495;12265;+;60.1	17;12544;13599;+;133.2		18;13794;14522;+;119.4	19;14528;15457;+;138.8	20;15454;16668;+;128.3	22;16864;17898;+;65.7	23;17901;19736;+;495.9		pfam	pfam_only	A	7/7	canonical	1	1	unscoreable	2	0	0														not_admitted	not_admitted	not_admitted	not_admitted	not_admitted	not_admitted	not_admitted
NZ_CP110942.1	MPF_F	IncFIB(K);IncFII(K)	215	0	0	GA	0															not_admitted	not_admitted	not_admitted	not_admitted	not_admitted	not_admitted	not_admitted	not_admitted	not_admitted	not_admitted	1	163;164759;165748;-;366.0	153;157845;159212;-;380.7	157;160470;161222;-;233.7	167;167191;169830;-;258.5	152;154996;157845;-;345.6	175;173087;174511;-;88.8	167;167191;169830;-;88.7	177;175238;175804;-;169.3	162;164108;164746;-;67.0	161;162094;164049;-;259.7	148;150198;152510;-;392.7	174;172389;172973;-;55.4	148;150198;152510;-;66.5	A	9/9	contiguous	25040	1	1	154435..154983-;182;unnamed;0
NZ_CP110943.1	MPF_F	IncFIB(pQil);IncFII(K)	135	0	0	GA	0															not_admitted	not_admitted	not_admitted	not_admitted	not_admitted	not_admitted	not_admitted	not_admitted	not_admitted	not_admitted	1	83;82646;83638;-;366.6	73;75825;77195;-;381.2	77;78397;79149;-;232.4	86;84664;87303;-;258.7	72;72976;75825;-;344.2	95;91118;92542;-;89.2	86;84664;87303;-;88.8	97;93269;93859;-;164.5	82;81995;82633;-;67.0	81;79992;81998;-;259.0	68;68853;71162;-;393.2	93;89937;90506;-;49.7	68;68853;71162;-;65.8	A	9/9	contiguous	24416	1	1	72443..72973-;176;unnamed;0
NZ_CP110945.1	MPF_T	IncX3	55	0	0	GA	1	21;12973;13617;+;46.4	22;13601;13891;+;73.1	23;13916;16669;+;47.0	23;13916;16669;+;145.4	23;13916;16669;+;73.3	24;16679;17449;+;60.1	26;17728;18783;+;133.2		27;18978;19706;+;119.4	28;19712;20641;+;138.8	29;20638;21852;+;128.3	31;22048;23082;+;65.7	32;23085;24920;+;495.9		pfam	pfam_only	A	7/7	canonical	1	1	unscoreable	2	0	0														not_admitted	not_admitted	not_admitted	not_admitted	not_admitted	not_admitted	not_admitted
NZ_CP110948.1	MPF_F	IncFIB(K);IncFII(K)	210	0	0	GA	0															not_admitted	not_admitted	not_admitted	not_admitted	not_admitted	not_admitted	not_admitted	not_admitted	not_admitted	not_admitted	1	161;164488;165480;-;366.6	151;157667;159037;-;381.2	155;160239;160991;-;232.4	164;166506;169145;-;258.7	150;154818;157667;-;344.2	173;172960;174384;-;89.2	164;166506;169145;-;88.8	175;175111;175701;-;164.5	160;163837;164475;-;67.0	159;161834;163840;-;259.0	146;150695;153004;-;393.2	171;171779;172348;-;49.7	146;150695;153004;-;65.8	A	9/9	contiguous	24416	1	1	154285..154815-;176;unnamed;0
NZ_CP110949.1	MPF_F	IncFIB(pQil);IncFII(K)	151	0	0	GA	0															not_admitted	not_admitted	not_admitted	not_admitted	not_admitted	not_admitted	not_admitted	not_admitted	not_admitted	not_admitted	1	7;5227;6216;+;366.0	17;11763;13130;+;380.7	13;9753;10505;+;235.3	1;1142;1747;+;88.0	18;13130;15979;+;345.6	143;129542;130966;+;89.2	3;2183;3784;+;90.6	141;128426;128815;+;126.6	8;6229;6867;+;67.0	9;6926;8881;+;259.7	22;18465;20777;+;392.7	145;131578;132147;+;49.7	22;18465;20777;+;66.5	A	9/9	split_2	130436	1	1	15992..16540+;182;unnamed;0
NZ_CP110950.1	MPF_T	IncX3	55	0	0	GA	1	25;21198;21842;-;46.4	24;20924;21214;-;73.1	23;18146;20899;-;47.0	23;18146;20899;-;145.4	23;18146;20899;-;73.3	22;17366;18136;-;60.1	20;16032;17087;-;133.2		19;15109;15837;-;119.4	18;14174;15103;-;138.8	17;12963;14177;-;128.3	15;11733;12767;-;65.7	14;9895;11730;-;495.9		pfam	pfam_only	A	7/7	canonical	1	1	unscoreable	2	0	0														not_admitted	not_admitted	not_admitted	not_admitted	not_admitted	not_admitted	not_admitted
NZ_CP110953.1	MPF_F	IncFIB(pQil);IncFII(K)	150	0	0	GA	0															not_admitted	not_admitted	not_admitted	not_admitted	not_admitted	not_admitted	not_admitted	not_admitted	not_admitted	not_admitted	1	96;96115;97104;-;366.0	86;89201;90568;-;380.7	90;91826;92578;-;233.7	100;98547;101186;-;258.5	85;86352;89201;-;345.6	108;104443;105867;-;88.8	100;98547;101186;-;88.7	110;106594;107160;-;169.3	95;95464;96102;-;67.0	94;93450;95405;-;259.7	81;81554;83866;-;392.7	107;103745;104329;-;55.4	81;81554;83866;-;66.5	A	9/9	contiguous	25040	1	1	85791..86339-;182;unnamed;0
NZ_CP110955.1	MPF_T	IncX3	55	0	0	GA	1	25;21198;21842;-;46.4	24;20924;21214;-;73.1	23;18146;20899;-;47.0	23;18146;20899;-;145.4	23;18146;20899;-;73.3	22;17366;18136;-;60.1	20;16032;17087;-;133.2		19;15109;15837;-;119.4	18;14174;15103;-;138.8	17;12963;14177;-;128.3	15;11733;12767;-;65.7	14;9895;11730;-;495.9		pfam	pfam_only	A	7/7	canonical	1	1	unscoreable	2	0	0														not_admitted	not_admitted	not_admitted	not_admitted	not_admitted	not_admitted	not_admitted
NZ_CP110958.1	MPF_F	IncFIB(K);IncFII(K)	210	0	0	GA	0															not_admitted	not_admitted	not_admitted	not_admitted	not_admitted	not_admitted	not_admitted	not_admitted	not_admitted	not_admitted	1	161;164488;165480;-;366.6	151;157667;159037;-;381.2	155;160239;160991;-;232.4	164;166506;169145;-;258.7	150;154818;157667;-;344.2	173;172960;174384;-;89.2	164;166506;169145;-;88.8	175;175111;175701;-;164.5	160;163837;164475;-;67.0	159;161834;163840;-;259.0	146;150695;153004;-;393.2	171;171779;172348;-;49.7	146;150695;153004;-;65.8	A	9/9	contiguous	24416	1	1	154285..154815-;176;unnamed;0
NZ_CP110959.1	MPF_F	IncFIB(pQil);IncFII(K)	150	0	0	GA	0															not_admitted	not_admitted	not_admitted	not_admitted	not_admitted	not_admitted	not_admitted	not_admitted	not_admitted	not_admitted	1	96;96115;97104;-;366.0	86;89201;90568;-;380.7	90;91826;92578;-;233.7	100;98547;101186;-;258.5	85;86352;89201;-;345.6	108;104443;105867;-;88.8	100;98547;101186;-;88.7	110;106594;107160;-;169.3	95;95464;96102;-;67.0	94;93450;95405;-;259.7	81;81554;83866;-;392.7	107;103745;104329;-;55.4	81;81554;83866;-;66.5	A	9/9	contiguous	25040	1	1	85791..86339-;182;unnamed;0
NZ_CP110960.1	MPF_T	IncX3	55	0	0	GA	1	25;21198;21842;-;46.4	24;20924;21214;-;73.1	23;18146;20899;-;47.0	23;18146;20899;-;145.4	23;18146;20899;-;73.3	22;17366;18136;-;60.1	20;16032;17087;-;133.2		19;15109;15837;-;119.4	18;14174;15103;-;138.8	17;12963;14177;-;128.3	15;11733;12767;-;65.7	14;9895;11730;-;495.9		pfam	pfam_only	A	7/7	canonical	1	1	unscoreable	2	0	0														not_admitted	not_admitted	not_admitted	not_admitted	not_admitted	not_admitted	not_admitted
NZ_CP110963.1	MPF_F	IncFIB(K);IncFII(K)	210	0	0	GA	0															not_admitted	not_admitted	not_admitted	not_admitted	not_admitted	not_admitted	not_admitted	not_admitted	not_admitted	not_admitted	1	161;164488;165480;-;366.6	151;157667;159037;-;381.2	155;160239;160991;-;232.4	164;166506;169145;-;258.7	150;154818;157667;-;344.2	173;172960;174384;-;89.2	164;166506;169145;-;88.8	175;175111;175701;-;164.5	160;163837;164475;-;67.0	159;161834;163840;-;259.0	146;150695;153004;-;393.2	171;171779;172348;-;49.7	146;150695;153004;-;65.8	A	9/9	contiguous	24416	1	1	154285..154815-;176;unnamed;0
NZ_CP110964.1	MPF_F	IncFIB(pQil);IncFII(K)	145	0	0	GA	0															not_admitted	not_admitted	not_admitted	not_admitted	not_admitted	not_admitted	not_admitted	not_admitted	not_admitted	not_admitted	1	98;98893;99882;-;366.0	87;91977;93344;-;380.7	92;94603;95202;-;218.1	102;101325;103964;-;258.5	86;89128;91977;-;345.6	110;107337;108761;-;88.8	102;101325;103964;-;88.7	112;109488;110054;-;169.3	97;98242;98880;-;67.0	96;96228;98183;-;259.7	82;84330;86642;-;392.7	109;106621;107205;-;55.4	82;84330;86642;-;66.5	A	9/9	contiguous	25158	1	1	88567..89115-;182;unnamed;0
NZ_CP110965.1	MPF_T	IncX3	55	0	0	GA	1	25;21198;21842;-;46.4	24;20924;21214;-;73.1	23;18146;20899;-;47.0	23;18146;20899;-;145.4	23;18146;20899;-;73.3	22;17366;18136;-;60.1	20;16032;17087;-;133.2		19;15109;15837;-;119.4	18;14174;15103;-;138.8	17;12963;14177;-;128.3	15;11733;12767;-;65.7	14;9895;11730;-;495.9		pfam	pfam_only	A	7/7	canonical	1	1	unscoreable	2	0	0														not_admitted	not_admitted	not_admitted	not_admitted	not_admitted	not_admitted	not_admitted
NZ_CP110968.1	MPF_F	IncFIB(K);IncFII(K)	173	0	0	GA	0															not_admitted	not_admitted	not_admitted	not_admitted	not_admitted	not_admitted	not_admitted	not_admitted	not_admitted	not_admitted	1	121;120769;121758;-;366.0	111;113855;115222;-;380.7	115;116480;117232;-;233.7	125;123201;125840;-;258.5	110;111006;113855;-;345.6	133;129097;130521;-;88.8	125;123201;125840;-;88.7	135;131248;131814;-;169.3	120;120118;120756;-;67.0	119;118104;120059;-;259.7	106;106208;108520;-;392.7	132;128399;128983;-;55.4	106;106208;108520;-;66.5	A	9/9	contiguous	25040	1	1	110445..110993-;182;unnamed;0
NZ_CP110969.1	MPF_F	IncC	171	0	0	GA	0															not_admitted	not_admitted	not_admitted	not_admitted	not_admitted	not_admitted	not_admitted	not_admitted	not_admitted	not_admitted	1	95;72947;73954;+;332.9	160;126961;128394;+;339.2	159;125931;126959;+;221.7	90;67748;70195;+;354.2	161;128407;132021;+;375.7	81;54437;55753;+;135.0	90;67748;70195;+;128.6	79;52913;53539;+;92.1	93;71017;72282;+;67.6	96;74070;76865;+;145.3	70;47238;49103;+;47.4	82;55750;56328;+;100.2	70;47238;49103;+;52.0	A	9/9	split_2	81169	0	1	
NZ_CP110984.1	MPF_T	IncX10	50	0	0	GA	1	36;27732;28376;-;46.4	35;27458;27748;-;73.1	34;24680;27433;-;47.0	34;24680;27433;-;146.6	34;24680;27433;-;65.8	33;23899;24669;-;62.0	31;22565;23620;-;131.2		30;21606;22334;-;119.7	29;20671;21600;-;140.2	28;19463;20674;-;128.3	26;18233;19267;-;65.4	25;16395;18230;-;493.6		pfam	pfam_only	A	7/7	canonical	1	1	unscoreable	2	0	0														not_admitted	not_admitted	not_admitted	not_admitted	not_admitted	not_admitted	not_admitted
NZ_CP110986.1	-	IncFII(Yp);IncFII(pAR0022)	318	0	0	GA	0															not_admitted	not_admitted	not_admitted	not_admitted	not_admitted	not_admitted	not_admitted	not_admitted	not_admitted	not_admitted	1	294;292778;293773;+;370.1	301;298302;299669;+;352.7	297;296241;297056;+;204.0	288;288078;290693;+;233.9	302;299669;302560;+;318.0	284;285405;286763;+;94.4	288;288078;290693;+;122.0	282;284083;284652;+;107.8	295;293792;294418;+;65.3	296;294415;296244;+;241.5	305;303557;305746;+;364.9	287;287488;288075;+;54.1	305;303557;305746;+;61.6	A	9/9	contiguous	19474	1	1	302557..303135+;192;unnamed;0
NZ_CP110989.1	MPF_F	IncHI2;IncHI2A	231	0	0	GA	0															not_admitted	not_admitted	not_admitted	not_admitted	not_admitted	not_admitted	not_admitted	not_admitted	not_admitted	not_admitted	1	27;31208;32266;+;276.9	147;140218;141633;-;194.1	148;141623;142669;-;174.3	11;8955;11636;+;168.3	146;136256;140209;-;101.6	7;5270;6625;+;80.7	11;8955;11636;+;72.2	4;2758;3546;+;74.8	25;29555;31066;+;62.0	28;32285;35473;+;57.3	155;149711;151795;+;56.8	10;7996;8946;+;46.1	155;149711;151795;+;38.8	A	9/9	split_3	146953	1	1	134786..136075-;429;unnamed;0
NZ_CP110990.1	MPF_T	-	37	0	0	GA	1		8;7955;8263;+;67.6	9;8274;8591;+;84.6	10;8588;11038;+;142.6	10;8588;11038;+;84.6	11;11059;11703;+;97.0	13;11976;12989;+;161.4		15;13338;14096;+;142.8	16;14099;14920;+;197.9	17;14920;16110;+;188.9	18;16088;17125;+;83.0	19;17088;19016;+;402.6		pfam	both	A	7/7	canonical	1	0	unscoreable	2	0	0														not_admitted	not_admitted	not_admitted	not_admitted	not_admitted	not_admitted	not_admitted
NZ_CP110995.1	MPF_F	IncFII	104	0	0	GA	0															not_admitted	not_admitted	not_admitted	not_admitted	not_admitted	not_admitted	not_admitted	not_admitted	not_admitted	not_admitted	1	83;70118;71110;+;369.3	92;76172;77545;+;381.0	87;73809;74582;+;234.0	80;66479;69109;+;303.5	93;77542;80367;+;386.0	73;61774;63201;+;94.3	80;66479;69109;+;98.5	71;60493;61059;+;183.8	84;71119;71757;+;68.7	85;71754;73562;+;268.0	96;81871;84096;+;391.7	77;64329;64844;+;78.6	96;81871;84096;+;70.3	A	9/9	contiguous	21378	1	1	80364..80873+;169;unnamed;0
NZ_CP110998.1	MPF_F	IncFIA;IncFIB(AP001918);IncFII	190	0	0	GA	0															not_admitted	not_admitted	not_admitted	not_admitted	not_admitted	not_admitted	not_admitted	not_admitted	not_admitted	not_admitted	1	167;143094;144086;+;369.5	177;149864;151237;+;381.7	172;147192;147935;+;234.4	164;139455;142085;+;304.1	178;151234;154056;+;374.0	156;134602;136053;+;94.2	164;139455;142085;+;97.1	154;133321;133887;+;174.3	169;144430;145068;+;68.6	170;145065;146915;+;266.1	182;156328;158517;+;391.2	159;136913;137428;+;78.4	182;156328;158517;+;70.3	A	9/9	contiguous	23007	1	1	154078..154557+;159;TraS;0
NZ_CP111001.1	MPF_T	IncN;IncU	82	0	0	GA	1	56;46448;47182;+;32.5		59;47825;48142;+;63.3	60;48142;50742;+;113.8	60;48142;50742;+;76.4	61;50760;51473;+;105.5	63;51724;52764;+;142.4		64;52983;53681;+;131.9	65;53692;54576;+;159.7	66;54576;55736;+;156.3	67;55778;56773;+;81.2	17;19625;21154;-;38.5		pfam	both	A	7/7	canonical	1	0	unscoreable	3	0	0														not_admitted	not_admitted	not_admitted	not_admitted	not_admitted	not_admitted	not_admitted
NZ_CP111005.1	MPF_T	IncHI1B(pNDM-MAR);IncN;repB	284	0	0	GA	1	19;15053;15787;+;32.5		22;16430;16747;+;63.3	23;16747;19347;+;113.8	23;16747;19347;+;76.4	24;19365;20078;+;105.5	26;20329;21369;+;142.4		27;21588;22286;+;131.9	28;22297;23181;+;159.7	29;23181;24341;+;156.3	30;24383;25378;+;81.2	265;244141;245670;-;38.5		pfam	both	A	7/7	canonical	1	0	unscoreable	3	0	0														not_admitted	not_admitted	not_admitted	not_admitted	not_admitted	not_admitted	not_admitted
NZ_CP111006.1	MPF_T	ColRNAI;IncN;IncU	91	0	0	GA	1	45;40272;41006;-;32.5		42;39312;39629;-;63.3	41;36712;39312;-;113.8	41;36712;39312;-;76.4	40;35981;36694;-;105.5	38;34690;35730;-;142.4		37;33773;34471;-;131.9	36;32878;33762;-;159.7	35;31718;32878;-;156.3	34;30681;31676;-;81.2	84;67080;68609;+;38.5		pfam	both	A	7/7	canonical	1	0	unscoreable	3	0	0														not_admitted	not_admitted	not_admitted	not_admitted	not_admitted	not_admitted	not_admitted
NZ_CP111010.1	MPF_T	IncN;IncU	82	0	0	GA	1	56;46448;47182;+;32.5		59;47825;48142;+;63.3	60;48142;50742;+;113.8	60;48142;50742;+;76.4	61;50760;51473;+;105.5	63;51724;52764;+;142.4		64;52983;53681;+;131.9	65;53692;54576;+;159.7	66;54576;55736;+;156.3	67;55778;56773;+;81.2	17;19625;21154;-;38.5		pfam	both	A	7/7	canonical	1	0	unscoreable	3	0	0														not_admitted	not_admitted	not_admitted	not_admitted	not_admitted	not_admitted	not_admitted
NZ_CP111116.1	MPF_F	IncFIB(K)	151	0	0	GA	0															not_admitted	not_admitted	not_admitted	not_admitted	not_admitted	not_admitted	not_admitted	not_admitted	not_admitted	not_admitted	1	74;66307;67299;+;370.8	86;73717;75072;+;383.4	81;71315;72067;+;228.4	71;62607;65246;+;255.5	87;75072;77966;+;339.0	63;58667;60088;+;86.3	71;62607;65246;+;91.4	61;57380;57946;+;156.8	75;67312;67938;+;67.5	76;67935;69917;+;250.1	91;79717;82011;+;391.8	66;60692;61261;+;49.0	91;79717;82011;+;66.4	A	9/9	contiguous	22337	1	1	77963..78478+;171;unnamed;0
NZ_CP112888.1	MPF_F	IncFII(Yp)	114	0	0	GA	0															not_admitted	not_admitted	not_admitted	not_admitted	not_admitted	not_admitted	not_admitted	not_admitted	not_admitted	not_admitted	1	88;71411;72403;+;372.3	99;78437;79807;+;383.1	96;76916;77668;+;222.2	85;67746;70385;+;254.8	100;79807;82686;+;333.2	77;63134;64555;+;86.6	85;67746;70385;+;88.2	75;61847;62413;+;159.4	89;72416;73063;+;68.8	91;73440;75395;+;253.1	104;85464;87782;+;390.7	79;65016;65600;+;55.9	104;85464;87782;+;66.8	A	9/9	contiguous	23617	1	1	82703..83371+;222;unnamed;0
NZ_CP112981.1	MPF_F	IncHI2;IncHI2A	355	0	0	GA	0															not_admitted	not_admitted	not_admitted	not_admitted	not_admitted	not_admitted	not_admitted	not_admitted	not_admitted	not_admitted	1	29;32275;33333;+;276.9	235;211120;212535;-;194.1	236;212525;213571;-;173.7	11;8955;11636;+;168.0	234;207161;211111;-;101.6	7;5270;6625;+;80.7	11;8955;11636;+;72.2	4;2758;3546;+;74.8	27;30622;32133;+;62.7	30;33352;36540;+;58.3	242;220612;222696;+;56.7	10;7996;8946;+;46.4	242;220612;222696;+;38.8	A	9/9	split_3	217854	0	1	
NZ_CP113079.1	MPF_F	-	115	0	0	GA	0															not_admitted	not_admitted	not_admitted	not_admitted	not_admitted	not_admitted	not_admitted	not_admitted	not_admitted	not_admitted	1	74;53680;54723;-;369.2	69;48270;49697;-;325.8	71;50099;50911;-;219.1	78;56285;59011;-;164.6	68;45252;48254;-;208.7	82;60693;62009;-;102.7	78;56285;59011;-;108.4	84;62722;63300;-;83.7	73;52958;53665;-;107.6	72;50904;52961;-;91.0	106;77085;79244;-;381.3	79;59021;59665;-;41.9	106;77085;79244;-;90.0	A	9/9	contiguous	31833	1	1	44662..45180-;172;unnamed;0
NZ_CP113081.1	MPF_F	-	114	0	0	GA	0															not_admitted	not_admitted	not_admitted	not_admitted	not_admitted	not_admitted	not_admitted	not_admitted	not_admitted	not_admitted	1	73;53558;54601;-;369.2	68;48148;49575;-;325.8	70;49977;50789;-;219.1	77;56163;58889;-;164.6	67;45130;48132;-;208.7	81;60571;61887;-;102.7	77;56163;58889;-;108.4	83;62600;63178;-;83.7	72;52836;53543;-;107.6	71;50782;52839;-;91.0	105;76963;79122;-;381.3	78;58899;59543;-;41.9	105;76963;79122;-;90.0	A	9/9	contiguous	31833	1	1	44540..45058-;172;unnamed;0
NZ_CP113124.1	MPF_T	repUS73	42	0	0	GA	1				5;4406;6493;-;24.5									41;34523;35527;-;295.7		none	none	D	2/7	uncallable	0	0	unscoreable	0	0	0														not_admitted	not_admitted	not_admitted	not_admitted	not_admitted	not_admitted	not_admitted
NZ_CP113164.1	MPF_F	IncHI2;IncHI2A	268	0	0	GA	0															not_admitted	not_admitted	not_admitted	not_admitted	not_admitted	not_admitted	not_admitted	not_admitted	not_admitted	not_admitted	1	99;90254;91312;+;276.9	253;220463;221878;-;194.1	254;221868;222914;-;174.3	83;68001;70682;+;168.0	252;216501;220454;-;101.7	79;64316;65671;+;80.7	83;68001;70682;+;72.2	76;61804;62592;+;74.8	97;88601;90112;+;62.0	100;91331;94519;+;57.3	261;229956;232040;+;56.8	82;67042;67992;+;46.1	261;229956;232040;+;38.8	A	9/9	split_3	168152	1	1	215031..216320-;429;unnamed;0
NZ_CP113167.1	MPF_F	IncFIA(HI1);IncFII(K);IncFII(pAR0022)	124	0	0	GA	0															not_admitted	not_admitted	not_admitted	not_admitted	not_admitted	not_admitted	not_admitted	not_admitted	not_admitted	not_admitted	1	82;61035;62024;+;366.6	92;67546;68913;+;384.3	88;65532;66284;+;234.4	78;56939;59578;+;258.5	93;68913;71762;+;346.4	72;53033;54457;+;89.3	78;56939;59578;+;88.7	70;51740;52306;+;169.3	83;62037;62675;+;67.0	84;62734;64689;+;259.7	97;74224;76536;+;393.2	73;54530;55114;+;54.9	97;74224;76536;+;65.8	A	9/9	contiguous	22484	1	1	71765..72295+;176;unnamed;0
NZ_CP113169.1	MPF_F	IncFIB(pNDM-Mar);IncHI1B(pNDM-MAR)	324	0	0	GA	0															not_admitted	not_admitted	not_admitted	not_admitted	not_admitted	not_admitted	not_admitted	not_admitted	not_admitted	not_admitted	1	255;228660;229697;-;282.3	78;58114;59523;+;190.4	77;57087;58124;+;175.6	267;240529;243246;-;149.6	79;59525;63439;+;120.2	157;134535;135791;-;206.8	267;240529;243246;-;85.2	274;248375;249235;-;79.0	256;229694;231055;-;69.9	254;225468;228650;-;60.1	70;47762;49888;-;57.7	268;243291;244028;-;56.9	70;47762;49888;-;41.0	A	9/9	split_3	200613	0	1	
NZ_CP113170.1	MPF_F	IncFIA(HI1);IncFII(K);IncFII(pAR0022)	121	0	0	GA	0															not_admitted	not_admitted	not_admitted	not_admitted	not_admitted	not_admitted	not_admitted	not_admitted	not_admitted	not_admitted	1	96;75098;76087;+;366.6	106;81609;82976;+;384.3	102;79595;80347;+;235.6	92;71002;73641;+;258.5	107;82976;85825;+;346.4	86;67096;68520;+;89.3	92;71002;73641;+;88.7	84;65803;66369;+;169.3	97;76100;76738;+;67.0	98;76797;78752;+;259.7	111;88287;90599;+;393.2	87;68593;69177;+;54.9	111;88287;90599;+;65.8	A	9/9	contiguous	22484	1	1	85828..86358+;176;unnamed;0
NZ_CP113179.1	MPF_F	IncFIB(pNDM-Mar);IncHI1B(pNDM-MAR)	323	0	0	GA	0															not_admitted	not_admitted	not_admitted	not_admitted	not_admitted	not_admitted	not_admitted	not_admitted	not_admitted	not_admitted	1	243;215219;216256;-;282.3	79;59541;60950;+;190.4	78;58514;59551;+;176.7	256;227089;229806;-;149.6	80;60952;64920;+;120.1	167;141196;142452;-;206.8	256;227089;229806;-;85.2	263;234935;235795;-;79.0	244;216253;217614;-;70.0	242;212024;215209;-;59.6	71;49207;51333;-;58.0	257;229851;230588;-;56.9	71;49207;51333;-;39.7	A	9/9	split_3	185728	0	1	
NZ_CP113181.1	MPF_T	IncP1	71	0	0	GA	1		30;24978;25361;-;68.7	29;24649;24975;-;50.6	28;22109;24652;-;94.8	28;22109;24652;-;107.0	23;17863;18633;-;104.8	22;16113;17672;-;113.8		27;21405;22112;-;92.0	26;20499;21389;-;152.4	24;18646;20040;-;224.7	31;25475;26431;-;132.7	67;48684;50630;+;442.7		conjscan	conjscan_only	A	7/7	canonical	1	0	unscoreable	2	0	0														not_admitted	not_admitted	not_admitted	not_admitted	not_admitted	not_admitted	not_admitted
NZ_CP113186.1	MPF_F	IncFIB(pNDM-Mar);IncHI1B(pNDM-MAR)	308	0	0	GA	0															not_admitted	not_admitted	not_admitted	not_admitted	not_admitted	not_admitted	not_admitted	not_admitted	not_admitted	not_admitted	1	236;210153;211190;-;282.3	78;58052;59461;+;190.4	77;57025;58062;+;175.6	248;222022;224739;-;149.6	79;59463;63431;+;121.3	161;137302;138558;-;206.8	248;222022;224739;-;85.2	255;229868;230728;-;79.0	237;211187;212548;-;69.9	235;206958;210143;-;59.6	70;47700;49826;-;57.7	249;224784;225521;-;56.9	70;47700;49826;-;41.0	A	9/9	split_3	182168	0	1	
NZ_CP113187.1	MPF_F	IncFIA(HI1);IncFII(K);IncFII(pAR0022)	123	0	0	GA	0															not_admitted	not_admitted	not_admitted	not_admitted	not_admitted	not_admitted	not_admitted	not_admitted	not_admitted	not_admitted	1	98;77381;78370;+;366.6	108;83892;85259;+;384.3	104;81878;82630;+;235.6	94;73285;75924;+;258.5	109;85259;88108;+;346.4	88;69379;70803;+;89.3	94;73285;75924;+;88.7	86;68086;68652;+;169.3	99;78383;79021;+;67.0	100;79080;81035;+;259.7	113;90570;92882;+;393.2	89;70876;71460;+;54.9	113;90570;92882;+;65.8	A	9/9	contiguous	22484	1	1	88111..88641+;176;unnamed;0
NZ_CP113188.1	MPF_F	IncFII(pHN7A8)	82	0	0	GA	0															not_admitted	not_admitted	not_admitted	not_admitted	not_admitted	not_admitted	not_admitted	not_admitted	not_admitted	not_admitted	1	55;44169;45161;+;369.5	68;51994;53367;+;376.8	63;49685;50428;+;234.4	52;40533;43160;+;301.8	69;53364;56180;+;376.7	47;37051;38478;+;94.1	52;40533;43160;+;101.8	45;35770;36336;+;183.8	58;46107;46745;+;70.4	61;47558;49408;+;265.0	73;58481;60724;+;391.7	51;39502;40017;+;78.0	73;58481;60724;+;70.3	A	9/9	contiguous	22711	1	1	56213..56734+;173;unnamed;0
NZ_CP113193.1	MPF_F	IncFIB(pNDM-Mar);IncHI1B(pNDM-MAR);IncR;IncX1	387	0	0	GA	0															not_admitted	not_admitted	not_admitted	not_admitted	not_admitted	not_admitted	not_admitted	not_admitted	not_admitted	not_admitted	1	314;282979;284016;-;282.3	73;56922;58331;+;190.4	72;55895;56932;+;176.7	327;294847;297564;-;149.4	74;58333;62271;+;118.9	156;137199;138455;-;206.8	327;294847;297564;-;85.2	334;302693;303553;-;79.0	315;284013;285374;-;69.9	313;279784;282969;-;59.2	65;46588;48714;-;57.7	328;297609;298346;-;56.9	65;46588;48714;-;41.0	A	9/9	split_3	256105	0	1	
NZ_CP113200.1	MPF_F	Col440I;IncFIB(pNDM-Mar);IncHI1B(pNDM-MAR)	320	0	0	GA	0															not_admitted	not_admitted	not_admitted	not_admitted	not_admitted	not_admitted	not_admitted	not_admitted	not_admitted	not_admitted	1	162;143583;144620;+;282.3	15;16109;17518;-;190.4	16;17508;18545;-;175.6	150;130034;132751;+;149.6	14;12193;16107;-;120.2	242;219604;220860;+;206.8	150;130034;132751;+;85.2	144;124871;125731;+;79.0	161;142225;143586;+;69.9	163;144630;147812;+;60.1	23;25744;27870;+;57.7	149;129252;129989;+;56.9	23;25744;27870;+;41.0	A	9/9	split_3	207411	0	1	
NZ_CP113201.1	MPF_F	IncFIB(K);IncFII(K);IncFII(pAR0022)	217	0	0	GA	0															not_admitted	not_admitted	not_admitted	not_admitted	not_admitted	not_admitted	not_admitted	not_admitted	not_admitted	not_admitted	1	61;66058;67047;-;366.6	51;59144;60511;-;384.5	55;61769;62521;-;231.8	65;68501;71143;-;258.5	50;56322;59144;-;346.4	72;74356;75780;-;89.2	65;68501;71143;-;88.2	74;76507;77073;-;169.3	60;65407;66045;-;66.9	59;63393;65348;-;259.7	46;51398;53707;-;392.8	71;73658;74242;-;54.3	46;51398;53707;-;65.8	A	9/9	contiguous	25109	1	1	55697..56299-;200;TraS;0
NZ_CP113203.1	MPF_F	IncFIB(pNDM-Mar);IncHI1B(pNDM-MAR)	312	0	0	GA	0															not_admitted	not_admitted	not_admitted	not_admitted	not_admitted	not_admitted	not_admitted	not_admitted	not_admitted	not_admitted	1	243;220741;221778;-;282.3	79;60281;61690;+;190.4	78;59254;60291;+;175.6	255;232610;235327;-;149.6	80;61692;65606;+;120.2	172;151012;152268;-;206.8	255;232610;235327;-;85.2	262;240456;241316;-;79.0	244;221775;223136;-;69.9	242;217549;220731;-;60.1	71;49929;52055;-;57.7	256;235372;236109;-;56.9	71;49929;52055;-;41.0	A	9/9	split_3	190527	0	1	
NZ_CP113204.1	MPF_F	IncFIB(K);IncFII(K);IncFII(pAR0022)	217	0	0	GA	0															not_admitted	not_admitted	not_admitted	not_admitted	not_admitted	not_admitted	not_admitted	not_admitted	not_admitted	not_admitted	1	163;169162;170151;-;366.6	153;162248;163615;-;384.5	157;164873;165625;-;231.8	167;171605;174247;-;258.5	152;159426;162248;-;346.4	174;177460;178884;-;89.2	167;171605;174247;-;88.2	176;179611;180177;-;169.3	162;168511;169149;-;66.9	161;166497;168452;-;259.7	148;154502;156811;-;392.8	173;176762;177346;-;54.3	148;154502;156811;-;65.8	A	9/9	contiguous	25109	1	1	158801..159403-;200;TraS;0
NZ_CP113212.1	MPF_F	IncFIB(pNDM-Mar);IncHI1B(pNDM-MAR)	270	0	0	GA	0															not_admitted	not_admitted	not_admitted	not_admitted	not_admitted	not_admitted	not_admitted	not_admitted	not_admitted	not_admitted	1	216;198469;199506;+;282.3	68;70687;72096;-;190.4	69;72086;73123;-;175.6	204;184920;187637;+;149.6	67;66771;70685;-;120.2	200;181437;182807;+;65.6	204;184920;187637;+;85.2	197;178931;179791;+;79.0	215;197111;198472;+;69.9	217;199516;202698;+;60.1	76;80322;82448;+;57.7	203;184138;184875;+;56.9	76;80322;82448;+;41.0	A	9/9	split_2	132745	0	1	
NZ_CP113213.1	MPF_F	IncFIB(K);IncFII(K);IncFII(pAR0022)	218	0	0	GA	0															not_admitted	not_admitted	not_admitted	not_admitted	not_admitted	not_admitted	not_admitted	not_admitted	not_admitted	not_admitted	1	164;170293;171282;-;366.6	154;163379;164746;-;384.5	158;166004;166756;-;231.8	168;172736;175378;-;258.5	153;160557;163379;-;346.4	175;178600;180024;-;89.2	168;172736;175378;-;88.2	177;180751;181317;-;169.3	163;169642;170280;-;66.9	162;167628;169583;-;259.7	149;155633;157942;-;392.8	174;177902;178486;-;54.3	149;155633;157942;-;65.8	A	9/9	contiguous	25118	1	1	159932..160534-;200;TraS;0
NZ_CP113217.1	MPF_F	IncFIB(pNDM-Mar);repB(R1701)	294	0	0	GA	0															not_admitted	not_admitted	not_admitted	not_admitted	not_admitted	not_admitted	not_admitted	not_admitted	not_admitted	not_admitted	1	186;165188;166225;+;282.3	37;37783;39192;-;190.4	38;39182;40219;-;175.6	174;151639;154356;+;149.6	36;33867;37781;-;120.2	170;148156;149526;+;65.6	174;151639;154356;+;85.2	167;145650;146510;+;79.0	185;163830;165191;+;69.9	187;166235;169417;+;60.1	45;47418;49544;+;57.7	173;150857;151594;+;56.9	45;47418;49544;+;41.0	A	9/9	split_2	132368	0	1	
NZ_CP113248.1	MPF_T	rep38	51	0	0	GA	1				10;7324;9339;+;23.5									15;13365;14915;+;462.9		none	none	D	2/7	uncallable	0	0	unscoreable	4	0	0														not_admitted	not_admitted	not_admitted	not_admitted	not_admitted	not_admitted	not_admitted
NZ_CP113253.1	MPF_T	rep38	41	0	0	GA	1				39;32813;34831;-;24.6									33;27262;28791;-;464.9		none	none	D	2/7	uncallable	0	0	unscoreable	5	0	0														not_admitted	not_admitted	not_admitted	not_admitted	not_admitted	not_admitted	not_admitted
NZ_CP113487.1	MPF_F	IncFIA;IncFIB(AP001918);IncFIC(FII)	140	0	0	GA	0															not_admitted	not_admitted	not_admitted	not_admitted	not_admitted	not_admitted	not_admitted	not_admitted	not_admitted	not_admitted	1	84;71798;72790;-;369.3	73;64779;66152;-;380.9	80;68326;69069;-;235.0	87;73799;76426;-;305.3	72;63877;64782;-;218.1	92;78481;79908;-;94.3	87;73799;76426;-;99.2	94;80623;81189;-;183.8	83;71151;71789;-;68.4	82;69346;71154;-;268.0	63;57004;57960;-;159.4	88;76942;77457;-;78.4	63;57004;57960;-;72.1	A	9/9	contiguous	23619	0	1	
NZ_CP113489.1	MPF_F	IncFII	105	0	0	GA	0															not_admitted	not_admitted	not_admitted	not_admitted	not_admitted	not_admitted	not_admitted	not_admitted	not_admitted	not_admitted	1	81;67235;68227;+;369.5	91;74006;75379;+;381.7	86;71333;72076;+;234.4	78;63596;66226;+;304.1	92;75376;78198;+;374.0	71;59146;60597;+;94.2	78;63596;66226;+;97.1	69;57865;58431;+;174.3	83;68571;69209;+;68.6	84;69206;71056;+;266.1	96;80470;82749;+;391.0	74;61457;61972;+;78.4	96;80470;82749;+;70.3	A	9/9	contiguous	22605	1	1	78220..78699+;159;TraS;0
NZ_CP113494.1	MPF_F	IncFIB(AP001918);IncFII	177	0	0	GA	0															not_admitted	not_admitted	not_admitted	not_admitted	not_admitted	not_admitted	not_admitted	not_admitted	not_admitted	not_admitted	1	121;105463;106455;-;367.0	110;98355;99728;-;382.9	116;101656;102399;-;233.4	124;107464;110091;-;300.9	109;95539;98358;-;385.4	130;112244;113671;-;93.9	124;107464;110091;-;101.1	132;114386;114952;-;182.7	119;104481;105119;-;70.7	118;102676;104484;-;264.7	106;91809;94007;-;391.8	126;110607;111122;-;76.0	106;91809;94007;-;70.3	A	9/9	contiguous	22577	1	1	95023..95514-;163;TraS;0
NZ_CP113828.1	MPF_T	-	56	0	0	GA	1		13;12356;12748;+;89.3	14;12745;13017;+;30.1	15;13030;15483;+;41.0	15;13030;15483;+;139.2	16;15480;16235;+;227.2	18;16543;17892;+;179.1		19;17911;18615;+;228.1	20;18612;19592;+;225.2	21;19595;20878;+;203.0	12;11442;12359;+;114.2	10;8860;10863;+;341.4		conjscan	conjscan_only	A	7/7	canonical	1	0	unscoreable	3	0	0														not_admitted	not_admitted	not_admitted	not_admitted	not_admitted	not_admitted	not_admitted
NZ_CP113905.1	MPF_F	IncFII(K);repB(R1701)	158	0	0	GA	0															not_admitted	not_admitted	not_admitted	not_admitted	not_admitted	not_admitted	not_admitted	not_admitted	not_admitted	not_admitted	1	133;104121;105110;+;366.0	143;110601;111971;+;380.7	139;108647;109399;+;230.7	129;100039;102678;+;258.5	144;111971;114814;+;346.5	121;95356;96780;+;89.2	129;100039;102678;+;88.7	119;94063;94629;+;169.3	134;105123;105761;+;67.0	135;105820;107775;+;259.7	148;117399;119711;+;392.8	122;96894;97478;+;55.4	148;117399;119711;+;65.9	A	9/9	contiguous	23336	1	1	114825..115349+;174;unnamed;0
NZ_CP113906.1	MPF_F	IncA	133	0	0	GA	0															not_admitted	not_admitted	not_admitted	not_admitted	not_admitted	not_admitted	not_admitted	not_admitted	not_admitted	not_admitted	1	67;52440;53444;+;330.1	122;98654;100087;+;336.4	121;97624;98652;+;223.9	62;47235;49682;+;352.8	123;100100;103705;+;377.7	57;38408;39724;+;136.3	62;47235;49682;+;130.4	55;36884;37510;+;93.9	65;50504;51772;+;69.6	68;53595;56333;+;138.7	46;31229;33094;+;46.9	58;39721;40299;+;98.1	46;31229;33094;+;51.6	A	9/9	split_2	68871	0	1	
NZ_CP113937.1	-	-	58	0	0	GA	1	46;38027;38686;-;97.1	7;7057;7473;+;66.8	8;7485;7775;+;46.6	9;7789;10254;+;67.7	9;7789;10254;+;88.6	11;10691;11449;+;33.1	13;11592;13040;+;104.0		14;13141;13839;+;157.6	15;13867;14856;+;178.1	17;15297;16766;+;219.7	6;6069;7019;+;123.7	48;39245;41194;-;354.4		conjscan	both	A	7/7	canonical	1	0	unscoreable	4	0	0														not_admitted	not_admitted	not_admitted	not_admitted	not_admitted	not_admitted	not_admitted
NZ_CP114028.1	MPF_T	-	238	0	0	GA	1		116;104908;105285;+;75.2	117;105347;105577;+;41.0	118;105585;108029;+;167.2	118;105585;108029;+;127.4	120;109391;110209;+;58.8	122;110396;111562;+;109.6		123;111570;112232;+;122.6	124;112253;113077;+;177.7	126;113545;114855;+;225.3	115;103947;104918;+;131.2	30;30104;32017;+;514.7		conjscan	conjscan_only	A	7/7	canonical	1	0	unscoreable	4	0	0														not_admitted	not_admitted	not_admitted	not_admitted	not_admitted	not_admitted	not_admitted
NZ_CP114030.1	-	-	178	0	0	GA	1	71;66721;67407;-;78.7	70;66446;66736;-;62.4	69;66174;66449;-;52.2	68;62957;66181;-;111.3	68;62957;66181;-;38.4	68;62957;66181;-;113.5	66;61299;62489;-;122.3		65;60522;61202;-;191.3	64;59752;60519;-;186.4	62;58429;59328;-;174.1	61;57377;58429;-;111.6	57;54342;56120;+;326.2		pfam	both	A	7/7	canonical	1	0	unscoreable	5	0	0														not_admitted	not_admitted	not_admitted	not_admitted	not_admitted	not_admitted	not_admitted
NZ_CP114061.2	-	-	42	0	0	GA	1	26;24991;25659;+;44.1	27;25669;25962;+;75.0	28;25972;28719;+;63.4	28;25972;28719;+;138.1	28;25972;28719;+;58.9	29;28731;29453;+;118.3	31;29754;30755;+;160.1		33;30955;31638;+;171.9	34;31638;32534;+;141.7	35;32531;33811;+;162.2	36;33822;34850;+;81.0			pfam	pfam_only	B	6/7	canonical	1	1	unscoreable	2	0	0														not_admitted	not_admitted	not_admitted	not_admitted	not_admitted	not_admitted	not_admitted
NZ_CP114151.1	MPF_T	repB(R1701)	140	0	0	GA	1	113;107420;108082;+;48.3	114;108093;108392;+;36.6	115;108402;111152;+;61.6	115;108402;111152;+;134.0	115;108402;111152;+;46.2	116;111171;111887;+;137.0	118;112201;113208;+;138.0		120;113418;114104;+;158.3	121;114097;114990;+;146.0	122;114987;116183;+;134.8	123;116187;117236;+;71.5	130;121974;123881;+;24.3		pfam	pfam_only	A	7/7	canonical	1	1	unscoreable	8	0	0														not_admitted	not_admitted	not_admitted	not_admitted	not_admitted	not_admitted	not_admitted
NZ_CP114152.1	MPF_T	IncN	77	0	0	GA	1	50;42922;43656;+;32.5		53;44299;44616;+;63.3	54;44616;47216;+;111.8	54;44616;47216;+;76.8	55;47234;47947;+;97.1	57;48198;49238;+;153.6		58;49457;50155;+;131.9	59;50166;51050;+;159.0	60;51050;52210;+;154.9	61;52252;53247;+;81.2	12;15329;16858;-;38.5		pfam	both	A	7/7	canonical	1	0	unscoreable	3	0	0														not_admitted	not_admitted	not_admitted	not_admitted	not_admitted	not_admitted	not_admitted
NZ_CP114158.1	MPF_T	IncN	78	0	0	GA	1	50;42720;43454;+;32.5		53;44097;44414;+;63.3	54;44414;47014;+;111.8	54;44414;47014;+;76.8	55;47032;47745;+;97.1	57;47996;49036;+;153.6	58;49119;49265;+;33.6	59;49255;49953;+;131.9	60;49964;50848;+;159.0	61;50848;52008;+;154.9	62;52050;53045;+;81.2	12;15116;16645;-;38.5		pfam	both	A	7/7	canonical	1	0	ga	3	0	0														not_admitted	not_admitted	not_admitted	not_admitted	not_admitted	not_admitted	not_admitted
NZ_CP114162.1	MPF_F	IncC	191	0	0	GA	0															not_admitted	not_admitted	not_admitted	not_admitted	not_admitted	not_admitted	not_admitted	not_admitted	not_admitted	not_admitted	1	97;72547;73554;+;332.9	180;146631;148064;+;339.2	179;145601;146629;+;221.7	92;67348;69795;+;354.2	181;148077;151691;+;375.3	80;52812;54128;+;135.0	92;67348;69795;+;128.6	78;51288;51914;+;92.1	95;70617;71882;+;67.6	98;73670;76465;+;145.3	69;45613;47478;+;47.4	81;54125;54703;+;100.2	69;45613;47478;+;52.0	A	9/9	split_2	102464	0	1	
NZ_CP114165.1	MPF_F	IncFIB(K);IncFII(pKP91)	254	0	0	GA	0															not_admitted	not_admitted	not_admitted	not_admitted	not_admitted	not_admitted	not_admitted	not_admitted	not_admitted	not_admitted	1	184;188005;188997;-;366.6	174;181133;182500;-;381.2	178;183745;184497;-;232.2	187;190023;192662;-;259.3	173;178302;181133;-;346.6	197;196482;197906;-;88.4	187;190023;192662;-;88.8	199;198633;199199;-;167.0	183;187354;187992;-;67.0	182;185340;187295;-;258.5	169;172830;175142;-;393.1	195;195295;195852;-;52.7	169;172830;175142;-;66.6	A	9/9	contiguous	25803	0	1	
NZ_CP114166.1	MPF_F	IncC	191	0	0	GA	0															not_admitted	not_admitted	not_admitted	not_admitted	not_admitted	not_admitted	not_admitted	not_admitted	not_admitted	not_admitted	1	97;72547;73554;+;332.9	180;146631;148064;+;339.2	179;145601;146629;+;221.7	92;67348;69795;+;354.2	181;148077;151691;+;375.3	80;52812;54128;+;135.0	92;67348;69795;+;128.6	78;51288;51914;+;92.1	95;70617;71882;+;67.6	98;73670;76465;+;145.3	69;45613;47478;+;47.4	81;54125;54703;+;100.2	69;45613;47478;+;52.0	A	9/9	split_2	102464	0	1	
NZ_CP114169.1	MPF_F	IncFIB(K);IncFII(pKP91)	256	0	0	GA	0															not_admitted	not_admitted	not_admitted	not_admitted	not_admitted	not_admitted	not_admitted	not_admitted	not_admitted	not_admitted	1	187;190455;191447;-;366.6	177;183583;184950;-;381.2	181;186195;186947;-;232.2	190;192473;195112;-;259.3	176;180752;183583;-;346.6	200;198932;200356;-;88.4	190;192473;195112;-;88.8	202;201083;201649;-;167.0	186;189804;190442;-;67.0	185;187790;189745;-;258.5	172;175280;177592;-;393.1	198;197745;198302;-;52.7	172;175280;177592;-;66.6	A	9/9	contiguous	25803	0	1	
NZ_CP114170.1	MPF_F	IncC	191	0	0	GA	0															not_admitted	not_admitted	not_admitted	not_admitted	not_admitted	not_admitted	not_admitted	not_admitted	not_admitted	not_admitted	1	97;72547;73554;+;332.9	180;146631;148064;+;339.2	179;145601;146629;+;221.7	92;67348;69795;+;354.2	181;148077;151691;+;375.3	80;52812;54128;+;135.0	92;67348;69795;+;128.6	78;51288;51914;+;92.1	95;70617;71882;+;67.6	98;73670;76465;+;145.3	69;45613;47478;+;47.4	81;54125;54703;+;100.2	69;45613;47478;+;52.0	A	9/9	split_2	102464	0	1	
NZ_CP114185.1	-	-	79	0	0	GA	1	40;39227;39742;+;46.5	12;16514;16843;+;65.8	13;16854;17168;+;30.4	14;17209;19623;+;51.1	14;17209;19623;+;99.0	15;19620;20378;+;34.3	17;21333;22640;+;91.1		18;22670;23344;+;147.4	19;23353;24225;+;159.1	21;24640;25896;+;190.4	26;30034;31656;+;175.5			conjscan	conjscan_only	B	6/7	canonical	1	0	unscoreable	19	0	0														not_admitted	not_admitted	not_admitted	not_admitted	not_admitted	not_admitted	not_admitted
NZ_CP114192.1	-	-	98	0	0	GA	1		66;73115;73486;+;79.0	67;73479;73778;+;58.0	68;73782;76217;+;149.4	68;73782;76217;+;120.8	69;76195;76983;+;60.2	71;77264;78427;+;105.5		72;78457;79119;+;128.6	73;79143;79982;+;187.1	75;80457;81764;+;219.4	65;72142;73125;+;123.0	94;102805;104718;+;458.3		conjscan	conjscan_only	A	7/7	canonical	1	0	unscoreable	3	0	0														not_admitted	not_admitted	not_admitted	not_admitted	not_admitted	not_admitted	not_admitted
NZ_CP114193.1	MPF_T	-	90	0	0	GA	1		16;19739;20110;-;78.7	15;19435;19746;-;61.3	14;16968;19424;-;174.1	14;16968;19424;-;127.4	13;16196;16996;-;50.8	11;14809;15993;-;111.7		10;14128;14790;-;126.8	9;13271;14146;-;190.4	7;11499;12803;-;223.5	17;20100;21068;-;125.9	83;84975;86900;-;522.2		conjscan	conjscan_only	A	7/7	canonical	1	0	unscoreable	3	0	0														not_admitted	not_admitted	not_admitted	not_admitted	not_admitted	not_admitted	not_admitted
NZ_CP114197.1	MPF_T	-	100	0	0	GA	1	67;78993;79595;-;32.3			64;75994;78324;-;77.8	64;75994;78324;-;51.8	63;75344;75991;-;59.9	61;74127;75083;-;103.1		59;73147;73902;-;142.7	58;72383;73150;-;175.4	57;71197;72390;-;144.6	55;69829;70845;-;97.8	54;68047;69825;-;307.6		pfam	pfam_only	A	7/7	canonical	1	0	unscoreable	5	0	0														not_admitted	not_admitted	not_admitted	not_admitted	not_admitted	not_admitted	not_admitted
NZ_CP114198.1	-	-	78	0	0	GA	0															not_admitted	not_admitted	not_admitted	not_admitted	not_admitted	not_admitted	not_admitted	not_admitted	not_admitted	not_admitted	1	0;268;1269;-;366.6	71;78945;80318;-;309.2	75;81279;82088;-;138.7	6;3777;6329;-;187.1	70;76219;78924;-;282.3	8;6726;8147;-;88.8	6;3777;6329;-;93.4	10;8872;9432;-;109.7	77;84020;84505;-;82.9	76;82254;84023;-;229.1	68;73481;75520;-;397.9	7;6334;6720;-;22.3	68;73481;75520;-;76.7	A	9/9	split_2	83752	1	1	75686..76129-;147;unnamed;0
NZ_CP114199.1	-	-	76	0	0	GA	0															not_admitted	not_admitted	not_admitted	not_admitted	not_admitted	not_admitted	not_admitted	not_admitted	not_admitted	not_admitted	1	14;10860;11861;+;366.2	31;20371;21741;+;314.0	27;18313;19404;+;144.1	10;6988;9531;+;198.1	32;21755;24454;+;280.5	8;5176;6591;+;89.9	10;6988;9531;+;94.0	6;3891;4451;+;110.7	20;14222;14908;+;87.5	21;14905;16671;+;218.8	34;25132;27171;+;400.0	9;6597;6983;+;25.0	34;25132;27171;+;76.2	A	9/9	contiguous	21241	1	1	24545..24994+;149;unnamed;0
NZ_CP114206.1	MPF_F	IncT	189	0	0	GA	0															not_admitted	not_admitted	not_admitted	not_admitted	not_admitted	not_admitted	not_admitted	not_admitted	not_admitted	not_admitted	1	118;96144;97220;+;282.5	136;113205;114656;+;247.0	135;112100;113191;+;190.4	114;91600;94086;+;219.1	137;114666;117962;+;264.3	111;88582;89931;+;111.5	114;91600;94086;+;115.3	109;86793;87410;+;84.9	117;94894;96144;+;57.9	139;118432;121134;+;126.3	103;82197;84164;+;22.4	112;89928;90518;+;73.9	103;82197;84164;+;31.3	A	9/9	contiguous	36235	0	1	
NZ_CP114306.1	MPF_F	IncC	218	0	0	GA	0															not_admitted	not_admitted	not_admitted	not_admitted	not_admitted	not_admitted	not_admitted	not_admitted	not_admitted	not_admitted	1	88;67375;68382;+;332.9	207;177874;179307;+;339.2	206;176844;177872;+;221.7	83;62176;64623;+;354.2	208;179320;182934;+;375.3	78;53349;54665;+;135.0	83;62176;64623;+;128.6	76;51825;52451;+;92.1	86;65445;66710;+;67.6	89;68498;71293;+;145.3	67;46150;48015;+;47.4	79;54662;55240;+;100.2	67;46150;48015;+;52.0	A	9/9	split_2	133170	0	1	
NZ_CP114307.1	MPF_F	Col156;IncFIB(AP001918);IncFII(29)	131	0	0	GA	0															not_admitted	not_admitted	not_admitted	not_admitted	not_admitted	not_admitted	not_admitted	not_admitted	not_admitted	not_admitted	1	73;70053;71045;-;369.5	61;62626;63999;-;381.7	68;66204;66947;-;233.1	76;72054;74684;-;304.0	60;59807;62629;-;388.5	83;77815;79242;-;93.9	76;72054;74684;-;99.3	85;79957;80523;-;183.1	71;69071;69709;-;68.6	70;67224;69074;-;271.9	56;55391;57535;-;391.3	80;76171;76686;-;73.9	56;55391;57535;-;70.4	A	9/9	contiguous	24566	1	1	59306..59785-;159;TraS;0
NZ_CP114309.1	MPF_F	IncFIB(K);IncFII(K)	260	0	0	GA	0															not_admitted	not_admitted	not_admitted	not_admitted	not_admitted	not_admitted	not_admitted	not_admitted	not_admitted	not_admitted	1	198;198909;199898;-;363.3	187;191723;193090;-;382.2	191;194348;195100;-;236.4	202;201355;203994;-;259.0	186;188874;191723;-;342.9	213;207961;209385;-;88.8	202;201355;203994;-;87.6	215;210112;210678;-;167.9	196;197986;198633;-;65.9	195;195972;197927;-;259.5	182;184753;187062;-;392.8	210;206765;207349;-;53.8	182;184753;187062;-;65.8	A	9/9	contiguous	25359	1	1	188341..188871-;176;unnamed;0
NZ_CP114313.1	MPF_F	IncFIB(K);IncFII(pKP91)	253	0	0	GA	0															not_admitted	not_admitted	not_admitted	not_admitted	not_admitted	not_admitted	not_admitted	not_admitted	not_admitted	not_admitted	1	184;188005;188997;-;366.6	174;181133;182500;-;381.2	178;183745;184497;-;232.2	187;190023;192662;-;259.3	173;178302;181133;-;346.6	197;196482;197906;-;88.4	187;190023;192662;-;88.8	199;198633;199199;-;167.0	183;187354;187992;-;67.0	182;185340;187295;-;258.5	169;172830;175142;-;393.1	195;195295;195852;-;52.7	169;172830;175142;-;66.6	A	9/9	contiguous	25803	0	1	
NZ_CP114314.1	MPF_F	IncC	191	0	0	GA	0															not_admitted	not_admitted	not_admitted	not_admitted	not_admitted	not_admitted	not_admitted	not_admitted	not_admitted	not_admitted	1	97;72547;73554;+;332.9	180;146631;148064;+;339.2	179;145601;146629;+;221.7	92;67348;69795;+;354.2	181;148077;151691;+;375.3	80;52812;54128;+;135.0	92;67348;69795;+;128.6	78;51288;51914;+;92.1	95;70617;71882;+;67.6	98;73670;76465;+;145.3	69;45613;47478;+;47.4	81;54125;54703;+;100.2	69;45613;47478;+;52.0	A	9/9	split_2	102464	0	1	
NZ_CP114317.1	MPF_F	IncFIB(K);IncFII(pKP91)	252	0	0	GA	0															not_admitted	not_admitted	not_admitted	not_admitted	not_admitted	not_admitted	not_admitted	not_admitted	not_admitted	not_admitted	1	183;188006;188998;-;366.6	173;181134;182501;-;381.2	177;183746;184498;-;232.2	186;190024;192663;-;259.3	172;178303;181134;-;346.6	196;196483;197907;-;88.4	186;190024;192663;-;88.8	198;198634;199200;-;167.0	182;187355;187993;-;67.0	181;185341;187296;-;258.5	168;172831;175143;-;393.1	194;195296;195853;-;52.7	168;172831;175143;-;66.6	A	9/9	contiguous	25803	0	1	
NZ_CP114318.1	MPF_F	IncC	191	0	0	GA	0															not_admitted	not_admitted	not_admitted	not_admitted	not_admitted	not_admitted	not_admitted	not_admitted	not_admitted	not_admitted	1	97;72547;73554;+;332.9	180;146631;148064;+;339.2	179;145601;146629;+;221.7	92;67348;69795;+;354.2	181;148077;151691;+;375.3	80;52812;54128;+;135.0	92;67348;69795;+;128.6	78;51288;51914;+;92.1	95;70617;71882;+;67.6	98;73670;76465;+;145.3	69;45613;47478;+;47.4	81;54125;54703;+;100.2	69;45613;47478;+;52.0	A	9/9	split_2	102464	0	1	
NZ_CP114321.1	MPF_F	IncFIB(K);IncFII(pKP91)	252	0	0	GA	0															not_admitted	not_admitted	not_admitted	not_admitted	not_admitted	not_admitted	not_admitted	not_admitted	not_admitted	not_admitted	1	183;188006;188998;-;366.6	173;181134;182501;-;381.2	177;183746;184498;-;232.2	186;190024;192663;-;259.3	172;178303;181134;-;346.6	196;196483;197907;-;88.4	186;190024;192663;-;88.8	198;198634;199200;-;167.0	182;187355;187993;-;67.0	181;185341;187296;-;258.5	168;172831;175143;-;393.1	194;195296;195853;-;52.7	168;172831;175143;-;66.6	A	9/9	contiguous	25803	0	1	
NZ_CP114322.1	MPF_F	IncC	191	0	0	GA	0															not_admitted	not_admitted	not_admitted	not_admitted	not_admitted	not_admitted	not_admitted	not_admitted	not_admitted	not_admitted	1	97;72547;73554;+;332.9	180;146631;148064;+;339.2	179;145601;146629;+;221.7	92;67348;69795;+;354.2	181;148077;151691;+;375.3	80;52812;54128;+;135.0	92;67348;69795;+;128.6	78;51288;51914;+;92.1	95;70617;71882;+;67.6	98;73670;76465;+;145.3	69;45613;47478;+;47.4	81;54125;54703;+;100.2	69;45613;47478;+;52.0	A	9/9	split_2	102464	0	1	
NZ_CP114325.1	MPF_F	IncFIB(K);IncFII(pKP91)	253	0	0	GA	0															not_admitted	not_admitted	not_admitted	not_admitted	not_admitted	not_admitted	not_admitted	not_admitted	not_admitted	not_admitted	1	184;188005;188997;-;366.6	174;181133;182500;-;381.2	178;183745;184497;-;232.2	187;190023;192662;-;259.3	173;178302;181133;-;346.6	197;196482;197906;-;88.4	187;190023;192662;-;88.8	199;198633;199199;-;167.0	183;187354;187992;-;67.0	182;185340;187295;-;258.5	169;172830;175142;-;393.1	195;195295;195852;-;52.7	169;172830;175142;-;66.6	A	9/9	contiguous	25803	0	1	
NZ_CP114326.1	MPF_F	IncC	191	0	0	GA	0															not_admitted	not_admitted	not_admitted	not_admitted	not_admitted	not_admitted	not_admitted	not_admitted	not_admitted	not_admitted	1	97;72547;73554;+;332.9	180;146631;148064;+;339.2	179;145601;146629;+;221.7	92;67348;69795;+;354.2	181;148077;151691;+;375.3	80;52812;54128;+;135.0	92;67348;69795;+;128.6	78;51288;51914;+;92.1	95;70617;71882;+;67.6	98;73670;76465;+;145.3	69;45613;47478;+;47.4	81;54125;54703;+;100.2	69;45613;47478;+;52.0	A	9/9	split_2	102464	0	1	
NZ_CP114329.1	MPF_F	IncFIB(K);IncFII(pKP91)	253	0	0	GA	0															not_admitted	not_admitted	not_admitted	not_admitted	not_admitted	not_admitted	not_admitted	not_admitted	not_admitted	not_admitted	1	184;188005;188997;-;366.6	174;181133;182500;-;381.2	178;183745;184497;-;232.2	187;190023;192662;-;259.3	173;178302;181133;-;346.6	197;196482;197906;-;88.4	187;190023;192662;-;88.8	199;198633;199199;-;167.0	183;187354;187992;-;67.0	182;185340;187295;-;258.5	169;172830;175142;-;393.1	195;195295;195852;-;52.7	169;172830;175142;-;66.6	A	9/9	contiguous	25803	0	1	
NZ_CP114330.1	MPF_F	IncC	191	0	0	GA	0															not_admitted	not_admitted	not_admitted	not_admitted	not_admitted	not_admitted	not_admitted	not_admitted	not_admitted	not_admitted	1	97;72547;73554;+;332.9	180;146631;148064;+;339.2	179;145601;146629;+;221.7	92;67348;69795;+;354.2	181;148077;151691;+;375.3	80;52812;54128;+;135.0	92;67348;69795;+;128.6	78;51288;51914;+;92.1	95;70617;71882;+;67.6	98;73670;76465;+;145.3	69;45613;47478;+;47.4	81;54125;54703;+;100.2	69;45613;47478;+;52.0	A	9/9	split_2	102464	0	1	
NZ_CP114333.1	MPF_F	IncFIB(K);IncFII(pKP91)	243	0	0	GA	0															not_admitted	not_admitted	not_admitted	not_admitted	not_admitted	not_admitted	not_admitted	not_admitted	not_admitted	not_admitted	1	174;179233;180225;-;366.6	164;172361;173728;-;381.2	168;174973;175725;-;232.2	177;181251;183890;-;259.3	163;169530;172361;-;346.6	187;187710;189134;-;88.4	177;181251;183890;-;88.8	189;189861;190427;-;167.0	173;178582;179220;-;67.0	172;176568;178523;-;258.5	159;164058;166370;-;393.1	185;186523;187080;-;52.7	159;164058;166370;-;66.6	A	9/9	contiguous	25803	0	1	
NZ_CP114334.1	MPF_F	IncC	191	0	0	GA	0															not_admitted	not_admitted	not_admitted	not_admitted	not_admitted	not_admitted	not_admitted	not_admitted	not_admitted	not_admitted	1	97;72547;73554;+;332.9	180;146631;148064;+;339.2	179;145601;146629;+;221.7	92;67348;69795;+;354.2	181;148077;151691;+;375.3	80;52812;54128;+;135.0	92;67348;69795;+;128.6	78;51288;51914;+;92.1	95;70617;71882;+;67.6	98;73670;76465;+;145.3	69;45613;47478;+;47.4	81;54125;54703;+;100.2	69;45613;47478;+;52.0	A	9/9	split_2	102464	0	1	
NZ_CP114355.1	MPF_F	IncFIB(K);IncFII(pKP91)	253	0	0	GA	0															not_admitted	not_admitted	not_admitted	not_admitted	not_admitted	not_admitted	not_admitted	not_admitted	not_admitted	not_admitted	1	184;188005;188997;-;366.6	174;181133;182500;-;381.2	178;183745;184497;-;232.2	187;190023;192662;-;259.3	173;178302;181133;-;346.6	197;196482;197906;-;88.4	187;190023;192662;-;88.8	199;198633;199199;-;167.0	183;187354;187992;-;67.0	182;185340;187295;-;258.5	169;172830;175142;-;393.1	195;195295;195852;-;52.7	169;172830;175142;-;66.6	A	9/9	contiguous	25803	0	1	
NZ_CP114356.1	MPF_F	IncC	167	0	0	GA	0															not_admitted	not_admitted	not_admitted	not_admitted	not_admitted	not_admitted	not_admitted	not_admitted	not_admitted	not_admitted	1	97;72547;73554;+;332.9	156;126520;127953;+;339.2	155;125490;126518;+;221.7	92;67348;69795;+;354.2	157;127966;131580;+;375.3	80;52812;54128;+;135.0	92;67348;69795;+;128.6	78;51288;51914;+;92.1	95;70617;71882;+;67.6	98;73670;76465;+;145.3	69;45613;47478;+;47.4	81;54125;54703;+;100.2	69;45613;47478;+;52.0	A	9/9	split_2	82353	0	1	
NZ_CP114362.1	MPF_F	IncFIB(K);IncFII(pKP91)	243	0	0	GA	0															not_admitted	not_admitted	not_admitted	not_admitted	not_admitted	not_admitted	not_admitted	not_admitted	not_admitted	not_admitted	1	174;179233;180225;-;366.6	164;172361;173728;-;381.2	168;174973;175725;-;232.2	177;181251;183890;-;259.3	163;169530;172361;-;346.6	187;187710;189134;-;88.4	177;181251;183890;-;88.8	189;189861;190427;-;167.0	173;178582;179220;-;67.0	172;176568;178523;-;258.5	159;164058;166370;-;393.1	185;186523;187080;-;52.7	159;164058;166370;-;66.6	A	9/9	contiguous	25803	0	1	
NZ_CP114363.1	MPF_F	IncC	192	0	0	GA	0															not_admitted	not_admitted	not_admitted	not_admitted	not_admitted	not_admitted	not_admitted	not_admitted	not_admitted	not_admitted	1	98;73747;74754;+;332.9	181;147831;149264;+;339.2	180;146801;147829;+;221.7	93;68548;70995;+;354.2	182;149277;152891;+;375.3	81;54012;55328;+;135.0	93;68548;70995;+;128.6	79;52488;53114;+;92.1	96;71817;73082;+;67.6	99;74870;77665;+;145.3	70;46813;48678;+;47.4	82;55325;55903;+;100.2	70;46813;48678;+;52.0	A	9/9	split_2	102464	0	1	
NZ_CP114364.1	MPF_F	IncFII	88	0	0	GA	0															not_admitted	not_admitted	not_admitted	not_admitted	not_admitted	not_admitted	not_admitted	not_admitted	not_admitted	not_admitted	1	64;50369;51361;+;369.5	74;57140;58513;+;381.7	69;54467;55210;+;234.4	61;46730;49360;+;304.1	75;58510;61332;+;374.0	54;42280;43731;+;94.2	61;46730;49360;+;97.1	52;40999;41565;+;174.3	66;51705;52343;+;68.6	67;52340;54190;+;266.1	79;63604;65967;+;391.0	57;44591;45106;+;78.4	79;63604;65967;+;70.6	A	9/9	contiguous	22605	1	1	61354..61833+;159;TraS;0
NZ_CP114365.1	MPF_T	IncX4	42	0	0	GA	1	27;21979;22599;-;41.6	26;21639;21965;-;64.4	25;18873;21620;-;63.8	25;18873;21620;-;151.8	25;18873;21620;-;46.1	24;18145;18861;-;94.2	23;17039;18133;-;150.1		21;15838;16524;-;169.0	20;14933;15841;-;142.4	19;13822;14940;-;163.9	18;12792;13820;-;85.0	17;10943;12760;-;316.5		pfam	pfam_only	A	7/7	canonical	1	1	unscoreable	1	0	0														not_admitted	not_admitted	not_admitted	not_admitted	not_admitted	not_admitted	not_admitted
NZ_CP114378.1	MPF_T	IncN	66	0	0	GA	1	16;12078;12812;+;32.5		19;13455;13772;+;63.3	20;13772;16372;+;113.8	20;13772;16372;+;76.4	21;16390;17103;+;105.5	23;17354;18394;+;142.4		24;18613;19311;+;131.9	25;19322;20206;+;159.7	26;20206;21366;+;156.3	27;21408;22403;+;81.2	43;36326;37855;-;38.5		pfam	both	A	7/7	canonical	1	0	unscoreable	3	0	0														not_admitted	not_admitted	not_admitted	not_admitted	not_admitted	not_admitted	not_admitted
NZ_CP114565.1	MPF_F	IncHI1A(NDM-CIT);IncHI1B(pNDM-CIT)	380	1	1	GA	1		66;67951;68337;-;89.6	65;67685;67954;-;32.5	331;303845;306295;-;42.3	331;303845;306295;-;138.4	63;64482;65225;-;226.2	61;62779;64146;-;179.3		60;62056;62760;-;235.7	326;299688;300680;-;224.4	58;59781;61064;-;206.6	67;68324;69403;-;118.3	336;308481;310496;-;346.4	29;31502;34678;+;57.9	conjscan	conjscan_only	A	7/7	canonical	1	0	unscoreable	6	0	1	28;30776;31483;+;214.6	231;230429;231844;-;200.0	232;231834;232880;-;166.2	11;9294;11975;+;156.8	230;226431;230420;-;103.1	58;59781;61064;-;206.6	11;9294;11975;+;73.5	4;3136;3921;+;69.5	26;28775;30283;+;62.3	29;31502;34678;+;57.9	336;308481;310496;-;105.6	10;8335;9285;+;45.4	336;308481;310496;-;99.4	A	9/9	split_4	305345	0	1	
NZ_CP114566.1	MPF_F	IncC	255	0	0	GA	0															not_admitted	not_admitted	not_admitted	not_admitted	not_admitted	not_admitted	not_admitted	not_admitted	not_admitted	not_admitted	1	94;81494;82501;+;332.9	194;170100;171533;+;339.2	193;169070;170098;+;221.7	89;76295;78742;+;354.5	195;171546;175160;+;375.3	84;67423;68739;+;135.0	89;76295;78742;+;128.3	82;65899;66525;+;92.7	92;79564;80829;+;67.9	95;82617;85415;+;145.3	47;37335;39440;+;92.6	85;68736;69314;+;100.2	47;37335;39440;+;97.8	A	9/9	split_3	134211	0	1	
NZ_CP114567.1	MPF_F	IncFII(pECLA);repE(pEh60-7)	130	0	0	GA	0															not_admitted	not_admitted	not_admitted	not_admitted	not_admitted	not_admitted	not_admitted	not_admitted	not_admitted	not_admitted	1	101;84092;85090;+;362.9	110;90030;91394;+;359.8	104;87556;88338;+;212.9	93;78081;80690;+;222.5	111;91394;94681;+;309.3	85;73872;75275;+;92.3	93;78081;80690;+;103.0	83;72542;73123;+;94.6	102;85101;85727;+;64.0	103;85724;87559;+;221.9	115;96901;99468;+;365.5	91;77279;77833;+;44.2	115;96901;99468;+;71.3	A	9/9	contiguous	24359	1	1	94690..95403+;237;unnamed;0
NZ_CP114572.1	-	IncFII(Yp);IncFII(pAR0022)	78	0	0	GA	0															not_admitted	not_admitted	not_admitted	not_admitted	not_admitted	not_admitted	not_admitted	not_admitted	not_admitted	not_admitted	1	61;48274;49269;+;369.5	68;53789;55156;+;352.7	64;51737;52543;+;204.7	56;43966;46581;+;236.0	69;55156;58044;+;317.3	52;41293;42651;+;94.4	56;43966;46581;+;120.2	50;39971;40540;+;107.8	62;49288;49914;+;65.3	63;49911;51740;+;244.0	72;59075;61264;+;366.9	55;43376;43963;+;52.5	72;59075;61264;+;62.7	A	9/9	contiguous	19104	1	1	58041..58652+;203;unnamed;0
NZ_CP114574.1	MPF_F	IncHI2;IncHI2A	342	0	0	GA	0															not_admitted	not_admitted	not_admitted	not_admitted	not_admitted	not_admitted	not_admitted	not_admitted	not_admitted	not_admitted	1	29;32275;33333;+;276.9	218;202652;204067;+;194.1	217;201616;202662;+;173.7	11;8955;11636;+;168.0	219;204076;208026;+;101.6	7;5270;6625;+;80.7	11;8955;11636;+;72.2	4;2758;3546;+;74.8	27;30622;32133;+;62.7	30;33352;36540;+;58.3	208;191427;193511;-;56.7	10;7996;8946;+;46.4	208;191427;193511;-;38.8	A	9/9	split_3	201318	0	1	
NZ_CP114575.1	MPF_T	IncX3	69	0	0	GA	1	56;45773;46417;-;46.4	55;45499;45789;-;73.1	54;42721;45474;-;47.0	54;42721;45474;-;142.4	54;42721;45474;-;73.3	53;41941;42711;-;60.1	51;40607;41662;-;133.2		50;39684;40412;-;119.4	49;38749;39678;-;138.8	48;37538;38752;-;128.3	46;36308;37342;-;65.7	45;34470;36305;-;495.9		pfam	pfam_only	A	7/7	canonical	1	1	unscoreable	2	0	0														not_admitted	not_admitted	not_admitted	not_admitted	not_admitted	not_admitted	not_admitted
NZ_CP114577.1	MPF_F	-	110	0	0	GA	0															not_admitted	not_admitted	not_admitted	not_admitted	not_admitted	not_admitted	not_admitted	not_admitted	not_admitted	not_admitted	1	85;81097;82074;-;356.6	80;75971;77353;-;323.3	82;77837;78619;-;145.1	88;83044;85593;-;180.1	79;73089;75974;-;235.5	90;85842;87308;-;45.2	88;83044;85593;-;89.2	92;88076;88636;-;102.2	84;80420;81085;-;83.2	83;78616;80427;-;210.1	77;70530;72383;-;396.5		77;70530;72383;-;81.7	B	8/9	contiguous	17546	1	1	72473..73096-;207;unnamed;0
NZ_CP114581.1	-	-	54	0	0	GA	1	22;18868;19482;-;45.0	21;18571;18813;-;49.7	20;15739;18510;-;45.0	20;15739;18510;-;164.3	20;15739;18510;-;64.1	19;14962;15699;-;65.8	17;13669;14703;-;119.4		14;12528;13247;-;150.6	13;11608;12525;-;144.1	12;10427;11611;-;136.1	11;9393;10424;-;84.9	10;7552;9384;-;474.7		pfam	pfam_only	A	7/7	canonical	1	1	unscoreable	3	0	0														not_admitted	not_admitted	not_admitted	not_admitted	not_admitted	not_admitted	not_admitted
NZ_CP114593.1	MPF_T	IncI2(Delta)	83	0	0	GA	1	37;26277;26759;+;81.1		20;10391;10675;+;36.6	21;10681;12582;+;58.7	21;10681;12582;+;45.5	11;4935;5579;+;41.0	10;3934;4929;+;123.9		24;13205;13939;+;144.4	25;13936;14706;+;170.5	26;14696;15835;+;154.7	34;22971;24509;+;207.1	28;16925;18883;+;287.0		pfam	pfam_only	A	7/7	rearranged	1	0	unscoreable	16	0	0														not_admitted	not_admitted	not_admitted	not_admitted	not_admitted	not_admitted	not_admitted
NZ_CP114773.1	MPF_F	repFIB;repHI5B	305	0	0	GA	0															not_admitted	not_admitted	not_admitted	not_admitted	not_admitted	not_admitted	not_admitted	not_admitted	not_admitted	not_admitted	1	13;15885;16922;-;282.2			24;27791;30508;-;143.5		28;32631;33998;-;63.7	24;27791;30508;-;80.6	31;35653;36513;-;73.9	14;16919;18280;-;71.7	12;12694;15870;-;58.7		25;30557;31294;-;56.3		C	6/9	contiguous	22959	0	1	
NZ_CP114774.1	MPF_F	IncFII(pKP91)	225	0	0	GA	0															not_admitted	not_admitted	not_admitted	not_admitted	not_admitted	not_admitted	not_admitted	not_admitted	not_admitted	not_admitted	1	163;171655;172644;-;368.2	154;164053;165423;-;378.9	158;166619;167371;-;232.9	166;173673;176312;-;254.8	153;161231;164053;-;346.7	176;180212;181630;-;84.4	166;173673;176312;-;88.2	178;182351;182917;-;148.2	162;171013;171642;-;67.3	161;169058;171013;-;253.9	150;157141;159471;-;388.9	173;178848;179417;-;53.9	150;157141;159471;-;65.2	A	9/9	contiguous	25210	1	1	160591..161205-;204;TraS;0
NZ_CP114775.1	MPF_F	IncFII(p14)	118	0	0	GA	0															not_admitted	not_admitted	not_admitted	not_admitted	not_admitted	not_admitted	not_admitted	not_admitted	not_admitted	not_admitted	1	116;111716;112708;-;372.3	106;104704;106074;-;380.8	109;106858;107610;-;229.3	1;574;3213;-;254.4	105;101861;104704;-;346.5	8;5692;7113;-;86.2	1;574;3213;-;87.3	10;7834;8400;-;163.8	115;111077;111703;-;67.7	114;109137;111080;-;255.0	103;98822;101116;-;391.8	6;4949;5503;-;57.5	103;98822;101116;-;66.4	A	9/9	split_2	111142	1	1	101323..101850-;175;unnamed;0
NZ_CP114787.1	MPF_T	-	187	0	0	GA	1		175;178640;179011;-;75.7	174;178348;178647;-;60.9	173;175894;178341;-;160.7	173;175894;178341;-;126.7	172;175125;175922;-;51.8	170;173778;174944;-;105.9		169;173107;173769;-;123.7	168;172206;173030;-;179.0	166;170433;171737;-;221.2	176;179001;179972;-;131.0	45;55026;56948;-;511.2		conjscan	conjscan_only	A	7/7	canonical	1	0	unscoreable	3	0	0														not_admitted	not_admitted	not_admitted	not_admitted	not_admitted	not_admitted	not_admitted
NZ_CP114788.1	-	-	162	0	0	GA	1		160;158528;158887;-;73.6	159;158239;158535;-;61.8	158;155789;158236;-;135.2	158;155789;158236;-;126.5	157;155020;155811;-;58.9	155;153654;154811;-;108.7		154;152976;153638;-;135.3	153;152113;152946;-;185.8	151;150290;151630;-;209.9	161;158877;159881;-;120.6	74;72766;74685;-;441.3		conjscan	conjscan_only	A	7/7	canonical	1	0	unscoreable	3	0	0														not_admitted	not_admitted	not_admitted	not_admitted	not_admitted	not_admitted	not_admitted
NZ_CP114789.1	-	-	121	0	0	GA	1		120;120356;120715;-;73.7	73;74202;74498;+;64.1	74;74501;76948;+;138.8	74;74501;76948;+;122.2	75;76926;77720;+;60.4	77;77988;79205;+;90.3		78;79221;79883;+;137.2	79;79913;80746;+;189.4	81;81226;82569;+;211.9	71;72847;73860;+;120.3	20;17808;19712;-;433.1		conjscan	conjscan_only	A	7/7	canonical	1	0	unscoreable	3	0	0														not_admitted	not_admitted	not_admitted	not_admitted	not_admitted	not_admitted	not_admitted
NZ_CP114790.1	-	-	87	0	0	GA	1		18;24556;24915;+;73.6	19;24908;25204;+;61.8	20;25207;27654;+;135.2	20;25207;27654;+;126.2	21;27632;28423;+;59.2	23;28618;29775;+;106.9		24;29791;30453;+;135.3	25;30483;31316;+;185.8	27;31799;33139;+;210.3	17;23562;24566;+;120.6	69;71399;73318;+;441.3		conjscan	conjscan_only	A	7/7	canonical	1	0	unscoreable	3	0	0														not_admitted	not_admitted	not_admitted	not_admitted	not_admitted	not_admitted	not_admitted
NZ_CP114793.1	MPF_T	IncX1	55	0	0	GA	1	49;33925;34569;+;47.1	50;34553;34843;+;73.5	51;34867;37626;+;44.8	51;34867;37626;+;133.3	51;34867;37626;+;71.9	52;37628;38365;+;57.5	54;38647;39702;+;131.7			0;714;1067;+;53.7	2;1307;2263;+;129.7	3;2292;3329;+;66.4	5;3863;5167;+;443.5		pfam	pfam_only	B	6/7	canonical	1	1	unscoreable	2	0	0														not_admitted	not_admitted	not_admitted	not_admitted	not_admitted	not_admitted	not_admitted
NZ_CP114797.1	MPF_F	IncC	216	0	0	GA	0															not_admitted	not_admitted	not_admitted	not_admitted	not_admitted	not_admitted	not_admitted	not_admitted	not_admitted	not_admitted	1	210;174657;175664;-;332.9	99;71451;72884;-;339.2	100;72886;73926;-;221.6	215;178416;180827;-;354.2	98;67824;71438;-;375.3	4;7520;8836;-;135.0	215;178416;180827;-;128.7	6;9734;10360;-;92.1	212;176329;177594;-;67.6	209;171746;174541;-;145.3	15;14170;16035;-;47.4	3;6945;7523;-;100.2	15;14170;16035;-;52.0	A	9/9	split_3	171471	0	1	
NZ_CP114802.1	MPF_F	IncC	197	0	0	GA	0															not_admitted	not_admitted	not_admitted	not_admitted	not_admitted	not_admitted	not_admitted	not_admitted	not_admitted	not_admitted	1	121;99770;100777;-;332.9	57;39698;41131;-;339.2	58;41133;42161;-;221.7	126;103529;105976;-;354.5	56;36071;39685;-;374.5	131;113532;114848;-;135.0	126;103529;105976;-;128.3	133;115746;116372;-;92.7	123;101442;102707;-;67.9	120;96856;99654;-;145.3	142;120182;122047;-;47.3	130;112957;113535;-;100.2	142;120182;122047;-;52.0	A	9/9	split_2	84111	0	1	
NZ_CP114803.1	MPF_F	IncR	127	0	0	GA	0															not_admitted	not_admitted	not_admitted	not_admitted	not_admitted	not_admitted	not_admitted	not_admitted	not_admitted	not_admitted	1	115;98427;99425;-;355.1	108;92340;93704;-;356.2	112;95164;95946;-;218.7	122;102112;104715;-;217.3	107;89107;92340;-;299.0	126;106222;106566;-;36.1	122;102112;104715;-;101.6	1;1802;2386;-;105.0	114;97796;98416;-;57.0	113;95943;97799;-;214.7	100;83465;85990;-;358.5	123;104712;105269;-;39.5	100;83465;85990;-;68.0	A	9/9	split_2	104420	1	1	88388..89098-;236;unnamed;0
NZ_CP114805.1	MPF_T	-	85	0	0	GA	1	73;65083;65745;+;48.4	74;65756;66055;+;36.6	75;66065;68815;+;61.8	75;66065;68815;+;134.0	75;66065;68815;+;47.3	76;68834;69550;+;135.8	78;69864;70871;+;137.8		80;71081;71767;+;158.3	56;50986;51702;-;235.7	55;49769;50989;-;216.3	83;73850;74899;+;71.5	4;3963;5870;+;23.8		pfam	pfam_only	A	7/7	canonical	1	1	unscoreable	2	0	0														not_admitted	not_admitted	not_admitted	not_admitted	not_admitted	not_admitted	not_admitted
NZ_CP114854.1	MPF_F	IncFIB(K);IncFII(K)	251	0	0	GA	0															not_admitted	not_admitted	not_admitted	not_admitted	not_admitted	not_admitted	not_admitted	not_admitted	not_admitted	not_admitted	1	27;27268;28257;-;363.3	16;20082;21449;-;382.2	20;22707;23459;-;236.4	31;29714;32353;-;259.0	15;17239;20082;-;342.9	42;36320;37744;-;88.8	31;29714;32353;-;87.6	44;38471;39037;-;167.9	25;26345;26992;-;65.9	24;24331;26286;-;259.5	11;12342;14654;-;392.8	39;35124;35708;-;53.8	11;12342;14654;-;65.9	A	9/9	contiguous	26129	1	1	16704..17228-;174;unnamed;0
NZ_CP114856.1	MPF_F	repFIB;repHI5B	161	0	0	GA	0															not_admitted	not_admitted	not_admitted	not_admitted	not_admitted	not_admitted	not_admitted	not_admitted	not_admitted	not_admitted	1	128;100440;101477;+;282.2			116;86047;88764;+;141.1		112;82557;83924;+;63.7	116;86047;88764;+;80.6	109;80042;80902;+;73.9	127;99082;100443;+;71.7	129;101492;104668;+;58.7		115;85261;85998;+;56.3		C	6/9	contiguous	21450	0	1	
NZ_CP114872.1	MPF_T	-	82	0	0	GA	1		62;82905;83252;+;77.8	63;83252;83518;+;30.5	64;83571;86045;+;40.4	64;83571;86045;+;132.4	66;86376;87098;+;60.3	68;87326;88636;+;128.1		69;88657;89340;+;165.0	70;89337;90326;+;187.7	71;90323;91555;+;206.2	19;24380;25381;+;143.2	18;22411;24402;+;263.1		conjscan	conjscan_only	A	7/7	canonical	1	0	unscoreable	3	0	0														not_admitted	not_admitted	not_admitted	not_admitted	not_admitted	not_admitted	not_admitted
NZ_CP114875.1	MPF_T	-	59	0	0	GA	1				46;42195;44213;+;24.3									52;48239;49750;+;461.8		none	none	D	2/7	uncallable	0	0	unscoreable	5	0	0														not_admitted	not_admitted	not_admitted	not_admitted	not_admitted	not_admitted	not_admitted
NZ_CP114980.1	MPF_F	IncFIB(pECLA)	187	0	0	GA	0															not_admitted	not_admitted	not_admitted	not_admitted	not_admitted	not_admitted	not_admitted	not_admitted	not_admitted	not_admitted	1	93;76938;77936;+;364.2	102;83173;84537;+;359.5	96;80402;81184;+;214.9	85;70971;73580;+;214.8	103;84537;87935;+;306.6	77;66955;68358;+;90.2	85;70971;73580;+;103.5	75;65625;66206;+;100.9	94;77947;78573;+;64.3	95;78570;80405;+;222.5	109;91244;93799;+;360.8	83;70181;70723;+;46.9	109;91244;93799;+;72.7	A	9/9	contiguous	25619	1	1	87937..88626+;229;unnamed;0
NZ_CP114982.1	MPF_T	ColKP3;IncX3	66	0	0	GA	1	17;16152;16796;-;46.4	16;15878;16168;-;73.1	15;13100;15853;-;47.0	15;13100;15853;-;142.4	15;13100;15853;-;73.3	14;12320;13090;-;60.1	12;10986;12041;-;132.8		11;10063;10791;-;119.4	10;9128;10057;-;138.8	9;7917;9131;-;128.3	7;6687;7721;-;65.7	6;4849;6684;-;495.9		pfam	pfam_only	A	7/7	canonical	1	1	unscoreable	2	0	0														not_admitted	not_admitted	not_admitted	not_admitted	not_admitted	not_admitted	not_admitted
NZ_CP114987.1	MPF_F	IncFII(pHN7A8)	82	0	0	GA	0															not_admitted	not_admitted	not_admitted	not_admitted	not_admitted	not_admitted	not_admitted	not_admitted	not_admitted	not_admitted	1	55;43737;44729;+;369.5	68;51562;52935;+;376.8	63;49253;49996;+;234.4	52;40101;42728;+;301.8	69;52932;55748;+;376.7	47;36619;38046;+;94.1	52;40101;42728;+;101.8	45;35338;35904;+;183.8	58;45675;46313;+;70.4	61;47126;48976;+;265.0	73;58049;60274;+;391.7	51;39070;39585;+;78.0	73;58049;60274;+;70.3	A	9/9	contiguous	22711	1	1	55781..56302+;173;unnamed;0
NZ_CP114988.1	MPF_T	ColKP3;IncX3	65	0	0	GA	1	24;14952;15596;+;46.4	25;15580;15870;+;73.1	26;15895;18648;+;47.0	26;15895;18648;+;142.4	26;15895;18648;+;73.3	27;18658;19428;+;60.1	29;19707;20762;+;132.8		30;20957;21685;+;119.4	31;21691;22620;+;138.8	32;22617;23831;+;128.3	34;24027;25061;+;65.7	35;25064;26899;+;495.9		pfam	pfam_only	A	7/7	canonical	1	1	unscoreable	2	0	0														not_admitted	not_admitted	not_admitted	not_admitted	not_admitted	not_admitted	not_admitted
NZ_CP114995.1	MPF_T	ColKP3;IncX3	65	0	0	GA	1	38;31229;31873;-;46.4	37;30955;31245;-;73.1	36;28177;30930;-;47.0	36;28177;30930;-;142.4	36;28177;30930;-;73.3	35;27397;28167;-;60.1	33;26063;27118;-;132.8		32;25140;25868;-;119.4	31;24205;25134;-;138.8	30;22994;24208;-;128.3	28;21764;22798;-;65.7	27;19926;21761;-;495.9		pfam	pfam_only	A	7/7	canonical	1	1	unscoreable	2	0	0														not_admitted	not_admitted	not_admitted	not_admitted	not_admitted	not_admitted	not_admitted
NZ_CP114998.1	MPF_T	ColKP3;IncX3	65	0	0	GA	1	27;21197;21841;+;46.4	28;21825;22115;+;73.1	29;22140;24893;+;47.0	29;22140;24893;+;142.4	29;22140;24893;+;73.3	30;24903;25673;+;60.1	32;25952;27007;+;132.8		33;27202;27930;+;119.4	34;27936;28865;+;138.8	35;28862;30076;+;128.3	37;30272;31306;+;65.7	38;31309;33144;+;495.9		pfam	pfam_only	A	7/7	canonical	1	1	unscoreable	2	0	0														not_admitted	not_admitted	not_admitted	not_admitted	not_admitted	not_admitted	not_admitted
NZ_CP115001.1	MPF_F	IncHI2;IncHI2A	317	0	0	GA	0															not_admitted	not_admitted	not_admitted	not_admitted	not_admitted	not_admitted	not_admitted	not_admitted	not_admitted	not_admitted	1	31;33420;34478;+;276.9	180;166234;167649;+;194.1	179;165198;166244;+;173.7	11;8955;11636;+;168.0	181;167658;171608;+;101.6	7;5270;6625;+;80.7	11;8955;11636;+;72.2	4;2758;3546;+;74.8	29;31767;33278;+;62.7	32;34497;37685;+;58.3	173;156073;158157;-;56.7	10;7996;8946;+;46.4	173;156073;158157;-;38.8	A	9/9	split_3	164900	0	1	
NZ_CP115002.1	MPF_T	ColKP3;IncX3	65	0	0	GA	1	25;21115;21759;-;46.4	24;20841;21131;-;73.1	23;18063;20816;-;47.0	23;18063;20816;-;142.4	23;18063;20816;-;73.3	22;17283;18053;-;60.1	20;15949;17004;-;132.8		19;15026;15754;-;119.4	18;14091;15020;-;138.8	17;12880;14094;-;128.3	15;11650;12684;-;65.7	14;9812;11647;-;495.9		pfam	pfam_only	A	7/7	canonical	1	1	unscoreable	2	0	0														not_admitted	not_admitted	not_admitted	not_admitted	not_admitted	not_admitted	not_admitted
NZ_CP115005.1	MPF_T	ColKP3;IncX3	68	0	0	GA	1	39;32770;33390;-;45.9	38;32496;32786;-;73.1	37;29718;32471;-;47.0	37;29718;32471;-;142.4	37;29718;32471;-;73.3	36;28938;29708;-;60.1	34;27604;28659;-;132.8		33;26681;27409;-;119.4	32;25746;26675;-;138.8	31;24535;25749;-;128.3	28;22240;23274;-;65.7	27;20402;22237;-;495.9		pfam	pfam_only	A	7/7	canonical	1	1	unscoreable	3	0	0														not_admitted	not_admitted	not_admitted	not_admitted	not_admitted	not_admitted	not_admitted
NZ_CP115013.1	MPF_T	ColKP3;IncX3	66	0	0	GA	1	29;23364;24008;+;46.4	30;23992;24282;+;73.1	31;24307;27060;+;47.0	31;24307;27060;+;142.4	31;24307;27060;+;73.3	32;27070;27840;+;60.1	34;28119;29174;+;132.8		35;29369;30097;+;119.4	36;30103;31032;+;138.8	37;31029;32243;+;128.3	39;32439;33473;+;65.7	40;33476;35311;+;495.9		pfam	pfam_only	A	7/7	canonical	1	1	unscoreable	2	0	0														not_admitted	not_admitted	not_admitted	not_admitted	not_admitted	not_admitted	not_admitted
NZ_CP115019.1	MPF_T	ColKP3;IncX3	67	0	0	GA	1	51;38838;39482;+;46.4	52;39466;39756;+;73.1	53;39781;42534;+;47.0	53;39781;42534;+;142.4	53;39781;42534;+;73.3	54;42544;43314;+;60.1	56;43593;44648;+;132.8		57;44843;45571;+;119.4	58;45577;46506;+;138.8	59;46503;47717;+;128.3	61;47913;48947;+;65.7	62;48950;50785;+;495.9		pfam	pfam_only	A	7/7	canonical	1	1	unscoreable	2	0	0														not_admitted	not_admitted	not_admitted	not_admitted	not_admitted	not_admitted	not_admitted
NZ_CP115130.1	MPF_F	IncFIB(pB171);IncFII(Yp);IncFII(pAR0022)	128	0	0	GA	0															not_admitted	not_admitted	not_admitted	not_admitted	not_admitted	not_admitted	not_admitted	not_admitted	not_admitted	not_admitted	1	66;65090;66076;-;368.4	58;59007;60377;-;376.7	62;61594;62343;-;218.2	69;67070;69700;-;285.0	57;56185;59007;-;336.5	75;71728;73122;-;90.9	69;67070;69700;-;98.6	77;73839;74405;-;169.9	65;64444;65073;-;66.9	64;62594;64447;-;257.4	54;52648;54849;-;384.8	74;71167;71706;-;64.9	54;52648;54849;-;63.9	A	9/9	contiguous	21191	1	1	55732..56163-;143;TraS;0
NZ_CP115190.1	MPF_F	-	222	0	0	GA	0															not_admitted	not_admitted	not_admitted	not_admitted	not_admitted	not_admitted	not_admitted	not_admitted	not_admitted	not_admitted	1	62;57853;58860;-;329.4	169;150902;152341;-;325.0	170;152343;153377;-;208.0	67;61639;64089;-;315.0	168;147242;150895;-;344.7	73;71980;73329;-;124.9	67;61639;64089;-;134.6	75;74273;74902;-;86.9	64;59558;60826;-;65.4	61;54877;57657;-;142.3	81;77248;79116;-;44.9	72;71432;71923;-;85.4	81;77248;79116;-;48.3	A	9/9	split_2	97466	0	1	
NZ_CP115195.1	-	-	64	0	0	GA	1	54;41759;42466;+;34.8		61;45096;45494;+;24.9	62;45448;47883;+;71.6		0;5;673;+;50.4	2;1030;1995;+;122.4		3;2334;3149;+;140.4	4;3146;3955;+;145.2	7;4478;5827;+;136.5	8;5837;6871;+;61.5	11;7912;9498;+;262.7		pfam	pfam_only	A	7/7	rearranged	1	0	unscoreable	10	0	0														not_admitted	not_admitted	not_admitted	not_admitted	not_admitted	not_admitted	not_admitted
NZ_CP115216.1	MPF_T	-	180	0	0	GA	0															not_admitted	not_admitted	not_admitted	not_admitted	not_admitted	not_admitted	not_admitted	not_admitted	not_admitted	not_admitted	1	106;98287;99318;-;313.1		92;86270;86860;-;25.1	109;101115;103586;-;264.6		114;111719;113092;-;129.4	109;101115;103586;-;127.3	116;114404;115039;-;90.3	107;99308;100555;-;57.2	136;132472;135174;-;126.5	121;117235;119070;-;42.1	113;111081;111698;-;86.5	121;117235;119070;-;54.5	C	7/9	contiguous	46202	0	1	
NZ_CP115217.1	-	-	416	0	0	GA	0															not_admitted	not_admitted	not_admitted	not_admitted	not_admitted	not_admitted	not_admitted	not_admitted	not_admitted	not_admitted	1	300;239040;240101;+;298.1	341;274850;276295;+;273.9	340;273830;274846;+;236.8	295;233896;236313;+;266.1	342;276295;279327;+;304.6	290;223877;225229;+;130.1	295;233896;236313;+;131.6	288;222134;222775;+;97.1	298;237162;238367;+;67.3	301;240104;243508;+;128.4	283;217946;219811;+;53.7	291;225308;225823;+;75.8	283;217946;219811;+;49.7	A	9/9	split_2	58349	1	1	279463..280179+;238;unnamed;0
NZ_CP115228.1	-	-	69	0	0	GA	1	15;12084;12791;-;34.8		13;11356;11754;-;24.6	12;8967;11402;-;71.6		10;8054;8713;-;52.7	8;6723;7694;-;119.9		7;5569;6384;-;140.4	6;4763;5572;-;145.2	3;2894;4240;-;140.0	2;1850;2884;-;61.5	68;49691;50449;-;117.7		pfam	pfam_only	A	7/7	canonical	1	0	unscoreable	13	0	0														not_admitted	not_admitted	not_admitted	not_admitted	not_admitted	not_admitted	not_admitted
NZ_CP115290.1	-	-	63	0	0	GA	1	54;39446;40153;+;33.5		56;40483;40881;+;24.9	57;40835;43270;+;72.0		59;43524;44192;+;50.4	61;44549;45514;+;120.0		62;45847;46662;+;140.4	0;78;626;+;102.5	3;969;2318;+;136.5	4;2328;3362;+;62.1	7;4404;5600;+;189.8		pfam	pfam_only	A	7/7	canonical	1	0	unscoreable	7	0	0														not_admitted	not_admitted	not_admitted	not_admitted	not_admitted	not_admitted	not_admitted
NZ_CP115314.1	MPF_F	IncFIB(AP001918);IncFIC(FII)	111	0	0	GA	0															not_admitted	not_admitted	not_admitted	not_admitted	not_admitted	not_admitted	not_admitted	not_admitted	not_admitted	not_admitted	1	53;50007;50999;-;369.3	45;43938;45311;-;381.0	49;46532;47275;-;232.7	56;52008;54635;-;303.5	44;41119;43941;-;380.3	60;56547;57974;-;94.3	56;52008;54635;-;100.3	62;58689;59255;-;183.8	52;49360;49998;-;68.3	51;47555;49363;-;268.3	41;37405;39585;-;391.8	57;55151;55666;-;78.0	41;37405;39585;-;70.4	A	9/9	contiguous	21284	1	1	40601..41098-;165;TraS;0
NZ_CP115315.1	MPF_T	IncN	58	0	0	GA	1	22;17765;18499;+;32.5	24;18799;19092;+;28.7	25;19142;19459;+;63.3	26;19459;22059;+;111.8	26;19459;22059;+;76.8	27;22077;22790;+;97.1	29;23041;24081;+;153.6		30;24300;24998;+;131.9	31;25009;25893;+;159.0	32;25893;27053;+;154.9	33;27095;28090;+;81.2	37;32659;34188;-;38.5		pfam	both	A	7/7	canonical	1	0	unscoreable	5	0	0														not_admitted	not_admitted	not_admitted	not_admitted	not_admitted	not_admitted	not_admitted
NZ_CP115325.1	MPF_F	Col156;IncFIA;IncFIB(AP001918);IncFII	162	0	0	GA	0															not_admitted	not_admitted	not_admitted	not_admitted	not_admitted	not_admitted	not_admitted	not_admitted	not_admitted	not_admitted	1	83;76114;77106;+;367.4	94;82792;84165;+;380.9	87;79835;80578;+;235.0	80;72478;75105;+;305.4	95;84162;86597;+;386.4	74;68996;70423;+;94.3	80;72478;75105;+;98.5	72;67715;68281;+;183.8	84;77115;77753;+;68.6	85;77750;79558;+;268.3	100;89828;92017;+;391.3	78;71447;71962;+;78.4	100;89828;92017;+;70.4	A	9/9	contiguous	22113	1	1	86701..87909+;402;unnamed;0
NZ_CP115331.1	MPF_F	Col156;IncFIA;IncFIB(AP001918);IncFII(pRSB107)	182	0	0	GA	0															not_admitted	not_admitted	not_admitted	not_admitted	not_admitted	not_admitted	not_admitted	not_admitted	not_admitted	not_admitted	1	115;103213;104205;-;369.5	102;94081;95454;-;386.6	110;99364;100107;-;231.4	118;105214;107841;-;303.9	101;91265;94084;-;386.3	124;109726;111177;-;94.1	118;105214;107841;-;96.5	126;111892;112458;-;184.3	113;102231;102869;-;68.7	112;100384;102234;-;266.7	97;86827;89007;-;391.8	121;108357;108872;-;75.2	97;86827;89007;-;70.3	A	9/9	contiguous	25065	1	1	90749..91240-;163;TraS;0
NZ_CP115353.1	MPF_F	IncFII	86	0	0	GA	0															not_admitted	not_admitted	not_admitted	not_admitted	not_admitted	not_admitted	not_admitted	not_admitted	not_admitted	not_admitted	1	62;50891;51883;+;369.5	72;57662;59035;+;381.7	67;54989;55732;+;234.4	59;47252;49882;+;304.1	73;59032;61854;+;374.0	48;41063;42514;+;94.2	59;47252;49882;+;97.1	46;39782;40348;+;174.3	64;52227;52865;+;68.6	65;52862;54712;+;266.1	77;64126;66396;+;391.1	51;43374;43889;+;78.4	77;64126;66396;+;70.3	A	9/9	contiguous	24344	1	1	61876..62355+;159;TraS;0
NZ_CP115354.1	MPF_T	IncX1	56	0	0	GA	1	4;4282;4929;-;45.2	3;4008;4304;-;65.9	2;1233;3986;-;44.2	2;1233;3986;-;148.0	2;1233;3986;-;71.6	1;464;1222;-;67.3	55;44590;45462;-;89.8		54;43632;44345;-;119.7	53;42698;43627;-;136.0	52;41496;42701;-;132.5	51;40463;41494;-;76.5	50;38625;40460;-;489.3		pfam	pfam_only	A	7/7	rearranged	1	1	unscoreable	0	0	0														not_admitted	not_admitted	not_admitted	not_admitted	not_admitted	not_admitted	not_admitted
NZ_CP115359.1	MPF_F	IncFIA;IncFIB(AP001918);IncFII	169	0	0	GA	0															not_admitted	not_admitted	not_admitted	not_admitted	not_admitted	not_admitted	not_admitted	not_admitted	not_admitted	not_admitted	1	79;67581;68573;+;367.4	89;74260;75633;+;380.9	83;71302;72045;+;235.0	76;63945;66572;+;305.4	90;75630;76553;+;249.9	70;60463;61890;+;94.3	76;63945;66572;+;98.5	68;59182;59748;+;183.8	80;68582;69220;+;68.6	81;69217;71025;+;268.3	96;81219;83408;+;391.3	74;62914;63429;+;78.4	96;81219;83408;+;70.4	A	9/9	contiguous	22037	0	1	
NZ_CP115362.1	MPF_F	IncFIB(AP001918);IncFIC(FII)	157	0	0	GA	0															not_admitted	not_admitted	not_admitted	not_admitted	not_admitted	not_admitted	not_admitted	not_admitted	not_admitted	not_admitted	1	109;97045;98037;-;369.3	98;89986;91359;-;378.0	105;93573;94316;-;234.1	112;99046;101673;-;305.4	97;87167;89989;-;389.5	118;103728;105155;-;94.3	112;99046;101673;-;98.5	120;105870;106436;-;183.8	108;96398;97036;-;68.4	107;94593;96401;-;268.4	94;83485;85638;-;391.9	114;102189;102704;-;78.4	94;83485;85638;-;70.4	A	9/9	contiguous	22385	1	1	86654..87145-;163;TraS;0
NZ_CP115366.1	MPF_T	IncN;IncR	136	0	0	GA	1	101;93348;94082;+;32.5	103;94382;94675;+;28.7	104;94725;95042;+;63.3	105;95042;97018;+;112.4	105;95042;97018;+;77.4	107;97658;98371;+;97.1	108;98620;99660;+;153.6		109;99879;100577;+;131.9	110;100588;101472;+;159.0	111;101472;102632;+;154.9	112;102674;103669;+;81.2	115;108236;109765;-;38.5		pfam	both	A	7/7	canonical	1	0	unscoreable	4	0	0														not_admitted	not_admitted	not_admitted	not_admitted	not_admitted	not_admitted	not_admitted
NZ_CP115367.1	MPF_F	IncFII(pHN7A8)	82	0	0	GA	0															not_admitted	not_admitted	not_admitted	not_admitted	not_admitted	not_admitted	not_admitted	not_admitted	not_admitted	not_admitted	1	55;43737;44729;+;369.5	68;51561;52934;+;376.8	63;49253;49996;+;234.4	52;40101;42728;+;301.8	69;52931;55747;+;376.7	47;36619;38046;+;94.1	52;40101;42728;+;101.8	45;35338;35904;+;183.8	58;45675;46313;+;70.4	61;47126;48976;+;265.0	73;58048;60273;+;391.7	51;39070;39585;+;78.0	73;58048;60273;+;70.3	A	9/9	contiguous	22710	1	1	55780..56301+;173;unnamed;0
NZ_CP115371.1	MPF_F	IncFIA;IncFIB(AP001918);IncFII	160	0	0	GA	0															not_admitted	not_admitted	not_admitted	not_admitted	not_admitted	not_admitted	not_admitted	not_admitted	not_admitted	not_admitted	1	90;80522;81514;-;367.4	79;73463;74836;-;380.9	86;77050;77793;-;235.0	93;82523;85150;-;305.4	78;70641;73466;-;385.9	99;87205;88632;-;94.3	93;82523;85150;-;98.5	101;89347;89913;-;182.1	89;79875;80513;-;68.6	88;78070;79878;-;268.3	75;66958;69138;-;391.3	95;85666;86181;-;78.4	75;66958;69138;-;70.4	A	9/9	contiguous	22389	1	1	70135..70644-;169;unnamed;0
NZ_CP115391.1	MPF_F	Col156;IncFIB(AP001918);IncFII(29)	171	0	0	GA	0															not_admitted	not_admitted	not_admitted	not_admitted	not_admitted	not_admitted	not_admitted	not_admitted	not_admitted	not_admitted	1	114;102650;103642;-;369.5	102;95223;96596;-;381.7	109;98801;99544;-;233.1	117;104651;107281;-;304.0	101;92404;95226;-;388.5	124;110412;111839;-;93.9	117;104651;107281;-;99.3	126;112554;113120;-;183.1	112;101668;102306;-;68.6	111;99821;101671;-;271.9	93;85241;87592;-;390.9	121;108768;109283;-;73.9	93;85241;87592;-;70.2	A	9/9	contiguous	27313	1	1	91903..92382-;159;TraS;0
NZ_CP115395.1	MPF_F	IncFII	97	0	0	GA	0															not_admitted	not_admitted	not_admitted	not_admitted	not_admitted	not_admitted	not_admitted	not_admitted	not_admitted	not_admitted	1	74;58160;59152;+;369.5	84;64931;66304;+;381.7	79;62258;63001;+;234.4	71;54521;57151;+;304.1	85;66301;69123;+;374.0	64;50071;51522;+;94.2	71;54521;57151;+;97.1	62;48790;49356;+;174.3	76;59496;60134;+;68.6	77;60131;61981;+;266.1	89;71395;73602;+;391.2	67;52382;52897;+;78.4	89;71395;73602;+;70.3	A	9/9	contiguous	22605	1	1	69145..69624+;159;TraS;0
NZ_CP115458.1	MPF_T	-	126	0	0	GA	1	96;85202;85867;+;29.2	97;85889;86230;+;76.3	98;86255;86581;+;73.2	99;86568;88952;+;164.5	99;86568;88952;+;109.9	100;88966;89679;+;130.3	102;90031;91047;+;117.7		104;91388;92071;+;156.3	105;92068;92910;+;177.4	106;92912;94180;+;175.3	107;94177;95169;+;102.1	108;95147;97063;+;356.3		pfam	both	A	7/7	canonical	1	0	unscoreable	2	0	0														not_admitted	not_admitted	not_admitted	not_admitted	not_admitted	not_admitted	not_admitted
NZ_CP115459.1	MPF_T	-	218	0	0	GA	1	27;22416;23084;-;44.1	26;22078;22419;-;79.7	25;21732;22070;-;86.2	24;19328;21739;-;171.5	24;19328;21739;-;122.3	23;18613;19323;-;174.9	22;17427;18371;-;120.3		20;16397;17086;-;169.9	19;15543;16400;-;187.9	18;14299;15537;-;182.8	17;13298;14302;-;102.5	16;11335;13332;-;339.1		pfam	both	A	7/7	canonical	1	0	unscoreable	1	0	0														not_admitted	not_admitted	not_admitted	not_admitted	not_admitted	not_admitted	not_admitted
NZ_CP115460.1	MPF_T	-	91	0	0	GA	1	84;72929;73531;+;33.8	86;75072;75395;+;65.8	87;75397;75729;+;81.3	88;75722;78088;+;148.5	88;75722;78088;+;107.7	89;78090;78812;+;165.7	0;25;1074;+;102.4		2;1518;2195;+;184.8	3;2197;3204;+;188.4	4;3206;4495;+;170.9	5;4499;5509;+;95.7	6;5531;7450;+;323.3		pfam	both	A	7/7	rearranged	1	0	unscoreable	2	0	0														not_admitted	not_admitted	not_admitted	not_admitted	not_admitted	not_admitted	not_admitted
NZ_CP115615.1	MPF_F	IncHI1A(NDM-CIT);IncHI1B(pNDM-CIT)	377	1	1	GA	1		66;67951;68337;-;89.6	65;67685;67954;-;32.5	328;299599;302049;-;42.3	328;299599;302049;-;138.4	63;64482;65225;-;226.2	61;62779;64146;-;179.3		60;62056;62760;-;235.7	323;295442;296434;-;224.4	58;59781;61064;-;206.6	67;68324;69403;-;118.3	333;304235;306250;-;346.4	29;31502;34678;+;57.9	conjscan	conjscan_only	A	7/7	canonical	1	0	unscoreable	6	0	1	28;30776;31483;+;214.6	228;226183;227598;-;200.0	229;227588;228634;-;166.2	11;9294;11975;+;156.8	227;222185;226174;-;103.1	58;59781;61064;-;206.6	11;9294;11975;+;73.5	4;3136;3921;+;69.5	26;28775;30283;+;62.3	29;31502;34678;+;57.9	333;304235;306250;-;105.6	10;8335;9285;+;45.4	333;304235;306250;-;99.4	A	9/9	split_4	301099	0	1	
NZ_CP115616.1	MPF_F	IncC	255	0	0	GA	0															not_admitted	not_admitted	not_admitted	not_admitted	not_admitted	not_admitted	not_admitted	not_admitted	not_admitted	not_admitted	1	148;123046;124053;-;332.9	194;170100;171533;+;339.2	193;169070;170098;+;221.7	153;126805;129252;-;354.5	195;171546;175160;+;375.3	158;136808;138124;-;135.0	153;126805;129252;-;128.3	160;139022;139648;-;92.7	150;124718;125983;-;67.9	147;120132;122930;-;145.3	47;37335;39440;+;92.6	157;136233;136811;-;100.2	47;37335;39440;+;97.8	A	9/9	split_3	134211	0	1	
NZ_CP115624.1	MPF_F	-	100	0	0	GA	0															not_admitted	not_admitted	not_admitted	not_admitted	not_admitted	not_admitted	not_admitted	not_admitted	not_admitted	not_admitted	1	87;56461;57504;+;369.2	92;61483;62910;+;325.8	90;60273;61085;+;219.1	83;52173;54899;+;164.6	93;62926;65928;+;208.7	79;49175;50491;+;102.7	83;52173;54899;+;108.4	77;47884;48462;+;82.6	88;57519;58226;+;107.6	89;58223;60280;+;92.2	59;35164;37323;+;381.4	82;51519;52163;+;41.9	59;35164;37323;+;89.7	A	9/9	contiguous	27762	1	1	66000..66518+;172;unnamed;0
NZ_CP115627.1	MPF_F	-	100	0	0	GA	0															not_admitted	not_admitted	not_admitted	not_admitted	not_admitted	not_admitted	not_admitted	not_admitted	not_admitted	not_admitted	1	87;56461;57504;+;369.2	92;61483;62910;+;325.8	90;60273;61085;+;219.1	83;52173;54899;+;164.6	93;62926;65928;+;208.7	79;49175;50491;+;102.7	83;52173;54899;+;108.4	77;47884;48462;+;82.6	88;57519;58226;+;107.6	89;58223;60280;+;92.2	59;35164;37323;+;381.4	82;51519;52163;+;41.9	59;35164;37323;+;89.7	A	9/9	contiguous	27762	1	1	66000..66518+;172;unnamed;0
NZ_CP115630.1	MPF_F	-	97	0	0	GA	0															not_admitted	not_admitted	not_admitted	not_admitted	not_admitted	not_admitted	not_admitted	not_admitted	not_admitted	not_admitted	1	80;54394;55437;+;369.2	85;59416;60843;+;325.8	83;58206;59018;+;219.1	76;50106;52832;+;164.6	86;60859;63861;+;208.7	72;47108;48424;+;102.7	76;50106;52832;+;108.4	70;45817;46395;+;82.6	81;55452;56159;+;107.6	82;56156;58213;+;92.2	52;33097;35256;+;381.4	75;49452;50096;+;41.9	52;33097;35256;+;89.7	A	9/9	contiguous	27762	1	1	63933..64451+;172;unnamed;0
NZ_CP115673.1	MPF_F	IncFIB(pECLA);IncFII(pECLA)	162	0	0	GA	0															not_admitted	not_admitted	not_admitted	not_admitted	not_admitted	not_admitted	not_admitted	not_admitted	not_admitted	not_admitted	1	134;113985;114983;+;362.5	143;120232;121596;+;358.9	137;117449;118231;+;212.9	126;107974;110583;+;225.6	144;121596;124916;+;307.0	118;104008;105417;+;90.6	126;107974;110583;+;99.4	116;102678;103259;+;95.4	135;114994;115620;+;63.9	136;115617;117452;+;221.2	148;127059;129626;+;364.9	124;107172;107726;+;44.9	148;127059;129626;+;71.3	A	9/9	contiguous	24381	1	1	124929..125525+;198;unnamed;0
NZ_CP115675.1	MPF_T	IncN	83	0	0	GA	1	50;42844;43578;+;32.5		53;44221;44538;+;63.3	54;44538;47138;+;111.8	54;44538;47138;+;76.8	55;47156;47869;+;97.1	57;48120;49160;+;153.6		58;49379;50077;+;131.9	59;50088;50972;+;159.0	60;50972;52132;+;154.9	61;52174;53169;+;81.2	12;15329;16858;-;38.5		pfam	both	A	7/7	canonical	1	0	unscoreable	3	0	0														not_admitted	not_admitted	not_admitted	not_admitted	not_admitted	not_admitted	not_admitted
NZ_CP115676.1	-	repA(pENTd4a)	68	0	0	GA	1	43;30072;30575;-;83.4			62;48802;51231;-;116.5	62;48802;51231;-;59.6	61;48152;48805;-;125.4	60;47156;48121;-;108.3		59;46371;47057;-;103.5	58;45532;46374;-;158.7	57;44385;45542;-;134.7	51;37338;38879;-;195.3	17;12804;14363;+;59.7		pfam	both	A	7/7	canonical	1	0	unscoreable	12	0	0														not_admitted	not_admitted	not_admitted	not_admitted	not_admitted	not_admitted	not_admitted
NZ_CP115680.1	MPF_F	IncHI1A(NDM-CIT);IncHI1B(pNDM-CIT)	395	1	1	GA	1		66;67951;68337;-;89.6	65;67685;67954;-;32.5	346;316737;319187;-;42.3	346;316737;319187;-;138.4	63;64482;65225;-;226.2	61;62779;64146;-;179.3		60;62056;62760;-;235.7	341;312580;313572;-;224.4	58;59781;61064;-;206.6	67;68324;69403;-;118.3	351;321373;323388;-;346.4	29;31502;34678;+;57.9	conjscan	conjscan_only	A	7/7	canonical	1	0	unscoreable	6	0	1	28;30776;31483;+;214.6	231;223946;225361;-;200.0	232;225351;226397;-;168.3	11;9294;11975;+;156.8	230;219948;223937;-;103.1	58;59781;61064;-;206.6	11;9294;11975;+;73.5	4;3136;3921;+;69.5	26;28775;30283;+;62.3	29;31502;34678;+;57.9	351;321373;323388;-;105.6	10;8335;9285;+;45.4	351;321373;323388;-;99.4	A	9/9	split_4	318237	0	1	
NZ_CP115681.1	MPF_F	IncFIB(pB171);IncFII(pBK30683)	239	0	0	GA	0															not_admitted	not_admitted	not_admitted	not_admitted	not_admitted	not_admitted	not_admitted	not_admitted	not_admitted	not_admitted	1	99;81477;82466;+;366.6	109;88013;89380;+;380.5	105;86003;86755;+;233.7	95;77395;80034;+;258.5	110;89380;92202;+;346.6	88;72891;74315;+;89.2	95;77395;80034;+;87.8	86;71598;72164;+;169.3	100;82479;83117;+;66.9	101;83176;85131;+;259.7	114;94252;96561;+;392.7	89;74429;74998;+;52.3	114;94252;96561;+;66.6	A	9/9	contiguous	22654	1	1	92225..92827+;200;TraS;0
NZ_CP115682.1	MPF_F	repA(pKOX)	243	0	0	GA	0															not_admitted	not_admitted	not_admitted	not_admitted	not_admitted	not_admitted	not_admitted	not_admitted	not_admitted	not_admitted	1	128;87853;88926;+;276.5	151;106182;107633;+;241.5	150;105096;106166;+;187.2	124;83305;85788;+;237.5	152;107643;110855;+;252.7	121;80282;81613;+;107.0	124;83305;85788;+;119.6	119;78499;79116;+;78.3	127;86600;87853;+;57.4	154;111355;114045;+;126.5	113;73930;75891;+;23.7	122;81628;82233;+;74.9	113;73930;75891;+;32.4	A	9/9	contiguous	37425	0	1	
NZ_CP115684.1	MPF_T	IncN	72	0	0	GA	1	30;24023;24757;+;32.5		33;25400;25717;+;63.3	34;25717;28317;+;113.8	34;25717;28317;+;76.4	35;28335;29048;+;105.5	37;29299;30339;+;142.4		38;30558;31256;+;131.9	39;31267;32151;+;159.7	40;32151;33311;+;156.3	41;33353;34348;+;81.2	49;42603;44132;-;38.5		pfam	both	A	7/7	canonical	1	0	unscoreable	10	0	0														not_admitted	not_admitted	not_admitted	not_admitted	not_admitted	not_admitted	not_admitted
NZ_CP115690.1	MPF_F	IncFIB(K);IncR	138	0	0	GA	0															not_admitted	not_admitted	not_admitted	not_admitted	not_admitted	not_admitted	not_admitted	not_admitted	not_admitted	not_admitted	1				52;59437;60783;-;194.8		63;64735;66144;-;92.2						54;61031;61585;-;42.9		D	2/9	contiguous	5298	0	0	
NZ_CP115697.1	MPF_F	IncFIB(pECLA);IncFII(pECLA)	162	0	0	GA	0															not_admitted	not_admitted	not_admitted	not_admitted	not_admitted	not_admitted	not_admitted	not_admitted	not_admitted	not_admitted	1	134;113985;114983;+;362.5	143;120232;121596;+;358.9	137;117449;118231;+;212.9	126;107974;110583;+;225.6	144;121596;124916;+;307.0	118;104008;105417;+;90.6	126;107974;110583;+;99.4	116;102678;103259;+;95.4	135;114994;115620;+;63.9	136;115617;117452;+;221.2	148;127059;129626;+;364.9	124;107172;107726;+;44.9	148;127059;129626;+;71.3	A	9/9	contiguous	24381	1	1	124929..125525+;198;unnamed;0
NZ_CP115698.1	MPF_T	IncN	82	0	0	GA	1	49;42840;43574;+;32.5		52;44217;44534;+;63.3	53;44534;47134;+;111.8	53;44534;47134;+;76.8	54;47152;47865;+;97.1	56;48116;49156;+;153.6		57;49375;50073;+;131.9	58;50084;50968;+;159.0	59;50968;52128;+;154.9	60;52170;53165;+;81.2	12;15329;16858;-;38.5		pfam	both	A	7/7	canonical	1	0	unscoreable	3	0	0														not_admitted	not_admitted	not_admitted	not_admitted	not_admitted	not_admitted	not_admitted
NZ_CP115703.1	MPF_T	IncX3	57	0	0	GA	1	25;21198;21842;-;46.4	24;20924;21214;-;73.1	23;18146;20899;-;47.0	23;18146;20899;-;145.4	23;18146;20899;-;73.3	22;17366;18136;-;60.1	20;16032;17087;-;133.2		19;15109;15837;-;119.4	18;14174;15103;-;138.8	17;12963;14177;-;128.3	15;11733;12767;-;65.7	14;9895;11730;-;495.9		pfam	pfam_only	A	7/7	canonical	1	1	unscoreable	2	0	0														not_admitted	not_admitted	not_admitted	not_admitted	not_admitted	not_admitted	not_admitted
NZ_CP115708.1	MPF_F	IncFIB(pNDM-Mar);IncHI1B(pNDM-MAR)	276	0	0	GA	0															not_admitted	not_admitted	not_admitted	not_admitted	not_admitted	not_admitted	not_admitted	not_admitted	not_admitted	not_admitted	1	201;178630;179667;-;282.3	74;57919;59328;+;190.4	73;56892;57929;+;175.7	215;191724;194441;-;149.6	75;59330;63298;+;121.3	219;196554;197924;-;65.6	215;191724;194441;-;85.2	222;199570;200430;-;79.0	202;179664;181025;-;69.9	200;175435;178620;-;59.9	66;47567;49693;-;57.7	216;194486;195223;-;56.9	66;47567;49693;-;41.0	A	9/9	split_2	152003	0	1	
NZ_CP115709.1	MPF_F	IncFIB(pQil);IncFII(K)	149	0	0	GA	0															not_admitted	not_admitted	not_admitted	not_admitted	not_admitted	not_admitted	not_admitted	not_admitted	not_admitted	not_admitted	1	124;92929;93918;+;366.0	134;99465;100832;+;384.6	130;97455;98207;+;233.7	120;88833;91472;+;258.5	135;100832;103681;+;345.0	113;84582;86006;+;89.3	120;88833;91472;+;88.7	111;83289;83855;+;169.3	125;93931;94569;+;67.0	126;94628;96583;+;259.2	139;106145;108457;+;393.2	114;86078;86662;+;54.9	139;106145;108457;+;65.8	A	9/9	contiguous	22856	1	1	103684..104214+;176;unnamed;0
NZ_CP115715.1	MPF_F	IncFII(pKP91);IncR	161	0	0	GA	0															not_admitted	not_admitted	not_admitted	not_admitted	not_admitted	not_admitted	not_admitted	not_admitted	not_admitted	not_admitted	1	80;79746;80735;-;366.6	70;72862;74229;-;381.2	74;75486;76238;-;232.2	84;82178;84817;-;259.3	69;70040;72862;-;346.6	93;88825;90249;-;89.3	84;82178;84817;-;88.8	95;90976;91542;-;167.0	79;79095;79733;-;67.0	78;77081;79036;-;259.2	65;65760;68072;-;393.2	91;87637;88194;-;52.5	65;65760;68072;-;65.8	A	9/9	contiguous	25216	1	1	69414..70016-;200;TraS;0
NZ_CP115716.1	MPF_F	IncFII(K);IncQ1;IncX3;repB(R1701)	273	1	1	GA	1	101;87088;87573;+;82.5	216;176218;176508;-;73.1	215;173440;176193;-;47.0	215;173440;176193;-;142.4	215;173440;176193;-;73.3	214;172660;173430;-;60.1	212;171326;172381;-;133.2		211;170403;171131;-;119.4	210;169468;170397;-;138.8	209;168257;169471;-;128.3	207;167027;168061;-;65.7	206;165189;167024;-;495.9	81;70625;72580;-;259.7	pfam	pfam_only	A	7/7	canonical	1	1	unscoreable	32	0	1	83;73290;74279;-;366.6	73;66376;67743;-;384.0	77;69001;69753;-;233.3	87;75722;78361;-;258.5	72;63527;66376;-;346.4	209;168257;169471;-;128.3	87;75722;78361;-;88.2	96;83705;84271;-;169.3	82;72639;73277;-;66.9	81;70625;72580;-;259.7	68;58756;61065;-;392.7	93;80856;81440;-;53.6	206;165189;167024;-;88.7	A	9/9	split_2	109501	1	1	62991..63524-;177;unnamed;0
NZ_CP115729.1	-	IncX6	55	0	0	GA	1	39;30754;31383;-;45.3	38;30443;30736;-;50.4	37;27664;30429;-;58.2	37;27664;30429;-;122.8	37;27664;30429;-;55.6	36;26915;27652;-;110.2	34;25560;26618;-;119.9		33;24670;25356;-;165.8	32;23753;24673;-;144.2	31;22464;23753;-;130.8	30;21429;22460;-;81.5	29;19616;21442;-;384.9		pfam	pfam_only	A	7/7	canonical	1	1	unscoreable	1	0	0														not_admitted	not_admitted	not_admitted	not_admitted	not_admitted	not_admitted	not_admitted
NZ_CP115758.1	MPF_T	-	222	0	0	GA	1	64;56943;58097;-;72.6	68;60907;61197;-;74.4	67;60616;60894;-;89.6	66;58251;60626;-;87.6	66;58251;60626;-;45.3	63;56116;56943;-;68.1	56;50612;51691;-;129.6		62;55449;56108;-;153.7	61;54657;55448;-;167.7	60;53278;54660;-;176.5	59;52287;53276;-;107.8	53;47360;49384;+;286.6		pfam	both	A	7/7	canonical	1	0	unscoreable	5	0	0														not_admitted	not_admitted	not_admitted	not_admitted	not_admitted	not_admitted	not_admitted
NZ_CP115770.1	MPF_T	-	111	0	0	GA	1	61;62307;63461;-;73.1	65;66239;66532;-;74.8	64;65968;66246;-;91.2	63;63615;65978;-;87.1	63;63615;65978;-;42.4	60;61498;62310;-;67.4	53;56073;57149;-;129.5		59;60828;61481;-;172.4	58;60130;60825;-;169.7	57;58754;60133;-;182.4	56;57763;58749;-;103.7	31;31210;33204;+;286.9		pfam	both	A	7/7	canonical	1	0	unscoreable	3	0	0														not_admitted	not_admitted	not_admitted	not_admitted	not_admitted	not_admitted	not_admitted
NZ_CP115777.1	-	-	131	0	0	GA	1	100;84036;84494;-;74.5	99;83722;84021;-;55.4	98;83447;83722;-;28.0	97;81103;83454;-;49.0	97;81103;83454;-;43.7	95;79035;79835;-;39.1	93;77507;78499;-;84.8		92;76786;77472;-;145.8	91;76082;76789;-;139.6	90;74706;76082;-;166.3	89;73687;74706;-;99.7	88;71760;73685;-;296.7		pfam	pfam_only	A	7/7	canonical	1	0	unscoreable	1	0	0														not_admitted	not_admitted	not_admitted	not_admitted	not_admitted	not_admitted	not_admitted
NZ_CP115778.1	-	-	80	0	0	GA	1	38;41610;42722;-;71.2	42;45701;45982;-;91.6	41;45293;45571;-;61.0	40;42925;45303;-;75.2	40;42925;45303;-;47.5	37;40846;41613;-;61.2	35;39398;40411;-;118.3		34;38700;39380;-;184.8	33;37972;38694;-;180.9	32;36548;37969;-;170.8	31;35559;36548;-;123.0	22;24989;26902;+;292.3		pfam	pfam_only	A	7/7	canonical	1	0	unscoreable	10	0	0														not_admitted	not_admitted	not_admitted	not_admitted	not_admitted	not_admitted	not_admitted
NZ_CP115822.1	MPF_F	IncFIB(AP001918);IncFII	152	0	0	GA	0															not_admitted	not_admitted	not_admitted	not_admitted	not_admitted	not_admitted	not_admitted	not_admitted	not_admitted	not_admitted	1	93;97497;98489;-;369.3	84;91062;92435;-;381.0	89;94025;94768;-;231.6	96;99498;102125;-;306.4	83;88240;91065;-;386.0	101;104180;105607;-;94.3	96;99498;102125;-;98.5	103;106322;106888;-;183.3	92;96850;97488;-;68.7	91;95045;96853;-;267.9	80;84583;86736;-;391.8	97;102641;103156;-;78.0	80;84583;86736;-;70.4	A	9/9	contiguous	21739	1	1	87734..88243-;169;unnamed;0
NZ_CP115823.1	MPF_F	IncC	139	0	0	GA	0															not_admitted	not_admitted	not_admitted	not_admitted	not_admitted	not_admitted	not_admitted	not_admitted	not_admitted	not_admitted	1		128;99780;101213;+;339.2	127;98750;99778;+;221.7	97;72087;74534;+;354.2	129;101226;104840;+;375.3	88;58777;60093;+;135.0	97;72087;74534;+;128.6	86;57253;57879;+;92.1			77;51578;53443;+;47.4	89;60090;60668;+;100.2	77;51578;53443;+;52.0	C	6/9	split_2	49648	0	0	
NZ_CP115825.1	MPF_T	IncX1;IncX3	56	0	0	GA	1	42;40258;40905;-;45.2	41;39984;40280;-;77.5	40;37212;39965;-;47.3	40;37212;39965;-;148.0	40;37212;39965;-;73.5	39;36443;37201;-;67.3	37;35016;36146;-;103.0		36;34057;34770;-;120.0	35;33123;34052;-;134.9	34;31921;33126;-;133.4	33;30888;31919;-;77.9	32;29050;30885;-;488.6		pfam	pfam_only	A	7/7	canonical	1	1	unscoreable	1	0	0														not_admitted	not_admitted	not_admitted	not_admitted	not_admitted	not_admitted	not_admitted
NZ_CP115827.1	MPF_F	IncFII(pHN7A8)	38	0	0	GA	0															not_admitted	not_admitted	not_admitted	not_admitted	not_admitted	not_admitted	not_admitted	not_admitted	not_admitted	not_admitted	1	11;9969;10961;+;369.5	24;17794;19167;+;376.8	19;15485;16228;+;234.4	8;6333;8960;+;301.8	25;19164;21980;+;376.7		8;6333;8960;+;101.8		14;11907;12545;+;70.4	17;13358;15208;+;265.0	29;24281;26506;+;391.7	7;5302;5817;+;78.0	29;24281;26506;+;70.3	B	8/9	contiguous	18979	1	1	22013..22534+;173;unnamed;0
NZ_CP115832.1	MPF_F	IncFIB(K);IncFII(pKP91)	173	0	0	GA	0															not_admitted	not_admitted	not_admitted	not_admitted	not_admitted	not_admitted	not_admitted	not_admitted	not_admitted	not_admitted	1	137;134060;135049;-;361.7	126;126874;128241;-;382.9	130;129499;130251;-;232.7	141;136506;139145;-;257.3	125;124031;126874;-;344.5	149;142531;143955;-;88.8	141;136506;139145;-;89.1	151;144682;145248;-;169.3	135;133137;133784;-;65.9	134;131123;133078;-;259.7	122;120568;122094;-;341.4	148;141874;142458;-;54.4	122;120568;122094;-;55.1	A	9/9	contiguous	24114	1	1	123496..124020-;174;unnamed;0
NZ_CP115833.1	MPF_F	IncFIA(HI1);IncFII(pKP91)	109	0	0	GA	0															not_admitted	not_admitted	not_admitted	not_admitted	not_admitted	not_admitted	not_admitted	not_admitted	not_admitted	not_admitted	1	87;71459;72451;+;366.6	97;77968;79335;+;381.2	93;75959;76711;+;232.2	84;67794;70433;+;259.3	98;79335;82184;+;346.5	76;62784;64208;+;89.3	84;67794;70433;+;88.8	74;61491;62057;+;167.0	88;72464;73102;+;67.0	89;73161;75116;+;259.2	102;83998;86304;+;392.1	78;64838;65395;+;51.5	102;83998;86304;+;66.6	A	9/9	contiguous	22507	1	1	82187..82717+;176;unnamed;0
NZ_CP115835.1	MPF_F	IncHI2;IncHI2A;IncN	357	0	0	GA	0															not_admitted	not_admitted	not_admitted	not_admitted	not_admitted	not_admitted	not_admitted	not_admitted	not_admitted	not_admitted	1	29;32275;33333;+;276.9	243;228862;230277;-;194.1	244;230267;231313;-;174.3	11;8955;11636;+;168.0	242;224900;228853;-;101.6	7;5270;6625;+;80.7	11;8955;11636;+;72.2	4;2758;3546;+;74.8	27;30622;32133;+;62.0	30;33352;36540;+;57.3	250;238356;240440;+;56.7	10;7996;8946;+;46.4	250;238356;240440;+;38.8	A	9/9	split_3	235598	1	1	223430..224719-;429;unnamed;0
NZ_CP115843.1	MPF_T	-	589	0	0	GA	1		338;350400;350699;+;88.0	339;350702;351043;+;106.1	340;351036;353417;+;173.4	340;351036;353417;+;108.0	341;353417;354115;+;209.5	343;354350;355285;+;162.2		345;355591;356262;+;220.9	346;356259;357113;+;184.6	347;357128;358300;+;185.4	348;358309;359319;+;98.3	272;281212;283131;-;321.3		pfam	both	A	7/7	canonical	1	0	unscoreable	2	0	0														not_admitted	not_admitted	not_admitted	not_admitted	not_admitted	not_admitted	not_admitted
NZ_CP115844.1	MPF_T	-	137	0	0	GA	1		131;160156;160521;-;77.2	130;159864;160163;-;62.2	129;157422;159860;-;132.7	129;157422;159860;-;123.2	128;156659;157447;-;61.7	126;155280;156386;-;105.8		125;154574;155239;-;121.9	124;153734;154555;-;189.9	122;151925;153262;-;227.0	132;160511;161503;-;121.6	65;67419;69374;-;429.0		conjscan	conjscan_only	A	7/7	canonical	1	0	unscoreable	3	0	0														not_admitted	not_admitted	not_admitted	not_admitted	not_admitted	not_admitted	not_admitted
NZ_CP115845.1	-	-	68	0	0	GA	1	24;22299;23408;+;93.4	21;19229;19570;+;72.7	22;19575;19874;+;80.1	23;19871;22309;+;119.0	23;19871;22309;+;91.3	25;23421;24131;+;45.9	17;16279;17295;-;141.4		16;15549;16253;-;166.9	15;14740;15549;-;190.6	14;13493;14743;-;211.8	13;12487;13512;-;138.2	12;10418;12490;-;290.7		pfam	pfam_only	A	7/7	uncallable	0	0	unscoreable	2	0	0														not_admitted	not_admitted	not_admitted	not_admitted	not_admitted	not_admitted	not_admitted
NZ_CP115846.1	MPF_T	-	192	0	0	GA	1	90;91392;92129;+;73.4	189;204009;204410;-;74.9	92;92494;92820;+;73.6	93;92820;95189;+;238.8	187;201238;203706;-;125.3	186;200457;201266;-;48.3	184;199052;200239;-;113.0		97;97046;97759;+;176.9	182;197504;198358;-;183.7	180;195703;197016;-;222.0	190;204400;205371;-;132.9	51;47269;49218;-;571.3		conjscan	conjscan_only	A	7/7	uncallable	0	0	unscoreable	11	0	0														not_admitted	not_admitted	not_admitted	not_admitted	not_admitted	not_admitted	not_admitted
NZ_CP115898.1	-	-	175	0	0	GA	0															not_admitted	not_admitted	not_admitted	not_admitted	not_admitted	not_admitted	not_admitted	not_admitted	not_admitted	not_admitted	1	117;112691;113695;+;369.3	122;117394;118755;+;353.6	120;116046;116819;+;219.3	113;108244;110850;+;217.2	123;118758;121625;+;259.8	109;105824;107179;+;90.3	113;108244;110850;+;93.5	107;104544;105116;+;93.6	118;113724;114146;+;58.0	119;114199;116043;+;234.0	126;123330;125498;+;378.9	112;107682;108236;+;29.4	126;123330;125498;+;63.8	A	9/9	contiguous	18786	1	1	121635..122168+;177;unnamed;0
NZ_CP115912.1	MPF_T	-	16	0	0	GA	1		11;9976;10290;-;80.9	10;9708;9974;-;39.2	9;7073;9643;-;38.6	9;7073;9643;-;110.3	8;6275;7054;-;55.6	6;4442;5920;-;87.0		5;3725;4435;-;126.9	4;2706;3698;-;168.2	3;1338;2690;-;211.8	12;10503;11516;-;121.9	14;12001;14058;-;351.5		conjscan	conjscan_only	A	7/7	canonical	1	0	unscoreable	3	0	0														not_admitted	not_admitted	not_admitted	not_admitted	not_admitted	not_admitted	not_admitted
NZ_CP115926.1	MPF_T	-	455	0	0	GA	1		255;260437;260736;+;88.4	256;260739;261080;+;106.1	257;261073;263454;+;171.5	257;261073;263454;+;108.0	258;263454;264152;+;209.5	260;264387;265322;+;163.9		262;265628;266299;+;220.3	263;266296;267150;+;182.7	264;267165;268337;+;184.4	265;268346;269356;+;98.3	198;205291;207210;-;325.5		pfam	both	A	7/7	canonical	1	0	unscoreable	2	0	0														not_admitted	not_admitted	not_admitted	not_admitted	not_admitted	not_admitted	not_admitted
NZ_CP115927.1	MPF_T	-	215	0	0	GA	1	31;29335;30426;-;90.5	140;135460;135795;+;79.2	33;32886;33185;-;78.3	32;30423;32882;-;123.7	142;136066;136623;+;145.5	144;138542;139321;+;217.8	146;139607;140896;+;183.8		147;140893;141579;+;230.5	148;141576;142634;+;238.6	149;142638;143861;+;213.7	25;23611;24633;-;134.3	137;131918;133912;+;332.9		conjscan	both	A	7/7	uncallable	0	0	unscoreable	5	0	0														not_admitted	not_admitted	not_admitted	not_admitted	not_admitted	not_admitted	not_admitted
NZ_CP115928.1	MPF_T	-	164	0	0	GA	1	60;56738;57826;-;89.2	63;60586;60927;-;75.2	62;60285;60584;-;73.1	61;57823;60282;-;123.3	61;57823;60282;-;93.5	59;56027;56725;-;41.9	58;54763;55791;-;150.2		57;54035;54727;-;176.8	56;53229;54038;-;199.6	55;52012;53229;-;211.7	54;51009;52031;-;132.5	53;49837;51012;-;169.6		pfam	pfam_only	A	7/7	canonical	1	0	unscoreable	2	0	0														not_admitted	not_admitted	not_admitted	not_admitted	not_admitted	not_admitted	not_admitted
NZ_CP115929.1	MPF_T	-	183	0	0	GA	1	38;43571;44290;+;59.9	177;190315;190719;-;73.6	40;44670;44996;+;72.2	41;44996;47365;+;226.5	175;187547;190012;-;130.0	174;186766;187575;-;45.9	172;185358;186548;-;106.9		44;49154;49927;+;176.5	170;183810;184631;-;183.3	168;182012;183322;-;226.1	178;190709;191680;-;130.5	80;79748;81691;-;537.1		conjscan	conjscan_only	A	7/7	uncallable	0	0	unscoreable	10	0	0														not_admitted	not_admitted	not_admitted	not_admitted	not_admitted	not_admitted	not_admitted
NZ_CP115931.1	MPF_F	IncFIB(pQil);IncFII(K)	139	0	0	GA	0															not_admitted	not_admitted	not_admitted	not_admitted	not_admitted	not_admitted	not_admitted	not_admitted	not_admitted	not_admitted	1	107;87543;88532;+;366.0	117;94079;95446;+;380.7	113;92069;92821;+;233.7	103;83461;86100;+;258.5	118;95446;97626;+;346.6	95;78780;80204;+;88.8	103;83461;86100;+;88.7	93;77487;78053;+;169.3	108;88545;89183;+;67.0	109;89242;91197;+;259.7	124;101348;103081;+;361.4	96;80318;80902;+;55.4	124;101348;103081;+;67.1	A	9/9	contiguous	23861	1	1	97720..98292+;190;unnamed;0
NZ_CP115933.1	MPF_F	IncFII(K);IncR	190	0	0	GA	0															not_admitted	not_admitted	not_admitted	not_admitted	not_admitted	not_admitted	not_admitted	not_admitted	not_admitted	not_admitted	1	27;17364;18356;+;366.6	39;23806;24516;+;232.6	34;21854;22489;+;189.2	24;13699;16338;+;258.7	41;25175;27691;+;344.6	15;8460;9884;+;89.2	24;13699;16338;+;88.8	13;7167;7733;+;167.0	28;18369;19007;+;67.0	30;19761;21011;+;260.7	49;30501;31316;+;216.6	17;10496;11065;+;49.7	49;30501;31316;+;37.9	A	9/9	contiguous	23334	1	1	27691..28023+;110;unnamed;0
NZ_CP115934.1	MPF_T	IncX3	46	0	0	GA	1	26;17259;17903;+;46.4	27;17887;18177;+;73.1	28;18202;20955;+;47.0	28;18202;20955;+;145.4	28;18202;20955;+;73.3	29;20965;21735;+;60.1	31;22014;23069;+;133.2		32;23264;23992;+;119.4	33;23998;24927;+;138.8	34;24924;26138;+;108.3		39;28217;29197;+;320.5		pfam	pfam_only	B	6/7	canonical	1	1	unscoreable	4	0	0														not_admitted	not_admitted	not_admitted	not_admitted	not_admitted	not_admitted	not_admitted
NZ_CP115947.1	MPF_T	-	2065	0	0	GA	1	1528;1681633;1682481;-;107.9	1012;1120568;1120945;-;88.1	1011;1120299;1120571;-;27.2	1010;1118613;1120289;-;35.6	1010;1118613;1120289;-;136.4	1008;1117101;1117832;-;198.4	1007;1115757;1117088;-;174.1		1006;1115043;1115744;-;227.6	1005;1114048;1115043;-;223.0	1004;1112783;1114045;-;207.0	268;303008;304711;+;406.5	1015;1122419;1124425;-;345.0		conjscan	conjscan_only	A	7/7	canonical	1	0	unscoreable	3	0	0														not_admitted	not_admitted	not_admitted	not_admitted	not_admitted	not_admitted	not_admitted
NZ_CP115948.1	MPF_F	-	138	0	0	GA	1	74;76154;76630;-;73.4			83;83635;86082;+;50.6	83;83635;86082;+;82.1		85;86942;88012;+;57.3		79;80770;81483;-;88.6	78;79892;80773;-;167.7	77;78667;79881;-;171.0	51;51178;52734;+;498.1	87;89276;91135;+;42.4		none	none	A	7/7	canonical	0	0	unscoreable	10	0	0														not_admitted	not_admitted	not_admitted	not_admitted	not_admitted	not_admitted	not_admitted
NZ_CP115981.1	MPF_F	IncHI2;IncHI2A	333	0	0	GA	0															not_admitted	not_admitted	not_admitted	not_admitted	not_admitted	not_admitted	not_admitted	not_admitted	not_admitted	not_admitted	1	38;43489;44547;+;276.9	236;225278;226693;-;194.1	237;226683;227729;-;173.7	11;8955;11636;+;168.0	235;221319;225269;-;101.6	7;5270;6625;+;80.7	11;8955;11636;+;72.2	4;2758;3546;+;74.8	36;41836;43347;+;62.7	39;44566;47754;+;58.3	243;234770;236854;+;56.7	10;7996;8946;+;46.4	243;234770;236854;+;38.8	A	9/9	split_3	232012	0	1	
NZ_CP115982.1	-	IncFIB(pECLA);IncFII(pECLA)	114	0	0	GA	0															not_admitted	not_admitted	not_admitted	not_admitted	not_admitted	not_admitted	not_admitted	not_admitted	not_admitted	not_admitted	1				34;21428;23422;-;181.4			34;21428;23422;-;69.7							D	1/9	contiguous	0	0	0	
NZ_CP116043.1	MPF_T	IncX1;IncX3	49	0	0	GA	1	35;32654;33301;-;45.4	34;32380;32676;-;77.5	33;29608;32361;-;46.6	33;29608;32361;-;147.3	33;29608;32361;-;73.5	32;28839;29597;-;67.3	30;27412;28542;-;103.0		29;26454;27167;-;120.0	28;25520;26449;-;133.8	27;24318;25523;-;132.5	26;23285;24316;-;79.0	25;21447;23282;-;488.2		pfam	pfam_only	A	7/7	canonical	1	1	unscoreable	1	0	0														not_admitted	not_admitted	not_admitted	not_admitted	not_admitted	not_admitted	not_admitted
NZ_CP116045.1	MPF_F	IncFIB(AP001918);IncFII(pHN7A8)	104	0	0	GA	0															not_admitted	not_admitted	not_admitted	not_admitted	not_admitted	not_admitted	not_admitted	not_admitted	not_admitted	not_admitted	1	74;65880;66872;-;369.3	63;58821;60194;-;380.9	70;62408;63151;-;235.0	77;67881;70508;-;305.4	62;56008;58824;-;386.9	83;72667;74094;-;94.3	77;67881;70508;-;98.5	85;74809;75375;-;183.8	73;65233;65871;-;68.4	72;63428;65236;-;268.4	59;52292;54445;-;391.5	79;71024;71539;-;78.4	59;52292;54445;-;69.2	A	9/9	contiguous	22517	1	1	55454..55975-;173;unnamed;0
NZ_CP116047.1	MPF_F	IncHI1A;IncHI1B(R27)	218	0	0	GA	0															not_admitted	not_admitted	not_admitted	not_admitted	not_admitted	not_admitted	not_admitted	not_admitted	not_admitted	not_admitted	1	15;14859;15911;+;277.6	122;111102;112517;-;201.7	123;112507;113553;-;171.3	216;185877;188558;+;160.6	121;107104;111093;-;103.1	212;182171;183529;+;84.0	216;185877;188558;+;76.5	209;179719;180504;+;68.7	13;13206;14714;+;65.6	16;15934;19110;+;58.9	129;120488;122572;+;50.2	215;184918;185868;+;45.2	129;120488;122572;+;36.5	A	9/9	split_3	172671	0	1	
NZ_CP116048.1	MPF_F	IncFII(pHN7A8)	82	0	0	GA	0															not_admitted	not_admitted	not_admitted	not_admitted	not_admitted	not_admitted	not_admitted	not_admitted	not_admitted	not_admitted	1	55;43039;44031;+;369.5	68;50864;52237;+;376.8	63;48555;49298;+;234.4	52;39403;42030;+;301.8	69;52234;55050;+;376.7	47;35921;37348;+;94.1	52;39403;42030;+;101.8	45;34640;35206;+;183.8	58;44977;45615;+;70.4	61;46428;48278;+;265.0	73;57351;59603;+;391.7	51;38372;38887;+;78.0	73;57351;59603;+;70.3	A	9/9	contiguous	22711	1	1	55083..55604+;173;unnamed;0
NZ_CP116069.1	MPF_F	IncFII	95	0	0	GA	0															not_admitted	not_admitted	not_admitted	not_admitted	not_admitted	not_admitted	not_admitted	not_admitted	not_admitted	not_admitted	1	72;57207;58199;+;369.5	82;63978;65351;+;381.7	77;61305;62048;+;234.4	69;53568;56198;+;304.1	83;65348;68170;+;374.0	62;49118;50569;+;94.2	69;53568;56198;+;97.1	60;47837;48403;+;174.3	74;58543;59181;+;68.6	75;59178;61028;+;266.1	87;70442;72748;+;391.0	65;51429;51944;+;78.4	87;70442;72748;+;70.2	A	9/9	contiguous	22605	1	1	68192..68671+;159;TraS;0
NZ_CP116072.1	MPF_F	IncFIB(AP001918);IncFIC(FII)	136	0	0	GA	0															not_admitted	not_admitted	not_admitted	not_admitted	not_admitted	not_admitted	not_admitted	not_admitted	not_admitted	not_admitted	1	76;76410;77402;-;369.3	65;69351;70727;-;378.0	72;72938;73681;-;234.1	79;78411;81038;-;305.4	64;66532;69354;-;389.5	86;83093;84520;-;94.3	79;78411;81038;-;98.5	88;85235;85801;-;183.8	75;75763;76401;-;68.4	74;73958;75766;-;268.4	61;62850;65003;-;391.9	82;81554;82069;-;78.4	61;62850;65003;-;70.4	A	9/9	contiguous	22385	1	1	66019..66510-;163;TraS;0
NZ_CP116075.1	MPF_F	IncFIB(AP001918);IncFII	145	0	0	GA	0															not_admitted	not_admitted	not_admitted	not_admitted	not_admitted	not_admitted	not_admitted	not_admitted	not_admitted	not_admitted	1	89;92538;93530;-;369.3	80;86103;87476;-;381.0	85;89066;89809;-;235.5	92;94539;97166;-;305.4	79;83281;86106;-;389.2	97;99221;100648;-;94.6	92;94539;97166;-;98.5	99;101363;101929;-;183.8	88;91891;92529;-;68.4	87;90086;91894;-;268.0	76;79543;81777;-;391.7	93;97682;98197;-;78.0	76;79543;81777;-;70.3	A	9/9	contiguous	21820	1	1	82775..83284-;169;unnamed;0
NZ_CP116077.1	MPF_F	IncFII(pSE11)	83	0	0	GA	0															not_admitted	not_admitted	not_admitted	not_admitted	not_admitted	not_admitted	not_admitted	not_admitted	not_admitted	not_admitted	1	56;43919;44911;+;369.5	68;50965;52338;+;381.7	61;48017;48760;+;234.4	53;40280;42910;+;297.8	69;52335;55160;+;374.0	46;35811;37238;+;93.9	53;40280;42910;+;98.7	44;34530;35096;+;174.3	58;45255;45893;+;68.5	59;45890;47740;+;266.9	73;57402;59708;+;391.6	49;38122;38637;+;78.4	73;57402;59708;+;70.3	A	9/9	contiguous	22872	1	1	55157..55666+;169;unnamed;0
NZ_CP116078.1	MPF_T	IncX4	66	0	0	GA	1	42;24464;25084;+;46.9	43;25098;25424;+;64.4	44;25443;28190;+;62.7	44;25443;28190;+;150.8	44;25443;28190;+;45.4	45;28202;28918;+;94.8	46;28929;30008;+;157.5		48;30505;31191;+;169.0	49;31188;32096;+;142.4	50;32089;33207;+;163.9	51;33209;34237;+;85.0	52;34269;36086;+;316.5		pfam	pfam_only	A	7/7	canonical	1	1	unscoreable	1	0	0														not_admitted	not_admitted	not_admitted	not_admitted	not_admitted	not_admitted	not_admitted
NZ_CP116079.1	MPF_T	-	58	0	0	GA	1	43;26763;27497;+;32.6	45;27797;28090;+;29.3	46;28140;28457;+;63.9	47;28457;31057;+;115.2	47;28457;31057;+;76.2	48;31075;31788;+;105.1	50;32039;33079;+;142.6		51;33298;33996;+;131.9	52;34007;34891;+;159.7	53;34891;36051;+;156.3	54;36094;37089;+;81.4	0;64;1593;-;38.5		pfam	both	A	7/7	canonical	1	0	unscoreable	14	0	0														not_admitted	not_admitted	not_admitted	not_admitted	not_admitted	not_admitted	not_admitted
NZ_CP116087.1	MPF_F	IncFII(29)	97	0	0	GA	0															not_admitted	not_admitted	not_admitted	not_admitted	not_admitted	not_admitted	not_admitted	not_admitted	not_admitted	not_admitted	1	72;56043;57035;+;369.5	84;63089;64462;+;381.7	77;60141;60884;+;233.1	66;49818;51476;+;305.7	85;64459;67281;+;388.5	56;42720;44066;+;94.1	69;54000;55034;+;51.6	54;41439;42005;+;183.1	74;57379;58017;+;68.6	75;58014;59864;+;271.9	89;69553;71868;+;391.0	62;47816;48331;+;73.9	89;69553;71868;+;70.2	A	9/9	contiguous	28114	1	1	67303..67782+;159;TraS;0
NZ_CP116089.1	MPF_F	IncFIA;IncFIB(AP001918);IncFIC(FII)	190	0	0	GA	0															not_admitted	not_admitted	not_admitted	not_admitted	not_admitted	not_admitted	not_admitted	not_admitted	not_admitted	not_admitted	1	150;156874;157866;-;369.3	139;149815;151188;-;378.0	146;153402;154145;-;234.5	153;158875;161502;-;305.4	138;146996;149818;-;389.5	159;163557;164984;-;94.3	153;158875;161502;-;98.5	161;165699;166265;-;182.9	149;156227;156865;-;68.4	148;154422;156230;-;268.4	135;143314;145467;-;391.9	155;162018;162533;-;78.4	135;143314;145467;-;70.4	A	9/9	contiguous	22385	1	1	146483..146974-;163;TraS;0
NZ_CP116095.1	MPF_F	IncFIB(AP001918);IncFIC(FII);IncQ1	117	0	0	GA	0															not_admitted	not_admitted	not_admitted	not_admitted	not_admitted	not_admitted	not_admitted	not_admitted	not_admitted	not_admitted	1	72;63803;64795;-;369.3	61;56744;58117;-;378.0	68;60331;61074;-;234.1	75;65804;68431;-;305.4	60;53925;56747;-;389.5	81;70486;71913;-;94.3	75;65804;68431;-;98.5	83;72628;73194;-;183.8	71;63156;63794;-;68.4	70;61351;63159;-;268.4	57;50243;52396;-;391.9	77;68947;69462;-;78.4	57;50243;52396;-;70.4	A	9/9	contiguous	22385	1	1	53412..53903-;163;TraS;0
NZ_CP116101.1	MPF_F	IncFIA;IncFIB(AP001918);IncFIC(FII)	181	0	0	GA	0															not_admitted	not_admitted	not_admitted	not_admitted	not_admitted	not_admitted	not_admitted	not_admitted	not_admitted	not_admitted	1	94;98902;99894;-;369.3	83;91843;93216;-;378.0	90;95430;96173;-;234.5	97;100903;103530;-;305.4	82;89024;91846;-;389.5	103;105585;107012;-;94.3	97;100903;103530;-;98.5	105;107727;108293;-;182.9	93;98255;98893;-;68.4	92;96450;98258;-;268.4	79;85342;87495;-;391.9	99;104046;104561;-;78.4	79;85342;87495;-;70.4	A	9/9	contiguous	22385	1	1	88511..89002-;163;TraS;0
NZ_CP116102.1	MPF_F	IncFII(pCoo)	79	0	0	GA	0															not_admitted	not_admitted	not_admitted	not_admitted	not_admitted	not_admitted	not_admitted	not_admitted	not_admitted	not_admitted	1	59;47052;48044;+;370.2	67;52740;54113;+;380.4	63;50776;51519;+;233.3	56;43416;46043;+;303.5	68;54110;56932;+;386.8	52;40077;41504;+;94.3	56;43416;46043;+;100.3	50;38796;39362;+;183.8	60;48053;48691;+;68.4	61;48688;50496;+;268.2	71;58466;60745;+;391.6	55;42385;42900;+;78.0	71;58466;60745;+;70.3	A	9/9	contiguous	19670	1	1	56953..57450+;165;TraS;0
NZ_CP116107.1	MPF_F	IncHI2;IncHI2A	297	0	0	GA	0															not_admitted	not_admitted	not_admitted	not_admitted	not_admitted	not_admitted	not_admitted	not_admitted	not_admitted	not_admitted	1	27;31707;32765;+;276.9	205;186563;187978;-;194.1	206;187968;189014;-;174.1	11;8955;11636;+;168.0	204;182601;186554;-;101.6	7;5270;6625;+;80.7	11;8955;11636;+;72.2	4;2758;3546;+;74.8	25;30054;31565;+;62.0	28;32784;35972;+;57.3	213;196056;198140;+;56.8	10;7996;8946;+;46.1	213;196056;198140;+;38.8	A	9/9	split_3	193298	1	1	181131..182420-;429;unnamed;0
NZ_CP116108.1	MPF_F	IncFIA;IncFIB(AP001918);IncFIC(FII)	206	0	0	GA	0															not_admitted	not_admitted	not_admitted	not_admitted	not_admitted	not_admitted	not_admitted	not_admitted	not_admitted	not_admitted	1	118;118876;119868;-;367.4	107;111817;113193;-;378.0	114;115404;116147;-;233.4	121;120877;123048;-;306.0	106;108998;111820;-;389.5	128;125103;126530;-;94.3	121;120877;123048;-;48.5	130;127245;127811;-;183.8	117;118229;118867;-;68.4	116;116424;118232;-;268.6	103;105271;107469;-;391.8	124;123564;124079;-;78.4	103;105271;107469;-;70.3	A	9/9	contiguous	21974	1	1	108485..108976-;163;TraS;0
NZ_CP116111.1	MPF_F	IncFIB(AP001918);IncFIC(FII);IncN	163	0	0	GA	0															not_admitted	not_admitted	not_admitted	not_admitted	not_admitted	not_admitted	not_admitted	not_admitted	not_admitted	not_admitted	1	101;102084;103076;-;369.3	90;95025;96398;-;378.0	97;98612;99355;-;234.1	104;104085;106712;-;305.4	89;92206;95028;-;389.5	110;108767;110194;-;94.3	104;104085;106712;-;98.5	112;110909;111475;-;183.8	100;101437;102075;-;68.4	99;99632;101440;-;268.4	86;88524;90677;-;391.9	106;107228;107743;-;78.4	86;88524;90677;-;70.4	A	9/9	contiguous	22385	1	1	91693..92184-;163;TraS;0
NZ_CP116113.1	MPF_F	IncFII(pHN7A8);IncN	121	0	0	GA	0															not_admitted	not_admitted	not_admitted	not_admitted	not_admitted	not_admitted	not_admitted	not_admitted	not_admitted	not_admitted	1	95;77562;78554;+;369.5	108;85387;86760;+;376.8	103;83078;83821;+;234.4	92;73926;76553;+;301.8	109;86757;89573;+;373.6	86;70444;71871;+;94.1	92;73926;76553;+;101.8	84;69163;69729;+;183.8	98;79500;80138;+;70.4	101;80951;82801;+;265.0	113;91874;94126;+;391.7	90;72895;73410;+;78.4	113;91874;94126;+;70.3	A	9/9	contiguous	22711	1	1	89606..90127+;173;unnamed;0
NZ_CP116116.1	MPF_F	IncFIB(pNDM-Mar);RepB	240	0	0	GA	0															not_admitted	not_admitted	not_admitted	not_admitted	not_admitted	not_admitted	not_admitted	not_admitted	not_admitted	not_admitted	1	171;145777;146814;-;282.3	85;62403;63812;+;190.4	84;61376;62413;+;176.7	183;157646;160363;-;148.6	86;63814;67728;+;121.7	187;162476;163846;-;64.1	183;157646;160363;-;83.2	190;165492;166352;-;79.0	172;146811;148172;-;69.9	170;142585;145767;-;59.4	76;52039;54165;-;57.8	184;160408;161145;-;57.0	76;52039;54165;-;41.0	A	9/9	split_2	113453	0	1	
NZ_CP116127.1	-	-	51	0	0	GA	1	9;6744;7325;+;46.4		11;7767;8090;+;35.4	12;8092;10521;+;61.6	12;8092;10521;+;36.1	13;10744;11412;+;27.0	15;11918;12964;+;107.3		17;13165;13911;+;151.2	18;13908;14705;+;175.1	19;14695;15918;+;141.7	20;15918;16931;+;111.6	21;17251;19272;+;263.3		pfam	pfam_only	A	7/7	canonical	1	0	unscoreable	4	0	0														not_admitted	not_admitted	not_admitted	not_admitted	not_admitted	not_admitted	not_admitted
NZ_CP116128.1	MPF_T	-	43	0	0	GA	1	5;2622;3242;+;41.6	6;3256;3582;+;64.4	7;3601;6348;+;63.8	7;3601;6348;+;151.8	7;3601;6348;+;46.1	8;6360;7076;+;94.2	9;7088;8182;+;150.1		11;8679;9365;+;167.2	12;9362;10270;+;143.1	13;10263;11381;+;163.7	14;11383;12411;+;85.0	15;12443;14260;+;313.0		pfam	pfam_only	A	7/7	canonical	1	1	unscoreable	1	0	0														not_admitted	not_admitted	not_admitted	not_admitted	not_admitted	not_admitted	not_admitted
NZ_CP116137.1	MPF_F	IncFIA;IncFIB(pB171);IncFII(pCoo)	175	0	0	GA	0															not_admitted	not_admitted	not_admitted	not_admitted	not_admitted	not_admitted	not_admitted	not_admitted	not_admitted	not_admitted	1	114;99571;100563;-;369.5	104;92419;93792;-;381.7	109;95722;96465;-;234.4	117;101572;104202;-;304.1	103;89600;92422;-;374.0	125;107604;109055;-;94.2	117;101572;104202;-;97.1	127;109770;110336;-;174.3	112;98589;99227;-;68.6	111;96742;98592;-;266.1	99;85157;87328;-;391.2	122;106229;106744;-;78.4	99;85157;87328;-;70.3	A	9/9	contiguous	24613	1	1	89099..89578-;159;TraS;0
NZ_CP116146.1	MPF_F	IncFIA;IncFIB(AP001918)	126	0	0	GA	0															not_admitted	not_admitted	not_admitted	not_admitted	not_admitted	not_admitted	not_admitted	not_admitted	not_admitted	not_admitted	1	60;52703;53695;-;369.5		55;48911;49597;-;200.9	63;54704;57331;-;305.1		67;59216;60667;-;94.1	63;54704;57331;-;91.9	69;61382;61948;-;183.8	58;51721;52359;-;68.7	57;49874;51724;-;266.7		64;57847;58362;-;75.2		C	7/9	contiguous	12471	0	1	
NZ_CP116147.1	MPF_F	IncFII(pHN7A8);IncN	96	0	0	GA	0															not_admitted	not_admitted	not_admitted	not_admitted	not_admitted	not_admitted	not_admitted	not_admitted	not_admitted	not_admitted	1	70;57200;58192;+;369.5	83;65025;66398;+;376.8	78;62716;63459;+;234.4	67;53564;56191;+;301.8	84;66395;69211;+;373.6	62;50082;51509;+;94.1	67;53564;56191;+;101.8	60;48801;49367;+;183.8	73;59138;59776;+;70.4	76;60589;62439;+;265.0	88;71512;73764;+;391.7	66;52533;53048;+;78.0	88;71512;73764;+;70.3	A	9/9	contiguous	22711	1	1	69244..69765+;173;unnamed;0
NZ_CP116154.1	MPF_F	IncFIA;IncFIB(AP001918);IncFII	143	0	0	GA	0															not_admitted	not_admitted	not_admitted	not_admitted	not_admitted	not_admitted	not_admitted	not_admitted	not_admitted	not_admitted	1	69;62603;63595;-;369.5	59;55451;56824;-;381.7	64;58754;59497;-;234.4	72;64604;67234;-;304.1	58;52632;55454;-;374.0	80;70636;72087;-;94.2	72;64604;67234;-;97.1	82;72802;73368;-;174.3	67;61621;62259;-;68.6	66;59774;61624;-;266.1	54;48162;50360;-;391.2	77;69261;69776;-;78.4	54;48162;50360;-;70.3	A	9/9	contiguous	24640	1	1	52131..52610-;159;TraS;0
NZ_CP116160.1	MPF_F	IncFIA;IncFII	122	0	0	GA	0															not_admitted	not_admitted	not_admitted	not_admitted	not_admitted	not_admitted	not_admitted	not_admitted	not_admitted	not_admitted	1	96;88572;89564;+;371.6	105;94626;95999;+;380.7	100;92293;93036;+;233.6	93;84936;87563;+;303.5	106;95996;98815;+;386.2	87;81350;82777;+;91.9	93;84936;87563;+;99.0	85;80069;80635;+;182.9	97;89573;90211;+;64.9	98;90208;92016;+;268.2	109;100347;102572;+;391.7	92;83905;84420;+;76.4	109;100347;102572;+;70.3	A	9/9	contiguous	20278	1	1	98840..99331+;163;TraS;0
NZ_CP116170.1	MPF_F	IncFIB(AP001918);IncFIC(FII)	103	0	0	GA	0															not_admitted	not_admitted	not_admitted	not_admitted	not_admitted	not_admitted	not_admitted	not_admitted	not_admitted	not_admitted	1	21;22500;23492;-;369.3	12;16065;17438;-;381.0	17;19028;19771;-;231.1	24;24501;27128;-;306.8	11;13243;16068;-;389.2	29;29039;30466;-;94.1	24;24501;27128;-;99.5	31;31181;31747;-;183.8	20;21853;22491;-;68.7	19;20048;21856;-;267.6	8;9578;11740;-;391.8	26;27643;28158;-;78.4	8;9578;11740;-;70.4	A	9/9	contiguous	21603	1	1	12737..13246-;169;unnamed;0
NZ_CP116177.1	MPF_F	IncFII(pHN7A8)	106	0	0	GA	0															not_admitted	not_admitted	not_admitted	not_admitted	not_admitted	not_admitted	not_admitted	not_admitted	not_admitted	not_admitted	1	80;67975;68967;+;369.5	93;75800;77173;+;376.8	88;73491;74234;+;234.4	77;64339;66966;+;301.8	94;77170;79986;+;376.7	72;60857;62284;+;94.1	77;64339;66966;+;101.8	70;59576;60142;+;183.8	83;69913;70551;+;70.4	86;71364;73214;+;265.0	98;82287;84521;+;391.7	76;63308;63823;+;78.0	98;82287;84521;+;70.3	A	9/9	contiguous	22711	1	1	80019..80540+;173;unnamed;0
NZ_CP116178.1	MPF_T	-	47	0	0	GA	1	29;20270;20917;+;45.5	30;20895;21191;+;76.7	31;21210;23963;+;46.6	31;21210;23963;+;148.0	31;21210;23963;+;75.3	32;23974;24732;+;67.3	34;25029;26159;+;103.0		35;26405;27118;+;119.7	36;27123;28052;+;133.8	37;28049;29254;+;132.5	38;29256;30287;+;76.7	39;30290;32125;+;486.7		pfam	pfam_only	A	7/7	canonical	1	1	unscoreable	1	0	0														not_admitted	not_admitted	not_admitted	not_admitted	not_admitted	not_admitted	not_admitted
NZ_CP116182.1	MPF_F	IncFIA;IncFIB(AP001918)	126	0	0	GA	0															not_admitted	not_admitted	not_admitted	not_admitted	not_admitted	not_admitted	not_admitted	not_admitted	not_admitted	not_admitted	1	60;52703;53695;-;369.5		55;48911;49597;-;200.9	63;54704;57331;-;305.1		67;59216;60667;-;94.1	63;54704;57331;-;91.9	69;61382;61948;-;183.8	58;51721;52359;-;68.7	57;49874;51724;-;266.7		64;57847;58362;-;75.2		C	7/9	contiguous	12471	0	1	
NZ_CP116183.1	MPF_F	IncFII(pHN7A8);IncN	121	0	0	GA	0															not_admitted	not_admitted	not_admitted	not_admitted	not_admitted	not_admitted	not_admitted	not_admitted	not_admitted	not_admitted	1	95;77820;78812;+;369.5	108;85645;87018;+;376.8	103;83336;84079;+;234.4	92;74184;76811;+;301.8	109;87015;89831;+;373.6	87;70702;72129;+;94.1	92;74184;76811;+;101.8	85;69421;69987;+;183.8	98;79758;80396;+;70.4	101;81209;83059;+;265.0	113;92132;94384;+;391.7	91;73153;73668;+;78.0	113;92132;94384;+;70.3	A	9/9	contiguous	22711	1	1	89864..90385+;173;unnamed;0
NZ_CP116189.1	MPF_F	IncFIB(AP001918);IncFIC(FII)	162	0	0	GA	0															not_admitted	not_admitted	not_admitted	not_admitted	not_admitted	not_admitted	not_admitted	not_admitted	not_admitted	not_admitted	1	102;98685;99677;-;369.3	91;91626;92999;-;378.0	98;95213;95956;-;234.1	105;100686;103313;-;305.4	90;89410;91629;-;390.4	111;105368;106795;-;94.3	105;100686;103313;-;98.5	113;107510;108076;-;183.8	101;98038;98676;-;68.4	100;96233;98041;-;268.4	105;100686;103313;-;22.1	107;103829;104344;-;78.4		A	9/9	contiguous	18100	0	1	
NZ_CP116199.1	MPF_F	IncFIB(AP001918);IncFIC(FII)	125	0	0	GA	0															not_admitted	not_admitted	not_admitted	not_admitted	not_admitted	not_admitted	not_admitted	not_admitted	not_admitted	not_admitted	1	72;66751;67743;-;369.3	61;59692;61065;-;378.0	68;63279;64022;-;234.1	75;68752;71379;-;305.4	60;56873;59695;-;389.5	81;73434;74861;-;94.3	75;68752;71379;-;98.5	83;75576;76079;-;172.2	71;66104;66742;-;68.4	70;64299;66107;-;268.4	57;53191;55344;-;391.9	77;71895;72410;-;78.4	57;53191;55344;-;70.4	A	9/9	contiguous	22385	1	1	56360..56851-;163;TraS;0
NZ_CP116216.1	MPF_F	IncFII(pKP91)	196	0	0	GA	0															not_admitted	not_admitted	not_admitted	not_admitted	not_admitted	not_admitted	not_admitted	not_admitted	not_admitted	not_admitted	1	132;141159;142148;-;368.2	123;133557;134927;-;378.9	127;136123;136875;-;232.9	135;143177;145816;-;254.8	122;130735;133557;-;346.7	145;149716;151134;-;84.4	135;143177;145816;-;88.2	147;151855;152421;-;148.2	131;140517;141146;-;67.3	130;138562;140517;-;253.9	119;126645;128975;-;388.9	142;148352;148921;-;53.9	119;126645;128975;-;65.2	A	9/9	contiguous	25210	1	1	130095..130709-;204;TraS;0
NZ_CP116218.1	MPF_T	IncX3	67	0	0	GA	1	14;12826;13470;-;46.4	13;12552;12842;-;73.1	12;9774;12527;-;47.0	12;9774;12527;-;142.4	12;9774;12527;-;73.3	11;8994;9764;-;60.1	9;7660;8715;-;133.2		8;6737;7465;-;119.4	7;5802;6731;-;138.8	6;4591;5805;-;128.3	4;3361;4395;-;65.7	3;1523;3358;-;495.9		pfam	pfam_only	A	7/7	canonical	1	1	unscoreable	2	0	0														not_admitted	not_admitted	not_admitted	not_admitted	not_admitted	not_admitted	not_admitted
NZ_CP116243.1	MPF_F	IncFIB(AP001918);IncFIC(FII)	157	0	0	GA	0															not_admitted	not_admitted	not_admitted	not_admitted	not_admitted	not_admitted	not_admitted	not_admitted	not_admitted	not_admitted	1	127;126597;127589;-;367.3	114;116908;118281;-;380.9	123;123125;123868;-;234.1	130;128598;131225;-;305.4	113;114086;116911;-;387.0	137;133280;134707;-;94.4	130;128598;131225;-;99.1	139;135422;135988;-;183.1	126;125950;126588;-;67.3	125;124145;125953;-;268.3	110;110429;112582;-;391.5	133;131741;132256;-;77.3	110;110429;112582;-;70.4	A	9/9	contiguous	24993	1	1	113580..114089-;169;unnamed;0
NZ_CP116250.1	MPF_F	IncFIB(K);IncFII(Yp);IncFII(pAR0022)	218	0	0	GA	0															not_admitted	not_admitted	not_admitted	not_admitted	not_admitted	not_admitted	not_admitted	not_admitted	not_admitted	not_admitted	1	150;139863;140849;-;367.9	142;133780;135150;-;377.1	146;136367;137116;-;218.2	153;141843;144473;-;285.5	141;130958;133780;-;336.5	159;146501;147895;-;90.9	153;141843;144473;-;98.6	161;148612;149178;-;169.9	149;139217;139846;-;66.1	148;137367;139220;-;257.4	138;127430;129622;-;384.8	158;145940;146479;-;64.9	138;127430;129622;-;63.9	A	9/9	contiguous	21182	1	1	130505..130936-;143;TraS;0
NZ_CP116259.1	MPF_F	-	198	0	0	GA	0															not_admitted	not_admitted	not_admitted	not_admitted	not_admitted	not_admitted	not_admitted	not_admitted	not_admitted	not_admitted	1	11;7342;8331;+;356.1	17;12458;13822;+;366.0	14;9993;11600;+;196.3	8;3709;6294;+;245.5	18;13822;16665;+;339.6	188;159671;160999;+;93.7	8;3709;6294;+;89.0	186;158403;158969;+;128.2	12;8341;8949;+;69.5	196;167855;168568;+;235.5	21;18046;20208;+;381.7	189;161011;161562;+;44.9	21;18046;20208;+;63.9	A	9/9	split_2	164146	1	1	16662..17231+;189;unnamed;0
NZ_CP116267.1	MPF_F	-	207	0	0	GA	0															not_admitted	not_admitted	not_admitted	not_admitted	not_admitted	not_admitted	not_admitted	not_admitted	not_admitted	not_admitted	1	62;55528;56517;-;356.1	56;50037;51401;-;366.0	59;52259;53866;-;196.3	65;57565;60150;-;245.5	55;47194;50037;-;339.6	67;60724;62052;-;93.7	65;57565;60150;-;89.0	69;62754;63320;-;128.2	61;54910;55518;-;69.5	59;52259;53866;-;232.3	52;43651;45813;-;381.7	66;60161;60712;-;44.9	52;43651;45813;-;63.9	A	9/9	contiguous	19103	1	1	46628..47197-;189;unnamed;0
NZ_CP116306.1	MPF_T	-	57	0	0	GA	1	5;3218;3808;+;64.6	15;14187;14585;+;78.1		17;14921;17491;+;38.0	17;14921;17491;+;110.6	18;17510;18295;+;59.1	20;19075;20556;+;92.1		21;20563;21273;+;122.4	22;21300;22292;+;167.2	23;22308;23660;+;214.4	14;13237;14190;+;113.9	7;6239;8302;+;344.7		conjscan	conjscan_only	A	7/7	canonical	1	0	unscoreable	10	0	0														not_admitted	not_admitted	not_admitted	not_admitted	not_admitted	not_admitted	not_admitted
NZ_CP116307.1	MPF_T	-	63	0	0	GA	1	41;39070;39855;-;42.9	39;36203;36514;-;57.0	38;35849;36190;-;84.0	37;33354;35843;-;194.3	37;33354;35843;-;93.6	35;32390;33100;-;219.7	33;30967;32064;-;134.0		31;29914;30669;-;196.1	30;29039;29917;-;185.9	29;27906;29039;-;193.9	28;26807;27880;-;90.8	27;23878;26604;-;335.8		pfam	both	A	7/7	canonical	1	0	unscoreable	4	0	0														not_admitted	not_admitted	not_admitted	not_admitted	not_admitted	not_admitted	not_admitted
NZ_CP116343.1	MPF_T	-	48	0	0	GA	1		44;39581;39964;-;70.3	43;39259;39576;-;34.8	42;36698;39262;-;93.3	42;36698;39262;-;98.1	37;32473;33249;-;67.8	36;30631;32259;-;103.1		41;35991;36698;-;143.4	40;35112;35978;-;180.2	38;33262;34701;-;216.1	45;40066;41064;-;132.2	13;9809;11698;+;445.1		conjscan	conjscan_only	A	7/7	canonical	1	0	unscoreable	2	0	0														not_admitted	not_admitted	not_admitted	not_admitted	not_admitted	not_admitted	not_admitted
NZ_CP116348.1	MPF_G	IncFIB(pECLA);IncFII(pECLA)	306	0	0	GA	0															not_admitted	not_admitted	not_admitted	not_admitted	not_admitted	not_admitted	not_admitted	not_admitted	not_admitted	not_admitted	1	275;260198;261142;+;223.6			269;254731;257613;+;318.0	278;262913;264430;+;252.6						256;244476;246641;+;27.3		256;244476;246641;+;45.7	D	3/9	contiguous	18437	0	0	
NZ_CP116351.1	MPF_T	-	46	0	0	GA	1	36;31367;32011;+;41.3	37;31995;32285;+;68.6	38;32313;35072;+;45.5	38;32313;35072;+;133.9	38;32313;35072;+;70.6	39;35074;35808;+;57.8	41;36092;37147;+;135.6		42;37372;38100;+;114.2	43;38106;39035;+;138.4	44;39032;40246;+;129.9	45;40264;41301;+;61.5	0;1;1836;+;521.3		pfam	pfam_only	A	7/7	canonical	1	1	unscoreable	1	0	0														not_admitted	not_admitted	not_admitted	not_admitted	not_admitted	not_admitted	not_admitted
NZ_CP116401.1	MPF_T	rep38	38	0	0	GA	1				36;29297;31315;+;25.5									4;2537;4090;+;459.6		none	none	D	2/7	uncallable	0	0	unscoreable	0	0	0														not_admitted	not_admitted	not_admitted	not_admitted	not_admitted	not_admitted	not_admitted
NZ_CP116407.1	MPF_F	IncFII(pHN7A8)	80	0	0	GA	0															not_admitted	not_admitted	not_admitted	not_admitted	not_admitted	not_admitted	not_admitted	not_admitted	not_admitted	not_admitted	1	59;51272;52264;+;371.8	68;57326;58699;+;381.0	63;54993;55736;+;233.3	56;47636;50263;+;303.5	69;58696;61518;+;389.2	52;44297;45724;+;91.3	56;47636;50263;+;100.3	50;43016;43582;+;183.8	60;52273;52911;+;68.6	61;52908;54716;+;268.0	72;63052;65232;+;391.8	55;46605;47120;+;78.0	72;63052;65232;+;70.3	A	9/9	contiguous	20036	1	1	61539..62036+;165;TraS;0
NZ_CP116410.1	MPF_F	Col156;IncFIB(AP001918);IncFII(29)	138	0	0	GA	0															not_admitted	not_admitted	not_admitted	not_admitted	not_admitted	not_admitted	not_admitted	not_admitted	not_admitted	not_admitted	1	49;47345;48337;-;369.5	34;39905;41278;-;381.7	41;43482;43991;-;134.2	57;51227;51856;-;146.1	33;37086;39908;-;388.5	62;55076;55819;-;42.9	54;49447;50061;-;35.7	66;57693;58259;-;183.1		44;44887;45153;-;69.9	29;32670;34814;-;391.3		29;32670;34814;-;70.4	C	7/9	contiguous	25023	1	1	36585..37064-;159;TraS;0
NZ_CP116416.1	MPF_T	-	52	0	0	GA	1		49;31966;32301;-;67.6	48;29903;31954;-;69.4	48;29903;31954;-;154.5	48;29903;31954;-;89.3		44;27239;28267;-;115.3		42;26374;26910;-;75.9	40;25285;26145;-;200.7	38;23079;24926;-;176.6	38;23079;24926;-;73.6	37;21788;23113;-;275.8		none	none	A	7/7	canonical	0	1	unscoreable	6	0	0														not_admitted	not_admitted	not_admitted	not_admitted	not_admitted	not_admitted	not_admitted
NZ_CP116417.1	MPF_F	-	80	0	0	GA	0															not_admitted	not_admitted	not_admitted	not_admitted	not_admitted	not_admitted	not_admitted	not_admitted	not_admitted	not_admitted	1	50;36896;37669;+;311.6	59;42278;43663;+;306.7	57;41252;41851;+;136.1	45;33036;33647;+;103.8	60;43666;44244;+;143.8	42;31423;32283;+;55.9	46;33790;35634;+;90.8	39;29841;30158;+;64.5	53;38609;39313;+;84.3	56;40553;41083;+;153.4	69;49002;49850;+;164.8	44;32643;33032;+;36.7	69;49002;49850;+;77.0	A	9/9	contiguous	19161	1	1	44213..44773+;186;unnamed;0
NZ_CP116418.1	-	-	158	0	0	GA	0															not_admitted	not_admitted	not_admitted	not_admitted	not_admitted	not_admitted	not_admitted	not_admitted	not_admitted	not_admitted	1	110;81421;82500;-;107.7			113;84933;85820;-;64.3	106;78050;79738;-;42.8								124;91662;93797;-;32.8	D	3/9	contiguous	13612	1	0	77854..78036-;60;unnamed;0
NZ_CP116426.1	MPF_T	-	193	0	0	GA	1	45;41668;42822;+;74.6	41;38483;38878;+;73.1	42;38871;39149;+;88.1	43;39139;41514;+;84.7	43;39139;41514;+;47.2	46;42819;43631;+;70.3	53;47981;49057;+;125.1		47;43649;44302;+;169.3	48;44305;45000;+;169.3	49;44997;46376;+;182.0	50;46381;47367;+;104.1	62;57709;59709;-;285.7		pfam	both	A	7/7	canonical	1	0	unscoreable	11	0	0														not_admitted	not_admitted	not_admitted	not_admitted	not_admitted	not_admitted	not_admitted
NZ_CP116427.1	-	-	97	0	0	GA	1	30;39835;40941;-;71.3	34;43806;44087;-;89.9	33;43512;43790;-;63.1	32;41144;43522;-;76.1	32;41144;43522;-;45.7	29;39071;39838;-;61.8	27;37623;38636;-;119.1		26;36925;37593;-;182.2	25;36185;36919;-;175.7	24;34758;36182;-;170.2	23;33769;34758;-;114.6	12;20536;22449;+;293.5		pfam	pfam_only	A	7/7	canonical	1	0	unscoreable	2	0	0														not_admitted	not_admitted	not_admitted	not_admitted	not_admitted	not_admitted	not_admitted
NZ_CP116482.1	MPF_F	IncFII(pCoo)	67	0	0	GA	0															not_admitted	not_admitted	not_admitted	not_admitted	not_admitted	not_admitted	not_admitted	not_admitted	not_admitted	not_admitted	1	21;30516;31508;-;370.2	13;24450;25823;-;378.9	17;27044;27787;-;234.4	24;32517;35144;-;303.5	12;21631;24453;-;386.8	28;37056;38483;-;94.3	24;32517;35144;-;100.3	30;39198;39764;-;183.8	20;29869;30507;-;68.3	19;28064;29872;-;263.5	9;17854;20097;-;391.7	25;35660;36175;-;78.0	9;17854;20097;-;70.3	A	9/9	contiguous	21344	1	1	21113..21610-;165;TraS;0
NZ_CP116673.1	-	-	201	0	0	GA	0															not_admitted	not_admitted	not_admitted	not_admitted	not_admitted	not_admitted	not_admitted	not_admitted	not_admitted	not_admitted	1	146;140327;141484;-;246.2	160;155065;156495;-;212.0	161;156495;157667;-;201.4	150;143624;146008;-;228.9	159;151648;155049;-;207.2	153;147224;148513;-;111.1	150;143624;146008;-;110.0	155;149577;150188;-;105.3	147;141481;142800;-;39.6	145;134662;140310;-;68.0	55;49599;51452;+;54.6	152;146462;147151;-;63.4	55;49599;51452;+;42.6	A	9/9	split_2	106896	0	1	
NZ_CP116674.1	MPF_T	-	61	0	0	GA	1		13;9072;9362;+;44.6	14;9383;9700;+;66.5	15;9703;12321;+;101.4	15;9703;12321;+;82.2	16;12409;13116;+;104.8	18;13492;14565;+;136.2		19;14849;15580;+;122.9	20;15582;16478;+;173.3	21;16475;17617;+;181.6	22;17627;18631;+;74.8	28;23548;25098;-;71.7		pfam	both	A	7/7	canonical	1	0	unscoreable	6	0	0														not_admitted	not_admitted	not_admitted	not_admitted	not_admitted	not_admitted	not_admitted
NZ_CP116678.1	MPF_F	IncFII(pSFO)	146	0	0	GA	0															not_admitted	not_admitted	not_admitted	not_admitted	not_admitted	not_admitted	not_admitted	not_admitted	not_admitted	not_admitted	1	67;61668;62678;-;364.3	59;55148;56509;-;379.8	64;58381;59133;-;225.6	70;63680;66307;-;278.5	58;52296;55148;-;354.2	74;67594;68991;-;91.6	70;63680;66307;-;91.4	76;69709;70275;-;173.6	66;60992;61657;-;70.8	65;59164;60999;-;238.8	56;49499;51703;-;388.6	71;66436;67002;-;58.9	56;49499;51703;-;66.3	A	9/9	contiguous	20210	1	1	51790..52299-;169;unnamed;0
NZ_CP116679.1	MPF_F	IncFII(Yp)	68	0	0	GA	0															not_admitted	not_admitted	not_admitted	not_admitted	not_admitted	not_admitted	not_admitted	not_admitted	not_admitted	not_admitted	1	1;596;1606;+;365.3	7;5654;7021;+;379.8	4;4141;4893;+;227.1	66;62735;65362;+;280.2	8;7021;9873;+;353.0	62;60051;61448;+;91.6	66;62735;65362;+;91.2	60;58767;59333;+;173.6	2;1617;2282;+;70.8	3;2275;4110;+;240.6	10;10499;12703;+;388.4	65;62040;62606;+;60.0	10;10499;12703;+;64.2	A	9/9	split_2	62139	1	1	9870..10412+;180;unnamed;0
NZ_CP116685.1	MPF_T	-	507	0	0	GA	1		136;141647;141946;+;87.3	137;141949;142290;+;105.4	138;142283;144664;+;172.6	138;142283;144664;+;106.0	139;144664;145362;+;206.5	141;145597;146532;+;163.4		143;146838;147509;+;220.9	144;147506;148360;+;182.8	145;148374;149546;+;183.4	146;149555;150565;+;98.2	68;66216;68135;-;323.0		pfam	both	A	7/7	canonical	1	0	unscoreable	2	0	0														not_admitted	not_admitted	not_admitted	not_admitted	not_admitted	not_admitted	not_admitted
NZ_CP116686.1	MPF_T	-	164	0	0	GA	1		161;184523;184927;-;79.1	160;184231;184530;-;61.9	159;181752;184220;-;187.5	159;181752;184220;-;134.9	158;180971;181780;-;48.1	156;179566;180753;-;112.2		155;178871;179548;-;119.1	154;178003;178854;-;188.7	152;176196;177515;-;225.2	162;184917;185888;-;130.0	82;95048;97018;-;553.7		conjscan	conjscan_only	A	7/7	canonical	1	0	unscoreable	3	0	0														not_admitted	not_admitted	not_admitted	not_admitted	not_admitted	not_admitted	not_admitted
NZ_CP116687.1	MPF_T	-	226	0	0	GA	1	47;47236;47955;+;59.9	220;215112;215516;-;73.6	49;48335;48661;+;72.2	50;48661;51030;+;226.5	218;212347;214809;-;129.7	217;211566;212375;-;46.3	215;210158;211348;-;108.5		53;52819;53592;+;175.3	213;208610;209464;-;183.1	175;163508;164815;-;227.8	221;215506;216477;-;130.5	105;97342;99285;-;543.3		conjscan	conjscan_only	A	7/7	uncallable	0	0	unscoreable	10	0	0														not_admitted	not_admitted	not_admitted	not_admitted	not_admitted	not_admitted	not_admitted
NZ_CP116691.1	MPF_T	-	149	0	0	GA	1		146;153435;153845;-;73.6	145;153143;153442;-;62.6	144;150663;153131;-;192.7	144;150663;153131;-;131.4	143;149882;150691;-;42.9	141;148468;149658;-;112.7		140;147788;148450;-;121.5	139;146916;147719;-;188.0	137;145121;146425;-;224.7	147;153835;154806;-;129.8	61;62395;64335;-;552.0		conjscan	conjscan_only	A	7/7	canonical	1	0	unscoreable	3	0	0														not_admitted	not_admitted	not_admitted	not_admitted	not_admitted	not_admitted	not_admitted
NZ_CP116694.1	MPF_T	-	159	0	0	GA	1	54;54685;55773;-;90.0	57;58533;58883;-;76.4	56;58232;58444;-;45.8	55;55770;58229;-;124.5	55;55770;58229;-;95.7	53;53974;54672;-;43.2	52;52713;53741;-;147.4		51;51985;52677;-;176.8	50;51179;51988;-;199.8	49;49962;51179;-;211.9	48;48959;49981;-;131.0	47;46860;48962;-;304.3		pfam	pfam_only	A	7/7	canonical	1	0	unscoreable	0	0	0														not_admitted	not_admitted	not_admitted	not_admitted	not_admitted	not_admitted	not_admitted
NZ_CP116695.1	MPF_T	-	130	0	0	GA	1		127;125740;126150;-;77.3	126;125448;125747;-;59.1	125;122974;125436;-;192.5	125;122974;125436;-;130.3	124;122193;123002;-;39.6	122;120785;121975;-;113.0		121;120107;120769;-;123.4	120;119235;120038;-;185.0	118;117437;118744;-;222.4	128;126140;127111;-;129.7	83;79735;81678;-;561.9		conjscan	conjscan_only	A	7/7	canonical	1	0	unscoreable	3	0	0														not_admitted	not_admitted	not_admitted	not_admitted	not_admitted	not_admitted	not_admitted
NZ_CP116698.1	MPF_T	-	685	0	0	GA	1		285;312843;313247;+;71.8	286;313240;313539;+;57.1	287;313551;316013;+;188.6	287;313551;316013;+;134.0	288;315985;316797;+;47.1	290;317015;318205;+;114.0		291;318221;318883;+;121.0	292;318901;319755;+;188.7	294;320246;321553;+;219.4	284;311882;312853;+;131.5	357;383692;385629;+;556.5		conjscan	conjscan_only	A	7/7	canonical	1	0	unscoreable	3	0	0														not_admitted	not_admitted	not_admitted	not_admitted	not_admitted	not_admitted	not_admitted
NZ_CP116699.1	MPF_T	-	226	0	0	GA	1	51;52768;53487;+;58.2	223;224997;225401;-;72.7	53;53867;54193;+;68.7	54;54193;56562;+;226.4	221;222232;224694;-;131.2	220;221451;222260;-;49.1	218;220046;221233;-;111.5		57;58351;59124;+;176.5	216;218498;219352;-;186.3	214;216711;218012;-;226.5	224;225391;226362;-;132.0	150;148173;150095;-;560.5		conjscan	conjscan_only	A	7/7	uncallable	0	0	unscoreable	4	0	0														not_admitted	not_admitted	not_admitted	not_admitted	not_admitted	not_admitted	not_admitted
NZ_CP116702.1	MPF_T	-	537	0	0	GA	1		270;263990;264289;+;87.3	271;264292;264633;+;105.9	272;264626;267007;+;172.6	272;264626;267007;+;106.7	273;267007;267705;+;209.3	275;267940;268875;+;159.4		277;269181;269852;+;220.9	278;269849;270703;+;184.6	279;270718;271890;+;182.2	280;271899;272909;+;98.5	230;226600;228519;-;323.0		pfam	both	A	7/7	canonical	1	0	unscoreable	2	0	0														not_admitted	not_admitted	not_admitted	not_admitted	not_admitted	not_admitted	not_admitted
NZ_CP116703.1	MPF_T	-	115	0	0	GA	1	35;36054;37142;-;91.9	38;39902;40252;-;76.4	37;39601;39813;-;44.7	36;37139;39598;-;121.6	36;37139;39598;-;93.8	34;35343;36041;-;42.8	33;34082;35110;-;147.4		32;33354;34046;-;176.8	31;32548;33357;-;199.9	30;31331;32548;-;211.8	29;30328;31350;-;135.8	28;28229;30331;-;307.9		pfam	pfam_only	A	7/7	canonical	1	0	unscoreable	0	0	0														not_admitted	not_admitted	not_admitted	not_admitted	not_admitted	not_admitted	not_admitted
NZ_CP116704.1	MPF_T	-	179	0	0	GA	1	38;43570;44289;+;59.9	173;187745;188149;-;73.6	40;44669;44995;+;72.2	41;44995;47364;+;226.5	171;184977;187442;-;130.0	170;184196;185005;-;45.9	168;182788;183978;-;106.9		44;49153;49926;+;176.5	166;181240;182061;-;183.3	164;179442;180752;-;226.1	174;188139;189110;-;130.5	80;79747;81690;-;537.1		conjscan	conjscan_only	A	7/7	uncallable	0	0	unscoreable	10	0	0														not_admitted	not_admitted	not_admitted	not_admitted	not_admitted	not_admitted	not_admitted
NZ_CP116732.1	MPF_T	-	717	0	0	GA	1		382;364479;364778;+;87.1	383;364781;365122;+;106.1	384;365115;367496;+;172.6	384;365115;367496;+;108.0	385;367496;368194;+;208.1	387;368429;369364;+;162.9		389;369670;370341;+;221.5	390;370338;371192;+;185.3	391;371207;372379;+;184.3	392;372388;373398;+;98.8	351;337021;337821;-;152.4		pfam	both	A	7/7	canonical	1	0	unscoreable	2	0	0														not_admitted	not_admitted	not_admitted	not_admitted	not_admitted	not_admitted	not_admitted
NZ_CP116733.1	MPF_T	-	66	0	0	GA	1	54;39422;40510;+;92.1	51;36312;36662;+;76.4	52;36751;36963;+;45.7	53;36966;39425;+;125.1	53;36966;39425;+;94.8	55;40523;41221;+;42.8	57;41454;42482;+;146.9		58;42518;43210;+;176.8	59;43207;44016;+;199.9	60;44016;45233;+;211.9	61;45214;46236;+;135.6	62;46233;48332;+;301.5		pfam	pfam_only	A	7/7	canonical	1	0	unscoreable	1	0	0														not_admitted	not_admitted	not_admitted	not_admitted	not_admitted	not_admitted	not_admitted
NZ_CP116734.1	MPF_T	-	227	0	0	GA	1	86;93109;93828;+;59.9	221;238588;238992;-;72.0	88;94208;94534;+;70.6	89;94534;96903;+;226.5	219;235817;238285;-;120.9	218;235036;235845;-;46.2	216;233640;234827;-;114.2		93;98752;99465;+;176.6	214;232091;232945;-;190.1	212;230302;231603;-;224.8	222;238982;239953;-;132.1	134;139602;141545;-;544.2		conjscan	conjscan_only	A	7/7	uncallable	0	0	unscoreable	11	0	0														not_admitted	not_admitted	not_admitted	not_admitted	not_admitted	not_admitted	not_admitted
NZ_CP116737.1	MPF_T	-	331	0	0	GA	1		224;206954;207253;+;90.9	225;207256;207597;+;104.6	226;207590;209971;+;178.8	226;207590;209971;+;105.1	227;209971;210669;+;202.4	229;210904;211857;+;165.4		231;212143;212814;+;213.3	232;212811;213665;+;186.1	233;213680;214852;+;182.3	234;214861;215859;+;98.4			pfam	both	B	6/7	canonical	1	0	unscoreable	2	0	0														not_admitted	not_admitted	not_admitted	not_admitted	not_admitted	not_admitted	not_admitted
NZ_CP116912.1	MPF_T	IncN4	53	0	0	GA	1	28;20728;21468;-;34.9	26;20114;20404;-;45.6	25;19748;20062;-;65.3	24;17118;19748;-;124.9	24;17118;19748;-;86.8	23;16401;17108;-;114.7	21;15099;16142;-;126.7	20;14834;15004;-;41.4	19;14115;14831;-;145.6	18;13225;14112;-;144.4	17;12074;13228;-;174.0	16;11050;12081;-;78.1	11;5065;6642;+;50.6		pfam	both	A	7/7	canonical	1	0	ga	6	0	0														not_admitted	not_admitted	not_admitted	not_admitted	not_admitted	not_admitted	not_admitted
NZ_CP116915.1	MPF_T	IncN4	53	0	0	GA	1	15;7714;8454;+;34.9	17;8778;9068;+;45.6	18;9120;9434;+;65.3	19;9434;12064;+;124.9	19;9434;12064;+;86.8	20;12074;12781;+;114.7	22;13040;14083;+;126.7	23;14178;14348;+;41.4	24;14351;15067;+;145.6	25;15070;15957;+;144.4	26;15954;17108;+;174.0	27;17101;18132;+;78.1	32;22540;24117;-;50.6		pfam	both	A	7/7	canonical	1	0	ga	6	0	0														not_admitted	not_admitted	not_admitted	not_admitted	not_admitted	not_admitted	not_admitted
NZ_CP116920.1	MPF_T	IncFIB(K)	86	0	0	GA	1	57;57164;57826;+;48.3	58;57837;58136;+;36.6	59;58146;60896;+;60.6	59;58146;60896;+;134.0	59;58146;60896;+;48.6	60;60915;61631;+;137.0	62;61945;62952;+;137.8		64;63162;63848;+;158.3	65;63841;64734;+;147.4	66;64731;65927;+;134.7	67;65931;66980;+;71.5	74;71718;73625;+;24.3		pfam	pfam_only	A	7/7	canonical	1	1	unscoreable	8	0	0														not_admitted	not_admitted	not_admitted	not_admitted	not_admitted	not_admitted	not_admitted
NZ_CP116930.1	MPF_T	IncFIB(AP001918);IncFIB(K)	137	0	0	GA	1	14;13388;14050;-;48.3	13;13078;13377;-;36.6	12;12343;13068;-;64.3	110;95800;97851;+;134.6	12;12343;13068;-;35.9	111;97870;98586;+;137.0	113;98900;99907;+;137.8		115;100117;100803;+;158.3	116;100796;101689;+;147.4	117;101686;102882;+;134.7	118;102886;103935;+;71.5	125;108673;110580;+;24.3		pfam	pfam_only	A	7/7	canonical	1	0	unscoreable	8	0	0														not_admitted	not_admitted	not_admitted	not_admitted	not_admitted	not_admitted	not_admitted
NZ_CP116944.1	-	-	129	0	0	GA	0															not_admitted	not_admitted	not_admitted	not_admitted	not_admitted	not_admitted	not_admitted	not_admitted	not_admitted	not_admitted	1	66;75028;75543;-;151.2	56;67498;68823;-;327.9	62;71666;72145;-;85.5	69;76581;79292;-;224.7	55;64601;67492;-;316.6	76;81738;82202;-;53.6	69;76581;79292;-;117.5	79;83843;84412;-;121.0	65;73782;74522;-;70.4	63;72447;72851;-;118.8	49;61131;62408;-;222.2	70;79295;79849;-;49.2	49;61131;62408;-;74.4	A	9/9	contiguous	22712	1	1	64167..64379-;70;unnamed;0
NZ_CP116945.1	-	-	87	0	0	GA	1	34;35741;36355;-;48.3	33;35444;35686;-;49.0	32;32987;35383;-;45.3	32;32987;35383;-;165.1	32;32987;35383;-;65.5	30;31843;32574;-;67.1	28;30504;31565;-;128.2		25;29498;30229;-;156.4	24;28578;29495;-;144.3	23;27397;28581;-;136.6	22;26363;27394;-;84.8	21;24522;26354;-;478.4		pfam	pfam_only	A	7/7	canonical	1	1	unscoreable	7	0	0														not_admitted	not_admitted	not_admitted	not_admitted	not_admitted	not_admitted	not_admitted
NZ_CP116946.1	-	-	52	0	0	GA	0															not_admitted	not_admitted	not_admitted	not_admitted	not_admitted	not_admitted	not_admitted	not_admitted	not_admitted	not_admitted	1	19;24163;25158;-;356.1	11;17653;19029;-;312.7	16;20916;21689;-;204.2	22;26197;28905;-;239.6	10;14749;17640;-;312.3	26;30227;31606;-;90.3	22;26197;28905;-;119.2	28;32353;32922;-;113.7	18;23527;24147;-;65.4	17;21686;23530;-;233.8	5;9630;11849;-;383.3	23;28902;29414;-;49.6	5;9630;11849;-;74.2	A	9/9	contiguous	22723	1	1	13760..14371-;203;unnamed;0
NZ_CP116956.1	MPF_T	-	46	0	0	GA	1				14;12277;14745;-;105.7		34;26526;27482;-;31.3	2;2944;4092;-;85.2		12;11456;12133;-;112.5	11;10386;11456;-;97.7	10;9253;10389;-;143.9	8;8096;9049;-;100.7	6;5772;7682;-;241.5		pfam	pfam_only	A	7/7	canonical	1	0	unscoreable	6	0	0														not_admitted	not_admitted	not_admitted	not_admitted	not_admitted	not_admitted	not_admitted
NZ_CP116971.1	MPF_F	IncFIB(AP001918);IncFII(pCoo)	184	0	0	GA	0															not_admitted	not_admitted	not_admitted	not_admitted	not_admitted	not_admitted	not_admitted	not_admitted	not_admitted	not_admitted	1	122;117643;118635;-;369.3	111;110584;111960;-;378.0	118;114171;114914;-;235.0	125;119644;122271;-;305.4	110;107765;110587;-;389.5	132;124326;125753;-;94.3	125;119644;122271;-;98.4	134;126468;127034;-;183.8	121;116996;117634;-;68.4	120;115191;116999;-;268.4	107;104083;106236;-;391.8	128;122787;123302;-;78.4	107;104083;106236;-;70.4	A	9/9	contiguous	22385	1	1	107252..107743-;163;TraS;0
NZ_CP116974.1	MPF_F	IncFII	93	0	0	GA	0															not_admitted	not_admitted	not_admitted	not_admitted	not_admitted	not_admitted	not_admitted	not_admitted	not_admitted	not_admitted	1	69;55325;56317;+;369.5	79;62096;63469;+;381.7	74;59423;60166;+;234.4	66;51686;54316;+;305.4	80;63466;66288;+;374.0	58;46036;47487;+;94.2	66;51686;54316;+;98.1	56;44755;45321;+;174.3	71;56661;57299;+;68.6	72;57296;59146;+;266.1	84;68560;70776;+;391.2	61;48347;48862;+;78.4	84;68560;70776;+;70.3	A	9/9	contiguous	23805	1	1	66310..66789+;159;TraS;0
NZ_CP116975.1	MPF_T	IncI2	79	0	0	GA	1	38;33121;33603;-;81.1		53;49199;49483;-;36.6	52;46836;49193;-;58.5	52;46836;49193;-;42.8	65;54936;55577;-;42.8	66;55583;56578;-;128.5		50;45936;46670;-;144.3	49;45169;45939;-;170.5	48;44040;45179;-;154.7	41;35371;36909;-;207.1	46;40992;42950;-;289.6		pfam	pfam_only	A	7/7	rearranged	1	0	unscoreable	17	1	0														not_admitted	not_admitted	not_admitted	not_admitted	not_admitted	not_admitted	not_admitted
NZ_CP116979.1	MPF_T	IncX1	61	0	0	GA	1	18;17743;18387;-;47.1	17;17469;17759;-;73.5	16;14686;17445;-;44.8	16;14686;17445;-;133.3	16;14686;17445;-;71.9	15;13947;14684;-;57.5	13;12610;13665;-;131.7		12;11698;12420;-;116.0	11;10763;11692;-;132.4	10;9552;10766;-;128.6	9;8497;9534;-;66.4	8;6657;8492;-;543.4		pfam	pfam_only	A	7/7	canonical	1	1	unscoreable	1	0	0														not_admitted	not_admitted	not_admitted	not_admitted	not_admitted	not_admitted	not_admitted
NZ_CP116982.1	MPF_F	IncFIC(FII);IncR	167	0	0	GA	0															not_admitted	not_admitted	not_admitted	not_admitted	not_admitted	not_admitted	not_admitted	not_admitted	not_admitted	not_admitted	1	148;134166;135158;+;369.3	156;139854;141227;+;380.7	152;137890;138633;+;232.7	145;130530;133157;+;303.5	157;141224;144046;+;380.3	141;127191;128618;+;94.3	145;130530;133157;+;100.3	139;125910;126476;+;183.8	149;135167;135805;+;68.3	150;135802;137610;+;268.3	160;145580;147760;+;391.8	144;129499;130014;+;78.0	160;145580;147760;+;70.4	A	9/9	contiguous	19670	1	1	144067..144564+;165;TraS;0
NZ_CP116984.1	MPF_T	IncX1	64	0	0	GA	1	20;17782;18426;-;47.1	19;17508;17798;-;73.5	18;16009;17484;-;45.9	18;16009;17484;-;135.0	18;16009;17484;-;72.8	15;12648;13385;-;57.5	13;11311;12366;-;131.7		12;10399;11121;-;116.0	11;9464;10393;-;133.3	10;8253;9467;-;128.6	9;7198;8235;-;66.4	8;5358;7193;-;543.4		pfam	pfam_only	A	7/7	canonical	1	1	unscoreable	3	0	0														not_admitted	not_admitted	not_admitted	not_admitted	not_admitted	not_admitted	not_admitted
NZ_CP116988.1	MPF_F	IncFIA;IncFIB(AP001918);IncFII	199	0	0	GA	0															not_admitted	not_admitted	not_admitted	not_admitted	not_admitted	not_admitted	not_admitted	not_admitted	not_admitted	not_admitted	1	120;103633;104625;+;367.4	131;110311;111684;+;380.9	124;107354;108097;+;235.0	117;99997;102624;+;305.4	132;111681;114506;+;385.9	111;96515;97942;+;94.3	117;99997;102624;+;98.5	109;95234;95800;+;182.1	121;104634;105272;+;68.6	122;105269;107077;+;268.3	135;116009;118198;+;391.3	115;98966;99481;+;78.4	135;116009;118198;+;70.4	A	9/9	contiguous	20775	1	1	114503..115012+;169;unnamed;0
NZ_CP116995.1	MPF_F	IncFIA;IncFIB(AP001918);IncFII	199	0	0	GA	0															not_admitted	not_admitted	not_admitted	not_admitted	not_admitted	not_admitted	not_admitted	not_admitted	not_admitted	not_admitted	1	120;103633;104625;+;367.4	131;110311;111684;+;380.9	124;107354;108097;+;235.0	117;99997;102624;+;305.4	132;111681;114506;+;385.9	111;96515;97942;+;94.3	117;99997;102624;+;98.5	109;95234;95800;+;182.1	121;104634;105272;+;68.6	122;105269;107077;+;268.3	135;116009;118198;+;391.3	115;98966;99481;+;78.4	135;116009;118198;+;70.4	A	9/9	contiguous	20775	1	1	114503..115012+;169;unnamed;0
NZ_CP117003.1	MPF_T	IncY	99	0	0	GA	1	74;72965;73627;+;48.3	75;73638;73937;+;36.6	76;73947;76697;+;61.8	76;73947;76697;+;132.4	76;73947;76697;+;47.3	77;76716;77432;+;137.0	79;77746;78753;+;137.8		81;78963;79649;+;158.3	82;79642;80535;+;147.4	83;80532;81728;+;134.7	84;81732;82781;+;71.5	91;87519;89426;+;24.4		pfam	pfam_only	A	7/7	canonical	1	1	unscoreable	8	0	0														not_admitted	not_admitted	not_admitted	not_admitted	not_admitted	not_admitted	not_admitted
NZ_CP117004.1	MPF_F	IncFIB(AP001918);IncFIC(FII)	96	0	0	GA	0															not_admitted	not_admitted	not_admitted	not_admitted	not_admitted	not_admitted	not_admitted	not_admitted	not_admitted	not_admitted	1	63;63246;64238;-;369.3	54;56811;58184;-;379.5	59;59774;60517;-;233.3	66;65247;67874;-;305.4	53;53992;56814;-;388.4	72;69929;71356;-;94.7	66;65247;67874;-;98.5	74;72071;72637;-;183.4	62;62599;63237;-;68.7	61;60794;62602;-;268.3	50;50287;52458;-;391.8	68;68390;68905;-;76.7	50;50287;52458;-;70.4	A	9/9	contiguous	21784	1	1	53474..53971-;165;TraS;1
NZ_CP117007.1	MPF_F	IncFIB(AP001918);IncFII(pRSB107)	155	0	0	GA	0															not_admitted	not_admitted	not_admitted	not_admitted	not_admitted	not_admitted	not_admitted	not_admitted	not_admitted	not_admitted	1	132;116049;117041;+;369.6	144;122823;124196;+;385.7	137;120147;120890;+;234.4	129;112413;115040;+;304.2	145;124193;127015;+;384.9	123;109077;110528;+;93.9	129;112413;115040;+;97.2	121;107796;108362;+;183.8	134;117385;118023;+;68.7	135;118020;119870;+;266.7	149;129261;131432;+;391.8	126;111382;111897;+;76.4	149;129261;131432;+;70.4	A	9/9	contiguous	21465	1	1	127037..127516+;159;TraS;0
NZ_CP117009.1	MPF_T	IncFIB(AP001918);IncFIB(K)	135	0	0	GA	1	106;94308;94970;+;48.3	107;94981;95280;+;36.6	108;95290;98040;+;60.6	108;95290;98040;+;134.0	108;95290;98040;+;48.6	109;98059;98775;+;137.0	111;99089;100096;+;137.8		113;100306;100992;+;158.3	114;100985;101878;+;147.4	115;101875;103071;+;134.7	116;103075;104124;+;71.5	123;108862;110769;+;24.3		pfam	pfam_only	A	7/7	canonical	1	1	unscoreable	8	0	0														not_admitted	not_admitted	not_admitted	not_admitted	not_admitted	not_admitted	not_admitted
NZ_CP117026.1	-	-	197	0	0	GA	0															not_admitted	not_admitted	not_admitted	not_admitted	not_admitted	not_admitted	not_admitted	not_admitted	not_admitted	not_admitted	1	46;47322;48335;+;405.1	51;52541;53983;+;364.7	50;51633;52541;+;236.6	40;42200;44764;+;417.2	52;54007;57270;+;365.2	37;39260;40579;+;101.5	40;42200;44764;+;94.1	35;37867;38454;+;185.4	47;48345;49088;+;116.1	48;49092;51227;+;275.3	120;113892;116411;-;493.1		120;113892;116411;-;49.3	B	8/9	split_2	76025	0	1	
NZ_CP117031.1	MPF_F	-	271	0	0	GA	0															not_admitted	not_admitted	not_admitted	not_admitted	not_admitted	not_admitted	not_admitted	not_admitted	not_admitted	not_admitted	1	26;32454;33449;-;371.9	21;27364;28740;-;282.2	23;29160;29930;-;149.1	28;34138;36690;-;217.2	20;24454;27360;-;284.5	30;37241;38758;-;86.8	28;34138;36690;-;104.5	32;39479;40045;-;108.3	25;31661;32335;-;90.3	24;29943;31664;-;206.9	14;18773;20908;-;396.0	29;36694;37089;-;23.2	14;18773;20908;-;72.4	A	9/9	contiguous	20706	0	1	
NZ_CP117034.1	MPF_F	IncHI2;IncHI2A	242	0	0	GA	0															not_admitted	not_admitted	not_admitted	not_admitted	not_admitted	not_admitted	not_admitted	not_admitted	not_admitted	not_admitted	1	27;31707;32765;+;276.9	150;153303;154718;-;194.1	151;154708;155754;-;174.3	11;8955;11636;+;168.0	149;149341;153294;-;101.6	7;5270;6625;+;80.7	11;8955;11636;+;72.2	4;2758;3546;+;74.8	25;30054;31565;+;62.0	31;34699;37308;+;58.8	158;162796;164880;+;56.8	10;7996;8946;+;46.1	158;162796;164880;+;38.8	A	9/9	split_3	160038	1	1	147871..149160-;429;unnamed;0
NZ_CP117035.1	MPF_F	IncFIB(AP001918);IncFIC(FII)	152	0	0	GA	0															not_admitted	not_admitted	not_admitted	not_admitted	not_admitted	not_admitted	not_admitted	not_admitted	not_admitted	not_admitted	1	66;63738;64730;-;369.3	58;57669;59042;-;380.7	62;60263;61006;-;232.7	69;65739;68366;-;303.5	57;54850;57672;-;380.3	73;70278;71705;-;94.3	69;65739;68366;-;100.3	75;72420;72986;-;183.8	65;63091;63729;-;68.3	64;61286;63094;-;268.3	54;51826;53316;-;335.4	70;68882;69397;-;78.0	54;51826;53316;-;52.1	A	9/9	contiguous	20594	1	1	54332..54829-;165;TraS;0
NZ_CP117040.1	-	-	84	0	0	GA	1	8;6898;7413;-;46.5	39;29803;30132;-;65.8	38;29478;29792;-;30.4	37;27023;29437;-;51.1	37;27023;29437;-;99.0	36;26263;26817;-;16.9	33;24327;24833;-;42.1		31;23297;23971;-;147.4	30;21996;23288;-;158.1	29;20912;22003;-;149.5	22;14988;16559;-;175.7			conjscan	conjscan_only	B	6/7	canonical	1	0	unscoreable	20	0	0														not_admitted	not_admitted	not_admitted	not_admitted	not_admitted	not_admitted	not_admitted
NZ_CP117041.1	-	-	119	0	0	GA	1	118;86033;86635;+;36.8			1;1042;2838;+;34.0		2;2835;3515;+;56.8	3;3518;4519;+;112.9		5;4659;5396;+;156.7	6;5410;6204;+;158.8	7;6204;7394;+;147.7	102;72896;74521;+;163.7	10;8525;10738;+;319.0		pfam	pfam_only	A	7/7	canonical	1	0	unscoreable	2	0	0														not_admitted	not_admitted	not_admitted	not_admitted	not_admitted	not_admitted	not_admitted
NZ_CP117046.1	MPF_F	IncFIA;IncFIB(AP001918);IncFII	199	0	0	GA	0															not_admitted	not_admitted	not_admitted	not_admitted	not_admitted	not_admitted	not_admitted	not_admitted	not_admitted	not_admitted	1	129;116658;117650;-;367.4	116;107013;108386;-;380.9	125;113186;113929;-;235.0	132;118659;121286;-;305.4	115;105889;107016;-;306.2	138;123341;124768;-;94.3	132;118659;121286;-;98.5	140;125483;126049;-;183.8	128;116011;116649;-;68.6	127;114206;116014;-;268.3	108;98036;100225;-;391.3	134;121802;122317;-;78.4	108;98036;100225;-;70.4	A	9/9	contiguous	27447	1	1	105456..105860-;134;unnamed;0
NZ_CP117050.1	MPF_F	IncFIA;IncFIB(AP001918);IncFII	198	0	0	GA	0															not_admitted	not_admitted	not_admitted	not_admitted	not_admitted	not_admitted	not_admitted	not_admitted	not_admitted	not_admitted	1	128;116657;117649;-;367.4	115;107012;108385;-;380.9	124;113185;113928;-;235.0	131;118658;121285;-;305.4	114;105888;107015;-;306.2	137;123340;124767;-;94.3	131;118658;121285;-;98.5	139;125482;126048;-;183.8	127;116010;116648;-;68.6	126;114205;116013;-;268.3	107;98035;100224;-;391.3	133;121801;122316;-;78.4	107;98035;100224;-;70.4	A	9/9	contiguous	27447	1	1	105455..105859-;134;unnamed;0
NZ_CP117056.1	MPF_F	-	66	0	0	GA	0															not_admitted	not_admitted	not_admitted	not_admitted	not_admitted	not_admitted	not_admitted	not_admitted	not_admitted	not_admitted	1	41;39539;40549;-;383.8	35;34136;35542;-;292.8	37;35973;36752;-;172.4	44;41398;43947;-;201.7	34;31329;34133;-;305.8	46;44348;45883;-;90.0	44;41398;43947;-;91.1	48;46645;47220;-;129.9	39;38569;39282;-;88.5	38;36799;38532;-;223.9	30;27054;29159;-;395.9	45;43950;44342;-;33.8	30;27054;29159;-;74.8	A	9/9	contiguous	19591	1	1	30716..31246-;176;unnamed;0
NZ_CP117160.1	MPF_T	-	211	0	0	GA	1	138;133202;133876;+;48.1	139;133873;134214;+;81.9	140;134225;134560;+;82.9	141;134553;136970;+;167.2	141;134553;136970;+;117.4	142;136975;137685;+;181.4	144;137928;138872;+;123.3		146;139207;139896;+;166.7	147;139893;140750;+;187.2	148;140756;141973;+;180.4	149;141976;142980;+;101.4	150;142946;144958;+;345.1		pfam	both	A	7/7	canonical	1	0	unscoreable	2	0	0														not_admitted	not_admitted	not_admitted	not_admitted	not_admitted	not_admitted	not_admitted
NZ_CP117161.1	-	-	88	0	0	GA	1	13;13920;14606;-;47.5	12;13555;13923;-;70.3	11;13150;13494;-;73.5	10;10767;13157;-;146.0	10;10767;13157;-;108.8	9;10038;10754;-;92.3	7;8674;9681;-;95.0		6;7579;8271;-;168.9	5;6740;7582;-;179.9	4;5539;6738;-;174.7	3;4529;5542;-;103.0	2;2713;4557;-;332.7		pfam	both	A	7/7	canonical	1	0	unscoreable	1	0	0														not_admitted	not_admitted	not_admitted	not_admitted	not_admitted	not_admitted	not_admitted
NZ_CP117170.1	MPF_T	-	57	0	0	GA	1	20;12954;13607;+;47.0	21;13588;13881;+;72.1	22;13901;16660;+;42.2	22;13901;16660;+;128.8	22;13901;16660;+;70.5	23;16668;17402;+;59.4	25;17677;18732;+;132.4		26;19006;19734;+;117.4	27;19740;20669;+;136.5	28;20666;21874;+;129.5	29;21886;22929;+;66.6	30;22932;24767;+;502.2		pfam	pfam_only	A	7/7	canonical	1	1	unscoreable	1	0	0														not_admitted	not_admitted	not_admitted	not_admitted	not_admitted	not_admitted	not_admitted
NZ_CP117171.1	MPF_T	IncFII(pCRY)	32	0	0	GA	1	23;15857;16567;+;47.5	24;16564;16869;+;73.1	25;16882;19620;+;48.9	25;16882;19620;+;151.4	25;16882;19620;+;32.2	26;19638;20339;+;143.5	28;20588;21658;+;164.6		30;21880;22563;+;197.9	31;22563;23468;+;155.0	0;62;778;+;149.0	1;768;1793;+;66.1	5;3648;5384;+;47.1		pfam	pfam_only	A	7/7	canonical	1	1	unscoreable	5	0	0														not_admitted	not_admitted	not_admitted	not_admitted	not_admitted	not_admitted	not_admitted
NZ_CP117172.1	-	-	57	0	0	GA	1	22;13791;14435;+;47.3	23;14440;14724;+;50.1	24;14740;17490;+;44.6	24;14740;17490;+;130.8	24;14740;17490;+;56.7	25;17500;18216;+;128.6	27;18492;19664;+;143.6		28;19856;20557;+;156.0	29;20554;21483;+;139.4	30;21480;22814;+;139.0	31;22814;23845;+;80.4	32;23832;25658;+;390.5		pfam	pfam_only	A	7/7	canonical	1	1	unscoreable	1	0	0														not_admitted	not_admitted	not_admitted	not_admitted	not_admitted	not_admitted	not_admitted
NZ_CP117185.1	MPF_F	IncFII	76	0	0	GA	0															not_admitted	not_admitted	not_admitted	not_admitted	not_admitted	not_admitted	not_admitted	not_admitted	not_admitted	not_admitted	1	52;39821;40813;+;369.5	62;46592;47965;+;381.7	57;43919;44662;+;234.4	49;36182;38812;+;304.1	63;47962;50784;+;374.0	42;31732;33183;+;94.2	49;36182;38812;+;97.1	40;30451;31017;+;174.3	54;41157;41795;+;68.6	55;41792;43642;+;266.1	67;53056;55299;+;391.1	45;34043;34558;+;78.4	67;53056;55299;+;70.3	A	9/9	contiguous	22605	1	1	50806..51285+;159;TraS;0
NZ_CP117189.1	MPF_F	IncC;IncP1	251	1	1	GA	1	244;200373;200906;+;34.3	55;46477;46860;-;68.3	54;46148;46474;-;50.2	53;43608;46151;-;99.2	53;43608;46151;-;108.9	48;39359;40141;-;106.4	46;38326;39147;-;104.0		52;42904;43611;-;88.1	51;41998;42888;-;156.2	49;40154;41548;-;218.2	56;46974;47930;-;133.6	27;21535;22821;+;184.1	177;143164;145962;+;145.3	conjscan	conjscan_only	A	7/7	canonical	1	0	unscoreable	6	0	1	176;142041;143048;+;332.9	240;193925;195358;+;339.2	239;192895;193923;+;221.7	171;136842;139289;+;354.5	241;195371;198985;+;375.3	49;40154;41548;-;218.2	171;136842;139289;+;128.3	164;126446;127072;+;92.7	174;140111;141376;+;67.9	177;143164;145962;+;145.3	155;120771;122636;+;47.3	167;129283;129861;+;100.2	27;21535;22821;+;83.6	A	9/9	split_3	173836	0	1	
NZ_CP117190.1	MPF_F	IncFII(pHN7A8)	82	0	0	GA	0															not_admitted	not_admitted	not_admitted	not_admitted	not_admitted	not_admitted	not_admitted	not_admitted	not_admitted	not_admitted	1	55;42767;43759;+;369.5	68;50592;51965;+;376.8	63;48283;49026;+;234.4	52;39131;41758;+;301.8	69;51962;54778;+;376.7	47;35649;37076;+;94.1	52;39131;41758;+;101.8	45;34368;34934;+;183.8	58;44705;45343;+;70.4	61;46156;48006;+;265.0	73;57079;59349;+;391.6	51;38100;38615;+;78.0	73;57079;59349;+;70.3	A	9/9	contiguous	22711	1	1	54811..55332+;173;unnamed;0
NZ_CP117223.1	MPF_F	IncC	172	0	0	GA	0															not_admitted	not_admitted	not_admitted	not_admitted	not_admitted	not_admitted	not_admitted	not_admitted	not_admitted	not_admitted	1	94;71322;72329;+;332.9	161;129590;131023;+;339.2	160;128560;129588;+;221.7	89;66123;68570;+;354.2	162;131036;134650;+;375.3	80;52812;54128;+;135.0	89;66123;68570;+;128.6	78;51288;51914;+;92.1	92;69392;70657;+;67.6	95;72445;75240;+;145.3	69;45613;47478;+;47.4	81;54125;54703;+;100.2	69;45613;47478;+;52.0	A	9/9	split_2	85423	0	1	
NZ_CP117245.1	MPF_F	IncFIB(S);IncFII(S);IncFII(pAR0022)	116	0	0	GA	0															not_admitted	not_admitted	not_admitted	not_admitted	not_admitted	not_admitted	not_admitted	not_admitted	not_admitted	not_admitted	1	92;70296;71288;+;366.7	101;76536;77918;+;392.4	98;74755;75504;+;231.0	89;66661;69309;+;314.1	102;77915;80737;+;394.4	81;62707;64128;+;91.5	89;66661;69309;+;97.8	79;61414;61980;+;188.1	94;71600;72238;+;70.6	96;72691;74517;+;271.0	105;82391;84553;+;374.1	84;64934;65449;+;96.7	105;82391;84553;+;72.1	A	9/9	contiguous	20977	1	1	80759..81247+;162;TraS;0
NZ_CP117256.1	-	-	789	0	0	GA	1	50;56312;57217;-;80.1	49;55958;56296;-;77.4	48;55659;55958;-;69.8	47;53239;55653;-;113.0	47;53239;55653;-;102.9	45;51447;52148;-;43.8	43;50232;51239;-;147.6		42;49506;50198;-;177.3	41;48697;49509;-;193.5	40;47459;48700;-;200.9	39;46465;47496;-;125.4	38;44408;46468;-;314.0		pfam	pfam_only	A	7/7	canonical	1	0	unscoreable	1	0	0														not_admitted	not_admitted	not_admitted	not_admitted	not_admitted	not_admitted	not_admitted
NZ_CP117257.1	MPF_T	-	442	0	0	GA	1	399;395418;396125;-;81.8	363;366121;366486;-;64.9	174;191272;191598;+;71.9	175;191598;193967;+;231.3	361;363426;365795;-;91.2	394;390870;391607;-;47.6	392;389593;390618;-;120.2		391;388842;389573;-;196.0	390;388024;388845;-;192.5	159;177215;178495;-;228.3	388;385691;386815;-;114.8	86;95642;97612;-;554.1		pfam	pfam_only	A	7/7	uncallable	0	0	unscoreable	30	0	0														not_admitted	not_admitted	not_admitted	not_admitted	not_admitted	not_admitted	not_admitted
NZ_CP117262.1	-	-	712	0	0	GA	1	53;58459;59364;-;80.0	52;58105;58443;-;77.4	51;57806;58105;-;69.8	50;55386;57800;-;111.8	50;55386;57800;-;102.9	48;53594;54295;-;42.1	46;52379;53386;-;146.0		45;51653;52318;-;174.3	44;50844;51656;-;190.7	43;49606;50847;-;203.4	42;48612;49643;-;126.5	41;46555;48615;-;312.7		pfam	pfam_only	A	7/7	canonical	1	0	unscoreable	1	0	0														not_admitted	not_admitted	not_admitted	not_admitted	not_admitted	not_admitted	not_admitted
NZ_CP117263.1	MPF_T	-	430	0	0	GA	1	386;385819;386526;-;81.8	347;354261;354626;-;64.9	161;178091;178417;+;71.9	162;178417;180786;+;231.3	345;351566;353935;-;91.2	381;381271;382008;-;47.6	379;379994;381019;-;120.2		378;379243;379974;-;196.0	377;378425;379246;-;192.5	146;164034;165314;-;228.3	375;376092;377216;-;114.8	74;83650;85620;-;554.1		pfam	pfam_only	A	7/7	uncallable	0	0	unscoreable	30	0	0														not_admitted	not_admitted	not_admitted	not_admitted	not_admitted	not_admitted	not_admitted
NZ_CP117268.1	MPF_T	-	1411	0	0	GA	1	894;965279;966451;-;70.5	897;969275;969646;-;55.1	896;968952;969272;-;47.6	895;966429;968948;-;142.4	895;966429;968948;-;94.6		891;963177;964250;-;85.0		890;962384;963118;-;110.8	889;961554;962387;-;183.7	888;960208;961545;-;192.4	887;959162;960211;-;131.7	886;956383;959193;-;227.1		none	none	A	7/7	canonical	0	0	unscoreable	2	0	0														not_admitted	not_admitted	not_admitted	not_admitted	not_admitted	not_admitted	not_admitted
NZ_CP117269.1	MPF_T	-	386	0	0	GA	1	343;341365;342072;-;81.8	227;230498;230860;+;67.4	228;230860;231186;+;72.4	229;231186;233555;+;210.9	229;231186;233555;+;86.3	338;336817;337554;-;48.5	336;335537;336562;-;120.2		335;334785;335516;-;194.9	334;333967;334788;-;192.5	333;332706;333977;-;204.7	332;331634;332758;-;114.7	187;184628;186607;+;495.0		pfam	pfam_only	A	7/7	uncallable	0	0	unscoreable	3	0	0														not_admitted	not_admitted	not_admitted	not_admitted	not_admitted	not_admitted	not_admitted
NZ_CP117333.1	MPF_F	IncFII(pSE11)	80	0	0	GA	0															not_admitted	not_admitted	not_admitted	not_admitted	not_admitted	not_admitted	not_admitted	not_admitted	not_admitted	not_admitted	1	52;38284;39276;+;364.3	64;45695;47068;+;383.0	57;42525;43268;+;235.0	49;34645;37275;+;297.8	65;47065;49911;+;372.9	40;29570;31000;+;93.3	49;34645;37275;+;100.7	38;28289;28855;+;183.4	54;39763;40401;+;69.8	55;40398;42248;+;264.7	69;52152;54413;+;386.2	44;32122;32637;+;79.5	69;52152;54413;+;68.5	A	9/9	contiguous	23863	1	1	49908..50417+;169;unnamed;0
NZ_CP117337.1	MPF_T	IncC;IncFII(S);IncFII(pAR0022);IncX1	193	0	0	GA	1	13;6551;7198;+;45.2	14;7176;7472;+;77.5	15;7491;10244;+;46.6	15;7491;10244;+;148.0	15;7491;10244;+;75.3	16;10255;11013;+;65.9	18;11251;12384;+;108.9		19;12629;13342;+;120.0	20;13347;14276;+;129.7	21;14273;15478;+;132.5	22;15480;16244;+;55.2	23;16513;18348;+;486.5		pfam	pfam_only	A	7/7	canonical	1	1	unscoreable	1	0	0														not_admitted	not_admitted	not_admitted	not_admitted	not_admitted	not_admitted	not_admitted
NZ_CP117339.1	MPF_F	IncC	178	0	0	GA	0															not_admitted	not_admitted	not_admitted	not_admitted	not_admitted	not_admitted	not_admitted	not_admitted	not_admitted	not_admitted	1	95;73949;74956;+;332.9	167;135345;136778;+;339.2	166;134315;135343;+;221.7	90;68750;71197;+;354.2	168;136791;140405;+;375.3	81;55439;56755;+;135.0	90;68750;71197;+;128.6	79;53915;54541;+;92.1	93;72019;73284;+;67.7	96;75072;77867;+;145.3	70;48240;50105;+;47.4	82;56752;57330;+;100.2	70;48240;50105;+;52.0	A	9/9	split_2	88551	0	1	
NZ_CP117342.1	MPF_T	IncFII(S);IncFII(pAR0022);IncX1	91	0	0	GA	1	65;47036;47683;+;45.2	66;47661;47957;+;77.5	67;47976;50729;+;46.6	67;47976;50729;+;148.0	67;47976;50729;+;75.3	68;50740;51498;+;65.9	70;51736;52869;+;108.9		71;53114;53827;+;120.7	72;53832;54761;+;129.7	73;54758;55963;+;132.5	74;55965;56729;+;55.2	75;56998;58833;+;486.5		pfam	pfam_only	A	7/7	canonical	1	1	unscoreable	1	0	0														not_admitted	not_admitted	not_admitted	not_admitted	not_admitted	not_admitted	not_admitted
NZ_CP117345.1	MPF_T	IncFII(S);IncFII(pAR0022);IncX1	90	0	0	GA	1	64;46567;47214;+;45.2	65;47192;47488;+;77.5	66;47507;50260;+;46.6	66;47507;50260;+;148.0	66;47507;50260;+;75.3	67;50271;51029;+;65.9	69;51267;52400;+;108.9		70;52645;53358;+;120.0	71;53363;54292;+;129.7	72;54289;55494;+;132.5	73;55496;56260;+;55.2	74;56529;58364;+;486.5		pfam	pfam_only	A	7/7	canonical	1	1	unscoreable	1	0	0														not_admitted	not_admitted	not_admitted	not_admitted	not_admitted	not_admitted	not_admitted
NZ_CP117347.1	MPF_T	IncC;IncFII(S);IncFII(pAR0022);IncX1	226	0	0	GA	1	96;71393;72040;+;45.2	97;72018;72314;+;77.5	98;72333;75086;+;46.6	98;72333;75086;+;148.0	98;72333;75086;+;75.3	99;75097;75855;+;65.9	101;76093;77226;+;108.9		102;77471;78184;+;120.0	103;78189;79118;+;129.7	22;17049;18365;-;135.0	105;80322;81086;+;55.2	106;81355;83190;+;486.5		pfam	pfam_only	A	7/7	canonical	1	1	unscoreable	1	0	0														not_admitted	not_admitted	not_admitted	not_admitted	not_admitted	not_admitted	not_admitted
NZ_CP117349.1	MPF_F	IncC	213	0	0	GA	0															not_admitted	not_admitted	not_admitted	not_admitted	not_admitted	not_admitted	not_admitted	not_admitted	not_admitted	not_admitted	1	102;76643;77650;+;332.9	202;169153;170586;+;339.2	201;168123;169151;+;221.7	97;71444;73891;+;354.2	203;170599;174213;+;375.3	86;58133;59449;+;135.0	97;71444;73891;+;128.6	84;56609;57235;+;92.1	100;74713;75978;+;67.6	103;77766;80561;+;145.3	75;50934;52799;+;47.4	87;59446;60024;+;100.2	75;50934;52799;+;52.0	A	9/9	split_2	119665	0	1	
NZ_CP117353.1	MPF_T	IncFII(S);IncFII(pAR0022);IncX1	91	0	0	GA	1	65;46756;47403;+;45.2	66;47381;47677;+;77.5	67;47696;50449;+;46.6	67;47696;50449;+;148.0	67;47696;50449;+;75.3	68;50460;51218;+;65.9	70;51456;52589;+;108.9		71;52834;53547;+;120.0	72;53552;54481;+;129.7	73;54478;55683;+;132.5	74;55685;56449;+;55.2	75;56718;58553;+;486.5		pfam	pfam_only	A	7/7	canonical	1	1	unscoreable	1	0	0														not_admitted	not_admitted	not_admitted	not_admitted	not_admitted	not_admitted	not_admitted
NZ_CP117356.1	MPF_T	IncFII(S);IncFII(pAR0022);IncX1	92	0	0	GA	1	66;47297;47944;+;45.2	67;47922;48218;+;77.5	68;48237;50990;+;46.6	68;48237;50990;+;148.0	68;48237;50990;+;75.3	69;51001;51759;+;65.9	71;51997;53130;+;108.9		72;53375;54088;+;120.0	73;54093;55022;+;129.7	74;55019;56224;+;132.5	75;56226;56990;+;55.2	76;57259;59094;+;486.5		pfam	pfam_only	A	7/7	canonical	1	1	unscoreable	1	0	0														not_admitted	not_admitted	not_admitted	not_admitted	not_admitted	not_admitted	not_admitted
NZ_CP117358.1	MPF_F	IncFIB(S);IncFII(S);IncFII(pAR0022)	115	0	0	GA	0															not_admitted	not_admitted	not_admitted	not_admitted	not_admitted	not_admitted	not_admitted	not_admitted	not_admitted	not_admitted	1	40;38249;39241;-;366.7	32;31620;33002;-;392.4	35;34034;34783;-;231.0	43;40228;42876;-;314.1	31;28801;31623;-;394.4	51;45409;46830;-;91.5	43;40228;42876;-;96.9	53;47557;48123;-;188.1	39;37300;37938;-;70.6	37;35021;36847;-;271.0	28;24985;27147;-;374.1	48;44088;44603;-;96.7	28;24985;27147;-;72.1	A	9/9	contiguous	22572	1	1	28291..28779-;162;TraS;0
NZ_CP117361.1	MPF_T	IncFII(S);IncFII(pAR0022);IncX1	91	0	0	GA	1	65;46856;47503;+;45.2	66;47481;47777;+;77.5	67;47796;50549;+;46.6	67;47796;50549;+;148.0	67;47796;50549;+;75.3	68;50560;51318;+;65.9	70;51556;52689;+;108.9		71;52934;53647;+;120.0	72;53652;54581;+;129.7	73;54578;55783;+;132.5	74;55785;56549;+;55.2	75;56818;58653;+;486.5		pfam	pfam_only	A	7/7	canonical	1	1	unscoreable	1	0	0														not_admitted	not_admitted	not_admitted	not_admitted	not_admitted	not_admitted	not_admitted
NZ_CP117364.1	MPF_T	IncFII(S);IncFII(pAR0022);IncX1	92	0	0	GA	1	66;47471;48118;+;45.2	67;48096;48392;+;77.5	68;48411;51164;+;46.6	68;48411;51164;+;148.0	68;48411;51164;+;75.3	69;51175;51933;+;65.9	71;52171;53304;+;108.9		72;53549;54262;+;120.0	73;54267;55196;+;129.7	74;55193;56398;+;132.5	75;56400;57164;+;55.2	76;57433;59268;+;486.5		pfam	pfam_only	A	7/7	canonical	1	1	unscoreable	1	0	0														not_admitted	not_admitted	not_admitted	not_admitted	not_admitted	not_admitted	not_admitted
NZ_CP117366.1	MPF_F	IncC	179	0	0	GA	0															not_admitted	not_admitted	not_admitted	not_admitted	not_admitted	not_admitted	not_admitted	not_admitted	not_admitted	not_admitted	1	95;73950;74957;+;332.9	168;135349;136782;+;339.2	167;134319;135347;+;221.7	90;68751;71198;+;354.2	169;136795;140409;+;375.3	81;55440;56756;+;135.0	90;68751;71198;+;128.6	79;53916;54542;+;92.1	93;72020;73285;+;67.6	96;75073;77868;+;145.3	70;48241;50106;+;47.4	82;56753;57331;+;100.2	70;48241;50106;+;52.0	A	9/9	split_2	88554	0	1	
NZ_CP117369.1	MPF_T	IncFII(S);IncFII(pAR0022);IncX1	90	0	0	GA	1	64;45157;45804;+;45.2	65;45782;46078;+;77.5	66;46097;48850;+;46.6	66;46097;48850;+;148.0	66;46097;48850;+;75.3	67;48861;49619;+;65.9	69;49857;50990;+;108.9		70;51235;51948;+;120.0	71;51953;52882;+;129.7	72;52879;54084;+;132.5	73;54086;54850;+;55.2	74;55119;56954;+;486.5		pfam	pfam_only	A	7/7	canonical	1	1	unscoreable	1	0	0														not_admitted	not_admitted	not_admitted	not_admitted	not_admitted	not_admitted	not_admitted
NZ_CP117375.1	MPF_T	IncFII(S);IncFII(pAR0022);IncX1	92	0	0	GA	1	66;47295;47942;+;45.2	67;47920;48216;+;77.5	68;48235;50988;+;46.6	68;48235;50988;+;148.0	68;48235;50988;+;75.3	69;50999;51757;+;65.9	71;51995;53128;+;108.9		72;53373;54086;+;120.0	73;54091;55020;+;129.7	74;55017;56222;+;132.5	75;56224;56988;+;55.2	76;57257;59092;+;486.5		pfam	pfam_only	A	7/7	canonical	1	1	unscoreable	1	0	0														not_admitted	not_admitted	not_admitted	not_admitted	not_admitted	not_admitted	not_admitted
NZ_CP117413.1	MPF_T	-	131	0	0	GA	1	67;63216;63896;-;40.4	66;62887;63219;-;82.0	65;62539;62883;-;81.9	64;60129;62546;-;160.4	64;60129;62546;-;116.7	63;59411;60124;-;185.8	62;58227;59171;-;122.1		61;57183;57863;-;182.0	60;56332;57186;-;190.7	59;55097;56326;-;180.0	58;54090;55094;-;100.0	57;52115;54124;-;345.6		pfam	both	A	7/7	canonical	1	0	unscoreable	0	0	0														not_admitted	not_admitted	not_admitted	not_admitted	not_admitted	not_admitted	not_admitted
NZ_CP117418.1	MPF_F	-	1105	0	0	GA	0															not_admitted	not_admitted	not_admitted	not_admitted	not_admitted	not_admitted	not_admitted	not_admitted	not_admitted	not_admitted	1	592;709437;710450;+;332.5	600;716914;718332;+;281.1	598;715198;716085;+;186.2	587;705319;707850;+;218.1	601;718341;722081;+;165.9	585;703296;704624;+;100.8	587;705319;707850;+;115.9	583;701904;702539;+;88.6	596;713755;714633;+;103.8	595;712689;713783;+;94.6	758;897470;899944;+;480.0	586;704624;705322;+;104.3	500;613685;615778;-;85.6	A	9/9	split_3	283785	0	1	
NZ_CP117472.1	MPF_F	-	300	0	0	GA	0															not_admitted	not_admitted	not_admitted	not_admitted	not_admitted	not_admitted	not_admitted	not_admitted	not_admitted	not_admitted	1	77;69618;70640;+;394.9	81;74197;75663;+;366.7	80;73211;74197;+;242.9	71;64582;67173;+;468.2	82;75680;78481;+;359.5	68;61419;62744;+;106.7	71;64582;67173;+;98.2	66;60051;60617;+;202.9	78;70652;71398;+;114.8	79;71395;73230;+;293.2	103;93822;96128;-;515.9	70;63600;64580;+;32.8	269;252838;254859;-;101.2	A	9/9	split_2	192787	0	1	
NZ_CP117473.1	-	-	88	0	0	GA	1	24;23311;24423;-;23.0	34;33975;34355;-;48.4	33;33624;33956;-;46.2	32;31048;33627;-;99.7	32;31048;33627;-;109.2	27;26404;27159;-;54.2	25;24426;26141;-;111.1		31;30342;31061;-;143.3	30;29341;30324;-;171.6	28;27185;28552;-;205.6	35;34369;35334;-;127.4	49;46544;48436;+;448.5		conjscan	conjscan_only	A	7/7	canonical	1	0	unscoreable	3	0	0														not_admitted	not_admitted	not_admitted	not_admitted	not_admitted	not_admitted	not_admitted
NZ_CP117477.1	MPF_T	IncN;IncU	85	0	0	GA	1	17;13818;14552;+;32.5		20;15195;15512;+;63.3	21;15512;18112;+;113.8	21;15512;18112;+;76.4	22;18130;18843;+;105.5	24;19094;20134;+;142.4		33;27639;27956;+;71.7	34;27967;28851;+;159.7	35;28851;30011;+;156.3	36;30053;31048;+;81.2	62;53161;54690;-;38.5		pfam	both	A	7/7	canonical	1	0	unscoreable	11	0	0														not_admitted	not_admitted	not_admitted	not_admitted	not_admitted	not_admitted	not_admitted
NZ_CP117482.1	MPF_F	IncFIB(pNDM-Mar);RepB	229	0	0	GA	0															not_admitted	not_admitted	not_admitted	not_admitted	not_admitted	not_admitted	not_admitted	not_admitted	not_admitted	not_admitted	1	38;34727;35764;-;282.3	187;164053;165462;+;190.4	186;163026;164063;+;175.6	50;46596;49313;-;149.6	188;165464;169378;+;120.2	54;51426;52796;-;65.6	50;46596;49313;-;85.2	57;54442;55302;-;79.0	39;35761;37122;-;69.9	37;31535;34717;-;60.6	179;153701;155827;-;57.7	51;49358;50095;-;56.9	179;153701;155827;-;41.0	A	9/9	split_2	133929	0	1	
NZ_CP117484.1	MPF_F	IncFIB(K)	104	0	0	GA	0															not_admitted	not_admitted	not_admitted	not_admitted	not_admitted	not_admitted	not_admitted	not_admitted	not_admitted	not_admitted	1	93;77464;78456;+;366.6		99;81964;82716;+;232.4	90;73799;76438;+;259.3	0;1;2823;+;346.6	80;68549;69973;+;88.4	90;73799;76438;+;88.7	78;67256;67822;+;167.0	94;78469;79107;+;67.0	95;79166;81121;+;257.2	4;4792;7101;+;393.1	82;70609;71166;+;52.7	4;4792;7101;+;66.6	B	8/9	split_2	81963	1	1	2847..3449+;200;TraS;0
NZ_CP117557.1	MPF_T	IncX1;IncX3	95	0	0	GA	1	81;68180;68827;-;42.8	80;67906;68202;-;77.5	79;65134;67887;-;46.6	79;65134;67887;-;150.3	79;65134;67887;-;75.3	78;64374;65123;-;67.5	76;63002;64063;-;135.0		75;62044;62757;-;120.0	31;26704;27441;-;94.5	27;24166;24621;-;74.9	26;23133;24164;-;79.0	25;21295;23130;-;489.3		pfam	pfam_only	A	7/7	canonical	1	1	unscoreable	3	0	0														not_admitted	not_admitted	not_admitted	not_admitted	not_admitted	not_admitted	not_admitted
NZ_CP117559.1	MPF_F	IncFIA;IncFIB(pB171);IncFII(pHN7A8)	116	0	0	GA	0															not_admitted	not_admitted	not_admitted	not_admitted	not_admitted	not_admitted	not_admitted	not_admitted	not_admitted	not_admitted	1	69;63349;64341;+;369.3	80;70049;71422;+;376.8	75;67740;68483;+;233.3	66;59713;62340;+;305.4	81;71419;74241;+;389.2	59;56374;57801;+;92.9	66;59713;62340;+;99.0	57;55093;55659;+;183.8	70;64350;64988;+;68.6	73;65700;67463;+;268.4	85;76487;78739;+;391.7	62;58682;59197;+;78.4	85;76487;78739;+;70.3	A	9/9	contiguous	21394	1	1	74263..74742+;159;TraS;0
NZ_CP117565.1	MPF_T	IncI2	83	0	0	GA	1	44;33911;34393;-;81.1	59;49855;50145;-;28.9	58;49464;49748;-;36.5	57;47101;49458;-;58.5	57;47101;49458;-;44.9	68;55141;55782;-;45.1	69;55788;56786;-;131.5		55;46201;46935;-;144.3	54;45434;46204;-;170.5	53;44305;45444;-;154.7	47;36161;37699;-;208.0	51;41257;43215;-;286.0		pfam	pfam_only	A	7/7	rearranged	1	0	unscoreable	13	0	0														not_admitted	not_admitted	not_admitted	not_admitted	not_admitted	not_admitted	not_admitted
NZ_CP117571.1	MPF_F	IncFIB(AP001918);IncFIC(FII)	182	0	0	GA	0															not_admitted	not_admitted	not_admitted	not_admitted	not_admitted	not_admitted	not_admitted	not_admitted	not_admitted	not_admitted	1	82;77435;78427;-;367.4	70;70371;71747;-;378.0	77;73958;74701;-;234.5	85;79436;82063;-;305.4	69;67552;70374;-;387.6	92;84118;85545;-;94.1	85;79436;82063;-;98.9	94;86260;86826;-;183.8	81;76788;77426;-;68.4	79;74978;76249;-;269.9	66;63825;66023;-;391.8	88;82579;83094;-;78.4	66;63825;66023;-;70.3	A	9/9	contiguous	22435	1	1	67039..67530-;163;TraS;0
NZ_CP117593.1	MPF_F	IncFII(pSE11)	74	0	0	GA	0															not_admitted	not_admitted	not_admitted	not_admitted	not_admitted	not_admitted	not_admitted	not_admitted	not_admitted	not_admitted	1	51;34940;35932;+;369.3	61;41347;42720;+;376.8	56;39038;39781;+;235.0	48;31301;33931;+;305.8	62;42717;45533;+;389.2	39;26609;28036;+;94.7	48;31301;33931;+;101.8	37;25328;25894;+;182.6	53;36276;36914;+;67.6	54;36911;38761;+;265.1	66;47834;50023;+;390.9	43;29157;29672;+;77.7	66;47834;50023;+;70.3	A	9/9	contiguous	22506	1	1	45566..46087+;173;unnamed;0
NZ_CP117601.1	MPF_F	IncFIB(AP001918);IncFIC(FII)	124	0	0	GA	0															not_admitted	not_admitted	not_admitted	not_admitted	not_admitted	not_admitted	not_admitted	not_admitted	not_admitted	not_admitted	1	85;96366;97358;-;369.3	75;89587;90960;-;378.1	81;92894;93637;-;233.8	88;98367;100997;-;300.9	74;86765;89590;-;389.2	96;104032;105459;-;94.1	88;98367;100997;-;102.5	98;106174;106740;-;181.3	84;95719;96357;-;68.7	83;93914;95722;-;268.3	71;83108;85261;-;391.8	93;102633;103148;-;76.4	71;83108;85261;-;70.4	A	9/9	contiguous	23066	1	1	86259..86768-;169;unnamed;0
NZ_CP117603.1	MPF_F	IncFII(pHN7A8)	90	0	0	GA	0															not_admitted	not_admitted	not_admitted	not_admitted	not_admitted	not_admitted	not_admitted	not_admitted	not_admitted	not_admitted	1	67;57558;58550;+;369.3	78;63956;65329;+;378.1	71;61279;62022;+;233.8	64;53919;56549;+;300.9	79;65326;68151;+;389.2	57;49457;50884;+;94.1	64;53919;56549;+;102.5	55;48176;48742;+;181.3	68;58559;59197;+;68.7	69;59194;61002;+;268.3	82;69655;71808;+;391.8	60;51768;52283;+;76.4	82;69655;71808;+;70.4	A	9/9	contiguous	21479	1	1	68148..68657+;169;unnamed;0
NZ_CP117607.1	MPF_F	IncFIB(AP001918);IncFII	126	0	0	GA	0															not_admitted	not_admitted	not_admitted	not_admitted	not_admitted	not_admitted	not_admitted	not_admitted	not_admitted	not_admitted	1	88;87525;88517;-;369.3	77;80455;81828;-;380.9	84;84053;84796;-;235.0	91;89526;91748;-;223.3	76;77636;80458;-;387.0	98;94311;95738;-;90.9	91;89526;91748;-;99.3	100;96453;97019;-;183.8	87;86878;87516;-;68.4	86;85073;86881;-;268.3	73;73955;76108;-;390.2	95;92669;93184;-;77.5	73;73955;76108;-;69.2	A	9/9	contiguous	22498	1	1	77123..77614-;163;TraS;0
NZ_CP117611.1	MPF_F	IncFIB(AP001918);IncFIC(FII)	125	0	0	GA	0															not_admitted	not_admitted	not_admitted	not_admitted	not_admitted	not_admitted	not_admitted	not_admitted	not_admitted	not_admitted	1	53;39453;40445;+;369.0	69;50245;51621;+;381.2	64;47915;48658;+;234.4	50;35814;38444;+;305.9	70;51618;54440;+;389.2	40;30361;31788;+;94.7	50;35814;38444;+;98.3	38;29080;29646;+;183.8	55;40794;41432;+;69.8	62;46460;47638;+;266.8	73;55974;58145;+;391.8	43;32672;33187;+;81.2	73;55974;58145;+;70.3	A	9/9	contiguous	26894	1	1	54462..54941+;159;TraS;0
NZ_CP117617.1	MPF_F	IncFII	108	0	0	GA	0															not_admitted	not_admitted	not_admitted	not_admitted	not_admitted	not_admitted	not_admitted	not_admitted	not_admitted	not_admitted	1	80;67958;68950;+;369.3	93;75570;76943;+;381.0	87;72959;73702;+;235.0	77;64322;66949;+;303.8	94;76940;79762;+;389.2	71;60839;62266;+;94.1	77;64322;66949;+;100.4	69;59559;60125;+;182.5	84;70239;70877;+;67.1	85;70874;72682;+;267.7	99;83881;86034;+;380.5	75;63291;63806;+;77.4	99;83881;86034;+;66.5	A	9/9	contiguous	24322	1	1	79783..80202+;139;TraS;0
NZ_CP117621.1	MPF_F	IncFIB(AP001918);IncFII(pHN7A8)	147	0	0	GA	0															not_admitted	not_admitted	not_admitted	not_admitted	not_admitted	not_admitted	not_admitted	not_admitted	not_admitted	not_admitted	1	99;93564;94556;-;368.7	84;84795;86171;-;381.0	90;88036;88779;-;234.5	102;95565;98192;-;300.9	83;81976;84798;-;389.2	109;100324;101775;-;94.0	102;95565;98192;-;98.0	111;102490;103056;-;183.8	93;90861;91499;-;67.1	92;89056;90864;-;267.7	80;78288;80441;-;387.7	105;98708;99223;-;78.0	80;78288;80441;-;66.4	A	9/9	contiguous	24202	1	1	81458..81955-;165;TraS;0
NZ_CP117622.1	MPF_F	IncFII	111	0	0	GA	0															not_admitted	not_admitted	not_admitted	not_admitted	not_admitted	not_admitted	not_admitted	not_admitted	not_admitted	not_admitted	1	83;71782;72774;+;369.3	98;80408;81781;+;375.9	91;77452;78195;+;233.4	80;68146;70773;+;303.8	99;81778;84621;+;378.0	74;64663;66090;+;94.1	80;68146;70773;+;100.4	72;63382;63948;+;183.8	87;74062;74700;+;68.5	89;75313;77175;+;267.8	102;86156;88309;+;387.7	78;67115;67630;+;77.4	102;86156;88309;+;66.4	A	9/9	contiguous	22774	1	1	84642..85139+;165;TraS;0
NZ_CP117629.1	MPF_F	IncFIB(AP001918);IncFIC(FII)	171	0	0	GA	0															not_admitted	not_admitted	not_admitted	not_admitted	not_admitted	not_admitted	not_admitted	not_admitted	not_admitted	not_admitted	1	126;112734;113726;-;369.3	113;104741;106117;-;381.0	119;107982;108725;-;235.0	129;114735;117362;-;303.8	112;101919;104744;-;389.2	136;119418;120845;-;91.0	129;114735;117362;-;100.4	138;121560;122126;-;183.8	122;110807;111445;-;67.1	121;109002;110810;-;267.7	109;98163;100415;-;391.7	132;117878;118393;-;77.4	109;98163;100415;-;70.3	A	9/9	contiguous	23397	1	1	101413..101922-;169;unnamed;0
NZ_CP117631.1	MPF_F	IncFII	101	0	0	GA	0															not_admitted	not_admitted	not_admitted	not_admitted	not_admitted	not_admitted	not_admitted	not_admitted	not_admitted	not_admitted	1	74;59307;60299;+;369.3	87;66919;68292;+;381.0	81;64308;65051;+;234.4	71;55671;58298;+;303.8	88;68289;71111;+;389.2	65;52188;53615;+;91.0	71;55671;58298;+;100.4	63;50907;51473;+;183.8	78;61588;62226;+;67.1	79;62223;64031;+;267.7	91;72644;74869;+;384.0	69;54640;55155;+;77.4	91;72644;74869;+;70.4	A	9/9	contiguous	21737	1	1	71132..71629+;165;TraS;0
NZ_CP117638.1	MPF_F	IncFIB(AP001918);IncFII(pHN7A8)	158	0	0	GA	0															not_admitted	not_admitted	not_admitted	not_admitted	not_admitted	not_admitted	not_admitted	not_admitted	not_admitted	not_admitted	1	129;116492;117484;-;369.3	118;109411;110784;-;377.3	123;112350;113123;-;234.3	99;88138;90216;+;308.1	117;106589;109414;-;388.6	90;83441;84892;+;94.6	99;88138;90216;+;61.0	88;82160;82726;+;177.0	128;115845;116483;-;68.7	125;113370;115133;-;268.0	114;102905;105076;-;391.8	94;85990;86505;+;76.5	114;102905;105076;-;70.4	A	9/9	contiguous	34332	1	1	106419..106592-;57;unnamed;0
NZ_CP117648.1	MPF_F	IncFIB(AP001918);IncFII(pHN7A8)	96	0	0	GA	0															not_admitted	not_admitted	not_admitted	not_admitted	not_admitted	not_admitted	not_admitted	not_admitted	not_admitted	not_admitted	1	35;25950;26942;+;369.6	49;34569;35987;+;382.4	43;31316;32059;+;232.8	32;22314;24941;+;303.4	50;35984;38824;+;381.1	27;18978;20405;+;93.1	32;22314;24941;+;98.5	25;17697;18263;+;181.2	38;27779;28417;+;68.4	41;29228;31036;+;262.2	53;40357;42564;+;388.3	30;21283;21798;+;76.4	53;40357;42564;+;62.9	A	9/9	contiguous	22660	0	1	
NZ_CP117655.1	MPF_F	IncFIB(AP001918);IncFIC(FII)	141	0	0	GA	0															not_admitted	not_admitted	not_admitted	not_admitted	not_admitted	not_admitted	not_admitted	not_admitted	not_admitted	not_admitted	1	96;95766;96758;-;369.3	87;89331;90707;-;381.0	92;92294;93037;-;233.3	99;97767;100397;-;303.5	86;86509;89334;-;388.8	107;103420;104847;-;94.3	99;97767;100397;-;99.2	109;105562;106128;-;183.8	95;95119;95757;-;68.3	94;93314;95122;-;268.0	77;79413;80654;-;243.7	104;102021;102536;-;76.4	77;79413;80654;-;71.6	A	9/9	contiguous	26149	1	1	86003..86512-;169;unnamed;0
NZ_CP117660.1	MPF_F	IncI1-I(Alpha)	159	0	0	GA	0															not_admitted	not_admitted	not_admitted	not_admitted	not_admitted	not_admitted	not_admitted	not_admitted	not_admitted	not_admitted	1	61;48179;49171;+;368.7	76;56806;58179;+;375.9	69;53850;54593;+;233.4	58;44543;47170;+;300.9	77;58176;61013;+;374.0	51;40960;42411;+;94.0	58;44543;47170;+;98.0	49;39679;40245;+;183.8	65;50460;51098;+;68.5	67;51810;53573;+;268.0	80;62577;64748;+;391.8	55;43512;44027;+;78.0	80;62577;64748;+;70.4	A	9/9	contiguous	22898	1	1	61046..61567+;173;unnamed;0
NZ_CP117669.1	MPF_F	IncFIB(AP001918);IncFIC(FII)	101	0	0	GA	0															not_admitted	not_admitted	not_admitted	not_admitted	not_admitted	not_admitted	not_admitted	not_admitted	not_admitted	not_admitted	1				54;54375;55577;+;53.5		47;50789;52216;+;94.4		45;49508;50074;+;183.8			54;54375;55577;+;109.8	51;53344;53859;+;74.5	54;54375;55577;+;56.9	D	3/9	contiguous	4867	0	0	
NZ_CP117673.1	MPF_F	IncFIB(AP001918);IncFIC(FII)	194	0	0	GA	0															not_admitted	not_admitted	not_admitted	not_admitted	not_admitted	not_admitted	not_admitted	not_admitted	not_admitted	not_admitted	1	34;29935;30927;+;369.3	45;36613;37986;+;378.0	38;33656;34399;+;234.1	31;26299;28926;+;305.4	46;37983;40805;+;389.5	25;22817;24244;+;94.3	31;26299;28926;+;98.5	23;21536;22102;+;183.8	35;30936;31574;+;68.4	36;31571;33379;+;268.4	49;42334;44487;+;391.9	29;25268;25783;+;78.4	49;42334;44487;+;70.4	A	9/9	contiguous	20798	1	1	40827..41318+;163;TraS;0
NZ_CP117674.1	MPF_T	IncX4	40	0	0	GA	1	31;23517;24137;+;41.6	32;24151;24477;+;64.4	33;24496;27243;+;63.8	33;24496;27243;+;151.8	33;24496;27243;+;46.1	34;27255;27971;+;94.2	35;27983;29077;+;150.1		37;29592;30278;+;169.0	38;30275;31183;+;142.4	39;31176;32294;+;164.8		0;46;1863;+;314.8		pfam	pfam_only	B	6/7	canonical	1	1	unscoreable	1	0	0														not_admitted	not_admitted	not_admitted	not_admitted	not_admitted	not_admitted	not_admitted
NZ_CP117681.1	MPF_F	IncFII(pSE11)	73	0	0	GA	0															not_admitted	not_admitted	not_admitted	not_admitted	not_admitted	not_admitted	not_admitted	not_admitted	not_admitted	not_admitted	1	47;36905;37903;+;347.3	58;44910;46316;+;341.4	54;42806;43591;+;217.8	42;32641;35280;+;251.2	59;46316;49225;+;314.7	40;30786;32120;+;97.1	42;32641;35280;+;117.8	38;29461;30039;+;126.2	52;40268;40873;+;56.1	53;40870;42804;+;240.3	64;52070;54256;+;370.6	41;32132;32644;+;58.0	64;52070;54256;+;61.8	A	9/9	contiguous	22609	1	1	49240..49890+;216;unnamed;1
NZ_CP117682.1	MPF_T	pEC4115	44	0	0	GA	1	39;33031;33654;-;38.2		37;32379;32687;-;45.9	36;30004;32376;-;81.2	36;30004;32376;-;32.9	40;33722;34363;-;33.9	42;34589;35566;-;132.9		34;29136;29873;-;159.0	33;28360;29139;-;167.7	32;27228;28370;-;142.3	31;26209;27228;-;92.0	30;24191;26158;-;291.9		pfam	pfam_only	A	7/7	rearranged	1	0	unscoreable	3	0	0														not_admitted	not_admitted	not_admitted	not_admitted	not_admitted	not_admitted	not_admitted
NZ_CP117699.1	MPF_T	IncFIB(K)	110	0	0	GA	1	88;84421;85083;-;48.3	87;84111;84410;-;36.6	86;81351;84101;-;61.6	86;81351;84101;-;134.0	86;81351;84101;-;46.2	85;80616;81332;-;137.0	83;79295;80302;-;137.8		81;78399;79085;-;158.3	80;77513;78406;-;146.0	79;76320;77516;-;134.8	78;75267;76316;-;71.5	71;68622;70529;-;24.3		pfam	pfam_only	A	7/7	canonical	1	1	unscoreable	8	0	0														not_admitted	not_admitted	not_admitted	not_admitted	not_admitted	not_admitted	not_admitted
NZ_CP117716.1	MPF_F	IncFIB(AP001918);IncFIC(FII)	158	0	0	GA	0															not_admitted	not_admitted	not_admitted	not_admitted	not_admitted	not_admitted	not_admitted	not_admitted	not_admitted	not_admitted	1	27;20632;21624;+;367.9	38;27310;28683;+;378.0	31;24353;25096;+;234.1	24;16996;19623;+;305.4	39;28680;31502;+;389.5	18;13514;14941;+;94.3	24;16996;19623;+;98.5	16;12233;12799;+;183.8	28;21633;22271;+;68.4	29;22268;24076;+;268.4	42;32995;35148;+;391.9	22;15965;16480;+;78.4	42;32995;35148;+;70.4	A	9/9	contiguous	20762	1	1	31524..32015+;163;TraS;0
NZ_CP117718.1	MPF_F	IncFIB(AP001918);IncFIC(FII)	157	0	0	GA	0															not_admitted	not_admitted	not_admitted	not_admitted	not_admitted	not_admitted	not_admitted	not_admitted	not_admitted	not_admitted	1	29;25040;26032;+;369.3	40;31718;33091;+;378.0	33;28761;29504;+;234.1	26;21404;24031;+;305.4	41;33088;35910;+;389.5	21;17922;19349;+;94.3	26;21404;24031;+;98.5	19;16641;17207;+;183.8	30;26041;26679;+;68.4	31;26676;28484;+;268.4	44;37439;39592;+;391.9	25;20373;20888;+;78.4	44;37439;39592;+;70.4	A	9/9	contiguous	20798	1	1	35932..36423+;163;TraS;0
NZ_CP117719.1	MPF_F	IncHI2;IncHI2A	218	0	0	GA	0															not_admitted	not_admitted	not_admitted	not_admitted	not_admitted	not_admitted	not_admitted	not_admitted	not_admitted	not_admitted	1	176;150290;151348;-;276.9			192;171419;174100;-;168.0		196;176430;177785;-;80.7	192;171419;174100;-;72.2	199;179509;180297;-;74.8	178;151490;153001;-;62.0	175;147083;150271;-;57.3		193;174109;175059;-;45.7		C	6/9	contiguous	32426	0	1	
NZ_CP117726.1	MPF_T	IncX4	48	0	0	GA	1	10;4680;5300;+;41.6	11;5314;5640;+;64.4	12;5659;8406;+;63.8	12;5659;8406;+;151.8	12;5659;8406;+;46.1	13;8418;9134;+;94.2	14;9146;10240;+;150.1		16;10755;11441;+;168.8	17;11438;12346;+;142.4	18;12339;13457;+;164.0	19;13459;14487;+;85.0	20;14519;16336;+;316.5		pfam	pfam_only	A	7/7	canonical	1	1	unscoreable	1	0	0														not_admitted	not_admitted	not_admitted	not_admitted	not_admitted	not_admitted	not_admitted
NZ_CP117731.1	MPF_F	IncFIB(K)	223	0	0	GA	0															not_admitted	not_admitted	not_admitted	not_admitted	not_admitted	not_admitted	not_admitted	not_admitted	not_admitted	not_admitted	1	166;163955;164947;-;366.6	156;157071;158438;-;381.2	160;159695;160447;-;232.2	169;165973;168612;-;259.3	155;154249;157071;-;346.6	179;172426;173850;-;89.2	169;165973;168612;-;88.8	181;174577;175143;-;167.0	165;163304;163942;-;67.0	164;161290;163245;-;258.5	151;149968;152280;-;393.1	177;171245;171814;-;49.8	151;149968;152280;-;66.6	A	9/9	contiguous	24609	1	1	153623..154225-;200;TraS;0
NZ_CP117732.1	MPF_F	IncC	213	0	0	GA	0															not_admitted	not_admitted	not_admitted	not_admitted	not_admitted	not_admitted	not_admitted	not_admitted	not_admitted	not_admitted	1	113;83984;84991;+;332.9	202;167424;168857;+;339.2	201;166394;167422;+;221.7	108;78785;81232;+;354.5	203;168870;172484;+;375.3	103;69913;71229;+;135.0	108;78785;81232;+;126.4	101;68389;69015;+;92.7	111;82054;83319;+;67.9	114;85107;87905;+;145.3	92;62714;64579;+;47.3	104;71226;71804;+;100.2	92;62714;64579;+;52.0	A	9/9	split_2	106156	0	1	
NZ_CP117733.1	MPF_F	IncFII(p14)	135	0	0	GA	0															not_admitted	not_admitted	not_admitted	not_admitted	not_admitted	not_admitted	not_admitted	not_admitted	not_admitted	not_admitted	1	106;89212;90204;+;372.3	117;96238;97608;+;380.3	114;94717;95469;+;222.2	103;85547;88186;+;254.8	118;97608;100451;+;348.4	51;46013;47233;+;216.3	103;85547;88186;+;88.2	93;79648;80214;+;159.4	107;90217;90864;+;68.8	109;91241;93196;+;253.1	121;102021;104315;+;391.5	97;82817;83401;+;55.9	121;102021;104315;+;66.6	A	9/9	split_2	56008	1	1	100457..100972+;171;unnamed;0
NZ_CP117734.1	MPF_F	IncFII(pBK30683)	86	0	0	GA	0															not_admitted	not_admitted	not_admitted	not_admitted	not_admitted	not_admitted	not_admitted	not_admitted	not_admitted	not_admitted	1	58;41600;42592;+;367.9	71;50127;51497;+;383.8	67;48173;48925;+;233.7	55;37893;40532;+;257.0	72;51497;54370;+;347.6	46;32961;34376;+;82.8	55;37893;40532;+;83.7	44;31668;32234;+;165.2	62;44623;45270;+;66.0	63;45329;47284;+;255.2	76;57123;59432;+;392.7	49;35205;35786;+;52.6	76;57123;59432;+;66.6	A	9/9	contiguous	25455	1	1	54381..54914+;177;unnamed;0
NZ_CP117735.1	MPF_F	IncFII(pBK30683)	81	0	0	GA	0															not_admitted	not_admitted	not_admitted	not_admitted	not_admitted	not_admitted	not_admitted	not_admitted	not_admitted	not_admitted	1	54;41481;42473;+;362.9	67;50064;51431;+;382.6	63;48054;48806;+;233.7	51;37778;40609;+;258.3	68;51431;54280;+;347.0	46;33553;34977;+;89.2	51;37778;40609;+;87.5	44;32260;32826;+;170.5	58;44504;45151;+;65.7	59;45210;47165;+;255.2	72;56766;59078;+;392.7	47;35091;35435;+;22.7	72;56766;59078;+;66.5	A	9/9	contiguous	24506	1	1	54293..54841+;182;unnamed;0
NZ_CP117736.1	MPF_T	IncX3	65	0	0	GA	1	26;17475;18119;+;46.4	27;18103;18393;+;73.1	28;18418;21171;+;47.0	28;18418;21171;+;145.9	28;18418;21171;+;73.3	29;21181;21951;+;60.1	31;22230;23285;+;133.2		32;23480;24208;+;119.4	33;24214;25143;+;138.8	34;25140;26354;+;128.3	36;26550;27584;+;65.7	37;27587;29422;+;495.9		pfam	pfam_only	A	7/7	canonical	1	1	unscoreable	2	0	0														not_admitted	not_admitted	not_admitted	not_admitted	not_admitted	not_admitted	not_admitted
NZ_CP117741.1	MPF_F	IncFIB(pNDM-Mar);IncHI1B(pNDM-MAR)	370	0	0	GA	0															not_admitted	not_admitted	not_admitted	not_admitted	not_admitted	not_admitted	not_admitted	not_admitted	not_admitted	not_admitted	1	34;32668;33705;-;282.3	212;187030;188439;+;190.4	211;186003;187040;+;176.7	46;44537;47254;-;148.7	213;188441;192379;+;118.9	50;49367;50737;-;65.6	46;44537;47254;-;85.2	53;52383;53243;-;79.0	35;33702;35063;-;69.9	33;29473;32658;-;58.9	204;176696;178822;-;58.0	47;47299;48036;-;57.0	204;176696;178822;-;39.7	A	9/9	split_2	158968	0	1	
NZ_CP117746.1	MPF_F	IncFIB(pNDM-Mar);IncHI1B(pNDM-MAR);IncR	411	0	0	GA	0															not_admitted	not_admitted	not_admitted	not_admitted	not_admitted	not_admitted	not_admitted	not_admitted	not_admitted	not_admitted	1	35;33837;34874;-;282.3	253;226994;228403;+;190.4	252;225967;227004;+;176.7	47;45706;48423;-;148.7	254;228405;232343;+;118.9	51;50536;51906;-;65.6	47;45706;48423;-;85.2	54;53552;54412;-;79.0	36;34871;36232;-;69.9	34;30642;33827;-;58.9	245;216660;218786;-;58.0	48;48468;49205;-;57.0	245;216660;218786;-;39.7	A	9/9	split_2	197763	0	1	
NZ_CP117751.1	MPF_F	IncHI2;IncHI2A	336	1	1	GA	1	211;202409;202948;+;23.7	167;159157;159543;-;85.3	166;158891;159160;-;32.5	165;156392;158878;-;37.8	165;156392;158878;-;125.2	164;155652;156395;-;226.2	162;153949;155316;-;179.3		161;153226;153930;-;235.7	160;152237;153229;-;223.1	159;150951;152234;-;206.6	168;159540;160610;-;118.3	170;161080;163077;-;345.5	30;33352;36540;+;58.3	conjscan	conjscan_only	A	7/7	canonical	1	0	unscoreable	3	0	1	29;32275;33333;+;276.9	216;209371;210786;-;194.1	217;210776;211822;-;173.7	11;8955;11636;+;168.0	215;205412;209362;-;101.6	159;150951;152234;-;206.6	11;8955;11636;+;72.2	4;2758;3546;+;74.8	27;30622;32133;+;62.7	30;33352;36540;+;58.3	170;161080;163077;-;101.4	10;7996;8946;+;46.4	170;161080;163077;-;98.9	A	9/9	split_4	208018	0	1	
NZ_CP117754.1	MPF_T	IncX3	44	0	0	GA	1	15;9377;10021;+;48.4	16;10005;10295;+;71.9	17;10320;13073;+;47.1	17;10320;13073;+;142.1	17;10320;13073;+;66.4	18;13083;13838;+;60.4	20;14113;15168;+;128.6		21;15363;16091;+;118.7	22;16097;17026;+;139.9	23;17023;18228;+;128.4	24;18240;19268;+;65.4	25;19271;21106;+;495.5		pfam	pfam_only	A	7/7	canonical	1	1	unscoreable	1	0	0														not_admitted	not_admitted	not_admitted	not_admitted	not_admitted	not_admitted	not_admitted
NZ_CP117763.1	MPF_F	-	89	0	0	GA	0															not_admitted	not_admitted	not_admitted	not_admitted	not_admitted	not_admitted	not_admitted	not_admitted	not_admitted	not_admitted	1	80;58827;59870;-;369.2	75;53421;54848;-;325.8	77;55246;56058;-;219.1	84;61432;64158;-;164.0	74;50403;53405;-;208.7	88;65840;66478;-;92.9	84;61432;64158;-;108.4		79;58105;58812;-;107.6	78;56051;58108;-;92.2	15;12138;14297;-;381.3	85;64168;64812;-;41.9	15;12138;14297;-;90.0	B	8/9	split_2	53702	1	1	49813..50331-;172;unnamed;0
NZ_CP117765.1	MPF_F	-	100	0	0	GA	0															not_admitted	not_admitted	not_admitted	not_admitted	not_admitted	not_admitted	not_admitted	not_admitted	not_admitted	not_admitted	1	91;64643;65686;-;369.2	86;59237;60664;-;325.8	88;61062;61874;-;219.1	95;67248;69974;-;165.4	85;56219;59221;-;208.7	99;71656;72294;-;92.9	95;67248;69974;-;108.4	1;1363;1941;-;82.6	90;63921;64628;-;107.6	89;61867;63924;-;92.2	19;12502;14661;-;381.4	96;69984;70628;-;41.9	19;12502;14661;-;89.7	A	9/9	split_2	70293	1	1	55629..56147-;172;unnamed;0
NZ_CP117815.1	MPF_F	-	57	0	0	GA	0															not_admitted	not_admitted	not_admitted	not_admitted	not_admitted	not_admitted	not_admitted	not_admitted	not_admitted	not_admitted	1	37;31504;32448;+;361.1	42;35807;37171;+;375.0	40;34555;35301;+;211.0	34;27890;30517;+;274.7	43;37183;39990;+;388.8	32;26236;27642;+;75.9	34;27890;30517;+;117.8	30;24998;25567;+;192.0	38;32405;32884;+;54.8	39;32877;34568;+;247.8	45;40671;42506;+;407.8		45;40671;42506;+;67.0	B	8/9	contiguous	15673	1	1	39992..40579+;195;unnamed;0
NZ_CP117816.1	MPF_F	-	57	0	0	GA	0															not_admitted	not_admitted	not_admitted	not_admitted	not_admitted	not_admitted	not_admitted	not_admitted	not_admitted	not_admitted	1	56;55250;56194;+;361.1	4;3346;4710;+;375.0	2;2094;2840;+;211.0	53;51636;54263;+;274.7	5;4722;7529;+;388.8	51;49982;51388;+;75.9	53;51636;54263;+;117.8	49;48744;49313;+;192.0	0;1;423;+;55.3	1;416;2107;+;247.8	7;8210;10045;+;407.8		7;8210;10045;+;67.0	B	8/9	split_2	55249	1	1	7531..8118+;195;unnamed;0
NZ_CP117824.1	MPF_T	-	49	0	0	GA	1		9;8639;9031;-;56.6	8;8316;8636;-;51.4	7;5764;8328;-;103.5	7;5764;8328;-;110.4	2;1455;2240;-;100.0			6;5051;5767;-;93.1	5;4144;5034;-;169.6	3;2259;3659;-;206.7	10;9044;10006;-;139.0	27;23267;25201;+;467.8		conjscan	conjscan_only	B	6/7	uncallable	0	0	unscoreable	1	0	0														not_admitted	not_admitted	not_admitted	not_admitted	not_admitted	not_admitted	not_admitted
NZ_CP117854.1	MPF_T	IncFIA(HI1);IncFII(pKP91);IncN	229	0	0	GA	1	166;145338;145880;-;72.5		53;44310;44627;+;63.3	54;44627;47227;+;111.8	54;44627;47227;+;76.8	55;47245;47958;+;97.1	57;48209;49249;+;153.6		58;49468;50166;+;131.9	59;50177;51061;+;159.0	60;51061;52221;+;154.9	61;52263;53258;+;81.2	12;15329;16858;-;38.5		pfam	both	A	7/7	canonical	1	0	unscoreable	3	0	0														not_admitted	not_admitted	not_admitted	not_admitted	not_admitted	not_admitted	not_admitted
NZ_CP117864.1	MPF_T	-	126	0	0	GA	1	25;19624;20661;+;48.1	87;71447;71770;+;60.0		28;21682;23688;+;191.8	88;72097;72858;+;88.0	29;23705;24391;+;67.6	31;24933;25763;+;81.0		32;25968;26657;+;158.8	33;26654;27574;+;144.8	34;27571;28704;+;163.5	35;28694;29734;+;86.6	99;80528;82348;+;252.2		pfam	pfam_only	A	7/7	canonical	1	0	unscoreable	4	0	0														not_admitted	not_admitted	not_admitted	not_admitted	not_admitted	not_admitted	not_admitted
NZ_CP117882.1	MPF_F	-	1117	0	0	GA	0															not_admitted	not_admitted	not_admitted	not_admitted	not_admitted	not_admitted	not_admitted	not_admitted	not_admitted	not_admitted	1	581;707959;708984;+;335.6	589;715449;716867;+;285.3	587;713732;714619;+;186.3	577;704048;706564;+;221.7	590;716876;720595;+;162.1	575;702013;703353;+;102.4	577;704048;706564;+;116.9	573;700621;701256;+;89.2	585;712289;713167;+;99.9	584;711223;712317;+;89.4	508;635995;638088;-;417.3	576;703380;704051;+;101.4	508;635995;638088;-;85.6	A	9/9	split_2	80881	1	1	721188..722081+;297;unnamed;0
NZ_CP117958.1	MPF_F	IncFIA;IncFIB(AP001918);IncFII(pRSB107)	140	0	0	GA	0															not_admitted	not_admitted	not_admitted	not_admitted	not_admitted	not_admitted	not_admitted	not_admitted	not_admitted	not_admitted	1	101;91958;92950;-;366.3	90;85528;86175;-;192.3	96;88109;88852;-;234.1	104;93959;96586;-;304.2	88;81981;84803;-;385.6	110;98471;99922;-;93.9	104;93959;96586;-;97.5	112;100637;101203;-;183.8	99;90976;91614;-;68.7	98;89129;90979;-;261.4	84;77528;79735;-;389.9	107;97102;97617;-;76.5	84;77528;79735;-;70.3	A	9/9	contiguous	23109	1	1	81480..81959-;159;TraS;0
NZ_CP117961.1	MPF_F	IncFIA;IncFIB(AP001918);IncFIC(FII)	231	0	0	GA	0															not_admitted	not_admitted	not_admitted	not_admitted	not_admitted	not_admitted	not_admitted	not_admitted	not_admitted	not_admitted	1	148;140309;141301;+;368.6	159;146987;148360;+;374.3	152;144030;144773;+;234.1	145;136673;139300;+;306.8	160;148357;151173;+;386.1	139;133191;134618;+;94.3	145;136673;139300;+;98.5	137;131910;132476;+;183.8	149;141310;141948;+;67.3	150;141945;143753;+;268.0	163;152736;154889;+;388.0	143;135642;136157;+;77.3	163;152736;154889;+;69.2	A	9/9	contiguous	20826	1	1	151206..151727+;173;unnamed;0
NZ_CP117990.1	MPF_F	-	128	0	0	GA	0															not_admitted	not_admitted	not_admitted	not_admitted	not_admitted	not_admitted	not_admitted	not_admitted	not_admitted	not_admitted	1	99;86468;87421;+;116.2			98;83734;86481;+;100.6	102;88977;90581;+;130.4						87;75848;78067;+;33.3		87;75848;78067;+;33.7	D	3/9	contiguous	13129	0	0	
NZ_CP117992.1	MPF_T	IncX3	57	0	0	GA	1	46;33599;34243;+;46.4	47;34227;34517;+;73.1	48;34542;37295;+;47.0	48;34542;37295;+;142.4	48;34542;37295;+;73.3	49;37305;38075;+;60.1	51;38354;39409;+;133.2		52;39604;40332;+;119.4	53;40338;41267;+;138.8	54;41264;42478;+;128.3	56;42674;43708;+;65.7	0;67;498;+;107.7		pfam	pfam_only	A	7/7	canonical	1	1	unscoreable	2	0	0														not_admitted	not_admitted	not_admitted	not_admitted	not_admitted	not_admitted	not_admitted
NZ_CP118040.1	MPF_F	IncFIA(HI1)	153	0	0	GA	0															not_admitted	not_admitted	not_admitted	not_admitted	not_admitted	not_admitted	not_admitted	not_admitted	not_admitted	not_admitted	1	59;39561;40553;+;366.6	69;46070;47437;+;381.2	65;44061;44813;+;232.2	56;35896;38535;+;259.3	70;47437;50259;+;346.6	46;30646;32070;+;88.4	56;35896;38535;+;88.8	44;29353;29919;+;167.0	60;40566;41204;+;67.0	61;41263;43218;+;258.5	74;52227;54539;+;393.1	48;32706;33263;+;52.7	74;52227;54539;+;66.6	A	9/9	contiguous	22874	1	1	50283..50885+;200;TraS;0
NZ_CP118190.1	MPF_F	IncFIA(HI1);IncFII(Yp)	354	0	0	GA	0															not_admitted	not_admitted	not_admitted	not_admitted	not_admitted	not_admitted	not_admitted	not_admitted	not_admitted	not_admitted	1	269;233274;234266;+;372.3	176;146464;147834;+;380.3	276;238378;239130;+;228.2	266;229612;232251;+;258.9	177;147834;150677;+;348.4	331;293763;294983;-;216.3	266;229612;232251;+;88.3	255;223639;224205;+;164.1	166;140443;141090;+;68.8	168;141467;143422;+;253.1	180;152247;154541;+;391.5	156;133043;133627;+;55.9	180;152247;154541;+;66.6	A	9/9	split_3	160720	1	1	150683..151198+;171;unnamed;0
NZ_CP118191.1	MPF_T	IncN3	73	0	0	GA	1	65;53981;54763;-;33.0	63;53438;53734;-;36.0	62;53081;53398;-;71.9	61;50507;53080;-;117.9	61;50507;53080;-;74.2	60;49790;50491;-;99.8	58;48484;49521;-;122.7	57;48276;48407;-;40.1	56;47570;48265;-;132.6	55;46672;47559;-;151.1	51;41870;42697;-;167.4	50;40818;41819;-;90.0	44;33598;35130;+;48.1		pfam	both	A	7/7	canonical	1	0	ga	10	0	0														not_admitted	not_admitted	not_admitted	not_admitted	not_admitted	not_admitted	not_admitted
NZ_CP118250.1	MPF_T	-	182	0	0	GA	1	34;41458;42195;+;60.0	179;201009;201392;-;73.0	36;42560;42886;+;72.7	37;42886;45255;+;232.8	177;198250;200706;-;123.4	176;197475;198278;-;45.7	174;196113;197261;-;111.0		40;47110;47823;+;172.1	172;194600;195412;-;186.1	170;192840;194138;-;218.4	180;201382;202359;-;132.0	159;180816;182744;-;544.0		conjscan	conjscan_only	A	7/7	uncallable	0	0	unscoreable	10	0	0														not_admitted	not_admitted	not_admitted	not_admitted	not_admitted	not_admitted	not_admitted
NZ_CP118251.1	MPF_T	-	156	0	0	GA	1		153;174206;174589;-;72.6	152;173914;174213;-;63.8	151;171447;173903;-;178.0	151;171447;173903;-;122.5	150;170672;171475;-;45.7	148;169300;170481;-;115.3		147;168617;169279;-;129.7	146;167787;168599;-;186.1	144;166027;167325;-;220.0	154;174579;175556;-;131.9	133;153997;155931;-;543.5		conjscan	conjscan_only	A	7/7	canonical	1	0	unscoreable	3	0	0														not_admitted	not_admitted	not_admitted	not_admitted	not_admitted	not_admitted	not_admitted
NZ_CP118261.1	MPF_T	-	573	0	0	GA	1		260;271183;271587;-;69.6	259;270891;271190;-;61.0	258;268412;270880;-;189.4	258;268412;270880;-;133.7	257;267631;268401;-;48.3	255;266223;267413;-;111.5		254;265543;266205;-;125.0	253;264672;265526;-;189.1	250;262863;264185;-;221.6	261;271577;272548;-;131.4	189;198348;200294;-;548.2		conjscan	conjscan_only	A	7/7	canonical	1	0	unscoreable	4	0	0														not_admitted	not_admitted	not_admitted	not_admitted	not_admitted	not_admitted	not_admitted
NZ_CP118262.1	MPF_T	-	321	0	0	GA	1		318;313018;313401;-;74.0	317;312726;313025;-;65.7	316;310265;312715;-;173.6	316;310265;312715;-;124.4	315;309481;310287;-;46.7	313;308119;309306;-;111.8		312;307436;308098;-;130.2	311;306606;307418;-;186.1	309;304855;306150;-;219.9	319;313391;314368;-;126.9	298;292872;294833;-;546.0		conjscan	conjscan_only	A	7/7	canonical	1	0	unscoreable	3	0	0														not_admitted	not_admitted	not_admitted	not_admitted	not_admitted	not_admitted	not_admitted
NZ_CP118263.1	MPF_T	-	149	0	0	GA	1	75;76319;77026;+;54.6	146;155526;155933;-;77.4	77;77413;77739;+;72.1	78;77739;80108;+;200.7	144;152755;155223;-;120.4	143;151974;152783;-;48.7	141;150563;151765;-;109.9		82;81937;82650;+;167.3	139;149022;149876;-;192.1	137;147224;148531;-;226.3	147;155923;156894;-;138.3	55;51234;53192;-;548.3		conjscan	conjscan_only	A	7/7	uncallable	0	0	unscoreable	11	0	0														not_admitted	not_admitted	not_admitted	not_admitted	not_admitted	not_admitted	not_admitted
NZ_CP118384.1	MPF_F	IncFIB(pECLA);IncFIB(pENTE01);IncFII(pECLA)	188	0	0	GA	0															not_admitted	not_admitted	not_admitted	not_admitted	not_admitted	not_admitted	not_admitted	not_admitted	not_admitted	not_admitted	1	105;86771;87769;+;358.7	114;92979;94343;+;367.1	108;90232;91014;+;214.0	97;81225;83834;+;212.8	115;94343;97624;+;311.6	90;77528;78931;+;90.5	97;81225;83834;+;100.0	88;76198;76779;+;102.3	106;87780;88403;+;63.4	107;88400;90235;+;219.2	120;100283;102874;+;366.9	95;80438;80977;+;42.9	120;100283;102874;+;71.1	A	9/9	contiguous	24085	1	1	97633..98346+;237;unnamed;0
NZ_CP118385.1	MPF_F	IncFII(SARC14);IncFII(p14)	75	0	0	GA	0															not_admitted	not_admitted	not_admitted	not_admitted	not_admitted	not_admitted	not_admitted	not_admitted	not_admitted	not_admitted	1	59;46054;47055;+;355.1	64;50925;52286;+;334.4	62;49509;50288;+;197.0	56;42401;44992;+;219.6	65;52288;55185;+;294.5	51;39396;40757;+;83.7	56;42401;44992;+;88.7	49;38116;38679;+;145.8	60;47066;47686;+;80.0	61;47683;49512;+;256.0	68;56825;59074;+;376.3	55;41777;42391;+;49.4	68;56825;59074;+;67.3	A	9/9	contiguous	18709	1	1	55197..55757+;186;unnamed;0
NZ_CP118391.1	MPF_T	IncN	72	0	0	GA	1	16;11558;12292;+;32.5		19;12935;13252;+;63.3	20;13252;15852;+;113.8	20;13252;15852;+;76.4	21;15870;16583;+;105.5	23;16834;17874;+;142.4		24;18093;18791;+;131.9	27;20788;21645;+;159.8	28;21645;22805;+;156.3	29;22847;23842;+;81.2	49;43164;44693;-;38.5		pfam	both	A	7/7	canonical	1	0	unscoreable	5	0	0														not_admitted	not_admitted	not_admitted	not_admitted	not_admitted	not_admitted	not_admitted
NZ_CP118406.1	MPF_F	IncFIB(K);IncFII(pKP91)	223	0	0	GA	0															not_admitted	not_admitted	not_admitted	not_admitted	not_admitted	not_admitted	not_admitted	not_admitted	not_admitted	not_admitted	1	178;179321;180310;-;363.3	167;172135;173502;-;382.2	171;174760;175512;-;236.4	182;181767;184406;-;259.0	166;169286;172135;-;342.9	192;188386;189810;-;88.8	182;181767;184406;-;87.3	194;190537;191103;-;167.9	176;178398;179045;-;65.9	175;176384;178339;-;259.5	162;165192;167474;-;393.3	189;187190;187774;-;53.8	162;165192;167474;-;65.9	A	9/9	contiguous	25345	1	1	168753..169283-;176;unnamed;0
NZ_CP118409.1	MPF_T	IncI2(Delta)	85	0	0	GA	1	42;32670;33152;-;81.1		57;48739;49023;-;36.5	56;46376;48733;-;61.0	56;46376;48733;-;44.0	69;55106;55747;-;42.9	70;55753;56748;-;130.5		55;45480;46214;-;144.9	54;44713;45483;-;170.4	53;43584;44723;-;153.5	45;34920;36458;-;206.2	50;40535;41971;-;229.8		pfam	pfam_only	A	7/7	rearranged	1	0	unscoreable	16	1	0														not_admitted	not_admitted	not_admitted	not_admitted	not_admitted	not_admitted	not_admitted
NZ_CP118410.1	MPF_T	IncP1	48	0	0	GA	1		19;18469;18852;-;68.3	18;18140;18466;-;50.2	17;15600;18143;-;99.2	17;15600;18143;-;108.9	12;11351;12133;-;105.4	10;9586;11139;-;108.5		16;14896;15603;-;88.1	15;13990;14880;-;156.2	13;12146;13540;-;218.2	20;18966;19922;-;133.6	43;36051;37994;+;443.4		conjscan	conjscan_only	A	7/7	canonical	1	0	unscoreable	3	0	0														not_admitted	not_admitted	not_admitted	not_admitted	not_admitted	not_admitted	not_admitted
NZ_CP118441.1	-	-	219	0	0	GA	0															not_admitted	not_admitted	not_admitted	not_admitted	not_admitted	not_admitted	not_admitted	not_admitted	not_admitted	not_admitted	1	141;130325;131329;+;104.6			139;126638;129607;+;142.8	146;133791;135314;+;59.2		139;126638;129607;+;32.4				20;21388;23532;+;27.4		20;21388;23532;+;50.2	D	3/9	split_2	112403	1	0	135311..136780+;489;unnamed;0
NZ_CP118538.1	MPF_T	IncY	88	0	0	GA	1	63;62119;62781;+;48.3	64;62792;63091;+;36.6	65;63101;65851;+;61.8	65;63101;65851;+;132.4	65;63101;65851;+;47.3	66;65870;66586;+;137.0	68;66900;67907;+;137.8		70;68117;68803;+;158.3	71;68796;69689;+;147.4	72;69686;70882;+;134.7	73;70886;71935;+;71.5	80;76565;78472;+;24.4		pfam	pfam_only	A	7/7	canonical	1	1	unscoreable	8	0	0														not_admitted	not_admitted	not_admitted	not_admitted	not_admitted	not_admitted	not_admitted
NZ_CP118540.1	MPF_T	-	49	0	0	GA	1		9;8603;8995;-;56.6	8;8280;8600;-;51.4	7;5728;8292;-;103.5	7;5728;8292;-;110.4	2;1419;2204;-;100.0			6;5015;5731;-;93.1	5;4108;4998;-;169.6	3;2223;3623;-;206.7	10;9008;9970;-;139.0	27;23231;25165;+;467.8		conjscan	conjscan_only	B	6/7	uncallable	0	0	unscoreable	1	0	0														not_admitted	not_admitted	not_admitted	not_admitted	not_admitted	not_admitted	not_admitted
NZ_CP118553.1	MPF_F	IncFIB(pECLA);IncFIB(pENTE01);IncFII(pECLA)	187	0	0	GA	0															not_admitted	not_admitted	not_admitted	not_admitted	not_admitted	not_admitted	not_admitted	not_admitted	not_admitted	not_admitted	1	104;86678;87676;+;358.7	113;92886;94250;+;367.1	107;90139;90921;+;214.0	96;81132;83741;+;212.8	114;94250;97531;+;311.6	89;77435;78838;+;90.5	96;81132;83741;+;100.0	87;76105;76686;+;102.3	105;87687;88310;+;63.4	106;88307;90142;+;219.2	119;100190;102781;+;366.9	94;80345;80884;+;42.9	119;100190;102781;+;71.1	A	9/9	contiguous	24085	1	1	97540..98253+;237;unnamed;0
NZ_CP118554.1	MPF_F	IncFII(SARC14);IncFII(p14)	75	0	0	GA	0															not_admitted	not_admitted	not_admitted	not_admitted	not_admitted	not_admitted	not_admitted	not_admitted	not_admitted	not_admitted	1	59;46054;47055;+;355.1	64;50925;52286;+;334.4	62;49509;50288;+;197.0	56;42401;44992;+;219.6	65;52288;55185;+;294.5	51;39396;40757;+;83.7	56;42401;44992;+;88.7	49;38116;38679;+;145.8	60;47066;47686;+;80.0	61;47683;49512;+;256.0	68;56825;59074;+;376.3	55;41777;42391;+;49.4	68;56825;59074;+;67.3	A	9/9	contiguous	18709	1	1	55197..55757+;186;unnamed;0
NZ_CP118568.1	MPF_F	IncHI2;IncHI2A	339	0	0	GA	0															not_admitted	not_admitted	not_admitted	not_admitted	not_admitted	not_admitted	not_admitted	not_admitted	not_admitted	not_admitted	1	29;32275;33333;+;276.9	242;231571;232062;-;129.8	243;232052;233098;-;173.7	11;8955;11636;+;168.0		7;5270;6625;+;80.7	11;8955;11636;+;72.4	4;2758;3546;+;74.8	27;30622;32133;+;62.7	30;33352;36540;+;58.3	249;240139;242223;+;56.7	10;7996;8946;+;46.4	249;240139;242223;+;38.8	B	8/9	split_3	237381	0	1	
NZ_CP118602.1	MPF_F	IncHI2;IncHI2A	287	0	0	GA	0															not_admitted	not_admitted	not_admitted	not_admitted	not_admitted	not_admitted	not_admitted	not_admitted	not_admitted	not_admitted	1	31;33916;34974;+;276.9	199;185166;186581;-;194.1	200;186571;187617;-;174.3	14;11664;14069;+;168.4	198;181204;185157;-;101.7	10;7979;9334;+;80.7	14;11664;14069;+;59.3	4;2758;3546;+;74.8	29;32263;33774;+;62.0	32;34993;38181;+;57.3	207;194659;196743;+;56.8	13;10705;11655;+;46.1	207;194659;196743;+;38.8	A	9/9	split_3	191901	1	1	179734..181023-;429;unnamed;0
NZ_CP118603.1	MPF_F	IncFIB(AP001918);IncFII(pHN7A8)	156	0	0	GA	0															not_admitted	not_admitted	not_admitted	not_admitted	not_admitted	not_admitted	not_admitted	not_admitted	not_admitted	not_admitted	1	96;96935;97927;-;369.5	83;88729;90102;-;376.8	88;91668;92411;-;234.0	99;98936;101563;-;301.8	82;85916;88732;-;376.7	106;103618;105045;-;94.1	99;98936;101563;-;101.8	108;105760;106326;-;183.8	93;95351;95989;-;70.4	90;92688;94538;-;265.0	78;81399;83615;-;391.7	102;102079;102594;-;78.0	78;81399;83615;-;70.3	A	9/9	contiguous	24361	1	1	85362..85883-;173;unnamed;0
NZ_CP118604.1	MPF_T	IncI2(Delta)	75	0	0	GA	1	39;32931;33413;-;81.1		54;49020;49304;-;36.6	53;46657;49014;-;58.5	53;46657;49014;-;44.9	63;54116;54760;-;41.0	64;54766;55761;-;123.9		51;45757;46491;-;144.3	50;44990;45760;-;170.5	49;43861;45000;-;154.7	42;35192;36730;-;207.1	47;40813;42771;-;289.6		pfam	pfam_only	A	7/7	rearranged	1	0	unscoreable	14	0	0														not_admitted	not_admitted	not_admitted	not_admitted	not_admitted	not_admitted	not_admitted
NZ_CP118611.1	MPF_T	-	2440	0	0	GA	1	1683;1939901;1941355;-;60.6	752;863211;863510;+;91.0	753;863515;863856;+;104.3	754;863849;866215;+;173.5	754;863849;866215;+;103.6	755;866215;866913;+;201.8	757;867144;868079;+;157.9		759;868396;869067;+;211.7	760;869067;869918;+;180.7	762;871387;872559;+;181.1	622;705030;706487;+;205.7	716;824380;826293;-;322.2		pfam	both	A	7/7	canonical	1	0	unscoreable	3	0	0														not_admitted	not_admitted	not_admitted	not_admitted	not_admitted	not_admitted	not_admitted
NZ_CP118612.1	-	-	639	0	0	GA	1		636;621460;621837;-;77.0	635;621168;621467;-;58.5	634;618709;621159;-;146.2	634;618709;621159;-;124.2	633;617943;618737;-;46.1	632;616759;617871;-;110.3		631;616076;616738;-;115.0	630;615246;616070;-;181.1	628;613511;614791;-;203.4	637;621827;622792;-;132.7	569;552415;554328;-;524.9		conjscan	conjscan_only	A	7/7	canonical	1	0	unscoreable	2	0	0														not_admitted	not_admitted	not_admitted	not_admitted	not_admitted	not_admitted	not_admitted
NZ_CP118613.1	MPF_T	-	115	0	0	GA	1	29;35286;36374;-;97.8	32;39136;39474;-;75.0	31;38833;39132;-;77.7	30;36371;38830;-;123.9	30;36371;38830;-;98.3	28;34573;35274;-;35.0	26;33312;34340;-;145.1		25;32591;33286;-;183.9	24;31785;32594;-;196.0	23;30574;31785;-;207.3	22;29565;30593;-;134.4	21;27472;29568;-;312.9		pfam	pfam_only	A	7/7	canonical	1	0	unscoreable	1	0	0														not_admitted	not_admitted	not_admitted	not_admitted	not_admitted	not_admitted	not_admitted
NZ_CP118640.1	-	-	69	0	0	GA	1	7;5098;5805;+;34.8	8;5786;6124;+;27.9	9;6135;6533;+;24.6	10;6487;8922;+;72.0		12;9176;9844;+;50.4	14;10201;11166;+;121.2		15;11499;12314;+;140.4	16;12311;13120;+;145.9	18;13408;14760;+;140.0	19;14770;15804;+;62.2	22;16846;18459;+;263.5		pfam	pfam_only	A	7/7	canonical	1	0	unscoreable	5	0	0														not_admitted	not_admitted	not_admitted	not_admitted	not_admitted	not_admitted	not_admitted
NZ_CP118673.1	MPF_T	-	185	0	0	GA	1	47;34393;35103;+;53.2	48;35107;35436;+;56.6	49;35440;35763;+;61.7	50;35764;38136;+;185.3	50;35764;38136;+;95.2	51;38155;38835;+;67.3	53;39252;40178;+;89.8		54;40387;41076;+;155.7	55;41076;41993;+;145.6	56;41990;43120;+;160.7	57;43110;44153;+;78.7	58;44164;45987;+;249.9		pfam	pfam_only	A	7/7	canonical	1	0	unscoreable	1	0	0														not_admitted	not_admitted	not_admitted	not_admitted	not_admitted	not_admitted	not_admitted
NZ_CP118692.1	MPF_T	IncHI1B(pNDM-MAR);IncX3;repB	301	0	0	GA	1	134;118858;119502;-;46.4	133;118584;118874;-;73.1	132;115806;118559;-;47.0	132;115806;118559;-;142.4	132;115806;118559;-;73.3	131;115026;115796;-;60.1	129;113692;114747;-;133.2		128;112769;113497;-;119.4	127;111834;112763;-;138.8	126;110623;111837;-;128.3	124;109393;110427;-;65.7	123;107555;109390;-;495.9		pfam	pfam_only	A	7/7	canonical	1	1	unscoreable	2	0	0														not_admitted	not_admitted	not_admitted	not_admitted	not_admitted	not_admitted	not_admitted
NZ_CP118693.1	MPF_F	IncFII(pHN7A8);IncR	175	0	0	GA	0															not_admitted	not_admitted	not_admitted	not_admitted	not_admitted	not_admitted	not_admitted	not_admitted	not_admitted	not_admitted	1	54;41922;42914;+;369.5	67;49747;51120;+;376.8	62;47438;48181;+;234.4	51;38286;40913;+;301.8	68;51117;53933;+;376.7	46;34804;36231;+;94.1	51;38286;40913;+;101.8	44;33523;34089;+;183.8	57;43860;44498;+;70.4	60;45311;47161;+;265.0	72;56234;58441;+;391.7	50;37255;37770;+;77.6	72;56234;58441;+;70.3	A	9/9	contiguous	22711	1	1	53966..54487+;173;unnamed;0
NZ_CP118701.1	-	-	199	0	0	GA	0															not_admitted	not_admitted	not_admitted	not_admitted	not_admitted	not_admitted	not_admitted	not_admitted	not_admitted	not_admitted	1	183;165897;166901;+;104.6			181;162210;165179;+;142.8	188;169363;170886;+;59.2		181;162210;165179;+;32.4							D	3/9	contiguous	7153	1	0	170883..171587+;234;unnamed;0
NZ_CP118724.1	MPF_F	pSM22	91	0	0	GA	0															not_admitted	not_admitted	not_admitted	not_admitted	not_admitted	not_admitted	not_admitted	not_admitted	not_admitted	not_admitted	1	77;60551;61549;-;363.5	71;54944;56314;-;361.4	74;57174;57968;-;201.3	83;64278;66908;-;257.1	70;52122;54944;-;301.8	86;68026;69423;-;88.5	83;64278;66908;-;91.2	88;70143;70709;-;155.9	76;59866;60540;-;62.6	75;57965;59869;-;242.7	68;49373;51580;-;386.9	84;66921;67475;-;53.5	68;49373;51580;-;67.5	A	9/9	contiguous	20770	1	1	51570..52106-;178;unnamed;0
NZ_CP118864.1	MPF_F	-	125	0	0	GA	0															not_admitted	not_admitted	not_admitted	not_admitted	not_admitted	not_admitted	not_admitted	not_admitted	not_admitted	not_admitted	1	109;100385;101440;+;268.1	122;113114;114523;+;229.6	121;112091;113098;+;214.6	105;95906;98392;+;211.5	123;114543;117776;+;214.2	102;93190;94482;+;117.6	105;95906;98392;+;113.8	100;91539;92192;+;91.1	108;99243;100385;+;46.0	0;1;2772;+;119.2	94;87146;89059;+;20.5	103;94499;95011;+;68.8	94;87146;89059;+;24.6	A	9/9	split_2	114542	0	1	
NZ_CP118865.1	MPF_T	-	369	0	0	GA	0															not_admitted	not_admitted	not_admitted	not_admitted	not_admitted	not_admitted	not_admitted	not_admitted	not_admitted	not_admitted	1	343;292316;293401;+;271.5	366;310480;311916;+;236.1	365;309397;310458;+;197.7	339;287763;290252;+;239.7	367;311931;315089;+;250.9	336;284664;286052;+;104.8	339;287763;290252;+;122.7	334;282803;283393;+;84.8	342;291060;292319;+;54.1	0;58;2715;+;129.5	328;278274;280226;+;21.5	337;286055;286588;+;70.4	328;278274;280226;+;36.9	A	9/9	split_2	311873	0	1	
NZ_CP118903.1	MPF_T	IncFIB(pKPHS1);IncX3	190	0	0	GA	1	12;6001;6645;+;46.4	13;6629;6919;+;73.1	14;6944;9697;+;47.0	14;6944;9697;+;142.4	14;6944;9697;+;73.3	15;9707;10477;+;60.1	17;10756;11811;+;133.2		18;12006;12734;+;119.4	19;12740;13669;+;138.8	20;13666;14880;+;128.3	22;15076;16110;+;65.7	23;16113;17948;+;495.9		pfam	both	A	7/7	canonical	1	1	unscoreable	2	0	0														not_admitted	not_admitted	not_admitted	not_admitted	not_admitted	not_admitted	not_admitted
NZ_CP118904.1	MPF_F	IncFII(K);repB(R1701)	149	0	0	GA	0															not_admitted	not_admitted	not_admitted	not_admitted	not_admitted	not_admitted	not_admitted	not_admitted	not_admitted	not_admitted	1	131;102652;103641;+;366.6	141;109188;110555;+;384.0	137;107178;107930;+;233.7	127;98570;101209;+;258.5	142;110555;113404;+;346.4	120;93953;95377;+;89.2	127;98570;101209;+;88.2	118;92660;93226;+;169.3	132;103654;104292;+;66.9	133;104351;106306;+;259.7	146;115866;118178;+;393.1	121;95491;96075;+;53.6	146;115866;118178;+;66.6	A	9/9	contiguous	23206	1	1	113407..113940+;177;unnamed;0
NZ_CP118928.1	MPF_T	IncFII(pHN7A8);IncN	91	0	0	GA	1	17;14300;15034;-;32.5		14;13340;13657;-;63.3	13;10740;13340;-;113.8	13;10740;13340;-;76.4	12;10009;10722;-;105.5	10;8718;9758;-;142.4		9;7801;8499;-;131.9	8;6906;7790;-;159.7	7;5746;6906;-;156.3	6;4709;5704;-;81.2	68;52574;54103;-;38.5		pfam	both	A	7/7	canonical	1	0	unscoreable	3	0	0														not_admitted	not_admitted	not_admitted	not_admitted	not_admitted	not_admitted	not_admitted
NZ_CP118937.1	MPF_F	IncFIB(K);IncFII(pKP91)	166	0	0	GA	0															not_admitted	not_admitted	not_admitted	not_admitted	not_admitted	not_admitted	not_admitted	not_admitted	not_admitted	not_admitted	1	106;109147;110136;-;363.3	95;101962;103329;-;382.8	99;104586;105338;-;233.7	110;111593;114232;-;259.4	94;99140;101962;-;344.4	119;118235;119659;-;88.1	110;111593;114232;-;88.4	121;120386;120952;-;169.3	104;108224;108871;-;65.9	103;106210;108165;-;259.7	90;94715;96997;-;393.2	117;117039;117623;-;53.4	90;94715;96997;-;65.8	A	9/9	contiguous	25671	1	1	98515..99117-;200;TraS;0
NZ_CP118940.1	-	-	232	0	0	GA	0															not_admitted	not_admitted	not_admitted	not_admitted	not_admitted	not_admitted	not_admitted	not_admitted	not_admitted	not_admitted	1	22;16870;17874;-;104.6			24;18654;21560;-;142.8	17;12885;14408;-;59.2		24;18654;21560;-;32.5				94;82153;84297;-;27.4		94;82153;84297;-;50.2	D	3/9	split_2	69268	1	0	11611..12888-;425;unnamed;0
NZ_CP118944.1	MPF_F	-	99	0	0	GA	0															not_admitted	not_admitted	not_admitted	not_admitted	not_admitted	not_admitted	not_admitted	not_admitted	not_admitted	not_admitted	1	85;89645;90631;-;356.7	79;84071;85435;-;369.5	82;86293;87144;-;198.9	88;91679;94264;-;245.5	78;81453;84071;-;340.3	90;94838;96166;-;93.6	88;91679;94264;-;89.0	92;96883;97449;-;128.7	84;89021;89635;-;77.0	83;87141;89003;-;245.5	73;76262;78430;-;380.0	89;94275;94826;-;44.4	73;76262;78430;-;63.8	A	9/9	contiguous	20621	1	1	80114..81388-;424;unnamed;0
NZ_CP118945.1	MPF_F	IncC	233	0	0	GA	0															not_admitted	not_admitted	not_admitted	not_admitted	not_admitted	not_admitted	not_admitted	not_admitted	not_admitted	not_admitted	1	127;98949;99956;+;332.9	222;181764;183197;+;339.2	221;180734;181762;+;221.7	122;93750;96197;+;354.5	223;183210;186824;+;375.3	45;26117;27277;+;156.3	122;93750;96197;+;128.3	115;83354;83980;+;92.7	125;97019;98284;+;67.9	128;100072;102870;+;145.3	106;77679;79544;+;47.3	118;86191;86769;+;100.2	106;77679;79544;+;52.0	A	9/9	split_3	157093	0	1	
NZ_CP118965.1	MPF_T	-	58	0	0	GA	1	34;31051;31728;+;53.0	35;31842;32168;+;62.9	36;32168;32494;+;70.5	37;32502;34964;+;123.6	37;32502;34964;+;81.0	40;36336;37037;+;173.8	39;35299;36324;+;142.5		41;37191;38006;+;144.7	42;38018;38908;+;160.0	43;38908;40332;+;168.2	44;40352;41425;+;100.8	45;41422;43668;+;334.1		pfam	both	A	7/7	canonical	1	0	unscoreable	1	0	0														not_admitted	not_admitted	not_admitted	not_admitted	not_admitted	not_admitted	not_admitted
NZ_CP118989.1	-	-	241	0	0	GA	0															not_admitted	not_admitted	not_admitted	not_admitted	not_admitted	not_admitted	not_admitted	not_admitted	not_admitted	not_admitted	1	130;138385;139488;-;258.9	29;33507;34841;+;209.3	28;32389;33510;+;172.1	171;183548;186157;+;144.7	30;34852;37971;+;179.0	162;175899;177278;+;93.7	171;183548;186157;+;59.3	160;173835;174704;+;60.3	132;139610;140914;-;45.2	129;135230;138370;-;69.2	158;169773;171701;-;44.2	170;182915;183538;+;50.6	158;169773;171701;-;34.2	A	9/9	split_3	151159	0	1	
NZ_CP118990.1	MPF_F	-	225	0	0	GA	0															not_admitted	not_admitted	not_admitted	not_admitted	not_admitted	not_admitted	not_admitted	not_admitted	not_admitted	not_admitted	1	94;102078;103085;+;335.4	211;196334;197776;+;315.1	210;195293;196330;+;219.0	89;96880;99324;+;333.2	212;197789;201343;+;369.3	53;46155;47480;+;127.7	89;96880;99324;+;128.2	51;44634;45269;+;85.0	92;100148;101413;+;62.8	95;103095;105869;+;133.3	40;38136;40007;+;46.2	54;47477;48043;+;92.1	40;38136;40007;+;53.0	A	9/9	split_3	159653	0	1	
NZ_CP118998.1	MPF_F	IncFIB(AP001918)	137	0	0	GA	0															not_admitted	not_admitted	not_admitted	not_admitted	not_admitted	not_admitted	not_admitted	not_admitted	not_admitted	not_admitted	1	114;118204;119196;+;369.3	123;124258;125631;+;381.0	118;121925;122668;+;231.6	111;114568;117195;+;306.4	124;125628;128453;+;386.0	105;111086;112513;+;94.3	111;114568;117195;+;98.5	103;109805;110371;+;183.3	115;119205;119843;+;68.7	116;119840;121648;+;267.9	127;129957;132110;+;391.8	109;113537;114052;+;77.3	127;129957;132110;+;70.4	A	9/9	contiguous	20152	1	1	128450..128959+;169;unnamed;0
NZ_CP119001.1	MPF_F	IncFIB(AP001918);IncFII	137	0	0	GA	0															not_admitted	not_admitted	not_admitted	not_admitted	not_admitted	not_admitted	not_admitted	not_admitted	not_admitted	not_admitted	1	48;50685;51677;-;369.3	39;44250;45623;-;381.0	44;47213;47956;-;231.6	51;52686;55313;-;306.4	38;41428;44253;-;386.0	57;57368;58795;-;94.3	51;52686;55313;-;98.5	59;59510;60076;-;183.3	47;50038;50676;-;68.7	46;48233;50041;-;267.9	35;37771;39924;-;391.8	53;55829;56344;-;77.3	35;37771;39924;-;70.4	A	9/9	contiguous	21739	1	1	40922..41431-;169;unnamed;0
NZ_CP119004.1	MPF_F	IncFIA;IncFIB(AP001918);IncFII(pCoo)	155	0	0	GA	0															not_admitted	not_admitted	not_admitted	not_admitted	not_admitted	not_admitted	not_admitted	not_admitted	not_admitted	not_admitted	1	136;120403;121395;-;372.1	125;113344;114717;-;378.0	132;116931;117674;-;235.0	139;122404;125031;-;303.5	124;110525;113347;-;388.9	144;127160;128611;-;94.6	139;122404;125031;-;100.3	146;129326;129892;-;183.8	135;119756;120394;-;68.5	134;117951;119759;-;268.3	121;106843;108996;-;391.9	140;125547;126062;-;77.7	121;106843;108996;-;70.4	A	9/9	contiguous	22483	1	1	110012..110503-;163;TraS;0
NZ_CP119007.1	MPF_F	IncFIB(AP001918);IncFII(pCoo)	184	0	0	GA	0															not_admitted	not_admitted	not_admitted	not_admitted	not_admitted	not_admitted	not_admitted	not_admitted	not_admitted	not_admitted	1	13;9106;10098;+;369.3	24;15784;17157;+;378.0	17;12827;13570;+;230.0	10;5470;8097;+;306.4	25;17154;19976;+;388.9	4;1988;3391;+;91.3	10;5470;8097;+;98.5	2;707;1273;+;183.3	14;10107;10745;+;68.7	15;10742;12550;+;267.9	28;21505;23658;+;391.9	8;4439;4954;+;77.3	28;21505;23658;+;70.4	A	9/9	contiguous	20798	1	1	19998..20489+;163;TraS;0
NZ_CP119012.1	MPF_F	IncFIA;IncFIB(AP001918);IncFII(pCoo)	204	0	0	GA	0															not_admitted	not_admitted	not_admitted	not_admitted	not_admitted	not_admitted	not_admitted	not_admitted	not_admitted	not_admitted	1	164;140085;141077;+;372.1	174;146759;148135;+;378.0	168;143806;144549;+;235.0	161;136995;139076;+;191.8	175;148132;150954;+;388.9	153;132871;134322;+;94.6	161;136995;139076;+;101.0	151;131590;132156;+;183.8	165;141086;141724;+;68.5	166;141721;143529;+;268.3	178;152483;154636;+;391.9	157;135419;135934;+;77.7	178;152483;154636;+;70.4	A	9/9	contiguous	20893	1	1	150976..151467+;163;TraS;0
NZ_CP119049.1	MPF_F	IncFIB(pB171);IncFII(Yp);IncFII(pAR0022)	167	0	0	GA	0															not_admitted	not_admitted	not_admitted	not_admitted	not_admitted	not_admitted	not_admitted	not_admitted	not_admitted	not_admitted	1	68;53065;54051;+;369.4	133;93916;95286;+;376.7	129;91950;92699;+;218.2	65;49441;52071;+;285.5	134;95286;98108;+;336.5	59;46019;47413;+;89.4	65;49441;52071;+;98.6	57;44736;45302;+;169.9	69;54068;54697;+;66.9	127;89951;91699;+;260.7	138;99445;101691;+;384.7	60;47435;47974;+;67.5	138;99445;101691;+;63.8	A	9/9	split_2	54709	1	1	98130..98561+;143;TraS;0
NZ_CP119050.1	-	pKPC-CAV1321	296	0	0	GA	0															not_admitted	not_admitted	not_admitted	not_admitted	not_admitted	not_admitted	not_admitted	not_admitted	not_admitted	not_admitted	1	172;134503;135570;+;276.8	192;151484;152926;+;260.7	191;150387;151487;+;198.4	168;129909;132395;+;223.8	193;152941;156459;+;240.0	164;125284;126681;+;109.8	168;129909;132395;+;120.8	162;123375;124001;+;87.1	171;133193;134506;+;41.0	195;156895;159552;+;136.9	156;118851;120827;+;22.7	165;126678;127244;+;71.6	156;118851;120827;+;33.5	A	9/9	contiguous	38044	0	1	
NZ_CP119121.1	MPF_F	IncC	160	0	0	GA	0															not_admitted	not_admitted	not_admitted	not_admitted	not_admitted	not_admitted	not_admitted	not_admitted	not_admitted	not_admitted	1		12;10893;12326;-;339.2	13;12328;13356;-;221.7	69;59004;59561;-;115.3	11;7266;10880;-;375.3	77;69383;70699;-;135.0		79;71597;72223;-;92.1			88;76033;77898;-;47.4	76;68808;69386;-;100.2	88;76033;77898;-;52.0	C	6/9	split_2	68767	0	0	
NZ_CP119122.1	MPF_T	ColKP3;IncX3	63	0	0	GA	1	13;12231;12875;-;46.4	12;11957;12247;-;73.1	11;9179;11932;-;47.0	11;9179;11932;-;142.4	11;9179;11932;-;73.3	10;8399;9169;-;60.1	8;7065;8120;-;132.8		7;6142;6870;-;119.4	6;5207;6136;-;138.8	5;3996;5210;-;128.3	3;2766;3800;-;65.7	2;928;2763;-;495.9		pfam	pfam_only	A	7/7	canonical	1	1	unscoreable	2	0	0														not_admitted	not_admitted	not_admitted	not_admitted	not_admitted	not_admitted	not_admitted
NZ_CP119125.1	MPF_T	IncX4	53	0	0	GA	1	47;34536;35156;-;46.9	46;34196;34522;-;64.1	45;31430;34177;-;62.7	45;31430;34177;-;154.4	45;31430;34177;-;46.1	44;30702;31418;-;97.3	43;29612;30691;-;157.5		41;28411;29097;-;169.0	40;27506;28414;-;142.4	39;26395;27513;-;163.9	38;25365;26393;-;85.0	37;23516;25333;-;316.5		pfam	pfam_only	A	7/7	canonical	1	1	unscoreable	1	0	0														not_admitted	not_admitted	not_admitted	not_admitted	not_admitted	not_admitted	not_admitted
NZ_CP119128.1	MPF_F	-	450	1	0	GA	1	152;147614;148300;-;45.1	151;147249;147617;-;70.2	150;146847;147191;-;74.3	149;144464;146854;-;145.0	149;144464;146854;-;109.9	148;143735;144451;-;92.5	146;142371;143378;-;97.2		145;141279;141971;-;176.6	144;140440;141282;-;180.2	143;139239;140438;-;172.6	141;138335;138757;-;98.2		326;331876;333555;-;285.9	pfam	both	B	6/7	canonical	1	0	unscoreable	12	0	1	71;66275;67288;-;404.7	322;328946;330412;-;373.1	323;330412;331242;-;243.6	77;69846;72413;-;412.6	65;57387;60650;-;375.4	143;139239;140438;-;172.6	77;69846;72413;-;97.5	82;76179;76763;-;191.1	70;65523;66266;-;115.1	326;331876;333555;-;285.9				B	8/9	split_3	274489	0	1	
NZ_CP119136.1	MPF_F	IncHI2;IncHI2A;IncQ1	255	0	0	GA	0															not_admitted	not_admitted	not_admitted	not_admitted	not_admitted	not_admitted	not_admitted	not_admitted	not_admitted	not_admitted	1	212;194230;195288;+;276.9	104;91754;92605;-;148.3	105;92595;93641;-;174.3	196;171977;174658;+;168.0		192;168292;169647;+;80.7	196;171977;174658;+;72.2	189;165780;166568;+;74.8	210;192577;194088;+;62.0	213;195307;198495;+;57.3	112;100683;102767;+;56.8	195;171018;171968;+;46.1	112;100683;102767;+;38.8	B	8/9	split_3	103553	0	1	
NZ_CP119167.1	MPF_F	IncFII(pAR0022);IncFII(pSFO)	93	0	0	GA	0															not_admitted	not_admitted	not_admitted	not_admitted	not_admitted	not_admitted	not_admitted	not_admitted	not_admitted	not_admitted	1	69;56479;57465;+;368.4	76;61761;63134;+;375.9	73;60212;60961;+;218.2	66;52855;55485;+;285.5	77;63134;65956;+;334.9	60;49433;50827;+;90.9	66;52855;55485;+;98.6	58;48150;48716;+;169.9	70;57482;58111;+;66.9	71;58108;59961;+;257.4	80;67402;69570;+;384.9	61;50849;51388;+;67.5	80;67402;69570;+;64.0	A	9/9	contiguous	19252	1	1	65970..66446+;158;TraS;0
NZ_CP119168.1	MPF_F	IncFII(pAR0022);IncFII(pSFO);IncR	146	0	0	GA	0															not_admitted	not_admitted	not_admitted	not_admitted	not_admitted	not_admitted	not_admitted	not_admitted	not_admitted	not_admitted	1	122;103511;104497;+;368.4	129;108793;110166;+;375.9	126;107244;107993;+;218.2	119;99887;102517;+;285.5	130;110166;112988;+;334.9	113;96465;97859;+;90.9	119;99887;102517;+;98.6	111;95182;95748;+;169.9	123;104514;105143;+;66.9	124;105140;106993;+;257.4	133;114434;116602;+;384.9	114;97881;98420;+;67.5	133;114434;116602;+;64.0	A	9/9	contiguous	19252	1	1	113002..113478+;158;TraS;0
NZ_CP119171.1	-	-	175	0	0	GA	0															not_admitted	not_admitted	not_admitted	not_admitted	not_admitted	not_admitted	not_admitted	not_admitted	not_admitted	not_admitted	1	63;71442;72431;+;355.9	68;76325;77692;+;339.7	66;74857;75642;+;184.7	60;67547;70150;+;231.8	69;77692;80556;+;307.5	58;65599;66939;+;91.2	60;67547;70150;+;117.5	56;64289;64861;+;112.2	64;72441;73004;+;67.0	65;73001;74860;+;239.8	70;81060;83135;+;374.4	59;67107;67550;+;39.0	70;81060;83135;+;64.6	A	9/9	contiguous	16771	1	1	81060..83135+;691;unnamed;0
NZ_CP119303.1	-	-	105	0	0	GA	1	84;77649;78158;-;49.4	103;95129;95503;-;67.4	102;94824;95117;-;41.4	101;92416;94827;-;80.5	101;92416;94827;-;100.0	100;91653;92429;-;45.4	98;89639;91447;-;102.4		97;88978;89694;-;138.1	96;88028;88960;-;170.5	94;86318;87601;-;209.8	74;69434;70381;-;123.3	89;82070;84019;-;320.1		conjscan	conjscan_only	A	7/7	canonical	1	0	unscoreable	20	0	0														not_admitted	not_admitted	not_admitted	not_admitted	not_admitted	not_admitted	not_admitted
NZ_CP119304.1	-	-	58	0	0	GA	0															not_admitted	not_admitted	not_admitted	not_admitted	not_admitted	not_admitted	not_admitted	not_admitted	not_admitted	not_admitted	1	38;54133;55134;-;366.6	31;48139;49512;-;315.2	35;50473;51282;-;138.7	44;57642;60194;-;187.1	30;45408;48119;-;282.4	46;60591;62012;-;88.8	44;57642;60194;-;93.4	48;62737;63297;-;109.7	37;53214;53897;-;81.9	36;51448;53217;-;229.1	28;42662;44701;-;400.7	45;60199;60585;-;22.3	28;42662;44701;-;75.9	A	9/9	contiguous	20075	1	1	44865..45314-;149;unnamed;0
NZ_CP119305.1	-	-	71	0	0	GA	1	40;36094;36609;-;46.5	69;59190;59519;-;65.8	68;58865;59179;-;30.4	67;56410;58824;-;51.4	67;56410;58824;-;99.1	66;55655;56413;-;34.3	64;53384;54700;-;100.2		62;52492;53166;-;144.3	61;51611;52483;-;159.7	59;49940;51196;-;191.1	54;44180;45802;-;175.5			conjscan	conjscan_only	B	6/7	canonical	1	0	unscoreable	20	0	0														not_admitted	not_admitted	not_admitted	not_admitted	not_admitted	not_admitted	not_admitted
NZ_CP119410.1	MPF_T	-	279	0	0	GA	1		277;270152;270544;-;74.7	276;269860;270159;-;62.0	275;267414;269849;-;172.3	275;267414;269849;-;127.5	274;266618;267421;-;46.4	272;265264;266445;-;113.5		271;264580;265242;-;134.4	270;263734;264564;-;186.9	268;261994;263274;-;219.7	278;270534;271499;-;124.4	253;248421;250358;-;529.3		conjscan	conjscan_only	A	7/7	canonical	1	0	unscoreable	3	0	0														not_admitted	not_admitted	not_admitted	not_admitted	not_admitted	not_admitted	not_admitted
NZ_CP119418.1	MPF_T	-	537	0	0	GA	1		160;161038;161337;+;87.8	161;161340;161681;+;105.3	162;161674;164055;+;172.7	162;161674;164055;+;107.5	163;164055;164753;+;209.3	165;164988;165923;+;163.8		167;166229;166900;+;221.1	168;166897;167751;+;185.3	169;167766;168938;+;185.6	170;168947;169957;+;100.3	110;113385;115304;-;326.6		pfam	both	A	7/7	canonical	1	0	unscoreable	2	0	0														not_admitted	not_admitted	not_admitted	not_admitted	not_admitted	not_admitted	not_admitted
NZ_CP119419.1	MPF_T	ColRNAI	179	0	0	GA	1	37;44037;44756;+;58.2	176;182060;182464;-;71.8	39;45136;45462;+;68.7	40;45462;47831;+;226.4	174;179295;181757;-;129.6	173;178514;179323;-;45.7	171;177109;178296;-;107.4		43;49620;50393;+;176.5	169;175561;176415;-;186.3	45;51268;52401;+;170.8	177;182454;183425;-;131.9	114;117538;119460;-;556.9		conjscan	conjscan_only	A	7/7	uncallable	0	0	unscoreable	17	0	0														not_admitted	not_admitted	not_admitted	not_admitted	not_admitted	not_admitted	not_admitted
NZ_CP119442.1	MPF_F	IncFII	324	0	0	GA	0															not_admitted	not_admitted	not_admitted	not_admitted	not_admitted	not_admitted	not_admitted	not_admitted	not_admitted	not_admitted	1	276;232057;233049;+;366.3	288;239718;241091;+;383.7	280;235778;236515;+;233.0	273;228421;231048;+;293.0	289;241088;243934;+;385.9	267;224832;226259;+;93.9	273;228421;231048;+;97.6	265;223551;224117;+;183.8	277;233058;233696;+;68.7	278;233693;235501;+;268.3	293;246150;248375;+;391.3	270;227383;227898;+;75.2	293;246150;248375;+;70.3	A	9/9	contiguous	22599	1	1	243931..244440+;169;unnamed;0
NZ_CP119452.1	MPF_F	IncFII(pCoo)	64	0	0	GA	0															not_admitted	not_admitted	not_admitted	not_admitted	not_admitted	not_admitted	not_admitted	not_admitted	not_admitted	not_admitted	1	40;26410;27402;+;369.5	51;33121;34494;+;386.6	44;30173;30916;+;234.4	37;22771;25401;+;301.9	52;34491;37307;+;384.0	29;18077;19504;+;93.5	37;22771;25401;+;97.5	27;16796;17362;+;182.3	41;27411;28049;+;70.8	42;28046;29896;+;266.4	56;39608;41815;+;391.5	33;20632;21147;+;81.6	56;39608;41815;+;70.4	A	9/9	contiguous	22812	1	1	37340..37861+;173;unnamed;0
NZ_CP119538.1	MPF_T	-	538	0	0	GA	1		161;161038;161337;+;87.8	162;161340;161681;+;105.3	163;161674;164055;+;172.7	163;161674;164055;+;107.5	164;164055;164753;+;209.3	166;164988;165923;+;163.8		168;166229;166900;+;221.1	169;166897;167751;+;185.3	170;167766;168938;+;185.6	171;168947;169957;+;100.3	111;113385;115304;-;326.6		pfam	both	A	7/7	canonical	1	0	unscoreable	2	0	0														not_admitted	not_admitted	not_admitted	not_admitted	not_admitted	not_admitted	not_admitted
NZ_CP119539.1	MPF_T	-	195	0	0	GA	1	122;131645;132382;+;73.4	192;211876;212277;-;70.9	124;132747;133073;+;73.6	125;133073;135442;+;240.3	190;209105;211573;-;125.4	189;208330;209133;-;45.0	187;206925;208121;-;112.0		129;137299;138012;+;176.9	185;205376;206242;-;186.7	183;203571;204887;-;225.0	193;212267;213238;-;133.5	84;89017;90993;-;573.0		conjscan	conjscan_only	A	7/7	uncallable	0	0	unscoreable	11	0	0														not_admitted	not_admitted	not_admitted	not_admitted	not_admitted	not_admitted	not_admitted
NZ_CP119541.1	MPF_F	IncC	277	0	0	GA	0															not_admitted	not_admitted	not_admitted	not_admitted	not_admitted	not_admitted	not_admitted	not_admitted	not_admitted	not_admitted	1	103;77305;78312;+;332.9	266;227925;229358;+;339.2	265;226895;227923;+;221.7	98;72106;74553;+;354.5	267;229371;232985;+;375.3	93;63234;64550;+;135.0	98;72106;74553;+;128.3	91;61710;62336;+;92.7	101;75375;76640;+;67.9	104;78428;81226;+;145.3	82;56035;57900;+;47.3	94;64547;65125;+;100.2	82;56035;57900;+;52.0	A	9/9	split_2	173336	0	1	
NZ_CP119547.1	MPF_F	IncC	249	0	0	GA	0															not_admitted	not_admitted	not_admitted	not_admitted	not_admitted	not_admitted	not_admitted	not_admitted	not_admitted	not_admitted	1	107;77305;78312;+;332.9	239;196126;197559;+;339.2	238;195096;196124;+;221.7	102;72106;74553;+;354.5	240;197572;201186;+;375.3	97;63234;64550;+;135.0	102;72106;74553;+;128.3	95;61710;62336;+;92.7	105;75375;76640;+;67.9	108;78428;81226;+;145.3	86;56035;57900;+;47.3	98;64547;65125;+;100.2	86;56035;57900;+;52.0	A	9/9	split_2	141537	0	1	
NZ_CP119553.1	MPF_F	IncC	276	0	0	GA	0															not_admitted	not_admitted	not_admitted	not_admitted	not_admitted	not_admitted	not_admitted	not_admitted	not_admitted	not_admitted	1	103;77305;78312;+;332.9	265;227097;228530;+;339.2	264;226067;227095;+;221.7	98;72106;74553;+;354.5	266;228543;232157;+;375.3	93;63234;64550;+;135.0	98;72106;74553;+;128.3	91;61710;62336;+;92.7	101;75375;76640;+;67.9	104;78428;81226;+;145.3	82;56035;57900;+;47.3	94;64547;65125;+;100.2	82;56035;57900;+;52.0	A	9/9	split_2	172508	0	1	
NZ_CP119569.1	MPF_T	-	255	0	0	GA	1		136;129822;130226;+;71.1	137;130219;130518;+;62.8	138;130522;132990;+;182.1	138;130522;132990;+;129.0	139;132962;133771;+;46.6	141;133989;135179;+;109.6		142;135197;135874;+;122.2	143;135892;136743;+;184.2	145;137232;138554;+;226.1	135;128861;129832;+;131.6	192;182971;184932;+;547.5		conjscan	conjscan_only	A	7/7	canonical	1	0	unscoreable	3	0	0														not_admitted	not_admitted	not_admitted	not_admitted	not_admitted	not_admitted	not_admitted
NZ_CP119578.1	MPF_F	IncHI2;IncHI2A;IncN	284	0	0	GA	0															not_admitted	not_admitted	not_admitted	not_admitted	not_admitted	not_admitted	not_admitted	not_admitted	not_admitted	not_admitted	1	112;97244;98302;-;276.9	225;202613;204028;+;194.1	224;201577;202623;+;174.3	128;117874;120555;-;168.0	226;204037;207990;+;101.7	132;122885;124240;-;80.7	128;117874;120555;-;72.2	135;125964;126752;-;74.8	114;98444;99955;-;62.0	111;94037;97225;-;57.3	217;192451;194535;-;56.8	129;120564;121514;-;46.1	217;192451;194535;-;38.8	A	9/9	split_2	110000	1	1	208171..209460+;429;unnamed;0
NZ_CP119582.2	MPF_T	IncX1	55	0	0	GA	1	45;32992;33636;+;47.1	46;33620;33910;+;73.5	47;33934;36693;+;44.8	47;33934;36693;+;133.3	47;33934;36693;+;71.9	48;36695;37432;+;57.5	50;37714;38769;+;131.7		51;38959;39681;+;116.0	52;39687;40616;+;132.4	53;40613;41827;+;128.6	54;41845;42882;+;66.4	0;1;1836;+;543.4		pfam	pfam_only	A	7/7	canonical	1	1	unscoreable	1	0	0														not_admitted	not_admitted	not_admitted	not_admitted	not_admitted	not_admitted	not_admitted
NZ_CP119680.1	MPF_F	IncHI2;IncHI2A	328	0	0	GA	0															not_admitted	not_admitted	not_admitted	not_admitted	not_admitted	not_admitted	not_admitted	not_admitted	not_admitted	not_admitted	1	29;32245;33303;+;276.9	231;213609;215024;-;194.1	232;215014;216060;-;173.7	11;8955;11636;+;168.0	230;209650;213600;-;101.6	7;5270;6625;+;80.7	11;8955;11636;+;72.2	4;2758;3546;+;74.8	27;30592;32103;+;62.7	30;33322;36510;+;58.3	238;223101;225185;+;56.7	10;7996;8946;+;46.4	238;223101;225185;+;38.8	A	9/9	split_3	220343	0	1	
NZ_CP119681.1	MPF_T	IncP1	59	0	0	GA	1	35;28278;28922;+;23.4	24;17952;18416;+;63.6	25;18420;18731;+;49.8	26;18728;21286;+;91.0	26;18728;21286;+;112.1	31;24920;25684;+;123.7	33;25932;27662;+;142.0		27;21283;22065;+;144.6	28;22083;22982;+;185.3	30;23481;24902;+;223.1	23;16973;17935;+;127.4	57;49528;51441;-;525.1		conjscan	conjscan_only	A	7/7	canonical	1	0	unscoreable	4	0	0														not_admitted	not_admitted	not_admitted	not_admitted	not_admitted	not_admitted	not_admitted
NZ_CP119727.1	MPF_F	IncHI2;IncHI2A	245	0	0	GA	0															not_admitted	not_admitted	not_admitted	not_admitted	not_admitted	not_admitted	not_admitted	not_admitted	not_admitted	not_admitted	1	204;184436;185494;+;276.9	94;80046;81461;-;194.1	95;81451;82497;-;174.3	188;162183;164864;+;168.0	93;76084;80037;-;101.7	184;158498;159853;+;80.7	188;162183;164864;+;72.2	181;155986;156774;+;74.8	202;182783;184294;+;62.0	205;185513;188701;+;57.3	102;89539;91623;+;56.8	187;161224;162174;+;46.1	102;89539;91623;+;38.8	A	9/9	split_3	109429	0	1	
NZ_CP119728.1	MPF_F	IncFIB(AP001918);IncFIC(FII)	133	0	0	GA	0															not_admitted	not_admitted	not_admitted	not_admitted	not_admitted	not_admitted	not_admitted	not_admitted	not_admitted	not_admitted	1	73;70019;70981;-;348.4	63;64211;65584;-;378.0	70;67798;68541;-;234.1	76;71990;74515;-;227.2	62;61392;64214;-;389.5	77;74502;75929;-;94.3	76;71990;74515;-;98.7	79;76644;77210;-;183.8		72;68818;69963;-;270.4	59;58514;59863;-;259.0			C	7/9	contiguous	18130	1	1	60879..61370-;163;TraS;0
NZ_CP119731.1	MPF_F	IncHI2;IncHI2A	244	0	0	GA	0															not_admitted	not_admitted	not_admitted	not_admitted	not_admitted	not_admitted	not_admitted	not_admitted	not_admitted	not_admitted	1	2;5787;6845;-;276.9	112;109820;111235;+;194.1	111;108784;109830;+;174.3	18;26417;29098;-;168.0	113;111244;115197;+;101.7	22;31428;32783;-;80.7	18;26417;29098;-;72.2	25;34507;35295;-;74.8	4;6987;8498;-;62.0	1;2580;5768;-;57.3	104;99658;101742;-;56.8	19;29107;30057;-;46.1	104;99658;101742;-;38.8	A	9/9	split_2	108664	0	1	
NZ_CP119732.1	MPF_F	IncFIB(AP001918);IncFIC(FII)	134	0	0	GA	0															not_admitted	not_admitted	not_admitted	not_admitted	not_admitted	not_admitted	not_admitted	not_admitted	not_admitted	not_admitted	1	92;95033;95995;+;348.4	102;100430;101803;+;378.0	95;97473;98216;+;234.1	89;91499;94024;+;227.2	103;101800;104622;+;389.5	88;90085;91512;+;94.3	89;91499;94024;+;98.7	86;88804;89370;+;183.8		93;96051;97196;+;270.4	106;106151;107500;+;259.0			C	7/9	contiguous	17347	1	1	104644..105135+;163;TraS;0
NZ_CP119735.1	MPF_F	IncHI2;IncHI2A	253	0	0	GA	0															not_admitted	not_admitted	not_admitted	not_admitted	not_admitted	not_admitted	not_admitted	not_admitted	not_admitted	not_admitted	1	47;53957;55015;+;276.9	185;176845;178260;-;194.1	186;178250;179296;-;174.3	30;30638;33319;+;168.0	184;172883;176836;-;101.7	25;25888;27243;+;80.7	30;30638;33319;+;72.2	22;23376;24164;+;74.8	45;52304;53815;+;62.0	51;58044;59558;+;60.1	195;187403;189487;+;56.8	29;29679;30629;+;46.1	195;187403;189487;+;38.8	A	9/9	split_3	164027	1	1	171413..172702-;429;unnamed;0
NZ_CP119736.1	MPF_F	IncFII(29);IncX1	127	0	0	GA	0															not_admitted	not_admitted	not_admitted	not_admitted	not_admitted	not_admitted	not_admitted	not_admitted	not_admitted	not_admitted	1	27;22004;22996;+;369.3	38;29064;30437;+;376.8	33;26755;27498;+;235.0	24;18368;20995;+;302.3	39;30434;33259;+;389.2	19;15029;16456;+;94.3	24;18368;20995;+;98.9	17;13748;14314;+;183.8	30;23993;24631;+;67.5	31;24628;26478;+;265.1	43;35501;37735;+;391.7	22;17337;17852;+;76.9	43;35501;37735;+;70.3	A	9/9	contiguous	21753	1	1	33256..33765+;169;unnamed;0
NZ_CP119738.1	MPF_F	IncFII	123	0	0	GA	0															not_admitted	not_admitted	not_admitted	not_admitted	not_admitted	not_admitted	not_admitted	not_admitted	not_admitted	not_admitted	1	79;59710;60702;+;369.5	89;66481;67854;+;381.7	84;63808;64551;+;234.4	76;56071;58701;+;304.1	90;67851;70673;+;374.0	67;50152;51603;+;94.2	76;56071;58701;+;97.1	65;48871;49437;+;183.8	81;61046;61684;+;68.6	82;61681;63531;+;266.1	94;72945;75251;+;391.0	70;52463;52978;+;78.4	94;72945;75251;+;70.2	A	9/9	contiguous	24074	1	1	70695..71174+;159;TraS;0
NZ_CP119739.1	MPF_F	IncFIB(AP001918);IncFII(pHN7A8)	106	0	0	GA	0															not_admitted	not_admitted	not_admitted	not_admitted	not_admitted	not_admitted	not_admitted	not_admitted	not_admitted	not_admitted	1				16;10071;10838;+;169.3				13;8315;8881;+;183.8						D	2/9	contiguous	1756	0	0	
NZ_CP119741.1	MPF_F	IncHI2;IncHI2A	252	0	0	GA	0															not_admitted	not_admitted	not_admitted	not_admitted	not_admitted	not_admitted	not_admitted	not_admitted	not_admitted	not_admitted	1	117;114361;115419;+;276.9	2;5995;7410;-;194.1	3;7400;8446;-;174.3	100;91042;93723;+;168.0	1;2033;5986;-;101.7	95;86292;87647;+;80.7	100;91042;93723;+;72.2	92;83780;84568;+;74.8	115;112708;114219;+;62.0	121;118448;119962;+;60.1	12;16553;18637;+;56.8	99;90083;91033;+;46.1	12;16553;18637;+;38.8	A	9/9	split_3	116415	0	1	
NZ_CP119742.1	MPF_F	IncFII(29);IncX1	126	0	0	GA	0															not_admitted	not_admitted	not_admitted	not_admitted	not_admitted	not_admitted	not_admitted	not_admitted	not_admitted	not_admitted	1	50;42676;43668;-;369.3	39;35235;36608;-;376.8	44;38174;38917;-;235.0	53;44677;47304;-;302.3	38;32413;35238;-;389.2	58;49216;50643;-;94.3	53;44677;47304;-;98.9	60;51358;51924;-;183.8	47;41041;41679;-;67.5	46;39194;41044;-;265.1	34;27937;30171;-;391.7	55;47820;48335;-;76.9	34;27937;30171;-;70.3	A	9/9	contiguous	23421	1	1	31907..32416-;169;unnamed;0
NZ_CP119744.1	MPF_F	IncFII	121	0	0	GA	0															not_admitted	not_admitted	not_admitted	not_admitted	not_admitted	not_admitted	not_admitted	not_admitted	not_admitted	not_admitted	1	97;72665;73657;+;369.5	107;79436;80809;+;381.7	102;76763;77506;+;234.4	94;69026;71656;+;304.1	108;80806;83628;+;374.0	85;63107;64558;+;94.2	94;69026;71656;+;97.1	83;61826;62392;+;183.8	99;74001;74639;+;68.6	100;74636;76486;+;266.1	112;85900;88206;+;391.0	88;65418;65933;+;78.4	112;85900;88206;+;70.2	A	9/9	contiguous	24074	1	1	83650..84129+;159;TraS;0
NZ_CP119745.1	MPF_F	IncFIB(AP001918);IncFII(pHN7A8)	107	0	0	GA	0															not_admitted	not_admitted	not_admitted	not_admitted	not_admitted	not_admitted	not_admitted	not_admitted	not_admitted	not_admitted	1				28;19319;20086;-;169.3				31;21276;21842;-;183.8						D	2/9	contiguous	1957	0	0	
NZ_CP119747.1	MPF_F	IncHI2;IncHI2A	245	0	0	GA	0															not_admitted	not_admitted	not_admitted	not_admitted	not_admitted	not_admitted	not_admitted	not_admitted	not_admitted	not_admitted	1	164;153914;154972;+;276.9	54;49524;50939;-;194.1	55;50929;51975;-;174.3	148;131661;134342;+;168.0	53;45562;49515;-;101.7	144;127976;129331;+;80.7	148;131661;134342;+;72.2	141;125464;126252;+;74.8	162;152261;153772;+;62.0	165;154991;158179;+;57.3	62;59017;61101;+;56.8	147;130702;131652;+;46.1	62;59017;61101;+;38.8	A	9/9	split_3	109429	0	1	
NZ_CP119748.1	MPF_F	IncFIC(FII)	133	0	0	GA	0															not_admitted	not_admitted	not_admitted	not_admitted	not_admitted	not_admitted	not_admitted	not_admitted	not_admitted	not_admitted	1	90;91647;92609;-;348.4	80;85839;87212;-;378.0	87;89426;90169;-;234.1	93;93618;96143;-;227.2	79;83020;85842;-;389.5	94;96130;97557;-;94.3	93;93618;96143;-;98.7	96;98272;98838;-;183.8		89;90446;91591;-;270.4	76;80142;81491;-;259.0			C	7/9	contiguous	18130	1	1	82507..82998-;163;TraS;0
NZ_CP119799.1	-	-	285	0	0	GA	1				125;117123;119261;-;22.4											none	none	D	1/7	uncallable	0	0	unscoreable	0	0	0														not_admitted	not_admitted	not_admitted	not_admitted	not_admitted	not_admitted	not_admitted
NZ_CP119806.1	MPF_T	-	82	0	0	GA	1				60;63163;65358;-;22.3											none	none	D	1/7	uncallable	0	0	unscoreable	0	0	0														not_admitted	not_admitted	not_admitted	not_admitted	not_admitted	not_admitted	not_admitted
NZ_CP119808.1	MPF_T	-	102	0	0	GA	1				38;36856;39063;+;22.5											none	none	D	1/7	uncallable	0	0	unscoreable	0	0	0														not_admitted	not_admitted	not_admitted	not_admitted	not_admitted	not_admitted	not_admitted
NZ_CP119813.1	MPF_T	-	154	0	0	GA	1				95;92656;94851;-;22.1											none	none	D	1/7	uncallable	0	0	unscoreable	0	0	0														not_admitted	not_admitted	not_admitted	not_admitted	not_admitted	not_admitted	not_admitted
NZ_CP119865.1	MPF_T	-	539	0	0	GA	1		162;162512;162811;+;87.8	163;162814;163155;+;105.3	164;163148;165529;+;172.7	164;163148;165529;+;107.5	165;165529;166227;+;209.3	167;166462;167397;+;163.8		169;167703;168374;+;221.1	170;168371;169225;+;185.3	171;169240;170412;+;185.6	172;170421;171431;+;100.3	112;114859;116778;-;326.6		pfam	both	A	7/7	canonical	1	0	unscoreable	2	0	0														not_admitted	not_admitted	not_admitted	not_admitted	not_admitted	not_admitted	not_admitted
NZ_CP119973.1	MPF_T	-	449	0	0	GA	1		264;267829;268128;+;90.1	265;268135;268473;+;106.9	266;268466;270832;+;177.2	266;268466;270832;+;105.6	267;270829;271530;+;195.2	269;271761;272693;+;166.0		271;273016;273687;+;208.7	272;273684;274541;+;185.1	273;274550;275725;+;179.5	274;275734;276765;+;113.2	352;360100;360633;-;156.7		pfam	both	A	7/7	canonical	1	0	unscoreable	2	0	0														not_admitted	not_admitted	not_admitted	not_admitted	not_admitted	not_admitted	not_admitted
NZ_CP119974.1	MPF_T	-	113	0	0	GA	1		57;51605;51904;+;84.3	58;51909;52250;+;105.5	59;52243;54624;+;178.2	59;52243;54624;+;111.2	60;54624;55322;+;210.1	62;55558;56493;+;161.8		64;56799;57470;+;217.4	65;57467;58321;+;186.2	66;58335;59507;+;181.6	67;59517;60509;+;103.2	108;102451;104367;+;328.2		pfam	both	A	7/7	canonical	1	0	unscoreable	2	0	0														not_admitted	not_admitted	not_admitted	not_admitted	not_admitted	not_admitted	not_admitted
NZ_CP119975.1	MPF_T	IncP1	97	0	0	GA	1	45;49076;49711;-;23.5	56;59564;60028;-;63.5	55;59249;59560;-;49.8	54;56694;59252;-;91.0	54;56694;59252;-;112.1	49;52296;53060;-;122.3	47;50330;52048;-;143.0		53;55915;56697;-;145.8	52;54998;55897;-;186.5	50;53081;54502;-;223.3	57;60045;61007;-;127.6	0;1;1914;+;525.1		conjscan	conjscan_only	A	7/7	canonical	1	0	unscoreable	4	0	0														not_admitted	not_admitted	not_admitted	not_admitted	not_admitted	not_admitted	not_admitted
NZ_CP120101.1	-	-	23	0	0	GA	1				2;2867;5365;-;25.4											none	none	D	1/7	uncallable	0	0	unscoreable	0	0	0														not_admitted	not_admitted	not_admitted	not_admitted	not_admitted	not_admitted	not_admitted
NZ_CP120102.1	-	-	8	0	0	GA	1				0;1178;2650;-;27.1											none	none	D	1/7	uncallable	0	0	unscoreable	0	0	0														not_admitted	not_admitted	not_admitted	not_admitted	not_admitted	not_admitted	not_admitted
NZ_CP120213.1	MPF_T	-	120	0	0	GA	1		117;129843;130247;-;70.4	116;129551;129850;-;61.5	115;127078;129540;-;188.2	115;127078;129540;-;131.4	114;126297;127106;-;50.5	112;124889;126079;-;113.6		111;124212;124874;-;122.2	110;123338;124195;-;186.4	108;121555;122853;-;226.6	118;130237;131208;-;132.1	39;38856;40799;-;562.6		conjscan	conjscan_only	A	7/7	canonical	1	0	unscoreable	3	0	0														not_admitted	not_admitted	not_admitted	not_admitted	not_admitted	not_admitted	not_admitted
NZ_CP120214.1	MPF_T	-	86	0	0	GA	1	18;16640;17812;-;75.2	21;20644;21015;-;50.1	20;20316;20702;-;48.2	19;17790;20312;-;142.6	19;17790;20312;-;92.7		16;14535;15608;-;90.4		15;13676;14410;-;113.8	14;12864;13679;-;189.6	13;11489;12862;-;197.1	12;10443;11492;-;125.1	11;7664;10474;-;225.6		none	none	A	7/7	canonical	0	0	unscoreable	1	0	0														not_admitted	not_admitted	not_admitted	not_admitted	not_admitted	not_admitted	not_admitted
NZ_CP120216.1	MPF_T	-	572	0	0	GA	1	342;362862;363587;-;48.6	75;76743;77042;+;89.7	76;77048;77386;+;106.1	339;359811;362174;-;212.5	77;77379;79745;+;108.1	78;79742;80443;+;197.5	80;80674;81606;+;166.1		82;81928;82599;+;211.2	83;82596;83453;+;185.0	84;83462;84637;+;179.0	85;84646;85659;+;109.8	327;347571;349448;-;486.8		pfam	both	A	7/7	uncallable	0	0	unscoreable	8	0	0														not_admitted	not_admitted	not_admitted	not_admitted	not_admitted	not_admitted	not_admitted
NZ_CP120317.1	MPF_T	IncX1	44	0	0	GA	1	30;30098;30745;-;45.2	29;29824;30120;-;77.5	28;27052;29805;-;46.6	28;27052;29805;-;148.0	28;27052;29805;-;75.3	27;26292;27041;-;67.5	25;24920;25981;-;134.6		24;23962;24675;-;120.0	23;23028;23957;-;133.8	22;21826;23031;-;134.5	21;20793;21824;-;76.5	20;18955;20790;-;488.6		pfam	pfam_only	A	7/7	canonical	1	1	unscoreable	1	0	0														not_admitted	not_admitted	not_admitted	not_admitted	not_admitted	not_admitted	not_admitted
NZ_CP120320.1	MPF_T	IncX1	44	0	0	GA	1	30;30098;30745;-;45.2	29;29824;30120;-;77.5	28;27052;29805;-;46.6	28;27052;29805;-;148.0	28;27052;29805;-;75.3	27;26292;27041;-;67.5	25;24920;25981;-;134.6		24;23962;24675;-;120.0	23;23028;23957;-;133.8	22;21826;23031;-;134.5	21;20793;21824;-;76.5	20;18955;20790;-;488.6		pfam	pfam_only	A	7/7	canonical	1	1	unscoreable	1	0	0														not_admitted	not_admitted	not_admitted	not_admitted	not_admitted	not_admitted	not_admitted
NZ_CP120330.1	MPF_T	IncX1;IncX3	66	0	0	GA	1	52;44513;45160;-;45.2	51;44239;44535;-;77.5	50;41467;44220;-;47.9	50;41467;44220;-;147.9	50;41467;44220;-;75.3	49;40698;41456;-;67.3	47;39387;40460;-;106.5								pfam	pfam_only	D	2/7	canonical	1	1	unscoreable	1	0	0														not_admitted	not_admitted	not_admitted	not_admitted	not_admitted	not_admitted	not_admitted
NZ_CP120342.1	MPF_T	Col(pHAD28);IncX1;IncX3	72	0	0	GA	1	58;50561;51208;-;45.2	57;50287;50583;-;77.5	56;47515;50268;-;47.9	56;47515;50268;-;147.9	56;47515;50268;-;75.3	55;46746;47504;-;67.3	53;45435;46508;-;106.5								pfam	pfam_only	D	2/7	canonical	1	1	unscoreable	1	0	0														not_admitted	not_admitted	not_admitted	not_admitted	not_admitted	not_admitted	not_admitted
NZ_CP120362.1	MPF_T	-	246	0	0	GA	1		57;52381;52758;-;76.8	56;52089;52388;-;60.6	55;49635;52082;-;159.0	55;49635;52082;-;121.8	54;48863;49663;-;54.8	52;47510;48676;-;110.1		51;46839;47501;-;118.2	50;45994;46818;-;184.9	48;44225;45526;-;226.0	58;52748;53719;-;130.6	237;226794;228719;-;509.9		conjscan	conjscan_only	A	7/7	canonical	1	0	unscoreable	3	0	0														not_admitted	not_admitted	not_admitted	not_admitted	not_admitted	not_admitted	not_admitted
NZ_CP120363.1	MPF_T	-	232	0	0	GA	1	206;195103;196167;+;85.2	203;192051;192386;+;87.6	204;192390;192689;+;71.2	205;192686;195106;+;128.6	205;192686;195106;+;96.2	207;196179;196877;+;39.8	209;197108;198118;+;138.1		210;198163;198858;+;181.6	211;198855;199664;+;202.2	212;199664;200881;+;209.7	213;200862;201893;+;124.3	214;201890;203926;+;296.3		pfam	pfam_only	A	7/7	canonical	1	0	unscoreable	1	0	0														not_admitted	not_admitted	not_admitted	not_admitted	not_admitted	not_admitted	not_admitted
NZ_CP120366.1	MPF_T	-	1469	0	0	GA	1		38;30059;30358;-;88.9	37;29713;30054;-;105.7	36;27342;29738;-;172.7	36;27342;29738;-;108.7	35;26644;27342;-;201.7	33;25474;26409;-;160.3		31;24487;25158;-;215.6	30;23633;24487;-;183.4	29;22451;23623;-;180.8	183;179858;181351;-;213.3	535;528578;530146;+;487.4		pfam	both	A	7/7	canonical	1	0	unscoreable	2	0	0														not_admitted	not_admitted	not_admitted	not_admitted	not_admitted	not_admitted	not_admitted
NZ_CP120369.1	MPF_T	-	631	0	0	GA	1	101;101101;101808;+;61.3	614;614953;615336;+;70.2	103;102190;102516;+;67.7	104;102516;104885;+;207.0	616;615639;618095;+;113.5	617;618067;618870;+;40.7	106;105658;106545;+;60.4		107;106733;107446;+;171.2	108;107443;108324;+;156.4	109;108321;109445;+;184.0	613;613986;614963;+;129.1	0;1;1983;+;558.8		conjscan	conjscan_only	A	7/7	canonical	1	0	unscoreable	5	0	0														not_admitted	not_admitted	not_admitted	not_admitted	not_admitted	not_admitted	not_admitted
NZ_CP120372.1	MPF_T	-	633	0	0	GA	1	34;33761;34468;-;61.3	153;149678;150061;-;70.2	32;33053;33379;-;67.7	31;30684;33053;-;207.0	151;146919;149375;-;113.5	150;146144;146947;-;40.7	29;29024;29911;-;60.4		28;28123;28836;-;171.2	27;27245;28126;-;156.4	26;26124;27248;-;184.0	154;150051;151028;-;129.1	135;133586;135568;-;558.8		conjscan	conjscan_only	A	7/7	canonical	1	0	unscoreable	5	0	0														not_admitted	not_admitted	not_admitted	not_admitted	not_admitted	not_admitted	not_admitted
NZ_CP120375.1	MPF_T	-	646	0	0	GA	1	519;497725;498432;+;61.3	367;339009;339392;+;69.8	521;498814;499140;+;67.7	522;499140;501509;+;205.3	369;339694;342150;+;117.6	370;342122;342925;+;45.0	372;343110;344285;+;114.1		526;503359;504072;+;171.2	374;344989;345801;+;191.4	376;346254;347552;+;220.1	366;338042;339019;+;128.4	414;386135;388111;+;564.6		conjscan	conjscan_only	A	7/7	rearranged	1	0	unscoreable	8	0	0														not_admitted	not_admitted	not_admitted	not_admitted	not_admitted	not_admitted	not_admitted
NZ_CP120513.1	MPF_T	rep38	55	0	0	GA	1				39;43336;45351;+;23.5									45;49377;50927;+;460.5		none	none	D	2/7	uncallable	0	0	unscoreable	5	0	0														not_admitted	not_admitted	not_admitted	not_admitted	not_admitted	not_admitted	not_admitted
NZ_CP120521.1	MPF_F	IncFIB(pECLA)	169	0	0	GA	0															not_admitted	not_admitted	not_admitted	not_admitted	not_admitted	not_admitted	not_admitted	not_admitted	not_admitted	not_admitted	1	98;105925;106923;-;358.7	89;99678;100682;-;314.9	95;102662;103444;-;212.1	105;109809;112415;-;219.0	87;95910;99317;-;305.8	112;114653;116056;-;90.4	105;109809;112415;-;93.5	115;117043;117387;-;55.3	97;105291;105914;-;64.4	96;103441;105294;-;216.2	80;89540;92113;-;360.1	107;112651;113190;-;44.0	80;89540;92113;-;70.5	A	9/9	contiguous	27503	1	1	95188..95901-;237;unnamed;0
NZ_CP120529.1	-	-	76	0	0	GA	0															not_admitted	not_admitted	not_admitted	not_admitted	not_admitted	not_admitted	not_admitted	not_admitted	not_admitted	not_admitted	1	63;54534;55529;+;360.9	69;60128;61504;+;330.7	66;57997;58785;+;200.5	60;50783;53494;+;233.3	70;61517;64408;+;318.9	54;47455;48816;+;90.9	60;50783;53494;+;124.0	52;46142;46711;+;124.2	64;55545;56162;+;69.9	65;56162;58000;+;234.1	74;65758;67980;+;366.7	59;50218;50781;+;52.1	74;65758;67980;+;68.2	A	9/9	contiguous	19616	1	1	64460..64957+;165;unnamed;0
NZ_CP120531.1	-	-	323	0	0	GA	0															not_admitted	not_admitted	not_admitted	not_admitted	not_admitted	not_admitted	not_admitted	not_admitted	not_admitted	not_admitted	1	137;107848;108933;+;271.8	159;125691;127127;+;237.8	158;124611;125687;+;196.7	133;103256;105745;+;239.3	160;127142;130297;+;262.2	130;100150;101538;+;105.0	133;103256;105745;+;123.4	128;98295;98885;+;82.8	136;106553;107851;+;54.1	162;130726;133425;+;127.1	123;93766;95718;+;21.4	131;101541;102077;+;69.1	123;93766;95718;+;37.1	A	9/9	contiguous	36960	0	1	
NZ_CP120532.1	MPF_F	IncC	211	0	0	GA	0															not_admitted	not_admitted	not_admitted	not_admitted	not_admitted	not_admitted	not_admitted	not_admitted	not_admitted	not_admitted	1	44;39625;40632;+;332.9	184;146220;147653;-;339.2	185;147655;148683;-;221.7	39;34426;36873;+;354.5	183;142593;146207;-;375.3	127;109140;110300;-;156.3	39;34426;36873;+;128.3	32;24030;24656;+;92.7	42;37695;38960;+;67.9	45;40748;43546;+;145.3	22;16741;18606;+;47.3	35;26867;27445;+;100.2	22;16741;18606;+;52.0	A	9/9	split_3	130914	0	1	
NZ_CP120534.1	MPF_T	-	317	0	0	GA	0															not_admitted	not_admitted	not_admitted	not_admitted	not_admitted	not_admitted	not_admitted	not_admitted	not_admitted	not_admitted	1	195;154168;155253;+;271.5	219;172331;173767;+;236.1	218;171248;172309;+;195.5	191;149615;152104;+;239.7	220;173782;176940;+;250.9	188;146516;147904;+;104.8	191;149615;152104;+;122.7	186;144655;145245;+;84.8	194;152912;154171;+;54.1	222;177362;180076;+;129.7	180;140126;142078;+;21.5	189;147907;148440;+;70.4	180;140126;142078;+;36.9	A	9/9	contiguous	37236	0	1	
NZ_CP120536.1	MPF_T	-	324	0	0	GA	0															not_admitted	not_admitted	not_admitted	not_admitted	not_admitted	not_admitted	not_admitted	not_admitted	not_admitted	not_admitted	1	207;167924;169009;+;271.5	231;186087;187508;+;236.1	230;185004;186065;+;195.5	203;163371;165860;+;239.7	232;187537;190695;+;250.9	200;160272;161660;+;104.8	203;163371;165860;+;122.7	198;158411;159001;+;84.8	206;166668;167927;+;54.1	234;191117;193831;+;129.7	192;153882;155834;+;21.5	201;161663;162196;+;70.4	192;153882;155834;+;36.9	A	9/9	contiguous	37235	0	1	
NZ_CP120537.1	-	-	78	0	0	GA	0															not_admitted	not_admitted	not_admitted	not_admitted	not_admitted	not_admitted	not_admitted	not_admitted	not_admitted	not_admitted	1	35;28397;29392;+;360.9	43;34662;36038;+;329.7	38;31914;32702;+;201.1	32;24646;27357;+;238.1	44;36051;38942;+;317.8	26;21318;22679;+;90.9	32;24646;27357;+;123.1	24;20005;20574;+;124.2	36;29408;30028;+;68.9	37;30025;31917;+;233.9	48;40292;42514;+;366.7	31;24081;24644;+;52.1	48;40292;42514;+;68.2	A	9/9	contiguous	20287	1	1	38994..39491+;165;unnamed;0
NZ_CP120542.1	MPF_T	-	364	0	0	GA	0															not_admitted	not_admitted	not_admitted	not_admitted	not_admitted	not_admitted	not_admitted	not_admitted	not_admitted	not_admitted	1	239;207077;208162;+;271.5	262;225241;226677;+;236.1	261;224158;225219;+;197.7	235;202524;205013;+;239.7	263;226692;229850;+;250.9	232;199425;200813;+;104.8	235;202524;205013;+;122.7	230;197564;198154;+;84.8	238;205821;207080;+;51.9	265;230272;232986;+;129.7	224;193035;194987;+;21.5	233;200816;201349;+;70.4	224;193035;194987;+;37.4	A	9/9	contiguous	37237	0	1	
NZ_CP120543.1	-	-	78	0	0	GA	0															not_admitted	not_admitted	not_admitted	not_admitted	not_admitted	not_admitted	not_admitted	not_admitted	not_admitted	not_admitted	1	35;28397;29392;+;360.9	41;33991;35367;+;330.7	38;31860;32648;+;200.5	32;24646;27357;+;233.3	42;35380;38271;+;318.9	26;21318;22679;+;90.9	32;24646;27357;+;124.0	24;20005;20574;+;124.2	36;29408;30025;+;69.9	37;30025;31863;+;234.1	46;39621;41843;+;367.8	31;24081;24644;+;52.1	46;39621;41843;+;67.7	A	9/9	contiguous	19616	1	1	38323..38820+;165;unnamed;0
NZ_CP120546.1	MPF_T	-	320	0	0	GA	0															not_admitted	not_admitted	not_admitted	not_admitted	not_admitted	not_admitted	not_admitted	not_admitted	not_admitted	not_admitted	1	204;168408;169493;+;271.5	227;186572;188008;+;236.1	226;185489;186550;+;197.7	200;163855;166344;+;239.7	228;188023;191181;+;250.9	197;160756;162144;+;104.8	200;163855;166344;+;122.7	195;158895;159485;+;84.8	203;167152;168411;+;54.1	230;191603;194317;+;129.5	189;154366;156318;+;21.5	198;162147;162680;+;70.4	189;154366;156318;+;36.9	A	9/9	contiguous	37237	0	1	
NZ_CP120550.1	MPF_F	IncFIA;IncFIB(AP001918)	159	0	0	GA	0															not_admitted	not_admitted	not_admitted	not_admitted	not_admitted	not_admitted	not_admitted	not_admitted	not_admitted	not_admitted	1	93;97958;98917;-;335.6	82;90907;92280;-;380.9	89;94454;95197;-;235.0	96;99926;102553;-;304.1	81;88085;90910;-;387.0	102;104608;106035;-;94.3	96;99926;102553;-;98.7	104;106750;107316;-;183.8	92;97279;97917;-;68.4	91;95474;97282;-;267.2	78;84429;86582;-;391.9	98;103069;103584;-;78.4	78;84429;86582;-;70.4	A	9/9	contiguous	22321	1	1	87579..88088-;169;unnamed;0
NZ_CP120551.1	MPF_F	IncFII(pRSB107)	87	0	0	GA	0															not_admitted	not_admitted	not_admitted	not_admitted	not_admitted	not_admitted	not_admitted	not_admitted	not_admitted	not_admitted	1	61;49190;50182;+;369.5	71;55901;57274;+;381.7	65;52953;53696;+;233.1	58;45551;48181;+;304.1	72;57271;60117;+;379.8	50;40860;42287;+;93.9	58;45551;48181;+;98.7	48;39579;40145;+;174.3	62;50191;50829;+;69.6	63;50826;52676;+;272.0	76;62359;64470;+;391.9	54;43415;43930;+;80.5	76;62359;64470;+;70.4	A	9/9	contiguous	22780	1	1	60114..60623+;169;unnamed;0
NZ_CP120558.1	MPF_F	IncFIB(AP001918);IncFII	146	0	0	GA	0															not_admitted	not_admitted	not_admitted	not_admitted	not_admitted	not_admitted	not_admitted	not_admitted	not_admitted	not_admitted	1	93;86274;87266;-;369.3	84;79839;81212;-;379.5	89;82802;83545;-;233.3	96;88275;90905;-;306.8	83;77020;79842;-;389.2	103;93943;95370;-;94.1	96;88275;90905;-;98.5	105;96085;96651;-;183.8	92;85627;86265;-;64.0	91;83822;85630;-;268.0	80;73216;75486;-;391.6	100;92544;93059;-;76.4	80;73216;75486;-;70.3	A	9/9	contiguous	22869	1	1	76502..76999-;165;TraS;0
NZ_CP120564.1	MPF_F	IncFIB(AP001918);IncFIC(FII)	143	0	0	GA	0															not_admitted	not_admitted	not_admitted	not_admitted	not_admitted	not_admitted	not_admitted	not_admitted	not_admitted	not_admitted	1	87;81350;82342;-;369.3	78;74232;75650;-;379.6	83;77878;78621;-;233.3	90;83351;85978;-;306.8	77;71416;74235;-;387.2	98;88033;89460;-;94.1	90;83351;85978;-;100.3	100;90175;90741;-;182.3	86;80703;81341;-;68.7	85;78898;80706;-;266.3	74;67725;69878;-;392.7	93;86494;87009;-;75.8	74;67725;69878;-;68.4	A	9/9	contiguous	22450	0	1	
NZ_CP120569.1	MPF_F	IncFIB(AP001918);IncFIC(FII)	130	0	0	GA	0															not_admitted	not_admitted	not_admitted	not_admitted	not_admitted	not_admitted	not_admitted	not_admitted	not_admitted	not_admitted	1	78;86582;87574;-;367.4	67;79523;80899;-;378.0	74;83110;83853;-;233.4	81;88583;91210;-;305.4	66;76704;79526;-;389.5	88;93265;94692;-;94.3	81;88583;91210;-;98.5	90;95407;95973;-;183.8	77;85935;86573;-;68.4	76;84130;85938;-;268.4	63;72941;75175;-;391.7	84;91726;92241;-;78.4	63;72941;75175;-;70.3	A	9/9	contiguous	22466	1	1	76191..76682-;163;TraS;0
NZ_CP120634.1	MPF_F	Col156;IncFIB(AP001918);IncFII(29)	132	0	0	GA	0															not_admitted	not_admitted	not_admitted	not_admitted	not_admitted	not_admitted	not_admitted	not_admitted	not_admitted	not_admitted	1	75;70491;71483;-;369.5	63;63064;64437;-;381.7	70;66642;67385;-;233.1	78;72492;75122;-;304.0	62;60245;63067;-;388.5	85;78253;79680;-;93.9	78;72492;75122;-;99.3	87;80395;80961;-;183.1	73;69509;70147;-;68.6	72;67662;69512;-;271.9	58;55829;57973;-;391.3	82;76609;77124;-;73.9	58;55829;57973;-;70.4	A	9/9	contiguous	24566	1	1	59744..60223-;159;TraS;0
NZ_CP120639.1	-	-	1234	0	0	GA	1	500;436823;437905;+;78.0	497;433767;434105;+;74.9	498;434195;434407;+;48.1	499;434413;436647;+;113.2	499;434413;436647;+;102.9	501;437916;438617;+;42.1	502;438827;439852;+;146.6		503;439887;440579;+;171.7	504;440579;441391;+;196.5	505;441391;442596;+;171.2		508;443631;444746;+;151.3		pfam	pfam_only	B	6/7	canonical	1	0	unscoreable	2	0	0														not_admitted	not_admitted	not_admitted	not_admitted	not_admitted	not_admitted	not_admitted
NZ_CP120640.1	MPF_T	-	270	0	0	GA	1		129;121016;121711;+;72.8	129;121016;121711;+;58.0	131;122189;124576;+;184.5	130;121722;122093;+;113.9	131;122189;124576;+;21.6	134;125186;125851;+;75.5		137;126391;127053;+;117.5	138;127070;128236;+;186.2	139;128408;129730;+;226.7	128;120055;121026;+;131.8	260;257424;259394;+;548.4		conjscan	conjscan_only	A	7/7	canonical	1	0	unscoreable	4	0	0														not_admitted	not_admitted	not_admitted	not_admitted	not_admitted	not_admitted	not_admitted
NZ_CP120672.1	MPF_T	IncFII(29);IncFII(p96A)	56	0	0	GA	1	11;10846;11328;-;89.1	37;36050;36403;-;32.6	36;35679;36050;-;35.8	35;33230;35722;-;62.7		33;31004;31681;-;51.4	31;29571;30515;-;115.7		30;28564;29415;-;100.4	29;27752;28567;-;160.4	28;26415;27755;-;132.8	18;16384;17946;-;195.5	24;23021;24640;-;236.8		pfam	pfam_only	A	7/7	canonical	1	0	unscoreable	14	0	0														not_admitted	not_admitted	not_admitted	not_admitted	not_admitted	not_admitted	not_admitted
NZ_CP120721.1	-	-	328	0	0	GA	0															not_admitted	not_admitted	not_admitted	not_admitted	not_admitted	not_admitted	not_admitted	not_admitted	not_admitted	not_admitted	1	216;215076;216089;+;352.2	220;219092;220474;+;271.7	219;218380;219105;+;137.9	213;211509;214100;+;209.6	221;220471;223140;+;237.0	211;209764;211152;+;78.7	213;211509;214100;+;82.8	209;208492;209058;+;85.3	217;216100;216681;+;76.6	218;216671;218377;+;214.1	222;223124;224938;+;363.3		222;223124;224938;+;76.1	B	8/9	contiguous	14632	1	1	223124..224938+;604;unnamed;0
NZ_CP120848.1	MPF_F	IncFII(pBK30683);repB(R1701)	162	0	0	GA	0															not_admitted	not_admitted	not_admitted	not_admitted	not_admitted	not_admitted	not_admitted	not_admitted	not_admitted	not_admitted	1	15;15387;16376;-;366.0	5;8473;9840;-;384.1	9;11098;11850;-;233.7	19;17833;20472;-;258.5	4;5651;8473;-;346.4	28;24378;25802;-;89.5	19;17833;20472;-;88.7	30;26529;27095;-;167.0	14;14736;15374;-;67.0	13;12722;14677;-;259.7	0;726;3035;-;393.1	26;23182;23766;-;53.8	0;726;3035;-;66.6	A	9/9	contiguous	25803	1	1	5026..5628-;200;TraS;0
NZ_CP120950.1	-	-	133	0	0	GA	1	14;7383;7874;-;76.5			69;46021;48570;+;78.2	69;46021;48570;+;54.8	70;48576;49271;+;108.3	72;49628;50620;+;98.2		74;50807;51625;+;77.7	75;51622;52536;+;116.9	76;52536;53819;+;136.3	19;12755;14701;+;115.9	62;38321;39955;+;47.2		pfam	both	A	7/7	canonical	1	0	unscoreable	11	0	0														not_admitted	not_admitted	not_admitted	not_admitted	not_admitted	not_admitted	not_admitted
NZ_CP120951.1	-	-	88	0	0	GA	1	43;42051;42605;-;76.3		25;26101;26550;-;33.2	24;23637;26048;-;94.4	24;23637;26048;-;48.5	22;22500;23171;-;127.5	21;21532;22470;-;135.7		18;20093;21001;-;123.4	17;19224;20093;-;156.2	16;17933;19231;-;169.1	37;35447;37138;-;121.3	10;12280;14499;-;311.7		pfam	both	A	7/7	canonical	1	0	unscoreable	21	0	0														not_admitted	not_admitted	not_admitted	not_admitted	not_admitted	not_admitted	not_admitted
NZ_CP120952.1	MPF_T	IncP1	55	0	0	GA	1	40;36652;37287;-;23.5	51;47140;47604;-;63.5	50;46825;47136;-;49.8	49;44270;46828;-;91.0	49;44270;46828;-;112.1	44;39872;40636;-;122.3	42;37906;39624;-;143.0		48;43491;44273;-;145.8	47;42574;43473;-;186.5	45;40657;42078;-;223.3	52;47621;48583;-;127.6	21;16348;18261;+;525.1		conjscan	conjscan_only	A	7/7	canonical	1	0	unscoreable	4	0	0														not_admitted	not_admitted	not_admitted	not_admitted	not_admitted	not_admitted	not_admitted
NZ_CP120957.1	MPF_T	IncP1	57	0	0	GA	1	12;11309;11944;+;23.5	1;980;1444;+;63.5	2;1448;1759;+;49.8	3;1756;4314;+;91.0	3;1756;4314;+;112.1	8;7948;8712;+;122.3	10;8960;10690;+;143.0		4;4311;5093;+;145.8	5;5111;6010;+;186.5	7;6506;7927;+;220.1	0;1;963;+;127.6	29;28169;30082;-;525.7		conjscan	conjscan_only	A	7/7	canonical	1	0	unscoreable	4	0	0														not_admitted	not_admitted	not_admitted	not_admitted	not_admitted	not_admitted	not_admitted
NZ_CP120971.1	MPF_T	-	395	0	0	GA	0															not_admitted	not_admitted	not_admitted	not_admitted	not_admitted	not_admitted	not_admitted	not_admitted	not_admitted	not_admitted	1	263;215173;216258;+;273.2	287;235772;237256;+;242.5	286;234739;235797;+;195.1	259;210581;213070;+;241.0	288;237271;240429;+;264.6	256;207475;208863;+;104.8	259;210581;213070;+;122.1	254;205610;206200;+;81.3	262;213878;215176;+;55.8	290;240941;243577;+;133.8	248;201081;203030;+;21.4	257;208866;209399;+;71.7	248;201081;203030;+;36.8	A	9/9	contiguous	39860	0	1	
NZ_CP120975.1	MPF_T	-	395	0	0	GA	0															not_admitted	not_admitted	not_admitted	not_admitted	not_admitted	not_admitted	not_admitted	not_admitted	not_admitted	not_admitted	1	263;215165;216250;+;273.2	287;235764;237248;+;242.5	286;234731;235789;+;195.1	259;210573;213062;+;241.0	288;237263;240421;+;264.6	256;207467;208855;+;104.8	259;210573;213062;+;122.1	254;205602;206192;+;81.3	262;213870;215168;+;55.8	290;240933;243569;+;133.8	248;201073;203022;+;21.4	257;208858;209391;+;71.7	248;201073;203022;+;36.8	A	9/9	contiguous	39860	0	1	
NZ_CP120979.1	MPF_T	-	395	0	0	GA	0															not_admitted	not_admitted	not_admitted	not_admitted	not_admitted	not_admitted	not_admitted	not_admitted	not_admitted	not_admitted	1	263;215173;216258;+;273.2	287;235772;237256;+;242.5	286;234739;235797;+;195.1	259;210581;213070;+;241.0	288;237271;240429;+;264.6	256;207475;208863;+;104.8	259;210581;213070;+;122.1	254;205610;206200;+;81.3	262;213878;215176;+;55.8	290;240941;243577;+;133.8	248;201081;203030;+;21.4	257;208866;209399;+;71.7	248;201081;203030;+;36.8	A	9/9	contiguous	39860	0	1	
NZ_CP121088.1	MPF_F	IncFIA;IncFIB(AP001918);IncFIC(FII)	169	0	0	GA	0															not_admitted	not_admitted	not_admitted	not_admitted	not_admitted	not_admitted	not_admitted	not_admitted	not_admitted	not_admitted	1	94;102342;103334;-;369.3	83;95283;96656;-;378.0	90;98870;99613;-;234.5	97;104343;106970;-;305.4	82;92464;95286;-;389.5	103;109025;110452;-;94.3	97;104343;106970;-;98.5	105;111167;111733;-;182.9	93;101695;102333;-;68.4	92;99890;101698;-;268.4	79;88782;90935;-;391.9	99;107486;108001;-;78.4	79;88782;90935;-;70.4	A	9/9	contiguous	22385	1	1	91951..92442-;163;TraS;0
NZ_CP121117.1	-	-	175	0	0	GA	1	26;25465;26634;-;85.3	30;29444;29752;-;80.7	29;29153;29431;-;70.1	28;26791;29163;-;84.6	28;26791;29163;-;39.9	25;24606;25463;-;51.9	19;19333;20340;-;103.7		24;23932;24609;-;132.8	23;23187;23921;-;150.8	22;21841;23187;-;178.5	21;20816;21841;-;99.3	9;10349;12457;+;288.9		pfam	pfam_only	A	7/7	canonical	1	0	unscoreable	11	0	0														not_admitted	not_admitted	not_admitted	not_admitted	not_admitted	not_admitted	not_admitted
NZ_CP121128.1	MPF_F	IncFIB(K);IncFII(K)	251	0	0	GA	0															not_admitted	not_admitted	not_admitted	not_admitted	not_admitted	not_admitted	not_admitted	not_admitted	not_admitted	not_admitted	1	102;103951;104940;-;363.3	91;96765;98132;-;382.2	95;99390;100142;-;236.4	106;106397;109036;-;259.0	90;93922;96765;-;342.9	117;113003;114427;-;88.8	106;106397;109036;-;87.6	119;115154;115720;-;167.9	100;103028;103675;-;65.9	99;101014;102969;-;259.5	86;89025;91337;-;392.8	114;111807;112391;-;53.8	86;89025;91337;-;65.9	A	9/9	contiguous	26129	1	1	93387..93911-;174;unnamed;0
NZ_CP121130.1	MPF_F	IncFIB(K);IncFII(K)	251	0	0	GA	0															not_admitted	not_admitted	not_admitted	not_admitted	not_admitted	not_admitted	not_admitted	not_admitted	not_admitted	not_admitted	1	210;204862;205851;+;363.3	221;211670;213037;+;382.2	217;209660;210412;+;236.4	206;200766;203405;+;259.0	222;213037;215880;+;342.9	195;195375;196799;+;88.8	206;200766;203405;+;87.6	193;194082;194648;+;167.9	212;206127;206774;+;65.9	213;206833;208788;+;259.5	226;218465;220777;+;392.8	198;197411;197995;+;53.8	226;218465;220777;+;65.9	A	9/9	contiguous	24383	1	1	215891..216415+;174;unnamed;0
NZ_CP121132.1	MPF_F	IncFIB(K);IncFII(K)	250	0	0	GA	0															not_admitted	not_admitted	not_admitted	not_admitted	not_admitted	not_admitted	not_admitted	not_admitted	not_admitted	not_admitted	1	185;181118;182107;+;363.3	196;187926;189293;+;382.2	192;185916;186668;+;236.4	181;177022;179661;+;259.0	197;189293;192136;+;342.9	170;171631;173055;+;88.8	181;177022;179661;+;87.6	168;170338;170904;+;167.9	187;182383;183030;+;65.9	188;183089;185044;+;259.5	201;194721;197033;+;392.8	173;173667;174251;+;53.8	201;194721;197033;+;65.9	A	9/9	contiguous	24383	1	1	192147..192671+;174;unnamed;0
NZ_CP121134.1	MPF_F	IncFIB(K);IncFII(K)	251	0	0	GA	0															not_admitted	not_admitted	not_admitted	not_admitted	not_admitted	not_admitted	not_admitted	not_admitted	not_admitted	not_admitted	1	118;104624;105613;+;363.3	129;111432;112799;+;382.2	125;109422;110174;+;236.4	114;100528;103167;+;259.0	130;112799;115642;+;342.9	103;95137;96561;+;88.8	114;100528;103167;+;87.6	101;93844;94410;+;167.9	120;105889;106536;+;65.9	121;106595;108550;+;259.5	134;118227;120539;+;392.8	106;97173;97757;+;53.8	134;118227;120539;+;65.9	A	9/9	contiguous	24383	1	1	115653..116177+;174;unnamed;0
NZ_CP121136.1	MPF_F	IncFIB(K);IncFII(K)	251	0	0	GA	0															not_admitted	not_admitted	not_admitted	not_admitted	not_admitted	not_admitted	not_admitted	not_admitted	not_admitted	not_admitted	1	65;67131;68120;-;363.3	54;59945;61312;-;382.2	58;62570;63322;-;236.4	69;69577;72216;-;259.0	53;57102;59945;-;342.9	80;76183;77607;-;88.8	69;69577;72216;-;87.6	82;78334;78900;-;167.9	63;66208;66855;-;65.9	62;64194;66149;-;259.5	49;52205;54517;-;392.8	77;74987;75571;-;53.8	49;52205;54517;-;65.9	A	9/9	contiguous	26129	1	1	56567..57091-;174;unnamed;0
NZ_CP121138.1	MPF_F	IncFIB(K);IncFII(K)	251	0	0	GA	0															not_admitted	not_admitted	not_admitted	not_admitted	not_admitted	not_admitted	not_admitted	not_admitted	not_admitted	not_admitted	1	35;35397;36386;-;363.3	24;28211;29578;-;382.2	28;30836;31588;-;236.4	39;37843;40482;-;259.0	23;25368;28211;-;342.9	50;44449;45873;-;88.8	39;37843;40482;-;87.6	52;46600;47166;-;167.9	33;34474;35121;-;65.9	32;32460;34415;-;259.5	19;20471;22783;-;392.8	47;43253;43837;-;53.8	19;20471;22783;-;65.9	A	9/9	contiguous	26129	1	1	24833..25357-;174;unnamed;0
NZ_CP121140.1	MPF_F	IncFIB(K);IncFII(K)	205	0	0	GA	0															not_admitted	not_admitted	not_admitted	not_admitted	not_admitted	not_admitted	not_admitted	not_admitted	not_admitted	not_admitted	1	203;191297;192286;+;363.3	9;5710;7077;+;382.2	5;3700;4452;+;236.4	199;187201;189840;+;259.0	10;7077;9920;+;342.9	188;181810;183234;+;88.8	199;187201;189840;+;87.6	186;180517;181083;+;167.9	0;167;814;+;65.9	1;873;2828;+;259.5	14;12505;14817;+;392.8	191;183846;184430;+;53.8	14;12505;14817;+;65.9	A	9/9	split_2	191130	1	1	9931..10455+;174;unnamed;0
NZ_CP121142.1	MPF_F	IncFIB(K);IncFII(K)	251	0	0	GA	0															not_admitted	not_admitted	not_admitted	not_admitted	not_admitted	not_admitted	not_admitted	not_admitted	not_admitted	not_admitted	1	34;35418;36407;-;363.3	23;28232;29599;-;382.2	27;30857;31609;-;236.4	38;37864;40503;-;259.0	22;25389;28232;-;342.9	49;44470;45894;-;88.8	38;37864;40503;-;87.6	51;46621;47187;-;167.9	32;34495;35142;-;65.9	31;32481;34436;-;259.5	18;20492;22804;-;392.8	46;43274;43858;-;53.8	18;20492;22804;-;65.9	A	9/9	contiguous	26129	1	1	24854..25378-;174;unnamed;0
NZ_CP121144.1	MPF_F	IncFIB(K);IncFII(K)	251	0	0	GA	0															not_admitted	not_admitted	not_admitted	not_admitted	not_admitted	not_admitted	not_admitted	not_admitted	not_admitted	not_admitted	1	52;54850;55839;-;363.3	41;47664;49031;-;382.2	45;50289;51041;-;236.4	56;57296;59935;-;259.0	40;44821;47664;-;342.9	67;63902;65326;-;88.8	56;57296;59935;-;87.6	69;66053;66619;-;167.9	50;53927;54574;-;65.9	49;51913;53868;-;259.5	36;39924;42236;-;392.8	64;62706;63290;-;53.8	36;39924;42236;-;65.9	A	9/9	contiguous	26129	1	1	44286..44810-;174;unnamed;0
NZ_CP121146.1	MPF_F	IncFIB(K);IncFII(K)	251	0	0	GA	0															not_admitted	not_admitted	not_admitted	not_admitted	not_admitted	not_admitted	not_admitted	not_admitted	not_admitted	not_admitted	1	145;153014;154003;-;363.3	134;145828;147195;-;382.2	138;148453;149205;-;236.4	149;155460;158099;-;259.0	133;142985;145828;-;342.9	160;162066;163490;-;88.8	149;155460;158099;-;87.6	162;164217;164783;-;167.9	143;152091;152738;-;65.9	142;150077;152032;-;259.5	129;138088;140400;-;392.8	157;160870;161454;-;53.8	129;138088;140400;-;65.9	A	9/9	contiguous	26129	1	1	142450..142974-;174;unnamed;0
NZ_CP121148.1	MPF_F	IncFIB(AP001918);IncFII	147	0	0	GA	0															not_admitted	not_admitted	not_admitted	not_admitted	not_admitted	not_admitted	not_admitted	not_admitted	not_admitted	not_admitted	1	17;16127;17119;-;369.3			20;18128;20755;-;304.6		26;22907;24334;-;94.3	20;18128;20755;-;99.2	28;25049;25615;-;183.8	14;14492;15130;-;68.6		20;18128;20755;-;22.1	22;21271;21786;-;78.4		D	5/9	contiguous	10557	0	0	
NZ_CP121150.1	MPF_F	IncHI2;IncHI2A	244	0	0	GA	0															not_admitted	not_admitted	not_admitted	not_admitted	not_admitted	not_admitted	not_admitted	not_admitted	not_admitted	not_admitted	1	144;133589;134647;-;276.9	9;11362;12777;+;194.1	8;10326;11372;+;174.3	160;154219;156900;-;168.0	10;12786;16739;+;101.7	164;159230;160585;-;80.7	160;154219;156900;-;72.2	167;162309;163097;-;74.8	146;134789;136300;-;62.0	143;130382;133570;-;57.3	1;1200;3284;-;56.8	161;156909;157859;-;46.1	1;1200;3284;-;38.8	A	9/9	split_2	161109	0	1	
NZ_CP121152.1	MPF_F	IncFIB(AP001918);IncFII;IncX1	173	1	1	GA	1	32;27811;28320;-;77.3	92;67296;67586;+;73.5	93;67610;70369;+;44.8	93;67610;70369;+;133.3	93;67610;70369;+;71.9	94;70371;71108;+;57.5	96;71390;72445;+;131.7		97;72635;73357;+;118.6	98;73363;74292;+;132.4	99;74289;75503;+;128.6	100;75521;76558;+;66.4	101;76563;78398;+;543.4	121;91897;92526;+;213.0	pfam	pfam_only	A	7/7	canonical	1	1	unscoreable	20	0	1	54;42364;43164;+;317.0	130;95761;97134;+;374.3	123;92803;93546;+;234.1	47;35996;38623;+;305.4	131;97131;99947;+;387.9	99;74289;75503;+;128.6	47;35996;38623;+;99.1	38;31233;31799;+;183.8	55;43173;43811;+;67.3	121;91897;92526;+;213.0	134;101510;103663;+;391.1	44;34965;35480;+;77.3	101;76563;78398;+;90.1	A	9/9	split_2	70277	1	1	99980..100501+;173;unnamed;0
NZ_CP121154.1	MPF_F	IncFIB(AP001918);IncFII	147	0	0	GA	0															not_admitted	not_admitted	not_admitted	not_admitted	not_admitted	not_admitted	not_admitted	not_admitted	not_admitted	not_admitted	1	95;84973;85965;-;369.3			98;86974;89601;-;304.6		104;91753;93180;-;94.3	98;86974;89601;-;99.2	106;93895;94461;-;183.8	92;83338;83976;-;68.6		98;86974;89601;-;22.1	100;90117;90632;-;78.4		D	5/9	contiguous	10557	0	0	
NZ_CP121156.1	MPF_F	IncFIB(AP001918);IncFII	147	0	0	GA	0															not_admitted	not_admitted	not_admitted	not_admitted	not_admitted	not_admitted	not_admitted	not_admitted	not_admitted	not_admitted	1	115;94298;95290;+;369.3			112;90662;93289;+;304.6		106;87083;88510;+;94.3	112;90662;93289;+;99.2	104;85802;86368;+;183.8	118;96287;96925;+;68.6		112;90662;93289;+;22.1	110;89631;90146;+;78.4		D	5/9	contiguous	10485	0	0	
NZ_CP121158.1	MPF_F	IncFIA;IncFIB(AP001918);IncFII;IncQ1	181	0	0	GA	0															not_admitted	not_admitted	not_admitted	not_admitted	not_admitted	not_admitted	not_admitted	not_admitted	not_admitted	not_admitted	1	120;102023;103015;+;369.5	130;108794;109939;+;336.3	125;106121;106864;+;234.4	117;98384;101014;+;304.1	155;134259;137081;-;374.0	26;22428;23879;-;94.2	117;98384;101014;+;97.1	28;24594;25160;-;174.3	122;103359;103997;+;68.6	123;103994;105844;+;266.1	151;129753;131987;-;391.1	112;95842;96357;+;78.4	151;129753;131987;-;70.3	A	9/9	split_3	111831	1	1	133758..134237-;159;TraS;0
NZ_CP121200.1	MPF_F	IncFIB(AP001918);IncFII	147	0	0	GA	0															not_admitted	not_admitted	not_admitted	not_admitted	not_admitted	not_admitted	not_admitted	not_admitted	not_admitted	not_admitted	1	62;48685;49677;+;369.3			59;45049;47676;+;304.6		53;41470;42897;+;94.3	59;45049;47676;+;99.2	51;40189;40755;+;183.8	65;50674;51312;+;68.6		59;45049;47676;+;22.1	57;44018;44533;+;78.4		D	5/9	contiguous	10485	0	0	
NZ_CP121221.1	MPF_F	IncFIB(AP001918);IncFII	111	0	0	GA	0															not_admitted	not_admitted	not_admitted	not_admitted	not_admitted	not_admitted	not_admitted	not_admitted	not_admitted	not_admitted	1	88;72655;73647;+;369.5	103;81115;82488;+;381.7	96;78167;78910;+;234.4	85;69122;71647;+;297.9	104;82485;85304;+;373.5	77;64299;65750;+;93.8	85;69122;71647;+;99.0	75;63018;63584;+;174.3	91;74590;75228;+;70.8	94;76040;77890;+;270.8	108;87574;89790;+;391.7	80;66610;67125;+;82.8	108;87574;89790;+;70.3	A	9/9	contiguous	24556	1	1	85329..85820+;163;TraS;0
NZ_CP121258.1	MPF_T	rep38	65	0	0	GA	1				2;1003;3021;+;24.5									8;7043;8572;+;464.9		none	none	D	2/7	uncallable	0	0	unscoreable	5	0	0														not_admitted	not_admitted	not_admitted	not_admitted	not_admitted	not_admitted	not_admitted
NZ_CP121309.1	MPF_T	-	1564	0	0	GA	1	401;461772;463226;+;58.9	960;1069659;1069958;-;87.1	959;1069313;1069654;-;105.9	958;1066954;1069338;-;162.1	958;1066954;1069338;-;109.9	957;1066256;1066954;-;201.0	955;1065089;1066024;-;162.4		953;1064101;1064772;-;207.8	952;1063247;1064101;-;175.2	951;1062065;1063237;-;183.2	950;1061062;1062054;-;99.2	1005;1109184;1111097;+;331.0		pfam	both	A	7/7	canonical	1	0	unscoreable	2	0	0														not_admitted	not_admitted	not_admitted	not_admitted	not_admitted	not_admitted	not_admitted
NZ_CP121359.1	MPF_F	IncFII(pSE11)	105	0	0	GA	0															not_admitted	not_admitted	not_admitted	not_admitted	not_admitted	not_admitted	not_admitted	not_admitted	not_admitted	not_admitted	1	101;78792;79931;+;349.6			99;77176;77649;+;74.4		93;73837;75264;+;94.3	100;77649;78674;+;101.9	91;72556;73122;+;183.8			100;77649;78674;+;27.8	96;76145;76660;+;77.4		D	4/9	contiguous	6236	0	0	
NZ_CP121360.1	MPF_F	IncFIB(AP001918);IncFIC(FII)	103	0	0	GA	0															not_admitted	not_admitted	not_admitted	not_admitted	not_admitted	not_admitted	not_admitted	not_admitted	not_admitted	not_admitted	1	58;58026;59018;-;369.5	45;49959;51332;-;381.0	51;53276;54019;-;233.0	61;60026;62653;-;305.1	44;47143;49962;-;389.2	66;64702;66150;-;94.2	61;60026;62653;-;100.2	68;66865;67431;-;180.7	54;56101;56739;-;67.5	53;54296;56104;-;268.3	41;43402;45600;-;391.7	62;63169;63684;-;78.8	41;43402;45600;-;70.3	A	9/9	contiguous	23463	0	1	
NZ_CP121362.1	MPF_F	IncFII(pCoo)	81	0	0	GA	0															not_admitted	not_admitted	not_admitted	not_admitted	not_admitted	not_admitted	not_admitted	not_admitted	not_admitted	not_admitted	1	64;55520;56506;+;355.4	70;60739;62100;+;343.5	68;59328;60107;+;195.3	61;51836;54427;+;216.0	71;62102;64984;+;288.8	58;49420;50784;+;83.3	61;51836;54427;+;88.0	56;48140;48703;+;137.4	66;56882;57496;+;82.6	67;57493;59331;+;260.1	74;66615;68864;+;372.3	60;51226;51825;+;53.1	74;66615;68864;+;62.8	A	9/9	contiguous	18475	1	1	64994..65569+;191;unnamed;0
NZ_CP121363.1	MPF_T	IncX1;IncX3	77	0	0	GA	1	63;50493;51140;-;45.6	62;50219;50515;-;76.6	61;47447;50200;-;46.6	61;47447;50200;-;147.9	61;47447;50200;-;75.3	60;46678;47436;-;67.5	58;45307;46440;-;109.2		57;44349;45062;-;120.0	56;43415;44344;-;133.7	55;42213;43418;-;132.5	54;41180;42211;-;76.3	53;39342;41177;-;486.4		pfam	pfam_only	A	7/7	canonical	1	1	unscoreable	1	0	0														not_admitted	not_admitted	not_admitted	not_admitted	not_admitted	not_admitted	not_admitted
NZ_CP121561.1	MPF_F	-	96	0	0	GA	0															not_admitted	not_admitted	not_admitted	not_admitted	not_admitted	not_admitted	not_admitted	not_admitted	not_admitted	not_admitted	1	4;4038;5081;-;369.2	95;67448;68803;-;326.0	1;457;1269;-;219.1	8;6643;9369;-;164.6	94;64430;67432;-;208.7	12;11051;12367;-;102.7	8;6643;9369;-;108.4	14;13080;13658;-;83.7	3;3316;4023;-;107.6	2;1262;3319;-;91.0	35;26164;28323;-;381.3	9;9379;10023;-;41.9	35;26164;28323;-;90.0	A	9/9	split_2	66991	1	1	63840..64358-;172;unnamed;0
NZ_CP121564.1	MPF_F	-	98	0	0	GA	0															not_admitted	not_admitted	not_admitted	not_admitted	not_admitted	not_admitted	not_admitted	not_admitted	not_admitted	not_admitted	1	8;9857;10900;-;369.2	3;4447;5874;-;325.8	5;6276;7088;-;219.1	12;12462;15188;-;164.6	2;1429;4431;-;208.7	16;16870;18186;-;102.7	12;12462;15188;-;108.4	18;18899;19477;-;83.7	7;9135;9842;-;107.6	6;7081;9138;-;91.0	41;33261;35420;-;381.3	13;15198;15842;-;41.9	41;33261;35420;-;90.0	A	9/9	contiguous	31832	1	1	839..1357-;172;unnamed;0
NZ_CP121568.1	MPF_F	-	94	0	0	GA	0															not_admitted	not_admitted	not_admitted	not_admitted	not_admitted	not_admitted	not_admitted	not_admitted	not_admitted	not_admitted	1	29;21469;22512;+;369.2	34;26495;27922;+;325.8	32;25281;26093;+;219.1	25;17181;19907;+;164.6	35;27938;30940;+;208.7	21;14183;15499;+;102.7	25;17181;19907;+;108.4	19;12892;13470;+;83.7	30;22527;23234;+;107.6	31;23231;25288;+;91.0	0;195;1154;+;145.8	24;16527;17171;+;41.9	0;195;1154;+;91.9	A	9/9	contiguous	27743	1	1	31012..31530+;172;unnamed;0
NZ_CP121589.1	MPF_F	-	95	0	0	GA	0															not_admitted	not_admitted	not_admitted	not_admitted	not_admitted	not_admitted	not_admitted	not_admitted	not_admitted	not_admitted	1	63;43548;44591;-;369.2	58;38138;39565;-;325.8	60;39967;40779;-;219.1	67;46153;48879;-;164.6	57;35120;38122;-;208.7	71;50561;51877;-;102.7	67;46153;48879;-;108.4	73;52590;53168;-;83.7	62;42826;43533;-;107.6	61;40772;42829;-;91.0	93;64968;67127;-;381.3	68;48889;49533;-;41.9	93;64968;67127;-;90.0	A	9/9	contiguous	29848	1	1	34530..35048-;172;unnamed;0
NZ_CP121596.1	MPF_F	-	98	0	0	GA	0															not_admitted	not_admitted	not_admitted	not_admitted	not_admitted	not_admitted	not_admitted	not_admitted	not_admitted	not_admitted	1	36;27918;28961;-;369.2	31;22508;23935;-;325.8	33;24337;25149;-;219.1	40;30523;33249;-;164.6	30;19490;22492;-;208.7	44;34931;36247;-;102.7	40;30523;33249;-;108.4	46;36960;37538;-;83.7	35;27196;27903;-;107.6	34;25142;27199;-;91.0	68;51323;53482;-;381.3	41;33259;33903;-;41.9	68;51323;53482;-;90.0	A	9/9	contiguous	31833	1	1	18900..19418-;172;unnamed;0
NZ_CP121599.1	MPF_F	-	101	0	0	GA	0															not_admitted	not_admitted	not_admitted	not_admitted	not_admitted	not_admitted	not_admitted	not_admitted	not_admitted	not_admitted	1	92;64749;65792;-;369.2	87;59339;60766;-;325.8	89;61168;61980;-;219.1	96;67354;70080;-;164.6	86;56321;59323;-;208.7		96;67354;70080;-;108.4	1;1546;2124;-;83.7	91;64027;64734;-;107.6	90;61973;64030;-;91.0	23;15909;18068;-;381.3	97;70090;70734;-;41.9	23;15909;18068;-;90.0	A	9/9	split_2	68544	1	1	55731..56249-;172;unnamed;0
NZ_CP121627.1	MPF_F	-	99	0	0	GA	0															not_admitted	not_admitted	not_admitted	not_admitted	not_admitted	not_admitted	not_admitted	not_admitted	not_admitted	not_admitted	1	1;730;1773;-;369.2	95;65861;67288;-;325.8	97;67690;68502;-;219.1	5;3335;6061;-;164.6	94;62843;65845;-;208.7	9;7743;9059;-;102.7	5;3335;6061;-;108.4	11;9772;10350;-;83.7	0;8;715;-;107.6	98;68495;70504;-;91.1	33;24135;26294;-;381.3	6;6071;6715;-;41.9	33;24135;26294;-;90.0	A	9/9	split_2	68487	1	1	62253..62771-;172;unnamed;0
NZ_CP121636.1	MPF_T	-	1085	0	0	GA	1	361;390269;390889;+;22.2	362;390886;391185;+;90.6	363;391191;391529;+;103.2	364;391522;393888;+;181.8	364;391522;393888;+;107.1	365;393888;394586;+;200.5	367;394811;395731;+;165.4		369;396070;396741;+;209.4	370;396738;397595;+;186.2	371;397605;398780;+;179.8	372;398787;399818;+;101.3	753;774699;776612;-;328.7		pfam	both	A	7/7	canonical	1	0	unscoreable	2	0	0														not_admitted	not_admitted	not_admitted	not_admitted	not_admitted	not_admitted	not_admitted
NZ_CP121639.1	MPF_T	-	630	0	0	GA	1		626;545748;546131;-;74.8	625;545456;545755;-;64.7	624;544126;545445;-;149.2	624;544126;545445;-;125.3							627;546121;547098;-;130.9	620;540892;542826;-;548.0		none	none	D	3/7	uncallable	0	0	unscoreable	3	0	0														not_admitted	not_admitted	not_admitted	not_admitted	not_admitted	not_admitted	not_admitted
NZ_CP121640.1	MPF_T	-	133	0	0	GA	1		131;126671;127063;-;74.1	130;126379;126678;-;63.6	129;123933;126368;-;173.6	129;123933;126368;-;122.3	128;123131;123940;-;58.8	126;121759;122940;-;115.5		125;121075;121737;-;134.1	124;120229;121059;-;185.9	122;118462;119763;-;217.6	132;127053;128018;-;128.2	109;104776;106728;-;554.6		conjscan	conjscan_only	A	7/7	canonical	1	0	unscoreable	3	0	0														not_admitted	not_admitted	not_admitted	not_admitted	not_admitted	not_admitted	not_admitted
NZ_CP121643.1	MPF_T	-	341	0	0	GA	1	43;46505;47212;-;58.2	338;353745;354128;-;73.6	41;45799;46125;-;72.4	40;43430;45799;-;213.2	336;351595;353442;-;120.8		38;41780;42679;-;58.3		37;40883;41596;-;170.8	36;40005;40886;-;156.0	35;38866;40008;-;179.2	339;354118;355095;-;126.3	50;53576;55234;+;484.8		none	none	A	7/7	canonical	0	0	unscoreable	7	0	0														not_admitted	not_admitted	not_admitted	not_admitted	not_admitted	not_admitted	not_admitted
NZ_CP121645.1	MPF_T	-	592	0	0	GA	1		562;417255;417551;-;94.7	561;416917;417255;-;111.9	560;414558;416924;-;173.9	560;414558;416924;-;110.9	559;413839;414561;-;146.6	557;412602;413588;-;163.6		555;411582;412190;-;187.2	554;410704;411585;-;183.8	553;409578;410723;-;174.8	552;408550;409581;-;105.9	551;406638;408584;-;372.9		pfam	both	A	7/7	canonical	1	0	unscoreable	2	0	0														not_admitted	not_admitted	not_admitted	not_admitted	not_admitted	not_admitted	not_admitted
NZ_CP121651.1	MPF_T	-	974	0	0	GA	1	611;544176;545273;-;24.6	952;876715;877011;-;95.3	951;876377;876715;-;111.2	950;874018;876384;-;170.6	950;874018;876384;-;104.6	949;873299;874018;-;153.1	947;872062;873048;-;158.4		946;871042;871713;-;197.0	945;870194;871045;-;180.8	944;869037;870182;-;178.5	943;868009;869040;-;102.0	942;866097;868043;-;362.7		pfam	both	A	7/7	canonical	1	0	unscoreable	1	0	0														not_admitted	not_admitted	not_admitted	not_admitted	not_admitted	not_admitted	not_admitted
NZ_CP121653.1	MPF_T	-	2575	0	0	GA	1	623;679175;680266;-;77.8	626;682979;683317;-;75.9	625;682677;682976;-;69.2	624;680263;682674;-;121.0	624;680263;682674;-;105.3	622;678460;679161;-;49.7	620;677214;678239;-;147.2		619;676493;677185;-;175.6	618;675675;676490;-;194.6	617;674431;675678;-;207.4	616;673443;674471;-;124.3	615;671428;673446;-;323.2		pfam	pfam_only	A	7/7	canonical	1	0	unscoreable	1	0	0														not_admitted	not_admitted	not_admitted	not_admitted	not_admitted	not_admitted	not_admitted
NZ_CP121654.1	MPF_T	-	484	0	0	GA	1		481;537987;538370;-;74.6	480;537695;537994;-;59.6	479;535217;537685;-;173.8	479;535217;537685;-;122.3	478;534454;535257;-;44.0	477;533271;534449;-;112.5		476;532584;533246;-;134.3	475;531756;532568;-;183.8	473;530006;531304;-;215.3	482;538360;539337;-;125.4	466;519973;522168;-;540.2		conjscan	conjscan_only	A	7/7	canonical	1	0	unscoreable	8	0	0														not_admitted	not_admitted	not_admitted	not_admitted	not_admitted	not_admitted	not_admitted
NZ_CP121655.1	MPF_T	-	215	0	0	GA	1	126;120109;120966;-;84.9	125;119788;120096;-;75.0	124;119474;119782;-;66.9	123;117060;119477;-;121.9	123;117060;119477;-;97.6	121;115451;116164;-;29.0	119;114157;115224;-;146.1		118;113409;114140;-;190.8	117;112576;113412;-;185.1	116;111225;112592;-;209.5	115;110213;111259;-;122.4	114;107881;110235;-;292.0		pfam	pfam_only	A	7/7	canonical	1	0	unscoreable	3	0	0														not_admitted	not_admitted	not_admitted	not_admitted	not_admitted	not_admitted	not_admitted
NZ_CP121656.1	MPF_T	-	180	0	0	GA	1	155;162111;162809;+;86.7	87;93810;94121;+;77.3	157;163180;163476;+;67.2	158;163422;165932;+;138.9	158;163422;165932;+;86.6	160;166588;167328;+;46.1	162;167552;168598;+;122.3		163;168619;169350;+;194.6	164;169347;170153;+;190.8	165;170143;171423;+;205.5	166;171371;172465;+;123.6	102;106251;107954;-;457.3		pfam	pfam_only	A	7/7	canonical	1	0	unscoreable	8	0	0														not_admitted	not_admitted	not_admitted	not_admitted	not_admitted	not_admitted	not_admitted
NZ_CP121660.1	MPF_T	-	1916	0	0	GA	1		1364;1505016;1505315;-;89.3	1363;1504670;1505011;-;101.9	1362;1502296;1504677;-;168.8	1362;1502296;1504677;-;109.5	1361;1501598;1502296;-;209.8	1359;1500429;1501364;-;155.3		1357;1499441;1500112;-;212.2	1356;1498590;1499441;-;182.1	1355;1497408;1498580;-;177.4	1555;1696944;1698374;+;219.5	1388;1530814;1532733;+;327.2		pfam	both	A	7/7	canonical	1	0	unscoreable	2	0	0														not_admitted	not_admitted	not_admitted	not_admitted	not_admitted	not_admitted	not_admitted
NZ_CP121661.1	MPF_T	-	516	0	0	GA	1		513;563729;564115;-;70.2	512;563440;563736;-;64.5	511;560973;563429;-;173.4	511;560973;563429;-;122.0	510;560198;561001;-;41.3	509;559014;560204;-;117.0		508;558327;558989;-;131.9	507;557499;558311;-;188.3	505;555746;557047;-;217.4	514;564105;565082;-;128.3	493;542578;544509;-;552.2		conjscan	conjscan_only	A	7/7	canonical	1	0	unscoreable	2	0	0														not_admitted	not_admitted	not_admitted	not_admitted	not_admitted	not_admitted	not_admitted
NZ_CP121664.1	MPF_T	-	541	0	0	GA	1		538;558749;559132;-;74.6	537;558457;558756;-;59.7	536;555991;558447;-;173.8	536;555991;558447;-;122.3	535;555216;556019;-;47.7	534;554033;555211;-;112.5		533;553346;554008;-;132.0	532;552518;553330;-;183.8	530;550768;552066;-;217.9	539;559122;560099;-;125.4	521;540492;542414;-;539.4		conjscan	conjscan_only	A	7/7	canonical	1	0	unscoreable	10	0	0														not_admitted	not_admitted	not_admitted	not_admitted	not_admitted	not_admitted	not_admitted
NZ_CP121779.1	MPF_T	-	48	0	0	GA	1	21;15669;16379;+;101.0	22;16390;16683;+;41.2		23;16695;19406;+;78.0	23;16695;19406;+;57.1	24;19403;20044;+;71.2	11;6749;7834;+;71.0		12;7834;8622;+;74.6	13;8637;9374;+;149.0	14;9376;10755;+;180.8	15;10771;11808;+;92.0	19;13888;15405;+;35.6		pfam	both	A	7/7	rearranged	1	0	unscoreable	3	0	0														not_admitted	not_admitted	not_admitted	not_admitted	not_admitted	not_admitted	not_admitted
NZ_CP121792.1	-	-	298	0	0	GA	0															not_admitted	not_admitted	not_admitted	not_admitted	not_admitted	not_admitted	not_admitted	not_admitted	not_admitted	not_admitted	1	182;138851;139930;+;104.3			180;135332;138673;+;142.3	186;144124;145647;+;59.2		180;135332;138673;+;31.8				49;38771;40918;+;27.4		49;38771;40918;+;50.2	D	3/9	split_2	105353	1	0	145644..145802+;52;unnamed;0
NZ_CP121793.1	MPF_F	-	338	0	0	GA	0															not_admitted	not_admitted	not_admitted	not_admitted	not_admitted	not_admitted	not_admitted	not_admitted	not_admitted	not_admitted	1	67;61849;62856;+;335.4	265;239571;241013;+;315.1	264;238797;239567;+;187.4	61;56650;57651;+;219.6	266;241026;244580;+;369.3	56;47798;49123;+;127.8	62;57774;59093;+;131.2	54;46277;46912;+;85.4	65;60186;61184;+;65.3	68;62866;65640;+;134.0	23;25560;27431;+;46.2	57;49120;49686;+;92.1	23;25560;27431;+;53.0	A	9/9	split_3	215466	0	1	
NZ_CP121830.1	MPF_T	IncU	84	0	0	GA	1		47;34307;34630;+;66.6	2;653;973;+;82.6	3;970;3417;+;158.4	3;970;3417;+;86.2	4;3414;4058;+;105.2	6;4374;5384;+;161.6		8;5706;6455;+;157.6	9;6458;7291;+;208.0	10;7291;8505;+;188.0	11;8483;9511;+;90.4	58;43471;45396;+;408.7		pfam	both	A	7/7	canonical	1	0	unscoreable	4	0	0														not_admitted	not_admitted	not_admitted	not_admitted	not_admitted	not_admitted	not_admitted
NZ_CP121836.1	MPF_T	IncU	60	0	0	GA	1		22;22674;22997;+;66.6	23;23015;23335;+;82.6	24;23332;25779;+;158.4	24;23332;25779;+;86.2	25;25776;26420;+;105.7	27;26736;27746;+;161.6		29;28067;28816;+;157.6	30;28819;29652;+;208.0	31;29652;30866;+;188.0	32;30844;31872;+;90.4	33;31838;33763;+;408.7		pfam	both	A	7/7	canonical	1	0	unscoreable	2	0	0														not_admitted	not_admitted	not_admitted	not_admitted	not_admitted	not_admitted	not_admitted
NZ_CP122323.1	MPF_G	-	145	0	0	GA	0															not_admitted	not_admitted	not_admitted	not_admitted	not_admitted	not_admitted	not_admitted	not_admitted	not_admitted	not_admitted	1				10;7545;10403;+;293.5	13;12399;13907;+;253.9									D	2/9	contiguous	4854	1	0	14235..14696+;153;unnamed;0
NZ_CP122382.1	MPF_F	IncFIB(pNDM-Mar);IncHI1B(pNDM-MAR)	282	0	0	GA	0															not_admitted	not_admitted	not_admitted	not_admitted	not_admitted	not_admitted	not_admitted	not_admitted	not_admitted	not_admitted	1	209;172738;173775;-;282.3	74;57919;59328;+;190.4	73;56892;57929;+;175.7	223;185832;188549;-;149.6	75;59330;63298;+;121.3	227;190662;192032;-;65.6	223;185832;188549;-;85.2	230;193678;194538;-;79.0	210;173772;175133;-;69.9	208;169543;172728;-;59.9	66;47568;49694;-;57.7	224;188594;189331;-;56.9	66;47568;49694;-;41.0	A	9/9	split_2	146110	0	1	
NZ_CP122383.1	MPF_F	IncFIB(pQil);IncFII(K)	150	0	0	GA	0															not_admitted	not_admitted	not_admitted	not_admitted	not_admitted	not_admitted	not_admitted	not_admitted	not_admitted	not_admitted	1	125;91875;92864;+;366.0	135;98411;99778;+;384.6	131;96401;97153;+;233.7	121;87779;90418;+;258.5	136;99778;102627;+;345.0	114;83528;84952;+;89.3	121;87779;90418;+;88.7	112;82235;82801;+;169.3	126;92877;93515;+;67.0	127;93574;95529;+;259.2	140;105091;107403;+;393.2	115;85024;85608;+;54.9	140;105091;107403;+;65.8	A	9/9	contiguous	22856	1	1	102630..103160+;176;unnamed;0
NZ_CP122390.1	MPF_F	IncHI2;IncHI2A	326	0	0	GA	0															not_admitted	not_admitted	not_admitted	not_admitted	not_admitted	not_admitted	not_admitted	not_admitted	not_admitted	not_admitted	1	238;205698;206756;-;276.9	63;50682;52097;+;194.1	62;49646;50692;+;174.1	254;226827;229508;-;168.0	64;52106;56059;+;101.6	258;231838;233193;-;80.7	254;226827;229508;-;72.2	261;234917;235705;-;74.8	240;206898;208409;-;62.0	237;202491;205679;-;57.3	55;40520;42604;-;56.8	255;229517;230467;-;46.1	55;40520;42604;-;38.8	A	9/9	split_2	194397	1	1	56240..57529+;429;unnamed;0
NZ_CP122391.1	MPF_F	IncFIB(K)	282	0	0	GA	0															not_admitted	not_admitted	not_admitted	not_admitted	not_admitted	not_admitted	not_admitted	not_admitted	not_admitted	not_admitted	1	180;172463;173452;+;363.3	191;179271;180638;+;384.1	187;177261;178013;+;233.7	176;168367;171006;+;259.0	192;180638;183460;+;346.4	166;162974;164398;+;89.5	176;168367;171006;+;88.7	164;161681;162247;+;167.0	182;173728;174375;+;65.9	183;174434;176389;+;259.4	196;186077;188389;+;393.1	168;165010;165594;+;53.8	196;186077;188389;+;66.6	A	9/9	contiguous	24396	1	1	183483..184085+;200;TraS;0
NZ_CP122443.1	MPF_F	IncFIA(HI1);IncFII(Yp);IncFII(pAR0022)	141	0	0	GA	0															not_admitted	not_admitted	not_admitted	not_admitted	not_admitted	not_admitted	not_admitted	not_admitted	not_admitted	not_admitted	1	120;106378;107370;+;374.4	128;112052;113422;+;375.5	125;110516;111265;+;222.4	117;102725;105364;+;252.5	129;113422;116271;+;336.5	111;99103;100515;+;85.2	117;102725;105364;+;91.3	109;97810;98376;+;163.0	121;107383;108009;+;68.6	122;108006;109898;+;259.9	134;118674;120881;+;391.8	113;100763;101332;+;55.3	134;118674;120881;+;65.8	A	9/9	contiguous	20864	1	1	116274..116468+;64;unnamed;0
NZ_CP122449.1	MPF_F	Col156;IncFIB(AP001918);IncFII(29)	132	0	0	GA	0															not_admitted	not_admitted	not_admitted	not_admitted	not_admitted	not_admitted	not_admitted	not_admitted	not_admitted	not_admitted	1	106;89289;90281;+;369.5	118;96335;97708;+;381.0	111;93387;94130;+;233.1	103;85650;88280;+;304.0	119;97705;100527;+;389.2	96;81092;82519;+;93.9	103;85650;88280;+;99.3	94;79811;80377;+;183.1	108;90625;91263;+;68.6	109;91260;93110;+;271.9	123;102799;104943;+;391.3	99;83648;84163;+;73.9	123;102799;104943;+;70.4	A	9/9	contiguous	22988	1	1	100549..101028+;159;TraS;0
NZ_CP122450.1	MPF_F	IncFII(pHN7A8)	103	0	0	GA	0															not_admitted	not_admitted	not_admitted	not_admitted	not_admitted	not_admitted	not_admitted	not_admitted	not_admitted	not_admitted	1	79;66911;67903;+;369.3	90;73950;75326;+;381.0	85;71620;72363;+;234.1	76;63272;65902;+;303.8	91;75323;78148;+;389.2	65;57809;59236;+;94.7	76;63272;65902;+;99.2	63;56528;57094;+;183.8	82;68900;69538;+;68.6	83;69535;71343;+;267.9	94;79652;81877;+;391.7	69;60364;60879;+;78.4	94;79652;81877;+;70.3	A	9/9	contiguous	23124	1	1	78145..78654+;169;unnamed;0
NZ_CP122452.1	MPF_F	Col156;IncFIB(AP001918);IncFII(29)	131	0	0	GA	0															not_admitted	not_admitted	not_admitted	not_admitted	not_admitted	not_admitted	not_admitted	not_admitted	not_admitted	not_admitted	1	105;88230;89222;+;369.5	117;95276;96649;+;381.7	110;92328;93071;+;233.1	102;84591;87221;+;304.0	118;96646;99468;+;387.9	95;80032;81459;+;93.9	102;84591;87221;+;99.3	93;78751;79317;+;183.1	107;89566;90204;+;68.6	108;90201;92051;+;271.9	122;101740;103884;+;391.3	98;82588;83103;+;73.9	122;101740;103884;+;70.4	A	9/9	contiguous	22989	1	1	99490..99969+;159;TraS;0
NZ_CP122453.1	MPF_F	IncFII(pHN7A8)	105	0	0	GA	0															not_admitted	not_admitted	not_admitted	not_admitted	not_admitted	not_admitted	not_admitted	not_admitted	not_admitted	not_admitted	1	81;68998;69990;+;369.3	92;76037;77413;+;381.0	87;73707;74450;+;234.1	78;65359;67989;+;303.8	93;77410;80235;+;389.2	67;59896;61323;+;94.7	78;65359;67989;+;99.2	65;58615;59181;+;183.8	84;70987;71625;+;68.6	85;71622;73430;+;267.9	96;81739;83964;+;391.7	71;62451;62966;+;78.4	96;81739;83964;+;70.3	A	9/9	contiguous	23124	1	1	80232..80741+;169;unnamed;0
NZ_CP122455.1	MPF_F	Col156;IncFIB(AP001918);IncFII(29)	131	0	0	GA	0															not_admitted	not_admitted	not_admitted	not_admitted	not_admitted	not_admitted	not_admitted	not_admitted	not_admitted	not_admitted	1	105;88229;89221;+;369.5	117;95275;96648;+;381.7	110;92327;93070;+;233.1	102;84590;87220;+;304.0	118;96645;99467;+;387.9	95;80032;81459;+;93.9	102;84590;87220;+;99.3	93;78751;79317;+;183.1	107;89565;90203;+;68.6	108;90200;92050;+;271.9	122;101739;103883;+;391.3	98;82588;83103;+;73.9	122;101739;103883;+;70.4	A	9/9	contiguous	22988	1	1	99489..99968+;159;TraS;0
NZ_CP122456.1	MPF_F	IncFII(pHN7A8)	105	0	0	GA	0															not_admitted	not_admitted	not_admitted	not_admitted	not_admitted	not_admitted	not_admitted	not_admitted	not_admitted	not_admitted	1	81;68998;69990;+;369.3	92;76037;77413;+;381.0	87;73707;74450;+;234.1	78;65359;67989;+;303.8	93;77410;80235;+;389.2	67;59896;61323;+;94.7	78;65359;67989;+;99.2	65;58615;59181;+;183.8	84;70987;71625;+;68.6	85;71622;73430;+;267.9	96;81739;83964;+;391.7	71;62451;62966;+;78.4	96;81739;83964;+;70.3	A	9/9	contiguous	23124	1	1	80232..80741+;169;unnamed;0
NZ_CP122462.1	MPF_F	IncFIB(K);IncFII(pKP91)	193	0	0	GA	0															not_admitted	not_admitted	not_admitted	not_admitted	not_admitted	not_admitted	not_admitted	not_admitted	not_admitted	not_admitted	1	156;147160;148149;-;363.3	145;139975;141342;-;382.8	149;142599;143351;-;233.7	160;149606;152245;-;259.4	144;137132;139975;-;344.0	170;156207;157631;-;89.5	160;149606;152245;-;88.3	172;158358;158924;-;167.0	154;146237;146884;-;65.9	153;144223;146178;-;259.7	140;132236;134545;-;393.1	168;155011;155595;-;53.2	140;132236;134545;-;66.6	A	9/9	contiguous	26122	1	1	136597..137121-;174;unnamed;0
NZ_CP122463.1	MPF_F	IncFIA(pBK30683);IncFII(K);IncFII(pAR0022)	161	0	0	GA	0															not_admitted	not_admitted	not_admitted	not_admitted	not_admitted	not_admitted	not_admitted	not_admitted	not_admitted	not_admitted	1	123;104692;105681;+;363.3	134;111500;112867;+;384.1	130;109490;110242;+;233.7	119;100596;103235;+;259.4	135;112867;115302;+;346.9	109;95210;96634;+;89.2	119;100596;103235;+;88.3	107;93917;94483;+;167.5	125;105957;106604;+;65.9	126;106663;108618;+;259.7	141;119629;121938;+;393.1	111;97246;97830;+;53.2	141;119629;121938;+;66.6	A	9/9	contiguous	25712	0	1	
NZ_CP122465.1	MPF_T	IncX3	59	0	0	GA	1	51;38412;39056;+;46.4	52;39040;39330;+;73.1	53;39355;42108;+;47.0	53;39355;42108;+;142.4	53;39355;42108;+;73.3	54;42118;42888;+;60.1	56;43167;44222;+;133.2		57;44417;45145;+;119.4	58;45151;46080;+;138.8	0;239;679;+;85.0	2;875;1909;+;65.7	3;1912;3747;+;495.9		pfam	pfam_only	A	7/7	canonical	1	1	unscoreable	2	0	0														not_admitted	not_admitted	not_admitted	not_admitted	not_admitted	not_admitted	not_admitted
NZ_CP122470.1	MPF_F	IncFIA(pBK30683);IncFII(K);IncFII(pAR0022)	161	0	0	GA	0															not_admitted	not_admitted	not_admitted	not_admitted	not_admitted	not_admitted	not_admitted	not_admitted	not_admitted	not_admitted	1	123;104693;105682;+;363.3	134;111501;112868;+;384.1	130;109491;110243;+;233.7	119;100597;103236;+;259.4	135;112868;115303;+;346.9	109;95211;96635;+;89.2	119;100597;103236;+;88.3	107;93918;94484;+;167.5	125;105958;106605;+;65.9	126;106664;108619;+;259.7	141;119630;121939;+;393.1	111;97247;97831;+;53.2	141;119630;121939;+;66.6	A	9/9	contiguous	25712	0	1	
NZ_CP122472.1	MPF_F	IncFII	118	0	0	GA	0															not_admitted	not_admitted	not_admitted	not_admitted	not_admitted	not_admitted	not_admitted	not_admitted	not_admitted	not_admitted	1	94;77690;78682;+;369.5	104;84461;85834;+;381.7	99;81788;82531;+;234.4	91;74051;76681;+;304.1	105;85831;88653;+;374.0	84;69601;71052;+;94.2	91;74051;76681;+;97.1	82;68320;68886;+;174.3	96;79026;79664;+;68.6	97;79661;81511;+;266.1	109;90925;93186;+;391.1	87;71912;72427;+;78.4	109;90925;93186;+;70.3	A	9/9	contiguous	22605	1	1	88675..89154+;159;TraS;0
NZ_CP122474.1	MPF_T	IncX3	59	0	0	GA	1	26;21695;22339;-;46.4	25;21421;21711;-;73.1	24;18643;21396;-;47.0	24;18643;21396;-;142.4	24;18643;21396;-;73.3	23;17863;18633;-;60.1	21;16529;17584;-;133.2		20;15606;16334;-;119.4	19;14671;15600;-;138.8	18;13460;14674;-;128.3	16;12230;13264;-;65.7	15;10392;12227;-;495.9		pfam	pfam_only	A	7/7	canonical	1	1	unscoreable	2	0	0														not_admitted	not_admitted	not_admitted	not_admitted	not_admitted	not_admitted	not_admitted
NZ_CP122493.1	MPF_F	IncFIB(AP001918);IncFII	229	0	0	GA	0															not_admitted	not_admitted	not_admitted	not_admitted	not_admitted	not_admitted	not_admitted	not_admitted	not_admitted	not_admitted	1	82;65971;66963;+;369.3	91;72022;73398;+;381.0	86;69692;70435;+;233.3	79;62332;64962;+;303.5	92;73395;76217;+;389.2	72;57948;59375;+;94.7	79;62332;64962;+;98.5	70;56667;57233;+;183.8	83;66972;67610;+;68.7	84;67607;69415;+;268.0	96;78492;80663;+;391.8		96;78492;80663;+;70.4	B	8/9	contiguous	21825	1	1	76239..76718+;159;TraS;0
NZ_CP122495.1	MPF_F	IncFII(pHN7A8);IncX1	112	0	0	GA	0															not_admitted	not_admitted	not_admitted	not_admitted	not_admitted	not_admitted	not_admitted	not_admitted	not_admitted	not_admitted	1				30;21515;24142;+;301.8		25;18033;19460;+;94.1	30;21515;24142;+;101.8	23;16752;17318;+;183.8			30;21515;24142;+;20.8	29;20484;20999;+;78.0		D	3/9	contiguous	4763	0	0	
NZ_CP122498.1	MPF_T	IncX1	58	0	0	GA	1	53;41989;42633;+;47.1	54;42617;42907;+;73.5	55;42931;45690;+;44.8	55;42931;45690;+;133.3	55;42931;45690;+;71.9	56;45692;46429;+;57.5	0;223;1056;+;103.4		1;1246;1968;+;116.0	2;1974;2903;+;132.4	3;2900;4114;+;128.6	4;4132;5169;+;66.4	5;5174;7009;+;543.4		pfam	pfam_only	A	7/7	rearranged	1	1	unscoreable	0	0	0														not_admitted	not_admitted	not_admitted	not_admitted	not_admitted	not_admitted	not_admitted
NZ_CP122500.1	MPF_F	IncFIA;IncFIB(AP001918);IncFII	161	0	0	GA	0															not_admitted	not_admitted	not_admitted	not_admitted	not_admitted	not_admitted	not_admitted	not_admitted	not_admitted	not_admitted	1	60;56659;57651;-;367.4	49;49600;50973;-;380.9	56;53187;53930;-;235.0	63;58660;61287;-;304.8	48;46778;49603;-;385.9	69;63342;64769;-;94.3	63;58660;61287;-;98.5	71;65484;66050;-;183.8	59;56012;56650;-;68.6	58;54207;56015;-;268.3	45;43077;45275;-;391.3	65;61803;62318;-;78.4	45;43077;45275;-;70.4	A	9/9	contiguous	22407	1	1	46272..46781-;169;unnamed;0
NZ_CP122506.1	MPF_T	-	89	0	0	GA	1	8;8350;8832;+;81.1		76;53835;54119;+;36.5	77;54125;56482;+;59.8	77;54125;56482;+;45.0	65;47625;48272;+;41.6	64;46633;47619;+;120.4		78;56647;57381;+;144.3	79;57378;58148;+;169.8	80;58138;59277;+;154.7	5;5043;6581;+;207.1	0;40;987;+;179.9		pfam	pfam_only	A	7/7	rearranged	1	0	unscoreable	15	0	0														not_admitted	not_admitted	not_admitted	not_admitted	not_admitted	not_admitted	not_admitted
NZ_CP122508.1	MPF_F	IncHI2;IncHI2A	283	0	0	GA	0															not_admitted	not_admitted	not_admitted	not_admitted	not_admitted	not_admitted	not_admitted	not_admitted	not_admitted	not_admitted	1	42;43244;44302;+;276.9	210;184775;186190;-;194.1	211;186180;187226;-;174.3	26;20992;23673;+;168.0	209;180813;184766;-;101.7	22;17307;18662;+;80.7	26;20992;23673;+;72.2	19;14795;15583;+;74.8	40;41591;43102;+;62.0	43;44321;47509;+;57.3	218;194268;196352;+;56.8	25;20033;20983;+;46.1	218;194268;196352;+;38.8	A	9/9	split_3	179473	1	1	179343..180632-;429;unnamed;0
NZ_CP122509.1	MPF_F	IncFIA;IncFIB(AP001918);IncFII	144	0	0	GA	0															not_admitted	not_admitted	not_admitted	not_admitted	not_admitted	not_admitted	not_admitted	not_admitted	not_admitted	not_admitted	1	97;79077;80069;+;369.5	107;85848;87221;+;381.7	102;83175;83918;+;234.4	94;75438;78068;+;304.1	108;87218;90040;+;374.0	87;70988;72439;+;94.2	94;75438;78068;+;97.1	85;69707;70273;+;174.3	99;80413;81051;+;68.6	100;81048;82898;+;266.1	114;93378;95594;+;391.2	90;73299;73814;+;78.4	114;93378;95594;+;70.3	A	9/9	contiguous	23671	1	1	90062..90541+;159;TraS;0
NZ_CP122512.1	MPF_T	IncI2	78	0	0	GA	1	59;40679;41161;+;81.1		44;24799;25083;+;36.6	45;25089;27446;+;58.5	45;25089;27446;+;42.8	32;18705;19346;+;42.8	31;17704;18699;+;128.5		47;27612;28346;+;144.3	48;28343;29113;+;170.5	49;29103;30242;+;154.7	56;37373;38911;+;207.1	51;31332;33290;+;289.6		pfam	pfam_only	A	7/7	rearranged	1	0	unscoreable	17	1	0														not_admitted	not_admitted	not_admitted	not_admitted	not_admitted	not_admitted	not_admitted
NZ_CP122518.1	MPF_F	IncFIB(AP001918);IncFIC(FII)	125	0	0	GA	0															not_admitted	not_admitted	not_admitted	not_admitted	not_admitted	not_admitted	not_admitted	not_admitted	not_admitted	not_admitted	1	71;78313;79305;-;369.3	60;71254;72627;-;378.0	67;74841;75584;-;234.1	74;80314;82941;-;305.4	59;68435;71257;-;389.5	80;84996;86423;-;94.3	74;80314;82941;-;98.5	82;87138;87704;-;183.8	70;77666;78304;-;68.4	69;75861;77669;-;268.4	56;64753;66906;-;391.9	76;83457;83972;-;78.4	56;64753;66906;-;70.4	A	9/9	contiguous	22385	1	1	67922..68413-;163;TraS;0
NZ_CP122520.1	MPF_T	IncX1	65	0	0	GA	1	39;28237;28881;+;47.1	40;28865;29155;+;73.5	41;29179;31938;+;44.8	41;29179;31938;+;133.3	41;29179;31938;+;71.9	42;31940;32677;+;57.5	44;32959;34014;+;131.7		45;34204;34926;+;116.0	46;34932;35861;+;133.3	47;35858;37072;+;128.6	48;37090;38127;+;66.4	49;38132;39967;+;543.4		pfam	pfam_only	A	7/7	canonical	1	1	unscoreable	1	0	0														not_admitted	not_admitted	not_admitted	not_admitted	not_admitted	not_admitted	not_admitted
NZ_CP122569.1	MPF_F	IncC	210	0	0	GA	0															not_admitted	not_admitted	not_admitted	not_admitted	not_admitted	not_admitted	not_admitted	not_admitted	not_admitted	not_admitted	1	128;102917;103924;+;332.9	198;165876;167309;+;339.2	197;164846;165874;+;221.7	123;97718;100165;+;354.5	199;167322;170936;+;375.3	45;26117;27277;+;156.3	123;97718;100165;+;128.3	116;87322;87948;+;92.7	126;100987;102252;+;67.9	129;104040;106838;+;145.3	107;81647;83512;+;47.3	119;90159;90737;+;100.2	107;81647;83512;+;52.0	A	9/9	split_3	141205	0	1	
NZ_CP122571.1	MPF_F	IncFII(pBK30683);repB(R1701)	128	0	0	GA	0															not_admitted	not_admitted	not_admitted	not_admitted	not_admitted	not_admitted	not_admitted	not_admitted	not_admitted	not_admitted	1	74;61544;62533;-;366.0	64;54630;55997;-;384.0	68;57255;58007;-;233.7	78;63990;66629;-;258.5	63;51781;54630;-;346.4	84;69458;70882;-;89.2	78;63990;66629;-;88.7	86;71609;72175;-;169.3	73;60893;61531;-;67.0	72;58879;60834;-;259.7	59;47005;49317;-;392.8	83;68801;69385;-;54.5	59;47005;49317;-;65.8	A	9/9	contiguous	24604	1	1	51245..51778-;177;unnamed;0
NZ_CP122576.1	MPF_F	repA(pKOX)	241	0	0	GA	0															not_admitted	not_admitted	not_admitted	not_admitted	not_admitted	not_admitted	not_admitted	not_admitted	not_admitted	not_admitted	1	149;108470;109543;+;276.5	171;126792;128243;+;241.7	170;125706;126776;+;187.0	145;103922;106405;+;234.6	172;128253;131465;+;256.9	142;100900;102231;+;107.7	145;103922;106405;+;119.1	140;99117;99734;+;77.9	148;107217;108470;+;57.1	174;131970;134702;+;123.7	134;94547;96508;+;23.7	143;102231;102851;+;74.7	134;94547;96508;+;32.4	A	9/9	contiguous	37423	0	1	
NZ_CP122581.1	MPF_F	IncC	209	0	0	GA	0															not_admitted	not_admitted	not_admitted	not_admitted	not_admitted	not_admitted	not_admitted	not_admitted	not_admitted	not_admitted	1	127;102139;103146;+;332.9	197;165107;166540;+;339.2	196;164077;165105;+;221.7	122;96940;99387;+;354.5	198;166553;170167;+;375.3	45;26117;27277;+;156.3	122;96940;99387;+;128.3	115;86544;87170;+;92.7	125;100209;101474;+;67.9	128;103262;106060;+;145.3	106;80869;82734;+;47.3	118;89381;89959;+;100.2	106;80869;82734;+;52.0	A	9/9	split_3	140436	0	1	
NZ_CP122583.1	MPF_F	IncFII(pBK30683);repB(R1701)	128	0	0	GA	0															not_admitted	not_admitted	not_admitted	not_admitted	not_admitted	not_admitted	not_admitted	not_admitted	not_admitted	not_admitted	1	74;61552;62541;-;366.0	64;54638;56005;-;384.0	68;57263;58015;-;233.7	78;63998;66637;-;258.5	63;51789;54638;-;346.4	84;69466;70890;-;89.2	78;63998;66637;-;88.7	86;71617;72183;-;169.3	73;60901;61539;-;67.0	72;58887;60842;-;259.7	59;47013;49325;-;392.8	83;68809;69393;-;54.5	59;47013;49325;-;65.8	A	9/9	contiguous	24604	1	1	51253..51786-;177;unnamed;0
NZ_CP122584.1	MPF_T	IncN	66	0	0	GA	1	21;16353;17087;+;32.5		24;17730;18047;+;63.3	25;18047;20647;+;113.8	25;18047;20647;+;76.4	26;20665;21378;+;105.5	28;21629;22669;+;142.4		29;22888;23586;+;131.9	30;23597;24481;+;159.7	31;24481;25641;+;156.3	32;25683;26678;+;81.2	43;39627;41156;-;38.5		pfam	both	A	7/7	canonical	1	0	unscoreable	3	0	0														not_admitted	not_admitted	not_admitted	not_admitted	not_admitted	not_admitted	not_admitted
NZ_CP122592.1	MPF_F	IncFII(29);IncX1	149	0	0	GA	0															not_admitted	not_admitted	not_admitted	not_admitted	not_admitted	not_admitted	not_admitted	not_admitted	not_admitted	not_admitted	1	48;33694;34686;+;369.3	61;41398;42774;+;376.2	54;38445;39188;+;233.3	45;30058;32685;+;303.8	62;42771;45587;+;389.2	38;26475;27902;+;94.3	45;30058;32685;+;99.2	36;25194;25760;+;183.8	51;35683;36321;+;67.5	52;36318;38168;+;271.5	66;47888;50203;+;391.6	42;29027;29542;+;78.0	66;47888;50203;+;70.2	A	9/9	contiguous	22694	1	1	45620..46141+;173;unnamed;0
NZ_CP122595.1	MPF_T	IncI2(Delta)	82	0	0	GA	1	80;63158;63640;+;81.1	65;47405;47695;+;28.9	66;47802;48086;+;36.6	67;48092;50449;+;60.7	67;48092;50449;+;44.0	53;38932;39576;+;41.0	52;37931;38926;+;123.7		69;50615;51349;+;144.3	70;51346;52116;+;170.5	71;52106;53245;+;154.7	77;59851;61389;+;207.1	73;54335;56293;+;288.2		pfam	pfam_only	A	7/7	rearranged	1	0	unscoreable	16	0	0														not_admitted	not_admitted	not_admitted	not_admitted	not_admitted	not_admitted	not_admitted
NZ_CP122596.1	MPF_T	-	48	0	0	GA	1	7;3640;4260;+;46.9	8;4274;4600;+;64.4	9;4619;7366;+;62.7	9;4619;7366;+;154.4	9;4619;7366;+;46.1	10;7378;8094;+;97.1	11;8105;9184;+;157.5		13;9699;10385;+;169.5	14;10382;11290;+;142.3	15;11283;12401;+;163.9	16;12403;13431;+;85.0	17;13463;15280;+;317.1		pfam	pfam_only	A	7/7	canonical	1	1	unscoreable	1	0	0														not_admitted	not_admitted	not_admitted	not_admitted	not_admitted	not_admitted	not_admitted
NZ_CP122608.1	MPF_T	IncI2	78	0	0	GA	1	77;57297;57779;+;81.1		61;41417;41701;+;36.6	62;41707;43296;+;59.2	62;41707;43296;+;45.8	51;35245;35889;+;41.0	50;34244;35239;+;123.7		65;44229;44963;+;144.3	66;44960;45730;+;170.4	67;45720;46859;+;154.7	74;53990;55528;+;208.0	69;47949;49907;+;287.4		pfam	pfam_only	A	7/7	rearranged	1	0	unscoreable	16	0	0														not_admitted	not_admitted	not_admitted	not_admitted	not_admitted	not_admitted	not_admitted
NZ_CP122618.1	MPF_T	IncX10	50	0	0	GA	1	25;15024;15671;+;43.1	26;15649;15945;+;75.1	27;15964;18717;+;46.6	27;15964;18717;+;147.9	27;15964;18717;+;75.3	28;18728;19486;+;67.4	30;19724;20857;+;108.9		31;21102;21815;+;118.8	32;21820;22749;+;133.7	33;22746;23951;+;132.5	34;23953;24984;+;76.3	35;24987;26822;+;486.3		pfam	pfam_only	A	7/7	canonical	1	1	unscoreable	1	0	0														not_admitted	not_admitted	not_admitted	not_admitted	not_admitted	not_admitted	not_admitted
NZ_CP122619.1	MPF_F	IncFIB(AP001918);IncFII;IncQ1	153	0	0	GA	0															not_admitted	not_admitted	not_admitted	not_admitted	not_admitted	not_admitted	not_admitted	not_admitted	not_admitted	not_admitted	1	132;126811;127803;+;369.3	141;132865;134238;+;381.0	136;130532;131275;+;231.6	129;123175;125802;+;306.4	142;134235;137060;+;386.0	123;119693;121120;+;94.3	129;123175;125802;+;98.5	121;118412;118978;+;183.3	133;127812;128450;+;68.7	134;128447;130255;+;267.9	145;138564;140717;+;391.8	127;122144;122659;+;77.3	145;138564;140717;+;70.4	A	9/9	contiguous	20152	1	1	137057..137566+;169;unnamed;0
NZ_CP122622.1	MPF_F	IncFII(pCoo);IncX1	151	0	0	GA	0															not_admitted	not_admitted	not_admitted	not_admitted	not_admitted	not_admitted	not_admitted	not_admitted	not_admitted	not_admitted	1	49;32977;33969;+;369.3	62;40642;42015;+;376.2	55;37686;38429;+;233.3	46;29341;31968;+;304.6	63;42012;44831;+;389.2	39;25763;27190;+;94.3	46;29341;31968;+;99.2	37;24482;25048;+;183.8	52;34966;35604;+;68.6	53;35601;37409;+;268.0	67;47102;49372;+;391.6	43;28311;28826;+;78.4	67;47102;49372;+;70.3	A	9/9	contiguous	22620	1	1	44856..45347+;163;TraS;0
NZ_CP122624.1	MPF_T	IncX4	47	0	0	GA	1	38;25963;26583;+;46.9	39;26597;26923;+;64.4	40;26942;29689;+;62.7	40;26942;29689;+;152.1	40;26942;29689;+;46.1	41;29701;30417;+;97.3	42;30428;31507;+;157.5		44;32004;32690;+;168.8	45;32687;33595;+;142.4	46;33588;34706;+;162.1	0;1;1029;+;85.0	1;1061;2878;+;316.5		pfam	pfam_only	A	7/7	canonical	1	1	unscoreable	1	0	0														not_admitted	not_admitted	not_admitted	not_admitted	not_admitted	not_admitted	not_admitted
NZ_CP122626.1	MPF_T	IncX4	48	0	0	GA	1	39;25959;26579;+;46.9	40;26593;26919;+;64.4	41;26938;29685;+;62.7	41;26938;29685;+;152.1	41;26938;29685;+;46.1	42;29697;30413;+;97.3	43;30424;31503;+;157.5		45;32000;32686;+;168.8	46;32683;33591;+;142.4	47;33584;34702;+;164.3	0;1;1029;+;85.0	1;1061;2878;+;316.5		pfam	pfam_only	A	7/7	canonical	1	1	unscoreable	1	0	0														not_admitted	not_admitted	not_admitted	not_admitted	not_admitted	not_admitted	not_admitted
NZ_CP122627.1	MPF_T	IncFII(pEH01)	37	0	0	GA	1	35;23389;24093;+;47.3	36;24097;24393;+;67.3	0;1;2745;+;49.1	0;1;2745;+;149.6	0;1;2745;+;48.4	1;2760;3464;+;139.3	3;3716;4783;+;159.8		5;4969;5652;+;189.7	6;5652;6557;+;153.7	7;6599;7864;+;155.2	9;8029;9054;+;67.3	14;11138;12865;+;47.5		pfam	both	A	7/7	canonical	1	1	unscoreable	7	0	0														not_admitted	not_admitted	not_admitted	not_admitted	not_admitted	not_admitted	not_admitted
NZ_CP122637.1	MPF_F	IncFII	117	0	0	GA	0															not_admitted	not_admitted	not_admitted	not_admitted	not_admitted	not_admitted	not_admitted	not_admitted	not_admitted	not_admitted	1	86;76958;77950;-;369.5	76;69806;71179;-;381.7	81;73109;73852;-;234.4	89;78959;81589;-;302.9	75;66987;69809;-;374.0	97;84991;86442;-;94.2	89;78959;81589;-;96.7	99;87157;87723;-;174.3	84;75976;76614;-;68.6	83;74129;75979;-;266.1	71;62481;64715;-;391.1	94;83616;84131;-;78.4	71;62481;64715;-;70.3	A	9/9	contiguous	24676	1	1	66486..66965-;159;TraS;0
NZ_CP122638.1	MPF_F	IncFIB(AP001918);IncFII(pCoo)	114	0	0	GA	0															not_admitted	not_admitted	not_admitted	not_admitted	not_admitted	not_admitted	not_admitted	not_admitted	not_admitted	not_admitted	1	102;93624;94610;+;355.4	108;98843;100204;+;343.5	106;97432;98211;+;195.3	99;89940;92531;+;216.0	109;100206;103088;+;288.8	96;87524;88888;+;83.3	99;89940;92531;+;88.0	94;86244;86807;+;137.4	104;94986;95600;+;82.6	105;95597;97435;+;260.1		98;89330;89929;+;53.1		A	9/9	contiguous	13962	1	1	103098..103328+;76;unnamed;0
NZ_CP122639.1	MPF_T	IncX4	50	0	0	GA	1	40;27080;27700;+;46.9	41;27714;28040;+;64.4	42;28059;29237;+;64.2	42;28059;29237;+;73.1	42;28059;29237;+;48.3	46;32647;33363;+;97.3	47;33374;34453;+;157.5		49;34950;35636;+;168.8		0;1;1119;+;164.3	1;1121;2149;+;85.0	2;2181;3998;+;316.5		pfam	pfam_only	B	6/7	canonical	1	1	unscoreable	3	0	0														not_admitted	not_admitted	not_admitted	not_admitted	not_admitted	not_admitted	not_admitted
NZ_CP122642.1	MPF_T	IncI2(Delta)	91	0	0	GA	1	21;19691;20173;+;81.1	6;3898;4188;+;28.9	7;4295;4579;+;34.4	8;4585;6942;+;60.1	8;4585;6942;+;44.0	88;64372;65013;+;43.4	87;63371;64366;+;136.6		10;7108;7842;+;144.4	11;7839;8609;+;170.5	12;8599;9738;+;154.7	18;16384;17922;+;207.1	14;10868;12826;+;287.0		pfam	pfam_only	A	7/7	canonical	1	0	unscoreable	6	0	0														not_admitted	not_admitted	not_admitted	not_admitted	not_admitted	not_admitted	not_admitted
NZ_CP122644.1	MPF_F	IncFII	87	0	0	GA	0															not_admitted	not_admitted	not_admitted	not_admitted	not_admitted	not_admitted	not_admitted	not_admitted	not_admitted	not_admitted	1	70;64047;65039;-;369.5	60;56895;58268;-;381.7	65;60198;60941;-;234.4	73;66048;68678;-;304.1	59;54076;56898;-;374.0	80;71677;73128;-;94.2	73;66048;68678;-;97.1	82;73843;74409;-;174.3	68;63065;63703;-;68.6	67;61218;63068;-;266.1	55;49480;51804;-;391.0	77;70302;70817;-;78.4	55;49480;51804;-;70.2	A	9/9	contiguous	24363	1	1	53575..54054-;159;TraS;0
NZ_CP122645.1	MPF_F	IncFIA(HI1);IncHI1A;IncHI1B(R27)	253	0	0	GA	0															not_admitted	not_admitted	not_admitted	not_admitted	not_admitted	not_admitted	not_admitted	not_admitted	not_admitted	not_admitted	1	163;139524;140576;+;277.6	55;44450;45865;-;201.7	56;45855;46901;-;171.3	146;117558;120239;+;160.9	54;40452;44441;-;103.1	142;113852;115210;+;84.0	146;117558;120239;+;76.5	139;111400;112185;+;68.7	161;137871;139379;+;65.6	164;140599;143775;+;58.9	62;53836;55920;+;50.2	145;116599;117549;+;45.2	62;53836;55920;+;36.5	A	9/9	split_3	100147	0	1	
NZ_CP122649.1	MPF_F	IncFIA(HI1);IncHI1A;IncHI1B(R27)	251	0	0	GA	0															not_admitted	not_admitted	not_admitted	not_admitted	not_admitted	not_admitted	not_admitted	not_admitted	not_admitted	not_admitted	1	161;139524;140576;+;277.6	55;44449;45864;-;201.7	56;45854;46900;-;171.3	144;117558;120239;+;160.9	54;40451;44440;-;103.1	140;113852;115210;+;84.0	144;117558;120239;+;76.5	137;111400;112185;+;68.7	159;137871;139379;+;65.6	162;140599;143775;+;58.9	62;53835;55919;+;50.2	143;116599;117549;+;45.2	62;53835;55919;+;36.5	A	9/9	split_3	100148	0	1	
NZ_CP122663.1	MPF_T	IncI2(Delta)	75	0	0	GA	1	73;57665;58147;+;81.1		59;42310;42594;+;36.6	60;42600;44957;+;58.5	60;42600;44957;+;44.9	49;36326;36973;+;41.6	48;35334;36320;+;122.2		62;45123;45857;+;144.4	63;45854;46624;+;170.5	64;46614;47753;+;154.7	70;54359;55897;+;207.1	66;48843;50801;+;285.8		pfam	pfam_only	A	7/7	rearranged	1	0	unscoreable	14	0	0														not_admitted	not_admitted	not_admitted	not_admitted	not_admitted	not_admitted	not_admitted
NZ_CP122665.1	MPF_F	IncHI1A(NDM-CIT);IncHI1B(pNDM-CIT)	251	0	0	GA	0															not_admitted	not_admitted	not_admitted	not_admitted	not_admitted	not_admitted	not_admitted	not_admitted	not_admitted	not_admitted	1	93;80618;81673;-;278.1	212;182597;184012;+;200.0	211;181561;182607;+;168.3	110;100061;102742;-;156.8	213;184021;188010;+;103.1	114;105084;106442;-;80.3	110;100061;102742;-;73.5	117;108115;108900;-;69.5	95;81818;83326;-;62.3	92;77423;80599;-;57.9	205;172539;174623;-;48.1	111;102751;103701;-;45.4	205;172539;174623;-;35.5	A	9/9	split_2	106598	0	1	
NZ_CP122684.1	MPF_F	IncFII(29)	74	0	0	GA	0															not_admitted	not_admitted	not_admitted	not_admitted	not_admitted	not_admitted	not_admitted	not_admitted	not_admitted	not_admitted	1	4;4370;5362;+;369.3	16;11799;13172;+;376.8	10;9121;9864;+;233.3	1;731;3361;+;304.7	17;13169;15994;+;390.7	68;57855;59282;+;93.9	1;731;3361;+;99.2	66;56574;57140;+;182.3	7;6359;6997;+;67.5	8;6994;8844;+;267.4	21;18236;20407;+;391.8	72;60404;60919;+;76.0	21;18236;20407;+;70.4	A	9/9	split_2	59673	1	1	15991..16500+;169;unnamed;0
NZ_CP122686.1	MPF_F	IncFII(29)	81	0	0	GA	0															not_admitted	not_admitted	not_admitted	not_admitted	not_admitted	not_admitted	not_admitted	not_admitted	not_admitted	not_admitted	1	6;4668;5660;+;369.3	19;12375;13748;+;376.2	12;9419;10162;+;235.0	3;1032;3659;+;303.6	20;13745;16567;+;389.2	79;65327;66754;+;94.1	3;1032;3659;+;99.2	77;64046;64612;+;183.4	9;6657;7295;+;67.5	10;7292;9142;+;265.1	24;18839;21172;+;391.3	0;1;516;+;77.7	24;18839;21172;+;70.2	A	9/9	split_2	65326	1	1	16589..17068+;159;TraS;0
NZ_CP122692.1	MPF_F	IncFII(pHN7A8)	104	0	0	GA	0															not_admitted	not_admitted	not_admitted	not_admitted	not_admitted	not_admitted	not_admitted	not_admitted	not_admitted	not_admitted	1	24;17910;18902;+;369.3	35;24548;25921;+;381.0	28;21631;22374;+;232.3	21;14274;16901;+;305.4	36;25918;28743;+;385.6	16;10793;12220;+;94.3	21;14274;16901;+;98.5	14;9512;10078;+;183.8	25;18911;19549;+;68.4	26;19546;21354;+;266.1	39;30246;32399;+;391.5	19;13243;13758;+;78.4	39;30246;32399;+;69.2	A	9/9	contiguous	20734	1	1	28740..29249+;169;unnamed;0
NZ_CP122693.1	MPF_T	pEC4115	82	0	0	GA	1	1;708;1319;+;40.5	2;1423;1737;+;30.8	3;1795;2115;+;46.2	4;2118;4490;+;81.6	4;2118;4490;+;32.4	0;1;642;+;33.9	81;71904;72881;+;132.9		6;4621;5358;+;158.9	7;5355;6134;+;167.2	8;6124;7266;+;143.5	9;7266;8285;+;91.9	10;8336;10303;+;290.5		pfam	pfam_only	A	7/7	canonical	1	0	unscoreable	1	0	0														not_admitted	not_admitted	not_admitted	not_admitted	not_admitted	not_admitted	not_admitted
NZ_CP122697.1	MPF_F	IncFII(pHN7A8)	101	0	0	GA	0															not_admitted	not_admitted	not_admitted	not_admitted	not_admitted	not_admitted	not_admitted	not_admitted	not_admitted	not_admitted	1	32;22863;23855;+;369.3	43;29501;30874;+;380.9	36;26584;27327;+;233.9	28;19228;21579;+;305.7	44;30871;33696;+;385.6	23;15747;17174;+;94.3	28;19228;21579;+;92.6	21;14466;15032;+;183.8	33;23864;24502;+;68.4	34;24499;26307;+;267.5	47;35199;37352;+;391.5	26;18197;18712;+;78.4	47;35199;37352;+;69.2	A	9/9	contiguous	20733	1	1	33693..34202+;169;unnamed;0
NZ_CP122705.1	MPF_F	IncFIB(AP001918);IncFII(pRSB107)	165	0	0	GA	0															not_admitted	not_admitted	not_admitted	not_admitted	not_admitted	not_admitted	not_admitted	not_admitted	not_admitted	not_admitted	1	18;11272;12264;+;369.3	31;18679;20052;+;376.0	25;16001;16744;+;233.3	15;7633;10263;+;306.8	32;20049;22868;+;389.0	3;1615;3042;+;93.6	15;7633;10263;+;98.4	1;334;900;+;183.8	20;12608;13246;+;68.7	23;13958;15721;+;268.4	36;25139;27364;+;391.7	7;4170;4685;+;78.3	36;25139;27364;+;70.3	A	9/9	contiguous	24805	1	1	22893..23384+;163;TraS;0
NZ_CP122707.1	MPF_F	-	58	0	0	GA	0															not_admitted	not_admitted	not_admitted	not_admitted	not_admitted	not_admitted	not_admitted	not_admitted	not_admitted	not_admitted	1	40;36290;37282;+;369.3	52;43696;45069;+;376.0	47;41019;41762;+;233.3	37;32651;35281;+;306.8	53;45066;47885;+;389.0		37;32651;35281;+;98.4		42;37626;38264;+;68.7	45;38976;40739;+;268.4	37;32651;35281;+;22.0			C	7/9	contiguous	12415	1	1	47910..48401+;163;TraS;0
NZ_CP122709.1	MPF_F	IncFII(29)	72	0	0	GA	0															not_admitted	not_admitted	not_admitted	not_admitted	not_admitted	not_admitted	not_admitted	not_admitted	not_admitted	not_admitted	1	11;8344;9336;+;369.5	22;15232;16605;+;376.8	17;12923;13666;+;231.8	8;4705;7335;+;303.2	23;16602;19427;+;389.2	0;1;1428;+;94.7	8;4705;7335;+;98.5	71;63584;64150;+;183.8	12;9345;9983;+;70.6	15;10796;12646;+;272.8	27;21669;23921;+;391.7	4;2553;3068;+;78.4	27;21669;23921;+;70.3	A	9/9	split_2	63583	1	1	19424..19933+;169;unnamed;0
NZ_CP122713.1	MPF_F	IncFII(pSE11)	109	0	0	GA	0															not_admitted	not_admitted	not_admitted	not_admitted	not_admitted	not_admitted	not_admitted	not_admitted	not_admitted	not_admitted	1	54;46999;47685;-;233.2			56;48828;49301;-;74.4		65;56909;58285;-;94.4	55;47803;48828;-;101.9	67;59000;59566;-;183.8			55;47803;48828;-;27.8	59;49817;50332;-;77.4		D	4/9	contiguous	12001	0	0	
NZ_CP122714.1	MPF_F	IncFII(pCoo)	78	0	0	GA	0															not_admitted	not_admitted	not_admitted	not_admitted	not_admitted	not_admitted	not_admitted	not_admitted	not_admitted	not_admitted	1	15;11106;12092;+;355.4	21;16324;17685;+;343.5	19;14913;15692;+;195.3	11;7423;8778;+;218.4	22;17687;20569;+;288.8	8;5007;6371;+;83.3	12;8760;10013;+;91.1	6;3728;4291;+;137.4	17;12468;13148;+;82.2	18;13102;14916;+;260.1	29;25028;26986;+;372.9	10;6813;7412;+;53.1	29;25028;26986;+;63.2	A	9/9	contiguous	21300	1	1	20579..20761+;60;unnamed;0
NZ_CP122717.1	MPF_F	IncFIB(AP001918);IncFIC(FII)	107	0	0	GA	0															not_admitted	not_admitted	not_admitted	not_admitted	not_admitted	not_admitted	not_admitted	not_admitted	not_admitted	not_admitted	1	93;87580;88572;+;365.9		100;92579;93322;+;233.0	90;83944;86571;+;305.1	0;1;2820;+;389.2	85;80447;81895;+;94.2	90;83944;86571;+;100.2	83;79166;79732;+;180.7	97;89859;90497;+;67.5	98;90494;92302;+;268.3	3;4362;6497;+;391.8	89;82913;83428;+;78.8	3;4362;6497;+;70.4	B	8/9	split_2	92578	0	1	
NZ_CP122724.1	MPF_F	IncFII(pRSB107);IncX1	163	0	0	GA	0															not_admitted	not_admitted	not_admitted	not_admitted	not_admitted	not_admitted	not_admitted	not_admitted	not_admitted	not_admitted	1	110;92387;93379;-;369.3	97;84341;85714;-;376.2	104;87927;88670;-;233.3	113;94388;97015;-;302.3	96;83502;84344;-;243.9	119;98924;100351;-;94.3	113;94388;97015;-;99.2	121;101066;101632;-;183.8	107;90752;91390;-;68.6	106;88947;90755;-;268.0	89;75773;77989;-;391.2	116;97531;98046;-;78.0	89;75773;77989;-;70.3	A	9/9	contiguous	25293	1	1	83123..83434-;103;unnamed;0
NZ_CP122728.1	MPF_F	IncFII(pHN7A8)	98	0	0	GA	0															not_admitted	not_admitted	not_admitted	not_admitted	not_admitted	not_admitted	not_admitted	not_admitted	not_admitted	not_admitted	1	24;17436;18428;+;369.3	37;24840;26213;+;376.8	31;22162;22905;+;233.3	21;14346;16427;+;191.5	38;26210;29032;+;389.2	15;10462;11889;+;94.1	21;14346;16427;+;99.3	13;9181;9747;+;183.8	26;18772;19410;+;68.7	29;20122;21885;+;268.4	42;31307;33523;+;391.7	18;12770;13285;+;78.4	42;31307;33523;+;70.3	A	9/9	contiguous	22126	1	1	29054..29533+;159;TraS;0
NZ_CP122732.1	MPF_F	IncFII(pRSB107)	110	0	0	GA	0															not_admitted	not_admitted	not_admitted	not_admitted	not_admitted	not_admitted	not_admitted	not_admitted	not_admitted	not_admitted	1	24;18531;19523;+;369.2	35;25169;26542;+;381.0	28;22252;22995;+;232.3	21;15441;17522;+;191.5	36;26539;29364;+;385.6	15;11415;12842;+;94.3	21;15441;17522;+;99.3	13;10134;10700;+;181.5	25;19532;20170;+;68.7	26;20167;21975;+;266.1	40;30865;33018;+;391.5	18;13865;14380;+;78.4	40;30865;33018;+;69.2	A	9/9	contiguous	20731	1	1	29361..29570+;69;unnamed;0
NZ_CP122761.1	MPF_F	IncFIB(pB171);IncFII(pCoo)	122	0	0	GA	0															not_admitted	not_admitted	not_admitted	not_admitted	not_admitted	not_admitted	not_admitted	not_admitted	not_admitted	not_admitted	1	37;27240;28232;+;369.3	49;34630;36003;+;376.8	43;31952;32695;+;233.3	34;23604;26231;+;306.8	50;36000;38822;+;389.2	27;20130;21557;+;94.3	34;23604;26231;+;98.5	25;18849;19415;+;183.8	40;29229;29867;+;68.6	41;29864;31672;+;268.3	54;41094;43310;+;391.7	31;22573;23088;+;78.4	54;41094;43310;+;70.3	A	9/9	contiguous	22245	1	1	38843..39340+;165;TraS;0
NZ_CP122762.1	MPF_F	IncFII(pSE11)	106	0	0	GA	0															not_admitted	not_admitted	not_admitted	not_admitted	not_admitted	not_admitted	not_admitted	not_admitted	not_admitted	not_admitted	1	55;50585;51724;-;349.6			57;52867;53340;-;74.4		62;55252;56679;-;94.3	56;51842;52867;-;101.9	64;57394;57960;-;183.8			56;51842;52867;-;27.8	59;53856;54371;-;77.4		D	4/9	contiguous	6809	0	0	
NZ_CP122765.1	MPF_T	IncX1;IncX3	56	0	0	GA	1	40;32135;32782;+;45.2	41;32760;33056;+;77.5	42;33075;35828;+;47.3	42;33075;35828;+;148.0	42;33075;35828;+;73.5	43;35839;36597;+;67.3	45;36894;38024;+;103.0		46;38270;38983;+;120.0	47;38988;39917;+;134.9	48;39914;41119;+;133.4	49;41121;42152;+;77.9	50;42155;43990;+;488.6		pfam	pfam_only	A	7/7	canonical	1	1	unscoreable	1	0	0														not_admitted	not_admitted	not_admitted	not_admitted	not_admitted	not_admitted	not_admitted
NZ_CP122769.1	MPF_F	IncHI2;IncHI2A	246	0	0	GA	0															not_admitted	not_admitted	not_admitted	not_admitted	not_admitted	not_admitted	not_admitted	not_admitted	not_admitted	not_admitted	1	163;153977;155035;+;276.9	41;42579;43994;-;194.1	42;43984;45030;-;174.3	142;128511;131192;+;168.0	40;38617;42570;-;101.6	138;124826;126181;+;80.7	142;128511;131192;+;72.2	135;122315;123103;+;74.8	157;149612;150553;+;56.5	164;155054;158242;+;57.3	49;51982;54066;+;56.8	141;127552;128502;+;46.1	49;51982;54066;+;38.8	A	9/9	split_3	116437	1	1	37147..38436-;429;unnamed;0
NZ_CP122771.1	MPF_F	IncFII(29)	78	0	0	GA	0															not_admitted	not_admitted	not_admitted	not_admitted	not_admitted	not_admitted	not_admitted	not_admitted	not_admitted	not_admitted	1	9;6976;7968;+;369.3	22;14683;16056;+;376.2	15;11727;12470;+;235.0	6;3340;5967;+;303.8	23;16053;18875;+;389.2	0;1;1428;+;94.1	6;3340;5967;+;99.2	77;65812;66378;+;183.4	12;8965;9603;+;67.5	13;9600;11450;+;265.1	27;21147;23372;+;391.5	3;2309;2824;+;77.7	27;21147;23372;+;70.3	A	9/9	split_2	65811	1	1	18897..19376+;159;TraS;0
NZ_CP122805.1	MPF_F	IncFII(pCoo)	82	0	0	GA	0															not_admitted	not_admitted	not_admitted	not_admitted	not_admitted	not_admitted	not_admitted	not_admitted	not_admitted	not_admitted	1	14;9693;10679;+;355.4	20;14911;16272;+;343.5	18;13500;14279;+;195.3	10;6010;7365;+;218.4	21;16274;19156;+;288.8	7;3594;4958;+;83.3	11;7347;8600;+;91.1	5;2314;2877;+;137.4	16;11055;11735;+;82.2	17;11689;13503;+;260.1	24;20785;23034;+;372.3	9;5400;5999;+;53.1	24;20785;23034;+;62.8	A	9/9	contiguous	18471	1	1	19166..19348+;60;unnamed;0
NZ_CP122817.1	MPF_F	IncFIB(AP001918);IncFIC(FII)	110	0	0	GA	0															not_admitted	not_admitted	not_admitted	not_admitted	not_admitted	not_admitted	not_admitted	not_admitted	not_admitted	not_admitted	1	96;82425;83417;+;369.5		103;87424;88167;+;233.0	93;78789;81416;+;305.1	0;1;2820;+;389.2	86;75292;76740;+;94.2	93;78789;81416;+;100.2	84;74011;74577;+;180.7	100;84704;85342;+;67.5	101;85339;87147;+;268.3	3;4362;6569;+;391.7	90;77758;78273;+;78.8	3;4362;6569;+;70.3	B	8/9	split_2	87423	0	1	
NZ_CP122818.1	MPF_F	IncFII(pSE11)	105	0	0	GA	0															not_admitted	not_admitted	not_admitted	not_admitted	not_admitted	not_admitted	not_admitted	not_admitted	not_admitted	not_admitted	1	52;43507;44646;-;349.6			54;45789;46262;-;74.4		60;48174;49601;-;94.3	53;44764;45789;-;101.9	62;50316;50882;-;183.8			53;44764;45789;-;27.8	57;46778;47293;-;77.4		D	4/9	contiguous	6809	0	0	
NZ_CP122821.1	MPF_T	IncX4	70	0	0	GA	1	42;38884;39495;+;54.0	43;39467;39781;+;30.3	44;39839;40159;+;46.2	47;41523;43847;+;80.4	47;41523;43847;+;33.6	40;36902;37543;-;32.8	41;37545;38540;-;125.4		49;43978;44715;+;160.1	50;44712;45491;+;167.2	51;45481;46623;+;143.5	52;46623;47642;+;92.1	53;47809;49659;+;290.5		pfam	pfam_only	A	7/7	uncallable	0	0	unscoreable	3	0	0														not_admitted	not_admitted	not_admitted	not_admitted	not_admitted	not_admitted	not_admitted
NZ_CP122829.1	MPF_F	IncFII(pCoo)	82	0	0	GA	0															not_admitted	not_admitted	not_admitted	not_admitted	not_admitted	not_admitted	not_admitted	not_admitted	not_admitted	not_admitted	1	17;12885;13871;+;355.4	23;18103;19464;+;343.5	21;16692;17471;+;195.3	13;9202;10557;+;218.4	24;19466;22348;+;288.8	10;6786;8150;+;83.3	14;10539;11792;+;91.1	8;5506;6069;+;137.4	19;14247;14927;+;82.2	20;14881;16695;+;260.1	27;23977;26226;+;372.3	12;8592;9191;+;53.1	27;23977;26226;+;62.8	A	9/9	contiguous	18471	1	1	22358..22588+;76;unnamed;0
NZ_CP122834.1	MPF_T	IncFIB(AP001918);IncFIC(FII);IncX4	177	0	0	GA	1	156;147351;147962;+;52.5	157;147934;148248;+;30.3	158;148306;148626;+;46.2	159;148629;151001;+;80.3	159;148629;151001;+;33.6	154;145369;146010;-;32.8	155;146012;147007;-;125.4		161;151132;151869;+;159.2	162;151866;152645;+;167.2	163;152635;153777;+;143.5	164;153777;154562;+;53.5	96;89876;91843;+;290.2		pfam	pfam_only	A	7/7	uncallable	0	0	unscoreable	1	0	0														not_admitted	not_admitted	not_admitted	not_admitted	not_admitted	not_admitted	not_admitted
NZ_CP122845.1	MPF_T	IncX1;IncX3	56	0	0	GA	1	40;32134;32781;+;45.2	41;32759;33055;+;77.5	42;33074;35827;+;47.3	42;33074;35827;+;148.0	42;33074;35827;+;73.5	43;35838;36596;+;67.3	45;36893;38023;+;103.0		46;38269;38982;+;120.4	47;38987;39916;+;134.9	48;39913;41118;+;133.4	49;41120;42151;+;77.9	50;42154;43989;+;488.6		pfam	pfam_only	A	7/7	canonical	1	1	unscoreable	1	0	0														not_admitted	not_admitted	not_admitted	not_admitted	not_admitted	not_admitted	not_admitted
NZ_CP122849.1	MPF_F	IncFII(pSE11)	97	0	0	GA	0															not_admitted	not_admitted	not_admitted	not_admitted	not_admitted	not_admitted	not_admitted	not_admitted	not_admitted	not_admitted	1	52;46215;47354;-;349.6			54;48497;48970;-;74.4		59;50882;52309;-;94.3	53;47472;48497;-;101.9	61;53024;53590;-;183.8			53;47472;48497;-;27.8	56;49486;50001;-;77.4		D	4/9	contiguous	6809	0	0	
NZ_CP122851.1	MPF_F	IncFIB(pB171);IncFII(pCoo)	127	0	0	GA	0															not_admitted	not_admitted	not_admitted	not_admitted	not_admitted	not_admitted	not_admitted	not_admitted	not_admitted	not_admitted	1	35;25994;26986;+;369.3	50;34720;36093;+;376.8	44;32042;32785;+;233.3	32;22358;24985;+;306.8	51;36090;38912;+;389.2	25;18884;20311;+;94.3	32;22358;24985;+;98.5	23;17603;18169;+;183.8	41;29319;29957;+;68.6	42;29954;31762;+;268.3	55;41184;43400;+;391.7	29;21327;21842;+;78.4	55;41184;43400;+;70.3	A	9/9	contiguous	23581	1	1	38933..39430+;165;TraS;0
NZ_CP122862.1	MPF_F	IncFII(pSE11)	111	0	0	GA	0															not_admitted	not_admitted	not_admitted	not_admitted	not_admitted	not_admitted	not_admitted	not_admitted	not_admitted	not_admitted	1	59;50283;51422;-;349.6			61;52565;53038;-;74.4		66;54950;56377;-;94.3	60;51540;52565;-;101.9	68;57092;57658;-;183.8			60;51540;52565;-;27.8	63;53554;54069;-;77.4		D	4/9	contiguous	6809	0	0	
NZ_CP122865.1	MPF_T	IncX1;IncX3	58	0	0	GA	1	56;46745;47392;+;45.2	57;47370;47666;+;77.5	0;1;2754;+;47.3	0;1;2754;+;148.0	0;1;2754;+;73.5	1;2765;3523;+;67.3	3;3820;4950;+;103.0		4;5196;5909;+;120.0	5;5914;6843;+;134.9	6;6840;8045;+;133.4	7;8047;9078;+;77.9	8;9081;10916;+;488.6		pfam	pfam_only	A	7/7	canonical	1	1	unscoreable	1	0	0														not_admitted	not_admitted	not_admitted	not_admitted	not_admitted	not_admitted	not_admitted
NZ_CP122867.1	MPF_F	IncFIB(pB171);IncFII(pCoo)	128	0	0	GA	0															not_admitted	not_admitted	not_admitted	not_admitted	not_admitted	not_admitted	not_admitted	not_admitted	not_admitted	not_admitted	1	36;25993;26985;+;369.3	51;34719;36092;+;376.8	45;32041;32784;+;233.3	33;22903;24984;+;193.0	52;36089;38911;+;389.2	25;18884;20311;+;94.3	33;22903;24984;+;99.3	23;17603;18169;+;183.8	42;29318;29956;+;68.6	43;29953;31761;+;268.3	56;41183;43399;+;391.7	29;21327;21842;+;78.4	56;41183;43399;+;70.3	A	9/9	contiguous	23580	1	1	38932..39429+;165;TraS;0
NZ_CP122870.1	MPF_T	IncI2(Delta)	79	0	0	GA	1	76;57317;57799;+;81.1	60;40990;41280;+;28.9	61;41387;41671;+;36.5	62;41677;44034;+;60.7	62;41677;44034;+;44.0	51;35823;36464;+;42.8	50;34822;35817;+;128.5		64;44200;44934;+;144.3	65;44931;45701;+;170.4	66;45691;46830;+;154.7	73;54011;55549;+;207.1	68;47976;49934;+;288.2		pfam	pfam_only	A	7/7	rearranged	1	0	unscoreable	14	1	0														not_admitted	not_admitted	not_admitted	not_admitted	not_admitted	not_admitted	not_admitted
NZ_CP122871.1	MPF_F	IncFIB(AP001918);IncFIC(FII)	123	0	0	GA	0															not_admitted	not_admitted	not_admitted	not_admitted	not_admitted	not_admitted	not_admitted	not_admitted	not_admitted	not_admitted	1	104;91228;92220;+;366.8	117;98914;100287;+;381.0	111;96227;96970;+;232.9	101;87592;90219;+;305.1	118;100284;103103;+;389.2	94;84095;85543;+;94.2	101;87592;90219;+;100.2	92;82814;83380;+;180.7	108;93507;94145;+;67.5	109;94142;95950;+;268.3	121;104645;106852;+;391.7	98;86561;87076;+;78.8	121;104645;106852;+;70.3	A	9/9	contiguous	21831	0	1	
NZ_CP122873.1	MPF_T	IncX4	58	0	0	GA	1	42;30412;31032;+;46.9	43;31046;31372;+;64.4	44;31391;34138;+;62.7	44;31391;34138;+;150.8	44;31391;34138;+;45.4	45;34150;34866;+;96.1	46;34877;35956;+;157.5		48;36471;37157;+;169.0	49;37154;38062;+;142.4	50;38055;39173;+;164.1	51;39175;40203;+;85.0	52;40235;42052;+;317.3		pfam	pfam_only	A	7/7	canonical	1	1	unscoreable	1	0	0														not_admitted	not_admitted	not_admitted	not_admitted	not_admitted	not_admitted	not_admitted
NZ_CP122877.1	MPF_T	IncX4	60	0	0	GA	1	16;14534;15154;-;46.9	15;14194;14520;-;64.4	14;11428;14175;-;62.7	14;11428;14175;-;150.8	14;11428;14175;-;45.4	13;10700;11416;-;96.1	12;9610;10689;-;157.5		10;8409;9095;-;169.0	9;7504;8412;-;142.4	5;4564;5484;-;162.7	51;39052;39621;+;84.9	52;39653;41470;+;317.3		pfam	pfam_only	A	7/7	canonical	1	1	unscoreable	4	0	0														not_admitted	not_admitted	not_admitted	not_admitted	not_admitted	not_admitted	not_admitted
NZ_CP122883.1	MPF_T	-	51	0	0	GA	1		3;3126;3434;+;67.6	4;3445;3762;+;84.6	5;3759;6209;+;142.6	5;3759;6209;+;84.6	6;6231;6875;+;97.0	8;7148;8161;+;161.4		10;8650;9267;+;125.0	11;9270;10091;+;197.9	12;10091;11281;+;188.9	13;11259;12296;+;83.1	14;12259;14187;+;404.0		pfam	both	A	7/7	canonical	1	0	unscoreable	2	0	0														not_admitted	not_admitted	not_admitted	not_admitted	not_admitted	not_admitted	not_admitted
NZ_CP122884.1	MPF_F	IncFII(29)	142	0	0	GA	0															not_admitted	not_admitted	not_admitted	not_admitted	not_admitted	not_admitted	not_admitted	not_admitted	not_admitted	not_admitted	1	94;86943;87935;-;369.3	81;78897;80270;-;376.2	88;82483;83226;-;233.3	97;88944;91571;-;302.3	80;76081;78900;-;389.2	101;93480;94907;-;94.3	97;88944;91571;-;99.2	103;95622;96188;-;183.8	91;85308;85946;-;68.6	90;83503;85311;-;267.0	76;71612;73810;-;391.7	98;92087;92602;-;78.0	76;71612;73810;-;70.3	A	9/9	contiguous	24010	1	1	75565..76056-;163;TraS;0
NZ_CP122885.1	MPF_T	IncI2(Delta)	81	0	0	GA	1	4;3104;3586;-;81.1		19;19177;19461;-;36.6	18;16814;19171;-;58.5	18;16814;19171;-;44.9	29;24976;25620;-;41.0	30;25626;26621;-;123.7		16;15914;16648;-;144.4	15;15147;15917;-;170.7	14;14018;15157;-;154.7	7;5355;6893;-;207.1	12;10970;12928;-;288.2		pfam	pfam_only	A	7/7	rearranged	1	0	unscoreable	15	0	0														not_admitted	not_admitted	not_admitted	not_admitted	not_admitted	not_admitted	not_admitted
NZ_CP122914.1	MPF_F	IncFIB(AP001918);IncFIC(FII)	135	0	0	GA	0															not_admitted	not_admitted	not_admitted	not_admitted	not_admitted	not_admitted	not_admitted	not_admitted	not_admitted	not_admitted	1	43;33523;34515;+;369.3	51;39211;40584;+;380.7	47;37247;37990;+;232.7	40;30433;32514;+;191.8	52;40581;43403;+;380.3	35;26549;27976;+;94.3	40;30433;32514;+;101.0	33;25268;25834;+;183.8	44;34524;35162;+;68.3	45;35159;36967;+;268.3	55;44937;47135;+;391.7	38;28857;29372;+;78.0	55;44937;47135;+;70.3	A	9/9	contiguous	19669	1	1	43424..43921+;165;TraS;0
NZ_CP122916.1	MPF_F	IncHI2;IncHI2A	298	0	0	GA	0															not_admitted	not_admitted	not_admitted	not_admitted	not_admitted	not_admitted	not_admitted	not_admitted	not_admitted	not_admitted	1	194;167995;169053;+;276.9	39;33909;35324;-;194.1	40;35314;36360;-;174.3	172;142124;144805;+;168.0	38;29947;33900;-;101.6	168;138439;139794;+;80.7	172;142124;144805;+;72.2	165;135928;136716;+;74.8	192;166342;167853;+;62.0	195;169072;172260;+;57.3	47;43402;45486;+;56.8	171;141165;142115;+;46.1	47;43402;45486;+;38.8	A	9/9	split_3	139125	1	1	28477..29766-;429;unnamed;0
NZ_CP122917.1	MPF_T	IncFIB(AP001918);IncI2(Delta)	141	0	0	GA	1	46;34627;35109;+;81.1		30;18706;18990;+;36.6	31;18996;21353;+;58.5	31;18996;21353;+;44.9	20;12701;13348;+;41.6	19;11709;12695;+;122.2		33;21519;22253;+;144.3	34;22250;23020;+;170.5	35;23010;24149;+;154.7	42;31322;32860;+;207.1	134;117103;119070;-;290.2		pfam	pfam_only	A	7/7	rearranged	1	0	unscoreable	16	0	0														not_admitted	not_admitted	not_admitted	not_admitted	not_admitted	not_admitted	not_admitted
NZ_CP122918.1	MPF_F	IncFIB(pB171);IncFII(pCoo)	122	0	0	GA	0															not_admitted	not_admitted	not_admitted	not_admitted	not_admitted	not_admitted	not_admitted	not_admitted	not_admitted	not_admitted	1	37;27240;28232;+;369.3	49;34630;36003;+;376.8	43;31952;32695;+;233.3	34;23604;26231;+;306.8	50;36000;38822;+;389.2	27;20130;21557;+;94.3	34;23604;26231;+;98.5	25;18849;19415;+;183.8	40;29229;29867;+;68.6	41;29864;31672;+;268.3	54;41094;43292;+;391.7	31;22573;23088;+;78.4	54;41094;43292;+;70.3	A	9/9	contiguous	22245	1	1	38843..39340+;165;TraS;0
NZ_CP122920.1	MPF_F	IncFII(pSE11)	104	0	0	GA	0															not_admitted	not_admitted	not_admitted	not_admitted	not_admitted	not_admitted	not_admitted	not_admitted	not_admitted	not_admitted	1	51;43976;45115;-;349.6			53;46258;46731;-;74.4		59;48643;50070;-;94.3	52;45233;46258;-;101.9	61;50785;51351;-;183.8			52;45233;46258;-;27.8	56;47247;47762;-;77.4		D	4/9	contiguous	6809	0	0	
NZ_CP122921.1	MPF_F	-	33	0	0	GA	0															not_admitted	not_admitted	not_admitted	not_admitted	not_admitted	not_admitted	not_admitted	not_admitted	not_admitted	not_admitted	1	17;10694;11770;+;368.9			14;7058;9685;+;306.8		8;4403;5011;+;73.0	14;7058;9685;+;98.5	5;2304;2870;+;183.8			14;7058;9685;+;22.1	12;6027;6542;+;78.4		D	4/9	contiguous	8390	0	0	
NZ_CP122922.1	MPF_F	IncFIB(AP001918);IncFIC(FII)	110	0	0	GA	0															not_admitted	not_admitted	not_admitted	not_admitted	not_admitted	not_admitted	not_admitted	not_admitted	not_admitted	not_admitted	1	102;83147;83911;+;288.8	103;83937;84671;+;132.5		99;80057;82138;+;193.4	104;84668;87487;+;385.4	91;76015;77463;+;94.2	99;80057;82138;+;101.0	89;74734;75300;+;180.7			107;89029;91209;+;391.8	95;78481;78996;+;78.8	107;89029;91209;+;70.3	C	6/9	contiguous	14295	0	0	
NZ_CP122924.1	MPF_T	IncX4	71	0	0	GA	1	40;41059;41670;+;54.0	41;41642;41956;+;30.3	42;42014;42334;+;46.2	47;46332;48365;+;80.6	43;42337;42753;+;38.0	38;39077;39718;-;32.8	39;39720;40715;-;125.4		49;48496;49233;+;160.1	50;49230;50009;+;167.2	51;49999;51141;+;140.1	52;51141;52160;+;92.1	53;52211;54178;+;290.2		pfam	pfam_only	A	7/7	uncallable	0	0	unscoreable	4	0	0														not_admitted	not_admitted	not_admitted	not_admitted	not_admitted	not_admitted	not_admitted
NZ_CP122931.1	MPF_F	IncFII;IncN	152	1	1	GA	1	123;102788;103435;+;76.4	51;43609;43902;-;28.7	50;43242;43559;-;62.7	49;40642;43242;-;111.8	49;40642;43242;-;76.8	48;39911;40624;-;97.1	46;38620;39660;-;153.6		45;37703;38401;-;131.9	44;36808;37692;-;159.0	43;35648;36808;-;154.9	42;34611;35606;-;81.2	38;28513;30042;+;38.5	103;87909;89717;-;267.1	pfam	both	A	7/7	canonical	1	0	unscoreable	33	0	1	106;90696;91688;-;369.5	95;83588;84961;-;382.9	101;86889;87632;-;234.4	109;92697;95324;-;300.9	94;80772;83591;-;385.4	43;35648;36808;-;154.9	109;92697;95324;-;101.1	117;99618;100184;-;182.7	104;89714;90352;-;70.7	103;87909;89717;-;267.1	91;77033;79240;-;380.8	111;95840;96355;-;76.0	38;28513;30042;+;69.1	A	9/9	split_2	71105	1	1	80256..80747-;163;TraS;0
NZ_CP122932.1	MPF_F	IncFIB(AP001918);IncFII;IncQ1	163	0	0	GA	0															not_admitted	not_admitted	not_admitted	not_admitted	not_admitted	not_admitted	not_admitted	not_admitted	not_admitted	not_admitted	1	131;124860;125852;+;369.6	141;131599;132510;+;294.1	135;128922;129665;+;234.4	128;121224;123851;+;306.4	144;133677;134864;+;162.0	122;117742;119169;+;94.3	128;121224;123851;+;97.8	120;116461;117027;+;183.3	132;126258;126839;+;71.1	133;126900;128645;+;267.2	148;137328;139481;+;391.8	126;120193;120708;+;77.3	148;137328;139481;+;70.4	A	9/9	contiguous	20867	1	1	134842..135795+;317;unnamed;0
NZ_CP122934.1	MPF_T	IncFII(pEH01)	37	0	0	GA	1	18;9303;10007;+;47.3	19;10011;10307;+;67.3	20;10320;13064;+;49.1	20;10320;13064;+;149.6	20;10320;13064;+;48.4	21;13079;13783;+;139.3	23;14035;15102;+;159.8		25;15288;15971;+;189.7	26;15971;16876;+;153.7	27;16918;18183;+;155.2	29;18348;19373;+;67.3	34;21457;23184;+;47.5		pfam	both	A	7/7	canonical	1	1	unscoreable	7	0	0														not_admitted	not_admitted	not_admitted	not_admitted	not_admitted	not_admitted	not_admitted
NZ_CP122935.1	MPF_T	IncX4	48	0	0	GA	1	39;25959;26531;+;47.4	40;26592;26918;+;64.4	41;26937;29684;+;62.7	41;26937;29684;+;152.1	41;26937;29684;+;46.1	42;29696;30412;+;97.3	43;30423;31502;+;157.5		45;31999;32685;+;168.8	46;32682;33590;+;142.4	47;33583;34701;+;164.3	0;1;1029;+;85.0	1;1061;2878;+;316.5		pfam	pfam_only	A	7/7	canonical	1	1	unscoreable	1	0	0														not_admitted	not_admitted	not_admitted	not_admitted	not_admitted	not_admitted	not_admitted
NZ_CP122943.1	MPF_F	IncFII(pCoo)	79	0	0	GA	0															not_admitted	not_admitted	not_admitted	not_admitted	not_admitted	not_admitted	not_admitted	not_admitted	not_admitted	not_admitted	1	6;5119;6111;+;369.3	20;13845;15218;+;376.8	12;9831;10574;+;233.3	3;1483;4110;+;306.8	21;15215;18037;+;389.2	77;67303;68730;+;94.3	3;1483;4110;+;98.5	75;66022;66588;+;183.8	9;7108;7746;+;68.6	10;7743;9551;+;268.3	25;20309;22597;+;391.8	1;452;967;+;78.4	25;20309;22597;+;69.1	A	9/9	split_2	66851	1	1	18058..18555+;165;TraS;0
NZ_CP122988.1	MPF_F	-	73	0	0	GA	0															not_admitted	not_admitted	not_admitted	not_admitted	not_admitted	not_admitted	not_admitted	not_admitted	not_admitted	not_admitted	1	34;33690;34679;-;356.7	27;27492;28856;-;368.8	30;29714;30565;-;197.8	37;35727;38312;-;245.5	26;24649;27492;-;340.1	39;38886;40214;-;93.0	37;35727;38312;-;89.0	41;40931;41497;-;128.7	33;33066;33680;-;75.7	31;30562;32415;-;243.5	23;21091;23268;-;381.3	38;38323;38874;-;44.8	23;21091;23268;-;63.9	A	9/9	contiguous	19840	1	1	24083..24652-;189;unnamed;0
NZ_CP123002.1	MPF_T	-	401	0	0	GA	1	359;342460;343551;-;90.5	362;346310;346657;-;74.6	361;346011;346310;-;78.3	202;193321;195741;-;124.9	202;193321;195741;-;96.5	200;191530;192231;-;48.5	357;340485;341513;-;152.9		356;339759;340451;-;178.5	355;338950;339762;-;201.8	354;337739;338950;-;213.5	353;336736;337758;-;136.9	352;334652;336739;-;312.4		pfam	pfam_only	A	7/7	rearranged	1	0	unscoreable	1	0	0														not_admitted	not_admitted	not_admitted	not_admitted	not_admitted	not_admitted	not_admitted
NZ_CP123004.1	MPF_T	-	246	0	0	GA	1	160;136505;137593;-;98.1	166;141410;141748;-;73.9	165;141107;141406;-;77.2	119;95274;97643;+;205.0	164;139320;141104;-;99.0	159;135792;136493;-;35.5	157;134531;135559;-;146.6		156;133797;134492;-;182.9	155;132991;133800;-;196.3	154;131780;132991;-;206.6	153;130771;131799;-;133.2	129;108208;109776;-;488.4		pfam	pfam_only	A	7/7	uncallable	0	0	unscoreable	9	0	0														not_admitted	not_admitted	not_admitted	not_admitted	not_admitted	not_admitted	not_admitted
NZ_CP123005.1	MPF_T	-	1616	0	0	GA	1		747;733270;733569;-;87.9	746;732924;733265;-;105.8	745;730553;732949;-;172.4	745;730553;732949;-;108.5	744;729852;730553;-;198.9	742;728682;729617;-;160.3		740;727695;728366;-;210.9	739;726841;727695;-;183.3	738;725659;726831;-;180.8	893;887604;889097;-;213.4	520;518159;520078;-;336.2		pfam	both	A	7/7	canonical	1	0	unscoreable	2	0	0														not_admitted	not_admitted	not_admitted	not_admitted	not_admitted	not_admitted	not_admitted
NZ_CP123020.1	MPF_F	IncFII(pCoo)	80	0	0	GA	0															not_admitted	not_admitted	not_admitted	not_admitted	not_admitted	not_admitted	not_admitted	not_admitted	not_admitted	not_admitted	1	51;40721;41713;+;369.5	64;48118;49491;+;388.1	58;45447;46190;+;234.1	48;37082;39712;+;300.9	65;49488;52313;+;384.7	40;32395;33822;+;93.6	48;37082;39712;+;101.1	38;31114;31680;+;182.3	53;42057;42695;+;68.6	56;43407;45170;+;267.3	69;54555;56762;+;380.8	44;34944;35459;+;77.9	69;54555;56762;+;66.5	A	9/9	contiguous	23441	1	1	52310..52819+;169;unnamed;0
NZ_CP123032.1	-	-	49	0	0	GA	1	23;19401;20390;+;33.5	5;4382;4849;-;68.9	4;4068;4382;-;47.7	3;1547;4054;-;91.4	3;1547;4054;-;113.3	2;790;1578;-;48.6	48;37936;39042;-;30.0		46;36828;37544;-;104.8	45;35884;36810;-;141.2	43;33926;35428;-;208.3	6;4860;5843;-;133.6	21;16853;18841;+;359.1		conjscan	conjscan_only	A	7/7	rearranged	1	0	unscoreable	3	0	0														not_admitted	not_admitted	not_admitted	not_admitted	not_admitted	not_admitted	not_admitted
NZ_CP123041.1	MPF_F	IncFII(K);IncQ1;repB(R1701)	148	0	0	GA	0															not_admitted	not_admitted	not_admitted	not_admitted	not_admitted	not_admitted	not_admitted	not_admitted	not_admitted	not_admitted	1	114;85173;86162;+;366.6	124;91709;93076;+;384.0	120;89699;90451;+;233.3	110;81091;83730;+;258.5	125;93076;95925;+;346.4	103;76474;77898;+;89.2	110;81091;83730;+;88.2	101;75181;75747;+;169.3	115;86175;86813;+;66.9	116;86872;88827;+;259.7	129;98387;100699;+;393.1	104;78012;78596;+;53.6	129;98387;100699;+;66.6	A	9/9	contiguous	23206	1	1	95928..96461+;177;unnamed;0
NZ_CP123047.1	MPF_F	IncFIB(AP001918);IncFIC(FII)	215	0	0	GA	0															not_admitted	not_admitted	not_admitted	not_admitted	not_admitted	not_admitted	not_admitted	not_admitted	not_admitted	not_admitted	1	72;68364;69356;+;369.3	83;75002;76375;+;380.9	76;72085;72828;+;235.0	69;64728;67355;+;303.8	84;76372;79197;+;385.2	62;61246;62673;+;94.3	69;64728;67355;+;99.2	60;59965;60531;+;184.4	73;69365;70003;+;68.4	74;70000;71808;+;268.0	87;80701;82854;+;391.9	66;63697;64212;+;78.0	87;80701;82854;+;70.4	A	9/9	contiguous	20736	1	1	79194..79703+;169;unnamed;0
NZ_CP123048.1	MPF_F	IncFII(pHN7A8)	127	0	0	GA	0															not_admitted	not_admitted	not_admitted	not_admitted	not_admitted	not_admitted	not_admitted	not_admitted	not_admitted	not_admitted	1	16;12172;13164;+;369.5	29;20001;21374;+;376.8	24;17845;18435;+;215.9	13;8536;11163;+;301.8	30;21371;24187;+;376.4	8;5054;6481;+;94.1	13;8536;11163;+;101.8	6;3773;4339;+;183.8	19;14110;14748;+;70.4	22;15561;17411;+;265.0	34;26488;28740;+;391.7	12;7505;8020;+;78.0	34;26488;28740;+;70.3	A	9/9	contiguous	22715	1	1	24220..24741+;173;unnamed;0
NZ_CP123049.1	MPF_T	IncX3	58	0	0	GA	1	47;35556;36200;+;46.4	48;36184;36474;+;73.1	49;36499;39252;+;47.0	49;36499;39252;+;142.4	49;36499;39252;+;73.3	50;39262;40032;+;60.1	52;40311;41366;+;133.2		53;41561;42289;+;119.4	54;42295;43224;+;138.8	55;43221;44435;+;128.3	57;44631;45665;+;65.7	0;275;1342;+;328.0		pfam	pfam_only	A	7/7	canonical	1	1	unscoreable	2	0	0														not_admitted	not_admitted	not_admitted	not_admitted	not_admitted	not_admitted	not_admitted
NZ_CP123196.1	MPF_F	IncFII(pHN7A8);IncX1	134	0	0	GA	0															not_admitted	not_admitted	not_admitted	not_admitted	not_admitted	not_admitted	not_admitted	not_admitted	not_admitted	not_admitted	1	20;20751;21743;-;369.5	7;12545;13918;-;376.8	12;15484;16227;-;234.4	23;22752;25379;-;301.8	6;9732;12548;-;376.7	28;27434;28861;-;94.1	23;22752;25379;-;101.8	30;29576;30142;-;183.8	17;19167;19805;-;70.4	14;16504;18354;-;265.0	2;5224;7431;-;391.7	24;25895;26410;-;78.0	2;5224;7431;-;70.3	A	9/9	contiguous	24352	1	1	9178..9699-;173;unnamed;0
NZ_CP123213.1	MPF_I	-	156	0	0	GA	1	94;73142;73633;+;77.2			19;12897;15344;+;68.9		20;15341;16027;+;56.3	22;16424;17356;+;135.1		23;17781;18569;+;100.5	24;18559;19368;+;138.9	25;19355;20746;+;126.5	97;74937;76127;+;105.4	35;25144;26805;+;262.8		pfam	pfam_only	A	7/7	canonical	1	0	unscoreable	12	0	0														not_admitted	not_admitted	not_admitted	not_admitted	not_admitted	not_admitted	not_admitted
NZ_CP123216.1	MPF_T	-	197	0	0	GA	1	39;36804;37511;+;36.6			42;38301;40748;+;68.9		43;40745;41431;+;56.3	45;41828;42760;+;135.1		46;43185;43973;+;100.5	47;43963;44772;+;138.9	48;44759;46150;+;126.5	49;46160;47215;+;52.3	58;50548;52209;+;262.8		pfam	pfam_only	A	7/7	canonical	1	0	unscoreable	10	0	0														not_admitted	not_admitted	not_admitted	not_admitted	not_admitted	not_admitted	not_admitted
NZ_CP123224.1	MPF_T	-	73	0	0	GA	1	16;11400;12107;+;36.6			19;12897;15344;+;68.9		20;15341;16027;+;56.3	22;16424;17356;+;135.1		23;17781;18569;+;100.5	24;18559;19368;+;138.9	25;19355;20746;+;126.5	26;20756;21811;+;52.3	35;25144;26805;+;262.8		pfam	pfam_only	A	7/7	canonical	1	0	unscoreable	10	0	0														not_admitted	not_admitted	not_admitted	not_admitted	not_admitted	not_admitted	not_admitted
NZ_CP123238.1	MPF_F	IncFIB(AP001918);IncFIC(FII)	144	0	0	GA	0															not_admitted	not_admitted	not_admitted	not_admitted	not_admitted	not_admitted	not_admitted	not_admitted	not_admitted	not_admitted	1	93;79443;80435;-;369.3	82;72384;73760;-;378.0	89;75971;76714;-;234.1	99;84348;86534;-;305.9	81;69565;72387;-;389.5	106;88589;90016;-;94.3	96;81444;82340;-;50.5	108;90731;91297;-;183.8	92;78796;79434;-;68.4	91;76991;78799;-;268.4	78;65883;68036;-;391.9	102;87050;87565;-;78.4	78;65883;68036;-;70.4	A	9/9	contiguous	24848	1	1	69052..69543-;163;TraS;0
NZ_CP123239.1	MPF_F	IncFII(29)	93	0	0	GA	0															not_admitted	not_admitted	not_admitted	not_admitted	not_admitted	not_admitted	not_admitted	not_admitted	not_admitted	not_admitted	1	60;45729;46721;+;368.6	69;51783;53156;+;379.0	64;49450;50193;+;232.2	57;42093;44720;+;305.4	70;53153;55978;+;387.3	51;38611;40038;+;94.3	57;42093;44720;+;98.5	49;37330;37896;+;183.8	61;46730;47368;+;67.3	62;47365;49173;+;268.0	73;57482;59671;+;391.8	55;41062;41577;+;78.4	73;57482;59671;+;70.3	A	9/9	contiguous	20152	1	1	55975..56484+;169;unnamed;0
NZ_CP123241.1	MPF_F	IncFIB(AP001918);IncFIC(FII)	169	0	0	GA	0															not_admitted	not_admitted	not_admitted	not_admitted	not_admitted	not_admitted	not_admitted	not_admitted	not_admitted	not_admitted	1	121;120235;121227;-;369.3	110;113176;114549;-;378.0	117;116763;117506;-;234.1	124;122236;124863;-;305.4	109;110357;113179;-;389.5	130;126918;128345;-;94.3	124;122236;124863;-;98.5	132;129060;129626;-;183.8	120;119588;120226;-;68.4	119;117783;119591;-;268.4	106;106675;108828;-;391.9	126;125379;125894;-;78.4	106;106675;108828;-;70.4	A	9/9	contiguous	22385	1	1	109844..110335-;163;TraS;0
NZ_CP123242.1	MPF_T	IncX3	57	0	0	GA	1	31;29040;29684;-;46.4	30;28766;29056;-;73.1	29;25988;28741;-;47.0	29;25988;28741;-;142.4	29;25988;28741;-;73.3	28;25208;25978;-;60.1	26;23874;24929;-;133.2		25;22951;23679;-;119.4	24;22016;22945;-;138.8	23;20805;22019;-;128.3	21;19575;20609;-;65.7	20;17737;19572;-;495.9		pfam	pfam_only	A	7/7	canonical	1	1	unscoreable	2	0	0														not_admitted	not_admitted	not_admitted	not_admitted	not_admitted	not_admitted	not_admitted
NZ_CP123245.1	MPF_F	IncHI2;IncHI2A	249	0	0	GA	0															not_admitted	not_admitted	not_admitted	not_admitted	not_admitted	not_admitted	not_admitted	not_admitted	not_admitted	not_admitted	1	27;31208;32266;+;276.9	166;153322;154737;-;194.1	167;154727;155773;-;174.3	11;8955;11636;+;168.0	165;149360;153313;-;101.7	7;5270;6625;+;80.7	11;8955;11636;+;72.2	4;2758;3546;+;74.8	25;29555;31066;+;61.8	28;32285;35473;+;57.3	174;162815;164899;+;56.8	10;7996;8946;+;46.1	174;162815;164899;+;38.8	A	9/9	split_3	160057	1	1	147890..149179-;429;unnamed;0
NZ_CP123246.1	MPF_F	IncFIB(AP001918);IncFIC(FII)	121	0	0	GA	0															not_admitted	not_admitted	not_admitted	not_admitted	not_admitted	not_admitted	not_admitted	not_admitted	not_admitted	not_admitted	1	72;75021;76013;-;369.3	61;67962;69335;-;378.0	68;71549;72292;-;234.1	75;77022;79649;-;305.4	60;65143;67965;-;389.5	81;81704;83131;-;94.3	75;77022;79649;-;98.5	84;83850;84416;-;183.8	71;74374;75012;-;68.4	70;72569;74377;-;268.4	57;61461;63614;-;391.9	77;80165;80680;-;78.4	57;61461;63614;-;70.4	A	9/9	contiguous	22389	1	1	64630..65121-;163;TraS;0
NZ_CP123248.1	MPF_F	IncHI2;IncHI2A;IncQ1	268	0	0	GA	0															not_admitted	not_admitted	not_admitted	not_admitted	not_admitted	not_admitted	not_admitted	not_admitted	not_admitted	not_admitted	1	27;31202;32260;+;276.9	180;169328;170743;-;194.1	181;170733;171779;-;174.3	11;8955;11636;+;168.0	179;165366;169319;-;101.7	7;5270;6625;+;80.7	11;8955;11636;+;72.2	4;2758;3546;+;74.8	25;29549;31060;+;62.0	28;32279;35467;+;57.3	188;178821;180905;+;56.8	10;7996;8946;+;46.1	188;178821;180905;+;38.8	A	9/9	split_3	176063	1	1	163896..165185-;429;unnamed;0
NZ_CP123250.1	MPF_T	IncX1	60	0	0	GA	1	43;30484;31128;+;47.1	44;31112;31402;+;73.5	45;31426;34185;+;44.8	45;31426;34185;+;133.3	45;31426;34185;+;71.9	46;34187;34924;+;57.5	48;35206;36261;+;131.7		49;36451;37173;+;116.0	50;37179;38096;+;132.5	51;38093;39307;+;128.6	52;39325;40362;+;66.4	53;40367;42202;+;543.4		pfam	pfam_only	A	7/7	canonical	1	1	unscoreable	1	0	0														not_admitted	not_admitted	not_admitted	not_admitted	not_admitted	not_admitted	not_admitted
NZ_CP123257.1	MPF_F	IncFII(pHN7A8)	92	0	0	GA	0															not_admitted	not_admitted	not_admitted	not_admitted	not_admitted	not_admitted	not_admitted	not_admitted	not_admitted	not_admitted	1	65;53904;54896;+;369.5	78;61729;63102;+;376.8	73;59420;60163;+;234.4	62;50268;52895;+;301.8	79;63099;65915;+;376.7	57;46786;48213;+;94.1	62;50268;52895;+;101.8	55;45505;46071;+;183.8	68;55842;56480;+;70.4	71;57293;59143;+;265.0	83;68216;70432;+;391.7	61;49237;49752;+;78.0	83;68216;70432;+;70.3	A	9/9	contiguous	22711	1	1	65948..66469+;173;unnamed;0
NZ_CP123262.1	MPF_F	IncFIA;IncFIB(AP001918);IncFII(pSE11)	153	0	0	GA	0															not_admitted	not_admitted	not_admitted	not_admitted	not_admitted	not_admitted	not_admitted	not_admitted	not_admitted	not_admitted	1	96;92218;93210;-;369.3	83;84159;85532;-;376.8	89;87467;88210;-;233.3	99;94219;96846;-;306.8	82;81343;84162;-;385.6	105;98898;100325;-;94.1	99;94219;96846;-;98.8	107;101040;101606;-;183.8	92;90292;90930;-;68.6	91;88487;90295;-;267.7	78;76910;79099;-;388.7	101;97362;97877;-;75.0	78;76910;79099;-;66.6	A	9/9	contiguous	24130	1	1	80827..81318-;163;TraS;0
NZ_CP123264.1	MPF_T	IncX3	57	0	0	GA	1	2;1137;1781;+;46.4	3;1765;2055;+;73.1	4;2080;4833;+;47.0	4;2080;4833;+;142.4	4;2080;4833;+;73.3	5;4843;5613;+;60.1	7;5892;6947;+;133.2		8;7142;7870;+;119.4	9;7876;8805;+;138.8	10;8802;10016;+;128.3	12;10212;11246;+;65.7	13;11249;13084;+;495.9		pfam	pfam_only	A	7/7	canonical	1	1	unscoreable	2	0	0														not_admitted	not_admitted	not_admitted	not_admitted	not_admitted	not_admitted	not_admitted
NZ_CP123267.1	MPF_F	IncFIB(AP001918);IncFIC(FII);IncN	170	0	0	GA	0															not_admitted	not_admitted	not_admitted	not_admitted	not_admitted	not_admitted	not_admitted	not_admitted	not_admitted	not_admitted	1	122;119080;120072;-;369.3	111;112021;113394;-;378.0	118;115608;116351;-;234.1	125;121081;123708;-;305.4	110;109202;112024;-;389.5	131;125763;127190;-;94.3	125;121081;123708;-;98.5	133;127905;128471;-;183.8	121;118433;119071;-;68.4	120;116628;118436;-;268.4	107;105520;107673;-;391.9	127;124224;124739;-;78.4	107;105520;107673;-;70.4	A	9/9	contiguous	22385	1	1	108689..109180-;163;TraS;0
NZ_CP123279.1	-	-	75	0	0	GA	0															not_admitted	not_admitted	not_admitted	not_admitted	not_admitted	not_admitted	not_admitted	not_admitted	not_admitted	not_admitted	1				68;53459;56041;+;49.3			68;53459;56041;+;64.8						24;23071;25023;+;36.6	D	1/9	split_2	30388	0	0	
NZ_CP123281.1	MPF_F	IncHI2;IncHI2A	215	0	0	GA	0															not_admitted	not_admitted	not_admitted	not_admitted	not_admitted	not_admitted	not_admitted	not_admitted	not_admitted	not_admitted	1	27;31208;32266;+;276.9			11;8955;11636;+;168.0		7;5270;6625;+;80.7	11;8955;11636;+;72.2	4;2758;3546;+;74.8	25;29555;31066;+;62.0	28;32285;35473;+;57.3		10;7996;8946;+;46.1		C	6/9	split_2	29527	0	1	
NZ_CP123353.1	MPF_T	-	442	0	0	GA	1	286;299503;300606;+;72.6	287;300603;300962;+;51.5	288;300965;301291;+;49.1	289;301295;303814;+;138.3	289;301295;303814;+;93.9		293;305994;307067;+;87.4		294;307191;307904;+;119.9	295;307901;308734;+;181.0	296;308745;310064;+;189.0	297;310061;311110;+;128.1	298;311079;313811;+;222.1		none	none	A	7/7	canonical	0	0	unscoreable	2	0	0														not_admitted	not_admitted	not_admitted	not_admitted	not_admitted	not_admitted	not_admitted
NZ_CP123366.1	MPF_F	Col3M	242	0	0	GA	0															not_admitted	not_admitted	not_admitted	not_admitted	not_admitted	not_admitted	not_admitted	not_admitted	not_admitted	not_admitted	1	228;208763;209818;+;268.1	241;221259;222668;+;230.0	240;220236;221243;+;214.6	224;204284;206770;+;208.2		221;201568;202860;+;116.8	224;204284;206770;+;113.3	219;199917;200570;+;92.3	128;120580;121896;+;61.6	2;1852;4623;+;119.2	213;195524;197437;+;20.5	222;202877;203389;+;69.8	213;195524;197437;+;24.7	B	8/9	split_3	219407	0	1	
NZ_CP123367.1	-	-	72	0	0	GA	0															not_admitted	not_admitted	not_admitted	not_admitted	not_admitted	not_admitted	not_admitted	not_admitted	not_admitted	not_admitted	1	4;3695;4681;-;360.3	69;66545;67933;-;337.3	1;438;1226;-;208.2	7;5725;8418;-;248.7	68;63665;66538;-;304.2	16;11849;13219;-;93.4	7;5725;8418;-;121.2	18;13963;14535;-;119.3	3;3061;3678;-;69.1	2;1223;3061;-;233.4	64;60198;62417;-;389.1	8;8415;8984;-;52.9	64;60198;62417;-;77.6	A	9/9	split_2	66107	1	1	63227..63652-;141;unnamed;0
NZ_CP123368.1	-	-	87	0	0	GA	1	24;16529;17149;+;35.7	25;17151;17495;+;37.1	26;17536;17850;+;38.2	27;17855;20290;+;55.2	27;17855;20290;+;39.9	28;20287;20976;+;48.2	29;20994;21998;+;102.5		31;22158;22907;+;151.2	32;22904;23701;+;171.1	33;23701;24915;+;137.9	34;24964;25986;+;97.8	35;26128;28140;+;300.6		pfam	pfam_only	A	7/7	canonical	1	0	unscoreable	1	0	0														not_admitted	not_admitted	not_admitted	not_admitted	not_admitted	not_admitted	not_admitted
NZ_CP123369.1	MPF_F	Col3M	226	0	0	GA	0															not_admitted	not_admitted	not_admitted	not_admitted	not_admitted	not_admitted	not_admitted	not_admitted	not_admitted	not_admitted	1	209;194398;195453;-;268.1	196;181548;182957;-;230.0	197;182973;183980;-;214.6	213;197446;199932;-;208.2	195;178295;181528;-;215.1	216;201356;202648;-;116.8	213;197446;199932;-;113.3	218;203646;204299;-;92.3	210;195453;196673;-;45.3	193;175053;177824;-;119.2	224;206779;208692;-;20.5	215;200827;201339;-;69.8	224;206779;208692;-;24.7	A	9/9	contiguous	31726	0	1	
NZ_CP123370.1	MPF_F	-	114	0	0	GA	0															not_admitted	not_admitted	not_admitted	not_admitted	not_admitted	not_admitted	not_admitted	not_admitted	not_admitted	not_admitted	1	53;46202;47209;-;332.9			58;49961;52408;-;354.5		63;59964;61280;-;135.0	58;49961;52408;-;128.3	65;62178;62804;-;92.7	55;47874;49139;-;67.9	52;43288;46086;-;145.3	74;66614;68479;-;47.3	62;59389;59967;-;100.2	74;66614;68479;-;52.0	C	6/9	contiguous	23326	0	1	
NZ_CP123371.1	-	-	72	0	0	GA	0															not_admitted	not_admitted	not_admitted	not_admitted	not_admitted	not_admitted	not_admitted	not_admitted	not_admitted	not_admitted	1	3;3517;4503;-;360.3	69;67095;68483;-;337.3	0;260;1048;-;208.2	6;5547;8240;-;248.7	68;64215;67088;-;304.2	15;11671;13041;-;93.4	6;5547;8240;-;121.2	17;13785;14357;-;119.3	2;2883;3500;-;69.1	1;1045;2883;-;233.4	64;60748;62967;-;389.1	7;8237;8806;-;52.9	64;60748;62967;-;77.6	A	9/9	split_2	66835	1	1	63777..64202-;141;unnamed;0
NZ_CP123372.1	-	-	60	0	0	GA	0															not_admitted	not_admitted	not_admitted	not_admitted	not_admitted	not_admitted	not_admitted	not_admitted	not_admitted	not_admitted	1	11;11136;12131;-;364.4	4;4921;6297;-;328.3	8;7763;8554;-;207.6	14;13170;15881;-;234.5	3;2018;4915;-;314.2	21;18326;19690;-;92.4	14;13170;15881;-;121.9	23;20434;21003;-;124.6	10;10386;11120;-;70.7	9;8554;10389;-;238.1	59;54302;55747;-;275.0	15;15884;16438;-;48.8	59;54302;55747;-;77.6	A	9/9	split_2	52284	1	1	1534..2052-;172;unnamed;0
NZ_CP123373.1	MPF_F	Col3M	352	0	0	GA	0															not_admitted	not_admitted	not_admitted	not_admitted	not_admitted	not_admitted	not_admitted	not_admitted	not_admitted	not_admitted	1	291;267963;268970;-;332.9	114;110013;111422;-;230.0	115;111438;112445;-;214.6	296;271722;274169;-;354.5	113;106760;109993;-;215.1	301;281725;283041;-;135.0	296;271722;274169;-;128.3	303;283939;284565;-;92.7	293;269635;270900;-;67.9	290;265049;267847;-;145.3	312;288375;290240;-;47.3	300;281150;281728;-;100.2	312;288375;290240;-;52.0	A	9/9	split_2	181615	0	1	
NZ_CP123374.1	-	-	133	0	0	GA	0															not_admitted	not_admitted	not_admitted	not_admitted	not_admitted	not_admitted	not_admitted	not_admitted	not_admitted	not_admitted	1	125;117557;118552;+;364.4	62;54635;56023;+;337.3	58;52189;52977;+;208.2	52;44997;47690;+;248.7	63;56030;58903;+;304.2	43;40196;41566;+;93.4	122;113807;116518;+;121.9	113;108685;109254;+;124.6	126;118568;119302;+;70.7	127;119299;121134;+;238.1	67;60151;62370;+;389.1	51;44431;45000;+;52.9	67;60151;62370;+;77.6	A	9/9	split_2	79103	1	1	58916..59341+;141;unnamed;0
NZ_CP123432.1	MPF_F	IncFII(K);IncQ1;repB(R1701)	171	0	0	GA	0															not_admitted	not_admitted	not_admitted	not_admitted	not_admitted	not_admitted	not_admitted	not_admitted	not_admitted	not_admitted	1	112;96510;97499;-;366.6	102;89596;90963;-;384.0	106;92221;92973;-;233.3	116;98942;101581;-;258.5	101;86747;89596;-;346.4	123;104774;106198;-;89.2	116;98942;101581;-;88.2	125;106925;107491;-;169.3	111;95859;96497;-;66.9	110;93845;95800;-;259.7	97;81973;84285;-;393.1	122;104076;104660;-;53.6	97;81973;84285;-;66.6	A	9/9	contiguous	24952	1	1	86211..86744-;177;unnamed;0
NZ_CP123446.1	-	-	261	0	0	GA	0															not_admitted	not_admitted	not_admitted	not_admitted	not_admitted	not_admitted	not_admitted	not_admitted	not_admitted	not_admitted	1				99;62974;65835;-;31.5			99;62974;65835;-;82.4	104;68876;69511;-;30.6			182;140104;141456;-;29.0		109;71126;72925;-;27.1	D	2/9	split_2	77130	0	0	
NZ_CP123492.1	-	-	70	0	0	GA	0															not_admitted	not_admitted	not_admitted	not_admitted	not_admitted	not_admitted	not_admitted	not_admitted	not_admitted	not_admitted	1	26;28991;29980;-;365.7	21;24060;25484;-;336.5	23;26011;26772;-;210.8	33;33575;36160;-;217.9	20;21279;24059;-;250.0	37;37392;38708;-;90.8	33;33575;36160;-;91.9	39;39415;39984;-;102.9	25;28558;28980;-;57.9	24;26769;28565;-;234.4	17;17619;19721;-;390.1	34;36160;36693;-;25.6	17;17619;19721;-;60.4	A	9/9	contiguous	21796	1	1	20632..21282-;216;unnamed;0
NZ_CP123493.1	-	-	56	0	0	GA	1	12;9652;10278;+;47.1	13;10275;10556;+;72.9	14;10575;13319;+;71.7	14;10575;13319;+;115.1	14;10575;13319;+;34.7	15;13320;14024;+;98.8	17;14310;15404;+;152.4		19;15701;16390;+;148.2	20;16390;17283;+;144.7	21;17276;18409;+;165.2	22;18409;19425;+;85.7	23;19412;21280;+;331.8		pfam	pfam_only	A	7/7	canonical	1	1	unscoreable	2	0	0														not_admitted	not_admitted	not_admitted	not_admitted	not_admitted	not_admitted	not_admitted
NZ_CP123494.1	-	-	52	0	0	GA	1	10;10804;11430;-;51.3			8;7651;10206;-;90.8		7;7004;7666;-;54.1									pfam	pfam_only	D	1/7	uncallable	0	0	unscoreable	1	0	0														not_admitted	not_admitted	not_admitted	not_admitted	not_admitted	not_admitted	not_admitted
NZ_CP123495.1	-	-	42	0	0	GA	1	24;23748;24368;-;41.0			22;20606;23038;-;59.4	22;20606;23038;-;38.0	21;19947;20609;-;48.9	20;18884;19933;-;105.2		19;17963;18733;-;150.7	18;17191;17976;-;172.3	17;15988;17181;-;135.9	16;14939;15988;-;101.1	15;12971;14926;-;283.6		pfam	pfam_only	A	7/7	canonical	1	0	unscoreable	1	0	0														not_admitted	not_admitted	not_admitted	not_admitted	not_admitted	not_admitted	not_admitted
NZ_CP123505.1	-	-	131	0	0	GA	0															not_admitted	not_admitted	not_admitted	not_admitted	not_admitted	not_admitted	not_admitted	not_admitted	not_admitted	not_admitted	1	45;60571;61563;-;366.3	40;55703;57061;-;336.7	42;57588;58349;-;209.4	50;64030;66615;-;213.1	39;52884;55700;-;251.3	123;138097;139413;-;91.2	50;64030;66615;-;92.0	125;140120;140689;-;100.1	44;60138;60560;-;57.9	43;58346;60145;-;237.2	105;118831;120921;-;389.2	51;66615;67157;-;27.9	36;49195;51252;-;60.7	A	9/9	split_2	90925	1	1	52168..52887-;239;unnamed;0
NZ_CP123508.1	-	-	68	0	0	GA	0															not_admitted	not_admitted	not_admitted	not_admitted	not_admitted	not_admitted	not_admitted	not_admitted	not_admitted	not_admitted	1	40;40363;41352;-;365.6	34;34884;36257;-;363.3	37;37134;37874;-;204.9	44;42562;45183;-;269.5	33;32035;34884;-;300.7	49;46774;48150;-;94.3	44;42562;45183;-;98.0	51;48867;49433;-;145.9	39;39693;40352;-;62.9	38;37871;39700;-;243.7	31;29445;31511;-;399.0	45;45207;45707;-;58.0	31;29445;31511;-;70.2	A	9/9	contiguous	19422	1	1	31511..32038-;175;unnamed;0
NZ_CP123509.1	MPF_T	-	67	0	0	GA	1	46;43067;43537;+;96.9	22;17921;18196;+;47.6	23;18211;20961;+;38.3	23;18211;20961;+;139.5	23;18211;20961;+;61.1	24;20972;21721;+;117.5	26;22063;23253;+;125.1		27;23442;24134;+;144.1	28;24137;25066;+;151.1	29;25063;26436;+;139.1	39;36402;37910;+;210.4	31;27451;29304;+;381.7		pfam	pfam_only	A	7/7	canonical	1	1	unscoreable	14	0	0														not_admitted	not_admitted	not_admitted	not_admitted	not_admitted	not_admitted	not_admitted
NZ_CP123513.1	-	-	45	0	0	GA	1	27;23020;23628;-;54.0	26;22690;23019;-;42.4	25;22312;22653;-;42.0	23;19938;22016;-;56.7		21;19116;19778;-;49.4	20;18106;19101;-;113.9		19;17217;17969;-;136.8	18;16435;17199;-;165.6	17;15267;16448;-;131.7	16;14240;15256;-;99.9	13;10910;12643;-;287.1		pfam	pfam_only	A	7/7	canonical	1	0	unscoreable	4	0	0														not_admitted	not_admitted	not_admitted	not_admitted	not_admitted	not_admitted	not_admitted
NZ_CP123526.1	-	-	139	0	0	GA	0															not_admitted	not_admitted	not_admitted	not_admitted	not_admitted	not_admitted	not_admitted	not_admitted	not_admitted	not_admitted	1		102;105083;106429;-;229.9	103;106426;107433;-;207.0	23;22404;24872;-;206.8	100;99873;103067;-;220.6	26;26306;27610;-;119.1	23;22404;24872;-;109.1	28;28683;29336;-;98.1	20;20662;21600;-;46.3	70;64811;67594;+;113.4		25;25778;26287;-;69.6	83;82297;86145;+;32.4	B	8/9	split_2	85764	0	1	
NZ_CP123530.1	-	-	60	0	0	GA	1	57;45375;45845;-;96.4	19;19352;19639;-;44.8	18;16568;19333;-;51.1	18;16568;19333;-;139.1	18;16568;19333;-;48.1	17;15828;16553;-;107.9	15;14459;15499;-;121.3		13;13394;14080;-;167.8	12;12483;13397;-;144.3	11;11200;12486;-;140.1	1;609;2123;-;211.8	8;8123;9955;-;399.8		pfam	pfam_only	A	7/7	canonical	1	1	unscoreable	8	0	0														not_admitted	not_admitted	not_admitted	not_admitted	not_admitted	not_admitted	not_admitted
NZ_CP123532.1	-	-	50	0	0	GA	0															not_admitted	not_admitted	not_admitted	not_admitted	not_admitted	not_admitted	not_admitted	not_admitted	not_admitted	not_admitted	1	26;25592;26584;-;365.7	21;20724;22082;-;338.5	23;22609;23370;-;208.3	32;30201;32786;-;209.6	20;17941;20721;-;250.1	36;34018;35340;-;92.5	32;30201;32786;-;91.9	38;36047;36616;-;100.7	25;25159;25581;-;57.9	24;23367;25166;-;236.1	17;14250;16307;-;387.0	33;32786;33319;-;26.0	17;14250;16307;-;62.0	A	9/9	contiguous	21797	1	1	17222..17944-;240;unnamed;0
NZ_CP123535.1	-	-	52	0	0	GA	1	38;27448;27882;+;42.0	39;27953;28234;+;69.4	40;28275;30998;+;63.5	40;28275;30998;+;117.3	40;28275;30998;+;36.0	41;30999;31703;+;100.6	43;32045;33133;+;156.3		45;33430;34119;+;150.5	46;34119;35012;+;143.6	47;35005;36138;+;164.2	48;36138;37154;+;85.8	49;37141;39009;+;330.7		pfam	pfam_only	A	7/7	canonical	1	1	unscoreable	2	0	0														not_admitted	not_admitted	not_admitted	not_admitted	not_admitted	not_admitted	not_admitted
NZ_CP123537.1	-	-	43	0	0	GA	1	19;16616;17224;-;54.4	18;16286;16615;-;42.4	17;15908;16249;-;42.0	16;13534;15906;-;56.7	16;13534;15906;-;44.9	14;12712;13374;-;49.4	13;11702;12697;-;113.9		12;10813;11565;-;136.8	11;10031;10795;-;165.6	10;8863;10044;-;131.7	9;7836;8852;-;99.9	8;5819;7831;-;286.7		pfam	pfam_only	A	7/7	canonical	1	0	unscoreable	1	0	0														not_admitted	not_admitted	not_admitted	not_admitted	not_admitted	not_admitted	not_admitted
NZ_CP123547.1	-	-	138	0	0	GA	0															not_admitted	not_admitted	not_admitted	not_admitted	not_admitted	not_admitted	not_admitted	not_admitted	not_admitted	not_admitted	1		94;90319;91665;-;229.9	95;91662;92669;-;207.0	12;8329;10797;-;206.8	92;85108;88302;-;220.6	15;12231;13535;-;119.1	12;8329;10797;-;109.1	17;14608;15261;-;98.1	9;6587;7525;-;46.3	61;51990;54773;+;113.4		14;11703;12212;-;69.6	75;68732;71380;+;29.5	B	8/9	split_2	85075	0	1	
NZ_CP123556.1	-	-	37	0	0	GA	1	36;31892;32500;-;54.0	35;31562;31891;-;42.4	34;31184;31525;-;41.5	33;28810;31182;-;55.4	33;28810;31182;-;47.1	31;27988;28650;-;48.2	30;26978;27973;-;113.9		29;26089;26841;-;135.0	28;25307;26071;-;165.6	27;24139;25320;-;130.6	26;23112;24128;-;101.2	25;21099;23108;-;286.0		pfam	pfam_only	A	7/7	canonical	1	0	unscoreable	1	0	0														not_admitted	not_admitted	not_admitted	not_admitted	not_admitted	not_admitted	not_admitted
NZ_CP123564.1	-	-	134	0	0	GA	0															not_admitted	not_admitted	not_admitted	not_admitted	not_admitted	not_admitted	not_admitted	not_admitted	not_admitted	not_admitted	1		13;10903;12249;+;229.9	12;9899;10906;+;207.0	94;91792;94260;+;206.8	16;14273;17467;+;220.6	91;89054;90358;+;119.1	94;91792;94260;+;109.1	89;87328;87981;+;98.1	97;95064;96002;+;46.3	43;47805;50588;-;113.4		92;90377;90886;+;69.6		B	8/9	split_3	85165	0	1	
NZ_CP123573.1	-	-	39	0	0	GA	1	9;5048;5656;+;54.0	10;5657;5986;+;42.4	11;6023;6364;+;41.5	12;6366;8738;+;55.4	12;6366;8738;+;47.1	14;8898;9560;+;48.2	15;9575;10570;+;113.9		16;10707;11459;+;135.0	17;11477;12241;+;165.6	18;12228;13409;+;130.6	19;13420;14436;+;101.2	20;14440;16449;+;286.0		pfam	pfam_only	A	7/7	canonical	1	0	unscoreable	1	0	0														not_admitted	not_admitted	not_admitted	not_admitted	not_admitted	not_admitted	not_admitted
NZ_CP123582.1	MPF_T	rep38	49	0	0	GA	1				28;27272;29287;-;23.5									22;21696;23246;-;464.9		none	none	D	2/7	uncallable	0	0	unscoreable	5	0	0														not_admitted	not_admitted	not_admitted	not_admitted	not_admitted	not_admitted	not_admitted
NZ_CP123587.1	-	-	118	0	0	GA	1	5;3945;5057;+;72.9	1;683;964;+;87.7	2;1096;1374;+;61.6	3;1364;3742;+;72.5	3;1364;3742;+;50.0	6;5054;5821;+;60.7	8;6256;7269;+;117.9		9;7299;7967;+;183.2	10;7973;8695;+;181.6	11;8698;10122;+;171.0	12;10119;11102;+;120.9	15;14248;16161;-;289.5		pfam	pfam_only	A	7/7	canonical	1	0	unscoreable	4	0	0														not_admitted	not_admitted	not_admitted	not_admitted	not_admitted	not_admitted	not_admitted
NZ_CP123588.1	MPF_T	-	82	0	0	GA	1	35;28128;29300;+;74.4	31;25025;25318;+;75.3	32;25331;25609;+;89.7	33;25599;27974;+;85.5	33;25599;27974;+;46.3	36;29282;30091;+;70.2	43;34517;35596;+;124.0		37;30203;30859;+;171.4	38;30862;31557;+;167.9	39;31554;32933;+;182.6	40;32938;33924;+;104.3	50;40525;42525;-;287.0		pfam	both	A	7/7	canonical	1	0	unscoreable	9	0	0														not_admitted	not_admitted	not_admitted	not_admitted	not_admitted	not_admitted	not_admitted
NZ_CP123590.1	MPF_T	IncX3	60	0	0	GA	1	24;15797;16441;+;46.4	25;16425;16715;+;73.1	26;16740;19493;+;47.0	26;16740;19493;+;142.4	26;16740;19493;+;73.3	27;19503;20273;+;60.1	29;20552;21607;+;133.2		30;21802;22530;+;119.4	31;22536;23465;+;138.8	32;23462;24676;+;128.3	34;24872;25906;+;65.7	35;25909;27744;+;495.9		pfam	pfam_only	A	7/7	canonical	1	1	unscoreable	2	0	0														not_admitted	not_admitted	not_admitted	not_admitted	not_admitted	not_admitted	not_admitted
NZ_CP123599.1	MPF_F	IncHI2;IncHI2A	239	0	0	GA	0															not_admitted	not_admitted	not_admitted	not_admitted	not_admitted	not_admitted	not_admitted	not_admitted	not_admitted	not_admitted	1	227;197457;198515;+;276.9	109;89273;90688;-;194.1	110;90678;91724;-;174.1	208;175452;178133;+;168.0	108;85314;89264;-;102.0	204;171767;173122;+;80.7	208;175452;178133;+;72.2	201;169255;170043;+;75.8	224;195805;196890;+;56.6	228;198534;201722;+;57.7	116;98766;100850;+;56.8	207;174493;175443;+;46.4	116;98766;100850;+;38.8	A	9/9	split_3	113220	0	1	
NZ_CP123661.1	MPF_F	IncFIB(AP001918);IncFII	148	0	0	GA	0															not_admitted	not_admitted	not_admitted	not_admitted	not_admitted	not_admitted	not_admitted	not_admitted	not_admitted	not_admitted	1	65;57715;58707;+;369.3	74;63766;65142;+;381.0	69;61436;62179;+;230.0	62;54079;56706;+;306.5	75;65139;67961;+;387.5	55;50597;52024;+;94.3	62;54079;56706;+;98.5	53;49316;49882;+;183.3	66;58716;59354;+;66.7	67;59351;61159;+;267.9	78;69494;71701;+;391.7	59;53048;53563;+;77.3	78;69494;71701;+;70.3	A	9/9	contiguous	20178	1	1	67982..68479+;165;TraS;0
NZ_CP123737.1	MPF_T	-	53	0	0	GA	1				34;28602;30620;+;23.6									40;34645;36189;+;462.7		none	none	D	2/7	uncallable	0	0	unscoreable	5	0	0														not_admitted	not_admitted	not_admitted	not_admitted	not_admitted	not_admitted	not_admitted
NZ_CP123754.1	-	-	49	0	0	GA	0															not_admitted	not_admitted	not_admitted	not_admitted	not_admitted	not_admitted	not_admitted	not_admitted	not_admitted	not_admitted	1	42;32251;33243;+;367.1	47;36753;38114;+;341.4	45;35465;36226;+;212.4	36;26845;29430;+;213.6	48;38117;40897;+;249.4	33;24619;25938;+;90.8	36;26845;29430;+;91.6	31;23343;23912;+;104.5	43;33254;33676;+;59.6	44;33669;35462;+;232.6	5;3654;5384;+;392.6	35;26312;26845;+;28.6	5;3654;5384;+;60.0	A	9/9	contiguous	34463	0	1	
NZ_CP123762.1	MPF_T	-	99	0	0	GA	1				44;43572;45590;-;24.1									38;38017;39546;-;461.4		none	none	D	2/7	uncallable	0	0	unscoreable	5	0	0														not_admitted	not_admitted	not_admitted	not_admitted	not_admitted	not_admitted	not_admitted
NZ_CP123763.1	MPF_T	repUS73	69	0	0	GA	1				42;33285;35300;+;23.6									3;1362;2915;+;464.3		none	none	D	2/7	uncallable	0	0	unscoreable	6	0	0														not_admitted	not_admitted	not_admitted	not_admitted	not_admitted	not_admitted	not_admitted
NZ_CP123772.1	-	-	73	0	0	GA	1	35;31362;32219;-;44.3	3;3549;3989;+;68.0	4;3986;4270;+;51.9	5;4278;6764;+;81.1	5;4278;6764;+;119.8	6;6745;7506;+;61.3	8;7700;8980;+;112.9		9;9035;9721;+;149.8	10;9733;10698;+;144.6	12;11147;12463;+;214.7	2;2571;3542;+;135.7	37;32767;34629;-;352.5		conjscan	conjscan_only	A	7/7	canonical	1	0	unscoreable	4	0	0														not_admitted	not_admitted	not_admitted	not_admitted	not_admitted	not_admitted	not_admitted
NZ_CP123840.1	MPF_T	-	639	0	0	GA	1		424;418160;418459;+;87.3	425;418462;418803;+;106.1	426;418796;421177;+;172.6	426;418796;421177;+;108.0	427;421177;421875;+;209.3	429;422110;423045;+;163.9		431;423351;424022;+;220.9	432;424019;424873;+;182.7	433;424888;426060;+;184.4	434;426069;427079;+;97.9	385;381259;383178;-;328.6		pfam	both	A	7/7	canonical	1	0	unscoreable	2	0	0														not_admitted	not_admitted	not_admitted	not_admitted	not_admitted	not_admitted	not_admitted
NZ_CP123841.1	MPF_T	-	119	0	0	GA	1		116;124481;124885;-;78.1	115;124189;124488;-;62.2	114;121717;124185;-;185.4	114;121717;124185;-;132.2	113;120936;121745;-;45.7	111;119528;120718;-;111.1		110;118833;119510;-;121.0	109;117964;118815;-;188.0	107;116154;117476;-;228.9	117;124875;125846;-;131.9	57;65139;67112;-;554.7		conjscan	conjscan_only	A	7/7	canonical	1	0	unscoreable	3	0	0														not_admitted	not_admitted	not_admitted	not_admitted	not_admitted	not_admitted	not_admitted
NZ_CP123842.1	MPF_T	-	213	0	0	GA	1	43;44430;45149;+;59.9	207;202179;202583;-;73.6	45;45529;45855;+;72.2	46;45855;48224;+;226.5	205;199414;201876;-;129.7	204;198633;199442;-;46.3	202;197225;198415;-;108.5		49;50013;50786;+;175.3	200;195677;196531;-;183.1	162;150575;151882;-;227.8	208;202573;203544;-;130.5	95;86747;88690;-;543.3		conjscan	conjscan_only	A	7/7	uncallable	0	0	unscoreable	10	0	0														not_admitted	not_admitted	not_admitted	not_admitted	not_admitted	not_admitted	not_admitted
NZ_CP123845.1	MPF_T	-	475	0	0	GA	1		231;229675;229974;+;87.8	232;229977;230318;+;105.3	233;230311;232692;+;172.7	233;230311;232692;+;107.6	234;232692;233390;+;210.2	236;233625;234560;+;163.8		238;234866;235537;+;220.9	239;235534;236388;+;185.3	240;236403;237575;+;185.6	241;237584;238594;+;100.3	180;182018;183937;-;326.6		pfam	both	A	7/7	canonical	1	0	unscoreable	2	0	0														not_admitted	not_admitted	not_admitted	not_admitted	not_admitted	not_admitted	not_admitted
NZ_CP123846.1	MPF_T	-	169	0	0	GA	1	96;93688;94425;+;75.2	166;175220;175621;-;74.9	98;94790;95116;+;73.6	99;95116;97485;+;240.3	164;172449;174917;-;122.7	163;171668;172477;-;47.8	161;170263;171459;-;110.2		103;99342;100055;+;176.9	159;168714;169580;-;191.3	157;166912;168225;-;225.2	167;175611;176582;-;133.5	57;50844;52793;-;546.2		conjscan	conjscan_only	A	7/7	uncallable	0	0	unscoreable	11	0	0														not_admitted	not_admitted	not_admitted	not_admitted	not_admitted	not_admitted	not_admitted
NZ_CP123849.1	MPF_T	-	600	0	0	GA	1		329;324856;325155;+;87.3	330;325158;325499;+;105.9	331;325492;327873;+;172.6	331;325492;327873;+;106.7	332;327873;328571;+;209.3	334;328806;329741;+;162.9		336;330047;330718;+;220.9	337;330715;331569;+;185.3	338;331584;332756;+;182.2	339;332765;333775;+;98.5	262;257492;259411;-;323.0		pfam	both	A	7/7	canonical	1	0	unscoreable	2	0	0														not_admitted	not_admitted	not_admitted	not_admitted	not_admitted	not_admitted	not_admitted
NZ_CP123850.1	MPF_T	-	214	0	0	GA	1	31;29335;30426;-;90.5	140;135460;135795;+;79.2	33;32886;33185;-;78.3	32;30423;32882;-;123.7	142;136066;138564;+;142.9	143;138542;139321;+;217.8	145;139607;140896;+;183.8		146;140893;141579;+;230.5	147;141576;142634;+;238.6	148;142638;143861;+;213.7	25;23611;24633;-;134.3	137;131918;133912;+;332.9		conjscan	both	A	7/7	uncallable	0	0	unscoreable	5	0	0														not_admitted	not_admitted	not_admitted	not_admitted	not_admitted	not_admitted	not_admitted
NZ_CP123851.1	MPF_T	-	170	0	0	GA	1	96;93688;94425;+;75.2	167;175219;175620;-;74.9	98;94790;95116;+;73.6	99;95116;97485;+;240.3	165;172448;174916;-;122.7	164;171667;172476;-;47.8	162;170262;171458;-;110.2		103;99342;100055;+;176.9	160;168713;169579;-;191.3	157;166912;168225;-;225.2	168;175610;176581;-;133.5	57;50844;52793;-;546.2		conjscan	conjscan_only	A	7/7	uncallable	0	0	unscoreable	12	0	0														not_admitted	not_admitted	not_admitted	not_admitted	not_admitted	not_admitted	not_admitted
NZ_CP123862.1	-	-	74	0	0	GA	1				7;5075;8134;+;24.4									17;15562;17547;+;51.0		none	none	D	2/7	uncallable	0	0	unscoreable	9	0	0														not_admitted	not_admitted	not_admitted	not_admitted	not_admitted	not_admitted	not_admitted
NZ_CP123898.1	-	-	156	0	0	GA	0															not_admitted	not_admitted	not_admitted	not_admitted	not_admitted	not_admitted	not_admitted	not_admitted	not_admitted	not_admitted	1	21;18307;19425;+;321.6	32;32111;33559;+;333.4	31;31115;32077;+;238.9	17;13911;16310;+;251.7	33;33556;37224;+;342.8	13;10483;11811;+;119.5	17;13911;16310;+;129.0	11;8988;9605;+;108.0	20;17103;18269;+;39.9	27;25468;28365;+;143.5	42;45177;47021;+;50.2	15;12614;13168;+;69.1	42;45177;47021;+;49.9	A	9/9	contiguous	36189	0	1	
NZ_CP123913.1	MPF_T	-	45	0	0	GA	1	20;15669;16379;+;101.0	21;16390;16683;+;41.2		22;16695;19406;+;78.0	22;16695;19406;+;57.1	23;19403;20044;+;71.2	10;6749;7834;+;71.0		11;7834;8622;+;74.6	12;8637;9374;+;149.0	13;9376;10755;+;180.8	14;10771;11808;+;92.0	18;13888;15405;+;35.6		pfam	both	A	7/7	rearranged	1	0	unscoreable	3	0	0														not_admitted	not_admitted	not_admitted	not_admitted	not_admitted	not_admitted	not_admitted
NZ_CP123919.1	MPF_T	-	57	0	0	GA	1	30;23783;24493;+;101.0	31;24504;24797;+;41.2		32;24809;27520;+;78.0	32;24809;27520;+;57.1	33;27517;28158;+;71.2	20;14863;15948;+;71.0		21;15948;16736;+;74.6	22;16751;17488;+;149.0	23;17490;18869;+;180.8	24;18885;19922;+;92.0	28;22002;23519;+;35.6		pfam	both	A	7/7	rearranged	1	0	unscoreable	3	0	0														not_admitted	not_admitted	not_admitted	not_admitted	not_admitted	not_admitted	not_admitted
NZ_CP123925.1	MPF_F	IncHI2;IncHI2A	315	0	0	GA	0															not_admitted	not_admitted	not_admitted	not_admitted	not_admitted	not_admitted	not_admitted	not_admitted	not_admitted	not_admitted	1	29;32275;33333;+;276.9	208;189328;190743;-;194.1	209;190733;191779;-;173.7	11;8955;11636;+;168.0	207;185369;189319;-;101.6	7;5270;6625;+;80.7	11;8955;11636;+;72.2	4;2758;3546;+;74.8	27;30622;32133;+;62.7	33;36285;38501;+;59.7	215;198820;200904;+;56.7	10;7996;8946;+;46.4	215;198820;200904;+;38.8	A	9/9	split_3	196062	0	1	
NZ_CP123952.1	MPF_F	IncHI2;IncHI2A	290	0	0	GA	0															not_admitted	not_admitted	not_admitted	not_admitted	not_admitted	not_admitted	not_admitted	not_admitted	not_admitted	not_admitted	1	65;70060;71118;+;276.9	238;220373;221788;-;194.1	239;221778;222824;-;174.1	49;47308;49989;+;168.0	237;216411;220364;-;101.6	45;43623;44978;+;80.7	49;47308;49989;+;72.2	42;41111;41899;+;74.8	63;68407;69918;+;62.0	66;71137;74325;+;57.3	246;229866;231950;+;56.8	48;46349;47299;+;46.1	246;229866;231950;+;38.8	A	9/9	split_3	188755	1	1	214941..216230-;429;unnamed;0
NZ_CP123975.1	MPF_T	-	145	0	0	GA	1	67;70488;71654;-;77.6	71;74533;74823;-;72.5	70;74245;74523;-;79.8	69;71871;74255;-;90.9	69;71871;74255;-;35.4	66;69694;70491;-;61.5	60;64516;65541;-;127.2		65;69032;69697;-;139.3	64;68334;69035;-;162.8	63;67012;68337;-;172.4	62;65976;67010;-;104.4	55;57987;59942;+;277.4		pfam	both	A	7/7	canonical	1	0	unscoreable	6	0	0														not_admitted	not_admitted	not_admitted	not_admitted	not_admitted	not_admitted	not_admitted
NZ_CP124122.1	MPF_F	IncFIB(pECLA);IncFII(pECLA)	146	0	0	GA	0															not_admitted	not_admitted	not_admitted	not_admitted	not_admitted	not_admitted	not_admitted	not_admitted	not_admitted	not_admitted	1	25;15634;16632;+;362.5	34;21881;23245;+;358.9	28;19098;19880;+;212.9	17;9623;12232;+;225.6	35;23245;26565;+;307.0	9;5657;7066;+;90.6	17;9623;12232;+;99.4	7;4327;4908;+;95.4	26;16643;17269;+;63.9	27;17266;19101;+;221.2	39;28708;31275;+;364.9	15;8821;9375;+;44.9	39;28708;31275;+;71.3	A	9/9	contiguous	24381	1	1	26578..27174+;198;unnamed;0
NZ_CP124124.1	MPF_T	IncN	82	0	0	GA	1	49;41617;42351;+;32.5		52;42994;43311;+;63.3	53;43311;45911;+;111.8	53;43311;45911;+;76.8	54;45929;46642;+;97.1	56;46893;47933;+;153.6		57;48152;48850;+;131.9	58;48861;49745;+;159.0	59;49745;50905;+;154.9	60;50947;51942;+;81.2	12;15329;16858;-;38.5		pfam	both	A	7/7	canonical	1	0	unscoreable	3	0	0														not_admitted	not_admitted	not_admitted	not_admitted	not_admitted	not_admitted	not_admitted
NZ_CP124241.1	MPF_F	pYE854	81	0	0	GA	0															not_admitted	not_admitted	not_admitted	not_admitted	not_admitted	not_admitted	not_admitted	not_admitted	not_admitted	not_admitted	1	23;20711;22294;+;329.1	28;24790;26178;+;247.2	27;23917;24780;+;155.9	19;14095;16668;+;165.8	29;26175;29828;+;130.3	17;12315;13565;+;53.7	19;14095;16668;+;89.9	15;10878;11528;+;61.5	24;22294;23013;+;96.2	21;18696;20306;+;87.1	60;61624;63699;-;321.2	18;13589;14095;+;71.6	60;61624;63699;-;60.3	A	9/9	split_2	50746	1	1	29919..30179+;86;unnamed;0
NZ_CP124321.1	MPF_F	Col156;IncFIB(AP001918);IncFII(29)	140	0	0	GA	0															not_admitted	not_admitted	not_admitted	not_admitted	not_admitted	not_admitted	not_admitted	not_admitted	not_admitted	not_admitted	1	80;73235;74227;-;369.5	68;65808;67181;-;381.7	75;69386;70129;-;233.1	83;75236;77866;-;304.0	67;62989;65811;-;388.5	90;80997;82424;-;93.9	83;75236;77866;-;99.3	92;83139;83705;-;183.1	78;72253;72891;-;68.6	77;70406;72256;-;271.9	63;58555;60717;-;391.2	87;79353;79868;-;73.9	63;58555;60717;-;70.3	A	9/9	contiguous	24584	1	1	62488..62967-;159;TraS;0
NZ_CP124323.1	MPF_F	Col156;IncFIB(AP001918);IncFII(29)	171	0	0	GA	0															not_admitted	not_admitted	not_admitted	not_admitted	not_admitted	not_admitted	not_admitted	not_admitted	not_admitted	not_admitted	1	114;102451;103443;-;369.5	102;95024;96397;-;381.7	109;98602;99345;-;233.1	117;104452;107082;-;304.0	101;92205;95027;-;388.5	124;110213;111640;-;93.9	117;104452;107082;-;99.3	126;112355;112921;-;183.1	112;101469;102107;-;68.6	111;99622;101472;-;271.9	93;85240;87393;-;391.3	121;108569;109084;-;73.9	93;85240;87393;-;70.4	A	9/9	contiguous	27115	1	1	91704..92183-;159;TraS;0
NZ_CP124325.1	MPF_F	Col156;IncFIB(AP001918);IncFII(29)	174	0	0	GA	0															not_admitted	not_admitted	not_admitted	not_admitted	not_admitted	not_admitted	not_admitted	not_admitted	not_admitted	not_admitted	1	116;102477;103469;-;369.5	104;95050;96423;-;381.7	111;98628;99371;-;233.1	119;104478;107108;-;304.0	103;92231;95053;-;388.5	126;110239;111666;-;93.9	119;104478;107108;-;99.3	128;112381;112947;-;183.1	114;101495;102133;-;68.6	113;99648;101498;-;271.9	94;85240;87420;-;391.2	123;108595;109110;-;73.9	94;85240;87420;-;70.3	A	9/9	contiguous	27141	1	1	91730..92209-;159;TraS;0
NZ_CP124327.1	MPF_F	Col156;IncFIB(AP001918);IncFII(29)	172	0	0	GA	0															not_admitted	not_admitted	not_admitted	not_admitted	not_admitted	not_admitted	not_admitted	not_admitted	not_admitted	not_admitted	1	115;102442;103434;-;369.5	103;95015;96388;-;381.7	110;98593;99336;-;233.1	118;104443;107073;-;304.0	102;92196;95018;-;388.5	125;110204;111631;-;93.9	118;104443;107073;-;99.3	127;112346;112912;-;183.1	113;101460;102098;-;68.6	112;99613;101463;-;271.9	94;85240;87384;-;391.3	122;108560;109075;-;73.9	94;85240;87384;-;70.4	A	9/9	contiguous	27106	1	1	91695..92174-;159;TraS;0
NZ_CP124329.1	MPF_F	Col156;IncFIA;IncFIB(AP001918);IncFII	181	0	0	GA	0															not_admitted	not_admitted	not_admitted	not_admitted	not_admitted	not_admitted	not_admitted	not_admitted	not_admitted	not_admitted	1	117;101628;102314;-;193.5	104;94266;95639;-;380.9	111;97853;98596;-;234.1	120;103323;105353;-;175.7	103;91444;94269;-;385.9	127;108000;108818;-;94.4	120;103323;105353;-;99.3	131;110138;110704;-;183.8	114;100678;100995;-;48.0	113;98873;100681;-;268.3	100;87752;89941;-;382.1	124;106463;106978;-;78.4	100;87752;89941;-;66.8	A	9/9	contiguous	22386	1	1	90938..91447-;169;unnamed;0
NZ_CP124330.1	MPF_F	IncFII(pSE11)	76	0	0	GA	0															not_admitted	not_admitted	not_admitted	not_admitted	not_admitted	not_admitted	not_admitted	not_admitted	not_admitted	not_admitted	1	48;35040;36032;+;369.5	60;42086;43459;+;381.7	53;39138;39881;+;234.1	45;31401;34031;+;297.8	61;43456;46281;+;374.0	37;26529;27956;+;93.9	45;31401;34031;+;98.7	35;25248;25814;+;174.3	50;36376;37014;+;68.5	51;37011;38861;+;266.7	65;48523;50712;+;382.1	40;28840;29355;+;78.4	65;48523;50712;+;66.8	A	9/9	contiguous	23275	1	1	46278..46787+;169;unnamed;0
NZ_CP124333.1	MPF_F	IncFIA;IncFIB(AP001918);IncFII	119	0	0	GA	0															not_admitted	not_admitted	not_admitted	not_admitted	not_admitted	not_admitted	not_admitted	not_admitted	not_admitted	not_admitted	1	59;57562;58554;-;367.4	48;50503;51876;-;380.9	55;54090;54833;-;235.0	62;59563;62190;-;305.4	47;47681;50506;-;385.9	68;64245;65672;-;94.3	62;59563;62190;-;98.5	70;66387;66953;-;183.8	58;56915;57553;-;68.6	57;55110;56918;-;268.3	44;43989;46178;-;391.3	64;62706;63221;-;78.4	44;43989;46178;-;70.4	A	9/9	contiguous	22398	1	1	47175..47684-;169;unnamed;0
NZ_CP124335.1	MPF_F	Col156;IncFIB(AP001918);IncFII(29)	141	0	0	GA	0															not_admitted	not_admitted	not_admitted	not_admitted	not_admitted	not_admitted	not_admitted	not_admitted	not_admitted	not_admitted	1	84;75788;76780;-;369.5	72;68361;69734;-;381.7	79;71939;72682;-;233.1	87;77789;80419;-;304.0	71;65542;68364;-;388.5	94;83550;84977;-;93.9	87;77789;80419;-;99.3	96;85692;86258;-;183.1	82;74806;75444;-;68.6	81;72959;74809;-;271.9	63;58550;60730;-;391.2	91;81906;82421;-;73.9	63;58550;60730;-;70.3	A	9/9	contiguous	27142	1	1	65041..65520-;159;TraS;0
NZ_CP124338.1	MPF_F	Col156;IncFIB(AP001918);IncFII(29)	163	0	0	GA	0															not_admitted	not_admitted	not_admitted	not_admitted	not_admitted	not_admitted	not_admitted	not_admitted	not_admitted	not_admitted	1	106;94023;95015;-;369.5	94;86596;87969;-;381.7	101;90174;90917;-;233.1	109;96024;98654;-;304.0	93;83777;86599;-;388.5	116;101785;103212;-;93.9	109;96024;98654;-;99.3	118;103927;104493;-;183.1	104;93041;93679;-;68.6	103;91194;93044;-;271.9	85;76812;78965;-;391.3	113;100141;100656;-;73.9	85;76812;78965;-;70.4	A	9/9	contiguous	27115	1	1	83276..83755-;159;TraS;0
NZ_CP124340.1	MPF_F	Col156;IncFIB(AP001918);IncFII(29)	171	0	0	GA	0															not_admitted	not_admitted	not_admitted	not_admitted	not_admitted	not_admitted	not_admitted	not_admitted	not_admitted	not_admitted	1	114;102459;103451;-;369.5	102;95032;96405;-;381.7	109;98610;99353;-;233.1	117;104460;107090;-;304.0	101;92213;95035;-;388.5	124;110221;111648;-;93.9	117;104460;107090;-;99.3	126;112363;112929;-;183.1	112;101477;102115;-;68.6	111;99630;101480;-;271.9	93;85239;87401;-;391.2	121;108577;109092;-;73.9	93;85239;87401;-;70.3	A	9/9	contiguous	27124	1	1	91712..92191-;159;TraS;0
NZ_CP124342.1	MPF_F	Col156;IncFIB(AP001918);IncFII(29)	171	0	0	GA	0															not_admitted	not_admitted	not_admitted	not_admitted	not_admitted	not_admitted	not_admitted	not_admitted	not_admitted	not_admitted	1	114;102575;103567;-;369.5	102;95148;96521;-;381.7	109;98726;99469;-;233.1	117;104576;107206;-;304.0	101;92329;95151;-;388.5	124;110337;111764;-;93.9	117;104576;107206;-;99.3	126;112479;113045;-;183.1	112;101593;102231;-;68.6	111;99746;101596;-;271.9	93;85238;87517;-;391.0	121;108693;109208;-;73.9	93;85238;87517;-;70.3	A	9/9	contiguous	27241	1	1	91828..92307-;159;TraS;0
NZ_CP124344.1	MPF_F	Col156;IncFIB(AP001918);IncFII(29)	171	0	0	GA	0															not_admitted	not_admitted	not_admitted	not_admitted	not_admitted	not_admitted	not_admitted	not_admitted	not_admitted	not_admitted	1	114;102452;103444;-;369.5	102;95025;96398;-;381.7	109;98603;99346;-;233.1	117;104453;107083;-;304.0	101;92206;95028;-;388.5	124;110214;111641;-;93.9	117;104453;107083;-;99.3	126;112356;112922;-;183.1	112;101470;102108;-;68.6	111;99623;101473;-;271.9	93;85241;87394;-;391.3	121;108570;109085;-;73.9	93;85241;87394;-;70.4	A	9/9	contiguous	27115	1	1	91705..92184-;159;TraS;0
NZ_CP124346.1	MPF_F	Col156;IncFIB(AP001918);IncFII(29)	170	0	0	GA	0															not_admitted	not_admitted	not_admitted	not_admitted	not_admitted	not_admitted	not_admitted	not_admitted	not_admitted	not_admitted	1	113;102449;103441;-;369.5	101;95022;96395;-;381.7	108;98600;99343;-;233.1	116;104450;107080;-;304.0	100;92203;95025;-;388.5	123;110211;111638;-;93.9	116;104450;107080;-;99.3	125;112353;112919;-;183.1	111;101467;102105;-;68.6	110;99620;101470;-;271.9	92;85229;87391;-;391.2	120;108567;109082;-;73.9	92;85229;87391;-;70.3	A	9/9	contiguous	27124	1	1	91702..92181-;159;TraS;0
NZ_CP124348.1	MPF_F	Col156;IncFIB(AP001918);IncFII(29)	171	0	0	GA	0															not_admitted	not_admitted	not_admitted	not_admitted	not_admitted	not_admitted	not_admitted	not_admitted	not_admitted	not_admitted	1	114;102441;103433;-;369.5	102;95014;96387;-;381.7	109;98592;99335;-;233.1	117;104442;107072;-;304.0	101;92195;95017;-;388.5	124;110203;111630;-;93.9	117;104442;107072;-;99.3	126;112345;112911;-;183.1	112;101459;102097;-;68.6	111;99612;101462;-;271.9	93;85239;87383;-;391.3	121;108559;109074;-;73.9	93;85239;87383;-;70.4	A	9/9	contiguous	27106	1	1	91694..92173-;159;TraS;0
NZ_CP124350.1	MPF_F	IncFIA;IncFIB(AP001918);IncFII	121	0	0	GA	0															not_admitted	not_admitted	not_admitted	not_admitted	not_admitted	not_admitted	not_admitted	not_admitted	not_admitted	not_admitted	1	61;57564;58556;-;367.4	50;50505;51878;-;380.9	57;54092;54835;-;235.0	64;59565;62192;-;305.4	49;47683;50508;-;385.9	70;64247;65674;-;94.3	64;59565;62192;-;98.5	72;66389;66955;-;183.8	60;56917;57555;-;68.6	59;55112;56920;-;268.3	46;43991;46180;-;391.3	66;62708;63223;-;78.4	46;43991;46180;-;70.4	A	9/9	contiguous	22398	1	1	47177..47686-;169;unnamed;0
NZ_CP124352.1	MPF_F	IncFIA;IncFIB(AP001918);IncFII	122	0	0	GA	0															not_admitted	not_admitted	not_admitted	not_admitted	not_admitted	not_admitted	not_admitted	not_admitted	not_admitted	not_admitted	1	61;57565;58557;-;367.4	50;50506;51879;-;380.9	57;54093;54836;-;235.0	64;59566;62193;-;305.4	49;47684;50509;-;385.9	70;64248;65675;-;94.3	64;59566;62193;-;98.5	72;66390;66956;-;183.8	60;56918;57556;-;68.6	59;55113;56921;-;268.3	46;43992;46181;-;391.3	66;62709;63224;-;78.4	46;43992;46181;-;70.4	A	9/9	contiguous	22398	1	1	47178..47687-;169;unnamed;0
NZ_CP124354.1	MPF_F	IncFIA;IncFIB(AP001918);IncFII	125	0	0	GA	0															not_admitted	not_admitted	not_admitted	not_admitted	not_admitted	not_admitted	not_admitted	not_admitted	not_admitted	not_admitted	1	65;60544;61536;-;367.4	54;53485;54858;-;380.9	61;57072;57815;-;235.0	68;62545;65172;-;305.4	53;50663;53488;-;385.9	74;67227;68654;-;94.3	68;62545;65172;-;98.5	76;69369;69935;-;183.8	64;59897;60535;-;68.6	63;58092;59900;-;268.3	50;46971;49160;-;391.3	70;65688;66203;-;78.4	50;46971;49160;-;70.4	A	9/9	contiguous	22398	1	1	50157..50666-;169;unnamed;0
NZ_CP124356.1	MPF_F	Col156;IncFIA;IncFIB(AP001918);IncFII	177	0	0	GA	0															not_admitted	not_admitted	not_admitted	not_admitted	not_admitted	not_admitted	not_admitted	not_admitted	not_admitted	not_admitted	1	112;101320;102312;-;367.4	101;94261;95634;-;380.9	108;97848;98591;-;235.0	115;103321;105948;-;305.4	100;91439;94264;-;385.9	121;108003;109430;-;94.3	115;103321;105948;-;98.5	123;110145;110711;-;183.8	111;100673;101311;-;68.6	110;98868;100676;-;268.3	97;87747;89936;-;391.3	117;106464;106979;-;78.4	97;87747;89936;-;70.4	A	9/9	contiguous	22398	1	1	90933..91442-;169;unnamed;0
NZ_CP124358.1	MPF_F	Col156;IncFIB(AP001918);IncFII(29)	162	0	0	GA	0															not_admitted	not_admitted	not_admitted	not_admitted	not_admitted	not_admitted	not_admitted	not_admitted	not_admitted	not_admitted	1	105;94015;95007;-;369.5	93;86588;87961;-;381.7	100;90166;90909;-;233.1	108;96016;98646;-;304.0	92;83769;86591;-;388.5	115;101777;103204;-;93.9	108;96016;98646;-;99.3	117;103919;104485;-;183.1	103;93033;93671;-;68.6	102;91186;93036;-;271.9	84;76813;78957;-;391.3	112;100133;100648;-;73.9	84;76813;78957;-;70.4	A	9/9	contiguous	27106	1	1	83268..83747-;159;TraS;0
NZ_CP124360.1	MPF_F	Col156;IncFIB(AP001918);IncFII(29)	172	0	0	GA	0															not_admitted	not_admitted	not_admitted	not_admitted	not_admitted	not_admitted	not_admitted	not_admitted	not_admitted	not_admitted	1	115;102185;103177;-;369.5	103;94758;96131;-;381.7	110;98336;99079;-;233.1	118;104186;106816;-;304.0	102;91939;94761;-;388.5	125;109947;111374;-;93.9	118;104186;106816;-;99.3	127;112089;112655;-;183.1	113;101203;101841;-;68.6	112;99356;101206;-;271.9	94;84848;87127;-;391.0	122;108303;108818;-;73.9	94;84848;87127;-;70.3	A	9/9	contiguous	27241	1	1	91438..91917-;159;TraS;0
NZ_CP124373.1	MPF_F	Col156;IncFIA;IncFIB(AP001918);IncFII	174	0	0	GA	0															not_admitted	not_admitted	not_admitted	not_admitted	not_admitted	not_admitted	not_admitted	not_admitted	not_admitted	not_admitted	1	113;102094;103086;-;367.4	102;95035;96408;-;380.9	109;98622;99365;-;235.0	116;104095;106722;-;305.4	101;92213;95038;-;385.9	122;108777;110204;-;94.3	116;104095;106722;-;98.5	124;110919;111485;-;183.8	112;101447;102085;-;68.6	111;99642;101450;-;268.3	98;88521;90710;-;391.3	118;107238;107753;-;78.4	98;88521;90710;-;70.4	A	9/9	contiguous	22398	1	1	91707..92216-;169;unnamed;0
NZ_CP124377.1	MPF_F	IncFII(pCoo)	86	0	0	GA	0															not_admitted	not_admitted	not_admitted	not_admitted	not_admitted	not_admitted	not_admitted	not_admitted	not_admitted	not_admitted	1	61;46588;47580;+;369.5	72;53634;55007;+;381.7	66;50686;51429;+;233.1	58;42949;45579;+;297.8	73;55004;57850;+;384.1	50;38098;39549;+;93.4	58;42949;45579;+;100.2	48;36817;37383;+;174.3	63;47924;48562;+;68.6	64;48559;50409;+;266.4	77;60092;62281;+;391.2	53;40409;40924;+;82.8	77;60092;62281;+;70.4	A	9/9	contiguous	23275	1	1	57847..58356+;169;unnamed;0
NZ_CP124386.1	MPF_F	IncFIA;IncFIB(AP001918);IncFII	130	0	0	GA	0															not_admitted	not_admitted	not_admitted	not_admitted	not_admitted	not_admitted	not_admitted	not_admitted	not_admitted	not_admitted	1	66;60530;61522;-;367.4	55;53471;54844;-;380.9	62;57058;57801;-;235.0	69;62531;65158;-;305.4	54;50649;53474;-;385.9	75;67213;68640;-;94.3	69;62531;65158;-;98.5	77;69355;69921;-;183.8	65;59883;60521;-;68.6	64;58078;59886;-;268.3	51;46957;49146;-;391.3	71;65674;66189;-;78.4	51;46957;49146;-;70.4	A	9/9	contiguous	22398	1	1	50143..50652-;169;unnamed;0
NZ_CP124389.1	MPF_T	IncX1;IncX10	49	0	0	GA	1	4;2773;3420;+;45.5	5;3398;3694;+;76.6	6;3713;6466;+;46.6	6;3713;6466;+;147.9	6;3713;6466;+;75.3	7;6477;7235;+;67.5	9;7473;8606;+;109.2		10;8851;9564;+;120.0	11;9569;10498;+;133.7	12;10495;11700;+;130.4	13;11702;12733;+;76.3	14;12736;14571;+;486.3		pfam	pfam_only	A	7/7	canonical	1	1	unscoreable	1	0	0														not_admitted	not_admitted	not_admitted	not_admitted	not_admitted	not_admitted	not_admitted
NZ_CP124396.1	MPF_T	IncN	48	0	0	GA	1	9;5076;5810;+;32.4	11;6110;6403;+;28.1	12;6453;6770;+;63.9	13;6770;9370;+;114.5	13;6770;9370;+;76.4	14;9388;10101;+;105.1	16;10352;11392;+;142.6		17;11611;12309;+;131.9	18;12320;13204;+;159.7	19;13204;14364;+;156.3	20;14406;15401;+;81.3	24;19970;21499;-;38.5		pfam	both	A	7/7	canonical	1	0	unscoreable	5	0	0														not_admitted	not_admitted	not_admitted	not_admitted	not_admitted	not_admitted	not_admitted
NZ_CP124407.1	MPF_F	IncFII	83	0	0	GA	0															not_admitted	not_admitted	not_admitted	not_admitted	not_admitted	not_admitted	not_admitted	not_admitted	not_admitted	not_admitted	1	59;48209;49201;+;369.5	69;54980;56353;+;381.7	64;52307;53050;+;234.4	56;44570;47200;+;304.0	70;56350;59175;+;373.4	50;40892;41704;+;79.1	56;44570;47200;+;99.3	44;36432;36998;+;175.1	61;49545;50183;+;68.6	62;50180;52030;+;267.6	74;61417;63579;+;391.8	53;42564;43079;+;82.8	74;61417;63579;+;70.4	A	9/9	contiguous	24985	1	1	59172..59681+;169;unnamed;0
NZ_CP124426.1	MPF_T	-	56	0	0	GA	1	22;19396;20130;-;32.6		19;18436;18753;-;64.4	18;15836;18436;-;112.1	18;15836;18436;-;76.2	17;15105;15818;-;105.5	15;13814;14854;-;142.6		14;12897;13595;-;131.9	13;12002;12886;-;160.1	12;10842;12002;-;156.7	11;9804;10799;-;80.7	7;3700;5229;+;42.5		pfam	both	A	7/7	canonical	1	0	unscoreable	18	0	0														not_admitted	not_admitted	not_admitted	not_admitted	not_admitted	not_admitted	not_admitted
NZ_CP124456.1	MPF_F	Col156;IncFIA;IncFIB(AP001918);IncFII(pRSB107)	170	0	0	GA	0															not_admitted	not_admitted	not_admitted	not_admitted	not_admitted	not_admitted	not_admitted	not_admitted	not_admitted	not_admitted	1	97;81895;82887;+;369.5	110;90640;92013;+;386.6	102;85993;86736;+;231.4	94;78259;80886;+;303.9	111;92010;94829;+;386.3	88;74923;76374;+;94.1	94;78259;80886;+;96.5	86;73642;74208;+;184.3	99;83231;83869;+;68.7	100;83866;85716;+;266.7	115;97087;99267;+;391.8	91;77228;77743;+;75.2	115;97087;99267;+;70.3	A	9/9	contiguous	23445	1	1	94854..95345+;163;TraS;0
NZ_CP124472.1	MPF_F	Col156;IncFIB(AP001918);IncFII(29)	162	0	0	GA	0															not_admitted	not_admitted	not_admitted	not_admitted	not_admitted	not_admitted	not_admitted	not_admitted	not_admitted	not_admitted	1	99;87971;88963;-;369.5	87;80544;81917;-;381.7	94;84122;84865;-;233.1	102;89972;92602;-;304.0	86;77725;80547;-;388.5	109;95733;97160;-;93.9	102;89972;92602;-;99.3	111;97875;98441;-;183.1	97;86989;87627;-;68.6	96;85142;86992;-;271.9	82;73309;75453;-;391.3	106;94089;94604;-;73.9	82;73309;75453;-;70.4	A	9/9	contiguous	24566	1	1	77224..77703-;159;TraS;0
NZ_CP124478.1	MPF_F	IncFII	79	0	0	GA	0															not_admitted	not_admitted	not_admitted	not_admitted	not_admitted	not_admitted	not_admitted	not_admitted	not_admitted	not_admitted	1	55;47391;48383;+;369.5	65;54162;55535;+;381.7	60;51489;52232;+;234.4	52;43752;46382;+;304.1	66;55532;58354;+;374.0	45;39302;40753;+;94.2	52;43752;46382;+;97.1	43;38021;38587;+;174.3	57;48727;49365;+;68.6	58;49362;51212;+;266.1	70;60621;62912;+;391.0	48;41613;42128;+;78.4	70;60621;62912;+;70.2	A	9/9	contiguous	22600	1	1	58376..58867+;163;TraS;0
NZ_CP124484.1	MPF_F	Col156;IncFIB(AP001918);IncFII(29)	161	0	0	GA	0															not_admitted	not_admitted	not_admitted	not_admitted	not_admitted	not_admitted	not_admitted	not_admitted	not_admitted	not_admitted	1	101;90396;91388;-;369.5	89;82969;84342;-;381.7	96;86547;87290;-;233.1	104;92397;95027;-;304.0	88;80150;82972;-;388.5	114;100698;102125;-;93.9	104;92397;95027;-;99.3	116;102840;103406;-;183.1	99;89414;90052;-;68.6	98;87567;89417;-;271.9	84;75725;77878;-;391.3	111;99054;99569;-;73.9	84;75725;77878;-;70.4	A	9/9	contiguous	27115	1	1	79649..80128-;159;TraS;0
NZ_CP124491.1	MPF_F	Col156;IncFIB(AP001918);IncFII(29)	166	0	0	GA	0															not_admitted	not_admitted	not_admitted	not_admitted	not_admitted	not_admitted	not_admitted	not_admitted	not_admitted	not_admitted	1	109;98857;99849;-;367.9	97;91430;92803;-;381.7	104;95008;95751;-;233.1	112;100858;103488;-;304.0	96;88611;91433;-;388.5	119;106619;108046;-;93.9	112;100858;103488;-;99.3	121;108761;109327;-;183.1	107;97875;98513;-;68.6	106;96028;97878;-;271.9	92;84177;86339;-;391.2	116;104975;105490;-;73.9	92;84177;86339;-;70.3	A	9/9	contiguous	24584	1	1	88110..88589-;159;TraS;0
NZ_CP124496.1	MPF_F	Col156;IncFIA;IncFIB(AP001918)	105	0	0	GA	0															not_admitted	not_admitted	not_admitted	not_admitted	not_admitted	not_admitted	not_admitted	not_admitted	not_admitted	not_admitted	1				51;43372;43656;-;51.8		57;45541;46992;-;93.7		59;47707;48273;-;178.6				54;44172;44687;-;75.2		D	3/9	contiguous	4335	0	0	
NZ_CP124497.1	MPF_F	IncFII(29)	87	0	0	GA	0															not_admitted	not_admitted	not_admitted	not_admitted	not_admitted	not_admitted	not_admitted	not_admitted	not_admitted	not_admitted	1	63;50172;51164;+;369.5	74;56883;58256;+;381.7	67;53935;54678;+;234.4	60;46533;49163;+;297.8	75;58253;61078;+;372.7	51;41842;43269;+;93.9	60;46533;49163;+;100.5	49;40561;41127;+;178.6	64;51173;51811;+;68.7	65;51808;53658;+;271.9	79;63320;65473;+;391.8	55;44397;44912;+;78.9	79;63320;65473;+;70.4	A	9/9	contiguous	22759	1	1	61075..61584+;169;unnamed;0
NZ_CP124499.1	MPF_F	Col156;IncFIB(AP001918);IncFII	159	0	0	GA	0															not_admitted	not_admitted	not_admitted	not_admitted	not_admitted	not_admitted	not_admitted	not_admitted	not_admitted	not_admitted	1	99;86831;87823;-;370.6	87;79404;80777;-;381.7	94;82982;83725;-;233.1	102;88832;91462;-;304.0	86;76585;79407;-;388.5	109;94593;96020;-;93.9	102;88832;91462;-;99.3	111;96735;97301;-;183.1	97;85849;86487;-;68.6	96;84002;85852;-;271.9	82;72160;74313;-;391.3	106;92949;93464;-;73.9	82;72160;74313;-;70.4	A	9/9	contiguous	24575	1	1	76084..76563-;159;TraS;0
NZ_CP124501.1	MPF_F	IncFIB(AP001918);IncFII(29)	99	0	0	GA	0															not_admitted	not_admitted	not_admitted	not_admitted	not_admitted	not_admitted	not_admitted	not_admitted	not_admitted	not_admitted	1	39;39744;40736;-;369.5	27;32317;33690;-;381.7	34;35895;36638;-;233.1	42;41745;44375;-;304.0	26;29498;32320;-;388.5	49;47506;48933;-;93.9	42;41745;44375;-;99.3	51;49648;50214;-;183.1	37;38762;39400;-;68.6	36;36915;38765;-;271.9	22;25127;27226;-;391.4	46;45862;46377;-;73.9	22;25127;27226;-;70.4	A	9/9	contiguous	24521	1	1	28997..29476-;159;TraS;0
NZ_CP124503.1	MPF_F	Col156;IncFIB(AP001918);IncFII(29)	171	0	0	GA	0															not_admitted	not_admitted	not_admitted	not_admitted	not_admitted	not_admitted	not_admitted	not_admitted	not_admitted	not_admitted	1	114;102590;103582;-;369.5	102;95163;96536;-;381.7	109;98741;99484;-;233.1	117;104591;107221;-;304.0	101;92344;95166;-;388.5	124;110352;111779;-;93.9	117;104591;107221;-;99.3	126;112494;113060;-;183.1	112;101608;102246;-;68.6	111;99761;101611;-;271.9	93;85236;87533;-;391.0	121;108708;109223;-;73.9	93;85236;87533;-;70.3	A	9/9	contiguous	27258	1	1	91843..92322-;159;TraS;0
NZ_CP124507.1	MPF_F	Col156;IncFIB(AP001918);IncFII(29)	170	0	0	GA	0															not_admitted	not_admitted	not_admitted	not_admitted	not_admitted	not_admitted	not_admitted	not_admitted	not_admitted	not_admitted	1	113;101358;102350;-;369.5	101;93931;95304;-;381.7	108;97509;98252;-;233.1	116;103359;105989;-;300.6	100;91112;93934;-;388.5	123;109120;110547;-;93.9	116;103359;105989;-;99.3	125;111262;111828;-;183.1	111;100376;101014;-;68.6	110;98529;100379;-;271.9	92;84140;86302;-;391.2	120;107476;107991;-;73.9	92;84140;86302;-;70.3	A	9/9	contiguous	27122	1	1	90650..91090-;146;TraS;0
NZ_CP124509.1	MPF_F	Col156;IncFIB(AP001918);IncFII(29)	171	0	0	GA	0															not_admitted	not_admitted	not_admitted	not_admitted	not_admitted	not_admitted	not_admitted	not_admitted	not_admitted	not_admitted	1	114;102578;103570;-;369.5	102;95151;96524;-;381.7	109;98729;99472;-;233.1	117;104579;107209;-;304.0	101;92332;95154;-;388.5	124;110340;111767;-;93.9	117;104579;107209;-;99.3	126;112482;113048;-;183.1	112;101596;102234;-;68.6	111;99749;101599;-;271.9	93;85241;87520;-;391.0	121;108696;109211;-;73.9	93;85241;87520;-;70.3	A	9/9	contiguous	27241	1	1	91831..92310-;159;TraS;0
NZ_CP124512.1	MPF_F	Col156;IncFIB(AP001918);IncFII(29)	140	0	0	GA	0															not_admitted	not_admitted	not_admitted	not_admitted	not_admitted	not_admitted	not_admitted	not_admitted	not_admitted	not_admitted	1	83;75768;76760;-;369.5	71;68341;69714;-;381.7	78;71919;72662;-;233.1	86;77769;80399;-;304.0	70;65522;68344;-;388.5	93;83530;84957;-;93.9	86;77769;80399;-;99.3	95;85672;86238;-;183.1	81;74786;75424;-;68.6	80;72939;74789;-;271.9	62;58548;60710;-;391.2	90;81886;82401;-;73.9	62;58548;60710;-;70.3	A	9/9	contiguous	27124	1	1	65021..65500-;159;TraS;0
NZ_CP124514.1	MPF_F	Col156;IncFIB(AP001918);IncFII(29)	161	0	0	GA	0															not_admitted	not_admitted	not_admitted	not_admitted	not_admitted	not_admitted	not_admitted	not_admitted	not_admitted	not_admitted	1	104;94045;95037;-;369.5	92;86618;87991;-;381.7	99;90196;90939;-;233.1	107;96046;98676;-;304.0	91;83799;86621;-;388.5	114;101807;103234;-;93.9	107;96046;98676;-;99.3	116;103949;104515;-;183.1	102;93063;93701;-;68.6	101;91216;93066;-;271.9	83;76807;78987;-;391.2	111;100163;100678;-;73.9	83;76807;78987;-;70.3	A	9/9	contiguous	27142	1	1	83298..83777-;159;TraS;0
NZ_CP124516.1	MPF_F	Col156;IncFIB(AP001918);IncFII(29)	171	0	0	GA	0															not_admitted	not_admitted	not_admitted	not_admitted	not_admitted	not_admitted	not_admitted	not_admitted	not_admitted	not_admitted	1	114;102459;103451;-;369.5	102;95032;96405;-;381.7	109;98610;99353;-;233.1	117;104460;107090;-;304.0	101;92213;95035;-;388.5	124;110221;111648;-;93.9	117;104460;107090;-;99.3	126;112363;112929;-;183.1	112;101477;102115;-;68.6	111;99630;101480;-;271.9	93;85239;87401;-;391.2	121;108577;109092;-;73.9	93;85239;87401;-;70.3	A	9/9	contiguous	27124	1	1	91712..92191-;159;TraS;0
NZ_CP124532.1	MPF_T	-	50	0	0	GA	1	47;33577;34167;+;64.3	3;2432;2746;+;76.4		5;3082;5652;+;33.8	5;3082;5652;+;109.0	6;5671;6450;+;56.6	7;6808;8286;+;90.3		8;8293;9003;+;124.1	9;9030;10022;+;166.2	10;10038;11390;+;214.4	2;1205;2218;+;117.4	0;49;720;+;62.2		conjscan	conjscan_only	A	7/7	canonical	1	0	unscoreable	3	0	0														not_admitted	not_admitted	not_admitted	not_admitted	not_admitted	not_admitted	not_admitted
NZ_CP124536.1	-	-	123	0	0	GA	1	83;84013;85116;-;73.2	87;88041;88355;-;88.6	86;87696;87971;-;61.1	85;85328;87706;-;102.6	85;85328;87706;-;35.2	82;83207;84016;-;65.0	80;81681;82700;-;102.0		79;80989;81648;-;152.9	78;80243;80992;-;133.9	77;78919;80241;-;176.6	76;77945;78919;-;111.8	61;59460;61304;+;276.9		pfam	both	A	7/7	canonical	1	0	unscoreable	2	0	0														not_admitted	not_admitted	not_admitted	not_admitted	not_admitted	not_admitted	not_admitted
NZ_CP124615.1	MPF_F	-	197	0	0	GA	0															not_admitted	not_admitted	not_admitted	not_admitted	not_admitted	not_admitted	not_admitted	not_admitted	not_admitted	not_admitted	1	134;111209;112216;+;329.4	18;15522;16961;+;325.0	17;14486;15520;+;207.6	129;105980;108430;+;315.0	19;16968;20609;+;345.7	123;96650;97999;+;126.0	129;105980;108430;+;134.6	121;95080;95709;+;86.2	132;109243;110511;+;65.4	135;112412;115192;+;142.3	115;90866;92734;+;44.6	124;98056;98547;+;86.0	115;90866;92734;+;48.4	A	9/9	split_2	97926	0	1	
NZ_CP124625.1	-	-	41	0	0	GA	1	8;8722;9618;-;45.2	24;23002;23493;+;68.0	25;23493;23807;+;51.1	26;23821;26328;+;96.9	26;23821;26328;+;113.0	27;26297;27085;+;47.5	29;27293;29005;+;87.6		31;29404;30102;+;122.8	32;30102;31040;+;161.6	34;31497;32960;+;206.3	23;22007;22990;+;134.8	10;10178;12136;-;355.7		conjscan	conjscan_only	A	7/7	canonical	1	0	unscoreable	17	0	0														not_admitted	not_admitted	not_admitted	not_admitted	not_admitted	not_admitted	not_admitted
NZ_CP124633.1	MPF_G	-	93	0	0	GA	0															not_admitted	not_admitted	not_admitted	not_admitted	not_admitted	not_admitted	not_admitted	not_admitted	not_admitted	not_admitted	1	2;3084;4022;-;189.6			7;5813;8755;-;278.6							19;17945;20176;-;21.5		19;17945;20176;-;47.0	D	2/9	contiguous	14861	0	0	
NZ_CP124639.1	-	-	41	0	0	GA	1	32;27133;28029;+;45.1	16;13258;13749;-;68.0	15;12944;13258;-;51.1	14;10423;12930;-;96.9	14;10423;12930;-;113.0	13;9666;10454;-;47.5	11;7746;9458;-;87.6		9;6649;7347;-;122.8	8;5711;6649;-;161.6	6;3791;5254;-;206.3	17;13761;14744;-;134.8	30;24615;26573;+;355.7		conjscan	conjscan_only	A	7/7	canonical	1	0	unscoreable	17	0	0														not_admitted	not_admitted	not_admitted	not_admitted	not_admitted	not_admitted	not_admitted
NZ_CP124642.1	-	-	43	0	0	GA	1	16;12948;13844;-;45.1	32;27228;27719;+;68.0	33;27719;28033;+;51.1	34;28047;30554;+;96.9	34;28047;30554;+;113.0	35;30523;31311;+;47.5	37;31519;33231;+;87.6		39;33630;34328;+;122.8	40;34328;35266;+;161.6	0;9;362;+;96.4	31;26233;27216;+;134.8	18;14404;16362;-;355.7		conjscan	conjscan_only	A	7/7	canonical	1	0	unscoreable	16	0	0														not_admitted	not_admitted	not_admitted	not_admitted	not_admitted	not_admitted	not_admitted
NZ_CP124659.1	MPF_T	-	611	0	0	GA	1	91;72061;72765;-;26.4	20;19635;20021;+;85.3	21;20018;20287;+;32.5	22;20300;22750;+;37.9	22;20300;22750;+;125.2	23;22747;23490;+;226.6	25;23826;25193;+;177.3		26;25212;25916;+;235.9	27;25913;26905;+;223.0	28;26908;28188;+;208.0	350;329526;331283;-;293.5	17;16101;18098;+;333.4		conjscan	conjscan_only	A	7/7	canonical	1	0	unscoreable	3	0	0														not_admitted	not_admitted	not_admitted	not_admitted	not_admitted	not_admitted	not_admitted
NZ_CP124694.1	MPF_F	repFIB;repHI5B	318	0	0	GA	0															not_admitted	not_admitted	not_admitted	not_admitted	not_admitted	not_admitted	not_admitted	not_admitted	not_admitted	not_admitted	1	27;25529;26566;-;282.2	228;196347;197789;-;188.4	229;197746;198783;-;172.4	38;37435;40152;-;143.5	227;192407;196372;-;117.7	42;42275;43642;-;63.7	38;37435;40152;-;80.6	45;45297;46157;-;73.9	28;26563;27924;-;71.7	26;22338;25514;-;58.7	236;206012;208138;+;62.0	39;40201;40938;-;56.3	236;206012;208138;+;39.7	A	9/9	split_2	183674	0	1	
NZ_CP124695.1	MPF_F	IncFIB(K);IncFII(K)	174	0	0	GA	0															not_admitted	not_admitted	not_admitted	not_admitted	not_admitted	not_admitted	not_admitted	not_admitted	not_admitted	not_admitted	1	129;129245;130234;-;363.3	118;122059;123426;-;382.2	122;124684;125436;-;236.4	133;131691;134330;-;259.0	117;119210;122059;-;342.9	143;138310;139734;-;88.8	133;131691;134330;-;87.3	145;140461;141027;-;167.9	127;128322;128969;-;65.9	126;126308;128263;-;259.5	113;115116;117398;-;393.3	140;137114;137698;-;53.8	113;115116;117398;-;65.9	A	9/9	contiguous	25345	1	1	118677..119207-;176;unnamed;0
NZ_CP124696.1	MPF_F	IncFII(pKP91);repB(R1701)	120	0	0	GA	0															not_admitted	not_admitted	not_admitted	not_admitted	not_admitted	not_admitted	not_admitted	not_admitted	not_admitted	not_admitted	1	86;61594;62583;+;366.6	96;68130;69497;+;383.8	92;66120;66872;+;233.7	82;57512;60151;+;258.5	97;69497;72346;+;346.4	74;51829;53253;+;89.2	82;57512;60151;+;88.2	72;50536;51102;+;169.3	87;62596;63234;+;66.9	88;63293;65248;+;259.7	101;74808;77120;+;393.1	75;53367;53951;+;53.6	101;74808;77120;+;66.6	A	9/9	contiguous	24272	1	1	72349..72882+;177;unnamed;0
NZ_CP124699.1	MPF_F	IncFIB(K);IncFII(K)	153	0	0	GA	0															not_admitted	not_admitted	not_admitted	not_admitted	not_admitted	not_admitted	not_admitted	not_admitted	not_admitted	not_admitted	1	100;106177;107166;-;366.6	90;99316;100686;-;380.7	94;101888;102640;-;233.2	104;108609;111248;-;258.5	89;96473;99316;-;346.5	112;114442;115866;-;89.2	104;108609;111248;-;87.7	114;116593;117159;-;168.5	99;105526;106164;-;66.9	98;103512;105467;-;259.7	85;91576;93888;-;392.8	111;113744;114328;-;54.4	85;91576;93888;-;65.9	A	9/9	contiguous	25017	1	1	95938..96462-;174;unnamed;0
NZ_CP124700.1	MPF_F	IncFII(K);repB(R1701)	117	0	0	GA	0															not_admitted	not_admitted	not_admitted	not_admitted	not_admitted	not_admitted	not_admitted	not_admitted	not_admitted	not_admitted	1	86;60616;61605;+;366.6	96;67152;68519;+;384.0	92;65142;65894;+;233.7	82;56534;59173;+;258.5	97;68519;71368;+;346.4	75;51917;53341;+;89.2	82;56534;59173;+;88.2	73;50624;51190;+;169.3	87;61618;62256;+;66.9	88;62315;64270;+;259.7	101;73830;76142;+;393.1	76;53455;54039;+;53.6	101;73830;76142;+;66.6	A	9/9	contiguous	23206	1	1	71371..71904+;177;unnamed;0
NZ_CP124701.1	MPF_T	IncN	76	0	0	GA	1	17;13026;13760;+;32.5		20;14403;14720;+;63.3	21;14720;17320;+;113.8	21;14720;17320;+;76.4	22;17338;18051;+;105.5	24;18302;19342;+;142.4		25;19561;20259;+;131.9	26;20270;21154;+;159.7	27;21154;22314;+;156.3	28;22356;23351;+;81.2	53;46137;47666;-;38.5		pfam	both	A	7/7	canonical	1	0	unscoreable	3	0	0														not_admitted	not_admitted	not_admitted	not_admitted	not_admitted	not_admitted	not_admitted
NZ_CP124704.1	MPF_F	IncFII(K);repB(R1701)	119	0	0	GA	0															not_admitted	not_admitted	not_admitted	not_admitted	not_admitted	not_admitted	not_admitted	not_admitted	not_admitted	not_admitted	1	87;60754;61743;+;366.6	97;67290;68657;+;384.0	93;65280;66032;+;233.7	83;56672;59311;+;258.5	98;68657;71506;+;346.4	76;52055;53479;+;89.2	83;56672;59311;+;88.2	74;50762;51328;+;169.3	88;61756;62394;+;66.9	89;62453;64408;+;259.7	102;73968;76280;+;393.1	77;53593;54177;+;53.6	102;73968;76280;+;66.6	A	9/9	contiguous	23206	1	1	71509..72042+;177;unnamed;0
NZ_CP124706.1	MPF_T	IncN	67	0	0	GA	1	19;15238;15972;+;32.5		22;16615;16932;+;63.3	23;16932;19532;+;113.8	23;16932;19532;+;76.4	24;19550;20263;+;105.5	26;20514;21554;+;142.4		27;21773;22471;+;131.9	28;22482;23366;+;159.7	29;23366;24526;+;156.3	30;24568;25563;+;81.2	44;37451;38980;-;38.5		pfam	both	A	7/7	canonical	1	0	unscoreable	3	0	0														not_admitted	not_admitted	not_admitted	not_admitted	not_admitted	not_admitted	not_admitted
NZ_CP124736.1	MPF_T	-	178	0	0	GA	1	105;107449;108186;+;73.4	175;187679;188080;-;70.9	107;108551;108877;+;73.6	108;108877;111246;+;240.3	173;184908;187376;-;125.4	172;184133;184936;-;45.0	170;182728;183924;-;112.0		112;113103;113816;+;176.9	168;181179;182045;-;189.5	166;179374;180690;-;225.0	176;188070;189041;-;132.3	66;64592;66541;-;542.6		conjscan	conjscan_only	A	7/7	uncallable	0	0	unscoreable	11	0	0														not_admitted	not_admitted	not_admitted	not_admitted	not_admitted	not_admitted	not_admitted
NZ_CP124806.1	MPF_F	IncFIA(HI1);IncFII(pKP91)	112	0	0	GA	0															not_admitted	not_admitted	not_admitted	not_admitted	not_admitted	not_admitted	not_admitted	not_admitted	not_admitted	not_admitted	1	88;71825;72817;+;363.2	98;78381;79748;+;382.8	94;76371;77123;+;233.7	85;68160;70799;+;259.1	99;79748;82591;+;344.3	75;62934;64358;+;88.4	85;68160;70799;+;83.9	73;61641;62207;+;168.4	89;72830;73468;+;64.4	90;73527;75482;+;255.3	102;84638;86938;+;390.3	77;64970;65539;+;54.4	102;84638;86938;+;66.6	A	9/9	contiguous	22997	1	1	82602..83135+;177;unnamed;0
NZ_CP124815.1	MPF_T	IncX3	58	0	0	GA	1	21;12973;13617;+;46.4	22;13601;13891;+;73.1	23;13916;16669;+;47.0	23;13916;16669;+;145.4	23;13916;16669;+;73.3	24;16679;17449;+;60.1	26;17728;18783;+;133.2		27;18978;19706;+;119.4	28;19712;20641;+;138.8	29;20638;21852;+;128.3	31;22048;23082;+;65.7	32;23085;24920;+;495.9		pfam	pfam_only	A	7/7	canonical	1	1	unscoreable	2	0	0														not_admitted	not_admitted	not_admitted	not_admitted	not_admitted	not_admitted	not_admitted
NZ_CP124823.1	MPF_T	IncI2(Delta)	77	0	0	GA	1	41;31644;32126;-;81.1	56;47589;47879;-;28.9	55;47198;47482;-;36.5	54;44835;47192;-;60.7	54;44835;47192;-;44.0	65;52740;53384;-;41.0	66;53390;54385;-;123.7		52;43935;44669;-;144.4	51;43168;43938;-;170.5	50;42039;43178;-;154.7	44;33895;35433;-;207.1	48;38991;40949;-;288.2		pfam	pfam_only	A	7/7	rearranged	1	0	unscoreable	13	0	0														not_admitted	not_admitted	not_admitted	not_admitted	not_admitted	not_admitted	not_admitted
NZ_CP124828.1	MPF_F	IncFIB(K);IncFII(K)	227	0	0	GA	0															not_admitted	not_admitted	not_admitted	not_admitted	not_admitted	not_admitted	not_admitted	not_admitted	not_admitted	not_admitted	1	170;168052;169044;-;366.6	160;161231;162601;-;381.2	164;163803;164555;-;232.4	173;170070;172709;-;258.7	159;158382;161231;-;344.2	182;176524;177948;-;89.2	173;170070;172709;-;88.8	184;178675;179241;-;167.0	169;167401;168039;-;67.0	168;165398;167404;-;259.0	155;155180;156568;-;302.4	180;175343;175912;-;49.7		A	9/9	contiguous	23495	1	1	157849..158379-;176;unnamed;0
NZ_CP124838.1	MPF_F	IncR	145	0	0	GA	0															not_admitted	not_admitted	not_admitted	not_admitted	not_admitted	not_admitted	not_admitted	not_admitted	not_admitted	not_admitted	1	23;17772;18764;+;369.5	36;25597;26970;+;376.8	31;23288;24031;+;234.4	20;14136;16763;+;301.8	37;26967;29783;+;376.7	15;10654;12081;+;94.1	20;14136;16763;+;101.8	13;9373;9939;+;183.8	26;19710;20348;+;70.4	29;21161;23011;+;265.0	41;32084;34309;+;391.7	19;13105;13620;+;77.6	41;32084;34309;+;70.3	A	9/9	contiguous	22711	1	1	29816..30337+;173;unnamed;0
NZ_CP124839.1	-	IncX6	63	0	0	GA	1	55;36605;37234;+;45.3	56;37252;37545;+;50.5	57;37559;40324;+;58.7	57;37559;40324;+;129.2	57;37559;40324;+;55.1	58;40336;41076;+;110.2	60;41535;42530;+;123.2		62;43863;44549;+;167.1		0;1;1317;+;131.4	2;2360;3391;+;79.6	3;3378;5204;+;384.8		pfam	pfam_only	B	6/7	canonical	1	1	unscoreable	3	0	0														not_admitted	not_admitted	not_admitted	not_admitted	not_admitted	not_admitted	not_admitted
NZ_CP124843.1	MPF_F	-	82	0	0	GA	0															not_admitted	not_admitted	not_admitted	not_admitted	not_admitted	not_admitted	not_admitted	not_admitted	not_admitted	not_admitted	1	30;33238;34227;+;356.1	36;38422;39786;+;368.8	33;36713;37564;+;199.0	27;29605;32190;+;245.5	37;39786;42629;+;340.1	25;27703;29031;+;93.7	27;29605;32190;+;88.9	23;26420;26986;+;129.7	31;34237;34845;+;69.6	32;34863;36716;+;244.6	40;44010;46187;+;381.6	26;29043;29594;+;45.2	40;44010;46187;+;63.9	A	9/9	contiguous	17590	1	1	42626..43195+;189;unnamed;0
NZ_CP124867.1	MPF_F	IncFII(K);IncFII(pAR0022);IncR	161	0	0	GA	0															not_admitted	not_admitted	not_admitted	not_admitted	not_admitted	not_admitted	not_admitted	not_admitted	not_admitted	not_admitted	1	139;123001;123993;+;366.6	149;129455;130825;+;381.2	145;127501;128253;+;232.2	136;119336;121975;+;259.3	150;130825;133674;+;341.4	128;114329;115753;+;89.3	136;119336;121975;+;88.8	126;113036;113602;+;167.0	140;124006;124644;+;67.0	141;124703;126658;+;259.7	154;135488;137800;+;393.1	130;116383;116940;+;52.5	154;135488;137800;+;66.6	A	9/9	contiguous	22452	1	1	133677..134207+;176;unnamed;0
NZ_CP124869.1	MPF_T	IncX3	61	0	0	GA	1	16;15297;15941;-;46.4	15;15023;15313;-;73.1	14;12245;14998;-;47.0	14;12245;14998;-;145.4	14;12245;14998;-;73.3	13;11465;12235;-;60.1	11;10131;11186;-;133.2		10;9208;9936;-;118.8	9;8273;9202;-;138.8	8;7062;8276;-;126.5	6;5832;6866;-;65.7	5;3994;5829;-;495.9		pfam	pfam_only	A	7/7	canonical	1	1	unscoreable	2	0	0														not_admitted	not_admitted	not_admitted	not_admitted	not_admitted	not_admitted	not_admitted
NZ_CP124870.1	MPF_T	IncX4	40	0	0	GA	1	2;636;1256;+;41.6	3;1270;1596;+;64.4	4;1615;4362;+;63.8	4;1615;4362;+;151.8	4;1615;4362;+;46.1	5;4374;5090;+;94.2	6;5102;6196;+;150.1		8;6711;7397;+;169.0	9;7394;8302;+;142.4	10;8295;9413;+;163.9	11;9415;10443;+;85.0	12;10475;12292;+;314.8		pfam	pfam_only	A	7/7	canonical	1	1	unscoreable	1	0	0														not_admitted	not_admitted	not_admitted	not_admitted	not_admitted	not_admitted	not_admitted
NZ_CP124874.1	MPF_F	IncFIA(HI1);IncHI2;IncHI2A;IncN;IncR	355	0	0	GA	0															not_admitted	not_admitted	not_admitted	not_admitted	not_admitted	not_admitted	not_admitted	not_admitted	not_admitted	not_admitted	1	147;124729;125787;-;276.9	262;231447;232862;+;194.1	261;230411;231457;+;174.3	163;145359;148040;-;168.0	263;232871;236824;+;101.7	167;150370;151725;-;80.7	163;145359;148040;-;72.2	170;153449;154237;-;74.8	149;125929;127440;-;62.0	146;121522;124710;-;57.3	254;221285;223369;-;56.8	164;148049;148999;-;46.1	254;221285;223369;-;38.8	A	9/9	split_2	111349	1	1	237005..238294+;429;unnamed;0
NZ_CP124875.1	MPF_F	IncFIB(K);IncFII(K);IncFII(pAR0022)	175	0	0	GA	0															not_admitted	not_admitted	not_admitted	not_admitted	not_admitted	not_admitted	not_admitted	not_admitted	not_admitted	not_admitted	1	142;142953;143942;+;363.3	153;149761;151128;+;384.1	149;147751;148503;+;233.7	138;138857;141496;+;256.9	154;151128;153950;+;346.4	131;134604;136028;+;89.2	138;138857;141496;+;88.7	129;133311;133877;+;169.3	144;144218;144865;+;66.3	145;144924;146879;+;259.7	159;157638;159950;+;393.1	132;136101;136685;+;54.5	159;157638;159950;+;66.6	A	9/9	contiguous	24327	1	1	153973..154575+;200;TraS;0
NZ_CP124965.1	MPF_T	-	756	0	0	GA	1		478;520785;521189;+;71.8	479;521182;521481;+;56.8	480;521493;523955;+;188.6	480;521493;523955;+;133.9	481;523927;524739;+;45.6	483;524957;526147;+;114.1		484;526163;526825;+;121.2	485;526876;527694;+;188.6	487;528185;529492;+;221.8	477;519824;520795;+;132.6	536;576973;578916;+;563.3		conjscan	conjscan_only	A	7/7	canonical	1	0	unscoreable	3	0	0														not_admitted	not_admitted	not_admitted	not_admitted	not_admitted	not_admitted	not_admitted
NZ_CP124966.1	MPF_T	-	216	0	0	GA	1	52;52740;53459;+;58.2	213;217134;217538;-;71.8	54;53839;54165;+;68.7	55;54165;56534;+;226.4	211;214369;216831;-;129.6	210;213588;214397;-;45.7	208;212183;213370;-;106.7		58;58323;59096;+;176.5	206;210635;211489;-;186.3	204;208848;210149;-;226.8	214;217528;218499;-;130.2	139;140344;142266;-;558.5		conjscan	conjscan_only	A	7/7	uncallable	0	0	unscoreable	14	0	0														not_admitted	not_admitted	not_admitted	not_admitted	not_admitted	not_admitted	not_admitted
NZ_CP124969.1	MPF_T	-	237	0	0	GA	1	161;168304;169041;+;73.4	234;253235;253642;-;74.3	163;169406;169732;+;73.6	164;169732;172101;+;236.9	232;250464;252932;-;121.7	231;249683;250492;-;45.7	229;248278;249474;-;109.7		168;173957;174670;+;176.9	227;246729;247583;-;191.6	225;244933;246240;-;226.8	235;253632;254603;-;133.6	124;123084;125039;-;544.6		conjscan	conjscan_only	A	7/7	uncallable	0	0	unscoreable	11	0	0														not_admitted	not_admitted	not_admitted	not_admitted	not_admitted	not_admitted	not_admitted
NZ_CP125081.1	MPF_F	IncFIB(K);IncFII(pKP91)	179	0	0	GA	0															not_admitted	not_admitted	not_admitted	not_admitted	not_admitted	not_admitted	not_admitted	not_admitted	not_admitted	not_admitted	1	36;24784;25773;-;366.0	25;18626;19291;-;184.7	29;20525;21277;-;232.2	40;27230;29869;-;257.3	20;16050;16937;-;97.9	47;33254;34678;-;89.7	40;27230;29869;-;89.1	49;35405;35971;-;169.3	35;24133;24771;-;67.0	33;22214;22753;-;140.8	10;11468;12334;-;246.9	46;32597;33181;-;54.4	10;11468;12334;-;69.1	A	9/9	contiguous	23937	1	1	15652..16050-;132;unnamed;0
NZ_CP125082.1	MPF_F	IncFII(pKP91)	45	0	0	GA	0															not_admitted	not_admitted	not_admitted	not_admitted	not_admitted	not_admitted	not_admitted	not_admitted	not_admitted	not_admitted	1	19;11212;11931;+;284.6	28;17454;18827;+;381.2	24;15445;16197;+;232.2	15;6848;9487;+;257.3	29;18820;20235;+;336.8		15;6848;9487;+;89.1	2;721;1212;+;150.9	20;11944;12582;+;67.0	21;12641;14425;+;235.6	34;23621;25174;+;336.0	9;3533;4117;+;54.4	34;23621;25174;+;54.2	A	9/9	contiguous	22900	1	1	20260..21807+;515;unnamed;0
NZ_CP125084.1	MPF_F	IncFIA(HI1);IncFII(pKP91)	111	0	0	GA	0															not_admitted	not_admitted	not_admitted	not_admitted	not_admitted	not_admitted	not_admitted	not_admitted	not_admitted	not_admitted	1	18;11356;12345;+;366.0	28;17862;19229;+;381.2	24;15853;16605;+;232.2	14;7260;9899;+;257.3	29;19229;22078;+;346.5	5;2448;3872;+;89.7	14;7260;9899;+;89.1	3;1155;1721;+;169.3	19;12358;12996;+;67.0	20;13055;15010;+;259.2	33;23891;26197;+;392.1	6;3945;4529;+;54.4	33;23891;26197;+;66.6	A	9/9	contiguous	22736	1	1	22081..22779+;232;unnamed;0
NZ_CP125089.1	MPF_F	IncFII(K);repB(R1701)	137	0	0	GA	0															not_admitted	not_admitted	not_admitted	not_admitted	not_admitted	not_admitted	not_admitted	not_admitted	not_admitted	not_admitted	1	81;74556;75545;-;366.6	71;67642;69009;-;384.0	75;70267;71019;-;233.7	85;77002;79641;-;258.5	70;64793;67642;-;346.4	92;82468;83892;-;89.3	85;77002;79641;-;88.7	94;84619;85185;-;169.3	80;73905;74543;-;66.9	79;71891;73846;-;259.4	66;60019;62331;-;393.1	91;81812;82396;-;54.7	66;60019;62331;-;66.6	A	9/9	contiguous	24600	1	1	64257..64790-;177;unnamed;0
NZ_CP125096.1	MPF_T	-	475	0	0	GA	1		231;229675;229974;+;87.8	232;229977;230318;+;105.3	233;230311;232692;+;172.7	233;230311;232692;+;107.6	234;232692;233390;+;210.2	236;233625;234560;+;163.8		238;234866;235537;+;220.9	239;235534;236388;+;185.3	240;236403;237575;+;185.6	241;237584;238594;+;100.3	180;182018;183937;-;326.6		pfam	both	A	7/7	canonical	1	0	unscoreable	2	0	0														not_admitted	not_admitted	not_admitted	not_admitted	not_admitted	not_admitted	not_admitted
NZ_CP125097.1	MPF_T	-	169	0	0	GA	1	96;93688;94425;+;75.2	166;175220;175621;-;74.9	98;94790;95116;+;73.6	99;95116;97485;+;240.3	164;172449;174917;-;122.7	163;171668;172477;-;47.8	161;170263;171459;-;110.2		103;99342;100055;+;176.9	159;168714;169580;-;191.3	157;166912;168225;-;225.2	167;175611;176582;-;133.5	57;50844;52793;-;546.2		conjscan	conjscan_only	A	7/7	uncallable	0	0	unscoreable	11	0	0														not_admitted	not_admitted	not_admitted	not_admitted	not_admitted	not_admitted	not_admitted
NZ_CP125100.1	MPF_F	IncHI1B(pNDM-MAR)	360	0	0	GA	0															not_admitted	not_admitted	not_admitted	not_admitted	not_admitted	not_admitted	not_admitted	not_admitted	not_admitted	not_admitted	1	70;55252;56289;-;282.3	234;185684;187093;+;190.4	233;184657;185694;+;175.9	82;67121;69838;-;148.7	235;187095;191003;+;122.1	86;71951;73321;-;65.6	82;67121;69838;-;85.2	89;74967;75827;-;79.0	71;56286;57647;-;69.8	69;52057;55242;-;58.9	226;175333;177459;-;57.8	83;69883;70620;-;57.1	226;175333;177459;-;41.0	A	9/9	split_2	135038	0	1	
NZ_CP125102.1	MPF_F	IncFIA(HI1);IncFII(K)	109	0	0	GA	0															not_admitted	not_admitted	not_admitted	not_admitted	not_admitted	not_admitted	not_admitted	not_admitted	not_admitted	not_admitted	1	84;60765;61754;+;366.6	94;67301;68668;+;384.0	90;65291;66043;+;233.7	80;56683;59322;+;258.5	95;68668;71517;+;346.4	72;52066;53490;+;88.8	80;56683;59322;+;87.7	70;50773;51339;+;169.3	85;61767;62405;+;66.9	86;62464;64419;+;259.7	99;73981;76293;+;392.8	73;53604;54188;+;54.4	99;73981;76293;+;65.8	A	9/9	contiguous	23208	1	1	71520..72053+;177;unnamed;0
NZ_CP125112.1	MPF_F	IncC;IncHI1B(pNDM-MAR)	570	0	0	GA	0															not_admitted	not_admitted	not_admitted	not_admitted	not_admitted	not_admitted	not_admitted	not_admitted	not_admitted	not_admitted	1	348;269653;270660;+;332.9	239;189320;190753;+;339.2	238;188290;189318;+;221.7	343;264454;266901;+;354.5	240;190766;194380;+;375.3	338;255582;256898;+;135.0	343;264454;266901;+;128.3	336;254058;254684;+;92.7	69;55405;56766;-;69.8	349;270776;273574;+;145.3	436;344336;346462;-;57.8	339;256895;257473;+;100.2	327;248383;250248;+;52.0	A	9/9	split_4	288931	0	1	
NZ_CP125113.1	MPF_F	IncFIB(K);IncFII(K)	180	0	0	GA	0															not_admitted	not_admitted	not_admitted	not_admitted	not_admitted	not_admitted	not_admitted	not_admitted	not_admitted	not_admitted	1	124;131324;132316;-;366.6	114;124410;125777;-;380.7	118;127035;127787;-;233.7	127;133342;135981;-;258.7	113;121561;124410;-;345.6	136;139796;141220;-;89.2	127;133342;135981;-;88.8	138;141947;142513;-;167.0	123;130673;131311;-;67.0	122;128659;130614;-;259.7	109;116766;119075;-;392.8	134;138615;139184;-;49.7	109;116766;119075;-;65.8	A	9/9	contiguous	25181	1	1	121000..121548-;182;unnamed;0
NZ_CP125122.1	MPF_F	IncHI1B(pNDM-MAR);IncR	402	0	0	GA	0															not_admitted	not_admitted	not_admitted	not_admitted	not_admitted	not_admitted	not_admitted	not_admitted	not_admitted	not_admitted	1	34;32678;33715;-;282.3			46;44547;47264;-;148.7		50;49377;50747;-;65.6	46;44547;47264;-;85.2	53;52393;53253;-;79.0	35;33712;35073;-;69.8	33;29483;32668;-;58.9		47;47309;48046;-;57.1		C	6/9	contiguous	22910	0	1	
NZ_CP125127.1	MPF_F	IncHI1B(pNDM-MAR)	324	0	0	GA	0															not_admitted	not_admitted	not_admitted	not_admitted	not_admitted	not_admitted	not_admitted	not_admitted	not_admitted	not_admitted	1	33;32510;33547;-;282.3	196;162479;163888;+;190.4	195;161452;162489;+;175.9	45;44379;47096;-;148.7	197;163890;167798;+;122.1	49;49209;50579;-;65.6	45;44379;47096;-;85.2	52;52225;53085;-;79.0	34;33544;34905;-;69.8	32;29315;32500;-;58.9	188;152128;154254;-;57.8	46;47141;47878;-;57.1	188;152128;154254;-;41.0	A	9/9	split_2	134575	0	1	
NZ_CP125133.1	MPF_F	IncHI1B(pNDM-MAR)	337	0	0	GA	0															not_admitted	not_admitted	not_admitted	not_admitted	not_admitted	not_admitted	not_admitted	not_admitted	not_admitted	not_admitted	1	70;55924;56961;-;282.3	210;168900;170309;+;190.4	209;167873;168910;+;175.9	82;67793;70510;-;148.7	211;170311;174219;+;122.1	86;72623;73993;-;65.6	82;67793;70510;-;85.2	89;75639;76499;-;79.0	71;56958;58319;-;69.8	69;52729;55914;-;58.9	202;158549;160675;-;57.8	83;70555;71292;-;57.1	202;158549;160675;-;41.0	A	9/9	split_2	117582	0	1	
NZ_CP125139.1	MPF_F	IncHI1B(pNDM-MAR)	355	0	0	GA	0															not_admitted	not_admitted	not_admitted	not_admitted	not_admitted	not_admitted	not_admitted	not_admitted	not_admitted	not_admitted	1	69;54748;55785;-;282.3	229;181613;183022;+;190.4	228;180586;181623;+;175.9	81;66617;69334;-;148.7	230;183024;186932;+;122.1	85;71447;72817;-;65.6	81;66617;69334;-;85.2	88;74463;75323;-;79.0	70;55782;57143;-;69.8	68;51553;54738;-;58.9	221;171262;173388;-;57.8	82;69379;70116;-;57.1	221;171262;173388;-;41.0	A	9/9	split_2	131471	0	1	
NZ_CP125160.1	MPF_F	IncFIB(pNDM-Mar);IncHI1B(pNDM-MAR)	314	0	0	GA	0															not_admitted	not_admitted	not_admitted	not_admitted	not_admitted	not_admitted	not_admitted	not_admitted	not_admitted	not_admitted	1	239;217965;219002;-;282.3	79;65526;66935;+;190.4	78;64499;65536;+;175.9	251;229834;232551;-;148.7	80;66937;70845;+;122.1	255;234664;236034;-;65.6	251;229834;232551;-;85.2	258;237680;238540;-;79.0	240;218999;220360;-;69.8	238;214770;217955;-;58.9	71;55176;57302;-;57.8	252;232596;233333;-;57.1	71;55176;57302;-;41.0	A	9/9	split_2	182504	0	1	
NZ_CP125169.1	MPF_F	IncFIA(HI1);IncFII(K)	105	0	0	GA	0															not_admitted	not_admitted	not_admitted	not_admitted	not_admitted	not_admitted	not_admitted	not_admitted	not_admitted	not_admitted	1	80;53962;54951;+;366.6	90;60498;61865;+;384.0	86;58488;59240;+;233.7	76;49880;52519;+;258.5	91;61865;64717;+;340.7	68;45263;46687;+;88.8	76;49880;52519;+;87.7	66;43970;44536;+;169.3	81;54964;55602;+;66.9	82;55661;57616;+;259.7	95;67181;69493;+;392.8	69;46801;47385;+;54.4	95;67181;69493;+;65.8	A	9/9	contiguous	23211	1	1	64720..65253+;177;unnamed;0
NZ_CP125170.1	MPF_F	IncFII	79	0	0	GA	0															not_admitted	not_admitted	not_admitted	not_admitted	not_admitted	not_admitted	not_admitted	not_admitted	not_admitted	not_admitted	1	70;55524;56516;+;369.5			67;51885;54515;+;304.1		60;47435;48886;+;94.2	67;51885;54515;+;97.1	58;46154;46720;+;174.3	73;57637;58275;+;68.6	74;58272;60107;+;266.1	67;51885;54515;+;21.8	63;49746;50261;+;78.4		C	6/9	contiguous	12118	0	1	
NZ_CP125176.1	MPF_F	IncHI1B(pNDM-MAR);IncR	412	0	0	GA	0															not_admitted	not_admitted	not_admitted	not_admitted	not_admitted	not_admitted	not_admitted	not_admitted	not_admitted	not_admitted	1	72;57008;58045;-;282.3	286;232154;233563;+;190.4	285;231127;232164;+;175.9	84;68877;71594;-;148.7	287;233565;237473;+;122.1	88;73707;75077;-;65.6	84;68877;71594;-;85.2	91;76723;77583;-;79.0	73;58042;59403;-;69.8	71;53813;56998;-;58.9	278;221803;223929;-;57.8	85;71639;72376;-;57.1	278;221803;223929;-;41.0	A	9/9	split_2	179752	0	1	
NZ_CP125181.1	MPF_F	IncFIB(K);IncFII(K);IncFII(pAR0022)	272	0	0	GA	0															not_admitted	not_admitted	not_admitted	not_admitted	not_admitted	not_admitted	not_admitted	not_admitted	not_admitted	not_admitted	1	189;192361;193353;-;366.6	177;184576;185367;-;250.1	183;188101;188853;-;232.2	192;194379;197018;-;257.8	173;180128;182746;-;302.2	202;200844;202268;-;88.4	192;194379;197018;-;88.8	204;202995;203561;-;167.0	188;191710;192348;-;67.0	187;189696;191651;-;259.7	169;175847;178159;-;393.1	200;199651;200208;-;52.7	169;175847;178159;-;66.6	A	9/9	contiguous	27148	1	1	179502..180104-;200;TraS;0
NZ_CP125194.1	MPF_F	IncHI1B(pNDM-MAR)	221	0	0	GA	0															not_admitted	not_admitted	not_admitted	not_admitted	not_admitted	not_admitted	not_admitted	not_admitted	not_admitted	not_admitted	1	82;78774;79811;-;282.3			94;90643;93360;-;148.7		98;95473;96843;-;65.6	94;90643;93360;-;85.2	101;98489;99349;-;79.0	83;79808;81169;-;69.8	81;75579;78764;-;58.9		95;93405;94142;-;57.1		C	6/9	contiguous	22910	0	1	
NZ_CP125287.1	MPF_T	IncFII(pHN7A8);IncN;IncR	205	0	0	GA	1	26;18036;18683;+;77.3		91;70891;71208;+;63.3	92;71208;73808;+;111.8	92;71208;73808;+;76.4	93;73826;74539;+;105.5	95;74790;75830;+;142.4		96;76049;76747;+;131.9	97;76758;77642;+;159.7	98;77642;79435;+;124.2	98;77642;79435;+;79.2	106;85442;86971;-;38.5		pfam	both	A	7/7	canonical	1	0	unscoreable	10	0	0														not_admitted	not_admitted	not_admitted	not_admitted	not_admitted	not_admitted	not_admitted
NZ_CP125297.1	MPF_T	-	625	0	0	GA	1	265;255321;255983;-;49.5		263;254478;254915;-;36.0	262;251905;254478;-;46.1	262;251905;254478;-;30.6	261;251216;251893;-;114.8	259;250040;250954;-;157.4		257;248883;249728;-;163.2	256;247972;248886;-;178.2	255;246599;247954;-;141.5	253;244844;245881;-;77.0	249;242191;243936;-;311.4		pfam	both	A	7/7	canonical	1	0	unscoreable	7	0	0														not_admitted	not_admitted	not_admitted	not_admitted	not_admitted	not_admitted	not_admitted
NZ_CP125298.1	-	-	429	0	0	GA	1	316;293965;294393;-;66.6	243;228930;229283;-;28.3		241;226164;228626;-;52.6	241;226164;228626;-;79.7		239;224352;225362;-;60.0		321;298609;299319;-;93.5	320;297728;298603;-;161.3	319;296463;297725;-;160.8	311;287433;289844;-;143.8	237;221126;222997;-;43.4		none	none	A	7/7	canonical	0	0	unscoreable	8	0	0														not_admitted	not_admitted	not_admitted	not_admitted	not_admitted	not_admitted	not_admitted
NZ_CP125313.1	MPF_F	IncFII(Yp);IncFII(pAR0022)	90	0	0	GA	0															not_admitted	not_admitted	not_admitted	not_admitted	not_admitted	not_admitted	not_admitted	not_admitted	not_admitted	not_admitted	1	41;28327;29313;+;368.4	48;33609;34982;+;375.9	45;32060;32809;+;218.2	38;24703;27333;+;285.5	49;34982;37804;+;334.9	32;21278;22672;+;90.9	38;24703;27333;+;98.6	30;19995;20561;+;169.9	42;29330;29959;+;66.9	43;29956;31809;+;260.5	52;39249;41417;+;384.9	33;22694;23233;+;67.5	52;39249;41417;+;64.0	A	9/9	contiguous	19254	1	1	37818..38294+;158;TraS;0
NZ_CP125314.1	MPF_F	IncFII(pHN7A8)	84	0	0	GA	0															not_admitted	not_admitted	not_admitted	not_admitted	not_admitted	not_admitted	not_admitted	not_admitted	not_admitted	not_admitted	1	73;62116;63108;-;369.5	60;53910;55283;-;376.8	65;56849;57592;-;234.4	76;64117;66744;-;301.8	59;51097;53913;-;376.7	81;68799;70226;-;94.1	76;64117;66744;-;101.8	83;70941;71507;-;183.8	70;60532;61170;-;70.4	67;57869;59719;-;265.0	55;46562;48796;-;391.7	77;67260;67775;-;78.0	55;46562;48796;-;70.3	A	9/9	contiguous	24379	1	1	50543..51064-;173;unnamed;0
NZ_CP125358.1	MPF_T	IncX4	41	0	0	GA	1	26;25497;26117;-;41.6	25;25157;25483;-;64.4	24;22391;25138;-;63.8	24;22391;25138;-;151.8	24;22391;25138;-;46.1	23;21663;22379;-;94.2	22;20557;21651;-;150.1		20;19356;20042;-;169.0	19;18451;19359;-;142.4	18;17340;18458;-;163.9	17;16310;17338;-;85.0	16;14461;16278;-;314.8		pfam	pfam_only	A	7/7	canonical	1	1	unscoreable	1	0	0														not_admitted	not_admitted	not_admitted	not_admitted	not_admitted	not_admitted	not_admitted
NZ_CP125384.1	MPF_T	-	50	0	0	GA	1		26;22105;22368;+;59.3	27;22381;25149;+;73.3	27;22381;25149;+;174.2	27;22381;25149;+;86.0	32;27133;28104;+;83.3	33;28101;29099;+;119.5		35;29246;29908;+;177.6	36;29905;30792;+;161.4	37;30819;31994;+;165.9	38;31975;32967;+;93.2	39;32968;34779;+;348.4		pfam	pfam_only	A	7/7	canonical	1	1	unscoreable	5	0	0														not_admitted	not_admitted	not_admitted	not_admitted	not_admitted	not_admitted	not_admitted
NZ_CP125385.1	MPF_T	-	40	0	0	GA	1	29;22368;22913;+;58.1	16;11541;11837;+;65.2	17;11837;12124;+;50.4	18;12126;14591;+;91.2	18;12126;14591;+;88.9	22;16409;17188;+;49.8	24;17415;18623;+;45.0		25;18827;19522;+;123.2	26;19533;20693;+;163.7	28;21138;22367;+;209.5	15;10602;11540;+;128.9	34;25714;27537;+;323.2		conjscan	both	A	7/7	canonical	1	0	unscoreable	10	0	0														not_admitted	not_admitted	not_admitted	not_admitted	not_admitted	not_admitted	not_admitted
NZ_CP125636.1	MPF_T	-	447	0	0	GA	1	23;18271;18939;-;22.3	22;17975;18274;-;91.3	21;17631;17969;-;104.6	20;15272;17638;-;174.7	20;15272;17638;-;112.3	19;14574;15275;-;203.0	17;13409;14341;-;168.8		15;12412;13083;-;210.7	14;11558;12415;-;183.5	13;10374;11549;-;184.8	12;9338;10366;-;112.0	0;1;1920;+;333.3		pfam	both	A	7/7	canonical	1	0	unscoreable	13	0	0														not_admitted	not_admitted	not_admitted	not_admitted	not_admitted	not_admitted	not_admitted
NZ_CP125637.1	MPF_T	-	1228	0	0	GA	1		120;126730;127029;+;90.6	121;127035;127373;+;102.6	122;127366;129732;+;181.8	122;127366;129732;+;105.2	123;129732;130430;+;200.6	125;130655;131575;+;162.6		127;131914;132585;+;209.2	128;132582;133439;+;184.5	129;133449;134624;+;179.8	130;134632;135663;+;106.2	629;664901;666814;-;329.3		pfam	both	A	7/7	canonical	1	0	unscoreable	2	0	0														not_admitted	not_admitted	not_admitted	not_admitted	not_admitted	not_admitted	not_admitted
NZ_CP125643.1	MPF_T	-	441	0	0	GA	1	411;417950;418609;+;22.6	412;418606;418905;+;92.1	413;418911;419249;+;102.8	414;419242;421608;+;170.4	414;419242;421608;+;110.9	415;421605;422306;+;203.3	417;422540;423472;+;170.9		419;423795;424466;+;213.1	420;424463;425320;+;182.4	421;425329;426501;+;184.8	422;426510;427538;+;112.6	433;435165;437084;-;333.9		pfam	both	A	7/7	canonical	1	0	unscoreable	12	0	0														not_admitted	not_admitted	not_admitted	not_admitted	not_admitted	not_admitted	not_admitted
NZ_CP125646.1	MPF_T	-	129	0	0	GA	1		104;99153;99560;+;72.0	105;99553;99852;+;63.5	106;99863;102331;+;181.4	106;99863;102331;+;121.1	107;102303;103112;+;42.9	109;103324;104514;+;109.4		110;104533;105195;+;121.4	111;105212;106057;+;188.8	113;106531;107832;+;228.2	103;98192;99163;+;132.1	59;56739;58667;+;541.8		conjscan	conjscan_only	A	7/7	canonical	1	0	unscoreable	3	0	0														not_admitted	not_admitted	not_admitted	not_admitted	not_admitted	not_admitted	not_admitted
NZ_CP125649.1	MPF_T	-	205	0	0	GA	1	11;11922;12659;+;54.4	161;156620;157000;-;71.6	12;12763;13125;+;70.3	13;13125;15494;+;232.6	159;153867;156317;-;124.3	158;153092;153889;-;47.4	156;151720;152901;-;112.4		16;17283;18056;+;165.3	154;150207;151019;-;184.9	152;148454;149749;-;214.7	162;156990;157967;-;129.5	139;136452;138419;-;550.0		conjscan	conjscan_only	A	7/7	uncallable	0	0	unscoreable	4	0	0														not_admitted	not_admitted	not_admitted	not_admitted	not_admitted	not_admitted	not_admitted
NZ_CP125733.1	MPF_F	IncFIA;IncFIB(AP001918);IncFII	192	0	0	GA	0															not_admitted	not_admitted	not_admitted	not_admitted	not_admitted	not_admitted	not_admitted	not_admitted	not_admitted	not_admitted	1	3;3786;4778;+;367.4	14;10464;11837;+;380.9	7;7507;8250;+;235.0	0;318;2777;+;273.4	15;11834;14659;+;385.9	187;162436;163863;+;94.3	0;318;2777;+;98.8	185;161155;161721;+;182.1	4;4787;5425;+;68.6	5;5422;7230;+;268.3	18;16162;18387;+;391.2	191;164887;165402;+;78.4	18;16162;18387;+;70.4	A	9/9	split_2	164569	1	1	14656..15165+;169;unnamed;0
NZ_CP125736.1	MPF_F	IncFIA;IncFIB(AP001918);IncFII;IncFII(pHN7A8)	246	0	0	GA	0															not_admitted	not_admitted	not_admitted	not_admitted	not_admitted	not_admitted	not_admitted	not_admitted	not_admitted	not_admitted	1	127;107005;107997;+;369.5	228;188504;189877;+;380.9	221;185547;186290;+;235.0	124;103369;105996;+;305.4	229;189874;192699;+;385.9	118;100434;101312;+;94.1	214;178190;180817;+;101.8	207;173428;173994;+;183.8	130;108943;109581;+;70.4	219;183462;185270;+;268.3	232;194202;196427;+;391.2	122;102338;102853;+;78.4	232;194202;196427;+;70.4	A	9/9	split_2	93768	1	1	192696..193205+;169;unnamed;0
NZ_CP125782.1	MPF_T	IncN	64	0	0	GA	1	12;9136;9870;+;32.5		15;10513;10830;+;63.3	16;10830;12467;+;115.0	16;10830;12467;+;77.5	18;13458;14054;+;92.8	20;14427;15467;+;142.4		21;15687;16385;+;131.9	22;16396;17280;+;159.7	23;17606;18439;+;157.5	25;18972;19478;+;55.5	39;33898;35427;-;38.5		pfam	both	A	7/7	canonical	1	0	unscoreable	5	0	0														not_admitted	not_admitted	not_admitted	not_admitted	not_admitted	not_admitted	not_admitted
NZ_CP125858.1	-	-	117	0	0	GA	1	90;84110;84625;+;48.9	65;62591;62920;+;65.8	66;62931;63245;+;30.7	67;63286;65700;+;48.2	67;63286;65700;+;99.1	68;65697;66455;+;35.9	70;67410;68723;+;95.5		72;68941;69615;+;144.9	73;69624;70496;+;159.7	75;70911;72167;+;190.6	80;76322;77944;+;174.0	97;89505;91466;+;40.1		conjscan	conjscan_only	A	7/7	canonical	1	0	unscoreable	22	0	0														not_admitted	not_admitted	not_admitted	not_admitted	not_admitted	not_admitted	not_admitted
NZ_CP125859.1	-	-	116	0	0	GA	1	91;63707;64309;-;36.8	90;63381;63683;-;28.9		88;60562;62991;-;76.7	88;60562;62991;-;46.4	87;59885;60565;-;56.8	86;58881;59882;-;112.9		84;58004;58741;-;156.7	83;57196;57990;-;158.8	82;56006;57196;-;147.7	107;75826;77451;-;163.9	80;52661;54931;-;318.8		pfam	pfam_only	A	7/7	canonical	1	0	unscoreable	2	0	0														not_admitted	not_admitted	not_admitted	not_admitted	not_admitted	not_admitted	not_admitted
NZ_CP125877.1	MPF_F	-	191	0	0	GA	0															not_admitted	not_admitted	not_admitted	not_admitted	not_admitted	not_admitted	not_admitted	not_admitted	not_admitted	not_admitted	1	5;5466;6473;+;330.7	79;65452;66891;+;325.0	78;64416;65450;+;208.0	0;237;2687;+;313.9	80;66898;70539;+;345.7	186;144414;145760;+;125.9	0;237;2687;+;133.2	184;142844;143473;+;87.8	3;3500;4768;+;65.5	6;6669;9449;+;141.7	178;138630;140498;+;44.6	187;145817;146308;+;86.0	178;138630;140498;+;48.4	A	9/9	split_3	145580	0	1	
NZ_CP125884.1	MPF_F	IncFII(pHN7A8)	100	0	0	GA	0															not_admitted	not_admitted	not_admitted	not_admitted	not_admitted	not_admitted	not_admitted	not_admitted	not_admitted	not_admitted	1	73;57877;58869;+;369.5	86;65702;67075;+;376.8	81;63393;64136;+;234.4	70;54241;56868;+;301.8	87;67072;69888;+;376.7	64;50759;52186;+;94.1	70;54241;56868;+;101.8	62;49478;50044;+;183.8	76;59815;60453;+;70.4	79;61266;63116;+;265.0	91;72189;74423;+;390.1	68;53210;53725;+;78.4	91;72189;74423;+;70.3	A	9/9	contiguous	22711	1	1	69921..70442+;173;unnamed;0
NZ_CP125886.1	MPF_F	IncFII(pHN7A8)	105	0	0	GA	0															not_admitted	not_admitted	not_admitted	not_admitted	not_admitted	not_admitted	not_admitted	not_admitted	not_admitted	not_admitted	1	78;62178;63170;+;369.5	91;70003;71376;+;376.7	86;67694;68437;+;234.4	75;58542;61169;+;301.8	92;71373;74189;+;376.7	70;55060;56487;+;94.1	75;58542;61169;+;101.8	68;53779;54345;+;183.8	81;64116;64754;+;70.4	84;65567;67417;+;265.0	96;76490;78661;+;391.8	74;57511;58026;+;78.0	96;76490;78661;+;70.3	A	9/9	contiguous	22711	1	1	74222..74743+;173;unnamed;0
NZ_CP125888.1	MPF_F	IncFII(pHN7A8)	92	0	0	GA	0															not_admitted	not_admitted	not_admitted	not_admitted	not_admitted	not_admitted	not_admitted	not_admitted	not_admitted	not_admitted	1	65;50665;51657;+;369.5	78;58490;59863;+;376.8	73;56181;56924;+;234.4	62;47029;49656;+;301.8	79;59860;62676;+;376.7	57;43547;44974;+;94.1	62;47029;49656;+;101.8	55;42266;42832;+;183.8	68;52603;53241;+;70.4	71;54054;55904;+;265.0	83;64977;67193;+;391.7	61;45998;46513;+;78.0	83;64977;67193;+;70.3	A	9/9	contiguous	22711	1	1	62709..63230+;173;unnamed;0
NZ_CP125890.1	MPF_F	IncFII(pHN7A8)	79	0	0	GA	0															not_admitted	not_admitted	not_admitted	not_admitted	not_admitted	not_admitted	not_admitted	not_admitted	not_admitted	not_admitted	1	52;41438;42430;+;369.5	65;49263;50636;+;376.8	60;46954;47697;+;234.4	49;37802;40429;+;301.8	66;50633;53449;+;376.7	44;34320;35747;+;94.1	49;37802;40429;+;101.8	42;33039;33605;+;183.8	55;43376;44014;+;70.4	58;44827;46677;+;265.0	70;55750;57984;+;391.7	48;36771;37286;+;78.0	70;55750;57984;+;70.3	A	9/9	contiguous	22711	1	1	53482..54003+;173;unnamed;0
NZ_CP125892.1	MPF_F	IncFII(pHN7A8)	121	0	0	GA	0															not_admitted	not_admitted	not_admitted	not_admitted	not_admitted	not_admitted	not_admitted	not_admitted	not_admitted	not_admitted	1	94;78829;79821;+;369.5	107;86654;88027;+;376.8	102;84345;85088;+;234.4	91;75193;77820;+;301.8	108;88024;90840;+;376.7	86;71711;73138;+;94.1	91;75193;77820;+;101.8	84;70430;70996;+;183.8	97;80767;81405;+;70.4	100;82218;84068;+;265.0	112;93141;95375;+;391.7	90;74162;74677;+;78.0	112;93141;95375;+;70.3	A	9/9	contiguous	22711	1	1	90873..91394+;173;unnamed;0
NZ_CP125894.1	MPF_F	IncFII(pHN7A8);IncX1	138	0	0	GA	0															not_admitted	not_admitted	not_admitted	not_admitted	not_admitted	not_admitted	not_admitted	not_admitted	not_admitted	not_admitted	1	111;98719;99711;+;369.5	124;106544;107917;+;376.8	119;104235;104978;+;234.4	108;95083;97710;+;301.8	125;107914;110730;+;376.7	103;91601;93028;+;94.1	108;95083;97710;+;101.8	101;90320;90886;+;183.8	114;100657;101295;+;70.4	117;102108;103958;+;265.0	129;113031;115274;+;391.7	107;94052;94567;+;78.0	129;113031;115274;+;70.3	A	9/9	contiguous	22711	1	1	110763..111284+;173;unnamed;0
NZ_CP125962.1	-	-	384	0	0	GA	0															not_admitted	not_admitted	not_admitted	not_admitted	not_admitted	not_admitted	not_admitted	not_admitted	not_admitted	not_admitted	1				295;231202;234090;-;29.1			295;231202;234090;-;77.5				305;239576;241378;-;21.9	297;234575;234895;-;25.2	305;239576;241378;-;26.1	D	2/9	contiguous	8374	0	0	
NZ_CP126008.1	MPF_T	-	230	0	0	GA	1		204;184139;184435;-;96.2	203;183801;184139;-;108.3	202;181442;183808;-;164.0	202;181442;183808;-;104.0	201;180723;181445;-;154.8	199;179486;180472;-;164.6		198;178468;179139;-;195.8	197;177623;178471;-;177.8	196;176467;177612;-;177.2	195;175439;176470;-;102.1	194;173527;175473;-;364.0		pfam	both	A	7/7	canonical	1	0	unscoreable	1	0	0														not_admitted	not_admitted	not_admitted	not_admitted	not_admitted	not_admitted	not_admitted
NZ_CP126009.1	MPF_T	-	252	0	0	GA	1		40;43424;43720;-;96.2	39;43086;43424;-;108.3	38;40727;43093;-;164.0	38;40727;43093;-;104.0	37;40008;40730;-;154.8	35;38771;39757;-;164.6		34;37753;38424;-;195.8	33;36908;37756;-;177.8	32;35752;36897;-;177.2	31;34724;35755;-;102.1	30;32812;34758;-;364.0		pfam	both	A	7/7	canonical	1	0	unscoreable	1	0	0														not_admitted	not_admitted	not_admitted	not_admitted	not_admitted	not_admitted	not_admitted
NZ_CP126011.1	MPF_T	-	178	0	0	GA	1		135;130154;130543;+;76.9	136;130536;130835;+;61.8	137;130845;133298;+;170.3	137;130845;133298;+;130.2	138;133270;134088;+;54.0	140;134288;135475;+;104.4		141;135472;136152;+;131.2	142;136170;136994;+;190.3	144;137474;138772;+;223.7	134;129196;130164;+;134.9	153;147661;149583;+;536.3		conjscan	conjscan_only	A	7/7	canonical	1	0	unscoreable	11	0	0														not_admitted	not_admitted	not_admitted	not_admitted	not_admitted	not_admitted	not_admitted
NZ_CP126012.1	MPF_T	-	306	0	0	GA	1		2;2004;2384;+;78.1	3;2377;2676;+;63.2	4;2686;5061;+;178.5	4;2686;5061;+;129.8	5;5033;5830;+;49.8	6;6030;7187;+;105.4		7;7231;7893;+;131.0	8;7911;8750;+;178.8	10;9217;10524;+;214.2	1;1046;2014;+;133.7	193;184870;186801;+;518.1		conjscan	conjscan_only	A	7/7	canonical	1	0	unscoreable	2	0	0														not_admitted	not_admitted	not_admitted	not_admitted	not_admitted	not_admitted	not_admitted
NZ_CP126014.1	MPF_T	-	737	0	0	GA	1		723;630275;630571;-;95.2	722;629937;630275;-;110.8	721;627578;629944;-;172.5	721;627578;629944;-;101.4	720;626859;627581;-;153.3	718;625616;626602;-;167.3		716;624595;625266;-;196.2	715;623747;624598;-;178.7	714;622590;623735;-;177.4	713;621562;622593;-;102.0	712;619650;621596;-;364.8		pfam	both	A	7/7	canonical	1	0	unscoreable	2	0	0														not_admitted	not_admitted	not_admitted	not_admitted	not_admitted	not_admitted	not_admitted
NZ_CP126015.1	MPF_T	-	130	0	0	GA	1		2;2004;2363;+;76.6	3;2356;2655;+;65.3	4;2665;5118;+;178.5	4;2665;5118;+;133.2	5;5090;5887;+;49.9	7;6086;7246;+;106.0		8;7272;7952;+;134.6	9;7949;8806;+;179.1	11;9273;10574;+;212.6	1;1046;2014;+;137.1	84;125872;127803;+;509.5		conjscan	conjscan_only	A	7/7	canonical	1	0	unscoreable	3	0	0														not_admitted	not_admitted	not_admitted	not_admitted	not_admitted	not_admitted	not_admitted
NZ_CP126016.1	MPF_T	-	293	0	0	GA	1		19;15952;16617;+;73.4	19;15952;16617;+;61.9	20;16627;17388;+;33.5	20;16627;17388;+;126.3	195;168595;169392;-;47.9	193;167239;168399;-;103.0		63;58855;59385;-;102.7	62;58103;58858;-;137.9	107;97881;98945;-;177.1	106;96853;97884;-;101.5	120;106575;108497;-;533.9		conjscan	conjscan_only	A	7/7	uncallable	0	0	unscoreable	20	0	0														not_admitted	not_admitted	not_admitted	not_admitted	not_admitted	not_admitted	not_admitted
NZ_CP126027.1	MPF_T	-	311	0	0	GA	1		24;26473;26769;+;93.4	25;26769;27107;+;110.5	26;27100;29466;+;171.5	26;27100;29466;+;103.7	27;29463;30185;+;153.3	29;30442;31428;+;164.7		31;31778;32449;+;197.1	32;32446;33297;+;179.0	33;33309;34454;+;177.4	34;34451;35482;+;103.5	35;35448;37391;+;364.9		pfam	both	A	7/7	canonical	1	0	unscoreable	2	0	0														not_admitted	not_admitted	not_admitted	not_admitted	not_admitted	not_admitted	not_admitted
NZ_CP126030.1	MPF_T	-	118	0	0	GA	1		2;1952;2341;+;75.4	3;2334;2633;+;62.3	4;2644;5097;+;172.3	4;2644;5097;+;129.0	5;5069;5887;+;56.0	7;6087;7274;+;107.6		8;7271;7951;+;131.8	9;8086;8793;+;188.6	11;9274;10572;+;221.8	1;994;1962;+;135.4			conjscan	conjscan_only	B	6/7	canonical	1	0	unscoreable	3	0	0														not_admitted	not_admitted	not_admitted	not_admitted	not_admitted	not_admitted	not_admitted
NZ_CP126031.1	MPF_T	-	334	0	0	GA	1		311;288361;288657;-;93.4	310;288023;288361;-;110.5	309;285664;288030;-;171.5	309;285664;288030;-;103.7	308;284945;285667;-;153.3	306;283702;284688;-;164.7		304;282681;283352;-;197.1	303;281833;282684;-;179.0	302;280676;281821;-;177.4	301;279648;280679;-;103.5	300;277739;279682;-;364.9		pfam	both	A	7/7	canonical	1	0	unscoreable	2	0	0														not_admitted	not_admitted	not_admitted	not_admitted	not_admitted	not_admitted	not_admitted
NZ_CP126033.1	MPF_T	-	310	0	0	GA	1		284;268167;268463;-;93.4	283;267829;268167;-;110.5	282;265470;267836;-;171.5	282;265470;267836;-;103.7	281;264751;265473;-;153.3	279;263508;264494;-;164.7		277;262487;263158;-;197.1	276;261639;262490;-;179.0	275;260482;261627;-;177.4	274;259454;260485;-;103.5	273;257545;259488;-;364.9		pfam	both	A	7/7	canonical	1	0	unscoreable	2	0	0														not_admitted	not_admitted	not_admitted	not_admitted	not_admitted	not_admitted	not_admitted
NZ_CP126035.1	MPF_T	-	404	0	0	GA	1		377;348469;348765;-;95.6	376;348131;348469;-;109.3	375;345772;348138;-;170.9	375;345772;348138;-;106.7	374;345053;345775;-;150.2	372;343810;344796;-;162.1		370;342793;343464;-;194.1	369;341945;342796;-;179.8	157;135515;136171;+;178.5	367;339760;340791;-;103.6	366;337848;339794;-;365.8		pfam	both	A	7/7	canonical	1	0	unscoreable	3	0	0														not_admitted	not_admitted	not_admitted	not_admitted	not_admitted	not_admitted	not_admitted
NZ_CP126037.1	MPF_T	-	288	0	0	GA	1		29;29129;29425;+;93.4	30;29425;29763;+;110.5	31;29756;32122;+;171.5	31;29756;32122;+;103.7	32;32119;32841;+;153.3	34;33098;34084;+;164.7		36;34434;35105;+;197.1	37;35102;35953;+;179.0	38;35965;37110;+;177.4	39;37107;38138;+;103.5	40;38104;40047;+;364.9		pfam	both	A	7/7	canonical	1	0	unscoreable	2	0	0														not_admitted	not_admitted	not_admitted	not_admitted	not_admitted	not_admitted	not_admitted
NZ_CP126059.1	MPF_F	IncFIB(K);IncFII(K)	198	0	0	GA	0															not_admitted	not_admitted	not_admitted	not_admitted	not_admitted	not_admitted	not_admitted	not_admitted	not_admitted	not_admitted	1	130;128059;129048;-;363.3	119;120873;122240;-;383.5	123;123498;124250;-;233.7	134;130505;133144;-;259.0	118;118051;120873;-;346.5	145;137112;138536;-;88.0	134;130505;133144;-;88.7	147;139263;139829;-;167.9	128;127136;127783;-;66.9	127;125122;127077;-;259.7	114;113121;115433;-;392.8	142;135916;136500;-;53.8	114;113121;115433;-;65.9	A	9/9	contiguous	26142	1	1	117426..118028-;200;TraS;0
NZ_CP126063.1	MPF_F	IncFIB(pQil);IncFII(K)	136	0	0	GA	0															not_admitted	not_admitted	not_admitted	not_admitted	not_admitted	not_admitted	not_admitted	not_admitted	not_admitted	not_admitted	1	18;16338;17327;-;366.0	8;9506;10876;-;381.2	12;12078;12830;-;232.4	22;18770;21409;-;258.5	7;6657;9506;-;344.2	30;24666;26090;-;88.8	22;18770;21409;-;88.7	32;26817;27383;-;169.3	17;15687;16325;-;67.0	16;13673;15628;-;259.1	3;2534;4843;-;393.2	29;23968;24552;-;55.4	3;2534;4843;-;65.8	A	9/9	contiguous	24283	1	1	6124..6654-;176;unnamed;0
NZ_CP126118.1	MPF_T	-	52	0	0	GA	1				22;21648;23663;-;22.9									16;16097;17626;-;463.8		none	none	D	2/7	uncallable	0	0	unscoreable	5	0	0														not_admitted	not_admitted	not_admitted	not_admitted	not_admitted	not_admitted	not_admitted
NZ_CP126139.1	MPF_F	IncFIB(S);IncFII(S);IncFII(pAR0022)	116	0	0	GA	0															not_admitted	not_admitted	not_admitted	not_admitted	not_admitted	not_admitted	not_admitted	not_admitted	not_admitted	not_admitted	1	12;8330;9322;+;366.7	22;14571;15953;+;392.4	19;12790;13539;+;230.5	9;4695;7343;+;314.1	23;15950;18772;+;394.4	1;741;2162;+;91.5	9;4695;7343;+;96.3		14;9634;10272;+;70.6	17;11311;12552;+;272.9	26;20426;22588;+;374.1	4;2968;3483;+;96.7	26;20426;22588;+;72.1	B	8/9	contiguous	19685	1	1	18794..19282+;162;TraS;0
NZ_CP126143.1	MPF_T	-	36	0	0	GA	1		33;25839;26147;+;67.6	34;26158;26475;+;84.6	35;26472;28922;+;142.6	35;26472;28922;+;84.6	0;1;645;+;97.0	2;918;1931;+;161.4		4;2280;3038;+;142.8	5;3041;3862;+;197.9	6;3862;5052;+;188.9	7;5030;6067;+;83.0	8;6030;7958;+;402.6		pfam	both	A	7/7	rearranged	1	0	unscoreable	2	0	0														not_admitted	not_admitted	not_admitted	not_admitted	not_admitted	not_admitted	not_admitted
NZ_CP126149.1	MPF_T	-	93	0	0	GA	1	64;56413;57579;-;78.3	68;60458;60748;-;72.5	67;60170;60448;-;79.8	66;57796;60180;-;90.9	66;57796;60180;-;38.4	63;55619;56416;-;61.3	57;50435;51460;-;128.8		62;54957;55622;-;138.6	61;54259;54960;-;167.8	60;52937;54262;-;171.6	59;51901;52935;-;104.4			pfam	both	B	6/7	canonical	1	0	unscoreable	2	0	0														not_admitted	not_admitted	not_admitted	not_admitted	not_admitted	not_admitted	not_admitted
NZ_CP126151.1	MPF_T	-	171	0	0	GA	1	72;60473;61627;+;73.2	68;57402;57695;+;76.1	69;57721;57966;+;75.8	70;57956;60319;+;86.6	70;57956;60319;+;45.1	73;61627;62436;+;73.0	80;66961;68040;+;123.6		74;62551;63204;+;169.2	75;63204;64001;+;170.0	76;63998;65377;+;181.9	77;65382;66368;+;103.4	84;72565;74565;-;289.0		pfam	both	A	7/7	canonical	1	0	unscoreable	6	0	0														not_admitted	not_admitted	not_admitted	not_admitted	not_admitted	not_admitted	not_admitted
NZ_CP126160.1	MPF_T	-	155	0	0	GA	1				14;10783;13008;+;23.0											none	none	D	1/7	uncallable	0	0	unscoreable	0	0	0														not_admitted	not_admitted	not_admitted	not_admitted	not_admitted	not_admitted	not_admitted
NZ_CP126179.1	MPF_F	IncC	224	0	0	GA	0															not_admitted	not_admitted	not_admitted	not_admitted	not_admitted	not_admitted	not_admitted	not_admitted	not_admitted	not_admitted	1	142;114427;115434;-;333.7	134;105033;106466;+;339.3	133;104003;105031;+;223.5	147;118186;120633;-;354.2	135;106479;107516;+;244.7	152;128144;129460;-;135.0	147;118186;120633;-;128.2	154;130358;130984;-;91.7	144;116099;117364;-;68.1	141;111505;114309;-;136.8	184;153260;155125;-;47.3	151;127569;128147;-;99.7	184;153260;155125;-;52.0	A	9/9	split_2	49257	0	1	
NZ_CP126308.1	MPF_T	-	361	0	0	GA	1	296;306163;306681;+;41.3	298;306914;307216;+;81.0	299;307213;307509;+;83.6	300;307520;309931;+;115.5	300;307520;309931;+;100.3	302;310864;311574;+;35.2	305;311978;313105;+;137.3		306;313102;313824;+;199.0	307;313821;314630;+;194.4	308;314643;316007;+;199.2	309;315967;317025;+;116.1	310;317003;319135;+;281.3		pfam	pfam_only	A	7/7	canonical	1	0	unscoreable	4	0	0														not_admitted	not_admitted	not_admitted	not_admitted	not_admitted	not_admitted	not_admitted
NZ_CP126319.1	MPF_T	-	249	0	0	GA	1	56;49455;49877;-;68.6	245;230615;230995;-;30.3	244;230311;230586;-;25.5	243;227837;230314;-;65.0	243;227837;230314;-;81.3		240;225855;226865;-;50.9		61;54096;54812;-;82.2	60;53224;54099;-;145.8	59;51942;53216;-;132.0	51;43098;45389;-;146.0	238;222659;224527;-;34.9		none	none	A	7/7	canonical	0	0	unscoreable	8	0	0														not_admitted	not_admitted	not_admitted	not_admitted	not_admitted	not_admitted	not_admitted
NZ_CP126324.1	MPF_F	IncFII(S);IncFII(pAR0022)	112	0	0	GA	0															not_admitted	not_admitted	not_admitted	not_admitted	not_admitted	not_admitted	not_admitted	not_admitted	not_admitted	not_admitted	1	96;68278;69270;+;361.6	106;75000;77486;+;390.5	103;73225;73968;+;228.3	93;65189;67291;+;196.2		85;60711;62132;+;90.5	93;65189;67291;+;98.5	83;59418;59984;+;189.2	98;69582;70220;+;71.8	100;70673;72499;+;269.6	109;79344;81578;+;370.2	88;62917;63432;+;88.5	109;79344;81578;+;72.0	B	8/9	contiguous	19926	0	1	
NZ_CP126326.1	MPF_F	IncFII(Yp)	118	0	0	GA	0															not_admitted	not_admitted	not_admitted	not_admitted	not_admitted	not_admitted	not_admitted	not_admitted	not_admitted	not_admitted	1	57;40446;41438;+;364.9	66;46686;48068;+;393.5	63;44902;45654;+;231.9	54;36811;39459;+;314.2	67;48065;50887;+;387.0	47;32857;34278;+;90.6	54;36811;39459;+;98.0	45;31564;32130;+;188.9	59;41750;42388;+;71.2	61;42841;44667;+;272.1	71;53474;55744;+;382.6	50;35084;35599;+;92.0	71;53474;55744;+;71.4	A	9/9	contiguous	21910	1	1	50909..51388+;159;TraS;0
NZ_CP126328.1	MPF_T	IncFII(pMET)	67	0	0	GA	1	30;19828;20538;+;48.4	31;20535;20840;+;73.1	65;45010;47748;+;49.1	32;20906;22363;+;156.4	32;20906;22363;+;36.9	34;23607;24308;+;143.3	1;401;1477;+;165.5		3;1693;2376;+;197.2	39;26531;27436;+;154.7	7;3860;4594;+;149.7	8;4584;5609;+;66.0	12;7463;9199;+;46.5		pfam	pfam_only	A	7/7	rearranged	1	0	unscoreable	11	0	0														not_admitted	not_admitted	not_admitted	not_admitted	not_admitted	not_admitted	not_admitted
NZ_CP126330.1	MPF_T	IncFIB(K)	88	0	0	GA	1	0;16;678;+;48.3	1;689;988;+;36.6	2;998;3748;+;60.6	2;998;3748;+;131.5	2;998;3748;+;48.6	3;3767;4483;+;137.0	5;4797;5804;+;137.8		7;6014;6700;+;158.3	8;6693;7586;+;147.4	9;7583;8779;+;134.7	10;8783;9832;+;71.5	17;14570;16477;+;24.3		pfam	pfam_only	A	7/7	canonical	1	1	unscoreable	8	0	0														not_admitted	not_admitted	not_admitted	not_admitted	not_admitted	not_admitted	not_admitted
NZ_CP126331.1	-	-	79	0	0	GA	1	34;23680;24354;+;41.4	35;24351;24653;+;49.6	36;24668;27418;+;63.3	36;24668;27418;+;139.3	36;24668;27418;+;44.3	37;27453;28190;+;124.9	39;28489;29508;+;142.7		40;29726;30409;+;178.0	1;629;1237;+;77.8	4;2123;2797;+;159.7	45;32722;33615;+;68.3	13;8214;10112;+;30.3		pfam	pfam_only	A	7/7	canonical	1	1	unscoreable	17	0	0														not_admitted	not_admitted	not_admitted	not_admitted	not_admitted	not_admitted	not_admitted
NZ_CP126334.1	MPF_T	-	57	0	0	GA	1		48;37834;38142;-;67.6	47;37506;37823;-;84.6	46;35059;37509;-;142.7	46;35059;37509;-;84.7	45;34393;35037;-;97.0	43;33107;34120;-;161.4		41;31999;32757;-;140.7	40;31175;31996;-;197.9	39;29985;31175;-;188.9	38;28970;30007;-;83.0	37;27079;29007;-;404.0		pfam	both	A	7/7	canonical	1	0	unscoreable	2	0	0														not_admitted	not_admitted	not_admitted	not_admitted	not_admitted	not_admitted	not_admitted
NZ_CP126336.1	MPF_F	repUS18	134	0	0	GA	0															not_admitted	not_admitted	not_admitted	not_admitted	not_admitted	not_admitted	not_admitted	not_admitted	not_admitted	not_admitted	1	79;65314;66369;-;268.3	64;51769;53178;-;229.6	65;53194;54225;-;213.0	83;68362;70848;-;207.3	63;48507;51749;-;215.1	86;72272;73564;-;118.0	83;68362;70848;-;112.0	88;74562;75215;-;92.3	80;66369;67589;-;46.7	61;45263;48034;-;119.1	94;77695;79608;-;20.5	85;71743;72255;-;68.8	94;77695;79608;-;24.6	A	9/9	contiguous	32432	0	1	
NZ_CP126337.1	-	-	50	0	0	GA	1	40;31973;32593;+;37.3	41;32595;32933;+;34.3	42;32984;33298;+;31.8	43;33302;35740;+;56.5	43;33302;35740;+;38.4	44;35737;36429;+;48.4	45;36464;37489;+;105.6		47;37651;38409;+;158.4	48;38409;39203;+;178.0	49;39203;40414;+;135.9	0;165;641;+;67.3	2;910;2922;+;294.2		pfam	pfam_only	A	7/7	canonical	1	0	unscoreable	2	0	0														not_admitted	not_admitted	not_admitted	not_admitted	not_admitted	not_admitted	not_admitted
NZ_CP126340.1	MPF_F	IncFIB(pENTE01)	122	0	0	GA	0															not_admitted	not_admitted	not_admitted	not_admitted	not_admitted	not_admitted	not_admitted	not_admitted	not_admitted	not_admitted	1	92;83817;84803;-;354.4	85;78095;79456;-;358.1	89;80585;81364;-;210.7	99;87407;90007;-;216.5	84;74253;78095;-;311.7	101;90648;92051;-;95.2	99;87407;90007;-;100.9	103;92800;93384;-;94.8	91;83187;83807;-;61.2	90;81361;83190;-;211.0	81;69891;72410;-;361.0	100;90007;90561;-;40.8	81;69891;72410;-;68.8	A	9/9	contiguous	22909	1	1	73540..74256-;238;unnamed;0
NZ_CP126347.1	MPF_T	IncX1	65	0	0	GA	1	40;28489;29133;+;47.1	41;29117;29407;+;73.5	42;29431;32190;+;44.8	42;29431;32190;+;133.3	42;29431;32190;+;71.9	43;32192;32929;+;57.5	45;33211;34266;+;131.7		46;34456;35178;+;116.0	47;35184;36113;+;132.4	48;36110;37324;+;128.6	49;37342;38379;+;66.4	50;38384;40219;+;543.4		pfam	pfam_only	A	7/7	canonical	1	1	unscoreable	1	0	0														not_admitted	not_admitted	not_admitted	not_admitted	not_admitted	not_admitted	not_admitted
NZ_CP126502.1	MPF_T	IncX4	44	0	0	GA	1	29;26729;27349;-;41.6	28;26389;26715;-;64.4	27;23623;26370;-;63.8	27;23623;26370;-;151.8	27;23623;26370;-;46.1	26;22895;23611;-;94.2	25;21789;22883;-;150.1		23;20588;21274;-;169.0	22;19683;20591;-;142.4	21;18572;19690;-;163.9	20;17542;18570;-;85.0	19;15693;17510;-;314.8		pfam	pfam_only	A	7/7	canonical	1	1	unscoreable	1	0	0														not_admitted	not_admitted	not_admitted	not_admitted	not_admitted	not_admitted	not_admitted
NZ_CP126503.1	MPF_T	IncI2(Delta)	78	0	0	GA	1	42;35848;36330;-;81.1		57;51937;52221;-;36.6	56;49574;51931;-;58.5	56;49574;51931;-;44.9	66;57033;57677;-;41.0	67;57683;58678;-;123.9		54;48674;49408;-;144.3	53;47907;48677;-;170.5	52;46778;47917;-;154.7	45;38109;39647;-;207.1	50;43730;45688;-;289.6		pfam	pfam_only	A	7/7	rearranged	1	0	unscoreable	14	0	0														not_admitted	not_admitted	not_admitted	not_admitted	not_admitted	not_admitted	not_admitted
NZ_CP126504.1	MPF_T	IncI2	76	0	0	GA	1	34;30361;30843;-;81.1		52;47763;48047;-;36.6	51;45400;47757;-;58.5	51;45400;47757;-;42.8	64;53500;54141;-;42.8	65;54147;55142;-;128.5		49;44500;45234;-;144.3	48;43733;44503;-;170.5	47;42604;43743;-;154.7	40;33947;35485;-;207.1	45;39556;41514;-;289.6		pfam	pfam_only	A	7/7	rearranged	1	0	unscoreable	20	1	0														not_admitted	not_admitted	not_admitted	not_admitted	not_admitted	not_admitted	not_admitted
NZ_CP126505.1	MPF_T	IncI2(Delta)	74	0	0	GA	1	38;35076;35558;-;81.1		53;51165;51449;-;36.6	52;48802;51159;-;58.5	52;48802;51159;-;44.9	62;56261;56905;-;41.0	63;56911;57906;-;123.9		50;47902;48636;-;144.3	49;47135;47905;-;170.5	48;46006;47145;-;154.7	41;37337;38875;-;207.1	46;42958;44916;-;289.6		pfam	pfam_only	A	7/7	rearranged	1	0	unscoreable	14	0	0														not_admitted	not_admitted	not_admitted	not_admitted	not_admitted	not_admitted	not_admitted
NZ_CP126506.1	MPF_T	IncI2(Delta)	80	0	0	GA	1	39;34457;34939;-;81.1		54;50536;50820;-;36.6	53;48173;50530;-;58.5	53;48173;50530;-;44.9	66;56836;57477;-;45.1	67;57483;58481;-;130.8		51;47273;48007;-;144.3	50;46506;47276;-;170.5	49;45377;46516;-;154.7	42;36708;38246;-;207.1	47;42329;44287;-;290.9		pfam	pfam_only	A	7/7	rearranged	1	0	unscoreable	17	0	0														not_admitted	not_admitted	not_admitted	not_admitted	not_admitted	not_admitted	not_admitted
NZ_CP126507.1	MPF_T	IncI2	82	0	0	GA	1	44;35520;36002;-;81.1		59;51598;51882;-;36.6	58;49235;51592;-;58.5	58;49235;51592;-;45.0	71;57335;57976;-;42.8	72;57982;58977;-;128.5		56;48335;49069;-;144.3	55;47568;48338;-;170.5	54;46439;47578;-;154.7	47;37770;39308;-;207.1	52;43391;45349;-;289.6		pfam	pfam_only	A	7/7	rearranged	1	0	unscoreable	17	1	0														not_admitted	not_admitted	not_admitted	not_admitted	not_admitted	not_admitted	not_admitted
NZ_CP126508.1	MPF_T	IncI2(Delta)	72	0	0	GA	1	36;33399;33881;-;81.1		51;49488;49772;-;36.6	50;47125;49482;-;58.5	50;47125;49482;-;44.9	60;54584;55228;-;41.0	61;55234;56229;-;123.9		48;46225;46959;-;144.3	47;45458;46228;-;170.5	46;44329;45468;-;154.7	39;35660;37198;-;207.1	44;41281;43239;-;289.6		pfam	pfam_only	A	7/7	rearranged	1	0	unscoreable	14	0	0														not_admitted	not_admitted	not_admitted	not_admitted	not_admitted	not_admitted	not_admitted
NZ_CP126509.1	MPF_T	IncX4	45	0	0	GA	1	30;28209;28829;-;41.6	29;27869;28195;-;64.4	28;25103;27850;-;63.8	28;25103;27850;-;151.8	28;25103;27850;-;46.1	27;24375;25091;-;94.2	26;23269;24363;-;150.1		24;22068;22754;-;169.0	23;21163;22071;-;142.4	22;20052;21170;-;163.9	21;19022;20050;-;85.0	20;17173;18990;-;314.8		pfam	pfam_only	A	7/7	canonical	1	1	unscoreable	1	0	0														not_admitted	not_admitted	not_admitted	not_admitted	not_admitted	not_admitted	not_admitted
NZ_CP126510.1	MPF_T	IncI2	75	0	0	GA	1	36;32544;33026;-;81.1		51;48622;48906;-;36.6	50;46259;48616;-;58.5	50;46259;48616;-;42.8	63;54359;55000;-;42.8	64;55006;56001;-;128.5		48;45359;46093;-;144.3	47;44592;45362;-;170.5	46;43463;44602;-;154.7	39;34794;36332;-;207.1	44;40415;42373;-;289.6		pfam	pfam_only	A	7/7	rearranged	1	0	unscoreable	17	1	0														not_admitted	not_admitted	not_admitted	not_admitted	not_admitted	not_admitted	not_admitted
NZ_CP126511.1	MPF_T	IncI2(Delta)	83	0	0	GA	1	46;36038;36520;-;81.1	62;52506;52796;-;28.5	61;52115;52399;-;36.6	60;49752;52109;-;57.5	60;49752;52109;-;45.0	70;57157;57798;-;42.9	71;57804;58799;-;129.1		58;48852;49586;-;144.3	57;48085;48855;-;170.4	56;46956;48095;-;154.7	49;38287;39825;-;207.1	54;43908;45866;-;289.1		pfam	pfam_only	A	7/7	rearranged	1	0	unscoreable	13	1	0														not_admitted	not_admitted	not_admitted	not_admitted	not_admitted	not_admitted	not_admitted
NZ_CP126512.1	MPF_T	IncI2(Delta)	83	0	0	GA	1	46;36771;37253;-;81.1	62;53239;53529;-;28.5	61;52848;53132;-;36.6	60;50485;52842;-;57.5	60;50485;52842;-;45.0	70;57890;58531;-;42.9	71;58537;59532;-;129.1		58;49585;50319;-;144.3	57;48818;49588;-;170.4	56;47689;48828;-;154.7	49;39020;40558;-;207.1	54;44641;46599;-;289.1		pfam	pfam_only	A	7/7	rearranged	1	0	unscoreable	13	1	0														not_admitted	not_admitted	not_admitted	not_admitted	not_admitted	not_admitted	not_admitted
NZ_CP126537.1	MPF_T	IncC;IncFIB(pB171);IncX3	241	0	0	GA	1	159;123893;124537;+;46.4	160;124521;124811;+;73.1	161;124836;127589;+;47.0	161;124836;127589;+;142.4	161;124836;127589;+;73.3	162;127599;128369;+;60.1	164;128648;129703;+;133.2		165;129898;130626;+;119.4	46;26569;27453;+;159.7	47;27453;28613;+;156.3	48;28655;29650;+;81.2	170;134005;135840;+;495.9		pfam	pfam_only	A	7/7	canonical	1	1	unscoreable	2	0	0														not_admitted	not_admitted	not_admitted	not_admitted	not_admitted	not_admitted	not_admitted
NZ_CP126624.1	-	pKPC-CAV1321	294	0	0	GA	0															not_admitted	not_admitted	not_admitted	not_admitted	not_admitted	not_admitted	not_admitted	not_admitted	not_admitted	not_admitted	1	170;133968;135035;+;276.8	190;150950;152392;+;260.7	189;149853;150953;+;198.4	166;129374;131860;+;223.8	191;152407;155925;+;240.0	162;124749;126146;+;109.8	166;129374;131860;+;120.8	160;122840;123466;+;87.1	169;132658;133971;+;40.9	193;156361;159018;+;136.9	154;118316;120292;+;22.7	163;126143;126709;+;71.6	154;118316;120292;+;33.5	A	9/9	contiguous	38045	0	1	
NZ_CP126692.1	-	-	386	0	0	GA	0															not_admitted	not_admitted	not_admitted	not_admitted	not_admitted	not_admitted	not_admitted	not_admitted	not_admitted	not_admitted	1				95;71357;74245;+;29.1			95;71357;74245;+;77.5				85;64069;65871;+;21.9	93;70552;70872;+;25.2	85;64069;65871;+;26.1	D	2/9	contiguous	7288	0	0	
NZ_CP126694.1	MPF_F	-	159	0	0	GA	0															not_admitted	not_admitted	not_admitted	not_admitted	not_admitted	not_admitted	not_admitted	not_admitted	not_admitted	not_admitted	1	22;27954;29006;+;324.9	30;34338;35738;+;303.6	29;33316;34341;+;238.0	19;23695;26160;+;311.8	31;35750;38965;+;371.4	14;13071;14336;+;133.1	19;23695;26160;+;129.9	12;11144;11782;+;90.3	21;26726;27967;+;70.8	152;125526;128147;+;126.5	7;7147;8976;+;43.2	15;14347;14844;+;91.1	7;7147;8976;+;57.8	A	9/9	split_2	118379	0	1	
NZ_CP126747.1	MPF_F	Col(pHAD28);IncHI2;IncHI2A	371	0	0	GA	0															not_admitted	not_admitted	not_admitted	not_admitted	not_admitted	not_admitted	not_admitted	not_admitted	not_admitted	not_admitted	1	29;32275;33333;+;276.9	250;225847;227262;-;194.1	251;227252;228298;-;173.7	11;8955;11636;+;168.0	249;221888;225838;-;101.1	7;5270;6625;+;80.7	11;8955;11636;+;72.2	4;2758;3546;+;74.8	27;30622;32133;+;62.7	30;33352;36540;+;58.3	257;235339;237423;+;56.7	10;7996;8946;+;46.4	257;235339;237423;+;38.8	A	9/9	split_3	232581	0	1	
NZ_CP126781.1	MPF_T	IncX4	46	0	0	GA	1	16;14736;15356;-;46.3	15;14396;14722;-;64.4	14;11630;14377;-;63.8	14;11630;14377;-;151.8	14;11630;14377;-;46.1	13;10902;11618;-;94.1	12;9796;10890;-;146.7		10;8595;9281;-;169.0	9;7690;8598;-;142.3	8;6579;7697;-;163.9	7;5549;6577;-;85.0	6;3700;5517;-;317.3		pfam	pfam_only	A	7/7	canonical	1	1	unscoreable	1	0	0														not_admitted	not_admitted	not_admitted	not_admitted	not_admitted	not_admitted	not_admitted
NZ_CP126784.1	MPF_F	IncHI2;IncHI2A	343	0	0	GA	0															not_admitted	not_admitted	not_admitted	not_admitted	not_admitted	not_admitted	not_admitted	not_admitted	not_admitted	not_admitted	1	30;33507;34109;+;190.8	230;209118;210533;-;194.1	231;210523;211569;-;173.7	11;8955;11636;+;168.0	229;205159;209109;-;101.6	7;5270;6625;+;80.7	11;8955;11636;+;72.2	4;2758;3546;+;74.8	27;30622;32133;+;62.7	31;34128;37316;+;58.3	237;218610;220694;+;56.7	10;7996;8946;+;46.4	237;218610;220694;+;38.8	A	9/9	split_3	215852	0	1	
NZ_CP126789.1	MPF_F	IncHI2;IncHI2A	276	0	0	GA	0															not_admitted	not_admitted	not_admitted	not_admitted	not_admitted	not_admitted	not_admitted	not_admitted	not_admitted	not_admitted	1	29;32275;33333;+;276.9	177;167884;169299;-;194.1	178;169289;170335;-;173.7	11;8955;11636;+;168.0	176;163925;167875;-;101.6	7;5270;6625;+;80.7	11;8955;11636;+;72.2	4;2758;3546;+;74.8	27;30622;32133;+;62.7	30;33352;36540;+;58.3	184;177376;179460;+;56.7	10;7996;8946;+;46.4	184;177376;179460;+;38.8	A	9/9	split_3	174618	0	1	
NZ_CP126793.1	MPF_F	IncC	187	0	0	GA	0															not_admitted	not_admitted	not_admitted	not_admitted	not_admitted	not_admitted	not_admitted	not_admitted	not_admitted	not_admitted	1	95;73949;74956;+;332.9	176;142917;144350;+;339.2	175;141887;142915;+;221.7	90;68750;71197;+;354.2	177;144363;147977;+;375.3	81;55439;56755;+;135.0	90;68750;71197;+;128.6	79;53915;54541;+;92.1	93;72019;73284;+;67.6	96;75072;77867;+;145.3	70;48240;50105;+;47.4	82;56752;57330;+;100.2	70;48240;50105;+;52.0	A	9/9	split_2	96123	0	1	
NZ_CP126799.1	MPF_F	IncHI2;IncHI2A	376	0	0	GA	0															not_admitted	not_admitted	not_admitted	not_admitted	not_admitted	not_admitted	not_admitted	not_admitted	not_admitted	not_admitted	1	38;43490;44548;+;276.9	216;198801;200216;-;194.1	217;200206;201252;-;173.7	11;8955;11636;+;168.0	215;194842;198792;-;101.6	7;5270;6625;+;80.7	11;8955;11636;+;72.2	4;2758;3546;+;74.8	36;41837;43348;+;62.7	39;44567;47755;+;58.3	225;209069;211153;+;56.7	10;7996;8946;+;46.4	225;209069;211153;+;38.8	A	9/9	split_3	206311	0	1	
NZ_CP126809.1	MPF_F	IncFII(pCoo)	68	0	0	GA	0															not_admitted	not_admitted	not_admitted	not_admitted	not_admitted	not_admitted	not_admitted	not_admitted	not_admitted	not_admitted	1	46;37432;38424;+;369.3	55;43527;44900;+;381.0	50;41194;41937;+;233.5	43;33793;36423;+;303.5	56;44897;47722;+;389.2	37;29343;30770;+;94.7	43;33793;36423;+;98.5	35;28062;28628;+;183.8	47;38433;39071;+;68.7	48;39068;40918;+;272.5	59;49225;51432;+;391.7	40;31654;32169;+;76.4	59;49225;51432;+;70.3	A	9/9	contiguous	21163	1	1	47719..48228+;169;unnamed;0
NZ_CP126812.1	MPF_F	IncHI2;IncHI2A	265	0	0	GA	0															not_admitted	not_admitted	not_admitted	not_admitted	not_admitted	not_admitted	not_admitted	not_admitted	not_admitted	not_admitted	1	29;32275;33333;+;276.9	162;154830;156245;+;194.1	161;153794;154840;+;173.7	11;8955;11636;+;168.0	163;156254;160204;+;101.6	7;5270;6625;+;80.7	11;8955;11636;+;72.2	4;2758;3546;+;74.8	27;30622;32133;+;62.7	30;33352;36540;+;58.3	155;144669;146753;-;56.7	10;7996;8946;+;46.4	155;144669;146753;-;38.8	A	9/9	split_3	153496	0	1	
NZ_CP126816.1	MPF_F	IncHI2;IncHI2A	264	0	0	GA	0															not_admitted	not_admitted	not_admitted	not_admitted	not_admitted	not_admitted	not_admitted	not_admitted	not_admitted	not_admitted	1	29;32275;33333;+;276.9	188;177615;179030;-;194.1	189;179020;180066;-;173.7	11;8955;11636;+;168.0	187;173656;177606;-;101.6	7;5270;6625;+;80.7	11;8955;11636;+;72.2	4;2758;3546;+;74.8	27;30622;32133;+;62.7	30;33352;36540;+;58.3	195;187107;189191;+;56.7	10;7996;8946;+;46.4	195;187107;189191;+;38.8	A	9/9	split_3	184349	0	1	
NZ_CP126820.1	MPF_F	IncHI2;IncHI2A	264	0	0	GA	0															not_admitted	not_admitted	not_admitted	not_admitted	not_admitted	not_admitted	not_admitted	not_admitted	not_admitted	not_admitted	1	29;32275;33333;+;276.9	162;154830;156245;+;194.1	161;153794;154840;+;173.7	11;8955;11636;+;168.0	163;156254;160204;+;101.6	7;5270;6625;+;80.7	11;8955;11636;+;72.2	4;2758;3546;+;74.8	27;30622;32133;+;62.7	30;33352;36540;+;58.3	155;144669;146753;-;56.7	10;7996;8946;+;46.4	155;144669;146753;-;38.8	A	9/9	split_3	153496	0	1	
NZ_CP126822.1	MPF_F	IncFII(pCoo)	68	0	0	GA	0															not_admitted	not_admitted	not_admitted	not_admitted	not_admitted	not_admitted	not_admitted	not_admitted	not_admitted	not_admitted	1	46;37432;38424;+;369.3	55;43527;44900;+;381.0	50;41194;41937;+;233.5	43;33793;36423;+;303.5	56;44897;47722;+;389.2	37;29343;30770;+;94.7	43;33793;36423;+;98.5	35;28062;28628;+;183.8	47;38433;39071;+;68.7	48;39068;40918;+;272.5	59;49225;51432;+;391.7	40;31654;32169;+;76.4	59;49225;51432;+;70.3	A	9/9	contiguous	21163	1	1	47719..48228+;169;unnamed;0
NZ_CP126825.1	MPF_F	IncHI2;IncHI2A	266	0	0	GA	0															not_admitted	not_admitted	not_admitted	not_admitted	not_admitted	not_admitted	not_admitted	not_admitted	not_admitted	not_admitted	1	116;109623;110681;+;276.9	249;232178;233593;+;194.1	248;231142;232188;+;173.7	98;86303;88984;+;168.0	250;233602;237552;+;101.6	94;82618;83973;+;80.7	98;86303;88984;+;72.2	91;80106;80894;+;74.8	114;107970;109481;+;62.7	117;110700;113888;+;58.3	242;222017;224101;-;56.7	97;85344;86294;+;46.4	242;222017;224101;-;38.8	A	9/9	split_3	153496	0	1	
NZ_CP126828.1	MPF_F	IncHI2;IncHI2A	264	0	0	GA	0															not_admitted	not_admitted	not_admitted	not_admitted	not_admitted	not_admitted	not_admitted	not_admitted	not_admitted	not_admitted	1	29;32275;33333;+;276.9	188;177615;179030;-;194.1	189;179020;180066;-;173.7	11;8955;11636;+;168.0	187;173656;177606;-;101.6	7;5270;6625;+;80.7	11;8955;11636;+;72.2	4;2758;3546;+;74.8	27;30622;32133;+;62.7	30;33352;36540;+;58.3	195;187107;189191;+;56.7	10;7996;8946;+;46.4	195;187107;189191;+;38.8	A	9/9	split_3	184349	0	1	
NZ_CP126832.1	MPF_F	IncHI2;IncHI2A	372	0	0	GA	0															not_admitted	not_admitted	not_admitted	not_admitted	not_admitted	not_admitted	not_admitted	not_admitted	not_admitted	not_admitted	1	40;44722;45780;+;276.9	217;197574;198989;-;194.1	218;198979;200025;-;173.7	11;8955;11636;+;168.0	216;193615;197565;-;101.6	7;5270;6625;+;80.7	11;8955;11636;+;72.2	4;2758;3546;+;74.8	38;43069;44580;+;62.7	41;45799;48987;+;58.3	224;207066;209150;+;56.7	10;7996;8946;+;46.4	224;207066;209150;+;38.8	A	9/9	split_3	204308	0	1	
NZ_CP126835.1	MPF_F	IncHI2;IncHI2A	376	0	0	GA	0															not_admitted	not_admitted	not_admitted	not_admitted	not_admitted	not_admitted	not_admitted	not_admitted	not_admitted	not_admitted	1	40;44722;45780;+;276.9	217;197574;198989;-;194.1	218;198979;200025;-;173.7	11;8955;11636;+;168.0	216;193615;197565;-;101.6	7;5270;6625;+;80.7	11;8955;11636;+;72.2	4;2758;3546;+;74.8	38;43069;44580;+;62.7	41;45799;48987;+;58.3	224;207066;209150;+;56.7	10;7996;8946;+;46.4	224;207066;209150;+;38.8	A	9/9	split_3	204308	0	1	
NZ_CP126838.1	MPF_F	IncHI2;IncHI2A	376	0	0	GA	0															not_admitted	not_admitted	not_admitted	not_admitted	not_admitted	not_admitted	not_admitted	not_admitted	not_admitted	not_admitted	1	40;44722;45780;+;276.9	217;197576;198991;-;194.1	218;198981;200027;-;173.7	11;8955;11636;+;168.0	216;193617;197567;-;101.6	7;5270;6625;+;80.7	11;8955;11636;+;72.2	4;2758;3546;+;74.8	38;43069;44580;+;62.7	41;45799;48987;+;58.3	224;207068;209152;+;56.7	10;7996;8946;+;46.4	224;207068;209152;+;38.8	A	9/9	split_3	204310	0	1	
NZ_CP126845.1	MPF_F	IncHI2;IncHI2A	377	0	0	GA	0															not_admitted	not_admitted	not_admitted	not_admitted	not_admitted	not_admitted	not_admitted	not_admitted	not_admitted	not_admitted	1	29;32275;33333;+;276.9	183;163581;164996;+;194.1	182;162545;163591;+;173.7	11;8955;11636;+;168.0	184;165005;168955;+;101.6	7;5270;6625;+;80.7	11;8955;11636;+;72.2	4;2758;3546;+;74.8	27;30622;32133;+;62.7	30;33352;36540;+;58.3	176;153420;155504;-;56.7	10;7996;8946;+;46.4	176;153420;155504;-;38.8	A	9/9	split_3	162247	0	1	
NZ_CP126848.1	MPF_F	IncHI2;IncHI2A	377	0	0	GA	0															not_admitted	not_admitted	not_admitted	not_admitted	not_admitted	not_admitted	not_admitted	not_admitted	not_admitted	not_admitted	1	29;32275;33333;+;276.9	183;163581;164996;+;194.1	182;162545;163591;+;173.7	11;8955;11636;+;168.0	184;165005;168955;+;101.6	7;5270;6625;+;80.7	11;8955;11636;+;72.2	4;2758;3546;+;74.8	27;30622;32133;+;62.7	30;33352;36540;+;58.3	176;153420;155504;-;56.7	10;7996;8946;+;46.4	176;153420;155504;-;38.8	A	9/9	split_3	162247	0	1	
NZ_CP126851.1	MPF_F	IncC	211	0	0	GA	0															not_admitted	not_admitted	not_admitted	not_admitted	not_admitted	not_admitted	not_admitted	not_admitted	not_admitted	not_admitted	1	90;66838;67845;+;332.9	200;159845;161278;+;339.2	199;158815;159843;+;221.7	85;61639;64086;+;354.2	201;161291;164905;+;375.3	80;52812;54128;+;135.0	85;61639;64086;+;128.6	78;51288;51914;+;92.1	88;64908;66173;+;67.6	91;67961;70756;+;145.3	69;45613;47478;+;47.4	81;54125;54703;+;100.2	69;45613;47478;+;52.0	A	9/9	split_2	115678	0	1	
NZ_CP126852.1	MPF_F	IncFIB(pB171);IncFII(Yp);IncFII(pAR0022)	124	0	0	GA	0															not_admitted	not_admitted	not_admitted	not_admitted	not_admitted	not_admitted	not_admitted	not_admitted	not_admitted	not_admitted	1	69;56987;57979;+;369.4	77;62692;64062;+;376.7	73;60726;61475;+;218.2	66;53369;55999;+;285.5	78;64062;66884;+;336.5	60;49947;51341;+;89.4	66;53369;55999;+;98.6	58;48664;49230;+;169.9	70;57996;58625;+;66.9	71;58622;60475;+;260.5	81;68221;70467;+;384.7	61;51363;51902;+;67.5	81;68221;70467;+;63.8	A	9/9	contiguous	19557	1	1	66906..67337+;143;TraS;0
NZ_CP126862.1	MPF_F	-	107	0	0	GA	0															not_admitted	not_admitted	not_admitted	not_admitted	not_admitted	not_admitted	not_admitted	not_admitted	not_admitted	not_admitted	1	39;26425;28023;-;330.0	33;22007;23449;-;244.1	35;23894;24715;-;161.8	42;32068;34614;-;155.3	32;17655;22007;-;105.4	44;35134;36366;-;61.0	42;32068;34614;-;68.9	46;37164;37799;-;53.8	37;25256;26005;-;96.5	40;28182;30029;-;70.6	104;76611;78791;+;316.5	43;34604;35134;-;75.6	104;76611;78791;+;82.2	A	9/9	split_2	58956	1	1	17347..17535-;62;unnamed;0
NZ_CP126883.1	MPF_T	-	55	0	0	GA	1	38;34511;35149;-;46.6	37;34237;34524;-;64.7	36;31459;34218;-;42.1	36;31459;34218;-;133.2	36;31459;34218;-;61.7	35;30701;31402;-;52.1	33;29346;30422;-;127.7		31;28479;29219;-;144.2	30;27554;28474;-;142.8	29;26046;27557;-;138.3	28;24983;26044;-;75.0	27;23014;24981;-;426.3		pfam	pfam_only	A	7/7	canonical	1	1	unscoreable	2	0	0														not_admitted	not_admitted	not_admitted	not_admitted	not_admitted	not_admitted	not_admitted
NZ_CP126911.1	MPF_F	IncFIB(AP001918);IncFII(29)	135	0	0	GA	0															not_admitted	not_admitted	not_admitted	not_admitted	not_admitted	not_admitted	not_admitted	not_admitted	not_admitted	not_admitted	1	41;37952;38944;+;365.7	52;44922;46340;+;375.4	46;41671;42414;+;229.1	38;34316;36943;+;306.8	53;46337;49174;+;382.9	31;30894;32261;+;91.8	38;34316;36943;+;101.6	29;29560;30126;+;181.8	42;38953;39591;+;68.7	44;40550;41395;+;265.1	56;50735;52987;+;391.4	35;33285;33800;+;78.8	56;50735;52987;+;70.3	A	9/9	contiguous	21175	1	1	49207..49728+;173;unnamed;0
NZ_CP126915.1	MPF_F	IncFIB(pB171);IncFII(pHN7A8)	162	0	0	GA	0															not_admitted	not_admitted	not_admitted	not_admitted	not_admitted	not_admitted	not_admitted	not_admitted	not_admitted	not_admitted	1	110;104165;105157;+;367.1	121;110865;112238;+;376.8	116;108556;109299;+;233.3	107;100529;103156;+;304.4	122;112235;115057;+;389.2	100;97190;98617;+;92.9	107;100529;103156;+;98.5	98;95909;96475;+;183.8	111;105166;105804;+;68.6	114;106516;108279;+;268.4	126;117303;119483;+;391.8	103;99498;100013;+;78.4	126;117303;119483;+;70.3	A	9/9	contiguous	21394	1	1	115079..115558+;159;TraS;0
NZ_CP126927.1	MPF_F	IncFIB(AP001918);IncFIC(FII)	198	0	0	GA	0															not_admitted	not_admitted	not_admitted	not_admitted	not_admitted	not_admitted	not_admitted	not_admitted	not_admitted	not_admitted	1	165;167398;168390;-;369.3	154;160379;161752;-;380.9	161;163926;164669;-;235.0	168;169399;172026;-;305.3	153;157557;160382;-;385.2	173;174081;175508;-;94.3	168;169399;172026;-;98.1	175;176223;176789;-;184.4	164;166751;167389;-;68.4	163;164946;166754;-;268.0	150;153900;156053;-;391.9	169;172542;173057;-;78.0	150;153900;156053;-;70.4	A	9/9	contiguous	22323	1	1	157051..157560-;169;unnamed;0
NZ_CP126929.1	MPF_F	IncFIB(AP001918);IncFIC(FII)	207	0	0	GA	0															not_admitted	not_admitted	not_admitted	not_admitted	not_admitted	not_admitted	not_admitted	not_admitted	not_admitted	not_admitted	1	3;2190;3182;-;369.3	196;183585;184958;-;380.9	203;187132;187875;-;235.0	6;4191;6818;-;305.4	195;180763;183588;-;385.2	13;8873;10300;-;94.3	6;4191;6818;-;98.5	15;11015;11581;-;184.4	2;1543;2181;-;68.4	205;188152;188781;-;212.7	192;177106;179259;-;391.9	9;7334;7849;-;78.0	192;177106;179259;-;70.4	A	9/9	split_2	186609	1	1	180257..180766-;169;unnamed;0
NZ_CP126932.1	MPF_F	IncFIB(AP001918);IncFIC(FII)	167	0	0	GA	0															not_admitted	not_admitted	not_admitted	not_admitted	not_admitted	not_admitted	not_admitted	not_admitted	not_admitted	not_admitted	1	105;103841;104833;+;369.3	116;110479;111852;+;380.9	109;107562;108305;+;235.0	102;100205;102832;+;305.4	117;111849;114674;+;386.4	95;96615;98042;+;94.3	102;100205;102832;+;98.5	92;95335;95901;+;182.9	106;104842;105480;+;68.4	107;105477;107285;+;267.4	120;116178;118016;+;392.5	99;99282;99689;+;59.2	120;116178;118016;+;70.7	A	9/9	contiguous	20843	1	1	114671..115180+;169;unnamed;0
NZ_CP126938.1	MPF_F	IncFIB(AP001918);IncFII	183	0	0	GA	0															not_admitted	not_admitted	not_admitted	not_admitted	not_admitted	not_admitted	not_admitted	not_admitted	not_admitted	not_admitted	1	155;147395;148387;-;369.3	146;140960;142336;-;381.0	151;143923;144666;-;230.0	158;149396;152023;-;306.4	145;138141;140963;-;385.3	166;155391;156818;-;94.3	158;149396;152023;-;98.5	168;157533;158099;-;183.3	154;146748;147386;-;68.7	153;144943;146751;-;267.9	142;134410;136608;-;391.7	6;3815;4330;-;77.3	142;134410;136608;-;70.3	A	9/9	split_2	153718	1	1	137623..138120-;165;TraS;0
NZ_CP126941.1	MPF_F	IncFIB(AP001918);IncFIC(FII)	212	0	0	GA	0															not_admitted	not_admitted	not_admitted	not_admitted	not_admitted	not_admitted	not_admitted	not_admitted	not_admitted	not_admitted	1	182;177718;178710;-;369.3	171;170699;172072;-;380.9	178;174246;174989;-;235.0	185;179719;182346;-;305.4	170;167877;170702;-;385.2	190;184401;185828;-;94.3	185;179719;182346;-;98.5	192;186543;187109;-;184.4	181;177071;177709;-;68.4	180;175266;177074;-;268.0	167;164220;166373;-;391.9	186;182862;183377;-;78.1	167;164220;166373;-;70.4	A	9/9	contiguous	22323	1	1	167371..167880-;169;unnamed;0
NZ_CP126943.1	MPF_F	IncFIB(AP001918);IncFIC(FII)	203	0	0	GA	0															not_admitted	not_admitted	not_admitted	not_admitted	not_admitted	not_admitted	not_admitted	not_admitted	not_admitted	not_admitted	1	57;51592;52584;-;367.4	46;44573;45946;-;380.9	53;48120;48863;-;235.0	60;53593;56220;-;305.4	45;41751;44576;-;385.2	67;58275;59702;-;94.3	60;53593;56220;-;98.5	69;60417;60983;-;184.4	56;50945;51583;-;68.4	55;49140;50948;-;268.0	42;38094;40247;-;390.5	63;56736;57251;-;78.0	42;38094;40247;-;69.2	A	9/9	contiguous	22323	1	1	41245..41754-;169;unnamed;0
NZ_CP126945.1	MPF_F	IncFIB(AP001918);IncFIC(FII)	201	0	0	GA	0															not_admitted	not_admitted	not_admitted	not_admitted	not_admitted	not_admitted	not_admitted	not_admitted	not_admitted	not_admitted	1	108;106724;107716;+;367.4	119;113362;114735;+;380.9	112;110445;111188;+;235.0	105;103088;105715;+;305.4	120;114732;117557;+;385.2	98;99606;101033;+;94.3	105;103088;105715;+;98.5	96;98325;98891;+;184.4	109;107725;108363;+;68.4	110;108360;110168;+;268.0	123;119061;121214;+;390.5	102;102057;102572;+;78.0	123;119061;121214;+;69.2	A	9/9	contiguous	20736	1	1	117554..118063+;169;unnamed;0
NZ_CP126947.1	MPF_F	IncFIB(AP001918);IncFIC(FII)	234	0	0	GA	0															not_admitted	not_admitted	not_admitted	not_admitted	not_admitted	not_admitted	not_admitted	not_admitted	not_admitted	not_admitted	1	141;138297;139289;-;369.3	130;131278;132651;-;380.9	137;134825;135568;-;235.0	144;140298;142925;-;305.4	129;128456;131281;-;386.4	151;145088;146515;-;94.3	144;140298;142925;-;98.5	153;147230;147796;-;182.9	140;137650;138288;-;68.4	139;135845;137653;-;267.4	126;125114;126952;-;392.5	147;143441;143848;-;59.2	126;125114;126952;-;70.7	A	9/9	contiguous	22116	1	1	127950..128459-;169;unnamed;0
NZ_CP126949.1	MPF_F	IncFIB(AP001918);IncFII	149	0	0	GA	0															not_admitted	not_admitted	not_admitted	not_admitted	not_admitted	not_admitted	not_admitted	not_admitted	not_admitted	not_admitted	1	86;75288;76280;+;369.3	95;81339;82715;+;381.0	90;79009;79752;+;230.0	83;71652;74279;+;306.5	96;82712;85534;+;387.5	77;68170;69597;+;94.3	83;71652;74279;+;98.5	75;66889;67455;+;183.3	87;76289;76927;+;66.7	88;76924;78732;+;267.9	99;87067;89247;+;391.8	81;70621;71136;+;77.3	99;87067;89247;+;70.4	A	9/9	contiguous	20178	1	1	85555..86052+;165;TraS;0
NZ_CP126953.1	MPF_F	IncFIB(AP001918);IncFIC(FII)	159	0	0	GA	0															not_admitted	not_admitted	not_admitted	not_admitted	not_admitted	not_admitted	not_admitted	not_admitted	not_admitted	not_admitted	1	158;154857;155849;+;367.3	12;8308;9681;+;380.9	3;2721;3464;+;234.1	155;151221;153848;+;305.4	13;9678;12503;+;387.0	148;147739;149166;+;94.4	155;151221;153848;+;99.6	146;146458;147024;+;183.8	0;1;639;+;67.3	1;636;2444;+;268.3	16;14007;16160;+;391.5	152;150190;150705;+;77.3	16;14007;16160;+;70.4	A	9/9	split_2	154856	1	1	12500..13009+;169;unnamed;0
NZ_CP126956.1	MPF_F	IncFIB(AP001918);IncFIC(FII)	125	0	0	GA	0															not_admitted	not_admitted	not_admitted	not_admitted	not_admitted	not_admitted	not_admitted	not_admitted	not_admitted	not_admitted	1		111;114750;116075;-;378.1	118;118286;119029;-;235.0	121;119935;120720;-;117.2	2;794;3595;+;370.5			109;113646;114212;+;183.8		120;119306;119935;-;213.0	8;7831;9984;+;391.9	124;121236;121751;-;78.4	8;7831;9984;+;70.4	C	7/9	split_2	120442	1	1	3617..4108+;163;TraS;0
NZ_CP126988.1	MPF_F	IncFIB(pQil);IncFII(K);IncFII(pAR0022)	187	0	0	GA	0															not_admitted	not_admitted	not_admitted	not_admitted	not_admitted	not_admitted	not_admitted	not_admitted	not_admitted	not_admitted	1	131;138583;139572;-;366.6	121;131669;133036;-;384.1	125;134294;135046;-;233.7	135;141029;143668;-;258.5	120;128847;131669;-;346.6	142;146495;147919;-;89.3	135;141029;143668;-;88.7	144;148646;149212;-;169.3	130;137932;138570;-;66.9	129;135918;137873;-;259.4	116;123919;126231;-;393.1	141;145839;146423;-;54.7	116;123919;126231;-;66.6	A	9/9	contiguous	24727	1	1	128222..128824-;200;TraS;0
NZ_CP126993.1	MPF_T	-	85	0	0	GA	1	44;31672;32667;-;29.7	55;41577;42038;-;62.2	54;41280;41573;-;30.9	53;38603;41293;-;79.5	53;38603;41293;-;73.0	52;37914;38606;-;84.1	49;36442;37305;-;121.0		48;35780;36442;-;75.6	47;34969;35751;-;175.3	46;33689;34966;-;149.8	45;32651;33679;-;101.2	38;24307;25860;+;65.0		pfam	both	A	7/7	canonical	1	0	unscoreable	7	0	0														not_admitted	not_admitted	not_admitted	not_admitted	not_admitted	not_admitted	not_admitted
NZ_CP126995.1	-	-	207	0	0	GA	1	124;127407;128399;+;56.1	152;154757;155113;-;67.7	151;154469;154753;-;51.1	150;152006;154465;-;74.3	150;152006;154465;-;101.0	149;151276;152022;-;43.6	148;149868;151112;-;78.3		147;149080;149808;-;176.3	146;147935;149080;-;158.7	144;146122;147498;-;207.6	23;26942;28708;+;451.5	122;124805;126805;+;329.7		conjscan	conjscan_only	A	7/7	canonical	1	0	unscoreable	14	0	0														not_admitted	not_admitted	not_admitted	not_admitted	not_admitted	not_admitted	not_admitted
NZ_CP127003.1	MPF_T	IncI2(Delta)	84	0	0	GA	1	75;55949;56431;-;81.1		6;5955;6239;-;36.6	5;3592;5949;-;58.5	5;3592;5949;-;44.9	18;12255;12896;-;45.1	19;12902;13900;-;130.8		3;2692;3426;-;144.9	2;1925;2695;-;170.5	1;796;1935;-;154.7	78;58200;59738;-;208.0	83;63821;65779;-;290.9		pfam	pfam_only	A	7/7	rearranged	1	0	unscoreable	17	0	0														not_admitted	not_admitted	not_admitted	not_admitted	not_admitted	not_admitted	not_admitted
NZ_CP127007.1	MPF_T	IncX4	44	0	0	GA	1	34;21763;22383;+;46.9	35;22397;22723;+;64.4	36;22742;25489;+;62.7	36;22742;25489;+;151.8	36;22742;25489;+;46.1	37;25501;26217;+;94.0	38;26229;27323;+;150.1		40;27820;28506;+;168.8	41;28503;29411;+;142.9	42;29404;30522;+;164.0	43;30524;31552;+;85.0	0;118;849;+;174.2		pfam	pfam_only	A	7/7	canonical	1	1	unscoreable	1	0	0														not_admitted	not_admitted	not_admitted	not_admitted	not_admitted	not_admitted	not_admitted
NZ_CP127008.1	MPF_T	IncP1	49	0	0	GA	1	18;16219;16992;-;21.5	29;26168;26551;-;68.3	28;25839;26165;-;50.2	27;23299;25842;-;99.2	27;23299;25842;-;108.9	22;19062;19832;-;107.5	20;17327;18922;-;116.6		26;22595;23302;-;88.1	25;21689;22579;-;156.2	23;19845;21239;-;218.2	30;26665;27621;-;133.6	2;1639;3582;+;443.4		conjscan	conjscan_only	A	7/7	canonical	1	0	unscoreable	4	0	0														not_admitted	not_admitted	not_admitted	not_admitted	not_admitted	not_admitted	not_admitted
NZ_CP127031.1	MPF_F	IncFIB(AP001918);IncFII(pRSB107)	86	0	0	GA	0															not_admitted	not_admitted	not_admitted	not_admitted	not_admitted	not_admitted	not_admitted	not_admitted	not_admitted	not_admitted	1	78;62892;63884;-;369.8			81;64893;67523;-;299.5		9;4573;6024;-;90.4	81;64893;67523;-;99.7	11;6739;7305;-;176.0			81;64893;67523;-;22.0	5;2954;3469;-;75.7		D	4/9	split_2	61939	0	0	
NZ_CP127048.1	MPF_T	-	59	0	0	GA	1	21;17518;18207;+;36.1			23;18892;21444;+;76.4		24;21441;22127;+;49.8	26;22536;23468;+;137.7		27;23845;24633;+;100.9	28;24623;25432;+;141.2	29;25419;26807;+;127.9	30;26817;27872;+;49.6	36;31820;33493;+;244.8		pfam	pfam_only	A	7/7	canonical	1	0	unscoreable	7	0	0														not_admitted	not_admitted	not_admitted	not_admitted	not_admitted	not_admitted	not_admitted
NZ_CP127083.1	MPF_F	IncFII(pSE11)	94	0	0	GA	0															not_admitted	not_admitted	not_admitted	not_admitted	not_admitted	not_admitted	not_admitted	not_admitted	not_admitted	not_admitted	1	64;49941;50933;+;369.5	78;57657;59030;+;386.0	71;54709;55452;+;234.4	61;46302;48932;+;297.8	79;59027;61852;+;386.5	53;41430;42857;+;93.9	61;46302;48932;+;98.7	51;40149;40715;+;174.3	66;51277;51915;+;68.6	69;52627;54432;+;267.0	83;64094;66319;+;382.1	56;43741;44256;+;78.4	83;64094;66319;+;66.8	A	9/9	contiguous	23945	1	1	61849..62358+;169;unnamed;0
NZ_CP127155.1	MPF_F	IncFII(pHN7A8);IncR	163	0	0	GA	0															not_admitted	not_admitted	not_admitted	not_admitted	not_admitted	not_admitted	not_admitted	not_admitted	not_admitted	not_admitted	1	58;45301;46293;+;369.5			55;41665;44292;+;301.8		50;38183;39610;+;94.1	55;41665;44292;+;101.8	48;36902;37468;+;183.8	61;47239;47877;+;70.4		55;41665;44292;+;20.8	54;40634;41149;+;77.6		D	5/9	contiguous	10337	0	0	
NZ_CP127175.1	-	-	187	0	0	GA	1				179;181801;183987;-;25.3											none	none	D	1/7	uncallable	0	0	unscoreable	0	0	0														not_admitted	not_admitted	not_admitted	not_admitted	not_admitted	not_admitted	not_admitted
NZ_CP127176.1	-	-	79	0	0	GA	1				73;78781;80919;-;21.2											none	none	D	1/7	uncallable	0	0	unscoreable	0	0	0														not_admitted	not_admitted	not_admitted	not_admitted	not_admitted	not_admitted	not_admitted
NZ_CP127230.1	MPF_F	IncFII(pHN7A8);IncR	197	0	0	GA	0															not_admitted	not_admitted	not_admitted	not_admitted	not_admitted	not_admitted	not_admitted	not_admitted	not_admitted	not_admitted	1	80;64573;65565;+;369.5	93;72398;73771;+;376.8	88;70089;70832;+;234.4	77;60937;63564;+;301.8	94;73768;74919;+;336.1	72;57455;58882;+;94.1	77;60937;63564;+;101.8	70;56174;56740;+;183.8	83;66511;67149;+;70.4	86;67962;69812;+;265.0	77;60937;63564;+;20.8	76;59906;60421;+;77.6		A	9/9	contiguous	17594	0	1	
NZ_CP127231.1	MPF_F	IncFIB(K);IncFII(K);IncFII(pAR0022)	270	0	0	GA	0															not_admitted	not_admitted	not_admitted	not_admitted	not_admitted	not_admitted	not_admitted	not_admitted	not_admitted	not_admitted	1	227;228431;229420;-;363.3	216;221245;222612;-;384.1	220;223870;224622;-;233.7	231;230877;233516;-;259.0	215;218423;221245;-;346.4	241;237444;238868;-;89.5	231;230877;233516;-;88.7	243;239595;240161;-;167.0	225;227508;228155;-;65.9	224;225494;227449;-;259.4	211;213494;215806;-;393.1	239;236248;236832;-;53.8	211;213494;215806;-;66.6	A	9/9	contiguous	26101	1	1	217798..218400-;200;TraS;0
NZ_CP127236.1	MPF_F	IncFII(pHN7A8);IncR	191	0	0	GA	0															not_admitted	not_admitted	not_admitted	not_admitted	not_admitted	not_admitted	not_admitted	not_admitted	not_admitted	not_admitted	1	97;78573;79565;-;369.5	84;70367;71740;-;376.8	89;73306;74049;-;234.4	100;80574;83201;-;301.8	83;67554;70370;-;376.7	105;85256;86683;-;94.1	100;80574;83201;-;101.8	107;87398;87964;-;183.8	94;76989;77627;-;70.4	91;74326;76176;-;265.0	79;63028;65253;-;391.7	101;83717;84232;-;77.6	79;63028;65253;-;70.3	A	9/9	contiguous	24370	1	1	67000..67521-;173;unnamed;0
NZ_CP127237.1	MPF_F	IncFIB(K);IncFII(K);IncFII(pAR0022)	227	0	0	GA	0															not_admitted	not_admitted	not_admitted	not_admitted	not_admitted	not_admitted	not_admitted	not_admitted	not_admitted	not_admitted	1	138;137465;138454;-;366.6	128;130551;131918;-;384.1	132;133176;133928;-;233.7	142;139911;142550;-;258.5	127;127729;130551;-;346.4	152;146454;147878;-;89.5	142;139911;142550;-;88.7	154;148605;149171;-;167.0	137;136814;137452;-;66.9	136;134800;136755;-;259.4	123;122804;125113;-;393.1	150;145258;145842;-;53.8	123;122804;125113;-;66.6	A	9/9	contiguous	25801	1	1	127104..127706-;200;TraS;0
NZ_CP127254.1	MPF_F	IncFIB(AP001918);IncFIC(FII)	126	0	0	GA	0															not_admitted	not_admitted	not_admitted	not_admitted	not_admitted	not_admitted	not_admitted	not_admitted	not_admitted	not_admitted	1		123;111139;111789;+;92.0		120;109243;109872;+;119.1		113;105761;107188;+;94.3		111;104480;105046;+;183.8			2;1636;3789;+;391.1	117;108212;108727;+;77.3	2;1636;3789;+;69.2	D	4/9	split_2	109503	0	0	
NZ_CP127256.1	MPF_F	IncFIB(AP001918);IncFII(pHN7A8)	162	0	0	GA	0															not_admitted	not_admitted	not_admitted	not_admitted	not_admitted	not_admitted	not_admitted	not_admitted	not_admitted	not_admitted	1	107;88076;89068;+;369.3	118;94767;96140;+;383.3	111;91800;92543;+;233.8	103;84441;85604;+;240.3	119;96137;98953;+;385.9	96;80862;82289;+;94.1	104;85586;87067;+;101.8	94;79581;80147;+;176.6	108;89077;89715;+;68.7	109;89712;91520;+;264.9	122;100513;102729;+;382.9	100;83410;83925;+;76.1	122;100513;102729;+;66.7	A	9/9	contiguous	20932	1	1	98986..99489+;167;unnamed;0
NZ_CP127260.1	MPF_T	IncI2	76	0	0	GA	1	69;51552;52034;-;81.1		9;9620;9904;-;36.6	8;7257;9614;-;58.5	8;7257;9614;-;44.9	19;15560;16075;-;35.2	20;16081;17076;-;123.7		6;6357;7091;-;144.3	5;5590;6360;-;170.4	4;4461;5600;-;154.7	72;53803;55341;-;208.0	2;1413;3371;-;287.4		pfam	pfam_only	A	7/7	rearranged	1	0	unscoreable	11	0	0														not_admitted	not_admitted	not_admitted	not_admitted	not_admitted	not_admitted	not_admitted
NZ_CP127266.1	MPF_F	IncFII(29)	97	0	0	GA	0															not_admitted	not_admitted	not_admitted	not_admitted	not_admitted	not_admitted	not_admitted	not_admitted	not_admitted	not_admitted	1	60;48212;49204;-;369.8	45;39252;40625;-;382.3	50;42200;42943;-;233.8	63;50213;52840;-;303.8	44;36436;39255;-;374.0	69;54969;56420;-;92.5	63;50213;52840;-;97.9	71;57135;57701;-;183.3	55;45843;46481;-;70.2	52;43223;45031;-;268.0	40;31941;34166;-;391.7	65;53356;53871;-;76.9	40;31941;34166;-;70.3	A	9/9	contiguous	25194	1	1	35920..36411-;163;TraS;0
NZ_CP127268.1	MPF_F	IncFIB(AP001918);IncFII(pCoo)	158	0	0	GA	0															not_admitted	not_admitted	not_admitted	not_admitted	not_admitted	not_admitted	not_admitted	not_admitted	not_admitted	not_admitted	1				73;60050;60418;-;43.1				76;61254;61817;-;136.5						D	2/9	contiguous	1204	0	0	
NZ_CP127298.1	MPF_F	IncFIB(AP001918);IncFII	159	0	0	GA	0															not_admitted	not_admitted	not_admitted	not_admitted	not_admitted	not_admitted	not_admitted	not_admitted	not_admitted	not_admitted	1	147;132334;133326;+;369.3	158;139376;140749;+;381.0	153;137043;137786;+;235.0	143;128699;129862;+;240.7		137;125120;126547;+;94.3	144;129844;131325;+;100.5	135;123839;124405;+;183.8	150;134323;134961;+;68.6	151;134958;136766;+;268.0	3;2002;4200;+;391.5	141;127668;128183;+;78.4	3;2002;4200;+;70.4	B	8/9	split_2	137374	0	1	
NZ_CP127301.1	MPF_F	ColRNAI;IncFIA;IncFIB(AP001918);IncFIC(FII)	209	0	0	GA	0															not_admitted	not_admitted	not_admitted	not_admitted	not_admitted	not_admitted	not_admitted	not_admitted	not_admitted	not_admitted	1	151;138463;139455;+;367.4	162;145141;146514;+;378.0	155;142184;142927;+;233.4	147;134828;135991;+;241.4	163;146511;149333;+;386.5	141;131346;132773;+;94.3	148;135973;137454;+;99.9	139;130065;130631;+;183.8	152;139464;140102;+;68.4	153;140099;141907;+;268.4	166;150862;153069;+;391.3	145;133797;134312;+;78.4	166;150862;153069;+;70.3	A	9/9	contiguous	20797	1	1	149355..149846+;163;TraS;0
NZ_CP127302.1	MPF_T	IncI2	79	0	0	GA	1	43;34217;34699;+;81.1		28;18337;18621;+;36.6	29;18627;20984;+;58.5	29;18627;20984;+;44.9	16;11543;12058;+;35.2	15;10542;11537;+;123.7		31;21150;21884;+;144.3	32;21881;22651;+;170.5	33;22641;23780;+;154.7	40;30911;32449;+;207.1	35;24870;26828;+;289.6		pfam	pfam_only	A	7/7	rearranged	1	0	unscoreable	17	0	0														not_admitted	not_admitted	not_admitted	not_admitted	not_admitted	not_admitted	not_admitted
NZ_CP127304.1	MPF_F	-	4	0	0	GA	0															not_admitted	not_admitted	not_admitted	not_admitted	not_admitted	not_admitted	not_admitted	not_admitted	not_admitted	not_admitted	1				3;3463;4629;-;240.1			2;2000;3481;-;98.6				2;2000;3481;-;23.9			D	1/9	contiguous	1463	0	0	
NZ_CP127311.1	MPF_F	IncFIB(AP001918);IncQ1	147	0	0	GA	0															not_admitted	not_admitted	not_admitted	not_admitted	not_admitted	not_admitted	not_admitted	not_admitted	not_admitted	not_admitted	1	0;6;998;-;369.3	138;129921;131294;-;381.6	143;132884;133627;-;231.6	4;3470;4633;-;242.2	137;127099;129924;-;386.8	10;6688;8115;-;94.3	3;2007;3488;-;99.9	12;8830;9396;-;183.3	146;135709;136347;-;68.7	145;133904;135712;-;267.9	134;124657;125595;-;128.7	6;5149;5664;-;77.3		A	9/9	split_2	135703	1	1	126593..127102-;169;unnamed;0
NZ_CP127312.1	MPF_F	IncFII	115	0	0	GA	0															not_admitted	not_admitted	not_admitted	not_admitted	not_admitted	not_admitted	not_admitted	not_admitted	not_admitted	not_admitted	1	4;3659;4651;+;369.5	14;10430;11803;+;381.7	9;7757;8500;+;234.4	0;21;1187;+;240.1	15;11800;14622;+;374.0	108;92937;94388;+;94.2	1;1169;2650;+;98.6	106;91656;92222;+;174.3	6;4995;5633;+;68.6	7;5630;7480;+;266.1	19;16894;19155;+;391.1	111;95248;95763;+;78.4	19;16894;19155;+;70.3	A	9/9	split_2	95227	1	1	14644..15123+;159;TraS;0
NZ_CP127317.1	MPF_F	IncFII	86	0	0	GA	0															not_admitted	not_admitted	not_admitted	not_admitted	not_admitted	not_admitted	not_admitted	not_admitted	not_admitted	not_admitted	1	84;71126;72118;-;369.3	75;64691;66067;-;381.0	80;67654;68397;-;233.3	1;542;3172;-;303.5	74;61872;64694;-;389.2	9;6610;8037;-;94.7	1;542;3172;-;98.5	11;8752;9318;-;183.8	83;70479;71117;-;68.7	82;68674;70482;-;268.0	70;57444;59597;-;391.8	6;5211;5726;-;76.4	70;57444;59597;-;70.4	A	9/9	split_2	70584	1	1	61371..61850-;159;TraS;0
NZ_CP127320.1	MPF_T	IncFIB(K)	72	0	0	GA	1	44;40556;41218;-;48.3	43;40246;40545;-;36.6	42;37486;40236;-;61.8	42;37486;40236;-;134.0	42;37486;40236;-;47.3	41;36751;37467;-;137.0	39;35430;36437;-;137.8		37;34534;35220;-;158.3	36;33648;34541;-;147.4	35;32455;33651;-;134.7	34;31402;32451;-;71.5	26;24761;26668;-;24.4		pfam	pfam_only	A	7/7	canonical	1	1	unscoreable	9	0	0														not_admitted	not_admitted	not_admitted	not_admitted	not_admitted	not_admitted	not_admitted
NZ_CP127495.1	MPF_T	ColKP3;IncX3	64	0	0	GA	1	36;29251;29895;-;46.4	35;28977;29267;-;73.1	34;26199;28952;-;47.0	34;26199;28952;-;142.4	34;26199;28952;-;73.3	33;25419;26189;-;60.1	31;24085;25140;-;132.8		30;23162;23890;-;119.4	29;22227;23156;-;138.8	28;21016;22230;-;128.3	26;19786;20820;-;65.7	25;17948;19783;-;495.9		pfam	pfam_only	A	7/7	canonical	1	1	unscoreable	2	0	0														not_admitted	not_admitted	not_admitted	not_admitted	not_admitted	not_admitted	not_admitted
NZ_CP127497.1	MPF_F	IncHI2;IncHI2A	328	1	1	GA	1	119;110773;111312;-;23.7	163;154178;154564;+;85.3	164;154561;154830;+;32.5	165;154843;157293;+;37.9	165;154843;157293;+;125.2	166;157290;158033;+;226.2	168;158369;159736;+;179.3		169;159755;160459;+;232.6	170;160456;161448;+;223.1	171;161451;162734;+;206.6	162;153111;154181;+;118.3	160;150644;152641;+;345.5	284;264725;267913;-;58.3	conjscan	conjscan_only	A	7/7	canonical	1	0	unscoreable	3	0	1	285;267932;268990;-;276.9	114;102935;104350;+;194.1	113;101899;102945;+;173.7	303;289629;292310;-;168.4	115;104359;108309;+;101.6	171;161451;162734;+;206.6	303;289629;292310;-;72.2	310;297719;298507;-;74.8	287;269132;270643;-;62.7	284;264725;267913;-;58.3	160;150644;152641;+;101.4	304;292319;293269;-;46.4	160;150644;152641;+;98.9	A	9/9	split_4	195820	0	1	
NZ_CP127498.1	MPF_F	repFIB;repHI5B	336	0	0	GA	0															not_admitted	not_admitted	not_admitted	not_admitted	not_admitted	not_admitted	not_admitted	not_admitted	not_admitted	not_admitted	1	251;227004;228041;-;282.2	152;130570;132012;-;188.4	153;131969;133006;-;172.4	262;238910;241627;-;143.5	151;126630;130595;-;117.7	266;243750;245117;-;63.7	262;238910;241627;-;80.6	269;246772;247632;-;73.9	252;228038;229399;-;71.7	250;223813;226989;-;58.7	160;140235;142361;+;62.0	263;241676;242413;-;56.3	160;140235;142361;+;39.7	A	9/9	split_2	120142	0	1	
NZ_CP127500.1	MPF_F	IncFIA(HI1);IncFII(pKP91)	150	0	0	GA	0															not_admitted	not_admitted	not_admitted	not_admitted	not_admitted	not_admitted	not_admitted	not_admitted	not_admitted	not_admitted	1	60;40696;41688;+;363.2	70;47252;48619;+;382.8	66;45242;45994;+;233.7	57;37031;39670;+;259.1	71;48619;51462;+;344.3	47;31805;33229;+;88.4	57;37031;39670;+;83.9	45;30512;31078;+;168.4	61;41701;42339;+;64.4	62;42398;44353;+;255.3	74;53509;55809;+;390.3	49;33841;34410;+;54.4	74;53509;55809;+;66.6	A	9/9	contiguous	22997	1	1	51473..52006+;177;unnamed;0
NZ_CP127502.1	MPF_F	IncFIB(pNDM-Mar);IncFIB(pQil);IncFII(K);IncHI1B(pNDM-MAR)	401	0	0	GA	0															not_admitted	not_admitted	not_admitted	not_admitted	not_admitted	not_admitted	not_admitted	not_admitted	not_admitted	not_admitted	1	160;136992;137981;-;366.0	150;130078;131445;-;384.6	154;132703;133455;-;233.7	164;139438;142077;-;258.5	149;127229;130078;-;345.0	171;144904;146328;-;89.3	164;139438;142077;-;88.7	173;147055;147621;-;169.3	327;276069;277430;-;69.9	158;134327;136282;-;259.2	145;122453;124765;-;393.2	341;290891;291628;-;56.9	145;122453;124765;-;65.8	A	9/9	split_2	168438	1	1	126696..127226-;176;unnamed;0
NZ_CP127506.1	MPF_F	IncC	252	0	0	GA	0															not_admitted	not_admitted	not_admitted	not_admitted	not_admitted	not_admitted	not_admitted	not_admitted	not_admitted	not_admitted	1	112;77338;78345;+;332.9	240;194526;195959;+;339.2	239;193484;194524;+;221.6	107;72139;74586;+;354.5	241;195972;199586;+;375.3	102;63267;64583;+;135.0	107;72139;74586;+;128.3	100;61743;62369;+;92.7	110;75408;76673;+;67.9	113;78461;81259;+;145.3	91;56068;57933;+;47.3	103;64580;65158;+;100.2	91;56068;57933;+;52.0	A	9/9	split_2	139904	0	1	
NZ_CP127508.1	MPF_F	IncFII(K);IncFII(pAR0022);repB(R1701)	114	0	0	GA	0															not_admitted	not_admitted	not_admitted	not_admitted	not_admitted	not_admitted	not_admitted	not_admitted	not_admitted	not_admitted	1	35;45214;46203;-;366.6	25;38300;39667;-;384.1	29;40925;41677;-;233.7	39;47660;50299;-;258.5	24;35478;38300;-;346.4	46;53126;54550;-;89.3	39;47660;50299;-;88.7	48;55277;55843;-;169.3	34;44563;45201;-;66.9	33;42549;44504;-;259.4	20;30550;32862;-;393.1	45;52470;53054;-;54.7	20;30550;32862;-;66.6	A	9/9	contiguous	24727	1	1	34853..35455-;200;TraS;0
NZ_CP127509.1	MPF_F	IncFII	111	0	0	GA	0															not_admitted	not_admitted	not_admitted	not_admitted	not_admitted	not_admitted	not_admitted	not_admitted	not_admitted	not_admitted	1	84;69882;70874;+;369.5	94;76653;78026;+;381.7	89;73980;74723;+;234.4	81;66243;68873;+;304.1	95;78023;80845;+;374.0	74;61793;63244;+;94.2	81;66243;68873;+;97.1	72;60512;61078;+;174.3	86;71218;71856;+;68.6	87;71853;73703;+;266.1	99;83117;85369;+;391.1	77;64104;64619;+;78.4	99;83117;85369;+;70.3	A	9/9	contiguous	22605	1	1	80867..81346+;159;TraS;0
NZ_CP127512.1	MPF_F	IncFII	107	0	0	GA	0															not_admitted	not_admitted	not_admitted	not_admitted	not_admitted	not_admitted	not_admitted	not_admitted	not_admitted	not_admitted	1	82;69067;70059;+;369.5	92;75838;77211;+;381.7	87;73165;73908;+;234.4	79;65428;68058;+;304.1	93;77208;80030;+;374.0	72;60978;62429;+;94.2	79;65428;68058;+;97.1	70;59697;60263;+;174.3	84;70403;71041;+;68.6	85;71038;72888;+;266.1	97;82302;84491;+;391.2	75;63289;63804;+;78.4	97;82302;84491;+;70.3	A	9/9	contiguous	22605	1	1	80052..80531+;159;TraS;0
NZ_CP127515.1	MPF_F	IncFII;IncR	175	0	0	GA	0															not_admitted	not_admitted	not_admitted	not_admitted	not_admitted	not_admitted	not_admitted	not_admitted	not_admitted	not_admitted	1	151;129702;130694;+;369.5	161;136473;137846;+;381.7	156;133800;134543;+;234.4	148;126063;128693;+;304.1	162;137843;140665;+;374.0	141;121613;123064;+;94.2	148;126063;128693;+;97.1	139;120332;120898;+;174.3	153;131038;131676;+;68.6	154;131673;133523;+;266.1	166;142937;145189;+;391.1	144;123924;124439;+;78.4	166;142937;145189;+;70.3	A	9/9	contiguous	22605	1	1	140687..141166+;159;TraS;0
NZ_CP127516.1	MPF_F	IncFII(K);IncFII(pAR0022);repB(R1701)	114	0	0	GA	0															not_admitted	not_admitted	not_admitted	not_admitted	not_admitted	not_admitted	not_admitted	not_admitted	not_admitted	not_admitted	1	78;58256;59245;+;366.6	88;64792;66159;+;384.1	84;62782;63534;+;233.7	74;54160;56799;+;258.5	89;66159;68981;+;346.4	67;49909;51333;+;89.3	74;54160;56799;+;88.7	65;48616;49182;+;169.3	79;59258;59896;+;66.9	80;59955;61910;+;259.4	93;71597;73909;+;393.1	68;51405;51989;+;54.7	93;71597;73909;+;66.6	A	9/9	contiguous	22981	1	1	69004..69606+;200;TraS;0
NZ_CP127521.1	MPF_T	IncN	64	0	0	GA	1	16;12153;12887;+;32.5		19;13530;13847;+;63.3	20;13847;16447;+;113.8	20;13847;16447;+;76.4	21;16465;17178;+;105.5	23;17429;18469;+;142.4		24;18688;19386;+;131.9	25;19397;20281;+;159.7	26;20281;21441;+;156.3	27;21483;22478;+;81.2	46;44824;46353;-;38.5		pfam	both	A	7/7	canonical	1	0	unscoreable	3	0	0														not_admitted	not_admitted	not_admitted	not_admitted	not_admitted	not_admitted	not_admitted
NZ_CP127522.1	MPF_T	IncX3	67	0	0	GA	1	54;45011;45655;-;46.4	53;44737;45027;-;73.1	52;41959;44712;-;47.0	52;41959;44712;-;142.4	52;41959;44712;-;73.3	51;41179;41949;-;60.1	49;39845;40900;-;133.2		48;38922;39650;-;119.4	47;38308;38916;-;81.3	45;36792;38006;-;128.3	43;35562;36596;-;65.7	42;33724;35559;-;495.9		pfam	pfam_only	A	7/7	canonical	1	1	unscoreable	3	0	0														not_admitted	not_admitted	not_admitted	not_admitted	not_admitted	not_admitted	not_admitted
NZ_CP127840.1	MPF_T	IncN	62	0	0	GA	1	25;19777;20511;+;32.5	27;20811;21104;+;28.7	28;21154;21471;+;63.3	29;21471;24071;+;111.8	29;21471;24071;+;76.8	30;24089;24802;+;97.1	32;25053;26093;+;153.6		33;26312;27010;+;131.9	34;27021;27905;+;159.0	35;27905;29065;+;154.9	36;29107;30102;+;81.2	43;39626;41155;-;38.5		pfam	both	A	7/7	canonical	1	0	unscoreable	8	0	0														not_admitted	not_admitted	not_admitted	not_admitted	not_admitted	not_admitted	not_admitted
NZ_CP127851.1	MPF_F	IncFII(pSE11)	73	0	0	GA	0															not_admitted	not_admitted	not_admitted	not_admitted	not_admitted	not_admitted	not_admitted	not_admitted	not_admitted	not_admitted	1	45;34629;35621;+;369.5	57;41675;43048;+;381.7	50;38727;39470;+;234.4	42;30990;33620;+;297.8	58;43045;45870;+;374.0	35;26521;27948;+;93.9	42;30990;33620;+;98.7	33;25240;25806;+;174.3	47;35965;36603;+;68.5	48;36600;38450;+;271.9	62;48112;50346;+;391.7	38;28832;29347;+;78.4	62;48112;50346;+;70.3	A	9/9	contiguous	22872	1	1	45867..46376+;169;unnamed;0
NZ_CP127852.1	MPF_T	IncX3	60	0	0	GA	1	47;38900;39544;-;46.4	46;38626;38916;-;73.1	45;35848;38601;-;47.0	45;35848;38601;-;142.4	45;35848;38601;-;73.3	44;35068;35838;-;60.1	42;33734;34789;-;133.2		41;32811;33539;-;119.4	40;31876;32805;-;138.8	39;30665;31879;-;128.3	37;29435;30469;-;65.7	36;27597;29432;-;495.9		pfam	pfam_only	A	7/7	canonical	1	1	unscoreable	2	0	0														not_admitted	not_admitted	not_admitted	not_admitted	not_admitted	not_admitted	not_admitted
NZ_CP127882.1	MPF_F	pADAP;pSM22	122	0	0	GA	0															not_admitted	not_admitted	not_admitted	not_admitted	not_admitted	not_admitted	not_admitted	not_admitted	not_admitted	not_admitted	1	66;83908;84906;-;363.3	60;78318;79685;-;368.4	63;80531;81325;-;197.6	71;87269;89899;-;263.5	59;75485;78316;-;283.6	75;91083;92480;-;88.9	71;87269;89899;-;98.9	77;93198;93761;-;164.0	65;83223;83897;-;60.8	64;81322;83226;-;242.3	56;72558;74753;-;380.2	72;89913;90467;-;56.9	56;72558;74753;-;58.1	A	9/9	contiguous	20640	1	1	74955..75488-;177;unnamed;0
NZ_CP128176.1	-	-	92	0	0	GA	1	85;90010;91122;-;23.0	2;3422;3802;-;48.4	1;3071;3403;-;46.2	0;495;3074;-;99.7	0;495;3074;-;109.2	88;93103;93858;-;54.2	86;91125;92840;-;111.1			91;96040;97023;-;171.6	89;93884;95251;-;205.6	3;3816;4781;-;127.4	17;15991;17883;+;448.5		conjscan	conjscan_only	B	6/7	rearranged	1	0	unscoreable	3	0	0														not_admitted	not_admitted	not_admitted	not_admitted	not_admitted	not_admitted	not_admitted
NZ_CP128178.1	MPF_F	-	313	0	0	GA	0															not_admitted	not_admitted	not_admitted	not_admitted	not_admitted	not_admitted	not_admitted	not_admitted	not_admitted	not_admitted	1	31;36982;38001;-;397.1	26;30781;32247;-;357.6	27;32247;33065;-;230.4	37;40445;43033;-;476.9	25;27972;30764;-;345.0	40;44711;46012;-;103.5	37;40445;43033;-;93.2	42;46806;47372;-;177.2	29;35979;36725;-;110.6	28;33178;35982;-;219.2	249;271298;273592;+;545.5		249;271298;273592;+;59.0	B	8/9	split_2	243326	1	1	26490..27566-;358;unnamed;0
NZ_CP128179.1	MPF_T	-	164	0	0	GA	1	64;57574;58239;+;42.8	65;58236;58574;+;81.1	66;58571;58921;+;81.9	67;58914;61325;+;154.5	67;58914;61325;+;124.9	68;61329;62048;+;200.0	70;62279;63223;+;130.1		71;63564;64262;+;181.3	72;64259;65116;+;191.5	73;65120;66349;+;184.9	74;66353;67357;+;100.1	75;67341;69293;+;343.8		pfam	both	A	7/7	canonical	1	0	unscoreable	1	0	0														not_admitted	not_admitted	not_admitted	not_admitted	not_admitted	not_admitted	not_admitted
NZ_CP128216.1	MPF_T	-	538	0	0	GA	1		198;200439;200738;+;87.8	199;200741;201082;+;105.3	200;201075;203456;+;172.7	200;201075;203456;+;107.5	201;203456;204154;+;209.3	203;204389;205324;+;163.8		205;205630;206301;+;221.1	206;206298;207152;+;185.3	207;207167;208339;+;185.6	208;208348;209358;+;100.3	148;152786;154705;-;326.6		pfam	both	A	7/7	canonical	1	0	unscoreable	2	0	0														not_admitted	not_admitted	not_admitted	not_admitted	not_admitted	not_admitted	not_admitted
NZ_CP128217.1	MPF_T	-	228	0	0	GA	1	120;123203;123937;+;73.9	75;82211;82594;-;74.8	122;124302;124628;+;70.9	123;124628;126997;+;231.6	73;79452;81908;-;122.5	72;78677;79480;-;45.7	70;77305;78486;-;112.6		126;128794;129567;+;173.2	68;75792;76604;-;184.2	66;74038;75336;-;221.8	76;82584;83561;-;132.5	55;62020;63978;-;547.8		conjscan	conjscan_only	A	7/7	uncallable	0	0	unscoreable	10	0	0														not_admitted	not_admitted	not_admitted	not_admitted	not_admitted	not_admitted	not_admitted
NZ_CP128219.1	MPF_F	IncFIA;IncFIB(AP001918);IncFIC(FII)	233	0	0	GA	0															not_admitted	not_admitted	not_admitted	not_admitted	not_admitted	not_admitted	not_admitted	not_admitted	not_admitted	not_admitted	1	183;190801;191793;-;368.6	172;183742;185115;-;374.3	179;187329;188072;-;234.1	186;192802;195429;-;306.8	171;180929;183745;-;386.1	192;197484;198911;-;94.3	186;192802;195429;-;98.5	194;199626;200192;-;183.8	182;190154;190792;-;67.3	181;188349;190157;-;268.0	168;177213;179366;-;388.0	188;195945;196460;-;77.3	168;177213;179366;-;69.2	A	9/9	contiguous	22413	1	1	180375..180896-;173;unnamed;0
NZ_CP128257.1	MPF_F	IncFIA(HI1);IncFII(pRSB107)	103	0	0	GA	0															not_admitted	not_admitted	not_admitted	not_admitted	not_admitted	not_admitted	not_admitted	not_admitted	not_admitted	not_admitted	1	73;61325;62317;+;369.5	85;68371;69744;+;381.7	78;65423;66166;+;234.4	70;57686;60316;+;297.8	86;69741;72563;+;388.5	62;52967;54418;+;93.8	70;57686;60316;+;99.6	60;51686;52252;+;174.3	75;62661;63299;+;68.6	76;63296;65146;+;267.4	90;74835;78362;+;289.0	65;55278;55793;+;82.8		A	9/9	contiguous	23149	1	1	72584..73081+;165;TraS;0
NZ_CP128258.1	MPF_T	IncX1;IncX3	71	0	0	GA	1	57;44619;45266;-;45.5	56;44345;44641;-;76.6	55;41573;44326;-;46.6	55;41573;44326;-;147.9	55;41573;44326;-;75.3	54;40804;41562;-;67.5	52;39433;40566;-;109.2		51;38475;39188;-;120.0	50;37541;38470;-;133.7	49;36339;37544;-;132.5	48;35306;36337;-;76.3	47;33468;35303;-;486.3		pfam	pfam_only	A	7/7	canonical	1	1	unscoreable	1	0	0														not_admitted	not_admitted	not_admitted	not_admitted	not_admitted	not_admitted	not_admitted
NZ_CP128263.1	MPF_T	IncX1	43	0	0	GA	1	30;31400;32047;-;45.2	29;31126;31422;-;77.5	28;28354;31107;-;46.6	28;28354;31107;-;148.1	28;28354;31107;-;75.3	27;27594;28343;-;66.6	25;26222;27283;-;134.6		24;25264;25977;-;120.0	23;24330;25259;-;133.8	22;23128;24333;-;134.4	21;22095;23126;-;76.5	20;20257;22092;-;488.6		pfam	pfam_only	A	7/7	canonical	1	1	unscoreable	1	0	0														not_admitted	not_admitted	not_admitted	not_admitted	not_admitted	not_admitted	not_admitted
NZ_CP128483.1	MPF_T	rep38	36	0	0	GA	1				6;3291;5306;+;21.5									12;9562;11112;+;461.0		none	none	D	2/7	uncallable	0	0	unscoreable	5	0	0														not_admitted	not_admitted	not_admitted	not_admitted	not_admitted	not_admitted	not_admitted
NZ_CP128493.1	MPF_F	-	759	0	0	GA	0															not_admitted	not_admitted	not_admitted	not_admitted	not_admitted	not_admitted	not_admitted	not_admitted	not_admitted	not_admitted	1	561;584477;585499;+;331.1	568;591818;593239;+;287.4	566;590283;591206;+;206.6	557;580645;583194;+;203.6	569;593196;596966;+;151.2	555;579588;580022;+;65.4	557;580645;583194;+;120.9	552;577343;577969;+;96.0	564;588816;589739;+;106.2	563;587753;588844;+;94.5	52;60671;63109;-;530.5	556;580019;580648;+;123.8	378;382078;384087;-;83.3	A	9/9	split_3	532525	0	1	
NZ_CP128565.1	MPF_T	IncFII(pHN7A8);IncN;IncR	205	0	0	GA	1	103;84467;85114;+;77.3		168;137321;137638;+;63.3	169;137638;140238;+;111.8	169;137638;140238;+;76.4	170;140256;140969;+;105.5	172;141220;142260;+;142.4		173;142479;143177;+;131.9	174;143188;144072;+;159.7	175;144072;145865;+;124.2	175;144072;145865;+;79.2	183;151872;153401;-;38.5		pfam	both	A	7/7	canonical	1	0	unscoreable	10	0	0														not_admitted	not_admitted	not_admitted	not_admitted	not_admitted	not_admitted	not_admitted
NZ_CP128579.1	MPF_T	IncX1;IncX3	62	0	0	GA	1	49;48430;49077;-;45.2	48;48156;48452;-;77.5	47;45384;48137;-;47.9	47;45384;48137;-;147.9	47;45384;48137;-;75.3	46;44615;45373;-;67.3	44;43244;44377;-;106.3		43;42286;42999;-;118.5	42;41352;42281;-;133.8	41;40150;41355;-;132.5	40;39117;40148;-;79.0	39;37279;39114;-;489.3		pfam	pfam_only	A	7/7	canonical	1	1	unscoreable	1	0	0														not_admitted	not_admitted	not_admitted	not_admitted	not_admitted	not_admitted	not_admitted
NZ_CP128580.1	MPF_F	IncFIB(AP001918);IncFIC(FII)	147	0	0	GA	0															not_admitted	not_admitted	not_admitted	not_admitted	not_admitted	not_admitted	not_admitted	not_admitted	not_admitted	not_admitted	1	75;78227;79219;-;369.3	64;70805;72181;-;381.0	69;73767;74510;-;233.3	78;80228;82855;-;303.5	63;67965;70808;-;374.8	83;84989;86440;-;90.6	78;80228;82855;-;100.4	85;87155;87721;-;181.4	72;76592;77230;-;68.6	71;74787;76595;-;268.0	60;64242;66431;-;391.8	79;83370;83885;-;77.4	60;64242;66431;-;70.4	A	9/9	contiguous	22913	1	1	67464..67943-;159;TraS;0
NZ_CP128589.1	MPF_F	IncFIA;IncFIB(AP001918);IncFII	171	0	0	GA	0															not_admitted	not_admitted	not_admitted	not_admitted	not_admitted	not_admitted	not_admitted	not_admitted	not_admitted	not_admitted	1	103;104133;105125;-;366.3	94;97698;99074;-;380.3	99;100661;101404;-;232.0	106;106134;108128;-;161.5	93;94879;97701;-;384.8	114;110816;112243;-;95.6	106;106134;108128;-;99.3	117;113152;113523;-;112.3	102;103486;104124;-;67.3	101;101681;103489;-;268.0	90;91121;93346;-;391.4	110;109277;109792;-;78.4	90;91121;93346;-;69.2	A	9/9	contiguous	22031	1	1	94379..94858-;159;TraS;0
NZ_CP128591.1	MPF_F	IncFIB(AP001918);IncFII	189	0	0	GA	0															not_admitted	not_admitted	not_admitted	not_admitted	not_admitted	not_admitted	not_admitted	not_admitted	not_admitted	not_admitted	1	39;31114;32106;+;369.3	50;37789;39165;+;380.3	43;34835;35578;+;235.0	36;27478;30105;+;305.4	51;39162;41978;+;387.9	29;23997;25424;+;94.3	36;27478;30105;+;98.5	27;22716;23282;+;182.2	40;32115;32753;+;68.4	41;32750;34558;+;268.2	54;43541;45721;+;391.5	33;26447;26962;+;78.4	54;43541;45721;+;69.2	A	9/9	contiguous	20825	1	1	42011..42532+;173;unnamed;0
NZ_CP128593.1	MPF_F	IncFIB(pB171);IncFII(pHN7A8)	121	0	0	GA	0															not_admitted	not_admitted	not_admitted	not_admitted	not_admitted	not_admitted	not_admitted	not_admitted	not_admitted	not_admitted	1	35;38771;39763;-;371.8	26;32336;33709;-;381.0	31;35299;36042;-;233.3	38;40772;43399;-;303.5	25;29517;32339;-;389.3	42;45311;46738;-;91.3	38;40772;43399;-;100.3	44;47453;48019;-;183.8	34;38124;38762;-;68.6	33;36319;38127;-;268.0	22;25812;27983;-;391.8	39;43915;44430;-;78.0	22;25812;27983;-;70.3	A	9/9	contiguous	21641	1	1	28999..29496-;165;TraS;0
NZ_CP128597.1	MPF_F	IncHI2;IncHI2A	267	0	0	GA	0															not_admitted	not_admitted	not_admitted	not_admitted	not_admitted	not_admitted	not_admitted	not_admitted	not_admitted	not_admitted	1	16;12247;13305;-;276.9	225;202561;203976;-;194.1	226;203966;205012;-;174.3	33;32877;35558;-;168.0	224;201593;202552;-;51.4	41;39846;41201;-;80.7	33;32877;35558;-;72.2	44;42925;43713;-;74.8	18;13447;14958;-;62.0	82;80331;81833;+;52.8	233;212054;214138;+;56.8	34;35567;36517;-;46.1	233;212054;214138;+;38.8	A	9/9	split_3	199807	1	1	200852..201556-;234;unnamed;0
NZ_CP128602.1	-	-	137	0	0	GA	1		126;123220;123558;+;36.5		128;123894;126245;+;35.6			130;127052;128068;+;30.5		132;128280;128999;+;49.7	133;128996;129979;+;120.9	135;130335;131435;+;136.2	1;1731;2687;+;68.1	2;2696;4549;+;354.9		none	none	A	7/7	canonical	0	0	unscoreable	4	0	0														not_admitted	not_admitted	not_admitted	not_admitted	not_admitted	not_admitted	not_admitted
NZ_CP128603.1	-	-	321	0	0	GA	1		11;10335;10673;-;35.9		9;7493;9997;-;31.2			7;5831;6838;-;30.8		5;4900;5619;-;54.5	4;3920;4903;-;120.9	3;2817;3917;-;138.0	320;348213;348614;-;25.4	319;346341;348206;-;354.5		none	none	A	7/7	canonical	0	0	unscoreable	3	0	0														not_admitted	not_admitted	not_admitted	not_admitted	not_admitted	not_admitted	not_admitted
NZ_CP128610.1	MPF_F	IncHI2;IncHI2A	284	0	0	GA	0															not_admitted	not_admitted	not_admitted	not_admitted	not_admitted	not_admitted	not_admitted	not_admitted	not_admitted	not_admitted	1	194;177380;178438;+;276.9	81;70205;71620;-;194.1	82;71610;72656;-;174.3	177;153690;156371;+;168.0	80;66243;70196;-;101.7	173;150005;151360;+;80.7	177;153690;156371;+;72.2	170;147493;148281;+;74.8	192;175727;177238;+;61.8	195;178457;181645;+;57.3	89;79698;81782;+;56.8	176;152731;153681;+;46.1	89;79698;81782;+;38.8	A	9/9	split_3	112214	1	1	64773..66062-;429;unnamed;0
NZ_CP128614.1	MPF_F	IncHI2;IncHI2A	268	0	0	GA	0															not_admitted	not_admitted	not_admitted	not_admitted	not_admitted	not_admitted	not_admitted	not_admitted	not_admitted	not_admitted	1	27;31207;32265;+;276.9	165;154788;156203;-;194.1	166;156193;157239;-;174.3	11;8955;11636;+;168.3	164;150826;154779;-;101.7	7;5270;6625;+;80.7	11;8955;11636;+;72.2	4;2758;3546;+;74.8	25;29554;31065;+;62.0	28;32284;35472;+;57.3	173;164281;166365;+;56.8	10;7996;8946;+;46.1	173;164281;166365;+;38.8	A	9/9	split_3	161523	1	1	149356..150645-;429;unnamed;0
NZ_CP128619.1	MPF_F	IncFIA(HI1);IncFII(Yp);IncFII(pAR0022)	131	0	0	GA	0															not_admitted	not_admitted	not_admitted	not_admitted	not_admitted	not_admitted	not_admitted	not_admitted	not_admitted	not_admitted	1	100;93952;94944;+;374.4	108;99626;100996;+;375.5	105;98090;98839;+;222.4	94;89038;89829;+;136.6	109;100996;103845;+;336.5	88;85416;86828;+;85.2	97;91100;92938;+;92.6	86;84123;84689;+;163.0	101;94957;95583;+;68.6	102;95805;97472;+;260.3	112;105472;107679;+;391.8	90;87076;87645;+;55.3	112;105472;107679;+;65.9	A	9/9	contiguous	21349	1	1	103848..104378+;176;unnamed;0
NZ_CP128791.1	MPF_F	IncFIB(AP001918);IncFIC(FII)	127	0	0	GA	0															not_admitted	not_admitted	not_admitted	not_admitted	not_admitted	not_admitted	not_admitted	not_admitted	not_admitted	not_admitted	1	78;74126;75118;-;369.3	67;67067;68440;-;378.0	74;70654;71397;-;234.1	81;76127;78754;-;305.4	66;64248;67070;-;389.5	87;80809;82236;-;94.3	81;76127;78754;-;98.5	89;82951;83517;-;183.8	77;73479;74117;-;68.4	76;71674;73482;-;268.4	63;60566;62719;-;391.9	83;79270;79785;-;78.4	63;60566;62719;-;70.4	A	9/9	contiguous	22385	1	1	63735..64226-;163;TraS;0
NZ_CP128858.1	MPF_F	-	67	0	0	GA	0															not_admitted	not_admitted	not_admitted	not_admitted	not_admitted	not_admitted	not_admitted	not_admitted	not_admitted	not_admitted	1	29;31362;32354;-;358.3	19;23241;24608;-;348.6	26;28047;28844;-;221.8	35;34410;37079;-;246.9	18;19991;23248;-;314.5	40;39656;41041;-;98.6	35;34410;37079;-;96.2	42;41774;42373;-;90.3	28;30733;31353;-;58.0	27;28844;30736;-;226.1	12;14963;17134;-;355.2	36;37372;37938;-;37.3	12;14963;17134;-;67.1	A	9/9	contiguous	26811	1	1	19392..19961-;189;unnamed;0
NZ_CP128876.1	MPF_T	IncN;IncN4;IncX1	143	0	0	GA	1	97;67109;67843;+;32.5	77;53021;53311;-;45.9	76;52657;52971;-;65.3	75;50027;52657;-;124.9	75;50027;52657;-;86.8	74;49310;50017;-;114.6	104;72385;73425;+;142.4	71;47743;47913;-;41.4	70;47024;47740;-;145.6	106;74353;75237;+;159.7	68;44983;46137;-;174.0	108;76439;77434;+;81.2	62;37974;39551;+;50.6		pfam	both	A	7/7	uncallable	0	0	ga	16	0	0														not_admitted	not_admitted	not_admitted	not_admitted	not_admitted	not_admitted	not_admitted
NZ_CP128879.1	MPF_F	IncFII(pCoo)	93	0	0	GA	0															not_admitted	not_admitted	not_admitted	not_admitted	not_admitted	not_admitted	not_admitted	not_admitted	not_admitted	not_admitted	1	60;40220;41212;+;369.5	71;46946;47854;+;282.0	65;44428;45018;+;215.9	56;37132;38265;+;194.3	73;48314;50245;+;375.5	47;31731;33182;+;93.9	57;38265;39212;+;49.8	45;30555;31016;+;159.9	62;41556;42194;+;70.7	63;42191;43999;+;267.1	79;53609;55702;+;391.4	50;34042;34557;+;78.4	79;53609;55702;+;70.4	A	9/9	contiguous	23054	1	1	50203..51135+;310;unnamed;0
NZ_CP128880.1	MPF_F	IncFII(pCoo)	79	0	0	GA	0															not_admitted	not_admitted	not_admitted	not_admitted	not_admitted	not_admitted	not_admitted	not_admitted	not_admitted	not_admitted	1	54;40240;41232;+;369.5	65;46967;48340;+;381.7	59;44296;45039;+;234.4	51;36601;39231;+;304.1	66;48337;51159;+;374.0	43;31748;33199;+;93.9	51;36601;39231;+;97.1	41;30467;31033;+;182.7	56;41576;42214;+;70.7	57;42211;44019;+;267.1	70;53431;55611;+;391.2	46;34059;34574;+;78.4	70;53431;55611;+;70.3	A	9/9	contiguous	22964	1	1	51181..51660+;159;TraS;0
NZ_CP128881.1	MPF_T	IncI2	69	0	0	GA	1	31;27394;27876;-;81.1		46;43473;43757;-;36.6	45;41110;43467;-;58.5	45;41110;43467;-;44.9	56;49287;49931;-;41.0	57;49937;50932;-;123.7		43;40210;40944;-;144.3	42;39443;40213;-;170.4	41;38314;39453;-;154.7	34;29645;31183;-;208.0	39;35266;37224;-;287.4		pfam	pfam_only	A	7/7	rearranged	1	0	unscoreable	15	0	0														not_admitted	not_admitted	not_admitted	not_admitted	not_admitted	not_admitted	not_admitted
NZ_CP128882.1	MPF_T	IncN	64	0	0	GA	1	20;15351;16085;+;32.5		23;16728;17045;+;63.3	24;17045;19645;+;113.8	24;17045;19645;+;76.4	25;19663;20376;+;105.5	27;20627;21667;+;142.4		28;21886;22584;+;131.9	29;22595;23479;+;159.7	30;23479;24639;+;156.3	31;24681;25676;+;81.2	40;33670;35199;-;38.5		pfam	both	A	7/7	canonical	1	0	unscoreable	11	0	0														not_admitted	not_admitted	not_admitted	not_admitted	not_admitted	not_admitted	not_admitted
NZ_CP128890.1	MPF_T	IncN	66	0	0	GA	1	20;14681;15415;+;32.5		23;16058;16375;+;63.3	24;16375;18975;+;113.8	24;16375;18975;+;76.4	25;18993;19706;+;105.5	27;19957;20997;+;142.4		28;21216;21914;+;131.9	29;21925;22809;+;159.7	30;22809;23969;+;156.3	31;24011;25006;+;81.2	40;33000;34529;-;38.5		pfam	both	A	7/7	canonical	1	0	unscoreable	11	0	0														not_admitted	not_admitted	not_admitted	not_admitted	not_admitted	not_admitted	not_admitted
NZ_CP128908.1	MPF_F	IncFIA;IncFIB(AP001918);IncFII(29)	119	0	0	GA	0															not_admitted	not_admitted	not_admitted	not_admitted	not_admitted	not_admitted	not_admitted	not_admitted	not_admitted	not_admitted	1	49;44783;45775;-;369.5	37;37359;38732;-;381.7	44;40934;41677;-;233.1	52;46784;49414;-;304.0	36;34540;37362;-;388.5	59;52543;53970;-;93.9	52;46784;49414;-;99.3	61;54685;55251;-;183.1	47;43801;44439;-;68.6	46;41954;43804;-;271.9	32;30124;32268;-;391.3	56;50901;51416;-;73.9	32;30124;32268;-;70.4	A	9/9	contiguous	24561	1	1	34018..34518-;166;TraS;0
NZ_CP128909.1	MPF_T	IncN	65	0	0	GA	1	20;14945;15679;+;32.5		23;16322;16639;+;63.3	24;16639;19239;+;113.8	24;16639;19239;+;76.4	25;19257;19970;+;105.5	27;20221;21261;+;142.4		28;21480;22178;+;131.9	29;22189;23073;+;159.7	30;23073;24233;+;156.3	31;24275;25270;+;81.2	40;33264;34793;-;38.5		pfam	both	A	7/7	canonical	1	0	unscoreable	11	0	0														not_admitted	not_admitted	not_admitted	not_admitted	not_admitted	not_admitted	not_admitted
NZ_CP128913.1	MPF_F	Col156;IncFIA;IncFIB(AP001918);IncFII(pRSB107);IncQ1	206	0	0	GA	0															not_admitted	not_admitted	not_admitted	not_admitted	not_admitted	not_admitted	not_admitted	not_admitted	not_admitted	not_admitted	1	127;111529;112521;-;369.5	114;102397;103770;-;386.6	122;107680;108423;-;231.4	130;113530;116157;-;303.9	113;99581;102400;-;386.3	136;118042;119493;-;94.1	130;113530;116157;-;96.5	138;120208;120774;-;184.3	125;110547;111185;-;68.7	124;108700;110550;-;266.7	109;95144;97324;-;391.8	133;116673;117188;-;75.2	109;95144;97324;-;70.3	A	9/9	contiguous	25064	1	1	99065..99556-;163;TraS;0
NZ_CP128915.1	MPF_T	IncN	66	0	0	GA	1	20;15351;16085;+;32.5		23;16728;17045;+;63.3	24;17045;19645;+;113.8	24;17045;19645;+;76.4	25;19663;20376;+;105.5	27;20627;21667;+;142.4		28;21886;22584;+;131.9	29;22595;23479;+;159.7	30;23479;24639;+;156.3	31;24681;25676;+;81.2	40;33670;35199;-;38.5		pfam	both	A	7/7	canonical	1	0	unscoreable	11	0	0														not_admitted	not_admitted	not_admitted	not_admitted	not_admitted	not_admitted	not_admitted
NZ_CP128917.1	MPF_F	Col156;IncFIB(AP001918);IncFII(29);IncQ1	164	0	0	GA	0															not_admitted	not_admitted	not_admitted	not_admitted	not_admitted	not_admitted	not_admitted	not_admitted	not_admitted	not_admitted	1	108;92895;93887;-;369.5	50;41520;42893;+;381.7	103;89046;89789;-;233.1	111;94896;97526;-;304.0	51;42890;45712;+;388.5	118;100657;102084;-;93.9	111;94896;97526;-;99.3	120;102799;103365;-;183.1	106;91913;92551;-;68.6	105;90066;91916;-;271.9	55;47983;50199;+;391.2	115;99013;99528;-;74.0	55;47983;50199;+;70.3	A	9/9	split_2	61279	1	1	45712..46212+;166;TraS;0
NZ_CP128918.1	MPF_T	IncN	65	0	0	GA	1	20;14570;15304;+;32.5		23;15947;16264;+;63.3	24;16264;18864;+;113.8	24;16264;18864;+;76.4	25;18882;19595;+;105.5	27;19846;20886;+;142.4		28;21105;21803;+;131.9	29;21814;22698;+;159.7	30;22698;23858;+;156.3	31;23900;24895;+;81.2	40;32889;34418;-;38.5		pfam	both	A	7/7	canonical	1	0	unscoreable	11	0	0														not_admitted	not_admitted	not_admitted	not_admitted	not_admitted	not_admitted	not_admitted
NZ_CP128920.1	MPF_F	IncFII	75	0	0	GA	0															not_admitted	not_admitted	not_admitted	not_admitted	not_admitted	not_admitted	not_admitted	not_admitted	not_admitted	not_admitted	1	47;35699;36691;+;369.5	61;44704;46077;+;381.7	55;41756;42499;+;235.0	44;32060;34690;+;305.1	62;46074;48920;+;384.1	36;27206;28657;+;94.0	44;32060;34690;+;97.1	34;25925;26491;+;172.8	49;37035;37673;+;68.6	53;39827;41479;+;272.4	66;51150;53330;+;391.8	39;29517;30032;+;82.8	66;51150;53330;+;70.3	A	9/9	contiguous	25225	1	1	48917..49426+;169;unnamed;0
NZ_CP128921.1	MPF_T	IncN	73	0	0	GA	1	17;13232;13966;+;32.5		20;14609;14926;+;63.3	21;14926;17526;+;113.8	21;14926;17526;+;76.4	22;17544;18257;+;105.5	24;18508;19548;+;142.4		25;19767;20465;+;131.9	26;20476;21360;+;159.7	27;21360;22520;+;156.3	28;22562;23557;+;81.2	47;40436;41965;-;38.5		pfam	both	A	7/7	canonical	1	0	unscoreable	3	0	0														not_admitted	not_admitted	not_admitted	not_admitted	not_admitted	not_admitted	not_admitted
NZ_CP128924.1	MPF_F	IncHI2;IncHI2A	254	0	0	GA	0															not_admitted	not_admitted	not_admitted	not_admitted	not_admitted	not_admitted	not_admitted	not_admitted	not_admitted	not_admitted	1	29;32558;33616;+;276.9	169;161454;162869;-;194.1	170;162859;163905;-;174.3	13;10305;12986;+;168.0	168;157492;161445;-;101.6	9;6620;7975;+;80.7	13;10305;12986;+;72.2	6;4108;4896;+;74.8	27;30905;32416;+;62.0	30;33635;36823;+;57.3	177;170947;173031;+;56.8	12;9346;10296;+;46.1	177;170947;173031;+;38.8	A	9/9	split_3	166839	1	1	156022..157311-;429;unnamed;0
NZ_CP128925.1	MPF_T	IncN	62	0	0	GA	1	18;13269;14003;+;32.5		21;14646;14963;+;63.3	22;14963;17563;+;113.8	22;14963;17563;+;76.4	23;17581;18294;+;105.5	25;18545;19585;+;142.4		26;19804;20502;+;131.9	27;20513;21397;+;159.7	28;21397;22557;+;156.3	29;22599;23594;+;81.2	38;31588;33117;-;38.5		pfam	both	A	7/7	canonical	1	0	unscoreable	11	0	0														not_admitted	not_admitted	not_admitted	not_admitted	not_admitted	not_admitted	not_admitted
NZ_CP128929.1	MPF_T	IncN	62	0	0	GA	1	18;13269;14003;+;32.5		21;14646;14963;+;63.3	22;14963;17563;+;113.8	22;14963;17563;+;76.4	23;17581;18294;+;105.5	25;18545;19585;+;142.4		26;19804;20502;+;131.9	27;20513;21397;+;159.7	28;21397;22557;+;156.3	29;22599;23594;+;81.2	38;31588;33117;-;38.5		pfam	both	A	7/7	canonical	1	0	unscoreable	11	0	0														not_admitted	not_admitted	not_admitted	not_admitted	not_admitted	not_admitted	not_admitted
NZ_CP128932.1	MPF_F	IncHI2;IncHI2A	212	0	0	GA	0															not_admitted	not_admitted	not_admitted	not_admitted	not_admitted	not_admitted	not_admitted	not_admitted	not_admitted	not_admitted	1	28;31285;32343;+;276.9	125;118895;120310;-;194.1	126;120300;121346;-;174.3	11;8955;11636;+;168.0	124;114933;118886;-;101.6	7;5270;6625;+;80.7	11;8955;11636;+;72.2	4;2758;3546;+;74.8	26;29632;31143;+;62.0	29;32362;35550;+;57.3	133;128388;130472;+;56.8	10;7996;8946;+;46.1	133;128388;130472;+;38.8	A	9/9	split_3	125630	1	1	113463..114752-;429;unnamed;0
NZ_CP128934.1	MPF_T	IncI2	72	0	0	GA	1	35;29071;29553;-;81.1		49;44624;44908;-;36.6	48;42261;44618;-;58.5	48;42261;44618;-;44.9	59;50436;51080;-;41.0	60;51086;52081;-;123.7		46;41361;42095;-;144.3	45;40594;41364;-;170.4	44;39465;40604;-;154.7	38;31321;32859;-;207.1	42;36417;38375;-;288.2		pfam	pfam_only	A	7/7	rearranged	1	0	unscoreable	14	0	0														not_admitted	not_admitted	not_admitted	not_admitted	not_admitted	not_admitted	not_admitted
NZ_CP128935.1	MPF_T	IncN	64	0	0	GA	1	18;14273;15007;+;32.5		21;15650;15967;+;63.3	22;15967;18567;+;113.8	22;15967;18567;+;76.4	23;18585;19298;+;105.5	25;19549;20589;+;142.4		26;20808;21506;+;131.9	27;21517;22401;+;159.7	28;22401;23561;+;156.3	29;23603;24598;+;81.2	38;32592;34121;-;38.5		pfam	both	A	7/7	canonical	1	0	unscoreable	11	0	0														not_admitted	not_admitted	not_admitted	not_admitted	not_admitted	not_admitted	not_admitted
NZ_CP128936.1	MPF_T	IncX4	61	0	0	GA	1	48;35950;36561;-;53.0	47;35664;35978;-;30.8	46;35286;35606;-;46.2	45;32911;35283;-;79.9	45;32911;35283;-;33.6	50;37891;38532;+;33.9	49;36894;37889;+;126.4		43;32043;32780;-;159.5	42;31267;32046;-;167.2	41;30135;31277;-;143.5	40;29116;30135;-;91.9	39;27098;29065;-;290.6		pfam	pfam_only	A	7/7	uncallable	0	0	unscoreable	1	0	0														not_admitted	not_admitted	not_admitted	not_admitted	not_admitted	not_admitted	not_admitted
NZ_CP128942.1	MPF_T	IncX1;IncX3	65	0	0	GA	1	51;42703;43350;-;45.6	50;42429;42725;-;76.6	49;39657;42410;-;46.6	49;39657;42410;-;147.9	49;39657;42410;-;75.3	48;38888;39646;-;67.5	46;37517;38650;-;109.2		45;36559;37272;-;118.2	44;35625;36554;-;133.7	43;34423;35628;-;132.5	42;33390;34421;-;76.3	41;31552;33387;-;486.3		pfam	pfam_only	A	7/7	canonical	1	1	unscoreable	1	0	0														not_admitted	not_admitted	not_admitted	not_admitted	not_admitted	not_admitted	not_admitted
NZ_CP128943.1	MPF_T	IncN	62	0	0	GA	1	18;13269;14003;+;32.5		21;14646;14963;+;63.3	22;14963;17563;+;113.8	22;14963;17563;+;76.4	23;17581;18294;+;105.5	25;18545;19585;+;142.4		26;19804;20502;+;131.9	27;20513;21397;+;159.7	28;21397;22557;+;156.3	29;22599;23594;+;81.2	38;31588;33117;-;38.5		pfam	both	A	7/7	canonical	1	0	unscoreable	11	0	0														not_admitted	not_admitted	not_admitted	not_admitted	not_admitted	not_admitted	not_admitted
NZ_CP128948.1	MPF_T	IncN	51	0	0	GA	1	8;5365;6099;+;32.5		11;6742;7059;+;63.3	12;7059;9659;+;113.8	12;7059;9659;+;76.4	13;9677;10390;+;105.5	15;10641;11681;+;142.4		16;11900;12598;+;131.9	17;12609;13493;+;159.7	18;13493;14653;+;156.3	19;14695;15690;+;81.2	28;23684;25213;-;38.5		pfam	both	A	7/7	canonical	1	0	unscoreable	11	0	0														not_admitted	not_admitted	not_admitted	not_admitted	not_admitted	not_admitted	not_admitted
NZ_CP128952.1	MPF_F	IncFIA;IncFIB(AP001918);IncFII	191	0	0	GA	0															not_admitted	not_admitted	not_admitted	not_admitted	not_admitted	not_admitted	not_admitted	not_admitted	not_admitted	not_admitted	1	128;111215;112207;-;367.4	116;104156;105529;-;380.9	123;107743;108486;-;235.0	131;113216;115843;-;305.4	115;101334;104159;-;385.9	137;117898;119325;-;94.3	131;113216;115843;-;98.5	139;120040;120606;-;183.8	127;110568;111206;-;68.6	125;108763;110034;-;269.9	112;97642;99831;-;391.3	133;116359;116874;-;78.4	112;97642;99831;-;70.4	A	9/9	contiguous	22398	1	1	100828..101337-;169;unnamed;0
NZ_CP128954.1	MPF_T	IncN	57	0	0	GA	1	19;14701;15435;+;32.5		22;16078;16395;+;63.3	23;16395;18995;+;113.8	23;16395;18995;+;76.4	24;19013;19726;+;105.5	26;19977;21017;+;142.4		27;21236;21934;+;131.9	28;21945;22829;+;159.7	29;22829;23989;+;156.3	30;24031;25026;+;81.2	39;32996;34525;-;38.5		pfam	both	A	7/7	canonical	1	0	unscoreable	11	0	0														not_admitted	not_admitted	not_admitted	not_admitted	not_admitted	not_admitted	not_admitted
NZ_CP128960.1	MPF_F	IncFII	84	0	0	GA	0															not_admitted	not_admitted	not_admitted	not_admitted	not_admitted	not_admitted	not_admitted	not_admitted	not_admitted	not_admitted	1	60;48567;49559;+;369.5	70;55338;56711;+;381.7	65;52665;53408;+;234.4	57;44928;47558;+;304.1	71;56708;59530;+;374.0	49;40075;41526;+;94.2	57;44928;47558;+;97.1	47;38794;39360;+;174.3	62;49903;50541;+;68.6	63;50538;52388;+;266.1	75;61802;64081;+;391.0	52;42386;42901;+;78.4	75;61802;64081;+;70.3	A	9/9	contiguous	23008	1	1	59552..60031+;159;TraS;0
NZ_CP128961.1	MPF_T	IncN	64	0	0	GA	1	18;14273;15007;+;32.5		21;15650;15967;+;63.3	22;15967;18567;+;113.8	22;15967;18567;+;76.4	23;18585;19298;+;105.5	25;19549;20589;+;142.4		26;20808;21506;+;131.9	27;21517;22401;+;159.7	28;22401;23561;+;156.3	29;23603;24598;+;81.2	38;32592;34121;-;38.5		pfam	both	A	7/7	canonical	1	0	unscoreable	11	0	0														not_admitted	not_admitted	not_admitted	not_admitted	not_admitted	not_admitted	not_admitted
NZ_CP128964.1	MPF_F	IncFIA;IncFIB(AP001918);IncFII(29)	126	0	0	GA	0															not_admitted	not_admitted	not_admitted	not_admitted	not_admitted	not_admitted	not_admitted	not_admitted	not_admitted	not_admitted	1	75;84336;85328;-;371.9	64;77277;78650;-;378.0	71;80864;81607;-;235.0	78;86337;88964;-;305.4	63;74458;77280;-;389.5	84;91123;92550;-;94.3	78;86337;88964;-;98.3	86;93265;93831;-;183.8	74;83689;84327;-;68.4	73;81884;83692;-;268.4	60;70772;72925;-;391.8	80;89480;89995;-;78.4	60;70772;72925;-;70.4	A	9/9	contiguous	22493	1	1	73957..74436-;159;TraS;0
NZ_CP128966.1	MPF_T	IncI2(Delta)	87	0	0	GA	1	47;35379;35861;-;81.1		61;50933;51217;-;36.5	60;48570;50927;-;58.5	60;48570;50927;-;44.9	73;57369;58013;-;31.4	74;58019;59014;-;123.7		58;47670;48404;-;144.4	57;46903;47673;-;170.5	56;45774;46913;-;154.7	50;37630;39168;-;207.1	54;42726;44684;-;287.0		pfam	pfam_only	A	7/7	rearranged	1	0	unscoreable	16	0	0														not_admitted	not_admitted	not_admitted	not_admitted	not_admitted	not_admitted	not_admitted
NZ_CP128967.1	MPF_T	IncN	61	0	0	GA	1	18;13269;14003;+;32.5		21;14646;14963;+;63.3	22;14963;17563;+;113.8	22;14963;17563;+;76.4	23;17581;18294;+;105.5	25;18545;19585;+;142.4		26;19804;20502;+;131.9	27;20513;21397;+;159.7	28;21397;22557;+;156.3	29;22599;23594;+;81.2	35;29558;31087;-;38.5		pfam	both	A	7/7	canonical	1	0	unscoreable	8	0	0														not_admitted	not_admitted	not_admitted	not_admitted	not_admitted	not_admitted	not_admitted
NZ_CP128971.1	MPF_F	IncFIB(AP001918);IncFII	145	0	0	GA	0															not_admitted	not_admitted	not_admitted	not_admitted	not_admitted	not_admitted	not_admitted	not_admitted	not_admitted	not_admitted	1	89;81652;82644;-;369.3	80;75217;76590;-;379.5	85;78180;78923;-;233.3	92;83653;86283;-;305.1	79;72398;75220;-;389.2	99;89321;90748;-;94.1	92;83653;86283;-;98.4	101;91463;92029;-;183.8	88;81005;81643;-;64.0	87;79200;81008;-;268.0	76;68675;70864;-;391.8	96;87922;88437;-;76.4	76;68675;70864;-;70.3	A	9/9	contiguous	22788	1	1	71880..72377-;165;TraS;0
NZ_CP128973.1	MPF_F	IncFII(pSE11)	86	0	0	GA	0															not_admitted	not_admitted	not_admitted	not_admitted	not_admitted	not_admitted	not_admitted	not_admitted	not_admitted	not_admitted	1	56;47996;48988;+;369.5	71;57782;59155;+;377.3	64;54580;55569;+;233.2	53;44357;46987;+;301.5	72;59152;61974;+;389.2	45;39661;41088;+;94.1	53;44357;46987;+;97.3	43;38380;38946;+;183.8	61;51253;51891;+;69.7	63;52703;54553;+;264.8	76;64241;66412;+;391.8	49;42210;42725;+;77.9	76;64241;66412;+;70.4	A	9/9	contiguous	25861	1	1	61996..62487+;163;TraS;0
NZ_CP128974.1	MPF_T	IncN	64	0	0	GA	1	18;13195;13929;+;32.5		21;14572;14889;+;63.3	22;14889;17489;+;113.8	22;14889;17489;+;76.4	23;17507;18220;+;105.5	25;18471;19511;+;142.4		26;19730;20428;+;131.9	27;20439;21323;+;159.7	28;21323;22483;+;156.3	29;22525;23520;+;81.2	38;31514;33043;-;38.5		pfam	both	A	7/7	canonical	1	0	unscoreable	11	0	0														not_admitted	not_admitted	not_admitted	not_admitted	not_admitted	not_admitted	not_admitted
NZ_CP128980.1	MPF_F	IncFIA;IncFIB(AP001918);IncFII	156	0	0	GA	0															not_admitted	not_admitted	not_admitted	not_admitted	not_admitted	not_admitted	not_admitted	not_admitted	not_admitted	not_admitted	1	85;83540;84532;-;371.9	74;75769;77145;-;376.7	79;78732;79322;-;214.8	88;85541;88168;-;306.4	73;72950;75772;-;387.7	97;92176;93603;-;94.7	88;85541;88168;-;99.7	99;94318;94884;-;182.5	84;82893;83531;-;68.4	83;81088;82896;-;268.3	70;69201;71417;-;391.7	93;90637;91152;-;76.7	70;69201;71417;-;70.3	A	9/9	contiguous	25117	1	1	72449..72928-;159;TraS;0
NZ_CP128982.1	MPF_T	IncN	62	0	0	GA	1	18;14266;15000;+;32.5		21;15643;15960;+;63.3	22;15960;18560;+;113.8	22;15960;18560;+;76.4	23;18578;19291;+;105.5	25;19542;20582;+;142.4		26;20801;21499;+;131.9	27;21510;22394;+;159.7	28;22394;23554;+;156.3	29;23596;24591;+;81.2	38;32585;34114;-;38.5		pfam	both	A	7/7	canonical	1	0	unscoreable	11	0	0														not_admitted	not_admitted	not_admitted	not_admitted	not_admitted	not_admitted	not_admitted
NZ_CP129022.1	MPF_T	-	276	0	0	GA	0															not_admitted	not_admitted	not_admitted	not_admitted	not_admitted	not_admitted	not_admitted	not_admitted	not_admitted	not_admitted	1	92;75327;76412;+;273.2	114;93701;95185;+;242.5	113;92668;93726;+;195.1	88;70735;73224;+;241.0	115;95200;98358;+;264.6	85;67629;69017;+;105.3	88;70735;73224;+;122.1	83;65764;66354;+;81.3	91;74032;75330;+;55.8	117;98870;101506;+;133.7	77;61235;63184;+;21.4	86;69020;69553;+;71.3	77;61235;63184;+;36.8	A	9/9	contiguous	37635	0	1	
NZ_CP129023.1	MPF_F	-	130	0	0	GA	0															not_admitted	not_admitted	not_admitted	not_admitted	not_admitted	not_admitted	not_admitted	not_admitted	not_admitted	not_admitted	1	93;74392;75447;+;268.3	105;86855;88264;+;229.6	104;85808;86839;+;213.0	89;69913;72399;+;207.3	106;88284;91517;+;215.1	86;67197;68489;+;118.0	89;69913;72399;+;112.0	84;65546;66199;+;92.3	92;73172;74392;+;46.7	108;91990;94761;+;119.1	78;61153;63066;+;20.5	87;68506;69018;+;68.8	78;61153;63066;+;24.6	A	9/9	contiguous	30837	0	1	
NZ_CP129207.1	MPF_F	IncFIB(S);IncFII(S);IncFII(pAR0022)	117	0	0	GA	0															not_admitted	not_admitted	not_admitted	not_admitted	not_admitted	not_admitted	not_admitted	not_admitted	not_admitted	not_admitted	1	42;38368;39360;-;366.7	33;31738;33120;-;392.4	36;34152;34901;-;231.0	45;40347;42995;-;314.1	32;28919;31741;-;394.4	53;45528;46949;-;91.5	45;40347;42995;-;97.8	55;47676;48242;-;188.1	40;37418;38056;-;70.6	38;35139;36965;-;271.0	29;24986;27265;-;368.8	50;44207;44722;-;96.7	29;24986;27265;-;67.8	A	9/9	contiguous	22690	1	1	28409..28897-;162;TraS;0
NZ_CP129210.1	MPF_F	IncFIB(S);IncFII(S);IncFII(pAR0022)	117	0	0	GA	0															not_admitted	not_admitted	not_admitted	not_admitted	not_admitted	not_admitted	not_admitted	not_admitted	not_admitted	not_admitted	1	42;38368;39360;-;366.7	33;31738;33120;-;392.4	36;34152;34901;-;231.0	45;40347;42995;-;314.1	32;28919;31741;-;394.4	53;45528;46949;-;91.5	45;40347;42995;-;97.8	55;47676;48242;-;188.1	40;37418;38056;-;70.6	38;35139;36965;-;271.0	29;24986;27265;-;368.8	50;44207;44722;-;96.7	29;24986;27265;-;67.8	A	9/9	contiguous	22690	1	1	28409..28897-;162;TraS;0
NZ_CP129220.1	MPF_F	IncFIB(K)(pCAV1099-114);IncFII(pKP91);IncR;RepB	307	0	0	GA	0															not_admitted	not_admitted	not_admitted	not_admitted	not_admitted	not_admitted	not_admitted	not_admitted	not_admitted	not_admitted	1	144;144976;145968;-;363.2	132;137296;138663;-;383.6	138;140687;141439;-;233.7	147;146994;149633;-;259.1	131;134453;137296;-;345.0	157;153510;154934;-;89.2	147;146994;149633;-;84.3	159;155661;156227;-;168.4	143;144325;144963;-;66.0	142;142311;144266;-;259.2	128;130094;132403;-;393.2	155;152321;152878;-;51.7	128;130094;132403;-;65.8	A	9/9	contiguous	25567	1	1	133909..134442-;177;unnamed;0
NZ_CP129251.1	MPF_T	IncFIB(pECLA);IncFII(pECLA);IncX3	259	0	0	GA	1	71;64394;65038;-;46.4	70;64120;64410;-;73.1	69;61342;64095;-;47.0	69;61342;64095;-;142.4	69;61342;64095;-;73.3	68;60562;61332;-;60.1	66;59228;60283;-;133.2		65;58305;59033;-;119.4	64;57370;58299;-;138.8	63;56159;57373;-;128.3	61;54929;55963;-;65.7	60;53091;54926;-;495.9		pfam	pfam_only	A	7/7	canonical	1	1	unscoreable	2	0	0														not_admitted	not_admitted	not_admitted	not_admitted	not_admitted	not_admitted	not_admitted
NZ_CP129254.1	MPF_F	ColRNAI;IncFIB(AP001918);IncFII;IncFII(pCoo)	116	0	0	GA	0															not_admitted	not_admitted	not_admitted	not_admitted	not_admitted	not_admitted	not_admitted	not_admitted	not_admitted	not_admitted	1	21;16691;17683;-;368.5	6;7621;8994;-;370.1	13;11430;12173;-;233.5	24;18692;20773;-;188.6	5;4802;7624;-;376.8		24;18692;20773;-;98.9		18;15100;15738;-;71.0	15;12437;14287;-;262.7	24;18692;20773;-;22.9			C	7/9	contiguous	13890	1	1	4289..4780-;163;TraS;1
NZ_CP129265.1	MPF_F	IncFIB(AP001918);IncFII(pSE11)	120	0	0	GA	0															not_admitted	not_admitted	not_admitted	not_admitted	not_admitted	not_admitted	not_admitted	not_admitted	not_admitted	not_admitted	1	57;64668;65660;-;357.1	43;56111;57484;-;370.5	50;59918;60661;-;228.4	60;66669;69299;-;304.8	42;53292;56114;-;375.3	70;72965;74395;-;93.4	60;66669;69299;-;99.7	72;75110;75676;-;172.1	55;63441;64079;-;70.1	52;60925;62829;-;262.6	38;48766;51045;-;391.7	66;71325;71840;-;78.2	38;48766;51045;-;70.3	A	9/9	contiguous	26344	1	1	52773..53270-;165;TraS;1
NZ_CP129266.1	-	-	61	0	0	GA	1	12;10143;10748;-;47.0		10;9382;9705;-;36.0	9;6945;9380;-;62.6	9;6945;9380;-;36.2	7;5591;6259;-;26.2	5;4041;5087;-;104.1		3;3094;3840;-;150.6	2;2300;3097;-;166.1	1;1075;2310;-;144.7	0;62;1075;-;111.7	60;40078;42126;-;261.1		pfam	pfam_only	A	7/7	canonical	1	0	unscoreable	5	0	0														not_admitted	not_admitted	not_admitted	not_admitted	not_admitted	not_admitted	not_admitted
NZ_CP129270.1	MPF_F	IncFIB(AP001918);IncFII	130	0	0	GA	0															not_admitted	not_admitted	not_admitted	not_admitted	not_admitted	not_admitted	not_admitted	not_admitted	not_admitted	not_admitted	1	116;110346;111338;+;369.3	125;116397;117773;+;381.0	120;114067;114810;+;230.0	113;106710;109337;+;306.4	126;117770;120592;+;389.0	106;103228;104655;+;94.3	113;106710;109337;+;98.5	104;101947;102513;+;183.3	117;111347;111985;+;68.7	118;111982;113790;+;267.9	129;122126;124297;+;391.8	110;105679;106194;+;77.7	129;122126;124297;+;70.3	A	9/9	contiguous	20179	1	1	120614..121093+;159;TraS;0
NZ_CP129273.1	MPF_F	IncFIB(AP001918);IncFIC(FII)	171	0	0	GA	0															not_admitted	not_admitted	not_admitted	not_admitted	not_admitted	not_admitted	not_admitted	not_admitted	not_admitted	not_admitted	1	45;39471;40463;-;369.3	34;32412;33785;-;378.0	41;35999;36742;-;234.1	48;41472;44099;-;305.4	33;29593;32415;-;389.5	54;46154;47581;-;94.3	48;41472;44099;-;98.5	56;48296;48862;-;183.8	44;38824;39462;-;68.4	43;37019;38827;-;268.4	30;25911;28064;-;391.9	50;44615;45130;-;78.0	30;25911;28064;-;70.4	A	9/9	contiguous	22385	1	1	29080..29571-;163;TraS;0
NZ_CP129274.1	MPF_F	IncFII(pHN7A8);IncX1	109	0	0	GA	0															not_admitted	not_admitted	not_admitted	not_admitted	not_admitted	not_admitted	not_admitted	not_admitted	not_admitted	not_admitted	1	28;21459;22451;+;369.5	41;29284;30657;+;376.8	36;26975;27718;+;234.4	25;17823;20450;+;301.8	42;30654;33470;+;376.7	20;14341;15768;+;94.1	25;17823;20450;+;101.8	18;13060;13626;+;183.8	31;23397;24035;+;70.4	34;24848;26698;+;265.0	46;35771;38023;+;391.7	24;16792;17307;+;78.0	46;35771;38023;+;70.3	A	9/9	contiguous	22711	1	1	33503..34024+;173;unnamed;0
NZ_CP129275.1	MPF_T	IncI2	76	0	0	GA	1	74;59404;59886;+;81.1		59;43523;43807;+;36.6	60;43813;46170;+;58.5	60;43813;46170;+;42.8	47;37429;38070;+;42.8	46;36428;37423;+;128.5		62;46336;47070;+;144.3	63;47067;47837;+;170.5	64;47843;48967;+;154.7	71;56098;57636;+;207.1	66;50057;52015;+;289.6		pfam	pfam_only	A	7/7	rearranged	1	0	unscoreable	17	1	0														not_admitted	not_admitted	not_admitted	not_admitted	not_admitted	not_admitted	not_admitted
NZ_CP129283.1	MPF_F	IncFII	103	0	0	GA	0															not_admitted	not_admitted	not_admitted	not_admitted	not_admitted	not_admitted	not_admitted	not_admitted	not_admitted	not_admitted	1	25;18852;19844;+;369.3	36;26701;28074;+;379.5	31;24122;25111;+;232.0	22;15213;17843;+;303.1	37;28071;30893;+;389.2	14;10517;11944;+;94.1	22;15213;17843;+;97.3	12;9236;9802;+;183.8	28;20795;21433;+;70.1	30;22245;24095;+;264.4	41;33164;35371;+;391.7	18;13066;13581;+;77.9	41;33164;35371;+;70.3	A	9/9	contiguous	23928	1	1	30914..31393+;159;TraS;0
NZ_CP129284.1	MPF_F	IncFII(pHN7A8)	91	0	0	GA	0															not_admitted	not_admitted	not_admitted	not_admitted	not_admitted	not_admitted	not_admitted	not_admitted	not_admitted	not_admitted	1	17;12770;13762;+;369.5	30;20595;21968;+;376.8	25;18286;19029;+;234.4	14;9134;11761;+;301.8	31;21965;24781;+;376.7	9;5652;7079;+;94.1	14;9134;11761;+;101.8	7;4371;4937;+;183.8	20;14708;15346;+;70.4	23;16159;18009;+;265.0	35;27082;29298;+;391.7	13;8103;8618;+;78.0	35;27082;29298;+;70.3	A	9/9	contiguous	22711	1	1	24814..25335+;173;unnamed;0
NZ_CP129285.1	MPF_T	IncI2	84	0	0	GA	1	81;59322;59804;+;81.1		67;43461;43745;+;36.5	68;43751;46108;+;59.8	68;43751;46108;+;45.0	56;37251;37898;+;41.6	55;36259;37245;+;120.4		69;46272;47006;+;144.3	70;47003;47773;+;169.8	71;47763;48902;+;154.7	78;56015;57553;+;207.1	73;49992;51950;+;287.0		pfam	pfam_only	A	7/7	rearranged	1	0	unscoreable	15	0	0														not_admitted	not_admitted	not_admitted	not_admitted	not_admitted	not_admitted	not_admitted
NZ_CP129346.1	MPF_F	IncFIB(AP001918);IncFII	130	0	0	GA	0															not_admitted	not_admitted	not_admitted	not_admitted	not_admitted	not_admitted	not_admitted	not_admitted	not_admitted	not_admitted	1	126;121380;122372;+;369.3	5;2288;3664;+;381.0	0;111;701;+;212.5	123;117744;120371;+;306.4	6;3661;6483;+;389.0	116;114262;115689;+;94.3	123;117744;120371;+;98.5	114;112981;113547;+;183.3	127;122381;123019;+;68.7	128;123016;124824;+;267.9	9;8017;10188;+;391.8	120;116713;117228;+;77.7	9;8017;10188;+;70.3	A	9/9	split_2	122905	1	1	6505..6984+;159;TraS;0
NZ_CP129349.1	MPF_F	ColRNAI;IncFIB(AP001918);IncFII(pHN7A8)	144	0	0	GA	0															not_admitted	not_admitted	not_admitted	not_admitted	not_admitted	not_admitted	not_admitted	not_admitted	not_admitted	not_admitted	1	141;128481;129473;+;357.1	10;6204;7577;+;370.1	4;3251;3994;+;234.2	138;124842;127472;+;304.3	11;7574;10417;+;376.9	128;119746;121176;+;93.4	138;124842;127472;+;99.0	126;118465;119031;+;172.1	0;46;612;+;70.6	2;1083;2987;+;262.9	15;12658;14883;+;391.4	132;122301;122816;+;75.3	15;12658;14883;+;70.3	A	9/9	split_2	128435	1	1	10439..10930+;163;TraS;1
NZ_CP129385.1	MPF_F	IncFII(SARC14);IncFII(p14)	116	0	0	GA	0															not_admitted	not_admitted	not_admitted	not_admitted	not_admitted	not_admitted	not_admitted	not_admitted	not_admitted	not_admitted	1	101;87177;88178;+;355.1	106;92048;93409;+;334.4	104;90632;91411;+;197.0	98;83524;86115;+;219.6	107;93411;96308;+;294.5	93;80519;81880;+;83.7	98;83524;86115;+;88.7	91;79239;79802;+;145.8	102;88189;88809;+;80.0	103;88806;90635;+;256.0	110;97948;100197;+;376.3	97;82900;83514;+;49.4	110;97948;100197;+;67.3	A	9/9	contiguous	18709	1	1	96320..96880+;186;unnamed;0
NZ_CP129388.1	MPF_F	IncFIC(FII)	57	0	0	GA	0															not_admitted	not_admitted	not_admitted	not_admitted	not_admitted	not_admitted	not_admitted	not_admitted	not_admitted	not_admitted	1	33;24861;25853;+;369.3	44;31539;32912;+;378.0	37;28582;29325;+;234.1	30;21225;23852;+;305.4	45;32909;35731;+;389.5	24;17743;19170;+;94.3	30;21225;23852;+;98.5	22;16462;17028;+;183.8	34;25862;26500;+;68.4	35;26497;28305;+;268.4	48;37260;39413;+;391.9	28;20194;20709;+;78.4	48;37260;39413;+;70.4	A	9/9	contiguous	20798	1	1	35753..36244+;163;TraS;0
NZ_CP129404.1	MPF_F	IncFIB(K);IncFIB(pKPHS1);IncFII(K)	361	0	0	GA	0															not_admitted	not_admitted	not_admitted	not_admitted	not_admitted	not_admitted	not_admitted	not_admitted	not_admitted	not_admitted	1	117;106451;107440;-;363.3	106;99265;100632;-;383.5	110;101890;102642;-;233.7	121;108897;111536;-;259.0	105;96443;99265;-;346.5	132;115504;116928;-;88.0	121;108897;111536;-;88.7	134;117655;118221;-;167.9	115;105528;106175;-;66.9	114;103514;105469;-;259.7	101;91513;93825;-;392.8	129;114308;114892;-;53.8	101;91513;93825;-;65.9	A	9/9	contiguous	26142	1	1	95818..96420-;200;TraS;0
NZ_CP129498.1	MPF_T	IncC;IncHI1B(pNDM-CIT)	291	1	0	GA	1	284;262834;263367;+;34.1	156;145123;145506;+;86.7	157;145503;145775;+;32.1	158;145787;148237;+;42.3	158;145787;148237;+;138.4	159;148234;148971;+;223.0	161;149307;150671;+;179.3		162;150701;151405;+;232.3	163;151402;152394;+;224.4	164;152397;153677;+;204.5	155;144059;145126;+;117.4	153;141586;143601;+;346.4		conjscan	conjscan_only	A	7/7	canonical	1	0	unscoreable	3	0	1	80;73671;74378;+;214.6	280;256386;257819;+;339.2	279;255356;256384;+;221.7	63;52269;54827;+;140.5	281;257832;261446;+;375.3	164;152397;153677;+;204.5	63;52269;54827;+;73.7		78;71670;73178;+;62.3		153;141586;143601;+;105.6		153;141586;143601;+;99.4	C	6/9	split_3	205563	0	0	
NZ_CP129499.1	MPF_F	IncFIB(pB171);IncFII(pECLA);repE(pEh60-7)	345	0	0	GA	0															not_admitted	not_admitted	not_admitted	not_admitted	not_admitted	not_admitted	not_admitted	not_admitted	not_admitted	not_admitted	1	240;203119;204105;+;368.4	248;208818;210188;+;376.7	244;206852;207601;+;218.2	237;199495;202125;+;285.5	249;210188;213010;+;336.5	288;251261;252577;-;135.0	48;42418;45027;-;100.0	229;194790;195356;+;169.9	241;204122;204751;+;66.9	242;204748;206601;+;257.4	252;214346;216538;+;384.8	287;250686;251264;-;100.2	23;21438;24005;-;71.3	A	9/9	split_4	229823	1	1	213032..213463+;143;TraS;0
NZ_CP129510.1	MPF_F	IncFII(Yp);IncFII(pAR0022)	81	0	0	GA	0															not_admitted	not_admitted	not_admitted	not_admitted	not_admitted	not_admitted	not_admitted	not_admitted	not_admitted	not_admitted	1	63;50441;51427;+;368.4	70;55750;57123;+;375.9	67;54201;54950;+;218.5	60;46817;49447;+;285.5	71;57123;59945;+;336.5	54;43395;44789;+;89.8	60;46817;49447;+;98.6	52;42112;42678;+;169.9	64;51444;52073;+;66.7	65;52070;53950;+;260.6	74;61630;63840;+;384.8	55;44811;45350;+;65.3	74;61630;63840;+;63.9	A	9/9	contiguous	19518	1	1	59964..60461+;165;TraS;0
NZ_CP129511.1	MPF_F	IncFII(pECLA);repE(pEh60-7)	108	0	0	GA	0															not_admitted	not_admitted	not_admitted	not_admitted	not_admitted	not_admitted	not_admitted	not_admitted	not_admitted	not_admitted	1	83;63556;64554;+;358.7	92;69791;71155;+;366.6	86;67041;67823;+;213.0	73;56725;59334;+;223.4	93;71155;74445;+;308.6	69;53817;55226;+;97.0	73;56725;59334;+;104.6	67;52487;53068;+;94.6	84;64565;65188;+;63.4	85;65185;67044;+;213.3	97;76637;79216;+;347.1	71;55923;56477;+;45.1	97;76637;79216;+;71.1	A	9/9	contiguous	24150	1	1	74447..75136+;229;unnamed;0
NZ_CP129516.1	MPF_F	IncFII(pECLA);repE(pEh60-7)	177	0	0	GA	0															not_admitted	not_admitted	not_admitted	not_admitted	not_admitted	not_admitted	not_admitted	not_admitted	not_admitted	not_admitted	1	157;140658;141656;+;360.7	166;146890;148254;+;367.1	160;144143;144925;+;213.5	149;134653;137262;+;212.8	167;148254;151574;+;311.5	142;130956;132359;+;90.2	149;134653;137262;+;100.0	140;129626;130207;+;102.3	158;141667;142290;+;63.3	159;142287;144146;+;214.7	174;155675;158242;+;366.1	147;133866;134405;+;42.9	174;155675;158242;+;71.3	A	9/9	contiguous	26049	1	1	151587..152183+;198;unnamed;0
NZ_CP129631.1	MPF_F	IncHI2;IncHI2A	353	0	0	GA	0															not_admitted	not_admitted	not_admitted	not_admitted	not_admitted	not_admitted	not_admitted	not_admitted	not_admitted	not_admitted	1	308;271706;272764;-;276.9	100;85239;86654;+;194.1	99;84203;85249;+;173.7	325;292337;295018;-;168.0	101;86663;90613;+;101.6	329;297348;298703;-;80.7	325;292337;295018;-;72.2	332;300427;301215;-;74.8	310;272906;274417;-;62.7	307;268499;271687;-;58.3	93;75078;77162;-;56.7	326;295027;295977;-;46.4	93;75078;77162;-;38.8	A	9/9	split_2	225349	0	1	
NZ_CP129673.1	-	-	190	0	0	GA	0															not_admitted	not_admitted	not_admitted	not_admitted	not_admitted	not_admitted	not_admitted	not_admitted	not_admitted	not_admitted	1	73;64500;65516;+;325.3	103;93114;94511;+;311.5	102;92065;93105;+;198.6	68;59347;61797;+;289.4	104;94517;97960;+;299.5	64;55996;57345;+;132.0	68;59347;61797;+;122.3	62;54319;55008;+;86.0	71;62589;63824;+;63.3	74;65525;68218;+;141.2	58;50758;52626;+;38.3	65;57396;58052;+;89.2	58;50758;52626;+;49.5	A	9/9	split_2	43759	0	1	
NZ_CP129693.1	MPF_F	IncC	210	0	0	GA	0															not_admitted	not_admitted	not_admitted	not_admitted	not_admitted	not_admitted	not_admitted	not_admitted	not_admitted	not_admitted	1	119;95175;96182;-;332.9	36;24528;25961;-;339.2	37;25963;26991;-;221.7	124;98934;101381;-;354.5	35;20901;24515;-;375.3	189;159730;160890;-;156.3	124;98934;101381;-;128.3	131;111151;111777;-;92.7	121;96847;98112;-;67.9	118;92261;95059;-;145.3	140;115587;117452;-;47.3	128;108362;108940;-;100.2	140;115587;117452;-;52.0	A	9/9	split_3	138829	0	1	
NZ_CP129695.1	MPF_F	IncFIB(K);IncFII(K)	217	0	0	GA	0															not_admitted	not_admitted	not_admitted	not_admitted	not_admitted	not_admitted	not_admitted	not_admitted	not_admitted	not_admitted	1	31;30996;31985;-;363.3	20;23810;25177;-;378.7	24;26435;27187;-;236.4	35;33442;36081;-;259.0	19;20967;23810;-;342.9	46;40048;41472;-;88.8	35;33442;36081;-;87.6	48;42199;42765;-;167.9	29;30073;30720;-;67.2	28;28059;30014;-;259.5	15;16070;18382;-;392.8	43;38852;39436;-;53.8	15;16070;18382;-;65.9	A	9/9	contiguous	26129	1	1	20432..20956-;174;unnamed;0
NZ_CP129697.1	MPF_F	IncFIB(pQil);IncFII(K)	133	0	0	GA	0															not_admitted	not_admitted	not_admitted	not_admitted	not_admitted	not_admitted	not_admitted	not_admitted	not_admitted	not_admitted	1	122;108384;109373;+;366.6	132;114920;116287;+;381.2	128;112910;113662;+;233.7	118;104302;106941;+;258.5		110;99621;101045;+;88.8	118;104302;106941;+;88.7	108;98328;98894;+;169.3	123;109386;110024;+;67.0	124;110083;112038;+;259.7	4;3337;5646;+;393.2	111;101159;101743;+;55.4	4;3337;5646;+;65.8	B	8/9	split_2	111583	0	1	
NZ_CP129698.1	MPF_F	IncFII(pBK30683);repB(R1701)	124	0	0	GA	0															not_admitted	not_admitted	not_admitted	not_admitted	not_admitted	not_admitted	not_admitted	not_admitted	not_admitted	not_admitted	1	43;45425;46414;-;366.0	33;38511;39878;-;384.0	37;41136;41888;-;233.7	47;47871;50510;-;258.5	32;35662;38511;-;346.4	53;53340;54764;-;89.2	47;47871;50510;-;88.7	55;55491;56057;-;169.3	42;44774;45412;-;67.0	41;42760;44715;-;259.7	28;30886;33198;-;390.0	52;52683;53267;-;54.5	28;30886;33198;-;64.0	A	9/9	contiguous	24605	1	1	35126..35659-;177;unnamed;0
NZ_CP129699.1	MPF_F	IncFIB(pNDM-Mar);IncHI1B(pNDM-MAR)	297	0	0	GA	0															not_admitted	not_admitted	not_admitted	not_admitted	not_admitted	not_admitted	not_admitted	not_admitted	not_admitted	not_admitted	1	50;50748;51785;+;282.3	121;118362;119771;+;190.4	120;117335;118372;+;175.6	38;37199;39916;+;149.6	122;119773;123741;+;121.3	34;33716;35086;+;65.6	38;37199;39916;+;85.2	31;31210;32070;+;79.0	49;49390;50751;+;68.3	51;51795;54980;+;59.6	113;108010;110136;-;57.7	37;36417;37154;+;56.9	113;108010;110136;-;41.0	A	9/9	split_2	88563	0	1	
NZ_CP129707.1	MPF_T	IncFII(pHN7A8);IncR	140	0	0	GA	1	98;76269;77003;-;32.5		95;75309;75626;-;63.3	94;72709;75309;-;113.8	94;72709;75309;-;76.4	93;71978;72691;-;105.5	91;70687;71727;-;142.4		90;69770;70468;-;131.9	89;68875;69759;-;159.7	88;67715;68875;-;156.3	87;66678;67673;-;81.2	78;57155;58684;+;38.5		pfam	both	A	7/7	canonical	1	0	unscoreable	11	0	0														not_admitted	not_admitted	not_admitted	not_admitted	not_admitted	not_admitted	not_admitted
NZ_CP129708.1	MPF_F	IncC	179	0	0	GA	0															not_admitted	not_admitted	not_admitted	not_admitted	not_admitted	not_admitted	not_admitted	not_admitted	not_admitted	not_admitted	1	99;78666;79673;+;332.9			94;73467;75914;+;354.5		33;17674;18834;+;156.3	94;73467;75914;+;128.3	87;63071;63697;+;92.7	97;76736;78001;+;67.9	100;79789;82587;+;145.3	78;57396;59261;+;47.3	90;65908;66486;+;100.2	78;57396;59261;+;52.0	C	6/9	split_2	62115	0	1	
NZ_CP129712.1	MPF_F	IncC	180	0	0	GA	0															not_admitted	not_admitted	not_admitted	not_admitted	not_admitted	not_admitted	not_admitted	not_admitted	not_admitted	not_admitted	1	141;108154;109161;-;332.9			146;111913;114360;-;354.5		28;25196;26356;-;156.3	146;111913;114360;-;128.3	153;124130;124756;-;92.7	143;109826;111091;-;67.9	140;105240;108038;-;145.3	162;128566;130431;-;47.3	150;121341;121919;-;100.2	162;128566;130431;-;52.0	C	6/9	split_2	103370	0	1	
NZ_CP129713.1	MPF_T	IncFII(pHN7A8);IncR	141	0	0	GA	1	99;76556;77290;-;32.5		96;75596;75913;-;63.3	95;72996;75596;-;113.8	95;72996;75596;-;76.4	94;72265;72978;-;105.5	92;70974;72014;-;142.4		91;70057;70755;-;131.9	90;69162;70046;-;159.7	89;68002;69162;-;156.3	88;66965;67960;-;81.2	79;57442;58971;+;38.5		pfam	both	A	7/7	canonical	1	0	unscoreable	11	0	0														not_admitted	not_admitted	not_admitted	not_admitted	not_admitted	not_admitted	not_admitted
NZ_CP129719.1	MPF_F	IncC	211	0	0	GA	0															not_admitted	not_admitted	not_admitted	not_admitted	not_admitted	not_admitted	not_admitted	not_admitted	not_admitted	not_admitted	1	180;151642;152649;+;332.9	39;38276;39709;+;339.2	38;37246;38274;+;221.7	175;146443;148890;+;354.5	40;39722;43336;+;375.3	97;75621;76781;+;156.3	175;146443;148890;+;128.3	168;136047;136673;+;92.7	178;149712;150977;+;67.9	181;152765;155563;+;145.3	159;130372;132237;+;47.3	171;138884;139462;+;100.2	159;130372;132237;+;52.0	A	9/9	split_3	115519	0	1	
NZ_CP129720.1	MPF_F	IncFIB(K);IncFII(K)	169	0	0	GA	0															not_admitted	not_admitted	not_admitted	not_admitted	not_admitted	not_admitted	not_admitted	not_admitted	not_admitted	not_admitted	1	49;34921;35913;+;366.6	59;41364;42734;+;381.2	55;39410;40162;+;232.4	46;31256;33895;+;258.7	60;42734;45583;+;344.2	37;26017;27441;+;89.2	46;31256;33895;+;88.8	35;24724;25290;+;167.0	50;35926;36564;+;67.0	51;36561;38567;+;259.0	64;47397;49706;+;393.2	39;28053;28622;+;49.7	64;47397;49706;+;65.8	A	9/9	contiguous	22673	1	1	45586..46116+;176;unnamed;0
NZ_CP129722.1	MPF_F	IncC	210	0	0	GA	0															not_admitted	not_admitted	not_admitted	not_admitted	not_admitted	not_admitted	not_admitted	not_admitted	not_admitted	not_admitted	1	98;83867;84874;-;332.9	28;20481;21914;-;339.2	29;21916;22944;-;221.7	103;87626;90073;-;354.5	27;16854;20468;-;375.3	180;159736;160896;-;156.3	103;87626;90073;-;128.3	110;99843;100469;-;92.7	100;85539;86804;-;67.9	97;80953;83751;-;145.3	119;104279;106144;-;47.3	107;97054;97632;-;100.2	119;104279;106144;-;52.0	A	9/9	split_3	142882	0	1	
NZ_CP129723.1	MPF_F	IncFIB(K);IncFII(K)	169	0	0	GA	0															not_admitted	not_admitted	not_admitted	not_admitted	not_admitted	not_admitted	not_admitted	not_admitted	not_admitted	not_admitted	1	49;34864;35856;+;366.6	59;41307;42677;+;381.2	55;39353;40105;+;232.4	46;31199;33838;+;258.7	60;42677;45526;+;344.2	37;25960;27384;+;89.2	46;31199;33838;+;88.8	35;24667;25233;+;167.0	50;35869;36507;+;67.0	51;36504;38510;+;259.0	64;47340;49649;+;393.2	39;27996;28565;+;49.7	64;47340;49649;+;65.8	A	9/9	contiguous	22673	1	1	45529..46059+;176;unnamed;0
NZ_CP129728.1	MPF_F	IncFIB(K);IncFII(K)	170	0	0	GA	0															not_admitted	not_admitted	not_admitted	not_admitted	not_admitted	not_admitted	not_admitted	not_admitted	not_admitted	not_admitted	1	49;34898;35890;+;366.6	59;41341;42711;+;381.2	55;39387;40139;+;232.4	46;31233;33872;+;258.7	60;42711;45560;+;344.2	37;25994;27418;+;89.2	46;31233;33872;+;88.8	35;24701;25267;+;167.0	50;35903;36541;+;67.0	51;36538;38544;+;259.0	64;47374;49683;+;393.2	39;28030;28599;+;49.7	64;47374;49683;+;65.8	A	9/9	contiguous	22673	1	1	45563..46093+;176;unnamed;0
NZ_CP129729.1	MPF_F	IncC	211	0	0	GA	0															not_admitted	not_admitted	not_admitted	not_admitted	not_admitted	not_admitted	not_admitted	not_admitted	not_admitted	not_admitted	1	81;72396;73403;-;332.9	10;9017;10450;-;339.2	11;10452;11480;-;221.7	86;76155;78602;-;354.5	9;5390;9004;-;375.3	163;148265;149425;-;156.3	86;76155;78602;-;128.3	93;88372;88998;-;92.7	83;74068;75333;-;67.9	80;69482;72280;-;145.3	102;92808;94673;-;47.3	90;85583;86161;-;100.2	102;92808;94673;-;52.0	A	9/9	split_3	142875	0	1	
NZ_CP129737.1	MPF_F	IncFIB(K);IncFII(K)	169	0	0	GA	0															not_admitted	not_admitted	not_admitted	not_admitted	not_admitted	not_admitted	not_admitted	not_admitted	not_admitted	not_admitted	1	120;113373;114365;-;366.6	110;106552;107922;-;381.2	114;109124;109876;-;232.4	123;115391;118030;-;258.7	109;103703;106552;-;344.2	132;121845;123269;-;89.2	123;115391;118030;-;88.8	134;123996;124562;-;167.0	119;112722;113360;-;67.0	118;110719;112725;-;259.0	105;99580;101889;-;393.2	130;120664;121233;-;49.7	105;99580;101889;-;65.8	A	9/9	contiguous	24416	1	1	103170..103700-;176;unnamed;0
NZ_CP129738.1	MPF_F	IncC	209	0	0	GA	0															not_admitted	not_admitted	not_admitted	not_admitted	not_admitted	not_admitted	not_admitted	not_admitted	not_admitted	not_admitted	1	153;124164;125171;-;332.9	83;60778;62211;-;339.2	84;62213;63241;-;221.7	158;127923;130370;-;354.5	82;57151;60765;-;375.3	25;23697;24857;-;156.3	158;127923;130370;-;128.3	165;140140;140766;-;92.7	155;125836;127101;-;67.9	152;121250;124048;-;145.3	174;144576;146441;-;47.3	162;137351;137929;-;100.2	174;144576;146441;-;52.0	A	9/9	split_3	120879	0	1	
NZ_CP129741.1	MPF_F	IncC	188	0	0	GA	0															not_admitted	not_admitted	not_admitted	not_admitted	not_admitted	not_admitted	not_admitted	not_admitted	not_admitted	not_admitted	1	46;35148;36155;-;332.9			51;38907;41354;-;354.5		116;99589;100749;-;156.3	51;38907;41354;-;128.3	58;51124;51750;-;92.7	48;36820;38085;-;67.9	45;32234;35032;-;145.3	67;55560;57425;-;47.3	55;48335;48913;-;100.2	67;55560;57425;-;52.0	C	6/9	split_2	67355	0	1	
NZ_CP129746.1	MPF_F	IncC	186	0	0	GA	0															not_admitted	not_admitted	not_admitted	not_admitted	not_admitted	not_admitted	not_admitted	not_admitted	not_admitted	not_admitted	1	28;29113;30120;+;332.9			23;23914;26361;+;354.5		144;113223;114383;+;156.3	23;23914;26361;+;128.3	16;13518;14144;+;92.7	26;27183;28448;+;67.9	29;30236;33034;+;145.3	7;7843;9708;+;47.3	19;16355;16933;+;100.2	7;7843;9708;+;52.0	C	6/9	split_2	105380	0	1	
NZ_CP129748.1	MPF_F	repFIB;repHI5B	284	0	0	GA	0															not_admitted	not_admitted	not_admitted	not_admitted	not_admitted	not_admitted	not_admitted	not_admitted	not_admitted	not_admitted	1	130;106910;107947;+;282.2	241;207361;208803;-;188.4	242;208760;209797;-;172.4	119;93324;96041;+;143.5	240;203421;207386;-;117.7	115;89834;91201;+;63.7	119;93324;96041;+;80.6	112;87319;88179;+;73.9	129;105552;106913;+;71.7	131;107962;111138;+;58.7	251;218092;220218;+;62.0	118;92538;93275;+;56.3	251;218092;220218;+;39.7	A	9/9	split_2	130773	0	1	
NZ_CP129749.1	MPF_F	IncFIB(K);IncU	221	0	0	GA	0															not_admitted	not_admitted	not_admitted	not_admitted	not_admitted	not_admitted	not_admitted	not_admitted	not_admitted	not_admitted	1	19;21481;22470;-;366.6	9;14567;15934;-;380.5	13;17192;17944;-;233.7	23;23927;26566;-;258.5	8;11718;14567;-;346.4	30;29394;30818;-;88.1	23;23927;26566;-;88.7	32;31545;32111;-;167.9	18;20830;21468;-;66.9	17;18816;20771;-;259.7	1;5883;8192;-;393.1	29;28737;29321;-;54.3	1;5883;8192;-;66.6	A	9/9	contiguous	25662	1	1	11185..11715-;176;unnamed;0
NZ_CP129752.1	MPF_F	IncC	187	0	0	GA	0															not_admitted	not_admitted	not_admitted	not_admitted	not_admitted	not_admitted	not_admitted	not_admitted	not_admitted	not_admitted	1	33;32058;33065;+;332.9	110;98945;100378;+;339.2	107;96609;97631;+;221.6	28;26859;29306;+;354.5	111;100391;104005;+;375.3	167;136298;137458;+;156.3	28;26859;29306;+;128.3	21;16463;17089;+;92.7	31;30128;31393;+;67.9	34;33181;35979;+;145.3	12;10788;12653;+;47.3	24;19300;19878;+;100.2	12;10788;12653;+;52.0	A	9/9	split_3	125510	0	1	
NZ_CP129753.1	MPF_F	IncFII	100	0	0	GA	0															not_admitted	not_admitted	not_admitted	not_admitted	not_admitted	not_admitted	not_admitted	not_admitted	not_admitted	not_admitted	1	52;40210;41202;+;369.5	62;46981;48354;+;381.7	57;44308;45051;+;234.4	49;36571;39201;+;304.1	63;48351;51173;+;374.0	41;31718;33169;+;94.2	49;36571;39201;+;96.8	39;30437;31003;+;174.3	54;41546;42184;+;68.6	55;42181;44031;+;266.1	70;56031;58328;+;391.0	44;34029;34544;+;78.4	70;56031;58328;+;70.2	A	9/9	contiguous	25594	1	1	51195..51674+;159;TraS;0
NZ_CP129760.1	MPF_F	IncC	211	0	0	GA	0															not_admitted	not_admitted	not_admitted	not_admitted	not_admitted	not_admitted	not_admitted	not_admitted	not_admitted	not_admitted	1	178;144609;145616;-;332.9	108;81213;82646;-;339.2	109;82648;83676;-;221.7	183;148368;150815;-;354.5	107;77586;81200;-;375.3	50;44132;45292;-;156.3	183;148368;150815;-;128.3	190;160585;161211;-;92.7	180;146281;147546;-;67.9	177;141695;144493;-;145.3	199;165021;166886;-;47.3	187;157796;158374;-;100.2	199;165021;166886;-;52.0	A	9/9	split_3	120889	0	1	
NZ_CP129761.1	MPF_F	IncFIB(K);IncFII(K)	179	0	0	GA	0															not_admitted	not_admitted	not_admitted	not_admitted	not_admitted	not_admitted	not_admitted	not_admitted	not_admitted	not_admitted	1	169;153074;154066;-;366.6	159;146253;147623;-;381.2	163;148825;149577;-;232.4	172;155092;157731;-;258.7	158;143404;146253;-;344.2	2;1407;2831;-;89.2	172;155092;157731;-;88.8	4;3558;4124;-;167.0	168;152423;153061;-;67.0	167;150420;152426;-;259.0	154;139281;141590;-;393.2	0;226;795;-;49.7	154;139281;141590;-;65.8	A	9/9	split_2	154866	1	1	142871..143401-;176;unnamed;0
NZ_CP129765.1	MPF_F	IncC	271	0	0	GA	0															not_admitted	not_admitted	not_admitted	not_admitted	not_admitted	not_admitted	not_admitted	not_admitted	not_admitted	not_admitted	1	207;169654;170661;+;332.9	71;56279;57712;+;339.2	70;55249;56277;+;221.7	202;164455;166902;+;354.5	72;57725;61186;+;375.4	128;93632;94792;+;156.3	202;164455;166902;+;128.3	195;154059;154685;+;92.7	205;167724;168989;+;67.9	208;170777;173575;+;145.3	186;148384;150249;+;47.3	198;156896;157474;+;100.2	186;148384;150249;+;52.0	A	9/9	split_3	115528	0	1	
NZ_CP129766.1	MPF_F	IncFIB(K);IncFII(K)	150	0	0	GA	0															not_admitted	not_admitted	not_admitted	not_admitted	not_admitted	not_admitted	not_admitted	not_admitted	not_admitted	not_admitted	1	35;40114;41106;-;366.6	25;33293;34663;-;381.2	29;35865;36617;-;232.4	38;42132;44771;-;258.7	24;30444;33293;-;344.2	47;48586;50010;-;89.2	38;42132;44771;-;88.8	49;50737;51303;-;167.0	34;39463;40101;-;67.0	33;37460;39466;-;259.0	20;26321;28630;-;393.2	45;47405;47974;-;49.7	20;26321;28630;-;65.8	A	9/9	contiguous	24416	1	1	29911..30441-;176;unnamed;0
NZ_CP129771.1	-	-	710	0	0	GA	0															not_admitted	not_admitted	not_admitted	not_admitted	not_admitted	not_admitted	not_admitted	not_admitted	not_admitted	not_admitted	1	293;298934;299875;-;196.9			303;309466;312240;-;282.8	290;295627;297156;-;224.8		303;309466;312240;-;29.2				319;321212;323311;-;35.0		319;321212;323311;-;46.7	D	3/9	contiguous	25585	0	0	
NZ_CP129772.1	MPF_F	IncC	224	0	0	GA	0															not_admitted	not_admitted	not_admitted	not_admitted	not_admitted	not_admitted	not_admitted	not_admitted	not_admitted	not_admitted	1	153;127450;128457;+;332.9			148;122251;124698;+;354.2		95;83695;84855;-;156.3	148;122251;124698;+;128.6	32;28849;29475;-;92.1	151;125520;126785;+;67.6	154;128573;131368;+;145.3	41;33285;35150;-;47.4	29;26060;26638;-;100.2	41;33285;35150;-;52.0	C	6/9	split_3	102513	0	1	
NZ_CP129776.1	MPF_F	IncFIB(K);IncFII(K)	169	0	0	GA	0															not_admitted	not_admitted	not_admitted	not_admitted	not_admitted	not_admitted	not_admitted	not_admitted	not_admitted	not_admitted	1	49;34980;35972;+;366.6	59;41423;42793;+;381.2	55;39469;40221;+;232.4	46;31315;33954;+;258.7	60;42793;45642;+;344.2	37;26076;27500;+;89.2	46;31315;33954;+;88.8	35;24783;25349;+;167.0	50;35985;36623;+;67.0	51;36620;38626;+;259.0	64;47456;49765;+;393.2	39;28112;28681;+;49.7	64;47456;49765;+;65.8	A	9/9	contiguous	22673	1	1	45645..46175+;176;unnamed;0
NZ_CP129778.1	MPF_F	IncC	210	0	0	GA	0															not_admitted	not_admitted	not_admitted	not_admitted	not_admitted	not_admitted	not_admitted	not_admitted	not_admitted	not_admitted	1	199;165166;166173;+;332.9	59;51790;53223;+;339.2	58;50760;51788;+;221.7	194;159967;162414;+;354.5	60;53236;56850;+;375.3	117;89144;90304;+;156.3	194;159967;162414;+;128.3	187;149571;150197;+;92.7	197;163236;164501;+;67.9	200;166289;169087;+;145.3	178;143896;145761;+;47.3	190;152408;152986;+;100.2	178;143896;145761;+;52.0	A	9/9	split_3	115529	0	1	
NZ_CP129780.1	MPF_F	IncFIB(K);IncFII(K)	169	0	0	GA	0															not_admitted	not_admitted	not_admitted	not_admitted	not_admitted	not_admitted	not_admitted	not_admitted	not_admitted	not_admitted	1	55;41595;42587;+;366.6	65;48038;49408;+;381.2	61;46084;46836;+;232.4	52;37930;40569;+;258.7	66;49408;52257;+;344.2	43;32691;34115;+;89.2	52;37930;40569;+;88.8	41;31398;31964;+;167.0	56;42600;43238;+;67.0	57;43235;45241;+;259.0	70;54071;56380;+;393.2	45;34727;35296;+;49.7	70;54071;56380;+;65.8	A	9/9	contiguous	22673	1	1	52260..52790+;176;unnamed;0
NZ_CP129782.1	MPF_F	IncC	211	0	0	GA	0															not_admitted	not_admitted	not_admitted	not_admitted	not_admitted	not_admitted	not_admitted	not_admitted	not_admitted	not_admitted	1	129;103694;104701;+;332.9	199;166654;168087;+;339.2	198;165624;166652;+;221.7	124;98495;100942;+;354.5	201;168615;171728;+;218.0	47;27672;28832;+;156.3	124;98495;100942;+;128.3	117;88099;88725;+;92.7	127;101764;103029;+;67.9	130;104817;107615;+;145.3	108;82424;84289;+;47.3	120;90936;91514;+;100.2	108;82424;84289;+;52.0	A	9/9	split_3	140943	0	1	
NZ_CP129787.1	MPF_F	IncC	209	0	0	GA	0															not_admitted	not_admitted	not_admitted	not_admitted	not_admitted	not_admitted	not_admitted	not_admitted	not_admitted	not_admitted	1	86;77201;78208;-;332.9	16;13815;15248;-;339.2	17;15250;16278;-;221.7	91;80960;83407;-;354.5	15;10188;13802;-;375.3	168;153070;154230;-;156.3	91;80960;83407;-;128.3	98;93177;93803;-;92.7	88;78873;80138;-;67.9	85;74287;77085;-;145.3	107;97613;99478;-;47.3	95;90388;90966;-;100.2	107;97613;99478;-;52.0	A	9/9	split_3	142882	0	1	
NZ_CP129788.1	MPF_F	IncFIB(K);IncFII(K)	170	0	0	GA	0															not_admitted	not_admitted	not_admitted	not_admitted	not_admitted	not_admitted	not_admitted	not_admitted	not_admitted	not_admitted	1	49;34883;35875;+;366.6	60;41325;42695;+;381.2	56;39371;40123;+;232.4	46;31218;33857;+;258.7	61;42695;45544;+;344.2	37;25979;27403;+;89.2	46;31218;33857;+;88.8	35;24686;25252;+;167.0	50;35888;36526;+;67.0	52;37056;38528;+;260.1	65;47358;49667;+;393.2	39;28015;28584;+;49.7	65;47358;49667;+;65.8	A	9/9	contiguous	22672	1	1	45547..46077+;176;unnamed;0
NZ_CP129791.1	MPF_F	IncFIB(K);IncFII(K)	245	0	0	GA	0															not_admitted	not_admitted	not_admitted	not_admitted	not_admitted	not_admitted	not_admitted	not_admitted	not_admitted	not_admitted	1	55;57341;58330;-;363.3	44;50155;51522;-;382.2	48;52780;53532;-;236.4	59;59787;62426;-;259.0	43;47312;50155;-;342.9	70;66393;67817;-;88.8	59;59787;62426;-;87.6	72;68544;69110;-;167.9	53;56418;57065;-;65.9	52;54404;56359;-;259.5	39;42415;44727;-;392.8	67;65197;65781;-;53.8	39;42415;44727;-;65.9	A	9/9	contiguous	26129	1	1	46777..47301-;174;unnamed;0
NZ_CP129793.1	MPF_F	IncC	178	0	0	GA	0															not_admitted	not_admitted	not_admitted	not_admitted	not_admitted	not_admitted	not_admitted	not_admitted	not_admitted	not_admitted	1	130;98450;99457;-;332.9			135;102209;104656;-;354.5		16;15493;16653;-;156.3	135;102209;104656;-;128.3	142;114426;115052;-;92.7	132;100122;101387;-;67.9	129;95536;98334;-;145.3	151;118862;120727;-;47.3	139;111637;112215;-;100.2	151;118862;120727;-;52.0	C	6/9	split_2	103369	0	1	
NZ_CP129795.1	MPF_F	IncC	221	0	0	GA	0															not_admitted	not_admitted	not_admitted	not_admitted	not_admitted	not_admitted	not_admitted	not_admitted	not_admitted	not_admitted	1	45;40278;41285;+;332.9	133;115998;117431;+;339.2	132;114956;115996;+;221.6	40;35079;37526;+;354.5	134;117444;121058;+;375.3	195;155984;157144;+;156.3	40;35079;37526;+;128.3	33;24683;25309;+;92.7	43;38348;39613;+;67.9	46;41401;44199;+;145.3	24;19008;20873;+;47.3	36;27520;28098;+;100.2	24;19008;20873;+;52.0	A	9/9	split_3	136976	0	1	
NZ_CP129796.1	MPF_F	IncFIA(pBK30683);IncFII(pKP91)	109	0	0	GA	0															not_admitted	not_admitted	not_admitted	not_admitted	not_admitted	not_admitted	not_admitted	not_admitted	not_admitted	not_admitted	1	49;47809;48801;-;362.9	36;38851;40218;-;382.8	40;41476;42228;-;226.5	52;49827;52466;-;260.8	35;36008;38851;-;340.4	62;56291;57715;-;88.9	52;49827;52466;-;83.9	64;58442;59008;-;168.4	45;45131;45778;-;66.0	44;43117;45072;-;257.4	31;31242;33542;-;392.7	60;55087;55659;-;54.6	31;31242;33542;-;66.6	A	9/9	contiguous	27200	1	1	35475..36005-;176;unnamed;0
NZ_CP129797.1	MPF_F	IncFIB(K)	226	0	0	GA	0															not_admitted	not_admitted	not_admitted	not_admitted	not_admitted	not_admitted	not_admitted	not_admitted	not_admitted	not_admitted	1	40;28093;29085;+;366.6	52;35313;36683;+;381.2	48;33359;34111;+;232.4	37;24428;27067;+;258.7	53;36683;39532;+;344.2	28;19189;20613;+;89.2	37;24428;27067;+;88.8	26;17896;18462;+;167.0	41;29098;29736;+;67.0	42;29733;31739;+;259.0	60;43058;45367;+;393.1	30;21225;21794;+;49.7	60;43058;45367;+;66.5	A	9/9	contiguous	25162	1	1	39535..40065+;176;unnamed;0
NZ_CP129800.1	MPF_F	IncFIB(K);IncFII(K)	245	0	0	GA	0															not_admitted	not_admitted	not_admitted	not_admitted	not_admitted	not_admitted	not_admitted	not_admitted	not_admitted	not_admitted	1	203;207885;208874;-;363.3	192;200699;202066;-;382.2	196;203324;204076;-;236.4	207;210331;212970;-;259.0	191;197856;200699;-;342.9	218;216937;218361;-;88.8	207;210331;212970;-;87.6	220;219088;219654;-;167.9	201;206962;207609;-;65.9	200;204948;206903;-;259.5	187;192959;195271;-;392.8	215;215741;216325;-;53.8	187;192959;195271;-;65.9	A	9/9	contiguous	26129	1	1	197321..197845-;174;unnamed;0
NZ_CP129801.1	MPF_F	IncC	178	0	0	GA	0															not_admitted	not_admitted	not_admitted	not_admitted	not_admitted	not_admitted	not_admitted	not_admitted	not_admitted	not_admitted	1	177;138830;139465;-;255.0			4;2941;5388;-;354.5		64;55872;57032;-;156.3	4;2941;5388;-;128.3	11;15158;15784;-;92.7	1;854;2119;-;67.9	176;135916;138714;-;145.3	20;19594;21459;-;47.3	8;12369;12947;-;100.2	20;19594;21459;-;52.0	C	6/9	split_3	137976	0	1	
NZ_CP129804.1	MPF_F	IncFIB(pNDM-Mar);IncHI1B(pNDM-MAR);IncQ1	307	0	0	GA	0															not_admitted	not_admitted	not_admitted	not_admitted	not_admitted	not_admitted	not_admitted	not_admitted	not_admitted	not_admitted	1	137;126178;127215;-;282.3	285;254142;255551;+;190.4	284;253115;254152;+;176.7	149;138047;140764;-;149.6	286;255553;259521;+;120.1	153;142877;144247;-;65.6	149;138047;140764;-;85.2	156;145893;146753;-;79.0	138;127212;128573;-;70.0	136;122983;126168;-;59.6	277;243808;245934;-;58.0	150;140809;141546;-;56.9	277;243808;245934;-;39.7	A	9/9	split_2	132570	0	1	
NZ_CP129805.1	MPF_F	IncC	191	0	0	GA	0															not_admitted	not_admitted	not_admitted	not_admitted	not_admitted	not_admitted	not_admitted	not_admitted	not_admitted	not_admitted	1	50;45794;46801;+;332.9	120;108754;110187;+;339.2	119;107724;108752;+;221.7	45;40595;43042;+;354.5	121;110200;113814;+;375.3	178;146108;147268;+;156.3	45;40595;43042;+;128.3	38;30199;30825;+;92.7	48;43864;45129;+;67.9	51;46917;49715;+;145.3	29;24524;26389;+;47.3	41;33036;33614;+;100.2	29;24524;26389;+;52.0	A	9/9	split_3	121584	0	1	
NZ_CP129811.1	MPF_F	IncC	181	0	0	GA	0															not_admitted	not_admitted	not_admitted	not_admitted	not_admitted	not_admitted	not_admitted	not_admitted	not_admitted	not_admitted	1	1;3095;4102;-;332.9			6;6854;9301;-;354.5		67;64395;65555;-;156.3	6;6854;9301;-;128.3	13;19071;19697;-;92.7	3;4767;6032;-;67.9	0;181;2979;-;145.3	22;23507;25372;-;47.3	10;16282;16860;-;100.2	22;23507;25372;-;52.0	C	6/9	split_2	64214	0	1	
NZ_CP129815.1	MPF_F	IncC	183	0	0	GA	0															not_admitted	not_admitted	not_admitted	not_admitted	not_admitted	not_admitted	not_admitted	not_admitted	not_admitted	not_admitted	1	55;50318;51325;+;332.9			50;45119;47566;+;354.5		103;91397;92557;-;156.3	50;45119;47566;+;128.3	43;34723;35349;+;92.7	53;48388;49653;+;67.9	56;51441;54239;+;145.3	34;29048;30913;+;47.3	46;37560;38138;+;100.2	34;29048;30913;+;52.0	C	6/9	split_2	62349	0	1	
NZ_CP129820.1	MPF_F	IncFIB(K);IncFII(K)	175	0	0	GA	0															not_admitted	not_admitted	not_admitted	not_admitted	not_admitted	not_admitted	not_admitted	not_admitted	not_admitted	not_admitted	1	33;22098;23090;+;366.6	43;28607;29974;+;381.2	39;26598;27350;+;232.2	30;18433;21072;+;259.3	44;29974;32823;+;344.4	22;13422;14846;+;89.3	30;18433;21072;+;88.8	20;12129;12695;+;167.0	34;23103;23741;+;67.0	35;23800;25755;+;259.2	47;34636;36945;+;392.7	24;15477;16034;+;52.5	47;34636;36945;+;66.6	A	9/9	contiguous	22507	1	1	32826..33356+;176;unnamed;0
NZ_CP129826.1	MPF_F	IncC;IncFIB(pNDM-Mar);IncHI1B(pNDM-MAR)	454	0	0	GA	0															not_admitted	not_admitted	not_admitted	not_admitted	not_admitted	not_admitted	not_admitted	not_admitted	not_admitted	not_admitted	1	264;216155;217192;+;282.3	107;75894;77327;-;339.2	108;77329;78357;-;221.7	252;202606;205323;+;149.6	106;72267;75881;-;375.3	49;38813;39973;-;156.3	252;202606;205323;+;85.2	245;196617;197477;+;79.0	263;214797;216158;+;70.0	265;217202;220387;+;59.6	127;99556;101682;+;58.0	251;201824;202561;+;56.9	7;3763;5628;-;52.0	A	9/9	split_5	213439	0	1	
NZ_CP129827.1	MPF_F	IncQ1	133	0	0	GA	0															not_admitted	not_admitted	not_admitted	not_admitted	not_admitted	not_admitted	not_admitted	not_admitted	not_admitted	not_admitted	1	47;41502;42509;+;332.9			42;36303;38750;+;354.5		37;27431;28747;+;135.0	42;36303;38750;+;128.3	35;25907;26533;+;92.7	45;39572;40837;+;67.9	48;42625;45423;+;145.3	26;20232;22097;+;47.3	38;28744;29322;+;100.2	26;20232;22097;+;52.0	C	6/9	contiguous	22393	0	1	
NZ_CP129834.1	MPF_F	IncC;IncR	237	0	0	GA	0															not_admitted	not_admitted	not_admitted	not_admitted	not_admitted	not_admitted	not_admitted	not_admitted	not_admitted	not_admitted	1	38;32926;33918;+;369.5	48;39697;41070;+;381.7	43;37024;37767;+;234.4	35;29287;31917;+;304.1	8;5304;8918;-;375.3	190;167265;168425;-;156.3	35;29287;31917;+;97.1	23;21817;22383;+;174.3	40;34262;34900;+;68.6	41;34897;36747;+;266.1	53;46184;48400;+;391.7	107;97944;98522;+;100.2	53;46184;48400;+;70.3	A	9/9	split_3	161961	0	1	
NZ_CP129842.1	MPF_F	IncC	183	0	0	GA	0															not_admitted	not_admitted	not_admitted	not_admitted	not_admitted	not_admitted	not_admitted	not_admitted	not_admitted	not_admitted	1	2;2894;3901;-;332.9			7;6653;9100;-;354.5		67;59584;60744;-;156.3	7;6653;9100;-;128.3	14;18870;19496;-;92.7	4;4566;5831;-;67.9		23;23306;25171;-;47.3	11;16081;16659;-;100.2	23;23306;25171;-;52.0	D	5/9	split_2	56690	0	0	
NZ_CP129850.1	MPF_F	IncFIB(pNDM-Mar);IncHI1B(pNDM-MAR)	330	0	0	GA	0															not_admitted	not_admitted	not_admitted	not_admitted	not_admitted	not_admitted	not_admitted	not_admitted	not_admitted	not_admitted	1	262;237984;239021;-;282.3	85;68968;70377;+;190.4	84;67941;68978;+;176.7	279;253453;256170;-;145.0	86;70379;74287;+;121.7	283;258283;259653;-;63.4	279;253453;256170;-;85.2	286;261299;262159;-;79.0	263;239018;240379;-;69.8	261;234792;237974;-;59.7	77;58610;60736;-;57.8	280;256215;256952;-;56.9	77;58610;60736;-;41.0	A	9/9	split_2	202689	0	1	
NZ_CP129851.1	MPF_F	IncC	178	0	0	GA	0															not_admitted	not_admitted	not_admitted	not_admitted	not_admitted	not_admitted	not_admitted	not_admitted	not_admitted	not_admitted	1	170;127895;128902;-;332.9			175;131654;134101;-;354.5		57;44937;46097;-;156.3	175;131654;134101;-;128.3	4;4223;4849;-;92.7	172;129567;130832;-;67.9	169;124981;127779;-;145.3	13;8659;10524;-;47.3	1;1434;2012;-;100.2	13;8659;10524;-;52.0	C	6/9	split_3	130220	0	1	
NZ_CP129857.1	MPF_F	IncFIB(pNDM-Mar);IncHI1B(pNDM-MAR)	376	0	0	GA	0															not_admitted	not_admitted	not_admitted	not_admitted	not_admitted	not_admitted	not_admitted	not_admitted	not_admitted	not_admitted	1	113;105159;106196;+;282.3	201;187342;188751;-;190.4	202;188741;189778;-;176.7	101;91610;94327;+;149.6	200;183372;187340;-;120.1	97;88127;89497;+;65.6	101;91610;94327;+;85.2	94;85621;86481;+;79.0	112;103801;105162;+;69.9	114;106206;109391;+;59.9	209;196977;199103;+;57.7	100;90828;91565;+;56.9	209;196977;199103;+;41.0	A	9/9	split_2	111356	0	1	
NZ_CP129858.1	MPF_F	IncFIB(K);IncFII(K)	227	0	0	GA	0															not_admitted	not_admitted	not_admitted	not_admitted	not_admitted	not_admitted	not_admitted	not_admitted	not_admitted	not_admitted	1	182;181994;182983;-;363.3	171;174808;176175;-;378.7	175;177433;178185;-;236.4	186;184440;187079;-;258.5	170;171965;174808;-;342.9	192;189554;190978;-;89.3	186;184440;187079;-;88.7	194;191705;192271;-;167.8	180;181071;181718;-;65.9	179;179057;181012;-;259.5	166;167068;169380;-;392.8	191;188898;189482;-;54.9	166;167068;169380;-;65.9	A	9/9	contiguous	24637	1	1	171430..171954-;174;unnamed;0
NZ_CP129859.1	MPF_T	IncX5	57	0	0	GA	1	11;7071;7715;+;36.9	12;7699;7989;+;69.0	13;8011;10770;+;42.6	13;8011;10770;+;132.2	13;8011;10770;+;70.5	14;10778;11527;+;54.3	16;11806;12861;+;135.2		17;13101;13829;+;120.9	18;13834;14763;+;134.2	19;14760;15971;+;136.9	20;15983;17026;+;64.1	21;17029;18864;+;504.8		pfam	pfam_only	A	7/7	canonical	1	1	unscoreable	1	0	0														not_admitted	not_admitted	not_admitted	not_admitted	not_admitted	not_admitted	not_admitted
NZ_CP129872.1	MPF_F	IncC;IncHI1B(pNDM-MAR);IncR	457	0	0	GA	0															not_admitted	not_admitted	not_admitted	not_admitted	not_admitted	not_admitted	not_admitted	not_admitted	not_admitted	not_admitted	1	55;41079;42071;+;369.5	65;47850;49223;+;381.7	60;45177;45920;+;234.4	52;37440;40070;+;304.1	346;300307;303921;+;375.3	402;336214;337374;+;156.3	52;37440;40070;+;97.1	39;29970;30536;+;174.3	316;270613;271974;-;69.9	58;43050;44900;+;266.1	202;174332;176458;+;57.7	411;348453;349031;-;100.2	423;355678;357543;-;52.0	A	9/9	split_5	325708	0	1	
NZ_CP129873.1	MPF_T	-	674	0	0	GA	1	640;697861;699477;+;83.2	178;167880;168173;+;74.1	179;168186;169586;+;49.1	179;168186;169586;+;136.9	179;168186;169586;+;32.3		180;169594;170319;+;90.4		182;170537;171220;+;194.2	183;171220;172125;+;153.4	184;172169;173431;+;144.7	185;173421;174446;+;66.1	189;176244;178103;+;23.6		none	none	A	7/7	canonical	0	1	unscoreable	4	0	0														not_admitted	not_admitted	not_admitted	not_admitted	not_admitted	not_admitted	not_admitted
NZ_CP129956.1	MPF_F	IncFII(pECLA);repE(pEh60-7)	238	0	0	GA	0															not_admitted	not_admitted	not_admitted	not_admitted	not_admitted	not_admitted	not_admitted	not_admitted	not_admitted	not_admitted	1	31;35275;36273;-;364.2	22;28674;30038;-;359.5	28;32027;32809;-;215.0	39;39631;42240;-;214.8	21;25276;28674;-;305.9	47;44853;46256;-;90.2	39;39631;42240;-;103.5	49;47005;47586;-;100.9	30;34638;35264;-;64.3	29;32806;34641;-;222.5	17;20664;23219;-;360.8	41;42488;43030;-;46.9	17;20664;23219;-;72.7	A	9/9	contiguous	26341	1	1	24585..25274-;229;unnamed;0
NZ_CP129983.1	MPF_F	IncFIB(K)(pCAV1099-114);IncFII(pKP91)	151	0	0	GA	0															not_admitted	not_admitted	not_admitted	not_admitted	not_admitted	not_admitted	not_admitted	not_admitted	not_admitted	not_admitted	1	85;109357;110346;-;363.3	74;101932;103299;-;384.9	80;105323;106075;-;236.3	89;111789;114428;-;258.7	73;99083;101932;-;341.9	99;118418;119842;-;90.9	89;111789;114428;-;89.1	101;120569;121135;-;169.1	84;108706;109344;-;64.4	83;106692;108647;-;259.7	70;94961;97267;-;393.1	97;117237;117806;-;52.6	70;94961;97267;-;66.6	A	9/9	contiguous	25608	1	1	98550..99080-;176;unnamed;0
NZ_CP129996.1	-	-	71	0	0	GA	1	14;11476;12183;-;34.4		12;10748;11146;-;24.6	11;8350;10794;-;71.6		9;7438;8106;-;50.6	7;6116;7081;-;120.6		6;4968;5783;-;140.4	5;4150;4971;-;146.6	3;2528;3874;-;140.2	2;1222;2517;-;61.2	70;50186;51355;-;147.4		pfam	pfam_only	A	7/7	canonical	1	0	unscoreable	4	0	0														not_admitted	not_admitted	not_admitted	not_admitted	not_admitted	not_admitted	not_admitted
NZ_CP130062.1	MPF_F	IncFIA;IncFIB(AP001918);IncFII(pHN7A8)	183	0	0	GA	0															not_admitted	not_admitted	not_admitted	not_admitted	not_admitted	not_admitted	not_admitted	not_admitted	not_admitted	not_admitted	1	105;89535;90527;+;369.5	115;96306;97679;+;381.7	110;93633;94376;+;234.4	102;85896;88526;+;297.8	116;97676;99655;+;374.8	93;80801;82252;+;93.8	102;85896;88526;+;98.7	91;79520;80086;+;174.3	107;90871;91509;+;68.6	108;91506;93356;+;267.6	44;35455;37680;+;391.7	97;83356;83871;+;81.1	44;35455;37680;+;70.3	A	9/9	split_2	62221	0	1	
NZ_CP130074.1	MPF_F	IncFIB(AP001918);IncFIC(FII)	160	0	0	GA	0															not_admitted	not_admitted	not_admitted	not_admitted	not_admitted	not_admitted	not_admitted	not_admitted	not_admitted	not_admitted	1	86;81976;82968;-;369.3	76;75302;76678;-;381.0	82;78504;79247;-;235.0	89;83977;86607;-;303.5	75;72480;75305;-;389.2	97;89630;91057;-;94.7	89;83977;86607;-;98.5	99;91772;92338;-;183.8	85;81329;81967;-;68.7	84;79524;81332;-;268.0	72;68824;70977;-;391.8	94;88231;88746;-;76.4	72;68824;70977;-;70.4	A	9/9	contiguous	22948	1	1	71974..72483-;169;unnamed;0
NZ_CP130077.1	MPF_F	IncFIB(AP001918);IncFIC(FII)	164	0	0	GA	0															not_admitted	not_admitted	not_admitted	not_admitted	not_admitted	not_admitted	not_admitted	not_admitted	not_admitted	not_admitted	1	90;81969;82961;-;369.3	80;75295;76671;-;381.0	86;78497;79240;-;235.0	93;83970;86600;-;303.5	79;72473;75298;-;389.2	101;89623;91050;-;94.7	93;83970;86600;-;98.5	103;91765;92331;-;183.8	89;81322;81960;-;68.7	88;79517;81325;-;268.0	76;68817;70970;-;391.8	98;88224;88739;-;76.4	76;68817;70970;-;70.4	A	9/9	contiguous	22948	1	1	71967..72476-;169;unnamed;0
NZ_CP130084.1	MPF_F	IncFIB(AP001918);IncFIC(FII)	161	0	0	GA	0															not_admitted	not_admitted	not_admitted	not_admitted	not_admitted	not_admitted	not_admitted	not_admitted	not_admitted	not_admitted	1	87;81976;82968;-;369.3	77;75302;76678;-;381.0	83;78504;79247;-;235.0	90;83977;86607;-;303.5	76;72480;75305;-;389.2	98;89630;91057;-;94.7	90;83977;86607;-;98.5	100;91772;92338;-;183.8	86;81329;81967;-;68.7	85;79524;81332;-;268.0	73;68824;70977;-;391.8	95;88231;88746;-;76.4	73;68824;70977;-;70.4	A	9/9	contiguous	22948	1	1	71974..72483-;169;unnamed;0
NZ_CP130092.1	MPF_F	IncFIB(AP001918);IncFIC(FII)	160	0	0	GA	0															not_admitted	not_admitted	not_admitted	not_admitted	not_admitted	not_admitted	not_admitted	not_admitted	not_admitted	not_admitted	1	86;80930;81922;-;369.3	76;74256;75632;-;381.0	82;77458;78201;-;235.0	89;82931;85561;-;303.5	75;71434;74259;-;389.2	97;88584;90011;-;94.7	89;82931;85561;-;98.5	99;90726;91292;-;183.8	85;80283;80921;-;68.7	84;78478;80286;-;268.0	72;67778;69931;-;391.8	94;87185;87700;-;76.4	72;67778;69931;-;70.4	A	9/9	contiguous	22948	1	1	70928..71437-;169;unnamed;0
NZ_CP130097.1	MPF_F	IncFIB(AP001918);IncFIC(FII)	161	0	0	GA	0															not_admitted	not_admitted	not_admitted	not_admitted	not_admitted	not_admitted	not_admitted	not_admitted	not_admitted	not_admitted	1	87;81980;82972;-;369.3	77;75306;76682;-;381.0	83;78508;79251;-;235.0	90;83981;86611;-;303.5	76;72484;75309;-;389.2	98;89634;91061;-;94.7	90;83981;86611;-;98.5	100;91776;92342;-;183.8	86;81333;81971;-;68.7	85;79528;81336;-;268.0	73;68828;70981;-;391.8	95;88235;88750;-;76.4	73;68828;70981;-;70.4	A	9/9	contiguous	22948	1	1	71978..72487-;169;unnamed;0
NZ_CP130104.1	MPF_F	IncFIB(AP001918);IncFIC(FII)	161	0	0	GA	0															not_admitted	not_admitted	not_admitted	not_admitted	not_admitted	not_admitted	not_admitted	not_admitted	not_admitted	not_admitted	1	87;81986;82978;-;369.3	77;75312;76688;-;381.0	83;78514;79257;-;235.0	90;83987;86617;-;303.5	76;72490;75315;-;389.2	98;89640;91067;-;94.7	90;83987;86617;-;98.5	100;91782;92348;-;183.8	86;81339;81977;-;68.7	85;79534;81342;-;268.0	73;68825;70987;-;391.8	95;88241;88756;-;76.4	73;68825;70987;-;70.4	A	9/9	contiguous	22957	1	1	71984..72493-;169;unnamed;0
NZ_CP130107.1	MPF_F	IncFIB(AP001918);IncFIC(FII)	161	0	0	GA	0															not_admitted	not_admitted	not_admitted	not_admitted	not_admitted	not_admitted	not_admitted	not_admitted	not_admitted	not_admitted	1	87;81980;82972;-;369.3	77;75306;76682;-;381.0	83;78508;79251;-;235.0	90;83981;86611;-;303.5	76;72484;75309;-;389.2	98;89634;91061;-;94.7	90;83981;86611;-;98.5	100;91776;92342;-;183.8	86;81333;81971;-;68.7	85;79528;81336;-;268.0	73;68828;70981;-;391.8	95;88235;88750;-;76.4	73;68828;70981;-;70.4	A	9/9	contiguous	22948	1	1	71978..72487-;169;unnamed;0
NZ_CP130110.1	MPF_F	IncFIB(AP001918);IncFIC(FII)	161	0	0	GA	0															not_admitted	not_admitted	not_admitted	not_admitted	not_admitted	not_admitted	not_admitted	not_admitted	not_admitted	not_admitted	1	87;81980;82972;-;369.3	77;75306;76682;-;381.0	83;78508;79251;-;235.0	90;83981;86611;-;303.5	76;72484;75309;-;389.2	98;89634;91061;-;94.7	90;83981;86611;-;98.5	100;91776;92342;-;183.8	86;81333;81971;-;68.7	85;79528;81336;-;268.0	73;68828;70981;-;391.8	95;88235;88750;-;76.4	73;68828;70981;-;70.4	A	9/9	contiguous	22948	1	1	71978..72487-;169;unnamed;0
NZ_CP130113.1	MPF_F	IncFIB(AP001918);IncFIC(FII)	162	0	0	GA	0															not_admitted	not_admitted	not_admitted	not_admitted	not_admitted	not_admitted	not_admitted	not_admitted	not_admitted	not_admitted	1	88;81981;82973;-;369.3	78;75307;76683;-;381.0	84;78509;79252;-;235.0	91;83982;86612;-;303.5	77;72485;75310;-;389.2	99;89635;91062;-;94.7	91;83982;86612;-;98.5	101;91777;92343;-;183.8	87;81334;81972;-;68.7	86;79529;81337;-;268.0	74;68829;70982;-;391.8	96;88236;88751;-;76.4	74;68829;70982;-;70.4	A	9/9	contiguous	22948	1	1	71979..72488-;169;unnamed;0
NZ_CP130116.1	MPF_F	IncFIB(AP001918);IncFIC(FII)	161	0	0	GA	0															not_admitted	not_admitted	not_admitted	not_admitted	not_admitted	not_admitted	not_admitted	not_admitted	not_admitted	not_admitted	1	87;81980;82972;-;369.3	77;75306;76682;-;381.0	83;78508;79251;-;235.0	90;83981;86611;-;303.5	76;72484;75309;-;389.2	98;89634;91061;-;94.7	90;83981;86611;-;98.5	100;91776;92342;-;183.8	86;81333;81971;-;68.7	85;79528;81336;-;268.0	73;68828;70981;-;391.8	95;88235;88750;-;76.4	73;68828;70981;-;70.4	A	9/9	contiguous	22948	1	1	71978..72487-;169;unnamed;0
NZ_CP130127.1	MPF_F	IncFIB(AP001918);IncFIC(FII)	161	0	0	GA	0															not_admitted	not_admitted	not_admitted	not_admitted	not_admitted	not_admitted	not_admitted	not_admitted	not_admitted	not_admitted	1	87;81980;82972;-;369.3	77;75306;76682;-;381.0	83;78508;79251;-;235.0	90;83981;86611;-;303.5	76;72484;75309;-;389.2	98;89634;91061;-;94.7	90;83981;86611;-;98.5	100;91776;92342;-;183.8	86;81333;81971;-;68.7	85;79528;81336;-;268.0	73;68828;70981;-;391.8	95;88235;88750;-;76.4	73;68828;70981;-;70.4	A	9/9	contiguous	22948	1	1	71978..72487-;169;unnamed;0
NZ_CP130154.1	MPF_F	IncU;repFIB;repHI5B	401	0	0	GA	0															not_admitted	not_admitted	not_admitted	not_admitted	not_admitted	not_admitted	not_admitted	not_admitted	not_admitted	not_admitted	1	57;51312;52349;-;282.2	260;236405;237847;+;188.4	259;235411;236448;+;172.4	68;63218;65935;-;143.5	261;237822;241787;+;117.7	72;68058;69425;-;63.7	68;63218;65935;-;80.6	75;71080;71940;-;73.9	58;52346;53707;-;71.7	56;48121;51297;-;58.7	252;226056;228182;-;62.0	69;65984;66721;-;56.3	252;226056;228182;-;39.7	A	9/9	split_2	189701	0	1	
NZ_CP130157.1	MPF_F	IncHI2;IncHI2A	212	0	0	GA	0															not_admitted	not_admitted	not_admitted	not_admitted	not_admitted	not_admitted	not_admitted	not_admitted	not_admitted	not_admitted	1	145;129479;130537;+;276.9			129;106727;109408;+;168.0		125;103042;104397;+;80.7	129;106727;109408;+;72.2	122;100530;101318;+;74.8	143;127826;129337;+;62.0	146;130556;133744;+;57.3		128;105768;106718;+;46.1		C	6/9	split_2	30026	0	1	
NZ_CP130158.1	MPF_F	IncFII(pHN7A8)	85	0	0	GA	0															not_admitted	not_admitted	not_admitted	not_admitted	not_admitted	not_admitted	not_admitted	not_admitted	not_admitted	not_admitted	1	69;63281;64273;-;369.5	56;55075;56448;-;376.8	61;58014;58757;-;234.4	72;65282;67909;-;301.8	55;52262;55078;-;389.2	77;69964;71391;-;94.1	72;65282;67909;-;100.7	79;72106;72672;-;183.8	66;61697;62335;-;70.4	63;59034;60884;-;265.0	51;47727;49961;-;391.7	73;68425;68940;-;78.0	51;47727;49961;-;70.3	A	9/9	contiguous	24379	1	1	51708..52229-;173;unnamed;0
NZ_CP130160.1	MPF_T	IncX1	63	0	0	GA	1	31;26324;26971;-;42.8	30;26050;26346;-;77.5	29;24514;26031;-;47.6	29;24514;26031;-;148.0	29;24514;26031;-;77.1							25;20685;21560;-;76.7	24;18847;20682;-;487.4		none	none	D	3/7	uncallable	0	1	unscoreable	3	0	0														not_admitted	not_admitted	not_admitted	not_admitted	not_admitted	not_admitted	not_admitted
NZ_CP130275.1	MPF_F	IncFIB(AP001918);IncFIC(FII)	164	0	0	GA	0															not_admitted	not_admitted	not_admitted	not_admitted	not_admitted	not_admitted	not_admitted	not_admitted	not_admitted	not_admitted	1	90;83307;84299;-;369.3	80;76633;78009;-;381.0	86;79835;80578;-;235.0	93;85308;87938;-;303.5	79;73811;76636;-;389.2	101;90961;92388;-;94.7	93;85308;87938;-;98.5	103;93103;93669;-;183.8	89;82660;83298;-;68.7	88;80855;82663;-;268.0	76;70155;72308;-;391.8	98;89562;90077;-;76.4	76;70155;72308;-;70.4	A	9/9	contiguous	22948	1	1	73305..73814-;169;unnamed;0
NZ_CP130557.1	MPF_T	IncI2(Delta)	82	0	0	GA	1	70;48509;48991;-;81.1		3;3485;3769;-;36.5	2;1122;3479;-;58.4	2;1122;3479;-;44.3	15;9852;10493;-;42.9	16;10499;11494;-;130.5		0;222;956;-;143.5	81;60519;60884;-;68.6	80;59390;60529;-;150.4	73;50760;52298;-;207.4	78;56342;58300;-;287.0		pfam	pfam_only	A	7/7	rearranged	1	0	unscoreable	17	1	0														not_admitted	not_admitted	not_admitted	not_admitted	not_admitted	not_admitted	not_admitted
NZ_CP130611.1	-	-	246	0	0	GA	0															not_admitted	not_admitted	not_admitted	not_admitted	not_admitted	not_admitted	not_admitted	not_admitted	not_admitted	not_admitted	1	233;181062;182069;-;244.5	223;168471;170030;+;200.1	222;167452;168471;+;93.5	128;95263;97875;+;106.9	224;170030;173134;+;182.3	126;93272;94759;+;99.3	128;95263;97875;+;131.5	124;92033;92590;+;53.6	232;180100;181077;-;69.5	230;176513;178762;-;54.6	227;173855;175525;-;37.0	127;94764;95261;+;31.6	227;173855;175525;-;38.3	A	9/9	split_2	89029	0	1	
NZ_CP130619.1	MPF_T	IncX1;IncX3	48	0	0	GA	1	28;17820;18467;+;45.5	29;18445;18741;+;76.6	30;18760;21513;+;46.6	30;18760;21513;+;147.9	30;18760;21513;+;75.3	31;21524;22282;+;67.5	33;22520;23653;+;109.2		34;23898;24611;+;120.0	35;24616;25545;+;133.7	36;25542;26747;+;132.5	37;26749;27780;+;76.3	38;27783;29618;+;486.3		pfam	pfam_only	A	7/7	canonical	1	1	unscoreable	1	0	0														not_admitted	not_admitted	not_admitted	not_admitted	not_admitted	not_admitted	not_admitted
NZ_CP130669.1	MPF_T	IncI2(Delta)	145	0	0	GA	1	103;81808;82290;-;81.1		118;97887;98171;-;36.6	117;95524;97881;-;58.5	117;95524;97881;-;44.9	130;104187;104828;-;45.1	131;104834;105832;-;130.8		115;94624;95358;-;144.3	114;93857;94627;-;170.5	113;92728;93867;-;154.7	106;84059;85597;-;208.0	111;89680;91638;-;290.9		pfam	pfam_only	A	7/7	rearranged	1	0	unscoreable	17	0	0														not_admitted	not_admitted	not_admitted	not_admitted	not_admitted	not_admitted	not_admitted
NZ_CP130675.1	MPF_F	IncFIB(pNDM-Mar);IncHI1B(pNDM-MAR)	353	0	0	GA	0															not_admitted	not_admitted	not_admitted	not_admitted	not_admitted	not_admitted	not_admitted	not_admitted	not_admitted	not_admitted	1	97;93663;94700;-;282.3	348;322286;323695;-;190.4	349;323685;324722;-;175.6	110;105531;108248;-;149.6	347;318316;322284;-;121.3	198;180120;181376;+;206.8	110;105531;108248;-;85.2	117;113377;114237;-;79.0	99;95461;96057;-;28.2	96;90468;93653;-;59.6	5;5370;7496;+;57.7	111;108293;109030;-;56.9	5;5370;7496;+;41.0	A	9/9	split_4	318315	0	1	
NZ_CP130677.1	MPF_T	IncX3	58	0	0	GA	1	47;36051;36695;+;46.4	48;36679;36969;+;73.1	49;36994;39747;+;47.0	49;36994;39747;+;142.4	49;36994;39747;+;73.3	50;39757;40527;+;60.1	52;40806;41861;+;133.2		53;42056;42784;+;119.4	54;42790;43719;+;138.8	55;43716;44930;+;128.3	57;45126;46160;+;65.7	0;1;1836;+;495.9		pfam	pfam_only	A	7/7	canonical	1	1	unscoreable	2	0	0														not_admitted	not_admitted	not_admitted	not_admitted	not_admitted	not_admitted	not_admitted
NZ_CP130689.1	MPF_F	IncFII(pHN7A8);IncR	151	0	0	GA	0															not_admitted	not_admitted	not_admitted	not_admitted	not_admitted	not_admitted	not_admitted	not_admitted	not_admitted	not_admitted	1				119;86145;88775;-;301.8		124;90830;92257;-;94.1	119;86145;88775;-;101.5	126;92972;93538;-;183.8			119;86145;88775;-;20.8	120;89291;89806;-;77.6		D	3/9	contiguous	6827	0	0	
NZ_CP130695.1	MPF_F	IncFII(pHN7A8);IncR	150	0	0	GA	0															not_admitted	not_admitted	not_admitted	not_admitted	not_admitted	not_admitted	not_admitted	not_admitted	not_admitted	not_admitted	1				14;9409;12039;+;301.8		9;5927;7354;+;94.1	14;9409;12039;+;101.5	7;4646;5212;+;183.8			14;9409;12039;+;20.8	13;8378;8893;+;77.6		D	3/9	contiguous	4763	0	0	
NZ_CP130702.1	-	-	245	0	0	GA	0															not_admitted	not_admitted	not_admitted	not_admitted	not_admitted	not_admitted	not_admitted	not_admitted	not_admitted	not_admitted	1	141;137733;138743;+;306.4	7;5894;7273;+;218.8	6;4839;5897;+;185.4	137;133106;135589;+;218.6	8;7352;11011;+;210.8	131;123696;125042;+;131.1	137;133106;135589;+;126.8	129;122067;122690;+;114.5	140;136528;137736;+;65.2	142;138763;141585;+;138.7	125;118616;120508;+;32.5	132;125046;125660;+;73.4	125;118616;120508;+;39.7	A	9/9	split_2	133924	1	1	11184..11756+;190;unnamed;0
NZ_CP130707.1	MPF_F	IncFIA;IncFII	135	0	0	GA	0															not_admitted	not_admitted	not_admitted	not_admitted	not_admitted	not_admitted	not_admitted	not_admitted	not_admitted	not_admitted	1	43;37571;38563;+;370.4	52;43625;44998;+;380.7	47;41292;42035;+;233.3	40;33935;36562;+;303.5	53;44995;47814;+;386.2	34;30349;31776;+;91.9	40;33935;36562;+;99.0	32;29068;29634;+;182.9	44;38572;39210;+;64.9	45;39207;41015;+;268.2	56;49346;51571;+;391.7	39;32904;33419;+;76.4	56;49346;51571;+;70.3	A	9/9	contiguous	20278	1	1	47839..48330+;163;TraS;0
NZ_CP130711.1	MPF_F	IncFIA;IncFII	134	0	0	GA	0															not_admitted	not_admitted	not_admitted	not_admitted	not_admitted	not_admitted	not_admitted	not_admitted	not_admitted	not_admitted	1	78;74789;75781;-;370.4	69;68354;69727;-;380.7	74;71317;72060;-;233.3	81;76790;79417;-;303.5	68;65538;68357;-;386.2	87;81576;83003;-;91.9	81;76790;79417;-;99.0	89;83718;84284;-;182.9	77;74142;74780;-;64.9	76;72337;74145;-;268.2	65;61781;64006;-;391.7	82;79933;80448;-;76.4	65;61781;64006;-;70.3	A	9/9	contiguous	21937	1	1	65022..65513-;163;TraS;0
NZ_CP130919.1	MPF_F	IncFII	97	0	0	GA	0															not_admitted	not_admitted	not_admitted	not_admitted	not_admitted	not_admitted	not_admitted	not_admitted	not_admitted	not_admitted	1	82;75699;76691;+;369.5	92;82470;83843;+;381.7	87;79797;80540;+;234.4	79;72060;74690;+;304.1	93;83840;86662;+;374.0	72;67610;69061;+;94.2	79;72060;74690;+;97.1	70;66329;66895;+;174.3	84;77035;77673;+;68.6	85;77670;79520;+;266.1	0;1;2271;+;391.1	75;69921;70436;+;78.4	0;1;2271;+;70.3	A	9/9	split_2	83839	1	1	86684..87163+;159;TraS;0
NZ_CP130922.1	MPF_F	-	99	0	0	GA	0															not_admitted	not_admitted	not_admitted	not_admitted	not_admitted	not_admitted	not_admitted	not_admitted	not_admitted	not_admitted	1	82;56167;57210;+;369.2	87;61189;62616;+;325.8	85;59979;60791;+;219.1	78;51879;54605;+;164.6	88;62632;65634;+;208.7	74;48881;50197;+;102.7	78;51879;54605;+;108.4	72;47590;48168;+;82.6	83;57225;57932;+;107.6	84;57929;59986;+;92.2	52;33098;35257;+;381.4	77;51225;51869;+;41.9	52;33098;35257;+;89.7	A	9/9	contiguous	29534	1	1	65706..66224+;172;unnamed;0
NZ_CP131133.1	MPF_T	-	143	0	0	GA	1		35;28512;28811;-;83.7	34;28165;28506;-;105.4	33;25791;28172;-;173.7	33;25791;28172;-;108.4	32;25093;25791;-;207.8	30;23923;24858;-;159.4		28;22947;23618;-;214.9	27;22096;22950;-;183.9	26;20910;22082;-;182.9	25;19893;20900;-;96.6	121;114246;116165;-;335.1		pfam	both	A	7/7	canonical	1	0	unscoreable	2	0	0														not_admitted	not_admitted	not_admitted	not_admitted	not_admitted	not_admitted	not_admitted
NZ_CP131443.1	MPF_T	-	47	0	0	GA	1		21;18392;18655;-;56.2	20;15611;18379;-;75.0	20;15611;18379;-;177.1	20;15611;18379;-;86.2	15;12645;13631;-;82.7	14;11649;12641;-;112.6		12;10840;11502;-;177.6	11;9956;10843;-;161.3	10;8757;9929;-;166.0	9;7784;8776;-;93.2	8;5972;7783;-;348.4		pfam	pfam_only	A	7/7	canonical	1	1	unscoreable	5	0	0														not_admitted	not_admitted	not_admitted	not_admitted	not_admitted	not_admitted	not_admitted
NZ_CP131617.1	MPF_T	-	47	0	0	GA	1		27;23253;23636;+;70.3	28;23641;23958;+;34.8	29;23955;26519;+;93.3	29;23955;26519;+;98.1	34;29968;30744;+;67.8	35;30958;32586;+;103.1		30;26519;27226;+;143.4	31;27239;28105;+;180.2	33;28516;29955;+;216.1	26;22153;23151;+;132.2	10;9497;11386;-;445.1		conjscan	conjscan_only	A	7/7	canonical	1	0	unscoreable	2	0	0														not_admitted	not_admitted	not_admitted	not_admitted	not_admitted	not_admitted	not_admitted
NZ_CP131623.1	MPF_T	-	47	0	0	GA	1		24;21761;22144;+;70.3	25;22149;22466;+;34.8	26;22463;25027;+;93.3	26;22463;25027;+;98.1	31;28476;29252;+;67.8	32;29466;31094;+;103.1		27;25027;25734;+;143.4	28;25747;26613;+;180.2	30;27024;28463;+;216.1	23;20661;21659;+;132.2	7;8004;9893;-;445.1		conjscan	conjscan_only	A	7/7	canonical	1	0	unscoreable	2	0	0														not_admitted	not_admitted	not_admitted	not_admitted	not_admitted	not_admitted	not_admitted
NZ_CP131627.1	MPF_T	-	48	0	0	GA	1		33;29009;29392;+;70.3	34;29397;29714;+;34.8	35;29711;32275;+;93.3	35;29711;32275;+;98.1	40;35724;36500;+;67.8	41;36714;38342;+;103.1		36;32275;32982;+;143.4	37;32995;33861;+;180.2	39;34272;35711;+;216.1	32;27909;28907;+;132.2	16;15274;17163;-;445.1		conjscan	conjscan_only	A	7/7	canonical	1	0	unscoreable	2	0	0														not_admitted	not_admitted	not_admitted	not_admitted	not_admitted	not_admitted	not_admitted
NZ_CP131633.1	MPF_T	-	48	0	0	GA	1		27;23079;23462;+;70.3	28;23467;23784;+;34.8	29;23781;26345;+;93.3	29;23781;26345;+;98.1	34;29794;30570;+;67.8	35;30783;32411;+;103.1		30;26345;27052;+;143.4	31;27065;27931;+;180.2	33;28342;29781;+;216.1	26;21979;22977;+;132.2	10;9323;11212;-;445.1		conjscan	conjscan_only	A	7/7	canonical	1	0	unscoreable	2	0	0														not_admitted	not_admitted	not_admitted	not_admitted	not_admitted	not_admitted	not_admitted
NZ_CP131639.1	MPF_T	-	44	0	0	GA	1		24;21996;22379;+;70.3	25;22384;22701;+;34.8	26;22698;25262;+;93.3	26;22698;25262;+;98.1	31;28711;29487;+;67.8	32;29722;31329;+;103.2		27;25262;25969;+;143.4	28;25982;26848;+;180.2	30;27259;28698;+;216.1	23;20896;21894;+;132.2	8;8241;10130;-;445.1		conjscan	conjscan_only	A	7/7	canonical	1	0	unscoreable	2	0	0														not_admitted	not_admitted	not_admitted	not_admitted	not_admitted	not_admitted	not_admitted
NZ_CP131642.1	MPF_T	-	46	0	0	GA	1		19;18022;18405;-;70.3		17;15139;17703;-;93.3	17;15139;17703;-;98.1	12;10914;11690;-;67.8	11;9072;10700;-;103.1		16;14432;15139;-;143.4	15;13553;14419;-;177.6	13;11703;13142;-;216.1	20;18507;19517;-;132.2	35;30252;32141;+;445.1		conjscan	conjscan_only	A	7/7	canonical	1	0	unscoreable	3	0	0														not_admitted	not_admitted	not_admitted	not_admitted	not_admitted	not_admitted	not_admitted
NZ_CP131646.1	MPF_T	-	48	0	0	GA	1		44;39458;39841;-;70.3		42;36575;39139;-;93.3	42;36575;39139;-;98.1	37;32350;33126;-;67.8	36;30508;32136;-;103.1		41;35868;36575;-;143.4	40;34989;35855;-;180.2	38;33139;34578;-;216.1	45;39943;40953;-;132.2	13;9685;11574;+;445.1		conjscan	conjscan_only	A	7/7	canonical	1	0	unscoreable	3	0	0														not_admitted	not_admitted	not_admitted	not_admitted	not_admitted	not_admitted	not_admitted
NZ_CP131675.1	MPF_F	IncC;IncFII(pHN7A8);IncR;repB(R1701)	416	0	0	GA	0															not_admitted	not_admitted	not_admitted	not_admitted	not_admitted	not_admitted	not_admitted	not_admitted	not_admitted	not_admitted	1	397;317525;318517;+;369.5	407;324296;325669;+;381.7	402;321623;322366;+;234.4	394;313886;316516;+;304.1	99;67110;70724;-;375.3	40;31172;31588;-;101.4	394;313886;316516;+;97.1	382;306416;306982;+;174.3	399;318861;319499;+;68.6	400;319496;321346;+;266.1	412;330760;333039;+;391.0	389;311344;311859;+;78.4	412;330760;333039;+;70.3	A	9/9	split_3	299588	0	1	
NZ_CP131681.1	MPF_F	IncC	210	0	0	GA	0															not_admitted	not_admitted	not_admitted	not_admitted	not_admitted	not_admitted	not_admitted	not_admitted	not_admitted	not_admitted	1	175;142820;143827;-;332.9	105;79434;80867;-;339.2	106;80869;81897;-;221.7	180;146579;149026;-;354.5	104;75807;79421;-;375.3	47;42353;43513;-;156.3	180;146579;149026;-;128.3	187;158796;159422;-;92.7	177;144492;145757;-;67.9	174;139906;142704;-;145.3	196;163232;165097;-;47.3	184;156007;156585;-;100.2	196;163232;165097;-;52.0	A	9/9	split_3	120879	0	1	
NZ_CP131682.1	MPF_F	IncFIB(K);IncFII(K)	169	0	0	GA	0															not_admitted	not_admitted	not_admitted	not_admitted	not_admitted	not_admitted	not_admitted	not_admitted	not_admitted	not_admitted	1	144;121230;122222;+;366.6	154;127673;129043;+;381.2	150;125719;126471;+;232.4	141;117565;120204;+;258.7	155;129043;131892;+;344.2	132;112326;113750;+;89.2	141;117565;120204;+;88.8	130;111033;111599;+;167.0	145;122235;122873;+;67.0	146;122870;124876;+;259.0	159;133706;136015;+;393.2	134;114362;114931;+;49.7	159;133706;136015;+;65.8	A	9/9	contiguous	22673	1	1	131895..132425+;176;unnamed;0
NZ_CP131688.1	MPF_F	IncFII(pHN7A8)	90	0	0	GA	0															not_admitted	not_admitted	not_admitted	not_admitted	not_admitted	not_admitted	not_admitted	not_admitted	not_admitted	not_admitted	1	65;53656;54648;+;369.3	76;60698;62071;+;381.0	71;58365;59108;+;233.3	62;50020;52647;+;303.5	77;62068;64893;+;389.2	56;46441;47868;+;94.0	62;50020;52647;+;98.5	54;45160;45726;+;183.8	68;55645;56283;+;68.6	69;56280;58088;+;268.0	80;66396;68630;+;391.7	60;48989;49504;+;77.3	80;66396;68630;+;70.3	A	9/9	contiguous	21236	1	1	64890..65399+;169;unnamed;0
NZ_CP131692.1	MPF_F	IncC	223	0	0	GA	0															not_admitted	not_admitted	not_admitted	not_admitted	not_admitted	not_admitted	not_admitted	not_admitted	not_admitted	not_admitted	1	174;145070;146077;+;332.9	32;29035;30468;+;339.2	31;28005;29033;+;221.7	169;139871;142318;+;354.5	33;30481;34095;+;375.3	89;66388;67548;+;156.3	169;139871;142318;+;128.3	162;129475;130101;+;92.7	172;143140;144405;+;67.9	175;146193;148991;+;145.3	153;123800;125665;+;47.3	165;132312;132890;+;100.2	153;123800;125665;+;52.0	A	9/9	split_3	118188	0	1	
NZ_CP131694.1	MPF_T	IncN4	53	0	0	GA	1	13;5385;6125;+;34.9	15;6449;6739;+;45.6	16;6791;7105;+;65.3	17;7105;9735;+;123.6	17;7105;9735;+;87.4	18;9745;10452;+;114.7	20;10711;11754;+;126.7	21;11849;12019;+;41.4	22;12022;12738;+;145.6	23;12741;13628;+;144.4	24;13625;14779;+;172.7	25;14772;15803;+;78.1	30;20211;21788;-;54.8		pfam	both	A	7/7	canonical	1	0	ga	6	0	0														not_admitted	not_admitted	not_admitted	not_admitted	not_admitted	not_admitted	not_admitted
NZ_CP131698.1	MPF_F	IncFIB(pNDM-Mar);IncHI1B(pNDM-MAR)	373	0	0	GA	0															not_admitted	not_admitted	not_admitted	not_admitted	not_admitted	not_admitted	not_admitted	not_admitted	not_admitted	not_admitted	1	312;276009;277046;-;282.3	92;71354;72763;+;190.7	91;70327;71364;+;175.6	324;287878;290595;-;149.6	93;72765;76733;+;121.3	328;292708;294078;-;65.6	324;287878;290595;-;85.2	331;295724;296584;-;79.0	313;277043;278404;-;70.0	311;272814;275999;-;59.6	84;61002;63128;-;57.7	325;290640;291377;-;56.9	84;61002;63128;-;41.0	A	9/9	split_2	234722	0	1	
NZ_CP131702.1	MPF_F	IncC	211	0	0	GA	0															not_admitted	not_admitted	not_admitted	not_admitted	not_admitted	not_admitted	not_admitted	not_admitted	not_admitted	not_admitted	1	140;110897;111904;-;332.9	70;47511;48944;-;339.2	71;48946;49974;-;221.7	145;114656;117103;-;354.5	69;43884;47498;-;375.3	12;10430;11590;-;156.3	145;114656;117103;-;128.3	152;126873;127499;-;92.7	142;112569;113834;-;67.9	139;107983;110781;-;145.3	161;131309;133174;-;47.3	149;124084;124662;-;100.2	161;131309;133174;-;52.0	A	9/9	split_3	120879	0	1	
NZ_CP131703.1	MPF_F	IncFIB(K);IncFII(K)	169	0	0	GA	0															not_admitted	not_admitted	not_admitted	not_admitted	not_admitted	not_admitted	not_admitted	not_admitted	not_admitted	not_admitted	1	144;121230;122222;+;366.6	154;127673;129043;+;381.2	150;125719;126471;+;232.4	141;117565;120204;+;258.7	155;129043;131892;+;344.2	132;112326;113750;+;89.2	141;117565;120204;+;88.8	130;111033;111599;+;167.0	145;122235;122873;+;67.0	146;122870;124876;+;259.0	159;133706;136015;+;393.2	134;114362;114931;+;49.7	159;133706;136015;+;65.8	A	9/9	contiguous	22673	1	1	131895..132425+;176;unnamed;0
NZ_CP131789.1	-	-	67	0	0	GA	1	39;20086;20793;+;33.5		41;21123;21521;+;24.9	42;21475;23919;+;72.0		44;24163;24831;+;51.3	46;25188;26153;+;121.9		47;26486;27301;+;140.4	48;27298;28119;+;146.0	50;28407;29753;+;140.0	51;29764;31059;+;61.6	54;32090;33676;+;262.3		pfam	pfam_only	A	7/7	canonical	1	0	unscoreable	6	0	0														not_admitted	not_admitted	not_admitted	not_admitted	not_admitted	not_admitted	not_admitted
NZ_CP131792.1	MPF_G	-	851	0	0	GA	0															not_admitted	not_admitted	not_admitted	not_admitted	not_admitted	not_admitted	not_admitted	not_admitted	not_admitted	not_admitted	1	614;608988;609926;+;191.7			608;602321;605263;+;278.6	617;611697;613229;+;207.4								595;591812;594043;+;46.2	D	3/9	contiguous	19885	0	0	
NZ_CP131876.1	MPF_T	-	40	0	0	GA	1	25;21972;22685;-;100.6	24;21656;21949;-;39.1		23;18931;21642;-;81.4	23;18931;21642;-;58.4	22;18293;18934;-;69.5						31;26488;27411;-;93.5	27;22949;24469;-;37.3		pfam	both	D	3/7	uncallable	0	0	unscoreable	3	0	0														not_admitted	not_admitted	not_admitted	not_admitted	not_admitted	not_admitted	not_admitted
NZ_CP131887.1	MPF_F	-	98	0	0	GA	0															not_admitted	not_admitted	not_admitted	not_admitted	not_admitted	not_admitted	not_admitted	not_admitted	not_admitted	not_admitted	1	65;46563;47606;-;369.2	60;41157;42584;-;325.8	62;42982;43794;-;219.1	69;49168;51894;-;164.6	59;38139;41141;-;208.7	73;53576;54892;-;102.7	69;49168;51894;-;108.4	75;55605;56183;-;82.0	64;45841;46548;-;107.6	63;43787;45844;-;92.2	93;66744;68903;-;381.4	70;51904;52548;-;41.9	93;66744;68903;-;89.7	A	9/9	contiguous	28605	1	1	37549..38067-;172;unnamed;0
NZ_CP131891.1	MPF_F	-	99	0	0	GA	0															not_admitted	not_admitted	not_admitted	not_admitted	not_admitted	not_admitted	not_admitted	not_admitted	not_admitted	not_admitted	1	72;53921;54964;-;369.2	67;48515;49942;-;325.8	69;50340;51152;-;219.1	76;56526;59252;-;164.6	66;45497;48499;-;208.7	80;60934;62250;-;102.7	76;56526;59252;-;108.4	82;62963;63541;-;82.0	71;53199;53906;-;107.6	70;51145;53202;-;92.2	2;3306;5465;-;381.4	77;59262;59906;-;41.9	2;3306;5465;-;89.7	A	9/9	split_2	59657	1	1	44907..45425-;172;unnamed;0
NZ_CP131895.1	MPF_F	-	119	0	0	GA	0															not_admitted	not_admitted	not_admitted	not_admitted	not_admitted	not_admitted	not_admitted	not_admitted	not_admitted	not_admitted	1	99;70584;71627;+;369.2	104;75606;77033;+;325.8	102;74396;75208;+;219.1	95;66296;69022;+;164.6	105;77049;80051;+;208.7	91;63298;64614;+;102.7	95;66296;69022;+;108.4	89;62007;62585;+;82.6	100;71642;72349;+;107.6	101;72346;74403;+;92.2	53;32470;34629;+;381.4	94;65642;66286;+;41.9	53;32470;34629;+;89.7	A	9/9	split_2	44579	1	1	80123..80641+;172;unnamed;0
NZ_CP131899.1	MPF_F	-	118	0	0	GA	0															not_admitted	not_admitted	not_admitted	not_admitted	not_admitted	not_admitted	not_admitted	not_admitted	not_admitted	not_admitted	1	78;60497;61540;-;369.2	73;55091;56518;-;325.8	75;56916;57728;-;219.1	82;63102;65828;-;164.6	72;52073;55075;-;208.7	86;67510;68826;-;102.7	82;63102;65828;-;108.4	89;69499;70077;-;82.6	77;59775;60482;-;107.6	76;57721;59778;-;92.2	7;9966;12125;-;381.4	83;65838;66482;-;41.9	7;9966;12125;-;89.7	A	9/9	split_2	59533	1	1	51483..52001-;172;unnamed;0
NZ_CP131907.1	MPF_F	IncFIB(K);IncFII(K)	233	0	0	GA	0															not_admitted	not_admitted	not_admitted	not_admitted	not_admitted	not_admitted	not_admitted	not_admitted	not_admitted	not_admitted	1	208;191980;192972;+;366.0	218;198423;199793;+;381.2	214;196469;197221;+;232.4	205;188315;190954;+;258.7	219;199793;202642;+;344.2	196;183076;184500;+;89.2	205;188315;190954;+;88.8	194;181783;182349;+;167.0	209;192985;193623;+;67.0	210;193620;195626;+;259.0	223;204456;206765;+;393.2	198;185112;185681;+;49.7	223;204456;206765;+;65.8	A	9/9	contiguous	22673	1	1	202645..203175+;176;unnamed;0
NZ_CP131908.1	MPF_F	IncC	209	0	0	GA	0															not_admitted	not_admitted	not_admitted	not_admitted	not_admitted	not_admitted	not_admitted	not_admitted	not_admitted	not_admitted	1	73;68438;69445;+;332.9	144;131408;132841;+;339.2	143;130378;131406;+;221.7	68;63239;65686;+;354.5	145;132854;136468;+;375.3	201;168761;169921;+;156.3	68;63239;65686;+;128.3	61;52842;53468;+;92.7	71;66508;67773;+;67.9	74;69561;72359;+;145.3	52;47167;49032;+;47.3	64;55679;56257;+;100.2	52;47167;49032;+;52.0	A	9/9	split_3	121594	0	1	
NZ_CP131910.1	MPF_F	IncFII(K);repB(R1701)	130	0	0	GA	0															not_admitted	not_admitted	not_admitted	not_admitted	not_admitted	not_admitted	not_admitted	not_admitted	not_admitted	not_admitted	1	74;62030;63022;-;366.0	64;55116;56483;-;384.6	68;57741;58493;-;233.7	77;64048;66687;-;258.5	63;52273;55116;-;347.0	83;69168;70592;-;89.3	77;64048;66687;-;88.7	85;71319;71885;-;167.8	73;61379;62017;-;67.0	72;59365;61320;-;259.7	59;47266;49578;-;393.2	82;68511;69095;-;54.9	59;47266;49578;-;65.8	A	9/9	contiguous	24053	1	1	51729..52262-;177;unnamed;0
NZ_CP131917.1	MPF_F	IncFIA;IncFIB(AP001918);IncFII	202	0	0	GA	0															not_admitted	not_admitted	not_admitted	not_admitted	not_admitted	not_admitted	not_admitted	not_admitted	not_admitted	not_admitted	1	141;120144;121136;-;369.3	130;113086;114459;-;380.9	137;116672;117445;-;234.0	144;122145;124772;-;303.5	129;110264;113089;-;385.9	150;126931;128358;-;91.9	144;122145;124772;-;98.5	152;129073;129639;-;182.9	140;119497;120135;-;68.7	139;117692;119500;-;268.0	126;106563;108761;-;391.3	145;125288;125803;-;76.4	126;106563;108761;-;70.4	A	9/9	contiguous	22510	1	1	109758..110267-;169;unnamed;0
NZ_CP131946.1	MPF_F	IncFIB(pNDM-Mar);RepB	255	0	0	GA	0															not_admitted	not_admitted	not_admitted	not_admitted	not_admitted	not_admitted	not_admitted	not_admitted	not_admitted	not_admitted	1	144;137724;138761;-;282.3	60;50167;51579;+;186.7	59;49140;50177;+;173.5	155;149595;152312;-;151.1	61;51554;55525;+;122.0	159;154425;155798;-;61.9	155;149595;152312;-;84.7	162;157444;158304;-;79.2	145;138758;140119;-;70.3	143;134532;137714;-;60.0	52;39815;41941;-;57.9	156;152357;153094;-;59.2	52;39815;41941;-;40.6	A	9/9	split_2	117629	0	1	
NZ_CP131947.1	MPF_F	IncFIB(K);IncFII(K)	251	0	0	GA	0															not_admitted	not_admitted	not_admitted	not_admitted	not_admitted	not_admitted	not_admitted	not_admitted	not_admitted	not_admitted	1	150;155832;156821;-;363.3	139;148646;150013;-;382.2	143;151271;152023;-;236.4	154;158278;160917;-;259.0	138;145803;148646;-;342.9	165;164884;166308;-;88.8	154;158278;160917;-;87.6	167;167035;167601;-;167.9	148;154909;155556;-;65.9	147;152895;154850;-;259.5	134;140906;143218;-;392.8	162;163688;164272;-;53.8	134;140906;143218;-;65.9	A	9/9	contiguous	26129	1	1	145268..145792-;174;unnamed;0
NZ_CP131956.1	MPF_F	IncFIB(K);IncFII(pKP91)	246	0	0	GA	0															not_admitted	not_admitted	not_admitted	not_admitted	not_admitted	not_admitted	not_admitted	not_admitted	not_admitted	not_admitted	1	228;202242;203231;+;363.3	239;209050;210417;+;382.2	235;207040;207792;+;233.7	224;198146;200785;+;259.4	240;210417;213266;+;342.9	214;192760;194184;+;89.2	224;198146;200785;+;88.3	212;191467;192033;+;167.9	230;203507;204154;+;65.9	231;204213;206168;+;259.5		216;194796;195380;+;53.8		A	9/9	contiguous	18950	1	1	213269..213799+;176;unnamed;0
NZ_CP131957.1	MPF_F	IncR	142	0	0	GA	0															not_admitted	not_admitted	not_admitted	not_admitted	not_admitted	not_admitted	not_admitted	not_admitted	not_admitted	not_admitted	1	92;71932;72924;+;369.5	105;79757;81130;+;376.8	100;77448;78191;+;234.4	89;68296;70923;+;301.8	106;81127;83943;+;376.7	84;64814;66241;+;94.1	89;68296;70923;+;101.8	82;63533;64099;+;183.8	95;73870;74508;+;70.4	98;75321;77171;+;265.0	110;86244;88469;+;391.7	88;67265;67780;+;77.6	110;86244;88469;+;70.3	A	9/9	contiguous	22711	1	1	83976..84497+;173;unnamed;0
NZ_CP131959.1	-	IncX6	63	0	0	GA	1	55;36605;37234;+;45.3	56;37252;37545;+;50.5	57;37559;40324;+;58.7	57;37559;40324;+;129.2	57;37559;40324;+;55.1	58;40336;41076;+;110.2	60;41535;42530;+;123.2		62;43863;44549;+;167.1		0;1;1317;+;131.4	2;2360;3391;+;79.6	3;3378;5204;+;384.8		pfam	pfam_only	B	6/7	canonical	1	1	unscoreable	3	0	0														not_admitted	not_admitted	not_admitted	not_admitted	not_admitted	not_admitted	not_admitted
NZ_CP131963.1	MPF_T	ColKP3;IncX3	65	0	0	GA	1	32;25834;26478;-;46.4	31;25560;25850;-;73.1	30;22782;25535;-;47.0	30;22782;25535;-;142.4	30;22782;25535;-;73.3	29;22002;22772;-;60.1	27;20668;21723;-;132.8		26;19745;20473;-;119.4	25;18810;19739;-;138.8	24;17599;18813;-;128.3	22;16369;17403;-;65.7	21;14531;16366;-;495.9		pfam	pfam_only	A	7/7	canonical	1	1	unscoreable	2	0	0														not_admitted	not_admitted	not_admitted	not_admitted	not_admitted	not_admitted	not_admitted
NZ_CP131999.1	MPF_F	IncHI2;IncHI2A	241	0	0	GA	0															not_admitted	not_admitted	not_admitted	not_admitted	not_admitted	not_admitted	not_admitted	not_admitted	not_admitted	not_admitted	1	207;182376;183434;+;276.9			12;10293;12974;+;168.0		8;6608;7963;+;80.7	12;10293;12974;+;72.2	4;2758;3546;+;74.8	205;180723;182234;+;62.7	208;183453;186641;+;58.4		11;9334;10284;+;46.4		C	6/9	split_2	180695	0	1	
NZ_CP132000.1	MPF_F	IncFIB(pB171);IncFII(Yp);IncFII(pAR0022)	137	0	0	GA	0															not_admitted	not_admitted	not_admitted	not_admitted	not_admitted	not_admitted	not_admitted	not_admitted	not_admitted	not_admitted	1	83;74308;75294;-;368.4	75;68225;69595;-;376.7	79;70812;71561;-;218.2	86;76288;78918;-;285.5	74;65403;68225;-;336.5	92;80946;82340;-;90.9	86;76288;78918;-;98.6	94;83057;83623;-;169.9	82;73662;74291;-;66.9	81;71812;73665;-;257.4	71;61857;64067;-;384.8	91;80385;80924;-;64.9	71;61857;64067;-;63.9	A	9/9	contiguous	21200	1	1	64950..65381-;143;TraS;0
NZ_CP132002.1	MPF_T	IncFII(pCRY)	30	0	0	GA	1	24;19166;19876;-;47.6	23;18864;19169;-;73.1	22;16113;18851;-;49.1	22;16113;18851;-;151.1	22;16113;18851;-;32.2	21;15394;16095;-;143.3	19;14076;15146;-;165.1		17;13170;13853;-;196.5	16;12265;13170;-;154.7	15;10977;12221;-;147.2	13;9630;10655;-;66.1	9;6039;7775;-;48.2		pfam	pfam_only	A	7/7	canonical	1	1	unscoreable	6	0	0														not_admitted	not_admitted	not_admitted	not_admitted	not_admitted	not_admitted	not_admitted
NZ_CP132023.1	MPF_T	IncN4	52	0	0	GA	1	18;16432;17172;-;34.8	16;15818;16108;-;45.9	15;15454;15768;-;65.3	14;12824;15454;-;124.9	14;12824;15454;-;86.8	13;12107;12814;-;114.6	11;10805;11848;-;127.4	10;10540;10710;-;41.4	9;9821;10537;-;145.6	8;8931;9818;-;144.4	7;7780;8934;-;174.0	6;6756;7787;-;78.1	1;771;2348;+;50.6		pfam	both	A	7/7	canonical	1	0	ga	6	0	0														not_admitted	not_admitted	not_admitted	not_admitted	not_admitted	not_admitted	not_admitted
NZ_CP132056.1	MPF_T	-	580	0	0	GA	1		334;319426;319725;+;87.8	335;319728;320069;+;105.3	336;320062;322443;+;172.7	336;320062;322443;+;107.5	337;322443;323141;+;209.3	339;323376;324311;+;163.8		341;324617;325288;+;220.9	342;325285;326139;+;185.3	343;326154;327323;+;182.6	344;327332;328339;+;98.9	283;271769;273688;-;326.6		pfam	both	A	7/7	canonical	1	0	unscoreable	2	0	0														not_admitted	not_admitted	not_admitted	not_admitted	not_admitted	not_admitted	not_admitted
NZ_CP132057.1	MPF_T	-	184	0	0	GA	1	89;88527;89264;+;75.2	181;192433;192834;-;74.9	91;89629;89955;+;73.6	92;89955;92324;+;240.3	179;189662;192130;-;122.8	178;188881;189690;-;48.3	176;187476;188663;-;113.0		96;94181;94894;+;176.9	174;185928;186782;-;185.2	172;184127;185440;-;222.0	182;192824;193795;-;133.5	48;45973;47922;-;574.0		conjscan	conjscan_only	A	7/7	uncallable	0	0	unscoreable	11	0	0														not_admitted	not_admitted	not_admitted	not_admitted	not_admitted	not_admitted	not_admitted
NZ_CP132062.1	MPF_F	IncFIB(AP001918);IncFIC(FII)	157	0	0	GA	0															not_admitted	not_admitted	not_admitted	not_admitted	not_admitted	not_admitted	not_admitted	not_admitted	not_admitted	not_admitted	1	119;115587;116579;+;369.3	130;122265;123638;+;378.0	123;119308;120051;+;234.1	116;111951;114578;+;302.9	131;123635;126457;+;389.5	110;108469;109896;+;94.3	116;111951;114578;+;98.5	108;107188;107754;+;183.8	120;116588;117226;+;68.4	121;117223;119031;+;268.4	134;127986;129554;+;352.1	114;110920;111435;+;78.4	134;127986;129554;+;63.1	A	9/9	contiguous	20798	1	1	126479..126970+;163;TraS;0
NZ_CP132064.1	MPF_F	IncFIB(AP001918);IncFII(pSE11)	140	0	0	GA	0															not_admitted	not_admitted	not_admitted	not_admitted	not_admitted	not_admitted	not_admitted	not_admitted	not_admitted	not_admitted	1	127;125218;126210;+;369.3	136;131269;132645;+;381.0	131;128939;129682;+;235.0	124;121579;124209;+;306.8	137;132642;135467;+;388.8	115;116714;118141;+;94.9	124;121579;124209;+;98.5	113;115433;115999;+;183.8	128;126219;126857;+;68.7	129;126854;128662;+;268.0	124;121579;124209;+;22.1	118;119025;119540;+;76.1		A	9/9	contiguous	17209	1	1	135464..135973+;169;unnamed;0
NZ_CP132215.1	MPF_F	-	97	0	0	GA	0															not_admitted	not_admitted	not_admitted	not_admitted	not_admitted	not_admitted	not_admitted	not_admitted	not_admitted	not_admitted	1	85;57871;58914;+;369.2	90;62893;64320;+;325.8	88;61683;62495;+;219.1	81;53583;56309;+;164.6	91;64336;67338;+;208.7	77;50585;51901;+;102.7	81;53583;56309;+;108.4	75;49294;49872;+;82.6	86;58929;59636;+;107.6	87;59633;61690;+;92.2	57;36574;38733;+;381.4	80;52929;53573;+;41.9	57;36574;38733;+;89.7	A	9/9	contiguous	27762	1	1	67410..67928+;172;unnamed;0
NZ_CP132216.1	MPF_F	IncFIB(pNDM-Mar);IncHI1B(pNDM-MAR)	273	0	0	GA	0															not_admitted	not_admitted	not_admitted	not_admitted	not_admitted	not_admitted	not_admitted	not_admitted	not_admitted	not_admitted	1	199;176299;177336;-;282.3	76;58462;59871;+;190.4	75;57435;58472;+;176.7	211;188168;190885;-;149.6	77;59873;63841;+;121.3	215;192998;194368;-;65.6	211;188168;190885;-;85.2	218;196014;196874;-;79.0	200;177333;178694;-;69.9	198;173104;176289;-;59.6	67;48098;50224;-;57.8	212;190930;191667;-;56.9	67;48098;50224;-;41.0	A	9/9	split_2	147916	0	1	
NZ_CP132217.1	MPF_F	IncFII(K);IncQ1;repB(R1701)	172	0	0	GA	0															not_admitted	not_admitted	not_admitted	not_admitted	not_admitted	not_admitted	not_admitted	not_admitted	not_admitted	not_admitted	1	112;101698;102687;-;366.6	102;94784;96151;-;381.8	106;97409;98161;-;233.3	116;104130;106769;-;258.5	101;91935;94784;-;346.2	123;109962;111386;-;89.2	116;104130;106769;-;88.2	125;112113;112679;-;169.3	111;101047;101685;-;66.9	110;99033;100988;-;259.7	97;87161;89473;-;393.1	122;109264;109848;-;53.6	97;87161;89473;-;66.6	A	9/9	contiguous	24952	1	1	91399..91932-;177;unnamed;0
NZ_CP132218.1	MPF_F	IncFIB(K);IncFII(K)	226	0	0	GA	0															not_admitted	not_admitted	not_admitted	not_admitted	not_admitted	not_admitted	not_admitted	not_admitted	not_admitted	not_admitted	1	164;156121;157110;-;363.3	153;148935;150302;-;381.8	157;151560;152312;-;233.3	168;158567;161206;-;255.1	152;146092;148935;-;346.2	99;95637;96974;-;206.6	168;158567;161206;-;88.7	177;166186;166752;-;169.3	162;155198;155845;-;66.3	161;153184;155139;-;259.7	148;141226;143508;-;393.2	174;163378;163962;-;54.5	148;141226;143508;-;65.8	A	9/9	split_2	70549	1	1	145557..146081-;174;unnamed;0
NZ_CP132221.1	MPF_F	IncFIA(HI1);IncFII(K)	157	0	0	GA	0															not_admitted	not_admitted	not_admitted	not_admitted	not_admitted	not_admitted	not_admitted	not_admitted	not_admitted	not_admitted	1	99;82017;83006;+;366.6	109;88528;89895;+;384.3	105;86514;87266;+;235.6	95;77935;80574;+;258.5	110;89895;92744;+;346.4	88;73318;74742;+;89.2	95;77935;80574;+;88.2	86;72025;72591;+;169.3	100;83019;83657;+;67.0	101;83716;85671;+;259.7	114;95206;97518;+;393.2	89;74856;75440;+;53.6	114;95206;97518;+;65.8	A	9/9	contiguous	23181	1	1	92747..93277+;176;unnamed;0
NZ_CP132222.1	MPF_F	IncFIB(pNDM-Mar);IncHI1B(pNDM-MAR);IncR	339	0	0	GA	0															not_admitted	not_admitted	not_admitted	not_admitted	not_admitted	not_admitted	not_admitted	not_admitted	not_admitted	not_admitted	1	270;241415;242452;-;282.3	78;58114;59523;+;190.4	77;57087;58124;+;175.6	282;253284;256001;-;149.6	79;59525;63439;+;120.2	157;134535;135791;-;206.8	282;253284;256001;-;85.2	289;261130;261990;-;79.0	271;242449;243810;-;69.9	269;238223;241405;-;60.1	70;47762;49888;-;57.7	283;256046;256783;-;56.9	70;47762;49888;-;41.0	A	9/9	split_3	213368	0	1	
NZ_CP132224.1	MPF_F	IncFII(K);IncQ1;repB(R1701)	194	0	0	GA	0															not_admitted	not_admitted	not_admitted	not_admitted	not_admitted	not_admitted	not_admitted	not_admitted	not_admitted	not_admitted	1	134;121125;122114;-;363.3	123;113939;115306;-;381.8	127;116564;117316;-;233.3	138;123571;126210;-;256.9	122;111096;113939;-;346.2	145;129039;130463;-;89.2	138;123571;126210;-;88.7	147;131190;131756;-;169.3	132;120202;120849;-;66.3	131;118188;120143;-;259.7	118;106230;108512;-;393.2	144;128382;128966;-;54.5	118;106230;108512;-;65.8	A	9/9	contiguous	24960	1	1	110561..111085-;174;unnamed;0
NZ_CP132225.1	MPF_F	IncFIB(K);IncFII(K)	204	0	0	GA	0															not_admitted	not_admitted	not_admitted	not_admitted	not_admitted	not_admitted	not_admitted	not_admitted	not_admitted	not_admitted	1	142;136692;137681;-;366.6	132;129778;131145;-;381.8	136;132403;133155;-;233.3	146;139124;141763;-;260.3	131;126929;129778;-;346.2	99;95637;96974;-;206.6	146;139124;141763;-;88.2	155;147107;147673;-;169.3	141;136041;136679;-;66.9	140;134027;135982;-;259.7	127;122155;124467;-;393.1	152;144258;144842;-;53.6	127;122155;124467;-;66.6	A	9/9	split_2	51470	1	1	126393..126926-;177;unnamed;0
NZ_CP132233.1	-	-	148	0	0	GA	0															not_admitted	not_admitted	not_admitted	not_admitted	not_admitted	not_admitted	not_admitted	not_admitted	not_admitted	not_admitted	1	10;12226;12936;-;275.9	5;6965;8332;-;338.8	7;9015;9800;-;183.6	14;14503;17106;-;235.4	4;4101;6965;-;308.1	16;17720;19060;-;91.2	14;14503;17106;-;117.4	18;19798;20370;-;112.2	9;11653;12216;-;64.9	8;9797;11656;-;239.0	3;1523;3598;-;376.3	15;17103;17546;-;39.3	3;1523;3598;-;64.9	A	9/9	contiguous	18275	1	1	1523..3598-;691;unnamed;0
NZ_CP132280.1	MPF_F	repA(pKOX)	282	0	0	GA	0															not_admitted	not_admitted	not_admitted	not_admitted	not_admitted	not_admitted	not_admitted	not_admitted	not_admitted	not_admitted	1	233;166327;167400;-;276.5	209;147393;148844;-;239.9	210;148860;149930;-;186.7	237;169465;171948;-;233.1	208;144171;147383;-;257.0	240;173639;174970;-;107.4	237;169465;171948;-;117.9	242;176136;176753;-;78.3	234;167400;168653;-;56.6	206;140934;143666;-;123.6	248;179362;181323;-;23.7	239;173019;173624;-;75.2	248;179362;181323;-;32.4	A	9/9	contiguous	38428	0	1	
NZ_CP132281.1	-	pKPC-CAV1321	258	0	0	GA	0															not_admitted	not_admitted	not_admitted	not_admitted	not_admitted	not_admitted	not_admitted	not_admitted	not_admitted	not_admitted	1	134;105476;106543;+;276.8	154;122454;123896;+;260.7	153;121357;122457;+;198.4	130;100882;103368;+;223.8	155;123911;127429;+;240.0	126;96257;97654;+;109.8	130;100882;103368;+;120.8	124;94348;94974;+;87.1	133;104166;105479;+;41.0	157;127865;130522;+;136.9	118;89824;91800;+;22.7	127;97651;98217;+;71.6	118;89824;91800;+;33.5	A	9/9	contiguous	38041	0	1	
NZ_CP132282.1	MPF_F	IncFIB(pB171);IncFII(Yp);IncFII(pAR0022)	188	0	0	GA	0															not_admitted	not_admitted	not_admitted	not_admitted	not_admitted	not_admitted	not_admitted	not_admitted	not_admitted	not_admitted	1	127;123461;124447;-;368.4	119;117378;118748;-;376.7	123;119965;120714;-;218.2	130;125441;128071;-;285.5	118;114556;117378;-;336.5	136;130099;131493;-;90.9	130;125441;128071;-;98.6	138;132210;132776;-;169.9	126;122815;123444;-;66.9	125;120965;122818;-;257.4	115;111019;113220;-;384.8	135;129538;130077;-;64.9	115;111019;113220;-;63.9	A	9/9	contiguous	21191	1	1	114103..114534-;143;TraS;0
NZ_CP132283.1	MPF_F	IncHI1B(pNDM-MAR)	169	0	0	GA	0															not_admitted	not_admitted	not_admitted	not_admitted	not_admitted	not_admitted	not_admitted	not_admitted	not_admitted	not_admitted	1	92;84378;85415;+;282.3			79;69763;72480;+;148.9		75;66280;67650;+;65.6	79;69763;72480;+;85.2	72;63774;64634;+;79.0	91;83020;84381;+;69.9	93;85425;88610;+;58.9		78;68981;69718;+;56.9		C	6/9	contiguous	21651	0	1	
NZ_CP132284.1	MPF_F	IncFII(SARC14);IncFII(p14)	112	0	0	GA	0															not_admitted	not_admitted	not_admitted	not_admitted	not_admitted	not_admitted	not_admitted	not_admitted	not_admitted	not_admitted	1	96;78704;79705;+;355.1	101;83575;84936;+;334.4	99;82159;82938;+;197.0	93;75051;77642;+;219.6	102;84938;87835;+;294.5	88;72046;73407;+;83.7	93;75051;77642;+;88.7	86;70766;71329;+;145.8	97;79716;80336;+;80.0	98;80333;82162;+;256.0	105;89475;91724;+;376.3	92;74427;75041;+;49.4	105;89475;91724;+;67.3	A	9/9	contiguous	18709	1	1	87847..88407+;186;unnamed;0
NZ_CP132285.1	MPF_F	-	116	0	0	GA	0															not_admitted	not_admitted	not_admitted	not_admitted	not_admitted	not_admitted	not_admitted	not_admitted	not_admitted	not_admitted	1	59;43435;45033;+;329.9	66;48409;49800;+;240.8	64;47108;47935;+;173.3	56;37109;39643;+;151.5	67;49800;53453;+;106.9	54;35350;36591;+;59.9	56;37109;39643;+;77.1	52;33893;34522;+;48.1	62;45833;46573;+;97.4	58;41678;43276;+;77.4	110;79460;81805;-;355.3	55;36591;37109;+;75.7	110;79460;81805;-;64.0	A	9/9	split_2	45567	1	1	53555..53743+;62;unnamed;0
NZ_CP132286.1	MPF_T	IncN3	77	0	0	GA	1	69;61056;61838;-;33.0	67;60513;60809;-;36.0	66;60156;60473;-;71.9	65;57582;60155;-;117.9	65;57582;60155;-;74.2	64;56865;57566;-;99.8	62;55559;56596;-;122.7	61;55351;55482;-;40.1	60;54645;55340;-;132.6	59;53747;54634;-;151.1	58;52614;53747;-;166.3	57;51562;52563;-;90.0	51;44342;45874;+;48.1		pfam	both	A	7/7	canonical	1	0	ga	7	0	0														not_admitted	not_admitted	not_admitted	not_admitted	not_admitted	not_admitted	not_admitted
NZ_CP132300.1	-	-	61	0	0	GA	1	59;45450;46085;+;48.6	60;46096;46386;+;44.6	0;1;2745;+;64.0	0;1;2745;+;151.7	0;1;2745;+;54.3	1;2758;3477;+;112.1	3;3764;4804;+;133.6		4;4976;5662;+;153.0	5;5659;6573;+;136.6	6;6566;7843;+;135.1	7;7845;8876;+;66.3	8;8863;10689;+;392.1		pfam	pfam_only	A	7/7	canonical	1	1	unscoreable	1	0	0														not_admitted	not_admitted	not_admitted	not_admitted	not_admitted	not_admitted	not_admitted
NZ_CP132304.1	MPF_T	-	209	0	0	GA	1	3;3837;4772;-;63.2	204;201233;201532;-;85.1	203;200887;201228;-;101.9	202;198513;200894;-;169.8	202;198513;200894;-;111.3	201;197815;198513;-;209.5	199;196643;197578;-;162.9		197;195666;196337;-;217.4	196;194809;195669;-;187.5	195;193622;194797;-;183.4	194;192719;193612;-;94.8	154;151033;152952;-;333.8		pfam	both	A	7/7	canonical	1	0	unscoreable	2	0	0														not_admitted	not_admitted	not_admitted	not_admitted	not_admitted	not_admitted	not_admitted
NZ_CP132306.1	-	-	141	0	0	GA	1	73;85248;85808;-;91.1	72;84871;85194;-;74.0	71;84579;84869;-;67.7	70;82171;84582;-;138.4	70;82171;84582;-;93.3	68;80288;81004;-;46.6	66;79084;80103;-;124.5		63;77514;78248;-;186.4	62;76732;77514;-;182.3	61;75314;76735;-;192.6	60;74319;75317;-;135.6	59;72199;74322;-;269.7		pfam	pfam_only	A	7/7	canonical	1	0	unscoreable	3	0	0														not_admitted	not_admitted	not_admitted	not_admitted	not_admitted	not_admitted	not_admitted
NZ_CP132307.1	MPF_T	-	155	0	0	GA	1		104;96452;96838;+;76.0	105;96831;97130;+;64.5	106;97141;99594;+;168.6	106;97141;99594;+;122.1	107;99566;100369;+;59.0	109;100566;101747;+;111.8		110;101765;102427;+;138.3	111;102444;103256;+;192.3	113;103708;105012;+;218.0	103;95491;96462;+;135.8	126;115917;117839;+;543.1		conjscan	conjscan_only	A	7/7	canonical	1	0	unscoreable	3	0	0														not_admitted	not_admitted	not_admitted	not_admitted	not_admitted	not_admitted	not_admitted
NZ_CP132308.1	-	-	131	0	0	GA	1	9;5444;5920;+;91.0	10;5969;6292;+;74.8	11;6294;6584;+;62.3	12;6581;8992;+;140.5	12;6581;8992;+;101.9	14;10162;10878;+;47.0	16;11063;12082;+;124.9		19;12916;13650;+;186.0	20;13650;14432;+;183.1	21;14429;15850;+;189.9	22;15847;16845;+;131.7	23;16842;18965;+;268.7		pfam	pfam_only	A	7/7	canonical	1	0	unscoreable	3	0	0														not_admitted	not_admitted	not_admitted	not_admitted	not_admitted	not_admitted	not_admitted
NZ_CP132313.1	-	-	595	0	0	GA	1	374;366594;367154;+;95.5	375;367200;367523;+;73.1	376;367525;367815;+;72.4	377;367812;370223;+;141.7	377;367812;370223;+;100.4	379;371388;372104;+;46.4	381;372288;373307;+;124.2		384;374138;374872;+;183.6	385;374872;375654;+;186.6	386;375651;377036;+;191.1	387;377033;378031;+;140.0	388;378028;380142;+;267.9		pfam	pfam_only	A	7/7	canonical	1	0	unscoreable	3	0	0														not_admitted	not_admitted	not_admitted	not_admitted	not_admitted	not_admitted	not_admitted
NZ_CP132315.1	MPF_T	-	1819	0	0	GA	1		1093;1151315;1151614;-;86.7	1092;1150969;1151310;-;99.4	1091;1148595;1150868;-;182.9	1091;1148595;1150868;-;95.8	1090;1147897;1148595;-;190.3	1089;1146731;1147666;-;162.6		1087;1145753;1146457;-;216.3	1086;1144902;1145756;-;186.2	1085;1143727;1144887;-;182.1	1084;1142718;1143713;-;106.6	1250;1308505;1310430;+;333.2		pfam	both	A	7/7	canonical	1	0	unscoreable	1	0	0														not_admitted	not_admitted	not_admitted	not_admitted	not_admitted	not_admitted	not_admitted
NZ_CP132322.1	MPF_F	IncA	230	0	0	GA	0															not_admitted	not_admitted	not_admitted	not_admitted	not_admitted	not_admitted	not_admitted	not_admitted	not_admitted	not_admitted	1	207;178130;179134;+;330.1	130;114083;115516;+;336.4	129;113053;114081;+;223.9	202;172925;175372;+;352.8	131;115529;119134;+;377.7	197;164098;165414;+;136.3	202;172925;175372;+;130.4	195;162574;163200;+;93.9	205;176194;177462;+;69.6	208;179285;182023;+;138.7	186;156919;158784;+;46.9	198;165411;165989;+;98.1	186;156919;158784;+;51.6	A	9/9	split_2	66232	0	1	
NZ_CP132340.1	MPF_T	-	236	0	0	GA	0															not_admitted	not_admitted	not_admitted	not_admitted	not_admitted	not_admitted	not_admitted	not_admitted	not_admitted	not_admitted	1	129;132774;133808;+;360.4	135;137756;139153;+;309.8	134;136966;137754;+;204.7	125;128662;131262;+;201.6	136;139166;142087;+;249.6	122;125907;127202;+;123.4	125;128662;131262;+;116.0	120;124621;125202;+;103.0	130;133831;134523;+;106.0	132;135515;136597;+;183.3	144;147515;149263;-;388.6	124;128087;128665;+;54.1	144;147515;149263;-;83.1	A	9/9	contiguous	22894	1	1	142084..142419+;111;unnamed;0
NZ_CP132354.1	MPF_G	-	187	0	0	GA	0															not_admitted	not_admitted	not_admitted	not_admitted	not_admitted	not_admitted	not_admitted	not_admitted	not_admitted	not_admitted	1	163;158044;159018;-;192.9			168;161118;163982;-;284.0	160;154693;156201;-;260.3									D	3/9	contiguous	6425	0	0	
NZ_CP132355.1	MPF_T	-	54	0	0	GA	1	29;21196;21849;-;37.4	28;20922;21212;-;69.3	27;18145;20904;-;46.3	27;18145;20904;-;142.1	27;18145;20904;-;67.6	26;17388;18134;-;59.6	24;16049;17104;-;131.2		23;15047;15775;-;121.1	22;14113;15042;-;128.9	21;12911;14116;-;133.5	19;11680;12714;-;75.6	18;9842;11677;-;482.9		pfam	pfam_only	A	7/7	canonical	1	1	unscoreable	2	0	0														not_admitted	not_admitted	not_admitted	not_admitted	not_admitted	not_admitted	not_admitted
NZ_CP132386.1	-	-	40	0	0	GA	1	12;8132;9163;+;90.1	9;5077;5418;+;47.0	10;5411;5698;+;53.1	11;5688;8135;+;145.1	11;5688;8135;+;76.6	13;9160;9876;+;49.6	14;10071;11081;+;115.4		15;11078;11764;+;182.0	16;11761;12567;+;201.6	17;12564;13742;+;217.7	19;14140;14727;+;117.8	20;14684;16573;+;298.2		pfam	pfam_only	A	7/7	canonical	1	0	unscoreable	1	0	0														not_admitted	not_admitted	not_admitted	not_admitted	not_admitted	not_admitted	not_admitted
NZ_CP132549.1	MPF_F	IncFIA;IncFIB(AP001918);IncFIC(FII)	245	0	0	GA	0															not_admitted	not_admitted	not_admitted	not_admitted	not_admitted	not_admitted	not_admitted	not_admitted	not_admitted	not_admitted	1	226;221457;222449;+;368.6	237;228135;229508;+;374.3	230;225178;225921;+;234.1	223;217821;220448;+;306.8	238;229505;232321;+;386.1	217;214339;215766;+;94.3	223;217821;220448;+;98.5	215;213058;213624;+;183.8	227;222458;223096;+;67.3	228;223093;224901;+;268.0	241;233884;236037;+;391.1	221;216790;217305;+;77.3	241;233884;236037;+;69.2	A	9/9	contiguous	20826	1	1	232354..232875+;173;unnamed;0
NZ_CP132605.1	MPF_F	IncFIA(pBK30683);IncFII(pKP91)	102	0	0	GA	0															not_admitted	not_admitted	not_admitted	not_admitted	not_admitted	not_admitted	not_admitted	not_admitted	not_admitted	not_admitted	1	77;60925;61917;+;363.2	88;68184;69551;+;382.8	83;65730;66482;+;231.9	74;57260;59899;+;259.1	89;69551;72373;+;341.1	66;52220;53644;+;89.3	74;57260;59899;+;83.9	64;50927;51493;+;168.4	78;62193;62840;+;66.0	79;62899;64854;+;258.7	92;74341;76632;+;392.7	68;54275;54832;+;52.5	92;74341;76632;+;66.6	A	9/9	contiguous	23414	1	1	72397..72999+;200;TraS;0
NZ_CP132608.1	MPF_F	IncFIA(HI1);IncFII(pKP91)	109	0	0	GA	0															not_admitted	not_admitted	not_admitted	not_admitted	not_admitted	not_admitted	not_admitted	not_admitted	not_admitted	not_admitted	1	87;71454;72446;+;366.6	97;77963;79330;+;381.2	93;75954;76706;+;232.2	84;67789;70428;+;259.3	98;79330;82179;+;346.5	76;62779;64203;+;89.3	84;67789;70428;+;88.8	74;61486;62052;+;167.0	88;72459;73097;+;67.0	89;73156;75111;+;259.2	102;83993;86299;+;390.6	78;64833;65390;+;51.5	102;83993;86299;+;64.9	A	9/9	contiguous	22507	1	1	82182..82712+;176;unnamed;0
NZ_CP132611.1	MPF_F	IncC	169	0	0	GA	0															not_admitted	not_admitted	not_admitted	not_admitted	not_admitted	not_admitted	not_admitted	not_admitted	not_admitted	not_admitted	1	94;71322;72329;+;332.9	158;126357;127790;+;339.2	157;125327;126355;+;221.7	89;66123;68570;+;354.2	159;127803;131417;+;375.3	80;52812;54128;+;135.0	89;66123;68570;+;128.6	78;51288;51914;+;92.1	92;69392;70657;+;67.6	95;72445;75240;+;145.3	69;45613;47478;+;47.4	81;54125;54703;+;100.2	69;45613;47478;+;52.0	A	9/9	split_2	82190	0	1	
NZ_CP132612.1	MPF_T	IncY	94	0	0	GA	1	69;68302;68964;+;48.3	70;68975;69274;+;36.6	71;69284;72034;+;61.8	71;69284;72034;+;132.4	71;69284;72034;+;47.3	72;72053;72769;+;137.0	74;73083;74090;+;137.8		76;74300;74986;+;158.3	77;74979;75872;+;147.4	78;75869;77065;+;134.7	79;77069;78118;+;71.5	86;82856;84763;+;24.4		pfam	pfam_only	A	7/7	canonical	1	1	unscoreable	8	0	0														not_admitted	not_admitted	not_admitted	not_admitted	not_admitted	not_admitted	not_admitted
NZ_CP132617.1	MPF_F	IncFII(K);repB(R1701)	141	0	0	GA	0															not_admitted	not_admitted	not_admitted	not_admitted	not_admitted	not_admitted	not_admitted	not_admitted	not_admitted	not_admitted	1	84;75066;76055;-;366.6	74;68152;69519;-;384.0	78;70777;71529;-;233.7	88;77498;80137;-;258.5	73;65303;68152;-;346.4	95;83330;84754;-;89.2	88;77498;80137;-;88.2	97;85481;86047;-;169.3	83;74415;75053;-;66.9	82;72401;74356;-;259.7	69;60529;62841;-;393.1	94;82632;83216;-;53.6	69;60529;62841;-;66.6	A	9/9	contiguous	24952	1	1	64767..65300-;177;unnamed;0
NZ_CP132624.1	MPF_F	IncHI1B(pNDM-MAR)	295	0	0	GA	0															not_admitted	not_admitted	not_admitted	not_admitted	not_admitted	not_admitted	not_admitted	not_admitted	not_admitted	not_admitted	1	34;32094;33131;-;282.3	120;112270;113679;+;190.4	119;111243;112280;+;175.6	50;47502;48812;-;152.5	121;113681;117649;+;121.3		48;45029;46390;-;87.6	62;57549;58088;-;50.8	35;33128;34489;-;69.9	33;28899;32084;-;59.2	112;101918;104044;-;57.7	51;48857;49594;-;56.9	112;101918;104044;-;41.0	A	9/9	split_2	84782	0	1	
NZ_CP132625.1	MPF_F	IncFII	203	0	0	GA	0															not_admitted	not_admitted	not_admitted	not_admitted	not_admitted	not_admitted	not_admitted	not_admitted	not_admitted	not_admitted	1	176;152923;153915;+;369.5	188;160760;162133;+;381.7	183;158087;158830;+;234.4	81;70437;72884;-;354.2	189;162130;164952;+;374.0	92;84879;86195;-;135.0	81;70437;72884;-;128.6	164;143553;144119;+;174.3	178;154259;154897;+;68.6	181;156968;157810;+;261.9	193;167224;169422;+;391.2	91;84304;84882;-;100.2	193;167224;169422;+;70.3	A	9/9	split_2	96787	1	1	164974..165453+;159;TraS;0
NZ_CP132626.1	MPF_F	IncFIA(HI1);IncFII(K)	102	0	0	GA	0															not_admitted	not_admitted	not_admitted	not_admitted	not_admitted	not_admitted	not_admitted	not_admitted	not_admitted	not_admitted	1	80;57879;58868;+;363.3	90;64353;65723;+;384.6	86;62405;63157;+;233.7	76;53783;56422;+;259.0	91;65723;68572;+;346.2	69;49530;50954;+;88.1	76;53783;56422;+;87.3	67;48237;48803;+;169.3	81;58881;59519;+;64.7	82;59578;61533;+;259.7	95;71034;73346;+;393.2	70;51027;51611;+;54.3	95;71034;73346;+;65.8	A	9/9	contiguous	22797	1	1	68575..69105+;176;unnamed;0
NZ_CP132632.1	MPF_F	IncFIB(pNDM-Mar);IncHI1B(pNDM-MAR);IncR	480	0	0	GA	0															not_admitted	not_admitted	not_admitted	not_admitted	not_admitted	not_admitted	not_admitted	not_admitted	not_admitted	not_admitted	1	404;358233;359270;-;282.3	80;61595;63004;+;190.4	79;60568;61605;+;176.7	416;370102;372819;-;148.7	81;63006;66944;+;118.9	420;374932;376302;-;65.6	416;370102;372819;-;85.2	423;377948;378808;-;79.0	405;359267;360628;-;69.9	403;355038;358223;-;58.9	72;51261;53387;-;58.0	417;372864;373601;-;57.0	72;51261;53387;-;39.7	A	9/9	split_2	326687	0	1	
NZ_CP132652.1	MPF_F	IncFIB(K);IncFII(pKP91)	211	0	0	GA	0															not_admitted	not_admitted	not_admitted	not_admitted	not_admitted	not_admitted	not_admitted	not_admitted	not_admitted	not_admitted	1	159;155585;156574;-;363.3	148;148399;149766;-;383.1	152;151024;151776;-;233.7	163;158031;160670;-;259.0	147;145550;148399;-;346.5	170;163698;165122;-;89.2	163;158031;160670;-;88.6	172;165849;166415;-;169.3	157;154662;155309;-;65.9	156;152648;154603;-;259.7	143;140802;143084;-;393.1	168;162490;163074;-;53.2	143;140802;143084;-;66.6	A	9/9	contiguous	25047	1	1	145017..145547-;176;unnamed;0
NZ_CP132655.1	MPF_F	IncFIB(pQil);IncFII(K)	118	0	0	GA	0															not_admitted	not_admitted	not_admitted	not_admitted	not_admitted	not_admitted	not_admitted	not_admitted	not_admitted	not_admitted	1	93;71437;72429;+;363.0	103;77975;79342;+;384.0	99;75965;76717;+;233.7	90;67772;70411;+;259.1	104;79342;82191;+;346.4	80;62546;63970;+;88.4	90;67772;70411;+;83.9	78;61253;61819;+;167.9	94;72442;73080;+;66.0	95;73139;75094;+;259.7	108;84653;86965;+;392.7	82;64582;65151;+;53.7	108;84653;86965;+;66.5	A	9/9	contiguous	23400	1	1	82194..82727+;177;unnamed;0
NZ_CP132657.1	MPF_T	IncX3	61	0	0	GA	1	29;23965;24609;-;46.4	28;23691;23981;-;73.1	27;20913;23666;-;47.0	27;20913;23666;-;145.4	27;20913;23666;-;73.3	26;20133;20903;-;60.1	24;18799;19854;-;133.2		23;17876;18604;-;119.4	20;16165;17052;-;139.0	19;14954;16168;-;128.3	17;13724;14758;-;65.7	16;11886;13721;-;495.9		pfam	pfam_only	A	7/7	canonical	1	1	unscoreable	4	0	0														not_admitted	not_admitted	not_admitted	not_admitted	not_admitted	not_admitted	not_admitted
NZ_CP132661.1	MPF_F	IncFIB(pNDM-Mar);IncHI1B(pNDM-MAR)	345	0	0	GA	0															not_admitted	not_admitted	not_admitted	not_admitted	not_admitted	not_admitted	not_admitted	not_admitted	not_admitted	not_admitted	1	271;237380;238417;-;282.3	111;84585;85994;+;190.4	110;83558;84595;+;175.9	283;249249;251966;-;148.7	112;85996;89904;+;122.1	287;254079;255449;-;65.6	283;249249;251966;-;85.2	290;257095;257955;-;79.0	272;238414;239775;-;69.8	270;234185;237370;-;58.9	103;74234;76360;-;57.8	284;252011;252748;-;57.1	103;74234;76360;-;41.0	A	9/9	split_2	182861	0	1	
NZ_CP132662.1	MPF_F	IncFIB(K);IncFII(K)	168	0	0	GA	0															not_admitted	not_admitted	not_admitted	not_admitted	not_admitted	not_admitted	not_admitted	not_admitted	not_admitted	not_admitted	1	100;95629;96618;-;363.3	89;88443;89810;-;383.5	93;91068;91820;-;233.7	104;98075;100714;-;259.0	88;85621;88443;-;346.5	115;104682;106106;-;88.0	104;98075;100714;-;88.7	117;106833;107399;-;167.9	98;94706;95353;-;66.9	97;92692;94647;-;259.7	84;80691;83003;-;392.8	112;103486;104070;-;53.8	84;80691;83003;-;65.9	A	9/9	contiguous	26142	1	1	84996..85598-;200;TraS;0
NZ_CP132665.1	MPF_F	IncFIB(K);IncFII(K);IncFII(pAR0022)	206	0	0	GA	0															not_admitted	not_admitted	not_admitted	not_admitted	not_admitted	not_admitted	not_admitted	not_admitted	not_admitted	not_admitted	1	152;169705;170694;-;366.6	142;162791;164158;-;384.1	146;165416;166168;-;233.7	156;172151;174790;-;258.5	141;159969;162791;-;346.4	163;177618;179042;-;88.1	156;172151;174790;-;88.7	165;179769;180335;-;169.3	151;169054;169692;-;66.9	150;167040;168995;-;259.4	137;155041;157353;-;393.1	162;176961;177545;-;54.3	137;155041;157353;-;66.6	A	9/9	contiguous	24728	1	1	159344..159946-;200;TraS;0
NZ_CP132668.1	MPF_T	IncX4	45	0	0	GA	1	29;25074;25694;-;41.6	28;24734;25060;-;64.4	27;21968;24715;-;63.8	27;21968;24715;-;151.8	27;21968;24715;-;46.1	26;21240;21956;-;94.2	25;20134;21228;-;150.1		23;18933;19619;-;169.0	22;18028;18936;-;142.4	21;16917;18035;-;163.9	20;15887;16915;-;85.0	19;14038;15855;-;314.8		pfam	pfam_only	A	7/7	canonical	1	1	unscoreable	1	0	0														not_admitted	not_admitted	not_admitted	not_admitted	not_admitted	not_admitted	not_admitted
NZ_CP132671.1	MPF_F	IncFIB(K);IncFII(K);IncFII(pAR0022);IncQ1	253	0	0	GA	0															not_admitted	not_admitted	not_admitted	not_admitted	not_admitted	not_admitted	not_admitted	not_admitted	not_admitted	not_admitted	1	210;218436;219425;-;363.3	199;211250;212617;-;384.1	203;213875;214627;-;233.7	214;220882;223521;-;259.0	198;208428;211250;-;346.4	224;227489;228913;-;89.5	214;220882;223521;-;88.7	226;229640;230206;-;167.0	208;217513;218160;-;65.9	207;215499;217454;-;259.4	194;203499;205811;-;393.1	222;226293;226877;-;53.8	194;203499;205811;-;66.6	A	9/9	contiguous	26141	1	1	207803..208405-;200;TraS;0
NZ_CP132674.1	MPF_F	IncFIB(pNDM-Mar);IncHI1B(pNDM-MAR)	368	0	0	GA	0															not_admitted	not_admitted	not_admitted	not_admitted	not_admitted	not_admitted	not_admitted	not_admitted	not_admitted	not_admitted	1	294;262040;263077;-;282.3	80;60196;61605;+;190.4	79;59169;60206;+;176.7	306;273909;276626;-;149.6	81;61607;65575;+;120.1	310;278739;280109;-;65.6	306;273909;276626;-;85.2	313;281755;282615;-;79.0	295;263074;264435;-;69.9	293;258845;262030;-;59.2	72;49861;51987;-;57.7	307;276671;277408;-;60.0	72;49861;51987;-;41.0	A	9/9	split_2	231894	0	1	
NZ_CP132676.1	MPF_F	IncFIB(pNDM-Mar)	342	0	0	GA	0															not_admitted	not_admitted	not_admitted	not_admitted	not_admitted	not_admitted	not_admitted	not_admitted	not_admitted	not_admitted	1	290;244201;245238;-;282.3	92;84345;85754;-;190.4	93;85744;86781;-;175.9	302;256070;258787;-;149.6	91;80429;84343;-;122.2	306;260900;262270;-;65.6	302;256070;258787;-;85.2	309;263916;264776;-;80.4	291;245235;246596;-;69.9	289;241006;244191;-;59.2	100;93963;96089;+;57.7	303;258832;259569;-;60.0	100;93963;96089;+;41.0	A	9/9	split_2	183487	0	1	
NZ_CP132680.1	MPF_F	IncFIB(pNDM-Mar);RepB	228	0	0	GA	0															not_admitted	not_admitted	not_admitted	not_admitted	not_admitted	not_admitted	not_admitted	not_admitted	not_admitted	not_admitted	1	157;139745;140782;-;282.3	71;55773;57182;+;190.4	70;54746;55783;+;176.7	170;151614;154331;-;149.2	72;57184;61098;+;120.2	174;156444;157814;-;65.6	170;151614;154331;-;83.2	177;159460;160320;-;79.0	158;140779;142140;-;69.9	156;136553;139735;-;59.6	63;45438;47564;-;57.7	171;154376;155113;-;56.9	63;45438;47564;-;41.0	A	9/9	split_2	114022	0	1	
NZ_CP132682.1	MPF_F	IncFIA(HI1);IncFII(K)	106	0	0	GA	0															not_admitted	not_admitted	not_admitted	not_admitted	not_admitted	not_admitted	not_admitted	not_admitted	not_admitted	not_admitted	1	81;54066;55058;+;366.8	91;60605;61972;+;384.6	87;58595;59347;+;233.7	78;50401;53040;+;258.5	92;61972;64821;+;344.2	69;45392;46816;+;88.4	78;50401;53040;+;88.7	67;44099;44665;+;167.0	82;55071;55709;+;64.7	83;55768;57723;+;259.7	96;67285;69597;+;392.8	72;47447;48004;+;54.4	96;67285;69597;+;65.8	A	9/9	contiguous	23186	1	1	64824..65357+;177;unnamed;0
NZ_CP132685.1	MPF_T	IncX10	62	0	0	GA	1	48;37029;37673;-;45.7	47;36755;37045;-;73.1	46;33977;36730;-;47.0	46;33977;36730;-;146.6	46;33977;36730;-;65.8	45;33196;33966;-;62.0	43;31862;32917;-;131.2		42;30903;31631;-;119.7	41;29968;30897;-;140.2	40;28760;29971;-;128.3	38;27530;28564;-;65.4	37;25692;27527;-;495.5		pfam	pfam_only	A	7/7	canonical	1	1	unscoreable	2	0	0														not_admitted	not_admitted	not_admitted	not_admitted	not_admitted	not_admitted	not_admitted
NZ_CP132686.1	MPF_T	IncN4	52	0	0	GA	1	9;7484;8224;-;34.9	7;6870;7160;-;45.6	6;6504;6818;-;65.3	5;3874;6504;-;123.6	5;3874;6504;-;87.4	4;3157;3864;-;114.7	2;1855;2898;-;126.7	1;1590;1760;-;41.4	0;871;1587;-;145.6		51;33897;35051;-;174.0	50;32873;33904;-;78.1	45;26888;28465;+;54.8		pfam	both	B	6/7	canonical	1	0	ga	6	0	0														not_admitted	not_admitted	not_admitted	not_admitted	not_admitted	not_admitted	not_admitted
NZ_CP132689.1	MPF_F	IncFIB(K);IncFII(K);IncFII(pAR0022)	253	0	0	GA	0															not_admitted	not_admitted	not_admitted	not_admitted	not_admitted	not_admitted	not_admitted	not_admitted	not_admitted	not_admitted	1	210;215462;216451;-;363.3	199;208276;209643;-;384.1	203;210901;211653;-;233.7	214;217908;220547;-;259.0	198;205454;208276;-;346.4	224;224515;225939;-;89.5	214;217908;220547;-;88.7	226;226666;227232;-;167.0	208;214539;215186;-;65.9	207;212525;214480;-;259.4	194;200525;202837;-;393.1	222;223319;223903;-;53.8	194;200525;202837;-;66.6	A	9/9	contiguous	26141	1	1	204829..205431-;200;TraS;0
NZ_CP132692.1	MPF_F	IncFIB(pNDM-Mar);IncHI1B(pNDM-MAR)	341	0	0	GA	0															not_admitted	not_admitted	not_admitted	not_admitted	not_admitted	not_admitted	not_admitted	not_admitted	not_admitted	not_admitted	1	17;19030;20067;+;282.3	232;216449;217858;-;190.4	233;217848;218885;-;176.7	5;5481;8198;+;149.6	231;212722;216447;-;119.3	322;287602;288972;-;65.6	5;5481;8198;+;85.2	325;290618;291478;-;79.0	16;17672;19033;+;69.9	20;22630;24327;+;61.4	242;227860;229278;+;42.6	4;4699;5436;+;56.9	242;227860;229278;+;42.2	A	9/9	split_3	285919	0	1	
NZ_CP132693.1	MPF_F	IncFII(K);repB(R1701)	143	0	0	GA	0															not_admitted	not_admitted	not_admitted	not_admitted	not_admitted	not_admitted	not_admitted	not_admitted	not_admitted	not_admitted	1	118;95687;96676;+;366.0	128;102167;103537;+;380.7	124;100213;100965;+;230.7	114;91605;94244;+;258.5	129;103537;106380;+;346.5	106;86922;88346;+;89.2	114;91605;94244;+;88.7	104;85629;86195;+;169.3	119;96689;97327;+;67.0	120;97386;99341;+;259.7	133;108965;111277;+;392.8	107;88460;89044;+;55.4	133;108965;111277;+;65.9	A	9/9	contiguous	23336	1	1	106391..106915+;174;unnamed;0
NZ_CP132695.1	MPF_F	IncHI1B(pNDM-MAR)	344	0	0	GA	0															not_admitted	not_admitted	not_admitted	not_admitted	not_admitted	not_admitted	not_admitted	not_admitted	not_admitted	not_admitted	1	57;48962;49999;-;282.3	198;176372;177781;+;190.4	197;175345;176382;+;176.7	69;60831;63548;-;149.6	199;177783;181751;+;120.1	73;65661;67031;-;65.6	69;60831;63548;-;85.2	76;68677;69537;-;79.0	58;49996;51357;-;69.9	56;45767;48952;-;59.2	190;166037;168163;-;57.7	70;63593;64330;-;60.0	190;166037;168163;-;41.0	A	9/9	split_2	132016	0	1	
NZ_CP132696.1	MPF_F	IncC	181	0	0	GA	0															not_admitted	not_admitted	not_admitted	not_admitted	not_admitted	not_admitted	not_admitted	not_admitted	not_admitted	not_admitted	1	97;75910;76917;+;332.9	170;138924;140357;+;339.2	169;137894;138922;+;221.7	92;70711;73158;+;354.2	171;140370;143984;+;375.3	83;57400;58716;+;135.0	92;70711;73158;+;128.6	81;55876;56502;+;92.1	95;73980;75245;+;67.6	98;77033;79828;+;145.3	72;50201;52066;+;47.4	84;58713;59291;+;100.2	72;50201;52066;+;52.0	A	9/9	split_2	90169	0	1	
NZ_CP132698.1	MPF_F	IncFIA(HI1);IncFII(K)	123	0	0	GA	0															not_admitted	not_admitted	not_admitted	not_admitted	not_admitted	not_admitted	not_admitted	not_admitted	not_admitted	not_admitted	1	98;68047;69036;+;363.3	108;74521;75891;+;384.6	104;72573;73325;+;233.7	94;63951;66590;+;259.0	109;75891;78740;+;346.2	87;59698;61122;+;88.1	94;63951;66590;+;87.3	85;58405;58971;+;169.3	99;69049;69687;+;64.7	100;69746;71701;+;259.7	113;81202;83514;+;393.2	88;61195;61779;+;54.3	113;81202;83514;+;65.8	A	9/9	contiguous	22797	1	1	78743..79273+;176;unnamed;0
NZ_CP132703.1	MPF_F	IncFIB(pNDM-Mar);IncHI1B(pNDM-MAR)	341	0	0	GA	0															not_admitted	not_admitted	not_admitted	not_admitted	not_admitted	not_admitted	not_admitted	not_admitted	not_admitted	not_admitted	1	17;19030;20067;+;282.3	232;216449;217858;-;190.4	233;217848;218885;-;176.7	5;5481;8198;+;149.6	231;212722;216447;-;119.3	322;287602;288972;-;65.6	5;5481;8198;+;85.2	325;290618;291478;-;79.0	16;17672;19033;+;69.9	20;22630;24327;+;61.4	242;227860;229278;+;42.6	4;4699;5436;+;56.9	242;227860;229278;+;42.2	A	9/9	split_3	285919	0	1	
NZ_CP132704.1	MPF_F	IncFII(K);repB(R1701)	143	0	0	GA	0															not_admitted	not_admitted	not_admitted	not_admitted	not_admitted	not_admitted	not_admitted	not_admitted	not_admitted	not_admitted	1	118;95686;96675;+;366.0	128;102166;103536;+;380.7	124;100212;100964;+;230.7	114;91604;94243;+;258.5	129;103536;106379;+;346.5	106;86921;88345;+;89.2	114;91604;94243;+;88.7	104;85628;86194;+;169.3	119;96688;97326;+;67.0	120;97385;99340;+;259.7	133;108964;111276;+;392.8	107;88459;89043;+;55.4	133;108964;111276;+;65.9	A	9/9	contiguous	23336	1	1	106390..106914+;174;unnamed;0
NZ_CP132706.1	MPF_F	IncC	188	0	0	GA	0															not_admitted	not_admitted	not_admitted	not_admitted	not_admitted	not_admitted	not_admitted	not_admitted	not_admitted	not_admitted	1	100;74735;75742;-;332.9	177;141839;143272;+;339.2	176;140809;141837;+;221.7	105;78494;80941;-;354.2	178;143285;146899;+;375.3	114;92936;94252;-;135.0	105;78494;80941;-;128.6	116;95150;95776;-;92.1	102;76407;77672;-;67.6	99;71824;74619;-;145.3	125;99586;101451;-;47.4	113;92361;92939;-;100.2	125;99586;101451;-;52.0	A	9/9	split_2	71461	0	1	
NZ_CP132707.1	MPF_F	IncFIA(HI1)	84	0	0	GA	0															not_admitted	not_admitted	not_admitted	not_admitted	not_admitted	not_admitted	not_admitted	not_admitted	not_admitted	not_admitted	1				33;19161;20543;+;260.9		25;14480;15904;+;88.8		23;13187;13753;+;169.3				26;16018;16602;+;55.4		D	3/9	contiguous	5974	0	0	
NZ_CP132710.1	MPF_F	IncFIB(pNDM-Mar);IncHI1B(pNDM-MAR)	359	0	0	GA	0															not_admitted	not_admitted	not_admitted	not_admitted	not_admitted	not_admitted	not_admitted	not_admitted	not_admitted	not_admitted	1	286;254389;255426;-;282.3	76;56183;57592;+;190.4	75;55156;56193;+;176.7	298;266258;268975;-;149.6	77;57594;61562;+;120.1	303;271865;273235;-;65.6	298;266258;268975;-;85.2	306;274881;275741;-;79.0	287;255423;256784;-;69.9	285;251194;254379;-;59.2	68;45848;47974;-;57.7	300;269827;270534;-;60.1	68;45848;47974;-;41.0	A	9/9	split_2	229033	0	1	
NZ_CP132711.1	MPF_F	IncFIB(K);IncFII(K);IncFII(pAR0022)	271	0	0	GA	0															not_admitted	not_admitted	not_admitted	not_admitted	not_admitted	not_admitted	not_admitted	not_admitted	not_admitted	not_admitted	1	183;179941;180930;-;366.6	173;173027;174394;-;384.1	177;175652;176404;-;233.7	187;182387;185026;-;258.5	172;170205;173027;-;346.4	197;188930;190354;-;89.5	187;182387;185026;-;88.7	199;191081;191647;-;167.0	182;179290;179928;-;66.9	181;177276;179231;-;259.4	168;165280;167589;-;393.1	195;187734;188318;-;53.8	168;165280;167589;-;66.6	A	9/9	contiguous	25801	1	1	169580..170182-;200;TraS;0
NZ_CP132712.1	MPF_F	IncC	206	0	0	GA	0															not_admitted	not_admitted	not_admitted	not_admitted	not_admitted	not_admitted	not_admitted	not_admitted	not_admitted	not_admitted	1	92;70431;71438;+;332.9	195;160688;162121;+;339.2	194;159646;160686;+;221.6	87;65232;67679;+;354.2	196;162134;165748;+;375.3	78;51921;53237;+;135.0	87;65232;67679;+;128.6	76;50397;51023;+;92.1	90;68501;69766;+;67.6	93;71554;74349;+;145.3	67;44722;46587;+;47.4	79;53234;53812;+;100.2	67;44722;46587;+;52.0	A	9/9	split_2	117412	0	1	
NZ_CP132714.1	MPF_F	IncHI1B(pNDM-MAR)	232	0	0	GA	0															not_admitted	not_admitted	not_admitted	not_admitted	not_admitted	not_admitted	not_admitted	not_admitted	not_admitted	not_admitted	1	35;36636;37670;-;282.2			54;55367;56662;-;151.6	31;28146;32087;-;120.1	58;58775;60145;-;65.6	52;52791;54152;-;87.6	61;61791;62651;-;79.0	38;39431;40777;-;70.1	34;33444;36626;-;58.9		55;56707;57444;-;56.9		C	7/9	contiguous	33645	1	1	27492..27698-;68;unnamed;0
NZ_CP132715.1	MPF_F	IncFIA(HI1);IncFII(K)	139	0	0	GA	0															not_admitted	not_admitted	not_admitted	not_admitted	not_admitted	not_admitted	not_admitted	not_admitted	not_admitted	not_admitted	1	64;46132;47121;+;363.3	74;52606;53976;+;384.6	70;50658;51410;+;233.7	60;42036;44675;+;259.0	75;53976;56825;+;346.2	53;37783;39207;+;88.1	60;42036;44675;+;87.3	51;36490;37056;+;169.3	65;47134;47772;+;64.7	66;47831;49786;+;259.7	79;59287;61599;+;393.2	54;39280;39864;+;54.3	79;59287;61599;+;65.8	A	9/9	contiguous	22797	1	1	56828..57358+;176;unnamed;0
NZ_CP132716.1	MPF_F	IncFII	96	0	0	GA	0															not_admitted	not_admitted	not_admitted	not_admitted	not_admitted	not_admitted	not_admitted	not_admitted	not_admitted	not_admitted	1	70;61548;62540;+;369.5	80;68319;69692;+;381.7	75;65646;66389;+;234.4	67;57909;60539;+;304.1	81;69689;72511;+;374.0	60;53459;54910;+;94.2	67;57909;60539;+;97.1	58;52178;52744;+;174.3	72;62884;63522;+;68.6	73;63519;65369;+;266.1	85;74783;76981;+;391.2	63;55770;56285;+;78.4	85;74783;76981;+;70.3	A	9/9	contiguous	22605	1	1	72533..73012+;159;TraS;0
NZ_CP132727.1	MPF_F	IncFIB(K);IncFII(K);IncFII(pAR0022)	244	0	0	GA	0															not_admitted	not_admitted	not_admitted	not_admitted	not_admitted	not_admitted	not_admitted	not_admitted	not_admitted	not_admitted	1	92;95469;96458;-;366.6	82;88555;89922;-;384.6	86;91180;91932;-;233.7	96;97915;100554;-;258.5	81;85712;88555;-;347.0	106;104458;105882;-;89.5	96;97915;100554;-;88.7	108;106609;107175;-;167.0	91;94818;95456;-;66.9	90;92804;94759;-;259.4	77;80816;83128;-;393.2	104;103262;103846;-;53.8	77;80816;83128;-;65.8	A	9/9	contiguous	25793	1	1	85177..85701-;174;unnamed;0
NZ_CP132730.1	MPF_F	IncFIA;IncFII(pSE11)	126	0	0	GA	0															not_admitted	not_admitted	not_admitted	not_admitted	not_admitted	not_admitted	not_admitted	not_admitted	not_admitted	not_admitted	1	40;32981;33973;+;369.3	50;39380;40753;+;376.8	44;36702;37445;+;233.3	37;29345;31972;+;306.8	51;40750;43572;+;389.2	32;26007;27434;+;94.1	37;29345;31972;+;99.5	30;24726;25292;+;183.8	41;33982;34620;+;68.7	42;34617;36425;+;267.6	54;45105;47303;+;391.7	35;28315;28830;+;78.4	54;45105;47303;+;70.3	A	9/9	contiguous	20379	1	1	43593..44090+;165;TraS;0
NZ_CP132737.1	MPF_F	IncR;IncU;repFIB;repHI5B	399	0	0	GA	0															not_admitted	not_admitted	not_admitted	not_admitted	not_admitted	not_admitted	not_admitted	not_admitted	not_admitted	not_admitted	1	28;27436;28473;-;282.2	184;157762;159204;+;188.6	183;156768;157805;+;172.0	39;39342;42059;-;143.5	185;159206;163150;+;119.0	43;44182;45549;-;63.7	39;39342;42059;-;80.6	46;47204;48064;-;73.7	29;28470;29831;-;71.7	27;24245;27421;-;58.7	176;147402;149528;-;62.0	40;42108;42845;-;56.3	176;147402;149528;-;39.7	A	9/9	split_2	134961	0	1	
NZ_CP132743.1	MPF_F	-	219	0	0	GA	0															not_admitted	not_admitted	not_admitted	not_admitted	not_admitted	not_admitted	not_admitted	not_admitted	not_admitted	not_admitted	1	85;66077;67078;+;397.5	91;71340;72746;+;344.5	90;70541;71329;+;226.1	81;61941;64553;+;212.7	92;72757;75807;+;221.2	78;59203;60507;+;118.6	81;61941;64553;+;121.6	76;57950;58537;+;156.4	86;67078;67848;+;99.6	88;68945;70177;+;154.9	68;48689;50713;+;423.5	80;61237;61890;+;56.1	68;48689;50713;+;74.8	A	9/9	contiguous	24068	0	1	
NZ_CP132925.1	MPF_F	-	174	0	0	GA	0															not_admitted	not_admitted	not_admitted	not_admitted	not_admitted	not_admitted	not_admitted	not_admitted	not_admitted	not_admitted	1	32;37336;38367;-;368.4	24;29831;31276;-;322.3	25;31276;32085;-;215.3	38;41132;43726;-;232.3	23;25893;29834;-;230.3	45;47495;48817;-;95.1	38;41132;43726;-;80.3	47;49553;50164;-;107.6	31;36551;37339;-;90.1	29;33988;35268;-;149.2	57;58606;60714;-;419.7	39;43741;44421;-;51.0	57;58606;60714;-;69.9	A	9/9	contiguous	32713	0	1	
NZ_CP132948.1	MPF_F	IncFIB(K);IncFII(pKP91)	185	0	0	GA	0															not_admitted	not_admitted	not_admitted	not_admitted	not_admitted	not_admitted	not_admitted	not_admitted	not_admitted	not_admitted	1	130;133722;134711;-;366.6	120;126837;128204;-;385.1	124;129462;130214;-;232.2	134;136154;138793;-;259.0	119;123988;126837;-;341.2	142;142379;143803;-;89.3	134;136154;138793;-;88.8	144;144530;145096;-;167.0	129;133071;133709;-;67.0	128;131057;133012;-;259.2	115;119245;121527;-;393.2	140;141191;141748;-;52.5	115;119245;121527;-;65.9	A	9/9	contiguous	25285	1	1	123455..123985-;176;unnamed;0
NZ_CP132951.1	MPF_F	IncFIB(S);IncFII(S);IncFII(pAR0022)	145	0	0	GA	0															not_admitted	not_admitted	not_admitted	not_admitted	not_admitted	not_admitted	not_admitted	not_admitted	not_admitted	not_admitted	1	41;37300;38292;-;366.7	32;30670;32052;-;392.4	35;33084;33833;-;231.0	44;39279;41927;-;314.1	31;27851;30673;-;394.4	52;44460;45881;-;91.5	44;39279;41927;-;97.8	54;46608;47174;-;188.1	39;36350;36988;-;70.6	37;34071;35897;-;271.0	28;23954;26197;-;368.9	49;43139;43654;-;96.7	28;23954;26197;-;67.8	A	9/9	contiguous	22654	1	1	27341..27829-;162;TraS;0
NZ_CP132959.1	MPF_T	-	222	0	0	GA	1	121;119628;120302;-;27.5	120;119321;119620;-;99.0	119;118979;119317;-;97.3	118;116620;119007;-;171.6	118;116620;119007;-;112.3	117;115922;116620;-;200.2	115;114788;115684;-;162.5		113;113790;114461;-;206.6	112;112936;113793;-;187.7	111;111753;112925;-;179.7	110;110719;111744;-;101.3	65;58438;60381;-;338.0		pfam	both	A	7/7	canonical	1	0	unscoreable	2	0	0														not_admitted	not_admitted	not_admitted	not_admitted	not_admitted	not_admitted	not_admitted
NZ_CP132978.1	MPF_F	IncFIA;IncFIB(AP001918);IncFII(29)	112	0	0	GA	0															not_admitted	not_admitted	not_admitted	not_admitted	not_admitted	not_admitted	not_admitted	not_admitted	not_admitted	not_admitted	1	110;100377;101369;+;368.6	9;4648;6021;+;378.0	2;1692;2435;+;235.0	107;96741;99368;+;306.8	10;6018;8840;+;388.4	100;93258;94685;+;94.3	107;96741;99368;+;98.5	98;91977;92543;+;183.8	111;101378;102016;+;67.4	0;63;1415;+;269.7	13;10368;12521;+;391.8	104;95709;96224;+;77.3	13;10368;12521;+;70.4	A	9/9	split_2	101315	1	1	8862..9353+;163;TraS;0
NZ_CP132981.1	MPF_F	IncFII	85	0	0	GA	0															not_admitted	not_admitted	not_admitted	not_admitted	not_admitted	not_admitted	not_admitted	not_admitted	not_admitted	not_admitted	1	84;79991;80983;+;369.3	9;5992;7365;+;381.0	4;3659;4402;+;235.0	81;76355;78982;+;305.4	10;7362;10184;+;387.7	75;72872;74299;+;94.3	81;76355;78982;+;98.5	73;71591;72157;+;183.8	1;939;1577;+;68.6	2;1574;3382;+;268.0	13;11718;13952;+;391.7	79;75323;75838;+;78.6	13;11718;13952;+;70.4	A	9/9	split_2	79052	1	1	10205..10702+;165;TraS;0
NZ_CP132982.1	MPF_F	IncHI2;IncHI2A;IncN	298	0	0	GA	0															not_admitted	not_admitted	not_admitted	not_admitted	not_admitted	not_admitted	not_admitted	not_admitted	not_admitted	not_admitted	1	155;144753;145811;+;276.9	37;33498;34913;-;194.1	38;34903;35949;-;174.3	139;122001;124682;+;168.0	36;29536;33489;-;101.6	135;118316;119671;+;80.7	139;122001;124682;+;72.2	132;115804;116592;+;74.8	153;143100;144611;+;62.0	156;145830;149018;+;57.3	45;42991;45075;+;56.8	138;121042;121992;+;46.1	45;42991;45075;+;38.8	A	9/9	split_3	116294	1	1	28066..29355-;429;unnamed;0
NZ_CP132984.1	MPF_F	IncFIB(AP001918);IncFII(pSE11)	182	0	0	GA	0															not_admitted	not_admitted	not_admitted	not_admitted	not_admitted	not_admitted	not_admitted	not_admitted	not_admitted	not_admitted	1	33;24066;25058;+;369.3	44;30741;32117;+;378.0	37;27787;28530;+;235.0	30;20430;23057;+;305.4	45;32114;34936;+;389.5	23;16948;18375;+;94.3	30;20430;23057;+;98.5	21;15667;16233;+;181.1	34;25067;25705;+;68.4	35;25702;27510;+;268.4	48;36470;38704;+;391.4	27;19399;19914;+;78.4	48;36470;38704;+;69.1	A	9/9	contiguous	20803	1	1	34958..35437+;159;TraS;0
NZ_CP133084.1	MPF_T	-	77	0	0	GA	1		71;72167;72580;+;52.4	72;72605;72916;+;53.8	73;72913;75447;+;86.7	73;72913;75447;+;110.1	1;474;1274;+;84.7	3;1549;2637;+;116.5		74;75447;76223;+;151.0	75;76238;77164;+;174.7	0;22;456;+;136.8	70;71186;72145;+;138.4	55;56878;58713;-;461.0		conjscan	conjscan_only	A	7/7	rearranged	1	0	unscoreable	2	0	0														not_admitted	not_admitted	not_admitted	not_admitted	not_admitted	not_admitted	not_admitted
NZ_CP133112.1	MPF_T	-	22	0	0	GA	1	12;7000;7761;+;89.2	17;13347;13679;+;85.6	18;13679;13960;+;37.6	19;13973;16429;+;27.5	19;13973;16429;+;129.6	20;16426;17202;+;245.3						16;12367;13350;+;117.6	14;9768;11756;+;333.8		conjscan	conjscan_only	D	3/7	uncallable	0	0	unscoreable	2	0	0														not_admitted	not_admitted	not_admitted	not_admitted	not_admitted	not_admitted	not_admitted
NZ_CP133113.1	MPF_T	-	23	0	0	GA	1	13;7190;7678;+;51.2	18;13269;13601;+;85.4	19;13601;13882;+;36.4	20;13895;16351;+;32.7	20;13895;16351;+;129.1	21;16348;17124;+;240.4						17;12289;13272;+;117.9	15;9688;11676;+;336.0		conjscan	conjscan_only	D	3/7	uncallable	0	0	unscoreable	2	0	0														not_admitted	not_admitted	not_admitted	not_admitted	not_admitted	not_admitted	not_admitted
NZ_CP133114.1	MPF_T	-	207	0	0	GA	1	150;150016;150750;+;73.1	151;150764;151066;+;73.0	152;151063;151359;+;86.8	153;151369;153780;+;118.3	153;151369;153780;+;106.3	155;154684;155400;+;36.6	158;155808;156938;+;141.7		159;156935;157651;+;204.0	160;157648;158451;+;203.6	161;158458;159807;+;209.2	162;159770;160828;+;122.0	163;160806;162956;+;264.1		pfam	pfam_only	A	7/7	canonical	1	0	unscoreable	3	0	0														not_admitted	not_admitted	not_admitted	not_admitted	not_admitted	not_admitted	not_admitted
NZ_CP133149.1	MPF_T	-	180	0	0	GA	1	94;92747;93835;-;97.4	97;96597;96935;-;75.0	96;96294;96593;-;76.1	95;93832;96291;-;123.3	95;93832;96291;-;98.5	93;92034;92735;-;36.1	91;90773;91801;-;146.5		90;90039;90734;-;185.2	89;89233;90042;-;197.3	88;88022;89233;-;208.9	87;87013;88041;-;131.4	86;84923;87016;-;312.8		pfam	pfam_only	A	7/7	canonical	1	0	unscoreable	1	0	0														not_admitted	not_admitted	not_admitted	not_admitted	not_admitted	not_admitted	not_admitted
NZ_CP133150.1	MPF_T	-	269	0	0	GA	1		59;61526;61825;-;93.2	58;61183;61521;-;101.1	57;58824;61190;-;173.6	57;58824;61190;-;100.9	56;58126;58824;-;195.7	54;56960;57892;-;164.3		52;55966;56637;-;208.0	51;55118;55969;-;186.1	50;53944;55107;-;183.0	49;52946;53935;-;104.8	24;27111;29030;+;341.8		pfam	both	A	7/7	canonical	1	0	unscoreable	2	0	0														not_admitted	not_admitted	not_admitted	not_admitted	not_admitted	not_admitted	not_admitted
NZ_CP133184.1	MPF_F	IncHI2;IncHI2A	255	0	0	GA	0															not_admitted	not_admitted	not_admitted	not_admitted	not_admitted	not_admitted	not_admitted	not_admitted	not_admitted	not_admitted	1	27;31208;32266;+;276.9			11;8955;11636;+;168.0		7;5270;6625;+;80.7	11;8955;11636;+;72.2	4;2758;3546;+;74.8	25;29555;31066;+;61.8	28;32285;35473;+;57.3		10;7996;8946;+;46.1		C	6/9	split_2	29527	0	1	
NZ_CP133207.1	MPF_T	IncN	75	0	0	GA	1	16;11930;12664;+;32.5		19;13307;13624;+;63.3	20;13624;16224;+;113.8	20;13624;16224;+;76.4	21;16242;16955;+;105.5	23;17206;18246;+;142.4		24;18465;19163;+;131.9	25;19174;20058;+;159.7	26;20058;21218;+;156.3	27;21260;22255;+;81.2	52;44088;45617;-;38.5		pfam	both	A	7/7	canonical	1	0	unscoreable	3	0	0														not_admitted	not_admitted	not_admitted	not_admitted	not_admitted	not_admitted	not_admitted
NZ_CP133211.1	MPF_F	IncHI2;IncHI2A	198	0	0	GA	0															not_admitted	not_admitted	not_admitted	not_admitted	not_admitted	not_admitted	not_admitted	not_admitted	not_admitted	not_admitted	1	134;124210;125268;+;276.9			118;101957;104638;+;168.0		114;98272;99627;+;80.7	118;101957;104638;+;72.2	111;95760;96548;+;74.8	132;122557;124068;+;62.0	135;125287;128475;+;57.3		117;100998;101948;+;46.1		C	6/9	split_2	29527	0	1	
NZ_CP133213.1	MPF_F	IncHI2;IncHI2A	195	0	0	GA	0															not_admitted	not_admitted	not_admitted	not_admitted	not_admitted	not_admitted	not_admitted	not_admitted	not_admitted	not_admitted	1	68;60236;61294;-;276.9			84;80866;83547;-;168.0		88;85877;87232;-;80.7	84;80866;83547;-;72.2	91;88956;89744;-;74.8	70;61436;62947;-;62.0	67;57029;60217;-;57.3		85;83556;84506;-;46.1		C	6/9	contiguous	31927	0	1	
NZ_CP133216.1	-	-	153	0	0	GA	1	81;71555;72226;-;107.2	90;80527;80862;-;77.5	89;80258;80530;-;28.5	88;77727;80261;-;55.0	88;77727;80261;-;101.7	87;76996;77730;-;49.6	86;75763;76983;-;87.2		85;75008;75700;-;141.0	84;73919;74953;-;208.6	83;72623;73909;-;207.5	124;120405;121307;+;113.3	122;117881;119950;+;350.1		conjscan	conjscan_only	A	7/7	canonical	1	0	unscoreable	3	0	0														not_admitted	not_admitted	not_admitted	not_admitted	not_admitted	not_admitted	not_admitted
NZ_CP133225.1	MPF_T	IncN	75	0	0	GA	1	39;29107;29841;+;32.5		42;30484;30801;+;63.3	43;30801;33401;+;113.8	43;30801;33401;+;76.4	44;33419;34132;+;105.5	46;34383;35423;+;142.4		47;35642;36340;+;131.9	48;36351;37235;+;159.7	49;37235;38395;+;156.3	50;38437;39432;+;81.2	0;1504;3033;-;38.5		pfam	both	A	7/7	canonical	1	0	unscoreable	3	0	0														not_admitted	not_admitted	not_admitted	not_admitted	not_admitted	not_admitted	not_admitted
NZ_CP133279.1	MPF_F	IncHI2;IncHI2A	298	0	0	GA	0															not_admitted	not_admitted	not_admitted	not_admitted	not_admitted	not_admitted	not_admitted	not_admitted	not_admitted	not_admitted	1	32;33819;34877;+;276.9	192;183506;184921;-;194.1	193;184911;185957;-;173.7	13;10304;12985;+;168.0	191;179547;183497;-;101.6	9;6619;7974;+;80.7	13;10304;12985;+;72.2	6;4107;4895;+;74.8	30;32166;33677;+;62.7	33;34896;38084;+;58.3	199;192998;195082;+;56.7	12;9345;10295;+;46.4	199;192998;195082;+;38.8	A	9/9	split_3	188891	0	1	
NZ_CP133322.1	MPF_T	IncI2(Delta)	78	0	0	GA	1	39;30975;31457;-;81.1	55;47505;47795;-;28.9	54;47114;47398;-;36.4	53;44751;47108;-;60.4	53;44751;47108;-;43.3	64;52859;53500;-;43.0	65;53506;54501;-;136.6		51;43851;44585;-;144.4	50;43084;43854;-;170.5	49;41955;43094;-;154.7	42;33225;34778;-;207.9	47;38843;40801;-;287.0		pfam	pfam_only	A	7/7	rearranged	1	0	unscoreable	14	0	0														not_admitted	not_admitted	not_admitted	not_admitted	not_admitted	not_admitted	not_admitted
NZ_CP133337.1	MPF_F	IncHI2;IncHI2A	383	0	0	GA	0															not_admitted	not_admitted	not_admitted	not_admitted	not_admitted	not_admitted	not_admitted	not_admitted	not_admitted	not_admitted	1	57;53179;54237;-;276.9	198;179980;181395;+;194.1	197;178944;179990;+;171.0	75;74876;77557;-;168.0	199;181404;185354;+;101.6	79;79887;81242;-;80.7	75;74876;77557;-;72.2	82;82966;83754;-;74.8	59;54379;55890;-;62.7	53;48747;50261;-;60.5	191;169819;171903;-;56.7	76;77566;78516;-;46.4	191;169819;171903;-;38.8	A	9/9	split_3	132657	0	1	
NZ_CP133338.1	MPF_F	IncFIB(pB171);IncFII(Yp);IncFII(pAR0022);IncX1	164	0	0	GA	0															not_admitted	not_admitted	not_admitted	not_admitted	not_admitted	not_admitted	not_admitted	not_admitted	not_admitted	not_admitted	1	109;94467;95459;+;369.4	117;100172;101542;+;376.7	113;98206;98955;+;218.2	106;90849;93479;+;285.5	118;101542;104364;+;336.5	100;87427;88821;+;89.4	106;90849;93479;+;98.6	98;86144;86710;+;169.9	110;95476;96105;+;66.9	111;96102;97955;+;260.5	121;105701;107929;+;384.8	101;88843;89382;+;67.5	121;105701;107929;+;63.8	A	9/9	contiguous	19557	1	1	104386..104817+;143;TraS;0
NZ_CP133339.1	MPF_F	IncC	177	0	0	GA	0															not_admitted	not_admitted	not_admitted	not_admitted	not_admitted	not_admitted	not_admitted	not_admitted	not_admitted	not_admitted	1	99;67821;68828;+;332.9	166;136665;138098;+;339.2	165;135635;136663;+;221.5	94;62622;65069;+;354.0	167;138111;141725;+;374.6	89;53795;55111;+;135.8	94;62622;65069;+;128.6	87;52271;52897;+;92.1	97;65891;67156;+;67.2	100;68944;71742;+;145.3	78;46596;48461;+;47.4	90;55108;55686;+;100.2	78;46596;48461;+;52.0	A	9/9	split_2	91515	0	1	
NZ_CP133343.1	MPF_F	IncHI2;IncHI2A	334	0	0	GA	0															not_admitted	not_admitted	not_admitted	not_admitted	not_admitted	not_admitted	not_admitted	not_admitted	not_admitted	not_admitted	1	29;32275;33333;+;276.9			11;8955;11636;+;168.0		7;5270;6625;+;80.7	11;8955;11636;+;72.1	4;2758;3546;+;74.8	27;30622;32133;+;62.7	30;33352;36540;+;58.3		10;7996;8946;+;46.4		C	6/9	split_2	30594	0	1	
NZ_CP133344.1	MPF_T	IncX3	68	0	0	GA	1	26;21115;21759;-;46.4	25;20841;21131;-;73.1	24;18063;20816;-;47.0	24;18063;20816;-;142.4	24;18063;20816;-;73.3	23;17283;18053;-;60.1	21;15949;17004;-;133.2		20;15026;15754;-;119.4	19;14091;15020;-;138.8	18;12880;14094;-;128.3	16;11650;12684;-;65.7	15;9812;11647;-;495.9		pfam	pfam_only	A	7/7	canonical	1	1	unscoreable	2	0	0														not_admitted	not_admitted	not_admitted	not_admitted	not_admitted	not_admitted	not_admitted
NZ_CP133353.1	MPF_T	IncX3	58	0	0	GA	1	20;12365;13009;+;46.4	21;12993;13283;+;73.1	22;13308;16061;+;47.0	22;13308;16061;+;142.4	22;13308;16061;+;73.3	23;16071;16841;+;60.1	25;17120;18175;+;133.2		26;18370;19098;+;119.4	27;19104;20033;+;138.8	28;20030;21244;+;128.3	30;21440;22474;+;65.7	31;22477;24312;+;495.9		pfam	pfam_only	A	7/7	canonical	1	1	unscoreable	2	0	0														not_admitted	not_admitted	not_admitted	not_admitted	not_admitted	not_admitted	not_admitted
NZ_CP133408.1	-	repA(pENTd4a)	83	0	0	GA	1	14;7436;7939;-;83.4		36;28525;28824;-;37.3	35;26099;28528;-;115.6	35;26099;28528;-;59.6	34;25449;26102;-;125.4	33;24453;25418;-;108.3		32;23668;24354;-;104.8	31;22829;23671;-;158.6	30;21682;22839;-;134.0	24;14635;16176;-;197.2	60;45211;46770;+;59.7		pfam	both	A	7/7	canonical	1	0	unscoreable	14	0	0														not_admitted	not_admitted	not_admitted	not_admitted	not_admitted	not_admitted	not_admitted
NZ_CP133423.1	MPF_F	IncFIB(AP001918);IncFIC(FII)	109	0	0	GA	0															not_admitted	not_admitted	not_admitted	not_admitted	not_admitted	not_admitted	not_admitted	not_admitted	not_admitted	not_admitted	1	42;46106;47098;-;369.3	34;40037;41410;-;380.7	38;42631;43374;-;232.7	45;48107;50734;-;303.5	33;37218;40040;-;380.3	49;52646;54073;-;94.3	45;48107;50734;-;100.3	51;54788;55354;-;183.8	41;45459;46097;-;68.3	40;43654;45462;-;268.3	30;33504;35684;-;391.8	46;51250;51765;-;78.0	30;33504;35684;-;70.4	A	9/9	contiguous	21284	1	1	36700..37197-;165;TraS;0
NZ_CP133428.1	MPF_T	IncX1;IncX3	52	0	0	GA	1	38;37609;38256;-;45.8	37;37335;37631;-;77.5	36;34563;37316;-;46.6	36;34563;37316;-;147.3	36;34563;37316;-;73.5	35;33794;34552;-;67.3	33;32367;33497;-;103.0		32;31409;32122;-;120.0	31;30475;31404;-;133.8	30;29273;30478;-;132.5	29;28240;29271;-;79.0	28;26402;28237;-;488.2		pfam	pfam_only	A	7/7	canonical	1	1	unscoreable	1	0	0														not_admitted	not_admitted	not_admitted	not_admitted	not_admitted	not_admitted	not_admitted
NZ_CP133431.1	MPF_T	IncX1;IncX3	52	0	0	GA	1	38;37609;38256;-;45.8	37;37335;37631;-;77.5	36;34563;37316;-;46.6	36;34563;37316;-;147.3	36;34563;37316;-;73.5	35;33794;34552;-;67.3	33;32367;33497;-;103.0		32;31409;32122;-;120.0	31;30475;31404;-;133.8	30;29273;30478;-;132.5	29;28240;29271;-;79.0	28;26402;28237;-;488.2		pfam	pfam_only	A	7/7	canonical	1	1	unscoreable	1	0	0														not_admitted	not_admitted	not_admitted	not_admitted	not_admitted	not_admitted	not_admitted
NZ_CP133434.1	MPF_T	IncX1;IncX3	52	0	0	GA	1	38;37609;38256;-;45.8	37;37335;37631;-;77.5	36;34563;37316;-;46.6	36;34563;37316;-;147.3	36;34563;37316;-;73.5	35;33794;34552;-;67.3	33;32367;33497;-;103.0		32;31409;32122;-;120.0	31;30475;31404;-;133.8	30;29273;30478;-;132.5	29;28240;29271;-;79.0	28;26402;28237;-;488.2		pfam	pfam_only	A	7/7	canonical	1	1	unscoreable	1	0	0														not_admitted	not_admitted	not_admitted	not_admitted	not_admitted	not_admitted	not_admitted
NZ_CP133441.1	MPF_F	-	64	0	0	GA	0															not_admitted	not_admitted	not_admitted	not_admitted	not_admitted	not_admitted	not_admitted	not_admitted	not_admitted	not_admitted	1	53;41997;42980;+;355.9	58;46831;48198;+;353.7	56;45444;46199;+;203.8	50;38376;40967;+;233.8	59;48198;51047;+;327.8	48;36042;37361;+;91.0	50;38376;40967;+;97.0	46;34762;35328;+;140.0	54;42989;43600;+;67.9	55;43597;45444;+;241.8	61;51882;54020;+;363.2	49;37745;38365;+;47.6	61;51882;54020;+;64.8	A	9/9	contiguous	17120	1	1	51047..51760+;237;unnamed;0
NZ_CP133454.1	MPF_F	IncFIA;IncFII	130	0	0	GA	0															not_admitted	not_admitted	not_admitted	not_admitted	not_admitted	not_admitted	not_admitted	not_admitted	not_admitted	not_admitted	1	104;98339;99331;+;371.6	113;104393;105766;+;380.7	108;102060;102803;+;233.0	101;94703;97330;+;303.5	114;105763;108582;+;386.2	95;91117;92544;+;91.9	101;94703;97330;+;98.5	93;89836;90402;+;182.9	105;99340;99978;+;64.9	106;99975;101783;+;268.2	117;110114;112348;+;391.7	100;93672;94187;+;76.4	117;110114;112348;+;70.3	A	9/9	contiguous	20278	1	1	108607..109098+;163;TraS;0
NZ_CP133478.1	MPF_T	-	34	0	0	GA	1				1;320;2338;+;25.1									7;6351;7895;+;467.5		none	none	D	2/7	uncallable	0	0	unscoreable	5	0	0														not_admitted	not_admitted	not_admitted	not_admitted	not_admitted	not_admitted	not_admitted
NZ_CP133481.1	-	-	70	0	0	GA	1	17;14187;14792;+;84.8	18;14777;15067;+;59.6	19;15100;15339;+;32.9	20;15332;17695;+;101.9	20;15332;17695;+;39.3	22;17831;18553;+;120.2	24;19033;20208;+;123.0		25;20277;20954;+;191.5	26;20957;21718;+;185.3	27;21718;23028;+;173.1	28;23028;24014;+;114.7	29;24093;26309;-;329.8		pfam	both	A	7/7	canonical	1	0	unscoreable	2	0	0														not_admitted	not_admitted	not_admitted	not_admitted	not_admitted	not_admitted	not_admitted
NZ_CP133488.1	MPF_F	IncHI2;IncHI2A	271	0	0	GA	0															not_admitted	not_admitted	not_admitted	not_admitted	not_admitted	not_admitted	not_admitted	not_admitted	not_admitted	not_admitted	1	27;31208;32266;+;276.9	187;175984;177399;-;194.1	188;177389;178435;-;174.3	11;8955;11636;+;168.0	186;172022;175975;-;101.7	7;5270;6625;+;80.7	11;8955;11636;+;72.2	4;2758;3546;+;74.8	25;29555;31066;+;62.0	28;32285;35473;+;57.3	195;185477;187561;+;56.8	10;7996;8946;+;46.1	195;185477;187561;+;38.8	A	9/9	split_3	182719	1	1	170552..171841-;429;unnamed;0
NZ_CP133489.1	MPF_T	IncX4	45	0	0	GA	1	10;4677;5297;+;41.6	11;5311;5637;+;64.4	12;5656;8403;+;63.8	12;5656;8403;+;151.8	12;5656;8403;+;46.1	13;8415;9131;+;94.2	14;9143;10237;+;150.1		16;10752;11438;+;169.0	17;11435;12343;+;142.4	18;12336;13454;+;163.9	19;13456;14484;+;85.0	20;14516;16333;+;314.8		pfam	pfam_only	A	7/7	canonical	1	1	unscoreable	1	0	0														not_admitted	not_admitted	not_admitted	not_admitted	not_admitted	not_admitted	not_admitted
NZ_CP133567.1	MPF_T	IncN	54	0	0	GA	1	12;8659;9393;+;32.5	14;9693;9986;+;28.7	15;10036;10353;+;63.3	16;10353;12953;+;111.8	16;10353;12953;+;76.8	17;12971;13684;+;97.1	19;13935;14975;+;153.6		20;15194;15892;+;131.9	21;15903;16787;+;159.0	22;16787;17947;+;154.9	23;17989;18984;+;81.2	35;33945;35474;-;38.5		pfam	both	A	7/7	canonical	1	0	unscoreable	2	0	0														not_admitted	not_admitted	not_admitted	not_admitted	not_admitted	not_admitted	not_admitted
NZ_CP133658.1	MPF_F	IncFIB(AP001918);IncFII(pCoo)	204	0	0	GA	0															not_admitted	not_admitted	not_admitted	not_admitted	not_admitted	not_admitted	not_admitted	not_admitted	not_admitted	not_admitted	1	106;125087;126079;-;370.6	91;116358;117731;-;377.2	98;120158;120901;-;233.7	109;127088;129004;-;142.5	90;113515;116361;-;372.8	123;135906;137354;-;93.4	109;127088;129004;-;99.9	125;138069;138635;-;183.1	103;123820;124458;-;71.5	100;121178;123007;-;259.1	87;109841;112012;-;391.5	119;134292;134807;-;77.9	87;109841;112012;-;68.6	A	9/9	contiguous	28228	1	1	113009..113518-;169;unnamed;0
NZ_CP133667.1	MPF_T	-	57	0	0	GA	1	22;15669;16379;+;101.0	23;16390;16683;+;41.2		24;16695;19406;+;78.0	24;16695;19406;+;57.1	25;19403;20044;+;71.2	12;6749;7834;+;71.0		13;7834;8622;+;74.6	14;8637;9374;+;149.0	15;9376;10755;+;180.8	16;10771;11808;+;92.0	20;13888;15405;+;35.6		pfam	both	A	7/7	rearranged	1	0	unscoreable	3	0	0														not_admitted	not_admitted	not_admitted	not_admitted	not_admitted	not_admitted	not_admitted
NZ_CP133741.1	MPF_T	IncN	60	0	0	GA	1	52;48059;48796;-;32.0		49;47098;47415;-;63.3	48;44498;47098;-;111.8	48;44498;47098;-;76.4	47;43767;44480;-;105.5	45;42476;43516;-;142.4		44;41559;42257;-;131.9	43;40664;41548;-;159.7	42;39504;40664;-;156.3	41;38467;39462;-;81.2	6;7971;9500;-;38.5		pfam	both	A	7/7	canonical	1	0	unscoreable	3	0	0														not_admitted	not_admitted	not_admitted	not_admitted	not_admitted	not_admitted	not_admitted
NZ_CP133742.1	MPF_F	IncFIB(K);IncFII(K)	252	0	0	GA	0															not_admitted	not_admitted	not_admitted	not_admitted	not_admitted	not_admitted	not_admitted	not_admitted	not_admitted	not_admitted	1	34;35046;36035;-;363.3	23;27860;29227;-;382.2	27;30485;31237;-;236.4	38;37492;40131;-;259.0	22;25017;27860;-;342.9	49;44098;45522;-;88.8	38;37492;40131;-;87.6	51;46249;46815;-;167.9	32;34123;34770;-;65.9	31;32109;34064;-;259.5	18;20120;22432;-;392.8	46;42902;43486;-;53.8	18;20120;22432;-;65.9	A	9/9	contiguous	26129	1	1	24482..25006-;174;unnamed;0
NZ_CP133743.1	MPF_F	IncFIB(pNDM-Mar);IncHI1B(pNDM-MAR)	222	0	0	GA	0															not_admitted	not_admitted	not_admitted	not_admitted	not_admitted	not_admitted	not_admitted	not_admitted	not_admitted	not_admitted	1	28;28122;29159;-;282.3	175;152390;153799;+;190.4	174;151363;152400;+;175.6	41;39992;42709;-;149.6	176;153801;157715;+;120.2	45;44822;46192;-;65.6	41;39992;42709;-;85.2	48;47838;48698;-;79.0	29;29156;30517;-;69.9	27;24930;28112;-;59.4	166;142040;144166;-;57.7	42;42754;43491;-;56.9	166;142040;144166;-;41.0	A	9/9	split_2	128871	0	1	
NZ_CP133745.1	MPF_F	IncFIB(pQil);IncFII(K)	140	0	0	GA	0															not_admitted	not_admitted	not_admitted	not_admitted	not_admitted	not_admitted	not_admitted	not_admitted	not_admitted	not_admitted	1	18;15560;16549;-;366.0	7;8647;10014;-;380.7	11;11272;12024;-;233.7	22;17992;20631;-;258.5	6;5798;8647;-;345.6	30;23888;25312;-;88.8	22;17992;20631;-;88.7	32;26039;26605;-;169.3	17;14909;15547;-;67.0	15;12896;13528;-;203.2	1;1646;2827;-;364.5	29;23190;23774;-;55.4	1;1646;2827;-;60.9	A	9/9	contiguous	24393	1	1	5237..5785-;182;unnamed;0
NZ_CP133748.1	MPF_F	IncFIB(pNDM-Mar);IncHI1B(pNDM-MAR);IncR	359	0	0	GA	0															not_admitted	not_admitted	not_admitted	not_admitted	not_admitted	not_admitted	not_admitted	not_admitted	not_admitted	not_admitted	1	330;282970;284007;-;282.3	125;102012;103421;+;190.4	124;100985;102022;+;175.9	342;294839;297556;-;148.7	126;103423;107331;+;122.1	346;299669;301039;-;65.6	342;294839;297556;-;85.2	349;302685;303545;-;79.0	331;284004;285365;-;69.9	329;279775;282960;-;58.9	117;91661;93787;-;57.8	343;297601;298338;-;57.0	117;91661;93787;-;41.0	A	9/9	split_2	211024	0	1	
NZ_CP133754.1	MPF_T	-	551	0	0	GA	1	348;324742;325446;+;26.8	293;270964;271350;-;89.6	292;270698;270967;-;32.5	291;268235;270685;-;37.9	291;268235;270685;-;125.2	290;267495;268238;-;226.2	288;265792;267159;-;179.3		287;265069;265773;-;235.7	286;264080;265072;-;223.1	285;262794;264077;-;206.6	56;54485;56242;+;294.1	296;272886;274883;-;345.5		conjscan	conjscan_only	A	7/7	canonical	1	0	unscoreable	3	0	0														not_admitted	not_admitted	not_admitted	not_admitted	not_admitted	not_admitted	not_admitted
NZ_CP133845.1	MPF_F	IncFIB(K);IncFII(K)	237	0	0	GA	0															not_admitted	not_admitted	not_admitted	not_admitted	not_admitted	not_admitted	not_admitted	not_admitted	not_admitted	not_admitted	1	183;182296;182814;-;217.3	172;175110;176477;-;382.2	176;177735;178487;-;236.4	188;184743;187382;-;259.0	171;172267;175110;-;342.9	199;191349;192773;-;88.8	188;184743;187382;-;87.6	201;193500;194066;-;167.9	181;181373;182020;-;65.9	180;179359;181314;-;259.5	167;167370;169682;-;392.8	196;190153;190737;-;53.8	167;167370;169682;-;65.9	A	9/9	contiguous	26130	1	1	171732..172256-;174;unnamed;0
NZ_CP133848.1	-	pKPC-CAV1321	370	0	0	GA	0															not_admitted	not_admitted	not_admitted	not_admitted	not_admitted	not_admitted	not_admitted	not_admitted	not_admitted	not_admitted	1	55;42711;43778;+;276.8	76;60757;62199;+;260.7	75;59660;60760;+;198.4	48;36885;39371;+;223.8	77;62214;65732;+;240.0	42;31483;32880;+;109.8	48;36885;39371;+;120.8	40;29574;30200;+;87.1	54;41704;42714;+;42.0	79;66168;68825;+;136.9	34;25051;26862;+;23.0	43;32877;33443;+;71.6	34;25051;26862;+;33.8	A	9/9	contiguous	41117	0	1	
NZ_CP133853.1	MPF_F	IncFIA;IncFIB(AP001918);IncFII	153	0	0	GA	0															not_admitted	not_admitted	not_admitted	not_admitted	not_admitted	not_admitted	not_admitted	not_admitted	not_admitted	not_admitted	1	36;30292;31284;+;367.4	47;36970;38343;+;380.9	40;34013;34756;+;235.0	30;24070;25611;+;307.2	48;38340;41165;+;385.9	24;20588;22015;+;94.3	33;28165;29283;+;70.0	22;19307;19873;+;183.8	37;31293;31931;+;68.6	38;31928;33736;+;268.3	51;42668;44866;+;391.3	28;23039;23554;+;78.4	51;42668;44866;+;70.4	A	9/9	contiguous	23361	1	1	41162..41671+;169;unnamed;0
NZ_CP133857.1	MPF_F	IncHI2;IncHI2A;pXuzhou21	326	1	1	GA	1	160;139104;139781;-;28.6			157;135825;138359;-;58.7	157;135825;138359;-;38.4	156;135161;135841;-;83.2	165;143426;144478;+;92.8		154;134145;134936;-;139.8	153;133336;134124;-;168.9	152;132117;133343;-;157.0	151;130979;132040;-;79.1	150;128936;130957;-;311.2	261;230026;233214;-;58.3	pfam	pfam_only	A	7/7	uncallable	0	0	unscoreable	7	0	1	262;233233;234291;-;276.9	21;20740;22155;+;194.1	20;19704;20750;+;173.7	280;254930;257611;-;168.0	22;22164;26114;+;101.0	152;132117;133343;-;157.0	280;254930;257611;-;72.2	287;263020;263508;-;61.5	264;234433;235944;-;62.7	261;230026;233214;-;58.3	150;128936;130957;-;60.6	281;257620;258570;-;46.4	150;128936;130957;-;77.9	A	9/9	split_4	243316	0	1	
NZ_CP133861.1	-	repA(pENTd4a)	68	0	0	GA	1	63;51699;52064;-;56.0			13;13988;16417;-;115.6	13;13988;16417;-;59.6	12;13338;13991;-;125.4	11;12342;13307;-;108.3		10;11557;12243;-;104.8	9;10718;11560;-;158.6	8;9571;10728;-;133.4	2;2524;4065;-;197.2	37;33109;34668;+;59.7		pfam	both	A	7/7	canonical	1	0	unscoreable	6	0	0														not_admitted	not_admitted	not_admitted	not_admitted	not_admitted	not_admitted	not_admitted
NZ_CP133867.1	MPF_T	IncN;IncR	116	0	0	GA	1	36;37173;37907;-;32.5		33;36213;36530;-;63.3	32;33613;36213;-;113.8	32;33613;36213;-;76.4	31;32882;33595;-;105.5	29;31591;32631;-;142.4		28;30674;31372;-;131.9	27;29779;30663;-;159.7	26;28619;29779;-;156.3	25;27582;28577;-;81.2	75;63870;65399;+;38.5		pfam	both	A	7/7	canonical	1	0	unscoreable	3	0	0														not_admitted	not_admitted	not_admitted	not_admitted	not_admitted	not_admitted	not_admitted
NZ_CP133870.1	MPF_F	IncFII(pSFO)	120	0	0	GA	0															not_admitted	not_admitted	not_admitted	not_admitted	not_admitted	not_admitted	not_admitted	not_admitted	not_admitted	not_admitted	1	53;46348;47340;-;369.5	37;36381;37754;-;380.5	44;40850;41593;-;233.3	56;48349;50979;-;305.1	36;33541;36384;-;375.4	66;54215;55669;-;93.5	56;48349;50979;-;98.6	68;56384;56950;-;177.1	49;44532;45170;-;67.3	46;41870;43720;-;264.4	32;29069;31267;-;389.0	62;52602;53117;-;76.0	32;29069;31267;-;67.6	A	9/9	contiguous	27315	1	1	33026..33520-;164;TraS;0
NZ_CP133877.1	MPF_F	IncC	209	0	0	GA	0															not_admitted	not_admitted	not_admitted	not_admitted	not_admitted	not_admitted	not_admitted	not_admitted	not_admitted	not_admitted	1	127;102139;103146;+;332.9	197;165098;166531;+;339.2	196;164068;165096;+;221.7	122;96940;99387;+;354.5	198;166544;170158;+;375.3	45;26117;27277;+;156.3	122;96940;99387;+;128.3	115;86544;87170;+;92.7	125;100209;101474;+;67.9	128;103262;106060;+;145.3	106;80869;82734;+;47.3	118;89381;89959;+;100.2	106;80869;82734;+;52.0	A	9/9	split_3	140427	0	1	
NZ_CP133879.1	MPF_F	IncFII(pBK30683);repB(R1701)	128	0	0	GA	0															not_admitted	not_admitted	not_admitted	not_admitted	not_admitted	not_admitted	not_admitted	not_admitted	not_admitted	not_admitted	1	74;61552;62541;-;366.0	64;54638;56005;-;384.0	68;57263;58015;-;233.7	78;63998;66637;-;258.5	63;51789;54638;-;346.4	84;69466;70890;-;89.2	78;63998;66637;-;88.7	86;71617;72183;-;169.3	73;60901;61539;-;67.0	72;58887;60842;-;259.7	59;47013;49325;-;392.8	83;68809;69393;-;54.5	59;47013;49325;-;65.8	A	9/9	contiguous	24604	1	1	51253..51786-;177;unnamed;0
NZ_CP133883.1	MPF_F	IncFIB(pNDM-Mar);IncHI1B(pNDM-MAR);IncQ1	329	0	0	GA	0															not_admitted	not_admitted	not_admitted	not_admitted	not_admitted	not_admitted	not_admitted	not_admitted	not_admitted	not_admitted	1	256;228540;229577;-;282.3	75;58891;60300;+;190.4	74;57864;58901;+;176.7	268;240409;243126;-;149.6	76;60302;64270;+;120.1	272;245239;246609;-;65.6	268;240409;243126;-;85.2	275;248255;249115;-;79.0	257;229574;230935;-;70.0	255;225345;228530;-;59.6	67;48557;50683;-;58.0	269;243171;243908;-;56.9	67;48557;50683;-;39.7	A	9/9	split_2	199698	0	1	
NZ_CP133884.1	MPF_F	IncC	189	0	0	GA	0															not_admitted	not_admitted	not_admitted	not_admitted	not_admitted	not_admitted	not_admitted	not_admitted	not_admitted	not_admitted	1	107;81732;82739;+;332.9	177;144692;146125;+;339.2	176;143662;144690;+;221.7	102;76533;78980;+;354.5	178;146138;149752;+;375.3	45;26117;27277;+;156.3	102;76533;78980;+;128.3	95;66137;66763;+;92.7	105;79802;81067;+;67.9	108;82855;85653;+;145.3	86;60462;62327;+;47.3	98;68974;69552;+;100.2	86;60462;62327;+;52.0	A	9/9	split_3	120021	0	1	
NZ_CP133893.1	-	-	84	0	0	GA	1	42;40192;40707;+;46.5	14;17479;17808;+;65.8	15;17819;18133;+;30.4	16;18174;20588;+;51.1	16;18174;20588;+;99.0	17;20585;21343;+;34.3	19;22298;23605;+;91.1		20;23635;24309;+;147.4	21;24318;25190;+;159.1	23;25605;26861;+;190.4	28;30999;32621;+;175.5			conjscan	conjscan_only	B	6/7	canonical	1	0	unscoreable	19	0	0														not_admitted	not_admitted	not_admitted	not_admitted	not_admitted	not_admitted	not_admitted
NZ_CP133895.1	-	-	83	0	0	GA	1	19;14589;15104;+;46.5	75;65324;65653;+;65.8	76;65664;65978;+;30.4	77;66019;68433;+;51.1	77;66019;68433;+;99.0	78;68430;69188;+;34.3	80;70143;71450;+;91.1		81;71480;72154;+;147.4	82;72163;73035;+;159.1	0;1;1257;+;190.4	5;5395;7017;+;175.5			conjscan	conjscan_only	B	6/7	canonical	1	0	unscoreable	18	0	0														not_admitted	not_admitted	not_admitted	not_admitted	not_admitted	not_admitted	not_admitted
NZ_CP133896.1	-	-	87	0	0	GA	1	80;67298;67813;+;49.4	50;43960;44289;+;65.8	51;44300;44614;+;30.4	52;44655;47069;+;48.7	52;44655;47069;+;99.0	53;47066;47824;+;34.3	55;48779;50095;+;100.2		57;50313;50987;+;144.3	58;50996;51868;+;159.7	60;52283;53539;+;191.1	65;57695;59317;+;175.7	0;43;2004;+;40.1		conjscan	conjscan_only	A	7/7	canonical	1	0	unscoreable	21	0	0														not_admitted	not_admitted	not_admitted	not_admitted	not_admitted	not_admitted	not_admitted
NZ_CP133897.1	-	-	69	0	0	GA	1	31;23499;24008;+;46.0	4;3372;3746;+;67.8	5;3757;4047;+;42.1	6;4044;6455;+;75.1	6;4044;6455;+;95.9	7;6442;7209;+;42.2	9;7416;9209;+;99.8		10;9154;9870;+;138.1	11;9890;10822;+;170.3	13;11250;12527;+;208.1	46;34891;35838;+;129.1	23;16434;18407;+;323.2		conjscan	conjscan_only	A	7/7	canonical	1	0	unscoreable	19	0	0														not_admitted	not_admitted	not_admitted	not_admitted	not_admitted	not_admitted	not_admitted
NZ_CP133898.1	-	-	46	0	0	GA	1		31;19763;20137;-;67.8	30;19462;19752;-;42.1	29;17054;19465;-;75.1	29;17054;19465;-;95.9	28;16300;17067;-;42.2	26;14993;16093;-;101.4					12;5267;6214;-;129.1			conjscan	conjscan_only	D	3/7	canonical	1	0	unscoreable	15	0	0														not_admitted	not_admitted	not_admitted	not_admitted	not_admitted	not_admitted	not_admitted
NZ_CP133899.1	-	-	20	0	0	GA	1		12;10363;10692;+;65.8	13;10703;11017;+;30.4	14;11058;13472;+;51.1	14;11058;13472;+;99.0	15;13469;14227;+;34.3	17;15182;16489;+;91.1		18;16519;17193;+;147.4	19;17202;18074;+;159.1	0;1;1257;+;190.4	5;5395;7017;+;175.5			conjscan	conjscan_only	B	6/7	canonical	1	0	unscoreable	11	0	0														not_admitted	not_admitted	not_admitted	not_admitted	not_admitted	not_admitted	not_admitted
NZ_CP133903.1	-	-	127	0	0	GA	1	3;5076;5591;+;49.2	101;94203;94532;+;65.8	102;94543;94857;+;30.7	103;94897;97311;+;51.6	103;94897;97311;+;99.0	104;97308;98066;+;35.2	106;99021;100337;+;96.0		108;100555;101229;+;144.3	109;101238;102110;+;159.7	111;102525;103781;+;191.0	116;107939;109561;+;177.1	11;10676;12637;+;40.1		conjscan	conjscan_only	A	7/7	canonical	1	0	unscoreable	14	0	0														not_admitted	not_admitted	not_admitted	not_admitted	not_admitted	not_admitted	not_admitted
NZ_CP133904.1	-	-	81	0	0	GA	1	39;35938;36453;+;46.5	11;13225;13554;+;65.8	12;13565;13879;+;30.4	13;13920;16334;+;51.1	13;13920;16334;+;99.0	14;16331;17089;+;34.3	16;18044;19351;+;91.1		17;19381;20055;+;147.4	18;20064;20936;+;159.1	20;21351;22607;+;190.4	25;26745;28367;+;175.5			conjscan	conjscan_only	B	6/7	canonical	1	0	unscoreable	19	0	0														not_admitted	not_admitted	not_admitted	not_admitted	not_admitted	not_admitted	not_admitted
NZ_CP133905.1	-	-	9	0	0	GA	1		7;6049;6378;+;65.8	8;6389;6703;+;30.4	0;1;2415;+;51.1	0;1;2415;+;99.0	1;2412;3170;+;34.3	4;4124;5467;+;91.0					3;3693;4127;+;86.4			conjscan	conjscan_only	D	3/7	canonical	1	0	unscoreable	4	0	0														not_admitted	not_admitted	not_admitted	not_admitted	not_admitted	not_admitted	not_admitted
NZ_CP133915.1	MPF_T	IncX4	43	0	0	GA	1	18;10597;11217;+;41.6	19;11231;11557;+;64.4	20;11576;14323;+;63.8	20;11576;14323;+;151.8	20;11576;14323;+;46.1	21;14335;15051;+;94.2	22;15063;16157;+;150.1		24;16672;17358;+;169.0	25;17355;18263;+;142.4	26;18256;19374;+;163.9	27;19376;20404;+;85.0	28;20436;22253;+;314.8		pfam	pfam_only	A	7/7	canonical	1	1	unscoreable	1	0	0														not_admitted	not_admitted	not_admitted	not_admitted	not_admitted	not_admitted	not_admitted
NZ_CP133917.1	MPF_F	IncFIA(HI1);IncHI1A;IncHI1B(R27)	203	0	0	GA	0															not_admitted	not_admitted	not_admitted	not_admitted	not_admitted	not_admitted	not_admitted	not_admitted	not_admitted	not_admitted	1	15;14855;15907;+;277.6	115;107013;108428;-;201.7	116;108418;109464;-;171.3	202;178745;181426;+;160.9	114;103015;107004;-;103.1	198;175039;176397;+;84.0	202;178745;181426;+;76.5	195;172587;173372;+;68.7	13;13202;14710;+;65.6	16;15930;19106;+;58.9	122;116399;118483;+;50.2	201;177786;178736;+;45.2	122;116399;118483;+;36.5	A	9/9	split_3	165543	0	1	
NZ_CP133918.1	MPF_F	IncFIB(AP001918);IncFII;IncX1;IncX3	194	1	1	GA	1	70;57251;57760;+;77.3	179;157085;157381;-;76.6	178;154313;157066;-;46.6	178;154313;157066;-;147.9	178;154313;157066;-;75.3	177;153544;154302;-;67.5	175;152173;153306;-;109.2		174;151215;151928;-;118.2	173;150281;151210;-;133.7	172;149079;150284;-;132.5	171;148046;149077;-;76.3	170;146208;148043;-;486.3	50;42495;44303;-;268.3	pfam	pfam_only	A	7/7	canonical	1	1	unscoreable	31	0	1	52;44947;45939;-;367.3	41;37887;39260;-;374.3	48;41475;42218;-;234.1	55;46948;49575;-;305.4	40;35074;37890;-;387.9	172;149079;150284;-;132.5	55;46948;49575;-;99.1	64;53772;54338;-;183.8	51;44300;44938;-;67.3	50;42495;44303;-;268.3	37;31358;33511;-;391.1	58;50091;50606;-;77.3	170;146208;148043;-;84.3	A	9/9	split_2	117721	1	1	34520..35041-;173;unnamed;0
NZ_CP133920.1	MPF_F	IncHI2;IncHI2A	264	0	0	GA	0															not_admitted	not_admitted	not_admitted	not_admitted	not_admitted	not_admitted	not_admitted	not_admitted	not_admitted	not_admitted	1	27;31208;32266;+;276.9	173;167605;169020;-;194.1	174;169010;169789;-;140.9	11;8955;11636;+;168.0	172;163643;167596;-;101.6	7;5270;6625;+;80.7	11;8955;11636;+;72.2	4;2758;3546;+;74.8	25;29555;31066;+;62.0	28;32285;35473;+;57.3	183;178170;180254;+;56.8	10;7996;8946;+;46.1	183;178170;180254;+;38.8	A	9/9	split_3	175412	1	1	162173..163462-;429;unnamed;0
NZ_CP133921.1	MPF_F	IncFIB(AP001918);IncFII	149	0	0	GA	0															not_admitted	not_admitted	not_admitted	not_admitted	not_admitted	not_admitted	not_admitted	not_admitted	not_admitted	not_admitted	1	95;92454;93446;-;367.3	84;85394;86767;-;374.3	91;88982;89725;-;234.1	98;94455;97082;-;305.4	83;82581;85397;-;387.9	105;99137;100564;-;94.4	98;94455;97082;-;99.1	107;101279;101845;-;183.8	94;91807;92445;-;67.3	93;90002;91810;-;268.3	80;78865;81018;-;391.1	101;97598;98113;-;77.3	80;78865;81018;-;69.2	A	9/9	contiguous	22414	1	1	82027..82548-;173;unnamed;0
NZ_CP133924.1	MPF_F	IncHI2;IncHI2A	296	0	0	GA	0															not_admitted	not_admitted	not_admitted	not_admitted	not_admitted	not_admitted	not_admitted	not_admitted	not_admitted	not_admitted	1	27;31208;32266;+;276.9	184;174680;176095;-;194.1	185;176085;177131;-;174.3	11;8955;11636;+;168.0	183;170718;174671;-;101.6	7;5270;6625;+;80.7	11;8955;11636;+;72.2	4;2758;3546;+;74.8	25;29555;31066;+;62.0	28;32285;35473;+;57.3	192;184173;186257;+;56.8	10;7996;8946;+;46.1	192;184173;186257;+;38.8	A	9/9	split_3	181415	1	1	169248..170537-;429;unnamed;0
NZ_CP133925.1	MPF_F	IncFIB(AP001918);IncFII	136	0	0	GA	0															not_admitted	not_admitted	not_admitted	not_admitted	not_admitted	not_admitted	not_admitted	not_admitted	not_admitted	not_admitted	1	68;76969;77961;-;369.3	59;70534;71910;-;381.0	64;73497;74240;-;230.0	71;78970;81597;-;306.5	58;68030;70537;-;387.9	77;83652;85079;-;94.3	71;78970;81597;-;98.5	79;85794;86360;-;183.3	67;76322;76960;-;66.7	66;74517;76325;-;267.9	54;63992;66181;-;391.8	73;82113;82628;-;77.3	54;63992;66181;-;70.3	A	9/9	contiguous	21802	1	1	67714..67947-;77;unnamed;0
NZ_CP133929.1	MPF_T	IncI2	79	0	0	GA	1	40;34193;34675;-;81.1		55;50277;50561;-;36.6	54;47914;50271;-;58.5	54;47914;50271;-;42.8	67;56014;56655;-;42.8	68;56661;57656;-;128.5		52;47014;47748;-;144.3	51;46247;47017;-;170.5	50;45118;46257;-;154.7	43;36443;37981;-;207.1	48;42070;44028;-;289.6		pfam	pfam_only	A	7/7	rearranged	1	0	unscoreable	17	1	0														not_admitted	not_admitted	not_admitted	not_admitted	not_admitted	not_admitted	not_admitted
NZ_CP134000.1	MPF_F	IncC	189	0	0	GA	0															not_admitted	not_admitted	not_admitted	not_admitted	not_admitted	not_admitted	not_admitted	not_admitted	not_admitted	not_admitted	1	107;81732;82739;+;332.9	177;144664;146097;+;339.2	176;143634;144662;+;221.7	102;76533;78980;+;354.5	178;146110;149724;+;375.3	45;26117;27277;+;156.3	102;76533;78980;+;128.3	95;66137;66763;+;92.7	105;79802;81067;+;67.9	108;82855;85653;+;145.3	86;60462;62327;+;47.3	98;68974;69552;+;100.2	86;60462;62327;+;52.0	A	9/9	split_3	119993	0	1	
NZ_CP134001.1	MPF_F	IncFIB(K);IncFII(K)	169	0	0	GA	0															not_admitted	not_admitted	not_admitted	not_admitted	not_admitted	not_admitted	not_admitted	not_admitted	not_admitted	not_admitted	1	113;105833;106825;-;366.6	103;99012;100382;-;381.2	107;101584;102336;-;232.4	116;107851;110490;-;258.7	102;96163;99012;-;344.2	125;114305;115729;-;89.2	116;107851;110490;-;88.8	127;116456;117022;-;167.0	112;105182;105820;-;67.0	111;103179;105185;-;259.0	98;92040;94349;-;393.2	123;113124;113693;-;49.7	98;92040;94349;-;65.8	A	9/9	contiguous	24416	1	1	95630..96160-;176;unnamed;0
NZ_CP134002.1	MPF_F	IncFIA(HI1);IncFII(pKP91)	104	0	0	GA	0															not_admitted	not_admitted	not_admitted	not_admitted	not_admitted	not_admitted	not_admitted	not_admitted	not_admitted	not_admitted	1	80;55177;56169;+;366.6	90;61716;63083;+;384.5	86;59706;60458;+;233.7	77;51512;54151;+;258.5	91;63083;65926;+;346.2	68;46174;47598;+;89.2	77;51512;54151;+;88.7	66;44881;45447;+;167.0	81;56182;56820;+;67.0	82;56879;58834;+;259.7	94;67863;70145;+;393.2	70;48210;48794;+;52.5	94;67863;70145;+;65.8	A	9/9	contiguous	22982	1	1	65937..66461+;174;unnamed;0
NZ_CP134037.1	MPF_F	IncC	189	0	0	GA	0															not_admitted	not_admitted	not_admitted	not_admitted	not_admitted	not_admitted	not_admitted	not_admitted	not_admitted	not_admitted	1	107;81681;82688;+;332.9	177;144641;146074;+;339.2	176;143611;144639;+;221.7	102;76482;78929;+;354.5	178;146087;149701;+;375.3	45;26066;27226;+;156.3	102;76482;78929;+;128.3	95;66086;66712;+;92.7	105;79751;81016;+;67.9	108;82804;85602;+;145.3	86;60411;62276;+;47.3	98;68923;69501;+;100.2	86;60411;62276;+;52.0	A	9/9	split_3	120021	0	1	
NZ_CP134038.1	MPF_F	IncFIB(K);IncFII(K)	171	0	0	GA	0															not_admitted	not_admitted	not_admitted	not_admitted	not_admitted	not_admitted	not_admitted	not_admitted	not_admitted	not_admitted	1	115;108116;109108;-;366.6	105;101295;102665;-;381.2	109;103867;104619;-;232.4	118;110134;112773;-;258.7	104;98446;101295;-;344.2	127;116588;118012;-;89.2	118;110134;112773;-;88.8	129;118739;119305;-;167.0	114;107465;108103;-;67.0	113;105462;107468;-;259.0	100;94323;96632;-;393.2	125;115407;115976;-;49.7	100;94323;96632;-;65.8	A	9/9	contiguous	24416	1	1	97913..98443-;176;unnamed;0
NZ_CP134042.1	MPF_F	IncC	197	0	0	GA	0															not_admitted	not_admitted	not_admitted	not_admitted	not_admitted	not_admitted	not_admitted	not_admitted	not_admitted	not_admitted	1	116;90608;91615;+;332.9	186;153568;155001;+;339.2	185;152538;153566;+;221.7	111;85409;87856;+;354.5	187;155014;158628;+;375.3	45;26117;27277;+;156.3	111;85409;87856;+;128.3	104;75013;75639;+;92.7	114;88678;89943;+;67.9	117;91731;94529;+;145.3	95;69338;71203;+;47.3	107;77850;78428;+;100.2	95;69338;71203;+;52.0	A	9/9	split_3	128897	0	1	
NZ_CP134043.1	MPF_F	IncFIB(K);IncFII(K)	174	0	0	GA	0															not_admitted	not_admitted	not_admitted	not_admitted	not_admitted	not_admitted	not_admitted	not_admitted	not_admitted	not_admitted	1	118;109396;110388;-;366.6	108;102575;103945;-;381.2	112;105147;105899;-;232.4	121;111414;114053;-;258.7	107;99726;102575;-;345.6	130;117868;119292;-;89.2	121;111414;114053;-;88.8	132;120019;120585;-;167.0	117;108745;109383;-;67.0	116;106742;108748;-;259.0	103;94928;97240;-;392.7	128;116687;117256;-;49.7	103;94928;97240;-;66.5	A	9/9	contiguous	25091	1	1	99165..99713-;182;unnamed;0
NZ_CP134059.1	MPF_F	IncC	170	0	0	GA	0															not_admitted	not_admitted	not_admitted	not_admitted	not_admitted	not_admitted	not_admitted	not_admitted	not_admitted	not_admitted	1	164;133686;134693;-;332.9	105;83064;84497;-;339.2	106;84499;85527;-;221.7	169;137445;139337;-;194.8	104;79437;83051;-;375.3	5;8073;9389;-;135.0	169;137445;139337;-;129.5	7;10287;10913;-;92.7	166;135358;136623;-;67.9	163;130772;133570;-;145.3	16;14723;16588;-;47.3	4;7498;8076;-;100.2	16;14723;16588;-;52.0	A	9/9	split_3	129947	0	1	
NZ_CP134087.1	MPF_F	IncFIB(AP001918);IncFII	215	0	0	GA	0															not_admitted	not_admitted	not_admitted	not_admitted	not_admitted	not_admitted	not_admitted	not_admitted	not_admitted	not_admitted	1	90;84197;85189;-;369.3	82;78131;79507;-;381.0	86;80725;81468;-;233.3	93;86198;88828;-;303.5	81;75312;78134;-;389.2	101;92266;93693;-;94.7	93;86198;88828;-;98.5	103;94408;94974;-;183.8	89;83550;84188;-;68.7	88;81745;83553;-;268.0	74;69489;71372;-;392.3	98;90867;91382;-;76.4	74;69489;71372;-;70.7	A	9/9	contiguous	24919	1	1	74811..75290-;159;TraS;0
NZ_CP134088.1	MPF_F	IncFIA(HI1);IncHI1A;IncHI1B(R27)	276	0	0	GA	0															not_admitted	not_admitted	not_admitted	not_admitted	not_admitted	not_admitted	not_admitted	not_admitted	not_admitted	not_admitted	1	15;14973;16025;+;277.6	186;174935;176350;-;202.4	187;176340;177386;-;171.3	273;246882;249563;+;160.6	185;172173;174926;-;105.5	269;243176;244534;+;84.0	273;246882;249563;+;76.5	266;240724;241509;+;68.7	13;13320;14828;+;65.6	16;16048;19224;+;58.9	193;184321;186405;+;50.2	272;245923;246873;+;45.2	193;184321;186405;+;36.5	A	9/9	split_3	233562	1	1	171795..172121-;108;unnamed;0
NZ_CP134089.1	MPF_T	IncX4	42	0	0	GA	1	11;11685;12305;-;41.6	10;11345;11671;-;64.4	9;8579;11326;-;63.8	9;8579;11326;-;151.8	9;8579;11326;-;46.1	8;7851;8567;-;94.2	7;6745;7839;-;150.1		5;5544;6230;-;169.0	4;4639;5547;-;142.4	3;3528;4646;-;163.9	2;2498;3526;-;85.0	1;649;2466;-;314.8		pfam	pfam_only	A	7/7	canonical	1	1	unscoreable	1	0	0														not_admitted	not_admitted	not_admitted	not_admitted	not_admitted	not_admitted	not_admitted
NZ_CP134153.1	MPF_F	IncFII(SARC14);IncFII(Yp)	107	0	0	GA	0															not_admitted	not_admitted	not_admitted	not_admitted	not_admitted	not_admitted	not_admitted	not_admitted	not_admitted	not_admitted	1	91;69366;70367;+;355.1	96;74235;75596;+;336.5	94;72821;73600;+;194.7	88;65713;68304;+;220.0	97;75598;78495;+;292.8	83;62709;64070;+;83.7	88;65713;68304;+;88.3	81;61429;61992;+;145.8	92;70378;70998;+;79.9	93;70995;72824;+;255.2	100;80135;82384;+;377.3	87;65089;65703;+;49.4	100;80135;82384;+;68.1	A	9/9	contiguous	18706	1	1	78507..79067+;186;unnamed;0
NZ_CP134198.1	MPF_T	-	535	0	0	GA	1	213;191285;192010;-;48.9		211;190424;190861;-;39.3	210;187854;190424;-;51.6		209;187055;187828;-;114.6	207;185878;186777;-;147.8		205;184719;185576;-;140.0	204;183811;184722;-;173.4	203;182452;183792;-;143.4	201;180689;181726;-;78.0	196;177721;179502;-;319.1		pfam	both	A	7/7	canonical	1	0	unscoreable	8	0	0														not_admitted	not_admitted	not_admitted	not_admitted	not_admitted	not_admitted	not_admitted
NZ_CP134354.1	MPF_F	IncFIB(AP001918);IncFIC(FII)	204	0	0	GA	0															not_admitted	not_admitted	not_admitted	not_admitted	not_admitted	not_admitted	not_admitted	not_admitted	not_admitted	not_admitted	1	130;128156;129148;-;369.3	118;121138;122289;-;320.0	126;124684;125427;-;235.0	133;130157;132784;-;305.4	117;118316;121141;-;385.2	140;134839;136266;-;94.3	133;130157;132784;-;98.5	142;136981;137547;-;184.4	129;127509;128147;-;68.4	128;125704;127512;-;268.0	114;114659;116812;-;390.5	136;133300;133815;-;78.0	114;114659;116812;-;69.2	A	9/9	contiguous	22322	1	1	117810..118319-;169;unnamed;0
NZ_CP134356.1	MPF_T	IncI2	73	0	0	GA	1	34;32195;32677;-;81.1		49;48273;48557;-;36.6	48;45910;48267;-;58.5	48;45910;48267;-;42.8	61;54010;54651;-;42.8	62;54657;55652;-;128.5		46;45010;45744;-;144.3	45;44243;45013;-;170.5	44;43114;44253;-;154.7	37;34445;35983;-;207.1	42;40066;42024;-;289.6		pfam	pfam_only	A	7/7	rearranged	1	0	unscoreable	17	1	0														not_admitted	not_admitted	not_admitted	not_admitted	not_admitted	not_admitted	not_admitted
NZ_CP134363.1	MPF_F	IncFIA(HI1);IncFII(K)	151	0	0	GA	0															not_admitted	not_admitted	not_admitted	not_admitted	not_admitted	not_admitted	not_admitted	not_admitted	not_admitted	not_admitted	1	124;104482;105474;+;362.4	136;111801;113168;+;382.8	131;109346;110098;+;235.0	121;100817;103456;+;259.3	137;113168;116017;+;343.5	111;95423;96847;+;89.2	121;100817;103456;+;84.3	109;94130;94696;+;168.4	125;105487;106125;+;64.6	127;106502;108457;+;259.1	141;118481;120790;+;392.8	113;97459;98028;+;51.6	141;118481;120790;+;65.8	A	9/9	contiguous	24351	1	1	116020..116550+;176;unnamed;0
NZ_CP134364.1	MPF_F	Col156;IncFIB(AP001918);IncFII(29)	132	0	0	GA	0															not_admitted	not_admitted	not_admitted	not_admitted	not_admitted	not_admitted	not_admitted	not_admitted	not_admitted	not_admitted	1	75;70904;71896;-;369.5	62;63478;64851;-;381.7	70;67055;67798;-;233.1	78;72905;75535;-;304.0	61;60659;63481;-;388.5	85;78666;80093;-;93.9	78;72905;75535;-;99.3	87;80808;81374;-;183.1	73;69922;70560;-;68.6	72;68075;69925;-;271.9	57;56198;58387;-;391.2	82;77022;77537;-;73.9	57;56198;58387;-;70.3	A	9/9	contiguous	24610	1	1	60158..60637-;159;TraS;0
NZ_CP134367.1	MPF_F	IncFIB(AP001918);IncFIC(FII)	206	0	0	GA	0															not_admitted	not_admitted	not_admitted	not_admitted	not_admitted	not_admitted	not_admitted	not_admitted	not_admitted	not_admitted	1	133;130192;131184;-;369.3	122;123173;124546;-;380.9	129;126720;127463;-;235.0	136;132193;134820;-;303.8	121;120351;123176;-;385.2	141;136875;138302;-;94.3	136;132193;134820;-;99.2	143;139017;139583;-;184.4	132;129545;130183;-;68.4	131;127740;129548;-;268.0	118;116694;118847;-;391.9	137;135336;135851;-;78.0	118;116694;118847;-;70.4	A	9/9	contiguous	22323	1	1	119845..120354-;169;unnamed;0
NZ_CP134371.1	MPF_F	IncFIA;IncFIB(AP001918);IncFIC(FII);IncQ1	157	0	0	GA	0															not_admitted	not_admitted	not_admitted	not_admitted	not_admitted	not_admitted	not_admitted	not_admitted	not_admitted	not_admitted	1	71;72171;73163;-;367.4	60;65112;66485;-;378.0	67;68699;69442;-;233.4	74;74172;76799;-;305.4	59;62293;65115;-;389.5	80;78854;80281;-;94.3	74;74172;76799;-;98.5	82;80996;81562;-;183.8	70;71524;72162;-;68.4	69;69719;71527;-;268.4	56;58557;60764;-;391.8	76;77315;77830;-;78.4	56;58557;60764;-;70.3	A	9/9	contiguous	22439	1	1	61780..62271-;163;TraS;0
NZ_CP134377.1	MPF_F	IncFIB(AP001918);IncFIC(FII)	180	0	0	GA	0															not_admitted	not_admitted	not_admitted	not_admitted	not_admitted	not_admitted	not_admitted	not_admitted	not_admitted	not_admitted	1	67;64469;65461;-;367.5	52;53964;55337;-;376.7	61;60181;60924;-;234.1	70;66470;69097;-;304.1	51;51142;53967;-;389.2	77;71152;72579;-;94.3	70;66470;69097;-;99.1	79;73294;73860;-;183.8	66;63822;64460;-;70.6	63;61201;63009;-;268.0	47;46747;48900;-;391.5	73;69613;70128;-;77.3	47;46747;48900;-;70.4	A	9/9	contiguous	26547	1	1	50636..51145-;169;unnamed;0
NZ_CP134382.1	-	-	46	0	0	GA	1	20;18353;19297;+;40.1	2;3488;3955;-;72.0	1;3174;3488;-;47.7	0;653;3160;-;88.8	0;653;3160;-;111.6		44;37878;39587;-;86.6		42;36763;37485;-;99.4	41;35820;36746;-;141.7	39;33853;35364;-;207.7	3;3966;4949;-;134.6	18;15811;17793;+;352.9		none	none	A	7/7	rearranged	0	0	unscoreable	3	0	0														not_admitted	not_admitted	not_admitted	not_admitted	not_admitted	not_admitted	not_admitted
NZ_CP134383.1	MPF_T	IncX4	45	0	0	GA	1	30;23991;24611;-;41.6	29;23651;23977;-;64.4	28;20885;23632;-;63.8	28;20885;23632;-;151.8	28;20885;23632;-;46.1	27;20157;20873;-;94.2	26;19051;20145;-;150.1		24;17850;18536;-;169.0	23;16945;17853;-;142.4	22;15834;16952;-;163.9	21;14804;15832;-;85.0	20;12955;14772;-;316.5		pfam	pfam_only	A	7/7	canonical	1	1	unscoreable	1	0	0														not_admitted	not_admitted	not_admitted	not_admitted	not_admitted	not_admitted	not_admitted
NZ_CP134385.1	MPF_F	IncFIB(AP001918);IncFIC(FII)	172	0	0	GA	0															not_admitted	not_admitted	not_admitted	not_admitted	not_admitted	not_admitted	not_admitted	not_admitted	not_admitted	not_admitted	1	90;80286;81278;+;369.3	99;86339;87712;+;381.0	94;84006;84749;+;233.5	87;76647;79277;+;303.5	100;87709;90534;+;389.2	81;72197;73624;+;94.7	87;76647;79277;+;98.5	79;70916;71482;+;183.8	91;81287;81925;+;68.7	92;81922;83730;+;268.0	103;92038;94191;+;391.9	84;74508;75023;+;76.4	103;92038;94191;+;70.4	A	9/9	contiguous	21122	1	1	90531..91040+;169;unnamed;0
NZ_CP134390.1	MPF_F	IncFIB(AP001918);IncFII	137	0	0	GA	0															not_admitted	not_admitted	not_admitted	not_admitted	not_admitted	not_admitted	not_admitted	not_admitted	not_admitted	not_admitted	1	79;92634;93626;-;369.3	70;86199;87572;-;381.0	75;89162;89905;-;231.6	82;94635;97262;-;306.4	69;83377;86202;-;386.0	88;99317;100744;-;94.3	82;94635;97262;-;98.5	90;101459;102025;-;183.3	78;91987;92625;-;68.7	77;90182;91990;-;267.9	66;79720;81873;-;391.8	84;97778;98293;-;77.3	66;79720;81873;-;70.4	A	9/9	contiguous	21739	1	1	82871..83380-;169;unnamed;0
NZ_CP134634.1	MPF_F	IncFII(Yp);IncFII(pAR0022)	162	0	0	GA	0															not_admitted	not_admitted	not_admitted	not_admitted	not_admitted	not_admitted	not_admitted	not_admitted	not_admitted	not_admitted	1	6;4513;5499;-;368.0	160;162392;163762;-;377.3	2;990;1739;-;217.3	9;6493;9123;-;286.4	159;159534;162392;-;330.6	15;11046;12440;-;90.9	9;6493;9123;-;98.6	17;13157;13723;-;170.1	5;3867;4496;-;65.8	4;1990;3870;-;259.4	156;156017;158221;-;384.8	14;10485;11024;-;66.3	156;156017;158221;-;63.9	A	9/9	split_2	161402	0	1	
NZ_CP134637.1	MPF_F	IncFII(Yp);IncFII(pAR0022)	162	0	0	GA	0															not_admitted	not_admitted	not_admitted	not_admitted	not_admitted	not_admitted	not_admitted	not_admitted	not_admitted	not_admitted	1	161;162997;163983;+;368.0	7;4736;6106;+;377.3	3;2770;3519;+;217.3	158;159373;162003;+;286.4	8;6106;8964;+;330.6	152;156056;157450;+;90.9	158;159373;162003;+;98.6	150;154773;155339;+;170.1	0;13;642;+;65.8	1;639;2519;+;259.4	11;10277;12481;+;384.8	153;157472;158011;+;66.3	11;10277;12481;+;63.9	A	9/9	split_2	162984	0	1	
NZ_CP134685.1	MPF_F	IncFII(Yp)	93	0	0	GA	0															not_admitted	not_admitted	not_admitted	not_admitted	not_admitted	not_admitted	not_admitted	not_admitted	not_admitted	not_admitted	1	73;67017;68003;-;355.9	67;61431;62792;-;334.5	69;63428;64204;-;200.6	76;69081;71672;-;217.1	66;58532;61429;-;286.4	80;72960;74321;-;82.6	76;69081;71672;-;87.5	82;75038;75601;-;143.7	71;66027;66641;-;82.3	70;64201;66030;-;252.7	61;53922;56099;-;374.6	77;71683;72324;-;41.2	61;53922;56099;-;66.5	A	9/9	contiguous	21116	1	1	57960..58520-;186;unnamed;0
NZ_CP134703.1	MPF_T	-	105	0	0	GA	1		36;24122;24415;+;34.8	37;24436;24753;+;64.4	38;24756;27374;+;100.9	38;24756;27374;+;81.6	39;27461;28159;+;105.4	41;28542;29297;+;133.1		43;29883;30614;+;118.0	44;30616;31512;+;172.9	45;31509;32654;+;176.7	46;32664;33668;+;77.2	50;38245;39360;-;66.5		pfam	both	A	7/7	canonical	1	0	unscoreable	7	0	0														not_admitted	not_admitted	not_admitted	not_admitted	not_admitted	not_admitted	not_admitted
NZ_CP134722.1	MPF_F	-	179	0	0	GA	0															not_admitted	not_admitted	not_admitted	not_admitted	not_admitted	not_admitted	not_admitted	not_admitted	not_admitted	not_admitted	1	75;79720;80712;-;353.7	67;73425;74792;-;356.4	72;76440;77237;-;220.2	83;84170;86815;-;241.6	66;70337;73432;-;310.8	87;88666;90054;-;104.8	83;84170;86815;-;93.8	89;90779;91387;-;82.9	74;79081;79710;-;58.8	73;77234;79084;-;208.2	62;65728;68331;-;349.5	84;86909;87457;-;40.8	62;65728;68331;-;65.4	A	9/9	contiguous	25051	1	1	69741..70310-;189;unnamed;0
NZ_CP134727.1	-	-	127	0	0	GA	0															not_admitted	not_admitted	not_admitted	not_admitted	not_admitted	not_admitted	not_admitted	not_admitted	not_admitted	not_admitted	1		58;55159;56523;-;352.8		60;57001;59607;-;213.2			60;57001;59607;-;92.5				57;54273;55142;-;26.7	61;59615;60169;-;27.7		D	3/9	contiguous	5342	0	0	
NZ_CP134730.1	-	-	199	0	0	GA	0															not_admitted	not_admitted	not_admitted	not_admitted	not_admitted	not_admitted	not_admitted	not_admitted	not_admitted	not_admitted	1	90;95624;96628;-;369.4	85;90561;91925;-;353.9	87;92504;93277;-;218.3	94;98496;101102;-;214.4	84;87691;90558;-;259.5	97;101995;103347;-;88.5	94;98496;101102;-;90.5	99;104055;104627;-;91.5	89;95173;95613;-;60.2	88;93279;95123;-;233.9	81;83827;85986;-;375.6	95;101110;101664;-;27.5	81;83827;85986;-;63.7	A	9/9	contiguous	20228	1	1	87152..87691-;179;unnamed;0
NZ_CP134732.1	MPF_G	-	88	0	0	GA	0															not_admitted	not_admitted	not_admitted	not_admitted	not_admitted	not_admitted	not_admitted	not_admitted	not_admitted	not_admitted	1	33;31320;32294;-;197.3			38;34925;37774;-;284.7	30;27968;29476;-;255.2						50;45157;47262;-;38.9		50;45157;47262;-;48.0	D	3/9	contiguous	17189	0	0	
NZ_CP134739.1	-	-	201	0	0	GA	0															not_admitted	not_admitted	not_admitted	not_admitted	not_admitted	not_admitted	not_admitted	not_admitted	not_admitted	not_admitted	1	116;126284;127288;-;368.3	111;121221;122585;-;353.4	113;123164;123937;-;218.9	120;129156;131762;-;214.6	110;118369;121218;-;258.3	123;132655;134007;-;88.5	120;129156;131762;-;90.4	125;134715;135287;-;91.5	115;125833;126273;-;60.0	114;123939;125783;-;234.5	107;114504;116663;-;380.9	121;131770;132324;-;27.5	107;114504;116663;-;65.9	A	9/9	contiguous	20211	1	1	117839..118363-;174;unnamed;0
NZ_CP134742.1	MPF_G	-	96	0	0	GA	0															not_admitted	not_admitted	not_admitted	not_admitted	not_admitted	not_admitted	not_admitted	not_admitted	not_admitted	not_admitted	1	46;39899;40873;+;197.9			41;34410;37268;+;291.9	49;42717;44225;+;255.1						17;14572;16671;+;38.8		17;14572;16671;+;48.0	D	3/9	contiguous	28145	0	0	
NZ_CP134747.1	-	-	141	0	0	GA	0															not_admitted	not_admitted	not_admitted	not_admitted	not_admitted	not_admitted	not_admitted	not_admitted	not_admitted	not_admitted	1				61;61910;63670;-;243.1		65;65521;66909;-;104.7						62;63764;64312;-;40.2		D	2/9	contiguous	3611	0	0	
NZ_CP134760.1	MPF_F	-	170	0	0	GA	0															not_admitted	not_admitted	not_admitted	not_admitted	not_admitted	not_admitted	not_admitted	not_admitted	not_admitted	not_admitted	1	73;79419;80411;-;357.8	65;73127;74494;-;357.9	70;76139;76936;-;216.5	79;83122;85767;-;255.3	64;70075;73134;-;288.5	89;90309;91694;-;88.6	79;83122;85767;-;95.2	91;92433;93032;-;92.5	72;78780;79409;-;58.9	71;76933;78783;-;208.9	60;64953;67484;-;349.6	81;85984;86526;-;40.3	60;64953;67484;-;65.5	A	9/9	contiguous	27480	1	1	69483..70052-;189;unnamed;0
NZ_CP134768.1	MPF_F	-	148	0	0	GA	0															not_admitted	not_admitted	not_admitted	not_admitted	not_admitted	not_admitted	not_admitted	not_admitted	not_admitted	not_admitted	1	58;36212;37204;+;358.2	65;42067;43434;+;355.0	61;39681;40475;+;213.4	52;30769;33414;+;243.0	66;43427;46699;+;296.0	47;27867;29240;+;98.4	52;30769;33414;+;96.9	45;26518;27117;+;88.0	59;37214;37825;+;58.4	60;37822;39681;+;212.1	69;48496;51045;+;361.9	50;30088;30636;+;45.2	69;48496;51045;+;67.6	A	9/9	contiguous	21978	1	1	46720..47289+;189;unnamed;0
NZ_CP134785.1	MPF_F	IncC	142	0	0	GA	0															not_admitted	not_admitted	not_admitted	not_admitted	not_admitted	not_admitted	not_admitted	not_admitted	not_admitted	not_admitted	1	112;90502;91509;-;332.9	132;117305;118738;+;339.2	131;116275;117303;+;221.7	117;94261;96708;-;354.5	133;118751;122365;+;375.3	86;57486;58802;+;135.0	117;94261;96708;-;128.3	84;55962;56588;+;92.7	114;92174;93439;-;67.9	111;87588;90386;-;145.3	75;50287;52152;+;47.3	87;58799;59377;+;100.2	75;50287;52152;+;52.0	A	9/9	split_3	68464	0	1	
NZ_CP134806.1	MPF_F	IncFIB(AP001918);IncFIC(FII)	124	0	0	GA	0															not_admitted	not_admitted	not_admitted	not_admitted	not_admitted	not_admitted	not_admitted	not_admitted	not_admitted	not_admitted	1	25;18373;19365;+;365.6	36;25074;26447;+;378.7	30;22471;23214;+;233.1	22;14734;17364;+;305.2	37;26444;29266;+;389.2	14;9869;11296;+;94.3	22;14734;17364;+;98.4	12;8588;9154;+;183.8	27;19709;20347;+;68.5	28;20344;22194;+;265.2	40;30795;33002;+;383.6	17;12180;12695;+;76.4	40;30795;33002;+;70.4	A	9/9	contiguous	22207	1	1	29288..29779+;163;TraS;0
NZ_CP134868.1	-	-	225	0	0	GA	0															not_admitted	not_admitted	not_admitted	not_admitted	not_admitted	not_admitted	not_admitted	not_admitted	not_admitted	not_admitted	1	199;172364;173446;-;285.0	220;192568;194019;-;226.4	221;194026;195096;-;206.8	204;175855;178281;-;214.4	219;188833;192552;-;181.7	207;179548;180843;-;113.5	204;175855;178281;-;122.7	209;181865;182497;-;81.1	201;173656;174930;-;39.0	197;167205;168608;-;72.6	119;93442;95358;+;59.4	206;178740;179459;-;64.1	119;93442;95358;+;43.2	A	9/9	split_2	100584	0	1	
NZ_CP134869.1	-	-	73	0	0	GA	1	14;16359;16931;-;53.7	8;8111;8482;-;60.8	7;7829;8098;-;42.8	6;5168;7825;-;46.5	6;5168;7825;-;105.7	5;4369;5154;-;52.7	3;2353;3951;-;93.0		1;1431;2153;-;113.0	0;178;1392;-;166.4	72;57005;58003;-;211.5	64;47633;49249;-;147.0	11;10090;12447;-;339.8		conjscan	conjscan_only	A	7/7	canonical	1	0	unscoreable	17	0	0														not_admitted	not_admitted	not_admitted	not_admitted	not_admitted	not_admitted	not_admitted
NZ_CP135054.1	-	-	90	0	0	GA	0															not_admitted	not_admitted	not_admitted	not_admitted	not_admitted	not_admitted	not_admitted	not_admitted	not_admitted	not_admitted	1	31;34052;35038;-;360.3	24;27749;29137;-;337.3	28;30795;31583;-;208.2	34;36082;38775;-;248.7	23;24869;27742;-;304.2	43;42206;43576;-;93.4	34;36082;38775;-;121.2	45;44320;44892;-;119.3	30;33418;34035;-;69.1	29;31580;33418;-;233.4	19;21402;23621;-;389.1	35;38772;39341;-;52.9	19;21402;23621;-;77.6	A	9/9	contiguous	22918	1	1	24431..24856-;141;unnamed;0
NZ_CP135069.1	MPF_F	repFIB;repHI5B	370	0	0	GA	0															not_admitted	not_admitted	not_admitted	not_admitted	not_admitted	not_admitted	not_admitted	not_admitted	not_admitted	not_admitted	1	89;80626;81663;-;282.2	289;260125;261567;-;188.6	290;261524;262561;-;172.0	100;92532;95249;-;143.5	288;256179;260123;-;119.0	104;97372;98739;-;63.7	100;92532;95249;-;80.6	107;100394;101254;-;73.9	90;81660;83021;-;71.7	88;77435;80611;-;58.7	297;269795;271921;+;62.0	101;95298;96035;-;56.3	297;269795;271921;+;39.7	A	9/9	split_2	192360	0	1	
NZ_CP135070.1	MPF_F	IncFIB(K)(pCAV1099-114);IncFII(pKP91)	179	0	0	GA	0															not_admitted	not_admitted	not_admitted	not_admitted	not_admitted	not_admitted	not_admitted	not_admitted	not_admitted	not_admitted	1	127;136159;137148;-;363.3	116;128734;130101;-;384.9	122;132125;132877;-;236.3	131;138591;141230;-;258.7	115;125885;128734;-;341.9	141;145220;146644;-;90.9	131;138591;141230;-;89.1	143;147371;147937;-;169.1	126;135508;136146;-;64.4	125;133494;135449;-;259.7	112;121763;124069;-;393.1	139;144039;144608;-;52.6	112;121763;124069;-;66.6	A	9/9	contiguous	25608	1	1	125352..125882-;176;unnamed;0
NZ_CP135133.1	MPF_T	-	55	0	0	GA	1		49;42492;42884;+;60.3	50;42887;43207;+;51.3	51;43195;45759;+;103.5	51;43195;45759;+;110.1	1;1420;2193;+;108.5	3;2468;3481;+;111.5		52;45756;46472;+;92.1	53;46489;47379;+;169.6	0;1;1401;+;206.7	48;41517;42479;+;138.6	33;28076;30010;-;467.2		conjscan	conjscan_only	A	7/7	rearranged	1	0	unscoreable	2	0	0														not_admitted	not_admitted	not_admitted	not_admitted	not_admitted	not_admitted	not_admitted
NZ_CP135135.1	MPF_T	-	55	0	0	GA	1		46;40025;40417;+;60.3	47;40420;40740;+;51.3	48;40728;43292;+;103.5	48;40728;43292;+;110.1	53;46816;47589;+;108.5	0;7;1014;+;111.6		49;43289;44005;+;92.1	50;44022;44912;+;169.6	52;45397;46797;+;206.7	45;39050;40012;+;138.6	30;25609;27543;-;467.2		conjscan	conjscan_only	A	7/7	rearranged	1	0	unscoreable	1	0	0														not_admitted	not_admitted	not_admitted	not_admitted	not_admitted	not_admitted	not_admitted
NZ_CP135145.1	-	-	101	0	0	GA	0															not_admitted	not_admitted	not_admitted	not_admitted	not_admitted	not_admitted	not_admitted	not_admitted	not_admitted	not_admitted	1	12;17596;18579;-;356.8	5;11704;13101;-;346.3	9;14366;15157;-;203.3	15;19609;22299;-;236.6	4;8862;11714;-;308.6	21;24335;25717;-;89.7	15;19609;22299;-;106.2	23;26473;27045;-;121.2	11;16967;17584;-;60.2	10;15154;16974;-;233.8	1;5769;7997;-;391.3	16;22299;22826;-;49.7	1;5769;7997;-;69.0	A	9/9	contiguous	20704	1	1	8453..8857-;134;unnamed;0
NZ_CP135148.1	MPF_F	-	122	0	0	GA	0															not_admitted	not_admitted	not_admitted	not_admitted	not_admitted	not_admitted	not_admitted	not_admitted	not_admitted	not_admitted	1	90;97576;98580;-;357.2	83;91810;93174;-;365.0	87;94352;95137;-;219.1	96;100715;103324;-;229.8	82;88555;91770;-;303.3	98;103909;105300;-;93.7	96;100715;103324;-;103.0	100;106050;106631;-;84.0	89;96951;97568;-;63.6	88;95134;96954;-;214.9	78;83864;86380;-;363.9	97;103324;103869;-;39.6	78;83864;86380;-;66.2	A	9/9	contiguous	22186	1	1	87970..88542-;190;unnamed;0
NZ_CP135154.1	MPF_F	-	82	0	0	GA	0															not_admitted	not_admitted	not_admitted	not_admitted	not_admitted	not_admitted	not_admitted	not_admitted	not_admitted	not_admitted	1	69;47815;48858;+;369.0	74;52841;54268;+;325.8	72;51627;52439;+;219.1	65;43527;46253;+;164.6	75;54284;57286;+;208.7	61;40529;41845;+;102.7	65;43527;46253;+;108.4	59;39238;39816;+;83.7	70;48873;49580;+;107.6	71;49577;51634;+;91.0	44;25931;28090;+;381.3	64;42873;43517;+;41.9	44;25931;28090;+;89.7	A	9/9	contiguous	28353	1	1	57358..57876+;172;unnamed;0
NZ_CP135178.1	MPF_F	-	121	0	0	GA	0															not_admitted	not_admitted	not_admitted	not_admitted	not_admitted	not_admitted	not_admitted	not_admitted	not_admitted	not_admitted	1	78;88715;89725;-;377.6	73;83195;84601;-;291.7	75;85174;85959;-;160.2	80;90565;93114;-;193.0	72;80384;83191;-;311.4	82;93658;95202;-;88.3	80;90565;93114;-;95.2	84;95964;96539;-;113.3	77;87747;88460;-;91.0	76;85983;87710;-;224.1	58;67737;69836;-;398.2	81;93266;93661;-;29.8	58;67737;69836;-;76.6	A	9/9	contiguous	28227	1	1	79764..80300-;178;unnamed;0
NZ_CP135187.1	MPF_T	IncN	66	0	0	GA	1	40;34240;34974;-;32.5		37;33280;33597;-;63.3	36;30680;33280;-;113.8	36;30680;33280;-;76.4	35;29949;30662;-;105.5	33;28658;29698;-;142.4		32;27741;28439;-;131.9	31;26846;27730;-;159.7	30;25686;26846;-;156.3	29;24649;25644;-;81.2	20;12394;13923;+;38.5		pfam	both	A	7/7	canonical	1	0	unscoreable	3	0	0														not_admitted	not_admitted	not_admitted	not_admitted	not_admitted	not_admitted	not_admitted
NZ_CP135205.1	-	Col156;IncFIA;IncFIB(AP001918);IncFII	129	0	0	GA	0															not_admitted	not_admitted	not_admitted	not_admitted	not_admitted	not_admitted	not_admitted	not_admitted	not_admitted	not_admitted	1				82;75691;77217;+;120.2			82;75691;77217;+;100.3				82;75691;77217;+;24.1			D	1/9	contiguous	0	0	0	
NZ_CP135207.1	MPF_T	IncN3	60	0	0	GA	1	39;29511;30293;-;33.2	37;28968;29264;-;36.0	36;28611;28928;-;71.4	35;26037;28610;-;117.0	35;26037;28610;-;76.5	34;25311;26021;-;107.4	32;24005;25042;-;120.4	31;23797;23928;-;40.1	30;23091;23786;-;127.9	29;22193;23080;-;142.9	28;21060;22193;-;171.5	27;20008;21009;-;90.0	21;12784;14316;+;53.5		pfam	both	A	7/7	canonical	1	0	ga	7	0	0														not_admitted	not_admitted	not_admitted	not_admitted	not_admitted	not_admitted	not_admitted
NZ_CP135211.1	MPF_F	Col156;IncFIA;IncFIB(AP001918);IncFII	189	0	0	GA	0															not_admitted	not_admitted	not_admitted	not_admitted	not_admitted	not_admitted	not_admitted	not_admitted	not_admitted	not_admitted	1	129;119093;120085;-;367.4	118;112034;113407;-;380.9	125;115621;116364;-;235.0	132;121094;123721;-;305.4	117;109212;112037;-;385.9	138;125776;127203;-;94.3	132;121094;123721;-;98.5	140;127918;128484;-;183.8	128;118446;119084;-;68.6	127;116641;118449;-;268.3	114;105520;107709;-;391.3	134;124237;124752;-;78.4	114;105520;107709;-;70.4	A	9/9	contiguous	22398	1	1	108706..109215-;169;unnamed;0
NZ_CP135213.1	MPF_F	IncFIB(AP001918)	67	0	0	GA	0															not_admitted	not_admitted	not_admitted	not_admitted	not_admitted	not_admitted	not_admitted	not_admitted	not_admitted	not_admitted	1	11;8736;9728;-;369.5		6;4887;5630;-;233.1	14;10737;13367;-;304.1		21;16387;17814;-;94.3	14;10737;13367;-;98.9	23;18529;19095;-;174.3	9;7754;8392;-;68.6	8;5907;7757;-;266.1	14;10737;13367;-;20.8	18;14988;15503;-;78.4		C	7/9	contiguous	13642	0	1	
NZ_CP135214.1	MPF_F	IncFII	74	0	0	GA	0															not_admitted	not_admitted	not_admitted	not_admitted	not_admitted	not_admitted	not_admitted	not_admitted	not_admitted	not_admitted	1	50;39300;40292;+;369.5	60;46071;47444;+;381.7	55;43398;44141;+;234.4	47;35661;38291;+;304.1	61;47441;50263;+;374.0	37;28625;30076;+;94.2	47;35661;38291;+;97.1	35;27344;27910;+;174.3	52;40636;41274;+;68.6	53;41271;43121;+;266.1	65;52535;54751;+;391.2	40;30936;31451;+;78.4	65;52535;54751;+;70.3	A	9/9	contiguous	25191	1	1	50285..50764+;159;TraS;0
NZ_CP135225.1	MPF_T	IncI2(Delta)	78	0	0	GA	1	41;31606;32088;-;81.1		56;47513;47797;-;36.6	55;45150;47507;-;58.5	55;45150;47507;-;44.9	66;53311;53955;-;41.0	67;53961;54956;-;123.7		53;44250;44984;-;144.3	52;43483;44253;-;170.5	51;42354;43493;-;154.7	44;33856;35394;-;207.1	49;39306;41264;-;287.0		pfam	pfam_only	A	7/7	rearranged	1	0	unscoreable	15	0	0														not_admitted	not_admitted	not_admitted	not_admitted	not_admitted	not_admitted	not_admitted
NZ_CP135234.1	MPF_F	IncFIA;IncFIB(AP001918);IncFII(pRSB107)	157	0	0	GA	0															not_admitted	not_admitted	not_admitted	not_admitted	not_admitted	not_admitted	not_admitted	not_admitted	not_admitted	not_admitted	1	89;81914;82906;-;369.5	76;72782;74155;-;386.6	84;78065;78808;-;231.4	92;83915;86542;-;303.9	75;69966;72785;-;386.3	98;88427;89878;-;94.1	92;83915;86542;-;96.5	100;90593;91159;-;184.3	87;80932;81570;-;68.7	86;79085;80935;-;266.7	71;65501;67708;-;391.8	95;87058;87573;-;75.2	71;65501;67708;-;70.3	A	9/9	contiguous	25092	1	1	69450..69941-;163;TraS;0
NZ_CP135247.1	MPF_F	IncFIB(AP001918);IncFII	121	0	0	GA	0															not_admitted	not_admitted	not_admitted	not_admitted	not_admitted	not_admitted	not_admitted	not_admitted	not_admitted	not_admitted	1		6;7403;7993;-;48.1		7;8046;8519;-;74.4	5;4590;7406;-;387.9	14;10574;12001;-;94.4		16;12716;13282;-;183.8		6;7403;7993;-;68.9	2;874;3027;-;391.1	10;9035;9550;-;77.3	2;874;3027;-;69.2	C	6/9	contiguous	11842	1	1	4036..4557-;173;unnamed;0
NZ_CP135248.1	MPF_F	IncFII(pCoo)	83	0	0	GA	0															not_admitted	not_admitted	not_admitted	not_admitted	not_admitted	not_admitted	not_admitted	not_admitted	not_admitted	not_admitted	1	17;17982;18974;-;369.3	9;11913;13286;-;381.0	13;14507;15250;-;234.7	20;19983;22613;-;303.2	8;11230;11916;-;207.2	27;24999;26426;-;94.1	20;19983;22613;-;99.0	29;27141;27707;-;183.8	16;17335;17973;-;68.7	15;15530;17338;-;268.3	1;2851;5049;-;391.7	23;23362;23877;-;78.9	1;2851;5049;-;70.3	A	9/9	contiguous	24290	0	1	
NZ_CP135249.1	MPF_T	IncX4	42	0	0	GA	1	27;26031;26651;-;41.6	26;25691;26017;-;64.4	25;22925;25672;-;63.8	25;22925;25672;-;151.8	25;22925;25672;-;46.1	24;22197;22913;-;94.2	23;21091;22185;-;150.1		21;19890;20576;-;169.0	20;18985;19893;-;142.4	19;17874;18992;-;163.9	18;16844;17872;-;85.0	17;14995;16812;-;314.8		pfam	pfam_only	A	7/7	canonical	1	1	unscoreable	1	0	0														not_admitted	not_admitted	not_admitted	not_admitted	not_admitted	not_admitted	not_admitted
NZ_CP135254.1	MPF_F	IncFIA(pBK30683);IncFII(Yp)	141	0	0	GA	0															not_admitted	not_admitted	not_admitted	not_admitted	not_admitted	not_admitted	not_admitted	not_admitted	not_admitted	not_admitted	1	117;101493;102485;+;372.3	127;108118;109488;+;383.1	124;106597;107349;+;222.2	114;97831;100470;+;258.9	128;109488;112343;+;333.3	107;93300;94721;+;88.0	114;97831;100470;+;88.4	105;92013;92579;+;161.7	118;102498;103124;+;68.3	119;103121;105076;+;254.7	131;114088;116406;+;390.7	109;95333;95902;+;55.7	131;114088;116406;+;66.8	A	9/9	contiguous	22075	1	1	112360..113031+;223;unnamed;0
NZ_CP135256.1	MPF_F	IncFII(p14);IncFII(pAR0022)	86	0	0	GA	0															not_admitted	not_admitted	not_admitted	not_admitted	not_admitted	not_admitted	not_admitted	not_admitted	not_admitted	not_admitted	1	67;54566;55558;+;368.4	75;60271;61641;+;377.9	71;58305;59054;+;218.1	64;50948;53578;+;285.5	76;61641;64502;+;335.7	58;47526;48920;+;90.9	64;50948;53578;+;98.6	56;46243;46809;+;169.9	68;55575;56204;+;66.9	69;56201;58054;+;257.4	79;66131;68341;+;384.8	59;48942;49481;+;64.9	79;66131;68341;+;63.9	A	9/9	contiguous	19888	1	1	64521..64985+;154;TraS;0
NZ_CP135262.1	MPF_F	IncFIB(pECLA);IncFII(pECLA)	203	0	0	GA	0															not_admitted	not_admitted	not_admitted	not_admitted	not_admitted	not_admitted	not_admitted	not_admitted	not_admitted	not_admitted	1	65;52836;53834;+;358.7	73;58695;60059;+;364.3	68;56321;57103;+;213.1	57;47290;49899;+;210.6	74;60059;63358;+;311.0	52;44370;45773;+;91.9	57;47290;49899;+;100.0	50;43040;43621;+;102.5	66;53845;54468;+;63.7	67;54465;56324;+;215.7	78;65501;68068;+;367.6	55;46503;47042;+;42.9	78;65501;68068;+;71.3	A	9/9	contiguous	22461	1	1	63371..63967+;198;unnamed;0
NZ_CP135263.1	MPF_F	IncFII(S);IncFII(SARC14)	89	0	0	GA	0															not_admitted	not_admitted	not_admitted	not_admitted	not_admitted	not_admitted	not_admitted	not_admitted	not_admitted	not_admitted	1	73;61955;62956;+;355.1	78;66826;68187;+;334.4	76;65410;66189;+;197.0	70;58302;60893;+;219.6	79;68189;71086;+;294.5	65;55297;56658;+;83.7	70;58302;60893;+;88.7	63;54017;54580;+;145.9	74;62967;63587;+;80.0	75;63584;65413;+;256.9	82;72726;74975;+;376.3	69;57678;58292;+;49.4	82;72726;74975;+;67.3	A	9/9	contiguous	18709	1	1	71098..71658+;186;unnamed;0
NZ_CP135271.1	MPF_F	IncHI2;IncHI2A	327	0	0	GA	0															not_admitted	not_admitted	not_admitted	not_admitted	not_admitted	not_admitted	not_admitted	not_admitted	not_admitted	not_admitted	1	280;246857;247915;+;276.9	105;88136;89551;-;194.1	106;89541;90587;-;173.7	263;224603;227284;+;168.0	104;84177;88127;-;101.6	259;220918;222273;+;80.7	263;224603;227284;+;72.2	256;218406;219194;+;74.8	278;245204;246715;+;62.7	281;247934;251122;+;58.3	112;97627;99711;+;56.7	262;223644;224594;+;46.4	112;97627;99711;+;38.8	A	9/9	split_3	163757	0	1	
NZ_CP135273.1	MPF_F	-	115	0	0	GA	0															not_admitted	not_admitted	not_admitted	not_admitted	not_admitted	not_admitted	not_admitted	not_admitted	not_admitted	not_admitted	1	113;80509;82107;-;329.5	107;76082;77470;-;244.3	109;77962;78789;-;170.0	1;3046;5586;-;161.2	106;72132;76082;-;130.2	3;6105;7352;-;59.4	1;3046;5586;-;83.3	5;8147;8779;-;42.7	111;79329;80078;-;95.2	114;82266;83021;-;84.8	67;44396;46669;+;339.1	2;5587;6105;-;69.6	67;44396;46669;+;65.3	A	9/9	split_3	79220	1	1	71756..72007-;83;unnamed;0
NZ_CP135277.1	MPF_F	IncFIB(K);IncFII(pKP91);IncN2	209	1	1	GA	1	186;163048;163533;+;82.3	116;106003;106299;-;36.0	115;105646;105963;-;71.9	114;103072;105645;-;118.0	114;103072;105645;-;74.2	113;102343;103056;-;107.4	111;101037;102074;-;121.9	110;100829;100960;-;40.1	109;100123;100818;-;132.6	108;99225;100112;-;147.8	107;98092;99225;-;166.3	106;97040;98041;-;90.1	152;134567;136849;-;26.5	165;146408;148363;-;260.6	pfam	both	A	7/7	canonical	1	0	ga	33	0	1	167;149073;150062;-;363.3	157;142159;143526;-;384.6	161;144784;145536;-;233.7	171;151519;154158;-;258.5	156;139310;142159;-;345.5	107;98092;99225;-;166.3	171;151519;154158;-;88.2	181;159648;160214;-;167.0	166;148422;149060;-;66.0	165;146408;148363;-;260.6	152;134567;136849;-;393.2	177;156505;156885;-;23.7	152;134567;136849;-;65.9	A	9/9	split_2	61556	1	1	138777..139307-;176;unnamed;0
NZ_CP135280.1	MPF_T	IncX4	43	0	0	GA	1	4;1306;1926;+;41.6	5;1940;2266;+;64.4	6;2285;5032;+;63.8	6;2285;5032;+;151.8	6;2285;5032;+;46.1	7;5044;5760;+;94.2	8;5772;6866;+;150.1		10;7381;8067;+;169.0	11;8064;8972;+;142.4	12;8965;10083;+;163.9	13;10085;11113;+;85.0	14;11145;12962;+;314.8		pfam	pfam_only	A	7/7	canonical	1	1	unscoreable	1	0	0														not_admitted	not_admitted	not_admitted	not_admitted	not_admitted	not_admitted	not_admitted
NZ_CP135447.1	MPF_T	-	81	0	0	GA	1	31;22933;24099;+;77.7	27;19764;20054;+;73.8	28;20064;20342;+;80.9	29;20332;22716;+;90.0	29;20332;22716;+;38.4	32;24096;24893;+;61.5	38;29047;30072;+;121.5		33;24890;25555;+;140.0	34;25552;26253;+;165.9	35;26250;27575;+;174.5	36;27577;28611;+;104.3			pfam	both	B	6/7	canonical	1	0	unscoreable	2	0	0														not_admitted	not_admitted	not_admitted	not_admitted	not_admitted	not_admitted	not_admitted
NZ_CP135452.1	MPF_T	IncN	92	0	0	GA	1	27;21819;22553;+;32.5		30;23196;23513;+;63.3	31;23513;26113;+;113.8	31;23513;26113;+;76.4	32;26131;26844;+;105.5	34;27095;28135;+;142.4		35;28354;29052;+;131.9	36;29063;29947;+;159.7	37;29947;31107;+;156.3	38;31149;32144;+;81.2	69;70321;71850;-;38.5		pfam	both	A	7/7	canonical	1	0	unscoreable	3	0	0														not_admitted	not_admitted	not_admitted	not_admitted	not_admitted	not_admitted	not_admitted
NZ_CP135455.1	MPF_F	IncFIB(K);IncFII(K)	187	0	0	GA	0															not_admitted	not_admitted	not_admitted	not_admitted	not_admitted	not_admitted	not_admitted	not_admitted	not_admitted	not_admitted	1	136;135818;136810;-;366.6	126;128997;130367;-;381.2	130;131569;132321;-;232.4	139;137836;140475;-;258.7	125;126148;128997;-;344.2	148;144290;145714;-;89.2	139;137836;140475;-;88.8	150;146441;147007;-;167.0	135;135167;135805;-;67.0	134;133164;135170;-;259.0	121;122022;124334;-;393.1	146;143109;143678;-;49.7	121;122022;124334;-;66.6	A	9/9	contiguous	24419	1	1	125615..126145-;176;unnamed;0
NZ_CP135456.1	MPF_T	IncX3	58	0	0	GA	1	45;37243;37887;-;46.4	44;36969;37259;-;73.1	43;34191;36944;-;47.0	43;34191;36944;-;145.4	43;34191;36944;-;73.3	42;33411;34181;-;60.1	40;32077;33132;-;133.2		39;31154;31882;-;119.4	38;30219;31148;-;138.8	37;29008;30222;-;128.3	35;27778;28812;-;65.7	34;25940;27775;-;495.9		pfam	pfam_only	A	7/7	canonical	1	1	unscoreable	2	0	0														not_admitted	not_admitted	not_admitted	not_admitted	not_admitted	not_admitted	not_admitted
NZ_CP135460.1	MPF_T	IncN3	64	0	0	GA	1	10;8285;9067;-;33.0	8;7742;8038;-;36.0	7;7385;7702;-;71.9	6;4811;7384;-;117.9	6;4811;7384;-;74.2	5;4094;4795;-;99.8	3;2788;3825;-;122.7	2;2580;2711;-;40.1	1;1874;2569;-;132.6	0;976;1863;-;151.1		63;52053;53054;-;90.0	57;44833;46365;+;48.1		pfam	both	B	6/7	canonical	1	0	ga	7	0	0														not_admitted	not_admitted	not_admitted	not_admitted	not_admitted	not_admitted	not_admitted
NZ_CP135466.1	MPF_F	IncFIA(HI1)(pAR0022);IncFII(pAR0022)	168	0	0	GA	0															not_admitted	not_admitted	not_admitted	not_admitted	not_admitted	not_admitted	not_admitted	not_admitted	not_admitted	not_admitted	1	150;126944;127936;+;365.3	158;132792;134156;+;357.2	153;130435;131217;+;216.2	142;121652;124255;+;224.6	159;134156;137446;+;303.7	136;117664;119073;+;94.8	142;121652;124255;+;103.0	134;116331;116915;+;107.0	151;127947;128567;+;56.6	152;128564;130438;+;219.8	165;140134;142794;+;360.0	138;119664;120221;+;40.1	165;140134;142794;+;71.3	A	9/9	contiguous	23803	1	1	137461..138030+;189;unnamed;0
NZ_CP135478.1	MPF_T	IncX3	62	0	0	GA	1	49;41740;42384;-;46.4	48;41466;41756;-;73.1	47;38688;41441;-;47.0	47;38688;41441;-;142.4	47;38688;41441;-;73.3	46;37908;38678;-;60.1	44;36574;37629;-;133.2		43;35651;36379;-;119.4	42;34716;35645;-;138.8	41;33505;34719;-;128.3	39;32275;33309;-;65.7	38;30437;32272;-;495.9		pfam	pfam_only	A	7/7	canonical	1	1	unscoreable	2	0	0														not_admitted	not_admitted	not_admitted	not_admitted	not_admitted	not_admitted	not_admitted
NZ_CP135482.1	MPF_F	IncFIB(pQil);IncFII	138	0	0	GA	0															not_admitted	not_admitted	not_admitted	not_admitted	not_admitted	not_admitted	not_admitted	not_admitted	not_admitted	not_admitted	1	114;95540;96532;+;369.5	124;102311;103684;+;381.7	119;99638;100381;+;234.4	111;91901;94531;+;304.1	125;103681;106503;+;374.0	104;87451;88902;+;94.2	111;91901;94531;+;97.1	102;86170;86736;+;174.3	116;96876;97514;+;68.6	117;97511;99361;+;266.1	129;108775;111036;+;391.1	107;89762;90277;+;78.4	129;108775;111036;+;70.3	A	9/9	contiguous	22605	1	1	106525..107004+;159;TraS;0
NZ_CP135490.1	MPF_T	ColKP3;IncX3	65	0	0	GA	1	52;43483;44127;-;46.4	51;43209;43499;-;73.1	50;40431;43184;-;47.0	50;40431;43184;-;142.4	50;40431;43184;-;73.3	49;39651;40421;-;60.1	47;38317;39372;-;132.8		46;37394;38122;-;119.4	45;36459;37388;-;138.8	44;35248;36462;-;128.3	42;34018;35052;-;65.7	41;32180;34015;-;495.9		pfam	pfam_only	A	7/7	canonical	1	1	unscoreable	2	0	0														not_admitted	not_admitted	not_admitted	not_admitted	not_admitted	not_admitted	not_admitted
NZ_CP135495.1	MPF_F	IncFII(pECLA);repE(pEh60-7)	141	0	0	GA	0															not_admitted	not_admitted	not_admitted	not_admitted	not_admitted	not_admitted	not_admitted	not_admitted	not_admitted	not_admitted	1	85;64323;65318;+;363.9	93;70149;71513;+;357.9	88;67781;68563;+;218.4	77;58774;61383;+;223.7	94;71513;74833;+;309.7	71;55371;56774;+;92.3	77;58774;61383;+;102.2	69;54041;54622;+;100.6	86;65329;65952;+;63.3	87;65949;67784;+;222.3	99;77410;80007;+;363.1	75;58041;58595;+;44.3	99;77410;80007;+;71.2	A	9/9	contiguous	23369	1	1	74846..75442+;198;unnamed;0
NZ_CP135499.1	MPF_F	IncFIB(pENTAS01);IncFII(pENTA)	238	0	0	GA	0															not_admitted	not_admitted	not_admitted	not_admitted	not_admitted	not_admitted	not_admitted	not_admitted	not_admitted	not_admitted	1	186;163645;164640;-;357.9	179;157895;159259;-;360.6	183;160369;161157;-;215.5	194;168066;170672;-;212.9	178;154476;157895;-;302.1	87;77903;79063;-;156.3	194;168066;170672;-;99.9	201;174416;174997;-;96.7	185;163011;163634;-;61.1	184;161158;163014;-;204.1	172;149102;151660;-;365.5	196;170842;171396;-;45.5	172;149102;151660;-;69.5	A	9/9	split_2	96513	1	1	153766..154467-;233;unnamed;0
NZ_CP135500.1	MPF_F	IncFIB(pB171);IncFII(Yp);IncFII(pAR0022)	128	0	0	GA	0															not_admitted	not_admitted	not_admitted	not_admitted	not_admitted	not_admitted	not_admitted	not_admitted	not_admitted	not_admitted	1	73;57541;58533;+;369.4	81;63246;64616;+;376.7	77;61280;62029;+;218.2	70;53923;56553;+;285.1	82;64616;67438;+;336.5	64;50408;51802;+;91.1	70;53923;56553;+;98.6	62;49125;49691;+;170.1	74;58550;59179;+;66.9	75;59176;61029;+;260.5	85;68775;71021;+;384.7	65;51824;52363;+;67.1	85;68775;71021;+;63.8	A	9/9	contiguous	19650	1	1	67460..67891+;143;TraS;0
NZ_CP135501.1	MPF_T	IncN	70	0	0	GA	1	27;21819;22553;+;32.5		30;23196;23513;+;63.3	31;23513;26113;+;113.8	31;23513;26113;+;76.4	32;26131;26844;+;105.5	34;27095;28135;+;142.4		35;28354;29052;+;131.9	36;29063;29947;+;159.7	37;29947;31107;+;156.3	38;31149;32144;+;81.2	47;40138;41667;-;38.5		pfam	both	A	7/7	canonical	1	0	unscoreable	11	0	0														not_admitted	not_admitted	not_admitted	not_admitted	not_admitted	not_admitted	not_admitted
NZ_CP135503.1	MPF_F	IncFIA;IncFIB(pB171);IncFII	190	0	0	GA	0															not_admitted	not_admitted	not_admitted	not_admitted	not_admitted	not_admitted	not_admitted	not_admitted	not_admitted	not_admitted	1	162;137545;138537;+;367.1	173;144314;145687;+;382.9	167;141643;142386;+;234.4	159;133906;136536;+;297.8	174;145684;148506;+;384.1	148;126081;127532;+;94.1	159;133906;136536;+;100.5	146;124800;125366;+;183.8	164;138881;139519;+;69.6	165;139516;141366;+;266.4	178;150777;153056;+;391.7	151;128392;128907;+;77.9	178;150777;153056;+;71.7	A	9/9	contiguous	25977	1	1	148527..149024+;165;TraS;0
NZ_CP135505.1	MPF_T	IncX4	52	0	0	GA	1	33;24855;25475;-;46.9	32;24515;24841;-;64.4	31;21749;24496;-;62.7	31;21749;24496;-;151.8	31;21749;24496;-;46.1	30;21021;21737;-;97.3	29;19931;21010;-;157.5		27;18730;19416;-;167.4	26;17825;18733;-;142.3	25;16714;17832;-;162.9	24;15684;16712;-;85.0	23;13835;15652;-;316.5		pfam	pfam_only	A	7/7	canonical	1	1	unscoreable	1	0	0														not_admitted	not_admitted	not_admitted	not_admitted	not_admitted	not_admitted	not_admitted
NZ_CP135623.1	-	IncU;pKPC-CAV1321	372	0	0	GA	0															not_admitted	not_admitted	not_admitted	not_admitted	not_admitted	not_admitted	not_admitted	not_admitted	not_admitted	not_admitted	1	236;188790;189857;+;276.8	256;205772;207214;+;260.7	255;204675;205775;+;198.4	232;184196;186682;+;223.8	257;207229;210747;+;240.0	228;179571;180968;+;109.8	232;184196;186682;+;120.8	226;177662;178288;+;87.1	235;187480;188793;+;41.0	259;211183;213840;+;136.9	220;173138;175114;+;22.7	229;180965;181531;+;71.6	220;173138;175114;+;33.5	A	9/9	contiguous	38045	0	1	
NZ_CP135647.1	MPF_F	Col156;IncFIA;IncFIB(AP001918);IncFII(pRSB107)	171	0	0	GA	0															not_admitted	not_admitted	not_admitted	not_admitted	not_admitted	not_admitted	not_admitted	not_admitted	not_admitted	not_admitted	1	101;83891;84883;-;369.5	129;102616;103989;+;386.6	96;80042;80785;-;231.4	104;85892;88519;-;303.9	130;103986;106805;+;386.3	110;90404;91855;-;94.1	104;85892;88519;-;96.5	112;92570;93136;-;184.3	99;82909;83547;-;68.7	98;81062;82912;-;266.7	134;109063;111324;+;391.7	107;89035;89550;-;75.2	134;109063;111324;+;70.3	A	9/9	contiguous	29021	1	1	106830..107321+;163;TraS;0
NZ_CP135652.1	MPF_T	-	34	0	0	GA	1		22;14967;15275;+;66.3	23;15286;15603;+;81.2	24;15600;18050;+;144.0	24;15600;18050;+;84.6	25;18072;18716;+;96.5	27;18989;20002;+;161.4		29;20352;21110;+;142.8	30;21113;21934;+;197.9	31;21934;23121;+;185.1	32;23099;24136;+;83.0	33;24099;26027;+;403.6		pfam	both	A	7/7	canonical	1	0	unscoreable	2	0	0														not_admitted	not_admitted	not_admitted	not_admitted	not_admitted	not_admitted	not_admitted
NZ_CP135657.1	MPF_F	Col156;IncFIA;IncFIB(AP001918);IncFII(pRSB107)	186	0	0	GA	0															not_admitted	not_admitted	not_admitted	not_admitted	not_admitted	not_admitted	not_admitted	not_admitted	not_admitted	not_admitted	1	112;101319;102311;-;369.5	104;96911;98284;-;386.6	107;98921;99466;-;44.4	115;103320;105947;-;303.9	103;94095;96914;-;386.3	121;107832;109283;-;94.1	115;103320;105947;-;96.5	123;109998;110564;-;184.3			99;89612;91837;-;391.7	118;106463;106978;-;75.2	99;89612;91837;-;70.3	C	7/9	contiguous	20386	1	0	93579..94070-;163;TraS;0
NZ_CP135659.1	MPF_F	IncFIA;IncFIB(AP001918);IncFIC(FII);IncFII(pSE11)	257	0	0	GA	0															not_admitted	not_admitted	not_admitted	not_admitted	not_admitted	not_admitted	not_admitted	not_admitted	not_admitted	not_admitted	1	194;176260;177252;-;369.5	181;167694;169067;-;381.7	111;105513;106256;-;235.0	118;110986;113613;-;305.4	103;99144;101969;-;387.0	123;115668;117095;-;94.3	197;178261;180891;-;99.0	125;117810;118376;-;183.8	191;174679;175317;-;70.8	188;172017;173867;-;272.1	100;95487;97640;-;391.9	119;114129;114644;-;78.4	100;95487;97640;-;70.4	A	9/9	split_2	82774	1	1	98638..99147-;169;unnamed;0
NZ_CP135667.1	MPF_F	IncFII	85	0	0	GA	0															not_admitted	not_admitted	not_admitted	not_admitted	not_admitted	not_admitted	not_admitted	not_admitted	not_admitted	not_admitted	1	61;50578;51570;+;369.5	71;57349;58722;+;381.7	66;54676;55419;+;234.4	58;46939;49569;+;304.1	72;58719;61541;+;374.0	51;42489;43940;+;94.2	58;46939;49569;+;97.1	49;41208;41774;+;174.3	63;51914;52552;+;68.6	64;52549;54399;+;266.1	76;63813;66020;+;391.2	54;44800;45315;+;78.4	76;63813;66020;+;70.3	A	9/9	contiguous	22605	1	1	61563..62042+;159;TraS;0
NZ_CP135673.1	MPF_F	IncFII	84	0	0	GA	0															not_admitted	not_admitted	not_admitted	not_admitted	not_admitted	not_admitted	not_admitted	not_admitted	not_admitted	not_admitted	1	60;46522;47514;+;369.5	70;53293;54666;+;381.7	65;50620;51363;+;234.4	57;42883;45513;+;304.1	71;54663;57485;+;374.0	46;35983;37434;+;94.2	57;42883;45513;+;96.8	44;34702;35268;+;174.3	62;47858;48496;+;68.6	63;48493;50343;+;266.1	75;59757;61919;+;391.2	49;38294;38809;+;78.4	75;59757;61919;+;70.4	A	9/9	contiguous	25055	1	1	57507..57986+;159;TraS;0
NZ_CP135682.1	MPF_F	IncC	130	0	0	GA	0															not_admitted	not_admitted	not_admitted	not_admitted	not_admitted	not_admitted	not_admitted	not_admitted	not_admitted	not_admitted	1		119;95807;97240;+;339.2	118;94777;95805;+;221.7	90;68750;71197;+;354.2	120;97253;100867;+;375.3	81;55439;56755;+;135.0	90;68750;71197;+;128.6	79;53915;54541;+;92.1			70;48240;50105;+;47.4	82;56752;57330;+;100.2	70;48240;50105;+;52.0	C	6/9	split_2	49013	0	0	
NZ_CP135683.1	MPF_F	IncFII(pSE11)	116	0	0	GA	0															not_admitted	not_admitted	not_admitted	not_admitted	not_admitted	not_admitted	not_admitted	not_admitted	not_admitted	not_admitted	1	91;78126;79118;+;369.2	103;85349;86722;+;376.8	98;83040;83783;+;234.4	88;74490;77117;+;300.9	104;86719;89544;+;389.2	82;71151;72578;+;93.9	88;74490;77117;+;102.3	80;69870;70436;+;183.8	93;79462;80100;+;70.4	96;80913;82763;+;265.0	108;91786;93993;+;391.7	85;73459;73974;+;78.4	108;91786;93993;+;70.3	A	9/9	contiguous	21916	1	1	89541..90050+;169;unnamed;0
NZ_CP135686.1	MPF_F	Col156;IncFIB(AP001918);IncFII	140	0	0	GA	0															not_admitted	not_admitted	not_admitted	not_admitted	not_admitted	not_admitted	not_admitted	not_admitted	not_admitted	not_admitted	1	82;78960;79952;-;369.5	65;67533;68906;-;381.7	74;73697;74440;-;234.4	85;80961;83591;-;297.8	64;64717;67536;-;374.1	92;86859;88310;-;94.2	85;80961;83591;-;99.0	94;89025;89591;-;174.3	79;77379;78017;-;70.8	76;74717;76567;-;270.8	60;60231;62447;-;391.7	89;85484;85999;-;82.8	60;60231;62447;-;70.3	A	9/9	contiguous	28794	1	1	64201..64692-;163;TraS;0
NZ_CP135687.1	MPF_F	IncFII	81	0	0	GA	0															not_admitted	not_admitted	not_admitted	not_admitted	not_admitted	not_admitted	not_admitted	not_admitted	not_admitted	not_admitted	1	57;44481;45473;+;369.5	67;51252;52625;+;381.7	62;48579;49322;+;234.4	54;40842;43472;+;304.1	68;52622;55444;+;374.0	46;35989;37440;+;94.2	54;40842;43472;+;96.8	44;34708;35274;+;174.3	59;45817;46455;+;68.6	60;46452;48302;+;266.1	72;57716;59995;+;391.0	49;38300;38815;+;78.4	72;57716;59995;+;70.3	A	9/9	contiguous	23008	1	1	55466..55945+;159;TraS;0
NZ_CP135692.1	MPF_F	Col156;IncFIA;IncFIB(AP001918);IncFII(pRSB107)	185	0	0	GA	0															not_admitted	not_admitted	not_admitted	not_admitted	not_admitted	not_admitted	not_admitted	not_admitted	not_admitted	not_admitted	1	113;102278;103270;-;369.5	100;93146;94519;-;386.6	108;98429;99172;-;231.4	116;104279;106906;-;303.9	99;90330;93149;-;386.3	122;108791;110242;-;94.1	116;104279;106906;-;96.5	124;110957;111523;-;184.3	111;101296;101934;-;68.7	110;99449;101299;-;266.7	95;85892;88072;-;391.8	119;107422;107937;-;75.2	95;85892;88072;-;70.3	A	9/9	contiguous	25065	1	1	89814..90305-;163;TraS;0
NZ_CP135693.1	MPF_F	IncFII	85	0	0	GA	0															not_admitted	not_admitted	not_admitted	not_admitted	not_admitted	not_admitted	not_admitted	not_admitted	not_admitted	not_admitted	1	61;47143;48135;+;369.5	71;53914;55287;+;381.7	66;51241;51984;+;234.4	58;43504;46134;+;304.1	72;55284;58106;+;374.0	48;37315;38766;+;94.1	58;43504;46134;+;96.8	46;36034;36600;+;174.3	63;48479;49117;+;68.6	64;49114;50964;+;266.1	76;60378;62558;+;391.8	51;39626;40141;+;78.4	76;60378;62558;+;70.3	A	9/9	contiguous	24344	1	1	58128..58607+;159;TraS;0
NZ_CP135694.1	MPF_T	IncN	56	0	0	GA	1	14;6834;7574;+;34.8	16;7898;8188;+;45.9	17;8239;8553;+;64.7	18;8553;11183;+;117.7	18;8553;11183;+;86.1	19;11193;11900;+;114.7	21;12159;13202;+;127.4	22;13296;13466;+;41.4	23;13469;14185;+;146.2	24;14188;15075;+;144.2	25;15072;16226;+;174.0	26;16219;17250;+;78.1	31;21658;23235;-;50.6		pfam	both	A	7/7	canonical	1	0	ga	6	0	0														not_admitted	not_admitted	not_admitted	not_admitted	not_admitted	not_admitted	not_admitted
NZ_CP135698.1	MPF_F	Col156;IncFIA;IncFIB(AP001918);IncFII(pRSB107)	183	0	0	GA	0															not_admitted	not_admitted	not_admitted	not_admitted	not_admitted	not_admitted	not_admitted	not_admitted	not_admitted	not_admitted	1	113;102827;103819;-;369.5	100;93695;95068;-;386.6	108;98978;99721;-;231.4	116;104828;107455;-;303.9	99;90879;93698;-;386.3	122;109340;110791;-;94.1	116;104828;107455;-;96.5	124;111506;112072;-;184.3	111;101845;102483;-;68.7	110;99998;101848;-;266.7	95;86414;88621;-;391.8	119;107971;108486;-;75.2	95;86414;88621;-;70.3	A	9/9	contiguous	25092	1	1	90363..90854-;163;TraS;0
NZ_CP135700.1	MPF_F	IncFII(pSE11)	72	0	0	GA	0															not_admitted	not_admitted	not_admitted	not_admitted	not_admitted	not_admitted	not_admitted	not_admitted	not_admitted	not_admitted	1	44;33814;34806;+;369.5	56;40860;42233;+;381.4	49;37912;38655;+;234.4	41;30175;32805;+;297.8	57;42230;45055;+;374.0	34;25706;27133;+;93.9	41;30175;32805;+;98.7	32;24425;24991;+;174.3	46;35150;35788;+;68.5	47;35785;37635;+;266.9	61;47309;49516;+;391.8	37;28017;28532;+;78.4	61;47309;49516;+;70.4	A	9/9	contiguous	22884	1	1	45052..45561+;169;unnamed;0
NZ_CP135701.1	MPF_T	-	58	0	0	GA	1	16;7464;8198;+;32.6	18;8498;8791;+;29.3	19;8841;9158;+;63.9	20;9158;11758;+;115.2	20;9158;11758;+;76.2	21;11776;12489;+;105.1	23;12740;13780;+;142.6		24;13999;14697;+;131.9	25;14708;15592;+;159.7	26;15592;16752;+;156.3	27;16795;17790;+;81.4	31;22359;23888;-;38.5		pfam	both	A	7/7	canonical	1	0	unscoreable	17	0	0														not_admitted	not_admitted	not_admitted	not_admitted	not_admitted	not_admitted	not_admitted
NZ_CP135707.1	MPF_F	IncFII(pSE11)	86	0	0	GA	0															not_admitted	not_admitted	not_admitted	not_admitted	not_admitted	not_admitted	not_admitted	not_admitted	not_admitted	not_admitted	1	57;44487;45479;+;369.5	71;52203;53576;+;386.0	64;49255;49998;+;234.4	54;40848;43478;+;297.8	72;53573;56398;+;386.5	46;35976;37403;+;94.2	54;40848;43478;+;98.7	44;34695;35261;+;174.3	59;45823;46461;+;68.6	62;47173;48978;+;267.0	76;58640;60937;+;381.9	49;38287;38802;+;78.4	76;58640;60937;+;66.7	A	9/9	contiguous	23945	1	1	56395..56904+;169;unnamed;0
NZ_CP135710.1	MPF_F	IncFIA;IncFIB(AP001918);IncFII(pRSB107)	109	0	0	GA	0															not_admitted	not_admitted	not_admitted	not_admitted	not_admitted	not_admitted	not_admitted	not_admitted	not_admitted	not_admitted	1	57;54782;55774;-;369.5	44;45650;47023;-;386.6	52;50933;51676;-;231.4	60;56783;59410;-;303.9	43;42834;45653;-;386.3	66;61295;62746;-;94.1	60;56783;59410;-;96.5	68;63461;64027;-;184.3	55;53800;54438;-;68.7	54;51953;53803;-;266.8	37;37060;39240;-;391.8	63;59926;60441;-;75.2	37;37060;39240;-;70.3	A	9/9	contiguous	26401	1	1	42318..42809-;163;TraS;0
NZ_CP135716.1	MPF_F	IncFII	83	0	0	GA	0															not_admitted	not_admitted	not_admitted	not_admitted	not_admitted	not_admitted	not_admitted	not_admitted	not_admitted	not_admitted	1	59;46913;47905;+;369.5	69;53684;55057;+;381.7	64;51011;51754;+;234.4	56;43274;45904;+;304.1	70;55054;57876;+;374.0	48;38421;39872;+;94.2	56;43274;45904;+;96.8	46;37140;37706;+;174.3	61;48249;48887;+;68.6	62;48884;50734;+;266.1	74;60148;62400;+;391.1	51;40732;41247;+;78.4	74;60148;62400;+;70.3	A	9/9	contiguous	23008	1	1	57898..58377+;159;TraS;0
NZ_CP135721.1	MPF_F	IncFII	81	0	0	GA	0															not_admitted	not_admitted	not_admitted	not_admitted	not_admitted	not_admitted	not_admitted	not_admitted	not_admitted	not_admitted	1	57;44469;45461;+;369.5	67;51240;52613;+;381.7	62;48567;49310;+;234.4	54;40830;43460;+;304.1	68;52610;55432;+;374.0	46;35977;37428;+;94.2	54;40830;43460;+;96.8	44;34696;35262;+;174.3	59;45805;46443;+;68.6	60;46440;48290;+;266.1	72;57704;59956;+;391.1	49;38288;38803;+;78.4	72;57704;59956;+;70.3	A	9/9	contiguous	23008	1	1	55454..55933+;159;TraS;0
NZ_CP135724.1	MPF_F	IncFII	81	0	0	GA	0															not_admitted	not_admitted	not_admitted	not_admitted	not_admitted	not_admitted	not_admitted	not_admitted	not_admitted	not_admitted	1	57;44469;45461;+;369.5	67;51240;52613;+;381.7	62;48567;49310;+;234.4	54;40830;43460;+;304.1	68;52610;55432;+;374.0	46;35977;37428;+;94.2	54;40830;43460;+;96.8	44;34696;35262;+;174.3	59;45805;46443;+;68.6	60;46440;48290;+;266.1	72;57704;59956;+;391.1	49;38288;38803;+;78.4	72;57704;59956;+;70.3	A	9/9	contiguous	23008	1	1	55454..55933+;159;TraS;0
NZ_CP135958.1	MPF_F	IncFIB(AP001918);IncFIC(FII)	196	0	0	GA	0															not_admitted	not_admitted	not_admitted	not_admitted	not_admitted	not_admitted	not_admitted	not_admitted	not_admitted	not_admitted	1	145;139527;140519;+;369.3	155;145926;147299;+;380.9	149;143248;143991;+;234.1	142;135891;138518;+;305.4	156;147296;150121;+;385.2	137;132409;133836;+;94.3	142;135891;138518;+;98.5	135;131128;131694;+;184.4	146;140528;141166;+;68.4	147;141163;142971;+;268.0	159;151625;153778;+;391.9	141;134860;135375;+;78.0	159;151625;153778;+;70.4	A	9/9	contiguous	20497	1	1	150118..150627+;169;unnamed;0
NZ_CP135960.1	MPF_F	IncFIB(AP001918);IncFII	139	0	0	GA	0															not_admitted	not_admitted	not_admitted	not_admitted	not_admitted	not_admitted	not_admitted	not_admitted	not_admitted	not_admitted	1	85;91643;92635;-;369.3	76;85208;86584;-;381.8	81;88171;88914;-;230.0	88;93644;96271;-;306.4	75;82389;85211;-;389.0	95;98326;99753;-;94.3	88;93644;96271;-;98.5	97;100468;101034;-;183.3	84;90996;91634;-;68.7	83;89191;90999;-;267.9	72;78693;80855;-;391.8	91;96787;97302;-;77.7	72;78693;80855;-;70.4	A	9/9	contiguous	21775	1	1	81888..82367-;159;TraS;0
NZ_CP136000.1	MPF_F	IncFIB(K);IncFII(pKP91)	191	0	0	GA	0															not_admitted	not_admitted	not_admitted	not_admitted	not_admitted	not_admitted	not_admitted	not_admitted	not_admitted	not_admitted	1	38;25601;26590;+;363.3	48;32137;33504;+;384.6	44;30127;30879;+;233.7	34;21505;24144;+;258.5	49;33504;36353;+;345.5	26;16741;18165;+;89.3	34;21505;24144;+;88.2	24;15448;16014;+;167.0	39;26603;27241;+;66.0	40;27300;29255;+;259.3	53;38814;41096;+;393.2	28;18777;19361;+;54.6	53;38814;41096;+;65.9	A	9/9	contiguous	23366	1	1	36356..36886+;176;unnamed;0
NZ_CP136002.1	MPF_T	IncX4	42	0	0	GA	1	12;11964;12584;-;41.6	11;11624;11950;-;64.4	10;8858;11605;-;63.8	10;8858;11605;-;151.8	10;8858;11605;-;46.1	9;8130;8846;-;94.2	8;7024;8118;-;150.1		6;5823;6509;-;169.0	5;4918;5826;-;142.4	4;3807;4925;-;163.9	3;2777;3805;-;85.0	2;928;2745;-;314.8		pfam	pfam_only	A	7/7	canonical	1	1	unscoreable	1	0	0														not_admitted	not_admitted	not_admitted	not_admitted	not_admitted	not_admitted	not_admitted
NZ_CP136026.1	MPF_F	IncHI2;IncHI2A	302	0	0	GA	0															not_admitted	not_admitted	not_admitted	not_admitted	not_admitted	not_admitted	not_admitted	not_admitted	not_admitted	not_admitted	1	27;31707;32765;+;276.9	209;193266;194681;-;194.1	210;194671;195717;-;174.1	11;8955;11636;+;168.0	208;189304;193257;-;101.6	7;5270;6625;+;80.7	11;8955;11636;+;72.2	4;2758;3546;+;74.8	25;30054;31565;+;62.0	28;32784;35972;+;57.3	217;202759;204843;+;56.8	10;7996;8946;+;46.1	217;202759;204843;+;38.8	A	9/9	split_3	200001	1	1	187834..189123-;429;unnamed;0
NZ_CP136048.1	MPF_F	IncHI2;IncHI2A;IncQ1	253	0	0	GA	0															not_admitted	not_admitted	not_admitted	not_admitted	not_admitted	not_admitted	not_admitted	not_admitted	not_admitted	not_admitted	1	29;32275;33333;+;276.9			11;8955;11636;+;168.0		7;5270;6625;+;80.7	11;8955;11636;+;72.2	4;2758;3546;+;74.8	27;30622;32133;+;62.7	30;33352;36540;+;58.3	173;159384;161468;+;56.7	10;7996;8946;+;46.4	173;159384;161468;+;38.8	C	6/9	split_3	156626	0	1	
NZ_CP136049.1	MPF_F	IncC	186	0	0	GA	0															not_admitted	not_admitted	not_admitted	not_admitted	not_admitted	not_admitted	not_admitted	not_admitted	not_admitted	not_admitted	1	95;72388;73395;+;332.9	175;146649;148082;+;339.2	174;145619;146647;+;221.7	90;67189;69636;+;354.2	176;148095;151709;+;375.3	80;52812;54128;+;135.0	90;67189;69636;+;128.6	78;51288;51914;+;92.1	93;70458;71723;+;67.6	96;73511;76306;+;145.3	69;45613;47478;+;47.4	81;54125;54703;+;100.2	69;45613;47478;+;52.0	A	9/9	split_2	102482	0	1	
NZ_CP136147.1	MPF_T	IncFIB(K)	120	0	0	GA	1	80;77735;78397;+;48.3	81;78408;78707;+;36.6	82;78717;81467;+;61.6	82;78717;81467;+;134.0	82;78717;81467;+;46.2	83;81486;82202;+;137.0	85;82516;83523;+;137.8		87;83733;84419;+;158.3	88;84412;85305;+;146.0	89;85302;86498;+;134.8	90;86502;87551;+;71.5	97;92289;94196;+;24.3		pfam	pfam_only	A	7/7	canonical	1	1	unscoreable	8	0	0														not_admitted	not_admitted	not_admitted	not_admitted	not_admitted	not_admitted	not_admitted
NZ_CP136148.1	MPF_T	IncX1	48	0	0	GA	1	23;15909;16556;+;45.2	24;16534;16830;+;77.5	25;16849;19602;+;47.9	25;16849;19602;+;147.9	25;16849;19602;+;75.3	26;19613;20362;+;67.5	28;20673;21734;+;135.0		29;21979;22692;+;120.0	30;22697;23626;+;132.4	31;23623;24828;+;132.5	32;24830;25861;+;79.0	33;25864;27699;+;489.3		pfam	pfam_only	A	7/7	canonical	1	1	unscoreable	1	0	0														not_admitted	not_admitted	not_admitted	not_admitted	not_admitted	not_admitted	not_admitted
NZ_CP136249.1	MPF_F	IncFIB(pNDM-Mar);IncHI1B(pNDM-MAR)	318	0	0	GA	0															not_admitted	not_admitted	not_admitted	not_admitted	not_admitted	not_admitted	not_admitted	not_admitted	not_admitted	not_admitted	1	211;189721;190758;+;282.3	54;53689;55098;-;190.4	55;55088;56125;-;175.6	199;176172;178889;+;149.6	53;49773;53687;-;120.2	195;172689;174059;+;65.6	199;176172;178889;+;85.2	192;170183;171043;+;79.0	210;188363;189724;+;69.9	212;190768;193950;+;60.1	62;63324;65450;+;57.7	198;175390;176127;+;56.9	62;63324;65450;+;41.0	A	9/9	split_2	140995	0	1	
NZ_CP136251.1	MPF_F	IncFIB(K);IncFII(pKP91);IncQ1	199	0	0	GA	0															not_admitted	not_admitted	not_admitted	not_admitted	not_admitted	not_admitted	not_admitted	not_admitted	not_admitted	not_admitted	1	149;144850;145839;-;363.3	139;137936;139303;-;384.6	143;140561;141313;-;233.7	153;147296;149935;-;258.5	138;135087;137936;-;341.1	162;153274;154698;-;89.3	153;147296;149935;-;88.2	164;155425;155991;-;167.0	148;144199;144837;-;66.0	147;142185;144140;-;260.6	134;130344;132626;-;393.2	160;152078;152662;-;54.6	134;130344;132626;-;65.9	A	9/9	contiguous	25081	1	1	134554..135084-;176;unnamed;0
NZ_CP136253.1	MPF_F	IncFIB(K);IncFII(pKP91);IncQ1	199	0	0	GA	0															not_admitted	not_admitted	not_admitted	not_admitted	not_admitted	not_admitted	not_admitted	not_admitted	not_admitted	not_admitted	1	149;144850;145839;-;363.3	139;137936;139303;-;384.6	143;140561;141313;-;233.7	153;147296;149935;-;258.5	138;135087;137936;-;341.1	162;153274;154698;-;89.3	153;147296;149935;-;88.2	164;155425;155991;-;167.0	148;144199;144837;-;66.0	147;142185;144140;-;260.6	134;130344;132626;-;393.2	160;152078;152662;-;54.6	134;130344;132626;-;65.9	A	9/9	contiguous	25081	1	1	134554..135084-;176;unnamed;0
NZ_CP136255.1	MPF_F	IncFIB(pNDM-Mar);IncHI1B(pNDM-MAR)	318	0	0	GA	0															not_admitted	not_admitted	not_admitted	not_admitted	not_admitted	not_admitted	not_admitted	not_admitted	not_admitted	not_admitted	1	211;189721;190758;+;282.3	54;53689;55098;-;190.4	55;55088;56125;-;175.6	199;176172;178889;+;149.6	53;49773;53687;-;120.2	195;172689;174059;+;65.6	199;176172;178889;+;85.2	192;170183;171043;+;79.0	210;188363;189724;+;69.9	212;190768;193950;+;60.1	62;63324;65450;+;57.7	198;175390;176127;+;56.9	62;63324;65450;+;41.0	A	9/9	split_2	140995	0	1	
NZ_CP136259.1	MPF_F	IncFII(pHN7A8);IncN;IncX1	138	0	0	GA	0															not_admitted	not_admitted	not_admitted	not_admitted	not_admitted	not_admitted	not_admitted	not_admitted	not_admitted	not_admitted	1	53;48882;49874;-;369.5	40;40676;42049;-;376.8	45;43615;44358;-;234.4	56;50883;53510;-;301.8	39;37863;40679;-;376.7	61;55565;56992;-;94.1	56;50883;53510;-;101.8	63;57707;58273;-;183.8	50;47298;47936;-;70.4	47;44635;46485;-;265.0	35;33346;35562;-;390.8	57;54026;54541;-;78.0	35;33346;35562;-;70.3	A	9/9	contiguous	24361	1	1	37309..37830-;173;unnamed;0
NZ_CP136260.1	MPF_T	IncI2(Delta)	91	0	0	GA	1	24;21597;22079;+;81.1		10;5764;6048;+;36.5	11;6054;8411;+;59.0	11;6054;8411;+;44.6	89;65429;66070;+;42.9	88;64428;65423;+;129.1		12;8575;9309;+;143.5	13;9306;10076;+;170.5	14;10066;11205;+;154.7	21;18291;19829;+;207.4	16;12295;14253;+;287.0		pfam	pfam_only	A	7/7	canonical	1	0	unscoreable	7	1	0														not_admitted	not_admitted	not_admitted	not_admitted	not_admitted	not_admitted	not_admitted
NZ_CP136261.1	MPF_F	IncFII(29)	73	0	0	GA	0															not_admitted	not_admitted	not_admitted	not_admitted	not_admitted	not_admitted	not_admitted	not_admitted	not_admitted	not_admitted	1	42;40163;41155;-;371.9	32;33383;34756;-;376.8	38;36691;37434;-;233.3	45;42164;44791;-;300.8	31;30567;33386;-;388.5	51;46950;48377;-;94.1	45;42164;44791;-;101.4	53;49092;49658;-;183.8	41;39516;40154;-;68.4	40;37711;39519;-;267.4	27;26089;28296;-;391.7	47;45307;45822;-;78.3	27;26089;28296;-;70.3	A	9/9	contiguous	23003	1	1	30051..30542-;163;TraS;0
NZ_CP136270.1	MPF_F	IncFIA(HI1);IncFII(K);IncFII(pAR0022)	130	0	0	GA	0															not_admitted	not_admitted	not_admitted	not_admitted	not_admitted	not_admitted	not_admitted	not_admitted	not_admitted	not_admitted	1	105;81063;82052;+;366.6	115;87574;88941;+;384.3	111;85560;86312;+;235.6	101;76967;79606;+;258.5	116;88941;91790;+;346.4	95;73061;74485;+;89.3	101;76967;79606;+;88.7	93;71768;72334;+;169.3	106;82065;82703;+;67.0	107;82762;84717;+;259.7	120;94252;96564;+;393.2	96;74558;75142;+;54.9	120;94252;96564;+;65.8	A	9/9	contiguous	22484	1	1	91793..92323+;176;unnamed;0
NZ_CP136337.1	-	-	233	0	0	GA	0															not_admitted	not_admitted	not_admitted	not_admitted	not_admitted	not_admitted	not_admitted	not_admitted	not_admitted	not_admitted	1	145;119884;120915;-;331.2	140;114184;115623;-;290.7	141;115638;116519;-;217.1	150;122818;125403;-;259.9	139;111252;114164;-;228.0	153;126838;128241;-;124.9	150;122818;125403;-;102.4	155;128990;129607;-;148.7	144;119132;119881;-;99.1	143;116931;119135;-;183.4	163;133331;135235;-;49.8	151;125434;126039;-;46.8	163;133331;135235;-;47.1	A	9/9	contiguous	22079	0	1	
NZ_CP136401.1	MPF_F	IncFIB(S);IncFII(S);IncFII(pAR0022)	117	0	0	GA	0															not_admitted	not_admitted	not_admitted	not_admitted	not_admitted	not_admitted	not_admitted	not_admitted	not_admitted	not_admitted	1	41;38324;39316;-;366.7	32;31694;33076;-;392.4	35;34108;34857;-;231.0	44;40303;42951;-;314.1	31;28875;31697;-;394.4	53;45484;46905;-;91.5	44;40303;42951;-;97.8	55;47632;48198;-;185.6	39;37374;38012;-;70.6	37;35095;36921;-;271.0	28;24987;27221;-;374.0	49;44163;44678;-;96.7	28;24987;27221;-;72.0	A	9/9	contiguous	22645	1	1	28365..28853-;162;TraS;0
NZ_CP136406.1	MPF_F	IncFIB(K);IncFII(K)	221	0	0	GA	0															not_admitted	not_admitted	not_admitted	not_admitted	not_admitted	not_admitted	not_admitted	not_admitted	not_admitted	not_admitted	1	188;170728;171720;+;366.6	198;177171;178541;+;381.2	194;175217;175969;+;232.4	185;167063;169702;+;258.7	199;178541;181390;+;344.2	176;161824;163248;+;89.2	185;167063;169702;+;88.8	174;160531;161097;+;167.0	189;171733;172371;+;67.0	190;172368;174374;+;259.0	203;183204;185513;+;393.2	178;163860;164429;+;49.7	203;183204;185513;+;65.8	A	9/9	contiguous	22673	1	1	181393..181923+;176;unnamed;0
NZ_CP136407.1	MPF_F	IncFIB(pQil);IncFII(K)	131	0	0	GA	0															not_admitted	not_admitted	not_admitted	not_admitted	not_admitted	not_admitted	not_admitted	not_admitted	not_admitted	not_admitted	1	73;71591;72580;-;366.0	63;64677;66044;-;380.7	67;67302;68054;-;233.7	77;74023;76662;-;258.5	62;61828;64677;-;345.6	85;79919;81343;-;88.8	77;74023;76662;-;88.7	87;82070;82636;-;169.3	72;70940;71578;-;67.0	71;68926;70881;-;259.7	58;57030;59342;-;392.7	84;79221;79805;-;55.4	58;57030;59342;-;66.5	A	9/9	contiguous	25040	1	1	61267..61815-;182;unnamed;0
NZ_CP136409.1	MPF_T	IncX3	56	0	0	GA	1	38;32609;33253;-;46.4	37;32335;32625;-;73.1	36;29557;32310;-;47.0	36;29557;32310;-;145.4	36;29557;32310;-;73.3	35;28777;29547;-;60.1	33;27443;28498;-;133.2		32;26520;27248;-;119.4	31;25585;26514;-;138.8	30;24374;25588;-;128.3	28;23144;24178;-;65.7	27;21306;23141;-;495.9		pfam	pfam_only	A	7/7	canonical	1	1	unscoreable	2	0	0														not_admitted	not_admitted	not_admitted	not_admitted	not_admitted	not_admitted	not_admitted
NZ_CP136456.1	MPF_F	IncFIB(K);IncFII(K)	220	0	0	GA	0															not_admitted	not_admitted	not_admitted	not_admitted	not_admitted	not_admitted	not_admitted	not_admitted	not_admitted	not_admitted	1				167;169708;171765;-;259.4	165;165724;168369;-;300.0	176;175580;177004;-;89.2	167;169708;171765;-;48.7	178;177731;178297;-;167.0			161;161601;163910;-;393.2	174;174399;174968;-;49.7	161;161601;163910;-;65.8	D	4/9	contiguous	16130	1	0	165191..165721-;176;unnamed;0
NZ_CP136462.1	MPF_F	IncFII(K);IncR	138	0	0	GA	0															not_admitted	not_admitted	not_admitted	not_admitted	not_admitted	not_admitted	not_admitted	not_admitted	not_admitted	not_admitted	1	113;96363;97355;+;373.6	123;102902;104269;+;384.0	119;100892;101644;+;235.3	110;92698;95340;+;258.5	124;104269;107091;+;344.2	102;87687;89111;+;89.2	110;92698;95340;+;88.2	100;86394;86960;+;168.1	114;97368;98006;+;66.9	115;98065;100020;+;259.7	128;109139;111451;+;393.1	104;89742;90299;+;52.5	128;109139;111451;+;66.6	A	9/9	contiguous	22745	1	1	107114..107716+;200;TraS;0
NZ_CP136463.1	MPF_T	-	61	0	0	GA	1	46;27251;27985;+;30.7	48;28285;28578;+;32.3	49;28628;28945;+;58.1	50;28945;31545;+;118.8	50;28945;31545;+;76.1	51;31563;32276;+;103.8	53;32527;33576;+;146.5		54;33795;34493;+;132.1	55;34504;35388;+;158.5	56;35388;36548;+;156.3	57;36591;37586;+;81.3			pfam	both	B	6/7	canonical	1	0	unscoreable	15	0	0														not_admitted	not_admitted	not_admitted	not_admitted	not_admitted	not_admitted	not_admitted
NZ_CP136591.1	MPF_F	-	123	0	0	GA	0															not_admitted	not_admitted	not_admitted	not_admitted	not_admitted	not_admitted	not_admitted	not_admitted	not_admitted	not_admitted	1	25;17593;18582;+;356.1	31;22777;24141;+;368.8	28;21068;21919;+;195.6	22;13960;16545;+;245.5	32;24141;26984;+;340.1	19;11792;13120;+;93.7	22;13960;16545;+;88.7	17;10509;11075;+;128.7	26;18592;19200;+;69.5	27;19218;21071;+;243.5	35;28365;30533;+;381.7	20;13132;13683;+;44.5	35;28365;30533;+;63.9	A	9/9	contiguous	17856	1	1	26981..27550+;189;unnamed;0
NZ_CP136595.1	-	-	55	0	0	GA	1	28;17714;18415;+;60.1	29;18396;18695;+;85.1	31;19155;19487;+;77.9	32;19480;21846;+;146.8	32;19480;21846;+;83.4	33;21860;22579;+;111.2	35;22840;23976;+;83.3		37;24213;24911;+;151.0	38;24904;25752;+;179.9	39;25755;26942;+;150.6	40;26932;27957;+;98.5	41;27947;29833;+;339.9		pfam	both	A	7/7	canonical	1	0	unscoreable	2	0	0														not_admitted	not_admitted	not_admitted	not_admitted	not_admitted	not_admitted	not_admitted
NZ_CP136602.1	MPF_F	IncHI2;IncHI2A	386	0	0	GA	0															not_admitted	not_admitted	not_admitted	not_admitted	not_admitted	not_admitted	not_admitted	not_admitted	not_admitted	not_admitted	1	29;32274;33332;+;276.9	278;267467;268882;-;194.1	279;268872;269918;-;173.2	11;8955;11636;+;168.0	277;263508;267458;-;101.6	7;5270;6625;+;80.7	11;8955;11636;+;72.2	4;2758;3546;+;74.8	27;30621;32132;+;62.9	30;33351;36539;+;58.3	285;276959;279043;+;56.7	10;7996;8946;+;46.4	285;276959;279043;+;38.8	A	9/9	split_3	274201	0	1	
NZ_CP136603.1	MPF_F	IncFIB(pB171);IncFII(Yp);IncFII(pAR0022)	148	0	0	GA	0															not_admitted	not_admitted	not_admitted	not_admitted	not_admitted	not_admitted	not_admitted	not_admitted	not_admitted	not_admitted	1	83;78452;79438;-;368.4	75;72369;73739;-;376.7	79;74956;75705;-;218.2	86;80432;83062;-;285.5	74;69547;72369;-;336.5	92;85090;86484;-;90.9	86;80432;83062;-;98.6	94;87201;87767;-;169.9	82;77806;78435;-;66.9	81;75956;77809;-;257.4	71;66010;68211;-;384.8	91;84529;85068;-;64.9	71;66010;68211;-;63.9	A	9/9	contiguous	21191	1	1	69094..69525-;143;TraS;0
NZ_CP136604.1	MPF_T	IncX3	69	0	0	GA	1	56;46251;46895;-;46.4	55;45977;46267;-;73.1	54;43199;45952;-;47.0	54;43199;45952;-;142.4	54;43199;45952;-;73.3	53;42419;43189;-;60.1	51;41085;42140;-;133.2		50;40162;40890;-;119.4	49;39227;40156;-;138.8	48;38016;39230;-;128.3	46;36786;37820;-;65.7	45;34948;36783;-;495.9		pfam	pfam_only	A	7/7	canonical	1	1	unscoreable	2	0	0														not_admitted	not_admitted	not_admitted	not_admitted	not_admitted	not_admitted	not_admitted
NZ_CP136606.1	MPF_T	-	54	0	0	GA	1	37;32907;33545;-;46.6	36;32633;32920;-;64.7	35;29855;32614;-;42.1	35;29855;32614;-;133.2	35;29855;32614;-;61.7	34;29097;29798;-;52.1	32;27742;28818;-;127.7		30;26875;27615;-;144.2	29;25950;26870;-;142.8	28;24442;25953;-;138.3	27;23379;24440;-;75.0	26;21410;23377;-;426.3		pfam	pfam_only	A	7/7	canonical	1	1	unscoreable	2	0	0														not_admitted	not_admitted	not_admitted	not_admitted	not_admitted	not_admitted	not_admitted
NZ_CP136639.1	MPF_T	-	55	0	0	GA	1		29;25221;25484;+;54.5	30;25503;28271;+;73.3	30;25503;28271;+;177.8	30;25503;28271;+;86.1	35;30252;31238;+;82.7	36;31242;32234;+;111.2		38;32381;33043;+;177.6	39;33040;33927;+;161.4	40;33954;35129;+;165.9	41;35110;36102;+;93.2	42;36103;37914;+;348.4		pfam	pfam_only	A	7/7	canonical	1	1	unscoreable	5	0	0														not_admitted	not_admitted	not_admitted	not_admitted	not_admitted	not_admitted	not_admitted
NZ_CP136685.1	MPF_T	-	309	0	0	GA	1	253;238320;239474;+;74.4	157;144393;144674;+;96.1	250;235481;235801;+;85.9	251;235791;238166;+;84.0	251;235791;238166;+;45.1	254;239471;240283;+;69.4	261;244631;245707;+;122.8		165;152272;152943;+;172.6	166;152948;153679;+;169.4	257;241647;243026;+;186.6	168;155112;156092;+;115.9	178;165344;167257;-;299.2		pfam	both	A	7/7	canonical	1	0	unscoreable	21	0	0														not_admitted	not_admitted	not_admitted	not_admitted	not_admitted	not_admitted	not_admitted
NZ_CP136688.1	-	-	100	0	0	GA	1	68;75555;76643;-;67.6	71;79467;79751;-;85.5	70;79168;79443;-;56.6	69;76809;79193;-;83.9	69;76809;79193;-;60.0	67;74756;75565;-;72.1	65;73260;74261;-;96.0		64;72613;73257;-;166.6	63;71878;72609;-;140.4	62;70418;71875;-;170.9	61;69297;70307;-;107.6	52;57872;59803;+;274.4		pfam	pfam_only	A	7/7	canonical	1	0	unscoreable	9	0	0														not_admitted	not_admitted	not_admitted	not_admitted	not_admitted	not_admitted	not_admitted
NZ_CP136691.1	-	-	79	0	0	GA	1	47;53701;54813;-;72.5	51;57774;58055;-;91.6	50;57384;57662;-;62.5	49;55016;57394;-;72.1	49;55016;57394;-;47.3	46;52937;53704;-;61.7	44;51489;52502;-;115.9		43;50791;51459;-;184.6	42;50063;50785;-;177.2	41;48618;50060;-;172.8	40;47555;48535;-;114.8	30;38292;40205;+;296.1		pfam	pfam_only	A	7/7	canonical	1	0	unscoreable	11	0	0														not_admitted	not_admitted	not_admitted	not_admitted	not_admitted	not_admitted	not_admitted
NZ_CP136723.1	MPF_F	IncHI2;IncHI2A	343	0	0	GA	0															not_admitted	not_admitted	not_admitted	not_admitted	not_admitted	not_admitted	not_admitted	not_admitted	not_admitted	not_admitted	1	254;231976;233034;+;276.9	131;117847;119262;-;194.1	132;119252;120298;-;173.7	233;206358;209039;+;168.0	130;113888;117838;-;101.6	229;202673;204028;+;80.7	233;206358;209039;+;72.2	226;200161;200949;+;74.8	252;230323;231834;+;62.7	255;233053;236241;+;58.3	138;127339;129423;+;56.7	232;205399;206349;+;46.4	138;127339;129423;+;38.8	A	9/9	split_3	119165	0	1	
NZ_CP136724.1	MPF_T	IncN3	46	0	0	GA	1	36;28757;29539;-;33.3	34;28214;28510;-;36.0	33;27857;28174;-;71.9	32;25283;27856;-;118.0	32;25283;27856;-;74.2	31;24566;25267;-;98.9	29;23260;24297;-;121.9	28;23052;23183;-;40.1	27;22346;23041;-;132.6	26;21448;22335;-;147.8	25;20315;21448;-;166.3	24;19263;20264;-;90.1	18;12039;13571;+;52.0		pfam	both	A	7/7	canonical	1	0	ga	7	0	0														not_admitted	not_admitted	not_admitted	not_admitted	not_admitted	not_admitted	not_admitted
NZ_CP136725.1	-	-	40	0	0	GA	1	36;34146;34814;-;44.1	35;33843;34136;-;75.0	34;31086;33833;-;63.4	34;31086;33833;-;138.1	34;31086;33833;-;58.9	33;30352;31074;-;119.9	31;29050;30051;-;161.0		30;28167;28850;-;172.2	29;27271;28167;-;141.8	28;25994;27274;-;161.7	27;24955;25983;-;81.0			pfam	pfam_only	B	6/7	canonical	1	1	unscoreable	1	0	0														not_admitted	not_admitted	not_admitted	not_admitted	not_admitted	not_admitted	not_admitted
NZ_CP136728.1	MPF_F	IncFII(Yp);IncFII(pAR0022)	136	0	0	GA	0															not_admitted	not_admitted	not_admitted	not_admitted	not_admitted	not_admitted	not_admitted	not_admitted	not_admitted	not_admitted	1	48;33576;34562;+;370.3	55;38858;40231;+;375.9	52;37309;38058;+;218.1	45;29952;32582;+;285.5	56;40231;43053;+;334.9	39;26530;27924;+;91.1	45;29952;32582;+;98.6	37;25247;25813;+;170.1	49;34579;35208;+;66.1	50;35205;37058;+;260.5	59;44499;46667;+;384.9	40;27946;28485;+;66.8	59;44499;46667;+;64.0	A	9/9	contiguous	19252	1	1	43067..43543+;158;TraS;0
NZ_CP136729.1	MPF_F	IncFII(Y);IncFII(pAR0022)	93	0	0	GA	0															not_admitted	not_admitted	not_admitted	not_admitted	not_admitted	not_admitted	not_admitted	not_admitted	not_admitted	not_admitted	1	34;39235;40221;-;370.3	27;33566;34939;-;377.9	30;35739;36488;-;218.1	37;41215;43845;-;285.5	26;31863;33566;-;338.5	43;45873;47267;-;91.1	37;41215;43845;-;98.6	45;47984;48550;-;170.1	33;38589;39218;-;66.1	32;36739;38592;-;260.5	22;26884;29076;-;384.8	42;45312;45851;-;66.8	22;26884;29076;-;63.9	A	9/9	contiguous	21100	1	1	30705..31772-;355;unnamed;0
NZ_CP136753.1	MPF_F	IncHI2;IncHI2A	387	0	0	GA	0															not_admitted	not_admitted	not_admitted	not_admitted	not_admitted	not_admitted	not_admitted	not_admitted	not_admitted	not_admitted	1	352;310861;311913;+;276.3	200;171487;172902;-;194.1	201;172892;173938;-;173.7	334;287541;290222;+;168.0	199;167528;171478;-;101.6	330;283856;285211;+;80.7	334;287541;290222;+;72.2	327;281344;282132;+;74.8	350;309208;310719;+;62.7	377;334109;337297;+;58.3	207;180979;183063;+;56.7	333;286582;287532;+;46.4	207;180979;183063;+;38.8	A	9/9	split_4	166581	0	1	
NZ_CP136809.1	MPF_T	IncN	80	0	0	GA	1	59;45723;46457;+;32.5		62;47100;47417;+;63.3	63;47417;48772;+;115.5	63;47417;48772;+;78.1		42;34930;35970;-;142.4		41;34013;34711;-;131.9	40;33118;34002;-;159.7	39;31958;33118;-;156.3	8;7341;8324;-;134.8			none	none	B	6/7	uncallable	0	0	unscoreable	18	0	0														not_admitted	not_admitted	not_admitted	not_admitted	not_admitted	not_admitted	not_admitted
NZ_CP136814.1	-	-	44	0	0	GA	1	19;15386;16282;-;45.2	35;29535;30026;+;68.0	36;30026;30340;+;51.1	40;34846;36822;+;97.6	37;30354;30923;+;116.5	41;36791;37579;+;50.1	43;37787;39511;+;86.0		1;253;951;+;123.5	2;951;1889;+;165.2	4;2346;3806;+;209.7	34;28540;29523;+;134.8	21;16842;18800;-;355.7		conjscan	conjscan_only	A	7/7	canonical	1	0	unscoreable	18	0	0														not_admitted	not_admitted	not_admitted	not_admitted	not_admitted	not_admitted	not_admitted
NZ_CP136815.1	MPF_T	IncN;IncU	95	0	0	GA	1	16;12340;13074;+;32.5		19;13717;14034;+;63.3	20;14034;16634;+;113.8	20;14034;16634;+;76.4	21;16652;17365;+;105.5	23;17616;18656;+;142.4		24;18875;19573;+;131.9	25;19584;20468;+;159.7	26;20468;21628;+;156.3	27;21670;22665;+;81.2	72;68150;69679;-;38.5		pfam	both	A	7/7	canonical	1	0	unscoreable	3	0	0														not_admitted	not_admitted	not_admitted	not_admitted	not_admitted	not_admitted	not_admitted
NZ_CP136817.1	MPF_T	IncN4	54	0	0	GA	1	26;14243;14983;+;35.1	28;15307;15597;+;45.6	29;15647;15961;+;65.3	30;15961;18591;+;123.5	30;15961;18591;+;87.4	31;18601;19308;+;114.7	33;19567;20610;+;126.7	34;20705;20875;+;41.4	35;20878;21594;+;145.6	36;21597;22484;+;144.4	37;22481;23635;+;173.2	38;23628;24659;+;78.5	43;29067;30644;-;54.8		pfam	both	A	7/7	canonical	1	0	ga	6	0	0														not_admitted	not_admitted	not_admitted	not_admitted	not_admitted	not_admitted	not_admitted
NZ_CP136818.1	MPF_F	IncFII(pBK30683);repB(R1701)	125	0	0	GA	0															not_admitted	not_admitted	not_admitted	not_admitted	not_admitted	not_admitted	not_admitted	not_admitted	not_admitted	not_admitted	1	71;63217;64206;-;367.4	61;56303;57670;-;384.0	65;58928;59680;-;233.7	75;65663;68302;-;258.5	60;53454;56303;-;346.4	81;71132;72556;-;89.2	75;65663;68302;-;88.7	83;73283;73849;-;169.3	70;62566;63204;-;67.0	69;60552;62507;-;259.7	56;48678;50990;-;390.0	80;70475;71059;-;54.5	56;48678;50990;-;64.0	A	9/9	contiguous	24605	1	1	52918..53451-;177;unnamed;0
NZ_CP136820.1	MPF_T	IncN	84	0	0	GA	1	34;27620;28354;-;32.5		31;26660;26977;-;63.3	30;24060;26660;-;113.8	30;24060;26660;-;76.4	29;23329;24042;-;105.5	27;22038;23078;-;142.4		26;21121;21819;-;131.9	25;20226;21110;-;159.7	24;19066;20226;-;156.3	23;18029;19024;-;81.2	61;52934;54463;-;38.5		pfam	both	A	7/7	canonical	1	0	unscoreable	3	0	0														not_admitted	not_admitted	not_admitted	not_admitted	not_admitted	not_admitted	not_admitted
NZ_CP136822.1	MPF_T	IncN	84	0	0	GA	1	41;34178;34912;-;32.5		38;33218;33535;-;63.3	37;30618;33218;-;113.8	37;30618;33218;-;76.4	36;29887;30600;-;105.5	34;28596;29636;-;142.4		33;27679;28377;-;131.9	32;26784;27668;-;159.7	31;25624;26784;-;156.3	30;24587;25582;-;81.2			pfam	both	B	6/7	canonical	1	0	unscoreable	3	0	0														not_admitted	not_admitted	not_admitted	not_admitted	not_admitted	not_admitted	not_admitted
NZ_CP136823.1	-	-	42	0	0	GA	1		26;22403;22894;-;64.2	25;22089;22403;-;51.1	24;19568;22075;-;96.9	24;19568;22075;-;113.1	23;18814;19599;-;50.1	21;16888;18606;-;86.1		19;15791;16489;-;123.5	18;14853;15791;-;165.2	16;12936;14396;-;209.1	27;22906;23889;-;134.8	40;33761;35719;+;355.6		conjscan	conjscan_only	A	7/7	canonical	1	0	unscoreable	16	0	0														not_admitted	not_admitted	not_admitted	not_admitted	not_admitted	not_admitted	not_admitted
NZ_CP136826.1	MPF_T	IncN	71	0	0	GA	1	29;24434;25168;-;32.5		26;23474;23791;-;63.3	25;20874;23474;-;113.8	25;20874;23474;-;76.4	24;20143;20856;-;105.5	22;18852;19892;-;142.4		21;17935;18633;-;131.9	20;17040;17924;-;159.7	19;15880;17040;-;156.3	18;14843;15838;-;81.2	48;39855;41384;-;38.5		pfam	both	A	7/7	canonical	1	0	unscoreable	3	0	0														not_admitted	not_admitted	not_admitted	not_admitted	not_admitted	not_admitted	not_admitted
NZ_CP136829.1	MPF_T	IncN4	52	0	0	GA	1	18;16282;17022;-;34.8	16;15668;15958;-;45.6	15;15304;15618;-;65.3	14;12674;15304;-;123.5	14;12674;15304;-;87.4	13;11957;12664;-;114.7	11;10655;11698;-;126.7	10;10390;10560;-;41.4	9;9671;10387;-;145.6	8;8781;9668;-;144.4	7;7630;8784;-;174.0	6;6606;7637;-;78.1	1;621;2198;+;50.6		pfam	both	A	7/7	canonical	1	0	ga	6	0	0														not_admitted	not_admitted	not_admitted	not_admitted	not_admitted	not_admitted	not_admitted
NZ_CP136834.1	MPF_T	IncN4	52	0	0	GA	1	18;16282;17022;-;34.8	16;15668;15958;-;45.6	15;15304;15618;-;65.3	14;12674;15304;-;123.5	14;12674;15304;-;87.4	13;11957;12664;-;114.7	11;10655;11698;-;126.7	10;10390;10560;-;41.4	9;9671;10387;-;145.6	8;8781;9668;-;144.4	7;7630;8784;-;174.0	6;6606;7637;-;78.1	1;621;2198;+;50.6		pfam	both	A	7/7	canonical	1	0	ga	6	0	0														not_admitted	not_admitted	not_admitted	not_admitted	not_admitted	not_admitted	not_admitted
NZ_CP136846.1	MPF_F	IncFIA(HI1);IncFII(K);IncFII(pAR0022)	130	0	0	GA	0															not_admitted	not_admitted	not_admitted	not_admitted	not_admitted	not_admitted	not_admitted	not_admitted	not_admitted	not_admitted	1	105;81063;82052;+;366.6	115;87574;88941;+;384.3	111;85560;86312;+;235.6	101;76967;79606;+;258.5	116;88941;91790;+;346.4	95;73061;74485;+;89.3	101;76967;79606;+;88.7	93;71768;72334;+;169.3	106;82065;82703;+;67.0	107;82762;84717;+;259.7	120;94252;96564;+;393.2	96;74558;75142;+;54.9	120;94252;96564;+;65.8	A	9/9	contiguous	22484	1	1	91793..92323+;176;unnamed;0
NZ_CP136908.1	MPF_F	IncFIA(HI1);IncFII(pKP91)	149	0	0	GA	0															not_admitted	not_admitted	not_admitted	not_admitted	not_admitted	not_admitted	not_admitted	not_admitted	not_admitted	not_admitted	1	127;101132;102124;+;363.7	137;107641;109008;+;381.2	133;105632;106384;+;232.2	123;97467;99215;+;260.7	138;109008;111857;+;347.2	115;92458;93882;+;84.3	124;99219;100106;+;44.9	113;91165;91731;+;167.0	128;102137;102775;+;67.0	129;102834;104789;+;259.2	142;113671;115977;+;389.6	117;94512;95069;+;52.5	142;113671;115977;+;66.6	A	9/9	contiguous	22506	1	1	111860..112390+;176;unnamed;0
NZ_CP136937.1	MPF_F	IncFII(Yp);IncFII(pAR0022)	84	0	0	GA	0															not_admitted	not_admitted	not_admitted	not_admitted	not_admitted	not_admitted	not_admitted	not_admitted	not_admitted	not_admitted	1	47;56547;57533;-;370.3	40;50851;52224;-;375.9	43;53024;53773;-;218.8	50;58527;61157;-;285.5	39;48029;50851;-;336.0	56;63185;64579;-;91.0	50;58527;61157;-;98.6	58;65296;65862;-;170.1	46;55901;56530;-;66.6	45;54024;55904;-;260.5	36;44498;46693;-;384.8	55;62624;63163;-;66.1	36;44498;46693;-;63.9	A	9/9	contiguous	20798	1	1	47576..48007-;143;TraS;0
NZ_CP136941.1	MPF_F	IncC	225	0	0	GA	0															not_admitted	not_admitted	not_admitted	not_admitted	not_admitted	not_admitted	not_admitted	not_admitted	not_admitted	not_admitted	1	118;91211;92218;+;332.9	214;174355;175788;+;339.2	213;173325;174353;+;221.7	113;86012;88459;+;354.2	215;175801;179415;+;375.3	45;26117;27277;+;156.3	113;86012;88459;+;128.6	106;75661;76287;+;92.1	116;89281;90546;+;67.6	119;92334;95129;+;145.3	97;69986;71851;+;47.4	109;78498;79076;+;100.2	97;69986;71851;+;52.0	A	9/9	split_3	149684	0	1	
NZ_CP136942.1	MPF_F	IncFIB(K)	169	0	0	GA	0															not_admitted	not_admitted	not_admitted	not_admitted	not_admitted	not_admitted	not_admitted	not_admitted	not_admitted	not_admitted	1				119;128831;129067;-;38.8		129;132887;134311;-;88.4		131;135038;135604;-;167.0			117;125980;127647;-;341.0	127;131700;132257;-;52.7	117;125980;127647;-;67.1	D	3/9	contiguous	9058	0	0	
NZ_CP136994.1	MPF_F	IncFIB(AP001918);IncFII(pRSB107)	125	0	0	GA	0															not_admitted	not_admitted	not_admitted	not_admitted	not_admitted	not_admitted	not_admitted	not_admitted	not_admitted	not_admitted	1	15;13353;14345;-;368.6	4;6200;7573;-;382.9	10;9504;10247;-;234.1	18;15354;17981;-;295.0	3;3381;6203;-;385.6	24;19872;21323;-;93.9	18;15354;17981;-;101.1	26;22038;22604;-;177.4	13;12371;13009;-;68.7	12;10524;12374;-;266.7	124;103727;104818;-;159.0	21;18497;19012;-;76.5	124;103727;104818;-;71.8	A	9/9	split_2	100346	1	1	2880..3359-;159;TraS;0
NZ_CP137006.1	MPF_T	-	58	0	0	GA	1	14;16819;17571;-;33.9	12;13986;14297;-;80.1	11;13648;13971;-;84.5	10;11151;13640;-;216.6	10;11151;13640;-;104.0	9;10427;11143;-;195.9	7;8899;9981;-;160.6		6;7859;8584;-;197.6	5;6978;7862;-;188.0	4;5821;6981;-;194.2	3;4755;5837;-;96.5	1;1302;3986;-;306.7		pfam	both	A	7/7	canonical	1	0	unscoreable	3	0	0														not_admitted	not_admitted	not_admitted	not_admitted	not_admitted	not_admitted	not_admitted
NZ_CP137007.1	MPF_F	IncFII(pBK30683);repB(R1701)	166	1	1	GA	1	129;113553;114038;+;82.1	41;32523;33014;-;68.0	40;32209;32523;-;51.1	39;29688;32195;-;96.9	39;29688;32195;-;113.0	38;28931;29719;-;50.1	36;27005;28723;-;86.0		34;25908;26606;-;123.5	33;24970;25908;-;165.2	31;23053;24513;-;209.7	42;33026;34009;-;134.8	55;43749;45707;+;355.6	110;97439;99394;-;259.7	conjscan	conjscan_only	A	7/7	canonical	1	0	unscoreable	46	0	1	112;100104;101093;-;367.4	102;93190;94557;-;384.0	106;95815;96567;-;233.7	116;102550;105189;-;258.5	101;90341;93190;-;346.4	31;23053;24513;-;209.7	116;102550;105189;-;88.7	124;110170;110736;-;169.3	111;99453;100091;-;67.0	110;97439;99394;-;259.7	97;85565;87877;-;390.0	121;107362;107946;-;54.5	55;43749;45707;+;107.5	A	9/9	split_3	87117	1	1	89805..90338-;177;unnamed;0
NZ_CP137017.1	MPF_T	-	2349	0	0	GA	1		1750;1905940;1906239;-;84.4	1749;1905594;1905935;-;108.4	1748;1903220;1905601;-;168.5	1748;1903220;1905601;-;108.0	1747;1902522;1903220;-;208.1	1745;1901351;1902286;-;163.9		1743;1900362;1901033;-;215.2	1742;1899508;1900362;-;186.2	1741;1898353;1899498;-;180.4	1651;1801662;1803086;+;217.0	1731;1890498;1892408;+;317.1		pfam	both	A	7/7	canonical	1	0	unscoreable	10	0	0														not_admitted	not_admitted	not_admitted	not_admitted	not_admitted	not_admitted	not_admitted
NZ_CP137018.1	MPF_T	-	464	0	0	GA	1		458;457902;458282;-;66.6	457;457610;457909;-;58.5	456;455143;457599;-;176.2	456;455143;457599;-;117.9	455;454377;455171;-;44.9	453;453011;454186;-;108.9		452;452324;452986;-;129.8	451;451494;452306;-;189.1	449;449740;451041;-;210.7	459;458272;459249;-;131.2	408;409580;411556;-;546.2		conjscan	conjscan_only	A	7/7	canonical	1	0	unscoreable	3	0	0														not_admitted	not_admitted	not_admitted	not_admitted	not_admitted	not_admitted	not_admitted
NZ_CP137019.1	MPF_T	-	174	0	0	GA	1		168;188186;188569;-;73.3	167;187894;188193;-;64.6	166;185431;187884;-;176.9	166;185431;187884;-;117.8	165;184653;185456;-;44.1	163;183300;184478;-;109.7		162;182613;183275;-;131.6	161;181783;182595;-;191.3	159;180026;181321;-;217.0	169;188559;189536;-;133.6	146;168359;170332;-;555.2		conjscan	conjscan_only	A	7/7	canonical	1	0	unscoreable	15	0	0														not_admitted	not_admitted	not_admitted	not_admitted	not_admitted	not_admitted	not_admitted
NZ_CP137060.1	MPF_F	-	98	0	0	GA	0															not_admitted	not_admitted	not_admitted	not_admitted	not_admitted	not_admitted	not_admitted	not_admitted	not_admitted	not_admitted	1	36;26075;27118;+;369.2	41;31097;32524;+;325.8	39;29887;30699;+;219.1	32;21787;24513;+;164.6	42;32540;35542;+;208.7	28;18789;20105;+;102.7	32;21787;24513;+;108.4	26;17498;18076;+;82.0	37;27133;27840;+;107.6	38;27837;29894;+;92.2	8;4778;6937;+;381.4	31;21133;21777;+;41.9	8;4778;6937;+;89.7	A	9/9	contiguous	27762	1	1	35614..36132+;172;unnamed;0
NZ_CP137062.1	MPF_F	-	100	0	0	GA	0															not_admitted	not_admitted	not_admitted	not_admitted	not_admitted	not_admitted	not_admitted	not_admitted	not_admitted	not_admitted	1	85;60661;61704;-;369.2	80;55255;56682;-;325.8	82;57080;57892;-;219.1	89;63266;65992;-;164.6	79;52237;55239;-;208.7	93;67674;68990;-;102.7	89;63266;65992;-;108.4	95;69703;70281;-;82.0	84;59939;60646;-;107.6	83;57885;59942;-;92.2	13;9015;11174;-;381.4	90;66002;66646;-;41.9	13;9015;11174;-;89.7	A	9/9	split_2	60688	1	1	51647..52165-;172;unnamed;0
NZ_CP137063.1	MPF_F	-	100	0	0	GA	0															not_admitted	not_admitted	not_admitted	not_admitted	not_admitted	not_admitted	not_admitted	not_admitted	not_admitted	not_admitted	1	61;43619;44662;+;369.2	66;48641;50068;+;325.8	64;47431;48243;+;219.1	57;39331;42057;+;164.6	67;50084;53086;+;208.7	53;36333;37649;+;102.7	57;39331;42057;+;108.4	51;35042;35620;+;82.0	62;44677;45384;+;107.6	63;45381;47438;+;92.2	33;22322;24481;+;381.4	56;38677;39321;+;41.9	33;22322;24481;+;89.7	A	9/9	contiguous	27762	1	1	53158..53676+;172;unnamed;0
NZ_CP137068.1	MPF_F	-	116	0	0	GA	0															not_admitted	not_admitted	not_admitted	not_admitted	not_admitted	not_admitted	not_admitted	not_admitted	not_admitted	not_admitted	1	88;60945;61988;+;369.2	93;65967;67394;+;325.8	91;64757;65569;+;219.1	84;56657;59383;+;164.6	94;67410;70412;+;208.7	80;53659;54975;+;102.7	84;56657;59383;+;108.4	78;52368;52946;+;82.6	89;62003;62710;+;107.6	90;62707;64764;+;92.2	60;39648;41807;+;381.4	83;56003;56647;+;41.9	60;39648;41807;+;89.7	A	9/9	contiguous	27762	1	1	70484..71002+;172;unnamed;0
NZ_CP137072.1	MPF_F	-	126	0	0	GA	0															not_admitted	not_admitted	not_admitted	not_admitted	not_admitted	not_admitted	not_admitted	not_admitted	not_admitted	not_admitted	1	1;883;1926;+;369.2	6;5905;7332;+;325.8	4;4695;5507;+;219.1	124;93775;96501;+;164.6	7;7348;10350;+;208.7	120;90777;92093;+;102.7	124;93775;96501;+;108.4	118;89486;90064;+;82.6	2;1941;2648;+;107.6	3;2645;4702;+;92.2	98;75489;77648;+;381.4	123;93121;93765;+;41.9	98;75489;77648;+;89.7	A	9/9	split_2	92892	1	1	10422..10940+;172;unnamed;0
NZ_CP137074.1	MPF_F	-	103	0	0	GA	0															not_admitted	not_admitted	not_admitted	not_admitted	not_admitted	not_admitted	not_admitted	not_admitted	not_admitted	not_admitted	1	27;17329;18372;+;369.2	32;22351;23778;+;325.8	30;21141;21953;+;219.1	23;13041;15767;+;164.6	33;23794;26796;+;208.7	19;10043;11359;+;102.7	23;13041;15767;+;108.4	17;8752;9330;+;82.6	28;18387;19094;+;107.6	29;19091;21148;+;92.2	100;69241;71400;+;381.4	22;12387;13031;+;41.9	100;69241;71400;+;89.7	A	9/9	split_2	60489	1	1	26868..27386+;172;unnamed;0
NZ_CP137076.1	MPF_F	-	97	0	0	GA	0															not_admitted	not_admitted	not_admitted	not_admitted	not_admitted	not_admitted	not_admitted	not_admitted	not_admitted	not_admitted	1	21;20356;21399;-;369.2	16;14950;16377;-;325.8	18;16775;17587;-;219.1	25;22961;25687;-;164.6	15;11932;14934;-;208.7	29;27369;28685;-;102.7	25;22961;25687;-;108.4	31;29398;29976;-;82.6	20;19634;20341;-;107.6	19;17580;19637;-;92.2	49;40537;42696;-;381.4	26;25697;26341;-;41.9	49;40537;42696;-;89.7	A	9/9	contiguous	28605	1	1	11342..11860-;172;unnamed;0
NZ_CP137087.1	MPF_F	-	129	0	0	GA	0															not_admitted	not_admitted	not_admitted	not_admitted	not_admitted	not_admitted	not_admitted	not_admitted	not_admitted	not_admitted	1	70;71030;72085;-;268.3	57;58246;59655;-;229.7	58;59671;60678;-;213.1	74;74078;76564;-;207.3	56;54993;58226;-;215.1	77;77988;79280;-;117.6	74;74078;76564;-;112.4	79;80278;80931;-;91.1	71;72085;73227;-;47.0	54;51749;54520;-;117.5	85;83411;85324;-;20.5	76;77459;77971;-;68.8	85;83411;85324;-;24.6	A	9/9	contiguous	31662	0	1	
NZ_CP137118.1	MPF_F	IncFIB(pB171);IncFII(Yp);IncFII(pAR0022)	189	0	0	GA	0															not_admitted	not_admitted	not_admitted	not_admitted	not_admitted	not_admitted	not_admitted	not_admitted	not_admitted	not_admitted	1	128;110927;111913;-;368.4	120;104844;106214;-;376.7	124;107431;108180;-;218.2	131;112907;115537;-;285.5	119;102175;104844;-;336.2	137;117565;118959;-;90.9	131;112907;115537;-;98.6	139;119676;120242;-;169.9	127;110281;110910;-;66.9	126;108431;110284;-;257.4	114;97260;99461;-;384.8	136;117004;117543;-;64.9	114;97260;99461;-;63.9	A	9/9	contiguous	22416	1	1	101862..102125-;87;unnamed;0
NZ_CP137122.1	MPF_T	IncN	66	0	0	GA	1	19;15386;16120;+;32.5		22;16763;17080;+;63.3	23;17080;19680;+;113.8	23;17080;19680;+;76.4	24;19698;20411;+;105.5	26;20662;21702;+;142.4		27;21921;22619;+;131.9	28;22630;23514;+;159.7	29;23514;24674;+;156.3	30;24716;25711;+;81.2	43;33939;35468;-;38.5		pfam	both	A	7/7	canonical	1	0	unscoreable	15	0	0														not_admitted	not_admitted	not_admitted	not_admitted	not_admitted	not_admitted	not_admitted
NZ_CP137124.1	MPF_T	IncX3	69	0	0	GA	1	5;5770;6414;-;46.4	4;5496;5786;-;73.1	3;2718;5471;-;47.0	3;2718;5471;-;142.4	3;2718;5471;-;73.3	2;1938;2708;-;60.1	0;604;1659;-;133.2		68;54192;54422;-;37.4	67;53257;54186;-;138.8	66;52046;53260;-;128.3	64;50816;51850;-;65.7	63;48978;50813;-;495.9		pfam	pfam_only	A	7/7	canonical	1	1	unscoreable	2	0	0														not_admitted	not_admitted	not_admitted	not_admitted	not_admitted	not_admitted	not_admitted
NZ_CP137125.1	MPF_F	IncFII(S);IncFII(SARC14)	113	0	0	GA	0															not_admitted	not_admitted	not_admitted	not_admitted	not_admitted	not_admitted	not_admitted	not_admitted	not_admitted	not_admitted	1	96;82971;83966;+;357.6	102;88207;89568;+;336.5	100;86794;87570;+;194.9	93;79287;81878;+;221.4	103;89570;92467;+;292.8	90;76855;78216;+;81.6	93;79287;81878;+;87.8	88;75575;76138;+;137.0	98;84333;84947;+;79.9	99;84944;86797;+;259.9	106;94046;96349;+;376.2	92;78662;79276;+;47.5	106;94046;96349;+;67.0	A	9/9	contiguous	18471	1	1	92479..93039+;186;unnamed;0
NZ_CP137127.1	MPF_T	IncN	64	0	0	GA	1	18;15387;16121;+;32.5		21;16764;17081;+;63.3	22;17081;19681;+;113.8	22;17081;19681;+;76.4	23;19699;20412;+;105.5	25;20663;21703;+;142.4		26;21922;22620;+;131.9	27;22631;23515;+;159.7	28;23515;24675;+;156.3	29;24717;25712;+;81.2	42;33940;35469;-;38.5		pfam	both	A	7/7	canonical	1	0	unscoreable	15	0	0														not_admitted	not_admitted	not_admitted	not_admitted	not_admitted	not_admitted	not_admitted
NZ_CP137129.1	MPF_T	IncX3	67	0	0	GA	1	63;49017;49661;+;46.4	64;49645;49935;+;73.1	65;49960;52713;+;47.0	65;49960;52713;+;142.4	65;49960;52713;+;73.3	66;52723;53493;+;60.1	0;199;1254;+;133.2		1;1449;2177;+;119.4	2;2183;3112;+;138.8	3;3109;4323;+;128.3	5;4519;5553;+;65.7	6;5556;7391;+;495.9		pfam	pfam_only	A	7/7	rearranged	1	1	unscoreable	1	0	0														not_admitted	not_admitted	not_admitted	not_admitted	not_admitted	not_admitted	not_admitted
NZ_CP137130.1	MPF_F	IncFII(S);IncFII(SARC14)	110	0	0	GA	0															not_admitted	not_admitted	not_admitted	not_admitted	not_admitted	not_admitted	not_admitted	not_admitted	not_admitted	not_admitted	1	93;80108;81103;+;357.6	99;85344;86705;+;336.5	97;83931;84707;+;194.9	90;76424;79015;+;221.4	100;86707;89604;+;292.8	87;73992;75353;+;81.6	90;76424;79015;+;87.8	85;72712;73275;+;137.0	95;81470;82084;+;79.9	96;82081;83934;+;259.9	103;91183;93486;+;376.2	89;75799;76413;+;47.5	103;91183;93486;+;67.0	A	9/9	contiguous	18471	1	1	89616..90176+;186;unnamed;0
NZ_CP137132.1	MPF_T	IncC;IncFIB(pB171);IncX3	242	0	0	GA	1	160;124337;124981;+;46.4	161;124965;125255;+;73.1	162;125280;128033;+;47.0	162;125280;128033;+;142.4	162;125280;128033;+;73.3	163;128043;128813;+;60.1	165;129092;130147;+;133.2		166;130342;131070;+;119.4	46;26569;27453;+;159.7	47;27453;28613;+;156.3	48;28655;29650;+;81.2	171;134449;136284;+;495.9		pfam	pfam_only	A	7/7	canonical	1	1	unscoreable	2	0	0														not_admitted	not_admitted	not_admitted	not_admitted	not_admitted	not_admitted	not_admitted
NZ_CP137163.1	MPF_F	IncFIA;IncFIB(AP001918);IncFIC(FII)	166	0	0	GA	0															not_admitted	not_admitted	not_admitted	not_admitted	not_admitted	not_admitted	not_admitted	not_admitted	not_admitted	not_admitted	1		31;30627;32003;+;378.0	24;27673;28416;+;233.4	72;68390;69037;-;120.6	32;32000;34822;+;389.5	79;71092;72519;-;94.3		81;73234;73800;-;183.8		22;27016;27396;+;103.3	35;36315;38468;+;391.9	75;69553;70068;-;78.4	35;36315;38468;+;70.4	C	7/9	split_2	46218	1	1	34844..35335+;163;TraS;0
NZ_CP137167.1	MPF_T	IncX3	67	0	0	GA	1	20;18553;19197;-;46.4	19;18279;18569;-;73.1	18;15501;18254;-;47.0	18;15501;18254;-;142.4	18;15501;18254;-;73.3	17;14721;15491;-;60.1	15;13387;14442;-;133.2		14;12464;13192;-;119.4	13;11529;12458;-;138.8	12;10318;11532;-;128.3	10;9088;10122;-;65.7	9;7250;9085;-;495.9		pfam	pfam_only	A	7/7	canonical	1	1	unscoreable	2	0	0														not_admitted	not_admitted	not_admitted	not_admitted	not_admitted	not_admitted	not_admitted
NZ_CP137168.1	MPF_F	IncHI1A(NDM-CIT);IncHI1B(pNDM-CIT);IncU	376	0	0	GA	0															not_admitted	not_admitted	not_admitted	not_admitted	not_admitted	not_admitted	not_admitted	not_admitted	not_admitted	not_admitted	1	28;30443;31498;+;278.1	276;257253;258668;-;200.0	277;258658;259704;-;168.3	11;9270;11951;+;156.1	275;253255;257244;-;103.1	7;5570;6928;+;80.3	11;9270;11951;+;73.5	4;3112;3897;+;69.7	26;28790;30298;+;62.3	29;31517;34693;+;57.9	283;266642;268726;+;48.5	10;8311;9261;+;45.4	283;266642;268726;+;36.5	A	9/9	split_2	263530	0	1	
NZ_CP137171.1	MPF_T	IncX3	58	0	0	GA	1	30;22015;22659;+;46.4	31;22643;22933;+;73.1	32;22958;25711;+;47.0	32;22958;25711;+;142.4	32;22958;25711;+;73.3	33;25721;26491;+;60.1	35;26770;27825;+;133.2		36;28020;28748;+;119.4	37;28754;29683;+;138.8	38;29680;30894;+;128.3	40;31090;32124;+;65.7	41;32127;33962;+;495.9		pfam	pfam_only	A	7/7	canonical	1	1	unscoreable	2	0	0														not_admitted	not_admitted	not_admitted	not_admitted	not_admitted	not_admitted	not_admitted
NZ_CP137172.1	MPF_T	IncN	67	0	0	GA	1	19;15387;16121;+;32.5		22;16764;17081;+;63.3	23;17081;19681;+;113.8	23;17081;19681;+;76.4	24;19699;20412;+;105.5	26;20663;21703;+;142.4		27;21922;22620;+;131.9	28;22631;23515;+;159.7	29;23515;24675;+;156.3	30;24717;25712;+;81.2	44;37600;39129;-;38.5		pfam	both	A	7/7	canonical	1	0	unscoreable	3	0	0														not_admitted	not_admitted	not_admitted	not_admitted	not_admitted	not_admitted	not_admitted
NZ_CP137176.1	MPF_T	IncX3	68	0	0	GA	1	40;35279;35923;-;46.4	39;35005;35295;-;73.1	38;32227;34980;-;47.0	38;32227;34980;-;142.4	38;32227;34980;-;73.3	37;31447;32217;-;60.1	35;30113;31168;-;133.2		34;29190;29918;-;119.4	33;28255;29184;-;138.8	32;27044;28258;-;128.3	30;25814;26848;-;65.7	29;23976;25811;-;495.9		pfam	pfam_only	A	7/7	canonical	1	1	unscoreable	2	0	0														not_admitted	not_admitted	not_admitted	not_admitted	not_admitted	not_admitted	not_admitted
NZ_CP137180.1	MPF_F	IncFII(p14);IncFII(pAR0022);IncN;IncU	180	1	1	GA	1	119;111157;111633;+;78.1		19;13716;14033;+;63.3	20;14033;16633;+;113.8	20;14033;16633;+;76.4	21;16651;17364;+;105.5	23;17615;18655;+;142.4		24;18874;19572;+;131.9	25;19583;20467;+;159.7	26;20467;21627;+;156.3	27;21669;22664;+;81.2	157;145912;147441;-;38.5	100;96455;98308;-;260.5	pfam	both	A	7/7	canonical	1	0	unscoreable	30	0	1	102;98951;99937;-;370.3	94;92868;94238;-;377.9	98;95455;96204;-;218.2	105;100931;103561;-;285.5	93;90082;92868;-;335.8	26;20467;21627;+;156.3	105;100931;103561;-;98.6	113;107700;108266;-;170.1	101;98305;98934;-;66.1	100;96455;98308;-;260.5	89;84968;87178;-;384.8	110;105028;105567;-;69.1	157;145912;147441;-;69.1	A	9/9	split_3	125445	1	1	89061..90041-;326;unnamed;0
NZ_CP137181.1	MPF_F	IncFII(S);IncFII(SARC14)	91	0	0	GA	0															not_admitted	not_admitted	not_admitted	not_admitted	not_admitted	not_admitted	not_admitted	not_admitted	not_admitted	not_admitted	1	75;63293;64294;+;355.1	80;68164;69525;+;334.4	78;66748;67527;+;197.0	72;59640;62231;+;219.6	81;69527;72424;+;294.5	67;56635;57996;+;83.7	72;59640;62231;+;88.7	65;55355;55918;+;145.9	76;64305;64925;+;80.0	77;64922;66751;+;256.9	84;74064;76313;+;376.3	71;59016;59630;+;49.4	84;74064;76313;+;67.3	A	9/9	contiguous	18709	1	1	72436..72996+;186;unnamed;0
NZ_CP137186.1	MPF_T	IncX3	68	0	0	GA	1	40;35206;35850;-;46.4	39;34932;35222;-;73.1	38;32154;34907;-;47.0	38;32154;34907;-;142.4	38;32154;34907;-;73.3	37;31374;32144;-;60.1	35;30040;31095;-;133.2		34;29117;29845;-;119.4	33;28182;29111;-;138.8	32;26971;28185;-;128.3	30;25741;26775;-;65.7	29;23903;25738;-;495.9		pfam	pfam_only	A	7/7	canonical	1	1	unscoreable	2	0	0														not_admitted	not_admitted	not_admitted	not_admitted	not_admitted	not_admitted	not_admitted
NZ_CP137189.1	-	-	72	0	0	GA	1	68;58584;59252;-;44.0	67;58281;58574;-;75.0	66;55524;58271;-;63.4	66;55524;58271;-;138.1	66;55524;58271;-;58.9	65;54787;55512;-;122.1	63;53484;54485;-;157.6		61;52601;53284;-;171.8	60;51705;52601;-;141.8	59;50428;51708;-;162.2	58;49389;50417;-;81.0			pfam	pfam_only	B	6/7	canonical	1	1	unscoreable	2	0	0														not_admitted	not_admitted	not_admitted	not_admitted	not_admitted	not_admitted	not_admitted
NZ_CP137193.1	-	pKPC-CAV1321	410	0	0	GA	0															not_admitted	not_admitted	not_admitted	not_admitted	not_admitted	not_admitted	not_admitted	not_admitted	not_admitted	not_admitted	1	284;230588;231655;+;276.8	304;247569;249011;+;260.7	303;246472;247572;+;198.4	280;225994;228480;+;223.8	305;249026;252544;+;240.0	276;221369;222766;+;109.8	280;225994;228480;+;120.8	274;219460;220086;+;87.1	283;229278;230591;+;41.0	307;252980;255637;+;136.9	268;214936;216912;+;22.7	277;222763;223329;+;71.6	268;214936;216912;+;33.5	A	9/9	contiguous	38044	0	1	
NZ_CP137197.1	MPF_F	IncFIB(pB171);IncFII(Yp);IncFII(pAR0022)	115	0	0	GA	0															not_admitted	not_admitted	not_admitted	not_admitted	not_admitted	not_admitted	not_admitted	not_admitted	not_admitted	not_admitted	1	60;45032;46024;+;369.4	68;50737;52107;+;376.7	64;48771;49520;+;218.2	57;41414;44044;+;285.5	69;52107;54929;+;336.5	51;37992;39386;+;89.4	57;41414;44044;+;98.6	49;36709;37275;+;169.9	61;46041;46670;+;66.9	62;46667;48520;+;260.5	72;56266;58512;+;384.7	52;39408;39947;+;67.5	72;56266;58512;+;63.8	A	9/9	contiguous	19557	1	1	54951..55382+;143;TraS;0
NZ_CP137202.1	MPF_F	IncHI2;IncHI2A	370	0	0	GA	0															not_admitted	not_admitted	not_admitted	not_admitted	not_admitted	not_admitted	not_admitted	not_admitted	not_admitted	not_admitted	1	130;116129;117187;-;276.9	250;227028;228443;+;194.1	249;225992;227038;+;173.2	148;137825;140506;-;168.0	251;228452;232402;+;101.6	152;142836;144191;-;80.7	148;137825;140506;-;72.2	155;145915;146703;-;74.8	132;117329;118840;-;62.9	129;112922;116110;-;58.2	243;216867;218951;-;56.8	149;140515;141465;-;46.4	243;216867;218951;-;38.8	A	9/9	split_3	115530	0	1	
NZ_CP137204.1	MPF_F	IncC	173	0	0	GA	0															not_admitted	not_admitted	not_admitted	not_admitted	not_admitted	not_admitted	not_admitted	not_admitted	not_admitted	not_admitted	1	98;76571;77578;+;332.9	162;131565;132998;+;339.2	161;130535;131563;+;221.7	93;71372;73819;+;354.2	163;133011;136625;+;375.3	84;58061;59377;+;135.0	93;71372;73819;+;128.6	82;56537;57163;+;92.1	96;74641;75906;+;67.6	99;77694;80489;+;145.3	73;50862;52727;+;47.4	85;59374;59952;+;100.2	73;50862;52727;+;52.0	A	9/9	split_2	82149	0	1	
NZ_CP137205.1	MPF_T	-	29	0	0	GA	1	9;8209;8943;-;32.5		6;7249;7566;-;63.3	5;4649;7249;-;113.8	5;4649;7249;-;76.4	4;3918;4631;-;105.5	2;2627;3667;-;142.4		1;1710;2408;-;131.9	0;815;1699;-;159.7	28;22945;23199;-;46.9	27;21908;22903;-;81.2			pfam	both	B	6/7	canonical	1	0	unscoreable	3	0	0														not_admitted	not_admitted	not_admitted	not_admitted	not_admitted	not_admitted	not_admitted
NZ_CP137216.1	MPF_F	-	132	0	0	GA	0															not_admitted	not_admitted	not_admitted	not_admitted	not_admitted	not_admitted	not_admitted	not_admitted	not_admitted	not_admitted	1	124;102311;103366;+;268.1	4;4984;6393;+;229.6	3;3937;4968;+;214.5	120;97832;100318;+;211.5	5;6413;9646;+;215.1	117;95116;96408;+;117.6	120;97832;100318;+;113.8	115;93465;94118;+;91.1	123;101091;102311;+;45.7	7;10118;12889;+;119.2	109;89072;90985;+;20.5	118;96425;96937;+;68.8	109;89072;90985;+;24.6	A	9/9	split_2	98374	0	1	
NZ_CP137218.1	-	-	74	0	0	GA	1	51;32528;33142;+;45.0	52;33152;33439;+;55.4	53;33500;36271;+;45.0	53;33500;36271;+;164.5	53;33500;36271;+;64.8		60;40822;41856;+;119.4		63;42278;42997;+;148.7	64;43000;43917;+;144.1	65;43914;45098;+;136.1	66;45101;46132;+;84.9	67;46141;47973;+;474.7		none	none	A	7/7	canonical	0	1	unscoreable	8	0	0														not_admitted	not_admitted	not_admitted	not_admitted	not_admitted	not_admitted	not_admitted
NZ_CP137219.1	MPF_T	-	323	0	0	GA	0															not_admitted	not_admitted	not_admitted	not_admitted	not_admitted	not_admitted	not_admitted	not_admitted	not_admitted	not_admitted	1	35;32275;33360;+;271.5	59;50438;51874;+;236.1	58;49355;50416;+;195.5	31;27722;30211;+;239.7	60;51889;55047;+;250.9	28;24623;26011;+;104.8	31;27722;30211;+;122.7	26;22762;23352;+;84.8	34;31019;32278;+;54.1	62;55469;58183;+;129.7	20;18233;20185;+;21.5	29;26014;26547;+;70.4	20;18233;20185;+;36.9	A	9/9	contiguous	37236	0	1	
NZ_CP137223.1	-	-	65	0	0	GA	1	18;15347;15961;-;45.0	17;15050;15292;-;49.7	16;12218;14989;-;45.0	16;12218;14989;-;164.7	16;12218;14989;-;64.9	15;11441;12178;-;65.8	13;10148;11182;-;119.4		10;9007;9726;-;148.7	9;8087;9004;-;144.1	8;6906;8090;-;136.1	7;5872;6903;-;84.9	6;4031;5863;-;474.7		pfam	pfam_only	A	7/7	canonical	1	1	unscoreable	3	0	0														not_admitted	not_admitted	not_admitted	not_admitted	not_admitted	not_admitted	not_admitted
NZ_CP137229.1	-	-	69	0	0	GA	1	42;37111;37725;-;45.0	41;36814;37056;-;49.7	40;33982;36753;-;45.0	40;33982;36753;-;164.5	40;33982;36753;-;64.8		33;28397;29431;-;119.4		30;27256;27975;-;148.7	29;26336;27253;-;144.1	28;25155;26339;-;136.1	27;24121;25152;-;84.9	26;22280;24112;-;474.7		none	none	A	7/7	canonical	0	1	unscoreable	8	0	0														not_admitted	not_admitted	not_admitted	not_admitted	not_admitted	not_admitted	not_admitted
NZ_CP137230.1	MPF_T	-	324	0	0	GA	0															not_admitted	not_admitted	not_admitted	not_admitted	not_admitted	not_admitted	not_admitted	not_admitted	not_admitted	not_admitted	1	35;30896;31981;-;271.5	11;12382;13818;-;236.1	12;13840;14901;-;195.5	39;34045;36534;-;239.7	10;9209;12367;-;250.9	42;38245;39633;-;104.8	39;34045;36534;-;122.7	44;40904;41494;-;84.8	36;31978;33237;-;54.1	8;6073;8787;-;129.7	50;44071;46023;-;21.5	41;37709;38242;-;70.4	50;44071;46023;-;36.9	A	9/9	contiguous	37998	0	1	
NZ_CP137231.1	MPF_F	IncC	173	0	0	GA	0															not_admitted	not_admitted	not_admitted	not_admitted	not_admitted	not_admitted	not_admitted	not_admitted	not_admitted	not_admitted	1	98;76571;77578;+;332.9	162;131565;132998;+;339.2	161;130535;131563;+;221.7	93;71372;73819;+;354.2	163;133011;136625;+;375.3	84;58061;59377;+;135.0	93;71372;73819;+;128.6	82;56537;57163;+;92.1	96;74641;75906;+;67.6	99;77694;80489;+;145.3	73;50862;52727;+;47.4	85;59374;59952;+;100.2	73;50862;52727;+;52.0	A	9/9	split_2	82149	0	1	
NZ_CP137234.1	MPF_F	-	145	0	0	GA	0															not_admitted	not_admitted	not_admitted	not_admitted	not_admitted	not_admitted	not_admitted	not_admitted	not_admitted	not_admitted	1	140;119778;120833;+;268.8	7;7710;9119;+;229.7	6;6687;7694;+;214.6	136;115299;117785;+;211.5	8;9139;12372;+;215.3	133;112583;113875;+;117.6	136;115299;117785;+;113.8	131;110932;111585;+;91.1	139;118558;119778;+;45.7	10;12845;15616;+;119.2	125;106539;108452;+;20.5	134;113892;114404;+;68.8	125;106539;108452;+;24.6	A	9/9	split_2	113091	0	1	
NZ_CP137237.1	MPF_T	-	63	0	0	GA	1	16;9425;10060;+;49.8	17;10050;10328;+;38.8	18;10350;13124;+;42.9	18;10350;13124;+;143.0	18;10350;13124;+;63.7	19;13136;13900;+;79.4	21;14162;15319;+;101.9		23;15459;16166;+;149.4	24;16169;17092;+;136.8	25;17085;18287;+;134.2	26;18284;19318;+;70.4	27;19321;21195;+;463.2		pfam	pfam_only	A	7/7	canonical	1	1	unscoreable	2	0	0														not_admitted	not_admitted	not_admitted	not_admitted	not_admitted	not_admitted	not_admitted
NZ_CP137239.1	MPF_T	-	63	0	0	GA	1	25;20325;20960;-;49.8	24;20057;20335;-;38.8	23;17261;20035;-;42.9	23;17261;20035;-;143.0	23;17261;20035;-;63.7	22;16485;17249;-;79.4	20;15066;16223;-;101.9		18;14219;14926;-;149.4	17;13293;14216;-;136.8	16;12098;13300;-;134.2	15;11067;12101;-;70.4	14;9190;11064;-;463.2		pfam	pfam_only	A	7/7	canonical	1	1	unscoreable	2	0	0														not_admitted	not_admitted	not_admitted	not_admitted	not_admitted	not_admitted	not_admitted
NZ_CP137341.1	MPF_F	IncFIB(K);IncFII(K);IncFII(pAR0022)	228	0	0	GA	0															not_admitted	not_admitted	not_admitted	not_admitted	not_admitted	not_admitted	not_admitted	not_admitted	not_admitted	not_admitted	1	139;138531;139520;-;366.6	129;131617;132984;-;384.1	133;134242;134994;-;233.7	143;140977;143616;-;258.5	128;128795;131617;-;346.4	153;147520;148944;-;89.5	143;140977;143616;-;88.7	155;149671;150237;-;167.0	138;137880;138518;-;66.9	137;135866;137821;-;259.4	124;123870;126179;-;393.1	151;146324;146908;-;53.8	124;123870;126179;-;66.6	A	9/9	contiguous	25801	1	1	128170..128772-;200;TraS;0
NZ_CP137342.1	MPF_F	IncFII(pHN7A8);IncR	174	0	0	GA	0															not_admitted	not_admitted	not_admitted	not_admitted	not_admitted	not_admitted	not_admitted	not_admitted	not_admitted	not_admitted	1	69;54989;55981;+;369.5	82;62814;64187;+;376.8	77;60505;61248;+;234.4	66;51353;53980;+;301.8	83;64184;67000;+;376.7	61;47871;49298;+;94.1	66;51353;53980;+;101.8	59;46590;47156;+;183.8	72;56927;57565;+;70.4	75;58378;60228;+;265.0	87;69301;71544;+;391.7	65;50322;50837;+;77.6	87;69301;71544;+;70.3	A	9/9	contiguous	22711	1	1	67033..67554+;173;unnamed;0
NZ_CP137347.1	MPF_F	IncHI1B(pNDM-MAR);repB	187	0	0	GA	0															not_admitted	not_admitted	not_admitted	not_admitted	not_admitted	not_admitted	not_admitted	not_admitted	not_admitted	not_admitted	1				61;48860;51487;-;301.8		66;53542;54969;-;94.1	61;48860;51487;-;101.8	68;55684;56250;-;183.8			61;48860;51487;-;20.8	62;52003;52518;-;77.6		D	3/9	contiguous	6824	0	0	
NZ_CP137352.1	MPF_F	IncFIB(pNDM-Mar);IncHI1B(pNDM-MAR)	385	0	0	GA	0															not_admitted	not_admitted	not_admitted	not_admitted	not_admitted	not_admitted	not_admitted	not_admitted	not_admitted	not_admitted	1	150;126055;127092;+;282.3	345;312361;313770;-;190.4	346;313760;314797;-;176.7	138;112506;115223;+;148.7	344;308421;312359;-;118.9	134;109281;110393;+;66.8	138;112506;115223;+;85.2	129;105451;106311;+;79.0	149;124697;126058;+;69.9	151;127102;130287;+;58.9	353;321978;324104;+;58.0	137;111724;112461;+;57.0	353;321978;324104;+;39.7	A	9/9	split_2	216527	0	1	
NZ_CP137355.1	MPF_F	IncFIB(pQil);IncFII(K);IncFII(pAR0022)	178	0	0	GA	0															not_admitted	not_admitted	not_admitted	not_admitted	not_admitted	not_admitted	not_admitted	not_admitted	not_admitted	not_admitted	1	104;83156;84145;+;366.6	114;89692;91059;+;384.1	110;87682;88434;+;233.7	100;79060;81699;+;258.5	115;91059;93881;+;346.6	93;74809;76233;+;89.3	100;79060;81699;+;88.7	91;73516;74082;+;169.3	105;84158;84796;+;66.9	106;84855;86810;+;259.4	119;96497;98809;+;393.1	94;76305;76889;+;54.7	119;96497;98809;+;66.6	A	9/9	contiguous	22981	1	1	93904..94506+;200;TraS;0
NZ_CP137360.1	MPF_F	IncFIB(pNDM-Mar);IncHI1B(pNDM-MAR)	381	0	0	GA	0															not_admitted	not_admitted	not_admitted	not_admitted	not_admitted	not_admitted	not_admitted	not_admitted	not_admitted	not_admitted	1	160;135905;136942;+;282.3	362;329302;330711;-;190.4	363;330701;331738;-;176.7	148;122356;125073;+;148.7	361;325362;329300;-;118.9	144;118903;120243;+;65.7	148;122356;125073;+;85.2	140;115212;116072;+;79.0	159;134547;135908;+;69.9	161;136952;140137;+;58.9		147;121574;122311;+;57.0		A	9/9	split_2	215489	0	1	
NZ_CP137363.1	MPF_F	IncFIB(pNDM-Mar);IncHI1B(pNDM-MAR)	359	0	0	GA	0															not_admitted	not_admitted	not_admitted	not_admitted	not_admitted	not_admitted	not_admitted	not_admitted	not_admitted	not_admitted	1	298;270906;271943;+;282.3	148;142699;144108;-;190.4	149;144098;145135;-;176.7	286;257357;260074;+;148.7	147;138759;142697;-;118.9	282;253874;255244;+;65.6	286;257357;260074;+;85.2	279;251368;252228;+;79.0	297;269548;270909;+;69.9	299;271953;275138;+;58.9	156;152316;154442;+;58.0	285;256575;257312;+;57.0	156;152316;154442;+;39.7	A	9/9	split_2	133194	0	1	
NZ_CP137370.1	MPF_F	IncC	189	0	0	GA	0															not_admitted	not_admitted	not_admitted	not_admitted	not_admitted	not_admitted	not_admitted	not_admitted	not_admitted	not_admitted	1	116;91448;92455;+;332.9	13;10546;11979;+;339.2	12;9516;10544;+;221.7	111;86249;88696;+;354.2	14;11992;15606;+;375.3	102;72938;74254;+;135.0	111;86249;88696;+;128.6	100;71414;72040;+;92.1	114;89518;90783;+;67.6	117;92571;95366;+;145.3	91;65739;67604;+;47.4	103;74251;74829;+;100.2	91;65739;67604;+;52.0	A	9/9	split_2	83055	0	1	
NZ_CP137372.1	MPF_F	IncFIB(pNDM-Mar);IncHI1B(pNDM-MAR)	388	0	0	GA	0															not_admitted	not_admitted	not_admitted	not_admitted	not_admitted	not_admitted	not_admitted	not_admitted	not_admitted	not_admitted	1	126;121104;122141;-;282.3	317;283850;285259;+;190.4	316;282823;283860;+;176.7	138;132973;135690;-;148.7	318;285261;289199;+;118.9	142;137803;139173;-;65.6	138;132973;135690;-;85.2	145;140819;141679;-;79.0	127;122138;123499;-;69.9	125;117909;121094;-;58.9	309;273516;275642;-;58.0	139;135735;136472;-;57.0	309;273516;275642;-;39.7	A	9/9	split_2	167352	0	1	
NZ_CP137375.1	MPF_F	IncFIB(pKPHS1);IncFIB(pNDM-Mar);IncHI1B(pNDM-MAR)	502	0	0	GA	0															not_admitted	not_admitted	not_admitted	not_admitted	not_admitted	not_admitted	not_admitted	not_admitted	not_admitted	not_admitted	1	498;453243;454280;+;282.3	187;176740;178149;-;190.4	188;178139;179176;-;176.7	485;439693;440430;+;73.4	186;172800;176738;-;118.9	481;436210;437580;+;65.6	486;440387;442411;+;87.2	478;433704;434564;+;79.0	497;451885;453246;+;69.9	499;454290;457475;+;58.9	195;186357;188483;+;58.0	484;438911;439648;+;57.0	195;186357;188483;+;39.7	A	9/9	split_2	281490	0	1	
NZ_CP137376.1	MPF_F	IncFIB(pQil);IncFII(K);IncFII(pAR0022)	164	0	0	GA	0															not_admitted	not_admitted	not_admitted	not_admitted	not_admitted	not_admitted	not_admitted	not_admitted	not_admitted	not_admitted	1	153;146559;147548;+;366.6	163;153095;154462;+;384.1	159;151085;151837;+;233.7	149;142463;145102;+;258.5	0;76;2547;+;248.4	142;138212;139636;+;89.3	149;142463;145102;+;88.7	140;136919;137485;+;169.3	154;147561;148199;+;66.9	155;148258;150213;+;259.4	4;5163;7475;+;393.1	143;139708;140292;+;54.7	4;5163;7475;+;66.6	A	9/9	split_2	153019	1	1	2570..3172+;200;TraS;0
NZ_CP137382.1	MPF_F	IncFIB(pNDM-Mar);IncHI1B(pNDM-MAR)	366	0	0	GA	0															not_admitted	not_admitted	not_admitted	not_admitted	not_admitted	not_admitted	not_admitted	not_admitted	not_admitted	not_admitted	1	0;568;1605;-;282.3	151;127948;129357;+;190.4	150;126921;127958;+;176.7	12;12437;15154;-;148.7	152;129359;133297;+;118.9	16;17267;18637;-;65.6	12;12437;15154;-;85.2	19;20283;21143;-;79.0	1;1602;2963;-;69.9	365;330335;332794;-;59.9	143;117614;119740;-;58.0	13;15199;15936;-;57.0	143;117614;119740;-;39.7	A	9/9	split_3	329767	0	1	
NZ_CP137386.1	MPF_F	IncFIB(pNDM-Mar);IncHI1B(pNDM-MAR)	360	0	0	GA	0															not_admitted	not_admitted	not_admitted	not_admitted	not_admitted	not_admitted	not_admitted	not_admitted	not_admitted	not_admitted	1	161;136136;137173;+;282.3	348;315975;317384;-;190.4	349;317374;318411;-;176.7	149;122587;125304;+;148.7	347;312035;315973;-;118.9	145;119104;120474;+;65.6	149;122587;125304;+;85.2	142;116598;117458;+;79.0	160;134778;136139;+;69.9	162;137183;140368;+;58.9		148;121805;122542;+;57.0		A	9/9	split_2	200776	0	1	
NZ_CP137392.1	MPF_F	IncFIB(pNDM-Mar);IncHI1B(pNDM-MAR)	379	0	0	GA	0															not_admitted	not_admitted	not_admitted	not_admitted	not_admitted	not_admitted	not_admitted	not_admitted	not_admitted	not_admitted	1	262;246904;247941;-;282.3	59;53140;54549;+;190.4	58;52113;53150;+;176.7	274;258773;261490;-;148.7	60;54551;58489;+;118.9	278;263603;264943;-;65.7	274;258773;261490;-;85.2	282;267774;268634;-;79.0	263;247938;249299;-;69.9	261;243709;246894;-;58.9		275;261535;262272;-;57.0		A	9/9	split_2	215661	0	1	
NZ_CP137400.1	MPF_F	IncFIB(pNDM-Mar);IncHI1B(pNDM-MAR)	386	0	0	GA	0															not_admitted	not_admitted	not_admitted	not_admitted	not_admitted	not_admitted	not_admitted	not_admitted	not_admitted	not_admitted	1	118;95954;96991;+;282.3	352;318127;319536;-;190.4	353;319526;320563;-;176.7	106;82405;85122;+;148.7	351;314187;318125;-;118.9	102;78922;80292;+;65.6	106;82405;85122;+;85.2	99;76416;77276;+;79.0	117;94596;95957;+;69.9	119;97001;100186;+;58.9	360;327744;329870;+;58.0	105;81623;82360;+;57.0	360;327744;329870;+;39.7	A	9/9	split_2	251328	0	1	
NZ_CP137407.1	MPF_F	IncFII;IncR	150	0	0	GA	0															not_admitted	not_admitted	not_admitted	not_admitted	not_admitted	not_admitted	not_admitted	not_admitted	not_admitted	not_admitted	1	133;111744;112736;+;369.3	142;117798;119171;+;381.0	137;115435;116208;+;234.0	130;108108;110735;+;303.5	143;119168;121993;+;386.0	124;104626;106053;+;94.3	130;108108;110735;+;98.5	122;103345;103911;+;183.8	134;112745;113383;+;68.7	135;113380;115188;+;268.0	146;123497;125758;+;391.6	128;107077;107592;+;78.4	146;123497;125758;+;70.3	A	9/9	contiguous	20152	1	1	121990..122499+;169;unnamed;0
NZ_CP137411.1	MPF_F	IncFIB(pNDM-Mar);IncHI1B(pNDM-MAR)	223	0	0	GA	0															not_admitted	not_admitted	not_admitted	not_admitted	not_admitted	not_admitted	not_admitted	not_admitted	not_admitted	not_admitted	1	128;119467;120504;-;282.3	43;39128;40537;+;190.4	42;38101;39138;+;176.7	140;131340;134057;-;148.4	44;40539;44447;+;121.7	144;136170;137540;-;63.4	140;131340;134057;-;83.2	147;139186;140046;-;79.0	129;120501;121862;-;69.9	127;116275;119457;-;59.7	35;28770;30896;-;57.8	141;134102;134839;-;57.6	35;28770;30896;-;41.0	A	9/9	split_2	110416	0	1	
NZ_CP137418.1	MPF_F	IncFIB(pNDM-Mar);IncHI1B(pNDM-MAR)	367	0	0	GA	0															not_admitted	not_admitted	not_admitted	not_admitted	not_admitted	not_admitted	not_admitted	not_admitted	not_admitted	not_admitted	1	123;100050;101087;+;282.3	346;312792;314201;-;190.4	347;314191;315228;-;176.7	109;85435;88152;+;148.7	345;308852;312790;-;118.9	105;81952;83322;+;65.6	109;85435;88152;+;85.2	102;79446;80306;+;79.0	122;98692;100053;+;69.9	124;101097;104282;+;58.9		108;84653;85390;+;57.0		A	9/9	split_2	234745	0	1	
NZ_CP137424.1	MPF_F	IncFIB(pNDM-Mar);IncHI1B(pNDM-MAR)	357	0	0	GA	0															not_admitted	not_admitted	not_admitted	not_admitted	not_admitted	not_admitted	not_admitted	not_admitted	not_admitted	not_admitted	1	296;270904;271941;+;282.3	146;142697;144106;-;190.4	147;144096;145133;-;176.7	284;257355;260072;+;148.7	145;138757;142695;-;118.9	280;253872;255242;+;65.6	284;257355;260072;+;85.2	277;251366;252226;+;79.0	295;269546;270907;+;69.9	297;271951;275136;+;58.9	154;152314;154440;+;58.0	283;256573;257310;+;57.0	154;152314;154440;+;39.7	A	9/9	split_2	133194	0	1	
NZ_CP137435.1	MPF_F	IncFIB(pNDM-Mar);IncHI1B(pNDM-MAR)	360	0	0	GA	0															not_admitted	not_admitted	not_admitted	not_admitted	not_admitted	not_admitted	not_admitted	not_admitted	not_admitted	not_admitted	1	173;163174;164211;-;282.3	346;308782;310191;+;190.4	345;307755;308792;+;176.7	185;175043;177760;-;148.7	347;310193;314131;+;118.9	189;179873;181243;-;65.6	185;175043;177760;-;85.2	192;182889;183749;-;79.0	174;164208;165569;-;69.9	172;159979;163164;-;58.9		186;177805;178542;-;57.0		A	9/9	split_2	150214	0	1	
NZ_CP137437.1	MPF_F	IncFII(pKP91);IncR	131	0	0	GA	0															not_admitted	not_admitted	not_admitted	not_admitted	not_admitted	not_admitted	not_admitted	not_admitted	not_admitted	not_admitted	1	107;85813;86805;+;363.2	117;92369;93736;+;382.8	113;90359;91111;+;233.7	104;82148;84787;+;259.1	118;93736;96579;+;344.3	94;76924;78348;+;88.4	104;82148;84787;+;83.9	92;75631;76197;+;168.5	108;86818;87456;+;64.4	109;87515;89470;+;255.3	121;98626;100938;+;392.7	96;78960;79529;+;50.0	121;98626;100938;+;66.6	A	9/9	contiguous	22995	1	1	96590..97123+;177;unnamed;0
NZ_CP137438.1	MPF_T	IncX3	57	0	0	GA	1	22;14297;14941;+;46.4	23;14925;15215;+;73.1	24;15240;17993;+;47.0	24;15240;17993;+;142.4	24;15240;17993;+;73.3	25;18003;18773;+;60.1	27;19052;20107;+;133.2		28;20302;21030;+;119.4	29;21036;21965;+;138.8	30;21962;23176;+;128.3	32;23372;24406;+;65.7	33;24409;26244;+;495.9		pfam	pfam_only	A	7/7	canonical	1	1	unscoreable	2	0	0														not_admitted	not_admitted	not_admitted	not_admitted	not_admitted	not_admitted	not_admitted
NZ_CP137460.1	-	-	45	0	0	GA	0															not_admitted	not_admitted	not_admitted	not_admitted	not_admitted	not_admitted	not_admitted	not_admitted	not_admitted	not_admitted	1	37;29071;30069;+;367.0	42;33698;35059;+;348.7	40;32316;33092;+;197.7	34;25527;28115;+;237.5	43;35064;37880;+;227.8	32;23563;24933;+;92.5	34;25527;28115;+;96.4	30;22276;22848;+;78.0	38;30078;30500;+;55.1	39;30493;32319;+;230.4	0;96;1799;+;369.7	33;24937;25521;+;35.0	0;96;1799;+;57.6	A	9/9	split_2	34968	1	1	37890..38393+;167;unnamed;0
NZ_CP137480.1	MPF_F	IncFIB(pB171);IncFII(Yp);IncFII(pAR0022)	124	0	0	GA	0															not_admitted	not_admitted	not_admitted	not_admitted	not_admitted	not_admitted	not_admitted	not_admitted	not_admitted	not_admitted	1	69;56987;57979;+;369.4	77;62692;64062;+;376.7	73;60726;61475;+;218.2	66;53369;55999;+;285.5	78;64062;66884;+;336.5	60;49947;51341;+;89.4	66;53369;55999;+;98.6	58;48664;49230;+;169.9	70;57996;58625;+;66.9	71;58622;60475;+;260.5	81;68221;70476;+;384.7	61;51363;51902;+;67.5	81;68221;70476;+;63.8	A	9/9	contiguous	19557	1	1	66906..67337+;143;TraS;0
NZ_CP137481.1	-	pKPC-CAV1321	320	0	0	GA	0															not_admitted	not_admitted	not_admitted	not_admitted	not_admitted	not_admitted	not_admitted	not_admitted	not_admitted	not_admitted	1	196;159934;161001;+;275.7	216;176915;178357;+;260.7	215;175818;176918;+;198.4	192;155340;157826;+;223.8	217;178372;181890;+;240.0	188;150715;152112;+;109.8	192;155340;157826;+;120.8	186;148806;149432;+;87.1	195;158624;159937;+;41.0	219;182326;184983;+;136.9	180;144282;146258;+;22.8	189;152109;152675;+;71.6	180;144282;146258;+;32.8	A	9/9	contiguous	38044	0	1	
NZ_CP137482.1	MPF_F	IncFIB(pB171);IncFII(Yp);IncFII(pAR0022)	115	0	0	GA	0															not_admitted	not_admitted	not_admitted	not_admitted	not_admitted	not_admitted	not_admitted	not_admitted	not_admitted	not_admitted	1	60;45032;46024;+;369.4	68;50737;52107;+;376.7	64;48771;49520;+;218.2	57;41414;44044;+;285.5	69;52107;54929;+;336.5	51;37992;39386;+;89.4	57;41414;44044;+;98.6	49;36709;37275;+;169.9	61;46041;46670;+;66.9	62;46667;48520;+;260.5	72;56266;58521;+;384.7	52;39408;39947;+;67.5	72;56266;58521;+;63.8	A	9/9	contiguous	19557	1	1	54951..55382+;143;TraS;0
NZ_CP137496.1	MPF_G	-	57	0	0	GA	0															not_admitted	not_admitted	not_admitted	not_admitted	not_admitted	not_admitted	not_admitted	not_admitted	not_admitted	not_admitted	1	22;25090;26028;-;189.3			36;36197;39139;-;278.6	19;21825;23234;-;204.0								51;49073;51304;-;46.3	D	3/9	contiguous	27248	0	0	
NZ_CP137497.1	-	-	71	0	0	GA	1	43;25122;25829;+;34.8	44;25810;26148;+;28.5	45;26159;26557;+;24.9	46;26511;28946;+;71.6		48;29200;29868;+;50.4	50;30225;31190;+;121.9		51;31522;32337;+;140.4	52;32334;33155;+;146.0	55;33720;35066;+;140.1	56;35077;36372;+;61.3	59;37414;39027;+;263.4		pfam	pfam_only	A	7/7	canonical	1	0	unscoreable	6	0	0														not_admitted	not_admitted	not_admitted	not_admitted	not_admitted	not_admitted	not_admitted
NZ_CP137501.1	-	-	70	0	0	GA	1	30;14241;14948;+;34.8	31;14929;15267;+;28.5	32;15278;15676;+;24.9	33;15630;18065;+;71.6		35;18319;18987;+;50.4	37;19344;20309;+;121.9		38;20641;21456;+;140.4	39;21453;22274;+;146.0	42;22839;24185;+;140.1	43;24196;25491;+;61.3	46;26533;28146;+;263.4		pfam	pfam_only	A	7/7	canonical	1	0	unscoreable	6	0	0														not_admitted	not_admitted	not_admitted	not_admitted	not_admitted	not_admitted	not_admitted
NZ_CP137506.1	-	-	143	0	0	GA	1	46;27739;28446;+;34.8	47;28427;28765;+;28.5	48;28776;29174;+;24.9	49;29128;30933;+;72.3		52;31815;32483;+;50.4	54;32839;33804;+;121.9		55;34136;34951;+;140.4	56;34948;35769;+;146.0	59;36334;37680;+;140.1	60;37691;38986;+;61.3	63;40028;41641;+;263.4		pfam	pfam_only	A	7/7	canonical	1	0	unscoreable	14	0	0														not_admitted	not_admitted	not_admitted	not_admitted	not_admitted	not_admitted	not_admitted
NZ_CP137511.1	-	-	74	0	0	GA	1	17;14262;14969;-;34.8	16;13943;14281;-;28.5	15;13534;13932;-;24.9	14;11145;13580;-;71.6		12;10223;10891;-;50.4	10;8901;9866;-;121.9		9;7754;8569;-;140.4	8;6936;7757;-;146.0	5;5025;6371;-;140.1	4;3719;5014;-;61.3	1;1064;2677;-;263.4		pfam	pfam_only	A	7/7	canonical	1	0	unscoreable	6	0	0														not_admitted	not_admitted	not_admitted	not_admitted	not_admitted	not_admitted	not_admitted
NZ_CP137519.1	-	-	75	0	0	GA	1	53;30461;31168;+;34.8		55;31498;31896;+;24.9	56;31850;34285;+;71.6		58;34539;35198;+;51.7	60;35558;36529;+;119.2		61;36862;37677;+;140.4	62;37674;38489;+;146.1	65;39054;40400;+;140.1	66;40411;41706;+;61.3	69;42748;44334;+;264.2		pfam	pfam_only	A	7/7	canonical	1	0	unscoreable	7	0	0														not_admitted	not_admitted	not_admitted	not_admitted	not_admitted	not_admitted	not_admitted
NZ_CP137523.1	-	-	72	0	0	GA	1	17;14481;15188;-;34.8	16;14162;14500;-;28.5	15;13753;14151;-;24.9	14;11364;13799;-;71.6		12;10442;11110;-;50.4	10;9120;10085;-;121.9		9;7973;8788;-;140.4	8;7155;7976;-;146.0	5;5244;6590;-;140.1	4;3938;5233;-;61.3	1;1283;2896;-;263.4		pfam	pfam_only	A	7/7	canonical	1	0	unscoreable	6	0	0														not_admitted	not_admitted	not_admitted	not_admitted	not_admitted	not_admitted	not_admitted
NZ_CP137533.1	-	-	258	0	0	GA	0															not_admitted	not_admitted	not_admitted	not_admitted	not_admitted	not_admitted	not_admitted	not_admitted	not_admitted	not_admitted	1	21;24203;25360;+;246.0	7;9192;10622;+;212.0	6;8020;9192;+;202.6	17;19679;22063;+;228.9	8;10638;14039;+;204.8	14;17174;18463;+;111.1	17;19679;22063;+;110.0	12;15499;16110;+;105.3	20;22887;24206;+;39.6	22;25339;31026;+;67.8	168;175937;177790;-;54.5	15;18536;19225;+;63.3	168;175937;177790;-;42.6	A	9/9	split_2	167917	0	1	
NZ_CP137534.1	MPF_T	-	72	0	0	GA	1	57;52075;52977;+;39.6	46;42852;43223;+;71.3	47;43220;43519;+;50.8	48;43506;46175;+;63.8	48;43506;46175;+;82.2	49;46178;46837;+;67.7	52;47489;48355;+;142.5		53;48352;49026;+;92.1	54;49051;49833;+;199.2	55;49835;51055;+;174.5	56;51066;52088;+;112.7	63;57717;59291;-;70.5		pfam	both	A	7/7	canonical	1	0	unscoreable	7	0	0														not_admitted	not_admitted	not_admitted	not_admitted	not_admitted	not_admitted	not_admitted
NZ_CP137540.1	-	-	264	0	0	GA	0															not_admitted	not_admitted	not_admitted	not_admitted	not_admitted	not_admitted	not_admitted	not_admitted	not_admitted	not_admitted	1	246;236165;237322;-;246.0	260;250900;252330;-;212.0	261;252330;253034;-;137.3	250;239462;241846;-;228.9	259;247483;250884;-;204.8	253;243062;244351;-;111.1	250;239462;241846;-;110.0	255;245415;246026;-;105.3	247;237319;238638;-;39.6	245;230499;236186;-;67.8	92;78160;80013;+;54.5	252;242300;242989;-;63.3	92;78160;80013;+;42.6	A	9/9	split_2	174170	0	1	
NZ_CP137542.1	MPF_T	-	75	0	0	GA	1	63;52741;53643;+;39.6	52;43518;43889;+;71.3	53;43886;44185;+;50.8	54;44172;46841;+;63.8	54;44172;46841;+;82.2	55;46844;47503;+;67.7	58;48155;49021;+;142.5		59;49018;49692;+;92.1	60;49717;50499;+;199.2	61;50501;51721;+;174.5	62;51732;52754;+;112.7	69;58421;59956;-;65.3		pfam	both	A	7/7	canonical	1	0	unscoreable	7	0	0														not_admitted	not_admitted	not_admitted	not_admitted	not_admitted	not_admitted	not_admitted
NZ_CP137706.1	MPF_T	IncFII(pHN7A8);IncN;IncR;IncX1	156	0	0	GA	1	66;52373;53017;+;47.1	67;53001;53291;+;73.5	68;53315;56074;+;44.8	68;53315;56074;+;133.3	68;53315;56074;+;71.9	69;56076;56813;+;57.5	71;57095;58150;+;131.7		72;58340;59062;+;116.0	73;59068;59997;+;132.4	74;59994;61208;+;128.6	75;61226;62263;+;66.4	76;62268;64103;+;543.4		pfam	pfam_only	A	7/7	canonical	1	1	unscoreable	1	0	0														not_admitted	not_admitted	not_admitted	not_admitted	not_admitted	not_admitted	not_admitted
NZ_CP137713.1	MPF_F	IncFIB(S);IncFII(S);IncFII(pAR0022)	117	0	0	GA	0															not_admitted	not_admitted	not_admitted	not_admitted	not_admitted	not_admitted	not_admitted	not_admitted	not_admitted	not_admitted	1	92;68879;69871;+;366.7	101;75119;76501;+;392.4	98;73338;74087;+;231.0	89;65244;67892;+;314.1	102;76498;79320;+;394.4	81;61290;62711;+;91.5	89;65244;67892;+;97.8	79;59997;60563;+;185.6	94;70183;70821;+;70.6	96;71274;73100;+;271.0	105;80974;83208;+;374.0	84;63517;64032;+;96.7	105;80974;83208;+;72.0	A	9/9	contiguous	20977	1	1	79342..79830+;162;TraS;0
NZ_CP137738.1	MPF_T	IncI2;IncX1	180	0	0	GA	1	141;113696;114178;-;81.1		156;129774;130058;-;36.6	155;127411;129768;-;58.5	155;127411;129768;-;42.8	168;135511;136152;-;42.8	169;136158;137153;-;128.5		153;126511;127245;-;144.3	152;125744;126514;-;170.5	151;124615;125754;-;153.4	144;115946;117484;-;207.1	149;121567;123525;-;289.6		pfam	pfam_only	A	7/7	rearranged	1	0	unscoreable	17	1	0														not_admitted	not_admitted	not_admitted	not_admitted	not_admitted	not_admitted	not_admitted
NZ_CP137739.1	MPF_F	IncFIA(HI1)	196	0	0	GA	0															not_admitted	not_admitted	not_admitted	not_admitted	not_admitted	not_admitted	not_admitted	not_admitted	not_admitted	not_admitted	1	80;81863;82372;+;167.0			194;180790;183471;+;160.6			194;180790;183471;+;76.5		16;15466;16974;+;65.6	81;82395;85571;+;58.9		193;179831;180781;+;45.2		D	5/9	split_3	165324	0	1	
NZ_CP137740.1	MPF_F	IncFII(pCoo)	86	0	0	GA	0															not_admitted	not_admitted	not_admitted	not_admitted	not_admitted	not_admitted	not_admitted	not_admitted	not_admitted	not_admitted	1	61;49522;50514;+;369.3	72;56564;57937;+;376.8	67;54231;54974;+;233.3	58;45886;48513;+;304.6	73;57934;60759;+;389.2	52;42307;43734;+;94.7	58;45886;48513;+;99.2	50;41026;41592;+;183.8	64;51511;52149;+;68.6	65;52146;53954;+;268.0	77;63001;65208;+;391.7	56;44855;45370;+;77.3	77;63001;65208;+;70.3	A	9/9	contiguous	21975	1	1	60756..61265+;169;unnamed;0
NZ_CP137741.1	MPF_F	IncFII(pHN7A8)	93	0	0	GA	0															not_admitted	not_admitted	not_admitted	not_admitted	not_admitted	not_admitted	not_admitted	not_admitted	not_admitted	not_admitted	1	66;52869;53861;+;369.5	79;60694;62067;+;376.8	74;58385;59128;+;234.4	63;49233;51860;+;302.7	80;62064;64880;+;376.7	57;45751;47178;+;94.1	63;49233;51860;+;101.8	55;44470;45036;+;183.8	69;54807;55445;+;70.4	72;56258;58108;+;265.0	84;67181;69424;+;391.7	61;48202;48717;+;77.3	84;67181;69424;+;70.3	A	9/9	contiguous	22711	1	1	64913..65434+;173;unnamed;0
NZ_CP137745.1	MPF_F	-	131	0	0	GA	0															not_admitted	not_admitted	not_admitted	not_admitted	not_admitted	not_admitted	not_admitted	not_admitted	not_admitted	not_admitted	1	124;117694;118698;+;360.4	0;261;1712;+;362.4	127;121153;121941;+;222.5	116;111646;114255;+;227.6	1;1712;4708;+;287.8	110;108345;109760;+;94.7	116;111646;114255;+;107.0	108;107016;107594;+;84.4	125;118707;119315;+;57.5	126;119312;121156;+;223.9	5;6967;9531;+;346.0	114;110826;111413;+;33.7	5;6967;9531;+;65.3	A	9/9	split_2	120892	1	1	4718..5431+;237;unnamed;0
NZ_CP137748.1	MPF_T	-	60	0	0	GA	1	32;22550;23260;+;101.0	33;23271;23564;+;41.2		34;23576;26287;+;78.0	34;23576;26287;+;57.1	35;26284;26925;+;71.2	22;13630;14715;+;71.0		23;14715;15503;+;74.6	24;15518;16255;+;149.0	25;16257;17636;+;180.7	26;17652;18689;+;92.0	30;20769;22286;+;35.6		pfam	both	A	7/7	rearranged	1	0	unscoreable	3	0	0														not_admitted	not_admitted	not_admitted	not_admitted	not_admitted	not_admitted	not_admitted
NZ_CP137766.1	MPF_F	IncFIB(AP001918);IncFIC(FII)	181	0	0	GA	0															not_admitted	not_admitted	not_admitted	not_admitted	not_admitted	not_admitted	not_admitted	not_admitted	not_admitted	not_admitted	1	124;114357;115349;+;369.3	135;121035;122408;+;378.0	128;118078;118821;+;234.1	121;110721;113348;+;305.4	136;122405;125227;+;389.5	115;107239;108666;+;94.3	121;110721;113348;+;98.5	113;105958;106524;+;183.8	125;115358;115996;+;68.4	126;115993;117801;+;268.0	139;126756;128909;+;391.9	119;109690;110205;+;78.4	139;126756;128909;+;70.4	A	9/9	contiguous	20798	1	1	125249..125740+;163;TraS;0
NZ_CP137857.1	MPF_T	IncX3	57	0	0	GA	1	50;37616;38260;+;46.4	51;38244;38534;+;73.1	52;38559;41312;+;47.0	52;38559;41312;+;142.4	52;38559;41312;+;73.3	53;41322;42092;+;60.1	55;42371;43426;+;133.2		56;43621;44349;+;119.4		1;453;1667;+;128.3	3;1863;2897;+;65.7	4;2900;4735;+;495.9		pfam	pfam_only	B	6/7	canonical	1	1	unscoreable	2	0	0														not_admitted	not_admitted	not_admitted	not_admitted	not_admitted	not_admitted	not_admitted
NZ_CP137884.1	MPF_T	-	56	0	0	GA	1		30;26476;26739;+;51.4	31;26758;29526;+;73.1	31;26758;29526;+;180.3	31;26758;29526;+;82.9	36;31408;32394;+;81.6	37;32398;33390;+;111.0		39;33537;34199;+;177.6	40;34196;35083;+;161.4	41;35110;36282;+;166.0	42;36263;37255;+;93.2	43;37256;39067;+;349.9		pfam	pfam_only	A	7/7	canonical	1	1	unscoreable	5	0	0														not_admitted	not_admitted	not_admitted	not_admitted	not_admitted	not_admitted	not_admitted
NZ_CP137921.1	MPF_F	IncC	225	0	0	GA	0															not_admitted	not_admitted	not_admitted	not_admitted	not_admitted	not_admitted	not_admitted	not_admitted	not_admitted	not_admitted	1	118;91211;92218;+;332.9	214;174355;175788;+;339.2	213;173325;174353;+;221.7	113;86012;88459;+;354.2	215;175801;179415;+;375.3	45;26117;27277;+;156.3	113;86012;88459;+;128.6	106;75661;76287;+;92.1	116;89281;90546;+;67.6	119;92334;95129;+;145.3	97;69986;71851;+;47.4	109;78498;79076;+;100.2	97;69986;71851;+;52.0	A	9/9	split_3	149684	0	1	
NZ_CP138299.1	MPF_T	-	309	0	0	GA	1		306;287864;288244;-;78.1	305;287572;287871;-;63.2	304;285187;287562;-;178.5	304;285187;287562;-;129.8	303;284418;285215;-;49.8	302;283061;284218;-;105.4		301;282355;283017;-;131.0	300;281498;282337;-;178.8	298;279724;281031;-;214.2	307;288234;289202;-;133.7	115;103447;105378;-;518.1		conjscan	conjscan_only	A	7/7	canonical	1	0	unscoreable	2	0	0														not_admitted	not_admitted	not_admitted	not_admitted	not_admitted	not_admitted	not_admitted
NZ_CP138300.1	MPF_T	-	172	0	0	GA	1		42;34573;34962;-;76.9	41;34281;34580;-;61.8	40;31818;34271;-;170.3	40;31818;34271;-;130.2	39;31028;31846;-;54.0	37;29641;30828;-;104.4		36;28964;29644;-;131.2	35;28122;28946;-;190.3	33;26344;27642;-;223.7	43;34952;35920;-;134.9	24;15533;17455;-;536.3		conjscan	conjscan_only	A	7/7	canonical	1	0	unscoreable	11	0	0														not_admitted	not_admitted	not_admitted	not_admitted	not_admitted	not_admitted	not_admitted
NZ_CP138303.1	MPF_T	-	305	0	0	GA	1		302;287863;288243;-;78.1	301;287571;287870;-;63.2	300;285186;287561;-;178.5	300;285186;287561;-;129.8	299;284417;285214;-;49.8	298;283060;284217;-;105.4		297;282354;283016;-;131.0	296;281497;282336;-;178.8	294;279723;281030;-;214.2	303;288233;289201;-;133.7	111;103446;105377;-;518.1		conjscan	conjscan_only	A	7/7	canonical	1	0	unscoreable	2	0	0														not_admitted	not_admitted	not_admitted	not_admitted	not_admitted	not_admitted	not_admitted
NZ_CP138304.1	MPF_T	-	182	0	0	GA	1		42;34573;34962;-;76.9	41;34281;34580;-;61.8	40;31818;34271;-;170.3	40;31818;34271;-;130.2	39;31028;31846;-;54.0	37;29641;30828;-;104.4		36;28964;29644;-;131.2	35;28122;28946;-;190.3	33;26344;27642;-;223.7	43;34952;35920;-;134.9	24;15533;17455;-;536.3		conjscan	conjscan_only	A	7/7	canonical	1	0	unscoreable	11	0	0														not_admitted	not_admitted	not_admitted	not_admitted	not_admitted	not_admitted	not_admitted
NZ_CP138306.1	MPF_F	IncC	289	0	0	GA	0															not_admitted	not_admitted	not_admitted	not_admitted	not_admitted	not_admitted	not_admitted	not_admitted	not_admitted	not_admitted	1	98;70997;72004;+;332.9	278;227393;228826;+;339.2	277;226363;227391;+;221.7	93;65798;68245;+;354.5	279;228839;232453;+;375.3	45;26117;27277;+;156.3	93;65798;68245;+;128.3	86;55403;56029;+;92.7	96;69067;70332;+;67.9	99;72120;74918;+;145.3	77;49728;51593;+;47.3	89;58240;58818;+;100.2	77;49728;51593;+;52.0	A	9/9	split_3	202722	0	1	
NZ_CP138308.1	MPF_F	IncC	257	0	0	GA	0															not_admitted	not_admitted	not_admitted	not_admitted	not_admitted	not_admitted	not_admitted	not_admitted	not_admitted	not_admitted	1	98;70994;72001;+;332.9	246;199375;200808;+;339.2	245;198345;199373;+;221.7	93;65795;68242;+;354.5	247;200821;204435;+;375.3	45;26117;27277;+;156.3	93;65795;68242;+;128.3	86;55400;56026;+;92.7	96;69064;70329;+;67.9	99;72117;74915;+;145.3	77;49725;51590;+;47.3	89;58237;58815;+;100.2	77;49725;51590;+;52.0	A	9/9	split_3	174704	0	1	
NZ_CP138320.1	MPF_T	-	207	0	0	GA	1	129;157286;158005;+;59.9	95;108287;108691;-;77.8	131;158385;158711;+;70.6	132;158711;161080;+;226.2	93;105525;107984;-;123.1	92;104741;105550;-;47.8	90;103345;104532;-;111.4		135;162869;163642;+;176.5	88;101796;102650;-;187.8	86;100005;101309;-;224.2	96;108681;109652;-;132.4	195;219440;221383;-;541.2		conjscan	conjscan_only	A	7/7	uncallable	0	0	unscoreable	10	0	0														not_admitted	not_admitted	not_admitted	not_admitted	not_admitted	not_admitted	not_admitted
NZ_CP138321.1	MPF_T	-	182	0	0	GA	1		138;170395;170799;+;68.9	139;170792;171091;+;61.3	140;171102;173570;+;185.4	140;171102;173570;+;133.8	141;173542;174351;+;49.3	143;174569;175759;+;107.0		144;175777;176454;+;123.2	145;176471;177325;+;187.8	147;177813;179156;+;224.1	137;169434;170405;+;129.0	0;1;1917;+;553.7		conjscan	conjscan_only	A	7/7	canonical	1	0	unscoreable	3	0	0														not_admitted	not_admitted	not_admitted	not_admitted	not_admitted	not_admitted	not_admitted
NZ_CP138323.1	MPF_T	-	123	0	0	GA	1		116;114149;114553;-;72.7	115;113857;114156;-;60.5	114;111384;113846;-;189.1	114;111384;113846;-;129.5	113;110603;111412;-;47.6	111;109198;110385;-;110.8		110;108521;109183;-;122.9	109;107650;108504;-;180.2	107;105852;107162;-;219.7	117;114543;115514;-;138.4	68;64873;66798;-;557.5		conjscan	conjscan_only	A	7/7	canonical	1	0	unscoreable	3	0	0														not_admitted	not_admitted	not_admitted	not_admitted	not_admitted	not_admitted	not_admitted
NZ_CP138341.1	MPF_T	-	45	0	0	GA	1		41;36637;37020;-;70.3	40;36315;36632;-;34.8	39;33754;36318;-;93.3	39;33754;36318;-;98.1	34;29541;30317;-;67.8	33;27699;29306;-;103.2		38;33047;33754;-;143.4	37;32168;33034;-;180.2	35;30330;31757;-;216.7	42;37122;38120;-;132.2	12;9826;11715;+;445.1		conjscan	conjscan_only	A	7/7	canonical	1	0	unscoreable	2	0	0														not_admitted	not_admitted	not_admitted	not_admitted	not_admitted	not_admitted	not_admitted
NZ_CP138344.1	MPF_T	-	45	0	0	GA	1		25;22003;22386;-;70.3	24;21681;21998;-;34.8	23;19120;21684;-;93.3	23;19120;21684;-;98.1	18;14907;15683;-;67.8	17;13065;14672;-;103.2		22;18413;19120;-;143.4	21;17534;18400;-;180.2	19;15696;17123;-;216.7	26;22488;23486;-;132.2	41;34252;36141;+;445.1		conjscan	conjscan_only	A	7/7	canonical	1	0	unscoreable	2	0	0														not_admitted	not_admitted	not_admitted	not_admitted	not_admitted	not_admitted	not_admitted
NZ_CP138347.1	MPF_F	IncFII(K);repB(R1701)	155	0	0	GA	0															not_admitted	not_admitted	not_admitted	not_admitted	not_admitted	not_admitted	not_admitted	not_admitted	not_admitted	not_admitted	1	74;51406;52395;+;366.6	84;57942;59309;+;384.0	80;55932;56684;+;233.7	70;47324;49963;+;258.5	85;59309;62158;+;346.4	63;42707;44131;+;89.2	70;47324;49963;+;88.2	61;41414;41980;+;169.3	75;52408;53046;+;66.9	76;53105;55060;+;259.7	89;64620;66932;+;393.1	64;44245;44829;+;53.6	89;64620;66932;+;66.6	A	9/9	contiguous	23206	1	1	62161..62694+;177;unnamed;0
NZ_CP138395.1	MPF_T	IncX1	60	0	0	GA	1	27;25829;26473;-;47.1	26;25555;25845;-;73.5	25;22772;25531;-;44.8	25;22772;25531;-;133.3	25;22772;25531;-;71.9	24;22033;22770;-;57.5	22;20696;21751;-;131.7		21;19784;20506;-;116.0	20;18849;19778;-;132.4	19;17638;18852;-;128.6	18;16583;17620;-;66.4	17;14743;16578;-;543.4		pfam	pfam_only	A	7/7	canonical	1	1	unscoreable	1	0	0														not_admitted	not_admitted	not_admitted	not_admitted	not_admitted	not_admitted	not_admitted
NZ_CP138398.1	MPF_F	IncFIA(HI1);IncHI1A;IncHI1B(R27)	325	0	0	GA	0															not_admitted	not_admitted	not_admitted	not_admitted	not_admitted	not_admitted	not_admitted	not_admitted	not_admitted	not_admitted	1	75;66696;67748;-;277.6	188;164884;166299;+;202.4	187;163848;164894;+;171.3	93;87144;89825;-;160.6	189;166308;170297;+;103.1	97;92173;93531;-;84.0	93;87144;89825;-;76.5	100;95198;95983;-;68.7	77;67893;69401;-;65.6	74;63497;66673;-;58.9	180;154873;156957;-;50.2	94;89834;90784;-;45.2	180;154873;156957;-;36.5	A	9/9	split_2	102811	0	1	
NZ_CP138410.1	MPF_F	IncFII	96	0	0	GA	0															not_admitted	not_admitted	not_admitted	not_admitted	not_admitted	not_admitted	not_admitted	not_admitted	not_admitted	not_admitted	1	31;33628;34620;-;369.3	20;26205;27578;-;381.0	25;29168;29911;-;233.3	34;35629;38256;-;303.5	19;23383;26208;-;386.0	40;40408;41835;-;94.7	34;35629;38256;-;98.5	42;42550;43116;-;183.8	28;31993;32631;-;68.6	27;30188;31996;-;268.0	16;19663;21879;-;391.7	36;38772;39287;-;77.3	16;19663;21879;-;70.3	A	9/9	contiguous	22887	1	1	22877..23386-;169;unnamed;0
NZ_CP138411.1	MPF_T	IncX1	65	0	0	GA	1	37;25426;26070;+;47.1	38;26054;26344;+;73.5	39;26368;29127;+;44.8	39;26368;29127;+;133.3	39;26368;29127;+;71.9	40;29129;29866;+;57.5	42;30148;31203;+;131.7		43;31393;32115;+;116.0	44;32121;33050;+;132.4	45;33047;34261;+;128.6	46;34279;35316;+;66.4	47;35321;37156;+;543.4		pfam	pfam_only	A	7/7	canonical	1	1	unscoreable	1	0	0														not_admitted	not_admitted	not_admitted	not_admitted	not_admitted	not_admitted	not_admitted
NZ_CP138420.1	MPF_F	IncFII(pHN7A8)	84	0	0	GA	0															not_admitted	not_admitted	not_admitted	not_admitted	not_admitted	not_admitted	not_admitted	not_admitted	not_admitted	not_admitted	1	15;13609;14601;-;369.3	4;6186;7559;-;381.0	9;9149;9892;-;233.3	18;15610;18237;-;303.5	3;3364;6189;-;389.2	24;20389;21816;-;93.4	18;15610;18237;-;98.5	26;22531;23097;-;183.8	12;11974;12612;-;68.6	11;10169;11977;-;268.0	18;15610;18237;-;22.1	20;18753;19268;-;77.3		A	9/9	contiguous	19167	1	1	2858..3367-;169;unnamed;0
NZ_CP138421.1	MPF_T	IncFIB(K)	100	0	0	GA	1	56;58885;59547;-;48.3	55;58575;58874;-;36.6	54;55815;58565;-;61.8	54;55815;58565;-;134.0	54;55815;58565;-;47.3	53;55080;55796;-;137.0	51;53759;54766;-;137.8		49;52863;53549;-;158.2	48;51977;52870;-;147.4	47;50784;51980;-;131.3	46;49731;50780;-;71.5	39;43084;44991;-;24.4		pfam	pfam_only	A	7/7	canonical	1	1	unscoreable	8	0	0														not_admitted	not_admitted	not_admitted	not_admitted	not_admitted	not_admitted	not_admitted
NZ_CP138422.1	MPF_T	IncX1;IncX3	52	0	0	GA	1	28;20225;20872;+;45.8	29;20850;21146;+;77.5	30;21165;23918;+;46.6	30;21165;23918;+;147.3	30;21165;23918;+;73.5	31;23929;24687;+;67.3	33;24984;26114;+;103.0		34;26359;27072;+;120.0	35;27077;28006;+;133.8	36;28003;29208;+;132.5	37;29210;30241;+;79.0	38;30244;32079;+;488.2		pfam	pfam_only	A	7/7	canonical	1	1	unscoreable	1	0	0														not_admitted	not_admitted	not_admitted	not_admitted	not_admitted	not_admitted	not_admitted
NZ_CP138426.1	MPF_F	IncFIB(AP001918);IncFIC(FII)	138	0	0	GA	0															not_admitted	not_admitted	not_admitted	not_admitted	not_admitted	not_admitted	not_admitted	not_admitted	not_admitted	not_admitted	1	46;44049;45041;-;369.3	38;37980;39353;-;380.7	42;40574;41317;-;232.7	49;46050;48677;-;303.5	37;35161;37983;-;380.3	53;50589;52016;-;94.3	49;46050;48677;-;100.3	55;52731;53297;-;183.8	45;43402;44040;-;68.3	44;41597;43405;-;268.3	34;31447;33627;-;391.8	50;49193;49708;-;78.0	34;31447;33627;-;70.4	A	9/9	contiguous	21284	1	1	34643..35140-;165;TraS;0
NZ_CP138429.1	MPF_F	IncFIA(HI1);IncHI1A;IncHI1B(R27)	244	0	0	GA	0															not_admitted	not_admitted	not_admitted	not_admitted	not_admitted	not_admitted	not_admitted	not_admitted	not_admitted	not_admitted	1	84;76055;77107;-;277.6	186;168119;169534;+;200.9	185;167083;168129;+;171.3	101;96182;98863;-;160.6	187;169543;173532;+;103.1	105;101211;102569;-;84.0	101;96182;98863;-;76.5	108;104236;105021;-;68.7	86;77252;78760;-;65.6	83;72856;76032;-;58.9	179;158064;160148;-;50.2	102;98872;99822;-;45.2	179;158064;160148;-;36.5	A	9/9	split_2	96687	0	1	
NZ_CP138430.1	MPF_T	IncX1	153	0	0	GA	1	22;13409;14053;+;47.1	23;14037;14327;+;73.5	102;66890;67651;+;47.3	24;14351;17110;+;133.3	102;66890;67651;+;72.8	25;17112;17849;+;57.5	27;18131;19186;+;131.7		109;71913;72635;+;116.0	110;72641;73570;+;132.4	112;73749;74780;+;129.3	113;74798;75835;+;66.4	36;23292;25127;+;543.4		pfam	pfam_only	A	7/7	canonical	1	0	unscoreable	10	0	0														not_admitted	not_admitted	not_admitted	not_admitted	not_admitted	not_admitted	not_admitted
NZ_CP138434.1	MPF_F	IncFIA(HI1);IncFII(K)	148	0	0	GA	0															not_admitted	not_admitted	not_admitted	not_admitted	not_admitted	not_admitted	not_admitted	not_admitted	not_admitted	not_admitted	1	74;67403;68395;-;362.4	62;59709;61076;-;382.8	67;62779;63531;-;235.0	77;69421;72060;-;259.3	61;56860;59709;-;343.5	87;76030;77454;-;89.2	77;69421;72060;-;84.3	89;78181;78747;-;168.4	73;66752;67390;-;64.6	71;64420;66375;-;259.1	57;52087;54396;-;392.8	85;74849;75418;-;51.6	57;52087;54396;-;65.8	A	9/9	contiguous	26094	1	1	56327..56857-;176;unnamed;0
NZ_CP138442.1	MPF_F	IncFIA(HI1);IncHI1A;IncHI1B(R27)	284	0	0	GA	0															not_admitted	not_admitted	not_admitted	not_admitted	not_admitted	not_admitted	not_admitted	not_admitted	not_admitted	not_admitted	1	132;124503;125555;-;277.6	244;222449;223864;+;202.4	243;221413;222459;+;171.3	150;144951;147632;-;160.6	245;223873;227862;+;103.1	154;149980;151338;-;84.0	150;144951;147632;-;76.5	157;153005;153790;-;68.7	134;125700;127208;-;65.6	131;121304;124480;-;58.9	236;212438;214522;-;50.2	151;147641;148591;-;45.2	236;212438;214522;-;36.5	A	9/9	split_2	102569	0	1	
NZ_CP138462.1	-	-	97	0	0	GA	0															not_admitted	not_admitted	not_admitted	not_admitted	not_admitted	not_admitted	not_admitted	not_admitted	not_admitted	not_admitted	1	1;1617;2657;-;361.0	94;63820;65238;-;304.3	95;65249;66079;-;222.4	5;4315;6924;-;175.9	93;60836;63805;-;196.1	8;8343;9665;-;104.2	5;4315;6924;-;103.3	10;10394;10966;-;110.1	0;876;1607;-;99.3	96;66069;67853;-;114.2	17;16732;18834;-;389.5	6;6927;7622;-;38.6	17;16732;18834;-;83.5	A	9/9	split_2	65193	1	1	60243..60770-;175;unnamed;0
NZ_CP138463.1	MPF_T	-	45	0	0	GA	1	6;6453;7166;-;100.6	5;6137;6430;-;39.1		4;3412;6123;-;81.4	4;3412;6123;-;58.4	3;2774;3415;-;69.5	16;14905;15981;-;78.9		15;14120;14905;-;76.0	14;13371;14108;-;146.9	13;12017;13369;-;180.7	12;10969;12000;-;93.3	8;7430;8950;-;37.3		pfam	both	A	7/7	rearranged	1	0	unscoreable	3	0	0														not_admitted	not_admitted	not_admitted	not_admitted	not_admitted	not_admitted	not_admitted
NZ_CP138468.1	MPF_T	IncX4	47	0	0	GA	1	30;23234;23854;+;41.6	31;23868;24194;+;64.4	32;24213;26960;+;63.8	32;24213;26960;+;151.8	32;24213;26960;+;46.1	33;26972;27688;+;94.2	34;27700;28794;+;150.1		36;29309;29995;+;169.0	37;29992;30900;+;142.4	38;30893;32011;+;163.9	39;32013;33041;+;85.0	40;33073;34890;+;314.8		pfam	pfam_only	A	7/7	canonical	1	1	unscoreable	1	0	0														not_admitted	not_admitted	not_admitted	not_admitted	not_admitted	not_admitted	not_admitted
NZ_CP138475.1	MPF_F	IncFIB(pNDM-Mar);IncHI1B(pNDM-MAR)	367	0	0	GA	0															not_admitted	not_admitted	not_admitted	not_admitted	not_admitted	not_admitted	not_admitted	not_admitted	not_admitted	not_admitted	1	159;134750;135787;+;282.3	350;319571;320980;-;190.4	351;320970;322007;-;176.7	147;121201;123918;+;148.7	349;315631;319569;-;118.9	143;117718;119088;+;65.6	147;121201;123918;+;85.2	140;115212;116072;+;79.0	158;133392;134753;+;69.9	160;135797;138982;+;58.9		146;120419;121156;+;57.0		A	9/9	split_2	205758	0	1	
NZ_CP138481.1	MPF_F	IncFIB(K);IncHI2;IncHI2A	334	0	0	GA	0															not_admitted	not_admitted	not_admitted	not_admitted	not_admitted	not_admitted	not_admitted	not_admitted	not_admitted	not_admitted	1	291;262007;263065;-;276.5	68;57009;58424;+;194.1	67;55973;57019;+;174.3	307;282637;285318;-;168.0	69;58433;62386;+;101.7	311;287648;289003;-;80.7	307;282637;285318;-;72.2	314;290727;291515;-;74.8	293;263207;264718;-;62.0	290;258800;261988;-;57.3	60;46847;48931;-;56.8	308;285327;286277;-;46.1	60;46847;48931;-;38.8	A	9/9	split_2	243880	1	1	62567..63856+;429;unnamed;0
NZ_CP138483.1	MPF_T	IncX3	58	0	0	GA	1	45;38024;38668;-;46.4	44;37750;38040;-;73.1	43;34972;37725;-;47.0	43;34972;37725;-;142.4	43;34972;37725;-;73.3	42;34192;34962;-;60.1	40;32858;33913;-;133.2		39;31935;32663;-;119.4	38;31000;31929;-;138.8	37;29789;31003;-;128.3	35;28559;29593;-;65.7	34;26721;28556;-;495.9		pfam	pfam_only	A	7/7	canonical	1	1	unscoreable	2	0	0														not_admitted	not_admitted	not_admitted	not_admitted	not_admitted	not_admitted	not_admitted
NZ_CP138497.1	MPF_T	-	850	0	0	GA	1		780;867090;867422;-;88.2	779;866800;867093;-;31.6	778;864314;866782;-;38.2	778;864314;866782;-;136.7	777;863553;864317;-;194.0	775;861812;863185;-;172.9		774;861071;861784;-;226.1	773;860019;861074;-;231.7	772;858712;860022;-;215.0	781;867481;868482;-;131.7	783;868930;870927;-;345.1		conjscan	conjscan_only	A	7/7	canonical	1	0	unscoreable	3	0	0														not_admitted	not_admitted	not_admitted	not_admitted	not_admitted	not_admitted	not_admitted
NZ_CP138504.1	MPF_T	rep38	34	0	0	GA	1				11;7316;9331;+;24.0									17;13356;14867;+;464.7		none	none	D	2/7	uncallable	0	0	unscoreable	5	0	0														not_admitted	not_admitted	not_admitted	not_admitted	not_admitted	not_admitted	not_admitted
NZ_CP138516.1	-	-	1262	0	0	GA	1		22;23960;24292;+;56.0	23;24305;24673;+;82.8	24;24688;27195;+;138.7	24;24688;27195;+;100.8	25;27188;27922;+;154.7	26;28157;29206;+;143.0		27;29361;30083;+;150.3	28;30080;30922;+;162.7	29;30919;32253;+;159.4	30;32222;33370;+;92.3	31;33336;35291;+;352.0		pfam	both	A	7/7	canonical	1	0	unscoreable	0	0	0														not_admitted	not_admitted	not_admitted	not_admitted	not_admitted	not_admitted	not_admitted
NZ_CP138523.1	MPF_T	IncN	74	0	0	GA	1	54;43582;44316;+;32.5		57;44959;45276;+;63.3	58;45276;47876;+;113.8	58;45276;47876;+;76.4	59;47894;48607;+;105.5	61;48858;49898;+;142.4		62;50117;50815;+;131.9	63;50826;51710;+;159.7	64;51710;52870;+;156.3	65;52912;53907;+;81.2	15;15978;17507;-;38.5		pfam	both	A	7/7	canonical	1	0	unscoreable	3	0	0														not_admitted	not_admitted	not_admitted	not_admitted	not_admitted	not_admitted	not_admitted
NZ_CP138529.1	MPF_F	IncFII(pHN7A8);IncR	191	0	0	GA	0															not_admitted	not_admitted	not_admitted	not_admitted	not_admitted	not_admitted	not_admitted	not_admitted	not_admitted	not_admitted	1	20;21419;22411;-;369.5	7;13213;14586;-;376.8	12;16152;16895;-;234.4	23;23420;26047;-;301.8	6;10400;13216;-;376.7	28;28102;29529;-;94.1	23;23420;26047;-;101.8	30;30244;30810;-;183.8	17;19835;20473;-;70.4	14;17172;19022;-;265.0	2;5874;8099;-;391.7	24;26563;27078;-;77.6	2;5874;8099;-;70.3	A	9/9	contiguous	24370	1	1	9846..10367-;173;unnamed;0
NZ_CP138530.1	MPF_F	IncC	210	0	0	GA	0															not_admitted	not_admitted	not_admitted	not_admitted	not_admitted	not_admitted	not_admitted	not_admitted	not_admitted	not_admitted	1	186;153537;154544;+;332.9	81;75463;76896;+;339.2	80;74421;75461;+;221.6	181;148338;150785;+;354.2	82;76909;80523;+;375.3	176;139511;140827;+;135.0	181;148338;150785;+;128.6	174;137987;138613;+;92.1	184;151607;152872;+;67.6	187;154660;157455;+;145.3	165;132312;134177;+;47.4	177;140824;141402;+;100.2	165;132312;134177;+;52.0	A	9/9	split_2	80239	0	1	
NZ_CP138535.1	MPF_F	IncFII(pHN7A8);IncR	171	0	0	GA	0															not_admitted	not_admitted	not_admitted	not_admitted	not_admitted	not_admitted	not_admitted	not_admitted	not_admitted	not_admitted	1				15;13186;15813;-;301.8		20;17868;19295;-;94.1	15;13186;15813;-;101.8	22;20010;20576;-;183.8			15;13186;15813;-;20.8	16;16329;16844;-;77.6		D	3/9	contiguous	6824	0	0	
NZ_CP138536.1	MPF_T	IncN	76	0	0	GA	1	54;42960;43694;+;32.5		57;44337;44654;+;63.3	58;44654;47254;+;113.8	58;44654;47254;+;76.4	59;47272;47985;+;105.5	61;48236;49276;+;142.4		62;49495;50193;+;131.9	63;50204;51088;+;159.7	64;51088;52248;+;156.3	65;52290;53285;+;81.2	15;15353;16882;-;38.5		pfam	both	A	7/7	canonical	1	0	unscoreable	3	0	0														not_admitted	not_admitted	not_admitted	not_admitted	not_admitted	not_admitted	not_admitted
NZ_CP138537.1	MPF_F	IncFIB(K);IncFII(K);IncFII(pAR0022)	270	0	0	GA	0															not_admitted	not_admitted	not_admitted	not_admitted	not_admitted	not_admitted	not_admitted	not_admitted	not_admitted	not_admitted	1	101;99816;100805;-;363.3	90;92630;93997;-;384.1	94;95255;96007;-;233.7	105;102262;104901;-;259.0	89;89808;92630;-;346.4	115;108829;110253;-;89.5	105;102262;104901;-;88.7	117;110980;111546;-;167.0	99;98893;99540;-;65.9	98;96879;98834;-;259.4	85;84879;87191;-;393.1	113;107633;108217;-;53.8	85;84879;87191;-;66.6	A	9/9	contiguous	26101	1	1	89183..89785-;200;TraS;0
NZ_CP138572.1	MPF_T	-	38	0	0	GA	1		4;4010;4318;-;67.6	3;3682;3999;-;84.6	2;1235;3685;-;142.6	2;1235;3685;-;84.6	1;570;1214;-;97.0	37;31327;31935;-;88.0		35;30220;30978;-;142.8	34;29396;30217;-;197.9	33;28206;29396;-;188.9	32;27191;28228;-;83.0	31;25300;27228;-;402.6		pfam	both	A	7/7	rearranged	1	0	unscoreable	1	0	0														not_admitted	not_admitted	not_admitted	not_admitted	not_admitted	not_admitted	not_admitted
NZ_CP138683.1	MPF_F	IncFIB(pNDM-Mar)	123	0	0	GA	0															not_admitted	not_admitted	not_admitted	not_admitted	not_admitted	not_admitted	not_admitted	not_admitted	not_admitted	not_admitted	1	36;34231;35268;-;282.3			48;46100;48817;-;149.6		52;50930;52300;-;65.6	48;46100;48817;-;83.4	55;53946;54806;-;78.1	37;35265;36626;-;69.9	35;31036;34221;-;59.9		49;48862;49599;-;56.9		C	6/9	contiguous	22910	0	1	
NZ_CP138684.1	MPF_F	IncFII(K);IncQ1;repB(R1701)	142	0	0	GA	0															not_admitted	not_admitted	not_admitted	not_admitted	not_admitted	not_admitted	not_admitted	not_admitted	not_admitted	not_admitted	1	84;72794;73783;-;366.6	74;65880;67247;-;384.0	78;68505;69257;-;233.3	88;75226;77865;-;258.5	73;63031;65880;-;346.4	95;81058;82482;-;89.2	88;75226;77865;-;88.2	97;83209;83775;-;169.3	83;72143;72781;-;66.9	82;70129;72084;-;259.7	69;58257;60569;-;393.1	94;80360;80944;-;53.6	69;58257;60569;-;66.6	A	9/9	contiguous	24952	1	1	62495..63028-;177;unnamed;0
NZ_CP138689.1	MPF_I	IncFII(pSDP9R);repB(R1701)	174	0	0	GA	0															not_admitted	not_admitted	not_admitted	not_admitted	not_admitted	not_admitted	not_admitted	not_admitted	not_admitted	not_admitted	1				133;112985;113344;+;63.5							36;36704;38896;-;28.0		36;36704;38896;-;29.0	D	1/9	split_2	76281	0	0	
NZ_CP138692.1	MPF_F	IncFIB(pNDM-Mar);IncHI1B(pNDM-MAR)	336	0	0	GA	0															not_admitted	not_admitted	not_admitted	not_admitted	not_admitted	not_admitted	not_admitted	not_admitted	not_admitted	not_admitted	1	249;252745;253782;-;282.3	31;30584;31993;+;189.3	30;29557;30594;+;177.4	261;264614;267331;-;149.6	32;31995;35963;+;121.3	265;269444;270814;-;65.6	261;264614;267331;-;83.4	268;272460;273320;-;78.1	250;253779;255140;-;69.9	248;249550;252735;-;59.9	23;20232;22358;-;57.7	262;267376;268113;-;56.9	23;20232;22358;-;41.0	A	9/9	split_2	252228	0	1	
NZ_CP138694.1	MPF_F	Col440I;IncFII(K);IncQ1;repB(R1701)	143	0	0	GA	0															not_admitted	not_admitted	not_admitted	not_admitted	not_admitted	not_admitted	not_admitted	not_admitted	not_admitted	not_admitted	1	85;73943;74932;-;366.6	75;67029;68396;-;384.0	79;69654;70406;-;233.3	89;76375;79014;-;258.5	74;64180;67029;-;346.4	96;82207;83631;-;89.2	89;76375;79014;-;88.2	98;84358;84924;-;169.3	84;73292;73930;-;66.9	83;71278;73233;-;259.7	70;59406;61718;-;393.1	95;81509;82093;-;53.6	70;59406;61718;-;66.6	A	9/9	contiguous	24952	1	1	63644..64177-;177;unnamed;0
NZ_CP138698.1	MPF_F	IncFIB(pNDM-Mar);IncHI1B(pNDM-MAR)	302	0	0	GA	0															not_admitted	not_admitted	not_admitted	not_admitted	not_admitted	not_admitted	not_admitted	not_admitted	not_admitted	not_admitted	1	239;213551;214588;+;282.3	78;58114;59523;+;190.4	77;57087;58124;+;175.6	243;219879;220577;-;68.3	79;59525;63439;+;120.2	160;136804;138060;-;206.8	227;200701;202719;+;87.2	250;225706;226566;-;79.0	238;212193;213554;+;69.9	240;214598;217780;+;60.1	70;47762;49888;-;57.7	244;220622;221359;-;56.9	70;47762;49888;-;41.0	A	9/9	split_3	177944	0	1	
NZ_CP138699.1	MPF_F	IncFIB(K);IncFII(K)	193	0	0	GA	0															not_admitted	not_admitted	not_admitted	not_admitted	not_admitted	not_admitted	not_admitted	not_admitted	not_admitted	not_admitted	1	126;120764;121753;-;363.3	115;113578;114945;-;383.5	119;116203;116955;-;233.7	130;123210;125849;-;259.0	114;110756;113578;-;346.5	141;129817;131241;-;88.0	130;123210;125849;-;88.7	143;131968;132534;-;167.9	124;119841;120488;-;66.9	123;117827;119782;-;259.7	110;105826;108138;-;392.8	138;128621;129205;-;53.8	110;105826;108138;-;65.9	A	9/9	contiguous	26142	1	1	110131..110733-;200;TraS;0
NZ_CP138702.1	MPF_F	IncC	180	0	0	GA	0															not_admitted	not_admitted	not_admitted	not_admitted	not_admitted	not_admitted	not_admitted	not_admitted	not_admitted	not_admitted	1	93;69971;70978;+;332.9	169;141633;143066;+;339.2	168;140603;141631;+;221.7	88;64772;67219;+;354.5	170;143079;146693;+;375.3	83;55900;57216;+;135.0	88;64772;67219;+;128.3	81;54376;55002;+;92.7	91;68041;69306;+;67.9	94;71094;73892;+;145.3	72;48701;50566;+;47.3	84;57213;57791;+;100.2	72;48701;50566;+;52.0	A	9/9	split_2	94378	0	1	
NZ_CP138703.1	MPF_F	IncFIB(K);IncFII(K)	159	0	0	GA	0															not_admitted	not_admitted	not_admitted	not_admitted	not_admitted	not_admitted	not_admitted	not_admitted	not_admitted	not_admitted	1	108;111218;112210;-;366.6	98;104334;105701;-;381.2	102;106958;107710;-;232.2	111;113236;115875;-;259.3	97;101485;104334;-;346.5	119;119461;120885;-;89.3	111;113236;115875;-;88.8	121;121612;122178;-;167.0	107;110567;111205;-;67.0	106;108553;110508;-;259.2	93;97360;99669;-;392.7	117;118274;118831;-;52.5	93;97360;99669;-;66.6	A	9/9	contiguous	24252	1	1	100952..101482-;176;unnamed;0
NZ_CP138708.1	MPF_F	IncFII(K);repB(R1701)	154	0	0	GA	0															not_admitted	not_admitted	not_admitted	not_admitted	not_admitted	not_admitted	not_admitted	not_admitted	not_admitted	not_admitted	1	95;81298;82287;-;366.6	85;74384;75751;-;384.0	89;77009;77761;-;233.3	99;83730;86369;-;258.5	84;71535;74384;-;346.4	106;89562;90986;-;89.2	99;83730;86369;-;88.2	108;91713;92279;-;169.3	94;80647;81285;-;66.9	93;78633;80588;-;259.7	80;66761;69073;-;393.1	105;88864;89448;-;53.6	80;66761;69073;-;66.6	A	9/9	contiguous	24952	1	1	70999..71532-;177;unnamed;0
NZ_CP138719.1	MPF_F	IncFIB(pNDM-Mar);IncHI1B(pNDM-MAR)	310	0	0	GA	0															not_admitted	not_admitted	not_admitted	not_admitted	not_admitted	not_admitted	not_admitted	not_admitted	not_admitted	not_admitted	1	246;219070;220107;-;282.3	71;68481;69890;-;190.4	72;69880;70917;-;175.6	258;230939;233656;-;149.6	70;64565;68479;-;120.2	262;235769;237139;-;65.6	258;230939;233656;-;85.2	265;238785;239645;-;79.0	247;220104;221465;-;69.9	245;215878;219060;-;60.1	79;78116;80242;+;57.7	259;233701;234438;-;56.9	79;78116;80242;+;41.0	A	9/9	split_2	174220	0	1	
NZ_CP138727.1	MPF_F	IncFIB(pNDM-Mar);IncHI1B(pNDM-MAR)	306	0	0	GA	0															not_admitted	not_admitted	not_admitted	not_admitted	not_admitted	not_admitted	not_admitted	not_admitted	not_admitted	not_admitted	1	236;209698;210735;-;282.3	79;59561;60970;+;190.4	78;58534;59571;+;175.6	249;221566;224283;-;149.6	80;60972;64880;+;121.3	166;141698;142954;-;206.8	249;221566;224283;-;85.2	256;229412;230272;-;79.0	237;210732;212093;-;69.9	235;206506;209688;-;60.1	71;49209;51335;-;57.7	250;224328;225065;-;56.9	71;49209;51335;-;41.0	A	9/9	split_3	180203	0	1	
NZ_CP138729.1	MPF_F	IncFII(pHN7A8)	137	0	0	GA	0															not_admitted	not_admitted	not_admitted	not_admitted	not_admitted	not_admitted	not_admitted	not_admitted	not_admitted	not_admitted	1	110;96341;97333;+;369.5	123;104166;105539;+;376.8	118;101857;102600;+;234.4	107;92705;95332;+;301.8	124;105536;108352;+;376.7	102;89223;90650;+;94.1	107;92705;95332;+;101.8	100;87942;88508;+;183.8	113;98279;98917;+;70.4	116;99730;101580;+;265.0	128;110653;112896;+;391.7	106;91674;92189;+;78.0	128;110653;112896;+;70.3	A	9/9	contiguous	22711	1	1	108385..108906+;173;unnamed;0
NZ_CP138738.1	MPF_F	IncFIB(pNDM-Mar);IncHI1B(pNDM-MAR)	306	0	0	GA	0															not_admitted	not_admitted	not_admitted	not_admitted	not_admitted	not_admitted	not_admitted	not_admitted	not_admitted	not_admitted	1	236;209697;210734;-;282.3	79;59561;60970;+;190.4	78;58534;59571;+;175.6	249;221565;224282;-;149.6	80;60972;64880;+;121.3	166;141697;142953;-;206.8	249;221565;224282;-;85.2	256;229411;230271;-;79.0	237;210731;212092;-;69.9	235;206505;209687;-;60.1	71;49209;51335;-;57.7	250;224327;225064;-;56.9	71;49209;51335;-;41.0	A	9/9	split_3	180202	0	1	
NZ_CP138740.1	MPF_F	IncFII(pHN7A8)	137	0	0	GA	0															not_admitted	not_admitted	not_admitted	not_admitted	not_admitted	not_admitted	not_admitted	not_admitted	not_admitted	not_admitted	1	110;96341;97333;+;369.5	123;104166;105539;+;376.8	118;101857;102600;+;234.4	107;92705;95332;+;301.8	124;105536;108352;+;376.7	102;89223;90650;+;94.1	107;92705;95332;+;101.8	100;87942;88508;+;183.8	113;98279;98917;+;70.4	116;99730;101580;+;265.0	128;110653;112896;+;391.7	106;91674;92189;+;78.0	128;110653;112896;+;70.3	A	9/9	contiguous	22711	1	1	108385..108906+;173;unnamed;0
NZ_CP138747.1	MPF_F	IncFIB(pNDM-Mar);IncHI1B(pNDM-MAR)	295	0	0	GA	0															not_admitted	not_admitted	not_admitted	not_admitted	not_admitted	not_admitted	not_admitted	not_admitted	not_admitted	not_admitted	1	225;200549;201586;-;282.3	77;58112;59521;+;190.4	76;57085;58122;+;176.7	237;212418;215135;-;149.6	78;59523;63491;+;120.1	158;135655;136911;-;206.8	237;212418;215135;-;85.2	244;220264;221124;-;79.0	226;201583;202944;-;70.0	224;197354;200539;-;59.6	67;46560;48686;-;57.7	238;215180;215917;-;56.9	67;46560;48686;-;41.0	A	9/9	split_3	173704	0	1	
NZ_CP138758.1	MPF_F	IncFIB(pNDM-Mar);IncHI1B(pNDM-MAR)	296	0	0	GA	0															not_admitted	not_admitted	not_admitted	not_admitted	not_admitted	not_admitted	not_admitted	not_admitted	not_admitted	not_admitted	1	227;202278;203315;-;282.3	78;58114;59523;+;190.4	77;57087;58124;+;175.6	239;214147;216864;-;149.6	79;59525;63439;+;120.2	157;134409;135665;-;206.8	239;214147;216864;-;85.2	246;221993;222853;-;79.0	228;203312;204673;-;69.9	226;199086;202268;-;60.1	70;47762;49888;-;57.7	240;216909;217646;-;56.9	70;47762;49888;-;41.0	A	9/9	split_3	174231	0	1	
NZ_CP138764.1	MPF_F	IncFIB(pNDM-Mar);IncHI1B(pNDM-MAR)	335	0	0	GA	0															not_admitted	not_admitted	not_admitted	not_admitted	not_admitted	not_admitted	not_admitted	not_admitted	not_admitted	not_admitted	1	261;239916;240953;-;282.3	75;58154;59563;+;190.4	74;57127;58164;+;176.7	274;251784;254501;-;149.4	76;59565;63533;+;120.1	185;168250;169506;-;206.8	274;251784;254501;-;85.2	281;259630;260490;-;79.0	262;240950;242311;-;69.9	260;236721;239906;-;59.9	67;47819;49945;-;57.7	275;254546;255283;-;56.9	67;47819;49945;-;41.0	A	9/9	split_3	211811	0	1	
NZ_CP138765.1	MPF_F	IncHI2;IncHI2A	297	0	0	GA	0															not_admitted	not_admitted	not_admitted	not_admitted	not_admitted	not_admitted	not_admitted	not_admitted	not_admitted	not_admitted	1	27;31707;32765;+;276.9	205;187392;188807;-;194.1	206;188797;189843;-;174.1	11;8955;11636;+;168.0	204;183430;187383;-;101.6	7;5270;6625;+;80.7	11;8955;11636;+;72.2	4;2758;3546;+;74.8	25;30054;31565;+;62.0	28;32784;35972;+;57.3	213;196885;198969;+;56.8	10;7996;8946;+;46.1	213;196885;198969;+;38.8	A	9/9	split_3	194127	1	1	181960..183249-;429;unnamed;0
NZ_CP138769.1	MPF_F	IncHI2;IncHI2A	253	0	0	GA	0															not_admitted	not_admitted	not_admitted	not_admitted	not_admitted	not_admitted	not_admitted	not_admitted	not_admitted	not_admitted	1	27;31208;32266;+;276.9	158;143582;144997;-;194.1	159;144987;146033;-;174.3	11;8955;11636;+;168.0	157;139620;143573;-;101.7	7;5270;6625;+;80.7	11;8955;11636;+;72.2	4;2758;3546;+;74.8	25;29555;31066;+;62.0	28;32285;35473;+;57.3	166;153075;155159;+;56.8	10;7996;8946;+;46.1	166;153075;155159;+;38.8	A	9/9	split_3	150317	1	1	138150..139439-;429;unnamed;0
NZ_CP138780.1	MPF_F	IncFIB(pNDM-Mar);IncHI1B(pNDM-MAR)	335	0	0	GA	0															not_admitted	not_admitted	not_admitted	not_admitted	not_admitted	not_admitted	not_admitted	not_admitted	not_admitted	not_admitted	1	261;239916;240953;-;282.3	75;58154;59563;+;190.4	74;57127;58164;+;176.7	274;251784;254501;-;149.4	76;59565;63533;+;120.1	185;168250;169506;-;206.8	274;251784;254501;-;85.2	281;259630;260490;-;79.0	262;240950;242311;-;69.9	260;236721;239906;-;59.9	67;47819;49945;-;57.7	275;254546;255283;-;56.9	67;47819;49945;-;41.0	A	9/9	split_3	211811	0	1	
NZ_CP138781.1	MPF_F	IncHI2;IncHI2A	299	0	0	GA	0															not_admitted	not_admitted	not_admitted	not_admitted	not_admitted	not_admitted	not_admitted	not_admitted	not_admitted	not_admitted	1	27;31707;32765;+;276.9	207;188592;190007;-;194.1	208;189997;191043;-;174.1	11;8955;11636;+;168.0	206;184630;188583;-;101.6	7;5270;6625;+;80.7	11;8955;11636;+;72.2	4;2758;3546;+;74.8	25;30054;31565;+;62.0	28;32784;35972;+;57.3	215;198085;200169;+;56.8	10;7996;8946;+;46.1	215;198085;200169;+;38.8	A	9/9	split_3	195327	1	1	183160..184449-;429;unnamed;0
NZ_CP138784.1	MPF_F	IncFIB(pNDM-Mar)	299	0	0	GA	0															not_admitted	not_admitted	not_admitted	not_admitted	not_admitted	not_admitted	not_admitted	not_admitted	not_admitted	not_admitted	1	231;208685;209722;-;282.3	84;64667;66076;+;190.4	83;63640;64677;+;176.7	243;220553;223270;-;149.6	85;66078;70046;+;120.1	247;225383;226753;-;65.6	243;220553;223270;-;85.2	250;228399;229259;-;79.0	232;209719;211080;-;70.0	230;205490;208675;-;59.6	76;54333;56459;-;58.0	244;223315;224052;-;56.9	76;54333;56459;-;39.7	A	9/9	split_2	174066	0	1	
NZ_CP138786.1	MPF_F	IncFII(K);IncQ1;repB(R1701)	169	0	0	GA	0															not_admitted	not_admitted	not_admitted	not_admitted	not_admitted	not_admitted	not_admitted	not_admitted	not_admitted	not_admitted	1	111;95955;96944;-;366.6	99;88264;89631;-;384.0	103;90889;91641;-;233.3	115;98387;101026;-;258.5	98;85415;88264;-;346.4	122;104219;105643;-;89.2	115;98387;101026;-;88.2	124;106370;106936;-;169.3	110;95304;95942;-;66.9	109;93290;95245;-;259.7	94;80641;82953;-;393.1	121;103521;104105;-;53.6	94;80641;82953;-;66.6	A	9/9	contiguous	25729	1	1	84879..85412-;177;unnamed;0
NZ_CP138795.1	MPF_F	IncFIB(pNDM-Mar)	299	0	0	GA	0															not_admitted	not_admitted	not_admitted	not_admitted	not_admitted	not_admitted	not_admitted	not_admitted	not_admitted	not_admitted	1	231;208685;209722;-;282.3	84;64667;66076;+;190.4	83;63640;64677;+;176.7	243;220553;223270;-;149.6	85;66078;70046;+;120.1	247;225383;226753;-;65.6	243;220553;223270;-;85.2	250;228399;229259;-;79.0	232;209719;211080;-;70.0	230;205490;208675;-;59.6	76;54333;56459;-;58.0	244;223315;224052;-;56.9	76;54333;56459;-;39.7	A	9/9	split_2	174066	0	1	
NZ_CP138797.1	MPF_F	IncFII(K);IncQ1;repB(R1701)	169	0	0	GA	0															not_admitted	not_admitted	not_admitted	not_admitted	not_admitted	not_admitted	not_admitted	not_admitted	not_admitted	not_admitted	1	111;95955;96944;-;366.6	99;88264;89631;-;384.0	103;90889;91641;-;233.3	115;98387;101026;-;258.5	98;85415;88264;-;346.4	122;104219;105643;-;89.2	115;98387;101026;-;88.2	124;106370;106936;-;169.3	110;95304;95942;-;66.9	109;93290;95245;-;259.7	94;80641;82953;-;393.1	121;103521;104105;-;53.6	94;80641;82953;-;66.6	A	9/9	contiguous	25729	1	1	84879..85412-;177;unnamed;0
NZ_CP138803.1	MPF_F	IncFIB(pNDM-Mar);IncHI1B(pNDM-MAR)	335	0	0	GA	0															not_admitted	not_admitted	not_admitted	not_admitted	not_admitted	not_admitted	not_admitted	not_admitted	not_admitted	not_admitted	1	261;239916;240953;-;282.3	75;58154;59563;+;190.4	74;57127;58164;+;176.7	274;251784;254501;-;149.4	76;59565;63533;+;120.1	185;168250;169506;-;206.8	274;251784;254501;-;85.2	281;259630;260490;-;79.0	262;240950;242311;-;69.9	260;236721;239906;-;59.9	67;47819;49945;-;57.7	275;254546;255283;-;56.9	67;47819;49945;-;41.0	A	9/9	split_3	211811	0	1	
NZ_CP138804.1	MPF_F	IncHI2;IncHI2A	297	0	0	GA	0															not_admitted	not_admitted	not_admitted	not_admitted	not_admitted	not_admitted	not_admitted	not_admitted	not_admitted	not_admitted	1	27;31707;32765;+;276.9	140;131629;133044;+;194.1	139;130593;131639;+;174.1	11;8955;11636;+;168.0	141;133053;137006;+;101.6	7;5270;6625;+;80.7	11;8955;11636;+;72.2	4;2758;3546;+;74.8	25;30054;31565;+;62.0	28;32784;35972;+;57.3	132;121467;123551;-;56.8	10;7996;8946;+;46.1	132;121467;123551;-;38.8	A	9/9	split_3	130295	1	1	137187..138476+;429;unnamed;0
NZ_CP138807.1	MPF_F	IncFIB(pNDM-Mar);IncHI1B(pNDM-MAR)	335	0	0	GA	0															not_admitted	not_admitted	not_admitted	not_admitted	not_admitted	not_admitted	not_admitted	not_admitted	not_admitted	not_admitted	1	248;254678;255715;-;282.3	32;32493;33902;+;189.3	31;31466;32503;+;177.4	260;266547;269264;-;149.6	33;33904;37872;+;121.3	264;271377;272747;-;65.6	260;266547;269264;-;83.4	267;274393;275253;-;78.1	249;255712;257073;-;69.9	247;251483;254668;-;59.9	24;22141;24267;-;57.7	261;269309;270046;-;56.9	24;22141;24267;-;41.0	A	9/9	split_2	252252	0	1	
NZ_CP138809.1	MPF_F	IncFII(K);IncQ1;repB(R1701)	142	0	0	GA	0															not_admitted	not_admitted	not_admitted	not_admitted	not_admitted	not_admitted	not_admitted	not_admitted	not_admitted	not_admitted	1	84;72786;73775;-;366.6	74;65872;67239;-;384.0	78;68497;69249;-;233.3	88;75218;77857;-;258.5	73;63023;65872;-;346.4	95;81050;82474;-;89.2	88;75218;77857;-;88.2	97;83201;83767;-;169.3	83;72135;72773;-;66.9	82;70121;72076;-;259.7	69;58249;60561;-;393.1	94;80352;80936;-;53.6	69;58249;60561;-;66.6	A	9/9	contiguous	24952	1	1	62487..63020-;177;unnamed;0
NZ_CP138836.1	MPF_T	IncX3	68	0	0	GA	1	12;7794;8438;+;46.4	13;8422;8712;+;73.1	14;8737;11490;+;47.0	14;8737;11490;+;142.4	14;8737;11490;+;73.3	15;11500;12270;+;60.1	17;12549;13604;+;133.2		18;13799;14527;+;119.4	19;14533;15462;+;138.8	20;15459;16673;+;128.3	22;16869;17903;+;65.7	23;17906;19741;+;495.9		pfam	pfam_only	A	7/7	canonical	1	1	unscoreable	2	0	0														not_admitted	not_admitted	not_admitted	not_admitted	not_admitted	not_admitted	not_admitted
NZ_CP138852.1	-	-	135	0	0	GA	0															not_admitted	not_admitted	not_admitted	not_admitted	not_admitted	not_admitted	not_admitted	not_admitted	not_admitted	not_admitted	1	5;5236;6261;-;397.8	0;114;1556;-;360.0	1;1556;2371;-;229.8	11;8569;11124;-;429.5	134;131044;133755;-;312.9	15;12655;13968;-;96.3	11;8569;11124;-;99.6	17;14768;15331;-;167.1	4;4483;5220;-;104.0	3;2753;4486;-;274.7	90;78085;80481;+;486.8		90;78085;80481;+;65.3	B	8/9	split_3	130930	1	1	129857..130681-;274;unnamed;0
NZ_CP139029.1	MPF_F	IncHI2;IncHI2A	322	0	0	GA	0															not_admitted	not_admitted	not_admitted	not_admitted	not_admitted	not_admitted	not_admitted	not_admitted	not_admitted	not_admitted	1	125;115997;117055;-;276.9	307;282790;284205;+;194.1	306;281754;282800;+;174.3	143;137694;140375;-;168.0	308;284214;288167;+;101.6	147;142705;144060;-;80.7	143;137694;140375;-;72.2	150;145784;146572;-;74.8	127;117197;118708;-;62.0	124;112790;115978;-;57.3	300;272627;274711;-;56.7	144;140384;141334;-;46.4	300;272627;274711;-;38.8	A	9/9	split_3	171424	1	1	288348..289637+;429;unnamed;0
NZ_CP139030.1	MPF_F	IncFIB(K)	225	0	0	GA	0															not_admitted	not_admitted	not_admitted	not_admitted	not_admitted	not_admitted	not_admitted	not_admitted	not_admitted	not_admitted	1	182;186081;187070;-;363.3	171;178895;180262;-;384.1	175;181520;182272;-;233.7	186;188527;191166;-;259.0	170;176073;178895;-;346.4	196;195094;196518;-;89.5	186;188527;191166;-;88.7	198;197245;197811;-;167.0	180;185158;185805;-;65.9	179;183144;185099;-;259.4	166;171144;173456;-;393.1	194;193898;194482;-;53.8	166;171144;173456;-;66.6	A	9/9	contiguous	26101	1	1	175448..176050-;200;TraS;0
NZ_CP139031.1	MPF_T	ColKP3;IncX3	65	0	0	GA	1	25;21028;21672;-;46.4	24;20754;21044;-;73.1	23;17976;20729;-;47.0	23;17976;20729;-;142.4	23;17976;20729;-;73.3	22;17196;17966;-;60.1	20;15862;16917;-;132.8		19;14939;15667;-;119.4	18;14004;14933;-;138.8	17;12793;14007;-;128.3	15;11563;12597;-;65.7	14;9725;11560;-;495.9		pfam	pfam_only	A	7/7	canonical	1	1	unscoreable	2	0	0														not_admitted	not_admitted	not_admitted	not_admitted	not_admitted	not_admitted	not_admitted
NZ_CP139091.1	MPF_F	repFIB;repHI5B	255	0	0	GA	0															not_admitted	not_admitted	not_admitted	not_admitted	not_admitted	not_admitted	not_admitted	not_admitted	not_admitted	not_admitted	1	176;169600;170637;-;282.2			187;181506;184223;-;143.5		191;186346;187713;-;63.7	187;181506;184223;-;80.6	194;189368;190228;-;73.9	177;170634;171995;-;71.7	175;166409;169585;-;58.7		188;184272;185009;-;56.3		C	6/9	contiguous	22959	0	1	
NZ_CP139138.1	-	-	70	0	0	GA	1				18;14878;17943;+;26.8			23;20787;22049;+;38.9						29;25487;27478;+;55.1		none	none	D	3/7	canonical	0	0	unscoreable	9	0	0														not_admitted	not_admitted	not_admitted	not_admitted	not_admitted	not_admitted	not_admitted
NZ_CP139144.1	-	-	67	0	0	GA	1	61;43315;44271;+;28.8	50;33961;34425;+;60.2	51;34422;34721;+;40.2	52;34708;37374;+;82.6	52;34708;37374;+;74.8	53;37371;38054;+;83.5	56;38671;39528;+;129.1		57;39528;40193;+;86.1	58;40219;41007;+;177.8	59;41010;42272;+;149.1	60;42282;43325;+;107.7	0;434;1987;-;65.1		pfam	both	A	7/7	canonical	1	0	unscoreable	2	0	0														not_admitted	not_admitted	not_admitted	not_admitted	not_admitted	not_admitted	not_admitted
NZ_CP139165.1	-	-	126	0	0	GA	1	74;70211;70849;+;45.9		76;71196;71633;+;33.0	77;71626;74067;+;102.7	77;71626;74067;+;47.5	79;74343;74987;+;122.7	80;75005;75931;+;127.1		83;76491;77369;+;149.0	84;77366;78205;+;166.5	85;78195;79397;+;166.2	86;79408;80547;+;91.8	88;81224;83530;+;329.6		pfam	both	A	7/7	canonical	1	0	unscoreable	5	0	0														not_admitted	not_admitted	not_admitted	not_admitted	not_admitted	not_admitted	not_admitted
NZ_CP139167.1	-	-	169	0	0	GA	1	5;5147;5569;+;69.1	62;56229;56585;+;34.6	63;56598;56906;+;33.6	64;56900;59365;+;46.8	64;56900;59365;+;73.9		66;60136;61134;+;48.0		0;220;924;+;81.1	1;921;1796;+;159.7	2;1808;3094;+;156.6	10;9692;11614;+;228.4	68;62462;64315;+;42.7		none	none	A	7/7	canonical	0	0	unscoreable	10	0	0														not_admitted	not_admitted	not_admitted	not_admitted	not_admitted	not_admitted	not_admitted
NZ_CP139168.1	-	-	185	0	0	GA	1	27;28654;29292;-;46.0		25;27870;28307;-;33.2	24;25436;27877;-;104.7	24;25436;27877;-;49.7	22;24516;25160;-;123.7	21;23572;24498;-;136.5		18;22136;23014;-;149.2	17;21300;22139;-;164.8	16;20108;21310;-;166.2	15;18941;20080;-;91.8	13;15958;18264;-;329.6		pfam	both	A	7/7	canonical	1	0	unscoreable	5	0	0														not_admitted	not_admitted	not_admitted	not_admitted	not_admitted	not_admitted	not_admitted
NZ_CP139178.1	MPF_F	IncFII(pHN7A8);IncR;IncX1	192	0	0	GA	0															not_admitted	not_admitted	not_admitted	not_admitted	not_admitted	not_admitted	not_admitted	not_admitted	not_admitted	not_admitted	1	165;134737;135729;+;369.5	178;142562;143935;+;376.8	173;140253;140996;+;234.4	162;131101;133728;+;301.8	179;143932;146748;+;376.7	157;127619;129046;+;94.1	162;131101;133728;+;101.8	155;126338;126904;+;183.8	168;136675;137313;+;70.4	171;138126;139976;+;265.0	183;149049;151274;+;391.7	161;130070;130585;+;78.0	183;149049;151274;+;70.3	A	9/9	contiguous	22711	1	1	146781..147302+;173;unnamed;0
NZ_CP139179.1	MPF_T	IncN	65	0	0	GA	1	19;17276;18010;+;32.5	21;18310;18603;+;28.7	22;18653;18970;+;63.3	23;18970;21570;+;111.8	23;18970;21570;+;76.8	24;21588;22301;+;97.1	26;22552;23592;+;153.6		27;23811;24509;+;131.9	28;24520;25404;+;159.0	29;25404;26564;+;154.9	30;26606;27601;+;81.2	47;44216;45745;-;38.5		pfam	both	A	7/7	canonical	1	0	unscoreable	2	0	0														not_admitted	not_admitted	not_admitted	not_admitted	not_admitted	not_admitted	not_admitted
NZ_CP139183.1	MPF_F	IncFII(pHN7A8)	98	0	0	GA	0															not_admitted	not_admitted	not_admitted	not_admitted	not_admitted	not_admitted	not_admitted	not_admitted	not_admitted	not_admitted	1	71;60127;61119;+;369.5	84;67952;69325;+;376.8	79;65643;66386;+;234.4	68;56491;59118;+;301.8	85;69322;72138;+;376.7	63;53009;54436;+;94.1	68;56491;59118;+;101.8	61;51728;52294;+;183.8	74;62065;62703;+;70.4	77;63516;65366;+;265.0	89;74439;76682;+;391.7	67;55460;55975;+;78.0	89;74439;76682;+;70.3	A	9/9	contiguous	22711	1	1	72171..72692+;173;unnamed;0
NZ_CP139184.1	MPF_T	IncN	65	0	0	GA	1	19;17276;18010;+;32.5	21;18310;18603;+;28.7	22;18653;18970;+;63.3	23;18970;21570;+;111.8	23;18970;21570;+;76.8	24;21588;22301;+;97.1	26;22552;23592;+;153.6		27;23811;24509;+;131.9	28;24520;25404;+;159.0	29;25404;26564;+;154.9	30;26606;27601;+;81.2	47;44216;45745;-;38.5		pfam	both	A	7/7	canonical	1	0	unscoreable	2	0	0														not_admitted	not_admitted	not_admitted	not_admitted	not_admitted	not_admitted	not_admitted
NZ_CP139338.1	MPF_F	IncFIA(HI1);IncHI1A;IncHI1B(R27)	215	0	0	GA	0															not_admitted	not_admitted	not_admitted	not_admitted	not_admitted	not_admitted	not_admitted	not_admitted	not_admitted	not_admitted	1	29;31517;32569;+;277.6	132;125327;126742;-;201.7	133;126732;127778;-;171.3	11;9390;12071;+;160.6	131;121329;125318;-;103.1	7;5684;7042;+;84.0	11;9390;12071;+;76.5	4;3232;4017;+;68.7	27;29864;31372;+;65.6	30;32592;35768;+;58.9	139;134713;136797;+;50.2	10;8431;9381;+;45.2	139;134713;136797;+;36.5	A	9/9	split_3	131481	0	1	
NZ_CP139340.1	MPF_F	IncFIA(HI1);IncHI1A;IncHI1B(R27)	216	0	0	GA	0															not_admitted	not_admitted	not_admitted	not_admitted	not_admitted	not_admitted	not_admitted	not_admitted	not_admitted	not_admitted	1	30;32583;33635;+;277.6	133;126393;127808;-;201.7	134;127798;128844;-;171.3	11;9390;12071;+;156.5	132;122395;126384;-;103.1	7;5684;7042;+;84.0	11;9390;12071;+;76.5	4;3232;4017;+;68.7	28;30930;32438;+;65.6	31;33658;36834;+;58.9	140;135779;137863;+;50.2	10;8431;9381;+;45.2	140;135779;137863;+;36.5	A	9/9	split_3	132547	0	1	
NZ_CP139362.1	MPF_T	ColKP3;IncX3	57	0	0	GA	1	55;45240;45884;-;46.4	54;44966;45256;-;73.1		52;42187;44817;-;142.5	52;42187;44817;-;73.4	51;41407;42177;-;60.1	49;40073;41128;-;132.8		48;39150;39878;-;119.4	47;38215;39144;-;138.8	46;37004;38218;-;128.3	44;35774;36808;-;65.7	43;33936;35771;-;495.9		pfam	pfam_only	A	7/7	canonical	1	0	unscoreable	3	0	0														not_admitted	not_admitted	not_admitted	not_admitted	not_admitted	not_admitted	not_admitted
NZ_CP139371.1	MPF_F	IncFII(pHN7A8);IncR	198	0	0	GA	0															not_admitted	not_admitted	not_admitted	not_admitted	not_admitted	not_admitted	not_admitted	not_admitted	not_admitted	not_admitted	1	60;48486;49478;+;369.5	73;56311;57684;+;376.8	68;54002;54745;+;234.4	57;44850;47477;+;301.8	74;57681;60497;+;376.7	52;41368;42795;+;94.1	57;44850;47477;+;101.8	50;40087;40653;+;183.8	63;50424;51062;+;70.4	66;51875;53725;+;265.0	78;62798;65023;+;391.7	56;43819;44334;+;77.6	78;62798;65023;+;70.3	A	9/9	contiguous	22711	1	1	60530..61051+;173;unnamed;0
NZ_CP139373.1	MPF_F	IncHI1B(pNDM-MAR);repB	223	0	0	GA	0															not_admitted	not_admitted	not_admitted	not_admitted	not_admitted	not_admitted	not_admitted	not_admitted	not_admitted	not_admitted	1		154;137019;138428;+;190.4	153;135992;137029;+;176.7	68;70876;73734;-;302.5	155;138430;140385;+;123.4								80;80703;82175;-;47.4	D	4/9	split_2	67554	1	0	140446..140724+;92;unnamed;0
NZ_CP139374.1	MPF_F	IncFII(pBK30683);repB(R1701)	124	0	0	GA	0															not_admitted	not_admitted	not_admitted	not_admitted	not_admitted	not_admitted	not_admitted	not_admitted	not_admitted	not_admitted	1	70;64357;65346;-;366.0	60;57443;58810;-;384.0	64;60068;60820;-;233.7	74;66803;69442;-;258.5	59;54594;57443;-;346.4	80;72272;73696;-;89.2	74;66803;69442;-;88.7	82;74423;74989;-;169.3	69;63706;64344;-;67.0	68;61692;63647;-;259.7	55;49818;52130;-;390.0	79;71615;72199;-;54.5	55;49818;52130;-;64.0	A	9/9	contiguous	24605	1	1	54058..54591-;177;unnamed;0
NZ_CP139378.1	MPF_T	IncX3	58	0	0	GA	1	30;20288;20932;+;46.4	31;20916;21206;+;73.1	32;21231;23984;+;47.0	32;21231;23984;+;142.4	32;21231;23984;+;73.3	33;23994;24764;+;60.1	35;25043;26098;+;133.2		36;26293;27021;+;119.4	37;27027;27956;+;138.8	38;27953;29167;+;128.3	40;29363;30397;+;65.7	41;30400;32235;+;495.9		pfam	pfam_only	A	7/7	canonical	1	1	unscoreable	2	0	0														not_admitted	not_admitted	not_admitted	not_admitted	not_admitted	not_admitted	not_admitted
NZ_CP139381.1	MPF_T	IncX3	69	0	0	GA	1	28;17741;18385;+;46.4	29;18369;18659;+;73.1	30;18684;21437;+;47.0	30;18684;21437;+;142.4	30;18684;21437;+;73.3	31;21447;22217;+;60.1	33;22496;23551;+;133.2		34;23746;24474;+;119.4	35;24480;25409;+;138.8	36;25406;26620;+;128.3	38;26816;27850;+;65.7	39;27853;29688;+;495.9		pfam	pfam_only	A	7/7	canonical	1	1	unscoreable	2	0	0														not_admitted	not_admitted	not_admitted	not_admitted	not_admitted	not_admitted	not_admitted
NZ_CP139384.1	MPF_T	IncX3	58	0	0	GA	1	12;6769;7413;+;46.4	13;7397;7687;+;73.1	14;7712;10465;+;47.0	14;7712;10465;+;142.4	14;7712;10465;+;73.3	15;10475;11245;+;60.1	17;11524;12579;+;133.2		18;12774;13502;+;119.4	19;13508;14437;+;138.8	20;14434;15648;+;128.3	22;15844;16878;+;65.7	23;16881;18716;+;495.9		pfam	pfam_only	A	7/7	canonical	1	1	unscoreable	2	0	0														not_admitted	not_admitted	not_admitted	not_admitted	not_admitted	not_admitted	not_admitted
NZ_CP139388.1	MPF_F	IncFIB(pN55391);IncFII(pKP91)	157	0	0	GA	0															not_admitted	not_admitted	not_admitted	not_admitted	not_admitted	not_admitted	not_admitted	not_admitted	not_admitted	not_admitted	1	107;102342;103283;-;374.6	97;95296;96711;-;375.4	102;98446;99195;-;221.1	110;104348;106987;-;255.2	96;92474;95296;-;336.5	116;109220;110632;-;85.2	110;104348;106987;-;91.3	118;111359;111925;-;163.0	106;101703;102329;-;69.1	105;99814;101706;-;258.9	93;88609;90816;-;390.2	114;108403;108972;-;54.1	93;88609;90816;-;63.9	A	9/9	contiguous	22750	1	1	91868..92458-;196;TraS;0
NZ_CP139389.1	MPF_F	IncFII(pBK30683);repB(R1701)	124	0	0	GA	0															not_admitted	not_admitted	not_admitted	not_admitted	not_admitted	not_admitted	not_admitted	not_admitted	not_admitted	not_admitted	1	70;65091;66080;-;366.0	60;58177;59544;-;384.0	64;60802;61554;-;233.7	74;67537;70176;-;258.5	59;55328;58177;-;346.4	80;73006;74430;-;89.2	74;67537;70176;-;88.7	82;75157;75723;-;169.3	69;64440;65078;-;67.0	68;62426;64381;-;259.7	55;50552;52864;-;390.0	79;72349;72933;-;54.5	55;50552;52864;-;64.0	A	9/9	contiguous	24605	1	1	54792..55325-;177;unnamed;0
NZ_CP139392.1	MPF_F	IncFIA(HI1);IncFII(pBK30683)	128	0	0	GA	0															not_admitted	not_admitted	not_admitted	not_admitted	not_admitted	not_admitted	not_admitted	not_admitted	not_admitted	not_admitted	1	92;68757;69746;+;366.0	102;75293;76660;+;384.0	98;73283;74035;+;233.7	88;64661;67300;+;258.5	103;76660;79509;+;346.4	82;60407;61831;+;89.2	88;64661;67300;+;88.7	80;59114;59680;+;169.3	93;69759;70397;+;67.0	94;70456;72411;+;259.7	107;81973;84285;+;390.0	83;61904;62488;+;54.5	107;81973;84285;+;64.0	A	9/9	contiguous	22859	1	1	79512..80045+;177;unnamed;0
NZ_CP139395.1	MPF_T	IncX3	68	0	0	GA	1	12;7743;8387;+;46.4	13;8371;8661;+;73.1	14;8686;11439;+;47.0	14;8686;11439;+;142.4	14;8686;11439;+;73.3	15;11449;12219;+;60.1	17;12498;13553;+;133.2		18;13748;14476;+;119.4	19;14482;15411;+;138.8	20;15408;16622;+;128.3	22;16818;17852;+;65.7	23;17855;19690;+;495.9		pfam	pfam_only	A	7/7	canonical	1	1	unscoreable	2	0	0														not_admitted	not_admitted	not_admitted	not_admitted	not_admitted	not_admitted	not_admitted
NZ_CP139397.1	MPF_F	IncFII(pBK30683);repB(R1701)	137	0	0	GA	0															not_admitted	not_admitted	not_admitted	not_admitted	not_admitted	not_admitted	not_admitted	not_admitted	not_admitted	not_admitted	1	83;70974;71963;-;366.0	73;64060;65427;-;384.0	77;66685;67437;-;233.7	87;73420;76059;-;258.5	72;61211;64060;-;346.4	93;78889;80313;-;89.2	87;73420;76059;-;88.7	95;81040;81606;-;169.3	82;70323;70961;-;67.0	81;68309;70264;-;259.7	68;56435;58747;-;390.0	92;78232;78816;-;54.5	68;56435;58747;-;64.0	A	9/9	contiguous	24605	1	1	60675..61208-;177;unnamed;0
NZ_CP139401.1	MPF_F	IncFIB(K);IncFII(K)	192	0	0	GA	0															not_admitted	not_admitted	not_admitted	not_admitted	not_admitted	not_admitted	not_admitted	not_admitted	not_admitted	not_admitted	1	136;139259;140251;-;366.6	126;132438;133808;-;381.2	130;135010;135762;-;232.4	139;141277;143916;-;258.7	125;129589;132438;-;346.5	148;147731;149155;-;86.7	139;141277;143916;-;88.6	150;149882;150448;-;167.0	135;138608;139246;-;67.0	134;136605;138611;-;259.0	121;125466;127775;-;393.2	146;146550;147119;-;49.7	121;125466;127775;-;65.8	A	9/9	contiguous	24416	1	1	129056..129586-;176;unnamed;0
NZ_CP139402.1	MPF_F	IncFII(pBK30683);repB(R1701)	124	0	0	GA	0															not_admitted	not_admitted	not_admitted	not_admitted	not_admitted	not_admitted	not_admitted	not_admitted	not_admitted	not_admitted	1	70;64982;65971;-;366.0	60;58068;59435;-;384.0	64;60693;61445;-;233.7	74;67428;70067;-;258.5	59;55219;58068;-;346.4	80;72897;74321;-;89.2	74;67428;70067;-;88.7	82;75048;75614;-;169.3	69;64331;64969;-;67.0	68;62317;64272;-;259.7	55;50443;52755;-;390.0	79;72240;72824;-;54.5	55;50443;52755;-;64.0	A	9/9	contiguous	24605	1	1	54683..55216-;177;unnamed;0
NZ_CP139406.1	MPF_T	IncN4	50	0	0	GA	1	48;32855;33595;+;34.9		0;188;502;+;65.3	1;502;3132;+;124.9	1;502;3132;+;86.8	2;3142;3849;+;114.7	4;4108;5151;+;126.7	5;5246;5416;+;41.4	6;5419;6135;+;145.6	7;6138;7025;+;144.4	8;7022;8176;+;174.0	9;8169;9200;+;78.1	14;13608;15185;-;54.8		pfam	both	A	7/7	canonical	1	0	ga	5	0	0														not_admitted	not_admitted	not_admitted	not_admitted	not_admitted	not_admitted	not_admitted
NZ_CP139407.1	MPF_T	IncX3	58	0	0	GA	1	30;22014;22658;+;46.4	31;22642;22932;+;73.1	32;22957;25710;+;47.0	32;22957;25710;+;142.4	32;22957;25710;+;73.3	33;25720;26490;+;60.1	35;26769;27824;+;133.2		36;28019;28747;+;119.4	37;28753;29682;+;138.8	38;29679;30893;+;128.3	40;31089;32123;+;65.7	41;32126;33961;+;495.9		pfam	pfam_only	A	7/7	canonical	1	1	unscoreable	2	0	0														not_admitted	not_admitted	not_admitted	not_admitted	not_admitted	not_admitted	not_admitted
NZ_CP139409.1	MPF_T	IncX3	60	0	0	GA	1	16;10592;11236;+;46.4	17;11220;11510;+;73.1	18;11535;14288;+;47.0	18;11535;14288;+;142.4	18;11535;14288;+;73.3	19;14298;15068;+;60.1	21;15347;16402;+;133.2		22;16597;17325;+;119.4	23;17331;18260;+;138.8	24;18257;19471;+;128.3	26;19667;20701;+;65.7	27;20704;22539;+;495.9		pfam	pfam_only	A	7/7	canonical	1	1	unscoreable	2	0	0														not_admitted	not_admitted	not_admitted	not_admitted	not_admitted	not_admitted	not_admitted
NZ_CP139410.1	MPF_F	IncFII(pHN7A8)	110	0	0	GA	0															not_admitted	not_admitted	not_admitted	not_admitted	not_admitted	not_admitted	not_admitted	not_admitted	not_admitted	not_admitted	1	83;67236;68228;+;369.5	96;75061;76434;+;376.8	91;72752;73495;+;234.4	80;63600;66227;+;301.8	97;76431;79247;+;376.7	75;60118;61545;+;94.1	80;63600;66227;+;101.8	73;58837;59403;+;183.8	86;69174;69812;+;70.4	89;70625;72475;+;265.0	101;81548;83791;+;389.5	79;62569;63084;+;78.0	101;81548;83791;+;66.4	A	9/9	contiguous	22711	1	1	79280..79801+;173;unnamed;0
NZ_CP139412.1	MPF_F	IncFII(K);repB(R1701)	159	0	0	GA	0															not_admitted	not_admitted	not_admitted	not_admitted	not_admitted	not_admitted	not_admitted	not_admitted	not_admitted	not_admitted	1	100;85978;86967;-;366.6	90;79064;80431;-;384.0	94;81689;82441;-;233.3	104;88410;91049;-;258.5	89;76215;79064;-;346.4	111;94242;95666;-;89.2	104;88410;91049;-;88.2	113;96393;96959;-;169.3	99;85327;85965;-;66.9	98;83313;85268;-;259.7	85;71441;73753;-;393.1	110;93544;94128;-;53.6	85;71441;73753;-;66.6	A	9/9	contiguous	24952	1	1	75679..76212-;177;unnamed;0
NZ_CP139413.1	MPF_F	IncFII(pHN7A8)	124	0	0	GA	0															not_admitted	not_admitted	not_admitted	not_admitted	not_admitted	not_admitted	not_admitted	not_admitted	not_admitted	not_admitted	1	76;61594;62586;+;369.5	89;69419;70792;+;376.8	84;67110;67853;+;234.4	73;57958;60585;+;301.8	90;70789;73605;+;376.7	68;54476;55903;+;94.1	73;57958;60585;+;101.8	66;53195;53761;+;183.8	79;63532;64170;+;70.4	82;64983;66833;+;265.0	94;75906;78113;+;391.7	72;56927;57442;+;77.6	94;75906;78113;+;70.3	A	9/9	contiguous	22711	1	1	73638..74159+;173;unnamed;0
NZ_CP139415.1	MPF_F	IncFII(pBK30683);repB(R1701)	108	0	0	GA	0															not_admitted	not_admitted	not_admitted	not_admitted	not_admitted	not_admitted	not_admitted	not_admitted	not_admitted	not_admitted	1	70;65222;66211;-;366.0	60;58308;59675;-;384.1	64;60933;61685;-;233.7	74;67668;70307;-;258.5	59;55486;58308;-;346.4	80;73137;74561;-;89.2	74;67668;70307;-;88.7	82;75288;75854;-;169.3	69;64571;65209;-;67.0	68;62557;64512;-;259.7	55;50561;52870;-;393.1	79;72480;73064;-;54.5	55;50561;52870;-;66.6	A	9/9	contiguous	24727	1	1	54861..55463-;200;TraS;0
NZ_CP139416.1	MPF_F	IncHI2;IncHI2A	158	0	0	GA	0															not_admitted	not_admitted	not_admitted	not_admitted	not_admitted	not_admitted	not_admitted	not_admitted	not_admitted	not_admitted	1	27;31208;32266;+;276.9	113;108909;110324;-;194.1	114;110314;111360;-;174.3	11;8955;11636;+;168.3	111;104949;108680;-;80.2	7;5270;6625;+;80.7	11;8955;11636;+;72.2	4;2758;3546;+;74.8	25;29555;31066;+;62.0	28;32285;35473;+;57.3	121;118402;120486;+;56.8	10;7996;8946;+;46.1	121;118402;120486;+;38.8	A	9/9	split_3	115644	1	1	103479..104768-;429;unnamed;0
NZ_CP139426.1	MPF_F	IncFII(Yp);IncFII(pAR0022);IncQ1;repB(R1701)	189	0	0	GA	0															not_admitted	not_admitted	not_admitted	not_admitted	not_admitted	not_admitted	not_admitted	not_admitted	not_admitted	not_admitted	1	109;78277;79266;+;366.6	119;84813;86180;+;384.0	115;82803;83555;+;233.7	105;74181;76820;+;258.5	120;86180;89029;+;346.4	98;69930;71354;+;89.3	105;74181;76820;+;88.7	96;68637;69203;+;169.3	110;79279;79917;+;66.9	111;79976;81931;+;259.4	124;91491;93803;+;393.1	99;71426;72010;+;54.7	124;91491;93803;+;66.6	A	9/9	contiguous	22854	1	1	89032..89565+;177;unnamed;0
NZ_CP139427.1	MPF_F	repA(pKOX)	249	0	0	GA	0															not_admitted	not_admitted	not_admitted	not_admitted	not_admitted	not_admitted	not_admitted	not_admitted	not_admitted	not_admitted	1	168;117039;118112;-;276.5	144;97140;98591;-;241.5	145;98607;99677;-;187.0	172;120177;122660;-;235.2	143;93918;97130;-;256.9	175;124351;125682;-;107.1	172;120177;122660;-;119.1	177;126848;127465;-;75.8	169;118112;119365;-;57.1	141;90681;93413;-;123.5	184;131139;133100;-;23.7	174;123731;124336;-;74.9	184;131139;133100;-;32.4	A	9/9	contiguous	40458	0	1	
NZ_CP139428.1	MPF_F	pSM22	74	0	0	GA	0															not_admitted	not_admitted	not_admitted	not_admitted	not_admitted	not_admitted	not_admitted	not_admitted	not_admitted	not_admitted	1	36;26876;27874;+;363.5	45;33074;34441;+;369.2	41;31025;31819;+;200.6	31;21844;24474;+;263.7	46;34443;37274;+;291.2	25;18365;19759;+;88.9	31;21844;24474;+;101.6	23;17084;17647;+;164.4	38;28271;28978;+;59.2	40;29124;31028;+;242.1	49;38003;40201;+;376.6	29;20959;21513;+;57.2	49;38003;40201;+;56.9	A	9/9	contiguous	20919	1	1	37271..37801+;176;unnamed;0
NZ_CP139430.1	-	-	278	0	0	GA	0															not_admitted	not_admitted	not_admitted	not_admitted	not_admitted	not_admitted	not_admitted	not_admitted	not_admitted	not_admitted	1	14;13896;14981;+;271.5	38;32059;33495;+;236.1	37;30976;32037;+;195.5	10;9343;11832;+;239.3	39;33510;36668;+;250.9	7;6237;7625;+;105.0	10;9343;11832;+;123.4	5;4382;4972;+;82.8	13;12640;13899;+;54.1	41;37090;39804;+;129.7	0;69;1805;+;21.8	8;7628;8164;+;69.1	0;69;1805;+;37.4	A	9/9	contiguous	37021	0	1	
NZ_CP139431.1	MPF_F	IncC	178	0	0	GA	0															not_admitted	not_admitted	not_admitted	not_admitted	not_admitted	not_admitted	not_admitted	not_admitted	not_admitted	not_admitted	1	108;82985;83992;+;332.9	167;132339;133772;+;339.2	166;131309;132337;+;221.7	103;77786;80233;+;354.5	168;133785;137399;+;374.5	98;68914;70230;+;135.0	103;77786;80233;+;128.3	96;67390;68016;+;92.7	106;81055;82320;+;67.9	109;84108;86906;+;145.3	87;61715;63580;+;47.3	99;70227;70805;+;100.2	87;61715;63580;+;52.0	A	9/9	split_2	72070	0	1	
NZ_CP139432.1	MPF_F	-	141	0	0	GA	0															not_admitted	not_admitted	not_admitted	not_admitted	not_admitted	not_admitted	not_admitted	not_admitted	not_admitted	not_admitted	1	34;33303;34358;-;268.1	22;20454;21863;-;230.0	23;21879;22910;-;214.5	38;36351;38837;-;208.2	21;17201;20434;-;215.1	41;40261;41553;-;116.8	38;36351;38837;-;113.3	43;42551;43204;-;92.3	35;34358;35578;-;45.3	19;13960;16731;-;119.2	49;45684;47597;-;20.5	40;39732;40244;-;69.8	49;45684;47597;-;24.7	A	9/9	contiguous	31724	0	1	
NZ_CP139442.1	-	-	66	0	0	GA	0															not_admitted	not_admitted	not_admitted	not_admitted	not_admitted	not_admitted	not_admitted	not_admitted	not_admitted	not_admitted	1	21;14530;15528;+;367.0	26;19157;20518;+;350.5	24;17775;18551;+;196.8	18;10986;13574;+;236.7	27;20523;23339;+;229.6	16;9022;10392;+;93.3	18;10986;13574;+;96.4	14;7735;8307;+;77.9	22;15537;15959;+;55.1	23;15952;17778;+;230.3	29;23849;25906;+;368.9	17;10396;10980;+;34.0	29;23849;25906;+;57.2	A	9/9	contiguous	16114	1	1	23349..23852+;167;unnamed;0
NZ_CP139489.1	MPF_F	IncFIB(K);IncFII(K)	180	0	0	GA	0															not_admitted	not_admitted	not_admitted	not_admitted	not_admitted	not_admitted	not_admitted	not_admitted	not_admitted	not_admitted	1	123;123265;124257;-;366.6	113;116444;117814;-;381.2	117;119016;119768;-;232.4	126;125283;127922;-;258.7	112;113595;116444;-;344.2	135;131737;133161;-;89.2	126;125283;127922;-;88.8	137;133888;134454;-;167.0	122;122614;123252;-;67.0	121;120611;122617;-;259.0	108;109472;111781;-;393.2	133;130556;131125;-;49.7	108;109472;111781;-;65.8	A	9/9	contiguous	24416	1	1	113062..113592-;176;unnamed;0
NZ_CP139490.1	MPF_F	IncFII(pHN7A8);IncN	112	0	0	GA	0															not_admitted	not_admitted	not_admitted	not_admitted	not_admitted	not_admitted	not_admitted	not_admitted	not_admitted	not_admitted	1	85;72295;73287;+;369.5	98;80120;81493;+;376.8	93;77811;78554;+;234.4	82;68659;71286;+;301.8	99;81490;84306;+;376.7	77;65177;66604;+;94.1	82;68659;71286;+;101.8	75;63896;64462;+;183.8	88;74233;74871;+;70.4	91;75684;77534;+;265.0	103;86607;88877;+;392.6	81;67628;68143;+;78.0	103;86607;88877;+;70.3	A	9/9	contiguous	22711	1	1	84339..84860+;173;unnamed;0
NZ_CP139491.1	MPF_T	IncX3	58	0	0	GA	1	33;30401;31045;-;46.4	32;30127;30417;-;73.1	31;27349;30102;-;47.0	31;27349;30102;-;142.4	31;27349;30102;-;73.3	30;26569;27339;-;60.1	28;25235;26290;-;133.2		27;24312;25040;-;119.4	26;23377;24306;-;138.8	25;22166;23380;-;128.3	23;20936;21970;-;65.7	22;19098;20933;-;495.9		pfam	pfam_only	A	7/7	canonical	1	1	unscoreable	2	0	0														not_admitted	not_admitted	not_admitted	not_admitted	not_admitted	not_admitted	not_admitted
NZ_CP139495.1	MPF_F	IncFIA(HI1);IncHI1A;IncHI1B(R27)	217	0	0	GA	0															not_admitted	not_admitted	not_admitted	not_admitted	not_admitted	not_admitted	not_admitted	not_admitted	not_admitted	not_admitted	1	15;14859;15911;+;277.6	121;108655;110070;-;201.7	122;110060;111106;-;171.3	215;183430;186111;+;160.6	120;104657;108646;-;103.1	211;179724;181082;+;84.0	215;183430;186111;+;76.5	208;177272;178057;+;68.7	13;13206;14714;+;65.6	16;15934;19110;+;58.9	128;118041;120125;+;50.2	214;182471;183421;+;45.2	128;118041;120125;+;36.5	A	9/9	split_3	170224	0	1	
NZ_CP139498.1	MPF_F	IncC;IncFIA(HI1);IncR	266	0	0	GA	0															not_admitted	not_admitted	not_admitted	not_admitted	not_admitted	not_admitted	not_admitted	not_admitted	not_admitted	not_admitted	1	90;72622;73629;+;332.9	255;217704;219137;+;339.2	254;216674;217702;+;221.7	85;67423;69870;+;354.2	256;219150;222764;+;375.3	74;54112;55428;+;135.0	85;67423;69870;+;128.6	72;52588;53214;+;92.1	88;70692;71957;+;67.6	91;73745;76540;+;145.3	63;46913;48778;+;47.4	75;55425;56003;+;100.2	63;46913;48778;+;52.0	A	9/9	split_2	172237	0	1	
NZ_CP139499.1	MPF_F	IncFIB(K);IncFII(pKP91)	201	0	0	GA	0															not_admitted	not_admitted	not_admitted	not_admitted	not_admitted	not_admitted	not_admitted	not_admitted	not_admitted	not_admitted	1	130;131746;132735;-;366.6	120;124861;126228;-;384.6	124;127486;128238;-;232.2	134;134178;136817;-;259.3	119;122012;124861;-;345.8	142;140402;141826;-;89.3	134;134178;136817;-;88.8	144;142553;143119;-;167.0	129;131095;131733;-;67.0	128;129081;131036;-;259.2	115;117269;119551;-;393.2	140;139215;139772;-;52.5	115;117269;119551;-;65.9	A	9/9	contiguous	25284	1	1	121479..122009-;176;unnamed;0
NZ_CP139648.1	MPF_T	-	295	0	0	GA	1		292;280828;281208;-;78.1	291;280536;280835;-;63.2	290;278151;280526;-;178.5	290;278151;280526;-;129.8	289;277382;278179;-;49.8	288;276025;277182;-;105.4		287;275319;275981;-;131.0	286;274462;275301;-;178.8	284;272688;273995;-;214.2	293;281198;282166;-;133.7	114;104770;106701;-;518.1		conjscan	conjscan_only	A	7/7	canonical	1	0	unscoreable	2	0	0														not_admitted	not_admitted	not_admitted	not_admitted	not_admitted	not_admitted	not_admitted
NZ_CP139650.1	MPF_T	-	183	0	0	GA	1		42;34573;34962;-;76.9	41;34281;34580;-;61.8	40;31818;34271;-;170.3	40;31818;34271;-;130.2	39;31028;31846;-;54.0	37;29641;30828;-;104.4		36;28964;29644;-;131.2	35;28122;28946;-;190.3	33;26344;27642;-;223.7	43;34952;35920;-;134.9	24;15533;17455;-;536.3		conjscan	conjscan_only	A	7/7	canonical	1	0	unscoreable	11	0	0														not_admitted	not_admitted	not_admitted	not_admitted	not_admitted	not_admitted	not_admitted
NZ_CP139659.2	MPF_T	IncX10	48	0	0	GA	1	39;24914;25558;+;47.4	40;25542;25832;+;71.9	41;25857;28610;+;47.0	41;25857;28610;+;148.7	41;25857;28610;+;73.3	42;28620;29390;+;59.1	44;29669;30724;+;134.9		45;30919;31647;+;118.1	46;31653;32582;+;139.9	47;32579;33790;+;125.9	0;1;1029;+;65.4	1;1032;2867;+;496.2		pfam	pfam_only	A	7/7	canonical	1	1	unscoreable	1	0	0														not_admitted	not_admitted	not_admitted	not_admitted	not_admitted	not_admitted	not_admitted
NZ_CP139663.1	MPF_T	IncX10	48	0	0	GA	1	39;24914;25558;+;47.4	40;25542;25832;+;71.9	41;25857;28610;+;47.0	41;25857;28610;+;148.7	41;25857;28610;+;73.3	42;28620;29390;+;59.1	44;29669;30724;+;134.9		45;30919;31647;+;118.1	46;31653;32582;+;139.9	47;32579;33790;+;125.9	0;1;1029;+;65.4	1;1032;2867;+;496.2		pfam	pfam_only	A	7/7	canonical	1	1	unscoreable	1	0	0														not_admitted	not_admitted	not_admitted	not_admitted	not_admitted	not_admitted	not_admitted
NZ_CP139667.1	MPF_T	IncX10	48	0	0	GA	1	30;23530;24174;-;47.4	29;23256;23546;-;71.9	28;20478;23231;-;47.0	28;20478;23231;-;148.7	28;20478;23231;-;73.3	27;19698;20468;-;59.1	25;18364;19419;-;134.9		24;17441;18169;-;118.1	23;16506;17435;-;139.9	22;15298;16509;-;125.9	21;14258;15286;-;65.4	20;12420;14255;-;496.2		pfam	pfam_only	A	7/7	canonical	1	1	unscoreable	1	0	0														not_admitted	not_admitted	not_admitted	not_admitted	not_admitted	not_admitted	not_admitted
NZ_CP139671.2	MPF_T	IncX10	48	0	0	GA	1	39;24914;25558;+;47.4	40;25542;25832;+;71.9	41;25857;28610;+;47.0	41;25857;28610;+;148.7	41;25857;28610;+;73.3	42;28620;29390;+;59.1	44;29669;30724;+;134.9		45;30919;31647;+;118.1	46;31653;32582;+;139.9	47;32579;33790;+;125.9	0;1;1029;+;65.4	1;1032;2867;+;496.2		pfam	pfam_only	A	7/7	canonical	1	1	unscoreable	1	0	0														not_admitted	not_admitted	not_admitted	not_admitted	not_admitted	not_admitted	not_admitted
NZ_CP139675.2	MPF_T	IncX10	48	0	0	GA	1	39;24914;25558;+;47.4	40;25542;25832;+;71.9	41;25857;28610;+;47.0	41;25857;28610;+;148.7	41;25857;28610;+;73.3	42;28620;29390;+;59.1	44;29669;30724;+;134.9		45;30919;31647;+;118.1	46;31653;32582;+;139.9	47;32579;33790;+;125.9	0;1;1029;+;65.4	1;1032;2867;+;496.2		pfam	pfam_only	A	7/7	canonical	1	1	unscoreable	1	0	0														not_admitted	not_admitted	not_admitted	not_admitted	not_admitted	not_admitted	not_admitted
NZ_CP139679.2	MPF_T	IncX10	48	0	0	GA	1	39;24914;25558;+;47.4	40;25542;25832;+;71.9	41;25857;28610;+;47.0	41;25857;28610;+;148.7	41;25857;28610;+;73.3	42;28620;29390;+;59.1	44;29669;30724;+;134.9		45;30919;31647;+;118.1	46;31653;32582;+;139.9	47;32579;33790;+;125.9	0;1;1029;+;65.4	1;1032;2867;+;496.2		pfam	pfam_only	A	7/7	canonical	1	1	unscoreable	1	0	0														not_admitted	not_admitted	not_admitted	not_admitted	not_admitted	not_admitted	not_admitted
NZ_CP139684.1	MPF_T	-	55	0	0	GA	1	39;28675;29313;+;46.6	40;29300;29587;+;64.7	41;29606;32365;+;42.1	41;29606;32365;+;133.2	41;29606;32365;+;61.7	42;32422;33123;+;52.1	44;33402;34478;+;127.7		46;34605;35345;+;144.2	47;35350;36270;+;142.8	48;36267;37778;+;138.3	49;37780;38841;+;75.0	50;38843;40810;+;426.3		pfam	pfam_only	A	7/7	canonical	1	1	unscoreable	2	0	0														not_admitted	not_admitted	not_admitted	not_admitted	not_admitted	not_admitted	not_admitted
NZ_CP139689.1	MPF_T	-	55	0	0	GA	1	39;28675;29313;+;46.6	40;29300;29587;+;64.7	41;29606;32365;+;42.1	41;29606;32365;+;133.2	41;29606;32365;+;61.7	42;32422;33123;+;52.1	44;33402;34478;+;127.7		46;34605;35345;+;144.2	47;35350;36270;+;142.8	48;36267;37778;+;138.3	49;37780;38841;+;75.0	50;38843;40810;+;426.3		pfam	pfam_only	A	7/7	canonical	1	1	unscoreable	2	0	0														not_admitted	not_admitted	not_admitted	not_admitted	not_admitted	not_admitted	not_admitted
NZ_CP139700.1	MPF_T	-	365	0	0	GA	1	8;5700;6854;+;68.6	4;2515;2910;+;71.9	5;2969;3181;+;59.8	6;3171;5546;+;83.9	6;3171;5546;+;45.6	9;6851;7663;+;70.6	16;12090;13169;+;124.0		10;7680;8333;+;166.7	11;8333;9130;+;164.7	12;9127;10506;+;183.2	13;10511;11497;+;102.0	44;41085;43076;-;286.9		pfam	both	A	7/7	canonical	1	0	unscoreable	3	0	0														not_admitted	not_admitted	not_admitted	not_admitted	not_admitted	not_admitted	not_admitted
NZ_CP139702.1	-	-	126	0	0	GA	1	16;15018;16130;-;72.7	21;21501;21782;-;96.1	20;21207;21485;-;71.2	17;16330;19311;-;39.2	19;20228;21232;-;45.7	15;14254;15021;-;50.5	13;12821;13834;-;112.5		52;50522;51190;-;183.7	51;49794;50516;-;176.5	50;48349;49791;-;173.2	49;47271;48266;-;116.7	125;131564;133477;+;299.2		pfam	pfam_only	A	7/7	canonical	1	0	unscoreable	2	0	0														not_admitted	not_admitted	not_admitted	not_admitted	not_admitted	not_admitted	not_admitted
NZ_CP139704.1	MPF_T	-	113	0	0	GA	1	35;32765;33919;-;74.0	39;36697;37092;-;73.2	38;36426;36704;-;90.4	37;34073;36436;-;85.6	37;34073;36436;-;44.1	34;31956;32768;-;70.2	27;26531;27607;-;128.6		33;31285;31938;-;168.8	32;30588;31283;-;162.9	31;29212;30591;-;180.4	30;28221;29207;-;103.8	22;18924;20903;+;285.6		pfam	both	A	7/7	canonical	1	0	unscoreable	7	0	0														not_admitted	not_admitted	not_admitted	not_admitted	not_admitted	not_admitted	not_admitted
NZ_CP139705.1	-	-	94	0	0	GA	1	26;26306;27394;-;67.6	29;30218;30502;-;85.5	28;29919;30194;-;58.8	27;27560;29929;-;83.9	27;27560;29929;-;60.7	25;25507;26316;-;72.8	23;24011;25012;-;100.2		22;23364;24008;-;166.0	21;22629;23360;-;140.2	20;21169;22626;-;170.9	19;20159;21169;-;109.2	10;8734;10665;+;272.7		pfam	pfam_only	A	7/7	canonical	1	0	unscoreable	9	0	0														not_admitted	not_admitted	not_admitted	not_admitted	not_admitted	not_admitted	not_admitted
NZ_CP139711.1	MPF_T	-	130	0	0	GA	1	53;53680;54768;+;67.6	50;50572;50856;+;85.5	51;50880;51155;+;58.4	52;51130;53514;+;83.9	52;51130;53514;+;60.7	54;54758;55567;+;73.5	56;56062;57063;+;92.2		57;57066;57710;+;165.9	58;57714;58445;+;140.6	59;58448;59905;+;170.9	60;60016;61014;+;108.8	12;13835;15835;-;288.3		pfam	pfam_only	A	7/7	canonical	1	0	unscoreable	1	0	0														not_admitted	not_admitted	not_admitted	not_admitted	not_admitted	not_admitted	not_admitted
NZ_CP139721.1	MPF_T	-	347	0	0	GA	1	171;162377;162934;-;93.6	307;291908;292285;-;77.3	169;161712;162002;-;66.2	305;289163;291610;-;158.5	305;289163;291610;-;121.0	304;288391;289191;-;56.3	164;156212;157231;-;124.8		161;154645;155379;-;183.2	300;285528;286352;-;185.3	298;283765;285060;-;226.0	158;151453;152451;-;137.7	286;272454;274367;-;516.3		conjscan	both	A	7/7	canonical	1	0	unscoreable	17	0	0														not_admitted	not_admitted	not_admitted	not_admitted	not_admitted	not_admitted	not_admitted
NZ_CP139729.1	-	-	114	0	0	GA	1	75;80204;81310;-;71.3	79;84175;84456;-;89.9	78;83881;84159;-;63.1	77;81513;83891;-;76.1	77;81513;83891;-;45.7	74;79440;80207;-;61.8	72;77992;79005;-;119.1		71;77294;77962;-;182.2	70;76554;77288;-;175.7	69;75127;76551;-;170.2	68;74138;75127;-;114.6	57;60905;62818;+;293.5		pfam	pfam_only	A	7/7	canonical	1	0	unscoreable	2	0	0														not_admitted	not_admitted	not_admitted	not_admitted	not_admitted	not_admitted	not_admitted
NZ_CP139747.1	MPF_F	IncFIB(S);IncFII(S);IncFII(pAR0022)	116	0	0	GA	0															not_admitted	not_admitted	not_admitted	not_admitted	not_admitted	not_admitted	not_admitted	not_admitted	not_admitted	not_admitted	1	41;38324;39316;-;366.7	32;31694;33076;-;392.4	35;34108;34857;-;231.0	44;40303;42951;-;314.1	31;28875;31697;-;394.4	52;45484;46905;-;91.5	44;40303;42951;-;97.8	54;47632;48198;-;185.6	39;37374;38012;-;70.6	37;35095;36921;-;271.0	28;24987;27221;-;374.0	49;44163;44678;-;96.7	28;24987;27221;-;72.0	A	9/9	contiguous	22645	1	1	28365..28853-;162;TraS;0
NZ_CP139785.1	MPF_F	IncFIB(K);IncFII(K)	217	0	0	GA	0															not_admitted	not_admitted	not_admitted	not_admitted	not_admitted	not_admitted	not_admitted	not_admitted	not_admitted	not_admitted	1	64;54398;55390;+;366.6	74;60841;62211;+;381.2	70;58887;59639;+;232.4	61;50733;53372;+;258.7	75;62211;65060;+;344.2	52;45494;46918;+;89.2	61;50733;53372;+;88.8	50;44201;44767;+;167.0	65;55403;56041;+;67.0	66;56038;58044;+;259.0	79;66874;69183;+;393.2	54;47530;48099;+;49.7	79;66874;69183;+;65.8	A	9/9	contiguous	22673	1	1	65063..65593+;176;unnamed;0
NZ_CP139786.1	MPF_F	IncFII	80	0	0	GA	0															not_admitted	not_admitted	not_admitted	not_admitted	not_admitted	not_admitted	not_admitted	not_admitted	not_admitted	not_admitted	1	47;40189;41181;+;369.5	57;46960;48333;+;381.7	52;44287;45030;+;234.4	44;36550;39180;+;304.1	58;48330;51152;+;374.0	37;32100;33551;+;94.2	44;36550;39180;+;97.1	35;30819;31385;+;174.3	49;41525;42163;+;68.6	50;42160;44010;+;266.1	62;53424;55703;+;391.0	40;34411;34926;+;78.4	62;53424;55703;+;70.3	A	9/9	contiguous	22605	1	1	51174..51653+;159;TraS;0
NZ_CP139787.1	MPF_T	ColKP3;IncX3	68	0	0	GA	1	28;22700;23344;-;46.4	27;22426;22716;-;73.1	26;19648;22401;-;47.0	26;19648;22401;-;142.4	26;19648;22401;-;73.3	25;18868;19638;-;60.1	23;17534;18589;-;132.8		22;16611;17339;-;119.4	21;15676;16605;-;138.8	20;14465;15679;-;128.3	18;13235;14269;-;65.7	17;11397;13232;-;495.9		pfam	pfam_only	A	7/7	canonical	1	1	unscoreable	2	0	0														not_admitted	not_admitted	not_admitted	not_admitted	not_admitted	not_admitted	not_admitted
NZ_CP139795.1	MPF_F	IncFIB(pQil);IncFII(K)	136	0	0	GA	0															not_admitted	not_admitted	not_admitted	not_admitted	not_admitted	not_admitted	not_admitted	not_admitted	not_admitted	not_admitted	1	72;70769;71758;-;366.0	62;63856;65223;-;380.7	66;66481;67233;-;233.7	76;73201;75840;-;258.5	61;61007;63856;-;345.6	85;79096;80520;-;88.8	76;73201;75840;-;88.7	87;81247;81813;-;169.3	71;70118;70756;-;67.0	70;68197;70059;-;197.8	57;56209;58521;-;392.7	84;78398;78982;-;55.4	57;56209;58521;-;66.5	A	9/9	contiguous	25038	1	1	60446..60994-;182;unnamed;0
NZ_CP139800.1	MPF_T	IncX4	90	0	0	GA	1	32;24153;24773;-;41.6	31;23813;24139;-;64.4	30;21047;23794;-;63.8	30;21047;23794;-;151.8	30;21047;23794;-;46.1	29;20319;21035;-;94.2	28;19213;20307;-;150.1		26;18012;18698;-;169.0	71;48470;49378;-;142.4	24;15997;17115;-;163.9	69;46329;47357;-;85.0	21;13119;14936;-;316.5		pfam	pfam_only	A	7/7	canonical	1	1	unscoreable	3	0	0														not_admitted	not_admitted	not_admitted	not_admitted	not_admitted	not_admitted	not_admitted
NZ_CP139804.1	MPF_F	IncFIB(AP001918);IncFIC(FII);IncQ1	159	0	0	GA	0															not_admitted	not_admitted	not_admitted	not_admitted	not_admitted	not_admitted	not_admitted	not_admitted	not_admitted	not_admitted	1	110;106899;107891;-;369.3	99;99840;101213;-;378.0	106;103427;104170;-;234.1	113;108900;111527;-;305.4	98;97021;99843;-;389.5	119;113582;115009;-;94.3	113;108900;111527;-;98.5	121;115724;116290;-;183.8	109;106252;106890;-;68.4	108;104447;106255;-;268.4	95;93339;95492;-;391.9	115;112043;112558;-;78.4	95;93339;95492;-;70.4	A	9/9	contiguous	22385	1	1	96508..96999-;163;TraS;0
NZ_CP139811.1	MPF_T	IncX1	48	0	0	GA	1	23;21737;22168;-;47.5	21;21249;21539;-;73.5	20;18466;21225;-;44.8	20;18466;21225;-;133.3	20;18466;21225;-;71.9	19;17727;18464;-;57.5	17;16390;17445;-;131.7		16;15478;16200;-;116.0	15;14543;15472;-;132.4	14;13332;14546;-;128.6	13;12277;13314;-;66.4	12;10437;12272;-;543.4		pfam	pfam_only	A	7/7	canonical	1	1	unscoreable	2	0	0														not_admitted	not_admitted	not_admitted	not_admitted	not_admitted	not_admitted	not_admitted
NZ_CP139812.1	MPF_T	IncFIB(K)	88	0	0	GA	1	30;24732;25394;+;48.3	31;25405;25704;+;36.6	32;25714;28464;+;60.6	32;25714;28464;+;131.5	32;25714;28464;+;48.7	33;28483;29199;+;137.0	35;29602;30519;+;138.3		37;30729;31415;+;158.3	38;31408;32301;+;147.4	40;32888;33493;+;137.8	41;33497;34546;+;71.5	48;39282;41189;+;24.3		pfam	pfam_only	A	7/7	canonical	1	1	unscoreable	9	0	0														not_admitted	not_admitted	not_admitted	not_admitted	not_admitted	not_admitted	not_admitted
NZ_CP139813.1	MPF_F	IncHI2;IncHI2A	251	0	0	GA	0															not_admitted	not_admitted	not_admitted	not_admitted	not_admitted	not_admitted	not_admitted	not_admitted	not_admitted	not_admitted	1	156;151196;152254;+;276.9	59;53707;55122;-;194.1	60;55112;56158;-;174.3	139;128944;131625;+;168.0	58;49745;53698;-;101.6	135;125259;126614;+;80.7	139;128944;131625;+;72.2	132;122747;123535;+;74.8	154;149543;151054;+;62.0	157;152273;155461;+;57.3	67;63200;65284;+;56.8	138;127985;128935;+;46.1	67;63200;65284;+;38.8	A	9/9	split_3	102528	1	1	48275..49564-;429;unnamed;0
NZ_CP139826.1	MPF_F	-	117	0	0	GA	0															not_admitted	not_admitted	not_admitted	not_admitted	not_admitted	not_admitted	not_admitted	not_admitted	not_admitted	not_admitted	1	57;39904;40947;+;369.2	62;44930;46357;+;325.8	60;43716;44528;+;219.1	53;35616;38342;+;164.6	63;46373;49375;+;208.7	49;32618;33934;+;102.7	53;35616;38342;+;108.4	47;31327;31905;+;83.7	58;40962;41669;+;107.6	59;41666;43723;+;91.0	25;15382;17541;+;381.3	52;34962;35606;+;41.9	25;15382;17541;+;90.0	A	9/9	contiguous	30991	1	1	49447..49965+;172;unnamed;0
NZ_CP139837.1	MPF_F	-	110	0	0	GA	0															not_admitted	not_admitted	not_admitted	not_admitted	not_admitted	not_admitted	not_admitted	not_admitted	not_admitted	not_admitted	1	108;73280;74335;+;367.7	2;1371;2798;+;325.8	0;161;973;+;219.1	104;68992;71718;+;164.6	3;2814;5816;+;208.7	100;65994;67310;+;102.7	104;68992;71718;+;108.4	98;64703;65281;+;84.2	109;74350;75057;+;107.6		75;48760;50919;+;381.3	103;68338;68982;+;41.9	75;48760;50919;+;90.0	B	8/9	split_2	74189	1	0	5888..6406+;172;unnamed;0
NZ_CP139842.1	MPF_F	IncFIB(AP001918);IncFII(pRSB107)	169	0	0	GA	0															not_admitted	not_admitted	not_admitted	not_admitted	not_admitted	not_admitted	not_admitted	not_admitted	not_admitted	not_admitted	1	13;8985;9977;+;369.5	27;18466;19839;+;385.7	18;13083;13601;+;120.4	10;5349;7976;+;300.9	28;19836;22658;+;384.9	4;2007;3458;+;93.9	10;5349;7976;+;101.1	2;726;1292;+;177.4	15;10321;10959;+;68.5	16;10956;12806;+;266.7	32;24904;27093;+;391.8	7;4318;4833;+;76.5	32;24904;27093;+;70.3	A	9/9	contiguous	24178	1	1	22680..23159+;159;TraS;0
NZ_CP139845.1	MPF_F	IncFII(29)	82	0	0	GA	0															not_admitted	not_admitted	not_admitted	not_admitted	not_admitted	not_admitted	not_admitted	not_admitted	not_admitted	not_admitted	1	18;20726;21718;-;369.5	8;13577;14950;-;382.9	14;16878;17621;-;234.1	21;22727;25357;-;300.9	7;10755;13580;-;384.5	29;28630;30057;-;93.9	21;22727;25357;-;101.1	31;30772;31338;-;182.3	16;19744;20382;-;70.7	15;17897;19747;-;266.7	4;7035;9251;-;391.7	25;26993;27508;-;77.9	4;7035;9251;-;70.3	A	9/9	contiguous	23737	1	1	10249..10758-;169;unnamed;0
NZ_CP139848.1	-	-	39	0	0	GA	1	38;33523;34419;+;45.2	23;20089;20580;-;68.0	22;19775;20089;-;51.1	21;17254;19761;-;96.9	21;17254;19761;-;113.0	20;16497;17285;-;50.1	18;14577;16289;-;86.7		16;13480;14178;-;123.5	15;12542;13480;-;165.2	13;10625;12085;-;209.7	24;20592;21575;-;134.8	36;31005;32963;+;355.7		conjscan	conjscan_only	A	7/7	canonical	1	0	unscoreable	16	0	0														not_admitted	not_admitted	not_admitted	not_admitted	not_admitted	not_admitted	not_admitted
NZ_CP139849.1	MPF_F	IncHI1A(NDM-CIT);IncHI1B(pNDM-CIT)	405	1	1	GA	1		69;61586;61972;+;89.6	70;61969;62238;+;32.5	185;183018;185468;+;42.3	185;183018;185468;+;138.4	72;64698;65441;+;226.2	74;65777;67144;+;179.3		75;67163;67867;+;235.7	190;188633;189625;+;224.4	77;68859;70142;+;206.6	68;60520;61599;+;118.3	180;178817;180832;+;346.4	107;95244;98420;-;57.9	conjscan	conjscan_only	A	7/7	rearranged	1	0	unscoreable	6	0	1	108;98439;99146;-;214.6	286;257470;258885;+;200.0	285;256434;257480;+;166.2	125;117946;120627;-;156.8	287;258894;262883;+;103.1	77;68859;70142;+;206.6	125;117946;120627;-;73.5	132;126000;126785;-;69.5	110;99639;101147;-;62.3	107;95244;98420;-;57.9	180;178817;180832;+;105.6	126;120636;121586;-;45.4	180;178817;180832;+;99.4	A	9/9	split_4	190035	0	1	
NZ_CP139855.1	MPF_F	IncFII	101	0	0	GA	0															not_admitted	not_admitted	not_admitted	not_admitted	not_admitted	not_admitted	not_admitted	not_admitted	not_admitted	not_admitted	1	94;85540;86532;+;369.5	3;1643;3016;+;381.7	99;89638;90381;+;234.4	91;81901;84531;+;304.1	4;3013;5835;+;374.0	84;77451;78902;+;94.2	91;81901;84531;+;97.1	82;76170;76736;+;174.3	96;86876;87514;+;68.6	97;87511;89361;+;266.1	8;8107;10359;+;391.1	87;79762;80277;+;78.4	8;8107;10359;+;70.3	A	9/9	split_2	87995	1	1	5857..6336+;159;TraS;0
NZ_CP139859.1	MPF_T	-	225	0	0	GA	1	113;110245;111021;+;94.2	139;137317;137643;+;88.2	140;137643;137924;+;31.4	141;137935;140385;+;35.8	141;137935;140385;+;131.9	142;140382;141140;+;241.2	144;141472;142842;+;196.9		145;142846;143535;+;229.8	146;143532;144584;+;211.6	147;144581;145738;+;226.5	138;136337;137320;+;120.5	115;113027;115015;+;336.1		conjscan	conjscan_only	A	7/7	canonical	1	0	unscoreable	6	0	0														not_admitted	not_admitted	not_admitted	not_admitted	not_admitted	not_admitted	not_admitted
NZ_CP139888.1	MPF_F	IncFIB(AP001918);IncFII	190	0	0	GA	0															not_admitted	not_admitted	not_admitted	not_admitted	not_admitted	not_admitted	not_admitted	not_admitted	not_admitted	not_admitted	1	40;38413;39405;-;369.3	31;31978;33354;-;381.0	36;34941;35684;-;235.5	43;40414;43041;-;305.4	30;29156;31981;-;389.2	50;45096;46523;-;94.6	43;40414;43041;-;98.5	52;47238;47804;-;183.8	39;37766;38404;-;68.4	38;35961;37769;-;268.0	27;25454;27652;-;391.7	46;43557;44072;-;78.0	27;25454;27652;-;70.3	A	9/9	contiguous	21784	1	1	28650..29159-;169;unnamed;0
NZ_CP139889.1	MPF_T	IncX3	58	0	0	GA	1	31;23680;24324;+;46.4	32;24308;24598;+;73.1	33;24623;27376;+;47.0	33;24623;27376;+;142.4	33;24623;27376;+;73.3	34;27386;28156;+;60.1	36;28435;29490;+;133.2		37;29685;30413;+;119.4	38;30419;31348;+;138.8	39;31345;32559;+;128.3	41;32755;33789;+;65.7	42;33792;35627;+;495.9		pfam	pfam_only	A	7/7	canonical	1	1	unscoreable	2	0	0														not_admitted	not_admitted	not_admitted	not_admitted	not_admitted	not_admitted	not_admitted
NZ_CP139890.1	MPF_T	IncX4	41	0	0	GA	1	0;1;621;+;41.6	1;635;961;+;64.4	2;980;3727;+;63.8	2;980;3727;+;151.8	2;980;3727;+;46.1	3;3739;4455;+;94.2	4;4467;5561;+;150.1		6;6076;6762;+;169.0	7;6759;7667;+;142.4	8;7660;8778;+;163.9	9;8780;9808;+;85.0	10;9840;11657;+;314.8		pfam	pfam_only	A	7/7	canonical	1	1	unscoreable	1	0	0														not_admitted	not_admitted	not_admitted	not_admitted	not_admitted	not_admitted	not_admitted
NZ_CP139892.1	MPF_F	IncFIB(AP001918);IncFII	190	0	0	GA	0															not_admitted	not_admitted	not_admitted	not_admitted	not_admitted	not_admitted	not_admitted	not_admitted	not_admitted	not_admitted	1	40;38413;39405;-;369.3	31;31978;33354;-;381.0	36;34941;35684;-;235.5	43;40414;43041;-;305.4	30;29156;31981;-;389.2	50;45096;46523;-;94.6	43;40414;43041;-;98.5	52;47238;47804;-;183.8	39;37766;38404;-;68.4	38;35961;37769;-;268.0	27;25454;27652;-;391.7	46;43557;44072;-;78.0	27;25454;27652;-;70.3	A	9/9	contiguous	21784	1	1	28650..29159-;169;unnamed;0
NZ_CP139893.1	MPF_T	IncX3	58	0	0	GA	1	31;23680;24324;+;46.4	32;24308;24598;+;73.1	33;24623;27376;+;47.0	33;24623;27376;+;142.4	33;24623;27376;+;73.3	34;27386;28156;+;60.1	36;28435;29490;+;133.2		37;29685;30413;+;119.4	38;30419;31348;+;138.8	39;31345;32559;+;128.3	41;32755;33789;+;65.7	42;33792;35627;+;495.9		pfam	pfam_only	A	7/7	canonical	1	1	unscoreable	2	0	0														not_admitted	not_admitted	not_admitted	not_admitted	not_admitted	not_admitted	not_admitted
NZ_CP139894.1	MPF_T	IncX4	41	0	0	GA	1	0;1;621;+;41.6	1;635;961;+;64.4	2;980;3727;+;63.8	2;980;3727;+;151.8	2;980;3727;+;46.1	3;3739;4455;+;94.2	4;4467;5561;+;150.1		6;6076;6762;+;169.0	7;6759;7667;+;142.4	8;7660;8778;+;163.9	9;8780;9808;+;85.0	10;9840;11657;+;314.8		pfam	pfam_only	A	7/7	canonical	1	1	unscoreable	1	0	0														not_admitted	not_admitted	not_admitted	not_admitted	not_admitted	not_admitted	not_admitted
NZ_CP139920.1	-	-	41	0	0	GA	1	37;38222;38890;-;44.1	36;37919;38212;-;73.6	35;35162;37909;-;63.4	35;35162;37909;-;138.1	35;35162;37909;-;58.9	34;34428;35150;-;120.0	32;33126;34127;-;161.0		30;32243;32926;-;172.2	29;31347;32243;-;140.2	28;30070;31350;-;161.7	27;29031;30059;-;81.0			pfam	pfam_only	B	6/7	canonical	1	1	unscoreable	2	0	0														not_admitted	not_admitted	not_admitted	not_admitted	not_admitted	not_admitted	not_admitted
NZ_CP139934.1	MPF_T	IncX3	67	0	0	GA	1	22;14297;14941;+;46.4	23;14925;15215;+;73.1	24;15240;17993;+;47.0	24;15240;17993;+;142.4	24;15240;17993;+;73.3	25;18003;18773;+;60.1	27;19052;20107;+;133.2		28;20302;21030;+;119.4	29;21036;21965;+;138.8	30;21962;23176;+;128.3	32;23372;24406;+;65.7	33;24409;26244;+;495.9		pfam	pfam_only	A	7/7	canonical	1	1	unscoreable	2	0	0														not_admitted	not_admitted	not_admitted	not_admitted	not_admitted	not_admitted	not_admitted
NZ_CP139936.1	MPF_F	IncFIB(K);IncFII(K)	186	0	0	GA	0															not_admitted	not_admitted	not_admitted	not_admitted	not_admitted	not_admitted	not_admitted	not_admitted	not_admitted	not_admitted	1	118;114290;115279;-;363.3	107;107104;108471;-;383.5	111;109729;110481;-;233.7	122;116736;119375;-;259.0	106;104282;107104;-;346.5	133;123343;124767;-;88.0	122;116736;119375;-;88.7	135;125494;126060;-;167.9	116;113367;114014;-;66.9	115;111353;113308;-;259.7	102;99352;101664;-;392.8	130;122147;122731;-;53.8	102;99352;101664;-;65.9	A	9/9	contiguous	26142	1	1	103657..104259-;200;TraS;0
NZ_CP139941.1	MPF_T	-	57	0	0	GA	1	13;11401;12111;-;101.0	12;11097;11390;-;41.2		11;8374;11085;-;78.0	11;8374;11085;-;57.1	10;7736;8377;-;71.2	23;19946;21031;-;71.0		22;19158;19946;-;74.6	21;18406;19143;-;149.0	20;17025;18404;-;180.8	19;15972;17009;-;92.0	15;12375;13892;-;35.7		pfam	both	A	7/7	rearranged	1	0	unscoreable	3	0	0														not_admitted	not_admitted	not_admitted	not_admitted	not_admitted	not_admitted	not_admitted
NZ_CP139954.1	MPF_T	IncFII(pEH01)	36	0	0	GA	1	34;23303;24007;-;47.3	33;23003;23299;-;67.3	32;20246;22990;-;49.1	32;20246;22990;-;149.6	32;20246;22990;-;48.3	31;19527;20231;-;139.3	29;18208;19275;-;159.8		27;17339;18022;-;189.7	26;16434;17339;-;153.7	25;15127;16392;-;155.2	23;13937;14962;-;67.3	18;10126;11853;-;46.4		pfam	both	A	7/7	canonical	1	1	unscoreable	7	0	0														not_admitted	not_admitted	not_admitted	not_admitted	not_admitted	not_admitted	not_admitted
NZ_CP139955.1	MPF_F	IncFII(pSE11)	76	0	0	GA	0															not_admitted	not_admitted	not_admitted	not_admitted	not_admitted	not_admitted	not_admitted	not_admitted	not_admitted	not_admitted	1	45;33990;34982;+;369.5	59;41791;43080;+;382.0	52;38758;39501;+;233.1	42;30351;32981;+;297.8	60;43077;45899;+;374.0	34;25498;26925;+;93.9	42;30351;32981;+;98.7	32;24217;24783;+;174.3	47;35326;35964;+;68.6	50;36676;38481;+;266.9	64;48171;50414;+;382.0	37;27809;28324;+;78.4	64;48171;50414;+;66.7	A	9/9	contiguous	23954	1	1	45920..46417+;165;TraS;0
NZ_CP139977.1	-	-	332	0	0	GA	0															not_admitted	not_admitted	not_admitted	not_admitted	not_admitted	not_admitted	not_admitted	not_admitted	not_admitted	not_admitted	1	44;54517;55524;-;361.2	39;49748;51169;-;298.1	40;51180;52034;-;207.1	48;57099;59666;-;241.3	38;46859;49723;-;259.4	51;61118;62500;-;108.4	48;57099;59666;-;102.0	53;63264;63866;-;122.9	43;53754;54530;-;90.4	42;52438;53751;-;102.5	66;74467;76377;-;55.4	49;59693;60355;-;47.6	66;74467;76377;-;52.2	A	9/9	contiguous	27608	0	1	
NZ_CP139980.1	MPF_T	-	234	0	0	GA	1	113;108428;109096;+;44.1	114;109093;109434;+;79.7	115;109442;109780;+;86.2	116;109773;112184;+;172.7	116;109773;112184;+;122.3	117;112189;112899;+;174.9	118;113141;114085;+;120.4		120;114426;115115;+;169.9	121;115112;115969;+;187.0	122;115975;117213;+;181.7	123;117210;118214;+;102.4	124;118180;120177;+;333.5		pfam	both	A	7/7	canonical	1	0	unscoreable	1	0	0														not_admitted	not_admitted	not_admitted	not_admitted	not_admitted	not_admitted	not_admitted
NZ_CP139981.1	MPF_T	-	96	0	0	GA	1	92;72373;73038;-;29.2	91;72010;72351;-;76.3	90;71659;71985;-;73.2	89;69288;71672;-;164.4	89;69288;71672;-;109.9	88;68684;69274;-;120.2	83;62590;63606;-;117.7		81;61566;62249;-;156.3	80;60727;61569;-;177.4	79;59457;60725;-;175.3	78;58468;59460;-;102.1	77;56574;58490;-;356.3		pfam	both	A	7/7	canonical	1	0	unscoreable	5	0	0														not_admitted	not_admitted	not_admitted	not_admitted	not_admitted	not_admitted	not_admitted
NZ_CP139991.1	MPF_T	IncX3	47	0	0	GA	1		1;592;882;+;71.9	2;907;3660;+;47.0	2;907;3660;+;148.7	2;907;3660;+;73.6	3;3670;4440;+;59.7	5;4719;5774;+;134.8		6;5969;6697;+;118.7	7;6703;7632;+;139.9	8;7629;8840;+;126.0	9;8852;9880;+;65.4	10;9883;11718;+;495.5		pfam	pfam_only	A	7/7	canonical	1	1	unscoreable	1	0	0														not_admitted	not_admitted	not_admitted	not_admitted	not_admitted	not_admitted	not_admitted
NZ_CP139995.1	-	-	48	0	0	GA	1	15;8399;8953;-;39.8	33;26013;26330;+;52.1	34;26333;26650;+;38.5	35;26653;29094;+;94.1	35;26653;29094;+;123.0	36;29107;29859;+;60.4	38;30157;31986;+;95.0		39;32000;32704;+;166.1	40;32719;33828;+;173.3	41;33831;35306;+;204.3	32;24993;25964;+;119.0	22;14038;16344;-;349.8		conjscan	conjscan_only	A	7/7	canonical	1	0	unscoreable	17	0	0														not_admitted	not_admitted	not_admitted	not_admitted	not_admitted	not_admitted	not_admitted
NZ_CP139999.1	MPF_T	-	411	0	0	GA	1		19;16703;17002;+;88.6	20;17009;17347;+;104.4	21;17340;19706;+;174.2	21;17340;19706;+;103.5	22;19703;20404;+;205.8	24;20639;21571;+;165.5		26;21894;22565;+;211.8	27;22562;23419;+;184.5	28;23428;24603;+;179.2	29;24612;25643;+;113.1	60;52248;54167;-;325.5		pfam	both	A	7/7	canonical	1	0	unscoreable	2	0	0														not_admitted	not_admitted	not_admitted	not_admitted	not_admitted	not_admitted	not_admitted
NZ_CP140002.1	MPF_F	-	266	0	0	GA	0															not_admitted	not_admitted	not_admitted	not_admitted	not_admitted	not_admitted	not_admitted	not_admitted	not_admitted	not_admitted	1	116;101895;102914;+;393.1	121;106619;108073;+;367.6	120;105789;106619;+;241.0	110;96833;99424;+;474.0	122;108092;110902;+;349.8	107;93628;94968;+;101.1	110;96833;99424;+;102.2	105;92251;92817;+;190.7	117;102925;103668;+;111.2	118;103665;105500;+;293.0	150;136142;138418;-;541.2	109;95830;96831;+;29.2	150;136142;138418;-;64.9	A	9/9	split_2	43891	0	1	
NZ_CP140091.1	MPF_T	repUS73	65	0	0	GA	1				19;16197;18215;+;25.2									25;22237;23766;+;461.0		none	none	D	2/7	uncallable	0	0	unscoreable	5	0	0														not_admitted	not_admitted	not_admitted	not_admitted	not_admitted	not_admitted	not_admitted
NZ_CP140105.1	MPF_F	-	241	0	0	GA	0															not_admitted	not_admitted	not_admitted	not_admitted	not_admitted	not_admitted	not_admitted	not_admitted	not_admitted	not_admitted	1	82;76291;77298;-;329.4	189;171321;172760;-;325.0	190;172762;173796;-;208.0	87;80077;82527;-;315.0	188;167673;171314;-;345.7	93;90418;91767;-;124.9	87;80077;82527;-;134.6	95;92711;93340;-;86.9	84;77996;79264;-;65.4	81;73315;76095;-;142.3	101;95686;97554;-;44.9	92;89870;90361;-;85.4	101;95686;97554;-;48.3	A	9/9	split_2	99447	0	1	
NZ_CP140119.1	-	-	56	0	0	GA	1	11;9199;9726;-;58.4	34;29819;30172;-;65.4	33;29486;29803;-;25.4	32;27085;29514;-;74.5	32;27085;29514;-;106.2	31;26343;27101;-;71.3	29;24501;25994;-;86.0		28;23837;24541;-;124.0	27;22757;23656;-;171.7	25;21095;22324;-;210.8	19;14569;16233;-;200.2	0;129;1910;-;38.2		conjscan	conjscan_only	A	7/7	canonical	1	0	unscoreable	43	0	0														not_admitted	not_admitted	not_admitted	not_admitted	not_admitted	not_admitted	not_admitted
NZ_CP140290.1	MPF_F	IncFIB(K);IncFII(K)	255	0	0	GA	0															not_admitted	not_admitted	not_admitted	not_admitted	not_admitted	not_admitted	not_admitted	not_admitted	not_admitted	not_admitted	1	33;34295;35287;-;366.6	23;27474;28844;-;381.2	27;30046;30798;-;232.4	36;36313;38952;-;258.7	22;24625;27474;-;344.2	45;42767;44191;-;89.2	36;36313;38952;-;88.8	47;44918;45484;-;167.0	32;33644;34282;-;67.0	31;31641;33647;-;259.0	18;20499;22811;-;393.2	43;41586;42155;-;49.7	18;20499;22811;-;65.8	A	9/9	contiguous	24419	1	1	24092..24622-;176;unnamed;0
NZ_CP140294.1	MPF_F	IncFIB(K)	107	0	0	GA	0															not_admitted	not_admitted	not_admitted	not_admitted	not_admitted	not_admitted	not_admitted	not_admitted	not_admitted	not_admitted	1	73;62471;63463;+;366.6	84;70199;71566;+;381.2	80;68189;68941;+;233.7	71;58817;61456;+;258.7	85;71566;73446;+;347.2	61;53579;55003;+;89.2	71;58817;61456;+;88.8	59;52286;52852;+;167.0	74;63476;64114;+;67.0	75;64111;66117;+;259.6	90;77175;79487;+;392.7	63;55615;56184;+;49.7	90;77175;79487;+;66.6	A	9/9	contiguous	24889	1	1	73487..74467+;326;unnamed;0
NZ_CP140295.1	MPF_F	IncFIB(pNDM-Mar);IncHI1B(pNDM-MAR)	346	0	0	GA	0															not_admitted	not_admitted	not_admitted	not_admitted	not_admitted	not_admitted	not_admitted	not_admitted	not_admitted	not_admitted	1	333;296196;297233;+;282.3	170;155544;156953;-;190.4	171;156943;157980;-;175.7	319;281422;284139;+;149.6	169;151532;155542;-;121.3	315;277939;279309;+;65.6	319;281422;284139;+;85.2	312;275433;276293;+;79.0	332;294838;296199;+;69.9	334;297243;300428;+;59.9	178;165179;167305;+;57.7	318;280640;281377;+;56.9	178;165179;167305;+;41.0	A	9/9	split_2	145711	0	1	
NZ_CP140299.1	MPF_T	-	1469	0	0	GA	1		643;616124;616423;+;88.9	644;616428;616769;+;105.7	645;616744;619140;+;172.7	645;616744;619140;+;108.7	646;619140;619838;+;201.7	648;620073;621008;+;160.3		650;621324;621995;+;215.6	651;621995;622849;+;183.4	652;622859;624031;+;180.8	498;465131;466624;+;213.3	147;116336;117904;-;487.4		pfam	both	A	7/7	canonical	1	0	unscoreable	2	0	0														not_admitted	not_admitted	not_admitted	not_admitted	not_admitted	not_admitted	not_admitted
NZ_CP140347.1	MPF_T	-	58	0	0	GA	1				21;15089;17557;-;105.0		46;33726;34682;-;31.6	9;5788;6942;-;93.1		19;14268;14945;-;112.5	18;13198;14268;-;97.7	17;12065;13201;-;143.9	15;10908;11861;-;100.7	13;8608;10494;-;243.9		pfam	pfam_only	A	7/7	canonical	1	0	unscoreable	6	0	0														not_admitted	not_admitted	not_admitted	not_admitted	not_admitted	not_admitted	not_admitted
NZ_CP140348.1	MPF_T	-	42	0	0	GA	1		33;33009;33272;-;59.3	32;30228;32996;-;73.3	32;30228;32996;-;174.2	32;30228;32996;-;86.0	24;25211;25867;-;67.6	23;24216;25214;-;119.5		21;23407;24069;-;177.6	20;22523;23410;-;161.4	19;21324;22496;-;166.0	18;20351;21343;-;93.2	17;18539;20350;-;348.4		pfam	pfam_only	A	7/7	canonical	1	1	unscoreable	8	0	0														not_admitted	not_admitted	not_admitted	not_admitted	not_admitted	not_admitted	not_admitted
NZ_CP140351.1	MPF_T	-	58	0	0	GA	1				21;15092;17560;-;105.0		46;33729;34685;-;31.6	9;5791;6945;-;93.1		19;14271;14948;-;112.5	18;13201;14271;-;97.7	17;12068;13204;-;143.9	15;10911;11864;-;100.7	13;8611;10497;-;243.9		pfam	pfam_only	A	7/7	canonical	1	0	unscoreable	6	0	0														not_admitted	not_admitted	not_admitted	not_admitted	not_admitted	not_admitted	not_admitted
NZ_CP140352.1	MPF_T	-	42	0	0	GA	1		33;33009;33272;-;59.3	32;30228;32996;-;73.3	32;30228;32996;-;174.2	32;30228;32996;-;86.0	24;25211;25867;-;67.6	23;24216;25214;-;119.5		21;23407;24069;-;177.6	20;22523;23410;-;161.4	19;21324;22496;-;166.0	18;20351;21343;-;93.2	17;18539;20350;-;348.4		pfam	pfam_only	A	7/7	canonical	1	1	unscoreable	8	0	0														not_admitted	not_admitted	not_admitted	not_admitted	not_admitted	not_admitted	not_admitted
NZ_CP140355.1	MPF_T	-	60	0	0	GA	1				10;8082;10550;-;105.0		35;26719;27675;-;31.6	57;42011;43165;-;93.1		8;7261;7938;-;112.5	7;6191;7261;-;97.7	6;5058;6194;-;143.9	4;3901;4854;-;100.7	2;1601;3487;-;243.9		pfam	pfam_only	A	7/7	rearranged	1	0	unscoreable	3	0	0														not_admitted	not_admitted	not_admitted	not_admitted	not_admitted	not_admitted	not_admitted
NZ_CP140356.1	MPF_T	-	42	0	0	GA	1		33;33009;33272;-;59.3	32;30228;32996;-;73.3	32;30228;32996;-;174.2	32;30228;32996;-;86.0	24;25211;25867;-;67.6	23;24216;25214;-;119.5		21;23407;24069;-;177.6	20;22523;23410;-;161.4	19;21324;22496;-;166.0	18;20351;21343;-;93.2	17;18539;20350;-;348.4		pfam	pfam_only	A	7/7	canonical	1	1	unscoreable	8	0	0														not_admitted	not_admitted	not_admitted	not_admitted	not_admitted	not_admitted	not_admitted
NZ_CP140359.1	MPF_T	-	58	0	0	GA	1				21;15089;17557;-;105.0		46;33726;34682;-;31.6	9;5788;6942;-;93.1		19;14268;14945;-;112.5	18;13198;14268;-;97.7	17;12065;13201;-;143.9	15;10908;11861;-;100.7	13;8608;10494;-;243.9		pfam	pfam_only	A	7/7	canonical	1	0	unscoreable	6	0	0														not_admitted	not_admitted	not_admitted	not_admitted	not_admitted	not_admitted	not_admitted
NZ_CP140360.1	MPF_T	-	42	0	0	GA	1		33;33009;33272;-;59.3	32;30228;32996;-;73.3	32;30228;32996;-;174.2	32;30228;32996;-;86.0	24;25211;25867;-;67.6	23;24216;25214;-;119.5		21;23407;24069;-;177.6	20;22523;23410;-;161.4	19;21324;22496;-;166.0	18;20351;21343;-;93.2	17;18539;20350;-;348.4		pfam	pfam_only	A	7/7	canonical	1	1	unscoreable	8	0	0														not_admitted	not_admitted	not_admitted	not_admitted	not_admitted	not_admitted	not_admitted
NZ_CP140363.1	MPF_T	-	59	0	0	GA	1				2;607;3075;+;105.0		36;26713;27669;+;31.6	14;11222;12376;+;93.1		4;3219;3896;+;112.5	5;3896;4966;+;97.7	6;4963;6099;+;143.9	8;6303;7256;+;100.7	10;7670;9556;+;243.9		pfam	pfam_only	A	7/7	canonical	1	0	unscoreable	6	0	0														not_admitted	not_admitted	not_admitted	not_admitted	not_admitted	not_admitted	not_admitted
NZ_CP140364.1	MPF_T	-	42	0	0	GA	1		33;33009;33272;-;59.3	32;30228;32996;-;73.3	32;30228;32996;-;174.2	32;30228;32996;-;86.0	24;25211;25867;-;67.6	23;24216;25214;-;119.5		21;23407;24069;-;177.6	20;22523;23410;-;161.4	19;21324;22496;-;166.0	18;20351;21343;-;93.2	17;18539;20350;-;348.4		pfam	pfam_only	A	7/7	canonical	1	1	unscoreable	8	0	0														not_admitted	not_admitted	not_admitted	not_admitted	not_admitted	not_admitted	not_admitted
NZ_CP140367.1	MPF_T	-	59	0	0	GA	1				2;607;3075;+;105.0		36;26713;27669;+;31.6	14;11222;12376;+;93.1		4;3219;3896;+;112.5	5;3896;4966;+;97.7	6;4963;6099;+;143.9	8;6303;7256;+;100.7	10;7670;9556;+;243.9		pfam	pfam_only	A	7/7	canonical	1	0	unscoreable	6	0	0														not_admitted	not_admitted	not_admitted	not_admitted	not_admitted	not_admitted	not_admitted
NZ_CP140368.1	MPF_T	-	42	0	0	GA	1		33;33009;33272;-;59.3	32;30228;32996;-;73.3	32;30228;32996;-;174.2	32;30228;32996;-;86.0	24;25211;25867;-;67.6	23;24216;25214;-;119.5		21;23407;24069;-;177.6	20;22523;23410;-;161.4	19;21324;22496;-;166.0	18;20351;21343;-;93.2	17;18539;20350;-;348.4		pfam	pfam_only	A	7/7	canonical	1	1	unscoreable	8	0	0														not_admitted	not_admitted	not_admitted	not_admitted	not_admitted	not_admitted	not_admitted
NZ_CP140371.1	MPF_T	-	58	0	0	GA	1				21;15089;17557;-;105.0		46;33726;34682;-;31.6	9;5788;6942;-;93.1		19;14268;14945;-;112.5	18;13198;14268;-;97.7	17;12065;13201;-;143.9	15;10908;11861;-;100.7	13;8608;10494;-;243.9		pfam	pfam_only	A	7/7	canonical	1	0	unscoreable	6	0	0														not_admitted	not_admitted	not_admitted	not_admitted	not_admitted	not_admitted	not_admitted
NZ_CP140372.1	MPF_T	-	43	0	0	GA	1		33;29913;30176;+;59.3	34;30189;32957;+;73.3	34;30189;32957;+;174.2	34;30189;32957;+;86.0	42;37318;37974;+;67.6	0;37;903;+;115.9		2;1050;1712;+;177.6	3;1709;2596;+;161.4	4;2623;3795;+;166.0	5;3776;4768;+;93.2	6;4769;6580;+;348.4		pfam	pfam_only	A	7/7	rearranged	1	1	unscoreable	8	0	0														not_admitted	not_admitted	not_admitted	not_admitted	not_admitted	not_admitted	not_admitted
NZ_CP140375.1	MPF_T	-	58	0	0	GA	1				21;15089;17557;-;105.0		46;33726;34682;-;31.6	9;5788;6942;-;93.1		19;14268;14945;-;112.5	18;13198;14268;-;97.7	17;12065;13201;-;143.9	15;10908;11861;-;100.7	13;8608;10494;-;243.9		pfam	pfam_only	A	7/7	canonical	1	0	unscoreable	6	0	0														not_admitted	not_admitted	not_admitted	not_admitted	not_admitted	not_admitted	not_admitted
NZ_CP140376.1	MPF_T	-	42	0	0	GA	1		33;33009;33272;-;59.3	32;30228;32996;-;73.3	32;30228;32996;-;174.2	32;30228;32996;-;86.0	24;25211;25867;-;67.6	23;24216;25214;-;119.5		21;23407;24069;-;177.6	20;22523;23410;-;161.4	19;21324;22496;-;166.0	18;20351;21343;-;93.2	17;18539;20350;-;348.4		pfam	pfam_only	A	7/7	canonical	1	1	unscoreable	8	0	0														not_admitted	not_admitted	not_admitted	not_admitted	not_admitted	not_admitted	not_admitted
NZ_CP140379.1	MPF_T	-	58	0	0	GA	1				21;15089;17557;-;105.0		46;33726;34682;-;31.6	9;5788;6942;-;93.1		19;14268;14945;-;112.5	18;13198;14268;-;97.7	17;12065;13201;-;143.9	15;10908;11861;-;100.7	13;8608;10494;-;243.9		pfam	pfam_only	A	7/7	canonical	1	0	unscoreable	6	0	0														not_admitted	not_admitted	not_admitted	not_admitted	not_admitted	not_admitted	not_admitted
NZ_CP140380.1	MPF_T	-	43	0	0	GA	1		33;29913;30176;+;59.3	34;30189;32957;+;73.3	34;30189;32957;+;174.2	34;30189;32957;+;86.0	42;37318;37974;+;67.6	0;37;903;+;115.9		2;1050;1712;+;177.6	3;1709;2596;+;161.4	4;2623;3795;+;166.0	5;3776;4768;+;93.2	6;4769;6580;+;348.4		pfam	pfam_only	A	7/7	rearranged	1	1	unscoreable	8	0	0														not_admitted	not_admitted	not_admitted	not_admitted	not_admitted	not_admitted	not_admitted
NZ_CP140383.1	MPF_T	-	58	0	0	GA	1				21;15092;17560;-;105.0		46;33729;34685;-;31.6	9;5791;6945;-;93.1		19;14271;14948;-;112.5	18;13201;14271;-;97.7	17;12068;13204;-;143.9	15;10911;11864;-;100.7	13;8611;10497;-;243.9		pfam	pfam_only	A	7/7	canonical	1	0	unscoreable	6	0	0														not_admitted	not_admitted	not_admitted	not_admitted	not_admitted	not_admitted	not_admitted
NZ_CP140384.1	MPF_T	-	42	0	0	GA	1		33;33009;33272;-;59.3	32;30228;32996;-;73.3	32;30228;32996;-;174.2	32;30228;32996;-;86.0	24;25211;25867;-;67.6	23;24216;25214;-;119.5		21;23407;24069;-;177.6	20;22523;23410;-;161.4	19;21324;22496;-;166.0	18;20351;21343;-;93.2	17;18539;20350;-;348.4		pfam	pfam_only	A	7/7	canonical	1	1	unscoreable	8	0	0														not_admitted	not_admitted	not_admitted	not_admitted	not_admitted	not_admitted	not_admitted
NZ_CP140387.1	MPF_T	-	58	0	0	GA	1				21;15089;17557;-;105.0		46;33726;34682;-;31.6	9;5788;6942;-;93.1		19;14268;14945;-;112.5	18;13198;14268;-;97.7	17;12065;13201;-;143.9	15;10908;11861;-;100.7	13;8608;10494;-;243.9		pfam	pfam_only	A	7/7	canonical	1	0	unscoreable	6	0	0														not_admitted	not_admitted	not_admitted	not_admitted	not_admitted	not_admitted	not_admitted
NZ_CP140388.1	MPF_T	-	43	0	0	GA	1		33;29913;30176;+;59.3	34;30189;32957;+;73.3	34;30189;32957;+;174.2	34;30189;32957;+;86.0	42;37318;37974;+;67.6	0;37;903;+;115.9		2;1050;1712;+;177.6	3;1709;2596;+;161.4	4;2623;3795;+;166.0	5;3776;4768;+;93.2	6;4769;6580;+;348.4		pfam	pfam_only	A	7/7	rearranged	1	1	unscoreable	8	0	0														not_admitted	not_admitted	not_admitted	not_admitted	not_admitted	not_admitted	not_admitted
NZ_CP140391.1	MPF_T	-	59	0	0	GA	1				2;607;3075;+;105.0		36;26713;27669;+;31.6	14;11222;12376;+;93.1		4;3219;3896;+;112.5	5;3896;4966;+;97.7	6;4963;6099;+;143.9	8;6303;7256;+;100.7	10;7670;9556;+;243.9		pfam	pfam_only	A	7/7	canonical	1	0	unscoreable	6	0	0														not_admitted	not_admitted	not_admitted	not_admitted	not_admitted	not_admitted	not_admitted
NZ_CP140392.1	MPF_T	-	43	0	0	GA	1		33;29913;30176;+;59.3	34;30189;32957;+;73.3	34;30189;32957;+;174.2	34;30189;32957;+;86.0	42;37318;37974;+;67.6	0;37;903;+;115.9		2;1050;1712;+;177.6	3;1709;2596;+;161.4	4;2623;3795;+;166.0	5;3776;4768;+;93.2	6;4769;6580;+;348.4		pfam	pfam_only	A	7/7	rearranged	1	1	unscoreable	8	0	0														not_admitted	not_admitted	not_admitted	not_admitted	not_admitted	not_admitted	not_admitted
NZ_CP140395.1	MPF_T	-	59	0	0	GA	1				2;607;3075;+;105.0		36;26713;27669;+;31.6	14;11222;12376;+;93.1		4;3219;3896;+;112.5	5;3896;4966;+;97.7	6;4963;6099;+;143.9	8;6303;7256;+;100.7	10;7670;9556;+;243.9		pfam	pfam_only	A	7/7	canonical	1	0	unscoreable	6	0	0														not_admitted	not_admitted	not_admitted	not_admitted	not_admitted	not_admitted	not_admitted
NZ_CP140396.1	MPF_T	-	43	0	0	GA	1		33;29913;30176;+;59.3	34;30189;32957;+;73.3	34;30189;32957;+;174.2	34;30189;32957;+;86.0	42;37318;37974;+;67.6	0;37;903;+;115.9		2;1050;1712;+;177.6	3;1709;2596;+;161.4	4;2623;3795;+;166.0	5;3776;4768;+;93.2	6;4769;6580;+;348.4		pfam	pfam_only	A	7/7	rearranged	1	1	unscoreable	8	0	0														not_admitted	not_admitted	not_admitted	not_admitted	not_admitted	not_admitted	not_admitted
NZ_CP140399.1	MPF_T	-	58	0	0	GA	1				21;15090;17558;-;105.0		46;33727;34683;-;31.6	9;5789;6943;-;93.1		19;14269;14946;-;112.5	18;13199;14269;-;97.7	17;12066;13202;-;143.9	15;10909;11862;-;100.7	13;8609;10495;-;243.9		pfam	pfam_only	A	7/7	canonical	1	0	unscoreable	6	0	0														not_admitted	not_admitted	not_admitted	not_admitted	not_admitted	not_admitted	not_admitted
NZ_CP140400.1	MPF_T	-	42	0	0	GA	1		33;33009;33272;-;59.3	32;30228;32996;-;73.3	32;30228;32996;-;174.2	32;30228;32996;-;86.0	24;25211;25867;-;67.6	23;24216;25214;-;119.5		21;23407;24069;-;177.6	20;22523;23410;-;161.4	19;21324;22496;-;166.0	18;20351;21343;-;93.2	17;18539;20350;-;348.4		pfam	pfam_only	A	7/7	canonical	1	1	unscoreable	8	0	0														not_admitted	not_admitted	not_admitted	not_admitted	not_admitted	not_admitted	not_admitted
NZ_CP140414.1	MPF_F	IncFII	88	0	0	GA	0															not_admitted	not_admitted	not_admitted	not_admitted	not_admitted	not_admitted	not_admitted	not_admitted	not_admitted	not_admitted	1	59;41804;42796;+;367.1	73;49587;50960;+;379.9	66;46645;47388;+;232.4	56;38165;40795;+;303.9	74;50957;53773;+;390.2	48;33889;35316;+;94.1	56;38165;40795;+;97.9	46;32608;33174;+;183.8	63;43883;44521;+;68.9	64;44518;46368;+;263.9	77;55336;57561;+;391.3	52;36438;36953;+;74.9	77;55336;57561;+;70.3	A	9/9	contiguous	22728	1	1	53806..54327+;173;unnamed;0
NZ_CP140421.1	MPF_F	-	102	0	0	GA	0															not_admitted	not_admitted	not_admitted	not_admitted	not_admitted	not_admitted	not_admitted	not_admitted	not_admitted	not_admitted	1	89;56962;58005;+;369.2	94;61988;63415;+;325.8	92;60774;61586;+;219.1	85;52674;55400;+;164.6	95;63431;66433;+;208.7	81;49676;50992;+;102.7	85;52674;55400;+;108.4	79;48385;48963;+;83.7	90;58020;58727;+;107.6	91;58724;60781;+;91.0	59;34426;36585;+;381.3	84;52020;52664;+;41.9	59;34426;36585;+;90.0	A	9/9	contiguous	29005	1	1	66505..67023+;172;unnamed;0
NZ_CP140428.1	MPF_T	IncFII(pMET)	36	0	0	GA	1	0;19;729;+;47.5	1;726;1031;+;73.1	2;1044;3782;+;49.1	2;1044;3782;+;151.4	2;1044;3782;+;32.2	3;3801;4511;+;141.1	5;4760;5836;+;170.4		7;6058;6741;+;195.6	8;6741;7646;+;155.4	9;7693;8961;+;147.2	10;8951;9976;+;66.1	14;11832;13568;+;46.4		pfam	pfam_only	A	7/7	canonical	1	1	unscoreable	5	0	0														not_admitted	not_admitted	not_admitted	not_admitted	not_admitted	not_admitted	not_admitted
NZ_CP140435.1	MPF_F	-	101	0	0	GA	0															not_admitted	not_admitted	not_admitted	not_admitted	not_admitted	not_admitted	not_admitted	not_admitted	not_admitted	not_admitted	1	9;8019;9062;+;369.2	14;13041;14468;+;325.8	12;11831;12643;+;219.1	5;3731;6457;+;164.6	15;14484;17477;+;208.7	1;733;2049;+;102.7	5;3731;6457;+;108.4		10;9077;9784;+;107.6	11;9781;11838;+;92.2	81;59137;61296;+;381.4	4;3077;3721;+;41.9	81;59137;61296;+;89.7	B	8/9	split_2	58404	1	1	17549..18067+;172;unnamed;0
NZ_CP140439.1	MPF_F	-	102	0	0	GA	0															not_admitted	not_admitted	not_admitted	not_admitted	not_admitted	not_admitted	not_admitted	not_admitted	not_admitted	not_admitted	1	4;4289;5332;+;369.2	9;9311;10738;+;325.8	7;8101;8913;+;219.1	0;1;2727;+;164.6	10;10754;13747;+;208.7	98;70304;71620;+;102.7	0;1;2727;+;108.4	96;69013;69591;+;82.6	5;5347;6054;+;107.6	6;6051;8108;+;92.2	76;55407;57566;+;381.4	101;72648;73292;+;41.9	76;55407;57566;+;89.7	A	9/9	split_2	72647	1	1	13819..14337+;172;unnamed;0
NZ_CP140442.1	-	-	51	0	0	GA	1	38;28596;29210;+;45.0	39;29265;29507;+;49.7	40;29568;32339;+;45.0	40;29568;32339;+;164.7	40;29568;32339;+;64.9	41;32379;33116;+;65.8	43;33375;34409;+;119.4		46;34831;35550;+;150.6	47;35553;36470;+;144.1	48;36467;37651;+;136.1	49;37654;38685;+;84.9	50;38694;40526;+;474.7		pfam	pfam_only	A	7/7	canonical	1	1	unscoreable	3	0	0														not_admitted	not_admitted	not_admitted	not_admitted	not_admitted	not_admitted	not_admitted
NZ_CP140467.1	MPF_T	IncFII(pEH01)	40	0	0	GA	1	18;14079;14783;-;47.3	17;13779;14075;-;67.8	16;11022;13766;-;49.1	16;11022;13766;-;152.2	16;11022;13766;-;48.4	15;10300;11007;-;139.6	13;8984;10054;-;158.5		11;8115;8798;-;190.5	10;7210;8115;-;154.1	9;5903;7168;-;155.2	7;4714;5739;-;67.4	1;902;2629;-;47.5		pfam	both	A	7/7	canonical	1	1	unscoreable	8	0	0														not_admitted	not_admitted	not_admitted	not_admitted	not_admitted	not_admitted	not_admitted
NZ_CP140469.1	MPF_F	IncFIB(AP001918);IncFIC(FII)	155	0	0	GA	0															not_admitted	not_admitted	not_admitted	not_admitted	not_admitted	not_admitted	not_admitted	not_admitted	not_admitted	not_admitted	1	106;103601;104593;-;369.3	95;96542;97915;-;378.0	102;100129;100872;-;234.1	109;105602;108229;-;305.4	94;93723;96545;-;389.5	115;110284;111711;-;94.3	109;105602;108229;-;98.5	117;112426;112992;-;183.8	105;102954;103592;-;68.4	104;101149;102957;-;268.4	91;90041;92194;-;391.9	111;108745;109260;-;78.4	91;90041;92194;-;70.4	A	9/9	contiguous	22385	1	1	93210..93701-;163;TraS;0
NZ_CP140475.1	MPF_F	IncFII	83	0	0	GA	0															not_admitted	not_admitted	not_admitted	not_admitted	not_admitted	not_admitted	not_admitted	not_admitted	not_admitted	not_admitted	1	46;38523;39515;+;369.5	56;45294;46667;+;381.7	51;42621;43364;+;234.4	43;34884;37514;+;304.1	57;46664;49486;+;374.0	36;30434;31885;+;94.2	43;34884;37514;+;97.1	34;29153;29719;+;174.3	48;39859;40497;+;68.6	49;40494;42344;+;266.1	61;51758;54046;+;391.0	39;32745;33260;+;78.4	61;51758;54046;+;70.3	A	9/9	contiguous	22605	1	1	49508..49987+;159;TraS;0
NZ_CP140476.1	MPF_T	ColKP3;IncX3	75	0	0	GA	1	38;26299;26943;+;46.4	39;26927;27217;+;73.1	40;27242;29995;+;47.0	40;27242;29995;+;142.4	40;27242;29995;+;73.3	41;30005;30775;+;60.1	43;31054;32109;+;132.8		44;32304;33032;+;119.4	45;33038;33967;+;138.8	46;33964;35178;+;128.3	48;35374;36408;+;65.7	49;36411;38246;+;495.9		pfam	pfam_only	A	7/7	canonical	1	1	unscoreable	2	0	0														not_admitted	not_admitted	not_admitted	not_admitted	not_admitted	not_admitted	not_admitted
NZ_CP140486.1	MPF_T	-	59	0	0	GA	1				2;607;3075;+;105.0		36;26713;27669;+;31.6	14;11222;12376;+;93.1		4;3219;3896;+;112.5	5;3896;4966;+;97.7	6;4963;6099;+;143.9	8;6303;7256;+;100.7	10;7670;9556;+;243.9		pfam	pfam_only	A	7/7	canonical	1	0	unscoreable	6	0	0														not_admitted	not_admitted	not_admitted	not_admitted	not_admitted	not_admitted	not_admitted
NZ_CP140487.1	MPF_T	-	42	0	0	GA	1		33;33009;33272;-;59.3	32;30228;32996;-;73.3	32;30228;32996;-;174.2	32;30228;32996;-;86.0	24;25211;25867;-;67.6	23;24216;25214;-;119.5		21;23407;24069;-;177.6	20;22523;23410;-;161.4	19;21324;22496;-;166.0	18;20351;21343;-;93.2	17;18539;20350;-;348.4		pfam	pfam_only	A	7/7	canonical	1	1	unscoreable	8	0	0														not_admitted	not_admitted	not_admitted	not_admitted	not_admitted	not_admitted	not_admitted
NZ_CP140490.1	MPF_F	IncFIB(pB171);IncFII(S);IncN3	208	1	1	GA	1	93;82076;82462;-;72.1	197;184114;184410;-;36.0	196;183757;184074;-;71.9	195;181183;183756;-;117.9	195;181183;183756;-;74.2	194;180466;181167;-;99.8	192;179160;180197;-;122.7	191;178952;179083;-;40.1	190;178246;178941;-;132.6	189;177348;178235;-;151.1	188;176215;177348;-;166.3	187;175163;176164;-;90.0	181;167943;169475;+;48.1	110;95101;96954;+;253.1	pfam	both	A	7/7	canonical	1	0	ga	28	0	1	107;93119;94114;+;357.0	113;98367;99728;+;336.1	111;96951;97730;+;196.3	104;89435;92026;+;218.1	114;99730;102627;+;290.9	188;176215;177348;-;166.3	104;89435;92026;+;87.3	99;85372;85935;+;143.8	109;94490;95104;+;79.9	110;95101;96954;+;253.1	117;104206;106497;+;375.8	103;88825;89424;+;50.4	117;104206;106497;+;65.0	A	9/9	split_2	90843	1	1	102639..103199+;186;unnamed;0
NZ_CP140491.1	MPF_F	IncFII(Yp);IncFII(pAR0022)	78	0	0	GA	0															not_admitted	not_admitted	not_admitted	not_admitted	not_admitted	not_admitted	not_admitted	not_admitted	not_admitted	not_admitted	1	59;42616;43602;+;368.4	67;48315;49685;+;376.7	63;46349;47098;+;218.2	56;38992;41622;+;287.6	68;49685;52507;+;332.9	50;35570;36964;+;90.9	56;38992;41622;+;98.6	48;34287;34853;+;169.9	60;43619;44248;+;66.9	61;44245;46098;+;260.5	71;53843;56062;+;384.8	51;36986;37525;+;67.5	71;53843;56062;+;63.9	A	9/9	contiguous	19556	1	1	52529..52960+;143;TraS;0
NZ_CP140496.1	MPF_T	IncFII(pMET)	35	0	0	GA	1	10;9261;9971;-;47.5	9;8959;9264;-;73.1	8;6208;8946;-;49.1	8;6208;8946;-;151.4	8;6208;8946;-;32.2	7;5479;6189;-;141.1	5;4154;5230;-;170.4		3;3249;3932;-;195.6	2;2344;3249;-;155.4	1;1029;2297;-;147.2	0;14;1039;-;66.1	32;27102;28838;-;46.4		pfam	pfam_only	A	7/7	canonical	1	1	unscoreable	2	0	0														not_admitted	not_admitted	not_admitted	not_admitted	not_admitted	not_admitted	not_admitted
NZ_CP140500.1	MPF_F	IncFIB(K);IncFII(K);IncFII(pAR0022)	249	0	0	GA	0															not_admitted	not_admitted	not_admitted	not_admitted	not_admitted	not_admitted	not_admitted	not_admitted	not_admitted	not_admitted	1	161;159054;160043;-;366.6	151;152140;153507;-;384.1	155;154765;155517;-;233.7	165;161500;164139;-;258.5	150;149318;152140;-;346.4	175;168043;169467;-;89.5	165;161500;164139;-;88.7	177;170194;170760;-;167.0	160;158403;159041;-;66.9	159;156389;158344;-;259.4	146;144393;146702;-;393.1	173;166847;167431;-;53.8	146;144393;146702;-;66.6	A	9/9	contiguous	25801	1	1	148693..149295-;200;TraS;0
NZ_CP140501.1	MPF_T	IncN;repB(R1701)	103	0	0	GA	1	36;27079;27813;+;32.5		39;28456;28773;+;63.3	40;28773;31373;+;113.8	40;28773;31373;+;76.4	41;31391;32104;+;105.5	43;32355;33395;+;142.4		44;33614;34312;+;131.9	45;34323;35207;+;159.4	46;35207;36367;+;156.3	47;36409;37404;+;81.2	51;41985;43514;-;38.5		pfam	both	A	7/7	canonical	1	0	unscoreable	6	0	0														not_admitted	not_admitted	not_admitted	not_admitted	not_admitted	not_admitted	not_admitted
NZ_CP140507.1	MPF_T	IncX1	54	0	0	GA	1	19;17884;18528;-;47.1	18;17610;17900;-;73.5	17;14827;17586;-;44.8	17;14827;17586;-;133.3	17;14827;17586;-;71.9	16;14088;14825;-;57.5	14;12751;13806;-;131.7		13;11839;12561;-;116.0	12;10904;11833;-;132.4	11;9693;10907;-;128.6	10;8638;9675;-;66.4	9;6798;8633;-;543.4		pfam	pfam_only	A	7/7	canonical	1	1	unscoreable	1	0	0														not_admitted	not_admitted	not_admitted	not_admitted	not_admitted	not_admitted	not_admitted
NZ_CP140511.1	MPF_F	IncFIB(pNDM-Mar);IncHI1B(pNDM-MAR)	373	0	0	GA	0															not_admitted	not_admitted	not_admitted	not_admitted	not_admitted	not_admitted	not_admitted	not_admitted	not_admitted	not_admitted	1	37;35037;36074;-;282.3	255;244834;246243;-;190.4	256;246233;247270;-;176.7	49;46906;49623;-;148.7	254;240894;244832;-;118.9	53;51736;53106;-;65.6	49;46906;49623;-;85.2	56;54752;55612;-;79.0	38;36071;37432;-;69.9	36;31842;35027;-;58.9	263;254451;256577;+;58.0	50;49668;50405;-;57.0	263;254451;256577;+;39.7	A	9/9	split_2	222609	0	1	
NZ_CP140518.1	MPF_T	IncX4	46	0	0	GA	1	43;33304;33915;+;53.8	44;33887;34201;+;30.3	45;34259;34579;+;39.0	0;1;2373;+;81.6	0;1;2373;+;33.6	40;31333;31974;-;33.9	41;31976;32971;-;124.7		2;2504;3241;+;158.9	3;3238;4017;+;167.2	4;4007;5149;+;143.5	5;5149;6168;+;91.9	6;6219;8186;+;290.0		pfam	pfam_only	A	7/7	uncallable	0	0	unscoreable	2	0	0														not_admitted	not_admitted	not_admitted	not_admitted	not_admitted	not_admitted	not_admitted
NZ_CP140622.1	MPF_F	IncFII	98	0	0	GA	0															not_admitted	not_admitted	not_admitted	not_admitted	not_admitted	not_admitted	not_admitted	not_admitted	not_admitted	not_admitted	1	74;57601;58593;+;369.5	84;64372;65745;+;381.7	79;61699;62442;+;234.4	71;53962;56592;+;304.1	85;65742;68564;+;374.0	64;49512;50963;+;94.2	71;53962;56592;+;97.4	62;48231;48797;+;174.3	76;58937;59575;+;68.6	77;59572;61422;+;266.1	89;70836;73079;+;391.1	67;51823;52338;+;78.4	89;70836;73079;+;70.3	A	9/9	contiguous	22605	1	1	68586..69065+;159;TraS;0
NZ_CP140637.1	MPF_T	-	1204	0	0	GA	1	36;32014;32634;-;22.8	35;31718;32017;-;91.6	34;31377;31712;-;101.1	33;29018;31384;-;176.8	33;29018;31384;-;104.6	32;28320;29018;-;197.5	30;27166;28086;-;165.3		28;26162;26833;-;209.4	27;25308;26165;-;184.0	26;24123;25298;-;181.2	25;23121;24116;-;107.5	757;825607;827520;+;328.7		pfam	both	A	7/7	canonical	1	0	unscoreable	2	0	0														not_admitted	not_admitted	not_admitted	not_admitted	not_admitted	not_admitted	not_admitted
NZ_CP140639.1	MPF_T	-	377	0	0	GA	1		116;119357;119740;+;73.3	117;119733;120032;+;65.2	118;120043;122493;+;173.9	118;120043;122493;+;122.7	119;122471;123268;+;52.0	121;123459;124640;+;110.4		122;124661;125323;+;129.0	123;125341;126153;+;185.7	125;126609;127907;+;215.8	115;118390;119367;+;129.0	136;137758;139692;+;538.2		conjscan	conjscan_only	A	7/7	canonical	1	0	unscoreable	13	0	0														not_admitted	not_admitted	not_admitted	not_admitted	not_admitted	not_admitted	not_admitted
NZ_CP140747.1	MPF_T	IncFII(29);IncFII(p96A)	75	0	0	GA	1	27;28273;28755;-;89.1	53;53488;53841;-;32.1	52;53117;53488;-;35.8	51;50668;53160;-;62.2		49;48442;49119;-;53.3	47;47009;47953;-;116.5		46;46002;46853;-;100.4	45;45190;46005;-;160.4	44;43853;45193;-;128.0	34;33811;35373;-;194.6	40;40449;42068;-;236.7		pfam	pfam_only	A	7/7	canonical	1	0	unscoreable	14	0	0														not_admitted	not_admitted	not_admitted	not_admitted	not_admitted	not_admitted	not_admitted
NZ_CP140761.1	MPF_F	IncFIB(pNDM-Mar);IncHI1B(pNDM-MAR)	300	0	0	GA	0															not_admitted	not_admitted	not_admitted	not_admitted	not_admitted	not_admitted	not_admitted	not_admitted	not_admitted	not_admitted	1	231;203732;204769;-;282.3	79;59197;60606;+;190.4	78;58170;59207;+;176.7	243;215601;218318;-;149.6	80;60608;63820;+;120.5	247;220431;221801;-;65.6	243;215601;218318;-;85.2	250;223447;224307;-;79.0	232;204766;206127;-;70.0	230;200537;203722;-;59.6	71;48863;50989;-;58.0	244;218363;219100;-;56.9	71;48863;50989;-;39.7	A	9/9	split_2	174584	1	1	63760..64968+;402;unnamed;0
NZ_CP140763.1	MPF_F	IncFIA(HI1);IncFII(K);IncFII(pAR0022)	121	0	0	GA	0															not_admitted	not_admitted	not_admitted	not_admitted	not_admitted	not_admitted	not_admitted	not_admitted	not_admitted	not_admitted	1	96;75060;76049;+;366.6	106;81571;82938;+;384.3	102;79557;80309;+;235.6	92;70964;73603;+;258.5	107;82938;85787;+;346.4	86;67058;68482;+;89.3	92;70964;73603;+;88.7	84;65765;66331;+;169.3	97;76062;76700;+;67.0	98;76759;78714;+;259.7	111;88249;90561;+;393.2	87;68555;69139;+;54.9	111;88249;90561;+;65.8	A	9/9	contiguous	22484	1	1	85790..86320+;176;unnamed;0
NZ_CP140767.1	MPF_F	IncFIB(pNDM-Mar);IncHI1B(pNDM-MAR)	300	0	0	GA	0															not_admitted	not_admitted	not_admitted	not_admitted	not_admitted	not_admitted	not_admitted	not_admitted	not_admitted	not_admitted	1	231;203732;204769;-;282.3	79;59197;60606;+;190.4	78;58170;59207;+;176.7	243;215601;218318;-;149.6	80;60608;63820;+;120.5	247;220431;221801;-;65.6	243;215601;218318;-;85.2	250;223447;224307;-;79.0	232;204766;206127;-;70.0	230;200537;203722;-;59.6	71;48863;50989;-;58.0	244;218363;219100;-;56.9	71;48863;50989;-;39.7	A	9/9	split_2	174584	1	1	63760..64968+;402;unnamed;0
NZ_CP140768.1	MPF_F	IncFIA(HI1);IncFII(K);IncFII(pAR0022)	121	0	0	GA	0															not_admitted	not_admitted	not_admitted	not_admitted	not_admitted	not_admitted	not_admitted	not_admitted	not_admitted	not_admitted	1	96;75060;76049;+;366.6	106;81571;82938;+;384.3	102;79557;80309;+;235.6	92;70964;73603;+;258.5	107;82938;85787;+;346.4	86;67058;68482;+;89.3	92;70964;73603;+;88.7	84;65765;66331;+;169.3	97;76062;76700;+;67.0	98;76759;78714;+;259.7	111;88249;90561;+;393.2	87;68555;69139;+;54.9	111;88249;90561;+;65.8	A	9/9	contiguous	22484	1	1	85790..86320+;176;unnamed;0
NZ_CP140779.1	MPF_F	IncFII(pHN7A8)	78	0	0	GA	0															not_admitted	not_admitted	not_admitted	not_admitted	not_admitted	not_admitted	not_admitted	not_admitted	not_admitted	not_admitted	1	30;29153;30145;-;369.5	17;20947;22320;-;376.8	22;23886;24629;-;234.4	33;31154;33781;-;301.8	16;18134;20950;-;376.7	38;35836;37263;-;94.1	33;31154;33781;-;101.8	40;37978;38544;-;183.8	27;27569;28207;-;70.4	24;24906;26756;-;265.0	12;13590;15833;-;391.7	34;34297;34812;-;78.0	12;13590;15833;-;70.3	A	9/9	contiguous	24388	1	1	17580..18101-;173;unnamed;0
NZ_CP140808.1	MPF_T	-	1004	0	0	GA	1	649;688501;689163;+;23.7	650;689160;689459;+;89.6	651;689465;689803;+;101.6	652;689796;692162;+;175.5	652;689796;692162;+;107.7	653;692162;692860;+;199.4	655;693093;694013;+;163.7		657;694352;695023;+;207.1	658;695020;695877;+;183.5	659;695887;697059;+;177.9	660;697068;698108;+;106.4	906;973162;975075;-;331.4		pfam	both	A	7/7	canonical	1	0	unscoreable	2	0	0														not_admitted	not_admitted	not_admitted	not_admitted	not_admitted	not_admitted	not_admitted
NZ_CP140809.1	MPF_T	-	299	0	0	GA	1	135;123800;124462;+;69.6	294;262096;262479;-;74.2	293;261804;262103;-;64.5	291;259381;261129;-;138.3	292;261200;261793;-;125.7	290;258560;259363;-;52.0	288;257189;258220;-;114.4		287;256506;257168;-;123.5	286;255676;256488;-;183.6	284;253921;254814;-;212.1	295;262469;263446;-;129.6	270;241415;243346;-;549.9		conjscan	conjscan_only	A	7/7	canonical	1	0	unscoreable	3	0	0														not_admitted	not_admitted	not_admitted	not_admitted	not_admitted	not_admitted	not_admitted
NZ_CP140821.1	MPF_T	-	273	0	0	GA	1	258;253486;253902;+;71.0	120;114377;114760;-;74.2	119;114085;114384;-;64.5	118;111618;114074;-;169.6	118;111618;114074;-;121.9	117;110843;111646;-;51.0	115;109471;110652;-;113.9		114;108788;109450;-;129.8	113;107958;108770;-;183.6	111;106204;107502;-;210.7	121;114750;115727;-;129.4	97;93684;95618;-;550.9		conjscan	conjscan_only	A	7/7	canonical	1	0	unscoreable	3	0	0														not_admitted	not_admitted	not_admitted	not_admitted	not_admitted	not_admitted	not_admitted
NZ_CP140849.1	MPF_T	-	293	0	0	GA	1	129;124080;124742;+;69.6	288;265807;266190;-;74.2	287;265515;265814;-;64.5	286;263048;265504;-;169.6	286;263048;265504;-;121.9	285;262273;263076;-;52.0	283;260901;262082;-;113.9		282;260218;260880;-;129.8	281;259388;260200;-;181.3	279;257634;258932;-;210.7	289;266180;267157;-;129.6	265;245130;247061;-;549.9		conjscan	conjscan_only	A	7/7	canonical	1	0	unscoreable	3	0	0														not_admitted	not_admitted	not_admitted	not_admitted	not_admitted	not_admitted	not_admitted
NZ_CP140852.1	MPF_T	-	610	0	0	GA	1		121;152538;152912;+;78.1	122;152909;153208;+;63.5	123;153218;155665;+;168.7	123;153218;155665;+;116.5	124;155637;156437;+;58.4	125;156625;157800;+;114.6		126;157820;158482;+;124.7	127;158497;159321;+;185.1	129;159763;161052;+;206.2	120;151583;152548;+;132.7	154;184603;186606;+;549.7		conjscan	conjscan_only	A	7/7	canonical	1	0	unscoreable	2	0	0														not_admitted	not_admitted	not_admitted	not_admitted	not_admitted	not_admitted	not_admitted
NZ_CP140853.1	MPF_T	-	1154	0	0	GA	1	646;675933;676595;+;22.3	647;676592;676891;+;90.5	648;676897;677235;+;102.5	649;677337;679595;+;173.2	649;677337;679595;+;99.2	650;679595;680293;+;198.2	652;680527;681447;+;163.5		654;681786;682457;+;208.5	655;682454;683311;+;184.0	656;683321;684493;+;179.2	657;684502;685497;+;107.9	1054;1046764;1048677;-;331.4		pfam	both	A	7/7	canonical	1	0	unscoreable	2	0	0														not_admitted	not_admitted	not_admitted	not_admitted	not_admitted	not_admitted	not_admitted
NZ_CP140854.1	MPF_T	-	325	0	0	GA	1	155;139344;140384;+;68.1	319;279832;280506;-;71.8	319;279832;280506;-;61.2	318;277365;279821;-;169.6	318;277365;279821;-;121.9	317;276590;277393;-;52.0	315;275219;276250;-;114.4		314;274536;275198;-;129.8	313;273707;274519;-;183.6	310;271943;272809;-;165.9	320;280496;281473;-;129.6	292;258841;260772;-;546.3		conjscan	conjscan_only	A	7/7	canonical	1	0	unscoreable	4	0	0														not_admitted	not_admitted	not_admitted	not_admitted	not_admitted	not_admitted	not_admitted
NZ_CP140864.1	MPF_T	-	270	0	0	GA	1	37;42118;43293;+;68.0	34;38929;39288;+;52.3	35;39291;39617;+;46.1	36;39621;42140;+;139.2	36;39621;42140;+;94.4		43;45518;46591;+;90.2		44;46620;47354;+;111.1	45;47351;48181;+;184.7	46;48193;49530;+;195.4	47;49527;50576;+;125.3	48;50545;53268;+;230.2		none	none	A	7/7	canonical	0	0	unscoreable	5	0	0														not_admitted	not_admitted	not_admitted	not_admitted	not_admitted	not_admitted	not_admitted
NZ_CP140866.1	MPF_T	-	1045	0	0	GA	1	602;663927;664547;+;22.2	603;664544;664843;+;90.6	604;664849;665187;+;103.2	605;665180;667546;+;181.8	605;665180;667546;+;107.1	606;667546;668244;+;200.5	608;668469;669389;+;165.4		610;669728;670399;+;209.4	611;670396;671253;+;186.2	612;671263;672438;+;176.6	613;672445;673476;+;106.0	984;1055542;1057455;-;328.7		pfam	both	A	7/7	canonical	1	0	unscoreable	2	0	0														not_admitted	not_admitted	not_admitted	not_admitted	not_admitted	not_admitted	not_admitted
NZ_CP140874.1	MPF_T	-	310	0	0	GA	1		307;315856;316239;-;74.8	306;315564;315863;-;62.7	305;313103;315553;-;168.1	305;313103;315553;-;125.0	304;312328;313125;-;52.2	302;310956;312137;-;113.1		301;310273;310935;-;130.3	300;309443;310255;-;183.6	298;307695;308993;-;220.9	308;316229;317206;-;130.1	284;292630;294564;-;543.1		conjscan	conjscan_only	A	7/7	canonical	1	0	unscoreable	3	0	0														not_admitted	not_admitted	not_admitted	not_admitted	not_admitted	not_admitted	not_admitted
NZ_CP140877.1	MPF_T	-	1035	0	0	GA	1	644;691557;692219;+;23.7	645;692216;692515;+;89.6	646;692521;692859;+;100.0	647;692852;695218;+;172.7	647;692852;695218;+;107.8	648;695218;695916;+;199.7	650;696141;697061;+;164.7		652;697400;698071;+;209.5	653;698068;698925;+;184.4	654;698935;700107;+;177.8	655;700115;701155;+;106.6	936;992629;994542;-;330.8		pfam	both	A	7/7	canonical	1	0	unscoreable	2	0	0														not_admitted	not_admitted	not_admitted	not_admitted	not_admitted	not_admitted	not_admitted
NZ_CP140887.1	MPF_T	-	1221	0	0	GA	1	309;299423;300130;+;64.5	219;224462;224842;+;70.0	311;300503;300829;+;69.3	312;300829;303198;+;204.7	221;225142;227595;+;123.4	222;227570;228370;+;40.6	224;228537;229763;+;107.9		225;229741;230403;+;134.6	226;230420;231232;+;183.3	228;231689;232981;+;217.8	1165;1086401;1087834;-;211.5	238;241272;243191;+;540.2		conjscan	conjscan_only	A	7/7	rearranged	1	0	unscoreable	16	0	0														not_admitted	not_admitted	not_admitted	not_admitted	not_admitted	not_admitted	not_admitted
NZ_CP140888.1	-	-	247	0	0	GA	1	20;19607;20164;-;90.7	19;19236;19559;-;74.0	18;18946;19236;-;67.5	17;16538;18949;-;133.8	17;16538;18949;-;100.8	15;14651;15367;-;38.7	13;13447;14466;-;124.5		10;11861;12595;-;178.6	9;11079;11861;-;184.1	8;9658;11082;-;193.7	7;8663;9661;-;136.4	6;6579;8666;-;271.7		pfam	pfam_only	A	7/7	canonical	1	0	unscoreable	3	0	0														not_admitted	not_admitted	not_admitted	not_admitted	not_admitted	not_admitted	not_admitted
NZ_CP140889.1	MPF_T	-	197	0	0	GA	1	141;122329;123417;+;98.1	138;119229;119567;+;75.5	139;119571;119870;+;77.2	140;119873;122332;+;123.3	140;119873;122332;+;98.0	142;123429;124130;+;36.1	144;124363;125391;+;143.7		145;125418;126113;+;182.0	146;126110;126919;+;197.1	147;126919;128130;+;207.9	148;128111;129139;+;134.9	149;129136;130887;+;310.2		pfam	pfam_only	A	7/7	canonical	1	0	unscoreable	1	0	0														not_admitted	not_admitted	not_admitted	not_admitted	not_admitted	not_admitted	not_admitted
NZ_CP140891.1	MPF_T	-	128	0	0	GA	1	29;21699;22442;-;36.7	34;27454;27765;+;81.6	98;87026;87709;-;60.2	97;84580;87015;-;173.9	97;84580;87015;-;122.5	96;83787;84587;-;53.0	94;82412;83593;-;113.5		40;32743;33417;+;164.2	92;80882;81712;-;187.6	90;79123;80421;-;217.8	99;87699;88664;-;129.1	77;65450;67402;-;549.5		conjscan	both	A	7/7	canonical	1	0	unscoreable	15	0	0														not_admitted	not_admitted	not_admitted	not_admitted	not_admitted	not_admitted	not_admitted
NZ_CP140895.1	MPF_T	-	1596	0	0	GA	1	1311;1295213;1295920;-;64.7	205;209539;209919;+;70.0	1309;1294514;1294840;-;71.0	1308;1292145;1294514;-;204.6	207;210219;212672;+;123.2	208;212647;213447;+;40.6	210;213638;214846;+;110.2		211;214824;215486;+;134.6	212;215503;216315;+;182.3	214;216772;218064;+;216.5	1543;1524169;1525602;-;211.5	228;230347;232266;+;540.2		conjscan	conjscan_only	A	7/7	uncallable	0	0	unscoreable	14	0	0														not_admitted	not_admitted	not_admitted	not_admitted	not_admitted	not_admitted	not_admitted
NZ_CP140898.1	MPF_T	-	193	0	0	GA	1	109;94962;96050;+;98.4	106;91862;92200;+;75.1	107;92204;92503;+;77.7	108;92506;94965;+;123.9	108;92506;94965;+;98.2	110;96062;96763;+;35.7	111;96996;98024;+;146.6		112;98063;98758;+;181.8	113;98755;99564;+;197.0	115;99700;100776;+;211.0	116;100757;101785;+;128.0	117;101782;103881;+;310.1		pfam	pfam_only	A	7/7	canonical	1	0	unscoreable	1	0	0														not_admitted	not_admitted	not_admitted	not_admitted	not_admitted	not_admitted	not_admitted
NZ_CP140901.1	MPF_T	-	1347	0	0	GA	1	1048;1003925;1004632;-;64.7	209;218300;218680;+;70.0	1046;1003226;1003552;-;71.0	1045;1000857;1003226;-;204.6	211;218980;221433;+;122.6	212;221408;222208;+;40.7	214;222375;223601;+;107.9		215;223579;224241;+;134.6	216;224258;225070;+;183.3	218;225527;226819;+;217.9	1292;1238721;1240154;-;211.4	228;235110;237029;+;540.2		conjscan	conjscan_only	A	7/7	uncallable	0	0	unscoreable	14	0	0														not_admitted	not_admitted	not_admitted	not_admitted	not_admitted	not_admitted	not_admitted
NZ_CP140914.1	MPF_T	-	1181	0	0	GA	1	307;297955;298662;+;64.5	218;224448;224828;+;70.0	310;299034;299360;+;69.3	311;299360;301729;+;204.7	220;225128;227581;+;123.4	221;227556;228356;+;40.6	223;228523;229749;+;107.9		224;229727;230389;+;134.6	225;230406;231218;+;183.3	227;231675;232967;+;217.8	217;223481;224458;+;131.2	237;241145;243064;+;540.2		conjscan	conjscan_only	A	7/7	rearranged	1	0	unscoreable	17	0	0														not_admitted	not_admitted	not_admitted	not_admitted	not_admitted	not_admitted	not_admitted
NZ_CP140915.1	-	-	225	0	0	GA	1	20;19606;20163;-;90.7	19;19235;19558;-;74.0	18;18945;19235;-;67.5	17;16537;18948;-;133.8	17;16537;18948;-;100.8	15;14650;15366;-;38.7	13;13446;14465;-;124.5		10;11860;12594;-;178.6	9;11078;11860;-;184.1	8;9657;11081;-;193.7	7;8662;9660;-;136.4	6;6578;8665;-;271.7		pfam	pfam_only	A	7/7	canonical	1	0	unscoreable	3	0	0														not_admitted	not_admitted	not_admitted	not_admitted	not_admitted	not_admitted	not_admitted
NZ_CP140916.1	MPF_T	-	130	0	0	GA	1	29;21699;22442;-;36.7	34;27454;27765;+;81.6	100;87026;87709;-;60.2	99;84580;87015;-;173.9	99;84580;87015;-;122.5	98;83787;84587;-;53.0	96;82412;83593;-;113.5		41;32742;33416;+;164.2	94;80882;81712;-;187.6	92;79123;80421;-;217.8	101;87699;88664;-;129.1	79;65451;67403;-;549.5		conjscan	both	A	7/7	canonical	1	0	unscoreable	17	0	0														not_admitted	not_admitted	not_admitted	not_admitted	not_admitted	not_admitted	not_admitted
NZ_CP140925.1	MPF_T	-	1439	0	0	GA	1	979;889463;890170;-;64.7	1231;1123672;1124052;-;70.0	977;888764;889090;-;71.0	976;886395;888764;-;204.6	1229;1120919;1123372;-;123.2	1228;1120144;1120944;-;40.6	1226;1118745;1119953;-;110.2		1225;1118105;1118767;-;134.6	1224;1117276;1118088;-;182.3	1219;1114676;1115527;-;219.2	1386;1290950;1292383;-;213.1	1207;1104463;1105890;-;538.9		conjscan	conjscan_only	A	7/7	rearranged	1	0	unscoreable	31	0	0														not_admitted	not_admitted	not_admitted	not_admitted	not_admitted	not_admitted	not_admitted
NZ_CP140928.1	MPF_T	-	1175	0	0	GA	1	302;295441;296148;+;64.5	214;223105;223485;+;70.0	304;296521;296847;+;69.3	305;296847;299216;+;204.7	216;223785;226238;+;123.4	217;226213;227013;+;40.6	219;227180;227851;+;68.6		221;228383;229045;+;134.6	222;229062;229874;+;183.3	224;230331;231623;+;217.8	1119;1059832;1061265;-;211.5	234;239801;241720;+;540.2		conjscan	conjscan_only	A	7/7	rearranged	1	0	unscoreable	17	0	0														not_admitted	not_admitted	not_admitted	not_admitted	not_admitted	not_admitted	not_admitted
NZ_CP140929.1	-	-	231	0	0	GA	1	19;19607;20164;-;90.7	18;19236;19559;-;74.0	17;18946;19236;-;67.5	16;16538;18949;-;133.8	16;16538;18949;-;100.8	14;14650;15366;-;38.7	12;13446;14465;-;124.5		9;11860;12594;-;178.6	8;11078;11860;-;184.1	7;9660;11081;-;193.7	6;8661;9659;-;136.4	5;6577;8664;-;271.7		pfam	pfam_only	A	7/7	canonical	1	0	unscoreable	3	0	0														not_admitted	not_admitted	not_admitted	not_admitted	not_admitted	not_admitted	not_admitted
NZ_CP140930.1	MPF_T	-	131	0	0	GA	1	29;21702;22445;-;36.7	34;27457;27768;+;81.6	100;87022;87321;-;63.6	99;84576;87011;-;173.9	99;84576;87011;-;122.5	98;83792;84583;-;49.3	96;82417;83598;-;113.5		40;32746;33420;+;164.2	94;80887;81717;-;187.6	92;79128;80426;-;217.8	102;87696;88661;-;129.1	78;65455;67407;-;549.5		conjscan	both	A	7/7	canonical	1	0	unscoreable	16	0	0														not_admitted	not_admitted	not_admitted	not_admitted	not_admitted	not_admitted	not_admitted
NZ_CP140965.1	MPF_T	-	1285	0	0	GA	1	989;945913;946620;-;64.7	210;212168;212548;+;70.0	987;945215;945541;-;71.0	986;942846;945215;-;204.6	212;212848;215301;+;123.2	213;215276;216076;+;40.6	215;216267;217475;+;110.2		216;217453;218115;+;134.6	217;218132;218944;+;182.3	219;219401;220693;+;216.5	1226;1171862;1172707;-;165.2	230;228983;230902;+;540.2		conjscan	conjscan_only	A	7/7	uncallable	0	0	unscoreable	23	0	0														not_admitted	not_admitted	not_admitted	not_admitted	not_admitted	not_admitted	not_admitted
NZ_CP140966.1	MPF_T	-	417	0	0	GA	1	194;169082;169906;+;97.9	191;165982;166320;+;75.1	192;166324;166623;+;77.7	193;166626;169085;+;123.9	193;166626;169085;+;98.2	196;170183;170884;+;35.7	197;171117;172145;+;146.6		198;172184;172879;+;181.8	199;172876;173685;+;197.0	201;173821;174897;+;211.0	202;174878;175906;+;128.0	203;175903;178002;+;310.1		pfam	pfam_only	A	7/7	canonical	1	0	unscoreable	2	0	0														not_admitted	not_admitted	not_admitted	not_admitted	not_admitted	not_admitted	not_admitted
NZ_CP141050.1	-	-	1247	0	0	GA	1	864;801014;801628;-;75.2	863;800659;801000;-;69.6	862;800369;800602;-;52.7	861;797941;800355;-;128.1	861;797941;800355;-;107.7	868;803031;803762;+;38.6	858;795628;796671;-;122.2		857;794896;795615;-;179.3	856;794063;794899;-;189.5	855;792809;794056;-;206.7	854;791773;792843;-;116.3	853;789686;791776;-;277.0		pfam	pfam_only	A	7/7	canonical	1	0	unscoreable	5	0	0														not_admitted	not_admitted	not_admitted	not_admitted	not_admitted	not_admitted	not_admitted
NZ_CP141053.1	MPF_T	-	1708	0	0	GA	1	460;425375;426022;+;95.1	1536;1571963;1572295;+;90.6	1537;1572295;1572576;+;30.4	1538;1572589;1575222;+;24.3	1538;1572589;1575222;+;137.0	1539;1575219;1576016;+;218.2	1541;1576332;1577654;+;198.5		1542;1577651;1578340;+;229.3	1543;1578337;1579380;+;215.7	1544;1579380;1580546;+;217.1	1535;1570962;1571966;+;119.2	1530;1566671;1568680;+;342.7		conjscan	conjscan_only	A	7/7	canonical	1	0	unscoreable	8	0	0														not_admitted	not_admitted	not_admitted	not_admitted	not_admitted	not_admitted	not_admitted
NZ_CP141078.1	MPF_F	Col156;IncFIA;IncFIB(AP001918);IncFII(pRSB107)	181	0	0	GA	0															not_admitted	not_admitted	not_admitted	not_admitted	not_admitted	not_admitted	not_admitted	not_admitted	not_admitted	not_admitted	1	40;41280;42272;-;369.5		35;37429;38172;-;234.1	43;43281;45308;-;172.2	29;32299;35124;-;369.6	50;47795;49246;-;94.2	43;43281;45308;-;99.0	52;49961;50527;-;184.3	38;40298;40936;-;68.7	37;38679;40301;-;179.6	23;25151;27412;-;391.7	47;46426;46941;-;75.2	23;25151;27412;-;70.3	B	8/9	contiguous	24810	1	1	31793..32302-;169;unnamed;0
NZ_CP141081.1	MPF_F	IncFIA;IncFIB(pB171);IncFII(pRSB107)	153	0	0	GA	0															not_admitted	not_admitted	not_admitted	not_admitted	not_admitted	not_admitted	not_admitted	not_admitted	not_admitted	not_admitted	1	9;6765;7757;+;369.5	22;15516;16889;+;386.6	14;10863;11606;+;231.4	6;3129;5756;+;303.9	23;16886;19705;+;386.3	0;18;1244;+;92.9	6;3129;5756;+;96.5	151;132749;133315;+;184.3	11;8101;8739;+;68.7	12;8736;10586;+;266.7	27;21963;24161;+;391.8	3;2098;2613;+;75.2	27;21963;24161;+;70.3	A	9/9	split_2	132731	1	1	19730..20221+;163;TraS;0
NZ_CP141082.1	MPF_F	IncFIB(AP001918);IncFII	140	0	0	GA	0															not_admitted	not_admitted	not_admitted	not_admitted	not_admitted	not_admitted	not_admitted	not_admitted	not_admitted	not_admitted	1	79;74493;75485;+;369.3	91;81161;82534;+;375.8	83;78214;78954;+;232.6	76;70857;73484;+;306.8	92;82531;85353;+;384.8	69;67377;68804;+;90.8	76;70857;73484;+;98.5	67;66096;66662;+;183.8	80;75494;76132;+;68.6	81;76129;77925;+;267.5	95;86882;89089;+;391.3	73;69826;70341;+;74.6	95;86882;89089;+;70.3	A	9/9	contiguous	20786	1	1	85375..85866+;163;TraS;0
NZ_CP141101.1	MPF_F	Col156;IncFIA;IncFIB(AP001918);IncFII	172	0	0	GA	0															not_admitted	not_admitted	not_admitted	not_admitted	not_admitted	not_admitted	not_admitted	not_admitted	not_admitted	not_admitted	1	60;54399;55391;-;367.4	49;47340;48713;-;380.9	56;50927;51670;-;235.0	63;56400;59027;-;305.4	48;44518;47343;-;385.9	69;61082;62509;-;94.3	63;56400;59027;-;98.5	71;63224;63790;-;183.8	59;53752;54390;-;68.6	58;51947;53755;-;268.3	45;40799;43015;-;391.2	65;59543;60058;-;78.4	45;40799;43015;-;70.4	A	9/9	contiguous	22425	1	1	44012..44521-;169;unnamed;0
NZ_CP141198.1	MPF_F	IncFII(pCoo)	139	0	0	GA	0															not_admitted	not_admitted	not_admitted	not_admitted	not_admitted	not_admitted	not_admitted	not_admitted	not_admitted	not_admitted	1	120;108857;109849;-;370.2	112;102788;104164;-;380.4	116;105382;106125;-;233.3	123;110858;113485;-;303.5	111;99969;102791;-;386.8	129;115397;116824;-;94.3	123;110858;113485;-;100.3	131;117539;118105;-;183.8	119;108210;108848;-;68.3	118;106405;108213;-;268.2	108;96138;98435;-;391.6	126;114001;114516;-;78.0	108;96138;98435;-;70.3	A	9/9	contiguous	21401	1	1	99451..99948-;165;TraS;0
NZ_CP141199.1	MPF_F	IncHI2;IncHI2A	235	0	0	GA	0															not_admitted	not_admitted	not_admitted	not_admitted	not_admitted	not_admitted	not_admitted	not_admitted	not_admitted	not_admitted	1	190;174639;175697;+;276.9	80;70823;72238;-;194.1	81;72228;73274;-;174.3	174;152386;155067;+;168.0	79;66861;70814;-;101.7	170;148701;150056;+;80.7	174;152386;155067;+;72.2	165;145412;146200;+;74.8	188;172986;174497;+;61.8	191;175716;178904;+;57.3	88;80316;82400;+;56.8	173;151427;152377;+;46.1	88;80316;82400;+;38.8	A	9/9	split_3	108855	1	1	65391..66680-;429;unnamed;0
NZ_CP141213.1	MPF_T	-	1654	0	0	GA	1		1510;1651213;1651512;-;89.4	1509;1650867;1651208;-;104.0	1508;1648493;1650874;-;175.0	1508;1648493;1650874;-;108.0	1507;1647795;1648493;-;208.9	1505;1646627;1647562;-;158.8		1503;1645639;1646310;-;213.1	1502;1644785;1645639;-;178.6	1501;1643606;1644775;-;180.1	1500;1642606;1643595;-;99.3	1496;1637456;1639375;+;338.1		pfam	both	A	7/7	canonical	1	0	unscoreable	5	0	0														not_admitted	not_admitted	not_admitted	not_admitted	not_admitted	not_admitted	not_admitted
NZ_CP141214.1	MPF_T	-	990	0	0	GA	1		108;112758;113141;+;69.9	109;113134;113433;+;64.3	110;113444;115900;+;172.4	110;113444;115900;+;125.5	111;115872;116675;+;47.8	113;116886;118028;+;111.2		114;118053;118715;+;137.3	115;118732;119544;+;190.2	117;119998;121299;+;214.8	733;727794;729215;+;218.1	128;131815;133401;+;389.8		conjscan	conjscan_only	A	7/7	canonical	1	0	unscoreable	3	0	0														not_admitted	not_admitted	not_admitted	not_admitted	not_admitted	not_admitted	not_admitted
NZ_CP141215.1	MPF_T	-	347	0	0	GA	1	29;23677;24765;+;97.5	26;20577;20915;+;75.0	27;20919;21218;+;77.2	28;21221;23680;+;125.2	28;21221;23680;+;93.6	30;24777;25478;+;36.7	32;25711;26739;+;143.9		33;26778;27473;+;183.0	34;27470;28279;+;196.2	35;28279;29490;+;209.6	36;29471;30499;+;131.4	37;30496;32595;+;313.9		pfam	pfam_only	A	7/7	canonical	1	0	unscoreable	1	0	0														not_admitted	not_admitted	not_admitted	not_admitted	not_admitted	not_admitted	not_admitted
NZ_CP141218.1	MPF_F	Col156;IncFIB(AP001918);IncFII(29)	158	0	0	GA	0															not_admitted	not_admitted	not_admitted	not_admitted	not_admitted	not_admitted	not_admitted	not_admitted	not_admitted	not_admitted	1	113;100896;101888;-;369.5	101;93469;94842;-;381.7	108;97047;97790;-;233.1	116;102897;105527;-;304.0	100;90650;93472;-;388.5	123;108658;110085;-;93.9	116;102897;105527;-;99.3	125;110800;111366;-;183.1	111;99914;100552;-;68.6	110;98067;99917;-;271.9	96;86144;88378;-;391.1	120;107014;107529;-;73.9	96;86144;88378;-;70.3	A	9/9	contiguous	24656	1	1	90149..90628-;159;TraS;0
NZ_CP141219.1	MPF_F	IncFII(pBK30683);repB(R1701)	125	0	0	GA	0															not_admitted	not_admitted	not_admitted	not_admitted	not_admitted	not_admitted	not_admitted	not_admitted	not_admitted	not_admitted	1	72;67605;68594;-;366.0	62;60691;62058;-;384.0	66;63316;64068;-;233.7	76;70051;72690;-;258.5	61;57842;60691;-;346.4	82;75520;76944;-;89.2	76;70051;72690;-;88.7	84;77671;78237;-;169.3	71;66954;67592;-;67.0	70;64940;66895;-;259.7	57;53066;55378;-;390.0	81;74863;75447;-;54.5	57;53066;55378;-;64.0	A	9/9	contiguous	24605	1	1	57306..57839-;177;unnamed;0
NZ_CP141257.1	MPF_T	IncFIB(K)	124	0	0	GA	1	82;79441;80103;+;48.3	83;80114;80413;+;36.6	84;80423;83173;+;61.6	84;80423;83173;+;134.0	84;80423;83173;+;46.2	85;83192;83908;+;137.0	87;84222;85229;+;137.8		89;85439;86125;+;158.3	90;86118;87011;+;146.0	91;87008;88204;+;134.8	92;88208;89257;+;71.5	99;93995;95902;+;24.3		pfam	pfam_only	A	7/7	canonical	1	1	unscoreable	8	0	0														not_admitted	not_admitted	not_admitted	not_admitted	not_admitted	not_admitted	not_admitted
NZ_CP141538.1	MPF_F	IncHI1A(NDM-CIT);IncHI1B(pNDM-CIT)	382	1	1	GA	1		72;62530;62916;+;89.6	73;62913;63182;+;32.5	186;182794;185244;+;42.3	186;182794;185244;+;138.4	75;65642;66385;+;226.2	189;186314;187678;+;179.3		78;68107;68811;+;235.7	191;188409;189401;+;224.4	80;69803;71086;+;206.6	71;61464;62543;+;118.3	181;178593;180608;+;346.4	109;96189;99365;-;57.9	conjscan	conjscan_only	A	7/7	canonical	1	0	unscoreable	6	0	1	110;99384;100091;-;214.6	348;334308;335723;-;200.0	349;335713;336759;-;166.2	128;118894;121575;-;156.8	347;330310;334299;-;103.1	80;69803;71086;+;206.6	128;118894;121575;-;73.5	135;126948;127733;-;69.5	112;100584;102092;-;62.3	109;96189;99365;-;57.9	181;178593;180608;+;105.6	129;121584;122534;-;45.4	181;178593;180608;+;99.4	A	9/9	split_4	265910	0	1	
NZ_CP141542.1	MPF_F	IncFIB(K);IncFII(K)	213	0	0	GA	0															not_admitted	not_admitted	not_admitted	not_admitted	not_admitted	not_admitted	not_admitted	not_admitted	not_admitted	not_admitted	1	34;24904;25893;+;363.3	45;31712;33079;+;382.2	41;29702;30454;+;236.4	30;20808;23447;+;259.0	46;33079;35922;+;342.9	19;15417;16841;+;88.8	30;20808;23447;+;87.6	17;14124;14690;+;167.9	36;26169;26816;+;65.9	37;26875;28830;+;259.5	50;38507;40819;+;392.8	22;17453;18037;+;53.8	50;38507;40819;+;65.9	A	9/9	contiguous	24383	1	1	35933..36457+;174;unnamed;0
NZ_CP141544.1	MPF_T	ColKP3;IncX3	64	0	0	GA	1	51;42569;43213;-;46.4	50;42295;42585;-;73.1	49;39517;42270;-;47.0	49;39517;42270;-;142.4	49;39517;42270;-;73.3	48;38737;39507;-;60.1	46;37403;38458;-;132.8		45;36480;37208;-;119.4	44;35545;36474;-;138.8	43;34334;35548;-;128.3	41;33104;34138;-;65.7	40;31266;33101;-;495.9		pfam	pfam_only	A	7/7	canonical	1	1	unscoreable	2	0	0														not_admitted	not_admitted	not_admitted	not_admitted	not_admitted	not_admitted	not_admitted
NZ_CP141546.1	MPF_F	IncFIB(pNDM-Mar);IncHI1B(pNDM-MAR)	382	0	0	GA	0															not_admitted	not_admitted	not_admitted	not_admitted	not_admitted	not_admitted	not_admitted	not_admitted	not_admitted	not_admitted	1	189;166221;167258;+;282.3	0;3150;4559;-;190.4	1;4549;5586;-;176.7	177;152672;155389;+;148.7		173;149189;150559;+;65.6	177;152672;155389;+;85.2	170;146683;147543;+;79.0	188;164863;166224;+;69.9	190;167268;170453;+;58.9	8;12767;14893;+;58.0	176;151890;152627;+;57.0	8;12767;14893;+;39.7	B	8/9	split_2	164118	0	1	
NZ_CP141549.1	MPF_T	ColKP3;IncX3	64	0	0	GA	1	43;38166;38810;-;46.4	42;37892;38182;-;73.1	41;35114;37867;-;47.0	41;35114;37867;-;142.4	41;35114;37867;-;73.3	40;34334;35104;-;60.1	38;33000;34055;-;132.8		37;32077;32805;-;119.4	36;31142;32071;-;138.8	35;29931;31145;-;128.3	33;28701;29735;-;65.7	32;26863;28698;-;495.9		pfam	pfam_only	A	7/7	canonical	1	1	unscoreable	2	0	0														not_admitted	not_admitted	not_admitted	not_admitted	not_admitted	not_admitted	not_admitted
NZ_CP141551.1	MPF_F	IncFIB(pQil);IncFII	128	0	0	GA	0															not_admitted	not_admitted	not_admitted	not_admitted	not_admitted	not_admitted	not_admitted	not_admitted	not_admitted	not_admitted	1	20;15194;16186;+;369.5	30;21965;23338;+;381.7	25;19292;20035;+;234.4	17;11555;14185;+;304.1	31;23335;26157;+;374.0	10;7105;8556;+;94.2	17;11555;14185;+;97.1	8;5824;6390;+;174.3	22;16530;17168;+;68.6	23;17165;19015;+;266.1	36;29485;31113;+;368.8	13;9416;9931;+;78.4	36;29485;31113;+;67.7	A	9/9	contiguous	23661	1	1	26179..26658+;159;TraS;0
NZ_CP141555.1	MPF_F	IncFIB(K);IncFII(K)	250	0	0	GA	0															not_admitted	not_admitted	not_admitted	not_admitted	not_admitted	not_admitted	not_admitted	not_admitted	not_admitted	not_admitted	1	185;181118;182107;+;363.3	196;187926;192137;+;378.0	192;185916;186668;+;236.4	181;177022;179661;+;259.0	196;187926;192137;+;341.6	170;171631;173055;+;88.8	181;177022;179661;+;87.6	168;170338;170904;+;167.9	187;182383;183030;+;65.9	188;183089;185044;+;259.5	200;194722;197034;+;392.8	173;173667;174251;+;53.8	200;194722;197034;+;65.9	A	9/9	contiguous	24384	1	1	192148..192672+;174;unnamed;0
NZ_CP141558.1	MPF_F	IncFIB(pNDM-Mar);IncHI1B(pNDM-MAR)	244	0	0	GA	0															not_admitted	not_admitted	not_admitted	not_admitted	not_admitted	not_admitted	not_admitted	not_admitted	not_admitted	not_admitted	1	106;102171;103208;-;282.3	5;4990;6399;+;190.4	4;3963;5000;+;176.7	118;114040;116757;-;149.6	6;6401;10315;+;120.2	122;118870;120240;-;65.6	118;114040;116757;-;85.2	125;121886;122746;-;79.0	107;103205;104566;-;69.9	105;98979;102161;-;59.4	241;215706;217832;-;57.7	119;116802;117539;-;56.9	241;215706;217832;-;41.0	A	9/9	split_3	211743	0	1	
NZ_CP141561.1	MPF_F	IncC	179	0	0	GA	0															not_admitted	not_admitted	not_admitted	not_admitted	not_admitted	not_admitted	not_admitted	not_admitted	not_admitted	not_admitted	1	116;89205;90212;-;332.9	44;29518;30951;-;339.2	45;30953;31981;-;221.7	121;92964;95411;-;354.2	43;25891;29505;-;375.3	131;108605;109921;-;135.0	121;92964;95411;-;128.6	133;110819;111445;-;92.1	118;90877;92142;-;67.6	115;86294;89089;-;145.3	142;115255;117120;-;47.4	130;108030;108608;-;100.2	142;115255;117120;-;52.0	A	9/9	split_2	89364	0	1	
NZ_CP141562.1	MPF_F	IncFIB(pNDM-Mar);IncHI1B(pNDM-MAR)	383	0	0	GA	0															not_admitted	not_admitted	not_admitted	not_admitted	not_admitted	not_admitted	not_admitted	not_admitted	not_admitted	not_admitted	1	192;199320;200357;-;282.3	347;324740;326149;+;190.4	346;323713;324750;+;176.7	208;212417;215134;-;149.2	348;326151;330059;+;121.7	212;217247;218617;-;63.4	208;212417;215134;-;83.2	215;220263;221123;-;79.0	193;200354;201715;-;69.9	191;196128;199310;-;59.7	339;314382;316508;-;57.8	209;215179;215916;-;56.9	339;314382;316508;-;41.0	A	9/9	split_2	130023	0	1	
NZ_CP141566.1	MPF_F	IncFIB(K);IncFII(K)	252	0	0	GA	0															not_admitted	not_admitted	not_admitted	not_admitted	not_admitted	not_admitted	not_admitted	not_admitted	not_admitted	not_admitted	1	175;170662;171651;+;363.3	186;177470;178837;+;382.2	182;175460;176212;+;236.4	171;166566;169205;+;259.0	187;178837;181680;+;342.9	160;161175;162599;+;88.8	171;166566;169205;+;87.6	158;159882;160448;+;167.9	177;171927;172574;+;65.9	178;172633;174588;+;259.5	191;184265;186577;+;392.8	163;163211;163795;+;53.8	191;184265;186577;+;65.9	A	9/9	contiguous	24383	1	1	181691..182215+;174;unnamed;0
NZ_CP141568.1	MPF_T	IncN3	74	0	0	GA	1	43;29005;29787;+;33.3	45;30034;30330;+;36.0	46;30370;30687;+;71.9	47;30688;33261;+;118.0	47;30688;33261;+;74.2	48;33277;33978;+;98.9	50;34247;35284;+;121.9	51;35361;35492;+;40.1	52;35503;36198;+;132.6	53;36209;37096;+;147.8	54;37096;38229;+;166.3	55;38280;39281;+;90.1	12;10025;11557;-;52.0		pfam	both	A	7/7	canonical	1	0	ga	2	0	0														not_admitted	not_admitted	not_admitted	not_admitted	not_admitted	not_admitted	not_admitted
NZ_CP141569.1	MPF_F	IncFIB(K)	206	0	0	GA	0															not_admitted	not_admitted	not_admitted	not_admitted	not_admitted	not_admitted	not_admitted	not_admitted	not_admitted	not_admitted	1	121;128729;129721;-;366.6	111;121845;123212;-;381.2	115;124469;125221;-;232.2	124;130747;133386;-;259.3	110;119023;121845;-;346.6	134;137218;138642;-;88.2	124;130747;133386;-;88.8	136;139369;139935;-;167.0	120;128078;128716;-;67.0	119;126064;128019;-;258.5	106;114742;117054;-;393.1	132;136019;136576;-;54.3	106;114742;117054;-;66.6	A	9/9	contiguous	24627	1	1	118397..118999-;200;TraS;0
NZ_CP141571.1	MPF_F	IncFIB(K)	111	0	0	GA	0															not_admitted	not_admitted	not_admitted	not_admitted	not_admitted	not_admitted	not_admitted	not_admitted	not_admitted	not_admitted	1	6;3794;4786;-;366.6	106;96208;97122;-;308.3	110;98244;98543;-;49.5	9;5799;8438;-;258.7	103;94487;95383;-;216.2	18;12253;13677;-;89.2	9;5799;8438;-;88.8	20;14404;14817;-;131.5	5;3143;3781;-;67.0	3;1141;1773;-;203.2	98;88775;90400;-;361.6	16;11072;11641;-;49.7	98;88775;90400;-;60.0	A	9/9	split_2	97103	1	1	93286..94452-;388;unnamed;0
NZ_CP141579.1	MPF_T	IncN	61	0	0	GA	1	20;18612;19349;-;32.0		17;17651;17968;-;63.3	16;15051;17651;-;111.8	16;15051;17651;-;76.4	15;14320;15033;-;105.5	13;13029;14069;-;142.4		12;12112;12810;-;131.9	11;11217;12101;-;159.7	10;10057;11217;-;156.3	9;9020;10015;-;81.2	35;30842;32371;-;38.5		pfam	both	A	7/7	canonical	1	0	unscoreable	3	0	0														not_admitted	not_admitted	not_admitted	not_admitted	not_admitted	not_admitted	not_admitted
NZ_CP141580.1	MPF_F	IncFIB(K);IncFII(K)	253	0	0	GA	0															not_admitted	not_admitted	not_admitted	not_admitted	not_admitted	not_admitted	not_admitted	not_admitted	not_admitted	not_admitted	1	188;186457;187446;-;363.3	177;179271;180638;-;382.2	181;181896;182648;-;236.4	192;188903;191542;-;259.0	176;176428;179271;-;342.9	203;195509;196933;-;88.8	192;188903;191542;-;87.6	205;197660;198226;-;167.9	186;185534;186181;-;65.9	185;183520;185475;-;259.5	172;171531;173843;-;392.8	200;194313;194897;-;53.8	172;171531;173843;-;65.9	A	9/9	contiguous	26129	1	1	175893..176417-;174;unnamed;0
NZ_CP141582.1	MPF_F	IncFIB(AP001918);IncFII(pCoo)	163	0	0	GA	0															not_admitted	not_admitted	not_admitted	not_admitted	not_admitted	not_admitted	not_admitted	not_admitted	not_admitted	not_admitted	1	11;9945;10937;-;370.2	2;3877;5250;-;380.4	7;6470;7213;-;233.3	14;11946;14573;-;303.5	1;1058;3880;-;386.8	18;16485;17912;-;94.3	14;11946;14573;-;100.3	20;18627;19193;-;183.8	10;9298;9936;-;68.3	9;7493;9301;-;268.2	162;157471;159759;-;391.6	15;15089;15604;-;78.0	162;157471;159759;-;70.3	A	9/9	split_2	156413	1	1	540..1037-;165;TraS;0
NZ_CP141584.1	MPF_F	IncFII	101	0	0	GA	0															not_admitted	not_admitted	not_admitted	not_admitted	not_admitted	not_admitted	not_admitted	not_admitted	not_admitted	not_admitted	1	88;83507;84499;+;371.6	97;89561;90934;+;380.7	92;87228;87971;+;233.3	85;79871;82498;+;303.5	98;90931;93750;+;386.2	79;76285;77712;+;91.9	85;79871;82498;+;99.0	77;75004;75570;+;182.9	89;84508;85146;+;64.9	90;85143;86951;+;268.2	1;560;871;+;99.9	84;78840;79355;+;76.4	1;560;871;+;51.6	A	9/9	split_2	90371	1	1	93775..94266+;163;TraS;0
NZ_CP141585.1	MPF_T	IncI2(Delta)	91	0	0	GA	1	27;25130;25612;-;81.1	43;41599;41889;-;28.9	42;41208;41492;-;36.6	41;38845;41202;-;58.5	41;38845;41202;-;44.9	51;46304;46948;-;41.9	52;46954;47949;-;123.7		39;37945;38679;-;144.3	38;37178;37948;-;170.5	37;36049;37188;-;154.7	30;27380;28918;-;207.1	35;33001;34959;-;289.6		pfam	pfam_only	A	7/7	rearranged	1	0	unscoreable	13	0	0														not_admitted	not_admitted	not_admitted	not_admitted	not_admitted	not_admitted	not_admitted
NZ_CP141592.1	MPF_F	IncFIB(AP001918);IncFII	126	0	0	GA	0															not_admitted	not_admitted	not_admitted	not_admitted	not_admitted	not_admitted	not_admitted	not_admitted	not_admitted	not_admitted	1	50;34519;35511;+;357.1	67;44252;45625;+;370.1	61;41299;42042;+;234.3	47;30883;33510;+;305.6	68;45622;48441;+;376.7	41;27297;28727;+;93.4	47;30883;33510;+;99.6	39;26016;26582;+;168.7	57;38022;38660;+;70.1	59;39131;41035;+;261.4	72;50674;52899;+;391.7	45;29852;30367;+;79.7	72;50674;52899;+;70.3	A	9/9	contiguous	24658	0	1	
NZ_CP141626.1	MPF_F	IncFIB(K);IncFII(pKP91)	246	0	0	GA	0															not_admitted	not_admitted	not_admitted	not_admitted	not_admitted	not_admitted	not_admitted	not_admitted	not_admitted	not_admitted	1	228;202242;203231;+;363.3	239;209050;210417;+;382.2	235;207040;207792;+;233.7	224;198146;200785;+;259.4	240;210417;213266;+;342.9	214;192760;194184;+;89.2	224;198146;200785;+;88.3	212;191467;192033;+;167.9	230;203507;204154;+;65.9	231;204213;206168;+;259.5		216;194796;195380;+;53.8		A	9/9	contiguous	18950	1	1	213269..213799+;176;unnamed;0
NZ_CP141627.1	MPF_F	IncR	145	0	0	GA	0															not_admitted	not_admitted	not_admitted	not_admitted	not_admitted	not_admitted	not_admitted	not_admitted	not_admitted	not_admitted	1	23;17772;18764;+;369.5	36;25597;26970;+;376.8	31;23288;24031;+;234.4	20;14136;16763;+;301.8	37;26967;29783;+;376.7	15;10654;12081;+;94.1	20;14136;16763;+;101.8	13;9373;9939;+;183.8	26;19710;20348;+;70.4	29;21161;23011;+;265.0	41;32084;34309;+;391.7	19;13105;13620;+;77.6	41;32084;34309;+;70.3	A	9/9	contiguous	22711	1	1	29816..30337+;173;unnamed;0
NZ_CP141629.1	-	IncX6	63	0	0	GA	1	55;36605;37234;+;45.3	56;37252;37545;+;50.5	57;37559;40324;+;58.7	57;37559;40324;+;129.2	57;37559;40324;+;55.1	58;40336;41076;+;110.2	60;41535;42530;+;123.2		62;43863;44549;+;167.1		0;1;1317;+;131.4	2;2360;3391;+;79.6	3;3378;5204;+;384.8		pfam	pfam_only	B	6/7	canonical	1	1	unscoreable	3	0	0														not_admitted	not_admitted	not_admitted	not_admitted	not_admitted	not_admitted	not_admitted
NZ_CP141633.1	MPF_F	IncU;repFIB;repHI5B	343	0	0	GA	0															not_admitted	not_admitted	not_admitted	not_admitted	not_admitted	not_admitted	not_admitted	not_admitted	not_admitted	not_admitted	1	41;35256;36293;-;282.2	235;199513;200955;+;188.4	234;198519;199556;+;172.4	55;49170;51887;-;143.5	236;200930;204895;+;117.7	59;54010;55377;-;62.7	55;49170;51887;-;80.6	62;57032;57892;-;73.9	42;36290;37651;-;71.7	40;32065;35241;-;58.7	227;189164;191290;-;62.0	56;51936;52673;-;56.3	227;189164;191290;-;39.7	A	9/9	split_2	168865	0	1	
NZ_CP141646.1	MPF_T	pKPC-CAV1321	392	0	0	GA	0															not_admitted	not_admitted	not_admitted	not_admitted	not_admitted	not_admitted	not_admitted	not_admitted	not_admitted	not_admitted	1	59;62790;63857;+;276.8	83;83148;84590;+;260.7	82;82051;83151;+;198.4	55;58196;60682;+;221.1	84;84605;88123;+;240.0	355;315212;316432;+;216.3	55;58196;60682;+;120.8	49;51662;52288;+;87.1	58;61480;62793;+;41.0	86;88559;91216;+;136.9	43;47139;49115;+;22.7	52;54965;55531;+;71.6	43;47139;49115;+;33.5	A	9/9	split_2	268073	0	1	
NZ_CP141649.1	MPF_F	IncFII(p14);IncFII(pAR0022)	69	0	0	GA	0															not_admitted	not_admitted	not_admitted	not_admitted	not_admitted	not_admitted	not_admitted	not_admitted	not_admitted	not_admitted	1	34;35195;36187;-;370.3	26;29112;30482;-;377.9	30;31699;32448;-;218.2	37;37175;39805;-;285.5	25;26326;29112;-;335.8	43;41833;43227;-;91.1	37;37175;39805;-;98.6	45;43944;44510;-;170.1	33;34549;35178;-;66.1	32;32699;34552;-;260.5	23;22861;25071;-;384.8	42;41272;41811;-;69.1	23;22861;25071;-;63.9	A	9/9	contiguous	21083	1	1	25305..26285-;326;unnamed;0
NZ_CP141650.1	MPF_T	IncX3	56	0	0	GA	1	3;2577;3221;-;46.4	2;2303;2593;-;73.1	1;623;2278;-;47.8	1;623;2278;-;143.6	1;623;2278;-;74.2	54;38723;39493;-;60.1	52;37389;38444;-;133.2		51;36466;37194;-;119.4	50;35531;36460;-;138.8	49;34320;35534;-;128.3	47;33090;34124;-;65.7	46;31252;33087;-;495.9		pfam	pfam_only	A	7/7	rearranged	1	1	unscoreable	2	0	0														not_admitted	not_admitted	not_admitted	not_admitted	not_admitted	not_admitted	not_admitted
NZ_CP141662.1	MPF_F	IncHI2;IncHI2A	327	0	0	GA	0															not_admitted	not_admitted	not_admitted	not_admitted	not_admitted	not_admitted	not_admitted	not_admitted	not_admitted	not_admitted	1	126;116882;117940;-;276.9	253;234744;236159;+;194.1	252;233708;234754;+;173.7	144;138579;141260;-;168.0	254;236168;240118;+;101.6	148;143590;144945;-;80.7	144;138579;141260;-;72.2	151;146669;147457;-;74.8	128;118082;119593;-;62.7	125;113675;116863;-;58.3	246;224583;226667;-;56.7	145;141269;142219;-;46.4	246;224583;226667;-;38.8	A	9/9	split_3	122493	0	1	
NZ_CP141664.1	MPF_F	IncFIA(HI1);IncFII(K)	137	0	0	GA	0															not_admitted	not_admitted	not_admitted	not_admitted	not_admitted	not_admitted	not_admitted	not_admitted	not_admitted	not_admitted	1	46;30257;31249;+;362.4	58;37576;38943;+;382.8	53;35121;35873;+;235.0	43;26592;29231;+;259.3	59;38943;41792;+;343.5	33;21198;22622;+;89.2	43;26592;29231;+;84.3	31;19905;20471;+;168.4	47;31262;31900;+;64.6	49;32277;34232;+;259.1	63;44256;46565;+;392.8	35;23234;23803;+;51.6	63;44256;46565;+;65.8	A	9/9	contiguous	24351	1	1	41795..42325+;176;unnamed;0
NZ_CP141672.1	MPF_T	IncX3	58	0	0	GA	1	56;44217;44861;+;46.4	57;44845;45135;+;73.1		0;64;1752;+;76.7		1;1762;2532;+;60.1	3;2811;3866;+;133.2		4;4061;4789;+;119.4	5;4795;5724;+;138.8	6;5721;6935;+;128.3	8;7131;8165;+;65.7	9;8168;10003;+;495.9		pfam	pfam_only	A	7/7	canonical	1	0	unscoreable	2	0	0														not_admitted	not_admitted	not_admitted	not_admitted	not_admitted	not_admitted	not_admitted
NZ_CP141673.1	MPF_F	IncFIB(K);IncFII(pKP91)	233	0	0	GA	0															not_admitted	not_admitted	not_admitted	not_admitted	not_admitted	not_admitted	not_admitted	not_admitted	not_admitted	not_admitted	1	136;128612;129601;+;363.3	147;135420;136787;+;382.2	143;133410;134162;+;233.7	132;124516;127155;+;259.4	148;136787;139636;+;342.9	122;119130;120554;+;89.2	132;124516;127155;+;88.3	120;117837;118403;+;167.9	138;129877;130524;+;65.9	139;130583;132538;+;259.5	152;141448;143730;+;393.3	124;121166;121750;+;53.8	152;141448;143730;+;65.9	A	9/9	contiguous	23611	1	1	139639..140169+;176;unnamed;0
NZ_CP141733.1	MPF_F	IncFIB(K)(pCAV1099-114);IncFII(K)	159	0	0	GA	0															not_admitted	not_admitted	not_admitted	not_admitted	not_admitted	not_admitted	not_admitted	not_admitted	not_admitted	not_admitted	1	82;98618;99610;-;362.9	69;89660;91027;-;382.8	73;92285;93037;-;233.7	85;100636;103275;-;259.3	68;86838;89660;-;337.5	95;107169;108593;-;91.3	85;100636;103275;-;88.3	97;109320;109886;-;168.5	78;95940;96587;-;65.7	77;93926;95881;-;257.4	65;82570;84870;-;392.7	93;105973;106557;-;54.2	65;82570;84870;-;66.6	A	9/9	contiguous	26750	1	1	86212..86814-;200;TraS;0
NZ_CP141734.1	MPF_T	ColKP3;IncX3	64	0	0	GA	1	8;4312;4956;+;46.4	9;4940;5230;+;73.1	10;5255;8008;+;47.0	10;5255;8008;+;142.4	10;5255;8008;+;73.3	11;8018;8788;+;60.1	13;9067;10122;+;132.8		14;10317;11045;+;119.4	15;11051;11980;+;138.8	16;11977;13191;+;128.3	18;13387;14421;+;65.7	19;14424;16259;+;495.9		pfam	pfam_only	A	7/7	canonical	1	1	unscoreable	2	0	0														not_admitted	not_admitted	not_admitted	not_admitted	not_admitted	not_admitted	not_admitted
NZ_CP141738.1	MPF_F	IncFIB(pB171);IncFII(pHN7A8)	94	0	0	GA	0															not_admitted	not_admitted	not_admitted	not_admitted	not_admitted	not_admitted	not_admitted	not_admitted	not_admitted	not_admitted	1	28;32197;33189;-;371.8	19;25762;27135;-;381.0	24;28725;29468;-;233.3	31;34198;36825;-;303.5	18;22943;25765;-;388.7	37;38737;40164;-;91.3	31;34198;36825;-;100.3	39;40879;41445;-;183.8	27;31550;32188;-;68.6	26;29745;31553;-;268.0	15;19220;21409;-;391.8	34;37341;37856;-;78.0	15;19220;21409;-;70.3	A	9/9	contiguous	21659	1	1	22425..22922-;165;TraS;0
NZ_CP141739.1	MPF_T	ColKP3;IncX3	64	0	0	GA	1	26;22397;23041;-;46.4	25;22123;22413;-;73.1	24;19345;22098;-;47.0	24;19345;22098;-;142.4	24;19345;22098;-;73.3	23;18565;19335;-;60.1	21;17231;18286;-;132.8		20;16308;17036;-;119.4	19;15373;16302;-;138.8	18;14162;15376;-;128.3	16;12932;13966;-;65.7	15;11094;12929;-;495.9		pfam	pfam_only	A	7/7	canonical	1	1	unscoreable	2	0	0														not_admitted	not_admitted	not_admitted	not_admitted	not_admitted	not_admitted	not_admitted
NZ_CP141747.1	MPF_T	IncX3	57	0	0	GA	1	32;29362;30006;-;46.4	31;29088;29378;-;73.1	30;26310;29063;-;47.0	30;26310;29063;-;142.4	30;26310;29063;-;73.3	29;25530;26300;-;60.1	27;24196;25251;-;133.2		26;23273;24001;-;119.4	25;22338;23267;-;138.8	24;21127;22341;-;128.3	22;19897;20931;-;65.7	21;18059;19894;-;495.9		pfam	pfam_only	A	7/7	canonical	1	1	unscoreable	2	0	0														not_admitted	not_admitted	not_admitted	not_admitted	not_admitted	not_admitted	not_admitted
NZ_CP141748.1	MPF_F	IncFIA;IncFII	118	0	0	GA	0															not_admitted	not_admitted	not_admitted	not_admitted	not_admitted	not_admitted	not_admitted	not_admitted	not_admitted	not_admitted	1	46;48694;49686;-;369.3	37;42259;43632;-;381.0	42;45222;45995;-;234.0	49;50695;53322;-;303.5	36;39437;42262;-;386.0		49;50695;53322;-;98.5		45;48047;48685;-;68.7	44;46242;48050;-;268.0	33;35753;37933;-;391.8	51;53838;54353;-;79.9	33;35753;37933;-;70.4	B	8/9	contiguous	18085	1	1	38931..39440-;169;unnamed;0
NZ_CP141794.1	MPF_F	IncFII(pCoo)	79	0	0	GA	0															not_admitted	not_admitted	not_admitted	not_admitted	not_admitted	not_admitted	not_admitted	not_admitted	not_admitted	not_admitted	1	9;8257;9249;+;370.2	17;13945;15318;+;380.4	13;11981;12724;+;233.3	6;4621;7248;+;303.5	18;15315;18137;+;386.8	2;1282;2709;+;94.3	6;4621;7248;+;100.3	0;1;567;+;183.8	10;9258;9896;+;68.3	11;9893;11701;+;268.2	21;19671;21995;+;391.5	5;3590;4105;+;78.0	21;19671;21995;+;70.2	A	9/9	contiguous	19670	1	1	18158..18655+;165;TraS;0
NZ_CP141795.1	MPF_T	IncX4	44	0	0	GA	1	33;21784;22404;+;41.6	34;22418;22744;+;64.4	35;22763;25510;+;63.8	35;22763;25510;+;151.8	35;22763;25510;+;46.1	36;25522;26238;+;94.4	37;26250;27344;+;150.1		39;27859;28545;+;169.0	40;28542;29450;+;142.4	41;29443;30561;+;163.9	42;30563;31591;+;85.0	43;31623;33440;+;314.8		pfam	pfam_only	A	7/7	canonical	1	1	unscoreable	1	0	0														not_admitted	not_admitted	not_admitted	not_admitted	not_admitted	not_admitted	not_admitted
NZ_CP141802.1	MPF_F	IncFII(pHN7A8);IncR	197	0	0	GA	0															not_admitted	not_admitted	not_admitted	not_admitted	not_admitted	not_admitted	not_admitted	not_admitted	not_admitted	not_admitted	1	52;40750;41742;+;369.5	65;48575;49948;+;376.8	60;46266;47009;+;234.4	49;37114;39741;+;301.8	66;49945;52761;+;376.7	44;33632;35059;+;94.1	49;37114;39741;+;101.8	42;32351;32917;+;183.8	55;42688;43326;+;70.4	58;44139;45989;+;265.0	70;55062;57287;+;391.7	48;36083;36598;+;77.6	70;55062;57287;+;70.3	A	9/9	contiguous	22711	1	1	52794..53315+;173;unnamed;0
NZ_CP141841.1	MPF_F	IncHI2;IncHI2A;IncQ1	270	0	0	GA	0															not_admitted	not_admitted	not_admitted	not_admitted	not_admitted	not_admitted	not_admitted	not_admitted	not_admitted	not_admitted	1	168;157719;158777;+;276.9	51;48351;49766;-;194.1	52;49756;50802;-;174.3	152;135466;138147;+;168.0	50;44389;48342;-;101.7	148;131781;133136;+;80.7	152;135466;138147;+;72.2	145;129269;130057;+;74.8	166;156066;157577;+;62.0	169;158796;161984;+;57.3	59;57844;59928;+;56.8	151;134507;135457;+;46.1	59;57844;59928;+;38.8	A	9/9	split_3	114407	1	1	42919..44208-;429;unnamed;0
NZ_CP141842.1	MPF_F	IncFIB(AP001918);IncFIC(FII)	131	0	0	GA	0															not_admitted	not_admitted	not_admitted	not_admitted	not_admitted	not_admitted	not_admitted	not_admitted	not_admitted	not_admitted	1	113;100316;101308;+;369.3	124;106994;108367;+;378.0	117;104037;104780;+;234.1	110;96680;99307;+;305.4	125;108364;111186;+;389.5	104;93198;94625;+;94.3	110;96680;99307;+;98.5	102;91917;92483;+;183.8	114;101317;101955;+;68.4	115;101952;103760;+;268.4	128;112715;114868;+;391.9	108;95649;96164;+;78.4	128;112715;114868;+;70.4	A	9/9	contiguous	20798	1	1	111208..111699+;163;TraS;0
NZ_CP141845.1	MPF_F	IncFIB(AP001918);IncFIC(FII)	195	0	0	GA	0															not_admitted	not_admitted	not_admitted	not_admitted	not_admitted	not_admitted	not_admitted	not_admitted	not_admitted	not_admitted	1	155;150236;151228;+;369.3	166;156874;158247;+;380.9	159;153957;154700;+;235.0	152;146600;149227;+;305.4	167;158244;160262;+;386.5	147;143118;144545;+;94.3	152;146600;149227;+;98.5	144;141837;142403;+;184.4	156;151237;151875;+;68.4	157;151872;153680;+;268.0	173;163350;165503;+;391.9	151;145569;146084;+;78.0	173;163350;165503;+;70.4	A	9/9	contiguous	21513	1	1	160313..160588+;91;unnamed;0
NZ_CP141846.1	MPF_F	IncFII(pCoo)	81	0	0	GA	0															not_admitted	not_admitted	not_admitted	not_admitted	not_admitted	not_admitted	not_admitted	not_admitted	not_admitted	not_admitted	1	11;8957;9949;+;370.2	19;14645;16018;+;380.4	15;12681;13424;+;233.3	8;5321;7948;+;303.5	20;16015;18837;+;386.8	4;1982;3409;+;94.3	8;5321;7948;+;100.3	2;701;1267;+;183.8	12;9958;10596;+;68.3	13;10593;12401;+;268.2	23;20371;22668;+;391.6	7;4290;4805;+;78.0	23;20371;22668;+;70.3	A	9/9	contiguous	19670	1	1	18858..19355+;165;TraS;0
NZ_CP141849.1	MPF_T	IncN	74	0	0	GA	1	58;49018;49755;-;32.0		55;48057;48374;-;63.3	54;45457;48057;-;111.8	54;45457;48057;-;76.4	53;44726;45439;-;105.5	51;43435;44475;-;142.4		50;42518;43216;-;131.9	49;41623;42507;-;159.7	48;40463;41623;-;156.3	47;39426;40421;-;81.2	21;13637;15166;+;38.5		pfam	both	A	7/7	canonical	1	0	unscoreable	3	0	0														not_admitted	not_admitted	not_admitted	not_admitted	not_admitted	not_admitted	not_admitted
NZ_CP141854.1	MPF_F	IncHI2;IncHI2A	367	0	0	GA	0															not_admitted	not_admitted	not_admitted	not_admitted	not_admitted	not_admitted	not_admitted	not_admitted	not_admitted	not_admitted	1	300;276471;277529;+;276.9	114;106501;107916;-;194.1	115;107906;108952;-;173.7	281;253151;255832;+;168.0	113;102542;106492;-;101.6	277;249466;250821;+;80.7	281;253151;255832;+;72.2	274;246954;247742;+;74.8	298;274818;276329;+;62.7	301;277548;280736;+;58.3	121;115993;118077;+;56.7	280;252192;253142;+;46.4	121;115993;118077;+;38.8	A	9/9	split_3	175006	0	1	
NZ_CP141858.1	MPF_F	IncFIB(pQil);IncFII(K)	175	0	0	GA	0															not_admitted	not_admitted	not_admitted	not_admitted	not_admitted	not_admitted	not_admitted	not_admitted	not_admitted	not_admitted	1	103;85251;86240;+;366.6	113;91731;93101;+;383.8	109;89777;90529;+;233.7	99;81169;83808;+;258.5	114;93101;95974;+;347.6	92;76918;78342;+;89.2	99;81169;83808;+;86.3	90;75625;76191;+;168.5	104;86253;86891;+;67.2	105;86950;88905;+;259.7	118;98727;101039;+;393.1	93;78414;78998;+;54.4	118;98727;101039;+;66.6	A	9/9	contiguous	23102	1	1	95985..96518+;177;unnamed;0
NZ_CP141865.1	MPF_F	IncFIB(AP001918);IncFII	156	0	0	GA	0															not_admitted	not_admitted	not_admitted	not_admitted	not_admitted	not_admitted	not_admitted	not_admitted	not_admitted	not_admitted	1	37;35993;36985;-;368.9	28;29558;30934;-;380.2	33;32521;33264;-;232.2	40;37994;40621;-;303.3	27;26739;29561;-;392.0	47;42676;44103;-;94.7	40;37994;40621;-;98.5	49;44818;45384;-;183.4	36;35346;35984;-;68.7	35;33541;35349;-;268.0	24;23007;25205;-;388.7	43;41137;41652;-;77.7	24;23007;25205;-;70.4	A	9/9	contiguous	21811	1	1	26238..26717-;159;TraS;0
NZ_CP141866.1	MPF_F	IncFII(pHN7A8);IncN;IncX1	152	0	0	GA	0															not_admitted	not_admitted	not_admitted	not_admitted	not_admitted	not_admitted	not_admitted	not_admitted	not_admitted	not_admitted	1	0;1;993;+;369.5	13;7826;9199;+;376.8	8;5517;6260;+;234.4	150;127796;130423;+;301.8	14;9196;12012;+;376.7	145;124314;125741;+;94.1	150;127796;130423;+;101.8	143;123033;123599;+;183.8	3;1939;2577;+;70.4	6;3390;5240;+;265.0	18;14313;16556;+;391.7	149;126765;127280;+;78.0	18;14313;16556;+;70.3	A	9/9	split_2	127795	1	1	12045..12566+;173;unnamed;0
NZ_CP141898.1	MPF_F	IncFII(pECLA);IncR	105	0	0	GA	0															not_admitted	not_admitted	not_admitted	not_admitted	not_admitted	not_admitted	not_admitted	not_admitted	not_admitted	not_admitted	1	89;68215;69213;+;360.1	97;74126;75490;+;364.3	92;71703;72485;+;210.4	81;62210;64819;+;224.6	98;75490;78771;+;309.3	73;58494;59903;+;97.1	81;62210;64819;+;100.3	71;57164;57745;+;94.4	90;69224;69847;+;63.5	91;69844;71706;+;213.5	102;80989;83556;+;365.0	79;61408;61962;+;45.9	102;80989;83556;+;76.5	A	9/9	contiguous	23825	1	1	78780..79493+;237;unnamed;0
NZ_CP141902.1	MPF_F	IncFIA;IncFIB(AP001918);IncFII(pSE11)	197	0	0	GA	0															not_admitted	not_admitted	not_admitted	not_admitted	not_admitted	not_admitted	not_admitted	not_admitted	not_admitted	not_admitted	1	88;78876;79868;+;369.3	97;84930;86303;+;379.8	92;82597;83340;+;230.4	85;75240;77867;+;306.5	98;86300;89122;+;389.2	78;71758;73185;+;88.1	85;75240;77867;+;98.6	76;70477;71043;+;183.9	89;79877;80515;+;68.3	90;80512;82320;+;268.2	105;93193;95187;+;392.1	82;74209;74724;+;78.0	105;93193;95187;+;70.5	A	9/9	contiguous	22716	1	1	89143..89622+;159;TraS;0
NZ_CP141906.1	MPF_F	IncFIB(pNDM-Mar);IncHI1B(pNDM-MAR)	319	0	0	GA	0															not_admitted	not_admitted	not_admitted	not_admitted	not_admitted	not_admitted	not_admitted	not_admitted	not_admitted	not_admitted	1	208;177614;178651;+;282.3	13;14323;15591;-;191.3	14;15581;16618;-;176.7	195;162910;165627;+;148.7	10;9088;12636;-;78.2	191;159427;160797;+;65.6	195;162910;165627;+;85.2	188;156921;157781;+;79.0	207;176256;177617;+;69.9	209;178661;181846;+;58.9	21;23799;25925;+;58.0	194;162128;162865;+;57.0	21;23799;25925;+;39.7	A	9/9	split_2	169573	0	1	
NZ_CP141990.1	MPF_F	IncFII(pHN7A8)	107	0	0	GA	0															not_admitted	not_admitted	not_admitted	not_admitted	not_admitted	not_admitted	not_admitted	not_admitted	not_admitted	not_admitted	1	90;84985;85977;+;369.5	103;92810;94183;+;376.8	98;90501;91244;+;234.4	87;81349;83976;+;301.8	104;94180;96996;+;376.7	82;77867;79294;+;94.1	87;81349;83976;+;101.8	80;76586;77152;+;183.8	93;86923;87561;+;70.4	96;88374;90224;+;265.0	1;789;2996;+;391.7	86;80318;80833;+;78.0	1;789;2996;+;70.3	A	9/9	split_2	93391	1	1	97029..97550+;173;unnamed;0
NZ_CP141996.1	MPF_F	IncFII(29)	73	0	0	GA	0															not_admitted	not_admitted	not_admitted	not_admitted	not_admitted	not_admitted	not_admitted	not_admitted	not_admitted	not_admitted	1	6;5033;6025;+;369.2	20;12647;14020;+;381.0	13;9759;10502;+;234.3	3;1397;4024;+;300.9	21;14017;16836;+;387.9	72;59324;60751;+;94.1	3;1397;4024;+;101.4	70;58043;58609;+;183.8	8;6369;7007;+;68.7	11;7719;9482;+;268.1	25;19107;21323;+;391.7	1;366;881;+;77.6	25;19107;21323;+;70.3	A	9/9	split_2	58958	1	1	16861..17352+;163;TraS;0
NZ_CP142036.1	MPF_F	IncHI2;IncHI2A;IncN	264	0	0	GA	0															not_admitted	not_admitted	not_admitted	not_admitted	not_admitted	not_admitted	not_admitted	not_admitted	not_admitted	not_admitted	1	167;152586;153644;+;276.9	54;46860;48275;-;194.1	55;48265;49311;-;174.3	151;130333;133014;+;168.0	53;42898;46851;-;101.7	147;126648;128003;+;80.7	151;130333;133014;+;72.2	144;124136;124924;+;74.8	165;150933;152444;+;62.0	168;153663;156851;+;57.3	62;56353;58437;+;56.8	150;129374;130324;+;46.1	62;56353;58437;+;38.8	A	9/9	split_3	110765	1	1	41428..42717-;429;unnamed;0
NZ_CP142038.1	MPF_F	IncFII(pCoo)	84	0	0	GA	0															not_admitted	not_admitted	not_admitted	not_admitted	not_admitted	not_admitted	not_admitted	not_admitted	not_admitted	not_admitted	1	66;62080;63072;-;369.5	54;54265;55638;-;376.8	58;56859;57602;-;234.4	69;64081;66711;-;306.8	53;51443;54268;-;375.5	76;70272;71699;-;94.7	69;64081;66711;-;98.5	78;72414;72980;-;183.8	63;60499;61137;-;70.8	60;57879;59687;-;266.5	49;46940;49201;-;391.6	73;68879;69394;-;76.1	49;46940;49201;-;70.3	A	9/9	contiguous	25474	1	1	50937..51446-;169;unnamed;0
NZ_CP142039.1	MPF_T	IncX3	58	0	0	GA	1	3;2256;2900;+;46.4	4;2884;3174;+;73.1	5;3199;5952;+;47.0	5;3199;5952;+;142.4	5;3199;5952;+;73.3	6;5962;6732;+;60.1	8;7011;8066;+;133.2		9;8261;8989;+;119.4	10;8995;9924;+;138.8	11;9921;11135;+;128.3	13;11331;12365;+;65.7	14;12368;14203;+;495.9		pfam	pfam_only	A	7/7	canonical	1	1	unscoreable	2	0	0														not_admitted	not_admitted	not_admitted	not_admitted	not_admitted	not_admitted	not_admitted
NZ_CP142042.1	-	-	202	0	0	GA	0															not_admitted	not_admitted	not_admitted	not_admitted	not_admitted	not_admitted	not_admitted	not_admitted	not_admitted	not_admitted	1	23;25351;26292;-;195.3			38;37078;40044;-;280.1	20;22046;23581;-;226.8						50;47590;49818;-;21.7		50;47590;49818;-;43.3	D	3/9	contiguous	25544	0	0	
NZ_CP142043.1	MPF_F	-	313	0	0	GA	0															not_admitted	not_admitted	not_admitted	not_admitted	not_admitted	not_admitted	not_admitted	not_admitted	not_admitted	not_admitted	1	177;155861;156913;-;324.9	167;147464;148864;-;303.5	168;148861;149886;-;233.6	180;158707;161172;-;312.4	166;144294;147452;-;371.9	188;172891;174156;-;131.9	180;158707;161172;-;130.0	190;175439;176080;-;89.6	178;156900;158141;-;71.6	210;193394;196015;-;122.9	195;178233;180062;-;38.7	187;172380;172880;-;87.4	195;178233;180062;-;55.1	A	9/9	contiguous	49100	0	1	
NZ_CP142046.1	MPF_F	IncFII(pHN7A8);IncX1	132	0	0	GA	0															not_admitted	not_admitted	not_admitted	not_admitted	not_admitted	not_admitted	not_admitted	not_admitted	not_admitted	not_admitted	1	90;81001;81993;-;369.3	79;73943;75316;-;376.7	86;77529;78272;-;234.1	93;83002;85629;-;305.4	78;71124;73946;-;389.5	98;87684;89111;-;94.3	93;83002;85629;-;98.5	100;89826;90392;-;183.8	89;80354;80992;-;68.4	88;78549;80357;-;268.4	75;67442;69595;-;391.9	94;86145;86660;-;78.4	75;67442;69595;-;70.4	A	9/9	contiguous	22384	1	1	70611..71102-;163;TraS;0
NZ_CP142047.1	MPF_T	IncI2(Delta)	78	0	0	GA	1	75;59411;59893;+;81.1		60;43531;43815;+;36.6	61;43821;46178;+;58.4	61;43821;46178;+;44.9	51;38075;38719;+;41.9	50;37074;38069;+;123.7		63;46344;47078;+;144.3	64;47075;47845;+;170.5	65;47835;48974;+;154.7	72;56105;57643;+;207.1	67;50064;52022;+;289.6		pfam	pfam_only	A	7/7	rearranged	1	0	unscoreable	14	0	0														not_admitted	not_admitted	not_admitted	not_admitted	not_admitted	not_admitted	not_admitted
NZ_CP142096.1	MPF_F	IncC	176	0	0	GA	0															not_admitted	not_admitted	not_admitted	not_admitted	not_admitted	not_admitted	not_admitted	not_admitted	not_admitted	not_admitted	1	97;72098;73105;+;332.9	165;130358;131791;+;339.2	164;129328;130356;+;221.7	92;66899;69346;+;354.2	166;131804;135418;+;375.3	80;52812;54128;+;135.0	92;66899;69346;+;128.6	78;51288;51914;+;92.1	95;70168;71433;+;67.6	98;73221;76016;+;146.2	69;45613;47478;+;47.4	81;54125;54703;+;100.2	69;45613;47478;+;52.0	A	9/9	split_2	86191	0	1	
NZ_CP142112.1	MPF_T	-	52	0	0	GA	1	18;11611;12243;-;56.9	31;25337;25660;-;51.2	30;24941;25309;-;79.5	29;22509;24944;-;153.5	29;22509;24944;-;105.7	28;21781;22512;-;140.8	26;20620;21570;-;149.5		24;19408;20301;-;90.8	23;18596;19405;-;142.3	22;17388;18599;-;127.8	21;16345;17391;-;86.7	20;14425;16335;-;329.8		pfam	both	A	7/7	canonical	1	0	unscoreable	3	0	0														not_admitted	not_admitted	not_admitted	not_admitted	not_admitted	not_admitted	not_admitted
NZ_CP142383.1	MPF_F	Col156;IncFIA;IncFIB(AP001918);IncFII	206	0	0	GA	0															not_admitted	not_admitted	not_admitted	not_admitted	not_admitted	not_admitted	not_admitted	not_admitted	not_admitted	not_admitted	1	136;119056;119385;-;108.4	125;112006;113379;-;380.1	132;115725;116327;-;152.5	141;121050;123677;-;300.9	124;109184;112009;-;385.9	147;125655;126209;-;42.8	141;121050;123677;-;98.5	150;127859;128425;-;183.8	135;118409;119047;-;68.6	134;116604;118412;-;268.3	120;105495;106487;-;159.0	143;124193;124708;-;78.4	120;105495;106487;-;72.2	A	9/9	contiguous	22364	1	1	108678..109187-;169;unnamed;0
NZ_CP142384.1	MPF_F	IncC	205	0	0	GA	0															not_admitted	not_admitted	not_admitted	not_admitted	not_admitted	not_admitted	not_admitted	not_admitted	not_admitted	not_admitted	1	116;87890;88897;+;332.9	190;150160;151593;+;339.2	189;149130;150158;+;221.7	111;82691;85138;+;354.5	191;151606;155220;+;375.3	44;24865;26025;+;156.3	111;82691;85138;+;128.3	104;72295;72921;+;92.7	114;85960;87225;+;67.9	117;89013;91811;+;145.3	95;66620;68485;+;47.3	107;75132;75710;+;100.2	95;66620;68485;+;52.0	A	9/9	split_3	126741	0	1	
NZ_CP142385.1	MPF_F	IncFII(pSE11)	92	0	0	GA	0															not_admitted	not_admitted	not_admitted	not_admitted	not_admitted	not_admitted	not_admitted	not_admitted	not_admitted	not_admitted	1	14;12428;13039;-;229.8	4;5014;6387;-;381.7	10;8724;9023;-;85.4	22;15816;17048;-;284.2	3;2192;5017;-;374.0	29;20090;20569;-;43.0	18;14423;15265;-;51.2	32;22223;22789;-;174.3	12;11503;12084;-;67.5	11;9601;11451;-;266.9	89;62827;63783;-;126.6	26;18691;19206;-;78.4	89;62827;63783;-;69.3	A	9/9	split_2	60635	1	1	1686..2195-;169;unnamed;0
NZ_CP142387.1	MPF_F	IncFII(K);IncFII(pAR0022);IncHI1B(pNDM-MAR);repB;repB(R1701)	396	0	0	GA	0															not_admitted	not_admitted	not_admitted	not_admitted	not_admitted	not_admitted	not_admitted	not_admitted	not_admitted	not_admitted	1	73;76136;77125;-;366.7	63;69222;70589;-;383.7	67;71847;72599;-;233.7	77;78579;81221;-;258.5	62;66373;69222;-;346.4	84;84417;85841;-;89.3	77;78579;81221;-;88.2	86;86568;87134;-;169.3	72;75485;76123;-;66.9	71;73471;75426;-;259.6	58;61599;63911;-;393.2	83;83719;84303;-;54.3	58;61599;63911;-;65.8	A	9/9	contiguous	24969	1	1	65837..66370-;177;unnamed;0
NZ_CP142388.1	MPF_F	Col(pHAD28);IncFIB(K);IncFII(pKP91)	304	0	0	GA	0															not_admitted	not_admitted	not_admitted	not_admitted	not_admitted	not_admitted	not_admitted	not_admitted	not_admitted	not_admitted	1	266;235280;236269;+;363.3	277;242088;243455;+;382.2	273;240078;240830;+;233.7	262;231184;233823;+;259.4	278;243455;246304;+;342.9	252;225798;227222;+;89.2	262;231184;233823;+;88.3	250;224505;225071;+;167.9	268;236545;237192;+;65.9	269;237251;239206;+;259.5	284;249311;251464;+;393.5	254;227834;228418;+;53.8	284;249311;251464;+;66.0	A	9/9	contiguous	24806	1	1	246307..246837+;176;unnamed;0
NZ_CP142389.1	MPF_F	IncFII(pHN7A8);IncR	211	0	0	GA	0															not_admitted	not_admitted	not_admitted	not_admitted	not_admitted	not_admitted	not_admitted	not_admitted	not_admitted	not_admitted	1	72;63265;64257;-;369.5	59;55059;56432;-;376.8	64;57998;58741;-;234.4	75;65266;67893;-;301.8	58;52246;55062;-;376.7	80;69948;71375;-;94.1	75;65266;67893;-;101.8	82;72090;72656;-;183.8	69;61681;62319;-;70.4	66;59018;60868;-;265.0	54;47720;49945;-;391.7	76;68409;68924;-;77.6	54;47720;49945;-;70.3	A	9/9	contiguous	24370	1	1	51692..52213-;173;unnamed;0
NZ_CP142404.1	MPF_F	IncHI2;IncHI2A	290	0	0	GA	0															not_admitted	not_admitted	not_admitted	not_admitted	not_admitted	not_admitted	not_admitted	not_admitted	not_admitted	not_admitted	1	281;250774;251832;+;276.9	165;143422;144837;-;194.1	166;144827;145873;-;174.3	265;228521;231202;+;168.0	164;139460;143413;-;101.7	261;224836;226191;+;80.7	265;228521;231202;+;72.2	257;221547;222146;+;66.5	279;249121;250632;+;61.8	282;251851;255039;+;57.3	173;152915;154810;+;57.6	264;227562;228512;+;46.1	173;152915;154810;+;38.6	A	9/9	split_3	112391	1	1	137990..139279-;429;unnamed;0
NZ_CP142405.1	MPF_F	IncFIB(K);IncFII(pKP91)	165	0	0	GA	0															not_admitted	not_admitted	not_admitted	not_admitted	not_admitted	not_admitted	not_admitted	not_admitted	not_admitted	not_admitted	1	52;40111;41100;+;363.3	62;46647;48014;+;384.6	58;44637;45389;+;233.7	48;36015;38654;+;258.5	63;48014;50863;+;345.5	40;31251;32675;+;89.3	48;36015;38654;+;88.2	38;29958;30524;+;167.0	53;41113;41751;+;66.0	54;41810;43765;+;260.6	67;53324;55606;+;393.2	42;33287;33871;+;54.6	67;53324;55606;+;65.9	A	9/9	contiguous	23366	1	1	50866..51396+;176;unnamed;0
NZ_CP142406.1	-	IncFII(K);IncFII(pAR0022);IncR	102	0	0	GA	0															not_admitted	not_admitted	not_admitted	not_admitted	not_admitted	not_admitted	not_admitted	not_admitted	not_admitted	not_admitted	1	85;75199;75732;-;232.0	80;70104;71468;-;352.8	82;72066;72839;-;208.9	91;78571;81192;-;214.6	79;67231;70101;-;238.4	94;82152;83483;-;86.5	91;78571;81192;-;89.0	96;84189;84764;-;87.7	84;74801;75229;-;63.5	83;72836;74773;-;232.0	77;64372;66504;-;375.4	92;81201;81731;-;32.9	77;64372;66504;-;65.1	A	9/9	contiguous	19817	1	1	66659..67222-;187;unnamed;0
NZ_CP142407.1	MPF_F	IncFII	74	0	0	GA	0															not_admitted	not_admitted	not_admitted	not_admitted	not_admitted	not_admitted	not_admitted	not_admitted	not_admitted	not_admitted	1	3;3640;4632;+;369.5	13;10411;11784;+;381.7	8;7738;8481;+;234.4	0;1;2631;+;304.1	14;11781;14603;+;374.0	66;58524;59975;+;94.4	0;1;2631;+;96.8	64;57243;57809;+;174.3	5;4976;5614;+;68.6	6;5611;7461;+;266.1	18;16875;19127;+;391.1	69;60835;61350;+;78.4	18;16875;19127;+;70.3	A	9/9	split_2	60834	1	1	14625..15104+;159;TraS;0
NZ_CP142408.1	MPF_T	ColKP3;IncX3	64	0	0	GA	1	5;3402;4046;+;46.4	6;4030;4320;+;73.1	7;4345;7098;+;47.0	7;4345;7098;+;142.4	7;4345;7098;+;73.3	8;7108;7878;+;60.1	10;8157;9212;+;132.8		11;9407;10135;+;119.4	12;10141;11070;+;138.8	13;11067;12281;+;128.3	15;12477;13511;+;65.7	16;13514;15349;+;495.9		pfam	pfam_only	A	7/7	canonical	1	1	unscoreable	2	0	0														not_admitted	not_admitted	not_admitted	not_admitted	not_admitted	not_admitted	not_admitted
NZ_CP142409.1	MPF_T	IncP1	45	0	0	GA	1	14;16354;17127;-;21.7	25;26303;26686;-;68.3	24;25974;26300;-;50.2	23;23434;25977;-;99.2	23;23434;25977;-;108.9	18;19197;19967;-;107.5	16;17462;19057;-;120.2		22;22730;23437;-;88.1	21;21824;22714;-;156.2	19;19980;21374;-;218.2	26;26800;27756;-;133.6	2;2773;4716;+;443.4		conjscan	conjscan_only	A	7/7	canonical	1	0	unscoreable	4	0	0														not_admitted	not_admitted	not_admitted	not_admitted	not_admitted	not_admitted	not_admitted
NZ_CP142410.1	MPF_T	IncX4	45	0	0	GA	1	27;16170;16790;+;47.9	28;16804;17130;+;63.6	29;17149;19896;+;62.7	29;17149;19896;+;152.1	29;17149;19896;+;46.1	30;19908;20624;+;97.3	31;20635;21714;+;157.5		33;22211;22897;+;167.2	34;22894;23802;+;142.4	35;23795;24913;+;163.7	36;24915;25943;+;85.0	37;25975;27792;+;313.0		pfam	pfam_only	A	7/7	canonical	1	1	unscoreable	1	0	0														not_admitted	not_admitted	not_admitted	not_admitted	not_admitted	not_admitted	not_admitted
NZ_CP142674.1	-	-	135	0	0	GA	0															not_admitted	not_admitted	not_admitted	not_admitted	not_admitted	not_admitted	not_admitted	not_admitted	not_admitted	not_admitted	1	101;104262;105287;-;397.8	96;99140;100582;-;360.0	97;100582;101397;-;229.8	107;107595;110150;-;429.5	95;96308;99127;-;364.7	111;111681;112994;-;96.3	107;107595;110150;-;99.6	113;113794;114357;-;167.1	100;103509;104246;-;104.0	99;101779;103512;-;274.7	51;43349;45745;+;486.8		51;43349;45745;+;65.3	B	8/9	split_2	70445	1	1	95121..95945-;274;unnamed;0
NZ_CP142678.1	MPF_F	IncHI2;IncHI2A;IncN	278	0	0	GA	0															not_admitted	not_admitted	not_admitted	not_admitted	not_admitted	not_admitted	not_admitted	not_admitted	not_admitted	not_admitted	1	27;31208;32266;+;276.9	190;176393;177808;-;194.1	191;177798;178844;-;174.3	11;8955;11636;+;168.0	189;172431;176384;-;101.7	7;5270;6625;+;80.7	11;8955;11636;+;72.2	4;2758;3546;+;74.8	25;29555;31066;+;62.0	28;32285;35473;+;57.3	198;185886;187970;+;56.8	10;7996;8946;+;46.1	198;185886;187970;+;38.8	A	9/9	split_3	183128	1	1	170961..172250-;429;unnamed;0
NZ_CP142681.1	MPF_F	IncFII(29)	88	0	0	GA	0															not_admitted	not_admitted	not_admitted	not_admitted	not_admitted	not_admitted	not_admitted	not_admitted	not_admitted	not_admitted	1	61;50437;51429;+;369.5	74;58263;59636;+;381.0	69;55953;56696;+;234.4	58;46801;49428;+;303.8	75;59633;62455;+;376.7	52;43462;44889;+;93.9	58;46801;49428;+;99.7	50;42181;42747;+;183.8	64;52375;53013;+;70.4	67;53826;55676;+;267.4	79;64722;66938;+;391.7	55;45770;46285;+;78.4	79;64722;66938;+;70.3	A	9/9	contiguous	22541	1	1	62477..62968+;163;TraS;0
NZ_CP142682.1	MPF_T	IncX1;IncX3	56	0	0	GA	1	42;37977;38624;-;45.6	41;37703;37999;-;76.6	40;34931;37684;-;46.6	40;34931;37684;-;147.9	40;34931;37684;-;75.3	39;34162;34920;-;67.5	37;32791;33924;-;109.2		36;31833;32546;-;118.2	35;30899;31828;-;133.7	34;29697;30902;-;132.5	33;28664;29695;-;76.3	32;26826;28661;-;486.3		pfam	pfam_only	A	7/7	canonical	1	1	unscoreable	1	0	0														not_admitted	not_admitted	not_admitted	not_admitted	not_admitted	not_admitted	not_admitted
NZ_CP142683.1	MPF_T	IncN	48	0	0	GA	1	10;7336;8070;+;32.5	12;8370;8663;+;28.7	13;8713;9030;+;63.3	14;9030;11630;+;111.8	14;9030;11630;+;76.8	15;11648;12361;+;97.1	17;12612;13652;+;153.6		18;13871;14569;+;131.9	19;14580;15464;+;159.0	20;15464;16624;+;154.9	21;16666;17661;+;81.2	29;27184;28713;-;38.5		pfam	both	A	7/7	canonical	1	0	unscoreable	9	0	0														not_admitted	not_admitted	not_admitted	not_admitted	not_admitted	not_admitted	not_admitted
NZ_CP142684.1	MPF_T	IncX4	44	0	0	GA	1	36;28012;28632;+;41.6	37;28646;28972;+;64.4	38;28991;31738;+;63.8	38;28991;31738;+;151.8	38;28991;31738;+;46.1	39;31750;32466;+;94.2	40;32478;33572;+;150.1		42;34087;34773;+;169.0	43;34770;35678;+;142.4		0;106;1134;+;85.0	1;1166;2983;+;314.8		pfam	pfam_only	B	6/7	canonical	1	1	unscoreable	1	0	0														not_admitted	not_admitted	not_admitted	not_admitted	not_admitted	not_admitted	not_admitted
NZ_CP142690.1	-	-	141	0	0	GA	0															not_admitted	not_admitted	not_admitted	not_admitted	not_admitted	not_admitted	not_admitted	not_admitted	not_admitted	not_admitted	1	121;128155;129168;+;359.5	126;132838;134205;+;353.0	124;131508;132281;+;218.2	117;123611;126217;+;216.3	127;134209;137079;+;260.8	114;121363;122718;+;90.3	117;123611;126217;+;95.6	112;120083;120655;+;88.0	122;129180;129611;+;61.4	123;129661;131511;+;227.6	130;138776;140950;+;379.1	116;123049;123603;+;26.7	130;138776;140950;+;58.0	A	9/9	contiguous	18693	1	1	137084..137617+;177;unnamed;0
NZ_CP142705.1	MPF_F	IncFIA(HI1);IncFIB(AP001918);IncFIC(FII);IncHI1A;IncHI1B(R27)	392	0	0	GA	0															not_admitted	not_admitted	not_admitted	not_admitted	not_admitted	not_admitted	not_admitted	not_admitted	not_admitted	not_admitted	1	273;240844;241836;+;369.3	284;247519;248895;+;378.0	277;244565;245308;+;234.1	270;237208;239835;+;305.4	285;248892;251714;+;389.5	263;233726;235153;+;94.3	270;237208;239835;+;98.5	261;232445;233011;+;183.8	274;241845;242483;+;68.4	275;242480;244288;+;268.4	288;253243;255396;+;391.9	267;236177;236692;+;78.4	288;253243;255396;+;70.4	A	9/9	contiguous	20798	1	1	251736..252227+;163;TraS;0
NZ_CP142706.1	MPF_F	IncFIA(HI1);IncFIB(AP001918);IncFIC(FII);IncHI1A;IncHI1B(R27)	391	0	0	GA	0															not_admitted	not_admitted	not_admitted	not_admitted	not_admitted	not_admitted	not_admitted	not_admitted	not_admitted	not_admitted	1	271;241234;242226;-;369.3	260;234175;235551;-;378.0	267;237762;238505;-;234.1	274;243235;245862;-;305.4	259;231356;234178;-;389.5	281;247917;249344;-;94.3	274;243235;245862;-;98.5	283;250059;250625;-;183.8	270;240587;241225;-;68.4	269;238782;240590;-;268.4	256;227674;229827;-;391.9	277;246378;246893;-;78.4	256;227674;229827;-;70.4	A	9/9	contiguous	22385	1	1	230843..231334-;163;TraS;0
NZ_CP142707.1	MPF_F	IncFIA(HI1);IncFIB(AP001918);IncFIC(FII);IncHI1A;IncHI1B(R27)	296	0	0	GA	0															not_admitted	not_admitted	not_admitted	not_admitted	not_admitted	not_admitted	not_admitted	not_admitted	not_admitted	not_admitted	1	110;103510;104502;+;369.3	121;110185;111561;+;378.0	114;107231;107974;+;234.1	107;99874;102501;+;305.4	122;111558;114380;+;389.5	100;96392;97819;+;94.3	107;99874;102501;+;98.5	98;95111;95677;+;183.8	111;104511;105149;+;68.4	112;105146;106954;+;268.4	125;115909;118062;+;391.9	104;98843;99358;+;78.4	125;115909;118062;+;70.4	A	9/9	contiguous	20798	1	1	114402..114893+;163;TraS;0
NZ_CP142717.1	MPF_T	-	63	0	0	GA	1				11;8117;10132;+;24.4									17;14157;15707;+;459.2		none	none	D	2/7	uncallable	0	0	unscoreable	5	0	0														not_admitted	not_admitted	not_admitted	not_admitted	not_admitted	not_admitted	not_admitted
NZ_CP142772.1	MPF_T	-	75	0	0	GA	1				10;6440;8458;+;24.1									16;12484;14013;+;461.0		none	none	D	2/7	uncallable	0	0	unscoreable	5	0	0														not_admitted	not_admitted	not_admitted	not_admitted	not_admitted	not_admitted	not_admitted
NZ_CP142847.1	MPF_F	IncFIB(pECLA)	144	0	0	GA	0															not_admitted	not_admitted	not_admitted	not_admitted	not_admitted	not_admitted	not_admitted	not_admitted	not_admitted	not_admitted	1	136;127788;128780;-;374.4	128;121753;123123;-;375.5	131;123910;124659;-;222.4	139;129794;132433;-;252.2	127;118931;121753;-;336.5	1;209;1642;-;85.1	139;129794;132433;-;91.3	3;2369;2935;-;163.0	135;127149;127775;-;68.5	134;125278;127152;-;258.5	124;115067;117274;-;390.2	143;133828;134397;-;54.4	124;115067;117274;-;63.9	A	9/9	split_2	133619	1	1	118325..118915-;196;TraS;0
NZ_CP142894.1	MPF_F	-	111	0	0	GA	0															not_admitted	not_admitted	not_admitted	not_admitted	not_admitted	not_admitted	not_admitted	not_admitted	not_admitted	not_admitted	1	1;870;1913;+;369.2	6;5892;7319;+;325.8	4;4682;5494;+;219.1	109;87554;90280;+;164.6	7;7335;10337;+;208.7	105;84556;85872;+;102.7	109;87554;90280;+;108.4	103;83265;83843;+;82.6	2;1928;2635;+;107.6	3;2632;4689;+;92.2	85;70545;72704;+;381.4	108;86900;87544;+;41.9	85;70545;72704;+;89.7	A	9/9	split_2	86684	1	1	10409..10927+;172;unnamed;0
NZ_CP142897.1	MPF_F	-	104	0	0	GA	0															not_admitted	not_admitted	not_admitted	not_admitted	not_admitted	not_admitted	not_admitted	not_admitted	not_admitted	not_admitted	1	69;49489;50532;-;369.2	64;44083;45510;-;325.8	66;45908;46720;-;219.1	73;52094;54820;-;164.6	63;41065;44067;-;208.7	77;56502;57818;-;102.7	73;52094;54820;-;108.4	79;58531;59109;-;82.6	68;48767;49474;-;107.6	67;46713;48770;-;92.2	97;69670;71829;-;381.4	74;54830;55474;-;41.9	97;69670;71829;-;89.7	A	9/9	contiguous	28605	1	1	40475..40993-;172;unnamed;0
NZ_CP142900.1	MPF_F	IncFIB(pQil);IncFII(K)	132	0	0	GA	0															not_admitted	not_admitted	not_admitted	not_admitted	not_admitted	not_admitted	not_admitted	not_admitted	not_admitted	not_admitted	1	78;78610;79599;-;366.0	68;71696;73063;-;380.7	72;74321;75073;-;233.7	82;81042;83681;-;258.5	67;68847;71696;-;345.6	90;86938;88362;-;88.8	82;81042;83681;-;88.7	92;89089;89655;-;169.3	77;77959;78597;-;67.0	76;75945;77900;-;259.7	63;64049;66361;-;392.7	89;86240;86824;-;55.4	63;64049;66361;-;66.5	A	9/9	contiguous	25040	1	1	68286..68834-;182;unnamed;0
NZ_CP142901.1	MPF_F	IncFIB(K);IncFII(K);IncFII(pAR0022)	251	0	0	GA	0															not_admitted	not_admitted	not_admitted	not_admitted	not_admitted	not_admitted	not_admitted	not_admitted	not_admitted	not_admitted	1	170;175946;176938;-;366.0	160;169063;170454;-;380.7	164;171686;172438;-;235.1	173;177964;180603;-;257.8	159;166241;169063;-;346.4	183;184429;185853;-;88.9	173;177964;180603;-;88.8	185;186580;187146;-;169.3	169;175295;175933;-;67.0	168;173281;175236;-;259.7	155;161960;164272;-;393.1	181;183236;183793;-;52.7	155;161960;164272;-;66.6	A	9/9	contiguous	24620	1	1	165615..166217-;200;TraS;0
NZ_CP142905.1	MPF_F	IncFIB(pB171);IncFII(Yp);IncFII(pAR0022);IncX3	212	1	1	GA	1	168;160067;160543;+;78.8	62;55013;55303;+;73.1	63;55328;58081;+;47.0	63;55328;58081;+;145.4	63;55328;58081;+;73.3	64;58091;58861;+;60.1	66;59140;60195;+;133.2		67;60390;61118;+;119.4	68;61124;62053;+;138.8	69;62050;63264;+;128.3	71;63460;64494;+;65.7	72;64497;66332;+;495.9	149;145364;147217;-;257.4	pfam	pfam_only	A	7/7	canonical	1	1	unscoreable	28	0	1	151;147860;148846;-;368.4	143;141777;143147;-;376.7	147;144364;145113;-;218.2	154;149840;152470;-;285.5	142;138955;141777;-;336.5	69;62050;63264;+;128.3	154;149840;152470;-;98.6	162;156609;157175;-;169.9	150;147214;147843;-;66.9	149;145364;147217;-;257.4	139;135419;137620;-;384.8	159;153937;154476;-;64.9	72;64497;66332;+;88.7	A	9/9	split_2	94559	1	1	138502..138933-;143;TraS;0
NZ_CP142906.1	MPF_F	IncHI1A(NDM-CIT);IncHI1B(pNDM-CIT)	450	1	1	GA	1		403;391333;391716;-;86.7	83;92291;92560;-;32.5	401;388602;391052;-;42.3	401;388602;391052;-;138.4	81;89088;89831;-;226.6	398;386168;387532;-;179.3		78;86662;87366;-;235.9	210;206200;207249;+;235.3	211;207246;208466;+;216.3	85;92940;94010;-;118.3	406;393238;395253;-;346.4	47;56111;59287;+;57.9	conjscan	conjscan_only	A	7/7	canonical	1	0	unscoreable	6	0	1	46;55385;56092;+;214.6	310;321631;323046;-;200.0	311;323036;324082;-;168.3	11;9302;11983;+;156.8	309;317633;321622;-;103.1	211;207246;208466;+;216.3	11;9302;11983;+;73.5	4;3144;3929;+;69.5	44;53960;54892;+;45.7	47;56111;59287;+;57.9	406;393238;395253;-;105.6	10;8343;9293;+;45.4	406;393238;395253;-;99.4	A	9/9	split_5	390094	0	1	
NZ_CP142907.1	MPF_T	-	42	0	0	GA	1	23;19000;19608;-;47.6	22;18720;19007;-;65.0	21;15942;18701;-;44.6	21;15942;18701;-;142.2	21;15942;18701;-;66.0	20;15171;15929;-;69.8	18;13830;14891;-;136.2		16;12984;13709;-;144.9	15;12059;13045;-;145.6	14;10608;12062;-;137.5	13;9575;10606;-;74.8	12;7606;9573;-;423.4		pfam	pfam_only	A	7/7	canonical	1	1	unscoreable	2	0	0														not_admitted	not_admitted	not_admitted	not_admitted	not_admitted	not_admitted	not_admitted
NZ_CP142911.1	MPF_F	IncFIB(K);IncFIB(pQil);IncFII(K)	345	0	0	GA	0															not_admitted	not_admitted	not_admitted	not_admitted	not_admitted	not_admitted	not_admitted	not_admitted	not_admitted	not_admitted	1	289;274974;275966;-;366.6	279;268100;269467;-;380.7	156;160503;161255;-;233.7	292;276992;279631;-;258.7	278;265251;268100;-;345.6	301;283446;284870;-;89.2	292;276992;279631;-;88.8	176;175271;175837;-;169.3	161;164141;164779;-;67.0	160;162127;164082;-;259.7	147;150959;153268;-;393.2	173;172422;173006;-;55.4	274;260453;262765;-;66.5	A	9/9	split_2	132487	1	1	264690..265238-;182;unnamed;0
NZ_CP142916.1	MPF_F	IncFIA;IncFIB(AP001918);IncFII(pRSB107)	158	0	0	GA	0															not_admitted	not_admitted	not_admitted	not_admitted	not_admitted	not_admitted	not_admitted	not_admitted	not_admitted	not_admitted	1	94;92264;93256;-;369.5	83;85114;86487;-;382.9	89;88415;89158;-;234.4	97;94265;96895;-;297.8	82;82295;85117;-;383.5	106;100683;102134;-;93.9	97;94265;96895;-;100.5	108;102849;103415;-;182.3	92;91282;91920;-;70.7	91;89435;91285;-;266.4	78;77883;80036;-;384.3	103;99308;99823;-;77.9	78;77883;80036;-;71.9	A	9/9	contiguous	24966	1	1	81777..82274-;165;TraS;0
NZ_CP142917.1	MPF_F	IncFII(pCoo)	87	0	0	GA	0															not_admitted	not_admitted	not_admitted	not_admitted	not_admitted	not_admitted	not_admitted	not_admitted	not_admitted	not_admitted	1	59;46932;47924;+;369.5	71;53944;55317;+;388.1	65;51273;52016;+;234.1	56;43293;45923;+;300.9	72;55314;58139;+;382.8	47;37811;39238;+;93.9	56;43293;45923;+;101.1	45;36530;37096;+;182.3	62;48553;49191;+;69.8	63;49188;50996;+;267.9	76;60381;62597;+;380.8	51;40360;40875;+;77.9	76;60381;62597;+;66.5	A	9/9	contiguous	23851	1	1	58136..58645+;169;unnamed;0
NZ_CP142920.1	MPF_F	IncFIA;IncFIB(AP001918);IncFII	134	0	0	GA	0															not_admitted	not_admitted	not_admitted	not_admitted	not_admitted	not_admitted	not_admitted	not_admitted	not_admitted	not_admitted	1	73;67540;68532;-;369.5	60;60425;61135;-;248.5	66;63063;63806;-;234.1	76;69541;72171;-;300.9	58;56941;59766;-;384.7	86;76231;77664;-;89.7	76;69541;72171;-;100.9	88;78379;78945;-;182.9	71;66558;67196;-;68.6	68;64083;65846;-;267.3	54;52492;54699;-;380.8	81;74588;75103;-;77.9	54;52492;54699;-;66.5	A	9/9	contiguous	25887	1	1	56435..56944-;169;unnamed;0
NZ_CP142926.1	MPF_F	IncFIA;IncFII	124	0	0	GA	0															not_admitted	not_admitted	not_admitted	not_admitted	not_admitted	not_admitted	not_admitted	not_admitted	not_admitted	not_admitted	1	99;92516;93508;+;369.3	108;98570;99943;+;381.0	103;96207;96980;+;234.0	96;88880;91507;+;303.5	109;99940;102765;+;386.0	90;85398;86825;+;94.3	96;88880;91507;+;98.5	88;84117;84683;+;183.8	100;93517;94155;+;68.7	101;94152;95960;+;268.0	112;104269;106530;+;391.6	94;87849;88364;+;78.4	112;104269;106530;+;70.3	A	9/9	contiguous	20152	1	1	102762..103271+;169;unnamed;0
NZ_CP142931.1	MPF_F	IncFIA;IncFIB(pB171);IncFII	168	0	0	GA	0															not_admitted	not_admitted	not_admitted	not_admitted	not_admitted	not_admitted	not_admitted	not_admitted	not_admitted	not_admitted	1	100;94614;95606;-;367.1	89;87464;88837;-;382.9	95;90765;91508;-;234.4	103;96615;99245;-;297.8	88;84645;87467;-;384.1	112;103033;104484;-;94.1	103;96615;99245;-;100.5	114;105199;105765;-;183.8	98;93632;94270;-;69.6	97;91785;93635;-;266.4	84;80131;82374;-;391.7	109;101658;102173;-;77.9	84;80131;82374;-;71.8	A	9/9	contiguous	25068	1	1	84127..84624-;165;TraS;0
NZ_CP142940.1	MPF_F	IncFIA;IncFII	124	0	0	GA	0															not_admitted	not_admitted	not_admitted	not_admitted	not_admitted	not_admitted	not_admitted	not_admitted	not_admitted	not_admitted	1	98;92476;93468;+;371.6	107;98530;99903;+;380.7	102;96197;96940;+;233.3	95;88840;91467;+;303.5	108;99900;102719;+;386.2	89;85254;86681;+;91.9	95;88840;91467;+;99.0	87;83973;84539;+;182.9	99;93477;94115;+;64.9	100;94112;95920;+;268.2	111;104251;106512;+;391.6	94;87809;88324;+;76.4	111;104251;106512;+;70.3	A	9/9	contiguous	20278	1	1	102744..103235+;163;TraS;0
NZ_CP142944.1	MPF_F	IncFIA;IncFII	124	0	0	GA	0															not_admitted	not_admitted	not_admitted	not_admitted	not_admitted	not_admitted	not_admitted	not_admitted	not_admitted	not_admitted	1	98;92488;93480;+;371.6	107;98542;99915;+;380.7	102;96209;96952;+;233.3	95;88852;91479;+;303.5	108;99912;102731;+;386.2	89;85266;86693;+;91.9	95;88852;91479;+;99.0	87;83985;84551;+;182.9	99;93489;94127;+;64.9	100;94124;95932;+;268.2	111;104263;106515;+;391.7	94;87821;88336;+;76.4	111;104263;106515;+;70.3	A	9/9	contiguous	20278	1	1	102756..103247+;163;TraS;0
NZ_CP142950.1	MPF_F	IncFIB(pB171);IncFII	148	0	0	GA	0															not_admitted	not_admitted	not_admitted	not_admitted	not_admitted	not_admitted	not_admitted	not_admitted	not_admitted	not_admitted	1	69;63643;64635;-;372.1	58;56538;57911;-;380.7	63;59501;60244;-;233.3	72;65644;68271;-;303.5	57;53722;56541;-;386.2	77;70400;71851;-;94.6	72;65644;68271;-;100.3	79;72566;73132;-;183.2	68;62996;63634;-;68.6	65;60521;62284;-;267.9	54;50001;52190;-;391.8	73;68787;69302;-;79.0	54;50001;52190;-;70.4	A	9/9	contiguous	22565	1	1	53206..53697-;163;TraS;0
NZ_CP142954.1	MPF_F	IncFIB(pQil);IncFII(K)	171	0	0	GA	0															not_admitted	not_admitted	not_admitted	not_admitted	not_admitted	not_admitted	not_admitted	not_admitted	not_admitted	not_admitted	1	146;110642;111631;+;366.0	156;117208;118575;+;383.5	152;115198;115950;+;233.7	142;106546;109185;+;258.5	157;118575;121418;+;346.2	135;101722;103146;+;89.3	142;106546;109185;+;88.7	133;100507;100995;+;151.3	147;111644;112282;+;66.9	148;112341;114326;+;254.0	161;124110;126422;+;393.2	136;103219;103803;+;56.3	161;124110;126422;+;65.8	A	9/9	contiguous	23603	1	1	121429..121962+;177;unnamed;0
NZ_CP142955.1	MPF_F	Col156;IncFIB(AP001918);IncFII(29)	138	0	0	GA	0															not_admitted	not_admitted	not_admitted	not_admitted	not_admitted	not_admitted	not_admitted	not_admitted	not_admitted	not_admitted	1	81;75631;76446;-;296.5	66;65487;66860;-;381.7	73;69065;69808;-;233.1	84;77455;80085;-;304.0	65;62668;65490;-;388.5	91;83216;84643;-;93.9	84;77455;80085;-;99.3	93;85358;85924;-;183.1	76;71932;72570;-;68.6	75;70085;71935;-;271.9	61;58090;60396;-;391.0	88;81572;82087;-;73.9	61;58090;60396;-;70.2	A	9/9	contiguous	27268	1	1	62167..62646-;159;TraS;0
NZ_CP142957.1	MPF_F	IncFIB(pB171);IncFII	133	0	0	GA	0															not_admitted	not_admitted	not_admitted	not_admitted	not_admitted	not_admitted	not_admitted	not_admitted	not_admitted	not_admitted	1	58;53299;54291;-;372.1	47;46194;47567;-;380.7	52;49157;49900;-;233.3	61;55300;57927;-;303.5	46;43378;46197;-;386.2	66;60056;61507;-;94.6	61;55300;57927;-;100.3	68;62222;62788;-;183.2	57;52652;53290;-;68.6	54;50177;51940;-;267.9	43;39657;41846;-;391.8	62;58443;58958;-;79.0	43;39657;41846;-;70.4	A	9/9	contiguous	22565	1	1	42862..43353-;163;TraS;0
NZ_CP142966.1	MPF_F	IncFIB(pQil);IncFII(K)	166	0	0	GA	0															not_admitted	not_admitted	not_admitted	not_admitted	not_admitted	not_admitted	not_admitted	not_admitted	not_admitted	not_admitted	1	141;107608;108597;+;366.0	151;114174;115541;+;383.5	147;112164;112916;+;233.7	137;103512;106151;+;258.5	152;115541;118384;+;346.2	130;98694;100118;+;89.3	137;103512;106151;+;88.7	128;97401;97967;+;169.3	142;108610;109248;+;66.9	143;109307;111292;+;254.0	156;121076;123388;+;393.2	131;100191;100775;+;56.3	156;121076;123388;+;65.8	A	9/9	contiguous	23675	1	1	118395..118928+;177;unnamed;0
NZ_CP142972.1	MPF_F	IncFIB(pNDM-Mar);RepB	270	0	0	GA	0															not_admitted	not_admitted	not_admitted	not_admitted	not_admitted	not_admitted	not_admitted	not_admitted	not_admitted	not_admitted	1	203;169069;170106;-;282.3	112;80217;81629;+;188.2	111;79190;80227;+;173.5	214;180940;183657;-;151.5	113;81604;85542;+;121.9	218;185770;187143;-;63.3	214;180940;183657;-;84.3	221;188789;189649;-;79.1	204;170103;171464;-;70.6	202;165877;169059;-;59.2	103;69883;72009;-;57.4	215;183702;184439;-;59.2	103;69883;72009;-;40.0	A	9/9	split_2	118906	1	1	86209..89550+;1113;unnamed;0
NZ_CP142973.1	MPF_F	IncFIB(K);IncFII(K);IncFII(pAR0022)	254	0	0	GA	0															not_admitted	not_admitted	not_admitted	not_admitted	not_admitted	not_admitted	not_admitted	not_admitted	not_admitted	not_admitted	1	36;39055;40044;-;366.6	26;32171;33538;-;381.2	30;34795;35547;-;231.5	40;41487;44126;-;256.8	25;29322;32171;-;345.0	48;47321;48745;-;89.2	40;41487;44126;-;88.8	50;49472;50038;-;169.3	35;38404;39042;-;67.0	34;36390;38345;-;259.2	20;24550;26862;-;393.1	47;46623;47207;-;54.3	20;24550;26862;-;66.6	A	9/9	contiguous	24922	1	1	28789..29319-;176;unnamed;0
NZ_CP142974.1	MPF_T	IncN;IncR	119	0	0	GA	1	72;61055;61789;+;32.5		75;62432;62749;+;63.3	76;62749;65349;+;113.8	76;62749;65349;+;76.4	77;65367;66080;+;105.5	79;66331;67371;+;142.4		80;67590;68288;+;131.9	81;68299;69183;+;159.7	82;69183;70343;+;156.3	83;70385;71380;+;81.2	92;79374;80903;-;38.5		pfam	both	A	7/7	canonical	1	0	unscoreable	11	0	0														not_admitted	not_admitted	not_admitted	not_admitted	not_admitted	not_admitted	not_admitted
NZ_CP142975.1	-	IncFIA(HI1);IncFII(K);IncFII(pAR0022)	83	0	0	GA	0															not_admitted	not_admitted	not_admitted	not_admitted	not_admitted	not_admitted	not_admitted	not_admitted	not_admitted	not_admitted	1	70;54913;55911;+;370.2	75;59639;61003;+;350.2	73;58274;59044;+;204.8	67;51254;53875;+;216.9	76;61006;63876;+;243.4	64;48963;50294;+;85.3	67;51254;53875;+;92.2	62;47682;48257;+;87.7	71;55881;56309;+;64.0	72;56337;58274;+;231.2	78;64579;66711;+;376.5	66;50715;51245;+;34.9	78;64579;66711;+;67.6	A	9/9	contiguous	16897	1	1	63885..64448+;187;unnamed;0
NZ_CP142987.1	MPF_F	IncFII(pBK30683);repB(R1701)	128	0	0	GA	0															not_admitted	not_admitted	not_admitted	not_admitted	not_admitted	not_admitted	not_admitted	not_admitted	not_admitted	not_admitted	1	24;24789;25778;-;366.0	14;17875;19242;-;384.0	18;20500;21252;-;233.7	28;27235;29874;-;258.5	13;15026;17875;-;346.4	34;32703;34127;-;89.2	28;27235;29874;-;88.7	36;34854;35420;-;169.3	23;24138;24776;-;67.0	22;22124;24079;-;259.7	9;10250;12562;-;392.8	33;32046;32630;-;54.5	9;10250;12562;-;65.8	A	9/9	contiguous	24604	1	1	14490..15023-;177;unnamed;0
NZ_CP142989.1	MPF_F	IncC	213	0	0	GA	0															not_admitted	not_admitted	not_admitted	not_admitted	not_admitted	not_admitted	not_admitted	not_admitted	not_admitted	not_admitted	1	131;101485;102492;-;332.9	59;38105;39538;-;339.2	60;39540;40568;-;221.7	136;105244;107691;-;354.5	58;34478;38092;-;375.3	1;1024;2184;-;156.3	136;105244;107691;-;128.3	143;117461;118087;-;92.7	133;103157;104422;-;67.9	130;98571;101369;-;145.3	152;121897;123762;-;47.3	140;114672;115250;-;100.2	152;121897;123762;-;52.0	A	9/9	split_3	120873	0	1	
NZ_CP142990.1	MPF_F	IncFIB(K);IncFII(K)	255	0	0	GA	0															not_admitted	not_admitted	not_admitted	not_admitted	not_admitted	not_admitted	not_admitted	not_admitted	not_admitted	not_admitted	1	147;128153;129145;+;366.6	157;134596;135966;+;381.2	153;132642;133394;+;232.4	144;124488;127127;+;258.7	158;135966;138815;+;344.2	135;119249;120673;+;89.2	144;124488;127127;+;88.8	133;117956;118522;+;167.0	148;129158;129796;+;67.0	149;129793;131799;+;259.0	162;140629;142938;+;393.2	137;121285;121854;+;49.7	162;140629;142938;+;65.8	A	9/9	contiguous	22673	1	1	138818..139348+;176;unnamed;0
NZ_CP142997.1	MPF_F	IncFII(K);repB(R1701)	132	0	0	GA	0															not_admitted	not_admitted	not_admitted	not_admitted	not_admitted	not_admitted	not_admitted	not_admitted	not_admitted	not_admitted	1	16;13737;14729;-;366.0	6;6823;8190;-;384.6	10;9448;10200;-;233.7	19;15755;18394;-;258.5	5;3980;6823;-;347.0	25;20875;22299;-;89.3	19;15755;18394;-;88.7	27;23026;23592;-;167.8	15;13086;13724;-;67.0	14;11072;13027;-;259.7	131;101047;102009;-;86.4	24;20218;20802;-;54.9	131;101047;102009;-;44.2	A	9/9	split_2	97067	1	1	3436..3969-;177;unnamed;0
NZ_CP143000.1	MPF_F	IncFII(K);repB(R1701)	136	0	0	GA	0															not_admitted	not_admitted	not_admitted	not_admitted	not_admitted	not_admitted	not_admitted	not_admitted	not_admitted	not_admitted	1	53;47986;48975;-;366.0	43;41076;42443;-;384.6	47;43701;44453;-;233.7	57;50432;53071;-;258.5	42;38227;41076;-;346.4	63;55546;56970;-;89.3	57;50432;53071;-;88.7	65;57697;58263;-;167.8	52;47335;47973;-;67.0	51;45321;47276;-;259.2	38;33453;35765;-;393.2	62;54890;55474;-;54.9	38;33453;35765;-;65.8	A	9/9	contiguous	24244	1	1	37694..38224-;176;unnamed;0
NZ_CP143002.1	MPF_F	IncFII(K);repB(R1701)	137	0	0	GA	0															not_admitted	not_admitted	not_admitted	not_admitted	not_admitted	not_admitted	not_admitted	not_admitted	not_admitted	not_admitted	1	27;17578;18567;+;363.3	38;24386;25753;+;381.8	34;22376;23128;+;233.7	23;13482;16121;+;256.9	39;25753;28596;+;346.2	16;9229;10653;+;89.2	23;13482;16121;+;88.7	14;7936;8502;+;169.3	29;18843;19490;+;66.3	30;19549;21504;+;259.7	43;31179;33461;+;393.2	17;10726;11310;+;54.5	43;31179;33461;+;65.8	A	9/9	contiguous	23243	1	1	28607..29041+;144;unnamed;0
NZ_CP143003.1	MPF_F	IncFIB(K);IncFII(K)	188	0	0	GA	0															not_admitted	not_admitted	not_admitted	not_admitted	not_admitted	not_admitted	not_admitted	not_admitted	not_admitted	not_admitted	1	26;18023;18898;+;231.4	40;25418;25831;+;98.7	33;22874;23626;+;232.7	23;14355;16997;+;252.5	42;26259;28154;+;346.6	15;9343;10767;+;89.3	23;14355;16997;+;88.8	13;8050;8616;+;167.0	29;19719;19961;+;27.9	30;20020;21945;+;259.2	45;31023;33332;+;392.7	17;11398;11955;+;52.5	45;31023;33332;+;66.6	A	9/9	contiguous	22973	1	1	28239..28901+;220;unnamed;0
NZ_CP143006.1	MPF_F	IncFIB(K);IncFII(pKP91)	197	0	0	GA	0															not_admitted	not_admitted	not_admitted	not_admitted	not_admitted	not_admitted	not_admitted	not_admitted	not_admitted	not_admitted	1	160;150531;151520;+;363.3	170;157067;158434;+;384.6	166;155057;155809;+;233.7	156;146435;149074;+;258.5	171;158434;161283;+;343.9	148;141670;143094;+;89.3	156;146435;149074;+;88.2	146;140377;140943;+;167.0	161;151533;152171;+;66.0	162;152230;154185;+;259.3	175;163744;166026;+;393.2	150;143706;144290;+;54.6	175;163744;166026;+;65.9	A	9/9	contiguous	23367	1	1	161286..161816+;176;unnamed;0
NZ_CP143083.1	-	-	76	0	0	GA	1		28;22917;23240;-;64.9	27;22611;22904;-;34.2	26;20173;22608;-;72.5	26;20173;22608;-;97.3	25;19399;20157;-;46.5	24;18030;19388;-;90.7		23;17330;18022;-;110.3	22;16476;17330;-;156.4	20;14737;16038;-;213.2	15;9054;10664;-;169.0	74;63114;64997;-;434.1		conjscan	conjscan_only	A	7/7	canonical	1	0	unscoreable	6	0	0														not_admitted	not_admitted	not_admitted	not_admitted	not_admitted	not_admitted	not_admitted
NZ_CP143093.1	MPF_F	IncFIA;IncFII	131	0	0	GA	0															not_admitted	not_admitted	not_admitted	not_admitted	not_admitted	not_admitted	not_admitted	not_admitted	not_admitted	not_admitted	1	105;96500;97492;+;369.3	114;102554;103927;+;381.0	109;100191;100964;+;234.0	102;92864;95491;+;303.5	115;103924;106749;+;386.0	96;89382;90809;+;94.3	102;92864;95491;+;98.5	94;88101;88667;+;183.8	106;97501;98139;+;68.7	107;98136;99944;+;268.0	118;108253;110505;+;391.7	100;91833;92348;+;78.1	118;108253;110505;+;70.3	A	9/9	contiguous	20152	1	1	106746..107255+;169;unnamed;0
NZ_CP143098.1	MPF_T	IncX3	66	0	0	GA	1	25;20836;21480;-;47.4	24;20562;20852;-;71.9	23;17784;20537;-;47.0	23;17784;20537;-;144.2	23;17784;20537;-;67.4	22;17019;17774;-;61.1	20;15689;16744;-;128.8		19;14703;15431;-;119.7	18;13768;14697;-;140.2	17;12560;13771;-;128.3	15;11330;12364;-;65.4	14;9492;11327;-;495.5		pfam	pfam_only	A	7/7	canonical	1	1	unscoreable	2	0	0														not_admitted	not_admitted	not_admitted	not_admitted	not_admitted	not_admitted	not_admitted
NZ_CP143282.1	MPF_F	IncFIA(HI1);IncFII(K)	271	0	0	GA	0															not_admitted	not_admitted	not_admitted	not_admitted	not_admitted	not_admitted	not_admitted	not_admitted	not_admitted	not_admitted	1	245;221097;222086;+;363.3	256;227905;229272;+;382.2	252;225895;226647;+;236.4	241;217001;219640;+;259.0	257;229272;232115;+;342.9	230;211610;213034;+;88.0	241;217001;219640;+;87.6	228;210317;210883;+;167.9	247;222362;223009;+;65.9	248;223068;225023;+;259.5	261;234700;237012;+;392.8	233;213646;214230;+;53.8	261;234700;237012;+;65.9	A	9/9	contiguous	24383	1	1	232126..232650+;174;unnamed;0
NZ_CP143287.1	MPF_T	-	45	0	0	GA	1				35;33599;35614;+;24.4									41;39635;41188;+;464.4		none	none	D	2/7	uncallable	0	0	unscoreable	5	0	0														not_admitted	not_admitted	not_admitted	not_admitted	not_admitted	not_admitted	not_admitted
NZ_CP143308.1	-	-	164	0	0	GA	1	92;76333;77535;-;64.9	96;80391;81191;-;78.6	95;80107;80385;-;76.5	94;77739;80117;-;74.0	94;77739;80117;-;40.7		84;70131;71195;-;80.8		89;74839;75537;-;129.1	88;74129;74842;-;150.3	87;72705;74132;-;178.8	86;71729;72739;-;105.7	82;68855;69145;+;52.1		none	none	A	7/7	canonical	0	0	unscoreable	5	0	0														not_admitted	not_admitted	not_admitted	not_admitted	not_admitted	not_admitted	not_admitted
NZ_CP143310.1	-	-	343	0	0	GA	0															not_admitted	not_admitted	not_admitted	not_admitted	not_admitted	not_admitted	not_admitted	not_admitted	not_admitted	not_admitted	1	148;136301;137287;+;182.5			146;133166;135889;+;258.4	151;139019;140569;+;94.3						137;125982;128039;+;35.0		137;125982;128039;+;41.2	D	3/9	contiguous	13037	0	0	
NZ_CP143313.1	MPF_T	IncP1	111	0	0	GA	1	85;84367;85002;+;23.5	74;74047;74511;+;63.5	75;74515;74826;+;49.8	76;74823;77381;+;91.0	76;74823;77381;+;112.1	81;81015;81779;+;122.3	83;82027;83748;+;143.0		77;77378;78160;+;147.6	78;78178;79077;+;186.5	80;79573;80994;+;223.3	73;73068;74030;+;127.6	18;22052;23965;-;525.1		conjscan	conjscan_only	A	7/7	canonical	1	0	unscoreable	4	0	0														not_admitted	not_admitted	not_admitted	not_admitted	not_admitted	not_admitted	not_admitted
NZ_CP143316.1	-	-	158	0	0	GA	1	132;123028;123585;-;67.7	131;122720;123031;-;71.9	130;122424;122720;-;74.7	129;119978;122413;-;134.0	129;119978;122413;-;93.7	127;118547;119269;-;49.1	126;117279;118334;-;129.4		125;116512;117261;-;174.3	124;115649;116515;-;191.2	123;114287;115633;-;196.1	122;113335;114339;-;127.5	121;110921;113326;-;248.3		pfam	pfam_only	A	7/7	canonical	1	0	unscoreable	1	0	0														not_admitted	not_admitted	not_admitted	not_admitted	not_admitted	not_admitted	not_admitted
NZ_CP143317.1	-	-	135	0	0	GA	1	76;80388;81116;-;79.0	75;80077;80391;-;78.1	74;79778;80074;-;72.0	72;78241;79269;-;125.3			67;74407;75561;-;113.1		66;73829;74407;-;166.5	65;73011;73832;-;192.5	64;71700;73001;-;200.8	63;70673;71722;-;118.0	62;68802;70661;-;300.0		none	none	A	7/7	canonical	0	0	unscoreable	15	0	0														not_admitted	not_admitted	not_admitted	not_admitted	not_admitted	not_admitted	not_admitted
NZ_CP143343.1	MPF_T	IncX3	59	0	0	GA	1	41;29628;30272;+;46.4	42;30256;30546;+;73.1	43;30571;33324;+;47.0	43;30571;33324;+;142.4	43;30571;33324;+;73.3	44;33334;34104;+;60.1	46;34383;35438;+;133.2		47;35633;36361;+;119.4	48;36367;37296;+;138.8	49;37293;38507;+;128.3	51;38703;39737;+;65.7	52;39740;41575;+;495.9		pfam	pfam_only	A	7/7	canonical	1	1	unscoreable	2	0	0														not_admitted	not_admitted	not_admitted	not_admitted	not_admitted	not_admitted	not_admitted
NZ_CP143350.1	MPF_F	-	102	0	0	GA	0															not_admitted	not_admitted	not_admitted	not_admitted	not_admitted	not_admitted	not_admitted	not_admitted	not_admitted	not_admitted	1	82;55282;56325;+;369.2	87;60304;61731;+;325.8	85;59094;59906;+;219.1	78;50994;53720;+;164.6	88;61747;64740;+;208.7	74;47996;49312;+;102.7	78;50994;53720;+;108.4	72;46705;47283;+;82.6	83;56340;57047;+;107.6	84;57044;59101;+;92.2	52;33099;35258;+;381.4	77;50340;50984;+;41.9	52;33099;35258;+;89.7	A	9/9	contiguous	28648	1	1	64812..65330+;172;unnamed;0
NZ_CP143354.1	-	-	64	0	0	GA	1	43;30093;30713;-;37.3	42;29753;30091;-;32.5	41;29381;29695;-;30.6	40;26939;29377;-;58.4	40;26939;29377;-;38.6	39;26253;26942;-;48.5	38;25189;26193;-;103.0		36;24269;25027;-;158.9	35;23475;24269;-;178.2	34;22255;23475;-;135.5	33;21176;22207;-;96.8	32;19118;21130;-;294.1		pfam	pfam_only	A	7/7	canonical	1	0	unscoreable	1	0	0														not_admitted	not_admitted	not_admitted	not_admitted	not_admitted	not_admitted	not_admitted
NZ_CP143356.1	MPF_T	IncN4	54	0	0	GA	1	17;8083;8823;+;34.9	19;9147;9437;+;47.4	20;9489;9803;+;65.3	21;9803;12433;+;123.6	21;9803;12433;+;87.4	22;12443;13150;+;114.7	24;13409;14452;+;126.7	25;14547;14717;+;41.4	26;14720;15436;+;145.6	27;15439;16326;+;144.4	28;16323;17477;+;174.0	29;17470;18501;+;78.1	34;22909;24486;-;54.8		pfam	both	A	7/7	canonical	1	0	ga	6	0	0														not_admitted	not_admitted	not_admitted	not_admitted	not_admitted	not_admitted	not_admitted
NZ_CP143404.1	MPF_T	-	73	0	0	GA	1	13;7405;7947;+;46.7	14;8110;8415;+;76.4	15;8428;9075;+;45.4	16;9087;9938;+;141.0	50;31482;33962;+;31.1	18;11185;11901;+;126.1	20;12159;13235;+;153.0		22;13489;14172;+;185.7	23;14172;15059;+;163.4	24;15119;16390;+;144.6	26;16568;17590;+;71.2	33;20494;22239;+;42.1		pfam	both	A	7/7	canonical	1	0	unscoreable	37	0	0														not_admitted	not_admitted	not_admitted	not_admitted	not_admitted	not_admitted	not_admitted
NZ_CP143405.1	MPF_F	IncFII(p14)	174	0	0	GA	0															not_admitted	not_admitted	not_admitted	not_admitted	not_admitted	not_admitted	not_admitted	not_admitted	not_admitted	not_admitted	1	109;102416;103402;-;370.6	102;96541;97911;-;376.4	106;99128;99883;-;219.0	112;104396;107026;-;285.6	101;93722;96541;-;339.1	118;108946;110340;-;91.0	112;104396;107026;-;97.9	120;111057;111623;-;168.2	108;101771;102400;-;65.3	107;99894;101774;-;260.0	98;90252;92405;-;384.9	117;108385;108924;-;67.7	98;90252;92405;-;63.9	A	9/9	contiguous	20805	0	1	
NZ_CP143406.1	-	-	107	0	0	GA	0															not_admitted	not_admitted	not_admitted	not_admitted	not_admitted	not_admitted	not_admitted	not_admitted	not_admitted	not_admitted	1	105;101098;102102;+;367.4	3;3184;4548;+;352.8	1;1847;2620;+;217.8	101;96637;99243;+;214.4	4;4551;7400;+;259.1	98;94392;95744;+;86.4	101;96637;99243;+;92.4	96;93112;93684;+;90.7	106;102113;102553;+;58.2	0;1;1845;+;233.9	7;9106;11280;+;376.0	100;96075;96629;+;27.6	7;9106;11280;+;63.0	A	9/9	split_2	102112	1	1	7406..7930+;174;unnamed;0
NZ_CP143413.1	MPF_F	-	83	0	0	GA	0															not_admitted	not_admitted	not_admitted	not_admitted	not_admitted	not_admitted	not_admitted	not_admitted	not_admitted	not_admitted	1	75;71875;72867;+;357.8	0;1;1368;+;355.2	78;75347;76144;+;218.8	69;66516;69161;+;254.4	1;1361;4420;+;293.7	62;62465;63856;+;99.3	69;66516;69161;+;92.2	60;61127;61726;+;92.5	76;72877;73506;+;59.1	77;73503;75350;+;207.3	5;7012;9543;+;366.1	67;65757;66299;+;39.5	5;7012;9543;+;70.2	A	9/9	split_2	75346	1	1	4443..5012+;189;unnamed;0
NZ_CP143416.1	-	IncFII(pHN7A8)	160	0	0	GA	0															not_admitted	not_admitted	not_admitted	not_admitted	not_admitted	not_admitted	not_admitted	not_admitted	not_admitted	not_admitted	1	67;73894;74880;-;357.5	59;67632;68987;-;362.6	64;70653;71438;-;192.8	71;76332;78926;-;223.9	58;64780;67629;-;313.3	77;80306;81670;-;91.6	71;76332;78926;-;90.6	79;82382;82951;-;134.7	66;73270;73878;-;63.9	65;71438;73273;-;248.8	54;60325;62463;-;366.9	72;78923;79303;-;56.1	54;60325;62463;-;67.6	A	9/9	contiguous	22057	1	1	63882..64790-;302;unnamed;0
NZ_CP143421.1	MPF_G	-	98	0	0	GA	0															not_admitted	not_admitted	not_admitted	not_admitted	not_admitted	not_admitted	not_admitted	not_admitted	not_admitted	not_admitted	1	41;34203;35177;+;197.9			37;29855;32704;+;284.8	44;37021;38529;+;254.9						26;21500;23605;+;40.3		26;21500;23605;+;48.0	D	3/9	contiguous	15521	0	0	
NZ_CP143425.1	MPF_T	-	98	0	0	GA	1	54;40620;41780;-;78.3	58;44580;44864;-;76.4	57;44290;44568;-;87.8	56;41940;44315;-;93.1	56;41940;44315;-;42.2	53;39775;40620;-;73.0	43;31899;32993;-;120.8		52;39104;39757;-;160.6	51;38404;39102;-;166.4	50;37010;38407;-;173.6	46;33615;34481;-;104.6	41;29174;31447;+;294.0		pfam	both	A	7/7	canonical	1	0	unscoreable	7	0	0														not_admitted	not_admitted	not_admitted	not_admitted	not_admitted	not_admitted	not_admitted
NZ_CP143489.1	-	-	74	0	0	GA	1	52;37926;38699;-;46.1	50;37239;37556;-;62.2	49;36909;37226;-;86.4	48;34435;36912;-;143.2	48;34435;36912;-;93.7	47;33755;34438;-;105.4	45;32504;33505;-;142.3		44;31552;32253;-;152.9	43;30732;31544;-;181.1	42;29557;30732;-;193.1	41;28524;29576;-;102.8	37;22377;23900;+;63.3		pfam	both	A	7/7	canonical	1	0	unscoreable	5	0	0														not_admitted	not_admitted	not_admitted	not_admitted	not_admitted	not_admitted	not_admitted
NZ_CP143491.1	-	-	40	0	0	GA	1		15;12593;12952;-;61.7	14;12256;12564;-;31.8	13;9722;12256;-;76.6	13;9722;12256;-;102.4	8;5567;6316;-;52.6	7;3951;5555;-;97.3		12;9026;9709;-;121.6	11;8162;9010;-;177.7	9;6328;7698;-;213.2	16;12963;13925;-;124.6	31;24703;26610;+;414.1		conjscan	both	A	7/7	canonical	1	0	unscoreable	2	0	0														not_admitted	not_admitted	not_admitted	not_admitted	not_admitted	not_admitted	not_admitted
NZ_CP143503.1	MPF_F	IncFIA(HI1);IncFII(Yp);IncR	213	0	0	GA	0															not_admitted	not_admitted	not_admitted	not_admitted	not_admitted	not_admitted	not_admitted	not_admitted	not_admitted	not_admitted	1	86;77553;78542;-;365.8	74;69243;70613;-;383.1	80;72660;73412;-;232.5	89;79568;82207;-;255.2	73;66364;69243;-;333.2	96;84704;86128;-;80.7	89;79568;82207;-;92.3	98;86849;87415;-;160.3	85;76716;77363;-;67.1	84;74384;76339;-;256.1	69;61262;63580;-;389.0	95;84072;84641;-;53.6	69;61262;63580;-;65.6	A	9/9	contiguous	25587	1	1	65679..66347-;222;unnamed;0
NZ_CP143508.1	MPF_F	IncFIB(K);IncFIB(pQil);IncFII(K);IncFII(pKP91)	350	0	0	GA	0															not_admitted	not_admitted	not_admitted	not_admitted	not_admitted	not_admitted	not_admitted	not_admitted	not_admitted	not_admitted	1	155;142215;143204;-;366.0	279;250560;251927;-;382.8	149;137926;138678;-;233.7	159;144647;147286;-;258.5	144;132452;135301;-;345.6	294;258585;260009;-;89.2	159;144647;147286;-;88.7	169;152694;153260;-;169.3	154;141564;142202;-;67.0	153;139550;141505;-;259.7	140;127654;129966;-;392.7	166;149845;150429;-;55.4	140;127654;129966;-;66.5	A	9/9	split_2	130931	1	1	131891..132439-;182;unnamed;0
NZ_CP143509.1	MPF_F	IncFII(Yp)	129	0	0	GA	0															not_admitted	not_admitted	not_admitted	not_admitted	not_admitted	not_admitted	not_admitted	not_admitted	not_admitted	not_admitted	1	103;95841;96833;+;372.3	114;102867;104237;+;383.1	111;101346;102098;+;222.2	100;92176;94815;+;254.8	115;104237;107116;+;333.2	92;87564;88985;+;86.6	100;92176;94815;+;88.2	90;86277;86843;+;159.4	104;96846;97493;+;68.8	106;97870;99825;+;253.1	119;109894;112212;+;390.7	94;89446;90030;+;55.9	119;109894;112212;+;66.8	A	9/9	contiguous	23617	1	1	107133..107801+;222;unnamed;0
NZ_CP143510.1	MPF_T	IncN	75	0	0	GA	1	12;8257;8991;+;33.4		15;9634;9951;+;63.3	16;9951;12551;+;111.8	16;9951;12551;+;76.4	17;12569;13282;+;105.2	19;13533;14573;+;142.4		20;14792;15490;+;131.9	21;15501;16385;+;159.7	22;16385;17545;+;156.3	23;17587;18582;+;81.2	46;36194;37723;-;38.5		pfam	both	A	7/7	canonical	1	0	unscoreable	3	0	0														not_admitted	not_admitted	not_admitted	not_admitted	not_admitted	not_admitted	not_admitted
NZ_CP143630.1	MPF_T	IncX1	60	0	0	GA	1	9;10193;10837;-;47.1	8;9919;10209;-;73.5	7;7136;9895;-;44.8	7;7136;9895;-;133.3	7;7136;9895;-;71.9	6;6397;7134;-;57.5	4;5060;6115;-;131.7		3;4148;4870;-;116.0	2;3213;4142;-;133.3	1;2002;3216;-;128.6	0;947;1984;-;66.4	59;50625;51428;-;293.9		pfam	pfam_only	A	7/7	canonical	1	1	unscoreable	1	0	0														not_admitted	not_admitted	not_admitted	not_admitted	not_admitted	not_admitted	not_admitted
NZ_CP143634.1	-	-	241	0	0	GA	0															not_admitted	not_admitted	not_admitted	not_admitted	not_admitted	not_admitted	not_admitted	not_admitted	not_admitted	not_admitted	1	237;211691;212722;+;255.2	151;121706;123109;-;126.6	152;123109;124098;-;161.2	173;141924;144521;+;156.7	150;117487;121689;-;136.2	167;137255;138583;+;103.4	173;141924;144521;+;82.0	165;135476;136171;+;48.0	235;210379;211545;+;59.8	238;212729;216106;+;83.0	159;130416;132317;+;41.4	172;141154;141924;+;56.7	159;130416;132317;+;27.0	A	9/9	split_2	95242	0	1	
NZ_CP143636.1	-	-	218	0	0	GA	0															not_admitted	not_admitted	not_admitted	not_admitted	not_admitted	not_admitted	not_admitted	not_admitted	not_admitted	not_admitted	1	190;164143;165156;+;93.3			188;160864;163680;+;164.8			188;160864;163680;+;29.2				152;130058;132241;+;37.1		152;130058;132241;+;42.2	D	2/9	split_2	34085	0	0	
NZ_CP143888.1	MPF_T	-	221	0	0	GA	1		60;69425;69724;+;89.0	61;69731;70069;+;108.0	62;70062;72428;+;175.3	62;70062;72428;+;104.2	63;72425;73126;+;200.9	65;73357;74289;+;164.3		67;74612;75283;+;208.7	68;75280;76137;+;184.3	69;76146;77321;+;179.3	70;77330;78373;+;113.5	98;103300;105219;-;321.6		pfam	both	A	7/7	canonical	1	0	unscoreable	2	0	0														not_admitted	not_admitted	not_admitted	not_admitted	not_admitted	not_admitted	not_admitted
NZ_CP143910.1	MPF_F	IncFIB(pNDM-Mar);RepB	296	0	0	GA	0															not_admitted	not_admitted	not_admitted	not_admitted	not_admitted	not_admitted	not_admitted	not_admitted	not_admitted	not_admitted	1	229;196909;197946;+;282.3	45;43215;44624;-;190.4	46;44614;45651;-;176.7	216;183360;185072;+;150.2	44;39299;43213;-;121.7	212;179877;181247;+;64.1	217;185091;186077;+;58.3	209;177371;178231;+;79.0	228;195551;196912;+;69.9	230;197956;201138;+;60.1	54;52862;54988;+;57.8	215;182578;183315;+;57.0	54;52862;54988;+;41.0	A	9/9	split_2	158657	0	1	
NZ_CP143911.1	MPF_F	IncFIB(K);IncFII(K)	167	0	0	GA	0															not_admitted	not_admitted	not_admitted	not_admitted	not_admitted	not_admitted	not_admitted	not_admitted	not_admitted	not_admitted	1	150;127838;128830;+;366.6	160;134347;135714;+;381.2	156;132338;133090;+;232.2	147;124173;126812;+;259.3	161;135714;138563;+;344.4	139;119162;120586;+;89.3	147;124173;126812;+;88.8	137;117869;118435;+;167.0	151;128843;129481;+;67.0	152;129540;131495;+;259.2		141;121217;121774;+;52.5		A	9/9	contiguous	17845	1	1	138566..139096+;176;unnamed;0
NZ_CP143912.1	MPF_F	IncFII	101	0	0	GA	0															not_admitted	not_admitted	not_admitted	not_admitted	not_admitted	not_admitted	not_admitted	not_admitted	not_admitted	not_admitted	1	23;17320;18312;+;369.5	33;24091;25464;+;381.7	28;21418;22161;+;234.4	20;13681;16311;+;304.1	34;25461;28283;+;374.0	13;9231;10682;+;94.2	20;13681;16311;+;97.1	11;7950;8516;+;174.3	25;18656;19294;+;68.6	26;19291;21141;+;266.1	38;30555;32825;+;391.1	16;11542;12057;+;78.4	38;30555;32825;+;70.3	A	9/9	contiguous	22605	1	1	28305..28784+;159;TraS;0
NZ_CP143920.1	MPF_F	IncFIB(pNDM-Mar);RepB	296	0	0	GA	0															not_admitted	not_admitted	not_admitted	not_admitted	not_admitted	not_admitted	not_admitted	not_admitted	not_admitted	not_admitted	1	229;196909;197946;+;282.3	45;43215;44624;-;190.4	46;44614;45651;-;176.7	216;183360;185072;+;150.2	44;39299;43213;-;121.7	212;179877;181247;+;64.1	217;185091;186077;+;58.3	209;177371;178231;+;79.0	228;195551;196912;+;69.9	230;197956;201138;+;60.1	54;52862;54988;+;57.8	215;182578;183315;+;57.0	54;52862;54988;+;41.0	A	9/9	split_2	158657	0	1	
NZ_CP143921.1	MPF_F	IncFIB(K);IncFII(K)	167	0	0	GA	0															not_admitted	not_admitted	not_admitted	not_admitted	not_admitted	not_admitted	not_admitted	not_admitted	not_admitted	not_admitted	1	150;127839;128831;+;366.6	160;134348;135715;+;381.2	156;132339;133091;+;232.2	147;124174;126813;+;259.3	161;135715;138564;+;344.4	139;119163;120587;+;89.3	147;124174;126813;+;88.8	137;117870;118436;+;167.0	151;128844;129482;+;67.0	152;129541;131496;+;259.2		141;121218;121775;+;52.5		A	9/9	contiguous	17845	1	1	138567..139097+;176;unnamed;0
NZ_CP143923.1	MPF_F	IncFII	101	0	0	GA	0															not_admitted	not_admitted	not_admitted	not_admitted	not_admitted	not_admitted	not_admitted	not_admitted	not_admitted	not_admitted	1	23;17320;18312;+;369.5	33;24091;25464;+;381.7	28;21418;22161;+;234.4	20;13681;16311;+;304.1	34;25461;28283;+;374.0	13;9231;10682;+;94.2	20;13681;16311;+;97.1	11;7950;8516;+;174.3	25;18656;19294;+;68.6	26;19291;21141;+;266.1	38;30555;32825;+;391.1	16;11542;12057;+;78.4	38;30555;32825;+;70.3	A	9/9	contiguous	22605	1	1	28305..28784+;159;TraS;0
NZ_CP144127.1	MPF_F	IncC	230	0	0	GA	0															not_admitted	not_admitted	not_admitted	not_admitted	not_admitted	not_admitted	not_admitted	not_admitted	not_admitted	not_admitted	1	157;129503;130510;+;332.9	227;192472;193905;+;339.2	226;191442;192470;+;221.7	152;124304;126751;+;354.5	228;193918;197532;+;375.3	53;30996;32156;+;156.3	152;124304;126751;+;128.3	145;113908;114534;+;92.8	155;127573;128838;+;67.9	158;130626;133424;+;145.3	136;108233;110098;+;47.3	148;116745;117323;+;100.2	136;108233;110098;+;52.0	A	9/9	split_3	162922	0	1	
NZ_CP144132.1	MPF_F	IncFIB(K);IncFII(K);IncFII(pAR0022)	222	0	0	GA	0															not_admitted	not_admitted	not_admitted	not_admitted	not_admitted	not_admitted	not_admitted	not_admitted	not_admitted	not_admitted	1	183;176787;177776;-;366.6	173;169873;171240;-;384.1	177;172498;173250;-;233.7	187;179233;181872;-;258.5	172;167051;169873;-;346.4	197;185776;187200;-;89.5	187;179233;181872;-;88.7	199;187927;188493;-;167.0	182;176136;176774;-;66.9	181;174122;176077;-;259.4	168;162126;164435;-;393.1	195;184580;185164;-;53.8	168;162126;164435;-;66.6	A	9/9	contiguous	25801	1	1	166426..167028-;200;TraS;0
NZ_CP144134.1	-	IncFII(Yp);IncFII(pAR0022)	90	0	0	GA	0															not_admitted	not_admitted	not_admitted	not_admitted	not_admitted	not_admitted	not_admitted	not_admitted	not_admitted	not_admitted	1	80;71698;72693;+;369.5	87;77213;78580;+;352.7	83;75161;75967;+;204.7	75;67390;70005;+;236.0	88;78580;81468;+;317.3	71;64717;66075;+;94.4	75;67390;70005;+;120.2	69;63395;63964;+;107.8	81;72712;73338;+;65.3	82;73335;75164;+;244.0	0;142;2331;+;366.9	74;66800;67387;+;52.5	0;142;2331;+;62.7	A	9/9	split_2	78438	1	1	81465..82076+;203;unnamed;0
NZ_CP144139.1	MPF_F	IncFII(pHN7A8)	103	0	0	GA	0															not_admitted	not_admitted	not_admitted	not_admitted	not_admitted	not_admitted	not_admitted	not_admitted	not_admitted	not_admitted	1	65;55616;56608;+;369.5	78;63441;64814;+;376.8	73;61132;61875;+;234.4	62;51980;54607;+;301.8	79;64811;67627;+;376.7	57;48498;49925;+;94.1	62;51980;54607;+;101.8	55;47217;47783;+;183.8	68;57554;58192;+;70.4	71;59005;60855;+;265.0	83;69928;72117;+;391.8	61;50949;51464;+;77.6	83;69928;72117;+;70.3	A	9/9	contiguous	22711	1	1	67660..68181+;173;unnamed;0
NZ_CP144206.1	MPF_T	-	2381	0	0	GA	1	435;498735;500189;+;60.1	1108;1272712;1273011;-;88.9	1107;1272366;1272707;-;105.5	1106;1270007;1272373;-;173.3	1106;1270007;1272373;-;105.1	1105;1269309;1270007;-;201.9	1103;1268143;1269078;-;159.8		1101;1267155;1267826;-;213.2	1100;1266301;1267155;-;180.0	1099;1265119;1266291;-;185.2	773;875438;876886;+;207.0	1167;1336707;1338626;+;323.7		pfam	both	A	7/7	canonical	1	0	unscoreable	2	0	0														not_admitted	not_admitted	not_admitted	not_admitted	not_admitted	not_admitted	not_admitted
NZ_CP144207.1	MPF_T	-	423	0	0	GA	1		31;27643;28029;-;72.3	30;27351;27650;-;66.4	29;24887;27340;-;177.6	29;24887;27340;-;119.1	28;24112;24912;-;41.7	26;22759;23937;-;111.2		25;22073;22735;-;133.8	24;21243;22055;-;193.0	22;19490;20788;-;213.6	32;28019;28996;-;129.2	12;7840;9756;-;564.7		conjscan	conjscan_only	A	7/7	canonical	1	0	unscoreable	12	0	0														not_admitted	not_admitted	not_admitted	not_admitted	not_admitted	not_admitted	not_admitted
NZ_CP144248.1	MPF_F	-	100	0	0	GA	0															not_admitted	not_admitted	not_admitted	not_admitted	not_admitted	not_admitted	not_admitted	not_admitted	not_admitted	not_admitted	1	83;55415;56458;+;369.2	88;60437;61864;+;325.8	86;59227;60039;+;219.1	79;51127;53853;+;164.6	89;61880;64882;+;208.7	75;48129;49445;+;102.7	79;51127;53853;+;108.4	73;46838;47416;+;82.6	84;56473;57180;+;107.6	85;57177;59234;+;92.2	55;34118;36277;+;381.4	78;50473;51117;+;41.9	55;34118;36277;+;89.7	A	9/9	contiguous	27762	1	1	64954..65472+;172;unnamed;0
NZ_CP144250.1	MPF_F	-	97	0	0	GA	0															not_admitted	not_admitted	not_admitted	not_admitted	not_admitted	not_admitted	not_admitted	not_admitted	not_admitted	not_admitted	1	80;54438;55481;+;369.2	85;59460;60887;+;325.8	83;58250;59062;+;219.1	76;50150;52876;+;164.6	86;60903;63905;+;208.7	72;47152;48468;+;102.7	76;50150;52876;+;108.4	70;45861;46439;+;82.6	81;55496;56203;+;107.6	82;56200;58257;+;92.2	54;33939;36098;+;381.4	75;49496;50140;+;41.9	54;33939;36098;+;89.7	A	9/9	contiguous	26964	1	1	63977..64495+;172;unnamed;0
NZ_CP144317.1	MPF_F	IncC	208	0	0	GA	0															not_admitted	not_admitted	not_admitted	not_admitted	not_admitted	not_admitted	not_admitted	not_admitted	not_admitted	not_admitted	1	40;35673;36680;+;332.9	112;98613;100046;+;339.2	111;97583;98611;+;221.7	35;30474;32921;+;354.5	113;100059;102005;+;377.6	168;134059;135219;+;156.3	35;30474;32921;+;128.3	28;20078;20704;+;92.7	38;33743;35008;+;67.9	41;36796;39594;+;145.3	19;14403;16268;+;47.3	31;22915;23493;+;100.2	19;14403;16268;+;52.0	A	9/9	split_3	119656	0	1	
NZ_CP144318.1	MPF_F	IncFII(K);repB(R1701)	129	0	0	GA	0															not_admitted	not_admitted	not_admitted	not_admitted	not_admitted	not_admitted	not_admitted	not_admitted	not_admitted	not_admitted	1	69;49104;50096;+;366.0	79;55643;57010;+;384.6	75;53633;54385;+;233.7	66;45439;48078;+;258.5	80;57010;59853;+;347.0	60;41534;42958;+;89.3	66;45439;48078;+;88.7	58;40241;40807;+;167.8	70;50109;50747;+;67.0	71;50806;52761;+;259.7	84;62548;64860;+;393.2	61;43031;43615;+;54.9	84;62548;64860;+;65.8	A	9/9	contiguous	22307	1	1	59864..60397+;177;unnamed;0
NZ_CP144365.1	MPF_F	IncFIB(AP001918);IncFIC(FII)	207	0	0	GA	0															not_admitted	not_admitted	not_admitted	not_admitted	not_admitted	not_admitted	not_admitted	not_admitted	not_admitted	not_admitted	1	130;133290;134282;-;370.2	120;126613;127989;-;381.0	126;129815;130558;-;235.0	133;135291;137918;-;303.5	119;123791;126616;-;389.2	142;141286;142713;-;94.3	133;135291;137918;-;100.3	144;143428;143994;-;184.4	129;132643;133281;-;68.3	128;130838;132646;-;268.2	116;120063;122288;-;391.7	136;138434;138949;-;78.0	116;120063;122288;-;70.3	A	9/9	contiguous	23365	1	1	123285..123794-;169;unnamed;0
NZ_CP144366.1	MPF_F	IncHI2;IncHI2A	290	0	0	GA	0															not_admitted	not_admitted	not_admitted	not_admitted	not_admitted	not_admitted	not_admitted	not_admitted	not_admitted	not_admitted	1	31;33623;34681;+;276.9	202;180593;182008;-;194.1	203;181998;183044;-;174.3	13;10305;12986;+;168.0	201;176631;180584;-;101.7	9;6620;7975;+;80.7	13;10305;12986;+;72.2	6;4108;4896;+;74.8	29;31970;33481;+;62.0	32;34700;37888;+;57.3	210;190086;192170;+;56.8	12;9346;10296;+;46.1	210;190086;192170;+;38.8	A	9/9	split_3	185978	1	1	175161..176450-;429;unnamed;0
NZ_CP144507.1	MPF_F	IncC	165	0	0	GA	0															not_admitted	not_admitted	not_admitted	not_admitted	not_admitted	not_admitted	not_admitted	not_admitted	not_admitted	not_admitted	1	28;22327;23334;-;332.9	145;107461;108894;-;339.2	146;108896;109924;-;221.7	33;26086;28533;-;354.5	144;103834;107448;-;375.3	87;70370;71530;-;156.3	33;26086;28533;-;128.3	40;38303;38929;-;92.7	30;23999;25264;-;67.9	27;19413;22211;-;143.3	49;42739;44604;-;47.3	37;35514;36092;-;100.2	49;42739;44604;-;52.0	A	9/9	split_3	89483	0	1	
NZ_CP144508.1	MPF_F	Col156;IncFIB(AP001918);IncFII(29)	162	0	0	GA	0															not_admitted	not_admitted	not_admitted	not_admitted	not_admitted	not_admitted	not_admitted	not_admitted	not_admitted	not_admitted	1	146;121980;122972;+;369.5	158;129026;130399;+;381.7	151;126078;126821;+;233.1	142;118342;119508;+;240.1	159;130396;133218;+;388.5	135;113784;115211;+;93.9	143;119490;120971;+;100.7	133;112503;113069;+;183.1	148;123316;123954;+;68.6	149;123951;125801;+;271.9	1;505;2874;+;390.9	138;116340;116855;+;73.9	1;505;2874;+;70.2	A	9/9	split_2	129891	1	1	133240..133719+;159;TraS;0
NZ_CP144512.1	MPF_F	Col156;IncFIB(AP001918);IncFII(29)	160	0	0	GA	0															not_admitted	not_admitted	not_admitted	not_admitted	not_admitted	not_admitted	not_admitted	not_admitted	not_admitted	not_admitted	1	70;62234;63226;-;369.5	58;54807;56180;-;381.7	65;58385;59128;-;233.1	74;65698;66864;-;240.1	57;51988;54810;-;388.5	81;69995;71422;-;93.9	73;64235;65716;-;100.7	83;72137;72703;-;183.1	68;61252;61890;-;68.6	67;59405;61255;-;271.9	53;47347;49716;-;390.9	78;68351;68866;-;73.9	53;47347;49716;-;70.2	A	9/9	contiguous	24790	1	1	51487..51966-;159;TraS;0
NZ_CP144672.1	MPF_T	-	97	0	0	GA	1	13;12627;13292;-;29.2	12;12264;12605;-;76.3	11;11913;12239;-;73.2	10;9542;11926;-;164.5	10;9542;11926;-;109.9	9;8815;9528;-;127.1	7;7450;8466;-;124.5		5;6426;7109;-;156.3	4;5587;6429;-;177.4	3;4317;5585;-;175.3	2;3328;4320;-;102.1	1;1449;3350;-;350.5		pfam	both	A	7/7	canonical	1	0	unscoreable	2	0	0														not_admitted	not_admitted	not_admitted	not_admitted	not_admitted	not_admitted	not_admitted
NZ_CP144705.1	MPF_F	IncFII(K);repB(R1701)	115	0	0	GA	0															not_admitted	not_admitted	not_admitted	not_admitted	not_admitted	not_admitted	not_admitted	not_admitted	not_admitted	not_admitted	1	89;70750;71739;+;366.0	99;77230;78600;+;380.7	95;75276;76028;+;230.7	85;66668;69307;+;258.5	100;78600;81443;+;346.5	77;61987;63411;+;89.2	85;66668;69307;+;88.7	75;60694;61260;+;169.3	90;71752;72390;+;66.9	91;72449;74404;+;259.7	105;85093;87375;+;394.1	78;63525;64109;+;55.4	105;85093;87375;+;65.8	A	9/9	contiguous	24399	1	1	81454..81978+;174;unnamed;0
NZ_CP144712.1	MPF_T	IncFIB(K)	82	0	0	GA	1	52;52617;53279;+;48.3	53;53290;53589;+;36.6	54;53599;56349;+;60.6	54;53599;56349;+;134.0	54;53599;56349;+;48.6	55;56368;57084;+;137.0	57;57398;58405;+;137.8		59;58615;59301;+;158.3	60;59294;60187;+;147.4	61;60184;61380;+;134.7	62;61384;62433;+;71.5	69;67171;69078;+;24.3		pfam	pfam_only	A	7/7	canonical	1	1	unscoreable	8	0	0														not_admitted	not_admitted	not_admitted	not_admitted	not_admitted	not_admitted	not_admitted
NZ_CP144715.1	MPF_F	IncFIB(K)	216	0	0	GA	0															not_admitted	not_admitted	not_admitted	not_admitted	not_admitted	not_admitted	not_admitted	not_admitted	not_admitted	not_admitted	1	163;164449;165438;-;366.6	153;157535;158902;-;380.5	157;160160;160912;-;233.7	167;166895;169534;-;258.5	152;154686;157535;-;346.4	174;172362;173786;-;88.1	167;166895;169534;-;88.7	176;174513;175079;-;169.3	162;163798;164436;-;66.9	161;161784;163739;-;259.7	145;148851;151160;-;393.1	173;171705;172289;-;54.3	145;148851;151160;-;66.5	A	9/9	contiguous	25662	1	1	154153..154683-;176;unnamed;0
NZ_CP144724.1	MPF_F	IncFIB(K);IncFII(pKP91)	189	0	0	GA	0															not_admitted	not_admitted	not_admitted	not_admitted	not_admitted	not_admitted	not_admitted	not_admitted	not_admitted	not_admitted	1	105;107524;108516;-;366.6	95;100640;102007;-;381.2	99;103264;104016;-;232.2	108;109542;112181;-;257.5	94;97797;100640;-;343.4	116;115769;117193;-;89.3	108;109542;112181;-;88.7	118;117920;118486;-;167.0	104;106873;107511;-;67.0	103;104859;106814;-;259.2	91;93665;95947;-;393.3	114;114580;115137;-;52.5	91;93665;95947;-;65.8	A	9/9	contiguous	24255	1	1	97262..97786-;174;unnamed;0
NZ_CP144732.1	MPF_F	IncFII(Yp)	93	0	0	GA	0															not_admitted	not_admitted	not_admitted	not_admitted	not_admitted	not_admitted	not_admitted	not_admitted	not_admitted	not_admitted	1	73;57529;58521;+;366.6	82;63669;65039;+;377.6	79;62130;62882;+;227.1	70;53816;56455;+;258.8	83;65039;67867;+;337.1	61;49453;50868;+;82.6	70;53816;56455;+;84.3	59;48160;48726;+;163.3	74;58534;59151;+;67.3	75;59148;61022;+;247.2	87;69871;72171;+;389.8	62;50963;51532;+;53.1	87;69871;72171;+;67.0	A	9/9	contiguous	21711	1	1	67897..68505+;202;TraS;0
NZ_CP144756.1	MPF_T	rep38	66	0	0	GA	1				10;7319;9334;+;23.6									15;13360;14910;+;462.9		none	none	D	2/7	uncallable	0	0	unscoreable	4	0	0														not_admitted	not_admitted	not_admitted	not_admitted	not_admitted	not_admitted	not_admitted
NZ_CP144917.1	MPF_T	-	33	0	0	GA	1	19;14776;15423;+;60.5	5;3803;4096;+;66.7	6;4093;4383;+;42.0	7;4387;6846;+;107.7	7;4387;6846;+;90.5	12;9334;9891;+;46.3	14;10128;11345;+;38.6		15;11504;12187;+;118.8	16;12200;13117;+;169.9	18;13562;14779;+;205.5	4;2838;3782;+;135.9	23;18174;20000;+;320.3		conjscan	conjscan_only	A	7/7	canonical	1	0	unscoreable	10	0	0														not_admitted	not_admitted	not_admitted	not_admitted	not_admitted	not_admitted	not_admitted
NZ_CP144923.1	-	-	34	0	0	GA	1				10;8371;10737;+;21.6									4;3137;5068;+;234.0		none	none	D	2/7	uncallable	0	0	unscoreable	5	0	0														not_admitted	not_admitted	not_admitted	not_admitted	not_admitted	not_admitted	not_admitted
NZ_CP144927.1	MPF_F	IncFII(29)	112	0	0	GA	0															not_admitted	not_admitted	not_admitted	not_admitted	not_admitted	not_admitted	not_admitted	not_admitted	not_admitted	not_admitted	1	82;72950;73942;+;369.3	93;79989;81365;+;381.0	88;77659;78402;+;234.4	79;69311;71941;+;303.8	94;81362;84208;+;373.9		79;69311;71941;+;99.0		85;74939;75577;+;67.1	86;75574;77382;+;268.0	101;88623;90617;+;392.1		101;88623;90617;+;70.5	C	7/9	contiguous	19312	1	1	84205..84714+;169;unnamed;0
NZ_CP144929.1	MPF_T	IncI2	81	0	0	GA	1	25;20792;21274;+;81.1	6;3727;4017;+;28.9	7;4124;4408;+;36.6	8;4414;6771;+;60.7	8;4414;6771;+;44.0	78;58180;58821;+;42.8	77;57179;58174;+;128.5		10;6937;7671;+;144.3	11;7668;8438;+;170.5	16;10199;10879;+;157.0	22;17485;19023;+;207.1	18;11969;13927;+;288.2		pfam	pfam_only	A	7/7	canonical	1	0	unscoreable	10	1	0														not_admitted	not_admitted	not_admitted	not_admitted	not_admitted	not_admitted	not_admitted
NZ_CP144932.1	MPF_T	IncX1	58	0	0	GA	1	44;40094;40741;-;45.2	43;39820;40116;-;77.5	42;37048;39801;-;46.6	42;37048;39801;-;148.0	42;37048;39801;-;75.3	41;36288;37037;-;67.5	39;34916;35977;-;135.0		38;33958;34671;-;118.8	37;33024;33953;-;134.0	36;31822;33027;-;133.4	35;30789;31820;-;77.7	34;28951;30786;-;488.7		pfam	pfam_only	A	7/7	canonical	1	1	unscoreable	1	0	0														not_admitted	not_admitted	not_admitted	not_admitted	not_admitted	not_admitted	not_admitted
NZ_CP145141.1	MPF_F	IncFII	85	0	0	GA	0															not_admitted	not_admitted	not_admitted	not_admitted	not_admitted	not_admitted	not_admitted	not_admitted	not_admitted	not_admitted	1	29;31757;32749;-;369.5	19;24605;25978;-;381.7	24;27908;28651;-;234.4	32;33758;36388;-;304.0	18;21783;24608;-;373.4	39;39388;40839;-;93.8	32;33758;36388;-;99.3	41;41554;42120;-;175.1	27;30775;31413;-;68.6	26;28928;30778;-;267.6	10;14830;16734;-;392.3	36;38013;38528;-;82.8	10;14830;16734;-;70.7	A	9/9	contiguous	26724	1	1	21277..21786-;169;unnamed;0
NZ_CP145142.1	MPF_T	IncN	81	0	0	GA	1	21;21428;22162;-;32.5		18;20468;20785;-;63.3	17;17868;20468;-;113.8	17;17868;20468;-;76.4	16;17137;17850;-;105.5	14;15846;16886;-;142.4		13;14929;15627;-;131.9	12;14034;14918;-;159.7	11;12874;14034;-;156.3	10;11837;12832;-;81.2	28;27908;29437;-;38.5		pfam	both	A	7/7	canonical	1	0	unscoreable	9	0	0														not_admitted	not_admitted	not_admitted	not_admitted	not_admitted	not_admitted	not_admitted
NZ_CP145144.1	MPF_T	IncX4	47	0	0	GA	1	9;10801;11421;-;46.3	8;10461;10787;-;64.4	7;7695;10442;-;61.6	7;7695;10442;-;151.8	7;7695;10442;-;46.1	6;6967;7683;-;94.1	5;5861;6955;-;150.1		3;4660;5346;-;169.0	2;3755;4663;-;142.3	1;2644;3762;-;163.9	0;1614;2642;-;85.0			pfam	pfam_only	B	6/7	canonical	1	1	unscoreable	1	0	0														not_admitted	not_admitted	not_admitted	not_admitted	not_admitted	not_admitted	not_admitted
NZ_CP145158.1	MPF_T	IncN	81	0	0	GA	1	21;21428;22162;-;32.5		18;20468;20785;-;63.3	17;17868;20468;-;113.8	17;17868;20468;-;76.4	16;17137;17850;-;105.5	14;15846;16886;-;142.4		13;14929;15627;-;131.9	12;14034;14918;-;159.7	11;12874;14034;-;156.3	10;11837;12832;-;81.2	28;27908;29437;-;38.5		pfam	both	A	7/7	canonical	1	0	unscoreable	9	0	0														not_admitted	not_admitted	not_admitted	not_admitted	not_admitted	not_admitted	not_admitted
NZ_CP145166.1	MPF_T	IncN	81	0	0	GA	1	21;21428;22162;-;32.5		18;20468;20785;-;63.3	17;17868;20468;-;113.8	17;17868;20468;-;76.4	16;17137;17850;-;105.5	14;15846;16886;-;142.4		13;14929;15627;-;131.9	12;14034;14918;-;159.7	11;12874;14034;-;156.3	10;11837;12832;-;81.2	28;27908;29437;-;38.5		pfam	both	A	7/7	canonical	1	0	unscoreable	9	0	0														not_admitted	not_admitted	not_admitted	not_admitted	not_admitted	not_admitted	not_admitted
NZ_CP145172.1	MPF_F	IncFIB(K);IncFII(K)	143	0	0	GA	0															not_admitted	not_admitted	not_admitted	not_admitted	not_admitted	not_admitted	not_admitted	not_admitted	not_admitted	not_admitted	1				89;87330;89387;-;259.4	87;83346;85991;-;300.0	98;93202;94626;-;89.2	89;87330;89387;-;48.7	100;95353;95919;-;167.0			83;79223;81532;-;388.3	96;92021;92590;-;49.7	83;79223;81532;-;65.8	D	4/9	contiguous	16130	1	0	82813..83343-;176;unnamed;0
NZ_CP145174.1	MPF_T	IncN	68	0	0	GA	1	25;23551;24288;-;32.0		22;22591;22908;-;63.3	21;19991;22591;-;111.8	21;19991;22591;-;76.4	20;19260;19973;-;105.5	18;17969;19009;-;142.4		17;17052;17750;-;131.9	36;30269;31123;+;159.8	37;31123;32283;+;156.3	38;32325;33320;+;81.2	46;39327;40856;-;38.5		pfam	both	A	7/7	canonical	1	0	unscoreable	20	0	0														not_admitted	not_admitted	not_admitted	not_admitted	not_admitted	not_admitted	not_admitted
NZ_CP145182.1	MPF_T	IncN	81	0	0	GA	1	21;21428;22162;-;32.5		18;20468;20785;-;63.3	17;17868;20468;-;113.8	17;17868;20468;-;76.4	16;17137;17850;-;105.5	14;15846;16886;-;142.4		13;14929;15627;-;131.9	12;14034;14918;-;159.7	11;12874;14034;-;156.3	10;11837;12832;-;81.2	28;27908;29437;-;38.5		pfam	both	A	7/7	canonical	1	0	unscoreable	9	0	0														not_admitted	not_admitted	not_admitted	not_admitted	not_admitted	not_admitted	not_admitted
NZ_CP145190.1	MPF_T	IncN	81	0	0	GA	1	21;21428;22162;-;32.5		18;20468;20785;-;63.3	17;17868;20468;-;113.8	17;17868;20468;-;76.4	16;17137;17850;-;105.5	14;15846;16886;-;142.4		13;14929;15627;-;131.9	12;14034;14918;-;159.7	11;12874;14034;-;156.3	10;11837;12832;-;81.2	28;27908;29437;-;38.5		pfam	both	A	7/7	canonical	1	0	unscoreable	9	0	0														not_admitted	not_admitted	not_admitted	not_admitted	not_admitted	not_admitted	not_admitted
NZ_CP145492.1	-	-	43	0	0	GA	1		1;1103;1564;+;70.7	2;1561;1860;+;37.3	3;1847;3031;+;37.1	3;1847;3031;+;82.8										none	none	D	1/7	uncallable	0	0	unscoreable	0	0	0														not_admitted	not_admitted	not_admitted	not_admitted	not_admitted	not_admitted	not_admitted
NZ_CP145535.1	MPF_F	IncHI1A(NDM-CIT);IncHI1B(pNDM-CIT)	389	1	1	GA	1		158;154349;154735;-;89.6	157;154083;154352;-;32.5	41;29793;32243;-;42.3	41;29793;32243;-;138.4	155;150880;151623;-;226.2	153;149177;150544;-;179.3		152;148454;149158;-;235.7	36;25636;26628;-;224.4	150;146179;147462;-;206.6	159;154722;155801;-;118.3	46;34429;36444;-;346.4	119;116834;120010;+;57.9	conjscan	conjscan_only	A	7/7	rearranged	1	0	unscoreable	6	0	1	118;116108;116815;+;214.6	328;310124;311539;-;200.0	329;311529;312575;-;166.2	101;94626;97307;+;156.8	327;306126;310115;-;103.1	150;146179;147462;-;206.6	101;94626;97307;+;73.5	94;88468;89253;+;69.5	116;114107;115615;+;62.3	119;116834;120010;+;57.9	46;34429;36444;-;105.6	100;93667;94617;+;45.4	46;34429;36444;-;99.4	A	9/9	split_4	277100	0	1	
NZ_CP145619.1	MPF_F	IncFII	84	0	0	GA	0															not_admitted	not_admitted	not_admitted	not_admitted	not_admitted	not_admitted	not_admitted	not_admitted	not_admitted	not_admitted	1	60;46597;47589;+;369.5	70;53368;54741;+;381.7	65;50695;51438;+;234.4	57;42958;45588;+;304.1	71;54738;57560;+;374.0	50;38508;39959;+;94.2	57;42958;45588;+;97.1	48;37227;37793;+;174.3	62;47933;48571;+;68.6	63;48568;50418;+;266.1	75;59832;61994;+;391.2	53;40819;41334;+;78.4	75;59832;61994;+;70.4	A	9/9	contiguous	22605	1	1	57582..58061+;159;TraS;0
NZ_CP145621.1	MPF_F	IncFII	83	0	0	GA	0															not_admitted	not_admitted	not_admitted	not_admitted	not_admitted	not_admitted	not_admitted	not_admitted	not_admitted	not_admitted	1	59;46542;47534;+;369.5	69;53313;54686;+;381.7	64;50640;51383;+;234.4	56;42903;45533;+;304.1	70;54683;57505;+;374.0	49;38453;39904;+;94.2	56;42903;45533;+;97.1	47;37172;37738;+;174.3	61;47878;48516;+;68.6	62;48513;50363;+;266.1	74;59777;62065;+;391.0	52;40764;41279;+;78.4	74;59777;62065;+;70.3	A	9/9	contiguous	22605	1	1	57527..58006+;159;TraS;0
NZ_CP145631.1	-	-	44	0	0	GA	1	2;4154;5050;-;45.3	18;18497;18988;+;68.5	19;18988;19302;+;51.1	20;19316;21823;+;96.9	20;19316;21823;+;113.0	21;21792;22580;+;47.5	23;22788;24506;+;86.9		25;24905;25603;+;122.8	26;25603;26541;+;165.2	28;26998;28461;+;210.4	17;17502;18485;+;134.8	4;5610;7568;-;355.7		conjscan	conjscan_only	A	7/7	canonical	1	0	unscoreable	17	0	0														not_admitted	not_admitted	not_admitted	not_admitted	not_admitted	not_admitted	not_admitted
NZ_CP145635.1	MPF_F	Col156;IncFIB(AP001918);IncFII	137	0	0	GA	0															not_admitted	not_admitted	not_admitted	not_admitted	not_admitted	not_admitted	not_admitted	not_admitted	not_admitted	not_admitted	1	18;15195;16187;+;367.3	29;21874;23247;+;374.3	22;18916;19659;+;234.1	15;11559;14186;+;305.4	30;23244;26060;+;387.9	9;8077;9504;+;94.4	15;11559;14186;+;99.1	7;6796;7362;+;183.8	19;16196;16834;+;67.3	20;16831;18639;+;268.3	33;27623;29776;+;391.1	13;10528;11043;+;77.3	33;27623;29776;+;69.2	A	9/9	contiguous	20827	1	1	26093..26614+;173;unnamed;0
NZ_CP145637.1	MPF_F	IncFIA;IncFIB(AP001918);IncFII;IncFII(pRSB107)	163	0	0	GA	0															not_admitted	not_admitted	not_admitted	not_admitted	not_admitted	not_admitted	not_admitted	not_admitted	not_admitted	not_admitted	1	99;84529;85521;-;369.5	86;75397;76770;-;386.6	94;80680;81423;-;231.4	102;86530;89157;-;303.9	85;72581;75400;-;386.3	108;91042;92493;-;94.1	102;86530;89157;-;96.5	110;93208;93774;-;184.3	97;83547;84185;-;68.7	96;81700;83550;-;266.7	81;68107;70323;-;391.8	105;89673;90188;-;75.2	81;68107;70323;-;70.3	A	9/9	contiguous	25101	1	1	72065..72556-;163;TraS;0
NZ_CP145649.1	MPF_F	IncFII	97	0	0	GA	0															not_admitted	not_admitted	not_admitted	not_admitted	not_admitted	not_admitted	not_admitted	not_admitted	not_admitted	not_admitted	1	73;55907;56899;+;369.5	83;62678;64051;+;381.7	78;60005;60748;+;234.4	70;52268;54898;+;304.1	84;64048;66870;+;374.0	62;47415;48866;+;94.2	70;52268;54898;+;97.1	60;46134;46700;+;174.3	75;57243;57881;+;68.6	76;57878;59728;+;266.1	88;69142;71448;+;391.0	65;49726;50241;+;78.4	88;69142;71448;+;70.2	A	9/9	contiguous	23008	1	1	66892..67371+;159;TraS;0
NZ_CP145656.1	MPF_F	Col156;IncFIA;IncFIB(AP001918);IncFII(pRSB107)	157	0	0	GA	0															not_admitted	not_admitted	not_admitted	not_admitted	not_admitted	not_admitted	not_admitted	not_admitted	not_admitted	not_admitted	1	99;88668;89660;-;369.5	88;81519;82892;-;386.6	91;83529;84074;-;44.4	102;90669;93296;-;303.9	87;78703;81522;-;386.3	108;95181;96632;-;94.1	102;90669;93296;-;96.5	110;97347;97913;-;184.3	97;87686;88324;-;68.7	96;85839;87689;-;266.7	82;73461;75668;-;391.8	105;93812;94327;-;75.2	82;73461;75668;-;70.3	A	9/9	contiguous	23886	0	1	
NZ_CP145658.1	MPF_F	IncFIB(AP001918)	141	0	0	GA	0															not_admitted	not_admitted	not_admitted	not_admitted	not_admitted	not_admitted	not_admitted	not_admitted	not_admitted	not_admitted	1	88;85149;86141;-;369.3	76;77725;79101;-;381.0	81;80688;81143;-;163.3	91;87150;89777;-;303.8	75;74903;77728;-;389.4	98;91832;93259;-;94.1	91;87150;89777;-;99.8	100;93974;94540;-;183.8	85;83514;84152;-;68.6	84;81709;83517;-;266.0	69;68520;70691;-;391.8	94;90293;90808;-;77.3	69;68520;70691;-;70.4	A	9/9	contiguous	25454	1	1	74397..74906-;169;unnamed;0
NZ_CP145666.1	-	pKPC-CAV1321	323	0	0	GA	0															not_admitted	not_admitted	not_admitted	not_admitted	not_admitted	not_admitted	not_admitted	not_admitted	not_admitted	not_admitted	1	199;158689;159756;+;276.8	219;175670;177112;+;260.7	218;174573;175673;+;198.4	195;154095;156581;+;223.8	220;177127;180645;+;240.0	191;149470;150867;+;109.8	195;154095;156581;+;123.2	189;147561;148187;+;87.1	198;157379;158692;+;41.0	222;181081;183738;+;136.9	183;143037;145013;+;22.7	192;150864;151430;+;71.6	183;143037;145013;+;33.5	A	9/9	contiguous	38044	0	1	
NZ_CP145669.1	MPF_F	IncFIA;IncFIB(AP001918);IncFII	105	0	0	GA	0															not_admitted	not_admitted	not_admitted	not_admitted	not_admitted	not_admitted	not_admitted	not_admitted	not_admitted	not_admitted	1	55;67193;68185;-;369.3	44;60139;61512;-;373.7	51;63721;64464;-;233.7	58;69194;71821;-;306.8	43;57320;60142;-;385.8	65;73876;75303;-;94.3	58;69194;71821;-;98.5	67;76018;76584;-;184.5	54;66546;67184;-;68.6	53;64741;66549;-;266.9	40;53593;55791;-;391.3	61;72337;72852;-;76.8	40;53593;55791;-;70.3	A	9/9	contiguous	22425	1	1	56807..57298-;163;TraS;0
NZ_CP145670.1	MPF_F	IncFII	83	0	0	GA	0															not_admitted	not_admitted	not_admitted	not_admitted	not_admitted	not_admitted	not_admitted	not_admitted	not_admitted	not_admitted	1	59;46597;47589;+;369.5	69;53368;54741;+;381.7	64;50695;51438;+;234.4	56;42958;45588;+;304.1	70;54738;57560;+;374.0	49;38508;39959;+;94.2	56;42958;45588;+;97.1	47;37227;37793;+;174.3	61;47933;48571;+;68.6	62;48568;50418;+;266.1	74;59832;62138;+;391.0	52;40819;41334;+;78.4	74;59832;62138;+;70.2	A	9/9	contiguous	22605	1	1	57582..58061+;159;TraS;0
NZ_CP145672.1	MPF_F	Col156;IncFIA;IncFIB(AP001918);IncFII;IncQ1	200	0	0	GA	0															not_admitted	not_admitted	not_admitted	not_admitted	not_admitted	not_admitted	not_admitted	not_admitted	not_admitted	not_admitted	1	129;108007;108999;-;367.4	118;100948;102321;-;380.9	125;104535;105278;-;235.0	132;110008;112485;-;230.8	117;98126;100951;-;385.9	141;117135;118562;-;94.3	132;110008;112485;-;98.8	143;119277;119843;-;184.4	128;107360;107998;-;68.6	127;105555;107363;-;268.3	114;94425;96623;-;391.3	137;115596;116111;-;78.4	114;94425;96623;-;70.4	A	9/9	contiguous	24852	1	1	97620..98129-;169;unnamed;0
NZ_CP145701.1	MPF_F	Col156;IncFIB(AP001918);IncFII	171	0	0	GA	0															not_admitted	not_admitted	not_admitted	not_admitted	not_admitted	not_admitted	not_admitted	not_admitted	not_admitted	not_admitted	1	112;100164;101156;-;369.5	101;92737;94110;-;381.7	107;96315;97058;-;232.0	115;102165;104795;-;305.1	100;89918;92740;-;388.5	122;107926;109353;-;93.9	115;102165;104795;-;97.1	124;110068;110634;-;183.1	110;99182;99820;-;68.6	109;97335;99185;-;272.0	96;85151;87646;-;391.3	119;106282;106797;-;74.0	96;85151;87646;-;70.1	A	9/9	contiguous	24917	1	1	89400..89897-;165;TraS;0
NZ_CP145704.1	MPF_F	IncFIA;IncFIB(AP001918);IncFII	169	0	0	GA	0															not_admitted	not_admitted	not_admitted	not_admitted	not_admitted	not_admitted	not_admitted	not_admitted	not_admitted	not_admitted	1	111;100518;101510;-;367.4	100;93459;94832;-;380.9	107;97046;97789;-;235.0	114;102519;105146;-;305.4	99;90637;93462;-;385.9	120;107201;108628;-;94.3	114;102519;105146;-;98.5	122;109343;109909;-;183.8	110;99871;100509;-;68.6	109;98066;99874;-;268.3	96;86954;89134;-;391.3	116;105662;106177;-;78.4	96;86954;89134;-;70.4	A	9/9	contiguous	22389	1	1	90131..90640-;169;unnamed;0
NZ_CP145711.1	MPF_F	IncFII(pSE11)	106	0	0	GA	0															not_admitted	not_admitted	not_admitted	not_admitted	not_admitted	not_admitted	not_admitted	not_admitted	not_admitted	not_admitted	1	67;49870;50862;+;359.2	84;60647;62020;+;382.7	76;56453;57196;+;233.5	64;46231;48861;+;307.4	85;62017;64836;+;373.5	51;37473;38924;+;94.2	64;46231;48861;+;96.7	49;36192;36758;+;175.7	70;51810;52448;+;71.4	74;54326;56176;+;272.2	91;68172;70496;+;391.5	57;42491;43006;+;77.9	91;68172;70496;+;70.2	A	9/9	contiguous	31980	1	1	64861..65352+;163;TraS;0
NZ_CP145715.1	MPF_F	IncFIA(HI1);IncHI1A;IncHI1B(R27)	217	0	0	GA	0															not_admitted	not_admitted	not_admitted	not_admitted	not_admitted	not_admitted	not_admitted	not_admitted	not_admitted	not_admitted	1	15;14855;15907;+;277.6	130;122143;123558;-;201.7	131;123548;124594;-;171.3	215;192812;195493;+;160.6	129;118145;122134;-;103.1	211;189106;190464;+;84.0	215;192812;195493;+;76.5	208;186654;187439;+;68.7	13;13202;14710;+;65.5	16;15930;19106;+;58.9	137;131528;133612;+;50.2	214;191853;192803;+;45.2	137;131528;133612;+;36.4	A	9/9	split_3	179610	0	1	
NZ_CP145716.1	MPF_T	IncN	76	0	0	GA	1	24;17159;17893;+;32.5	26;18193;18486;+;28.7	27;18536;18853;+;63.3	28;18853;21453;+;111.8	28;18853;21453;+;76.8	29;21471;22184;+;97.1	31;22435;23475;+;153.6		32;23694;24392;+;131.9	33;24403;25287;+;159.0	34;25287;26447;+;154.9	35;26489;27484;+;81.2	58;52998;54527;-;38.5		pfam	both	A	7/7	canonical	1	0	unscoreable	2	0	0														not_admitted	not_admitted	not_admitted	not_admitted	not_admitted	not_admitted	not_admitted
NZ_CP145802.1	MPF_T	IncFIB(K)	91	0	0	GA	1	62;54281;54943;+;48.3	63;54954;55253;+;36.6	64;55263;58013;+;60.6	64;55263;58013;+;131.5	64;55263;58013;+;48.6	65;58032;58748;+;137.0	67;59062;60069;+;137.8		69;60279;60965;+;158.3	70;60958;61851;+;147.4	71;61848;63044;+;134.7	72;63048;64097;+;71.5	79;68835;70742;+;24.3		pfam	pfam_only	A	7/7	canonical	1	1	unscoreable	8	0	0														not_admitted	not_admitted	not_admitted	not_admitted	not_admitted	not_admitted	not_admitted
NZ_CP145803.1	MPF_F	IncFIA(HI1);IncFII(pKP91)	187	0	0	GA	0															not_admitted	not_admitted	not_admitted	not_admitted	not_admitted	not_admitted	not_admitted	not_admitted	not_admitted	not_admitted	1	126;100259;101248;+;366.1	136;107095;108465;+;380.8	132;105147;105899;+;233.8	122;96166;98805;+;255.6	137;108465;111314;+;338.3	115;92023;93447;+;80.6	122;96166;98805;+;92.6	113;90736;91302;+;160.3	127;101261;101890;+;68.3	128;101890;103845;+;254.0	140;112967;115264;+;391.8	116;93510;94079;+;53.4	140;112967;115264;+;67.1	A	9/9	contiguous	22231	1	1	111320..111847+;175;unnamed;0
NZ_CP145911.1	MPF_F	IncT	247	0	0	GA	0															not_admitted	not_admitted	not_admitted	not_admitted	not_admitted	not_admitted	not_admitted	not_admitted	not_admitted	not_admitted	1	175;141869;142945;+;282.5	193;158930;160381;+;247.0	192;157825;158916;+;190.7	171;137325;139811;+;219.1	194;160391;163687;+;264.3	168;134307;135656;+;111.5	171;137325;139811;+;115.3	166;132518;133135;+;84.9	174;140619;141869;+;57.9	196;164157;166859;+;126.3	160;127922;129889;+;22.4	169;135653;136243;+;73.9	160;127922;129889;+;31.3	A	9/9	contiguous	36235	0	1	
NZ_CP145914.1	-	-	85	0	0	GA	0															not_admitted	not_admitted	not_admitted	not_admitted	not_admitted	not_admitted	not_admitted	not_admitted	not_admitted	not_admitted	1	23;15917;16912;+;360.9	31;22182;23558;+;329.7	26;19434;20222;+;201.1	20;12166;14877;+;238.1	32;23571;26462;+;317.8	14;8838;10199;+;90.9	20;12166;14877;+;123.1	12;7525;8094;+;124.2	24;16928;17548;+;68.9	25;17545;19437;+;233.9	36;27812;30034;+;366.7	19;11601;12164;+;52.1	36;27812;30034;+;68.2	A	9/9	contiguous	20287	1	1	26514..27011+;165;unnamed;0
NZ_CP145916.1	MPF_F	IncT	235	0	0	GA	0															not_admitted	not_admitted	not_admitted	not_admitted	not_admitted	not_admitted	not_admitted	not_admitted	not_admitted	not_admitted	1	163;132029;133105;+;282.5	181;149090;150541;+;247.0	180;147985;149076;+;190.7	159;127485;129971;+;219.1	182;150551;153847;+;264.3	156;124467;125816;+;111.5	159;127485;129971;+;115.3	154;122678;123295;+;84.9	162;130779;132029;+;57.9	184;154317;157019;+;126.3	148;118082;120049;+;22.4	157;125813;126403;+;73.9	148;118082;120049;+;31.3	A	9/9	contiguous	36235	0	1	
NZ_CP145918.1	MPF_T	-	55	0	0	GA	1	38;34511;35149;-;46.0	37;34237;34524;-;64.7	36;31459;34218;-;42.1	36;31459;34218;-;133.2	36;31459;34218;-;61.7	35;30701;31402;-;52.1	33;29346;30422;-;127.7		31;28479;29219;-;144.2	30;27554;28474;-;142.8	29;26046;27557;-;138.3	28;24983;26044;-;75.0	27;23014;24981;-;426.3		pfam	pfam_only	A	7/7	canonical	1	1	unscoreable	2	0	0														not_admitted	not_admitted	not_admitted	not_admitted	not_admitted	not_admitted	not_admitted
NZ_CP145919.1	-	-	84	0	0	GA	0															not_admitted	not_admitted	not_admitted	not_admitted	not_admitted	not_admitted	not_admitted	not_admitted	not_admitted	not_admitted	1		76;75776;77152;-;329.7	81;79112;79900;-;201.1	2;1982;4693;-;238.1	75;72872;75763;-;317.8	8;6660;8021;-;90.9	2;1982;4693;-;123.1	10;8765;9334;-;124.2	83;81786;82406;-;68.9	82;79897;81789;-;233.9	71;69300;71522;-;366.7	3;4695;5258;-;52.1	71;69300;71522;-;68.2	B	8/9	split_2	79804	1	1	72323..72820-;165;unnamed;0
NZ_CP145920.1	-	-	60	0	0	GA	1	44;36158;37054;+;45.2	28;22414;22905;-;68.0	27;22100;22414;-;51.1	26;19579;22086;-;96.9	26;19579;22086;-;113.0	25;18822;19610;-;50.1	23;16896;18614;-;86.0		21;15799;16497;-;123.5	20;14861;15799;-;165.2	18;12944;14404;-;210.5	29;22917;23900;-;134.8	42;33640;35598;+;355.7		conjscan	conjscan_only	A	7/7	canonical	1	0	unscoreable	17	0	0														not_admitted	not_admitted	not_admitted	not_admitted	not_admitted	not_admitted	not_admitted
NZ_CP145921.1	MPF_F	IncT	235	0	0	GA	0															not_admitted	not_admitted	not_admitted	not_admitted	not_admitted	not_admitted	not_admitted	not_admitted	not_admitted	not_admitted	1	163;132029;133105;+;282.5	181;149090;150541;+;247.0	180;147985;149076;+;190.7	159;127485;129971;+;219.1	182;150551;153847;+;264.3	156;124467;125816;+;111.5	159;127485;129971;+;115.3	154;122678;123295;+;84.9	162;130779;132029;+;57.9	184;154317;157019;+;126.3	148;118082;120049;+;22.4	157;125813;126403;+;73.9	148;118082;120049;+;31.3	A	9/9	contiguous	36235	0	1	
NZ_CP145923.1	-	-	85	0	0	GA	0															not_admitted	not_admitted	not_admitted	not_admitted	not_admitted	not_admitted	not_admitted	not_admitted	not_admitted	not_admitted	1	58;50077;51072;+;361.1	66;56342;57718;+;329.7	61;53594;54382;+;201.1	55;46326;49037;+;238.1	67;57731;60622;+;317.8	49;42998;44359;+;90.9	55;46326;49037;+;123.1	47;41685;42254;+;124.2	59;51088;51708;+;68.9	60;51705;53597;+;233.9	71;61972;64194;+;366.7	54;45761;46324;+;52.1	71;61972;64194;+;68.2	A	9/9	contiguous	20287	1	1	60674..61171+;165;unnamed;0
NZ_CP145925.1	MPF_F	-	132	0	0	GA	0															not_admitted	not_admitted	not_admitted	not_admitted	not_admitted	not_admitted	not_admitted	not_admitted	not_admitted	not_admitted	1	44;40009;41064;+;269.2	56;53259;54668;+;230.0	55;52212;53243;+;213.9	40;35530;38016;+;211.5	57;54688;57921;+;215.1	37;32814;34106;+;117.6	40;35530;38016;+;113.3	35;31163;31816;+;92.3	43;38789;40009;+;45.5	59;58393;61164;+;119.2	29;26770;28683;+;20.5	38;34123;34635;+;68.8	29;26770;28683;+;24.6	A	9/9	contiguous	31623	0	1	
NZ_CP145926.1	-	-	113	0	0	GA	0															not_admitted	not_admitted	not_admitted	not_admitted	not_admitted	not_admitted	not_admitted	not_admitted	not_admitted	not_admitted	1	29;24320;25315;+;359.1	38;30777;32153;+;331.2	32;27783;28571;+;198.7	26;20569;23280;+;233.4	39;32166;35060;+;315.2	19;16435;17796;+;92.0	26;20569;23280;+;121.8	17;15122;15691;+;123.6	30;25331;25951;+;65.6	31;25948;27771;+;234.0	42;36136;38331;+;380.1	25;20004;20567;+;52.2	42;36136;38331;+;73.9	A	9/9	contiguous	21014	1	1	35057..35554+;165;unnamed;0
NZ_CP145927.1	MPF_T	-	54	0	0	GA	1	37;32907;33545;-;46.6	36;32633;32920;-;64.7	35;29855;32614;-;42.1	35;29855;32614;-;133.2	35;29855;32614;-;61.7	34;29097;29798;-;52.1	32;27742;28818;-;127.7		30;26875;27615;-;144.2	29;25950;26870;-;142.8	28;24442;25953;-;138.3	27;23379;24440;-;75.0	26;21410;23377;-;426.3		pfam	pfam_only	A	7/7	canonical	1	1	unscoreable	2	0	0														not_admitted	not_admitted	not_admitted	not_admitted	not_admitted	not_admitted	not_admitted
NZ_CP145929.1	-	-	84	0	0	GA	0															not_admitted	not_admitted	not_admitted	not_admitted	not_admitted	not_admitted	not_admitted	not_admitted	not_admitted	not_admitted	1	38;44112;45107;-;361.1	30;37466;38842;-;329.7	35;40802;41590;-;201.1	41;46147;48858;-;238.1	29;34562;37453;-;317.8	47;50825;52186;-;90.9	41;46147;48858;-;123.1	49;52930;53499;-;124.2	37;43476;44096;-;68.9	36;41587;43479;-;233.9	25;30990;33212;-;366.7	42;48860;49423;-;52.1	25;30990;33212;-;68.2	A	9/9	contiguous	21940	1	1	34013..34510-;165;unnamed;0
NZ_CP145930.1	MPF_F	IncT	234	0	0	GA	0															not_admitted	not_admitted	not_admitted	not_admitted	not_admitted	not_admitted	not_admitted	not_admitted	not_admitted	not_admitted	1	162;130882;131958;+;282.5	180;147943;149394;+;247.0	179;146838;147929;+;190.7	158;126338;128824;+;219.1	181;149404;152700;+;264.3	155;123320;124669;+;111.5	158;126338;128824;+;115.3	153;121531;122148;+;84.9	161;129632;130882;+;57.9	183;153170;155872;+;126.3	147;116935;118902;+;22.4	156;124666;125256;+;73.9	147;116935;118902;+;31.3	A	9/9	contiguous	36235	0	1	
NZ_CP145932.1	-	-	86	0	0	GA	0															not_admitted	not_admitted	not_admitted	not_admitted	not_admitted	not_admitted	not_admitted	not_admitted	not_admitted	not_admitted	1	76;74235;75230;+;361.1	84;80500;81876;+;329.7	79;77752;78540;+;201.1	73;70484;73195;+;238.1	0;29;2305;+;141.8	67;67156;68517;+;90.9	73;70484;73195;+;123.1	65;65843;66412;+;124.2	77;75246;75866;+;68.9	78;75863;77755;+;233.9	4;3655;5877;+;366.7	72;69919;70482;+;52.1	4;3655;5877;+;68.2	A	9/9	split_2	80471	1	1	2357..2854+;165;unnamed;0
NZ_CP145933.1	MPF_F	IncT	234	0	0	GA	0															not_admitted	not_admitted	not_admitted	not_admitted	not_admitted	not_admitted	not_admitted	not_admitted	not_admitted	not_admitted	1	162;130882;131958;+;282.5	180;147943;149394;+;247.0	179;146838;147929;+;190.7	158;126338;128824;+;219.1	181;149404;152700;+;264.3	155;123320;124669;+;111.5	158;126338;128824;+;115.3	153;121531;122148;+;84.9	161;129632;130882;+;57.9	183;153170;155872;+;126.3	147;116935;118902;+;22.4	156;124666;125256;+;73.9	147;116935;118902;+;31.3	A	9/9	contiguous	36235	0	1	
NZ_CP145949.1	MPF_T	-	173	0	0	GA	1		37;37029;37325;-;96.0	36;36691;37029;-;108.7	35;34332;36698;-;173.7	35;34332;36698;-;108.5	34;33613;34335;-;151.8	32;32373;33359;-;163.9		31;31349;32020;-;191.1	30;30501;31352;-;182.0	29;29344;30489;-;173.0	28;28316;29347;-;102.2	27;26404;28350;-;370.7		pfam	both	A	7/7	canonical	1	0	unscoreable	1	0	0														not_admitted	not_admitted	not_admitted	not_admitted	not_admitted	not_admitted	not_admitted
NZ_CP145950.1	MPF_T	-	90	0	0	GA	1		59;58444;58824;+;75.8	60;58817;59116;+;60.8	61;59126;61579;+;165.5	61;59126;61579;+;128.4	62;61551;62369;+;52.9	63;62363;63550;+;105.4		64;63566;64228;+;130.9	65;64246;65070;+;187.9	70;66894;67709;+;223.1	57;57487;58284;+;120.5	13;11374;13353;+;516.9		conjscan	conjscan_only	A	7/7	canonical	1	0	unscoreable	6	0	0														not_admitted	not_admitted	not_admitted	not_admitted	not_admitted	not_admitted	not_admitted
NZ_CP146025.1	MPF_F	IncFII(pHN7A8)	66	0	0	GA	0															not_admitted	not_admitted	not_admitted	not_admitted	not_admitted	not_admitted	not_admitted	not_admitted	not_admitted	not_admitted	1				52;40739;41128;+;43.1		47;37257;38684;+;94.1		45;35976;36542;+;183.8				51;39708;40223;+;77.6		D	3/9	contiguous	4763	0	0	
NZ_CP146026.1	MPF_F	IncFII(K);IncR	125	0	0	GA	0															not_admitted	not_admitted	not_admitted	not_admitted	not_admitted	not_admitted	not_admitted	not_admitted	not_admitted	not_admitted	1	102;86674;87663;-;366.6	92;79760;81127;-;384.0	96;82385;83137;-;233.3	106;89106;91745;-;258.5	91;79119;79760;-;170.5	113;94938;96362;-;89.2	106;89106;91745;-;88.2	115;97089;97655;-;169.3	101;86023;86661;-;66.9	100;84009;85964;-;259.7	85;71071;73383;-;393.1	112;94240;94824;-;53.6	85;71071;73383;-;66.6	A	9/9	contiguous	26018	1	1	78149..79072-;307;unnamed;0
NZ_CP146028.1	MPF_F	IncFIB(pNDM-Mar);IncHI1B(pNDM-MAR)	239	0	0	GA	0															not_admitted	not_admitted	not_admitted	not_admitted	not_admitted	not_admitted	not_admitted	not_admitted	not_admitted	not_admitted	1	169;143294;144331;-;282.3	85;63733;65142;+;190.4	84;62706;63743;+;176.7	182;155163;157880;-;149.2	86;65144;69052;+;121.7	186;159993;161363;-;63.4	182;155163;157880;-;83.2	189;163009;163869;-;79.0	170;144328;145689;-;69.5	168;140102;143284;-;59.5	77;53392;55518;-;57.9	183;157925;158662;-;56.9	77;53392;55518;-;40.9	A	9/9	split_2	109617	0	1	
NZ_CP146070.1	MPF_T	-	99	0	0	GA	1	74;81530;82684;-;72.9	78;85462;85755;-;74.4	77;85191;85469;-;88.8	76;82838;85201;-;84.3	76;82838;85201;-;43.9	73;80721;81530;-;70.9	66;75297;76373;-;125.1		72;80052;80705;-;172.5	71;79354;80049;-;166.4	70;77978;79357;-;182.8	69;76987;78018;-;104.2	52;55612;57294;+;285.6		pfam	both	A	7/7	canonical	1	0	unscoreable	3	0	0														not_admitted	not_admitted	not_admitted	not_admitted	not_admitted	not_admitted	not_admitted
NZ_CP146075.1	-	-	105	0	0	GA	1	37;36973;37560;-;26.4	102;92692;93126;-;63.2	101;92375;92686;-;46.9	100;89826;92378;-;79.8	100;89826;92378;-;112.6	95;85500;86282;-;98.8	93;83769;85286;-;111.2		99;89098;89829;-;83.0	98;88181;89077;-;160.8	96;86299;87714;-;216.8	103;93138;94100;-;133.0	21;18548;20491;+;456.2		conjscan	conjscan_only	A	7/7	canonical	1	0	unscoreable	4	0	0														not_admitted	not_admitted	not_admitted	not_admitted	not_admitted	not_admitted	not_admitted
NZ_CP146078.1	-	-	106	0	0	GA	1	30;27559;28146;+;26.4	70;66895;67329;+;63.2	71;67335;67646;+;46.9	72;67643;70195;+;79.8	72;67643;70195;+;112.6	77;73739;74521;+;98.8	79;74735;76252;+;111.2		73;70192;70923;+;83.0	74;70944;71840;+;160.8	76;72307;73722;+;216.8	69;65921;66883;+;133.0	46;44628;46571;-;456.2		conjscan	conjscan_only	A	7/7	canonical	1	0	unscoreable	4	0	0														not_admitted	not_admitted	not_admitted	not_admitted	not_admitted	not_admitted	not_admitted
NZ_CP146088.1	MPF_F	IncC	240	0	0	GA	0															not_admitted	not_admitted	not_admitted	not_admitted	not_admitted	not_admitted	not_admitted	not_admitted	not_admitted	not_admitted	1	103;74315;75322;+;332.9	229;186230;187663;+;339.2	228;185200;186228;+;221.7	98;69116;71563;+;354.5	230;187676;191290;+;375.3	45;26117;27277;+;156.3	98;69116;71563;+;128.3	91;58720;59346;+;92.7	101;72385;73650;+;67.9	104;75438;78236;+;145.3	82;53045;54910;+;47.3	94;61557;62135;+;100.2	82;53045;54910;+;52.0	A	9/9	split_3	161559	0	1	
NZ_CP146089.1	MPF_F	Col156;IncFIB(AP001918);IncFII(29)	157	0	0	GA	0															not_admitted	not_admitted	not_admitted	not_admitted	not_admitted	not_admitted	not_admitted	not_admitted	not_admitted	not_admitted	1	100;90827;91819;-;369.5	88;83400;84773;-;381.7	95;86978;87721;-;233.1	103;92828;95458;-;304.0	87;80581;83403;-;388.5	110;98589;100016;-;93.9	103;92828;95458;-;99.3	112;100731;101297;-;183.1	98;89845;90483;-;68.6	97;87998;89848;-;271.9	83;75940;78309;-;390.9	107;96945;97460;-;73.9	83;75940;78309;-;70.2	A	9/9	contiguous	24791	1	1	80080..80559-;159;TraS;0
NZ_CP146093.1	MPF_G	-	419	1	0	GA	1	174;179413;179889;-;74.3			183;186893;189340;+;45.9	183;186893;189340;+;82.1		185;190200;191270;+;57.6		179;184026;184739;-;89.0	178;183148;184029;-;166.1	177;181926;183137;-;171.0	169;173617;175203;-;149.8	187;192534;194390;+;44.8		none	none	A	7/7	canonical	0	0	unscoreable	10	0	1	293;299101;300048;-;220.6			297;302122;304998;-;308.1	290;295790;297310;-;262.7	177;181926;183137;-;171.0					187;192534;194390;+;59.2		187;192534;194390;+;76.4	D	3/9	split_2	120196	0	0	
NZ_CP146094.1	MPF_T	-	438	0	0	GA	1		287;198809;199168;-;56.6	286;198473;198793;-;43.2	285;195945;198479;-;41.9	285;195945;198479;-;79.5	284;195191;195952;-;28.4	282;192970;194271;-;43.7		278;189560;190258;-;97.2	277;188796;189560;-;170.6	276;187465;188799;-;142.4	270;179598;181523;-;172.6	291;201574;203463;-;30.9		conjscan	conjscan_only	A	7/7	canonical	1	0	unscoreable	11	0	0														not_admitted	not_admitted	not_admitted	not_admitted	not_admitted	not_admitted	not_admitted
NZ_CP146204.1	-	-	395	0	0	GA	0															not_admitted	not_admitted	not_admitted	not_admitted	not_admitted	not_admitted	not_admitted	not_admitted	not_admitted	not_admitted	1	320;274344;275390;-;297.9	273;234730;236157;-;269.3	274;236141;236800;-;150.6	325;278034;280436;-;262.0	272;231698;234730;-;287.5	330;289088;290440;-;129.1	325;278034;280436;-;138.3	332;291615;292253;-;83.6	322;276082;277233;-;52.9	319;270975;274334;-;126.1	337;294570;296441;-;53.6	329;288494;289021;-;79.6	337;294570;296441;-;58.5	A	9/9	split_2	62872	0	1	
NZ_CP146207.1	MPF_T	-	1562	0	0	GA	1		130;123180;123479;-;89.1	129;122834;123175;-;106.8	128;120463;122859;-;172.9	128;120463;122859;-;108.5	127;119762;120463;-;204.3	125;118591;119526;-;160.1		123;117604;118275;-;215.8	122;116750;117604;-;183.4	121;115568;116740;-;182.1	273;270504;271997;-;213.3	1559;1604212;1606131;-;334.7		pfam	both	A	7/7	canonical	1	0	unscoreable	2	0	0														not_admitted	not_admitted	not_admitted	not_admitted	not_admitted	not_admitted	not_admitted
NZ_CP146233.1	-	-	119	0	0	GA	1	21;14497;15201;+;48.5	22;15198;15494;+;41.3	23;15508;15849;+;52.2	24;15842;18259;+;159.2	24;15842;18259;+;62.6	25;18274;18984;+;70.4	27;19405;20388;+;97.5		29;20601;21401;+;91.4	30;21398;22435;+;135.2	31;22432;23577;+;137.9	33;23744;24784;+;96.3	34;24892;26727;+;243.4		pfam	pfam_only	A	7/7	canonical	1	0	unscoreable	3	0	0														not_admitted	not_admitted	not_admitted	not_admitted	not_admitted	not_admitted	not_admitted
NZ_CP146251.1	MPF_F	IncFIB(AP001918);IncFII	148	0	0	GA	0															not_admitted	not_admitted	not_admitted	not_admitted	not_admitted	not_admitted	not_admitted	not_admitted	not_admitted	not_admitted	1	119;108989;109981;+;367.3	130;115668;117041;+;374.3	123;112710;113453;+;234.1	116;105353;107980;+;305.4	131;117038;119854;+;387.9	110;101871;103298;+;91.7	116;105353;107980;+;99.1	108;100589;101155;+;183.8	120;109990;110628;+;67.3	121;110625;112433;+;268.3	134;121417;123570;+;391.1	114;104322;104837;+;77.3	134;121417;123570;+;69.2	A	9/9	contiguous	20828	1	1	119887..120408+;173;unnamed;0
NZ_CP146276.1	-	-	183	0	0	GA	1		131;118366;118722;+;77.7	132;118722;119021;+;55.7	133;119026;121464;+;151.3	133;119026;121464;+;122.6	134;121439;122224;+;60.6	136;122499;123668;+;109.1		137;123699;124358;+;121.4	138;124383;125207;+;186.8	140;125682;127049;+;222.1	130;117396;118376;+;125.8	85;70716;72632;+;452.4		conjscan	conjscan_only	A	7/7	canonical	1	0	unscoreable	3	0	0														not_admitted	not_admitted	not_admitted	not_admitted	not_admitted	not_admitted	not_admitted
NZ_CP146370.1	-	-	70	0	0	GA	1	54;45918;46553;+;62.3	13;11954;12313;-;60.2	12;11659;11907;-;29.4	11;9140;11653;-;59.5	11;9140;11653;-;95.3	10;8404;9150;-;36.9	8;6082;8142;-;101.6		7;5383;6066;-;147.0	6;4365;5372;-;175.0	4;2594;3937;-;185.7	14;12322;13293;-;136.3	52;43393;45381;+;387.8		conjscan	conjscan_only	A	7/7	canonical	1	0	unscoreable	4	0	0														not_admitted	not_admitted	not_admitted	not_admitted	not_admitted	not_admitted	not_admitted
NZ_CP146381.1	MPF_T	IncN	123	0	0	GA	1	47;41591;42328;-;32.0		44;40630;40947;-;63.3	43;38033;40630;-;111.8	43;38033;40630;-;76.4	41;37368;37901;-;77.9	39;36037;37077;-;142.4		38;35120;35818;-;131.9	37;34225;35109;-;159.7	36;33065;34225;-;156.3	35;32028;33023;-;81.2	3;2281;3810;+;38.5		pfam	both	A	7/7	canonical	1	0	unscoreable	4	0	0														not_admitted	not_admitted	not_admitted	not_admitted	not_admitted	not_admitted	not_admitted
NZ_CP146382.1	MPF_T	IncX1;IncX3	68	0	0	GA	1	29;24817;25464;-;45.2	28;24543;24839;-;77.5	27;21771;24524;-;47.9	27;21771;24524;-;147.9	27;21771;24524;-;75.3	26;21002;21760;-;67.3	24;19631;20764;-;106.3		23;18673;19386;-;118.5	22;17739;18668;-;133.8	21;16537;17742;-;132.5	20;15504;16535;-;79.0	19;13666;15501;-;489.3		pfam	pfam_only	A	7/7	canonical	1	1	unscoreable	2	0	0														not_admitted	not_admitted	not_admitted	not_admitted	not_admitted	not_admitted	not_admitted
NZ_CP146503.1	MPF_F	-	90	0	0	GA	0															not_admitted	not_admitted	not_admitted	not_admitted	not_admitted	not_admitted	not_admitted	not_admitted	not_admitted	not_admitted	1	73;60563;61555;+;351.2	80;66000;67367;+;360.1	76;64033;64812;+;214.9	66;54913;57582;+;247.9	81;67360;70527;+;313.6	62;51934;53337;+;95.6	66;54913;57582;+;93.2	60;50602;51201;+;89.1	74;61566;62180;+;61.5	75;62177;64036;+;202.3	85;72734;75346;+;369.3	65;54365;54910;+;49.0	85;72734;75346;+;61.4	A	9/9	contiguous	22132	1	1	70557..71126+;189;unnamed;0
NZ_CP146509.1	-	-	57	0	0	GA	1	29;15102;15707;+;46.7		31;16146;16469;+;36.0	32;16471;18906;+;62.6	32;16471;18906;+;36.3	34;19592;20260;+;26.8	36;20764;21810;+;104.6		38;22011;22757;+;150.6	39;22754;23551;+;166.3	40;23541;24776;+;144.7	41;24776;25789;+;111.6	42;25969;28158;+;259.5		pfam	pfam_only	A	7/7	canonical	1	0	unscoreable	5	0	0														not_admitted	not_admitted	not_admitted	not_admitted	not_admitted	not_admitted	not_admitted
NZ_CP146531.1	MPF_F	IncFII(Yp)	93	0	0	GA	0															not_admitted	not_admitted	not_admitted	not_admitted	not_admitted	not_admitted	not_admitted	not_admitted	not_admitted	not_admitted	1	61;43496;44488;+;362.9	73;50824;52194;+;383.0	67;48025;48777;+;223.0	58;39832;42471;+;259.1	74;52194;55067;+;344.4	48;34600;36024;+;88.4	58;39832;42471;+;83.9	46;33307;33873;+;162.5	62;44501;45139;+;66.0	63;45198;47153;+;259.7	77;56620;58929;+;392.7	50;36642;37211;+;53.7	77;56620;58929;+;66.6	A	9/9	contiguous	23313	1	1	55078..55611+;177;unnamed;0
NZ_CP146549.1	MPF_F	IncFIB(K);IncFII(Yp)	176	0	0	GA	0															not_admitted	not_admitted	not_admitted	not_admitted	not_admitted	not_admitted	not_admitted	not_admitted	not_admitted	not_admitted	1	67;71467;72459;-;366.6	58;64949;66319;-;376.4	61;67106;67858;-;229.0	70;73533;76172;-;258.8	57;62100;64949;-;336.6	77;78717;80132;-;82.7	70;73533;76172;-;84.2	79;80859;81425;-;162.4	66;70837;71454;-;66.8	65;68966;70840;-;256.7	55;59037;61316;-;389.8	76;78053;78622;-;53.1	55;59037;61316;-;66.6	A	9/9	contiguous	21822	1	1	61553..62089-;178;unnamed;0
NZ_CP146557.1	MPF_F	IncFIB(pB171);IncFII(pRSB107)	146	0	0	GA	0															not_admitted	not_admitted	not_admitted	not_admitted	not_admitted	not_admitted	not_admitted	not_admitted	not_admitted	not_admitted	1	36;36216;37208;-;369.6	25;29066;30439;-;385.7	31;32367;33110;-;234.1	39;38217;40844;-;304.2	24;26247;29069;-;383.3	45;42729;44180;-;93.9	39;38217;40844;-;97.2	47;44895;45461;-;183.8	34;35234;35872;-;68.7	33;33387;35237;-;266.7	20;21749;24001;-;391.7	42;41360;41875;-;76.4	20;21749;24001;-;70.3	A	9/9	contiguous	23146	1	1	25746..26225-;159;TraS;0
NZ_CP146565.1	MPF_F	IncFIA;IncFIB(AP001918);IncFII(pRSB107)	151	0	0	GA	0															not_admitted	not_admitted	not_admitted	not_admitted	not_admitted	not_admitted	not_admitted	not_admitted	not_admitted	not_admitted	1	97;79932;80924;-;369.5	84;70800;72173;-;386.6	92;76083;76826;-;231.4	101;83396;84559;-;239.9	83;67984;70803;-;386.3	107;86444;87895;-;94.1	100;81933;83414;-;97.9	109;88610;89176;-;184.3	95;78950;79588;-;68.7	94;77103;78953;-;266.7	79;63483;65726;-;391.7	104;85075;85590;-;75.2	79;63483;65726;-;70.3	A	9/9	contiguous	25127	1	1	67468..67959-;163;TraS;0
NZ_CP146572.1	MPF_F	IncFIA;IncFIB(AP001918);IncFII(pRSB107)	154	0	0	GA	0															not_admitted	not_admitted	not_admitted	not_admitted	not_admitted	not_admitted	not_admitted	not_admitted	not_admitted	not_admitted	1	55;40474;41466;+;369.5	68;49225;49935;+;252.2	60;44572;45315;+;231.4	51;36839;38002;+;239.9	70;50594;53413;+;386.3	45;33503;34954;+;94.1	52;37984;39465;+;97.9	43;32222;32788;+;184.3	57;41810;42448;+;68.7	58;42445;44295;+;266.7	74;55671;57914;+;391.7	48;35808;36323;+;75.2	74;55671;57914;+;70.3	A	9/9	contiguous	23449	1	1	53438..53929+;163;TraS;0
NZ_CP146582.1	MPF_T	IncX1	57	0	0	GA	1	33;28776;29420;-;47.1	32;28502;28792;-;73.5	31;25719;28478;-;44.8	31;25719;28478;-;133.3	31;25719;28478;-;71.9	30;24980;25717;-;57.5	28;23643;24698;-;131.7		27;22731;23453;-;116.0	26;21796;22725;-;132.4	25;20585;21799;-;128.6	24;19530;20567;-;66.4	23;17690;19525;-;543.4		pfam	pfam_only	A	7/7	canonical	1	1	unscoreable	1	0	0														not_admitted	not_admitted	not_admitted	not_admitted	not_admitted	not_admitted	not_admitted
NZ_CP146583.1	MPF_F	IncFIA;IncFII	128	0	0	GA	0															not_admitted	not_admitted	not_admitted	not_admitted	not_admitted	not_admitted	not_admitted	not_admitted	not_admitted	not_admitted	1	36;38157;39149;-;369.3	27;31722;33095;-;381.0	32;34685;35458;-;234.0	40;41621;42784;-;239.5	26;28900;31725;-;386.0	46;44839;46266;-;94.3	39;40158;41639;-;99.9	48;46981;47547;-;183.8	35;37510;38148;-;68.7	34;35705;37513;-;268.0	23;25144;27396;-;391.7	42;43300;43815;-;78.4	23;25144;27396;-;70.3	A	9/9	contiguous	21837	1	1	28394..28903-;169;unnamed;0
NZ_CP146586.1	MPF_F	Col156;IncFIA;IncFIB(AP001918);IncFII	161	0	0	GA	0															not_admitted	not_admitted	not_admitted	not_admitted	not_admitted	not_admitted	not_admitted	not_admitted	not_admitted	not_admitted	1	109;96187;97179;-;367.4	98;89128;90501;-;380.9	105;92715;93458;-;235.0	112;98188;100815;-;305.4	97;86306;89131;-;385.9	118;102870;104297;-;94.3	112;98188;100815;-;98.5	120;105012;105578;-;183.8	108;95540;96178;-;68.6	107;93735;95543;-;268.3	94;82569;84803;-;391.2	114;101331;101846;-;78.4	94;82569;84803;-;70.3	A	9/9	contiguous	22443	1	1	85800..86309-;169;unnamed;0
NZ_CP146587.1	MPF_T	IncN	71	0	0	GA	1	24;20194;20928;-;32.5	22;19601;19894;-;28.7	21;19234;19551;-;63.3	20;16634;19234;-;111.8	20;16634;19234;-;76.8	19;15903;16616;-;97.1	17;14612;15652;-;153.6		16;13695;14393;-;131.9	15;12800;13684;-;159.0	14;11640;12800;-;154.9	13;10603;11598;-;81.2	57;43613;45142;+;38.5		pfam	both	A	7/7	canonical	1	0	unscoreable	2	0	0														not_admitted	not_admitted	not_admitted	not_admitted	not_admitted	not_admitted	not_admitted
NZ_CP146590.1	MPF_F	IncFIB(AP001918);IncFIC(FII)	120	0	0	GA	0															not_admitted	not_admitted	not_admitted	not_admitted	not_admitted	not_admitted	not_admitted	not_admitted	not_admitted	not_admitted	1	59;61232;62224;-;369.3	48;54173;55549;-;378.0	55;57760;58503;-;234.1	63;64696;65859;-;241.4	47;51354;54176;-;389.5	70;67914;69341;-;94.3	62;63233;64714;-;99.9	72;70056;70622;-;183.8	58;60585;61223;-;68.4	57;58780;60588;-;268.4	44;47672;49825;-;391.9	66;66375;66890;-;78.4	44;47672;49825;-;70.4	A	9/9	contiguous	22384	1	1	50841..51332-;163;TraS;0
NZ_CP146594.1	MPF_F	IncFIB(AP001918);IncFII(29);IncQ1	155	0	0	GA	0															not_admitted	not_admitted	not_admitted	not_admitted	not_admitted	not_admitted	not_admitted	not_admitted	not_admitted	not_admitted	1	72;57279;58271;+;369.5	84;64325;65698;+;381.7	77;61377;62120;+;233.1	68;53641;54807;+;240.1	85;65695;68517;+;388.5	61;49083;50510;+;93.9	69;54789;56270;+;100.7	59;47802;48368;+;183.1	74;58615;59253;+;68.6	75;59250;61100;+;271.9	89;70789;73059;+;391.1	64;51639;52154;+;74.0	89;70789;73059;+;70.3	A	9/9	contiguous	22987	1	1	68539..69018+;159;TraS;0
NZ_CP146601.1	MPF_F	IncFII(pHN7A8);IncR	182	0	0	GA	0															not_admitted	not_admitted	not_admitted	not_admitted	not_admitted	not_admitted	not_admitted	not_admitted	not_admitted	not_admitted	1	63;49409;50401;+;369.5	76;57234;58607;+;376.8	71;54925;55668;+;234.4	60;45773;48400;+;301.8	77;58604;61420;+;376.7	55;42291;43718;+;94.1	60;45773;48400;+;101.8	53;41010;41576;+;183.8	66;51347;51985;+;70.4	69;52798;54648;+;265.0	81;63721;65937;+;391.7	59;44742;45257;+;77.6	81;63721;65937;+;70.3	A	9/9	contiguous	22711	1	1	61453..61974+;173;unnamed;0
NZ_CP146607.1	MPF_T	-	119	0	0	GA	1	38;35506;36660;-;75.3	43;39479;39763;-;77.0	42;39192;39404;-;55.8	41;38042;39202;-;70.9	41;38042;39202;-;43.4	37;34673;35506;-;71.5	29;29955;30509;-;29.6		36;34001;34654;-;159.8	35;33307;33999;-;166.7	34;32120;33307;-;169.8	32;31131;31820;-;108.2			pfam	both	B	6/7	canonical	1	0	unscoreable	5	0	0														not_admitted	not_admitted	not_admitted	not_admitted	not_admitted	not_admitted	not_admitted
NZ_CP146611.1	MPF_F	-	67	0	0	GA	0															not_admitted	not_admitted	not_admitted	not_admitted	not_admitted	not_admitted	not_admitted	not_admitted	not_admitted	not_admitted	1	56;48693;49706;-;370.7	49;42486;43874;-;317.2	53;45228;46100;-;185.3	59;50767;53352;-;198.0	48;39235;42483;-;345.9	61;53835;55364;-;98.1	59;50767;53352;-;88.1	63;56176;56742;-;119.4	55;47932;48693;-;95.5	54;46100;47935;-;226.6	45;36013;38139;-;406.9	60;53356;53814;-;38.6	45;36013;38139;-;77.2	A	9/9	contiguous	20163	1	1	38661..39197-;178;unnamed;0
NZ_CP146652.1	MPF_F	IncFIB(AP001918);IncFIC(FII)	130	0	0	GA	0															not_admitted	not_admitted	not_admitted	not_admitted	not_admitted	not_admitted	not_admitted	not_admitted	not_admitted	not_admitted	1	64;71060;72052;-;368.9	49;61551;62924;-;378.0	56;65138;65881;-;234.5	67;73061;75688;-;305.4	48;58732;61554;-;387.9	73;77743;79170;-;94.3	67;73061;75688;-;98.5	75;79885;80451;-;183.8	63;70413;71051;-;68.4	58;66158;67429;-;269.9	45;55050;57203;-;391.9	69;76204;76719;-;78.4	45;55050;57203;-;70.4	A	9/9	contiguous	24835	1	1	58219..58710-;163;TraS;0
NZ_CP146658.1	MPF_F	IncFIA;IncFII(pRSB107)	93	0	0	GA	0															not_admitted	not_admitted	not_admitted	not_admitted	not_admitted	not_admitted	not_admitted	not_admitted	not_admitted	not_admitted	1	20;20745;21737;-;369.5	7;11613;12986;-;386.6	15;16896;17639;-;231.4	23;22746;25373;-;303.9	6;8797;11616;-;386.3	29;27258;28709;-;94.1	23;22746;25373;-;96.5	31;29424;29990;-;184.3	18;19763;20401;-;68.7	17;17916;19766;-;266.7	2;4314;6539;-;391.7	26;25889;26404;-;75.2	2;4314;6539;-;70.3	A	9/9	contiguous	25110	1	1	8281..8772-;163;TraS;0
NZ_CP146659.1	MPF_T	IncX3	73	0	0	GA	1	32;26152;26796;-;46.4	31;25878;26168;-;73.1	9;6160;6606;-;51.1	8;5053;5850;-;149.0	30;23100;25853;-;73.3	29;22320;23090;-;60.1	27;20986;22041;-;133.2		26;20063;20791;-;118.8	25;19128;20057;-;138.8	24;17917;19131;-;128.3	22;16687;17721;-;65.7	21;14849;16684;-;495.9		pfam	pfam_only	A	7/7	rearranged	1	0	unscoreable	20	0	0														not_admitted	not_admitted	not_admitted	not_admitted	not_admitted	not_admitted	not_admitted
NZ_CP146661.1	MPF_F	IncC	207	0	0	GA	0															not_admitted	not_admitted	not_admitted	not_admitted	not_admitted	not_admitted	not_admitted	not_admitted	not_admitted	not_admitted	1	54;45410;46417;+;332.9	149;123113;124546;+;339.2	148;122083;123111;+;221.7	49;40211;42658;+;354.5	150;124559;128173;+;375.3	44;31339;32655;+;135.0	49;40211;42658;+;128.3	42;29815;30441;+;92.7	52;43480;44745;+;67.9	55;46533;49331;+;145.3	33;24140;26005;+;47.3	45;32652;33230;+;100.2	33;24140;26005;+;52.0	A	9/9	split_2	100419	0	1	
NZ_CP146662.1	MPF_F	Col156;IncFIB(AP001918);IncFII(29)	131	0	0	GA	0															not_admitted	not_admitted	not_admitted	not_admitted	not_admitted	not_admitted	not_admitted	not_admitted	not_admitted	not_admitted	1	47;46398;47390;-;369.5	35;38971;40344;-;381.7	42;42549;43292;-;233.1	50;48399;51029;-;304.0	34;36152;38974;-;388.5	57;54160;55587;-;93.9	50;48399;51029;-;99.3	59;56302;56868;-;183.1	45;45416;46054;-;68.6	44;43569;45419;-;271.9	30;31736;33880;-;391.3	54;52516;53031;-;73.9	30;31736;33880;-;70.4	A	9/9	contiguous	24566	1	1	35651..36130-;159;TraS;0
NZ_CP146664.1	MPF_F	IncFIB(AP001918);IncFII	129	0	0	GA	0															not_admitted	not_admitted	not_admitted	not_admitted	not_admitted	not_admitted	not_admitted	not_admitted	not_admitted	not_admitted	1	78;82489;83481;-;369.3	69;76054;77430;-;381.0	74;79017;79760;-;230.0	81;84490;87117;-;306.4	68;73484;76057;-;386.8	88;89172;90599;-;94.3	81;84490;87117;-;98.5	90;91314;91880;-;183.3	77;81842;82480;-;68.7	76;80037;81845;-;267.9	64;69538;71700;-;391.8	84;87633;88148;-;77.3	64;69538;71700;-;70.4	A	9/9	contiguous	21776	1	1	73233..73466-;77;unnamed;0
NZ_CP146668.1	MPF_F	IncFIB(AP001918);IncFIC(FII)	210	0	0	GA	0															not_admitted	not_admitted	not_admitted	not_admitted	not_admitted	not_admitted	not_admitted	not_admitted	not_admitted	not_admitted	1	102;96692;97684;-;367.4	91;89633;91009;-;378.0	98;93220;93963;-;234.5	105;98693;101320;-;305.4	90;86814;89636;-;389.5	112;103375;104802;-;94.3	105;98693;101320;-;98.5	114;105517;106083;-;183.8	101;96045;96683;-;68.4	100;94240;96048;-;268.4	87;83087;85285;-;391.8	108;101836;102351;-;78.4	87;83087;85285;-;70.3	A	9/9	contiguous	22430	1	1	86301..86792-;163;TraS;0
NZ_CP146672.1	MPF_F	IncFII	73	0	0	GA	0															not_admitted	not_admitted	not_admitted	not_admitted	not_admitted	not_admitted	not_admitted	not_admitted	not_admitted	not_admitted	1	10;8877;9869;-;369.5	0;1725;3098;-;381.7	5;5028;5771;-;233.1	13;10878;13508;-;305.8		21;16751;18202;-;93.8	13;10878;13508;-;97.2	23;18917;19483;-;175.8	8;7895;8533;-;68.6	7;6048;7898;-;266.1	68;56988;59168;-;391.8	17;15132;15647;-;81.1	68;56988;59168;-;70.4	B	8/9	split_2	55263	0	1	
NZ_CP146674.1	-	-	47	0	0	GA	1	35;27579;28160;+;47.0		37;28602;28925;+;35.6	38;28927;31356;+;61.6	38;28927;31356;+;36.1	39;31586;32254;+;27.0	41;32758;33804;+;106.8		43;34005;34751;+;151.2	44;34748;35545;+;175.1	45;35535;36758;+;144.0		0;563;2596;+;263.5		pfam	pfam_only	B	6/7	canonical	1	0	unscoreable	4	0	0														not_admitted	not_admitted	not_admitted	not_admitted	not_admitted	not_admitted	not_admitted
NZ_CP146676.1	MPF_T	IncX4	56	0	0	GA	1	27;20010;20630;+;46.3	28;20644;20970;+;64.4	29;20989;23736;+;63.8	29;20989;23736;+;151.8	29;20989;23736;+;46.1	30;23748;24464;+;94.1	31;24476;25570;+;150.1		33;26085;26771;+;169.0	34;26768;27676;+;142.3	35;27669;28787;+;163.9	36;28789;29817;+;85.0	37;29849;31666;+;317.3		pfam	pfam_only	A	7/7	canonical	1	1	unscoreable	1	0	0														not_admitted	not_admitted	not_admitted	not_admitted	not_admitted	not_admitted	not_admitted
NZ_CP146677.1	MPF_T	IncX1	46	0	0	GA	1	13;13625;14272;-;46.4	12;13351;13647;-;77.5	11;10579;13332;-;46.6	11;10579;13332;-;148.0	11;10579;13332;-;75.3	10;9819;10568;-;67.5	8;8447;9508;-;135.0		7;7489;8202;-;120.0	6;6555;7484;-;133.8	5;5353;6558;-;132.5	4;4320;5351;-;79.2	3;2482;4317;-;488.0		pfam	pfam_only	A	7/7	canonical	1	1	unscoreable	1	0	0														not_admitted	not_admitted	not_admitted	not_admitted	not_admitted	not_admitted	not_admitted
NZ_CP146684.1	MPF_F	ColRNAI;IncFII	111	0	0	GA	0															not_admitted	not_admitted	not_admitted	not_admitted	not_admitted	not_admitted	not_admitted	not_admitted	not_admitted	not_admitted	1	109;101272;102264;-;369.5	92;91642;93015;-;381.7	99;95220;95963;-;232.0	1;535;3165;-;304.1	91;88823;91645;-;370.9	9;6431;7858;-;93.9	1;535;3165;-;97.1	11;8573;9139;-;174.3	104;98902;99540;-;70.1	101;96240;98090;-;272.0	87;84263;86551;-;391.0	5;4788;5303;-;81.8	87;84263;86551;-;70.2	A	9/9	split_2	100737	1	1	88305..88802-;165;TraS;0
NZ_CP146686.1	-	-	49	0	0	GA	1	19;15271;15852;-;46.5		17;14509;14832;-;35.4	16;12078;14507;-;61.6	16;12078;14507;-;36.1	15;11187;11855;-;27.0	13;9635;10681;-;107.3		11;8688;9434;-;151.2	10;7894;8691;-;175.1	9;6681;7904;-;141.7	8;5668;6681;-;111.6	7;3315;5348;-;258.2		pfam	pfam_only	A	7/7	canonical	1	0	unscoreable	4	0	0														not_admitted	not_admitted	not_admitted	not_admitted	not_admitted	not_admitted	not_admitted
NZ_CP146688.1	MPF_F	Col156;IncFIB(AP001918);IncFII(29);IncQ1	165	0	0	GA	0															not_admitted	not_admitted	not_admitted	not_admitted	not_admitted	not_admitted	not_admitted	not_admitted	not_admitted	not_admitted	1	124;98156;99148;+;369.5	136;105202;106575;+;381.7	129;102254;102997;+;233.1	121;94517;97147;+;304.0	137;106572;109394;+;388.5	114;89959;91386;+;93.9	121;94517;97147;+;99.3	112;88678;89244;+;183.1	126;99492;100130;+;68.6	127;100127;101977;+;271.9	141;111666;113981;+;391.0	117;92515;93030;+;74.0	141;111666;113981;+;70.2	A	9/9	contiguous	22988	1	1	109416..109895+;159;TraS;0
NZ_CP146751.1	MPF_T	rep33	40	0	0	GA	1				20;17008;19026;-;22.9									14;11406;12998;-;523.1		none	none	D	2/7	uncallable	0	0	unscoreable	5	0	0														not_admitted	not_admitted	not_admitted	not_admitted	not_admitted	not_admitted	not_admitted
NZ_CP146842.1	MPF_T	-	65	0	0	GA	1			62;48536;48853;-;62.3	61;45888;48536;-;104.2	61;45888;48536;-;87.5	60;45113;45886;-;105.5	58;43818;44849;-;123.7	57;43534;43725;-;48.3	56;42815;43537;-;128.0	55;41937;42815;-;150.8	46;35148;35747;-;165.4	45;34105;35136;-;80.8	41;28106;29644;+;47.1		pfam	both	A	7/7	canonical	1	0	ga	12	0	0														not_admitted	not_admitted	not_admitted	not_admitted	not_admitted	not_admitted	not_admitted
NZ_CP146941.1	MPF_F	IncFIB(AP001918);IncFII	146	0	0	GA	0															not_admitted	not_admitted	not_admitted	not_admitted	not_admitted	not_admitted	not_admitted	not_admitted	not_admitted	not_admitted	1	132;132848;133840;+;369.3	141;138899;140275;+;381.0	136;136569;137312;+;235.0	129;129212;131839;+;305.4	142;140272;143094;+;389.2	122;125626;127053;+;94.3	129;129212;131839;+;98.5	120;124345;124911;+;182.9	133;133849;134487;+;68.7	134;134484;136292;+;268.3	4;3659;5875;+;380.4	126;128181;128696;+;78.4	4;3659;5875;+;66.5	A	9/9	split_2	136613	1	1	143115..143612+;165;unnamed;0
NZ_CP146968.1	-	-	46	0	0	GA	1	15;11137;11673;-;50.1	29;25504;25866;-;62.0	28;25202;25495;-;43.7	27;22803;25205;-;76.2	27;22803;25205;-;98.3	26;22023;22781;-;50.7	24;20295;21815;-;100.3		23;19625;20317;-;133.1	22;18736;19608;-;174.6	20;17025;18317;-;211.2	6;4036;4980;-;129.4	18;14548;16488;-;323.6		conjscan	conjscan_only	A	7/7	canonical	1	0	unscoreable	14	0	0														not_admitted	not_admitted	not_admitted	not_admitted	not_admitted	not_admitted	not_admitted
NZ_CP146972.1	-	-	43	0	0	GA	1	23;20796;21332;+;50.1	9;6612;6974;+;62.0	10;6983;7276;+;43.7	11;7273;9675;+;76.3	11;7273;9675;+;98.3	12;9697;10455;+;50.7	14;10654;12174;+;104.9		15;12152;12844;+;133.1	16;12861;13733;+;174.6	18;14152;15444;+;211.2	32;27493;28437;+;127.5	20;15981;17921;+;323.6		conjscan	conjscan_only	A	7/7	canonical	1	0	unscoreable	14	0	0														not_admitted	not_admitted	not_admitted	not_admitted	not_admitted	not_admitted	not_admitted
NZ_CP146975.1	MPF_T	-	74	0	0	GA	0															not_admitted	not_admitted	not_admitted	not_admitted	not_admitted	not_admitted	not_admitted	not_admitted	not_admitted	not_admitted	1	50;37173;38186;+;368.0	55;41850;43226;+;322.6	53;40594;41367;+;186.2	37;27642;30254;+;209.9	56;43229;45964;+;278.7	35;25676;27208;+;90.4	37;27642;30254;+;94.2	33;24357;24923;+;129.7	51;38198;38770;+;94.8	52;38767;40593;+;251.3	58;46482;48608;+;387.8	36;27218;27628;+;37.1	58;46482;48608;+;70.4	A	9/9	contiguous	22125	0	1	
NZ_CP146976.1	-	-	60	0	0	GA	1	27;24134;24670;-;50.1	46;42623;42985;-;61.4	45;42321;42614;-;43.7	44;40822;42324;-;76.9	44;40822;42324;-;96.4	38;35023;35781;-;50.7	36;33292;34830;-;107.0		35;32622;33314;-;133.1	34;31733;32605;-;174.6	32;30022;31314;-;211.2	18;17029;18072;-;128.9	30;27545;29485;-;323.6		conjscan	conjscan_only	A	7/7	canonical	1	0	unscoreable	19	0	0														not_admitted	not_admitted	not_admitted	not_admitted	not_admitted	not_admitted	not_admitted
NZ_CP146992.1	-	-	84	0	0	GA	1	2;1116;1691;+;65.3	66;46233;46556;-;54.1	62;42889;43146;-;40.7	61;40344;42869;-;61.6	61;40344;42869;-;122.6	60;39623;40351;-;31.9	58;38319;39302;-;75.0		65;45517;46215;-;111.3	57;36891;38306;-;192.1	64;44114;45505;-;180.2	50;30628;32262;-;249.8	74;52760;54937;+;27.2		conjscan	conjscan_only	A	7/7	canonical	1	0	unscoreable	15	0	0														not_admitted	not_admitted	not_admitted	not_admitted	not_admitted	not_admitted	not_admitted
NZ_CP146994.1	MPF_F	IncFIB(pNDM-Mar);IncHI1B(pNDM-MAR)	253	0	0	GA	0															not_admitted	not_admitted	not_admitted	not_admitted	not_admitted	not_admitted	not_admitted	not_admitted	not_admitted	not_admitted	1	127;123224;124261;-;282.3	21;20783;22192;+;190.4	20;19756;20793;+;177.5	139;135093;137810;-;149.6	22;22194;26108;+;120.2	50;51784;53040;+;206.8	139;135093;137810;-;85.2	146;142939;143799;-;79.0	128;124258;125619;-;67.7	126;120032;123214;-;60.1	13;10432;12558;-;57.8	140;137855;138592;-;56.9	13;10432;12558;-;41.0	A	9/9	split_3	132507	0	1	
NZ_CP146995.1	MPF_F	IncFIB(pQil);IncFII(K)	129	0	0	GA	0															not_admitted	not_admitted	not_admitted	not_admitted	not_admitted	not_admitted	not_admitted	not_admitted	not_admitted	not_admitted	1	38;25315;26304;+;366.6	48;31851;33218;+;384.0	44;29841;30593;+;233.7	34;21233;23872;+;258.5	49;33218;36067;+;346.4	27;16616;18040;+;89.2	34;21233;23872;+;88.2	25;15323;15889;+;169.3	39;26317;26955;+;66.9	40;27014;28969;+;259.7	53;38529;40841;+;393.2	28;18154;18738;+;53.6	53;38529;40841;+;65.8	A	9/9	contiguous	23206	1	1	36070..36603+;177;unnamed;0
NZ_CP146996.1	MPF_F	IncFII(pHN7A8)	85	0	0	GA	0															not_admitted	not_admitted	not_admitted	not_admitted	not_admitted	not_admitted	not_admitted	not_admitted	not_admitted	not_admitted	1	3;4065;5057;+;369.5	16;11890;13263;+;376.8	11;9581;10324;+;234.4	0;429;3056;+;301.8	17;13260;16076;+;376.7	80;68795;70222;+;94.1	0;429;3056;+;101.8	78;67514;68080;+;183.8	6;6003;6641;+;70.4	9;7454;9304;+;265.0	21;18377;20593;+;391.7	84;71246;71761;+;78.0	21;18377;20593;+;70.3	A	9/9	split_2	70817	1	1	16109..16630+;173;unnamed;0
NZ_CP146998.1	MPF_T	IncI2	85	0	0	GA	1	81;63389;63871;-;81.1		11;13216;13500;-;36.6	10;10853;13210;-;58.8	10;10853;13210;-;44.9	21;19028;19672;-;41.0	22;19678;20673;-;123.7		8;9953;10687;-;144.3	7;9186;9956;-;170.4	6;8057;9196;-;154.7	84;65640;66248;-;115.0	4;5009;6967;-;287.4		pfam	pfam_only	A	7/7	rearranged	1	0	unscoreable	11	0	0														not_admitted	not_admitted	not_admitted	not_admitted	not_admitted	not_admitted	not_admitted
NZ_CP147031.1	-	IncFII(K);IncFII(pAR0022);IncR	93	0	0	GA	0															not_admitted	not_admitted	not_admitted	not_admitted	not_admitted	not_admitted	not_admitted	not_admitted	not_admitted	not_admitted	1	5;5970;6968;-;370.9	0;875;2239;-;352.8	2;2837;3610;-;208.9	8;8006;10627;-;214.6	92;74322;76304;-;48.0	11;11587;12918;-;86.5	8;8006;10627;-;89.2	13;13624;14199;-;87.7	4;5572;6000;-;63.5	3;3607;5544;-;232.0	90;71463;73595;-;375.4	9;10636;11166;-;32.9	90;71463;73595;-;65.2	A	9/9	split_2	73447	1	1	73750..74313-;187;unnamed;0
NZ_CP147033.1	MPF_T	IncFIB(AP001918);IncFIB(K)	113	0	0	GA	1	16;13896;14558;-;48.3	15;13586;13885;-;36.6	14;10826;13576;-;60.6	14;10826;13576;-;134.0	14;10826;13576;-;48.6	13;10091;10807;-;137.0	11;8770;9777;-;137.8		9;7874;8560;-;158.3	8;6988;7881;-;147.4	7;5795;6991;-;134.7	6;4742;5791;-;71.5	112;98304;100187;-;24.3		pfam	pfam_only	A	7/7	canonical	1	1	unscoreable	2	0	0														not_admitted	not_admitted	not_admitted	not_admitted	not_admitted	not_admitted	not_admitted
NZ_CP147037.1	MPF_T	IncX4	47	0	0	GA	1	6;6530;7150;-;46.3	5;6190;6516;-;64.4	4;3424;6171;-;63.8	4;3424;6171;-;151.8	4;3424;6171;-;46.1	3;2696;3412;-;94.1	2;1590;2684;-;150.1		0;389;1075;-;169.0	46;33310;33639;-;52.7	45;32199;33317;-;164.0	44;31169;32197;-;85.0	43;29320;31137;-;317.3		pfam	pfam_only	A	7/7	canonical	1	1	unscoreable	1	0	0														not_admitted	not_admitted	not_admitted	not_admitted	not_admitted	not_admitted	not_admitted
NZ_CP147039.1	MPF_F	IncFIB(AP001918);IncFII	146	0	0	GA	0															not_admitted	not_admitted	not_admitted	not_admitted	not_admitted	not_admitted	not_admitted	not_admitted	not_admitted	not_admitted	1	11;9819;10811;-;369.3	2;3384;4760;-;381.0	7;6347;7090;-;230.0	14;11820;14447;-;306.4	1;565;3387;-;389.0	21;16502;17929;-;94.3	14;11820;14447;-;98.5	23;18644;19210;-;183.3	10;9172;9810;-;68.7	9;7367;9175;-;267.9	144;137597;139795;-;391.7	17;14963;15478;-;77.7	144;137597;139795;-;70.3	A	9/9	split_2	137032	1	1	64..543-;159;TraS;0
NZ_CP147040.1	MPF_T	IncX1	63	0	0	GA	1	38;33518;34162;-;47.1	37;33244;33534;-;73.5	36;30461;33220;-;44.8	36;30461;33220;-;133.3	36;30461;33220;-;71.9	35;29722;30459;-;57.5	33;28385;29440;-;131.7		32;27473;28195;-;116.0	31;26538;27467;-;132.4	30;25327;26541;-;128.6	29;24272;25309;-;66.4	28;22432;24267;-;543.4		pfam	pfam_only	A	7/7	canonical	1	1	unscoreable	1	0	0														not_admitted	not_admitted	not_admitted	not_admitted	not_admitted	not_admitted	not_admitted
NZ_CP147049.1	MPF_F	IncFIB(AP001918);IncFIC(FII)	128	0	0	GA	0															not_admitted	not_admitted	not_admitted	not_admitted	not_admitted	not_admitted	not_admitted	not_admitted	not_admitted	not_admitted	1	31;25061;26053;+;369.3	42;31739;33112;+;378.0	35;28782;29525;+;234.1	28;21425;24052;+;306.8	43;33109;35931;+;389.5	22;17943;19370;+;94.3	28;21425;24052;+;98.5	20;16662;17228;+;183.8	32;26062;26700;+;68.4	33;26697;28505;+;268.4	46;37460;39613;+;391.9	26;20394;20909;+;78.4	46;37460;39613;+;70.4	A	9/9	contiguous	20798	1	1	35953..36444+;163;TraS;0
NZ_CP147052.1	MPF_T	IncFIB(K)	69	0	0	GA	1	43;39167;39829;-;48.3	42;38857;39156;-;36.6	41;36097;38847;-;60.6	41;36097;38847;-;134.0	41;36097;38847;-;48.6	40;35362;36078;-;137.0	38;34041;35048;-;137.8		36;33145;33831;-;158.3	35;32259;33152;-;147.4	34;31066;32262;-;134.7	33;30013;31062;-;71.5	26;23368;25275;-;24.3		pfam	pfam_only	A	7/7	canonical	1	1	unscoreable	8	0	0														not_admitted	not_admitted	not_admitted	not_admitted	not_admitted	not_admitted	not_admitted
NZ_CP147054.1	MPF_T	IncN	54	0	0	GA	1	19;15840;16574;-;32.5	17;15247;15540;-;28.7	16;14880;15197;-;63.3	15;12280;14880;-;111.8	15;12280;14880;-;76.8	14;11549;12262;-;97.1	12;10258;11298;-;153.6		11;9341;10039;-;131.9	10;8446;9330;-;159.0	9;7286;8446;-;154.9	8;6249;7244;-;81.2	48;35816;37345;+;38.5		pfam	both	A	7/7	canonical	1	0	unscoreable	2	0	0														not_admitted	not_admitted	not_admitted	not_admitted	not_admitted	not_admitted	not_admitted
NZ_CP147061.1	MPF_F	IncFII(pCoo)	99	0	0	GA	0															not_admitted	not_admitted	not_admitted	not_admitted	not_admitted	not_admitted	not_admitted	not_admitted	not_admitted	not_admitted	1	50;39961;40953;+;369.5	67;49210;50583;+;381.7	60;46262;47005;+;233.1	47;36325;38952;+;305.3	68;50580;53405;+;373.4	42;32747;34174;+;93.6	47;36325;38952;+;97.0	40;31466;32032;+;182.3	55;42685;43323;+;70.1	58;44135;45985;+;272.2	72;55647;58016;+;380.5	46;35295;35810;+;78.4	72;55647;58016;+;66.3	A	9/9	contiguous	24181	1	1	53402..53911+;169;unnamed;0
NZ_CP147064.1	MPF_T	IncN	81	0	0	GA	1	30;27034;27768;-;32.5		27;26074;26391;-;63.3	26;23474;26074;-;113.8	26;23474;26074;-;75.9	25;22743;23456;-;105.5	23;21452;22492;-;142.4		22;20535;21233;-;131.9	21;19640;20524;-;159.7	20;18480;19640;-;156.3	19;17443;18438;-;81.2	80;60769;62298;+;38.5		pfam	both	A	7/7	canonical	1	0	unscoreable	3	0	0														not_admitted	not_admitted	not_admitted	not_admitted	not_admitted	not_admitted	not_admitted
NZ_CP147066.1	MPF_F	IncFII	81	0	0	GA	0															not_admitted	not_admitted	not_admitted	not_admitted	not_admitted	not_admitted	not_admitted	not_admitted	not_admitted	not_admitted	1	27;20882;21874;+;369.5	37;27653;29026;+;381.7	32;24980;25723;+;234.4	24;17243;19873;+;304.1	38;29023;31845;+;374.0	16;12390;13841;+;94.2	24;17243;19873;+;96.8	14;11109;11675;+;174.3	29;22218;22856;+;68.6	30;22853;24703;+;266.1	42;34117;36396;+;391.0	19;14701;15216;+;78.4	42;34117;36396;+;70.3	A	9/9	contiguous	23008	1	1	31867..32346+;159;TraS;0
NZ_CP147070.1	MPF_F	IncFIB(AP001918);IncFIC(FII)	143	0	0	GA	0															not_admitted	not_admitted	not_admitted	not_admitted	not_admitted	not_admitted	not_admitted	not_admitted	not_admitted	not_admitted	1	60;55946;56938;+;369.3	71;62624;63997;+;378.0	64;59667;60410;+;234.1	57;52310;54937;+;306.8	72;63994;66816;+;389.5	51;48828;50255;+;94.3	57;52310;54937;+;98.5	49;47547;48113;+;183.8	61;56947;57585;+;68.4	62;57582;59390;+;268.4	75;68345;70498;+;391.9	55;51279;51794;+;78.4	75;68345;70498;+;70.4	A	9/9	contiguous	20798	1	1	66838..67329+;163;TraS;0
NZ_CP147071.1	MPF_F	IncFII(pRSB107)	82	0	0	GA	0															not_admitted	not_admitted	not_admitted	not_admitted	not_admitted	not_admitted	not_admitted	not_admitted	not_admitted	not_admitted	1	11;7662;8654;+;369.5	23;14708;16081;+;381.7	16;11760;12503;+;235.0	8;4023;6653;+;304.1	24;16078;18900;+;389.2	0;58;621;+;56.2	8;4023;6653;+;98.7	80;67206;67772;+;174.3	13;8998;9636;+;68.6	14;9633;11483;+;267.9	28;21172;23415;+;391.7	3;1481;1996;+;82.8	28;21172;23415;+;70.3	A	9/9	split_2	67148	1	1	18921..19418+;165;TraS;0
NZ_CP147076.1	MPF_F	IncFIA;IncFIB(AP001918);IncFII(pCoo)	137	0	0	GA	0															not_admitted	not_admitted	not_admitted	not_admitted	not_admitted	not_admitted	not_admitted	not_admitted	not_admitted	not_admitted	1	93;77813;78805;+;369.5	105;84859;86232;+;381.7	98;81911;82654;+;233.1	90;74174;76804;+;297.8	106;86229;89075;+;384.1	82;69323;70774;+;93.4	90;74174;76804;+;100.2	80;68042;68608;+;174.3	95;79149;79787;+;68.6	96;79784;81634;+;271.9	110;91317;93587;+;391.6	85;71634;72149;+;82.8	110;91317;93587;+;70.3	A	9/9	contiguous	23275	1	1	89072..89581+;169;unnamed;0
NZ_CP147077.1	MPF_T	IncI2(Delta)	71	0	0	GA	1	36;26546;27028;-;81.1		50;42100;42384;-;36.6	49;39737;42094;-;60.7	49;39737;42094;-;44.0	60;47898;48542;-;41.0	61;48548;49543;-;123.7		47;38837;39571;-;144.4	46;38070;38840;-;170.5	45;36941;38080;-;154.7	39;28797;30335;-;207.1	43;33893;35851;-;287.0		pfam	pfam_only	A	7/7	rearranged	1	0	unscoreable	14	0	0														not_admitted	not_admitted	not_admitted	not_admitted	not_admitted	not_admitted	not_admitted
NZ_CP147085.1	MPF_F	IncFIB(K);IncFII(Yp)	169	0	0	GA	0															not_admitted	not_admitted	not_admitted	not_admitted	not_admitted	not_admitted	not_admitted	not_admitted	not_admitted	not_admitted	1	116;120881;121867;-;368.4	108;114798;116168;-;377.1	112;117385;118134;-;218.2	119;122861;125491;-;285.5	107;111976;114798;-;336.5	125;127519;128913;-;90.9	119;122861;125491;-;98.6	127;129630;130196;-;169.9	115;120235;120864;-;66.9	114;118385;120238;-;257.4	102;107311;109485;-;384.9	124;126958;127497;-;64.9	102;107311;109485;-;63.9	A	9/9	contiguous	22319	1	1	111523..111954-;143;TraS;0
NZ_CP147088.1	MPF_T	IncX3	58	0	0	GA	1	26;21696;22340;-;46.4	25;21422;21712;-;73.1	24;18644;21397;-;47.0	24;18644;21397;-;142.4	24;18644;21397;-;73.3	23;17864;18634;-;60.1	21;16530;17585;-;133.2		20;15607;16335;-;119.4	19;14672;15601;-;138.8	18;13461;14675;-;128.3	16;12231;13265;-;65.7	15;10393;12228;-;495.9		pfam	pfam_only	A	7/7	canonical	1	1	unscoreable	2	0	0														not_admitted	not_admitted	not_admitted	not_admitted	not_admitted	not_admitted	not_admitted
NZ_CP147090.1	MPF_T	IncFII(pCRY)	37	0	0	GA	1	26;21125;21835;-;48.1	25;20823;21128;-;73.1	24;18072;20810;-;49.1	24;18072;20810;-;153.2	24;18072;20810;-;33.9	23;17347;18054;-;143.2	21;16020;17093;-;161.6		19;15115;15798;-;197.9	18;14210;15115;-;155.0	17;12916;14166;-;147.3	16;11901;12926;-;66.1	12;8310;10046;-;47.1		pfam	pfam_only	A	7/7	canonical	1	1	unscoreable	5	0	0														not_admitted	not_admitted	not_admitted	not_admitted	not_admitted	not_admitted	not_admitted
NZ_CP147096.1	MPF_T	IncI2(Delta)	82	0	0	GA	1	40;29485;29967;-;81.1	56;46020;46310;-;28.9	55;45629;45913;-;36.5	54;43266;45623;-;60.7	54;43266;45623;-;44.1	66;51057;51698;-;42.8	67;51704;52699;-;128.5		52;42366;43100;-;144.4	51;41599;42369;-;170.5	50;40470;41609;-;154.7	43;31735;33273;-;207.1	48;37350;39308;-;287.0		pfam	pfam_only	A	7/7	rearranged	1	0	unscoreable	15	1	0														not_admitted	not_admitted	not_admitted	not_admitted	not_admitted	not_admitted	not_admitted
NZ_CP147097.1	MPF_T	IncX1	54	0	0	GA	1	33;29693;30337;-;47.1	32;29419;29709;-;73.5	31;26636;29395;-;44.8	31;26636;29395;-;133.3	31;26636;29395;-;71.9	30;25897;26634;-;57.5	28;24560;25615;-;131.7		27;23648;24370;-;116.0	26;22713;23642;-;132.4	25;21502;22716;-;128.6	24;20447;21484;-;66.4	23;18607;20442;-;543.4		pfam	pfam_only	A	7/7	canonical	1	1	unscoreable	1	0	0														not_admitted	not_admitted	not_admitted	not_admitted	not_admitted	not_admitted	not_admitted
NZ_CP147110.1	MPF_F	IncFIB(K);IncFII(Yp);IncFII(pAR0022)	112	0	0	GA	0															not_admitted	not_admitted	not_admitted	not_admitted	not_admitted	not_admitted	not_admitted	not_admitted	not_admitted	not_admitted	1	56;63615;64601;-;368.4	48;57532;58902;-;376.7	52;60119;60868;-;218.2	59;65595;68225;-;285.5	47;54710;57532;-;336.5	65;70253;71647;-;90.9	59;65595;68225;-;98.6	67;72364;72930;-;169.9	55;62969;63598;-;66.9	54;61119;62972;-;257.4	44;51182;53374;-;384.8	64;69692;70231;-;64.9	44;51182;53374;-;63.9	A	9/9	contiguous	21182	1	1	54257..54688-;143;TraS;0
NZ_CP147111.1	MPF_T	IncP1	87	0	0	GA	1		55;46377;46760;-;68.7	54;46048;46374;-;50.6	53;43508;46051;-;96.2	53;43508;46051;-;106.9	48;39262;40032;-;100.7	47;37518;39122;-;120.3		52;42804;43511;-;92.3	51;41898;42788;-;153.7	49;40045;41439;-;220.3	56;46874;47830;-;135.2	22;18042;19988;+;441.2		conjscan	conjscan_only	A	7/7	canonical	1	0	unscoreable	2	0	0														not_admitted	not_admitted	not_admitted	not_admitted	not_admitted	not_admitted	not_admitted
NZ_CP147126.1	MPF_F	IncFIB(AP001918);IncFIC(FII)	148	0	0	GA	0															not_admitted	not_admitted	not_admitted	not_admitted	not_admitted	not_admitted	not_admitted	not_admitted	not_admitted	not_admitted	1	79;74326;75318;-;369.3	68;67267;68640;-;378.0	75;70854;71597;-;234.1	82;76327;78954;-;305.4	67;64448;67270;-;389.5	88;81009;82436;-;94.3	82;76327;78954;-;98.5	90;83151;83717;-;181.9	78;73679;74317;-;68.4	77;71874;73682;-;268.4	64;60766;62919;-;391.9	84;79470;79985;-;78.4	64;60766;62919;-;70.4	A	9/9	contiguous	22385	1	1	63935..64426-;163;TraS;0
NZ_CP147128.1	MPF_F	IncFII	81	0	0	GA	0															not_admitted	not_admitted	not_admitted	not_admitted	not_admitted	not_admitted	not_admitted	not_admitted	not_admitted	not_admitted	1	16;18835;19827;-;369.5	6;11683;13056;-;381.7	11;14986;15729;-;234.4	19;20836;23466;-;297.8	5;8864;11686;-;374.0	26;26734;28185;-;94.2	19;20836;23466;-;98.7	28;28900;29466;-;174.3	14;17853;18491;-;68.5	13;16006;17856;-;266.9	1;4376;6592;-;391.2	23;25359;25874;-;82.3	1;4376;6592;-;70.3	A	9/9	contiguous	24524	1	1	8363..8842-;159;TraS;0
NZ_CP147131.1	MPF_T	pKPC-CAV1321	406	0	0	GA	0															not_admitted	not_admitted	not_admitted	not_admitted	not_admitted	not_admitted	not_admitted	not_admitted	not_admitted	not_admitted	1	283;238716;239783;+;276.8	303;255694;257136;+;260.7	302;254597;255697;+;198.4	279;234122;236608;+;223.8	304;257151;260669;+;240.0	138;106095;107315;+;216.3	279;234122;236608;+;120.8	273;227588;228214;+;87.1	282;237406;238719;+;41.0	306;261105;263762;+;136.9	267;223064;225040;+;22.7	276;230891;231457;+;71.6	267;223064;225040;+;33.5	A	9/9	split_2	155010	0	1	
NZ_CP147133.1	MPF_T	IncX3	57	0	0	GA	1	26;21696;22340;-;46.4	25;21422;21712;-;73.1	24;18644;21397;-;47.0	24;18644;21397;-;142.4	24;18644;21397;-;73.3	23;17864;18634;-;60.1	21;16530;17585;-;133.2		20;15607;16335;-;119.4	19;14672;15601;-;138.8	18;13461;14675;-;128.3	16;12231;13265;-;65.7	15;10393;12228;-;495.9		pfam	pfam_only	A	7/7	canonical	1	1	unscoreable	2	0	0														not_admitted	not_admitted	not_admitted	not_admitted	not_admitted	not_admitted	not_admitted
NZ_CP147152.1	MPF_F	IncFII(pHN7A8);IncR	183	0	0	GA	0															not_admitted	not_admitted	not_admitted	not_admitted	not_admitted	not_admitted	not_admitted	not_admitted	not_admitted	not_admitted	1	60;48558;49550;+;369.5	73;56383;57756;+;376.8	68;54074;54817;+;234.4	57;44922;47549;+;301.8	74;57753;60569;+;376.7	52;41440;42867;+;94.1	57;44922;47549;+;101.8	50;40159;40725;+;183.8	63;50496;51134;+;70.4	66;51947;53797;+;265.0	78;62870;65095;+;391.7	56;43891;44406;+;77.6	78;62870;65095;+;70.3	A	9/9	contiguous	22711	1	1	60602..61123+;173;unnamed;0
NZ_CP147156.1	MPF_F	IncFII(pHN7A8);IncR	194	0	0	GA	0															not_admitted	not_admitted	not_admitted	not_admitted	not_admitted	not_admitted	not_admitted	not_admitted	not_admitted	not_admitted	1	71;58148;59140;+;369.5	84;65973;67346;+;376.8	79;63664;64407;+;234.4	68;54512;57139;+;301.8	85;67343;70159;+;376.7	63;51030;52457;+;94.1	68;54512;57139;+;101.8	61;49749;50315;+;183.8	74;60086;60724;+;70.4	77;61537;63387;+;265.0	89;72460;74685;+;391.7	67;53481;53996;+;77.6	89;72460;74685;+;70.3	A	9/9	contiguous	22711	1	1	70192..70713+;173;unnamed;0
NZ_CP147160.1	MPF_F	IncFII(K);repB(R1701)	133	0	0	GA	0															not_admitted	not_admitted	not_admitted	not_admitted	not_admitted	not_admitted	not_admitted	not_admitted	not_admitted	not_admitted	1	76;64312;65301;-;366.6	66;57398;58765;-;384.0	70;60023;60775;-;233.7	80;66744;69383;-;258.5	65;54549;57398;-;346.4	87;72576;74000;-;89.2	80;66744;69383;-;88.2	89;74727;75293;-;169.3	75;63661;64299;-;66.9	74;61647;63602;-;259.7	61;49775;52087;-;393.1	86;71878;72462;-;53.6	61;49775;52087;-;66.6	A	9/9	contiguous	24952	1	1	54013..54546-;177;unnamed;0
NZ_CP147166.1	MPF_F	IncFII(pHN7A8);IncR	189	0	0	GA	0															not_admitted	not_admitted	not_admitted	not_admitted	not_admitted	not_admitted	not_admitted	not_admitted	not_admitted	not_admitted	1	66;53402;54394;+;369.5	79;61227;62600;+;376.8	74;58918;59661;+;234.4	63;49766;52393;+;301.8	80;62597;65413;+;376.7	58;46284;47711;+;94.1	63;49766;52393;+;101.8	56;45003;45569;+;183.8	69;55340;55978;+;70.4	72;56791;58641;+;265.0	84;67714;69939;+;391.7	62;48735;49250;+;77.6	84;67714;69939;+;70.3	A	9/9	contiguous	22711	1	1	65446..65967+;173;unnamed;0
NZ_CP147171.1	MPF_F	IncFII(pHN7A8);repB(R1701)	141	0	0	GA	0															not_admitted	not_admitted	not_admitted	not_admitted	not_admitted	not_admitted	not_admitted	not_admitted	not_admitted	not_admitted	1	79;59370;60362;+;369.5			76;55734;58361;+;301.8		71;52252;53679;+;94.1	76;55734;58361;+;101.8	69;50971;51537;+;183.8			76;55734;58361;+;20.8	75;54703;55218;+;77.6		D	4/9	contiguous	8399	0	0	
NZ_CP147175.1	MPF_F	IncFII(pHN7A8)	186	0	0	GA	0															not_admitted	not_admitted	not_admitted	not_admitted	not_admitted	not_admitted	not_admitted	not_admitted	not_admitted	not_admitted	1	45;34647;35639;-;369.5	32;26441;27814;-;376.8	37;29380;30123;-;234.4	48;36648;39275;-;301.8	31;26178;26444;-;55.9	53;41330;42757;-;94.1	48;36648;39275;-;101.8	55;43472;44038;-;183.8	42;33063;33701;-;70.4	39;30400;32250;-;265.0	48;36648;39275;-;20.8	49;39791;40306;-;77.6		A	9/9	contiguous	17294	0	1	
NZ_CP147180.1	MPF_F	IncFII(pHN7A8);IncR	189	0	0	GA	0															not_admitted	not_admitted	not_admitted	not_admitted	not_admitted	not_admitted	not_admitted	not_admitted	not_admitted	not_admitted	1	66;53402;54394;+;369.5	79;61227;62600;+;376.8	74;58918;59661;+;234.4	63;49766;52393;+;301.8	80;62597;65413;+;376.7	58;46284;47711;+;94.1	63;49766;52393;+;101.8	56;45003;45569;+;183.8	69;55340;55978;+;70.4	72;56791;58641;+;265.0	84;67714;69939;+;391.7	62;48735;49250;+;77.6	84;67714;69939;+;70.3	A	9/9	contiguous	22711	1	1	65446..65967+;173;unnamed;0
NZ_CP147491.1	MPF_T	-	53	0	0	GA	1				2;2882;4897;-;23.6									50;48788;50338;-;461.2		none	none	D	2/7	uncallable	0	0	unscoreable	0	0	0														not_admitted	not_admitted	not_admitted	not_admitted	not_admitted	not_admitted	not_admitted
NZ_CP147496.1	MPF_T	-	54	0	0	GA	1				8;6440;8425;+;24.5									14;12438;13964;+;466.1		none	none	D	2/7	uncallable	0	0	unscoreable	5	0	0														not_admitted	not_admitted	not_admitted	not_admitted	not_admitted	not_admitted	not_admitted
NZ_CP147513.1	-	-	30	0	0	GA	1	2;587;1291;+;42.3	3;1316;1657;+;44.7	4;1657;2028;+;46.2	5;1976;4429;+;92.4	5;1976;4429;+;34.1	6;4455;5117;+;89.0	7;5133;6080;+;125.1		10;6594;7349;+;151.4	11;7352;8179;+;164.1	12;8192;9514;+;180.3	13;9471;10625;+;90.5	14;10622;12715;+;364.8		pfam	both	A	7/7	canonical	1	0	unscoreable	2	0	0														not_admitted	not_admitted	not_admitted	not_admitted	not_admitted	not_admitted	not_admitted
NZ_CP147515.1	MPF_F	repFIB;repHI5B	323	0	0	GA	0															not_admitted	not_admitted	not_admitted	not_admitted	not_admitted	not_admitted	not_admitted	not_admitted	not_admitted	not_admitted	1	227;194476;195513;+;282.2	26;26586;28028;+;188.4	25;25592;26629;+;172.4	216;180890;183607;+;143.5	27;28003;31968;+;117.7	212;177400;178767;+;63.7	216;180890;183607;+;80.6	209;174885;175745;+;73.9	226;193118;194479;+;71.7	228;195528;198704;+;58.7	18;16237;18363;-;62.0	215;180104;180841;+;56.3	18;16237;18363;-;39.7	A	9/9	split_2	179291	0	1	
NZ_CP147516.1	MPF_F	IncFIB(K);IncFII(K)	206	0	0	GA	0															not_admitted	not_admitted	not_admitted	not_admitted	not_admitted	not_admitted	not_admitted	not_admitted	not_admitted	not_admitted	1	154;160855;161847;-;366.6	144;153971;155338;-;381.2	148;156595;157347;-;232.2	157;162873;165512;-;259.3	143;151122;153971;-;346.5	165;169098;170522;-;88.1	157;162873;165512;-;88.8	167;171249;171815;-;165.0	153;160204;160842;-;67.0	152;158190;160145;-;259.2	139;146997;149306;-;392.7	163;167911;168468;-;52.5	139;146997;149306;-;66.6	A	9/9	contiguous	24252	1	1	150589..151119-;176;unnamed;0
NZ_CP147523.1	MPF_T	IncX10	49	0	0	GA	1	35;22045;22689;+;47.4	36;22673;22963;+;71.9	37;22988;25741;+;47.0	37;22988;25741;+;148.7	37;22988;25741;+;72.0	38;25751;26521;+;59.7	40;26800;27855;+;134.8		41;28050;28778;+;118.5	42;28784;29713;+;139.9	43;29710;30924;+;128.3	45;31120;32154;+;65.5	46;32157;33992;+;497.4		pfam	pfam_only	A	7/7	canonical	1	1	unscoreable	2	0	0														not_admitted	not_admitted	not_admitted	not_admitted	not_admitted	not_admitted	not_admitted
NZ_CP147528.1	MPF_F	IncFIA;IncFIB(AP001918);IncFII(pRSB107)	137	0	0	GA	0															not_admitted	not_admitted	not_admitted	not_admitted	not_admitted	not_admitted	not_admitted	not_admitted	not_admitted	not_admitted	1	81;72202;73194;+;369.5	8;4654;6027;+;386.6	0;154;744;+;213.2	78;68566;71193;+;303.9	9;6024;8843;+;386.3	72;65230;66681;+;94.1	78;68566;71193;+;96.5	70;63949;64515;+;184.3	83;73538;74176;+;68.7	84;74173;76023;+;266.7	13;11101;13326;+;391.7	75;67535;68050;+;75.2	13;11101;13326;+;70.3	A	9/9	split_2	74019	1	1	8868..9359+;163;TraS;0
NZ_CP147531.1	MPF_F	IncFIA;IncFIB(AP001918)	103	0	0	GA	0															not_admitted	not_admitted	not_admitted	not_admitted	not_admitted	not_admitted	not_admitted	not_admitted	not_admitted	not_admitted	1	19;13555;14547;-;369.5			22;15556;18183;-;303.9		28;20068;21519;-;94.1	22;15556;18183;-;96.5	30;22234;22800;-;184.3	17;12573;13211;-;68.7	16;10726;12576;-;266.7	22;15556;18183;-;21.8	25;18699;19214;-;75.2		C	6/9	contiguous	11508	0	1	
NZ_CP147543.1	MPF_F	IncFIB(K);IncFII(K)	164	0	0	GA	0															not_admitted	not_admitted	not_admitted	not_admitted	not_admitted	not_admitted	not_admitted	not_admitted	not_admitted	not_admitted	1	142;132374;133366;+;366.6	152;138883;140250;+;381.2	148;136874;137626;+;232.2	139;128709;131348;+;259.3	153;140250;143099;+;346.5	129;123459;124883;+;88.4	139;128709;131348;+;88.8	127;122166;122732;+;167.0	143;133379;134017;+;67.0	144;134076;136031;+;258.5	157;144915;147224;+;392.7	131;125519;126076;+;52.7	157;144915;147224;+;66.6	A	9/9	contiguous	22749	1	1	143102..143632+;176;unnamed;0
NZ_CP147544.1	MPF_F	IncFII(K);IncFII(pAR0022);IncR	191	0	0	GA	0															not_admitted	not_admitted	not_admitted	not_admitted	not_admitted	not_admitted	not_admitted	not_admitted	not_admitted	not_admitted	1	162;135910;136902;+;366.6	172;142396;143787;+;381.2	168;140410;141162;+;232.4	159;132245;134884;+;259.3	173;143787;146609;+;346.6	20;18377;19537;-;156.3	159;132245;134884;+;88.7	145;124637;125203;+;167.0	163;136915;137553;+;67.0	164;137612;139567;+;258.5	178;148577;150889;+;393.1	149;127990;128547;+;52.7	178;148577;150889;+;66.6	A	9/9	split_2	130200	1	1	146633..147235+;200;TraS;0
NZ_CP147547.1	MPF_F	IncFII(K);IncFII(pAR0022);IncR	192	0	0	GA	0															not_admitted	not_admitted	not_admitted	not_admitted	not_admitted	not_admitted	not_admitted	not_admitted	not_admitted	not_admitted	1	173;147828;148820;+;366.6	183;154337;155704;+;381.2	179;152328;153080;+;232.4	170;144163;146802;+;259.3	184;155704;158526;+;346.6	31;30296;31456;-;156.3	170;144163;146802;+;88.7	156;136555;137121;+;167.0	174;148833;149471;+;67.0	175;149530;151485;+;258.5		160;139908;140465;+;52.7		A	9/9	split_2	125408	1	1	158550..159152+;200;TraS;0
NZ_CP147548.1	MPF_F	IncFIB(K);IncFII(K)	166	0	0	GA	0															not_admitted	not_admitted	not_admitted	not_admitted	not_admitted	not_admitted	not_admitted	not_admitted	not_admitted	not_admitted	1	26;30333;31325;-;366.6	16;23449;24816;-;381.2	20;26073;26825;-;232.2	29;32351;34990;-;259.3	15;20600;23449;-;346.5	39;38816;40240;-;88.4	29;32351;34990;-;88.8	41;40967;41533;-;167.0	25;29682;30320;-;67.0	24;27668;29623;-;258.5	11;16475;18784;-;392.7	37;37623;38180;-;52.7	11;16475;18784;-;66.6	A	9/9	contiguous	24492	1	1	20067..20597-;176;unnamed;0
NZ_CP147552.1	MPF_F	Col156;IncFIB(AP001918);IncFII	152	0	0	GA	0															not_admitted	not_admitted	not_admitted	not_admitted	not_admitted	not_admitted	not_admitted	not_admitted	not_admitted	not_admitted	1	53;40730;41722;+;369.5	68;49190;50563;+;381.7	61;46242;46985;+;234.4	50;37091;39721;+;297.8	69;50560;53379;+;373.5	43;32372;33823;+;93.8	50;37091;39721;+;99.0	41;31091;31657;+;174.3	56;42665;43303;+;70.8	59;44115;45965;+;270.8	73;55649;57946;+;391.6	46;34683;35198;+;82.8	73;55649;57946;+;70.3	A	9/9	contiguous	24558	1	1	53404..53895+;163;TraS;0
NZ_CP147554.1	MPF_F	Col156;IncFIB(AP001918);IncFII	151	0	0	GA	0															not_admitted	not_admitted	not_admitted	not_admitted	not_admitted	not_admitted	not_admitted	not_admitted	not_admitted	not_admitted	1	93;88412;89404;-;369.5	78;79571;80944;-;381.7	85;83149;83892;-;234.4	96;90413;93043;-;297.8	77;76755;79574;-;373.5	103;96311;97762;-;93.8	96;90413;93043;-;99.0	105;98477;99043;-;174.3	90;86831;87469;-;70.8	87;84169;86019;-;270.8	73;72188;74485;-;391.6	100;94936;95451;-;82.8	73;72188;74485;-;70.3	A	9/9	contiguous	26289	1	1	76239..76730-;163;TraS;0
NZ_CP147569.1	MPF_F	Col156;IncFIB(AP001918);IncFII(29)	163	0	0	GA	0															not_admitted	not_admitted	not_admitted	not_admitted	not_admitted	not_admitted	not_admitted	not_admitted	not_admitted	not_admitted	1	39;30296;31288;+;369.5	51;37342;38715;+;381.7	44;34394;35137;+;233.1	36;26657;29287;+;304.0	52;38712;41534;+;388.5	29;22099;23526;+;93.9	36;26657;29287;+;99.3	27;20818;21384;+;183.1	41;31632;32270;+;68.6	42;32267;34117;+;271.9	56;43806;46103;+;391.0	32;24655;25170;+;74.0	56;43806;46103;+;70.2	A	9/9	contiguous	22988	1	1	41556..42035+;159;TraS;0
NZ_CP147579.1	MPF_F	Col156;IncFIB(AP001918);IncFII(29)	139	0	0	GA	0															not_admitted	not_admitted	not_admitted	not_admitted	not_admitted	not_admitted	not_admitted	not_admitted	not_admitted	not_admitted	1	125;112194;113009;+;296.5	46;49097;50470;-;379.9	53;52675;53418;-;233.1	122;108555;111185;+;304.0	45;46278;49100;-;388.5	115;103997;105424;+;93.9	122;108555;111185;+;99.3	113;102716;103282;+;183.1	56;55542;56180;-;68.6	55;53695;55545;-;271.9	41;41799;44006;-;391.2	118;106553;107068;+;73.9	41;41799;44006;-;70.3	A	9/9	split_2	70395	1	1	45777..46256-;159;TraS;0
NZ_CP147583.1	MPF_F	IncFII(pSE11)	69	0	0	GA	0															not_admitted	not_admitted	not_admitted	not_admitted	not_admitted	not_admitted	not_admitted	not_admitted	not_admitted	not_admitted	1	44;37453;38445;-;369.5	30;29356;30729;-;386.0	37;32934;33677;-;234.4	47;39454;42084;-;297.8	29;26534;29359;-;386.5	55;45529;46956;-;93.9	47;39454;42084;-;98.7	57;47671;48237;-;174.3	42;36471;37109;-;68.6	39;33954;35759;-;267.0	25;22049;24292;-;382.0	52;44130;44645;-;78.4	25;22049;24292;-;66.8	A	9/9	contiguous	25622	1	1	26028..26537-;169;unnamed;0
NZ_CP147588.1	MPF_F	Col156;IncFIB(AP001918);IncFII(29)	139	0	0	GA	0															not_admitted	not_admitted	not_admitted	not_admitted	not_admitted	not_admitted	not_admitted	not_admitted	not_admitted	not_admitted	1	125;112194;113009;+;296.5	46;49097;50470;-;379.9	53;52675;53418;-;233.1	122;108555;111185;+;304.0	45;46278;49100;-;388.5	115;103997;105424;+;93.9	122;108555;111185;+;99.3	113;102716;103282;+;183.1	56;55542;56180;-;68.6	55;53695;55545;-;271.9	41;41799;44006;-;391.2	118;106553;107068;+;73.9	41;41799;44006;-;70.3	A	9/9	split_2	70395	1	1	45777..46256-;159;TraS;0
NZ_CP147592.1	MPF_F	IncFIB(pNDM-Mar);IncHI1B(pNDM-MAR)	343	1	1	GA	1		183;180811;181197;-;89.6	182;180545;180814;-;32.5	181;178082;180532;-;37.9	181;178082;180532;-;125.2	180;177342;178085;-;226.2	178;175639;177006;-;179.3		177;174916;175620;-;235.7	176;173927;174919;-;223.1	175;172641;173924;-;206.6	184;181184;182263;-;118.3	186;182733;184730;-;345.5	4;7296;10478;+;60.1	conjscan	conjscan_only	A	7/7	canonical	1	0	unscoreable	3	0	1	3;6249;7286;+;282.3	137;137447;138856;-;189.4	138;138846;139883;-;175.6	333;303228;305945;+;148.7	136;133531;137445;-;121.2	175;172641;173924;-;206.6	333;303228;305945;+;85.2	324;296173;297033;+;79.0	2;4891;6252;+;69.9	4;7296;10478;+;60.1	186;182733;184730;-;101.4	332;302446;303183;+;56.9	186;182733;184730;-;98.9	A	9/9	split_4	298337	0	1	
NZ_CP147593.1	MPF_F	-	49	0	0	GA	0															not_admitted	not_admitted	not_admitted	not_admitted	not_admitted	not_admitted	not_admitted	not_admitted	not_admitted	not_admitted	1	26;15982;16971;+;363.9	36;22591;23202;+;222.6	32;20581;21333;+;236.4	21;11885;13666;+;259.6	39;24164;26809;+;302.4	11;6528;7952;+;88.0	21;11885;13666;+;45.1	8;5233;5799;+;167.9	28;17247;17894;+;67.2	29;17953;19911;+;256.2	43;28621;30930;+;392.8	13;8524;9108;+;52.0	43;28621;30930;+;65.8	A	9/9	contiguous	23388	1	1	26812..27342+;176;unnamed;0
NZ_CP147600.1	MPF_F	IncFIB(pNDM-Mar);IncHI1B(pNDM-MAR)	347	1	1	GA	1		77;57887;58273;+;89.6	78;58270;58539;+;32.5	79;58552;61002;+;37.9	79;58552;61002;+;125.2	80;60999;61742;+;226.2	82;62078;63445;+;179.3		83;63464;64168;+;235.7	84;64165;65157;+;223.1	85;65160;66443;+;206.6	76;56821;57900;+;118.3	74;54354;56351;+;345.5	258;229672;232854;-;60.1	conjscan	conjscan_only	A	7/7	canonical	1	0	unscoreable	3	0	1	259;232864;233901;-;282.3	123;100228;101637;+;189.4	122;99201;100238;+;175.6	272;244733;247450;-;148.7	124;101639;105553;+;121.2	85;65160;66443;+;206.6	272;244733;247450;-;85.2	281;253645;254505;-;79.0	260;233898;235259;-;69.9	258;229672;232854;-;60.1	74;54354;56351;+;101.4	273;247495;248232;-;56.9	74;54354;56351;+;98.9	A	9/9	split_3	199291	0	1	
NZ_CP147602.1	-	-	50	0	0	GA	1	47;39832;40539;+;34.8	48;40520;40858;+;27.9	49;40869;41267;+;28.1	0;1;2385;+;71.7		2;2639;3307;+;50.6	4;3664;4629;+;121.0		5;4962;5783;+;138.6	6;5780;6601;+;146.0	8;6889;8235;+;140.0	9;8245;9279;+;62.1	12;10311;11897;+;264.3		pfam	pfam_only	A	7/7	canonical	1	0	unscoreable	5	0	0														not_admitted	not_admitted	not_admitted	not_admitted	not_admitted	not_admitted	not_admitted
NZ_CP147609.1	MPF_F	Col156;IncFIB(AP001918);IncFII(pHN7A8);IncFII(pRSB107)	119	0	0	GA	0															not_admitted	not_admitted	not_admitted	not_admitted	not_admitted	not_admitted	not_admitted	not_admitted	not_admitted	not_admitted	1	117;106074;107066;+;369.5	9;5711;7084;+;381.7	3;2763;3506;+;234.4	114;102435;105065;+;297.8	10;7081;9906;+;372.8	107;97984;99435;+;93.8	114;102435;105065;+;100.0	105;96703;97269;+;174.3	0;1;639;+;68.6	1;636;2486;+;267.6	14;12148;14481;+;391.5	110;100295;100810;+;82.8	14;12148;14481;+;70.2	A	9/9	split_2	106073	1	1	9903..10412+;169;unnamed;0
NZ_CP147610.1	MPF_F	-	58	0	0	GA	0															not_admitted	not_admitted	not_admitted	not_admitted	not_admitted	not_admitted	not_admitted	not_admitted	not_admitted	not_admitted	1	40;33144;34136;+;369.5	51;40190;41563;+;381.7	45;37242;37985;+;234.4	37;29676;32135;+;265.9	52;41560;44385;+;372.8	30;25188;26360;+;58.7	37;29676;32135;+;100.4	28;23907;24473;+;174.3	42;34480;35118;+;68.6	43;35115;36965;+;267.6	56;46627;48960;+;391.5	33;27500;28015;+;82.8	56;46627;48960;+;70.2	A	9/9	contiguous	22720	1	1	44382..44891+;169;unnamed;0
NZ_CP147612.1	MPF_F	Col156;IncFIB(AP001918);IncFII(pRSB107)	120	0	0	GA	0															not_admitted	not_admitted	not_admitted	not_admitted	not_admitted	not_admitted	not_admitted	not_admitted	not_admitted	not_admitted	1	73;60388;61380;+;369.5	84;67433;68806;+;381.7	78;64486;65229;+;234.4	70;56749;59379;+;297.8	85;68803;70539;+;374.7	63;52287;53738;+;93.8	70;56749;59379;+;100.0	61;51006;51572;+;174.3	75;61724;62362;+;68.6	76;62359;64209;+;267.6	90;73871;76249;+;391.5	66;54605;55123;+;78.6	90;73871;76249;+;70.2	A	9/9	contiguous	22865	1	1	70557..71627+;356;unnamed;0
NZ_CP147613.1	MPF_F	IncFII	81	0	0	GA	0															not_admitted	not_admitted	not_admitted	not_admitted	not_admitted	not_admitted	not_admitted	not_admitted	not_admitted	not_admitted	1	63;50996;51988;+;369.5	74;58042;59415;+;381.7	68;55094;55837;+;234.4	60;47357;49987;+;297.8	75;59412;62237;+;372.8	53;42906;44357;+;93.8	60;47357;49987;+;100.0	51;41625;42191;+;174.3	65;52332;52970;+;68.6	66;52967;54817;+;267.6	79;64479;66857;+;391.5	56;45217;45732;+;82.8	79;64479;66857;+;70.2	A	9/9	contiguous	22854	1	1	62234..62743+;169;unnamed;0
NZ_CP147615.1	MPF_F	Col156;IncFIA;IncFIB(AP001918);IncFII	161	0	0	GA	0															not_admitted	not_admitted	not_admitted	not_admitted	not_admitted	not_admitted	not_admitted	not_admitted	not_admitted	not_admitted	1	107;87945;88937;+;367.4	118;94623;95996;+;380.9	111;91666;92409;+;235.0	104;84309;86936;+;305.4	119;95993;98818;+;385.9	98;80827;82254;+;94.3	104;84309;86936;+;98.5	96;79546;80112;+;183.8	108;88946;89584;+;68.6	109;89581;91389;+;268.3	122;100321;102519;+;391.3	102;83278;83793;+;78.4	122;100321;102519;+;70.4	A	9/9	contiguous	20775	1	1	98815..99324+;169;unnamed;0
NZ_CP147617.1	MPF_F	Col156;IncFIA;IncFIB(AP001918);IncFII	192	0	0	GA	0															not_admitted	not_admitted	not_admitted	not_admitted	not_admitted	not_admitted	not_admitted	not_admitted	not_admitted	not_admitted	1	111;94914;95906;+;367.4	122;101592;102965;+;380.9	115;98635;99378;+;235.0	108;91278;93905;+;305.4	123;102962;105787;+;385.9	102;87796;89223;+;94.3	108;91278;93905;+;98.5	100;86515;87081;+;183.8	112;95915;96553;+;68.6	113;96550;98358;+;268.3	126;107290;109479;+;391.3	106;90247;90762;+;78.4	126;107290;109479;+;70.4	A	9/9	contiguous	20775	1	1	105784..106293+;169;unnamed;0
NZ_CP147628.1	MPF_F	IncFIA(pBK30683);IncFIB(K);IncFII(K)	275	0	0	GA	0															not_admitted	not_admitted	not_admitted	not_admitted	not_admitted	not_admitted	not_admitted	not_admitted	not_admitted	not_admitted	1	145;125157;126149;+;366.6	155;131600;132970;+;381.2	151;129646;130398;+;232.4	142;121492;124131;+;258.7	156;132970;135819;+;344.2	133;116253;117677;+;89.2	142;121492;124131;+;88.8	131;114960;115526;+;167.0	146;126162;126800;+;67.0	147;126797;128803;+;259.0	160;137633;139942;+;393.2	135;118289;118858;+;49.7	160;137633;139942;+;65.8	A	9/9	contiguous	22673	1	1	135822..136352+;176;unnamed;0
NZ_CP147630.1	MPF_T	IncX3	65	0	0	GA	1	29;20014;20658;+;46.4	30;20642;20932;+;73.1	31;20957;23710;+;47.0	31;20957;23710;+;145.4	31;20957;23710;+;73.3	32;23720;24490;+;60.1	34;24769;25824;+;133.2		35;26019;26519;+;79.9	37;26752;27681;+;138.8	38;27678;28892;+;128.3	40;29088;30122;+;65.7	41;30125;31960;+;495.9		pfam	pfam_only	A	7/7	canonical	1	1	unscoreable	2	0	0														not_admitted	not_admitted	not_admitted	not_admitted	not_admitted	not_admitted	not_admitted
NZ_CP147633.1	-	IncFIA(HI1);IncFII(K);IncFII(pAR0022)	133	0	0	GA	0															not_admitted	not_admitted	not_admitted	not_admitted	not_admitted	not_admitted	not_admitted	not_admitted	not_admitted	not_admitted	1	36;38784;39782;-;370.2	31;33692;35056;-;350.2	33;35651;36421;-;204.8	39;40820;43441;-;216.9	30;30819;33689;-;243.4	42;44401;45732;-;85.3	39;40820;43441;-;92.2	44;46438;47013;-;87.7	35;38386;38814;-;64.0	34;36421;38358;-;231.2	27;27988;30120;-;376.5	40;43450;43980;-;34.9	27;27988;30120;-;67.6	A	9/9	contiguous	18450	1	1	30532..30810-;92;unnamed;0
NZ_CP147639.1	-	IncFIA(HI1);IncFII(K);IncFII(pAR0022)	132	0	0	GA	0															not_admitted	not_admitted	not_admitted	not_admitted	not_admitted	not_admitted	not_admitted	not_admitted	not_admitted	not_admitted	1	35;38788;39786;-;370.2	30;33696;35060;-;350.2	32;35655;36425;-;204.8	38;40824;43445;-;216.9	29;30823;33693;-;243.4	41;44405;45736;-;85.3	38;40824;43445;-;92.2	43;46442;47017;-;87.7	34;38390;38818;-;64.0	33;36425;38362;-;231.2	27;27988;30120;-;376.5	39;43454;43984;-;34.9	27;27988;30120;-;67.6	A	9/9	contiguous	18454	1	1	30251..30814-;187;unnamed;0
NZ_CP147666.1	MPF_F	-	99	0	0	GA	0															not_admitted	not_admitted	not_admitted	not_admitted	not_admitted	not_admitted	not_admitted	not_admitted	not_admitted	not_admitted	1	82;55419;56462;+;369.2	87;60441;61868;+;325.8	85;59231;60043;+;219.1	78;51131;53857;+;164.6	88;61884;64886;+;208.7	74;48133;49449;+;102.7	78;51131;53857;+;108.4	72;46842;47420;+;82.6	83;56477;57184;+;107.6	84;57181;59238;+;92.2	54;34122;36281;+;381.4	77;50477;51121;+;41.9	54;34122;36281;+;89.7	A	9/9	contiguous	27762	1	1	64958..65476+;172;unnamed;0
NZ_CP147669.1	MPF_F	IncFIB(K);IncFII(Yp);IncFII(pAR0022)	134	0	0	GA	0															not_admitted	not_admitted	not_admitted	not_admitted	not_admitted	not_admitted	not_admitted	not_admitted	not_admitted	not_admitted	1	83;76840;77826;-;368.4	75;70757;72127;-;377.1	79;73344;74093;-;218.2	86;78820;81450;-;285.5	74;67935;70757;-;336.5	92;83478;84872;-;90.9	86;78820;81450;-;98.6	94;85589;86155;-;169.9	82;76194;76823;-;66.9	81;74344;76197;-;257.4	71;64371;66599;-;384.8	91;82917;83456;-;64.9	71;64371;66599;-;63.9	A	9/9	contiguous	21218	1	1	67482..67913-;143;TraS;0
NZ_CP147709.1	MPF_T	-	205	0	0	GA	1		148;144020;144400;+;75.8	149;144393;144692;+;60.8	150;144702;145835;+;90.3	150;144702;145835;+;129.1	152;147116;147934;+;51.5	153;147928;149115;+;104.1		154;149131;149793;+;130.9	155;149811;150635;+;187.9	157;151118;152413;+;221.8	147;143062;144030;+;132.1	187;179941;181920;-;518.4		conjscan	conjscan_only	A	7/7	canonical	1	0	unscoreable	3	0	0														not_admitted	not_admitted	not_admitted	not_admitted	not_admitted	not_admitted	not_admitted
NZ_CP147712.1	MPF_T	-	134	0	0	GA	1		107;130019;130399;+;75.9	108;130392;130691;+;58.6	109;130701;133154;+;165.5	109;130701;133154;+;128.4	110;133126;133944;+;51.5	111;133938;135116;+;105.4		112;135132;135794;+;130.9	113;135812;136636;+;187.7	115;137119;138414;+;221.8	106;129061;130029;+;132.1	70;89391;91370;+;516.9		conjscan	conjscan_only	A	7/7	canonical	1	0	unscoreable	2	0	0														not_admitted	not_admitted	not_admitted	not_admitted	not_admitted	not_admitted	not_admitted
NZ_CP147713.1	MPF_T	-	159	0	0	GA	1		41;42931;43227;-;96.1	40;42593;42931;-;110.2	39;40234;42600;-;176.3	39;40234;42600;-;105.6	38;39515;40237;-;150.3	36;38275;39261;-;162.9		34;37250;37921;-;193.5	33;36402;37253;-;181.6	32;35245;36390;-;170.6	31;34217;35230;-;98.7	30;32305;34251;-;373.4		pfam	both	A	7/7	canonical	1	0	unscoreable	2	0	0														not_admitted	not_admitted	not_admitted	not_admitted	not_admitted	not_admitted	not_admitted
NZ_CP147715.1	MPF_T	-	115	0	0	GA	1		27;26176;26565;-;77.6	26;25884;26183;-;60.8	25;23421;25874;-;170.7	25;23421;25874;-;128.4	24;22631;23449;-;51.5	23;21450;22637;-;105.4		22;20772;21434;-;130.9	21;19930;20754;-;187.8	19;18152;19447;-;221.8	28;26555;27523;-;132.1	69;68565;70544;-;516.3		conjscan	conjscan_only	A	7/7	canonical	1	0	unscoreable	2	0	0														not_admitted	not_admitted	not_admitted	not_admitted	not_admitted	not_admitted	not_admitted
NZ_CP147716.1	MPF_T	-	165	0	0	GA	1		44;44095;44391;-;95.3	43;43757;44095;-;109.2	42;41398;43764;-;172.5	42;41398;43764;-;109.2	41;40679;41401;-;151.7	39;39439;40425;-;162.9		37;38416;39087;-;192.6	36;37568;38419;-;181.9	35;36411;37556;-;173.7	34;35383;36414;-;100.9	33;33471;35417;-;373.4		pfam	both	A	7/7	canonical	1	0	unscoreable	2	0	0														not_admitted	not_admitted	not_admitted	not_admitted	not_admitted	not_admitted	not_admitted
NZ_CP147719.1	MPF_T	-	267	0	0	GA	1		63;63779;64075;+;95.3	64;64075;64413;+;113.9	65;64406;66772;+;172.6	65;64406;66772;+;106.2	66;66769;67491;+;151.8	68;67745;68731;+;162.2		27;27067;27738;+;196.4	70;69752;70603;+;181.0	29;28597;29742;+;177.8	30;29739;30770;+;101.5	31;30736;32682;+;365.4		pfam	both	A	7/7	canonical	1	0	unscoreable	2	0	0														not_admitted	not_admitted	not_admitted	not_admitted	not_admitted	not_admitted	not_admitted
NZ_CP147735.1	-	-	269	0	0	GA	0															not_admitted	not_admitted	not_admitted	not_admitted	not_admitted	not_admitted	not_admitted	not_admitted	not_admitted	not_admitted	1	13;15426;16496;-;276.4	145;126727;128151;-;222.8	146;128142;129203;-;209.9	17;18522;20990;-;210.3	144;123505;126717;-;216.5	20;22426;23733;-;114.8	17;18522;20990;-;112.2	22;24812;25465;-;97.5	14;16499;17728;-;51.1	142;120172;122955;-;113.2		19;21876;22406;-;72.5	28;28000;29901;-;22.2	A	9/9	split_2	112716	0	1	
NZ_CP147744.1	MPF_F	IncFII(pHN7A8);IncR	172	0	0	GA	0															not_admitted	not_admitted	not_admitted	not_admitted	not_admitted	not_admitted	not_admitted	not_admitted	not_admitted	not_admitted	1	119;89068;90060;+;369.5	132;96893;98266;+;376.8	127;94584;95327;+;234.4	116;85432;88059;+;301.8	133;98263;101079;+;376.7	111;81950;83377;+;94.1	116;85432;88059;+;101.8	109;80669;81235;+;183.8	122;91006;91644;+;70.4	125;92457;94307;+;265.0	137;103380;105605;+;391.7	115;84401;84916;+;77.6	137;103380;105605;+;70.3	A	9/9	contiguous	22711	1	1	101112..101633+;173;unnamed;0
NZ_CP147747.1	MPF_F	IncFII(pHN7A8);IncR	172	0	0	GA	0															not_admitted	not_admitted	not_admitted	not_admitted	not_admitted	not_admitted	not_admitted	not_admitted	not_admitted	not_admitted	1	118;89070;90062;+;369.5	131;96895;98268;+;376.8	126;94586;95329;+;234.4	115;85434;88061;+;301.8	132;98265;101081;+;376.7	110;81952;83379;+;94.1	115;85434;88061;+;101.8	108;80671;81237;+;183.8	121;91008;91646;+;70.4	124;92459;94309;+;265.0	136;103382;105607;+;391.7	114;84403;84918;+;77.6	136;103382;105607;+;70.3	A	9/9	contiguous	22711	1	1	101114..101635+;173;unnamed;0
NZ_CP147750.1	MPF_F	IncFII(pHN7A8);IncR	172	0	0	GA	0															not_admitted	not_admitted	not_admitted	not_admitted	not_admitted	not_admitted	not_admitted	not_admitted	not_admitted	not_admitted	1	118;89070;90062;+;369.5	131;96895;98268;+;376.8	126;94586;95329;+;234.4	115;85434;88061;+;301.8	132;98265;101081;+;376.7	110;81952;83379;+;94.1	115;85434;88061;+;101.8	108;80671;81237;+;183.8	121;91008;91646;+;70.4	124;92459;94309;+;265.0	136;103382;105607;+;391.7	114;84403;84918;+;77.6	136;103382;105607;+;70.3	A	9/9	contiguous	22711	1	1	101114..101635+;173;unnamed;0
NZ_CP147976.1	MPF_F	IncFIA(HI1);IncFII(K)	120	0	0	GA	0															not_admitted	not_admitted	not_admitted	not_admitted	not_admitted	not_admitted	not_admitted	not_admitted	not_admitted	not_admitted	1	95;73827;74816;+;366.0	105;80363;81730;+;384.6	101;78353;79105;+;233.7	91;69731;72370;+;258.5	106;81730;84579;+;346.4	85;65831;67255;+;89.3	91;69731;72370;+;88.7	83;64538;65104;+;167.8	96;74829;75467;+;66.9	97;75526;77481;+;259.2	110;87041;89353;+;393.2	86;67328;67912;+;54.9	110;87041;89353;+;65.8	A	9/9	contiguous	22503	1	1	84582..85112+;176;unnamed;0
NZ_CP147981.1	-	-	102	0	0	GA	0															not_admitted	not_admitted	not_admitted	not_admitted	not_admitted	not_admitted	not_admitted	not_admitted	not_admitted	not_admitted	1	53;44840;45841;+;105.8			41;29987;32830;+;141.4	56;47545;49197;+;68.5						31;22613;24691;+;25.0		31;22613;24691;+;51.1	D	3/9	contiguous	24932	0	0	
NZ_CP147997.1	MPF_T	-	333	0	0	GA	1			108;95711;96010;+;66.1	109;96021;97724;+;172.8	109;96021;97724;+;124.9	111;98448;99254;+;45.9	114;99923;100615;+;54.5		115;100636;101298;+;130.3	116;101315;102130;+;184.8	118;102585;103895;+;219.8	106;94858;95346;+;90.3	130;113285;115675;+;542.7		conjscan	conjscan_only	A	7/7	canonical	1	0	unscoreable	16	0	0														not_admitted	not_admitted	not_admitted	not_admitted	not_admitted	not_admitted	not_admitted
NZ_CP147998.1	MPF_T	-	2121	0	0	GA	1		922;762594;762893;-;89.9	921;762250;762594;-;109.3	919;760490;761815;-;171.8	920;761796;762263;-;111.4	917;759178;759876;-;207.6	914;758009;758512;-;75.6		912;757031;757702;-;216.9	911;756180;757034;-;186.5	910;755151;756167;-;78.9	908;753999;754454;-;60.1	1014;833525;835447;+;332.5		pfam	both	A	7/7	canonical	1	0	unscoreable	4	0	0														not_admitted	not_admitted	not_admitted	not_admitted	not_admitted	not_admitted	not_admitted
NZ_CP148088.1	MPF_T	-	329	0	0	GA	1	261;256090;257178;-;98.1	264;259940;260278;-;75.5	263;259637;259936;-;77.2	262;257175;259634;-;123.3	262;257175;259634;-;98.0	260;255377;256078;-;36.1	259;254116;255144;-;143.7		258;253394;254089;-;182.0	257;252588;253397;-;197.1	256;251377;252588;-;207.9	255;250368;251396;-;134.9	254;248281;250371;-;309.5		pfam	pfam_only	A	7/7	canonical	1	0	unscoreable	0	0	0														not_admitted	not_admitted	not_admitted	not_admitted	not_admitted	not_admitted	not_admitted
NZ_CP148089.1	MPF_T	-	1218	0	0	GA	1	231;222820;223527;-;63.0	987;943290;943589;-;88.9	986;942944;943285;-;106.8	228;219752;222121;-;205.0	985;940573;942969;-;108.5	984;939872;940573;-;204.3	982;938701;939636;-;162.8		980;937714;938385;-;215.8	979;936860;937714;-;182.3	223;215194;216312;-;182.4	1105;1068190;1069683;-;213.3	220;210230;211798;+;487.5		pfam	both	A	7/7	rearranged	1	0	unscoreable	4	0	0														not_admitted	not_admitted	not_admitted	not_admitted	not_admitted	not_admitted	not_admitted
NZ_CP148093.1	MPF_T	-	916	0	0	GA	1		25;23443;23826;-;70.9	24;23154;23450;-;62.3	23;20687;23143;-;167.3	23;20687;23143;-;120.3	22;19912;20715;-;49.5	20;18543;19724;-;114.8		19;17860;18522;-;128.7	18;17038;17475;-;130.0	16;15284;16582;-;219.4	26;23816;24793;-;129.8	2;1501;3498;-;538.2		conjscan	conjscan_only	A	7/7	canonical	1	0	unscoreable	3	0	0														not_admitted	not_admitted	not_admitted	not_admitted	not_admitted	not_admitted	not_admitted
NZ_CP148096.1	MPF_T	-	142	0	0	GA	1		52;71208;71612;+;72.4	53;71605;71904;+;60.1	54;71889;72965;+;113.3	54;71889;72965;+;128.7	56;74106;74909;+;51.2	58;75163;76314;+;112.8		59;76330;76992;+;125.0	60;76989;77813;+;187.2			23;46307;46558;-;60.8		conjscan	conjscan_only	C	5/7	canonical	1	0	unscoreable	3	0	0														not_admitted	not_admitted	not_admitted	not_admitted	not_admitted	not_admitted	not_admitted
NZ_CP148097.1	MPF_T	-	32	0	0	GA	1		15;13741;13959;+;42.4	17;14044;14382;+;107.9	18;14375;16741;+;173.7	18;14375;16741;+;108.0	19;16741;17442;+;189.5	21;17679;18596;+;169.5		23;18928;20445;+;169.4	23;18928;20445;+;184.8	24;20454;21638;+;180.5	25;21647;22642;+;109.7			pfam	both	B	6/7	canonical	1	0	unscoreable	3	0	0														not_admitted	not_admitted	not_admitted	not_admitted	not_admitted	not_admitted	not_admitted
NZ_CP148135.1	-	ColKP3	52	0	0	GA	0															not_admitted	not_admitted	not_admitted	not_admitted	not_admitted	not_admitted	not_admitted	not_admitted	not_admitted	not_admitted	1	24;29832;30830;-;366.5	19;24791;26152;-;347.3	21;26748;27530;-;198.9	27;31786;34374;-;209.5	18;21980;24787;-;248.4	29;34976;36325;-;90.3	27;31786;34374;-;89.9	31;37041;37613;-;89.3	23;29394;29819;-;56.0	22;27530;29404;-;226.7	16;19400;21454;-;360.9	28;34380;34973;-;35.6	16;19400;21454;-;73.7	A	9/9	contiguous	17641	1	1	21465..21971-;168;unnamed;0
NZ_CP148137.1	-	ColKP3	52	0	0	GA	0															not_admitted	not_admitted	not_admitted	not_admitted	not_admitted	not_admitted	not_admitted	not_admitted	not_admitted	not_admitted	1	23;28999;29997;-;366.5	18;23958;25319;-;347.3	20;25915;26697;-;198.9	26;30953;33541;-;209.5	17;21147;23954;-;248.4	28;34143;35492;-;90.3	26;30953;33541;-;89.9	30;36208;36780;-;89.3	22;28561;28986;-;56.0	21;26697;28571;-;226.7	15;18567;20621;-;360.9	27;33547;34140;-;35.6	15;18567;20621;-;73.7	A	9/9	contiguous	17641	1	1	20632..21138-;168;unnamed;0
NZ_CP148139.1	MPF_F	IncM1	166	0	0	GA	0															not_admitted	not_admitted	not_admitted	not_admitted	not_admitted	not_admitted	not_admitted	not_admitted	not_admitted	not_admitted	1	64;65247;66302;-;269.2	52;51643;53052;-;230.0	53;53068;54099;-;213.9	68;68295;70781;-;211.5	51;48390;51623;-;215.1	71;72205;73497;-;117.6	68;68295;70781;-;113.3	73;74495;75148;-;92.3	65;66302;67522;-;45.5	49;45147;47918;-;119.2	79;77628;79541;-;20.5	70;71676;72188;-;68.8	79;77628;79541;-;24.6	A	9/9	contiguous	32481	0	1	
NZ_CP148152.1	MPF_T	-	51	0	0	GA	1		27;23216;23479;-;56.2	26;20435;23203;-;74.7	26;20435;23203;-;175.2	26;20435;23203;-;86.5	21;17591;18559;-;86.0	20;16593;17591;-;117.1		18;15790;16449;-;179.7	17;14903;15793;-;163.5	16;13715;14893;-;164.3	15;12721;13734;-;94.3	13;10350;12161;-;352.0		pfam	pfam_only	A	7/7	canonical	1	1	unscoreable	6	0	0														not_admitted	not_admitted	not_admitted	not_admitted	not_admitted	not_admitted	not_admitted
NZ_CP148169.1	MPF_T	-	55	0	0	GA	1		12;8624;8887;+;54.5	13;8906;11674;+;73.3	13;8906;11674;+;178.6	13;8906;11674;+;86.1	18;13559;14545;+;82.0	19;14549;15541;+;109.8		21;15688;16350;+;177.6	22;16347;17234;+;162.2	23;17261;18436;+;165.9	24;18417;19409;+;93.1	25;19410;21221;+;346.1		pfam	pfam_only	A	7/7	canonical	1	1	unscoreable	5	0	0														not_admitted	not_admitted	not_admitted	not_admitted	not_admitted	not_admitted	not_admitted
NZ_CP148171.1	MPF_T	-	55	0	0	GA	1		12;8624;8887;+;54.5	13;8906;11674;+;73.3	13;8906;11674;+;178.6	13;8906;11674;+;86.1	18;13559;14545;+;82.0	19;14549;15541;+;109.8		21;15688;16350;+;177.6	22;16347;17234;+;162.2	23;17261;18436;+;165.9	24;18417;19409;+;93.1	25;19410;21221;+;346.1		pfam	pfam_only	A	7/7	canonical	1	1	unscoreable	5	0	0														not_admitted	not_admitted	not_admitted	not_admitted	not_admitted	not_admitted	not_admitted
NZ_CP148186.1	MPF_T	-	49	0	0	GA	1				33;24799;27267;-;105.0		2;2054;3010;-;29.0	20;14320;15468;-;95.5		31;23978;24655;-;112.5	30;22908;23978;-;97.7	29;21775;22911;-;143.9	27;20621;21571;-;100.7	25;18318;20207;-;242.6		pfam	pfam_only	A	7/7	canonical	1	0	unscoreable	6	0	0														not_admitted	not_admitted	not_admitted	not_admitted	not_admitted	not_admitted	not_admitted
NZ_CP148194.1	MPF_T	-	53	0	0	GA	1		7;6201;6464;-;56.2	6;3420;6188;-;73.3	6;3420;6188;-;176.0	6;3420;6188;-;84.1	1;441;1430;-;84.3			50;45584;46246;-;177.6	49;44700;45587;-;161.4	48;43498;44673;-;165.9	47;42510;43517;-;93.0	46;40698;42509;-;349.5		pfam	pfam_only	B	6/7	uncallable	0	1	unscoreable	4	0	0														not_admitted	not_admitted	not_admitted	not_admitted	not_admitted	not_admitted	not_admitted
NZ_CP148196.1	MPF_T	-	52	0	0	GA	1		32;28448;28711;-;56.2	31;25667;28435;-;73.3	31;25667;28435;-;176.0	31;25667;28435;-;84.1	26;22688;23677;-;84.3	25;21696;22691;-;116.9		23;20890;21552;-;177.6	22;20006;20893;-;161.4	21;18804;19979;-;165.9	20;17816;18823;-;93.0	19;16004;17815;-;349.5		pfam	pfam_only	A	7/7	canonical	1	1	unscoreable	5	0	0														not_admitted	not_admitted	not_admitted	not_admitted	not_admitted	not_admitted	not_admitted
NZ_CP148198.1	MPF_T	-	52	0	0	GA	1		36;35955;36218;-;56.2	35;33174;35942;-;73.3	35;33174;35942;-;176.0	35;33174;35942;-;84.1	30;30195;31184;-;84.3	29;29203;30198;-;116.9		27;28397;29059;-;177.6	26;27513;28400;-;161.4	25;26311;27486;-;165.9	24;25323;26330;-;93.0	23;23511;25322;-;349.5		pfam	pfam_only	A	7/7	canonical	1	1	unscoreable	5	0	0														not_admitted	not_admitted	not_admitted	not_admitted	not_admitted	not_admitted	not_admitted
NZ_CP148200.1	MPF_T	-	52	0	0	GA	1		6;5978;6241;-;56.2	5;3197;5965;-;73.3	5;3197;5965;-;176.0	5;3197;5965;-;84.1	0;218;1207;-;84.3	51;46167;46895;-;74.8		49;45361;46023;-;177.6	48;44477;45364;-;161.4	47;43275;44450;-;165.9	46;42287;43294;-;93.0	45;40475;42286;-;349.5		pfam	pfam_only	A	7/7	rearranged	1	1	unscoreable	5	0	0														not_admitted	not_admitted	not_admitted	not_admitted	not_admitted	not_admitted	not_admitted
NZ_CP148202.1	MPF_T	-	52	0	0	GA	1		5;5461;5724;-;56.2	4;2680;5448;-;73.3	4;2680;5448;-;176.0	4;2680;5448;-;84.1		50;45650;46645;-;116.9		48;44844;45506;-;177.6	47;43960;44847;-;161.4	46;42758;43933;-;165.9	45;41770;42777;-;93.0	44;39958;41769;-;349.5		none	none	A	7/7	rearranged	0	1	unscoreable	1	0	0														not_admitted	not_admitted	not_admitted	not_admitted	not_admitted	not_admitted	not_admitted
NZ_CP148228.1	MPF_T	-	52	0	0	GA	1		31;27655;27918;+;56.2	32;27931;30699;+;73.3	32;27931;30699;+;176.0	32;27931;30699;+;84.1	37;32689;33678;+;84.3	38;33675;34670;+;116.9		40;34814;35476;+;177.6	41;35473;36360;+;161.4	42;36387;37562;+;165.9	43;37543;38550;+;93.0	44;38551;40362;+;349.5		pfam	pfam_only	A	7/7	canonical	1	1	unscoreable	5	0	0														not_admitted	not_admitted	not_admitted	not_admitted	not_admitted	not_admitted	not_admitted
NZ_CP148235.1	MPF_T	-	53	0	0	GA	1		34;31563;31826;-;56.2	33;28782;31550;-;73.3	33;28782;31550;-;176.0	33;28782;31550;-;84.1	28;25803;26792;-;84.3	27;24811;25806;-;114.7		25;24005;24667;-;177.6	24;23121;24008;-;161.4	23;21919;23094;-;165.9	22;20931;21938;-;93.0	21;19119;20930;-;349.5		pfam	pfam_only	A	7/7	canonical	1	1	unscoreable	5	0	0														not_admitted	not_admitted	not_admitted	not_admitted	not_admitted	not_admitted	not_admitted
NZ_CP148237.1	MPF_T	-	52	0	0	GA	1		48;42397;42660;+;56.2	49;42673;45441;+;73.3	49;42673;45441;+;176.0	49;42673;45441;+;84.1	2;490;1479;+;84.3	3;1476;2471;+;114.7		5;2615;3277;+;177.6	6;3274;4161;+;161.4	7;4188;5363;+;165.9	8;5344;6351;+;93.0	9;6352;8163;+;349.5		pfam	pfam_only	A	7/7	rearranged	1	1	unscoreable	1	0	0														not_admitted	not_admitted	not_admitted	not_admitted	not_admitted	not_admitted	not_admitted
NZ_CP148239.1	MPF_T	-	52	0	0	GA	1		16;14580;14843;-;56.2	15;11799;14567;-;73.3	15;11799;14567;-;176.0	15;11799;14567;-;84.1	10;8820;9809;-;84.3	9;7828;8823;-;114.7		7;7022;7684;-;177.6	6;6138;7025;-;161.4	5;4936;6111;-;165.9	4;3948;4955;-;93.0	3;2136;3947;-;349.5		pfam	pfam_only	A	7/7	canonical	1	1	unscoreable	5	0	0														not_admitted	not_admitted	not_admitted	not_admitted	not_admitted	not_admitted	not_admitted
NZ_CP148241.1	MPF_T	-	51	0	0	GA	1		27;23215;23478;-;56.2	26;20434;23202;-;74.7	26;20434;23202;-;175.2	26;20434;23202;-;86.5	21;17590;18558;-;86.0	20;16592;17590;-;117.1		18;15789;16448;-;179.7	17;14902;15792;-;163.5	16;13714;14892;-;164.3	15;12720;13733;-;94.3	13;10349;12160;-;352.0		pfam	pfam_only	A	7/7	canonical	1	1	unscoreable	6	0	0														not_admitted	not_admitted	not_admitted	not_admitted	not_admitted	not_admitted	not_admitted
NZ_CP148243.1	MPF_T	-	55	0	0	GA	1		48;37102;37365;+;56.2	49;37378;40146;+;74.7	49;37378;40146;+;175.2	49;37378;40146;+;86.5	54;42022;42990;+;86.0	0;114;980;+;113.9		2;1124;1786;+;177.6	3;1783;2316;+;87.3	6;3160;3645;+;75.0	8;3873;4886;+;94.3	10;5446;7257;+;352.0		pfam	pfam_only	A	7/7	rearranged	1	1	unscoreable	8	0	0														not_admitted	not_admitted	not_admitted	not_admitted	not_admitted	not_admitted	not_admitted
NZ_CP148249.1	MPF_T	-	51	0	0	GA	1		25;17120;17383;+;56.2	26;17396;20164;+;74.7	26;17396;20164;+;175.2	26;17396;20164;+;86.5	31;22040;23008;+;86.0	32;23008;24006;+;117.1		34;24150;24809;+;179.7	35;24806;25696;+;163.5	36;25706;26884;+;164.3	37;26865;27878;+;94.3	39;28438;30249;+;352.0		pfam	pfam_only	A	7/7	canonical	1	1	unscoreable	6	0	0														not_admitted	not_admitted	not_admitted	not_admitted	not_admitted	not_admitted	not_admitted
NZ_CP148251.1	MPF_T	-	51	0	0	GA	1		31;26440;26703;-;56.2	30;23659;26427;-;74.7	30;23659;26427;-;175.2	30;23659;26427;-;86.5	25;20815;21783;-;86.0	24;19817;20815;-;117.1		22;19014;19673;-;179.7	21;18127;19017;-;163.5	20;16939;18117;-;164.3	19;15945;16958;-;94.3	17;13574;15385;-;352.0		pfam	pfam_only	A	7/7	canonical	1	1	unscoreable	6	0	0														not_admitted	not_admitted	not_admitted	not_admitted	not_admitted	not_admitted	not_admitted
NZ_CP148253.1	MPF_T	-	51	0	0	GA	1		27;23216;23479;-;56.2	26;20435;23203;-;74.7	26;20435;23203;-;175.2	26;20435;23203;-;86.5	21;17591;18559;-;86.0	20;16593;17591;-;117.1		18;15790;16449;-;179.7	17;14903;15793;-;163.5	16;13715;14893;-;164.3	15;12721;13734;-;94.3	13;10350;12161;-;352.0		pfam	pfam_only	A	7/7	canonical	1	1	unscoreable	6	0	0														not_admitted	not_admitted	not_admitted	not_admitted	not_admitted	not_admitted	not_admitted
NZ_CP148270.1	MPF_F	IncFII(pCoo)	104	0	0	GA	0															not_admitted	not_admitted	not_admitted	not_admitted	not_admitted	not_admitted	not_admitted	not_admitted	not_admitted	not_admitted	1	80;66515;67507;+;369.5	90;73286;74659;+;381.7	85;70613;71356;+;234.4	77;62876;65506;+;302.7	91;74656;77478;+;374.0	69;58023;59474;+;94.2	77;62876;65506;+;97.1	67;56742;57308;+;174.3	82;67851;68489;+;68.6	83;68486;70336;+;266.1	95;79750;82002;+;391.1	72;60334;60849;+;78.4	95;79750;82002;+;70.3	A	9/9	contiguous	23008	1	1	77500..77979+;159;TraS;0
NZ_CP148278.1	MPF_F	IncFII(pCoo)	104	0	0	GA	0															not_admitted	not_admitted	not_admitted	not_admitted	not_admitted	not_admitted	not_admitted	not_admitted	not_admitted	not_admitted	1	80;66515;67507;+;369.5	90;73286;74659;+;381.7	85;70613;71356;+;234.4	77;62876;65506;+;302.7	91;74656;77478;+;374.0	69;58023;59474;+;94.2	77;62876;65506;+;97.1	67;56742;57308;+;174.3	82;67851;68489;+;68.6	83;68486;70336;+;266.1	95;79750;82002;+;391.1	72;60334;60849;+;78.4	95;79750;82002;+;70.3	A	9/9	contiguous	23008	1	1	77500..77979+;159;TraS;0
NZ_CP148291.1	MPF_F	IncFII(pRSB107)	59	0	0	GA	0															not_admitted	not_admitted	not_admitted	not_admitted	not_admitted	not_admitted	not_admitted	not_admitted	not_admitted	not_admitted	1	42;32463;33449;+;355.4	48;37673;39034;+;343.5	46;36262;37041;+;195.3	39;28779;31370;+;215.3	49;39036;41924;+;289.0	36;26363;27727;+;83.3	39;28779;31370;+;87.8	34;25083;25646;+;137.4	44;33825;34439;+;81.4	45;34436;36265;+;260.0	52;43533;45782;+;372.3	38;28169;28768;+;53.2	52;43533;45782;+;62.8	A	9/9	contiguous	18450	1	1	41932..42510+;192;unnamed;0
NZ_CP148332.1	MPF_F	IncFII	73	0	0	GA	0															not_admitted	not_admitted	not_admitted	not_admitted	not_admitted	not_admitted	not_admitted	not_admitted	not_admitted	not_admitted	1	27;28459;29451;-;369.5	17;21307;22680;-;381.7	22;24610;25353;-;234.4	30;30460;33090;-;304.1	16;18488;21310;-;374.0	38;36492;37943;-;94.2	30;30460;33090;-;97.1	40;38658;39224;-;174.3	25;27477;28115;-;68.6	24;25630;27480;-;266.1	12;13964;16216;-;391.1	35;35117;35632;-;78.4	12;13964;16216;-;70.3	A	9/9	contiguous	24694	1	1	17987..18466-;159;TraS;0
NZ_CP148335.1	MPF_F	IncFIB(AP001918);IncFII	146	0	0	GA	0															not_admitted	not_admitted	not_admitted	not_admitted	not_admitted	not_admitted	not_admitted	not_admitted	not_admitted	not_admitted	1	69;65938;66930;-;369.5	58;58830;60203;-;382.9	64;62131;62874;-;234.4	72;67939;70566;-;300.9	57;56014;58833;-;385.4	78;72719;74146;-;93.9	72;67939;70566;-;101.1	80;74861;75427;-;184.1	67;64956;65594;-;70.7	66;63151;64959;-;267.1	54;52284;54482;-;380.8	74;71082;71597;-;76.0	54;52284;54482;-;66.5	A	9/9	contiguous	22577	1	1	55498..55989-;163;TraS;0
NZ_CP148340.1	MPF_F	IncFII(pHN7A8)	139	0	0	GA	0															not_admitted	not_admitted	not_admitted	not_admitted	not_admitted	not_admitted	not_admitted	not_admitted	not_admitted	not_admitted	1	109;94764;95756;+;369.5	125;103463;104836;+;375.1	118;100512;101255;+;233.3	106;91125;93755;+;304.7	126;104833;107658;+;374.5	97;86436;87890;+;93.5	106;91125;93755;+;98.6	95;85155;85721;+;177.1	113;96934;97572;+;70.6	116;98385;100235;+;264.4	130;109900;112044;+;391.8	101;88988;89503;+;76.0	130;109900;112044;+;70.4	A	9/9	contiguous	24745	1	1	107655..108164+;169;unnamed;0
NZ_CP148350.1	MPF_F	IncFII(pHN7A8)	113	0	0	GA	0															not_admitted	not_admitted	not_admitted	not_admitted	not_admitted	not_admitted	not_admitted	not_admitted	not_admitted	not_admitted	1	83;75424;76416;+;369.5	99;84123;85496;+;375.1	92;81172;81915;+;233.3	80;71785;74415;+;304.7	100;85493;88318;+;374.5	71;67096;68550;+;93.5	80;71785;74415;+;98.6	69;65968;66381;+;133.3	87;77594;78232;+;70.6	90;79045;80895;+;264.4	104;90560;92767;+;391.7	75;69648;70163;+;76.0	104;90560;92767;+;70.3	A	9/9	contiguous	24592	1	1	88315..88824+;169;unnamed;0
NZ_CP148352.1	MPF_T	IncI2(Delta)	88	0	0	GA	1	44;30616;31098;-;81.1	63;48429;48719;-;28.9	62;48038;48322;-;36.4	61;45792;48032;-;60.9	61;45792;48032;-;43.5	73;53466;54107;-;42.8	74;54113;55108;-;128.5		56;43461;44195;-;144.4	55;42694;43464;-;170.5	54;41565;42704;-;154.7	47;32866;34404;-;207.1	52;38469;40427;-;287.0		pfam	pfam_only	A	7/7	rearranged	1	0	unscoreable	18	1	0														not_admitted	not_admitted	not_admitted	not_admitted	not_admitted	not_admitted	not_admitted
NZ_CP148353.1	MPF_T	IncX1	47	0	0	GA	1	20;19556;20200;-;47.1	19;19282;19572;-;73.5	18;16499;19258;-;44.8	18;16499;19258;-;133.3	18;16499;19258;-;71.9	17;15760;16497;-;57.5	15;14423;15478;-;131.7		14;13511;14233;-;116.0	13;12576;13505;-;132.4	12;11365;12579;-;128.6	11;10310;11347;-;66.4	10;8470;10305;-;543.4		pfam	pfam_only	A	7/7	canonical	1	1	unscoreable	1	0	0														not_admitted	not_admitted	not_admitted	not_admitted	not_admitted	not_admitted	not_admitted
NZ_CP148364.1	MPF_T	IncI2(Delta)	74	0	0	GA	1	38;30616;31098;-;81.1		53;46694;46978;-;36.6	52;44331;46688;-;58.5	52;44331;46688;-;44.9	62;51790;52434;-;41.0	63;52440;53435;-;123.7		50;43431;44165;-;144.3	49;42664;43434;-;170.4	48;41535;42674;-;154.7	41;32866;34404;-;207.1	46;38487;40445;-;288.2		pfam	pfam_only	A	7/7	rearranged	1	0	unscoreable	14	0	0														not_admitted	not_admitted	not_admitted	not_admitted	not_admitted	not_admitted	not_admitted
NZ_CP148367.1	MPF_F	IncFIB(AP001918);IncFIC(FII)	160	0	0	GA	0															not_admitted	not_admitted	not_admitted	not_admitted	not_admitted	not_admitted	not_admitted	not_admitted	not_admitted	not_admitted	1	121;130368;131360;-;363.8	110;123309;124685;-;378.0	117;126896;127639;-;233.5	124;132369;134996;-;305.4	109;120490;123312;-;389.5	131;137155;138582;-;92.2	124;132369;134996;-;98.5	133;139297;139863;-;183.8	120;129721;130359;-;68.6	119;127916;129724;-;268.3	106;116773;118962;-;390.0	127;135512;136027;-;78.4	106;116773;118962;-;69.2	A	9/9	contiguous	22524	1	1	119977..120468-;163;TraS;0
NZ_CP148368.1	MPF_T	IncI2(Delta)	79	0	0	GA	1	42;31466;31948;-;81.1	58;47981;48271;-;28.9	57;47590;47874;-;36.4	56;45227;47584;-;60.7	56;45227;47584;-;43.4	67;52797;53438;-;42.8	68;53444;54439;-;128.5		54;44327;45061;-;144.4	53;43560;44330;-;170.5	52;42431;43570;-;154.7	45;33716;35254;-;207.1	50;39343;41301;-;287.1		pfam	pfam_only	A	7/7	rearranged	1	0	unscoreable	14	1	0														not_admitted	not_admitted	not_admitted	not_admitted	not_admitted	not_admitted	not_admitted
NZ_CP148375.1	MPF_F	IncFIB(AP001918)	113	0	0	GA	0															not_admitted	not_admitted	not_admitted	not_admitted	not_admitted	not_admitted	not_admitted	not_admitted	not_admitted	not_admitted	1	101;90793;91785;+;369.3	112;97832;99208;+;381.0	107;95502;96245;+;231.8	98;87157;89784;+;303.8	0;139;2424;+;208.0	91;83675;85102;+;94.1	98;87157;89784;+;99.8	89;82394;82960;+;183.8	104;92782;93420;+;68.6	105;93417;95225;+;266.0	3;3929;6118;+;391.8	95;86126;86641;+;77.3	3;3929;6118;+;70.3	A	9/9	split_2	97693	1	1	2421..2930+;169;unnamed;0
NZ_CP148387.1	MPF_F	IncFII	77	0	0	GA	0															not_admitted	not_admitted	not_admitted	not_admitted	not_admitted	not_admitted	not_admitted	not_admitted	not_admitted	not_admitted	1	51;40211;41203;+;369.5	61;46982;48355;+;381.7	56;44309;45052;+;234.4	48;36572;39202;+;304.1	62;48352;51174;+;374.0	40;31719;33170;+;94.2	48;36572;39202;+;96.8	38;30438;31004;+;174.3	53;41547;42185;+;68.6	54;42182;44032;+;266.1	66;53446;55689;+;391.7	43;34030;34545;+;78.4	66;53446;55689;+;70.3	A	9/9	contiguous	23008	1	1	51196..51675+;159;TraS;0
NZ_CP148402.1	MPF_F	IncFIB(AP001918);IncFII(pCoo)	116	0	0	GA	0															not_admitted	not_admitted	not_admitted	not_admitted	not_admitted	not_admitted	not_admitted	not_admitted	not_admitted	not_admitted	1	44;41313;42305;-;369.2	36;36959;37888;-;166.5		47;43314;45941;-;300.9	35;34143;36962;-;385.9	53;47877;49280;-;94.1	47;43314;45941;-;102.2	55;49995;50561;-;183.8	43;40666;41304;-;68.6		31;29665;31872;-;391.7	50;46457;46972;-;78.4	31;29665;31872;-;70.3	C	7/9	contiguous	20330	1	0	33627..34118-;163;TraS;0
NZ_CP148403.1	MPF_T	IncX1	48	0	0	GA	1	25;24789;25301;-;46.0	21;23071;23367;-;77.5	20;20299;23052;-;46.6	20;20299;23052;-;148.0	20;20299;23052;-;75.3	19;19539;20288;-;67.5	17;18167;19228;-;134.6		16;17209;17922;-;120.0	15;16275;17204;-;133.8	14;15073;16278;-;134.4	13;14040;15071;-;76.5	12;12202;14037;-;488.6		pfam	pfam_only	A	7/7	canonical	1	1	unscoreable	4	0	0														not_admitted	not_admitted	not_admitted	not_admitted	not_admitted	not_admitted	not_admitted
NZ_CP148404.1	MPF_T	IncX4	51	0	0	GA	1	7;4483;5094;+;53.8	8;5066;5380;+;29.8	9;5438;5758;+;39.0	10;5761;8133;+;81.6	10;5761;8133;+;33.6	4;2512;3153;-;33.9	5;3155;4150;-;124.7		12;8264;9001;+;159.5	13;8998;9777;+;167.8	14;9767;10909;+;143.5	15;10909;11928;+;91.9	16;11979;13946;+;289.7		pfam	pfam_only	A	7/7	uncallable	0	0	unscoreable	2	0	0														not_admitted	not_admitted	not_admitted	not_admitted	not_admitted	not_admitted	not_admitted
NZ_CP148407.1	MPF_F	IncFII(pSE11)	116	0	0	GA	0															not_admitted	not_admitted	not_admitted	not_admitted	not_admitted	not_admitted	not_admitted	not_admitted	not_admitted	not_admitted	1	91;78126;79118;+;369.2	103;85349;86722;+;376.8	98;83040;83783;+;234.4	88;74490;77117;+;300.9	104;86719;89544;+;389.2	82;71151;72578;+;93.9	88;74490;77117;+;102.3	80;69870;70436;+;183.8	93;79462;80100;+;70.4	96;80913;82763;+;265.0	108;91786;94047;+;391.6	85;73459;73974;+;78.4	108;91786;94047;+;70.3	A	9/9	contiguous	21916	1	1	89541..90050+;169;unnamed;0
NZ_CP148410.1	MPF_F	IncFII(pSE11)	117	0	0	GA	0															not_admitted	not_admitted	not_admitted	not_admitted	not_admitted	not_admitted	not_admitted	not_admitted	not_admitted	not_admitted	1	91;78399;79391;+;369.2	103;85622;86995;+;376.8	98;83313;84056;+;234.4	88;74763;77390;+;300.9	104;86992;89817;+;389.2	82;71424;72851;+;93.9	88;74763;77390;+;102.3	80;70143;70709;+;183.8	93;79735;80373;+;70.4	96;81186;83036;+;265.0	109;92688;94307;+;348.4	85;73732;74247;+;78.4	109;92688;94307;+;70.9	A	9/9	contiguous	22545	1	1	89814..90323+;169;unnamed;0
NZ_CP148418.1	MPF_F	IncFII(29)	111	0	0	GA	0															not_admitted	not_admitted	not_admitted	not_admitted	not_admitted	not_admitted	not_admitted	not_admitted	not_admitted	not_admitted	1	79;63331;64323;+;369.3	92;70873;72246;+;376.8	85;67913;68656;+;233.0	76;59692;62322;+;300.4	93;72243;75065;+;389.2	69;55243;56670;+;94.1	76;59692;62322;+;102.3	67;53962;54528;+;183.8	80;64332;64970;+;68.6	83;65783;67633;+;265.0	97;77337;79571;+;391.7	72;57551;58066;+;78.4	97;77337;79571;+;70.3	A	9/9	contiguous	23375	1	1	75087..75566+;159;TraS;0
NZ_CP148428.1	MPF_F	IncFII(pSE11);IncX1	96	0	0	GA	0															not_admitted	not_admitted	not_admitted	not_admitted	not_admitted	not_admitted	not_admitted	not_admitted	not_admitted	not_admitted	1	63;52137;53129;+;368.9	75;59360;60733;+;376.8	70;57051;57794;+;234.4	60;48501;51128;+;300.9	76;60730;63552;+;383.4	54;45162;46589;+;93.9	60;48501;51128;+;102.3	52;43881;44447;+;183.8	65;53473;54111;+;68.5	68;54924;56774;+;265.0	80;65819;68035;+;391.7	57;47470;47985;+;78.4	80;65819;68035;+;70.3	A	9/9	contiguous	21938	1	1	63574..64065+;163;TraS;0
NZ_CP148436.1	MPF_F	IncFII(pSE11)	115	0	0	GA	0															not_admitted	not_admitted	not_admitted	not_admitted	not_admitted	not_admitted	not_admitted	not_admitted	not_admitted	not_admitted	1	18;12317;13309;+;368.9	29;19088;20461;+;383.4	23;16415;17158;+;234.4	15;8678;11308;+;300.9	30;20458;23280;+;386.5	6;3825;5276;+;93.9	15;8678;11308;+;102.3	4;2544;3110;+;183.8	20;13653;14291;+;68.3	21;14288;16138;+;266.7	34;25552;27795;+;391.7	9;6136;6651;+;78.4	34;25552;27795;+;70.3	A	9/9	contiguous	23008	1	1	23302..23781+;159;TraS;0
NZ_CP148443.1	MPF_F	IncFII(pSE11)	114	0	0	GA	0															not_admitted	not_admitted	not_admitted	not_admitted	not_admitted	not_admitted	not_admitted	not_admitted	not_admitted	not_admitted	1		101;82416;83789;+;376.7	96;80107;80850;+;234.4	93;78107;78580;+;74.4	102;83786;86611;+;389.2	87;74768;76195;+;93.9		85;73487;74053;+;183.8		94;78652;79830;+;267.1	106;88853;91060;+;391.7	90;77076;77591;+;78.4	106;88853;91060;+;70.3	C	7/9	contiguous	15366	1	1	86608..87117+;169;unnamed;0
NZ_CP148446.1	MPF_F	IncFII(29)	124	0	0	GA	0															not_admitted	not_admitted	not_admitted	not_admitted	not_admitted	not_admitted	not_admitted	not_admitted	not_admitted	not_admitted	1	93;80085;81077;+;369.2	107;87959;89332;+;376.8	100;84999;85742;+;234.4	90;76449;79076;+;300.9	108;89329;92151;+;389.2	84;73110;74537;+;93.9	90;76449;79076;+;102.3	82;71829;72395;+;183.8	95;81421;82059;+;70.4	98;82872;84722;+;265.0	112;94423;96657;+;391.7	87;75418;75933;+;78.4	112;94423;96657;+;70.3	A	9/9	contiguous	22594	1	1	92173..92652+;159;TraS;0
NZ_CP148448.1	MPF_F	IncFII(pSE11)	74	0	0	GA	0															not_admitted	not_admitted	not_admitted	not_admitted	not_admitted	not_admitted	not_admitted	not_admitted	not_admitted	not_admitted	1	48;34961;35953;+;369.2	62;42835;44208;+;376.8	55;39875;40618;+;234.4	45;31325;33952;+;300.9	63;44205;47027;+;389.2	39;27986;29413;+;93.9	45;31325;33952;+;102.3	37;26705;27271;+;183.8	50;36297;36935;+;70.4	53;37748;39598;+;265.0	67;49299;51533;+;391.7	42;30294;30809;+;78.4	67;49299;51533;+;70.3	A	9/9	contiguous	22594	1	1	47049..47528+;159;TraS;0
NZ_CP148454.1	MPF_F	IncFII(29)	94	0	0	GA	0															not_admitted	not_admitted	not_admitted	not_admitted	not_admitted	not_admitted	not_admitted	not_admitted	not_admitted	not_admitted	1	62;50423;51415;+;369.3	75;57965;59338;+;376.8	68;55005;55748;+;233.0	59;46784;49414;+;300.4	76;59335;62157;+;389.2	52;42335;43762;+;94.1	59;46784;49414;+;102.3	50;41054;41620;+;183.8	63;51424;52062;+;68.6	66;52875;54725;+;265.0	80;64429;66663;+;391.7	55;44643;45158;+;78.4	80;64429;66663;+;70.3	A	9/9	contiguous	23375	1	1	62179..62658+;159;TraS;0
NZ_CP148465.1	MPF_F	IncFII(29);IncX1	112	0	0	GA	0															not_admitted	not_admitted	not_admitted	not_admitted	not_admitted	not_admitted	not_admitted	not_admitted	not_admitted	not_admitted	1	71;61376;62368;+;369.3	84;68918;70291;+;376.8	77;65958;66701;+;233.0	68;57737;60367;+;300.4	85;70288;73110;+;389.2	61;53288;54715;+;94.1	68;57737;60367;+;102.3	59;52007;52573;+;183.8	72;62377;63015;+;68.6	75;63828;65678;+;265.0	89;75382;77589;+;391.7	64;55596;56111;+;78.4	89;75382;77589;+;70.3	A	9/9	contiguous	23375	1	1	73132..73611+;159;TraS;0
NZ_CP148468.1	MPF_F	IncFII(29);IncX1	112	0	0	GA	0															not_admitted	not_admitted	not_admitted	not_admitted	not_admitted	not_admitted	not_admitted	not_admitted	not_admitted	not_admitted	1	71;61376;62368;+;369.3	84;68918;70291;+;376.8	77;65958;66701;+;233.0	68;57737;60367;+;300.4	85;70288;73110;+;389.2	61;53288;54715;+;94.1	68;57737;60367;+;102.3	59;52007;52573;+;183.8	72;62377;63015;+;68.6	75;63828;65678;+;265.0	89;75382;77589;+;391.7	64;55596;56111;+;78.4	89;75382;77589;+;70.3	A	9/9	contiguous	23375	1	1	73132..73611+;159;TraS;0
NZ_CP148476.1	MPF_F	IncFII(29)	78	0	0	GA	0															not_admitted	not_admitted	not_admitted	not_admitted	not_admitted	not_admitted	not_admitted	not_admitted	not_admitted	not_admitted	1	23;19903;20895;+;369.3	38;27784;29157;+;376.8	31;24823;25566;+;233.5	20;16267;18894;+;300.4	39;29154;31976;+;389.2	15;12928;14355;+;94.1	20;16267;18894;+;102.3	13;11647;12213;+;183.8	26;21563;21880;+;49.7	29;22693;24543;+;265.0	43;34248;36455;+;391.7	18;15236;15751;+;77.6	43;34248;36455;+;70.3	A	9/9	contiguous	22601	1	1	31998..32477+;159;TraS;0
NZ_CP148484.1	MPF_F	IncFII(pRSB107)	126	0	0	GA	0															not_admitted	not_admitted	not_admitted	not_admitted	not_admitted	not_admitted	not_admitted	not_admitted	not_admitted	not_admitted	1	89;69206;70198;+;369.3	101;76429;77802;+;376.8	96;74120;74863;+;234.4	86;65567;68197;+;300.8	105;80970;83207;+;190.7	76;59524;60975;+;93.9	86;65567;68197;+;101.7	74;58243;58809;+;183.8	91;70542;71180;+;70.4	94;71993;73843;+;265.0	111;86817;89105;+;391.0	80;62079;62594;+;81.5	111;86817;89105;+;70.3	A	9/9	contiguous	28574	1	1	83229..83708+;159;TraS;0
NZ_CP148485.1	MPF_F	IncFII(29)	75	0	0	GA	0															not_admitted	not_admitted	not_admitted	not_admitted	not_admitted	not_admitted	not_admitted	not_admitted	not_admitted	not_admitted	1	48;40460;41452;+;369.5	61;48285;49658;+;376.8	56;45976;46719;+;234.4	45;36824;39451;+;301.8	62;49655;52471;+;376.7	40;33345;34772;+;93.9	45;36824;39451;+;100.7	38;32064;32630;+;183.8	51;42398;43036;+;70.4	54;43849;45699;+;265.0	66;54772;57006;+;391.7	44;35793;36308;+;78.0	66;54772;57006;+;70.3	A	9/9	contiguous	22708	1	1	52504..53025+;173;unnamed;0
NZ_CP148486.1	MPF_T	IncX1	56	0	0	GA	1	18;10671;11318;+;45.2	19;11296;11592;+;77.5	20;11611;13977;+;48.2	20;11611;13977;+;147.8	20;11611;13977;+;75.6										none	none	D	1/7	uncallable	0	1	unscoreable	0	0	0														not_admitted	not_admitted	not_admitted	not_admitted	not_admitted	not_admitted	not_admitted
NZ_CP148495.1	MPF_F	IncFII(pSE11)	118	0	0	GA	0															not_admitted	not_admitted	not_admitted	not_admitted	not_admitted	not_admitted	not_admitted	not_admitted	not_admitted	not_admitted	1	93;80407;81399;+;368.8	105;87630;89003;+;376.7	100;85321;86064;+;234.4	90;76771;79398;+;300.9	106;89000;91825;+;389.2	84;73432;74859;+;93.9	90;76771;79398;+;102.3	82;72151;72717;+;183.8	95;81743;82381;+;70.4	98;83194;85044;+;265.0	110;94067;96283;+;391.7	87;75740;76255;+;78.4	110;94067;96283;+;70.3	A	9/9	contiguous	21916	1	1	91822..92331+;169;unnamed;0
NZ_CP148499.1	MPF_F	IncFII(pRSB107)	124	0	0	GA	0															not_admitted	not_admitted	not_admitted	not_admitted	not_admitted	not_admitted	not_admitted	not_admitted	not_admitted	not_admitted	1	89;69206;70198;+;369.3	101;76429;77802;+;376.8	96;74120;74863;+;234.4	86;65567;68197;+;300.8	105;80970;83207;+;190.7	76;59524;60975;+;93.9	86;65567;68197;+;101.7	74;58243;58809;+;183.8	91;70542;71180;+;70.4	94;71993;73843;+;265.0	109;85479;87776;+;391.0	80;62079;62594;+;81.5	109;85479;87776;+;70.2	A	9/9	contiguous	27236	1	1	83229..83708+;159;TraS;0
NZ_CP148509.1	MPF_F	IncFII(29)	90	0	0	GA	0															not_admitted	not_admitted	not_admitted	not_admitted	not_admitted	not_admitted	not_admitted	not_admitted	not_admitted	not_admitted	1	61;50581;51573;+;369.3	74;58114;59487;+;381.3	67;55163;55906;+;233.0	58;46942;49572;+;300.4	75;59484;62306;+;378.7	51;42493;43920;+;94.1	58;46942;49572;+;102.3	49;41212;41778;+;183.8	62;51582;52220;+;68.6	65;53033;54883;+;265.0	79;64578;66794;+;391.7	54;44801;45316;+;78.4	79;64578;66794;+;70.3	A	9/9	contiguous	23366	1	1	62328..62807+;159;TraS;0
NZ_CP148534.1	MPF_F	IncFII(29)	101	0	0	GA	0															not_admitted	not_admitted	not_admitted	not_admitted	not_admitted	not_admitted	not_admitted	not_admitted	not_admitted	not_admitted	1	81;63740;64699;-;339.3	68;54523;55896;-;381.0	75;59587;60309;-;233.6	86;67170;68231;-;243.2	67;53321;54526;-;351.1	96;72140;72748;-;73.0	85;65707;67188;-;99.9	99;74281;74847;-;183.8	80;63061;63699;-;68.6	77;60586;62460;-;267.9	61;47253;49460;-;391.0	91;70502;71017;-;76.9	61;47253;49460;-;70.3	A	9/9	contiguous	27028	1	1	51956..53221-;421;unnamed;0
NZ_CP148538.1	MPF_F	IncFII(29)	100	0	0	GA	0															not_admitted	not_admitted	not_admitted	not_admitted	not_admitted	not_admitted	not_admitted	not_admitted	not_admitted	not_admitted	1	30;18468;19460;+;369.3	44;27272;28645;+;381.0	36;22859;23602;+;234.2	24;14832;15998;+;238.9	45;28642;29265;+;180.3	16;10422;11030;+;73.0	26;16513;17460;+;50.5	13;8323;8889;+;183.8	31;19469;20107;+;68.6	34;20819;22582;+;268.1	52;33708;35915;+;391.7	20;12152;12667;+;76.9	52;33708;35915;+;70.3	A	9/9	contiguous	25385	1	1	29262..30011+;249;unnamed;0
NZ_CP148569.1	MPF_F	IncFIA;IncFIB(AP001918);IncFIC(FII)	110	0	0	GA	0															not_admitted	not_admitted	not_admitted	not_admitted	not_admitted	not_admitted	not_admitted	not_admitted	not_admitted	not_admitted	1	18;10142;11134;+;369.3	27;16193;17569;+;380.2	22;13863;14606;+;233.3	13;6509;7672;+;240.2	28;17566;20388;+;385.6	6;3027;4454;+;94.7	14;7654;8859;+;94.2	4;1746;2312;+;183.4	19;11143;11781;+;68.7	20;11778;13586;+;267.8	31;21922;24129;+;391.4	10;5478;5993;+;76.7	31;21922;24129;+;69.2	A	9/9	contiguous	20176	1	1	20410..20889+;159;TraS;0
NZ_CP148574.1	MPF_T	-	48	0	0	GA	1	21;12579;13226;+;45.6	22;13204;13500;+;76.7	23;13519;15036;+;47.6	23;13519;15036;+;149.4	23;13519;15036;+;76.5	25;16282;17040;+;68.4	27;17337;18467;+;101.6		28;18713;19426;+;119.7	29;19431;20360;+;133.9	30;20357;21562;+;132.5	31;21564;22595;+;76.3	32;22598;24433;+;486.9		pfam	pfam_only	A	7/7	canonical	1	1	unscoreable	2	0	0														not_admitted	not_admitted	not_admitted	not_admitted	not_admitted	not_admitted	not_admitted
NZ_CP148580.1	MPF_F	IncFIA(HI1);IncFIB(AP001918);IncFII(pSE11)	152	0	0	GA	0															not_admitted	not_admitted	not_admitted	not_admitted	not_admitted	not_admitted	not_admitted	not_admitted	not_admitted	not_admitted	1	86;76615;77607;-;365.5	73;68600;69973;-;376.8	78;71539;72282;-;233.3	89;78616;81243;-;306.0	72;65784;68603;-;389.0	96;83298;84725;-;94.7	89;78616;81243;-;99.7	98;85440;86006;-;183.8	83;75034;75672;-;68.5	80;72559;74322;-;268.1	68;61305;63512;-;391.7	92;81759;82274;-;78.4	68;61305;63512;-;70.3	A	9/9	contiguous	24135	1	1	65268..65759-;163;TraS;0
NZ_CP148747.1	MPF_F	IncFIB(AP001918);IncFII(pSE11)	143	0	0	GA	0															not_admitted	not_admitted	not_admitted	not_admitted	not_admitted	not_admitted	not_admitted	not_admitted	not_admitted	not_admitted	1	32;29604;30596;-;369.7	21;22447;23820;-;380.9	27;25755;26498;-;233.5	37;33067;34233;-;239.9	20;19628;22450;-;386.1	44;36889;37428;-;56.4	36;31604;33085;-;99.9	47;39030;39596;-;183.8	30;28622;29260;-;68.8	29;26775;28625;-;269.4	17;15861;18095;-;391.7	40;35252;35767;-;75.9	17;15861;18095;-;70.3	A	9/9	contiguous	23169	1	1	19127..19606-;159;TraS;0
NZ_CP148882.1	MPF_T	IncX4	43	0	0	GA	1	34;22139;22759;+;41.6	35;22773;23099;+;64.4	36;23118;25865;+;63.8	36;23118;25865;+;153.5	36;23118;25865;+;46.1	37;25877;26593;+;94.2	38;26605;27699;+;150.1		40;28214;28900;+;169.0	41;28897;29805;+;142.4	42;29798;30916;+;163.9	0;42;695;+;86.5	1;727;2544;+;314.8		pfam	pfam_only	A	7/7	canonical	1	1	unscoreable	1	0	0														not_admitted	not_admitted	not_admitted	not_admitted	not_admitted	not_admitted	not_admitted
NZ_CP148987.1	MPF_F	IncFIB(AP001918);IncFII	153	0	0	GA	0															not_admitted	not_admitted	not_admitted	not_admitted	not_admitted	not_admitted	not_admitted	not_admitted	not_admitted	not_admitted	1	101;105263;106255;-;369.3	90;97840;99213;-;381.0	95;100803;101546;-;235.0	104;107264;109891;-;304.6	89;95021;97843;-;389.2	110;112043;113470;-;94.3	104;107264;109891;-;99.2	112;114185;114751;-;183.8	98;103628;104266;-;68.6	97;101823;103631;-;268.0	86;91244;93487;-;391.5	106;110407;110922;-;78.4	86;91244;93487;-;70.3	A	9/9	contiguous	22941	1	1	94503..95000-;165;TraS;0
NZ_CP148989.1	MPF_T	-	47	0	0	GA	1	1;567;1214;+;45.5	2;1192;1488;+;76.7	3;1507;4260;+;46.6	3;1507;4260;+;148.0	3;1507;4260;+;75.3	4;4271;5029;+;67.3	6;5326;6456;+;103.0		7;6702;7415;+;119.7	8;7420;8349;+;133.8	9;8346;9551;+;132.5	10;9553;10584;+;76.7	11;10587;12422;+;486.7		pfam	pfam_only	A	7/7	canonical	1	1	unscoreable	1	0	0														not_admitted	not_admitted	not_admitted	not_admitted	not_admitted	not_admitted	not_admitted
NZ_CP149126.1	-	-	61	0	0	GA	1	54;50178;50804;-;52.1		52;49506;49850;-;42.1	51;47140;49509;-;68.6	51;47140;49509;-;32.9	50;46487;47131;-;28.6	49;45507;46484;-;125.8		47;44616;45362;-;152.6	46;42775;44619;-;167.2	34;31565;32680;-;151.8	42;37905;39428;-;198.4	32;28653;30536;-;333.6		pfam	pfam_only	A	7/7	canonical	1	0	unscoreable	12	0	0														not_admitted	not_admitted	not_admitted	not_admitted	not_admitted	not_admitted	not_admitted
NZ_CP149133.1	MPF_T	IncX3	68	0	0	GA	1	26;21116;21760;-;46.4	25;20842;21132;-;73.1	24;18064;20817;-;47.0	24;18064;20817;-;142.4	24;18064;20817;-;73.3	23;17284;18054;-;60.1	21;15950;17005;-;133.2		20;15027;15755;-;119.4	19;14092;15021;-;138.8	18;12881;14095;-;128.3	16;11651;12685;-;65.7	15;9813;11648;-;495.9		pfam	pfam_only	A	7/7	canonical	1	1	unscoreable	2	0	0														not_admitted	not_admitted	not_admitted	not_admitted	not_admitted	not_admitted	not_admitted
NZ_CP149137.1	MPF_F	IncHI2;IncHI2A	235	0	0	GA	0															not_admitted	not_admitted	not_admitted	not_admitted	not_admitted	not_admitted	not_admitted	not_admitted	not_admitted	not_admitted	1	138;117381;118439;-;276.9			154;138011;140692;-;168.0		158;143022;144377;-;80.7	154;138011;140692;-;72.2	161;146101;146889;-;74.8	140;118581;120092;-;61.8	137;114174;117362;-;57.3		155;140701;141651;-;46.1		C	6/9	contiguous	31927	0	1	
NZ_CP149143.1	MPF_F	IncHI2;IncHI2A	255	0	0	GA	0															not_admitted	not_admitted	not_admitted	not_admitted	not_admitted	not_admitted	not_admitted	not_admitted	not_admitted	not_admitted	1	27;31208;32266;+;276.9			11;8955;11636;+;168.0		7;5270;6625;+;80.7	11;8955;11636;+;72.2	4;2758;3546;+;74.8	25;29555;31066;+;61.8	28;32285;35473;+;57.3		10;7996;8946;+;46.1		C	6/9	split_2	29527	0	1	
NZ_CP149147.1	MPF_F	IncHI2;IncHI2A	237	0	0	GA	0															not_admitted	not_admitted	not_admitted	not_admitted	not_admitted	not_admitted	not_admitted	not_admitted	not_admitted	not_admitted	1	132;118095;119153;-;276.9			148;138725;141406;-;168.0		152;143736;145091;-;80.7	148;138725;141406;-;72.2	155;146815;147603;-;74.8	134;119295;120806;-;61.8	131;114888;118076;-;57.3		149;141415;142365;-;46.1		C	6/9	contiguous	31927	0	1	
NZ_CP149151.1	MPF_F	IncHI2;IncHI2A	227	0	0	GA	0															not_admitted	not_admitted	not_admitted	not_admitted	not_admitted	not_admitted	not_admitted	not_admitted	not_admitted	not_admitted	1	159;142012;143070;+;276.9			143;119759;122440;+;168.0		139;116074;117429;+;80.7	143;119759;122440;+;72.2	136;113562;114350;+;74.8	157;140359;141870;+;61.8	160;143089;146277;+;57.3		142;118800;119750;+;46.1		C	6/9	split_2	29527	0	1	
NZ_CP149155.1	MPF_F	IncHI2;IncHI2A	227	0	0	GA	0															not_admitted	not_admitted	not_admitted	not_admitted	not_admitted	not_admitted	not_admitted	not_admitted	not_admitted	not_admitted	1	159;142012;143070;+;276.9			143;119759;122440;+;168.0		139;116074;117429;+;80.7	143;119759;122440;+;72.2	136;113562;114350;+;74.8	157;140359;141870;+;61.8	160;143089;146277;+;57.3		142;118800;119750;+;46.1		C	6/9	split_2	29527	0	1	
NZ_CP149160.1	MPF_F	IncHI2;IncHI2A	255	0	0	GA	0															not_admitted	not_admitted	not_admitted	not_admitted	not_admitted	not_admitted	not_admitted	not_admitted	not_admitted	not_admitted	1	27;31208;32266;+;276.9			11;8955;11636;+;168.0		7;5270;6625;+;80.7	11;8955;11636;+;72.2	4;2758;3546;+;74.8	25;29555;31066;+;61.8	28;32285;35473;+;57.3		10;7996;8946;+;46.1		C	6/9	split_2	29527	0	1	
NZ_CP149164.1	MPF_F	IncHI2;IncHI2A	237	0	0	GA	0															not_admitted	not_admitted	not_admitted	not_admitted	not_admitted	not_admitted	not_admitted	not_admitted	not_admitted	not_admitted	1	98;95996;97054;+;276.9			82;73743;76424;+;168.0		78;70058;71413;+;80.7	82;73743;76424;+;72.2	75;67546;68334;+;74.8	96;94343;95854;+;61.8	99;97073;100261;+;57.3		81;72784;73734;+;46.1		C	6/9	split_2	29527	0	1	
NZ_CP149168.1	MPF_F	IncHI2;IncHI2A	255	0	0	GA	0															not_admitted	not_admitted	not_admitted	not_admitted	not_admitted	not_admitted	not_admitted	not_admitted	not_admitted	not_admitted	1	27;31208;32266;+;276.9			11;8955;11636;+;168.0		7;5270;6625;+;80.7	11;8955;11636;+;72.2	4;2758;3546;+;74.8	25;29555;31066;+;61.8	28;32285;35473;+;57.3		10;7996;8946;+;46.1		C	6/9	split_2	29527	0	1	
NZ_CP149172.1	MPF_F	IncHI2;IncHI2A	256	0	0	GA	0															not_admitted	not_admitted	not_admitted	not_admitted	not_admitted	not_admitted	not_admitted	not_admitted	not_admitted	not_admitted	1	27;31208;32266;+;276.9			11;8955;11636;+;168.0		7;5270;6625;+;80.7	11;8955;11636;+;72.2	4;2758;3546;+;74.8	25;29555;31066;+;61.8	28;32285;35473;+;57.3		10;7996;8946;+;46.1		C	6/9	split_2	29527	0	1	
NZ_CP149176.1	MPF_F	IncHI2;IncHI2A	237	0	0	GA	0															not_admitted	not_admitted	not_admitted	not_admitted	not_admitted	not_admitted	not_admitted	not_admitted	not_admitted	not_admitted	1	41;47309;48367;+;276.9			25;25056;27737;+;168.0		21;21371;22726;+;80.7	25;25056;27737;+;72.2	18;18859;19647;+;74.8	39;45656;47167;+;61.8	42;48386;51574;+;57.3		24;24097;25047;+;46.1		C	6/9	split_2	29527	0	1	
NZ_CP149188.1	MPF_F	IncFII	80	0	0	GA	0															not_admitted	not_admitted	not_admitted	not_admitted	not_admitted	not_admitted	not_admitted	not_admitted	not_admitted	not_admitted	1	56;48329;49321;+;369.5	66;55100;56473;+;381.7	61;52427;53170;+;234.4	53;44690;47320;+;304.1	67;56470;59292;+;374.0	45;39837;41288;+;94.2	53;44690;47320;+;97.1	43;38556;39122;+;174.3	58;49665;50303;+;68.6	59;50300;52150;+;266.1	71;61564;63816;+;391.1	48;42148;42663;+;78.4	71;61564;63816;+;70.3	A	9/9	contiguous	23008	1	1	59314..59793+;159;TraS;0
NZ_CP149191.1	MPF_F	IncFII	85	0	0	GA	0															not_admitted	not_admitted	not_admitted	not_admitted	not_admitted	not_admitted	not_admitted	not_admitted	not_admitted	not_admitted	1	61;52370;53362;+;369.5	71;59141;60514;+;381.7	66;56468;57211;+;234.4	58;48731;51361;+;304.1	72;60511;63333;+;374.0	50;43878;45329;+;94.2	58;48731;51361;+;97.1	48;42597;43163;+;174.3	63;53706;54344;+;68.6	64;54341;56191;+;266.1	76;65605;67857;+;391.1	53;46189;46704;+;78.4	76;65605;67857;+;70.3	A	9/9	contiguous	23008	1	1	63355..63834+;159;TraS;0
NZ_CP149193.1	MPF_F	IncFII	85	0	0	GA	0															not_admitted	not_admitted	not_admitted	not_admitted	not_admitted	not_admitted	not_admitted	not_admitted	not_admitted	not_admitted	1	61;52370;53362;+;369.5	71;59141;60514;+;381.7	66;56468;57211;+;234.4	58;48731;51361;+;304.1	72;60511;63333;+;374.0	50;43878;45329;+;94.2	58;48731;51361;+;97.1	48;42597;43163;+;174.3	63;53706;54344;+;68.6	64;54341;56191;+;266.1	76;65605;67857;+;391.1	53;46189;46704;+;78.4	76;65605;67857;+;70.3	A	9/9	contiguous	23008	1	1	63355..63834+;159;TraS;0
NZ_CP149195.1	MPF_F	IncFII	85	0	0	GA	0															not_admitted	not_admitted	not_admitted	not_admitted	not_admitted	not_admitted	not_admitted	not_admitted	not_admitted	not_admitted	1	61;52370;53362;+;369.5	71;59141;60514;+;381.7	66;56468;57211;+;234.4	58;48731;51361;+;304.1	72;60511;63333;+;374.0	50;43878;45329;+;94.2	58;48731;51361;+;97.1	48;42597;43163;+;174.3	63;53706;54344;+;68.6	64;54341;56191;+;266.1	76;65605;67857;+;391.1	53;46189;46704;+;78.4	76;65605;67857;+;70.3	A	9/9	contiguous	23008	1	1	63355..63834+;159;TraS;0
NZ_CP149197.1	MPF_F	IncFII	85	0	0	GA	0															not_admitted	not_admitted	not_admitted	not_admitted	not_admitted	not_admitted	not_admitted	not_admitted	not_admitted	not_admitted	1	61;52370;53362;+;369.5	71;59141;60514;+;381.7	66;56468;57211;+;234.4	58;48731;51361;+;304.1	72;60511;63333;+;374.0	50;43878;45329;+;94.2	58;48731;51361;+;97.1	48;42597;43163;+;174.3	63;53706;54344;+;68.6	64;54341;56191;+;266.1	76;65605;67857;+;391.1	53;46189;46704;+;78.4	76;65605;67857;+;70.3	A	9/9	contiguous	23008	1	1	63355..63834+;159;TraS;0
NZ_CP149199.1	MPF_F	IncFII	85	0	0	GA	0															not_admitted	not_admitted	not_admitted	not_admitted	not_admitted	not_admitted	not_admitted	not_admitted	not_admitted	not_admitted	1	61;52370;53362;+;369.5	71;59141;60514;+;381.7	66;56468;57211;+;234.4	58;48731;51361;+;304.1	72;60511;63333;+;374.0	50;43878;45329;+;94.2	58;48731;51361;+;97.1	48;42597;43163;+;174.3	63;53706;54344;+;68.6	64;54341;56191;+;266.1	76;65605;67857;+;391.1	53;46189;46704;+;78.4	76;65605;67857;+;70.3	A	9/9	contiguous	23008	1	1	63355..63834+;159;TraS;0
NZ_CP149201.1	MPF_F	IncFIB(pB171);IncFIC(FII)	148	0	0	GA	0															not_admitted	not_admitted	not_admitted	not_admitted	not_admitted	not_admitted	not_admitted	not_admitted	not_admitted	not_admitted	1	24;28661;29653;-;369.3	15;22227;23600;-;381.0	20;25189;25932;-;233.3	28;32125;33288;-;241.4	14;19660;22230;-;389.5	34;35343;36770;-;94.7	27;30662;32143;-;99.9	36;37485;38051;-;183.4	23;28014;28652;-;68.6	22;26209;28017;-;267.8	10;15695;17875;-;391.8	30;33804;34319;-;76.7	10;15695;17875;-;70.3	A	9/9	contiguous	21790	1	1	19409..19642-;77;unnamed;0
NZ_CP149205.1	MPF_F	IncFIB(S);IncFII(S);IncFII(pAR0022)	132	0	0	GA	0															not_admitted	not_admitted	not_admitted	not_admitted	not_admitted	not_admitted	not_admitted	not_admitted	not_admitted	not_admitted	1	78;55748;56740;-;365.5	68;49117;50499;-;385.0	71;51531;52280;-;228.6	81;57727;59742;-;162.5	67;46298;49120;-;390.6	89;62907;64328;-;87.9	81;57727;59742;-;100.6	92;65054;65620;-;188.4	76;54798;55436;-;70.6	73;52518;54344;-;270.6	62;43135;44079;-;313.5	86;61586;62101;-;93.3	62;43135;44079;-;61.5	A	9/9	contiguous	21919	1	1	45785..46276-;163;TraS;0
NZ_CP149211.1	MPF_F	IncFIB(S);IncFII(S);IncFII(pAR0022)	116	0	0	GA	0															not_admitted	not_admitted	not_admitted	not_admitted	not_admitted	not_admitted	not_admitted	not_admitted	not_admitted	not_admitted	1	71;62615;63607;-;366.7	62;55985;57367;-;392.4	65;58399;59148;-;226.0	74;64594;67242;-;314.1	61;53166;55988;-;394.4	82;69775;71196;-;91.5	74;64594;67242;-;97.8	84;71923;72489;-;188.1	69;61665;62303;-;70.6	67;59386;61212;-;271.0	58;49350;51512;-;374.1	79;68454;68969;-;96.7	58;49350;51512;-;72.1	A	9/9	contiguous	22573	1	1	52656..53144-;162;TraS;0
NZ_CP149213.1	MPF_F	IncFIB(S);IncFII(S);IncFII(pAR0022)	116	0	0	GA	0															not_admitted	not_admitted	not_admitted	not_admitted	not_admitted	not_admitted	not_admitted	not_admitted	not_admitted	not_admitted	1	71;62615;63607;-;366.7	62;55985;57367;-;392.4	65;58399;59148;-;226.0	74;64594;67242;-;314.1	61;53166;55988;-;394.4	82;69775;71196;-;91.5	74;64594;67242;-;97.8	84;71923;72489;-;188.1	69;61665;62303;-;70.6	67;59386;61212;-;271.0	58;49350;51512;-;374.1	79;68454;68969;-;96.7	58;49350;51512;-;72.1	A	9/9	contiguous	22573	1	1	52656..53144-;162;TraS;0
NZ_CP149215.1	MPF_F	IncFIB(AP001918);IncFIC(FII)	116	0	0	GA	0															not_admitted	not_admitted	not_admitted	not_admitted	not_admitted	not_admitted	not_admitted	not_admitted	not_admitted	not_admitted	1	1;2331;3323;-;369.3	110;103619;104992;-;380.7	114;106213;106956;-;232.7	4;4332;6959;-;303.5	109;100800;103622;-;380.3	8;8871;10298;-;94.3	4;4332;6959;-;100.3	10;11013;11579;-;183.8	0;1684;2322;-;68.3		106;97086;99266;-;391.8	5;7475;7990;-;78.0	106;97086;99266;-;70.4	B	8/9	split_2	104529	1	0	100282..100779-;165;TraS;0
NZ_CP149219.1	MPF_F	IncFIB(AP001918);IncFIC(FII)	113	0	0	GA	0															not_admitted	not_admitted	not_admitted	not_admitted	not_admitted	not_admitted	not_admitted	not_admitted	not_admitted	not_admitted	1	55;58221;59213;-;369.3	47;52152;53525;-;380.7	51;54746;55489;-;232.7	58;60222;62849;-;303.5	46;49333;52155;-;380.3	62;64761;66188;-;94.3	58;60222;62849;-;100.3	64;66903;67469;-;183.8	54;57574;58212;-;68.3	53;55769;57577;-;268.3	43;45619;47799;-;391.8	59;63365;63880;-;78.0	43;45619;47799;-;70.4	A	9/9	contiguous	21284	1	1	48815..49312-;165;TraS;0
NZ_CP149229.1	MPF_F	IncHI2;IncHI2A	270	0	0	GA	0															not_admitted	not_admitted	not_admitted	not_admitted	not_admitted	not_admitted	not_admitted	not_admitted	not_admitted	not_admitted	1	27;31208;32266;+;276.9	184;167507;168922;-;194.1	185;168912;169958;-;174.3	11;8955;11636;+;168.0	183;163545;167498;-;101.7	7;5270;6625;+;80.7	11;8955;11636;+;72.2	4;2758;3546;+;74.8	25;29555;31066;+;62.0	28;32285;35473;+;57.3	192;177000;179084;+;56.8	10;7996;8946;+;46.1	192;177000;179084;+;38.8	A	9/9	split_3	174242	1	1	162075..163364-;429;unnamed;0
NZ_CP149234.1	MPF_F	IncHI2;IncHI2A	271	0	0	GA	0															not_admitted	not_admitted	not_admitted	not_admitted	not_admitted	not_admitted	not_admitted	not_admitted	not_admitted	not_admitted	1	27;31208;32266;+;276.9	184;170133;171548;-;194.1	185;171538;172584;-;174.3	11;8955;11636;+;168.0	183;166171;170124;-;101.7	7;5270;6625;+;80.7	11;8955;11636;+;72.2	4;2758;3546;+;74.8	25;29555;31066;+;62.0	28;32285;35473;+;57.3	192;179626;181710;+;56.8	10;7996;8946;+;46.1	192;179626;181710;+;38.8	A	9/9	split_3	176868	1	1	164701..165990-;429;unnamed;0
NZ_CP149235.1	MPF_F	IncFIB(AP001918);IncFIC(FII)	119	0	0	GA	0															not_admitted	not_admitted	not_admitted	not_admitted	not_admitted	not_admitted	not_admitted	not_admitted	not_admitted	not_admitted	1	61;61470;62462;-;369.3	53;55401;56774;-;380.7	57;57995;58738;-;232.7	64;63471;66098;-;303.5	52;52582;55404;-;380.3	68;68010;69437;-;94.3	64;63471;66098;-;100.3	70;70152;70718;-;183.8	60;60823;61461;-;68.3	59;59018;60826;-;268.3	49;48868;51048;-;391.8	65;66614;67129;-;78.0	49;48868;51048;-;70.4	A	9/9	contiguous	21284	1	1	52064..52561-;165;TraS;0
NZ_CP149238.1	MPF_T	IncFII(pCRY)	39	0	0	GA	1	34;27374;28084;-;47.5	33;27072;27377;-;73.1	32;24321;27059;-;49.1	32;24321;27059;-;151.1	32;24321;27059;-;32.2	31;23592;24302;-;141.2	29;22267;23340;-;160.6		27;21362;22045;-;195.9	26;20457;21362;-;154.9	25;19163;20413;-;147.1	24;18148;19173;-;66.1	20;14557;16293;-;45.3		pfam	pfam_only	A	7/7	canonical	1	1	unscoreable	5	0	0														not_admitted	not_admitted	not_admitted	not_admitted	not_admitted	not_admitted	not_admitted
NZ_CP149247.1	MPF_F	IncFIB(AP001918);IncFIC(FII)	118	0	0	GA	0															not_admitted	not_admitted	not_admitted	not_admitted	not_admitted	not_admitted	not_admitted	not_admitted	not_admitted	not_admitted	1	43;46681;47673;-;369.3	35;40612;41985;-;380.7	39;43206;43949;-;232.7	46;48682;51309;-;303.5	34;37793;40615;-;380.3	50;53221;54648;-;94.3	46;48682;51309;-;100.3	52;55363;55929;-;183.8	42;46034;46672;-;68.3	41;44229;46037;-;268.3	31;34079;36259;-;391.8	47;51825;52340;-;78.0	31;34079;36259;-;70.4	A	9/9	contiguous	21284	1	1	37275..37772-;165;TraS;0
NZ_CP149258.1	MPF_F	IncHI2;IncHI2A	270	0	0	GA	0															not_admitted	not_admitted	not_admitted	not_admitted	not_admitted	not_admitted	not_admitted	not_admitted	not_admitted	not_admitted	1	27;31208;32266;+;276.9	184;167507;168922;-;194.1	185;168912;169958;-;174.3	11;8955;11636;+;168.0	183;163545;167498;-;101.7	7;5270;6625;+;80.7	11;8955;11636;+;72.2	4;2758;3546;+;74.8	25;29555;31066;+;62.0	28;32285;35473;+;57.3	192;177000;179084;+;56.8	10;7996;8946;+;46.1	192;177000;179084;+;38.8	A	9/9	split_3	174242	1	1	162075..163364-;429;unnamed;0
NZ_CP149264.1	MPF_F	IncFIB(AP001918);IncFIC(FII)	117	0	0	GA	0															not_admitted	not_admitted	not_admitted	not_admitted	not_admitted	not_admitted	not_admitted	not_admitted	not_admitted	not_admitted	1	47;49121;50113;-;369.3	39;43052;44425;-;380.7	43;45646;46389;-;232.7	50;51122;53749;-;303.5	38;40233;43055;-;380.3	54;55661;57088;-;94.3	50;51122;53749;-;100.3	56;57803;58369;-;183.8	46;48474;49112;-;68.3	45;46669;48477;-;268.3	35;36519;38699;-;391.8	51;54265;54780;-;78.0	35;36519;38699;-;70.4	A	9/9	contiguous	21284	1	1	39715..40212-;165;TraS;0
NZ_CP149276.1	MPF_F	IncHI2;IncHI2A	317	0	0	GA	0															not_admitted	not_admitted	not_admitted	not_admitted	not_admitted	not_admitted	not_admitted	not_admitted	not_admitted	not_admitted	1	29;32275;33333;+;276.9	195;182588;184003;-;194.1	196;183993;185039;-;173.7	11;8955;11636;+;168.0	194;178629;182579;-;101.6	7;5270;6625;+;80.7	11;8955;11636;+;72.2	4;2758;3546;+;74.8	27;30622;32133;+;62.7	30;33352;36540;+;58.3	202;192080;194164;+;56.7	10;7996;8946;+;46.4	202;192080;194164;+;38.8	A	9/9	split_3	189322	0	1	
NZ_CP149279.1	MPF_F	IncHI2;IncHI2A	252	0	0	GA	0															not_admitted	not_admitted	not_admitted	not_admitted	not_admitted	not_admitted	not_admitted	not_admitted	not_admitted	not_admitted	1	27;31208;32266;+;276.9	182;166464;167879;-;194.1	183;167869;168915;-;174.3	11;8955;11636;+;168.0	181;162502;166455;-;101.7	7;5270;6625;+;80.7	11;8955;11636;+;72.2	4;2758;3546;+;74.8	25;29555;31066;+;62.0	28;32285;35473;+;57.3	190;175957;178041;+;56.8	10;7996;8946;+;46.1	190;175957;178041;+;38.8	A	9/9	split_3	173199	1	1	161032..162321-;429;unnamed;0
NZ_CP149286.1	MPF_F	IncHI2;IncHI2A	317	0	0	GA	0															not_admitted	not_admitted	not_admitted	not_admitted	not_admitted	not_admitted	not_admitted	not_admitted	not_admitted	not_admitted	1	29;32275;33333;+;276.9	195;182588;184003;-;194.1	196;183993;185039;-;173.7	11;8955;11636;+;168.0	194;178629;182579;-;101.6	7;5270;6625;+;80.7	11;8955;11636;+;72.2	4;2758;3546;+;74.8	27;30622;32133;+;62.7	30;33352;36540;+;58.3	202;192080;194164;+;56.7	10;7996;8946;+;46.4	202;192080;194164;+;38.8	A	9/9	split_3	189322	0	1	
NZ_CP149288.1	MPF_F	IncHI2;IncHI2A	237	0	0	GA	0															not_admitted	not_admitted	not_admitted	not_admitted	not_admitted	not_admitted	not_admitted	not_admitted	not_admitted	not_admitted	1	132;118095;119153;-;276.9			148;138725;141406;-;168.0		152;143736;145091;-;80.7	148;138725;141406;-;72.2	155;146815;147603;-;74.8	134;119295;120806;-;61.8	131;114888;118076;-;57.3		149;141415;142365;-;46.1		C	6/9	contiguous	31927	0	1	
NZ_CP149292.1	MPF_F	IncFIB(S);IncFII(S);IncFII(pAR0022);IncX1	202	1	1	GA	1	65;50892;51362;-;73.0	183;143942;144238;-;77.5	182;143012;143923;-;49.8	181;142405;142857;-;87.0	182;143012;143923;-;79.3		176;139031;140164;-;104.8		175;138073;138786;-;118.5	174;137139;138068;-;133.8	173;135937;137142;-;132.5	172;134904;135935;-;76.5	170;133064;134248;-;343.2	91;66647;68275;+;271.3	none	none	A	7/7	canonical	0	0	unscoreable	37	0	1	87;64053;65045;+;366.7	96;70294;70944;+;201.4	93;68513;69262;+;231.0	84;61052;63067;+;167.2	98;71672;74494;+;394.4	173;135937;137142;-;132.5	84;61052;63067;+;98.7	71;54108;54674;+;185.6	89;65357;65995;+;70.7	91;66647;68275;+;271.3	101;76147;78390;+;374.0	77;57627;58142;+;96.7	170;133064;134248;-;85.8	A	9/9	split_2	81829	1	1	74516..75004+;162;TraS;0
NZ_CP149308.1	MPF_F	IncFIB(pB171);IncFIC(FII)	143	0	0	GA	0															not_admitted	not_admitted	not_admitted	not_admitted	not_admitted	not_admitted	not_admitted	not_admitted	not_admitted	not_admitted	1	72;66064;67056;-;369.3	63;59630;61003;-;381.0	68;62592;63335;-;233.3	75;68065;70692;-;305.4	62;56811;59633;-;389.2	81;72747;74174;-;94.7	75;68065;70692;-;98.5	83;74889;75455;-;183.4	71;65417;66055;-;68.6	70;63612;65420;-;267.8	59;53097;55277;-;391.8	77;71208;71723;-;76.7	59;53097;55277;-;70.3	A	9/9	contiguous	21792	1	1	56293..56790-;165;TraS;1
NZ_CP149313.1	MPF_F	IncFIB(pB171);IncFIC(FII)	143	0	0	GA	0															not_admitted	not_admitted	not_admitted	not_admitted	not_admitted	not_admitted	not_admitted	not_admitted	not_admitted	not_admitted	1	5;3860;4852;-;369.3	139;117570;118943;-;381.0	1;388;1131;-;233.3	8;5861;8488;-;305.4	138;114751;117573;-;389.2	14;10543;11970;-;94.7	8;5861;8488;-;98.5	16;12685;13251;-;183.4	4;3213;3851;-;68.6	3;1408;3216;-;267.8	135;111037;113217;-;391.8	10;9004;9519;-;76.7	135;111037;113217;-;70.3	A	9/9	split_2	117182	1	1	114233..114730-;165;TraS;1
NZ_CP149318.1	MPF_F	IncFIB(S);IncFII(S);IncFII(pAR0022)	119	0	0	GA	0															not_admitted	not_admitted	not_admitted	not_admitted	not_admitted	not_admitted	not_admitted	not_admitted	not_admitted	not_admitted	1	47;46356;47348;-;366.7	38;39726;41108;-;392.4	41;42140;42889;-;231.0	50;48335;50983;-;314.1	37;36907;39729;-;394.4	59;54582;56003;-;91.5	50;48335;50983;-;97.8	61;56730;57296;-;185.6	45;45406;46044;-;70.6	43;43127;44953;-;271.0	34;33010;35253;-;374.0	56;53261;53776;-;96.7	34;33010;35253;-;72.0	A	9/9	contiguous	23720	1	1	36397..36885-;162;TraS;0
NZ_CP149319.1	MPF_T	IncX1	71	0	0	GA	1	18;10671;11318;+;45.2	19;11296;11592;+;77.5	20;11611;14364;+;47.9	20;11611;14364;+;147.9	20;11611;14364;+;75.3	21;14375;15133;+;67.3	23;15371;16504;+;106.3		24;16749;17462;+;118.5	25;17467;18396;+;133.8	26;18393;19598;+;132.5	27;19600;20631;+;76.5	28;20634;22469;+;489.3		pfam	pfam_only	A	7/7	canonical	1	1	unscoreable	1	0	0														not_admitted	not_admitted	not_admitted	not_admitted	not_admitted	not_admitted	not_admitted
NZ_CP149321.1	MPF_F	IncFIB(S);IncFII(S);IncFII(pAR0022)	119	0	0	GA	0															not_admitted	not_admitted	not_admitted	not_admitted	not_admitted	not_admitted	not_admitted	not_admitted	not_admitted	not_admitted	1	47;46361;47353;-;366.7	38;39731;41113;-;392.4	41;42145;42894;-;231.0	50;48340;50988;-;314.1	37;36912;39734;-;394.4	59;54587;56008;-;91.5	50;48340;50988;-;97.8	61;56735;57301;-;185.6	45;45411;46049;-;70.6	43;43132;44958;-;271.0	34;33015;35258;-;374.0	56;53266;53781;-;96.7	34;33015;35258;-;72.0	A	9/9	contiguous	23720	1	1	36402..36890-;162;TraS;0
NZ_CP149322.1	MPF_T	IncX1	71	0	0	GA	1	27;24826;25473;-;45.2	26;24552;24848;-;77.5	25;21780;24533;-;47.9	25;21780;24533;-;147.9	25;21780;24533;-;75.3	24;21011;21769;-;67.3	22;19640;20773;-;106.3		21;18682;19395;-;118.5	20;17748;18677;-;133.8	19;16546;17751;-;132.5	18;15513;16544;-;76.5	17;13675;15510;-;489.3		pfam	pfam_only	A	7/7	canonical	1	1	unscoreable	1	0	0														not_admitted	not_admitted	not_admitted	not_admitted	not_admitted	not_admitted	not_admitted
NZ_CP149325.1	MPF_F	IncFIB(S);IncFII(S);IncFII(pAR0022)	112	0	0	GA	0															not_admitted	not_admitted	not_admitted	not_admitted	not_admitted	not_admitted	not_admitted	not_admitted	not_admitted	not_admitted	1	41;38333;39325;-;366.7	32;31703;33085;-;392.4	35;34117;34866;-;231.0	44;40312;42960;-;314.1	31;28884;31706;-;394.4	52;45493;46914;-;91.5	44;40312;42960;-;97.8	54;47641;48207;-;185.6	39;37383;38021;-;70.6	37;35104;36930;-;271.0	28;24987;27230;-;374.0	49;44172;44687;-;96.7	28;24987;27230;-;72.0	A	9/9	contiguous	22654	1	1	28374..28862-;162;TraS;0
NZ_CP149328.1	MPF_F	IncFIB(S);IncFII(S);IncFII(pAR0022)	112	0	0	GA	0															not_admitted	not_admitted	not_admitted	not_admitted	not_admitted	not_admitted	not_admitted	not_admitted	not_admitted	not_admitted	1	41;38333;39325;-;366.7	32;31703;33085;-;392.4	35;34117;34866;-;231.0	44;40312;42960;-;314.1	31;28884;31706;-;394.4	52;45493;46914;-;91.5	44;40312;42960;-;97.8	54;47641;48207;-;185.6	39;37383;38021;-;70.6	37;35104;36930;-;271.0	28;24987;27230;-;374.0	49;44172;44687;-;96.7	28;24987;27230;-;72.0	A	9/9	contiguous	22654	1	1	28374..28862-;162;TraS;0
NZ_CP149333.1	MPF_F	IncFIB(pB171);IncFIC(FII)	144	0	0	GA	0															not_admitted	not_admitted	not_admitted	not_admitted	not_admitted	not_admitted	not_admitted	not_admitted	not_admitted	not_admitted	1	68;57202;58194;+;369.5	78;63973;65346;+;381.7	73;61300;62043;+;234.4	65;53563;56193;+;304.1	79;65343;68165;+;374.0	58;49113;50564;+;94.2	65;53563;56193;+;97.1	56;47832;48398;+;174.3	70;58538;59176;+;68.6	71;59173;61023;+;266.1	83;70437;72626;+;391.2	61;51424;51939;+;78.4	83;70437;72626;+;70.3	A	9/9	contiguous	22605	1	1	68187..68666+;159;TraS;0
NZ_CP149336.1	MPF_F	IncFIA(HI1);IncHI1A;IncHI1B(R27)	269	0	0	GA	0															not_admitted	not_admitted	not_admitted	not_admitted	not_admitted	not_admitted	not_admitted	not_admitted	not_admitted	not_admitted	1	15;14855;15907;+;277.6	180;169262;170677;-;202.4	181;170667;171713;-;171.3	267;241211;243892;+;160.6	179;165264;169253;-;103.1	263;237505;238863;+;84.0	267;241211;243892;+;76.5	260;235053;235838;+;68.7	13;13202;14710;+;65.6	16;15930;19106;+;58.9	187;178649;180733;+;50.2	266;240252;241202;+;45.2	187;178649;180733;+;36.5	A	9/9	split_3	228009	0	1	
NZ_CP149340.1	MPF_F	IncFIB(S);IncFII(S);IncFII(pAR0022)	119	0	0	GA	0															not_admitted	not_admitted	not_admitted	not_admitted	not_admitted	not_admitted	not_admitted	not_admitted	not_admitted	not_admitted	1	47;46361;47353;-;366.7	38;39731;41113;-;392.4	41;42145;42894;-;231.0	50;48340;50988;-;314.1	37;36912;39734;-;394.4	59;54587;56008;-;91.5	50;48340;50988;-;97.8	61;56735;57301;-;185.6	45;45411;46049;-;70.6	43;43132;44958;-;271.0	34;33015;35258;-;374.0	56;53266;53781;-;96.7	34;33015;35258;-;72.0	A	9/9	contiguous	23720	1	1	36402..36890-;162;TraS;0
NZ_CP149341.1	MPF_T	IncX1	71	0	0	GA	1	18;10671;11318;+;45.2	19;11296;11592;+;77.5	20;11611;14364;+;47.9	20;11611;14364;+;147.9	20;11611;14364;+;75.3	21;14375;15133;+;67.3	23;15371;16504;+;106.3		24;16749;17462;+;118.5	25;17467;18396;+;133.8	26;18393;19598;+;132.5	27;19600;20631;+;76.5	28;20634;22469;+;489.3		pfam	pfam_only	A	7/7	canonical	1	1	unscoreable	1	0	0														not_admitted	not_admitted	not_admitted	not_admitted	not_admitted	not_admitted	not_admitted
NZ_CP149344.1	MPF_F	IncFIB(S);IncFII(S);IncFII(pAR0022)	121	0	0	GA	0															not_admitted	not_admitted	not_admitted	not_admitted	not_admitted	not_admitted	not_admitted	not_admitted	not_admitted	not_admitted	1	49;46360;47352;-;366.7	40;39730;41112;-;392.4	43;42144;42893;-;231.0	52;48339;50987;-;314.1	39;36911;39733;-;394.4	61;54586;56007;-;91.5	52;48339;50987;-;97.8	63;56734;57300;-;185.6	47;45410;46048;-;70.6	45;43131;44957;-;271.0	36;33014;35257;-;374.0	58;53265;53780;-;96.7	36;33014;35257;-;72.0	A	9/9	contiguous	23720	1	1	36401..36889-;162;TraS;0
NZ_CP149345.1	MPF_T	IncX1	71	0	0	GA	1	18;10671;11318;+;45.2	19;11296;11592;+;77.5	20;11611;14364;+;47.9	20;11611;14364;+;147.9	20;11611;14364;+;75.3	21;14375;15133;+;67.3	23;15371;16504;+;106.3		24;16749;17462;+;118.5	25;17467;18396;+;133.8	26;18393;19598;+;132.5	27;19600;20631;+;76.5	28;20634;22469;+;489.3		pfam	pfam_only	A	7/7	canonical	1	1	unscoreable	1	0	0														not_admitted	not_admitted	not_admitted	not_admitted	not_admitted	not_admitted	not_admitted
NZ_CP149349.1	MPF_F	IncFIB(S);IncFII(S);IncFII(pAR0022)	118	0	0	GA	0															not_admitted	not_admitted	not_admitted	not_admitted	not_admitted	not_admitted	not_admitted	not_admitted	not_admitted	not_admitted	1	10;8185;9177;-;366.7	1;1555;2937;-;392.4	4;3969;4718;-;226.0	13;10164;12812;-;314.1		21;15345;16766;-;91.5	13;10164;12812;-;97.8	23;17493;18059;-;188.1	8;7235;7873;-;70.6	6;4956;6782;-;271.0	114;89592;91754;-;374.1	18;14024;14539;-;96.7	114;89592;91754;-;72.1	B	8/9	split_2	88037	0	1	
NZ_CP149351.1	MPF_F	IncFIB(AP001918);IncFIC(FII)	155	0	0	GA	0															not_admitted	not_admitted	not_admitted	not_admitted	not_admitted	not_admitted	not_admitted	not_admitted	not_admitted	not_admitted	1	110;81979;82971;-;370.5	101;75912;77285;-;388.0	105;78640;79248;-;169.0	113;83980;86307;-;238.1	100;73408;75915;-;386.3	120;88523;89950;-;98.2	113;83980;86307;-;98.4	122;90665;91231;-;183.2	109;81332;81970;-;68.3	107;79528;80799;-;270.3	96;70016;71557;-;338.8	116;87243;87641;-;27.6	96;70016;71557;-;63.0	A	9/9	contiguous	20649	1	1	73092..73436-;114;unnamed;0
NZ_CP149358.1	MPF_T	pXuzhou21	52	0	0	GA	1	40;24114;24791;+;28.6			43;25548;28070;+;58.7	43;25548;28070;+;38.4	44;28054;28734;+;83.2	35;19417;20469;-;92.8		45;28959;29750;+;139.8	46;29771;30559;+;168.9	47;30552;31778;+;157.0	48;31855;32916;+;77.5	49;32938;34959;+;311.2		pfam	pfam_only	A	7/7	uncallable	0	0	unscoreable	6	0	0														not_admitted	not_admitted	not_admitted	not_admitted	not_admitted	not_admitted	not_admitted
NZ_CP149362.1	MPF_F	IncFIB(S);IncFII(S);IncFII(pAR0022)	114	0	0	GA	0															not_admitted	not_admitted	not_admitted	not_admitted	not_admitted	not_admitted	not_admitted	not_admitted	not_admitted	not_admitted	1	24;24345;25337;-;366.7	15;17715;19097;-;392.4	18;20129;20878;-;226.0	27;26324;28972;-;314.1	14;14896;17718;-;394.4	35;31505;32926;-;91.5	27;26324;28972;-;97.8	37;33653;34219;-;188.1	22;23395;24033;-;70.6	20;21116;22942;-;271.0	11;11080;13242;-;374.1	32;30184;30699;-;96.7	11;11080;13242;-;72.1	A	9/9	contiguous	22573	1	1	14386..14874-;162;TraS;0
NZ_CP149363.1	MPF_T	-	41	0	0	GA	1		14;14781;15089;+;67.6	15;15100;15417;+;84.6	16;15414;17864;+;144.0	16;15414;17864;+;84.6	17;17886;18530;+;97.0	19;18803;19816;+;161.4		21;20166;20924;+;142.7	22;20927;21748;+;197.9	23;21748;22935;+;188.9	24;22913;23950;+;83.0	25;23913;25841;+;404.0		pfam	both	A	7/7	canonical	1	0	unscoreable	2	0	0														not_admitted	not_admitted	not_admitted	not_admitted	not_admitted	not_admitted	not_admitted
NZ_CP149367.1	MPF_F	IncFIB(S);IncFII(S);IncFII(pAR0022)	117	0	0	GA	0															not_admitted	not_admitted	not_admitted	not_admitted	not_admitted	not_admitted	not_admitted	not_admitted	not_admitted	not_admitted	1	41;38251;39243;-;366.7	32;31621;33003;-;392.4	35;34035;34784;-;226.0	44;40230;42878;-;314.1	31;28802;31624;-;394.4	52;45411;46832;-;91.5	44;40230;42878;-;97.8	54;47559;48125;-;188.1	39;37301;37939;-;70.6	37;35022;36848;-;271.0	28;24986;27148;-;374.1	49;44090;44605;-;96.7	28;24986;27148;-;72.1	A	9/9	contiguous	22573	1	1	28292..28780-;162;TraS;0
NZ_CP149370.1	MPF_T	pXuzhou21	52	0	0	GA	1	40;24114;24791;+;28.6			43;25548;28070;+;58.7	43;25548;28070;+;38.4	44;28054;28734;+;83.2	35;19417;20469;-;92.8		45;28959;29750;+;139.8	46;29771;30559;+;168.9	47;30552;31778;+;157.0	48;31855;32916;+;77.5	49;32938;34959;+;311.2		pfam	pfam_only	A	7/7	uncallable	0	0	unscoreable	6	0	0														not_admitted	not_admitted	not_admitted	not_admitted	not_admitted	not_admitted	not_admitted
NZ_CP149372.1	MPF_F	IncFIB(S);IncFII(S);IncFII(pAR0022)	116	0	0	GA	0															not_admitted	not_admitted	not_admitted	not_admitted	not_admitted	not_admitted	not_admitted	not_admitted	not_admitted	not_admitted	1	32;20794;21786;+;366.7	41;27034;28416;+;392.4	38;25253;26002;+;226.0	29;17159;19807;+;314.1	42;28413;31235;+;394.4	21;13205;14626;+;91.5	29;17159;19807;+;97.8	19;11912;12478;+;188.1	34;22098;22736;+;70.6	36;23189;25015;+;271.0	45;32889;35051;+;374.1	24;15432;15947;+;96.7	45;32889;35051;+;72.1	A	9/9	contiguous	20977	1	1	31257..31745+;162;TraS;0
NZ_CP149374.1	MPF_T	IncI2(Delta)	76	0	0	GA	1	8;7700;8182;+;81.1		69;50365;50649;+;36.6	70;50655;53012;+;58.5	70;50655;53012;+;44.9	60;44909;45553;+;41.0	59;43908;44903;+;123.7		72;53178;53912;+;144.3	73;53909;54679;+;170.4	74;54669;55808;+;154.7	5;4394;5932;+;207.1			pfam	pfam_only	B	6/7	rearranged	1	0	unscoreable	10	0	0														not_admitted	not_admitted	not_admitted	not_admitted	not_admitted	not_admitted	not_admitted
NZ_CP149377.1	MPF_F	IncFIB(S);IncFII(S);IncFII(pAR0022)	116	0	0	GA	0															not_admitted	not_admitted	not_admitted	not_admitted	not_admitted	not_admitted	not_admitted	not_admitted	not_admitted	not_admitted	1	41;38251;39243;-;366.7	32;31621;33003;-;392.4	35;34035;34784;-;226.0	44;40230;42878;-;314.1	31;28802;31624;-;394.4	52;45411;46832;-;91.5	44;40230;42878;-;97.8	54;47559;48125;-;188.1	39;37301;37939;-;70.6	37;35022;36848;-;271.0	28;24986;27148;-;374.1	49;44090;44605;-;96.7	28;24986;27148;-;72.1	A	9/9	contiguous	22573	1	1	28292..28780-;162;TraS;0
NZ_CP149379.1	MPF_F	IncFIB(S);IncFII(S);IncFII(pAR0022)	117	0	0	GA	0															not_admitted	not_admitted	not_admitted	not_admitted	not_admitted	not_admitted	not_admitted	not_admitted	not_admitted	not_admitted	1	41;38251;39243;-;366.7	32;31621;33003;-;392.4	35;34035;34784;-;231.0	44;40230;42878;-;314.1	31;28802;31624;-;394.4	52;45411;46832;-;91.5	44;40230;42878;-;97.8	54;47559;48125;-;188.1	39;37301;37939;-;70.6	37;35022;36848;-;270.0	28;24986;27148;-;374.1	49;44090;44605;-;96.7	28;24986;27148;-;72.1	A	9/9	contiguous	22573	1	1	28292..28780-;162;TraS;0
NZ_CP149381.1	MPF_F	IncFIB(S);IncFII(S);IncFII(pAR0022)	116	0	0	GA	0															not_admitted	not_admitted	not_admitted	not_admitted	not_admitted	not_admitted	not_admitted	not_admitted	not_admitted	not_admitted	1	41;38251;39243;-;366.7	32;31621;33003;-;392.4	35;34035;34784;-;226.0	44;40230;42878;-;314.1	31;28802;31624;-;394.4	52;45411;46832;-;91.5	44;40230;42878;-;97.8	54;47559;48125;-;188.1	39;37301;37939;-;70.6	37;35022;36848;-;271.0	28;24986;27148;-;374.1	49;44090;44605;-;96.7	28;24986;27148;-;72.1	A	9/9	contiguous	22573	1	1	28292..28780-;162;TraS;0
NZ_CP149383.1	MPF_F	IncFIB(S);IncFII(S);IncFII(pAR0022)	116	0	0	GA	0															not_admitted	not_admitted	not_admitted	not_admitted	not_admitted	not_admitted	not_admitted	not_admitted	not_admitted	not_admitted	1	41;38251;39243;-;366.7	32;31621;33003;-;392.4	35;34035;34784;-;226.0	44;40230;42878;-;314.1	31;28802;31624;-;394.4	52;45411;46832;-;91.5	44;40230;42878;-;97.8	54;47559;48125;-;188.1	39;37301;37939;-;70.6	37;35022;36848;-;271.0	28;24986;27148;-;374.1	49;44090;44605;-;96.7	28;24986;27148;-;72.1	A	9/9	contiguous	22573	1	1	28292..28780-;162;TraS;0
NZ_CP149386.1	MPF_F	IncFIB(S);IncFII(S);IncFII(pAR0022)	116	0	0	GA	0															not_admitted	not_admitted	not_admitted	not_admitted	not_admitted	not_admitted	not_admitted	not_admitted	not_admitted	not_admitted	1	41;38251;39243;-;366.7	32;31621;33003;-;392.4	35;34035;34784;-;226.0	44;40230;42878;-;314.1	31;28802;31624;-;394.4	52;45411;46832;-;91.5	44;40230;42878;-;97.8	54;47559;48125;-;188.1	39;37301;37939;-;70.6	37;35022;36848;-;271.0	28;24986;27148;-;374.1	49;44090;44605;-;96.7	28;24986;27148;-;72.1	A	9/9	contiguous	22573	1	1	28292..28780-;162;TraS;0
NZ_CP149389.1	MPF_F	IncFIB(S);IncFII(S);IncFII(pAR0022)	116	0	0	GA	0															not_admitted	not_admitted	not_admitted	not_admitted	not_admitted	not_admitted	not_admitted	not_admitted	not_admitted	not_admitted	1	41;38251;39243;-;366.7	32;31621;33003;-;392.4	35;34035;34784;-;226.0	44;40230;42878;-;314.1	31;28802;31624;-;394.4	52;45411;46832;-;91.5	44;40230;42878;-;97.8	54;47559;48125;-;188.1	39;37301;37939;-;70.6	37;35022;36848;-;271.0	28;24986;27148;-;374.1	49;44090;44605;-;96.7	28;24986;27148;-;72.1	A	9/9	contiguous	22573	1	1	28292..28780-;162;TraS;0
NZ_CP149392.1	MPF_F	IncFIB(S);IncFII(S);IncFII(pAR0022)	116	0	0	GA	0															not_admitted	not_admitted	not_admitted	not_admitted	not_admitted	not_admitted	not_admitted	not_admitted	not_admitted	not_admitted	1	41;38251;39243;-;366.7	32;31621;33003;-;392.4	35;34035;34784;-;226.0	44;40230;42878;-;314.1	31;28802;31624;-;394.4	52;45411;46832;-;91.5	44;40230;42878;-;97.8	54;47559;48125;-;188.1	39;37301;37939;-;70.6	37;35022;36848;-;271.0	28;24986;27148;-;374.1	49;44090;44605;-;96.7	28;24986;27148;-;72.1	A	9/9	contiguous	22573	1	1	28292..28780-;162;TraS;0
NZ_CP149395.1	MPF_F	IncFIB(S);IncFII(S);IncFII(pAR0022)	116	0	0	GA	0															not_admitted	not_admitted	not_admitted	not_admitted	not_admitted	not_admitted	not_admitted	not_admitted	not_admitted	not_admitted	1	41;38251;39243;-;366.7	32;31621;33003;-;392.4	35;34035;34784;-;226.0	44;40230;42878;-;314.1	31;28802;31624;-;394.4	52;45411;46832;-;91.5	44;40230;42878;-;97.8	54;47559;48125;-;188.1	39;37301;37939;-;70.6	37;35022;36848;-;271.0	28;24986;27148;-;374.1	49;44090;44605;-;96.7	28;24986;27148;-;72.1	A	9/9	contiguous	22573	1	1	28292..28780-;162;TraS;0
NZ_CP149398.1	MPF_F	IncFIB(S);IncFII(S);IncFII(pAR0022)	116	0	0	GA	0															not_admitted	not_admitted	not_admitted	not_admitted	not_admitted	not_admitted	not_admitted	not_admitted	not_admitted	not_admitted	1	41;38251;39243;-;366.7	32;31621;33003;-;392.4	35;34035;34784;-;226.0	44;40230;42878;-;314.1	31;28802;31624;-;394.4	52;45411;46832;-;91.5	44;40230;42878;-;97.8	54;47559;48125;-;188.1	39;37301;37939;-;70.6	37;35022;36848;-;271.0	28;24986;27148;-;374.1	49;44090;44605;-;96.7	28;24986;27148;-;72.1	A	9/9	contiguous	22573	1	1	28292..28780-;162;TraS;0
NZ_CP149401.1	MPF_F	IncFIB(S);IncFII(S);IncFII(pAR0022)	116	0	0	GA	0															not_admitted	not_admitted	not_admitted	not_admitted	not_admitted	not_admitted	not_admitted	not_admitted	not_admitted	not_admitted	1	41;38251;39243;-;366.7	32;31621;33003;-;392.4	35;34035;34784;-;226.0	44;40230;42878;-;314.1	31;28802;31624;-;394.4	52;45411;46832;-;91.5	44;40230;42878;-;97.8	54;47559;48125;-;188.1	39;37301;37939;-;70.6	37;35022;36848;-;271.0	28;24986;27148;-;374.1	49;44090;44605;-;96.7	28;24986;27148;-;72.1	A	9/9	contiguous	22573	1	1	28292..28780-;162;TraS;0
NZ_CP149407.1	MPF_F	IncFIB(S);IncFII(S);IncFII(pAR0022)	117	0	0	GA	0															not_admitted	not_admitted	not_admitted	not_admitted	not_admitted	not_admitted	not_admitted	not_admitted	not_admitted	not_admitted	1	41;38251;39243;-;366.7	32;31621;33003;-;392.4	35;34035;34784;-;231.0	44;40230;42878;-;314.1	31;28802;31624;-;394.4	52;45411;46832;-;91.5	44;40230;42878;-;97.8	54;47559;48125;-;188.1	39;37301;37939;-;70.6	37;35022;36848;-;270.0	28;24986;27148;-;374.1	49;44090;44605;-;96.7	28;24986;27148;-;72.1	A	9/9	contiguous	22573	1	1	28292..28780-;162;TraS;0
NZ_CP149410.1	MPF_F	IncFIB(S);IncFII(S);IncFII(pAR0022)	116	0	0	GA	0															not_admitted	not_admitted	not_admitted	not_admitted	not_admitted	not_admitted	not_admitted	not_admitted	not_admitted	not_admitted	1	41;38251;39243;-;366.7	32;31621;33003;-;392.4	35;34035;34784;-;226.0	44;40230;42878;-;314.1	31;28802;31624;-;394.4	52;45411;46832;-;91.5	44;40230;42878;-;97.8	54;47559;48125;-;188.1	39;37301;37939;-;70.6	37;35022;36848;-;271.0	28;24986;27148;-;374.1	49;44090;44605;-;96.7	28;24986;27148;-;72.1	A	9/9	contiguous	22573	1	1	28292..28780-;162;TraS;0
NZ_CP149413.1	MPF_F	IncFIB(S);IncFII(S);IncFII(pAR0022)	116	0	0	GA	0															not_admitted	not_admitted	not_admitted	not_admitted	not_admitted	not_admitted	not_admitted	not_admitted	not_admitted	not_admitted	1	41;38251;39243;-;366.7	32;31621;33003;-;392.4	35;34035;34784;-;226.0	44;40230;42878;-;314.1	31;28802;31624;-;394.4	52;45411;46832;-;91.5	44;40230;42878;-;97.8	54;47559;48125;-;188.1	39;37301;37939;-;70.6	37;35022;36848;-;271.0	28;24986;27148;-;374.1	49;44090;44605;-;96.7	28;24986;27148;-;72.1	A	9/9	contiguous	22573	1	1	28292..28780-;162;TraS;0
NZ_CP149416.1	MPF_F	IncFIB(S);IncFII(S);IncFII(pAR0022)	112	0	0	GA	0															not_admitted	not_admitted	not_admitted	not_admitted	not_admitted	not_admitted	not_admitted	not_admitted	not_admitted	not_admitted	1	41;38333;39325;-;366.7	32;31703;33085;-;392.4	35;34117;34866;-;231.0	44;40312;42960;-;314.1	31;28884;31706;-;394.4	52;45493;46914;-;91.5	44;40312;42960;-;97.8	54;47641;48207;-;185.6	39;37383;38021;-;70.6	37;35104;36930;-;271.0	28;24987;27230;-;374.0	49;44172;44687;-;96.7	28;24987;27230;-;72.0	A	9/9	contiguous	22654	1	1	28374..28862-;162;TraS;0
NZ_CP149420.1	MPF_F	IncFIB(S);IncFII(S);IncFII(pAR0022)	116	0	0	GA	0															not_admitted	not_admitted	not_admitted	not_admitted	not_admitted	not_admitted	not_admitted	not_admitted	not_admitted	not_admitted	1	41;38251;39243;-;366.7	32;31621;33003;-;392.4	35;34035;34784;-;226.0	44;40230;42878;-;314.1	31;28802;31624;-;394.4	52;45411;46832;-;91.5	44;40230;42878;-;97.8	54;47559;48125;-;188.1	39;37301;37939;-;70.6	37;35022;36848;-;271.0	28;24986;27148;-;374.1	49;44090;44605;-;96.7	28;24986;27148;-;72.1	A	9/9	contiguous	22573	1	1	28292..28780-;162;TraS;0
NZ_CP149450.1	MPF_F	IncFIA(HI1);IncHI1A;IncHI1B(R27)	196	0	0	GA	0															not_admitted	not_admitted	not_admitted	not_admitted	not_admitted	not_admitted	not_admitted	not_admitted	not_admitted	not_admitted	1	149;130159;131211;+;277.6	37;33257;34672;-;201.7	38;34662;35708;-;171.3	131;108032;110713;+;160.6	36;29259;33248;-;103.1	127;104326;105684;+;84.0	131;108032;110713;+;76.5	124;101874;102659;+;68.7	147;128506;130014;+;65.6	150;131234;134410;+;58.9	44;42643;44727;+;50.2	130;107073;108023;+;45.2	44;42643;44727;+;36.5	A	9/9	split_3	101975	0	1	
NZ_CP149451.1	MPF_F	IncFII(pHN7A8);IncR;IncX1	192	0	0	GA	0															not_admitted	not_admitted	not_admitted	not_admitted	not_admitted	not_admitted	not_admitted	not_admitted	not_admitted	not_admitted	1	165;134737;135729;+;369.5	178;142562;143935;+;376.8	173;140253;140996;+;234.4	162;131101;133728;+;301.8	179;143932;146748;+;376.7	157;127619;129046;+;94.1	162;131101;133728;+;101.8	155;126338;126904;+;183.8	168;136675;137313;+;70.4	171;138126;139976;+;265.0	183;149049;151274;+;391.7	161;130070;130585;+;78.0	183;149049;151274;+;70.3	A	9/9	contiguous	22711	1	1	146781..147302+;173;unnamed;0
NZ_CP149452.1	MPF_T	IncN	65	0	0	GA	1	19;17276;18010;+;32.5	21;18310;18603;+;28.7	22;18653;18970;+;63.3	23;18970;21570;+;111.8	23;18970;21570;+;76.8	24;21588;22301;+;97.1	26;22552;23592;+;153.6		27;23811;24509;+;131.9	28;24520;25404;+;159.0	29;25404;26564;+;154.9	30;26606;27601;+;81.2	47;44216;45745;-;38.5		pfam	both	A	7/7	canonical	1	0	unscoreable	2	0	0														not_admitted	not_admitted	not_admitted	not_admitted	not_admitted	not_admitted	not_admitted
NZ_CP149488.1	MPF_F	IncFIB(K);IncFII(K)	218	0	0	GA	0															not_admitted	not_admitted	not_admitted	not_admitted	not_admitted	not_admitted	not_admitted	not_admitted	not_admitted	not_admitted	1	162;164406;165398;-;366.6	152;157585;158955;-;380.7	156;160157;160909;-;232.4	165;166424;169063;-;258.7	151;154736;157585;-;344.2	174;172878;174302;-;89.2	165;166424;169063;-;88.8	176;175029;175595;-;167.0	161;163755;164393;-;67.0	160;161752;163758;-;259.0	147;149938;152250;-;392.7	172;171697;172266;-;49.7	147;149938;152250;-;66.5	A	9/9	contiguous	25091	1	1	154175..154723-;182;unnamed;0
NZ_CP149489.1	MPF_T	IncX3	56	0	0	GA	1	43;35384;36028;-;46.4	42;35110;35400;-;73.1	41;32332;35085;-;47.0	41;32332;35085;-;145.4	41;32332;35085;-;73.3	40;31552;32322;-;60.1	38;30218;31273;-;133.2		37;29295;30023;-;119.4	36;28360;29289;-;138.8	35;27149;28363;-;128.3	33;25919;26953;-;65.7	32;24081;25916;-;495.9		pfam	pfam_only	A	7/7	canonical	1	1	unscoreable	2	0	0														not_admitted	not_admitted	not_admitted	not_admitted	not_admitted	not_admitted	not_admitted
NZ_CP149511.1	MPF_T	-	1462	0	0	GA	1	1187;1214339;1215421;+;77.7	1184;1211281;1211619;+;78.8	1185;1211623;1211922;+;74.7	1186;1211928;1214342;+;111.8	1186;1211928;1214342;+;101.0	1188;1215435;1216136;+;42.1	1190;1216345;1217364;+;147.2		1191;1217401;1218093;+;168.7	1192;1218093;1218902;+;198.5	1193;1218902;1220152;+;208.0	1194;1220118;1221146;+;122.8	1195;1221143;1223173;+;301.9		pfam	pfam_only	A	7/7	canonical	1	0	unscoreable	1	0	0														not_admitted	not_admitted	not_admitted	not_admitted	not_admitted	not_admitted	not_admitted
NZ_CP149575.1	-	-	179	0	0	GA	1	137;138094;138819;-;39.0	136;137776;138084;-;72.6	135;137452;137712;-;52.1	134;135005;137455;-;158.5	134;135005;137455;-;100.0	133;134262;135008;-;129.5	132;133183;134202;-;137.2		131;132463;133173;-;161.5	130;131519;132454;-;176.6	129;130385;131512;-;174.5	128;129369;130388;-;103.5	126;127284;129254;-;346.7		pfam	both	A	7/7	canonical	1	0	unscoreable	1	0	0														not_admitted	not_admitted	not_admitted	not_admitted	not_admitted	not_admitted	not_admitted
NZ_CP149580.1	MPF_F	IncFIB(pQil);IncFII(K)	142	0	0	GA	0															not_admitted	not_admitted	not_admitted	not_admitted	not_admitted	not_admitted	not_admitted	not_admitted	not_admitted	not_admitted	1	117;86173;87162;+;366.0	127;92709;94076;+;384.6	123;90699;91451;+;233.7	113;82077;84716;+;258.5	128;94076;96925;+;345.0	106;77826;79250;+;89.3	113;82077;84716;+;88.7	104;76533;77099;+;169.3	118;87175;87813;+;67.0	119;87872;89827;+;259.2	132;99389;101701;+;393.2	107;79322;79906;+;54.9	132;99389;101701;+;65.8	A	9/9	contiguous	22856	1	1	96928..97458+;176;unnamed;0
NZ_CP149583.1	MPF_T	IncN	64	0	0	GA	1	24;21915;22652;+;32.0	26;22952;23245;+;28.3	27;23295;23612;+;63.3	28;23612;26212;+;111.8	28;23612;26212;+;76.4	29;26230;26943;+;105.5	31;27194;28234;+;142.4		32;28453;29151;+;131.9	33;29162;30046;+;159.7	34;30046;31206;+;156.3	35;31248;32243;+;81.2	43;38250;39779;-;38.5		pfam	both	A	7/7	canonical	1	0	unscoreable	9	0	0														not_admitted	not_admitted	not_admitted	not_admitted	not_admitted	not_admitted	not_admitted
NZ_CP149802.1	MPF_F	-	109	0	0	GA	0															not_admitted	not_admitted	not_admitted	not_admitted	not_admitted	not_admitted	not_admitted	not_admitted	not_admitted	not_admitted	1	79;54630;55673;-;369.2	74;49224;50651;-;325.8	76;51049;51861;-;219.1	83;57235;59961;-;164.6	73;46206;49208;-;208.7	87;61643;62959;-;102.7	83;57235;59961;-;108.4	89;63672;64250;-;82.6	78;53908;54615;-;107.6	77;51854;53911;-;92.2	107;74811;76970;-;381.4	84;59971;60615;-;41.9	107;74811;76970;-;89.7	A	9/9	contiguous	28605	1	1	45616..46134-;172;unnamed;0
NZ_CP149814.1	MPF_T	IncX1	61	0	0	GA	1	59;44916;45560;+;47.1	60;45544;45834;+;73.5		0;48;2048;+;133.9		1;2050;2787;+;57.5	3;3069;4124;+;131.7		4;4314;5036;+;116.0	5;5042;5971;+;132.4	6;5968;7182;+;128.6	7;7200;8237;+;66.4	8;8242;10077;+;543.4		pfam	pfam_only	A	7/7	canonical	1	0	unscoreable	1	0	0														not_admitted	not_admitted	not_admitted	not_admitted	not_admitted	not_admitted	not_admitted
NZ_CP149816.1	MPF_F	IncFIA;IncFIB(AP001918);IncFIC(FII)	182	0	0	GA	0															not_admitted	not_admitted	not_admitted	not_admitted	not_admitted	not_admitted	not_admitted	not_admitted	not_admitted	not_admitted	1	99;97225;98217;+;369.3	110;103903;105276;+;378.0	103;100946;101689;+;234.5	96;93589;96216;+;305.4	111;105273;108095;+;389.5	89;88794;90221;+;94.3	96;93589;96216;+;98.5	87;87513;88079;+;182.9	100;98226;98864;+;68.4	101;98861;100669;+;268.4	114;109624;111777;+;391.9	93;91245;91760;+;78.4	114;109624;111777;+;70.4	A	9/9	contiguous	22111	1	1	108117..108608+;163;TraS;0
NZ_CP149827.1	MPF_F	IncFIB(K);IncFII(K);IncFII(pAR0022)	244	0	0	GA	0															not_admitted	not_admitted	not_admitted	not_admitted	not_admitted	not_admitted	not_admitted	not_admitted	not_admitted	not_admitted	1	156;156078;157067;-;366.6	146;149164;150531;-;384.1	150;151789;152541;-;233.7	160;158524;161163;-;258.5	145;146342;149164;-;346.4	170;165067;166491;-;89.5	160;158524;161163;-;88.7	172;167218;167784;-;167.0	155;155427;156065;-;66.9	154;153413;155368;-;259.4	141;141417;143726;-;393.1	168;163871;164455;-;53.8	141;141417;143726;-;66.6	A	9/9	contiguous	25801	1	1	145717..146319-;200;TraS;0
NZ_CP149828.1	MPF_T	IncN;repB(R1701)	107	0	0	GA	1	41;30055;30789;+;32.5		44;31432;31749;+;63.3	45;31749;34349;+;113.8	45;31749;34349;+;76.4	46;34367;35080;+;105.5	48;35331;36371;+;142.4		49;36590;37288;+;131.9	50;37299;38183;+;159.4	51;38183;39343;+;156.3	52;39385;40380;+;81.2	56;44961;46490;-;38.5		pfam	both	A	7/7	canonical	1	0	unscoreable	6	0	0														not_admitted	not_admitted	not_admitted	not_admitted	not_admitted	not_admitted	not_admitted
NZ_CP149833.1	MPF_F	-	102	0	0	GA	0															not_admitted	not_admitted	not_admitted	not_admitted	not_admitted	not_admitted	not_admitted	not_admitted	not_admitted	not_admitted	1	82;55282;56325;+;369.2	87;60304;61731;+;325.8	85;59094;59906;+;219.1	78;50994;53720;+;164.6	88;61747;64740;+;208.7	74;47996;49312;+;102.7	78;50994;53720;+;108.4	72;46705;47283;+;82.6	83;56340;57047;+;107.6	84;57044;59101;+;92.2	52;33099;35258;+;381.4	77;50340;50984;+;41.9	52;33099;35258;+;89.7	A	9/9	contiguous	28648	1	1	64812..65330+;172;unnamed;0
NZ_CP149837.1	MPF_F	Col156;ColKP3;IncFIA;IncFIB(AP001918);IncFII	224	0	0	GA	0															not_admitted	not_admitted	not_admitted	not_admitted	not_admitted	not_admitted	not_admitted	not_admitted	not_admitted	not_admitted	1	150;127516;128508;+;367.4	161;134194;135567;+;380.9	154;131237;131980;+;235.0	147;123880;126507;+;305.4	162;135564;138389;+;385.9	141;120398;121825;+;94.3	147;123880;126507;+;98.5	139;119117;119683;+;183.8	151;128517;129155;+;68.6	152;129152;130960;+;268.3	165;139892;142090;+;391.3	145;122849;123364;+;78.4	165;139892;142090;+;70.4	A	9/9	contiguous	20775	1	1	138386..138895+;169;unnamed;0
NZ_CP149842.1	MPF_F	IncFIB(pECLA);IncFII(pECLA)	212	0	0	GA	0															not_admitted	not_admitted	not_admitted	not_admitted	not_admitted	not_admitted	not_admitted	not_admitted	not_admitted	not_admitted	1	158;136105;137103;+;360.6	167;142340;143704;+;359.5	161;139569;140351;+;214.9	150;130138;132747;+;214.8	168;143704;147102;+;306.6	142;126122;127525;+;90.2	150;130138;132747;+;103.5	140;124792;125373;+;100.9	159;137114;137740;+;64.3	160;137737;139572;+;222.5	172;149159;151714;+;360.8	148;129348;129890;+;46.9	172;149159;151714;+;72.7	A	9/9	contiguous	24367	1	1	147104..147793+;229;unnamed;0
NZ_CP149843.1	MPF_T	IncX3	57	0	0	GA	1	44;36825;37469;-;46.4	43;36551;36841;-;73.1	42;33773;36526;-;47.0	42;33773;36526;-;142.4	42;33773;36526;-;73.3	41;32993;33763;-;60.1	39;31659;32714;-;133.2		38;30736;31464;-;119.4	37;29801;30730;-;138.8	36;28590;29804;-;128.3	34;27360;28394;-;65.7	33;25522;27357;-;495.9		pfam	pfam_only	A	7/7	canonical	1	1	unscoreable	2	0	0														not_admitted	not_admitted	not_admitted	not_admitted	not_admitted	not_admitted	not_admitted
NZ_CP149846.1	MPF_F	IncFIA;IncFIB(AP001918);IncFII	154	0	0	GA	0															not_admitted	not_admitted	not_admitted	not_admitted	not_admitted	not_admitted	not_admitted	not_admitted	not_admitted	not_admitted	1	90;83763;84755;-;369.3	79;76705;78078;-;380.9	86;80291;81064;-;234.0	93;85764;88391;-;303.5	78;73883;76708;-;385.9	99;90550;91977;-;91.9	93;85764;88391;-;98.5	101;92692;93258;-;182.9	89;83116;83754;-;68.7	88;81311;83119;-;268.0	75;70191;72380;-;391.3	94;88907;89422;-;76.4	75;70191;72380;-;70.4	A	9/9	contiguous	22501	1	1	73377..73886-;169;unnamed;0
NZ_CP149851.1	MPF_F	IncFIA;IncFII	126	0	0	GA	0															not_admitted	not_admitted	not_admitted	not_admitted	not_admitted	not_admitted	not_admitted	not_admitted	not_admitted	not_admitted	1	100;92540;93532;+;369.3	109;98594;99967;+;381.0	104;96231;97004;+;234.0	97;88904;91531;+;303.5	110;99964;102789;+;386.0	91;85422;86849;+;94.3	97;88904;91531;+;98.5	89;84141;84707;+;183.8	101;93541;94179;+;68.7	102;94176;95984;+;268.0	113;104293;106473;+;391.8	95;87873;88388;+;79.9	113;104293;106473;+;70.4	A	9/9	contiguous	20152	1	1	102786..103295+;169;unnamed;0
NZ_CP149870.1	MPF_T	-	1250	0	0	GA	1	1028;1012459;1013166;-;64.7	261;272798;273178;+;70.0	1026;1011760;1012086;-;71.0	1025;1009391;1011760;-;204.6	263;273478;275931;+;123.2	264;275906;276706;+;40.6	266;276897;278105;+;110.2		1022;1006824;1007537;-;170.8	268;278762;279574;+;182.3	270;280031;281323;+;216.5	6;7365;8798;-;211.5	280;289611;291530;+;540.2		conjscan	conjscan_only	A	7/7	uncallable	0	0	unscoreable	23	0	0														not_admitted	not_admitted	not_admitted	not_admitted	not_admitted	not_admitted	not_admitted
NZ_CP149874.1	MPF_T	-	932	0	0	GA	1		923;900173;900556;-;70.9	922;899884;900180;-;62.3	921;897417;899873;-;167.3	921;897417;899873;-;120.3	920;896642;897445;-;49.5	918;895273;896454;-;114.8		917;894590;895252;-;128.7	916;893768;894205;-;130.0	914;892014;893312;-;219.4	924;900546;901523;-;129.8	900;878231;880228;-;538.2		conjscan	conjscan_only	A	7/7	canonical	1	0	unscoreable	3	0	0														not_admitted	not_admitted	not_admitted	not_admitted	not_admitted	not_admitted	not_admitted
NZ_CP149875.1	MPF_T	-	127	0	0	GA	1	86;89281;90252;+;68.8	87;90294;90605;+;81.6	72;77263;77601;-;107.9	71;74904;77270;-;173.7	40;42654;44372;-;122.9	70;74203;74904;-;189.5	68;73049;73966;-;169.5		66;71200;72717;-;169.4	66;71200;72717;-;184.8	96;97967;99346;+;183.2	14;12752;13771;-;127.7	123;121633;123498;+;450.7		pfam	both	A	7/7	canonical	1	0	unscoreable	5	0	0														not_admitted	not_admitted	not_admitted	not_admitted	not_admitted	not_admitted	not_admitted
NZ_CP149876.1	MPF_T	-	209	0	0	GA	1		89;75652;76044;+;74.1	90;76037;76336;+;63.5	91;76347;78782;+;173.7	91;76347;78782;+;121.6	92;78775;79584;+;53.9	97;82682;83455;+;67.7		98;83477;84139;+;129.7	99;84155;84985;+;185.4	101;85451;86746;+;217.5	88;74697;75662;+;129.6	116;99659;101611;+;554.4		conjscan	conjscan_only	A	7/7	canonical	1	0	unscoreable	5	0	0														not_admitted	not_admitted	not_admitted	not_admitted	not_admitted	not_admitted	not_admitted
NZ_CP149879.1	MPF_T	-	1218	0	0	GA	1	693;702894;703601;+;64.5	196;203622;204002;-;70.0	695;703974;704300;+;69.3	696;704300;706669;+;204.7	194;200869;203322;-;123.1	193;200094;200894;-;40.6	191;198695;199903;-;110.2		699;708522;709235;+;170.1	189;197226;198038;-;182.3	187;195477;196769;-;218.4	455;472426;473859;+;213.1	176;185266;187185;-;541.1		conjscan	conjscan_only	A	7/7	uncallable	0	0	unscoreable	23	0	0														not_admitted	not_admitted	not_admitted	not_admitted	not_admitted	not_admitted	not_admitted
NZ_CP149880.1	MPF_T	-	162	0	0	GA	1	106;101803;102891;+;98.4	103;98703;99041;+;75.5	104;99045;99344;+;76.0	105;99347;101806;+;120.8	105;99347;101806;+;97.7	107;102903;103604;+;35.7	109;103837;104865;+;145.6		110;104891;105586;+;186.0	111;105583;106392;+;196.6	113;106988;107602;+;201.6	114;107583;108611;+;135.1	115;108608;110707;+;312.4		pfam	pfam_only	A	7/7	canonical	1	0	unscoreable	2	0	0														not_admitted	not_admitted	not_admitted	not_admitted	not_admitted	not_admitted	not_admitted
NZ_CP149887.1	MPF_T	-	51	0	0	GA	1		49;45158;45421;-;51.4	48;42371;45139;-;73.1	48;42371;45139;-;178.0	48;42371;45139;-;82.9	43;39491;40480;-;83.1	42;38499;39494;-;118.4		40;37690;38352;-;177.6	39;36806;37693;-;161.4	38;35607;36779;-;166.0	37;34634;35626;-;93.2	36;32822;34633;-;348.4		pfam	pfam_only	A	7/7	canonical	1	1	unscoreable	5	0	0														not_admitted	not_admitted	not_admitted	not_admitted	not_admitted	not_admitted	not_admitted
NZ_CP149935.1	-	-	60	0	0	GA	1	16;12851;13996;+;77.0	12;9703;9993;+;71.6	13;10006;10284;+;73.7	14;10274;12637;+;96.3	14;10274;12637;+;49.6	17;13996;14844;+;64.9	24;19118;20125;+;115.6		18;14858;15511;+;158.5	19;15513;16214;+;166.8	20;16211;17530;+;179.0	21;17531;18529;+;108.9	25;20173;22263;-;296.2		pfam	both	A	7/7	canonical	1	0	unscoreable	3	0	0														not_admitted	not_admitted	not_admitted	not_admitted	not_admitted	not_admitted	not_admitted
NZ_CP149943.1	MPF_F	IncFII(K);repB(R1701)	119	0	0	GA	0															not_admitted	not_admitted	not_admitted	not_admitted	not_admitted	not_admitted	not_admitted	not_admitted	not_admitted	not_admitted	1	62;54506;55495;-;366.6	52;47592;48959;-;384.0	56;50217;50969;-;233.7	66;56938;59577;-;258.5	51;44743;47592;-;346.4	73;62770;64194;-;89.2	66;56938;59577;-;88.2	75;64921;65487;-;169.3	61;53855;54493;-;66.9	60;51841;53796;-;259.7	47;39969;42281;-;393.1	72;62072;62656;-;53.6	47;39969;42281;-;66.6	A	9/9	contiguous	24952	1	1	44207..44740-;177;unnamed;0
NZ_CP149944.1	MPF_T	IncX3	66	0	0	GA	1	22;14297;14941;+;46.4	23;14925;15215;+;73.1	24;15240;17993;+;47.0	24;15240;17993;+;142.4	24;15240;17993;+;73.3	25;18003;18773;+;60.1	27;19052;20107;+;133.2		28;20302;21030;+;119.4	29;21036;21965;+;138.8	30;21962;23176;+;128.3	32;23372;24406;+;65.7	33;24409;26244;+;495.9		pfam	pfam_only	A	7/7	canonical	1	1	unscoreable	2	0	0														not_admitted	not_admitted	not_admitted	not_admitted	not_admitted	not_admitted	not_admitted
NZ_CP149968.1	MPF_F	IncFIA;IncFII	122	0	0	GA	0															not_admitted	not_admitted	not_admitted	not_admitted	not_admitted	not_admitted	not_admitted	not_admitted	not_admitted	not_admitted	1	96;88575;89567;+;371.6	105;94629;96002;+;380.7	100;92296;93039;+;233.3	93;84939;87566;+;303.5	106;95999;98818;+;386.2	87;81353;82780;+;91.9	93;84939;87566;+;99.0	85;80072;80638;+;182.9	97;89576;90214;+;64.9	98;90211;92019;+;268.2	109;100350;102584;+;391.7	92;83908;84423;+;76.4	109;100350;102584;+;70.3	A	9/9	contiguous	20278	1	1	98843..99334+;163;TraS;0
NZ_CP149969.1	MPF_T	IncI2	84	0	0	GA	1	45;37162;37644;-;81.1		60;53240;53524;-;36.6	59;50877;53234;-;58.5	59;50877;53234;-;42.8	72;58977;59618;-;42.8	73;59624;60619;-;128.5		57;49977;50711;-;144.3	56;49210;49980;-;170.5	55;48081;49220;-;154.7	48;39412;40950;-;207.1	53;45033;46991;-;289.6		pfam	pfam_only	A	7/7	rearranged	1	0	unscoreable	17	1	0														not_admitted	not_admitted	not_admitted	not_admitted	not_admitted	not_admitted	not_admitted
NZ_CP149970.1	MPF_T	IncX3	60	0	0	GA	1	20;12367;13011;+;46.4	21;12995;13285;+;73.1	22;13310;16063;+;47.0	22;13310;16063;+;142.4	22;13310;16063;+;73.3	23;16073;16843;+;60.1	25;17122;18177;+;133.2		26;18372;19100;+;119.4	27;19106;20035;+;138.8	28;20032;21246;+;128.3	30;21442;22476;+;65.7	31;22479;23879;+;365.0		pfam	pfam_only	A	7/7	canonical	1	1	unscoreable	3	0	0														not_admitted	not_admitted	not_admitted	not_admitted	not_admitted	not_admitted	not_admitted
NZ_CP149976.1	MPF_T	IncN	72	0	0	GA	1	57;45137;45871;+;32.5		60;46514;46831;+;63.3	61;46831;49431;+;113.8	61;46831;49431;+;76.4	62;49449;50162;+;105.5	64;50413;51453;+;142.4		65;51672;52370;+;131.9	66;52381;53265;+;159.7	67;53265;54425;+;156.3	68;54467;55462;+;81.2	18;19066;20595;-;38.5		pfam	both	A	7/7	canonical	1	0	unscoreable	3	0	0														not_admitted	not_admitted	not_admitted	not_admitted	not_admitted	not_admitted	not_admitted
NZ_CP149981.1	MPF_T	IncN	83	0	0	GA	1	34;27173;27907;-;32.5		31;26213;26530;-;63.3	30;23613;26213;-;113.8	30;23613;26213;-;76.4	29;22882;23595;-;105.5	27;21591;22631;-;142.4		26;20674;21372;-;131.9	25;19779;20663;-;159.7	24;18619;19779;-;156.3	23;17582;18577;-;81.2	60;51659;53188;-;38.5		pfam	both	A	7/7	canonical	1	0	unscoreable	3	0	0														not_admitted	not_admitted	not_admitted	not_admitted	not_admitted	not_admitted	not_admitted
NZ_CP149986.1	-	IncN	74	0	0	GA	1	23;19727;20623;+;45.2	7;6549;7040;-;68.0	6;6235;6549;-;51.1	5;3714;6221;-;96.9	5;3714;6221;-;113.0	4;2957;3745;-;50.1	2;1031;2749;-;83.9			73;59924;60826;-;165.3	71;58007;59467;-;209.7	8;7052;8035;-;134.8	21;17209;19167;+;355.6		conjscan	conjscan_only	B	6/7	canonical	1	0	unscoreable	16	0	0														not_admitted	not_admitted	not_admitted	not_admitted	not_admitted	not_admitted	not_admitted
NZ_CP149987.1	MPF_T	IncFII(pHN7A8);IncN4;IncR	200	0	0	GA	1	23;17340;17825;+;82.6	120;83042;83332;+;45.6	121;83382;83696;+;65.3	122;83696;86326;+;123.5	122;83696;86326;+;87.4	123;86336;87043;+;114.7	125;87302;88345;+;126.7	126;88440;88610;+;41.4	127;88613;89329;+;145.6	128;89332;90219;+;144.4	129;90216;91370;+;173.2	130;91363;92394;+;78.5	135;96802;98379;-;54.8		pfam	both	A	7/7	canonical	1	0	ga	6	0	0														not_admitted	not_admitted	not_admitted	not_admitted	not_admitted	not_admitted	not_admitted
NZ_CP149989.1	-	-	44	0	0	GA	0															not_admitted	not_admitted	not_admitted	not_admitted	not_admitted	not_admitted	not_admitted	not_admitted	not_admitted	not_admitted	1	33;28271;29269;-;367.0	28;23282;24643;-;348.7	30;25248;26024;-;197.7	36;30225;32813;-;237.5	27;20461;23277;-;227.8	38;33407;34777;-;92.5	36;30225;32813;-;96.4	40;35492;36064;-;78.0	32;27840;28262;-;55.1	31;26021;27847;-;230.4	25;17894;19951;-;368.9	37;32819;33403;-;35.0	25;17894;19951;-;57.1	A	9/9	contiguous	17598	1	1	19948..20451-;167;unnamed;0
NZ_CP149990.1	MPF_T	-	329	0	0	GA	0															not_admitted	not_admitted	not_admitted	not_admitted	not_admitted	not_admitted	not_admitted	not_admitted	not_admitted	not_admitted	1	294;226996;228081;+;271.5	318;245159;246595;+;236.1	317;244076;245137;+;195.5	290;222443;224932;+;239.7	319;246610;249768;+;250.9	287;219344;220732;+;104.8	290;222443;224932;+;122.7	285;217483;218073;+;84.8	293;225740;226999;+;54.1	321;250190;252904;+;129.7	279;212954;214906;+;21.5	288;220735;221268;+;70.4	279;212954;214906;+;36.9	A	9/9	contiguous	37236	0	1	
NZ_CP149992.1	MPF_F	IncFIB(pB171);IncFII(Yp);IncFII(pAR0022)	125	0	0	GA	0															not_admitted	not_admitted	not_admitted	not_admitted	not_admitted	not_admitted	not_admitted	not_admitted	not_admitted	not_admitted	1	54;52014;53006;-;369.4	46;45931;47301;-;376.7	50;48518;49267;-;218.2	57;53994;56624;-;285.5	45;43109;45931;-;336.5	63;58652;60046;-;89.4	57;53994;56624;-;98.6	65;60763;61329;-;169.9	53;51368;51997;-;66.9	52;49518;51371;-;260.5	42;39526;41772;-;384.7	62;58091;58630;-;67.5	42;39526;41772;-;63.8	A	9/9	contiguous	21237	1	1	42656..43087-;143;TraS;0
NZ_CP149993.1	-	-	46	0	0	GA	1	14;8143;8772;+;48.6	15;8765;9061;+;43.3	16;9080;11872;+;41.1	16;9080;11872;+;155.7	16;9080;11872;+;52.1	17;11874;12620;+;79.9	19;12914;13963;+;109.8		21;14088;14813;+;143.4	22;14810;15733;+;142.2	23;15730;16932;+;126.4	24;16922;17959;+;75.9	25;17962;19824;+;458.1		pfam	pfam_only	A	7/7	canonical	1	1	unscoreable	2	0	0														not_admitted	not_admitted	not_admitted	not_admitted	not_admitted	not_admitted	not_admitted
NZ_CP149999.1	MPF_F	IncC	197	0	0	GA	0															not_admitted	not_admitted	not_admitted	not_admitted	not_admitted	not_admitted	not_admitted	not_admitted	not_admitted	not_admitted	1	99;76243;77250;+;332.9	186;149820;151253;+;339.2	185;148790;149818;+;221.7	94;71044;73491;+;354.2	187;151266;154880;+;375.3	85;57733;59049;+;135.0	94;71044;73491;+;128.6	83;56209;56835;+;92.1	97;74313;75578;+;67.6	100;77366;80161;+;145.3	74;50537;52402;+;47.4	86;59046;59624;+;100.2	74;50537;52402;+;52.0	A	9/9	split_2	100729	0	1	
NZ_CP150001.1	MPF_T	IncN	64	0	0	GA	1	24;21251;21988;+;32.0	26;22288;22581;+;28.3	27;22631;22948;+;63.3	28;22948;25548;+;111.8	28;22948;25548;+;76.4	29;25566;26279;+;105.5	31;26530;27570;+;142.4		32;27789;28487;+;131.9	33;28498;29382;+;159.7	34;29382;30542;+;156.3	35;30584;31579;+;81.2	43;37586;39115;-;38.5		pfam	both	A	7/7	canonical	1	0	unscoreable	9	0	0														not_admitted	not_admitted	not_admitted	not_admitted	not_admitted	not_admitted	not_admitted
NZ_CP150002.1	MPF_F	IncFIB(pQil);IncFII(K)	142	0	0	GA	0															not_admitted	not_admitted	not_admitted	not_admitted	not_admitted	not_admitted	not_admitted	not_admitted	not_admitted	not_admitted	1	117;86173;87162;+;366.0	127;92709;94076;+;384.6	123;90699;91451;+;233.7	113;82077;84716;+;258.5	128;94076;96925;+;345.0	106;77826;79250;+;89.3	113;82077;84716;+;88.7	104;76533;77099;+;169.3	118;87175;87813;+;67.0	119;87872;89827;+;259.2	132;99389;101701;+;393.2	107;79322;79906;+;54.9	132;99389;101701;+;65.8	A	9/9	contiguous	22856	1	1	96928..97458+;176;unnamed;0
NZ_CP150005.1	MPF_F	IncFIB(pNDM-Mar);IncHI1B(pNDM-MAR)	409	0	0	GA	0															not_admitted	not_admitted	not_admitted	not_admitted	not_admitted	not_admitted	not_admitted	not_admitted	not_admitted	not_admitted	1	335;305297;306334;-;282.3	115;92058;93467;+;190.4	114;91031;92068;+;176.7	347;317166;319883;-;148.7	116;93469;97407;+;118.9	351;321996;323366;-;65.6	347;317166;319883;-;85.2	354;325012;325872;-;79.0	336;306331;307692;-;69.9	334;302102;305287;-;58.9	107;81724;83850;-;58.0	348;319928;320665;-;57.0	107;81724;83850;-;39.7	A	9/9	split_2	243288	0	1	
NZ_CP150006.1	MPF_F	IncFIB(pQil);IncFII(K);IncFII(pAR0022)	157	0	0	GA	0															not_admitted	not_admitted	not_admitted	not_admitted	not_admitted	not_admitted	not_admitted	not_admitted	not_admitted	not_admitted	1	101;107773;108762;-;366.6	91;100859;102226;-;384.1	95;103484;104236;-;233.7	105;110219;112858;-;258.5	90;98037;100859;-;346.6	112;115685;117109;-;89.3	105;110219;112858;-;88.7	114;117836;118402;-;169.3	100;107122;107760;-;66.9	99;105108;107063;-;259.4	86;93109;95421;-;393.1	111;115029;115613;-;54.7	86;93109;95421;-;66.6	A	9/9	contiguous	24727	1	1	97412..98014-;200;TraS;0
NZ_CP150012.1	MPF_F	IncHI2;IncHI2A	317	0	0	GA	0															not_admitted	not_admitted	not_admitted	not_admitted	not_admitted	not_admitted	not_admitted	not_admitted	not_admitted	not_admitted	1	301;267656;268714;-;276.9			12;10293;12974;+;168.0		7;5270;6625;+;80.7	12;10293;12974;+;72.2	4;2758;3546;+;74.8	303;268856;270298;-;63.0	300;264449;267637;-;58.3		11;9334;10284;+;46.4		C	6/9	split_2	266098	0	1	
NZ_CP150014.1	MPF_T	IncX5	57	0	0	GA	1	28;19197;19841;+;36.9	29;19825;20115;+;69.0	30;20137;22896;+;42.6	30;20137;22896;+;132.2	30;20137;22896;+;70.5	31;22904;23653;+;54.3	33;23932;24987;+;135.2		34;25227;25955;+;120.9	35;25960;26889;+;134.2	36;26886;28097;+;136.9	37;28109;29152;+;64.1	38;29155;30990;+;504.8		pfam	pfam_only	A	7/7	canonical	1	1	unscoreable	1	0	0														not_admitted	not_admitted	not_admitted	not_admitted	not_admitted	not_admitted	not_admitted
NZ_CP150018.1	MPF_F	IncFIA;IncFIB(AP001918);IncFII	146	0	0	GA	0															not_admitted	not_admitted	not_admitted	not_admitted	not_admitted	not_admitted	not_admitted	not_admitted	not_admitted	not_admitted	1	82;75879;76871;-;369.3	71;68821;70194;-;380.9	78;72407;73180;-;234.0	85;77880;80507;-;303.5	70;65999;68824;-;385.9	91;82666;84093;-;91.9	85;77880;80507;-;98.5	93;84808;85374;-;182.9	81;75232;75870;-;68.7	80;73427;75235;-;268.0	67;62307;64496;-;391.3	86;81023;81538;-;76.4	67;62307;64496;-;70.4	A	9/9	contiguous	22501	1	1	65493..66002-;169;unnamed;0
NZ_CP150022.1	MPF_F	-	106	0	0	GA	0															not_admitted	not_admitted	not_admitted	not_admitted	not_admitted	not_admitted	not_admitted	not_admitted	not_admitted	not_admitted	1	43;35626;37224;-;329.5	37;31199;32587;-;243.9	39;33079;33906;-;170.0	46;41318;43858;-;161.0	36;27249;31199;-;129.9	48;44377;45624;-;61.3	46;41318;43858;-;82.6	50;46419;47051;-;42.7	41;34446;35195;-;95.2	44;37383;39278;-;72.2	1;837;3110;+;340.0	47;43859;44377;-;72.3	1;837;3110;+;65.2	A	9/9	split_2	45582	1	1	26873..27124-;83;unnamed;0
NZ_CP150076.1	MPF_F	IncFIA;IncFIB(AP001918);IncFII;IncQ1	155	0	0	GA	0															not_admitted	not_admitted	not_admitted	not_admitted	not_admitted	not_admitted	not_admitted	not_admitted	not_admitted	not_admitted	1	77;69211;70203;-;369.5	67;62059;63432;-;381.7	72;65362;66105;-;234.4	80;71212;73842;-;304.1	66;59240;62062;-;374.0	88;77244;78695;-;94.2	80;71212;73842;-;97.1	90;79410;79976;-;174.3	75;68229;68867;-;68.6	74;66382;68232;-;266.1	62;54797;56968;-;391.2	85;75869;76384;-;78.4	62;54797;56968;-;70.3	A	9/9	contiguous	24613	1	1	58739..59218-;159;TraS;0
NZ_CP150077.1	MPF_T	IncI2	86	0	0	GA	1	46;37777;38259;-;81.1		61;53855;54139;-;36.6	60;51492;53849;-;58.5	60;51492;53849;-;42.8	73;59592;60233;-;42.8	74;60239;61234;-;128.5		58;50592;51326;-;144.3	57;49825;50595;-;170.5	56;48696;49835;-;154.7	49;40027;41565;-;207.1	54;45648;47606;-;289.6		pfam	pfam_only	A	7/7	rearranged	1	0	unscoreable	17	1	0														not_admitted	not_admitted	not_admitted	not_admitted	not_admitted	not_admitted	not_admitted
NZ_CP150124.1	MPF_T	-	377	0	0	GA	1		147;138953;139249;-;94.8	146;138615;138953;-;109.3	145;136256;138622;-;170.9	145;136256;138622;-;106.7	144;135537;136259;-;150.2	142;134294;135280;-;161.7		140;133277;133948;-;193.6	139;132429;133280;-;179.8	138;131272;132417;-;176.7	136;130246;130707;-;60.4	135;128334;130280;-;366.2		pfam	both	A	7/7	canonical	1	0	unscoreable	2	0	0														not_admitted	not_admitted	not_admitted	not_admitted	not_admitted	not_admitted	not_admitted
NZ_CP150126.1	MPF_T	-	378	0	0	GA	1		148;139349;139645;-;94.8	147;139011;139349;-;109.3	146;136652;139018;-;170.9	146;136652;139018;-;106.7	145;135933;136655;-;150.2	143;134690;135676;-;161.7		141;133673;134344;-;193.6	140;132826;133455;-;117.3	139;131669;132814;-;176.7	137;130643;131104;-;60.4	136;128731;130677;-;366.2		pfam	both	A	7/7	canonical	1	0	unscoreable	2	0	0														not_admitted	not_admitted	not_admitted	not_admitted	not_admitted	not_admitted	not_admitted
NZ_CP150133.1	-	-	72	0	0	GA	1	66;51538;52245;+;34.8		1;308;706;+;24.6	2;660;3095;+;71.6		4;3349;4017;+;50.4	6;4374;5339;+;121.2		7;5672;6487;+;140.4	8;6484;7293;+;145.2	11;7816;9162;+;140.0	12;9172;10206;+;62.1	15;11248;12834;+;263.9		pfam	pfam_only	A	7/7	canonical	1	0	unscoreable	10	0	0														not_admitted	not_admitted	not_admitted	not_admitted	not_admitted	not_admitted	not_admitted
NZ_CP150372.1	MPF_F	IncFII(Yp);IncFII(pAR0022)	68	0	0	GA	0															not_admitted	not_admitted	not_admitted	not_admitted	not_admitted	not_admitted	not_admitted	not_admitted	not_admitted	not_admitted	1	38;24546;25541;+;355.2	44;29770;31134;+;335.4	42;28357;29136;+;197.9	35;20892;23483;+;217.8	45;31136;33985;+;295.6	30;17900;19261;+;84.3	35;20892;23483;+;87.9	28;16620;17183;+;138.1	40;25917;26534;+;79.4	41;26531;28360;+;249.6	48;35262;37439;+;370.6	34;20282;20881;+;48.8	48;35262;37439;+;59.7	A	9/9	contiguous	18642	1	1	33972..34703+;243;unnamed;0
NZ_CP150443.1	MPF_T	rep38	73	0	0	GA	1				10;7763;9850;+;24.5									16;13803;15347;+;460.2		none	none	D	2/7	uncallable	0	0	unscoreable	5	0	0														not_admitted	not_admitted	not_admitted	not_admitted	not_admitted	not_admitted	not_admitted
NZ_CP150463.1	MPF_F	-	105	0	0	GA	0															not_admitted	not_admitted	not_admitted	not_admitted	not_admitted	not_admitted	not_admitted	not_admitted	not_admitted	not_admitted	1	20;26573;27583;-;368.5	13;20618;21991;-;325.0	16;22754;23518;-;193.7	31;32737;35322;-;203.9	12;17904;20615;-;276.8	33;35756;37249;-;88.4	31;32737;35322;-;94.1	35;37998;38552;-;132.9	18;25344;25991;-;88.0	17;23515;25347;-;248.9	10;15246;17375;-;376.1	32;35331;35747;-;39.9	10;15246;17375;-;70.4	A	9/9	contiguous	22752	0	1	
NZ_CP150464.1	MPF_F	-	118	0	0	GA	0															not_admitted	not_admitted	not_admitted	not_admitted	not_admitted	not_admitted	not_admitted	not_admitted	not_admitted	not_admitted	1	19;26980;27990;-;369.1	12;20624;21997;-;324.4	15;22760;23518;-;188.7	31;33612;36197;-;203.9	11;17910;20621;-;280.4	33;36631;38124;-;88.4	31;33612;36197;-;94.1	35;38873;39427;-;134.3	17;25344;25973;-;88.7	16;23515;25347;-;249.0	9;15250;17400;-;383.7	32;36206;36625;-;39.9	9;15250;17400;-;68.5	A	9/9	contiguous	23623	0	1	
NZ_CP150465.1	MPF_F	-	183	0	0	GA	0															not_admitted	not_admitted	not_admitted	not_admitted	not_admitted	not_admitted	not_admitted	not_admitted	not_admitted	not_admitted	1	44;33665;34675;+;370.1	51;39009;40382;+;327.6	48;37488;38246;+;188.7	36;27329;29914;+;203.8	52;40385;43096;+;277.8	34;25401;26894;+;83.5	36;27329;29914;+;94.8	32;24098;24652;+;129.8	46;35033;35662;+;87.3	47;35659;37491;+;246.9	55;43860;45752;+;385.0	35;26901;27320;+;40.3	55;43860;45752;+;68.9	A	9/9	contiguous	19762	0	1	
NZ_CP150468.1	MPF_F	-	115	0	0	GA	0															not_admitted	not_admitted	not_admitted	not_admitted	not_admitted	not_admitted	not_admitted	not_admitted	not_admitted	not_admitted	1	39;35184;36194;+;377.9	45;40335;41702;+;292.7	42;38981;39760;+;173.5	36;31786;34335;+;203.2	46;41705;44509;+;303.7	33;29452;30987;+;87.7	36;31786;34335;+;92.1	31;28115;28690;+;129.0	40;36451;37164;+;93.0	41;37201;38934;+;228.6	51;47121;49220;+;395.9	34;30993;31382;+;35.6	51;47121;49220;+;74.9	A	9/9	contiguous	19006	1	1	44592..45122+;176;unnamed;0
NZ_CP150469.1	MPF_F	-	128	0	0	GA	0															not_admitted	not_admitted	not_admitted	not_admitted	not_admitted	not_admitted	not_admitted	not_admitted	not_admitted	not_admitted	1	123;123432;124442;-;384.3	35;36439;37818;-;311.7	38;39089;39868;-;177.6	51;47629;50169;-;202.2	110;112643;115447;-;305.6	2;2922;4457;-;87.7	51;47629;50169;-;103.1	4;5219;5794;-;128.5	121;122462;123175;-;91.9	44;42415;44214;-;230.6	105;107928;110033;-;399.6	1;2524;2916;-;32.0	29;29407;31506;-;76.8	A	9/9	split_3	120908	1	1	112030..112560-;176;unnamed;0
NZ_CP150470.1	MPF_F	-	63	0	0	GA	0															not_admitted	not_admitted	not_admitted	not_admitted	not_admitted	not_admitted	not_admitted	not_admitted	not_admitted	not_admitted	1	19;14503;15513;-;384.3	5;5745;7112;-;290.9	8;7684;8463;-;172.5	24;17414;19963;-;203.2	4;2934;5741;-;304.6	27;20741;22276;-;88.4	24;17414;19963;-;92.1	29;23038;23613;-;129.1	17;13533;14246;-;91.9	16;11688;13496;-;226.8	62;56275;57804;-;398.0	26;20346;20735;-;32.7	62;56275;57804;-;76.0	A	9/9	split_2	53341	1	1	2318..2851-;177;unnamed;0
NZ_CP150471.1	MPF_F	-	71	0	0	GA	0															not_admitted	not_admitted	not_admitted	not_admitted	not_admitted	not_admitted	not_admitted	not_admitted	not_admitted	not_admitted	1	20;16616;17626;-;381.3	5;6832;8211;-;311.7	8;9482;10261;-;176.5	24;19045;21606;-;202.1	4;4022;6829;-;300.8	26;22000;23520;-;86.9	24;19045;21606;-;103.1	28;24282;24857;-;121.8	18;15649;16365;-;91.8	17;13831;15630;-;230.6	24;19045;21606;-;20.7	25;21609;21995;-;31.8		A	9/9	contiguous	20260	1	1	3402..3938-;178;unnamed;0
NZ_CP150472.1	MPF_F	-	84	0	0	GA	0															not_admitted	not_admitted	not_admitted	not_admitted	not_admitted	not_admitted	not_admitted	not_admitted	not_admitted	not_admitted	1	27;26995;28005;-;382.2	15;18225;19604;-;311.7	18;20875;21654;-;176.5	31;29424;31964;-;202.2	14;15415;18222;-;300.8	34;32762;34282;-;86.9	31;29424;31964;-;103.1	36;35044;35619;-;121.1	25;26028;26744;-;91.8	24;24210;26009;-;230.6	10;11786;13891;-;398.7	33;32371;32757;-;31.8	10;11786;13891;-;75.0	A	9/9	contiguous	23258	1	1	14795..15331-;178;unnamed;0
NZ_CP150473.1	MPF_F	-	97	0	0	GA	0															not_admitted	not_admitted	not_admitted	not_admitted	not_admitted	not_admitted	not_admitted	not_admitted	not_admitted	not_admitted	1	22;22703;23713;-;383.8	11;14641;16047;-;292.0	14;16619;17398;-;173.9	27;25614;28163;-;202.6	10;11830;14637;-;304.8	30;28944;30479;-;88.6	27;25614;28163;-;91.5	32;31241;31816;-;129.9	20;21733;22446;-;91.8	19;19897;21696;-;227.0	8;8717;10816;-;397.2	29;28546;28938;-;34.8	8;8717;10816;-;75.1	A	9/9	contiguous	22524	1	1	11217..11747-;176;unnamed;0
NZ_CP150477.1	MPF_T	-	382	0	0	GA	1		235;231477;231773;+;94.8	236;231773;232111;+;109.3	237;232104;234470;+;170.9	237;232104;234470;+;106.7	238;234467;235189;+;150.2	240;235446;236432;+;161.7		242;236778;237449;+;193.6	243;237446;238297;+;179.8	244;238309;239454;+;176.7	246;240019;240480;+;60.4	247;240446;242392;+;366.2		pfam	both	A	7/7	canonical	1	0	unscoreable	2	0	0														not_admitted	not_admitted	not_admitted	not_admitted	not_admitted	not_admitted	not_admitted
NZ_CP150623.1	MPF_F	IncHI2;IncHI2A	426	0	0	GA	0															not_admitted	not_admitted	not_admitted	not_admitted	not_admitted	not_admitted	not_admitted	not_admitted	not_admitted	not_admitted	1	32;33477;34439;+;245.9	232;206137;207552;-;194.1	233;207542;208588;-;173.7	11;8955;11636;+;168.0	231;202178;206128;-;101.6	7;5270;6625;+;80.7	11;8955;11636;+;72.2	4;2758;3546;+;74.8	30;31824;33335;+;62.7	36;35756;38944;+;58.3	239;215629;217713;+;56.7	10;7996;8946;+;46.4	239;215629;217713;+;38.8	A	9/9	split_3	212871	0	1	
NZ_CP150624.1	MPF_F	IncA	174	0	0	GA	0															not_admitted	not_admitted	not_admitted	not_admitted	not_admitted	not_admitted	not_admitted	not_admitted	not_admitted	not_admitted	1	69;53639;54643;+;330.1	163;134191;135624;+;336.4	162;133149;134189;+;223.9	64;48434;50881;+;352.8	164;135637;139242;+;377.7	59;39607;40923;+;136.3	64;48434;50881;+;130.4	57;38083;38709;+;93.9	67;51703;52971;+;69.6	70;54794;57532;+;138.7	48;32428;34293;+;46.9	60;40920;41498;+;98.1	48;32428;34293;+;51.6	A	9/9	split_2	103209	0	1	
NZ_CP150625.1	MPF_F	IncFIB(pB171);IncFII(Yp);IncFII(pAR0022)	123	0	0	GA	0															not_admitted	not_admitted	not_admitted	not_admitted	not_admitted	not_admitted	not_admitted	not_admitted	not_admitted	not_admitted	1	69;58452;59438;+;368.4	77;64151;65521;+;376.7	73;62185;62934;+;218.2	66;54828;57458;+;285.5	78;65521;68343;+;336.5	60;51406;52800;+;90.9	66;54828;57458;+;98.6	58;50123;50689;+;169.9	70;59455;60084;+;66.9	71;60081;61934;+;257.4	81;69679;71880;+;384.8	61;52822;53361;+;64.9	81;69679;71880;+;63.9	A	9/9	contiguous	19556	1	1	68365..68796+;143;TraS;0
NZ_CP150626.1	MPF_T	IncX3	58	0	0	GA	1	45;33808;34452;+;46.4	46;34436;34726;+;73.1	47;34751;37504;+;47.0	47;34751;37504;+;142.4	47;34751;37504;+;73.3	48;37514;38284;+;60.1	50;38563;39618;+;133.2		51;39813;40541;+;119.4	52;40547;41476;+;138.8	53;41473;42687;+;128.3	55;42883;43917;+;65.7	56;43920;45755;+;495.9		pfam	pfam_only	A	7/7	canonical	1	1	unscoreable	2	0	0														not_admitted	not_admitted	not_admitted	not_admitted	not_admitted	not_admitted	not_admitted
NZ_CP150859.1	MPF_F	-	182	0	0	GA	0															not_admitted	not_admitted	not_admitted	not_admitted	not_admitted	not_admitted	not_admitted	not_admitted	not_admitted	not_admitted	1	138;121850;122857;+;330.7	37;34986;36425;+;325.0	36;33950;34984;+;207.9	133;116621;119071;+;313.9	38;36432;40073;+;345.7	127;107786;108634;+;127.1	133;116621;119071;+;133.2	123;104502;105131;+;86.7	136;119884;121152;+;65.4	139;123053;125833;+;142.2	117;100288;102156;+;44.9	128;108691;109182;+;86.0	117;100288;102156;+;48.3	A	9/9	split_2	89103	0	1	
NZ_CP150860.1	-	-	75	0	0	GA	1	45;41915;42430;-;46.5	73;64814;65143;-;65.8	72;64489;64803;-;30.4	71;62034;64448;-;51.1	71;62034;64448;-;99.0	70;61279;62037;-;34.3	68;59017;60324;-;91.1		67;58313;58987;-;147.4	66;57432;58304;-;159.1	64;55761;57017;-;190.4	59;50001;51623;-;175.5			conjscan	conjscan_only	B	6/7	canonical	1	0	unscoreable	19	0	0														not_admitted	not_admitted	not_admitted	not_admitted	not_admitted	not_admitted	not_admitted
NZ_CP150866.1	MPF_F	-	234	0	0	GA	0															not_admitted	not_admitted	not_admitted	not_admitted	not_admitted	not_admitted	not_admitted	not_admitted	not_admitted	not_admitted	1	38;36088;37095;+;329.4	155;146543;147982;+;325.0	154;145507;146541;+;208.0	33;30859;33309;+;315.0	156;147989;151627;+;345.7	27;21619;22968;+;124.9	33;30859;33309;+;134.6	25;20046;20675;+;86.9	36;34122;35390;+;65.4	39;37291;40071;+;142.3	19;15832;17700;+;44.6	28;22968;23516;+;85.0	19;15832;17700;+;48.4	A	9/9	split_2	132157	0	1	
NZ_CP150884.1	-	-	83	0	0	GA	1	4;1954;2661;+;34.8	5;2642;2980;+;27.9	6;2991;3389;+;24.6	7;3343;5778;+;72.0		9;6032;6700;+;50.4	11;7057;8022;+;121.2		12;8355;9170;+;140.4	13;9167;9976;+;145.9	15;10264;11616;+;140.0	16;11626;12660;+;62.2	19;13702;15315;+;263.5		pfam	pfam_only	A	7/7	canonical	1	0	unscoreable	5	0	0														not_admitted	not_admitted	not_admitted	not_admitted	not_admitted	not_admitted	not_admitted
NZ_CP150905.1	MPF_T	-	98	0	0	GA	1	51;61644;62246;+;34.9			54;62915;65245;+;77.8	54;62915;65245;+;51.8	55;65248;65895;+;59.9	57;66156;67112;+;103.1		59;67337;68092;+;142.7	60;68089;68856;+;175.4	61;68849;70042;+;144.6	63;70394;71410;+;97.8	64;71414;73192;+;307.6		pfam	pfam_only	A	7/7	canonical	1	0	unscoreable	5	0	0														not_admitted	not_admitted	not_admitted	not_admitted	not_admitted	not_admitted	not_admitted
NZ_CP150906.1	-	-	78	0	0	GA	0															not_admitted	not_admitted	not_admitted	not_admitted	not_admitted	not_admitted	not_admitted	not_admitted	not_admitted	not_admitted	1	48;61019;62020;-;366.6	41;55025;56398;-;309.2	45;57359;58168;-;138.7	54;64528;67080;-;187.1	40;52299;55004;-;282.3	56;67477;68898;-;88.8	54;64528;67080;-;93.4	58;69623;70183;-;109.7	47;60100;60783;-;81.9	46;58334;60103;-;229.1	38;49561;51600;-;397.9	55;67085;67471;-;22.3	38;49561;51600;-;76.7	A	9/9	contiguous	20062	1	1	51766..52209-;147;unnamed;0
NZ_CP150907.1	-	-	77	0	0	GA	0															not_admitted	not_admitted	not_admitted	not_admitted	not_admitted	not_admitted	not_admitted	not_admitted	not_admitted	not_admitted	1	49;41225;42226;+;366.2	66;50736;52106;+;314.0	62;48678;49769;+;144.1	45;37353;39896;+;198.1	67;52120;54819;+;280.5	43;35541;36956;+;89.9	45;37353;39896;+;94.0	41;34256;34816;+;110.7	55;44587;45273;+;87.5	56;45270;47036;+;218.8	69;55497;57536;+;400.0	44;36962;37348;+;25.0	69;55497;57536;+;76.2	A	9/9	contiguous	21241	1	1	54910..55359+;149;unnamed;0
NZ_CP150908.1	MPF_F	-	61	0	0	GA	0															not_admitted	not_admitted	not_admitted	not_admitted	not_admitted	not_admitted	not_admitted	not_admitted	not_admitted	not_admitted	1	45;45529;46539;+;383.8	51;50611;52017;+;290.1	49;49401;50180;+;172.6	41;41071;43620;+;202.6	52;52020;54827;+;305.8	38;38755;40290;+;90.0	41;41071;43620;+;90.7	36;37418;37993;+;128.8	47;46796;47509;+;89.9	48;47546;49354;+;227.5	56;56998;59103;+;395.9	39;40296;40688;+;32.2	56;56998;59103;+;74.8	A	9/9	contiguous	19580	1	1	54910..55440+;176;unnamed;0
NZ_CP150912.1	MPF_T	-	98	0	0	GA	1	51;61644;62246;+;34.9			54;62915;65245;+;77.8	54;62915;65245;+;51.8	55;65248;65895;+;59.9	57;66156;67112;+;103.1		59;67337;68092;+;142.7	60;68089;68856;+;175.4	61;68849;70042;+;144.6	63;70394;71410;+;97.8	64;71414;73192;+;307.6		pfam	pfam_only	A	7/7	canonical	1	0	unscoreable	5	0	0														not_admitted	not_admitted	not_admitted	not_admitted	not_admitted	not_admitted	not_admitted
NZ_CP150913.1	-	-	78	0	0	GA	0															not_admitted	not_admitted	not_admitted	not_admitted	not_admitted	not_admitted	not_admitted	not_admitted	not_admitted	not_admitted	1	48;61019;62020;-;366.6	41;55025;56398;-;309.2	45;57359;58168;-;138.7	54;64528;67080;-;187.1	40;52299;55004;-;282.3	56;67477;68898;-;88.8	54;64528;67080;-;93.4	58;69623;70183;-;109.7	47;60100;60783;-;81.9	46;58334;60103;-;229.1	38;49561;51600;-;397.9	55;67085;67471;-;22.3	38;49561;51600;-;76.7	A	9/9	contiguous	20062	1	1	51766..52209-;147;unnamed;0
NZ_CP150914.1	-	-	77	0	0	GA	0															not_admitted	not_admitted	not_admitted	not_admitted	not_admitted	not_admitted	not_admitted	not_admitted	not_admitted	not_admitted	1	49;41225;42226;+;366.2	66;50736;52106;+;314.0	62;48678;49769;+;144.1	45;37353;39896;+;198.1	67;52120;54819;+;280.5	43;35541;36956;+;89.9	45;37353;39896;+;94.0	41;34256;34816;+;110.7	55;44587;45273;+;87.5	56;45270;47036;+;218.8	69;55497;57536;+;400.0	44;36962;37348;+;25.0	69;55497;57536;+;76.2	A	9/9	contiguous	21241	1	1	54910..55359+;149;unnamed;0
NZ_CP150915.1	MPF_F	-	61	0	0	GA	0															not_admitted	not_admitted	not_admitted	not_admitted	not_admitted	not_admitted	not_admitted	not_admitted	not_admitted	not_admitted	1	45;45529;46539;+;383.8	51;50611;52017;+;290.1	49;49401;50180;+;172.6	41;41071;43620;+;202.6	52;52020;54827;+;305.8	38;38755;40290;+;90.0	41;41071;43620;+;90.7	36;37418;37993;+;128.8	47;46796;47509;+;89.9	48;47546;49354;+;227.5	56;56998;59103;+;395.9	39;40296;40688;+;32.2	56;56998;59103;+;74.8	A	9/9	contiguous	19580	1	1	54910..55440+;176;unnamed;0
NZ_CP150949.1	-	-	134	0	0	GA	1	22;20681;21196;-;48.9	47;42386;42715;-;65.8	46;42061;42375;-;30.7	45;39606;42020;-;48.2	45;39606;42020;-;99.1	44;38851;39609;-;35.9	42;36583;37896;-;95.5		40;35691;36365;-;144.9	39;34810;35682;-;159.7	37;33139;34395;-;190.6	32;27362;28984;-;174.0	15;13840;15801;-;40.1		conjscan	conjscan_only	A	7/7	canonical	1	0	unscoreable	22	0	0														not_admitted	not_admitted	not_admitted	not_admitted	not_admitted	not_admitted	not_admitted
NZ_CP150950.1	-	-	86	0	0	GA	0															not_admitted	not_admitted	not_admitted	not_admitted	not_admitted	not_admitted	not_admitted	not_admitted	not_admitted	not_admitted	1	65;70488;71489;+;366.6	72;76119;77492;+;309.2	68;74349;75158;+;138.7	59;65428;67980;+;187.1	73;77513;80218;+;282.3	57;63610;65031;+;88.8	59;65428;67980;+;93.4	55;62325;62885;+;109.7	66;71725;72408;+;81.9	67;72405;74183;+;225.3	75;80917;82956;+;397.9	58;65037;65423;+;22.3	75;80917;82956;+;76.7	A	9/9	contiguous	18592	1	1	80308..80751+;147;unnamed;0
NZ_CP150952.1	-	-	74	0	0	GA	1	69;59159;60346;+;74.1	65;56051;56341;+;77.6	66;56354;56632;+;75.8	68;57149;58984;+;99.4	67;56622;57167;+;51.5	70;60346;61188;+;64.6	3;1031;2110;+;112.4		71;61202;61855;+;144.3	72;61857;62549;+;170.6	73;62552;63922;+;173.3	0;81;419;+;61.3	4;2175;4322;-;290.6		pfam	both	A	7/7	rearranged	1	0	unscoreable	2	0	0														not_admitted	not_admitted	not_admitted	not_admitted	not_admitted	not_admitted	not_admitted
NZ_CP150995.1	MPF_F	IncFIB(AP001918);IncFIC(FII)	146	0	0	GA	0															not_admitted	not_admitted	not_admitted	not_admitted	not_admitted	not_admitted	not_admitted	not_admitted	not_admitted	not_admitted	1	98;85015;86007;-;369.3	87;77956;79329;-;378.0	94;81543;82286;-;234.1	101;87016;89643;-;305.4	86;75137;77959;-;389.5	107;91698;93125;-;94.3	101;87016;89643;-;98.5	109;93840;94406;-;183.8	97;84368;85006;-;68.4	96;82563;84371;-;268.4	83;71455;73608;-;391.9	103;90159;90674;-;78.4	83;71455;73608;-;70.4	A	9/9	contiguous	22385	1	1	74624..75115-;163;TraS;0
NZ_CP150997.1	MPF_F	IncFII	108	0	0	GA	0															not_admitted	not_admitted	not_admitted	not_admitted	not_admitted	not_admitted	not_admitted	not_admitted	not_admitted	not_admitted	1	80;59324;60316;+;369.5	90;66095;67468;+;381.7	85;63422;64165;+;234.4	76;55686;56852;+;240.1	91;67465;70287;+;374.0	68;50833;52284;+;94.2	77;56834;58315;+;98.6	66;49552;50118;+;174.3	82;60660;61298;+;68.6	83;61295;63145;+;266.1	99;75338;77491;+;391.2	71;53144;53659;+;78.4	99;75338;77491;+;70.4	A	9/9	contiguous	25786	1	1	70309..70788+;159;TraS;0
NZ_CP150998.1	MPF_T	IncX10	53	0	0	GA	1	20;11068;11715;+;45.5	21;11693;11989;+;76.7	22;12008;14761;+;46.6	22;12008;14761;+;148.0	22;12008;14761;+;73.5	23;14772;15530;+;67.4	26;16183;16899;+;68.8		27;17144;17857;+;119.6	28;17862;18791;+;133.7	29;18788;19993;+;132.5	30;19995;21026;+;77.9	31;21029;22864;+;487.4		pfam	pfam_only	A	7/7	canonical	1	1	unscoreable	1	0	0														not_admitted	not_admitted	not_admitted	not_admitted	not_admitted	not_admitted	not_admitted
NZ_CP151001.1	MPF_F	IncFIB(K);IncFII(K)	253	0	0	GA	0															not_admitted	not_admitted	not_admitted	not_admitted	not_admitted	not_admitted	not_admitted	not_admitted	not_admitted	not_admitted	1	206;208688;209677;-;363.3	195;201502;202869;-;382.2	199;204127;204879;-;236.4	210;211134;213773;-;259.0	194;198659;201502;-;342.9	221;217740;219164;-;88.8	210;211134;213773;-;87.6	223;219891;220457;-;167.9	204;207765;208412;-;65.9	203;205751;207706;-;259.5	190;193762;196074;-;392.8	218;216544;217128;-;53.8	190;193762;196074;-;65.9	A	9/9	contiguous	26129	1	1	198124..198648-;174;unnamed;0
NZ_CP151077.1	-	-	50	0	0	GA	1	45;32690;33460;+;91.6			36;23971;26556;+;26.0						41;29899;30741;+;51.0	42;30751;32169;+;74.4	28;19436;20518;+;131.3	25;14939;17173;-;23.2		none	none	C	5/7	uncallable	0	0	unscoreable	15	0	0														not_admitted	not_admitted	not_admitted	not_admitted	not_admitted	not_admitted	not_admitted
NZ_CP151083.1	MPF_F	IncHI2;IncHI2A	195	0	0	GA	0															not_admitted	not_admitted	not_admitted	not_admitted	not_admitted	not_admitted	not_admitted	not_admitted	not_admitted	not_admitted	1	183;171242;172300;-;276.9			3;6563;9244;-;168.0		7;11574;12929;-;80.7	3;6563;9244;-;72.2	10;14653;15441;-;74.8	185;172442;173953;-;62.0	182;168035;171223;-;57.3		4;9253;10203;-;46.1		C	6/9	split_2	165879	0	1	
NZ_CP151089.1	MPF_F	IncC	236	0	0	GA	0															not_admitted	not_admitted	not_admitted	not_admitted	not_admitted	not_admitted	not_admitted	not_admitted	not_admitted	not_admitted	1	100;76063;77070;+;332.9	225;180017;181450;+;339.2	224;178987;180015;+;221.7	95;70864;73311;+;354.2	226;181463;185077;+;375.3	45;26117;27277;+;156.3	95;70864;73311;+;128.6	88;60513;61139;+;90.3	98;74133;75398;+;67.6	101;77186;79981;+;145.3	79;54838;56703;+;47.4	91;63350;63928;+;100.2	79;54838;56703;+;52.0	A	9/9	split_3	155346	0	1	
NZ_CP151174.1	MPF_T	IncX3	61	0	0	GA	1	17;15443;15961;-;47.4	16;15042;15332;-;73.1	15;12264;15017;-;47.0	15;12264;15017;-;142.4	15;12264;15017;-;73.3	14;11484;12254;-;60.1	12;10150;11205;-;133.2		11;9227;9955;-;119.4	10;8292;9221;-;138.8	9;7081;8295;-;128.3	7;5851;6885;-;65.7	6;4013;5848;-;495.9		pfam	pfam_only	A	7/7	canonical	1	1	unscoreable	2	0	0														not_admitted	not_admitted	not_admitted	not_admitted	not_admitted	not_admitted	not_admitted
NZ_CP151188.1	MPF_F	IncFIB(K);IncFII(K);IncFII(pAR0022);repB(R1701)	374	0	0	GA	0															not_admitted	not_admitted	not_admitted	not_admitted	not_admitted	not_admitted	not_admitted	not_admitted	not_admitted	not_admitted	1	323;293552;294541;-;366.6	313;286668;288035;-;381.2	317;289292;290044;-;231.5	102;92750;95389;-;258.5	87;80614;83457;-;346.5	335;301818;303242;-;89.2	327;295984;298623;-;88.8	112;100799;101365;-;169.3	97;89667;90305;-;67.0	96;87653;89608;-;259.7	307;279047;281359;-;393.2	109;97950;98534;-;55.4	307;279047;281359;-;65.9	A	9/9	split_2	221204	1	1	80079..80603-;174;unnamed;0
NZ_CP151189.1	MPF_F	IncFIB(pNDM-Mar);RepB	255	0	0	GA	0															not_admitted	not_admitted	not_admitted	not_admitted	not_admitted	not_admitted	not_admitted	not_admitted	not_admitted	not_admitted	1	187;157369;158406;-;282.3	96;66391;67746;+;188.4	95;65307;66344;+;174.4	198;169240;171957;-;152.7	97;67721;71692;+;120.9	202;174070;175443;-;63.3	198;169240;171957;-;84.3	207;178350;179210;-;79.1	188;158403;159764;-;70.4	186;154177;157359;-;57.9	86;55998;58124;-;58.0	199;172002;172739;-;59.2	86;55998;58124;-;40.6	A	9/9	split_2	122352	0	1	
NZ_CP151190.1	MPF_F	IncFII(pBK30683);IncP6	150	0	0	GA	0															not_admitted	not_admitted	not_admitted	not_admitted	not_admitted	not_admitted	not_admitted	not_admitted	not_admitted	not_admitted	1	65;54355;55347;-;362.9	51;45096;46463;-;383.3	55;47721;48473;-;222.2	68;56373;59012;-;259.7	50;42265;45096;-;345.6	76;62446;63870;-;89.2	68;56373;59012;-;87.7	78;64597;65163;-;169.3	61;51677;52324;-;64.9	59;49345;51300;-;257.4	47;38204;40513;-;393.1	75;61763;62332;-;51.6	47;38204;40513;-;66.6	A	9/9	contiguous	26393	1	1	41577..42248-;223;unnamed;0
NZ_CP151191.1	MPF_F	IncFII(pAR0022);IncFII(pBK30683)	82	0	0	GA	0															not_admitted	not_admitted	not_admitted	not_admitted	not_admitted	not_admitted	not_admitted	not_admitted	not_admitted	not_admitted	1	54;40856;41848;+;362.9	67;49422;50789;+;382.2	63;47412;48164;+;233.7	51;37191;39830;+;258.5	68;50789;53638;+;342.9	44;32686;34110;+;89.2	51;37191;39830;+;88.7	42;31393;31959;+;169.3	58;43879;44526;+;66.0	59;44585;46540;+;259.7	72;56125;58437;+;392.8	45;34224;34793;+;52.3	72;56125;58437;+;65.9	A	9/9	contiguous	24732	1	1	53651..54199+;182;unnamed;0
NZ_CP151203.1	-	pKPC-CAV1321	366	0	0	GA	0															not_admitted	not_admitted	not_admitted	not_admitted	not_admitted	not_admitted	not_admitted	not_admitted	not_admitted	not_admitted	1	244;194076;195143;+;276.8	264;211057;212499;+;260.7	263;209960;211060;+;198.4	240;189482;191968;+;223.8	265;212514;216032;+;238.8	236;184857;186254;+;109.8	240;189482;191968;+;120.8	234;182948;183574;+;87.1	243;192766;194079;+;41.0	267;216468;219125;+;136.9	228;178424;180400;+;22.7	237;186251;186817;+;71.6	228;178424;180400;+;33.5	A	9/9	contiguous	38044	0	1	
NZ_CP151204.1	MPF_F	IncFIB(K);IncFII(K)	262	0	0	GA	0															not_admitted	not_admitted	not_admitted	not_admitted	not_admitted	not_admitted	not_admitted	not_admitted	not_admitted	not_admitted	1	175;160881;161870;-;366.0	165;154020;155390;-;380.7	169;156592;157344;-;230.7	179;163313;165952;-;258.5	164;151177;154020;-;346.5	187;169211;170635;-;89.2	179;163313;165952;-;88.7	189;171362;171928;-;169.3	174;160230;160868;-;67.0	173;158216;160171;-;259.7	160;146280;148592;-;392.8	186;168513;169097;-;54.3	160;146280;148592;-;65.9	A	9/9	contiguous	25082	1	1	150642..151166-;174;unnamed;0
NZ_CP151206.1	MPF_T	IncX3	61	0	0	GA	1	14;8996;9640;+;46.4	15;9624;9914;+;73.1	16;9939;12692;+;47.0	16;9939;12692;+;142.4	16;9939;12692;+;73.3	17;12702;13472;+;60.1	19;13751;14806;+;133.2		20;15001;15729;+;119.4	21;15735;16664;+;138.8	22;16661;17875;+;128.3	24;18071;19105;+;65.7	25;19108;20943;+;495.9		pfam	pfam_only	A	7/7	canonical	1	1	unscoreable	2	0	0														not_admitted	not_admitted	not_admitted	not_admitted	not_admitted	not_admitted	not_admitted
NZ_CP151315.1	MPF_F	IncFII	97	0	0	GA	0															not_admitted	not_admitted	not_admitted	not_admitted	not_admitted	not_admitted	not_admitted	not_admitted	not_admitted	not_admitted	1	73;55906;56898;+;369.5	83;62677;64050;+;381.7	78;60004;60747;+;234.4	70;52267;54897;+;304.1	84;64047;66869;+;374.0	62;47414;48865;+;94.2	70;52267;54897;+;96.8	60;46133;46699;+;174.3	75;57242;57880;+;68.6	76;57877;59727;+;266.1	88;69141;71420;+;391.0	65;49725;50240;+;78.4	88;69141;71420;+;70.3	A	9/9	contiguous	23008	1	1	66891..67370+;159;TraS;0
NZ_CP151326.1	MPF_F	IncFII	100	0	0	GA	0															not_admitted	not_admitted	not_admitted	not_admitted	not_admitted	not_admitted	not_admitted	not_admitted	not_admitted	not_admitted	1	75;58347;59339;+;369.3	86;65392;66765;+;376.8	81;63059;63802;+;233.3	72;54711;57338;+;306.8	87;66762;69587;+;389.2	66;51237;52664;+;94.3	72;54711;57338;+;98.5	64;49956;50522;+;183.8	78;60336;60974;+;68.6	79;60971;62779;+;268.3	91;71829;74027;+;391.7	70;53680;54195;+;78.4	91;71829;74027;+;70.3	A	9/9	contiguous	21873	1	1	69584..70093+;169;unnamed;0
NZ_CP151331.1	MPF_F	IncFII	100	0	0	GA	0															not_admitted	not_admitted	not_admitted	not_admitted	not_admitted	not_admitted	not_admitted	not_admitted	not_admitted	not_admitted	1	75;58347;59339;+;369.3	86;65392;66765;+;376.8	81;63059;63802;+;233.3	72;54711;57338;+;306.8	87;66762;69587;+;389.2	66;51237;52664;+;94.3	72;54711;57338;+;98.5	64;49956;50522;+;183.8	78;60336;60974;+;68.6	79;60971;62779;+;268.3	91;71829;74027;+;391.7	70;53680;54195;+;78.4	91;71829;74027;+;70.3	A	9/9	contiguous	21873	1	1	69584..70093+;169;unnamed;0
NZ_CP151347.1	MPF_F	IncFII	100	0	0	GA	0															not_admitted	not_admitted	not_admitted	not_admitted	not_admitted	not_admitted	not_admitted	not_admitted	not_admitted	not_admitted	1	75;58347;59339;+;369.3	86;65392;66765;+;376.8	81;63059;63802;+;233.3	72;54711;57338;+;306.8	87;66762;69587;+;389.2	66;51237;52664;+;94.3	72;54711;57338;+;98.5	64;49956;50522;+;183.8	78;60336;60974;+;68.6	79;60971;62779;+;268.3	91;71829;74027;+;391.7	70;53680;54195;+;78.4	91;71829;74027;+;70.3	A	9/9	contiguous	21873	1	1	69584..70093+;169;unnamed;0
NZ_CP151359.1	MPF_F	IncFII	90	0	0	GA	0															not_admitted	not_admitted	not_admitted	not_admitted	not_admitted	not_admitted	not_admitted	not_admitted	not_admitted	not_admitted	1	67;52719;53711;+;369.5	77;59490;60863;+;381.7	72;56817;57560;+;234.4	64;49080;51710;+;304.1	78;60860;63682;+;374.0	57;44630;46057;+;94.3	64;49080;51710;+;97.1	55;43349;43915;+;174.3	69;54055;54693;+;68.6	70;54690;56540;+;266.1	82;65954;68170;+;391.2	60;46941;47456;+;78.4	82;65954;68170;+;70.3	A	9/9	contiguous	22605	1	1	63704..64183+;159;TraS;0
NZ_CP151407.1	-	-	366	0	0	GA	1		107;104676;105032;-;64.7		105;101814;104312;-;56.9	105;101814;104312;-;99.0		103;99672;100994;-;60.7		99;96206;96919;-;141.0	98;95403;96206;-;206.5	97;94008;95393;-;183.5	91;87083;88678;-;241.6	111;107304;109163;-;35.8		none	none	A	7/7	canonical	0	0	unscoreable	13	0	0														not_admitted	not_admitted	not_admitted	not_admitted	not_admitted	not_admitted	not_admitted
NZ_CP151665.1	MPF_F	IncFIB(K)	230	0	0	GA	0															not_admitted	not_admitted	not_admitted	not_admitted	not_admitted	not_admitted	not_admitted	not_admitted	not_admitted	not_admitted	1	178;178546;179535;-;366.6	168;171632;172999;-;380.5	172;174257;175009;-;233.7	182;180992;183631;-;258.5	167;168783;171632;-;346.4	189;186459;187883;-;88.1	182;180992;183631;-;88.7	191;188610;189176;-;169.3	177;177895;178533;-;66.9	176;175881;177836;-;259.7	160;162948;165257;-;393.1	188;185802;186386;-;54.3	160;162948;165257;-;66.6	A	9/9	contiguous	25662	1	1	168250..168780-;176;unnamed;0
NZ_CP151666.1	MPF_T	IncN	81	0	0	GA	1	51;45400;46134;+;32.5		54;46777;47094;+;63.3	55;47094;49694;+;113.8	55;47094;49694;+;76.4	56;49712;50425;+;105.5	58;50676;51716;+;142.4		59;51935;52633;+;131.9	60;52644;53528;+;159.7	61;53528;54688;+;156.3	62;54730;55725;+;81.2	8;10837;12366;-;38.5		pfam	both	A	7/7	canonical	1	0	unscoreable	3	0	0														not_admitted	not_admitted	not_admitted	not_admitted	not_admitted	not_admitted	not_admitted
NZ_CP151674.1	-	-	51	0	0	GA	1	43;29315;29929;+;45.0	44;29939;30226;+;55.4	45;30287;33058;+;45.0	45;30287;33058;+;164.3	45;30287;33058;+;64.1	46;33068;33835;+;65.2	48;34094;35128;+;119.4		0;19;210;+;49.5	1;213;1130;+;144.1	2;1127;2311;+;136.1	3;2314;3345;+;84.9	4;3354;5186;+;474.7		pfam	pfam_only	A	7/7	canonical	1	1	unscoreable	1	0	0														not_admitted	not_admitted	not_admitted	not_admitted	not_admitted	not_admitted	not_admitted
NZ_CP151677.1	-	-	53	0	0	GA	1	36;32388;33002;-;45.0	35;32091;32378;-;55.4	34;29259;32030;-;45.0	34;29259;32030;-;164.7	34;29259;32030;-;64.9	33;28482;29249;-;65.2	31;27189;28223;-;119.4		28;26048;26767;-;150.6	27;25128;26045;-;144.1	26;23947;25131;-;136.1	25;22913;23944;-;84.9	24;21072;22904;-;474.7		pfam	pfam_only	A	7/7	canonical	1	1	unscoreable	3	0	0														not_admitted	not_admitted	not_admitted	not_admitted	not_admitted	not_admitted	not_admitted
NZ_CP151678.1	-	-	33	0	0	GA	1	4;2207;2746;+;50.5	6;3697;4056;+;77.7	7;4062;4382;+;36.3	8;4379;6880;+;71.4	8;4379;6880;+;81.2		11;7869;9476;+;61.0		12;9473;10117;+;67.5	13;10129;11043;+;183.6	15;11486;12700;+;204.1	5;2743;3687;+;99.7			none	none	B	6/7	canonical	0	0	unscoreable	3	0	0														not_admitted	not_admitted	not_admitted	not_admitted	not_admitted	not_admitted	not_admitted
NZ_CP151724.1	MPF_F	IncFIB(K)	230	0	0	GA	0															not_admitted	not_admitted	not_admitted	not_admitted	not_admitted	not_admitted	not_admitted	not_admitted	not_admitted	not_admitted	1	178;178546;179535;-;366.6	168;171632;172999;-;380.5	172;174257;175009;-;233.7	182;180992;183631;-;258.5	167;168783;171632;-;346.4	189;186459;187883;-;88.1	182;180992;183631;-;88.7	191;188610;189176;-;169.3	177;177895;178533;-;66.9	176;175881;177836;-;259.7	160;162948;165257;-;393.1	188;185802;186386;-;54.3	160;162948;165257;-;66.6	A	9/9	contiguous	25662	1	1	168250..168780-;176;unnamed;0
NZ_CP151725.1	MPF_T	IncN	81	0	0	GA	1	51;45400;46134;+;32.5		54;46777;47094;+;63.3	55;47094;49694;+;113.8	55;47094;49694;+;76.4	56;49712;50425;+;105.5	58;50676;51716;+;142.4		59;51935;52633;+;131.9	60;52644;53528;+;159.7	61;53528;54688;+;156.3	62;54730;55725;+;81.2	8;10837;12366;-;38.5		pfam	both	A	7/7	canonical	1	0	unscoreable	3	0	0														not_admitted	not_admitted	not_admitted	not_admitted	not_admitted	not_admitted	not_admitted
NZ_CP151755.1	MPF_T	IncX3	65	0	0	GA	1	54;41154;41798;+;46.4	55;41782;42072;+;73.1	56;42097;44850;+;47.0	56;42097;44850;+;142.4	56;42097;44850;+;73.3	57;44860;45630;+;60.1	59;45909;46964;+;133.2		60;47159;47887;+;119.4	61;47893;48822;+;138.8	62;48819;50033;+;128.3	64;50229;51263;+;65.7			pfam	pfam_only	B	6/7	canonical	1	1	unscoreable	2	0	0														not_admitted	not_admitted	not_admitted	not_admitted	not_admitted	not_admitted	not_admitted
NZ_CP151758.1	MPF_T	IncX3	67	0	0	GA	1	2;884;1528;+;46.4	3;1512;1802;+;73.1	4;1827;4580;+;47.0	4;1827;4580;+;142.4	4;1827;4580;+;73.3	5;4590;5360;+;60.1	7;5639;6694;+;133.2		8;6889;7617;+;119.4	9;7623;8552;+;138.8	10;8549;9763;+;128.3	12;9959;10993;+;65.7	13;10996;12831;+;495.9		pfam	pfam_only	A	7/7	canonical	1	1	unscoreable	2	0	0														not_admitted	not_admitted	not_admitted	not_admitted	not_admitted	not_admitted	not_admitted
NZ_CP151761.1	MPF_T	IncX3	67	0	0	GA	1	2;884;1528;+;46.4	3;1512;1802;+;73.1	4;1827;4580;+;47.0	4;1827;4580;+;142.4	4;1827;4580;+;73.3	5;4590;5360;+;60.1	7;5639;6694;+;133.2		8;6889;7617;+;119.4	9;7623;8552;+;138.8	10;8549;9763;+;128.3	12;9959;10993;+;65.7	13;10996;12831;+;495.9		pfam	pfam_only	A	7/7	canonical	1	1	unscoreable	2	0	0														not_admitted	not_admitted	not_admitted	not_admitted	not_admitted	not_admitted	not_admitted
NZ_CP151764.1	-	-	339	0	0	GA	0															not_admitted	not_admitted	not_admitted	not_admitted	not_admitted	not_admitted	not_admitted	not_admitted	not_admitted	not_admitted	1	322;322101;323102;-;347.5	316;317063;318553;-;369.4	317;318546;318872;-;71.2	327;324871;326820;-;92.5	315;313856;317059;-;290.4	330;327809;329098;-;95.1	327;324871;326820;-;104.3	332;329823;330377;-;125.2	321;321415;322116;-;86.9	320;319781;321418;-;154.7	300;304042;306303;-;446.2	329;327353;327694;-;28.5	300;304042;306303;-;82.4	A	9/9	contiguous	25781	0	1	
NZ_CP151769.1	MPF_F	IncFIA(HI1);IncFII(pKP91)	131	0	0	GA	0															not_admitted	not_admitted	not_admitted	not_admitted	not_admitted	not_admitted	not_admitted	not_admitted	not_admitted	not_admitted	1	75;76275;77264;-;366.1	65;69058;70428;-;380.8	69;71624;72376;-;233.8	79;78718;81357;-;255.6	64;66209;69058;-;338.3	86;84076;85500;-;80.6	79;78718;81357;-;92.6	88;86221;86787;-;160.3	74;75633;76262;-;68.3	73;73678;75633;-;254.0	61;62259;64556;-;391.8	85;83444;84013;-;53.4	61;62259;64556;-;67.1	A	9/9	contiguous	23962	1	1	65676..66203-;175;unnamed;0
NZ_CP151772.1	MPF_T	IncN3	67	0	0	GA	1	57;44493;45275;-;33.3	55;43950;44246;-;36.0	54;43593;43910;-;71.9	53;41019;43592;-;118.0	53;41019;43592;-;74.2	52;40302;41003;-;98.9	50;38996;40033;-;121.9	49;38788;38919;-;40.1	48;38082;38777;-;132.6	47;37184;38071;-;147.8	46;36051;37184;-;166.3	29;21865;22413;-;88.4	18;12038;13570;+;52.0		pfam	both	A	7/7	canonical	1	0	ga	12	0	0														not_admitted	not_admitted	not_admitted	not_admitted	not_admitted	not_admitted	not_admitted
NZ_CP151777.1	-	-	121	0	0	GA	0															not_admitted	not_admitted	not_admitted	not_admitted	not_admitted	not_admitted	not_admitted	not_admitted	not_admitted	not_admitted	1	86;100470;100985;-;151.2	76;92938;94263;-;325.2	82;97108;97587;-;85.5	89;102023;104734;-;224.7	75;90041;92932;-;316.6	96;107180;107644;-;53.6	89;102023;104734;-;117.5	99;109285;109854;-;121.0	85;99224;99964;-;70.4	83;97889;98293;-;118.8	69;86571;87848;-;222.2	90;104737;105291;-;49.2	69;86571;87848;-;74.4	A	9/9	contiguous	22714	1	1	89607..89819-;70;unnamed;0
NZ_CP151861.1	MPF_F	IncFIB(pNDM-Mar);IncHI1B(pNDM-MAR)	281	0	0	GA	0															not_admitted	not_admitted	not_admitted	not_admitted	not_admitted	not_admitted	not_admitted	not_admitted	not_admitted	not_admitted	1	156;133117;134154;-;280.8	73;55586;56995;+;190.4	72;54559;55596;+;176.7	169;144989;147706;-;149.2	74;56997;60911;+;121.7	173;149819;151189;-;63.4	169;144989;147706;-;83.2	176;152835;153695;-;77.7	157;134151;135512;-;69.9	155;129925;133107;-;59.7	65;45228;47354;-;57.8	170;147751;148488;-;56.9	65;45228;47354;-;41.0	A	9/9	split_2	107607	0	1	
NZ_CP151863.1	MPF_F	IncA	211	0	0	GA	0															not_admitted	not_admitted	not_admitted	not_admitted	not_admitted	not_admitted	not_admitted	not_admitted	not_admitted	not_admitted	1	70;57628;58632;-;330.1	148;122041;123474;-;336.4	149;123476;124504;-;223.9	75;61390;63837;-;352.8	147;118423;122028;-;377.7	80;71348;72664;-;136.3	75;61390;63837;-;130.4	82;73562;74188;-;93.9	72;59300;60568;-;69.6	69;54739;57477;-;138.7	91;77978;79843;-;46.9	79;70773;71351;-;98.1	91;77978;79843;-;51.6	A	9/9	split_2	68737	0	1	
NZ_CP151864.1	-	pKPC-CAV1321	403	0	0	GA	0															not_admitted	not_admitted	not_admitted	not_admitted	not_admitted	not_admitted	not_admitted	not_admitted	not_admitted	not_admitted	1	176;140676;141743;+;276.8	196;157657;159099;+;260.7	195;156560;157660;+;198.4	172;136082;138568;+;223.8	197;159114;162632;+;240.0	168;131457;132854;+;109.8	172;136082;138568;+;120.8	166;129548;130174;+;87.1	175;139366;140679;+;41.0	199;163068;165725;+;136.9	158;123822;125798;+;22.7	169;132851;133417;+;71.6	158;123822;125798;+;33.5	A	9/9	contiguous	39246	0	1	
NZ_CP151865.1	MPF_F	-	155	0	0	GA	0															not_admitted	not_admitted	not_admitted	not_admitted	not_admitted	not_admitted	not_admitted	not_admitted	not_admitted	not_admitted	1	34;35410;37008;+;329.9	41;40384;41775;+;240.8	39;39083;39910;+;173.3	31;29084;31618;+;151.5	42;41775;45428;+;106.9	29;27325;28566;+;59.9	31;29084;31618;+;77.1	27;25868;26497;+;48.1	37;37808;38548;+;97.4	33;33653;35251;+;77.4	85;71435;73780;-;355.3	30;28566;29084;+;75.7	85;71435;73780;-;64.0	A	9/9	split_2	45567	1	1	45530..45718+;62;unnamed;0
NZ_CP152065.1	MPF_F	IncFII(K);IncQ1;repB(R1701)	167	0	0	GA	0															not_admitted	not_admitted	not_admitted	not_admitted	not_admitted	not_admitted	not_admitted	not_admitted	not_admitted	not_admitted	1	108;91293;92282;-;366.6	98;84379;85746;-;384.0	102;87004;87756;-;233.3	112;93725;96364;-;258.5	97;81530;84379;-;346.4	119;99557;100981;-;89.2	112;93725;96364;-;88.2	121;101708;102274;-;169.3	107;90642;91280;-;66.9	106;88628;90583;-;259.7	93;76756;79068;-;393.1	118;98859;99443;-;53.6	93;76756;79068;-;66.6	A	9/9	contiguous	24952	1	1	80994..81527-;177;unnamed;0
NZ_CP152303.1	MPF_F	IncFII	88	0	0	GA	0															not_admitted	not_admitted	not_admitted	not_admitted	not_admitted	not_admitted	not_admitted	not_admitted	not_admitted	not_admitted	1	64;50020;51012;+;369.5	74;56791;58164;+;381.7	69;54118;54861;+;234.4	61;46381;49011;+;304.1	75;58161;60983;+;374.0	54;41931;43358;+;94.3	61;46381;49011;+;97.1	52;40650;41216;+;174.3	66;51356;51994;+;68.6	67;51991;53841;+;266.1	79;63255;65489;+;391.1	57;44242;44757;+;78.4	79;63255;65489;+;70.3	A	9/9	contiguous	22605	1	1	61005..61484+;159;TraS;0
NZ_CP152365.1	MPF_T	-	98	0	0	GA	1	51;61644;62246;+;34.9			54;62915;65245;+;77.8	54;62915;65245;+;51.8	55;65248;65895;+;59.9	57;66156;67112;+;103.1		59;67337;68092;+;142.7	60;68089;68856;+;175.4	61;68849;70042;+;144.6	63;70394;71410;+;97.8	64;71414;73192;+;307.6		pfam	pfam_only	A	7/7	canonical	1	0	unscoreable	5	0	0														not_admitted	not_admitted	not_admitted	not_admitted	not_admitted	not_admitted	not_admitted
NZ_CP152366.1	-	-	78	0	0	GA	0															not_admitted	not_admitted	not_admitted	not_admitted	not_admitted	not_admitted	not_admitted	not_admitted	not_admitted	not_admitted	1	48;61001;62002;-;366.6	41;55007;56380;-;309.2	45;57341;58150;-;138.7	54;64510;67062;-;187.1	40;52281;54986;-;282.3	56;67459;68880;-;88.8	54;64510;67062;-;93.4	58;69605;70165;-;109.7	47;60082;60765;-;81.9	46;58316;60085;-;229.1	38;49543;51582;-;397.9	55;67067;67453;-;22.3	38;49543;51582;-;76.7	A	9/9	contiguous	20062	1	1	51748..52191-;147;unnamed;0
NZ_CP152367.1	-	-	77	0	0	GA	0															not_admitted	not_admitted	not_admitted	not_admitted	not_admitted	not_admitted	not_admitted	not_admitted	not_admitted	not_admitted	1	49;41225;42226;+;366.2	66;50736;52106;+;314.0	62;48678;49769;+;144.1	45;37353;39896;+;198.1	67;52120;54819;+;280.5	43;35541;36956;+;89.9	45;37353;39896;+;94.0	41;34256;34816;+;110.7	55;44587;45273;+;87.5	56;45270;47036;+;218.8	69;55497;57536;+;400.0	44;36962;37348;+;25.0	69;55497;57536;+;76.2	A	9/9	contiguous	21241	1	1	54910..55359+;149;unnamed;0
NZ_CP152372.1	MPF_F	-	245	0	0	GA	0															not_admitted	not_admitted	not_admitted	not_admitted	not_admitted	not_admitted	not_admitted	not_admitted	not_admitted	not_admitted	1	230;225241;226272;+;368.4	238;232332;233777;+;322.3	237;231523;232332;+;215.3	223;219882;222476;+;232.2	239;233774;237715;+;230.3	216;214791;216113;+;95.1	223;219882;222476;+;79.7	214;213444;214055;+;107.6	231;226269;227057;+;90.1	233;228340;229620;+;149.2	204;202894;205002;+;419.7	222;219187;219867;+;51.0	204;202894;205002;+;69.9	A	9/9	contiguous	30880	0	1	
NZ_CP152381.1	MPF_F	-	237	0	0	GA	0															not_admitted	not_admitted	not_admitted	not_admitted	not_admitted	not_admitted	not_admitted	not_admitted	not_admitted	not_admitted	1	139;113104;114249;-;114.1			141;114718;117840;-;218.4	136;109658;111328;-;78.0		141;114718;117840;-;26.7				151;123823;125874;-;24.5		151;123823;125874;-;44.0	D	3/9	contiguous	14165	0	0	
NZ_CP152382.1	-	-	185	0	0	GA	0															not_admitted	not_admitted	not_admitted	not_admitted	not_admitted	not_admitted	not_admitted	not_admitted	not_admitted	not_admitted	1	85;70746;71741;-;220.6	48;36195;37574;-;115.5	49;37571;38524;-;128.8	89;73963;76431;-;250.5	47;31727;36193;-;155.5	93;78260;79549;-;110.6	89;73963;76431;-;144.3	95;80601;81173;-;109.4	86;71734;72990;-;42.0	84;66820;70746;-;46.0	99;82709;84607;-;51.0	91;76864;77451;-;60.6	99;82709;84607;-;55.4	A	9/9	split_2	50982	0	1	
NZ_CP152384.1	MPF_F	-	118	0	0	GA	0															not_admitted	not_admitted	not_admitted	not_admitted	not_admitted	not_admitted	not_admitted	not_admitted	not_admitted	not_admitted	1	84;54380;55423;+;369.2	89;59402;60829;+;325.8	87;58192;59004;+;219.1	80;50092;52818;+;164.6	90;60845;63847;+;208.7	76;47094;48410;+;102.7	80;50092;52818;+;108.4	74;45803;46381;+;82.6	85;55438;56145;+;107.6	86;56142;58199;+;92.2	56;33083;35242;+;381.4	79;49438;50082;+;41.9	56;33083;35242;+;89.7	A	9/9	contiguous	27762	1	1	63919..64437+;172;unnamed;0
NZ_CP152423.1	MPF_T	IncX3	69	0	0	GA	1	65;50056;50727;+;46.2	67;51883;52173;+;73.1	68;52198;54951;+;47.0	68;52198;54951;+;142.4	68;52198;54951;+;73.3		2;776;1831;+;133.2		3;2026;2754;+;119.4	4;2760;3689;+;138.8	5;3686;4900;+;128.3	7;5096;6130;+;65.7	8;6133;7968;+;495.9		none	none	A	7/7	rearranged	0	1	unscoreable	2	0	0														not_admitted	not_admitted	not_admitted	not_admitted	not_admitted	not_admitted	not_admitted
NZ_CP152441.1	MPF_F	IncFII(pHN7A8);IncR	152	0	0	GA	0															not_admitted	not_admitted	not_admitted	not_admitted	not_admitted	not_admitted	not_admitted	not_admitted	not_admitted	not_admitted	1	38;30408;31400;+;369.5			35;26772;29399;+;301.8		30;23290;24717;+;94.1	35;26772;29399;+;101.8	28;22009;22575;+;183.8			35;26772;29399;+;20.8	34;25741;26256;+;77.6		D	4/9	contiguous	8399	0	0	
NZ_CP152445.1	MPF_F	IncFII(pHN7A8);IncR	231	0	0	GA	0															not_admitted	not_admitted	not_admitted	not_admitted	not_admitted	not_admitted	not_admitted	not_admitted	not_admitted	not_admitted	1	83;62122;63114;+;369.5			80;58486;61113;+;301.8		75;55004;56431;+;94.1	80;58486;61113;+;101.8	73;53723;54289;+;183.8	86;64060;64698;+;70.4		80;58486;61113;+;20.8	79;57455;57970;+;77.6		D	5/9	contiguous	10337	0	0	
NZ_CP152450.1	MPF_F	IncFII(pHN7A8);IncR	153	0	0	GA	0															not_admitted	not_admitted	not_admitted	not_admitted	not_admitted	not_admitted	not_admitted	not_admitted	not_admitted	not_admitted	1	85;65229;66221;-;369.5			88;67230;69857;-;301.8		93;71912;73339;-;94.1	88;67230;69857;-;101.8	95;74054;74620;-;183.8			88;67230;69857;-;20.8	89;70373;70888;-;77.6		D	4/9	contiguous	8825	0	0	
NZ_CP152489.1	MPF_F	IncHI2;IncHI2A	265	0	0	GA	0															not_admitted	not_admitted	not_admitted	not_admitted	not_admitted	not_admitted	not_admitted	not_admitted	not_admitted	not_admitted	1	57;61506;62564;+;276.9	208;192945;194360;-;194.1	209;194350;195396;-;174.3	41;39253;41934;+;168.0	207;188983;192936;-;101.7	37;35568;36923;+;80.7	41;39253;41934;+;72.2	34;33056;33844;+;74.8	55;59853;61364;+;62.0	58;62583;65771;+;57.3	216;202438;204522;+;56.8	40;38294;39244;+;46.1	216;202438;204522;+;38.8	A	9/9	split_3	169382	1	1	187513..188802-;429;unnamed;0
NZ_CP154257.1	MPF_F	IncFII(pKP91);repFIB;repHI5B	502	0	0	GA	0															not_admitted	not_admitted	not_admitted	not_admitted	not_admitted	not_admitted	not_admitted	not_admitted	not_admitted	not_admitted	1	238;195282;196271;+;368.2	247;202503;203873;+;378.9	243;200555;201307;+;232.9	235;191614;194253;+;254.8	248;203873;206695;+;346.7	225;186296;187714;+;84.4	235;191614;194253;+;88.2	223;185009;185575;+;148.2	467;421354;422715;+;71.7	240;196913;198868;+;253.9	251;208455;210785;+;388.9	456;408340;409077;+;56.3	251;208455;210785;+;65.2	A	9/9	split_2	236345	1	1	206721..207335+;204;TraS;0
NZ_CP154258.1	MPF_F	IncFII(Yp)	132	0	0	GA	0															not_admitted	not_admitted	not_admitted	not_admitted	not_admitted	not_admitted	not_admitted	not_admitted	not_admitted	not_admitted	1	60;44680;45672;+;372.3	71;51706;53076;+;380.3	68;50185;50937;+;222.2	57;41015;43654;+;254.8	72;53076;55919;+;348.4	49;36403;37824;+;86.6	57;41015;43654;+;88.2	47;35116;35682;+;159.4	61;45685;46332;+;68.8	63;46709;48664;+;253.1	75;57489;59783;+;391.5	51;38285;38869;+;55.9	75;57489;59783;+;66.6	A	9/9	contiguous	22373	1	1	55925..56440+;171;unnamed;0
NZ_CP154259.1	MPF_F	IncFIA(pBK30683);IncFII(Yp)	105	0	0	GA	0															not_admitted	not_admitted	not_admitted	not_admitted	not_admitted	not_admitted	not_admitted	not_admitted	not_admitted	not_admitted	1	78;58597;59589;+;372.3	88;65222;66592;+;383.1	85;63701;64453;+;222.2	75;54935;57574;+;258.9	89;66592;69447;+;333.3	68;50404;51825;+;88.0	75;54935;57574;+;88.4	66;49117;49683;+;161.7	79;59602;60228;+;68.4	80;60225;62180;+;254.7	92;71192;73510;+;390.7	70;52437;53006;+;55.7	92;71192;73510;+;66.8	A	9/9	contiguous	22075	1	1	69464..70135+;223;unnamed;0
NZ_CP154269.1	MPF_F	-	67	0	0	GA	0															not_admitted	not_admitted	not_admitted	not_admitted	not_admitted	not_admitted	not_admitted	not_admitted	not_admitted	not_admitted	1	22;18334;19344;+;382.2	34;26730;28109;+;311.4	31;24680;25459;+;177.6	18;14379;16454;+;202.8	35;28112;29443;+;291.5	16;12089;13609;+;86.9	18;14379;16454;+;49.9	14;10752;11327;+;122.2	24;19595;20311;+;90.9	25;20344;22137;+;231.7	40;32442;34547;+;397.9	17;13614;14000;+;31.8	40;32442;34547;+;75.7	A	9/9	contiguous	21690	1	1	29440..30918+;492;unnamed;0
NZ_CP154270.1	MPF_F	-	78	0	0	GA	0															not_admitted	not_admitted	not_admitted	not_admitted	not_admitted	not_admitted	not_admitted	not_admitted	not_admitted	not_admitted	1	61;48910;49467;+;239.5	72;55525;56931;+;291.0	69;54175;54954;+;173.0	55;44011;46152;+;204.9	73;56935;59748;+;303.7	53;42075;43610;+;87.4	55;44011;46152;+;48.2	51;40738;41313;+;130.3	64;50038;50436;+;91.6	65;50473;52728;+;218.1	2;1253;2779;+;389.5	54;43616;44008;+;34.1	2;1253;2779;+;74.9	A	9/9	split_2	55682	1	1	59950..60363+;137;unnamed;0
NZ_CP154271.1	MPF_F	-	66	0	0	GA	0															not_admitted	not_admitted	not_admitted	not_admitted	not_admitted	not_admitted	not_admitted	not_admitted	not_admitted	not_admitted	1	37;35934;36944;-;382.2	25;27171;28364;-;269.0	28;29820;30599;-;177.6	42;39798;40901;-;173.5	24;24361;27168;-;296.0	44;41676;43196;-;86.9	41;38363;39769;-;105.8	46;43958;44455;-;119.0	35;34967;35683;-;90.9	34;33371;34948;-;179.7	19;20128;22227;-;398.2	43;41285;41671;-;31.8	19;20128;22227;-;75.1	A	9/9	contiguous	23830	1	1	23744..24277-;177;unnamed;0
NZ_CP154275.1	MPF_F	IncFII(pHN7A8);IncR	153	0	0	GA	0															not_admitted	not_admitted	not_admitted	not_admitted	not_admitted	not_admitted	not_admitted	not_admitted	not_admitted	not_admitted	1	2;911;1903;-;369.5			5;2912;5539;-;301.8		10;7594;9021;-;94.1	5;2912;5539;-;101.8	12;9736;10302;-;183.8			5;2912;5539;-;20.8	6;6055;6570;-;77.6		D	4/9	contiguous	8825	0	0	
NZ_CP154294.1	MPF_F	Col156;IncFIB(AP001918);IncFII	135	0	0	GA	0															not_admitted	not_admitted	not_admitted	not_admitted	not_admitted	not_admitted	not_admitted	not_admitted	not_admitted	not_admitted	1	132;116761;117753;+;369.5	12;6511;7443;+;316.1	5;3563;4306;+;234.4	129;113122;115752;+;297.8	15;8947;11766;+;373.5	122;108403;109854;+;93.8	129;113122;115752;+;99.0	120;107122;107688;+;174.3	0;58;624;+;71.3	3;1436;3286;+;269.3	19;14036;16423;+;391.4	125;110714;111229;+;82.8	19;14036;16423;+;70.2	A	9/9	split_2	116703	1	1	11791..12282+;163;TraS;0
NZ_CP154344.1	MPF_F	IncFII(pHN7A8);IncR	178	0	0	GA	0															not_admitted	not_admitted	not_admitted	not_admitted	not_admitted	not_admitted	not_admitted	not_admitted	not_admitted	not_admitted	1	37;29396;30388;+;369.5	50;37221;38594;+;376.8	45;34912;35655;+;234.4	34;25760;28387;+;301.8	51;38591;41407;+;376.7	29;22278;23705;+;94.1	34;25760;28387;+;101.8	27;20997;21563;+;183.8	40;31334;31972;+;70.4	43;32785;34635;+;265.0	55;43708;45924;+;391.7	33;24729;25244;+;77.6	55;43708;45924;+;70.3	A	9/9	contiguous	22711	1	1	41440..41961+;173;unnamed;0
NZ_CP154347.1	MPF_T	IncN	60	0	0	GA	1	50;39744;40478;-;32.5		47;38784;39101;-;63.3	46;36184;38784;-;113.8	46;36184;38784;-;76.4	45;35453;36166;-;105.5	43;34162;35202;-;142.4		42;33245;33943;-;131.9	41;32350;33234;-;159.7	40;31190;32350;-;156.3	39;30153;31148;-;81.2	30;20630;22159;+;38.5		pfam	both	A	7/7	canonical	1	0	unscoreable	11	0	0														not_admitted	not_admitted	not_admitted	not_admitted	not_admitted	not_admitted	not_admitted
NZ_CP154373.1	MPF_F	-	130	0	0	GA	0															not_admitted	not_admitted	not_admitted	not_admitted	not_admitted	not_admitted	not_admitted	not_admitted	not_admitted	not_admitted	1	117;79163;80206;+;369.2	122;84189;85616;+;325.8	120;82975;83787;+;219.1	113;74875;77601;+;164.6	123;85632;88634;+;208.7	109;71877;73193;+;102.7	113;74875;77601;+;108.4	107;70586;71164;+;83.7	118;80221;80928;+;107.6	119;80925;82982;+;91.0	62;39722;41881;+;381.3	112;74221;74865;+;41.9	62;39722;41881;+;90.0	A	9/9	split_2	45910	1	1	88706..89224+;172;unnamed;0
NZ_CP154388.1	MPF_F	IncFII(pHN7A8);IncR	170	0	0	GA	0															not_admitted	not_admitted	not_admitted	not_admitted	not_admitted	not_admitted	not_admitted	not_admitted	not_admitted	not_admitted	1	3;4227;5219;+;369.5	16;12052;13425;+;376.8	11;9743;10486;+;234.4	0;591;3218;+;301.8	17;13422;16238;+;376.7	166;130805;132232;+;94.1	0;591;3218;+;101.8	164;129524;130090;+;183.8	6;6165;6803;+;70.4	9;7616;9466;+;265.0	21;18539;20782;+;391.7		21;18539;20782;+;70.3	B	8/9	split_2	130214	1	1	16271..16792+;173;unnamed;0
NZ_CP154393.1	MPF_F	IncFII(pHN7A8);IncR	188	0	0	GA	0															not_admitted	not_admitted	not_admitted	not_admitted	not_admitted	not_admitted	not_admitted	not_admitted	not_admitted	not_admitted	1	25;18598;19590;+;369.5	38;26423;27796;+;376.8	33;24114;24857;+;234.4	22;14962;17589;+;301.8	39;27793;30609;+;376.7	17;11480;12907;+;94.1	22;14962;17589;+;101.8	15;10199;10765;+;183.8	28;20536;21174;+;70.4	31;21987;23837;+;265.0	46;33686;35884;+;391.7	21;13931;14446;+;77.6	46;33686;35884;+;70.3	A	9/9	contiguous	23487	1	1	30642..31163+;173;unnamed;0
NZ_CP154420.1	MPF_F	IncFII(pHN7A8);IncR	186	0	0	GA	0															not_admitted	not_admitted	not_admitted	not_admitted	not_admitted	not_admitted	not_admitted	not_admitted	not_admitted	not_admitted	1	88;76350;77342;-;369.5	75;68144;69517;-;376.8	80;71083;71826;-;234.4	91;78351;80978;-;301.8	74;65331;68147;-;376.7	96;83033;84460;-;94.1	91;78351;80978;-;101.8	98;85175;85741;-;183.8	85;74766;75404;-;70.4	82;72103;73953;-;265.0	70;60814;63030;-;391.7	92;81494;82009;-;77.6	70;60814;63030;-;70.3	A	9/9	contiguous	24361	1	1	64777..65298-;173;unnamed;0
NZ_CP154430.1	MPF_F	IncFII(pBK30683);repB(R1701)	108	0	0	GA	0															not_admitted	not_admitted	not_admitted	not_admitted	not_admitted	not_admitted	not_admitted	not_admitted	not_admitted	not_admitted	1	97;87830;88819;+;366.0	0;97;1140;+;255.6	104;92357;93109;+;233.7	93;83734;86373;+;258.5	1;1140;3962;+;346.4	87;79480;80904;+;89.2	93;83734;86373;+;88.7	85;78187;78753;+;169.3	98;88832;89470;+;67.0	100;90853;91485;+;203.2	5;6578;8887;+;393.1	88;80977;81561;+;54.5	5;6578;8887;+;66.6	A	9/9	split_2	92260	1	1	3985..4587+;200;TraS;0
NZ_CP154588.1	-	pKPC-CAV1321	393	0	0	GA	0															not_admitted	not_admitted	not_admitted	not_admitted	not_admitted	not_admitted	not_admitted	not_admitted	not_admitted	not_admitted	1	340;265979;267046;-;276.8	320;248627;250066;-;253.3	321;250063;251163;-;197.1	344;269154;271640;-;224.0	319;245169;248612;-;242.3	348;274879;276276;-;109.8	344;269154;271640;-;120.6	350;277557;278183;-;86.7	341;267043;268356;-;40.5	317;242075;244732;-;138.1	356;280737;282707;-;22.1	347;274316;274882;-;72.5	356;280737;282707;-;33.6	A	9/9	contiguous	38662	0	1	
NZ_CP154589.1	MPF_F	IncFIB(pB171);IncFII(Yp);IncFII(pAR0022)	147	0	0	GA	0															not_admitted	not_admitted	not_admitted	not_admitted	not_admitted	not_admitted	not_admitted	not_admitted	not_admitted	not_admitted	1	133;116902;117888;+;368.4	141;122601;123971;+;376.7	137;120635;121384;+;218.2	130;113278;115908;+;285.5	142;123971;126793;+;336.5	124;109856;111250;+;90.9	130;113278;115908;+;98.6	122;108573;109139;+;169.9	134;117905;118534;+;66.9	135;118531;120384;+;257.4		125;111272;111811;+;64.9		A	9/9	contiguous	15398	1	1	126815..127246+;143;TraS;0
NZ_CP154591.1	MPF_T	IncX3	70	0	0	GA	1	3;2256;2900;+;46.4	4;2884;3174;+;73.1	5;3199;5952;+;47.0	5;3199;5952;+;142.4	5;3199;5952;+;73.3	6;5962;6732;+;60.1	8;7011;8066;+;133.2		9;8261;8989;+;119.4	10;8995;9924;+;138.8	11;9921;11135;+;128.3	13;11331;12365;+;65.7	14;12368;14203;+;495.9		pfam	pfam_only	A	7/7	canonical	1	1	unscoreable	2	0	0														not_admitted	not_admitted	not_admitted	not_admitted	not_admitted	not_admitted	not_admitted
NZ_CP154605.1	MPF_F	IncFIB(pNDM-Mar);IncHI1B(pNDM-MAR)	413	0	0	GA	0															not_admitted	not_admitted	not_admitted	not_admitted	not_admitted	not_admitted	not_admitted	not_admitted	not_admitted	not_admitted	1	276;264762;265799;-;282.3	27;25488;26897;+;190.4	26;24461;25498;+;176.7	289;276631;279348;-;148.7	28;26899;30867;+;120.1	174;173225;174481;-;206.8	289;276631;279348;-;85.2	296;284477;285337;-;79.0	277;265796;267157;-;69.9	275;261567;264752;-;59.9	19;15154;17280;-;57.7	290;279393;280130;-;57.0	19;15154;17280;-;41.0	A	9/9	split_3	269323	0	1	
NZ_CP154606.1	MPF_F	IncFIB(K);IncFII(pKP91)	189	0	0	GA	0															not_admitted	not_admitted	not_admitted	not_admitted	not_admitted	not_admitted	not_admitted	not_admitted	not_admitted	not_admitted	1	15;9485;10474;+;363.3	26;16293;17174;+;294.9	22;14283;15035;+;232.0	11;5389;8028;+;259.0	28;17650;20472;+;346.5	0;108;1421;+;88.2	11;5389;8028;+;88.7	188;168718;169284;+;167.9	17;10750;11397;+;65.1	18;11456;13411;+;259.7	32;23088;25370;+;393.3	3;2033;2617;+;53.8	32;23088;25370;+;65.8	A	9/9	split_2	168610	1	1	20495..21097+;200;TraS;0
NZ_CP154607.1	MPF_T	ColKP3;IncX3	65	0	0	GA	1	2;743;1387;+;46.4	3;1371;1661;+;73.1	4;1686;4439;+;47.0	4;1686;4439;+;142.4	4;1686;4439;+;73.3	5;4449;5219;+;60.1	7;5498;6553;+;132.8		8;6748;7476;+;119.4	9;7482;8411;+;138.8	10;8408;9622;+;128.3	12;9818;10852;+;65.7	13;10855;12690;+;495.9		pfam	pfam_only	A	7/7	canonical	1	1	unscoreable	2	0	0														not_admitted	not_admitted	not_admitted	not_admitted	not_admitted	not_admitted	not_admitted
NZ_CP154634.1	MPF_F	IncFIB(pNDM-Mar);RepB	332	0	0	GA	0															not_admitted	not_admitted	not_admitted	not_admitted	not_admitted	not_admitted	not_admitted	not_admitted	not_admitted	not_admitted	1	306;269126;270163;-;282.3	130;107912;109321;+;190.4	129;106885;107922;+;175.6	324;286515;287660;+;135.9	131;109323;113291;+;121.3	320;283011;284402;+;65.6	326;288744;290432;+;88.0	330;293507;294367;-;79.0	307;270160;271521;-;69.9	305;265931;269116;-;59.6	120;96482;98608;-;57.8	323;285733;286470;+;56.9	120;96482;98608;-;41.0	A	9/9	split_2	197025	0	1	
NZ_CP154653.1	-	-	320	0	0	GA	1	198;195648;196814;-;72.2	202;199717;200037;-;85.5	201;199381;199656;-;63.5	200;197019;199391;-;100.6	200;197019;199391;-;47.7	197;194825;195655;-;64.2	195;193224;194276;-;102.5		194;192548;193201;-;169.1	193;191802;192545;-;144.1	192;190286;191800;-;164.1	191;189288;190286;-;103.0	166;161017;162978;+;243.3		pfam	both	A	7/7	canonical	1	0	unscoreable	2	0	0														not_admitted	not_admitted	not_admitted	not_admitted	not_admitted	not_admitted	not_admitted
NZ_CP155123.1	MPF_T	IncX3	67	0	0	GA	1	66;53292;53936;+;46.4		0;200;2953;+;47.0	0;200;2953;+;142.4	0;200;2953;+;73.3	1;2963;3733;+;60.1	3;4012;5067;+;133.2		4;5262;5990;+;119.4	5;5996;6925;+;138.8	6;6922;8136;+;128.3	8;8332;9366;+;65.7	9;9369;11204;+;495.9		pfam	pfam_only	A	7/7	canonical	1	1	unscoreable	2	0	0														not_admitted	not_admitted	not_admitted	not_admitted	not_admitted	not_admitted	not_admitted
NZ_CP155457.1	MPF_F	-	105	0	0	GA	0															not_admitted	not_admitted	not_admitted	not_admitted	not_admitted	not_admitted	not_admitted	not_admitted	not_admitted	not_admitted	1	92;60149;61192;+;369.2	97;65171;66598;+;325.8	95;63961;64773;+;219.1	88;55861;58587;+;164.6	98;66614;69616;+;208.7	84;52863;54179;+;102.7	88;55861;58587;+;108.4	82;51572;52150;+;82.6	93;61207;61914;+;107.6	94;61911;63968;+;92.2	61;36353;38371;+;381.7	87;55207;55851;+;41.9	61;36353;38371;+;89.5	A	9/9	contiguous	30261	1	1	69688..70206+;172;unnamed;0
NZ_CP155460.1	MPF_F	-	109	0	0	GA	0															not_admitted	not_admitted	not_admitted	not_admitted	not_admitted	not_admitted	not_admitted	not_admitted	not_admitted	not_admitted	1	89;60096;61139;+;369.2	94;65118;66545;+;325.8	92;63908;64720;+;219.1	85;55808;58534;+;164.6	95;66561;69554;+;208.7	81;52810;54126;+;102.7	85;55808;58534;+;108.4	79;51519;52097;+;82.6	90;61154;61861;+;107.6	91;61858;63915;+;92.2	59;37913;40072;+;381.4	84;55154;55798;+;41.9	59;37913;40072;+;89.7	A	9/9	contiguous	28648	1	1	69626..70144+;172;unnamed;0
NZ_CP155464.1	-	-	54	0	0	GA	1	22;18868;19482;-;45.0	21;18571;18813;-;49.7	20;15739;18510;-;45.0	20;15739;18510;-;164.3	20;15739;18510;-;64.1	19;14962;15699;-;65.8	17;13669;14703;-;119.4		14;12528;13247;-;150.6	13;11608;12525;-;144.1	12;10427;11611;-;136.1	11;9393;10424;-;84.9	10;7552;9384;-;474.7		pfam	pfam_only	A	7/7	canonical	1	1	unscoreable	3	0	0														not_admitted	not_admitted	not_admitted	not_admitted	not_admitted	not_admitted	not_admitted
NZ_CP155478.1	MPF_F	-	102	0	0	GA	0															not_admitted	not_admitted	not_admitted	not_admitted	not_admitted	not_admitted	not_admitted	not_admitted	not_admitted	not_admitted	1	82;55282;56325;+;369.2	87;60304;61731;+;325.8	85;59094;59906;+;219.1	78;50994;53720;+;164.6	88;61747;64740;+;208.7	74;47996;49312;+;102.7	78;50994;53720;+;108.4	72;46705;47283;+;82.6	83;56340;57047;+;107.6	84;57044;59101;+;92.2	52;33099;35258;+;381.4	77;50340;50984;+;41.9	52;33099;35258;+;89.7	A	9/9	contiguous	28648	1	1	64812..65330+;172;unnamed;0
NZ_CP155524.1	MPF_F	IncHI2;IncHI2A;IncN	235	0	0	GA	0															not_admitted	not_admitted	not_admitted	not_admitted	not_admitted	not_admitted	not_admitted	not_admitted	not_admitted	not_admitted	1	29;33005;34063;+;276.9			11;9535;12216;+;168.0		7;5850;7205;+;80.7	11;9535;12216;+;72.2	4;3338;4126;+;74.8	27;31352;32863;+;62.0	30;34082;37270;+;57.3		10;8576;9526;+;46.1		C	6/9	split_2	30744	0	1	
NZ_CP155526.1	MPF_T	IncX4	45	0	0	GA	1	9;10629;11249;-;47.9	8;10289;10615;-;64.4	7;7523;10270;-;62.7	7;7523;10270;-;152.1	7;7523;10270;-;46.1	6;6795;7511;-;97.3	5;5705;6784;-;157.5		3;4522;5208;-;167.2	2;3617;4525;-;142.4	1;2506;3624;-;163.7	0;1476;2504;-;85.0	44;30795;31163;-;57.0		pfam	pfam_only	A	7/7	canonical	1	1	unscoreable	1	0	0														not_admitted	not_admitted	not_admitted	not_admitted	not_admitted	not_admitted	not_admitted
NZ_CP155556.1	MPF_T	IncHI2;IncHI2A;IncX1	318	1	1	GA	1	97;80181;80825;+;47.1	98;80809;81099;+;73.5	99;81123;83882;+;44.8	99;81123;83882;+;133.3	99;81123;83882;+;71.9	100;83884;84621;+;57.5	102;84903;85958;+;131.7		103;86148;86870;+;116.0	104;86876;87805;+;133.3	105;87802;89016;+;128.6	106;89034;90071;+;66.4	107;90076;91911;+;543.4	316;282333;285521;+;57.3	pfam	pfam_only	A	7/7	canonical	1	1	unscoreable	1	0	1	315;281256;282314;+;276.9	202;174965;176380;-;194.1	203;176370;177416;-;174.3	299;259003;261684;+;168.0	201;171003;174956;-;101.7	105;87802;89016;+;128.6	299;259003;261684;+;72.2	292;252806;253594;+;74.8	313;279603;281114;+;61.8	316;282333;285521;+;57.3	107;90076;91911;+;67.6	298;258044;258994;+;46.1	107;90076;91911;+;90.1	A	9/9	split_4	194531	1	1	169533..170822-;429;unnamed;0
NZ_CP155590.1	-	-	178	0	0	GA	1	6;7882;8547;+;46.3		8;8903;9277;+;31.6	9;9286;11775;+;94.4	9;9286;11775;+;48.3	10;11830;12561;+;124.1	13;13170;14129;+;135.0		14;14350;15126;+;132.2	15;15126;15929;+;160.1	17;16626;17870;+;156.2	18;17867;18913;+;83.0	20;19263;21074;+;315.7		pfam	both	A	7/7	canonical	1	0	unscoreable	5	0	0														not_admitted	not_admitted	not_admitted	not_admitted	not_admitted	not_admitted	not_admitted
NZ_CP155593.1	-	-	178	0	0	GA	1	6;7882;8547;+;46.3		8;8903;9277;+;30.3	9;9286;11775;+;94.4	9;9286;11775;+;48.3	10;11830;12561;+;124.1	13;13170;14129;+;135.0		14;14350;15126;+;132.2	15;15126;15929;+;160.1	17;16626;17870;+;156.2	18;17867;18913;+;83.0	20;19263;21074;+;315.7		pfam	both	A	7/7	canonical	1	0	unscoreable	5	0	0														not_admitted	not_admitted	not_admitted	not_admitted	not_admitted	not_admitted	not_admitted
NZ_CP155638.1	MPF_F	-	109	0	0	GA	0															not_admitted	not_admitted	not_admitted	not_admitted	not_admitted	not_admitted	not_admitted	not_admitted	not_admitted	not_admitted	1	5;4726;5769;+;369.2	10;9748;11175;+;325.8	8;8538;9350;+;219.1	1;438;3164;+;164.6	11;11191;14193;+;208.7	106;81699;83015;+;102.7	1;438;3164;+;108.4	104;80408;80986;+;82.6	6;5784;6491;+;107.6	7;6488;8545;+;92.2	86;67688;69847;+;381.4	0;12;428;+;35.2	86;67688;69847;+;89.7	A	9/9	split_2	81687	1	1	14265..14783+;172;unnamed;0
NZ_CP155645.1	MPF_F	IncC	211	0	0	GA	0															not_admitted	not_admitted	not_admitted	not_admitted	not_admitted	not_admitted	not_admitted	not_admitted	not_admitted	not_admitted	1	30;29740;30747;+;332.9	109;100978;102411;+;339.2	108;99948;100976;+;221.7	25;24541;26988;+;354.5	110;102424;106038;+;375.3	166;138331;139491;+;156.3	25;24541;26988;+;128.3	18;14145;14771;+;92.7	28;27810;29075;+;67.9	31;30863;33661;+;145.3	9;8470;10335;+;47.3	21;16982;17560;+;100.2	9;8470;10335;+;52.0	A	9/9	split_3	129861	0	1	
NZ_CP155648.1	MPF_F	IncFIB(K);IncFII(K);IncFII(pAR0022)	222	0	0	GA	0															not_admitted	not_admitted	not_admitted	not_admitted	not_admitted	not_admitted	not_admitted	not_admitted	not_admitted	not_admitted	1	23;25824;26813;-;366.0	13;18963;20333;-;380.7	17;21535;22287;-;230.7	27;28256;30895;-;258.5	12;16120;18963;-;346.5	35;34154;35578;-;89.2	27;28256;30895;-;88.7	37;36305;36871;-;169.3	22;25173;25811;-;67.0	21;23159;25114;-;259.7	8;11223;13535;-;392.8	34;33456;34040;-;55.4	8;11223;13535;-;65.9	A	9/9	contiguous	25082	1	1	15585..16109-;174;unnamed;0
NZ_CP155655.1	MPF_F	IncFIB(K);IncFII(K)	241	0	0	GA	0															not_admitted	not_admitted	not_admitted	not_admitted	not_admitted	not_admitted	not_admitted	not_admitted	not_admitted	not_admitted	1	94;87402;88391;+;363.3	105;94210;95577;+;378.7	101;92200;92952;+;236.4	90;83306;85945;+;259.0	106;95577;98420;+;342.9	79;77915;79339;+;88.8	90;83306;85945;+;87.6	77;76622;77188;+;167.9	96;88667;89314;+;65.9	97;89373;91328;+;259.5	110;101005;103317;+;392.8	82;79951;80535;+;53.8	110;101005;103317;+;65.9	A	9/9	contiguous	24383	1	1	98431..98955+;174;unnamed;0
NZ_CP155656.1	MPF_F	IncFIB(pNDM-Mar);IncHI1B(pNDM-MAR)	375	0	0	GA	0															not_admitted	not_admitted	not_admitted	not_admitted	not_admitted	not_admitted	not_admitted	not_admitted	not_admitted	not_admitted	1	79;75111;76148;+;282.3	197;175163;176572;+;190.4	196;174136;175173;+;177.5	67;61562;64279;+;149.6	198;176574;180488;+;120.2	63;58079;59449;+;65.6	67;61562;64279;+;85.2	60;55573;56433;+;79.0	78;73753;75114;+;69.9	80;76158;79340;+;60.1	189;164811;166937;-;57.7	66;60780;61517;+;56.9	189;164811;166937;-;41.0	A	9/9	split_2	121001	0	1	
NZ_CP155660.1	MPF_F	IncFIB(K);IncFII(pKP91)	188	0	0	GA	0															not_admitted	not_admitted	not_admitted	not_admitted	not_admitted	not_admitted	not_admitted	not_admitted	not_admitted	not_admitted	1	45;46798;47787;-;366.6	35;39913;41280;-;385.1	39;42538;43290;-;232.2	49;49230;51869;-;259.0	34;37064;39913;-;345.8	57;55455;56879;-;89.3	49;49230;51869;-;88.8	59;57606;58172;-;167.0	44;46147;46785;-;67.0	43;44133;46088;-;259.2	30;32321;34603;-;393.2	55;54267;54824;-;52.5	30;32321;34603;-;65.9	A	9/9	contiguous	25285	1	1	36531..37061-;176;unnamed;0
NZ_CP155672.1	MPF_T	IncX4	69	0	0	GA	1	47;28318;28938;+;46.3	48;28952;29278;+;64.4	49;29297;32044;+;63.8	49;29297;32044;+;151.8	49;29297;32044;+;46.1	50;32056;32772;+;94.1	51;32784;33878;+;150.1		53;34393;35079;+;169.0	54;35076;35984;+;142.4	55;35977;37095;+;163.9	56;37097;38125;+;85.0	57;38157;39974;+;316.2		pfam	pfam_only	A	7/7	canonical	1	1	unscoreable	1	0	0														not_admitted	not_admitted	not_admitted	not_admitted	not_admitted	not_admitted	not_admitted
NZ_CP155673.1	MPF_F	IncC	201	0	0	GA	0															not_admitted	not_admitted	not_admitted	not_admitted	not_admitted	not_admitted	not_admitted	not_admitted	not_admitted	not_admitted	1	189;152949;153956;+;332.9	84;71742;73175;+;339.2	83;70712;71740;+;221.7	184;147750;150197;+;354.5	85;73188;76802;+;375.3	69;56328;57584;-;206.8	184;147750;150197;+;128.3	177;137354;137980;+;92.7	187;151019;152284;+;67.9	190;154072;156870;+;145.3	168;131679;133544;+;47.3	180;140191;140769;+;100.2	168;131679;133544;+;52.0	A	9/9	split_2	97744	0	1	
NZ_CP155674.1	MPF_F	IncFIB(K);IncFII(pKP91)	224	0	0	GA	0															not_admitted	not_admitted	not_admitted	not_admitted	not_admitted	not_admitted	not_admitted	not_admitted	not_admitted	not_admitted	1	222;203902;204891;+;363.3	9;5544;6911;+;383.5	5;3534;4286;+;233.7	218;199806;202445;+;259.0	10;6911;9733;+;345.4	207;194414;195838;+;88.0	218;199806;202445;+;88.7	205;193121;193687;+;169.3	0;1;648;+;65.1	1;707;2662;+;259.7	14;12349;14631;+;393.3	210;196450;197034;+;53.1	14;12349;14631;+;65.8	A	9/9	split_2	203901	1	1	9756..10358+;200;TraS;0
NZ_CP155693.1	MPF_T	IncX3	58	0	0	GA	1	18;10657;11301;+;46.4	19;11285;11575;+;73.1	20;11600;14353;+;47.0	20;11600;14353;+;142.4	20;11600;14353;+;73.3	21;14363;15133;+;60.1	23;15412;16467;+;133.2		24;16662;17390;+;119.4	25;17396;18325;+;138.8	26;18322;19536;+;128.3	28;19732;20766;+;65.7	29;20769;22604;+;495.9		pfam	pfam_only	A	7/7	canonical	1	1	unscoreable	2	0	0														not_admitted	not_admitted	not_admitted	not_admitted	not_admitted	not_admitted	not_admitted
NZ_CP155701.1	MPF_F	repA(pKOX)	245	0	0	GA	0															not_admitted	not_admitted	not_admitted	not_admitted	not_admitted	not_admitted	not_admitted	not_admitted	not_admitted	not_admitted	1	231;161833;162906;+;276.5	8;3615;5066;+;241.5	7;2529;3599;+;184.6	227;157285;159768;+;235.4	9;5076;8288;+;256.9	224;154265;155596;+;107.0	227;157285;159768;+;118.7	222;152482;153099;+;78.3	230;160580;161833;+;56.9	11;8793;11525;+;123.5	216;147912;149873;+;23.7	225;155611;156216;+;74.9	216;147912;149873;+;32.4	A	9/9	split_2	159304	0	1	
NZ_CP155702.1	MPF_F	IncFIB(K);IncFII(K)	164	0	0	GA	0															not_admitted	not_admitted	not_admitted	not_admitted	not_admitted	not_admitted	not_admitted	not_admitted	not_admitted	not_admitted	1	28;17387;18379;+;366.6	38;23896;25263;+;381.2	34;21887;22639;+;232.2	25;13722;16361;+;259.3	39;25263;28112;+;344.4	17;8711;10135;+;89.3	25;13722;16361;+;88.8	15;7418;7984;+;167.0	29;18392;19030;+;67.0	30;19089;21044;+;259.2	42;29925;32237;+;393.2	19;10766;11323;+;52.5	42;29925;32237;+;65.8	A	9/9	contiguous	22507	1	1	28115..28645+;176;unnamed;0
NZ_CP155708.1	MPF_F	IncFIB(pNDM-Mar);RepB	233	0	0	GA	0															not_admitted	not_admitted	not_admitted	not_admitted	not_admitted	not_admitted	not_admitted	not_admitted	not_admitted	not_admitted	1	205;190275;191312;+;282.3	58;60901;62313;-;188.0	59;62303;63340;-;172.9	194;176724;179441;+;151.1	57;56955;60926;-;122.0	190;173238;174611;+;63.3	194;176724;179441;+;84.7	187;170732;171592;+;79.0	204;188917;190278;+;70.4	206;191322;194504;+;58.8	66;70554;72680;+;59.9	193;175942;176679;+;59.2	66;70554;72680;+;40.6	A	9/9	split_2	134367	0	1	
NZ_CP155709.1	MPF_F	IncFIB(K);IncFII(pKP91)	155	0	0	GA	0															not_admitted	not_admitted	not_admitted	not_admitted	not_admitted	not_admitted	not_admitted	not_admitted	not_admitted	not_admitted	1	18;20895;21884;-;363.3	6;13215;14582;-;383.6	12;16606;17358;-;233.7	22;23341;25980;-;259.0	5;10366;13215;-;345.8	30;29408;30832;-;89.2	22;23341;25980;-;89.1	32;31559;32125;-;169.3	17;20244;20882;-;64.8	16;18230;20185;-;259.2	2;6239;8551;-;393.1	29;28709;29293;-;54.4	2;6239;8551;-;66.6	A	9/9	contiguous	25320	1	1	9833..10363-;176;unnamed;0
NZ_CP155710.1	MPF_F	IncFII(K);IncR	108	0	0	GA	0															not_admitted	not_admitted	not_admitted	not_admitted	not_admitted	not_admitted	not_admitted	not_admitted	not_admitted	not_admitted	1	95;71846;72835;+;363.3		101;76389;77141;+;234.3	91;67764;70403;+;258.7	0;1;2844;+;341.7	81;62349;63773;+;90.9	91;67764;70403;+;89.1	79;61056;61622;+;168.4	96;72848;73486;+;64.4	97;73545;75500;+;259.2	3;4682;6988;+;392.7	83;64385;64954;+;50.8	3;4682;6988;+;65.8	B	8/9	split_2	76388	1	1	2857..3405+;182;unnamed;0
NZ_CP155715.1	MPF_F	IncFIB(K)	201	0	0	GA	0															not_admitted	not_admitted	not_admitted	not_admitted	not_admitted	not_admitted	not_admitted	not_admitted	not_admitted	not_admitted	1	70;62034;63026;-;363.2	59;54788;56155;-;382.2	63;57413;58165;-;235.0	73;64052;66691;-;259.2	58;51945;54788;-;344.5	82;70093;71517;-;84.2	73;64052;66691;-;84.3	84;72244;72810;-;168.4	69;61383;62021;-;66.2	67;59054;61006;-;257.5	54;47135;49447;-;392.8	81;69323;69880;-;54.0	54;47135;49447;-;65.7	A	9/9	contiguous	25109	1	1	51410..51934-;174;unnamed;0
NZ_CP155718.1	MPF_F	IncHI1B(pNDM-MAR)	394	0	0	GA	0															not_admitted	not_admitted	not_admitted	not_admitted	not_admitted	not_admitted	not_admitted	not_admitted	not_admitted	not_admitted	1	18;18099;19136;+;282.3	136;120062;121471;+;190.4	135;119035;120072;+;177.5	6;4550;7267;+;149.6	137;121473;125387;+;120.2	0;1;1371;+;65.6	6;4550;7267;+;85.2	392;356487;357347;+;79.0	17;16741;18102;+;69.9	19;19146;22328;+;60.1	128;109710;111836;-;57.7	5;4275;4505;+;34.7	128;109710;111836;-;41.0	A	9/9	split_3	356486	0	1	
NZ_CP155723.1	MPF_F	-	105	0	0	GA	0															not_admitted	not_admitted	not_admitted	not_admitted	not_admitted	not_admitted	not_admitted	not_admitted	not_admitted	not_admitted	1	92;60149;61192;+;369.2	97;65171;66598;+;325.8	95;63961;64773;+;219.1	88;55861;58587;+;164.6	98;66614;69616;+;208.7	84;52863;54179;+;102.7	88;55861;58587;+;108.4	82;51572;52150;+;82.6	93;61207;61914;+;107.6	94;61911;63968;+;92.2	61;36353;38371;+;381.7	87;55207;55851;+;41.9	61;36353;38371;+;89.5	A	9/9	contiguous	30261	1	1	69688..70206+;172;unnamed;0
NZ_CP155730.1	MPF_T	-	394	0	0	GA	1	326;342022;343188;-;75.5	330;346055;346345;-;69.1	329;345767;346045;-;77.7	328;343393;345777;-;86.0	328;343393;345777;-;40.1	325;341210;342025;-;56.4	319;336078;337103;-;127.5		324;340554;341231;-;142.9	323;339856;340557;-;165.4	322;338534;339859;-;169.8	321;337537;338532;-;104.1	291;309744;311699;+;279.3		pfam	both	A	7/7	canonical	1	0	unscoreable	2	0	0														not_admitted	not_admitted	not_admitted	not_admitted	not_admitted	not_admitted	not_admitted
NZ_CP155773.1	MPF_F	IncFIB(K)(pCAV1099-114);IncFII(pKP91);RepB;repB(R1701)	302	0	0	GA	0															not_admitted	not_admitted	not_admitted	not_admitted	not_admitted	not_admitted	not_admitted	not_admitted	not_admitted	not_admitted	1	276;238666;239655;+;363.3	287;245474;246841;+;381.8	283;243464;244216;+;233.7	272;234570;237209;+;256.9	288;246841;249684;+;346.2	265;230317;231741;+;89.2	272;234570;237209;+;88.7	263;229024;229590;+;169.3	278;239931;240578;+;66.3	279;240637;242592;+;259.7	292;252268;254550;+;393.2	266;231814;232398;+;54.5	292;252268;254550;+;65.8	A	9/9	contiguous	23244	1	1	249695..250219+;174;unnamed;0
NZ_CP155790.1	MPF_F	-	163	0	0	GA	0															not_admitted	not_admitted	not_admitted	not_admitted	not_admitted	not_admitted	not_admitted	not_admitted	not_admitted	not_admitted	1	56;51317;52348;+;368.4	64;58408;59853;+;322.3	63;57599;58408;+;215.3	50;45958;48552;+;232.2	65;59850;63791;+;231.5	43;40867;42189;+;95.1	50;45958;48552;+;80.3	41;39520;40131;+;107.6	57;52345;53133;+;90.1	59;54416;55696;+;149.2	32;28976;31078;+;409.3	49;45263;45943;+;51.0	32;28976;31078;+;67.7	A	9/9	contiguous	30874	0	1	
NZ_CP156042.1	MPF_F	-	101	0	0	GA	0															not_admitted	not_admitted	not_admitted	not_admitted	not_admitted	not_admitted	not_admitted	not_admitted	not_admitted	not_admitted	1	88;58928;59971;+;369.2	93;63954;65381;+;325.8	91;62740;63552;+;219.1	84;54640;57366;+;164.6	94;65397;68399;+;208.7	80;51642;52958;+;102.7	84;54640;57366;+;108.4	78;50351;50929;+;83.7	89;59986;60693;+;107.6	90;60690;62747;+;91.0	52;30437;32596;+;381.3	83;53986;54630;+;41.9	52;30437;32596;+;90.0	A	9/9	contiguous	34960	1	1	68471..68989+;172;unnamed;0
NZ_CP156668.1	MPF_T	-	71	0	0	GA	1				57;58548;60566;-;25.4									51;52967;54520;-;462.2		none	none	D	2/7	uncallable	0	0	unscoreable	5	0	0														not_admitted	not_admitted	not_admitted	not_admitted	not_admitted	not_admitted	not_admitted
NZ_CP156715.1	MPF_T	IncFII(S);IncFII(pAR0022);IncX1	90	0	0	GA	1	64;46468;47115;+;45.2	65;47093;47389;+;77.5	66;47408;50161;+;46.6	66;47408;50161;+;148.0	66;47408;50161;+;75.3	67;50172;50930;+;65.9	69;51168;52301;+;108.9		70;52546;53259;+;120.0	71;53264;54193;+;129.7	72;54190;55395;+;132.5	73;55397;56161;+;55.2	74;56430;58265;+;486.5		pfam	pfam_only	A	7/7	canonical	1	1	unscoreable	1	0	0														not_admitted	not_admitted	not_admitted	not_admitted	not_admitted	not_admitted	not_admitted
NZ_CP156717.1	MPF_T	IncC;IncFII(S);IncFII(pAR0022);IncX1	228	0	0	GA	1	59;36085;36732;+;45.2	60;36710;37006;+;77.5	61;37025;39778;+;46.6	61;37025;39778;+;148.0	61;37025;39778;+;75.3	62;39789;40547;+;65.9	64;40785;41918;+;108.9		65;42163;42876;+;120.0	66;42881;43810;+;129.7	175;133647;134963;-;135.0	68;45014;45778;+;55.2	69;46047;47882;+;486.5		pfam	pfam_only	A	7/7	canonical	1	1	unscoreable	1	0	0														not_admitted	not_admitted	not_admitted	not_admitted	not_admitted	not_admitted	not_admitted
NZ_CP156719.1	MPF_T	IncX1	59	0	0	GA	1	18;16441;17085;-;47.1	17;16167;16457;-;73.5	16;13384;16143;-;44.8	16;13384;16143;-;133.3	16;13384;16143;-;71.9	15;12645;13382;-;57.5	13;11308;12363;-;131.7		12;10396;11118;-;116.0	11;9461;10390;-;133.3	10;8250;9464;-;128.6	9;7195;8232;-;66.4	8;5355;7190;-;543.4		pfam	pfam_only	A	7/7	canonical	1	1	unscoreable	1	0	0														not_admitted	not_admitted	not_admitted	not_admitted	not_admitted	not_admitted	not_admitted
NZ_CP156720.1	MPF_T	IncX3	56	0	0	GA	1	22;14297;14941;+;46.4	23;14925;15215;+;73.1	24;15240;17993;+;47.0	24;15240;17993;+;142.4	24;15240;17993;+;73.3	25;18003;18773;+;60.1	27;19052;20107;+;133.2		28;20302;21030;+;119.4	29;21036;21965;+;138.8	30;21962;23176;+;128.3	32;23372;24406;+;65.7	33;24409;26244;+;495.9		pfam	pfam_only	A	7/7	canonical	1	1	unscoreable	2	0	0														not_admitted	not_admitted	not_admitted	not_admitted	not_admitted	not_admitted	not_admitted
NZ_CP156900.1	MPF_T	IncFII(S);IncFII(pAR0022);IncX1	90	0	0	GA	1	64;46799;47446;+;45.2	65;47424;47720;+;77.5	66;47739;50492;+;46.6	66;47739;50492;+;148.0	66;47739;50492;+;75.3	67;50503;51261;+;65.9	69;51499;52632;+;108.9		70;52877;53590;+;120.0	71;53595;54524;+;129.7	72;54521;55726;+;132.5	73;55728;56492;+;55.2	74;56761;58596;+;486.5		pfam	pfam_only	A	7/7	canonical	1	1	unscoreable	1	0	0														not_admitted	not_admitted	not_admitted	not_admitted	not_admitted	not_admitted	not_admitted
NZ_CP156935.1	MPF_F	-	108	0	0	GA	0															not_admitted	not_admitted	not_admitted	not_admitted	not_admitted	not_admitted	not_admitted	not_admitted	not_admitted	not_admitted	1	95;63042;64085;+;369.2	100;68064;69491;+;325.8	98;66854;67666;+;219.1	91;58754;61480;+;164.6	101;69507;72509;+;208.7	87;55756;57072;+;102.7	91;58754;61480;+;108.4	85;54465;55043;+;82.6	96;64100;64807;+;107.6	97;64804;66861;+;92.2	67;41745;43904;+;381.4	90;58100;58744;+;41.9	67;41745;43904;+;89.7	A	9/9	contiguous	27762	1	1	72581..73099+;172;unnamed;0
NZ_CP156937.1	-	IncFIB(pECLA);IncQ1	111	0	0	GA	0															not_admitted	not_admitted	not_admitted	not_admitted	not_admitted	not_admitted	not_admitted	not_admitted	not_admitted	not_admitted	1				87;85183;87177;-;180.0			87;85183;87177;-;69.7							D	1/9	contiguous	0	0	0	
NZ_CP156940.1	MPF_T	IncX3	58	0	0	GA	1	45;38024;38668;-;46.4	44;37750;38040;-;73.1	43;34972;37725;-;47.0	43;34972;37725;-;142.4	43;34972;37725;-;73.3	42;34192;34962;-;60.1	40;32858;33913;-;133.2		39;31935;32663;-;119.4	38;31000;31929;-;138.8	37;29789;31003;-;128.3	35;28559;29593;-;65.7	34;26721;28556;-;495.9		pfam	pfam_only	A	7/7	canonical	1	1	unscoreable	2	0	0														not_admitted	not_admitted	not_admitted	not_admitted	not_admitted	not_admitted	not_admitted
NZ_CP156944.1	MPF_F	IncFIB(pECLA);IncFII(pECLA)	190	0	0	GA	0															not_admitted	not_admitted	not_admitted	not_admitted	not_admitted	not_admitted	not_admitted	not_admitted	not_admitted	not_admitted	1	166;143051;144049;+;362.9	175;149298;150668;+;353.9	169;146515;147297;+;212.9	158;137040;139649;+;225.6	176;150668;153988;+;309.2	150;133074;134483;+;90.6	158;137040;139649;+;99.4	148;131744;132325;+;95.4	167;144060;144686;+;63.9	168;144683;146518;+;221.2	180;156131;158698;+;367.6	156;136238;136792;+;44.9	180;156131;158698;+;71.2	A	9/9	contiguous	24387	1	1	154001..154597+;198;unnamed;0
NZ_CP156945.1	MPF_F	IncHI2;IncHI2A	372	0	0	GA	0															not_admitted	not_admitted	not_admitted	not_admitted	not_admitted	not_admitted	not_admitted	not_admitted	not_admitted	not_admitted	1	29;32275;33333;+;276.9	214;216877;218292;-;194.1	215;218282;219328;-;173.7	11;8955;11636;+;169.3	213;212918;216868;-;101.6	7;5270;6625;+;80.7	11;8955;11636;+;72.2	4;2758;3546;+;74.8	27;30622;32133;+;62.7	30;33352;36540;+;58.3	221;226367;228451;+;56.7	10;7996;8946;+;45.9	221;226367;228451;+;38.8	A	9/9	split_3	223609	0	1	
NZ_CP157070.1	-	-	64	0	0	GA	1	2;2521;3366;+;49.3	32;33966;34379;-;64.0	31;33658;33969;-;50.8	30;31151;33646;-;89.8	30;31151;33646;-;94.6	29;30430;31170;-;50.0	27;28796;30232;-;87.1		25;27795;28469;-;141.5	24;26835;27773;-;169.1	22;25109;26389;-;205.7	33;34390;35367;-;137.0	0;1;1968;+;330.7		conjscan	conjscan_only	A	7/7	canonical	1	0	unscoreable	5	0	0														not_admitted	not_admitted	not_admitted	not_admitted	not_admitted	not_admitted	not_admitted
NZ_CP157071.1	MPF_F	IncHI2;IncHI2A	335	0	0	GA	0															not_admitted	not_admitted	not_admitted	not_admitted	not_admitted	not_admitted	not_admitted	not_admitted	not_admitted	not_admitted	1	29;32275;33333;+;276.9	206;193302;194717;-;194.1	207;194707;195753;-;173.7	11;8955;11636;+;168.0	205;189343;193293;-;101.6	7;5270;6625;+;80.7	11;8955;11636;+;72.2	4;2758;3546;+;74.8	27;30622;32133;+;62.7	30;33352;36540;+;58.3	213;202794;204878;+;56.7	10;7996;8946;+;46.4	213;202794;204878;+;38.8	A	9/9	split_3	200036	0	1	
NZ_CP157091.1	MPF_F	IncFII	100	0	0	GA	0															not_admitted	not_admitted	not_admitted	not_admitted	not_admitted	not_admitted	not_admitted	not_admitted	not_admitted	not_admitted	1	69;68526;69518;+;369.3	78;74577;75953;+;381.0	73;72247;72990;+;235.0	66;64890;67517;+;305.4	79;75950;78775;+;389.2	59;61408;62835;+;93.9	66;64890;67517;+;98.5	57;60127;60693;+;183.8	70;69527;70165;+;68.4	71;70162;71970;+;267.1	82;80279;82432;+;391.9	63;63859;64374;+;78.4	82;80279;82432;+;70.4	A	9/9	contiguous	20152	1	1	78772..79281+;169;unnamed;0
NZ_CP157097.1	MPF_F	IncFII	97	0	0	GA	0															not_admitted	not_admitted	not_admitted	not_admitted	not_admitted	not_admitted	not_admitted	not_admitted	not_admitted	not_admitted	1	30;33478;34470;-;369.3	21;27043;28419;-;381.0	26;30006;30749;-;235.0	33;35479;38106;-;305.4	20;24851;27046;-;390.1	40;40161;41588;-;93.9	33;35479;38106;-;98.5	42;42303;42869;-;183.8	29;32831;33469;-;68.4	28;31026;32834;-;267.1	16;20619;22772;-;391.9	36;38622;39137;-;78.4	16;20619;22772;-;70.4	A	9/9	contiguous	21684	1	1	24276..24842-;188;unnamed;0
NZ_CP157105.1	MPF_F	IncFII	100	0	0	GA	0															not_admitted	not_admitted	not_admitted	not_admitted	not_admitted	not_admitted	not_admitted	not_admitted	not_admitted	not_admitted	1	69;68531;69523;+;369.3	78;74582;75958;+;381.0	73;72252;72995;+;235.0	66;64895;67522;+;305.4	79;75955;78780;+;389.2	59;61413;62840;+;93.9	66;64895;67522;+;98.5	57;60132;60698;+;183.8	70;69532;70170;+;68.4	71;70167;71975;+;267.1	82;80284;82437;+;391.9	63;63864;64379;+;78.4	82;80284;82437;+;70.4	A	9/9	contiguous	20152	1	1	78777..79286+;169;unnamed;0
NZ_CP157111.1	MPF_F	IncHI2;IncHI2A	261	0	0	GA	0															not_admitted	not_admitted	not_admitted	not_admitted	not_admitted	not_admitted	not_admitted	not_admitted	not_admitted	not_admitted	1	30;32559;33617;+;276.9	160;146400;147815;-;194.1	161;147805;148851;-;173.7	13;10305;12986;+;168.0	159;142441;146391;-;101.6	9;6620;7975;+;80.0	13;10305;12986;+;72.2	6;4108;4896;+;74.8	28;30906;32417;+;62.7	31;33636;36824;+;58.3	167;155892;157976;+;56.7	12;9346;10296;+;46.4	167;155892;157976;+;38.8	A	9/9	split_3	151784	0	1	
NZ_CP157113.1	MPF_F	IncFII	74	0	0	GA	0															not_admitted	not_admitted	not_admitted	not_admitted	not_admitted	not_admitted	not_admitted	not_admitted	not_admitted	not_admitted	1	47;36622;37614;+;369.5	57;43393;44766;+;381.7	52;40720;41463;+;234.4	44;32983;35613;+;304.1	58;44763;47585;+;374.0	37;28533;29984;+;94.2	44;32983;35613;+;97.1	35;27252;27818;+;174.3	49;37958;38596;+;68.6	50;38593;40443;+;266.1	62;49857;52118;+;391.1	40;30844;31359;+;78.4	62;49857;52118;+;70.3	A	9/9	contiguous	22605	1	1	47607..48086+;159;TraS;0
NZ_CP157122.1	MPF_F	IncFII(29)	71	0	0	GA	0															not_admitted	not_admitted	not_admitted	not_admitted	not_admitted	not_admitted	not_admitted	not_admitted	not_admitted	not_admitted	1	17;20676;21668;-;369.3	6;13407;14780;-;376.8	11;16346;17089;-;234.5	20;22677;25307;-;300.4	5;10588;13410;-;389.2	27;28329;29756;-;93.5	20;22677;25307;-;102.3	29;30471;31037;-;183.8	16;20029;20667;-;68.6	13;17366;19216;-;265.0	1;6028;8316;-;391.6	24;26933;27448;-;78.4	1;6028;8316;-;70.2	A	9/9	contiguous	24443	1	1	10087..10566-;159;TraS;0
NZ_CP157143.1	MPF_F	IncFII	80	0	0	GA	0															not_admitted	not_admitted	not_admitted	not_admitted	not_admitted	not_admitted	not_admitted	not_admitted	not_admitted	not_admitted	1	16;20480;21472;-;369.5	6;13328;14701;-;381.7	11;16631;17374;-;234.4	19;22481;25111;-;297.8	5;10506;13331;-;373.4	26;28111;29562;-;93.8	19;22481;25111;-;99.5	28;30277;30843;-;175.1	14;19498;20136;-;68.6	13;17651;19501;-;267.6	1;6030;8264;-;391.7	23;26736;27251;-;82.8	1;6030;8264;-;70.3	A	9/9	contiguous	24247	1	1	10000..10509-;169;unnamed;0
NZ_CP157153.1	MPF_F	IncFIB(AP001918);IncFII(pSE11)	150	0	0	GA	0															not_admitted	not_admitted	not_admitted	not_admitted	not_admitted	not_admitted	not_admitted	not_admitted	not_admitted	not_admitted	1	86;91894;92886;-;369.3	75;84836;86209;-;380.9	82;88422;89165;-;235.0	89;93895;96522;-;306.8	74;82023;84839;-;387.9	96;98681;100108;-;94.3	89;93895;96522;-;98.5	98;100823;101389;-;182.9	85;91247;91885;-;68.4	84;89442;91250;-;268.3	71;78226;80460;-;391.7	92;97038;97553;-;78.4	71;78226;80460;-;70.3	A	9/9	contiguous	22597	1	1	81469..81990-;173;unnamed;0
NZ_CP157155.1	MPF_T	IncX1;IncX3	53	0	0	GA	1	39;37515;38162;-;45.2	38;37241;37537;-;77.5	37;34469;37222;-;47.9	37;34469;37222;-;147.9	37;34469;37222;-;75.3	36;33709;34458;-;67.8	34;32337;33398;-;135.5		33;31378;32091;-;120.0	32;30444;31373;-;134.1	31;29242;30447;-;132.5	30;28209;29240;-;76.2	29;26371;28206;-;488.0		pfam	pfam_only	A	7/7	canonical	1	1	unscoreable	1	0	0														not_admitted	not_admitted	not_admitted	not_admitted	not_admitted	not_admitted	not_admitted
NZ_CP157158.1	MPF_F	IncFII	82	0	0	GA	0															not_admitted	not_admitted	not_admitted	not_admitted	not_admitted	not_admitted	not_admitted	not_admitted	not_admitted	not_admitted	1	22;20866;21858;-;357.1	10;12634;14007;-;370.1	16;16217;16960;-;234.2	25;22867;25497;-;304.8	9;9794;12637;-;376.7	34;29164;30594;-;93.4	25;22867;25497;-;99.2	36;31309;31875;-;172.1	20;19599;20237;-;70.1	18;17224;19128;-;262.9	4;4994;7237;-;391.3	30;27523;28038;-;77.1	4;4994;7237;-;70.3	A	9/9	contiguous	26315	1	1	9293..9772-;159;TraS;1
NZ_CP157163.1	MPF_F	IncC	207	0	0	GA	0															not_admitted	not_admitted	not_admitted	not_admitted	not_admitted	not_admitted	not_admitted	not_admitted	not_admitted	not_admitted	1	96;73949;74956;+;332.9	196;160650;162083;+;339.2	195;159620;160648;+;221.7	91;68750;71197;+;354.2	197;162096;165710;+;375.3	82;55439;56755;+;135.0	91;68750;71197;+;128.6	80;53915;54541;+;92.1	94;72019;73284;+;67.6	97;75072;77867;+;145.3	71;48240;50105;+;47.4	83;56752;57330;+;100.2	71;48240;50105;+;52.0	A	9/9	split_2	113856	0	1	
NZ_EF219134.1	MPF_T	IncN3	74	0	0	GA	1	42;32436;33218;+;33.3	44;33465;33761;+;36.0	45;33801;34118;+;71.9	46;34119;36692;+;118.0	46;34119;36692;+;74.2	47;36708;37409;+;98.9	49;37678;38715;+;121.9	50;38792;38923;+;40.1	51;38934;39629;+;132.6	52;39640;40527;+;147.8	53;40527;41660;+;166.3	54;41711;42712;+;90.1	60;48404;49936;-;52.0		pfam	both	A	7/7	canonical	1	0	ga	7	0	0														not_admitted	not_admitted	not_admitted	not_admitted	not_admitted	not_admitted	not_admitted
NZ_EU880929.1	MPF_T	IncN	87	0	0	GA	1	36;25091;25825;+;32.5		39;26468;26779;+;57.4	40;26784;29384;+;100.3	40;26784;29384;+;77.1	41;29402;30115;+;105.5	43;30366;31406;+;145.4		44;31625;32323;+;131.9	45;32334;33218;+;150.1	46;33218;34378;+;156.0	47;34417;35412;+;80.0	51;39981;41510;-;38.5		pfam	both	A	7/7	canonical	1	0	unscoreable	6	0	0														not_admitted	not_admitted	not_admitted	not_admitted	not_admitted	not_admitted	not_admitted
NZ_FO082821.1	MPF_T	-	340	0	0	GA	1	89;84143;85234;-;90.5	92;87993;88340;-;75.3	284;271233;271511;-;79.9	90;85231;87690;-;121.0	90;85231;87690;-;93.6	280;266661;267458;-;61.7	87;82168;83196;-;152.1		86;81442;82134;-;179.1	85;80633;81445;-;201.8	84;79422;80633;-;212.5	83;78419;79441;-;132.8	82;76335;78422;-;312.4		pfam	both	A	7/7	canonical	1	0	unscoreable	2	0	0														not_admitted	not_admitted	not_admitted	not_admitted	not_admitted	not_admitted	not_admitted
NZ_FO538766.1	-	-	40	0	0	GA	1				18;16130;18949;-;26.2		17;15121;15894;-;24.9			14;13947;14702;-;44.5	13;12905;13942;-;87.6	12;11553;12905;-;133.9	10;8387;9406;-;73.3	9;6675;8390;-;184.0		pfam	pfam_only	B	6/7	uncallable	0	0	unscoreable	4	0	0														not_admitted	not_admitted	not_admitted	not_admitted	not_admitted	not_admitted	not_admitted
NZ_FO834904.1	MPF_F	IncFIA(HI1);IncFII(pKP91)	108	0	0	GA	0															not_admitted	not_admitted	not_admitted	not_admitted	not_admitted	not_admitted	not_admitted	not_admitted	not_admitted	not_admitted	1	40;29718;30710;+;366.6	50;36227;37594;+;381.2	46;34218;34970;+;232.2	37;26053;28692;+;259.3	51;37594;40443;+;346.5	29;21043;22467;+;89.3	37;26053;28692;+;88.8	27;19749;20408;+;166.4	41;30723;31361;+;67.0	42;31420;33375;+;259.2	55;42257;44563;+;392.1	31;23097;23654;+;51.5	55;42257;44563;+;66.6	A	9/9	contiguous	22508	1	1	40446..40976+;176;unnamed;0
NZ_GU938458.1	MPF_T	-	34	0	0	GA	1		18;16112;16432;-;54.6		16;13347;15761;-;86.4	16;13347;15761;-;43.3	15;12679;13344;-;120.9	10;10340;11311;-;128.3		9;9626;10336;-;154.2	8;8850;9629;-;174.5	7;7549;8847;-;191.3	6;6528;7571;-;83.1	5;4255;6531;-;343.5		pfam	both	A	7/7	canonical	1	0	unscoreable	5	0	0														not_admitted	not_admitted	not_admitted	not_admitted	not_admitted	not_admitted	not_admitted
NZ_GU938460.1	MPF_T	-	32	0	0	GA	1		16;15380;15700;-;54.6		14;12615;15029;-;86.4	14;12615;15029;-;43.3	13;11947;12612;-;120.9	10;10340;11311;-;128.3		9;9626;10336;-;154.4	8;8850;9629;-;173.9	7;7549;8847;-;191.3	6;6528;7571;-;83.1	5;4255;6531;-;343.5		pfam	both	A	7/7	canonical	1	0	unscoreable	3	0	0														not_admitted	not_admitted	not_admitted	not_admitted	not_admitted	not_admitted	not_admitted
NZ_HG004427.1	MPF_T	-	71	0	0	GA	1	52;42348;42851;+;66.5	36;26060;26377;+;66.9	37;26384;29137;+;62.1	37;26384;29137;+;162.2	2;544;3003;+;91.9	38;29130;29894;+;121.8	39;29898;31004;+;71.0		41;31174;31845;+;176.0	9;7494;8408;+;168.9	11;8856;10091;+;205.6	32;22911;23807;+;129.4	45;34957;36858;+;326.1		pfam	both	A	7/7	canonical	1	1	unscoreable	34	0	0														not_admitted	not_admitted	not_admitted	not_admitted	not_admitted	not_admitted	not_admitted
NZ_HG739084.1	MPF_F	IncFII(pCoo)	66	0	0	GA	0															not_admitted	not_admitted	not_admitted	not_admitted	not_admitted	not_admitted	not_admitted	not_admitted	not_admitted	not_admitted	1	39;27194;28186;+;369.5	49;33965;35338;+;381.7	44;31292;32035;+;234.4	36;23555;26185;+;305.1	50;35335;38151;+;374.1	28;18861;20288;+;93.4	36;23555;26185;+;97.1	26;17580;18146;+;182.3	41;28530;29168;+;68.6	42;29165;31015;+;266.1	58;43460;45640;+;391.6	32;21416;21931;+;81.8	58;43460;45640;+;70.4	A	9/9	contiguous	25880	1	1	38184..38705+;173;unnamed;0
NZ_HG918041.1	MPF_F	IncFIB(pNDM-Mar);IncHI1B(pNDM-MAR)	287	0	0	GA	0															not_admitted	not_admitted	not_admitted	not_admitted	not_admitted	not_admitted	not_admitted	not_admitted	not_admitted	not_admitted	1	211;185160;186197;-;282.3	79;67401;68669;-;191.2	80;68659;69696;-;175.6	223;197028;199745;-;148.2	78;63345;67286;-;122.2	227;201858;203228;-;63.4	223;197028;199745;-;86.2	230;204874;205734;-;78.1	212;186194;187555;-;69.9	210;181968;185150;-;60.1	87;76890;79016;+;57.8	224;199790;200527;-;56.9	87;76890;79016;+;41.0	A	9/9	split_2	141529	0	1	
NZ_HG938356.1	MPF_T	-	1520	0	0	GA	1	854;895595;896686;+;89.0	851;892540;892878;+;81.3	852;892882;893181;+;75.0	853;893184;895592;+;114.7	853;893184;895592;+;93.5	855;896696;897397;+;43.2	856;897606;898622;+;149.5		857;898656;899348;+;169.1	858;899345;900160;+;192.7	859;900160;901416;+;206.0	860;901382;902410;+;126.4	861;902407;904428;+;306.1		pfam	pfam_only	A	7/7	canonical	1	0	unscoreable	0	0	0														not_admitted	not_admitted	not_admitted	not_admitted	not_admitted	not_admitted	not_admitted
NZ_HG938357.1	MPF_T	-	190	0	0	GA	1		187;172958;173341;-;74.4	186;172666;172965;-;62.7	185;170205;172655;-;170.2	185;170205;172655;-;124.7	184;169421;170227;-;46.2	182;168059;169246;-;110.9		181;167376;168038;-;127.9	180;166545;167360;-;184.5	178;164791;166089;-;223.8	188;173331;174308;-;129.0	165;152716;154686;-;541.4		conjscan	conjscan_only	A	7/7	canonical	1	0	unscoreable	3	0	0														not_admitted	not_admitted	not_admitted	not_admitted	not_admitted	not_admitted	not_admitted
NZ_HG941719.1	MPF_F	IncFIA;IncFII	147	0	0	GA	0															not_admitted	not_admitted	not_admitted	not_admitted	not_admitted	not_admitted	not_admitted	not_admitted	not_admitted	not_admitted	1		59;50056;51429;+;381.7	54;47383;48126;+;234.4	41;33675;36305;+;300.9	60;51426;54248;+;374.0	35;30095;31522;+;93.9	41;33675;36305;+;101.1	33;28814;29380;+;182.7	51;44621;45259;+;68.6	52;45256;47106;+;266.1	64;56520;58718;+;391.2	39;32644;33159;+;76.0	64;56520;58718;+;70.3	B	8/9	contiguous	27706	1	1	54270..54749+;159;TraS;0
NZ_HG969995.1	MPF_F	IncFIB(pQil);IncFII(K)	132	0	0	GA	0															not_admitted	not_admitted	not_admitted	not_admitted	not_admitted	not_admitted	not_admitted	not_admitted	not_admitted	not_admitted	1	113;91360;92349;+;366.0	123;97896;99263;+;380.7	119;95886;96638;+;233.7	109;87278;89917;+;258.5	124;99263;102112;+;345.6	101;82597;84021;+;88.8	109;87278;89917;+;88.7	99;81304;81870;+;169.3	114;92362;93000;+;67.0	115;93059;95014;+;259.7	128;104598;106910;+;392.7	102;84135;84719;+;55.4	128;104598;106910;+;66.5	A	9/9	contiguous	23294	1	1	102125..102673+;182;unnamed;0
NZ_HG969996.1	MPF_F	IncFII(K);IncR	116	0	0	GA	0															not_admitted	not_admitted	not_admitted	not_admitted	not_admitted	not_admitted	not_admitted	not_admitted	not_admitted	not_admitted	1	97;75902;76891;+;366.0	107;82438;83805;+;380.7	103;80428;81180;+;233.7	93;71820;74459;+;258.7	108;83805;86654;+;345.6	84;66581;68005;+;89.2	93;71820;74459;+;88.8	82;65288;65854;+;167.0	98;76904;77542;+;67.0	99;77601;79556;+;259.7	112;89140;91452;+;392.7	86;68617;69186;+;49.7	112;89140;91452;+;66.5	A	9/9	contiguous	23852	1	1	86667..87215+;182;unnamed;0
NZ_HG969997.1	MPF_F	IncFIB(pQil);IncFII(K)	132	0	0	GA	0															not_admitted	not_admitted	not_admitted	not_admitted	not_admitted	not_admitted	not_admitted	not_admitted	not_admitted	not_admitted	1	112;90691;91680;+;366.0	122;97227;98594;+;380.7	118;95217;95969;+;233.7	108;86609;89248;+;258.5	123;98594;101443;+;345.6	100;81928;83352;+;88.8	108;86609;89248;+;88.7	98;80635;81201;+;169.3	113;91693;92331;+;67.0	114;92390;94345;+;259.7	128;105129;107441;+;392.7	101;83466;84050;+;55.4	128;105129;107441;+;66.5	A	9/9	contiguous	24494	1	1	101456..102004+;182;unnamed;0
NZ_HG969998.1	MPF_F	IncFIB(pQil);IncFII(K)	120	0	0	GA	0															not_admitted	not_admitted	not_admitted	not_admitted	not_admitted	not_admitted	not_admitted	not_admitted	not_admitted	not_admitted	1	101;80882;81871;+;366.0	111;87418;88785;+;380.7	107;85408;86160;+;233.7	97;76800;79439;+;258.5	112;88785;91634;+;345.6	89;72119;73543;+;88.8	97;76800;79439;+;88.7	87;70802;71392;+;166.5	102;81884;82522;+;67.0	103;82581;84536;+;259.7	116;94120;96432;+;392.7	90;73657;74241;+;55.4	116;94120;96432;+;66.5	A	9/9	contiguous	23318	1	1	91647..92195+;182;unnamed;0
NZ_HG970001.1	MPF_F	IncFII(S);IncFII(pAR0022)	112	0	0	GA	0															not_admitted	not_admitted	not_admitted	not_admitted	not_admitted	not_admitted	not_admitted	not_admitted	not_admitted	not_admitted	1	78;65650;66642;-;366.4	68;59390;59935;-;198.3	71;60967;61710;-;228.9	81;67629;70277;-;306.1	66;55733;58555;-;388.6	88;72789;74210;-;90.5	81;67629;70277;-;96.0	90;74937;75503;-;189.2	76;64700;65338;-;71.8	74;62436;64253;-;259.7	63;51623;53875;-;374.0	85;71489;72004;-;89.0	63;51623;53875;-;72.1	A	9/9	contiguous	23314	1	1	55229..55711-;160;TraS;0
NZ_HG992744.1	-	-	52	0	0	GA	1		43;31678;31995;-;59.1	42;31313;31618;-;87.9	41;28874;31309;-;130.2	41;28874;31309;-;84.0	22;12047;12778;-;184.0	21;11022;12044;-;110.4		39;28078;28767;-;167.8	38;27187;28068;-;185.3	37;26030;27184;-;190.9	36;24990;26033;-;116.8	35;23010;24914;-;318.8		pfam	both	A	7/7	canonical	1	0	unscoreable	1	0	0														not_admitted	not_admitted	not_admitted	not_admitted	not_admitted	not_admitted	not_admitted
NZ_HQ023864.1	MPF_F	IncC	197	0	0	GA	0															not_admitted	not_admitted	not_admitted	not_admitted	not_admitted	not_admitted	not_admitted	not_admitted	not_admitted	not_admitted	1	99;76775;77782;+;332.9	187;156432;157865;+;339.2	186;155402;156430;+;221.7	94;71576;74023;+;354.2	188;157878;161492;+;375.3	85;58265;59581;+;135.0	94;71576;74023;+;128.6	83;56741;57367;+;92.1	97;74845;76110;+;67.6	100;77898;80693;+;145.3	74;51066;52931;+;47.4	86;59578;60156;+;100.2	74;51066;52931;+;52.0	A	9/9	split_2	106812	0	1	
NZ_JQ349086.1	MPF_T	IncN2	52	0	0	GA	1	44;37276;38058;-;33.2	42;36733;37029;-;36.0	41;36376;36693;-;71.9	40;33802;36375;-;118.0	40;33802;36375;-;74.2	39;33085;33786;-;98.9	37;31779;32816;-;121.9		36;30865;31560;-;127.6	35;29967;30854;-;142.7	34;28828;29967;-;172.5	33;27776;28777;-;90.1	18;12139;13671;+;46.3		pfam	both	A	7/7	canonical	1	0	unscoreable	2	0	0														not_admitted	not_admitted	not_admitted	not_admitted	not_admitted	not_admitted	not_admitted
NZ_KC887916.1	MPF_F	IncFIB(pB171);IncFII(Yp);IncFII(pAR0022)	124	0	0	GA	0															not_admitted	not_admitted	not_admitted	not_admitted	not_admitted	not_admitted	not_admitted	not_admitted	not_admitted	not_admitted	1	69;56987;57979;+;369.4	77;62692;64062;+;376.7	73;60726;61475;+;218.2	66;53369;55999;+;285.5	78;64062;66884;+;336.5	60;49947;51341;+;89.4	66;53369;55999;+;98.6	58;48664;49230;+;169.9	70;57996;58625;+;66.9	71;58622;60475;+;260.5	81;68221;70467;+;384.7	61;51363;51902;+;67.5	81;68221;70467;+;63.8	A	9/9	contiguous	19557	1	1	66906..67337+;143;TraS;0
NZ_KC887917.1	MPF_F	IncFIB(pB171);IncFII(Yp);IncFII(pAR0022)	116	0	0	GA	0															not_admitted	not_admitted	not_admitted	not_admitted	not_admitted	not_admitted	not_admitted	not_admitted	not_admitted	not_admitted	1	69;51837;52829;+;369.4	77;57542;58912;+;376.7	73;55576;56325;+;218.2	66;48219;50849;+;285.5	78;58912;61734;+;336.5	60;44797;46191;+;89.4	66;48219;50849;+;98.6	58;43514;44080;+;169.9	70;52846;53475;+;66.9	71;53472;55325;+;260.5	81;63071;65317;+;384.7	61;46213;46752;+;67.5	81;63071;65317;+;63.8	A	9/9	contiguous	19557	1	1	61756..62187+;143;TraS;0
NZ_KC999035.1	MPF_F	IncC	190	0	0	GA	0															not_admitted	not_admitted	not_admitted	not_admitted	not_admitted	not_admitted	not_admitted	not_admitted	not_admitted	not_admitted	1	96;72460;73467;+;332.9	180;150891;152324;+;339.2	179;149861;150889;+;221.7	91;67261;69708;+;354.2	181;152337;155951;+;375.3	82;53950;55266;+;135.0	91;67261;69708;+;128.6	80;52426;53052;+;92.1	94;70530;71795;+;67.6	97;73583;76378;+;145.3	71;46751;48616;+;47.4	83;55263;55841;+;100.2	71;46751;48616;+;52.0	A	9/9	split_2	105586	0	1	
NZ_KF418775.1	MPF_F	-	145	0	0	GA	0															not_admitted	not_admitted	not_admitted	not_admitted	not_admitted	not_admitted	not_admitted	not_admitted	not_admitted	not_admitted	1	97;90834;91859;-;268.3	84;79304;80785;-;183.4	85;80796;81806;-;145.7	88;82745;85282;-;69.9	83;75594;79292;-;62.9	91;86533;87897;-;74.0	88;82745;85282;-;64.7	93;88847;89446;-;34.0	96;90325;90822;-;59.4	75;67675;69084;-;112.1	48;38258;40267;+;220.7	90;85814;86533;-;26.2	48;38258;40267;+;43.8	A	9/9	split_2	52576	1	1	75310..75504-;64;unnamed;0
NZ_KF601686.1	MPF_T	IncI2	89	0	0	GA	1	50;35480;35962;-;81.1		66;53252;53536;-;36.5	65;50889;53246;-;59.8	65;50889;53246;-;45.0	77;59099;59746;-;41.6	78;59752;60738;-;120.4		64;49991;50725;-;144.3	63;49224;49994;-;169.8	62;48095;49234;-;154.7	55;39534;40982;-;207.2	60;45047;47005;-;287.0		pfam	pfam_only	A	7/7	rearranged	1	0	unscoreable	17	0	0														not_admitted	not_admitted	not_admitted	not_admitted	not_admitted	not_admitted	not_admitted
NZ_KF743817.1	MPF_T	IncP1	67	0	0	GA	1	13;12053;12688;+;23.5	2;1748;2212;+;63.5	3;2216;2527;+;49.8	4;2524;5082;+;91.0	4;2524;5082;+;112.1	9;8716;9480;+;122.3	11;9728;11446;+;143.0		5;5079;5861;+;147.6	6;5879;6778;+;186.5	8;7274;8695;+;223.3	1;769;1731;+;127.6	25;24221;26134;-;525.1		conjscan	conjscan_only	A	7/7	canonical	1	0	unscoreable	4	0	0														not_admitted	not_admitted	not_admitted	not_admitted	not_admitted	not_admitted	not_admitted
NZ_KF743818.1	MPF_T	IncP1	64	0	0	GA	1	13;12065;12700;+;23.5	2;1748;2212;+;63.5	3;2216;2527;+;49.8	4;2524;5082;+;91.0	4;2524;5082;+;112.1	9;8716;9480;+;122.3	11;9728;11446;+;143.0		5;5079;5861;+;147.6	6;5879;6778;+;186.5	8;7274;8695;+;223.3	1;769;1731;+;127.6	26;26439;28352;-;525.1		conjscan	conjscan_only	A	7/7	canonical	1	0	unscoreable	4	0	0														not_admitted	not_admitted	not_admitted	not_admitted	not_admitted	not_admitted	not_admitted
NZ_KF889012.1	MPF_F	-	89	0	0	GA	0															not_admitted	not_admitted	not_admitted	not_admitted	not_admitted	not_admitted	not_admitted	not_admitted	not_admitted	not_admitted	1	59;41637;42680;+;369.2	64;46659;48086;+;325.8	62;45449;46261;+;219.1	55;37349;40075;+;164.6	65;48102;51104;+;208.7	51;34351;35667;+;102.7	55;37349;40075;+;108.4	49;33060;33638;+;82.0	60;42695;43402;+;107.6	61;43399;45456;+;92.2	31;20340;22499;+;381.4	54;36695;37339;+;41.9	31;20340;22499;+;89.7	A	9/9	contiguous	27762	1	1	51176..51694+;172;unnamed;0
NZ_KJ003839.1	MPF_T	-	46	0	0	GA	1	41;35322;36032;-;101.0	40;35018;35311;-;41.2		39;32295;35006;-;78.0	39;32295;35006;-;57.1	38;31657;32298;-;71.2	5;4503;5588;-;71.0		4;3715;4503;-;74.6	3;2963;3700;-;149.0	2;1582;2961;-;180.8	1;529;1566;-;92.0	43;36296;37813;-;35.6		pfam	both	A	7/7	canonical	1	0	unscoreable	1	0	0														not_admitted	not_admitted	not_admitted	not_admitted	not_admitted	not_admitted	not_admitted
NZ_KJ020575.1	MPF_F	IncFII(pHN7A8);IncN	117	0	0	GA	0															not_admitted	not_admitted	not_admitted	not_admitted	not_admitted	not_admitted	not_admitted	not_admitted	not_admitted	not_admitted	1	91;74340;75332;+;369.5	104;82165;83538;+;376.8	99;79856;80599;+;234.4	88;70704;73331;+;301.8	105;83535;86351;+;376.7	83;67222;68649;+;94.1	88;70704;73331;+;101.8	81;65941;66507;+;183.8	94;76278;76916;+;70.4	97;77729;79579;+;265.0	109;88652;90877;+;391.7	87;69673;70188;+;78.0	109;88652;90877;+;70.3	A	9/9	contiguous	22711	1	1	86384..86905+;173;unnamed;0
NZ_KJ020576.1	MPF_T	IncI2	86	0	0	GA	1	49;34029;34511;-;81.1		63;50088;50372;-;36.5	62;47725;50082;-;59.8	62;47725;50082;-;45.0	74;55935;56582;-;41.6	75;56588;57574;-;120.4		61;46827;47561;-;144.3	60;46060;46830;-;169.8	59;44931;46070;-;154.7	52;36280;37818;-;207.1	57;41883;43841;-;287.0		pfam	pfam_only	A	7/7	rearranged	1	0	unscoreable	15	0	0														not_admitted	not_admitted	not_admitted	not_admitted	not_admitted	not_admitted	not_admitted
NZ_KJ201886.1	MPF_T	IncX1;IncX3	57	0	0	GA	1	21;12683;13330;+;45.2	22;13308;13604;+;77.5	23;13623;16376;+;47.3	23;13623;16376;+;148.0	23;13623;16376;+;73.5	24;16387;17145;+;67.3	26;17442;18572;+;103.0		27;18818;19531;+;120.0	28;19536;20465;+;134.9	29;20462;21667;+;133.4	30;21669;22700;+;77.9	31;22703;24538;+;488.6		pfam	pfam_only	A	7/7	canonical	1	1	unscoreable	1	0	0														not_admitted	not_admitted	not_admitted	not_admitted	not_admitted	not_admitted	not_admitted
NZ_KJ201887.1	MPF_F	IncFII	92	0	0	GA	0															not_admitted	not_admitted	not_admitted	not_admitted	not_admitted	not_admitted	not_admitted	not_admitted	not_admitted	not_admitted	1	56;41886;42878;+;369.5	66;48657;50030;+;381.7	61;45984;46727;+;234.4	52;38248;40260;+;305.0	67;50027;52849;+;374.0	45;33798;35249;+;94.2	52;38248;40260;+;49.4	43;32517;33083;+;174.3	58;43222;43860;+;68.6	59;43857;45707;+;266.1	71;55121;57142;+;391.6	48;36109;36624;+;78.4	71;55121;57142;+;70.8	A	9/9	contiguous	22604	1	1	52871..53350+;159;TraS;0
NZ_KJ440075.1	MPF_T	IncN	72	0	0	GA	1	29;22524;23258;+;32.5		32;23901;24218;+;63.3	33;24218;26818;+;113.8	33;24218;26818;+;76.4	34;26836;27549;+;105.5	36;27800;28840;+;142.4		37;29059;29757;+;131.9	38;29768;30652;+;159.7	39;30652;31812;+;156.3	40;31854;32849;+;81.2	49;40837;42366;-;38.5		pfam	both	A	7/7	canonical	1	0	unscoreable	11	0	0														not_admitted	not_admitted	not_admitted	not_admitted	not_admitted	not_admitted	not_admitted
NZ_KJ440076.1	MPF_T	IncN	72	0	0	GA	1	23;19036;19770;-;32.5		20;18076;18393;-;63.3	19;15476;18076;-;113.8	19;15476;18076;-;76.4	18;14745;15458;-;105.5	16;13454;14494;-;142.4		15;12537;13235;-;131.9	14;11642;12526;-;159.7	13;10482;11642;-;156.3	12;9445;10440;-;81.2	49;41197;42726;-;38.5		pfam	both	A	7/7	canonical	1	0	unscoreable	3	0	0														not_admitted	not_admitted	not_admitted	not_admitted	not_admitted	not_admitted	not_admitted
NZ_KJ460501.1	MPF_T	IncI2	84	0	0	GA	1	46;33571;34053;-;81.1		60;49630;49914;-;36.5	59;47267;49624;-;59.8	59;47267;49624;-;45.0	71;55477;56124;-;41.6	72;56130;57116;-;120.4		58;46369;47103;-;144.3	57;45602;46372;-;169.8	56;44473;45612;-;154.7	49;35822;37360;-;207.1	54;41425;43383;-;287.0		pfam	pfam_only	A	7/7	rearranged	1	0	unscoreable	15	0	0														not_admitted	not_admitted	not_admitted	not_admitted	not_admitted	not_admitted	not_admitted
NZ_KJ588779.1	MPF_F	IncC	174	0	0	GA	0															not_admitted	not_admitted	not_admitted	not_admitted	not_admitted	not_admitted	not_admitted	not_admitted	not_admitted	not_admitted	1	96;72460;73467;+;332.9	164;130724;132157;+;339.2	163;129694;130722;+;221.7	91;67261;69708;+;354.2	165;132170;135784;+;375.3	82;53950;55266;+;135.0	91;67261;69708;+;128.6	80;52426;53052;+;92.1	94;70530;71795;+;67.6	97;73583;76378;+;145.3	71;46751;48616;+;47.4	83;55263;55841;+;100.2	71;46751;48616;+;52.0	A	9/9	split_2	85419	0	1	
NZ_KJ588780.1	MPF_T	IncP1	61	0	0	GA	1	15;13691;14326;+;23.5	4;3374;3838;+;63.5	5;3842;4153;+;49.8	6;4150;6708;+;91.0	6;4150;6708;+;112.1	11;10342;11106;+;122.3	13;11354;13072;+;143.0		7;6705;7487;+;145.8	8;7505;8404;+;186.5	10;8900;10321;+;223.3	3;2395;3357;+;127.6	31;28949;30862;-;525.1		conjscan	conjscan_only	A	7/7	canonical	1	0	unscoreable	4	0	0														not_admitted	not_admitted	not_admitted	not_admitted	not_admitted	not_admitted	not_admitted
NZ_KJ646012.1	MPF_T	-	49	0	0	GA	1		35;35657;35920;-;59.3	34;32876;35644;-;73.3	34;32876;35644;-;174.2	34;32876;35644;-;86.0	29;29921;30892;-;83.3	28;28926;29924;-;119.5		26;28117;28779;-;177.6	25;27233;28120;-;161.4	24;26034;27206;-;166.0	23;25061;26053;-;93.2	22;23249;25060;-;348.4		pfam	pfam_only	A	7/7	canonical	1	1	unscoreable	5	0	0														not_admitted	not_admitted	not_admitted	not_admitted	not_admitted	not_admitted	not_admitted
NZ_KJ721789.1	MPF_F	IncFIA(pBK30683);IncFII(pBK30683);repB(R1701)	195	0	0	GA	0															not_admitted	not_admitted	not_admitted	not_admitted	not_admitted	not_admitted	not_admitted	not_admitted	not_admitted	not_admitted	1	55;39305;40294;+;363.3	65;45841;47208;+;382.6	61;43831;44583;+;233.7	51;35209;37848;+;258.5	66;47208;50057;+;345.6	42;30529;31953;+;89.2	51;35209;37848;+;87.7	40;29236;29802;+;169.3	56;40307;40945;+;66.0	57;41004;42959;+;259.7	70;52543;54855;+;392.7	43;32067;32651;+;55.4	70;52543;54855;+;66.5	A	9/9	contiguous	23307	1	1	50070..50618+;182;unnamed;0
NZ_KJ721790.1	MPF_F	IncFIB(pQil);IncFII(K)	133	0	0	GA	0															not_admitted	not_admitted	not_admitted	not_admitted	not_admitted	not_admitted	not_admitted	not_admitted	not_admitted	not_admitted	1	108;87545;88534;+;366.0	118;94081;95448;+;380.7	114;92071;92823;+;233.7	104;83463;86102;+;258.5	119;95448;98297;+;345.6	95;78783;80207;+;88.8	104;83463;86102;+;88.7	93;77490;78056;+;169.3	109;88547;89185;+;67.0	110;89244;91199;+;259.7	123;100783;103095;+;392.7	96;80321;80905;+;55.4	123;100783;103095;+;66.5	A	9/9	contiguous	23293	1	1	98310..98858+;182;unnamed;0
NZ_KJ802404.1	MPF_F	IncC	197	0	0	GA	0															not_admitted	not_admitted	not_admitted	not_admitted	not_admitted	not_admitted	not_admitted	not_admitted	not_admitted	not_admitted	1	94;71322;72329;+;332.9	185;155515;156948;+;339.2	184;154485;155513;+;221.7	89;66123;68570;+;354.2	186;156961;160575;+;375.3	80;52812;54128;+;135.0	89;66123;68570;+;128.6	78;51288;51914;+;92.1	92;69392;70657;+;67.6	95;72445;75240;+;145.3	69;45613;47478;+;47.4	81;54125;54703;+;100.2	69;45613;47478;+;52.0	A	9/9	split_2	111348	0	1	
NZ_KJ802405.1	MPF_F	IncC	183	0	0	GA	0															not_admitted	not_admitted	not_admitted	not_admitted	not_admitted	not_admitted	not_admitted	not_admitted	not_admitted	not_admitted	1	94;71322;72329;+;332.9	172;136650;138083;+;339.2	171;135620;136648;+;221.7	89;66123;68570;+;354.2	173;138096;141710;+;375.3	80;52812;54128;+;135.0	89;66123;68570;+;128.6	78;51288;51914;+;92.1	92;69392;70657;+;67.6	95;72445;75240;+;145.3	69;45613;47478;+;47.4	81;54125;54703;+;100.2	69;45613;47478;+;52.0	A	9/9	split_2	92483	0	1	
NZ_KJ812998.1	MPF_F	IncFIB(pB171);IncFII(Yp);IncFII(pAR0022)	124	0	0	GA	0															not_admitted	not_admitted	not_admitted	not_admitted	not_admitted	not_admitted	not_admitted	not_admitted	not_admitted	not_admitted	1	69;56987;57979;+;369.4	77;62692;64062;+;376.7	73;60726;61475;+;218.2	66;53369;55999;+;285.5	78;64062;66884;+;336.5	60;49947;51341;+;89.4	66;53369;55999;+;98.6	58;48664;49230;+;169.9	70;57996;58625;+;66.9	71;58622;60475;+;260.5	81;68221;70467;+;384.7	61;51363;51902;+;67.5	81;68221;70467;+;63.8	A	9/9	contiguous	19557	1	1	66906..67337+;143;TraS;0
NZ_KJ909290.1	MPF_F	IncC	185	0	0	GA	0															not_admitted	not_admitted	not_admitted	not_admitted	not_admitted	not_admitted	not_admitted	not_admitted	not_admitted	not_admitted	1	95;73913;74920;+;332.9	173;140944;142377;+;339.2	172;139914;140942;+;221.7	90;68714;71161;+;354.2	174;142390;146004;+;375.3	81;55403;56719;+;135.0	90;68714;71161;+;128.6	79;53879;54505;+;92.1	93;71983;73248;+;67.6	96;75036;77831;+;145.3	70;48204;50069;+;47.4	82;56716;57294;+;100.2	70;48204;50069;+;52.0	A	9/9	split_2	94186	0	1	
NZ_KM017071.1	-	-	215	0	0	GA	1	177;181656;182327;+;44.0	178;182327;182704;+;65.4	179;182765;183109;+;69.8	180;183102;185492;+;139.1	180;183102;185492;+;103.3	181;185507;186217;+;93.4	183;186545;187552;+;101.1		185;187895;188587;+;165.1	186;188584;189429;+;182.6	187;189431;190612;+;176.7	188;190609;191622;+;103.1	189;191619;193415;+;325.9		pfam	pfam_only	A	7/7	canonical	1	0	unscoreable	2	0	0														not_admitted	not_admitted	not_admitted	not_admitted	not_admitted	not_admitted	not_admitted
NZ_KM023153.1	MPF_T	IncFIB(K)	85	0	0	GA	1	15;16089;16751;+;48.3	16;16762;17061;+;36.6	17;17071;19821;+;60.6	17;17071;19821;+;134.0	17;17071;19821;+;48.6	18;19840;20556;+;137.0	20;20870;21877;+;137.8		22;22087;22773;+;158.3	23;22766;23659;+;147.4	24;23656;24852;+;134.7	25;24856;25905;+;71.5	32;30643;32550;+;24.3		pfam	pfam_only	A	7/7	canonical	1	1	unscoreable	8	0	0														not_admitted	not_admitted	not_admitted	not_admitted	not_admitted	not_admitted	not_admitted
NZ_KM063576.1	MPF_T	-	39	0	0	GA	1				12;7812;9830;+;24.8									19;14086;15636;+;465.3		none	none	D	2/7	uncallable	0	0	unscoreable	6	0	0														not_admitted	not_admitted	not_admitted	not_admitted	not_admitted	not_admitted	not_admitted
NZ_KM083064.1	MPF_F	IncC	201	0	0	GA	0															not_admitted	not_admitted	not_admitted	not_admitted	not_admitted	not_admitted	not_admitted	not_admitted	not_admitted	not_admitted	1	75;63433;64440;+;332.9	140;118585;120018;+;339.2	139;117555;118583;+;221.7	70;58234;60681;+;354.5	141;120031;123645;+;375.3	197;155938;157098;+;156.3	70;58234;60681;+;128.3	63;47838;48464;+;92.7	73;61503;62768;+;67.9	76;64556;67354;+;145.3	54;42163;44028;+;47.3	66;50675;51253;+;100.2	54;42163;44028;+;52.0	A	9/9	split_3	113775	0	1	
NZ_KM207012.1	MPF_T	IncI2	84	0	0	GA	1	47;34029;34511;-;81.1		61;50088;50372;-;36.5	60;47725;50082;-;59.8	60;47725;50082;-;45.0	72;55935;56582;-;41.6	73;56588;57574;-;120.4		59;46827;47561;-;144.3	58;46060;46830;-;169.8	57;44931;46070;-;154.7	50;36280;37818;-;207.1	55;41883;43841;-;287.0		pfam	pfam_only	A	7/7	rearranged	1	0	unscoreable	15	0	0														not_admitted	not_admitted	not_admitted	not_admitted	not_admitted	not_admitted	not_admitted
NZ_KM210086.1	MPF_T	-	48	0	0	GA	1	19;20191;20901;-;101.0	18;19887;20180;-;41.2		17;17164;19875;-;78.0	17;17164;19875;-;57.1	16;16526;17167;-;71.2	29;28736;29821;-;71.0		28;27948;28736;-;74.6	27;27196;27933;-;149.0	26;25815;27194;-;180.8	25;24762;25799;-;92.0	21;21165;22682;-;35.6		pfam	both	A	7/7	rearranged	1	0	unscoreable	3	0	0														not_admitted	not_admitted	not_admitted	not_admitted	not_admitted	not_admitted	not_admitted
NZ_KM210088.1	MPF_T	-	48	0	0	GA	1	19;20191;20901;-;101.0	18;19887;20180;-;41.2		17;17164;19875;-;78.0	17;17164;19875;-;57.1	16;16526;17167;-;71.2	29;28736;29821;-;71.0		28;27948;28736;-;74.6	27;27196;27933;-;149.0	26;25815;27194;-;180.8	25;24762;25799;-;92.0	21;21165;22682;-;35.6		pfam	both	A	7/7	rearranged	1	0	unscoreable	3	0	0														not_admitted	not_admitted	not_admitted	not_admitted	not_admitted	not_admitted	not_admitted
NZ_KM212169.1	MPF_T	IncX4	54	0	0	GA	1	35;27395;28015;-;46.9	34;27055;27381;-;64.4	33;24289;27036;-;62.7	33;24289;27036;-;151.8	33;24289;27036;-;46.1	32;23561;24277;-;97.3	31;22471;23550;-;157.5		29;21270;21956;-;167.4	28;20365;21273;-;142.3	27;19254;20372;-;162.9	26;18224;19252;-;85.0	25;16375;18192;-;317.2		pfam	pfam_only	A	7/7	canonical	1	1	unscoreable	1	0	0														not_admitted	not_admitted	not_admitted	not_admitted	not_admitted	not_admitted	not_admitted
NZ_KM396298.1	MPF_F	IncHI2;IncHI2A	240	0	0	GA	0															not_admitted	not_admitted	not_admitted	not_admitted	not_admitted	not_admitted	not_admitted	not_admitted	not_admitted	not_admitted	1	212;183626;184684;-;276.9	90;76340;77755;+;194.1	89;75304;76350;+;174.3	228;204257;206938;-;168.0	91;77764;81090;+;102.6	232;209268;210623;-;80.7	228;204257;206938;-;72.2	235;212347;213135;-;74.8	214;184826;186337;-;62.0	211;180419;183607;-;57.3	82;66178;68262;-;56.8	229;206947;207897;-;46.1	82;66178;68262;-;38.8	A	9/9	split_2	146169	1	1	81087..81716+;209;unnamed;0
NZ_KM396299.1	MPF_F	IncHI2;IncHI2A	243	0	0	GA	0															not_admitted	not_admitted	not_admitted	not_admitted	not_admitted	not_admitted	not_admitted	not_admitted	not_admitted	not_admitted	1	215;183631;184689;-;276.9	92;76341;77756;+;194.1	91;75305;76351;+;174.3	231;204262;206943;-;168.0	93;77765;81091;+;102.6	235;209273;210628;-;80.7	231;204262;206943;-;72.2	238;212352;213140;-;74.8	217;184831;186342;-;62.0	214;180424;183612;-;57.3	83;66180;68264;-;56.8	232;206952;207902;-;46.1	83;66180;68264;-;38.8	A	9/9	split_2	146172	1	1	81088..81717+;209;unnamed;0
NZ_KM396300.1	MPF_F	IncHI2;IncHI2A	244	0	0	GA	0															not_admitted	not_admitted	not_admitted	not_admitted	not_admitted	not_admitted	not_admitted	not_admitted	not_admitted	not_admitted	1	213;183662;184720;-;276.9	91;76346;77761;+;194.1	90;75310;76356;+;174.3	230;204297;206978;-;168.0	92;77770;81096;+;102.6	234;209309;210475;-;81.2	230;204297;206978;-;72.2	238;212418;212858;-;40.7	215;184862;186079;-;62.1	212;180455;183643;-;57.3	82;66183;68267;-;56.8	231;206987;207937;-;46.1	82;66183;68267;-;38.8	A	9/9	split_2	146235	1	1	81093..81722+;209;unnamed;0
NZ_KM400601.1	MPF_T	IncX3	58	0	0	GA	1	43;36562;37206;-;46.4	42;36288;36578;-;73.1	41;33510;36263;-;47.0	41;33510;36263;-;142.4	41;33510;36263;-;73.3	40;32730;33500;-;60.1	38;31396;32451;-;133.2		37;30473;31201;-;119.4	36;29538;30467;-;138.8	35;28327;29541;-;128.3	33;27097;28131;-;65.7	32;25259;27094;-;495.9		pfam	pfam_only	A	7/7	canonical	1	1	unscoreable	2	0	0														not_admitted	not_admitted	not_admitted	not_admitted	not_admitted	not_admitted	not_admitted
NZ_KM580532.1	MPF_T	IncX4	57	0	0	GA	1	35;28128;28748;-;46.9	34;27788;28114;-;64.4	33;25022;27769;-;62.7	33;25022;27769;-;151.8	33;25022;27769;-;46.1	32;24294;25010;-;94.2	31;23188;24282;-;150.1		29;21987;22673;-;167.4	28;21082;21990;-;142.3	27;19971;21089;-;162.9	26;18941;19969;-;85.0	25;17092;18909;-;316.5		pfam	pfam_only	A	7/7	canonical	1	1	unscoreable	1	0	0														not_admitted	not_admitted	not_admitted	not_admitted	not_admitted	not_admitted	not_admitted
NZ_KM580533.1	MPF_T	IncX4	54	0	0	GA	1	35;28128;28748;-;46.9	34;27788;28114;-;64.4	33;25022;27769;-;62.7	33;25022;27769;-;151.8	33;25022;27769;-;46.1	32;24294;25010;-;94.2	31;23188;24282;-;150.1		29;21987;22673;-;167.4	28;21082;21990;-;142.3	27;19971;21089;-;162.9	26;18941;19969;-;85.0	25;17092;18909;-;316.5		pfam	pfam_only	A	7/7	canonical	1	1	unscoreable	1	0	0														not_admitted	not_admitted	not_admitted	not_admitted	not_admitted	not_admitted	not_admitted
NZ_KM659092.1	-	-	107	0	0	GA	1	57;53446;54258;+;90.0	58;54261;54575;+;61.1	59;54603;54857;+;62.8	60;54867;57314;+;131.3	60;54867;57314;+;99.1	62;58066;58785;+;41.5	63;58981;60000;+;108.7		64;59997;60812;+;175.4	66;61561;62397;+;182.8	67;62394;63641;+;206.3	68;63598;64698;+;124.2	69;64691;66511;+;248.0		pfam	pfam_only	A	7/7	canonical	1	0	unscoreable	2	0	0														not_admitted	not_admitted	not_admitted	not_admitted	not_admitted	not_admitted	not_admitted
NZ_KM660724.1	MPF_T	ColKP3;IncN	70	0	0	GA	1	14;10087;10821;+;32.5		17;11464;11781;+;63.8	18;11781;14381;+;113.8	18;11781;14381;+;76.4	19;14399;15112;+;105.5	21;15363;16403;+;142.4		22;16622;17320;+;131.9	23;17331;18215;+;159.7	24;18215;19375;+;156.3	25;19417;20412;+;81.2	46;41544;43073;-;38.5		pfam	both	A	7/7	canonical	1	0	unscoreable	3	0	0														not_admitted	not_admitted	not_admitted	not_admitted	not_admitted	not_admitted	not_admitted
NZ_KM670336.1	MPF_F	IncC	214	1	0	GA	1	208;170418;170894;+;33.7		193;153787;154035;-;32.5	192;151266;153773;-;96.8	192;151266;153773;-;113.1	191;150509;151297;-;47.5	189;148583;150301;-;86.7		187;147486;148184;-;122.8	186;146548;147486;-;162.6	184;144631;146091;-;206.3	48;28457;29452;+;81.2		114;85425;88223;+;145.3	conjscan	conjscan_only	B	6/7	canonical	1	0	unscoreable	11	0	1	113;84302;85309;+;332.9	204;163970;165403;+;339.2	203;162940;163968;+;221.7	108;79103;81550;+;354.5	205;165416;169030;+;375.3	184;144631;146091;-;206.3	108;79103;81550;+;128.3	101;68707;69333;+;92.7	111;82372;83637;+;67.9	114;85425;88223;+;145.3	92;63032;64897;+;47.3	104;71544;72122;+;100.2	92;63032;64897;+;52.0	A	9/9	split_2	102384	0	1	
NZ_KM922672.1	MPF_F	-	102	0	0	GA	0															not_admitted	not_admitted	not_admitted	not_admitted	not_admitted	not_admitted	not_admitted	not_admitted	not_admitted	not_admitted	1	48;36689;37732;-;370.9	44;31028;32467;-;314.2	45;32492;33319;-;215.3	52;39330;42032;-;185.5	43;27967;31017;-;169.1	55;43418;44740;-;105.9	52;39330;42032;-;96.1	57;45456;46034;-;98.6	47;35966;36673;-;101.8	46;33294;35969;-;107.1	79;59671;61803;-;383.2	53;42049;42681;-;43.4	79;59671;61803;-;91.0	A	9/9	contiguous	31704	1	1	27383..27952-;189;unnamed;0
NZ_KM977631.1	MPF_T	IncN	66	0	0	GA	1	49;36310;37044;+;32.5		52;37687;38004;+;63.3	53;38004;40604;+;113.8	53;38004;40604;+;76.4	54;40622;41335;+;105.5	56;41586;42626;+;142.4		57;42845;43543;+;131.9	58;43554;44438;+;159.7	59;44438;45598;+;156.3	60;45640;46635;+;81.2	23;14457;15986;+;38.5		pfam	both	A	7/7	canonical	1	0	unscoreable	3	0	0														not_admitted	not_admitted	not_admitted	not_admitted	not_admitted	not_admitted	not_admitted
NZ_KM977710.1	MPF_F	-	105	0	0	GA	0															not_admitted	not_admitted	not_admitted	not_admitted	not_admitted	not_admitted	not_admitted	not_admitted	not_admitted	not_admitted	1	92;59773;60816;+;369.0	97;64799;66226;+;325.8	95;63585;64397;+;219.1	88;55485;58211;+;164.6	98;66242;69244;+;208.7	84;52487;53803;+;102.7	88;55485;58211;+;108.5	82;51196;51774;+;83.7	93;60831;61538;+;107.6	94;61535;63592;+;91.0	63;38327;40486;+;381.3	87;54831;55475;+;41.9	63;38327;40486;+;90.0	A	9/9	contiguous	27915	1	1	69316..69834+;172;unnamed;0
NZ_KP008371.1	MPF_F	IncFII(pBK30683);IncR	148	0	0	GA	0															not_admitted	not_admitted	not_admitted	not_admitted	not_admitted	not_admitted	not_admitted	not_admitted	not_admitted	not_admitted	1	114;103481;104470;-;366.0	104;96567;97934;-;384.0	108;99192;99944;-;233.7	118;105913;108552;-;258.5	103;93718;96567;-;346.4	125;111384;112808;-;89.2	118;105913;108552;-;88.7	127;113535;114101;-;169.3	113;102830;103468;-;66.9	112;100816;102771;-;259.7	99;88941;91253;-;392.8	124;110727;111311;-;54.5	99;88941;91253;-;65.8	A	9/9	contiguous	24594	1	1	93434..93715-;93;unnamed;0
NZ_KP056256.1	MPF_F	IncC	236	0	0	GA	0															not_admitted	not_admitted	not_admitted	not_admitted	not_admitted	not_admitted	not_admitted	not_admitted	not_admitted	not_admitted	1	97;73963;74970;+;332.9	223;186920;188353;+;339.2	222;185878;186918;+;221.6	92;68764;71211;+;354.2	224;188366;191980;+;375.3	82;55458;56774;+;135.0	92;68764;71211;+;128.6	80;53934;54560;+;92.1	95;72033;73298;+;67.6	99;76282;77880;+;147.2	71;48260;50125;+;47.5	83;56771;57349;+;100.2	71;48260;50125;+;52.0	A	9/9	split_2	140106	0	1	
NZ_KP091735.1	MPF_T	IncI2	85	0	0	GA	1	48;34029;34511;-;81.1		62;50088;50372;-;36.5	61;47725;50082;-;59.8	61;47725;50082;-;45.0	73;55935;56582;-;41.6	74;56588;57574;-;120.4		60;46827;47561;-;144.3	59;46060;46830;-;169.8	58;44931;46070;-;154.7	51;36280;37818;-;207.1	56;41883;43841;-;287.0		pfam	pfam_only	A	7/7	rearranged	1	0	unscoreable	15	0	0														not_admitted	not_admitted	not_admitted	not_admitted	not_admitted	not_admitted	not_admitted
NZ_KP119165.1	MPF_F	IncFIB(AP001918);IncFIC(FII)	210	0	0	GA	0															not_admitted	not_admitted	not_admitted	not_admitted	not_admitted	not_admitted	not_admitted	not_admitted	not_admitted	not_admitted	1	142;142125;143117;-;369.3	131;135106;136479;-;380.9	138;138653;139396;-;235.0	145;144126;146753;-;305.4	130;132284;135109;-;385.2	152;148808;150235;-;94.3	145;144126;146753;-;98.5	154;150950;151516;-;184.4	141;141478;142116;-;68.4	140;139673;141481;-;267.0	127;128627;130780;-;390.5	148;147269;147784;-;78.0	127;128627;130780;-;69.2	A	9/9	contiguous	22323	1	1	131778..132287-;169;unnamed;0
NZ_KP125893.1	MPF_F	IncFII(K);repB(R1701)	151	0	0	GA	0															not_admitted	not_admitted	not_admitted	not_admitted	not_admitted	not_admitted	not_admitted	not_admitted	not_admitted	not_admitted	1	113;94956;95948;+;362.9	126;103465;104835;+;383.8	122;101511;102263;+;233.7	110;91291;93930;+;259.1	127;104835;107708;+;347.6	100;86065;87489;+;89.2	110;91291;93930;+;83.9	98;84772;85338;+;168.4	117;97978;98625;+;65.7	118;98684;100639;+;259.7	130;109261;111570;+;392.7	102;88101;88670;+;55.3	130;109261;111570;+;66.6	A	9/9	contiguous	24489	1	1	107719..108252+;177;unnamed;0
NZ_KP198615.1	MPF_T	IncI2	88	0	0	GA	1	49;34027;34509;-;81.1		63;50085;50369;-;36.5	62;47722;50079;-;59.8	62;47722;50079;-;45.0	74;55932;56579;-;41.6	75;56585;57571;-;120.4		61;46824;47558;-;144.3	60;46057;46827;-;169.8	59;44928;46067;-;154.7	52;36278;37816;-;207.1	57;41881;43593;-;287.6		pfam	pfam_only	A	7/7	rearranged	1	0	unscoreable	15	0	0														not_admitted	not_admitted	not_admitted	not_admitted	not_admitted	not_admitted	not_admitted
NZ_KP276584.1	MPF_F	IncC	192	0	0	GA	0															not_admitted	not_admitted	not_admitted	not_admitted	not_admitted	not_admitted	not_admitted	not_admitted	not_admitted	not_admitted	1	119;89125;90132;-;332.9	182;145695;147128;+;339.2	181;144665;145693;+;221.7	124;92884;95331;-;354.5	183;147141;150755;+;375.3	129;102887;104203;-;135.0	124;92884;95331;-;128.3	131;105101;105727;-;92.7	121;90797;92062;-;67.9	118;86211;89009;-;145.3	57;35707;37812;+;92.6	128;102312;102890;-;100.2	57;35707;37812;+;97.8	A	9/9	split_3	111434	0	1	
NZ_KP289281.1	MPF_T	IncP1	106	0	0	GA	1	74;76280;76915;-;23.5	85;86768;87232;-;63.5	84;86453;86764;-;49.8	83;83898;86456;-;91.0	83;83898;86456;-;112.1	78;79500;80264;-;122.3	76;77534;79252;-;143.0		82;83119;83901;-;147.6	81;82202;83101;-;186.5	79;80285;81706;-;223.3	86;87249;88211;-;127.6	21;14780;16693;+;525.1		conjscan	conjscan_only	A	7/7	canonical	1	0	unscoreable	4	0	0														not_admitted	not_admitted	not_admitted	not_admitted	not_admitted	not_admitted	not_admitted
NZ_KP324830.1	MPF_T	IncP1;repUS18	109	0	0	GA	1		43;33980;34363;-;68.7	77;55629;55946;+;84.6	78;55943;58393;+;142.6	41;31111;33654;-;107.0	36;26865;27635;-;105.6	81;59331;60344;+;161.4		83;60693;61451;+;142.8	84;61454;62275;+;197.9	37;27648;29042;-;224.7	44;34477;35433;-;135.2	9;6394;8340;+;442.7		conjscan	both	A	7/7	canonical	1	0	unscoreable	4	0	0														not_admitted	not_admitted	not_admitted	not_admitted	not_admitted	not_admitted	not_admitted
NZ_KP324996.1	-	-	82	0	0	GA	1	11;6525;7040;+;46.5	65;54020;54349;+;65.8	66;54360;54674;+;30.4	67;54715;57129;+;53.0	67;54715;57129;+;99.0	68;57126;57884;+;34.3	70;58839;60149;+;99.7		72;60380;61054;+;144.4	73;61063;61935;+;159.2	75;62350;63606;+;190.4	80;67759;69381;+;175.1			conjscan	conjscan_only	B	6/7	canonical	1	0	unscoreable	7	0	0														not_admitted	not_admitted	not_admitted	not_admitted	not_admitted	not_admitted	not_admitted
NZ_KP345882.1	MPF_F	IncC;IncFIA(pBK30683)	292	0	0	GA	0															not_admitted	not_admitted	not_admitted	not_admitted	not_admitted	not_admitted	not_admitted	not_admitted	not_admitted	not_admitted	1	163;142108;143115;-;332.9	286;235836;237269;-;339.2	287;237271;238299;-;221.7	168;145867;148314;-;354.5	285;232209;235823;-;375.3	173;155870;157186;-;135.0	168;145867;148314;-;128.3	175;158084;158710;-;92.7	165;143780;145045;-;67.9	162;139194;141992;-;145.3	186;163872;165737;-;47.3	172;155295;155873;-;100.2	186;163872;165737;-;52.0	A	9/9	split_2	98077	0	1	
NZ_KP347127.1	MPF_T	IncI2	79	0	0	GA	1	40;35826;36308;-;81.1		55;51904;52188;-;36.6	54;49541;51898;-;58.5	54;49541;51898;-;42.8	67;57641;58282;-;42.8	68;58288;59283;-;128.5		52;48641;49375;-;144.3	51;47874;48644;-;170.5	50;46745;47884;-;154.7	43;38076;39614;-;207.1	48;43697;45655;-;289.6		pfam	pfam_only	A	7/7	rearranged	1	0	unscoreable	17	1	0														not_admitted	not_admitted	not_admitted	not_admitted	not_admitted	not_admitted	not_admitted
NZ_KP398867.1	MPF_F	IncFIB(AP001918);IncFII	151	0	0	GA	0															not_admitted	not_admitted	not_admitted	not_admitted	not_admitted	not_admitted	not_admitted	not_admitted	not_admitted	not_admitted	1	112;111251;112243;+;369.3	121;117305;118678;+;381.0	116;114972;115715;+;231.6	109;107615;110242;+;306.4	122;118675;121500;+;386.0	104;104134;105561;+;94.3	109;107615;110242;+;98.5	102;102853;103419;+;183.3	113;112252;112890;+;68.7	114;112887;114695;+;267.9	125;123004;125157;+;391.8	107;106584;107099;+;77.3	125;123004;125157;+;70.4	A	9/9	contiguous	20151	1	1	121497..122006+;169;unnamed;0
NZ_KP400525.1	MPF_T	ColKP3;IncX3	65	0	0	GA	1	25;21116;21760;-;46.4	24;20842;21132;-;73.1	23;18064;20817;-;47.0	23;18064;20817;-;142.4	23;18064;20817;-;73.3	22;17284;18054;-;60.1	20;15950;17005;-;132.8		19;15027;15755;-;119.4	18;14092;15021;-;138.8	17;12881;14095;-;128.3	15;11651;12685;-;65.7	14;9813;11648;-;495.9		pfam	pfam_only	A	7/7	canonical	1	1	unscoreable	2	0	0														not_admitted	not_admitted	not_admitted	not_admitted	not_admitted	not_admitted	not_admitted
NZ_KP453775.1	MPF_F	IncFIA;IncFII;IncY	309	0	0	GA	0															not_admitted	not_admitted	not_admitted	not_admitted	not_admitted	not_admitted	not_admitted	not_admitted	not_admitted	not_admitted	1	217;187757;188749;+;371.6	228;194434;195807;+;380.9	221;191478;192221;+;235.0	214;184121;186748;+;303.5	229;195804;198629;+;385.9	208;180535;181962;+;91.9	214;184121;186748;+;99.0	206;179254;179820;+;182.9	218;188758;189396;+;64.9	219;189393;191201;+;268.3	232;200133;202313;+;391.6	213;183090;183605;+;76.4	232;200133;202313;+;70.4	A	9/9	contiguous	20879	1	1	198626..199081+;151;unnamed;0
NZ_KP688397.1	MPF_F	-	212	0	0	GA	0															not_admitted	not_admitted	not_admitted	not_admitted	not_admitted	not_admitted	not_admitted	not_admitted	not_admitted	not_admitted	1	65;59794;60801;+;329.4	181;156978;158417;+;325.0	180;155942;156976;+;208.0	60;54565;57015;+;315.0	182;158424;162065;+;345.7	54;45325;46674;+;124.9	60;54565;57015;+;134.6	52;43752;44381;+;86.9	63;57828;59096;+;65.4	66;60997;63777;+;142.3	46;39538;41406;+;44.6	55;46674;47222;+;85.0	46;39538;41406;+;48.4	A	9/9	split_2	118886	0	1	
NZ_KP726894.1	MPF_T	-	54	0	0	GA	1	30;19494;20132;+;46.6	31;20119;20406;+;64.7	32;20425;23184;+;42.1	32;20425;23184;+;133.2	32;20425;23184;+;61.7	33;23241;23942;+;52.1	35;24221;25297;+;127.7		37;25424;26164;+;144.2	38;26169;27089;+;142.8	39;27086;28597;+;138.3	40;28599;29660;+;75.0	41;29662;31629;+;426.3		pfam	pfam_only	A	7/7	canonical	1	1	unscoreable	2	0	0														not_admitted	not_admitted	not_admitted	not_admitted	not_admitted	not_admitted	not_admitted
NZ_KP742988.1	MPF_F	IncC	179	0	0	GA	0															not_admitted	not_admitted	not_admitted	not_admitted	not_admitted	not_admitted	not_admitted	not_admitted	not_admitted	not_admitted	1	12;15338;16345;+;332.9	84;79514;80947;+;339.2	83;78484;79512;+;221.7	7;10144;12591;+;354.2	85;80960;84574;+;375.3	176;143562;144878;+;135.0	7;10144;12591;+;128.6	174;142038;142664;+;92.1	10;13408;14673;+;67.6	13;16461;19256;+;145.3	165;136363;138228;+;47.4	177;144875;145453;+;100.2	165;136363;138228;+;52.0	A	9/9	split_3	134731	0	1	
NZ_KP765744.1	MPF_T	IncX3	68	0	0	GA	1	26;17720;18364;+;46.4	27;18348;18638;+;73.1	28;18663;21416;+;47.0	28;18663;21416;+;142.4	28;18663;21416;+;73.3	29;21426;22196;+;60.1	31;22474;23529;+;133.2		32;23724;24437;+;112.9	33;24729;25397;+;97.0	34;25394;26608;+;128.3	36;26803;27837;+;65.7	37;27840;29675;+;495.9		pfam	pfam_only	A	7/7	canonical	1	1	unscoreable	2	0	0														not_admitted	not_admitted	not_admitted	not_admitted	not_admitted	not_admitted	not_admitted
NZ_KP776609.1	MPF_T	IncX3	57	0	0	GA	1	27;24856;25500;-;46.4	26;24582;24872;-;73.1	25;21804;24557;-;47.0	25;21804;24557;-;142.4	25;21804;24557;-;73.3	24;21024;21794;-;60.1	22;19690;20745;-;133.2		21;18767;19495;-;119.4	20;17832;18761;-;138.8	19;16621;17835;-;128.3	17;15391;16425;-;65.7	16;13553;15388;-;495.9		pfam	pfam_only	A	7/7	canonical	1	1	unscoreable	2	0	0														not_admitted	not_admitted	not_admitted	not_admitted	not_admitted	not_admitted	not_admitted
NZ_KP789020.1	MPF_F	IncFIA;IncFIB(AP001918);IncFII	163	0	0	GA	0															not_admitted	not_admitted	not_admitted	not_admitted	not_admitted	not_admitted	not_admitted	not_admitted	not_admitted	not_admitted	1	64;58016;59008;-;367.4	53;50957;52330;-;380.9	60;54544;55287;-;235.0	67;60017;62644;-;305.4	52;48135;50960;-;385.9	73;64699;66126;-;94.3	67;60017;62644;-;98.5	75;66841;67407;-;182.1	63;57369;58007;-;68.6	62;55564;57372;-;268.3	49;44443;46632;-;391.3	69;63160;63675;-;78.4	49;44443;46632;-;70.4	A	9/9	contiguous	22398	1	1	47629..48138-;169;unnamed;0
NZ_KP791968.1	MPF_F	-	241	0	0	GA	0															not_admitted	not_admitted	not_admitted	not_admitted	not_admitted	not_admitted	not_admitted	not_admitted	not_admitted	not_admitted	1	97;69164;70171;-;330.7	220;175568;177007;-;325.0	221;177009;178043;-;207.9	102;72951;75401;-;312.0	219;174173;175561;-;315.5	111;83342;84688;-;125.9	102;72951;75401;-;133.2	113;85632;86261;-;87.5	99;70869;71870;-;66.3	95;66187;68688;-;142.2	122;93739;94464;-;34.0	110;82794;83342;-;85.7	121;92595;93788;-;49.4	A	9/9	split_2	110822	1	1	171919..174036-;705;unnamed;0
NZ_KP868646.1	MPF_F	IncFII(Yp)	100	0	0	GA	0															not_admitted	not_admitted	not_admitted	not_admitted	not_admitted	not_admitted	not_admitted	not_admitted	not_admitted	not_admitted	1	80;65131;66123;+;372.3	90;71756;73126;+;383.1	87;70235;70987;+;222.2	77;61469;64108;+;258.9	91;73126;75981;+;333.3	70;56938;58359;+;88.0	77;61469;64108;+;88.4	68;55651;56217;+;161.7	81;66136;66762;+;68.3	82;66759;68714;+;254.7	94;77726;80044;+;390.7	72;58971;59540;+;55.7	94;77726;80044;+;66.8	A	9/9	contiguous	22075	1	1	75998..76669+;223;unnamed;0
NZ_KP868647.1	MPF_F	IncFIB(pB171);IncFII(Yp);IncFII(pAR0022)	121	0	0	GA	0															not_admitted	not_admitted	not_admitted	not_admitted	not_admitted	not_admitted	not_admitted	not_admitted	not_admitted	not_admitted	1	81;68615;69601;+;369.4	89;74314;75684;+;376.7	85;72348;73097;+;218.2	78;64991;67621;+;285.5	90;75684;78506;+;336.5	72;61569;62963;+;89.4	78;64991;67621;+;98.6	70;60286;60852;+;169.9	82;69618;70247;+;66.9	83;70244;72097;+;260.5	94;79843;82089;+;384.7	73;62985;63524;+;67.5	94;79843;82089;+;63.8	A	9/9	contiguous	19557	1	1	78528..78959+;143;TraS;0
NZ_KP899803.1	MPF_F	IncHI1A(NDM-CIT);IncHI1B(pNDM-CIT)	340	1	1	GA	1		112;104128;104514;+;89.6	113;104511;104780;+;32.5	114;104793;107243;+;37.9	114;104793;107243;+;125.2	115;107240;107983;+;226.2	117;108319;109686;+;179.3		118;109705;110409;+;235.7	119;110406;111398;+;223.1	120;111401;112684;+;206.6	111;103062;104141;+;118.3	109;100595;102592;+;345.5	149;137787;140963;-;57.9	conjscan	conjscan_only	A	7/7	canonical	1	0	unscoreable	3	0	1	150;140982;141689;-;214.6	302;273023;274438;+;200.0	301;271987;273033;+;168.3	167;160476;163157;-;156.8	303;274447;278436;+;103.1	120;111401;112684;+;206.6	167;160476;163157;-;73.5	174;168530;169315;-;69.5	152;142182;143690;-;62.3	149;137787;140963;-;57.9	109;100595;102592;+;101.4	168;163166;164116;-;45.4	109;100595;102592;+;98.9	A	9/9	split_3	173852	0	1	
NZ_KP899804.1	MPF_F	IncFIA(HI1);IncHI1A;IncHI1B(R27);IncQ1	235	0	0	GA	0															not_admitted	not_admitted	not_admitted	not_admitted	not_admitted	not_admitted	not_admitted	not_admitted	not_admitted	not_admitted	1	113;98519;99571;-;277.6	216;190533;191948;+;201.7	215;189497;190543;+;171.3	130;118592;121273;-;160.9	217;191957;195946;+;103.1	134;123621;124979;-;84.0	130;118592;121273;-;76.5	137;126646;127431;-;68.7	115;99716;101224;-;65.6	112;95320;98496;-;58.9	209;180478;182562;-;50.2	131;121282;122232;-;45.2	209;180478;182562;-;36.5	A	9/9	split_2	96637	0	1	
NZ_KP899805.1	MPF_F	IncFIA(HI1);IncHI1A;IncHI1B(R27);IncQ1	236	0	0	GA	0															not_admitted	not_admitted	not_admitted	not_admitted	not_admitted	not_admitted	not_admitted	not_admitted	not_admitted	not_admitted	1	106;89523;90575;-;277.6	211;182728;184143;+;201.7	210;181692;182738;+;171.3	123;109439;112120;-;160.9	212;184152;188141;+;103.1	127;114468;115826;-;84.0	123;109439;112120;-;76.5	130;117493;118278;-;68.7	108;90720;92228;-;65.6	105;86324;89500;-;58.9	204;172673;174757;-;50.2	124;112129;113079;-;45.2	204;172673;174757;-;36.5	A	9/9	split_2	97828	0	1	
NZ_KP899806.1	MPF_F	IncFIA(HI1);IncHI1A;IncHI1B(R27)	216	0	0	GA	0															not_admitted	not_admitted	not_admitted	not_admitted	not_admitted	not_admitted	not_admitted	not_admitted	not_admitted	not_admitted	1	85;72884;73936;-;277.6	195;169842;171257;+;201.7	194;168806;169852;+;171.3	102;92903;95584;-;160.9	196;171266;175255;+;103.1	106;97932;99290;-;85.7	102;92903;95584;-;76.5	109;100957;101742;-;68.7	87;74081;75589;-;65.6	84;69685;72861;-;58.9	188;159787;161871;-;50.2	103;95593;96543;-;45.2	188;159787;161871;-;36.5	A	9/9	split_2	101581	0	1	
NZ_KP900015.1	MPF_T	-	56	0	0	GA	1	27;26381;27091;-;101.0	26;26077;26370;-;41.2		25;23354;26065;-;78.0	25;23354;26065;-;57.1	24;22716;23357;-;71.2	37;34926;36011;-;71.0		36;34138;34926;-;74.6	35;33386;34123;-;149.0	34;32005;33384;-;180.8	33;30952;31989;-;92.0	29;27355;28872;-;35.6		pfam	both	A	7/7	rearranged	1	0	unscoreable	3	0	0														not_admitted	not_admitted	not_admitted	not_admitted	not_admitted	not_admitted	not_admitted
NZ_KP900016.1	MPF_F	IncFIB(pB171);IncFII(Yp);IncFII(pAR0022)	114	0	0	GA	0															not_admitted	not_admitted	not_admitted	not_admitted	not_admitted	not_admitted	not_admitted	not_admitted	not_admitted	not_admitted	1	96;77469;78461;+;369.4	104;83500;84543;+;247.3	100;81208;81957;+;218.2	93;73851;76481;+;285.5	105;84543;87365;+;336.5	87;70430;71641;+;86.7	93;73851;76481;+;98.6	85;69147;69713;+;169.9	97;78478;79107;+;66.9	98;79104;80957;+;260.5	108;88703;90904;+;384.8	88;71845;72384;+;67.5	108;88703;90904;+;63.9	A	9/9	contiguous	19556	1	1	87387..87818+;143;TraS;0
NZ_KP900017.1	MPF_T	IncN2	52	0	0	GA	1	44;37278;38060;-;33.2	42;36735;37031;-;36.0	41;36378;36695;-;71.9	40;33804;36377;-;118.0	40;33804;36377;-;74.2	39;33087;33788;-;98.9	37;31781;32818;-;121.9		36;30867;31562;-;127.6	35;29969;30856;-;142.7	34;28830;29969;-;172.5	33;27778;28779;-;90.1	18;12141;13673;+;46.3		pfam	both	A	7/7	canonical	1	0	unscoreable	2	0	0														not_admitted	not_admitted	not_admitted	not_admitted	not_admitted	not_admitted	not_admitted
NZ_KP975074.1	MPF_F	IncC	207	0	0	GA	0															not_admitted	not_admitted	not_admitted	not_admitted	not_admitted	not_admitted	not_admitted	not_admitted	not_admitted	not_admitted	1	2;1481;2278;-;241.3	108;79863;81296;-;339.2	109;81298;82326;-;221.7	7;5030;7477;-;354.5	107;76236;79850;-;375.3	12;15033;16349;-;135.0	7;5030;7477;-;128.3	14;17247;17873;-;92.7	4;2943;4208;-;67.9	206;165146;167944;-;145.3	23;21683;23548;-;47.3	11;14458;15036;-;100.2	23;21683;23548;-;52.0	A	9/9	split_3	163665	0	1	
NZ_KP975077.1	MPF_F	IncHI2;IncHI2A	341	0	0	GA	0															not_admitted	not_admitted	not_admitted	not_admitted	not_admitted	not_admitted	not_admitted	not_admitted	not_admitted	not_admitted	1	199;176268;177326;-;276.9	325;293065;294480;+;194.1	324;292029;293075;+;173.7	217;197965;200646;-;168.0	326;294489;298439;+;101.6	221;202976;204331;-;80.7	217;197965;200646;-;72.2	224;206055;206843;-;74.8	201;177468;178979;-;62.7	198;173061;176249;-;58.3	318;282904;284988;-;56.7	218;200655;201605;-;46.4	318;282904;284988;-;38.8	A	9/9	split_3	121428	0	1	
NZ_KP987216.1	MPF_T	IncX3	68	0	0	GA	1	55;45493;46137;-;46.4	54;45219;45509;-;73.1	53;42441;45194;-;47.0	53;42441;45194;-;142.4	53;42441;45194;-;73.3	52;41661;42431;-;60.1	50;40327;41382;-;133.2		49;39404;40132;-;119.4	48;38469;39398;-;138.8	47;37258;38472;-;128.3	45;36028;37062;-;65.7	44;34190;36025;-;495.9		pfam	pfam_only	A	7/7	canonical	1	1	unscoreable	2	0	0														not_admitted	not_admitted	not_admitted	not_admitted	not_admitted	not_admitted	not_admitted
NZ_KR059865.1	MPF_T	IncX3	68	0	0	GA	1	55;46039;46683;-;46.4	54;45765;46055;-;73.1	53;42987;45740;-;47.0	53;42987;45740;-;142.4	53;42987;45740;-;73.3	52;42207;42977;-;60.1	50;40873;41928;-;133.2		49;39950;40678;-;119.4	48;39015;39944;-;138.8	47;37804;39018;-;128.3	45;36574;37608;-;65.7	44;34736;36571;-;495.9		pfam	pfam_only	A	7/7	canonical	1	1	unscoreable	2	0	0														not_admitted	not_admitted	not_admitted	not_admitted	not_admitted	not_admitted	not_admitted
NZ_KR071788.1	MPF_T	-	59	0	0	GA	1	18;14799;15707;-;40.2	29;24559;24936;-;71.2	28;24263;24562;-;50.8	27;21607;24276;-;64.4	27;21607;24276;-;81.9	26;20945;21604;-;69.5	23;19427;20293;-;141.1		22;18756;19430;-;92.2	21;17949;18731;-;201.0	20;16727;17947;-;171.7	19;15694;16716;-;92.0	13;8877;10451;+;70.4		pfam	both	A	7/7	canonical	1	0	unscoreable	6	0	0														not_admitted	not_admitted	not_admitted	not_admitted	not_admitted	not_admitted	not_admitted
NZ_KR078259.1	MPF_F	IncFII	98	0	0	GA	0															not_admitted	not_admitted	not_admitted	not_admitted	not_admitted	not_admitted	not_admitted	not_admitted	not_admitted	not_admitted	1	66;51678;52670;+;369.5	78;61155;62024;+;282.5	71;55776;56519;+;234.4	63;48040;50670;+;304.1	80;62524;63795;+;355.5	56;43590;45041;+;94.2	63;48040;50670;+;97.1	54;42309;42875;+;174.3	68;53014;53652;+;68.6	69;53649;55499;+;266.1	86;67615;69672;+;391.4	59;45901;46416;+;78.4	86;67615;69672;+;70.5	A	9/9	contiguous	25306	1	1	63792..64454+;220;unnamed;0
NZ_KR091911.1	MPF_F	IncC	227	0	0	GA	0															not_admitted	not_admitted	not_admitted	not_admitted	not_admitted	not_admitted	not_admitted	not_admitted	not_admitted	not_admitted	1	154;123765;124772;-;332.9	56;39261;40694;-;339.2	57;40696;41724;-;221.7	159;127524;129971;-;354.2	55;35634;39248;-;372.8	168;141966;143282;-;135.0	159;127524;129971;-;128.6	170;144180;144806;-;92.1	156;125437;126702;-;67.6	152;120853;123312;-;145.9	179;148617;150482;-;47.4	167;141391;141969;-;100.2	179;148617;150482;-;52.0	A	9/9	split_2	112983	0	1	
NZ_KR091915.1	MPF_T	IncN	69	0	0	GA	1	52;43955;44695;-;34.8	50;43341;43631;-;45.9	49;42978;43292;-;65.3	48;40348;42978;-;125.4	48;40348;42978;-;87.4	47;39631;40338;-;114.7	45;38329;39372;-;127.4	44;38064;38234;-;44.9	43;37345;38061;-;145.6	42;36455;37342;-;144.5	41;35304;36458;-;175.4	40;34280;35311;-;78.1	29;18283;19860;+;50.6		pfam	both	A	7/7	canonical	1	0	ga	2	0	0														not_admitted	not_admitted	not_admitted	not_admitted	not_admitted	not_admitted	not_admitted
NZ_KR351290.1	MPF_F	IncFIB(S);IncFII(Yp);IncFII(pAR0022)	121	0	0	GA	0															not_admitted	not_admitted	not_admitted	not_admitted	not_admitted	not_admitted	not_admitted	not_admitted	not_admitted	not_admitted	1	66;52967;53959;+;367.3	74;58672;60291;+;376.0	70;56706;57455;+;218.2	63;49349;51979;+;285.5	75;60239;62863;+;300.3	57;45927;47321;+;89.4	63;49349;51979;+;98.6	55;44644;45210;+;169.9	67;53976;54605;+;66.9	68;54602;56455;+;260.5	78;64200;66446;+;384.7	58;47343;47882;+;67.5	78;64200;66446;+;63.8	A	9/9	contiguous	19556	1	1	62885..63316+;143;TraS;0
NZ_KR535992.1	MPF_F	-	97	0	0	GA	0															not_admitted	not_admitted	not_admitted	not_admitted	not_admitted	not_admitted	not_admitted	not_admitted	not_admitted	not_admitted	1	84;54955;55998;+;369.2	89;59981;61408;+;325.8	87;58767;59579;+;219.1	80;50667;53393;+;164.6	90;61424;64426;+;208.7	76;47669;48985;+;102.7	80;50667;53393;+;108.4	74;46378;46956;+;83.7	85;56013;56720;+;107.6	86;56717;58774;+;91.0	55;33509;35668;+;381.3	79;50013;50657;+;41.9	55;33509;35668;+;90.0	A	9/9	contiguous	27915	1	1	64498..65016+;172;unnamed;0
NZ_KR559888.1	MPF_F	IncC	200	0	0	GA	0															not_admitted	not_admitted	not_admitted	not_admitted	not_admitted	not_admitted	not_admitted	not_admitted	not_admitted	not_admitted	1	97;75087;76094;+;332.9	183;148886;150319;+;339.2	182;147856;148884;+;221.7	92;69888;72335;+;354.2	184;150332;153946;+;375.3	83;56577;57893;+;135.0	92;69888;72335;+;128.6	81;55053;55679;+;92.1	95;73157;74422;+;67.6	98;76210;79005;+;145.3	72;49378;51243;+;47.4	84;57890;58468;+;100.2	72;49378;51243;+;52.0	A	9/9	split_2	100954	0	1	
NZ_KR559889.1	MPF_F	IncC	189	0	0	GA	0															not_admitted	not_admitted	not_admitted	not_admitted	not_admitted	not_admitted	not_admitted	not_admitted	not_admitted	not_admitted	1	97;75087;76094;+;332.9	176;143034;144467;+;339.2	175;142004;143032;+;221.7	92;69888;72335;+;354.2	177;144480;148094;+;375.3	83;56577;57893;+;135.0	92;69888;72335;+;128.6	81;55053;55679;+;92.1	95;73157;74422;+;67.6	102;79344;81545;+;145.9	72;49378;51243;+;47.4	84;57890;58468;+;100.2	72;49378;51243;+;52.0	A	9/9	split_2	95102	0	1	
NZ_KR559890.1	MPF_F	IncC	192	0	0	GA	0															not_admitted	not_admitted	not_admitted	not_admitted	not_admitted	not_admitted	not_admitted	not_admitted	not_admitted	not_admitted	1	97;70845;71852;+;332.9	182;143860;145293;+;339.2	181;142830;143858;+;221.7	92;65646;68093;+;354.5	183;145306;148920;+;375.3	87;56774;58090;+;135.0	92;65646;68093;+;128.3	85;55250;55876;+;92.7	95;68915;70180;+;67.9	98;71968;74766;+;145.3	76;49575;51440;+;47.3	88;58087;58665;+;100.2	76;49575;51440;+;52.0	A	9/9	split_2	95731	0	1	
NZ_KR611317.1	MPF_F	-	136	0	0	GA	0															not_admitted	not_admitted	not_admitted	not_admitted	not_admitted	not_admitted	not_admitted	not_admitted	not_admitted	not_admitted	1	99;82124;83206;+;345.2	104;86766;88223;+;137.7	103;85901;86773;+;128.8	94;76581;79361;+;123.3	105;88299;91145;+;208.7	92;75035;76318;+;80.4	94;76581;79361;+;92.6	90;73665;74327;+;80.7	100;83260;83823;+;71.8	102;84849;85925;+;152.6	45;41889;43058;+;293.7		45;41889;43058;+;78.0	B	8/9	split_2	46410	1	1	91339..92115+;258;unnamed;0
NZ_KR653209.1	MPF_F	IncFII;IncHI2;IncHI2A	378	0	0	GA	0															not_admitted	not_admitted	not_admitted	not_admitted	not_admitted	not_admitted	not_admitted	not_admitted	not_admitted	not_admitted	1	85;68334;69326;+;369.3	94;74385;75761;+;381.0	89;72025;72798;+;234.0	82;64695;67325;+;303.5	95;75758;78583;+;386.0	73;59990;61417;+;94.3	82;64695;67325;+;98.5	71;58709;59275;+;183.8	86;69335;69973;+;68.7	87;69970;71778;+;268.0	98;80087;82348;+;391.6	77;62545;63060;+;78.6	98;80087;82348;+;70.3	A	9/9	contiguous	21378	1	1	78580..79089+;169;unnamed;0
NZ_KR779901.1	MPF_T	repUS18	40	0	0	GA	1		33;28842;29150;-;67.6	32;28514;28831;-;84.6	31;26067;28517;-;142.6	31;26067;28517;-;84.6	30;25402;26046;-;97.0	28;24116;25129;-;161.4		26;23010;23768;-;142.8	25;22186;23007;-;197.9	24;20996;22186;-;188.9	23;19981;21018;-;83.0	22;18090;20018;-;402.6		pfam	both	A	7/7	canonical	1	0	unscoreable	2	0	0														not_admitted	not_admitted	not_admitted	not_admitted	not_admitted	not_admitted	not_admitted
NZ_KR822247.1	MPF_T	IncX3	86	0	0	GA	1	73;67572;68216;-;47.4	72;67298;67588;-;71.9	71;64520;67273;-;45.2	71;64520;67273;-;148.7	71;64520;67273;-;73.6	70;63755;64510;-;60.2	68;62425;63480;-;128.6		67;61502;62230;-;118.8	66;60567;61496;-;139.6	65;59356;60570;-;128.3	64;58126;59160;-;65.5	63;56288;58123;-;497.4		pfam	pfam_only	A	7/7	canonical	1	1	unscoreable	1	0	0														not_admitted	not_admitted	not_admitted	not_admitted	not_admitted	not_admitted	not_admitted
NZ_KR827684.1	MPF_F	IncFIB(AP001918);IncFIC(FII)	152	0	0	GA	0															not_admitted	not_admitted	not_admitted	not_admitted	not_admitted	not_admitted	not_admitted	not_admitted	not_admitted	not_admitted	1	89;88028;89020;-;369.3	78;80969;82342;-;378.0	85;84556;85299;-;234.1	92;90029;92656;-;305.4	77;78150;80972;-;389.5	99;94711;96138;-;94.3	92;90029;92656;-;98.5	101;96853;97419;-;183.8	88;87381;88019;-;68.4	87;85576;87384;-;268.4	74;74468;76621;-;391.9	95;93172;93687;-;78.4	74;74468;76621;-;70.4	A	9/9	contiguous	22385	1	1	77637..78128-;163;TraS;0
NZ_KT002541.1	MPF_F	IncFII	89	0	0	GA	0															not_admitted	not_admitted	not_admitted	not_admitted	not_admitted	not_admitted	not_admitted	not_admitted	not_admitted	not_admitted	1	61;54613;55605;+;369.3	70;60667;62040;+;381.0	65;58304;59077;+;233.8	58;50974;53604;+;303.5	71;62037;64862;+;386.0	51;46269;47696;+;94.3	58;50974;53604;+;98.5	49;44988;45554;+;183.8	62;55614;56252;+;68.7	63;56249;58057;+;268.0	74;66366;68591;+;391.7	55;48824;49339;+;78.6	74;66366;68591;+;70.3	A	9/9	contiguous	21378	1	1	64859..65368+;169;unnamed;0
NZ_KT005457.1	MPF_T	ColKP3;IncX3	65	0	0	GA	1	3;2256;2900;+;46.4	4;2884;3174;+;73.1	5;3199;5952;+;47.0	5;3199;5952;+;142.4	5;3199;5952;+;73.3	6;5962;6732;+;60.1	8;7011;8066;+;132.8		9;8261;8989;+;119.4	10;8995;9924;+;138.8	11;9921;11135;+;128.3	13;11331;12365;+;65.7	14;12368;14203;+;495.9		pfam	pfam_only	A	7/7	canonical	1	1	unscoreable	2	0	0														not_admitted	not_admitted	not_admitted	not_admitted	not_admitted	not_admitted	not_admitted
NZ_KT033469.1	MPF_F	-	208	0	0	GA	0															not_admitted	not_admitted	not_admitted	not_admitted	not_admitted	not_admitted	not_admitted	not_admitted	not_admitted	not_admitted	1	86;79980;80987;+;335.4	195;169571;171013;+;315.1	194;168530;169567;+;218.9	81;74774;77218;+;338.0	196;171026;174580;+;368.8	74;64702;66027;+;127.9	81;74774;77218;+;126.9	72;63181;63816;+;85.4	84;78050;79315;+;65.1	87;80997;83771;+;134.2	61;56038;57909;+;46.2	75;66024;66590;+;91.1	61;56038;57909;+;53.0	A	9/9	split_2	114988	0	1	
NZ_KT033470.1	MPF_F	-	184	0	0	GA	0															not_admitted	not_admitted	not_admitted	not_admitted	not_admitted	not_admitted	not_admitted	not_admitted	not_admitted	not_admitted	1	63;59671;60678;+;335.4	172;151761;153203;+;315.1	171;150720;151757;+;219.0	58;54470;56914;+;336.1	173;153216;156770;+;369.3	53;45618;46943;+;127.8	58;54470;56914;+;128.2	51;44097;44732;+;85.4	61;57741;59006;+;64.4	64;60688;63462;+;134.0	46;39703;41574;+;46.2	54;46940;47506;+;92.1	46;39703;41574;+;53.0	A	9/9	split_2	113513	0	1	
NZ_KT148595.1	MPF_T	IncN3	65	0	0	GA	1	57;49350;50132;-;33.0	55;48807;49103;-;36.0	54;48450;48767;-;71.9	53;45876;48449;-;117.9	53;45876;48449;-;74.2	52;45159;45860;-;99.8	50;43853;44890;-;122.7	49;43645;43776;-;40.1	48;42939;43634;-;132.6	47;42041;42928;-;151.1	46;40908;42041;-;166.3	45;39856;40857;-;90.0	39;32636;34168;+;48.1		pfam	both	A	7/7	canonical	1	0	ga	7	0	0														not_admitted	not_admitted	not_admitted	not_admitted	not_admitted	not_admitted	not_admitted
NZ_KT185451.1	MPF_F	IncFII(pHN7A8);IncR	191	0	0	GA	0															not_admitted	not_admitted	not_admitted	not_admitted	not_admitted	not_admitted	not_admitted	not_admitted	not_admitted	not_admitted	1	68;53000;53992;+;369.5	81;60825;62198;+;376.8	76;58516;59259;+;234.4	65;49364;51991;+;301.8	82;62195;65011;+;376.7	60;45882;47309;+;94.1	65;49364;51991;+;101.8	58;44601;45167;+;183.8	71;54938;55576;+;70.4	74;56389;58239;+;265.0	86;67312;69528;+;391.7	64;48333;48848;+;77.6	86;67312;69528;+;70.3	A	9/9	contiguous	22711	1	1	65044..65565+;173;unnamed;0
NZ_KT203286.1	MPF_F	IncFIB(K);IncFII(K);IncFII(pAR0022)	211	0	0	GA	0															not_admitted	not_admitted	not_admitted	not_admitted	not_admitted	not_admitted	not_admitted	not_admitted	not_admitted	not_admitted	1	70;90236;91228;-;366.6	60;83333;84700;-;381.2	64;85958;86710;-;233.7	72;92243;94882;-;258.7	59;80484;83333;-;345.6	81;98697;100121;-;89.2	72;92243;94882;-;88.8	83;100848;101414;-;167.0	69;89585;90223;-;67.0	68;87582;89588;-;259.6	55;75686;77998;-;392.7	79;97516;98085;-;49.7	55;75686;77998;-;66.6	A	9/9	contiguous	25162	1	1	79923..80471-;182;unnamed;0
NZ_KT225520.1	MPF_F	IncFII(Yp)	201	0	0	GA	0															not_admitted	not_admitted	not_admitted	not_admitted	not_admitted	not_admitted	not_admitted	not_admitted	not_admitted	not_admitted	1	134;98752;99744;+;370.3	142;104484;105854;+;377.9	138;102518;103267;+;220.3	131;95134;97764;+;282.7	143;105854;108718;+;334.5	125;91868;93262;+;90.9	131;95134;97764;+;98.6	123;90585;91151;+;170.1	135;99761;100390;+;66.9	136;100387;102267;+;260.1	146;110343;112508;+;383.6	126;93284;93823;+;65.9	146;110343;112508;+;63.4	A	9/9	contiguous	19758	1	1	108735..109166+;143;TraS;1
NZ_KT334335.1	MPF_F	IncHI2;IncHI2A	267	0	0	GA	0															not_admitted	not_admitted	not_admitted	not_admitted	not_admitted	not_admitted	not_admitted	not_admitted	not_admitted	not_admitted	1	224;197840;198898;-;276.9	68;57011;58426;+;194.1	67;55975;57021;+;174.3	240;218470;221151;-;168.0	69;58435;62388;+;101.7	244;223481;224836;-;80.7	240;218470;221151;-;72.2	247;226560;227348;-;74.8	226;199040;200551;-;62.0	223;194633;197821;-;57.3	60;46849;48933;-;56.8	241;221160;222110;-;46.1	60;46849;48933;-;38.8	A	9/9	split_2	179711	1	1	62569..63858+;429;unnamed;0
NZ_KT345947.1	MPF_T	IncN3	55	0	0	GA	1	45;37619;38401;-;33.3	43;37076;37372;-;36.0	42;36719;37036;-;71.9	41;34145;36718;-;118.0	41;34145;36718;-;74.2	40;33428;34129;-;98.9	38;32122;33159;-;121.9	37;31914;32045;-;40.1	36;31208;31903;-;132.6	35;30310;31197;-;147.8	34;29177;30310;-;166.3	33;28125;29126;-;90.1	18;12117;13649;+;52.0		pfam	both	A	7/7	canonical	1	0	ga	2	0	0														not_admitted	not_admitted	not_admitted	not_admitted	not_admitted	not_admitted	not_admitted
NZ_KT347600.1	MPF_F	IncHI2;IncHI2A	292	0	0	GA	0															not_admitted	not_admitted	not_admitted	not_admitted	not_admitted	not_admitted	not_admitted	not_admitted	not_admitted	not_admitted	1	249;225748;226806;-;276.9	68;57008;58423;+;194.1	67;55972;57018;+;174.3	265;246377;249058;-;168.0	69;58432;62385;+;101.7	99;84873;86189;+;135.0	265;246377;249058;-;72.2	97;83349;83975;+;92.1	251;226948;228459;-;62.0	248;222541;225729;-;57.3	60;46846;48930;-;56.8	100;86186;86764;+;100.2	88;77674;79539;+;52.0	A	9/9	split_2	199531	1	1	62566..63855+;429;unnamed;0
NZ_KT351734.1	MPF_T	-	175	0	0	GA	0															not_admitted	not_admitted	not_admitted	not_admitted	not_admitted	not_admitted	not_admitted	not_admitted	not_admitted	not_admitted	1	49;42825;43829;+;368.1	54;47651;49015;+;326.4	52;46268;47038;+;194.8	45;38598;41189;+;221.9	55;49017;52004;+;275.9		45;38598;41189;+;84.0	35;33736;34299;+;140.7	50;43837;44451;+;80.1	51;44448;46271;+;252.4	59;53860;55593;+;374.7	43;37830;38378;+;46.1	59;53860;55593;+;75.7	A	9/9	contiguous	20124	1	1	52048..52638+;196;unnamed;0
NZ_KT362706.1	MPF_T	IncX3	71	0	0	GA	1	58;55208;55852;-;46.4	57;54934;55224;-;73.1	56;52156;54909;-;47.0	56;52156;54909;-;145.4	56;52156;54909;-;73.3	55;51376;52146;-;60.1	53;50042;51097;-;133.2		52;49119;49847;-;119.4	51;48184;49113;-;138.8	50;46973;48187;-;128.3	48;45743;46777;-;65.7	47;43905;45740;-;495.9		pfam	pfam_only	A	7/7	canonical	1	1	unscoreable	2	0	0														not_admitted	not_admitted	not_admitted	not_admitted	not_admitted	not_admitted	not_admitted
NZ_KT725788.1	MPF_F	IncFII	106	0	0	GA	0															not_admitted	not_admitted	not_admitted	not_admitted	not_admitted	not_admitted	not_admitted	not_admitted	not_admitted	not_admitted	1	46;39326;40318;+;369.5	56;46097;47470;+;381.7	51;43424;44167;+;234.4	43;35687;38317;+;304.1	57;47467;50289;+;374.0	36;31237;32688;+;94.2	43;35687;38317;+;97.1	34;29956;30522;+;174.3	48;40662;41300;+;68.6	49;41297;43147;+;266.1	61;52561;54813;+;391.1	39;33548;34063;+;78.4	61;52561;54813;+;70.3	A	9/9	contiguous	22605	1	1	50311..50790+;159;TraS;0
NZ_KT725789.1	MPF_F	IncFII	99	0	0	GA	0															not_admitted	not_admitted	not_admitted	not_admitted	not_admitted	not_admitted	not_admitted	not_admitted	not_admitted	not_admitted	1	46;39326;40318;+;369.5	56;46097;47470;+;381.7	51;43424;44167;+;234.4	43;35687;38317;+;304.1	57;47467;50289;+;374.0	36;31237;32688;+;94.2	43;35687;38317;+;97.1	34;29956;30522;+;174.3	48;40662;41300;+;68.6	49;41297;43147;+;266.1	61;52561;54813;+;391.1	39;33548;34063;+;78.4	61;52561;54813;+;70.3	A	9/9	contiguous	22605	1	1	50311..50790+;159;TraS;0
NZ_KT754160.1	MPF_F	IncFIA;IncFIB(pB171);IncFIC(FII)	149	0	0	GA	0															not_admitted	not_admitted	not_admitted	not_admitted	not_admitted	not_admitted	not_admitted	not_admitted	not_admitted	not_admitted	1	97;79081;80073;+;369.3	106;85135;86508;+;381.0	101;82802;83545;+;233.3	94;75445;78072;+;305.4	107;86505;89327;+;389.2	88;71963;73390;+;94.7	94;75445;78072;+;98.5	86;70682;71248;+;183.4	98;80082;80720;+;68.6	99;80717;82525;+;267.6	110;90861;93086;+;391.7	92;74414;74929;+;76.7	110;90861;93086;+;70.3	A	9/9	contiguous	20179	1	1	89348..89845+;165;TraS;1
NZ_KT754161.1	MPF_F	IncFII(pSE11)	91	0	0	GA	0															not_admitted	not_admitted	not_admitted	not_admitted	not_admitted	not_admitted	not_admitted	not_admitted	not_admitted	not_admitted	1	35;37239;38225;-;355.4	30;31646;33007;-;342.6	32;33639;34418;-;195.4	38;39318;41909;-;215.3	29;28741;31644;-;287.0	43;43498;44862;-;83.1	38;39318;41909;-;88.2	45;45579;46142;-;136.5	34;36250;36864;-;77.5	33;34415;36253;-;256.7	26;24887;27118;-;371.9	39;41920;42519;-;46.6	26;24887;27118;-;68.9	A	9/9	contiguous	20692	1	1	28174..28731-;185;unnamed;0
NZ_KT754163.1	MPF_T	IncX1	64	0	0	GA	1	26;18927;19454;+;47.7	27;19550;19846;+;77.5	28;19865;22618;+;46.6	28;19865;22618;+;147.7	28;19865;22618;+;75.3	29;22629;23387;+;67.3	31;23625;24758;+;106.4		32;25004;25717;+;120.7	33;25722;26651;+;134.2	34;26648;27853;+;132.5	35;27855;28886;+;76.5	36;28889;30724;+;487.2		pfam	pfam_only	A	7/7	canonical	1	1	unscoreable	1	0	0														not_admitted	not_admitted	not_admitted	not_admitted	not_admitted	not_admitted	not_admitted
NZ_KT754164.1	MPF_F	IncFIA;IncFII(pRSB107)	130	0	0	GA	0															not_admitted	not_admitted	not_admitted	not_admitted	not_admitted	not_admitted	not_admitted	not_admitted	not_admitted	not_admitted	1	65;58661;59653;-;369.5	52;49529;50902;-;386.6	60;54812;55555;-;231.4	68;60662;63289;-;303.9	51;46713;49532;-;386.7	74;65174;66625;-;94.1	68;60662;63289;-;96.5	76;67340;67801;-;153.7	63;57679;58317;-;68.7	62;55832;57682;-;266.7	47;42249;44456;-;391.8	71;63805;64320;-;75.2	47;42249;44456;-;70.3	A	9/9	contiguous	25091	1	1	46197..46688-;163;TraS;0
NZ_KT818627.1	MPF_F	IncFII;IncR	196	0	0	GA	0															not_admitted	not_admitted	not_admitted	not_admitted	not_admitted	not_admitted	not_admitted	not_admitted	not_admitted	not_admitted	1	78;69038;70030;+;369.5		191;168924;169667;+;234.4	75;65399;68029;+;305.4	1;288;3110;+;374.0	68;60949;62400;+;94.2	75;65399;68029;+;97.1	66;59668;60234;+;174.3	188;166162;166800;+;68.6	189;166797;168647;+;266.1	5;5382;7661;+;391.0	71;63260;63775;+;78.4	5;5382;7661;+;70.3	B	8/9	split_3	168636	1	1	3132..3611+;159;TraS;0
NZ_KT824791.1	MPF_T	IncX3	58	0	0	GA	1	43;36618;37262;-;46.4	42;36344;36634;-;73.1	41;33566;36319;-;47.0	41;33566;36319;-;142.4	41;33566;36319;-;73.3	40;32786;33556;-;60.1	38;31452;32507;-;133.2		37;30528;31256;-;119.4	36;29593;30522;-;138.8	35;28382;29596;-;128.3	33;27152;28186;-;65.7	32;25314;27149;-;495.9		pfam	pfam_only	A	7/7	canonical	1	1	unscoreable	2	0	0														not_admitted	not_admitted	not_admitted	not_admitted	not_admitted	not_admitted	not_admitted
NZ_KT845955.1	MPF_F	IncFII(pSE11);IncR;repUS18	126	0	0	GA	0															not_admitted	not_admitted	not_admitted	not_admitted	not_admitted	not_admitted	not_admitted	not_admitted	not_admitted	not_admitted	1	64;62002;62994;-;368.1	52;54187;55563;-;376.7	56;56781;57524;-;234.4	67;64003;66633;-;306.8	51;51371;54190;-;374.1	79;71774;73201;-;94.7	67;64003;66633;-;99.7	81;73916;74482;-;183.8	61;60421;61059;-;70.8	58;57801;59609;-;268.0	47;46884;49100;-;391.7	75;70137;70652;-;76.9	47;46884;49100;-;70.3	A	9/9	contiguous	27032	1	1	50855..51346-;163;TraS;0
NZ_KT879914.1	MPF_F	IncFII(pHN7A8)	95	0	0	GA	0															not_admitted	not_admitted	not_admitted	not_admitted	not_admitted	not_admitted	not_admitted	not_admitted	not_admitted	not_admitted	1	59;46913;47905;+;369.5	72;54738;56111;+;376.8	67;52429;53172;+;234.4	56;43277;45904;+;301.8	73;56108;58924;+;376.7	51;39795;41222;+;94.1	56;43277;45904;+;101.8	49;38514;39080;+;183.8	62;48851;49489;+;70.4	65;50302;52152;+;265.0	77;61225;63441;+;391.7	55;42246;42761;+;78.0	77;61225;63441;+;70.3	A	9/9	contiguous	22711	1	1	58957..59478+;173;unnamed;0
NZ_KT896504.1	MPF_F	IncFIB(K);IncFII(K)	210	0	0	GA	0															not_admitted	not_admitted	not_admitted	not_admitted	not_admitted	not_admitted	not_admitted	not_admitted	not_admitted	not_admitted	1	149;132332;133321;-;363.3	138;125146;126513;-;383.5	142;127771;128523;-;233.7	153;134778;137417;-;259.0	137;122324;125146;-;346.5	164;141385;142809;-;88.0	153;134778;137417;-;88.7	166;143536;144102;-;167.9	147;131409;132056;-;66.9	146;129395;131350;-;259.7	133;117394;119706;-;392.8	161;140189;140773;-;53.8	133;117394;119706;-;65.9	A	9/9	contiguous	26142	1	1	121699..122301-;200;TraS;0
NZ_KT935446.1	MPF_T	IncC	202	0	0	GA	1	194;165421;165954;+;34.1	77;62359;62745;+;85.3	78;62742;63011;+;32.5	79;63024;65474;+;37.9	79;63024;65474;+;125.2	80;65471;66214;+;226.6	82;66550;67917;+;177.3		83;67936;68640;+;235.9	84;68637;69629;+;223.0	85;69632;70912;+;208.0	76;61292;62362;+;118.3	74;58825;60822;+;333.6		conjscan	conjscan_only	A	7/7	canonical	1	0	unscoreable	3	0	0														not_admitted	not_admitted	not_admitted	not_admitted	not_admitted	not_admitted	not_admitted
NZ_KT982613.1	MPF_T	IncN	66	0	0	GA	1	47;36855;37589;-;32.5		44;35895;36212;-;63.3	43;33295;35895;-;113.8	43;33295;35895;-;76.4	42;32564;33277;-;105.5	40;31273;32313;-;142.4		39;30356;31054;-;131.9	38;29461;30345;-;159.7	37;28301;29461;-;156.3	36;27264;28259;-;81.2	23;14457;15986;+;38.5		pfam	both	A	7/7	canonical	1	0	unscoreable	3	0	0														not_admitted	not_admitted	not_admitted	not_admitted	not_admitted	not_admitted	not_admitted
NZ_KT982614.1	MPF_T	IncN	70	0	0	GA	1	51;40314;41048;-;32.5		48;39354;39671;-;63.3	47;36754;39354;-;113.8	47;36754;39354;-;76.4	46;36023;36736;-;105.5	44;34732;35772;-;142.4		43;33815;34513;-;131.9	42;32920;33804;-;159.7	41;31760;32920;-;156.3	40;30723;31718;-;81.2	23;14446;15975;+;38.5		pfam	both	A	7/7	canonical	1	0	unscoreable	3	0	0														not_admitted	not_admitted	not_admitted	not_admitted	not_admitted	not_admitted	not_admitted
NZ_KT982615.1	MPF_T	IncN	69	0	0	GA	1	51;40314;41048;-;32.5		48;39354;39671;-;63.3	47;36754;39354;-;113.8	47;36754;39354;-;76.4	46;36023;36736;-;105.5	44;34732;35772;-;142.4		43;33815;34513;-;131.9	42;32920;33804;-;159.7	41;31760;32920;-;156.3	40;30723;31718;-;81.2	23;14446;15975;+;38.5		pfam	both	A	7/7	canonical	1	0	unscoreable	3	0	0														not_admitted	not_admitted	not_admitted	not_admitted	not_admitted	not_admitted	not_admitted
NZ_KT982616.1	MPF_T	IncN	69	0	0	GA	1	51;40314;41048;-;32.5		48;39354;39671;-;63.3	47;36754;39354;-;113.8	47;36754;39354;-;76.4	46;36023;36736;-;105.5	44;34732;35772;-;142.4		43;33815;34513;-;131.9	42;32920;33804;-;159.7	41;31760;32920;-;156.3	40;30723;31718;-;81.2	23;14446;15975;+;38.5		pfam	both	A	7/7	canonical	1	0	unscoreable	3	0	0														not_admitted	not_admitted	not_admitted	not_admitted	not_admitted	not_admitted	not_admitted
NZ_KT982617.1	MPF_T	IncN	69	0	0	GA	1	51;40314;41048;-;32.5		48;39354;39671;-;63.3	47;36754;39354;-;113.8	47;36754;39354;-;76.4	46;36023;36736;-;105.5	44;34732;35772;-;142.4		43;33815;34513;-;131.9	42;32920;33804;-;159.7	41;31760;32920;-;156.3	40;30723;31718;-;81.2	23;14446;15975;+;38.5		pfam	both	A	7/7	canonical	1	0	unscoreable	3	0	0														not_admitted	not_admitted	not_admitted	not_admitted	not_admitted	not_admitted	not_admitted
NZ_KT982618.1	MPF_T	IncN	66	0	0	GA	1	48;37454;38188;-;32.5		45;36494;36811;-;63.3	44;33894;36494;-;113.8	44;33894;36494;-;76.4	43;33163;33876;-;105.5	41;31872;32912;-;142.4		40;30955;31653;-;131.9	39;30060;30944;-;159.7	38;28900;30060;-;156.3	37;27863;28858;-;81.2	23;14446;15975;+;38.5		pfam	both	A	7/7	canonical	1	0	unscoreable	3	0	0														not_admitted	not_admitted	not_admitted	not_admitted	not_admitted	not_admitted	not_admitted
NZ_KT989376.1	MPF_T	IncN	70	0	0	GA	1	51;40314;41048;-;32.5		48;39354;39671;-;63.3	47;36754;39354;-;113.8	47;36754;39354;-;76.4	46;36023;36736;-;105.5	44;34732;35772;-;142.4		43;33815;34513;-;131.9	42;32920;33804;-;159.7	41;31760;32920;-;156.3	40;30723;31718;-;81.2	23;14446;15975;+;38.5		pfam	both	A	7/7	canonical	1	0	unscoreable	3	0	0														not_admitted	not_admitted	not_admitted	not_admitted	not_admitted	not_admitted	not_admitted
NZ_KT989598.1	MPF_T	IncN	71	0	0	GA	1	52;40534;41268;-;32.5		49;39574;39891;-;63.3	48;36974;39574;-;113.8	48;36974;39574;-;76.4	47;36243;36956;-;105.5	45;34952;35992;-;142.4		44;34035;34733;-;131.9	43;33140;34024;-;159.7	42;31980;33140;-;156.3	41;30943;31938;-;81.2	23;14457;15986;+;38.5		pfam	both	A	7/7	canonical	1	0	unscoreable	3	0	0														not_admitted	not_admitted	not_admitted	not_admitted	not_admitted	not_admitted	not_admitted
NZ_KT990220.1	MPF_F	IncFII(pHN7A8);IncX1	121	0	0	GA	0															not_admitted	not_admitted	not_admitted	not_admitted	not_admitted	not_admitted	not_admitted	not_admitted	not_admitted	not_admitted	1	94;80729;81721;+;369.5	107;88554;89927;+;376.8	102;86245;86988;+;234.4	91;77093;79720;+;301.8	108;89924;92740;+;376.7	86;73611;75038;+;94.1	91;77093;79720;+;101.8	84;72330;72896;+;183.8	97;82667;83305;+;70.4	100;84118;85968;+;265.0	112;95041;97239;+;391.7	90;76062;76577;+;78.0	112;95041;97239;+;70.3	A	9/9	contiguous	22711	1	1	92773..93294+;173;unnamed;0
NZ_KT997783.1	MPF_F	IncC	172	0	0	GA	0															not_admitted	not_admitted	not_admitted	not_admitted	not_admitted	not_admitted	not_admitted	not_admitted	not_admitted	not_admitted	1	116;90593;91600;+;332.9	6;5779;7212;+;339.2	5;4749;5777;+;221.7	111;85394;87841;+;354.5	7;7225;10839;+;374.5	106;76522;77838;+;135.0	111;85394;87841;+;128.3	104;74998;75624;+;92.7	114;88663;89928;+;67.9	117;91716;94514;+;145.3	95;69323;71188;+;47.3	107;77835;78413;+;100.2	95;69323;71188;+;52.0	A	9/9	split_2	86967	0	1	
NZ_KU043115.1	MPF_F	IncFIA;IncFII	132	0	0	GA	0															not_admitted	not_admitted	not_admitted	not_admitted	not_admitted	not_admitted	not_admitted	not_admitted	not_admitted	not_admitted	1	122;115793;116785;+;371.6	131;121847;123220;+;380.7	126;119514;120257;+;233.3	119;112157;114784;+;303.5		113;108571;109998;+;91.9	119;112157;114784;+;99.0	111;107290;107856;+;182.9	123;116794;117432;+;64.9	124;117429;119237;+;268.2	4;3186;5420;+;391.7	118;111126;111641;+;76.4	4;3186;5420;+;70.3	B	8/9	split_2	118661	0	1	
NZ_KU051707.1	MPF_T	IncN	66	0	0	GA	1	48;37227;37961;-;32.5		45;36267;36584;-;63.3	44;33667;36267;-;113.8	44;33667;36267;-;76.4	43;32936;33649;-;105.5	41;31645;32685;-;142.4		40;30728;31426;-;131.9	39;29833;30717;-;159.7	38;28673;29833;-;156.3	37;27636;28631;-;81.2	23;14457;15986;+;38.5		pfam	both	A	7/7	canonical	1	0	unscoreable	3	0	0														not_admitted	not_admitted	not_admitted	not_admitted	not_admitted	not_admitted	not_admitted
NZ_KU051708.1	MPF_T	IncN	66	0	0	GA	1	48;37334;38068;-;32.5		45;36374;36691;-;63.3	44;33774;36374;-;113.8	44;33774;36374;-;76.4	43;33043;33756;-;105.5	41;31752;32792;-;142.4		40;30835;31533;-;131.9	39;29940;30824;-;159.7	38;28780;29940;-;156.3	37;27743;28738;-;81.2	23;14456;15985;+;38.5		pfam	both	A	7/7	canonical	1	0	unscoreable	3	0	0														not_admitted	not_admitted	not_admitted	not_admitted	not_admitted	not_admitted	not_admitted
NZ_KU051709.1	MPF_T	IncN	66	0	0	GA	1	48;37465;38199;-;32.5		45;36505;36822;-;63.3	44;33905;36505;-;113.8	44;33905;36505;-;76.4	43;33174;33887;-;105.5	41;31883;32923;-;142.4		40;30966;31664;-;131.9	39;30071;30955;-;159.7	38;28911;30071;-;156.3	37;27874;28869;-;81.2	23;14457;15986;+;38.5		pfam	both	A	7/7	canonical	1	0	unscoreable	3	0	0														not_admitted	not_admitted	not_admitted	not_admitted	not_admitted	not_admitted	not_admitted
NZ_KU051710.1	MPF_T	IncN	65	0	0	GA	1	48;37020;37754;-;32.5		45;36060;36377;-;63.3	44;33460;36060;-;113.8	44;33460;36060;-;76.4	43;32729;33442;-;105.5	41;31438;32478;-;142.4		40;30521;31219;-;131.9	39;29626;30510;-;159.7	38;28466;29626;-;156.3	37;27429;28424;-;81.2	23;14457;15986;+;38.5		pfam	both	A	7/7	canonical	1	0	unscoreable	3	0	0														not_admitted	not_admitted	not_admitted	not_admitted	not_admitted	not_admitted	not_admitted
NZ_KU140623.1	MPF_T	-	312	0	0	GA	1		309;295012;295395;-;69.5	308;294720;295019;-;64.2	307;292255;294711;-;170.1	307;292255;294711;-;121.9	306;291480;292283;-;49.5	304;290121;291305;-;109.5		303;289442;290104;-;135.8	302;288612;289424;-;185.9	300;286878;288161;-;221.1	310;295385;296362;-;130.9	287;275407;277332;-;564.4		conjscan	conjscan_only	A	7/7	canonical	1	0	unscoreable	15	0	0														not_admitted	not_admitted	not_admitted	not_admitted	not_admitted	not_admitted	not_admitted
NZ_KU167608.1	MPF_T	IncX3	58	0	0	GA	1	43;36616;37260;-;46.4	42;36342;36632;-;73.1	41;33564;36317;-;47.0	41;33564;36317;-;142.4	41;33564;36317;-;73.3	40;32784;33554;-;60.1	38;31450;32505;-;133.2		37;30527;31255;-;119.4	36;29592;30521;-;138.8	35;28381;29595;-;128.3	33;27151;28185;-;65.7	32;25313;27148;-;495.9		pfam	pfam_only	A	7/7	canonical	1	1	unscoreable	2	0	0														not_admitted	not_admitted	not_admitted	not_admitted	not_admitted	not_admitted	not_admitted
NZ_KU167609.1	MPF_T	IncX3	58	0	0	GA	1	43;36616;37260;-;46.4	42;36342;36632;-;73.1	41;33564;36317;-;47.0	41;33564;36317;-;142.4	41;33564;36317;-;73.3	40;32784;33554;-;60.1	38;31450;32505;-;133.2		37;30527;31255;-;119.4	36;29592;30521;-;138.8	35;28381;29595;-;128.3	33;27151;28185;-;65.7	32;25313;27148;-;495.9		pfam	pfam_only	A	7/7	canonical	1	1	unscoreable	2	0	0														not_admitted	not_admitted	not_admitted	not_admitted	not_admitted	not_admitted	not_admitted
NZ_KU254577.1	MPF_F	-	341	0	0	GA	0															not_admitted	not_admitted	not_admitted	not_admitted	not_admitted	not_admitted	not_admitted	not_admitted	not_admitted	not_admitted	1	287;216953;217990;+;310.6	311;239779;241230;+;261.8	310;238779;239789;+;226.5	307;235149;237596;+;165.7	312;241239;244988;+;234.4	304;232867;234066;+;123.7	307;235149;237596;+;111.3	302;231390;232022;+;109.2	288;217938;218669;+;101.4	320;251374;252969;+;237.8	298;227512;229272;-;33.2	305;234081;234689;+;80.5	298;227512;229272;-;25.8	A	9/9	contiguous	34421	0	1	
NZ_KU254578.1	MPF_F	IncHI2;IncHI2A	242	0	0	GA	0															not_admitted	not_admitted	not_admitted	not_admitted	not_admitted	not_admitted	not_admitted	not_admitted	not_admitted	not_admitted	1	201;177297;178355;-;276.9	71;59533;60948;+;194.1	70;58497;59543;+;174.3	217;200197;202878;-;168.0	72;60957;64910;+;101.6	222;206546;207901;-;80.7	217;200197;202878;-;72.2	225;209625;210413;-;74.8	203;178497;180008;-;62.0	200;174090;177278;-;57.3	63;49371;51455;-;56.8	218;202887;203837;-;46.1	63;49371;51455;-;38.8	A	9/9	split_3	160254	1	1	65091..66380+;429;unnamed;0
NZ_KU254579.1	MPF_F	IncFII(29)	77	0	0	GA	0															not_admitted	not_admitted	not_admitted	not_admitted	not_admitted	not_admitted	not_admitted	not_admitted	not_admitted	not_admitted	1	22;24255;25247;-;369.3	13;17820;19193;-;381.0	18;20783;21526;-;233.3	25;26256;28886;-;303.5	12;14998;17823;-;389.2	31;31909;33336;-;94.7	25;26256;28886;-;98.5	33;34051;34617;-;183.8	21;23608;24246;-;64.0	20;21803;23611;-;268.0	9;11273;13495;-;389.1	28;30510;31025;-;76.4	9;11273;13495;-;70.3	A	9/9	contiguous	22778	1	1	14492..15001-;169;unnamed;0
NZ_KU254580.1	MPF_T	IncX1	59	0	0	GA	1	19;18220;18864;-;47.1	18;17946;18236;-;73.5	17;15163;17922;-;44.8	17;15163;17922;-;133.3	17;15163;17922;-;71.9	16;14424;15161;-;57.5	14;13087;14142;-;131.7		13;12175;12897;-;116.0	12;11240;12169;-;132.4	11;10029;11243;-;128.6	10;8974;10011;-;66.4	9;7134;8969;-;543.4		pfam	pfam_only	A	7/7	canonical	1	1	unscoreable	1	0	0														not_admitted	not_admitted	not_admitted	not_admitted	not_admitted	not_admitted	not_admitted
NZ_KU288634.1	MPF_F	IncFII	89	0	0	GA	0															not_admitted	not_admitted	not_admitted	not_admitted	not_admitted	not_admitted	not_admitted	not_admitted	not_admitted	not_admitted	1	66;53960;54952;+;369.5	76;60731;62104;+;381.7	71;58058;58801;+;234.4	63;50321;52951;+;304.1	77;62101;64923;+;374.0	56;45871;47322;+;94.2	63;50321;52951;+;97.1	54;44590;45156;+;174.3	68;55296;55934;+;68.6	69;55931;57781;+;266.1	81;67195;69429;+;391.1	59;48182;48697;+;78.4	81;67195;69429;+;70.3	A	9/9	contiguous	22605	1	1	64945..65424+;159;TraS;0
NZ_KU295131.1	MPF_T	IncN;IncY	133	0	0	GA	1	32;23371;24105;-;32.5		29;22411;22728;-;63.3	44;31993;34743;+;134.0	28;19811;22411;-;76.4	45;34762;35478;+;137.0	25;17789;18829;-;142.4		49;37009;37695;+;158.3	23;15977;16861;-;159.7	22;14817;15977;-;156.3	21;13780;14775;-;81.2	109;92496;94025;-;38.5		pfam	both	A	7/7	uncallable	0	0	unscoreable	22	0	0														not_admitted	not_admitted	not_admitted	not_admitted	not_admitted	not_admitted	not_admitted
NZ_KU295132.1	MPF_F	IncFII(pBK30683);repB(R1701)	120	0	0	GA	0															not_admitted	not_admitted	not_admitted	not_admitted	not_admitted	not_admitted	not_admitted	not_admitted	not_admitted	not_admitted	1	95;75871;76860;+;366.0	105;82407;83774;+;384.0	101;80397;81149;+;233.7	91;71775;74414;+;258.5	106;83774;86623;+;346.4	85;67521;68945;+;89.2	91;71775;74414;+;88.7	83;66228;66794;+;169.3	96;76873;77511;+;67.0	97;77570;79525;+;259.7	110;89087;91399;+;390.0	86;69018;69602;+;54.5	110;89087;91399;+;64.0	A	9/9	contiguous	22859	1	1	86626..87159+;177;unnamed;0
NZ_KU295133.1	MPF_F	IncFIB(pQil);IncFII(K)	132	0	0	GA	0															not_admitted	not_admitted	not_admitted	not_admitted	not_admitted	not_admitted	not_admitted	not_admitted	not_admitted	not_admitted	1	107;87545;88534;+;366.0	117;94081;95448;+;380.7	113;92071;92823;+;233.7	103;83463;86102;+;258.5	118;95448;98297;+;345.6	95;78782;80206;+;88.8	103;83463;86102;+;88.7	93;77489;78055;+;169.3	108;88547;89185;+;67.0	109;89244;91199;+;259.7	122;100783;103095;+;392.7	96;80320;80904;+;55.4	122;100783;103095;+;66.5	A	9/9	contiguous	23294	1	1	98310..98858+;182;unnamed;0
NZ_KU295134.1	MPF_T	IncFII(Yp);IncN	101	0	0	GA	1	16;11260;11994;+;32.5		19;12637;12954;+;63.3	20;12954;15554;+;113.8	20;12954;15554;+;76.4	21;15572;16285;+;105.5	23;16536;17576;+;142.4		24;17795;18493;+;131.9	25;18504;19388;+;159.7	26;19388;20548;+;156.3	27;20590;21585;+;81.2	78;72717;74246;-;38.5		pfam	both	A	7/7	canonical	1	0	unscoreable	3	0	0														not_admitted	not_admitted	not_admitted	not_admitted	not_admitted	not_admitted	not_admitted
NZ_KU302800.1	-	IncX6	62	0	0	GA	1	44;34344;34973;-;45.3	43;34033;34326;-;50.5	42;31254;34019;-;58.7	42;31254;34019;-;129.2	42;31254;34019;-;55.1	41;30502;31242;-;110.2	39;28985;30043;-;122.9		38;28095;28781;-;167.1	37;27178;28098;-;144.2	36;25889;27178;-;131.5	35;24854;25885;-;79.6	34;23041;24867;-;384.8		pfam	pfam_only	A	7/7	canonical	1	1	unscoreable	1	0	0														not_admitted	not_admitted	not_admitted	not_admitted	not_admitted	not_admitted	not_admitted
NZ_KU314941.1	MPF_T	IncX3	68	0	0	GA	1	55;46038;46682;-;46.4	54;45764;46054;-;73.1	53;42986;45739;-;47.0	53;42986;45739;-;142.4	53;42986;45739;-;73.3	52;42206;42976;-;60.1	50;40872;41927;-;133.2		49;39949;40677;-;119.4	48;39014;39943;-;138.8	47;37803;39017;-;128.3	45;36573;37607;-;65.7	44;34735;36570;-;495.9		pfam	pfam_only	A	7/7	canonical	1	1	unscoreable	2	0	0														not_admitted	not_admitted	not_admitted	not_admitted	not_admitted	not_admitted	not_admitted
NZ_KU318419.1	MPF_F	IncFII(Yp);IncFII(pAR0022)	106	0	0	GA	0															not_admitted	not_admitted	not_admitted	not_admitted	not_admitted	not_admitted	not_admitted	not_admitted	not_admitted	not_admitted	1	73;65353;66225;-;263.1	64;59134;60504;-;377.3	68;61720;62469;-;218.1	76;67194;69824;-;285.5	63;58070;59134;-;252.4	82;71854;73248;-;90.9	76;67194;69824;-;98.6	84;73965;74531;-;170.1	72;64571;65200;-;66.1	70;62720;64162;-;261.1	59;52453;54645;-;385.2	81;71293;71832;-;66.8	59;52453;54645;-;63.9	A	9/9	contiguous	21512	1	1	56271..58070-;599;unnamed;0
NZ_KU318420.1	MPF_F	IncFII(pCoo)	80	0	0	GA	0															not_admitted	not_admitted	not_admitted	not_admitted	not_admitted	not_admitted	not_admitted	not_admitted	not_admitted	not_admitted	1	56;44468;45460;+;369.5	66;51239;52612;+;381.7	61;48566;49309;+;234.4	53;40829;43459;+;300.9	67;52609;55431;+;374.0	45;35976;37427;+;94.2	53;40829;43459;+;101.1	43;34695;35261;+;174.3	58;45804;46442;+;70.7	59;46439;48289;+;266.1	71;57703;59964;+;391.1	48;38287;38802;+;78.4	71;57703;59964;+;70.3	A	9/9	contiguous	23008	1	1	55453..55932+;159;TraS;0
NZ_KU318421.1	MPF_F	repFIB;repHI5B	317	0	0	GA	0															not_admitted	not_admitted	not_admitted	not_admitted	not_admitted	not_admitted	not_admitted	not_admitted	not_admitted	not_admitted	1	27;25529;26566;-;282.2	221;191955;193397;+;188.4	220;190961;191998;+;172.4	38;37435;40152;-;143.5	222;193372;197337;+;117.7	42;42275;43642;-;63.7	38;37435;40152;-;80.6	45;45297;46157;-;73.9	28;26563;27924;-;71.7	26;22338;25514;-;58.7	213;181607;183733;-;62.0	39;40201;40938;-;56.3	213;181607;183733;-;39.7	A	9/9	split_2	171034	0	1	
NZ_KU321583.1	MPF_F	IncFII(pHN7A8);IncN;IncX1	160	0	0	GA	0															not_admitted	not_admitted	not_admitted	not_admitted	not_admitted	not_admitted	not_admitted	not_admitted	not_admitted	not_admitted	1	134;113091;114083;+;369.5	147;120915;122288;+;376.8	142;118606;119349;+;234.4	131;109455;112082;+;301.8	148;122285;125101;+;376.7	126;105973;107400;+;94.1	131;109455;112082;+;101.8	124;104692;105258;+;183.8	137;115029;115667;+;70.4	140;116479;118329;+;265.0	152;127402;129618;+;391.7	130;108424;108939;+;78.0	152;127402;129618;+;70.3	A	9/9	contiguous	22710	1	1	125134..125655+;173;unnamed;0
NZ_KU341381.1	MPF_F	IncHI2;IncHI2A	271	0	0	GA	0															not_admitted	not_admitted	not_admitted	not_admitted	not_admitted	not_admitted	not_admitted	not_admitted	not_admitted	not_admitted	1	228;204482;205540;-;276.9	68;57008;58423;+;194.1	67;55972;57018;+;174.3	244;225112;227793;-;168.0	69;58432;62385;+;101.7	248;230123;231478;-;80.7	244;225112;227793;-;72.2	251;233202;233990;-;74.8	230;205682;207193;-;62.0	227;201275;204463;-;57.3	60;46846;48930;-;56.8	245;227802;228752;-;46.1	60;46846;48930;-;38.8	A	9/9	split_2	186356	1	1	62566..63855+;429;unnamed;0
NZ_KU355873.1	MPF_F	IncFIA;IncFIB(AP001918);IncFII(pCoo)	154	0	0	GA	0															not_admitted	not_admitted	not_admitted	not_admitted	not_admitted	not_admitted	not_admitted	not_admitted	not_admitted	not_admitted	1	27;26475;27467;-;372.1	16;19416;20789;-;378.0	23;23003;23746;-;235.0	30;28476;31103;-;303.5	15;16597;19419;-;388.9	122;114149;115309;-;154.9	30;28476;31103;-;100.3	37;35398;35964;-;183.8	26;25828;26466;-;68.5	25;24023;25831;-;268.3	12;12915;15068;-;391.9	31;31619;32134;-;77.7	12;12915;15068;-;70.4	A	9/9	split_2	101234	1	1	16084..16575-;163;TraS;0
NZ_KU356480.1	-	-	374	0	0	GA	0															not_admitted	not_admitted	not_admitted	not_admitted	not_admitted	not_admitted	not_admitted	not_admitted	not_admitted	not_admitted	1	187;172493;173581;+;256.2	34;33216;34640;-;182.6	35;34640;35680;-;200.7	61;61122;63737;+;201.6	33;28624;33213;-;113.5	56;57104;58450;+;115.8	61;61122;63737;+;94.7	54;55192;55842;+;82.6	185;171001;172338;+;60.2	188;173808;178091;+;64.1	49;50723;52594;+;33.4	60;60481;61110;+;61.1	49;50723;52594;+;36.4	A	9/9	split_2	145184	1	1	27201..28511-;436;unnamed;0
NZ_KU356987.1	MPF_T	IncP1	65	0	0	GA	1	15;13690;14325;+;23.5	4;3373;3837;+;63.5	5;3841;4152;+;49.8	6;4149;6707;+;91.0	6;4149;6707;+;112.1	11;10341;11105;+;122.3	13;11353;13071;+;143.0		7;6704;7486;+;145.8	8;7504;8403;+;186.5	10;8899;10320;+;223.3	3;2394;3356;+;127.6	44;41706;43619;-;525.1		conjscan	conjscan_only	A	7/7	canonical	1	0	unscoreable	4	0	0														not_admitted	not_admitted	not_admitted	not_admitted	not_admitted	not_admitted	not_admitted
NZ_KU356988.1	MPF_T	IncP1	63	0	0	GA	1	15;13692;14327;+;23.5	4;3374;3838;+;63.5	5;3842;4153;+;49.8	6;4150;6708;+;91.0	6;4150;6708;+;112.1	11;10343;11107;+;122.3	13;11355;13073;+;143.0		7;6705;7487;+;145.8	8;7505;8404;+;186.5	10;8901;10322;+;223.3	3;2395;3357;+;127.6	42;40411;42324;-;525.1		conjscan	conjscan_only	A	7/7	canonical	1	0	unscoreable	4	0	0														not_admitted	not_admitted	not_admitted	not_admitted	not_admitted	not_admitted	not_admitted
NZ_KU549175.1	MPF_F	-	126	0	0	GA	0															not_admitted	not_admitted	not_admitted	not_admitted	not_admitted	not_admitted	not_admitted	not_admitted	not_admitted	not_admitted	1	113;88728;89771;+;369.2	118;93754;95181;+;327.1	116;92540;93352;+;219.1	109;84440;87166;+;164.6	119;95197;98199;+;208.7	105;81442;82758;+;102.7	109;84440;87166;+;108.4	103;80151;80729;+;83.7	114;89786;90493;+;107.6	115;90490;92547;+;91.0	52;30436;32595;+;381.3	108;83786;84430;+;41.9	52;30436;32595;+;90.0	A	9/9	split_2	64761	1	1	98271..98789+;172;unnamed;0
NZ_KU578032.1	MPF_F	IncFIB(AP001918);IncFII	148	0	0	GA	0															not_admitted	not_admitted	not_admitted	not_admitted	not_admitted	not_admitted	not_admitted	not_admitted	not_admitted	not_admitted	1	78;78965;79957;-;369.3	69;72530;73903;-;381.0	74;75493;76236;-;231.6	81;80966;83593;-;306.4	68;69708;72533;-;386.0	87;85648;87075;-;94.3	81;80966;83593;-;98.5	89;87790;88356;-;183.3	77;78318;78956;-;68.7	76;76513;78321;-;267.9	63;64790;66943;-;391.8	83;84109;84624;-;77.3	63;64790;66943;-;70.4	A	9/9	contiguous	23000	1	1	69421..69711-;96;unnamed;0
NZ_KU647721.1	MPF_T	IncX4	57	0	0	GA	1	43;40392;41036;-;46.4	42;40118;40408;-;73.1	41;37340;40093;-;47.0	41;37340;40093;-;142.4	41;37340;40093;-;73.3	40;36560;37330;-;60.1	38;35226;36281;-;133.2		37;34303;35031;-;119.4	36;33368;34297;-;138.8	35;32157;33371;-;128.3	33;30927;31961;-;65.7	32;29089;30924;-;495.9		pfam	pfam_only	A	7/7	canonical	1	1	unscoreable	2	0	0														not_admitted	not_admitted	not_admitted	not_admitted	not_admitted	not_admitted	not_admitted
NZ_KU664810.1	MPF_F	IncFIB(AP001918);IncFII	138	0	0	GA	0															not_admitted	not_admitted	not_admitted	not_admitted	not_admitted	not_admitted	not_admitted	not_admitted	not_admitted	not_admitted	1	68;77512;78504;-;369.3	59;71077;72450;-;381.0	64;74040;74783;-;231.6	71;79513;82140;-;306.4	57;68255;70540;-;207.7	77;84195;85622;-;94.3	71;79513;82140;-;98.5	79;86337;86903;-;183.3	67;76865;77503;-;68.7	66;75060;76868;-;267.9	54;64598;66751;-;391.8	73;82656;83171;-;77.3	54;64598;66751;-;70.4	A	9/9	contiguous	21739	1	1	67749..68258-;169;unnamed;0
NZ_KU665642.1	MPF_F	IncFIB(pQil);IncFII(K)	129	0	0	GA	0															not_admitted	not_admitted	not_admitted	not_admitted	not_admitted	not_admitted	not_admitted	not_admitted	not_admitted	not_admitted	1	104;85831;86820;+;366.0	114;92367;93734;+;380.7	110;90357;91109;+;233.7	100;81749;84388;+;258.5	115;93734;96583;+;345.9	92;77068;78492;+;88.8	100;81749;84388;+;88.7	90;75775;76341;+;169.3	105;86833;87471;+;67.0	106;87530;89485;+;259.7	119;99069;101381;+;392.7	93;78606;79190;+;55.4	119;99069;101381;+;66.5	A	9/9	contiguous	23294	1	1	96596..97144+;182;unnamed;0
NZ_KU695535.1	MPF_F	IncFII	83	0	0	GA	0															not_admitted	not_admitted	not_admitted	not_admitted	not_admitted	not_admitted	not_admitted	not_admitted	not_admitted	not_admitted	1	57;44877;45869;+;369.5	69;51922;53295;+;383.0	62;48974;49717;+;233.3	54;41238;43868;+;303.5	70;53292;56048;+;374.7	47;36771;38198;+;94.1	54;41238;43868;+;98.7	45;35490;36056;+;180.2	59;46213;46851;+;68.2	60;46848;48698;+;266.7	74;58356;60305;+;392.3	50;39082;39597;+;76.1	74;58356;60305;+;70.6	A	9/9	contiguous	22866	1	1	56112..56621+;169;unnamed;0
NZ_KU726588.1	MPF_T	IncN	70	0	0	GA	1	51;40314;41048;-;32.5		48;39354;39671;-;63.3	47;36754;39354;-;113.8	47;36754;39354;-;76.4	46;36023;36736;-;105.5	44;34732;35772;-;142.4		43;33815;34513;-;131.9	42;32920;33804;-;159.7	41;31760;32920;-;156.3	40;30723;31718;-;81.2	23;14446;15975;+;38.5		pfam	both	A	7/7	canonical	1	0	unscoreable	3	0	0														not_admitted	not_admitted	not_admitted	not_admitted	not_admitted	not_admitted	not_admitted
NZ_KU726616.1	MPF_F	IncC	171	0	0	GA	0															not_admitted	not_admitted	not_admitted	not_admitted	not_admitted	not_admitted	not_admitted	not_admitted	not_admitted	not_admitted	1	74;64491;65498;-;332.9	9;8667;10100;-;339.2	10;10102;11130;-;221.7	79;68250;70697;-;354.2	8;5040;8654;-;375.3	88;82691;84007;-;135.0	79;68250;70697;-;128.6	90;84905;85531;-;92.1	76;66163;67428;-;67.6	73;61580;64375;-;145.3	99;89341;91206;-;47.4	87;82116;82694;-;100.2	99;89341;91206;-;52.0	A	9/9	split_2	84301	0	1	
NZ_KU743383.1	MPF_T	IncX4	41	0	0	GA	1	14;7616;8416;+;40.7	15;8430;8756;+;64.4	16;8775;11522;+;63.8	16;8775;11522;+;151.8	16;8775;11522;+;46.1	17;11534;12250;+;94.2	18;12262;13356;+;150.1		20;13871;14557;+;169.0	21;14554;15462;+;142.4	22;15455;16573;+;163.9	23;16575;17603;+;85.0	24;17635;19452;+;314.8		pfam	pfam_only	A	7/7	canonical	1	1	unscoreable	1	0	0														not_admitted	not_admitted	not_admitted	not_admitted	not_admitted	not_admitted	not_admitted
NZ_KU743384.1	MPF_F	IncHI2;IncHI2A	268	0	0	GA	0															not_admitted	not_admitted	not_admitted	not_admitted	not_admitted	not_admitted	not_admitted	not_admitted	not_admitted	not_admitted	1	227;194164;195222;-;276.9	73;58924;60339;+;194.1	72;57888;58934;+;174.3	243;214546;217227;-;168.0	74;60348;64301;+;101.6	247;219557;220912;-;80.7	243;214546;217227;-;72.2	250;222636;223424;-;74.8	229;195364;196875;-;62.0	226;190957;194145;-;57.3	65;48762;50846;-;56.8	244;217236;218186;-;46.1	65;48762;50846;-;38.8	A	9/9	split_2	173874	1	1	64482..65771+;429;unnamed;0
NZ_KU761326.1	MPF_T	IncI2(Delta)	83	0	0	GA	1	42;35604;36086;-;81.1		57;51682;51966;-;36.6	56;49319;51676;-;58.5	56;49319;51676;-;44.9	69;57982;58623;-;45.1	70;58629;59627;-;130.8		54;48419;49153;-;144.3	53;47652;48422;-;170.5	52;46523;47662;-;154.7	45;37854;39392;-;207.1	50;43475;45433;-;290.9		pfam	pfam_only	A	7/7	rearranged	1	0	unscoreable	17	0	0														not_admitted	not_admitted	not_admitted	not_admitted	not_admitted	not_admitted	not_admitted
NZ_KU761327.1	MPF_T	IncX4	41	0	0	GA	1	26;24531;25151;-;41.6	25;24191;24517;-;64.4	24;21425;24172;-;63.8	24;21425;24172;-;151.8	24;21425;24172;-;46.1	23;20697;21413;-;94.2	22;19591;20685;-;150.1		20;18390;19076;-;169.0	19;17485;18393;-;142.4	18;16374;17492;-;163.9	17;15344;16372;-;85.0	16;13495;15312;-;314.8		pfam	pfam_only	A	7/7	canonical	1	1	unscoreable	1	0	0														not_admitted	not_admitted	not_admitted	not_admitted	not_admitted	not_admitted	not_admitted
NZ_KU761328.1	MPF_T	IncX3	58	0	0	GA	1	45;38165;38809;-;46.4	44;37891;38181;-;73.1	43;35113;37866;-;47.0	43;35113;37866;-;142.4	43;35113;37866;-;73.3	42;34333;35103;-;60.1	40;32999;34054;-;133.2		39;32076;32804;-;119.4	38;31141;32070;-;138.8	37;29930;31144;-;128.3	35;28700;29734;-;65.7	34;26862;28697;-;495.9		pfam	pfam_only	A	7/7	canonical	1	1	unscoreable	2	0	0														not_admitted	not_admitted	not_admitted	not_admitted	not_admitted	not_admitted	not_admitted
NZ_KU862632.1	MPF_T	IncN	65	0	0	GA	1	47;37456;38190;-;32.5		44;36496;36813;-;63.3	43;33896;36496;-;113.8	43;33896;36496;-;76.4	42;33165;33878;-;105.5	40;31874;32914;-;142.4		39;30957;31655;-;131.9	38;30063;30947;-;159.7	37;28903;30063;-;156.3	36;27866;28861;-;81.2	22;14450;15979;+;38.5		pfam	both	A	7/7	canonical	1	0	unscoreable	3	0	0														not_admitted	not_admitted	not_admitted	not_admitted	not_admitted	not_admitted	not_admitted
NZ_KU870627.1	MPF_T	IncI2(Delta)	81	0	0	GA	1	40;30768;31250;-;81.1		57;49583;49867;-;36.6	56;47220;49577;-;58.5	56;47220;49577;-;44.9	69;55848;56495;-;41.6	70;56501;57487;-;122.2		54;46320;47054;-;144.3	53;45553;46323;-;170.5	52;44424;45563;-;154.7	45;35749;37287;-;207.1	50;41376;43334;-;289.6		pfam	pfam_only	A	7/7	rearranged	1	0	unscoreable	19	0	0														not_admitted	not_admitted	not_admitted	not_admitted	not_admitted	not_admitted	not_admitted
NZ_KU886034.1	MPF_T	IncN	66	0	0	GA	1	48;37464;38198;-;32.5		45;36504;36821;-;63.3	44;33904;36504;-;113.8	44;33904;36504;-;76.4	43;33173;33886;-;105.5	41;31882;32922;-;142.4		40;30965;31663;-;131.9	39;30070;30954;-;159.7	38;28910;30070;-;156.3	37;27873;28868;-;81.2	23;14456;15985;+;38.5		pfam	both	A	7/7	canonical	1	0	unscoreable	3	0	0														not_admitted	not_admitted	not_admitted	not_admitted	not_admitted	not_admitted	not_admitted
NZ_KU922754.1	MPF_T	IncI2(Delta)	71	0	0	GA	1	28;24295;24777;-;81.1		43;40373;40657;-;36.6	42;38010;40367;-;58.5	42;38010;40367;-;44.9	52;45469;46113;-;41.0	53;46119;47114;-;123.9		40;37110;37844;-;144.3	39;36343;37113;-;170.4	38;35214;36353;-;154.7	31;26545;28083;-;207.1	36;32166;34124;-;288.2		pfam	pfam_only	A	7/7	rearranged	1	0	unscoreable	14	0	0														not_admitted	not_admitted	not_admitted	not_admitted	not_admitted	not_admitted	not_admitted
NZ_KU932022.1	MPF_T	IncI2(Delta)	77	0	0	GA	1	22;20104;20586;-;81.1	38;36682;36972;-;28.9	37;36291;36575;-;36.4	36;33928;36285;-;60.7	36;33928;36285;-;43.4	47;42036;42677;-;43.0	48;42683;43678;-;136.6		34;33028;33762;-;144.4	33;32261;33031;-;170.5	32;31132;32271;-;154.7	25;22354;23907;-;207.9	30;27972;29930;-;287.6		pfam	pfam_only	A	7/7	rearranged	1	0	unscoreable	14	0	0														not_admitted	not_admitted	not_admitted	not_admitted	not_admitted	not_admitted	not_admitted
NZ_KU932023.1	MPF_T	IncI2(Delta)	78	0	0	GA	1	23;20104;20586;-;81.1	39;36682;36972;-;28.9	38;36291;36575;-;36.4	37;33928;36285;-;60.7	37;33928;36285;-;43.4	48;42036;42677;-;43.0	49;42683;43678;-;136.6		35;33028;33762;-;144.4	34;32261;33031;-;170.5	33;31132;32271;-;154.7	26;22354;23907;-;207.9	31;27972;29930;-;287.6		pfam	pfam_only	A	7/7	rearranged	1	0	unscoreable	14	0	0														not_admitted	not_admitted	not_admitted	not_admitted	not_admitted	not_admitted	not_admitted
NZ_KU932024.1	MPF_F	IncFII	83	0	0	GA	0															not_admitted	not_admitted	not_admitted	not_admitted	not_admitted	not_admitted	not_admitted	not_admitted	not_admitted	not_admitted	1	60;46453;47445;+;369.5	70;53224;54597;+;381.7	65;50551;51294;+;234.4	57;42814;45444;+;304.1	71;54594;57416;+;374.0	47;36625;38076;+;94.2	57;42814;45444;+;96.8	45;35344;35910;+;174.3	62;47789;48427;+;68.6	63;48424;50274;+;266.1	75;59688;61958;+;391.1	50;38936;39451;+;78.4	75;59688;61958;+;70.3	A	9/9	contiguous	24344	1	1	57438..57917+;159;TraS;0
NZ_KU932025.1	MPF_F	IncFIB(AP001918);IncFII;IncQ1	160	0	0	GA	0															not_admitted	not_admitted	not_admitted	not_admitted	not_admitted	not_admitted	not_admitted	not_admitted	not_admitted	not_admitted	1	142;127150;128142;+;367.3	153;133829;135202;+;374.3	146;130871;131614;+;234.1	139;123682;126141;+;273.4	154;135199;138015;+;387.9	130;118073;119500;+;94.4	139;123682;126141;+;99.3	128;116792;117358;+;183.8	143;128151;128789;+;67.3	144;128786;130594;+;268.3	157;139578;141416;+;391.7	134;120524;121039;+;77.3	157;139578;141416;+;69.5	A	9/9	contiguous	22786	1	1	138048..138569+;173;unnamed;0
NZ_KU932028.1	MPF_F	IncFII	89	0	0	GA	0															not_admitted	not_admitted	not_admitted	not_admitted	not_admitted	not_admitted	not_admitted	not_admitted	not_admitted	not_admitted	1	82;73727;74719;-;369.5	71;66184;67557;-;381.0	75;68778;69521;-;233.3	85;75728;78358;-;302.0	70;63365;66187;-;389.2	3;1556;3007;-;93.9	85;75728;78358;-;97.3	5;3722;4288;-;182.3	80;72460;73098;-;70.1	77;69798;71648;-;266.7	66;58901;61090;-;391.8		66;58901;61090;-;70.4	B	8/9	split_2	74172	1	1	62864..63343-;159;TraS;0
NZ_KU934011.1	MPF_T	IncX3	64	0	0	GA	1	49;43729;44373;-;46.4	48;43455;43745;-;73.1	47;40677;43430;-;47.0	47;40677;43430;-;145.4	47;40677;43430;-;73.3	46;39897;40667;-;60.1	44;38563;39618;-;133.2		43;37640;38368;-;119.4	42;36705;37634;-;138.8	41;35494;36708;-;128.3	39;34264;35298;-;65.7	38;32426;34261;-;495.9		pfam	pfam_only	A	7/7	canonical	1	1	unscoreable	2	0	0														not_admitted	not_admitted	not_admitted	not_admitted	not_admitted	not_admitted	not_admitted
NZ_KU934208.1	MPF_T	IncI2	77	0	0	GA	1	38;32568;33050;-;81.1		53;48646;48930;-;36.6	52;46283;48640;-;58.5	52;46283;48640;-;42.8	65;54383;55024;-;42.8	66;55030;56025;-;128.5		50;45383;46117;-;144.3	49;44616;45386;-;170.5	48;43487;44626;-;154.7	41;34818;36356;-;207.1	46;40439;42397;-;289.6		pfam	pfam_only	A	7/7	rearranged	1	0	unscoreable	17	1	0														not_admitted	not_admitted	not_admitted	not_admitted	not_admitted	not_admitted	not_admitted
NZ_KU934209.1	MPF_T	IncI2(Delta)	79	0	0	GA	1	43;37781;38263;-;81.1		58;53870;54154;-;36.6	57;51507;53864;-;58.5	57;51507;53864;-;44.9	67;59045;59686;-;42.8	68;59692;60687;-;123.9		55;50607;51341;-;144.3	54;49840;50610;-;170.5	53;48711;49850;-;154.7	46;40042;41580;-;207.1	51;45663;47621;-;289.6		pfam	pfam_only	A	7/7	rearranged	1	0	unscoreable	14	0	0														not_admitted	not_admitted	not_admitted	not_admitted	not_admitted	not_admitted	not_admitted
NZ_KU963389.1	MPF_T	IncU;IncX3	69	0	0	GA	1	47;36854;37498;-;46.4	46;36580;36870;-;74.0	45;33802;36555;-;46.3	45;33802;36555;-;147.8	45;33802;36555;-;75.7	44;33021;33791;-;60.8	42;31687;32742;-;134.9		41;30764;31492;-;118.1	40;29829;30758;-;139.9	39;28630;29832;-;128.4	38;27587;28618;-;65.4	36;25562;27397;-;495.5		pfam	pfam_only	A	7/7	canonical	1	1	unscoreable	2	0	0														not_admitted	not_admitted	not_admitted	not_admitted	not_admitted	not_admitted	not_admitted
NZ_KU963390.1	MPF_T	pSL483	78	0	0	GA	1	9;6167;6844;+;28.4			12;7601;10126;+;60.0	12;7601;10126;+;36.2	13;10110;10790;+;82.0	3;1472;2524;-;92.3		14;11015;11806;+;139.3	15;11826;12614;+;165.9	16;12607;13833;+;159.5	19;14252;15313;+;76.7	20;15337;17358;+;312.3		pfam	pfam_only	A	7/7	uncallable	0	0	unscoreable	18	0	0														not_admitted	not_admitted	not_admitted	not_admitted	not_admitted	not_admitted	not_admitted
NZ_KU987452.1	MPF_F	IncFII	83	0	0	GA	0															not_admitted	not_admitted	not_admitted	not_admitted	not_admitted	not_admitted	not_admitted	not_admitted	not_admitted	not_admitted	1	66;55716;56708;+;369.5	76;62487;63860;+;381.7	71;59814;60557;+;234.4	63;52077;54707;+;304.1	77;63857;66679;+;374.0	55;47224;48675;+;94.2	63;52077;54707;+;96.8	53;45943;46509;+;174.3	68;57052;57690;+;68.6	69;57687;59537;+;266.1	81;68951;71239;+;391.0	58;49535;50050;+;78.4	81;68951;71239;+;70.3	A	9/9	contiguous	23008	1	1	66701..67180+;159;TraS;0
NZ_KU987453.1	MPF_F	IncFII(Yp);IncFII(pAR0022)	98	0	0	GA	0															not_admitted	not_admitted	not_admitted	not_admitted	not_admitted	not_admitted	not_admitted	not_admitted	not_admitted	not_admitted	1	29;21384;22370;+;370.3	37;27082;28452;+;377.3	33;25116;25865;+;218.1	26;17760;20390;+;285.5	38;28452;31316;+;334.5	20;14335;15729;+;90.9	26;17760;20390;+;98.6	18;13052;13618;+;170.1	30;22386;23015;+;66.1	31;23012;24865;+;259.5	41;32942;35134;+;385.2	21;15751;16290;+;66.8	41;32942;35134;+;63.9	A	9/9	contiguous	19890	1	1	31333..31764+;143;TraS;1
NZ_KU997026.1	MPF_F	IncC	250	0	0	GA	0															not_admitted	not_admitted	not_admitted	not_admitted	not_admitted	not_admitted	not_admitted	not_admitted	not_admitted	not_admitted	1	91;67976;68983;+;332.9	240;207208;208641;+;339.2	239;206178;207206;+;221.7	86;62777;65224;+;354.2	241;208654;212268;+;375.3	81;53950;55266;+;135.0	86;62777;65224;+;127.5	79;52426;53052;+;92.1	89;66046;67311;+;67.6	92;69099;71894;+;145.3	70;46751;48616;+;47.4	82;55263;55841;+;100.2	70;46751;48616;+;52.0	A	9/9	split_2	161903	0	1	
NZ_KX008967.1	MPF_F	IncFII	105	0	0	GA	0															not_admitted	not_admitted	not_admitted	not_admitted	not_admitted	not_admitted	not_admitted	not_admitted	not_admitted	not_admitted	1	89;73803;74795;+;369.5	99;80574;81947;+;381.7	94;77901;78644;+;234.4	86;70164;72794;+;304.1	100;81944;84766;+;374.0	79;65714;67165;+;94.2	86;70164;72794;+;97.1	77;64433;64999;+;174.3	91;75139;75777;+;68.6	92;75774;77624;+;266.1	104;87038;88882;+;391.8	82;68025;68540;+;78.4	104;87038;88882;+;70.7	A	9/9	contiguous	22605	1	1	84788..85267+;159;TraS;0
NZ_KX009060.1	MPF_T	-	92	0	0	GA	1	79;48687;49682;+;29.7	68;39316;39777;+;62.2	69;39781;40074;+;30.9	70;40061;42751;+;79.5	70;40061;42751;+;73.0	71;42748;43440;+;84.1	74;44049;44912;+;121.0		75;44912;45574;+;75.6	76;45603;46385;+;175.3	77;46388;47665;+;149.8	78;47675;48703;+;101.2	85;54877;56430;-;65.0		pfam	both	A	7/7	canonical	1	0	unscoreable	7	0	0														not_admitted	not_admitted	not_admitted	not_admitted	not_admitted	not_admitted	not_admitted
NZ_KX009061.1	MPF_T	-	98	0	0	GA	1	85;54748;55743;+;29.7	74;45377;45838;+;62.2	75;45842;46135;+;30.9	76;46122;48812;+;79.5	76;46122;48812;+;73.0	77;48809;49501;+;84.1	80;50110;50973;+;121.0		81;50973;51635;+;75.6	82;51664;52446;+;175.3	83;52449;53726;+;149.8	84;53736;54764;+;101.2	91;60938;62491;-;65.0		pfam	both	A	7/7	canonical	1	0	unscoreable	7	0	0														not_admitted	not_admitted	not_admitted	not_admitted	not_admitted	not_admitted	not_admitted
NZ_KX009062.1	MPF_T	-	86	0	0	GA	1	73;43015;44010;+;29.7	62;33644;34105;+;62.2	63;34109;34402;+;30.9	64;34389;37079;+;79.5	64;34389;37079;+;73.0	65;37076;37768;+;84.1	68;38377;39240;+;121.0		69;39240;39902;+;75.6	70;39931;40713;+;175.3	71;40716;41993;+;149.8	72;42003;43031;+;101.2	79;49205;50758;-;65.0		pfam	both	A	7/7	canonical	1	0	unscoreable	7	0	0														not_admitted	not_admitted	not_admitted	not_admitted	not_admitted	not_admitted	not_admitted
NZ_KX009063.1	MPF_T	-	83	0	0	GA	1	27;20633;21628;+;29.8	16;11262;11723;+;62.2	17;11727;12020;+;30.9	18;12007;14697;+;79.5	18;12007;14697;+;73.0	19;14694;15386;+;84.1	22;15995;16858;+;121.0		23;16858;17520;+;75.6	24;17549;18331;+;175.5	25;18334;19611;+;149.8	26;19621;20649;+;96.1	33;26821;28374;-;65.0		pfam	both	A	7/7	canonical	1	0	unscoreable	7	0	0														not_admitted	not_admitted	not_admitted	not_admitted	not_admitted	not_admitted	not_admitted
NZ_KX009064.1	MPF_T	-	57	0	0	GA	1			47;28176;28487;+;60.4	48;28487;31111;+;110.1	48;28487;31111;+;72.8	49;31115;31822;+;96.2	51;32045;33121;+;121.4		53;33405;34145;+;77.0	54;34148;35059;+;138.0	55;35056;36204;+;172.0	56;36221;37228;+;67.3	2;3276;4829;-;84.0		pfam	both	A	7/7	canonical	1	0	unscoreable	2	0	0														not_admitted	not_admitted	not_admitted	not_admitted	not_admitted	not_admitted	not_admitted
NZ_KX013538.1	MPF_T	IncI2	76	0	0	GA	1	37;33039;33521;-;81.1		52;49117;49401;-;36.6	51;46754;49111;-;58.5	51;46754;49111;-;42.8	64;54854;55495;-;42.8	65;55501;56496;-;128.5		49;45854;46588;-;144.3	48;45087;45857;-;170.5	47;43958;45097;-;154.7	40;35289;36827;-;207.1	45;40910;42868;-;289.6		pfam	pfam_only	A	7/7	rearranged	1	0	unscoreable	17	1	0														not_admitted	not_admitted	not_admitted	not_admitted	not_admitted	not_admitted	not_admitted
NZ_KX013539.1	MPF_T	IncI2(Delta)	74	0	0	GA	1	38;35087;35569;-;81.1		53;51188;51472;-;36.6	52;48825;51182;-;58.5	52;48825;51182;-;44.9	62;56284;56928;-;41.0	63;56934;57929;-;123.9		50;47925;48659;-;144.3	49;47158;47928;-;170.5	48;46029;47168;-;154.7	41;37348;38886;-;207.1	46;42981;44939;-;289.6		pfam	pfam_only	A	7/7	rearranged	1	0	unscoreable	14	0	0														not_admitted	not_admitted	not_admitted	not_admitted	not_admitted	not_admitted	not_admitted
NZ_KX013540.1	MPF_T	IncI2(Delta)	81	0	0	GA	1	42;36293;36775;-;81.1		57;52382;52666;-;36.6	56;50019;52376;-;58.5	56;50019;52376;-;44.9	67;58126;58767;-;42.9	68;58773;59771;-;130.8		54;49119;49853;-;144.3	53;48352;49122;-;170.5	52;47223;48362;-;154.7	45;38554;40092;-;207.1	50;44175;46133;-;289.6		pfam	pfam_only	A	7/7	rearranged	1	0	unscoreable	15	1	0														not_admitted	not_admitted	not_admitted	not_admitted	not_admitted	not_admitted	not_admitted
NZ_KX023260.1	MPF_F	IncFII(pHN7A8)	110	0	0	GA	0															not_admitted	not_admitted	not_admitted	not_admitted	not_admitted	not_admitted	not_admitted	not_admitted	not_admitted	not_admitted	1	56;43043;44035;+;369.5	96;67406;68779;+;376.8	91;65097;65840;+;234.4	53;39407;42034;+;301.8	97;68776;71592;+;376.7	48;35925;37352;+;94.1	80;56792;58573;+;103.2	46;34644;35210;+;183.8	86;61519;62157;+;70.4	89;62970;64820;+;265.0	101;73893;76136;+;391.7	52;38376;38891;+;78.0	101;73893;76136;+;70.3	A	9/9	contiguous	39249	1	1	71625..72146+;173;unnamed;0
NZ_KX023261.1	MPF_T	IncX3	59	0	0	GA	1	44;36563;37207;-;46.4	43;36289;36579;-;73.1	42;33511;36264;-;47.0	42;33511;36264;-;142.4	42;33511;36264;-;73.3	41;32731;33501;-;60.1	39;31397;32452;-;133.2		38;30474;31202;-;119.4	37;29539;30468;-;138.8	36;28328;29542;-;128.3	34;27098;28132;-;65.7	33;25260;27095;-;495.9		pfam	pfam_only	A	7/7	canonical	1	1	unscoreable	2	0	0														not_admitted	not_admitted	not_admitted	not_admitted	not_admitted	not_admitted	not_admitted
NZ_KX023262.1	MPF_F	IncHI2;IncHI2A	265	0	0	GA	0															not_admitted	not_admitted	not_admitted	not_admitted	not_admitted	not_admitted	not_admitted	not_admitted	not_admitted	not_admitted	1	221;190928;191986;-;276.9	88;72444;73859;+;194.1	87;71408;72454;+;174.3	237;211558;214239;-;168.0	89;73868;77821;+;101.7	242;216568;217923;-;80.7	237;211558;214239;-;72.2	245;219647;220435;-;74.8	223;192128;193639;-;62.0	220;187721;190909;-;57.3	80;62282;64366;-;56.8	238;214248;214850;-;40.5	80;62282;64366;-;38.8	A	9/9	split_2	157365	1	1	78002..79291+;429;unnamed;0
NZ_KX029331.1	MPF_F	IncC	191	0	0	GA	0															not_admitted	not_admitted	not_admitted	not_admitted	not_admitted	not_admitted	not_admitted	not_admitted	not_admitted	not_admitted	1	119;95096;96103;+;332.9	179;145297;146730;+;339.2	178;144267;145295;+;218.4	114;89897;92344;+;354.5	180;146743;150357;+;375.3	109;81025;82341;+;135.0	114;89897;92344;+;128.3	107;79501;80127;+;92.0	117;93166;94431;+;67.9	120;96219;99017;+;145.3	98;73826;75691;+;47.3	110;82338;82916;+;100.2	98;73826;75691;+;52.0	A	9/9	split_2	72917	0	1	
NZ_KX029332.1	MPF_F	IncHI1B(pNDM-MAR)	224	0	0	GA	0															not_admitted	not_admitted	not_admitted	not_admitted	not_admitted	not_admitted	not_admitted	not_admitted	not_admitted	not_admitted	1	38;32793;33830;-;282.3	100;98379;99788;+;190.4	99;97352;98389;+;175.6	51;46007;46783;-;73.3	101;99790;103758;+;121.3	55;48896;50266;-;65.8	50;44079;46010;-;86.7	58;51912;52772;-;79.0	39;33827;34648;-;38.3	36;29599;30348;-;26.4	89;86829;88955;-;58.0	52;46828;47565;-;56.9	89;86829;88955;-;40.6	A	9/9	split_2	70191	0	1	
NZ_KX032519.1	MPF_T	IncI2	78	0	0	GA	1	39;32988;33470;-;81.1		54;49066;49350;-;36.6	53;46703;49060;-;58.5	53;46703;49060;-;42.8	66;54803;55444;-;42.8	67;55450;56445;-;128.5		51;45803;46537;-;144.3	50;45036;45806;-;170.5	49;43907;45046;-;154.7	42;35238;36776;-;207.1	47;40859;42817;-;289.6		pfam	pfam_only	A	7/7	rearranged	1	0	unscoreable	17	1	0														not_admitted	not_admitted	not_admitted	not_admitted	not_admitted	not_admitted	not_admitted
NZ_KX032520.1	MPF_T	-	41	0	0	GA	1	26;24336;24956;-;41.6	25;23996;24322;-;64.4	24;21230;23977;-;63.8	24;21230;23977;-;151.8	24;21230;23977;-;46.1	23;20502;21218;-;94.2	22;19396;20490;-;150.1		20;18195;18881;-;169.0	19;17290;18198;-;142.4	18;16179;17297;-;163.9	17;15149;16177;-;85.0	16;13300;15117;-;314.8		pfam	pfam_only	A	7/7	canonical	1	1	unscoreable	1	0	0														not_admitted	not_admitted	not_admitted	not_admitted	not_admitted	not_admitted	not_admitted
NZ_KX034083.1	MPF_T	IncI2	87	0	0	GA	1	50;38969;39451;-;81.1		64;55028;55312;-;36.5	63;52665;55022;-;59.8	63;52665;55022;-;45.0	75;60875;61522;-;41.6	76;61528;62514;-;120.4		62;51767;52501;-;144.3	61;51000;51770;-;169.8	60;49871;51010;-;154.7	53;41220;42758;-;207.1	58;46823;48781;-;287.9		pfam	pfam_only	A	7/7	rearranged	1	0	unscoreable	15	0	0														not_admitted	not_admitted	not_admitted	not_admitted	not_admitted	not_admitted	not_admitted
NZ_KX084392.1	MPF_T	IncX4	42	0	0	GA	1	23;14970;15590;+;41.6	24;15604;15930;+;64.4	25;15949;18696;+;63.8	25;15949;18696;+;151.8	25;15949;18696;+;46.1	26;18708;19424;+;94.2	27;19436;20530;+;150.1		29;21045;21731;+;169.0	30;21728;22636;+;142.4	31;22629;23747;+;163.9	32;23749;24777;+;85.0	33;24809;26626;+;314.8		pfam	pfam_only	A	7/7	canonical	1	1	unscoreable	1	0	0														not_admitted	not_admitted	not_admitted	not_admitted	not_admitted	not_admitted	not_admitted
NZ_KX084393.1	MPF_T	IncI2(Delta)	78	0	0	GA	1	9;10841;11323;-;81.1		24;26925;27209;-;36.6	23;24562;26919;-;58.5	23;24562;26919;-;42.8	36;33346;33990;-;41.9	37;33996;34991;-;123.7		21;23662;24396;-;144.3	20;22895;23665;-;170.5	19;21766;22905;-;154.7	12;13091;14629;-;207.1	17;18718;20676;-;289.6		pfam	pfam_only	A	7/7	rearranged	1	0	unscoreable	17	0	0														not_admitted	not_admitted	not_admitted	not_admitted	not_admitted	not_admitted	not_admitted
NZ_KX084394.1	MPF_F	IncHI2;IncHI2A	271	0	0	GA	0															not_admitted	not_admitted	not_admitted	not_admitted	not_admitted	not_admitted	not_admitted	not_admitted	not_admitted	not_admitted	1	262;232281;233339;+;276.9	147;126592;128007;-;194.1	148;127997;129043;-;174.3	245;210027;212708;+;168.0	146;122630;126583;-;101.7	241;206342;207697;+;80.7	245;210027;212708;+;72.2	238;203830;204618;+;74.8	260;230628;232139;+;62.0	263;233358;236546;+;57.3	155;136085;138169;+;56.8	244;209068;210018;+;46.1	155;136085;138169;+;38.8	A	9/9	split_3	110728	1	1	121160..122449-;429;unnamed;0
NZ_KX094555.1	MPF_T	IncX3	68	0	0	GA	1	30;26187;26831;-;46.4	29;25913;26203;-;73.1	28;23135;25888;-;47.0	28;23135;25888;-;142.4	28;23135;25888;-;73.3	27;22355;23125;-;60.1	25;21021;22076;-;133.2		24;20098;20826;-;119.4	23;19163;20092;-;138.8	22;17952;19166;-;128.3	20;16722;17756;-;65.7	19;14884;16719;-;495.9		pfam	pfam_only	A	7/7	canonical	1	1	unscoreable	2	0	0														not_admitted	not_admitted	not_admitted	not_admitted	not_admitted	not_admitted	not_admitted
NZ_KX118105.1	-	-	54	0	0	GA	1	35;28830;29516;+;101.8	13;12684;13061;-;71.2	12;12343;12630;-;42.5	11;9841;12330;-;63.6	11;9841;12330;-;104.7	9;8654;9430;-;38.3	7;7211;8488;-;100.9		6;6440;7144;-;138.0	5;5381;6412;-;166.7	3;3467;4924;-;225.1	14;13072;14022;-;121.7	33;26249;28252;+;336.6		conjscan	both	A	7/7	canonical	1	0	unscoreable	5	0	0														not_admitted	not_admitted	not_admitted	not_admitted	not_admitted	not_admitted	not_admitted
NZ_KX129782.1	MPF_F	IncHI2;IncHI2A	272	0	0	GA	0															not_admitted	not_admitted	not_admitted	not_admitted	not_admitted	not_admitted	not_admitted	not_admitted	not_admitted	not_admitted	1	29;33060;34118;+;276.9	187;174218;175633;-;194.1	188;175623;176669;-;174.3	13;10305;12986;+;168.0	186;170256;174209;-;101.6	9;6620;7975;+;80.7	13;10305;12986;+;72.2	6;4108;4896;+;74.8	27;31407;32918;+;62.0	30;34137;37325;+;57.3	195;183711;185795;+;56.8	12;9346;10296;+;45.5	195;183711;185795;+;38.8	A	9/9	split_3	179603	1	1	168786..170075-;429;unnamed;0
NZ_KX129783.1	MPF_T	IncX4	44	0	0	GA	1	28;25862;26482;-;41.6	27;25522;25848;-;64.4	26;22756;25503;-;63.8	26;22756;25503;-;151.8	26;22756;25503;-;46.1	25;22028;22744;-;93.3	24;20922;22016;-;150.1		22;19721;20407;-;169.0	21;18816;19724;-;142.4	20;17705;18823;-;163.9	19;16675;17703;-;85.0	18;14826;16643;-;314.8		pfam	pfam_only	A	7/7	canonical	1	1	unscoreable	1	0	0														not_admitted	not_admitted	not_admitted	not_admitted	not_admitted	not_admitted	not_admitted
NZ_KX129784.1	MPF_F	IncFIA(HI1);IncHI1A;IncHI1B(R27)	222	0	0	GA	0															not_admitted	not_admitted	not_admitted	not_admitted	not_admitted	not_admitted	not_admitted	not_admitted	not_admitted	not_admitted	1	16;16605;17657;+;277.6	131;131355;132770;-;201.7	132;132760;133806;-;171.3	219;204623;207304;+;160.9	130;127357;131346;-;103.1	215;200917;202275;+;84.0	219;204623;207304;+;76.5	212;198465;199250;+;68.7	14;14952;16460;+;65.6	17;17680;20856;+;58.9	138;140741;142825;+;50.2	218;203664;204614;+;45.2	138;140741;142825;+;36.5	A	9/9	split_3	189671	0	1	
NZ_KX147633.1	MPF_F	IncC	183	0	0	GA	0															not_admitted	not_admitted	not_admitted	not_admitted	not_admitted	not_admitted	not_admitted	not_admitted	not_admitted	not_admitted	1	125;98116;99123;+;332.9	19;15558;16991;+;339.2	18;14528;15556;+;221.7	120;92917;95364;+;354.2	20;17004;20618;+;375.3	111;79606;80922;+;135.0	120;92917;95364;+;128.6	109;78082;78708;+;92.1	123;96186;97451;+;67.6	126;99239;102034;+;145.3	100;72407;74272;+;47.4	112;80919;81497;+;100.2	100;72407;74272;+;52.0	A	9/9	split_2	84711	0	1	
NZ_KX156772.1	MPF_F	IncC	216	0	0	GA	0															not_admitted	not_admitted	not_admitted	not_admitted	not_admitted	not_admitted	not_admitted	not_admitted	not_admitted	not_admitted	1	124;92073;93080;+;332.9	206;160306;161739;+;339.2	205;159264;160304;+;221.6	119;86874;89321;+;355.4	207;161752;165366;+;375.3	114;78047;79363;+;135.0	119;86874;89321;+;128.6	112;76523;77149;+;92.1	122;90143;91408;+;67.6	125;93196;95994;+;145.3	103;70848;72713;+;47.4	115;79360;79938;+;100.2	103;70848;72713;+;52.0	A	9/9	split_2	90904	0	1	
NZ_KX156773.1	MPF_F	IncC	218	0	0	GA	0															not_admitted	not_admitted	not_admitted	not_admitted	not_admitted	not_admitted	not_admitted	not_admitted	not_admitted	not_admitted	1	113;83316;84323;+;332.9	208;162996;164429;+;339.2	207;161966;162994;+;221.7	108;78117;80564;+;355.4	209;164442;168056;+;375.3	103;69290;70606;+;135.0	108;78117;80564;+;128.6	101;67766;68392;+;92.1	111;81386;82651;+;67.6	114;84439;87237;+;145.3	92;62091;63956;+;47.4	104;70603;71181;+;100.2	92;62091;63956;+;52.0	A	9/9	split_2	102351	0	1	
NZ_KX214669.1	MPF_T	IncX3	58	0	0	GA	1	27;24856;25500;-;46.4	26;24582;24872;-;73.1	25;21804;24557;-;47.0	25;21804;24557;-;142.4	25;21804;24557;-;73.3	24;21024;21794;-;60.1	22;19690;20745;-;133.2		21;18767;19495;-;119.4	20;17832;18761;-;138.8	19;16621;17835;-;128.3	17;15391;16425;-;65.7	16;13553;15388;-;495.9		pfam	pfam_only	A	7/7	canonical	1	1	unscoreable	2	0	0														not_admitted	not_admitted	not_admitted	not_admitted	not_admitted	not_admitted	not_admitted
NZ_KX214670.1	MPF_T	IncX3	45	0	0	GA	1	15;14283;14927;-;46.4	14;14009;14299;-;73.1	13;11231;13984;-;47.0	13;11231;13984;-;142.4	13;11231;13984;-;73.3	12;10451;11221;-;60.1	10;9117;10172;-;133.2		9;8194;8922;-;119.4	8;7259;8188;-;138.8	7;6048;7262;-;128.3	5;4818;5852;-;65.7	4;2980;4815;-;495.9		pfam	pfam_only	A	7/7	canonical	1	1	unscoreable	2	0	0														not_admitted	not_admitted	not_admitted	not_admitted	not_admitted	not_admitted	not_admitted
NZ_KX214671.1	MPF_T	IncX3	50	0	0	GA	1	20;16952;17596;-;46.4	19;16678;16968;-;73.1	18;15589;16653;-;48.7	17;13901;15589;-;76.7	18;15589;16653;-;75.8	16;13121;13891;-;60.1	14;11787;12842;-;133.2		11;10087;10494;-;69.3	10;9152;10081;-;138.8	9;7941;9155;-;128.3	7;6711;7745;-;65.7	6;4873;6708;-;495.9		pfam	pfam_only	A	7/7	canonical	1	0	unscoreable	4	0	0														not_admitted	not_admitted	not_admitted	not_admitted	not_admitted	not_admitted	not_admitted
NZ_KX230794.1	MPF_F	-	95	0	0	GA	0															not_admitted	not_admitted	not_admitted	not_admitted	not_admitted	not_admitted	not_admitted	not_admitted	not_admitted	not_admitted	1	82;51882;52925;+;369.2	87;56908;58335;+;325.8	85;55694;56506;+;219.1	78;47594;50320;+;164.6	88;58351;61353;+;208.7	74;44596;45912;+;102.7	78;47594;50320;+;108.4	72;43305;43883;+;83.7	83;52940;53647;+;107.6	84;53644;55701;+;91.0	53;30436;32595;+;381.3	77;46940;47584;+;41.9	53;30436;32595;+;90.0	A	9/9	contiguous	27915	1	1	61425..61943+;172;unnamed;0
NZ_KX236178.1	MPF_F	IncFII(K);repB(R1701)	141	0	0	GA	0															not_admitted	not_admitted	not_admitted	not_admitted	not_admitted	not_admitted	not_admitted	not_admitted	not_admitted	not_admitted	1	58;41829;42818;+;366.6	68;48367;49734;+;384.0	64;46355;47107;+;233.7	54;37733;40372;+;258.5	69;49734;52583;+;346.4	48;33480;34904;+;89.3	54;37733;40372;+;88.7	46;32187;32753;+;169.3	59;42831;43469;+;66.9	60;43528;45483;+;259.4	73;55045;57357;+;393.1	49;34976;35560;+;54.7	73;55045;57357;+;66.6	A	9/9	contiguous	22858	1	1	52586..53119+;177;unnamed;0
NZ_KX236309.1	MPF_T	IncX4	42	0	0	GA	1	26;24573;25145;-;42.2	25;24186;24512;-;64.4	24;21420;24167;-;63.8	24;21420;24167;-;151.8	24;21420;24167;-;46.1	23;20692;21408;-;94.2	22;19586;20680;-;150.1		20;18385;19071;-;169.0	19;17480;18388;-;142.4	18;16369;17487;-;163.9	17;15339;16367;-;85.0	16;13490;15307;-;314.8		pfam	pfam_only	A	7/7	canonical	1	1	unscoreable	1	0	0														not_admitted	not_admitted	not_admitted	not_admitted	not_admitted	not_admitted	not_admitted
NZ_KX246266.1	MPF_F	IncHI2;IncHI2A	257	0	0	GA	0															not_admitted	not_admitted	not_admitted	not_admitted	not_admitted	not_admitted	not_admitted	not_admitted	not_admitted	not_admitted	1	214;186806;187864;-;276.9	74;62221;63636;+;194.1	73;61185;62231;+;174.3	230;207436;210117;-;168.0	75;63645;67598;+;101.7	234;212447;213802;-;80.7	230;207436;210117;-;72.2	237;215526;216314;-;74.8	216;188006;189517;-;62.0	213;183599;186787;-;57.3	66;52059;54143;-;56.8	231;210126;211076;-;46.1	66;52059;54143;-;38.8	A	9/9	split_2	163467	1	1	67779..69068+;429;unnamed;0
NZ_KX246267.1	MPF_F	IncFII	89	0	0	GA	0															not_admitted	not_admitted	not_admitted	not_admitted	not_admitted	not_admitted	not_admitted	not_admitted	not_admitted	not_admitted	1	67;59060;60052;+;369.3	76;65114;66487;+;379.5	71;62751;63524;+;234.0	64;55421;58051;+;303.5	77;66484;69309;+;386.0	57;50716;52143;+;94.3	64;55421;58051;+;98.5	55;49435;50001;+;183.8	68;60061;60699;+;68.7	69;60696;62504;+;268.0	80;70813;73020;+;391.7	61;53271;53786;+;78.6	80;70813;73020;+;70.3	A	9/9	contiguous	21378	1	1	69306..69815+;169;unnamed;0
NZ_KX254341.1	MPF_F	IncFIB(K);IncHI2;IncHI2A	293	0	0	GA	0															not_admitted	not_admitted	not_admitted	not_admitted	not_admitted	not_admitted	not_admitted	not_admitted	not_admitted	not_admitted	1	250;220489;221547;-;276.9	69;58222;59637;+;194.1	68;57186;58232;+;174.3	266;241120;243801;-;168.0	70;59646;63599;+;101.7	270;246131;247486;-;80.7	266;241120;243801;-;72.2	273;249210;249998;-;74.8	252;221689;223200;-;62.0	249;217282;220470;-;57.3	61;48060;50144;-;56.8	267;243810;244760;-;45.4	61;48060;50144;-;38.8	A	9/9	split_2	201150	1	1	63780..65069+;429;unnamed;0
NZ_KX254342.1	MPF_T	IncI2(Delta)	77	0	0	GA	1	39;34544;35026;-;81.1		54;50628;50912;-;36.6	53;48265;50622;-;58.5	53;48265;50622;-;42.8	66;57049;57693;-;41.9	67;57699;58694;-;123.7		51;47365;48099;-;144.3	50;46598;47368;-;170.5	49;45469;46608;-;154.7	42;36794;38332;-;207.1	47;42421;44379;-;289.6		pfam	pfam_only	A	7/7	rearranged	1	0	unscoreable	17	0	0														not_admitted	not_admitted	not_admitted	not_admitted	not_admitted	not_admitted	not_admitted
NZ_KX254343.1	MPF_T	IncX4	41	0	0	GA	1	22;14979;15599;+;41.6	23;15613;15939;+;64.4	24;15958;18705;+;63.8	24;15958;18705;+;151.8	24;15958;18705;+;46.1	25;18717;19433;+;94.2	26;19445;20539;+;150.1		28;21054;21740;+;169.0	29;21737;22645;+;142.4	30;22638;23756;+;163.9	31;23758;24786;+;85.0	32;24818;26635;+;314.8		pfam	pfam_only	A	7/7	canonical	1	1	unscoreable	1	0	0														not_admitted	not_admitted	not_admitted	not_admitted	not_admitted	not_admitted	not_admitted
NZ_KX268305.1	-	-	80	0	0	GA	1	50;44455;44970;-;50.2	78;67360;67689;-;65.9	77;67035;67349;-;30.4	76;64580;66994;-;48.7	76;64580;66994;-;99.0	75;63825;64583;-;34.3	73;61563;62870;-;91.1		72;60859;61533;-;146.8	71;59978;60850;-;159.7	69;58307;59563;-;191.9	64;52541;54163;-;175.8			conjscan	conjscan_only	B	6/7	canonical	1	0	unscoreable	19	0	0														not_admitted	not_admitted	not_admitted	not_admitted	not_admitted	not_admitted	not_admitted
NZ_KX276657.1	MPF_F	IncFIB(AP001918);IncFIC(FII);IncN	246	0	0	GA	0															not_admitted	not_admitted	not_admitted	not_admitted	not_admitted	not_admitted	not_admitted	not_admitted	not_admitted	not_admitted	1	220;200316;201308;+;369.3	231;206991;208367;+;378.0	224;204037;204780;+;234.1	217;196680;199307;+;305.4	232;208364;211186;+;389.5	210;193198;194625;+;94.3	217;196680;199307;+;98.5	208;191917;192483;+;183.8	221;201317;201955;+;68.4	222;201952;203760;+;268.4	235;212715;214868;+;391.9	214;195649;196164;+;78.4	235;212715;214868;+;70.4	A	9/9	contiguous	20798	1	1	211208..211699+;163;TraS;0
NZ_KX348144.1	MPF_T	IncX3	59	0	0	GA	1	7;4014;4658;+;46.4	8;4642;4932;+;73.1	9;4957;7710;+;47.0	9;4957;7710;+;145.4	9;4957;7710;+;73.3	10;7720;8490;+;60.1	12;8769;9824;+;133.2		13;10019;10747;+;119.4	14;10753;11682;+;138.8	15;11679;12893;+;128.3	17;13089;14123;+;65.7	18;14126;15961;+;495.9		pfam	pfam_only	A	7/7	canonical	1	1	unscoreable	2	0	0														not_admitted	not_admitted	not_admitted	not_admitted	not_admitted	not_admitted	not_admitted
NZ_KX364409.1	-	-	125	0	0	GA	0															not_admitted	not_admitted	not_admitted	not_admitted	not_admitted	not_admitted	not_admitted	not_admitted	not_admitted	not_admitted	1	99;89674;90684;-;397.6	93;83215;84612;-;309.5	95;85003;85869;-;126.4	107;95798;98446;-;218.8	92;78719;83206;-;210.2	110;99729;101321;-;79.6	107;95798;98446;-;100.1	112;102116;102673;-;69.5	98;88737;89663;-;94.7	96;85953;87587;-;310.5	88;70623;72806;+;346.0		88;70623;72806;+;69.6	B	8/9	contiguous	31493	0	1	
NZ_KX377410.1	MPF_T	IncP1	77	0	0	GA	1		60;42118;42501;+;68.7	61;42504;42830;+;50.6	62;42827;45370;+;94.8	62;42827;45370;+;107.0	67;48846;49616;+;104.8	68;49807;51366;+;113.8		63;45367;46074;+;91.8	64;46090;46980;+;152.4	66;47439;48833;+;224.7	59;41048;42004;+;134.8	28;20472;22418;-;442.7		conjscan	conjscan_only	A	7/7	canonical	1	0	unscoreable	2	0	0														not_admitted	not_admitted	not_admitted	not_admitted	not_admitted	not_admitted	not_admitted
NZ_KX388535.1	MPF_T	-	168	0	0	GA	1	139;146016;146753;+;75.2	42;51316;51717;-;74.9	141;147118;147444;+;73.6	142;147444;149813;+;240.3	40;48545;51013;-;122.7	39;47764;48573;-;47.8	37;46746;47555;-;103.1		146;151670;152383;+;176.9	34;44667;45533;-;191.3	32;42865;44178;-;225.2	43;51707;52678;-;133.5	100;103153;105102;-;544.1		conjscan	conjscan_only	A	7/7	uncallable	0	0	unscoreable	12	0	0														not_admitted	not_admitted	not_admitted	not_admitted	not_admitted	not_admitted	not_admitted
NZ_KX388536.1	MPF_T	-	183	0	0	GA	1	111;131432;132151;+;59.9	67;80909;81313;-;72.9	113;132531;132857;+;72.2	114;132857;135226;+;226.5	65;78141;80606;-;130.0	64;77360;78169;-;45.9	62;75952;77142;-;106.9		117;137015;137788;+;176.5	60;74404;75225;-;183.3	58;72606;73916;-;226.1	68;81303;82274;-;130.5	153;167607;169550;-;537.1		conjscan	conjscan_only	A	7/7	uncallable	0	0	unscoreable	10	0	0														not_admitted	not_admitted	not_admitted	not_admitted	not_admitted	not_admitted	not_admitted
NZ_KX421096.1	MPF_F	IncHI2;IncHI2A	276	0	0	GA	0															not_admitted	not_admitted	not_admitted	not_admitted	not_admitted	not_admitted	not_admitted	not_admitted	not_admitted	not_admitted	1	233;206081;207139;-;276.9	69;58207;59622;+;194.1	68;57171;58217;+;174.3	249;226711;229392;-;168.0	70;59631;63584;+;101.7	253;231722;233077;-;80.7	249;226711;229392;-;72.2	256;234801;235589;-;74.8	235;207281;208792;-;62.0	232;202874;206062;-;57.3	61;48045;50129;-;56.8	250;229401;230351;-;46.1	61;48045;50129;-;38.8	A	9/9	split_2	186756	1	1	63765..65054+;429;unnamed;0
NZ_KX434879.1	MPF_F	IncHI2;IncHI2A	123	0	0	GA	0															not_admitted	not_admitted	not_admitted	not_admitted	not_admitted	not_admitted	not_admitted	not_admitted	not_admitted	not_admitted	1	72;65638;66696;-;276.9			88;86268;88949;-;168.0		92;91279;92634;-;80.7	88;86268;88949;-;72.2	95;94358;95146;-;74.8	74;66838;68349;-;62.0	71;62431;65619;-;57.3		89;88958;89908;-;46.1		C	6/9	contiguous	31927	0	1	
NZ_KX447767.1	MPF_T	IncX3	52	0	0	GA	1	39;31524;32168;-;46.4	38;31250;31540;-;73.1	37;28472;31225;-;47.0	37;28472;31225;-;142.4	37;28472;31225;-;73.3	36;27692;28462;-;60.1	34;26358;27413;-;133.2		33;25435;26163;-;119.4	32;24500;25429;-;138.8	31;23289;24503;-;128.3	29;22059;23093;-;65.7	28;20221;22056;-;495.9		pfam	pfam_only	A	7/7	canonical	1	1	unscoreable	2	0	0														not_admitted	not_admitted	not_admitted	not_admitted	not_admitted	not_admitted	not_admitted
NZ_KX447768.1	MPF_T	IncX4	42	0	0	GA	1	26;24526;25146;-;41.6	25;24186;24512;-;64.4	24;21420;24167;-;63.8	24;21420;24167;-;151.8	24;21420;24167;-;46.1	23;20692;21408;-;94.2	22;19586;20680;-;150.1		20;18385;19071;-;169.0	19;17480;18388;-;142.4	18;16369;17487;-;163.9	17;15339;16367;-;85.0	16;13490;15307;-;314.8		pfam	pfam_only	A	7/7	canonical	1	1	unscoreable	1	0	0														not_admitted	not_admitted	not_admitted	not_admitted	not_admitted	not_admitted	not_admitted
NZ_KX458222.1	MPF_F	IncC	212	0	0	GA	0															not_admitted	not_admitted	not_admitted	not_admitted	not_admitted	not_admitted	not_admitted	not_admitted	not_admitted	not_admitted	1	94;69228;70235;+;332.9	202;162054;163487;+;339.2	201;161024;162052;+;221.7	89;64029;66476;+;354.2	203;163500;167114;+;375.3	82;53950;55266;+;135.0	89;64029;66476;+;128.6	80;52426;53052;+;92.1	92;67298;68563;+;67.6	95;70351;73146;+;145.3	71;46751;48616;+;47.4	83;55263;55841;+;100.2	71;46751;48616;+;52.0	A	9/9	split_2	116749	0	1	
NZ_KX470734.1	MPF_T	IncX3	68	0	0	GA	1	55;46039;46683;-;46.4	54;45765;46055;-;73.1	53;42987;45740;-;47.0	53;42987;45740;-;142.4	53;42987;45740;-;73.3	52;42207;42977;-;60.1	50;40873;41928;-;133.2		49;39950;40678;-;119.4	48;39015;39944;-;138.8	47;37804;39018;-;128.3	45;36574;37608;-;65.7	44;34736;36571;-;495.9		pfam	pfam_only	A	7/7	canonical	1	1	unscoreable	2	0	0														not_admitted	not_admitted	not_admitted	not_admitted	not_admitted	not_admitted	not_admitted
NZ_KX470735.1	MPF_T	IncX3	58	0	0	GA	1	55;44636;45280;-;46.4	54;44362;44652;-;73.1	53;41584;44337;-;47.0	53;41584;44337;-;142.4	53;41584;44337;-;73.3	52;40804;41574;-;60.1	50;39470;40525;-;133.2		49;38547;39275;-;119.4	48;37612;38541;-;138.8	47;36401;37615;-;128.3	45;35171;36205;-;65.7	44;33333;35168;-;495.9		pfam	pfam_only	A	7/7	canonical	1	1	unscoreable	2	0	0														not_admitted	not_admitted	not_admitted	not_admitted	not_admitted	not_admitted	not_admitted
NZ_KX503323.1	MPF_F	IncFII(pHN7A8)	84	0	0	GA	0															not_admitted	not_admitted	not_admitted	not_admitted	not_admitted	not_admitted	not_admitted	not_admitted	not_admitted	not_admitted	1	58;48664;49656;+;369.5	71;56489;57862;+;376.8	66;54180;54923;+;234.4	55;45028;47655;+;301.8	72;57859;60675;+;376.7	50;41546;42973;+;94.1	55;45028;47655;+;101.8	48;40265;40831;+;183.8	61;50602;51240;+;70.4	64;52053;53903;+;265.0	76;62976;65192;+;391.7	54;43997;44512;+;78.0	76;62976;65192;+;70.3	A	9/9	contiguous	22711	1	1	60708..61229+;173;unnamed;0
NZ_KX505142.1	MPF_T	IncI2(Delta)	82	0	0	GA	1	41;35842;36324;-;81.1		56;51921;52205;-;36.6	55;49558;51915;-;58.5	55;49558;51915;-;44.9	68;58221;58862;-;45.1	69;58868;59866;-;130.8		53;48658;49392;-;144.3	52;47891;48661;-;170.5	51;46762;47901;-;154.7	44;38093;39631;-;208.0	49;43714;45672;-;290.9		pfam	pfam_only	A	7/7	rearranged	1	0	unscoreable	17	0	0														not_admitted	not_admitted	not_admitted	not_admitted	not_admitted	not_admitted	not_admitted
NZ_KX507346.1	MPF_T	IncX3	59	0	0	GA	1	44;36620;37264;-;46.4	43;36346;36636;-;73.1	42;33568;36321;-;47.0	42;33568;36321;-;142.4	42;33568;36321;-;73.3	41;32788;33558;-;60.1	38;31453;32268;-;95.2		37;30530;31258;-;119.4	36;29595;30524;-;138.8	35;28384;29598;-;128.3	33;27154;28188;-;65.7	32;25316;27151;-;495.9		pfam	pfam_only	A	7/7	canonical	1	1	unscoreable	3	0	0														not_admitted	not_admitted	not_admitted	not_admitted	not_admitted	not_admitted	not_admitted
NZ_KX518743.1	MPF_F	IncHI2;IncHI2A	246	0	0	GA	0															not_admitted	not_admitted	not_admitted	not_admitted	not_admitted	not_admitted	not_admitted	not_admitted	not_admitted	not_admitted	1	203;177750;178808;-;276.9	68;57033;58448;+;194.1	67;55997;57043;+;174.3	219;198380;201061;-;168.0	69;58457;62410;+;101.7	223;203391;204746;-;80.7	219;198380;201061;-;72.2	226;206470;207258;-;74.8	205;178950;180461;-;62.0	202;174543;177731;-;57.3	60;46871;48955;-;56.8	220;201070;202020;-;46.1	60;46871;48955;-;38.8	A	9/9	split_2	159599	1	1	62591..63880+;429;unnamed;0
NZ_KX523903.1	MPF_T	ColKP3;IncX3	65	0	0	GA	1	25;21116;21760;-;46.4	24;20842;21132;-;73.1	23;18064;20817;-;47.0	23;18064;20817;-;142.4	23;18064;20817;-;73.3	22;17284;18054;-;60.1	20;15950;17005;-;132.8		19;15027;15755;-;119.4	18;14092;15021;-;138.8	17;12881;14095;-;128.3	15;11651;12685;-;65.7	14;9813;11648;-;495.9		pfam	pfam_only	A	7/7	canonical	1	1	unscoreable	2	0	0														not_admitted	not_admitted	not_admitted	not_admitted	not_admitted	not_admitted	not_admitted
NZ_KX555451.1	MPF_T	IncX4	48	0	0	GA	1	31;27073;27693;-;41.6	30;26733;27059;-;64.4	29;23967;26714;-;63.8	29;23967;26714;-;151.8	29;23967;26714;-;46.1	28;23239;23955;-;94.4	27;22133;23227;-;150.1		25;20932;21618;-;169.0	24;20027;20935;-;142.4	23;18916;20034;-;163.9	22;17886;18914;-;85.0	21;16037;17854;-;314.8		pfam	pfam_only	A	7/7	canonical	1	1	unscoreable	1	0	0														not_admitted	not_admitted	not_admitted	not_admitted	not_admitted	not_admitted	not_admitted
NZ_KX555452.1	MPF_T	IncX4	42	0	0	GA	1	25;24646;25266;-;41.6	24;24306;24632;-;64.4	23;21540;24287;-;63.8	23;21540;24287;-;151.8	23;21540;24287;-;46.1	22;20812;21528;-;94.2	21;19706;20800;-;150.1		19;18505;19191;-;169.0	18;17600;18508;-;142.4	17;16489;17607;-;163.9	16;15459;16487;-;85.0	15;13610;15427;-;314.8		pfam	pfam_only	A	7/7	canonical	1	1	unscoreable	1	0	0														not_admitted	not_admitted	not_admitted	not_admitted	not_admitted	not_admitted	not_admitted
NZ_KX570748.1	MPF_T	IncX4	39	0	0	GA	1	12;6241;6861;+;41.6	13;6875;7201;+;64.4	14;7220;9967;+;63.8	14;7220;9967;+;151.8	14;7220;9967;+;46.1	15;9979;10590;+;92.5	16;10708;11802;+;150.1		18;12317;13003;+;169.0	19;13000;13908;+;142.4	20;13901;15019;+;163.9	21;15021;16049;+;85.0	22;16081;17898;+;314.8		pfam	pfam_only	A	7/7	canonical	1	1	unscoreable	1	0	0														not_admitted	not_admitted	not_admitted	not_admitted	not_admitted	not_admitted	not_admitted
NZ_KX580713.1	MPF_T	IncP1	64	0	0	GA	1		19;11495;11878;+;68.7	20;11881;12207;+;50.6	21;12204;14747;+;94.8	21;12204;14747;+;107.0	26;18223;18993;+;104.8	27;19184;20743;+;113.8		22;14744;15451;+;91.8	23;15467;16357;+;152.4	25;16816;18210;+;224.7	18;10425;11381;+;135.2	54;39052;40998;-;442.7		conjscan	conjscan_only	A	7/7	canonical	1	0	unscoreable	2	0	0														not_admitted	not_admitted	not_admitted	not_admitted	not_admitted	not_admitted	not_admitted
NZ_KX580716.1	MPF_T	IncI2	78	0	0	GA	1	2;2248;2730;-;81.1		17;18326;18610;-;36.6	16;15963;18320;-;58.5	16;15963;18320;-;42.8	29;24063;24704;-;42.8	30;24710;25705;-;128.5		14;15063;15797;-;144.3	13;14296;15066;-;170.5	12;13167;14306;-;154.7	5;4498;6036;-;207.1	10;10119;12077;-;289.6		pfam	pfam_only	A	7/7	rearranged	1	0	unscoreable	17	1	0														not_admitted	not_admitted	not_admitted	not_admitted	not_admitted	not_admitted	not_admitted
NZ_KX592672.1	MPF_T	IncI2	76	0	0	GA	1	37;31750;32232;-;81.1		52;47828;48112;-;36.6	51;45465;47822;-;58.5	51;45465;47822;-;42.8	64;53565;54206;-;42.8	65;54212;55207;-;128.5		49;44565;45299;-;144.3	48;43798;44568;-;170.5	47;42669;43808;-;154.7	40;34000;35538;-;207.1	45;39621;41579;-;289.6		pfam	pfam_only	A	7/7	rearranged	1	0	unscoreable	17	1	0														not_admitted	not_admitted	not_admitted	not_admitted	not_admitted	not_admitted	not_admitted
NZ_KX608544.1	MPF_F	IncFII(pHN7A8)	81	0	0	GA	0															not_admitted	not_admitted	not_admitted	not_admitted	not_admitted	not_admitted	not_admitted	not_admitted	not_admitted	not_admitted	1	54;40767;41759;+;369.5	67;48592;49965;+;376.8	62;46283;47026;+;234.4	51;37131;39758;+;301.8	68;49962;52778;+;376.7	46;33649;35076;+;94.1	51;37131;39758;+;101.8	44;32368;32934;+;183.8	57;42705;43343;+;70.4	60;44156;46006;+;265.0	72;55079;57277;+;391.7	50;36100;36615;+;78.0	72;55079;57277;+;70.3	A	9/9	contiguous	22711	1	1	52811..53332+;173;unnamed;0
NZ_KX618696.1	MPF_T	IncX3	62	0	0	GA	1	13;8367;9011;+;46.4	14;8995;9285;+;73.1	15;9310;12063;+;47.0	15;9310;12063;+;145.4	15;9310;12063;+;73.3	16;12073;12843;+;60.1	18;13122;14177;+;133.2		19;14372;15100;+;119.4	20;15106;16035;+;138.8	21;16032;17246;+;128.3	23;17442;18476;+;65.7	24;18479;20314;+;495.9		pfam	pfam_only	A	7/7	canonical	1	1	unscoreable	2	0	0														not_admitted	not_admitted	not_admitted	not_admitted	not_admitted	not_admitted	not_admitted
NZ_KX618697.1	MPF_T	IncX3	57	0	0	GA	1	13;8494;9138;+;46.4	14;9122;9412;+;73.1	15;9437;12190;+;47.0	15;9437;12190;+;142.4	15;9437;12190;+;73.3	16;12200;12970;+;60.1	18;13249;14304;+;133.2		19;14499;15227;+;119.4	20;15233;16162;+;138.8	21;16159;17373;+;128.3	23;17569;18603;+;65.7	24;18606;20441;+;495.9		pfam	pfam_only	A	7/7	canonical	1	1	unscoreable	2	0	0														not_admitted	not_admitted	not_admitted	not_admitted	not_admitted	not_admitted	not_admitted
NZ_KX618698.1	MPF_T	IncX3	61	0	0	GA	1	13;8357;9001;+;46.4	14;8985;9275;+;73.1	15;9300;12053;+;47.0	15;9300;12053;+;145.4	15;9300;12053;+;73.3	16;12063;12833;+;60.1	18;13112;14167;+;133.2		19;14362;15090;+;119.4	20;15096;16025;+;138.8	21;16022;17236;+;128.3	23;17432;18466;+;65.7	24;18469;20304;+;495.9		pfam	pfam_only	A	7/7	canonical	1	1	unscoreable	2	0	0														not_admitted	not_admitted	not_admitted	not_admitted	not_admitted	not_admitted	not_admitted
NZ_KX618699.1	MPF_T	IncX3	61	0	0	GA	1	13;8357;9001;+;46.4	14;8985;9275;+;73.1	15;9300;12053;+;47.0	15;9300;12053;+;145.4	15;9300;12053;+;73.3	16;12063;12833;+;60.1	18;13112;14167;+;133.2		19;14362;15090;+;119.4	20;15096;16025;+;138.8	21;16022;17236;+;128.3	23;17432;18466;+;65.7	24;18469;20304;+;495.9		pfam	pfam_only	A	7/7	canonical	1	1	unscoreable	2	0	0														not_admitted	not_admitted	not_admitted	not_admitted	not_admitted	not_admitted	not_admitted
NZ_KX618700.1	MPF_T	IncX3	61	0	0	GA	1	13;8357;9001;+;46.4	14;8985;9275;+;73.1	15;9300;12053;+;47.0	15;9300;12053;+;145.4	15;9300;12053;+;73.3	16;12063;12833;+;60.1	18;13112;14167;+;133.2		19;14362;15090;+;119.4	20;15096;16025;+;138.8	21;16022;17236;+;128.3	23;17432;18466;+;65.7	24;18469;20304;+;495.9		pfam	pfam_only	A	7/7	canonical	1	1	unscoreable	2	0	0														not_admitted	not_admitted	not_admitted	not_admitted	not_admitted	not_admitted	not_admitted
NZ_KX618701.1	MPF_T	IncX3	61	0	0	GA	1	13;8357;9001;+;46.4	14;8985;9275;+;73.1	15;9300;12053;+;47.0	15;9300;12053;+;145.4	15;9300;12053;+;73.3	16;12063;12833;+;60.1	18;13112;14167;+;133.2		19;14362;15090;+;119.4	20;15096;16025;+;138.8	21;16022;17236;+;128.3	23;17432;18466;+;65.7	24;18469;20304;+;495.9		pfam	pfam_only	A	7/7	canonical	1	1	unscoreable	2	0	0														not_admitted	not_admitted	not_admitted	not_admitted	not_admitted	not_admitted	not_admitted
NZ_KX618702.1	MPF_T	IncX3	61	0	0	GA	1	13;8357;9001;+;46.4	14;8985;9275;+;73.1	15;9300;12053;+;47.0	15;9300;12053;+;145.4	15;9300;12053;+;73.3	16;12063;12833;+;60.1	18;13112;14167;+;133.2		19;14362;15090;+;119.4	20;15096;16025;+;138.8	21;16022;17236;+;128.3	23;17432;18466;+;65.7	24;18469;20304;+;495.9		pfam	pfam_only	A	7/7	canonical	1	1	unscoreable	2	0	0														not_admitted	not_admitted	not_admitted	not_admitted	not_admitted	not_admitted	not_admitted
NZ_KX618703.1	MPF_T	IncX3	61	0	0	GA	1	13;8357;9001;+;46.4	14;8985;9275;+;73.1	15;9300;12053;+;47.0	15;9300;12053;+;145.4	15;9300;12053;+;73.3	16;12063;12833;+;60.1	18;13112;14167;+;133.2		19;14362;15090;+;119.4	20;15096;16025;+;138.8	21;16022;17236;+;128.3	23;17432;18466;+;65.7	24;18469;20304;+;495.9		pfam	pfam_only	A	7/7	canonical	1	1	unscoreable	2	0	0														not_admitted	not_admitted	not_admitted	not_admitted	not_admitted	not_admitted	not_admitted
NZ_KX618704.1	MPF_T	IncX3	61	0	0	GA	1	13;8357;9001;+;46.4	14;8985;9275;+;73.1	15;9300;12053;+;47.0	15;9300;12053;+;145.4	15;9300;12053;+;73.3	16;12063;12833;+;60.1	18;13112;14167;+;133.2		19;14362;15090;+;119.4	20;15096;16025;+;138.8	21;16022;17236;+;128.3	23;17432;18466;+;65.7	24;18469;20304;+;495.9		pfam	pfam_only	A	7/7	canonical	1	1	unscoreable	2	0	0														not_admitted	not_admitted	not_admitted	not_admitted	not_admitted	not_admitted	not_admitted
NZ_KX636095.1	MPF_F	IncC;IncFIB(K);IncFII(K)	390	0	0	GA	0															not_admitted	not_admitted	not_admitted	not_admitted	not_admitted	not_admitted	not_admitted	not_admitted	not_admitted	not_admitted	1	310;265456;266445;-;363.3	299;258270;259637;-;383.5	303;260895;261647;-;233.7	128;98590;101037;+;354.2	27;22677;26291;+;375.3	117;85279;86595;+;135.0	128;98590;101037;+;128.6	327;276660;277226;-;167.9	131;101859;103124;+;67.6	307;262519;264474;-;259.7	294;250518;252830;-;392.8	118;86592;87170;+;100.2	294;250518;252830;-;65.9	A	9/9	split_3	253983	0	1	
NZ_KX646543.1	MPF_F	IncFII	141	0	0	GA	0															not_admitted	not_admitted	not_admitted	not_admitted	not_admitted	not_admitted	not_admitted	not_admitted	not_admitted	not_admitted	1	116;85472;86464;+;369.5	128;93020;94393;+;381.7	121;89570;90313;+;234.4	113;81833;84463;+;304.1	129;94390;97212;+;374.0	104;75913;77364;+;94.2	113;81833;84463;+;97.1	102;74632;75198;+;174.3	118;86808;87446;+;68.6	119;87443;89293;+;265.5	133;99484;101772;+;391.0	107;78224;78739;+;78.4	133;99484;101772;+;70.3	A	9/9	contiguous	24852	1	1	97234..97713+;159;TraS;0
NZ_KX674681.1	MPF_T	IncX3	57	0	0	GA	1	28;26152;26796;-;46.4	27;25878;26168;-;73.1	26;23100;25853;-;47.0	26;23100;25853;-;142.4	26;23100;25853;-;73.3	25;22320;23090;-;60.1	23;20986;22041;-;133.2		22;20063;20791;-;119.4	21;19128;20057;-;138.8	20;17917;19131;-;128.3	18;16687;17721;-;65.7	17;14849;16684;-;495.9		pfam	pfam_only	A	7/7	canonical	1	1	unscoreable	2	0	0														not_admitted	not_admitted	not_admitted	not_admitted	not_admitted	not_admitted	not_admitted
NZ_KX683284.1	MPF_T	IncX3	102	0	0	GA	1	25;18000;18644;-;46.4	24;17726;18016;-;73.1	87;62080;62838;-;49.5	23;14948;17701;-;145.4	87;62080;62838;-;74.6	22;14168;14938;-;60.1	20;12834;13889;-;133.2		19;11911;12639;-;119.4	18;10976;11905;-;138.8	17;9765;10979;-;128.3	15;8535;9569;-;65.7	14;6697;8532;-;495.9		pfam	pfam_only	A	7/7	canonical	1	0	unscoreable	10	0	0														not_admitted	not_admitted	not_admitted	not_admitted	not_admitted	not_admitted	not_admitted
NZ_KX686749.1	MPF_T	-	53	0	0	GA	1		24;20676;20939;+;56.2	25;20952;23720;+;75.1	25;20952;23720;+;176.0	25;20952;23720;+;86.5	30;25587;26576;+;84.3	31;26573;27568;+;116.9		33;27712;28371;+;177.9	34;28368;29258;+;162.9	35;29268;30449;+;165.3	36;30430;31437;+;94.4	37;31438;33249;+;344.8		pfam	pfam_only	A	7/7	canonical	1	1	unscoreable	5	0	0														not_admitted	not_admitted	not_admitted	not_admitted	not_admitted	not_admitted	not_admitted
NZ_KX709966.1	MPF_F	IncC	207	0	0	GA	0															not_admitted	not_admitted	not_admitted	not_admitted	not_admitted	not_admitted	not_admitted	not_admitted	not_admitted	not_admitted	1	116;89291;90298;+;332.9	197;157456;158889;+;339.2	196;156426;157454;+;221.7	111;84092;86539;+;355.4	198;158902;162516;+;375.3	106;75265;76581;+;135.0	111;84092;86539;+;128.6	104;73741;74367;+;92.1	114;87361;88626;+;67.6	117;90414;93212;+;145.3	95;68066;69931;+;47.4	107;76578;77156;+;100.2	95;68066;69931;+;52.0	A	9/9	split_2	90836	0	1	
NZ_KX710093.1	MPF_F	IncHI2;IncHI2A	345	0	0	GA	0															not_admitted	not_admitted	not_admitted	not_admitted	not_admitted	not_admitted	not_admitted	not_admitted	not_admitted	not_admitted	1	29;32026;33084;+;276.9	254;234794;236209;-;194.1	255;236199;237245;-;173.7	11;8955;11636;+;168.0	253;230835;234785;-;101.6	7;5270;6625;+;80.7	11;8955;11636;+;72.2	4;2758;3546;+;74.8	27;30373;31884;+;62.7	30;33103;36291;+;58.3	261;244286;246370;+;56.7	10;7996;8946;+;46.1	261;244286;246370;+;38.8	A	9/9	split_3	241528	0	1	
NZ_KX711706.1	MPF_T	IncX4	41	0	0	GA	1	26;24531;25151;-;41.6	25;24191;24517;-;64.4	24;21425;24172;-;63.8	24;21425;24172;-;151.8	24;21425;24172;-;46.1	23;20697;21413;-;94.2	22;19591;20685;-;150.1		20;18390;19076;-;169.0	19;17485;18393;-;142.4	18;16374;17492;-;163.9	17;15344;16372;-;85.0	16;13495;15312;-;314.8		pfam	pfam_only	A	7/7	canonical	1	1	unscoreable	1	0	0														not_admitted	not_admitted	not_admitted	not_admitted	not_admitted	not_admitted	not_admitted
NZ_KX711707.1	MPF_T	IncX4	44	0	0	GA	1	29;26219;26839;-;41.6	28;25879;26205;-;64.4	27;23113;25860;-;63.8	27;23113;25860;-;151.8	27;23113;25860;-;46.1	26;22385;23101;-;94.2	25;21279;22373;-;150.1		23;20078;20764;-;169.0	22;19173;20081;-;142.4	21;18062;19180;-;163.9	20;17032;18060;-;85.0	19;15183;17000;-;314.8		pfam	pfam_only	A	7/7	canonical	1	1	unscoreable	1	0	0														not_admitted	not_admitted	not_admitted	not_admitted	not_admitted	not_admitted	not_admitted
NZ_KX711708.1	MPF_T	IncX4	45	0	0	GA	1	30;26166;26786;-;41.6	29;25826;26152;-;64.4	28;23060;25807;-;63.8	28;23060;25807;-;151.8	28;23060;25807;-;46.1	27;22332;23048;-;94.2	26;21226;22320;-;150.1		24;20025;20711;-;169.0	23;19120;20028;-;142.4	22;18009;19127;-;163.9	21;16979;18007;-;85.0	20;15130;16947;-;314.8		pfam	pfam_only	A	7/7	canonical	1	1	unscoreable	1	0	0														not_admitted	not_admitted	not_admitted	not_admitted	not_admitted	not_admitted	not_admitted
NZ_KX711879.1	MPF_T	IncN	67	0	0	GA	1	19;14048;14782;+;32.5		22;15425;15742;+;63.3	23;15742;18342;+;113.8	23;15742;18342;+;76.4	24;18360;19073;+;105.5	26;19324;20364;+;142.4		27;20583;21281;+;131.9	28;21292;22176;+;159.7	29;22176;23336;+;156.3	30;23378;24373;+;81.2	44;36020;37549;-;38.5		pfam	both	A	7/7	canonical	1	0	unscoreable	3	0	0														not_admitted	not_admitted	not_admitted	not_admitted	not_admitted	not_admitted	not_admitted
NZ_KX711880.1	MPF_T	IncN	65	0	0	GA	1	17;9107;9841;+;32.5		20;10484;10801;+;63.3	21;10801;13401;+;113.8	21;10801;13401;+;76.4	22;13419;14132;+;105.5	24;14383;15423;+;142.4		25;15642;16340;+;131.9	26;16351;17235;+;159.7	27;17235;18395;+;156.3	28;18437;19432;+;81.2	41;31445;32974;-;38.5		pfam	both	A	7/7	canonical	1	0	unscoreable	3	0	0														not_admitted	not_admitted	not_admitted	not_admitted	not_admitted	not_admitted	not_admitted
NZ_KX721511.1	MPF_F	IncHI2;IncHI2A	147	0	0	GA	0															not_admitted	not_admitted	not_admitted	not_admitted	not_admitted	not_admitted	not_admitted	not_admitted	not_admitted	not_admitted	1	88;77378;78436;-;276.9			104;98008;100689;-;168.0		108;103019;104374;-;80.7	104;98008;100689;-;72.2	111;106098;106886;-;74.8	90;78578;80089;-;62.0	87;74171;77359;-;57.3		105;100698;101648;-;46.1		C	6/9	contiguous	31927	0	1	
NZ_KX753679.1	MPF_T	-	33	0	0	GA	1	4;3599;4249;+;50.6	5;4276;4563;+;44.4	6;4576;7347;+;30.2	6;4576;7347;+;153.3	6;4576;7347;+;89.0	7;7358;8083;+;98.6	9;8341;9342;+;119.9		11;9550;10236;+;134.7	12;10238;11095;+;156.4	13;11105;12214;+;171.2	14;12227;13258;+;93.5	15;13261;14997;+;356.3		pfam	pfam_only	A	7/7	canonical	1	1	unscoreable	2	0	0														not_admitted	not_admitted	not_admitted	not_admitted	not_admitted	not_admitted	not_admitted
NZ_KX772777.1	MPF_T	IncX4	41	0	0	GA	1	26;24531;25151;-;41.6	25;24191;24517;-;64.4	24;21425;24172;-;63.8	24;21425;24172;-;151.8	24;21425;24172;-;46.1	23;20697;21413;-;94.2	22;19591;20685;-;150.1		20;18390;19076;-;169.0	19;17485;18393;-;142.4	18;16374;17492;-;163.9	17;15344;16372;-;85.0	16;13495;15312;-;314.8		pfam	pfam_only	A	7/7	canonical	1	1	unscoreable	1	0	0														not_admitted	not_admitted	not_admitted	not_admitted	not_admitted	not_admitted	not_admitted
NZ_KX772778.1	MPF_T	IncI2	83	0	0	GA	1	44;36691;37173;-;81.1		59;52769;53053;-;36.6	58;50406;52763;-;58.5	58;50406;52763;-;42.8	71;58506;59147;-;42.8	72;59153;60148;-;128.5		56;49506;50240;-;144.3	55;48739;49509;-;170.5	54;47610;48749;-;154.7	47;38941;40479;-;207.1	52;44562;46520;-;289.6		pfam	pfam_only	A	7/7	rearranged	1	0	unscoreable	17	1	0														not_admitted	not_admitted	not_admitted	not_admitted	not_admitted	not_admitted	not_admitted
NZ_KX774387.1	MPF_F	-	132	0	0	GA	0															not_admitted	not_admitted	not_admitted	not_admitted	not_admitted	not_admitted	not_admitted	not_admitted	not_admitted	not_admitted	1	75;62686;63741;+;268.1	89;76668;78077;+;229.6	88;75741;76652;+;215.0	71;58207;60693;+;211.5	90;78097;81330;+;215.1	68;55490;56782;+;117.6	71;58207;60693;+;113.8	66;53839;54492;+;92.3	74;61466;62686;+;45.7	92;81802;84573;+;119.2	60;49446;51359;+;20.5	69;56799;57311;+;68.8	60;49446;51359;+;24.6	A	9/9	contiguous	32356	0	1	
NZ_KX777254.1	MPF_F	IncFIB(S);IncFII(S);IncFII(pAR0022)	123	0	0	GA	0															not_admitted	not_admitted	not_admitted	not_admitted	not_admitted	not_admitted	not_admitted	not_admitted	not_admitted	not_admitted	1	93;70269;71261;+;366.7	101;76508;77158;+;196.7	99;74728;75477;+;231.0	90;66634;69282;+;314.1	103;77886;78536;+;186.3	81;62681;64102;+;91.5	90;66634;69282;+;97.8	79;61389;61955;+;188.1	95;71573;72211;+;70.6	97;72664;74490;+;271.0	109;82359;84425;+;374.3	85;64907;65422;+;96.7	109;82359;84425;+;72.2	A	9/9	contiguous	20970	1	1	78698..79783+;361;unnamed;0
NZ_KX784502.1	MPF_T	IncN3	56	0	0	GA	1	46;37499;38281;-;33.3	44;36956;37252;-;36.0	43;36599;36916;-;71.9	42;34025;36598;-;118.0	42;34025;36598;-;74.2	41;33308;34009;-;98.9	39;32002;33039;-;121.9	38;31794;31925;-;40.1	37;31088;31783;-;132.6	36;30190;31077;-;147.8	35;29057;30190;-;166.3	34;28005;29006;-;90.1	18;11995;13527;+;52.0		pfam	both	A	7/7	canonical	1	0	ga	2	0	0														not_admitted	not_admitted	not_admitted	not_admitted	not_admitted	not_admitted	not_admitted
NZ_KX784503.1	MPF_T	IncN3	56	0	0	GA	1	36;28728;29510;-;33.3	34;28185;28481;-;36.0	33;27828;28145;-;71.9	32;25254;27827;-;118.0	32;25254;27827;-;74.2	31;24537;25238;-;98.9	29;23231;24268;-;121.9	28;23023;23154;-;40.1	27;22317;23012;-;132.6	26;21419;22306;-;147.8	25;20286;21419;-;166.3	24;19234;20235;-;90.1	18;12010;13542;+;52.0		pfam	both	A	7/7	canonical	1	0	ga	7	0	0														not_admitted	not_admitted	not_admitted	not_admitted	not_admitted	not_admitted	not_admitted
NZ_KX786187.1	MPF_F	IncFII(Yp)	195	0	0	GA	0															not_admitted	not_admitted	not_admitted	not_admitted	not_admitted	not_admitted	not_admitted	not_admitted	not_admitted	not_admitted	1	177;143427;144413;+;367.9	184;148736;150109;+;375.9	181;147187;147936;+;218.5	174;139803;142433;+;285.1	185;150109;152928;+;335.9	168;136501;137895;+;91.1	174;139803;142433;+;98.6	166;135218;135784;+;170.1	178;144430;145059;+;66.0	179;145056;146936;+;260.6	188;154326;156521;+;384.8	169;137917;138444;+;66.1	188;154326;156521;+;63.9	A	9/9	contiguous	19108	1	1	152953..153426+;157;TraS;0
NZ_KX786648.1	MPF_F	IncC	172	0	0	GA	0															not_admitted	not_admitted	not_admitted	not_admitted	not_admitted	not_admitted	not_admitted	not_admitted	not_admitted	not_admitted	1	97;75432;76439;+;332.9	161;130411;131844;+;339.2	160;129381;130409;+;221.7	92;70233;72680;+;354.2	162;131857;135471;+;375.3	83;56922;58238;+;135.0	92;70233;72680;+;128.6	81;55398;56024;+;92.1	95;73502;74767;+;67.6	98;76555;79350;+;145.3	72;49723;51588;+;47.4	84;58235;58813;+;100.2	72;49723;51588;+;52.0	A	9/9	split_2	82134	0	1	
NZ_KX810825.1	MPF_F	IncHI2;IncHI2A	380	0	0	GA	0															not_admitted	not_admitted	not_admitted	not_admitted	not_admitted	not_admitted	not_admitted	not_admitted	not_admitted	not_admitted	1	334;293238;294296;-;276.9	146;125164;126579;+;194.1	145;124128;125174;+;173.7	354;315520;317613;-;168.9	147;126588;130538;+;101.6	361;319939;321294;-;80.7	353;314933;315520;-;36.0	364;323077;323805;-;75.1	336;294438;295949;-;62.7	333;290031;293219;-;58.3	138;114227;116311;-;56.7	355;317622;318224;-;40.3	138;114227;116311;-;38.8	A	9/9	split_3	208850	0	1	
NZ_KX815983.1	MPF_T	IncC;IncX1	222	0	0	GA	1	49;33115;33762;-;45.2	48;32841;33137;-;77.5	47;30069;32822;-;46.6	47;30069;32822;-;148.0	47;30069;32822;-;75.3	46;29300;30058;-;65.9	44;27929;29062;-;108.9		43;26971;27684;-;120.0	42;26037;26966;-;129.7	86;59657;60973;-;135.0	40;24069;24833;-;55.2	39;21965;23800;-;486.5		pfam	pfam_only	A	7/7	canonical	1	1	unscoreable	1	0	0														not_admitted	not_admitted	not_admitted	not_admitted	not_admitted	not_admitted	not_admitted
NZ_KX827311.1	MPF_T	IncI2	86	0	0	GA	1	48;33573;34055;-;81.1		62;49632;49916;-;36.5	61;47269;49626;-;59.8	61;47269;49626;-;45.0	73;55479;56126;-;41.6	74;56132;57118;-;120.4		60;46371;47105;-;144.3	59;45604;46374;-;169.8	58;44475;45614;-;154.7	51;35824;37362;-;207.1	56;41427;43385;-;287.0		pfam	pfam_only	A	7/7	rearranged	1	0	unscoreable	15	0	0														not_admitted	not_admitted	not_admitted	not_admitted	not_admitted	not_admitted	not_admitted
NZ_KX832926.1	-	-	57	0	0	GA	1	39;34664;35278;-;45.0	38;34367;34654;-;55.4	37;31535;34306;-;45.0	37;31535;34306;-;164.3	37;31535;34306;-;64.1	36;30758;31525;-;65.2	34;29465;30499;-;119.4		31;28324;29043;-;150.6	30;27404;28321;-;144.1	29;26223;27407;-;136.1	28;25189;26220;-;84.9	27;23420;25180;-;474.8		pfam	pfam_only	A	7/7	canonical	1	1	unscoreable	3	0	0														not_admitted	not_admitted	not_admitted	not_admitted	not_admitted	not_admitted	not_admitted
NZ_KX832927.1	MPF_F	-	280	0	0	GA	0															not_admitted	not_admitted	not_admitted	not_admitted	not_admitted	not_admitted	not_admitted	not_admitted	not_admitted	not_admitted	1	168;150803;151810;-;332.9	3;6522;7931;-;229.6	4;7947;8978;-;213.0	174;155339;157786;-;354.5	2;3260;6502;-;215.1	179;165342;166658;-;135.0	174;155339;157786;-;128.3	181;167556;168182;-;92.7	171;153252;154517;-;67.9	167;147889;150687;-;145.3	190;171985;173850;-;47.3	178;164767;165345;-;100.2	190;171985;173850;-;52.0	A	9/9	split_2	168725	0	1	
NZ_KX832928.1	MPF_T	-	69	0	0	GA	1	40;33820;34530;-;101.0	39;33516;33809;-;41.2		38;32026;33504;-;79.6	38;32026;33504;-;58.7	43;36308;37555;-;32.4	50;42365;43450;-;71.0		49;41577;42365;-;74.6	48;40825;41562;-;149.0	47;39444;40823;-;180.8	46;38391;39428;-;92.0	42;34794;36311;-;35.6		pfam	pfam_only	A	7/7	rearranged	1	0	unscoreable	3	0	0														not_admitted	not_admitted	not_admitted	not_admitted	not_admitted	not_admitted	not_admitted
NZ_KX832929.1	MPF_F	-	96	0	0	GA	0															not_admitted	not_admitted	not_admitted	not_admitted	not_admitted	not_admitted	not_admitted	not_admitted	not_admitted	not_admitted	1	15;19595;20650;-;268.1	3;6512;7921;-;229.6	4;7937;8968;-;214.5	19;22643;25129;-;211.5	2;3259;6492;-;214.2	22;26553;27845;-;117.6	19;22643;25129;-;113.8	24;28843;29496;-;91.1	16;20650;21870;-;45.7	0;17;2788;-;119.2	30;31976;33889;-;20.5	21;26024;26536;-;68.8	30;31976;33889;-;24.6	A	9/9	contiguous	31959	0	1	
NZ_KX833071.1	MPF_T	IncX3	58	0	0	GA	1	45;38165;38809;-;46.4	44;37891;38181;-;73.1	43;35113;37866;-;47.0	43;35113;37866;-;142.4	43;35113;37866;-;73.3	42;34333;35103;-;60.1	40;32999;34054;-;133.2		39;32076;32804;-;119.4	38;31141;32070;-;135.9	37;29930;31144;-;128.3	35;28700;29734;-;65.7	34;26862;28697;-;495.9		pfam	pfam_only	A	7/7	canonical	1	1	unscoreable	2	0	0														not_admitted	not_admitted	not_admitted	not_admitted	not_admitted	not_admitted	not_admitted
NZ_KX833212.1	MPF_T	IncX1	49	0	0	GA	1	22;14031;14678;+;45.0	23;14656;14952;+;77.5	24;14971;17724;+;46.4	24;14971;17724;+;148.2	24;14971;17724;+;73.5	25;17735;18493;+;67.3	27;18790;19920;+;103.0		28;20167;20880;+;117.1	29;20885;21814;+;133.9	30;21811;23016;+;132.5	31;23018;24049;+;76.7	32;24052;25887;+;492.3		pfam	pfam_only	A	7/7	canonical	1	1	unscoreable	1	0	0														not_admitted	not_admitted	not_admitted	not_admitted	not_admitted	not_admitted	not_admitted
NZ_KX839207.1	MPF_F	repFIB;repHI5B	331	0	0	GA	0															not_admitted	not_admitted	not_admitted	not_admitted	not_admitted	not_admitted	not_admitted	not_admitted	not_admitted	not_admitted	1	144;117551;118588;+;282.2	307;274497;275939;-;188.6	308;275896;276933;-;172.0	133;103965;106682;+;143.5	306;270551;274495;-;119.0	129;100475;101842;+;63.7	133;103965;106682;+;80.6	126;97960;98820;+;74.7	143;116193;117554;+;71.7	145;118603;121779;+;58.7	315;284179;286305;+;62.0	132;103179;103916;+;56.3	315;284179;286305;+;39.7	A	9/9	split_2	186219	0	1	
NZ_KX839208.1	MPF_F	IncFIB(K);IncFII(K)	201	0	0	GA	0															not_admitted	not_admitted	not_admitted	not_admitted	not_admitted	not_admitted	not_admitted	not_admitted	not_admitted	not_admitted	1	81;65371;66363;+;366.6	91;71880;73247;+;381.2	87;69871;70623;+;232.2	78;61706;64345;+;259.3	92;73247;76096;+;346.5	68;56462;57886;+;88.4	78;61706;64345;+;88.8	66;55169;55735;+;167.0	82;66376;67014;+;67.0	83;67073;69028;+;258.5	96;77911;80220;+;392.7	70;58516;59073;+;52.7	96;77911;80220;+;66.6	A	9/9	contiguous	22742	1	1	76099..76677+;192;unnamed;0
NZ_KX839209.1	MPF_F	IncFII	116	0	0	GA	0															not_admitted	not_admitted	not_admitted	not_admitted	not_admitted	not_admitted	not_admitted	not_admitted	not_admitted	not_admitted	1	88;66586;67578;+;367.1	98;73357;74730;+;381.7	93;70684;71427;+;234.4	85;62947;65577;+;304.1	99;74727;77549;+;374.0	78;58497;59948;+;94.2	85;62947;65577;+;97.1	76;57216;57782;+;174.3	90;67922;68560;+;68.6	91;68557;70407;+;266.1	103;79821;82118;+;391.0	81;60808;61323;+;78.4	103;79821;82118;+;70.2	A	9/9	contiguous	22605	1	1	77571..78050+;159;TraS;0
NZ_KX856065.1	MPF_F	IncHI2;IncHI2A	198	0	0	GA	0															not_admitted	not_admitted	not_admitted	not_admitted	not_admitted	not_admitted	not_admitted	not_admitted	not_admitted	not_admitted	1	104;102537;103595;+;276.9			84;78951;81632;+;168.0		80;75266;76621;+;80.7	84;78951;81632;+;72.2	77;72754;73542;+;74.8	102;100884;102395;+;62.0	105;103614;106802;+;57.3		83;77992;78942;+;46.1		C	6/9	split_2	30860	0	1	
NZ_KX856066.1	MPF_F	IncHI2;IncHI2A;IncN	263	0	0	GA	0															not_admitted	not_admitted	not_admitted	not_admitted	not_admitted	not_admitted	not_admitted	not_admitted	not_admitted	not_admitted	1	163;149791;150849;+;276.9	48;42993;44408;-;194.1	49;44398;45444;-;174.3	146;127538;130219;+;168.0	47;39031;42984;-;101.7	142;123853;125208;+;80.7	146;127538;130219;+;72.2	139;121341;122129;+;74.8	161;148138;149649;+;62.0	164;150868;154056;+;57.3	56;52486;54570;+;56.8	145;126579;127529;+;46.1	56;52486;54570;+;38.8	A	9/9	split_3	111837	1	1	37561..38850-;429;unnamed;0
NZ_KX856067.1	MPF_T	IncI2	75	0	0	GA	1	36;31846;32328;-;81.1		51;47924;48208;-;36.6	50;45561;47918;-;58.5	50;45561;47918;-;42.8	63;53661;54302;-;42.8	64;54308;55303;-;128.5		48;44661;45395;-;145.2	47;43894;44664;-;170.5	46;42765;43904;-;154.7	39;34096;35634;-;207.1	44;39717;41675;-;289.6		pfam	pfam_only	A	7/7	rearranged	1	0	unscoreable	17	1	0														not_admitted	not_admitted	not_admitted	not_admitted	not_admitted	not_admitted	not_admitted
NZ_KX856068.1	MPF_T	IncI2	76	0	0	GA	1	36;32608;33090;-;81.1		51;48686;48970;-;36.6	50;46323;48680;-;58.5	50;46323;48680;-;42.8	63;54423;55064;-;42.8	64;55070;56065;-;128.5		48;45423;46157;-;144.3	47;44656;45426;-;170.5	46;43527;44666;-;154.7	39;34858;36396;-;207.1	44;40479;42437;-;289.6		pfam	pfam_only	A	7/7	rearranged	1	0	unscoreable	17	1	0														not_admitted	not_admitted	not_admitted	not_admitted	not_admitted	not_admitted	not_admitted
NZ_KX858825.1	MPF_F	IncFII(pECLA);repE(pEh60-7)	103	0	0	GA	0															not_admitted	not_admitted	not_admitted	not_admitted	not_admitted	not_admitted	not_admitted	not_admitted	not_admitted	not_admitted	1	89;74519;75367;+;122.0			87;73692;74144;+;62.6		78;68429;69838;+;92.3		76;67099;67680;+;99.7			90;75357;77210;+;246.3	85;72890;73444;+;44.0	90;75357;77210;+;75.7	D	4/9	contiguous	8258	0	0	
NZ_KX868552.1	MPF_F	IncFII(Y);IncFII(pAR0022)	100	0	0	GA	0															not_admitted	not_admitted	not_admitted	not_admitted	not_admitted	not_admitted	not_admitted	not_admitted	not_admitted	not_admitted	1	76;52909;53895;+;368.4	84;58608;59978;+;377.9	80;56642;57391;+;218.2	73;49285;51915;+;285.5	85;59978;62839;+;333.9	67;45971;47365;+;90.9	73;49285;51915;+;98.6	65;44688;45254;+;171.0	77;53912;54541;+;66.9	78;54538;56391;+;260.5	88;64515;66683;+;384.9	68;47387;47926;+;67.0	88;64515;66683;+;63.9	A	9/9	contiguous	19827	1	1	62858..63343+;161;TraS;0
NZ_KX869741.1	MPF_F	IncC	222	0	0	GA	0															not_admitted	not_admitted	not_admitted	not_admitted	not_admitted	not_admitted	not_admitted	not_admitted	not_admitted	not_admitted	1	100;71691;72698;+;332.9	212;166904;168337;+;339.2	211;165874;166902;+;221.7	95;66492;68939;+;354.5	213;168350;171964;+;375.3	90;57620;58936;+;135.0	95;66492;68939;+;128.3	88;56096;56722;+;92.7	98;69761;71026;+;67.9	101;72814;75612;+;145.3	79;50421;52286;+;47.3	91;58933;59511;+;100.2	79;50421;52286;+;52.0	A	9/9	split_2	117929	0	1	
NZ_KX881941.1	MPF_T	IncN	59	0	0	GA	1	48;42226;42963;-;32.0		45;41265;41582;-;63.3	44;38665;41265;-;111.8	44;38665;41265;-;76.4	43;37934;38647;-;105.5	41;36643;37683;-;142.4		40;35727;36425;-;131.9	39;34832;35716;-;159.7	38;33672;34832;-;156.3	37;32635;33630;-;81.2	25;18206;19735;+;38.5		pfam	both	A	7/7	canonical	1	0	unscoreable	3	0	0														not_admitted	not_admitted	not_admitted	not_admitted	not_admitted	not_admitted	not_admitted
NZ_KX894452.1	MPF_T	ColKP3;IncX3	65	0	0	GA	1	25;21116;21760;-;46.4	24;20842;21132;-;73.1	23;18064;20817;-;47.0	23;18064;20817;-;142.4	23;18064;20817;-;73.3	22;17284;18054;-;60.1	20;15950;17005;-;132.8		19;15027;15755;-;119.4	18;14092;15021;-;138.8	17;12881;14095;-;128.3	15;11651;12685;-;65.7	14;9813;11648;-;495.9		pfam	pfam_only	A	7/7	canonical	1	1	unscoreable	2	0	0														not_admitted	not_admitted	not_admitted	not_admitted	not_admitted	not_admitted	not_admitted
NZ_KX894453.1	MPF_T	IncX4	42	0	0	GA	1	15;7795;8367;+;42.2	16;8428;8754;+;64.4	17;8773;11520;+;63.8	17;8773;11520;+;151.8	17;8773;11520;+;46.1	18;11532;12248;+;94.2	19;12260;13354;+;150.1		21;13869;14555;+;169.0	22;14552;15460;+;142.4	23;15453;16571;+;163.9	24;16573;17601;+;85.0	25;17633;19450;+;314.8		pfam	pfam_only	A	7/7	canonical	1	1	unscoreable	1	0	0														not_admitted	not_admitted	not_admitted	not_admitted	not_admitted	not_admitted	not_admitted
NZ_KX912253.1	MPF_F	IncFII(pECLA);IncR	121	0	0	GA	0															not_admitted	not_admitted	not_admitted	not_admitted	not_admitted	not_admitted	not_admitted	not_admitted	not_admitted	not_admitted	1	53;61092;62090;-;355.2	44;54464;55828;-;363.3	50;57820;58602;-;212.9	61;65485;68094;-;219.5	43;51183;54464;-;307.2	70;72074;73483;-;95.4	61;65485;68094;-;100.5	72;74232;74813;-;94.6	52;60458;61081;-;63.4	51;58599;60461;-;213.2	39;46396;48963;-;365.0	63;68342;68896;-;44.1	39;46396;48963;-;76.8	A	9/9	contiguous	27836	1	1	50461..51174-;237;unnamed;0
NZ_KX928750.1	MPF_T	IncN	83	0	0	GA	1	28;22786;23520;-;32.5		25;21826;22143;-;63.3	24;19772;21826;-;114.2	24;19772;21826;-;76.9	22;18496;19209;-;105.5	20;17205;18245;-;142.4		19;16288;16986;-;131.9	18;15393;16277;-;159.7	17;14233;15393;-;156.3	16;13196;14191;-;81.2	60;50893;52422;-;38.5		pfam	both	A	7/7	canonical	1	0	unscoreable	4	0	0														not_admitted	not_admitted	not_admitted	not_admitted	not_admitted	not_admitted	not_admitted
NZ_KX928751.1	MPF_T	IncN	98	0	0	GA	1	46;30425;31159;-;32.5		43;29463;29780;-;63.3	41;28079;28642;-;104.9	42;28609;29463;-;79.2	37;26130;26843;-;105.5	34;24837;25607;-;109.8		33;23920;24618;-;131.9	32;23025;23909;-;159.7	31;21865;23025;-;151.2	30;20915;21823;-;79.8	73;47812;49341;+;38.5		pfam	both	A	7/7	canonical	1	0	unscoreable	7	0	0														not_admitted	not_admitted	not_admitted	not_admitted	not_admitted	not_admitted	not_admitted
NZ_KX928752.1	MPF_F	IncFIA;IncFIB(AP001918);IncFII(pRSB107);IncY	251	0	0	GA	0															not_admitted	not_admitted	not_admitted	not_admitted	not_admitted	not_admitted	not_admitted	not_admitted	not_admitted	not_admitted	1	183;159726;160718;-;369.5	170;151099;151968;-;287.9	178;155877;156620;-;231.4	186;161727;164354;-;303.9	168;147781;150600;-;386.3	192;166239;167690;-;94.1	186;161727;164354;-;96.5	194;168405;168971;-;184.3	181;158744;159382;-;68.7	180;156897;158747;-;266.7	164;143307;145523;-;391.8	189;164870;165385;-;75.2	164;143307;145523;-;70.3	A	9/9	contiguous	25098	1	1	147265..147756-;163;TraS;0
NZ_KX957968.1	MPF_F	-	217	0	0	GA	0															not_admitted	not_admitted	not_admitted	not_admitted	not_admitted	not_admitted	not_admitted	not_admitted	not_admitted	not_admitted	1	20;23390;24397;+;329.4	146;124368;125807;+;325.0	145;123332;124366;+;208.0	15;18161;20611;+;315.0	147;125814;129455;+;345.7	9;8921;10270;+;124.9	15;18161;20611;+;134.6	7;7348;7977;+;86.9	18;21424;22692;+;65.4	21;24593;27373;+;142.3	1;3134;5002;+;44.9	10;10270;10818;+;85.0	1;3134;5002;+;48.3	A	9/9	split_2	122680	0	1	
NZ_KX957969.1	MPF_F	-	226	0	0	GA	0															not_admitted	not_admitted	not_admitted	not_admitted	not_admitted	not_admitted	not_admitted	not_admitted	not_admitted	not_admitted	1	20;23390;24397;+;329.4	139;129178;130617;+;325.0	138;128142;129176;+;208.0	15;18161;20611;+;315.0	140;130624;134265;+;345.7	9;8921;10270;+;124.9	15;18161;20611;+;134.6	7;7348;7977;+;86.9	18;21424;22692;+;65.4	21;24593;27373;+;142.3	1;3134;5002;+;44.6	10;10270;10818;+;85.0	1;3134;5002;+;48.4	A	9/9	split_2	127490	0	1	
NZ_KX957970.1	MPF_F	-	215	0	0	GA	0															not_admitted	not_admitted	not_admitted	not_admitted	not_admitted	not_admitted	not_admitted	not_admitted	not_admitted	not_admitted	1	20;23390;24397;+;329.4	137;125303;126742;+;325.0	136;124267;125301;+;208.0	15;18161;20611;+;315.0	138;126749;130390;+;345.7	9;8921;10270;+;124.9	15;18161;20611;+;134.6	7;7348;7977;+;86.9	18;21424;22692;+;65.4	21;24593;27373;+;142.3	1;3134;5002;+;44.6	10;10270;10818;+;85.0	1;3134;5002;+;48.4	A	9/9	split_2	123615	0	1	
NZ_KX957971.1	MPF_F	-	214	0	0	GA	0															not_admitted	not_admitted	not_admitted	not_admitted	not_admitted	not_admitted	not_admitted	not_admitted	not_admitted	not_admitted	1	20;23390;24397;+;329.4	126;114375;115814;+;325.0	125;113339;114373;+;208.0	15;18161;20611;+;315.0	127;115821;119462;+;345.7	9;8921;10270;+;124.9	15;18161;20611;+;134.6	7;7348;7977;+;86.9	18;21424;22692;+;65.4	21;24593;27373;+;142.3	1;3134;5002;+;44.9	10;10327;10818;+;85.4	1;3134;5002;+;48.3	A	9/9	split_2	112687	0	1	
NZ_KX957972.1	MPF_F	-	203	0	0	GA	0															not_admitted	not_admitted	not_admitted	not_admitted	not_admitted	not_admitted	not_admitted	not_admitted	not_admitted	not_admitted	1	20;23437;24444;+;330.7	98;84997;86436;+;325.0	97;83979;84995;+;208.1	15;18208;20658;+;313.9	99;86443;90081;+;345.7	9;8918;10267;+;126.0	15;18208;20658;+;133.2	7;7348;7977;+;86.2	18;21471;22739;+;65.4	21;24640;27420;+;141.7	1;3134;5002;+;44.6	10;10324;10815;+;86.0	1;3134;5002;+;48.4	A	9/9	split_2	83309	0	1	
NZ_KX960109.1	MPF_T	IncX3	55	0	0	GA	1	42;36632;37276;-;46.4	41;36358;36648;-;73.1	40;33580;36333;-;47.0	40;33580;36333;-;142.4	40;33580;36333;-;73.3	39;32800;33570;-;60.1	36;31467;32327;-;101.3		35;30545;31165;-;117.3	34;29610;30539;-;138.8	33;28399;29613;-;128.3	31;27169;28203;-;65.7	30;25331;27166;-;495.9		pfam	pfam_only	A	7/7	canonical	1	1	unscoreable	2	0	0														not_admitted	not_admitted	not_admitted	not_admitted	not_admitted	not_admitted	not_admitted
NZ_KX960110.1	MPF_T	IncX3;IncY	122	0	0	GA	1	6;6185;6829;-;46.4	5;5911;6201;-;73.1	4;3133;5886;-;47.0	4;3133;5886;-;142.4	4;3133;5886;-;73.3	3;2353;3123;-;60.1	1;1019;2074;-;133.2		0;294;824;-;82.0	121;101676;102374;-;96.8	120;100465;101679;-;128.3	118;99235;100269;-;65.7	117;97397;99232;-;495.9		pfam	pfam_only	A	7/7	canonical	1	1	unscoreable	2	0	0														not_admitted	not_admitted	not_admitted	not_admitted	not_admitted	not_admitted	not_admitted
NZ_KY000025.1	MPF_T	-	203	0	0	GA	1	144;150562;151281;-;59.9	190;207832;208236;+;77.9	142;149856;150182;-;70.6	141;147487;149856;-;226.5	192;208539;211007;+;126.3	193;210979;211788;+;44.8	195;211988;213175;+;111.9		138;144925;145698;-;176.5	197;213870;214724;+;190.6	199;215212;216513;+;220.7	189;206871;207842;+;130.9	71;82622;84565;+;556.1		conjscan	conjscan_only	A	7/7	uncallable	0	0	unscoreable	10	0	0														not_admitted	not_admitted	not_admitted	not_admitted	not_admitted	not_admitted	not_admitted
NZ_KY000026.1	MPF_T	-	223	0	0	GA	1	122;136678;137397;+;59.9	85;98294;98698;-;72.1	124;137777;138103;+;70.6	125;138103;140472;+;226.5	83;95523;97991;-;123.0	82;94742;95551;-;43.9	80;93346;94533;-;112.7		128;142261;143034;+;176.5	78;91797;92651;-;190.4	76;90004;91308;-;222.5	86;98688;99659;-;128.9	186;194638;196581;-;533.3		conjscan	conjscan_only	A	7/7	uncallable	0	0	unscoreable	10	0	0														not_admitted	not_admitted	not_admitted	not_admitted	not_admitted	not_admitted	not_admitted
NZ_KY000027.1	MPF_T	-	190	0	0	GA	1	161;166790;167527;+;75.2	64;73287;73688;-;74.9	163;167892;168218;+;73.6	164;168218;170587;+;240.3	62;70516;72984;-;122.8	61;69735;70544;-;48.3	59;68330;69517;-;113.0		168;172444;173157;+;176.9	57;66782;67636;-;185.2	55;64981;66294;-;220.5	65;73678;74649;-;133.5	122;124136;126085;-;574.0		conjscan	conjscan_only	A	7/7	uncallable	0	0	unscoreable	11	0	0														not_admitted	not_admitted	not_admitted	not_admitted	not_admitted	not_admitted	not_admitted
NZ_KY000028.1	MPF_T	-	182	0	0	GA	1	143;145324;146061;+;75.2	53;56442;56843;-;74.9	145;146426;146752;+;73.6	146;146752;149121;+;240.3	51;53671;56139;-;122.8	50;52890;53699;-;48.3	48;51485;52672;-;113.0		150;150978;151691;+;176.9	46;49937;50791;-;185.2	44;48136;49449;-;220.5	54;56833;57804;-;133.5	104;102769;104718;-;574.0		conjscan	conjscan_only	A	7/7	uncallable	0	0	unscoreable	11	0	0														not_admitted	not_admitted	not_admitted	not_admitted	not_admitted	not_admitted	not_admitted
NZ_KY000029.1	MPF_T	-	202	0	0	GA	1	143;150562;151281;-;59.9	189;207832;208236;+;77.9	141;149856;150182;-;70.6	140;147487;149856;-;226.5	191;208539;211007;+;123.6	192;210979;211788;+;46.2	194;211988;213175;+;114.2		137;144925;145698;-;176.5	196;213870;214724;+;190.4	198;215212;216513;+;220.7	188;206871;207842;+;130.9	70;82623;84566;+;550.2		conjscan	conjscan_only	A	7/7	uncallable	0	0	unscoreable	10	0	0														not_admitted	not_admitted	not_admitted	not_admitted	not_admitted	not_admitted	not_admitted
NZ_KY000030.1	MPF_T	-	185	0	0	GA	1	107;117546;118265;+;58.2	67;71150;71554;-;71.8	109;118645;118971;+;68.7	110;118971;121340;+;226.4	65;68385;70847;-;129.6	64;67604;68413;-;45.7	62;66199;67386;-;107.4		113;123129;123902;+;176.5	60;64651;65505;-;186.3	58;62864;64165;-;226.5	68;71544;72515;-;131.9	182;188608;190530;-;556.9		conjscan	conjscan_only	A	7/7	uncallable	0	0	unscoreable	18	0	0														not_admitted	not_admitted	not_admitted	not_admitted	not_admitted	not_admitted	not_admitted
NZ_KY000031.1	MPF_T	-	193	0	0	GA	1	58;55277;56014;+;75.2	154;163554;163955;-;74.9	60;56379;56705;+;73.6	61;56705;59074;+;239.2	152;160783;163251;-;122.8	151;160002;160811;-;48.3	149;158597;159784;-;113.0		65;60931;61644;+;176.9	147;157049;157903;-;185.2	145;155248;156561;-;222.0	155;163945;164916;-;133.5	19;12707;14656;-;574.0		conjscan	conjscan_only	A	7/7	uncallable	0	0	unscoreable	11	0	0														not_admitted	not_admitted	not_admitted	not_admitted	not_admitted	not_admitted	not_admitted
NZ_KY000032.1	MPF_T	-	196	0	0	GA	1		59;63686;64090;-;73.6	111;118514;118840;+;72.2	112;118840;121209;+;226.5	57;62094;63383;-;131.2	56;61309;62118;-;48.1	52;58703;59422;-;81.7		115;122998;123771;+;175.3	116;123768;124649;+;151.8	49;55683;56990;-;227.8	74;79066;80196;-;132.7	156;157760;159703;-;543.3		conjscan	conjscan_only	A	7/7	uncallable	0	0	unscoreable	14	0	0														not_admitted	not_admitted	not_admitted	not_admitted	not_admitted	not_admitted	not_admitted
NZ_KY000033.1	MPF_T	-	174	0	0	GA	1	149;157820;158479;+;33.3	115;122568;122951;-;71.1	151;158841;159167;+;71.6	152;159167;161536;+;199.5	113;119809;122265;-;122.3	112;119034;119837;-;46.2	110;117662;118843;-;114.0		155;163357;164070;+;163.3	108;116150;116962;-;187.2	106;114402;115694;-;218.1	116;122941;123918;-;130.9	96;103909;105912;-;543.4		conjscan	conjscan_only	A	7/7	uncallable	0	0	unscoreable	21	0	0														not_admitted	not_admitted	not_admitted	not_admitted	not_admitted	not_admitted	not_admitted
NZ_KY000034.1	MPF_T	-	172	0	0	GA	1	143;151007;151744;+;73.4	18;17010;17411;-;70.9	145;152109;152435;+;73.6	146;152435;154804;+;240.3	16;14239;16707;-;125.4	15;13464;14267;-;45.0	13;12059;13255;-;112.0		150;156661;157374;+;176.9	11;10510;11376;-;186.7	9;8705;10021;-;225.0	19;17401;18372;-;133.5	105;108384;110360;-;573.0		conjscan	conjscan_only	A	7/7	uncallable	0	0	unscoreable	11	0	0														not_admitted	not_admitted	not_admitted	not_admitted	not_admitted	not_admitted	not_admitted
NZ_KY000035.1	MPF_T	-	191	0	0	GA	1	89;96077;96796;+;59.9	39;41282;41686;-;72.1	91;97176;97502;+;72.2	92;97502;99871;+;226.5	37;38511;40979;-;122.8	36;37730;38539;-;43.5	34;36334;37521;-;113.3		95;101660;102433;+;176.5	32;34785;35639;-;190.2	30;32992;34296;-;222.5	40;41676;42647;-;129.5	152;154037;155980;-;539.2		conjscan	conjscan_only	A	7/7	uncallable	0	0	unscoreable	10	0	0														not_admitted	not_admitted	not_admitted	not_admitted	not_admitted	not_admitted	not_admitted
NZ_KY000036.1	MPF_T	-	170	0	0	GA	1	143;152272;153009;+;73.4	18;18275;18676;-;70.9	145;153374;153700;+;73.6	146;153700;156069;+;240.3	16;15504;17972;-;125.4	15;14729;15532;-;45.0	13;13324;14520;-;112.0		150;157926;158639;+;176.9	11;11775;12641;-;186.7	9;9970;11286;-;225.0	19;18666;19637;-;133.5	105;109649;111625;-;573.0		conjscan	conjscan_only	A	7/7	uncallable	0	0	unscoreable	11	0	0														not_admitted	not_admitted	not_admitted	not_admitted	not_admitted	not_admitted	not_admitted
NZ_KY000037.1	MPF_T	-	148	0	0	GA	1	64;69581;70300;+;58.2	23;23064;23468;-;71.8	66;70680;71006;+;68.7	67;71006;73375;+;226.4	21;20299;22761;-;129.6	20;19518;20327;-;45.7	18;18113;19300;-;107.4		70;75164;75937;+;176.5	16;16565;17419;-;186.3	14;14778;16079;-;226.5	24;23458;24429;-;131.9	92;90515;92455;+;510.6		conjscan	conjscan_only	A	7/7	uncallable	0	0	unscoreable	4	0	0														not_admitted	not_admitted	not_admitted	not_admitted	not_admitted	not_admitted	not_admitted
NZ_KY000038.1	MPF_T	-	200	0	0	GA	1	23;24984;25706;+;53.4	191;203964;204347;-;74.6	25;26068;26394;+;71.6	26;26394;28763;+;199.5	189;201211;203661;-;123.6	188;200436;201233;-;43.4	187;199064;200245;-;114.0		29;30584;31297;+;164.8	185;197552;198364;-;183.5	183;195798;197096;-;218.5	192;204337;205314;-;129.2	172;183711;185714;-;534.0		conjscan	conjscan_only	A	7/7	uncallable	0	0	unscoreable	11	0	0														not_admitted	not_admitted	not_admitted	not_admitted	not_admitted	not_admitted	not_admitted
NZ_KY000039.1	MPF_T	-	204	0	0	GA	1	166;162076;162813;+;75.2	34;31017;31418;-;76.1	168;163178;163504;+;73.6	169;163504;165873;+;240.3	31;29466;30698;-;124.3	21;20511;21320;-;48.7	24;23914;25104;-;111.7		173;167730;168443;+;176.9	11;12967;13833;-;191.3	9;9905;12478;-;335.7	35;31408;32379;-;135.2	120;112792;114768;-;568.1		conjscan	conjscan_only	A	7/7	uncallable	0	0	unscoreable	28	0	0														not_admitted	not_admitted	not_admitted	not_admitted	not_admitted	not_admitted	not_admitted
NZ_KY000040.1	MPF_T	-	195	0	0	GA	1	166;183877;184614;+;73.4	41;49875;50276;-;70.9	168;184979;185305;+;73.6	169;185305;187674;+;240.3	39;47104;49572;-;125.4	38;46329;47132;-;45.0	36;44924;46120;-;112.0		173;189531;190244;+;176.9	34;43375;44241;-;186.7	32;41570;42886;-;225.0	42;50266;51237;-;133.5	128;141249;143225;-;573.0		conjscan	conjscan_only	A	7/7	uncallable	0	0	unscoreable	11	0	0														not_admitted	not_admitted	not_admitted	not_admitted	not_admitted	not_admitted	not_admitted
NZ_KY000041.1	MPF_T	-	192	0	0	GA	1	178;195210;195947;+;75.2	57;70243;70644;-;73.1	180;196312;196638;+;73.6	181;196638;199007;+;239.2	55;67472;69940;-;125.4	54;66697;67500;-;45.0	52;65292;66488;-;112.0		185;200864;201577;+;176.9	50;63743;64609;-;189.2	48;61938;63254;-;226.5	58;70634;71605;-;133.5	140;152364;154313;-;544.5		conjscan	conjscan_only	A	7/7	uncallable	0	0	unscoreable	11	0	0														not_admitted	not_admitted	not_admitted	not_admitted	not_admitted	not_admitted	not_admitted
NZ_KY000043.1	MPF_T	-	210	0	0	GA	1	156;182593;183330;-;73.4	89;102746;103153;+;72.1	154;181902;182228;-;73.6	153;179533;181902;-;236.9	91;103456;105924;+;121.3	92;105896;106705;+;47.5	94;106914;108110;+;109.9		149;176964;177677;-;176.9	96;108805;109659;+;190.1	98;110148;111458;+;229.4	88;101785;102756;+;133.5	192;224263;226212;+;544.6		conjscan	conjscan_only	A	7/7	uncallable	0	0	unscoreable	11	0	0														not_admitted	not_admitted	not_admitted	not_admitted	not_admitted	not_admitted	not_admitted
NZ_KY000044.1	MPF_T	-	190	0	0	GA	1	127;129506;130243;+;75.2	5;4673;5074;-;73.1	129;130608;130934;+;73.6	130;130934;133303;+;239.2	3;1902;4370;-;129.2	2;1127;1930;-;45.0	132;134083;134970;+;57.2		134;135160;135873;+;176.9	187;201708;202574;-;189.2	185;199903;201219;-;226.5	6;5064;6035;-;133.5	144;145492;147591;+;512.6		conjscan	conjscan_only	A	7/7	canonical	1	0	unscoreable	9	0	0														not_admitted	not_admitted	not_admitted	not_admitted	not_admitted	not_admitted	not_admitted
NZ_KY000046.1	MPF_T	-	165	0	0	GA	1	137;147656;148393;+;75.2	48;59301;59705;-;74.8	139;148758;149084;+;73.6	140;149084;151453;+;240.3	46;56548;58998;-;120.8	45;55767;56576;-;44.9	43;54371;55558;-;112.1		144;153309;154022;+;176.9	41;52822;53676;-;191.5	39;51017;52333;-;226.5	49;59695;60666;-;133.9	97;104822;106771;-;544.0		conjscan	conjscan_only	A	7/7	uncallable	0	0	unscoreable	11	0	0														not_admitted	not_admitted	not_admitted	not_admitted	not_admitted	not_admitted	not_admitted
NZ_KY000047.1	MPF_T	-	173	0	0	GA	1	57;56373;57110;+;73.4	127;136604;137005;-;69.7	59;57475;57801;+;73.6	60;57801;60170;+;240.3	125;133833;136301;-;125.4	124;133058;133861;-;45.0	122;131653;132849;-;112.0		64;62027;62740;+;176.9	120;130104;130970;-;189.5	118;128299;129615;-;225.0	128;136995;137966;-;132.3	20;13515;15464;-;543.9		conjscan	conjscan_only	A	7/7	uncallable	0	0	unscoreable	11	0	0														not_admitted	not_admitted	not_admitted	not_admitted	not_admitted	not_admitted	not_admitted
NZ_KY000048.1	MPF_T	-	195	0	0	GA	1	77;93257;93994;-;73.4	11;14282;14689;+;72.1	75;92566;92892;-;73.6	74;90197;92566;-;237.3	13;14992;17460;+;121.3	14;17432;18241;+;47.5	16;18450;19646;+;109.9		70;87628;88341;-;176.9	18;20341;21195;+;190.1	20;21684;22994;+;230.5	10;13321;14292;+;136.9	113;134905;136854;+;543.9		conjscan	conjscan_only	A	7/7	uncallable	0	0	unscoreable	11	0	0														not_admitted	not_admitted	not_admitted	not_admitted	not_admitted	not_admitted	not_admitted
NZ_KY000049.1	MPF_T	-	199	0	0	GA	1	161;173773;174510;-;73.4	92;94766;95173;+;72.1	159;173082;173408;-;73.6	158;170713;173082;-;237.3	94;95476;97944;+;121.3	95;97916;98725;+;47.5	97;98934;100130;+;109.9		154;168144;168857;-;176.9	99;100825;101679;+;190.1	101;102168;103478;+;230.5	91;93805;94776;+;136.9	197;215421;217370;+;543.9		conjscan	conjscan_only	A	7/7	uncallable	0	0	unscoreable	11	0	0														not_admitted	not_admitted	not_admitted	not_admitted	not_admitted	not_admitted	not_admitted
NZ_KY000050.1	MPF_T	-	174	0	0	GA	1	75;70305;71042;+;73.4	146;150535;150936;-;70.4	77;71407;71733;+;73.6	78;71733;74102;+;240.3	144;147764;150232;-;125.4	143;146989;147792;-;45.0	141;145584;146780;-;112.0		82;75959;76672;+;176.9	139;144035;144901;-;186.7	137;142230;143546;-;225.0	147;150926;151897;-;133.5	37;27421;29370;-;543.9		conjscan	conjscan_only	A	7/7	uncallable	0	0	unscoreable	11	0	0														not_admitted	not_admitted	not_admitted	not_admitted	not_admitted	not_admitted	not_admitted
NZ_KY000051.1	MPF_T	-	197	0	0	GA	1	183;204444;205181;+;73.4	56;68239;68640;-;70.9	185;205546;205872;+;73.6	186;205872;208241;+;240.3	54;65468;67936;-;125.4	53;64693;65496;-;45.0	51;63288;64484;-;112.0		190;210098;210811;+;176.9	49;61739;62605;-;186.7	47;59934;61250;-;225.0	57;68630;69601;-;133.5	145;161816;163792;-;573.0		conjscan	conjscan_only	A	7/7	uncallable	0	0	unscoreable	5	0	0														not_admitted	not_admitted	not_admitted	not_admitted	not_admitted	not_admitted	not_admitted
NZ_KY000052.1	MPF_T	-	196	0	0	GA	1	9;7967;8704;-;73.4	139;146780;147187;+;72.1	7;7276;7602;-;73.6	6;4907;7276;-;237.3	141;147490;149958;+;121.3	142;149930;150739;+;47.5	144;150948;152144;+;109.9		2;2338;3051;-;176.9	146;152839;153693;+;190.1	148;154182;155492;+;230.5	138;145819;146790;+;136.9	45;49615;51564;+;543.9		conjscan	conjscan_only	A	7/7	uncallable	0	0	unscoreable	11	0	0														not_admitted	not_admitted	not_admitted	not_admitted	not_admitted	not_admitted	not_admitted
NZ_KY000053.1	MPF_T	-	197	0	0	GA	1	159;173451;174188;-;73.4	92;94630;95037;+;72.1	157;172760;173086;-;73.6	156;170391;172760;-;237.3	94;95340;97808;+;121.3	95;97780;98589;+;47.5	97;98798;99994;+;109.9		152;167822;168535;-;176.9	99;100689;101543;+;190.1	101;102032;103342;+;230.5	91;93669;94640;+;136.9	195;215099;217048;+;543.9		conjscan	conjscan_only	A	7/7	uncallable	0	0	unscoreable	11	0	0														not_admitted	not_admitted	not_admitted	not_admitted	not_admitted	not_admitted	not_admitted
NZ_KY000054.1	MPF_T	-	197	0	0	GA	1	173;190834;191571;-;73.4	106;111531;111938;+;72.1	171;190143;190469;-;73.6	170;187774;190143;-;237.3	108;112241;114709;+;121.1	109;114681;115490;+;44.8	111;115699;116895;+;108.8		166;185205;185918;-;176.9	113;117590;118444;+;190.1	115;118933;120243;+;230.5	105;110570;111541;+;136.4	13;14190;16139;+;540.8		conjscan	conjscan_only	A	7/7	uncallable	0	0	unscoreable	11	0	0														not_admitted	not_admitted	not_admitted	not_admitted	not_admitted	not_admitted	not_admitted
NZ_KY000055.1	MPF_T	-	198	0	0	GA	1	31;36853;37590;-;73.4	161;175472;175879;+;72.1	29;36162;36488;-;73.6	28;33793;36162;-;237.3	163;176182;178671;+;121.2	164;178623;179432;+;47.5	166;179641;180837;+;107.7		24;31224;31937;-;176.9	168;181532;182386;+;188.8	170;182875;184185;+;230.5	160;174511;175482;+;135.4	67;78501;80450;+;543.7		conjscan	conjscan_only	A	7/7	uncallable	0	0	unscoreable	11	0	0														not_admitted	not_admitted	not_admitted	not_admitted	not_admitted	not_admitted	not_admitted
NZ_KY000056.1	MPF_T	-	152	0	0	GA	1	135;144452;145159;+;54.6	57;65769;66176;-;77.4	137;145546;145872;+;72.1	138;145872;148241;+;200.7	55;62998;65466;-;120.4	54;62217;63026;-;48.7	52;60806;62008;-;109.9		142;150070;150783;+;167.3	50;59265;60119;-;192.1	46;56002;57309;-;226.3	58;66166;67137;-;138.3	115;119367;121325;-;548.3		conjscan	conjscan_only	A	7/7	uncallable	0	0	unscoreable	5	0	0														not_admitted	not_admitted	not_admitted	not_admitted	not_admitted	not_admitted	not_admitted
NZ_KY000057.1	MPF_T	-	191	0	0	GA	1	162;172946;173683;+;75.2	39;48183;48584;-;73.1	164;174048;174374;+;73.6	165;174374;176743;+;239.2	37;45412;47880;-;125.4	36;44637;45440;-;45.0	34;43232;44428;-;112.0		169;178600;179313;+;176.9	32;41683;42549;-;189.2	30;39878;41194;-;226.5	40;48574;49545;-;133.5	124;130100;132049;-;544.5		conjscan	conjscan_only	A	7/7	uncallable	0	0	unscoreable	12	0	0														not_admitted	not_admitted	not_admitted	not_admitted	not_admitted	not_admitted	not_admitted
NZ_KY000058.1	MPF_T	-	173	0	0	GA	1	144;155024;155761;+;75.2	41;51121;51522;-;74.9	146;156126;156452;+;73.6	147;156452;158821;+;240.3	39;48350;50818;-;122.9	38;47569;48378;-;46.9	36;46164;47360;-;110.2		151;160678;161391;+;176.9	34;44615;45481;-;191.3	32;42813;44126;-;224.6	42;51512;52483;-;134.7	105;111757;114129;-;550.4		conjscan	conjscan_only	A	7/7	uncallable	0	0	unscoreable	11	0	0														not_admitted	not_admitted	not_admitted	not_admitted	not_admitted	not_admitted	not_admitted
NZ_KY000059.1	MPF_T	-	181	0	0	GA	1	152;156158;156895;+;75.2	41;50901;51302;-;74.9	154;157260;157586;+;73.6	155;157586;159955;+;240.3	39;48130;50598;-;122.7	38;47349;48158;-;47.8	36;45944;47140;-;110.2		159;161812;162525;+;176.9	34;44395;45261;-;191.3	32;42593;43906;-;225.2	42;51292;52263;-;133.5	113;113314;115263;-;546.2		conjscan	conjscan_only	A	7/7	uncallable	0	0	unscoreable	11	0	0														not_admitted	not_admitted	not_admitted	not_admitted	not_admitted	not_admitted	not_admitted
NZ_KY000060.1	MPF_T	-	193	0	0	GA	1	168;190049;190756;+;54.6	74;82779;83183;-;71.8	170;191143;191469;+;72.1	171;191469;193838;+;200.7	72;80008;82476;-;118.0	71;79227;80036;-;49.5	69;77822;79018;-;109.9		175;195667;196380;+;167.3	67;76273;77127;-;189.5	65;74477;75784;-;222.7	75;83173;84144;-;134.0	146;163690;165660;-;551.3		conjscan	conjscan_only	A	7/7	uncallable	0	0	unscoreable	11	0	0														not_admitted	not_admitted	not_admitted	not_admitted	not_admitted	not_admitted	not_admitted
NZ_KY000061.1	MPF_T	-	186	0	0	GA	1	11;10449;11168;-;58.2	51;57160;57564;+;71.8	9;9743;10069;-;68.7	8;7374;9743;-;226.4	53;57867;60329;+;129.6	54;60301;61110;+;45.7	56;61328;62515;+;107.4		5;4812;5585;-;176.5	58;63209;64063;+;186.3	60;64549;65850;+;226.5	50;56199;57170;+;131.9	122;132443;134365;+;556.9		conjscan	conjscan_only	A	7/7	uncallable	0	0	unscoreable	4	0	0														not_admitted	not_admitted	not_admitted	not_admitted	not_admitted	not_admitted	not_admitted
NZ_KY000062.1	MPF_T	-	234	0	0	GA	1	203;204649;205386;+;75.2	39;48463;48864;-;74.9	205;205751;206077;+;73.6	206;206077;208446;+;240.3	37;45692;48160;-;122.7	36;44911;45720;-;47.8	34;43506;44702;-;110.2		210;210303;211016;+;176.9	32;41957;42823;-;191.3	30;40155;41468;-;225.2	40;48854;49825;-;133.5	164;161805;163754;-;546.2		conjscan	conjscan_only	A	7/7	uncallable	0	0	unscoreable	11	0	0														not_admitted	not_admitted	not_admitted	not_admitted	not_admitted	not_admitted	not_admitted
NZ_KY000063.1	MPF_T	-	171	0	0	GA	1	97;93213;93950;+;75.2	168;174745;175146;-;76.3	99;94315;94641;+;73.6	100;94641;97010;+;240.3	166;171974;174442;-;126.3	165;171097;172002;-;46.7	163;169789;170985;-;108.9		104;98867;99580;+;176.9	105;99577;100458;+;160.8	158;166437;167750;-;223.5	169;175136;176107;-;131.4	58;50369;52318;-;547.0		conjscan	conjscan_only	A	7/7	uncallable	0	0	unscoreable	12	0	0														not_admitted	not_admitted	not_admitted	not_admitted	not_admitted	not_admitted	not_admitted
NZ_KY000064.1	MPF_T	-	180	0	0	GA	1	105;100401;101138;+;75.2	175;182062;182463;-;74.9	107;101503;101829;+;73.6	108;101829;104198;+;240.3	173;179291;181759;-;122.7	172;178510;179319;-;47.8	170;177105;178301;-;110.2		112;106055;106768;+;176.9	168;175556;176422;-;191.3	166;173754;175067;-;225.2	176;182453;183424;-;133.5	66;57557;59506;-;546.2		conjscan	conjscan_only	A	7/7	uncallable	0	0	unscoreable	11	0	0														not_admitted	not_admitted	not_admitted	not_admitted	not_admitted	not_admitted	not_admitted
NZ_KY000065.1	MPF_T	-	177	0	0	GA	1	113;107520;108257;+;75.2	6;6036;6437;-;74.9	115;108622;108948;+;73.6	116;108948;111317;+;240.3	4;3265;5733;-;122.7	3;2484;3293;-;47.8	1;1079;2275;-;110.2		120;113174;113887;+;176.9	176;182545;183201;-;192.3	174;180743;182056;-;225.2	7;6427;7398;-;133.5	74;64637;66586;-;546.2		conjscan	conjscan_only	A	7/7	uncallable	0	0	unscoreable	11	0	0														not_admitted	not_admitted	not_admitted	not_admitted	not_admitted	not_admitted	not_admitted
NZ_KY000066.1	MPF_T	-	188	0	0	GA	1	115;111539;112276;+;75.2	3;1999;2400;-;74.9	117;112641;112967;+;73.6	118;112967;115336;+;240.3	118;112967;115336;+;89.9	186;192685;193494;-;47.8	184;191280;192476;-;110.2		122;117193;117906;+;176.9	182;189731;190597;-;191.3	180;187929;189242;-;225.3	4;2390;3361;-;133.5	76;68695;70644;-;549.6		conjscan	conjscan_only	A	7/7	uncallable	0	0	unscoreable	9	0	0														not_admitted	not_admitted	not_admitted	not_admitted	not_admitted	not_admitted	not_admitted
NZ_KY000068.1	MPF_T	-	196	0	0	GA	1	156;154077;154814;+;75.2	32;35342;35743;-;74.9	158;155179;155505;+;73.6	159;155505;157874;+;240.3	30;32571;35039;-;125.4	29;31790;32599;-;47.8	27;30385;31581;-;113.3		163;159731;160444;+;176.9	25;28836;29690;-;190.8	22;27033;27899;-;228.3	34;36931;37902;-;135.7	174;170242;172341;+;512.6		conjscan	conjscan_only	A	7/7	uncallable	0	0	unscoreable	13	0	0														not_admitted	not_admitted	not_admitted	not_admitted	not_admitted	not_admitted	not_admitted
NZ_KY000069.1	MPF_T	-	212	0	0	GA	1	154;139585;140322;+;75.2	62;57707;58111;-;76.4	156;140687;141013;+;73.6	157;141013;143382;+;240.3	60;54937;57405;-;130.8	59;54156;54965;-;47.9	14;13215;14054;-;75.6		161;145239;145952;+;176.9	19;17759;18625;-;191.3	10;9867;11174;-;227.7	63;58101;59072;-;133.9	171;155512;157611;+;512.6		conjscan	conjscan_only	A	7/7	uncallable	0	0	unscoreable	16	0	0														not_admitted	not_admitted	not_admitted	not_admitted	not_admitted	not_admitted	not_admitted
NZ_KY000070.1	MPF_T	-	180	0	0	GA	1	71;70225;70962;+;75.2	141;151754;152155;-;74.9	73;71327;71653;+;73.6	74;71653;74022;+;240.3	139;148983;151451;-;122.7	138;148202;149011;-;47.8	136;146797;147993;-;110.2		78;75879;76592;+;176.9	134;145248;146114;-;191.3	132;143446;144759;-;225.2	142;152145;153116;-;133.5	32;27381;29330;-;546.2		conjscan	conjscan_only	A	7/7	uncallable	0	0	unscoreable	11	0	0														not_admitted	not_admitted	not_admitted	not_admitted	not_admitted	not_admitted	not_admitted
NZ_KY000071.1	MPF_T	-	202	0	0	GA	1	77;73766;74503;+;75.2	147;155299;155700;-;74.9	79;74868;75194;+;73.6	80;75194;77563;+;240.3	145;152528;154996;-;122.7	144;151783;152556;-;37.4	142;150341;151537;-;109.6		84;79420;80133;+;176.9	140;148792;149646;-;191.4	138;146990;148303;-;225.2	148;155690;156661;-;133.5	23;16065;18014;-;546.2		conjscan	conjscan_only	A	7/7	uncallable	0	0	unscoreable	11	0	0														not_admitted	not_admitted	not_admitted	not_admitted	not_admitted	not_admitted	not_admitted
NZ_KY000073.1	MPF_T	-	195	0	0	GA	1	138;143682;144419;+;75.2	39;48186;48587;-;74.9	140;144784;145110;+;73.6	141;145110;147479;+;240.3	37;45415;47883;-;122.7	188;195007;195816;-;47.9	34;43229;44425;-;110.2		145;149336;150049;+;176.9	32;41680;42546;-;191.3	30;39878;41191;-;225.2	40;48577;49548;-;133.5	98;100841;102790;-;549.2		conjscan	conjscan_only	A	7/7	uncallable	0	0	unscoreable	14	0	0														not_admitted	not_admitted	not_admitted	not_admitted	not_admitted	not_admitted	not_admitted
NZ_KY000074.1	MPF_T	-	224	0	0	GA	1	138;143279;143998;+;59.1	139;144013;144378;+;66.0	140;144378;144704;+;72.2	141;144704;147073;+;226.5	89;92534;94963;-;87.7		88;91224;92558;-;103.5		144;148796;149206;+;115.0	86;89862;90932;-;182.7	84;88151;89428;-;200.4	91;95160;96131;-;130.5	186;183398;185341;-;543.3		none	none	A	7/7	uncallable	0	0	unscoreable	9	0	0														not_admitted	not_admitted	not_admitted	not_admitted	not_admitted	not_admitted	not_admitted
NZ_KY000075.1	MPF_T	-	231	0	0	GA	1	141;140378;141094;-;53.2	216;216578;216982;-;72.7	139;139674;140000;-;72.0	138;137305;139674;-;197.0	214;213813;216275;-;132.3	213;213032;213841;-;52.4	211;211630;212814;-;111.8		135;134767;135480;-;166.6	209;210082;210936;-;184.0	207;208280;209593;-;225.7	217;216972;217943;-;131.9	72;61352;62959;-;543.7		conjscan	conjscan_only	A	7/7	rearranged	1	0	unscoreable	10	0	0														not_admitted	not_admitted	not_admitted	not_admitted	not_admitted	not_admitted	not_admitted
NZ_KY007017.1	MPF_F	IncFIB(AP001918);IncFII	131	0	0	GA	0															not_admitted	not_admitted	not_admitted	not_admitted	not_admitted	not_admitted	not_admitted	not_admitted	not_admitted	not_admitted	1	61;70815;71807;-;369.3		57;67343;68086;-;231.6	64;72816;75443;-;306.4	53;63299;66055;-;282.3	70;77498;78925;-;94.4	64;72816;75443;-;98.5	72;79640;80206;-;183.3	60;70168;70806;-;68.7	59;68363;70171;-;267.9	50;59642;61795;-;391.8	66;75959;76474;-;77.3	50;59642;61795;-;70.4	B	8/9	contiguous	19998	1	1	62793..63302-;169;unnamed;0
NZ_KY012274.1	MPF_T	IncI2(Delta)	76	0	0	GA	1	39;33387;33863;-;81.9		56;49454;49738;-;36.6	55;47091;49448;-;58.5	55;47091;49448;-;44.9	64;54548;55192;-;41.0	65;55198;56193;-;123.9		54;46192;46926;-;144.3	53;45425;46195;-;170.5	52;44296;45435;-;154.7	45;35638;37173;-;206.4	50;41248;43206;-;289.6		pfam	pfam_only	A	7/7	rearranged	1	0	unscoreable	15	0	0														not_admitted	not_admitted	not_admitted	not_admitted	not_admitted	not_admitted	not_admitted
NZ_KY012275.1	MPF_T	IncI2	83	0	0	GA	1	46;37051;37533;-;81.1		60;53110;53394;-;36.5	59;50747;53104;-;59.8	59;50747;53104;-;45.0	71;58957;59604;-;41.6	72;59610;60596;-;120.4		58;49849;50583;-;144.3	57;49082;49852;-;169.8	56;47953;49092;-;154.7	49;39302;40840;-;207.1	54;44905;46863;-;287.9		pfam	pfam_only	A	7/7	rearranged	1	0	unscoreable	15	0	0														not_admitted	not_admitted	not_admitted	not_admitted	not_admitted	not_admitted	not_admitted
NZ_KY012276.1	MPF_T	IncX4	41	0	0	GA	1	14;7775;8395;+;41.6	15;8409;8735;+;64.4	16;8754;11501;+;63.8	16;8754;11501;+;151.8	16;8754;11501;+;46.1	17;11513;12229;+;94.2	18;12241;13335;+;150.1		20;13850;14536;+;169.0	21;14533;15441;+;142.4	22;15434;16552;+;163.9	23;16554;17582;+;85.0	24;17614;19431;+;314.8		pfam	pfam_only	A	7/7	canonical	1	1	unscoreable	1	0	0														not_admitted	not_admitted	not_admitted	not_admitted	not_admitted	not_admitted	not_admitted
NZ_KY014464.1	MPF_F	IncC	195	0	0	GA	0															not_admitted	not_admitted	not_admitted	not_admitted	not_admitted	not_admitted	not_admitted	not_admitted	not_admitted	not_admitted	1	119;91945;92952;+;331.1	13;12927;14360;+;339.2	12;11897;12925;+;221.5	114;86746;89193;+;354.2	14;14373;17987;+;374.6	109;77874;79190;+;135.0	114;86746;89193;+;128.3	107;76350;76976;+;92.7	117;90015;91280;+;68.1	120;93066;95807;+;138.2	98;70675;72540;+;47.3	110;79187;79765;+;100.2	98;70675;72540;+;52.0	A	9/9	split_2	81169	0	1	
NZ_KY014465.1	MPF_F	IncC	169	0	0	GA	0															not_admitted	not_admitted	not_admitted	not_admitted	not_admitted	not_admitted	not_admitted	not_admitted	not_admitted	not_admitted	1	57;52204;53211;+;332.9	126;108305;109738;+;339.2	125;107275;108303;+;221.7	52;47005;49452;+;354.2	127;109751;113365;+;375.3	43;33694;35010;+;135.0	52;47005;49452;+;128.6	41;32170;32796;+;92.1	55;50274;51539;+;67.6	58;53327;56122;+;145.3	32;26495;28360;+;47.4	44;35007;35585;+;100.2	32;26495;28360;+;52.0	A	9/9	split_2	83256	0	1	
NZ_KY014466.1	MPF_F	IncC	189	0	0	GA	0															not_admitted	not_admitted	not_admitted	not_admitted	not_admitted	not_admitted	not_admitted	not_admitted	not_admitted	not_admitted	1	143;115791;116798;-;332.9	65;48500;49933;-;339.2	66;49935;50963;-;221.7	148;119550;121997;-;354.5	64;44873;48487;-;375.3	153;129553;130869;-;135.0	148;119550;121997;-;128.3	155;131767;132393;-;92.7	145;117463;118728;-;67.9	142;112877;115675;-;145.3	164;136203;138068;-;47.3	152;128978;129556;-;100.2	164;136203;138068;-;52.0	A	9/9	split_2	91330	0	1	
NZ_KY019258.1	MPF_F	IncHI2;IncHI2A	270	0	0	GA	0															not_admitted	not_admitted	not_admitted	not_admitted	not_admitted	not_admitted	not_admitted	not_admitted	not_admitted	not_admitted	1	227;202141;203199;-;276.9	68;57008;58423;+;194.1	67;55972;57018;+;174.3	243;222771;225452;-;168.0	69;58432;62385;+;101.7	247;227782;229137;-;80.7	243;222771;225452;-;72.2	250;230861;231649;-;74.8	229;203341;204852;-;62.0	226;198934;202122;-;57.3	60;46846;48930;-;56.8	244;225461;226411;-;46.1	60;46846;48930;-;38.8	A	9/9	split_2	184015	1	1	62566..63855+;429;unnamed;0
NZ_KY019259.1	MPF_F	IncHI2;IncHI2A	270	0	0	GA	0															not_admitted	not_admitted	not_admitted	not_admitted	not_admitted	not_admitted	not_admitted	not_admitted	not_admitted	not_admitted	1	227;202142;203200;-;276.9	68;57008;58423;+;194.1	67;55972;57018;+;174.3	243;222772;225453;-;168.0	69;58432;62385;+;101.7	247;227783;229138;-;80.7	243;222772;225453;-;72.2	250;230862;231650;-;74.8	229;203342;204853;-;62.0	226;198935;202123;-;57.3	60;46846;48930;-;56.8	244;225462;226412;-;46.1	60;46846;48930;-;38.8	A	9/9	split_2	184016	1	1	62566..63855+;429;unnamed;0
NZ_KY020154.1	MPF_F	IncFIB(K);IncFII(Yp);IncFII(pAR0022)	168	0	0	GA	0															not_admitted	not_admitted	not_admitted	not_admitted	not_admitted	not_admitted	not_admitted	not_admitted	not_admitted	not_admitted	1	38;26018;27004;+;368.4	46;31717;33336;+;376.0	42;29751;30500;+;218.2	35;22394;25024;+;285.5	47;33284;35908;+;300.3	29;18972;20366;+;91.1	35;22394;25024;+;98.6	27;17689;18255;+;169.9	39;27021;27650;+;66.9	40;27647;29500;+;257.4	50;37244;39454;+;384.8	30;20388;20927;+;64.9	50;37244;39454;+;63.9	A	9/9	contiguous	19555	1	1	35930..36361+;143;TraS;0
NZ_KY022424.1	MPF_F	-	114	0	0	GA	0															not_admitted	not_admitted	not_admitted	not_admitted	not_admitted	not_admitted	not_admitted	not_admitted	not_admitted	not_admitted	1	19;13140;14183;+;369.2	24;18166;19593;+;325.8	22;16952;17764;+;219.1	15;8852;11578;+;164.6	25;19609;22611;+;208.7	11;5854;7170;+;102.7	15;8852;11578;+;108.4	9;4563;5141;+;83.7	20;14198;14905;+;107.6	21;14902;16959;+;91.0	102;72231;74390;+;381.3	14;8198;8842;+;41.9	102;72231;74390;+;90.0	A	9/9	split_2	67668	1	1	22683..23201+;172;unnamed;0
NZ_KY041843.1	MPF_T	IncX3	56	0	0	GA	1	33;30689;31333;-;46.4	32;30415;30705;-;73.1	31;27637;30390;-;47.0	31;27637;30390;-;142.4	31;27637;30390;-;73.3	30;26857;27627;-;60.1	28;25523;26578;-;133.2		27;24600;25328;-;119.4	26;23665;24594;-;138.8	25;22454;23668;-;128.3	23;21224;22258;-;65.7	22;19386;21221;-;495.9		pfam	pfam_only	A	7/7	canonical	1	1	unscoreable	2	0	0														not_admitted	not_admitted	not_admitted	not_admitted	not_admitted	not_admitted	not_admitted
NZ_KY051550.1	MPF_T	IncFIB(K)	83	0	0	GA	1	28;27981;28643;+;48.3	29;28654;28953;+;36.6	30;28963;31713;+;60.6	30;28963;31713;+;134.0	30;28963;31713;+;48.6	31;31732;32448;+;137.0	33;32762;33769;+;137.8		35;33979;34665;+;158.3	36;34658;35551;+;147.4	37;35548;36744;+;134.7	38;36748;37797;+;71.5	45;42535;44442;+;24.3		pfam	pfam_only	A	7/7	canonical	1	1	unscoreable	8	0	0														not_admitted	not_admitted	not_admitted	not_admitted	not_admitted	not_admitted	not_admitted
NZ_KY070307.1	-	-	62	0	0	GA	1	5;3194;3823;+;45.3	6;3841;4134;+;50.5	7;4148;6913;+;58.7	7;4148;6913;+;129.2	7;4148;6913;+;55.1	8;6925;7665;+;110.2	10;8124;9182;+;122.9		11;9386;10072;+;167.1	12;10069;10989;+;144.2	13;10989;12278;+;131.5	14;12282;13313;+;79.6	15;13300;15126;+;384.8		pfam	pfam_only	A	7/7	canonical	1	1	unscoreable	1	0	0														not_admitted	not_admitted	not_admitted	not_admitted	not_admitted	not_admitted	not_admitted
NZ_KY075650.1	MPF_T	IncFIB(AP001918);IncFII;IncFII(pCoo);IncI2	152	0	0	GA	1	46;36874;37356;-;81.1		127;108849;109133;-;36.6	125;106961;108175;-;38.1	126;108172;108843;-;45.9	139;114586;115227;-;42.8	140;115233;116228;-;128.5		123;105646;106323;-;111.5	122;104823;105593;-;170.5	121;103694;104833;-;154.7	50;39123;39731;-;115.0	119;100646;102604;-;289.6		pfam	pfam_only	A	7/7	rearranged	1	0	unscoreable	14	1	0														not_admitted	not_admitted	not_admitted	not_admitted	not_admitted	not_admitted	not_admitted
NZ_KY075651.1	MPF_T	IncI2(Delta)	79	0	0	GA	1	37;34108;34590;-;81.1		53;51487;51771;-;36.6	52;49124;51481;-;58.5	52;49124;51481;-;42.8	66;57223;57864;-;42.8	67;57870;58865;-;128.5		51;48558;48959;-;59.6	48;46147;46917;-;170.5	47;45018;46157;-;154.7	40;36358;37896;-;207.1	45;41971;43683;-;290.2		pfam	pfam_only	A	7/7	rearranged	1	0	unscoreable	18	1	0														not_admitted	not_admitted	not_admitted	not_admitted	not_admitted	not_admitted	not_admitted
NZ_KY075652.1	MPF_T	IncX4	43	0	0	GA	1		26;24189;24515;-;64.4	25;21423;24170;-;63.8	25;21423;24170;-;151.8	25;21423;24170;-;46.1	24;20695;21411;-;94.2	23;19589;20683;-;150.1		21;18307;19074;-;168.4	20;17484;18299;-;140.7	19;16373;17491;-;163.9	18;15343;16371;-;85.0	16;13495;14226;-;174.2		pfam	pfam_only	A	7/7	canonical	1	1	unscoreable	1	0	0														not_admitted	not_admitted	not_admitted	not_admitted	not_admitted	not_admitted	not_admitted
NZ_KY075653.1	MPF_T	IncX4	40	0	0	GA	1	25;24532;25152;-;41.6	24;24192;24518;-;64.4	23;21426;24173;-;63.8	23;21426;24173;-;151.8	23;21426;24173;-;46.1	22;20698;21414;-;94.2	21;19493;20686;-;146.9		20;18390;19019;-;139.8	19;17485;18393;-;142.4	18;16374;17492;-;163.9	17;15344;16372;-;85.0	16;13495;15312;-;314.8		pfam	pfam_only	A	7/7	canonical	1	1	unscoreable	0	0	0														not_admitted	not_admitted	not_admitted	not_admitted	not_admitted	not_admitted	not_admitted
NZ_KY075654.1	MPF_T	IncI2(Delta)	90	0	0	GA	1	43;32548;32793;-;49.4		68;49952;50236;-;36.6	67;48063;49946;-;58.7	67;48063;49946;-;45.4	78;55188;55688;-;34.9	79;55694;56689;-;123.9		65;47022;47426;-;34.2	63;46173;46697;-;99.3	61;44799;45938;-;154.7	50;36117;36860;-;134.5	58;41752;43188;-;231.1		pfam	pfam_only	A	7/7	rearranged	1	0	unscoreable	23	0	0														not_admitted	not_admitted	not_admitted	not_admitted	not_admitted	not_admitted	not_admitted
NZ_KY075655.1	MPF_T	IncX4	44	0	0	GA	1	29;24521;25141;-;41.6	28;24181;24507;-;64.4	27;21415;24162;-;63.8	27;21415;24162;-;151.8	27;21415;24162;-;46.1	26;20687;21403;-;94.2	25;19581;20675;-;150.1		23;18300;19067;-;168.4	22;17477;18292;-;140.7	21;16579;17484;-;76.9	19;15337;16365;-;85.0	18;13488;15305;-;314.8		pfam	pfam_only	A	7/7	canonical	1	1	unscoreable	1	0	0														not_admitted	not_admitted	not_admitted	not_admitted	not_admitted	not_admitted	not_admitted
NZ_KY075656.1	MPF_T	IncI2	83	0	0	GA	1	44;32017;32499;-;81.1		61;48093;48377;-;36.6	60;45730;48087;-;58.5	60;45730;48087;-;42.8	72;53826;54467;-;42.8	73;54473;55468;-;128.5		58;44830;45564;-;144.3	57;44063;44833;-;170.5	56;42934;44073;-;154.7	47;34267;34875;-;115.0	54;39886;41844;-;289.6		pfam	pfam_only	A	7/7	rearranged	1	0	unscoreable	17	1	0														not_admitted	not_admitted	not_admitted	not_admitted	not_admitted	not_admitted	not_admitted
NZ_KY075657.1	MPF_T	IncI2	78	0	0	GA	1	38;33395;33877;-;81.1		55;49467;49751;-;36.6	54;47104;49461;-;58.5	54;47104;49461;-;42.8	67;55204;55845;-;42.8	68;55851;56846;-;128.5		52;46204;46938;-;144.3	51;45437;46207;-;170.5	50;44308;45447;-;154.7	43;35645;37183;-;207.1	48;41260;43218;-;289.6		pfam	pfam_only	A	7/7	rearranged	1	0	unscoreable	19	1	0														not_admitted	not_admitted	not_admitted	not_admitted	not_admitted	not_admitted	not_admitted
NZ_KY075658.1	MPF_T	IncI2	79	0	0	GA	1	38;33391;33636;-;49.4		54;49460;49744;-;36.6	53;47097;49454;-;58.5	53;47097;49454;-;42.8	66;55197;55838;-;42.8	67;55844;56839;-;128.5		51;46197;46931;-;144.3	50;45430;46200;-;170.5	49;44301;45440;-;154.7	41;35640;36248;-;115.0	47;41253;43211;-;289.6		pfam	pfam_only	A	7/7	rearranged	1	0	unscoreable	17	1	0														not_admitted	not_admitted	not_admitted	not_admitted	not_admitted	not_admitted	not_admitted
NZ_KY075660.1	MPF_T	IncX4	41	0	0	GA	1	26;24529;25149;-;41.6	25;24189;24515;-;64.4	24;21423;24170;-;63.8	24;21423;24170;-;151.8	24;21423;24170;-;46.1	23;20695;21411;-;94.2	22;19589;20683;-;150.1		20;18388;19074;-;169.0	19;17483;18391;-;142.4	18;16372;17490;-;163.9	17;15342;16370;-;85.0	16;13493;15310;-;314.8		pfam	pfam_only	A	7/7	canonical	1	1	unscoreable	1	0	0														not_admitted	not_admitted	not_admitted	not_admitted	not_admitted	not_admitted	not_admitted
NZ_KY075661.1	MPF_T	IncI2(Delta)	82	0	0	GA	1	40;35498;35980;-;81.1		56;51575;51859;-;36.6	55;49212;51569;-;58.5	55;49212;51569;-;42.8	68;57994;58638;-;41.0	69;58644;59639;-;123.7		53;48312;49046;-;144.3	52;47545;48315;-;170.5	51;46416;47555;-;154.7	43;37748;39286;-;207.1	48;43369;45327;-;289.6		pfam	pfam_only	A	7/7	rearranged	1	0	unscoreable	18	0	0														not_admitted	not_admitted	not_admitted	not_admitted	not_admitted	not_admitted	not_admitted
NZ_KY075662.1	MPF_T	IncI2(Delta)	83	0	0	GA	1	44;34151;34633;-;81.1		58;50226;50510;-;36.6	57;47863;50220;-;58.5	57;47863;50220;-;42.8	70;55961;56602;-;42.8	71;56608;57093;-;62.4		56;46965;47699;-;144.3	55;46198;46968;-;170.5	54;45069;46208;-;154.7	47;36401;37939;-;207.1	52;42022;43734;-;290.2		pfam	pfam_only	A	7/7	rearranged	1	0	unscoreable	16	1	0														not_admitted	not_admitted	not_admitted	not_admitted	not_admitted	not_admitted	not_admitted
NZ_KY093013.1	MPF_F	IncFII(K);repB(R1701)	149	0	0	GA	0															not_admitted	not_admitted	not_admitted	not_admitted	not_admitted	not_admitted	not_admitted	not_admitted	not_admitted	not_admitted	1	130;112183;113172;+;366.6	140;118719;120086;+;384.0	136;116709;117461;+;233.7	126;108101;110740;+;258.5	141;120086;122935;+;346.4	120;103276;104700;+;89.3	126;108101;110740;+;88.7	118;101983;102549;+;169.3	131;113185;113823;+;67.0	132;113882;115837;+;259.7	145;125397;127709;+;393.1	121;104774;105358;+;54.4	145;125397;127709;+;66.6	A	9/9	contiguous	23414	1	1	122938..123471+;177;unnamed;0
NZ_KY093014.1	MPF_F	IncFII(K);repB(R1701)	124	0	0	GA	0															not_admitted	not_admitted	not_admitted	not_admitted	not_admitted	not_admitted	not_admitted	not_admitted	not_admitted	not_admitted	1	105;86434;87423;+;366.6	115;92970;94337;+;384.0	111;90960;91712;+;233.7	101;82352;84991;+;258.5	116;94337;97186;+;346.4	95;77527;78951;+;89.3	101;82352;84991;+;88.7	93;76234;76800;+;169.3	106;87436;88074;+;67.0	107;88133;90088;+;259.7	120;99648;101960;+;393.1	96;79025;79609;+;54.4	120;99648;101960;+;66.6	A	9/9	contiguous	23414	1	1	97189..97722+;177;unnamed;0
NZ_KY120363.1	MPF_T	IncX4	58	0	0	GA	1	42;34163;34783;-;41.6	41;33823;34149;-;64.4	40;31057;33804;-;63.8	40;31057;33804;-;151.8	40;31057;33804;-;46.1	39;30329;31045;-;94.2	38;29223;30317;-;150.1		36;28022;28708;-;169.0	35;27117;28025;-;142.4	34;26006;27124;-;163.9	33;24976;26004;-;85.0	32;23127;24944;-;314.8		pfam	pfam_only	A	7/7	canonical	1	1	unscoreable	1	0	0														not_admitted	not_admitted	not_admitted	not_admitted	not_admitted	not_admitted	not_admitted
NZ_KY120364.1	MPF_T	IncX4	41	0	0	GA	1	14;8029;8649;+;41.6	15;8663;8989;+;64.4	16;9008;11755;+;63.8	16;9008;11755;+;151.8	16;9008;11755;+;46.1	17;11767;12483;+;94.2	18;12495;13589;+;150.1		20;14104;14790;+;169.0	21;14787;15695;+;142.4	22;15688;16806;+;163.9	23;16808;17836;+;85.0	24;17868;19685;+;314.8		pfam	pfam_only	A	7/7	canonical	1	1	unscoreable	1	0	0														not_admitted	not_admitted	not_admitted	not_admitted	not_admitted	not_admitted	not_admitted
NZ_KY120365.1	MPF_T	IncI2(Delta)	73	0	0	GA	1	35;28594;29076;+;81.1		20;12703;12987;+;36.6	21;12993;15350;+;58.5	21;12993;15350;+;44.9	11;7247;7891;+;41.0	10;6246;7241;+;123.9		23;15516;16250;+;144.3	24;16247;17017;+;170.5	25;17007;18146;+;154.7	32;25277;26815;+;207.1	27;19236;21194;+;289.6		pfam	pfam_only	A	7/7	rearranged	1	0	unscoreable	14	0	0														not_admitted	not_admitted	not_admitted	not_admitted	not_admitted	not_admitted	not_admitted
NZ_KY120366.1	MPF_T	IncI2	75	0	0	GA	1	38;29229;29711;+;81.1		23;13349;13633;+;36.6	24;13639;15996;+;58.5	24;13639;15996;+;42.8	11;7255;7896;+;42.8	10;6254;7249;+;128.5		26;16162;16896;+;144.3	27;16893;17663;+;170.5	28;17653;18792;+;154.7	35;25923;27461;+;207.1	30;19882;21840;+;289.6		pfam	pfam_only	A	7/7	rearranged	1	0	unscoreable	17	1	0														not_admitted	not_admitted	not_admitted	not_admitted	not_admitted	not_admitted	not_admitted
NZ_KY128483.1	MPF_T	IncN	79	0	0	GA	1	16;11558;12292;+;32.5		19;12935;13252;+;63.3	20;13252;15852;+;113.8	20;13252;15852;+;76.4	21;15870;16583;+;105.5	23;16834;17874;+;142.4		24;18093;18791;+;131.9	25;18802;19686;+;159.7	26;19686;20846;+;156.3	27;20888;21883;+;81.2	56;53498;55027;-;38.5		pfam	both	A	7/7	canonical	1	0	unscoreable	3	0	0														not_admitted	not_admitted	not_admitted	not_admitted	not_admitted	not_admitted	not_admitted
NZ_KY128484.1	MPF_T	IncN	81	0	0	GA	1	16;11855;12589;+;32.5		19;13232;13549;+;63.3	20;13549;16149;+;113.8	20;13549;16149;+;76.4	21;16167;16880;+;105.5	23;17131;18171;+;142.4		24;18390;19088;+;131.9	25;19099;19983;+;159.7	26;19983;21143;+;156.3	27;21185;22180;+;81.2	58;54623;56152;-;38.5		pfam	both	A	7/7	canonical	1	0	unscoreable	3	0	0														not_admitted	not_admitted	not_admitted	not_admitted	not_admitted	not_admitted	not_admitted
NZ_KY130431.1	MPF_F	IncFII	107	0	0	GA	0															not_admitted	not_admitted	not_admitted	not_admitted	not_admitted	not_admitted	not_admitted	not_admitted	not_admitted	not_admitted	1	70;61492;62484;+;369.5	80;68263;69636;+;381.7	75;65590;66333;+;234.4	67;57853;60483;+;304.1	81;69633;72455;+;374.0	60;53403;54854;+;94.2	67;57853;60483;+;97.1	58;52122;52688;+;174.3	72;62828;63466;+;68.6	73;63463;65313;+;266.1	85;74727;76925;+;391.2	63;55714;56229;+;78.4	85;74727;76925;+;70.3	A	9/9	contiguous	22605	1	1	72477..72956+;159;TraS;0
NZ_KY174331.1	MPF_T	IncI2	87	0	0	GA	1	49;34907;35389;-;81.1		63;50966;51250;-;36.5	62;48603;50960;-;59.8	62;48603;50960;-;45.0	74;56813;57460;-;41.6	75;57466;58452;-;120.4		61;47705;48439;-;144.3	60;46938;47708;-;169.8	59;45809;46948;-;154.7	52;37158;38696;-;207.1	57;42761;44719;-;287.0		pfam	pfam_only	A	7/7	rearranged	1	0	unscoreable	15	0	0														not_admitted	not_admitted	not_admitted	not_admitted	not_admitted	not_admitted	not_admitted
NZ_KY174332.1	MPF_F	IncFII(K);IncFII(pAR0022);IncR	146	0	0	GA	0															not_admitted	not_admitted	not_admitted	not_admitted	not_admitted	not_admitted	not_admitted	not_admitted	not_admitted	not_admitted	1	110;90699;91688;+;366.6	120;97235;98602;+;384.1	116;95225;95977;+;233.7	106;86603;89242;+;258.5	121;98602;101424;+;346.4	99;82352;83776;+;89.3	106;86603;89242;+;88.7	97;81059;81625;+;169.3	111;91701;92339;+;66.9	112;92398;94353;+;259.4	125;104040;106352;+;393.1	100;83848;84432;+;54.7	125;104040;106352;+;66.6	A	9/9	contiguous	22981	1	1	101447..102049+;200;TraS;0
NZ_KY216144.1	MPF_T	-	59	0	0	GA	1	52;46695;47372;-;53.0	51;46255;46581;-;62.9	50;45929;46255;-;70.5	49;43459;45921;-;127.1	49;43459;45921;-;81.0	46;41395;42096;-;171.0	47;42108;43133;-;141.6		45;40416;41231;-;144.7	44;39511;40404;-;160.3	43;38087;39511;-;168.2	42;36994;38067;-;100.6	41;34517;36997;-;333.8		pfam	both	A	7/7	canonical	1	0	unscoreable	1	0	0														not_admitted	not_admitted	not_admitted	not_admitted	not_admitted	not_admitted	not_admitted
NZ_KY270849.1	MPF_F	IncFII(pAR0022);IncFII(pSFO);IncQ1;repB(R1701)	184	0	0	GA	0															not_admitted	not_admitted	not_admitted	not_admitted	not_admitted	not_admitted	not_admitted	not_admitted	not_admitted	not_admitted	1	103;76070;77059;+;366.6	113;82606;83973;+;384.0	109;80596;81348;+;233.7	99;71974;74613;+;258.5	114;83973;86822;+;346.4	92;67723;69147;+;89.3	99;71974;74613;+;88.7	90;66430;66996;+;169.3	104;77072;77710;+;66.9	105;77769;79724;+;259.4	118;89284;91596;+;393.1	93;69219;69803;+;54.7	118;89284;91596;+;66.6	A	9/9	contiguous	22854	1	1	86825..87358+;177;unnamed;0
NZ_KY270850.1	MPF_F	IncFII(pAR0022);IncFII(pSFO);IncQ1;repB(R1701)	178	0	0	GA	0															not_admitted	not_admitted	not_admitted	not_admitted	not_admitted	not_admitted	not_admitted	not_admitted	not_admitted	not_admitted	1	40;37944;38933;-;366.6	29;29964;31331;-;384.0	34;33655;34407;-;233.7	44;40390;43029;-;258.5	28;27115;29964;-;346.4	52;46922;48346;-;89.3	44;40390;43029;-;88.7	54;49073;49639;-;169.3	39;37293;37931;-;66.9	38;35279;37234;-;259.4	24;22341;24653;-;393.1	51;46635;46850;-;22.1	24;22341;24653;-;66.6	A	9/9	contiguous	26732	1	1	26579..27112-;177;unnamed;0
NZ_KY270851.1	MPF_F	IncHI2;IncHI2A	292	0	0	GA	0															not_admitted	not_admitted	not_admitted	not_admitted	not_admitted	not_admitted	not_admitted	not_admitted	not_admitted	not_admitted	1	29;32026;33084;+;276.9	165;158732;160147;+;194.1	164;157696;158742;+;173.7	11;8955;11636;+;168.0	166;160156;164106;+;101.6	7;5270;6625;+;80.7	11;8955;11636;+;72.2	4;2758;3546;+;74.8	27;30373;31884;+;62.7	30;33103;36291;+;58.3	158;148572;150656;-;56.7	10;7996;8946;+;45.6	158;148572;150656;-;38.8	A	9/9	split_3	157398	0	1	
NZ_KY270852.1	MPF_F	IncHI2;IncHI2A;IncR	325	0	0	GA	0															not_admitted	not_admitted	not_admitted	not_admitted	not_admitted	not_admitted	not_admitted	not_admitted	not_admitted	not_admitted	1	29;31784;32842;+;276.9	243;212846;214261;-;194.1	244;214251;215297;-;173.7	11;8955;11636;+;168.0	242;208887;212837;-;101.6	7;5270;6625;+;80.7	11;8955;11636;+;72.2	4;2758;3546;+;74.8	27;30131;31642;+;62.9	30;32861;36049;+;58.3	250;222338;224422;+;57.4	10;7996;8946;+;46.4	250;222338;224422;+;38.9	A	9/9	split_3	219580	0	1	
NZ_KY270853.1	MPF_F	repFIB;repHI5B	273	0	0	GA	0															not_admitted	not_admitted	not_admitted	not_admitted	not_admitted	not_admitted	not_admitted	not_admitted	not_admitted	not_admitted	1	26;24989;26026;-;282.2	173;142597;144039;+;188.6	172;141603;142640;+;172.0	37;36893;39610;-;143.5	174;144041;147985;+;119.0	41;41733;43100;-;63.7	37;36893;39610;-;80.6	44;44755;45615;-;73.9	27;26023;27384;-;71.7	25;21798;24974;-;58.7	165;132244;134370;-;62.0	38;39659;40396;-;56.3	165;132244;134370;-;39.7	A	9/9	split_2	122243	0	1	
NZ_KY271403.1	MPF_F	IncFIB(pQil);IncFII(K)	135	0	0	GA	0															not_admitted	not_admitted	not_admitted	not_admitted	not_admitted	not_admitted	not_admitted	not_admitted	not_admitted	not_admitted	1	41;46830;47819;-;366.0	31;39916;41283;-;380.7	35;42541;43293;-;233.7	45;49262;51901;-;258.5	30;37067;39916;-;345.6	54;55156;56580;-;88.8	45;49262;51901;-;88.7	56;57307;57873;-;169.3	40;46179;46817;-;67.0	39;44165;46120;-;259.7	26;32269;34581;-;392.7	53;54458;55042;-;55.4	26;32269;34581;-;66.5	A	9/9	contiguous	25038	1	1	36506..37054-;182;unnamed;0
NZ_KY271406.1	MPF_F	IncFIB(K);IncFII(K)	215	0	0	GA	0															not_admitted	not_admitted	not_admitted	not_admitted	not_admitted	not_admitted	not_admitted	not_admitted	not_admitted	not_admitted	1	59;56197;57186;-;363.3	45;49235;50602;-;382.2	49;51654;52406;-;233.7	63;58643;61282;-;258.5	44;46386;49235;-;341.9	73;65031;66455;-;85.5	63;58643;61282;-;87.7	76;67378;67944;-;167.8	57;55274;55921;-;65.9	53;53274;53669;-;79.7	40;41588;43900;-;392.7	70;63835;64419;-;53.8	40;41588;43900;-;66.5	A	9/9	contiguous	25790	1	1	45825..46373-;182;unnamed;0
NZ_KY271407.1	MPF_F	IncFIB(K);IncFII(K)	122	0	0	GA	0															not_admitted	not_admitted	not_admitted	not_admitted	not_admitted	not_admitted	not_admitted	not_admitted	not_admitted	not_admitted	1	68;63504;64493;+;363.3	79;70312;71679;+;380.7	75;68302;69054;+;233.7	64;59408;62047;+;259.0	80;71679;74528;+;345.6	53;54389;55441;+;89.5	64;59408;62047;+;87.6	50;53015;53293;+;42.1	70;64769;65416;+;65.9	71;65475;67430;+;259.5	83;77001;79313;+;392.8	56;56053;56637;+;53.8	83;77001;79313;+;65.9	A	9/9	contiguous	23986	1	1	74541..75089+;182;unnamed;0
NZ_KY271413.1	MPF_T	IncN	63	0	0	GA	1	39;33220;33954;+;32.5		42;34597;34914;+;63.3	43;34914;37514;+;113.8	43;34914;37514;+;76.4	44;37532;38245;+;105.5	46;38496;39536;+;142.4		47;39755;40453;+;131.9	48;40464;41348;+;159.7	49;41348;42508;+;156.3	50;42550;43545;+;81.2	54;47619;49148;-;38.5		pfam	both	A	7/7	canonical	1	0	unscoreable	6	0	0														not_admitted	not_admitted	not_admitted	not_admitted	not_admitted	not_admitted	not_admitted
NZ_KY271414.1	MPF_T	IncN	60	0	0	GA	1	47;41082;41819;-;32.0		44;40121;40438;-;63.3	43;37521;40121;-;111.8	43;37521;40121;-;76.4	42;36790;37503;-;105.5	40;35499;36539;-;142.4		39;34582;35280;-;131.9	38;33687;34571;-;159.7	37;32527;33687;-;156.3	36;31490;32485;-;81.2	21;14860;16389;+;38.5		pfam	both	A	7/7	canonical	1	0	unscoreable	3	0	0														not_admitted	not_admitted	not_admitted	not_admitted	not_admitted	not_admitted	not_admitted
NZ_KY271415.1	MPF_T	IncN	65	0	0	GA	1	54;48663;49400;-;32.0		51;47702;48019;-;63.3	50;45102;47702;-;111.8	50;45102;47702;-;76.4	49;44371;45084;-;105.5	47;43080;44120;-;142.4		46;42163;42861;-;131.9	45;41268;42152;-;159.7	44;40108;41268;-;156.3	43;39071;40066;-;81.2	28;22440;23969;+;38.5		pfam	both	A	7/7	canonical	1	0	unscoreable	3	0	0														not_admitted	not_admitted	not_admitted	not_admitted	not_admitted	not_admitted	not_admitted
NZ_KY288024.1	MPF_F	IncFII	90	0	0	GA	0															not_admitted	not_admitted	not_admitted	not_admitted	not_admitted	not_admitted	not_admitted	not_admitted	not_admitted	not_admitted	1	30;24619;25611;+;369.5	40;31390;32763;+;381.7	35;28717;29460;+;234.4	27;20980;23610;+;304.1	41;32760;35582;+;374.0	20;16530;17981;+;94.2	27;20980;23610;+;97.1	18;15249;15815;+;174.3	32;25955;26593;+;68.6	33;26590;28440;+;266.1	45;37854;40115;+;391.1	23;18841;19356;+;78.4	45;37854;40115;+;70.3	A	9/9	contiguous	22605	1	1	35604..36083+;159;TraS;0
NZ_KY296095.1	-	-	63	0	0	GA	1	34;23147;23854;+;34.8	35;23835;24173;+;27.9	36;24184;24582;+;24.6	37;24536;26971;+;71.6		39;27225;27893;+;50.4	41;28250;29215;+;119.8		42;29547;30362;+;141.1	43;30359;31171;+;146.1	45;31459;32811;+;140.0	46;32821;33855;+;62.1	49;34897;36510;+;264.1		pfam	pfam_only	A	7/7	canonical	1	0	unscoreable	5	0	0														not_admitted	not_admitted	not_admitted	not_admitted	not_admitted	not_admitted	not_admitted
NZ_KY296103.1	MPF_T	IncX3	68	0	0	GA	1	39;34768;35412;-;46.4	38;34494;34784;-;73.1	37;31716;34469;-;47.0	37;31716;34469;-;142.4	37;31716;34469;-;73.3	36;30936;31706;-;60.1	34;29602;30657;-;133.2		33;28679;29407;-;119.4	32;27744;28673;-;138.8	31;26533;27747;-;128.3	29;25303;26337;-;65.7	28;23465;25300;-;495.9		pfam	pfam_only	A	7/7	canonical	1	1	unscoreable	2	0	0														not_admitted	not_admitted	not_admitted	not_admitted	not_admitted	not_admitted	not_admitted
NZ_KY320277.1	MPF_F	IncHI1A(NDM-CIT);IncHI1B(pNDM-CIT)	342	1	1	GA	1		82;85260;85649;-;83.3	81;84994;85263;-;32.5	80;82531;84981;-;37.9	80;82531;84981;-;125.2	79;81791;82534;-;226.2	77;80088;81455;-;179.3		76;79365;80069;-;235.7	75;78376;79368;-;223.1	74;77090;78373;-;206.6	83;85636;86715;-;118.3	85;87185;89182;-;345.5	45;48810;51986;+;57.9	conjscan	conjscan_only	A	7/7	canonical	1	0	unscoreable	3	0	1	44;48084;48791;+;214.6	222;215113;216528;-;200.0	223;216518;217564;-;168.3	27;26615;29296;+;156.8	221;211115;215104;-;103.1	74;77090;78373;-;206.6	27;26615;29296;+;73.5	20;20457;21242;+;69.5	42;46083;47591;+;62.3	45;48810;51986;+;57.9	85;87185;89182;-;101.4	26;25656;26606;+;45.4	85;87185;89182;-;98.9	A	9/9	split_3	196061	0	1	
NZ_KY352406.1	MPF_T	IncP1	62	0	0	GA	1		50;36237;36620;+;68.7	51;36623;36949;+;50.6	52;36946;39489;+;96.2	52;36946;39489;+;107.1	57;42965;43735;+;104.8	58;43926;45485;+;112.1		53;39486;40193;+;89.8	54;40209;41099;+;152.4	56;41558;42952;+;224.7	49;35167;36123;+;135.9	22;16031;17977;-;442.7		conjscan	conjscan_only	A	7/7	canonical	1	0	unscoreable	2	0	0														not_admitted	not_admitted	not_admitted	not_admitted	not_admitted	not_admitted	not_admitted
NZ_KY362367.1	MPF_T	-	84	0	0	GA	1	57;48589;49323;+;38.8			59;50008;52560;+;74.0		60;52557;53243;+;55.3	62;53639;54571;+;126.3		63;54981;55769;+;105.1	64;55759;56568;+;137.6	65;56555;57913;+;126.2	66;57923;58981;+;50.3	69;59715;61376;+;247.3		pfam	pfam_only	A	7/7	canonical	1	0	unscoreable	4	0	0														not_admitted	not_admitted	not_admitted	not_admitted	not_admitted	not_admitted	not_admitted
NZ_KY362368.1	MPF_T	-	64	0	0	GA	1	39;36097;36801;+;36.5			41;37486;40038;+;68.4		42;40035;40715;+;50.1	44;40964;41908;+;122.5		45;42309;43097;+;98.9	46;43087;43896;+;139.8	47;43883;45253;+;127.9	48;45263;46294;+;48.5	52;47340;48992;+;260.5		pfam	pfam_only	A	7/7	canonical	1	0	unscoreable	5	0	0														not_admitted	not_admitted	not_admitted	not_admitted	not_admitted	not_admitted	not_admitted
NZ_KY362369.1	MPF_T	-	64	0	0	GA	1	39;36097;36801;+;36.5			41;37486;40038;+;68.4		42;40035;40715;+;50.1	44;40964;41908;+;122.5		45;42309;43097;+;98.9	46;43087;43896;+;139.8	47;43883;45253;+;127.9	48;45263;46294;+;48.5	52;47340;48992;+;260.5		pfam	pfam_only	A	7/7	canonical	1	0	unscoreable	5	0	0														not_admitted	not_admitted	not_admitted	not_admitted	not_admitted	not_admitted	not_admitted
NZ_KY362370.1	MPF_T	-	71	0	0	GA	1	46;37672;38379;+;36.9			49;39184;41616;+;68.5		50;41613;42299;+;48.9	52;42696;43628;+;122.3		53;44036;44824;+;102.2	54;44814;45623;+;134.7	55;45610;46980;+;127.9	56;46990;48021;+;48.5	59;48744;50396;+;244.2		pfam	pfam_only	A	7/7	canonical	1	0	unscoreable	5	0	0														not_admitted	not_admitted	not_admitted	not_admitted	not_admitted	not_admitted	not_admitted
NZ_KY362371.1	MPF_T	-	71	0	0	GA	1	46;37678;38385;+;36.9			49;39190;41622;+;68.5		50;41619;42305;+;48.9	52;42702;43634;+;122.3		53;44042;44830;+;102.2	54;44820;45629;+;134.7	55;45616;46986;+;127.9	56;46996;48027;+;48.5	59;48750;50402;+;244.2		pfam	pfam_only	A	7/7	canonical	1	0	unscoreable	5	0	0														not_admitted	not_admitted	not_admitted	not_admitted	not_admitted	not_admitted	not_admitted
NZ_KY362372.1	MPF_T	-	70	0	0	GA	1	46;39456;40160;+;36.5			48;40845;43397;+;68.4		49;43394;44074;+;50.1	51;44323;45267;+;121.8		52;45649;46437;+;98.9	53;46427;47236;+;139.8	54;47223;48593;+;127.9	55;48603;49634;+;48.5	58;50284;51945;+;248.4		pfam	pfam_only	A	7/7	canonical	1	0	unscoreable	4	0	0														not_admitted	not_admitted	not_admitted	not_admitted	not_admitted	not_admitted	not_admitted
NZ_KY362373.1	MPF_T	-	80	0	0	GA	1	54;44456;45163;+;36.8			57;45926;48400;+;69.5		58;48397;49083;+;48.5	60;49476;50423;+;125.7		61;50846;51634;+;101.8	62;51624;52433;+;136.5	63;52420;53790;+;128.3	64;53800;54831;+;48.4	68;58030;59682;+;259.1		pfam	pfam_only	A	7/7	canonical	1	0	unscoreable	6	0	0														not_admitted	not_admitted	not_admitted	not_admitted	not_admitted	not_admitted	not_admitted
NZ_KY363994.1	MPF_T	IncI2	76	0	0	GA	1	37;32544;33026;-;81.1		52;48622;48906;-;36.6	51;46259;48616;-;58.5	51;46259;48616;-;42.8	64;54359;55000;-;42.8	65;55006;56001;-;128.5		49;45359;46093;-;144.3	48;44592;45362;-;170.5	47;43463;44602;-;154.7	40;34794;36332;-;207.1	45;40415;42373;-;289.6		pfam	pfam_only	A	7/7	rearranged	1	0	unscoreable	17	1	0														not_admitted	not_admitted	not_admitted	not_admitted	not_admitted	not_admitted	not_admitted
NZ_KY363995.1	MPF_T	IncI2	77	0	0	GA	1	38;32544;33026;-;81.1		53;48622;48906;-;36.6	52;46259;48616;-;58.5	52;46259;48616;-;42.8	65;54359;55000;-;42.8	66;55006;56001;-;128.5		50;45359;46093;-;144.3	49;44592;45362;-;170.5	48;43463;44602;-;154.7	41;34794;36332;-;207.1	46;40415;42373;-;289.6		pfam	pfam_only	A	7/7	rearranged	1	0	unscoreable	17	1	0														not_admitted	not_admitted	not_admitted	not_admitted	not_admitted	not_admitted	not_admitted
NZ_KY363996.1	MPF_T	IncI2	78	0	0	GA	1	39;35323;35805;-;81.1		54;51401;51685;-;36.6	53;49038;51395;-;58.5	53;49038;51395;-;42.8	66;57138;57779;-;42.8	67;57785;58780;-;128.5		51;48138;48872;-;144.3	50;47371;48141;-;170.5	49;46242;47381;-;154.7	42;37573;39111;-;207.1	47;43194;45152;-;289.6		pfam	pfam_only	A	7/7	rearranged	1	0	unscoreable	17	1	0														not_admitted	not_admitted	not_admitted	not_admitted	not_admitted	not_admitted	not_admitted
NZ_KY363997.1	MPF_T	IncI2	80	0	0	GA	1	41;36077;36559;-;81.1		56;52155;52439;-;36.6	55;49792;52149;-;58.5	55;49792;52149;-;42.8	68;57892;58533;-;42.8	69;58539;59534;-;128.5		53;48892;49626;-;144.3	52;48125;48895;-;170.5	51;46996;48135;-;154.7	44;38327;39865;-;207.1	49;43948;45906;-;289.6		pfam	pfam_only	A	7/7	rearranged	1	0	unscoreable	17	1	0														not_admitted	not_admitted	not_admitted	not_admitted	not_admitted	not_admitted	not_admitted
NZ_KY363998.1	MPF_T	IncI2	76	0	0	GA	1	37;32545;33027;-;81.1		52;48623;48907;-;36.6	51;46260;48617;-;58.5	51;46260;48617;-;42.8	64;54360;55001;-;42.8	65;55007;56002;-;128.5		49;45360;46094;-;144.3	48;44593;45363;-;170.5	47;43464;44603;-;154.7	40;34795;36333;-;207.1	45;40416;42374;-;289.6		pfam	pfam_only	A	7/7	rearranged	1	0	unscoreable	17	1	0														not_admitted	not_admitted	not_admitted	not_admitted	not_admitted	not_admitted	not_admitted
NZ_KY363999.1	MPF_T	IncI2	79	0	0	GA	1	40;36077;36559;-;81.1		55;52155;52439;-;36.6	54;49792;52149;-;58.5	54;49792;52149;-;42.8	67;57892;58533;-;42.8	68;58539;59534;-;128.5		52;48892;49626;-;144.3	51;48125;48895;-;170.5	50;46996;48135;-;154.7	43;38327;39865;-;207.1	48;43948;45906;-;289.6		pfam	pfam_only	A	7/7	rearranged	1	0	unscoreable	17	1	0														not_admitted	not_admitted	not_admitted	not_admitted	not_admitted	not_admitted	not_admitted
NZ_KY399972.1	MPF_F	IncFII(Yp)	100	0	0	GA	0															not_admitted	not_admitted	not_admitted	not_admitted	not_admitted	not_admitted	not_admitted	not_admitted	not_admitted	not_admitted	1	80;65130;66122;+;372.3	90;71755;73125;+;383.1	87;70234;70986;+;222.2	77;61468;64107;+;258.9	91;73125;75980;+;333.3	70;56937;58358;+;88.0	77;61468;64107;+;88.4	68;55650;56216;+;161.7	81;66135;66761;+;68.3	82;66758;68713;+;254.7	94;77725;80043;+;390.7	72;58970;59539;+;55.7	94;77725;80043;+;66.8	A	9/9	contiguous	22075	1	1	75997..76668+;223;unnamed;0
NZ_KY399973.1	MPF_F	IncFII(Yp)	100	0	0	GA	0															not_admitted	not_admitted	not_admitted	not_admitted	not_admitted	not_admitted	not_admitted	not_admitted	not_admitted	not_admitted	1	80;65130;66122;+;372.3	90;71755;73125;+;383.1	87;70234;70986;+;222.2	77;61468;64107;+;258.9	91;73125;75980;+;333.3	70;56937;58358;+;88.0	77;61468;64107;+;88.4	68;55650;56216;+;161.7	81;66135;66761;+;68.3	82;66758;68713;+;254.7	94;77725;80043;+;390.7	72;58970;59539;+;55.7	94;77725;80043;+;66.8	A	9/9	contiguous	22075	1	1	75997..76668+;223;unnamed;0
NZ_KY399974.1	MPF_F	IncFIB(pB171);IncFII(Yp);IncFII(pAR0022)	122	0	0	GA	0															not_admitted	not_admitted	not_admitted	not_admitted	not_admitted	not_admitted	not_admitted	not_admitted	not_admitted	not_admitted	1	82;68614;69600;+;369.4	90;74313;75683;+;376.7	86;72347;73096;+;218.2	79;64990;67620;+;285.5	91;75683;78505;+;336.5	73;61568;62962;+;89.4	79;64990;67620;+;98.6	71;60285;60851;+;169.9	83;69617;70246;+;66.9	84;70243;72096;+;260.5	95;79842;82097;+;384.7	74;62984;63523;+;67.5	95;79842;82097;+;63.8	A	9/9	contiguous	19557	1	1	78527..78958+;143;TraS;0
NZ_KY399975.1	MPF_F	IncFIB(pB171);IncFII(Yp);IncFII(pAR0022)	121	0	0	GA	0															not_admitted	not_admitted	not_admitted	not_admitted	not_admitted	not_admitted	not_admitted	not_admitted	not_admitted	not_admitted	1	81;68614;69600;+;369.4	89;74313;75683;+;376.7	85;72347;73096;+;218.2	78;64990;67620;+;285.5	90;75683;78505;+;336.5	72;61568;62962;+;89.4	78;64990;67620;+;98.6	70;60285;60851;+;169.9	82;69617;70246;+;66.9	83;70243;72096;+;260.5	94;79842;82061;+;384.8	73;62984;63523;+;67.5	94;79842;82061;+;63.9	A	9/9	contiguous	19557	1	1	78527..78958+;143;TraS;0
NZ_KY399978.1	MPF_F	IncC	185	0	0	GA	0															not_admitted	not_admitted	not_admitted	not_admitted	not_admitted	not_admitted	not_admitted	not_admitted	not_admitted	not_admitted	1	111;85769;86776;+;332.9	174;137220;138653;+;339.2	173;136190;137218;+;221.7	106;80570;83017;+;354.5	175;138666;142280;+;375.3	101;71698;73014;+;135.0	106;80570;83017;+;128.3	99;70174;70800;+;92.7	109;83839;85104;+;67.9	112;86892;89690;+;145.3	90;64499;66364;+;47.3	102;73011;73589;+;100.2	90;64499;66364;+;52.0	A	9/9	split_2	74167	0	1	
NZ_KY401053.1	MPF_F	IncFIB(S);IncFII(S);IncFII(pAR0022);IncHI2;IncHI2A	322	0	0	GA	0															not_admitted	not_admitted	not_admitted	not_admitted	not_admitted	not_admitted	not_admitted	not_admitted	not_admitted	not_admitted	1	277;223471;224529;-;276.9	80;56923;58338;+;194.1	79;55887;56933;+;174.3	294;244094;246775;-;168.0	81;58347;62300;+;101.7	124;94512;95933;+;90.6	294;244094;246775;-;72.2	122;93220;93786;+;185.6	279;224671;226182;-;62.0	276;220264;223452;-;57.3	73;46763;48847;-;56.8	295;246784;247734;-;46.1	73;46763;48847;-;38.8	A	9/9	split_3	200021	1	1	62481..63770+;429;unnamed;0
NZ_KY416992.1	MPF_F	IncFII(pCoo)	120	0	0	GA	0															not_admitted	not_admitted	not_admitted	not_admitted	not_admitted	not_admitted	not_admitted	not_admitted	not_admitted	not_admitted	1	91;91394;92386;-;371.9	81;84687;86060;-;381.0	87;87922;88665;-;233.3	94;93395;96025;-;303.8	80;81868;84690;-;389.2	100;98411;99838;-;94.3	94;93395;96025;-;100.3	102;100553;101119;-;183.8	90;90747;91385;-;68.7	89;88942;90750;-;268.0	77;78136;80334;-;391.7	96;96774;97289;-;78.9	77;78136;80334;-;70.4	A	9/9	contiguous	22417	1	1	81350..81847-;165;TraS;0
NZ_KY421937.1	MPF_F	IncHI2;IncHI2A	261	0	0	GA	0															not_admitted	not_admitted	not_admitted	not_admitted	not_admitted	not_admitted	not_admitted	not_admitted	not_admitted	not_admitted	1	218;189344;190402;-;276.9	73;59524;60939;+;194.1	72;58488;59534;+;174.3	234;209974;212655;-;168.0	74;60948;64901;+;101.7	238;214985;216340;-;80.7	234;209974;212655;-;72.2	241;218064;218852;-;74.8	220;190544;192055;-;62.0	217;186137;189325;-;57.3	65;49362;51446;-;56.8	235;212664;213614;-;46.1	65;49362;51446;-;38.8	A	9/9	split_2	168702	1	1	65082..66371+;429;unnamed;0
NZ_KY433363.1	-	-	81	0	0	GA	0															not_admitted	not_admitted	not_admitted	not_admitted	not_admitted	not_admitted	not_admitted	not_admitted	not_admitted	not_admitted	1	42;45489;46517;+;360.5	71;75621;77009;+;337.1	70;74674;75618;+;237.6	38;41135;43534;+;350.6	72;77013;80582;+;358.7	32;36049;37338;+;141.1	38;41135;43534;+;132.3	30;34540;35166;+;108.4	41;44381;45505;+;73.7	43;46520;50212;+;149.4	24;30347;32167;+;61.5	33;37413;37985;+;72.9	24;30347;32167;+;50.7	A	9/9	split_2	46666	0	1	
NZ_KY435936.1	MPF_T	IncX3	60	0	0	GA	1	45;37814;38458;-;46.4	44;37540;37830;-;73.1	43;34762;37515;-;47.0	43;34762;37515;-;142.4	43;34762;37515;-;73.3	42;33982;34752;-;60.1	40;32648;33703;-;133.2		39;31725;32453;-;119.4	38;30790;31719;-;138.8	37;29579;30793;-;128.3	35;28349;29383;-;65.7	34;26511;28346;-;495.9		pfam	pfam_only	A	7/7	canonical	1	1	unscoreable	2	0	0														not_admitted	not_admitted	not_admitted	not_admitted	not_admitted	not_admitted	not_admitted
NZ_KY454639.1	MPF_F	IncFIA(pBK30683);IncFIB(K)(pCAV1099-114);IncFII(pKP91)	155	0	0	GA	0															not_admitted	not_admitted	not_admitted	not_admitted	not_admitted	not_admitted	not_admitted	not_admitted	not_admitted	not_admitted	1	73;98324;99313;-;360.1	63;91439;92806;-;384.1	67;94064;94816;-;234.4	77;100770;103409;-;259.0	62;88617;91439;-;346.4	85;106794;108218;-;89.3	77;100770;103409;-;89.1	87;108945;109511;-;169.3	72;97673;98311;-;64.7	71;95659;97614;-;258.0	58;83057;85369;-;393.1	84;106137;106721;-;54.6	58;83057;85369;-;66.6	A	9/9	contiguous	25888	1	1	87992..88594-;200;TraS;0
NZ_KY463220.1	MPF_F	IncFII	116	0	0	GA	0															not_admitted	not_admitted	not_admitted	not_admitted	not_admitted	not_admitted	not_admitted	not_admitted	not_admitted	not_admitted	1	43;37200;38192;+;369.3	52;43254;44627;+;380.7	47;40891;41664;+;232.8	40;33564;36191;+;303.5	53;44624;47449;+;386.0	34;30082;31509;+;94.3	40;33564;36191;+;98.5	32;28801;29367;+;183.8	44;38201;38839;+;68.7	45;38836;40644;+;268.0	56;48953;51214;+;391.6	38;32533;33048;+;78.4	56;48953;51214;+;70.3	A	9/9	contiguous	20152	1	1	47446..47955+;169;unnamed;0
NZ_KY463451.1	MPF_T	IncX4	41	0	0	GA	1	23;16364;16984;+;41.6	24;16998;17324;+;64.4	25;17343;20090;+;63.8	25;17343;20090;+;151.8	25;17343;20090;+;46.1	26;20102;20818;+;94.2	27;20830;21924;+;150.1		29;22439;23125;+;169.0	30;23122;24030;+;142.4	31;24023;25141;+;163.9	32;25143;26171;+;85.0	33;26203;28020;+;314.8		pfam	pfam_only	A	7/7	canonical	1	1	unscoreable	1	0	0														not_admitted	not_admitted	not_admitted	not_admitted	not_admitted	not_admitted	not_admitted
NZ_KY463452.1	MPF_T	IncP1	68	0	0	GA	1		22;15733;16116;-;68.7	21;15404;15730;-;50.6	20;12864;15407;-;94.8	20;12864;15407;-;107.0	15;8618;9388;-;104.8	14;6868;8427;-;113.8		19;12160;12867;-;91.8	18;11254;12144;-;152.4	16;9401;10795;-;224.7	23;16230;17186;-;132.7	54;35553;37499;+;442.7		conjscan	conjscan_only	A	7/7	canonical	1	0	unscoreable	2	0	0														not_admitted	not_admitted	not_admitted	not_admitted	not_admitted	not_admitted	not_admitted
NZ_KY463454.1	MPF_T	IncX4	41	0	0	GA	1	23;16364;16984;+;41.6	24;16998;17324;+;64.4	25;17343;20090;+;63.8	25;17343;20090;+;151.8	25;17343;20090;+;46.1	26;20102;20818;+;94.2	27;20830;21924;+;150.1		29;22439;23125;+;169.0	30;23122;24030;+;142.4	31;24023;25141;+;163.9	32;25143;26171;+;85.0	33;26203;28020;+;314.8		pfam	pfam_only	A	7/7	canonical	1	1	unscoreable	1	0	0														not_admitted	not_admitted	not_admitted	not_admitted	not_admitted	not_admitted	not_admitted
NZ_KY471144.1	MPF_T	IncI2	78	0	0	GA	1	39;33984;34466;-;81.1		54;50063;50347;-;36.6	53;47700;50057;-;58.5	53;47700;50057;-;42.8	66;55800;56441;-;42.8	67;56447;57442;-;128.5		51;46800;47534;-;144.3	50;46033;46803;-;170.5	49;44904;46043;-;154.7	42;36235;37773;-;207.1	47;41856;43814;-;289.6		pfam	pfam_only	A	7/7	rearranged	1	0	unscoreable	17	1	0														not_admitted	not_admitted	not_admitted	not_admitted	not_admitted	not_admitted	not_admitted
NZ_KY471145.1	MPF_T	IncI2	77	0	0	GA	1	39;33386;33868;-;81.1		54;49464;49748;-;36.6	53;47101;49458;-;58.5	53;47101;49458;-;42.8	65;55200;55841;-;42.8	66;55847;56332;-;62.4		51;46201;46935;-;144.3	50;45434;46204;-;170.5	49;44284;45444;-;130.5	42;35637;37175;-;207.1	47;41258;43216;-;289.6		pfam	pfam_only	A	7/7	rearranged	1	0	unscoreable	16	1	0														not_admitted	not_admitted	not_admitted	not_admitted	not_admitted	not_admitted	not_admitted
NZ_KY471146.1	MPF_T	IncX4	54	0	0	GA	1	38;38320;38940;-;41.6	37;37980;38306;-;64.4	36;35214;37961;-;63.8	36;35214;37961;-;151.8	36;35214;37961;-;46.1	35;34486;35202;-;94.2	34;33380;34474;-;150.1		32;32179;32865;-;169.0	31;31274;32182;-;142.4	30;30163;31281;-;163.9	29;29133;30161;-;85.0	28;27284;29101;-;314.8		pfam	pfam_only	A	7/7	canonical	1	1	unscoreable	1	0	0														not_admitted	not_admitted	not_admitted	not_admitted	not_admitted	not_admitted	not_admitted
NZ_KY471307.1	MPF_T	IncI2	82	0	0	GA	1	44;35365;35847;-;81.1		57;50914;51198;-;36.5	56;48551;50908;-;58.4	56;48551;50908;-;44.9	69;57335;57979;-;41.0	70;57985;58980;-;123.7		55;47655;48389;-;144.9	54;46888;47658;-;170.4	53;45759;46898;-;149.2	47;37615;39153;-;207.1	51;42711;44669;-;287.0		pfam	pfam_only	A	7/7	rearranged	1	0	unscoreable	15	0	0														not_admitted	not_admitted	not_admitted	not_admitted	not_admitted	not_admitted	not_admitted
NZ_KY471308.1	MPF_T	IncI2	76	0	0	GA	1	37;32514;32996;-;81.1		52;48592;48876;-;36.6	51;46229;48586;-;58.5	51;46229;48586;-;42.8	64;54329;54970;-;42.8	65;54976;55971;-;128.5		49;45329;46063;-;144.3	48;44562;45332;-;170.5	47;43433;44572;-;154.7	40;34764;36302;-;207.1	45;40385;42343;-;289.6		pfam	pfam_only	A	7/7	rearranged	1	0	unscoreable	17	1	0														not_admitted	not_admitted	not_admitted	not_admitted	not_admitted	not_admitted	not_admitted
NZ_KY471309.1	MPF_T	IncI2	77	0	0	GA	1	38;32051;32533;-;81.1		53;48129;48413;-;36.6	52;45766;48123;-;58.5	52;45766;48123;-;42.8	65;53866;54507;-;42.8	66;54513;55508;-;128.5		50;44866;45600;-;144.3	49;44099;44869;-;170.5	48;42970;44109;-;154.7	41;34301;35839;-;207.1	46;39922;41880;-;289.6		pfam	pfam_only	A	7/7	rearranged	1	0	unscoreable	17	1	0														not_admitted	not_admitted	not_admitted	not_admitted	not_admitted	not_admitted	not_admitted
NZ_KY471310.1	MPF_T	IncI2	76	0	0	GA	1	37;32847;33329;-;81.1		52;48925;49209;-;36.6	51;46562;48919;-;58.5	51;46562;48919;-;42.8	64;54662;55303;-;42.8	65;55309;56304;-;128.5		49;45662;46396;-;144.3	48;44895;45665;-;170.5	47;43766;44905;-;154.7	40;35097;36635;-;207.1	45;40718;42676;-;289.6		pfam	pfam_only	A	7/7	rearranged	1	0	unscoreable	17	1	0														not_admitted	not_admitted	not_admitted	not_admitted	not_admitted	not_admitted	not_admitted
NZ_KY471311.1	MPF_T	IncI2	77	0	0	GA	1	38;32900;33382;-;81.1		53;48978;49262;-;36.6	52;46615;48972;-;58.5	52;46615;48972;-;42.8	65;54715;55356;-;42.8	66;55362;56357;-;128.5		50;45715;46449;-;144.3	49;44948;45718;-;170.5	48;43819;44958;-;154.7	41;35150;36688;-;207.1	46;40771;42729;-;289.6		pfam	pfam_only	A	7/7	rearranged	1	0	unscoreable	17	1	0														not_admitted	not_admitted	not_admitted	not_admitted	not_admitted	not_admitted	not_admitted
NZ_KY471312.1	MPF_T	IncI2	78	0	0	GA	1	39;32948;33430;-;81.1		54;49026;49310;-;36.6	53;46663;49020;-;58.5	53;46663;49020;-;42.8	66;54763;55404;-;42.8	67;55410;56405;-;128.5		51;45763;46497;-;144.3	50;44996;45766;-;170.5	49;43867;45006;-;154.7	42;35198;36736;-;207.1	47;40819;42777;-;289.6		pfam	pfam_only	A	7/7	rearranged	1	0	unscoreable	17	1	0														not_admitted	not_admitted	not_admitted	not_admitted	not_admitted	not_admitted	not_admitted
NZ_KY471313.1	MPF_T	IncI2	77	0	0	GA	1	38;32969;33451;-;81.1		53;49047;49331;-;36.6	52;46684;49041;-;58.5	52;46684;49041;-;42.8	65;54784;55425;-;42.8	66;55431;56426;-;128.5		50;45784;46518;-;144.3	49;45017;45787;-;170.5	48;43888;45027;-;154.7	41;35219;36757;-;207.1	46;40840;42798;-;289.6		pfam	pfam_only	A	7/7	rearranged	1	0	unscoreable	17	1	0														not_admitted	not_admitted	not_admitted	not_admitted	not_admitted	not_admitted	not_admitted
NZ_KY471314.1	MPF_T	IncI2	80	0	0	GA	1	40;34079;34561;-;81.1		55;50157;50441;-;36.6	54;47794;50151;-;58.5	54;47794;50151;-;44.9	67;56592;57236;-;41.0	68;57242;58237;-;122.6		52;46894;47628;-;144.3	51;46127;46897;-;170.5	50;44998;46137;-;154.7	43;36329;37867;-;207.1	48;41950;43908;-;289.6		pfam	pfam_only	A	7/7	rearranged	1	0	unscoreable	17	0	0														not_admitted	not_admitted	not_admitted	not_admitted	not_admitted	not_admitted	not_admitted
NZ_KY471315.1	MPF_T	IncI2	76	0	0	GA	1	37;30986;31468;-;81.1		52;47064;47348;-;36.6	51;44701;47058;-;58.5	51;44701;47058;-;44.9	64;53485;54129;-;41.2	65;54135;55130;-;123.7		49;43801;44535;-;144.3	48;43034;43804;-;170.5	47;41905;43044;-;154.7	40;33236;34774;-;207.1	45;38857;40815;-;289.6		pfam	pfam_only	A	7/7	rearranged	1	0	unscoreable	17	0	0														not_admitted	not_admitted	not_admitted	not_admitted	not_admitted	not_admitted	not_admitted
NZ_KY494864.1	MPF_T	-	579	0	0	GA	1	476;374426;375130;-;26.8	530;428136;428522;+;85.3	531;428519;428788;+;32.5	532;428801;431251;+;37.9	532;428801;431251;+;125.2	533;431248;431991;+;226.6	535;432327;433694;+;177.3		536;433713;434417;+;235.9	537;434414;435406;+;223.0	538;435409;436689;+;208.0	188;171083;172840;-;294.1	527;424602;426599;+;334.3		conjscan	conjscan_only	A	7/7	canonical	1	0	unscoreable	3	0	0														not_admitted	not_admitted	not_admitted	not_admitted	not_admitted	not_admitted	not_admitted
NZ_KY495890.1	MPF_F	IncFIB(K);IncFII(K)	160	0	0	GA	0															not_admitted	not_admitted	not_admitted	not_admitted	not_admitted	not_admitted	not_admitted	not_admitted	not_admitted	not_admitted	1	27;27149;28138;-;363.3	16;19963;21330;-;383.5	20;22588;23340;-;233.7	31;29595;32234;-;259.0	15;17141;19963;-;346.5	42;36202;37626;-;88.0	31;29595;32234;-;88.7	44;38353;38919;-;167.9	25;26226;26873;-;66.9	24;24212;26167;-;259.7	11;12211;14523;-;392.8	39;35006;35590;-;53.8	11;12211;14523;-;65.9	A	9/9	contiguous	26142	1	1	16516..17118-;200;TraS;0
NZ_KY498540.1	-	-	81	0	0	GA	1	51;45099;45614;-;46.5	79;68098;68427;-;65.8	78;67773;68087;-;30.4	77;65318;67732;-;51.1	77;65318;67732;-;99.0	76;64563;65321;-;34.3	74;62301;63608;-;91.1		73;61597;62271;-;147.4	72;60716;61588;-;159.1	70;59045;60301;-;190.4	65;53185;54807;-;175.5	42;37201;38991;-;40.0		conjscan	conjscan_only	A	7/7	canonical	1	0	unscoreable	27	0	0														not_admitted	not_admitted	not_admitted	not_admitted	not_admitted	not_admitted	not_admitted
NZ_KY499796.1	MPF_T	IncX3	66	0	0	GA	1	53;41264;41908;-;46.4	52;40990;41280;-;73.1	51;38212;40965;-;47.0	51;38212;40965;-;145.4	51;38212;40965;-;73.3	50;37432;38202;-;60.1	48;36098;37153;-;133.2		47;35175;35903;-;119.4	46;34240;35169;-;138.8	45;33029;34243;-;128.3	43;31799;32833;-;65.7	42;29961;31796;-;495.9		pfam	pfam_only	A	7/7	canonical	1	1	unscoreable	2	0	0														not_admitted	not_admitted	not_admitted	not_admitted	not_admitted	not_admitted	not_admitted
NZ_KY499797.1	MPF_T	IncX3	66	0	0	GA	1	53;41264;41908;-;46.4	52;40990;41280;-;73.1	51;38212;40965;-;47.0	51;38212;40965;-;145.4	51;38212;40965;-;73.3	50;37432;38202;-;60.1	48;36098;37153;-;133.2		47;35175;35903;-;119.4	46;34240;35169;-;138.8	45;33029;34243;-;128.3	43;31799;32833;-;65.7	42;29961;31796;-;495.9		pfam	pfam_only	A	7/7	canonical	1	1	unscoreable	2	0	0														not_admitted	not_admitted	not_admitted	not_admitted	not_admitted	not_admitted	not_admitted
NZ_KY555069.1	MPF_F	-	181	0	0	GA	0															not_admitted	not_admitted	not_admitted	not_admitted	not_admitted	not_admitted	not_admitted	not_admitted	not_admitted	not_admitted	1	40;32665;33654;+;356.1	46;37781;39145;+;366.0	43;35316;36923;+;196.3	37;29032;31617;+;245.3	47;39145;41988;+;339.6	35;27130;28458;+;93.7	37;29032;31617;+;88.7	33;25862;26428;+;128.2	41;33664;34272;+;69.5	43;35316;36923;+;232.3	50;43369;45531;+;381.7	36;28470;29021;+;44.9	50;43369;45531;+;63.9	A	9/9	contiguous	17507	1	1	41985..42554+;189;unnamed;0
NZ_KY555070.1	MPF_F	-	86	0	0	GA	0															not_admitted	not_admitted	not_admitted	not_admitted	not_admitted	not_admitted	not_admitted	not_admitted	not_admitted	not_admitted	1	16;12425;13414;+;356.7	22;17624;18988;+;368.8	19;15915;16766;+;196.5	13;8792;11377;+;245.5	23;18988;21828;+;340.1	11;6890;8218;+;93.7	13;8792;11377;+;87.1	9;5607;6173;+;129.5	17;13424;14038;+;76.9	18;14056;15918;+;245.5	26;23230;25398;+;381.1	12;8230;8781;+;44.8	26;23230;25398;+;63.9	A	9/9	contiguous	17623	1	1	21828..22415+;195;unnamed;0
NZ_KY565556.1	MPF_T	IncX4	42	0	0	GA	1	23;14976;15548;+;42.2	24;15609;15935;+;64.4	25;15954;18701;+;63.8	25;15954;18701;+;151.8	25;15954;18701;+;46.1	26;18713;19429;+;94.2	27;19441;20535;+;150.1		29;21050;21736;+;169.0	30;21733;22641;+;142.4	31;22634;23752;+;163.9	32;23754;24782;+;85.0	33;24814;26631;+;314.8		pfam	pfam_only	A	7/7	canonical	1	1	unscoreable	1	0	0														not_admitted	not_admitted	not_admitted	not_admitted	not_admitted	not_admitted	not_admitted
NZ_KY565557.1	MPF_T	IncI2(Delta)	84	0	0	GA	1	18;17516;17998;+;81.1		4;1732;2016;+;36.5	5;2022;4379;+;61.0	5;2022;4379;+;44.0	76;59672;60313;+;42.9	75;58671;59666;+;130.5		6;4541;5275;+;144.9	7;5272;6042;+;170.4	8;6032;7171;+;153.5	15;14209;15747;+;207.4	10;8261;10219;+;287.0		pfam	pfam_only	A	7/7	canonical	1	0	unscoreable	7	1	0														not_admitted	not_admitted	not_admitted	not_admitted	not_admitted	not_admitted	not_admitted
NZ_KY582848.1	MPF_T	IncX4	37	0	0	GA	1	19;14284;14904;+;41.6	20;14918;15244;+;64.4	21;15263;18010;+;63.8	21;15263;18010;+;151.8	21;15263;18010;+;46.1	22;18022;18738;+;94.2	23;18750;19844;+;150.1		25;20359;21045;+;169.0	26;21042;21950;+;142.4	27;21943;23061;+;163.9	28;23063;24091;+;85.0	29;24123;25940;+;314.8		pfam	pfam_only	A	7/7	canonical	1	1	unscoreable	1	0	0														not_admitted	not_admitted	not_admitted	not_admitted	not_admitted	not_admitted	not_admitted
NZ_KY623659.1	-	-	138	0	0	GA	0															not_admitted	not_admitted	not_admitted	not_admitted	not_admitted	not_admitted	not_admitted	not_admitted	not_admitted	not_admitted	1	60;54073;55089;+;325.8	127;112842;114290;+;306.3	126;111817;112845;+;215.9	55;48755;51232;+;279.1	128;114294;118373;+;309.8	50;39684;41024;+;126.1	55;48755;51232;+;131.6	48;38040;38774;+;90.9	58;52081;53439;+;59.5	61;55193;57967;+;141.2	43;33983;35863;+;41.4	51;41026;41568;+;79.3	43;33983;35863;+;54.5	A	9/9	split_2	80311	0	1	
NZ_KY624633.1	MPF_T	IncI2	75	0	0	GA	1	37;34350;34832;-;81.1		52;50452;50736;-;36.5	51;48089;50446;-;58.5	51;48089;50446;-;44.9	61;55392;56039;-;41.6	62;56045;57031;-;122.2		49;47189;47923;-;144.3	48;46422;47192;-;170.5	47;45293;46432;-;154.7	40;36600;38138;-;207.1	45;42221;44179;-;287.0		pfam	pfam_only	A	7/7	rearranged	1	0	unscoreable	14	0	0														not_admitted	not_admitted	not_admitted	not_admitted	not_admitted	not_admitted	not_admitted
NZ_KY652381.1	MPF_T	IncX4	48	0	0	GA	1	25;13992;14612;+;41.6	26;14626;14952;+;64.4	27;14971;17718;+;63.8	27;14971;17718;+;150.8	27;14971;17718;+;46.1	28;17730;18446;+;93.7	29;18458;19552;+;150.1		31;20067;20753;+;168.8	32;20750;21658;+;142.4	33;21651;22769;+;164.0	34;22771;23799;+;85.0	35;23831;25648;+;316.5		pfam	pfam_only	A	7/7	canonical	1	1	unscoreable	1	0	0														not_admitted	not_admitted	not_admitted	not_admitted	not_admitted	not_admitted	not_admitted
NZ_KY657476.1	MPF_T	IncI2(Delta)	71	0	0	GA	1	39;35459;35941;-;81.1		54;51548;51832;-;36.6	53;49185;51542;-;58.5	53;49185;51542;-;44.9	63;56644;57288;-;41.0	64;57294;58289;-;123.9		51;48285;49019;-;144.3	50;47518;48288;-;170.5	49;46389;47528;-;154.7	42;37720;39258;-;207.1	47;43341;45299;-;289.6		pfam	pfam_only	A	7/7	rearranged	1	0	unscoreable	14	0	0														not_admitted	not_admitted	not_admitted	not_admitted	not_admitted	not_admitted	not_admitted
NZ_KY657477.1	MPF_T	IncI2	85	0	0	GA	1	13;12604;13086;-;81.1		28;28682;28966;-;36.6	27;26319;28676;-;58.3	27;26319;28676;-;42.8	40;34419;35060;-;42.8	41;35066;36061;-;128.5		25;25419;26153;-;144.3	24;24652;25422;-;170.5	23;23523;24662;-;154.7	16;14854;16392;-;207.1	21;20475;22433;-;289.6		pfam	pfam_only	A	7/7	rearranged	1	0	unscoreable	17	1	0														not_admitted	not_admitted	not_admitted	not_admitted	not_admitted	not_admitted	not_admitted
NZ_KY657478.1	MPF_T	IncI2(Delta)	74	0	0	GA	1	44;34832;35314;+;81.1		29;18952;19236;+;36.6	30;19242;21599;+;58.5	30;19242;21599;+;44.9	20;13496;14140;+;41.0	19;12495;13490;+;123.9		32;21765;22499;+;144.3	33;22496;23266;+;170.5	34;23256;24395;+;154.7	41;31526;33064;+;207.1	36;25485;27443;+;289.6		pfam	pfam_only	A	7/7	rearranged	1	0	unscoreable	14	0	0														not_admitted	not_admitted	not_admitted	not_admitted	not_admitted	not_admitted	not_admitted
NZ_KY659387.1	MPF_T	IncX3	63	0	0	GA	1	50;45296;45940;-;46.4	49;45022;45312;-;73.1	48;42244;44997;-;47.0	48;42244;44997;-;145.4	48;42244;44997;-;73.3	47;41464;42234;-;60.1	45;40130;41185;-;133.2		44;39207;39935;-;119.4	43;38272;39201;-;138.8	42;37061;38275;-;128.3	40;35831;36865;-;65.7	39;33993;35828;-;495.9		pfam	pfam_only	A	7/7	canonical	1	1	unscoreable	2	0	0														not_admitted	not_admitted	not_admitted	not_admitted	not_admitted	not_admitted	not_admitted
NZ_KY659388.1	MPF_T	IncX3	64	0	0	GA	1	51;45296;45940;-;46.4	50;45022;45312;-;73.1	49;42244;44997;-;47.0	49;42244;44997;-;145.4	49;42244;44997;-;73.3	48;41464;42234;-;60.1	46;40130;41185;-;133.2		45;39207;39935;-;119.4	44;38272;39201;-;138.8	43;37061;38275;-;128.3	41;35831;36865;-;65.7	40;33993;35828;-;495.9		pfam	pfam_only	A	7/7	canonical	1	1	unscoreable	2	0	0														not_admitted	not_admitted	not_admitted	not_admitted	not_admitted	not_admitted	not_admitted
NZ_KY680213.1	MPF_F	IncFII(pRSB107)	68	0	0	GA	0															not_admitted	not_admitted	not_admitted	not_admitted	not_admitted	not_admitted	not_admitted	not_admitted	not_admitted	not_admitted	1	50;37448;38440;+;367.9	58;43180;44550;+;377.9	54;41214;41963;+;218.5	47;33830;36460;+;285.5	59;44550;47414;+;334.5	41;30516;31910;+;90.9	47;33830;36460;+;98.6	39;29233;29799;+;171.9	51;38457;39086;+;66.6	52;39083;40963;+;260.5	61;49036;51204;+;384.9	42;31932;32471;+;67.0	61;49036;51204;+;63.9	A	9/9	contiguous	19803	1	1	47937..48668+;243;unnamed;1
NZ_KY689632.1	MPF_F	IncHI2;IncHI2A	259	0	0	GA	0															not_admitted	not_admitted	not_admitted	not_admitted	not_admitted	not_admitted	not_admitted	not_admitted	not_admitted	not_admitted	1	125;105786;106844;-;276.9	240;212645;214060;+;194.1	239;211618;212655;+;157.0	142;127990;130671;-;168.0	241;214069;218022;+;101.6	146;133001;134356;-;80.7	142;127990;130671;-;72.2	149;136080;136868;-;74.8	127;106986;108497;-;62.0	124;102579;105767;-;57.3	232;202492;204576;-;56.8	143;130680;131630;-;46.1	232;202492;204576;-;38.8	A	9/9	split_3	111490	1	1	218203..219492+;429;unnamed;0
NZ_KY689633.1	MPF_F	IncHI2;IncHI2A	286	0	0	GA	0															not_admitted	not_admitted	not_admitted	not_admitted	not_admitted	not_admitted	not_admitted	not_admitted	not_admitted	not_admitted	1	113;102534;103592;-;276.9	81;69771;71186;-;194.1	82;71176;72222;-;174.3	130;124737;127418;-;168.0	80;65809;69762;-;101.6	134;129748;131103;-;80.7	130;124737;127418;-;72.2	137;132827;133615;-;74.8	115;103734;105245;-;62.0	112;99327;102515;-;57.3	225;202005;204089;-;56.8	131;127427;128377;-;46.1	225;202005;204089;-;38.8	A	9/9	split_4	136196	1	1	64339..65628-;429;unnamed;0
NZ_KY689634.1	MPF_T	IncX4	42	0	0	GA	1	23;14976;15548;+;42.2	24;15609;15935;+;64.4	25;15954;18701;+;63.8	25;15954;18701;+;151.8	25;15954;18701;+;46.1	26;18713;19429;+;94.2	27;19441;20535;+;150.1		29;21050;21736;+;169.0	30;21733;22641;+;142.4	31;22634;23752;+;163.9	32;23754;24782;+;85.0	33;24814;26631;+;314.8		pfam	pfam_only	A	7/7	canonical	1	1	unscoreable	1	0	0														not_admitted	not_admitted	not_admitted	not_admitted	not_admitted	not_admitted	not_admitted
NZ_KY693674.1	MPF_T	IncI2(Delta)	76	0	0	GA	1	38;34824;35306;-;81.1		53;50913;51197;-;36.6	52;48550;50907;-;58.5	52;48550;50907;-;44.9	64;57345;57989;-;41.0	65;57995;58990;-;123.9		50;47650;48384;-;142.1	49;46883;47653;-;170.5	48;45754;46893;-;154.7	41;37085;38623;-;207.1	46;42706;44664;-;289.6		pfam	pfam_only	A	7/7	rearranged	1	0	unscoreable	16	0	0														not_admitted	not_admitted	not_admitted	not_admitted	not_admitted	not_admitted	not_admitted
NZ_KY706108.1	MPF_F	IncFIB(AP001918);IncFII(pRSB107)	166	0	0	GA	0															not_admitted	not_admitted	not_admitted	not_admitted	not_admitted	not_admitted	not_admitted	not_admitted	not_admitted	not_admitted	1	135;112211;113203;+;369.3	146;118994;120367;+;379.9	140;116309;117052;+;229.5	132;108575;111202;+;297.8	147;120364;123186;+;385.6	126;105233;106684;+;93.9	132;108575;111202;+;100.1	124;103952;104518;+;177.4	137;113547;114185;+;68.6	138;114182;116032;+;266.7	151;125432;127621;+;391.8	129;107544;108059;+;76.5	151;125432;127621;+;70.3	A	9/9	contiguous	21480	1	1	123208..123687+;159;TraS;0
NZ_KY749247.1	MPF_F	IncFII	113	0	0	GA	0															not_admitted	not_admitted	not_admitted	not_admitted	not_admitted	not_admitted	not_admitted	not_admitted	not_admitted	not_admitted	1	90;71973;72965;+;369.5	101;80038;81411;+;382.9	95;77367;78110;+;234.4	87;68337;70964;+;300.9	102;81408;84227;+;385.4	81;64757;66184;+;93.9	87;68337;70964;+;101.1	79;63476;64042;+;182.7	92;74647;75285;+;70.7	93;75282;77090;+;267.1	105;85759;87957;+;380.8	85;67306;67821;+;76.0	105;85759;87957;+;66.5	A	9/9	contiguous	22283	1	1	84252..84743+;163;TraS;0
NZ_KY751925.1	MPF_F	IncFII	127	0	0	GA	0															not_admitted	not_admitted	not_admitted	not_admitted	not_admitted	not_admitted	not_admitted	not_admitted	not_admitted	not_admitted	1				56;45770;48400;+;304.1		49;41320;42771;+;94.2	56;45770;48400;+;97.1	47;40039;40605;+;174.3			56;45770;48400;+;21.8	52;43631;44146;+;78.4		D	3/9	contiguous	5731	0	0	
NZ_KY751926.1	MPF_F	IncFII;IncR	126	0	0	GA	0															not_admitted	not_admitted	not_admitted	not_admitted	not_admitted	not_admitted	not_admitted	not_admitted	not_admitted	not_admitted	1	27;21898;22890;+;369.5	37;28669;30042;+;381.7	32;25996;26739;+;234.4	24;18259;20889;+;304.1	38;30039;32861;+;374.0	16;13809;15260;+;94.2	24;18259;20889;+;97.1	14;12528;13094;+;174.3	29;23234;23872;+;68.6	30;23869;25719;+;266.1	42;35133;37349;+;391.2	19;16120;16635;+;78.4	42;35133;37349;+;70.3	A	9/9	contiguous	22605	1	1	32883..33362+;159;TraS;0
NZ_KY770023.1	MPF_T	IncX4	42	0	0	GA	1	14;6561;7181;+;41.6	15;7195;7521;+;64.4	16;7540;10287;+;63.8	16;7540;10287;+;151.8	16;7540;10287;+;46.1	17;10299;11015;+;94.2	18;11027;12121;+;150.1		20;12636;13322;+;169.0	21;13319;14227;+;142.4	22;14220;15338;+;163.9	23;15340;16368;+;85.0	24;16400;18217;+;314.8		pfam	pfam_only	A	7/7	canonical	1	1	unscoreable	1	0	0														not_admitted	not_admitted	not_admitted	not_admitted	not_admitted	not_admitted	not_admitted
NZ_KY770024.1	MPF_T	IncX4	42	0	0	GA	1	14;6800;7420;+;41.6	15;7434;7760;+;64.4	16;7779;10526;+;63.8	16;7779;10526;+;151.8	16;7779;10526;+;46.1	17;10538;11254;+;94.2	18;11266;12360;+;150.1		20;12875;13561;+;169.0	21;13558;14466;+;142.4	22;14459;15577;+;163.9	23;15579;16607;+;85.0	24;16639;18456;+;314.8		pfam	pfam_only	A	7/7	canonical	1	1	unscoreable	1	0	0														not_admitted	not_admitted	not_admitted	not_admitted	not_admitted	not_admitted	not_admitted
NZ_KY770025.1	MPF_T	IncX4	45	0	0	GA	1	16;8573;9193;+;41.6	17;9207;9533;+;64.4	18;9552;12299;+;63.8	18;9552;12299;+;151.8	18;9552;12299;+;46.1	19;12311;13027;+;94.2	20;13039;14133;+;150.1		22;14648;15334;+;169.0	23;15331;16239;+;142.4	24;16232;17350;+;163.9	25;17352;18380;+;85.0	26;18412;20229;+;314.8		pfam	pfam_only	A	7/7	canonical	1	1	unscoreable	1	0	0														not_admitted	not_admitted	not_admitted	not_admitted	not_admitted	not_admitted	not_admitted
NZ_KY784668.1	MPF_T	IncI2	81	0	0	GA	1	44;33095;33577;+;81.1		29;17215;17499;+;36.6	30;17505;19862;+;58.5	30;17505;19862;+;42.8	15;9785;10426;+;42.8	14;8784;9779;+;128.5		32;20028;20762;+;144.3	33;20759;21529;+;170.5	34;21519;22658;+;154.7	41;29789;31327;+;207.1	36;23748;25706;+;289.6		pfam	pfam_only	A	7/7	rearranged	1	0	unscoreable	19	1	0														not_admitted	not_admitted	not_admitted	not_admitted	not_admitted	not_admitted	not_admitted
NZ_KY792081.1	MPF_T	IncI2(Delta)	78	0	0	GA	1	39;33830;34312;-;81.1		52;49379;49663;-;36.5	51;47016;49373;-;61.6	51;47016;49373;-;44.0	64;55800;56444;-;41.9	65;56450;57445;-;123.7		50;46120;46854;-;144.9	49;45353;46123;-;170.4	48;44224;45363;-;153.5	42;36080;37618;-;207.1	46;41176;43134;-;288.3		pfam	pfam_only	A	7/7	rearranged	1	0	unscoreable	15	0	0														not_admitted	not_admitted	not_admitted	not_admitted	not_admitted	not_admitted	not_admitted
NZ_KY795977.1	MPF_T	IncI2	76	0	0	GA	1	37;32544;33026;-;81.1		52;48622;48906;-;36.6	51;46259;48616;-;58.5	51;46259;48616;-;42.8	64;54359;55000;-;42.8	65;55006;56001;-;128.5		49;45359;46093;-;144.3	48;44592;45362;-;170.5	47;43463;44602;-;154.7	40;34794;36332;-;207.1	45;40415;42373;-;289.6		pfam	pfam_only	A	7/7	rearranged	1	0	unscoreable	17	1	0														not_admitted	not_admitted	not_admitted	not_admitted	not_admitted	not_admitted	not_admitted
NZ_KY795978.1	MPF_T	IncI2(Delta)	72	0	0	GA	1	36;33398;33880;-;81.1		51;49487;49771;-;36.6	50;47124;49481;-;58.5	50;47124;49481;-;44.9	60;54583;55227;-;41.0	61;55233;56228;-;123.9		48;46224;46958;-;144.3	47;45457;46227;-;170.5	46;44328;45467;-;154.7	39;35659;37197;-;207.1	44;41280;43238;-;289.6		pfam	pfam_only	A	7/7	rearranged	1	0	unscoreable	14	0	0														not_admitted	not_admitted	not_admitted	not_admitted	not_admitted	not_admitted	not_admitted
NZ_KY798505.1	MPF_F	IncFIB(pQil);IncFII(K)	135	0	0	GA	0															not_admitted	not_admitted	not_admitted	not_admitted	not_admitted	not_admitted	not_admitted	not_admitted	not_admitted	not_admitted	1	36;24220;25209;+;366.0	46;30756;32123;+;380.7	42;28746;29498;+;233.7	32;20138;22777;+;258.5	47;32123;34972;+;345.6	23;15458;16882;+;88.8	32;20138;22777;+;88.7	21;14165;14731;+;169.3	37;25222;25860;+;67.0	38;25919;27874;+;259.7	51;37458;39770;+;392.7	24;16996;17580;+;55.4	51;37458;39770;+;66.5	A	9/9	contiguous	23293	1	1	34985..35533+;182;unnamed;0
NZ_KY798506.1	MPF_F	IncFII(K);IncR	129	0	0	GA	0															not_admitted	not_admitted	not_admitted	not_admitted	not_admitted	not_admitted	not_admitted	not_admitted	not_admitted	not_admitted	1	106;86889;87878;+;366.0	116;93425;94792;+;380.7	112;91415;92167;+;233.7	102;82807;85446;+;258.5	117;94792;97641;+;345.6	93;78127;79551;+;88.8	102;82807;85446;+;88.7	91;76834;77400;+;169.3	107;87891;88529;+;67.0	108;88588;90543;+;259.7	121;100127;102439;+;392.7	94;79665;80249;+;55.4	121;100127;102439;+;66.5	A	9/9	contiguous	23293	1	1	97654..98202+;182;unnamed;0
NZ_KY798507.1	MPF_F	IncFIB(pQil);IncFII(K)	132	0	0	GA	0															not_admitted	not_admitted	not_admitted	not_admitted	not_admitted	not_admitted	not_admitted	not_admitted	not_admitted	not_admitted	1	113;91357;92346;+;366.0	123;97893;99260;+;380.7	119;95883;96635;+;233.7	109;87275;89914;+;258.5	124;99260;102109;+;345.6	101;82594;84018;+;88.8	109;87275;89914;+;88.7	99;81301;81867;+;169.3	114;92359;92997;+;67.0	115;93056;95011;+;259.7	128;104595;106907;+;392.7	102;84132;84716;+;55.4	128;104595;106907;+;66.5	A	9/9	contiguous	23294	1	1	102122..102670+;182;unnamed;0
NZ_KY802014.1	MPF_T	IncI2	84	0	0	GA	1	45;37162;37644;-;81.1		60;53240;53524;-;36.6	59;50877;53234;-;58.5	59;50877;53234;-;42.8	72;58977;59618;-;42.8	73;59624;60619;-;128.5		57;49977;50711;-;144.3	56;49210;49980;-;170.5	55;48081;49220;-;154.7	48;39412;40950;-;207.1	53;45033;46991;-;289.6		pfam	pfam_only	A	7/7	rearranged	1	0	unscoreable	17	1	0														not_admitted	not_admitted	not_admitted	not_admitted	not_admitted	not_admitted	not_admitted
NZ_KY829117.1	MPF_T	IncI2	78	0	0	GA	1	29;26102;26584;-;81.1		44;42180;42464;-;36.6	43;39817;42174;-;58.5	43;39817;42174;-;44.9	56;48601;49245;-;41.2	57;49251;50246;-;123.9		41;38917;39651;-;144.3	40;38150;38920;-;170.5	39;37021;38160;-;154.7	32;28352;29890;-;207.1	37;33973;35931;-;289.6		pfam	pfam_only	A	7/7	rearranged	1	0	unscoreable	17	0	0														not_admitted	not_admitted	not_admitted	not_admitted	not_admitted	not_admitted	not_admitted
NZ_KY848295.1	MPF_T	IncFIB(K)	77	0	0	GA	1	33;32833;33495;-;48.3	32;32523;32822;-;36.6	31;29763;32513;-;60.6	31;29763;32513;-;134.0	31;29763;32513;-;48.6	30;29028;29744;-;137.0	28;27707;28714;-;137.8		26;26811;27497;-;158.3	25;25925;26818;-;147.4	24;24732;25928;-;134.7	23;23679;24728;-;71.5	16;17034;18941;-;24.3		pfam	pfam_only	A	7/7	canonical	1	1	unscoreable	8	0	0														not_admitted	not_admitted	not_admitted	not_admitted	not_admitted	not_admitted	not_admitted
NZ_KY853650.1	MPF_T	IncI2(Delta)	82	0	0	GA	1	2;2354;2836;-;81.1		17;18337;18621;-;36.5	16;15974;18331;-;61.0	16;15974;18331;-;44.0	29;24758;25402;-;41.0	30;25408;26403;-;123.7		15;15078;15812;-;144.9	14;14311;15081;-;170.4	13;13182;14321;-;153.5	5;4605;6143;-;207.4	11;10134;12092;-;287.0		pfam	pfam_only	A	7/7	rearranged	1	0	unscoreable	17	0	0														not_admitted	not_admitted	not_admitted	not_admitted	not_admitted	not_admitted	not_admitted
NZ_KY863418.1	MPF_F	IncHI2;IncHI2A	340	0	0	GA	0															not_admitted	not_admitted	not_admitted	not_admitted	not_admitted	not_admitted	not_admitted	not_admitted	not_admitted	not_admitted	1	31;33052;34110;+;276.9	214;205325;206740;-;194.1	215;206730;207776;-;173.7	11;8955;11636;+;168.0	213;201366;205316;-;101.6	7;5270;6625;+;80.7	11;8955;11636;+;72.2	4;2758;3546;+;74.8	29;31399;32910;+;62.7	32;34129;37317;+;58.3	221;214817;216901;+;56.7	10;7996;8946;+;46.4	221;214817;216901;+;38.8	A	9/9	split_3	212059	0	1	
NZ_KY865319.1	MPF_T	IncX4	58	0	0	GA	1	39;27386;28006;-;46.9	38;27046;27372;-;64.4	37;26752;27027;-;72.5	35;25853;26263;-;73.5	36;26310;26720;-;50.1	33;23548;24264;-;97.3	32;22458;23537;-;157.5		30;21257;21943;-;167.4	29;20352;21260;-;142.3	28;19241;20359;-;162.9	27;18211;19239;-;85.0	26;16362;18179;-;316.5		pfam	pfam_only	A	7/7	canonical	1	0	unscoreable	1	0	0														not_admitted	not_admitted	not_admitted	not_admitted	not_admitted	not_admitted	not_admitted
NZ_KY865320.1	MPF_F	IncFII(pCoo)	80	0	0	GA	0															not_admitted	not_admitted	not_admitted	not_admitted	not_admitted	not_admitted	not_admitted	not_admitted	not_admitted	not_admitted	1	58;42330;43322;+;369.5	70;49764;51137;+;376.8	66;47800;48543;+;234.4	54;38691;40019;+;309.4	71;51134;53959;+;375.5	46;34326;34781;+;53.6	55;40019;41320;+;100.4	41;32407;32775;+;113.5	61;44265;44903;+;70.8	64;45715;47523;+;266.5	75;56201;58453;+;390.8		75;56201;58453;+;70.3	B	8/9	contiguous	23794	1	1	53956..54465+;169;unnamed;0
NZ_KY865321.1	MPF_F	IncFII(pHN7A8)	111	0	0	GA	0															not_admitted	not_admitted	not_admitted	not_admitted	not_admitted	not_admitted	not_admitted	not_admitted	not_admitted	not_admitted	1	83;66337;67329;+;369.5	96;74162;75535;+;376.8	91;71853;72596;+;234.4	80;62701;65328;+;301.8	97;75532;78348;+;376.7	75;59219;60646;+;94.1	80;62701;65328;+;101.8	73;57938;58504;+;183.8	86;68275;68913;+;70.4	89;69726;71576;+;265.0	101;80649;82157;+;340.3	79;61670;62185;+;78.0	101;80649;82157;+;59.5	A	9/9	contiguous	22711	1	1	78381..78902+;173;unnamed;0
NZ_KY865322.1	MPF_F	IncFII(pHN7A8)	95	0	0	GA	0															not_admitted	not_admitted	not_admitted	not_admitted	not_admitted	not_admitted	not_admitted	not_admitted	not_admitted	not_admitted	1	68;51656;52648;+;369.5	81;59481;60854;+;376.8	76;57172;57915;+;234.4	65;48020;50647;+;301.8	82;60851;63667;+;376.7	60;44538;45965;+;94.1	65;48020;50647;+;101.8	58;43257;43823;+;183.8	71;53594;54232;+;70.4	74;55045;56895;+;265.0	86;65968;68175;+;391.7	64;46989;47504;+;78.0	86;65968;68175;+;70.3	A	9/9	contiguous	22711	1	1	63700..64221+;173;unnamed;0
NZ_KY887590.1	MPF_F	IncC;IncY	269	0	0	GA	0															not_admitted	not_admitted	not_admitted	not_admitted	not_admitted	not_admitted	not_admitted	not_admitted	not_admitted	not_admitted	1	92;67855;68862;+;332.9	259;218419;219852;+;339.2	258;217389;218417;+;221.7	87;62656;65103;+;354.2	260;219865;223479;+;375.3	82;53829;55145;+;135.0	87;62656;65103;+;128.6	80;52305;52931;+;92.1	90;65925;67190;+;67.6	93;68978;71773;+;142.5	71;46630;48495;+;47.4	83;55142;55720;+;100.2	71;46630;48495;+;52.0	A	9/9	split_2	173235	0	1	
NZ_KY887591.1	MPF_F	IncC	222	0	0	GA	0															not_admitted	not_admitted	not_admitted	not_admitted	not_admitted	not_admitted	not_admitted	not_admitted	not_admitted	not_admitted	1	91;67840;68847;+;332.9	212;178757;180190;+;339.2	211;177727;178755;+;221.7	86;62641;65088;+;354.2	213;180203;183817;+;375.3	81;53814;55130;+;135.0	86;62641;65088;+;128.6	79;52290;52916;+;92.1	89;65910;67175;+;67.6	92;68963;71758;+;142.5	70;46615;48480;+;47.4	82;55127;55705;+;100.2	70;46615;48480;+;52.0	A	9/9	split_2	133588	0	1	
NZ_KY887592.1	MPF_F	IncC	252	0	0	GA	0															not_admitted	not_admitted	not_admitted	not_admitted	not_admitted	not_admitted	not_admitted	not_admitted	not_admitted	not_admitted	1	119;93124;94131;+;332.9	242;209244;210677;+;339.2	241;208214;209242;+;221.7	114;87925;90372;+;354.2	243;210690;214304;+;375.3	47;27255;28415;+;156.3	114;87925;90372;+;128.6	107;77574;78200;+;92.1	117;91194;92459;+;67.6	120;94247;97042;+;142.5	98;71899;73764;+;47.4	110;80411;80989;+;100.2	98;71899;73764;+;52.0	A	9/9	split_3	183435	0	1	
NZ_KY887593.1	MPF_F	IncC	234	0	0	GA	0															not_admitted	not_admitted	not_admitted	not_admitted	not_admitted	not_admitted	not_admitted	not_admitted	not_admitted	not_admitted	1	119;93124;94131;+;332.9	224;190361;191794;+;339.2	223;189331;190359;+;221.7	114;87925;90372;+;354.2	225;191807;195421;+;375.3	47;27255;28415;+;156.3	114;87925;90372;+;128.6	107;77574;78200;+;92.1	117;91194;92459;+;67.6	120;94247;97042;+;142.5	98;71899;73764;+;47.4	110;80411;80989;+;100.2	98;71899;73764;+;52.0	A	9/9	split_3	164552	0	1	
NZ_KY887594.1	MPF_F	IncC	254	0	0	GA	0															not_admitted	not_admitted	not_admitted	not_admitted	not_admitted	not_admitted	not_admitted	not_admitted	not_admitted	not_admitted	1	110;82104;83111;+;332.9	244;205430;206863;+;339.2	243;204400;205428;+;221.7	105;76905;79352;+;354.2	245;206876;210490;+;375.3	47;27255;28415;+;156.3	105;76905;79352;+;128.6	98;66554;67180;+;92.1	108;80174;81439;+;67.6	111;83227;86022;+;142.5	89;60879;62744;+;47.4	101;69391;69969;+;100.2	89;60879;62744;+;52.0	A	9/9	split_3	179621	0	1	
NZ_KY887595.1	MPF_F	IncC	267	0	0	GA	0															not_admitted	not_admitted	not_admitted	not_admitted	not_admitted	not_admitted	not_admitted	not_admitted	not_admitted	not_admitted	1	79;60202;61209;+;332.9	257;222959;224392;+;339.2	256;221917;222957;+;221.6	74;55003;57450;+;354.2	258;224405;228019;+;375.3	69;46176;47492;+;135.0	74;55003;57450;+;128.6	67;44652;45278;+;92.1	77;58272;59537;+;67.6	80;61325;64120;+;142.5	58;38977;40842;+;47.4	70;47489;48067;+;100.2	58;38977;40842;+;52.0	A	9/9	split_2	185428	0	1	
NZ_KY887596.1	MPF_F	IncC	202	0	0	GA	0															not_admitted	not_admitted	not_admitted	not_admitted	not_admitted	not_admitted	not_admitted	not_admitted	not_admitted	not_admitted	1	100;72136;73143;+;332.9	192;155071;156504;+;339.2	191;154041;155069;+;221.7	95;66937;69384;+;354.5	193;156517;160131;+;375.3	47;27255;28415;+;156.3	95;66937;69384;+;128.3	88;56541;57167;+;92.7	98;70206;71471;+;67.9	101;73259;76057;+;145.3	79;50866;52731;+;47.3	91;59378;59956;+;100.2	79;50866;52731;+;52.0	A	9/9	split_3	129262	0	1	
NZ_KY913897.1	MPF_F	IncHI1B(pNDM-MAR)	260	0	0	GA	0															not_admitted	not_admitted	not_admitted	not_admitted	not_admitted	not_admitted	not_admitted	not_admitted	not_admitted	not_admitted	1	10;9391;10428;+;282.3	170;152768;154177;-;190.4	171;154167;155204;-;175.6	254;232898;235615;+;149.6	169;148798;152766;-;121.3	250;229415;230785;+;65.6	254;232898;235615;+;85.2	247;226909;227769;+;79.0	9;8033;9394;+;69.9		179;162689;164530;+;58.4	253;232116;232853;+;56.9	179;162689;164530;+;41.3	B	8/9	split_3	224865	0	0	
NZ_KY913899.1	MPF_T	IncX3	71	0	0	GA	1	47;35520;36038;+;47.4	48;36149;36439;+;73.1	49;36464;39217;+;47.0	49;36464;39217;+;142.4	49;36464;39217;+;73.3	50;39227;39997;+;60.1	52;40276;41253;+;133.4		56;43230;43460;+;37.4	57;43466;44395;+;138.8	58;44392;45606;+;128.3	60;45802;46836;+;65.7	61;46839;48674;+;495.9		pfam	pfam_only	A	7/7	canonical	1	1	unscoreable	3	0	0														not_admitted	not_admitted	not_admitted	not_admitted	not_admitted	not_admitted	not_admitted
NZ_KY913900.1	MPF_T	IncN	80	0	0	GA	1			30;22537;22854;+;63.3	31;22854;25454;+;113.8	31;22854;25454;+;76.4	32;25472;26185;+;105.5	34;26436;27476;+;142.4		35;27695;28393;+;131.9	36;28404;29288;+;159.7	37;29288;30448;+;156.3	38;30490;31485;+;81.2	51;42141;43670;-;38.5		pfam	both	A	7/7	canonical	1	0	unscoreable	1	0	0														not_admitted	not_admitted	not_admitted	not_admitted	not_admitted	not_admitted	not_admitted
NZ_KY930325.1	MPF_T	IncX3	77	0	0	GA	1	61;55230;55874;-;46.4	60;54956;55246;-;73.1	59;52178;54931;-;47.0	59;52178;54931;-;145.4	59;52178;54931;-;73.3	58;51398;52168;-;60.1	56;50064;51119;-;133.2		55;49141;49869;-;119.4	54;48206;49135;-;138.8	53;46995;48209;-;128.3	51;45765;46799;-;65.7	50;43927;45762;-;495.9		pfam	pfam_only	A	7/7	canonical	1	1	unscoreable	2	0	0														not_admitted	not_admitted	not_admitted	not_admitted	not_admitted	not_admitted	not_admitted
NZ_KY940546.1	MPF_F	IncFII(Yp)	105	0	0	GA	0															not_admitted	not_admitted	not_admitted	not_admitted	not_admitted	not_admitted	not_admitted	not_admitted	not_admitted	not_admitted	1	82;63978;64970;+;362.9	91;70060;71430;+;378.1	88;68524;69276;+;223.8	79;60313;62952;+;259.1	92;71430;74309;+;343.0	67;53441;54862;+;87.4	79;60313;62952;+;83.9	65;52148;52714;+;167.2	83;64983;65621;+;66.0	84;65680;67635;+;255.2	94;75079;77379;+;390.5	69;55323;55886;+;55.8	94;75079;77379;+;65.8	A	9/9	contiguous	22931	1	1	74312..74842+;176;unnamed;0
NZ_KY964067.1	MPF_T	IncX4	42	0	0	GA	1	14;6800;7420;+;43.2	15;7434;7760;+;64.4	16;7779;10526;+;63.8	16;7779;10526;+;151.8	16;7779;10526;+;46.1	17;10538;11254;+;94.2	18;11266;12360;+;150.1		20;12875;13561;+;169.0	21;13558;14466;+;142.4	22;14459;15577;+;163.9	23;15579;16607;+;85.0	24;16639;18456;+;314.8		pfam	pfam_only	A	7/7	canonical	1	1	unscoreable	1	0	0														not_admitted	not_admitted	not_admitted	not_admitted	not_admitted	not_admitted	not_admitted
NZ_KY978628.1	MPF_F	IncHI2;IncHI2A	351	0	0	GA	0															not_admitted	not_admitted	not_admitted	not_admitted	not_admitted	not_admitted	not_admitted	not_admitted	not_admitted	not_admitted	1	30;32563;33621;+;276.9	196;179841;181256;-;194.1	197;181246;182292;-;173.7	11;8955;11636;+;168.0	195;175882;179832;-;101.6	7;5270;6625;+;80.7	11;8955;11636;+;72.2	4;2758;3546;+;74.8	28;30910;32421;+;62.7	31;33640;36828;+;58.3	203;189333;191417;+;56.7	10;7996;8946;+;46.4	203;189333;191417;+;38.8	A	9/9	split_3	186575	0	1	
NZ_KY978629.1	MPF_T	IncX3	69	0	0	GA	1	56;45837;46481;-;46.4	55;45563;45853;-;73.1	54;42785;45538;-;47.0	54;42785;45538;-;142.4	54;42785;45538;-;73.3	53;42005;42775;-;60.1	51;40671;41726;-;133.2		50;39748;40476;-;119.4	49;38813;39742;-;138.8	48;37602;38816;-;128.3	46;36372;37406;-;65.7	45;34534;36369;-;495.9		pfam	pfam_only	A	7/7	canonical	1	1	unscoreable	2	0	0														not_admitted	not_admitted	not_admitted	not_admitted	not_admitted	not_admitted	not_admitted
NZ_KY978631.1	-	repA(p447)	87	0	0	GA	1	26;24623;25126;+;83.1		5;2565;2864;+;38.5	6;2861;5290;+;125.4	6;2861;5290;+;59.7	7;5287;5940;+;127.3	8;5971;6924;+;108.8		9;7022;7708;+;104.9	10;7705;8547;+;157.9	11;8537;9688;+;130.2	17;15206;16747;+;195.4	69;58968;60527;-;55.4		pfam	both	A	7/7	canonical	1	0	unscoreable	13	0	0														not_admitted	not_admitted	not_admitted	not_admitted	not_admitted	not_admitted	not_admitted
NZ_KY986974.1	MPF_F	IncC;IncQ1	233	0	0	GA	0															not_admitted	not_admitted	not_admitted	not_admitted	not_admitted	not_admitted	not_admitted	not_admitted	not_admitted	not_admitted	1	65;51925;52932;+;332.9	222;179074;180507;+;339.2	221;178044;179072;+;221.7	60;46726;49173;+;354.2	223;180520;184134;+;375.3	183;143545;144861;+;135.0	60;46726;49173;+;128.6	181;142021;142647;+;92.1	63;49995;51260;+;67.6	66;53048;55843;+;145.3	172;136346;138211;+;47.4	184;144858;145436;+;100.2	172;136346;138211;+;52.0	A	9/9	split_3	133794	0	1	
NZ_KY990887.1	MPF_F	IncHI2;IncHI2A	281	0	0	GA	0															not_admitted	not_admitted	not_admitted	not_admitted	not_admitted	not_admitted	not_admitted	not_admitted	not_admitted	not_admitted	1	239;207391;208449;-;276.9	68;57008;58423;+;194.1	67;55972;57018;+;174.3	255;228021;230702;-;168.0	69;58432;62385;+;101.7	259;233032;234387;-;80.7	255;228021;230702;-;72.2		241;208591;210102;-;62.0	238;204184;207372;-;57.3	60;46846;48930;-;56.8	256;230711;231661;-;46.1	60;46846;48930;-;38.8	B	8/9	split_2	186186	1	1	62566..63855+;429;unnamed;0
NZ_LC055503.1	MPF_F	IncC	188	0	0	GA	0															not_admitted	not_admitted	not_admitted	not_admitted	not_admitted	not_admitted	not_admitted	not_admitted	not_admitted	not_admitted	1	106;84172;85179;+;332.9	177;149451;150884;+;339.2	176;148421;149449;+;221.7	101;78973;81420;+;354.2	178;150897;154511;+;375.3	44;26117;27277;+;156.3	101;78973;81420;+;128.6	94;68622;69248;+;92.1	104;82242;83507;+;67.6	107;85295;88090;+;145.3	85;62947;64812;+;47.4	97;71459;72037;+;100.2	85;62947;64812;+;52.0	A	9/9	split_3	124780	0	1	
NZ_LC081338.1	-	-	329	0	0	GA	0															not_admitted	not_admitted	not_admitted	not_admitted	not_admitted	not_admitted	not_admitted	not_admitted	not_admitted	not_admitted	1	104;96531;97727;-;232.4	38;36956;38425;-;128.4	39;38415;39449;-;159.2	108;100106;102637;-;177.2	37;33030;36944;-;114.7	80;71695;73125;+;51.1	108;100106;102637;-;86.0	78;70363;70932;+;97.7	105;97724;99043;-;51.9	121;114193;119388;+;55.4			97;89343;91313;+;38.2	B	8/9	split_2	81163	1	1	32247..32876-;209;unnamed;0
NZ_LC155909.1	MPF_T	-	40	0	0	GA	1		5;4923;5231;-;67.6	4;4595;4912;-;84.6	3;2148;4598;-;144.0	3;2148;4598;-;84.6	2;1482;2126;-;97.0	0;196;1209;-;161.4		39;33629;34387;-;142.7	38;32805;33626;-;197.9	37;31618;32805;-;188.9	36;30603;31640;-;83.0	35;28712;30640;-;404.4		pfam	both	A	7/7	canonical	1	0	unscoreable	1	0	0														not_admitted	not_admitted	not_admitted	not_admitted	not_admitted	not_admitted	not_admitted
NZ_LC163971.1	MPF_F	IncFII	81	0	0	GA	0															not_admitted	not_admitted	not_admitted	not_admitted	not_admitted	not_admitted	not_admitted	not_admitted	not_admitted	not_admitted	1	58;45258;46250;+;369.5	68;52029;53402;+;381.7	63;49356;50099;+;234.4	55;41619;44249;+;304.1	69;53399;56221;+;374.0	47;36766;38217;+;94.2	55;41619;44249;+;96.8	45;35485;36051;+;174.3	60;46594;47232;+;68.6	61;47229;49079;+;266.1	73;58493;60700;+;391.2	50;39077;39592;+;78.4	73;58493;60700;+;70.3	A	9/9	contiguous	23008	1	1	56243..56722+;159;TraS;0
NZ_LC218099.1	MPF_T	IncX3	58	0	0	GA	1	45;37326;37970;-;46.4	44;37052;37342;-;73.1	43;34274;37027;-;47.0	43;34274;37027;-;142.4	43;34274;37027;-;73.3	42;33494;34264;-;59.1	40;32160;33215;-;133.2		39;31237;31965;-;119.4	38;30302;31231;-;138.8	37;29091;30305;-;128.3	35;27861;28895;-;65.7	34;26023;27858;-;495.9		pfam	pfam_only	A	7/7	canonical	1	1	unscoreable	2	0	0														not_admitted	not_admitted	not_admitted	not_admitted	not_admitted	not_admitted	not_admitted
NZ_LC225353.1	MPF_F	IncC	190	0	0	GA	0															not_admitted	not_admitted	not_admitted	not_admitted	not_admitted	not_admitted	not_admitted	not_admitted	not_admitted	not_admitted	1	68;57103;58110;+;332.9	127;107308;108741;+;339.2	126;106278;107306;+;221.7	63;51904;54351;+;354.5	128;108754;112368;+;375.3	186;146460;147620;+;156.3	63;51904;54351;+;128.3	56;41508;42134;+;92.7	66;55173;56438;+;67.9	69;58226;61024;+;145.3	47;35833;37698;+;47.3	59;44345;44923;+;100.2	47;35833;37698;+;52.0	A	9/9	split_3	110627	0	1	
NZ_LC227558.1	MPF_T	IncX4	42	0	0	GA	1	14;7152;7772;+;41.6	15;7786;8112;+;64.4	16;8131;10878;+;63.8	16;8131;10878;+;151.8	16;8131;10878;+;46.1	17;10890;11606;+;94.2	18;11618;12712;+;150.1		20;13227;13913;+;169.0	21;13910;14818;+;142.4	22;14811;15929;+;163.9	23;15931;16959;+;85.0	24;16991;18808;+;314.8		pfam	pfam_only	A	7/7	canonical	1	1	unscoreable	1	0	0														not_admitted	not_admitted	not_admitted	not_admitted	not_admitted	not_admitted	not_admitted
NZ_LC341397.1	MPF_T	IncX4	42	0	0	GA	1	26;24519;25139;-;41.6	25;24179;24505;-;64.4	24;21413;24160;-;63.8	24;21413;24160;-;151.8	24;21413;24160;-;46.1	23;20685;21401;-;94.2	22;19579;20673;-;150.1		20;18378;19064;-;169.0	19;17473;18381;-;142.4	18;16362;17480;-;163.9	17;15332;16360;-;85.0	16;13483;15300;-;314.8		pfam	pfam_only	A	7/7	canonical	1	1	unscoreable	1	0	0														not_admitted	not_admitted	not_admitted	not_admitted	not_admitted	not_admitted	not_admitted
NZ_LC469775.1	MPF_T	IncI2	75	0	0	GA	1	36;32026;32508;-;81.1		51;48104;48388;-;36.6	50;45741;48098;-;58.5	50;45741;48098;-;42.8	63;53841;54482;-;42.8	64;54488;55483;-;128.5		48;44841;45575;-;144.3	47;44074;44844;-;170.5	46;42945;44084;-;154.7	39;34276;35814;-;207.1	44;39897;41855;-;289.6		pfam	pfam_only	A	7/7	rearranged	1	0	unscoreable	17	1	0														not_admitted	not_admitted	not_admitted	not_admitted	not_admitted	not_admitted	not_admitted
NZ_LC473131.1	MPF_T	IncI2	75	0	0	GA	1	36;32049;32531;-;81.1		51;48127;48411;-;36.6	50;45764;48121;-;58.5	50;45764;48121;-;42.8	63;53864;54505;-;42.8	64;54511;55506;-;128.5		48;44864;45598;-;144.3	47;44097;44867;-;170.5	46;42968;44107;-;154.7	39;34299;35837;-;207.1	44;39920;41878;-;289.6		pfam	pfam_only	A	7/7	rearranged	1	0	unscoreable	17	1	0														not_admitted	not_admitted	not_admitted	not_admitted	not_admitted	not_admitted	not_admitted
NZ_LC477138.1	MPF_T	IncX4	41	0	0	GA	1	26;24531;25151;-;41.6	25;24191;24517;-;64.4	24;21425;24172;-;63.8	24;21425;24172;-;151.8	24;21425;24172;-;46.1	23;20697;21413;-;94.2	22;19591;20685;-;150.1		20;18390;19076;-;169.0	19;17485;18393;-;142.4	18;16374;17492;-;163.9	17;15344;16372;-;85.0	16;13495;15312;-;314.8		pfam	pfam_only	A	7/7	canonical	1	1	unscoreable	1	0	0														not_admitted	not_admitted	not_admitted	not_admitted	not_admitted	not_admitted	not_admitted
NZ_LC477293.1	MPF_T	IncI2	85	0	0	GA	1	48;34029;34511;-;81.1		62;50088;50372;-;36.5	61;47725;50082;-;59.8	61;47725;50082;-;45.0	73;55935;56582;-;41.6	74;56588;57574;-;120.4		60;46827;47561;-;144.3	59;46060;46830;-;169.8	58;44931;46070;-;154.7	51;36280;37818;-;207.1	56;41883;43841;-;287.0		pfam	pfam_only	A	7/7	rearranged	1	0	unscoreable	15	0	0														not_admitted	not_admitted	not_admitted	not_admitted	not_admitted	not_admitted	not_admitted
NZ_LC477294.1	MPF_T	IncX4	41	0	0	GA	1	26;24531;25151;-;41.6	25;24191;24517;-;64.4	24;21425;24172;-;63.8	24;21425;24172;-;151.8	24;21425;24172;-;46.1	23;20697;21413;-;94.2	22;19591;20685;-;150.1		20;18390;19076;-;169.0	19;17485;18393;-;142.4	18;16374;17492;-;163.9	17;15344;16372;-;85.0	16;13495;15312;-;314.8		pfam	pfam_only	A	7/7	canonical	1	1	unscoreable	1	0	0														not_admitted	not_admitted	not_admitted	not_admitted	not_admitted	not_admitted	not_admitted
NZ_LC479085.1	MPF_T	IncX4	41	0	0	GA	1	26;24531;25151;-;41.6	25;24191;24517;-;64.4	24;21425;24172;-;63.8	24;21425;24172;-;151.8	24;21425;24172;-;46.1	23;20697;21413;-;94.2	22;19591;20685;-;150.1		20;18390;19076;-;169.0	19;17485;18393;-;142.4	18;16374;17492;-;163.9	17;15344;16372;-;85.0	16;13495;15312;-;314.8		pfam	pfam_only	A	7/7	canonical	1	1	unscoreable	1	0	0														not_admitted	not_admitted	not_admitted	not_admitted	not_admitted	not_admitted	not_admitted
NZ_LC479086.1	MPF_T	IncX4	41	0	0	GA	1	26;24531;25151;-;41.6	25;24191;24517;-;64.4	24;21425;24172;-;63.8	24;21425;24172;-;151.8	24;21425;24172;-;46.1	23;20697;21413;-;94.2	22;19591;20685;-;150.1		20;18390;19076;-;169.0	19;17485;18393;-;142.4	18;16374;17492;-;163.9	17;15344;16372;-;85.0	16;13495;15312;-;314.8		pfam	pfam_only	A	7/7	canonical	1	1	unscoreable	1	0	0														not_admitted	not_admitted	not_admitted	not_admitted	not_admitted	not_admitted	not_admitted
NZ_LC479452.1	MPF_T	IncX4	45	0	0	GA	1	29;25080;25700;-;41.6	28;24740;25066;-;64.4	27;21974;24721;-;63.8	27;21974;24721;-;151.8	27;21974;24721;-;46.1	26;21246;21962;-;94.2	25;20140;21234;-;150.1		23;18939;19625;-;169.0	22;18034;18942;-;142.4	21;16923;18041;-;163.9	20;15893;16921;-;85.0	19;14044;15861;-;314.8		pfam	pfam_only	A	7/7	canonical	1	1	unscoreable	1	0	0														not_admitted	not_admitted	not_admitted	not_admitted	not_admitted	not_admitted	not_admitted
NZ_LC483156.1	MPF_T	-	48	0	0	GA	1	28;20110;20820;+;101.0	29;20831;21124;+;41.2		30;21136;23847;+;78.0	30;21136;23847;+;57.1	31;23844;24485;+;71.2	18;11190;12275;+;71.0		19;12275;13063;+;74.6	20;13078;13815;+;149.0	21;13817;15196;+;180.8	22;15212;16249;+;92.0	26;18329;19846;+;35.6		pfam	both	A	7/7	rearranged	1	0	unscoreable	3	0	0														not_admitted	not_admitted	not_admitted	not_admitted	not_admitted	not_admitted	not_admitted
NZ_LC483179.1	MPF_T	ColKP3;IncX3	67	0	0	GA	1	37;30845;31489;-;46.4	36;30571;30861;-;73.1	35;27844;30546;-;47.1	35;27844;30546;-;142.5	35;27844;30546;-;73.3	34;27014;27784;-;60.1	32;25680;26735;-;132.8		31;24757;25485;-;119.4	30;23822;24751;-;138.8	29;22611;23825;-;128.3	27;21381;22415;-;65.7	26;19543;21378;-;495.9		pfam	pfam_only	A	7/7	canonical	1	1	unscoreable	2	0	0														not_admitted	not_admitted	not_admitted	not_admitted	not_admitted	not_admitted	not_admitted
NZ_LC484363.1	MPF_F	IncFIB(AP001918);IncFII	128	0	0	GA	0															not_admitted	not_admitted	not_admitted	not_admitted	not_admitted	not_admitted	not_admitted	not_admitted	not_admitted	not_admitted	1	33;23954;24946;+;369.3	42;30005;31381;+;381.0	37;27675;28418;+;230.0	30;20201;22945;+;306.3	43;31378;34200;+;389.0	23;16836;18263;+;94.3	30;20201;22945;+;98.4	21;15555;16121;+;183.3	34;24955;25593;+;68.7	35;25590;27398;+;267.9	46;35734;37923;+;391.8	27;19287;19802;+;77.7	46;35734;37923;+;70.3	A	9/9	contiguous	20179	1	1	34222..34701+;159;TraS;0
NZ_LC492469.1	MPF_F	IncFIA;IncFIB(AP001918);IncFII	174	0	0	GA	0															not_admitted	not_admitted	not_admitted	not_admitted	not_admitted	not_admitted	not_admitted	not_admitted	not_admitted	not_admitted	1				42;36383;39010;+;303.5			42;36383;39010;+;99.0	36;33667;34233;+;182.9			42;36383;39010;+;22.1	41;35352;35867;+;76.4		D	3/9	contiguous	2716	0	0	
NZ_LC506716.1	MPF_F	IncFII	96	0	0	GA	0															not_admitted	not_admitted	not_admitted	not_admitted	not_admitted	not_admitted	not_admitted	not_admitted	not_admitted	not_admitted	1	73;63370;64362;+;369.5	83;70141;71514;+;381.7	78;67468;68211;+;234.4	70;59731;62361;+;304.1	84;71511;74333;+;374.0	63;55281;56732;+;94.2	70;59731;62361;+;97.1	61;54000;54566;+;174.3	75;64706;65344;+;68.6	76;65341;67191;+;266.1	88;76605;78821;+;391.2	66;57592;58107;+;78.4	88;76605;78821;+;70.3	A	9/9	contiguous	22605	1	1	74355..74834+;159;TraS;0
NZ_LC506717.1	MPF_F	IncFII	110	0	0	GA	0															not_admitted	not_admitted	not_admitted	not_admitted	not_admitted	not_admitted	not_admitted	not_admitted	not_admitted	not_admitted	1	87;73759;74751;+;369.5	97;80530;81903;+;381.7	92;77857;78600;+;234.4	84;70120;72750;+;304.1	98;81900;84722;+;374.0	77;65670;67121;+;94.2	84;70120;72750;+;97.1	75;64389;64955;+;174.3	89;75095;75733;+;68.6	90;75730;77580;+;266.1	102;86994;89228;+;391.1	80;67981;68496;+;78.4	102;86994;89228;+;70.3	A	9/9	contiguous	22605	1	1	84744..85223+;159;TraS;0
NZ_LC506718.1	MPF_F	IncFII	110	0	0	GA	0															not_admitted	not_admitted	not_admitted	not_admitted	not_admitted	not_admitted	not_admitted	not_admitted	not_admitted	not_admitted	1	87;73759;74751;+;369.5	97;80530;81903;+;381.7	92;77857;78600;+;234.4	84;70120;72750;+;304.1	98;81900;84722;+;374.0	77;65670;67121;+;94.2	84;70120;72750;+;97.1	75;64389;64955;+;174.3	89;75095;75733;+;68.6	90;75730;77580;+;266.1	102;86994;89246;+;391.1	80;67981;68496;+;78.4	102;86994;89246;+;70.3	A	9/9	contiguous	22605	1	1	84744..85223+;159;TraS;0
NZ_LC506719.1	MPF_F	IncFII	96	0	0	GA	0															not_admitted	not_admitted	not_admitted	not_admitted	not_admitted	not_admitted	not_admitted	not_admitted	not_admitted	not_admitted	1	72;62388;63380;+;369.5	82;69159;70532;+;381.7	77;66486;67229;+;234.4	69;58749;61379;+;304.1	83;70529;73351;+;374.0	62;54299;55750;+;94.2	69;58749;61379;+;97.1	60;53018;53584;+;174.3	74;63724;64362;+;68.6	75;64359;66209;+;266.1	87;75623;77635;+;391.5	65;56610;57125;+;78.4	87;75623;77635;+;70.6	A	9/9	contiguous	22605	1	1	73373..73852+;159;TraS;0
NZ_LC506720.1	MPF_F	IncFII	110	0	0	GA	0															not_admitted	not_admitted	not_admitted	not_admitted	not_admitted	not_admitted	not_admitted	not_admitted	not_admitted	not_admitted	1	87;73759;74751;+;369.5	97;80530;81903;+;381.7	92;77857;78600;+;234.4	84;70120;72750;+;304.1	98;81900;84722;+;374.0	77;65670;67121;+;94.2	84;70120;72750;+;97.1	75;64389;64955;+;174.3	89;75095;75733;+;68.6	90;75730;77580;+;266.1	102;86994;89237;+;391.1	80;67981;68496;+;78.4	102;86994;89237;+;70.3	A	9/9	contiguous	22605	1	1	84744..85223+;159;TraS;0
NZ_LC511657.1	MPF_F	IncHI2;IncHI2A;IncN	247	0	0	GA	0															not_admitted	not_admitted	not_admitted	not_admitted	not_admitted	not_admitted	not_admitted	not_admitted	not_admitted	not_admitted	1	27;31208;32266;+;276.9	164;157875;159290;-;194.1	165;159280;160326;-;174.3	11;8955;11636;+;168.0	163;153913;157866;-;101.6	7;5270;6625;+;80.7	11;8955;11636;+;72.2	4;2758;3546;+;74.8	25;29555;31066;+;62.0	28;32285;35473;+;57.3	172;167368;169452;+;56.8	10;7996;8946;+;46.1	172;167368;169452;+;38.8	A	9/9	split_3	164610	1	1	152443..153732-;429;unnamed;0
NZ_LC511658.1	MPF_F	IncHI2;IncHI2A	319	0	0	GA	0															not_admitted	not_admitted	not_admitted	not_admitted	not_admitted	not_admitted	not_admitted	not_admitted	not_admitted	not_admitted	1	31;33896;34954;+;276.9	235;221636;223051;-;194.1	236;223041;224087;-;174.3	13;10305;12986;+;168.0	234;217674;221627;-;101.6	9;6620;7975;+;80.7	13;10305;12986;+;72.2	6;4108;4896;+;74.8	29;32243;33754;+;62.0	32;34973;38161;+;57.3	243;231129;233213;+;56.8	12;9346;10296;+;46.1	243;231129;233213;+;38.8	A	9/9	split_3	227021	1	1	216204..217493-;429;unnamed;0
NZ_LC511660.1	MPF_T	IncX4	41	0	0	GA	1	7;7424;8044;-;41.6	6;7084;7410;-;64.4	5;4318;7065;-;63.8	5;4318;7065;-;151.8	5;4318;7065;-;46.1	4;3590;4306;-;94.2	3;2484;3578;-;150.1		1;1283;1969;-;169.0	0;378;1286;-;142.4	40;32576;33181;-;163.6	39;31546;32574;-;85.0	38;29697;31514;-;314.8		pfam	pfam_only	A	7/7	canonical	1	1	unscoreable	1	0	0														not_admitted	not_admitted	not_admitted	not_admitted	not_admitted	not_admitted	not_admitted
NZ_LC511661.1	MPF_T	IncX4	42	0	0	GA	1	37;30977;31597;-;41.6	36;30637;30963;-;64.4	35;27871;30618;-;63.8	35;27871;30618;-;151.8	35;27871;30618;-;46.1	34;27143;27859;-;94.2	33;26037;27131;-;150.1		31;24836;25522;-;169.0	30;23931;24839;-;142.4	29;22820;23938;-;163.9	28;21790;22818;-;85.0	27;19941;21758;-;314.8		pfam	pfam_only	A	7/7	canonical	1	1	unscoreable	1	0	0														not_admitted	not_admitted	not_admitted	not_admitted	not_admitted	not_admitted	not_admitted
NZ_LC511662.1	MPF_T	IncI2(Delta)	73	0	0	GA	1	37;32911;33393;-;81.1		52;49006;49290;-;36.6	51;46643;49000;-;58.5	51;46643;49000;-;44.9	61;54102;54746;-;41.0	62;54752;55747;-;123.9		49;45743;46477;-;144.3	48;44976;45746;-;170.5	47;43847;44986;-;154.7	40;35172;36710;-;207.1	45;40799;42757;-;289.6		pfam	pfam_only	A	7/7	rearranged	1	0	unscoreable	14	0	0														not_admitted	not_admitted	not_admitted	not_admitted	not_admitted	not_admitted	not_admitted
NZ_LC511995.1	MPF_F	IncFII(pAR0022);IncFII(pSFO)	131	0	0	GA	0															not_admitted	not_admitted	not_admitted	not_admitted	not_admitted	not_admitted	not_admitted	not_admitted	not_admitted	not_admitted	1	93;78399;79385;+;370.0	100;83708;85081;+;375.9	97;82159;82908;+;219.0	90;74775;77405;+;285.5	101;85081;87903;+;334.9	84;71461;72855;+;90.9	90;74775;77405;+;98.6	82;70178;70744;+;170.1	94;79402;80031;+;65.8	95;80028;81908;+;259.1	104;89349;91517;+;384.9	85;72877;73416;+;67.3	104;89349;91517;+;64.0	A	9/9	contiguous	19171	1	1	87917..88393+;158;TraS;0
NZ_LC511996.1	MPF_F	IncFII(pAR0022);IncFII(pSFO)	129	0	0	GA	0															not_admitted	not_admitted	not_admitted	not_admitted	not_admitted	not_admitted	not_admitted	not_admitted	not_admitted	not_admitted	1	91;77808;78794;+;370.0	98;83117;84490;+;375.9	95;81568;82317;+;219.0	88;74184;76814;+;285.5	99;84490;87312;+;334.9	82;70870;72264;+;90.9	88;74184;76814;+;98.6	80;69587;70153;+;170.1	92;78811;79440;+;65.8	93;79437;81317;+;259.1	102;88758;90926;+;384.9	83;72286;72825;+;67.3	102;88758;90926;+;64.0	A	9/9	contiguous	19171	1	1	87326..87802+;158;TraS;0
NZ_LC511997.1	MPF_F	IncHI2;IncHI2A	384	0	0	GA	0															not_admitted	not_admitted	not_admitted	not_admitted	not_admitted	not_admitted	not_admitted	not_admitted	not_admitted	not_admitted	1	249;230552;231544;-;370.0	242;224856;226229;-;375.9	245;227029;227778;-;219.0	252;232532;235162;-;285.5	241;222034;224856;-;334.9	257;237082;238476;-;90.9	252;232532;235162;-;98.6	259;239193;239759;-;170.1	248;229906;230535;-;65.8	247;228029;229909;-;259.1	238;218420;220588;-;384.9	256;236521;237060;-;67.3	238;218420;220588;-;64.0	A	9/9	contiguous	20773	1	1	221544..222020-;158;TraS;0
NZ_LC520276.1	MPF_F	IncFIA;IncFIB(AP001918);IncFII(pRSB107)	121	0	0	GA	1	67;55873;56382;+;79.6		4;3857;4174;-;63.3	3;2328;3857;-;115.1	3;2328;3857;-;77.7								50;41855;44062;-;30.9		none	none	D	2/7	uncallable	0	0	unscoreable	2	0	0														not_admitted	not_admitted	not_admitted	not_admitted	not_admitted	not_admitted	not_admitted
NZ_LC532224.1	MPF_F	IncHI2;IncHI2A	316	0	0	GA	0															not_admitted	not_admitted	not_admitted	not_admitted	not_admitted	not_admitted	not_admitted	not_admitted	not_admitted	not_admitted	1	156;139302;140360;-;276.9	188;171159;172574;-;194.1	189;172564;173610;-;173.7	11;8955;11636;+;168.0	187;167200;171150;-;101.6	7;5270;6625;+;80.7	11;8955;11636;+;72.2	4;2758;3546;+;74.8	158;140502;142013;-;62.7	155;136095;139283;-;58.3	195;180651;182735;+;56.7	10;7996;8946;+;46.4	195;180651;182735;+;38.8	A	9/9	split_3	177893	0	1	
NZ_LC532225.1	MPF_T	-	84	0	0	GA	1		39;28409;28792;+;68.7	40;28795;29121;+;50.6	41;29118;31661;+;96.3	41;29118;31661;+;106.9	46;35137;35907;+;104.8	48;36047;37651;+;119.3		42;31658;32365;+;92.3	43;32381;33271;+;152.4	45;33730;35124;+;220.3	38;27339;28295;+;135.2	3;2378;4324;-;442.7		conjscan	conjscan_only	A	7/7	canonical	1	0	unscoreable	3	0	0														not_admitted	not_admitted	not_admitted	not_admitted	not_admitted	not_admitted	not_admitted
NZ_LC532226.1	MPF_F	IncHI2;IncHI2A	303	0	0	GA	0															not_admitted	not_admitted	not_admitted	not_admitted	not_admitted	not_admitted	not_admitted	not_admitted	not_admitted	not_admitted	1	156;139302;140360;-;276.9	175;159390;160805;-;194.1	176;160795;161841;-;173.7	11;8955;11636;+;168.0	174;155431;159381;-;101.6	7;5270;6625;+;80.7	11;8955;11636;+;72.2	4;2758;3546;+;74.8	158;140502;142013;-;62.7	155;136095;139283;-;58.3	182;168882;170966;+;56.7	10;7996;8946;+;46.4	182;168882;170966;+;38.8	A	9/9	split_2	166124	0	1	
NZ_LC532227.1	MPF_T	-	84	0	0	GA	1		70;49495;49878;+;68.7	71;49881;50207;+;50.6	72;50204;52747;+;96.3	72;50204;52747;+;106.9	77;56223;56993;+;104.8	79;57133;58737;+;119.3		73;52744;53451;+;92.3	74;53467;54357;+;152.4	76;54816;56210;+;220.3	69;48425;49381;+;135.2	34;23464;25410;-;442.7		conjscan	conjscan_only	A	7/7	canonical	1	0	unscoreable	3	0	0														not_admitted	not_admitted	not_admitted	not_admitted	not_admitted	not_admitted	not_admitted
NZ_LC536680.1	MPF_T	IncX3	58	0	0	GA	1	20;12367;13011;+;46.4	21;12995;13285;+;73.1	22;13310;16063;+;47.0	22;13310;16063;+;142.4	22;13310;16063;+;73.3	23;16073;16843;+;60.1	25;17122;18177;+;133.2		26;18372;19100;+;119.4	27;19106;20035;+;138.8	28;20032;21246;+;128.3	30;21442;22476;+;65.7	31;22479;24314;+;495.9		pfam	pfam_only	A	7/7	canonical	1	1	unscoreable	2	0	0														not_admitted	not_admitted	not_admitted	not_admitted	not_admitted	not_admitted	not_admitted
NZ_LC536681.1	MPF_F	IncC	193	0	0	GA	0															not_admitted	not_admitted	not_admitted	not_admitted	not_admitted	not_admitted	not_admitted	not_admitted	not_admitted	not_admitted	1	90;68942;69949;+;332.9	182;147722;149155;+;339.2	181;146692;147720;+;221.7	85;63743;66190;+;354.2	183;149168;152782;+;375.3	80;54916;56232;+;135.0	85;63743;66190;+;128.6	78;53392;54018;+;92.1	88;67012;68277;+;67.6	91;70065;72860;+;145.3	69;47717;49582;+;47.4	81;56229;56807;+;100.2	69;47717;49582;+;52.0	A	9/9	split_2	101451	0	1	
NZ_LC536682.1	MPF_F	IncC	193	0	0	GA	0															not_admitted	not_admitted	not_admitted	not_admitted	not_admitted	not_admitted	not_admitted	not_admitted	not_admitted	not_admitted	1	90;68942;69949;+;332.9	182;147722;149155;+;339.2	181;146692;147720;+;221.7	85;63743;66190;+;354.2	183;149168;152782;+;375.3	80;54916;56232;+;135.0	85;63743;66190;+;128.6	78;53392;54018;+;92.1	88;67012;68277;+;67.6	91;70065;72860;+;145.3	69;47717;49582;+;47.4	81;56229;56807;+;100.2	69;47717;49582;+;52.0	A	9/9	split_2	101451	0	1	
NZ_LC537594.1	MPF_T	-	51	0	0	GA	1	31;22748;23458;+;101.0	32;23469;23762;+;41.2		33;23774;26485;+;78.0	33;23774;26485;+;57.1	34;26482;27123;+;71.2	21;13828;14913;+;71.0		22;14913;15701;+;74.6	23;15716;16453;+;149.0	24;16455;17834;+;180.8	25;17850;18887;+;92.0	29;20967;22484;+;35.6		pfam	both	A	7/7	rearranged	1	0	unscoreable	3	0	0														not_admitted	not_admitted	not_admitted	not_admitted	not_admitted	not_admitted	not_admitted
NZ_LC542923.1	-	-	48	0	0	GA	1	16;16644;17540;+;45.2	45;40458;40949;-;68.0	44;40144;40458;-;51.1	43;37623;40130;-;96.9	43;37623;40130;-;113.0	42;36866;37654;-;50.1	40;34940;36658;-;86.0		38;33843;34541;-;123.5	37;32905;33843;-;165.2	35;30988;32448;-;209.7	46;40961;41944;-;134.8	14;14126;16084;+;355.7		conjscan	conjscan_only	A	7/7	canonical	1	0	unscoreable	5	0	0														not_admitted	not_admitted	not_admitted	not_admitted	not_admitted	not_admitted	not_admitted
NZ_LC542971.1	MPF_F	IncHI2;IncHI2A	305	0	0	GA	0															not_admitted	not_admitted	not_admitted	not_admitted	not_admitted	not_admitted	not_admitted	not_admitted	not_admitted	not_admitted	1	29;32274;33332;+;276.9			11;8955;11636;+;167.8		7;5270;6625;+;80.7	11;8955;11636;+;72.2	4;2758;3546;+;74.8	27;30621;32132;+;62.7	30;33351;36539;+;58.3	222;206043;208127;+;56.7	10;7996;8946;+;46.4	222;206043;208127;+;38.8	C	6/9	split_3	203285	0	1	
NZ_LC542972.1	MPF_F	IncHI2;IncHI2A	323	0	0	GA	0															not_admitted	not_admitted	not_admitted	not_admitted	not_admitted	not_admitted	not_admitted	not_admitted	not_admitted	not_admitted	1	29;32023;33081;+;276.9	219;202896;204311;-;194.1	220;204301;205347;-;173.7	11;8955;11636;+;167.8	218;198937;202887;-;102.0	7;5270;6625;+;80.7	11;8955;11636;+;72.2	4;2758;3546;+;74.8	27;30370;31881;+;62.7	30;33100;36288;+;58.3	226;212387;214471;+;56.7	10;7996;8946;+;46.4	226;212387;214471;+;38.8	A	9/9	split_3	209629	0	1	
NZ_LC542974.1	-	-	45	0	0	GA	1	13;11660;12556;+;45.2	42;35474;35965;-;68.0	41;35160;35474;-;51.1	40;32639;35146;-;96.9	40;32639;35146;-;113.0	39;31882;32670;-;50.1	37;29956;31674;-;86.0		35;28859;29557;-;123.5	34;27921;28859;-;165.2	32;26004;27464;-;209.7	43;35977;36960;-;134.8	11;9142;11100;+;355.7		conjscan	conjscan_only	A	7/7	canonical	1	0	unscoreable	5	0	0														not_admitted	not_admitted	not_admitted	not_admitted	not_admitted	not_admitted	not_admitted
NZ_LC545851.1	MPF_T	IncX3	58	0	0	GA	1	25;21117;21761;-;46.4	24;20843;21133;-;73.1	23;18065;20818;-;47.0	23;18065;20818;-;142.4	23;18065;20818;-;73.3	22;17285;18055;-;60.1	20;15951;17006;-;133.2		19;15028;15756;-;119.4	18;14093;15022;-;138.8	17;12882;14096;-;128.3	15;11652;12686;-;65.7	14;9814;11649;-;495.9		pfam	pfam_only	A	7/7	canonical	1	1	unscoreable	2	0	0														not_admitted	not_admitted	not_admitted	not_admitted	not_admitted	not_admitted	not_admitted
NZ_LC549805.1	MPF_T	IncP1	67	0	0	GA	1		47;38607;38990;-;68.7	46;38278;38604;-;50.6	45;35738;38281;-;94.8	45;35738;38281;-;107.0	40;31492;32262;-;104.8	39;29742;31301;-;113.8		44;35034;35741;-;91.8	43;34128;35018;-;152.4	41;32275;33669;-;224.7	48;39104;40060;-;134.8	10;7910;9856;+;442.7		conjscan	conjscan_only	A	7/7	canonical	1	0	unscoreable	2	0	0														not_admitted	not_admitted	not_admitted	not_admitted	not_admitted	not_admitted	not_admitted
NZ_LC549806.1	MPF_F	IncFII(pCoo)	90	0	0	GA	0															not_admitted	not_admitted	not_admitted	not_admitted	not_admitted	not_admitted	not_admitted	not_admitted	not_admitted	not_admitted	1	70;55788;56780;+;370.2	78;61473;62846;+;380.4	74;59509;60252;+;234.4	67;52152;54779;+;303.5	79;62843;65665;+;386.8	63;48813;50240;+;94.3	67;52152;54779;+;100.3	61;47532;48098;+;183.8	71;56789;57427;+;68.3	72;57424;59232;+;263.5	82;67199;69406;+;391.7	66;51121;51636;+;78.0	82;67199;69406;+;70.3	A	9/9	contiguous	19667	1	1	65686..66183+;165;TraS;0
NZ_LC556210.1	MPF_F	IncC;IncQ1	257	0	0	GA	0															not_admitted	not_admitted	not_admitted	not_admitted	not_admitted	not_admitted	not_admitted	not_admitted	not_admitted	not_admitted	1	139;107854;108861;+;332.9	35;28836;30269;+;339.2	34;27806;28834;+;221.7	134;102655;105102;+;354.5	36;30282;33896;+;375.3	129;93783;95099;+;135.0	134;102655;105102;+;128.3	127;92259;92885;+;92.7	137;105924;107189;+;67.9	140;108977;111775;+;145.3	118;86584;88449;+;47.3	130;95096;95674;+;100.2	118;86584;88449;+;52.0	A	9/9	split_2	81171	0	1	
NZ_LC556211.1	MPF_F	IncC;IncQ1	288	0	0	GA	0															not_admitted	not_admitted	not_admitted	not_admitted	not_admitted	not_admitted	not_admitted	not_admitted	not_admitted	not_admitted	1	127;100326;101333;+;332.9	19;21308;22741;+;339.2	18;20278;21306;+;221.7	122;95127;97574;+;354.5	20;22754;26368;+;375.3	117;86255;87571;+;135.0	122;95127;97574;+;128.3	115;84731;85357;+;92.7	125;98396;99661;+;67.9	128;101449;104247;+;145.3	106;79056;80921;+;47.3	118;87568;88146;+;100.2	106;79056;80921;+;52.0	A	9/9	split_2	81171	0	1	
NZ_LC556212.1	MPF_F	IncC;IncQ1	207	0	0	GA	0															not_admitted	not_admitted	not_admitted	not_admitted	not_admitted	not_admitted	not_admitted	not_admitted	not_admitted	not_admitted	1	141;108608;109615;+;332.9	35;29590;31023;+;339.2	34;28560;29588;+;221.7	136;103409;105856;+;354.5	36;31036;34650;+;372.0	131;94537;95853;+;135.0	136;103409;105856;+;128.3	129;93013;93639;+;92.7	139;106678;107943;+;67.9	142;109731;112529;+;145.3	120;87338;89203;+;47.3	132;95850;96428;+;100.2	120;87338;89203;+;52.0	A	9/9	split_2	81171	0	1	
NZ_LC556213.1	MPF_F	IncC;IncQ1	206	0	0	GA	0															not_admitted	not_admitted	not_admitted	not_admitted	not_admitted	not_admitted	not_admitted	not_admitted	not_admitted	not_admitted	1	141;108922;109929;+;332.9	35;29904;31337;+;339.2	34;28874;29902;+;221.7	136;103723;106170;+;354.5	36;31350;34964;+;375.3	131;94851;96167;+;135.0	136;103723;106170;+;128.3	129;93327;93953;+;92.7	139;106992;108257;+;67.9	142;110045;112843;+;145.3	120;87652;89517;+;47.3	132;96164;96742;+;100.2	120;87652;89517;+;52.0	A	9/9	split_2	81171	0	1	
NZ_LC567843.1	MPF_F	IncHI2;IncHI2A	251	0	0	GA	0															not_admitted	not_admitted	not_admitted	not_admitted	not_admitted	not_admitted	not_admitted	not_admitted	not_admitted	not_admitted	1	24;28780;29838;+;276.9	164;152101;153516;-;194.1	165;153506;154552;-;174.3	8;6527;9208;+;168.0	163;148139;152092;-;101.6	4;2842;4197;+;80.7	8;6527;9208;+;72.2	1;330;1118;+;74.8	22;27127;28638;+;62.0	25;29857;33045;+;57.3	172;161594;163678;+;56.8	7;5568;6518;+;46.1	172;161594;163678;+;38.8	A	9/9	split_3	161264	1	1	146669..147958-;429;unnamed;0
NZ_LC586262.1	MPF_T	-	81	0	0	GA	1	26;21831;22748;-;38.4	37;31669;32130;-;62.4	36;31364;31660;-;30.7	35;28693;31377;-;72.0	35;28693;31377;-;67.8	34;28004;28696;-;77.5	31;26528;27391;-;136.1		30;25854;26528;-;73.0	29;25041;25826;-;178.1	28;23776;25038;-;145.4	27;22732;23766;-;91.2	20;15180;16730;+;62.4		pfam	both	A	7/7	canonical	1	0	unscoreable	7	0	0														not_admitted	not_admitted	not_admitted	not_admitted	not_admitted	not_admitted	not_admitted
NZ_LC586263.1	MPF_T	-	81	0	0	GA	1	62;46627;47544;+;38.4	51;37245;37706;+;62.4	52;37715;38011;+;30.7	53;37998;40682;+;72.0	53;37998;40682;+;67.8	54;40679;41371;+;77.5	57;41984;42847;+;136.1		58;42847;43521;+;73.0	59;43549;44334;+;178.1	60;44337;45599;+;145.4	61;45609;46643;+;91.2	68;52645;54195;-;62.4		pfam	both	A	7/7	canonical	1	0	unscoreable	7	0	0														not_admitted	not_admitted	not_admitted	not_admitted	not_admitted	not_admitted	not_admitted
NZ_LC586264.1	MPF_T	-	83	0	0	GA	1	64;47536;48453;+;38.4	53;38154;38615;+;62.4	54;38624;38920;+;30.7	55;38907;41591;+;72.0	55;38907;41591;+;67.8	56;41588;42280;+;77.5	59;42893;43756;+;136.1		60;43756;44430;+;73.0	61;44458;45243;+;178.1	62;45246;46508;+;145.4	63;46518;47552;+;91.2	70;53554;55104;-;62.4		pfam	both	A	7/7	canonical	1	0	unscoreable	7	0	0														not_admitted	not_admitted	not_admitted	not_admitted	not_admitted	not_admitted	not_admitted
NZ_LC586265.1	MPF_T	-	82	0	0	GA	1	63;46897;47814;+;38.4	52;37515;37976;+;62.4	53;37985;38281;+;30.7	54;38268;40952;+;72.0	54;38268;40952;+;67.8	55;40949;41641;+;77.5	58;42254;43117;+;136.1		59;43117;43791;+;73.0	60;43819;44604;+;178.1	61;44607;45869;+;145.4	62;45879;46913;+;91.2	69;52915;54465;-;62.4		pfam	both	A	7/7	canonical	1	0	unscoreable	7	0	0														not_admitted	not_admitted	not_admitted	not_admitted	not_admitted	not_admitted	not_admitted
NZ_LC586266.1	MPF_T	-	83	0	0	GA	1	28;22740;23657;-;38.4	39;32578;33039;-;62.4	38;32273;32569;-;30.7	37;29602;32286;-;72.0	37;29602;32286;-;67.8	36;28913;29605;-;77.5	33;27437;28300;-;136.1		32;26763;27437;-;73.0	31;25950;26735;-;178.1	30;24685;25947;-;145.4	29;23641;24675;-;91.2	22;16089;17639;+;62.4		pfam	both	A	7/7	canonical	1	0	unscoreable	7	0	0														not_admitted	not_admitted	not_admitted	not_admitted	not_admitted	not_admitted	not_admitted
NZ_LC586267.2	MPF_T	-	83	0	0	GA	1	27;21892;22809;-;38.4	40;31722;32183;-;62.4	39;31417;31713;-;30.7	38;29169;31430;-;72.4	38;29169;31430;-;67.4	36;28062;28754;-;77.5	33;26587;27450;-;136.1		32;25913;26587;-;74.1	31;25058;25885;-;177.9	29;23837;24331;-;108.2	28;22793;23827;-;91.2	20;15242;16792;+;62.4		pfam	both	A	7/7	canonical	1	0	unscoreable	10	0	0														not_admitted	not_admitted	not_admitted	not_admitted	not_admitted	not_admitted	not_admitted
NZ_LC586268.1	MPF_T	-	81	0	0	GA	1	62;46627;47544;+;38.4	51;37245;37706;+;62.4	52;37715;38011;+;30.7	53;37998;40682;+;72.0	53;37998;40682;+;67.8	54;40679;41371;+;77.5	57;41984;42847;+;136.1		58;42847;43521;+;73.0	59;43549;44334;+;178.1	60;44337;45599;+;145.4	61;45609;46643;+;91.2	68;52645;54195;-;62.4		pfam	both	A	7/7	canonical	1	0	unscoreable	7	0	0														not_admitted	not_admitted	not_admitted	not_admitted	not_admitted	not_admitted	not_admitted
NZ_LC589173.1	MPF_F	IncHI2;IncHI2A	401	0	0	GA	0															not_admitted	not_admitted	not_admitted	not_admitted	not_admitted	not_admitted	not_admitted	not_admitted	not_admitted	not_admitted	1	29;32275;33333;+;276.9	265;236269;237684;-;194.1	266;237674;238720;-;173.7	11;8955;11636;+;168.0	264;232310;236260;-;101.6	7;5270;6625;+;80.7	11;8955;11636;+;72.2	4;2758;3546;+;74.8	27;30622;32133;+;62.7	33;36942;37772;+;24.7	272;245761;247845;+;56.7	10;7996;8946;+;46.4	272;245761;247845;+;38.8	A	9/9	split_3	243003	0	1	
NZ_LC589174.1	MPF_F	IncHI2;IncHI2A	354	0	0	GA	0															not_admitted	not_admitted	not_admitted	not_admitted	not_admitted	not_admitted	not_admitted	not_admitted	not_admitted	not_admitted	1	29;32275;33333;+;276.9	218;193111;194526;-;194.1	219;194516;195562;-;173.7	11;8955;11636;+;168.0	217;189152;193102;-;101.6	7;5270;6625;+;80.7	11;8955;11636;+;72.2	4;2758;3546;+;74.8	27;30622;32133;+;62.7	33;36942;37772;+;24.7	225;202603;204687;+;56.7	10;7996;8946;+;46.4	225;202603;204687;+;38.8	A	9/9	split_3	199845	0	1	
NZ_LC589514.1	MPF_F	IncFII(p14);IncFII(pAR0022)	166	0	0	GA	0															not_admitted	not_admitted	not_admitted	not_admitted	not_admitted	not_admitted	not_admitted	not_admitted	not_admitted	not_admitted	1	147;126794;127780;+;370.3	155;132493;133863;+;377.9	151;130527;131276;+;218.3	144;123170;125800;+;285.5	156;133863;136724;+;335.7	138;119745;121139;+;91.1	144;123170;125800;+;98.6	136;118462;119028;+;170.1	148;127797;128426;+;66.1	149;128423;130276;+;260.5	159;138353;140554;+;384.8	139;121161;121700;+;66.8	159;138353;140554;+;63.9	A	9/9	contiguous	19891	1	1	136743..137207+;154;TraS;0
NZ_LC589684.1	MPF_F	IncFIB(K);IncFII(pAR0022);IncFII(pBK30683)	175	0	0	GA	0															not_admitted	not_admitted	not_admitted	not_admitted	not_admitted	not_admitted	not_admitted	not_admitted	not_admitted	not_admitted	1	42;42408;43400;+;368.6			39;38790;41420;+;285.5		167;150812;152032;+;216.3	39;38790;41420;+;98.6	31;34142;34651;+;162.5	43;43417;43998;+;66.5		3;3426;5951;-;68.1	34;36784;37323;+;66.4	3;3426;5951;-;104.1	D	5/9	split_3	147386	0	0	
NZ_LC590026.1	MPF_F	IncHI2;IncHI2A	415	0	0	GA	0															not_admitted	not_admitted	not_admitted	not_admitted	not_admitted	not_admitted	not_admitted	not_admitted	not_admitted	not_admitted	1	29;32275;33333;+;276.9	266;237097;238512;-;194.1	267;238502;239548;-;173.7	11;8955;11636;+;168.0	265;233138;237088;-;101.6	7;5270;6625;+;80.7	11;8955;11636;+;72.2	4;2758;3546;+;74.8	27;30622;32133;+;62.7	33;36942;37772;+;24.7	273;246589;248673;+;56.7	10;7996;8946;+;46.4	273;246589;248673;+;38.8	A	9/9	split_3	243831	0	1	
NZ_LC590858.1	MPF_T	IncN	69	0	0	GA	1	42;33501;34235;-;32.5		39;32541;32858;-;63.3	38;29941;32541;-;113.8	38;29941;32541;-;76.4	37;29210;29923;-;105.5	35;27919;28959;-;142.4		34;27002;27700;-;131.9	33;26107;26991;-;159.7	32;24947;26107;-;156.3	31;23910;24905;-;81.2	22;14387;15916;+;38.5		pfam	both	A	7/7	canonical	1	0	unscoreable	11	0	0														not_admitted	not_admitted	not_admitted	not_admitted	not_admitted	not_admitted	not_admitted
NZ_LC594662.1	MPF_T	IncN	72	0	0	GA	1	42;33504;34238;-;32.5		39;32544;32861;-;63.3	38;29944;32544;-;113.8	38;29944;32544;-;76.4	37;29213;29926;-;105.5	35;27922;28962;-;142.4		34;27005;27703;-;131.9	33;26110;26994;-;159.7	32;24950;26110;-;156.3	31;23913;24908;-;81.2	22;14390;15919;+;38.5		pfam	both	A	7/7	canonical	1	0	unscoreable	11	0	0														not_admitted	not_admitted	not_admitted	not_admitted	not_admitted	not_admitted	not_admitted
NZ_LK391770.1	MPF_F	IncFII(pKP91);repB(R1701)	116	0	0	GA	0															not_admitted	not_admitted	not_admitted	not_admitted	not_admitted	not_admitted	not_admitted	not_admitted	not_admitted	not_admitted	1	56;54240;55229;-;363.3	45;47054;48421;-;384.6	49;49679;50431;-;233.7	60;56686;59325;-;258.5	44;44205;47054;-;346.2	69;63153;64577;-;89.2	60;56686;59325;-;88.7	71;65304;65870;-;169.3	54;53317;53964;-;64.6	53;51303;53258;-;259.7	40;39408;41720;-;393.2	67;61957;62541;-;54.5	40;39408;41720;-;65.8	A	9/9	contiguous	25896	1	1	43644..44192-;182;unnamed;0
NZ_LN606601.1	MPF_T	-	95	0	0	GA	1	66;56252;57487;-;47.1	65;55925;56248;-;60.0		64;53226;55598;-;191.4	64;53226;55598;-;86.1	63;52523;53209;-;68.8	61;51151;51981;-;81.0		59;50256;50945;-;158.8	58;49339;50259;-;144.8	57;48209;49342;-;163.5	56;47179;48219;-;85.6	55;45345;47165;-;252.3		pfam	pfam_only	A	7/7	canonical	1	0	unscoreable	2	0	0														not_admitted	not_admitted	not_admitted	not_admitted	not_admitted	not_admitted	not_admitted
NZ_LN610760.1	MPF_T	IncN	66	0	0	GA	1	55;46671;47408;-;32.0		52;45710;46027;-;63.3	51;43110;45710;-;111.8	51;43110;45710;-;76.4	50;42379;43092;-;105.5	48;41088;42128;-;142.4		47;40171;40869;-;131.9	46;39276;40160;-;159.7	45;38116;39276;-;156.3	44;37079;38074;-;81.2	27;19587;21116;+;38.5		pfam	both	A	7/7	canonical	1	0	unscoreable	3	0	0														not_admitted	not_admitted	not_admitted	not_admitted	not_admitted	not_admitted	not_admitted
NZ_LN614828.1	MPF_F	-	237	0	0	GA	0															not_admitted	not_admitted	not_admitted	not_admitted	not_admitted	not_admitted	not_admitted	not_admitted	not_admitted	not_admitted	1	105;111784;112740;+;399.0	110;116415;117809;+;357.3	108;115224;116009;+;201.1	102;108269;110824;+;336.7	111;117815;120535;+;342.8	99;106118;107398;+;92.9	216;220923;223502;-;100.5	97;104837;105406;+;155.3	106;112755;113423;+;101.7	107;113420;115231;+;246.5	113;121060;122940;+;434.8	101;107896;108261;+;57.4	205;208579;210576;-;69.0	A	9/9	split_2	116086	0	1	
NZ_LN623683.1	MPF_T	IncI2	87	0	0	GA	1	32;23269;23751;-;81.1		46;39328;39612;-;36.5	45;36965;39322;-;59.8	45;36965;39322;-;45.0	57;45175;45822;-;41.6	58;45828;46814;-;120.4		44;36067;36801;-;144.3	43;35300;36070;-;169.8	42;34171;35310;-;154.7	35;25520;27058;-;207.1	40;31123;33081;-;287.0		pfam	pfam_only	A	7/7	rearranged	1	0	unscoreable	15	0	0														not_admitted	not_admitted	not_admitted	not_admitted	not_admitted	not_admitted	not_admitted
NZ_LN681226.1	MPF_F	-	140	0	0	GA	0															not_admitted	not_admitted	not_admitted	not_admitted	not_admitted	not_admitted	not_admitted	not_admitted	not_admitted	not_admitted	1	123;109227;110192;+;347.3	128;113966;115336;+;321.2	126;112660;113448;+;140.4	120;105520;108237;+;204.8	129;115333;118092;+;260.5	119;103957;105411;+;45.2	120;105520;108237;+;101.7	117;102669;103226;+;94.4	124;110209;110871;+;81.2	125;110900;112663;+;214.0	130;118171;120174;+;365.3		130;118171;120174;+;70.6	B	8/9	contiguous	15502	1	1	118171..120174+;667;unnamed;0
NZ_LN681228.1	MPF_F	IncC	187	0	0	GA	0															not_admitted	not_admitted	not_admitted	not_admitted	not_admitted	not_admitted	not_admitted	not_admitted	not_admitted	not_admitted	1	33;30800;31807;+;332.8			28;25604;28048;+;357.2		21;15467;16783;+;134.5	28;25604;28048;+;130.4	19;14222;14569;+;26.2	31;28870;30135;+;69.6	34;31923;34727;+;145.5	14;11609;12382;+;32.5	22;16780;17358;+;96.9		C	6/9	contiguous	20314	0	1	
NZ_LN713927.1	-	-	198	0	0	GA	0															not_admitted	not_admitted	not_admitted	not_admitted	not_admitted	not_admitted	not_admitted	not_admitted	not_admitted	not_admitted	1	153;116202;117224;-;305.5	116;88226;89650;-;303.7	117;89634;90662;-;215.4	158;119852;122251;-;278.3	115;85257;88226;-;283.5	163;130914;132236;-;121.9	158;119852;122251;-;147.6	165;133292;133939;-;80.0	155;117902;119038;-;71.0	152;113494;116193;-;129.4	170;136284;138155;-;36.8	162;130309;130830;-;73.4	170;136284;138155;-;52.8	A	9/9	split_2	51027	1	1	84558..85127-;189;unnamed;0
NZ_LN794248.1	MPF_F	IncHI2;IncHI2A	344	0	0	GA	0															not_admitted	not_admitted	not_admitted	not_admitted	not_admitted	not_admitted	not_admitted	not_admitted	not_admitted	not_admitted	1	164;149001;150059;+;276.9	47;39585;41000;-;194.1	48;40990;42036;-;173.7	146;125681;128362;+;168.0	46;35626;39576;-;101.6	142;121996;123351;+;80.7	146;125681;128362;+;72.2	139;119484;120272;+;74.8	162;147348;148859;+;62.7	165;150078;153266;+;57.8	54;49077;51161;+;56.7	145;124722;125672;+;46.4	54;49077;51161;+;38.8	A	9/9	split_3	114452	0	1	
NZ_LN811400.1	MPF_T	-	57	0	0	GA	1	7;6686;7276;+;62.5	19;18405;18719;+;77.8	20;18722;18988;+;36.5	21;19055;21625;+;34.3	21;19055;21625;+;107.5	22;21645;22430;+;55.0	24;23210;24688;+;93.3		25;24694;25404;+;126.1	26;25430;26422;+;166.9	27;26438;27781;+;209.6	18;17323;18327;+;117.0	9;10536;12593;+;347.6		conjscan	conjscan_only	A	7/7	canonical	1	0	unscoreable	11	0	0														not_admitted	not_admitted	not_admitted	not_admitted	not_admitted	not_admitted	not_admitted
NZ_LN824134.1	MPF_F	IncFIB(pNDM-Mar);IncHI1B(pNDM-MAR)	288	0	0	GA	0															not_admitted	not_admitted	not_admitted	not_admitted	not_admitted	not_admitted	not_admitted	not_admitted	not_admitted	not_admitted	1	135;123915;124952;+;282.3	260;254471;255880;-;190.0	261;255870;256907;-;176.6	123;110366;113083;+;148.5	259;250555;254469;-;120.9	119;106883;108253;+;65.8	123;110366;113083;+;85.2	116;104377;105237;+;79.0	134;122557;123918;+;69.9	136;124962;128144;+;60.1	268;264107;266233;+;58.4	122;109584;110321;+;56.9	268;264107;266233;+;41.0	A	9/9	split_2	159730	0	1	
NZ_LN824136.1	MPF_T	IncN4	50	0	0	GA	1	20;17708;18448;-;34.8	18;17094;17384;-;45.9	17;16730;17044;-;65.3	16;14100;16730;-;124.9	16;14100;16730;-;86.8	15;13383;14090;-;112.9	13;12081;13124;-;127.4	12;11816;11986;-;41.4	11;11097;11813;-;145.6	10;10207;11094;-;144.4	9;9056;10210;-;174.0	8;8032;9063;-;78.1	3;2047;3624;+;50.6		pfam	both	A	7/7	canonical	1	0	ga	6	0	0														not_admitted	not_admitted	not_admitted	not_admitted	not_admitted	not_admitted	not_admitted
NZ_LN824138.1	MPF_F	IncFII	89	0	0	GA	0															not_admitted	not_admitted	not_admitted	not_admitted	not_admitted	not_admitted	not_admitted	not_admitted	not_admitted	not_admitted	1	44;47223;48215;-;369.5	34;40071;41444;-;381.7	39;43374;44117;-;234.4	47;49224;51854;-;304.1	33;37252;40074;-;374.0	54;54853;56304;-;94.2	47;49224;51854;-;97.1	56;57019;57585;-;174.3	42;46241;46879;-;68.6	41;44394;46244;-;266.1	29;32719;34980;-;391.1	51;53478;53993;-;78.4	29;32719;34980;-;70.3	A	9/9	contiguous	24300	1	1	36751..37230-;159;TraS;0
NZ_LN830952.1	MPF_F	IncHI2;IncHI2A	333	0	0	GA	0															not_admitted	not_admitted	not_admitted	not_admitted	not_admitted	not_admitted	not_admitted	not_admitted	not_admitted	not_admitted	1	29;32288;33346;+;276.9	246;221859;223274;-;194.1	247;223264;224310;-;173.7	11;8969;11650;+;168.0	245;217900;221850;-;101.6	7;5284;6639;+;80.7	11;8969;11650;+;72.2	4;2772;3560;+;74.8	27;30635;32146;+;62.7	30;33365;36553;+;57.4	253;231350;233434;+;56.7	10;8010;8960;+;46.4	253;231350;233434;+;38.8	A	9/9	split_3	228578	0	1	
NZ_LN831184.1	-	-	384	0	0	GA	0															not_admitted	not_admitted	not_admitted	not_admitted	not_admitted	not_admitted	not_admitted	not_admitted	not_admitted	not_admitted	1	136;126630;127718;+;256.2	322;297653;299077;-;184.0	323;299077;300117;-;202.1	349;325551;328166;+;201.6	321;292956;297650;-;112.6	344;321533;322879;+;115.8	349;325551;328166;+;91.8	342;319621;320271;+;82.9	134;125138;126496;+;60.0	137;127946;132229;+;64.9	337;315152;317023;+;33.4	348;324910;325539;+;61.1	337;315152;317023;+;36.4	A	9/9	split_2	200413	1	1	291532..292842-;436;unnamed;0
NZ_LN831185.1	MPF_F	IncC	200	0	0	GA	0															not_admitted	not_admitted	not_admitted	not_admitted	not_admitted	not_admitted	not_admitted	not_admitted	not_admitted	not_admitted	1	22;24196;25203;+;332.9	119;112166;113599;+;339.2	118;111136;112164;+;221.7	17;18997;21444;+;354.2	120;113612;117226;+;375.3	12;10170;11486;+;135.0	17;18997;21444;+;128.6	10;8646;9272;+;92.1	20;22266;23531;+;67.6	23;25319;28114;+;145.3	1;2971;4836;+;47.4	13;11483;12061;+;100.2	1;2971;4836;+;52.0	A	9/9	split_2	110641	0	1	
NZ_LN831304.1	MPF_T	-	180	0	0	GA	1				29;23259;25484;+;21.4											none	none	D	1/7	uncallable	0	0	unscoreable	0	0	0														not_admitted	not_admitted	not_admitted	not_admitted	not_admitted	not_admitted	not_admitted
NZ_LN846932.1	-	-	75	0	0	GA	1	17;16981;18102;+;28.6			12;10969;12822;+;22.2									13;12823;14775;+;239.4		none	none	D	2/7	uncallable	0	0	unscoreable	3	0	0														not_admitted	not_admitted	not_admitted	not_admitted	not_admitted	not_admitted	not_admitted
NZ_LN850163.1	MPF_F	IncFIA;IncFIB(AP001918);IncFII	186	0	0	GA	0															not_admitted	not_admitted	not_admitted	not_admitted	not_admitted	not_admitted	not_admitted	not_admitted	not_admitted	not_admitted	1	101;84845;85837;+;367.4	112;91523;92896;+;380.9	105;88566;89309;+;235.0	27;25462;27834;-;305.7	113;92893;95718;+;385.9	33;29889;31316;-;94.3	27;25462;27834;-;98.5	35;32031;32597;-;183.8	102;85846;86484;+;68.6	103;86481;88289;+;268.3	117;97382;99418;+;391.6	29;28350;28865;-;78.4	117;97382;99418;+;70.5	A	9/9	split_2	71920	1	1	95715..96224+;169;unnamed;0
NZ_LN854558.1	MPF_F	-	127	0	0	GA	1			22;14241;14606;+;42.7	24;15311;16771;+;69.0	23;14603;15181;+;65.1		29;18397;19161;+;56.0			51;29591;30022;+;74.1	53;30187;31392;+;134.2	54;31389;32336;+;68.6		68;42721;43536;-;156.5	none	none	C	5/7	canonical	0	0	unscoreable	20	0	0														not_admitted	not_admitted	not_admitted	not_admitted	not_admitted	not_admitted	not_admitted
NZ_LN879503.1	-	-	156	0	0	GA	0															not_admitted	not_admitted	not_admitted	not_admitted	not_admitted	not_admitted	not_admitted	not_admitted	not_admitted	not_admitted	1	141;134905;135912;-;357.2	138;131118;132488;-;355.3	139;132481;133275;-;213.0	145;137582;140017;-;231.2	137;128413;131106;-;308.7	148;140874;142136;-;106.7	145;137582;140017;-;122.7	150;142848;143417;-;144.8	142;135909;136529;-;62.5	140;133250;134905;-;196.8	136;126743;128407;-;446.4		136;126743;128407;-;89.2	B	8/9	contiguous	16105	1	1	126743..128407-;554;unnamed;0
NZ_LN890333.1	MPF_T	-	33	0	0	GA	1				23;20848;22830;-;23.0									17;15310;16839;-;460.8		none	none	D	2/7	uncallable	0	0	unscoreable	5	0	0														not_admitted	not_admitted	not_admitted	not_admitted	not_admitted	not_admitted	not_admitted
NZ_LN890519.1	MPF_F	IncFII(S);IncFII(pAR0022)	97	0	0	GA	0															not_admitted	not_admitted	not_admitted	not_admitted	not_admitted	not_admitted	not_admitted	not_admitted	not_admitted	not_admitted	1	44;33419;34414;+;357.2	50;38645;40006;+;334.4	48;37251;38030;+;196.8	41;29735;32326;+;219.6	51;40008;42905;+;289.8	38;27303;28664;+;81.6	41;29735;32326;+;87.7	36;26023;26586;+;145.5	46;34790;35404;+;79.9	47;35401;37254;+;258.0	54;44484;47378;+;374.8	40;29110;29724;+;47.7	54;44484;47378;+;58.7	A	9/9	contiguous	18461	1	1	42917..43477+;186;unnamed;0
NZ_LN890521.1	MPF_F	IncFII(S);IncFII(pAR0022)	101	0	0	GA	0															not_admitted	not_admitted	not_admitted	not_admitted	not_admitted	not_admitted	not_admitted	not_admitted	not_admitted	not_admitted	1	43;32116;33111;+;357.2	49;37342;38703;+;334.4	47;35948;36727;+;196.8	40;28432;31023;+;219.6	50;38705;41602;+;289.8	37;26000;27361;+;81.6	40;28432;31023;+;87.7	35;24720;25283;+;145.5	45;33487;34101;+;79.9	46;34098;35951;+;258.0	54;44484;47378;+;374.8	39;27807;28421;+;47.7	54;44484;47378;+;58.7	A	9/9	contiguous	19764	1	1	41614..41949+;111;unnamed;0
NZ_LN897474.1	MPF_F	IncFII(pHN7A8)	91	0	0	GA	0															not_admitted	not_admitted	not_admitted	not_admitted	not_admitted	not_admitted	not_admitted	not_admitted	not_admitted	not_admitted	1	65;51344;52336;+;369.5	78;59169;60542;+;376.8	73;56860;57603;+;234.4	62;47708;50335;+;301.8	79;60539;63355;+;376.7	57;44226;45653;+;94.1	62;47708;50335;+;101.8	55;42945;43511;+;183.8	68;53282;53920;+;70.4	71;54733;56583;+;265.0	83;65656;67872;+;391.7	61;46677;47192;+;78.0	83;65656;67872;+;70.3	A	9/9	contiguous	22711	1	1	63388..63909+;173;unnamed;0
NZ_LN897475.1	MPF_F	IncFII(pHN7A8)	88	0	0	GA	0															not_admitted	not_admitted	not_admitted	not_admitted	not_admitted	not_admitted	not_admitted	not_admitted	not_admitted	not_admitted	1	62;49249;50241;+;369.5	75;57074;58447;+;376.8	70;54765;55508;+;234.4	59;45613;48240;+;301.8	76;58444;61260;+;376.7	54;42131;43558;+;94.1	59;45613;48240;+;101.8	52;40850;41416;+;183.8	65;51187;51825;+;70.4	68;52638;54488;+;265.0	80;63561;65777;+;391.7	58;44582;45097;+;78.0	80;63561;65777;+;70.3	A	9/9	contiguous	22711	1	1	61293..61814+;173;unnamed;0
NZ_LN907829.1	MPF_G	-	148	0	0	GA	0															not_admitted	not_admitted	not_admitted	not_admitted	not_admitted	not_admitted	not_admitted	not_admitted	not_admitted	not_admitted	1	106;102581;103555;-;198.2			116;108854;111703;-;282.2	103;99229;100737;-;254.7						130;121095;123200;-;39.0		130;121095;123200;-;48.0	D	3/9	contiguous	21866	0	0	
NZ_LN999012.1	MPF_F	IncFIB(S);IncFII(S);IncFII(pAR0022)	116	0	0	GA	0															not_admitted	not_admitted	not_admitted	not_admitted	not_admitted	not_admitted	not_admitted	not_admitted	not_admitted	not_admitted	1	97;72214;73206;+;366.7	106;78454;79836;+;392.4	103;76673;77422;+;231.0	94;68579;71227;+;314.1	107;79833;82655;+;394.4	86;64625;66046;+;91.5	94;68579;71227;+;97.8	84;63332;63898;+;188.1	99;73518;74156;+;70.6	101;74609;76435;+;271.0	110;84309;86471;+;370.3	89;66852;67367;+;96.7	110;84309;86471;+;72.0	A	9/9	contiguous	20977	1	1	82677..83165+;162;TraS;0
NZ_LO017736.1	MPF_F	IncFIA;IncFIB(AP001918);IncFII	148	0	0	GA	0															not_admitted	not_admitted	not_admitted	not_admitted	not_admitted	not_admitted	not_admitted	not_admitted	not_admitted	not_admitted	1	20;13341;14333;+;367.4	29;20015;21388;+;380.9	24;17061;17804;+;235.0	17;10251;12332;+;191.5	30;21522;24134;+;342.1	10;6224;7651;+;94.3	17;10251;12332;+;99.3	8;4945;5553;+;183.4	21;14342;14980;+;68.6	22;14977;16785;+;268.3	34;25871;27898;+;391.6	14;8675;9190;+;78.4	34;25871;27898;+;70.5	A	9/9	contiguous	20926	1	1	24205..24714+;169;unnamed;0
NZ_LO017737.1	MPF_F	Col156;IncFIA;IncFIB(AP001918);IncFII	199	0	0	GA	0															not_admitted	not_admitted	not_admitted	not_admitted	not_admitted	not_admitted	not_admitted	not_admitted	not_admitted	not_admitted	1	21;14122;15114;+;367.4	32;20800;22173;+;380.9	25;17843;18586;+;235.0	18;10486;13113;+;305.4	33;22170;24995;+;385.9	10;6227;7654;+;94.3	18;10486;13113;+;98.5	8;4946;5512;+;183.8	22;15123;15761;+;68.6	23;15758;17566;+;268.3	36;26498;28705;+;391.3	14;8678;9205;+;55.2	36;26498;28705;+;70.4	A	9/9	contiguous	21552	1	1	24992..25501+;169;unnamed;0
NZ_LO017738.1	MPF_F	IncFIA;IncFIB(AP001918);IncFII	169	0	0	GA	0															not_admitted	not_admitted	not_admitted	not_admitted	not_admitted	not_admitted	not_admitted	not_admitted	not_admitted	not_admitted	1	19;13345;14337;+;367.4	30;20023;21396;+;380.9	23;17066;17809;+;235.0	16;9709;12336;+;305.4	31;21393;24218;+;385.9	10;6227;7654;+;94.3	16;9709;12336;+;98.5	8;4946;5512;+;183.8	20;14346;14984;+;68.6	21;14981;16789;+;268.3	34;25721;27910;+;391.3	14;8678;9193;+;78.4	34;25721;27910;+;70.4	A	9/9	contiguous	20775	1	1	24215..24724+;169;unnamed;0
NZ_LR025089.1	MPF_F	IncFIB(K);IncFII(K);IncFII(pAR0022)	242	0	0	GA	0															not_admitted	not_admitted	not_admitted	not_admitted	not_admitted	not_admitted	not_admitted	not_admitted	not_admitted	not_admitted	1	57;39480;40469;+;366.6	67;46016;47383;+;384.1	63;44006;44758;+;233.7	53;35384;38023;+;258.5	68;47383;50205;+;346.4	43;30056;31480;+;89.5	53;35384;38023;+;88.7	41;28763;29329;+;167.0	58;40482;41120;+;66.9	59;41179;43134;+;259.4	72;52821;55130;+;393.1	45;32092;32676;+;53.8	72;52821;55130;+;66.6	A	9/9	contiguous	24058	1	1	50228..50830+;200;TraS;0
NZ_LR025093.1	MPF_F	IncFIB(K);IncFII(K);IncFII(pAR0022)	253	0	0	GA	0															not_admitted	not_admitted	not_admitted	not_admitted	not_admitted	not_admitted	not_admitted	not_admitted	not_admitted	not_admitted	1	33;36897;37886;-;366.6	23;29983;31350;-;384.1	27;32608;33360;-;233.7	37;39343;41982;-;258.5	22;27161;29983;-;346.4	47;45886;47310;-;89.5	37;39343;41982;-;88.7	49;48037;48603;-;167.0	32;36246;36884;-;66.9	31;34232;36187;-;259.4	18;22236;24545;-;393.1	45;44690;45274;-;53.8	18;22236;24545;-;66.6	A	9/9	contiguous	25801	1	1	26536..27138-;200;TraS;0
NZ_LR025097.1	MPF_F	IncFIB(AP001918);IncFII	157	0	0	GA	0															not_admitted	not_admitted	not_admitted	not_admitted	not_admitted	not_admitted	not_admitted	not_admitted	not_admitted	not_admitted	1	32;24071;25063;+;367.3	43;30749;32122;+;374.3	36;27792;28535;+;234.1	29;20435;23062;+;305.4	44;32119;34935;+;387.9	23;16953;18380;+;94.4	29;20435;23062;+;99.2	21;15672;16238;+;183.8	33;25072;25710;+;67.3	34;25707;27515;+;268.3	47;36498;38651;+;391.1	27;19404;19919;+;77.3	47;36498;38651;+;69.2	A	9/9	contiguous	20826	1	1	34968..35489+;173;unnamed;0
NZ_LR025103.1	MPF_T	-	46	0	0	GA	1	22;12027;12647;+;46.9	23;12661;12987;+;64.1	24;13006;15753;+;62.7	24;13006;15753;+;154.4	24;13006;15753;+;46.1	25;15765;16481;+;97.3	26;16492;17571;+;157.5		28;18086;18772;+;169.5	29;18769;19677;+;142.6	30;19670;20788;+;163.9	31;20790;21818;+;85.0	32;21850;23667;+;313.0		pfam	pfam_only	A	7/7	canonical	1	1	unscoreable	1	0	0														not_admitted	not_admitted	not_admitted	not_admitted	not_admitted	not_admitted	not_admitted
NZ_LR025104.1	MPF_T	-	25	0	0	GA	1		0;49;345;+;76.6	1;364;3117;+;46.6	1;364;3117;+;148.0	1;364;3117;+;75.2	2;3128;3886;+;67.5	4;4124;5257;+;109.2		5;5502;6215;+;120.0	6;6220;7149;+;133.7	7;7146;8351;+;130.4	8;8353;9384;+;76.3	9;9387;11222;+;486.3		pfam	pfam_only	A	7/7	canonical	1	1	unscoreable	1	0	0														not_admitted	not_admitted	not_admitted	not_admitted	not_admitted	not_admitted	not_admitted
NZ_LR130540.1	MPF_F	IncFIB(K)(pCAV1099-114);IncFII(pKP91)	183	0	0	GA	0															not_admitted	not_admitted	not_admitted	not_admitted	not_admitted	not_admitted	not_admitted	not_admitted	not_admitted	not_admitted	1	132;126454;127443;-;363.3	122;119582;120952;-;383.0	126;122148;122900;-;228.4	136;128886;131525;-;259.1	121;116733;119582;-;341.9	145;135513;136937;-;90.9	136;128886;131525;-;89.2	147;137664;138230;-;169.1	131;125803;126441;-;64.4	130;123789;125744;-;258.1	118;112611;114917;-;393.1	143;134332;134901;-;52.6	118;112611;114917;-;66.6	A	9/9	contiguous	25053	1	1	116200..116730-;176;unnamed;0
NZ_LR130546.1	MPF_F	IncFIA;IncFII	130	0	0	GA	0															not_admitted	not_admitted	not_admitted	not_admitted	not_admitted	not_admitted	not_admitted	not_admitted	not_admitted	not_admitted	1				38;31160;32947;+;302.2		32;27580;29007;+;93.9	38;31160;32947;+;47.1	30;26299;26865;+;182.7				36;30129;30644;+;76.0		D	3/9	contiguous	4861	0	0	
NZ_LR130549.1	MPF_F	IncFIB(K);IncFII(K)	218	0	0	GA	0															not_admitted	not_admitted	not_admitted	not_admitted	not_admitted	not_admitted	not_admitted	not_admitted	not_admitted	not_admitted	1	162;164406;165398;-;366.6	152;157585;158955;-;380.7	156;160157;160909;-;232.4	165;166424;169063;-;258.7	151;154736;157585;-;344.2	174;172878;174302;-;89.2	165;166424;169063;-;88.8	176;175029;175595;-;167.0	161;163755;164393;-;67.0	160;161752;163758;-;259.0	147;149938;152250;-;392.7	172;171697;172266;-;49.7	147;149938;152250;-;66.5	A	9/9	contiguous	25091	1	1	154175..154723-;182;unnamed;0
NZ_LR130550.1	MPF_T	IncX3	56	0	0	GA	1	26;21683;22327;-;46.4	25;21409;21699;-;73.1	24;18631;21384;-;47.0	24;18631;21384;-;145.4	24;18631;21384;-;73.3	23;17851;18621;-;60.1	21;16517;17572;-;133.2		20;15594;16322;-;119.4	19;14659;15588;-;138.8	18;13448;14662;-;128.3	16;12218;13252;-;65.7	15;10380;12215;-;495.9		pfam	pfam_only	A	7/7	canonical	1	1	unscoreable	2	0	0														not_admitted	not_admitted	not_admitted	not_admitted	not_admitted	not_admitted	not_admitted
NZ_LR130554.1	MPF_F	IncFII	104	0	0	GA	0															not_admitted	not_admitted	not_admitted	not_admitted	not_admitted	not_admitted	not_admitted	not_admitted	not_admitted	not_admitted	1	76;65062;66054;+;369.3	87;72104;73477;+;381.0	82;69771;70514;+;233.3	73;61426;64053;+;303.5	88;73474;76299;+;386.0	67;57847;59274;+;94.7	73;61426;64053;+;98.5	65;56566;57132;+;183.8	79;67051;67689;+;62.3	80;67686;69494;+;268.0	94;80510;82717;+;391.7	71;60395;60910;+;77.3	94;80510;82717;+;70.3	A	9/9	contiguous	23944	1	1	76296..76805+;169;unnamed;0
NZ_LR130558.1	MPF_F	IncFII	66	0	0	GA	0															not_admitted	not_admitted	not_admitted	not_admitted	not_admitted	not_admitted	not_admitted	not_admitted	not_admitted	not_admitted	1	40;26189;27181;+;369.5	52;33781;35154;+;381.7	47;31108;31851;+;234.4	37;22550;25180;+;305.1	53;35151;37973;+;373.4	29;17696;19147;+;94.0	37;22550;25180;+;97.1	27;16415;16981;+;172.8	44;28346;28984;+;68.5	45;28981;30831;+;267.6	57;40245;42443;+;391.7	32;20007;20522;+;82.8	57;40245;42443;+;70.3	A	9/9	contiguous	23830	1	1	37995..38474+;159;TraS;0
NZ_LR130563.1	MPF_F	Col156;IncFIB(AP001918);IncFII(29)	131	0	0	GA	0															not_admitted	not_admitted	not_admitted	not_admitted	not_admitted	not_admitted	not_admitted	not_admitted	not_admitted	not_admitted	1	73;70053;71045;-;369.5	61;62626;63999;-;381.7	68;66204;66947;-;233.1	76;72054;74684;-;301.6	60;59807;62629;-;388.5	83;77815;79242;-;93.9	76;72054;74684;-;99.3	85;79957;80523;-;183.1	71;69071;69709;-;68.6	70;67224;69074;-;271.9	56;55391;57535;-;391.3	80;76171;76686;-;73.9	56;55391;57535;-;70.4	A	9/9	contiguous	24566	1	1	59306..59785-;159;TraS;0
NZ_LR130565.1	MPF_F	Col156;IncFIB(AP001918);IncFII(29);IncQ1	159	0	0	GA	0															not_admitted	not_admitted	not_admitted	not_admitted	not_admitted	not_admitted	not_admitted	not_admitted	not_admitted	not_admitted	1	102;89208;90200;-;369.5	90;81781;83154;-;381.7	97;85359;86102;-;233.1	105;91209;93839;-;304.0	89;78962;81784;-;388.5	112;96970;98397;-;93.9	105;91209;93839;-;99.3	114;99112;99678;-;183.1	100;88226;88864;-;68.6	99;86379;88229;-;271.9	85;74321;76690;-;390.9	109;95326;95841;-;74.0	85;74321;76690;-;70.2	A	9/9	contiguous	24791	1	1	78461..78940-;159;TraS;0
NZ_LR134418.1	-	-	405	0	0	GA	0															not_admitted	not_admitted	not_admitted	not_admitted	not_admitted	not_admitted	not_admitted	not_admitted	not_admitted	not_admitted	1	344;374523;375518;+;101.7			343;371792;374551;+;216.9	346;376898;378451;+;190.3		343;371792;374551;+;37.8				347;379040;380899;+;39.9		347;379040;380899;+;39.3	D	3/9	contiguous	7248	1	0	379040..380899+;619;unnamed;0
NZ_LR213453.1	MPF_F	IncFII(pSE11)	101	0	0	GA	0															not_admitted	not_admitted	not_admitted	not_admitted	not_admitted	not_admitted	not_admitted	not_admitted	not_admitted	not_admitted	1	61;50979;51971;-;369.5	47;42882;44255;-;386.0	54;46460;47203;-;234.4	64;52980;55610;-;297.8	46;40060;42885;-;386.5	72;59055;60482;-;93.9	64;52980;55610;-;98.7	74;61197;61763;-;174.3	59;49997;50635;-;68.6	56;47480;49285;-;267.0	42;35530;37818;-;381.9	69;57656;58171;-;78.4	42;35530;37818;-;66.7	A	9/9	contiguous	25667	1	1	39554..40063-;169;unnamed;0
NZ_LR213454.1	MPF_T	IncFIB(K)	71	0	0	GA	1	42;41918;42580;+;48.3	43;42591;42890;+;36.6	44;42900;45650;+;60.6	44;42900;45650;+;134.0	44;42900;45650;+;48.6	45;45669;46385;+;137.0	47;46699;47706;+;137.8		49;47916;48602;+;158.3	50;48595;49488;+;147.4	51;49485;50681;+;134.7	52;50685;51734;+;71.5	59;56364;58271;+;24.3		pfam	pfam_only	A	7/7	canonical	1	1	unscoreable	8	0	0														not_admitted	not_admitted	not_admitted	not_admitted	not_admitted	not_admitted	not_admitted
NZ_LR213457.1	MPF_F	IncFII(pSE11)	96	0	0	GA	0															not_admitted	not_admitted	not_admitted	not_admitted	not_admitted	not_admitted	not_admitted	not_admitted	not_admitted	not_admitted	1	57;47368;48360;-;369.5	43;39271;40644;-;386.0	50;42849;43592;-;234.4	60;49369;51999;-;297.8	42;36449;39274;-;386.5	68;55444;56871;-;93.9	60;49369;51999;-;98.7	70;57586;58152;-;174.3	55;46386;47024;-;68.6	52;43869;45674;-;267.0	38;31901;34207;-;381.9	65;54045;54560;-;78.4	38;31901;34207;-;66.7	A	9/9	contiguous	25685	1	1	35943..36452-;169;unnamed;0
NZ_LR594660.1	-	-	901	0	0	GA	0															not_admitted	not_admitted	not_admitted	not_admitted	not_admitted	not_admitted	not_admitted	not_admitted	not_admitted	not_admitted	1	811;744255;745301;+;230.3	877;816097;817773;-;155.9	878;817811;818857;-;95.2	884;822382;824994;-;167.7	876;813056;816082;-;193.8	887;825988;827367;-;115.7	884;822382;824994;-;130.8	889;828123;828713;-;80.2	812;745280;746302;+;63.8	813;746370;749846;+;70.8	247;210764;212602;+;372.1	885;825034;825672;-;48.8	247;210764;212602;+;94.4	A	9/9	split_3	617359	1	1	810920..812914-;664;unnamed;0
NZ_LR594661.1	MPF_T	-	49	0	0	GA	1	23;26299;27063;-;44.5	21;23459;23764;-;77.7	20;23120;23443;-;84.6	19;20576;23110;-;207.9	19;20576;23110;-;102.7	18;19852;20571;-;231.6	16;18333;19418;-;165.9		15;17289;18020;-;200.3	14;16414;17292;-;202.0	13;15281;16417;-;198.2	12;14233;15303;-;101.2	11;11417;14011;-;330.4		pfam	both	A	7/7	canonical	1	0	unscoreable	2	0	0														not_admitted	not_admitted	not_admitted	not_admitted	not_admitted	not_admitted	not_admitted
NZ_LR594663.1	-	-	433	0	0	GA	1		338;336215;336670;+;62.7	339;336682;337065;+;81.9	340;337080;339587;+;149.2	340;337080;339587;+;100.7	341;339580;340314;+;157.8	346;341992;342885;+;124.9		348;343040;343762;+;159.5	349;343759;344601;+;175.3	350;344598;345944;+;163.3	352;346108;347061;+;92.0	353;347027;348979;+;357.4		pfam	both	A	7/7	canonical	1	0	unscoreable	6	0	0														not_admitted	not_admitted	not_admitted	not_admitted	not_admitted	not_admitted	not_admitted
NZ_LR594665.1	MPF_T	-	63	0	0	GA	1	25;24898;25503;-;24.9	36;35325;35753;-;64.6	35;35011;35322;-;48.8	34;32477;35014;-;103.2	34;32477;35014;-;109.8	29;28124;28897;-;100.9	27;26130;27863;-;138.5		33;31704;32480;-;151.2	32;30786;31691;-;179.5	30;28916;30310;-;220.4	37;35765;36727;-;129.2	12;9591;11504;+;518.3		conjscan	both	A	7/7	canonical	1	0	unscoreable	4	0	0														not_admitted	not_admitted	not_admitted	not_admitted	not_admitted	not_admitted	not_admitted
NZ_LR594667.1	-	-	874	0	0	GA	0															not_admitted	not_admitted	not_admitted	not_admitted	not_admitted	not_admitted	not_admitted	not_admitted	not_admitted	not_admitted	1	89;92888;93934;-;230.3	23;20416;22092;+;155.9	22;19332;20378;+;95.2	16;13195;15807;+;167.7	24;22107;25133;+;193.8	13;10822;12201;+;115.7	16;13195;15807;+;130.8	11;9476;10066;+;80.2	88;91887;92909;-;63.8	87;88343;91819;-;70.8	627;587801;589639;-;372.1	15;12517;13155;+;48.8	627;587801;589639;-;94.4	A	9/9	split_3	578325	1	1	25275..27269+;664;unnamed;0
NZ_LR594668.1	-	-	553	0	0	GA	1	526;535098;535616;-;42.0	537;546321;546719;-;59.1	536;546006;546317;-;47.4	535;543448;546009;-;104.6	535;543448;546009;-;112.7	530;538933;539688;-;97.4	529;537111;538706;-;129.9		534;542723;543391;-;149.2	533;541570;542712;-;171.5	531;539706;541097;-;207.7	521;528761;530479;-;181.7	489;493784;495703;+;462.9		conjscan	conjscan_only	A	7/7	canonical	1	0	unscoreable	8	0	0														not_admitted	not_admitted	not_admitted	not_admitted	not_admitted	not_admitted	not_admitted
NZ_LR594670.1	MPF_T	-	67	0	0	GA	1	25;24898;25503;-;24.9	36;35325;35753;-;64.6	35;35011;35322;-;48.8	34;32477;35014;-;103.2	34;32477;35014;-;109.8	29;28124;28897;-;100.9	27;26130;27863;-;138.5		33;31704;32480;-;151.2	32;30786;31691;-;179.5	30;28916;30310;-;220.4	37;35765;36727;-;129.2	12;9591;11504;+;518.3		conjscan	both	A	7/7	canonical	1	0	unscoreable	4	0	0														not_admitted	not_admitted	not_admitted	not_admitted	not_admitted	not_admitted	not_admitted
NZ_LR594672.1	-	-	875	0	0	GA	0															not_admitted	not_admitted	not_admitted	not_admitted	not_admitted	not_admitted	not_admitted	not_admitted	not_admitted	not_admitted	1	89;92888;93934;-;230.3	23;20416;22092;+;155.9	22;19332;20378;+;95.2	16;13195;15807;+;167.7	24;22107;25133;+;193.8	13;10822;12201;+;115.7	16;13195;15807;+;130.8	11;9476;10066;+;80.2	88;91887;92909;-;63.8	87;88343;91819;-;70.8	628;587934;589772;-;372.1	15;12517;13155;+;48.8	628;587934;589772;-;94.4	A	9/9	split_3	578458	1	1	25275..27269+;664;unnamed;0
NZ_LR594674.1	MPF_T	-	67	0	0	GA	1	53;58258;58863;-;24.9	64;68685;69113;-;64.6	63;68371;68682;-;48.8	62;65837;68374;-;103.2	62;65837;68374;-;109.8	57;61484;62257;-;100.9	55;59490;61223;-;138.5		61;65064;65840;-;151.2	60;64146;65051;-;179.5	58;62276;63670;-;220.4	65;69125;70087;-;129.2	40;42975;44888;+;518.3		conjscan	both	A	7/7	canonical	1	0	unscoreable	4	0	0														not_admitted	not_admitted	not_admitted	not_admitted	not_admitted	not_admitted	not_admitted
NZ_LR594677.1	MPF_T	-	115	0	0	GA	1	96;86267;86893;+;60.5	67;56065;56370;+;77.7	68;56386;56709;+;84.6	69;56719;59253;+;207.9	69;56719;59253;+;102.7	70;59258;59977;+;231.6	72;60411;61496;+;165.9		73;61809;62540;+;200.3	74;62537;63415;+;202.0	75;63412;64548;+;198.2	76;64526;65596;+;101.2	77;65818;68412;+;330.4		pfam	both	A	7/7	canonical	1	0	unscoreable	2	0	0														not_admitted	not_admitted	not_admitted	not_admitted	not_admitted	not_admitted	not_admitted
NZ_LR594690.1	-	-	861	0	0	GA	0															not_admitted	not_admitted	not_admitted	not_admitted	not_admitted	not_admitted	not_admitted	not_admitted	not_admitted	not_admitted	1	89;93898;94944;-;230.2	23;20410;22086;+;155.9	22;19326;20372;+;93.1	16;13189;15801;+;167.7	24;22101;25133;+;193.8	13;10816;12195;+;115.7	16;13189;15801;+;130.8	11;9470;10060;+;80.2	88;92897;93919;-;63.8	87;89353;92829;-;70.8	86;87481;89214;-;41.1	15;12511;13149;+;48.8	86;87481;89214;-;38.2	A	9/9	split_2	84428	1	1	25275..27269+;664;unnamed;0
NZ_LR594692.1	-	-	226	0	0	GA	1		177;159743;160024;+;63.7	178;160036;160404;+;87.2	179;160418;162925;+;148.3	179;160418;162925;+;100.9	180;162918;163652;+;160.3	182;163931;164983;+;151.1		183;165137;165859;+;156.6	184;165856;166698;+;183.6	185;166695;168035;+;161.8	186;168004;169152;+;95.8	187;169118;171079;+;358.9		pfam	both	A	7/7	canonical	1	0	unscoreable	1	0	0														not_admitted	not_admitted	not_admitted	not_admitted	not_admitted	not_admitted	not_admitted
NZ_LR595693.1	MPF_T	ColKP3;IncX3	65	0	0	GA	1	45;39527;40171;-;46.4	44;39253;39543;-;73.1	43;36475;39228;-;47.0	43;36475;39228;-;142.4	43;36475;39228;-;73.3	42;35695;36465;-;60.1	40;34361;35416;-;132.8		39;33438;34166;-;119.4	38;32503;33432;-;138.8	37;31292;32506;-;128.3	35;30062;31096;-;65.7	34;28224;30059;-;495.9		pfam	pfam_only	A	7/7	canonical	1	1	unscoreable	2	0	0														not_admitted	not_admitted	not_admitted	not_admitted	not_admitted	not_admitted	not_admitted
NZ_LR699117.1	-	-	86	0	0	GA	0															not_admitted	not_admitted	not_admitted	not_admitted	not_admitted	not_admitted	not_admitted	not_admitted	not_admitted	not_admitted	1	18;13557;14561;+;411.2	24;18522;19928;+;392.6	23;17731;18522;+;211.4	14;9656;12166;+;297.2	25;19945;22728;+;290.3	12;7900;9255;+;108.0	14;9656;12166;+;93.8	10;6647;7210;+;175.0	21;15314;15994;+;99.7	22;15987;17771;+;247.6	26;22732;24603;+;443.9	13;9252;9659;+;50.5	26;22732;24603;+;67.4	A	9/9	contiguous	16085	1	1	22732..24603+;623;unnamed;0
NZ_LR699555.1	MPF_F	-	228	0	0	GA	0															not_admitted	not_admitted	not_admitted	not_admitted	not_admitted	not_admitted	not_admitted	not_admitted	not_admitted	not_admitted	1	78;63120;64148;+;267.1	94;75390;76871;+;178.1	93;74394;75380;+;165.2	87;69599;72175;+;79.4		84;67091;68425;+;78.8	87;69599;72175;+;64.4	82;65536;66135;+;33.6	79;64159;64659;+;62.2	103;87038;88465;+;107.3	109;93892;95946;-;226.2	85;68422;69105;+;26.6	109;93892;95946;-;63.0	B	8/9	contiguous	30772	0	1	
NZ_LR699557.1	-	-	78	0	0	GA	1		27;25788;26141;-;28.0		25;23022;25484;-;57.4	25;23022;25484;-;78.4		23;21175;22221;-;63.4					28;26154;27140;-;128.8	21;17955;19826;-;45.4		none	none	D	4/7	canonical	0	0	unscoreable	3	0	0														not_admitted	not_admitted	not_admitted	not_admitted	not_admitted	not_admitted	not_admitted
NZ_LR723671.1	MPF_T	-	215	0	0	GA	1		142;147812;148192;-;78.4	141;147531;147815;-;67.3	140;145064;147520;-;167.0	140;145064;147520;-;116.8	139;144289;145092;-;48.4	137;142917;144095;-;111.1		136;142233;142895;-;128.4	135;141404;142216;-;191.1	133;139649;140947;-;219.4	143;148182;149153;-;135.4	121;128513;130465;-;548.3		conjscan	conjscan_only	A	7/7	canonical	1	0	unscoreable	14	0	0														not_admitted	not_admitted	not_admitted	not_admitted	not_admitted	not_admitted	not_admitted
NZ_LR723673.1	MPF_T	-	141	0	0	GA	1		98;101374;101778;-;76.7	97;101082;101381;-;58.9	96;98604;101072;-;194.1	96;98604;101072;-;128.9	95;97823;98632;-;43.0	93;96406;97602;-;112.8		92;95711;96388;-;122.6	91;94839;95693;-;186.9	89;93038;94354;-;226.5	99;101768;102739;-;130.3	52;52737;54620;-;549.3		conjscan	conjscan_only	A	7/7	canonical	1	0	unscoreable	3	0	0														not_admitted	not_admitted	not_admitted	not_admitted	not_admitted	not_admitted	not_admitted
NZ_LR740759.1	MPF_F	IncFIB(AP001918);IncFIC(FII)	253	0	0	GA	0															not_admitted	not_admitted	not_admitted	not_admitted	not_admitted	not_admitted	not_admitted	not_admitted	not_admitted	not_admitted	1	191;172586;173578;+;369.3	202;179224;180597;+;380.9	195;176307;177050;+;234.3	188;168950;171577;+;305.4	203;180594;183419;+;385.2	181;165468;166895;+;94.3	188;168950;171577;+;98.5	179;164187;164753;+;184.4	192;173587;174225;+;68.4	193;174222;176030;+;268.0	206;184923;187076;+;391.9	185;167919;168434;+;78.0	206;184923;187076;+;70.4	A	9/9	contiguous	20736	1	1	183416..183925+;169;unnamed;0
NZ_LR740760.1	MPF_F	IncFII(pSE11)	116	0	0	GA	0															not_admitted	not_admitted	not_admitted	not_admitted	not_admitted	not_admitted	not_admitted	not_admitted	not_admitted	not_admitted	1	84;67748;68740;+;369.5	95;74910;76283;+;378.1	91;72946;73689;+;234.4	81;64109;66739;+;302.9	96;76280;78211;+;390.7	74;59413;60840;+;94.1	81;64109;66739;+;96.9	72;58132;58698;+;183.8	86;69369;70007;+;70.1	89;70819;72669;+;266.7	15;9751;12003;+;391.7	78;61962;62477;+;77.9	107;85002;85652;+;73.5	A	9/9	split_2	75251	1	1	78701..79099+;132;unnamed;0
NZ_LR740777.2	MPF_F	IncFIB(AP001918);IncFIC(FII)	130	0	0	GA	0															not_admitted	not_admitted	not_admitted	not_admitted	not_admitted	not_admitted	not_admitted	not_admitted	not_admitted	not_admitted	1	79;85643;86635;-;369.3	68;78624;79997;-;380.9	75;82171;82914;-;235.0	82;87644;90271;-;305.4	67;75802;78627;-;385.2		82;87644;90271;-;98.5		78;84996;85634;-;68.4	77;83191;84999;-;268.0	64;72145;74298;-;391.9	83;90787;91302;-;78.0	64;72145;74298;-;70.4	B	8/9	contiguous	18642	1	1	75296..75805-;169;unnamed;0
NZ_LR745047.1	MPF_T	Col(MG828);IncN	122	0	0	GA	1	13;11659;12555;+;45.1		53;42218;42535;+;63.3	54;42535;45135;+;111.8	54;42535;45135;+;76.4	55;45153;45866;+;105.5	57;46117;47157;+;142.4		58;47376;48074;+;131.9	59;48085;48969;+;159.7	23;22065;23525;+;205.5	61;50171;51166;+;81.2	11;9141;11099;+;355.7		pfam	both	A	7/7	canonical	1	0	unscoreable	14	0	0														not_admitted	not_admitted	not_admitted	not_admitted	not_admitted	not_admitted	not_admitted
NZ_LR778302.1	MPF_F	-	157	0	0	GA	0															not_admitted	not_admitted	not_admitted	not_admitted	not_admitted	not_admitted	not_admitted	not_admitted	not_admitted	not_admitted	1	112;88513;89622;-;388.0	107;83142;84557;-;352.8	24;17700;18515;-;237.7	34;24513;26846;-;210.3	22;13704;16757;-;219.4	37;28291;29043;-;128.0	116;91120;92736;-;119.1	122;97189;97782;-;149.3	111;87858;88496;-;106.9	26;18890;20356;-;142.1	134;106340;108301;-;425.1	118;93789;94391;-;58.0	54;39474;41435;-;77.1	A	9/9	split_2	92636	1	1	13197..13346-;49;unnamed;0
NZ_LR792629.1	MPF_F	IncFIB(K);IncFII(pKP91)	172	0	0	GA	0															not_admitted	not_admitted	not_admitted	not_admitted	not_admitted	not_admitted	not_admitted	not_admitted	not_admitted	not_admitted	1	151;144860;145852;-;366.6	141;137976;139343;-;381.2	145;140600;141352;-;232.2	154;146878;149517;-;259.3	140;135127;137976;-;346.5	162;153103;154527;-;89.1	154;146878;149517;-;88.8	164;155254;155820;-;167.0	150;144209;144847;-;67.0	149;142195;144150;-;259.2	136;131007;133313;-;392.1	160;151916;152473;-;51.5	136;131007;133313;-;66.6	A	9/9	contiguous	24247	1	1	134594..135124-;176;unnamed;0
NZ_LR792630.1	MPF_F	IncFIA(HI1);IncFII(pKP91)	108	0	0	GA	0															not_admitted	not_admitted	not_admitted	not_admitted	not_admitted	not_admitted	not_admitted	not_admitted	not_admitted	not_admitted	1	40;29718;30710;+;366.6	50;36227;37594;+;381.2	46;34218;34970;+;232.2	37;26053;28692;+;259.3	51;37594;40443;+;346.5	29;21043;22467;+;89.1	37;26053;28692;+;88.8	27;19750;20316;+;167.0	41;30723;31361;+;67.0	42;31420;33375;+;259.2	55;42257;44563;+;392.1	31;23097;23654;+;51.5	55;42257;44563;+;66.6	A	9/9	contiguous	22507	1	1	40446..40976+;176;unnamed;0
NZ_LR822049.1	MPF_F	-	118	0	0	GA	0															not_admitted	not_admitted	not_admitted	not_admitted	not_admitted	not_admitted	not_admitted	not_admitted	not_admitted	not_admitted	1	93;80465;81520;+;267.2	105;93026;94435;+;229.7	104;91979;93010;+;212.4	89;75986;78472;+;208.2	106;94455;97688;+;214.9	86;73269;74561;+;117.7	89;75986;78472;+;112.0	84;71618;72271;+;92.3	92;79245;80465;+;45.2	108;98159;100930;+;117.7	78;67225;69138;+;20.5	87;74579;75091;+;67.7	78;67225;69138;+;24.7	A	9/9	contiguous	30934	0	1	
NZ_LR822055.1	MPF_F	IncC	197	0	0	GA	0															not_admitted	not_admitted	not_admitted	not_admitted	not_admitted	not_admitted	not_admitted	not_admitted	not_admitted	not_admitted	1	94;66838;67845;+;332.9	186;150672;152105;+;339.2	185;149642;150670;+;221.7	89;61639;64086;+;354.2	187;152118;155732;+;375.3	84;52812;54128;+;135.0	89;61639;64086;+;128.6	82;51288;51914;+;92.1	92;64908;66173;+;67.6	95;67961;70756;+;145.3	73;45613;47478;+;47.4	85;54125;54703;+;100.2	73;45613;47478;+;52.0	A	9/9	split_2	106505	0	1	
NZ_LR822056.1	MPF_F	-	246	0	0	GA	0															not_admitted	not_admitted	not_admitted	not_admitted	not_admitted	not_admitted	not_admitted	not_admitted	not_admitted	not_admitted	1	127;119361;120368;+;332.9	34;33817;35226;+;229.6	33;32794;33801;+;214.6	122;114162;116609;+;354.2	35;35246;38479;+;215.1	111;100852;102168;+;135.0	122;114162;116609;+;128.6	109;99328;99954;+;92.1	125;117431;118696;+;67.6	128;120484;123279;+;145.3	100;93653;95518;+;47.4	112;102165;102743;+;100.2	100;93653;95518;+;52.0	A	9/9	split_2	87690	0	1	
NZ_LR822057.1	MPF_F	IncC;pKPC-CAV1321	490	0	0	GA	0															not_admitted	not_admitted	not_admitted	not_admitted	not_admitted	not_admitted	not_admitted	not_admitted	not_admitted	not_admitted	1	412;326129;327136;+;332.9	311;248055;249488;+;339.2	310;247025;248053;+;221.7	407;320930;323377;+;354.2	312;249501;253115;+;375.3	402;312103;313419;+;135.0	407;320930;323377;+;128.6	400;310579;311205;+;92.1	410;324199;325464;+;67.6	413;327252;330047;+;145.3	391;304904;306769;+;47.4	403;313416;313994;+;100.2	391;304904;306769;+;52.0	A	9/9	split_2	80227	0	1	
NZ_LR822059.1	MPF_F	IncC;IncFIB(pNDM-Mar);IncHI1B(pNDM-MAR)	458	0	0	GA	0															not_admitted	not_admitted	not_admitted	not_admitted	not_admitted	not_admitted	not_admitted	not_admitted	not_admitted	not_admitted	1	320;286789;287796;-;332.9	426;364437;365870;-;339.2	427;365872;366900;-;221.7	325;290548;292995;-;354.2	425;360810;364424;-;375.3	330;300506;301822;-;135.0	325;290548;292995;-;128.6	332;302720;303346;-;92.1	27;27889;29250;-;69.9	319;283878;286673;-;145.3	157;139562;141688;-;57.8	329;299931;300509;-;100.2	341;307156;309021;-;52.0	A	9/9	split_4	337983	0	1	
NZ_LR828254.1	-	-	221	0	0	GA	0															not_admitted	not_admitted	not_admitted	not_admitted	not_admitted	not_admitted	not_admitted	not_admitted	not_admitted	not_admitted	1	200;189506;190663;-;246.2	214;204244;205674;-;212.0	215;205674;206846;-;201.4	204;192803;195187;-;228.9	213;200827;204228;-;204.8	207;196403;197692;-;111.1	204;192803;195187;-;110.0	209;198756;199367;-;105.3	201;190660;191979;-;39.6	199;183841;189489;-;67.9	85;74583;76436;+;54.6	206;195641;196330;-;63.3	85;74583;76436;+;42.6	A	9/9	split_2	131091	0	1	
NZ_LR828255.1	MPF_T	-	54	0	0	GA	1	5;2308;2898;+;61.8	15;14133;14447;+;76.6	16;14450;14716;+;35.2	17;14783;17353;+;35.0	17;14783;17353;+;110.4	18;17372;18157;+;55.2	20;18937;20415;+;93.3		21;20422;21132;+;129.6	22;21158;22150;+;167.4	23;22166;23509;+;209.6	14;13047;14054;+;116.3	7;6161;8218;+;344.4		conjscan	conjscan_only	A	7/7	canonical	1	0	unscoreable	9	0	0														not_admitted	not_admitted	not_admitted	not_admitted	not_admitted	not_admitted	not_admitted
NZ_LR828258.1	-	-	255	0	0	GA	0															not_admitted	not_admitted	not_admitted	not_admitted	not_admitted	not_admitted	not_admitted	not_admitted	not_admitted	not_admitted	1	232;201229;202386;-;246.3	246;215966;217396;-;212.0	247;217396;218568;-;201.3	236;204526;206910;-;228.9	245;212549;215950;-;204.8	239;208126;209415;-;111.1	236;204526;206910;-;110.0	241;210479;211090;-;105.3	233;202383;203702;-;39.6	231;195563;201250;-;68.0	92;73663;75516;+;54.5	238;207364;208053;-;63.2	92;73663;75516;+;42.6	A	9/9	split_2	143733	0	1	
NZ_LR828259.1	MPF_T	-	54	0	0	GA	1	4;2362;2952;+;62.5	14;14184;14498;+;76.6	15;14501;14767;+;35.2	16;14834;17404;+;35.0	16;14834;17404;+;110.4	17;17423;18208;+;55.2	19;18988;20466;+;93.3		20;20473;21183;+;129.6	21;21209;22201;+;167.4	22;22217;23560;+;209.6	13;13098;14105;+;116.3	6;6212;8269;+;344.4		conjscan	conjscan_only	A	7/7	canonical	1	0	unscoreable	9	0	0														not_admitted	not_admitted	not_admitted	not_admitted	not_admitted	not_admitted	not_admitted
NZ_LR828262.1	MPF_T	-	58	0	0	GA	1	42;34562;35380;-;22.3	40;34031;34321;-;37.8	39;33690;34007;-;66.4	38;31068;33689;-;108.8	38;31068;33689;-;87.3	37;30268;30975;-;107.1	35;28817;29863;-;127.9	34;28526;28708;-;46.6	33;27741;28523;-;117.0	32;26840;27739;-;177.1	31;25707;26843;-;182.0	30;24692;25696;-;74.2	25;18853;20400;+;69.7		pfam	both	A	7/7	canonical	1	0	ga	6	0	0														not_admitted	not_admitted	not_admitted	not_admitted	not_admitted	not_admitted	not_admitted
NZ_LR828263.1	MPF_T	-	50	0	0	GA	1	44;33573;34163;+;62.9	2;2909;3223;+;79.4	3;3225;3491;+;37.1	4;3556;6126;+;37.5	4;3556;6126;+;110.4	5;6146;6925;+;52.9	7;7493;8968;+;84.7		8;8975;9685;+;126.1	9;9711;10703;+;166.9	10;10719;12062;+;209.6	1;1692;2696;+;120.9	46;37425;39482;+;345.0		conjscan	conjscan_only	A	7/7	canonical	1	0	unscoreable	3	0	0														not_admitted	not_admitted	not_admitted	not_admitted	not_admitted	not_admitted	not_admitted
NZ_LR861804.1	MPF_T	-	59	0	0	GA	1	48;39663;40481;-;22.9	46;39132;39422;-;41.4	45;38793;39110;-;66.1	44;36171;38792;-;108.0	44;36171;38792;-;91.1	43;35372;36079;-;106.9	41;33912;34967;-;127.7		40;32840;33622;-;118.0	39;31939;32838;-;177.5	38;30806;31942;-;179.1	37;29791;30816;-;73.7	32;23952;25499;+;69.7		pfam	both	A	7/7	canonical	1	0	unscoreable	6	0	0														not_admitted	not_admitted	not_admitted	not_admitted	not_admitted	not_admitted	not_admitted
NZ_LR878367.1	MPF_F	IncFII(pSE11)	91	0	0	GA	0															not_admitted	not_admitted	not_admitted	not_admitted	not_admitted	not_admitted	not_admitted	not_admitted	not_admitted	not_admitted	1	55;46076;47068;-;369.5	41;37979;39352;-;386.0	48;41557;42300;-;234.4	58;48077;50707;-;297.8	40;35157;37982;-;386.5	66;54152;55579;-;93.9	58;48077;50707;-;98.7	68;56294;56860;-;174.3	53;45094;45732;-;68.6	50;42577;44382;-;267.0	36;30663;32915;-;382.0	63;52753;53268;-;78.4	36;30663;32915;-;66.8	A	9/9	contiguous	25631	1	1	34651..35160-;169;unnamed;0
NZ_LR880737.1	MPF_F	IncFII	83	0	0	GA	0															not_admitted	not_admitted	not_admitted	not_admitted	not_admitted	not_admitted	not_admitted	not_admitted	not_admitted	not_admitted	1	59;43607;44599;+;369.5	69;50378;51751;+;381.7	64;47705;48448;+;234.4	56;39968;42598;+;304.1	70;51748;54570;+;374.0	49;35518;36969;+;94.2	56;39968;42598;+;97.1	47;34237;34803;+;174.3	61;44943;45581;+;68.6	62;45578;47428;+;266.1	74;56842;59031;+;391.2	52;37829;38344;+;78.4	74;56842;59031;+;70.3	A	9/9	contiguous	22605	1	1	54592..55071+;159;TraS;0
NZ_LR881464.1	MPF_F	IncFIB(S);IncFII(S);IncFII(pAR0022)	116	0	0	GA	0															not_admitted	not_admitted	not_admitted	not_admitted	not_admitted	not_admitted	not_admitted	not_admitted	not_admitted	not_admitted	1	2;1044;2036;-;366.7	109;88341;89723;-;392.4	112;90755;91504;-;231.0	5;3023;5671;-;314.1	108;85522;88344;-;394.4	13;8204;9625;-;91.5	5;3023;5671;-;97.8	15;10352;10918;-;185.6	0;94;732;-;70.6	114;91742;93568;-;271.0	105;81625;83868;-;374.0	10;6883;7398;-;96.7	105;81625;83868;-;72.0	A	9/9	split_2	91648	1	1	85012..85500-;162;TraS;0
NZ_LR881935.1	MPF_F	IncHI1B(pNDM-CIT)	314	0	0	GA	0															not_admitted	not_admitted	not_admitted	not_admitted	not_admitted	not_admitted	not_admitted	not_admitted	not_admitted	not_admitted	1	31;36520;37575;+;278.1	211;209762;211177;-;200.0	212;211167;212213;-;168.3	14;15387;18068;+;156.8	210;205764;209753;-;103.1		14;15387;18068;+;73.5		29;34867;36375;+;62.3	32;37594;40770;+;57.9				C	7/9	split_2	195780	0	1	
NZ_LR881937.1	MPF_F	IncFIB(pB171);IncFII(29)	117	0	0	GA	0															not_admitted	not_admitted	not_admitted	not_admitted	not_admitted	not_admitted	not_admitted	not_admitted	not_admitted	not_admitted	1	60;70502;71488;-;361.7	53;64662;66044;-;377.1	57;67243;67998;-;215.6	63;72476;75106;-;289.3	52;61804;64662;-;330.8	66;75970;77373;-;88.6	63;72476;75106;-;97.4	68;78090;78656;-;162.2	59;69864;70487;-;67.2	58;68008;69867;-;251.8	49;58227;60494;-;384.6	65;75413;75949;-;60.1	49;58227;60494;-;64.8	A	9/9	contiguous	19863	0	1	
NZ_LR882051.1	MPF_T	IncFIB(AP001918);IncFIB(K)	109	0	0	GA	1	80;67233;67895;+;48.3	81;67906;68205;+;36.6	82;68215;70965;+;60.6	82;68215;70965;+;134.0	82;68215;70965;+;48.6	83;70984;71700;+;137.0	85;72014;73021;+;137.8		87;73231;73917;+;158.3	88;73910;74803;+;147.4	89;74800;75996;+;134.7	90;76000;77049;+;71.5	97;81787;83694;+;24.3		pfam	pfam_only	A	7/7	canonical	1	1	unscoreable	8	0	0														not_admitted	not_admitted	not_admitted	not_admitted	not_admitted	not_admitted	not_admitted
NZ_LR882056.1	MPF_T	IncX1	55	0	0	GA	1	23;12623;13270;+;45.2	24;13248;13544;+;77.1	25;13563;16316;+;46.6	25;13563;16316;+;148.0	25;13563;16316;+;75.3	26;16327;17076;+;67.5	28;17387;18448;+;135.2		29;18693;19406;+;120.0	30;19411;20340;+;133.8	31;20337;21542;+;132.5	32;21544;22575;+;79.0	33;22578;24413;+;489.3		pfam	pfam_only	A	7/7	canonical	1	1	unscoreable	1	0	0														not_admitted	not_admitted	not_admitted	not_admitted	not_admitted	not_admitted	not_admitted
NZ_LR882059.1	MPF_F	IncFIB(AP001918);IncFII	89	0	0	GA	0															not_admitted	not_admitted	not_admitted	not_admitted	not_admitted	not_admitted	not_admitted	not_admitted	not_admitted	not_admitted	1	62;55253;56245;+;369.3	75;62637;64010;+;375.4	68;59686;60429;+;231.9	59;51614;54244;+;306.8	76;64007;66826;+;385.3	51;47155;48582;+;94.3	59;51614;54244;+;99.7	49;45874;46440;+;183.8	63;56254;56892;+;68.9	66;57604;59409;+;265.1	79;68358;70598;+;389.1	54;49463;49978;+;78.4	79;68358;70598;+;70.3	A	9/9	contiguous	22484	1	1	66851..67342+;163;TraS;0
NZ_LR882060.1	MPF_T	IncX1;IncX3	56	0	0	GA	1	42;40258;40905;-;45.2	41;39984;40280;-;77.5	40;37212;39965;-;47.3	40;37212;39965;-;148.0	40;37212;39965;-;73.5	39;36443;37201;-;67.3	37;35016;36146;-;103.0		36;34057;34770;-;120.0	35;33123;34052;-;134.9	34;31921;33126;-;133.4	33;30888;31919;-;77.9	32;29050;30885;-;488.6		pfam	pfam_only	A	7/7	canonical	1	1	unscoreable	1	0	0														not_admitted	not_admitted	not_admitted	not_admitted	not_admitted	not_admitted	not_admitted
NZ_LR882061.1	MPF_F	IncFII	54	0	0	GA	0															not_admitted	not_admitted	not_admitted	not_admitted	not_admitted	not_admitted	not_admitted	not_admitted	not_admitted	not_admitted	1				45;32465;35104;+;252.3		43;30610;31944;+;97.1	45;32465;35104;+;118.2	41;29285;29863;+;126.1			45;32465;35104;+;23.4	44;31956;32468;+;60.3		D	3/9	contiguous	3180	0	0	
NZ_LR882495.1	MPF_T	IncI2(Delta)	83	0	0	GA	1	42;31408;31890;-;81.1	58;47887;48177;-;28.9	57;47496;47780;-;36.5	56;45133;47490;-;60.7	56;45133;47490;-;44.1	68;52924;53565;-;42.8	69;53571;54566;-;128.5		54;44233;44967;-;144.4	53;43466;44236;-;170.5	52;42337;43476;-;154.7	45;33658;35196;-;207.1	50;39273;41231;-;287.0		pfam	pfam_only	A	7/7	rearranged	1	0	unscoreable	15	1	0														not_admitted	not_admitted	not_admitted	not_admitted	not_admitted	not_admitted	not_admitted
NZ_LR882980.1	MPF_F	IncFII	87	0	0	GA	0															not_admitted	not_admitted	not_admitted	not_admitted	not_admitted	not_admitted	not_admitted	not_admitted	not_admitted	not_admitted	1	56;44390;45382;+;369.8	72;53681;55054;+;382.3	65;50485;51477;+;232.1	53;40751;43381;+;302.4	73;55051;57867;+;374.0	46;36914;38365;+;90.8	53;40751;43381;+;97.9	44;35633;36199;+;175.1	61;47200;47838;+;69.8	64;48650;50458;+;267.7	77;60168;62411;+;391.7	50;39469;39984;+;78.8	77;60168;62411;+;70.4	A	9/9	contiguous	24535	1	1	57900..58421+;173;unnamed;0
NZ_LR882998.1	MPF_F	IncFIB(AP001918);IncFII;IncFII(pCoo)	451	0	0	GA	0															not_admitted	not_admitted	not_admitted	not_admitted	not_admitted	not_admitted	not_admitted	not_admitted	not_admitted	not_admitted	1	82;62379;63371;+;369.8	434;362249;363625;+;382.7	90;67889;68632;+;234.4	79;58741;61371;+;302.0	98;72207;75026;+;373.5	196;158895;160346;+;93.8	205;164762;166243;+;100.4	194;157614;158180;+;174.3	85;64313;64951;+;70.8	88;65762;67612;+;270.8	104;79010;81316;+;391.6	199;161206;161721;+;82.8	439;368689;370950;+;70.3	A	9/9	split_3	309948	1	1	75051..75542+;163;TraS;0
NZ_LR883005.1	MPF_F	IncFII(pCoo)	101	0	0	GA	0															not_admitted	not_admitted	not_admitted	not_admitted	not_admitted	not_admitted	not_admitted	not_admitted	not_admitted	not_admitted	1	72;56232;57224;+;369.8	84;63559;64935;+;382.7	80;61556;62329;+;234.8	69;52593;55223;+;303.6	85;64932;67757;+;374.0	62;48756;50207;+;92.5	69;52593;55223;+;98.2	60;47475;48041;+;175.1	75;58051;58689;+;70.0	78;59501;61309;+;267.8	92;71419;73533;+;394.2	66;51311;51826;+;78.2	92;71419;73533;+;70.4	A	9/9	contiguous	23944	1	1	67754..68263+;169;unnamed;0
NZ_LR883009.1	MPF_F	IncFII(pCoo)	101	0	0	GA	0															not_admitted	not_admitted	not_admitted	not_admitted	not_admitted	not_admitted	not_admitted	not_admitted	not_admitted	not_admitted	1	81;64797;65783;+;355.4	87;70016;71377;+;343.5	85;68605;69384;+;193.9	78;61113;63704;+;215.2	88;71379;74261;+;289.0	73;58160;59524;+;82.6	78;61113;63704;+;88.2	71;56880;57443;+;136.5	83;66159;66773;+;82.6	84;66770;68608;+;259.4	91;75895;78126;+;371.9	77;60503;61102;+;46.6	91;75895;78126;+;68.9	A	9/9	contiguous	19015	1	1	74271..74846+;191;unnamed;0
NZ_LR883010.1	MPF_F	IncFII(Yp)	91	0	0	GA	0															not_admitted	not_admitted	not_admitted	not_admitted	not_admitted	not_admitted	not_admitted	not_admitted	not_admitted	not_admitted	1	38;27508;28494;+;355.4	62;46735;48102;+;342.4	59;44803;45582;+;190.1	35;23824;26415;+;215.6	63;48104;50989;+;288.5	32;21408;22772;+;83.3	35;23824;26415;+;88.0	30;20128;20691;+;137.4	40;28870;29484;+;82.6	41;29481;31319;+;262.2	66;52618;54867;+;372.4	34;23214;23813;+;53.1	66;52618;54867;+;62.8	A	9/9	contiguous	32490	1	1	51001..51561+;186;unnamed;0
NZ_LR883011.1	MPF_F	IncFII(29)	72	0	0	GA	0															not_admitted	not_admitted	not_admitted	not_admitted	not_admitted	not_admitted	not_admitted	not_admitted	not_admitted	not_admitted	1	36;25370;26362;+;369.5	49;32773;34146;+;382.9	43;30096;30839;+;234.4	33;21731;24361;+;300.9	50;34143;36965;+;385.9	24;16255;17682;+;93.9	33;21731;24361;+;101.1	22;14974;15540;+;182.3	38;26706;27344;+;68.6	41;28056;29819;+;267.2	53;38499;40688;+;382.1	28;18802;19317;+;81.5	53;38499;40688;+;66.8	A	9/9	contiguous	23525	1	1	36986..37483+;165;TraS;0
NZ_LR883013.1	MPF_F	IncFIB(AP001918);IncFII(pCoo)	153	0	0	GA	0															not_admitted	not_admitted	not_admitted	not_admitted	not_admitted	not_admitted	not_admitted	not_admitted	not_admitted	not_admitted	1	63;54282;55274;+;369.8	79;63386;64762;+;382.3	75;61416;62159;+;233.4	60;50643;53273;+;302.4	80;64759;67584;+;372.2	98;84734;86185;-;92.5	60;50643;53273;+;98.7	100;86900;87466;-;175.1	70;57881;58519;+;70.1	73;59331;61139;+;267.9	84;69826;72087;+;391.6	94;83115;83630;-;76.1	84;69826;72087;+;70.3	A	9/9	contiguous	36257	1	1	67581..68090+;169;unnamed;0
NZ_LR883014.1	MPF_F	IncFII(pCoo)	97	0	0	GA	0															not_admitted	not_admitted	not_admitted	not_admitted	not_admitted	not_admitted	not_admitted	not_admitted	not_admitted	not_admitted	1	87;81932;82918;+;354.1			84;78248;80839;+;214.5		81;75831;77195;+;78.6	84;78248;80839;+;88.0	79;74550;75113;+;135.5				83;77638;78237;+;51.7		D	4/9	contiguous	7382	0	0	
NZ_LR883052.1	MPF_F	IncFIB(AP001918);IncFII(pRSB107)	107	0	0	GA	0															not_admitted	not_admitted	not_admitted	not_admitted	not_admitted	not_admitted	not_admitted	not_admitted	not_admitted	not_admitted	1	35;29292;30284;-;369.8			59;43367;45379;-;300.4		47;36308;37210;-;90.8	38;31293;32774;-;101.0	69;49931;50497;-;174.6			38;31293;32774;-;24.1	43;34689;35204;-;75.7		D	4/9	contiguous	20639	0	0	
NZ_LR890179.1	MPF_F	IncHI1B(pNDM-MAR);repB	313	0	0	GA	0															not_admitted	not_admitted	not_admitted	not_admitted	not_admitted	not_admitted	not_admitted	not_admitted	not_admitted	not_admitted	1		272;271139;272548;-;190.4	273;272538;273575;-;176.7	211;221407;224265;-;302.5	271;267223;271137;-;120.2								223;231234;232706;-;47.4	D	4/9	split_2	51131	0	0	
NZ_LR890183.1	MPF_F	IncA	171	0	0	GA	0															not_admitted	not_admitted	not_admitted	not_admitted	not_admitted	not_admitted	not_admitted	not_admitted	not_admitted	not_admitted	1	96;65779;66783;+;330.1	159;115648;117081;+;336.4	158;114606;115646;+;224.0	91;60574;63021;+;350.7	160;117094;120699;+;377.7	86;51747;53063;+;136.3	91;60574;63021;+;130.4	84;50223;50849;+;93.9	94;63843;65111;+;69.7	97;66934;69672;+;138.7	75;44568;46433;+;46.9	87;53060;53638;+;98.1	75;44568;46433;+;51.6	A	9/9	split_2	72526	0	1	
NZ_LR890186.1	MPF_F	IncFIB(K);IncFII(pKP91)	254	0	0	GA	0															not_admitted	not_admitted	not_admitted	not_admitted	not_admitted	not_admitted	not_admitted	not_admitted	not_admitted	not_admitted	1	187;188208;189197;-;363.3	176;181022;182389;-;382.2	180;183647;184399;-;236.4	191;190654;193293;-;259.2	175;178173;181022;-;342.9	201;197260;198684;-;89.2	191;190654;193293;-;87.3	203;199411;199977;-;169.3	185;187285;187932;-;65.9	184;185271;187226;-;259.5	171;174079;176361;-;393.3	199;196064;196648;-;53.8	171;174079;176361;-;65.9	A	9/9	contiguous	25332	1	1	177640..178170-;176;unnamed;0
NZ_LR890191.1	MPF_F	IncFIB(K);IncFII(K)	248	0	0	GA	0															not_admitted	not_admitted	not_admitted	not_admitted	not_admitted	not_admitted	not_admitted	not_admitted	not_admitted	not_admitted	1	202;207984;208973;-;363.3	191;200798;202165;-;382.2	195;203423;204175;-;236.4	206;210430;213069;-;259.0	190;197955;200798;-;342.9	217;217036;218460;-;88.8	206;210430;213069;-;87.6	219;219187;219753;-;167.9	200;207061;207708;-;65.9	199;205047;207002;-;259.5	186;193058;195370;-;392.8	214;215840;216424;-;53.8	186;193058;195370;-;65.9	A	9/9	contiguous	26129	1	1	197420..197944-;174;unnamed;0
NZ_LR890192.1	MPF_F	IncFIB(pNDM-Mar);RepB	252	0	0	GA	0															not_admitted	not_admitted	not_admitted	not_admitted	not_admitted	not_admitted	not_admitted	not_admitted	not_admitted	not_admitted	1	176;144970;146007;-;283.1	81;53708;55063;+;188.4	80;52624;53661;+;173.2	187;156841;159558;-;151.5	82;55038;59009;+;121.3	191;161671;163044;-;63.3	187;156841;159558;-;84.3	194;164690;165550;-;79.1	177;146004;147365;-;70.4	175;141778;144960;-;59.2	72;43313;45439;-;57.2	188;159603;160340;-;59.2	72;43313;45439;-;41.1	A	9/9	split_2	121377	0	1	
NZ_LR890193.1	MPF_F	IncFIA(pBK30683);IncFII(pKP91)	140	0	0	GA	0															not_admitted	not_admitted	not_admitted	not_admitted	not_admitted	not_admitted	not_admitted	not_admitted	not_admitted	not_admitted	1	112;92293;93285;+;362.9	123;99293;100660;+;382.8	118;96839;97591;+;236.0	109;88628;91267;+;259.1	124;100660;103503;+;345.8	99;83402;84826;+;89.2	109;88628;91267;+;83.9	97;82109;82675;+;168.4	113;93298;93936;+;66.0	114;93995;95950;+;255.2	128;106090;108399;+;393.1	101;85438;86007;+;53.7	128;106090;108399;+;66.6	A	9/9	contiguous	23981	1	1	103514..104038+;174;unnamed;0
NZ_LR890203.1	MPF_F	IncFIB(K);IncFII(K)	240	0	0	GA	0															not_admitted	not_admitted	not_admitted	not_admitted	not_admitted	not_admitted	not_admitted	not_admitted	not_admitted	not_admitted	1	194;199544;200533;-;363.3	183;192358;193725;-;382.2	187;194983;195735;-;236.4	198;201990;204629;-;259.0	182;189515;192358;-;342.9	209;208596;210020;-;88.8	198;201990;204629;-;87.6	211;210747;211313;-;167.9	192;198621;199268;-;65.9	191;196607;198562;-;259.5	178;184618;186930;-;392.8	206;207400;207984;-;53.8	178;184618;186930;-;65.9	A	9/9	contiguous	26129	1	1	188980..189504-;174;unnamed;0
NZ_LR890205.1	MPF_F	IncFIB(K);IncFII(K)	264	0	0	GA	0															not_admitted	not_admitted	not_admitted	not_admitted	not_admitted	not_admitted	not_admitted	not_admitted	not_admitted	not_admitted	1	218;221789;222778;-;363.3	207;214603;215970;-;382.2	211;217228;217980;-;236.4	222;224235;226874;-;259.0	206;211760;214603;-;342.9	233;230841;232265;-;88.8	222;224235;226874;-;87.6	235;232992;233558;-;167.9	216;220866;221513;-;65.9	215;218852;220807;-;259.5	202;206863;209175;-;392.8	230;229645;230229;-;53.8	202;206863;209175;-;65.9	A	9/9	contiguous	26129	1	1	211225..211749-;174;unnamed;0
NZ_LR890210.1	MPF_F	IncFIB(K);IncFII(K);IncFII(pAR0022)	215	0	0	GA	0															not_admitted	not_admitted	not_admitted	not_admitted	not_admitted	not_admitted	not_admitted	not_admitted	not_admitted	not_admitted	1	129;127412;128404;-;363.2	119;120498;121865;-;384.5	123;123123;123875;-;233.7	132;129430;132069;-;259.0	118;117655;120498;-;346.4	139;135444;136868;-;89.3	132;129430;132069;-;88.7	141;137595;138161;-;167.0	128;126761;127399;-;66.0	127;124747;126702;-;259.6	113;112653;114965;-;392.5	138;134786;135370;-;54.4	113;112653;114965;-;66.6	A	9/9	contiguous	24942	1	1	117111..117644-;177;unnamed;0
NZ_LR890231.1	MPF_F	IncFIB(K);IncFII(K)	248	0	0	GA	0															not_admitted	not_admitted	not_admitted	not_admitted	not_admitted	not_admitted	not_admitted	not_admitted	not_admitted	not_admitted	1	202;207179;208168;-;363.3	191;199993;201360;-;382.2	195;202618;203370;-;236.4	206;209625;212264;-;259.0	190;197150;199993;-;342.9	217;216231;217655;-;88.8	206;209625;212264;-;87.6	219;218382;218948;-;167.9	200;206256;206903;-;65.9	199;204242;206197;-;259.5	186;192253;194565;-;392.8	214;215035;215619;-;53.8	186;192253;194565;-;65.9	A	9/9	contiguous	26129	1	1	196615..197139-;174;unnamed;0
NZ_LR890255.1	MPF_F	IncFIB(K);IncFII(pKP91)	166	0	0	GA	0															not_admitted	not_admitted	not_admitted	not_admitted	not_admitted	not_admitted	not_admitted	not_admitted	not_admitted	not_admitted	1	119;122269;123258;-;363.6	108;115083;116450;-;381.6	112;117708;118460;-;231.2	123;124715;127354;-;254.3	107;112234;115083;-;346.5	130;130370;131794;-;88.1	123;124715;127354;-;88.3	132;132521;133087;-;169.3	117;121346;121993;-;65.9	116;119332;121287;-;259.7	103;107486;109768;-;393.1	128;129174;129758;-;52.9	103;107486;109768;-;66.6	A	9/9	contiguous	25035	1	1	111701..112231-;176;unnamed;0
NZ_LR890256.1	MPF_F	IncC	151	0	0	GA	0															not_admitted	not_admitted	not_admitted	not_admitted	not_admitted	not_admitted	not_admitted	not_admitted	not_admitted	not_admitted	1	123;100221;100781;+;94.5	140;117002;118435;+;339.2	139;115972;117000;+;221.7	118;95022;97469;+;354.5	141;118448;122062;+;375.3	112;86166;87482;+;135.0	118;95022;97469;+;128.3	110;84642;85268;+;92.7	121;98291;99556;+;67.9		101;78967;80832;+;47.3	113;87479;88057;+;100.2	101;78967;80832;+;52.0	B	8/9	contiguous	39481	0	0	
NZ_LR890258.1	MPF_F	IncFII(pSE11)	84	0	0	GA	0															not_admitted	not_admitted	not_admitted	not_admitted	not_admitted	not_admitted	not_admitted	not_admitted	not_admitted	not_admitted	1	56;43550;44542;+;369.5	68;50596;51969;+;381.7	61;47648;48391;+;234.4	53;39911;42541;+;297.8	69;51966;54791;+;374.0	46;35442;36869;+;93.9	53;39911;42541;+;98.7	44;34161;34727;+;174.3	58;44886;45524;+;67.3	59;45521;47371;+;266.9	73;57033;59240;+;391.8	49;37753;38268;+;78.4	73;57033;59240;+;70.4	A	9/9	contiguous	22872	1	1	54788..55297+;169;unnamed;0
NZ_LR890271.1	MPF_F	IncFIB(AP001918);IncFII	138	0	0	GA	0															not_admitted	not_admitted	not_admitted	not_admitted	not_admitted	not_admitted	not_admitted	not_admitted	not_admitted	not_admitted	1	40;37091;38083;-;369.3	29;29668;31044;-;381.0	34;32631;33374;-;235.0	43;39092;41719;-;304.6	28;26849;29671;-;389.2	50;43871;45298;-;94.3	43;39092;41719;-;99.2	52;46013;46579;-;183.8	37;35456;36094;-;68.6	36;33651;35459;-;268.0	25;23144;25315;-;391.6	46;42235;42750;-;78.4	25;23144;25315;-;70.4	A	9/9	contiguous	22869	1	1	26331..26828-;165;TraS;0
NZ_LR890289.1	MPF_F	IncFIA;IncFIB(AP001918);IncFII	199	0	0	GA	0															not_admitted	not_admitted	not_admitted	not_admitted	not_admitted	not_admitted	not_admitted	not_admitted	not_admitted	not_admitted	1	127;115171;116163;-;367.4	114;105526;106899;-;380.9	123;111699;112442;-;235.0	130;117172;119799;-;305.4	113;104402;105529;-;306.2	136;121854;123281;-;94.3	130;117172;119799;-;98.5	138;123996;124562;-;183.8	126;114524;115162;-;68.6	125;112719;114527;-;268.3	106;96549;98738;-;391.3	132;120315;120830;-;78.4	106;96549;98738;-;70.4	A	9/9	contiguous	27447	1	1	103969..104373-;134;unnamed;0
NZ_LR890290.1	MPF_F	IncFII	73	0	0	GA	0															not_admitted	not_admitted	not_admitted	not_admitted	not_admitted	not_admitted	not_admitted	not_admitted	not_admitted	not_admitted	1	44;33653;34645;+;369.5	59;43175;44548;+;381.7	54;40502;41245;+;234.4	41;30014;32644;+;297.8	60;44545;47367;+;374.0	34;25545;26972;+;93.9	41;30014;32644;+;98.7	32;24264;24830;+;174.8	49;36924;37562;+;71.4	52;38375;40225;+;266.9	64;49639;51828;+;391.2	37;27856;28371;+;78.4	64;49639;51828;+;70.3	A	9/9	contiguous	25375	1	1	47389..47868+;159;TraS;0
NZ_LR890295.1	MPF_T	IncI2	86	0	0	GA	1	48;33534;34016;-;81.1		62;49593;49877;-;36.5	61;47230;49587;-;59.8	61;47230;49587;-;45.0	73;55440;56087;-;41.6	74;56093;57079;-;120.4		60;46332;47066;-;144.3	59;45565;46335;-;169.8	58;44436;45575;-;154.7	51;35785;37323;-;207.1	56;41388;43346;-;287.0		pfam	pfam_only	A	7/7	rearranged	1	0	unscoreable	15	0	0														not_admitted	not_admitted	not_admitted	not_admitted	not_admitted	not_admitted	not_admitted
NZ_LR890300.1	MPF_F	Col156;IncFIA;IncFIB(AP001918);IncFII(pRSB107)	185	0	0	GA	0															not_admitted	not_admitted	not_admitted	not_admitted	not_admitted	not_admitted	not_admitted	not_admitted	not_admitted	not_admitted	1	119;107452;108444;-;369.5	106;98320;99693;-;386.6	114;103603;104346;-;231.4	122;109453;112080;-;303.9	105;95504;98323;-;386.3	128;113965;115416;-;94.1	122;109453;112080;-;96.5	130;116131;116697;-;184.3	117;106470;107108;-;68.7	116;104623;106473;-;266.7	101;91039;93246;-;391.8	125;112596;113111;-;75.2	101;91039;93246;-;70.3	A	9/9	contiguous	25092	1	1	94988..95479-;163;TraS;0
NZ_LR890301.1	MPF_F	IncFII(pSE11)	84	0	0	GA	0															not_admitted	not_admitted	not_admitted	not_admitted	not_admitted	not_admitted	not_admitted	not_admitted	not_admitted	not_admitted	1	56;43550;44542;+;369.5	68;50596;51969;+;381.7	61;47648;48391;+;234.4	53;39911;42541;+;297.8	69;51966;54791;+;374.0	46;35442;36869;+;93.9	53;39911;42541;+;98.7	44;34161;34727;+;174.3	58;44886;45524;+;67.3	59;45521;47371;+;266.9	73;57033;59240;+;391.8	49;37753;38268;+;78.4	73;57033;59240;+;70.4	A	9/9	contiguous	22872	1	1	54788..55297+;169;unnamed;0
NZ_LR890303.1	MPF_T	IncX4	45	0	0	GA	1	4;5031;5651;-;45.2	3;4691;5017;-;64.4	2;1925;4672;-;62.7	2;1925;4672;-;152.1	2;1925;4672;-;46.1	1;1197;1913;-;97.3	0;107;1186;-;157.5		44;29562;30248;-;167.2	43;28657;29565;-;142.4	42;27546;28664;-;163.7	41;26516;27544;-;85.0	40;24667;26484;-;317.4		pfam	pfam_only	A	7/7	canonical	1	1	unscoreable	0	0	0														not_admitted	not_admitted	not_admitted	not_admitted	not_admitted	not_admitted	not_admitted
NZ_LR890313.1	MPF_F	IncFIB(pNDM-Mar);IncHI1B(pNDM-MAR)	231	0	0	GA	0															not_admitted	not_admitted	not_admitted	not_admitted	not_admitted	not_admitted	not_admitted	not_admitted	not_admitted	not_admitted	1	161;137026;138063;-;282.3	74;54906;56315;+;190.4	73;53879;54916;+;176.7	174;148895;151612;-;149.4	75;56317;60225;+;121.7	178;153725;155095;-;63.4	174;148895;151612;-;85.2	181;156741;157601;-;77.1	162;138060;139421;-;69.9	160;133834;137016;-;59.7	65;44555;46681;-;57.8	175;151657;152394;-;56.9	65;44555;46681;-;41.0	A	9/9	split_2	112186	0	1	
NZ_LR890325.1	MPF_T	IncR	148	0	0	GA	1	37;34730;35392;+;48.3	38;35403;35702;+;36.6	39;35712;38462;+;61.8	39;35712;38462;+;134.0	39;35712;38462;+;47.3	40;38481;39197;+;137.0	42;39511;40518;+;137.8		103;98462;99145;+;190.3	104;99145;100050;+;153.7	105;100093;101346;+;144.3	47;43497;44546;+;71.5	111;104449;106185;+;47.3		pfam	pfam_only	A	7/7	canonical	1	1	unscoreable	12	0	0														not_admitted	not_admitted	not_admitted	not_admitted	not_admitted	not_admitted	not_admitted
NZ_LR890328.1	MPF_F	IncFII(pSE11)	84	0	0	GA	0															not_admitted	not_admitted	not_admitted	not_admitted	not_admitted	not_admitted	not_admitted	not_admitted	not_admitted	not_admitted	1	56;43550;44542;+;369.5	68;50596;51969;+;381.7	61;47648;48391;+;234.4	53;39911;42541;+;297.8	69;51966;54791;+;374.0	46;35442;36869;+;93.9	53;39911;42541;+;98.7	44;34161;34727;+;174.3	58;44886;45524;+;67.3	59;45521;47371;+;266.9	73;57033;59240;+;391.8	49;37753;38268;+;78.4	73;57033;59240;+;70.4	A	9/9	contiguous	22872	1	1	54788..55297+;169;unnamed;0
NZ_LR890337.1	MPF_F	IncFII	73	0	0	GA	0															not_admitted	not_admitted	not_admitted	not_admitted	not_admitted	not_admitted	not_admitted	not_admitted	not_admitted	not_admitted	1	49;37196;38188;+;369.5	59;43967;45340;+;381.7	54;41294;42037;+;234.4	46;33557;36187;+;302.6	60;45337;48159;+;374.0	38;28704;30155;+;94.2	46;33557;36187;+;97.1	36;27423;27989;+;174.3	51;38532;39170;+;68.6	52;39167;41017;+;266.1	64;50431;52647;+;391.2	41;31015;31530;+;78.4	64;50431;52647;+;70.3	A	9/9	contiguous	23008	1	1	48181..48660+;159;TraS;0
NZ_LR890344.1	MPF_F	IncFIB(K);IncFII(K)	271	0	0	GA	0															not_admitted	not_admitted	not_admitted	not_admitted	not_admitted	not_admitted	not_admitted	not_admitted	not_admitted	not_admitted	1	225;222825;223814;-;363.2	214;215639;217006;-;382.2	218;218264;219016;-;236.4	229;225271;227910;-;259.0	213;212796;215639;-;342.9	240;231877;233301;-;88.8	229;225271;227910;-;87.6	242;234028;234594;-;167.9	223;221902;222549;-;65.9	222;219888;221843;-;259.5	209;207898;210210;-;392.8	237;230681;231265;-;53.8	209;207898;210210;-;65.9	A	9/9	contiguous	26130	1	1	212261..212785-;174;unnamed;0
NZ_LR890350.1	MPF_F	IncHI1A;IncHI1B(R27)	289	0	0	GA	0															not_admitted	not_admitted	not_admitted	not_admitted	not_admitted	not_admitted	not_admitted	not_admitted	not_admitted	not_admitted	1	15;14857;15909;+;277.6	214;226398;227813;-;201.5	215;227803;228849;-;172.2	284;291698;294379;+;160.6	213;222400;226389;-;102.8	280;287992;289350;+;84.0	284;291698;294379;+;76.5	277;285540;286325;+;68.7	13;13204;14712;+;65.6	16;15932;19108;+;58.9	221;235784;237868;+;50.2	283;290739;291689;+;45.2	221;235784;237868;+;36.5	A	9/9	split_3	278494	1	1	220810..221733-;307;unnamed;0
NZ_LR890351.1	MPF_T	IncN3	75	0	0	GA	1	44;34690;35472;-;33.3	42;34147;34443;-;36.0	41;33790;34107;-;71.9	40;31216;33789;-;118.0	40;31216;33789;-;74.2	39;30499;31200;-;98.9	37;29193;30230;-;121.9	36;28985;29116;-;40.1	35;28279;28974;-;132.6	34;27381;28268;-;147.8	33;26248;27381;-;166.3	32;25196;26197;-;90.1	26;17972;19504;+;52.0		pfam	both	A	7/7	canonical	1	0	ga	7	0	0														not_admitted	not_admitted	not_admitted	not_admitted	not_admitted	not_admitted	not_admitted
NZ_LR890355.1	MPF_T	IncN3;IncR	127	0	0	GA	1	89;71863;72645;+;33.3	91;72892;73188;+;36.0	92;73228;73545;+;71.9	93;73546;76119;+;118.0	93;73546;76119;+;74.2	94;76135;76836;+;98.9	96;77105;78142;+;121.9	97;78219;78350;+;40.1	98;78361;79056;+;132.6	99;79067;79954;+;147.8	100;79954;81087;+;166.3	101;81138;82139;+;90.1	107;87831;89363;-;52.0		pfam	both	A	7/7	canonical	1	0	ga	7	0	0														not_admitted	not_admitted	not_admitted	not_admitted	not_admitted	not_admitted	not_admitted
NZ_LR890357.1	MPF_F	IncFIB(K);IncFII(pKP91);IncR	212	0	0	GA	0															not_admitted	not_admitted	not_admitted	not_admitted	not_admitted	not_admitted	not_admitted	not_admitted	not_admitted	not_admitted	1	138;135123;136112;-;359.3	127;127937;129304;-;382.2	131;130562;131314;-;236.4	142;137569;140208;-;259.0	126;125088;127937;-;342.9	153;144176;145600;-;88.8	142;137569;140208;-;88.7	155;146327;146893;-;167.9	136;134200;134847;-;65.9	135;132186;134141;-;259.5	122;120994;123276;-;393.3	150;142980;143564;-;53.8	122;120994;123276;-;65.9	A	9/9	contiguous	25333	1	1	124555..125085-;176;unnamed;0
NZ_LR890361.1	MPF_F	IncFIB(K);IncFII(K);IncFII(pAR0022)	253	0	0	GA	0															not_admitted	not_admitted	not_admitted	not_admitted	not_admitted	not_admitted	not_admitted	not_admitted	not_admitted	not_admitted	1	168;166996;167985;-;366.6	158;160112;161479;-;381.2	162;162736;163488;-;231.5	172;169428;172067;-;256.8	157;157263;160112;-;345.0	179;175263;176687;-;89.2	172;169428;172067;-;88.8	181;177414;177980;-;169.3	167;166345;166983;-;67.0	166;164331;166286;-;259.2	152;152491;154803;-;393.1	178;174565;175149;-;54.3	152;152491;154803;-;66.6	A	9/9	contiguous	24923	1	1	156730..157260-;176;unnamed;0
NZ_LR890363.1	-	IncFIA(HI1);IncFII(K);IncFII(pAR0022)	87	0	0	GA	0															not_admitted	not_admitted	not_admitted	not_admitted	not_admitted	not_admitted	not_admitted	not_admitted	not_admitted	not_admitted	1	74;57552;58550;+;370.2	79;62278;63642;+;350.2	77;60913;61683;+;204.8	71;53893;56514;+;216.9	80;63645;66515;+;243.4	68;51602;52933;+;85.3	71;53893;56514;+;92.2	66;50321;50896;+;87.7	75;58520;58948;+;64.0	76;58976;60913;+;231.2	82;67218;69350;+;376.5	70;53354;53884;+;34.9	82;67218;69350;+;67.6	A	9/9	contiguous	16897	1	1	66524..67087+;187;unnamed;0
NZ_LR890370.1	MPF_F	IncFIB(K);IncFII(K)	238	0	0	GA	0															not_admitted	not_admitted	not_admitted	not_admitted	not_admitted	not_admitted	not_admitted	not_admitted	not_admitted	not_admitted	1	192;197107;198096;-;363.3	181;189921;191288;-;382.2	185;192546;193298;-;236.4	196;199553;202192;-;259.0	180;187078;189921;-;342.9	207;206159;207583;-;88.8	196;199553;202192;-;87.6	209;208310;208876;-;167.9	190;196184;196831;-;65.9	189;194170;196125;-;259.5	176;182181;184493;-;392.8	204;204963;205547;-;53.8	176;182181;184493;-;65.9	A	9/9	contiguous	26129	1	1	186543..187067-;174;unnamed;0
NZ_LR890375.1	MPF_F	IncFIB(K);IncFII(K)	246	0	0	GA	0															not_admitted	not_admitted	not_admitted	not_admitted	not_admitted	not_admitted	not_admitted	not_admitted	not_admitted	not_admitted	1	200;205958;206947;-;363.3	189;198772;200139;-;382.2	193;201397;202149;-;236.4	204;208404;211043;-;259.0	188;195929;198772;-;342.9	215;215010;216434;-;88.8	204;208404;211043;-;87.6	217;217161;217727;-;167.9	198;205035;205682;-;65.9	197;203021;204976;-;259.5	184;191032;193344;-;392.8	212;213814;214398;-;53.8	184;191032;193344;-;65.9	A	9/9	contiguous	26129	1	1	195394..195918-;174;unnamed;0
NZ_LR890385.1	MPF_F	IncFIB(K);IncFII(K)	248	0	0	GA	0															not_admitted	not_admitted	not_admitted	not_admitted	not_admitted	not_admitted	not_admitted	not_admitted	not_admitted	not_admitted	1	202;207180;208169;-;363.3	191;199994;201361;-;382.2	195;202619;203371;-;236.4	206;209626;212265;-;259.0	190;197151;199994;-;342.9	217;216232;217656;-;88.8	206;209626;212265;-;87.6	219;218383;218949;-;167.9	200;206257;206904;-;65.9	199;204243;206198;-;259.5	186;192254;194566;-;392.8	214;215036;215620;-;53.8	186;192254;194566;-;65.9	A	9/9	contiguous	26129	1	1	196616..197140-;174;unnamed;0
NZ_LR890392.1	MPF_F	IncFIB(K);IncFII(K)	248	0	0	GA	0															not_admitted	not_admitted	not_admitted	not_admitted	not_admitted	not_admitted	not_admitted	not_admitted	not_admitted	not_admitted	1	202;207180;208169;-;363.3	191;199994;201361;-;382.2	195;202619;203371;-;236.4	206;209626;212265;-;259.0	190;197151;199994;-;342.9	217;216232;217656;-;88.8	206;209626;212265;-;87.6	219;218383;218949;-;167.9	200;206257;206904;-;65.9	199;204243;206198;-;259.5	186;192254;194566;-;392.8	214;215036;215620;-;53.8	186;192254;194566;-;65.9	A	9/9	contiguous	26129	1	1	196616..197140-;174;unnamed;0
NZ_LR890396.1	MPF_F	IncFIB(K);IncFII(K)	246	0	0	GA	0															not_admitted	not_admitted	not_admitted	not_admitted	not_admitted	not_admitted	not_admitted	not_admitted	not_admitted	not_admitted	1	63;52809;53801;+;366.6	73;59252;60622;+;381.2	69;57298;58050;+;232.4	60;49144;51783;+;258.7	74;60622;63471;+;344.2	51;43905;45329;+;89.2	60;49144;51783;+;88.8	49;42612;43178;+;167.0	64;53814;54452;+;67.0	65;54449;56455;+;259.0	78;65285;67594;+;393.2	53;45941;46510;+;49.7	78;65285;67594;+;65.8	A	9/9	contiguous	22673	1	1	63474..64004+;176;unnamed;0
NZ_LR890416.1	MPF_F	IncFIB(K);IncFII(K)	246	0	0	GA	0															not_admitted	not_admitted	not_admitted	not_admitted	not_admitted	not_admitted	not_admitted	not_admitted	not_admitted	not_admitted	1	200;205955;206944;-;363.3	189;198769;200136;-;382.2	193;201394;202146;-;236.4	204;208401;211040;-;259.0	188;195926;198769;-;342.9	215;215007;216431;-;88.8	204;208401;211040;-;87.6	217;217158;217724;-;167.9	198;205032;205679;-;65.9	197;203018;204973;-;259.5	184;191029;193341;-;392.8	212;213811;214395;-;53.8	184;191029;193341;-;65.9	A	9/9	contiguous	26129	1	1	195391..195915-;174;unnamed;0
NZ_LR890423.1	MPF_F	IncFIB(K);IncFII(K)	164	0	0	GA	0															not_admitted	not_admitted	not_admitted	not_admitted	not_admitted	not_admitted	not_admitted	not_admitted	not_admitted	not_admitted	1	113;113953;114945;-;366.6	103;107069;108436;-;381.2	107;109693;110445;-;232.2	116;115971;118610;-;259.3	102;104220;107069;-;346.5	124;122196;123620;-;89.3	116;115971;118610;-;88.8	126;124347;124913;-;167.0	112;113302;113940;-;67.0	111;111288;113243;-;259.2	98;100095;102404;-;392.7	122;121009;121566;-;52.5	98;100095;102404;-;66.6	A	9/9	contiguous	24252	1	1	103687..104217-;176;unnamed;0
NZ_LR890427.1	MPF_F	IncFIB(K);IncFII(pKP91)	166	0	0	GA	0															not_admitted	not_admitted	not_admitted	not_admitted	not_admitted	not_admitted	not_admitted	not_admitted	not_admitted	not_admitted	1	119;122269;123258;-;363.6	108;115083;116450;-;381.6	112;117708;118460;-;231.2	123;124715;127354;-;254.3	107;112234;115083;-;346.5	130;130370;131794;-;88.1	123;124715;127354;-;88.3	132;132521;133087;-;169.3	117;121346;121993;-;65.9	116;119332;121287;-;259.7	103;107486;109768;-;393.1	128;129174;129758;-;52.9	103;107486;109768;-;66.6	A	9/9	contiguous	25035	1	1	111701..112231-;176;unnamed;0
NZ_LR890428.1	MPF_F	IncC	151	0	0	GA	0															not_admitted	not_admitted	not_admitted	not_admitted	not_admitted	not_admitted	not_admitted	not_admitted	not_admitted	not_admitted	1	123;100221;100781;+;94.5	140;117002;118435;+;339.2	139;115972;117000;+;221.7	118;95022;97469;+;354.5	141;118448;122062;+;375.3	112;86166;87482;+;135.0	118;95022;97469;+;128.3	110;84642;85268;+;92.7	121;98291;99556;+;67.9		101;78967;80832;+;47.3	113;87479;88057;+;100.2	101;78967;80832;+;52.0	B	8/9	contiguous	39481	0	0	
NZ_LR890430.1	MPF_F	IncFII(pSE11)	84	0	0	GA	0															not_admitted	not_admitted	not_admitted	not_admitted	not_admitted	not_admitted	not_admitted	not_admitted	not_admitted	not_admitted	1	56;43550;44542;+;369.5	68;50596;51969;+;381.7	61;47648;48391;+;234.4	53;39911;42541;+;297.8	69;51966;54791;+;374.0	46;35442;36869;+;93.9	53;39911;42541;+;98.7	44;34161;34727;+;174.3	58;44886;45524;+;67.3	59;45521;47371;+;266.9	73;57033;59240;+;391.8	49;37753;38268;+;78.4	73;57033;59240;+;70.4	A	9/9	contiguous	22872	1	1	54788..55297+;169;unnamed;0
NZ_LR890447.1	MPF_F	IncFIB(K);IncFII(K)	170	0	0	GA	0															not_admitted	not_admitted	not_admitted	not_admitted	not_admitted	not_admitted	not_admitted	not_admitted	not_admitted	not_admitted	1	118;120283;121275;-;366.6	108;113399;114766;-;381.2	112;116023;116775;-;232.2	121;122301;124940;-;259.3	107;110550;113399;-;346.5	129;128526;129950;-;89.3	121;122301;124940;-;88.8	131;130677;131243;-;167.0	117;119632;120270;-;67.0	116;117618;119573;-;259.2	103;106425;108734;-;392.7	127;127339;127896;-;52.5	103;106425;108734;-;66.6	A	9/9	contiguous	24252	1	1	110017..110547-;176;unnamed;0
NZ_LR890448.1	MPF_T	-	36	0	0	GA	1		1;724;1032;+;67.6	2;1043;1360;+;84.6	3;1357;3807;+;144.0	3;1357;3807;+;84.6	4;3829;4473;+;107.9	6;4746;5759;+;161.4		8;6109;6867;+;142.1	9;6870;7691;+;197.9	10;7691;8878;+;188.9	11;8856;9893;+;83.0	12;9856;11784;+;404.0		pfam	both	A	7/7	canonical	1	0	unscoreable	2	0	0														not_admitted	not_admitted	not_admitted	not_admitted	not_admitted	not_admitted	not_admitted
NZ_LR890467.1	MPF_F	Col156;IncFIA;IncFIB(AP001918);IncFII(pRSB107)	185	0	0	GA	0															not_admitted	not_admitted	not_admitted	not_admitted	not_admitted	not_admitted	not_admitted	not_admitted	not_admitted	not_admitted	1	119;107515;108507;-;369.5	106;98383;99756;-;386.6	114;103666;104409;-;231.4	122;109516;112143;-;303.9	105;95567;98386;-;386.3	128;114028;115479;-;94.1	122;109516;112143;-;96.5	130;116194;116760;-;184.3	117;106533;107171;-;68.7	116;104686;106536;-;266.7	101;91039;93309;-;391.7	125;112659;113174;-;75.2	101;91039;93309;-;70.3	A	9/9	contiguous	25155	1	1	95051..95542-;163;TraS;0
NZ_LR890472.1	MPF_F	IncFIB(K);IncFII(K);IncFII(pAR0022)	184	0	0	GA	0															not_admitted	not_admitted	not_admitted	not_admitted	not_admitted	not_admitted	not_admitted	not_admitted	not_admitted	not_admitted	1	138;143809;144798;-;363.3	127;136623;137990;-;384.1	131;139248;140000;-;233.7	142;146255;148894;-;259.0	126;133801;136623;-;346.4	152;152862;154286;-;89.5	142;146255;148894;-;88.7	154;155013;155579;-;167.0	136;142886;143533;-;65.9	135;140872;142827;-;259.4	122;128873;131185;-;393.1	150;151666;152250;-;53.8	122;128873;131185;-;66.6	A	9/9	contiguous	26140	1	1	133176..133778-;200;TraS;0
NZ_LR890485.1	MPF_F	IncFIB(K);IncFII(K)	248	0	0	GA	0															not_admitted	not_admitted	not_admitted	not_admitted	not_admitted	not_admitted	not_admitted	not_admitted	not_admitted	not_admitted	1	202;207180;208169;-;363.3	191;199994;201361;-;382.2	195;202619;203371;-;236.4	206;209626;212265;-;259.0	190;197151;199994;-;342.9	217;216232;217656;-;88.8	206;209626;212265;-;87.6	219;218383;218949;-;167.9	200;206257;206904;-;65.9	199;204243;206198;-;259.5	186;192254;194566;-;392.8	214;215036;215620;-;53.8	186;192254;194566;-;65.9	A	9/9	contiguous	26129	1	1	196616..197140-;174;unnamed;0
NZ_LR890501.1	MPF_F	IncFIB(K);IncFII(pKP91)	166	0	0	GA	0															not_admitted	not_admitted	not_admitted	not_admitted	not_admitted	not_admitted	not_admitted	not_admitted	not_admitted	not_admitted	1	119;122269;123258;-;363.6	108;115083;116450;-;381.6	112;117708;118460;-;231.2	123;124715;127354;-;254.3	107;112234;115083;-;346.5	130;130370;131794;-;88.1	123;124715;127354;-;88.3	132;132521;133087;-;169.3	117;121346;121993;-;65.9	116;119332;121287;-;259.7	103;107486;109768;-;393.1	128;129174;129758;-;52.9	103;107486;109768;-;66.6	A	9/9	contiguous	25035	1	1	111701..112231-;176;unnamed;0
NZ_LR890502.1	MPF_F	IncC	152	0	0	GA	0															not_admitted	not_admitted	not_admitted	not_admitted	not_admitted	not_admitted	not_admitted	not_admitted	not_admitted	not_admitted	1	124;100221;100781;+;94.5	141;117002;118435;+;339.2	140;115972;117000;+;221.7	119;95022;97469;+;354.5	142;118448;122062;+;375.3	113;86166;87482;+;135.0	119;95022;97469;+;128.3	111;84642;85268;+;92.7	122;98291;99556;+;67.9		102;78967;80832;+;47.3	114;87479;88057;+;100.2	102;78967;80832;+;52.0	B	8/9	contiguous	39481	0	0	
NZ_LR890504.1	MPF_F	IncFII(pSE11)	84	0	0	GA	0															not_admitted	not_admitted	not_admitted	not_admitted	not_admitted	not_admitted	not_admitted	not_admitted	not_admitted	not_admitted	1	56;43550;44542;+;369.5	68;50596;51969;+;381.7	61;47648;48391;+;234.4	53;39911;42541;+;297.8	69;51966;54791;+;374.0	46;35442;36869;+;93.9	53;39911;42541;+;98.7	44;34161;34727;+;174.3	58;44886;45524;+;67.3	59;45521;47371;+;266.9	73;57033;59240;+;391.8	49;37753;38268;+;78.4	73;57033;59240;+;70.4	A	9/9	contiguous	22872	1	1	54788..55297+;169;unnamed;0
NZ_LR890509.1	MPF_F	IncFIB(AP001918);IncFIC(FII)	99	0	0	GA	0															not_admitted	not_admitted	not_admitted	not_admitted	not_admitted	not_admitted	not_admitted	not_admitted	not_admitted	not_admitted	1	49;51291;52283;-;369.3	38;44232;45605;-;380.9	45;47819;48562;-;235.0	52;53292;55919;-;305.4	37;41413;44235;-;387.0	59;58055;59482;-;94.2	52;53292;55919;-;98.3	61;60197;60763;-;182.9	48;50644;51282;-;68.4	47;48839;50647;-;268.3	34;37696;39885;-;391.5	55;56435;56950;-;77.2	34;37696;39885;-;69.2	A	9/9	contiguous	22501	1	1	40900..41391-;163;TraS;0
NZ_LR890510.1	MPF_F	IncFII(pSE11)	83	0	0	GA	0															not_admitted	not_admitted	not_admitted	not_admitted	not_admitted	not_admitted	not_admitted	not_admitted	not_admitted	not_admitted	1	55;41912;42904;+;369.5	67;48967;50340;+;381.7	60;46010;46753;+;234.4	52;38273;40903;+;299.2	68;50337;53162;+;374.0	45;33804;35231;+;93.9	52;38273;40903;+;98.7	43;32523;33089;+;174.3	57;43248;43886;+;68.6	58;43883;45733;+;266.1	72;55404;57602;+;391.8	48;36115;36630;+;78.4	72;55404;57602;+;70.3	A	9/9	contiguous	22881	1	1	53159..53668+;169;unnamed;0
NZ_LR890511.1	MPF_F	IncFII	48	0	0	GA	0															not_admitted	not_admitted	not_admitted	not_admitted	not_admitted	not_admitted	not_admitted	not_admitted	not_admitted	not_admitted	1	16;12032;13024;+;369.5	26;18803;20176;+;381.7	21;16130;16873;+;234.4	13;8393;11023;+;304.1	27;20173;22995;+;374.0	6;3924;5375;+;94.2	13;8393;11023;+;97.1	4;2643;3209;+;174.3	18;13368;14006;+;68.6	19;14003;15853;+;266.1	31;25267;27510;+;391.7	9;6235;6750;+;78.4	31;25267;27510;+;70.3	A	9/9	contiguous	22624	1	1	23017..23496+;159;TraS;0
NZ_LR890548.1	MPF_F	IncC	242	0	0	GA	0															not_admitted	not_admitted	not_admitted	not_admitted	not_admitted	not_admitted	not_admitted	not_admitted	not_admitted	not_admitted	1	106;76312;77319;+;332.9	228;176059;177492;+;339.2	227;175029;176057;+;221.7	101;71113;73560;+;354.5	229;177505;181119;+;375.3	47;26894;28054;+;156.3	101;71113;73560;+;128.3	94;60717;61343;+;92.7	104;74382;75647;+;67.9	107;77435;80233;+;145.3	85;55042;56907;+;47.3	97;63554;64132;+;100.2	85;55042;56907;+;52.0	A	9/9	split_3	150611	0	1	
NZ_LR890549.1	MPF_F	IncFIB(K);IncFII(K)	166	0	0	GA	0															not_admitted	not_admitted	not_admitted	not_admitted	not_admitted	not_admitted	not_admitted	not_admitted	not_admitted	not_admitted	1	110;105140;106132;-;366.6	100;98319;99689;-;381.2	104;100891;101643;-;232.4	113;107158;109797;-;258.7	99;95470;98319;-;344.2	122;113612;115036;-;89.2	113;107158;109797;-;88.8	124;115763;116329;-;167.0	109;104489;105127;-;67.0	108;102486;104492;-;259.0	95;91347;93656;-;393.2	120;112431;113000;-;49.7	95;91347;93656;-;65.8	A	9/9	contiguous	24416	1	1	94937..95467-;176;unnamed;0
NZ_LR890565.1	MPF_F	IncFIB(K);IncFII(K)	232	0	0	GA	0															not_admitted	not_admitted	not_admitted	not_admitted	not_admitted	not_admitted	not_admitted	not_admitted	not_admitted	not_admitted	1	47;49214;50203;-;363.3	36;42028;43395;-;382.2	40;44653;45405;-;236.4	51;51660;54299;-;259.0	35;39185;42028;-;342.9	62;58266;59690;-;88.8	51;51660;54299;-;87.6	64;60417;60983;-;167.9	45;48291;48938;-;65.9	44;46277;48232;-;259.5	31;34288;36600;-;392.8	59;57070;57654;-;53.8	31;34288;36600;-;65.9	A	9/9	contiguous	26129	1	1	38650..39174-;174;unnamed;0
NZ_LR890570.1	MPF_F	IncFIB(K);IncFII(pKP91)	202	0	0	GA	0															not_admitted	not_admitted	not_admitted	not_admitted	not_admitted	not_admitted	not_admitted	not_admitted	not_admitted	not_admitted	1	139;139013;140002;-;363.3	128;131827;133194;-;383.5	132;134452;135204;-;233.7	143;141459;144098;-;259.0	127;129005;131827;-;346.5	154;148066;149490;-;88.0	143;141459;144098;-;88.7	156;150217;150783;-;167.9	137;138090;138737;-;65.1	136;136076;138031;-;259.7	123;124107;126389;-;393.3	151;146870;147454;-;53.8	123;124107;126389;-;65.8	A	9/9	contiguous	26110	1	1	128380..128982-;200;TraS;0
NZ_LR890572.1	MPF_F	IncFIB(K);IncFII(K)	232	0	0	GA	0															not_admitted	not_admitted	not_admitted	not_admitted	not_admitted	not_admitted	not_admitted	not_admitted	not_admitted	not_admitted	1	186;190142;191131;-;363.3	175;182956;184323;-;382.2	179;185581;186333;-;236.4	190;192588;195227;-;259.0	174;180113;182956;-;342.9	201;199194;200618;-;88.8	190;192588;195227;-;87.6	203;201345;201911;-;167.9	184;189219;189866;-;65.9	183;187205;189160;-;259.5	170;175216;177528;-;392.8	198;197998;198582;-;53.8	170;175216;177528;-;65.9	A	9/9	contiguous	26129	1	1	179578..180102-;174;unnamed;0
NZ_LR890573.1	MPF_F	IncFIB(pNDM-Mar);RepB	242	0	0	GA	0															not_admitted	not_admitted	not_admitted	not_admitted	not_admitted	not_admitted	not_admitted	not_admitted	not_admitted	not_admitted	1	170;141421;142458;-;283.1	80;52609;53964;+;188.4	79;51525;52562;+;173.2	181;153292;156009;-;151.5	81;53939;57910;+;121.3	185;158122;159495;-;63.3	181;153292;156009;-;84.3	188;161141;162001;-;79.1	171;142455;143816;-;70.4	169;138229;141411;-;59.2	71;42214;44340;-;57.2	182;156054;156791;-;59.2	71;42214;44340;-;41.1	A	9/9	split_2	118927	0	1	
NZ_LR890584.1	MPF_F	IncFIB(K)(pCAV1099-114);IncFII(pKP91)	139	0	0	GA	0															not_admitted	not_admitted	not_admitted	not_admitted	not_admitted	not_admitted	not_admitted	not_admitted	not_admitted	not_admitted	1	72;77194;78183;-;363.3	62;70322;71692;-;383.0	66;72888;73640;-;228.4	76;79626;82265;-;258.7	61;67473;70322;-;341.9	86;86256;87680;-;90.9	76;79626;82265;-;89.1	88;88407;88973;-;169.1	71;76543;77181;-;64.4	70;74529;76484;-;259.7	58;63366;65657;-;393.1	84;85075;85644;-;52.6	58;63366;65657;-;66.6	A	9/9	contiguous	25041	1	1	66940..67470-;176;unnamed;0
NZ_LR890604.1	MPF_F	Col156;IncFIB(AP001918);IncFII	169	0	0	GA	0															not_admitted	not_admitted	not_admitted	not_admitted	not_admitted	not_admitted	not_admitted	not_admitted	not_admitted	not_admitted	1	121;112542;113534;-;369.5	106;103701;105074;-;381.7	113;107279;108022;-;234.4	124;114543;117173;-;297.8	105;100885;103704;-;373.5	131;120441;121892;-;93.8	124;114543;117173;-;99.0	133;122607;123173;-;174.3	118;110961;111599;-;70.8	115;108299;110149;-;270.8	101;96354;98615;-;391.6	128;119066;119581;-;82.8	101;96354;98615;-;70.3	A	9/9	contiguous	26253	1	1	100369..100860-;163;TraS;0
NZ_LR890605.1	MPF_F	IncFII	66	0	0	GA	0															not_admitted	not_admitted	not_admitted	not_admitted	not_admitted	not_admitted	not_admitted	not_admitted	not_admitted	not_admitted	1	45;40992;41984;-;369.5	30;31089;32462;-;381.7	35;34392;35135;-;234.4	48;42993;45623;-;297.8	29;28270;31092;-;373.5	55;48665;50092;-;93.9	48;42993;45623;-;99.0	57;50807;51373;-;174.3	40;38075;38713;-;71.4	37;35412;37262;-;266.9	25;23809;25998;-;391.2	52;47266;47781;-;78.4	25;23809;25998;-;70.3	A	9/9	contiguous	26998	1	1	27769..28248-;159;TraS;0
NZ_LR890617.1	MPF_F	Col(pHAD28);IncFIB(K);IncFII(pKP91)	297	0	0	GA	0															not_admitted	not_admitted	not_admitted	not_admitted	not_admitted	not_admitted	not_admitted	not_admitted	not_admitted	not_admitted	1	252;231445;232434;-;363.3	241;224259;225626;-;382.2	245;226884;227636;-;233.7	256;233891;236530;-;259.4	240;221410;224259;-;342.9	266;240492;241916;-;89.2	256;233891;236530;-;88.3	268;242643;243209;-;167.9	250;230522;231169;-;65.9	249;228508;230463;-;259.5	236;217316;219598;-;393.3	264;239296;239880;-;53.8	236;217316;219598;-;65.9	A	9/9	contiguous	25327	1	1	220877..221407-;176;unnamed;0
NZ_LR890625.1	MPF_F	IncHI1B(pNDM-MAR);repB	231	0	0	GA	0															not_admitted	not_admitted	not_admitted	not_admitted	not_admitted	not_admitted	not_admitted	not_admitted	not_admitted	not_admitted	1		190;202030;203439;-;190.4	191;203429;204466;-;176.7	43;30881;33739;+;302.5	189;198120;202028;-;121.7								31;22440;23912;+;47.4	D	4/9	split_2	180989	0	0	
NZ_LR890652.1	MPF_F	IncFIA;IncFIB(AP001918);IncFIC(FII)	219	0	0	GA	0															not_admitted	not_admitted	not_admitted	not_admitted	not_admitted	not_admitted	not_admitted	not_admitted	not_admitted	not_admitted	1	205;195928;196920;-;367.4	194;188869;190242;-;378.0	201;192456;193199;-;234.5	208;197929;200556;-;305.3	193;186050;188872;-;389.5	214;202611;204038;-;94.3	208;197929;200556;-;98.8	216;204753;205127;-;111.8	204;195281;195919;-;68.4	203;193476;195284;-;268.4	190;182296;184521;-;391.7	210;201072;201587;-;78.4	190;182296;184521;-;70.3	A	9/9	contiguous	22457	1	1	185537..186028-;163;TraS;0
NZ_LR890658.1	MPF_F	IncC	231	0	0	GA	0															not_admitted	not_admitted	not_admitted	not_admitted	not_admitted	not_admitted	not_admitted	not_admitted	not_admitted	not_admitted	1	102;72531;73538;+;332.9	220;173467;174900;+;339.2	219;172437;173465;+;221.7	97;67332;69779;+;354.5	221;174913;178527;+;375.3	45;26117;27277;+;156.3	97;67332;69779;+;128.3	87;55781;56407;+;92.7	100;70601;71866;+;67.9	103;73654;76197;+;145.8	78;50106;51971;+;47.3	90;58618;59196;+;100.2	78;50106;51971;+;52.0	A	9/9	split_3	148796	0	1	
NZ_LR890659.1	MPF_F	IncFIB(K);IncFII(p14)	165	0	0	GA	0															not_admitted	not_admitted	not_admitted	not_admitted	not_admitted	not_admitted	not_admitted	not_admitted	not_admitted	not_admitted	1	115;110367;111359;-;372.3	106;103547;104917;-;378.0	109;105686;106438;-;226.9	120;113949;116087;-;255.0	105;100704;103547;-;346.5	127;118565;119986;-;86.2	120;113949;116087;-;54.0	129;120707;121273;-;163.8	114;109728;110354;-;67.7	113;107788;109731;-;255.0	103;97664;99958;-;391.8	125;117822;118376;-;57.5	103;97664;99958;-;66.4	A	9/9	contiguous	23043	1	1	100166..100693-;175;unnamed;0
NZ_LR890666.1	MPF_F	IncHI1B(pNDM-MAR);repB	230	0	0	GA	0															not_admitted	not_admitted	not_admitted	not_admitted	not_admitted	not_admitted	not_admitted	not_admitted	not_admitted	not_admitted	1		189;203941;205350;-;190.4	190;205340;206377;-;176.7	44;32790;35648;+;302.5	188;200031;203939;-;121.8								32;24349;25821;+;47.4	D	4/9	split_2	180991	0	0	
NZ_LR890680.1	MPF_F	IncFIB(K);IncFII(K)	244	0	0	GA	0															not_admitted	not_admitted	not_admitted	not_admitted	not_admitted	not_admitted	not_admitted	not_admitted	not_admitted	not_admitted	1	200;205958;206947;-;363.3	189;198772;200139;-;382.2	193;201397;202149;-;236.4	204;208404;211043;-;259.0	188;195929;198772;-;342.9	215;215010;216434;-;88.8	204;208404;211043;-;87.6	217;217161;217727;-;167.9	198;205035;205682;-;65.9	197;203021;204976;-;259.5	184;191032;193344;-;392.8	212;213814;214398;-;53.8	184;191032;193344;-;65.9	A	9/9	contiguous	26129	1	1	195394..195918-;174;unnamed;0
NZ_LR890694.1	MPF_F	IncFIA;IncFIB(AP001918);IncFII(pSE11)	130	0	0	GA	0															not_admitted	not_admitted	not_admitted	not_admitted	not_admitted	not_admitted	not_admitted	not_admitted	not_admitted	not_admitted	1	64;60066;61058;-;369.5	52;52639;54012;-;381.7	59;56217;56960;-;234.4	67;62067;64697;-;297.8	51;49817;52642;-;374.0	74;67739;69166;-;93.9	67;62067;64697;-;98.7	76;69881;70447;-;174.3	62;59084;59722;-;67.3	61;57237;59087;-;266.9	47;45359;47575;-;391.8	71;66340;66855;-;78.4	47;45359;47575;-;70.3	A	9/9	contiguous	24522	1	1	49311..49820-;169;unnamed;0
NZ_LR890703.1	MPF_F	IncFIB(K);IncFII(pKP91)	166	0	0	GA	0															not_admitted	not_admitted	not_admitted	not_admitted	not_admitted	not_admitted	not_admitted	not_admitted	not_admitted	not_admitted	1	119;122269;123258;-;363.6	108;115083;116450;-;381.6	112;117708;118460;-;231.2	123;124715;127354;-;254.3	107;112234;115083;-;346.5	130;130370;131794;-;88.1	123;124715;127354;-;88.3	132;132521;133087;-;169.3	117;121346;121993;-;65.9	116;119332;121287;-;259.7	103;107486;109768;-;393.1	128;129174;129758;-;52.9	103;107486;109768;-;66.6	A	9/9	contiguous	25035	1	1	111701..112231-;176;unnamed;0
NZ_LR890704.1	MPF_F	IncC	151	0	0	GA	0															not_admitted	not_admitted	not_admitted	not_admitted	not_admitted	not_admitted	not_admitted	not_admitted	not_admitted	not_admitted	1	123;100221;100781;+;94.5	140;117002;118435;+;339.2	139;115972;117000;+;221.7	118;95022;97469;+;354.5	141;118448;122062;+;375.3	112;86166;87482;+;135.0	118;95022;97469;+;128.3	110;84642;85268;+;92.7	121;98291;99556;+;67.9		101;78967;80832;+;47.3	113;87479;88057;+;100.2	101;78967;80832;+;52.0	B	8/9	contiguous	39481	0	0	
NZ_LR890706.1	MPF_F	IncFII(pSE11)	84	0	0	GA	0															not_admitted	not_admitted	not_admitted	not_admitted	not_admitted	not_admitted	not_admitted	not_admitted	not_admitted	not_admitted	1	56;43550;44542;+;369.5	68;50596;51969;+;381.7	61;47648;48391;+;234.4	53;39911;42541;+;297.8	69;51966;54791;+;374.0	46;35442;36869;+;93.9	53;39911;42541;+;98.7	44;34161;34727;+;174.3	58;44886;45524;+;67.3	59;45521;47371;+;266.9	73;57033;59240;+;391.8	49;37753;38268;+;78.4	73;57033;59240;+;70.4	A	9/9	contiguous	22872	1	1	54788..55297+;169;unnamed;0
NZ_LR890711.1	MPF_F	IncFIB(K);IncFII(pKP91)	224	0	0	GA	0															not_admitted	not_admitted	not_admitted	not_admitted	not_admitted	not_admitted	not_admitted	not_admitted	not_admitted	not_admitted	1	179;176788;177777;-;363.3	168;169602;170969;-;382.2	172;172227;172979;-;236.4	183;179234;181873;-;259.0	167;166753;169602;-;342.9	193;185853;187277;-;88.8	183;179234;181873;-;87.3	195;188004;188570;-;167.9	177;175865;176512;-;65.9	176;173851;175806;-;259.5	163;162659;164941;-;393.3	190;184657;185241;-;53.8	163;162659;164941;-;65.9	A	9/9	contiguous	25345	1	1	166220..166750-;176;unnamed;0
NZ_LR890713.1	MPF_T	-	41	0	0	GA	1		16;16520;16828;-;67.6	15;16192;16509;-;84.6	14;13745;16195;-;144.0	14;13745;16195;-;84.6	13;13079;13723;-;97.0	11;11793;12806;-;161.4		9;10685;11443;-;142.7	8;9861;10682;-;197.9	7;8674;9861;-;188.9	6;7659;8696;-;83.0	5;5768;7696;-;403.5		pfam	both	A	7/7	canonical	1	0	unscoreable	2	0	0														not_admitted	not_admitted	not_admitted	not_admitted	not_admitted	not_admitted	not_admitted
NZ_LR890715.1	MPF_F	IncFII	81	0	0	GA	0															not_admitted	not_admitted	not_admitted	not_admitted	not_admitted	not_admitted	not_admitted	not_admitted	not_admitted	not_admitted	1	57;44481;45473;+;369.5	67;51252;52625;+;381.7	62;48579;49322;+;234.4	54;40842;43472;+;304.1	68;52622;55444;+;374.0	46;35989;37440;+;94.2	54;40842;43472;+;100.7	44;34708;35274;+;174.3	59;45817;46455;+;68.6	60;46452;48302;+;266.1	72;57716;60004;+;391.0	49;38300;38815;+;78.4	72;57716;60004;+;70.3	A	9/9	contiguous	23008	1	1	55466..55945+;159;TraS;0
NZ_LR890716.1	-	-	42	0	0	GA	1	23;19959;20855;+;45.2	7;6631;7068;-;68.4	6;6317;6631;-;51.1	5;3796;6303;-;96.6	5;3796;6303;-;113.0	4;3039;3827;-;44.2	2;1113;2831;-;86.9		0;16;714;-;122.8	41;35346;36266;-;163.1	39;33426;34889;-;206.3		21;17441;19399;+;355.7		conjscan	conjscan_only	B	6/7	canonical	1	0	unscoreable	5	0	0														not_admitted	not_admitted	not_admitted	not_admitted	not_admitted	not_admitted	not_admitted
NZ_LR890723.1	MPF_F	IncFIB(K);IncFII(K)	230	0	0	GA	0															not_admitted	not_admitted	not_admitted	not_admitted	not_admitted	not_admitted	not_admitted	not_admitted	not_admitted	not_admitted	1	184;188272;189261;-;363.3	173;181086;182453;-;382.2	177;183711;184463;-;236.4	188;190718;193357;-;259.0	172;178243;181086;-;342.9	199;197324;198748;-;88.8	188;190718;193357;-;87.5	201;199475;200041;-;167.9	182;187349;187996;-;65.9	181;185335;187290;-;259.5	168;173346;175658;-;392.8	196;196128;196712;-;53.8	168;173346;175658;-;65.9	A	9/9	contiguous	26129	1	1	177708..178232-;174;unnamed;0
NZ_LR890736.1	MPF_F	IncFIB(K);IncFII(K)	227	0	0	GA	0															not_admitted	not_admitted	not_admitted	not_admitted	not_admitted	not_admitted	not_admitted	not_admitted	not_admitted	not_admitted	1	200;204781;205770;-;363.3	189;197595;198962;-;382.2	193;200220;200972;-;236.4	204;207227;209866;-;259.0	188;194752;197595;-;342.9	215;213833;215257;-;88.8	204;207227;209866;-;87.6	217;215984;216550;-;167.9	198;203858;204505;-;65.9	197;201844;203799;-;259.5	184;189855;192167;-;392.8	212;212637;213221;-;53.8	184;189855;192167;-;65.9	A	9/9	contiguous	26129	1	1	194217..194741-;174;unnamed;0
NZ_LR890737.1	MPF_F	IncFIB(pNDM-Mar);RepB	247	0	0	GA	0															not_admitted	not_admitted	not_admitted	not_admitted	not_admitted	not_admitted	not_admitted	not_admitted	not_admitted	not_admitted	1	174;145349;146386;-;283.1	81;53710;55065;+;188.4	80;52626;53663;+;173.2	185;157220;159937;-;151.5	82;55040;59011;+;121.3	189;162050;163423;-;63.3	185;157220;159937;-;84.3	192;165069;165929;-;79.1	175;146383;147744;-;70.4	173;142157;145339;-;59.2	72;43315;45441;-;57.2	186;159982;160719;-;59.2	72;43315;45441;-;41.1	A	9/9	split_2	121754	0	1	
NZ_LR890738.1	-	IncFII(K);IncFII(pAR0022);repB(R1701)	133	0	0	GA	0															not_admitted	not_admitted	not_admitted	not_admitted	not_admitted	not_admitted	not_admitted	not_admitted	not_admitted	not_admitted	1	78;80999;81997;-;370.2	73;75907;77271;-;350.2	75;77866;78636;-;204.8	81;83035;85656;-;216.2	72;73034;75904;-;244.6	84;86616;87947;-;85.3	81;83035;85656;-;92.2	86;88653;89228;-;87.7	77;80601;81029;-;64.0	76;78636;80573;-;231.2	70;70199;72331;-;376.5	82;85665;86195;-;34.8	70;70199;72331;-;67.6	A	9/9	contiguous	18454	1	1	72462..73025-;187;unnamed;0
NZ_LR898870.1	MPF_F	IncFII	85	0	0	GA	0															not_admitted	not_admitted	not_admitted	not_admitted	not_admitted	not_admitted	not_admitted	not_admitted	not_admitted	not_admitted	1	61;49844;50836;+;369.5	71;56615;57988;+;381.7	66;53942;54685;+;234.4	58;46205;48835;+;304.1	72;57985;60807;+;374.0	51;41755;43206;+;94.2	58;46205;48835;+;97.1	49;40474;41040;+;174.3	63;51180;51818;+;68.6	64;51815;53665;+;266.1	76;63079;65313;+;391.1	54;44066;44581;+;78.4	76;63079;65313;+;70.3	A	9/9	contiguous	22605	1	1	60829..61308+;159;TraS;0
NZ_LR898875.1	MPF_F	Col156;IncFIB(AP001918);IncFII	126	0	0	GA	0															not_admitted	not_admitted	not_admitted	not_admitted	not_admitted	not_admitted	not_admitted	not_admitted	not_admitted	not_admitted	1	78;72639;73631;-;369.5	63;63798;65171;-;381.7	70;67376;68119;-;234.4	81;74640;77270;-;297.8	62;60982;63801;-;374.1	88;80538;81989;-;94.2	81;74640;77270;-;99.0	90;82704;83270;-;174.3	75;71058;71696;-;70.8	72;68396;70246;-;270.8	58;56514;58712;-;391.7	85;79163;79678;-;82.8	58;56514;58712;-;70.3	A	9/9	contiguous	26190	1	1	60466..60957-;163;TraS;0
NZ_LR898876.1	MPF_F	IncFII	88	0	0	GA	0															not_admitted	not_admitted	not_admitted	not_admitted	not_admitted	not_admitted	not_admitted	not_admitted	not_admitted	not_admitted	1	64;56381;57373;+;369.5	74;63152;64525;+;381.7	69;60479;61222;+;234.4	61;52742;55372;+;304.1	75;64522;67344;+;374.0	53;47889;49340;+;94.2	61;52742;55372;+;96.8	51;46608;47174;+;174.3	66;57717;58355;+;68.6	67;58352;60202;+;266.1	79;69616;71859;+;391.1	56;50200;50715;+;78.4	79;69616;71859;+;70.3	A	9/9	contiguous	23008	1	1	67366..67845+;159;TraS;0
NZ_LR999863.1	MPF_T	IncN;IncR	78	0	0	GA	1	45;43817;44551;+;32.5	47;44851;45144;+;28.7	48;45194;45511;+;63.3	49;45511;48111;+;111.8	49;45511;48111;+;76.8	50;48129;48842;+;97.1	52;49093;50133;+;153.6		53;50352;51050;+;131.9	54;51061;51945;+;159.0	55;51945;53105;+;154.9	56;53147;54142;+;81.2	60;58711;60240;-;38.5		pfam	both	A	7/7	canonical	1	0	unscoreable	5	0	0														not_admitted	not_admitted	not_admitted	not_admitted	not_admitted	not_admitted	not_admitted
NZ_LR999865.1	MPF_T	IncY	99	0	0	GA	1	74;76102;76764;+;48.3	75;76775;77074;+;36.6	76;77084;79834;+;61.8	76;77084;79834;+;132.4	76;77084;79834;+;47.3	77;79853;80569;+;137.0	79;80883;81890;+;137.8		81;82100;82786;+;158.3	82;82779;83672;+;147.4	83;83669;84865;+;134.7	84;84869;85918;+;71.5	91;90656;92563;+;24.4		pfam	pfam_only	A	7/7	canonical	1	1	unscoreable	8	0	0														not_admitted	not_admitted	not_admitted	not_admitted	not_admitted	not_admitted	not_admitted
NZ_LR999867.1	MPF_T	IncY	100	0	0	GA	1	75;76094;76756;+;48.3	76;76767;77066;+;36.6	77;77076;79826;+;61.8	77;77076;79826;+;132.4	77;77076;79826;+;47.3	78;79845;80561;+;137.0	80;80875;81882;+;137.8		82;82092;82778;+;158.3	83;82771;83664;+;147.4	84;83661;84857;+;134.7	85;84861;85910;+;71.5	92;90648;92555;+;24.4		pfam	pfam_only	A	7/7	canonical	1	1	unscoreable	8	0	0														not_admitted	not_admitted	not_admitted	not_admitted	not_admitted	not_admitted	not_admitted
NZ_LS974446.1	MPF_T	-	184	0	0	GA	1	120;112734;113825;+;90.5	117;109622;109975;+;73.6	118;109975;110274;+;78.3	119;110278;112737;+;122.9	119;110278;112737;+;94.5	121;113840;114538;+;40.5	122;114772;115800;+;152.9		123;115834;116526;+;179.1	124;116523;117335;+;202.3	125;117335;118546;+;213.0	126;118527;119549;+;134.3	127;119546;121633;+;311.5		pfam	pfam_only	A	7/7	canonical	1	0	unscoreable	0	0	0														not_admitted	not_admitted	not_admitted	not_admitted	not_admitted	not_admitted	not_admitted
NZ_LS992167.1	MPF_F	IncFIB(AP001918);IncFII;IncQ1	193	0	0	GA	0															not_admitted	not_admitted	not_admitted	not_admitted	not_admitted	not_admitted	not_admitted	not_admitted	not_admitted	not_admitted	1	6;2733;3725;-;367.3	172;161434;162807;-;374.3	179;165022;165765;-;234.1	187;171847;173121;-;308.1	171;158621;161437;-;387.9	15;9416;10843;-;94.4	186;170495;171835;-;100.7	17;11558;12124;-;183.8	182;167847;168485;-;67.3	181;166042;167850;-;268.3	168;154905;157058;-;391.1	11;7877;8392;-;77.3	168;154905;157058;-;69.2	A	9/9	split_2	169114	1	1	158067..158588-;173;unnamed;0
NZ_LS992169.1	MPF_F	Col156;IncFIA;IncFIB(AP001918);IncFII(pRSB107)	202	0	0	GA	0															not_admitted	not_admitted	not_admitted	not_admitted	not_admitted	not_admitted	not_admitted	not_admitted	not_admitted	not_admitted	1	69;56199;57191;+;369.5	82;64950;66323;+;386.6	74;60297;61040;+;231.4	66;52563;55190;+;303.1	83;66320;69139;+;386.3	60;49227;50678;+;94.1	66;52563;55190;+;96.1	58;47946;48512;+;184.3	71;57535;58173;+;68.7	72;58170;60020;+;266.7	87;71397;73622;+;391.7	63;51532;52047;+;75.2	87;71397;73622;+;70.3	A	9/9	contiguous	23451	1	1	69164..69655+;163;TraS;0
NZ_LS992170.1	MPF_T	IncX4	63	0	0	GA	1	54;37587;38207;+;41.6	8;4798;5124;+;61.9	9;5143;7890;+;63.8	9;5143;7890;+;151.8	9;5143;7890;+;46.1	10;7902;8618;+;94.2	11;8630;9724;+;150.1		13;10239;10925;+;169.0	14;10922;11830;+;142.4	15;11823;12932;+;164.1	16;12934;13962;+;85.1	17;13994;15811;+;313.0		pfam	pfam_only	A	7/7	canonical	1	1	unscoreable	2	0	0														not_admitted	not_admitted	not_admitted	not_admitted	not_admitted	not_admitted	not_admitted
NZ_LS992176.1	MPF_F	IncFIB(pB171);IncFII(S);IncFII(SARC14)	166	0	0	GA	0															not_admitted	not_admitted	not_admitted	not_admitted	not_admitted	not_admitted	not_admitted	not_admitted	not_admitted	not_admitted	1	88;80178;81173;+;357.0	94;85426;86787;+;336.1	92;84010;84789;+;195.8	85;76494;79085;+;218.1	95;86789;89686;+;290.9	82;73711;75072;+;80.7	85;76494;79085;+;87.3	80;72431;72994;+;143.8	90;81549;82163;+;79.9	91;82160;84013;+;253.1	98;91265;93556;+;375.8	84;75884;76483;+;50.4	98;91265;93556;+;65.0	A	9/9	contiguous	18834	1	1	89698..90258+;186;unnamed;0
NZ_LS992177.1	MPF_T	IncN	87	0	0	GA	1	56;46280;47014;-;32.5		53;45320;45637;-;63.3	52;42720;45320;-;113.8	52;42720;45320;-;76.4	51;41989;42702;-;105.5	49;40698;41738;-;142.4		48;39781;40479;-;131.9	47;38886;39770;-;159.7	46;37726;38886;-;156.3	45;36689;37684;-;81.2	37;27170;28699;+;38.5		pfam	both	A	7/7	canonical	1	0	unscoreable	10	0	0														not_admitted	not_admitted	not_admitted	not_admitted	not_admitted	not_admitted	not_admitted
NZ_LS992181.1	MPF_F	Col156;IncFIB(AP001918);IncFII	172	0	0	GA	0															not_admitted	not_admitted	not_admitted	not_admitted	not_admitted	not_admitted	not_admitted	not_admitted	not_admitted	not_admitted	1	119;107530;108522;-;369.5	104;98689;100062;-;381.7	111;102267;103010;-;234.4	122;109531;112161;-;297.8	103;95873;98692;-;373.5	129;115429;116880;-;94.2	122;109531;112161;-;99.0	131;117595;118161;-;174.3	116;105949;106587;-;70.8	113;103287;105137;-;270.8	96;88617;90896;-;391.6	126;114054;114569;-;82.8	96;88617;90896;-;70.3	A	9/9	contiguous	28978	1	1	95357..95848-;163;TraS;0
NZ_LS992186.1	MPF_F	IncFIA;IncFIB(AP001918);IncFII	181	0	0	GA	0															not_admitted	not_admitted	not_admitted	not_admitted	not_admitted	not_admitted	not_admitted	not_admitted	not_admitted	not_admitted	1	147;133070;134062;-;371.6		143;129598;130341;-;233.3	150;135071;137698;-;303.5		156;139857;141284;-;91.9	150;135071;137698;-;99.0	158;141999;142565;-;182.9	146;132423;133061;-;64.9	145;130618;132426;-;268.2	150;135071;137698;-;22.1	151;138214;138729;-;76.4		C	7/9	contiguous	12401	0	1	
NZ_LS992188.1	MPF_F	IncFII	107	0	0	GA	0															not_admitted	not_admitted	not_admitted	not_admitted	not_admitted	not_admitted	not_admitted	not_admitted	not_admitted	not_admitted	1	23;19890;20882;-;369.5	13;12738;14111;-;381.7	18;16041;16784;-;234.4	26;21891;24521;-;304.1	12;9919;12741;-;374.0	33;27520;28971;-;94.2	26;21891;24521;-;97.1	35;29686;30252;-;174.3	21;18908;19546;-;68.6	20;17061;18911;-;266.1	96;86259;88529;-;391.1	30;26145;26660;-;78.4	7;5379;7007;-;70.9	A	9/9	split_2	80880	1	1	9418..9897-;159;TraS;0
NZ_LS992189.1	MPF_T	IncI2(Delta)	90	0	0	GA	1	14;14979;15461;+;81.1		84;61166;61450;+;36.5	85;61456;62775;+;61.3	85;61456;62775;+;46.4	73;54956;55603;+;41.6	72;53964;54950;+;120.4		2;2172;2663;+;108.7	3;2660;3430;+;170.5	4;3420;4559;+;154.7	11;11672;13210;+;207.1	6;5649;7607;+;287.0		pfam	pfam_only	A	7/7	rearranged	1	0	unscoreable	17	0	0														not_admitted	not_admitted	not_admitted	not_admitted	not_admitted	not_admitted	not_admitted
NZ_LS992193.1	MPF_F	IncFIA;IncFIB(AP001918);IncFII	150	0	0	GA	0															not_admitted	not_admitted	not_admitted	not_admitted	not_admitted	not_admitted	not_admitted	not_admitted	not_admitted	not_admitted	1	64;58886;59878;-;367.4	53;51827;53200;-;380.9	60;55414;56157;-;235.0	67;60887;63514;-;305.4	52;49005;51830;-;385.9	77;68109;69536;-;94.3	67;60887;63514;-;98.5	79;70251;70817;-;183.8	63;58239;58877;-;68.6	62;56434;58242;-;268.3	49;45313;47502;-;391.3	69;64030;64545;-;78.4	49;45313;47502;-;70.4	A	9/9	contiguous	24938	1	1	48499..49008-;169;unnamed;0
NZ_LS992194.1	MPF_F	IncFII(pSE11)	110	0	0	GA	0															not_admitted	not_admitted	not_admitted	not_admitted	not_admitted	not_admitted	not_admitted	not_admitted	not_admitted	not_admitted	1	72;57659;58651;-;369.5	58;49411;50784;-;381.7	65;52989;53732;-;234.4	75;59660;62290;-;297.8	57;46592;49414;-;389.2	83;65735;67162;-;93.9	75;59660;62290;-;98.7	85;67877;68443;-;174.3	68;55856;56494;-;68.5	67;54009;55859;-;266.9	53;42104;44320;-;391.1	80;64336;64851;-;77.4	53;42104;44320;-;70.3	A	9/9	contiguous	25773	1	1	46091..46570-;159;TraS;0
NZ_LS998787.1	MPF_T	-	35	0	0	GA	1	20;15516;16250;-;32.5		17;14556;14873;-;63.3	16;11956;14556;-;113.8	16;11956;14556;-;76.4	15;11225;11938;-;105.5	13;9934;10974;-;142.4		12;9017;9715;-;131.9	11;8122;9006;-;159.7	10;6962;8122;-;156.3	9;5925;6920;-;81.2			pfam	both	B	6/7	canonical	1	0	unscoreable	3	0	0														not_admitted	not_admitted	not_admitted	not_admitted	not_admitted	not_admitted	not_admitted
NZ_LS999207.1	MPF_F	IncFIB(pECLA);IncFII(pECLA)	170	0	0	GA	0															not_admitted	not_admitted	not_admitted	not_admitted	not_admitted	not_admitted	not_admitted	not_admitted	not_admitted	not_admitted	1	45;29364;30359;+;363.9	54;35599;36963;+;358.7	48;32822;33604;+;218.4	37;23349;25958;+;223.7	55;36963;40283;+;310.8	31;19946;21349;+;92.3	37;23349;25958;+;101.8	29;18616;19197;+;99.1	46;30370;30993;+;63.3	47;30990;32825;+;221.8	60;42866;45463;+;362.8	35;22616;23170;+;44.3	60;42866;45463;+;71.2	A	9/9	contiguous	24250	1	1	40296..40892+;198;unnamed;0
NZ_LS999561.1	MPF_F	IncFIB(AP001918)	156	0	0	GA	0															not_admitted	not_admitted	not_admitted	not_admitted	not_admitted	not_admitted	not_admitted	not_admitted	not_admitted	not_admitted	1	134;112513;113505;+;369.5	145;119240;120613;+;382.9	139;116569;117312;+;234.4	131;108877;111504;+;300.9	9;5058;7877;+;385.4	125;105297;106724;+;93.9	131;108877;111504;+;101.1	123;104016;104582;+;182.7	136;113849;114487;+;70.7	137;114484;116292;+;267.1	15;12116;14341;+;380.7	129;107846;108361;+;76.0	15;12116;14341;+;66.5	A	9/9	split_2	114182	1	1	7902..8393+;163;TraS;0
NZ_LS999563.1	MPF_T	IncX1	73	0	0	GA	1	37;23327;23974;+;45.4	38;23952;24248;+;77.5	39;24267;27020;+;46.6	39;24267;27020;+;148.0	39;24267;27020;+;73.5	40;27031;27780;+;70.2	42;28091;29152;+;135.0		43;29398;30111;+;120.7	44;30116;31045;+;136.2	45;31042;32247;+;132.5	46;32249;33280;+;76.3	47;33283;35118;+;489.3		pfam	pfam_only	A	7/7	canonical	1	1	unscoreable	1	0	0														not_admitted	not_admitted	not_admitted	not_admitted	not_admitted	not_admitted	not_admitted
NZ_LS999564.1	MPF_T	-	35	0	0	GA	1		0;1;291;+;44.7	1;342;656;+;65.3	2;656;3286;+;123.6	2;656;3286;+;87.5	3;3296;4003;+;114.7	5;4262;5305;+;126.7	6;5400;5570;+;41.4	7;5573;6289;+;145.6	8;6292;7179;+;144.4	9;7176;8330;+;173.2	10;8323;9354;+;78.1	15;13762;15339;-;54.8		pfam	both	A	7/7	canonical	1	0	ga	5	0	0														not_admitted	not_admitted	not_admitted	not_admitted	not_admitted	not_admitted	not_admitted
NZ_LT009688.1	MPF_F	IncFIB(K);IncFII(K)	180	0	0	GA	0															not_admitted	not_admitted	not_admitted	not_admitted	not_admitted	not_admitted	not_admitted	not_admitted	not_admitted	not_admitted	1	134;116128;117120;+;366.6	144;122571;123941;+;381.2	140;120617;121369;+;232.4	131;112463;115102;+;258.7	145;123941;126790;+;344.2	122;107224;108648;+;89.2	131;112463;115102;+;88.8	120;105931;106497;+;167.0	135;117133;117771;+;67.0	136;117768;119774;+;259.0	149;129276;131588;+;392.7	124;109260;109829;+;49.7	149;129276;131588;+;66.5	A	9/9	contiguous	23345	1	1	126803..127351+;182;unnamed;0
NZ_LT009689.1	MPF_F	IncFII(K);IncR	118	0	0	GA	0															not_admitted	not_admitted	not_admitted	not_admitted	not_admitted	not_admitted	not_admitted	not_admitted	not_admitted	not_admitted	1	42;47021;48010;-;366.0	32;40107;41474;-;380.7	36;42732;43484;-;233.7	46;49453;52092;-;258.5	31;37258;40107;-;345.6	54;55349;56773;-;88.8	46;49453;52092;-;88.7	56;57500;58066;-;169.3	41;46370;47008;-;67.0	40;44356;46311;-;259.7	27;32460;34772;-;392.7	53;54651;55235;-;55.4	27;32460;34772;-;66.5	A	9/9	contiguous	25040	1	1	36697..37245-;182;unnamed;0
NZ_LT221036.1	MPF_F	IncHI2;IncHI2A;IncQ1	225	0	0	GA	0															not_admitted	not_admitted	not_admitted	not_admitted	not_admitted	not_admitted	not_admitted	not_admitted	not_admitted	not_admitted	1	58;54232;55290;-;276.9			74;75364;78045;-;168.0		78;80375;81730;-;80.7	74;75364;78045;-;72.2	81;83454;84242;-;74.8	60;55432;56943;-;62.0	57;51025;54213;-;57.3		75;78054;79004;-;46.1		C	6/9	contiguous	32429	0	1	
NZ_LT221037.1	MPF_T	IncN	76	0	0	GA	1	60;47947;48681;-;32.5		57;46987;47304;-;63.3	56;44387;46987;-;113.8	56;44387;46987;-;76.4	55;43656;44369;-;105.5	53;42365;43405;-;142.4		52;41448;42146;-;131.9	51;40553;41437;-;159.7	50;39393;40553;-;156.3	49;38356;39351;-;81.2	23;14457;15986;+;38.5		pfam	both	A	7/7	canonical	1	0	unscoreable	3	0	0														not_admitted	not_admitted	not_admitted	not_admitted	not_admitted	not_admitted	not_admitted
NZ_LT221038.1	MPF_T	IncN	86	0	0	GA	1	76;70330;71067;-;32.0		73;69369;69686;-;63.3	72;66769;69369;-;111.8	72;66769;69369;-;76.4	71;66038;66751;-;105.5	69;64747;65787;-;142.4		68;63830;64528;-;131.9	67;62935;63819;-;159.7	66;61775;62935;-;156.3	65;60738;61733;-;81.2	18;22548;24077;-;38.5		pfam	both	A	7/7	canonical	1	0	unscoreable	3	0	0														not_admitted	not_admitted	not_admitted	not_admitted	not_admitted	not_admitted	not_admitted
NZ_LT222315.1	MPF_T	-	161	0	0	GA	1	103;95286;95993;-;37.9			31;26372;28804;-;72.5		30;25689;26375;-;56.8	28;24360;25292;-;137.2		27;23164;23952;-;102.0	26;22365;23174;-;143.3	25;20999;22378;-;128.9	93;85593;86651;-;50.4	16;13877;15529;-;259.3		pfam	pfam_only	A	7/7	canonical	1	0	unscoreable	13	0	0														not_admitted	not_admitted	not_admitted	not_admitted	not_admitted	not_admitted	not_admitted
NZ_LT575491.1	MPF_F	pSM22	172	0	0	GA	0															not_admitted	not_admitted	not_admitted	not_admitted	not_admitted	not_admitted	not_admitted	not_admitted	not_admitted	not_admitted	1	34;23508;24506;+;364.1	108;87879;89246;+;361.4	38;27238;28032;+;200.6	30;18577;21603;+;263.2	109;89246;92068;+;301.4	25;15608;17008;+;89.7	30;18577;21603;+;99.2	23;14327;14890;+;159.5	35;24517;25191;+;63.3	37;25337;27241;+;241.5	111;92610;94817;+;386.9	28;17707;18246;+;57.6	111;92610;94817;+;67.5	A	9/9	split_2	78283	1	1	92084..92620+;178;unnamed;0
NZ_LT575492.1	-	IncFII(Y);pSM22	73	0	0	GA	0															not_admitted	not_admitted	not_admitted	not_admitted	not_admitted	not_admitted	not_admitted	not_admitted	not_admitted	not_admitted	1	22;14033;15034;+;359.8	31;20353;21726;+;352.0	25;17381;18163;+;214.5	15;8883;11492;+;214.7	32;21730;24606;+;233.8	9;5479;6822;+;85.0	15;8883;11492;+;87.0	7;4205;4780;+;86.4	23;15034;15459;+;63.9	24;15540;17381;+;230.2	40;27519;29624;+;356.0	14;8372;8872;+;35.8	40;27519;29624;+;60.2	A	9/9	contiguous	23314	1	1	24593..25171+;192;unnamed;0
NZ_LT591899.1	MPF_T	-	47	0	0	GA	1		27;24626;25009;-;70.3		25;21743;24307;-;93.3	25;21743;24307;-;98.1	20;17518;18294;-;67.8	19;15676;17304;-;103.1		24;21036;21743;-;143.4	23;20157;21023;-;180.2	21;18307;19746;-;216.1	28;25111;26121;-;132.2	43;36857;38746;+;445.1		conjscan	conjscan_only	A	7/7	canonical	1	0	unscoreable	3	0	0														not_admitted	not_admitted	not_admitted	not_admitted	not_admitted	not_admitted	not_admitted
NZ_LT591902.1	MPF_T	-	45	0	0	GA	1		25;21676;22059;-;70.3	24;21354;21671;-;34.8	23;18793;21357;-;93.3	23;18793;21357;-;98.1	18;14568;15344;-;67.8	17;12726;14333;-;103.7		22;18086;18793;-;141.7	21;17207;18073;-;180.2	19;15357;16796;-;216.1	26;22161;23159;-;132.2	41;33907;35796;+;441.7		conjscan	conjscan_only	A	7/7	canonical	1	0	unscoreable	2	0	0														not_admitted	not_admitted	not_admitted	not_admitted	not_admitted	not_admitted	not_admitted
NZ_LT591906.1	MPF_T	-	45	0	0	GA	1		25;21676;22059;-;70.3	24;21354;21671;-;34.8	23;18793;21357;-;93.3	23;18793;21357;-;98.1	18;14568;15344;-;67.8	17;12726;14333;-;103.2		22;18086;18793;-;143.4	21;17207;18073;-;180.2	19;15357;16796;-;216.1	26;22161;23159;-;131.4	41;33868;35757;+;445.1		conjscan	conjscan_only	A	7/7	canonical	1	0	unscoreable	2	0	0														not_admitted	not_admitted	not_admitted	not_admitted	not_admitted	not_admitted	not_admitted
NZ_LT591912.1	MPF_T	-	47	0	0	GA	1		27;24626;25009;-;70.3		25;21743;24307;-;93.3	25;21743;24307;-;98.1	20;17518;18294;-;67.8	19;15676;17304;-;103.1		24;21036;21743;-;143.4	23;20157;21023;-;180.2	21;18307;19746;-;216.1	28;25111;26121;-;132.2	43;36857;38746;+;445.1		conjscan	conjscan_only	A	7/7	canonical	1	0	unscoreable	3	0	0														not_admitted	not_admitted	not_admitted	not_admitted	not_admitted	not_admitted	not_admitted
NZ_LT592148.1	MPF_T	-	45	0	0	GA	1		25;21676;22059;-;70.3	24;21354;21671;-;34.8	23;18793;21357;-;93.3	23;18793;21357;-;98.1	18;14568;15344;-;67.8	17;12726;14333;-;103.2		22;18086;18793;-;143.4	21;17207;18073;-;180.2	19;15357;16796;-;216.1	26;22161;23159;-;132.2	41;33868;35757;+;445.1		conjscan	conjscan_only	A	7/7	canonical	1	0	unscoreable	2	0	0														not_admitted	not_admitted	not_admitted	not_admitted	not_admitted	not_admitted	not_admitted
NZ_LT592164.1	MPF_T	-	45	0	0	GA	1		25;21676;22059;-;70.3	24;21354;21671;-;34.8	23;18793;21357;-;93.3	23;18793;21357;-;98.1	18;14568;15344;-;67.8	17;12726;14333;-;103.2		22;18086;18793;-;143.4	21;17207;18073;-;180.2	19;15357;16796;-;216.1	26;22161;23159;-;132.2	41;33907;35796;+;445.1		conjscan	conjscan_only	A	7/7	canonical	1	0	unscoreable	2	0	0														not_admitted	not_admitted	not_admitted	not_admitted	not_admitted	not_admitted	not_admitted
NZ_LT598658.1	MPF_F	-	141	0	0	GA	0															not_admitted	not_admitted	not_admitted	not_admitted	not_admitted	not_admitted	not_admitted	not_admitted	not_admitted	not_admitted	1	24;20349;21314;+;347.3	29;25088;26458;+;321.2	27;23782;24570;+;140.4	21;16642;19359;+;204.8	30;26455;29214;+;260.5	20;15079;16533;+;45.2	21;16642;19359;+;101.7	18;13791;14348;+;94.4	25;21331;21993;+;81.2	26;22022;23785;+;214.0	31;29293;31296;+;365.3		31;29293;31296;+;70.6	B	8/9	contiguous	15502	1	1	29293..31296+;667;unnamed;0
NZ_LT599826.1	MPF_F	IncFIB(AP001918);IncFII	154	1	1	GA	1	82;73255;73902;+;76.4		22;23158;23475;-;63.3	21;20558;23158;-;111.8	21;20558;23158;-;76.4	20;19827;20540;-;105.5	18;18536;19576;-;142.4		17;17619;18317;-;131.9	16;16724;17608;-;159.7	15;15564;16724;-;156.3	14;14527;15522;-;81.2	47;43856;46054;-;32.1	62;58375;60183;-;267.1	pfam	both	A	7/7	canonical	1	0	unscoreable	20	0	1	65;61162;62154;-;369.5	51;50402;51775;-;382.9	60;57355;58098;-;234.4	68;63163;65790;-;300.9	50;47586;50405;-;385.4	15;15564;16724;-;156.3	68;63163;65790;-;101.1	76;70085;70651;-;182.7	63;60180;60818;-;70.7	62;58375;60183;-;267.1	47;43856;46054;-;380.8	70;66306;66821;-;76.0	47;43856;46054;-;66.5	A	9/9	split_2	54521	1	1	47070..47561-;163;TraS;0
NZ_LT599827.1	MPF_T	IncN	102	0	0	GA	1	91;80831;81568;-;32.0		88;79870;80187;-;63.3	87;77270;79870;-;111.8	87;77270;79870;-;76.4	86;76539;77252;-;105.5	84;75476;76288;-;143.6		83;74330;75028;-;131.9	82;73435;74319;-;159.7	81;72275;73435;-;156.3	80;71238;72233;-;81.2	26;20066;21595;+;38.5		pfam	both	A	7/7	canonical	1	0	unscoreable	3	0	0														not_admitted	not_admitted	not_admitted	not_admitted	not_admitted	not_admitted	not_admitted
NZ_LT599829.1	MPF_F	IncHI2;IncHI2A	266	0	0	GA	0															not_admitted	not_admitted	not_admitted	not_admitted	not_admitted	not_admitted	not_admitted	not_admitted	not_admitted	not_admitted	1	27;31710;32768;+;276.9	177;163047;164462;-;194.1	178;164452;165498;-;174.3	11;8955;11636;+;168.0	176;159085;163038;-;101.6	7;5270;6625;+;80.7	11;8955;11636;+;72.2	4;2758;3546;+;74.8	25;30057;31568;+;62.0	28;32787;35975;+;57.3	185;172540;174624;+;56.8	10;7996;8946;+;46.1	185;172540;174624;+;38.8	A	9/9	split_3	169782	1	1	157615..158904-;429;unnamed;0
NZ_LT795115.1	MPF_F	IncHI2;IncHI2A	268	0	0	GA	0															not_admitted	not_admitted	not_admitted	not_admitted	not_admitted	not_admitted	not_admitted	not_admitted	not_admitted	not_admitted	1	189;169266;170324;-;276.9	32;26841;28256;+;194.1	31;25805;26851;+;174.3	205;189896;192577;-;168.0	33;28265;32218;+;101.7	209;194907;196262;-;80.7	205;189896;192577;-;72.2	212;197986;198774;-;74.8	191;170466;171977;-;62.0	188;166059;169247;-;57.3	24;16679;18763;-;56.8	206;192586;193536;-;46.1	24;16679;18763;-;38.8	A	9/9	split_2	181307	1	1	32399..33688+;429;unnamed;0
NZ_LT795503.1	MPF_F	IncFIA(HI1);IncHI1A;IncHI1B(R27)	242	0	0	GA	0															not_admitted	not_admitted	not_admitted	not_admitted	not_admitted	not_admitted	not_admitted	not_admitted	not_admitted	not_admitted	1	220;196378;197430;+;277.6	112;102119;103534;-;201.7	113;103524;104570;-;171.3	201;174639;177320;+;160.6	111;98121;102110;-;103.1	197;170933;172291;+;84.0	201;174639;177320;+;76.5	194;168481;169266;+;68.7	218;194725;196233;+;65.6	221;197453;200629;+;58.9	119;111505;113589;+;50.2	200;173680;174630;+;45.2	119;111505;113589;+;36.5	A	9/9	split_3	99332	0	1	
NZ_LT795505.1	MPF_F	IncFII	82	0	0	GA	0															not_admitted	not_admitted	not_admitted	not_admitted	not_admitted	not_admitted	not_admitted	not_admitted	not_admitted	not_admitted	1	19;22808;23800;-;369.5	9;15656;17029;-;381.7	14;18959;19702;-;234.4	22;24809;27439;-;304.1	8;12837;15659;-;374.0	30;30841;32292;-;94.2	22;24809;27439;-;97.1	32;33007;33573;-;174.3	17;21826;22464;-;68.6	16;19979;21829;-;266.1	4;8331;10565;-;391.1	27;29466;29981;-;78.4	4;8331;10565;-;70.3	A	9/9	contiguous	24676	1	1	12336..12815-;159;TraS;0
NZ_LT795506.1	MPF_T	IncI2(Delta)	76	0	0	GA	1	64;43691;44173;-;81.1	3;3070;3360;-;28.9	2;2679;2963;-;36.5	1;316;2673;-;60.7	1;316;2673;-;44.0	12;8410;9051;-;42.9	13;9057;10052;-;128.5		75;55982;56473;-;108.7	74;55215;55985;-;170.5	73;54086;55225;-;154.7	67;45942;47480;-;208.0	71;51038;52996;-;288.2		pfam	pfam_only	A	7/7	rearranged	1	0	unscoreable	12	1	0														not_admitted	not_admitted	not_admitted	not_admitted	not_admitted	not_admitted	not_admitted
NZ_LT795507.1	MPF_T	-	49	0	0	GA	1	9;10900;11520;-;46.9	8;10560;10886;-;64.1	7;7794;10541;-;62.7	7;7794;10541;-;154.4	7;7794;10541;-;46.1	6;7066;7782;-;97.3	5;5976;7055;-;157.5		3;4775;5461;-;169.5	2;3870;4778;-;142.6	1;2759;3877;-;163.9	0;1729;2757;-;85.0			pfam	pfam_only	B	6/7	canonical	1	1	unscoreable	1	0	0														not_admitted	not_admitted	not_admitted	not_admitted	not_admitted	not_admitted	not_admitted
NZ_LT795508.1	MPF_T	IncN	51	0	0	GA	1	14;8007;8741;+;32.5	16;9041;9334;+;28.7	17;9384;9701;+;63.3	18;9701;12301;+;111.8	18;9701;12301;+;76.8	19;12319;13032;+;97.1	21;13283;14323;+;153.6		22;14542;15240;+;131.9	23;15251;16135;+;159.0	24;16135;17295;+;154.9	25;17337;18332;+;81.2	29;22901;24430;-;38.5		pfam	both	A	7/7	canonical	1	0	unscoreable	5	0	0														not_admitted	not_admitted	not_admitted	not_admitted	not_admitted	not_admitted	not_admitted
NZ_LT827129.1	MPF_T	IncX2	48	0	0	GA	1	17;19281;19925;-;47.1	16;19007;19297;-;73.5	15;16224;18983;-;44.8	15;16224;18983;-;133.3	15;16224;18983;-;71.9	14;15485;16222;-;57.5	12;14148;15203;-;131.7		11;13236;13958;-;116.0	10;12301;13230;-;132.4	9;11090;12304;-;128.6	8;10035;11072;-;66.4	7;8195;10030;-;543.4		pfam	pfam_only	A	7/7	canonical	1	1	unscoreable	1	0	0														not_admitted	not_admitted	not_admitted	not_admitted	not_admitted	not_admitted	not_admitted
NZ_LT838197.1	MPF_T	IncN	63	0	0	GA	1	48;41700;42437;-;32.0		45;40739;41056;-;63.3	44;38139;40739;-;111.8	44;38139;40739;-;76.4	43;37408;38121;-;105.5	41;36117;37157;-;142.4		40;35200;35898;-;131.9	39;34305;35189;-;159.7	38;33145;34305;-;156.3	37;32108;33103;-;81.2	22;14629;16158;+;38.5		pfam	both	A	7/7	canonical	1	0	unscoreable	3	0	0														not_admitted	not_admitted	not_admitted	not_admitted	not_admitted	not_admitted	not_admitted
NZ_LT838198.1	MPF_F	IncFII(pCoo)	71	0	0	GA	0															not_admitted	not_admitted	not_admitted	not_admitted	not_admitted	not_admitted	not_admitted	not_admitted	not_admitted	not_admitted	1	47;35331;36323;+;369.3	58;42373;43746;+;381.0	53;40040;40783;+;234.4	44;31692;34322;+;301.6	59;43743;46568;+;389.2	38;27879;29306;+;94.1	44;31692;34322;+;98.8	36;26598;27164;+;183.8	50;37320;37958;+;68.6	51;37955;39763;+;268.0	62;48071;50278;+;391.7	42;30428;30943;+;78.4	62;48071;50278;+;70.3	A	9/9	contiguous	21473	1	1	46565..47074+;169;unnamed;0
NZ_LT838201.1	MPF_T	IncX4	42	0	0	GA	1	10;4727;5347;+;41.6	11;5361;5687;+;64.4	12;5706;8453;+;63.8	12;5706;8453;+;151.8	12;5706;8453;+;46.1	13;8465;9181;+;94.2	14;9193;10287;+;150.1		16;10802;11488;+;169.0	17;11485;12393;+;142.4	18;12386;13504;+;163.9	19;13506;14534;+;85.0	20;14566;16383;+;314.8		pfam	pfam_only	A	7/7	canonical	1	1	unscoreable	1	0	0														not_admitted	not_admitted	not_admitted	not_admitted	not_admitted	not_admitted	not_admitted
NZ_LT838203.1	MPF_F	IncFII(pCoo)	71	0	0	GA	0															not_admitted	not_admitted	not_admitted	not_admitted	not_admitted	not_admitted	not_admitted	not_admitted	not_admitted	not_admitted	1	47;35331;36323;+;369.3	58;42373;43746;+;381.0	53;40040;40783;+;234.4	44;31692;34322;+;301.6	59;43743;46568;+;389.2	38;27879;29306;+;94.1	44;31692;34322;+;98.8	36;26598;27164;+;183.8	50;37320;37958;+;68.6	51;37955;39763;+;268.0	62;48071;50278;+;391.7	42;30428;30943;+;78.4	62;48071;50278;+;70.3	A	9/9	contiguous	21473	1	1	46565..47074+;169;unnamed;0
NZ_LT853883.1	MPF_T	-	38	0	0	GA	1	19;12528;13151;-;62.2	32;25987;26310;-;47.9	31;25611;25973;-;86.8	30;24620;25558;-;107.1	30;24620;25558;-;104.2	28;22463;23173;-;174.1	26;21193;22143;-;150.2		25;20016;20894;-;121.0	24;19210;20019;-;165.3	23;17999;19213;-;177.5	22;16938;17999;-;100.9	21;15005;16924;-;327.1		pfam	both	A	7/7	canonical	1	0	unscoreable	2	0	0														not_admitted	not_admitted	not_admitted	not_admitted	not_admitted	not_admitted	not_admitted
NZ_LT853886.1	MPF_T	-	38	0	0	GA	1	21;13765;14388;-;62.2	33;27224;27547;-;47.9	32;26848;27210;-;86.8	31;24407;26848;-;167.1	31;24407;26848;-;105.1	30;23700;24410;-;174.1	28;22430;23380;-;150.2		27;21253;22131;-;121.0	26;20447;21256;-;165.3	25;19236;20450;-;177.5	24;18175;19236;-;100.9	23;16242;18161;-;327.1		pfam	both	A	7/7	canonical	1	0	unscoreable	2	0	0														not_admitted	not_admitted	not_admitted	not_admitted	not_admitted	not_admitted	not_admitted
NZ_LT855377.1	MPF_F	IncFIB(S);IncFII(S);IncFII(pAR0022)	116	0	0	GA	0															not_admitted	not_admitted	not_admitted	not_admitted	not_admitted	not_admitted	not_admitted	not_admitted	not_admitted	not_admitted	1	97;72232;73224;+;366.7	106;78472;79854;+;392.4	103;76691;77440;+;231.0	94;68597;71245;+;314.0	107;79851;82673;+;394.4	86;64643;66064;+;91.5	94;68597;71245;+;97.8	84;63350;63916;+;188.1	99;73536;74174;+;70.6	101;74627;76453;+;271.0	110;84327;86489;+;374.1	89;66870;67385;+;96.7	110;84327;86489;+;72.1	A	9/9	contiguous	20977	1	1	82695..83183+;162;TraS;0
NZ_LT882487.1	MPF_T	IncY	82	0	0	GA	1	51;51052;51714;+;48.3	52;51725;52024;+;36.6	53;52034;54784;+;61.8	53;52034;54784;+;132.4	53;52034;54784;+;47.3	54;54803;55519;+;137.0	56;55833;56840;+;137.8		58;57050;57736;+;158.3	59;57729;58622;+;147.4	60;58619;59815;+;134.7	61;59819;60868;+;71.5	68;65606;67513;+;24.4		pfam	pfam_only	A	7/7	canonical	1	1	unscoreable	8	0	0														not_admitted	not_admitted	not_admitted	not_admitted	not_admitted	not_admitted	not_admitted
NZ_LT882698.1	MPF_F	IncC;IncFIB(pQil)	398	0	0	GA	0															not_admitted	not_admitted	not_admitted	not_admitted	not_admitted	not_admitted	not_admitted	not_admitted	not_admitted	not_admitted	1	354;282055;283047;+;362.9	365;289055;290422;+;380.9	360;286601;287353;+;235.3	141;112326;114773;-;354.5	247;192520;196134;-;375.3	146;122329;123645;-;135.0	141;112326;114773;-;128.3	341;272561;273127;+;168.5	138;110239;111504;-;67.9	356;283757;285712;+;255.2	370;295011;297296;+;391.4	145;121754;122332;-;100.2	181;149670;151775;-;97.8	A	9/9	split_4	184772	0	1	
NZ_LT882699.1	MPF_F	IncC	222	0	0	GA	0															not_admitted	not_admitted	not_admitted	not_admitted	not_admitted	not_admitted	not_admitted	not_admitted	not_admitted	not_admitted	1	196;148579;149586;-;332.9	84;52940;54373;-;339.2	85;54375;55403;-;221.7	201;152338;154785;-;354.5	83;49313;52927;-;375.3	206;162341;163657;-;135.0	201;152338;154785;-;128.3	208;164555;165181;-;92.7	198;150251;151516;-;67.9	195;145665;148463;-;145.3	217;168991;170856;-;47.3	205;161766;162344;-;100.2	217;168991;170856;-;52.0	A	9/9	split_2	119678	0	1	
NZ_LT906491.1	MPF_F	IncHI1A;IncHI1B(R27);IncQ1	241	0	0	GA	0															not_admitted	not_admitted	not_admitted	not_admitted	not_admitted	not_admitted	not_admitted	not_admitted	not_admitted	not_admitted	1	104;87686;88738;+;277.6	232;203225;204640;-;201.7	233;204630;205676;-;171.3	79;59201;61882;+;160.6	231;201153;203216;-;108.6	75;55495;56853;+;84.0	79;59201;61882;+;76.5	72;53043;53828;+;68.7	102;86033;87541;+;65.6	105;88761;91937;+;58.9	239;212611;214695;+;50.2	78;58242;59192;+;45.2	239;212611;214695;+;36.5	A	9/9	split_3	159568	1	1	199228..201093-;621;unnamed;0
NZ_LT906556.1	MPF_F	IncFIB(AP001918);IncFII(pCoo)	160	0	0	GA	0															not_admitted	not_admitted	not_admitted	not_admitted	not_admitted	not_admitted	not_admitted	not_admitted	not_admitted	not_admitted	1		105;112858;114231;-;380.4		107;114523;117015;-;303.7	104;110039;112861;-;386.8	111;118927;120354;-;94.3	107;114523;117015;-;100.2	113;121069;121635;-;183.8			101;106325;108505;-;391.8	108;117531;118046;-;78.0	101;106325;108505;-;70.4	D	5/9	contiguous	14744	1	0	109521..110018-;165;TraS;0
NZ_LT907984.1	MPF_T	rep38	84	0	0	GA	1				13;10899;12914;+;23.6									19;16940;18493;+;462.3		none	none	D	2/7	uncallable	0	0	unscoreable	5	0	0														not_admitted	not_admitted	not_admitted	not_admitted	not_admitted	not_admitted	not_admitted
NZ_LT907987.1	MPF_T	rep38	89	0	0	GA	1				14;10617;12632;+;23.6									20;16658;18211;+;457.9		none	none	D	2/7	uncallable	0	0	unscoreable	5	0	0														not_admitted	not_admitted	not_admitted	not_admitted	not_admitted	not_admitted	not_admitted
NZ_LT960613.1	MPF_F	-	87	0	0	GA	0															not_admitted	not_admitted	not_admitted	not_admitted	not_admitted	not_admitted	not_admitted	not_admitted	not_admitted	not_admitted	1	15;12412;13422;+;378.4	22;17777;19108;+;302.0	20;16498;17277;+;168.4	14;9041;12286;+;188.9	23;19186;22017;+;289.5	11;6757;8265;+;78.8	14;9041;12286;+;95.7	9;5414;5989;+;118.2	18;13993;14700;+;92.1	19;14714;16444;+;219.1	28;24563;26668;+;391.5	12;8269;8649;+;33.8	28;24563;26668;+;78.2	A	9/9	contiguous	19149	1	1	22110..22640+;176;unnamed;0
NZ_LT960615.1	MPF_T	-	122	0	0	GA	1		86;88797;89171;-;77.1	85;88505;88804;-;59.6	84;86054;88498;-;161.7	84;86054;88498;-;126.6	83;85282;86082;-;52.3	81;83929;85092;-;111.4		80;83258;83920;-;124.2	79;82413;83237;-;180.9	77;80629;81945;-;226.1	87;89161;90132;-;128.9	13;12302;14218;-;509.6		conjscan	conjscan_only	A	7/7	canonical	1	0	unscoreable	3	0	0														not_admitted	not_admitted	not_admitted	not_admitted	not_admitted	not_admitted	not_admitted
NZ_LT963393.1	MPF_T	-	97	0	0	GA	1	66;61360;62067;-;34.0		64;60524;61012;-;24.0	63;58123;60555;-;69.5		62;57446;58126;-;48.1	60;56254;57198;-;120.0		58;55058;55846;-;100.1	57;54259;55068;-;141.2	55;52937;53728;-;131.1	54;51872;52927;-;50.9	45;46785;48446;-;264.8		pfam	pfam_only	A	7/7	canonical	1	0	unscoreable	11	0	0														not_admitted	not_admitted	not_admitted	not_admitted	not_admitted	not_admitted	not_admitted
NZ_LT963394.1	MPF_I	-	115	0	0	GA	1	93;90832;91323;+;80.8		27;30335;30823;+;24.0	28;30792;33224;+;69.5		29;33221;33907;+;48.1						96;92627;93799;+;103.2			pfam	pfam_only	D	2/7	uncallable	0	0	unscoreable	3	0	0														not_admitted	not_admitted	not_admitted	not_admitted	not_admitted	not_admitted	not_admitted
NZ_LT963397.1	MPF_T	-	149	0	0	GA	1	80;78188;78895;-;37.9			77;74951;77383;-;72.5		76;74268;74954;-;56.8	74;72927;73859;-;137.2		73;71731;72519;-;102.0	72;70932;71741;-;143.3	140;135195;136574;-;129.9	69;68502;69554;-;42.0	131;128073;129725;-;259.3		pfam	pfam_only	A	7/7	canonical	1	0	unscoreable	17	0	0														not_admitted	not_admitted	not_admitted	not_admitted	not_admitted	not_admitted	not_admitted
NZ_LT963405.1	MPF_T	-	125	0	0	GA	1	101;85731;86438;-;35.8			98;82494;84926;-;70.7		97;81811;82497;-;55.6	95;80482;81414;-;129.3		94;79284;80072;-;101.5	93;78485;79294;-;137.3	92;77119;78498;-;129.1	91;76057;77109;-;42.0			pfam	pfam_only	B	6/7	canonical	1	0	unscoreable	3	0	0														not_admitted	not_admitted	not_admitted	not_admitted	not_admitted	not_admitted	not_admitted
NZ_LT963410.1	MPF_T	-	133	0	0	GA	1	82;63587;64294;-;35.9			80;60776;62902;-;74.0		126;103868;104548;+;54.4	128;104796;105740;+;122.3		129;106149;106937;+;101.3	72;56368;57177;-;142.4	71;55008;56381;-;125.8	132;109106;110164;+;45.5	58;47865;48821;-;146.3		pfam	pfam_only	A	7/7	uncallable	0	0	unscoreable	18	0	0														not_admitted	not_admitted	not_admitted	not_admitted	not_admitted	not_admitted	not_admitted
NZ_LT984690.1	MPF_F	-	113	0	0	GA	0															not_admitted	not_admitted	not_admitted	not_admitted	not_admitted	not_admitted	not_admitted	not_admitted	not_admitted	not_admitted	1	100;64455;65498;+;369.2	105;69481;70908;+;325.8	103;68267;69079;+;219.1	96;60167;62893;+;164.6	106;70924;73926;+;208.7	92;57169;58485;+;102.7	96;60167;62893;+;108.4	90;55878;56456;+;83.7	101;65513;66220;+;107.6	102;66217;68274;+;91.0	70;41919;44078;+;381.3	95;59513;60157;+;41.9	70;41919;44078;+;90.0	A	9/9	contiguous	29005	1	1	73998..74516+;172;unnamed;0
NZ_LT984809.1	MPF_T	-	548	0	0	GA	1	22;17436;17876;-;70.6	29;24222;24569;+;28.4		544;503325;504707;+;68.5	31;24895;25575;+;91.0		34;28095;29144;+;60.2		27;22028;22735;-;96.8	26;21109;22011;-;166.5	25;19877;21109;-;182.8	16;11434;13236;-;176.3	36;30382;32238;+;48.4		none	none	A	7/7	rearranged	0	0	unscoreable	19	0	0														not_admitted	not_admitted	not_admitted	not_admitted	not_admitted	not_admitted	not_admitted
NZ_LT985190.1	MPF_T	-	90	0	0	GA	1	73;68166;68873;+;38.1			75;69558;72110;+;71.6		76;72107;72787;+;55.6	78;73035;73979;+;122.3		79;74391;75179;+;102.2	80;75169;75978;+;137.8	81;75965;77326;+;127.3	82;77336;78394;+;55.9	88;82338;82556;+;39.3		pfam	pfam_only	A	7/7	canonical	1	0	unscoreable	7	0	0														not_admitted	not_admitted	not_admitted	not_admitted	not_admitted	not_admitted	not_admitted
NZ_LT985193.1	MPF_T	-	73	0	0	GA	1	55;45982;46689;-;38.0			52;42745;45177;-;70.6		51;42062;42748;-;55.5	49;40733;41665;-;133.3		47;39562;40350;-;100.0	46;38763;39572;-;142.3	45;37397;38776;-;125.8	44;36329;37387;-;45.5	35;29433;31064;-;259.1		pfam	pfam_only	A	7/7	canonical	1	0	unscoreable	11	0	0														not_admitted	not_admitted	not_admitted	not_admitted	not_admitted	not_admitted	not_admitted
NZ_LT985211.1	MPF_T	-	110	0	0	GA	1	2;1014;1721;-;34.0		0;178;666;-;24.0	109;91798;93936;-;69.7		30;20807;21493;+;48.1	106;89929;90873;-;120.0		104;88733;89521;-;100.1	103;87934;88743;-;141.2	101;86612;87403;-;131.1	100;85547;86602;-;50.9	91;80461;82122;-;264.8		pfam	pfam_only	A	7/7	canonical	1	0	unscoreable	12	0	0														not_admitted	not_admitted	not_admitted	not_admitted	not_admitted	not_admitted	not_admitted
NZ_LT985213.1	MPF_F	IncFIA;IncFII	147	0	0	GA	0															not_admitted	not_admitted	not_admitted	not_admitted	not_admitted	not_admitted	not_admitted	not_admitted	not_admitted	not_admitted	1	97;78977;79969;+;369.5	108;85704;87077;+;382.9	102;83033;83776;+;234.4	94;75341;77968;+;300.9	109;87074;89893;+;385.4	88;71761;73188;+;93.9	94;75341;77968;+;101.1	86;70480;71046;+;182.7	99;80313;80951;+;70.7	100;80948;82756;+;267.1	112;91424;93640;+;380.8	92;74310;74825;+;76.0	112;91424;93640;+;66.5	A	9/9	contiguous	20944	1	1	89918..90409+;163;TraS;0
NZ_LT985214.1	MPF_F	IncFII	81	0	0	GA	0															not_admitted	not_admitted	not_admitted	not_admitted	not_admitted	not_admitted	not_admitted	not_admitted	not_admitted	not_admitted	1	62;56004;56996;-;369.5	52;48852;50225;-;381.7	57;52155;52898;-;234.4	65;58005;60635;-;304.1	51;46033;48855;-;374.0	73;64037;65488;-;94.2	65;58005;60635;-;96.8	75;66203;66769;-;174.3	60;55022;55660;-;68.6	59;53175;55025;-;266.1	47;41500;43761;-;391.1	70;62662;63177;-;78.4	47;41500;43761;-;70.3	A	9/9	contiguous	24703	1	1	45532..46011-;159;TraS;0
NZ_LT985217.1	MPF_F	IncFII(pRSB107)	80	0	0	GA	0															not_admitted	not_admitted	not_admitted	not_admitted	not_admitted	not_admitted	not_admitted	not_admitted	not_admitted	not_admitted	1	23;17839;18831;+;369.5	35;24885;26258;+;381.7	28;21937;22680;+;233.1	20;14200;16830;+;297.8	36;26255;29077;+;388.5	12;9349;10800;+;93.8	20;14200;16830;+;98.7	6;3686;4252;+;175.8	25;19175;19813;+;68.2	26;19810;21660;+;266.1	40;31349;33592;+;391.7	15;11660;12175;+;78.8	40;31349;33592;+;70.3	A	9/9	contiguous	27663	1	1	29098..29595+;165;TraS;0
NZ_LT985219.1	MPF_F	Col156;IncFIB(AP001918);IncFII	144	0	0	GA	0															not_admitted	not_admitted	not_admitted	not_admitted	not_admitted	not_admitted	not_admitted	not_admitted	not_admitted	not_admitted	1	51;38338;39330;+;369.5	66;46798;48171;+;381.7	59;43850;44593;+;234.4	48;34699;37329;+;297.8	67;48168;50987;+;373.5	41;29980;31431;+;93.8	48;34699;37329;+;99.0	39;28699;29265;+;174.3	54;40273;40911;+;70.8	57;41723;43573;+;270.8	71;53256;55535;+;391.6	44;32291;32806;+;82.8	71;53256;55535;+;70.3	A	9/9	contiguous	24557	1	1	51017..51502+;161;TraS;0
NZ_LT985220.1	MPF_F	IncC	215	0	0	GA	0															not_admitted	not_admitted	not_admitted	not_admitted	not_admitted	not_admitted	not_admitted	not_admitted	not_admitted	not_admitted	1	164;131421;132428;+;332.9	50;43417;44850;+;339.2	49;42387;43415;+;221.7	159;126222;128669;+;354.5	51;44863;48477;+;375.3	154;117350;118666;+;135.0	159;126222;128669;+;128.3	152;115826;116452;+;92.7	162;129491;130756;+;67.9	165;132544;135342;+;145.3	117;89221;91326;+;92.6	155;118663;119241;+;100.2	117;89221;91326;+;97.8	A	9/9	split_3	90157	0	1	
NZ_LT985221.1	MPF_F	IncFIA;IncFII	145	0	0	GA	0															not_admitted	not_admitted	not_admitted	not_admitted	not_admitted	not_admitted	not_admitted	not_admitted	not_admitted	not_admitted	1	51;50999;51991;-;369.5	40;44144;45517;-;382.9	46;47445;48188;-;234.4	54;53000;55627;-;300.9	39;42216;44147;-;386.8	60;57780;59207;-;93.9	54;53000;55627;-;101.1	62;59922;60488;-;182.7	49;50041;50655;-;70.6	48;48465;49985;-;267.7	35;37572;39797;-;380.7	56;56143;56658;-;76.0	35;37572;39797;-;66.5	A	9/9	contiguous	22350	1	1	41329..42258-;309;unnamed;0
NZ_LT985222.1	MPF_F	IncC	214	0	0	GA	0															not_admitted	not_admitted	not_admitted	not_admitted	not_admitted	not_admitted	not_admitted	not_admitted	not_admitted	not_admitted	1	148;121708;122715;+;332.9	34;33705;35138;+;339.2	33;32675;33703;+;221.7	143;116509;118956;+;354.5	35;35151;38765;+;375.3	138;107637;108953;+;135.0	143;116509;118956;+;128.3	136;106113;106739;+;92.7	146;119778;121043;+;67.9	149;122831;125629;+;145.3	101;79508;81613;+;92.6	139;108950;109528;+;100.2	101;79508;81613;+;97.8	A	9/9	split_3	90156	0	1	
NZ_LT985223.1	MPF_T	IncN2	56	0	0	GA	1	37;30979;31761;-;33.3	35;30436;30732;-;36.0	34;30079;30396;-;71.9	33;27505;30078;-;118.0	33;27505;30078;-;74.2	32;26776;27489;-;107.4	30;25470;26507;-;119.6	29;25262;25393;-;40.1	28;24556;25251;-;132.6	27;23658;24545;-;147.8	26;22525;23658;-;166.3	25;21473;22474;-;90.1	9;4940;6472;+;51.8		pfam	both	A	7/7	canonical	1	0	ga	2	0	0														not_admitted	not_admitted	not_admitted	not_admitted	not_admitted	not_admitted	not_admitted
NZ_LT985224.1	MPF_F	IncC	188	0	0	GA	0															not_admitted	not_admitted	not_admitted	not_admitted	not_admitted	not_admitted	not_admitted	not_admitted	not_admitted	not_admitted	1	139;114141;115148;-;332.9	69;50755;52188;-;339.2	70;52190;53218;-;221.7	144;117900;120347;-;354.5	68;47128;50742;-;375.3	12;13675;14835;-;156.3	144;117900;120347;-;128.3	151;130117;130743;-;92.7	141;115813;117078;-;67.9	138;111227;114025;-;145.3	160;134553;136418;-;47.3	148;127328;127906;-;100.2	160;134553;136418;-;52.0	A	9/9	split_3	120878	0	1	
NZ_LT985225.1	MPF_F	IncC	216	0	0	GA	0															not_admitted	not_admitted	not_admitted	not_admitted	not_admitted	not_admitted	not_admitted	not_admitted	not_admitted	not_admitted	1	70;55275;56282;-;332.9	183;142852;144285;-;339.2	184;144287;145315;-;221.7	75;59034;61481;-;354.5	182;139225;142839;-;375.3	80;69037;70353;-;135.0	75;59034;61481;-;128.3	82;71251;71877;-;92.7	72;56947;58212;-;67.9	69;52361;55159;-;145.3	117;96377;98482;-;92.6	79;68462;69040;-;100.2	117;96377;98482;-;97.8	A	9/9	split_3	91926	0	1	
NZ_LT985226.1	MPF_F	Col156;IncFIB(AP001918);IncFII	141	0	0	GA	0															not_admitted	not_admitted	not_admitted	not_admitted	not_admitted	not_admitted	not_admitted	not_admitted	not_admitted	not_admitted	1	52;38307;39299;+;369.5	67;46767;48140;+;381.7	60;43819;44562;+;234.4	49;34668;37298;+;297.8	68;48137;50956;+;373.5	42;29949;31400;+;93.8	49;34668;37298;+;99.0	40;28668;29234;+;174.3	55;40242;40880;+;70.8	58;41692;43542;+;270.8	72;53226;55487;+;391.6	45;32260;32775;+;82.8	72;53226;55487;+;70.3	A	9/9	contiguous	24558	1	1	50981..51472+;163;TraS;0
NZ_LT985227.1	MPF_F	IncFII	109	0	0	GA	0															not_admitted	not_admitted	not_admitted	not_admitted	not_admitted	not_admitted	not_admitted	not_admitted	not_admitted	not_admitted	1	91;82439;83431;-;369.5	80;75331;76704;-;382.9	86;78632;79375;-;233.4	94;84440;87067;-;300.9	79;72515;75334;-;385.4	100;89220;90647;-;93.9	94;84440;87067;-;101.1	102;91362;91928;-;182.7	89;81457;82095;-;70.7	88;79652;81460;-;264.7	76;68740;70983;-;391.7	96;87583;88098;-;76.0	76;68740;70983;-;70.3	A	9/9	contiguous	22622	1	1	71999..72490-;163;TraS;0
NZ_LT985228.1	MPF_F	IncC	199	0	0	GA	0															not_admitted	not_admitted	not_admitted	not_admitted	not_admitted	not_admitted	not_admitted	not_admitted	not_admitted	not_admitted	1	138;108748;109755;-;332.9	48;32550;33983;-;330.2	49;33985;35013;-;221.7	143;112507;114954;-;354.5	47;28923;32537;-;375.3	148;122510;123826;-;135.0	143;112507;114954;-;128.3	150;124724;125350;-;92.7	140;110420;111685;-;67.9	137;105834;108632;-;145.3	159;129160;131025;-;47.3	147;121935;122513;-;100.2	159;129160;131025;-;52.0	A	9/9	split_2	100237	0	1	
NZ_LT985234.1	MPF_T	IncY	92	0	0	GA	1	13;10552;11214;-;48.3	12;10242;10541;-;36.6	11;7482;10232;-;61.8	11;7482;10232;-;134.0	11;7482;10232;-;47.3	10;6747;7463;-;137.0	8;5426;6433;-;137.8		6;4530;5216;-;158.2	5;3644;4537;-;147.4	4;2451;3647;-;131.8	3;1398;2447;-;71.5	89;87824;89731;-;24.4		pfam	pfam_only	A	7/7	canonical	1	1	unscoreable	2	0	0														not_admitted	not_admitted	not_admitted	not_admitted	not_admitted	not_admitted	not_admitted
NZ_LT985239.1	-	-	46	0	0	GA	1	34;25296;25898;-;48.3	33;25012;25299;-;48.4	32;22894;24996;-;59.4	32;22894;24996;-;140.6	32;22894;24996;-;57.8	30;21543;22250;-;113.5	28;20238;21296;-;127.8		26;19186;19875;-;138.6	25;18281;19189;-;132.8	24;17008;18291;-;126.2	23;16244;17008;-;59.3	22;14156;15988;-;412.1		pfam	pfam_only	A	7/7	canonical	1	1	unscoreable	3	0	0														not_admitted	not_admitted	not_admitted	not_admitted	not_admitted	not_admitted	not_admitted
NZ_LT985242.1	MPF_T	IncN	54	0	0	GA	1	35;30627;31361;-;32.5	33;30034;30327;-;28.7	32;29667;29984;-;63.3	31;27067;29667;-;111.8	31;27067;29667;-;76.8	30;26336;27049;-;97.1	28;25045;26085;-;153.6		27;24128;24826;-;131.9	26;23233;24117;-;159.0	25;22073;23233;-;154.9	24;21036;22031;-;81.2	20;14938;16467;+;38.5		pfam	both	A	7/7	canonical	1	0	unscoreable	5	0	0														not_admitted	not_admitted	not_admitted	not_admitted	not_admitted	not_admitted	not_admitted
NZ_LT985243.1	MPF_F	IncC	200	0	0	GA	0															not_admitted	not_admitted	not_admitted	not_admitted	not_admitted	not_admitted	not_admitted	not_admitted	not_admitted	not_admitted	1	77;64838;65845;-;332.9	185;145856;147289;-;339.2	186;147291;148319;-;221.7	82;68597;71044;-;354.5	184;142229;145843;-;375.3	87;78600;79916;-;135.0	82;68597;71044;-;128.3	89;80814;81440;-;92.7	79;66510;67775;-;67.9	76;61924;64722;-;145.3	98;85250;87115;-;47.3	86;78025;78603;-;100.2	98;85250;87115;-;52.0	A	9/9	split_2	85367	0	1	
NZ_LT985245.1	MPF_T	IncN	51	0	0	GA	1	33;28489;29223;-;32.5	31;27896;28189;-;28.7	30;27529;27846;-;63.3	29;24929;27529;-;111.8	29;24929;27529;-;76.8	28;24198;24911;-;97.1	26;22907;23947;-;153.6		25;21990;22688;-;131.9	24;21095;21979;-;159.0	23;19935;21095;-;154.9	22;18898;19893;-;81.2	18;12801;14330;+;38.5		pfam	both	A	7/7	canonical	1	0	unscoreable	5	0	0														not_admitted	not_admitted	not_admitted	not_admitted	not_admitted	not_admitted	not_admitted
NZ_LT985249.1	MPF_F	IncC;IncR	255	0	0	GA	0															not_admitted	not_admitted	not_admitted	not_admitted	not_admitted	not_admitted	not_admitted	not_admitted	not_admitted	not_admitted	1	111;99380;100387;-;332.9	217;179399;180832;-;339.2	218;180834;181862;-;221.7	116;103139;105586;-;354.5	216;175772;179386;-;375.3	121;113142;114458;-;135.0	116;103139;105586;-;128.3	123;115356;115982;-;92.7	113;101052;102317;-;67.9	110;96466;99264;-;145.3	132;119792;121657;-;47.3	120;112567;113145;-;100.2	132;119792;121657;-;52.0	A	9/9	split_2	84368	0	1	
NZ_LT985250.1	MPF_F	IncC;IncN2	254	0	0	GA	0															not_admitted	not_admitted	not_admitted	not_admitted	not_admitted	not_admitted	not_admitted	not_admitted	not_admitted	not_admitted	1	141;109159;110166;+;332.9	33;27599;29032;+;339.2	32;26569;27597;+;221.7	136;103960;106407;+;354.5	34;29045;32659;+;375.3	131;95088;96404;+;135.0	136;103960;106407;+;128.3	129;93564;94190;+;92.7	139;107229;108494;+;67.9	142;110282;113080;+;145.3	238;187578;189110;+;279.1	132;96401;96979;+;100.2	238;187578;189110;+;65.3	A	9/9	split_3	161009	0	1	
NZ_LT985251.1	MPF_T	IncN	50	0	0	GA	1	33;28547;29281;-;32.5	31;27954;28247;-;28.7	30;27587;27904;-;63.3	29;24988;27474;-;112.0	29;24988;27474;-;74.0	28;24257;24970;-;97.1	26;22966;24006;-;153.6		25;22049;22747;-;131.9	24;21154;22038;-;159.0	23;19994;21154;-;154.9	22;18957;19952;-;81.2	18;12860;14389;+;38.5		pfam	both	A	7/7	canonical	1	0	unscoreable	5	0	0														not_admitted	not_admitted	not_admitted	not_admitted	not_admitted	not_admitted	not_admitted
NZ_LT985252.1	MPF_F	IncFIB(AP001918);IncFIC(FII)	210	0	0	GA	0															not_admitted	not_admitted	not_admitted	not_admitted	not_admitted	not_admitted	not_admitted	not_admitted	not_admitted	not_admitted	1	121;110578;111570;-;369.5	109;103182;104555;-;380.9	116;106729;107472;-;234.4	124;112579;115209;-;304.1	108;100360;103185;-;387.0	131;118208;119659;-;94.2	124;112579;115209;-;97.1	182;160303;160869;-;181.6	119;109596;110234;-;68.6	118;107749;109599;-;266.1	105;96703;98856;-;391.9	128;116833;117348;-;78.4	105;96703;98856;-;70.4	A	9/9	split_2	63600	1	1	99854..100363-;169;unnamed;0
NZ_LT985253.1	MPF_F	IncC	198	0	0	GA	0															not_admitted	not_admitted	not_admitted	not_admitted	not_admitted	not_admitted	not_admitted	not_admitted	not_admitted	not_admitted	1	111;84342;85349;+;332.9	3;2896;4329;+;339.2	2;1866;2894;+;221.7	106;79143;81590;+;354.5	4;4342;7956;+;375.3	101;70271;71587;+;135.0	106;79143;81590;+;128.3	99;68747;69373;+;92.7	109;82412;83677;+;67.9	112;85465;88263;+;145.3	90;63072;64937;+;47.3	102;71584;72162;+;100.2	90;63072;64937;+;52.0	A	9/9	split_2	83599	0	1	
NZ_LT985258.1	MPF_F	IncC	198	0	0	GA	0															not_admitted	not_admitted	not_admitted	not_admitted	not_admitted	not_admitted	not_admitted	not_admitted	not_admitted	not_admitted	1	122;93718;94725;+;332.9	14;12273;13706;+;339.2	13;11243;12271;+;221.7	117;88519;90966;+;354.5	15;13719;17333;+;375.3	112;79647;80963;+;135.0	117;88519;90966;+;128.3	110;78123;78749;+;92.7	120;91788;93053;+;67.9	123;94841;97639;+;145.3	101;72448;74313;+;47.3	113;80960;81538;+;100.2	101;72448;74313;+;52.0	A	9/9	split_2	83598	0	1	
NZ_LT985259.1	MPF_T	IncN	51	0	0	GA	1	33;28551;29285;-;32.5	31;27958;28251;-;28.7	30;27591;27908;-;63.3	29;24991;27591;-;111.8	29;24991;27591;-;76.8	28;24260;24973;-;97.1	26;22969;24009;-;153.6		25;22052;22750;-;131.9	24;21157;22041;-;159.0	23;19997;21157;-;154.9	22;18960;19955;-;81.2	18;12862;14391;+;38.5		pfam	both	A	7/7	canonical	1	0	unscoreable	5	0	0														not_admitted	not_admitted	not_admitted	not_admitted	not_admitted	not_admitted	not_admitted
NZ_LT985260.1	MPF_F	IncC	197	0	0	GA	0															not_admitted	not_admitted	not_admitted	not_admitted	not_admitted	not_admitted	not_admitted	not_admitted	not_admitted	not_admitted	1	76;63664;64671;-;332.9	183;144681;146114;-;339.2	184;146116;147144;-;221.7	81;67423;69870;-;354.5	182;141054;144668;-;375.3	86;77426;78742;-;135.0	81;67423;69870;-;128.3	88;79640;80266;-;92.7	78;65336;66601;-;67.9	75;60750;63548;-;145.3	97;84075;85940;-;47.3	85;76851;77429;-;100.2	97;84075;85940;-;52.0	A	9/9	split_2	85366	0	1	
NZ_LT985261.1	MPF_T	IncX1	57	0	0	GA	1	43;35320;35967;-;45.2	42;35046;35342;-;77.5	41;32883;35027;-;46.9	41;32883;35027;-;150.6	41;32883;35027;-;76.0	37;30253;31002;-;67.5	35;28881;29942;-;135.0		34;27923;28636;-;120.0	33;26989;27918;-;133.8	32;25787;26992;-;132.5	31;24754;25785;-;78.9	30;22916;24751;-;487.8		pfam	pfam_only	A	7/7	canonical	1	1	unscoreable	4	0	0														not_admitted	not_admitted	not_admitted	not_admitted	not_admitted	not_admitted	not_admitted
NZ_LT985262.1	MPF_T	IncX1;IncX3	51	0	0	GA	1	23;18946;19593;-;45.6	22;18672;18968;-;76.6	21;15900;18653;-;46.6	21;15900;18653;-;147.9	21;15900;18653;-;75.3	20;15131;15889;-;67.5	18;13760;14893;-;109.2		17;12802;13515;-;118.2	16;11868;12797;-;133.7	15;10666;11871;-;132.5	14;9633;10664;-;76.3	13;7795;9630;-;486.3		pfam	pfam_only	A	7/7	canonical	1	1	unscoreable	1	0	0														not_admitted	not_admitted	not_admitted	not_admitted	not_admitted	not_admitted	not_admitted
NZ_LT985265.1	MPF_F	IncFII	113	0	0	GA	0															not_admitted	not_admitted	not_admitted	not_admitted	not_admitted	not_admitted	not_admitted	not_admitted	not_admitted	not_admitted	1	50;46996;47988;-;369.5	40;39844;41217;-;381.7	45;43147;43890;-;234.4	53;48997;51627;-;304.1	39;37025;39847;-;374.0	61;55029;56480;-;94.2	53;48997;51627;-;97.1	63;57195;57761;-;174.3	48;46014;46652;-;68.6	47;44167;46017;-;266.1	33;31165;33417;-;391.1	58;53654;54169;-;78.4	33;31165;33417;-;70.3	A	9/9	contiguous	26030	1	1	36524..37003-;159;TraS;0
NZ_LT985266.1	MPF_T	IncN	72	0	0	GA	1	21;16667;17401;-;32.5		18;15707;16024;-;63.3	17;13107;15707;-;113.8	17;13107;15707;-;76.4	16;12376;13089;-;105.5	14;11085;12125;-;142.4		13;10168;10866;-;131.9	12;9273;10157;-;159.7	11;8113;9273;-;156.3	10;7076;8071;-;81.2	61;43477;45006;+;38.5		pfam	both	A	7/7	canonical	1	0	unscoreable	3	0	0														not_admitted	not_admitted	not_admitted	not_admitted	not_admitted	not_admitted	not_admitted
NZ_LT985267.1	MPF_F	IncFII	100	0	0	GA	0															not_admitted	not_admitted	not_admitted	not_admitted	not_admitted	not_admitted	not_admitted	not_admitted	not_admitted	not_admitted	1	49;44013;45005;-;369.5	39;36861;38234;-;381.7	44;40164;40907;-;234.4	52;46014;48644;-;304.1	38;34042;36864;-;374.0	59;51643;53094;-;94.2	52;46014;48644;-;97.1	61;53809;54375;-;174.3	47;43031;43669;-;68.6	46;41184;43034;-;266.1	34;29500;31770;-;391.1	56;50268;50783;-;78.4	34;29500;31770;-;70.3	A	9/9	contiguous	24309	1	1	33541..34020-;159;TraS;0
NZ_LT985271.1	MPF_F	IncFIA;IncFII	145	0	0	GA	0															not_admitted	not_admitted	not_admitted	not_admitted	not_admitted	not_admitted	not_admitted	not_admitted	not_admitted	not_admitted	1	24;25548;26540;-;369.5	13;18693;20066;-;382.9	19;21994;22737;-;234.4	27;27549;30176;-;300.9	12;15877;18696;-;385.4	33;32329;33756;-;93.9	27;27549;30176;-;101.1	35;34471;35037;-;182.7	22;24590;25204;-;70.6	21;23014;24534;-;267.7	9;12102;14345;-;380.7	29;30692;31207;-;76.0	9;12102;14345;-;66.4	A	9/9	contiguous	22369	1	1	15361..15852-;163;TraS;0
NZ_LT985272.1	MPF_F	IncFII	81	0	0	GA	0															not_admitted	not_admitted	not_admitted	not_admitted	not_admitted	not_admitted	not_admitted	not_admitted	not_admitted	not_admitted	1	47;43547;44539;-;369.5	37;36395;37768;-;381.7	42;39698;40441;-;234.4	50;45548;48178;-;304.1	36;33576;36398;-;374.0	58;51580;53031;-;94.2	50;45548;48178;-;96.8	60;53746;54312;-;174.3	45;42565;43203;-;68.6	44;40718;42568;-;266.1	32;29079;31304;-;391.1	55;50205;50720;-;78.4	32;29079;31304;-;70.3	A	9/9	contiguous	24667	1	1	33075..33554-;159;TraS;0
NZ_LT985274.1	MPF_F	IncFII	82	0	0	GA	0															not_admitted	not_admitted	not_admitted	not_admitted	not_admitted	not_admitted	not_admitted	not_admitted	not_admitted	not_admitted	1	20;14589;15581;+;369.5	30;21360;22733;+;381.7	25;18687;19430;+;234.4	17;10950;13580;+;304.1	31;22730;25552;+;374.0	9;6097;7548;+;94.2	17;10950;13580;+;96.8	7;4816;5382;+;174.3	22;15925;16563;+;68.6	23;16560;18410;+;266.1	35;27824;30067;+;391.1	12;8408;8923;+;78.4	35;27824;30067;+;70.3	A	9/9	contiguous	23008	1	1	25574..26053+;159;TraS;0
NZ_LT985275.1	MPF_F	IncFII(pHN7A8)	100	0	0	GA	0															not_admitted	not_admitted	not_admitted	not_admitted	not_admitted	not_admitted	not_admitted	not_admitted	not_admitted	not_admitted	1	49;46900;47886;-;355.4	43;41306;42667;-;342.6	45;43299;44078;-;194.4	52;48979;51570;-;215.3	42;38401;41304;-;287.0	57;53159;54523;-;83.1	52;48979;51570;-;88.2	59;55240;55803;-;136.5	47;45910;46524;-;82.6	46;44075;45913;-;259.4	39;34547;36778;-;370.3	53;51581;52180;-;45.7	39;34547;36778;-;68.5	A	9/9	contiguous	20693	1	1	37834..38391-;185;unnamed;0
NZ_LT985276.1	MPF_T	IncX4	80	0	0	GA	1	64;54019;54639;-;41.6	63;53679;54005;-;61.9	62;50913;53660;-;62.7	62;50913;53660;-;153.2	62;50913;53660;-;45.6		58;47880;48974;-;150.1		56;46680;47366;-;169.0	55;45775;46683;-;143.2	54;44673;45782;-;164.9	53;43643;44671;-;85.1	52;41794;43611;-;313.0		none	none	A	7/7	canonical	0	1	unscoreable	4	0	0														not_admitted	not_admitted	not_admitted	not_admitted	not_admitted	not_admitted	not_admitted
NZ_LT985277.1	MPF_F	IncFII	145	0	0	GA	0															not_admitted	not_admitted	not_admitted	not_admitted	not_admitted	not_admitted	not_admitted	not_admitted	not_admitted	not_admitted	1	69;64632;65624;-;369.5	59;57480;58853;-;381.7	64;60783;61526;-;234.4	72;66633;69263;-;304.1	58;54661;57483;-;374.0	80;72665;74116;-;94.2	72;66633;69263;-;97.1	82;74831;75397;-;174.3	67;63650;64288;-;68.6	66;61803;63653;-;266.1	53;50138;52390;-;391.1	77;71290;71805;-;78.4	53;50138;52390;-;70.3	A	9/9	contiguous	24693	1	1	54436..54639-;67;TraS;0
NZ_LT985287.1	MPF_T	-	66	0	0	GA	1	41;29507;30247;+;34.8	43;30571;30861;+;46.6	44;30913;31227;+;65.3	45;31227;33857;+;123.6	45;31227;33857;+;86.6	46;33867;34574;+;116.1	48;34833;35876;+;126.7	49;35971;36141;+;41.4	50;36144;36860;+;145.6	51;36863;37750;+;146.9	52;37747;38901;+;174.0	53;38894;39925;+;78.1	11;10659;12236;-;54.8		pfam	both	A	7/7	canonical	1	0	ga	2	0	0														not_admitted	not_admitted	not_admitted	not_admitted	not_admitted	not_admitted	not_admitted
NZ_LT985293.1	MPF_F	IncFIB(AP001918);IncFIC(FII);IncQ1	174	0	0	GA	0															not_admitted	not_admitted	not_admitted	not_admitted	not_admitted	not_admitted	not_admitted	not_admitted	not_admitted	not_admitted	1	82;74492;75484;-;369.3	71;67433;68806;-;378.0	78;71020;71763;-;234.1	85;76493;79120;-;305.4	70;65505;67436;-;390.9	91;81175;82602;-;94.3	85;76493;79120;-;98.5	93;83317;83883;-;183.8	81;73845;74483;-;68.4	80;72040;73848;-;268.4	66;60933;63086;-;391.9	87;79636;80151;-;78.4	66;60933;63086;-;70.4	A	9/9	contiguous	22384	1	1	64615..65178-;187;unnamed;0
NZ_LT985296.1	MPF_F	IncFIA(HI1);IncHI1A;IncHI1B(R27);IncQ1	267	0	0	GA	0															not_admitted	not_admitted	not_admitted	not_admitted	not_admitted	not_admitted	not_admitted	not_admitted	not_admitted	not_admitted	1	167;149775;150827;+;277.6	61;57129;58544;-;201.7	62;58534;59580;-;171.3	150;127795;130476;+;160.9	60;53131;57120;-;103.1	146;124089;125447;+;84.0	150;127795;130476;+;76.5	143;121637;122422;+;68.7	165;148122;149630;+;65.6	168;150850;154026;+;58.9	70;67035;68597;+;51.7	149;126836;127786;+;45.2	70;67035;68597;+;37.0	A	9/9	split_3	97719	0	1	
NZ_LT985297.1	MPF_F	IncHI2;IncHI2A	257	0	0	GA	0															not_admitted	not_admitted	not_admitted	not_admitted	not_admitted	not_admitted	not_admitted	not_admitted	not_admitted	not_admitted	1	147;133502;134560;+;276.9	22;20647;22062;-;194.1	23;22052;23098;-;174.3	129;109915;112596;+;168.0	21;16685;20638;-;101.6	124;106231;107586;+;80.7	129;109915;112596;+;72.2	121;103719;104507;+;74.8	145;131849;133360;+;62.0	148;134579;137767;+;57.3	30;30138;32222;+;56.8	128;108956;109906;+;46.1	30;30138;32222;+;38.8	A	9/9	split_3	117894	1	1	15215..16504-;429;unnamed;0
NZ_LT985304.1	MPF_F	IncFII	104	0	0	GA	0															not_admitted	not_admitted	not_admitted	not_admitted	not_admitted	not_admitted	not_admitted	not_admitted	not_admitted	not_admitted	1	72;65393;66385;-;369.5	62;58241;59614;-;381.7	67;61544;62287;-;234.4	75;67394;70024;-;304.1	61;55422;58244;-;374.0	83;73426;74877;-;94.2	75;67394;70024;-;97.1	85;75592;76158;-;174.3	70;64411;65049;-;68.6	69;62564;64414;-;266.1	57;50934;53150;-;391.2	80;72051;72566;-;78.4	57;50934;53150;-;70.3	A	9/9	contiguous	24658	1	1	54921..55400-;159;TraS;0
NZ_LT985305.1	MPF_F	IncFII	99	0	0	GA	0															not_admitted	not_admitted	not_admitted	not_admitted	not_admitted	not_admitted	not_admitted	not_admitted	not_admitted	not_admitted	1	54;40156;41148;+;369.5	65;46883;48256;+;382.9	59;44212;44955;+;234.4	51;36520;39147;+;300.9	66;48253;51072;+;385.4	45;32940;34367;+;93.9	51;36520;39147;+;101.1	43;31659;32225;+;182.7	56;41492;42130;+;70.7	57;42127;43935;+;267.1	69;52604;54811;+;380.8	49;35489;36004;+;76.0	69;52604;54811;+;66.5	A	9/9	contiguous	20945	1	1	51097..51588+;163;TraS;0
NZ_LT985306.1	MPF_F	IncFII	109	0	0	GA	0															not_admitted	not_admitted	not_admitted	not_admitted	not_admitted	not_admitted	not_admitted	not_admitted	not_admitted	not_admitted	1	25;26572;27564;-;369.5	16;20249;21622;-;382.9	20;22765;23508;-;234.4	28;28573;31200;-;300.9	15;17433;20252;-;385.4	34;33353;34780;-;93.9	28;28573;31200;-;101.1	36;35495;36061;-;182.7	23;25590;26228;-;70.7	22;23785;25593;-;267.1	12;13667;15901;-;380.7	30;31716;32231;-;76.0	12;13667;15901;-;66.5	A	9/9	contiguous	21828	1	1	16917..17408-;163;TraS;0
NZ_LT985310.1	-	-	44	0	0	GA	1	9;6509;7090;+;47.0		11;7532;7855;+;35.4	12;7857;10298;+;61.6	12;7857;10298;+;36.1	13;10516;11184;+;27.0	15;11688;12734;+;106.8		17;12935;13681;+;150.5	18;13678;14475;+;175.1	19;14465;15688;+;144.0	20;15688;16701;+;111.7	21;17021;19054;+;263.5		pfam	pfam_only	A	7/7	canonical	1	0	unscoreable	4	0	0														not_admitted	not_admitted	not_admitted	not_admitted	not_admitted	not_admitted	not_admitted
NZ_LT985315.1	MPF_T	IncX1	62	0	0	GA	1	48;39314;39961;-;45.2	47;39040;39336;-;77.5	46;36268;39021;-;47.9	46;36268;39021;-;147.9	46;36268;39021;-;75.3	45;35499;36257;-;67.3	43;34128;35261;-;106.3		42;33170;33883;-;118.5	41;32236;33165;-;133.8	40;31034;32239;-;132.5	39;30001;31032;-;76.5	38;28163;29998;-;489.3		pfam	pfam_only	A	7/7	canonical	1	1	unscoreable	1	0	0														not_admitted	not_admitted	not_admitted	not_admitted	not_admitted	not_admitted	not_admitted
NZ_LT985317.1	MPF_T	IncX2	45	0	0	GA	1	33;30295;30861;-;47.2	32;29944;30234;-;73.5	31;27161;29920;-;44.8	31;27161;29920;-;133.3	31;27161;29920;-;71.9	30;26422;27159;-;57.5	28;25085;26140;-;131.7		27;24174;24758;-;111.5	26;23239;24168;-;132.4	25;22028;23242;-;128.6	24;20973;22010;-;66.4	23;19133;20968;-;543.4		pfam	pfam_only	A	7/7	canonical	1	1	unscoreable	1	0	0														not_admitted	not_admitted	not_admitted	not_admitted	not_admitted	not_admitted	not_admitted
NZ_LT985318.1	MPF_T	IncX4	51	0	0	GA	1	31;27151;27723;-;47.4	30;26764;27090;-;64.4	29;23998;26745;-;62.7	29;23998;26745;-;151.8	29;23998;26745;-;46.1	28;23270;23986;-;97.3	27;22180;23259;-;157.5		25;20979;21665;-;169.2	24;20074;20982;-;137.9	23;18963;20081;-;165.6	22;17933;18961;-;85.1	21;16084;17901;-;317.4		pfam	pfam_only	A	7/7	canonical	1	1	unscoreable	1	0	0														not_admitted	not_admitted	not_admitted	not_admitted	not_admitted	not_admitted	not_admitted
NZ_LT985319.1	MPF_F	IncFIB(AP001918);IncFII	161	0	0	GA	0															not_admitted	not_admitted	not_admitted	not_admitted	not_admitted	not_admitted	not_admitted	not_admitted	not_admitted	not_admitted	1	20;13346;14338;+;367.3	31;20021;21397;+;374.3	24;17067;17810;+;234.1	17;9710;12337;+;305.4	32;21394;24210;+;387.9	10;6228;7655;+;94.4	17;9710;12337;+;99.1	8;4947;5513;+;183.8	21;14347;14985;+;67.3	22;14982;16790;+;268.3	35;25773;27926;+;391.1	14;8679;9194;+;77.3	35;25773;27926;+;69.2	A	9/9	contiguous	20826	1	1	24243..24764+;173;unnamed;0
NZ_LT991955.1	MPF_F	IncHI2;IncHI2A	279	0	0	GA	0															not_admitted	not_admitted	not_admitted	not_admitted	not_admitted	not_admitted	not_admitted	not_admitted	not_admitted	not_admitted	1	29;32275;33333;+;276.9	182;169399;170814;-;194.1	183;170804;171850;-;173.7	11;8955;11636;+;168.0	181;165440;169390;-;101.6	7;5270;6625;+;80.7	11;8955;11636;+;72.2	4;2758;3546;+;74.8	27;30622;32133;+;62.7	30;33352;36540;+;58.3	189;178891;180975;+;56.7	10;7996;8946;+;46.4	189;178891;180975;+;38.8	A	9/9	split_3	176133	0	1	
NZ_LT991956.1	MPF_F	IncFIB(pECLA);IncFII(pECLA)	210	0	0	GA	0															not_admitted	not_admitted	not_admitted	not_admitted	not_admitted	not_admitted	not_admitted	not_admitted	not_admitted	not_admitted	1	153;125452;126450;+;358.7	162;131708;133072;+;359.5	156;128937;129719;+;214.9	145;119906;122515;+;214.0	163;133072;136470;+;306.6	140;116986;118389;+;91.9	145;119906;122515;+;100.0	138;115656;116237;+;100.9	154;126461;127084;+;63.7	155;127081;128940;+;215.7	167;138527;141082;+;360.8	143;119119;119658;+;42.9	167;138527;141082;+;72.7	A	9/9	contiguous	22871	1	1	136472..137161+;229;unnamed;0
NZ_LT991958.1	MPF_F	IncHI2;IncHI2A	326	0	0	GA	0															not_admitted	not_admitted	not_admitted	not_admitted	not_admitted	not_admitted	not_admitted	not_admitted	not_admitted	not_admitted	1	29;32275;33333;+;276.9	229;214239;215654;-;194.1	230;215644;216690;-;173.7	11;8955;11636;+;168.0	228;210280;214230;-;101.6	7;5270;6625;+;80.7	11;8955;11636;+;72.2	4;2758;3546;+;74.8	27;30622;32133;+;62.7	30;33352;36540;+;58.3	236;223731;225815;+;56.7	10;7996;8946;+;46.4	236;223731;225815;+;38.8	A	9/9	split_3	220973	0	1	
NZ_LT991959.1	MPF_F	IncFIB(pB171)	149	0	0	GA	0															not_admitted	not_admitted	not_admitted	not_admitted	not_admitted	not_admitted	not_admitted	not_admitted	not_admitted	not_admitted	1	93;94624;95610;-;360.6	86;88789;90159;-;377.6	90;91370;92125;-;216.6	96;96598;99228;-;288.1	85;85967;88789;-;335.5	100;100302;101705;-;88.5	96;96598;99228;-;97.3	102;102422;102988;-;166.8	92;93991;94608;-;64.9	91;92135;93994;-;251.7	82;82278;84500;-;384.7	99;99744;100280;-;59.6	82;82278;84500;-;64.9	A	9/9	contiguous	20144	1	1	85478..85948-;156;TraS;0
NZ_LT991960.1	MPF_F	IncFII(pBK30683)	80	0	0	GA	0															not_admitted	not_admitted	not_admitted	not_admitted	not_admitted	not_admitted	not_admitted	not_admitted	not_admitted	not_admitted	1	56;39936;40925;+;366.6	66;46416;47786;+;383.8	62;44462;45214;+;233.2	52;35854;38493;+;258.5	67;47786;50659;+;346.9	43;31031;32455;+;89.2	52;35854;38493;+;87.8	41;29738;30304;+;168.5	57;40938;41576;+;66.9	58;41635;43590;+;260.1	70;52212;54521;+;393.1	44;32569;33153;+;54.4	70;52212;54521;+;66.6	A	9/9	contiguous	22474	1	1	50670..51203+;177;unnamed;0
NZ_LT994835.1	MPF_F	IncHI2;IncHI2A	357	0	0	GA	0															not_admitted	not_admitted	not_admitted	not_admitted	not_admitted	not_admitted	not_admitted	not_admitted	not_admitted	not_admitted	1	63;62805;63863;-;276.9	278;254067;254876;-;147.5	279;254866;255912;-;173.7	90;95718;98399;-;168.0	254;233279;237229;+;101.6	94;100729;102084;-;80.7	90;95718;98399;-;72.2	97;103808;104596;-;74.8	65;64005;65516;-;62.7	62;59598;62786;-;58.3	285;262953;265037;+;56.7	91;98408;99358;-;46.4	285;262953;265037;+;38.8	A	9/9	split_4	203355	0	1	
NZ_LT994840.1	MPF_F	IncFIB(K);IncFII(K);IncFII(pAR0022)	240	0	0	GA	0															not_admitted	not_admitted	not_admitted	not_admitted	not_admitted	not_admitted	not_admitted	not_admitted	not_admitted	not_admitted	1	20;22253;23242;-;366.6	10;15339;16706;-;384.1	14;17964;18716;-;233.7	24;24699;27338;-;258.5	9;12517;15339;-;346.4	34;31242;32666;-;89.5	24;24699;27338;-;88.7	36;33393;33959;-;167.0	19;21602;22240;-;66.9	18;19588;21543;-;259.4	5;7592;9901;-;393.1	32;30046;30630;-;53.8	5;7592;9901;-;66.6	A	9/9	contiguous	25801	1	1	11892..12494-;200;TraS;0
NZ_MF042350.1	MPF_F	IncFIB(pB171);IncFII(Yp);IncFII(pAR0022)	128	0	0	GA	0															not_admitted	not_admitted	not_admitted	not_admitted	not_admitted	not_admitted	not_admitted	not_admitted	not_admitted	not_admitted	1	88;82106;83098;-;369.4	80;76023;77393;-;376.7	84;78610;79359;-;218.2	91;84086;86716;-;285.5	79;73201;76023;-;334.5	97;88744;90138;-;89.4	91;84086;86716;-;98.6	99;90855;91421;-;169.9	87;81460;82089;-;66.9	86;79610;81463;-;260.5	76;69618;71864;-;384.7	96;88183;88722;-;67.5	76;69618;71864;-;63.8	A	9/9	contiguous	21237	1	1	72748..73179-;143;TraS;0
NZ_MF042351.1	MPF_F	IncFIB(pB171);IncFII(Yp);IncFII(pAR0022)	134	0	0	GA	0															not_admitted	not_admitted	not_admitted	not_admitted	not_admitted	not_admitted	not_admitted	not_admitted	not_admitted	not_admitted	1	84;81868;82860;-;369.4	76;75785;77155;-;376.7	80;78372;79121;-;218.2	87;83848;86478;-;285.5	75;72963;75785;-;336.5	93;88506;89900;-;89.4	87;83848;86478;-;98.6	95;90617;91183;-;169.9	83;81222;81851;-;66.9	82;79372;81225;-;260.5	72;69380;71626;-;384.7	92;87945;88484;-;67.5	72;69380;71626;-;63.8	A	9/9	contiguous	21237	1	1	72510..72941-;143;TraS;0
NZ_MF042352.1	MPF_F	IncFIB(pB171);IncFII(Yp);IncFII(pAR0022)	138	0	0	GA	0															not_admitted	not_admitted	not_admitted	not_admitted	not_admitted	not_admitted	not_admitted	not_admitted	not_admitted	not_admitted	1	87;81869;82861;-;369.4	79;75786;77156;-;376.7	83;78373;79122;-;218.2	90;83849;86479;-;285.5	78;72964;75786;-;336.5	96;88507;89901;-;89.4	90;83849;86479;-;98.6	98;90618;91184;-;169.9	86;81223;81852;-;66.9	85;79373;81226;-;260.5	75;69383;71629;-;384.7	95;87946;88485;-;67.5	75;69383;71629;-;63.8	A	9/9	contiguous	21235	1	1	72511..72942-;143;TraS;0
NZ_MF042353.1	MPF_F	IncFIB(pB171);IncFII(Yp);IncFII(pAR0022)	138	0	0	GA	0															not_admitted	not_admitted	not_admitted	not_admitted	not_admitted	not_admitted	not_admitted	not_admitted	not_admitted	not_admitted	1	84;81949;82854;-;291.1	76;75799;77169;-;376.7	80;78386;79135;-;218.2	88;84666;86468;-;286.8	75;72977;75799;-;336.5	94;88493;89887;-;89.4	87;83842;84666;-;49.8	96;90604;91170;-;169.9	83;81236;81865;-;66.9	82;79386;81239;-;260.5	72;69394;71640;-;384.7	93;88223;88471;-;22.7	72;69394;71640;-;63.8	A	9/9	contiguous	21210	1	1	72524..72955-;143;TraS;0
NZ_MF042354.1	MPF_F	IncFIB(pB171);IncFII(Yp);IncFII(pAR0022)	135	0	0	GA	0															not_admitted	not_admitted	not_admitted	not_admitted	not_admitted	not_admitted	not_admitted	not_admitted	not_admitted	not_admitted	1	85;82403;83392;-;336.7	76;76325;77695;-;376.7	80;78912;79661;-;218.2	89;86030;87007;-;184.2	75;73503;76325;-;336.5	95;89035;90429;-;89.4	88;84379;86040;-;100.2	97;91146;91712;-;169.9	84;81797;82336;-;60.9	82;79912;81150;-;262.3	72;69929;72166;-;384.7	94;88474;89013;-;67.5	72;69929;72166;-;63.8	A	9/9	contiguous	21217	1	1	73050..73481-;143;TraS;0
NZ_MF042355.1	MPF_F	IncFIB(pB171);IncFII(Yp);IncFII(pAR0022)	126	0	0	GA	0															not_admitted	not_admitted	not_admitted	not_admitted	not_admitted	not_admitted	not_admitted	not_admitted	not_admitted	not_admitted	1	86;82457;83449;-;369.4	78;76374;77744;-;376.7	82;78961;79710;-;218.2	89;84437;87067;-;285.5	77;73552;76374;-;336.5	95;89095;90489;-;89.4	89;84437;87067;-;98.6	97;91206;91772;-;169.9	85;81811;82440;-;66.9	84;79961;81814;-;260.5	73;69970;72216;-;384.7	94;88534;89073;-;67.5	73;69970;72216;-;63.8	A	9/9	contiguous	21236	1	1	73261..73530-;89;TraS;0
NZ_MF042356.1	MPF_F	IncFIB(pB171);IncFII(Yp);IncFII(pAR0022)	128	0	0	GA	0															not_admitted	not_admitted	not_admitted	not_admitted	not_admitted	not_admitted	not_admitted	not_admitted	not_admitted	not_admitted	1	88;82441;83433;-;369.4	80;76358;77728;-;376.7	84;78945;79694;-;218.2	91;84421;87051;-;285.5	79;73536;76358;-;336.5	97;89079;90473;-;89.4	91;84421;87051;-;98.6	99;91190;91756;-;169.9	87;81795;82424;-;66.9	86;79945;81798;-;260.5	76;69953;72199;-;384.7	96;88518;89057;-;67.5	76;69953;72199;-;63.8	A	9/9	contiguous	21237	1	1	73083..73514-;143;TraS;0
NZ_MF042357.1	MPF_F	IncFIB(pB171);IncFII(Yp);IncFII(pAR0022)	124	0	0	GA	0															not_admitted	not_admitted	not_admitted	not_admitted	not_admitted	not_admitted	not_admitted	not_admitted	not_admitted	not_admitted	1	84;77288;78280;-;369.4	74;71218;72516;-;377.0	79;73726;74604;-;190.6	87;79268;81898;-;285.5	73;68396;71218;-;336.5	93;83926;85320;-;89.4	87;79268;81898;-;98.6	95;86037;86603;-;169.9	83;76642;77271;-;66.9	81;74794;75297;-;155.0	69;64759;66786;-;385.1	92;83365;83904;-;67.5	69;64759;66786;-;64.1	A	9/9	contiguous	21278	1	1	67944..68375-;143;TraS;0
NZ_MF042358.1	MPF_F	IncFIB(pB171);IncFII(Yp);IncFII(pAR0022)	118	0	0	GA	0															not_admitted	not_admitted	not_admitted	not_admitted	not_admitted	not_admitted	not_admitted	not_admitted	not_admitted	not_admitted	1	78;72072;73064;-;369.4	70;65989;67359;-;376.7	74;68576;69325;-;218.2	81;74052;76682;-;285.5	69;63167;65989;-;336.5	87;78710;80104;-;89.4	81;74052;76682;-;98.6	89;80821;81387;-;169.9	77;71426;72055;-;66.9	76;69576;71429;-;260.5	66;59593;61830;-;384.7	86;78149;78688;-;67.5	66;59593;61830;-;63.8	A	9/9	contiguous	21228	1	1	62714..63145-;143;TraS;0
NZ_MF042359.1	MPF_F	IncFIB(pB171);IncFII(Yp);IncFII(pAR0022)	105	0	0	GA	0															not_admitted	not_admitted	not_admitted	not_admitted	not_admitted	not_admitted	not_admitted	not_admitted	not_admitted	not_admitted	1	64;60336;61328;-;369.4			67;62316;64946;-;285.5			67;62316;64946;-;98.6	76;68016;68582;-;169.9	63;59690;60319;-;66.9	62;57243;59693;-;101.8	62;57243;59693;-;158.1	72;66413;66952;-;67.5	62;57243;59693;-;63.3	C	6/9	contiguous	10773	0	1	
NZ_MF062700.1	MPF_T	IncX5	67	0	0	GA	1	55;52356;53000;-;34.8	54;52082;52372;-;69.0	53;49301;52060;-;42.6	53;49301;52060;-;132.2	53;49301;52060;-;70.5	52;48544;49293;-;54.3	50;47210;48265;-;135.2		49;46242;46970;-;120.9	48;45308;46237;-;134.2	47;44100;45311;-;136.9	46;43045;44088;-;64.3	45;41207;43042;-;504.8		pfam	pfam_only	A	7/7	canonical	1	1	unscoreable	1	0	0														not_admitted	not_admitted	not_admitted	not_admitted	not_admitted	not_admitted	not_admitted
NZ_MF069152.1	MPF_T	IncI2	76	0	0	GA	1	37;33114;33596;-;81.1		52;49192;49476;-;36.6	51;46829;49186;-;58.5	51;46829;49186;-;42.8	64;54929;55570;-;42.8	65;55576;56571;-;128.5		49;45929;46663;-;144.3	48;45162;45932;-;170.5	47;44033;45172;-;154.7	40;35364;36902;-;207.1	45;40985;42943;-;289.6		pfam	pfam_only	A	7/7	rearranged	1	0	unscoreable	17	1	0														not_admitted	not_admitted	not_admitted	not_admitted	not_admitted	not_admitted	not_admitted
NZ_MF072961.1	MPF_T	IncX3	67	0	0	GA	1	54;46039;46683;-;46.4	53;45765;46055;-;73.1	52;42987;45740;-;47.0	52;42987;45740;-;142.4	52;42987;45740;-;73.3	51;42207;42977;-;60.1	49;40873;41928;-;133.2		48;39950;40678;-;119.4	47;39015;39944;-;138.8	46;37804;39018;-;128.3	44;36574;37608;-;65.7	43;34736;36571;-;495.9		pfam	pfam_only	A	7/7	canonical	1	1	unscoreable	2	0	0														not_admitted	not_admitted	not_admitted	not_admitted	not_admitted	not_admitted	not_admitted
NZ_MF072962.1	MPF_T	IncN	66	0	0	GA	1	19;14048;14782;+;32.5		22;15425;15742;+;63.3	23;15742;18342;+;113.8	23;15742;18342;+;76.4	24;18360;19073;+;105.5	26;19324;20364;+;142.4		27;20583;21281;+;131.9	28;21292;22176;+;159.7	29;22176;23336;+;156.3	30;23378;24373;+;81.2	43;36029;37558;-;38.5		pfam	both	A	7/7	canonical	1	0	unscoreable	3	0	0														not_admitted	not_admitted	not_admitted	not_admitted	not_admitted	not_admitted	not_admitted
NZ_MF072963.1	MPF_T	-	55	0	0	GA	1	38;34425;35063;-;46.6	37;34151;34438;-;64.7	36;31373;34132;-;42.1	36;31373;34132;-;133.2	36;31373;34132;-;61.7	35;30615;31316;-;51.6	33;29260;30336;-;127.7		31;28393;29133;-;144.2	30;27468;28388;-;142.8	29;25960;27471;-;138.3	28;24897;25958;-;75.0	27;22928;24895;-;426.3		pfam	pfam_only	A	7/7	canonical	1	1	unscoreable	2	0	0														not_admitted	not_admitted	not_admitted	not_admitted	not_admitted	not_admitted	not_admitted
NZ_MF072964.1	MPF_F	IncHI1A(NDM-CIT);IncHI1B(pNDM-CIT)	266	0	0	GA	0															not_admitted	not_admitted	not_admitted	not_admitted	not_admitted	not_admitted	not_admitted	not_admitted	not_admitted	not_admitted	1	28;30377;31432;+;278.1	160;145518;146933;-;201.9	161;146923;147969;-;168.3	11;9310;11991;+;156.8	159;141520;145509;-;103.1	7;5610;6968;+;80.3	11;9310;11991;+;73.5	4;3152;3937;+;69.5	26;28724;30232;+;62.3	29;31451;34627;+;57.9	167;154907;156991;+;48.5	10;8351;9301;+;45.4	167;154907;156991;+;36.5	A	9/9	split_2	151755	0	1	
NZ_MF072965.1	MPF_F	IncC	187	0	0	GA	0															not_admitted	not_admitted	not_admitted	not_admitted	not_admitted	not_admitted	not_admitted	not_admitted	not_admitted	not_admitted	1	97;70618;71625;+;332.9			92;65419;67866;+;354.5		45;26115;27275;+;156.3	92;65419;67866;+;128.3	85;55023;55649;+;92.7	95;68688;69953;+;67.9		76;49348;51213;+;47.3	88;57860;58438;+;100.2	76;49348;51213;+;52.0	D	5/9	split_2	44503	0	0	
NZ_MF078634.1	-	-	51	0	0	GA	1	35;28717;29403;+;101.8	13;12571;12948;-;70.4	12;12230;12517;-;42.5	11;9728;12217;-;63.6	11;9728;12217;-;104.7	9;8541;9317;-;38.3	7;7098;8375;-;100.9		6;6327;7031;-;138.0	5;5268;6299;-;166.7	3;3354;4811;-;225.1	14;12959;13909;-;121.7	33;26136;28139;+;336.6		conjscan	both	A	7/7	canonical	1	0	unscoreable	5	0	0														not_admitted	not_admitted	not_admitted	not_admitted	not_admitted	not_admitted	not_admitted
NZ_MF083142.1	MPF_F	IncHI2;IncHI2A	197	0	0	GA	0															not_admitted	not_admitted	not_admitted	not_admitted	not_admitted	not_admitted	not_admitted	not_admitted	not_admitted	not_admitted	1	63;62768;63826;-;276.9	182;173279;174694;+;194.1	181;172243;173289;+;174.3	85;89216;91897;-;168.0	183;174703;178656;+;101.7	89;94227;95582;-;80.7	85;89216;91897;-;72.2	92;97306;98094;-;74.8	65;63968;65479;-;62.7	62;59561;62749;-;58.3	174;163117;165201;-;58.0	86;91906;92856;-;46.4	174;163117;165201;-;39.1	A	9/9	split_3	115142	1	1	178837..180126+;429;unnamed;0
NZ_MF093645.1	MPF_T	IncX4	43	0	0	GA	1	15;7243;7863;+;41.7	16;7877;8203;+;64.4	17;8222;10969;+;63.8	17;8222;10969;+;150.9	17;8222;10969;+;46.0	18;10981;11697;+;94.2	19;11709;12803;+;150.1		21;13318;14004;+;169.0	22;14001;14909;+;142.4	23;14902;16020;+;163.9	24;16022;17050;+;85.0	25;17082;18899;+;315.1		pfam	pfam_only	A	7/7	canonical	1	1	unscoreable	1	0	0														not_admitted	not_admitted	not_admitted	not_admitted	not_admitted	not_admitted	not_admitted
NZ_MF133495.1	MPF_F	IncFII(pHN7A8);IncR	203	0	0	GA	0															not_admitted	not_admitted	not_admitted	not_admitted	not_admitted	not_admitted	not_admitted	not_admitted	not_admitted	not_admitted	1	63;50278;51270;+;369.5	76;58103;59476;+;376.8	71;55794;56537;+;234.4	60;46642;49269;+;301.8	77;59473;62289;+;376.7	55;43160;44587;+;94.1	60;46642;49269;+;101.8	53;41879;42445;+;183.8	66;52216;52854;+;70.4	69;53667;55517;+;265.0	81;64590;66806;+;391.7	59;45611;46126;+;77.6	81;64590;66806;+;70.3	A	9/9	contiguous	22711	1	1	62322..62843+;173;unnamed;0
NZ_MF135534.1	MPF_F	IncHI2;IncHI2A	265	0	0	GA	0															not_admitted	not_admitted	not_admitted	not_admitted	not_admitted	not_admitted	not_admitted	not_admitted	not_admitted	not_admitted	1	222;206010;207068;-;276.9	70;57785;59200;+;194.1	69;56749;57795;+;174.3	238;226640;229321;-;168.0	71;59209;63162;+;101.7	242;231651;233006;-;80.7	238;226640;229321;-;72.2	245;234730;235518;-;74.8	224;207210;208721;-;62.0	221;202803;205991;-;57.3	60;46846;48930;-;56.8	239;229330;230280;-;46.1	60;46846;48930;-;38.8	A	9/9	split_2	187884	1	1	63343..64632+;429;unnamed;0
NZ_MF135535.1	MPF_F	IncHI2;IncHI2A	265	0	0	GA	0															not_admitted	not_admitted	not_admitted	not_admitted	not_admitted	not_admitted	not_admitted	not_admitted	not_admitted	not_admitted	1	222;206010;207068;-;276.9	70;57785;59200;+;194.1	69;56749;57795;+;174.3	238;226640;229321;-;168.0	71;59209;63162;+;101.7	242;231651;233006;-;80.7	238;226640;229321;-;72.2	245;234730;235518;-;74.8	224;207210;208721;-;62.0	221;202803;205991;-;57.3	60;46846;48930;-;56.8	239;229330;230280;-;46.1	60;46846;48930;-;38.8	A	9/9	split_2	187884	1	1	63343..64632+;429;unnamed;0
NZ_MF136778.1	MPF_T	IncP1	61	0	0	GA	1		11;11202;11585;-;68.7	10;10873;11199;-;50.6	9;8333;10876;-;96.2	9;8333;10876;-;107.1	4;4087;4857;-;104.8	3;2337;3896;-;112.1		8;7629;8336;-;89.8	7;6723;7613;-;152.4	5;4870;6264;-;224.7	12;11699;12655;-;135.9	39;29845;31791;+;442.7		conjscan	conjscan_only	A	7/7	canonical	1	0	unscoreable	2	0	0														not_admitted	not_admitted	not_admitted	not_admitted	not_admitted	not_admitted	not_admitted
NZ_MF136779.1	MPF_T	IncX4	41	0	0	GA	1	14;6798;7418;+;41.6	15;7432;7758;+;64.4	16;7777;10524;+;63.8	16;7777;10524;+;151.8	16;7777;10524;+;46.1	17;10536;11252;+;94.2	18;11264;12358;+;150.1		20;12873;13559;+;169.0	21;13556;14464;+;142.4	22;14457;15575;+;163.9	23;15577;16605;+;85.0	24;16637;18454;+;314.8		pfam	pfam_only	A	7/7	canonical	1	1	unscoreable	1	0	0														not_admitted	not_admitted	not_admitted	not_admitted	not_admitted	not_admitted	not_admitted
NZ_MF144194.1	MPF_F	-	240	0	0	GA	0															not_admitted	not_admitted	not_admitted	not_admitted	not_admitted	not_admitted	not_admitted	not_admitted	not_admitted	not_admitted	1	138;112885;113937;-;324.9	128;104488;105888;-;303.5	129;105885;106910;-;233.6	141;115731;118196;-;312.4	127;101318;104476;-;371.9	147;128644;129909;-;131.1	141;115731;118196;-;130.0	149;131192;131833;-;89.6	139;113924;115165;-;71.6	168;148078;150699;-;122.9	154;133986;135815;-;38.7	146;128133;128633;-;87.4	154;133986;135815;-;55.1	A	9/9	contiguous	46760	0	1	
NZ_MF150117.1	-	-	51	0	0	GA	1	34;27752;28366;-;45.0	33;27455;27742;-;55.4	32;24623;27394;-;45.0	32;24623;27394;-;164.3	32;24623;27394;-;64.1	31;23846;24613;-;65.2	29;22553;23587;-;119.4		26;21412;22131;-;150.6	25;20492;21409;-;144.1	24;19311;20495;-;136.1	23;18277;19308;-;84.9	22;16436;18268;-;474.7		pfam	pfam_only	A	7/7	canonical	1	1	unscoreable	3	0	0														not_admitted	not_admitted	not_admitted	not_admitted	not_admitted	not_admitted	not_admitted
NZ_MF150118.1	MPF_F	IncC	208	0	0	GA	0															not_admitted	not_admitted	not_admitted	not_admitted	not_admitted	not_admitted	not_admitted	not_admitted	not_admitted	not_admitted	1	68;63105;64112;+;332.9	138;126065;127498;+;339.2	137;125035;126063;+;221.7	63;57906;60353;+;354.5	139;127511;131125;+;375.3	195;163418;164578;+;156.3	63;57906;60353;+;128.3	56;47510;48136;+;92.7	66;61175;62440;+;67.9	69;64228;67026;+;145.3	47;41835;43700;+;47.3	59;50347;50925;+;100.2	47;41835;43700;+;52.0	A	9/9	split_3	121583	0	1	
NZ_MF150120.1	MPF_T	IncU;IncX3	65	0	0	GA	1	28;17751;18395;+;46.4	29;18379;18669;+;74.0	30;18694;21447;+;46.3	30;18694;21447;+;147.8	30;18694;21447;+;75.7	31;21458;22228;+;60.8	33;22507;23562;+;134.9		34;23757;24485;+;118.1	35;24491;25420;+;139.9	36;25417;26619;+;128.4	37;26631;27662;+;65.4	39;27852;29687;+;495.5		pfam	pfam_only	A	7/7	canonical	1	1	unscoreable	2	0	0														not_admitted	not_admitted	not_admitted	not_admitted	not_admitted	not_admitted	not_admitted
NZ_MF150121.1	MPF_F	IncC	187	0	0	GA	0															not_admitted	not_admitted	not_admitted	not_admitted	not_admitted	not_admitted	not_admitted	not_admitted	not_admitted	not_admitted	1	59;49678;50685;-;332.9	178;143421;144854;-;339.2	179;144856;145884;-;221.7	64;53437;55884;-;354.5	177;139794;143408;-;375.3	120;105141;106301;-;156.3	64;53437;55884;-;128.3	71;65654;66280;-;92.7	61;51350;52615;-;67.9	58;46764;49562;-;145.3	80;70090;71955;-;47.3	68;62865;63443;-;100.2	80;70090;71955;-;52.0	A	9/9	split_3	98092	0	1	
NZ_MF150122.1	MPF_F	IncFIB(pNDM-Mar);IncHI1B(pNDM-MAR)	232	0	0	GA	0															not_admitted	not_admitted	not_admitted	not_admitted	not_admitted	not_admitted	not_admitted	not_admitted	not_admitted	not_admitted	1	208;181784;182821;+;282.3	59;57640;59049;-;190.0	60;59039;60076;-;176.6	196;168234;170951;+;149.6	58;53724;57638;-;120.9	192;164751;166121;+;65.8	196;168234;170951;+;85.2	189;162245;163105;+;79.0	207;180426;181787;+;69.9	209;182831;186013;+;60.1	67;67276;69402;+;58.4	195;167452;168189;+;56.9	67;67276;69402;+;41.0	A	9/9	split_2	129107	0	1	
NZ_MF150123.1	MPF_F	IncC	186	0	0	GA	0															not_admitted	not_admitted	not_admitted	not_admitted	not_admitted	not_admitted	not_admitted	not_admitted	not_admitted	not_admitted	1	57;48619;49626;-;332.9	176;142362;143795;-;339.2	177;143797;144825;-;221.7	62;52378;54825;-;354.5	175;138735;142349;-;375.3	118;104082;105242;-;156.3	62;52378;54825;-;128.3	69;64595;65221;-;92.7	59;50291;51556;-;67.9	56;45705;48503;-;145.3	78;69031;70896;-;47.3	66;61806;62384;-;100.2	78;69031;70896;-;52.0	A	9/9	split_3	98092	0	1	
NZ_MF156695.1	MPF_F	IncFII(pHN7A8);IncR	212	0	0	GA	0															not_admitted	not_admitted	not_admitted	not_admitted	not_admitted	not_admitted	not_admitted	not_admitted	not_admitted	not_admitted	1	83;57255;57782;+;126.4	97;65079;66452;+;378.2	92;62770;63513;+;234.4	198;151435;153852;+;302.1	98;66449;67585;+;294.8	193;147953;149380;+;94.1	198;151435;153852;+;101.8	191;146672;147238;+;183.8	87;59192;59830;+;70.4	90;60643;62493;+;265.0	103;71516;73732;+;391.7	197;150404;150919;+;77.6	103;71516;73732;+;70.3	A	9/9	split_2	94180	1	1	67539..69215+;558;unnamed;0
NZ_MF156696.1	MPF_F	Col440I;IncFIB(K);IncFII(pKP91)	270	0	0	GA	0															not_admitted	not_admitted	not_admitted	not_admitted	not_admitted	not_admitted	not_admitted	not_admitted	not_admitted	not_admitted	1	224;207259;208248;-;362.4	213;200073;201440;-;383.8	217;202698;203450;-;233.7	228;209705;212344;-;259.4	212;197224;200073;-;342.9	238;216306;217730;-;89.2	228;209705;212344;-;91.7	240;218457;219023;-;167.9	222;206336;206983;-;65.9	221;204322;206277;-;262.5	207;193129;194490;-;245.2	236;215110;215694;-;53.8	207;193129;194490;-;71.0	A	9/9	contiguous	25328	1	1	196691..197221-;176;unnamed;0
NZ_MF156708.1	MPF_F	IncFII(K);repB(R1701)	151	0	0	GA	0															not_admitted	not_admitted	not_admitted	not_admitted	not_admitted	not_admitted	not_admitted	not_admitted	not_admitted	not_admitted	1	122;94101;95093;+;362.9	133;101100;101708;+;195.3	128;98646;99398;+;235.3	119;90436;93075;+;259.1	135;102465;105314;+;342.7	110;86182;86430;+;40.9	119;90436;93075;+;83.9	106;83925;84491;+;161.5	123;95106;95744;+;65.5	124;95803;97758;+;255.2	139;107054;109345;+;391.4	112;87249;87818;+;53.7	139;107054;109345;+;66.5	A	9/9	contiguous	23129	1	1	105317..105847+;176;unnamed;0
NZ_MF156709.1	-	IncX6	65	0	0	GA	1	47;36590;37219;-;45.3	46;36279;36572;-;50.5	45;33500;36265;-;58.7	45;33500;36265;-;129.2	45;33500;36265;-;55.1	44;32748;33488;-;110.2	42;31231;32289;-;122.9		41;30341;31027;-;167.1	40;29424;30344;-;144.2	39;28135;29424;-;131.5	38;27100;28131;-;79.6	37;25287;27113;-;384.8		pfam	pfam_only	A	7/7	canonical	1	1	unscoreable	1	0	0														not_admitted	not_admitted	not_admitted	not_admitted	not_admitted	not_admitted	not_admitted
NZ_MF156710.1	-	IncX6	66	0	0	GA	1	48;37331;37960;-;45.3	47;37020;37313;-;50.5	46;34241;37006;-;58.7	46;34241;37006;-;129.2	46;34241;37006;-;55.1	45;33489;34229;-;110.2	43;31972;33030;-;122.9		42;31082;31768;-;167.1	41;30165;31085;-;144.2	40;28876;30165;-;131.5	39;27841;28872;-;79.6	37;25901;27409;-;382.4		pfam	pfam_only	A	7/7	canonical	1	1	unscoreable	2	0	0														not_admitted	not_admitted	not_admitted	not_admitted	not_admitted	not_admitted	not_admitted
NZ_MF156711.1	-	IncX6	70	0	0	GA	1	52;37303;37932;-;45.3	51;36992;37285;-;50.5	50;34213;36978;-;58.7	50;34213;36978;-;129.2	50;34213;36978;-;55.1	49;33461;34201;-;110.2	47;31944;33002;-;122.9		46;31054;31740;-;167.1	45;30137;31057;-;144.2	44;28848;30137;-;131.5	43;27813;28844;-;79.6	42;26000;27826;-;384.8		pfam	pfam_only	A	7/7	canonical	1	1	unscoreable	1	0	0														not_admitted	not_admitted	not_admitted	not_admitted	not_admitted	not_admitted	not_admitted
NZ_MF156712.1	-	IncX6	65	0	0	GA	1	47;37204;37833;-;45.3	46;36893;37186;-;50.5	45;34114;36879;-;58.7	45;34114;36879;-;129.2	45;34114;36879;-;55.1	44;33362;34102;-;110.2	42;31845;32903;-;122.9		41;30955;31641;-;167.1	40;30038;30958;-;144.2	39;28749;30038;-;131.5	38;27714;28745;-;79.6	37;25901;27727;-;384.8		pfam	pfam_only	A	7/7	canonical	1	1	unscoreable	1	0	0														not_admitted	not_admitted	not_admitted	not_admitted	not_admitted	not_admitted	not_admitted
NZ_MF156713.1	MPF_F	IncFIA;IncFII	136	0	0	GA	0															not_admitted	not_admitted	not_admitted	not_admitted	not_admitted	not_admitted	not_admitted	not_admitted	not_admitted	not_admitted	1	44;40723;41715;+;371.6	53;46777;48150;+;380.7	48;44444;45187;+;233.3	41;37087;39714;+;303.5	54;48147;50966;+;386.2	35;33501;34928;+;91.9	41;37087;39714;+;99.0	33;32220;32786;+;182.9	45;41724;42362;+;64.9	46;42359;44167;+;268.2	57;52498;54732;+;391.7	40;36056;36571;+;76.4	57;52498;54732;+;70.3	A	9/9	contiguous	20278	1	1	50991..51482+;163;TraS;0
NZ_MF156714.1	MPF_F	IncFIA;IncFII	131	0	0	GA	0															not_admitted	not_admitted	not_admitted	not_admitted	not_admitted	not_admitted	not_admitted	not_admitted	not_admitted	not_admitted	1	73;67319;68311;-;371.6	62;60261;61634;-;380.9	69;63847;64590;-;235.0	76;69320;71947;-;303.5	61;57439;60264;-;382.3	82;74106;75533;-;91.9	76;69320;71947;-;99.0	84;76248;76814;-;182.9	72;66672;67310;-;64.9	71;64867;66675;-;268.3	58;53764;55935;-;391.6	77;72463;72978;-;76.4	58;53764;55935;-;70.4	A	9/9	contiguous	22484	1	1	56987..57442-;151;unnamed;0
NZ_MF168402.1	MPF_F	IncFII(pHN7A8);IncR	187	0	0	GA	0															not_admitted	not_admitted	not_admitted	not_admitted	not_admitted	not_admitted	not_admitted	not_admitted	not_admitted	not_admitted	1	67;52891;53883;+;369.5	80;60716;62089;+;376.8	75;58407;59150;+;234.4	64;49255;51882;+;301.8	81;62086;64902;+;376.7	58;44946;46373;+;94.1	64;49255;51882;+;101.8	56;43665;44231;+;183.8	70;54829;55467;+;70.4	73;56280;58130;+;265.0	64;49255;51882;+;20.8	63;48224;48739;+;77.6		A	9/9	contiguous	18421	1	1	64935..65456+;173;unnamed;0
NZ_MF168403.1	MPF_F	IncFII(pHN7A8);IncR	222	0	0	GA	0															not_admitted	not_admitted	not_admitted	not_admitted	not_admitted	not_admitted	not_admitted	not_admitted	not_admitted	not_admitted	1	68;52069;53061;+;369.5	82;59893;61266;+;376.8	77;57584;58327;+;234.4	64;48434;50113;+;303.4	83;61263;63833;+;377.0	59;44952;46379;+;94.1	65;50113;51060;+;52.5	57;43671;44237;+;183.8	71;54007;54645;+;70.4	75;55655;57307;+;265.4	88;66379;68604;+;391.7	63;47403;47918;+;77.6	88;66379;68604;+;70.3	A	9/9	contiguous	22708	1	1	63851..64078+;75;unnamed;0
NZ_MF168404.1	MPF_F	ColRNAI;IncFII(pHN7A8);IncR	192	0	0	GA	0															not_admitted	not_admitted	not_admitted	not_admitted	not_admitted	not_admitted	not_admitted	not_admitted	not_admitted	not_admitted	1	73;55595;56587;+;369.5	86;63420;64793;+;376.8	81;61111;61854;+;234.4	70;51959;54586;+;301.8	87;64790;67606;+;376.7	65;48477;49904;+;94.1	70;51959;54586;+;101.8	63;47196;47762;+;183.8	76;57533;58171;+;70.4	79;58984;60834;+;265.0	91;69907;72123;+;391.7	69;50928;51443;+;77.6	91;69907;72123;+;70.3	A	9/9	contiguous	22711	1	1	67639..68160+;173;unnamed;0
NZ_MF168405.1	MPF_F	IncFII(pHN7A8);IncR	225	0	0	GA	0															not_admitted	not_admitted	not_admitted	not_admitted	not_admitted	not_admitted	not_admitted	not_admitted	not_admitted	not_admitted	1	68;52067;53059;+;369.5	82;59891;61264;+;376.8	77;57582;58325;+;234.4	64;48433;50112;+;303.4	83;61261;63831;+;377.0	59;44951;46378;+;94.1	65;50216;51058;+;52.5	57;43670;44236;+;183.8	71;54005;54643;+;70.4	75;55653;57305;+;265.4	88;66377;68602;+;391.7	63;47402;47917;+;77.6	88;66377;68602;+;70.3	A	9/9	contiguous	22707	1	1	63849..64076+;75;unnamed;0
NZ_MF168406.1	MPF_F	IncFII(pHN7A8);repB(R1701)	193	0	0	GA	0															not_admitted	not_admitted	not_admitted	not_admitted	not_admitted	not_admitted	not_admitted	not_admitted	not_admitted	not_admitted	1	65;51882;52874;+;369.5			62;48246;50873;+;301.8		57;44764;46191;+;94.1	62;48246;50873;+;101.8	55;43483;44049;+;183.8			62;48246;50873;+;20.8	61;47215;47730;+;77.6		D	4/9	contiguous	8399	0	0	
NZ_MF174859.1	MPF_F	IncHI2;IncHI2A	305	0	0	GA	0															not_admitted	not_admitted	not_admitted	not_admitted	not_admitted	not_admitted	not_admitted	not_admitted	not_admitted	not_admitted	1	254;209417;210475;-;276.9	78;56968;57948;+;160.1	76;55933;56424;+;77.9	273;230626;232719;-;168.9	80;58391;61951;+;102.2	115;92863;93942;-;207.3	272;230039;230626;-;36.0	283;238124;238912;-;74.8	256;210617;212128;-;62.0	253;206210;209398;-;57.3	70;46809;48893;-;56.8	274;232728;233330;-;40.5	70;46809;48893;-;38.8	A	9/9	split_3	191315	1	1	61981..62343+;120;unnamed;0
NZ_MF175184.1	MPF_T	IncX4	42	0	0	GA	1	26;24532;25152;-;36.1	25;24192;24518;-;64.4	24;21426;24173;-;63.8	24;21426;24173;-;151.8	24;21426;24173;-;46.1	23;20698;21414;-;94.2	22;19592;20686;-;150.1		20;18391;19077;-;169.0	19;17486;18394;-;142.4	18;16375;17493;-;163.9	17;15345;16373;-;85.0	16;13496;15313;-;314.8		pfam	pfam_only	A	7/7	canonical	1	1	unscoreable	1	0	0														not_admitted	not_admitted	not_admitted	not_admitted	not_admitted	not_admitted	not_admitted
NZ_MF175185.1	MPF_T	IncX4	41	0	0	GA	1	25;24522;25142;-;36.1	24;24182;24508;-;64.4	23;21416;24163;-;63.8	23;21416;24163;-;151.8	23;21416;24163;-;46.1	22;20688;21404;-;94.2	21;19582;20676;-;150.1		19;18381;19067;-;169.0	18;17476;18384;-;142.4	17;16365;17483;-;163.9	16;15335;16363;-;85.0	15;13486;15303;-;314.8		pfam	pfam_only	A	7/7	canonical	1	1	unscoreable	1	0	0														not_admitted	not_admitted	not_admitted	not_admitted	not_admitted	not_admitted	not_admitted
NZ_MF175186.1	MPF_T	IncX4	42	0	0	GA	1	26;24532;25152;-;41.6	25;24192;24518;-;64.4	24;21426;24173;-;63.8	24;21426;24173;-;151.8	24;21426;24173;-;46.1	23;20698;21414;-;94.2	22;19592;20686;-;150.1		20;18391;19077;-;169.0	19;17486;18394;-;142.4	18;16375;17493;-;163.9	17;15345;16373;-;85.0	16;13496;15313;-;314.8		pfam	pfam_only	A	7/7	canonical	1	1	unscoreable	1	0	0														not_admitted	not_admitted	not_admitted	not_admitted	not_admitted	not_admitted	not_admitted
NZ_MF175187.1	MPF_T	IncI2	76	0	0	GA	1	37;31182;31664;-;81.1		52;47260;47544;-;36.6	51;44897;47254;-;58.5	51;44897;47254;-;44.9	64;52998;53639;-;42.8	65;53645;54640;-;128.5		49;43997;44731;-;144.3	48;43230;44000;-;170.5	47;42101;43240;-;154.7	40;33432;34970;-;207.1	45;39053;41011;-;289.6		pfam	pfam_only	A	7/7	rearranged	1	0	unscoreable	17	1	0														not_admitted	not_admitted	not_admitted	not_admitted	not_admitted	not_admitted	not_admitted
NZ_MF175188.1	MPF_T	IncI2(Delta)	74	0	0	GA	1	38;32937;33419;-;81.1		53;49026;49310;-;36.6	52;46663;49020;-;58.5	52;46663;49020;-;44.9	63;54126;54770;-;41.0	64;54776;55771;-;123.9		50;45763;46497;-;144.3	49;44996;45766;-;170.5	48;43867;45006;-;154.7	41;35198;36736;-;207.1	46;40819;42777;-;289.6		pfam	pfam_only	A	7/7	rearranged	1	0	unscoreable	15	0	0														not_admitted	not_admitted	not_admitted	not_admitted	not_admitted	not_admitted	not_admitted
NZ_MF175189.1	MPF_T	IncI2(Delta)	71	0	0	GA	1	36;32928;33410;-;81.1		51;49017;49301;-;36.6	50;46654;49011;-;58.5	50;46654;49011;-;44.9	60;54113;54757;-;41.0	61;54763;55758;-;123.9		48;45754;46488;-;144.3	47;44987;45757;-;170.5	46;43858;44997;-;154.7	39;35189;36727;-;207.1	44;40810;42768;-;289.6		pfam	pfam_only	A	7/7	rearranged	1	0	unscoreable	14	0	0														not_admitted	not_admitted	not_admitted	not_admitted	not_admitted	not_admitted	not_admitted
NZ_MF175190.1	MPF_T	IncX4	41	0	0	GA	1	26;24524;25144;-;41.6	25;24184;24510;-;64.4	24;21418;24165;-;63.8	24;21418;24165;-;151.8	24;21418;24165;-;46.1	23;20690;21406;-;94.2	22;19584;20678;-;150.1		20;18388;19074;-;169.0	19;17483;18391;-;142.4	18;16372;17490;-;163.9	17;15342;16370;-;85.0	16;13493;15310;-;314.8		pfam	pfam_only	A	7/7	canonical	1	1	unscoreable	1	0	0														not_admitted	not_admitted	not_admitted	not_admitted	not_admitted	not_admitted	not_admitted
NZ_MF175191.1	MPF_T	IncX4	43	0	0	GA	1	27;24882;25502;-;41.6	26;24542;24868;-;64.4	25;21776;24523;-;63.8	25;21776;24523;-;151.8	25;21776;24523;-;46.1	24;21048;21764;-;94.2	23;19942;21036;-;150.1		21;18741;19427;-;169.0	20;17836;18744;-;142.4	19;16725;17843;-;163.9	18;15695;16723;-;85.0	17;13846;15663;-;314.8		pfam	pfam_only	A	7/7	canonical	1	1	unscoreable	1	0	0														not_admitted	not_admitted	not_admitted	not_admitted	not_admitted	not_admitted	not_admitted
NZ_MF190369.1	MPF_F	IncFII(p14);IncFII(pAR0022)	77	0	0	GA	0															not_admitted	not_admitted	not_admitted	not_admitted	not_admitted	not_admitted	not_admitted	not_admitted	not_admitted	not_admitted	1	59;46828;47814;+;370.3	67;52527;53897;+;377.9	63;50561;51310;+;218.1	56;43204;45834;+;285.5	68;53897;56758;+;335.7	50;39782;41176;+;91.1	56;43204;45834;+;98.6	48;38499;39065;+;170.1	60;47831;48460;+;66.1	61;48457;50310;+;260.5	71;58387;60579;+;384.8	51;41198;41737;+;66.8	71;58387;60579;+;63.9	A	9/9	contiguous	19888	1	1	56777..57241+;154;TraS;0
NZ_MF344555.1	MPF_T	IncX5	54	0	0	GA	1	42;34024;34668;-;36.9	41;33750;34040;-;69.0	40;30969;33728;-;42.6	40;30969;33728;-;132.2	40;30969;33728;-;70.5	39;30212;30961;-;54.3	37;28878;29933;-;135.2		36;27910;28638;-;120.9	35;26976;27905;-;134.2	34;25768;26979;-;136.9	33;24713;25756;-;64.1	32;22875;24710;-;504.8		pfam	pfam_only	A	7/7	canonical	1	1	unscoreable	1	0	0														not_admitted	not_admitted	not_admitted	not_admitted	not_admitted	not_admitted	not_admitted
NZ_MF344556.1	MPF_T	IncX5	53	0	0	GA	1	41;36271;36915;-;36.9	40;35997;36287;-;69.0	39;33216;35975;-;42.6	39;33216;35975;-;132.2	39;33216;35975;-;70.5	38;32459;33208;-;54.3	36;31125;32180;-;135.2		35;30157;30885;-;119.5	34;29223;30152;-;134.2	33;28015;29226;-;136.9	32;26960;28003;-;64.1	30;25122;26021;-;316.4		pfam	pfam_only	A	7/7	canonical	1	1	unscoreable	1	0	0														not_admitted	not_admitted	not_admitted	not_admitted	not_admitted	not_admitted	not_admitted
NZ_MF344557.1	MPF_T	IncN	73	0	0	GA	1	49;38293;39027;-;32.5		46;37333;37650;-;63.3	45;34733;37333;-;113.8	45;34733;37333;-;76.4	44;34002;34715;-;105.5	42;32711;33751;-;142.4		41;31794;32492;-;131.9	40;30899;31783;-;159.7	39;29739;30899;-;156.3	38;28702;29697;-;81.2	24;15285;16814;+;38.5		pfam	both	A	7/7	canonical	1	0	unscoreable	3	0	0														not_admitted	not_admitted	not_admitted	not_admitted	not_admitted	not_admitted	not_admitted
NZ_MF344558.1	MPF_T	IncX3	72	0	0	GA	1	27;17701;18345;+;46.4	28;18329;18619;+;73.1	29;18644;21397;+;47.0	29;18644;21397;+;142.4	29;18644;21397;+;73.3	30;21407;22177;+;60.1	32;22456;23511;+;133.2		33;23706;24434;+;119.4	34;24440;25369;+;138.8	35;25366;26580;+;128.3	37;26776;27810;+;65.7	38;27813;29648;+;495.9		pfam	pfam_only	A	7/7	canonical	1	1	unscoreable	2	0	0														not_admitted	not_admitted	not_admitted	not_admitted	not_admitted	not_admitted	not_admitted
NZ_MF344560.1	MPF_T	IncX3	68	0	0	GA	1	27;17852;18496;+;46.4	28;18480;18770;+;73.1	29;18795;21548;+;47.0	29;18795;21548;+;142.4	29;18795;21548;+;73.3	30;21558;22328;+;60.1	32;22607;23662;+;133.2		33;23857;24585;+;119.4	34;24591;25520;+;138.8	35;25517;26731;+;128.3	37;26927;27961;+;65.7	38;27964;29799;+;495.9		pfam	pfam_only	A	7/7	canonical	1	1	unscoreable	2	0	0														not_admitted	not_admitted	not_admitted	not_admitted	not_admitted	not_admitted	not_admitted
NZ_MF344561.1	MPF_F	IncU;repFIB;repHI5B	354	0	0	GA	0															not_admitted	not_admitted	not_admitted	not_admitted	not_admitted	not_admitted	not_admitted	not_admitted	not_admitted	not_admitted	1	28;26595;27632;-;282.2	276;241291;242733;+;188.6	275;240297;241334;+;172.0	39;38501;41218;-;143.5	277;242735;246679;+;119.0	43;43341;44708;-;63.7	39;38501;41218;-;80.6	46;46363;47223;-;73.9	29;27629;28990;-;71.7	27;23404;26580;-;58.7	268;230955;233081;-;62.0	40;41267;42004;-;56.3	268;230955;233081;-;39.7	A	9/9	split_2	219331	0	1	
NZ_MF344562.1	MPF_F	repFIB;repHI5B	362	0	0	GA	0															not_admitted	not_admitted	not_admitted	not_admitted	not_admitted	not_admitted	not_admitted	not_admitted	not_admitted	not_admitted	1	28;26594;27631;-;282.2	245;213424;214866;+;188.6	244;212430;213467;+;172.0	40;39655;42372;-;143.5	246;214868;218812;+;119.0	44;44495;45862;-;63.7	40;39655;42372;-;80.6	47;47517;48377;-;73.9	29;27628;28989;-;71.7	27;23403;26579;-;58.7	237;203088;205214;-;62.0	41;42421;43158;-;56.3	237;203088;205214;-;39.7	A	9/9	split_2	191465	0	1	
NZ_MF344563.1	MPF_F	repFIB;repHI5B	328	0	0	GA	0															not_admitted	not_admitted	not_admitted	not_admitted	not_admitted	not_admitted	not_admitted	not_admitted	not_admitted	not_admitted	1	26;25440;26477;-;282.2	230;205172;206614;+;188.4	229;204178;205215;+;172.4	37;37346;40063;-;143.5	231;206589;210554;+;117.7	41;42186;43553;-;63.7	37;37346;40063;-;80.6	44;45208;46068;-;73.9	27;26474;27835;-;71.7	25;22249;25425;-;58.7	222;194823;196949;-;62.0	38;40112;40849;-;56.3	222;194823;196949;-;39.7	A	9/9	split_2	184340	0	1	
NZ_MF344564.1	MPF_F	IncU;repFIB;repHI5B	386	0	0	GA	0															not_admitted	not_admitted	not_admitted	not_admitted	not_admitted	not_admitted	not_admitted	not_admitted	not_admitted	not_admitted	1	28;26595;27632;-;282.2	310;269179;270621;-;188.6	311;270578;271615;-;172.0	39;38501;41218;-;143.5	309;265233;269177;-;119.0	43;43341;44708;-;63.7	39;38501;41218;-;80.6	46;46363;47223;-;73.9	29;27629;28990;-;71.7	27;23404;26580;-;58.7	318;278831;280957;+;62.0	40;41267;42004;-;56.3	318;278831;280957;+;39.7	A	9/9	split_2	255427	0	1	
NZ_MF344566.1	MPF_F	repFIB;repHI5B	299	0	0	GA	0															not_admitted	not_admitted	not_admitted	not_admitted	not_admitted	not_admitted	not_admitted	not_admitted	not_admitted	not_admitted	1	26;25201;26238;-;282.2	217;193683;195125;+;188.4	216;192689;193726;+;172.4	37;37107;39824;-;141.1	218;195100;199065;+;117.7	41;41947;43314;-;63.7	37;37107;39824;-;80.6	44;44969;45829;-;73.9	27;26235;27596;-;71.7	25;22010;25186;-;58.7	209;183334;185460;-;62.0	38;39873;40610;-;56.3	209;183334;185460;-;39.7	A	9/9	split_2	173090	0	1	
NZ_MF344567.1	MPF_F	repFIB;repHI5B	264	0	0	GA	0															not_admitted	not_admitted	not_admitted	not_admitted	not_admitted	not_admitted	not_admitted	not_admitted	not_admitted	not_admitted	1	27;25529;26566;-;282.2	161;137635;139077;+;188.6	160;136641;137678;+;172.0	38;37435;40152;-;143.5	162;139079;143032;+;119.0	42;42275;43642;-;63.7	38;37435;40152;-;80.6	45;45297;46157;-;73.9	28;26563;27924;-;71.7	26;22338;25514;-;58.7	153;127275;129401;-;62.0	39;40201;40938;-;56.3	153;127275;129401;-;39.7	A	9/9	split_2	116741	0	1	
NZ_MF344572.1	MPF_F	IncC	195	0	0	GA	0															not_admitted	not_admitted	not_admitted	not_admitted	not_admitted	not_admitted	not_admitted	not_admitted	not_admitted	not_admitted	1	99;70998;72005;+;332.9	184;156372;157805;+;339.2	183;155342;156370;+;221.7	94;65799;68246;+;354.5	185;157818;161432;+;375.3	45;26117;27277;+;156.3	94;65799;68246;+;128.3	87;55403;56029;+;92.7	97;69068;70333;+;67.9	100;72121;74004;+;55.2	78;49728;51593;+;47.3	90;58240;58818;+;100.2	78;49728;51593;+;52.0	A	9/9	split_3	131701	0	1	
NZ_MF344573.1	MPF_F	IncC	185	0	0	GA	0															not_admitted	not_admitted	not_admitted	not_admitted	not_admitted	not_admitted	not_admitted	not_admitted	not_admitted	not_admitted	1	97;74404;75411;+;332.9	174;142137;143570;+;339.2	173;141107;142135;+;221.7	92;69205;71652;+;354.2	175;143583;147197;+;375.3	83;55894;57210;+;135.0	92;69205;71652;+;128.6	81;54370;54996;+;92.1	95;72474;73739;+;67.6	98;75527;78322;+;145.3	72;48695;50560;+;47.4	84;57207;57785;+;100.2	72;48695;50560;+;52.0	A	9/9	split_2	94888	0	1	
NZ_MF344574.1	MPF_F	IncC	181	0	0	GA	0															not_admitted	not_admitted	not_admitted	not_admitted	not_admitted	not_admitted	not_admitted	not_admitted	not_admitted	not_admitted	1		167;139747;141180;+;339.2	166;139005;139745;+;170.8	117;92443;94890;+;354.5	168;141193;142212;+;241.9	112;83571;84887;+;135.0	117;92443;94890;+;128.3	110;82047;82673;+;92.7	120;95712;96977;+;67.9		101;76372;78237;+;47.3	113;84884;85462;+;100.2	101;76372;78237;+;52.0	C	7/9	split_2	64821	1	0	142257..142535+;92;unnamed;0
NZ_MF344580.1	MPF_F	IncHI2;IncHI2A	271	0	0	GA	0															not_admitted	not_admitted	not_admitted	not_admitted	not_admitted	not_admitted	not_admitted	not_admitted	not_admitted	not_admitted	1	29;32275;33333;+;276.9	144;138570;139985;-;194.1	145;139975;141021;-;173.2	11;8955;11636;+;168.0	143;134611;138561;-;101.6	7;5270;6625;+;80.7	11;8955;11636;+;72.2	4;2758;3546;+;75.1	27;30622;32133;+;62.7	30;33352;36540;+;58.3	151;148062;150146;+;56.7	10;7996;8946;+;46.4	151;148062;150146;+;38.8	A	9/9	split_3	145304	0	1	
NZ_MF344582.1	MPF_F	IncHI2;IncHI2A	361	0	0	GA	0															not_admitted	not_admitted	not_admitted	not_admitted	not_admitted	not_admitted	not_admitted	not_admitted	not_admitted	not_admitted	1	37;42693;43751;+;276.9	300;291847;293262;-;194.1	301;293252;294298;-;173.7	11;8956;11637;+;168.0	299;287888;291838;-;101.6	7;5271;6626;+;80.7	11;8956;11637;+;72.4	4;2759;3547;+;74.8	35;41040;42551;+;62.4	38;43770;46958;+;57.7	307;301339;303423;+;56.7	10;7997;8947;+;46.1	307;301339;303423;+;38.8	A	9/9	split_3	298580	0	1	
NZ_MF344583.1	MPF_F	IncHI2;IncHI2A;IncR	397	0	0	GA	0															not_admitted	not_admitted	not_admitted	not_admitted	not_admitted	not_admitted	not_admitted	not_admitted	not_admitted	not_admitted	1	36;36077;37135;+;276.9	298;263946;265361;-;194.1	299;265351;266397;-;173.7	13;10187;12868;+;168.0	297;259987;263937;-;101.6	9;6502;7857;+;80.7	13;10187;12868;+;72.2	6;3990;4778;+;74.8	34;34424;35935;+;62.9	37;37154;40342;+;58.3	308;274670;276754;+;56.7	12;9228;10178;+;46.4	308;274670;276754;+;38.8	A	9/9	split_3	270680	0	1	
NZ_MF353155.1	MPF_F	IncFIA;IncFII	133	0	0	GA	0															not_admitted	not_admitted	not_admitted	not_admitted	not_admitted	not_admitted	not_admitted	not_admitted	not_admitted	not_admitted	1	116;108919;109911;+;369.3	125;114973;116346;+;381.0	120;112610;113383;+;234.0	113;105283;107910;+;303.5	126;116343;119162;+;386.0	108;101697;103124;+;94.3	113;105283;107910;+;99.0	106;100416;100982;+;183.8	117;109920;110558;+;68.7	118;110555;112363;+;268.0	129;120694;122856;+;391.8	112;104252;104767;+;76.4	129;120694;122856;+;70.4	A	9/9	contiguous	20278	1	1	119187..119678+;163;TraS;0
NZ_MF353156.1	MPF_F	IncFII	93	0	0	GA	0															not_admitted	not_admitted	not_admitted	not_admitted	not_admitted	not_admitted	not_admitted	not_admitted	not_admitted	not_admitted	1	70;65675;66667;+;369.3	79;71729;73102;+;381.0	74;69366;70139;+;234.0	67;62036;64666;+;303.5	80;73099;75924;+;386.0	60;57331;58758;+;94.3	67;62036;64666;+;98.5	58;56050;56616;+;183.8	71;66676;67314;+;68.7	72;67311;69119;+;268.0	83;77428;79635;+;391.7	64;59886;60401;+;78.6	83;77428;79635;+;70.3	A	9/9	contiguous	21378	1	1	75921..76430+;169;unnamed;0
NZ_MF363048.1	MPF_F	IncFII	95	0	0	GA	0															not_admitted	not_admitted	not_admitted	not_admitted	not_admitted	not_admitted	not_admitted	not_admitted	not_admitted	not_admitted	1	41;29959;30951;+;369.5	52;36686;38059;+;382.9	46;34015;34758;+;234.4	37;26325;27143;+;156.1	53;38056;40875;+;385.4	31;22745;24172;+;93.9	38;27169;28950;+;102.1	29;21464;22030;+;182.7	43;31295;31933;+;70.7	44;31930;33738;+;267.1	56;42407;44596;+;380.8	35;25294;25809;+;76.0	56;42407;44596;+;66.5	A	9/9	contiguous	20943	1	1	40900..41391+;163;TraS;0
NZ_MF370216.1	MPF_F	IncFIA	70	0	0	GA	0															not_admitted	not_admitted	not_admitted	not_admitted	not_admitted	not_admitted	not_admitted	not_admitted	not_admitted	not_admitted	1	32;30539;31531;-;368.6	21;23480;24853;-;374.3	28;27067;27810;-;234.1	35;32540;35167;-;306.8	20;20667;23483;-;386.1	41;37222;38649;-;94.3	35;32540;35167;-;98.5	43;39364;39930;-;183.8	31;29892;30530;-;67.3	30;28087;29895;-;268.0	17;16951;19104;-;391.1	37;35683;36198;-;77.3	17;16951;19104;-;69.2	A	9/9	contiguous	22413	1	1	20113..20634-;173;unnamed;0
NZ_MF381175.1	MPF_T	IncX4	43	0	0	GA	1	28;27064;27684;-;41.6	27;26724;27050;-;64.4	26;23958;26705;-;63.8	26;23958;26705;-;151.8	26;23958;26705;-;46.1	25;23230;23946;-;94.2	24;22124;23218;-;150.1		22;20923;21609;-;169.0	21;20018;20926;-;142.4	20;18907;20025;-;163.9	19;17877;18905;-;85.0	18;16028;17845;-;314.8		pfam	pfam_only	A	7/7	canonical	1	1	unscoreable	1	0	0														not_admitted	not_admitted	not_admitted	not_admitted	not_admitted	not_admitted	not_admitted
NZ_MF381176.1	MPF_T	IncX4	44	0	0	GA	1	29;28690;29310;-;41.6	28;28350;28676;-;64.4	27;25584;28331;-;63.8	27;25584;28331;-;151.8	27;25584;28331;-;46.1	26;24856;25572;-;94.2	25;23750;24844;-;150.1		23;22549;23235;-;169.0	22;21644;22552;-;142.4	21;20533;21651;-;163.9	20;19503;20531;-;85.0	19;17654;19471;-;314.8		pfam	pfam_only	A	7/7	canonical	1	1	unscoreable	1	0	0														not_admitted	not_admitted	not_admitted	not_admitted	not_admitted	not_admitted	not_admitted
NZ_MF415608.1	MPF_T	IncX3	74	0	0	GA	1	61;52129;52773;-;46.4	60;51855;52145;-;73.1	59;49077;51830;-;47.0	59;49077;51830;-;142.4	59;49077;51830;-;73.3	58;48297;49067;-;60.1	56;46963;48018;-;133.2		55;46040;46768;-;119.4	54;45105;46034;-;138.8	53;43894;45108;-;128.3	51;42664;43698;-;65.7	50;40826;42661;-;495.9		pfam	pfam_only	A	7/7	canonical	1	1	unscoreable	2	0	0														not_admitted	not_admitted	not_admitted	not_admitted	not_admitted	not_admitted	not_admitted
NZ_MF428416.1	MPF_T	IncX1;IncX3	52	0	0	GA	1	13;12997;13644;-;45.8	12;12723;13019;-;77.5	11;9951;12704;-;46.6	11;9951;12704;-;147.3	11;9951;12704;-;73.5	10;9182;9940;-;67.3	8;7755;8885;-;103.0		7;6797;7510;-;120.0	6;5863;6792;-;133.8	5;4661;5866;-;132.5	4;3628;4659;-;79.0	3;1790;3625;-;488.2		pfam	pfam_only	A	7/7	canonical	1	1	unscoreable	1	0	0														not_admitted	not_admitted	not_admitted	not_admitted	not_admitted	not_admitted	not_admitted
NZ_MF437312.1	MPF_F	IncFII(pHN7A8);IncR	224	0	0	GA	0															not_admitted	not_admitted	not_admitted	not_admitted	not_admitted	not_admitted	not_admitted	not_admitted	not_admitted	not_admitted	1	80;67623;68615;-;369.5	67;59417;60790;-;376.8	72;62356;63099;-;234.4	83;69624;72251;-;301.8	66;56604;59420;-;376.7	58;44386;45813;+;94.1	83;69624;72251;-;101.8	56;43105;43671;+;183.8	77;66039;66677;-;70.4	74;63376;65226;-;265.0	62;52087;54303;-;391.7	84;72767;73282;-;77.6	62;52087;54303;-;70.3	A	9/9	contiguous	29662	1	1	56050..56571-;173;unnamed;0
NZ_MF449287.1	MPF_T	IncX4	42	0	0	GA	1	25;16751;17323;+;42.2	26;17384;17710;+;64.4	27;17729;20476;+;63.8	27;17729;20476;+;151.8	27;17729;20476;+;46.1	28;20488;21204;+;94.2	29;21216;22310;+;150.1		31;22825;23511;+;169.0	32;23508;24416;+;142.4	33;24409;25527;+;163.9	34;25529;26557;+;85.0	35;26589;28406;+;314.8		pfam	pfam_only	A	7/7	canonical	1	1	unscoreable	1	0	0														not_admitted	not_admitted	not_admitted	not_admitted	not_admitted	not_admitted	not_admitted
NZ_MF458176.1	MPF_T	IncX3	58	0	0	GA	1	45;38165;38809;-;46.4	44;37891;38181;-;73.1	43;35113;37866;-;47.0	43;35113;37866;-;142.4	43;35113;37866;-;73.3	42;34333;35103;-;60.1	40;32999;34054;-;133.2		39;32076;32804;-;119.4	38;31141;32070;-;138.8	37;29930;31144;-;128.3	35;28700;29734;-;65.7	34;26862;28697;-;495.9		pfam	pfam_only	A	7/7	canonical	1	1	unscoreable	2	0	0														not_admitted	not_admitted	not_admitted	not_admitted	not_admitted	not_admitted	not_admitted
NZ_MF474175.1	MPF_F	IncFIB(AP001918);IncFII;IncN	213	0	0	GA	0															not_admitted	not_admitted	not_admitted	not_admitted	not_admitted	not_admitted	not_admitted	not_admitted	not_admitted	not_admitted	1	189;168625;169617;+;367.3	200;175304;176677;+;374.3	193;172346;173089;+;234.1	186;164989;167616;+;305.4	201;176674;179490;+;387.9	180;161507;162934;+;91.7	186;164989;167616;+;99.1	178;160225;160791;+;183.8	190;169626;170264;+;67.3	191;170261;172069;+;268.3	205;181214;183205;+;391.4	184;163958;164473;+;77.3	205;181214;183205;+;69.3	A	9/9	contiguous	20989	1	1	179523..180044+;173;unnamed;0
NZ_MF489760.1	MPF_T	IncP1	71	0	0	GA	1		55;36807;37190;+;68.7	56;37193;37519;+;50.6	57;37516;40059;+;94.8	57;37516;40059;+;107.0	62;43535;44305;+;104.8	63;44496;46055;+;113.8		58;40056;40763;+;91.8	59;40779;41669;+;152.4	61;42128;43522;+;224.7	54;35737;36693;+;134.8	22;13733;15679;-;442.7		conjscan	conjscan_only	A	7/7	canonical	1	0	unscoreable	2	0	0														not_admitted	not_admitted	not_admitted	not_admitted	not_admitted	not_admitted	not_admitted
NZ_MF495477.1	MPF_T	-	57	0	0	GA	1	35;33488;34249;-;34.2	33;30690;30998;-;73.1	32;30357;30680;-;79.8	31;27870;30350;-;197.3	31;27870;30350;-;106.8	30;27143;27865;-;232.9	28;25649;26731;-;170.0		26;24632;25342;-;204.9	25;23763;24635;-;184.0	24;22603;23763;-;191.5	23;21552;22619;-;91.9	21;18500;21004;-;350.1		pfam	both	A	7/7	canonical	1	0	unscoreable	4	0	0														not_admitted	not_admitted	not_admitted	not_admitted	not_admitted	not_admitted	not_admitted
NZ_MF495478.1	-	-	215	0	0	GA	0															not_admitted	not_admitted	not_admitted	not_admitted	not_admitted	not_admitted	not_admitted	not_admitted	not_admitted	not_admitted	1	203;178655;179665;+;101.2			201;174960;177932;+;143.0	208;182132;183655;+;60.6		201;174960;177932;+;32.6				126;116115;118259;+;28.0		126;116115;118259;+;50.4	D	3/9	split_2	66017	1	0	183652..185127+;491;unnamed;0
NZ_MF497432.1	MPF_F	IncC	165	0	0	GA	0															not_admitted	not_admitted	not_admitted	not_admitted	not_admitted	not_admitted	not_admitted	not_admitted	not_admitted	not_admitted	1	95;72293;73300;+;332.9	154;122506;123939;+;339.2	153;121476;122504;+;221.7	90;67094;69541;+;354.5	155;123952;127566;+;375.3	85;58222;59538;+;135.0	90;67094;69541;+;128.3	83;56698;57324;+;92.7	93;70363;71628;+;67.9	96;73416;76214;+;145.3	74;51023;52888;+;47.3	86;59535;60113;+;100.2	74;51023;52888;+;52.0	A	9/9	split_2	72929	0	1	
NZ_MF497781.1	MPF_T	IncN4;IncR	101	0	0	GA	1	55;52773;53513;-;34.8	53;52159;52449;-;45.3	52;51795;52109;-;65.3	51;49165;51795;-;123.6	51;49165;51795;-;87.4	50;48448;49155;-;114.7	48;47146;48189;-;126.3	47;46881;47051;-;41.4	46;46195;46878;-;117.3				90;71409;72986;+;54.8		pfam	both	D	4/7	canonical	1	0	ga	2	0	0														not_admitted	not_admitted	not_admitted	not_admitted	not_admitted	not_admitted	not_admitted
NZ_MF511177.1	MPF_T	-	196	0	0	GA	1	127;136764;137501;+;73.4	193;216069;216476;-;72.1	129;137866;138192;+;73.6	130;138192;140561;+;237.3	191;213298;215766;-;121.3	190;212517;213326;-;47.5	188;211112;212308;-;109.9		134;142417;143130;+;176.9	186;209563;210417;-;190.1	184;207764;209074;-;230.5	194;216466;217437;-;136.9	91;93904;95853;-;543.9		conjscan	conjscan_only	A	7/7	uncallable	0	0	unscoreable	11	0	0														not_admitted	not_admitted	not_admitted	not_admitted	not_admitted	not_admitted	not_admitted
NZ_MF521836.2	MPF_T	IncI2(Delta)	85	0	0	GA	1	27;23098;23580;+;81.1		13;7742;8026;+;36.6	14;8032;10389;+;58.5	14;8032;10389;+;44.9	3;1584;2228;+;41.0	2;583;1578;+;123.9		16;10555;11289;+;144.4	17;11286;12056;+;170.5	18;12046;13185;+;154.7	24;19791;21329;+;208.0	20;14275;16233;+;287.0		pfam	pfam_only	A	7/7	rearranged	1	0	unscoreable	14	0	0														not_admitted	not_admitted	not_admitted	not_admitted	not_admitted	not_admitted	not_admitted
NZ_MF547507.1	MPF_T	IncX3	58	0	0	GA	1	45;38024;38668;-;46.4	44;37750;38040;-;73.1	43;34972;37725;-;47.0	43;34972;37725;-;142.4	43;34972;37725;-;73.3	42;34192;34962;-;60.1	40;32858;33913;-;133.2		39;31935;32663;-;119.4	38;31000;31929;-;138.8	37;29789;31003;-;128.3	35;28559;29593;-;65.7	34;26721;28556;-;495.9		pfam	pfam_only	A	7/7	canonical	1	1	unscoreable	2	0	0														not_admitted	not_admitted	not_admitted	not_admitted	not_admitted	not_admitted	not_admitted
NZ_MF547508.1	MPF_T	IncX3	58	0	0	GA	1	45;38024;38668;-;46.4	44;37750;38040;-;73.1	43;34972;37725;-;47.0	43;34972;37725;-;142.4	43;34972;37725;-;73.3	42;34192;34962;-;60.1	40;32858;33913;-;133.2		39;31935;32663;-;119.4	38;31000;31929;-;138.8	37;29789;31003;-;128.3	35;28559;29593;-;65.7	34;26721;28556;-;495.9		pfam	pfam_only	A	7/7	canonical	1	1	unscoreable	2	0	0														not_admitted	not_admitted	not_admitted	not_admitted	not_admitted	not_admitted	not_admitted
NZ_MF547509.1	MPF_T	IncX3	58	0	0	GA	1	45;38024;38668;-;46.4	44;37750;38040;-;73.1	43;34972;37725;-;47.0	43;34972;37725;-;142.4	43;34972;37725;-;73.3	42;34192;34962;-;60.1	40;32858;33913;-;133.2		39;31935;32663;-;119.4	38;31000;31929;-;138.8	37;29789;31003;-;128.3	35;28559;29593;-;65.7	34;26721;28556;-;495.9		pfam	pfam_only	A	7/7	canonical	1	1	unscoreable	2	0	0														not_admitted	not_admitted	not_admitted	not_admitted	not_admitted	not_admitted	not_admitted
NZ_MF547510.1	MPF_T	IncX3	58	0	0	GA	1	45;38024;38668;-;46.4	44;37750;38040;-;73.1	43;34972;37725;-;47.0	43;34972;37725;-;142.4	43;34972;37725;-;73.3	42;34192;34962;-;60.1	40;32858;33913;-;133.2		39;31935;32663;-;119.4	38;31000;31929;-;138.8	37;29789;31003;-;128.3	35;28559;29593;-;65.7	34;26721;28556;-;495.9		pfam	pfam_only	A	7/7	canonical	1	1	unscoreable	2	0	0														not_admitted	not_admitted	not_admitted	not_admitted	not_admitted	not_admitted	not_admitted
NZ_MF547511.1	MPF_T	IncX3	58	0	0	GA	1	45;37409;38053;-;46.4	44;37135;37425;-;73.1	43;34357;37110;-;47.0	43;34357;37110;-;142.4	43;34357;37110;-;73.3	42;33577;34347;-;60.1	40;32243;33298;-;133.2		39;31320;32048;-;119.4	38;30385;31314;-;138.8	37;29174;30388;-;128.3	35;27944;28978;-;65.7	34;26106;27941;-;495.9		pfam	pfam_only	A	7/7	canonical	1	1	unscoreable	2	0	0														not_admitted	not_admitted	not_admitted	not_admitted	not_admitted	not_admitted	not_admitted
NZ_MF582638.1	MPF_F	IncC	195	0	0	GA	0															not_admitted	not_admitted	not_admitted	not_admitted	not_admitted	not_admitted	not_admitted	not_admitted	not_admitted	not_admitted	1	91;69665;70672;+;332.9	184;150881;152314;+;339.2	183;149851;150879;+;221.7	86;64466;66913;+;354.2	185;152327;155941;+;375.3	77;51155;52471;+;135.0	86;64466;66913;+;128.6	75;49631;50257;+;92.1	89;67735;69000;+;67.6	92;70788;73583;+;145.3	66;43956;45821;+;47.4	78;52468;53046;+;100.2	66;43956;45821;+;52.0	A	9/9	split_2	108371	0	1	
NZ_MF589339.1	MPF_F	IncFIB(AP001918);IncFII;IncN;IncR;IncX1	240	0	0	GA	0															not_admitted	not_admitted	not_admitted	not_admitted	not_admitted	not_admitted	not_admitted	not_admitted	not_admitted	not_admitted	1	219;198690;199682;+;369.3	230;205732;207105;+;381.0	225;203399;204142;+;235.0	216;195054;197681;+;304.6	231;207102;209924;+;389.2	210;191475;192902;+;94.3	216;195054;197681;+;99.2	208;190194;190760;+;183.8	222;200679;201317;+;68.6	223;201314;203122;+;268.0	234;211458;213683;+;391.5	214;194023;194538;+;78.4	234;211458;213683;+;70.3	A	9/9	contiguous	21264	1	1	209945..210442+;165;TraS;0
NZ_MF627444.1	MPF_F	IncC	198	0	0	GA	0															not_admitted	not_admitted	not_admitted	not_admitted	not_admitted	not_admitted	not_admitted	not_admitted	not_admitted	not_admitted	1	91;68668;69675;+;332.9	187;155231;156664;+;339.2	186;154201;155229;+;221.7	86;63469;65916;+;354.2	188;156677;160291;+;375.3	80;52812;54128;+;135.0	86;63469;65916;+;128.6	78;51288;51914;+;92.1	89;66738;68003;+;67.6	92;69791;72586;+;145.3	69;45613;47478;+;47.4	81;54125;54703;+;100.2	69;45613;47478;+;52.0	A	9/9	split_2	111064	0	1	
NZ_MF627445.1	MPF_F	IncC	228	0	0	GA	0															not_admitted	not_admitted	not_admitted	not_admitted	not_admitted	not_admitted	not_admitted	not_admitted	not_admitted	not_admitted	1	91;68665;69672;+;332.9	217;181500;182933;+;339.2	216;180470;181498;+;221.7	86;63466;65913;+;354.2	218;182946;186560;+;375.3	168;138167;138901;+;156.7	86;63466;65913;+;128.6	78;51285;51911;+;92.1	89;66735;68000;+;67.6	92;69788;72583;+;145.3	69;45610;47475;+;47.4	81;54122;54700;+;100.2	69;45610;47475;+;52.0	A	9/9	split_3	137336	0	1	
NZ_MF678350.1	MPF_F	IncHI2;IncHI2A	247	0	0	GA	0															not_admitted	not_admitted	not_admitted	not_admitted	not_admitted	not_admitted	not_admitted	not_admitted	not_admitted	not_admitted	1		85;71875;73290;+;194.1	84;70839;71885;+;174.3	228;205971;208652;-;168.0	86;73299;77252;+;101.7	232;210982;212337;-;80.7	228;205971;208652;-;72.2	235;214061;214849;-;74.8			77;61712;63796;-;56.8	229;208661;209611;-;46.1	77;61712;63796;-;38.8	C	6/9	split_2	152349	1	0	77433..78722+;429;unnamed;0
NZ_MF678351.1	MPF_T	IncP1	69	0	0	GA	1		31;25318;25701;-;68.7	30;24989;25315;-;50.6	29;22449;24992;-;94.8	29;22449;24992;-;107.0	24;18203;18973;-;104.8	23;16453;18012;-;113.8		28;21745;22452;-;91.8	27;20839;21729;-;152.4	25;18986;20380;-;224.7	32;25815;26771;-;134.8	63;45141;47087;+;442.7		conjscan	conjscan_only	A	7/7	canonical	1	0	unscoreable	2	0	0														not_admitted	not_admitted	not_admitted	not_admitted	not_admitted	not_admitted	not_admitted
NZ_MF679143.1	MPF_T	IncX3	58	0	0	GA	1	30;20477;21121;+;46.4	31;21105;21395;+;73.1	32;21420;24173;+;47.0	32;21420;24173;+;142.4	32;21420;24173;+;73.3	33;24183;24953;+;60.1	35;25232;26287;+;133.2		36;26482;27210;+;119.4	37;27216;28145;+;138.8	38;28142;29356;+;128.3	40;29552;30586;+;65.7	41;30589;32424;+;495.9		pfam	pfam_only	A	7/7	canonical	1	1	unscoreable	2	0	0														not_admitted	not_admitted	not_admitted	not_admitted	not_admitted	not_admitted	not_admitted
NZ_MF679146.1	MPF_F	IncFIB(AP001918);IncFII	154	0	0	GA	0															not_admitted	not_admitted	not_admitted	not_admitted	not_admitted	not_admitted	not_admitted	not_admitted	not_admitted	not_admitted	1	137;120637;121629;+;370.2	145;126325;127698;+;380.4	141;124361;125104;+;233.3	134;117001;119628;+;303.5	146;127695;130517;+;386.8	130;113662;115089;+;94.3	134;117001;119628;+;100.3	128;112381;112947;+;183.8	138;121638;122276;+;68.3	139;122273;124081;+;268.2	149;132051;134276;+;391.7	133;115970;116485;+;78.0	149;132051;134276;+;70.3	A	9/9	contiguous	19670	1	1	130538..131035+;165;TraS;0
NZ_MF679147.1	MPF_F	IncFIB(AP001918);IncFII;IncX3	218	1	1	GA	1	186;157291;157800;-;77.3	65;50322;50612;+;73.1	66;50637;53390;+;47.0	66;50637;53390;+;142.4	66;50637;53390;+;73.3	67;53400;54170;+;60.1	69;54449;55504;+;133.2		70;55699;56427;+;119.4	71;56433;57362;+;138.8	72;57359;58573;+;128.3	74;58769;59803;+;65.7	75;59806;61641;+;495.9	203;170592;172400;+;268.2	pfam	pfam_only	A	7/7	canonical	1	1	unscoreable	26	0	1	201;168956;169948;+;370.2	209;174644;176017;+;380.4	205;172680;173423;+;233.3	198;165320;167947;+;303.5	210;176014;178836;+;386.8	72;57359;58573;+;128.3	198;165320;167947;+;100.3	192;160700;161266;+;183.8	202;169957;170595;+;68.3	203;170592;172400;+;268.2	213;180370;182595;+;391.7	197;164289;164804;+;78.0	75;59806;61641;+;88.7	A	9/9	split_2	123011	1	1	178857..179354+;165;TraS;0
NZ_MF693349.1	MPF_T	IncI2	79	0	0	GA	1	75;58818;59300;+;81.1		60;42932;43216;+;36.6	61;43222;45579;+;58.5	61;43222;45579;+;44.9	48;36137;36781;+;41.0	47;35136;36131;+;122.6		63;45745;46479;+;144.3	64;46476;47246;+;170.5	65;47236;48375;+;154.7	72;55512;57050;+;207.1	67;49465;51423;+;289.6		pfam	pfam_only	A	7/7	rearranged	1	0	unscoreable	17	0	0														not_admitted	not_admitted	not_admitted	not_admitted	not_admitted	not_admitted	not_admitted
NZ_MF774182.1	MPF_T	IncX4	41	0	0	GA	1	26;25497;26117;-;41.6	25;25157;25483;-;64.4	24;22391;25138;-;63.8	24;22391;25138;-;151.8	24;22391;25138;-;46.1	23;21663;22379;-;94.2	22;20557;21651;-;150.1		20;19356;20042;-;169.0	19;18451;19359;-;142.4	18;17340;18458;-;163.9	17;16310;17338;-;85.0	16;14461;16278;-;314.8		pfam	pfam_only	A	7/7	canonical	1	1	unscoreable	1	0	0														not_admitted	not_admitted	not_admitted	not_admitted	not_admitted	not_admitted	not_admitted
NZ_MF774184.1	MPF_T	IncX4	41	0	0	GA	1	26;25497;26117;-;41.6	25;25157;25483;-;64.4	24;22391;25138;-;63.8	24;22391;25138;-;151.8	24;22391;25138;-;46.1	23;21663;22379;-;94.2	22;20557;21651;-;150.1		20;19356;20042;-;169.0	19;18451;19359;-;142.4	18;17340;18458;-;163.9	17;16310;17338;-;85.0	16;14461;16278;-;314.8		pfam	pfam_only	A	7/7	canonical	1	1	unscoreable	1	0	0														not_admitted	not_admitted	not_admitted	not_admitted	not_admitted	not_admitted	not_admitted
NZ_MF774188.1	MPF_T	IncX4	41	0	0	GA	1	26;25497;26117;-;41.6	25;25157;25483;-;64.4	24;22391;25138;-;63.8	24;22391;25138;-;151.8	24;22391;25138;-;46.1	23;21663;22379;-;94.2	22;20557;21651;-;150.1		20;19356;20042;-;169.0	19;18451;19359;-;142.4	18;17340;18458;-;163.9	17;16310;17338;-;85.0	16;14461;16278;-;314.8		pfam	pfam_only	A	7/7	canonical	1	1	unscoreable	1	0	0														not_admitted	not_admitted	not_admitted	not_admitted	not_admitted	not_admitted	not_admitted
NZ_MF788071.1	MPF_F	IncHI2;IncHI2A	277	0	0	GA	0															not_admitted	not_admitted	not_admitted	not_admitted	not_admitted	not_admitted	not_admitted	not_admitted	not_admitted	not_admitted	1	29;32275;33333;+;276.9	169;167864;169279;-;194.1	170;169269;170315;-;173.7	11;8955;11636;+;168.0	168;163905;167855;-;101.6	7;5270;6625;+;80.7	11;8955;11636;+;72.2	4;2758;3546;+;74.8	27;30622;32133;+;62.7	30;33352;36540;+;58.3	178;178556;180640;+;56.7	10;7996;8946;+;46.4	178;178556;180640;+;38.8	A	9/9	split_3	175798	0	1	
NZ_MF918372.1	MPF_F	IncFII(pHN7A8);repB(R1701)	156	0	0	GA	0															not_admitted	not_admitted	not_admitted	not_admitted	not_admitted	not_admitted	not_admitted	not_admitted	not_admitted	not_admitted	1	63;49969;50961;+;369.5			60;46333;48960;+;301.8		55;42851;44278;+;94.1	60;46333;48960;+;101.8	53;41570;42136;+;183.8			60;46333;48960;+;20.8	59;45302;45817;+;77.6		D	4/9	contiguous	8399	0	0	
NZ_MF918373.1	MPF_F	IncFIB(K);IncFII(K)	201	0	0	GA	0															not_admitted	not_admitted	not_admitted	not_admitted	not_admitted	not_admitted	not_admitted	not_admitted	not_admitted	not_admitted	1	177;157171;158163;+;369.6	187;163614;164984;+;381.2	183;161660;162412;+;232.4	174;153506;156145;+;258.7	188;164984;167833;+;344.2	165;148267;149691;+;89.2	174;153506;156145;+;88.8	163;146974;147540;+;167.0	178;158176;158814;+;67.0	179;158811;160817;+;259.0	192;169647;171956;+;393.2	167;150303;150872;+;49.7	192;169647;171956;+;65.8	A	9/9	contiguous	22673	1	1	167836..168366+;176;unnamed;0
NZ_MF953243.1	MPF_T	IncN	51	0	0	GA	1	34;28732;29466;-;32.5	32;28139;28432;-;28.7	31;27772;28089;-;63.3	30;25172;27772;-;111.8	30;25172;27772;-;76.8	29;24441;25154;-;97.1	27;23150;24190;-;153.6		26;22233;22931;-;131.9	25;21338;22222;-;159.0	24;20178;21338;-;154.9	23;19141;20136;-;81.2	19;13043;14572;+;38.5		pfam	both	A	7/7	canonical	1	0	unscoreable	5	0	0														not_admitted	not_admitted	not_admitted	not_admitted	not_admitted	not_admitted	not_admitted
NZ_MF978387.1	MPF_T	IncX4	42	0	0	GA	1	27;25649;26269;-;41.6	26;25309;25635;-;64.4	25;22543;25290;-;63.8	25;22543;25290;-;151.8	25;22543;25290;-;46.1	24;21815;22531;-;94.2	23;20709;21803;-;150.1		21;19508;20194;-;169.0	20;18603;19511;-;142.4	19;17492;18610;-;163.9	18;16462;17490;-;85.0	17;14613;16430;-;314.8		pfam	pfam_only	A	7/7	canonical	1	1	unscoreable	1	0	0														not_admitted	not_admitted	not_admitted	not_admitted	not_admitted	not_admitted	not_admitted
NZ_MF978388.1	MPF_T	IncI2(Delta)	74	0	0	GA	1	72;59361;59843;+;81.1		57;43464;43748;+;36.6	58;43754;46111;+;58.5	58;43754;46111;+;44.9	48;38008;38652;+;41.0	47;37007;38002;+;123.9		60;46277;47011;+;144.3	61;47008;47778;+;170.5	62;47768;48907;+;154.7	69;56044;57582;+;207.1	64;49997;51955;+;289.6		pfam	pfam_only	A	7/7	rearranged	1	0	unscoreable	14	0	0														not_admitted	not_admitted	not_admitted	not_admitted	not_admitted	not_admitted	not_admitted
NZ_MF978389.1	MPF_T	IncP1	71	0	0	GA	1		67;50309;50692;-;68.7	66;49980;50306;-;50.6	65;47440;49983;-;94.8	65;47440;49983;-;107.0	60;43194;43964;-;104.8	59;41444;43003;-;113.8		64;46736;47443;-;91.8	63;45830;46720;-;152.4	61;43977;45371;-;224.7	68;50806;51762;-;135.2	34;23795;25741;+;442.7		conjscan	conjscan_only	A	7/7	canonical	1	0	unscoreable	2	0	0														not_admitted	not_admitted	not_admitted	not_admitted	not_admitted	not_admitted	not_admitted
NZ_MF990207.1	MPF_T	IncP1	69	0	0	GA	1		65;48004;48387;-;68.7	64;47675;48001;-;50.6	63;45135;47678;-;94.8	63;45135;47678;-;107.0	58;40889;41659;-;104.8	57;39139;40698;-;113.8		62;44431;45138;-;91.8	61;43525;44415;-;152.4	59;41672;43066;-;224.7	66;48501;49457;-;135.2	30;18884;20830;+;442.7		conjscan	conjscan_only	A	7/7	canonical	1	0	unscoreable	2	0	0														not_admitted	not_admitted	not_admitted	not_admitted	not_admitted	not_admitted	not_admitted
NZ_MF993441.1	MPF_T	-	103	0	0	GA	1	42;34075;34815;-;35.1	40;33461;33751;-;46.6	39;33097;33411;-;65.3	38;30467;33097;-;123.5	38;30467;33097;-;87.4	37;29750;30457;-;116.1	35;28448;29491;-;126.7	34;28183;28353;-;41.4	33;27464;28180;-;145.6	32;26574;27461;-;144.4	31;25423;26577;-;174.0	30;24399;25430;-;78.1	18;9928;11505;+;54.8		pfam	both	A	7/7	canonical	1	0	ga	2	0	0														not_admitted	not_admitted	not_admitted	not_admitted	not_admitted	not_admitted	not_admitted
NZ_MG014720.1	MPF_F	IncFII;IncHI2;IncHI2A	355	0	0	GA	0															not_admitted	not_admitted	not_admitted	not_admitted	not_admitted	not_admitted	not_admitted	not_admitted	not_admitted	not_admitted	1	127;121473;122465;-;369.3	118;115038;116414;-;381.0	123;118001;118774;-;234.0	130;123474;126104;-;303.5	117;112216;115041;-;386.0	139;129382;130809;-;94.3	130;123474;126104;-;98.5	141;131524;132090;-;183.8	126;120826;121464;-;68.7	125;119021;120829;-;268.0	114;108496;110712;-;391.7	135;127739;128254;-;78.6	114;108496;110712;-;70.3	A	9/9	contiguous	23028	1	1	111710..112219-;169;unnamed;0
NZ_MG014721.1	MPF_F	IncHI2;IncHI2A;IncN	261	0	0	GA	0															not_admitted	not_admitted	not_admitted	not_admitted	not_admitted	not_admitted	not_admitted	not_admitted	not_admitted	not_admitted	1	221;192422;193480;-;276.9	68;57008;58423;+;194.1	67;55972;57018;+;174.3	237;213052;215733;-;168.0	69;58432;62385;+;101.6	241;218063;219418;-;80.7	237;213052;215733;-;72.2	244;221142;221930;-;74.8	223;193622;195133;-;62.0	220;189215;192403;-;57.3	60;46846;48930;-;56.8	238;215742;216692;-;46.1	60;46846;48930;-;38.8	A	9/9	split_2	174296	1	1	62565..63545+;326;unnamed;0
NZ_MG014722.1	MPF_F	IncFIB(AP001918);IncFII;IncHI2;IncHI2A	429	0	0	GA	0															not_admitted	not_admitted	not_admitted	not_admitted	not_admitted	not_admitted	not_admitted	not_admitted	not_admitted	not_admitted	1	159;138424;139416;-;369.3	147;131001;132377;-;380.4	152;133964;134707;-;235.0	162;140425;143052;-;304.6	146;128182;131004;-;389.2	169;145204;146631;-;94.3	162;140425;143052;-;99.2	171;147346;147912;-;183.8	155;136789;137427;-;68.6	154;134984;136792;-;268.0	143;124423;126648;-;391.5	165;143568;144083;-;78.4	143;124423;126648;-;70.3	A	9/9	contiguous	22923	1	1	127664..128161-;165;TraS;0
NZ_MG053108.1	MPF_F	IncA	238	0	0	GA	0															not_admitted	not_admitted	not_admitted	not_admitted	not_admitted	not_admitted	not_admitted	not_admitted	not_admitted	not_admitted	1	95;66703;67707;+;330.1	228;181306;182739;+;336.4	227;180276;181304;+;223.9	90;61498;63945;+;350.7	229;182752;186357;+;377.7	85;52671;53987;+;136.3	90;61498;63945;+;130.4	83;51147;51773;+;93.9	93;64767;66035;+;69.7	96;67858;70596;+;138.7	74;45492;47357;+;46.9	86;53984;54562;+;98.1	74;45492;47357;+;51.6	A	9/9	split_2	137260	0	1	
NZ_MG197488.1	MPF_F	IncFII(pHN7A8);IncN	122	0	0	GA	0															not_admitted	not_admitted	not_admitted	not_admitted	not_admitted	not_admitted	not_admitted	not_admitted	not_admitted	not_admitted	1	96;79077;80069;+;369.5	109;86902;88275;+;376.8	104;84593;85336;+;234.4	93;75441;78068;+;301.8	110;88272;91088;+;376.7	88;71959;73386;+;94.1	93;75441;78068;+;101.8	86;70678;71244;+;183.8	99;81015;81653;+;70.4	102;82466;84316;+;265.0	114;93389;95632;+;391.7	92;74410;74925;+;78.0	114;93389;95632;+;70.3	A	9/9	contiguous	22711	1	1	91121..91642+;173;unnamed;0
NZ_MG197489.1	MPF_F	IncFII(pHN7A8)	85	0	0	GA	0															not_admitted	not_admitted	not_admitted	not_admitted	not_admitted	not_admitted	not_admitted	not_admitted	not_admitted	not_admitted	1	59;45073;46065;+;369.5	72;52898;54271;+;376.8	67;50589;51332;+;234.4	56;41437;44064;+;301.8	73;54268;57084;+;376.7	51;37955;39382;+;94.1	56;41437;44064;+;101.8	49;36674;37240;+;183.8	62;47011;47649;+;70.4	65;48462;50312;+;265.0	77;59385;61628;+;391.7	55;40406;40921;+;78.0	77;59385;61628;+;70.3	A	9/9	contiguous	22711	1	1	57117..57638+;173;unnamed;0
NZ_MG197490.1	MPF_F	IncFII(pHN7A8);IncN	123	0	0	GA	0															not_admitted	not_admitted	not_admitted	not_admitted	not_admitted	not_admitted	not_admitted	not_admitted	not_admitted	not_admitted	1	97;79157;80149;+;369.5	110;86982;88355;+;376.8	105;84673;85416;+;234.4	94;75521;78148;+;301.8	111;88352;91168;+;376.7	89;72039;73466;+;94.1	94;75521;78148;+;101.8	87;70758;71324;+;183.8	100;81095;81733;+;70.4	103;82546;84396;+;265.0	115;93469;95712;+;391.7	93;74490;75005;+;78.0	115;93469;95712;+;70.3	A	9/9	contiguous	22711	1	1	91201..91722+;173;unnamed;0
NZ_MG197491.1	MPF_F	IncFII(pHN7A8);IncX1	126	0	0	GA	0															not_admitted	not_admitted	not_admitted	not_admitted	not_admitted	not_admitted	not_admitted	not_admitted	not_admitted	not_admitted	1	100;83639;84631;+;369.5	113;91464;92837;+;376.7	108;89155;89898;+;234.4	97;80003;82630;+;301.8	114;92834;95650;+;376.7	92;76521;77948;+;94.1	97;80003;82630;+;101.8	90;75240;75806;+;183.8	103;85577;86215;+;70.4	106;87028;88878;+;265.0	118;97951;100194;+;391.7	96;78972;79487;+;78.0	118;97951;100194;+;70.3	A	9/9	contiguous	22711	1	1	95683..96204+;173;unnamed;0
NZ_MG197492.1	MPF_F	IncFII(pHN7A8)	85	0	0	GA	0															not_admitted	not_admitted	not_admitted	not_admitted	not_admitted	not_admitted	not_admitted	not_admitted	not_admitted	not_admitted	1	59;45079;46071;+;369.5	72;52904;54277;+;376.8	67;50595;51338;+;234.4	56;41443;44070;+;301.8	73;54274;57090;+;376.7	51;37961;39388;+;94.1	56;41443;44070;+;101.8	49;36680;37246;+;183.8	62;47017;47655;+;70.4	65;48468;50318;+;265.0	77;59391;61652;+;391.6	55;40412;40927;+;78.0	77;59391;61652;+;70.3	A	9/9	contiguous	22711	1	1	57123..57644+;173;unnamed;0
NZ_MG197494.1	MPF_F	IncFII(pHN7A8);IncN	114	0	0	GA	0															not_admitted	not_admitted	not_admitted	not_admitted	not_admitted	not_admitted	not_admitted	not_admitted	not_admitted	not_admitted	1	88;70830;71822;+;369.5	101;78655;80028;+;376.8	96;76346;77089;+;234.4	85;67194;69821;+;301.8	102;80025;82841;+;376.7	80;63712;65139;+;94.1	85;67194;69821;+;101.8	78;62431;62997;+;183.8	91;72768;73406;+;70.4	94;74219;76069;+;265.0	106;85142;87385;+;391.7	84;66163;66678;+;78.0	106;85142;87385;+;70.3	A	9/9	contiguous	22711	1	1	82874..83395+;173;unnamed;0
NZ_MG197495.1	MPF_F	IncFII(pHN7A8);IncN;IncX1	165	0	0	GA	0															not_admitted	not_admitted	not_admitted	not_admitted	not_admitted	not_admitted	not_admitted	not_admitted	not_admitted	not_admitted	1	139;120258;121250;+;369.5	152;128083;129456;+;376.8	147;125774;126517;+;234.4	136;116622;119249;+;301.8	153;129453;132269;+;376.7	131;113140;114567;+;94.1	136;116622;119249;+;101.8	129;111859;112425;+;183.8	142;122196;122834;+;70.4	145;123647;125497;+;265.0	157;134570;136813;+;391.7	135;115591;116106;+;78.0	157;134570;136813;+;70.3	A	9/9	contiguous	22711	1	1	132302..132823+;173;unnamed;0
NZ_MG197496.1	MPF_F	IncFII(pHN7A8)	88	0	0	GA	0															not_admitted	not_admitted	not_admitted	not_admitted	not_admitted	not_admitted	not_admitted	not_admitted	not_admitted	not_admitted	1	63;49784;50776;+;369.5	75;57241;58614;+;376.8	70;54932;55675;+;234.4	60;46148;48775;+;301.8	76;58611;61427;+;376.7	55;42666;44093;+;94.1	60;46148;48775;+;101.8	53;41385;41951;+;183.8	66;51722;52360;+;70.4	68;52805;54655;+;265.0	80;63728;65971;+;391.7	59;45117;45632;+;78.0	80;63728;65971;+;70.3	A	9/9	contiguous	22343	1	1	61460..61981+;173;unnamed;0
NZ_MG197497.1	MPF_F	IncFII(pHN7A8)	91	0	0	GA	0															not_admitted	not_admitted	not_admitted	not_admitted	not_admitted	not_admitted	not_admitted	not_admitted	not_admitted	not_admitted	1	65;51350;52342;+;369.5	78;59175;60548;+;376.8	73;56866;57609;+;234.4	62;47714;50341;+;301.8	79;60545;63361;+;376.7	57;44232;45659;+;94.1	62;47714;50341;+;101.8	55;42951;43517;+;183.8	68;53288;53926;+;70.4	71;54739;56589;+;265.0	83;65662;67878;+;391.7	61;46683;47198;+;78.0	83;65662;67878;+;70.3	A	9/9	contiguous	22711	1	1	63394..63915+;173;unnamed;0
NZ_MG197498.1	MPF_F	IncFII(pHN7A8);IncN;IncX1	163	0	0	GA	0															not_admitted	not_admitted	not_admitted	not_admitted	not_admitted	not_admitted	not_admitted	not_admitted	not_admitted	not_admitted	1	137;117350;118342;+;369.5	150;125175;126548;+;376.8	145;122866;123609;+;234.4	134;113714;116341;+;301.8	151;126545;129361;+;376.7	129;110232;111659;+;94.1	134;113714;116341;+;101.8	127;108951;109517;+;183.8	140;119288;119926;+;70.4	143;120739;122589;+;265.0	155;131662;133905;+;391.7	133;112683;113198;+;78.0	155;131662;133905;+;70.3	A	9/9	contiguous	22711	1	1	129394..129915+;173;unnamed;0
NZ_MG197499.1	MPF_F	IncFII(pHN7A8)	88	0	0	GA	0															not_admitted	not_admitted	not_admitted	not_admitted	not_admitted	not_admitted	not_admitted	not_admitted	not_admitted	not_admitted	1	62;49249;50241;+;369.5	75;57074;58447;+;376.8	70;54765;55508;+;234.4	59;45613;48240;+;301.8	76;58444;61260;+;376.7	54;42131;43558;+;94.1	59;45613;48240;+;101.8	52;40850;41416;+;183.8	65;51187;51825;+;70.4	68;52638;54488;+;265.0	80;63561;65777;+;391.7	58;44582;45097;+;78.0	80;63561;65777;+;70.3	A	9/9	contiguous	22711	1	1	61293..61814+;173;unnamed;0
NZ_MG197500.1	MPF_F	IncFII(pHN7A8)	81	0	0	GA	0															not_admitted	not_admitted	not_admitted	not_admitted	not_admitted	not_admitted	not_admitted	not_admitted	not_admitted	not_admitted	1	55;44099;45091;+;369.5	68;51924;53297;+;376.8	63;49615;50358;+;234.4	52;40463;43090;+;301.8	69;53294;56110;+;376.7	47;36981;38408;+;94.1	52;40463;43090;+;101.8	45;35700;36266;+;183.8	58;46037;46675;+;70.4	61;47488;49338;+;265.0	73;58411;60663;+;391.7	51;39432;39947;+;78.0	73;58411;60663;+;70.3	A	9/9	contiguous	22711	1	1	56143..56664+;173;unnamed;0
NZ_MG197501.1	MPF_F	IncFII(pHN7A8)	81	0	0	GA	0															not_admitted	not_admitted	not_admitted	not_admitted	not_admitted	not_admitted	not_admitted	not_admitted	not_admitted	not_admitted	1	55;44111;45103;+;369.5	68;51936;53309;+;376.8	63;49627;50370;+;234.4	52;40475;43102;+;301.8	69;53306;56122;+;376.7	47;36993;38420;+;94.1	52;40475;43102;+;101.8	45;35712;36278;+;183.8	58;46049;46687;+;70.4	61;47500;49350;+;265.0	73;58423;60675;+;391.7	51;39444;39959;+;78.0	73;58423;60675;+;70.3	A	9/9	contiguous	22711	1	1	56155..56676+;173;unnamed;0
NZ_MG197502.1	MPF_F	IncFII(pHN7A8);IncN;IncX1	165	0	0	GA	0															not_admitted	not_admitted	not_admitted	not_admitted	not_admitted	not_admitted	not_admitted	not_admitted	not_admitted	not_admitted	1	139;120258;121250;+;369.5	152;128083;129456;+;376.8	147;125774;126517;+;234.4	136;116622;119249;+;301.8	153;129453;132269;+;376.7	131;113140;114567;+;94.1	136;116622;119249;+;101.8	129;111859;112425;+;183.8	142;122196;122834;+;70.4	145;123647;125497;+;265.0	157;134570;136813;+;391.7	135;115591;116106;+;78.0	157;134570;136813;+;70.3	A	9/9	contiguous	22711	1	1	132302..132823+;173;unnamed;0
NZ_MG197503.1	MPF_F	IncFII(pHN7A8);IncN;IncX1	165	0	0	GA	0															not_admitted	not_admitted	not_admitted	not_admitted	not_admitted	not_admitted	not_admitted	not_admitted	not_admitted	not_admitted	1	150;127260;128252;-;369.5	137;119054;120427;-;376.8	142;121993;122736;-;234.4	153;129261;131888;-;301.8	136;116241;119057;-;376.7	131;113140;114567;+;94.1	153;129261;131888;-;98.7	129;111859;112425;+;183.8	147;125676;126314;-;70.4	144;123013;124863;-;265.0	157;134570;136813;+;391.7	135;115591;116106;+;78.0	157;134570;136813;+;70.3	A	9/9	contiguous	22711	0	1	
NZ_MG210937.1	MPF_T	IncX4	41	0	0	GA	1	26;24531;25151;-;41.6	25;24191;24517;-;64.4	24;21425;24172;-;63.8	24;21425;24172;-;151.8	24;21425;24172;-;46.1	23;20697;21413;-;94.2	22;19591;20685;-;150.1		20;18390;19076;-;169.0	19;17485;18393;-;142.4	18;16374;17492;-;163.9	17;15344;16372;-;85.0	16;13495;15312;-;314.8		pfam	pfam_only	A	7/7	canonical	1	1	unscoreable	1	0	0														not_admitted	not_admitted	not_admitted	not_admitted	not_admitted	not_admitted	not_admitted
NZ_MG210938.1	MPF_T	IncI2(Delta)	88	0	0	GA	1	46;36541;37023;-;81.1		61;52620;52904;-;36.6	60;50257;52614;-;58.5	60;50257;52614;-;44.9	73;58920;59561;-;45.1	74;59567;60565;-;130.8		58;49357;50091;-;144.3	57;48590;49360;-;170.5	56;47461;48600;-;154.7	49;38792;40330;-;208.0	54;44413;46371;-;290.9		pfam	pfam_only	A	7/7	rearranged	1	0	unscoreable	17	0	0														not_admitted	not_admitted	not_admitted	not_admitted	not_admitted	not_admitted	not_admitted
NZ_MG210939.1	MPF_T	IncX4	45	0	0	GA	1	29;25080;25700;-;41.6	28;24740;25066;-;64.4	27;21974;24721;-;63.8	27;21974;24721;-;151.8	27;21974;24721;-;46.1	26;21246;21962;-;94.2	25;20140;21234;-;150.1		23;18939;19625;-;169.0	22;18034;18942;-;142.4	21;16923;18041;-;163.9	20;15893;16921;-;85.0	19;14044;15861;-;314.8		pfam	pfam_only	A	7/7	canonical	1	1	unscoreable	1	0	0														not_admitted	not_admitted	not_admitted	not_admitted	not_admitted	not_admitted	not_admitted
NZ_MG210940.1	MPF_T	IncI2	78	0	0	GA	1	39;34023;34505;-;81.1		54;50095;50379;-;36.6	53;47732;50089;-;58.5	53;47732;50089;-;42.8	66;55832;56473;-;42.8	67;56479;57474;-;128.5		51;46832;47566;-;144.3	50;46065;46835;-;170.5	49;44936;46075;-;154.7	42;36273;37811;-;207.1	47;41888;43846;-;289.6		pfam	pfam_only	A	7/7	rearranged	1	0	unscoreable	17	1	0														not_admitted	not_admitted	not_admitted	not_admitted	not_admitted	not_admitted	not_admitted
NZ_MG228426.1	MPF_T	ColKP3;IncX3	99	0	0	GA	1	16;11848;12366;-;47.4	15;11447;11737;-;73.1	85;59845;60606;-;49.5	14;8666;11209;-;145.7	85;59845;60606;-;74.5	82;57079;57849;-;57.5	80;56165;56800;-;116.1		78;54823;55551;-;118.8	8;4697;5626;-;139.1	75;52674;53888;-;128.3	73;51444;52478;-;65.7	72;49606;51441;-;495.9		pfam	pfam_only	A	7/7	rearranged	1	0	unscoreable	10	0	0														not_admitted	not_admitted	not_admitted	not_admitted	not_admitted	not_admitted	not_admitted
NZ_MG228427.1	MPF_F	IncA	205	0	0	GA	0															not_admitted	not_admitted	not_admitted	not_admitted	not_admitted	not_admitted	not_admitted	not_admitted	not_admitted	not_admitted	1	69;53639;54643;+;330.1	194;159148;160581;+;336.4	193;158106;159146;+;223.9	64;48434;50881;+;352.8	195;160594;164199;+;377.7	59;39607;40923;+;136.3	64;48434;50881;+;130.4	57;38083;38709;+;93.9	67;51703;52971;+;69.6	70;54794;57532;+;138.7	48;32428;34293;+;46.9	60;40920;41498;+;98.1	48;32428;34293;+;51.6	A	9/9	split_2	128166	0	1	
NZ_MG252891.1	MPF_T	IncX3	58	0	0	GA	1	27;24856;25500;-;46.4	26;24582;24872;-;73.1	25;21804;24557;-;47.0	25;21804;24557;-;142.4	25;21804;24557;-;73.3	24;21024;21794;-;60.1	22;19690;20745;-;133.2		21;18767;19495;-;119.4	20;17832;18761;-;138.8	19;16621;17835;-;128.3	17;15391;16425;-;65.7	16;13553;15388;-;495.9		pfam	pfam_only	A	7/7	canonical	1	1	unscoreable	2	0	0														not_admitted	not_admitted	not_admitted	not_admitted	not_admitted	not_admitted	not_admitted
NZ_MG252892.1	MPF_T	IncX3	63	0	0	GA	1	32;32378;33022;-;46.4	31;32104;32394;-;73.1	30;29326;32079;-;47.0	30;29326;32079;-;142.4	30;29326;32079;-;73.3	29;28546;29316;-;60.1	27;27212;28267;-;133.2		26;26289;27017;-;119.4	25;25354;26283;-;138.8	24;24143;25357;-;128.3	22;22913;23947;-;65.7	21;21075;22910;-;495.9		pfam	pfam_only	A	7/7	canonical	1	1	unscoreable	2	0	0														not_admitted	not_admitted	not_admitted	not_admitted	not_admitted	not_admitted	not_admitted
NZ_MG252893.1	MPF_T	IncX3	66	0	0	GA	1	28;24856;25500;-;46.4	27;24582;24872;-;73.1	26;21804;24557;-;47.0	26;21804;24557;-;142.4	26;21804;24557;-;73.3	25;21024;21794;-;60.1	23;19690;20745;-;133.2		22;18767;19495;-;119.4	21;17832;18761;-;138.8	20;16621;17835;-;128.3	18;15391;16425;-;65.7	17;13553;15388;-;495.9		pfam	pfam_only	A	7/7	canonical	1	1	unscoreable	2	0	0														not_admitted	not_admitted	not_admitted	not_admitted	not_admitted	not_admitted	not_admitted
NZ_MG252894.1	MPF_F	IncFIB(K)	174	0	0	GA	0															not_admitted	not_admitted	not_admitted	not_admitted	not_admitted	not_admitted	not_admitted	not_admitted	not_admitted	not_admitted	1	123;122680;123669;-;366.6	113;115766;117133;-;384.5	117;118391;119143;-;231.8	127;125123;127765;-;258.5	112;112944;115766;-;346.4	134;130978;132402;-;89.2	127;125123;127765;-;88.2	136;133129;133695;-;169.3	122;122029;122667;-;66.9	121;120015;121970;-;259.7	108;108020;110329;-;392.8	133;130280;130864;-;54.3	108;108020;110329;-;65.8	A	9/9	contiguous	25109	1	1	112319..112921-;200;TraS;0
NZ_MG252895.1	MPF_F	IncC;IncR	335	0	0	GA	0															not_admitted	not_admitted	not_admitted	not_admitted	not_admitted	not_admitted	not_admitted	not_admitted	not_admitted	not_admitted	1	98;76414;77421;+;332.9	325;290860;292293;+;339.2	324;289830;290858;+;221.7	93;71215;73662;+;354.2	326;292306;295920;+;375.3	80;56577;57893;+;135.0	93;71215;73662;+;128.6	78;55053;55679;+;92.1	96;74484;75749;+;67.6	99;77537;80332;+;145.3	69;49378;51243;+;47.4	81;57890;58468;+;100.2	69;49378;51243;+;52.0	A	9/9	split_2	242928	0	1	
NZ_MG257881.1	MPF_T	IncX4	41	0	0	GA	1	26;24531;25151;-;41.6	25;24191;24517;-;64.4	24;21425;24172;-;63.8	24;21425;24172;-;151.8	24;21425;24172;-;46.1	23;20697;21413;-;94.2	22;19591;20685;-;150.1		20;18390;19076;-;169.0	19;17485;18393;-;142.4	18;16374;17492;-;163.9	17;15344;16372;-;85.0	16;13495;15312;-;314.8		pfam	pfam_only	A	7/7	canonical	1	1	unscoreable	1	0	0														not_admitted	not_admitted	not_admitted	not_admitted	not_admitted	not_admitted	not_admitted
NZ_MG267386.1	MPF_T	IncI2	85	0	0	GA	1	46;36947;37429;-;81.1		61;53025;53309;-;36.6	60;50662;53019;-;58.5	60;50662;53019;-;42.8	73;58762;59403;-;42.8	74;59409;60404;-;128.5		58;49762;50496;-;144.3	57;48995;49765;-;170.5	56;47866;49005;-;154.7	49;39197;40735;-;207.1	54;44818;46776;-;289.6		pfam	pfam_only	A	7/7	rearranged	1	0	unscoreable	17	1	0														not_admitted	not_admitted	not_admitted	not_admitted	not_admitted	not_admitted	not_admitted
NZ_MG288676.1	MPF_F	IncFIB(K);IncFII(K)	179	0	0	GA	0															not_admitted	not_admitted	not_admitted	not_admitted	not_admitted	not_admitted	not_admitted	not_admitted	not_admitted	not_admitted	1	134;118874;119866;+;366.6	144;125383;126750;+;381.2	140;123374;124126;+;232.2	131;115209;117848;+;259.3	145;126750;129599;+;346.5	123;110199;111623;+;89.3	131;115209;117848;+;88.8	121;108906;109472;+;167.0	135;119879;120517;+;67.0	136;120576;122531;+;259.2	149;131415;133724;+;392.7	125;112253;112810;+;52.5	149;131415;133724;+;66.6	A	9/9	contiguous	22509	1	1	129602..130132+;176;unnamed;0
NZ_MG288677.1	MPF_T	IncN;IncX1	82	0	0	GA	1	13;9100;9834;+;32.5	15;10134;10427;+;28.7	16;10477;10794;+;63.3	17;10794;13394;+;111.8	17;10794;13394;+;76.8	18;13412;14125;+;97.1	20;14376;15416;+;153.6		21;15635;16333;+;131.9	22;16344;17228;+;159.0	23;17228;18388;+;154.9	24;18430;19425;+;81.2	63;52932;54461;-;38.5		pfam	both	A	7/7	canonical	1	0	unscoreable	2	0	0														not_admitted	not_admitted	not_admitted	not_admitted	not_admitted	not_admitted	not_admitted
NZ_MG288680.1	MPF_F	IncHI2;IncHI2A	303	0	0	GA	0															not_admitted	not_admitted	not_admitted	not_admitted	not_admitted	not_admitted	not_admitted	not_admitted	not_admitted	not_admitted	1	39;44031;45089;+;276.9	242;231445;232860;-;194.1	243;232850;233896;-;173.7	13;10294;12975;+;168.0	241;227486;231436;-;101.6	9;6609;7964;+;80.7	13;10294;12975;+;72.4	4;2759;3547;+;74.8	37;42378;43889;+;62.4	42;48031;49362;+;40.8	249;240937;243021;+;56.7	12;9335;10285;+;46.1	249;240937;243021;+;38.8	A	9/9	split_3	238178	0	1	
NZ_MG288681.1	MPF_F	IncFII(pSE11)	128	0	0	GA	0															not_admitted	not_admitted	not_admitted	not_admitted	not_admitted	not_admitted	not_admitted	not_admitted	not_admitted	not_admitted	1	103;79479;80471;+;369.5	113;86250;87623;+;381.7	108;83577;84320;+;234.4	100;75840;78470;+;304.1	114;87620;90442;+;374.0	93;71390;72841;+;94.2	100;75840;78470;+;97.1	91;70109;70675;+;174.3	105;80815;81453;+;68.6	106;81450;83300;+;266.1	118;92714;95056;+;390.9	96;73701;74216;+;78.4	118;92714;95056;+;70.2	A	9/9	contiguous	22605	1	1	90464..90943+;159;TraS;0
NZ_MG288682.1	MPF_F	IncFIB(pNDM-Mar);RepB	268	0	0	GA	0															not_admitted	not_admitted	not_admitted	not_admitted	not_admitted	not_admitted	not_admitted	not_admitted	not_admitted	not_admitted	1	198;172492;173529;-;282.3	72;53884;55293;+;190.4	71;52857;53894;+;175.6	210;184361;187078;-;149.6	73;55295;59263;+;121.3	214;189191;190561;-;65.6	210;184361;187078;-;85.2	217;192207;193067;-;79.0	199;173526;174887;-;69.9	197;169297;172482;-;59.6	64;43520;45646;-;57.8	211;187123;187860;-;56.9	64;43520;45646;-;41.0	A	9/9	split_2	148687	0	1	
NZ_MG288683.1	MPF_F	IncFII(pKP91);IncR	141	0	0	GA	0															not_admitted	not_admitted	not_admitted	not_admitted	not_admitted	not_admitted	not_admitted	not_admitted	not_admitted	not_admitted	1	116;87354;88343;+;362.4	127;94162;95529;+;380.2	123;92152;92904;+;233.7	112;83258;85897;+;259.4	128;95529;98378;+;342.9	102;77872;79296;+;89.2	112;83258;85897;+;88.3	100;76579;77145;+;167.9	118;88619;89266;+;65.9	119;89325;91280;+;259.5	132;100190;102472;+;393.3	104;79908;80492;+;53.8	132;100190;102472;+;65.9	A	9/9	contiguous	23611	1	1	98381..98911+;176;unnamed;0
NZ_MG299127.1	MPF_T	IncI2(Delta)	79	0	0	GA	1	40;34422;34904;-;81.1		55;50488;50772;-;36.6	54;48125;50482;-;58.5	54;48125;50482;-;44.9	67;56923;57567;-;41.0	68;57573;58568;-;123.7		52;47225;47959;-;144.3	51;46458;47228;-;170.4	50;45329;46468;-;154.7	43;36672;38210;-;207.1	48;42281;44239;-;287.4		pfam	pfam_only	A	7/7	rearranged	1	0	unscoreable	17	0	0														not_admitted	not_admitted	not_admitted	not_admitted	not_admitted	not_admitted	not_admitted
NZ_MG299129.1	MPF_T	IncI2(Delta)	79	0	0	GA	1	40;34422;34904;-;81.1		55;50488;50772;-;36.6	54;48125;50482;-;58.5	54;48125;50482;-;44.9	67;56923;57567;-;41.0	68;57573;58568;-;123.7		52;47225;47959;-;144.3	51;46458;47228;-;170.4	50;45329;46468;-;154.7	43;36672;38210;-;207.1	48;42281;44239;-;287.4		pfam	pfam_only	A	7/7	rearranged	1	0	unscoreable	17	0	0														not_admitted	not_admitted	not_admitted	not_admitted	not_admitted	not_admitted	not_admitted
NZ_MG299132.1	MPF_T	IncI2(Delta)	79	0	0	GA	1	40;34314;34796;-;81.1		55;50380;50664;-;36.6	54;48017;50374;-;58.5	54;48017;50374;-;44.9	67;56815;57459;-;41.0	68;57465;58460;-;123.7		52;47117;47851;-;144.3	51;46350;47120;-;170.4	50;45221;46360;-;154.7	43;36564;38102;-;207.1	48;42173;44131;-;287.4		pfam	pfam_only	A	7/7	rearranged	1	0	unscoreable	17	0	0														not_admitted	not_admitted	not_admitted	not_admitted	not_admitted	not_admitted	not_admitted
NZ_MG299134.1	MPF_T	IncI2(Delta)	79	0	0	GA	1	40;34422;34904;-;81.1		55;50488;50772;-;36.6	54;48125;50482;-;58.5	54;48125;50482;-;44.9	67;56923;57567;-;41.0	68;57573;58568;-;123.7		52;47225;47959;-;144.3	51;46458;47228;-;170.4	50;45329;46468;-;154.7	43;36672;38210;-;207.1	48;42281;44239;-;287.4		pfam	pfam_only	A	7/7	rearranged	1	0	unscoreable	17	0	0														not_admitted	not_admitted	not_admitted	not_admitted	not_admitted	not_admitted	not_admitted
NZ_MG299136.1	MPF_T	IncI2(Delta)	79	0	0	GA	1	40;34422;34904;-;81.1		55;50488;50772;-;36.6	54;48125;50482;-;58.5	54;48125;50482;-;44.9	67;56923;57567;-;41.0	68;57573;58568;-;123.7		52;47225;47959;-;144.3	51;46458;47228;-;170.4	50;45329;46468;-;154.7	43;36672;38210;-;207.1	48;42281;44239;-;287.4		pfam	pfam_only	A	7/7	rearranged	1	0	unscoreable	17	0	0														not_admitted	not_admitted	not_admitted	not_admitted	not_admitted	not_admitted	not_admitted
NZ_MG299138.1	MPF_T	IncI2(Delta)	79	0	0	GA	1	40;34422;34904;-;81.1		55;50488;50772;-;36.6	54;48125;50482;-;58.5	54;48125;50482;-;44.9	67;56923;57567;-;41.0	68;57573;58568;-;123.7		52;47225;47959;-;144.3	51;46458;47228;-;170.4	50;45329;46468;-;154.7	43;36672;38210;-;207.1	48;42281;44239;-;287.4		pfam	pfam_only	A	7/7	rearranged	1	0	unscoreable	17	0	0														not_admitted	not_admitted	not_admitted	not_admitted	not_admitted	not_admitted	not_admitted
NZ_MG299140.1	MPF_T	IncI2(Delta)	79	0	0	GA	1	40;34314;34796;-;81.1		55;50380;50664;-;36.6	54;48017;50374;-;58.5	54;48017;50374;-;44.9	67;56815;57459;-;41.0	68;57465;58460;-;123.7		52;47117;47851;-;144.3	51;46350;47120;-;170.4	50;45221;46360;-;154.7	43;36564;38102;-;207.1	48;42173;44131;-;287.4		pfam	pfam_only	A	7/7	rearranged	1	0	unscoreable	17	0	0														not_admitted	not_admitted	not_admitted	not_admitted	not_admitted	not_admitted	not_admitted
NZ_MG299142.1	MPF_T	IncI2(Delta)	79	0	0	GA	1	40;34422;34904;-;81.1		55;50488;50772;-;36.6	54;48125;50482;-;58.5	54;48125;50482;-;44.9	67;56923;57567;-;41.0	68;57573;58568;-;123.7		52;47225;47959;-;144.3	51;46458;47228;-;170.4	50;45329;46468;-;154.7	43;36672;38210;-;207.1	48;42281;44239;-;287.4		pfam	pfam_only	A	7/7	rearranged	1	0	unscoreable	17	0	0														not_admitted	not_admitted	not_admitted	not_admitted	not_admitted	not_admitted	not_admitted
NZ_MG299144.1	MPF_T	IncI2(Delta)	79	0	0	GA	1	40;34422;34904;-;81.1		55;50488;50772;-;36.6	54;48125;50482;-;58.5	54;48125;50482;-;44.9	67;56923;57567;-;41.0	68;57573;58568;-;123.7		52;47225;47959;-;144.3	51;46458;47228;-;170.4	50;45329;46468;-;154.7	43;36672;38210;-;207.1	48;42281;44239;-;287.4		pfam	pfam_only	A	7/7	rearranged	1	0	unscoreable	17	0	0														not_admitted	not_admitted	not_admitted	not_admitted	not_admitted	not_admitted	not_admitted
NZ_MG299146.1	MPF_T	IncI2(Delta)	79	0	0	GA	1	40;34422;34904;-;81.1		55;50488;50772;-;36.6	54;48125;50482;-;58.5	54;48125;50482;-;44.9	67;56923;57567;-;41.0	68;57573;58568;-;123.7		52;47225;47959;-;144.3	51;46458;47228;-;170.4	50;45329;46468;-;154.7	43;36672;38210;-;207.1	48;42281;44239;-;287.4		pfam	pfam_only	A	7/7	rearranged	1	0	unscoreable	17	0	0														not_admitted	not_admitted	not_admitted	not_admitted	not_admitted	not_admitted	not_admitted
NZ_MG299148.1	MPF_T	IncI2(Delta)	79	0	0	GA	1	40;34314;34796;-;81.1		55;50380;50664;-;36.6	54;48017;50374;-;58.5	54;48017;50374;-;44.9	67;56815;57459;-;41.0	68;57465;58460;-;123.7		52;47117;47851;-;144.3	51;46350;47120;-;170.4	50;45221;46360;-;154.7	43;36564;38102;-;207.1	48;42173;44131;-;287.4		pfam	pfam_only	A	7/7	rearranged	1	0	unscoreable	17	0	0														not_admitted	not_admitted	not_admitted	not_admitted	not_admitted	not_admitted	not_admitted
NZ_MG299150.1	MPF_T	IncI2(Delta)	79	0	0	GA	1	40;34314;34796;-;81.1		55;50380;50664;-;36.6	54;48017;50374;-;58.5	54;48017;50374;-;44.9	67;56815;57459;-;41.0	68;57465;58460;-;123.7		52;47117;47851;-;144.3	51;46350;47120;-;170.4	50;45221;46360;-;154.7	43;36564;38102;-;207.1	48;42173;44131;-;287.4		pfam	pfam_only	A	7/7	rearranged	1	0	unscoreable	17	0	0														not_admitted	not_admitted	not_admitted	not_admitted	not_admitted	not_admitted	not_admitted
NZ_MG299152.1	MPF_T	IncI2(Delta)	79	0	0	GA	1	40;34314;34796;-;81.1		55;50380;50664;-;36.6	54;48017;50374;-;58.5	54;48017;50374;-;44.9	67;56815;57459;-;41.0	68;57465;58460;-;123.7		52;47117;47851;-;144.3	51;46350;47120;-;170.4	50;45221;46360;-;154.7	43;36564;38102;-;207.1	48;42173;44131;-;287.4		pfam	pfam_only	A	7/7	rearranged	1	0	unscoreable	17	0	0														not_admitted	not_admitted	not_admitted	not_admitted	not_admitted	not_admitted	not_admitted
NZ_MG372114.1	MPF_F	IncHI2;IncHI2A	246	0	0	GA	0															not_admitted	not_admitted	not_admitted	not_admitted	not_admitted	not_admitted	not_admitted	not_admitted	not_admitted	not_admitted	1	222;197950;199008;-;276.9	83;72921;74336;+;194.1	82;71885;72931;+;174.3	238;218580;221261;-;168.0	84;74345;78298;+;101.7	242;223591;224946;-;80.7	238;218580;221261;-;72.2	245;226670;227458;-;74.8	224;199150;200661;-;62.0	221;194743;197931;-;57.3	75;62759;64843;-;56.8	239;221270;222220;-;46.1	75;62759;64843;-;38.8	A	9/9	split_2	163911	1	1	78479..79768+;429;unnamed;0
NZ_MG385063.1	MPF_F	IncFIB(AP001918);IncFIC(FII);IncHI2;IncHI2A;IncN	424	0	0	GA	0															not_admitted	not_admitted	not_admitted	not_admitted	not_admitted	not_admitted	not_admitted	not_admitted	not_admitted	not_admitted	1	259;239296;240288;+;369.3	270;245971;247347;+;378.0	263;243017;243760;+;234.1	256;235660;238287;+;305.4	271;247344;250166;+;389.5	249;232178;233605;+;94.3	256;235660;238287;+;98.5	247;230897;231463;+;183.8	260;240297;240935;+;68.4	261;240932;242740;+;268.4	274;251695;253848;+;391.9	253;234629;235144;+;78.4	274;251695;253848;+;70.4	A	9/9	contiguous	20798	1	1	250188..250679+;163;TraS;0
NZ_MG387191.1	-	pKPC-CAV1321	336	0	0	GA	0															not_admitted	not_admitted	not_admitted	not_admitted	not_admitted	not_admitted	not_admitted	not_admitted	not_admitted	not_admitted	1	214;171178;172245;+;276.8	234;188159;189601;+;260.7	233;187062;188162;+;198.4	210;166584;169070;+;223.8	235;189616;193134;+;240.0	206;161959;163356;+;109.8	210;166584;169070;+;120.8	204;160050;160676;+;87.1	213;169868;171181;+;41.0	237;193570;196227;+;136.9	198;155526;157502;+;22.7	207;163353;163919;+;71.6	198;155526;157502;+;33.5	A	9/9	contiguous	38044	0	1	
NZ_MG450360.1	MPF_F	IncC	224	0	0	GA	0															not_admitted	not_admitted	not_admitted	not_admitted	not_admitted	not_admitted	not_admitted	not_admitted	not_admitted	not_admitted	1	95;73949;74956;+;332.9	213;178630;180063;+;339.2	212;177600;178628;+;221.7	90;68750;71197;+;354.2	214;180076;183690;+;375.3	81;55439;56755;+;135.0	90;68750;71197;+;128.6	79;53915;54541;+;92.1	93;72019;73284;+;67.6	96;75072;77867;+;145.3	70;48240;50105;+;47.4	82;56752;57330;+;100.2	70;48240;50105;+;52.0	A	9/9	split_2	131836	0	1	
NZ_MG456577.1	MPF_T	-	56	0	0	GA	1		30;29884;30219;-;67.7	29;29554;29871;-;78.1	28;27098;29557;-;155.4	28;27098;29557;-;86.9	27;26469;27101;-;106.6	25;25177;26187;-;172.8		23;24061;24801;-;153.7	22;23223;24059;-;202.6	21;21997;23226;-;188.8	20;20985;22016;-;89.6	19;19082;21019;-;379.0		pfam	both	A	7/7	canonical	1	0	unscoreable	2	0	0														not_admitted	not_admitted	not_admitted	not_admitted	not_admitted	not_admitted	not_admitted
NZ_MG462728.1	MPF_F	IncFIB(K);IncFII(K)	201	0	0	GA	0															not_admitted	not_admitted	not_admitted	not_admitted	not_admitted	not_admitted	not_admitted	not_admitted	not_admitted	not_admitted	1	157;157333;158325;-;366.6	147;150512;151882;-;381.2	151;153084;153836;-;232.4	160;159351;161990;-;258.7	146;147663;150512;-;344.2	169;165393;166817;-;84.2	160;159351;161990;-;88.8	171;167544;168110;-;168.4	156;156682;157320;-;67.0	155;154679;156685;-;259.0	142;143540;145849;-;391.5	168;164623;165180;-;53.2	142;143540;145849;-;65.8	A	9/9	contiguous	24004	1	1	147130..147660-;176;unnamed;0
NZ_MG462729.1	MPF_F	IncFIB(pB171);IncFII(Yp);IncFII(pAR0022)	123	0	0	GA	0															not_admitted	not_admitted	not_admitted	not_admitted	not_admitted	not_admitted	not_admitted	not_admitted	not_admitted	not_admitted	1	68;56988;57980;+;369.4	76;62693;64063;+;376.7	72;60727;61476;+;218.2	65;53370;56000;+;285.5	77;64063;66885;+;336.5	59;49948;51342;+;89.4	65;53370;56000;+;98.6	57;48665;49231;+;169.9	69;57997;58626;+;66.9	70;58623;60476;+;260.5	80;68222;70468;+;384.7	60;51364;51903;+;67.5	80;68222;70468;+;63.8	A	9/9	contiguous	19557	1	1	66907..67338+;143;TraS;0
NZ_MG489944.1	MPF_T	IncI2	76	0	0	GA	1	13;14544;15026;-;81.1		28;30622;30906;-;36.6	27;28259;30616;-;58.5	27;28259;30616;-;42.8	40;36359;37000;-;42.8	41;37006;38001;-;128.5		25;27359;28093;-;144.3	24;26592;27362;-;170.5	23;25463;26602;-;154.7	16;16794;18332;-;207.1	21;22415;24373;-;289.6		pfam	pfam_only	A	7/7	rearranged	1	0	unscoreable	17	1	0														not_admitted	not_admitted	not_admitted	not_admitted	not_admitted	not_admitted	not_admitted
NZ_MG515249.1	MPF_T	IncI2	83	0	0	GA	1	44;37294;37776;-;81.1		59;53372;53656;-;36.6	58;51009;53366;-;58.5	58;51009;53366;-;42.8	71;59109;59750;-;42.8	72;59756;60751;-;128.5		56;50109;50843;-;144.3	55;49342;50112;-;170.5	54;48213;49352;-;154.7	47;39544;41082;-;207.1	52;45165;47123;-;289.7		pfam	pfam_only	A	7/7	rearranged	1	0	unscoreable	17	1	0														not_admitted	not_admitted	not_admitted	not_admitted	not_admitted	not_admitted	not_admitted
NZ_MG515250.1	MPF_F	IncFII	96	0	0	GA	0															not_admitted	not_admitted	not_admitted	not_admitted	not_admitted	not_admitted	not_admitted	not_admitted	not_admitted	not_admitted	1	59;55307;56299;+;371.6	68;61361;62734;+;380.7	63;59028;59771;+;233.3	56;51671;54298;+;303.5	69;62731;65550;+;386.2	50;48085;49512;+;91.9	56;51671;54298;+;99.0	48;46804;47370;+;182.9	60;56308;56946;+;64.9	61;56943;58751;+;268.2	72;67082;69757;+;391.1	55;50640;51155;+;76.4	72;67082;69757;+;70.0	A	9/9	contiguous	20278	1	1	65575..66066+;163;TraS;0
NZ_MG516910.1	MPF_T	IncX5	82	0	0	GA	1	12;8095;8739;+;36.9	13;8723;9013;+;69.0	14;9035;11794;+;42.6	14;9035;11794;+;132.2	14;9035;11794;+;70.5	15;11802;12551;+;54.3	17;12830;13885;+;135.2		18;14125;14853;+;120.9	19;14858;15787;+;134.2	20;15784;16995;+;136.9	21;17007;18050;+;64.1	22;18053;19888;+;504.8		pfam	pfam_only	A	7/7	canonical	1	1	unscoreable	1	0	0														not_admitted	not_admitted	not_admitted	not_admitted	not_admitted	not_admitted	not_admitted
NZ_MG516911.1	MPF_F	-	133	0	0	GA	0															not_admitted	not_admitted	not_admitted	not_admitted	not_admitted	not_admitted	not_admitted	not_admitted	not_admitted	not_admitted	1	27;29188;30243;-;268.1	15;16171;17580;-;229.6	16;17596;18627;-;214.5	31;32236;34722;-;211.5	14;12918;16151;-;215.1	34;36146;37438;-;117.6	31;32236;34722;-;113.8	36;38436;39089;-;91.1	28;30243;31463;-;45.7	12;9675;12446;-;119.2	42;41569;43482;-;20.5	33;35617;36129;-;68.8	42;41569;43482;-;24.6	A	9/9	contiguous	31894	0	1	
NZ_MG516912.1	MPF_F	-	156	0	0	GA	0															not_admitted	not_admitted	not_admitted	not_admitted	not_admitted	not_admitted	not_admitted	not_admitted	not_admitted	not_admitted	1	27;29173;30228;-;268.1	15;16123;17532;-;229.7	16;17548;18555;-;214.6	31;32221;34707;-;211.5	14;12870;16103;-;215.3	34;36131;37423;-;117.6	31;32221;34707;-;113.8	36;38421;39074;-;91.1	28;30228;31448;-;45.7	12;9626;12397;-;119.2	42;41554;43467;-;20.5	33;35602;36114;-;68.8	42;41554;43467;-;24.6	A	9/9	contiguous	31928	0	1	
NZ_MG545911.1	MPF_T	IncX3	58	0	0	GA	1	43;36600;37244;-;46.4	42;36326;36616;-;73.1	41;33548;36301;-;47.0	41;33548;36301;-;142.4	41;33548;36301;-;73.3	40;32768;33538;-;60.1	38;31434;32489;-;133.2		37;30511;31239;-;119.4	36;29576;30505;-;138.8	35;28365;29579;-;128.3	33;27135;28169;-;65.7	32;25297;27132;-;495.9		pfam	pfam_only	A	7/7	canonical	1	1	unscoreable	2	0	0														not_admitted	not_admitted	not_admitted	not_admitted	not_admitted	not_admitted	not_admitted
NZ_MG550958.1	MPF_F	IncA	212	0	0	GA	0															not_admitted	not_admitted	not_admitted	not_admitted	not_admitted	not_admitted	not_admitted	not_admitted	not_admitted	not_admitted	1	132;98329;99333;+;330.1	27;21391;22824;+;336.4	26;20361;21389;+;223.9	127;93124;95571;+;350.7	28;22837;26442;+;377.7	122;84297;85613;+;136.3	127;93124;95571;+;130.4	120;82773;83399;+;93.9	130;96393;97661;+;69.7	133;99484;102222;+;138.7	111;77118;78983;+;46.9	123;85610;86188;+;98.1	111;77118;78983;+;51.6	A	9/9	split_2	79123	0	1	
NZ_MG552133.1	MPF_T	IncP1	81	0	0	GA	1		45;33412;33795;+;68.7	46;33798;34124;+;50.6	47;34121;36664;+;94.8	47;34121;36664;+;106.7	52;40140;40910;+;104.8	53;41101;42660;+;113.8		48;36661;37368;+;91.8	49;37384;38274;+;152.4	51;38733;40127;+;224.7	44;32342;33298;+;134.8	13;11766;13712;-;442.7		conjscan	conjscan_only	A	7/7	canonical	1	0	unscoreable	2	0	0														not_admitted	not_admitted	not_admitted	not_admitted	not_admitted	not_admitted	not_admitted
NZ_MG557851.1	MPF_T	IncI2	76	0	0	GA	1	13;15045;15527;-;81.1		28;31123;31407;-;36.6	27;28760;31117;-;58.5	27;28760;31117;-;42.8	40;36860;37501;-;42.8	41;37507;38502;-;128.5		25;27860;28594;-;144.3	24;27093;27863;-;170.5	23;25964;27103;-;154.7	16;17295;18833;-;207.1	21;22916;24874;-;289.6		pfam	pfam_only	A	7/7	rearranged	1	0	unscoreable	17	1	0														not_admitted	not_admitted	not_admitted	not_admitted	not_admitted	not_admitted	not_admitted
NZ_MG557852.1	MPF_T	IncX4	45	0	0	GA	1	29;24643;25263;-;41.6	28;24303;24629;-;64.4	27;21537;24284;-;63.8	27;21537;24284;-;151.8	27;21537;24284;-;46.1	26;20809;21525;-;94.2	25;19703;20797;-;150.1		23;18502;19188;-;169.0	22;17597;18505;-;142.4	21;16486;17604;-;163.9	20;15456;16484;-;85.0	19;13607;15424;-;314.8		pfam	pfam_only	A	7/7	canonical	1	1	unscoreable	1	0	0														not_admitted	not_admitted	not_admitted	not_admitted	not_admitted	not_admitted	not_admitted
NZ_MG557853.1	MPF_T	IncX4	52	0	0	GA	1	18;15147;15767;-;41.6	17;14807;15133;-;64.4	16;12041;14788;-;63.8	16;12041;14788;-;151.8	16;12041;14788;-;46.1	15;11313;12029;-;94.2	14;10207;11301;-;150.1		12;9006;9692;-;169.0	11;8101;9009;-;142.4	10;6990;8108;-;163.9	9;5960;6988;-;85.0	8;4111;5928;-;314.8		pfam	pfam_only	A	7/7	canonical	1	1	unscoreable	1	0	0														not_admitted	not_admitted	not_admitted	not_admitted	not_admitted	not_admitted	not_admitted
NZ_MG557854.1	MPF_T	IncX4	43	0	0	GA	1	11;5741;6361;+;41.6	12;6375;6701;+;64.4	13;6720;9467;+;63.8	13;6720;9467;+;151.8	13;6720;9467;+;46.1	14;9479;10195;+;94.2	15;10207;11301;+;150.1		17;11816;12502;+;169.0	18;12499;13407;+;142.4	19;13400;14518;+;163.9	20;14520;15548;+;85.0	21;15580;17397;+;314.8		pfam	pfam_only	A	7/7	canonical	1	1	unscoreable	1	0	0														not_admitted	not_admitted	not_admitted	not_admitted	not_admitted	not_admitted	not_admitted
NZ_MG557999.1	MPF_T	IncN4;IncR	101	0	0	GA	1	55;52773;53513;-;34.8	53;52159;52449;-;45.3	52;51795;52109;-;65.3	51;49165;51795;-;123.6	51;49165;51795;-;87.4	50;48448;49155;-;114.7	48;47146;48189;-;126.3	47;46881;47051;-;41.4	46;46195;46878;-;117.3				90;71409;72986;+;54.8		pfam	both	D	4/7	canonical	1	0	ga	2	0	0														not_admitted	not_admitted	not_admitted	not_admitted	not_admitted	not_admitted	not_admitted
NZ_MG570092.1	MPF_T	ColKP3;IncX3	65	0	0	GA	1	25;21116;21760;-;46.4	24;20842;21132;-;73.1	23;18064;20817;-;47.0	23;18064;20817;-;142.4	23;18064;20817;-;73.3	22;17284;18054;-;60.1	20;15950;17005;-;132.8		19;15027;15755;-;119.4	18;14092;15021;-;138.8	17;12881;14095;-;128.3	15;11651;12685;-;65.7	14;9813;11648;-;495.9		pfam	pfam_only	A	7/7	canonical	1	1	unscoreable	2	0	0														not_admitted	not_admitted	not_admitted	not_admitted	not_admitted	not_admitted	not_admitted
NZ_MG591701.1	MPF_F	IncFII(pHN7A8)	110	0	0	GA	0															not_admitted	not_admitted	not_admitted	not_admitted	not_admitted	not_admitted	not_admitted	not_admitted	not_admitted	not_admitted	1	52;39774;40766;+;369.5	65;47599;48972;+;376.8	60;45290;46033;+;234.4	49;36771;38765;+;161.3	66;48969;49922;+;250.6	43;32657;34084;+;94.1	49;36771;38765;+;102.7	41;31376;31942;+;183.8	55;41712;42350;+;70.4	58;43163;45013;+;265.0	71;53629;55863;+;391.7	47;35108;35623;+;78.0	71;53629;55863;+;70.3	A	9/9	contiguous	22253	1	1	49904..51328+;474;unnamed;0
NZ_MG591702.1	MPF_F	IncHI2;IncHI2A;IncN	182	0	0	GA	0															not_admitted	not_admitted	not_admitted	not_admitted	not_admitted	not_admitted	not_admitted	not_admitted	not_admitted	not_admitted	1	28;31734;32792;+;276.9			11;9481;12162;+;168.0		7;5796;7151;+;80.7	11;9481;12162;+;72.2	4;3284;4072;+;74.8	26;30081;31592;+;62.0	29;32811;35999;+;57.3		10;8522;9472;+;46.1		C	6/9	split_2	29527	0	1	
NZ_MG591703.1	MPF_T	IncX3	58	0	0	GA	1	42;36073;36717;-;46.4	41;35799;36089;-;73.1	40;33021;35774;-;47.0	40;33021;35774;-;142.4	40;33021;35774;-;73.3	39;32241;33011;-;60.1	37;30907;31962;-;133.2		36;29984;30712;-;119.4	35;29049;29978;-;138.8	34;27838;29052;-;128.3	32;26608;27642;-;65.7	31;24770;26605;-;495.9		pfam	pfam_only	A	7/7	canonical	1	1	unscoreable	2	0	0														not_admitted	not_admitted	not_admitted	not_admitted	not_admitted	not_admitted	not_admitted
NZ_MG594798.1	MPF_T	IncI2	76	0	0	GA	1	37;32514;32996;-;81.1		52;48592;48876;-;36.6	51;46229;48586;-;58.5	51;46229;48586;-;42.8	64;54329;54970;-;42.8	65;54976;55971;-;128.5		49;45329;46063;-;144.3	48;44562;45332;-;170.5	47;43433;44572;-;154.7	40;34764;36302;-;207.1	45;40385;42343;-;289.6		pfam	pfam_only	A	7/7	rearranged	1	0	unscoreable	17	1	0														not_admitted	not_admitted	not_admitted	not_admitted	not_admitted	not_admitted	not_admitted
NZ_MG594799.1	MPF_T	IncI2	76	0	0	GA	1	37;32049;32531;-;81.1		52;48127;48411;-;36.6	51;45764;48121;-;58.5	51;45764;48121;-;42.8	64;53864;54505;-;42.8	65;54511;55506;-;128.5		49;44864;45598;-;144.3	48;44097;44867;-;170.5	47;42968;44107;-;154.7	40;34299;35837;-;207.1	45;39920;41878;-;289.6		pfam	pfam_only	A	7/7	rearranged	1	0	unscoreable	17	1	0														not_admitted	not_admitted	not_admitted	not_admitted	not_admitted	not_admitted	not_admitted
NZ_MG594800.1	MPF_T	IncI2(Delta)	62	0	0	GA	1	26;26837;27319;-;81.1		41;42926;43210;-;36.6	40;40563;42920;-;58.5	40;40563;42920;-;44.9	51;48051;48653;-;43.5	53;48940;49287;-;44.9		38;39663;40397;-;144.3	37;38896;39666;-;170.5	36;37767;38906;-;154.7	29;29098;30636;-;207.1	34;34719;36677;-;289.6		pfam	pfam_only	A	7/7	rearranged	1	0	unscoreable	16	0	0														not_admitted	not_admitted	not_admitted	not_admitted	not_admitted	not_admitted	not_admitted
NZ_MG598814.1	MPF_T	IncI2	62	0	0	GA	1	26;27912;28394;-;81.1		41;43990;44274;-;36.6	40;41627;43984;-;58.5	40;41627;43984;-;44.9	50;48463;49713;-;40.9	51;49888;50322;-;45.8		38;40727;41461;-;144.3	37;39960;40730;-;170.5	36;38831;39970;-;154.7	29;30162;31700;-;207.1	34;35783;37741;-;289.6		pfam	pfam_only	A	7/7	rearranged	1	0	unscoreable	14	0	0														not_admitted	not_admitted	not_admitted	not_admitted	not_admitted	not_admitted	not_admitted
NZ_MG598815.1	MPF_T	IncI2	76	0	0	GA	1	37;32049;32531;-;81.1		52;48127;48411;-;36.6	51;45764;48121;-;58.5	51;45764;48121;-;42.8	64;53864;54505;-;42.8	65;54511;55506;-;128.5		49;44864;45598;-;144.3	48;44097;44867;-;170.5	47;42968;44107;-;154.7	40;34299;35837;-;207.1	45;39920;41878;-;289.6		pfam	pfam_only	A	7/7	rearranged	1	0	unscoreable	17	1	0														not_admitted	not_admitted	not_admitted	not_admitted	not_admitted	not_admitted	not_admitted
NZ_MG598816.1	MPF_T	IncI2	72	0	0	GA	1	37;31565;32047;-;81.1		52;47654;47938;-;36.6	51;45291;47648;-;58.5	51;45291;47648;-;44.9	61;52127;53380;-;41.3	63;53667;54014;-;44.9		49;44391;45125;-;144.3	48;43624;44394;-;170.5	47;42495;43634;-;154.7	40;33826;35364;-;207.1	45;39447;41405;-;289.6		pfam	pfam_only	A	7/7	rearranged	1	0	unscoreable	15	0	0														not_admitted	not_admitted	not_admitted	not_admitted	not_admitted	not_admitted	not_admitted
NZ_MG649063.1	MPF_T	IncX1;IncX3	50	0	0	GA	1	46;34032;34679;+;45.6	47;34657;34953;+;76.6	48;34972;37725;+;46.6	48;34972;37725;+;147.9	48;34972;37725;+;75.3	49;37736;38494;+;67.5	0;121;1254;+;109.2		1;1499;2212;+;118.2	2;2217;3146;+;133.7	3;3143;4348;+;132.5	4;4350;5381;+;76.3	5;5384;7219;+;486.3		pfam	pfam_only	A	7/7	rearranged	1	1	unscoreable	0	0	0														not_admitted	not_admitted	not_admitted	not_admitted	not_admitted	not_admitted	not_admitted
NZ_MG656414.1	MPF_F	IncFIA;IncFII;IncHI2;IncHI2A;IncN	427	0	0	GA	0															not_admitted	not_admitted	not_admitted	not_admitted	not_admitted	not_admitted	not_admitted	not_admitted	not_admitted	not_admitted	1	212;173839;174831;-;371.6	203;167404;168777;-;380.7	208;170367;171110;-;233.3	216;177041;178465;-;305.8	202;164588;167407;-;386.2	223;180623;182050;-;91.9	215;175839;177044;-;98.3	225;182676;183329;-;182.2	211;173192;173830;-;64.9	210;171387;173195;-;268.2	199;160815;162923;-;391.9	219;178981;179496;-;76.4	199;160815;162923;-;70.5	A	9/9	contiguous	21861	1	1	163310..164563-;417;TraS;0
NZ_MG662415.1	MPF_F	IncHI2;IncHI2A	242	0	0	GA	0															not_admitted	not_admitted	not_admitted	not_admitted	not_admitted	not_admitted	not_admitted	not_admitted	not_admitted	not_admitted	1	28;32546;33604;+;276.5	156;150229;151644;-;194.1	157;151634;152680;-;174.3	11;8955;11636;+;168.0	155;146267;150220;-;101.7	7;5270;6625;+;80.7	11;8955;11636;+;72.2	4;2758;3546;+;74.8	26;30893;32404;+;62.0	29;33623;36811;+;57.3	164;159722;161806;+;56.8	10;7996;8946;+;46.1	164;159722;161806;+;38.8	A	9/9	split_3	156964	1	1	144797..146086-;429;unnamed;0
NZ_MG677985.1	MPF_F	IncFII(pCoo)	74	0	0	GA	0															not_admitted	not_admitted	not_admitted	not_admitted	not_admitted	not_admitted	not_admitted	not_admitted	not_admitted	not_admitted	1	51;44860;45852;+;369.5	63;52294;53667;+;376.8	59;50330;51073;+;234.4	48;41221;43851;+;306.8	64;53664;56489;+;375.5	41;36233;37660;+;94.7	48;41221;43851;+;98.5	39;34952;35518;+;183.8	54;46795;47433;+;70.8	57;48245;50053;+;266.5	68;58731;60983;+;390.8	44;38538;39053;+;76.1	68;58731;60983;+;70.3	A	9/9	contiguous	23779	1	1	56486..56995+;169;unnamed;0
NZ_MG702491.1	MPF_T	ColKP3;IncX3	68	0	0	GA	1	26;21114;21758;-;46.4	25;20840;21130;-;73.1	24;18063;20816;-;47.0	24;18063;20816;-;142.4	24;18063;20816;-;73.3	23;17283;18053;-;60.1	21;15949;17004;-;132.8		20;15026;15754;-;119.4	19;14091;15020;-;138.8	17;12881;13321;-;85.0	15;11651;12685;-;65.7	14;9813;11648;-;495.9		pfam	pfam_only	A	7/7	canonical	1	1	unscoreable	3	0	0														not_admitted	not_admitted	not_admitted	not_admitted	not_admitted	not_admitted	not_admitted
NZ_MG725031.1	MPF_T	IncI2(Delta)	80	0	0	GA	1	38;33988;34470;-;81.1		53;50067;50351;-;36.6	52;47704;50061;-;58.5	52;47704;50061;-;44.9	65;56367;57008;-;45.1	66;57014;58012;-;130.8		50;46804;47538;-;144.3	49;46037;46807;-;170.5	48;44908;46047;-;154.7	41;36239;37777;-;208.0	46;41860;43818;-;290.9		pfam	pfam_only	A	7/7	rearranged	1	0	unscoreable	17	0	0														not_admitted	not_admitted	not_admitted	not_admitted	not_admitted	not_admitted	not_admitted
NZ_MG736312.1	MPF_F	IncFIA(HI1);IncFII(K);IncFII(pAR0022)	107	0	0	GA	0															not_admitted	not_admitted	not_admitted	not_admitted	not_admitted	not_admitted	not_admitted	not_admitted	not_admitted	not_admitted	1	104;93739;94728;-;366.6	94;87606;88217;-;222.4	98;89479;90231;-;235.6	1;1414;2844;-;260.8	93;83999;87625;-;345.6	8;5679;6749;-;38.6	0;230;1417;-;88.9	10;7476;8042;-;169.3	103;93088;93726;-;67.0	102;91074;93029;-;259.7	89;79225;81537;-;393.2	6;4669;5253;-;54.9	89;79225;81537;-;65.8	A	9/9	split_2	93509	1	1	83466..83996-;176;unnamed;0
NZ_MG747472.1	MPF_T	IncI2(Delta)	74	0	0	GA	1	2;1055;1537;+;81.1		61;47076;47360;+;36.6	62;47366;49723;+;58.5	62;47366;49723;+;42.8	52;41620;42264;+;41.0	51;40619;41614;+;123.9		64;49889;50623;+;144.3	65;50620;51390;+;170.5	66;51380;52519;+;154.7	73;59650;61188;+;207.1	68;53609;55567;+;289.6		pfam	pfam_only	A	7/7	rearranged	1	0	unscoreable	12	0	0														not_admitted	not_admitted	not_admitted	not_admitted	not_admitted	not_admitted	not_admitted
NZ_MG747473.1	MPF_T	IncX4	40	0	0	GA	1	9;4513;5133;+;41.6	10;5147;5473;+;64.4	11;5492;8239;+;63.8	11;5492;8239;+;151.8	11;5492;8239;+;46.1	12;8251;8967;+;94.2	13;8979;10073;+;150.1		15;10588;11274;+;169.0	16;11271;12179;+;142.4	17;12172;13290;+;163.9	18;13292;14320;+;85.0	19;14352;16169;+;314.8		pfam	pfam_only	A	7/7	canonical	1	1	unscoreable	1	0	0														not_admitted	not_admitted	not_admitted	not_admitted	not_admitted	not_admitted	not_admitted
NZ_MG764534.1	MPF_F	IncC	211	0	0	GA	0															not_admitted	not_admitted	not_admitted	not_admitted	not_admitted	not_admitted	not_admitted	not_admitted	not_admitted	not_admitted	1	100;71726;72733;+;332.9	201;157797;159230;+;339.2	200;156767;157795;+;221.7	95;66527;68974;+;354.5	202;159243;162857;+;375.3	90;57655;58971;+;135.0	95;66527;68974;+;128.3	88;56131;56757;+;92.7	98;69796;71061;+;67.9	101;72849;75647;+;145.3	79;50456;52321;+;47.3	91;58968;59546;+;100.2	79;50456;52321;+;52.0	A	9/9	split_2	108787	0	1	
NZ_MG764548.1	MPF_F	IncFIA;IncFII;IncFII(pHN7A8)	243	0	0	GA	0															not_admitted	not_admitted	not_admitted	not_admitted	not_admitted	not_admitted	not_admitted	not_admitted	not_admitted	not_admitted	1	219;192702;193694;+;371.6	105;82304;83677;+;380.7	225;197281;198024;+;234.4	93;72614;75241;+;303.5	106;83674;86493;+;386.2	88;69079;70506;+;94.1	93;72614;75241;+;99.0	86;67798;68364;+;183.8	220;193703;194341;+;70.3	98;77886;79694;+;268.2	109;88025;89971;+;392.2	92;71530;72045;+;78.0	109;88025;89971;+;70.6	A	9/9	split_2	129483	1	1	86518..87009+;163;TraS;0
NZ_MG764553.1	MPF_T	IncFII(pHN7A8);IncN;repB(R1701)	199	0	0	GA	1	27;24242;24976;-;32.5		24;23282;23599;-;63.3	23;20682;23282;-;113.8	23;20682;23282;-;76.4	22;19951;20664;-;105.5	20;18660;19700;-;142.4		19;17743;18441;-;131.9	18;16848;17732;-;159.7	17;15688;16848;-;156.3	16;14651;15646;-;81.2	64;48439;49968;+;38.5		pfam	both	A	7/7	canonical	1	0	unscoreable	3	0	0														not_admitted	not_admitted	not_admitted	not_admitted	not_admitted	not_admitted	not_admitted
NZ_MG773376.1	MPF_F	IncHI2;IncHI2A	273	0	0	GA	0															not_admitted	not_admitted	not_admitted	not_admitted	not_admitted	not_admitted	not_admitted	not_admitted	not_admitted	not_admitted	1	230;204643;205701;-;276.5	69;57010;58425;+;194.1	68;55974;57020;+;174.3	246;225275;227956;-;168.0	70;58434;62387;+;101.7	250;230286;231641;-;80.7	246;225275;227956;-;72.2	253;233365;234153;-;74.8	232;205843;207354;-;62.0	229;201436;204624;-;57.3	61;46848;48932;-;56.8	247;227965;228915;-;46.1	61;46848;48932;-;38.8	A	9/9	split_2	186517	1	1	62568..63857+;429;unnamed;0
NZ_MG773378.1	MPF_T	IncFIB(K)	84	0	0	GA	1	14;16090;16752;+;48.3	15;16763;17062;+;36.6	16;17072;19822;+;60.6	16;17072;19822;+;134.0	16;17072;19822;+;48.6	17;19841;20557;+;137.0	19;20871;21878;+;137.8		21;22088;22774;+;158.3	22;22767;23660;+;147.4	23;23657;24853;+;134.7	24;24857;25906;+;71.5	31;30644;32551;+;24.3		pfam	pfam_only	A	7/7	canonical	1	1	unscoreable	8	0	0														not_admitted	not_admitted	not_admitted	not_admitted	not_admitted	not_admitted	not_admitted
NZ_MG808035.1	MPF_T	IncI2(Delta)	74	0	0	GA	1	38;32487;32969;-;81.1		53;48576;48860;-;36.6	52;46213;48570;-;58.5	52;46213;48570;-;44.9	62;53672;54316;-;41.0	63;54322;55317;-;123.9		50;45313;46047;-;144.3	49;44546;45316;-;170.5	48;43417;44556;-;154.7	41;34748;36286;-;207.1	46;40369;42327;-;289.6		pfam	pfam_only	A	7/7	rearranged	1	0	unscoreable	14	0	0														not_admitted	not_admitted	not_admitted	not_admitted	not_admitted	not_admitted	not_admitted
NZ_MG825367.1	MPF_T	IncX4	42	0	0	GA	1	5;2702;3322;+;41.6	6;3336;3662;+;64.4	7;3681;6428;+;63.8	7;3681;6428;+;151.8	7;3681;6428;+;46.1	8;6440;7156;+;94.2	9;7168;8262;+;150.1		11;8777;9463;+;169.0	12;9460;10368;+;142.4	13;10361;11479;+;163.9	14;11481;12509;+;85.0	15;12541;14358;+;314.8		pfam	pfam_only	A	7/7	canonical	1	1	unscoreable	1	0	0														not_admitted	not_admitted	not_admitted	not_admitted	not_admitted	not_admitted	not_admitted
NZ_MG825368.1	MPF_T	IncX3	58	0	0	GA	1	23;14360;15004;+;46.4	24;14988;15278;+;73.1	25;15303;18056;+;47.0	25;15303;18056;+;142.4	25;15303;18056;+;73.3	26;18066;18836;+;60.1	28;19115;20170;+;133.2		29;20365;21093;+;119.4	30;21099;22028;+;138.8	31;22025;23239;+;128.3	33;23435;24469;+;65.7	34;24472;26307;+;495.9		pfam	pfam_only	A	7/7	canonical	1	1	unscoreable	2	0	0														not_admitted	not_admitted	not_admitted	not_admitted	not_admitted	not_admitted	not_admitted
NZ_MG825369.1	MPF_T	IncI2	78	0	0	GA	1	2;2270;2752;-;81.1		17;18348;18632;-;36.6	16;15985;18342;-;58.5	16;15985;18342;-;42.8	29;24085;24726;-;42.8	30;24732;25727;-;128.5		14;15085;15819;-;144.3	13;14318;15088;-;170.5	12;13189;14328;-;154.7	5;4520;6058;-;207.1	10;10141;12099;-;289.6		pfam	pfam_only	A	7/7	rearranged	1	0	unscoreable	17	1	0														not_admitted	not_admitted	not_admitted	not_admitted	not_admitted	not_admitted	not_admitted
NZ_MG825370.1	MPF_F	IncFII	85	0	0	GA	0															not_admitted	not_admitted	not_admitted	not_admitted	not_admitted	not_admitted	not_admitted	not_admitted	not_admitted	not_admitted	1	61;48319;49311;+;369.5	71;55090;56463;+;381.7	66;52417;53160;+;234.4	58;44680;47310;+;304.1	72;56460;59282;+;374.0	50;40090;41517;+;94.3	58;44680;47310;+;97.1	48;38809;39375;+;183.4	63;49655;50293;+;68.6	64;50290;52140;+;266.1	76;61554;63734;+;391.2	54;42541;43056;+;78.4	76;61554;63734;+;70.3	A	9/9	contiguous	22745	1	1	59304..59783+;159;TraS;0
NZ_MG825372.1	MPF_F	IncFIB(AP001918);IncFIC(FII)	198	0	0	GA	0															not_admitted	not_admitted	not_admitted	not_admitted	not_admitted	not_admitted	not_admitted	not_admitted	not_admitted	not_admitted	1	128;128485;129477;-;369.3	117;121466;122839;-;380.9	124;125013;125756;-;235.0	131;130486;133113;-;303.8	116;118644;121469;-;385.2	136;135168;136595;-;94.3	131;130486;133113;-;99.2	138;137310;137876;-;184.4	127;127838;128476;-;68.4	126;126033;127841;-;268.0	113;114987;117140;-;391.9	132;133629;134144;-;78.0	113;114987;117140;-;70.4	A	9/9	contiguous	22323	1	1	118138..118647-;169;unnamed;0
NZ_MG825373.1	MPF_F	IncHI2;IncHI2A;IncN	294	0	0	GA	0															not_admitted	not_admitted	not_admitted	not_admitted	not_admitted	not_admitted	not_admitted	not_admitted	not_admitted	not_admitted	1	70;64706;65764;-;276.9	190;176394;177809;+;194.1	189;175358;176404;+;174.3	86;85336;88017;-;168.0	191;177818;178939;+;53.2	90;90347;91702;-;80.7	86;85336;88017;-;72.2	93;93426;94214;-;74.8	72;65906;67417;-;62.0	69;61499;64687;-;57.3	182;166232;168316;-;56.8	87;88026;88976;-;46.1	182;166232;168316;-;38.8	A	9/9	split_2	116319	1	1	178946..181771+;941;unnamed;0
NZ_MG825374.1	MPF_T	IncI2(Delta)	74	0	0	GA	1	38;32911;33393;-;81.1		53;49000;49284;-;36.6	52;46637;48994;-;58.5	52;46637;48994;-;44.9	62;54096;54740;-;41.0	63;54746;55741;-;123.9		50;45737;46471;-;144.3	49;44970;45740;-;170.5	48;43841;44980;-;154.7	41;35172;36710;-;207.1	46;40793;42751;-;289.6		pfam	pfam_only	A	7/7	rearranged	1	0	unscoreable	14	0	0														not_admitted	not_admitted	not_admitted	not_admitted	not_admitted	not_admitted	not_admitted
NZ_MG825378.1	MPF_F	IncFIA;IncFIB(AP001918);IncFIC(FII)	208	0	0	GA	0															not_admitted	not_admitted	not_admitted	not_admitted	not_admitted	not_admitted	not_admitted	not_admitted	not_admitted	not_admitted	1	29;28680;29672;-;367.4	18;21621;22994;-;378.0	25;25208;25951;-;233.4	32;30681;33308;-;305.4	17;18802;21624;-;389.5	41;36676;38103;-;94.3	32;30681;33308;-;98.5	43;38818;39384;-;183.8	28;28033;28671;-;68.4	27;26228;28036;-;268.4	14;15084;17273;-;391.4	34;33824;34123;-;50.0	14;15084;17273;-;70.4	A	9/9	contiguous	23734	1	1	18289..18780-;163;TraS;0
NZ_MG825380.1	MPF_T	IncI2(Delta)	79	0	0	GA	1	1;1751;2233;-;81.1		16;17840;18124;-;36.6	15;15477;17834;-;58.5	15;15477;17834;-;44.9	25;22936;23580;-;41.0	26;23586;24581;-;123.9		13;14577;15311;-;144.3	12;13810;14580;-;170.5	11;12681;13820;-;154.7	4;4012;5550;-;207.1	9;9633;11591;-;289.6		pfam	pfam_only	A	7/7	rearranged	1	0	unscoreable	14	0	0														not_admitted	not_admitted	not_admitted	not_admitted	not_admitted	not_admitted	not_admitted
NZ_MG825382.1	MPF_T	IncX3	58	0	0	GA	1	23;14360;15004;+;46.4	24;14988;15278;+;73.1	25;15303;18056;+;47.0	25;15303;18056;+;142.4	25;15303;18056;+;73.3	26;18066;18836;+;60.1	28;19115;20170;+;133.2		29;20365;21093;+;119.4	30;21099;22028;+;138.8	31;22025;23239;+;128.3	33;23435;24469;+;65.7	34;24472;26307;+;495.9		pfam	pfam_only	A	7/7	canonical	1	1	unscoreable	2	0	0														not_admitted	not_admitted	not_admitted	not_admitted	not_admitted	not_admitted	not_admitted
NZ_MG825384.1	MPF_T	IncX3	58	0	0	GA	1	23;14360;15004;+;46.4	24;14988;15278;+;73.1	25;15303;18056;+;47.0	25;15303;18056;+;142.4	25;15303;18056;+;73.3	26;18066;18836;+;60.1	28;19115;20170;+;133.2		29;20365;21093;+;119.4	30;21099;22028;+;138.8	31;22025;23239;+;128.3	33;23435;24469;+;65.7	34;24472;26307;+;495.9		pfam	pfam_only	A	7/7	canonical	1	1	unscoreable	2	0	0														not_admitted	not_admitted	not_admitted	not_admitted	not_admitted	not_admitted	not_admitted
NZ_MG833402.1	MPF_T	IncX3	63	0	0	GA	1	32;32378;33022;-;46.4	31;32104;32394;-;73.1	30;29326;32079;-;47.0	30;29326;32079;-;142.4	30;29326;32079;-;73.3	29;28546;29316;-;60.1	27;27212;28267;-;133.2		26;26289;27017;-;119.4	25;25354;26283;-;138.8	24;24143;25357;-;128.3	22;22913;23947;-;65.7	21;21075;22910;-;495.9		pfam	pfam_only	A	7/7	canonical	1	1	unscoreable	2	0	0														not_admitted	not_admitted	not_admitted	not_admitted	not_admitted	not_admitted	not_admitted
NZ_MG833403.1	MPF_T	IncX3	63	0	0	GA	1	32;32378;33022;-;46.4	31;32104;32394;-;73.1	30;29326;32079;-;47.0	30;29326;32079;-;142.4	30;29326;32079;-;73.3	29;28546;29316;-;60.1	27;27212;28267;-;133.2		26;26289;27017;-;119.4	25;25354;26283;-;138.8	24;24143;25357;-;128.3	22;22913;23947;-;65.7	21;21075;22910;-;495.9		pfam	pfam_only	A	7/7	canonical	1	1	unscoreable	2	0	0														not_admitted	not_admitted	not_admitted	not_admitted	not_admitted	not_admitted	not_admitted
NZ_MG833404.1	MPF_T	IncX3	63	0	0	GA	1	32;32378;33022;-;46.4	31;32104;32394;-;73.1	30;29326;32079;-;47.0	30;29326;32079;-;142.4	30;29326;32079;-;73.3	29;28546;29316;-;60.1	27;27212;28267;-;133.2		26;26289;27017;-;119.4	25;25354;26283;-;138.8	24;24143;25357;-;128.3	22;22913;23947;-;65.7	21;21075;22910;-;495.9		pfam	pfam_only	A	7/7	canonical	1	1	unscoreable	2	0	0														not_admitted	not_admitted	not_admitted	not_admitted	not_admitted	not_admitted	not_admitted
NZ_MG833405.1	MPF_T	IncX3	63	0	0	GA	1	32;32378;33022;-;46.4	31;32104;32394;-;73.1	30;29326;32079;-;47.0	30;29326;32079;-;142.4	30;29326;32079;-;73.3	29;28546;29316;-;60.1	27;27212;28267;-;133.2		26;26289;27017;-;119.4	25;25354;26283;-;138.8	24;24143;25357;-;128.3	22;22913;23947;-;65.7	21;21075;22910;-;495.9		pfam	pfam_only	A	7/7	canonical	1	1	unscoreable	2	0	0														not_admitted	not_admitted	not_admitted	not_admitted	not_admitted	not_admitted	not_admitted
NZ_MG833406.1	MPF_T	IncX3	58	0	0	GA	1	27;24856;25500;-;46.4	26;24582;24872;-;73.1	25;21804;24557;-;47.0	25;21804;24557;-;142.4	25;21804;24557;-;73.3	24;21024;21794;-;60.1	22;19690;20745;-;133.2		21;18767;19495;-;119.4	20;17832;18761;-;138.8	19;16621;17835;-;128.3	17;15391;16425;-;65.7	16;13553;15388;-;495.9		pfam	pfam_only	A	7/7	canonical	1	1	unscoreable	2	0	0														not_admitted	not_admitted	not_admitted	not_admitted	not_admitted	not_admitted	not_admitted
NZ_MG838205.1	MPF_F	IncFIB(AP001918);IncFII(pCoo)	152	0	0	GA	0															not_admitted	not_admitted	not_admitted	not_admitted	not_admitted	not_admitted	not_admitted	not_admitted	not_admitted	not_admitted	1	132;117753;118745;+;370.2	140;123441;124814;+;380.4	136;121477;122220;+;233.3	129;114117;116744;+;303.5	141;124811;127633;+;386.8	125;110778;112205;+;94.3	129;114117;116744;+;100.3	123;109497;110063;+;183.8	133;118754;119392;+;68.3	134;119389;121197;+;268.2	144;129167;131392;+;391.7	128;113086;113601;+;78.0	144;129167;131392;+;70.3	A	9/9	contiguous	19670	1	1	127654..128151+;165;TraS;0
NZ_MG845200.1	MPF_F	IncFIB(pNDM-Mar);IncHI1B(pNDM-MAR)	308	0	0	GA	0															not_admitted	not_admitted	not_admitted	not_admitted	not_admitted	not_admitted	not_admitted	not_admitted	not_admitted	not_admitted	1	35;32735;33772;-;282.3	184;159629;161038;+;190.4	183;158602;159639;+;175.6	47;44604;47321;-;149.6	185;161040;165008;+;121.3	51;49434;50804;-;65.6	47;44604;47321;-;85.2	54;52450;53310;-;79.0	36;33769;35130;-;69.9	34;29540;32725;-;59.6	176;149277;151403;-;57.7	48;47366;48103;-;56.9	176;149277;151403;-;41.0	A	9/9	split_2	131500	0	1	
NZ_MG845201.1	MPF_F	IncFIB(pNDM-Mar);IncHI1B(pNDM-MAR)	315	0	0	GA	0															not_admitted	not_admitted	not_admitted	not_admitted	not_admitted	not_admitted	not_admitted	not_admitted	not_admitted	not_admitted	1	35;32824;33861;-;282.3	184;159713;161122;+;190.4	183;158686;159723;+;175.6	47;44693;47410;-;149.6	185;161124;165092;+;121.3	51;49523;50893;-;65.6	47;44693;47410;-;85.2	54;52539;53399;-;79.0	36;33858;35219;-;69.9	34;29629;32814;-;59.6	176;149361;151487;-;57.7	48;47455;48192;-;56.9	176;149361;151487;-;41.0	A	9/9	split_2	131495	0	1	
NZ_MG870194.1	MPF_T	IncFIB(K)	128	0	0	GA	1	88;78209;78871;+;48.3	89;78882;79181;+;36.6	90;79191;81941;+;61.6	90;79191;81941;+;134.0	90;79191;81941;+;46.2	91;81960;82676;+;137.0	93;82990;83997;+;137.8		95;84207;84893;+;158.3	96;84886;85779;+;146.0	97;85776;86972;+;134.8	98;86976;88025;+;71.5	105;92763;94670;+;24.3		pfam	pfam_only	A	7/7	canonical	1	1	unscoreable	8	0	0														not_admitted	not_admitted	not_admitted	not_admitted	not_admitted	not_admitted	not_admitted
NZ_MG874042.1	MPF_F	IncFIA(HI1);IncHI1A;IncHI1B(R27)	261	0	0	GA	0															not_admitted	not_admitted	not_admitted	not_admitted	not_admitted	not_admitted	not_admitted	not_admitted	not_admitted	not_admitted	1	170;155376;156428;+;277.6	63;61353;62768;-;202.4	64;62758;63804;-;171.3	152;133298;135979;+;160.6	62;57982;61344;-;104.1	148;129592;130950;+;84.0	152;133298;135979;+;76.5	145;127140;127925;+;68.7	168;153723;155231;+;65.6	171;156451;159627;+;58.9	70;70739;72823;+;50.2	151;132339;133289;+;45.2	70;70739;72823;+;36.5	A	9/9	split_3	98469	1	1	57356..57985-;209;unnamed;0
NZ_MG874043.1	MPF_T	IncFIB(K)	125	0	0	GA	1	90;84809;85471;-;48.3	89;84499;84798;-;36.6	88;81739;84489;-;61.6	88;81739;84489;-;134.0	88;81739;84489;-;46.2	87;81004;81720;-;137.0	85;79683;80690;-;137.8		83;78787;79473;-;158.3	82;77901;78794;-;146.0	81;76708;77904;-;134.8	80;75655;76704;-;71.5	73;69010;70917;-;24.3		pfam	pfam_only	A	7/7	canonical	1	1	unscoreable	8	0	0														not_admitted	not_admitted	not_admitted	not_admitted	not_admitted	not_admitted	not_admitted
NZ_MG874044.1	MPF_T	IncFIB(K)	115	0	0	GA	1	75;71366;72028;+;48.3	76;72039;72338;+;36.6	77;72348;75098;+;61.6	77;72348;75098;+;132.1	77;72348;75098;+;46.1	78;75117;75833;+;137.0	80;76147;77154;+;137.8		82;77364;78050;+;158.3	83;78043;78936;+;146.0	84;78933;80129;+;134.8	85;80133;81182;+;71.5	92;85920;87827;+;24.3		pfam	pfam_only	A	7/7	canonical	1	1	unscoreable	8	0	0														not_admitted	not_admitted	not_admitted	not_admitted	not_admitted	not_admitted	not_admitted
NZ_MG878866.1	MPF_F	IncFII;IncN;IncR	151	1	1	GA	1	17;16192;16839;-;76.4		111;98457;98774;+;63.3	112;98774;101374;+;113.8	112;98774;101374;+;76.4	113;101392;102105;+;105.5	115;102356;103396;+;142.4		116;103615;104313;+;131.9	117;104324;105208;+;159.7	118;105208;106368;+;156.3	119;106410;107405;+;81.2	128;115393;116922;-;38.5	38;30688;32496;+;268.0	pfam	both	A	7/7	canonical	1	0	unscoreable	40	0	1	36;29052;30044;+;369.3	45;35106;36479;+;381.0	40;32743;33516;+;234.0	33;25413;28043;+;303.5	46;36476;39301;+;386.0	118;105208;106368;+;156.3	33;25413;28043;+;98.5	23;19438;20004;+;183.8	37;30053;30691;+;68.7	38;30688;32496;+;268.0	49;40805;43021;+;391.7	29;23274;23789;+;78.6	49;40805;43021;+;70.3	A	9/9	split_2	85770	1	1	39298..39807+;169;unnamed;0
NZ_MG878867.1	MPF_F	IncHI2;IncHI2A	347	0	0	GA	0															not_admitted	not_admitted	not_admitted	not_admitted	not_admitted	not_admitted	not_admitted	not_admitted	not_admitted	not_admitted	1	318;277424;278482;-;276.9	88;76875;78290;+;194.1	87;75839;76885;+;173.7	336;299121;301802;-;168.0	89;78299;82249;+;101.6	340;304132;305487;-;80.7	336;299121;301802;-;72.2	343;307211;307999;-;74.8	320;278624;280135;-;62.7	317;274217;277405;-;58.3	81;66714;68798;-;56.7	337;301811;302761;-;46.4	81;66714;68798;-;38.8	A	9/9	split_3	240497	0	1	
NZ_MG878868.1	MPF_F	IncFII(K);IncQ1;repB(R1701)	163	0	0	GA	0															not_admitted	not_admitted	not_admitted	not_admitted	not_admitted	not_admitted	not_admitted	not_admitted	not_admitted	not_admitted	1	57;41075;42064;+;366.6	67;47611;48978;+;384.0	63;45601;46353;+;233.7	53;36993;39632;+;258.5	68;48978;51827;+;346.4	46;32376;33800;+;89.2	53;36993;39632;+;88.2	44;31083;31649;+;169.3	58;42077;42715;+;66.9	59;42774;44729;+;259.7	72;54289;56601;+;393.1	47;33914;34498;+;53.6	72;54289;56601;+;66.6	A	9/9	contiguous	23206	1	1	51830..52363+;177;unnamed;0
NZ_MG879030.1	MPF_T	-	26	0	0	GA	1		23;18195;18587;-;53.8	22;17872;18192;-;45.7	20;15321;17579;-;101.3	20;15321;17579;-;49.5				19;14608;15324;-;91.7		18;13698;14546;-;206.3	24;18600;19724;-;133.7			none	none	D	4/7	uncallable	0	0	unscoreable	1	0	0														not_admitted	not_admitted	not_admitted	not_admitted	not_admitted	not_admitted	not_admitted
NZ_MG886286.1	MPF_T	IncN	66	0	0	GA	1	48;38841;39578;-;32.0		45;37880;38197;-;63.3	44;35280;37880;-;111.8	44;35280;37880;-;76.4	43;34549;35262;-;105.5	41;33258;34298;-;142.4		40;32341;33039;-;131.9	39;31446;32330;-;159.7	38;30286;31446;-;156.3	37;29249;30244;-;81.2	22;14564;16093;+;38.5		pfam	both	A	7/7	canonical	1	0	unscoreable	3	0	0														not_admitted	not_admitted	not_admitted	not_admitted	not_admitted	not_admitted	not_admitted
NZ_MG893567.1	MPF_T	ColKP3;IncX3	65	0	0	GA	1	25;21116;21760;-;46.4	24;20842;21132;-;73.1	23;18064;20817;-;47.0	23;18064;20817;-;142.4	23;18064;20817;-;73.3	22;17284;18054;-;60.1	20;15950;17005;-;132.8		19;15027;15755;-;119.4	18;14092;15021;-;138.8	17;12881;14095;-;128.3	15;11651;12685;-;65.7	14;9813;11648;-;495.9		pfam	pfam_only	A	7/7	canonical	1	1	unscoreable	2	0	0														not_admitted	not_admitted	not_admitted	not_admitted	not_admitted	not_admitted	not_admitted
NZ_MG904991.1	MPF_F	IncFII(pSE11)	105	0	0	GA	0															not_admitted	not_admitted	not_admitted	not_admitted	not_admitted	not_admitted	not_admitted	not_admitted	not_admitted	not_admitted	1	79;61695;62834;+;349.6			77;60079;60552;+;74.4		71;56740;58167;+;94.3	78;60552;61577;+;101.9	69;55459;56025;+;183.8			78;60552;61577;+;27.8	74;59048;59563;+;77.4		D	4/9	contiguous	6236	0	0	
NZ_MG904992.1	MPF_F	IncFIA(HI1);IncHI1A;IncHI1B(R27);IncQ1	234	0	0	GA	0															not_admitted	not_admitted	not_admitted	not_admitted	not_admitted	not_admitted	not_admitted	not_admitted	not_admitted	not_admitted	1	64;64176;65228;+;277.6	191;174851;176266;-;201.7	192;176256;177302;-;171.3	47;42210;44891;+;160.9	190;170853;174842;-;103.1	43;38504;39862;+;84.0	47;42210;44891;+;76.5	40;36052;36837;+;68.7	62;62523;64031;+;65.6	65;65251;68427;+;58.9	198;184237;186321;+;50.2	46;41251;42201;+;45.2	198;184237;186321;+;36.5	A	9/9	split_3	148185	0	1	
NZ_MG904993.1	MPF_F	IncFIB(AP001918);IncFIC(FII)	116	0	0	GA	0															not_admitted	not_admitted	not_admitted	not_admitted	not_admitted	not_admitted	not_admitted	not_admitted	not_admitted	not_admitted	1	94;71154;72146;+;369.5	107;78840;80213;+;381.0	101;76153;76896;+;233.0	91;67518;70145;+;305.1	108;80210;83029;+;389.2	84;64021;65469;+;94.2	91;67518;70145;+;100.2	82;62740;63306;+;180.7	98;73433;74071;+;67.5	99;74068;75876;+;268.3	111;84572;86752;+;391.8	88;66487;66888;+;31.2	111;84572;86752;+;70.3	A	9/9	contiguous	21832	0	1	
NZ_MG904994.1	MPF_T	IncX4	67	0	0	GA	1	23;20554;21165;-;54.0	22;20268;20582;-;30.3	21;19890;20210;-;46.2	20;17515;19887;-;80.3	20;17515;19887;-;33.6	25;22506;23147;+;32.8	24;21509;22504;+;125.4		18;16647;17384;-;160.1	17;15871;16650;-;167.2	16;14739;15881;-;143.5	15;13720;14739;-;92.1	14;11703;13553;-;290.5		pfam	pfam_only	A	7/7	uncallable	0	0	unscoreable	1	0	0														not_admitted	not_admitted	not_admitted	not_admitted	not_admitted	not_admitted	not_admitted
NZ_MG904997.1	MPF_T	IncN	54	0	0	GA	1	26;27784;28518;-;32.5	24;27191;27484;-;28.7	23;26824;27141;-;63.3	22;24224;26824;-;111.8	22;24224;26824;-;76.8	21;23493;24206;-;97.1	19;22202;23242;-;153.6		18;21285;21983;-;131.9	17;20390;21274;-;159.0	16;19230;20390;-;154.9	15;18193;19188;-;81.2			pfam	both	B	6/7	canonical	1	0	unscoreable	2	0	0														not_admitted	not_admitted	not_admitted	not_admitted	not_admitted	not_admitted	not_admitted
NZ_MG904998.1	MPF_F	IncFII(29);IncX1	138	0	0	GA	0															not_admitted	not_admitted	not_admitted	not_admitted	not_admitted	not_admitted	not_admitted	not_admitted	not_admitted	not_admitted	1	137;118934;119263;-;108.4	129;113398;114771;-;376.2	132;115408;115953;-;43.8	2;1543;4170;-;302.3	128;110582;113401;-;389.2	6;6079;7506;-;94.3	2;1543;4170;-;99.2	8;8221;8787;-;183.8	134;117299;117937;-;68.6	133;115917;117302;-;101.0	124;106122;108311;-;391.8	3;4686;5201;-;78.0	124;106122;108311;-;70.3	A	9/9	split_2	117391	1	1	110066..110557-;163;TraS;0
NZ_MG946761.1	MPF_T	IncI2(Delta)	81	0	0	GA	1	40;34645;35127;-;81.1		55;50723;51007;-;36.6	54;48360;50717;-;58.5	54;48360;50717;-;44.9	67;57023;57664;-;45.1	68;57670;58668;-;130.8		52;47460;48194;-;144.3	51;46693;47463;-;170.5	50;45564;46703;-;154.7	43;36895;38433;-;207.1	48;42516;44474;-;289.6		pfam	pfam_only	A	7/7	rearranged	1	0	unscoreable	17	0	0														not_admitted	not_admitted	not_admitted	not_admitted	not_admitted	not_admitted	not_admitted
NZ_MG948335.1	MPF_F	IncFIA(HI1);IncHI1A;IncHI1B(R27);IncQ1	265	0	0	GA	0															not_admitted	not_admitted	not_admitted	not_admitted	not_admitted	not_admitted	not_admitted	not_admitted	not_admitted	not_admitted	1	40;44747;45799;+;277.6	202;194771;196186;-;201.7	203;196176;197222;-;171.3	23;22781;25462;+;160.9	201;190773;194762;-;103.1	19;19075;20433;+;84.0	23;22781;25462;+;76.5	16;16623;17408;+;68.7	38;43094;44602;+;65.6	41;45822;48998;+;58.9	209;204157;206241;+;50.2	22;21822;22772;+;45.2	209;204157;206241;+;36.5	A	9/9	split_3	187534	0	1	
NZ_MG954377.1	MPF_F	-	144	0	0	GA	0															not_admitted	not_admitted	not_admitted	not_admitted	not_admitted	not_admitted	not_admitted	not_admitted	not_admitted	not_admitted	1	83;55860;56903;+;369.2	88;60882;62309;+;325.8	86;59672;60484;+;219.1	79;51572;54298;+;164.5	89;62325;65327;+;208.7	75;48574;49890;+;102.7	79;51572;54298;+;108.6	73;47283;47861;+;82.5	84;56918;57625;+;107.6	85;57622;59679;+;92.2	53;33367;35526;+;381.3	78;50918;51562;+;41.9	53;33367;35526;+;89.8	A	9/9	contiguous	28958	1	1	65399..65917+;172;unnamed;0
NZ_MG954379.1	MPF_F	-	100	0	0	GA	0															not_admitted	not_admitted	not_admitted	not_admitted	not_admitted	not_admitted	not_admitted	not_admitted	not_admitted	not_admitted	1	87;55696;56739;+;369.2	92;60718;62145;+;325.8	90;59508;60320;+;219.1	83;51408;54134;+;164.6	93;62161;65163;+;208.7	79;48410;49726;+;102.7	83;51408;54134;+;108.4	77;47119;47697;+;82.6	88;56754;57461;+;107.6	89;57458;59515;+;92.2	59;34399;36558;+;381.4	82;50754;51398;+;41.9	59;34399;36558;+;89.7	A	9/9	contiguous	27762	1	1	65235..65753+;172;unnamed;0
NZ_MH001166.1	MPF_F	IncC	227	0	0	GA	0															not_admitted	not_admitted	not_admitted	not_admitted	not_admitted	not_admitted	not_admitted	not_admitted	not_admitted	not_admitted	1	102;73937;74944;+;332.9	216;172785;174218;+;339.2	215;171755;172783;+;221.7	97;68738;71185;+;354.5	217;174231;177845;+;375.3	45;26117;27277;+;156.3	97;68738;71185;+;128.3	90;58342;58968;+;92.7	100;72007;73272;+;67.9	103;75060;77858;+;145.3	81;52667;54532;+;47.3	93;61179;61757;+;100.2	81;52667;54532;+;52.0	A	9/9	split_3	148114	0	1	
NZ_MH011352.1	MPF_F	IncC	255	0	0	GA	0															not_admitted	not_admitted	not_admitted	not_admitted	not_admitted	not_admitted	not_admitted	not_admitted	not_admitted	not_admitted	1	103;75027;76034;+;332.9	244;201397;202830;+;339.2	243;200367;201395;+;221.7	98;69828;72275;+;354.5	245;202843;206457;+;375.3	45;26117;27277;+;156.3	98;69828;72275;+;128.3	91;59432;60058;+;92.7	101;73097;74362;+;67.9	104;76150;78948;+;145.3	82;53757;55622;+;47.4	94;62269;62847;+;100.2	82;53757;55622;+;52.0	A	9/9	split_3	176726	0	1	
NZ_MH043623.1	MPF_T	IncP1	67	0	0	GA	1		50;35408;35791;+;68.7	51;35849;36121;+;32.8	52;36118;38661;+;94.8	52;36118;38661;+;107.0	58;42138;42908;+;105.1	59;43099;44658;+;113.8		53;38658;39365;+;91.8	55;39652;40272;+;131.0	57;40731;42125;+;224.7	49;34338;35294;+;134.8	20;13830;15776;-;442.7		conjscan	conjscan_only	A	7/7	canonical	1	0	unscoreable	3	0	0														not_admitted	not_admitted	not_admitted	not_admitted	not_admitted	not_admitted	not_admitted
NZ_MH043624.1	MPF_T	IncX4	43	0	0	GA	1	23;15110;15730;+;41.6	24;15744;16070;+;64.4	25;16089;18836;+;63.8	25;16089;18836;+;151.8	25;16089;18836;+;46.1	26;18848;19555;+;91.6	27;19578;20438;+;151.1		30;21189;21875;+;169.0	31;21872;22780;+;142.4	32;22773;23891;+;163.9	33;23893;24921;+;85.0	34;24953;26770;+;314.8		pfam	pfam_only	A	7/7	canonical	1	1	unscoreable	2	0	0														not_admitted	not_admitted	not_admitted	not_admitted	not_admitted	not_admitted	not_admitted
NZ_MH043625.1	MPF_T	IncP1	73	0	0	GA	1		57;35132;35515;+;68.7	58;35518;35844;+;50.6	59;35841;38384;+;94.8	59;35841;38384;+;107.0	64;41860;42630;+;104.8	65;42821;44380;+;113.8		60;38381;39088;+;91.8	61;39104;39994;+;152.4	63;40453;41847;+;224.7	56;34062;35018;+;134.8	24;13739;15685;-;442.7		conjscan	conjscan_only	A	7/7	canonical	1	0	unscoreable	2	0	0														not_admitted	not_admitted	not_admitted	not_admitted	not_admitted	not_admitted	not_admitted
NZ_MH043626.1	MPF_T	IncP1	68	0	0	GA	1		52;35118;35501;+;68.7	53;35504;35830;+;50.6	54;35827;38370;+;94.8	54;35827;38370;+;107.0	59;41846;42616;+;104.8	60;42807;44366;+;113.8		55;38367;39074;+;91.8	56;39090;39980;+;152.4	58;40439;41833;+;224.7	51;34048;35004;+;134.8	22;13733;15679;-;442.7		conjscan	conjscan_only	A	7/7	canonical	1	0	unscoreable	2	0	0														not_admitted	not_admitted	not_admitted	not_admitted	not_admitted	not_admitted	not_admitted
NZ_MH053445.1	MPF_T	IncP1	53	0	0	GA	1		49;48308;48772;-;63.5	48;47993;48304;-;49.8	47;45438;47996;-;91.0	47;45438;47996;-;112.1	42;41040;41804;-;122.3	40;39074;40792;-;143.0		46;44659;45441;-;145.8	45;43742;44641;-;186.5	43;41825;43246;-;224.2	50;48789;49751;-;127.6	28;23423;25336;+;525.1		conjscan	conjscan_only	A	7/7	canonical	1	0	unscoreable	3	0	0														not_admitted	not_admitted	not_admitted	not_admitted	not_admitted	not_admitted	not_admitted
NZ_MH061178.1	MPF_T	-	72	0	0	GA	1	46;38382;39284;-;37.1	57;48214;48675;-;65.6	56;47917;48210;-;29.8	55;45246;47930;-;78.4	55;45246;47930;-;74.9	54;44563;45249;-;85.7	51;43075;43938;-;134.0		50;42410;43075;-;70.0	49;41592;42383;-;177.4	48;40306;41589;-;161.9	47;39268;40296;-;91.3	37;27015;28571;+;61.9		pfam	both	A	7/7	canonical	1	0	unscoreable	10	0	0														not_admitted	not_admitted	not_admitted	not_admitted	not_admitted	not_admitted	not_admitted
NZ_MH061195.1	MPF_F	IncC	201	0	0	GA	0															not_admitted	not_admitted	not_admitted	not_admitted	not_admitted	not_admitted	not_admitted	not_admitted	not_admitted	not_admitted	1	162;125337;126344;-;332.9	99;71213;72646;-;339.2	100;72648;73676;-;221.7	167;129095;131542;-;354.5	98;67586;71200;-;374.5	172;139098;140414;-;135.0	167;129095;131542;-;128.3	174;141312;141938;-;92.7	164;127009;128274;-;67.9	161;122423;125221;-;145.3	183;145747;147612;-;47.3	171;138523;139101;-;100.2	183;145747;147612;-;52.0	A	9/9	split_2	78161	0	1	
NZ_MH061196.1	MPF_T	IncX4	41	0	0	GA	1	26;25893;26513;-;41.6	25;25553;25879;-;64.4	24;22787;25534;-;63.8	24;22787;25534;-;151.8	24;22787;25534;-;46.1	23;22059;22775;-;94.2	22;20953;22047;-;150.1		20;19752;20438;-;169.0	19;18847;19755;-;142.4	18;17736;18854;-;163.9	17;16706;17734;-;85.0	16;14857;16674;-;314.8		pfam	pfam_only	A	7/7	canonical	1	1	unscoreable	1	0	0														not_admitted	not_admitted	not_admitted	not_admitted	not_admitted	not_admitted	not_admitted
NZ_MH061381.1	MPF_T	IncX3	59	0	0	GA	1	46;37743;38387;-;46.4	45;37469;37759;-;73.1	44;34691;37444;-;47.0	44;34691;37444;-;142.4	44;34691;37444;-;73.3	43;33911;34681;-;60.1	41;32577;33632;-;133.2		40;31654;32382;-;119.4	39;30719;31648;-;138.8	38;29508;30722;-;128.3	36;28278;29312;-;65.7	35;26440;28275;-;495.9		pfam	pfam_only	A	7/7	canonical	1	1	unscoreable	2	0	0														not_admitted	not_admitted	not_admitted	not_admitted	not_admitted	not_admitted	not_admitted
NZ_MH061383.1	MPF_F	IncFII;IncR	137	1	1	GA	1	111;99967;100476;-;77.3	40;44742;45035;-;28.7	39;44375;44692;-;63.3	38;41775;44375;-;111.8	38;41775;44375;-;76.8	37;41044;41757;-;97.1	35;39753;40793;-;153.6		34;38836;39534;-;131.9	33;37941;38825;-;159.0	32;36781;37941;-;154.9	31;35744;36739;-;81.2	6;7338;9491;+;31.4	130;113424;115232;+;268.3	pfam	both	A	7/7	canonical	1	0	unscoreable	19	0	1	128;111788;112780;+;367.3	2;1589;2962;+;374.3	132;115509;116252;+;234.1	125;108152;110779;+;305.4	3;2959;5775;+;387.9	32;36781;37941;-;154.9	125;108152;110779;+;99.1	117;103389;103955;+;183.8	129;112789;113427;+;67.3	130;113424;115232;+;268.3	6;7338;9491;+;391.1	123;107121;107636;+;77.3	6;7338;9491;+;69.2	A	9/9	split_3	113920	1	1	5808..6329+;173;unnamed;0
NZ_MH077952.1	MPF_F	IncHI2;IncHI2A	286	0	0	GA	0															not_admitted	not_admitted	not_admitted	not_admitted	not_admitted	not_admitted	not_admitted	not_admitted	not_admitted	not_admitted	1	241;216332;217390;+;276.9	120;107439;108854;-;194.1	121;108844;109890;-;174.3	225;195029;197710;+;168.0	119;103477;107430;-;100.7	218;188773;189606;+;35.3	225;195029;197710;+;72.2	212;185344;186132;+;74.9	239;214679;216190;+;62.0	242;217409;220597;+;57.3	128;116932;119016;+;56.8	224;194070;195020;+;46.1	128;116932;119016;+;38.8	A	9/9	split_2	113932	1	1	102007..103296-;429;unnamed;0
NZ_MH094148.1	MPF_T	IncX3	57	0	0	GA	1	12;8322;8966;+;46.4	13;8950;9240;+;73.1	14;9265;12018;+;47.0	14;9265;12018;+;142.4	14;9265;12018;+;73.3	15;12028;12798;+;60.1	17;13077;14132;+;133.2		18;14327;15055;+;119.4	19;15061;15990;+;138.8	20;15987;17201;+;128.3	22;17397;18431;+;65.7	23;18434;20269;+;495.9		pfam	pfam_only	A	7/7	canonical	1	1	unscoreable	2	0	0														not_admitted	not_admitted	not_admitted	not_admitted	not_admitted	not_admitted	not_admitted
NZ_MH105050.1	MPF_F	IncC;IncX3	266	1	1	GA	1	225;181546;182190;+;46.4	226;182174;182464;+;73.1	227;182489;185242;+;47.0	227;182489;185242;+;142.4	227;182489;185242;+;73.3	228;185252;186022;+;60.1	230;186301;187356;+;133.2		231;187551;188279;+;119.4	232;188312;189214;+;138.9	51;37921;39237;+;135.0	235;190621;191655;+;65.7	236;191658;193493;+;495.9	66;57554;60349;+;145.3	pfam	pfam_only	A	7/7	canonical	1	1	unscoreable	2	0	1	65;56431;57438;+;332.9	156;135996;137429;+;339.2	155;134966;135994;+;221.7	60;51232;53679;+;354.2	157;137442;141056;+;375.3	51;37921;39237;+;135.0	60;51232;53679;+;128.6	49;36397;37023;+;92.1	63;54501;55766;+;67.6	66;57554;60349;+;145.3	236;191658;193493;+;64.4	52;39234;39812;+;100.2	236;191658;193493;+;88.7	A	9/9	split_3	155261	0	1	
NZ_MH105051.1	MPF_F	IncHI2;IncHI2A	306	0	0	GA	0															not_admitted	not_admitted	not_admitted	not_admitted	not_admitted	not_admitted	not_admitted	not_admitted	not_admitted	not_admitted	1	4;7397;8455;-;276.9	135;126500;127915;+;194.1	134;125464;126510;+;173.7	21;28028;30709;-;168.0	136;127924;131874;+;101.6	25;33039;34394;-;80.7	21;28028;30709;-;72.2	28;36118;36906;-;74.8	6;8597;10108;-;62.7	3;4190;7378;-;58.3	128;116339;118423;-;56.7	22;30718;31668;-;46.4	128;116339;118423;-;38.8	A	9/9	split_2	123734	0	1	
NZ_MH105052.1	MPF_T	IncX3	66	0	0	GA	1	53;43795;44439;-;46.4	52;43521;43811;-;73.1	51;40743;43496;-;47.0	51;40743;43496;-;142.4	51;40743;43496;-;73.3	50;39963;40733;-;60.1	48;38629;39684;-;133.2		47;37706;38434;-;119.4	46;36771;37700;-;138.8	45;35560;36774;-;128.3	43;34330;35364;-;65.7	42;32492;34327;-;495.9		pfam	pfam_only	A	7/7	canonical	1	1	unscoreable	2	0	0														not_admitted	not_admitted	not_admitted	not_admitted	not_admitted	not_admitted	not_admitted
NZ_MH107030.1	MPF_T	IncX3	69	0	0	GA	1	21;12951;13595;+;46.4	22;13579;13869;+;73.1	23;13894;16647;+;47.0	23;13894;16647;+;142.4	23;13894;16647;+;73.3	24;16657;17427;+;60.1	26;17706;18761;+;133.2		27;18956;19684;+;119.4	28;19690;20619;+;138.8	29;20616;21830;+;128.3	31;22026;23060;+;65.7	32;23063;24898;+;495.9		pfam	pfam_only	A	7/7	canonical	1	1	unscoreable	2	0	0														not_admitted	not_admitted	not_admitted	not_admitted	not_admitted	not_admitted	not_admitted
NZ_MH113855.1	MPF_F	IncC	197	0	0	GA	0															not_admitted	not_admitted	not_admitted	not_admitted	not_admitted	not_admitted	not_admitted	not_admitted	not_admitted	not_admitted	1	91;69510;70517;+;332.9	186;152614;154047;+;339.2	185;151584;152612;+;221.7	86;64311;66758;+;354.5	187;154060;157674;+;375.3	81;55439;56755;+;135.0	86;64311;66758;+;128.3	79;53915;54541;+;92.7	89;67580;68845;+;67.9	92;70633;73431;+;145.3	70;48240;50105;+;47.4	82;56752;57330;+;100.2	70;48240;50105;+;52.0	A	9/9	split_2	105820	0	1	
NZ_MH114596.1	MPF_F	IncHI2;IncHI2A	233	0	0	GA	0															not_admitted	not_admitted	not_admitted	not_admitted	not_admitted	not_admitted	not_admitted	not_admitted	not_admitted	not_admitted	1	27;31208;32266;+;276.9			11;8955;11636;+;168.0		7;5270;6625;+;80.7	11;8955;11636;+;72.2	4;2758;3546;+;74.8	25;29555;31066;+;62.0	28;32285;35473;+;57.3		10;7996;8946;+;46.1		C	6/9	split_2	29527	0	1	
NZ_MH121702.1	MPF_T	IncX1;IncX3	56	0	0	GA	1	42;40258;40905;-;45.2	41;39984;40280;-;77.5	40;37212;39965;-;47.3	40;37212;39965;-;148.0	40;37212;39965;-;73.5	39;36443;37201;-;67.3	37;35016;36146;-;103.0		36;34057;34770;-;120.0	35;33123;34052;-;134.9	34;31921;33126;-;133.4	33;30888;31919;-;77.9	32;29050;30885;-;488.6		pfam	pfam_only	A	7/7	canonical	1	1	unscoreable	1	0	0														not_admitted	not_admitted	not_admitted	not_admitted	not_admitted	not_admitted	not_admitted
NZ_MH121703.1	MPF_T	IncX2	50	0	0	GA	1	38;32258;32902;-;47.1	37;31984;32274;-;73.5	36;29201;31960;-;44.8	36;29201;31960;-;133.3	36;29201;31960;-;71.9	35;28462;29199;-;57.5	33;27125;28180;-;131.7		32;26213;26935;-;116.0	31;25278;26207;-;133.3	30;24067;25281;-;128.6	29;23012;24049;-;66.4	28;21172;23007;-;543.4		pfam	pfam_only	A	7/7	canonical	1	1	unscoreable	1	0	0														not_admitted	not_admitted	not_admitted	not_admitted	not_admitted	not_admitted	not_admitted
NZ_MH128771.1	MPF_F	IncHI2;IncHI2A	252	0	0	GA	0															not_admitted	not_admitted	not_admitted	not_admitted	not_admitted	not_admitted	not_admitted	not_admitted	not_admitted	not_admitted	1	106;93286;94344;-;276.9	220;199980;201395;+;194.1	219;198944;199990;+;174.3	123;115254;117935;-;168.0	221;201404;205357;+;101.6	127;120265;121620;-;80.7	123;115254;117935;-;72.2	130;123344;124132;-;74.8	108;94486;95997;-;62.0	105;90079;93267;-;57.3	212;189818;191902;-;56.8	124;117944;118894;-;46.1	212;189818;191902;-;38.8	A	9/9	split_3	111325	1	1	205538..206827+;429;unnamed;0
NZ_MH143074.1	MPF_T	IncX3	62	0	0	GA	1	32;29107;29649;-;47.2	31;28732;29022;-;73.1	30;25954;28707;-;47.0	30;25954;28707;-;142.4	30;25954;28707;-;73.3	29;25174;25944;-;60.1	27;23840;24895;-;133.2		26;22917;23645;-;119.4	25;21982;22911;-;138.8	24;20771;21985;-;128.3	22;19541;20575;-;65.7	21;17703;19538;-;495.9		pfam	pfam_only	A	7/7	canonical	1	1	unscoreable	2	0	0														not_admitted	not_admitted	not_admitted	not_admitted	not_admitted	not_admitted	not_admitted
NZ_MH143576.1	MPF_T	IncX4	41	0	0	GA	1	28;20841;21461;+;41.6	29;21475;21801;+;64.4	30;21820;24567;+;63.8	30;21820;24567;+;151.8	30;21820;24567;+;46.1	31;24579;25295;+;94.2	32;25307;26401;+;150.1		34;26916;27602;+;169.0	35;27599;28507;+;142.4	36;28500;29618;+;163.9	37;29620;30648;+;85.0	38;30635;32497;+;314.7		pfam	pfam_only	A	7/7	canonical	1	1	unscoreable	1	0	0														not_admitted	not_admitted	not_admitted	not_admitted	not_admitted	not_admitted	not_admitted
NZ_MH161191.1	MPF_T	IncX3	58	0	0	GA	1	27;24930;25574;-;46.4	26;24656;24946;-;73.1	25;21878;24631;-;47.0	25;21878;24631;-;142.4	25;21878;24631;-;73.3	24;21098;21868;-;60.1	22;19764;20819;-;133.2		21;18841;19569;-;119.4	20;17906;18835;-;138.8	19;16695;17909;-;128.3	17;15465;16499;-;65.7	16;13627;15462;-;495.9		pfam	pfam_only	A	7/7	canonical	1	1	unscoreable	2	0	0														not_admitted	not_admitted	not_admitted	not_admitted	not_admitted	not_admitted	not_admitted
NZ_MH161192.1	MPF_F	IncFIB(AP001918);IncFII	127	0	0	GA	0															not_admitted	not_admitted	not_admitted	not_admitted	not_admitted	not_admitted	not_admitted	not_admitted	not_admitted	not_admitted	1	50;38536;39528;+;369.3	58;44263;45636;+;381.0	54;42299;43042;+;235.0	47;34897;37527;+;303.5	59;45633;48455;+;388.9	36;27007;28434;+;94.7	47;34897;37527;+;98.5	34;25726;26292;+;183.8	51;39537;40175;+;68.7	52;40172;42022;+;265.1	63;50730;52901;+;391.8	39;29318;29833;+;76.4	63;50730;52901;+;70.4	A	9/9	contiguous	25004	1	1	48477..48956+;159;TraS;0
NZ_MH176237.1	MPF_T	IncI2(Delta)	76	0	0	GA	1	36;32929;33411;-;81.1		51;49018;49302;-;36.6	50;46655;49012;-;58.5	50;46655;49012;-;44.9	60;54114;54758;-;41.0	61;54764;55759;-;123.9		48;45755;46489;-;144.3	47;44988;45758;-;170.5	46;43859;44998;-;154.7	39;35190;36728;-;207.1	44;40811;42769;-;289.6		pfam	pfam_only	A	7/7	rearranged	1	0	unscoreable	14	0	0														not_admitted	not_admitted	not_admitted	not_admitted	not_admitted	not_admitted	not_admitted
NZ_MH179305.1	MPF_F	IncHI2;IncHI2A;IncN	265	0	0	GA	0															not_admitted	not_admitted	not_admitted	not_admitted	not_admitted	not_admitted	not_admitted	not_admitted	not_admitted	not_admitted	1	92;79793;80851;-;276.9			108;100423;103104;-;168.0		112;105434;106789;-;80.7	108;100423;103104;-;72.2	183;170746;171534;+;74.8	94;80993;82504;-;62.0	91;76586;79774;-;57.3		109;103113;104063;-;46.1		C	6/9	split_2	94160	0	1	
NZ_MH192342.1	MPF_F	IncFII(Yp)	109	0	0	GA	0															not_admitted	not_admitted	not_admitted	not_admitted	not_admitted	not_admitted	not_admitted	not_admitted	not_admitted	not_admitted	1	83;66414;67406;+;372.3	93;73039;74409;+;383.1	90;71518;72270;+;222.2	80;62752;65391;+;258.9	94;74409;77264;+;333.3	73;58221;59642;+;88.0	80;62752;65391;+;88.4	71;56934;57500;+;161.7	84;67419;68045;+;68.3	85;68042;69997;+;254.7	97;79009;81327;+;390.7	75;60254;60823;+;55.7	97;79009;81327;+;66.8	A	9/9	contiguous	22075	1	1	77281..77952+;223;unnamed;0
NZ_MH202955.1	MPF_F	IncFIB(AP001918);IncFIC(FII)	139	0	0	GA	0															not_admitted	not_admitted	not_admitted	not_admitted	not_admitted	not_admitted	not_admitted	not_admitted	not_admitted	not_admitted	1	91;84035;85027;-;369.3	80;76976;78349;-;378.0	87;80563;81306;-;234.1	94;86036;88663;-;305.4	79;74157;76979;-;383.2	100;90718;92145;-;94.3	94;86036;88663;-;98.5	102;92860;93426;-;183.8	90;83388;84026;-;68.4	89;81583;83391;-;268.4	76;70475;72628;-;391.9	96;89179;89694;-;78.4	76;70475;72628;-;70.4	A	9/9	contiguous	22385	1	1	73644..74135-;163;TraS;0
NZ_MH202956.1	MPF_T	IncI2(Delta)	72	0	0	GA	1	2;1957;2439;-;81.1		17;18018;18302;-;36.6	16;15655;18012;-;58.5	16;15655;18012;-;44.9	26;23114;23758;-;41.0	27;23764;24759;-;123.9		14;14755;15489;-;144.3	13;13988;14758;-;170.5	12;12859;13998;-;154.7	5;4208;5746;-;207.1	10;9811;11769;-;289.6		pfam	pfam_only	A	7/7	rearranged	1	0	unscoreable	14	0	0														not_admitted	not_admitted	not_admitted	not_admitted	not_admitted	not_admitted	not_admitted
NZ_MH208235.1	MPF_F	IncHI2;IncHI2A	251	0	0	GA	0															not_admitted	not_admitted	not_admitted	not_admitted	not_admitted	not_admitted	not_admitted	not_admitted	not_admitted	not_admitted	1	211;179202;180260;-;276.9	75;59715;61130;+;194.1	74;58679;59725;+;174.3	227;199585;202266;-;168.0	76;61139;65092;+;101.6	231;204596;205951;-;80.7	227;199585;202266;-;72.2	234;207675;208463;-;74.8	213;180402;181913;-;62.0	210;175995;179183;-;57.3	65;48763;50337;-;58.2	228;202275;203225;-;46.1	65;48763;50337;-;39.5	A	9/9	split_2	158912	1	1	65273..66562+;429;unnamed;0
NZ_MH213345.1	MPF_F	IncFII	84	0	0	GA	0															not_admitted	not_admitted	not_admitted	not_admitted	not_admitted	not_admitted	not_admitted	not_admitted	not_admitted	not_admitted	1	60;55039;56031;+;369.3	69;61091;62464;+;381.0	64;58729;59502;+;234.0	57;51400;54030;+;303.5	70;62461;65286;+;386.0	50;46695;48122;+;94.3	57;51400;54030;+;98.5	48;45414;45980;+;183.8	61;56040;56678;+;68.7	62;56675;58483;+;268.0	73;66790;69006;+;391.7	54;49250;49765;+;78.6	73;66790;69006;+;70.3	A	9/9	contiguous	21376	1	1	65283..65792+;169;unnamed;0
NZ_MH213346.1	MPF_T	IncI2	85	0	0	GA	1	47;37557;38039;-;81.1		63;53634;53918;-;36.6	62;51745;53628;-;58.7	62;51745;53628;-;43.2	75;59371;60012;-;42.8	76;60018;61013;-;128.5		59;50372;51106;-;144.3	58;49605;50375;-;170.5	57;48476;49615;-;154.7	50;39807;41345;-;207.1	55;45428;47386;-;289.6		pfam	pfam_only	A	7/7	rearranged	1	0	unscoreable	18	1	0														not_admitted	not_admitted	not_admitted	not_admitted	not_admitted	not_admitted	not_admitted
NZ_MH220284.1	MPF_F	IncA	202	0	0	GA	0															not_admitted	not_admitted	not_admitted	not_admitted	not_admitted	not_admitted	not_admitted	not_admitted	not_admitted	not_admitted	1	69;53595;54599;+;330.1	190;153638;155071;+;336.4	189;152596;153636;+;223.9	64;48390;50837;+;352.8	191;155084;158689;+;377.7	59;39563;40879;+;136.3	64;48390;50837;+;130.4	57;38039;38665;+;93.9	67;51659;52927;+;69.6	70;54750;57488;+;138.7	48;32384;34249;+;46.9	60;40876;41454;+;98.1	48;32384;34249;+;51.6	A	9/9	split_2	122700	0	1	
NZ_MH229869.1	MPF_T	IncX1	43	0	0	GA	1	14;6765;7409;+;47.1	15;7393;7683;+;73.5	16;7707;10466;+;44.8	16;7707;10466;+;133.3	16;7707;10466;+;71.9	17;10468;11205;+;57.5	19;11487;12542;+;131.7		20;12732;13454;+;116.0	21;13460;14389;+;132.4	22;14386;15600;+;128.6	23;15618;16655;+;66.4	24;16660;18495;+;543.4		pfam	pfam_only	A	7/7	canonical	1	1	unscoreable	1	0	0														not_admitted	not_admitted	not_admitted	not_admitted	not_admitted	not_admitted	not_admitted
NZ_MH234497.1	MPF_T	IncX3	58	0	0	GA	1	45;38024;38668;-;46.4	44;37750;38040;-;73.1	43;34972;37725;-;47.0	43;34972;37725;-;142.4	43;34972;37725;-;73.3	42;34192;34962;-;60.1	40;32858;33913;-;133.2		39;31935;32663;-;119.4	38;31000;31929;-;138.8	37;29789;31003;-;128.3	35;28559;29593;-;65.7	34;26721;28556;-;495.9		pfam	pfam_only	A	7/7	canonical	1	1	unscoreable	2	0	0														not_admitted	not_admitted	not_admitted	not_admitted	not_admitted	not_admitted	not_admitted
NZ_MH234498.1	MPF_T	IncX3	58	0	0	GA	1	45;38024;38668;-;46.4	44;37750;38040;-;73.1	43;34972;37725;-;47.0	43;34972;37725;-;142.4	43;34972;37725;-;73.3	42;34192;34962;-;60.1	40;32858;33913;-;133.2		39;31935;32663;-;119.4	38;31000;31929;-;138.8	37;29789;31003;-;128.3	35;28559;29593;-;65.7	34;26721;28556;-;495.9		pfam	pfam_only	A	7/7	canonical	1	1	unscoreable	2	0	0														not_admitted	not_admitted	not_admitted	not_admitted	not_admitted	not_admitted	not_admitted
NZ_MH234499.1	MPF_T	IncX3	60	0	0	GA	1	45;38024;38668;-;46.4	44;37750;38040;-;73.1	43;34972;37725;-;47.0	43;34972;37725;-;142.4	43;34972;37725;-;73.3	42;34192;34962;-;60.1	40;32858;33913;-;133.2		39;31935;32663;-;119.4	38;31000;31929;-;138.8	37;29789;31003;-;128.3	35;28559;29593;-;65.7	34;26721;28556;-;495.9		pfam	pfam_only	A	7/7	canonical	1	1	unscoreable	2	0	0														not_admitted	not_admitted	not_admitted	not_admitted	not_admitted	not_admitted	not_admitted
NZ_MH234500.1	MPF_T	IncX3	58	0	0	GA	1	45;38024;38668;-;46.4	44;37750;38040;-;73.1	43;34972;37725;-;47.0	43;34972;37725;-;142.4	43;34972;37725;-;73.3	42;34192;34962;-;60.1	40;32858;33913;-;133.2		39;31935;32663;-;119.4	38;31000;31929;-;138.8	37;29789;31003;-;128.3	35;28559;29593;-;65.7	34;26721;28556;-;495.9		pfam	pfam_only	A	7/7	canonical	1	1	unscoreable	2	0	0														not_admitted	not_admitted	not_admitted	not_admitted	not_admitted	not_admitted	not_admitted
NZ_MH234501.1	MPF_T	IncX3	58	0	0	GA	1	45;38024;38668;-;46.4	44;37750;38040;-;73.1	43;34972;37725;-;47.0	43;34972;37725;-;142.4	43;34972;37725;-;73.3	42;34192;34962;-;60.1	40;32858;33913;-;133.2		39;31935;32663;-;119.4	38;31000;31929;-;138.8	37;29789;31003;-;128.3	35;28559;29593;-;65.7	34;26721;28556;-;495.9		pfam	pfam_only	A	7/7	canonical	1	1	unscoreable	2	0	0														not_admitted	not_admitted	not_admitted	not_admitted	not_admitted	not_admitted	not_admitted
NZ_MH234502.1	MPF_T	IncX3	58	0	0	GA	1	45;37410;38054;-;46.4	44;37136;37426;-;73.1	43;34358;37111;-;47.0	43;34358;37111;-;142.4	43;34358;37111;-;73.3	42;33578;34348;-;60.1	40;32244;33299;-;133.2		39;31321;32049;-;119.4	38;30386;31315;-;138.8	37;29175;30389;-;128.3	35;27945;28979;-;65.7	34;26107;27942;-;495.9		pfam	pfam_only	A	7/7	canonical	1	1	unscoreable	2	0	0														not_admitted	not_admitted	not_admitted	not_admitted	not_admitted	not_admitted	not_admitted
NZ_MH234503.1	MPF_T	IncX3	58	0	0	GA	1	45;38024;38668;-;46.4	44;37750;38040;-;73.1	43;34972;37725;-;47.0	43;34972;37725;-;142.4	43;34972;37725;-;73.3	42;34192;34962;-;60.1	40;32858;33913;-;133.2		39;31935;32663;-;119.4	38;31000;31929;-;138.8	37;29789;31003;-;128.3	35;28559;29593;-;65.7	34;26721;28556;-;495.9		pfam	pfam_only	A	7/7	canonical	1	1	unscoreable	2	0	0														not_admitted	not_admitted	not_admitted	not_admitted	not_admitted	not_admitted	not_admitted
NZ_MH234504.1	MPF_T	IncX3	58	0	0	GA	1	45;38024;38668;-;46.4	44;37750;38040;-;73.1	43;34972;37725;-;47.0	43;34972;37725;-;142.4	43;34972;37725;-;73.3	42;34192;34962;-;60.1	40;32858;33913;-;133.2		39;31935;32663;-;119.4	38;31000;31929;-;138.8	37;29789;31003;-;128.3	35;28559;29593;-;65.7	34;26721;28556;-;495.9		pfam	pfam_only	A	7/7	canonical	1	1	unscoreable	2	0	0														not_admitted	not_admitted	not_admitted	not_admitted	not_admitted	not_admitted	not_admitted
NZ_MH234505.1	MPF_T	IncX3	67	0	0	GA	1	54;45101;45745;-;46.4	53;44827;45117;-;73.1	52;42049;44802;-;47.0	52;42049;44802;-;142.4	52;42049;44802;-;73.3	51;41269;42039;-;60.1	49;39935;40990;-;133.2		48;39012;39740;-;119.4	47;38077;39006;-;138.8	46;36866;38080;-;128.3	44;35636;36670;-;65.7	43;33798;35633;-;495.9		pfam	pfam_only	A	7/7	canonical	1	1	unscoreable	2	0	0														not_admitted	not_admitted	not_admitted	not_admitted	not_admitted	not_admitted	not_admitted
NZ_MH234506.1	MPF_T	IncX3	58	0	0	GA	1	45;38024;38668;-;46.4	44;37750;38040;-;73.1	43;34972;37725;-;47.0	43;34972;37725;-;142.4	43;34972;37725;-;73.3	42;34192;34962;-;60.1	40;32858;33913;-;133.2		39;31935;32663;-;119.4	38;31000;31929;-;138.8	37;29789;31003;-;128.3	35;28559;29593;-;65.7	34;26721;28556;-;495.9		pfam	pfam_only	A	7/7	canonical	1	1	unscoreable	2	0	0														not_admitted	not_admitted	not_admitted	not_admitted	not_admitted	not_admitted	not_admitted
NZ_MH234507.1	MPF_T	IncX3	58	0	0	GA	1	45;38024;38668;-;46.4	44;37750;38040;-;73.1	43;34972;37725;-;47.0	43;34972;37725;-;142.4	43;34972;37725;-;73.3	42;34192;34962;-;60.1	40;32858;33913;-;133.2		39;31935;32663;-;119.4	38;31000;31929;-;138.8	37;29789;31003;-;128.3	35;28559;29593;-;65.7	34;26721;28556;-;495.9		pfam	pfam_only	A	7/7	canonical	1	1	unscoreable	2	0	0														not_admitted	not_admitted	not_admitted	not_admitted	not_admitted	not_admitted	not_admitted
NZ_MH234508.1	MPF_T	IncX3	58	0	0	GA	1	45;38024;38668;-;46.4	44;37750;38040;-;73.1	43;34972;37725;-;47.0	43;34972;37725;-;142.4	43;34972;37725;-;73.3	42;34192;34962;-;60.1	40;32858;33913;-;133.2		39;31935;32663;-;119.4	38;31000;31929;-;138.8	37;29789;31003;-;128.3	35;28559;29593;-;65.7	34;26721;28556;-;495.9		pfam	pfam_only	A	7/7	canonical	1	1	unscoreable	2	0	0														not_admitted	not_admitted	not_admitted	not_admitted	not_admitted	not_admitted	not_admitted
NZ_MH234509.1	MPF_T	IncX3	61	0	0	GA	1	48;39337;39981;-;46.4	47;39063;39353;-;73.1	46;36285;39038;-;47.0	46;36285;39038;-;142.4	46;36285;39038;-;73.3	45;35505;36275;-;60.1	43;34171;35226;-;133.2		42;33248;33976;-;119.4	41;32313;33242;-;138.8	40;31102;32316;-;128.3	38;29872;30906;-;65.7	37;28034;29869;-;495.9		pfam	pfam_only	A	7/7	canonical	1	1	unscoreable	2	0	0														not_admitted	not_admitted	not_admitted	not_admitted	not_admitted	not_admitted	not_admitted
NZ_MH236906.1	-	IncX6	62	0	0	GA	1	44;34344;34973;-;45.3	43;34033;34326;-;50.5	42;31254;34019;-;58.7	42;31254;34019;-;129.2	42;31254;34019;-;55.1	41;30502;31242;-;110.2	39;28985;30043;-;122.9		38;28095;28781;-;167.1	37;27178;28098;-;144.2	36;25889;27178;-;131.5	35;24854;25885;-;79.6	34;23041;24867;-;384.8		pfam	pfam_only	A	7/7	canonical	1	1	unscoreable	1	0	0														not_admitted	not_admitted	not_admitted	not_admitted	not_admitted	not_admitted	not_admitted
NZ_MH255829.1	MPF_F	IncFII(pHN7A8)	114	0	0	GA	0															not_admitted	not_admitted	not_admitted	not_admitted	not_admitted	not_admitted	not_admitted	not_admitted	not_admitted	not_admitted	1	86;71756;72748;+;369.5	99;79581;80954;+;376.8	94;77272;78015;+;234.4	83;68120;70747;+;301.8	100;80951;83767;+;376.7	78;64638;66065;+;94.1	83;68120;70747;+;101.8	76;63357;63923;+;183.8	89;73694;74332;+;70.4	92;75145;76995;+;265.0	104;86068;88284;+;391.7	82;67089;67604;+;77.6	104;86068;88284;+;70.3	A	9/9	contiguous	22711	1	1	83800..84321+;173;unnamed;0
NZ_MH257753.1	MPF_F	IncFII(pCoo)	113	0	0	GA	0															not_admitted	not_admitted	not_admitted	not_admitted	not_admitted	not_admitted	not_admitted	not_admitted	not_admitted	not_admitted	1	20;22313;23305;-;369.3	9;14890;16263;-;381.0	14;17853;18596;-;231.8	23;24314;26941;-;306.8	8;12071;14893;-;389.2	28;28988;30415;-;94.3	23;24314;26941;-;98.5	30;31130;31696;-;183.8	17;20678;21316;-;68.5	16;18873;20681;-;267.9	4;7619;9799;-;391.8	24;27457;27972;-;78.4	4;7619;9799;-;70.3	A	9/9	contiguous	23511	1	1	11553..12050-;165;TraS;0
NZ_MH257956.1	MPF_F	IncFII	89	0	0	GA	0															not_admitted	not_admitted	not_admitted	not_admitted	not_admitted	not_admitted	not_admitted	not_admitted	not_admitted	not_admitted	1	65;51454;52446;+;369.5	75;58225;59598;+;381.7	70;55552;56295;+;234.4	62;47815;50445;+;304.1	76;59595;62417;+;374.0	54;42962;44413;+;94.2	62;47815;50445;+;96.8	52;41681;42247;+;174.3	67;52790;53428;+;68.6	68;53425;55275;+;266.1	80;64689;66968;+;391.0	57;45273;45788;+;78.4	80;64689;66968;+;70.3	A	9/9	contiguous	23008	1	1	62439..62918+;159;TraS;0
NZ_MH263652.1	MPF_F	IncC	166	0	0	GA	0															not_admitted	not_admitted	not_admitted	not_admitted	not_admitted	not_admitted	not_admitted	not_admitted	not_admitted	not_admitted	1	94;71322;72329;+;332.9	155;123566;124999;+;339.2	154;122536;123564;+;221.7	89;66123;68570;+;354.2	156;125012;128626;+;375.3	80;52812;54128;+;135.0	89;66123;68570;+;128.6	78;51288;51914;+;92.1	92;69392;70657;+;67.6	95;72445;75240;+;145.3	69;45613;47478;+;47.4	81;54125;54703;+;100.2	69;45613;47478;+;52.0	A	9/9	split_2	79399	0	1	
NZ_MH263653.1	MPF_F	IncFII(pHN7A8);IncR	165	0	0	GA	0															not_admitted	not_admitted	not_admitted	not_admitted	not_admitted	not_admitted	not_admitted	not_admitted	not_admitted	not_admitted	1	63;49969;50961;+;369.5			60;46333;48960;+;301.8		55;42851;44278;+;94.1	60;46333;48960;+;101.8	53;41570;42136;+;183.8	66;51907;52437;+;68.4		60;46333;48960;+;20.8	59;45302;45817;+;77.6		D	5/9	contiguous	10337	0	0	
NZ_MH271383.1	MPF_T	IncI2	76	0	0	GA	1	71;55745;56227;+;81.1		56;39865;40149;+;36.6	57;40155;42512;+;58.5	57;40155;42512;+;42.8	44;33771;34412;+;42.8	43;32770;33765;+;128.5		59;42678;43412;+;144.3	60;43409;44179;+;170.5	61;44169;45308;+;154.7	68;52439;53977;+;207.1	63;46398;48356;+;289.6		pfam	pfam_only	A	7/7	rearranged	1	0	unscoreable	17	1	0														not_admitted	not_admitted	not_admitted	not_admitted	not_admitted	not_admitted	not_admitted
NZ_MH286945.1	MPF_T	IncX3	58	0	0	GA	1	45;38165;38809;-;46.4	44;37891;38181;-;73.1	43;35113;37866;-;47.0	43;35113;37866;-;142.4	43;35113;37866;-;73.3	42;34333;35103;-;60.1	40;32999;34054;-;133.2		39;32076;32804;-;119.4	38;31141;32070;-;138.8	37;29930;31144;-;128.3	35;28700;29734;-;65.7	34;26862;28697;-;495.9		pfam	pfam_only	A	7/7	canonical	1	1	unscoreable	2	0	0														not_admitted	not_admitted	not_admitted	not_admitted	not_admitted	not_admitted	not_admitted
NZ_MH286946.1	MPF_T	IncX3	57	0	0	GA	1	44;36966;37610;-;46.4	43;36692;36982;-;73.1	42;33914;36667;-;47.0	42;33914;36667;-;142.4	42;33914;36667;-;73.3	41;33134;33904;-;60.1	39;31800;32855;-;133.2		38;30877;31605;-;119.4	37;29942;30871;-;138.8	36;28731;29945;-;128.3	34;27501;28535;-;65.7	33;25663;27498;-;495.9		pfam	pfam_only	A	7/7	canonical	1	1	unscoreable	2	0	0														not_admitted	not_admitted	not_admitted	not_admitted	not_admitted	not_admitted	not_admitted
NZ_MH286947.1	MPF_T	IncX3	58	0	0	GA	1	45;38165;38809;-;46.4	44;37891;38181;-;73.1	43;35113;37866;-;47.0	43;35113;37866;-;142.4	43;35113;37866;-;73.3	42;34333;35103;-;60.1	40;32999;34054;-;133.2		39;32076;32804;-;119.4	38;31141;32070;-;138.8	37;29930;31144;-;128.3	35;28700;29734;-;65.7	34;26862;28697;-;495.9		pfam	pfam_only	A	7/7	canonical	1	1	unscoreable	2	0	0														not_admitted	not_admitted	not_admitted	not_admitted	not_admitted	not_admitted	not_admitted
NZ_MH286948.1	MPF_T	IncX3	58	0	0	GA	1	45;38165;38809;-;46.4	44;37891;38181;-;73.1	43;35113;37866;-;47.0	43;35113;37866;-;142.4	43;35113;37866;-;73.3	42;34333;35103;-;60.1	40;32999;34054;-;133.2		39;32076;32804;-;119.4	38;31141;32070;-;138.8	37;29930;31144;-;128.3	35;28700;29734;-;65.7	34;26862;28697;-;495.9		pfam	pfam_only	A	7/7	canonical	1	1	unscoreable	2	0	0														not_admitted	not_admitted	not_admitted	not_admitted	not_admitted	not_admitted	not_admitted
NZ_MH286949.1	MPF_T	IncX3	57	0	0	GA	1	44;37051;37695;-;46.4	43;36777;37067;-;73.1	42;33999;36752;-;47.0	42;33999;36752;-;142.4	42;33999;36752;-;73.3	41;33219;33989;-;60.1	39;31885;32940;-;133.2		38;30962;31690;-;119.4	37;30027;30956;-;138.8	36;28816;30030;-;128.3	34;27586;28620;-;65.7	33;25748;27583;-;495.9		pfam	pfam_only	A	7/7	canonical	1	1	unscoreable	2	0	0														not_admitted	not_admitted	not_admitted	not_admitted	not_admitted	not_admitted	not_admitted
NZ_MH286950.1	MPF_T	IncX3	57	0	0	GA	1	44;37051;37695;-;46.4	43;36777;37067;-;73.1	42;33999;36752;-;47.0	42;33999;36752;-;142.4	42;33999;36752;-;73.3	41;33219;33989;-;60.1	39;31885;32940;-;133.2		38;30962;31690;-;119.4	37;30027;30956;-;138.8	36;28816;30030;-;128.3	34;27586;28620;-;65.7	33;25748;27583;-;495.9		pfam	pfam_only	A	7/7	canonical	1	1	unscoreable	2	0	0														not_admitted	not_admitted	not_admitted	not_admitted	not_admitted	not_admitted	not_admitted
NZ_MH286951.1	MPF_T	IncX3	57	0	0	GA	1	44;37051;37695;-;46.4	43;36777;37067;-;73.1	42;33999;36752;-;47.0	42;33999;36752;-;142.4	42;33999;36752;-;73.3	41;33219;33989;-;60.1	39;31885;32940;-;133.2		38;30962;31690;-;119.4	37;30027;30956;-;138.8	36;28816;30030;-;128.3	34;27586;28620;-;65.7	33;25748;27583;-;495.9		pfam	pfam_only	A	7/7	canonical	1	1	unscoreable	2	0	0														not_admitted	not_admitted	not_admitted	not_admitted	not_admitted	not_admitted	not_admitted
NZ_MH286952.1	MPF_T	IncX3	57	0	0	GA	1	44;37051;37695;-;46.4	43;36777;37067;-;73.1	42;33999;36752;-;47.0	42;33999;36752;-;142.4	42;33999;36752;-;73.3	41;33219;33989;-;60.1	39;31885;32940;-;133.2		38;30962;31690;-;119.4	37;30027;30956;-;138.8	36;28816;30030;-;128.3	34;27586;28620;-;65.7	33;25748;27583;-;495.9		pfam	pfam_only	A	7/7	canonical	1	1	unscoreable	2	0	0														not_admitted	not_admitted	not_admitted	not_admitted	not_admitted	not_admitted	not_admitted
NZ_MH287084.1	MPF_F	IncHI2;IncHI2A	299	0	0	GA	0															not_admitted	not_admitted	not_admitted	not_admitted	not_admitted	not_admitted	not_admitted	not_admitted	not_admitted	not_admitted	1	27;30710;31768;+;276.9	197;185084;186499;-;194.1	198;186489;187535;-;174.3	11;8955;11636;+;168.0	196;181122;185075;-;101.6	272;246458;247618;-;154.9	11;8955;11636;+;72.2	4;2758;3546;+;74.8	25;29057;30568;+;62.0	28;31787;34975;+;57.3	205;194577;196661;+;56.8	10;7996;8946;+;46.1	205;194577;196661;+;38.8	A	9/9	split_4	243700	1	1	179652..180941-;429;unnamed;0
NZ_MH287085.1	MPF_F	IncHI2;IncHI2A	316	0	0	GA	0															not_admitted	not_admitted	not_admitted	not_admitted	not_admitted	not_admitted	not_admitted	not_admitted	not_admitted	not_admitted	1	30;32047;33105;+;276.9	197;184914;186329;-;194.1	198;186319;187365;-;174.3	11;8955;11636;+;168.0	196;180952;184905;-;101.6	283;256620;257780;+;154.9	11;8955;11636;+;72.2	4;2758;3546;+;74.8	28;30394;31905;+;62.0	31;33124;36312;+;57.3	205;194407;196491;+;56.8	10;7996;8946;+;46.1	205;194407;196491;+;38.8	A	9/9	split_4	253862	1	1	179482..180771-;429;unnamed;0
NZ_MH316133.1	MPF_F	IncFIA;IncFIB(AP001918);IncFII	147	0	0	GA	0															not_admitted	not_admitted	not_admitted	not_admitted	not_admitted	not_admitted	not_admitted	not_admitted	not_admitted	not_admitted	1	123;101853;102845;+;369.5	133;108624;109997;+;381.7	128;105951;106694;+;234.4	120;98214;100844;+;304.1	134;109994;112816;+;374.0	112;93361;94812;+;94.2	120;98214;100844;+;97.1	110;92080;92646;+;174.3	125;103189;103827;+;68.6	126;103824;105674;+;266.1	138;115088;117286;+;391.2	115;95672;96187;+;78.4	138;115088;117286;+;70.3	A	9/9	contiguous	23008	1	1	112838..113317+;159;TraS;0
NZ_MH316134.1	MPF_F	IncFIA;IncFIB(AP001918);IncFII	116	0	0	GA	0															not_admitted	not_admitted	not_admitted	not_admitted	not_admitted	not_admitted	not_admitted	not_admitted	not_admitted	not_admitted	1	92;75054;76046;+;369.5	102;81825;83198;+;381.7	97;79152;79895;+;234.4	89;71415;74045;+;304.1	103;83195;86017;+;374.0	81;66562;68013;+;94.2	89;71415;74045;+;96.9	79;65281;65847;+;174.3	94;76390;77028;+;68.6	95;77025;78875;+;266.1	107;88289;90487;+;391.2	84;68873;69388;+;78.4	107;88289;90487;+;70.3	A	9/9	contiguous	23008	1	1	86039..86518+;159;TraS;0
NZ_MH316135.1	MPF_F	IncFIA;IncFIB(AP001918);IncFII	149	0	0	GA	0															not_admitted	not_admitted	not_admitted	not_admitted	not_admitted	not_admitted	not_admitted	not_admitted	not_admitted	not_admitted	1	125;103574;104566;+;369.5	135;110345;111718;+;381.7	130;107672;108415;+;234.4	122;99935;102565;+;304.1	136;111715;114537;+;374.0	114;95082;96533;+;94.2	122;99935;102565;+;97.1	112;93801;94367;+;174.3	127;104910;105548;+;68.6	128;105545;107395;+;266.1	140;116809;119007;+;391.2	117;97393;97908;+;78.4	140;116809;119007;+;70.3	A	9/9	contiguous	23008	1	1	114559..115038+;159;TraS;0
NZ_MH316136.1	MPF_F	IncFIA;IncFIB(AP001918);IncFII	151	0	0	GA	0															not_admitted	not_admitted	not_admitted	not_admitted	not_admitted	not_admitted	not_admitted	not_admitted	not_admitted	not_admitted	1	127;104913;105905;+;369.5	137;111684;113057;+;381.7	132;109011;109754;+;234.4	124;101274;103904;+;304.1	138;113054;115876;+;374.0	114;95085;96536;+;94.2	124;101274;103904;+;97.1	112;93804;94370;+;174.3	129;106249;106887;+;68.6	130;106884;108734;+;266.1	142;118148;120346;+;391.2	117;97396;97911;+;78.4	142;118148;120346;+;70.3	A	9/9	contiguous	24344	1	1	115898..116377+;159;TraS;0
NZ_MH325468.1	MPF_F	IncA	199	0	0	GA	0															not_admitted	not_admitted	not_admitted	not_admitted	not_admitted	not_admitted	not_admitted	not_admitted	not_admitted	not_admitted	1	125;88237;89241;+;330.1	187;141128;142561;+;336.4	186;140086;141126;+;223.9	120;83032;85479;+;350.7	188;142574;146179;+;377.7	115;74205;75521;+;136.3	120;83032;85479;+;130.4	113;72681;73307;+;94.3	123;86301;87569;+;69.7	126;89392;92130;+;138.7	104;67026;68891;+;46.8	116;75518;76096;+;98.1	104;67026;68891;+;51.6	A	9/9	split_2	75548	0	1	
NZ_MH325469.1	MPF_F	IncA	277	0	0	GA	0															not_admitted	not_admitted	not_admitted	not_admitted	not_admitted	not_admitted	not_admitted	not_admitted	not_admitted	not_admitted	1	104;83735;84721;+;368.4	111;89017;90390;+;375.9	265;223743;224771;+;223.9	199;166677;169124;+;350.7	267;226219;229824;+;377.7	194;157850;159166;+;136.3	199;166677;169124;+;130.4	93;75406;75972;+;169.9	202;169946;171214;+;69.7	106;85364;87217;+;260.5	115;94658;96826;+;384.9	195;159163;159741;+;98.1	115;94658;96826;+;64.0	A	9/9	split_3	150813	0	1	
NZ_MH328006.1	MPF_T	-	55	0	0	GA	1	24;15448;16086;+;46.6	25;16073;16360;+;64.7	26;16379;19138;+;42.1	26;16379;19138;+;133.2	26;16379;19138;+;61.7	27;19195;19896;+;52.1	29;20175;21251;+;127.7		31;21378;22118;+;144.2	32;22123;23043;+;142.9	33;23040;24551;+;138.3	34;24553;25614;+;75.4	35;25616;27583;+;426.3		pfam	pfam_only	A	7/7	canonical	1	1	unscoreable	2	0	0														not_admitted	not_admitted	not_admitted	not_admitted	not_admitted	not_admitted	not_admitted
NZ_MH328008.1	MPF_T	IncX3	59	0	0	GA	1	4;2935;3579;+;46.4	5;3563;3853;+;73.1	6;3878;6631;+;47.0	6;3878;6631;+;142.4	6;3878;6631;+;73.3	7;6641;7411;+;60.1	9;7690;8745;+;133.2		10;8940;9668;+;119.4	11;9674;10603;+;138.8	12;10600;11814;+;128.3	14;12010;13044;+;65.7	15;13047;14882;+;495.9		pfam	pfam_only	A	7/7	canonical	1	1	unscoreable	2	0	0														not_admitted	not_admitted	not_admitted	not_admitted	not_admitted	not_admitted	not_admitted
NZ_MH329656.1	MPF_F	IncFII(pHN7A8)	83	0	0	GA	0															not_admitted	not_admitted	not_admitted	not_admitted	not_admitted	not_admitted	not_admitted	not_admitted	not_admitted	not_admitted	1	57;43382;44374;+;369.5	70;51207;52580;+;376.8	65;48898;49641;+;234.4	54;39746;42373;+;301.8	71;52577;55393;+;376.7	49;36264;37691;+;94.1	54;39746;42373;+;101.8	47;34983;35549;+;183.8	60;45320;45958;+;70.4	63;46771;48621;+;265.1	75;57694;59919;+;391.7	53;38715;39230;+;78.0	75;57694;59919;+;70.3	A	9/9	contiguous	22711	1	1	55426..55947+;173;unnamed;0
NZ_MH329870.1	MPF_F	IncHI2;IncHI2A	216	0	0	GA	0															not_admitted	not_admitted	not_admitted	not_admitted	not_admitted	not_admitted	not_admitted	not_admitted	not_admitted	not_admitted	1	27;31208;32266;+;276.5			11;8955;11636;+;168.0		7;5270;6625;+;80.7	11;8955;11636;+;72.2	4;2758;3546;+;74.8	25;29555;31066;+;62.0	28;32285;35473;+;57.3		10;7996;8946;+;46.1		C	6/9	split_2	29527	0	1	
NZ_MH341575.1	MPF_T	IncX3	58	0	0	GA	1	31;23989;24633;+;46.4	32;24617;24907;+;73.1	33;24932;27685;+;47.0	33;24932;27685;+;142.4	33;24932;27685;+;73.3	34;27695;28465;+;60.1	36;28744;29799;+;133.2		37;29994;30722;+;119.4	38;30728;31657;+;138.8	39;31654;32868;+;128.3	41;33064;34098;+;65.7	42;34101;35936;+;495.9		pfam	pfam_only	A	7/7	canonical	1	1	unscoreable	2	0	0														not_admitted	not_admitted	not_admitted	not_admitted	not_admitted	not_admitted	not_admitted
NZ_MH347484.1	MPF_T	IncX3	58	0	0	GA	1	24;14530;15174;+;46.4	25;15158;15448;+;73.1	26;15473;18226;+;47.0	26;15473;18226;+;142.4	26;15473;18226;+;73.3	27;18236;19006;+;60.1	29;19285;20340;+;133.2		30;20535;21263;+;119.4	31;21269;22198;+;138.8	32;22195;23409;+;128.3	34;23605;24639;+;65.7	35;24642;26477;+;495.9		pfam	pfam_only	A	7/7	canonical	1	1	unscoreable	2	0	0														not_admitted	not_admitted	not_admitted	not_admitted	not_admitted	not_admitted	not_admitted
NZ_MH349095.1	MPF_T	IncX3	68	0	0	GA	1	39;34768;35412;-;46.4	38;34494;34784;-;73.1	37;31716;34469;-;47.0	37;31716;34469;-;142.4	37;31716;34469;-;73.3	36;30936;31706;-;60.1	34;29602;30657;-;133.2		33;28679;29407;-;119.4	32;27744;28673;-;138.8	31;26533;27747;-;128.3	29;25303;26337;-;65.7	28;23465;25300;-;495.8		pfam	pfam_only	A	7/7	canonical	1	1	unscoreable	2	0	0														not_admitted	not_admitted	not_admitted	not_admitted	not_admitted	not_admitted	not_admitted
NZ_MH399264.1	MPF_F	IncHI2;IncHI2A	366	0	0	GA	0															not_admitted	not_admitted	not_admitted	not_admitted	not_admitted	not_admitted	not_admitted	not_admitted	not_admitted	not_admitted	1	77;79330;80388;+;276.9	286;258694;260109;+;194.1	285;257658;258704;+;173.7	59;56010;58691;+;168.0	287;260118;264068;+;101.6	55;52325;53680;+;80.7	59;56010;58691;+;72.2	52;49813;50601;+;74.8	75;77677;79188;+;62.7	78;80407;83595;+;58.3	279;248533;250617;-;56.7	58;55051;56001;+;46.4	279;248533;250617;-;38.8	A	9/9	split_3	210305	0	1	
NZ_MH401130.1	MPF_F	-	99	0	0	GA	0															not_admitted	not_admitted	not_admitted	not_admitted	not_admitted	not_admitted	not_admitted	not_admitted	not_admitted	not_admitted	1	86;56942;57985;+;369.2	91;61968;63395;+;325.8	89;60754;61566;+;219.1	82;52654;55380;+;164.6	92;63411;66413;+;208.7	78;49656;50972;+;102.7	82;52654;55380;+;108.4	76;48365;48943;+;83.7	87;58000;58707;+;107.6	88;58704;60761;+;91.0	52;30436;32595;+;381.3	81;52000;52644;+;41.9	52;30436;32595;+;90.0	A	9/9	contiguous	32975	1	1	66485..67003+;172;unnamed;0
NZ_MH401970.1	MPF_T	IncN	63	0	0	GA	1	47;38077;38811;-;32.5		44;37117;37434;-;63.3	43;34517;37117;-;113.8	43;34517;37117;-;76.4	42;33786;34499;-;105.5	40;32495;33535;-;142.4		39;31578;32276;-;131.9	38;30683;31567;-;159.7	37;29523;30683;-;156.3	36;28486;29481;-;81.2	22;13231;14760;+;38.5		pfam	both	A	7/7	canonical	1	0	unscoreable	3	0	0														not_admitted	not_admitted	not_admitted	not_admitted	not_admitted	not_admitted	not_admitted
NZ_MH450052.1	MPF_F	IncFII(pCoo)	90	0	0	GA	0															not_admitted	not_admitted	not_admitted	not_admitted	not_admitted	not_admitted	not_admitted	not_admitted	not_admitted	not_admitted	1	86;81458;82444;+;355.4	2;1322;2683;+;342.6	0;91;690;+;178.7	83;77774;80365;+;215.3	3;2685;3689;+;193.4	78;74821;76185;+;82.6	83;77774;80365;+;88.2	76;73541;74104;+;136.5	88;82820;83434;+;82.6	89;83431;85269;+;256.7	7;7185;9416;+;371.9	82;77164;77763;+;46.8	7;7185;9416;+;68.9	A	9/9	split_2	83340	1	1	3649..5574+;641;unnamed;0
NZ_MH450053.1	MPF_F	IncFII(pCoo)	85	0	0	GA	0															not_admitted	not_admitted	not_admitted	not_admitted	not_admitted	not_admitted	not_admitted	not_admitted	not_admitted	not_admitted	1	81;77380;78366;+;355.4	2;1322;2683;+;342.6	0;91;690;+;178.7	78;73696;76287;+;215.3	3;2685;5573;+;287.0	73;70743;72107;+;82.6	78;73696;76287;+;88.2	71;69463;70026;+;136.5	83;78742;79356;+;82.6	84;79353;81191;+;256.7	6;7184;9415;+;371.9	77;73086;73685;+;46.8	6;7184;9415;+;68.9	A	9/9	split_2	79262	1	1	5581..6159+;192;unnamed;0
NZ_MH454107.1	MPF_F	IncFIA;IncFII	145	0	0	GA	0															not_admitted	not_admitted	not_admitted	not_admitted	not_admitted	not_admitted	not_admitted	not_admitted	not_admitted	not_admitted	1	105;89915;90907;+;371.6	116;96592;97965;+;380.9	109;93636;94379;+;235.0	102;86279;88906;+;303.5	117;97962;100787;+;385.9	96;82693;84120;+;91.9	102;86279;88906;+;99.0	94;81412;81978;+;182.9	106;90916;91554;+;64.9	107;91551;93359;+;268.3	120;102291;104462;+;391.6	101;85248;85763;+;76.4	120;102291;104462;+;70.4	A	9/9	contiguous	20879	1	1	100784..101239+;151;unnamed;0
NZ_MH457126.1	MPF_F	IncC	203	0	0	GA	0															not_admitted	not_admitted	not_admitted	not_admitted	not_admitted	not_admitted	not_admitted	not_admitted	not_admitted	not_admitted	1	90;66838;67845;+;332.9	192;155904;157337;+;339.2	191;154874;155902;+;221.7	85;61639;64086;+;354.2	193;157350;160964;+;375.3	80;52812;54128;+;135.0	85;61639;64086;+;128.6	78;51288;51914;+;92.1	88;64908;66173;+;67.6	91;67961;70756;+;145.3	69;45613;47478;+;47.4	81;54125;54703;+;100.2	69;45613;47478;+;52.0	A	9/9	split_2	111737	0	1	
NZ_MH459020.1	MPF_F	IncHI2;IncHI2A;IncN	277	0	0	GA	0															not_admitted	not_admitted	not_admitted	not_admitted	not_admitted	not_admitted	not_admitted	not_admitted	not_admitted	not_admitted	1	234;206772;207830;-;276.9	69;58357;59772;+;194.1	68;57321;58367;+;174.3	250;227402;230083;-;168.0	70;59781;63734;+;101.7	254;232413;233768;-;80.7	250;227402;230083;-;72.2	257;235492;236280;-;74.8	236;207972;209483;-;62.0	233;203565;206753;-;57.3	61;48195;50279;-;56.8	251;230092;231042;-;46.1	61;48195;50279;-;38.8	A	9/9	split_2	187297	1	1	63915..65204+;429;unnamed;0
NZ_MH464586.1	MPF_F	IncFII(K);repB(R1701)	168	0	0	GA	0															not_admitted	not_admitted	not_admitted	not_admitted	not_admitted	not_admitted	not_admitted	not_admitted	not_admitted	not_admitted	1	72;71260;72249;-;366.6	62;64346;65713;-;384.0	66;66971;67723;-;233.7	76;73692;76331;-;258.5	61;61497;64346;-;346.4	83;79524;80948;-;89.2	76;73692;76331;-;88.2	85;81675;82241;-;169.3	71;70609;71247;-;66.9	70;68595;70550;-;259.7	57;56723;59035;-;393.1	82;78826;79410;-;53.6	57;56723;59035;-;66.6	A	9/9	contiguous	24952	1	1	60961..61494-;177;unnamed;0
NZ_MH475146.1	MPF_F	IncC	208	0	0	GA	0															not_admitted	not_admitted	not_admitted	not_admitted	not_admitted	not_admitted	not_admitted	not_admitted	not_admitted	not_admitted	1	54;48520;49527;-;332.9	147;119475;120908;-;339.2	148;120910;121950;-;221.6	59;52279;54726;-;354.0	146;115848;119462;-;375.3	64;62237;63553;-;135.8	59;52279;54726;-;128.6	66;64451;65077;-;92.1	56;50192;51457;-;67.2	53;45606;48404;-;145.3	75;68887;70752;-;47.4	63;61662;62240;-;100.2	75;68887;70752;-;52.0	A	9/9	split_2	75304	0	1	
NZ_MH476540.1	MPF_F	IncC	227	0	0	GA	0															not_admitted	not_admitted	not_admitted	not_admitted	not_admitted	not_admitted	not_admitted	not_admitted	not_admitted	not_admitted	1	157;127960;128967;+;332.9	226;180981;182246;+;339.6	9;7486;8514;+;221.7	152;122761;125208;+;354.5	11;9962;13576;+;375.3	74;51052;52212;+;156.3	152;122761;125208;+;128.3	145;112407;113033;+;92.7	155;126030;127295;+;67.9	158;129083;131881;+;145.3	136;106732;108597;+;47.3	148;115244;115822;+;100.2	136;106732;108597;+;52.0	A	9/9	split_4	173495	0	1	
NZ_MH477636.1	MPF_F	IncN;IncR;repB(R1701)	204	0	0	GA	0															not_admitted	not_admitted	not_admitted	not_admitted	not_admitted	not_admitted	not_admitted	not_admitted	not_admitted	not_admitted	1	62;56890;57879;-;366.6	52;49976;51343;-;384.0	56;52601;53353;-;233.7	66;59336;61975;-;258.5	51;47127;49976;-;346.4	73;64802;66226;-;89.3	66;59336;61975;-;88.7	75;66953;67519;-;169.3	61;56239;56877;-;66.9	60;54225;56180;-;259.4	47;42353;44665;-;393.1	72;64146;64730;-;54.7	47;42353;44665;-;66.6	A	9/9	contiguous	24600	1	1	46591..47124-;177;unnamed;0
NZ_MH491004.1	MPF_F	IncHI2;IncHI2A;IncN	276	0	0	GA	0															not_admitted	not_admitted	not_admitted	not_admitted	not_admitted	not_admitted	not_admitted	not_admitted	not_admitted	not_admitted	1	74;69169;70227;-;276.9	183;171842;173257;+;194.1	182;170806;171852;+;174.3	90;89799;92480;-;168.0	184;173266;177219;+;101.6	94;94810;96165;-;80.7	90;89799;92480;-;72.2	97;97889;98677;-;74.8	76;70369;71880;-;62.0	73;65962;69150;-;57.3	175;161680;163764;-;56.8	91;92489;93439;-;46.1	175;161680;163764;-;38.8	A	9/9	split_2	107304	1	1	177399..178379+;326;unnamed;0
NZ_MH491967.1	MPF_F	-	159	0	0	GA	0															not_admitted	not_admitted	not_admitted	not_admitted	not_admitted	not_admitted	not_admitted	not_admitted	not_admitted	not_admitted	1	133;115690;116745;+;269.2	145;128940;130349;+;230.0	144;127893;128924;+;213.9	129;111211;113697;+;211.5	146;130369;133602;+;215.1	126;108495;109787;+;117.6	129;111211;113697;+;113.3	124;106844;107497;+;92.3	132;114470;115690;+;45.5	148;134074;136845;+;119.2	118;102451;104364;+;20.5	127;109804;110316;+;68.8	118;102451;104364;+;24.6	A	9/9	contiguous	31623	0	1	
NZ_MH500845.1	MPF_T	IncX3	58	0	0	GA	1	45;38165;38809;-;46.4	44;37891;38181;-;73.1	43;35113;37866;-;47.0	43;35113;37866;-;142.4	43;35113;37866;-;73.3	42;34333;35103;-;60.1	40;32999;34054;-;133.2		39;32076;32804;-;119.4	38;31141;32070;-;138.8	37;29930;31144;-;128.3	35;28700;29734;-;65.7	34;26862;28697;-;495.9		pfam	pfam_only	A	7/7	canonical	1	1	unscoreable	2	0	0														not_admitted	not_admitted	not_admitted	not_admitted	not_admitted	not_admitted	not_admitted
NZ_MH507589.1	MPF_T	IncX1;IncX3	53	0	0	GA	1	33;25663;26310;+;44.2	34;26288;26584;+;77.5	35;26603;29356;+;47.3	35;26603;29356;+;148.0	35;26603;29356;+;73.5	36;29367;30125;+;65.1	38;30422;31552;+;103.0		39;31798;32511;+;120.0	40;32516;33445;+;134.9	41;33442;34647;+;133.4	42;34649;35680;+;77.9	43;35683;37518;+;488.6		pfam	pfam_only	A	7/7	canonical	1	1	unscoreable	1	0	0														not_admitted	not_admitted	not_admitted	not_admitted	not_admitted	not_admitted	not_admitted
NZ_MH522409.1	MPF_T	IncI2	82	0	0	GA	1	43;35106;35588;-;81.1		60;51178;51462;-;36.6	59;48815;51172;-;58.5	59;48815;51172;-;42.8	72;56914;57555;-;42.8	73;57561;58556;-;128.5		56;47917;48111;-;36.1	55;47150;47920;-;170.5	54;46021;47160;-;154.7	46;37356;37964;-;115.0	52;42976;44928;-;289.6		pfam	pfam_only	A	7/7	rearranged	1	0	unscoreable	18	1	0														not_admitted	not_admitted	not_admitted	not_admitted	not_admitted	not_admitted	not_admitted
NZ_MH522410.1	MPF_T	IncI2	77	0	0	GA	1	2;3923;4405;-;81.1		17;20001;20285;-;36.6	16;17638;19995;-;58.5	16;17638;19995;-;42.8	29;25738;26379;-;42.8	30;26385;27380;-;128.5		14;16738;17472;-;144.3	13;15971;16741;-;170.5	12;14842;15981;-;154.7	5;6173;7711;-;207.1	10;11794;13752;-;289.6		pfam	pfam_only	A	7/7	rearranged	1	0	unscoreable	17	1	0														not_admitted	not_admitted	not_admitted	not_admitted	not_admitted	not_admitted	not_admitted
NZ_MH522411.1	MPF_T	IncI2	83	0	0	GA	1	80;61867;62349;+;81.1		65;45987;46271;+;36.6	66;46277;48634;+;58.5	66;46277;48634;+;42.8	53;39893;40534;+;42.8	52;38892;39887;+;128.5		68;48800;49534;+;145.2	69;49531;50301;+;170.5	70;50291;51430;+;154.7	77;58561;60099;+;207.1	72;52520;54478;+;289.6		pfam	pfam_only	A	7/7	rearranged	1	0	unscoreable	17	1	0														not_admitted	not_admitted	not_admitted	not_admitted	not_admitted	not_admitted	not_admitted
NZ_MH522412.1	MPF_T	IncI2(Delta)	76	0	0	GA	1	1;1694;2176;-;81.1		18;17779;18063;-;36.6	16;15417;17105;-;38.2	17;17102;17773;-;48.0	28;22875;23519;-;41.0	29;23525;24520;-;123.9		14;14517;15251;-;144.3	13;13750;14520;-;170.5	12;12600;13760;-;130.5	5;3954;5492;-;207.1	10;9574;11532;-;289.6		pfam	pfam_only	A	7/7	rearranged	1	0	unscoreable	16	0	0														not_admitted	not_admitted	not_admitted	not_admitted	not_admitted	not_admitted	not_admitted
NZ_MH522413.1	MPF_F	IncHI2;IncHI2A	182	0	0	GA	0															not_admitted	not_admitted	not_admitted	not_admitted	not_admitted	not_admitted	not_admitted	not_admitted	not_admitted	not_admitted	1	91;80260;81318;-;276.9			139;124343;127024;+;168.0			139;124343;127024;+;72.2	130;118151;118939;+;74.8	93;81460;82971;-;62.0	90;77053;80241;-;57.3		138;124107;124334;+;29.9		C	6/9	split_2	47290	0	1	
NZ_MH522414.1	MPF_T	IncI2	74	0	0	GA	1	1;1800;2282;-;81.1		16;17878;18162;-;36.6	15;15515;17872;-;58.5	15;15515;17872;-;42.8	28;23615;24256;-;42.8	29;24262;25257;-;128.5		13;14615;15349;-;144.3	12;13848;14618;-;170.5	11;12719;13858;-;154.7	4;4050;5588;-;207.1	9;9671;11629;-;289.6		pfam	pfam_only	A	7/7	rearranged	1	0	unscoreable	17	1	0														not_admitted	not_admitted	not_admitted	not_admitted	not_admitted	not_admitted	not_admitted
NZ_MH522415.1	MPF_T	IncI2	78	0	0	GA	1	2;1231;1713;+;81.1		65;45492;45776;+;36.6	66;45782;48139;+;58.5	66;45782;48139;+;42.8	53;39398;40039;+;42.8	52;38907;39392;+;62.4		68;48547;49038;+;108.7	69;49035;49805;+;170.5	70;49795;50934;+;154.7	77;58065;59603;+;207.1	72;52024;53982;+;289.6		pfam	pfam_only	A	7/7	rearranged	1	0	unscoreable	15	1	0														not_admitted	not_admitted	not_admitted	not_admitted	not_admitted	not_admitted	not_admitted
NZ_MH522416.1	MPF_T	IncI2	75	0	0	GA	1	73;57907;58389;+;81.1		58;42027;42311;+;36.6	59;42317;44674;+;58.5	59;42317;44674;+;42.8	46;35933;36574;+;42.8	45;34932;35927;+;128.5		61;44840;45574;+;144.3	62;45571;46341;+;170.5	63;46331;47470;+;154.7	70;54601;56139;+;207.1	65;48560;50518;+;289.6		pfam	pfam_only	A	7/7	rearranged	1	0	unscoreable	17	1	0														not_admitted	not_admitted	not_admitted	not_admitted	not_admitted	not_admitted	not_admitted
NZ_MH522417.1	MPF_T	IncX4	41	0	0	GA	1	10;4804;5424;+;41.6	11;5438;5764;+;64.4	12;5783;8530;+;63.8	12;5783;8530;+;151.8	12;5783;8530;+;46.1	13;8542;9258;+;94.2	14;9270;10364;+;150.1		16;10879;11565;+;169.0	17;11562;12470;+;142.4	18;12463;13581;+;163.9	19;13583;14611;+;85.0	20;14643;16460;+;314.8		pfam	pfam_only	A	7/7	canonical	1	1	unscoreable	1	0	0														not_admitted	not_admitted	not_admitted	not_admitted	not_admitted	not_admitted	not_admitted
NZ_MH522418.1	MPF_F	IncHI2;IncHI2A	262	0	0	GA	0															not_admitted	not_admitted	not_admitted	not_admitted	not_admitted	not_admitted	not_admitted	not_admitted	not_admitted	not_admitted	1	89;81157;82215;-;276.5	200;185177;186592;+;194.1	199;184141;185187;+;174.3	105;101787;104468;-;168.0	201;186601;190554;+;101.7	109;106798;108153;-;80.7	105;101787;104468;-;72.2	112;109877;110665;-;74.8	91;82357;83868;-;62.0	88;77950;81138;-;57.3	192;175015;177099;-;56.8	106;104477;105427;-;46.1	192;175015;177099;-;38.8	A	9/9	split_2	108651	1	1	190735..192024+;429;unnamed;0
NZ_MH522419.1	MPF_F	IncHI2;IncHI2A;IncQ1	244	0	0	GA	0															not_admitted	not_admitted	not_admitted	not_admitted	not_admitted	not_admitted	not_admitted	not_admitted	not_admitted	not_admitted	1	154;147770;148828;+;276.5	43;43393;44808;-;194.1	44;44798;45844;-;174.3	138;125517;128198;+;168.1	42;39431;43384;-;101.7	134;121832;123187;+;80.7	138;125517;128198;+;72.2	131;119320;120108;+;74.8	152;146117;147628;+;62.0	155;148847;152035;+;57.3	51;52886;54970;+;56.8	137;124558;125508;+;46.1	51;52886;54970;+;38.8	A	9/9	split_3	109416	1	1	38474..39250-;258;unnamed;0
NZ_MH522420.1	MPF_F	IncHI2;IncHI2A	286	0	0	GA	0															not_admitted	not_admitted	not_admitted	not_admitted	not_admitted	not_admitted	not_admitted	not_admitted	not_admitted	not_admitted	1	85;82109;83167;-;276.9	195;184687;186102;+;193.7	194;183651;184697;+;174.3	101;102738;105419;-;168.0	196;186111;190064;+;101.7	105;107749;109104;-;80.7	101;102738;105419;-;72.2	108;110828;111616;-;74.8	87;83309;84820;-;62.0	84;78902;82090;-;57.3	187;174525;176609;-;56.8	102;105428;106378;-;46.1	187;174525;176609;-;38.8	A	9/9	split_2	107209	1	1	190245..191534+;429;unnamed;0
NZ_MH522421.1	MPF_F	IncHI2;IncHI2A	320	0	0	GA	0															not_admitted	not_admitted	not_admitted	not_admitted	not_admitted	not_admitted	not_admitted	not_admitted	not_admitted	not_admitted	1	304;279954;281012;-;276.9	94;84686;86101;+;193.7	93;83650;84696;+;174.3	0;2737;5418;-;168.0	95;86110;90063;+;101.7	4;7748;9103;-;80.7	0;2737;5418;-;72.2	7;10827;11615;-;74.8	306;281154;282665;-;62.0	303;276747;279935;-;57.3	86;74524;76608;-;56.8	1;5427;6377;-;46.1	86;74524;76608;-;38.8	A	9/9	split_3	278417	1	1	90244..91533+;429;unnamed;0
NZ_MH522422.1	MPF_T	IncX4	45	0	0	GA	1	14;7289;7909;+;41.6	15;7923;8249;+;64.4	16;8268;11015;+;63.8	16;8268;11015;+;151.8	16;8268;11015;+;46.1	17;11027;11743;+;94.2	18;11755;12849;+;150.1		20;13364;14050;+;169.0	21;14047;14955;+;142.4	22;14948;16066;+;163.9	23;16068;17096;+;85.0	24;17128;18945;+;314.8		pfam	pfam_only	A	7/7	canonical	1	1	unscoreable	1	0	0														not_admitted	not_admitted	not_admitted	not_admitted	not_admitted	not_admitted	not_admitted
NZ_MH522423.1	MPF_F	IncHI2;IncHI2A	320	0	0	GA	0															not_admitted	not_admitted	not_admitted	not_admitted	not_admitted	not_admitted	not_admitted	not_admitted	not_admitted	not_admitted	1	85;82109;83167;-;276.9	195;184687;186102;+;193.7	194;183651;184697;+;174.3	101;102738;105419;-;168.0	196;186111;190064;+;101.7	105;107749;109104;-;80.7	101;102738;105419;-;72.2	108;110828;111616;-;74.8	87;83309;84820;-;62.0	84;78902;82090;-;57.3	187;174525;176609;-;56.8	102;105428;106378;-;46.1	187;174525;176609;-;38.8	A	9/9	split_2	107209	1	1	190245..191534+;429;unnamed;0
NZ_MH522424.1	MPF_F	IncHI2;IncHI2A	300	0	0	GA	0															not_admitted	not_admitted	not_admitted	not_admitted	not_admitted	not_admitted	not_admitted	not_admitted	not_admitted	not_admitted	1	124;116580;117638;+;276.9	14;13645;15060;-;193.7	15;15050;16096;-;174.3	108;94328;97009;+;168.0	13;9683;13636;-;101.7	104;90643;91998;+;80.7	108;94328;97009;+;72.2	101;88131;88919;+;74.8	122;114927;116438;+;62.0	125;117657;120845;+;57.3	22;23138;25222;+;56.8	107;93369;94319;+;46.1	22;23138;25222;+;38.8	A	9/9	split_3	107974	1	1	8213..9502-;429;unnamed;0
NZ_MH522425.1	MPF_F	IncHI2;IncHI2A	230	0	0	GA	0															not_admitted	not_admitted	not_admitted	not_admitted	not_admitted	not_admitted	not_admitted	not_admitted	not_admitted	not_admitted	1	14;14525;15583;+;276.5	134;127341;128756;-;194.1	135;128746;129792;-;174.3	229;209465;212146;+;168.0	133;123379;127332;-;101.7	225;205780;207135;+;80.7	229;209465;212146;+;72.2	222;203268;204056;+;74.8	12;12872;14383;+;62.0	15;15602;18790;+;57.3	142;136834;138918;+;56.9	228;208506;209456;+;46.1	142;136834;138918;+;38.8	A	9/9	split_3	196593	1	1	121909..123198-;429;unnamed;0
NZ_MH522426.1	MPF_F	IncHI2;IncHI2A;IncI2	303	1	1	GA	1	237;217103;217585;+;81.1		222;201223;201507;+;36.6	223;201513;203870;+;58.5	223;201513;203870;+;44.9	210;194428;195072;+;41.0	209;193427;194422;+;123.7		225;204036;204770;+;144.3	226;204767;205537;+;170.5	227;205527;206666;+;154.7	234;213797;215335;+;207.1	229;207756;209714;+;289.6	126;119099;122287;+;57.3	pfam	pfam_only	A	7/7	rearranged	1	0	unscoreable	17	0	1	125;118022;119080;+;276.5	14;13645;15060;-;194.1	15;15050;16096;-;174.3	109;95769;98450;+;168.0	13;9683;13636;-;101.7	227;205527;206666;+;154.7	109;95769;98450;+;72.2	102;89572;90360;+;74.8	123;116369;117880;+;62.0	126;119099;122287;+;57.3	229;207756;209714;+;57.8	108;94810;95760;+;46.1	229;207756;209714;+;72.8	A	9/9	split_4	198073	1	1	8213..9502-;429;unnamed;0
NZ_MH523448.1	MPF_F	IncFIA;IncFIB(AP001918);IncFII	146	0	0	GA	0															not_admitted	not_admitted	not_admitted	not_admitted	not_admitted	not_admitted	not_admitted	not_admitted	not_admitted	not_admitted	1				17;11392;14019;+;303.5			17;11392;14019;+;99.0	11;8676;9242;+;182.9			17;11392;14019;+;22.1	16;10361;10876;+;76.4		D	3/9	contiguous	2716	0	0	
NZ_MH523639.1	MPF_T	IncX3	58	0	0	GA	1	45;38165;38809;-;46.4	44;37891;38181;-;73.1	43;35113;37866;-;47.0	43;35113;37866;-;142.4	43;35113;37866;-;73.3	42;34333;35103;-;60.1	40;32999;34054;-;133.2		39;32076;32804;-;119.4	38;31141;32070;-;138.8	37;29930;31144;-;128.3	35;28700;29734;-;65.7	34;26862;28697;-;495.9		pfam	pfam_only	A	7/7	canonical	1	1	unscoreable	2	0	0														not_admitted	not_admitted	not_admitted	not_admitted	not_admitted	not_admitted	not_admitted
NZ_MH536949.1	MPF_T	IncN	57	0	0	GA	1	5;2665;3402;+;32.0		8;4046;4363;+;63.3	9;4363;6963;+;111.8	9;4363;6963;+;76.4	10;6981;7694;+;105.5	12;7945;8985;+;142.4		13;9204;9902;+;131.9	14;9913;10797;+;159.7	15;10797;11957;+;156.3	16;11999;12994;+;81.2	31;28752;30281;-;38.5		pfam	both	A	7/7	canonical	1	0	unscoreable	3	0	0														not_admitted	not_admitted	not_admitted	not_admitted	not_admitted	not_admitted	not_admitted
NZ_MH548371.1	MPF_T	-	62	0	0	GA	1	17;14743;15357;+;28.9	6;4586;5011;+;61.1	7;5014;5325;+;51.2	8;5322;7862;+;107.4	8;5322;7862;+;117.4	13;11510;12292;+;113.7	15;12535;14217;+;144.6		9;7862;8638;+;137.7	10;8656;9561;+;184.7	12;10071;11492;+;226.7	5;3585;4574;+;111.0	48;42860;44764;-;496.9		conjscan	conjscan_only	A	7/7	canonical	1	0	unscoreable	4	0	0														not_admitted	not_admitted	not_admitted	not_admitted	not_admitted	not_admitted	not_admitted
NZ_MH569712.1	-	IncFIA(HI1);IncFII(K);IncFII(pAR0022)	86	0	0	GA	0															not_admitted	not_admitted	not_admitted	not_admitted	not_admitted	not_admitted	not_admitted	not_admitted	not_admitted	not_admitted	1	73;66310;67308;+;370.2	78;71036;72400;+;350.2	76;69671;70441;+;204.8	70;62651;65272;+;216.9	79;72403;75273;+;243.4	67;60360;61691;+;85.3	70;62651;65272;+;92.2	65;59079;59654;+;87.7	74;67278;67706;+;64.0	75;67734;69671;+;231.2	81;75976;78108;+;376.5	69;62112;62642;+;34.9	81;75976;78108;+;67.6	A	9/9	contiguous	16897	1	1	75282..75845+;187;unnamed;0
NZ_MH580300.1	MPF_F	IncFIB(AP001918);IncFIC(FII)	120	0	0	GA	0															not_admitted	not_admitted	not_admitted	not_admitted	not_admitted	not_admitted	not_admitted	not_admitted	not_admitted	not_admitted	1	88;86032;87024;-;369.3	79;79597;80970;-;381.0	84;82560;83303;-;233.3	91;88033;90660;-;306.3	78;76778;79600;-;385.5	97;92715;94142;-;94.3	91;88033;90660;-;97.4	99;94857;95423;-;183.4	87;85385;86023;-;68.7	86;83580;85388;-;267.8	75;73091;75244;-;391.8	93;91176;91691;-;78.4	75;73091;75244;-;70.4	A	9/9	contiguous	21766	1	1	76260..76757-;165;TraS;1
NZ_MH594477.1	MPF_F	IncA	170	0	0	GA	0															not_admitted	not_admitted	not_admitted	not_admitted	not_admitted	not_admitted	not_admitted	not_admitted	not_admitted	not_admitted	1	94;80542;81546;+;330.1	13;14467;15900;+;336.4	12;13437;14465;+;223.9	87;74105;76552;+;352.8	14;15913;19518;+;377.7	82;65278;66594;+;136.3	87;74105;76552;+;130.4	80;63754;64380;+;93.9	90;77374;78642;+;69.6	95;81697;84435;+;138.7	71;58099;59964;+;46.9	83;66591;67169;+;98.1	71;58099;59964;+;51.6	A	9/9	split_2	68260	0	1	
NZ_MH594478.1	MPF_F	IncA;IncX3	232	1	1	GA	1	208;178366;179010;-;46.4	207;178092;178382;-;73.1	206;175314;178067;-;47.0	206;175314;178067;-;145.4	206;175314;178067;-;73.3	205;174534;175304;-;60.1	203;173200;174255;-;133.2		202;172277;173005;-;119.4	201;171342;172244;-;138.9	85;64521;65837;+;136.3	198;168901;169935;-;65.7	197;167063;168898;-;495.9	99;80933;83671;+;138.7	pfam	pfam_only	A	7/7	canonical	1	1	unscoreable	3	0	1	98;80180;80782;+;245.6	14;12457;13890;+;336.4	13;11427;12455;+;223.9	90;73348;75795;+;352.8	15;13903;17508;+;377.7	85;64521;65837;+;136.3	90;73348;75795;+;130.4	83;62997;63623;+;93.9	93;76617;77885;+;69.6	99;80933;83671;+;138.7	197;167063;168898;-;64.4	86;65834;66412;+;98.1	197;167063;168898;-;88.7	A	9/9	split_3	155636	0	1	
NZ_MH626558.1	MPF_F	IncFII(pCoo)	134	0	0	GA	0															not_admitted	not_admitted	not_admitted	not_admitted	not_admitted	not_admitted	not_admitted	not_admitted	not_admitted	not_admitted	1	20;22313;23305;-;369.3	9;14890;16263;-;381.0	14;17853;18596;-;231.8	23;24314;26941;-;306.8	8;12071;14893;-;389.2	28;28988;30415;-;94.3	23;24314;26941;-;98.5	30;31130;31696;-;183.8	17;20678;21316;-;68.5	16;18873;20681;-;267.9	4;7619;9799;-;391.8	24;27457;27972;-;78.4	4;7619;9799;-;70.3	A	9/9	contiguous	23511	1	1	11553..12050-;165;TraS;0
NZ_MH626559.1	MPF_F	IncFII(pCoo);IncQ1	122	0	0	GA	0															not_admitted	not_admitted	not_admitted	not_admitted	not_admitted	not_admitted	not_admitted	not_admitted	not_admitted	not_admitted	1	20;22313;23305;-;369.3	9;14890;16263;-;381.0	14;17853;18596;-;231.8	23;24314;26941;-;306.8	8;12071;14893;-;389.2	28;28988;30415;-;94.3	23;24314;26941;-;98.5	30;31130;31696;-;183.8	17;20678;21316;-;68.5	16;18873;20681;-;267.9	4;7619;9799;-;391.8	24;27457;27972;-;78.4	4;7619;9799;-;70.3	A	9/9	contiguous	23511	1	1	11553..12050-;165;TraS;0
NZ_MH634987.1	MPF_T	-	34	0	0	GA	1	6;5528;6073;-;54.1	20;17255;17551;-;64.2	19;16968;17255;-;45.0	18;14499;16964;-;92.3	18;14499;16964;-;88.8	14;11431;12225;-;59.0	12;9942;11165;-;55.1		10;8916;9611;-;121.0	9;7751;8905;-;166.5	7;6066;7307;-;214.7	21;17561;18499;-;133.1	1;907;2730;-;319.7		conjscan	both	A	7/7	canonical	1	0	unscoreable	10	0	0														not_admitted	not_admitted	not_admitted	not_admitted	not_admitted	not_admitted	not_admitted
NZ_MH634990.1	MPF_T	-	33	0	0	GA	1	24;19334;19879;-;54.1	3;3845;4141;-;64.9	2;3558;3845;-;45.0	1;1089;3554;-;93.0	1;1089;3554;-;88.9	31;24875;25627;-;62.3	29;23439;24653;-;50.3		28;22724;23419;-;121.0	27;21557;22711;-;166.5	25;19872;21113;-;214.7	4;4151;5089;-;132.1	19;14710;16533;-;321.1		conjscan	both	A	7/7	rearranged	1	0	unscoreable	19	0	0														not_admitted	not_admitted	not_admitted	not_admitted	not_admitted	not_admitted	not_admitted
NZ_MH643787.1	MPF_F	IncFIB(AP001918);IncFII(pHN7A8);IncR	191	0	0	GA	0															not_admitted	not_admitted	not_admitted	not_admitted	not_admitted	not_admitted	not_admitted	not_admitted	not_admitted	not_admitted	1	135;116987;117979;-;369.5	124;109879;111252;-;382.9	130;113180;113923;-;234.4	138;118988;121615;-;300.9	123;107063;109882;-;385.4	144;123768;125195;-;93.9	138;118988;121615;-;102.2	146;125910;126476;-;182.7	133;116005;116643;-;70.7	132;114200;116008;-;267.1	120;103342;105531;-;380.8	140;122131;122646;-;76.0	120;103342;105531;-;66.5	A	9/9	contiguous	22568	1	1	106547..107038-;163;TraS;0
NZ_MH643789.1	MPF_F	IncFII(pHN7A8);IncR	195	0	0	GA	0															not_admitted	not_admitted	not_admitted	not_admitted	not_admitted	not_admitted	not_admitted	not_admitted	not_admitted	not_admitted	1	125;96270;97262;-;369.5	112;88064;89437;-;376.8	117;91003;91746;-;234.4	128;98271;100898;-;301.8	111;85251;88067;-;376.7	133;102953;104380;-;94.1	128;98271;100898;-;101.8	135;105095;105661;-;183.8	122;94686;95324;-;70.4	119;92023;93873;-;265.0	107;80761;82950;-;391.8	129;101414;101929;-;77.6	107;80761;82950;-;70.3	A	9/9	contiguous	24334	1	1	84697..85218-;173;unnamed;0
NZ_MH643792.1	MPF_F	IncFII(pHN7A8);IncR	188	0	0	GA	0															not_admitted	not_admitted	not_admitted	not_admitted	not_admitted	not_admitted	not_admitted	not_admitted	not_admitted	not_admitted	1	65;51609;52601;+;369.5	78;59434;60807;+;376.8	73;57125;57868;+;234.4	62;47973;50600;+;301.8	79;60804;63620;+;376.7	57;44491;45918;+;94.1	62;47973;50600;+;101.8	55;43210;43776;+;183.8	68;53547;54185;+;70.4	71;54998;56848;+;265.0	83;65921;68137;+;391.7	61;46942;47457;+;77.6	83;65921;68137;+;70.3	A	9/9	contiguous	22711	1	1	63653..64174+;173;unnamed;0
NZ_MH648141.1	MPF_F	IncFII(pCoo);IncQ1	107	0	0	GA	0															not_admitted	not_admitted	not_admitted	not_admitted	not_admitted	not_admitted	not_admitted	not_admitted	not_admitted	not_admitted	1	20;22313;23305;-;369.3	9;14890;16263;-;381.0	14;17853;18596;-;231.8	23;24314;26941;-;306.8	8;12071;14893;-;389.2	28;28988;30415;-;94.3	23;24314;26941;-;98.5	30;31130;31696;-;183.8	17;20678;21316;-;68.5	16;18873;20681;-;267.9	4;7619;9799;-;391.8	24;27457;27972;-;78.4	4;7619;9799;-;70.3	A	9/9	contiguous	23511	1	1	11553..12050-;165;TraS;0
NZ_MH681289.1	MPF_F	repFIB;repHI5B	375	0	0	GA	0															not_admitted	not_admitted	not_admitted	not_admitted	not_admitted	not_admitted	not_admitted	not_admitted	not_admitted	not_admitted	1	253;203440;204477;+;282.2	344;287993;289435;+;188.4	343;286999;288036;+;172.4	240;188788;191505;+;143.5	345;289410;293375;+;117.7	236;185298;186665;+;63.7	240;188788;191505;+;80.6	233;182783;183643;+;73.9	252;202082;203443;+;71.7	254;204492;207668;+;58.7	336;277644;279770;-;62.0	239;188002;188739;+;56.3	336;277644;279770;-;39.7	A	9/9	split_2	106627	0	1	
NZ_MH713705.1	MPF_T	IncN2	57	0	0	GA	1	49;41948;42730;-;33.3	47;41405;41701;-;36.0	46;41048;41365;-;71.9	45;38474;41047;-;118.0	45;38474;41047;-;74.2	44;37745;38458;-;107.4	42;36439;37476;-;121.9	41;36231;36362;-;40.1	40;35525;36220;-;132.6	39;34627;35514;-;147.8	38;33494;34627;-;166.3	37;32442;33443;-;90.1	20;12915;14447;+;51.3		pfam	both	A	7/7	canonical	1	0	ga	2	0	0														not_admitted	not_admitted	not_admitted	not_admitted	not_admitted	not_admitted	not_admitted
NZ_MH713706.1	MPF_T	IncN2	72	0	0	GA	1	64;58515;59297;-;33.3	62;57972;58268;-;36.0	61;57615;57932;-;71.9	60;55041;57614;-;118.0	60;55041;57614;-;74.2	59;54312;55025;-;107.4	57;53006;54043;-;121.9	56;52798;52929;-;40.1	55;52092;52787;-;132.6	54;51194;52081;-;147.8	53;50061;51194;-;166.3	52;49009;50010;-;90.1	22;15627;17159;+;51.3		pfam	both	A	7/7	canonical	1	0	ga	2	0	0														not_admitted	not_admitted	not_admitted	not_admitted	not_admitted	not_admitted	not_admitted
NZ_MH713707.1	MPF_T	IncN2	77	0	0	GA	1	69;62864;63646;-;33.3	67;62321;62617;-;36.0	66;61964;62281;-;71.9	65;59390;61963;-;118.0	65;59390;61963;-;74.2	64;58661;59374;-;107.4	62;57355;58392;-;121.9	61;57147;57278;-;40.1	60;56441;57136;-;132.6	59;55543;56430;-;147.8	58;54410;55543;-;166.3	57;53358;54359;-;90.1	20;12915;14447;+;51.3		pfam	both	A	7/7	canonical	1	0	ga	2	0	0														not_admitted	not_admitted	not_admitted	not_admitted	not_admitted	not_admitted	not_admitted
NZ_MH715959.1	MPF_T	IncX4	41	0	0	GA	1	14;7795;8415;+;41.6	15;8429;8755;+;64.4	16;8774;11521;+;63.8	16;8774;11521;+;151.8	16;8774;11521;+;46.1	17;11533;12249;+;94.2	18;12261;13355;+;150.1		20;13870;14556;+;169.0	21;14553;15461;+;142.4	22;15454;16572;+;163.9	23;16574;17602;+;85.0	24;17634;19451;+;314.8		pfam	pfam_only	A	7/7	canonical	1	1	unscoreable	1	0	0														not_admitted	not_admitted	not_admitted	not_admitted	not_admitted	not_admitted	not_admitted
NZ_MH715960.1	MPF_F	IncHI2;IncHI2A	255	0	0	GA	0															not_admitted	not_admitted	not_admitted	not_admitted	not_admitted	not_admitted	not_admitted	not_admitted	not_admitted	not_admitted	1	159;146806;147864;-;276.9	14;15194;16609;+;194.1	13;14158;15204;+;174.3	175;167436;170117;-;168.0	15;16618;20571;+;101.7	179;172447;173802;-;80.7	175;167436;170117;-;72.2	182;175526;176314;-;74.8	161;148006;149517;-;62.0	158;143599;146787;-;57.3	6;5032;7116;-;56.8	176;170126;171076;-;46.1	6;5032;7116;-;38.8	A	9/9	split_2	170494	1	1	20752..22041+;429;unnamed;0
NZ_MH722220.1	MPF_F	IncFII	134	0	0	GA	0															not_admitted	not_admitted	not_admitted	not_admitted	not_admitted	not_admitted	not_admitted	not_admitted	not_admitted	not_admitted	1	40;29522;30514;+;367.4	51;36200;37573;+;380.9	44;33243;33986;+;235.0	37;25886;28513;+;305.4	52;37570;40395;+;385.9	31;22404;23831;+;94.3	37;25886;28513;+;98.5	29;21123;21689;+;183.8	41;30523;31161;+;68.6	42;31158;32966;+;268.3	55;41898;44096;+;391.3	35;24855;25370;+;78.4	55;41898;44096;+;70.4	A	9/9	contiguous	20775	1	1	40392..40901+;169;unnamed;0
NZ_MH727565.1	MPF_T	IncN	66	0	0	GA	1	49;38293;39027;-;32.5		46;37333;37650;-;63.3	45;34733;37333;-;113.8	45;34733;37333;-;76.4	44;34002;34715;-;105.5	42;32711;33751;-;142.4		41;31794;32492;-;131.9	40;30899;31783;-;159.7	39;29739;30899;-;156.3	38;28702;29697;-;81.2	23;14457;15986;+;38.5		pfam	both	A	7/7	canonical	1	0	unscoreable	3	0	0														not_admitted	not_admitted	not_admitted	not_admitted	not_admitted	not_admitted	not_admitted
NZ_MH733010.1	MPF_F	IncFIA(HI1);IncHI1A;IncHI1B(R27)	263	0	0	GA	0															not_admitted	not_admitted	not_admitted	not_admitted	not_admitted	not_admitted	not_admitted	not_admitted	not_admitted	not_admitted	1	148;138981;140033;+;277.6	33;36102;37517;-;201.7	34;37507;38553;-;171.3	131;117016;119697;+;160.6	32;32107;36093;-;103.1	127;113310;114668;+;84.0	131;117016;119697;+;76.5	124;110858;111643;+;68.7	146;137328;138836;+;65.7	149;140056;143232;+;58.9	40;45488;47572;+;50.2	130;116057;117007;+;45.2	40;45488;47572;+;36.5	A	9/9	split_3	107949	0	1	
NZ_MH734334.1	-	-	79	0	0	GA	1	51;36143;36850;+;34.8	52;36831;37169;+;27.9	53;37180;37578;+;24.6	54;37532;39967;+;71.6		56;40221;40889;+;50.4	58;41246;42211;+;119.8		59;42543;43358;+;141.1	60;43355;44167;+;146.1	62;44455;45807;+;140.0	63;45817;46851;+;62.1	66;47893;49506;+;264.1		pfam	pfam_only	A	7/7	canonical	1	0	unscoreable	5	0	0														not_admitted	not_admitted	not_admitted	not_admitted	not_admitted	not_admitted	not_admitted
NZ_MH760469.1	MPF_F	IncC	212	0	0	GA	0															not_admitted	not_admitted	not_admitted	not_admitted	not_admitted	not_admitted	not_admitted	not_admitted	not_admitted	not_admitted	1	101;76401;77408;+;332.9	202;169752;171185;+;339.2	201;168722;169750;+;221.7	96;71202;73649;+;354.2	203;171198;174812;+;375.3	85;57891;59207;+;135.0	96;71202;73649;+;128.6	83;56367;56993;+;92.1	99;74471;75736;+;67.6	102;77524;80319;+;145.3	74;50692;52557;+;47.4	86;59204;59782;+;100.2	74;50692;52557;+;52.0	A	9/9	split_2	120506	0	1	
NZ_MH763829.1	MPF_F	IncC	215	0	0	GA	0															not_admitted	not_admitted	not_admitted	not_admitted	not_admitted	not_admitted	not_admitted	not_admitted	not_admitted	not_admitted	1	106;84238;85245;+;332.9	177;149517;150950;+;339.2	176;148487;149515;+;221.7	101;79039;81486;+;354.2	178;150963;154577;+;375.3	44;26117;27277;+;156.3	101;79039;81486;+;128.6	94;68688;69314;+;92.1	104;82308;83573;+;67.6	107;85361;88156;+;145.3	85;63013;64878;+;47.4	97;71525;72103;+;100.2	85;63013;64878;+;52.0	A	9/9	split_3	124846	0	1	
NZ_MH781720.1	MPF_T	IncX3	58	0	0	GA	1	28;26185;26829;-;46.4	27;25911;26201;-;73.1	26;23133;25886;-;47.0	26;23133;25886;-;142.4	26;23133;25886;-;73.3	25;22353;23123;-;60.1	23;21019;22074;-;133.2		22;20096;20824;-;119.4	21;19161;20090;-;138.8	20;17950;19164;-;128.3	18;16720;17754;-;65.7	17;14882;16717;-;495.9		pfam	pfam_only	A	7/7	canonical	1	1	unscoreable	2	0	0														not_admitted	not_admitted	not_admitted	not_admitted	not_admitted	not_admitted	not_admitted
NZ_MH782635.1	MPF_T	IncN2	74	0	0	GA	1	66;58465;59247;-;33.3	64;57922;58218;-;36.0	63;57565;57882;-;71.9	62;54991;57564;-;118.0	62;54991;57564;-;74.2	61;54262;54975;-;107.4	59;52956;53993;-;121.9	58;52748;52879;-;40.1	57;52042;52737;-;132.6	56;51144;52031;-;147.8	55;50011;51144;-;166.3	54;48959;49960;-;90.1	21;14242;15774;+;51.3		pfam	both	A	7/7	canonical	1	0	ga	2	0	0														not_admitted	not_admitted	not_admitted	not_admitted	not_admitted	not_admitted	not_admitted
NZ_MH829594.1	MPF_F	IncHI2;IncHI2A	358	0	0	GA	0															not_admitted	not_admitted	not_admitted	not_admitted	not_admitted	not_admitted	not_admitted	not_admitted	not_admitted	not_admitted	1	30;32273;33331;+;276.9	151;148349;149764;-;194.1	152;149754;150800;-;173.7	11;8955;11636;+;168.0	150;144390;148340;-;101.6	7;5270;6625;+;80.7	11;8955;11636;+;72.2	4;2758;3546;+;74.8	28;30620;32131;+;62.9	31;33350;36538;+;58.3	158;157841;159925;+;56.7	10;7996;8946;+;46.4	158;157841;159925;+;38.8	A	9/9	split_3	155083	0	1	
NZ_MH844629.1	MPF_F	IncC	224	0	0	GA	0															not_admitted	not_admitted	not_admitted	not_admitted	not_admitted	not_admitted	not_admitted	not_admitted	not_admitted	not_admitted	1	97;70620;71627;+;332.9	213;171406;172839;+;339.2	212;170376;171404;+;221.7	92;65421;67868;+;354.5	214;172852;176466;+;375.3	45;26117;27277;+;156.3	92;65421;67868;+;128.3	85;55025;55651;+;92.7	95;68690;69955;+;67.9	98;71743;74541;+;145.3	76;49350;51215;+;47.3	88;57862;58440;+;100.2	76;49350;51215;+;52.0	A	9/9	split_3	146735	0	1	
NZ_MH882484.1	MPF_T	IncW	48	0	0	GA	1	31;26487;27185;-;43.3	29;25798;26103;-;70.9	28;25471;25785;-;84.9	27;22997;25468;-;122.0	27;22997;25468;-;98.5	26;22311;23000;-;157.1	24;21042;22070;-;174.7		22;20094;20789;-;157.4	21;19283;20083;-;191.3	20;18096;19283;-;185.3	19;17054;18130;-;88.0	17;12548;14071;+;51.8		pfam	both	A	7/7	canonical	1	0	unscoreable	4	0	0														not_admitted	not_admitted	not_admitted	not_admitted	not_admitted	not_admitted	not_admitted
NZ_MH884652.1	MPF_F	IncHI2;IncHI2A;IncQ1	194	0	0	GA	0															not_admitted	not_admitted	not_admitted	not_admitted	not_admitted	not_admitted	not_admitted	not_admitted	not_admitted	not_admitted	1	16;16177;17235;+;276.9			193;180235;182916;+;168.0		189;176550;177905;+;80.7	193;180235;182916;+;72.2	186;174038;174826;+;74.8	13;14525;15610;+;56.1	17;17254;20442;+;57.3		192;179276;180226;+;46.1		C	6/9	split_2	165710	0	1	
NZ_MH884653.1	MPF_I	IncHI2;IncHI2A;IncI1-I(Alpha);IncQ1	295	0	0	GA	0															not_admitted	not_admitted	not_admitted	not_admitted	not_admitted	not_admitted	not_admitted	not_admitted	not_admitted	not_admitted	1	15;16485;17543;+;276.9			294;265739;268420;+;168.0		290;262054;263409;+;80.7	294;265739;268420;+;72.2	287;259542;260330;+;74.8	13;14832;16343;+;62.0	16;17562;20750;+;57.3		293;264780;265730;+;46.1		C	6/9	split_2	250907	0	1	
NZ_MH890610.1	-	-	81	0	0	GA	1	49;44840;45355;+;46.5	21;22127;22456;+;65.8	22;22467;22781;+;30.4	23;22822;25236;+;51.1	23;22822;25236;+;99.0	24;25233;25991;+;34.3	26;26946;28253;+;91.1		27;28283;28957;+;147.4	28;28966;29838;+;159.1	30;30253;31509;+;190.4	35;35647;37269;+;175.5			conjscan	conjscan_only	B	6/7	canonical	1	0	unscoreable	19	0	0														not_admitted	not_admitted	not_admitted	not_admitted	not_admitted	not_admitted	not_admitted
NZ_MH892479.1	MPF_F	IncC	218	0	0	GA	0															not_admitted	not_admitted	not_admitted	not_admitted	not_admitted	not_admitted	not_admitted	not_admitted	not_admitted	not_admitted	1	102;73937;74944;+;332.9	207;164248;165681;+;339.2	206;163218;164246;+;221.7	97;68738;71185;+;354.5	208;165694;169308;+;375.3	45;26117;27277;+;156.3	97;68738;71185;+;128.3	90;58342;58968;+;92.7	100;72007;73272;+;67.9	103;75060;77858;+;145.3	81;52667;54532;+;47.3	93;61179;61757;+;100.2	81;52667;54532;+;52.0	A	9/9	split_3	139577	0	1	
NZ_MH909327.1	MPF_F	IncC;IncQ1	259	0	0	GA	0															not_admitted	not_admitted	not_admitted	not_admitted	not_admitted	not_admitted	not_admitted	not_admitted	not_admitted	not_admitted	1	36;35723;36730;+;332.9	185;155764;157197;+;339.2	184;154734;155762;+;221.7	31;30524;32971;+;354.2	186;157210;160824;+;375.3	21;16147;17463;+;135.0	31;30524;32971;+;128.6	19;14623;15249;+;92.1	34;33793;35058;+;67.6	115;96272;98023;-;141.5	10;8948;10813;+;47.4	22;17460;18038;+;100.2	10;8948;10813;+;52.0	A	9/9	split_3	148262	0	1	
NZ_MH909328.1	MPF_T	IncN	68	0	0	GA	1	36;26480;27214;-;32.5		33;25520;25837;-;63.3	32;22920;25520;-;113.8	32;22920;25520;-;76.4	31;22189;22902;-;105.5	29;20898;21938;-;142.4		28;19981;20679;-;131.9	27;19086;19970;-;159.7	26;17986;19086;-;127.7	25;16890;17885;-;81.2	8;4371;5174;+;40.5		pfam	both	A	7/7	canonical	1	0	unscoreable	3	0	0														not_admitted	not_admitted	not_admitted	not_admitted	not_admitted	not_admitted	not_admitted
NZ_MH909329.1	MPF_F	IncFII(pECLA)	136	0	0	GA	0															not_admitted	not_admitted	not_admitted	not_admitted	not_admitted	not_admitted	not_admitted	not_admitted	not_admitted	not_admitted	1	91;75612;76613;+;362.5	99;81438;82802;+;352.3	94;79093;79875;+;212.0	85;70815;73415;+;228.8	100;82802;87190;+;290.2	80;67462;68865;+;93.8	85;70815;73415;+;101.9	78;66129;66713;+;104.4	92;76623;77240;+;54.7	93;77237;79096;+;215.5	104;89347;91962;+;371.2	84;70255;70818;+;40.2	104;89347;91962;+;71.0	A	9/9	contiguous	23218	1	1	87194..87751+;185;unnamed;0
NZ_MH909331.1	MPF_F	IncHI2;IncHI2A	336	0	0	GA	0															not_admitted	not_admitted	not_admitted	not_admitted	not_admitted	not_admitted	not_admitted	not_admitted	not_admitted	not_admitted	1	31;33093;34151;+;276.9	166;160606;162021;+;193.9	165;159570;160616;+;173.7	13;10020;12701;+;168.0	167;162030;165980;+;101.6	7;5270;6625;+;80.7	13;10020;12701;+;72.2	4;2758;3546;+;74.8	29;31440;32951;+;62.9	32;34170;37358;+;58.3	159;150445;152529;-;56.7	12;9649;10011;+;42.2	159;150445;152529;-;38.8	A	9/9	split_3	159272	0	1	
NZ_MH909333.1	MPF_T	IncX3	68	0	0	GA	1	55;46039;46683;-;46.4	54;45765;46055;-;73.1	53;42987;45740;-;47.0	53;42987;45740;-;142.4	53;42987;45740;-;73.3	52;42207;42977;-;60.1	50;40873;41928;-;133.2		49;39950;40678;-;119.4	48;39015;39944;-;138.8	47;37804;39018;-;128.3	45;36574;37608;-;65.7	44;34736;36571;-;495.9		pfam	pfam_only	A	7/7	canonical	1	1	unscoreable	2	0	0														not_admitted	not_admitted	not_admitted	not_admitted	not_admitted	not_admitted	not_admitted
NZ_MH909334.1	MPF_T	IncN	70	0	0	GA	1	19;14790;15524;+;32.5		22;16167;16484;+;63.3	23;16484;19084;+;113.8	23;16484;19084;+;76.4	24;19102;19815;+;105.5	26;20066;21106;+;142.4		27;21325;22023;+;131.9	28;22034;22918;+;159.7	29;22918;24078;+;156.3	30;24120;25115;+;81.2	47;38354;39883;-;38.5		pfam	both	A	7/7	canonical	1	0	unscoreable	3	0	0														not_admitted	not_admitted	not_admitted	not_admitted	not_admitted	not_admitted	not_admitted
NZ_MH909335.1	MPF_T	IncX3	69	0	0	GA	1	56;46040;46684;-;46.4	55;45766;46056;-;73.1	54;42988;45741;-;47.0	54;42988;45741;-;142.4	54;42988;45741;-;73.3	53;42208;42978;-;60.1	51;40874;41929;-;133.2		50;39951;40679;-;119.4	49;39016;39945;-;138.8	48;37805;39019;-;128.3	46;36575;37609;-;65.7	45;34737;36572;-;495.9		pfam	pfam_only	A	7/7	canonical	1	1	unscoreable	2	0	0														not_admitted	not_admitted	not_admitted	not_admitted	not_admitted	not_admitted	not_admitted
NZ_MH909336.1	MPF_T	IncN	67	0	0	GA	1	18;14379;15113;-;32.5		15;13419;13736;-;63.3	14;10819;13419;-;113.8	14;10819;13419;-;76.4	13;10088;10801;-;105.5	11;8797;9837;-;142.4		10;7880;8578;-;131.9	9;6985;7869;-;159.7	8;5825;6985;-;156.3	7;4788;5783;-;81.2	45;35439;36968;-;38.5		pfam	both	A	7/7	canonical	1	0	unscoreable	3	0	0														not_admitted	not_admitted	not_admitted	not_admitted	not_admitted	not_admitted	not_admitted
NZ_MH909337.1	MPF_T	IncN	67	0	0	GA	1	19;14159;14893;+;32.5		22;15536;15853;+;63.3	23;15853;18453;+;113.8	23;15853;18453;+;76.4	24;18471;19184;+;105.5	26;19435;20475;+;142.4		27;20694;21392;+;131.9	28;21403;22287;+;159.7	29;22287;23447;+;156.3	30;23489;24484;+;81.2	44;36372;37901;-;38.5		pfam	both	A	7/7	canonical	1	0	unscoreable	3	0	0														not_admitted	not_admitted	not_admitted	not_admitted	not_admitted	not_admitted	not_admitted
NZ_MH909339.1	MPF_T	IncN	66	0	0	GA	1	19;14085;14819;+;32.5		22;15462;15779;+;63.3	23;15779;18379;+;113.8	23;15779;18379;+;76.4	24;18397;19110;+;105.5	26;19361;20401;+;142.4		27;20620;21318;+;131.9	28;21329;22213;+;159.7	29;22213;23373;+;156.3	30;23415;24410;+;81.2	43;36128;37657;-;38.5		pfam	both	A	7/7	canonical	1	0	unscoreable	3	0	0														not_admitted	not_admitted	not_admitted	not_admitted	not_admitted	not_admitted	not_admitted
NZ_MH909340.1	MPF_F	ColRNAI;repB(R1701)	134	0	0	GA	0															not_admitted	not_admitted	not_admitted	not_admitted	not_admitted	not_admitted	not_admitted	not_admitted	not_admitted	not_admitted	1	76;69064;70053;-;366.6	66;62150;63517;-;384.0	70;64775;65527;-;233.7	80;71510;74149;-;258.5	65;59301;62150;-;346.4	87;76976;78400;-;89.3	80;71510;74149;-;88.7	89;79127;79693;-;169.3	75;68413;69051;-;66.9	74;66399;68354;-;259.4	58;53750;56062;-;393.1	86;76320;76904;-;54.7	58;53750;56062;-;66.6	A	9/9	contiguous	25377	1	1	58765..59298-;177;unnamed;0
NZ_MH909341.1	MPF_T	IncN	66	0	0	GA	1	19;14085;14819;+;32.5		22;15462;15779;+;63.3	23;15779;18379;+;113.8	23;15779;18379;+;76.4	24;18397;19110;+;105.5	26;19361;20401;+;142.4		27;20620;21318;+;131.9	28;21329;22213;+;159.7	29;22213;23373;+;156.3	30;23415;24410;+;81.2	43;36128;37657;-;38.5		pfam	both	A	7/7	canonical	1	0	unscoreable	3	0	0														not_admitted	not_admitted	not_admitted	not_admitted	not_admitted	not_admitted	not_admitted
NZ_MH909342.1	MPF_T	IncX3	68	0	0	GA	1	55;46039;46683;-;46.4	54;45765;46055;-;73.1	53;42987;45740;-;47.0	53;42987;45740;-;142.4	53;42987;45740;-;73.3	52;42207;42977;-;60.1	50;40873;41928;-;133.2		49;39950;40678;-;119.4	48;39015;39944;-;138.8	47;37804;39018;-;128.3	45;36574;37608;-;65.7	44;34736;36571;-;495.9		pfam	pfam_only	A	7/7	canonical	1	1	unscoreable	2	0	0														not_admitted	not_admitted	not_admitted	not_admitted	not_admitted	not_admitted	not_admitted
NZ_MH909343.1	MPF_T	IncX3	72	0	0	GA	1	22;14272;14916;+;46.4	23;14900;15190;+;73.1	24;15215;15391;+;26.7	25;15424;16557;+;110.0	25;15424;16557;+;75.6	27;17976;18746;+;60.1	30;19219;20079;+;101.3		31;20274;21002;+;119.4	32;21008;21937;+;138.8	33;21934;23148;+;128.3		37;24380;26215;+;495.9		pfam	pfam_only	B	6/7	canonical	1	0	unscoreable	5	0	0														not_admitted	not_admitted	not_admitted	not_admitted	not_admitted	not_admitted	not_admitted
NZ_MH909344.1	MPF_F	IncFIB(pB171);IncFII(Yp);IncFII(pAR0022)	169	1	0	GA	1	63;64463;64939;+;78.8		159;150474;150791;+;63.3	160;150791;153391;+;113.8	160;150791;153391;+;76.4	161;153409;154122;+;105.5	163;154373;155413;+;142.4				55;58894;60288;-;90.9		32;38589;40790;-;27.3	44;49760;51613;-;257.4	pfam	both	D	4/7	canonical	1	0	unscoreable	31	0	1	46;52256;53242;-;368.4	38;46173;47543;-;376.7	42;48760;49509;-;218.2	49;54236;56866;-;285.5	37;43351;46173;-;336.5	55;58894;60288;-;90.9	49;54236;56866;-;98.6	57;61005;61571;-;169.9	45;51610;52239;-;66.9	44;49760;51613;-;257.4	32;38589;40790;-;384.8	54;58333;58872;-;64.9	32;38589;40790;-;63.9	A	9/9	contiguous	22416	1	1	42898..43329-;143;TraS;0
NZ_MH909345.1	MPF_F	IncFIB(pB171);IncFII(Yp);IncFII(pAR0022)	124	0	0	GA	0															not_admitted	not_admitted	not_admitted	not_admitted	not_admitted	not_admitted	not_admitted	not_admitted	not_admitted	not_admitted	1	106;88913;89905;+;369.4	114;94618;95988;+;376.7	110;92652;93401;+;218.2	103;85295;87925;+;285.5	115;95988;98810;+;336.5	97;81873;83267;+;89.4	103;85295;87925;+;98.6	95;80590;81156;+;169.9	107;89922;90551;+;66.9	108;90548;92401;+;260.5	118;100147;102393;+;384.7	98;83289;83828;+;67.5	118;100147;102393;+;63.8	A	9/9	contiguous	19557	1	1	98832..99263+;143;TraS;0
NZ_MH909346.1	MPF_T	IncX3	68	0	0	GA	1	55;46039;46683;-;46.4	54;45765;46055;-;73.1	53;42987;45740;-;47.0	53;42987;45740;-;142.4	53;42987;45740;-;73.3	52;42207;42977;-;60.1	50;40873;41928;-;133.2		49;39950;40678;-;119.4	48;39015;39944;-;138.8	47;37804;39018;-;128.3	45;36574;37608;-;65.7	44;34736;36571;-;495.9		pfam	pfam_only	A	7/7	canonical	1	1	unscoreable	2	0	0														not_admitted	not_admitted	not_admitted	not_admitted	not_admitted	not_admitted	not_admitted
NZ_MH909347.1	MPF_T	IncX3	67	0	0	GA	1	19;12128;12772;+;46.4	20;12756;13046;+;73.1	21;13071;15824;+;47.0	21;13071;15824;+;142.4	21;13071;15824;+;73.3	22;15834;16604;+;60.1	24;16883;17938;+;133.2		25;18133;18861;+;119.4	26;18867;19796;+;138.8	27;19793;21007;+;128.3	29;21203;22237;+;65.7	30;22240;24075;+;495.9		pfam	pfam_only	A	7/7	canonical	1	1	unscoreable	2	0	0														not_admitted	not_admitted	not_admitted	not_admitted	not_admitted	not_admitted	not_admitted
NZ_MH909349.1	MPF_F	IncFII;IncR	254	0	0	GA	0															not_admitted	not_admitted	not_admitted	not_admitted	not_admitted	not_admitted	not_admitted	not_admitted	not_admitted	not_admitted	1	59;46370;47362;+;369.5	69;53141;54514;+;381.7	64;50468;51211;+;234.4	131;112405;115035;+;305.1	145;124185;127031;+;384.7	46;36542;37993;+;94.2	131;112405;115035;+;97.1	44;35261;35827;+;174.3	61;47706;48344;+;68.6	62;48341;50191;+;266.1	149;129273;131597;+;391.5	49;38853;39368;+;82.8	74;59605;61875;+;70.3	A	9/9	split_2	94012	1	1	127028..127537+;169;unnamed;0
NZ_MH917122.1	MPF_F	IncFII(pBK30683);repB(R1701)	125	0	0	GA	0															not_admitted	not_admitted	not_admitted	not_admitted	not_admitted	not_admitted	not_admitted	not_admitted	not_admitted	not_admitted	1	100;80157;81146;+;366.0	110;86693;88060;+;384.0	106;84683;85435;+;233.7	96;76061;78700;+;258.5	111;88060;90909;+;346.4	90;71807;73231;+;89.2	96;76061;78700;+;88.7	88;70514;71080;+;169.3	101;81159;81797;+;67.0	102;81856;83811;+;259.7	115;93373;95685;+;390.0	91;73304;73888;+;54.5	115;93373;95685;+;64.0	A	9/9	contiguous	22859	1	1	90912..91445+;177;unnamed;0
NZ_MH917123.1	MPF_T	IncN	82	0	0	GA	1	22;16057;16791;+;32.5		25;17434;17751;+;63.3	26;17751;20351;+;113.8	26;17751;20351;+;76.4	27;20369;21082;+;105.5	29;21333;22373;+;142.4		30;22592;23290;+;131.9	31;23301;24185;+;159.7	32;24185;25345;+;156.3	33;25387;26382;+;81.2	59;50339;51868;-;38.5		pfam	both	A	7/7	canonical	1	0	unscoreable	3	0	0														not_admitted	not_admitted	not_admitted	not_admitted	not_admitted	not_admitted	not_admitted
NZ_MH917279.1	MPF_F	IncFII;IncR	145	0	0	GA	0															not_admitted	not_admitted	not_admitted	not_admitted	not_admitted	not_admitted	not_admitted	not_admitted	not_admitted	not_admitted	1	122;96134;97126;-;369.5	111;89487;90356;-;282.5	116;92286;93029;-;234.4	125;98242;99720;-;46.0	109;86165;88987;-;374.0	138;105499;106950;-;94.2	125;98242;99720;-;98.8	140;107665;108231;-;174.3	120;95152;95790;-;68.6	118;93306;94958;-;266.5	105;81642;83894;-;391.1	135;104124;104639;-;82.8	105;81642;83894;-;70.3	A	9/9	contiguous	26023	1	1	85664..86143-;159;TraS;0
NZ_MH917280.1	MPF_T	IncX3	59	0	0	GA	1	33;29862;30506;-;46.4	32;29588;29878;-;73.1	31;26810;29563;-;47.0	31;26810;29563;-;142.4	31;26810;29563;-;73.3	30;26030;26800;-;60.1	28;24696;25751;-;133.2		27;23773;24501;-;119.4	26;22838;23767;-;138.8	25;21627;22841;-;128.3	23;20397;21431;-;65.7	22;18559;20394;-;495.9		pfam	pfam_only	A	7/7	canonical	1	1	unscoreable	2	0	0														not_admitted	not_admitted	not_admitted	not_admitted	not_admitted	not_admitted	not_admitted
NZ_MH917281.1	MPF_T	IncX3	46	0	0	GA	1	24;15110;15754;+;46.4	25;15738;16028;+;73.1	26;16053;18806;+;47.0	26;16053;18806;+;142.4	26;16053;18806;+;73.3	27;18816;19586;+;60.1	29;19865;20920;+;133.2		30;21115;21843;+;119.4	31;21849;22778;+;138.8	32;22775;23851;+;94.9				pfam	pfam_only	C	5/7	canonical	1	1	unscoreable	1	0	0														not_admitted	not_admitted	not_admitted	not_admitted	not_admitted	not_admitted	not_admitted
NZ_MH917282.1	MPF_T	IncX3	68	0	0	GA	1	55;46036;46680;-;46.4	54;45762;46052;-;73.1	53;42984;45737;-;47.0	53;42984;45737;-;142.4	53;42984;45737;-;73.3	52;42204;42974;-;60.1	50;40870;41925;-;133.2		49;39947;40675;-;119.4	48;39012;39941;-;138.8	47;37801;39015;-;128.3	45;36571;37605;-;65.7	44;34733;36568;-;495.9		pfam	pfam_only	A	7/7	canonical	1	1	unscoreable	2	0	0														not_admitted	not_admitted	not_admitted	not_admitted	not_admitted	not_admitted	not_admitted
NZ_MH917283.1	MPF_T	IncX3	68	0	0	GA	1	24;15110;15754;+;46.4	25;15738;16028;+;73.1	26;16053;18806;+;47.0	26;16053;18806;+;142.4	26;16053;18806;+;73.3	27;18816;19586;+;60.1	29;19865;20920;+;133.2		30;21115;21843;+;119.4	31;21849;22778;+;138.8	32;22775;23989;+;128.3	34;24185;25219;+;65.7	35;25222;27057;+;495.9		pfam	pfam_only	A	7/7	canonical	1	1	unscoreable	2	0	0														not_admitted	not_admitted	not_admitted	not_admitted	not_admitted	not_admitted	not_admitted
NZ_MH917285.1	MPF_F	IncC;IncQ1	257	0	0	GA	0															not_admitted	not_admitted	not_admitted	not_admitted	not_admitted	not_admitted	not_admitted	not_admitted	not_admitted	not_admitted	1	97;74404;75411;+;332.9	246;194438;195871;+;339.2	245;193408;194436;+;221.7	92;69205;71652;+;354.2	247;195884;199498;+;375.3	83;55894;57210;+;135.0	92;69205;71652;+;128.6	81;54370;54996;+;92.1	95;72474;73739;+;67.6	176;134953;136704;-;141.5	72;48695;50560;+;47.4	84;57207;57785;+;100.2	72;48695;50560;+;52.0	A	9/9	split_3	147189	0	1	
NZ_MH924589.1	MPF_F	IncHI2;IncHI2A;IncQ1	312	0	0	GA	0															not_admitted	not_admitted	not_admitted	not_admitted	not_admitted	not_admitted	not_admitted	not_admitted	not_admitted	not_admitted	1	206;183657;184715;+;276.9	92;76146;77561;-;194.1	93;77551;78597;-;174.3	189;159833;162514;+;168.0	91;72184;76137;-;101.6	185;156148;157503;+;80.7	189;159833;162514;+;72.2	182;153636;154424;+;74.8	204;182004;183515;+;62.0	207;184734;187922;+;57.3	100;85639;87723;+;56.8	188;158874;159824;+;46.1	100;85639;87723;+;38.8	A	9/9	split_3	112550	1	1	70714..72003-;429;unnamed;0
NZ_MH938808.1	MPF_T	IncX4	43	0	0	GA	1	18;17183;17803;-;41.6	17;16843;17169;-;64.4	16;14077;16824;-;63.8	16;14077;16824;-;151.8	16;14077;16824;-;46.1	15;13349;14065;-;94.2	14;12243;13337;-;150.1		12;11042;11728;-;169.0	11;10137;11045;-;142.4	10;9026;10144;-;163.9	9;7996;9024;-;85.0	8;6147;7964;-;314.8		pfam	pfam_only	A	7/7	canonical	1	1	unscoreable	1	0	0														not_admitted	not_admitted	not_admitted	not_admitted	not_admitted	not_admitted	not_admitted
NZ_MH995506.1	MPF_F	IncC	173	0	0	GA	0															not_admitted	not_admitted	not_admitted	not_admitted	not_admitted	not_admitted	not_admitted	not_admitted	not_admitted	not_admitted	1	97;72460;73467;+;332.9	163;128900;130333;+;339.2	162;127870;128898;+;221.7	92;67261;69708;+;354.2	164;130346;133960;+;375.3	83;53950;55266;+;135.0	92;67261;69708;+;128.6	81;52426;53052;+;92.1	95;70530;71795;+;67.6	98;73583;76378;+;145.3	72;46751;48616;+;47.4	84;55263;55841;+;100.2	72;46751;48616;+;52.0	A	9/9	split_2	83595	0	1	
NZ_MH995507.1	MPF_F	IncC	173	0	0	GA	0															not_admitted	not_admitted	not_admitted	not_admitted	not_admitted	not_admitted	not_admitted	not_admitted	not_admitted	not_admitted	1	97;72460;73467;+;332.9	163;128900;130333;+;339.2	162;127870;128898;+;221.7	92;67261;69708;+;354.2	164;130346;133960;+;375.3	83;53950;55266;+;135.0	92;67261;69708;+;128.6	81;52426;53052;+;92.1	95;70530;71795;+;67.6	98;73583;76378;+;145.3	72;46751;48616;+;47.4	84;55263;55841;+;100.2	72;46751;48616;+;52.0	A	9/9	split_2	83595	0	1	
NZ_MH995508.1	MPF_F	IncC	173	0	0	GA	0															not_admitted	not_admitted	not_admitted	not_admitted	not_admitted	not_admitted	not_admitted	not_admitted	not_admitted	not_admitted	1	97;72460;73467;+;332.9	163;128900;130333;+;339.2	162;127870;128898;+;221.7	92;67261;69708;+;354.2	164;130346;133960;+;375.3	83;53950;55266;+;135.0	92;67261;69708;+;128.6	81;52426;53052;+;92.1	95;70530;71795;+;67.6	98;73583;76378;+;145.3	72;46751;48616;+;47.4	84;55263;55841;+;100.2	72;46751;48616;+;52.0	A	9/9	split_2	83595	0	1	
NZ_MK033499.1	MPF_T	IncC;IncN4	170	0	0	GA	1	148;106152;106892;+;34.8	150;107216;107506;+;45.6	151;107558;107872;+;65.3	152;107872;110502;+;124.9	152;107872;110502;+;86.8	153;110512;111219;+;114.7	155;111478;112521;+;126.7	156;112616;112786;+;41.4	157;112789;113505;+;145.6	158;113508;114395;+;144.4	159;114392;115546;+;174.0	160;115539;116570;+;78.1	165;120978;122555;-;54.8		pfam	both	A	7/7	canonical	1	0	ga	6	0	0														not_admitted	not_admitted	not_admitted	not_admitted	not_admitted	not_admitted	not_admitted
NZ_MK033500.1	MPF_T	IncN4	76	0	0	GA	1	12;5745;6485;+;34.8	14;6809;7099;+;45.6	15;7151;7465;+;65.3	16;7465;10095;+;124.9	16;7465;10095;+;86.8	17;10105;10812;+;114.7	19;11071;12114;+;126.7	20;12209;12379;+;41.4	21;12382;13098;+;145.6	22;13101;13988;+;144.4	23;13985;15139;+;174.0	24;15132;16163;+;78.1	29;20571;22148;-;54.8		pfam	both	A	7/7	canonical	1	0	ga	6	0	0														not_admitted	not_admitted	not_admitted	not_admitted	not_admitted	not_admitted	not_admitted
NZ_MK033501.1	MPF_T	IncN4	112	0	0	GA	1	80;54044;54784;+;34.8	82;55108;55398;+;45.6	83;55450;55764;+;65.3	84;55764;58394;+;124.9	84;55764;58394;+;86.8	85;58404;59111;+;114.7	87;59370;60413;+;126.7	88;60508;60678;+;41.4	89;60681;61397;+;145.6	90;61400;62287;+;144.4	91;62284;63438;+;174.0	92;63431;64462;+;78.1	97;68870;70447;-;54.8		pfam	both	A	7/7	canonical	1	0	ga	6	0	0														not_admitted	not_admitted	not_admitted	not_admitted	not_admitted	not_admitted	not_admitted
NZ_MK033577.1	MPF_T	IncX3	58	0	0	GA	1	45;38165;38809;-;46.4	44;37891;38181;-;73.1	43;35113;37866;-;47.0	43;35113;37866;-;142.4	43;35113;37866;-;73.3	42;34333;35103;-;60.1	40;32999;34054;-;133.2		39;32076;32804;-;119.4	38;31141;32070;-;138.8	37;29930;31144;-;128.3	35;28700;29734;-;65.7	34;26862;28697;-;495.9		pfam	pfam_only	A	7/7	canonical	1	1	unscoreable	2	0	0														not_admitted	not_admitted	not_admitted	not_admitted	not_admitted	not_admitted	not_admitted
NZ_MK033578.1	MPF_T	IncX3	59	0	0	GA	1	46;38165;38809;-;46.4	45;37891;38181;-;73.1	44;35113;37866;-;47.0	44;35113;37866;-;142.4	44;35113;37866;-;73.3	43;34333;35103;-;60.1	41;32999;34054;-;133.2		40;32076;32804;-;119.4	39;31141;32070;-;138.8	38;29930;31144;-;128.3	36;28700;29734;-;65.7	35;26862;28697;-;495.9		pfam	pfam_only	A	7/7	canonical	1	1	unscoreable	2	0	0														not_admitted	not_admitted	not_admitted	not_admitted	not_admitted	not_admitted	not_admitted
NZ_MK033579.1	MPF_T	IncX3	58	0	0	GA	1	45;38165;38809;-;46.4	44;37891;38181;-;73.1	43;35113;37866;-;47.0	43;35113;37866;-;142.4	43;35113;37866;-;73.3	42;34333;35103;-;60.1	40;32999;34054;-;133.2		39;32076;32804;-;119.4	38;31141;32070;-;138.8	37;29930;31144;-;128.3	35;28700;29734;-;65.7	34;26862;28697;-;495.9		pfam	pfam_only	A	7/7	canonical	1	1	unscoreable	2	0	0														not_admitted	not_admitted	not_admitted	not_admitted	not_admitted	not_admitted	not_admitted
NZ_MK033580.1	MPF_T	IncX3	58	0	0	GA	1	45;38165;38809;-;46.4	44;37891;38181;-;73.1	43;35113;37866;-;47.0	43;35113;37866;-;142.4	43;35113;37866;-;73.3	42;34333;35103;-;60.1	40;32999;34054;-;133.2		39;32076;32804;-;119.4	38;31141;32070;-;138.8	37;29930;31144;-;128.3	35;28700;29734;-;65.7	34;26862;28697;-;495.9		pfam	pfam_only	A	7/7	canonical	1	1	unscoreable	2	0	0														not_admitted	not_admitted	not_admitted	not_admitted	not_admitted	not_admitted	not_admitted
NZ_MK033581.1	MPF_T	IncX3	58	0	0	GA	1	45;38165;38809;-;46.4	44;37891;38181;-;73.1	43;35113;37866;-;47.0	43;35113;37866;-;142.4	43;35113;37866;-;73.3	42;34333;35103;-;60.1	40;32999;34054;-;133.2		39;32076;32804;-;119.4	38;31141;32070;-;138.8	37;29930;31144;-;128.3	35;28700;29734;-;65.7	34;26862;28697;-;495.9		pfam	pfam_only	A	7/7	canonical	1	1	unscoreable	2	0	0														not_admitted	not_admitted	not_admitted	not_admitted	not_admitted	not_admitted	not_admitted
NZ_MK033582.1	MPF_T	IncX3	58	0	0	GA	1	45;38165;38809;-;46.4	44;37891;38181;-;73.1	43;35113;37866;-;47.0	43;35113;37866;-;142.4	43;35113;37866;-;73.3	42;34333;35103;-;60.1	40;32999;34054;-;133.2		39;32076;32804;-;119.4	38;31141;32070;-;138.8	37;29930;31144;-;128.3	35;28700;29734;-;65.7	34;26862;28697;-;495.9		pfam	pfam_only	A	7/7	canonical	1	1	unscoreable	2	0	0														not_admitted	not_admitted	not_admitted	not_admitted	not_admitted	not_admitted	not_admitted
NZ_MK033583.1	MPF_T	IncX3	58	0	0	GA	1	45;38165;38809;-;46.4	44;37891;38181;-;73.1	43;35113;37866;-;47.0	43;35113;37866;-;142.4	43;35113;37866;-;73.3	42;34333;35103;-;60.1	40;32999;34054;-;133.2		39;32076;32804;-;119.4	38;31141;32070;-;138.8	37;29930;31144;-;128.3	35;28700;29734;-;65.7	34;26862;28697;-;495.9		pfam	pfam_only	A	7/7	canonical	1	1	unscoreable	2	0	0														not_admitted	not_admitted	not_admitted	not_admitted	not_admitted	not_admitted	not_admitted
NZ_MK033584.1	MPF_T	IncX3	58	0	0	GA	1	45;38165;38809;-;46.4	44;37891;38181;-;73.1	43;35113;37866;-;47.0	43;35113;37866;-;142.4	43;35113;37866;-;73.3	42;34333;35103;-;60.1	40;32999;34054;-;133.2		39;32076;32804;-;119.4	38;31141;32070;-;138.8	37;29930;31144;-;128.3	35;28700;29734;-;65.7	34;26862;28697;-;495.9		pfam	pfam_only	A	7/7	canonical	1	1	unscoreable	2	0	0														not_admitted	not_admitted	not_admitted	not_admitted	not_admitted	not_admitted	not_admitted
NZ_MK036886.1	MPF_F	IncFII(pHN7A8);repB(R1701)	182	0	0	GA	0															not_admitted	not_admitted	not_admitted	not_admitted	not_admitted	not_admitted	not_admitted	not_admitted	not_admitted	not_admitted	1	167;125729;126721;-;369.5			171;128557;130356;-;303.4		176;132411;133838;-;94.1	170;127730;128572;-;52.2	178;134553;135119;-;183.1				172;130872;131387;-;77.6		D	4/9	contiguous	8824	0	0	
NZ_MK036887.1	MPF_F	IncFII(K);IncR	120	0	0	GA	0															not_admitted	not_admitted	not_admitted	not_admitted	not_admitted	not_admitted	not_admitted	not_admitted	not_admitted	not_admitted	1	96;72389;73378;+;366.6	106;78925;80292;+;384.0	102;76915;77667;+;233.7	92;68293;70932;+;258.5	107;80292;80564;+;37.8	85;64042;65466;+;89.3	92;68293;70932;+;88.7	83;62749;63315;+;169.3	97;73391;74029;+;66.9	98;74088;76043;+;259.4		86;65538;66122;+;54.7		A	9/9	contiguous	17543	1	1	80576..81280+;234;unnamed;0
NZ_MK036888.1	MPF_F	IncFII(pHN7A8);IncR	213	0	0	GA	0															not_admitted	not_admitted	not_admitted	not_admitted	not_admitted	not_admitted	not_admitted	not_admitted	not_admitted	not_admitted	1	66;52064;53056;+;369.5	79;59889;61262;+;376.8	74;57580;58323;+;234.4	63;48428;51055;+;301.8	80;61259;64075;+;376.7	58;44946;46373;+;94.1	63;48428;51055;+;101.8	56;43665;44231;+;183.8	69;54002;54640;+;70.4	72;55453;57303;+;265.0	84;66376;68592;+;391.7	62;47397;47912;+;77.6	84;66376;68592;+;70.3	A	9/9	contiguous	22711	1	1	64108..64629+;173;unnamed;0
NZ_MK036890.1	MPF_T	IncN	72	0	0	GA	1	1;385;1119;+;32.5		4;1762;2079;+;63.3	5;2079;4679;+;113.8	5;2079;4679;+;76.4	6;4697;5410;+;105.5	8;5661;6701;+;142.4		9;6920;7618;+;131.9	10;7629;8513;+;159.7	11;8513;9673;+;156.3	12;9715;10710;+;81.2	26;22598;24127;-;38.5		pfam	both	A	7/7	canonical	1	0	unscoreable	3	0	0														not_admitted	not_admitted	not_admitted	not_admitted	not_admitted	not_admitted	not_admitted
NZ_MK041211.1	MPF_T	IncI2	78	0	0	GA	1	39;34207;34689;-;81.1		54;50285;50569;-;36.6	53;47922;50279;-;58.5	53;47922;50279;-;42.8	66;56022;56663;-;42.8	67;56669;57664;-;128.5		51;47022;47756;-;144.3	50;46255;47025;-;170.5	49;45126;46265;-;154.7	42;36457;37995;-;207.1	47;42078;44036;-;289.6		pfam	pfam_only	A	7/7	rearranged	1	0	unscoreable	17	1	0														not_admitted	not_admitted	not_admitted	not_admitted	not_admitted	not_admitted	not_admitted
NZ_MK041212.1	MPF_F	IncC	173	0	0	GA	0															not_admitted	not_admitted	not_admitted	not_admitted	not_admitted	not_admitted	not_admitted	not_admitted	not_admitted	not_admitted	1	97;72460;73467;+;332.9	163;128900;130333;+;339.2	162;127870;128898;+;221.7	92;67261;69708;+;354.2	164;130346;133960;+;375.3	83;53950;55266;+;135.0	92;67261;69708;+;128.6	81;52426;53052;+;92.1	95;70530;71795;+;67.6	98;73583;76378;+;145.3	72;46751;48616;+;47.4	84;55263;55841;+;100.2	72;46751;48616;+;52.0	A	9/9	split_2	83595	0	1	
NZ_MK048477.1	MPF_F	IncFII	97	0	0	GA	0															not_admitted	not_admitted	not_admitted	not_admitted	not_admitted	not_admitted	not_admitted	not_admitted	not_admitted	not_admitted	1	52;47618;48610;-;369.5	42;40466;41839;-;381.7	47;43769;44512;-;234.4	55;49619;52249;-;304.1	41;37647;40469;-;374.0	63;55651;57102;-;94.2	55;49619;52249;-;96.8	65;57817;58383;-;174.3	50;46636;47274;-;68.6	49;44789;46639;-;266.1	37;33114;35375;-;391.1	60;54276;54791;-;78.4	37;33114;35375;-;70.3	A	9/9	contiguous	24703	1	1	37146..37625-;159;TraS;0
NZ_MK053934.1	MPF_T	-	49	0	0	GA	1	28;20184;20894;+;101.0	29;20905;21198;+;41.2		30;21210;23921;+;78.0	30;21210;23921;+;57.1	31;23918;24559;+;71.2	18;11264;12349;+;71.0		19;12349;13137;+;74.6	20;13152;13889;+;149.0	21;13891;15270;+;180.8	22;15286;16323;+;92.0	26;18403;19920;+;35.6		pfam	both	A	7/7	rearranged	1	0	unscoreable	3	0	0														not_admitted	not_admitted	not_admitted	not_admitted	not_admitted	not_admitted	not_admitted
NZ_MK079570.1	MPF_F	IncFII(pHN7A8)	78	0	0	GA	0															not_admitted	not_admitted	not_admitted	not_admitted	not_admitted	not_admitted	not_admitted	not_admitted	not_admitted	not_admitted	1	52;39597;40589;+;369.5	65;47422;48795;+;376.8	60;45113;45856;+;234.4	49;35961;38588;+;301.8	66;48792;51608;+;376.7	44;32479;33906;+;94.1	49;35961;38588;+;101.8	42;31198;31764;+;183.8	55;41535;42173;+;70.4	58;42986;44836;+;265.0	70;53909;56170;+;391.6	48;34930;35445;+;78.0	70;53909;56170;+;70.3	A	9/9	contiguous	22711	1	1	51641..52162+;173;unnamed;0
NZ_MK079571.1	-	-	58	0	0	GA	1	28;29451;30200;+;40.2		30;30539;30937;+;25.9	31;30885;33317;+;51.4	31;30885;33317;+;35.8	32;33317;33946;+;83.9	35;34512;35483;+;89.7		37;35613;36401;+;157.9	38;36412;37191;+;163.1	39;37181;38404;+;125.2	40;38460;39488;+;93.8	42;39885;41456;+;293.2		pfam	pfam_only	A	7/7	canonical	1	0	unscoreable	5	0	0														not_admitted	not_admitted	not_admitted	not_admitted	not_admitted	not_admitted	not_admitted
NZ_MK079574.1	MPF_F	IncFII(pHN7A8);IncN	133	0	0	GA	0															not_admitted	not_admitted	not_admitted	not_admitted	not_admitted	not_admitted	not_admitted	not_admitted	not_admitted	not_admitted	1	106;88744;89736;+;369.5	119;96569;97942;+;376.8	114;94260;95003;+;234.4	103;85108;87735;+;301.8	120;97939;100755;+;376.7	98;81626;83053;+;94.1	103;85108;87735;+;101.8	96;80345;80911;+;183.8	109;90682;91320;+;70.4	112;92133;93983;+;265.0	124;103056;105290;+;391.7	102;84077;84592;+;78.0	124;103056;105290;+;70.3	A	9/9	contiguous	22711	1	1	100788..101309+;173;unnamed;0
NZ_MK088485.1	MPF_T	IncX3	61	0	0	GA	1	48;41832;42476;-;46.4	47;41558;41848;-;73.1	46;38780;41533;-;47.0	46;38780;41533;-;142.4	46;38780;41533;-;73.3	45;38000;38770;-;60.1	43;36666;37721;-;133.2		42;35743;36471;-;119.4	41;34808;35737;-;138.8	40;33597;34811;-;128.3	38;32367;33401;-;65.7	37;30529;32364;-;495.9		pfam	pfam_only	A	7/7	canonical	1	1	unscoreable	2	0	0														not_admitted	not_admitted	not_admitted	not_admitted	not_admitted	not_admitted	not_admitted
NZ_MK088486.1	MPF_T	IncX3	62	0	0	GA	1	49;39853;40497;-;46.4	48;39579;39869;-;73.1	47;36801;39554;-;47.0	47;36801;39554;-;142.4	47;36801;39554;-;73.3	46;36021;36791;-;60.1	44;34687;35742;-;133.2		43;33764;34492;-;119.4	42;32829;33758;-;138.8	41;31618;32832;-;128.3	39;30388;31422;-;65.7	38;28550;30385;-;495.9		pfam	pfam_only	A	7/7	canonical	1	1	unscoreable	2	0	0														not_admitted	not_admitted	not_admitted	not_admitted	not_admitted	not_admitted	not_admitted
NZ_MK092064.1	MPF_F	IncFII	70	0	0	GA	0															not_admitted	not_admitted	not_admitted	not_admitted	not_admitted	not_admitted	not_admitted	not_admitted	not_admitted	not_admitted	1	48;36734;37726;+;369.3	59;43774;45147;+;381.0	54;41441;42184;+;233.3	45;33098;35725;+;304.6	60;45144;47969;+;389.2	40;29519;30946;+;94.4	45;33098;35725;+;99.2	38;28238;28804;+;183.8	51;38721;39359;+;68.6	52;39356;41164;+;267.8	63;49474;51690;+;391.7	44;32067;32582;+;78.0	63;49474;51690;+;70.3	A	9/9	contiguous	21236	1	1	47966..48475+;169;unnamed;0
NZ_MK101346.1	MPF_F	IncC	161	0	0	GA	0															not_admitted	not_admitted	not_admitted	not_admitted	not_admitted	not_admitted	not_admitted	not_admitted	not_admitted	not_admitted	1	94;71322;72329;+;332.9	150;118093;119526;+;339.2	149;117063;118091;+;221.7	89;66123;68570;+;354.2	151;119539;123153;+;375.3	80;52812;54128;+;135.0	89;66123;68570;+;128.6	78;51288;51914;+;92.1	92;69392;70657;+;67.6	95;72445;75240;+;145.3	69;45613;47478;+;47.4	81;54125;54703;+;100.2	69;45613;47478;+;52.0	A	9/9	split_2	73926	0	1	
NZ_MK104259.1	MPF_F	IncFII(K);IncR	146	0	0	GA	0															not_admitted	not_admitted	not_admitted	not_admitted	not_admitted	not_admitted	not_admitted	not_admitted	not_admitted	not_admitted	1	111;96387;97376;+;366.6	121;102923;104290;+;383.3	117;100913;101665;+;233.7	107;92305;94944;+;258.5	122;104290;107139;+;346.4	98;87621;89045;+;89.2	107;92305;94944;+;88.7	96;86328;86894;+;169.3	112;97389;98027;+;66.9	113;98086;100041;+;259.7	126;109602;111914;+;392.8	99;89159;89743;+;55.4	126;109602;111914;+;65.9	A	9/9	contiguous	23274	1	1	107142..107675+;177;unnamed;0
NZ_MK123267.1	MPF_F	IncC	173	0	0	GA	0															not_admitted	not_admitted	not_admitted	not_admitted	not_admitted	not_admitted	not_admitted	not_admitted	not_admitted	not_admitted	1	97;72460;73467;+;332.9	163;128900;130333;+;339.2	162;127870;128898;+;221.7	92;67261;69708;+;354.2	164;130346;133960;+;375.3	83;53950;55266;+;135.0	92;67261;69708;+;128.6	81;52426;53052;+;92.1	95;70530;71795;+;67.6	98;73583;76378;+;145.3	72;46751;48616;+;47.4	84;55263;55841;+;100.2	72;46751;48616;+;52.0	A	9/9	split_2	83595	0	1	
NZ_MK123268.1	MPF_F	IncC	173	0	0	GA	0															not_admitted	not_admitted	not_admitted	not_admitted	not_admitted	not_admitted	not_admitted	not_admitted	not_admitted	not_admitted	1	97;72460;73467;+;332.9	163;128899;130332;+;339.2	162;127869;128897;+;221.7	92;67261;69708;+;354.2	164;130345;133959;+;375.3	83;53950;55266;+;135.0	92;67261;69708;+;128.6	81;52426;53052;+;92.1	95;70530;71795;+;67.6	98;73583;76378;+;145.3	72;46751;48616;+;47.4	84;55263;55841;+;100.2	72;46751;48616;+;52.0	A	9/9	split_2	83594	0	1	
NZ_MK124610.1	MPF_F	IncFIB(pB171);IncFII(Yp);IncFII(pAR0022)	189	0	0	GA	0															not_admitted	not_admitted	not_admitted	not_admitted	not_admitted	not_admitted	not_admitted	not_admitted	not_admitted	not_admitted	1	51;51204;52190;-;368.4	43;45121;46491;-;376.7	47;47708;48457;-;218.2	54;53184;55814;-;285.5	42;42299;45121;-;336.5	60;57842;59236;-;90.9	54;53184;55814;-;98.6	62;59953;60519;-;169.9	50;50558;51187;-;66.9	49;48708;50561;-;257.4	37;37603;39804;-;384.8	59;57281;57820;-;64.9	37;37603;39804;-;63.9	A	9/9	contiguous	22350	1	1	41846..42277-;143;TraS;0
NZ_MK134376.1	MPF_F	IncFIB(AP001918);IncFIB(K);IncFIC(FII)	184	0	0	GA	0															not_admitted	not_admitted	not_admitted	not_admitted	not_admitted	not_admitted	not_admitted	not_admitted	not_admitted	not_admitted	1	85;72582;73574;+;369.3	93;78270;79643;+;380.7	89;76306;77049;+;232.7	82;68946;71573;+;303.5	94;79640;82462;+;380.3	78;65607;67034;+;94.3	82;68946;71573;+;100.3	76;64326;64892;+;183.8	86;73583;74221;+;68.3	87;74218;76026;+;268.3	97;83996;86185;+;391.8	81;67915;68430;+;78.0	97;83996;86185;+;70.4	A	9/9	contiguous	19670	1	1	82483..82980+;165;TraS;0
NZ_MK158080.1	MPF_F	IncFII(K);repB(R1701)	119	0	0	GA	0															not_admitted	not_admitted	not_admitted	not_admitted	not_admitted	not_admitted	not_admitted	not_admitted	not_admitted	not_admitted	1	37;39453;40442;-;366.6	27;32539;33906;-;384.0	31;35164;35916;-;233.7	41;41885;44524;-;258.5	26;29690;32539;-;346.4	49;48783;50207;-;89.2	41;41885;44524;-;88.2	51;50934;51500;-;169.3	36;38802;39440;-;66.9	35;36788;38743;-;259.7	22;24916;27228;-;393.1	48;48085;48669;-;53.6	22;24916;27228;-;66.6	A	9/9	contiguous	26018	1	1	29154..29687-;177;unnamed;0
NZ_MK167987.1	MPF_F	IncFII(K);IncFII(pAR0022);IncR	173	0	0	GA	0															not_admitted	not_admitted	not_admitted	not_admitted	not_admitted	not_admitted	not_admitted	not_admitted	not_admitted	not_admitted	1	117;118822;119814;-;366.6	107;111990;113360;-;381.2	111;114562;115314;-;232.2	120;120840;123479;-;259.3	106;109141;111990;-;341.4	128;127062;128486;-;89.3	120;120840;123479;-;88.8	130;129213;129779;-;167.0	116;118171;118809;-;67.0	115;116157;118112;-;259.7	102;105015;107327;-;393.1	126;125875;126432;-;52.5	102;105015;107327;-;66.6	A	9/9	contiguous	24198	1	1	108608..109138-;176;unnamed;0
NZ_MK167989.1	MPF_F	IncFII(K);IncR	169	0	0	GA	0															not_admitted	not_admitted	not_admitted	not_admitted	not_admitted	not_admitted	not_admitted	not_admitted	not_admitted	not_admitted	1	145;125794;126786;+;366.6	155;132248;133618;+;381.2	151;130294;131046;+;233.0	142;122129;124768;+;259.3	156;133618;136467;+;346.5	134;117121;118545;+;89.3	142;122129;124768;+;89.0	132;115828;116394;+;167.0	146;126799;127437;+;67.0	147;127496;129451;+;259.7	159;138283;140592;+;392.7	136;119176;119733;+;52.5	159;138283;140592;+;66.6	A	9/9	contiguous	22455	1	1	136470..137000+;176;unnamed;0
NZ_MK169211.1	MPF_F	IncHI2;IncHI2A	243	0	0	GA	0															not_admitted	not_admitted	not_admitted	not_admitted	not_admitted	not_admitted	not_admitted	not_admitted	not_admitted	not_admitted	1	27;32722;33780;+;276.9	144;139210;140625;-;194.1	145;140615;141661;-;174.3	11;8955;11636;+;168.0	143;135248;139201;-;101.6	7;5270;6625;+;80.7	11;8955;11636;+;72.2	4;2758;3546;+;74.8	25;31069;32580;+;62.0	28;33799;36987;+;57.3	152;148703;150787;+;56.8	10;7996;8946;+;46.1	152;148703;150787;+;38.8	A	9/9	split_3	145945	1	1	133778..135067-;429;unnamed;0
NZ_MK172815.1	MPF_T	IncX4	41	0	0	GA	1	16;16199;16819;-;41.6	15;15859;16185;-;64.4	14;13093;15840;-;63.8	14;13093;15840;-;151.8	14;13093;15840;-;46.1	13;12365;13081;-;94.2	12;11259;12353;-;150.1		10;10058;10744;-;169.0	9;9153;10061;-;142.4	8;8042;9160;-;163.9	7;7012;8040;-;85.0	6;5163;6980;-;314.8		pfam	pfam_only	A	7/7	canonical	1	1	unscoreable	1	0	0														not_admitted	not_admitted	not_admitted	not_admitted	not_admitted	not_admitted	not_admitted
NZ_MK181633.1	MPF_F	IncFIB(K);IncFIB(pNDM-Mar);IncFII(pBK30683);IncHI1B(pNDM-MAR)	529	0	0	GA	0															not_admitted	not_admitted	not_admitted	not_admitted	not_admitted	not_admitted	not_admitted	not_admitted	not_admitted	not_admitted	1	19;14299;15288;+;366.0	29;20835;22202;+;384.0	25;18825;19577;+;233.7	15;10203;12842;+;258.5	30;22202;25051;+;346.4	9;5949;7373;+;89.2	15;10203;12842;+;88.7	7;4656;5222;+;169.3	389;366139;367500;-;69.9	21;15998;17953;+;259.7	34;27515;29827;+;390.0	401;379736;380473;-;56.9	34;27515;29827;+;64.0	A	9/9	split_2	375080	1	1	25054..25587+;177;unnamed;0
NZ_MK183753.1	MPF_F	IncFII(pBK30683);repB(R1701)	124	0	0	GA	0															not_admitted	not_admitted	not_admitted	not_admitted	not_admitted	not_admitted	not_admitted	not_admitted	not_admitted	not_admitted	1	70;65128;66117;-;366.0	60;58214;59581;-;384.0	64;60839;61591;-;233.7	74;67574;70213;-;258.5	59;55365;58214;-;346.4	80;73043;74467;-;89.2	74;67574;70213;-;88.7	82;75194;75760;-;169.3	69;64477;65115;-;67.0	68;62463;64418;-;259.7	55;50589;52901;-;390.0	79;72386;72970;-;54.5	55;50589;52901;-;64.0	A	9/9	contiguous	24605	1	1	54829..55362-;177;unnamed;0
NZ_MK191023.1	MPF_F	IncFII(pBK30683);repB(R1701)	124	0	0	GA	0															not_admitted	not_admitted	not_admitted	not_admitted	not_admitted	not_admitted	not_admitted	not_admitted	not_admitted	not_admitted	1	70;65128;66117;-;366.0	60;58214;59581;-;384.0	64;60839;61591;-;233.7	74;67574;70213;-;258.5	59;55365;58214;-;346.4	80;73043;74467;-;89.2	74;67574;70213;-;88.7	82;75194;75760;-;169.3	69;64477;65115;-;67.0	68;62463;64418;-;259.7	55;50589;52901;-;390.0	79;72386;72970;-;54.5	55;50589;52901;-;64.0	A	9/9	contiguous	24605	1	1	54829..55362-;177;unnamed;0
NZ_MK191024.1	MPF_F	IncFIB(pNDM-Mar);IncHI1B(pNDM-MAR)	324	0	0	GA	0															not_admitted	not_admitted	not_admitted	not_admitted	not_admitted	not_admitted	not_admitted	not_admitted	not_admitted	not_admitted	1	254;225731;226768;-;282.3	180;155070;156479;-;190.4	181;156469;157506;-;175.6	266;237600;240317;-;149.6	179;151100;155068;-;121.3	270;242430;243800;-;65.6	266;237600;240317;-;85.2	273;245446;246306;-;79.0	255;226765;228126;-;69.9	253;222536;225721;-;59.6	188;164705;166831;+;57.7	267;240362;241099;-;56.9	188;164705;166831;+;41.0	A	9/9	split_2	94346	0	1	
NZ_MK192097.1	MPF_F	IncFIB(K);IncFII(pBK30683)	202	0	0	GA	0															not_admitted	not_admitted	not_admitted	not_admitted	not_admitted	not_admitted	not_admitted	not_admitted	not_admitted	not_admitted	1	42;30996;31985;+;366.0	52;37532;38899;+;384.0	48;35522;36274;+;233.7	38;26900;29539;+;258.5	53;38899;41748;+;346.4	32;22646;24070;+;89.2	38;26900;29539;+;88.7	30;21353;21919;+;169.3	43;31998;32636;+;67.0	44;32695;34650;+;259.7	57;44212;46524;+;390.0	33;24143;24727;+;54.5	57;44212;46524;+;64.0	A	9/9	contiguous	22859	1	1	41751..42284+;177;unnamed;0
NZ_MK243454.1	MPF_F	-	92	0	0	GA	0															not_admitted	not_admitted	not_admitted	not_admitted	not_admitted	not_admitted	not_admitted	not_admitted	not_admitted	not_admitted	1	79;51734;52777;+;369.0	84;56760;58187;+;325.8	82;55546;56358;+;219.1	75;47446;50172;+;164.3	85;58203;61214;+;208.7	71;44448;45764;+;102.7	75;47446;50172;+;106.8	69;43157;43735;+;83.7	80;52792;53499;+;107.6	81;53496;55553;+;91.0	51;30437;32596;+;381.4	74;46792;47436;+;41.9	51;30437;32596;+;89.9	A	9/9	contiguous	27766	1	1	61286..61804+;172;unnamed;0
NZ_MK262709.1	MPF_T	IncX3	59	0	0	GA	1	37;29790;30434;-;46.4	36;29516;29806;-;73.1	35;27836;29491;-;47.8	35;27836;29491;-;143.6	35;27836;29491;-;74.2	33;25959;26729;-;60.1	31;24625;25680;-;133.2		30;23702;24430;-;119.4	29;22767;23696;-;138.8	27;21479;21919;-;85.0	25;20249;21283;-;65.7	24;18411;20246;-;495.9		pfam	pfam_only	A	7/7	canonical	1	1	unscoreable	4	0	0														not_admitted	not_admitted	not_admitted	not_admitted	not_admitted	not_admitted	not_admitted
NZ_MK262711.1	MPF_F	IncFIA(HI1);IncFII(K)	113	0	0	GA	0															not_admitted	not_admitted	not_admitted	not_admitted	not_admitted	not_admitted	not_admitted	not_admitted	not_admitted	not_admitted	1	6;4456;5070;+;261.7	16;10617;11984;+;384.6	12;8607;9359;+;233.7	0;1;1770;+;259.8	17;11984;14833;+;347.0	104;86393;87463;+;38.3	1;1752;2639;+;44.4	102;85100;85666;+;169.3	7;5083;5721;+;66.9	8;5780;7735;+;259.7	21;17296;19608;+;393.2	106;87930;88514;+;55.4	21;17296;19608;+;65.8	A	9/9	split_2	87929	1	1	14836..15396+;186;unnamed;0
NZ_MK262712.1	MPF_F	IncFIB(pNDM-Mar);IncHI1B(pNDM-MAR)	308	0	0	GA	0															not_admitted	not_admitted	not_admitted	not_admitted	not_admitted	not_admitted	not_admitted	not_admitted	not_admitted	not_admitted	1	262;229654;230691;-;282.3	104;78089;79498;+;190.4	103;77062;78099;+;176.7	274;241523;244240;-;149.6	105;79655;83467;+;90.9	186;155629;156885;-;206.8	274;241523;244240;-;85.2	281;249369;250229;-;79.0	263;230688;232049;-;70.0	261;226459;229644;-;59.6	96;67755;69881;-;58.0	275;244285;245022;-;56.9	96;67755;69881;-;39.7	A	9/9	split_3	181614	0	1	
NZ_MK264770.1	MPF_T	IncU;IncX3	63	0	0	GA	1	30;20287;20931;+;46.4	31;20915;21205;+;74.0	32;21230;23983;+;46.3	32;21230;23983;+;147.8	32;21230;23983;+;75.7	33;23994;24764;+;60.8	35;25043;26098;+;134.9		36;26293;27021;+;118.1	37;27027;27956;+;139.9	38;27953;29155;+;128.4	39;29167;30198;+;65.4	41;30388;32223;+;495.5		pfam	pfam_only	A	7/7	canonical	1	1	unscoreable	2	0	0														not_admitted	not_admitted	not_admitted	not_admitted	not_admitted	not_admitted	not_admitted
NZ_MK291500.1	MPF_F	IncFIB(pB171);IncFII	147	0	0	GA	0															not_admitted	not_admitted	not_admitted	not_admitted	not_admitted	not_admitted	not_admitted	not_admitted	not_admitted	not_admitted	1	50;48815;49807;-;372.1	39;41710;43083;-;380.7	44;44673;45416;-;233.3	53;50816;53443;-;303.5	38;38894;41713;-;386.2	58;55572;57023;-;94.6	53;50816;53443;-;100.3	60;57738;58304;-;183.2	49;48168;48806;-;68.6	46;45693;47456;-;267.9	35;35173;37362;-;391.8	54;53959;54474;-;79.0	35;35173;37362;-;70.4	A	9/9	contiguous	22565	1	1	38378..38869-;163;TraS;0
NZ_MK293945.1	MPF_F	IncHI2	51	0	0	GA	0															not_admitted	not_admitted	not_admitted	not_admitted	not_admitted	not_admitted	not_admitted	not_admitted	not_admitted	not_admitted	1	29;29677;30684;+;332.9			24;24478;26925;+;354.2			24;24478;26925;+;128.6		27;27747;29012;+;67.6	30;30800;33595;+;145.3				D	4/9	contiguous	6322	0	1	
NZ_MK295818.1	MPF_F	IncFIA	148	0	0	GA	0															not_admitted	not_admitted	not_admitted	not_admitted	not_admitted	not_admitted	not_admitted	not_admitted	not_admitted	not_admitted	1	44;35931;36923;+;369.5	55;42658;44031;+;382.9	49;39987;40730;+;234.4	41;32295;34922;+;300.9	56;44028;46847;+;385.4	35;28715;30142;+;93.9	41;32295;34922;+;101.1	33;27434;28000;+;182.7	46;37267;37905;+;70.7	47;37902;39710;+;267.1	59;48379;50595;+;380.8	39;31264;31779;+;76.0	59;48379;50595;+;66.5	A	9/9	contiguous	20945	1	1	46872..47363+;163;TraS;0
NZ_MK295820.1	MPF_F	IncFIA;IncFIB(pB171);IncFII(pRSB107)	122	0	0	GA	0															not_admitted	not_admitted	not_admitted	not_admitted	not_admitted	not_admitted	not_admitted	not_admitted	not_admitted	not_admitted	1	39;34048;35034;+;360.3	52;42793;44166;+;386.6	44;38140;38883;+;231.4	36;30412;33039;+;303.9	53;44163;46982;+;386.3	30;27076;28527;+;94.1	36;30412;33039;+;96.5	28;25795;26361;+;184.3	41;35378;36016;+;68.7	42;36013;37863;+;266.8	57;49240;51447;+;391.8	33;29381;29896;+;75.2	57;49240;51447;+;70.3	A	9/9	contiguous	23445	1	1	47007..47498+;163;TraS;0
NZ_MK295821.1	MPF_F	IncFIA;IncFII	146	0	0	GA	0															not_admitted	not_admitted	not_admitted	not_admitted	not_admitted	not_admitted	not_admitted	not_admitted	not_admitted	not_admitted	1	41;32730;33722;+;369.5	52;39204;40577;+;382.9	46;36533;37276;+;234.4	38;29094;31721;+;300.9	53;40574;43393;+;385.4	32;25514;26941;+;93.9	38;29094;31721;+;101.1	30;24233;24799;+;182.7	43;34066;34680;+;70.6	44;34736;36256;+;267.7	56;44925;47150;+;380.7	36;28063;28578;+;76.0	56;44925;47150;+;66.5	A	9/9	contiguous	20692	1	1	43418..43909+;163;TraS;0
NZ_MK295823.1	MPF_F	IncFIA;IncFII	159	0	0	GA	0															not_admitted	not_admitted	not_admitted	not_admitted	not_admitted	not_admitted	not_admitted	not_admitted	not_admitted	not_admitted	1	40;32276;33268;+;369.5	51;39003;40376;+;382.9	45;36332;37075;+;234.4	37;28640;31267;+;300.9	52;40373;43192;+;385.4	31;25060;26487;+;93.9	37;28640;31267;+;101.1	29;23779;24345;+;182.7	42;33612;34250;+;70.7	43;34247;36055;+;267.1	58;47264;49480;+;380.8	35;27609;28124;+;76.0	58;47264;49480;+;66.5	A	9/9	contiguous	23485	1	1	43217..43708+;163;TraS;0
NZ_MK295825.1	MPF_F	Col156;IncFIA;IncFIB(AP001918);IncFII(pRSB107)	153	0	0	GA	0															not_admitted	not_admitted	not_admitted	not_admitted	not_admitted	not_admitted	not_admitted	not_admitted	not_admitted	not_admitted	1	45;37465;38457;+;369.5	58;46216;47589;+;386.6	50;41563;42306;+;231.4	42;33829;36456;+;303.9	59;47586;50405;+;386.3	36;30493;31944;+;94.1	42;33829;36456;+;96.5	34;29212;29778;+;184.3	47;38801;39439;+;68.7	48;39436;41286;+;266.7	63;52663;54897;+;391.7	39;32798;33313;+;75.2	63;52663;54897;+;70.3	A	9/9	contiguous	23451	1	1	50430..50921+;163;TraS;0
NZ_MK295829.1	MPF_F	Col156;IncFIA;IncFIB(AP001918);IncFII(pRSB107)	171	0	0	GA	0															not_admitted	not_admitted	not_admitted	not_admitted	not_admitted	not_admitted	not_admitted	not_admitted	not_admitted	not_admitted	1	42;33475;34467;+;369.5	50;37603;38976;+;382.2	73;62995;63747;+;83.6	39;29839;32466;+;303.9	51;38973;41792;+;386.3	33;26503;27954;+;94.1	39;29839;32466;+;96.5	31;25222;25788;+;184.3		70;62182;62565;+;29.2	55;44050;46284;+;391.7	36;28808;29323;+;75.2	55;44050;46284;+;70.3	B	8/9	contiguous	37773	1	1	41817..42308+;163;TraS;0
NZ_MK295831.1	MPF_F	IncFIA;IncFII	152	0	0	GA	0															not_admitted	not_admitted	not_admitted	not_admitted	not_admitted	not_admitted	not_admitted	not_admitted	not_admitted	not_admitted	1	41;32730;33722;+;369.5	52;39457;40830;+;382.9	46;36786;37529;+;234.4	38;29094;31721;+;300.9	53;40827;43646;+;385.4	32;25514;26941;+;93.9	38;29094;31721;+;101.1	30;24233;24799;+;182.7	43;34066;34704;+;70.7	44;34701;36509;+;267.1	59;47718;49943;+;380.7	36;28063;28578;+;76.0	59;47718;49943;+;66.5	A	9/9	contiguous	23485	1	1	43671..44162+;163;TraS;0
NZ_MK295833.1	MPF_F	IncFIA;IncFII	144	0	0	GA	0															not_admitted	not_admitted	not_admitted	not_admitted	not_admitted	not_admitted	not_admitted	not_admitted	not_admitted	not_admitted	1	40;32061;33053;+;369.5	51;38788;40161;+;382.9	45;36117;36860;+;234.4	37;28425;31052;+;300.9	52;40158;42977;+;385.4	31;24845;26272;+;93.9	37;28425;31052;+;101.1	29;23564;24130;+;182.7	42;33397;34035;+;70.7	43;34032;35840;+;267.1	86;71825;74050;+;380.7	35;27394;27909;+;76.0	86;71825;74050;+;66.5	A	9/9	split_2	48261	1	1	43002..43493+;163;TraS;0
NZ_MK295834.1	MPF_F	IncFIA;IncFIB(AP001918);IncFII	127	0	0	GA	0															not_admitted	not_admitted	not_admitted	not_admitted	not_admitted	not_admitted	not_admitted	not_admitted	not_admitted	not_admitted	1	41;33232;34224;+;369.5	51;40003;41376;+;381.7	46;37330;38073;+;234.4	38;29593;32223;+;304.1	52;41373;44195;+;374.0	31;25143;26594;+;94.2	38;29593;32223;+;97.1	29;23862;24428;+;174.3	43;34568;35206;+;68.6	44;35203;37053;+;266.1	56;46467;48701;+;391.1	34;27454;27969;+;78.4	56;46467;48701;+;70.3	A	9/9	contiguous	22605	1	1	44217..44696+;159;TraS;0
NZ_MK308632.1	MPF_T	IncX3	62	0	0	GA	1	49;40884;41528;-;46.4	48;40610;40900;-;73.1	47;37832;40585;-;47.0	47;37832;40585;-;142.4	47;37832;40585;-;73.3	46;37052;37822;-;60.1	44;35718;36773;-;133.2		43;34795;35523;-;119.4	42;33860;34789;-;138.8	41;32649;33863;-;128.3	39;31419;32453;-;65.7	38;29581;31416;-;495.9		pfam	pfam_only	A	7/7	canonical	1	1	unscoreable	2	0	0														not_admitted	not_admitted	not_admitted	not_admitted	not_admitted	not_admitted	not_admitted
NZ_MK317995.1	MPF_T	IncX3	58	0	0	GA	1	53;40995;41639;+;46.4	54;41623;41913;+;73.1	55;41938;44691;+;47.0	55;41938;44691;+;142.4	55;41938;44691;+;73.3	56;44701;45471;+;60.1	0;39;644;+;64.4		1;839;1567;+;119.4	2;1573;2502;+;138.8	3;2499;3713;+;128.3	5;3909;4943;+;65.7	6;4946;6781;+;495.9		pfam	pfam_only	A	7/7	rearranged	1	1	unscoreable	1	0	0														not_admitted	not_admitted	not_admitted	not_admitted	not_admitted	not_admitted	not_admitted
NZ_MK318968.1	MPF_T	-	153	0	0	GA	1	27;20596;21300;+;85.9	28;21317;21670;+;60.3	29;21670;21966;+;66.5	30;21992;24436;+;134.3	30;21992;24436;+;90.9	32;25094;25828;+;42.9	34;26051;27076;+;123.7		35;27109;27855;+;196.5	36;27873;28658;+;195.2	37;28648;29937;+;203.3	38;29885;31024;+;119.7	39;31021;33381;+;244.5		pfam	pfam_only	A	7/7	canonical	1	0	unscoreable	2	0	0														not_admitted	not_admitted	not_admitted	not_admitted	not_admitted	not_admitted	not_admitted
NZ_MK318969.1	MPF_T	-	150	0	0	GA	1	40;29823;30527;+;81.4	41;30545;30898;+;62.3	42;30898;31194;+;66.5	43;31220;33664;+;134.3	43;31220;33664;+;90.9	45;34322;35056;+;42.9	47;35279;36304;+;123.7		48;36337;37083;+;192.0	49;37080;37886;+;194.2	50;37876;39183;+;200.8	51;39131;40240;+;116.6	52;40237;42597;+;244.5		pfam	pfam_only	A	7/7	canonical	1	0	unscoreable	2	0	0														not_admitted	not_admitted	not_admitted	not_admitted	not_admitted	not_admitted	not_admitted
NZ_MK318971.1	MPF_T	-	206	0	0	GA	1	28;23224;23928;+;81.4	29;23946;24299;+;62.3	30;24299;24595;+;66.5	31;24621;27065;+;134.3	31;24621;27065;+;90.9	33;27723;28457;+;42.9	35;28680;29705;+;123.7		36;29738;30484;+;196.5	37;30502;31287;+;195.2	38;31277;32566;+;201.4	39;32514;33623;+;120.4	40;33620;35980;+;243.9		pfam	pfam_only	A	7/7	canonical	1	0	unscoreable	2	0	0														not_admitted	not_admitted	not_admitted	not_admitted	not_admitted	not_admitted	not_admitted
NZ_MK318972.1	MPF_T	-	202	0	0	GA	1	40;29817;30521;+;85.9	41;30538;30891;+;60.3	42;30891;31187;+;66.5	43;31213;33657;+;134.3	43;31213;33657;+;90.9	45;34315;35049;+;42.9	47;35272;36297;+;123.7		48;36330;37076;+;196.5	49;37094;37879;+;195.2	50;37869;39158;+;201.4	51;39106;40215;+;122.5	52;40212;42572;+;244.5		pfam	pfam_only	A	7/7	canonical	1	0	unscoreable	2	0	0														not_admitted	not_admitted	not_admitted	not_admitted	not_admitted	not_admitted	not_admitted
NZ_MK318973.1	MPF_T	-	161	0	0	GA	1		158;170054;170461;-;71.0	157;169762;170061;-;62.1	156;167283;169751;-;190.5	156;167283;169751;-;120.4	155;166502;167311;-;48.7	153;165091;166293;-;109.9		152;164422;165084;-;122.2	151;163550;164404;-;192.1	149;161752;163059;-;224.3	159;170451;171422;-;135.7	84;90114;92090;-;567.8		conjscan	conjscan_only	A	7/7	canonical	1	0	unscoreable	3	0	0														not_admitted	not_admitted	not_admitted	not_admitted	not_admitted	not_admitted	not_admitted
NZ_MK318986.1	MPF_T	-	196	0	0	GA	1	127;136764;137501;+;73.4	193;216069;216476;-;72.1	129;137866;138192;+;73.6	130;138192;140561;+;237.3	191;213298;215766;-;121.3	190;212517;213326;-;47.5	188;211112;212308;-;109.9		134;142417;143130;+;176.9	186;209563;210417;-;190.1	184;207764;209074;-;230.5	194;216466;217437;-;136.9	91;93904;95853;-;543.9		conjscan	conjscan_only	A	7/7	uncallable	0	0	unscoreable	11	0	0														not_admitted	not_admitted	not_admitted	not_admitted	not_admitted	not_admitted	not_admitted
NZ_MK318987.1	MPF_T	-	198	0	0	GA	1	44;40429;41133;+;82.1	45;41151;41504;+;59.6	46;41504;41800;+;66.8	47;41827;44271;+;131.9	47;41827;44271;+;92.1	49;44928;45665;+;49.8	51;45888;46913;+;123.7		52;46946;47692;+;193.5	53;47689;48495;+;194.3	54;48485;49774;+;201.5	55;49722;50831;+;124.4	56;50828;53188;+;236.9		pfam	pfam_only	A	7/7	canonical	1	0	unscoreable	2	0	0														not_admitted	not_admitted	not_admitted	not_admitted	not_admitted	not_admitted	not_admitted
NZ_MK347425.1	MPF_F	IncFIA(HI1);IncFII(K)	137	0	0	GA	0															not_admitted	not_admitted	not_admitted	not_admitted	not_admitted	not_admitted	not_admitted	not_admitted	not_admitted	not_admitted	1	49;35147;36139;+;366.6	59;41686;43053;+;384.0	55;39676;40428;+;233.7	46;31482;34121;+;258.5	60;43053;45902;+;346.4	38;25799;27223;+;89.2	46;31482;34121;+;88.2	36;24506;25072;+;168.1	50;36152;36790;+;66.9	51;36849;38804;+;259.7	64;48364;50676;+;393.2	39;27337;27921;+;53.1	64;48364;50676;+;65.8	A	9/9	contiguous	23858	1	1	45905..46438+;177;unnamed;0
NZ_MK355502.1	MPF_F	IncHI2;IncHI2A	298	0	0	GA	0															not_admitted	not_admitted	not_admitted	not_admitted	not_admitted	not_admitted	not_admitted	not_admitted	not_admitted	not_admitted	1	30;33481;34539;+;276.9	212;201594;203009;-;194.1	213;202999;204045;-;174.3	11;8697;11378;+;168.0	211;197632;201585;-;101.7	7;5012;6367;+;80.7	11;8697;11378;+;72.2	4;2500;3288;+;74.8	28;31828;33339;+;62.0	31;34558;37746;+;57.3	220;211087;213171;+;56.8	10;7738;8688;+;46.1	220;211087;213171;+;38.8	A	9/9	split_3	208587	1	1	196162..197451-;429;unnamed;0
NZ_MK356560.1	MPF_T	IncN	55	0	0	GA	1	21;20685;21419;+;32.5	23;21719;22012;+;28.7	24;22062;22379;+;63.3	25;22379;24979;+;111.8	25;22379;24979;+;76.8	26;24997;25710;+;97.1	28;25961;27001;+;153.6		29;27220;27918;+;131.9	30;27929;28813;+;159.0	31;28813;29973;+;154.9	32;30015;31010;+;81.2	36;35579;37108;-;38.5		pfam	both	A	7/7	canonical	1	0	unscoreable	5	0	0														not_admitted	not_admitted	not_admitted	not_admitted	not_admitted	not_admitted	not_admitted
NZ_MK356561.1	MPF_T	Col(pHAD28);IncN	69	0	0	GA	1	34;30894;31628;+;32.5	36;31928;32221;+;28.7	37;32271;32588;+;63.3	38;32588;35188;+;111.8	38;32588;35188;+;76.8	39;35206;35919;+;97.1	41;36170;37210;+;153.6		42;37429;38127;+;131.9	43;38138;39022;+;159.0	44;39022;40182;+;154.9	45;40224;41219;+;81.2	49;45788;47317;-;38.5		pfam	both	A	7/7	canonical	1	0	unscoreable	5	0	0														not_admitted	not_admitted	not_admitted	not_admitted	not_admitted	not_admitted	not_admitted
NZ_MK360096.1	MPF_T	IncX1	61	0	0	GA	1	39;37388;38035;-;47.0	38;37114;37410;-;77.5	37;34342;37095;-;46.6	37;34342;37095;-;147.7	37;34342;37095;-;75.3	36;33573;34331;-;67.3	34;32202;33335;-;106.4		33;31243;31956;-;120.7	32;30309;31238;-;134.2	31;29107;30312;-;132.5	30;28074;29105;-;76.5	29;26236;28071;-;488.2		pfam	pfam_only	A	7/7	canonical	1	1	unscoreable	1	0	0														not_admitted	not_admitted	not_admitted	not_admitted	not_admitted	not_admitted	not_admitted
NZ_MK368725.1	MPF_T	IncN2	52	0	0	GA	1	44;37278;38060;-;33.2	42;36735;37031;-;36.0	41;36378;36695;-;71.9	40;33804;36377;-;118.0	40;33804;36377;-;74.2	39;33087;33788;-;98.9	37;31781;32818;-;121.9		36;30867;31562;-;127.6	35;29969;30856;-;142.7	34;28830;29969;-;172.5	33;27778;28779;-;90.1	18;12141;13673;+;46.3		pfam	both	A	7/7	canonical	1	0	unscoreable	2	0	0														not_admitted	not_admitted	not_admitted	not_admitted	not_admitted	not_admitted	not_admitted
NZ_MK370988.1	MPF_F	IncFIA;IncFIB(AP001918)	162	0	0	GA	0															not_admitted	not_admitted	not_admitted	not_admitted	not_admitted	not_admitted	not_admitted	not_admitted	not_admitted	not_admitted	1	96;83703;84695;-;369.5		91;79854;80597;-;231.4	99;85704;88331;-;303.9		105;90216;91667;-;94.1	99;85704;88331;-;96.5	107;92382;92948;-;184.3	94;82721;83359;-;68.7	93;80874;82724;-;266.7	99;85704;88331;-;21.8	102;88847;89362;-;75.2		C	7/9	contiguous	12528	0	1	
NZ_MK370989.1	MPF_F	IncFIA;IncFIB(AP001918)	129	0	0	GA	0															not_admitted	not_admitted	not_admitted	not_admitted	not_admitted	not_admitted	not_admitted	not_admitted	not_admitted	not_admitted	1	61;52909;53901;-;369.5		56;49060;49803;-;231.4	64;54910;57537;-;303.9		70;59422;60873;-;94.1	64;54910;57537;-;96.5	72;61588;62154;-;184.3	59;51927;52565;-;68.7	58;50080;51930;-;266.7	64;54910;57537;-;21.8	67;58053;58568;-;75.2		C	7/9	contiguous	12528	0	1	
NZ_MK370990.1	MPF_F	IncFII(Yp);IncFII(pAR0022);IncQ1;repB(R1701)	189	0	0	GA	0															not_admitted	not_admitted	not_admitted	not_admitted	not_admitted	not_admitted	not_admitted	not_admitted	not_admitted	not_admitted	1	13;11463;12452;-;366.6	3;4549;5916;-;384.0	7;7174;7926;-;233.7	17;13909;16548;-;258.5	2;1700;4549;-;346.4	24;19375;20799;-;89.3	17;13909;16548;-;88.7	26;21526;22092;-;169.3	12;10812;11450;-;66.9	11;8798;10753;-;259.4	187;143082;145394;-;393.1	23;18719;19303;-;54.7	187;143082;145394;-;66.6	A	9/9	split_2	141382	1	1	1164..1697-;177;unnamed;0
NZ_MK370991.1	MPF_F	IncFIA;IncFIB(AP001918);IncQ1;repB(R1701)	347	0	0	GA	0															not_admitted	not_admitted	not_admitted	not_admitted	not_admitted	not_admitted	not_admitted	not_admitted	not_admitted	not_admitted	1	236;185943;186935;-;369.5	54;49577;50944;-;384.0	58;52202;52954;-;233.7	239;187944;190571;-;303.9	53;46728;49577;-;346.4	245;192456;193907;-;94.1	239;187944;190571;-;96.5	247;194622;195188;-;184.3	234;184961;185599;-;68.7	233;183114;184964;-;266.7	49;41954;44266;-;393.1	242;191087;191602;-;75.2	49;41954;44266;-;66.6	A	9/9	split_2	152668	1	1	46192..46725-;177;unnamed;0
NZ_MK372380.1	MPF_T	IncX3	67	0	0	GA	1	54;46039;46683;-;46.4	53;45765;46055;-;73.1	52;42987;45740;-;47.0	52;42987;45740;-;142.4	52;42987;45740;-;73.3	51;42207;42977;-;60.1	49;40873;41928;-;133.2		48;39950;40678;-;119.4	47;39015;39944;-;138.8	46;37804;39018;-;128.3	44;36574;37608;-;65.7	43;34736;36571;-;495.9		pfam	pfam_only	A	7/7	canonical	1	1	unscoreable	2	0	0														not_admitted	not_admitted	not_admitted	not_admitted	not_admitted	not_admitted	not_admitted
NZ_MK372381.1	MPF_T	IncX3	66	0	0	GA	1	53;44569;45213;-;46.4	52;44295;44585;-;73.1	51;41517;44270;-;47.0	51;41517;44270;-;142.4	51;41517;44270;-;73.3	50;40737;41507;-;60.1	48;39403;40458;-;133.2		47;38480;39208;-;119.4	46;37545;38474;-;138.8	45;36334;37548;-;128.3	43;35104;36138;-;65.7	42;33266;35101;-;495.9		pfam	pfam_only	A	7/7	canonical	1	1	unscoreable	2	0	0														not_admitted	not_admitted	not_admitted	not_admitted	not_admitted	not_admitted	not_admitted
NZ_MK372382.1	MPF_T	IncX3	66	0	0	GA	1	53;45027;45671;-;46.4	52;44753;45043;-;73.1	51;41975;44728;-;47.0	51;41975;44728;-;142.4	51;41975;44728;-;73.3	50;41195;41965;-;60.1	48;39861;40916;-;133.2		47;38938;39666;-;119.4	46;38003;38932;-;138.8	45;36792;38006;-;128.3	43;35562;36596;-;65.7	42;33724;35559;-;495.9		pfam	pfam_only	A	7/7	canonical	1	1	unscoreable	2	0	0														not_admitted	not_admitted	not_admitted	not_admitted	not_admitted	not_admitted	not_admitted
NZ_MK372383.1	MPF_T	IncX3	66	0	0	GA	1	53;45027;45671;-;46.4	52;44753;45043;-;73.1	51;41975;44728;-;47.0	51;41975;44728;-;142.4	51;41975;44728;-;73.3	50;41195;41965;-;60.1	48;39861;40916;-;133.2		47;38938;39666;-;119.4	46;38003;38932;-;138.8	45;36792;38006;-;128.3	43;35562;36596;-;65.7	42;33724;35559;-;495.9		pfam	pfam_only	A	7/7	canonical	1	1	unscoreable	2	0	0														not_admitted	not_admitted	not_admitted	not_admitted	not_admitted	not_admitted	not_admitted
NZ_MK372385.1	MPF_T	IncX3	64	0	0	GA	1	51;44595;45239;-;46.4	50;44321;44611;-;73.1	49;41543;44296;-;47.0	49;41543;44296;-;142.4	49;41543;44296;-;73.3	48;40763;41533;-;60.1	46;39429;40484;-;133.2		45;38506;39234;-;119.4	44;37571;38500;-;138.8	43;36360;37574;-;128.3	41;35130;36164;-;65.7	40;33292;35127;-;495.9		pfam	pfam_only	A	7/7	canonical	1	1	unscoreable	2	0	0														not_admitted	not_admitted	not_admitted	not_admitted	not_admitted	not_admitted	not_admitted
NZ_MK372386.1	MPF_T	IncX3	66	0	0	GA	1	53;44569;45213;-;46.4	52;44295;44585;-;73.1	51;41517;44270;-;47.0	51;41517;44270;-;142.4	51;41517;44270;-;73.3	50;40737;41507;-;60.1	48;39403;40458;-;133.2		47;38480;39208;-;119.4	46;37545;38474;-;138.8	45;36334;37548;-;128.3	43;35104;36138;-;65.7	42;33266;35101;-;495.9		pfam	pfam_only	A	7/7	canonical	1	1	unscoreable	2	0	0														not_admitted	not_admitted	not_admitted	not_admitted	not_admitted	not_admitted	not_admitted
NZ_MK372387.1	MPF_T	IncX3	66	0	0	GA	1	53;44569;45213;-;46.4	52;44295;44585;-;73.1	51;41517;44270;-;47.0	51;41517;44270;-;142.4	51;41517;44270;-;73.3	50;40737;41507;-;60.1	48;39403;40458;-;133.2		47;38480;39208;-;119.4	46;37545;38474;-;138.8	45;36334;37548;-;128.3	43;35104;36138;-;65.7	42;33266;35101;-;495.9		pfam	pfam_only	A	7/7	canonical	1	1	unscoreable	2	0	0														not_admitted	not_admitted	not_admitted	not_admitted	not_admitted	not_admitted	not_admitted
NZ_MK372388.1	MPF_T	IncX3	62	0	0	GA	1	49;41406;42050;-;46.4	48;41132;41422;-;73.1	47;38354;41107;-;47.0	47;38354;41107;-;142.4	47;38354;41107;-;73.3	46;37574;38344;-;60.1	44;36240;37295;-;133.2		43;35317;36045;-;119.4	42;34382;35311;-;138.8	41;33171;34385;-;128.3	39;31941;32975;-;65.7	38;30103;31938;-;495.9		pfam	pfam_only	A	7/7	canonical	1	1	unscoreable	2	0	0														not_admitted	not_admitted	not_admitted	not_admitted	not_admitted	not_admitted	not_admitted
NZ_MK372389.1	MPF_T	IncX3	58	0	0	GA	1	45;38165;38809;-;46.4	44;37891;38181;-;73.1	43;35113;37866;-;47.0	43;35113;37866;-;142.4	43;35113;37866;-;73.3	42;34333;35103;-;60.1	40;32999;34054;-;133.2		39;32076;32804;-;119.4	38;31141;32070;-;138.8	37;29930;31144;-;128.3	35;28700;29734;-;65.7	34;26862;28697;-;495.9		pfam	pfam_only	A	7/7	canonical	1	1	unscoreable	2	0	0														not_admitted	not_admitted	not_admitted	not_admitted	not_admitted	not_admitted	not_admitted
NZ_MK372390.1	MPF_T	IncX3	58	0	0	GA	1	45;38165;38809;-;46.4	44;37891;38181;-;73.1	43;35113;37866;-;47.0	43;35113;37866;-;142.4	43;35113;37866;-;73.3	42;34333;35103;-;60.1	40;32999;34054;-;133.2		39;32076;32804;-;119.4	38;31141;32070;-;138.8	37;29930;31144;-;128.3	35;28700;29734;-;65.7	34;26862;28697;-;495.9		pfam	pfam_only	A	7/7	canonical	1	1	unscoreable	2	0	0														not_admitted	not_admitted	not_admitted	not_admitted	not_admitted	not_admitted	not_admitted
NZ_MK372391.1	MPF_T	IncX3	57	0	0	GA	1	44;37236;37880;-;46.4	43;36962;37252;-;73.1	42;34184;36937;-;47.0	42;34184;36937;-;142.4	42;34184;36937;-;73.3	41;33404;34174;-;60.1	39;32070;33125;-;133.2		38;31147;31875;-;119.4	37;30212;31141;-;138.8	36;29001;30215;-;128.3	34;27771;28805;-;65.7	33;25933;27768;-;495.9		pfam	pfam_only	A	7/7	canonical	1	1	unscoreable	2	0	0														not_admitted	not_admitted	not_admitted	not_admitted	not_admitted	not_admitted	not_admitted
NZ_MK372392.1	MPF_T	IncX3	47	0	0	GA	1	34;27509;28153;-;46.4	33;27235;27525;-;73.1	32;24457;27210;-;47.0	32;24457;27210;-;142.4	32;24457;27210;-;73.3	31;23677;24447;-;60.1	29;22343;23398;-;133.2		28;21420;22148;-;119.4	27;20485;21414;-;138.8	26;19274;20488;-;128.3	24;18044;19078;-;65.7	23;16206;18041;-;495.9		pfam	pfam_only	A	7/7	canonical	1	1	unscoreable	2	0	0														not_admitted	not_admitted	not_admitted	not_admitted	not_admitted	not_admitted	not_admitted
NZ_MK372393.1	MPF_T	IncX3	57	0	0	GA	1	44;37259;37903;-;46.4	43;36985;37275;-;73.1	42;34207;36960;-;47.0	42;34207;36960;-;142.4	42;34207;36960;-;73.3	41;33427;34197;-;60.1	39;32093;33148;-;133.2		38;31170;31898;-;119.4	37;30235;31164;-;138.8	36;29024;30238;-;128.3	34;27794;28828;-;65.7	33;25956;27791;-;495.9		pfam	pfam_only	A	7/7	canonical	1	1	unscoreable	2	0	0														not_admitted	not_admitted	not_admitted	not_admitted	not_admitted	not_admitted	not_admitted
NZ_MK386681.1	MPF_F	-	101	0	0	GA	0															not_admitted	not_admitted	not_admitted	not_admitted	not_admitted	not_admitted	not_admitted	not_admitted	not_admitted	not_admitted	1	84;57402;58445;+;369.2	89;62424;63851;+;325.8	87;61214;62026;+;219.1	80;53114;55840;+;164.6	90;63867;66869;+;208.7	76;50116;51432;+;102.7	80;53114;55840;+;108.4	74;48825;49403;+;82.6	85;58460;59167;+;107.6	86;59164;61221;+;92.2	56;35073;37232;+;381.4	79;52460;53104;+;41.9	56;35073;37232;+;89.7	A	9/9	contiguous	28794	1	1	66941..67459+;172;unnamed;0
NZ_MK386682.1	MPF_F	-	68	0	0	GA	0															not_admitted	not_admitted	not_admitted	not_admitted	not_admitted	not_admitted	not_admitted	not_admitted	not_admitted	not_admitted	1	36;27010;28053;+;370.9	40;32275;33714;+;314.2	39;31423;32250;+;215.3	32;22710;25412;+;185.5	41;33725;36775;+;169.1	29;20002;21324;+;105.9	32;22710;25412;+;96.1	27;18708;19286;+;98.6	37;28069;28776;+;101.8	38;28773;31448;+;107.1	5;2939;5071;+;383.2	31;22061;22693;+;43.4	5;2939;5071;+;91.0	A	9/9	contiguous	30786	1	1	36790..37359+;189;unnamed;0
NZ_MK388209.1	MPF_F	IncC	222	0	0	GA	0															not_admitted	not_admitted	not_admitted	not_admitted	not_admitted	not_admitted	not_admitted	not_admitted	not_admitted	not_admitted	1	154;130375;131382;+;332.9	212;180590;182023;+;339.2	211;179560;180588;+;221.7	149;125176;127623;+;354.5	213;182036;185650;+;375.3	144;116304;117620;+;135.0	149;125176;127623;+;128.3	142;114780;115406;+;92.7	152;128445;129710;+;67.9	155;131498;134296;+;145.3	133;109105;110970;+;47.3	145;117617;118195;+;100.2	133;109105;110970;+;52.0	A	9/9	split_2	72931	0	1	
NZ_MK396843.1	MPF_F	IncFIB(K);IncR	249	0	0	GA	0															not_admitted	not_admitted	not_admitted	not_admitted	not_admitted	not_admitted	not_admitted	not_admitted	not_admitted	not_admitted	1	116;103164;104153;+;366.6	126;109700;111067;+;384.1	122;107690;108442;+;233.7	112;99068;101707;+;258.5	127;111067;112983;+;347.9	105;94816;96240;+;88.1	112;99068;101707;+;88.7	103;93523;94089;+;169.3	117;104166;104804;+;66.9	118;104863;106818;+;259.4	219;196000;198312;-;393.1	106;96313;96897;+;54.3	219;196000;198312;-;66.6	A	9/9	split_2	102477	1	1	112995..113699+;234;unnamed;0
NZ_MK412914.1	MPF_T	IncX3	59	0	0	GA	1	46;38904;39548;-;46.4	45;38630;38920;-;73.1	44;35852;38605;-;47.0	44;35852;38605;-;145.4	44;35852;38605;-;73.3	43;35072;35842;-;60.1	41;33738;34793;-;133.2		40;32815;33543;-;118.8	39;31880;32809;-;138.8	38;30669;31883;-;128.3	36;29439;30473;-;65.7	35;27601;29436;-;495.9		pfam	pfam_only	A	7/7	canonical	1	1	unscoreable	2	0	0														not_admitted	not_admitted	not_admitted	not_admitted	not_admitted	not_admitted	not_admitted
NZ_MK412915.1	MPF_T	ColKP3;IncX3	65	0	0	GA	1	52;43484;44128;-;46.4	51;43210;43500;-;73.1	50;40432;43185;-;47.0	50;40432;43185;-;142.4	50;40432;43185;-;73.3	49;39652;40422;-;60.1	47;38318;39373;-;132.8		46;37395;38123;-;119.4	45;36460;37389;-;138.8	44;35249;36463;-;128.3	42;34019;35053;-;65.7	41;32181;34016;-;489.5		pfam	pfam_only	A	7/7	canonical	1	1	unscoreable	2	0	0														not_admitted	not_admitted	not_admitted	not_admitted	not_admitted	not_admitted	not_admitted
NZ_MK412916.1	MPF_T	ColKP3;IncX3	65	0	0	GA	1	52;43483;44127;-;46.4	51;43209;43499;-;73.1	50;40431;43184;-;47.0	50;40431;43184;-;142.4	50;40431;43184;-;73.3	49;39651;40421;-;60.1	47;38317;39372;-;132.8		46;37394;38122;-;119.4	45;36459;37388;-;138.8	44;35248;36462;-;128.3	42;34018;35052;-;65.7	41;32180;34015;-;495.9		pfam	pfam_only	A	7/7	canonical	1	1	unscoreable	2	0	0														not_admitted	not_admitted	not_admitted	not_admitted	not_admitted	not_admitted	not_admitted
NZ_MK412917.1	MPF_T	ColKP3;IncX3	65	0	0	GA	1	52;43483;44127;-;46.4	51;43209;43499;-;73.1	50;40431;43184;-;47.0	50;40431;43184;-;142.4	50;40431;43184;-;73.3	49;39651;40421;-;60.1	47;38317;39372;-;132.8		46;37394;38122;-;119.4	45;36459;37388;-;138.8	44;35248;36462;-;128.3	42;34018;35052;-;65.7	41;32180;34015;-;495.9		pfam	pfam_only	A	7/7	canonical	1	1	unscoreable	2	0	0														not_admitted	not_admitted	not_admitted	not_admitted	not_admitted	not_admitted	not_admitted
NZ_MK412918.1	MPF_T	ColKP3;IncX3	65	0	0	GA	1	52;43483;44127;-;46.4	51;43209;43499;-;73.1	50;40431;43184;-;47.0	50;40431;43184;-;142.4	50;40431;43184;-;73.3	49;39651;40421;-;60.1	47;38317;39372;-;132.8		46;37394;38122;-;119.4	45;36459;37388;-;138.8	44;35248;36462;-;128.3	42;34018;35052;-;65.7	41;32180;34015;-;495.9		pfam	pfam_only	A	7/7	canonical	1	1	unscoreable	2	0	0														not_admitted	not_admitted	not_admitted	not_admitted	not_admitted	not_admitted	not_admitted
NZ_MK412919.1	MPF_T	ColKP3;IncX3	65	0	0	GA	1	52;43483;44127;-;46.4	51;43209;43499;-;73.1	50;40431;43184;-;47.0	50;40431;43184;-;142.4	50;40431;43184;-;73.3	49;39651;40421;-;60.1	47;38317;39372;-;132.8		46;37394;38122;-;119.4	45;36459;37388;-;138.8	44;35248;36462;-;128.3	42;34018;35052;-;65.7	41;32180;34015;-;495.9		pfam	pfam_only	A	7/7	canonical	1	1	unscoreable	2	0	0														not_admitted	not_admitted	not_admitted	not_admitted	not_admitted	not_admitted	not_admitted
NZ_MK412920.1	MPF_T	ColKP3;IncX3	65	0	0	GA	1	52;43483;44127;-;46.4	51;43209;43499;-;73.1	50;40431;43184;-;47.0	50;40431;43184;-;142.4	50;40431;43184;-;73.3	49;39651;40421;-;60.1	47;38317;39372;-;132.8		46;37394;38122;-;119.4	45;36459;37388;-;138.8	44;35248;36462;-;128.3	42;34018;35052;-;65.7	41;32180;34015;-;489.5		pfam	pfam_only	A	7/7	canonical	1	1	unscoreable	2	0	0														not_admitted	not_admitted	not_admitted	not_admitted	not_admitted	not_admitted	not_admitted
NZ_MK413718.1	MPF_F	repB(R1701)	94	0	0	GA	0															not_admitted	not_admitted	not_admitted	not_admitted	not_admitted	not_admitted	not_admitted	not_admitted	not_admitted	not_admitted	1	38;36741;37730;-;366.6	28;29827;31194;-;384.0	32;32452;33204;-;233.7	42;39187;41826;-;258.5	27;26978;29827;-;346.4	49;44653;46077;-;89.3	42;39187;41826;-;88.7	51;46804;47370;-;169.3	37;36090;36728;-;66.9	36;34076;36031;-;259.4	23;22204;24516;-;393.1	48;43997;44581;-;54.7	23;22204;24516;-;66.6	A	9/9	contiguous	24600	1	1	26442..26975-;177;unnamed;0
NZ_MK413720.1	MPF_F	IncHI2;IncHI2A	310	0	0	GA	0															not_admitted	not_admitted	not_admitted	not_admitted	not_admitted	not_admitted	not_admitted	not_admitted	not_admitted	not_admitted	1	39;44031;45089;+;276.9	249;242504;243919;-;194.1	250;243909;244955;-;173.7	13;10294;12975;+;168.0	248;238545;242495;-;101.6	9;6609;7964;+;80.7	13;10294;12975;+;72.4	4;2759;3547;+;74.8	37;42378;43889;+;62.4	41;47808;49055;+;25.7	256;251996;254080;+;56.7	12;9335;10285;+;46.1	256;251996;254080;+;38.8	A	9/9	split_3	249237	0	1	
NZ_MK413721.1	MPF_F	IncFIB(pNDM-Mar);IncHI1B(pNDM-MAR)	302	0	0	GA	0															not_admitted	not_admitted	not_admitted	not_admitted	not_admitted	not_admitted	not_admitted	not_admitted	not_admitted	not_admitted	1	36;34042;35079;-;282.3	187;164373;165782;+;190.4	186;163346;164383;+;175.6	48;45911;48628;-;149.6	188;165784;169752;+;121.3	52;50741;52111;-;65.6	48;45911;48628;-;85.2	55;53757;54617;-;79.0	37;35076;36437;-;69.9	35;30847;34032;-;59.6	179;154021;156147;-;57.7	49;48673;49410;-;56.9	179;154021;156147;-;41.0	A	9/9	split_2	134937	0	1	
NZ_MK413722.1	MPF_F	IncFIB(pNDM-Mar);IncHI1B(pNDM-MAR)	341	0	0	GA	0															not_admitted	not_admitted	not_admitted	not_admitted	not_admitted	not_admitted	not_admitted	not_admitted	not_admitted	not_admitted	1	27;26746;27783;-;282.3			40;38617;41334;-;149.6		44;43447;44817;-;65.6	40;38617;41334;-;85.2	47;46463;47323;-;79.0	28;27780;29141;-;69.9	26;23554;26736;-;60.1		41;41379;42116;-;56.9		C	6/9	contiguous	22909	0	1	
NZ_MK413723.1	MPF_F	IncFIB(pNDM-Mar);IncHI1B(pNDM-MAR)	300	0	0	GA	0															not_admitted	not_admitted	not_admitted	not_admitted	not_admitted	not_admitted	not_admitted	not_admitted	not_admitted	not_admitted	1	36;34148;35185;-;282.3	188;164861;166270;+;190.4	187;163834;164871;+;175.6	48;46017;48734;-;149.6	189;166272;170240;+;121.3	52;50847;52217;-;65.6	48;46017;48734;-;85.2	55;53863;54723;-;79.0	37;35182;36543;-;69.9	35;30953;34138;-;59.6	180;154509;156635;-;57.7	49;48779;49516;-;56.9	180;154509;156635;-;41.0	A	9/9	split_2	135319	0	1	
NZ_MK416151.1	MPF_F	IncFIB(AP001918);IncFII	128	0	0	GA	0															not_admitted	not_admitted	not_admitted	not_admitted	not_admitted	not_admitted	not_admitted	not_admitted	not_admitted	not_admitted	1	60;55383;56375;+;369.3	71;62425;63798;+;381.0	66;60092;60835;+;235.0	57;51747;54374;+;304.6	72;63795;66617;+;389.2	51;48168;49595;+;94.3	57;51747;54374;+;99.2	49;46887;47453;+;183.8	63;57372;58010;+;68.6	64;58007;59815;+;268.0	75;68151;70340;+;391.6	55;50716;51231;+;78.4	75;68151;70340;+;70.4	A	9/9	contiguous	21264	1	1	66638..67135+;165;TraS;0
NZ_MK416154.1	MPF_T	ColKP3;IncX3	65	0	0	GA	1	29;23130;23774;+;46.4	30;23758;24048;+;73.1	31;24073;26826;+;47.0	31;24073;26826;+;142.4	31;24073;26826;+;73.3	32;26836;27606;+;60.1	34;27885;28940;+;132.8		35;29135;29863;+;119.4	36;29869;30798;+;138.8	37;30795;32009;+;128.3	39;32205;33239;+;65.7	40;33242;35077;+;495.9		pfam	pfam_only	A	7/7	canonical	1	1	unscoreable	2	0	0														not_admitted	not_admitted	not_admitted	not_admitted	not_admitted	not_admitted	not_admitted
NZ_MK416183.1	MPF_T	IncN	51	0	0	GA	1	38;30289;31023;-;32.5		35;29329;29646;-;63.3	34;26729;29329;-;113.8	34;26729;29329;-;76.4	33;25998;26711;-;105.5	31;24707;25747;-;142.4		30;23790;24488;-;131.9	29;22895;23779;-;159.7	28;21735;22895;-;156.3	27;20698;21693;-;81.2	23;14582;16111;+;38.5		pfam	both	A	7/7	canonical	1	0	unscoreable	6	0	0														not_admitted	not_admitted	not_admitted	not_admitted	not_admitted	not_admitted	not_admitted
NZ_MK419152.1	MPF_F	IncFII(pHN7A8);IncN;p0111	212	0	0	GA	0															not_admitted	not_admitted	not_admitted	not_admitted	not_admitted	not_admitted	not_admitted	not_admitted	not_admitted	not_admitted	1	186;161630;162622;+;369.5	199;169455;170828;+;376.8	194;167146;167889;+;234.4	183;157994;160621;+;301.8	200;170825;173641;+;376.7	176;154512;155939;+;94.1	183;157994;160621;+;101.8	174;153231;153797;+;183.8	189;163568;164206;+;70.4	192;165019;166869;+;265.0	204;175942;178122;+;391.8	180;156963;157478;+;78.0	204;175942;178122;+;70.3	A	9/9	contiguous	22711	1	1	173674..174195+;173;unnamed;0
NZ_MK430046.1	MPF_F	IncFIB(AP001918);IncFIC(FII)	169	0	0	GA	0															not_admitted	not_admitted	not_admitted	not_admitted	not_admitted	not_admitted	not_admitted	not_admitted	not_admitted	not_admitted	1	94;92757;93749;-;369.3	74;71450;72580;-;292.1	88;88390;88998;-;110.8	97;94758;97388;-;303.8	73;68628;71453;-;387.0	105;100345;101772;-;94.3	97;94758;97388;-;99.2	107;102487;103053;-;183.8	91;91122;91760;-;67.5	90;89275;91125;-;265.1	70;64971;67124;-;391.5	102;98946;99461;-;78.2	70;64971;67124;-;70.4	A	9/9	contiguous	37516	1	1	68122..68631-;169;unnamed;0
NZ_MK433206.1	MPF_F	IncN;IncR	139	0	0	GA	0															not_admitted	not_admitted	not_admitted	not_admitted	not_admitted	not_admitted	not_admitted	not_admitted	not_admitted	not_admitted	1				41;30374;32638;-;302.3		46;34693;36120;-;94.1	41;30374;32638;-;96.1	48;36835;37401;-;183.8				42;33154;33669;-;77.6		D	3/9	contiguous	6461	0	0	
NZ_MK439381.1	MPF_T	-	195	0	0	GA	1	168;187874;188611;+;73.4	39;49359;49766;-;72.1	170;188976;189302;+;73.6	171;189302;191671;+;237.3	37;46588;49056;-;121.3	36;45807;46616;-;47.5	34;44402;45598;-;109.9		175;193527;194240;+;176.9	32;42853;43707;-;190.1	30;41054;42364;-;230.5	40;49756;50727;-;136.9	132;145014;146963;-;543.9		conjscan	conjscan_only	A	7/7	uncallable	0	0	unscoreable	11	0	0														not_admitted	not_admitted	not_admitted	not_admitted	not_admitted	not_admitted	not_admitted
NZ_MK439382.1	MPF_T	-	195	0	0	GA	1	168;187875;188612;+;73.4	39;49359;49766;-;72.1	170;188977;189303;+;73.6	171;189303;191672;+;237.3	37;46588;49056;-;121.3	36;45807;46616;-;47.5	34;44402;45598;-;109.9		175;193528;194241;+;176.9	32;42853;43707;-;190.1	30;41054;42364;-;230.5	40;49756;50727;-;136.9	132;145015;146964;-;543.9		conjscan	conjscan_only	A	7/7	uncallable	0	0	unscoreable	11	0	0														not_admitted	not_admitted	not_admitted	not_admitted	not_admitted	not_admitted	not_admitted
NZ_MK439383.1	MPF_T	-	189	0	0	GA	1	162;183146;183883;+;73.4	39;49359;49766;-;72.1	164;184248;184574;+;73.6	165;184574;186943;+;237.3	37;46588;49056;-;121.3	36;45807;46616;-;47.5	34;44402;45598;-;109.9		169;188799;189512;+;176.9	32;42853;43707;-;190.1	30;41054;42364;-;230.5	40;49756;50727;-;136.9	126;140286;142235;-;543.9		conjscan	conjscan_only	A	7/7	uncallable	0	0	unscoreable	11	0	0														not_admitted	not_admitted	not_admitted	not_admitted	not_admitted	not_admitted	not_admitted
NZ_MK439384.1	MPF_T	-	197	0	0	GA	1	170;190361;191098;+;73.4	39;49359;49766;-;72.1	172;191463;191789;+;73.6	173;191789;194158;+;237.3	37;46588;49056;-;121.3	36;45807;46616;-;47.5	34;44402;45598;-;109.9		177;196014;196727;+;176.9	32;42853;43707;-;190.1	30;41054;42364;-;230.5	40;49756;50727;-;136.9	134;147501;149450;-;543.9		conjscan	conjscan_only	A	7/7	uncallable	0	0	unscoreable	11	0	0														not_admitted	not_admitted	not_admitted	not_admitted	not_admitted	not_admitted	not_admitted
NZ_MK439385.1	MPF_T	-	225	0	0	GA	1	198;213471;214208;+;73.4	41;49873;50280;-;74.3	200;214573;214899;+;73.6	201;214899;217268;+;236.9	39;47102;49570;-;121.7	38;46321;47130;-;45.7	36;44916;46112;-;109.7		205;219124;219837;+;176.9	34;43367;44221;-;191.6	32;41571;42878;-;226.8	42;50270;51241;-;133.6	162;170589;172544;-;544.6		conjscan	conjscan_only	A	7/7	uncallable	0	0	unscoreable	11	0	0														not_admitted	not_admitted	not_admitted	not_admitted	not_admitted	not_admitted	not_admitted
NZ_MK439386.1	MPF_T	-	189	0	0	GA	1	161;173423;174160;+;75.2	39;48458;48859;-;73.1	163;174525;174851;+;73.6	164;174851;177220;+;239.2	37;45687;48155;-;125.4	36;44912;45715;-;45.0	34;43507;44703;-;112.0		168;179077;179790;+;176.9	32;41958;42824;-;189.2	30;40153;41469;-;226.5	40;48849;49820;-;133.5	123;130577;132526;-;544.5		conjscan	conjscan_only	A	7/7	uncallable	0	0	unscoreable	11	0	0														not_admitted	not_admitted	not_admitted	not_admitted	not_admitted	not_admitted	not_admitted
NZ_MK439959.1	MPF_F	IncC	269	0	0	GA	0															not_admitted	not_admitted	not_admitted	not_admitted	not_admitted	not_admitted	not_admitted	not_admitted	not_admitted	not_admitted	1	201;167565;168572;+;332.9	259;217780;219213;+;339.2	258;216750;217778;+;221.7	196;162366;164813;+;354.5	260;219226;222840;+;375.3	191;153494;154810;+;135.0	196;162366;164813;+;128.3	189;151970;152596;+;92.7	199;165635;166900;+;67.9	202;168688;171486;+;145.3	180;146295;148160;+;47.3	192;154807;155385;+;100.2	180;146295;148160;+;52.0	A	9/9	split_2	72931	0	1	
NZ_MK450346.1	MPF_T	IncX3	58	0	0	GA	1	12;8112;8756;+;46.4	13;8740;9030;+;73.1	14;9055;11808;+;47.0	14;9055;11808;+;142.4	14;9055;11808;+;73.3	15;11818;12588;+;60.1	17;12867;13922;+;133.2		18;14117;14845;+;119.4	19;14851;15780;+;138.8	20;15777;16991;+;128.3	22;17187;18221;+;65.7	23;18224;20059;+;495.9		pfam	pfam_only	A	7/7	canonical	1	1	unscoreable	2	0	0														not_admitted	not_admitted	not_admitted	not_admitted	not_admitted	not_admitted	not_admitted
NZ_MK450347.1	MPF_T	IncX3	57	0	0	GA	1	12;6336;6980;+;46.4	13;6964;7254;+;73.1	14;7279;10032;+;47.0	14;7279;10032;+;142.4	14;7279;10032;+;73.3	15;10042;10812;+;60.1	17;11091;12146;+;133.2		18;12341;13069;+;119.4	19;13075;14004;+;138.8	20;14001;15215;+;128.3	22;15411;16445;+;65.7	23;16448;18283;+;495.9		pfam	pfam_only	A	7/7	canonical	1	1	unscoreable	2	0	0														not_admitted	not_admitted	not_admitted	not_admitted	not_admitted	not_admitted	not_admitted
NZ_MK450348.1	MPF_T	IncX3	57	0	0	GA	1	36;23765;24409;+;46.4	37;24393;24683;+;73.1	38;24708;27461;+;47.0	38;24708;27461;+;142.4	38;24708;27461;+;73.3	39;27471;28241;+;60.1	41;28520;29575;+;133.2		42;29770;30498;+;119.4	43;30504;31433;+;138.8	44;31430;32644;+;128.3	46;32840;33874;+;65.7	47;33877;35712;+;495.9		pfam	pfam_only	A	7/7	canonical	1	1	unscoreable	2	0	0														not_admitted	not_admitted	not_admitted	not_admitted	not_admitted	not_admitted	not_admitted
NZ_MK450349.1	MPF_T	IncX3	57	0	0	GA	1	12;8111;8755;+;46.4	13;8739;9029;+;73.1	14;9054;11807;+;47.0	14;9054;11807;+;142.4	14;9054;11807;+;73.3	15;11817;12587;+;60.1	17;12866;13921;+;133.2		18;14116;14844;+;119.4	19;14850;15779;+;138.8	20;15776;16990;+;128.3	22;17186;18220;+;65.7	23;18223;20058;+;495.9		pfam	pfam_only	A	7/7	canonical	1	1	unscoreable	2	0	0														not_admitted	not_admitted	not_admitted	not_admitted	not_admitted	not_admitted	not_admitted
NZ_MK461928.1	MPF_F	IncFIB(AP001918);IncFII	138	0	0	GA	0															not_admitted	not_admitted	not_admitted	not_admitted	not_admitted	not_admitted	not_admitted	not_admitted	not_admitted	not_admitted	1	78;89714;90706;-;369.3	65;80739;82112;-;381.0	70;83702;84292;-;213.1	81;91715;94342;-;306.4	64;77917;80742;-;386.0	87;96397;97824;-;94.3	81;91715;94342;-;98.5	89;98539;99105;-;183.3	77;89067;89705;-;68.7	76;87262;89070;-;267.9	61;74260;76413;-;391.8	83;94858;95373;-;77.3	61;74260;76413;-;70.4	A	9/9	contiguous	24279	1	1	77411..77920-;169;unnamed;0
NZ_MK461929.1	MPF_F	IncFIB(AP001918);IncFII	139	0	0	GA	0															not_admitted	not_admitted	not_admitted	not_admitted	not_admitted	not_admitted	not_admitted	not_admitted	not_admitted	not_admitted	1	81;93977;94969;-;369.3	72;87542;88915;-;381.0	77;90505;91248;-;231.6	84;95978;98605;-;306.4	71;84720;87545;-;386.0	90;100660;102087;-;94.3	84;95978;98605;-;98.5	92;102802;103368;-;183.3	80;93330;93968;-;68.7	79;91525;93333;-;267.9	68;81063;83216;-;391.8	86;99121;99636;-;77.3	68;81063;83216;-;70.4	A	9/9	contiguous	21739	1	1	84214..84723-;169;unnamed;0
NZ_MK461930.1	MPF_F	IncHI2;IncHI2A	314	0	0	GA	0															not_admitted	not_admitted	not_admitted	not_admitted	not_admitted	not_admitted	not_admitted	not_admitted	not_admitted	not_admitted	1	31;32023;33081;+;276.9	116;98809;100224;+;194.1	115;97773;98819;+;174.3	11;8955;9716;+;85.3	117;100233;104186;+;101.6	296;265813;266532;-;157.4	12;9746;11635;+;74.2	4;2758;3546;+;74.8	29;30370;31881;+;62.0	282;248954;251746;-;58.5	105;87334;88755;-;45.7	10;7996;8946;+;46.1	105;87334;88755;-;39.8	A	9/9	split_4	263055	1	1	104367..105656+;429;unnamed;0
NZ_MK461931.1	MPF_F	IncHI2;IncHI2A	299	0	0	GA	0															not_admitted	not_admitted	not_admitted	not_admitted	not_admitted	not_admitted	not_admitted	not_admitted	not_admitted	not_admitted	1	28;31775;32833;+;276.9	192;182506;183921;-;194.1	193;183911;184957;-;174.3	12;10021;12702;+;168.0	191;178544;182497;-;101.6	272;246215;247375;+;154.9	12;10021;12702;+;72.2	5;3824;4612;+;74.8	26;30122;31633;+;62.0	29;32852;36040;+;57.3	200;191999;194083;+;56.6	11;9062;10012;+;46.1	200;191999;194083;+;38.8	A	9/9	split_4	242391	1	1	177074..178363-;429;unnamed;0
NZ_MK471334.1	MPF_F	IncFII(pECLA);repE(pEh60-7)	109	0	0	GA	0															not_admitted	not_admitted	not_admitted	not_admitted	not_admitted	not_admitted	not_admitted	not_admitted	not_admitted	not_admitted	1	75;61665;62663;+;360.7	83;67530;68894;+;365.7	78;65153;65935;+;212.4	67;56126;58735;+;220.3	84;68894;72175;+;308.5	59;51933;53342;+;97.0	67;56126;58735;+;100.3	57;50603;51184;+;95.2	76;62674;63297;+;63.4	77;63294;65156;+;215.0	88;74393;76960;+;367.7	65;55324;55878;+;46.0	88;74393;76960;+;71.4	A	9/9	contiguous	23790	1	1	72184..72897+;237;unnamed;0
NZ_MK477602.1	MPF_F	IncHI2;IncHI2A	231	0	0	GA	0															not_admitted	not_admitted	not_admitted	not_admitted	not_admitted	not_admitted	not_admitted	not_admitted	not_admitted	not_admitted	1	187;168935;169993;-;276.5	67;55762;57177;+;194.1	66;54726;55772;+;174.3	203;189565;192246;-;168.0	68;57186;61139;+;101.7	207;194576;195931;-;80.7	203;189565;192246;-;72.2	210;197655;198443;-;74.8	189;170135;171646;-;62.0	186;165728;168916;-;57.3	59;45600;47684;-;56.9	204;192255;193205;-;46.1	59;45600;47684;-;38.8	A	9/9	split_2	152055	1	1	61320..62609+;429;unnamed;0
NZ_MK477603.1	MPF_F	IncHI2;IncHI2A	244	0	0	GA	0															not_admitted	not_admitted	not_admitted	not_admitted	not_admitted	not_admitted	not_admitted	not_admitted	not_admitted	not_admitted	1	200;176038;177096;-;276.5	67;55762;57177;+;194.1	66;54726;55772;+;174.3	216;196668;199349;-;168.1	68;57186;61139;+;101.7	220;201679;203034;-;80.7	216;196668;199349;-;72.2	223;204758;205546;-;74.8	202;177238;178749;-;62.0	199;172831;176019;-;57.3	59;45600;47684;-;56.8	217;199358;200308;-;46.1	59;45600;47684;-;38.8	A	9/9	split_2	159158	1	1	61320..62096+;258;unnamed;0
NZ_MK477604.1	MPF_T	IncX4	41	0	0	GA	1	26;24531;25151;-;41.6	25;24191;24517;-;64.4	24;21425;24172;-;63.8	24;21425;24172;-;151.8	24;21425;24172;-;46.1	23;20697;21413;-;94.2	22;19591;20685;-;150.1		20;18390;19076;-;169.0	19;17485;18393;-;142.4	18;16374;17492;-;163.9	17;15344;16372;-;85.0	16;13495;15312;-;314.8		pfam	pfam_only	A	7/7	canonical	1	1	unscoreable	1	0	0														not_admitted	not_admitted	not_admitted	not_admitted	not_admitted	not_admitted	not_admitted
NZ_MK477605.1	MPF_F	IncHI2;IncHI2A	273	0	0	GA	0															not_admitted	not_admitted	not_admitted	not_admitted	not_admitted	not_admitted	not_admitted	not_admitted	not_admitted	not_admitted	1	229;204594;205652;-;276.5	67;55762;57177;+;194.1	66;54726;55772;+;174.3	245;225224;227905;-;168.1	68;57186;61139;+;101.7	249;230235;231590;-;80.7	245;225224;227905;-;72.2	252;233314;234102;-;74.8	231;205794;207305;-;62.0	228;201387;204575;-;57.3	59;45600;47684;-;56.8	246;227914;228864;-;46.1	59;45600;47684;-;38.8	A	9/9	split_2	187714	1	1	61320..62096+;258;unnamed;0
NZ_MK477606.1	MPF_F	IncHI2;IncHI2A	276	0	0	GA	0															not_admitted	not_admitted	not_admitted	not_admitted	not_admitted	not_admitted	not_admitted	not_admitted	not_admitted	not_admitted	1	232;206131;207189;-;276.5	69;57721;59136;+;194.1	68;56685;57731;+;174.3	248;226761;229442;-;168.0	70;59145;63098;+;101.7	252;231772;233127;-;80.7	248;226761;229442;-;72.2	255;234851;235639;-;74.8	234;207331;208842;-;62.0	231;202924;206112;-;57.3	61;47559;49643;-;56.8	249;229451;230401;-;46.1	61;47559;49643;-;38.8	A	9/9	split_2	187292	1	1	63279..64568+;429;unnamed;0
NZ_MK477607.1	MPF_F	IncHI2;IncHI2A	244	0	0	GA	0															not_admitted	not_admitted	not_admitted	not_admitted	not_admitted	not_admitted	not_admitted	not_admitted	not_admitted	not_admitted	1	200;176038;177096;-;276.5	67;55762;57177;+;194.1	66;54726;55772;+;174.3	216;196668;199349;-;168.1	68;57186;61139;+;101.7	220;201679;203034;-;80.7	216;196668;199349;-;72.2	223;204758;205546;-;74.8	202;177238;178749;-;62.0	199;172831;176019;-;57.3	59;45600;47684;-;56.8	217;199358;200308;-;46.1	59;45600;47684;-;38.8	A	9/9	split_2	159158	1	1	61320..62096+;258;unnamed;0
NZ_MK477608.1	MPF_F	IncHI2;IncHI2A	184	0	0	GA	0															not_admitted	not_admitted	not_admitted	not_admitted	not_admitted	not_admitted	not_admitted	not_admitted	not_admitted	not_admitted	1	140;126948;128006;-;276.9			156;147578;150259;-;168.0		160;152589;153944;-;80.7	156;147578;150259;-;72.2	163;155668;156456;-;74.8	142;128148;129659;-;62.0	139;123741;126929;-;57.3		157;150268;151218;-;46.1		C	6/9	contiguous	31927	0	1	
NZ_MK477609.1	MPF_F	IncHI2;IncHI2A	185	0	0	GA	0															not_admitted	not_admitted	not_admitted	not_admitted	not_admitted	not_admitted	not_admitted	not_admitted	not_admitted	not_admitted	1	141;127949;129007;-;276.9			157;148579;151260;-;168.0		161;153590;154945;-;80.7	157;148579;151260;-;72.2	164;156669;157457;-;74.8	143;129149;130660;-;62.0	140;124742;127930;-;57.3		158;151269;152219;-;46.1		C	6/9	contiguous	31927	0	1	
NZ_MK477610.1	MPF_T	IncX4	41	0	0	GA	1	26;24531;25151;-;41.6	25;24191;24517;-;64.4	24;21425;24172;-;63.8	24;21425;24172;-;151.8	24;21425;24172;-;46.1	23;20697;21413;-;94.2	22;19591;20685;-;150.1		20;18390;19076;-;169.0	19;17485;18393;-;142.4	18;16374;17492;-;163.9	17;15344;16372;-;85.0	16;13495;15312;-;314.8		pfam	pfam_only	A	7/7	canonical	1	1	unscoreable	1	0	0														not_admitted	not_admitted	not_admitted	not_admitted	not_admitted	not_admitted	not_admitted
NZ_MK477611.1	MPF_F	IncHI2;IncHI2A;IncN	287	0	0	GA	0															not_admitted	not_admitted	not_admitted	not_admitted	not_admitted	not_admitted	not_admitted	not_admitted	not_admitted	not_admitted	1	240;213064;214122;-;276.9	70;58468;59883;+;194.1	69;57432;58478;+;174.3	258;234766;237447;-;168.0	71;59892;63845;+;101.7	262;239777;241132;-;80.7	258;234766;237447;-;72.2	265;242856;243644;-;74.8	242;214264;215775;-;62.0	239;209857;213045;-;57.3	62;48306;50390;-;56.8	259;237456;238406;-;46.1	62;48306;50390;-;38.8	A	9/9	split_3	194550	1	1	64026..65315+;429;unnamed;0
NZ_MK477612.1	MPF_F	IncHI2;IncHI2A	274	0	0	GA	0															not_admitted	not_admitted	not_admitted	not_admitted	not_admitted	not_admitted	not_admitted	not_admitted	not_admitted	not_admitted	1	265;238383;239441;+;276.5	67;55762;57177;+;194.1	66;54726;55772;+;174.3	249;216130;218811;+;168.1	68;57186;61139;+;101.7	245;212445;213800;+;80.7	249;216130;218811;+;72.2	242;209933;210721;+;74.8	263;236730;238241;+;62.0	266;239460;242648;+;57.3	59;45600;47684;-;56.8	248;215171;216121;+;46.1	59;45600;47684;-;38.8	A	9/9	split_3	193860	1	1	61320..62096+;258;unnamed;0
NZ_MK477613.1	MPF_F	IncHI2;IncHI2A	231	0	0	GA	0															not_admitted	not_admitted	not_admitted	not_admitted	not_admitted	not_admitted	not_admitted	not_admitted	not_admitted	not_admitted	1	187;168935;169993;-;276.5	67;55762;57177;+;194.1	66;54726;55772;+;174.3	203;189565;192246;-;168.0	68;57186;61139;+;101.7	207;194576;195931;-;80.7	203;189565;192246;-;72.2	210;197655;198443;-;74.8	189;170135;171646;-;62.0	186;165728;168916;-;57.3	59;45600;47684;-;56.9	204;192255;193205;-;46.1	59;45600;47684;-;38.8	A	9/9	split_2	152055	1	1	61320..62609+;429;unnamed;0
NZ_MK477614.1	MPF_F	IncHI2;IncHI2A	276	0	0	GA	0															not_admitted	not_admitted	not_admitted	not_admitted	not_admitted	not_admitted	not_admitted	not_admitted	not_admitted	not_admitted	1	232;203609;204667;-;276.9	68;55761;57176;+;194.1	67;54725;55771;+;174.3	248;224239;226920;-;168.0	69;57185;61138;+;101.7	252;229250;230605;-;80.7	248;224239;226920;-;72.2	255;232329;233117;-;74.8	234;204809;206320;-;62.0	231;200402;203590;-;57.3	60;45599;47683;-;56.8	249;226929;227879;-;46.1	60;45599;47683;-;38.8	A	9/9	split_2	186730	1	1	61319..62608+;429;unnamed;0
NZ_MK477615.1	MPF_T	IncX4	41	0	0	GA	1	26;24531;25151;-;41.6	25;24191;24517;-;64.4	24;21425;24172;-;63.8	24;21425;24172;-;151.8	24;21425;24172;-;46.1	23;20697;21413;-;94.2	22;19591;20685;-;150.1		20;18390;19076;-;169.0	19;17485;18393;-;142.4	18;16374;17492;-;163.9	17;15344;16372;-;85.0	16;13495;15312;-;314.8		pfam	pfam_only	A	7/7	canonical	1	1	unscoreable	1	0	0														not_admitted	not_admitted	not_admitted	not_admitted	not_admitted	not_admitted	not_admitted
NZ_MK477616.1	MPF_F	IncHI2;IncHI2A	271	0	0	GA	0															not_admitted	not_admitted	not_admitted	not_admitted	not_admitted	not_admitted	not_admitted	not_admitted	not_admitted	not_admitted	1	227;202795;203853;-;276.5	69;57112;58527;+;194.1	68;56076;57122;+;174.3	243;223425;226106;-;168.0	70;58536;62489;+;101.7	247;228436;229791;-;80.7	243;223425;226106;-;72.2	250;231515;232303;-;74.8	229;203995;205506;-;62.0	226;199588;202776;-;57.3	61;46950;49034;-;56.8	244;226115;227065;-;46.1	61;46950;49034;-;38.8	A	9/9	split_2	184565	1	1	62670..63959+;429;unnamed;0
NZ_MK477617.1	MPF_F	IncHI2;IncHI2A	268	0	0	GA	0															not_admitted	not_admitted	not_admitted	not_admitted	not_admitted	not_admitted	not_admitted	not_admitted	not_admitted	not_admitted	1	224;200813;201871;-;276.5	67;55762;57177;+;194.1	66;54726;55772;+;174.3	240;221443;224124;-;168.0	68;57186;61139;+;101.7	244;226454;227809;-;80.7	240;221443;224124;-;72.2	247;229533;230321;-;74.8	226;202013;203524;-;62.0	223;197606;200794;-;57.3	59;45600;47684;-;56.8	241;224133;225083;-;46.1	59;45600;47684;-;38.8	A	9/9	split_2	183933	1	1	61320..62609+;429;unnamed;0
NZ_MK477618.1	MPF_F	IncHI2;IncHI2A	239	0	0	GA	0															not_admitted	not_admitted	not_admitted	not_admitted	not_admitted	not_admitted	not_admitted	not_admitted	not_admitted	not_admitted	1	195;170883;171941;-;276.5			211;191513;194194;-;168.1		215;196524;197879;-;80.7	211;191513;194194;-;72.2	218;199603;200391;-;74.8	197;172083;173594;-;62.0	194;167676;170864;-;57.3		212;194203;195153;-;46.1		C	6/9	contiguous	31927	0	1	
NZ_MK477619.1	MPF_F	IncHI2;IncHI2A	241	0	0	GA	0															not_admitted	not_admitted	not_admitted	not_admitted	not_admitted	not_admitted	not_admitted	not_admitted	not_admitted	not_admitted	1	197;169372;170430;-;276.5			213;190002;192683;-;168.1		217;195013;196368;-;80.7	213;190002;192683;-;72.2	220;198092;198880;-;74.8	199;170572;172083;-;62.0	196;166165;169353;-;57.3		214;192692;193642;-;46.1		C	6/9	contiguous	31927	0	1	
NZ_MK477620.1	MPF_F	IncHI2;IncHI2A	231	0	0	GA	0															not_admitted	not_admitted	not_admitted	not_admitted	not_admitted	not_admitted	not_admitted	not_admitted	not_admitted	not_admitted	1	187;168935;169993;-;276.5	67;55762;57177;+;194.1	66;54726;55772;+;174.3	203;189565;192246;-;168.0	68;57186;61139;+;101.7	207;194576;195931;-;80.7	203;189565;192246;-;72.2	210;197655;198443;-;74.8	189;170135;171646;-;62.0	186;165728;168916;-;57.3	59;45600;47684;-;56.9	204;192255;193205;-;46.1	59;45600;47684;-;38.8	A	9/9	split_2	152055	1	1	61320..62609+;429;unnamed;0
NZ_MK492260.1	MPF_F	IncFIA;IncFIB(AP001918);IncFIC(FII)	113	0	0	GA	0															not_admitted	not_admitted	not_admitted	not_admitted	not_admitted	not_admitted	not_admitted	not_admitted	not_admitted	not_admitted	1	93;86532;87524;+;368.6	104;93207;94583;+;374.3	97;90253;90996;+;234.1	90;82896;85523;+;306.8	105;94580;97396;+;386.1	83;79414;80841;+;94.3	90;82896;85523;+;98.5	81;78133;78699;+;183.8	94;87533;88171;+;67.3	95;88168;89976;+;268.0	108;98959;101112;+;391.1	87;81865;82380;+;77.3	108;98959;101112;+;69.2	A	9/9	contiguous	20826	1	1	97429..97950+;173;unnamed;0
NZ_MK492688.1	MPF_F	IncFIA;IncFIB(AP001918);IncFII	146	0	0	GA	0															not_admitted	not_admitted	not_admitted	not_admitted	not_admitted	not_admitted	not_admitted	not_admitted	not_admitted	not_admitted	1	76;59911;60903;+;367.4	87;66589;67962;+;380.9	80;63632;64375;+;235.0	73;56275;58902;+;305.4	88;67959;70784;+;385.9	67;52793;54220;+;94.3	73;56275;58902;+;98.5	65;51512;52078;+;183.8	77;60912;61550;+;68.6	78;61547;63355;+;268.3	91;72287;74476;+;391.3	71;55244;55759;+;78.4	91;72287;74476;+;70.4	A	9/9	contiguous	20775	1	1	70781..71290+;169;unnamed;0
NZ_MK510953.1	MPF_F	IncFIA(pBK30683);IncFII(Yp)	175	1	0	GA	1	86;71243;71737;-;78.6		9;9407;9724;-;63.3	8;6807;9407;-;113.8	8;6807;9407;-;76.4					141;120642;120971;-;63.6	140;119482;120642;-;156.3	139;118445;119440;-;81.2	120;98203;100521;+;27.4	107;86185;88140;+;253.1	none	none	C	5/7	uncallable	0	0	unscoreable	21	0	1	104;84156;85148;+;372.3	115;91182;92552;+;383.1	112;89661;90413;+;222.2	101;80491;83130;+;254.8	116;92552;95431;+;333.2	140;119482;120642;-;156.3	101;80491;83130;+;88.2	91;74592;75158;+;159.4	105;85161;85808;+;68.8	107;86185;88140;+;253.1	120;98203;100521;+;390.7	95;77761;78345;+;55.9	120;98203;100521;+;66.8	A	9/9	split_2	44890	1	1	95448..96116+;222;unnamed;0
NZ_MK531538.1	MPF_F	-	86	0	0	GA	0															not_admitted	not_admitted	not_admitted	not_admitted	not_admitted	not_admitted	not_admitted	not_admitted	not_admitted	not_admitted	1	73;52300;53343;+;369.0	78;57326;58753;+;325.8	76;56112;56924;+;219.1	69;48012;50738;+;164.6	79;58769;61771;+;208.7	65;45014;46330;+;102.7	69;48012;50738;+;108.4	63;43723;44301;+;82.5	74;53358;54065;+;107.6	75;54062;56119;+;91.0	49;31742;33901;+;381.3	68;47358;48002;+;41.9	49;31742;33901;+;89.7	A	9/9	contiguous	27027	1	1	61843..62361+;172;unnamed;0
NZ_MK541987.1	MPF_T	-	57	0	0	GA	1		19;17410;17673;-;54.5	18;14623;17391;-;73.3	18;14623;17391;-;177.2	18;14623;17391;-;86.1	13;11767;12738;-;81.8	12;10772;11770;-;116.3		10;9963;10625;-;177.6	9;9079;9966;-;158.6	8;7877;9052;-;165.9	7;6904;7896;-;93.2	6;5092;6903;-;348.4		pfam	pfam_only	A	7/7	canonical	1	1	unscoreable	5	0	0														not_admitted	not_admitted	not_admitted	not_admitted	not_admitted	not_admitted	not_admitted
NZ_MK541988.1	MPF_T	-	53	0	0	GA	1		5;5004;5267;-;56.2	4;2223;4991;-;75.1	4;2223;4991;-;176.0	4;2223;4991;-;86.5	52;47416;47943;-;52.2	51;46424;47419;-;116.9		49;45621;46280;-;177.9	48;44734;45624;-;162.9	47;43543;44724;-;165.3	46;42555;43562;-;94.4	45;40743;42554;-;344.8		pfam	pfam_only	A	7/7	rearranged	1	1	unscoreable	1	0	0														not_admitted	not_admitted	not_admitted	not_admitted	not_admitted	not_admitted	not_admitted
NZ_MK541989.1	MPF_T	-	52	0	0	GA	1		30;28789;29052;-;56.2	29;26008;28776;-;75.1	29;26008;28776;-;176.0	29;26008;28776;-;86.5	24;23152;24141;-;84.3	23;22160;23155;-;116.9		21;21357;22016;-;177.9	20;20470;21360;-;162.9	19;19279;20460;-;165.3	18;18291;19298;-;94.4	17;16479;18290;-;344.8		pfam	pfam_only	A	7/7	canonical	1	1	unscoreable	5	0	0														not_admitted	not_admitted	not_admitted	not_admitted	not_admitted	not_admitted	not_admitted
NZ_MK542639.1	MPF_T	IncI2	73	0	0	GA	1	34;30728;31210;-;81.1		49;46806;47090;-;36.6	48;44443;46800;-;58.5	48;44443;46800;-;44.9	61;53241;53885;-;41.0	62;53891;54886;-;123.7		46;43543;44277;-;144.3	45;42776;43546;-;170.5	44;41647;42786;-;154.7	37;32978;34516;-;207.1	42;38599;40557;-;289.6		pfam	pfam_only	A	7/7	rearranged	1	0	unscoreable	17	0	0														not_admitted	not_admitted	not_admitted	not_admitted	not_admitted	not_admitted	not_admitted
NZ_MK552108.1	MPF_F	IncFIB(pNDM-Mar);IncHI1B(pNDM-MAR)	314	0	0	GA	0															not_admitted	not_admitted	not_admitted	not_admitted	not_admitted	not_admitted	not_admitted	not_admitted	not_admitted	not_admitted	1	207;191593;192627;-;282.2	77;59164;60573;+;190.4	76;58137;59174;+;176.7	221;205208;207925;-;148.7	78;60575;64483;+;122.1	225;210038;211408;-;65.6	221;205208;207925;-;85.2	228;213054;213914;-;79.0	210;194388;195734;-;69.9	206;188401;191583;-;58.9	69;48813;50939;-;57.8	222;207970;208707;-;56.9	69;48813;50939;-;41.0	A	9/9	split_2	164241	0	1	
NZ_MK571810.1	MPF_T	IncI2(Delta)	75	0	0	GA	1	39;32573;33055;-;81.1		54;48662;48946;-;36.6	53;46299;48656;-;58.5	53;46299;48656;-;44.9	63;53784;54428;-;41.0	64;54434;55429;-;123.9		51;45399;46133;-;144.3	50;44632;45402;-;170.5	49;43503;44642;-;154.7	42;34834;36372;-;207.1	47;40455;42413;-;289.6		pfam	pfam_only	A	7/7	rearranged	1	0	unscoreable	14	0	0														not_admitted	not_admitted	not_admitted	not_admitted	not_admitted	not_admitted	not_admitted
NZ_MK574665.1	MPF_T	IncX4	41	0	0	GA	1	23;16458;17078;+;41.6	24;17092;17418;+;64.4	25;17437;20184;+;63.8	25;17437;20184;+;149.0	25;17437;20184;+;46.1	26;20196;20912;+;94.2	27;20924;22018;+;150.1		29;22533;23219;+;169.0	30;23216;24124;+;142.4	31;24117;25235;+;163.9	32;25237;26265;+;85.0	33;26297;28114;+;314.8		pfam	pfam_only	A	7/7	canonical	1	1	unscoreable	1	0	0														not_admitted	not_admitted	not_admitted	not_admitted	not_admitted	not_admitted	not_admitted
NZ_MK574666.1	MPF_F	IncHI2;IncHI2A	168	0	0	GA	0															not_admitted	not_admitted	not_admitted	not_admitted	not_admitted	not_admitted	not_admitted	not_admitted	not_admitted	not_admitted	1	83;73384;74442;-;276.9			99;94014;96695;-;168.0		103;99025;100380;-;80.7	99;94014;96695;-;72.2	106;102104;102892;-;74.8	85;74584;76095;-;62.0	82;70177;73365;-;57.3		100;96704;97654;-;46.1		C	6/9	contiguous	31927	0	1	
NZ_MK574667.1	MPF_T	IncI2(Delta)	73	0	0	GA	1	37;32459;32941;-;81.1		52;48548;48832;-;36.6	51;46185;48542;-;58.5	51;46185;48542;-;44.9	61;53644;54288;-;41.0	62;54294;55289;-;123.9		49;45285;46019;-;144.3	48;44518;45288;-;170.5	47;43389;44528;-;154.7	40;34720;36258;-;207.1	45;40341;42299;-;289.6		pfam	pfam_only	A	7/7	rearranged	1	0	unscoreable	14	0	0														not_admitted	not_admitted	not_admitted	not_admitted	not_admitted	not_admitted	not_admitted
NZ_MK574668.1	MPF_T	IncI2(Delta)	73	0	0	GA	1	47;37887;38369;-;81.1		62;53976;54260;-;36.6	61;51613;53970;-;58.5	61;51613;53970;-;44.9	71;59072;59716;-;41.0			59;50713;51447;-;144.3	58;49946;50716;-;170.5	57;48817;49956;-;154.7	50;40148;41686;-;207.1	55;45769;47727;-;289.6		pfam	pfam_only	B	6/7	uncallable	0	0	unscoreable	14	0	0														not_admitted	not_admitted	not_admitted	not_admitted	not_admitted	not_admitted	not_admitted
NZ_MK574669.1	MPF_T	IncI2(Delta)	73	0	0	GA	1	37;33404;33886;-;81.1		52;49493;49777;-;36.6	51;47130;49487;-;58.5	51;47130;49487;-;44.9	61;54589;55233;-;41.0	62;55239;56234;-;123.9		49;46230;46964;-;144.3	48;45463;46233;-;170.5	47;44334;45473;-;154.7	40;35665;37203;-;207.1	45;41286;43244;-;289.6		pfam	pfam_only	A	7/7	rearranged	1	0	unscoreable	14	0	0														not_admitted	not_admitted	not_admitted	not_admitted	not_admitted	not_admitted	not_admitted
NZ_MK618661.1	MPF_T	IncX3	58	0	0	GA	1	45;38165;38809;-;46.4	44;37891;38181;-;73.1	43;35113;37866;-;47.0	43;35113;37866;-;142.4	43;35113;37866;-;73.3	42;34333;35103;-;60.1	40;32999;34054;-;133.2		39;32076;32804;-;119.4	38;31141;32070;-;138.8	37;29930;31144;-;128.3	35;28700;29734;-;65.7	34;26862;28697;-;495.9		pfam	pfam_only	A	7/7	canonical	1	1	unscoreable	2	0	0														not_admitted	not_admitted	not_admitted	not_admitted	not_admitted	not_admitted	not_admitted
NZ_MK621008.1	MPF_T	-	63	0	0	GA	1		49;35783;36079;-;28.6	48;35426;35737;-;56.8	47;32802;35426;-;108.0	47;32802;35426;-;79.1	46;32091;32798;-;99.0	44;30807;31868;-;118.9		43;29783;30523;-;79.2	42;28869;29780;-;139.4	41;27724;28872;-;173.9	40;26700;27707;-;67.3	37;21366;22919;+;82.8		pfam	both	A	7/7	canonical	1	0	unscoreable	3	0	0														not_admitted	not_admitted	not_admitted	not_admitted	not_admitted	not_admitted	not_admitted
NZ_MK621009.1	-	-	64	0	0	GA	1	35;33506;34336;-;46.6	33;30683;30988;-;77.2	32;30353;30670;-;88.6	31;27809;30343;-;189.6	31;27809;30343;-;88.1	30;27088;27801;-;215.9	28;25714;26796;-;145.2		26;24671;25396;-;187.2	25;23781;24674;-;182.5	24;22624;23784;-;186.2	22;21410;22471;-;84.7	21;18350;21010;-;298.2		pfam	both	A	7/7	canonical	1	0	unscoreable	19	0	0														not_admitted	not_admitted	not_admitted	not_admitted	not_admitted	not_admitted	not_admitted
NZ_MK621010.1	MPF_T	-	48	0	0	GA	1	21;16203;17108;-;30.4	32;26041;26502;-;66.0	31;25744;26037;-;34.5	30;23073;25757;-;77.0	30;23073;25757;-;74.3	29;22390;23076;-;85.2	26;20902;21765;-;130.9		25;20232;20897;-;62.4	24;19415;20206;-;176.9	23;18129;19412;-;160.4	22;17092;18120;-;91.9	14;8389;9945;+;63.6		pfam	both	A	7/7	canonical	1	0	unscoreable	8	0	0														not_admitted	not_admitted	not_admitted	not_admitted	not_admitted	not_admitted	not_admitted
NZ_MK621011.1	MPF_T	-	73	0	0	GA	1	14;11197;11904;+;35.8			17;12709;15141;+;70.6		18;15138;15824;+;55.5	20;16220;17152;+;131.7		21;17572;18360;+;100.4	22;18350;19159;+;141.2	23;19146;20537;+;126.9	24;20547;21602;+;46.6	33;26342;27994;+;259.5		pfam	pfam_only	A	7/7	canonical	1	0	unscoreable	10	0	0														not_admitted	not_admitted	not_admitted	not_admitted	not_admitted	not_admitted	not_admitted
NZ_MK628734.1	MPF_T	IncX3	58	0	0	GA	1	33;30401;31045;-;46.4	32;30127;30417;-;73.1	31;27349;30102;-;47.0	31;27349;30102;-;142.4	31;27349;30102;-;73.3	30;26569;27339;-;60.1	28;25235;26290;-;133.2		27;24312;25040;-;119.4	26;23377;24306;-;138.8	25;22166;23380;-;128.3	23;20936;21970;-;65.7	22;19098;20933;-;495.9		pfam	pfam_only	A	7/7	canonical	1	1	unscoreable	2	0	0														not_admitted	not_admitted	not_admitted	not_admitted	not_admitted	not_admitted	not_admitted
NZ_MK630213.1	MPF_F	-	155	0	0	GA	0															not_admitted	not_admitted	not_admitted	not_admitted	not_admitted	not_admitted	not_admitted	not_admitted	not_admitted	not_admitted	1	37;31345;32400;+;268.1	49;44008;45417;+;229.6	48;42985;43992;+;214.6	33;26866;29352;+;211.5	50;45437;48670;+;215.1	30;24150;25442;+;117.6	33;26866;29352;+;113.8	28;22499;23152;+;91.1	36;30125;31345;+;45.7	52;49142;51913;+;119.2	22;18106;20019;+;20.5	31;25459;25971;+;68.8	22;18106;20019;+;24.6	A	9/9	contiguous	31036	0	1	
NZ_MK638972.1	MPF_F	IncC	226	0	0	GA	0															not_admitted	not_admitted	not_admitted	not_admitted	not_admitted	not_admitted	not_admitted	not_admitted	not_admitted	not_admitted	1	52;43582;44589;+;332.9	155;135339;136772;+;339.2	154;134309;135337;+;221.7	47;38383;40830;+;354.5	156;136785;140399;+;375.3	42;29511;30827;+;135.0	47;38383;40830;+;128.3	40;27987;28613;+;92.7	50;41652;42917;+;67.9	53;44705;47503;+;145.3	31;22312;24177;+;47.3	43;30824;31402;+;100.2	31;22312;24177;+;52.0	A	9/9	split_2	114473	0	1	
NZ_MK671725.1	MPF_T	-	67	0	0	GA	1	43;34575;35447;-;21.6		41;33734;34024;-;58.5	40;31086;33734;-;103.6	40;31086;33734;-;89.3	39;30311;31084;-;104.7	37;28980;30047;-;123.7		36;27981;28700;-;132.5	35;27100;27978;-;151.5	34;25946;27103;-;161.8	33;24903;25934;-;80.5	23;12959;14497;+;47.3		pfam	both	A	7/7	canonical	1	0	unscoreable	2	0	0														not_admitted	not_admitted	not_admitted	not_admitted	not_admitted	not_admitted	not_admitted
NZ_MK671726.1	MPF_T	-	124	0	0	GA	1	79;65595;66512;-;34.5	90;75427;75888;-;62.4	46;39094;39384;-;58.5	45;36446;39094;-;103.6	45;36446;39094;-;89.3	44;35671;36444;-;104.7	84;70280;71143;-;135.3		41;33179;34060;-;87.4	82;68802;69587;-;179.1	81;67540;68799;-;145.4	80;66496;67530;-;91.4	73;58847;60397;+;62.5		pfam	both	A	7/7	rearranged	1	0	unscoreable	9	0	0														not_admitted	not_admitted	not_admitted	not_admitted	not_admitted	not_admitted	not_admitted
NZ_MK671727.1	MPF_T	-	71	0	0	GA	1	39;31702;32574;-;21.6			35;25611;28259;-;103.6	35;25611;28259;-;89.3	34;24836;25609;-;104.7	32;23505;24572;-;123.7		31;22506;23225;-;132.5	30;21625;22503;-;151.5	29;20471;21628;-;161.8	28;19428;20459;-;80.5	23;12959;14497;+;47.3		pfam	both	A	7/7	canonical	1	0	unscoreable	8	0	0														not_admitted	not_admitted	not_admitted	not_admitted	not_admitted	not_admitted	not_admitted
NZ_MK673546.1	MPF_F	IncFII(pHN7A8);IncX1	113	0	0	GA	0															not_admitted	not_admitted	not_admitted	not_admitted	not_admitted	not_admitted	not_admitted	not_admitted	not_admitted	not_admitted	1	87;72186;73178;+;369.5	100;80011;81384;+;376.8	95;77702;78445;+;234.4	84;68550;71177;+;301.8	101;81381;84197;+;376.7	79;65068;66495;+;94.1	84;68550;71177;+;101.8	77;63787;64353;+;183.8	90;74124;74762;+;70.4	93;75575;77425;+;265.0	104;85760;87967;+;391.7	83;67519;68034;+;78.0	104;85760;87967;+;70.3	A	9/9	contiguous	21973	1	1	84230..84751+;173;unnamed;0
NZ_MK673547.1	MPF_F	IncHI2;IncHI2A	276	0	0	GA	0															not_admitted	not_admitted	not_admitted	not_admitted	not_admitted	not_admitted	not_admitted	not_admitted	not_admitted	not_admitted	1	231;209235;210293;-;276.7	70;58359;59774;+;194.1	69;57323;58369;+;174.3	247;229865;232546;-;168.0	71;59783;63736;+;101.7	251;234876;236231;-;80.7	247;229865;232546;-;72.3		233;210435;211946;-;62.0	230;206028;209216;-;57.3	62;48197;50281;-;56.8	248;232555;233505;-;46.1	62;48197;50281;-;38.8	B	8/9	split_2	186679	1	1	63917..65206+;429;unnamed;0
NZ_MK673548.1	MPF_F	IncHI2;IncHI2A	268	0	0	GA	0															not_admitted	not_admitted	not_admitted	not_admitted	not_admitted	not_admitted	not_admitted	not_admitted	not_admitted	not_admitted	1	225;202616;203674;-;276.5	70;58359;59774;+;194.1	69;57323;58369;+;174.3	241;223246;225927;-;168.0	71;59783;63736;+;101.7	245;228257;229612;-;80.7	241;223246;225927;-;72.2	248;231336;232124;-;74.8	227;203816;205327;-;62.0	224;199409;202597;-;57.3	62;48197;50281;-;56.8	242;225936;226886;-;46.1	62;48197;50281;-;38.8	A	9/9	split_2	183139	1	1	63917..65206+;429;unnamed;0
NZ_MK673549.1	MPF_F	IncHI2;IncHI2A	265	0	0	GA	0															not_admitted	not_admitted	not_admitted	not_admitted	not_admitted	not_admitted	not_admitted	not_admitted	not_admitted	not_admitted	1	221;197789;198847;-;276.5	68;57009;58424;+;194.1	67;55973;57019;+;174.3	237;218419;221100;-;168.0	69;58433;62386;+;101.7	241;223430;224785;-;80.7	237;218419;221100;-;72.2	244;226509;227297;-;74.8	223;198989;200500;-;62.0	220;194582;197770;-;57.3	60;46847;48931;-;56.8	238;221109;222059;-;46.1	60;46847;48931;-;38.8	A	9/9	split_2	179662	1	1	62567..63856+;429;unnamed;0
NZ_MK731977.1	MPF_T	IncX1	75	0	0	GA	1	42;28831;29475;+;47.1	43;29459;29749;+;73.5	44;29773;32532;+;44.8	44;29773;32532;+;133.3	44;29773;32532;+;71.9	45;32534;33271;+;57.5	47;33553;34608;+;131.7		48;34798;35520;+;116.0	49;35526;36455;+;132.4	50;36452;37666;+;128.6	51;37684;38721;+;66.4	52;38726;40561;+;543.4		pfam	pfam_only	A	7/7	canonical	1	1	unscoreable	1	0	0														not_admitted	not_admitted	not_admitted	not_admitted	not_admitted	not_admitted	not_admitted
NZ_MK733575.1	MPF_F	IncC	251	0	0	GA	0															not_admitted	not_admitted	not_admitted	not_admitted	not_admitted	not_admitted	not_admitted	not_admitted	not_admitted	not_admitted	1	235;186855;187862;+;332.9	107;92969;94402;+;339.2	106;91927;92967;+;221.6	230;181656;184103;+;354.5	108;94415;98029;+;375.3	225;172784;174100;+;135.0	230;181656;184103;+;128.3	223;171260;171886;+;92.7	233;184925;186190;+;67.9	236;187978;190776;+;145.3	214;165585;167450;+;47.3	226;174097;174675;+;100.2	214;165585;167450;+;52.0	A	9/9	split_2	96051	0	1	
NZ_MK736669.1	MPF_F	IncHI2;IncHI2A	340	0	0	GA	0															not_admitted	not_admitted	not_admitted	not_admitted	not_admitted	not_admitted	not_admitted	not_admitted	not_admitted	not_admitted	1	177;159337;160395;+;276.9	58;48721;50136;-;194.1	59;50126;51172;-;173.7	159;136017;138698;+;168.0	57;44762;48712;-;101.6	155;132332;133687;+;80.7	159;136017;138698;+;72.2	152;129820;130608;+;74.8	175;157684;159195;+;62.7	178;160414;163602;+;58.3	65;58213;60297;+;56.7	158;135058;136008;+;46.4	65;58213;60297;+;38.8	A	9/9	split_3	115652	0	1	
NZ_MK757441.1	MPF_T	IncW	70	0	0	GA	1	32;26718;27416;-;43.3	30;26029;26334;-;70.9	29;25702;26016;-;84.9	28;23228;25699;-;122.0	28;23228;25699;-;98.5	27;22542;23231;-;157.1	25;21273;22301;-;174.7		23;20325;21020;-;157.4	22;19514;20314;-;191.3	21;18327;19514;-;185.3	20;17285;18361;-;88.0	18;12779;14302;+;51.8		pfam	both	A	7/7	canonical	1	0	unscoreable	4	0	0														not_admitted	not_admitted	not_admitted	not_admitted	not_admitted	not_admitted	not_admitted
NZ_MK757468.1	MPF_T	IncX3	61	0	0	GA	1	12;6099;6743;+;46.4	13;6727;7017;+;73.1	14;7042;9795;+;47.0	14;7042;9795;+;142.4	14;7042;9795;+;73.3	15;9805;10575;+;60.1	17;10854;11909;+;133.2		18;12104;12832;+;119.4	19;12838;13767;+;138.8	20;13764;14978;+;128.3	22;15174;16208;+;65.7	24;17354;18097;+;229.7		pfam	pfam_only	A	7/7	canonical	1	1	unscoreable	2	0	0														not_admitted	not_admitted	not_admitted	not_admitted	not_admitted	not_admitted	not_admitted
NZ_MK770642.1	MPF_F	IncC	178	0	0	GA	0															not_admitted	not_admitted	not_admitted	not_admitted	not_admitted	not_admitted	not_admitted	not_admitted	not_admitted	not_admitted	1	93;69669;70676;+;332.9	167;136743;138176;+;339.2	166;135713;136741;+;221.7	88;64470;66917;+;354.2	168;138189;141803;+;375.3	79;51159;52475;+;135.0	88;64470;66917;+;128.6	77;49635;50261;+;92.1	91;67739;69004;+;67.6	94;70792;73587;+;145.3	68;43960;45825;+;47.4	80;52472;53050;+;100.2	68;43960;45825;+;52.0	A	9/9	split_2	94229	0	1	
NZ_MK773535.1	MPF_T	IncX3	58	0	0	GA	1	45;38166;38810;-;46.4	44;37892;38182;-;73.1	43;35114;37867;-;47.0	43;35114;37867;-;142.4	43;35114;37867;-;73.3	42;34334;35104;-;60.1	40;33000;34055;-;133.2		39;32077;32805;-;119.4	38;31142;32071;-;138.8	37;29931;31145;-;128.3	35;28701;29735;-;65.7	34;26863;28698;-;495.9		pfam	pfam_only	A	7/7	canonical	1	1	unscoreable	2	0	0														not_admitted	not_admitted	not_admitted	not_admitted	not_admitted	not_admitted	not_admitted
NZ_MK773536.1	MPF_F	IncFII(K);IncQ1;repB(R1701)	165	0	0	GA	0															not_admitted	not_admitted	not_admitted	not_admitted	not_admitted	not_admitted	not_admitted	not_admitted	not_admitted	not_admitted	1	87;63165;64154;+;366.6	97;69701;71068;+;384.0	93;67691;68443;+;233.3	83;59083;61722;+;258.5	98;71068;73917;+;346.4	76;54466;55890;+;89.2	83;59083;61722;+;88.2	74;53173;53739;+;169.3	88;64167;64805;+;66.9	89;64864;66819;+;259.7	102;76379;78691;+;393.1	77;56004;56588;+;53.6	102;76379;78691;+;66.6	A	9/9	contiguous	23206	1	1	73920..74453+;177;unnamed;0
NZ_MK778454.1	MPF_F	IncFII(pHN7A8)	87	0	0	GA	0															not_admitted	not_admitted	not_admitted	not_admitted	not_admitted	not_admitted	not_admitted	not_admitted	not_admitted	not_admitted	1	61;48708;49700;+;369.5	74;56533;57906;+;376.8	69;54224;54967;+;234.4	58;45072;47699;+;301.8	75;57903;60719;+;376.7	53;41590;43017;+;94.1	58;45072;47699;+;101.8	51;40309;40875;+;183.8	64;50646;51284;+;70.4	67;52097;53947;+;265.0	79;63020;65236;+;391.7	57;44041;44556;+;78.0	79;63020;65236;+;70.3	A	9/9	contiguous	22711	1	1	60752..61273+;173;unnamed;0
NZ_MK797990.1	MPF_F	IncFIA;IncFIB(AP001918);IncFII(pRSB107)	188	0	0	GA	0															not_admitted	not_admitted	not_admitted	not_admitted	not_admitted	not_admitted	not_admitted	not_admitted	not_admitted	not_admitted	1	111;99187;100179;-;369.5	98;90055;91428;-;386.6	106;95338;96081;-;231.4	114;101188;103815;-;303.9	97;87239;90058;-;386.3	120;105700;107151;-;94.1	114;101188;103815;-;96.5	122;107866;108432;-;184.3	109;98205;98843;-;68.7	108;96358;98208;-;266.7	93;82765;84981;-;391.8	117;104331;104846;-;75.2	93;82765;84981;-;70.3	A	9/9	contiguous	25101	1	1	86723..87214-;163;TraS;0
NZ_MK836306.1	MPF_T	IncI2	78	0	0	GA	1	2;3439;3921;-;81.1		17;19517;19801;-;36.6	16;17154;19511;-;58.5	16;17154;19511;-;42.8	29;25254;25895;-;42.8	30;25901;26896;-;128.5		14;16254;16988;-;144.3	13;15487;16257;-;170.5	12;14358;15497;-;154.7	5;5689;7227;-;207.1	10;11310;13268;-;289.6		pfam	pfam_only	A	7/7	rearranged	1	0	unscoreable	17	1	0														not_admitted	not_admitted	not_admitted	not_admitted	not_admitted	not_admitted	not_admitted
NZ_MK836307.1	MPF_T	IncX4	39	0	0	GA	1	13;14742;15362;-;41.6	12;14402;14728;-;64.4	11;11636;14383;-;63.8	11;11636;14383;-;151.8	11;11636;14383;-;46.1	10;10908;11624;-;94.2	9;9802;10896;-;150.1		7;8601;9287;-;169.0	6;7696;8604;-;142.4	5;6585;7703;-;159.8	4;5555;6583;-;85.0	3;3706;5523;-;314.8		pfam	pfam_only	A	7/7	canonical	1	1	unscoreable	1	0	0														not_admitted	not_admitted	not_admitted	not_admitted	not_admitted	not_admitted	not_admitted
NZ_MK848866.1	MPF_T	IncX3	58	0	0	GA	1	45;38024;38668;-;46.4	44;37750;38040;-;73.1	43;34972;37725;-;47.0	43;34972;37725;-;142.4	43;34972;37725;-;73.3	42;34192;34962;-;60.1	40;32858;33913;-;133.2		39;31935;32663;-;119.4	38;31000;31929;-;138.8	37;29789;31003;-;128.3	35;28559;29593;-;65.7	34;26721;28556;-;495.9		pfam	pfam_only	A	7/7	canonical	1	1	unscoreable	2	0	0														not_admitted	not_admitted	not_admitted	not_admitted	not_admitted	not_admitted	not_admitted
NZ_MK851047.1	-	-	71	0	0	GA	0															not_admitted	not_admitted	not_admitted	not_admitted	not_admitted	not_admitted	not_admitted	not_admitted	not_admitted	not_admitted	1	0;216;1199;-;358.3	65;59810;61207;-;343.5	68;62122;62913;-;203.9	3;2226;4934;-;236.6	64;56968;59820;-;309.7	10;6927;8309;-;88.8	3;2226;4934;-;110.4	12;9065;9637;-;121.2	70;64727;65059;-;51.8	69;62910;64727;-;235.4	61;53874;56102;-;392.3	4;4934;5455;-;48.6	61;53874;56102;-;69.0	A	9/9	split_2	64511	1	1	56550..56963-;137;unnamed;0
NZ_MK851048.1	-	-	71	0	0	GA	0															not_admitted	not_admitted	not_admitted	not_admitted	not_admitted	not_admitted	not_admitted	not_admitted	not_admitted	not_admitted	1	47;48387;49370;-;358.3	41;42847;44244;-;343.5	44;45159;45950;-;203.9	50;50397;53105;-;236.6	40;40005;42857;-;309.7	57;55098;56480;-;88.8	50;50397;53105;-;110.4	59;57236;57808;-;121.2	46;47764;48375;-;60.1	45;45947;47764;-;235.4	37;36911;39139;-;392.3	51;53105;53626;-;48.6	37;36911;39139;-;69.0	A	9/9	contiguous	20325	1	1	39587..40000-;137;unnamed;0
NZ_MK852553.1	MPF_T	IncI2	78	0	0	GA	1	76;60836;61318;+;81.1		61;44956;45240;+;36.6	62;45246;47603;+;58.5	62;45246;47603;+;42.8	49;38862;39503;+;42.8	48;37861;38856;+;128.5		64;47769;48503;+;144.3	65;48500;49270;+;170.5	66;49260;50399;+;154.7	73;57530;59068;+;207.1	68;51489;53447;+;289.6		pfam	pfam_only	A	7/7	rearranged	1	0	unscoreable	17	1	0														not_admitted	not_admitted	not_admitted	not_admitted	not_admitted	not_admitted	not_admitted
NZ_MK862125.1	MPF_T	IncN	65	0	0	GA	1	16;11558;12292;+;32.5		19;12935;13252;+;63.3	20;13252;15852;+;113.8	20;13252;15852;+;76.4	21;15870;16583;+;105.5	23;16834;17874;+;142.4		24;18093;18791;+;131.9	25;18802;19686;+;159.7	26;19686;20846;+;156.3	27;20888;21883;+;81.2	42;39811;41340;-;38.5		pfam	both	A	7/7	canonical	1	0	unscoreable	3	0	0														not_admitted	not_admitted	not_admitted	not_admitted	not_admitted	not_admitted	not_admitted
NZ_MK875281.1	MPF_T	IncX4	41	0	0	GA	1	27;26058;26678;-;41.6	26;25718;26044;-;64.4	25;22952;25699;-;63.8	25;22952;25699;-;151.8	25;22952;25699;-;46.1	24;22224;22940;-;94.2	23;21118;22212;-;150.1		21;19917;20603;-;169.0	20;19012;19920;-;142.4	19;17901;19019;-;163.9	18;16871;17899;-;85.0	17;15022;16839;-;314.8		pfam	pfam_only	A	7/7	canonical	1	1	unscoreable	1	0	0														not_admitted	not_admitted	not_admitted	not_admitted	not_admitted	not_admitted	not_admitted
NZ_MK875282.1	MPF_T	IncX4	41	0	0	GA	1	16;15633;16253;-;41.6	15;15293;15619;-;64.4	14;12527;15274;-;63.8	14;12527;15274;-;151.8	14;12527;15274;-;46.1	13;11799;12515;-;94.2	12;10693;11787;-;150.1		10;9492;10178;-;169.0	9;8587;9495;-;142.4	8;7476;8594;-;163.9	7;6446;7474;-;85.0	6;4597;6414;-;314.8		pfam	pfam_only	A	7/7	canonical	1	1	unscoreable	1	0	0														not_admitted	not_admitted	not_admitted	not_admitted	not_admitted	not_admitted	not_admitted
NZ_MK875283.1	MPF_T	IncX4	38	0	0	GA	1	27;25660;26280;-;41.6	26;25320;25646;-;64.4	25;22554;25301;-;63.8	25;22554;25301;-;151.8	25;22554;25301;-;46.1	24;21826;22542;-;94.2	23;20720;21814;-;150.1		21;19519;20205;-;169.0	20;18614;19522;-;142.4	19;17503;18621;-;163.9	18;16473;17501;-;85.0	17;14624;16441;-;314.8		pfam	pfam_only	A	7/7	canonical	1	1	unscoreable	1	0	0														not_admitted	not_admitted	not_admitted	not_admitted	not_admitted	not_admitted	not_admitted
NZ_MK875284.1	MPF_T	IncX4	41	0	0	GA	1	16;15718;16338;-;41.6	15;15378;15704;-;64.4	14;12612;15359;-;63.8	14;12612;15359;-;151.8	14;12612;15359;-;46.1	13;11884;12600;-;94.2	12;10778;11872;-;150.1		10;9577;10263;-;169.0	9;8672;9580;-;142.4	8;7561;8679;-;163.9	7;6531;7559;-;85.0	6;4682;6499;-;314.8		pfam	pfam_only	A	7/7	canonical	1	1	unscoreable	1	0	0														not_admitted	not_admitted	not_admitted	not_admitted	not_admitted	not_admitted	not_admitted
NZ_MK875285.1	MPF_T	IncX4	41	0	0	GA	1	16;15633;16253;-;41.6	15;15293;15619;-;64.4	14;12527;15274;-;63.8	14;12527;15274;-;151.8	14;12527;15274;-;46.1	13;11799;12515;-;94.2	12;10693;11787;-;150.1		10;9492;10178;-;169.0	9;8587;9495;-;142.4	8;7476;8594;-;163.9	7;6446;7474;-;85.0	6;4597;6414;-;314.8		pfam	pfam_only	A	7/7	canonical	1	1	unscoreable	1	0	0														not_admitted	not_admitted	not_admitted	not_admitted	not_admitted	not_admitted	not_admitted
NZ_MK875286.1	MPF_T	IncX4	41	0	0	GA	1	16;15633;16253;-;41.6	15;15293;15619;-;64.4	14;12527;15274;-;63.8	14;12527;15274;-;151.8	14;12527;15274;-;46.1	13;11799;12515;-;94.2	12;10693;11787;-;148.8		10;9492;10178;-;169.0	9;8587;9495;-;142.4	8;7476;8594;-;163.9	7;6446;7474;-;85.0	6;4597;6414;-;314.8		pfam	pfam_only	A	7/7	canonical	1	1	unscoreable	1	0	0														not_admitted	not_admitted	not_admitted	not_admitted	not_admitted	not_admitted	not_admitted
NZ_MK875287.1	MPF_T	IncI2	69	0	0	GA	1	22;23109;23591;-;81.1		37;39187;39471;-;36.6	36;36824;39181;-;58.5	36;36824;39181;-;42.8	49;44924;45565;-;42.8	50;45571;46566;-;128.5		34;35924;36658;-;144.3	33;35157;35927;-;170.5	32;34028;35167;-;154.7	25;25359;26897;-;207.1	30;30980;32938;-;289.6		pfam	pfam_only	A	7/7	rearranged	1	0	unscoreable	17	1	0														not_admitted	not_admitted	not_admitted	not_admitted	not_admitted	not_admitted	not_admitted
NZ_MK878890.1	MPF_F	IncFIB(AP001918);IncFIC(FII);IncQ1	174	0	0	GA	0															not_admitted	not_admitted	not_admitted	not_admitted	not_admitted	not_admitted	not_admitted	not_admitted	not_admitted	not_admitted	1	19;13438;14430;+;369.3	30;20116;21489;+;378.0	23;17159;17902;+;234.1	16;9802;12429;+;305.4	31;21486;24308;+;389.5	10;6298;7725;+;94.3	16;9802;12429;+;98.5	8;5017;5583;+;183.8	20;14439;15077;+;68.4	21;15074;16882;+;268.4	34;25837;27990;+;391.9	14;8749;9264;+;78.4	34;25837;27990;+;70.4	A	9/9	contiguous	20820	1	1	24330..24821+;163;TraS;0
NZ_MK878891.1	MPF_F	IncFIB(AP001918);IncFII;IncQ1	170	0	0	GA	0															not_admitted	not_admitted	not_admitted	not_admitted	not_admitted	not_admitted	not_admitted	not_admitted	not_admitted	not_admitted	1	18;13274;14266;+;369.5	27;19668;21041;+;381.7	22;16995;17738;+;234.4	15;9638;12265;+;304.1	28;21038;23860;+;374.0	10;6296;7747;+;94.2	15;9638;12265;+;97.1	8;5015;5581;+;174.3	19;14275;14913;+;68.7	20;14910;16718;+;267.4	31;25394;27481;+;391.4	13;8607;9122;+;78.4	31;25394;27481;+;70.4	A	9/9	contiguous	20379	1	1	23882..24361+;159;TraS;0
NZ_MK878892.1	MPF_F	IncFII;IncN	157	1	1	GA	1	11;8316;8825;-;78.2		91;76511;76828;+;63.3	92;76828;79428;+;113.8	92;76828;79428;+;76.4	93;79446;80159;+;105.5	95;80410;81450;+;142.4		96;81669;82367;+;131.9	97;82378;83262;+;159.7	98;83262;84422;+;156.3	99;84464;85459;+;81.2	107;93714;95243;-;38.5	31;22934;24784;+;266.1	pfam	both	A	7/7	canonical	1	0	unscoreable	39	0	1	28;20963;21955;+;369.5	38;27734;29107;+;381.7	33;25061;25804;+;234.4	25;17324;19954;+;304.1	39;29104;31926;+;374.0	98;83262;84422;+;156.3	25;17324;19954;+;97.1	16;11593;12159;+;174.3	30;22299;22937;+;68.6	31;22934;24784;+;266.1	43;34198;36441;+;391.1	21;15185;15700;+;78.4	43;34198;36441;+;70.3	A	9/9	split_2	71669	1	1	31948..32427+;159;TraS;0
NZ_MK878893.1	MPF_F	IncFII	83	0	0	GA	0															not_admitted	not_admitted	not_admitted	not_admitted	not_admitted	not_admitted	not_admitted	not_admitted	not_admitted	not_admitted	1	28;20963;21955;+;369.5	38;27734;29107;+;381.7	33;25061;25804;+;234.4	25;17324;19954;+;304.1	39;29104;31926;+;374.0	18;12874;14325;+;94.2	25;17324;19954;+;97.1	16;11593;12159;+;174.3	30;22299;22937;+;68.6	31;22934;24784;+;266.1	43;34198;36438;+;391.1	21;15185;15700;+;78.4	43;34198;36438;+;70.3	A	9/9	contiguous	22605	1	1	31948..32427+;159;TraS;0
NZ_MK878894.1	MPF_T	IncN	72	0	0	GA	1	47;36237;36971;+;32.5		50;37614;37931;+;63.3	51;37931;40531;+;113.8	51;37931;40531;+;76.4	52;40549;41262;+;105.5	54;41513;42553;+;142.4		55;42772;43470;+;131.9	56;43481;44365;+;159.7	57;44365;45525;+;156.3	58;45567;46562;+;81.2	66;54817;56346;-;38.5		pfam	both	A	7/7	canonical	1	0	unscoreable	10	0	0														not_admitted	not_admitted	not_admitted	not_admitted	not_admitted	not_admitted	not_admitted
NZ_MK933278.1	MPF_F	IncFIB(pB171);IncFII(Yp);IncFII(pAR0022)	124	0	0	GA	0															not_admitted	not_admitted	not_admitted	not_admitted	not_admitted	not_admitted	not_admitted	not_admitted	not_admitted	not_admitted	1	39;27334;28326;+;369.4	47;33039;34409;+;376.7	43;31073;31822;+;218.2	36;23716;26346;+;285.5	48;34409;37231;+;336.5	30;20294;21688;+;89.4	36;23716;26346;+;98.6	28;19011;19577;+;169.9	40;28343;28972;+;66.9	41;28969;30822;+;260.5	51;38568;40814;+;384.7	31;21710;22249;+;67.5	51;38568;40814;+;63.8	A	9/9	contiguous	19557	1	1	37253..37684+;143;TraS;0
NZ_MK933279.1	MPF_F	IncHI2;IncHI2A;IncR	323	0	0	GA	0															not_admitted	not_admitted	not_admitted	not_admitted	not_admitted	not_admitted	not_admitted	not_admitted	not_admitted	not_admitted	1	138;127672;128730;+;276.9	23;20367;21782;-;194.1	24;21772;22818;-;173.7	120;104352;107033;+;168.0	22;16408;20358;-;101.6	116;100667;102022;+;80.7	120;104352;107033;+;72.2	113;98155;98943;+;74.8	136;126019;127530;+;62.9	139;128749;131937;+;58.3	30;29859;31943;+;56.7	119;103393;104343;+;46.4	30;29859;31943;+;38.8	A	9/9	split_3	112341	0	1	
NZ_MK940857.1	MPF_T	IncX4	42	0	0	GA	1	14;6800;7420;+;41.6	15;7434;7760;+;64.4	16;7779;10526;+;63.8	16;7779;10526;+;151.8	16;7779;10526;+;46.1	17;10538;11254;+;94.2	18;11266;12360;+;150.1		20;12875;13561;+;169.0	21;13558;14466;+;142.4	22;14459;15577;+;163.9	23;15579;16607;+;85.0	24;16639;18456;+;314.8		pfam	pfam_only	A	7/7	canonical	1	1	unscoreable	1	0	0														not_admitted	not_admitted	not_admitted	not_admitted	not_admitted	not_admitted	not_admitted
NZ_MK940858.1	MPF_T	IncX4	42	0	0	GA	1	14;6800;7420;+;41.6	15;7434;7760;+;64.4	16;7779;10526;+;63.8	16;7779;10526;+;151.8	16;7779;10526;+;46.1	17;10538;11254;+;94.2	18;11266;12360;+;150.1		20;12875;13561;+;169.0	21;13558;14466;+;142.4	22;14459;15577;+;163.9	23;15579;16607;+;85.0	24;16639;18456;+;314.8		pfam	pfam_only	A	7/7	canonical	1	1	unscoreable	1	0	0														not_admitted	not_admitted	not_admitted	not_admitted	not_admitted	not_admitted	not_admitted
NZ_MK941846.1	-	-	74	0	0	GA	1	4;4285;4899;-;45.0	3;3988;4230;-;49.7	2;1156;3927;-;45.0	2;1156;3927;-;164.3	2;1156;3927;-;64.1	1;379;1116;-;65.8	73;59104;59946;-;105.3		70;57963;58682;-;150.6	69;57043;57960;-;144.1	68;55862;57046;-;136.1	67;54828;55859;-;84.9	66;52987;54819;-;474.7		pfam	pfam_only	A	7/7	rearranged	1	1	unscoreable	2	0	0														not_admitted	not_admitted	not_admitted	not_admitted	not_admitted	not_admitted	not_admitted
NZ_MK962305.1	MPF_F	IncHI2;IncHI2A	258	0	0	GA	0															not_admitted	not_admitted	not_admitted	not_admitted	not_admitted	not_admitted	not_admitted	not_admitted	not_admitted	not_admitted	1	7;5705;6307;+;190.8	129;112043;113458;-;194.1	130;113448;114227;-;140.9	233;194002;196587;+;162.5	128;108081;112034;-;101.7	227;190223;191578;+;80.7	233;194002;196587;+;72.4	224;187712;188440;+;75.1	247;214506;216017;+;62.0	8;6367;9513;+;58.0	140;121532;123616;+;56.8	231;192948;193898;+;45.4	140;121532;123616;+;38.8	A	9/9	split_4	208801	1	1	106611..107900-;429;unnamed;0
NZ_MK965545.1	MPF_T	IncX1;IncX3	58	0	0	GA	1	39;28937;29584;+;45.2	40;29562;29858;+;77.5	41;29877;32630;+;47.3	41;29877;32630;+;148.0	41;29877;32630;+;73.5	42;32641;33399;+;67.3	44;33696;34826;+;103.0		45;35072;35785;+;120.0	46;35790;36719;+;134.9	47;36716;37921;+;133.4	48;37923;38954;+;77.9	49;38957;40792;+;488.6		pfam	pfam_only	A	7/7	canonical	1	1	unscoreable	1	0	0														not_admitted	not_admitted	not_admitted	not_admitted	not_admitted	not_admitted	not_admitted
NZ_MK978162.1	MPF_T	-	43	0	0	GA	1	40;41803;42480;-;53.0	39;41363;41689;-;62.9	38;41037;41363;-;70.5	37;38567;41029;-;127.1	37;38567;41029;-;81.0	34;36509;37204;-;169.9	35;37216;38241;-;143.3		33;35498;36346;-;144.5	32;34593;35486;-;160.3	31;33169;34593;-;168.2	30;32076;33149;-;100.5	29;29479;32079;-;333.6		pfam	both	A	7/7	canonical	1	0	unscoreable	1	0	0														not_admitted	not_admitted	not_admitted	not_admitted	not_admitted	not_admitted	not_admitted
NZ_MK986791.1	MPF_T	IncX3	58	0	0	GA	1	45;38165;38809;-;46.4	44;37891;38181;-;73.1	43;35113;37866;-;47.0	43;35113;37866;-;142.4	43;35113;37866;-;73.3	42;34333;35103;-;60.1	40;32999;34054;-;133.2		39;32076;32804;-;119.4	38;31141;32070;-;138.8	37;29930;31144;-;128.3	35;28700;29734;-;65.7	34;26862;28697;-;495.9		pfam	pfam_only	A	7/7	canonical	1	1	unscoreable	2	0	0														not_admitted	not_admitted	not_admitted	not_admitted	not_admitted	not_admitted	not_admitted
NZ_MN007141.1	MPF_F	IncFIA;IncFII	132	0	0	GA	0															not_admitted	not_admitted	not_admitted	not_admitted	not_admitted	not_admitted	not_admitted	not_admitted	not_admitted	not_admitted	1	107;98465;99457;+;371.6	116;104519;105892;+;380.7	111;102186;102929;+;233.3	101;93383;95044;+;305.2	117;105889;108708;+;386.2	95;89797;91224;+;91.9	104;96380;97456;+;52.3	93;88516;89082;+;182.9	108;99466;100104;+;64.9	109;100101;101909;+;268.2	120;110240;112492;+;391.7	100;92352;92867;+;76.4	120;110240;112492;+;70.3	A	9/9	contiguous	21724	1	1	108733..109224+;163;TraS;0
NZ_MN017707.1	MPF_T	IncX3	57	0	0	GA	1	44;38165;38809;-;46.4	43;37891;38181;-;73.1	42;35113;37866;-;47.0	42;35113;37866;-;142.4	42;35113;37866;-;73.3	41;34333;35103;-;60.1	39;32999;34054;-;133.2		38;32076;32804;-;119.4	37;31141;32070;-;138.8	36;29930;31144;-;128.3	34;28700;29734;-;65.7	33;26862;28697;-;495.9		pfam	pfam_only	A	7/7	canonical	1	1	unscoreable	2	0	0														not_admitted	not_admitted	not_admitted	not_admitted	not_admitted	not_admitted	not_admitted
NZ_MN053930.1	MPF_F	IncFIB(AP001918);IncFIC(FII)	169	0	0	GA	0															not_admitted	not_admitted	not_admitted	not_admitted	not_admitted	not_admitted	not_admitted	not_admitted	not_admitted	not_admitted	1	88;87775;88767;-;369.3	77;80334;81707;-;380.9	82;83273;84016;-;233.3	91;89776;92406;-;303.8	76;77512;80337;-;387.0	99;95363;96790;-;94.3	91;89776;92406;-;99.2	101;97505;98071;-;183.8	85;86140;86778;-;67.5	84;84293;86143;-;265.1	73;73855;76008;-;391.5	96;93964;94479;-;78.2	73;73855;76008;-;70.4	A	9/9	contiguous	23650	1	1	77006..77515-;169;unnamed;0
NZ_MN061454.1	MPF_T	IncX3	67	0	0	GA	1	50;36541;37185;+;46.4	51;37169;37459;+;73.1	52;37484;40237;+;47.0	52;37484;40237;+;142.4	52;37484;40237;+;73.3	53;40247;41017;+;60.1	55;41296;42351;+;133.2		56;42546;43274;+;119.4	57;43280;44209;+;138.8	58;44206;45420;+;128.3	60;45616;46650;+;65.7	61;46653;48488;+;495.9		pfam	pfam_only	A	7/7	canonical	1	1	unscoreable	2	0	0														not_admitted	not_admitted	not_admitted	not_admitted	not_admitted	not_admitted	not_admitted
NZ_MN061455.1	MPF_F	IncFII	113	0	0	GA	0															not_admitted	not_admitted	not_admitted	not_admitted	not_admitted	not_admitted	not_admitted	not_admitted	not_admitted	not_admitted	1	90;84765;85757;+;369.3	99;90819;92192;+;381.0	94;88456;89229;+;234.0	87;81126;83756;+;303.5	100;92189;95014;+;386.0	80;76421;77848;+;94.3	87;81126;83756;+;98.5	78;75140;75706;+;183.8	91;85766;86404;+;68.7	92;86401;88209;+;268.0	103;96518;98734;+;391.7	84;78976;79491;+;78.6	103;96518;98734;+;70.3	A	9/9	contiguous	21378	1	1	95011..95520+;169;unnamed;0
NZ_MN064714.1	MPF_T	IncX3	58	0	0	GA	1	4;2804;3448;+;46.4	5;3432;3722;+;73.1	6;3747;6500;+;47.0	6;3747;6500;+;142.4	6;3747;6500;+;73.3	7;6510;7280;+;60.1	9;7559;8614;+;133.2		10;8809;9537;+;119.4	11;9543;10472;+;138.8	12;10469;11683;+;128.3	14;11879;12913;+;65.7	15;12916;14751;+;495.9		pfam	pfam_only	A	7/7	canonical	1	1	unscoreable	2	0	0														not_admitted	not_admitted	not_admitted	not_admitted	not_admitted	not_admitted	not_admitted
NZ_MN065773.1	MPF_F	IncC	208	0	0	GA	0															not_admitted	not_admitted	not_admitted	not_admitted	not_admitted	not_admitted	not_admitted	not_admitted	not_admitted	not_admitted	1	97;69396;70403;+;332.9	197;157168;158601;+;339.2	196;156138;157166;+;221.7	92;64197;66644;+;354.5	198;158614;162228;+;375.3	87;55325;56641;+;135.0	92;64197;66644;+;128.3	85;53801;54427;+;92.7	95;67466;68731;+;67.9	98;70519;73317;+;145.3	76;48126;49991;+;47.3	88;56638;57216;+;100.2	76;48126;49991;+;52.0	A	9/9	split_2	110488	0	1	
NZ_MN073498.1	MPF_T	IncX3	66	0	0	GA	1	11;6092;6736;+;46.4	12;6720;7004;+;61.6	13;7034;7357;+;50.4	14;8321;8536;+;28.9			19;11206;11625;+;83.9		21;12196;12816;+;117.3	22;12822;13445;+;81.3	23;13748;14620;+;47.0	27;15594;16190;+;67.1	28;16193;17428;+;253.7		none	none	A	7/7	canonical	0	0	unscoreable	7	0	0														not_admitted	not_admitted	not_admitted	not_admitted	not_admitted	not_admitted	not_admitted
NZ_MN080490.1	MPF_T	IncX3	55	0	0	GA	1	48;40799;41443;-;46.4	47;40525;40815;-;73.1	46;37747;40500;-;47.0	46;37747;40500;-;136.6	46;37747;40500;-;73.1	45;36967;37737;-;59.8	43;35633;36688;-;133.2		42;34710;35438;-;119.5	41;33775;34704;-;138.6	40;32564;33778;-;128.3	38;31334;32368;-;64.6	37;29496;31331;-;495.8		pfam	pfam_only	A	7/7	canonical	1	1	unscoreable	2	0	0														not_admitted	not_admitted	not_admitted	not_admitted	not_admitted	not_admitted	not_admitted
NZ_MN086778.1	MPF_T	Col(pHAD28);IncFIB(K);IncN;IncX1	138	0	0	GA	1	72;63750;64412;+;48.3	73;64423;64722;+;36.6	74;64732;67482;+;61.8	74;64732;67482;+;134.0	74;64732;67482;+;47.3	75;67501;68217;+;137.0	77;68531;69538;+;137.8		79;69748;70434;+;158.2	80;70427;71320;+;147.4	81;71317;72513;+;131.8	82;72517;73566;+;71.5	89;78304;80211;+;24.4		pfam	pfam_only	A	7/7	canonical	1	1	unscoreable	8	0	0														not_admitted	not_admitted	not_admitted	not_admitted	not_admitted	not_admitted	not_admitted
NZ_MN092230.1	MPF_T	IncX3	58	0	0	GA	1	45;38165;38809;-;46.4	44;37891;38181;-;73.1	43;35113;37866;-;47.0	43;35113;37866;-;142.4	43;35113;37866;-;73.3	42;34333;35103;-;60.1	40;32999;34054;-;133.2		39;32076;32804;-;119.4	38;31141;32070;-;138.8	37;29930;31144;-;128.3	35;28700;29734;-;65.7	34;26862;28697;-;495.9		pfam	pfam_only	A	7/7	canonical	1	1	unscoreable	2	0	0														not_admitted	not_admitted	not_admitted	not_admitted	not_admitted	not_admitted	not_admitted
NZ_MN101850.1	MPF_F	IncC;IncFII	319	0	0	GA	0															not_admitted	not_admitted	not_admitted	not_admitted	not_admitted	not_admitted	not_admitted	not_admitted	not_admitted	not_admitted	1	209;169752;170744;+;369.5	219;176523;177896;+;381.7	214;173850;174593;+;234.4	90;65762;68209;+;354.5	308;262577;266191;+;375.3	44;26081;27241;+;156.3	90;65762;68209;+;128.3	197;160382;160948;+;174.3	211;171088;171726;+;68.6	212;171723;173573;+;266.1	224;182987;185275;+;391.0	86;58203;58781;+;100.2	224;182987;185275;+;70.3	A	9/9	split_4	236496	0	1	
NZ_MN101852.1	MPF_F	IncFII	112	0	0	GA	0															not_admitted	not_admitted	not_admitted	not_admitted	not_admitted	not_admitted	not_admitted	not_admitted	not_admitted	not_admitted	1	89;72949;73941;+;369.5	99;79720;81093;+;381.7	94;77047;77790;+;234.4	86;69310;71940;+;304.1	100;81090;83912;+;374.0	79;64860;66311;+;94.2	86;69310;71940;+;97.1	77;63579;64145;+;174.3	91;74285;74923;+;68.6	92;74920;76770;+;266.1	104;86184;88454;+;391.1	82;67171;67686;+;78.4	104;86184;88454;+;70.3	A	9/9	contiguous	22605	1	1	83934..84413+;159;TraS;0
NZ_MN101853.1	MPF_F	IncC	244	0	0	GA	0															not_admitted	not_admitted	not_admitted	not_admitted	not_admitted	not_admitted	not_admitted	not_admitted	not_admitted	not_admitted	1	98;70962;71969;+;332.9	232;187494;188927;+;339.2	231;186464;187492;+;221.7	93;65763;68210;+;354.5	233;188940;192536;+;375.3	45;26081;27241;+;156.3	93;65763;68210;+;128.3	86;55367;55993;+;92.7	96;69032;70297;+;67.9	99;72085;74883;+;145.3	77;49692;51557;+;47.3	89;58204;58782;+;100.2	77;49692;51557;+;52.0	A	9/9	split_3	162859	0	1	
NZ_MN101854.1	MPF_F	IncFII	80	0	0	GA	0															not_admitted	not_admitted	not_admitted	not_admitted	not_admitted	not_admitted	not_admitted	not_admitted	not_admitted	not_admitted	1	44;34562;35554;+;369.5	54;41335;42708;+;381.7	49;38662;39405;+;234.4	41;30923;33553;+;304.1	55;42705;45527;+;374.0	34;26473;27924;+;94.2	41;30923;33553;+;97.1	32;25192;25758;+;174.3	46;35900;36538;+;68.6	47;36535;38385;+;266.1	59;47799;50087;+;391.0	37;28784;29299;+;78.4	59;47799;50087;+;70.3	A	9/9	contiguous	22607	1	1	45549..46028+;159;TraS;0
NZ_MN101856.1	MPF_F	IncFIA(HI1);IncHI1A;IncHI1B(R27)	216	0	0	GA	0															not_admitted	not_admitted	not_admitted	not_admitted	not_admitted	not_admitted	not_admitted	not_admitted	not_admitted	not_admitted	1	29;30978;32030;+;277.6	133;124786;126201;-;201.7	134;126191;127237;-;171.3	11;9171;11852;+;160.6	132;120788;124777;-;103.1	7;5465;6823;+;84.0	11;9171;11852;+;76.5	4;3013;3798;+;68.7	27;29325;30833;+;65.6	30;32053;35229;+;58.9	140;134172;136256;+;50.2	10;8212;9162;+;45.2	140;134172;136256;+;36.5	A	9/9	split_3	131159	0	1	
NZ_MN101857.1	MPF_F	IncFII(pHN7A8)	110	0	0	GA	0															not_admitted	not_admitted	not_admitted	not_admitted	not_admitted	not_admitted	not_admitted	not_admitted	not_admitted	not_admitted	1	83;66337;67329;+;369.5	96;74162;75535;+;376.8	91;71853;72596;+;234.4	80;62701;65328;+;301.8	97;75532;78348;+;376.7	75;59219;60646;+;94.1	80;62701;65328;+;100.7	73;57938;58504;+;183.8	86;68275;68913;+;70.4	89;69726;71576;+;265.0	101;80649;82874;+;391.7	79;61670;62185;+;78.0	101;80649;82874;+;70.3	A	9/9	contiguous	22711	1	1	78381..78902+;173;unnamed;0
NZ_MN101858.1	MPF_F	IncFIA(HI1);IncFII(pHN7A8);IncHI1A;IncHI1B(R27)	331	0	0	GA	0															not_admitted	not_admitted	not_admitted	not_admitted	not_admitted	not_admitted	not_admitted	not_admitted	not_admitted	not_admitted	1	155;144268;145260;-;369.5	142;136062;137435;-;376.8	147;139001;139744;-;234.4	158;146269;148896;-;301.8	141;133249;136065;-;376.7	165;150951;152378;-;94.1	158;146269;148896;-;100.7	167;153093;153659;-;183.8	152;142684;143322;-;70.4	149;140021;141871;-;265.0	137;128723;130948;-;391.7	161;149412;149927;-;78.0	137;128723;130948;-;70.3	A	9/9	contiguous	24370	1	1	132695..133216-;173;unnamed;0
NZ_MN148427.1	MPF_F	IncC	215	0	0	GA	0															not_admitted	not_admitted	not_admitted	not_admitted	not_admitted	not_admitted	not_admitted	not_admitted	not_admitted	not_admitted	1	104;77907;78914;+;332.9	205;163988;165421;+;339.2	204;162958;163986;+;221.7	99;72708;75155;+;354.5	206;165434;169048;+;375.3	94;63836;65152;+;135.0	99;72708;75155;+;128.3	92;62312;62938;+;92.7	102;75977;77242;+;67.9	105;79030;81828;+;145.3	57;35707;37812;+;92.6	95;65149;65727;+;100.2	57;35707;37812;+;97.8	A	9/9	split_3	129727	0	1	
NZ_MN158989.1	MPF_F	IncFIB(AP001918);IncFIC(FII)	146	0	0	GA	0															not_admitted	not_admitted	not_admitted	not_admitted	not_admitted	not_admitted	not_admitted	not_admitted	not_admitted	not_admitted	1	122;102980;103972;+;369.3	133;109658;111031;+;378.0	126;106701;107444;+;234.1	119;99344;101971;+;305.4	134;111028;113850;+;389.5	113;95862;97289;+;94.3	119;99344;101971;+;98.5	111;94581;95147;+;183.8	123;103981;104619;+;68.4	124;104616;106424;+;268.4	137;115379;117532;+;391.9	117;98313;98828;+;78.4	137;115379;117532;+;70.4	A	9/9	contiguous	20798	1	1	113872..114363+;163;TraS;0
NZ_MN158990.1	MPF_F	IncFIA;IncFIB(AP001918);IncFII	195	0	0	GA	0															not_admitted	not_admitted	not_admitted	not_admitted	not_admitted	not_admitted	not_admitted	not_admitted	not_admitted	not_admitted	1	153;129558;130550;+;367.4	164;136236;137609;+;380.9	157;133279;134022;+;235.0	150;125922;128549;+;305.4	165;137606;140431;+;385.9	144;122440;123867;+;94.3	150;125922;128549;+;98.5	142;121159;121725;+;182.1	154;130559;131197;+;68.6	155;131194;133002;+;268.3	168;141934;144123;+;391.3	148;124891;125406;+;78.4	168;141934;144123;+;70.4	A	9/9	contiguous	20775	1	1	140428..140937+;169;unnamed;0
NZ_MN158991.1	MPF_F	IncFIB(AP001918);IncFIC(FII)	131	0	0	GA	0															not_admitted	not_admitted	not_admitted	not_admitted	not_admitted	not_admitted	not_admitted	not_admitted	not_admitted	not_admitted	1	107;92822;93814;+;369.3	118;99500;100873;+;378.0	111;96543;97286;+;234.1	104;89186;91813;+;305.4	119;100870;103692;+;389.5	98;85704;87131;+;94.3	104;89186;91813;+;98.5	96;84423;84989;+;183.8	108;93823;94461;+;68.4	109;94458;96266;+;268.4	122;105221;107374;+;391.9	102;88155;88670;+;78.4	122;105221;107374;+;70.4	A	9/9	contiguous	20798	1	1	103714..104205+;163;TraS;0
NZ_MN158992.1	MPF_F	IncFIB(AP001918);IncFIC(FII)	156	0	0	GA	0															not_admitted	not_admitted	not_admitted	not_admitted	not_admitted	not_admitted	not_admitted	not_admitted	not_admitted	not_admitted	1	125;103053;104045;+;369.3	136;109731;111104;+;378.0	129;106774;107517;+;234.1	122;99417;102044;+;305.4	137;111101;113923;+;389.5	116;95935;97362;+;94.3	122;99417;102044;+;98.5	114;94654;95220;+;183.8	126;104054;104692;+;68.4	127;104689;106497;+;268.4	140;115452;117455;+;392.1	120;98386;98901;+;78.4	140;115452;117455;+;70.5	A	9/9	contiguous	20798	1	1	113945..114436+;163;TraS;0
NZ_MN175386.1	MPF_F	IncQ1;repFIB;repHI5B	392	0	0	GA	0															not_admitted	not_admitted	not_admitted	not_admitted	not_admitted	not_admitted	not_admitted	not_admitted	not_admitted	not_admitted	1	154;142723;143760;-;283.2	316;274942;276366;+;188.6	315;273930;274973;+;171.0	169;156678;159395;-;149.9	150;134219;138151;-;121.2	173;161508;162875;-;63.8	169;156678;159395;-;87.4	176;164505;165368;-;82.3	155;143757;145118;-;72.2	153;139531;142713;-;61.2	308;264537;266663;-;60.3	170;159444;160178;-;59.3	308;264537;266663;-;43.0	A	9/9	split_2	140723	0	1	
NZ_MN175387.1	MPF_F	IncC	241	0	0	GA	0															not_admitted	not_admitted	not_admitted	not_admitted	not_admitted	not_admitted	not_admitted	not_admitted	not_admitted	not_admitted	1	98;70998;72005;+;332.9	230;187873;189306;+;339.2	229;186843;187871;+;221.7	93;65799;68246;+;354.5	231;189319;192933;+;375.3	45;26117;27277;+;156.3	93;65799;68246;+;128.3	86;55403;56029;+;92.7	96;69068;70333;+;67.9	99;72121;74919;+;145.3	77;49728;51593;+;47.3	89;58240;58818;+;100.2	77;49728;51593;+;52.0	A	9/9	split_3	163202	0	1	
NZ_MN175388.1	MPF_F	IncFII(p14);IncFII(pAR0022)	97	0	0	GA	0															not_admitted	not_admitted	not_admitted	not_admitted	not_admitted	not_admitted	not_admitted	not_admitted	not_admitted	not_admitted	1	78;63808;64794;+;367.9	86;69507;70877;+;377.9	82;67541;68290;+;218.1	75;60184;62814;+;285.5	87;70877;73738;+;335.7	69;56762;58156;+;90.9	75;60184;62814;+;98.6	67;55479;56045;+;169.9	79;64811;65440;+;66.9	80;65437;67290;+;260.5	90;75367;77577;+;384.8	70;58178;58717;+;64.9	90;75367;77577;+;63.9	A	9/9	contiguous	19888	1	1	73757..74221+;154;TraS;0
NZ_MN175389.1	MPF_T	IncX3	58	0	0	GA	1	46;40003;40647;-;46.4	45;39729;40019;-;73.1	44;36951;39704;-;47.0	44;36951;39704;-;142.4	44;36951;39704;-;73.3	43;36171;36941;-;60.1	41;34837;35892;-;133.2		40;33914;34642;-;119.4	39;32979;33908;-;138.8	38;31768;32982;-;128.3	36;30538;31572;-;65.7	35;28700;30535;-;495.9		pfam	pfam_only	A	7/7	canonical	1	1	unscoreable	2	0	0														not_admitted	not_admitted	not_admitted	not_admitted	not_admitted	not_admitted	not_admitted
NZ_MN175471.1	MPF_T	IncX3	58	0	0	GA	1	21;18551;19195;-;46.4	20;18277;18567;-;73.1	19;15499;18252;-;35.3	19;15499;18252;-;131.4	19;15499;18252;-;73.2	18;14719;15489;-;59.8	16;13385;14440;-;130.5		15;12462;13190;-;119.4	14;11527;12456;-;139.7	13;10316;11530;-;125.8	11;9086;10120;-;64.6	10;7248;9083;-;496.1		pfam	pfam_only	A	7/7	canonical	1	1	unscoreable	2	0	0														not_admitted	not_admitted	not_admitted	not_admitted	not_admitted	not_admitted	not_admitted
NZ_MN175502.1	MPF_F	IncFIB(K);IncFII(p14)	205	0	0	GA	0															not_admitted	not_admitted	not_admitted	not_admitted	not_admitted	not_admitted	not_admitted	not_admitted	not_admitted	not_admitted	1	120;121557;122549;-;372.3	110;114545;115915;-;380.8	113;116699;117451;-;230.8	123;123572;126211;-;254.4	109;111702;114545;-;346.5	130;128690;130111;-;86.2	123;123572;126211;-;87.3	132;130832;131398;-;163.8	119;120918;121544;-;67.7	118;118978;120921;-;255.0	107;108663;110957;-;391.8	128;127947;128501;-;57.5	107;108663;110957;-;66.4	A	9/9	contiguous	22169	1	1	111164..111691-;175;unnamed;0
NZ_MN178638.1	MPF_T	IncX3	66	0	0	GA	1	53;44804;45448;-;46.4	52;44530;44820;-;73.1	51;41752;44505;-;47.0	51;41752;44505;-;142.4	51;41752;44505;-;73.3	50;40972;41742;-;60.1	48;39638;40693;-;133.2		47;38715;39443;-;119.4	46;37780;38709;-;138.8	45;36569;37783;-;128.3	43;35339;36373;-;65.7	42;33501;35336;-;495.9		pfam	pfam_only	A	7/7	canonical	1	1	unscoreable	2	0	0														not_admitted	not_admitted	not_admitted	not_admitted	not_admitted	not_admitted	not_admitted
NZ_MN178639.1	MPF_T	IncN	67	0	0	GA	1	30;19967;20701;+;32.5		33;21344;21661;+;63.3	34;21661;24261;+;113.8	34;21661;24261;+;76.4	35;24279;24992;+;105.5	37;25243;26283;+;142.4		38;26502;27200;+;131.9	39;27211;28095;+;159.7	40;28095;29255;+;156.3	41;29297;30292;+;81.2	58;48145;49674;-;38.5		pfam	both	A	7/7	canonical	1	0	unscoreable	3	0	0														not_admitted	not_admitted	not_admitted	not_admitted	not_admitted	not_admitted	not_admitted
NZ_MN182747.1	-	IncFIA(HI1);IncFII(K);IncFII(pAR0022)	82	0	0	GA	0															not_admitted	not_admitted	not_admitted	not_admitted	not_admitted	not_admitted	not_admitted	not_admitted	not_admitted	not_admitted	1	36;34011;35009;-;370.9	31;28916;30280;-;352.8	33;30878;31651;-;208.9	39;36047;38668;-;214.6	30;26043;28913;-;238.4	42;39628;40959;-;86.5	39;36047;38668;-;89.0	44;41665;42240;-;87.7	35;33613;34041;-;63.5	34;31648;33585;-;232.0	28;23184;25316;-;374.5	40;38677;39207;-;32.9	28;23184;25316;-;65.1	A	9/9	contiguous	18481	1	1	25471..26034-;187;unnamed;0
NZ_MN182750.1	-	IncFIA(HI1);IncFII(K);IncFII(pAR0022);IncHI1B(pNDM-MAR);repB	306	0	0	GA	0															not_admitted	not_admitted	not_admitted	not_admitted	not_admitted	not_admitted	not_admitted	not_admitted	not_admitted	not_admitted	1	45;33573;34571;+;370.9	50;38302;39666;+;352.8	48;36931;37704;+;208.9	42;29914;32535;+;214.6	51;39669;42539;+;238.4	39;27623;28954;+;86.5	42;29914;32535;+;89.0	37;26342;26917;+;87.7	46;34541;34969;+;63.5	47;34997;36934;+;232.0	53;43266;45398;+;374.5	41;29375;29905;+;32.9	53;43266;45398;+;65.1	A	9/9	contiguous	16924	1	1	42548..43111+;187;unnamed;0
NZ_MN200129.1	MPF_F	IncFII(pBK30683);repB(R1701)	137	0	0	GA	0															not_admitted	not_admitted	not_admitted	not_admitted	not_admitted	not_admitted	not_admitted	not_admitted	not_admitted	not_admitted	1	64;45999;46988;+;366.0	74;52535;53902;+;384.0	70;50525;51277;+;233.7	60;41903;44542;+;258.5	75;53902;56751;+;346.4	54;37649;39073;+;89.2	60;41903;44542;+;88.7	52;36356;36922;+;169.3	65;47001;47639;+;67.0	66;47698;49653;+;259.7	79;59215;61527;+;390.0	55;39146;39730;+;54.5	79;59215;61527;+;64.0	A	9/9	contiguous	22859	1	1	56754..57287+;177;unnamed;0
NZ_MN200130.1	MPF_F	IncFII(pBK30683);IncHI1B(pNDM-MAR);repB;repB(R1701)	366	0	0	GA	0															not_admitted	not_admitted	not_admitted	not_admitted	not_admitted	not_admitted	not_admitted	not_admitted	not_admitted	not_admitted	1	243;223243;224232;+;366.0	253;229779;231146;+;384.0	249;227769;228521;+;233.7	239;219147;221786;+;258.5	254;231146;233995;+;346.4	233;214893;216317;+;89.2	239;219147;221786;+;88.7	231;213600;214166;+;169.3	244;224245;224883;+;67.0	245;224942;226897;+;259.7	258;236459;238771;+;390.0	234;216390;216974;+;54.5	258;236459;238771;+;64.0	A	9/9	contiguous	22859	1	1	233998..234531+;177;unnamed;0
NZ_MN200941.1	MPF_F	IncHI2;IncHI2A	291	0	0	GA	0															not_admitted	not_admitted	not_admitted	not_admitted	not_admitted	not_admitted	not_admitted	not_admitted	not_admitted	not_admitted	1	239;192626;193006;-;132.6	73;59380;60795;+;194.1	72;58344;59390;+;174.3	262;215432;216556;-;143.3	74;60804;64757;+;101.7	267;219066;220421;-;80.7	261;214062;215219;-;55.4	270;222143;222931;-;74.8	242;193601;195112;-;62.0	237;189298;190776;-;60.0	61;47906;48970;-;45.7	264;216745;217695;-;46.1	61;47906;48970;-;40.6	A	9/9	split_3	174237	1	1	64938..66227+;429;unnamed;0
NZ_MN200942.1	MPF_T	IncX3	61	0	0	GA	1	44;37720;38235;-;47.4	43;37319;37609;-;73.1	42;36467;37294;-;49.3	41;35757;36233;-;80.3	42;36467;37294;-;74.3	39;33767;34537;-;60.1	37;32433;33488;-;133.2		36;31510;32238;-;119.4	35;30575;31504;-;138.8	34;29616;30578;-;49.6	31;28135;29169;-;65.7	30;26297;28132;-;495.9		pfam	pfam_only	A	7/7	canonical	1	0	unscoreable	3	0	0														not_admitted	not_admitted	not_admitted	not_admitted	not_admitted	not_admitted	not_admitted
NZ_MN200943.1	MPF_T	IncX4	41	0	0	GA	1	26;24499;25119;-;41.6	25;24159;24485;-;64.4	24;21393;24140;-;63.8	24;21393;24140;-;151.8	24;21393;24140;-;46.1	23;20665;21381;-;94.2	22;19559;20653;-;150.1		20;18358;19044;-;169.0	19;17453;18361;-;142.4	18;16342;17460;-;163.9	17;15312;16340;-;85.0	16;13463;15280;-;314.8		pfam	pfam_only	A	7/7	canonical	1	1	unscoreable	1	0	0														not_admitted	not_admitted	not_admitted	not_admitted	not_admitted	not_admitted	not_admitted
NZ_MN207908.1	MPF_F	IncC	206	0	0	GA	0															not_admitted	not_admitted	not_admitted	not_admitted	not_admitted	not_admitted	not_admitted	not_admitted	not_admitted	not_admitted	1	95;68058;69065;+;332.9	195;156178;157611;+;339.2	194;155148;156176;+;221.7	90;62859;65306;+;354.5	196;157624;161238;+;375.3	85;53987;55303;+;135.0	90;62859;65306;+;128.3	83;52463;53089;+;92.7	93;66128;67393;+;67.9	96;69181;71979;+;145.3	74;46788;48653;+;47.3	86;55300;55878;+;100.2	74;46788;48653;+;52.0	A	9/9	split_2	110836	0	1	
NZ_MN218686.1	MPF_F	IncFIA;IncFIB(AP001918);IncFII(pRSB107)	180	0	0	GA	0															not_admitted	not_admitted	not_admitted	not_admitted	not_admitted	not_admitted	not_admitted	not_admitted	not_admitted	not_admitted	1	110;90529;91521;+;369.5	123;99280;100653;+;385.9	115;94627;95370;+;231.4	107;86893;89520;+;303.9	124;100650;103469;+;388.0	101;83557;85008;+;94.1	107;86893;89520;+;96.5	99;82276;82842;+;184.3	112;91865;92503;+;68.7	113;92500;94350;+;266.7	128;105727;107925;+;391.8	104;85862;86377;+;75.2	128;105727;107925;+;70.3	A	9/9	contiguous	23451	1	1	103494..103985+;163;TraS;0
NZ_MN227183.1	MPF_T	ColKP3;IncX3	65	0	0	GA	1	25;21117;21761;-;46.4	24;20843;21133;-;73.1	23;18065;20818;-;47.0	23;18065;20818;-;142.4	23;18065;20818;-;73.3	22;17285;18055;-;60.1	20;15951;17006;-;132.8		19;15028;15756;-;119.4	18;14093;15022;-;138.8	17;12882;14096;-;128.3	15;11652;12686;-;65.7	14;9814;11649;-;495.9		pfam	pfam_only	A	7/7	canonical	1	1	unscoreable	2	0	0														not_admitted	not_admitted	not_admitted	not_admitted	not_admitted	not_admitted	not_admitted
NZ_MN232179.1	MPF_T	IncI2(Delta)	74	0	0	GA	1	37;32604;33086;-;81.1		53;48725;49009;-;36.6	52;46362;48719;-;58.5	52;46362;48719;-;44.9	62;53905;54549;-;41.0	63;54555;55550;-;123.9		50;45462;46196;-;144.3	49;44695;45465;-;170.5	47;43523;44539;-;155.1	40;34854;36392;-;207.1	45;40475;42433;-;289.6		pfam	pfam_only	A	7/7	rearranged	1	0	unscoreable	15	0	0														not_admitted	not_admitted	not_admitted	not_admitted	not_admitted	not_admitted	not_admitted
NZ_MN232180.1	MPF_T	IncI2(Delta)	68	0	0	GA	1	32;30455;30937;-;81.1		47;46533;46817;-;36.6	46;44170;46527;-;58.5	46;44170;46527;-;44.9	56;51629;52273;-;41.0	57;52279;53274;-;123.9		44;43270;44004;-;144.3	43;42503;43273;-;170.5	42;41374;42513;-;154.7	35;32705;34243;-;207.1	40;38326;40284;-;289.6		pfam	pfam_only	A	7/7	rearranged	1	0	unscoreable	14	0	0														not_admitted	not_admitted	not_admitted	not_admitted	not_admitted	not_admitted	not_admitted
NZ_MN232181.1	MPF_T	IncI2	77	0	0	GA	1	40;31196;31678;-;81.1		54;47255;47539;-;36.5	53;44892;47249;-;59.8	53;44892;47249;-;45.0	65;53102;53749;-;41.6	66;53755;54741;-;120.4		52;43994;44728;-;144.3	51;43227;43997;-;169.8	50;42098;43237;-;154.7	43;33447;34985;-;207.1	48;39050;41008;-;287.0		pfam	pfam_only	A	7/7	rearranged	1	0	unscoreable	15	0	0														not_admitted	not_admitted	not_admitted	not_admitted	not_admitted	not_admitted	not_admitted
NZ_MN232182.1	MPF_T	IncI2(Delta)	74	0	0	GA	1	38;33475;33957;-;81.1		53;49564;49848;-;36.6	52;47201;49558;-;58.5	52;47201;49558;-;44.9	62;54660;55304;-;41.0	63;55310;56305;-;123.9		50;46301;47035;-;144.3	49;45534;46304;-;170.5	48;44405;45544;-;154.7	41;35736;37274;-;207.1	46;41357;43315;-;287.9		pfam	pfam_only	A	7/7	rearranged	1	0	unscoreable	14	0	0														not_admitted	not_admitted	not_admitted	not_admitted	not_admitted	not_admitted	not_admitted
NZ_MN232183.1	MPF_T	IncI2(Delta)	73	0	0	GA	1	37;32896;33378;-;81.1		52;48985;49269;-;36.6	51;46622;48979;-;58.5	51;46622;48979;-;44.9	61;54081;54725;-;41.0	62;54731;55726;-;123.9		49;45722;46456;-;144.3	48;44955;45725;-;170.5	47;43826;44965;-;154.7	40;35157;36695;-;207.1	45;40778;42736;-;289.6		pfam	pfam_only	A	7/7	rearranged	1	0	unscoreable	14	0	0														not_admitted	not_admitted	not_admitted	not_admitted	not_admitted	not_admitted	not_admitted
NZ_MN232184.1	MPF_T	IncI2(Delta)	73	0	0	GA	1	37;32582;33064;-;81.1		52;48671;48955;-;36.6	51;46308;48665;-;58.5	51;46308;48665;-;44.9	61;53767;54411;-;41.0	62;54417;55412;-;123.9		49;45408;46142;-;144.3	48;44641;45411;-;170.5	47;43512;44651;-;154.7	40;34843;36381;-;207.1	45;40464;42422;-;289.6		pfam	pfam_only	A	7/7	rearranged	1	0	unscoreable	14	0	0														not_admitted	not_admitted	not_admitted	not_admitted	not_admitted	not_admitted	not_admitted
NZ_MN232185.1	MPF_T	IncI2(Delta)	73	0	0	GA	1	37;32816;33298;-;81.1		52;48905;49189;-;36.6	51;46542;48899;-;58.5	51;46542;48899;-;44.9	61;54001;54645;-;41.0	62;54651;55646;-;123.9		49;45642;46376;-;144.3	48;44875;45645;-;170.5	47;43746;44885;-;154.7	40;35077;36615;-;207.1	45;40698;42656;-;289.6		pfam	pfam_only	A	7/7	rearranged	1	0	unscoreable	14	0	0														not_admitted	not_admitted	not_admitted	not_admitted	not_admitted	not_admitted	not_admitted
NZ_MN232186.1	MPF_T	IncI2(Delta)	75	0	0	GA	1	39;33399;33881;-;81.1		54;49488;49772;-;36.6	53;47125;49482;-;58.5	53;47125;49482;-;44.9	63;54584;55228;-;41.0	64;55234;56229;-;123.9		51;46225;46959;-;144.3	50;45458;46228;-;170.5	49;44329;45468;-;154.7	42;35660;37198;-;207.1	47;41281;43239;-;289.6		pfam	pfam_only	A	7/7	rearranged	1	0	unscoreable	14	0	0														not_admitted	not_admitted	not_admitted	not_admitted	not_admitted	not_admitted	not_admitted
NZ_MN232187.1	MPF_T	IncI2	77	0	0	GA	1	38;33311;33793;-;81.1		53;49389;49673;-;36.6	52;47026;49383;-;58.5	52;47026;49383;-;42.8	65;55126;55767;-;42.8	66;55773;56768;-;128.5		50;46126;46860;-;144.3	49;45359;46129;-;170.5	48;44230;45369;-;154.7	41;35561;37099;-;207.1	46;41182;43140;-;289.6		pfam	pfam_only	A	7/7	rearranged	1	0	unscoreable	17	1	0														not_admitted	not_admitted	not_admitted	not_admitted	not_admitted	not_admitted	not_admitted
NZ_MN232188.1	MPF_T	IncI2(Delta)	68	0	0	GA	1	32;30208;30690;-;81.1		47;46297;46581;-;36.6	46;43934;46291;-;58.5	46;43934;46291;-;44.9	56;51393;52037;-;41.0	57;52043;53038;-;123.9		44;43034;43768;-;144.3	43;42267;43037;-;170.5	42;41138;42277;-;154.7	35;32469;34007;-;207.1	40;38090;40048;-;289.6		pfam	pfam_only	A	7/7	rearranged	1	0	unscoreable	14	0	0														not_admitted	not_admitted	not_admitted	not_admitted	not_admitted	not_admitted	not_admitted
NZ_MN232189.1	MPF_F	IncHI2;IncHI2A	211	0	0	GA	0															not_admitted	not_admitted	not_admitted	not_admitted	not_admitted	not_admitted	not_admitted	not_admitted	not_admitted	not_admitted	1	95;80376;81434;-;276.9	208;185745;187160;+;194.1	207;184709;185755;+;174.3	111;101006;103687;-;168.0	209;187169;191122;+;101.7	115;106017;107372;-;80.7	111;101006;103687;-;72.2	118;109096;109884;-;74.8	97;81576;83087;-;62.0	94;77169;80357;-;57.3	200;175583;177667;-;56.8	112;103696;104646;-;46.1	200;175583;177667;-;38.8	A	9/9	split_2	110000	1	1	191303..192592+;429;unnamed;0
NZ_MN232190.1	MPF_F	IncFIA(HI1);IncHI1A;IncHI1B(R27)	189	0	0	GA	0															not_admitted	not_admitted	not_admitted	not_admitted	not_admitted	not_admitted	not_admitted	not_admitted	not_admitted	not_admitted	1	132;120849;121901;+;277.6	11;11355;12770;-;201.7	12;12760;13806;-;171.3	113;98874;101555;+;160.6	10;7357;11346;-;103.1	109;95168;96526;+;84.0	113;98874;101555;+;76.5	106;92716;93501;+;68.7	130;119196;120704;+;65.6	133;121924;125100;+;58.9	18;20741;22825;+;50.2	112;97915;98865;+;45.2	18;20741;22825;+;36.5	A	9/9	split_3	114567	0	1	
NZ_MN232191.1	MPF_F	IncHI2;IncHI2A	216	0	0	GA	0															not_admitted	not_admitted	not_admitted	not_admitted	not_admitted	not_admitted	not_admitted	not_admitted	not_admitted	not_admitted	1	89;78645;79703;-;276.9	201;186225;187640;+;194.1	200;185189;186235;+;174.3	109;104172;106853;-;168.0	202;187649;191602;+;101.7	113;109183;110538;-;80.7	109;104172;106853;-;72.2	116;112262;113050;-;74.8	91;79845;81356;-;62.0	88;75438;78626;-;57.3	193;176063;178147;-;56.8	110;106862;107812;-;46.1	193;176063;178147;-;38.8	A	9/9	split_3	112211	1	1	191783..193072+;429;unnamed;0
NZ_MN232193.1	MPF_T	IncI2	77	0	0	GA	1	38;32239;32721;-;81.1		53;48317;48601;-;36.6	52;45954;48311;-;58.5	52;45954;48311;-;42.8	65;54054;54695;-;42.8	66;54701;55696;-;128.5		50;45054;45788;-;144.3	49;44287;45057;-;170.5	48;43158;44297;-;154.7	41;34489;36027;-;207.1	46;40110;42068;-;289.6		pfam	pfam_only	A	7/7	rearranged	1	0	unscoreable	17	1	0														not_admitted	not_admitted	not_admitted	not_admitted	not_admitted	not_admitted	not_admitted
NZ_MN232194.1	MPF_T	IncX4	43	0	0	GA	1	13;7794;8414;+;41.6	14;8428;8754;+;64.4	15;8773;11520;+;63.8	15;8773;11520;+;151.8	15;8773;11520;+;46.1	16;11532;12248;+;94.2	17;12260;13354;+;150.1		19;13869;14555;+;169.0	20;14552;15460;+;142.4	21;15453;16571;+;163.9	22;16573;17601;+;85.0	23;17633;19450;+;314.8		pfam	pfam_only	A	7/7	canonical	1	1	unscoreable	1	0	0														not_admitted	not_admitted	not_admitted	not_admitted	not_admitted	not_admitted	not_admitted
NZ_MN232195.1	MPF_F	IncHI2;IncHI2A	216	0	0	GA	0															not_admitted	not_admitted	not_admitted	not_admitted	not_admitted	not_admitted	not_admitted	not_admitted	not_admitted	not_admitted	1	89;79509;80567;-;276.9	201;184964;186379;+;194.1	200;183928;184974;+;174.3	105;100456;103137;-;168.0	202;186388;190341;+;101.7	109;105467;106822;-;80.7	105;100456;103137;-;72.2	112;108546;109334;-;74.8	91;80709;82220;-;62.0	88;76302;79490;-;57.3	193;174767;176851;-;56.8	106;103146;104096;-;46.1	193;174767;176851;-;38.8	A	9/9	split_2	110086	1	1	190522..191811+;429;unnamed;0
NZ_MN232196.1	MPF_T	IncI2(Delta)	74	0	0	GA	1	38;33398;33880;-;81.1		53;49487;49771;-;36.6	52;47124;49481;-;58.5	52;47124;49481;-;44.9	62;54583;55227;-;41.0	63;55233;56228;-;123.9		50;46224;46958;-;144.3	49;45457;46227;-;170.5	48;44328;45467;-;154.7	41;35659;37197;-;207.1	46;41280;43238;-;289.6		pfam	pfam_only	A	7/7	rearranged	1	0	unscoreable	14	0	0														not_admitted	not_admitted	not_admitted	not_admitted	not_admitted	not_admitted	not_admitted
NZ_MN232197.1	MPF_T	IncI2	74	0	0	GA	1	35;33077;33559;-;81.1		50;49156;49440;-;36.6	49;46793;49150;-;58.5	49;46793;49150;-;44.9	62;55591;56235;-;41.0	63;56241;57236;-;123.7		47;45893;46627;-;144.3	46;45126;45896;-;170.5	45;43997;45136;-;154.7	38;35328;36866;-;208.0	43;40949;42907;-;289.6		pfam	pfam_only	A	7/7	rearranged	1	0	unscoreable	17	0	0														not_admitted	not_admitted	not_admitted	not_admitted	not_admitted	not_admitted	not_admitted
NZ_MN232198.1	MPF_T	IncI2(Delta)	75	0	0	GA	1	38;33398;33880;-;81.1		53;49487;49771;-;36.6	52;47124;49481;-;58.5	52;47124;49481;-;44.9	63;54583;55227;-;41.0	64;55233;56228;-;123.9		50;46224;46958;-;144.3	49;45457;46227;-;170.5	48;44328;45467;-;154.7	41;35659;37197;-;207.1	46;41280;43238;-;289.6		pfam	pfam_only	A	7/7	rearranged	1	0	unscoreable	15	0	0														not_admitted	not_admitted	not_admitted	not_admitted	not_admitted	not_admitted	not_admitted
NZ_MN232199.1	MPF_T	IncI2(Delta)	72	0	0	GA	1	35;31201;31683;-;81.1		50;47185;47469;-;36.6	49;44822;47179;-;58.5	49;44822;47179;-;44.9	59;52281;52925;-;41.0	60;52931;53926;-;122.5		47;44021;44656;-;103.7	46;43254;44024;-;170.5	45;42125;43264;-;154.7	38;33456;34994;-;207.1	43;39077;41035;-;289.6		pfam	pfam_only	A	7/7	rearranged	1	0	unscoreable	14	0	0														not_admitted	not_admitted	not_admitted	not_admitted	not_admitted	not_admitted	not_admitted
NZ_MN232200.1	MPF_T	IncI2(Delta)	78	0	0	GA	1	39;34048;34530;-;81.1		54;50126;50410;-;36.6	53;47763;50120;-;58.5	53;47763;50120;-;42.8	66;56547;57191;-;41.0	67;57197;58192;-;123.9		51;46863;47597;-;144.3	50;46096;46866;-;170.5	49;44967;46106;-;154.7	42;36298;37836;-;207.1	47;41919;43877;-;289.6		pfam	pfam_only	A	7/7	rearranged	1	0	unscoreable	17	0	0														not_admitted	not_admitted	not_admitted	not_admitted	not_admitted	not_admitted	not_admitted
NZ_MN232201.1	MPF_T	IncI2(Delta)	75	0	0	GA	1	39;33461;33943;-;81.1		54;49550;49834;-;36.6	53;47187;49544;-;58.5	53;47187;49544;-;44.9	63;54646;55290;-;41.0	64;55296;56291;-;123.9		51;46287;47021;-;144.3	50;45520;46290;-;170.5	49;44391;45530;-;154.7	42;35722;37260;-;207.1	47;41343;43301;-;289.6		pfam	pfam_only	A	7/7	rearranged	1	0	unscoreable	14	0	0														not_admitted	not_admitted	not_admitted	not_admitted	not_admitted	not_admitted	not_admitted
NZ_MN232202.1	MPF_T	IncI2(Delta)	89	0	0	GA	1	48;38861;39343;-;81.1		63;54940;55224;-;36.6	62;52577;54934;-;58.5	62;52577;54934;-;44.9	75;61240;61881;-;45.1	76;61887;62885;-;130.8		60;51677;52411;-;144.3	59;50910;51680;-;170.5	58;49781;50920;-;154.7	51;41112;42650;-;208.0	56;46733;48691;-;290.9		pfam	pfam_only	A	7/7	rearranged	1	0	unscoreable	17	0	0														not_admitted	not_admitted	not_admitted	not_admitted	not_admitted	not_admitted	not_admitted
NZ_MN232203.1	MPF_T	IncI2(Delta)	74	0	0	GA	1	38;33398;33880;-;81.1		53;49487;49771;-;36.6	52;47124;49481;-;58.5	52;47124;49481;-;44.9	62;54583;55227;-;41.0	63;55233;56228;-;123.9		50;46224;46958;-;144.3	49;45457;46227;-;170.5	48;44328;45467;-;154.7	41;35659;37197;-;207.1	46;41280;43238;-;289.6		pfam	pfam_only	A	7/7	rearranged	1	0	unscoreable	14	0	0														not_admitted	not_admitted	not_admitted	not_admitted	not_admitted	not_admitted	not_admitted
NZ_MN232204.1	MPF_T	IncI2(Delta)	74	0	0	GA	1	37;33436;33918;-;81.1		52;49526;49810;-;36.6	51;47163;49520;-;58.5	51;47163;49520;-;44.9	62;54622;55266;-;41.0	63;55272;56267;-;123.9		49;46263;46997;-;144.3	48;45496;46266;-;170.5	47;44367;45506;-;154.7	40;35697;37235;-;207.1	45;41319;43277;-;289.6		pfam	pfam_only	A	7/7	rearranged	1	0	unscoreable	15	0	0														not_admitted	not_admitted	not_admitted	not_admitted	not_admitted	not_admitted	not_admitted
NZ_MN232205.1	MPF_T	IncI2(Delta)	73	0	0	GA	1	37;33400;33882;-;81.1		52;49489;49773;-;36.6	51;47126;49483;-;58.5	51;47126;49483;-;44.9	61;54585;55229;-;41.0	62;55235;56230;-;123.9		49;46226;46960;-;144.3	48;45459;46229;-;170.5	47;44330;45469;-;154.7	40;35661;37199;-;207.1	45;41282;43240;-;289.6		pfam	pfam_only	A	7/7	rearranged	1	0	unscoreable	14	0	0														not_admitted	not_admitted	not_admitted	not_admitted	not_admitted	not_admitted	not_admitted
NZ_MN232206.1	MPF_T	IncI2(Delta)	72	0	0	GA	1	36;32139;32621;-;81.1			51;45803;47638;-;51.8		60;52380;53024;-;41.0	61;53030;54025;-;123.9		49;44903;45637;-;144.3	47;44131;44496;-;68.6	46;43002;44141;-;154.7	39;34400;35938;-;207.1	44;39954;41912;-;289.6		pfam	pfam_only	A	7/7	rearranged	1	0	unscoreable	14	0	0														not_admitted	not_admitted	not_admitted	not_admitted	not_admitted	not_admitted	not_admitted
NZ_MN232207.1	MPF_T	IncI2(Delta)	79	0	0	GA	1	40;34989;35471;-;81.1		55;51067;51351;-;36.6	54;48704;51061;-;58.5	54;48704;51061;-;42.8	67;57488;58132;-;41.0	68;58138;59133;-;123.7		52;47804;48538;-;144.3	51;47037;47807;-;170.5	50;45908;47047;-;154.7	43;37239;38777;-;207.1	48;42860;44818;-;289.6		pfam	pfam_only	A	7/7	rearranged	1	0	unscoreable	17	0	0														not_admitted	not_admitted	not_admitted	not_admitted	not_admitted	not_admitted	not_admitted
NZ_MN232208.1	MPF_T	IncI2(Delta)	74	0	0	GA	1	38;33532;34014;-;81.1		53;49621;49905;-;36.6	52;47258;49615;-;58.5	52;47258;49615;-;44.9	62;54717;55361;-;41.0	63;55367;56362;-;123.9		50;46358;47092;-;144.3	49;45591;46361;-;170.5	48;44462;45601;-;154.7	41;35793;37331;-;207.1	46;41414;43372;-;289.6		pfam	pfam_only	A	7/7	rearranged	1	0	unscoreable	14	0	0														not_admitted	not_admitted	not_admitted	not_admitted	not_admitted	not_admitted	not_admitted
NZ_MN232209.1	MPF_T	IncI2	75	0	0	GA	1	36;32219;32701;-;81.1		51;48297;48581;-;36.6	50;45934;48291;-;58.5	50;45934;48291;-;42.8	63;54034;54675;-;42.8	64;54681;55676;-;128.5		48;45034;45768;-;144.3	47;44267;45037;-;170.5	46;43138;44277;-;154.7	39;34469;36007;-;207.1	44;40090;42048;-;289.6		pfam	pfam_only	A	7/7	rearranged	1	0	unscoreable	17	1	0														not_admitted	not_admitted	not_admitted	not_admitted	not_admitted	not_admitted	not_admitted
NZ_MN232210.1	MPF_T	IncI2(Delta)	73	0	0	GA	1	37;33398;33880;-;81.1		52;49487;49771;-;36.6	51;47124;49481;-;58.5	51;47124;49481;-;44.9	61;54583;55227;-;41.0	62;55233;56228;-;123.9		49;46224;46958;-;144.3	48;45457;46227;-;170.5	47;44328;45467;-;154.7	40;35659;37197;-;207.1	45;41280;43238;-;289.6		pfam	pfam_only	A	7/7	rearranged	1	0	unscoreable	14	0	0														not_admitted	not_admitted	not_admitted	not_admitted	not_admitted	not_admitted	not_admitted
NZ_MN232211.1	MPF_T	IncI2(Delta)	75	0	0	GA	1	38;33398;33880;-;81.1		53;49487;49771;-;36.6	52;47124;49481;-;58.5	52;47124;49481;-;44.9	63;54583;55227;-;41.0	64;55233;56228;-;123.9		50;46224;46958;-;144.3	49;45457;46227;-;170.5	48;44328;45467;-;154.7	41;35659;37197;-;207.1	46;41280;43238;-;289.6		pfam	pfam_only	A	7/7	rearranged	1	0	unscoreable	15	0	0														not_admitted	not_admitted	not_admitted	not_admitted	not_admitted	not_admitted	not_admitted
NZ_MN232212.1	MPF_T	IncI2(Delta)	81	0	0	GA	1	40;34711;35193;-;81.1		60;53425;53709;-;36.6	59;51062;53419;-;58.5	59;51062;53419;-;44.9	69;58522;59166;-;41.0	70;59172;60167;-;123.9		57;50162;50896;-;144.3	56;49848;50165;-;69.9	52;46953;48092;-;154.7	43;36972;38510;-;207.1	50;43905;45863;-;289.6		pfam	pfam_only	A	7/7	rearranged	1	0	unscoreable	18	0	0														not_admitted	not_admitted	not_admitted	not_admitted	not_admitted	not_admitted	not_admitted
NZ_MN232213.1	MPF_T	IncI2(Delta)	74	0	0	GA	1	38;33398;33880;-;81.1		53;49487;49771;-;36.6	52;47124;49481;-;58.5	52;47124;49481;-;44.9	62;54583;55227;-;41.0	63;55233;56228;-;123.9		50;46224;46958;-;144.3	49;45457;46227;-;170.5	48;44328;45467;-;154.7	41;35659;37197;-;207.1	46;41280;43238;-;289.6		pfam	pfam_only	A	7/7	rearranged	1	0	unscoreable	14	0	0														not_admitted	not_admitted	not_admitted	not_admitted	not_admitted	not_admitted	not_admitted
NZ_MN232214.1	MPF_T	IncI2	79	0	0	GA	1	38;33615;34097;-;81.1		53;49693;49977;-;36.6	52;47330;49687;-;58.5	52;47330;49687;-;42.8	65;55430;56071;-;42.8	66;56077;57072;-;128.5		50;46430;47164;-;144.3	49;45663;46433;-;170.5	48;44534;45673;-;154.7	41;35865;37403;-;207.1	46;41486;43444;-;289.6		pfam	pfam_only	A	7/7	rearranged	1	0	unscoreable	17	1	0														not_admitted	not_admitted	not_admitted	not_admitted	not_admitted	not_admitted	not_admitted
NZ_MN240297.1	MPF_T	-	48	0	0	GA	1	31;21772;22401;-;56.5	44;35497;35820;-;50.2	43;35101;35469;-;79.5	42;32669;35104;-;153.9	42;32669;35104;-;105.6	41;31941;32672;-;141.9	39;30780;31730;-;149.5		37;29569;30462;-;89.1	36;28757;29566;-;146.6	35;27546;28760;-;123.3	34;26503;27549;-;87.2	33;24583;26493;-;329.8		pfam	both	A	7/7	canonical	1	0	unscoreable	3	0	0														not_admitted	not_admitted	not_admitted	not_admitted	not_admitted	not_admitted	not_admitted
NZ_MN240794.1	MPF_F	IncFIB(pNDM-Mar);IncHI1B(pNDM-MAR)	341	0	0	GA	0															not_admitted	not_admitted	not_admitted	not_admitted	not_admitted	not_admitted	not_admitted	not_admitted	not_admitted	not_admitted	1	95;81612;82649;+;282.8	251;224734;226143;-;190.6	252;226133;227170;-;174.6	80;65639;68356;+;149.6	250;220764;224732;-;114.6	76;62156;63526;+;65.6	80;65639;68356;+;86.2	73;59650;60510;+;79.0	94;80254;81615;+;69.9	96;82659;85844;+;59.9	261;235564;237690;+;57.4	79;64857;65594;+;52.7	261;235564;237690;+;40.9	A	9/9	split_2	175914	0	1	
NZ_MN241904.1	MPF_T	IncN	77	0	0	GA	1	34;28552;29286;+;32.5		37;29929;30246;+;63.3	38;30246;32846;+;113.8	38;30246;32846;+;76.4	39;32864;33577;+;105.5	41;33828;34868;+;142.4		42;35087;35785;+;131.9	43;35796;36680;+;159.7	44;36680;37840;+;156.3	45;37882;38877;+;81.2	54;46871;48400;-;38.5		pfam	both	A	7/7	canonical	1	0	unscoreable	11	0	0														not_admitted	not_admitted	not_admitted	not_admitted	not_admitted	not_admitted	not_admitted
NZ_MN254970.1	MPF_F	IncC	202	0	0	GA	0															not_admitted	not_admitted	not_admitted	not_admitted	not_admitted	not_admitted	not_admitted	not_admitted	not_admitted	not_admitted	1	97;74404;75411;+;332.9	191;156336;157769;+;339.2	190;155306;156334;+;221.7	92;69205;71652;+;354.2	192;157782;161396;+;375.3	83;55894;57210;+;135.0	92;69205;71652;+;128.6	81;54370;54996;+;92.1	95;72474;73739;+;67.6	98;75527;78322;+;145.3	72;48695;50560;+;47.4	84;57207;57785;+;100.2	72;48695;50560;+;52.0	A	9/9	split_2	109087	0	1	
NZ_MN256104.1	MPF_T	IncX1	46	0	0	GA	1	33;28607;29254;-;45.2	32;28333;28629;-;77.5	31;25561;28314;-;46.6	31;25561;28314;-;148.0	31;25561;28314;-;75.3	30;24801;25550;-;67.5	28;23429;24490;-;135.0		27;22471;23184;-;120.0	26;21537;22466;-;133.8	25;20335;21540;-;132.5	24;19302;20333;-;80.6	23;17464;19299;-;486.8		pfam	pfam_only	A	7/7	canonical	1	1	unscoreable	1	0	0														not_admitted	not_admitted	not_admitted	not_admitted	not_admitted	not_admitted	not_admitted
NZ_MN256757.1	MPF_F	IncFIA(HI1);IncFIB(pB171);IncHI1A;IncHI1B(R27);IncY	436	0	0	GA	0															not_admitted	not_admitted	not_admitted	not_admitted	not_admitted	not_admitted	not_admitted	not_admitted	not_admitted	not_admitted	1	125;118978;120030;-;277.6	247;231654;233069;+;201.7	246;230618;231664;+;170.5	144;139354;142035;-;160.6	248;233078;236698;+;103.6	148;144383;145741;-;84.0	144;139354;142035;-;76.4	151;147408;148193;-;64.8	127;120175;121683;-;66.1	124;115779;118955;-;58.9	239;221599;223683;-;50.2	145;142044;142994;-;45.2	258;243214;244035;-;38.7	A	9/9	split_2	127435	1	1	236703..237065+;120;unnamed;0
NZ_MN256758.1	MPF_F	Col(pHAD28);IncFIA(HI1);IncFIB(pB171);IncHI1A;IncHI1B(R27);IncY	418	0	0	GA	0															not_admitted	not_admitted	not_admitted	not_admitted	not_admitted	not_admitted	not_admitted	not_admitted	not_admitted	not_admitted	1	125;118978;120030;-;277.6	246;231654;233069;+;201.7	245;230618;231664;+;171.3	144;139354;142035;-;160.6	247;233078;237067;+;103.1	148;144383;145741;-;84.0	144;139354;142035;-;76.5	151;147408;148193;-;68.7	127;120175;121683;-;65.6	124;115779;118955;-;58.9	239;221599;223683;-;50.2	145;142044;142994;-;45.2	239;221599;223683;-;36.5	A	9/9	split_2	117299	0	1	
NZ_MN256759.1	MPF_F	IncFIA(HI1);IncHI1A;IncHI1B(R27)	315	0	0	GA	0															not_admitted	not_admitted	not_admitted	not_admitted	not_admitted	not_admitted	not_admitted	not_admitted	not_admitted	not_admitted	1	109;94756;95808;-;277.6			128;115132;117813;-;160.6		132;120161;121519;-;84.0	128;115132;117813;-;76.5	135;123186;123971;-;68.7	111;95953;97461;-;65.6	108;91557;94733;-;58.9		129;117822;118772;-;45.2		C	6/9	contiguous	31629	0	1	
NZ_MN276078.1	MPF_T	IncX3	58	0	0	GA	1	45;38931;39575;-;46.4	44;38657;38947;-;73.1	43;35879;38632;-;47.0	43;35879;38632;-;142.4	43;35879;38632;-;73.3	42;35099;35869;-;60.1	40;33765;34820;-;133.2		39;32842;33570;-;119.4	38;31907;32836;-;138.8	37;30696;31910;-;128.3	35;29466;30500;-;65.7	34;27628;29463;-;495.9		pfam	pfam_only	A	7/7	canonical	1	1	unscoreable	2	0	0														not_admitted	not_admitted	not_admitted	not_admitted	not_admitted	not_admitted	not_admitted
NZ_MN276079.1	MPF_T	IncX3	58	0	0	GA	1	45;38931;39575;-;46.4	44;38657;38947;-;73.1	43;35879;38632;-;47.0	43;35879;38632;-;142.4	43;35879;38632;-;73.3	42;35099;35869;-;60.1	40;33765;34820;-;133.2		39;32842;33570;-;119.4	38;31907;32836;-;138.8	37;30696;31910;-;128.3	35;29466;30500;-;65.7	34;27628;29463;-;495.9		pfam	pfam_only	A	7/7	canonical	1	1	unscoreable	2	0	0														not_admitted	not_admitted	not_admitted	not_admitted	not_admitted	not_admitted	not_admitted
NZ_MN276080.1	MPF_T	IncX3	58	0	0	GA	1	45;38931;39575;-;46.4	44;38657;38947;-;73.1	43;35879;38632;-;47.0	43;35879;38632;-;142.4	43;35879;38632;-;73.3	42;35099;35869;-;60.1	40;33765;34820;-;133.2		39;32842;33570;-;119.4	38;31907;32836;-;138.8	37;30696;31910;-;128.3	35;29466;30500;-;65.7	34;27628;29463;-;495.9		pfam	pfam_only	A	7/7	canonical	1	1	unscoreable	2	0	0														not_admitted	not_admitted	not_admitted	not_admitted	not_admitted	not_admitted	not_admitted
NZ_MN276081.1	MPF_T	IncX3	58	0	0	GA	1	45;38931;39575;-;46.4	44;38657;38947;-;73.1	43;35879;38632;-;47.0	43;35879;38632;-;142.4	43;35879;38632;-;73.3	42;35099;35869;-;60.1	40;33765;34820;-;133.2		39;32842;33570;-;119.4	38;31907;32836;-;138.8	37;30696;31910;-;128.3	35;29466;30500;-;65.7	34;27628;29463;-;495.9		pfam	pfam_only	A	7/7	canonical	1	1	unscoreable	2	0	0														not_admitted	not_admitted	not_admitted	not_admitted	not_admitted	not_admitted	not_admitted
NZ_MN276082.1	MPF_T	IncX3	58	0	0	GA	1	45;38677;39321;-;46.4	44;38403;38693;-;73.1	43;35625;38378;-;47.0	43;35625;38378;-;142.4	43;35625;38378;-;73.3	42;34845;35615;-;60.1	40;33511;34566;-;133.2		39;32588;33316;-;119.4	38;31653;32582;-;138.8	37;30442;31656;-;128.3	35;29212;30246;-;65.7	34;27374;29209;-;495.9		pfam	pfam_only	A	7/7	canonical	1	1	unscoreable	2	0	0														not_admitted	not_admitted	not_admitted	not_admitted	not_admitted	not_admitted	not_admitted
NZ_MN310369.1	MPF_F	IncC	190	0	0	GA	0															not_admitted	not_admitted	not_admitted	not_admitted	not_admitted	not_admitted	not_admitted	not_admitted	not_admitted	not_admitted	1	99;75178;76185;+;332.9	179;142968;144401;+;339.2	178;141938;142966;+;221.7	94;69979;72426;+;354.2	180;144414;148028;+;375.3	83;55892;57208;+;135.0	94;69979;72426;+;128.6	81;54368;54994;+;92.1	97;73248;74513;+;67.6	100;76301;78430;+;57.8	72;48693;50558;+;47.4	84;57205;57783;+;100.2	72;48693;50558;+;52.0	A	9/9	split_2	95721	0	1	
NZ_MN310370.1	MPF_F	IncC	190	0	0	GA	0															not_admitted	not_admitted	not_admitted	not_admitted	not_admitted	not_admitted	not_admitted	not_admitted	not_admitted	not_admitted	1	99;75180;76187;+;332.9	179;142968;144401;+;339.2	178;141938;142966;+;221.7	94;69981;72428;+;354.2	180;144414;148028;+;375.3	83;55893;57209;+;135.0	94;69981;72428;+;128.6	81;54369;54995;+;92.1	97;73250;74515;+;67.6	100;76303;78432;+;57.8	72;48694;50559;+;47.4	84;57206;57784;+;100.2	72;48694;50559;+;52.0	A	9/9	split_2	95720	0	1	
NZ_MN310371.1	MPF_F	-	307	0	0	GA	0															not_admitted	not_admitted	not_admitted	not_admitted	not_admitted	not_admitted	not_admitted	not_admitted	not_admitted	not_admitted	1	168;119426;120463;+;310.6	192;142640;144091;+;263.7	191;141649;142650;+;225.6	188;137992;140439;+;164.0	193;144101;148225;+;230.9	185;135708;136910;+;119.4	188;137992;140439;+;111.2	183;134231;134863;+;108.2	169;120411;121142;+;100.4	287;226834;228426;+;237.5	179;130360;132120;-;33.2	186;136925;137533;+;79.0	179;130360;132120;-;25.1	A	9/9	split_2	107408	0	1	
NZ_MN310372.1	MPF_F	-	274	0	0	GA	0															not_admitted	not_admitted	not_admitted	not_admitted	not_admitted	not_admitted	not_admitted	not_admitted	not_admitted	not_admitted	1	191;148429;149466;+;310.6	215;171358;172809;+;265.2	214;170358;171368;+;226.6	211;166694;169141;+;161.0	216;172819;178569;+;231.7	208;164410;165612;+;121.5	211;166694;169141;+;109.9	206;162933;163565;+;104.8	192;149414;150145;+;101.9	225;184962;186593;+;235.9	202;159065;160825;-;32.9	209;165609;166235;+;78.6	202;159065;160825;-;25.1	A	9/9	contiguous	36533	0	1	
NZ_MN310375.1	MPF_F	IncC	164	0	0	GA	0															not_admitted	not_admitted	not_admitted	not_admitted	not_admitted	not_admitted	not_admitted	not_admitted	not_admitted	not_admitted	1	94;71322;72329;+;332.9	153;121171;122604;+;339.2	152;120141;121169;+;221.7	89;66123;68570;+;354.2	154;122617;126231;+;375.3	80;52812;54128;+;135.0	89;66123;68570;+;128.6	78;51288;51914;+;92.1	92;69392;70657;+;67.6	95;72445;75240;+;145.3	69;45613;47478;+;47.4	81;54125;54703;+;100.2	69;45613;47478;+;52.0	A	9/9	split_2	77004	0	1	
NZ_MN310378.1	MPF_F	IncC	220	0	0	GA	0															not_admitted	not_admitted	not_admitted	not_admitted	not_admitted	not_admitted	not_admitted	not_admitted	not_admitted	not_admitted	1	142;114278;115285;+;332.9	209;170490;171923;+;339.2	208;169460;170488;+;221.7	137;109079;111526;+;354.5	210;171936;175550;+;375.3	45;26117;27277;+;156.3	137;109079;111526;+;128.3	130;98683;99309;+;92.7	140;112348;113613;+;67.9	143;115401;118199;+;145.3	121;93008;94873;+;47.3	133;101520;102098;+;100.2	121;93008;94873;+;52.0	A	9/9	split_3	145819	0	1	
NZ_MN319465.1	-	-	61	0	0	GA	1	27;28440;29189;+;40.2		29;29528;29926;+;25.9	30;29874;32306;+;51.4	30;29874;32306;+;35.8	31;32306;32935;+;83.9	34;33501;34397;+;90.0		35;34715;35503;+;157.9	36;35514;36293;+;163.1	37;36283;37506;+;125.2	38;37562;38590;+;93.8	40;38987;40558;+;293.2		pfam	pfam_only	A	7/7	canonical	1	0	unscoreable	4	0	0														not_admitted	not_admitted	not_admitted	not_admitted	not_admitted	not_admitted	not_admitted
NZ_MN328348.1	MPF_F	IncFIA;IncFIB(AP001918);IncFII;IncQ1	140	0	0	GA	0															not_admitted	not_admitted	not_admitted	not_admitted	not_admitted	not_admitted	not_admitted	not_admitted	not_admitted	not_admitted	1	116;93705;94697;+;369.5	126;100476;101849;+;381.7	121;97803;98546;+;234.4	113;90066;92696;+;304.1	127;101846;104668;+;374.0	105;85213;86664;+;94.2	113;90066;92696;+;97.1	103;83932;84498;+;174.3	118;95041;95679;+;68.6	119;95676;97526;+;266.1	131;106940;109147;+;391.2	108;87524;88039;+;78.4	131;106940;109147;+;70.3	A	9/9	contiguous	23008	1	1	104690..105169+;159;TraS;0
NZ_MN335922.1	MPF_T	IncX3	58	0	0	GA	1	45;38165;38809;-;46.4	44;37891;38181;-;73.1	43;35113;37866;-;47.0	43;35113;37866;-;142.4	43;35113;37866;-;73.3	42;34333;35103;-;60.1	40;32999;34054;-;133.2		39;32076;32804;-;119.4	38;31141;32070;-;138.8	37;29930;31144;-;128.3	35;28700;29734;-;65.7	34;26862;28697;-;495.9		pfam	pfam_only	A	7/7	canonical	1	1	unscoreable	2	0	0														not_admitted	not_admitted	not_admitted	not_admitted	not_admitted	not_admitted	not_admitted
NZ_MN380474.1	MPF_F	IncC	175	0	0	GA	0															not_admitted	not_admitted	not_admitted	not_admitted	not_admitted	not_admitted	not_admitted	not_admitted	not_admitted	not_admitted	1	130;98123;99130;-;332.9	69;46240;47673;-;339.2	70;47675;48703;-;221.7	135;101882;104329;-;354.5	68;42613;46227;-;375.3	140;111885;113201;-;135.0	135;101882;104329;-;128.3	142;114099;114725;-;92.7	132;99795;101060;-;67.9	129;95209;98007;-;145.3	151;118535;120400;-;47.3	139;111310;111888;-;100.2	151;118535;120400;-;52.0	A	9/9	split_2	75922	0	1	
NZ_MN386974.1	MPF_T	IncP1	54	0	0	GA	1	15;13828;14463;+;23.5	4;3427;3891;+;63.5	5;3895;4206;+;49.8	6;4203;6761;+;91.0	6;4203;6761;+;112.1	11;10479;11243;+;122.3	13;11491;13209;+;143.0		7;6758;7624;+;141.2	8;7642;8541;+;186.5	10;9037;10458;+;223.3	3;2448;3410;+;127.6	33;33483;35396;-;525.1		conjscan	conjscan_only	A	7/7	canonical	1	0	unscoreable	4	0	0														not_admitted	not_admitted	not_admitted	not_admitted	not_admitted	not_admitted	not_admitted
NZ_MN419308.1	MPF_F	IncFII(pHN7A8)	78	0	0	GA	0															not_admitted	not_admitted	not_admitted	not_admitted	not_admitted	not_admitted	not_admitted	not_admitted	not_admitted	not_admitted	1				63;48428;50845;+;302.1		58;44946;46373;+;94.1	63;48428;50845;+;101.8	56;43665;44231;+;183.8			63;48428;50845;+;21.1	62;47397;47912;+;77.6		D	3/9	contiguous	4763	0	0	
NZ_MN423361.1	MPF_F	IncHI2;IncHI2A	315	0	0	GA	0															not_admitted	not_admitted	not_admitted	not_admitted	not_admitted	not_admitted	not_admitted	not_admitted	not_admitted	not_admitted	1	29;32275;33333;+;276.9	181;167098;168513;+;194.1	180;166062;167108;+;173.7	11;8955;11636;+;168.0	182;168522;172472;+;101.6	7;5270;6625;+;80.7	11;8955;11636;+;72.2	4;2758;3546;+;74.8	27;30622;32133;+;62.7	30;33352;36540;+;58.3	174;156937;159021;-;56.7	10;7996;8946;+;46.4	174;156937;159021;-;38.8	A	9/9	split_3	165764	0	1	
NZ_MN423362.1	MPF_F	IncHI2;IncHI2A	341	0	0	GA	0															not_admitted	not_admitted	not_admitted	not_admitted	not_admitted	not_admitted	not_admitted	not_admitted	not_admitted	not_admitted	1	29;32275;33333;+;276.9	178;167904;169319;+;194.1	177;166868;167914;+;173.7	11;8955;11636;+;168.0	179;169328;173278;+;101.6	7;5270;6625;+;80.7	11;8955;11636;+;72.2	4;2758;3546;+;74.8	27;30622;32133;+;62.7	30;33352;36540;+;58.3	171;157743;159827;-;56.7	10;7996;8946;+;46.4	171;157743;159827;-;38.8	A	9/9	split_3	166570	0	1	
NZ_MN433456.1	-	-	64	0	0	GA	1	40;38898;39605;-;33.5		38;38170;38568;-;24.9	37;35781;38216;-;72.0		35;34859;35527;-;50.0	33;33537;34502;-;118.8		32;32390;33205;-;140.8	31;31584;32393;-;146.3	30;30156;31508;-;140.0	29;29112;30146;-;62.1	26;26511;28070;-;264.0		pfam	pfam_only	A	7/7	canonical	1	0	unscoreable	5	0	0														not_admitted	not_admitted	not_admitted	not_admitted	not_admitted	not_admitted	not_admitted
NZ_MN476093.1	MPF_T	IncI2	77	0	0	GA	1	74;57833;58315;+;81.1		59;41955;42239;+;36.6	60;42245;44602;+;58.5	60;42245;44602;+;42.8	46;35860;36501;+;42.8	45;34859;35854;+;128.5		61;44767;45501;+;144.3	62;45498;46268;+;170.5	63;46258;47397;+;154.7	71;55457;56065;+;115.0	65;48487;50445;+;289.6		pfam	pfam_only	A	7/7	rearranged	1	0	unscoreable	17	1	0														not_admitted	not_admitted	not_admitted	not_admitted	not_admitted	not_admitted	not_admitted
NZ_MN476094.1	MPF_F	IncFIA(HI1);IncFIB(K);IncHI2;IncHI2A	350	0	0	GA	0															not_admitted	not_admitted	not_admitted	not_admitted	not_admitted	not_admitted	not_admitted	not_admitted	not_admitted	not_admitted	1	105;98125;99183;+;276.9			88;75873;78554;+;168.0		10;8609;9964;-;80.7	88;75873;78554;+;72.2	13;11688;12476;-;74.8	103;96472;97983;+;62.0	106;99202;102390;+;57.3		87;74914;75864;+;46.1		C	6/9	split_3	90593	0	1	
NZ_MN476095.1	MPF_T	IncI2	81	0	0	GA	1	72;51902;52384;-;81.1		9;6921;7136;-;36.7	8;4491;6305;-;50.6		21;12587;13228;-;42.8	22;13234;14229;-;128.5		6;3595;3789;-;36.1	4;2830;3078;-;36.5	2;1683;2384;-;156.9	75;54152;55690;-;207.1	80;59774;60787;-;184.9		pfam	pfam_only	A	7/7	rearranged	1	0	unscoreable	20	1	0														not_admitted	not_admitted	not_admitted	not_admitted	not_admitted	not_admitted	not_admitted
NZ_MN476097.1	MPF_F	IncFIA(HI1);IncFIB(K);IncHI2;IncHI2A	318	0	0	GA	0															not_admitted	not_admitted	not_admitted	not_admitted	not_admitted	not_admitted	not_admitted	not_admitted	not_admitted	not_admitted	1	201;181264;182322;-;276.9			217;201894;204575;-;168.0		221;206905;208260;-;80.7	217;201894;204575;-;72.2	224;209984;210772;-;74.8	203;182464;183975;-;62.0	200;178057;181245;-;57.3		218;204584;205534;-;46.1		C	6/9	contiguous	31927	0	1	
NZ_MN477204.1	MPF_F	IncC	243	0	0	GA	0															not_admitted	not_admitted	not_admitted	not_admitted	not_admitted	not_admitted	not_admitted	not_admitted	not_admitted	not_admitted	1	199;155544;156551;+;332.9	92;75096;76529;+;337.5	91;74066;75094;+;221.7	194;150345;152792;+;354.5	93;76542;80156;+;375.3	189;141473;142789;+;135.0	194;150345;152792;+;128.3	187;139949;140575;+;92.7	197;153614;154879;+;67.9	200;156667;159465;+;145.3	178;134274;136139;+;47.3	190;142786;143364;+;100.2	178;134274;136139;+;52.0	A	9/9	split_2	82601	0	1	
NZ_MN480461.1	MPF_F	IncFII(pHN7A8);IncR	227	0	0	GA	1	69;51400;52047;+;77.3		8;6177;6494;-;63.3	4;2801;4930;-;114.1	7;5779;6177;-;75.4	3;2070;2783;-;105.5	1;659;1819;-;142.0					184;142828;143823;-;81.2			pfam	both	D	3/7	canonical	1	0	unscoreable	5	0	0														not_admitted	not_admitted	not_admitted	not_admitted	not_admitted	not_admitted	not_admitted
NZ_MN537908.1	MPF_F	IncFII	98	0	0	GA	0															not_admitted	not_admitted	not_admitted	not_admitted	not_admitted	not_admitted	not_admitted	not_admitted	not_admitted	not_admitted	1	67;52214;53206;+;369.5	77;58985;60358;+;381.7	72;56312;57055;+;234.4	64;48575;51205;+;304.1	78;60355;63177;+;374.0	56;43722;45173;+;94.2	64;48575;51205;+;97.1	54;42441;43007;+;174.3	69;53550;54188;+;68.6	70;54185;56035;+;266.1	82;65449;67701;+;391.1	59;46033;46548;+;78.4	82;65449;67701;+;70.3	A	9/9	contiguous	23008	1	1	63199..63678+;159;TraS;0
NZ_MN539017.1	MPF_F	IncHI2;IncHI2A	267	0	0	GA	0															not_admitted	not_admitted	not_admitted	not_admitted	not_admitted	not_admitted	not_admitted	not_admitted	not_admitted	not_admitted	1	50;58268;59326;+;276.9	200;184281;185696;-;194.1	201;185686;186732;-;174.1	34;35516;38197;+;168.0	199;180319;184272;-;101.6	30;31831;33186;+;80.7	34;35516;38197;+;72.2	27;29319;30107;+;74.8	48;56615;58126;+;62.0	51;59345;62533;+;57.3	208;193774;195858;+;56.8	33;34557;35507;+;46.1	208;193774;195858;+;38.8	A	9/9	split_3	164455	1	1	178849..180138-;429;unnamed;0
NZ_MN539018.1	MPF_F	IncHI2;IncHI2A	283	0	0	GA	0															not_admitted	not_admitted	not_admitted	not_admitted	not_admitted	not_admitted	not_admitted	not_admitted	not_admitted	not_admitted	1	152;133654;134712;-;276.9	262;239197;240612;+;194.1	261;238161;239207;+;174.3	168;154027;156708;-;168.0	263;240621;244574;+;101.6	172;159038;160393;-;80.7	168;154027;156708;-;72.2	175;162117;162905;-;74.8	154;134854;136365;-;62.0	151;130447;133635;-;57.3	254;229035;231119;-;56.8	169;156717;157667;-;46.1	254;229035;231119;-;38.8	A	9/9	split_2	110174	1	1	244755..246044+;429;unnamed;0
NZ_MN540571.1	MPF_F	IncHI2;IncHI2A	338	0	0	GA	0															not_admitted	not_admitted	not_admitted	not_admitted	not_admitted	not_admitted	not_admitted	not_admitted	not_admitted	not_admitted	1	117;109736;110794;+;276.9	0;321;1736;-;194.1	1;1726;2772;-;173.7	99;86416;89097;+;168.0	337;298959;302594;-;69.5	95;82731;84086;+;80.7	99;86416;89097;+;72.2	92;80219;81007;+;74.8	115;108083;109594;+;62.7	118;110813;114001;+;58.3	7;9813;11897;+;56.7	98;85457;86407;+;46.4	7;9813;11897;+;38.8	A	9/9	split_4	298638	0	1	
NZ_MN542377.1	MPF_T	-	100	0	0	GA	1		79;59531;59914;-;68.7	78;59202;59528;-;48.3	77;56662;59205;-;98.2	77;56662;59205;-;107.1	72;52404;53186;-;105.1	70;50621;52192;-;111.3		76;55958;56665;-;91.0	75;55052;55942;-;153.1	73;53199;54593;-;220.3	80;60028;60984;-;135.2	35;28335;30281;+;442.7		conjscan	conjscan_only	A	7/7	canonical	1	0	unscoreable	3	0	0														not_admitted	not_admitted	not_admitted	not_admitted	not_admitted	not_admitted	not_admitted
NZ_MN542378.1	MPF_T	-	100	0	0	GA	1		79;59531;59914;-;68.7	78;59202;59528;-;48.3	77;56662;59205;-;98.2	77;56662;59205;-;107.1	72;52404;53186;-;105.1	70;50621;52192;-;111.3		76;55958;56665;-;91.0	75;55052;55942;-;153.1	73;53199;54593;-;220.3	80;60028;60984;-;135.2	35;28335;30281;+;442.7		conjscan	conjscan_only	A	7/7	canonical	1	0	unscoreable	3	0	0														not_admitted	not_admitted	not_admitted	not_admitted	not_admitted	not_admitted	not_admitted
NZ_MN543570.1	MPF_F	IncFII(K);IncQ1;repB(R1701)	173	0	0	GA	0															not_admitted	not_admitted	not_admitted	not_admitted	not_admitted	not_admitted	not_admitted	not_admitted	not_admitted	not_admitted	1	114;97624;98613;-;366.6	104;90710;92077;-;384.0	108;93335;94087;-;233.3	118;100056;102695;-;258.5	103;87861;90710;-;346.4	125;105888;107312;-;89.2	118;100056;102695;-;88.2	127;108039;108605;-;169.3	113;96973;97611;-;66.9	112;94959;96914;-;259.7	99;83087;85399;-;393.1	124;105190;105774;-;53.6	99;83087;85399;-;66.6	A	9/9	contiguous	24952	1	1	87325..87858-;177;unnamed;0
NZ_MN543573.1	MPF_F	IncFIB(K);IncFII(K)	237	0	0	GA	0															not_admitted	not_admitted	not_admitted	not_admitted	not_admitted	not_admitted	not_admitted	not_admitted	not_admitted	not_admitted	1	181;173367;174359;-;366.6	171;166546;167916;-;381.2	175;169118;169870;-;232.4	184;175385;178024;-;258.7	170;163697;166546;-;344.2	193;181839;183263;-;89.2	184;175385;178024;-;88.8	195;183990;184556;-;167.0	180;172716;173354;-;67.0	179;170713;172719;-;259.0	166;159574;161883;-;393.2	191;180658;181227;-;49.7	166;159574;161883;-;65.8	A	9/9	contiguous	24416	1	1	163164..163694-;176;unnamed;0
NZ_MN543575.1	MPF_F	IncFIB(pNDM-Mar);IncR;RepB	364	0	0	GA	0															not_admitted	not_admitted	not_admitted	not_admitted	not_admitted	not_admitted	not_admitted	not_admitted	not_admitted	not_admitted	1	239;223910;224947;-;282.3	80;69827;71182;+;188.4	79;68743;69780;+;174.4	250;235781;238498;-;151.5	81;71157;75128;+;120.9	26;22943;24199;-;206.8	250;235781;238498;-;84.3	257;243630;244490;-;79.1	240;224944;226305;-;70.6	238;220718;223900;-;59.2	70;59434;61560;-;58.0	251;238543;239280;-;59.2	70;59434;61560;-;40.6	A	9/9	split_3	220687	0	1	
NZ_MN543576.1	MPF_F	IncFIB(pNDM-Mar);RepB	318	0	0	GA	0															not_admitted	not_admitted	not_admitted	not_admitted	not_admitted	not_admitted	not_admitted	not_admitted	not_admitted	not_admitted	1	251;218579;219616;-;282.3	92;64370;65725;+;188.4	91;63286;64323;+;174.4	262;230450;233167;-;151.5	93;65700;69671;+;120.9	266;235280;236653;-;63.3	262;230450;233167;-;84.3	269;238299;239159;-;79.1	252;219613;220974;-;70.6	250;215387;218569;-;59.2	82;53977;56103;-;58.0	263;233212;233949;-;59.2	82;53977;56103;-;40.6	A	9/9	split_2	184322	0	1	
NZ_MN543577.1	MPF_F	IncFIB(K);IncFII(K)	237	0	0	GA	0															not_admitted	not_admitted	not_admitted	not_admitted	not_admitted	not_admitted	not_admitted	not_admitted	not_admitted	not_admitted	1	181;173367;174359;-;366.6	171;166546;167916;-;381.2	175;169118;169870;-;232.4	184;175385;178024;-;258.7	170;163697;166546;-;344.2	193;181839;183263;-;89.2	184;175385;178024;-;88.8	195;183990;184556;-;167.0	180;172716;173354;-;67.0	179;170713;172719;-;259.0	166;159574;161883;-;393.2	191;180658;181227;-;49.7	166;159574;161883;-;65.8	A	9/9	contiguous	24416	1	1	163164..163694-;176;unnamed;0
NZ_MN543580.1	MPF_F	IncFII(K);repB(R1701)	157	0	0	GA	0															not_admitted	not_admitted	not_admitted	not_admitted	not_admitted	not_admitted	not_admitted	not_admitted	not_admitted	not_admitted	1	94;80295;81284;-;366.6	84;73381;74748;-;384.0	88;76006;76758;-;233.3	98;82727;85366;-;258.5	83;70532;73381;-;346.4	105;88559;89983;-;89.2	98;82727;85366;-;88.2	107;90710;91276;-;169.3	93;79644;80282;-;66.9	92;77630;79585;-;259.7	79;65758;68070;-;393.1	104;87861;88445;-;53.6	79;65758;68070;-;66.6	A	9/9	contiguous	24952	1	1	69996..70529-;177;unnamed;0
NZ_MN543583.1	MPF_F	IncFII(K);repB(R1701)	157	0	0	GA	0															not_admitted	not_admitted	not_admitted	not_admitted	not_admitted	not_admitted	not_admitted	not_admitted	not_admitted	not_admitted	1	94;80295;81284;-;366.6	84;73381;74748;-;384.0	88;76006;76758;-;233.3	98;82727;85366;-;258.5	83;70532;73381;-;346.4	105;88559;89983;-;89.2	98;82727;85366;-;88.2	107;90710;91276;-;169.3	93;79644;80282;-;66.9	92;77630;79585;-;259.7	79;65758;68070;-;393.1	104;87861;88445;-;53.6	79;65758;68070;-;66.6	A	9/9	contiguous	24952	1	1	69996..70529-;177;unnamed;0
NZ_MN548433.1	MPF_F	IncFII(Yp);repB(R1701)	108	0	0	GA	0															not_admitted	not_admitted	not_admitted	not_admitted	not_admitted	not_admitted	not_admitted	not_admitted	not_admitted	not_admitted	1	84;73375;74367;+;372.3	94;80000;81370;+;383.1	91;78479;79231;+;222.2	81;69713;72352;+;258.9	95;81370;84225;+;333.3	74;65182;66603;+;88.0	81;69713;72352;+;88.4	72;63895;64461;+;161.7	85;74380;75006;+;68.3	86;75003;76958;+;254.7	98;85970;88288;+;390.7	76;67215;67784;+;55.7	98;85970;88288;+;66.8	A	9/9	contiguous	22075	1	1	84242..84913+;223;unnamed;0
NZ_MN548434.1	MPF_F	IncFIB(pB171);IncFII(Yp);IncFII(pAR0022)	134	0	0	GA	0															not_admitted	not_admitted	not_admitted	not_admitted	not_admitted	not_admitted	not_admitted	not_admitted	not_admitted	not_admitted	1	80;70230;71216;+;369.4	88;75929;77299;+;376.7	84;73963;74712;+;218.2	77;66606;69236;+;285.5	89;77299;80121;+;336.5	71;63184;64578;+;89.4	77;66606;69236;+;98.6	69;61901;62467;+;169.9	81;71233;71862;+;66.9	82;71859;73712;+;260.5	93;81458;83704;+;384.7	72;64600;65139;+;67.5	93;81458;83704;+;63.8	A	9/9	contiguous	19557	1	1	80143..80574+;143;TraS;0
NZ_MN550958.1	MPF_F	IncC	186	0	0	GA	0															not_admitted	not_admitted	not_admitted	not_admitted	not_admitted	not_admitted	not_admitted	not_admitted	not_admitted	not_admitted	1	11;10503;11510;-;332.9	118;93969;95402;-;339.2	119;95404;96432;-;221.7	16;14262;16709;-;354.2	117;90342;93956;-;375.3	26;30038;31354;-;135.0	16;14262;16709;-;128.6	28;32252;32878;-;92.1	13;12175;13440;-;67.6	10;7592;10387;-;145.3	37;36688;38553;-;47.4	25;29463;30041;-;100.2	37;36688;38553;-;52.0	A	9/9	split_2	87812	0	1	
NZ_MN565271.1	MPF_T	IncX3	57	0	0	GA	1	30;28364;29008;-;46.4	29;28090;28380;-;73.1	28;25312;28065;-;47.0	28;25312;28065;-;142.4	28;25312;28065;-;73.3	27;24532;25302;-;60.1	25;23198;24253;-;133.2		24;22275;23003;-;119.4	23;21340;22269;-;138.8	22;20129;21343;-;128.3	20;18899;19933;-;65.7	19;17061;18896;-;495.9		pfam	pfam_only	A	7/7	canonical	1	1	unscoreable	2	0	0														not_admitted	not_admitted	not_admitted	not_admitted	not_admitted	not_admitted	not_admitted
NZ_MN577015.1	MPF_F	IncHI2;IncHI2A;IncN	271	0	0	GA	0															not_admitted	not_admitted	not_admitted	not_admitted	not_admitted	not_admitted	not_admitted	not_admitted	not_admitted	not_admitted	1	30;32545;33603;+;276.9			11;8955;11636;+;168.0		7;5270;6625;+;80.7	11;8955;11636;+;72.2	4;2758;3546;+;74.8	28;30892;32403;+;62.0	31;33622;36810;+;57.3		10;7996;8946;+;46.1		C	6/9	split_2	30864	0	1	
NZ_MN583270.1	MPF_F	-	319	0	0	GA	0															not_admitted	not_admitted	not_admitted	not_admitted	not_admitted	not_admitted	not_admitted	not_admitted	not_admitted	not_admitted	1	104;77980;79032;-;327.9	96;71251;72654;-;304.3	97;72651;73676;-;233.9	107;80826;83291;-;314.6	95;68021;71239;-;355.9	112;92655;93974;-;128.8	107;80826;83291;-;132.2	114;95205;95846;-;90.0	105;79019;80260;-;71.8	131;110537;113143;-;125.3	119;97998;99827;-;37.7	111;92145;92645;-;81.7	119;97998;99827;-;54.7	A	9/9	contiguous	42516	0	1	
NZ_MN583554.1	MPF_T	IncN2	77	0	0	GA	1	59;54692;55474;+;33.3	61;55721;56017;+;36.0	62;56057;56374;+;71.9	63;56375;58948;+;118.0	63;56375;58948;+;74.2	64;58964;59677;+;107.4	66;59946;60983;+;121.9	67;61060;61191;+;40.1	68;61202;61897;+;132.6	69;61908;62795;+;147.8	70;62795;63928;+;166.3	71;63979;64980;+;90.1	31;37116;38648;-;51.3		pfam	both	A	7/7	canonical	1	0	ga	2	0	0														not_admitted	not_admitted	not_admitted	not_admitted	not_admitted	not_admitted	not_admitted
NZ_MN586817.1	MPF_F	IncFII(pKP91);repB(R1701)	119	0	0	GA	0															not_admitted	not_admitted	not_admitted	not_admitted	not_admitted	not_admitted	not_admitted	not_admitted	not_admitted	not_admitted	1	56;47154;48143;-;363.3	45;39938;41305;-;383.5	49;42563;43315;-;233.7	60;49600;52239;-;259.0	44;37116;39938;-;346.5	69;55709;57133;-;89.2	60;49600;52239;-;88.7	71;57860;58426;-;169.3	54;46231;46878;-;65.1	53;44187;46172;-;254.0	40;32218;34500;-;393.3	68;55011;55595;-;53.8	40;32218;34500;-;65.8	A	9/9	contiguous	25642	1	1	36491..37093-;200;TraS;0
NZ_MN598004.1	MPF_F	IncQ1;repFIB;repHI5B	384	0	0	GA	0															not_admitted	not_admitted	not_admitted	not_admitted	not_admitted	not_admitted	not_admitted	not_admitted	not_admitted	not_admitted	1	35;33047;34084;-;282.2	200;167240;168664;+;188.6	199;166228;167271;+;171.0	48;46652;49369;-;149.9	201;168666;172592;+;119.9	52;51482;52849;-;63.8	48;46652;49369;-;87.4	55;54479;55342;-;82.3	36;34081;35442;-;73.0	34;29856;33032;-;58.4	192;156835;158961;-;60.3	49;49418;50152;-;59.3	192;156835;158961;-;43.0	A	9/9	split_2	138810	0	1	
NZ_MN602278.1	MPF_T	IncP1	69	0	0	GA	1		47;39734;40171;+;64.3	48;40174;40485;+;48.5	49;40482;43040;+;97.7	49;40482;43040;+;115.5	54;46599;47375;+;105.6	56;47603;49189;+;137.1		50;43037;43795;+;143.6	51;43807;44700;+;181.5	53;45191;46582;+;219.9	46;38762;39721;+;126.1	7;7891;9798;-;560.8		conjscan	conjscan_only	A	7/7	canonical	1	0	unscoreable	3	0	0														not_admitted	not_admitted	not_admitted	not_admitted	not_admitted	not_admitted	not_admitted
NZ_MN603981.1	MPF_F	IncC	166	0	0	GA	0															not_admitted	not_admitted	not_admitted	not_admitted	not_admitted	not_admitted	not_admitted	not_admitted	not_admitted	not_admitted	1	95;72645;73652;+;332.9	155;125666;127099;+;339.2	154;124636;125664;+;221.7	90;67446;69893;+;354.2	156;127112;130726;+;375.3	81;54135;55451;+;135.0	90;67446;69893;+;128.6	79;52611;53237;+;92.1	93;70715;71980;+;67.6	96;73768;76563;+;145.3	70;46936;48801;+;47.4	82;55448;56026;+;100.2	70;46936;48801;+;52.0	A	9/9	split_2	80176	0	1	
NZ_MN604267.1	MPF_F	IncC;IncFIB(K)	320	1	1	GA	1	169;133835;134497;+;48.3	170;134508;134807;+;36.6	171;134817;137567;+;61.6	171;134817;137567;+;134.0	171;134817;137567;+;46.2	172;137586;138302;+;137.0	174;138616;139623;+;137.8		176;139833;140519;+;158.3	177;140512;141405;+;146.0	79;52812;54128;+;135.0	179;142602;143651;+;71.5	186;148389;150296;+;24.3	90;67961;70756;+;145.3	pfam	pfam_only	A	7/7	canonical	1	1	unscoreable	8	0	1	89;66838;67845;+;332.9	309;265459;266892;+;339.2	308;264429;265457;+;221.7	84;61639;64086;+;354.2	310;266905;270519;+;375.3	79;52812;54128;+;135.0	84;61639;64086;+;128.6	77;51288;51914;+;92.1	87;64908;66173;+;67.6	90;67961;70756;+;145.3	68;45613;47478;+;47.4	80;54125;54703;+;100.2	68;45613;47478;+;52.0	A	9/9	split_2	221292	0	1	
NZ_MN604268.1	MPF_F	IncC	239	0	0	GA	0															not_admitted	not_admitted	not_admitted	not_admitted	not_admitted	not_admitted	not_admitted	not_admitted	not_admitted	not_admitted	1	103;81138;82145;-;332.9	208;158786;160219;-;339.2	209;160221;161261;-;221.6	108;84897;87344;-;354.2	207;155159;158773;-;375.3	113;94855;96171;-;135.0	108;84897;87344;-;128.6	115;97069;97695;-;92.1	105;82810;84075;-;67.6	102;78227;81022;-;145.3	124;101505;103370;-;47.4	112;94280;94858;-;100.2	124;101505;103370;-;52.0	A	9/9	split_2	81994	0	1	
NZ_MN615880.1	MPF_F	IncFII(pBK30683);repB(R1701)	124	0	0	GA	0															not_admitted	not_admitted	not_admitted	not_admitted	not_admitted	not_admitted	not_admitted	not_admitted	not_admitted	not_admitted	1	100;79743;80732;+;366.0	110;86279;87646;+;384.0	106;84269;85021;+;233.7	96;75647;78286;+;258.5	111;87646;90495;+;346.4	90;71393;72817;+;89.2	96;75647;78286;+;88.7	88;70100;70666;+;169.3	101;80745;81383;+;67.0	102;81442;83397;+;259.7	115;92959;95271;+;390.0	91;72890;73474;+;54.5	115;92959;95271;+;64.0	A	9/9	contiguous	22859	1	1	90498..91031+;177;unnamed;0
NZ_MN626601.1	MPF_F	IncFII(pHN7A8)	100	0	0	GA	0															not_admitted	not_admitted	not_admitted	not_admitted	not_admitted	not_admitted	not_admitted	not_admitted	not_admitted	not_admitted	1	49;46901;47887;-;355.4	43;41307;42668;-;342.6	45;43300;44079;-;194.4	52;48980;51571;-;215.3	42;38402;41305;-;287.0	57;53160;54524;-;83.1	52;48980;51571;-;88.2	59;55241;55804;-;136.5	47;45911;46525;-;82.6	46;44076;45914;-;259.4	39;34548;36779;-;370.3	53;51582;52181;-;45.7	39;34548;36779;-;68.5	A	9/9	contiguous	20693	1	1	37835..38392-;185;unnamed;0
NZ_MN641485.1	MPF_F	IncFII	92	0	0	GA	0															not_admitted	not_admitted	not_admitted	not_admitted	not_admitted	not_admitted	not_admitted	not_admitted	not_admitted	not_admitted	1	71;73427;74419;-;369.3	62;66992;68365;-;381.0	67;69955;70728;-;234.0	74;75428;78058;-;303.5	61;64170;66995;-;386.0	81;81336;82763;-;94.3	74;75428;78058;-;98.5	83;83478;84044;-;183.8	70;72780;73418;-;68.7	69;70975;72783;-;268.0	58;60459;62666;-;391.7	77;79693;80208;-;78.6	58;60459;62666;-;70.3	A	9/9	contiguous	23019	1	1	63664..64173-;169;unnamed;0
NZ_MN647787.1	MPF_F	IncC	193	0	0	GA	0															not_admitted	not_admitted	not_admitted	not_admitted	not_admitted	not_admitted	not_admitted	not_admitted	not_admitted	not_admitted	1	87;66580;67587;+;332.9	181;150315;151748;+;339.2	180;149285;150313;+;221.7	82;61381;63828;+;354.5	182;151761;155375;+;375.3	77;52509;53825;+;135.0	82;61381;63828;+;128.3	75;50985;51611;+;92.7	85;64650;65915;+;67.9	88;67703;70501;+;145.3	66;45310;47175;+;47.3	78;53822;54400;+;100.2	66;45310;47175;+;52.0	A	9/9	split_2	106451	0	1	
NZ_MN647788.1	MPF_F	IncC	224	0	0	GA	0															not_admitted	not_admitted	not_admitted	not_admitted	not_admitted	not_admitted	not_admitted	not_admitted	not_admitted	not_admitted	1	148;116067;117059;-;369.3	139;109632;111005;-;379.5	144;112595;113368;-;234.0	151;118068;120698;-;303.5	138;106810;109635;-;386.0	158;123976;125403;-;94.3	151;118068;120698;-;98.5	160;126118;126684;-;183.8	147;115420;116058;-;68.7	146;113615;115423;-;268.0	135;103099;105306;-;391.7	154;122333;122848;-;78.6	135;103099;105306;-;70.3	A	9/9	contiguous	23019	1	1	106304..106813-;169;unnamed;0
NZ_MN647789.1	MPF_F	IncC	173	0	0	GA	0															not_admitted	not_admitted	not_admitted	not_admitted	not_admitted	not_admitted	not_admitted	not_admitted	not_admitted	not_admitted	1	112;82583;83575;+;369.3	121;88637;90010;+;379.5	116;86274;87047;+;234.0	109;78944;81574;+;303.5	122;90007;92832;+;386.0	102;74239;75666;+;94.3	109;78944;81574;+;98.5	100;72958;73524;+;183.8	113;83584;84222;+;68.7	114;84219;86027;+;268.0	125;94336;96570;+;391.7	106;76794;77309;+;78.6	125;94336;96570;+;70.3	A	9/9	contiguous	21378	1	1	92829..93338+;169;unnamed;0
NZ_MN648330.1	MPF_T	IncX4	44	0	0	GA	1	37;26214;26834;+;41.6	38;26848;27174;+;64.4	39;27193;29940;+;63.8	39;27193;29940;+;151.8	39;27193;29940;+;46.1	40;29952;30668;+;94.2	41;30680;31774;+;150.1		43;32289;32975;+;169.0		0;15;1133;+;163.9	1;1135;2163;+;85.0	2;2195;4012;+;314.8		pfam	pfam_only	B	6/7	canonical	1	1	unscoreable	1	0	0														not_admitted	not_admitted	not_admitted	not_admitted	not_admitted	not_admitted	not_admitted
NZ_MN657144.1	-	-	86	0	0	GA	1				43;40321;42837;+;26.9									55;50811;52832;+;58.4		none	none	D	2/7	uncallable	0	0	unscoreable	11	0	0														not_admitted	not_admitted	not_admitted	not_admitted	not_admitted	not_admitted	not_admitted
NZ_MN661403.1	MPF_F	IncFII(p14)	130	0	0	GA	0															not_admitted	not_admitted	not_admitted	not_admitted	not_admitted	not_admitted	not_admitted	not_admitted	not_admitted	not_admitted	1	104;93080;94072;+;372.3	115;100106;101476;+;380.8	112;98585;99337;+;222.2	100;89416;92055;+;254.8	116;101476;104319;+;348.4	92;84804;86225;+;86.6	100;89416;92055;+;88.2	90;83517;84083;+;159.4	105;94085;94732;+;68.8	107;95109;97064;+;254.7	119;105889;108183;+;391.4	94;86686;87270;+;55.9	119;105889;108183;+;66.6	A	9/9	contiguous	22372	1	1	104325..104840+;171;unnamed;0
NZ_MN661404.1	MPF_F	IncFII(K);IncFII(pAR0022);repB(R1701)	119	0	0	GA	0															not_admitted	not_admitted	not_admitted	not_admitted	not_admitted	not_admitted	not_admitted	not_admitted	not_admitted	not_admitted	1	83;60560;61549;+;366.6	93;67096;68463;+;384.1	89;65086;65838;+;233.7	79;56464;59103;+;258.5	94;68463;71285;+;346.4	71;51846;53270;+;90.9	79;56464;59103;+;88.7	69;50553;51119;+;169.3	84;61562;62200;+;66.9	85;62259;64214;+;259.4	98;73901;76213;+;393.1	72;53384;53968;+;54.3	98;73901;76213;+;66.6	A	9/9	contiguous	23348	1	1	71308..71910+;200;TraS;0
NZ_MN689940.1	MPF_T	IncI2(Delta)	74	0	0	GA	1	38;33959;34441;-;81.1		53;50048;50332;-;36.6	52;47685;50042;-;58.5	52;47685;50042;-;44.9	62;55144;55788;-;41.0	63;55794;56789;-;123.9		50;46785;47519;-;144.3	49;46018;46788;-;170.5	48;44889;46028;-;154.7	41;36220;37758;-;207.1	46;41841;43799;-;289.6		pfam	pfam_only	A	7/7	rearranged	1	0	unscoreable	14	0	0														not_admitted	not_admitted	not_admitted	not_admitted	not_admitted	not_admitted	not_admitted
NZ_MN699848.1	MPF_F	IncFIA(HI1)	227	0	0	GA	0															not_admitted	not_admitted	not_admitted	not_admitted	not_admitted	not_admitted	not_admitted	not_admitted	not_admitted	not_admitted	1	112;87202;88800;-;329.9	105;82435;83826;-;240.6	107;84300;85127;-;173.3	115;92592;95126;-;151.7	104;78782;82435;-;106.9	117;95644;96885;-;59.9	115;92592;95126;-;77.1	119;97713;98342;-;48.1	109;85662;86402;-;96.7	113;88959;90557;-;77.4	60;49671;52016;+;355.3	116;95126;95644;-;75.7	60;49671;52016;+;64.0	A	9/9	split_2	48042	1	1	78492..78680-;62;unnamed;0
NZ_MN701974.1	MPF_T	IncX3	58	0	0	GA	1	45;38165;38809;-;46.4	44;37891;38181;-;73.1	43;35113;37866;-;47.0	43;35113;37866;-;142.4	43;35113;37866;-;73.3	42;34333;35103;-;60.1	40;32999;34054;-;133.2		39;32076;32804;-;119.4	38;31141;32070;-;138.8	37;29930;31144;-;128.3	35;28700;29734;-;65.7	34;26862;28697;-;495.9		pfam	pfam_only	A	7/7	canonical	1	1	unscoreable	2	0	0														not_admitted	not_admitted	not_admitted	not_admitted	not_admitted	not_admitted	not_admitted
NZ_MN701975.1	MPF_T	IncX3	58	0	0	GA	1	45;38165;38809;-;46.4	44;37891;38181;-;73.1	43;35113;37866;-;47.0	43;35113;37866;-;142.4	43;35113;37866;-;73.3	42;34333;35103;-;60.1	40;32999;34054;-;133.2		39;32076;32804;-;119.4	38;31141;32070;-;138.8	37;29930;31144;-;128.3	35;28700;29734;-;65.7	34;26862;28697;-;495.9		pfam	pfam_only	A	7/7	canonical	1	1	unscoreable	2	0	0														not_admitted	not_admitted	not_admitted	not_admitted	not_admitted	not_admitted	not_admitted
NZ_MN702385.1	MPF_F	IncFII(pHN7A8)	81	0	0	GA	0															not_admitted	not_admitted	not_admitted	not_admitted	not_admitted	not_admitted	not_admitted	not_admitted	not_admitted	not_admitted	1	54;42477;43469;+;369.5	67;50302;51675;+;376.8	62;47993;48736;+;234.4	51;38841;41468;+;301.8	68;51672;54488;+;376.7	46;35359;36786;+;94.1	51;38841;41468;+;101.8	44;34078;34644;+;183.8	57;44415;45053;+;70.4	60;45866;47716;+;265.2	72;56789;59059;+;391.6	50;37810;38325;+;78.0	72;56789;59059;+;70.3	A	9/9	contiguous	22711	1	1	54521..55042+;173;unnamed;0
NZ_MN732922.1	MPF_F	IncHI2;IncHI2A;IncN	276	0	0	GA	0															not_admitted	not_admitted	not_admitted	not_admitted	not_admitted	not_admitted	not_admitted	not_admitted	not_admitted	not_admitted	1	95;83218;84276;-;276.9	219;195247;196662;+;194.1	218;194211;195257;+;174.3	111;102855;105536;-;168.0	220;196671;200624;+;101.6	115;107866;109221;-;80.7	111;102855;105536;-;72.2	118;110945;111733;-;74.8	97;84418;85929;-;62.0	94;80011;83199;-;57.3	211;185085;187169;-;56.8	112;105545;106495;-;46.1	211;185085;187169;-;38.8	A	9/9	split_2	116660	1	1	200805..202094+;429;unnamed;0
NZ_MN746290.1	MPF_T	IncI2	77	0	0	GA	1	38;32041;32523;-;81.1		53;48119;48403;-;36.6	52;45756;48113;-;58.5	52;45756;48113;-;44.9	65;54540;55184;-;41.2	66;55190;56185;-;123.7		50;44856;45590;-;144.3	49;44089;44859;-;170.5	48;42960;44099;-;154.7	41;34291;35829;-;207.1	46;39912;41870;-;289.6		pfam	pfam_only	A	7/7	rearranged	1	0	unscoreable	17	0	0														not_admitted	not_admitted	not_admitted	not_admitted	not_admitted	not_admitted	not_admitted
NZ_MN746291.1	MPF_T	IncI2	77	0	0	GA	1	38;32049;32531;-;81.1		53;48127;48411;-;36.6	52;45764;48121;-;58.5	52;45764;48121;-;42.8	65;53864;54505;-;42.8	66;54511;55506;-;128.5		50;44864;45598;-;144.3	49;44097;44867;-;170.5	48;42968;44107;-;154.7	41;34299;35837;-;207.1	46;39920;41878;-;289.6		pfam	pfam_only	A	7/7	rearranged	1	0	unscoreable	17	1	0														not_admitted	not_admitted	not_admitted	not_admitted	not_admitted	not_admitted	not_admitted
NZ_MN746292.1	MPF_T	IncI2(Delta)	75	0	0	GA	1	39;34261;34743;-;81.1		54;50350;50634;-;36.6	53;47987;50344;-;58.5	53;47987;50344;-;44.9	63;55446;56090;-;41.0	64;56096;57091;-;123.9		51;47087;47821;-;144.3	50;46320;47090;-;170.5	49;45191;46330;-;154.7	42;36522;38060;-;207.1	47;42143;44101;-;289.6		pfam	pfam_only	A	7/7	rearranged	1	0	unscoreable	14	0	0														not_admitted	not_admitted	not_admitted	not_admitted	not_admitted	not_admitted	not_admitted
NZ_MN783743.1	MPF_F	IncA	223	0	0	GA	0															not_admitted	not_admitted	not_admitted	not_admitted	not_admitted	not_admitted	not_admitted	not_admitted	not_admitted	not_admitted	1	139;112864;113868;+;330.1	58;48021;49454;+;336.4	57;46979;48019;+;223.9	134;107659;110106;+;352.8	59;49467;53072;+;377.7	129;98832;100148;+;136.3	134;107659;110106;+;130.4	127;97308;97934;+;93.9	137;110928;112196;+;69.6	140;114019;116757;+;138.7	118;91653;93518;+;46.9	130;100145;100723;+;98.1	118;91653;93518;+;51.6	A	9/9	split_2	67040	0	1	
NZ_MN783744.1	MPF_F	IncA	200	0	0	GA	0															not_admitted	not_admitted	not_admitted	not_admitted	not_admitted	not_admitted	not_admitted	not_admitted	not_admitted	not_admitted	1	127;101607;102611;+;330.1	46;36764;38197;+;336.4	45;35722;36762;+;223.9	122;96402;98849;+;352.8	47;38210;41815;+;377.7	117;87575;88891;+;136.3	122;96402;98849;+;130.4	115;86051;86677;+;93.9	125;99671;100939;+;69.6	128;102762;105500;+;138.7	106;80396;82261;+;46.9	118;88888;89466;+;98.1	106;80396;82261;+;51.6	A	9/9	split_2	67040	0	1	
NZ_MN783745.1	MPF_F	IncFIB(AP001918);IncFII(pSE11)	132	0	0	GA	0															not_admitted	not_admitted	not_admitted	not_admitted	not_admitted	not_admitted	not_admitted	not_admitted	not_admitted	not_admitted	1	101;87723;88715;+;369.5	113;94769;96142;+;381.2	106;91821;92564;+;234.4	98;84084;86714;+;297.8	114;96139;98964;+;372.3	90;79615;81042;+;93.9	98;84084;86714;+;98.7	88;78334;78900;+;174.3	103;89059;89697;+;68.5	104;89694;91544;+;266.9	118;101206;103458;+;391.7	93;81926;82441;+;78.4	118;101206;103458;+;70.3	A	9/9	contiguous	22872	1	1	98961..99470+;169;unnamed;0
NZ_MN792919.1	MPF_T	ColKP3;IncX3	66	0	0	GA	1	29;22462;23106;+;46.4	30;23090;23380;+;73.1	31;23405;26158;+;47.0	31;23405;26158;+;142.4	31;23405;26158;+;73.3	32;26168;26938;+;60.1	34;27217;28272;+;132.8		35;28467;29195;+;119.4	36;29201;30130;+;138.8	37;30127;31341;+;128.3	39;31537;32571;+;65.7	40;32574;34409;+;495.9		pfam	pfam_only	A	7/7	canonical	1	1	unscoreable	2	0	0														not_admitted	not_admitted	not_admitted	not_admitted	not_admitted	not_admitted	not_admitted
NZ_MN807689.1	MPF_F	IncFIB(AP001918);IncFIC(FII)	155	0	0	GA	0															not_admitted	not_admitted	not_admitted	not_admitted	not_admitted	not_admitted	not_admitted	not_admitted	not_admitted	not_admitted	1	91;88369;89361;-;369.3	80;81310;82683;-;378.0	87;84897;85640;-;234.1	94;90370;92997;-;305.4	79;78491;81313;-;389.5	101;95052;96479;-;94.3	94;90370;92997;-;98.5	103;97194;97760;-;183.8	90;87722;88360;-;68.4	89;85917;87725;-;268.4	76;74809;76962;-;391.9	97;93513;94028;-;78.4	76;74809;76962;-;70.4	A	9/9	contiguous	22385	1	1	77978..78469-;163;TraS;0
NZ_MN816370.1	MPF_F	IncHI2;IncHI2A	259	0	0	GA	0															not_admitted	not_admitted	not_admitted	not_admitted	not_admitted	not_admitted	not_admitted	not_admitted	not_admitted	not_admitted	1	243;216702;217760;-;276.9	101;87703;89118;+;194.1	100;86667;87713;+;174.3	3;5501;6808;-;129.6	102;89127;93080;+;101.7	10;9487;10680;-;61.6		13;12404;13192;-;74.8	245;217902;219413;-;62.0	242;213495;216683;-;57.3	93;77541;79625;-;56.8	5;7008;7610;-;40.5	93;77541;79625;-;38.8	A	9/9	split_3	212401	1	1	93261..94550+;429;unnamed;0
NZ_MN816372.1	MPF_F	IncFIB(AP001918);IncFIC(FII)	126	0	0	GA	0															not_admitted	not_admitted	not_admitted	not_admitted	not_admitted	not_admitted	not_admitted	not_admitted	not_admitted	not_admitted	1	78;77892;78884;-;369.3	67;70833;72206;-;378.0	74;74420;75163;-;233.1	81;79893;82520;-;305.4	66;68014;70836;-;389.5		81;79893;82520;-;98.5		77;77245;77883;-;68.4	76;75440;77248;-;268.4	63;64332;66485;-;391.9		63;64332;66485;-;70.4	C	7/9	contiguous	15561	1	1	67501..67992-;163;TraS;0
NZ_MN822124.1	MPF_F	IncFIA;IncFII	126	0	0	GA	0															not_admitted	not_admitted	not_admitted	not_admitted	not_admitted	not_admitted	not_admitted	not_admitted	not_admitted	not_admitted	1	47;41735;42727;+;371.6	56;47789;49162;+;380.7	51;45456;46199;+;233.3	44;38099;40726;+;303.5	57;49159;51978;+;386.2	38;34513;35940;+;91.9	44;38099;40726;+;99.0	36;33232;33798;+;182.9	48;42736;43374;+;64.9	49;43371;45179;+;268.2	60;53510;55780;+;391.6	43;37068;37583;+;76.4	60;53510;55780;+;70.3	A	9/9	contiguous	20278	1	1	52003..52494+;163;TraS;0
NZ_MN822125.1	MPF_F	IncFII(pHN7A8)	86	0	0	GA	0															not_admitted	not_admitted	not_admitted	not_admitted	not_admitted	not_admitted	not_admitted	not_admitted	not_admitted	not_admitted	1	34;31344;32336;-;369.5	21;23138;24511;-;376.8	26;26077;26820;-;234.4	37;33345;35972;-;301.8	20;20325;23141;-;376.7	42;38027;39454;-;94.1	37;33345;35972;-;101.8	44;40169;40735;-;183.8	31;29760;30398;-;70.4	28;27097;28947;-;265.0	16;15772;18024;-;391.7	38;36488;37003;-;78.0	16;15772;18024;-;70.3	A	9/9	contiguous	24397	1	1	19771..20292-;173;unnamed;0
NZ_MN823984.1	MPF_F	IncFII(pBK30683);IncR	125	0	0	GA	0															not_admitted	not_admitted	not_admitted	not_admitted	not_admitted	not_admitted	not_admitted	not_admitted	not_admitted	not_admitted	1	22;16054;17043;+;366.0	32;22590;23957;+;384.0	28;20580;21332;+;233.7	18;11958;14597;+;258.5	33;23957;26806;+;346.4	12;7704;9128;+;89.2	18;11958;14597;+;88.7	10;6411;6977;+;169.3	23;17056;17694;+;67.0	24;17753;19708;+;259.7	37;29270;31582;+;390.0	13;9201;9785;+;54.5	37;29270;31582;+;64.0	A	9/9	contiguous	22859	1	1	26809..27342+;177;unnamed;0
NZ_MN823985.1	MPF_F	IncFII(pBK30683);IncR	127	0	0	GA	0															not_admitted	not_admitted	not_admitted	not_admitted	not_admitted	not_admitted	not_admitted	not_admitted	not_admitted	not_admitted	1	103;91058;92047;-;366.0	93;84144;85511;-;384.0	97;86769;87521;-;233.7	107;93504;96143;-;258.5	92;81295;84144;-;346.4	113;98973;100397;-;89.2	107;93504;96143;-;88.7	115;101124;101690;-;169.3	102;90407;91045;-;67.0	101;88393;90348;-;259.7	88;76519;78831;-;390.0	112;98316;98900;-;54.5	88;76519;78831;-;64.0	A	9/9	contiguous	24605	1	1	80759..81292-;177;unnamed;0
NZ_MN823986.1	MPF_F	IncFII(pBK30683);IncR	125	0	0	GA	0															not_admitted	not_admitted	not_admitted	not_admitted	not_admitted	not_admitted	not_admitted	not_admitted	not_admitted	not_admitted	1	23;16526;17515;+;366.0	33;23062;24429;+;384.0	29;21052;21804;+;233.7	19;12430;15069;+;258.5	34;24429;27278;+;346.4	13;8176;9600;+;89.2	19;12430;15069;+;88.7	11;6883;7449;+;169.3	24;17528;18166;+;67.0	25;18225;20180;+;259.7	38;29742;32054;+;390.0	14;9673;10257;+;54.5	38;29742;32054;+;64.0	A	9/9	contiguous	22859	1	1	27281..27814+;177;unnamed;0
NZ_MN823987.1	MPF_F	IncC;IncFIA;IncFII	268	0	0	GA	0															not_admitted	not_admitted	not_admitted	not_admitted	not_admitted	not_admitted	not_admitted	not_admitted	not_admitted	not_admitted	1	117;89186;90193;-;332.9	53;36556;37989;-;339.2	54;37991;39019;-;221.7	122;92945;95392;-;354.5	52;32929;36543;-;374.5	127;102948;104264;-;135.0	122;92945;95392;-;128.3	129;105162;105788;-;92.7	119;90858;92123;-;67.9	116;86272;89070;-;145.3	138;109598;111463;-;47.3	126;102373;102951;-;100.2	138;109598;111463;-;52.0	A	9/9	split_2	76669	0	1	
NZ_MN823988.1	MPF_F	IncFIB(AP001918);IncFIC(FII)	193	0	0	GA	0															not_admitted	not_admitted	not_admitted	not_admitted	not_admitted	not_admitted	not_admitted	not_admitted	not_admitted	not_admitted	1	176;165885;166877;-;369.3	165;158826;160199;-;378.0	172;162413;163156;-;234.1	179;167886;170513;-;305.4	164;156007;158829;-;389.5	185;172568;173995;-;94.3	179;167886;170513;-;98.5	187;174710;175276;-;183.8	175;165238;165876;-;68.4	174;163433;165241;-;268.4	161;152325;154478;-;391.9	181;171029;171544;-;78.4	161;152325;154478;-;70.4	A	9/9	contiguous	22385	1	1	155494..155985-;163;TraS;0
NZ_MN823989.1	MPF_F	Col156;IncFIB(AP001918);IncFII(pHN7A8)	171	0	0	GA	0															not_admitted	not_admitted	not_admitted	not_admitted	not_admitted	not_admitted	not_admitted	not_admitted	not_admitted	not_admitted	1	154;133603;134595;-;369.5	142;126176;127549;-;381.7	149;129754;130497;-;233.1	157;135604;138234;-;305.0	141;123357;126179;-;388.5	165;141365;142792;-;94.1	157;135604;138234;-;99.5	167;143507;144073;-;183.1	152;132621;133259;-;68.6	151;130774;132624;-;271.9	133;116404;118545;-;391.3	161;139721;140236;-;77.7	133;116404;118545;-;72.8	A	9/9	contiguous	27103	1	1	122856..123335-;159;TraS;0
NZ_MN823991.1	MPF_F	IncFII(pHN7A8);IncN	110	0	0	GA	0															not_admitted	not_admitted	not_admitted	not_admitted	not_admitted	not_admitted	not_admitted	not_admitted	not_admitted	not_admitted	1	83;67555;68547;+;369.5	96;75380;76753;+;376.8	91;73071;73814;+;234.4	80;63919;66546;+;301.8	97;76750;79566;+;376.7	75;60437;61864;+;94.3	80;63919;66546;+;101.8	73;59156;59722;+;184.4	86;69493;70131;+;70.4	89;70944;72794;+;265.0	101;81867;84056;+;391.8	79;62888;63403;+;78.0	101;81867;84056;+;70.3	A	9/9	contiguous	22711	1	1	79599..80120+;173;unnamed;0
NZ_MN823993.1	MPF_F	IncFII(pSE11)	83	0	0	GA	0															not_admitted	not_admitted	not_admitted	not_admitted	not_admitted	not_admitted	not_admitted	not_admitted	not_admitted	not_admitted	1	55;43314;44306;+;369.5	67;50360;51733;+;381.7	60;47412;48155;+;234.4	52;39675;42305;+;297.8	68;51730;54555;+;374.0	45;35206;36633;+;93.9	52;39675;42305;+;98.7	43;33925;34491;+;174.3	57;44650;45288;+;68.5	58;45285;47135;+;266.9	72;56797;59022;+;391.7	48;37517;38032;+;78.4	72;56797;59022;+;70.3	A	9/9	contiguous	22872	1	1	54552..55061+;169;unnamed;0
NZ_MN823994.1	MPF_T	IncFII(pCTU2)	37	0	0	GA	1	28;21133;21843;-;45.1	27;20858;21136;-;67.9	26;18101;20845;-;47.4	26;18101;20845;-;143.2	26;18101;20845;-;44.2	25;17378;18085;-;133.3	23;16051;17124;-;164.5		21;15159;15842;-;190.9	20;14254;15159;-;151.7	19;12913;14211;-;140.4	18;11891;12916;-;69.0	13;8167;9903;-;48.2		pfam	pfam_only	A	7/7	canonical	1	1	unscoreable	6	0	0														not_admitted	not_admitted	not_admitted	not_admitted	not_admitted	not_admitted	not_admitted
NZ_MN823997.1	MPF_F	IncFIB(K);IncFII(K);IncQ1	215	0	0	GA	0															not_admitted	not_admitted	not_admitted	not_admitted	not_admitted	not_admitted	not_admitted	not_admitted	not_admitted	not_admitted	1	191;167313;168305;+;366.6	201;173756;175126;+;381.2	197;171802;172554;+;232.4	188;163648;166287;+;258.7	202;175126;177975;+;344.2	179;158409;159833;+;89.2	188;163648;166287;+;88.8	177;157116;157682;+;167.0	192;168318;168956;+;67.0	193;168953;170959;+;259.0	206;179789;182098;+;393.2	181;160445;161014;+;49.7	206;179789;182098;+;65.8	A	9/9	contiguous	22673	1	1	177978..178508+;176;unnamed;0
NZ_MN823998.1	MPF_F	IncFIB(K);IncFII(K)	187	0	0	GA	0															not_admitted	not_admitted	not_admitted	not_admitted	not_admitted	not_admitted	not_admitted	not_admitted	not_admitted	not_admitted	1	55;41185;42177;+;366.6	65;47628;48998;+;381.2	61;45674;46426;+;232.4	52;37520;40159;+;258.7	68;50576;53221;+;300.0	43;32281;33705;+;89.2	52;37520;40159;+;88.8	41;30988;31554;+;167.0	56;42190;42828;+;67.0	57;42825;44831;+;259.0	72;55035;57344;+;393.2	45;34317;34886;+;49.7	72;55035;57344;+;65.8	A	9/9	contiguous	24047	1	1	53224..53754+;176;unnamed;0
NZ_MN823999.1	MPF_F	IncFIB(K);IncFII(K)	197	0	0	GA	0															not_admitted	not_admitted	not_admitted	not_admitted	not_admitted	not_admitted	not_admitted	not_admitted	not_admitted	not_admitted	1	141;122981;123973;+;366.6	151;129424;130794;+;381.2	147;127470;128222;+;232.4	138;119316;121955;+;258.7	152;130794;133643;+;344.2	129;114077;115501;+;89.2	138;119316;121955;+;88.8	127;112784;113350;+;167.0	142;123986;124624;+;67.0	143;124621;126627;+;259.0	156;135457;137766;+;393.2	131;116113;116682;+;49.7	156;135457;137766;+;65.8	A	9/9	contiguous	22673	1	1	133646..134176+;176;unnamed;0
NZ_MN824000.1	MPF_F	IncFIB(K);IncFII(K)	193	0	0	GA	0															not_admitted	not_admitted	not_admitted	not_admitted	not_admitted	not_admitted	not_admitted	not_admitted	not_admitted	not_admitted	1	172;171221;172210;-;366.6	162;164307;165674;-;384.0	166;166932;167684;-;233.7	176;173667;176306;-;258.5	161;161485;164307;-;346.4	183;179133;180557;-;89.3	176;173667;176306;-;88.7	185;181284;181850;-;169.2	171;170570;171208;-;66.9	170;168556;170511;-;259.4	157;156560;158869;-;393.1	182;178477;179061;-;54.7	157;156560;158869;-;66.6	A	9/9	contiguous	24724	1	1	160860..161462-;200;TraS;0
NZ_MN824002.1	MPF_F	IncFIB(K);IncFII(K);IncFII(pAR0022)	229	0	0	GA	0															not_admitted	not_admitted	not_admitted	not_admitted	not_admitted	not_admitted	not_admitted	not_admitted	not_admitted	not_admitted	1	194;188962;189951;+;363.3	205;195770;197137;+;384.1	201;193760;194512;+;233.7	190;184866;187505;+;259.0	206;197137;199959;+;346.4	180;179474;180898;+;89.5	190;184866;187505;+;88.7	178;178181;178747;+;167.0	196;190227;190874;+;65.9	197;190933;192888;+;259.4	210;202576;204888;+;393.1	182;181510;182094;+;53.8	210;202576;204888;+;66.6	A	9/9	contiguous	24395	1	1	199982..200584+;200;TraS;0
NZ_MN832595.1	MPF_F	IncFII(K);repB(R1701)	136	0	0	GA	0															not_admitted	not_admitted	not_admitted	not_admitted	not_admitted	not_admitted	not_admitted	not_admitted	not_admitted	not_admitted	1	76;76722;77714;-;366.6	66;69808;71175;-;384.6	70;72433;73185;-;233.7	79;78740;81379;-;258.5	65;66965;69808;-;347.0	87;85638;87062;-;89.2	79;78740;81379;-;88.2	89;87789;88355;-;168.1	75;76071;76709;-;66.9	74;74057;76012;-;259.7	61;62069;64381;-;393.2	86;84940;85524;-;53.6	61;62069;64381;-;65.8	A	9/9	contiguous	25720	1	1	66430..66954-;174;unnamed;0
NZ_MN842291.1	MPF_F	IncFII(pAR0022);IncFII(pSFO);IncQ1;repB(R1701)	180	0	0	GA	0															not_admitted	not_admitted	not_admitted	not_admitted	not_admitted	not_admitted	not_admitted	not_admitted	not_admitted	not_admitted	1	120;98051;99040;-;369.1	109;90072;91439;-;384.6	114;93762;94514;-;233.7	125;101254;103134;-;259.6	108;87223;90072;-;346.4	133;107013;107735;-;74.4	125;101254;103134;-;44.9	136;109174;109740;-;169.3	119;97400;98038;-;66.9	118;95386;97341;-;257.8	104;82450;84762;-;397.0	132;106739;106954;-;22.1	104;82450;84762;-;68.5	A	9/9	contiguous	26724	1	1	86603..87220-;205;unnamed;0
NZ_MN842293.1	MPF_F	IncFIB(K);IncFII(K)	199	0	0	GA	0															not_admitted	not_admitted	not_admitted	not_admitted	not_admitted	not_admitted	not_admitted	not_admitted	not_admitted	not_admitted	1	142;141340;142332;-;366.6	132;134519;135889;-;381.2	136;137091;137843;-;232.4	145;143358;145997;-;258.7	131;131670;134519;-;344.2	154;149812;151236;-;89.2	145;143358;145997;-;88.8	156;151963;152529;-;167.0	141;140689;141327;-;67.0	140;138686;140692;-;259.0	127;127547;129856;-;393.2	152;148649;149200;-;49.8	127;127547;129856;-;65.8	A	9/9	contiguous	24416	1	1	131137..131667-;176;unnamed;0
NZ_MN842294.1	MPF_F	repE(pEh60-7)	128	0	0	GA	0															not_admitted	not_admitted	not_admitted	not_admitted	not_admitted	not_admitted	not_admitted	not_admitted	not_admitted	not_admitted	1	56;42571;43572;+;361.9	63;47995;49359;+;354.8	59;46052;46834;+;215.4	50;37761;40361;+;228.8	64;49359;53927;+;285.6	45;34409;35812;+;93.8	50;37761;40361;+;101.9	43;33076;33660;+;107.3	57;43582;44199;+;50.0	58;44196;46055;+;208.0	67;55600;58215;+;368.3	49;37201;37764;+;40.9	67;55600;58215;+;70.0	A	9/9	contiguous	22524	1	1	53928..54485+;185;unnamed;0
NZ_MN842295.1	MPF_F	IncFII(pHN7A8);IncR	216	0	0	GA	0															not_admitted	not_admitted	not_admitted	not_admitted	not_admitted	not_admitted	not_admitted	not_admitted	not_admitted	not_admitted	1	157;120555;121547;+;369.5	171;128381;129754;+;376.8	166;126510;126815;+;109.5	154;116919;119546;+;301.8	172;129751;132567;+;376.7	149;113437;114864;+;94.1	154;116919;119546;+;101.8	147;112156;112722;+;183.8	160;122493;123131;+;70.4	163;123944;125794;+;265.0	176;134868;137084;+;391.7	153;115888;116403;+;77.6	176;134868;137084;+;70.3	A	9/9	contiguous	22712	1	1	132600..133121+;173;unnamed;0
NZ_MN865121.1	MPF_T	IncX3	58	0	0	GA	1	37;33153;33797;-;46.4	36;32879;33169;-;67.5	35;30101;32854;-;47.0	35;30101;32854;-;142.4	35;30101;32854;-;73.3	34;29321;30091;-;60.1	32;27987;29042;-;133.2		31;27064;27792;-;119.4	30;26129;27058;-;138.8	29;24918;26132;-;128.3	27;23688;24722;-;65.7	26;21850;23685;-;495.9		pfam	pfam_only	A	7/7	canonical	1	1	unscoreable	2	0	0														not_admitted	not_admitted	not_admitted	not_admitted	not_admitted	not_admitted	not_admitted
NZ_MN865122.1	MPF_F	IncFII(pHN7A8)	106	0	0	GA	0															not_admitted	not_admitted	not_admitted	not_admitted	not_admitted	not_admitted	not_admitted	not_admitted	not_admitted	not_admitted	1	30;28667;29659;-;369.5	17;20461;21834;-;376.8	22;23400;24143;-;234.4	33;30668;33295;-;301.8	16;17648;20464;-;376.7	39;36416;37843;-;94.1	33;30668;33295;-;101.8	41;38558;39124;-;183.8	27;27083;27721;-;70.4	24;24420;26270;-;265.0	12;13113;15347;-;391.7	35;34994;35392;-;29.5	12;13113;15347;-;70.3	A	9/9	contiguous	25445	1	1	17094..17615-;173;unnamed;0
NZ_MN865127.1	MPF_F	-	241	0	0	GA	0															not_admitted	not_admitted	not_admitted	not_admitted	not_admitted	not_admitted	not_admitted	not_admitted	not_admitted	not_admitted	1	86;78461;79468;+;329.4	229;224159;225598;+;325.0	228;223123;224157;+;206.0	81;73232;75682;+;315.0	230;225605;229246;+;345.7	75;63992;65341;+;124.9	81;73232;75682;+;134.6	73;62419;63048;+;86.9	84;76495;77763;+;65.4	87;79664;82444;+;142.3	66;56112;57980;+;44.9	76;65341;65889;+;85.0	66;56112;57980;+;48.3	A	9/9	split_2	169493	0	1	
NZ_MN868653.1	MPF_F	IncFIA(HI1);IncHI1A;IncHI1B(R27);IncX1	399	0	0	GA	0															not_admitted	not_admitted	not_admitted	not_admitted	not_admitted	not_admitted	not_admitted	not_admitted	not_admitted	not_admitted	1	55;32095;32409;+;85.7	286;152433;152645;-;48.7		18;9959;10675;+;79.2								16;8837;9433;+;38.2		D	4/9	split_3	143596	0	0	
NZ_MN868655.1	MPF_F	IncFIA(HI1);IncFII(pHN7A8);IncHI1A;IncHI1B(R27);IncX1	362	0	0	GA	0															not_admitted	not_admitted	not_admitted	not_admitted	not_admitted	not_admitted	not_admitted	not_admitted	not_admitted	not_admitted	1	175;149312;150304;+;369.5	188;157137;158510;+;376.8	183;154828;155571;+;234.4	172;145676;148303;+;301.8	189;158507;161323;+;376.7	165;142194;143621;+;94.1	172;145676;148303;+;100.7	163;140913;141479;+;183.8	178;151250;151888;+;70.4	181;152701;154551;+;265.0	193;163624;165849;+;391.7	169;144645;145160;+;78.0	193;163624;165849;+;70.3	A	9/9	contiguous	22711	1	1	161356..161877+;173;unnamed;0
NZ_MN891675.1	MPF_F	IncFIB(K);IncFII(K)	219	0	0	GA	0															not_admitted	not_admitted	not_admitted	not_admitted	not_admitted	not_admitted	not_admitted	not_admitted	not_admitted	not_admitted	1	64;64283;65272;-;363.3	53;57097;58464;-;383.5	57;59722;60474;-;233.7	68;66729;69368;-;259.0	52;54275;57097;-;346.5	79;73336;74760;-;88.0	68;66729;69368;-;88.7	81;75487;76053;-;167.9	62;63360;64007;-;66.9	61;61346;63301;-;259.7	48;49345;51657;-;392.8	76;72140;72724;-;53.8	48;49345;51657;-;65.9	A	9/9	contiguous	26142	1	1	53650..54252-;200;TraS;0
NZ_MN891676.1	MPF_T	IncN;IncU	86	0	0	GA	1	27;21271;22005;-;32.5		24;20311;20628;-;63.3	23;17711;20311;-;113.8	23;17711;20311;-;76.4	22;16980;17693;-;105.5	20;15689;16729;-;142.4		19;14772;15470;-;131.9	18;13877;14761;-;159.7	17;12717;13877;-;156.3	16;11680;12675;-;81.2	66;48048;49577;+;38.5		pfam	both	A	7/7	canonical	1	0	unscoreable	3	0	0														not_admitted	not_admitted	not_admitted	not_admitted	not_admitted	not_admitted	not_admitted
NZ_MN891677.1	MPF_F	IncFII(Yp);repB(R1701)	158	0	0	GA	0															not_admitted	not_admitted	not_admitted	not_admitted	not_admitted	not_admitted	not_admitted	not_admitted	not_admitted	not_admitted	1	143;128853;129845;+;372.3	154;135879;137249;+;383.1	151;134358;135110;+;222.2	140;125188;127827;+;254.8	155;137249;140128;+;333.2	132;120576;121997;+;86.6	140;125188;127827;+;88.2	130;119289;119855;+;159.4	144;129858;130505;+;68.8	146;130882;132837;+;253.1	1;662;2980;+;390.7	134;122458;123042;+;55.9	1;662;2980;+;66.8	A	9/9	split_2	136587	1	1	140145..140813+;222;unnamed;0
NZ_MN891678.1	MPF_F	IncFII(Yp);IncFII(pAR0022);IncQ1;repB(R1701)	170	0	0	GA	0															not_admitted	not_admitted	not_admitted	not_admitted	not_admitted	not_admitted	not_admitted	not_admitted	not_admitted	not_admitted	1	72;55342;56331;-;366.6	61;47361;48728;-;384.0	66;51053;51805;-;233.7	76;57788;60427;-;258.5	60;44512;47361;-;346.4	83;63254;64678;-;89.3	76;57788;60427;-;88.7	85;65405;65971;-;169.3	71;54691;55329;-;66.9	70;52677;54632;-;259.4		82;62598;63182;-;54.7		A	9/9	contiguous	20893	1	1	43976..44509-;177;unnamed;0
NZ_MN891679.1	MPF_F	IncFII(Yp);repB(R1701)	158	0	0	GA	0															not_admitted	not_admitted	not_admitted	not_admitted	not_admitted	not_admitted	not_admitted	not_admitted	not_admitted	not_admitted	1	96;96112;97104;-;372.3	85;88708;90078;-;383.1	88;90847;91599;-;222.2	99;98130;100769;-;254.8	84;85829;88708;-;333.2	107;103960;105381;-;86.6	99;98130;100769;-;88.2	109;106102;106668;-;159.4	95;95452;96099;-;68.8	93;93120;95075;-;253.1	80;80733;83051;-;390.7	105;102915;103499;-;55.9	80;80733;83051;-;66.8	A	9/9	contiguous	25369	1	1	85144..85812-;222;unnamed;0
NZ_MN891681.1	MPF_F	IncFII(pHN7A8);repB(R1701)	160	0	0	GA	0															not_admitted	not_admitted	not_admitted	not_admitted	not_admitted	not_admitted	not_admitted	not_admitted	not_admitted	not_admitted	1	156;111734;112726;-;369.5			159;113735;115729;-;161.3		5;2673;4100;-;94.1	159;113735;115729;-;102.7	7;4815;5381;-;183.8			159;113735;115729;-;21.8	1;1134;1649;-;77.6		D	4/9	split_2	112601	0	0	
NZ_MN891682.1	MPF_F	IncFII(pHN7A8);IncN	167	1	1	GA	1	83;70975;71622;+;77.3		135;115351;115668;-;63.3	134;112751;115351;-;113.8	134;112751;115351;-;76.4	133;112020;112733;-;105.5	131;110729;111769;-;142.4		130;109812;110510;-;131.9	129;108917;109801;-;159.7	128;107757;108917;-;156.3	127;106720;107715;-;81.2	48;43415;45658;-;31.5	60;54731;56581;-;265.0	pfam	both	A	7/7	canonical	1	0	unscoreable	35	0	1	66;58978;59970;-;369.5	53;50772;52145;-;376.8	58;53711;54454;-;234.4	69;60979;63606;-;305.4	52;47959;50775;-;376.7	128;107757;108917;-;156.3	69;60979;63606;-;98.5	77;67803;68369;-;183.8	63;57394;58032;-;70.4	60;54731;56581;-;265.0	48;43415;45658;-;391.7	71;64122;64637;-;78.4	48;43415;45658;-;70.3	A	9/9	split_2	64342	1	1	47405..47926-;173;unnamed;0
NZ_MN891683.1	MPF_F	IncFII(K);repB(R1701)	145	0	0	GA	0															not_admitted	not_admitted	not_admitted	not_admitted	not_admitted	not_admitted	not_admitted	not_admitted	not_admitted	not_admitted	1	83;58575;59564;+;366.6	93;65111;66478;+;384.0	89;63101;63853;+;233.7	79;54479;57118;+;258.5	94;66478;69327;+;346.4	72;50228;51652;+;89.3	79;54479;57118;+;88.7	70;48935;49501;+;169.3	84;59577;60215;+;66.9	85;60274;62229;+;259.4	98;71789;74101;+;393.1	73;51724;52308;+;54.7	98;71789;74101;+;66.6	A	9/9	contiguous	22854	1	1	69330..69863+;177;unnamed;0
NZ_MN904741.1	MPF_T	-	55	0	0	GA	1	2;1619;2257;+;46.6	3;2244;2531;+;64.7	4;2550;5309;+;42.1	4;2550;5309;+;133.2	4;2550;5309;+;61.7	5;5366;6067;+;52.1	7;6346;7422;+;127.7		9;7549;8289;+;144.2	10;8294;9214;+;142.8	11;9211;10722;+;138.3	12;10724;11785;+;75.0	13;11787;13754;+;426.3		pfam	pfam_only	A	7/7	canonical	1	1	unscoreable	2	0	0														not_admitted	not_admitted	not_admitted	not_admitted	not_admitted	not_admitted	not_admitted
NZ_MN915010.1	MPF_I	IncHI2;IncHI2A;IncI1-I(Alpha)	414	0	0	GA	0															not_admitted	not_admitted	not_admitted	not_admitted	not_admitted	not_admitted	not_admitted	not_admitted	not_admitted	not_admitted	1	374;320596;321654;-;276.9	68;57006;58421;+;194.1	67;55970;57016;+;174.3	390;341225;343906;-;168.0	69;58430;62383;+;102.6	394;346236;347591;-;80.7	390;341225;343906;-;72.2	397;349315;350103;-;74.8	376;321796;323307;-;61.8	373;317389;320577;-;57.3	60;46846;48930;-;56.8	391;343915;344865;-;46.1	60;46846;48930;-;38.8	A	9/9	split_2	302469	1	1	62564..63853+;429;unnamed;0
NZ_MN915011.1	MPF_F	IncHI2;IncHI2A	290	0	0	GA	0															not_admitted	not_admitted	not_admitted	not_admitted	not_admitted	not_admitted	not_admitted	not_admitted	not_admitted	not_admitted	1	250;221102;222160;-;276.9	68;57008;58423;+;194.1	67;55972;57018;+;174.3	266;241732;244413;-;168.0	69;58432;62385;+;102.6	270;246743;248098;-;80.7	266;241732;244413;-;72.2	273;249822;250610;-;74.8	252;222302;223813;-;61.8	249;217895;221083;-;57.3	60;46846;48930;-;56.8	267;244422;245372;-;46.1	60;46846;48930;-;38.8	A	9/9	split_2	202976	1	1	62566..63855+;429;unnamed;0
NZ_MN922301.1	MPF_F	IncFIB(K);IncFII(K)	300	0	0	GA	0															not_admitted	not_admitted	not_admitted	not_admitted	not_admitted	not_admitted	not_admitted	not_admitted	not_admitted	not_admitted	1	191;187357;188349;-;366.6	181;180536;181906;-;381.2	185;183108;183860;-;232.4	194;189375;192014;-;258.7	180;177687;180536;-;344.2	203;195829;197253;-;89.2	194;189375;192014;-;88.8	205;197980;198546;-;167.0	190;186706;187344;-;67.0	189;184703;186709;-;259.0	176;173564;175873;-;393.2	201;194648;195217;-;49.7	176;173564;175873;-;65.8	A	9/9	contiguous	24416	1	1	177154..177684-;176;unnamed;0
NZ_MN937240.1	MPF_T	IncX3	70	0	0	GA	1	66;52994;53638;+;46.4	67;53622;53912;+;73.1		0;25;2655;+;142.5	0;25;2655;+;73.4	1;2665;3435;+;60.1	3;3714;4769;+;133.2		4;4964;5692;+;119.4	5;5698;6627;+;138.8	6;6624;7838;+;128.3	8;8034;9068;+;65.7	9;9071;10906;+;495.9		pfam	pfam_only	A	7/7	canonical	1	0	unscoreable	2	0	0														not_admitted	not_admitted	not_admitted	not_admitted	not_admitted	not_admitted	not_admitted
NZ_MN937241.1	MPF_F	IncHI2;IncHI2A	313	0	0	GA	0															not_admitted	not_admitted	not_admitted	not_admitted	not_admitted	not_admitted	not_admitted	not_admitted	not_admitted	not_admitted	1	29;32275;33333;+;276.9			11;8955;11636;+;168.0		7;5270;6625;+;80.7	11;8955;11636;+;72.2	4;2758;3546;+;74.8	27;30622;32133;+;62.7	30;33352;36540;+;58.3		10;7996;8946;+;46.4		C	6/9	split_2	30594	0	1	
NZ_MN961669.1	MPF_T	-	53	0	0	GA	1	37;29355;30227;-;23.4		35;28514;28804;-;58.5	34;25866;28514;-;103.9	34;25866;28514;-;87.7	33;25091;25864;-;102.3	31;23763;24827;-;123.8	30;23479;23670;-;48.3	29;22760;23482;-;127.3	28;21882;22760;-;148.7	27;20728;21885;-;162.5	26;19685;20716;-;80.7	23;14156;15694;+;47.8		pfam	both	A	7/7	canonical	1	0	ga	4	0	0														not_admitted	not_admitted	not_admitted	not_admitted	not_admitted	not_admitted	not_admitted
NZ_MN961673.1	MPF_T	-	85	0	0	GA	1	72;60663;61580;-;38.4	83;70501;70962;-;62.4	82;70196;70492;-;30.7	81;67525;70209;-;72.0	81;67525;70209;-;67.8	80;66836;67528;-;77.5	77;65360;66223;-;136.1		76;64686;65360;-;73.0	75;63873;64658;-;178.1	74;62608;63870;-;145.4	73;61564;62598;-;91.2	65;52422;53972;+;62.4		pfam	both	A	7/7	canonical	1	0	unscoreable	8	0	0														not_admitted	not_admitted	not_admitted	not_admitted	not_admitted	not_admitted	not_admitted
NZ_MN967025.1	MPF_T	IncN2	72	0	0	GA	1	64;57058;57840;-;33.3	62;56515;56811;-;36.0	61;56159;56476;-;71.9	60;53585;56158;-;118.0	60;53585;56158;-;74.2	59;52856;53569;-;107.4	57;51550;52587;-;119.6	56;51342;51473;-;40.1	55;50636;51331;-;132.6	54;49738;50625;-;147.8	53;48605;49738;-;166.3	52;47553;48554;-;90.1	20;12623;14155;+;51.8		pfam	both	A	7/7	canonical	1	0	ga	2	0	0														not_admitted	not_admitted	not_admitted	not_admitted	not_admitted	not_admitted	not_admitted
NZ_MT002974.1	MPF_T	-	48	0	0	GA	1	28;20184;20894;+;101.0	29;20905;21198;+;41.2		30;21210;23921;+;78.0	30;21210;23921;+;57.1	31;23918;24559;+;71.2	18;11264;12349;+;71.0		19;12349;13137;+;74.6	20;13152;13889;+;149.0	21;13891;15270;+;180.8	22;15286;16323;+;92.0	26;18403;19920;+;35.6		pfam	both	A	7/7	rearranged	1	0	unscoreable	3	0	0														not_admitted	not_admitted	not_admitted	not_admitted	not_admitted	not_admitted	not_admitted
NZ_MT010563.1	MPF_T	ColRNAI;IncN	67	0	0	GA	1	27;21530;22264;-;32.5	25;20937;21230;-;28.7	24;20570;20887;-;63.3	23;17970;20570;-;111.8	23;17970;20570;-;76.8	22;17239;17952;-;97.1	20;15948;16988;-;153.6		19;15031;15729;-;131.9	18;14136;15020;-;159.0	17;12976;14136;-;154.9		48;38735;40264;-;38.5		pfam	both	B	6/7	canonical	1	0	unscoreable	2	0	0														not_admitted	not_admitted	not_admitted	not_admitted	not_admitted	not_admitted	not_admitted
NZ_MT028409.1	MPF_T	IncX3	61	0	0	GA	1	48;42638;43282;-;46.4	47;42364;42654;-;73.1	46;39586;42339;-;47.0	46;39586;42339;-;145.4	46;39586;42339;-;73.3	45;38806;39576;-;60.1	43;37472;38527;-;133.2		42;36549;37277;-;119.4	41;35614;36543;-;138.8	40;34403;35617;-;128.3	38;33173;34207;-;65.7	37;31335;33170;-;495.9		pfam	pfam_only	A	7/7	canonical	1	1	unscoreable	2	0	0														not_admitted	not_admitted	not_admitted	not_admitted	not_admitted	not_admitted	not_admitted
NZ_MT039143.1	MPF_T	-	39	0	0	GA	1		2;2465;2773;+;67.6	3;2784;3101;+;84.6	4;3098;5548;+;144.0	4;3098;5548;+;84.6	5;5570;6214;+;97.0	7;6487;7500;+;161.4		9;7850;8608;+;142.7	10;8611;9432;+;197.9	11;9432;10619;+;184.7	12;10597;11634;+;83.2	13;11597;13525;+;404.0		pfam	both	A	7/7	canonical	1	0	unscoreable	2	0	0														not_admitted	not_admitted	not_admitted	not_admitted	not_admitted	not_admitted	not_admitted
NZ_MT039145.1	-	-	76	0	0	GA	1	37;25155;25799;+;47.2	38;25804;26088;+;50.1	39;26104;28854;+;44.6	39;26104;28854;+;130.8	39;26104;28854;+;56.7	40;28864;29580;+;128.6	42;29856;31028;+;143.6		43;31220;31921;+;156.0	44;31918;32847;+;139.6	45;32844;34178;+;138.7	46;34178;35209;+;80.4	47;35196;37022;+;393.6		pfam	pfam_only	A	7/7	canonical	1	1	unscoreable	1	0	0														not_admitted	not_admitted	not_admitted	not_admitted	not_admitted	not_admitted	not_admitted
NZ_MT039150.1	MPF_T	-	72	0	0	GA	1	35;26482;27159;+;31.1			65;46647;49121;+;58.0	65;46647;49121;+;51.9	66;49108;49782;+;82.8	57;40634;41689;-;103.5		68;50004;50807;+;126.0	69;50864;51613;+;167.6	70;51606;52829;+;159.8	71;52897;53970;+;84.2	0;1;2052;+;297.3		pfam	both	A	7/7	uncallable	0	0	unscoreable	11	0	0														not_admitted	not_admitted	not_admitted	not_admitted	not_admitted	not_admitted	not_admitted
NZ_MT039153.1	MPF_T	IncX5	74	0	0	GA	1	26;15591;16235;+;43.2	27;16219;16509;+;69.0	28;16531;19290;+;45.5	28;16531;19290;+;137.3	28;16531;19290;+;65.8	29;19301;20047;+;55.2	31;20326;21381;+;134.4		32;21621;22349;+;120.0	33;22354;23283;+;134.4	34;23280;24491;+;137.0	60;40473;41516;+;65.3	61;41519;43354;+;504.8		pfam	pfam_only	A	7/7	canonical	1	1	unscoreable	18	0	0														not_admitted	not_admitted	not_admitted	not_admitted	not_admitted	not_admitted	not_admitted
NZ_MT039154.1	MPF_T	IncX5	50	0	0	GA	1	9;4402;5046;+;43.2	10;5030;5320;+;69.0	11;5342;8101;+;45.5	11;5342;8101;+;137.3	11;5342;8101;+;65.8	12;8112;8858;+;55.2	14;9137;10192;+;134.4		15;10432;11160;+;120.0	16;11165;12094;+;134.4	17;12091;13302;+;137.0	18;13314;14357;+;65.3	19;14360;16195;+;504.8		pfam	pfam_only	A	7/7	canonical	1	1	unscoreable	1	0	0														not_admitted	not_admitted	not_admitted	not_admitted	not_admitted	not_admitted	not_admitted
NZ_MT039157.1	MPF_F	IncFII(Y);IncFII(pAR0022)	82	0	0	GA	0															not_admitted	not_admitted	not_admitted	not_admitted	not_admitted	not_admitted	not_admitted	not_admitted	not_admitted	not_admitted	1	23;17031;18029;+;355.6	29;22232;23593;+;339.7	27;20843;21619;+;197.0	20;13356;15947;+;221.9	30;23595;26444;+;285.9	15;10148;11509;+;74.4	20;13356;15947;+;87.2	13;8868;9431;+;145.5	25;18406;19023;+;80.0	26;19020;20846;+;248.0	33;27833;30001;+;366.0	19;12779;13345;+;48.2	33;27833;30001;+;61.8	A	9/9	contiguous	18965	1	1	26431..27039+;202;unnamed;0
NZ_MT039163.1	MPF_T	IncX3(pEC14)	49	0	0	GA	1	38;25233;25877;+;47.3	39;25861;26151;+;74.0	40;26176;28929;+;47.0	40;26176;28929;+;147.8	40;26176;28929;+;75.7	41;28940;29710;+;60.8	43;29989;31044;+;135.8		44;31239;31967;+;118.1	45;31973;32902;+;139.9	46;32899;34101;+;127.7	47;34113;35144;+;65.3	1;359;2194;+;493.1		pfam	pfam_only	A	7/7	canonical	1	1	unscoreable	1	0	0														not_admitted	not_admitted	not_admitted	not_admitted	not_admitted	not_admitted	not_admitted
NZ_MT039167.1	MPF_T	IncN2	56	0	0	GA	1	21;19009;19791;-;33.4	19;18466;18762;-;36.0	18;18109;18426;-;71.9	17;15535;18108;-;111.5	17;15535;18108;-;74.8	16;14809;15519;-;105.3	14;13508;14533;-;121.9	13;13300;13431;-;40.1	12;12594;13289;-;131.6	11;11696;12583;-;147.0	10;10566;11696;-;164.4	9;9514;10515;-;90.0	1;908;2440;+;45.1		pfam	both	A	7/7	canonical	1	0	ga	9	0	0														not_admitted	not_admitted	not_admitted	not_admitted	not_admitted	not_admitted	not_admitted
NZ_MT039168.1	-	pSM22	127	0	0	GA	0															not_admitted	not_admitted	not_admitted	not_admitted	not_admitted	not_admitted	not_admitted	not_admitted	not_admitted	not_admitted	1	65;66255;67256;-;363.5	57;59930;61303;-;350.9	62;63125;63907;-;212.5	71;69894;72503;-;215.0	56;57074;59926;-;234.1	77;74603;75937;-;85.0	71;69894;72503;-;87.3	79;76642;77217;-;76.9	64;65830;66255;-;62.1	63;63907;65748;-;229.9	51;52373;54484;-;356.1	72;72514;73053;-;35.2	51;52373;54484;-;60.3	A	9/9	contiguous	24269	1	1	56512..57090-;192;unnamed;0
NZ_MT039185.1	MPF_F	IncFII(Y);IncFII(pAR0022)	72	0	0	GA	0															not_admitted	not_admitted	not_admitted	not_admitted	not_admitted	not_admitted	not_admitted	not_admitted	not_admitted	not_admitted	1	23;29726;30724;-;355.6	17;24162;25523;-;340.8	19;26136;26912;-;197.6	26;31808;34396;-;213.6	16;21311;24160;-;285.9	31;36295;37656;-;74.4	26;31808;34396;-;87.2	33;38373;38936;-;145.5	21;28732;29349;-;80.0	20;26909;28735;-;248.7	13;17683;19932;-;366.5	27;34396;35025;-;45.8	13;17683;19932;-;61.5	A	9/9	contiguous	20690	1	1	20596..21324-;242;unnamed;0
NZ_MT039190.1	MPF_F	-	136	0	0	GA	0															not_admitted	not_admitted	not_admitted	not_admitted	not_admitted	not_admitted	not_admitted	not_admitted	not_admitted	not_admitted	1	74;87432;88427;-;366.0	67;81498;82868;-;353.8	71;84088;84897;-;204.9	80;91117;93747;-;257.1	66;78661;81498;-;296.9	86;96623;98017;-;80.8	80;91117;93747;-;104.7	88;98737;99303;-;157.8	73;86789;87406;-;59.0	72;84894;86792;-;237.1	63;75647;77926;-;388.2	82;94889;95434;-;55.7	63;75647;77926;-;58.2	A	9/9	contiguous	23090	1	1	78131..78664-;177;unnamed;0
NZ_MT039191.1	-	-	101	0	0	GA	0															not_admitted	not_admitted	not_admitted	not_admitted	not_admitted	not_admitted	not_admitted	not_admitted	not_admitted	not_admitted	1	77;71804;72802;+;373.8	84;77166;78527;+;358.4	80;75214;75990;+;208.4	71;65505;68117;+;211.3	85;78527;81394;+;250.1	67;62770;64128;+;88.8	71;65505;68117;+;82.9	65;61492;62067;+;89.7	78;72772;73203;+;61.4	79;73280;75214;+;239.1	90;83773;85887;+;372.7	70;64946;65494;+;27.6	90;83773;85887;+;65.1	A	9/9	contiguous	22281	1	1	81412..81972+;186;unnamed;0
NZ_MT039192.1	MPF_F	IncFII(Y);IncFII(pAR0022)	191	0	0	GA	0															not_admitted	not_admitted	not_admitted	not_admitted	not_admitted	not_admitted	not_admitted	not_admitted	not_admitted	not_admitted	1	36;43509;44507;-;355.6	30;37945;39306;-;340.8	32;39919;40695;-;197.6	39;45591;48182;-;221.9	29;35094;37943;-;285.9	44;50023;51384;-;74.4	39;45591;48182;-;87.2	46;52101;52664;-;145.5	34;42515;43132;-;80.0	33;40692;42518;-;248.0	26;31538;33706;-;366.0	40;48193;48753;-;48.5	26;31538;33706;-;61.8	A	9/9	contiguous	20563	1	1	34736..35107-;123;unnamed;0
NZ_MT039201.1	MPF_F	IncFII(pAR0022);IncFII(pRSB107)	73	0	0	GA	0															not_admitted	not_admitted	not_admitted	not_admitted	not_admitted	not_admitted	not_admitted	not_admitted	not_admitted	not_admitted	1	52;45056;46054;+;355.3	58;50257;51618;+;340.8	56;48868;49644;+;197.6	49;41381;43972;+;219.7	59;51620;54469;+;288.4	45;38573;39934;+;74.4	49;41381;43972;+;87.2	43;37293;37856;+;145.5	54;46431;47048;+;80.0	55;47045;48871;+;248.7	62;55858;58107;+;365.9	48;40804;41370;+;47.4	62;55858;58107;+;61.6	A	9/9	contiguous	18565	1	1	54456..55064+;202;unnamed;0
NZ_MT039213.1	MPF_F	IncFII(Y);IncFII(pAR0022)	148	0	0	GA	0															not_admitted	not_admitted	not_admitted	not_admitted	not_admitted	not_admitted	not_admitted	not_admitted	not_admitted	not_admitted	1	50;63294;64292;-;355.6	43;57731;59092;-;339.7	45;59705;60481;-;197.0	53;65376;67967;-;221.9	42;54880;57729;-;285.9	58;69814;71175;-;74.4	53;65376;67967;-;87.2	60;71892;72455;-;145.5	48;62300;62917;-;80.0	46;60478;61842;-;248.7	39;51323;53491;-;366.0	54;67978;68544;-;48.2	39;51323;53491;-;61.8	A	9/9	contiguous	20569	1	1	54285..54893-;202;unnamed;0
NZ_MT039214.1	MPF_T	-	70	0	0	GA	1		65;41378;41686;+;67.6	66;41697;42014;+;84.6	67;42011;44461;+;144.0	67;42011;44461;+;84.6	68;44483;45127;+;108.0	0;1;1014;+;161.4		2;1364;2122;+;142.7	3;2125;2946;+;197.9	4;2946;4133;+;188.9	5;4111;5148;+;83.0	6;5111;7039;+;389.2		pfam	both	A	7/7	rearranged	1	0	unscoreable	1	0	0														not_admitted	not_admitted	not_admitted	not_admitted	not_admitted	not_admitted	not_admitted
NZ_MT039219.1	MPF_F	IncFII(Y);IncFII(pAR0022)	87	0	0	GA	0															not_admitted	not_admitted	not_admitted	not_admitted	not_admitted	not_admitted	not_admitted	not_admitted	not_admitted	not_admitted	1	76;57335;58333;+;355.6	82;62536;63897;+;340.8	80;61147;61923;+;197.6	73;53660;56251;+;221.9	83;63899;66748;+;285.9	70;51231;52430;+;74.9	73;53660;56251;+;87.2	66;49789;50352;+;145.5	78;58710;59327;+;80.0	79;59324;61150;+;248.7	8;11811;13544;-;24.2	72;53089;53649;+;47.0		A	9/9	split_2	52088	1	1	66735..67343+;202;unnamed;0
NZ_MT039224.1	MPF_F	IncFII(Y);IncFII(pAR0022)	137	0	0	GA	0															not_admitted	not_admitted	not_admitted	not_admitted	not_admitted	not_admitted	not_admitted	not_admitted	not_admitted	not_admitted	1	68;56072;57070;+;355.6	74;61273;62634;+;339.7	72;59884;60660;+;197.0	65;52397;54988;+;221.9	75;62636;65485;+;285.9	60;49189;50550;+;74.4	65;52397;54988;+;87.2	57;47910;48473;+;145.5	70;57447;58064;+;80.0	71;58061;59887;+;248.0	78;66874;69042;+;366.0	64;51820;52386;+;48.2	78;66874;69042;+;61.8	A	9/9	contiguous	18964	1	1	65472..66080+;202;unnamed;0
NZ_MT039227.1	MPF_F	IncFII(Yp);IncFII(pAR0022)	75	0	0	GA	0															not_admitted	not_admitted	not_admitted	not_admitted	not_admitted	not_admitted	not_admitted	not_admitted	not_admitted	not_admitted	1	27;18040;19038;+;355.3	33;23241;24602;+;340.8	31;21852;22628;+;197.6	24;14365;16956;+;219.7	34;24604;27453;+;288.4	20;12352;12918;+;59.1	24;14365;16956;+;87.2	17;10278;10841;+;145.5	29;19415;20032;+;80.0	30;20029;21855;+;248.7	37;28842;30938;+;366.2	23;13788;14354;+;47.4	37;28842;30938;+;61.6	A	9/9	contiguous	18564	1	1	27440..28048+;202;unnamed;0
NZ_MT062912.1	MPF_F	IncQ1;repFIB;repHI5B	390	0	0	GA	0															not_admitted	not_admitted	not_admitted	not_admitted	not_admitted	not_admitted	not_admitted	not_admitted	not_admitted	not_admitted	1	356;328103;329140;-;282.2	131;105475;106899;+;188.6	130;104463;105506;+;171.0	369;341708;344425;-;149.9	132;106901;110827;+;119.9	373;346538;347905;-;63.8	369;341708;344425;-;87.4	376;349535;350398;-;82.3	357;329137;330498;-;73.0	355;324912;328088;-;58.4	123;95070;97196;-;60.3	370;344474;345208;-;59.3	123;95070;97196;-;43.0	A	9/9	split_2	254465	0	1	
NZ_MT062913.1	MPF_F	IncHI2;IncHI2A	378	0	0	GA	0															not_admitted	not_admitted	not_admitted	not_admitted	not_admitted	not_admitted	not_admitted	not_admitted	not_admitted	not_admitted	1	336;300915;301973;-;276.9	75;63721;65136;+;194.1	74;62685;63731;+;173.2	354;322611;325292;-;168.0	76;65145;69095;+;101.6	358;327622;328977;-;80.7	354;322611;325292;-;72.2	361;330701;331489;-;74.8	338;302115;303626;-;62.9	335;297708;300896;-;58.3	68;53560;55644;-;56.7	355;325301;326251;-;46.4	68;53560;55644;-;38.8	A	9/9	split_3	277141	0	1	
NZ_MT066418.1	MPF_F	IncFII(pHN7A8);repB(R1701)	186	0	0	GA	0															not_admitted	not_admitted	not_admitted	not_admitted	not_admitted	not_admitted	not_admitted	not_admitted	not_admitted	not_admitted	1	22;15799;16791;-;369.5			25;17800;20427;-;301.8		30;22482;23909;-;94.1	25;17800;20427;-;101.8	32;24624;25190;-;183.8			25;17800;20427;-;20.8	26;20943;21458;-;77.6		D	4/9	contiguous	8825	0	0	
NZ_MT074086.1	MPF_F	IncFIB(K);IncFII(p14)	197	0	0	GA	0															not_admitted	not_admitted	not_admitted	not_admitted	not_admitted	not_admitted	not_admitted	not_admitted	not_admitted	not_admitted	1	63;46047;47039;+;372.3	73;52681;54051;+;381.7	70;51145;51897;+;230.8	60;42385;45024;+;254.4	74;54051;56894;+;346.5	53;38485;39906;+;86.2	60;42385;45024;+;87.3	51;37198;37764;+;163.8	64;47052;47678;+;67.7	65;47675;49618;+;255.0	76;57639;59933;+;391.8	55;40095;40649;+;57.5	76;57639;59933;+;66.4	A	9/9	contiguous	20441	1	1	56905..57432+;175;unnamed;0
NZ_MT074091.1	MPF_T	IncX3	59	0	0	GA	1	46;38137;38781;-;46.4	45;37863;38153;-;73.1	44;35085;37838;-;47.0	44;35085;37838;-;142.4	44;35085;37838;-;73.3	43;34305;35075;-;60.1	41;32971;34026;-;133.2		40;32048;32776;-;119.4	39;31113;32042;-;138.8	38;29902;31116;-;128.3	36;28672;29706;-;65.7	35;26834;28669;-;495.9		pfam	pfam_only	A	7/7	canonical	1	1	unscoreable	2	0	0														not_admitted	not_admitted	not_admitted	not_admitted	not_admitted	not_admitted	not_admitted
NZ_MT074415.1	MPF_F	IncFII(pSE11)	65	0	0	GA	0															not_admitted	not_admitted	not_admitted	not_admitted	not_admitted	not_admitted	not_admitted	not_admitted	not_admitted	not_admitted	1	39;28929;29921;+;369.5	52;36477;37850;+;382.9	46;33800;34543;+;234.4	36;25290;27920;+;300.9	53;37847;40672;+;386.5	29;20602;22029;+;93.9	36;25290;27920;+;101.1	27;19321;19887;+;177.4	41;30265;30903;+;70.8	44;31715;33523;+;267.1	56;42176;44365;+;391.8	33;23151;23666;+;76.0	56;42176;44365;+;70.3	A	9/9	contiguous	22855	1	1	40669..41178+;169;unnamed;0
NZ_MT077880.1	MPF_F	IncFIA;IncFIB(AP001918);IncFII	202	0	0	GA	0															not_admitted	not_admitted	not_admitted	not_admitted	not_admitted	not_admitted	not_admitted	not_admitted	not_admitted	not_admitted	1	131;113581;114573;-;367.4	120;106522;107895;-;380.9	127;110109;110852;-;235.0	134;115582;118209;-;305.3	119;103700;106525;-;385.9	140;120264;121691;-;94.3	134;115582;118209;-;97.5	142;122406;122972;-;182.1	130;112934;113572;-;68.6	129;111129;112937;-;268.3	116;100008;102197;-;391.3	136;118725;119240;-;78.4	116;100008;102197;-;70.4	A	9/9	contiguous	22398	1	1	103194..103703-;169;unnamed;0
NZ_MT077881.1	MPF_F	IncFIA;IncFIB(AP001918);IncFII	200	0	0	GA	0															not_admitted	not_admitted	not_admitted	not_admitted	not_admitted	not_admitted	not_admitted	not_admitted	not_admitted	not_admitted	1	130;110640;111155;-;136.0	116;101791;103164;-;380.9	123;105378;106121;-;235.0	133;112164;114791;-;305.4	115;98969;101794;-;385.9	139;116846;118273;-;94.3	133;112164;114791;-;98.5	141;118988;119554;-;182.1	126;108203;108841;-;68.6	125;106398;108206;-;268.3	112;95259;97466;-;391.3	135;115307;115822;-;78.4	112;95259;97466;-;70.4	A	9/9	contiguous	23729	1	1	98463..98972-;169;unnamed;0
NZ_MT077882.1	MPF_F	IncFIA;IncFIB(AP001918);IncFII(pAMA1167-NDM-5)	125	0	0	GA	0															not_admitted	not_admitted	not_admitted	not_admitted	not_admitted	not_admitted	not_admitted	not_admitted	not_admitted	not_admitted	1	52;51308;52300;-;369.5	39;42176;43549;-;386.6	47;47459;48202;-;231.4	55;53309;55936;-;303.9	38;39360;42179;-;386.3	61;57821;59272;-;94.1	55;53309;55936;-;96.5	63;59987;60553;-;184.3	50;50326;50964;-;68.7	49;48479;50329;-;266.7	34;34913;37102;-;391.8	58;56452;56967;-;75.2	34;34913;37102;-;70.3	A	9/9	contiguous	25074	1	1	38844..39335-;163;TraS;0
NZ_MT077883.1	MPF_T	IncN	69	0	0	GA	1	32;28826;29560;+;32.5		35;30203;30520;+;63.3	36;30520;33120;+;111.8	36;30520;33120;+;76.4	37;33138;33851;+;105.5	39;34102;35142;+;142.4		40;35361;36059;+;131.9	41;36070;36954;+;159.7	42;36954;38114;+;156.3	43;38156;39151;+;81.2	47;43719;45248;-;38.5		pfam	both	A	7/7	canonical	1	0	unscoreable	6	0	0														not_admitted	not_admitted	not_admitted	not_admitted	not_admitted	not_admitted	not_admitted
NZ_MT077884.1	MPF_F	IncHI2;IncHI2A	334	0	0	GA	0															not_admitted	not_admitted	not_admitted	not_admitted	not_admitted	not_admitted	not_admitted	not_admitted	not_admitted	not_admitted	1	30;33052;34110;+;276.9	196;182613;184028;+;194.1	195;181577;182623;+;173.7	11;8955;11636;+;168.0	197;184037;187987;+;101.6	7;5270;6625;+;80.7	11;8955;11636;+;72.2	4;2758;3546;+;74.8	28;31399;32910;+;62.7	31;34129;37317;+;58.3	189;172452;174536;-;56.7	10;7996;8946;+;46.4	189;172452;174536;-;38.8	A	9/9	split_3	181279	0	1	
NZ_MT077885.1	MPF_F	IncFII	89	0	0	GA	0															not_admitted	not_admitted	not_admitted	not_admitted	not_admitted	not_admitted	not_admitted	not_admitted	not_admitted	not_admitted	1	65;49187;50179;+;363.7	75;55958;57331;+;381.7	70;53285;54028;+;234.4	62;45548;48178;+;304.1	76;57328;60150;+;374.0	55;41098;42549;+;94.2	62;45548;48178;+;97.1	53;39817;40383;+;174.3	67;50523;51161;+;68.6	68;51158;53008;+;266.1	80;62422;64620;+;391.2	58;43409;43924;+;78.4	80;62422;64620;+;70.3	A	9/9	contiguous	22605	1	1	60172..60651+;159;TraS;0
NZ_MT077886.1	MPF_F	IncHI2;IncHI2A	320	0	0	GA	0															not_admitted	not_admitted	not_admitted	not_admitted	not_admitted	not_admitted	not_admitted	not_admitted	not_admitted	not_admitted	1	29;32275;33333;+;276.9	194;181466;182881;-;194.1	195;182871;183917;-;173.7	11;8955;11636;+;168.0	193;177507;181457;-;101.6	7;5270;6625;+;80.7	11;8955;11636;+;72.2	4;2758;3546;+;74.8	27;30622;32133;+;62.7	30;33352;36540;+;58.3	201;190958;193042;+;56.7	10;7996;8946;+;46.4	201;190958;193042;+;38.8	A	9/9	split_3	188200	0	1	
NZ_MT077887.1	MPF_F	IncFII	80	0	0	GA	0															not_admitted	not_admitted	not_admitted	not_admitted	not_admitted	not_admitted	not_admitted	not_admitted	not_admitted	not_admitted	1	37;36145;37137;-;369.5	27;28993;30366;-;381.7	32;32296;33039;-;234.4	40;38146;40776;-;304.1	26;26174;28996;-;374.0	47;43775;45226;-;94.2	40;38146;40776;-;97.1	49;45941;46507;-;174.3	35;35163;35801;-;68.6	34;33316;35166;-;266.1	22;21677;23902;-;391.1	44;42400;42915;-;78.4	22;21677;23902;-;70.3	A	9/9	contiguous	24264	1	1	25673..26152-;159;TraS;0
NZ_MT077888.1	MPF_F	IncHI2;IncHI2A	267	0	0	GA	0															not_admitted	not_admitted	not_admitted	not_admitted	not_admitted	not_admitted	not_admitted	not_admitted	not_admitted	not_admitted	1	30;33760;34818;+;276.9	175;163303;164718;-;194.1	176;164708;165754;-;174.3	13;10312;12993;+;168.0	174;159341;163294;-;101.6	9;6627;7982;+;80.7	13;10312;12993;+;72.2	6;4115;4903;+;74.8	28;32107;33618;+;62.0	31;34837;38025;+;57.3	183;172796;174880;+;56.8	12;9353;10303;+;46.1	183;172796;174880;+;38.8	A	9/9	split_3	168681	1	1	157871..159160-;429;unnamed;0
NZ_MT077889.1	MPF_F	IncFII	88	0	0	GA	0															not_admitted	not_admitted	not_admitted	not_admitted	not_admitted	not_admitted	not_admitted	not_admitted	not_admitted	not_admitted	1	57;44454;45446;+;369.5	67;51225;52598;+;381.7	62;48552;49295;+;234.4	54;40815;43445;+;304.1	68;52595;55417;+;374.0	46;35962;37413;+;94.2	54;40815;43445;+;96.8	44;34681;35247;+;174.3	59;45790;46428;+;68.6	60;46425;48275;+;266.1	72;57689;59905;+;391.2	49;38273;38788;+;78.4	72;57689;59905;+;70.3	A	9/9	contiguous	23008	1	1	55439..55918+;159;TraS;0
NZ_MT090959.1	MPF_F	IncHI1B(pNDM-MAR);repB	208	0	0	GA	0															not_admitted	not_admitted	not_admitted	not_admitted	not_admitted	not_admitted	not_admitted	not_admitted	not_admitted	not_admitted	1	79;69129;70121;-;369.5	66;60923;62296;-;376.8	71;63862;64605;-;234.4	82;71130;73757;-;301.8	65;58110;60926;-;376.7	87;75812;77239;-;94.1	82;71130;73757;-;101.8	89;77954;78520;-;183.8	76;67545;68183;-;70.4	73;64882;66732;-;265.0	61;53602;55809;-;391.7	83;74273;74788;-;77.6	61;53602;55809;-;70.3	A	9/9	contiguous	24352	1	1	57556..58077-;173;unnamed;0
NZ_MT108208.1	MPF_F	IncFII(pHN7A8)	127	0	0	GA	0															not_admitted	not_admitted	not_admitted	not_admitted	not_admitted	not_admitted	not_admitted	not_admitted	not_admitted	not_admitted	1	9;5713;6705;-;369.5			14;10022;10588;+;129.8		116;89210;90637;+;94.1	12;7714;9126;-;103.3	114;87929;88495;+;183.8	6;4129;4767;-;70.4		12;7714;9126;-;23.1	120;91661;92176;+;77.6		D	5/9	split_2	87532	0	0	
NZ_MT108210.1	MPF_F	IncFII(K);repB(R1701)	143	0	0	GA	0															not_admitted	not_admitted	not_admitted	not_admitted	not_admitted	not_admitted	not_admitted	not_admitted	not_admitted	not_admitted	1	90;81953;82942;-;366.6	80;75039;76406;-;384.1	84;77664;78416;-;233.7	94;84399;87038;-;258.5	79;72190;75039;-;346.4	101;89865;91289;-;89.3	94;84399;87038;-;88.7	103;92016;92582;-;169.3	89;81302;81940;-;66.9	88;79288;81243;-;259.4	75;67416;69728;-;393.1	100;89209;89793;-;54.7	75;67416;69728;-;66.6	A	9/9	contiguous	24600	1	1	71654..72187-;177;unnamed;0
NZ_MT108213.1	MPF_F	IncFII(Yp);repB(R1701)	164	0	0	GA	0															not_admitted	not_admitted	not_admitted	not_admitted	not_admitted	not_admitted	not_admitted	not_admitted	not_admitted	not_admitted	1	96;93790;94782;-;372.3	85;86386;87756;-;383.1	88;88525;89277;-;222.2	99;95807;98446;-;254.8	84;83507;86386;-;333.2	107;101637;102968;-;86.7	99;95807;98446;-;88.2	110;103778;104344;-;159.4	95;93130;93777;-;68.8	93;90798;92753;-;253.1	80;78411;80729;-;390.7	105;100592;101176;-;55.9	80;78411;80729;-;66.8	A	9/9	contiguous	25367	1	1	82822..83490-;222;unnamed;0
NZ_MT109193.1	MPF_F	IncFII(pHN7A8);repB(R1701)	185	0	0	GA	0															not_admitted	not_admitted	not_admitted	not_admitted	not_admitted	not_admitted	not_admitted	not_admitted	not_admitted	not_admitted	1	38;28152;29144;-;369.5			41;30153;32780;-;301.8		46;34835;36262;-;94.1	41;30153;32780;-;101.8	48;36977;37543;-;183.8			41;30153;32780;-;20.8	42;33296;33811;-;77.6		D	4/9	contiguous	8825	0	0	
NZ_MT119279.1	MPF_T	IncI2	73	0	0	GA	1	34;30585;31067;-;81.1		49;46663;46947;-;36.6	48;44300;46657;-;58.5	48;44300;46657;-;44.9	61;53098;53742;-;41.0	62;53748;54743;-;123.7		46;43400;44134;-;144.3	45;42633;43403;-;170.5	44;41504;42643;-;154.7	37;32835;34373;-;207.1	42;38456;40414;-;289.6		pfam	pfam_only	A	7/7	rearranged	1	0	unscoreable	17	0	0														not_admitted	not_admitted	not_admitted	not_admitted	not_admitted	not_admitted	not_admitted
NZ_MT129534.1	MPF_T	IncX3	57	0	0	GA	1	39;27526;28170;+;46.4	40;28154;28444;+;73.1	41;28469;31222;+;47.0	41;28469;31222;+;142.4	41;28469;31222;+;73.3	42;31232;32002;+;60.1	44;32281;33336;+;133.2		45;33531;34259;+;119.4	46;34265;35194;+;138.8	47;35191;36405;+;128.3	49;36601;37635;+;65.7	50;37638;39473;+;495.9		pfam	pfam_only	A	7/7	canonical	1	1	unscoreable	2	0	0														not_admitted	not_admitted	not_admitted	not_admitted	not_admitted	not_admitted	not_admitted
NZ_MT129535.1	MPF_F	IncFIB(pQil);IncFII(K)	130	0	0	GA	0															not_admitted	not_admitted	not_admitted	not_admitted	not_admitted	not_admitted	not_admitted	not_admitted	not_admitted	not_admitted	1	4;3799;4788;+;366.0	14;10335;11702;+;384.6	10;8325;9077;+;233.7	0;240;2342;+;154.9	15;11702;14545;+;347.6	123;107279;108703;+;89.3	0;240;2342;+;89.5	121;105986;106552;+;167.8	5;4801;5439;+;67.0	6;5498;7453;+;259.2	19;17241;19553;+;393.2	124;108776;109360;+;54.9	19;17241;19553;+;65.8	A	9/9	split_2	108536	1	1	14556..15089+;177;unnamed;0
NZ_MT136604.1	MPF_F	repFIB;repHI5B	366	0	0	GA	0															not_admitted	not_admitted	not_admitted	not_admitted	not_admitted	not_admitted	not_admitted	not_admitted	not_admitted	not_admitted	1	270;237137;238174;-;282.2	62;43642;45084;+;188.6	61;42648;43685;+;172.0	281;249043;251760;-;143.5	63;45086;49030;+;119.0	285;253883;255250;-;63.7	281;249043;251760;-;80.6	288;256905;257765;-;73.9	271;238171;239532;-;71.7	269;233946;237122;-;58.7	54;33282;35408;-;62.0	282;251809;252546;-;56.3	54;33282;35408;-;39.7	A	9/9	split_2	223623	0	1	
NZ_MT151380.1	MPF_F	IncC	195	0	0	GA	0															not_admitted	not_admitted	not_admitted	not_admitted	not_admitted	not_admitted	not_admitted	not_admitted	not_admitted	not_admitted	1	124;98437;99444;+;331.9	184;148653;150086;+;339.2	183;147623;148651;+;221.7	119;93238;95685;+;354.5	185;150099;153713;+;375.3	114;84366;85682;+;134.8	119;93238;95685;+;128.3	112;82842;83468;+;92.7	122;96507;97772;+;67.9	125;99560;102358;+;145.3	103;77167;79032;+;47.3	115;85679;86257;+;100.2	103;77167;79032;+;52.0	A	9/9	split_2	72932	0	1	
NZ_MT158477.1	MPF_T	IncX1;IncX3	57	0	0	GA	1	43;39704;40351;-;45.2	42;39430;39726;-;77.5	41;36658;39411;-;47.3	41;36658;39411;-;148.0	41;36658;39411;-;73.5	40;35889;36647;-;67.3	38;34462;35592;-;103.0		37;33503;34216;-;120.0	36;32569;33498;-;134.9	35;31367;32572;-;133.4	34;30334;31365;-;77.9	33;28496;30331;-;486.4		pfam	pfam_only	A	7/7	canonical	1	1	unscoreable	1	0	0														not_admitted	not_admitted	not_admitted	not_admitted	not_admitted	not_admitted	not_admitted
NZ_MT158478.1	MPF_T	IncX3	61	0	0	GA	1	12;5862;6506;+;46.4	13;6490;6780;+;73.1	14;6805;9558;+;47.0	14;6805;9558;+;145.4	14;6805;9558;+;73.3	15;9568;10338;+;60.1	17;10617;11672;+;133.2		18;11867;12595;+;119.4	19;12601;13530;+;138.8	20;13527;14741;+;128.3	22;14937;15971;+;65.7	23;15974;17809;+;495.9		pfam	pfam_only	A	7/7	canonical	1	1	unscoreable	2	0	0														not_admitted	not_admitted	not_admitted	not_admitted	not_admitted	not_admitted	not_admitted
NZ_MT158480.1	MPF_T	IncY	99	0	0	GA	1	87;88315;88977;-;48.3	86;88005;88304;-;36.6	85;85245;87995;-;61.8	85;85245;87995;-;132.4	85;85245;87995;-;47.3	84;84510;85226;-;137.0	82;83189;84196;-;137.8		80;82293;82979;-;158.3	79;81407;82300;-;147.4	78;80214;81410;-;134.7	77;79161;80210;-;71.5	70;72516;74423;-;24.4		pfam	pfam_only	A	7/7	canonical	1	1	unscoreable	8	0	0														not_admitted	not_admitted	not_admitted	not_admitted	not_admitted	not_admitted	not_admitted
NZ_MT163739.1	MPF_F	IncHI2;IncHI2A	330	0	0	GA	0															not_admitted	not_admitted	not_admitted	not_admitted	not_admitted	not_admitted	not_admitted	not_admitted	not_admitted	not_admitted	1	29;32275;33333;+;276.9	210;199584;200999;-;194.1	211;200989;202035;-;173.7	11;8955;11636;+;168.0	209;195625;199575;-;101.6	7;5270;6625;+;80.7	11;8955;11636;+;72.2	4;2758;3546;+;74.8	27;30622;32133;+;62.7	30;33352;36540;+;58.3	217;209076;211160;+;56.7	10;7996;8946;+;46.4	217;209076;211160;+;38.8	A	9/9	split_3	206318	0	1	
NZ_MT180430.1	MPF_F	IncHI2;IncHI2A;IncN	274	0	0	GA	0															not_admitted	not_admitted	not_admitted	not_admitted	not_admitted	not_admitted	not_admitted	not_admitted	not_admitted	not_admitted	1	52;59483;60541;+;276.9	213;206349;207764;-;194.1	214;207754;208800;-;174.3	36;37230;39911;+;168.0	212;202387;206340;-;101.6	32;33545;34900;+;80.7	36;37230;39911;+;72.2	29;31033;31821;+;74.8	50;57830;59341;+;62.0	53;60560;63748;+;57.3	221;215842;217926;+;56.8	35;36271;37221;+;46.1	221;215842;217926;+;38.8	A	9/9	split_3	184809	1	1	200917..202206-;429;unnamed;0
NZ_MT180431.1	MPF_T	IncFIB(K)	76	0	0	GA	1	40;37668;38330;+;48.3	41;38341;38640;+;36.6	42;38650;41400;+;60.6	42;38650;41400;+;134.0	42;38650;41400;+;48.6	43;41419;42135;+;137.0	45;42449;43456;+;137.8		47;43666;44352;+;158.3	48;44345;45238;+;147.4	49;45235;46431;+;134.7	50;46435;47484;+;71.5	57;52222;54129;+;24.3		pfam	pfam_only	A	7/7	canonical	1	1	unscoreable	8	0	0														not_admitted	not_admitted	not_admitted	not_admitted	not_admitted	not_admitted	not_admitted
NZ_MT180434.1	MPF_T	IncX5	78	0	0	GA	1	66;58262;58906;-;36.9	65;57988;58278;-;69.0	64;55207;57966;-;42.6	64;55207;57966;-;132.2	64;55207;57966;-;70.5	63;54450;55199;-;54.3	61;53116;54171;-;135.2		60;52148;52876;-;120.9	59;51214;52143;-;134.2	58;50006;51217;-;136.9	57;48951;49994;-;64.1	56;47113;48948;-;504.8		pfam	pfam_only	A	7/7	canonical	1	1	unscoreable	1	0	0														not_admitted	not_admitted	not_admitted	not_admitted	not_admitted	not_admitted	not_admitted
NZ_MT192131.1	MPF_T	-	49	0	0	GA	1	32;22412;23041;-;56.5	45;36137;36460;-;50.2	44;35741;36109;-;79.5	43;33309;35744;-;153.9	43;33309;35744;-;105.6	42;32581;33312;-;141.9	40;31420;32370;-;149.5		38;30209;31102;-;89.1	37;29397;30206;-;146.6	36;28186;29400;-;123.3	35;27143;28189;-;87.2	34;25223;27133;-;329.8		pfam	both	A	7/7	canonical	1	0	unscoreable	3	0	0														not_admitted	not_admitted	not_admitted	not_admitted	not_admitted	not_admitted	not_admitted
NZ_MT199177.1	MPF_T	IncFIA;IncFIB(AP001918);IncFII;IncN	159	0	0	GA	1	85;78991;79725;-;32.5	83;78398;78691;-;28.7	82;78031;78348;-;63.3	81;75431;78031;-;111.8	81;75431;78031;-;76.8	80;74700;75413;-;97.1	78;73409;74449;-;153.6		77;72492;73190;-;131.9	76;71597;72481;-;159.0	75;70437;71597;-;154.9	74;69400;70395;-;81.2	70;63302;64831;+;38.5		pfam	both	A	7/7	canonical	1	0	unscoreable	5	0	0														not_admitted	not_admitted	not_admitted	not_admitted	not_admitted	not_admitted	not_admitted
NZ_MT215579.2	MPF_F	IncFII	43	0	0	GA	0															not_admitted	not_admitted	not_admitted	not_admitted	not_admitted	not_admitted	not_admitted	not_admitted	not_admitted	not_admitted	1	26;23002;23994;+;369.5	35;29461;30834;+;381.7	30;26788;27531;+;234.4	23;19363;21993;+;304.1	36;30831;33653;+;374.0	18;16063;17514;+;94.2	23;19363;21993;+;97.1	16;14782;15348;+;174.3	27;24026;24664;+;68.6	28;24661;26511;+;266.1	38;34253;36451;+;391.2	21;18374;18889;+;78.4	38;34253;36451;+;70.3	A	9/9	contiguous	19471	1	1	33675..34154+;159;TraS;0
NZ_MT219822.1	MPF_T	IncX1	60	0	0	GA	1	55;45646;46290;+;47.1	56;46274;46564;+;73.5	57;46588;49347;+;44.8	57;46588;49347;+;133.3	57;46588;49347;+;71.9	58;49349;50086;+;57.5	0;64;897;+;103.4		1;1087;1809;+;116.0	2;1815;2744;+;132.4	3;2741;3955;+;128.6	4;3973;5010;+;66.4	5;5015;6850;+;543.4		pfam	pfam_only	A	7/7	rearranged	1	1	unscoreable	0	0	0														not_admitted	not_admitted	not_admitted	not_admitted	not_admitted	not_admitted	not_admitted
NZ_MT219824.1	MPF_F	IncFIA(HI1);IncFIB(K);IncHI1A;IncHI1B(R27)	310	0	0	GA	0															not_admitted	not_admitted	not_admitted	not_admitted	not_admitted	not_admitted	not_admitted	not_admitted	not_admitted	not_admitted	1	70;61624;62676;-;277.6	184;159531;160946;+;201.7	183;158495;159541;+;171.3	88;81802;84483;-;160.6	185;160955;164944;+;103.1	92;86831;88189;-;84.0	88;81802;84483;-;76.5	95;89856;90641;-;68.7	72;62821;64329;-;65.6	69;58425;61601;-;58.9	177;149476;151560;-;50.2	89;84492;85442;-;45.2	177;149476;151560;-;36.5	A	9/9	split_2	102530	0	1	
NZ_MT219825.1	MPF_T	IncFIA(HI1);IncHI1A;IncHI1B(R27);IncX1	275	1	1	GA	1	128;97119;97763;+;47.1	129;97747;98037;+;73.5	130;98061;100820;+;44.8	130;98061;100820;+;133.3	130;98061;100820;+;71.9	131;100822;101559;+;57.5	133;101841;102896;+;131.7		134;103086;103808;+;116.0	135;103814;104743;+;132.4	136;104740;105954;+;128.6	137;105972;107009;+;66.4	138;107014;108849;+;543.4	221;178032;181208;-;58.9	pfam	pfam_only	A	7/7	canonical	1	1	unscoreable	1	0	1	222;181231;182283;-;277.6	59;41819;43234;+;201.7	58;40783;41829;+;171.3	240;201725;204406;-;160.6	60;43243;47232;+;103.1	136;104740;105954;+;128.6	240;201725;204406;-;76.5	247;209779;210564;-;68.7	224;182428;183936;-;65.6	221;178032;181208;-;58.9	138;107014;108849;+;67.6	241;204415;205365;-;45.2	138;107014;108849;+;90.1	A	9/9	split_3	168996	0	1	
NZ_MT232840.1	MPF_F	IncHI2;IncHI2A	332	0	0	GA	0															not_admitted	not_admitted	not_admitted	not_admitted	not_admitted	not_admitted	not_admitted	not_admitted	not_admitted	not_admitted	1	31;33625;34683;+;276.9	195;186340;187755;+;194.1	194;185304;186350;+;173.7	13;10305;12986;+;168.0	196;187764;191714;+;101.6	9;6620;7975;+;80.7	13;10305;12986;+;72.2	6;4108;4896;+;74.8	29;31972;33483;+;62.7	32;34702;37890;+;58.3	188;176179;178263;-;56.7	12;9346;10296;+;46.4	188;176179;178263;-;38.8	A	9/9	split_3	183656	0	1	
NZ_MT263755.1	MPF_F	IncFIB(AP001918);IncFII	130	0	0	GA	0															not_admitted	not_admitted	not_admitted	not_admitted	not_admitted	not_admitted	not_admitted	not_admitted	not_admitted	not_admitted	1	79;78556;79548;+;369.3	88;84607;85983;+;381.0	83;82277;83020;+;230.0	76;74920;77547;+;306.4	89;85980;88490;+;387.9	69;71438;72865;+;94.3	76;74920;77547;+;98.5	67;70157;70723;+;183.3	80;79557;80195;+;68.7	81;80192;82000;+;267.9	93;90339;92492;+;391.8	73;73889;74404;+;77.3	93;90339;92492;+;70.4	A	9/9	contiguous	20182	1	1	88573..88806+;77;unnamed;0
NZ_MT269819.1	MPF_F	IncFII(pHN7A8);IncR	210	0	0	GA	0															not_admitted	not_admitted	not_admitted	not_admitted	not_admitted	not_admitted	not_admitted	not_admitted	not_admitted	not_admitted	1	129;106777;107769;-;369.5	116;98571;99944;-;376.8	121;101510;102253;-;234.4	68;51328;53745;+;302.1	115;95758;98574;-;376.7	63;47846;49273;+;94.1	68;51328;53745;+;101.8	61;46565;47131;+;183.8	126;105193;105831;-;70.4	123;102530;104380;-;265.0	111;91241;93457;-;391.7	67;50297;50812;+;77.6	111;91241;93457;-;70.3	A	9/9	split_2	60212	1	1	95204..95725-;173;unnamed;0
NZ_MT269820.1	MPF_F	IncFII(pHN7A8);repB(R1701)	193	0	0	GA	0															not_admitted	not_admitted	not_admitted	not_admitted	not_admitted	not_admitted	not_admitted	not_admitted	not_admitted	not_admitted	1	89;70700;71692;+;369.5			86;67064;69691;+;301.8		81;63582;65009;+;94.1	86;67064;69691;+;101.8	79;62301;62867;+;183.8			86;67064;69691;+;20.8	85;66033;66548;+;77.6		D	4/9	contiguous	8399	0	0	
NZ_MT269822.1	MPF_F	IncFII(pHN7A8);IncR	214	0	0	GA	0															not_admitted	not_admitted	not_admitted	not_admitted	not_admitted	not_admitted	not_admitted	not_admitted	not_admitted	not_admitted	1	162;122921;123913;+;369.5	175;130746;132119;+;376.8	170;128437;129180;+;234.4	159;119285;121912;+;301.8	176;132116;134932;+;376.7	154;115803;117230;+;94.1	159;119285;121912;+;101.8	152;114522;115088;+;183.8	165;124859;125497;+;70.4	168;126310;128160;+;265.0	180;137233;139458;+;391.7	158;118254;118769;+;77.6	180;137233;139458;+;70.3	A	9/9	contiguous	22711	1	1	134965..135486+;173;unnamed;0
NZ_MT269823.1	MPF_F	IncFII(pHN7A8);repB(R1701)	186	0	0	GA	0															not_admitted	not_admitted	not_admitted	not_admitted	not_admitted	not_admitted	not_admitted	not_admitted	not_admitted	not_admitted	1	64;54586;55578;-;369.5	51;46380;47753;-;376.8	56;49319;50062;-;234.4	67;56587;59214;-;301.8	50;43567;46383;-;376.7	72;61269;62696;-;94.1	67;56587;59214;-;101.8	74;63411;63977;-;183.8	61;53002;53640;-;70.4	58;50339;52189;-;265.0	46;39050;41266;-;391.7	68;59730;60245;-;77.6	46;39050;41266;-;70.3	A	9/9	contiguous	24361	1	1	43013..43534-;173;unnamed;0
NZ_MT269824.1	MPF_F	IncFII(pHN7A8);repB(R1701)	186	0	0	GA	0															not_admitted	not_admitted	not_admitted	not_admitted	not_admitted	not_admitted	not_admitted	not_admitted	not_admitted	not_admitted	1	64;54586;55578;-;369.5	51;46380;47753;-;376.8	56;49319;50062;-;234.4	67;56587;59214;-;301.8	50;43567;46383;-;376.7	72;61269;62696;-;94.1	67;56587;59214;-;101.8	74;63411;63977;-;183.8	61;53002;53640;-;70.4	58;50339;52189;-;265.0	46;39050;41266;-;391.7	68;59730;60245;-;77.6	46;39050;41266;-;70.3	A	9/9	contiguous	24361	1	1	43013..43534-;173;unnamed;0
NZ_MT269825.1	MPF_F	IncFII(pHN7A8);IncR	204	0	0	GA	0															not_admitted	not_admitted	not_admitted	not_admitted	not_admitted	not_admitted	not_admitted	not_admitted	not_admitted	not_admitted	1	157;120205;121197;+;369.5	170;128030;129403;+;376.8	165;125721;126464;+;234.4	154;116569;119196;+;301.8	171;129400;132216;+;376.7	149;113087;114514;+;94.1	154;116569;119196;+;101.8	147;111806;112372;+;183.8	160;122143;122781;+;70.4	163;123594;125444;+;265.0	175;134517;136742;+;391.7	153;115538;116053;+;77.6	175;134517;136742;+;70.3	A	9/9	contiguous	22711	1	1	132249..132770+;173;unnamed;0
NZ_MT269826.1	MPF_F	IncFII(pBK30683);repB(R1701)	108	0	0	GA	0															not_admitted	not_admitted	not_admitted	not_admitted	not_admitted	not_admitted	not_admitted	not_admitted	not_admitted	not_admitted	1	70;65089;66078;-;366.0	60;58175;59542;-;384.0	64;60800;61552;-;233.7	74;67535;70174;-;258.5	59;55326;58175;-;346.4	80;73004;74428;-;89.2	74;67535;70174;-;88.7	82;75155;75721;-;169.3	69;64438;65076;-;67.0	68;62424;64379;-;259.7	55;50550;52862;-;390.0	79;72347;72931;-;54.5	55;50550;52862;-;64.0	A	9/9	contiguous	24605	1	1	54790..55323-;177;unnamed;0
NZ_MT269827.1	MPF_F	IncFII(pHN7A8);repB(R1701)	174	0	0	GA	0															not_admitted	not_admitted	not_admitted	not_admitted	not_admitted	not_admitted	not_admitted	not_admitted	not_admitted	not_admitted	1	89;70700;71692;+;369.5			86;67064;69691;+;301.8		81;63582;65009;+;94.1	86;67064;69691;+;101.8	79;62301;62867;+;183.8			86;67064;69691;+;20.8	85;66033;66548;+;77.6		D	4/9	contiguous	8399	0	0	
NZ_MT269830.1	MPF_F	IncFII(pHN7A8);IncR	183	0	0	GA	0															not_admitted	not_admitted	not_admitted	not_admitted	not_admitted	not_admitted	not_admitted	not_admitted	not_admitted	not_admitted	1	162;122927;123919;+;369.5			159;119291;121918;+;301.8		154;115809;117236;+;94.1	159;119291;121918;+;101.8	152;114528;115094;+;183.8	165;124865;125503;+;70.4		159;119291;121918;+;20.8	158;118260;118775;+;77.6		D	5/9	contiguous	10337	0	0	
NZ_MT269831.1	MPF_F	IncFII(pHN7A8);IncR	198	0	0	GA	0															not_admitted	not_admitted	not_admitted	not_admitted	not_admitted	not_admitted	not_admitted	not_admitted	not_admitted	not_admitted	1	52;45369;46361;-;369.5	39;37163;38536;-;376.8	44;40102;40845;-;234.4	137;108404;110200;+;303.2	38;34350;37166;-;376.7	132;104922;106349;+;94.1	137;108404;110200;+;49.5	130;103641;104207;+;183.8	49;43785;44423;-;70.4	46;41122;42972;-;265.0	34;29833;32049;-;391.7	136;107373;107888;+;77.6	34;29833;32049;-;70.3	A	9/9	split_2	78571	1	1	33796..34317-;173;unnamed;0
NZ_MT269832.1	MPF_F	IncFII(pHN7A8);IncR	209	0	0	GA	0															not_admitted	not_admitted	not_admitted	not_admitted	not_admitted	not_admitted	not_admitted	not_admitted	not_admitted	not_admitted	1	162;122785;123777;+;369.5	175;130610;131983;+;376.8	170;128301;129044;+;234.4	159;119149;121776;+;301.8	176;131980;134796;+;376.7	154;115667;117094;+;94.1	159;119149;121776;+;101.8	152;114386;114952;+;183.8	165;124723;125361;+;70.4	168;126174;128024;+;265.0	180;137097;139322;+;391.7	158;118118;118633;+;77.6	180;137097;139322;+;70.3	A	9/9	contiguous	22711	1	1	134829..135350+;173;unnamed;0
NZ_MT269833.1	MPF_F	IncFII(pHN7A8);IncR	212	0	0	GA	0															not_admitted	not_admitted	not_admitted	not_admitted	not_admitted	not_admitted	not_admitted	not_admitted	not_admitted	not_admitted	1	165;125004;125996;+;369.5	178;132829;134202;+;376.8	173;130520;131263;+;234.4	162;121368;123995;+;301.8	179;134199;137015;+;376.7	157;117886;119313;+;94.1	162;121368;123995;+;101.8	155;116605;117171;+;183.8	168;126942;127580;+;70.4	171;128393;130243;+;265.0	183;139316;141541;+;391.7	161;120337;120852;+;77.6	183;139316;141541;+;70.3	A	9/9	contiguous	22711	1	1	137048..137569+;173;unnamed;0
NZ_MT269834.1	MPF_F	IncFII(pHN7A8);repB(R1701)	188	0	0	GA	0															not_admitted	not_admitted	not_admitted	not_admitted	not_admitted	not_admitted	not_admitted	not_admitted	not_admitted	not_admitted	1	89;70700;71692;+;369.5			86;67064;69691;+;301.8		81;63582;65009;+;94.1	86;67064;69691;+;101.8	79;62301;62867;+;183.8			86;67064;69691;+;20.8	85;66033;66548;+;77.6		D	4/9	contiguous	8399	0	0	
NZ_MT269835.1	MPF_F	IncFII(pHN7A8);IncR	218	0	0	GA	0															not_admitted	not_admitted	not_admitted	not_admitted	not_admitted	not_admitted	not_admitted	not_admitted	not_admitted	not_admitted	1	52;45369;46361;-;369.5	39;37163;38536;-;376.8	44;40102;40845;-;234.4	140;110612;113029;+;302.1	38;34350;37166;-;376.7	135;107130;108557;+;94.1	140;110612;113029;+;101.8	133;105849;106415;+;183.8	49;43785;44423;-;70.4	46;41122;42972;-;265.0	34;29833;32049;-;391.7	139;109581;110096;+;77.6	34;29833;32049;-;70.3	A	9/9	split_2	80779	1	1	33796..34317-;173;unnamed;0
NZ_MT269837.1	MPF_F	IncFII(pBK30683);repB(R1701)	128	0	0	GA	0															not_admitted	not_admitted	not_admitted	not_admitted	not_admitted	not_admitted	not_admitted	not_admitted	not_admitted	not_admitted	1	74;67041;68030;-;366.0	64;60127;61494;-;384.0	68;62752;63504;-;233.7	78;69487;72126;-;258.5	63;57278;60127;-;346.4	84;74956;76380;-;89.2	78;69487;72126;-;88.7	86;77107;77673;-;169.3	73;66390;67028;-;67.0	72;64376;66331;-;259.7	59;52502;54814;-;390.0	83;74299;74883;-;54.5	59;52502;54814;-;64.0	A	9/9	contiguous	24605	1	1	56742..57275-;177;unnamed;0
NZ_MT269838.1	MPF_F	IncFII(pHN7A8);repB(R1701)	188	0	0	GA	0															not_admitted	not_admitted	not_admitted	not_admitted	not_admitted	not_admitted	not_admitted	not_admitted	not_admitted	not_admitted	1	89;70700;71692;+;369.5			86;67064;69691;+;301.8		81;63582;65009;+;94.1	86;67064;69691;+;101.8	79;62301;62867;+;183.8			86;67064;69691;+;20.8	85;66033;66548;+;77.6		D	4/9	contiguous	8399	0	0	
NZ_MT269840.1	MPF_F	IncFII(pHN7A8);IncR	210	0	0	GA	0															not_admitted	not_admitted	not_admitted	not_admitted	not_admitted	not_admitted	not_admitted	not_admitted	not_admitted	not_admitted	1	86;62481;63473;+;369.5	99;70306;71679;+;376.8	94;67997;68740;+;234.4	184;142376;144793;+;302.1	100;71676;74492;+;376.7	179;138894;140321;+;94.1	184;142376;144793;+;101.8	177;137613;138179;+;183.8	89;64419;65057;+;70.4	92;65870;67720;+;265.0	104;76793;79000;+;391.7	183;141345;141860;+;77.6	104;76793;79000;+;70.3	A	9/9	split_2	79895	1	1	74525..75046+;173;unnamed;0
NZ_MT269841.1	MPF_F	IncFII(pHN7A8);IncR	210	0	0	GA	0															not_admitted	not_admitted	not_admitted	not_admitted	not_admitted	not_admitted	not_admitted	not_admitted	not_admitted	not_admitted	1	86;62481;63473;+;369.5	99;70306;71679;+;376.8	94;67997;68740;+;234.4	184;142376;144793;+;302.1	100;71676;74492;+;376.7	179;138894;140321;+;94.1	184;142376;144793;+;101.8	177;137613;138179;+;183.8	89;64419;65057;+;70.4	92;65870;67720;+;265.0	104;76793;79000;+;391.7	183;141345;141860;+;77.6	104;76793;79000;+;70.3	A	9/9	split_2	79895	1	1	74525..75046+;173;unnamed;0
NZ_MT269842.1	MPF_F	IncFII(pHN7A8);IncR	209	0	0	GA	0															not_admitted	not_admitted	not_admitted	not_admitted	not_admitted	not_admitted	not_admitted	not_admitted	not_admitted	not_admitted	1	162;122785;123777;+;369.5	175;130610;131983;+;376.8	170;128301;129044;+;234.4	159;119149;121776;+;301.8	176;131980;134796;+;376.7	154;115667;117094;+;94.1	159;119149;121776;+;101.8	152;114386;114952;+;183.8	165;124723;125361;+;70.4	168;126174;128024;+;265.0	180;137097;139322;+;391.7	158;118118;118633;+;77.6	180;137097;139322;+;70.3	A	9/9	contiguous	22711	1	1	134829..135350+;173;unnamed;0
NZ_MT269843.1	MPF_F	IncFII(pHN7A8);IncR	212	0	0	GA	0															not_admitted	not_admitted	not_admitted	not_admitted	not_admitted	not_admitted	not_admitted	not_admitted	not_admitted	not_admitted	1	165;125004;125996;+;369.5	178;132829;134202;+;376.8	173;130520;131263;+;234.4	162;121368;123995;+;301.8	179;134199;137015;+;376.7	157;117886;119313;+;94.1	162;121368;123995;+;101.8	155;116605;117171;+;183.8	168;126942;127580;+;70.4	171;128393;130243;+;265.0	183;139316;141541;+;391.7	161;120337;120852;+;77.6	183;139316;141541;+;70.3	A	9/9	contiguous	22711	1	1	137048..137569+;173;unnamed;0
NZ_MT269844.1	MPF_F	IncFII(pHN7A8);repB(R1701)	193	0	0	GA	0															not_admitted	not_admitted	not_admitted	not_admitted	not_admitted	not_admitted	not_admitted	not_admitted	not_admitted	not_admitted	1	92;72289;73281;+;369.5			89;68653;71280;+;301.8		84;65171;66598;+;94.1	89;68653;71280;+;101.8	82;63890;64456;+;183.8			89;68653;71280;+;20.8	88;67622;68137;+;77.6		D	4/9	contiguous	8399	0	0	
NZ_MT269845.1	MPF_F	IncFII(pHN7A8);repB(R1701)	186	0	0	GA	0															not_admitted	not_admitted	not_admitted	not_admitted	not_admitted	not_admitted	not_admitted	not_admitted	not_admitted	not_admitted	1	86;64887;65879;-;369.5			89;66888;69515;-;301.8		94;71570;72997;-;94.1	89;66888;69515;-;101.8	96;73712;74278;-;183.8			89;66888;69515;-;20.8	90;70031;70546;-;77.6		D	4/9	contiguous	8825	0	0	
NZ_MT269848.1	MPF_F	IncFII(pHN7A8);IncR	171	0	0	GA	0															not_admitted	not_admitted	not_admitted	not_admitted	not_admitted	not_admitted	not_admitted	not_admitted	not_admitted	not_admitted	1	98;75774;76766;-;369.5	85;67568;68941;-;376.8	90;70507;71250;-;234.4	101;77775;80402;-;301.8	84;64755;67571;-;376.7	106;82457;83884;-;94.1	101;77775;80402;-;101.8	108;84599;85165;-;183.8	95;74190;74828;-;70.4	92;71527;73377;-;265.0	80;60256;62454;-;391.7	102;80918;81433;-;77.6	80;60256;62454;-;70.3	A	9/9	contiguous	24343	1	1	64201..64722-;173;unnamed;0
NZ_MT269849.1	MPF_F	IncFIB(K);IncFII(K);IncFII(pAR0022)	246	0	0	GA	0															not_admitted	not_admitted	not_admitted	not_admitted	not_admitted	not_admitted	not_admitted	not_admitted	not_admitted	not_admitted	1	203;209963;210952;-;363.3	192;202777;204144;-;384.1	196;205402;206154;-;233.7	207;212409;215048;-;259.0	191;199955;202777;-;346.4	217;219016;220440;-;89.5	207;212409;215048;-;88.7	219;221167;221733;-;167.0	201;209040;209687;-;65.9	200;207026;208981;-;259.4	187;195026;197338;-;393.1	215;217820;218404;-;53.8	187;195026;197338;-;66.6	A	9/9	contiguous	26141	1	1	199330..199932-;200;TraS;0
NZ_MT269850.1	MPF_F	IncFII(pKP91);repB(R1701)	103	0	0	GA	0															not_admitted	not_admitted	not_admitted	not_admitted	not_admitted	not_admitted	not_admitted	not_admitted	not_admitted	not_admitted	1	77;57639;58628;+;363.9	88;64446;65813;+;382.8	84;62437;63189;+;233.7	73;53543;56182;+;260.7	89;65813;68656;+;344.0	63;48157;49581;+;89.2	73;53543;56182;+;88.3	61;46864;47430;+;167.7	79;58904;59551;+;65.9	80;59610;61565;+;259.4	93;71243;73552;+;393.1	65;50193;50777;+;53.2	93;71243;73552;+;66.6	A	9/9	contiguous	24379	1	1	68667..69191+;174;unnamed;0
NZ_MT269851.1	MPF_F	IncFIB(K);IncFII(K)	210	0	0	GA	0															not_admitted	not_admitted	not_admitted	not_admitted	not_admitted	not_admitted	not_admitted	not_admitted	not_admitted	not_admitted	1	148;145308;146297;-;366.6			152;147740;150379;-;258.5		160;153573;154997;-;89.3	152;147740;150379;-;88.2	162;155724;156290;-;169.3	147;144858;145295;-;33.4			159;152875;153459;-;53.6		D	5/9	contiguous	10866	0	0	
NZ_MT293625.1	MPF_T	IncI2(Delta)	80	0	0	GA	1	40;35806;36288;-;81.1		55;51895;52179;-;36.6	54;49532;51889;-;58.5	54;49532;51889;-;44.9	65;57639;58280;-;42.9	66;58286;59284;-;130.8		52;48632;49366;-;144.3	51;47865;48635;-;170.5	50;46736;47875;-;154.7	43;38067;39605;-;207.1	48;43688;45646;-;289.6		pfam	pfam_only	A	7/7	rearranged	1	0	unscoreable	15	1	0														not_admitted	not_admitted	not_admitted	not_admitted	not_admitted	not_admitted	not_admitted
NZ_MT296560.1	MPF_T	-	45	0	0	GA	1		25;21676;22059;-;70.3	24;21354;21671;-;34.8	23;18793;21357;-;93.3	23;18793;21357;-;98.1	18;14568;15344;-;67.8	17;12726;14333;-;103.2		22;18086;18793;-;143.4	21;17207;18073;-;180.2	19;15357;16796;-;216.1	26;22161;23159;-;132.2	41;33907;35796;+;445.1		conjscan	conjscan_only	A	7/7	canonical	1	0	unscoreable	2	0	0														not_admitted	not_admitted	not_admitted	not_admitted	not_admitted	not_admitted	not_admitted
NZ_MT296565.1	MPF_T	-	47	0	0	GA	1		27;24626;25009;-;70.3		25;21743;24307;-;93.3	25;21743;24307;-;98.1	20;17518;18294;-;67.8	19;15676;17304;-;103.1		24;21036;21743;-;143.4	23;20157;21023;-;180.2	21;18307;19746;-;216.1	28;25111;26121;-;132.2	43;36856;38745;+;445.1		conjscan	conjscan_only	A	7/7	canonical	1	0	unscoreable	3	0	0														not_admitted	not_admitted	not_admitted	not_admitted	not_admitted	not_admitted	not_admitted
NZ_MT296568.1	MPF_T	-	48	0	0	GA	1		27;24626;25009;-;70.3	26;24304;24621;-;34.8	25;21743;24307;-;93.3	25;21743;24307;-;98.1	20;17518;18294;-;67.8	19;15676;17304;-;103.1		24;21036;21743;-;143.4	23;20157;21023;-;180.2	21;18307;19746;-;216.1	28;25111;26109;-;132.2	44;36857;38746;+;445.1		conjscan	conjscan_only	A	7/7	canonical	1	0	unscoreable	2	0	0														not_admitted	not_admitted	not_admitted	not_admitted	not_admitted	not_admitted	not_admitted
NZ_MT296571.1	MPF_T	-	47	0	0	GA	1		27;24626;25009;-;70.3		25;21743;24307;-;93.3	25;21743;24307;-;98.1	20;17518;18294;-;67.8	19;15676;17304;-;103.1		24;21036;21743;-;143.4	23;20157;21023;-;180.2	21;18307;19746;-;216.1	28;25111;26121;-;132.2	43;36858;38747;+;445.1		conjscan	conjscan_only	A	7/7	canonical	1	0	unscoreable	3	0	0														not_admitted	not_admitted	not_admitted	not_admitted	not_admitted	not_admitted	not_admitted
NZ_MT296573.1	MPF_T	-	47	0	0	GA	1		27;24626;25009;-;70.3		25;21743;24307;-;93.3	25;21743;24307;-;98.1	20;17518;18294;-;67.8	19;15676;17304;-;103.1		24;21036;21743;-;143.4	23;20157;21023;-;180.2	21;18307;19746;-;216.1	28;25111;26121;-;132.2	43;36857;38746;+;445.1		conjscan	conjscan_only	A	7/7	canonical	1	0	unscoreable	3	0	0														not_admitted	not_admitted	not_admitted	not_admitted	not_admitted	not_admitted	not_admitted
NZ_MT296576.1	MPF_T	-	49	0	0	GA	1		28;25640;26023;-;70.3	27;25318;25635;-;34.8	26;22757;25321;-;93.3	26;22757;25321;-;98.1	21;18532;19308;-;67.8	20;16693;18318;-;103.7		25;22050;22757;-;142.4	24;21171;22037;-;180.2	22;19321;20760;-;216.1	29;26125;27123;-;132.2	45;37868;39757;+;441.7		conjscan	conjscan_only	A	7/7	canonical	1	0	unscoreable	2	0	0														not_admitted	not_admitted	not_admitted	not_admitted	not_admitted	not_admitted	not_admitted
NZ_MT316183.1	MPF_F	IncC	192	0	0	GA	0															not_admitted	not_admitted	not_admitted	not_admitted	not_admitted	not_admitted	not_admitted	not_admitted	not_admitted	not_admitted	1	98;89178;90185;-;332.9	12;10905;12338;-;339.2	13;12340;13368;-;219.7	103;92937;95384;-;354.5	11;7278;10892;-;375.3	108;102940;104256;-;135.0	103;92937;95384;-;128.3	110;105154;105780;-;92.7	100;90850;92115;-;67.9	97;86264;89062;-;145.3	119;109590;111455;-;47.3	107;102365;102943;-;100.2	119;109590;111455;-;52.0	A	9/9	split_2	102312	0	1	
NZ_MT316184.1	MPF_F	IncC	190	0	0	GA	0															not_admitted	not_admitted	not_admitted	not_admitted	not_admitted	not_admitted	not_admitted	not_admitted	not_admitted	not_admitted	1	96;86656;87663;-;332.9	12;10905;12338;-;339.2	13;12340;13368;-;221.7	101;90415;92862;-;354.5	11;7278;10892;-;375.3	106;100418;101734;-;135.0	101;90415;92862;-;128.3	108;102632;103258;-;92.7	98;88328;89593;-;67.9	95;83742;86540;-;145.3	117;107067;108932;-;47.3	105;99843;100421;-;100.2	117;107067;108932;-;52.0	A	9/9	split_2	99789	0	1	
NZ_MT316509.1	MPF_T	IncX4	41	0	0	GA	1	10;4677;5297;+;41.6	11;5311;5637;+;64.4	12;5656;8403;+;63.8	12;5656;8403;+;151.8	12;5656;8403;+;46.1	13;8415;9131;+;94.2	14;9143;10237;+;150.1		16;10752;11438;+;169.0	17;11435;12343;+;142.4	18;12336;13454;+;163.8	19;13456;14484;+;85.0	20;14516;16333;+;314.8		pfam	pfam_only	A	7/7	canonical	1	1	unscoreable	1	0	0														not_admitted	not_admitted	not_admitted	not_admitted	not_admitted	not_admitted	not_admitted
NZ_MT316510.1	MPF_F	IncFIB(K);IncFII(K);IncFII(pAR0022)	123	0	0	GA	0															not_admitted	not_admitted	not_admitted	not_admitted	not_admitted	not_admitted	not_admitted	not_admitted	not_admitted	not_admitted	1	68;65088;66080;-;366.6	58;58204;59571;-;381.2	62;60828;61580;-;232.2	71;67106;69745;-;259.3	57;55397;58204;-;346.6	81;73572;74996;-;88.4	71;67106;69745;-;88.8	83;75723;76289;-;167.0	67;64437;65075;-;67.0	66;62423;64378;-;258.5	53;50930;53242;-;393.1	79;72379;72936;-;52.7	53;50930;53242;-;66.6	A	9/9	contiguous	24793	1	1	54371..55351-;326;unnamed;0
NZ_MT318677.1	MPF_F	IncHI2;IncHI2A	212	0	0	GA	0															not_admitted	not_admitted	not_admitted	not_admitted	not_admitted	not_admitted	not_admitted	not_admitted	not_admitted	not_admitted	1	30;32295;33353;+;276.9			11;8955;11636;+;168.0		7;5270;6625;+;80.7	11;8955;11636;+;72.2	4;2758;3546;+;74.8	28;30642;32153;+;62.0	31;33372;36560;+;57.3		10;7996;8946;+;46.1		C	6/9	split_2	30614	0	1	
NZ_MT320534.1	MPF_F	IncC	196	0	0	GA	0															not_admitted	not_admitted	not_admitted	not_admitted	not_admitted	not_admitted	not_admitted	not_admitted	not_admitted	not_admitted	1	101;76880;77887;+;332.9	186;151221;152654;+;339.2	185;150191;151219;+;221.7	96;71681;74128;+;354.2	187;152667;156281;+;375.3	85;57032;58348;+;135.0	96;71681;74128;+;128.6	83;55508;56134;+;92.1	99;74950;76215;+;67.6	102;78003;80798;+;145.3	74;49833;51698;+;47.4	86;58345;58923;+;100.2	74;49833;51698;+;52.0	A	9/9	split_2	102834	0	1	
NZ_MT338505.1	MPF_T	-	51	0	0	GA	1	11;10012;10662;+;50.6	12;10689;10976;+;44.4	13;10989;13760;+;30.2	13;10989;13760;+;153.3	13;10989;13760;+;89.0	14;13771;14496;+;98.6	16;14754;15755;+;119.9		18;15963;16649;+;134.7	19;16651;17508;+;156.4	20;17518;18627;+;171.2	21;18640;19671;+;93.5	22;19674;21410;+;356.3		pfam	pfam_only	A	7/7	canonical	1	1	unscoreable	2	0	0														not_admitted	not_admitted	not_admitted	not_admitted	not_admitted	not_admitted	not_admitted
NZ_MT338506.1	MPF_T	repUS18	50	0	0	GA	1	28;27792;28481;-;42.3	27;27459;27773;-;28.8	26;27013;27369;-;39.6	25;24627;27041;-;82.6	25;24627;27041;-;35.6	24;23905;24627;-;44.3	23;22871;23884;-;118.6		21;21915;22688;-;145.6	20;21132;21905;-;173.2	19;19970;21139;-;152.6	18;18896;19957;-;91.4	17;17048;18886;-;313.6		pfam	pfam_only	A	7/7	canonical	1	0	unscoreable	1	0	0														not_admitted	not_admitted	not_admitted	not_admitted	not_admitted	not_admitted	not_admitted
NZ_MT407547.1	MPF_F	IncHI2;IncHI2A;IncQ1	284	0	0	GA	0															not_admitted	not_admitted	not_admitted	not_admitted	not_admitted	not_admitted	not_admitted	not_admitted	not_admitted	not_admitted	1	15;15736;16794;+;276.9	179;166204;167619;-;194.1	180;167609;168655;-;174.3	283;255011;257692;+;168.0	178;162242;166195;-;101.7	279;251326;252681;+;80.7	283;255011;257692;+;72.2	276;248814;249602;+;74.8	13;14083;15594;+;62.0	16;16813;20001;+;57.3	187;175697;177781;+;56.8	282;254052;255002;+;46.1	187;175697;177781;+;38.8	A	9/9	split_3	240928	1	1	160772..162061-;429;unnamed;0
NZ_MT439326.1	MPF_F	IncFIB(K);IncFII(K)	196	0	0	GA	0															not_admitted	not_admitted	not_admitted	not_admitted	not_admitted	not_admitted	not_admitted	not_admitted	not_admitted	not_admitted	1	141;154747;155736;-;366.6	131;147833;149200;-;384.5	135;150458;151210;-;231.8	145;157190;159832;-;258.5	130;145011;147833;-;346.4	152;163045;164469;-;89.2	145;157190;159832;-;87.3	154;165196;165762;-;169.3	140;154096;154734;-;66.9	139;152082;154037;-;259.7	126;140087;142396;-;392.8	151;162347;162931;-;54.3	126;140087;142396;-;65.8	A	9/9	contiguous	25109	1	1	144386..144988-;200;TraS;0
NZ_MT439327.1	MPF_F	IncFIB(K);IncFII(K)	189	0	0	GA	0															not_admitted	not_admitted	not_admitted	not_admitted	not_admitted	not_admitted	not_admitted	not_admitted	not_admitted	not_admitted	1	142;135341;136330;+;366.6	152;141877;143244;+;384.5	148;139867;140619;+;231.8	138;131245;133887;+;258.5	153;143244;146066;+;346.4	131;126608;128032;+;89.2	138;131245;133887;+;88.2	129;125315;125881;+;169.3	143;136343;136981;+;66.9	144;137040;138995;+;259.7	157;148681;150990;+;392.8	132;128146;128730;+;54.3	157;148681;150990;+;65.8	A	9/9	contiguous	23366	1	1	146089..146691+;200;TraS;0
NZ_MT441556.1	MPF_T	IncX3	59	0	0	GA	1	31;26351;26995;-;46.4	30;26077;26367;-;73.1	29;23299;26052;-;47.0	29;23299;26052;-;145.4	29;23299;26052;-;73.3	28;22519;23289;-;60.1	26;21185;22240;-;133.2		25;20262;20990;-;119.4	24;19327;20256;-;138.8	23;18116;19330;-;128.3	21;16886;17920;-;65.7	20;15048;16883;-;495.9		pfam	pfam_only	A	7/7	canonical	1	1	unscoreable	2	0	0														not_admitted	not_admitted	not_admitted	not_admitted	not_admitted	not_admitted	not_admitted
NZ_MT449718.1	MPF_T	IncP1	68	0	0	GA	1		33;22697;23080;+;68.7	34;23083;23409;+;50.6	35;23406;25949;+;94.8	35;23406;25949;+;107.0	40;29425;30195;+;104.8	41;30386;31945;+;113.8		36;25946;26653;+;91.8	37;26669;27559;+;152.4	39;28018;29412;+;224.7	32;21627;22583;+;134.8	3;1475;3421;-;442.7		conjscan	conjscan_only	A	7/7	canonical	1	0	unscoreable	2	0	0														not_admitted	not_admitted	not_admitted	not_admitted	not_admitted	not_admitted	not_admitted
NZ_MT449719.1	MPF_T	IncP1	70	0	0	GA	1		35;22843;23226;+;68.7	36;23229;23555;+;50.6	37;23552;26095;+;94.8	37;23552;26095;+;107.0	42;29571;30341;+;104.8	43;30532;32091;+;113.8		38;26092;26799;+;91.8	39;26815;27705;+;152.4	41;28164;29558;+;224.7	34;21773;22729;+;134.8	3;1475;3421;-;442.7		conjscan	conjscan_only	A	7/7	canonical	1	0	unscoreable	2	0	0														not_admitted	not_admitted	not_admitted	not_admitted	not_admitted	not_admitted	not_admitted
NZ_MT449720.1	MPF_F	IncFII	96	0	0	GA	0															not_admitted	not_admitted	not_admitted	not_admitted	not_admitted	not_admitted	not_admitted	not_admitted	not_admitted	not_admitted	1	73;63962;64954;+;369.3	82;70016;71389;+;379.5	77;67653;68426;+;234.0	70;60323;62953;+;303.5	83;71386;74211;+;386.0	63;55618;57045;+;94.3	70;60323;62953;+;98.5	61;54337;54903;+;183.8	74;64963;65601;+;68.7	75;65598;67406;+;268.0	86;75715;77931;+;391.7	67;58173;58688;+;78.6	86;75715;77931;+;70.3	A	9/9	contiguous	21378	1	1	74208..74717+;169;unnamed;0
NZ_MT449721.1	MPF_F	IncFII	90	0	0	GA	0															not_admitted	not_admitted	not_admitted	not_admitted	not_admitted	not_admitted	not_admitted	not_admitted	not_admitted	not_admitted	1	63;53813;54805;+;369.3	72;59867;61240;+;379.5	67;57504;58277;+;234.0	60;50174;52804;+;303.5	73;61237;64062;+;386.0	53;45469;46896;+;94.3	60;50174;52804;+;98.5	51;44188;44754;+;183.8	64;54814;55452;+;68.7	65;55449;57257;+;268.0	76;65571;67805;+;391.7	57;48024;48539;+;78.6	76;65571;67805;+;70.3	A	9/9	contiguous	21383	1	1	64059..64502+;147;unnamed;0
NZ_MT449722.1	MPF_F	IncFII	105	0	0	GA	0															not_admitted	not_admitted	not_admitted	not_admitted	not_admitted	not_admitted	not_admitted	not_admitted	not_admitted	not_admitted	1	79;70908;71900;+;369.3	88;76962;78335;+;379.5	83;74599;75372;+;234.0	76;67269;69899;+;303.5	89;78332;81157;+;386.0	69;62564;63991;+;94.3	76;67269;69899;+;98.5	67;61283;61849;+;183.8	80;71909;72547;+;68.7	81;72544;74352;+;268.0	95;84243;86213;+;392.1	73;65119;65634;+;78.6	95;84243;86213;+;70.6	A	9/9	contiguous	22960	1	1	81154..81663+;169;unnamed;0
NZ_MT468575.1	MPF_F	IncFII(pECLA)	131	0	0	GA	0															not_admitted	not_admitted	not_admitted	not_admitted	not_admitted	not_admitted	not_admitted	not_admitted	not_admitted	not_admitted	1	18;22419;23417;-;358.3	9;15821;17185;-;367.2	15;19150;19932;-;210.2	28;27639;30248;-;223.5	8;12864;15821;-;311.3	36;32854;34263;-;92.2	28;27639;30248;-;103.7	38;35012;35593;-;94.6	17;21785;22408;-;63.4	16;19929;21788;-;213.3	3;7645;10236;-;366.9	30;30496;31050;-;44.6	3;7645;10236;-;71.1	A	9/9	contiguous	27367	1	1	12173..12862-;229;unnamed;0
NZ_MT499884.1	MPF_F	IncHI2;IncHI2A	221	0	0	GA	0															not_admitted	not_admitted	not_admitted	not_admitted	not_admitted	not_admitted	not_admitted	not_admitted	not_admitted	not_admitted	1	32;34374;35432;+;276.9			16;12959;15640;+;168.0		12;9274;10629;+;80.7	16;12959;15640;+;72.2	9;6762;7550;+;74.8	30;32721;34232;+;62.0	33;35451;38639;+;57.3		15;12000;12950;+;46.1		C	6/9	contiguous	28689	0	1	
NZ_MT499885.1	MPF_T	IncI2	80	0	0	GA	1	53;41240;41722;-;81.1		66;56789;57073;-;36.5	65;54426;56783;-;58.4	65;54426;56783;-;44.9	78;63211;63855;-;41.0			64;53530;54264;-;144.9	63;52763;53533;-;170.4	62;51634;52773;-;149.2	56;43490;45028;-;207.1	60;48586;50544;-;287.0		pfam	pfam_only	B	6/7	uncallable	0	0	unscoreable	15	0	0														not_admitted	not_admitted	not_admitted	not_admitted	not_admitted	not_admitted	not_admitted
NZ_MT499886.1	MPF_T	IncX4	41	0	0	GA	1	14;6777;7397;+;41.6	15;7411;7737;+;64.4	16;7756;10503;+;63.8	16;7756;10503;+;151.8	16;7756;10503;+;46.1	17;10515;11231;+;94.2	18;11243;12337;+;150.1		20;12852;13538;+;169.0	21;13535;14443;+;142.4	22;14436;15554;+;163.9	23;15556;16584;+;85.0	24;16616;18433;+;314.8		pfam	pfam_only	A	7/7	canonical	1	1	unscoreable	1	0	0														not_admitted	not_admitted	not_admitted	not_admitted	not_admitted	not_admitted	not_admitted
NZ_MT505391.1	MPF_T	IncI2	74	0	0	GA	1	36;32166;32648;-;81.1		51;48268;48552;-;36.5	50;45905;48262;-;58.5	50;45905;48262;-;44.9	60;53208;53855;-;41.6	61;53861;54847;-;122.2		48;45005;45739;-;144.3	47;44238;45008;-;170.5	46;43109;44248;-;154.7	39;34416;35954;-;207.1	44;40037;41995;-;287.0		pfam	pfam_only	A	7/7	rearranged	1	0	unscoreable	14	0	0														not_admitted	not_admitted	not_admitted	not_admitted	not_admitted	not_admitted	not_admitted
NZ_MT513102.1	MPF_F	IncHI2;IncHI2A	271	0	0	GA	0															not_admitted	not_admitted	not_admitted	not_admitted	not_admitted	not_admitted	not_admitted	not_admitted	not_admitted	not_admitted	1	27;31208;32266;+;276.9	185;173591;175006;-;194.1	186;174996;176042;-;174.3	11;8955;11636;+;168.0	184;169629;173582;-;101.7	7;5270;6625;+;80.7	11;8955;11636;+;72.2	4;2758;3546;+;74.8	25;29555;31066;+;61.8	28;32285;35473;+;57.3	193;183084;185168;+;56.8	10;7996;8946;+;46.1	193;183084;185168;+;38.8	A	9/9	split_3	180326	1	1	168159..169448-;429;unnamed;0
NZ_MT536763.1	MPF_T	IncI2(Delta)	103	0	0	GA	1	63;50749;51231;-;81.1		78;66661;66945;-;36.6	77;64298;66655;-;56.5	77;64298;66655;-;44.9	91;73096;73740;-;41.9	92;73746;74741;-;123.2		75;63398;64132;-;144.3	74;62631;63401;-;170.5	73;61502;62641;-;154.7	66;52978;54516;-;207.1	71;58454;60412;-;289.6		pfam	pfam_only	A	7/7	rearranged	1	0	unscoreable	18	0	0														not_admitted	not_admitted	not_admitted	not_admitted	not_admitted	not_admitted	not_admitted
NZ_MT549900.1	MPF_F	IncU;repFIB;repHI5B	374	0	0	GA	0															not_admitted	not_admitted	not_admitted	not_admitted	not_admitted	not_admitted	not_admitted	not_admitted	not_admitted	not_admitted	1	27;25529;26566;-;282.2	243;220202;221644;+;188.6	242;219208;220245;+;172.0	38;37435;40152;-;143.5	244;221646;225590;+;119.0	42;42275;43642;-;63.7	38;37435;40152;-;80.6	45;45297;46157;-;73.9	28;26563;27924;-;71.7	26;22338;25514;-;58.7	235;209842;211968;-;62.0	39;40201;40938;-;56.3	235;209842;211968;-;39.7	A	9/9	split_2	199308	0	1	
NZ_MT551208.1	MPF_F	IncC	173	0	0	GA	0															not_admitted	not_admitted	not_admitted	not_admitted	not_admitted	not_admitted	not_admitted	not_admitted	not_admitted	not_admitted	1	99;75542;76549;+;332.9	163;129391;130824;+;339.2	162;128361;129389;+;221.7	94;70343;72790;+;354.2	164;130837;134451;+;375.3	85;57032;58348;+;135.0	94;70343;72790;+;128.6	83;55508;56134;+;92.1	97;73612;74877;+;67.6	100;76665;79460;+;145.3	74;49833;51698;+;47.4	86;58345;58923;+;100.2	74;49833;51698;+;52.0	A	9/9	split_2	81004	0	1	
NZ_MT554516.1	MPF_T	IncI2;IncN;IncX1	157	0	0	GA	1	119;98600;99082;-;81.1		134;114658;114942;-;36.5	133;112295;114652;-;59.8	133;112295;114652;-;45.0	145;120505;121152;-;41.6	146;121158;122144;-;120.4		131;111398;112132;-;144.3	130;110631;111401;-;169.8	129;109502;110641;-;154.7	122;100851;102389;-;207.1	127;106454;108412;-;287.0		pfam	pfam_only	A	7/7	rearranged	1	0	unscoreable	16	0	0														not_admitted	not_admitted	not_admitted	not_admitted	not_admitted	not_admitted	not_admitted
NZ_MT559985.1	MPF_F	IncC;IncFIA(HI1);IncFIB(K)	291	0	0	GA	0															not_admitted	not_admitted	not_admitted	not_admitted	not_admitted	not_admitted	not_admitted	not_admitted	not_admitted	not_admitted	1	201;166155;167162;+;332.9	281;237290;238723;+;339.2	280;236260;237288;+;221.7	196;160956;163403;+;354.2	282;238736;242350;+;375.3	183;146573;147889;+;135.0	196;160956;163403;+;128.6	181;145049;145675;+;92.1	199;164225;165490;+;67.6	202;167278;170073;+;145.3	172;139374;141239;+;47.4	184;147886;148464;+;100.2	172;139374;141239;+;52.0	A	9/9	split_2	99362	0	1	
NZ_MT559986.1	MPF_F	IncC	195	0	0	GA	0															not_admitted	not_admitted	not_admitted	not_admitted	not_admitted	not_admitted	not_admitted	not_admitted	not_admitted	not_admitted	1	99;75542;76549;+;332.9	185;150691;152124;+;339.2	184;149661;150689;+;221.7	94;70343;72790;+;354.2	186;152137;155751;+;375.3	85;57032;58348;+;135.0	94;70343;72790;+;128.6	83;55508;56134;+;92.1	97;73612;74877;+;67.6	100;76665;79460;+;145.3	74;49833;51698;+;47.4	86;58345;58923;+;100.2	74;49833;51698;+;52.0	A	9/9	split_2	102304	0	1	
NZ_MT559987.1	MPF_F	IncC	110	0	0	GA	0															not_admitted	not_admitted	not_admitted	not_admitted	not_admitted	not_admitted	not_admitted	not_admitted	not_admitted	not_admitted	1		97;78542;79975;+;339.2	96;77512;78540;+;221.7	75;56875;59322;+;354.2	98;79988;81619;+;378.8	66;43564;44880;+;135.0	75;56875;59322;+;128.6					67;44877;45455;+;100.2		D	5/9	split_2	36424	1	0	81671..81997+;108;unnamed;0
NZ_MT559988.1	MPF_F	IncC	179	0	0	GA	0															not_admitted	not_admitted	not_admitted	not_admitted	not_admitted	not_admitted	not_admitted	not_admitted	not_admitted	not_admitted	1	98;75545;76552;+;332.9	169;136527;137960;+;339.2	168;135497;136525;+;221.7	93;70346;72793;+;354.2	170;137973;141587;+;375.3		93;70346;72793;+;128.6		96;73615;74880;+;67.6	99;76668;79463;+;145.3	9;5133;6998;-;47.4		9;5133;6998;-;52.0	C	7/9	split_3	132840	0	1	
NZ_MT559989.1	MPF_F	IncC	268	0	0	GA	0															not_admitted	not_admitted	not_admitted	not_admitted	not_admitted	not_admitted	not_admitted	not_admitted	not_admitted	not_admitted	1	159;112971;113978;-;332.9	258;204415;205848;+;339.2	257;203385;204413;+;221.7	164;116730;119177;-;354.2	259;205861;209475;+;375.3	175;131172;132488;-;135.0	164;116730;119177;-;128.6	177;133386;134012;-;92.1	161;114643;115908;-;67.6	158;110060;112855;-;145.3	186;137822;139687;-;47.4	174;130597;131175;-;100.2	186;137822;139687;-;52.0	A	9/9	split_2	95801	0	1	
NZ_MT559991.1	MPF_F	IncC	192	0	0	GA	0															not_admitted	not_admitted	not_admitted	not_admitted	not_admitted	not_admitted	not_admitted	not_admitted	not_admitted	not_admitted	1	101;76614;77621;+;332.9	182;147749;149182;+;339.2	181;146719;147747;+;221.7	96;71415;73862;+;354.2	183;149195;152809;+;375.3	85;57032;58348;+;135.0	96;71415;73862;+;128.6	83;55508;56134;+;92.1	99;74684;75949;+;67.6	102;77737;80532;+;145.3	74;49833;51698;+;47.4	86;58345;58923;+;100.2	74;49833;51698;+;52.0	A	9/9	split_2	99362	0	1	
NZ_MT559992.1	MPF_F	IncC	172	0	0	GA	0															not_admitted	not_admitted	not_admitted	not_admitted	not_admitted	not_admitted	not_admitted	not_admitted	not_admitted	not_admitted	1		162;126989;128422;+;339.2	161;125959;126987;+;221.7	132;99231;101150;+;355.4	163;128435;132049;+;375.3	127;90359;91675;+;135.0	132;99231;101150;+;71.0	125;88835;89461;+;92.7			116;83160;85025;+;47.3	128;91672;92250;+;100.2	116;83160;85025;+;52.0	C	6/9	split_2	45275	0	0	
NZ_MT559994.1	MPF_F	IncC	202	0	0	GA	0															not_admitted	not_admitted	not_admitted	not_admitted	not_admitted	not_admitted	not_admitted	not_admitted	not_admitted	not_admitted	1	97;75086;76093;+;332.9	192;156339;157772;+;339.2	191;155309;156337;+;221.7	92;69887;72334;+;354.2	193;157785;161399;+;375.3	83;56576;57892;+;135.0	92;69887;72334;+;128.6	81;55052;55678;+;92.1	95;73156;74421;+;67.6	101;79418;80317;+;96.3	72;49377;51242;+;47.4	84;57889;58467;+;100.2	72;49377;51242;+;52.0	A	9/9	split_2	108408	0	1	
NZ_MT559997.1	MPF_F	IncC	202	0	0	GA	0															not_admitted	not_admitted	not_admitted	not_admitted	not_admitted	not_admitted	not_admitted	not_admitted	not_admitted	not_admitted	1	96;75086;76093;+;332.9	192;157479;158912;+;339.2	191;156449;157477;+;221.7	91;69887;72334;+;354.2	193;158925;162539;+;375.3	82;56576;57892;+;135.0	91;69887;72334;+;128.6	80;55052;55678;+;92.1	94;73156;74421;+;67.6	97;76209;79004;+;145.3	71;49377;51242;+;47.4	83;57889;58467;+;100.2	71;49377;51242;+;52.0	A	9/9	split_2	109548	0	1	
NZ_MT559999.1	MPF_F	IncC	144	0	0	GA	0															not_admitted	not_admitted	not_admitted	not_admitted	not_admitted	not_admitted	not_admitted	not_admitted	not_admitted	not_admitted	1		134;106535;107968;+;339.2	133;105505;106533;+;221.7	94;70343;71230;+;226.5	135;107981;111595;+;375.3	85;57032;58348;+;135.0		83;55508;56134;+;92.1			74;49833;51698;+;47.4	86;58345;58923;+;100.2	74;49833;51698;+;52.0	C	6/9	split_2	58148	0	0	
NZ_MT560000.1	MPF_F	IncC	148	0	0	GA	0															not_admitted	not_admitted	not_admitted	not_admitted	not_admitted	not_admitted	not_admitted	not_admitted	not_admitted	not_admitted	1		138;114697;116130;+;339.2	137;113667;114695;+;221.7	98;78505;79392;+;226.5	139;116143;119757;+;375.3	89;65194;66510;+;135.0		87;63670;64296;+;92.1			78;57995;59860;+;47.4	90;66507;67085;+;100.2	78;57995;59860;+;52.0	C	6/9	split_2	58148	0	0	
NZ_MT560001.1	MPF_F	IncC	230	0	0	GA	0															not_admitted	not_admitted	not_admitted	not_admitted	not_admitted	not_admitted	not_admitted	not_admitted	not_admitted	not_admitted	1	110;86128;87135;+;332.9	220;183704;185137;+;339.2	219;182674;183702;+;221.7	105;80929;83376;+;354.2	221;185150;188764;+;375.3	46;27255;28415;+;156.3	105;80929;83376;+;128.6	95;69346;69972;+;92.1	108;84198;85463;+;67.6	111;87251;90046;+;145.3	86;63671;65536;+;47.4	98;72183;72761;+;100.2	86;63671;65536;+;52.0	A	9/9	split_3	157895	0	1	
NZ_MT560002.1	MPF_F	IncC	186	0	0	GA	0															not_admitted	not_admitted	not_admitted	not_admitted	not_admitted	not_admitted	not_admitted	not_admitted	not_admitted	not_admitted	1	99;75542;76549;+;332.9	176;143275;144708;+;339.2	175;142245;143273;+;221.7	94;70343;72790;+;354.2	177;144721;148335;+;375.3	85;57032;58348;+;135.0	94;70343;72790;+;128.6	83;55508;56134;+;92.1	97;73612;74877;+;67.6	100;76665;79460;+;145.3	74;49833;51698;+;47.4	86;58345;58923;+;100.2	74;49833;51698;+;52.0	A	9/9	split_2	94888	0	1	
NZ_MT560003.1	MPF_F	IncC	176	0	0	GA	0															not_admitted	not_admitted	not_admitted	not_admitted	not_admitted	not_admitted	not_admitted	not_admitted	not_admitted	not_admitted	1	66;49290;50297;-;332.9	166;137261;138694;+;339.2	165;136231;137259;+;221.7	71;53049;55496;-;354.2	167;138707;142321;+;375.3	80;67491;68807;-;135.0	71;53049;55496;-;128.6	82;69705;70331;-;92.1	68;50962;52227;-;67.6	65;46274;49174;-;145.1	91;74141;76006;-;47.4	79;66916;67494;-;100.2	91;74141;76006;-;52.0	A	9/9	split_2	92433	0	1	
NZ_MT560062.1	MPF_F	repB(R1701)	133	0	0	GA	0															not_admitted	not_admitted	not_admitted	not_admitted	not_admitted	not_admitted	not_admitted	not_admitted	not_admitted	not_admitted	1	77;65471;66460;-;366.0	67;59267;59980;-;208.7	71;61182;61934;-;230.7	81;67903;70542;-;258.5		89;73801;75225;-;89.2	81;67903;70542;-;88.7	91;75952;76518;-;169.3	76;64820;65458;-;67.0	75;62806;64761;-;259.7		88;73103;73687;-;55.4		B	8/9	contiguous	16685	0	1	
NZ_MT560064.1	MPF_F	IncHI2;IncHI2A	332	0	0	GA	0															not_admitted	not_admitted	not_admitted	not_admitted	not_admitted	not_admitted	not_admitted	not_admitted	not_admitted	not_admitted	1	28;31209;32267;+;276.9	172;159777;161192;-;194.1	173;161182;162228;-;173.7	11;8955;11636;+;168.0	171;155818;159768;-;101.6	7;5270;6625;+;80.7	11;8955;11636;+;72.2	4;2758;3546;+;74.8	26;29556;31067;+;62.7	29;32286;35474;+;58.3	179;169269;171353;+;56.7	10;7996;8946;+;46.4	179;169269;171353;+;38.8	A	9/9	split_3	166511	0	1	
NZ_MT560072.1	MPF_F	IncFIB(K);IncFII(K)	220	0	0	GA	0															not_admitted	not_admitted	not_admitted	not_admitted	not_admitted	not_admitted	not_admitted	not_admitted	not_admitted	not_admitted	1	164;166525;167517;-;366.6	154;159704;161074;-;381.2	158;162276;163028;-;232.4	167;168543;171182;-;258.7	153;156855;159704;-;344.2	176;174997;176421;-;89.2	167;168543;171182;-;88.8	178;177148;177714;-;167.0	163;165874;166512;-;67.0	162;163871;165877;-;259.0	149;152057;154369;-;392.7	174;173816;174385;-;49.7	149;152057;154369;-;66.5	A	9/9	contiguous	25091	1	1	156294..156842-;182;unnamed;0
NZ_MT560074.1	MPF_T	IncX3	54	0	0	GA	1	25;21198;21842;-;46.4	24;20924;21214;-;73.1	23;18146;20899;-;47.0	23;18146;20899;-;145.4	23;18146;20899;-;73.3	22;17366;18136;-;60.1	20;16032;17087;-;133.2		19;15109;15837;-;119.4	18;14174;15103;-;138.8	17;12963;14177;-;128.3	15;11733;12767;-;65.7	14;9895;11730;-;495.9		pfam	pfam_only	A	7/7	canonical	1	1	unscoreable	2	0	0														not_admitted	not_admitted	not_admitted	not_admitted	not_admitted	not_admitted	not_admitted
NZ_MT560075.1	MPF_F	IncFIB(pQil);IncFII(K)	135	0	0	GA	0															not_admitted	not_admitted	not_admitted	not_admitted	not_admitted	not_admitted	not_admitted	not_admitted	not_admitted	not_admitted	1	78;74604;75596;-;366.6	68;67783;69153;-;381.2	72;70355;71107;-;232.4	81;76622;79261;-;258.7	67;64934;67783;-;344.2	90;83076;84500;-;89.2	81;76622;79261;-;88.8	92;85227;85817;-;164.5	77;73953;74591;-;67.0	76;71950;73956;-;259.0	63;60808;63120;-;393.1	88;81895;82464;-;49.7	63;60808;63120;-;66.6	A	9/9	contiguous	24419	1	1	64401..64931-;176;unnamed;0
NZ_MT560076.1	MPF_T	IncX3	55	0	0	GA	1	25;21198;21842;-;46.4	24;20924;21214;-;73.1	23;18146;20899;-;47.0	23;18146;20899;-;145.4	23;18146;20899;-;73.3	22;17366;18136;-;60.1	20;16032;17087;-;133.2		19;15109;15837;-;119.4	18;14174;15103;-;138.8	17;12963;14177;-;128.3	15;11733;12767;-;65.7	14;9895;11730;-;495.9		pfam	pfam_only	A	7/7	canonical	1	1	unscoreable	2	0	0														not_admitted	not_admitted	not_admitted	not_admitted	not_admitted	not_admitted	not_admitted
NZ_MT560078.1	MPF_F	IncFIB(pQil);IncFII(K)	136	0	0	GA	0															not_admitted	not_admitted	not_admitted	not_admitted	not_admitted	not_admitted	not_admitted	not_admitted	not_admitted	not_admitted	1	82;76146;77135;-;366.0	71;69232;70599;-;380.7	75;71857;72609;-;233.7	86;78578;81217;-;258.5	70;66383;69232;-;345.6	94;84474;85898;-;88.8	86;78578;81217;-;88.7	96;86625;87191;-;169.3	81;75495;76133;-;67.0	79;73481;75001;-;260.5	66;61585;63897;-;392.7	93;83776;84360;-;55.4	66;61585;63897;-;66.5	A	9/9	contiguous	25040	1	1	65822..66370-;182;unnamed;0
NZ_MT586601.1	MPF_F	IncFIA(HI1);IncHI1A;IncHI1B(R27);IncQ1	256	0	0	GA	0															not_admitted	not_admitted	not_admitted	not_admitted	not_admitted	not_admitted	not_admitted	not_admitted	not_admitted	not_admitted	1	16;16105;17157;+;277.6	169;157719;159134;-;201.7	170;159124;160170;-;171.3	255;228384;231065;+;160.9	168;153721;157710;-;103.1	251;224678;226036;+;84.0	255;228384;231065;+;76.5	248;222226;223011;+;68.7	14;14452;15960;+;65.6	17;17180;20356;+;58.9	176;167105;169189;+;50.2	254;227425;228375;+;45.2	176;167105;169189;+;36.5	A	9/9	split_3	213932	0	1	
NZ_MT586602.1	MPF_F	IncFIA(HI1);IncHI1A;IncHI1B(R27);IncQ1	264	0	0	GA	0															not_admitted	not_admitted	not_admitted	not_admitted	not_admitted	not_admitted	not_admitted	not_admitted	not_admitted	not_admitted	1	16;16105;17157;+;277.6	176;163268;164683;-;201.7	177;164673;165719;-;171.3	263;235246;237927;+;160.9	175;159270;163259;-;103.1	259;231540;232898;+;84.0	263;235246;237927;+;76.5	256;229088;229873;+;68.7	14;14452;15960;+;65.6	17;17180;20356;+;58.9	183;172654;174738;+;50.2	262;234287;235237;+;45.2	183;172654;174738;+;36.5	A	9/9	split_3	220794	0	1	
NZ_MT586603.1	MPF_F	IncFIA(HI1);IncHI1A;IncHI1B(R27);IncQ1	265	0	0	GA	0															not_admitted	not_admitted	not_admitted	not_admitted	not_admitted	not_admitted	not_admitted	not_admitted	not_admitted	not_admitted	1	16;16105;17157;+;277.6	177;165665;167080;-;201.7	178;167070;168116;-;171.3	264;237644;240325;+;160.9	176;161667;165656;-;103.1	260;233938;235296;+;84.0	264;237644;240325;+;76.5	257;231486;232271;+;68.7	14;14452;15960;+;65.6	17;17180;20356;+;58.9	184;175051;177135;+;50.2	263;236685;237635;+;45.2	184;175051;177135;+;36.5	A	9/9	split_3	223192	0	1	
NZ_MT586604.1	MPF_F	IncFIA(HI1);IncHI1A;IncHI1B(R27);IncQ1	239	0	0	GA	0															not_admitted	not_admitted	not_admitted	not_admitted	not_admitted	not_admitted	not_admitted	not_admitted	not_admitted	not_admitted	1	16;16105;17157;+;277.6	147;132558;133973;-;201.7	148;133963;135009;-;171.3	238;207122;209803;+;160.9	146;128560;132549;-;103.1	234;203416;204774;+;84.0	238;207122;209803;+;76.5	231;200964;201749;+;68.7	14;14452;15960;+;65.6	17;17180;20356;+;58.9	154;141944;144028;+;50.2	237;206163;207113;+;45.2	154;141944;144028;+;36.5	A	9/9	split_3	192670	0	1	
NZ_MT586605.1	MPF_F	IncFIA(HI1);IncHI1A;IncHI1B(R27);IncQ1	265	0	0	GA	0															not_admitted	not_admitted	not_admitted	not_admitted	not_admitted	not_admitted	not_admitted	not_admitted	not_admitted	not_admitted	1	16;16105;17157;+;277.6	175;163573;164988;-;201.7	176;164978;166024;-;171.3	264;236786;239467;+;160.9	174;159575;163564;-;103.1	260;233080;234438;+;84.0	264;236786;239467;+;76.5	257;230628;231413;+;68.7	14;14452;15960;+;65.6	17;17180;20356;+;58.9	182;172959;175043;+;50.2	263;235827;236777;+;45.2	182;172959;175043;+;36.5	A	9/9	split_3	222334	0	1	
NZ_MT586606.1	MPF_F	IncFIA(HI1);IncHI1A;IncHI1B(R27);IncQ1	267	0	0	GA	0															not_admitted	not_admitted	not_admitted	not_admitted	not_admitted	not_admitted	not_admitted	not_admitted	not_admitted	not_admitted	1	16;16105;17157;+;277.6	176;164823;166238;-;201.7	177;166228;167274;-;171.3	266;239107;241788;+;160.9	175;160825;164814;-;103.1	262;235401;236759;+;84.0	266;239107;241788;+;76.5	259;232949;233734;+;68.7	14;14452;15960;+;65.6	17;17180;20356;+;58.9	183;174209;176293;+;50.2	265;238148;239098;+;45.2	183;174209;176293;+;36.5	A	9/9	split_3	224655	1	1	159901..160605-;234;unnamed;0
NZ_MT586607.1	MPF_F	IncFIA(HI1);IncHI1A;IncHI1B(R27);IncQ1	267	0	0	GA	0															not_admitted	not_admitted	not_admitted	not_admitted	not_admitted	not_admitted	not_admitted	not_admitted	not_admitted	not_admitted	1	16;16105;17157;+;277.6	176;164822;166237;-;201.7	177;166227;167273;-;171.3	266;239093;241774;+;160.9	175;160824;164813;-;103.1	262;235387;236745;+;84.0	266;239093;241774;+;76.5	259;232935;233720;+;68.7	14;14452;15960;+;65.6	17;17180;20356;+;58.9	183;174208;176292;+;50.2	265;238134;239084;+;45.2	183;174208;176292;+;36.5	A	9/9	split_3	224641	1	1	159900..160604-;234;unnamed;0
NZ_MT586608.1	MPF_F	IncFIA(HI1);IncHI1A;IncHI1B(R27);IncQ1	261	0	0	GA	0															not_admitted	not_admitted	not_admitted	not_admitted	not_admitted	not_admitted	not_admitted	not_admitted	not_admitted	not_admitted	1	16;16121;17173;+;277.6	173;162253;163668;-;201.7	174;163658;164704;-;171.3	260;234244;236925;+;160.9	172;158255;162244;-;103.1	256;230538;231896;+;84.0	260;234244;236925;+;76.5	253;228086;228871;+;68.7	14;14468;15976;+;65.6	17;17196;20372;+;58.9	180;171639;173723;+;50.2	259;233285;234235;+;45.2	180;171639;173723;+;36.5	A	9/9	split_3	219776	0	1	
NZ_MT586609.1	MPF_F	IncFIA(HI1);IncHI1A;IncHI1B(R27);IncQ1	267	0	0	GA	0															not_admitted	not_admitted	not_admitted	not_admitted	not_admitted	not_admitted	not_admitted	not_admitted	not_admitted	not_admitted	1	16;16105;17157;+;277.6	176;164823;166238;-;201.7	177;166228;167274;-;171.3	266;239107;241788;+;160.9	175;160825;164814;-;103.1	262;235401;236759;+;84.0	266;239107;241788;+;76.5	259;232949;233734;+;68.7	14;14452;15960;+;65.6	17;17180;20356;+;58.9	183;174209;176293;+;50.2	265;238148;239098;+;45.2	183;174209;176293;+;36.5	A	9/9	split_3	224655	1	1	159901..160605-;234;unnamed;0
NZ_MT587865.1	MPF_F	IncFII	87	0	0	GA	0															not_admitted	not_admitted	not_admitted	not_admitted	not_admitted	not_admitted	not_admitted	not_admitted	not_admitted	not_admitted	1	44;35665;36657;+;369.3	53;41719;43092;+;381.0	48;39356;40129;+;234.0	41;32026;34656;+;303.5	54;43089;45914;+;386.0	34;27321;28748;+;94.3	41;32026;34656;+;98.5	32;26040;26606;+;183.8	45;36666;37304;+;68.7	46;37301;39109;+;268.0	57;47418;49616;+;391.7	38;29876;30391;+;78.6	57;47418;49616;+;70.3	A	9/9	contiguous	21378	1	1	45911..46420+;169;unnamed;0
NZ_MT604108.1	MPF_F	IncHI2;IncHI2A;IncQ1	294	0	0	GA	0															not_admitted	not_admitted	not_admitted	not_admitted	not_admitted	not_admitted	not_admitted	not_admitted	not_admitted	not_admitted	1	27;31207;32265;+;276.9	207;195439;196854;-;194.1	208;196844;197890;-;172.5	11;8955;11636;+;168.0	206;191480;195430;-;101.6	7;5270;6625;+;80.7	11;8955;11636;+;72.2	4;2758;3546;+;74.8	25;29554;31065;+;62.0	28;32284;35472;+;57.3	215;204930;207014;+;56.8	10;7996;8946;+;46.1	215;204930;207014;+;38.8	A	9/9	split_3	202172	1	1	190010..191299-;429;unnamed;0
NZ_MT621561.1	MPF_T	IncX3	57	0	0	GA	1	30;28364;29008;-;46.4	29;28090;28380;-;73.1	28;25312;28065;-;47.0	28;25312;28065;-;142.4	28;25312;28065;-;73.3	27;24532;25302;-;60.1	25;23198;24253;-;133.2		24;22275;23003;-;119.4	23;21340;22269;-;138.8	22;20129;21343;-;128.3	20;18899;19933;-;65.7	19;17061;18896;-;495.9		pfam	pfam_only	A	7/7	canonical	1	1	unscoreable	2	0	0														not_admitted	not_admitted	not_admitted	not_admitted	not_admitted	not_admitted	not_admitted
NZ_MT621562.1	MPF_T	IncX3	58	0	0	GA	1	24;14991;15635;+;46.4	25;15619;15909;+;73.1	26;15934;18687;+;47.0	26;15934;18687;+;142.4	26;15934;18687;+;73.3	27;18697;19467;+;60.1	29;19746;20801;+;133.2		30;20996;21724;+;119.4	31;21730;22659;+;138.8	32;22656;23870;+;128.3	34;24066;25100;+;65.7	35;25103;26938;+;495.9		pfam	pfam_only	A	7/7	canonical	1	1	unscoreable	2	0	0														not_admitted	not_admitted	not_admitted	not_admitted	not_admitted	not_admitted	not_admitted
NZ_MT621563.1	MPF_T	IncX3	58	0	0	GA	1	23;14374;15018;+;46.4	24;15002;15292;+;73.1	25;15317;18070;+;47.0	25;15317;18070;+;142.4	25;15317;18070;+;73.3	26;18080;18850;+;60.1	28;19129;20184;+;133.2		29;20379;21107;+;119.4	30;21113;22042;+;138.8	31;22039;23253;+;128.3	33;23449;24483;+;65.7	34;24486;26321;+;495.9		pfam	pfam_only	A	7/7	canonical	1	1	unscoreable	2	0	0														not_admitted	not_admitted	not_admitted	not_admitted	not_admitted	not_admitted	not_admitted
NZ_MT621564.1	MPF_T	IncX3	57	0	0	GA	1	24;15033;15677;+;46.4	25;15661;15951;+;73.1	26;15976;18729;+;47.0	26;15976;18729;+;142.4	26;15976;18729;+;73.3	27;18739;19509;+;60.1	29;19788;20843;+;133.2		30;21038;21766;+;119.4	31;21772;22701;+;138.8	32;22698;23912;+;128.3	34;24108;25142;+;65.7	35;25145;26980;+;495.9		pfam	pfam_only	A	7/7	canonical	1	1	unscoreable	2	0	0														not_admitted	not_admitted	not_admitted	not_admitted	not_admitted	not_admitted	not_admitted
NZ_MT621565.1	MPF_T	IncX3	57	0	0	GA	1	33;30069;30713;-;46.4	32;29795;30085;-;73.1	31;27017;29770;-;47.0	31;27017;29770;-;142.4	31;27017;29770;-;73.3	30;26237;27007;-;60.1	28;24903;25958;-;133.2		27;23980;24708;-;119.4	26;23045;23974;-;138.8	25;21834;23048;-;128.3	23;20604;21638;-;65.7	22;18766;20601;-;495.9		pfam	pfam_only	A	7/7	canonical	1	1	unscoreable	2	0	0														not_admitted	not_admitted	not_admitted	not_admitted	not_admitted	not_admitted	not_admitted
NZ_MT621566.1	MPF_T	IncX3	58	0	0	GA	1	23;14424;15068;+;46.4	24;15052;15342;+;73.1	25;15367;18120;+;47.0	25;15367;18120;+;142.4	25;15367;18120;+;73.3	26;18130;18900;+;60.1	28;19179;20234;+;133.2		29;20429;21157;+;119.4	30;21163;22092;+;138.8	31;22089;23303;+;128.3	33;23499;24533;+;65.7	34;24536;26371;+;495.9		pfam	pfam_only	A	7/7	canonical	1	1	unscoreable	2	0	0														not_admitted	not_admitted	not_admitted	not_admitted	not_admitted	not_admitted	not_admitted
NZ_MT621567.1	MPF_T	IncX3	57	0	0	GA	1	21;13562;14206;+;46.4	22;14190;14480;+;73.1	23;14505;17258;+;47.0	23;14505;17258;+;142.4	23;14505;17258;+;73.3	24;17268;18038;+;60.1	26;18317;19372;+;133.2		27;19567;20295;+;119.4	28;20301;21230;+;138.8	29;21227;22441;+;128.3	31;22637;23671;+;65.7	32;23674;25509;+;495.9		pfam	pfam_only	A	7/7	canonical	1	1	unscoreable	2	0	0														not_admitted	not_admitted	not_admitted	not_admitted	not_admitted	not_admitted	not_admitted
NZ_MT621568.1	MPF_T	IncX3	57	0	0	GA	1	21;13562;14206;+;46.4	22;14190;14480;+;73.1	23;14505;17258;+;47.0	23;14505;17258;+;142.4	23;14505;17258;+;73.3	24;17268;18038;+;60.1	26;18317;19372;+;133.2		27;19567;20295;+;119.4	28;20301;21230;+;138.8	29;21227;22441;+;128.3	31;22637;23671;+;65.7	32;23674;25509;+;495.9		pfam	pfam_only	A	7/7	canonical	1	1	unscoreable	2	0	0														not_admitted	not_admitted	not_admitted	not_admitted	not_admitted	not_admitted	not_admitted
NZ_MT621569.1	MPF_F	IncFII	82	0	0	GA	0															not_admitted	not_admitted	not_admitted	not_admitted	not_admitted	not_admitted	not_admitted	not_admitted	not_admitted	not_admitted	1	61;64450;65442;-;369.3	52;58015;59388;-;381.0	57;60978;61751;-;234.0	64;66451;69081;-;303.5	51;55193;58018;-;386.0	71;72359;73786;-;94.3	64;66451;69081;-;98.5	73;74501;75067;-;183.8	60;63803;64441;-;68.7	59;61998;63806;-;268.0	48;51482;53689;-;391.7	67;70716;71231;-;78.6	48;51482;53689;-;70.3	A	9/9	contiguous	23019	1	1	54687..55196-;169;unnamed;0
NZ_MT635909.1	-	ColKP3;IncFII(Yp);IncFII(pAR0022)	96	0	0	GA	0															not_admitted	not_admitted	not_admitted	not_admitted	not_admitted	not_admitted	not_admitted	not_admitted	not_admitted	not_admitted	1	78;66131;67126;+;369.5	85;71644;73011;+;352.7	81;69706;70398;+;205.4	73;61823;64438;+;236.0	86;73011;75899;+;317.3	69;59150;60508;+;94.4	73;61823;64438;+;120.2	67;57828;58397;+;107.8	79;67145;67771;+;65.3	80;67768;69597;+;242.6	89;76912;79101;+;366.9	72;61233;61820;+;52.5	89;76912;79101;+;62.7	A	9/9	contiguous	19084	1	1	76226..76423+;65;unnamed;0
NZ_MT647838.1	MPF_F	IncFIB(pNDM-Mar);IncHI1B(pNDM-MAR)	312	0	0	GA	0															not_admitted	not_admitted	not_admitted	not_admitted	not_admitted	not_admitted	not_admitted	not_admitted	not_admitted	not_admitted	1	243;214023;215060;-;282.3	79;59215;60624;+;190.4	78;58188;59225;+;175.6	255;225892;228609;-;149.6	80;60626;64594;+;121.1	162;137581;138837;-;206.8	255;225892;228609;-;85.2	262;233738;234598;-;79.0	244;215057;216418;-;69.9	242;210828;214013;-;59.5	71;48863;50989;-;57.7	256;228654;229391;-;56.9	71;48863;50989;-;41.0	A	9/9	split_3	184875	0	1	
NZ_MT648288.1	MPF_F	IncFIB(AP001918);IncFIC(FII)	163	0	0	GA	0															not_admitted	not_admitted	not_admitted	not_admitted	not_admitted	not_admitted	not_admitted	not_admitted	not_admitted	not_admitted	1	25;20287;21279;+;371.8	36;26962;28338;+;380.7	29;24008;24751;+;235.0	22;16651;19278;+;304.4	37;28335;31160;+;385.9	18;13312;14739;+;94.3	22;16651;19278;+;100.3	16;12031;12597;+;183.8	26;21288;21926;+;68.8	27;21923;23731;+;268.3	40;32663;34843;+;392.7	21;15620;16135;+;78.0	40;32663;34843;+;70.4	A	9/9	contiguous	20632	1	1	31157..31666+;169;unnamed;0
NZ_MT648512.1	MPF_F	IncFIB(pNDM-Mar);IncHI1B(pNDM-MAR)	386	0	0	GA	0															not_admitted	not_admitted	not_admitted	not_admitted	not_admitted	not_admitted	not_admitted	not_admitted	not_admitted	not_admitted	1	309;277169;278206;-;282.3	80;60727;62136;+;190.4	79;59700;60737;+;176.7	321;289038;291755;-;148.7	81;62138;66076;+;118.9	325;293868;295238;-;65.6	321;289038;291755;-;85.2	328;296884;297744;-;79.0	310;278203;279564;-;69.9	308;273974;277159;-;58.9	72;50393;52519;-;58.0	322;291800;292537;-;57.0	72;50393;52519;-;39.7	A	9/9	split_2	246491	0	1	
NZ_MT657397.1	MPF_F	IncFIA(HI1);IncFIB(K);IncFII(pHN7A8);IncN	183	0	0	GA	0															not_admitted	not_admitted	not_admitted	not_admitted	not_admitted	not_admitted	not_admitted	not_admitted	not_admitted	not_admitted	1	16;12330;13322;-;369.5	3;4124;5497;-;376.8	8;7063;7806;-;234.4	19;14331;16958;-;301.8	2;1311;4127;-;376.7	24;19013;20440;-;94.1	19;14331;16958;-;101.8	26;21155;21721;-;183.8	13;10746;11384;-;70.4	10;8083;9933;-;265.0	181;164071;166296;-;391.7	20;17474;17989;-;78.0	181;164071;166296;-;70.3	A	9/9	split_2	162760	1	1	757..1278-;173;unnamed;0
NZ_MT663954.1	MPF_T	IncX3	58	0	0	GA	1	45;38024;38668;-;46.4	44;37750;38040;-;73.1	43;34972;37725;-;47.0	43;34972;37725;-;142.4	43;34972;37725;-;73.3	42;34192;34962;-;60.1	40;32858;33913;-;133.2		39;31935;32663;-;119.4	38;31000;31929;-;138.8	37;29789;31003;-;128.3	35;28559;29593;-;65.7	34;26721;28556;-;495.9		pfam	pfam_only	A	7/7	canonical	1	1	unscoreable	2	0	0														not_admitted	not_admitted	not_admitted	not_admitted	not_admitted	not_admitted	not_admitted
NZ_MT667260.1	MPF_T	IncP1	80	0	0	GA	1		14;12404;12787;-;68.7	13;12075;12401;-;50.6	12;9535;12078;-;94.8	12;9535;12078;-;107.0	7;5289;6059;-;104.8	6;3539;5098;-;113.8		11;8831;9538;-;91.8	10;7925;8815;-;152.4	8;6072;7466;-;224.7	15;12901;13857;-;135.2	61;46143;48089;+;442.7		conjscan	conjscan_only	A	7/7	canonical	1	0	unscoreable	2	0	0														not_admitted	not_admitted	not_admitted	not_admitted	not_admitted	not_admitted	not_admitted
NZ_MT667261.1	MPF_T	IncX4	43	0	0	GA	1	28;26559;27179;-;41.6	27;26219;26545;-;64.4	26;23453;26200;-;63.8	26;23453;26200;-;151.8	26;23453;26200;-;46.1	25;22725;23441;-;94.2	24;21619;22713;-;150.1		22;20418;21104;-;169.0	21;19513;20421;-;142.4	20;18402;19520;-;163.9	19;17372;18400;-;85.0	18;15523;17340;-;314.8		pfam	pfam_only	A	7/7	canonical	1	1	unscoreable	1	0	0														not_admitted	not_admitted	not_admitted	not_admitted	not_admitted	not_admitted	not_admitted
NZ_MT682138.1	MPF_F	IncC	242	0	0	GA	0															not_admitted	not_admitted	not_admitted	not_admitted	not_admitted	not_admitted	not_admitted	not_admitted	not_admitted	not_admitted	1	95;69212;70219;+;332.9	231;178969;180402;+;337.5	230;177939;178967;+;221.7	90;64013;66460;+;354.5	232;180415;184029;+;375.3	85;55141;56457;+;135.0	90;64013;66460;+;128.3	83;53617;54243;+;92.7	93;67282;68547;+;67.9	96;70335;73133;+;145.3	74;47942;49807;+;47.3	86;56454;57032;+;100.2	74;47942;49807;+;52.0	A	9/9	split_2	132473	0	1	
NZ_MT701512.1	-	-	54	0	0	GA	0															not_admitted	not_admitted	not_admitted	not_admitted	not_admitted	not_admitted	not_admitted	not_admitted	not_admitted	not_admitted	1	36;41812;42795;-;356.4	29;35922;37319;-;343.7	33;38585;39376;-;199.9	39;43825;46533;-;237.9	28;33080;35932;-;309.7	46;48946;50328;-;89.8	39;43825;46533;-;110.4	48;51084;51656;-;121.0	35;41183;41800;-;59.4	34;39373;41190;-;233.6	25;29991;32213;-;393.7	40;46533;47054;-;47.8	25;29991;32213;-;69.1	A	9/9	contiguous	21093	1	1	32662..33075-;137;unnamed;0
NZ_MT720905.1	MPF_F	IncC	177	0	0	GA	0															not_admitted	not_admitted	not_admitted	not_admitted	not_admitted	not_admitted	not_admitted	not_admitted	not_admitted	not_admitted	1	66;59902;60909;+;332.9	125;110103;111536;+;339.2	124;109073;110101;+;221.7	61;54703;57150;+;354.5	126;111549;115163;+;373.1	55;44390;45706;+;135.0	61;54703;57150;+;128.3	53;42866;43492;+;92.7	64;57972;59237;+;67.9	67;61025;63823;+;145.3	44;37191;39056;+;47.3	56;45703;46281;+;100.2	44;37191;39056;+;52.0	A	9/9	split_2	74358	0	1	
NZ_MT720906.1	MPF_T	IncX3	59	0	0	GA	1	31;26351;26995;-;46.4	30;26077;26367;-;73.1	29;23299;26052;-;47.0	29;23299;26052;-;145.4	29;23299;26052;-;73.3	28;22519;23289;-;60.1	26;21185;22240;-;133.2		25;20262;20990;-;119.4	24;19327;20256;-;138.8	23;18116;19330;-;128.3	21;16886;17920;-;65.7	20;15048;16883;-;495.9		pfam	pfam_only	A	7/7	canonical	1	1	unscoreable	2	0	0														not_admitted	not_admitted	not_admitted	not_admitted	not_admitted	not_admitted	not_admitted
NZ_MT732179.1	MPF_T	-	595	0	0	GA	1	344;321362;322066;+;26.8	290;267970;268356;-;85.3	289;267704;267973;-;32.5	288;265241;267691;-;37.9	288;265241;267691;-;125.2	287;264501;265244;-;226.6	285;262798;264165;-;177.3		284;262075;262779;-;235.9	283;261086;262078;-;223.0	282;259803;261083;-;208.0	68;64395;66152;+;294.1	293;269893;271890;-;333.6		conjscan	conjscan_only	A	7/7	canonical	1	0	unscoreable	3	0	0														not_admitted	not_admitted	not_admitted	not_admitted	not_admitted	not_admitted	not_admitted
NZ_MT732180.1	MPF_T	-	573	0	0	GA	1	330;309889;310593;+;26.8	275;256498;256884;-;89.6	274;256232;256501;-;32.5	273;253769;256219;-;37.9	273;253769;256219;-;125.2	272;253029;253772;-;226.6	270;251326;252693;-;177.3		269;250603;251307;-;235.9	268;249614;250606;-;223.0	267;248331;249611;-;208.0	68;64395;66152;+;294.1	278;258420;260417;-;333.6		conjscan	conjscan_only	A	7/7	canonical	1	0	unscoreable	3	0	0														not_admitted	not_admitted	not_admitted	not_admitted	not_admitted	not_admitted	not_admitted
NZ_MT732181.1	MPF_T	-	561	0	0	GA	1	318;297032;297736;+;26.8	263;243641;244027;-;89.6	262;243375;243644;-;32.5	261;240912;243362;-;37.9	261;240912;243362;-;125.2	260;240172;240915;-;226.6	258;238469;239836;-;177.3		257;237746;238450;-;235.9	256;236757;237749;-;223.0	255;235474;236754;-;208.0	68;64395;66152;+;294.1	266;245563;247560;-;333.6		conjscan	conjscan_only	A	7/7	canonical	1	0	unscoreable	3	0	0														not_admitted	not_admitted	not_admitted	not_admitted	not_admitted	not_admitted	not_admitted
NZ_MT732182.1	MPF_T	-	537	0	0	GA	1	317;296554;297258;+;26.8	262;243164;243550;-;85.3	261;242898;243167;-;32.5	260;240435;242885;-;37.9	260;240435;242885;-;125.2	259;239695;240438;-;226.6	257;237992;239359;-;177.3		256;237269;237973;-;235.9	255;236280;237272;-;223.0	254;234997;236277;-;208.0	68;64395;66152;+;294.1	265;245087;247084;-;333.6		conjscan	conjscan_only	A	7/7	canonical	1	0	unscoreable	3	0	0														not_admitted	not_admitted	not_admitted	not_admitted	not_admitted	not_admitted	not_admitted
NZ_MT732184.1	MPF_T	-	597	0	0	GA	1	376;351341;352045;+;26.8	322;297949;298335;-;85.3	321;297683;297952;-;32.5	320;295220;297670;-;37.9	320;295220;297670;-;125.2	319;294480;295223;-;226.6	317;292777;294144;-;177.3		316;292054;292758;-;235.9	315;291065;292057;-;223.0	314;289782;291062;-;208.0	68;64395;66152;+;294.1	325;299872;301869;-;333.6		conjscan	conjscan_only	A	7/7	canonical	1	0	unscoreable	3	0	0														not_admitted	not_admitted	not_admitted	not_admitted	not_admitted	not_admitted	not_admitted
NZ_MT732186.1	MPF_T	-	597	0	0	GA	1	376;351342;352046;+;26.8	322;297950;298336;-;85.3	321;297684;297953;-;32.5	320;295221;297671;-;37.9	320;295221;297671;-;125.2	319;294481;295224;-;226.6	317;292778;294145;-;177.3		316;292055;292759;-;235.9	315;291066;292058;-;223.0	314;289783;291063;-;208.0	68;64396;66153;+;294.1	325;299873;301870;-;333.6		conjscan	conjscan_only	A	7/7	canonical	1	0	unscoreable	3	0	0														not_admitted	not_admitted	not_admitted	not_admitted	not_admitted	not_admitted	not_admitted
NZ_MT732187.1	MPF_T	-	555	0	0	GA	1	312;290940;291644;+;26.8	257;237549;237935;-;89.6	256;237283;237552;-;32.5	255;234820;237270;-;37.9	255;234820;237270;-;125.2	254;234080;234823;-;226.6	252;232377;233744;-;177.3		251;231654;232358;-;235.9	250;230665;231657;-;223.0	249;229382;230662;-;208.0	68;64396;66153;+;294.1	260;239471;241468;-;333.6		conjscan	conjscan_only	A	7/7	canonical	1	0	unscoreable	3	0	0														not_admitted	not_admitted	not_admitted	not_admitted	not_admitted	not_admitted	not_admitted
NZ_MT732188.1	MPF_T	-	581	0	0	GA	1	361;332931;333635;+;26.8	280;256742;257128;-;85.3	279;256476;256745;-;32.5	278;254013;256463;-;37.9	278;254013;256463;-;125.2	277;253273;254016;-;226.6	275;251570;252937;-;177.3		274;250847;251551;-;235.9	273;249858;250850;-;223.0	272;248575;249855;-;208.0	68;64395;66152;+;294.1	283;258665;260662;-;333.6		conjscan	conjscan_only	A	7/7	canonical	1	0	unscoreable	3	0	0														not_admitted	not_admitted	not_admitted	not_admitted	not_admitted	not_admitted	not_admitted
NZ_MT732189.1	MPF_T	-	538	0	0	GA	1	318;298950;299654;+;26.8	264;245558;245944;-;85.3	263;245292;245561;-;32.5	262;242829;245279;-;37.9	262;242829;245279;-;125.2	261;242089;242832;-;226.6	259;240386;241753;-;177.3		258;239663;240367;-;235.9	257;238674;239666;-;223.0	256;237391;238671;-;208.0	68;64395;66152;+;294.1	267;247481;249478;-;333.6		conjscan	conjscan_only	A	7/7	canonical	1	0	unscoreable	3	0	0														not_admitted	not_admitted	not_admitted	not_admitted	not_admitted	not_admitted	not_admitted
NZ_MT732190.1	MPF_T	-	544	0	0	GA	1	324;303515;304219;+;26.8	270;250123;250509;-;85.3	269;249857;250126;-;32.5	268;247394;249844;-;37.9	268;247394;249844;-;125.2	267;246654;247397;-;226.6	265;244951;246318;-;177.3		264;244228;244932;-;235.9	263;243239;244231;-;223.0	262;241956;243236;-;208.0	68;64395;66152;+;294.1	273;252046;254043;-;333.6		conjscan	conjscan_only	A	7/7	canonical	1	0	unscoreable	3	0	0														not_admitted	not_admitted	not_admitted	not_admitted	not_admitted	not_admitted	not_admitted
NZ_MT732192.1	MPF_T	-	506	0	0	GA	1	310;290743;291447;+;26.8	252;234976;235362;-;85.3	251;234710;234979;-;32.5	250;232247;234697;-;37.9	250;232247;234697;-;125.2	249;231507;232250;-;226.6	247;229804;231171;-;177.3		246;229081;229785;-;235.9	245;228092;229084;-;223.0	244;226809;228089;-;208.0	68;64395;66152;+;294.1	255;236899;238896;-;333.6		conjscan	conjscan_only	A	7/7	canonical	1	0	unscoreable	3	0	0														not_admitted	not_admitted	not_admitted	not_admitted	not_admitted	not_admitted	not_admitted
NZ_MT732193.1	MPF_T	-	538	0	0	GA	1	317;295199;295903;+;26.8	263;241807;242193;-;85.3	262;241541;241810;-;32.5	261;239078;241528;-;37.9	261;239078;241528;-;125.2	260;238338;239081;-;226.6	258;236635;238002;-;177.3		257;235912;236616;-;235.9	256;234923;235915;-;223.0	255;233651;234910;-;208.0	70;65591;67348;+;294.1	266;243730;245727;-;333.6		conjscan	conjscan_only	A	7/7	canonical	1	0	unscoreable	3	0	0														not_admitted	not_admitted	not_admitted	not_admitted	not_admitted	not_admitted	not_admitted
NZ_MT732196.1	MPF_T	-	527	0	0	GA	1	307;289758;290462;+;26.8	253;236366;236752;-;85.3	252;236100;236369;-;32.5	251;233637;236087;-;37.9	251;233637;236087;-;125.2	250;232897;233640;-;226.6	248;231194;232561;-;177.3		247;230471;231175;-;235.9	246;229482;230474;-;223.0	245;228199;229479;-;208.0	68;64395;66152;+;294.1	256;238289;240286;-;333.6		conjscan	conjscan_only	A	7/7	canonical	1	0	unscoreable	3	0	0														not_admitted	not_admitted	not_admitted	not_admitted	not_admitted	not_admitted	not_admitted
NZ_MT732197.1	MPF_T	-	526	0	0	GA	1	306;288368;289072;+;26.8	252;234976;235362;-;85.3	251;234710;234979;-;32.5	250;232247;234697;-;37.9	250;232247;234697;-;125.2	249;231507;232250;-;226.6	247;229804;231171;-;177.3		246;229081;229785;-;235.9	245;228092;229084;-;223.0	244;226809;228089;-;208.0	68;64395;66152;+;294.1	255;236899;238896;-;333.6		conjscan	conjscan_only	A	7/7	canonical	1	0	unscoreable	3	0	0														not_admitted	not_admitted	not_admitted	not_admitted	not_admitted	not_admitted	not_admitted
NZ_MT742153.1	MPF_F	IncFII(pHN7A8);IncN;IncX1	147	0	0	GA	0															not_admitted	not_admitted	not_admitted	not_admitted	not_admitted	not_admitted	not_admitted	not_admitted	not_admitted	not_admitted	1	59;47379;48371;+;369.5	72;55204;56577;+;376.8	67;52895;53638;+;234.4	56;43743;46370;+;301.8	73;56574;59390;+;376.7	51;40261;41688;+;94.1	56;43743;46370;+;101.8	49;38980;39546;+;183.8	62;49317;49955;+;70.4	65;50768;52618;+;265.0	77;61691;63916;+;391.7	55;42712;43227;+;78.0	77;61691;63916;+;70.3	A	9/9	contiguous	22711	1	1	59423..59944+;173;unnamed;0
NZ_MT745953.1	MPF_T	IncN;IncX1	63	0	0	GA	1	29;22938;23672;+;32.5	31;23972;24265;+;28.7	32;24315;24632;+;63.3	33;24632;27232;+;111.8	33;24632;27232;+;76.8	34;27250;27963;+;97.1	36;28214;29254;+;153.6		37;29473;30171;+;131.9	38;30182;31066;+;158.7	39;31066;32226;+;154.9	40;32268;33263;+;81.2	44;37832;39361;-;38.5		pfam	both	A	7/7	canonical	1	0	unscoreable	5	0	0														not_admitted	not_admitted	not_admitted	not_admitted	not_admitted	not_admitted	not_admitted
NZ_MT754288.1	MPF_F	IncFII	79	0	0	GA	0															not_admitted	not_admitted	not_admitted	not_admitted	not_admitted	not_admitted	not_admitted	not_admitted	not_admitted	not_admitted	1	55;42865;43857;+;369.5	65;49636;51009;+;381.7	60;46963;47706;+;234.4	52;39226;41856;+;297.8	66;51006;53828;+;374.0	44;34360;35811;+;94.2	52;39226;41856;+;100.5	42;33079;33645;+;174.3	57;44201;44839;+;68.6	58;44836;46686;+;266.1	70;56100;58334;+;391.1	47;36671;37186;+;78.4	70;56100;58334;+;70.3	A	9/9	contiguous	23021	1	1	53850..54329+;159;TraS;0
NZ_MT754289.1	MPF_F	IncB/O/K/Z;IncFII(29);IncFII(pCoo)	139	0	0	GA	0															not_admitted	not_admitted	not_admitted	not_admitted	not_admitted	not_admitted	not_admitted	not_admitted	not_admitted	not_admitted	1	57;39316;40308;+;369.6	67;45822;47198;+;382.3	63;43822;44595;+;233.0	54;35677;38307;+;303.6	68;47195;50017;+;374.0	47;31840;33291;+;92.5	54;35677;38307;+;98.2	45;30559;31125;+;175.1	58;40317;40955;+;70.0	61;41767;43575;+;267.8	72;52289;54550;+;391.6	51;34395;34910;+;78.1	72;52289;54550;+;70.3	A	9/9	contiguous	21730	1	1	50038..50535+;165;TraS;0
NZ_MT756840.1	MPF_T	IncN	76	0	0	GA	1	22;15758;16492;+;32.5		25;17135;17452;+;63.3	26;17452;20052;+;113.8	26;17452;20052;+;76.4	27;20070;20783;+;105.5	29;21034;22074;+;142.4		30;22293;22991;+;131.9	31;23002;23886;+;159.7	32;23886;25046;+;156.3	33;25088;26083;+;81.2	59;50040;51569;-;38.5		pfam	both	A	7/7	canonical	1	0	unscoreable	3	0	0														not_admitted	not_admitted	not_admitted	not_admitted	not_admitted	not_admitted	not_admitted
NZ_MT759838.1	MPF_T	IncX3	59	0	0	GA	1	46;35709;36353;-;46.4	45;35435;35725;-;73.1	44;32657;35410;-;47.0	44;32657;35410;-;145.4	44;32657;35410;-;73.3	43;31877;32647;-;60.1	41;30543;31598;-;133.2		40;29620;30348;-;119.4	39;28685;29614;-;138.8	38;27474;28688;-;128.3	36;26244;27278;-;65.7	35;24406;26241;-;495.9		pfam	pfam_only	A	7/7	canonical	1	1	unscoreable	2	0	0														not_admitted	not_admitted	not_admitted	not_admitted	not_admitted	not_admitted	not_admitted
NZ_MT773664.1	MPF_T	IncI2	84	0	0	GA	1	45;36661;37143;-;81.1		60;52739;53023;-;36.6	59;50376;52733;-;58.5	59;50376;52733;-;42.8	72;58476;59117;-;42.8	73;59123;60118;-;128.5		57;49476;50210;-;144.3	56;48709;49479;-;170.5	55;47580;48719;-;154.7	48;38911;40449;-;207.1	53;44532;46490;-;289.6		pfam	pfam_only	A	7/7	rearranged	1	0	unscoreable	17	1	0														not_admitted	not_admitted	not_admitted	not_admitted	not_admitted	not_admitted	not_admitted
NZ_MT773670.1	MPF_T	IncI2(Delta)	78	0	0	GA	1	43;32581;33063;-;81.1		57;48640;48924;-;36.6	56;46277;48634;-;58.3	56;46277;48634;-;44.9	66;53736;54380;-;41.0	67;54386;55381;-;123.9		55;45379;46113;-;144.3	54;44612;45382;-;169.8	53;43483;44622;-;154.7	46;34832;36370;-;207.1	51;40435;42393;-;287.0		pfam	pfam_only	A	7/7	rearranged	1	0	unscoreable	13	0	0														not_admitted	not_admitted	not_admitted	not_admitted	not_admitted	not_admitted	not_admitted
NZ_MT773671.1	MPF_T	IncI2(Delta)	82	0	0	GA	1	47;38385;38867;-;81.1	62;54340;54630;-;28.9	61;53949;54233;-;36.6	60;51586;53943;-;58.5	60;51586;53943;-;44.9	70;59045;59689;-;41.9	71;59695;60690;-;123.7		58;50686;51420;-;144.3	57;49919;50689;-;170.4	56;48790;49929;-;154.7	50;40646;42184;-;207.6	54;45742;47700;-;285.8		pfam	pfam_only	A	7/7	rearranged	1	0	unscoreable	12	0	0														not_admitted	not_admitted	not_admitted	not_admitted	not_admitted	not_admitted	not_admitted
NZ_MT802097.1	MPF_F	-	109	0	0	GA	0															not_admitted	not_admitted	not_admitted	not_admitted	not_admitted	not_admitted	not_admitted	not_admitted	not_admitted	not_admitted	1	60;42156;43199;+;369.2	65;47178;48605;+;325.8	63;45968;46780;+;219.1	56;37868;40594;+;164.6	66;48621;51623;+;208.7	52;34870;36186;+;102.7	56;37868;40594;+;108.4	50;33579;34157;+;82.6	61;43214;43921;+;107.6	62;43918;45975;+;92.2	32;20859;23018;+;381.4	55;37214;37858;+;41.9	32;20859;23018;+;89.7	A	9/9	contiguous	27762	1	1	51695..52213+;172;unnamed;0
NZ_MT802098.1	MPF_F	-	110	0	0	GA	0															not_admitted	not_admitted	not_admitted	not_admitted	not_admitted	not_admitted	not_admitted	not_admitted	not_admitted	not_admitted	1	61;42190;43233;+;369.2	66;47212;48639;+;325.8	64;46002;46814;+;219.1	58;37899;40616;+;164.6	67;48655;51657;+;208.7	54;34901;36217;+;102.7	58;37899;40616;+;108.4	52;33610;34188;+;82.6	62;43248;43955;+;107.6	63;43952;46009;+;92.2	32;20887;23046;+;381.4	57;37245;37889;+;41.9	32;20887;23046;+;89.7	A	9/9	contiguous	27768	1	1	51729..52247+;172;unnamed;0
NZ_MT809694.1	MPF_F	IncFIB(pQil);IncFII(K)	131	0	0	GA	0															not_admitted	not_admitted	not_admitted	not_admitted	not_admitted	not_admitted	not_admitted	not_admitted	not_admitted	not_admitted	1	78;75273;76265;-;366.6	68;68452;69822;-;381.2	72;71024;71776;-;232.4	81;77291;79930;-;258.5	67;65603;68452;-;344.2	89;83187;84611;-;88.8	81;77291;79930;-;88.7	91;85338;85904;-;169.3	77;74622;75260;-;67.0	76;72619;74625;-;259.0	63;60808;63117;-;392.8	88;82489;83073;-;55.4	63;60808;63117;-;65.8	A	9/9	contiguous	24530	1	1	65042..65590-;182;unnamed;0
NZ_MT809695.1	MPF_F	IncFIB(pQil);IncFII(K)	132	0	0	GA	0															not_admitted	not_admitted	not_admitted	not_admitted	not_admitted	not_admitted	not_admitted	not_admitted	not_admitted	not_admitted	1	78;75378;76367;-;366.0	68;68464;69831;-;381.2	72;71089;71841;-;233.7	82;77810;80449;-;258.5	67;65615;68464;-;345.6	90;83706;85130;-;88.8	82;77810;80449;-;88.7	92;85857;86423;-;169.3	77;74727;75365;-;67.0	76;72713;74668;-;259.7	63;60817;63129;-;392.7	89;83008;83592;-;55.4	63;60817;63129;-;66.5	A	9/9	contiguous	25040	1	1	65054..65602-;182;unnamed;0
NZ_MT809699.1	MPF_F	IncFIB(pQil);IncFII(K)	128	0	0	GA	0															not_admitted	not_admitted	not_admitted	not_admitted	not_admitted	not_admitted	not_admitted	not_admitted	not_admitted	not_admitted	1	35;23564;24553;+;366.0	45;30100;31467;+;380.7	41;28090;28842;+;233.7	31;19482;22121;+;258.5	46;31467;34316;+;345.6	23;14801;16225;+;88.8	31;19482;22121;+;88.7	21;13508;14074;+;169.3	36;24566;25204;+;67.0	37;25263;27218;+;259.7	50;36802;39111;+;393.2	24;16339;16923;+;55.4	50;36802;39111;+;65.8	A	9/9	contiguous	23294	1	1	34329..34877+;182;unnamed;0
NZ_MT809701.1	MPF_F	IncFIB(pQil);IncFII(K)	133	0	0	GA	0															not_admitted	not_admitted	not_admitted	not_admitted	not_admitted	not_admitted	not_admitted	not_admitted	not_admitted	not_admitted	1	78;77391;78380;-;366.0	68;70517;71884;-;381.2	72;73142;73894;-;232.4	82;79823;82462;-;258.5	67;67668;70517;-;343.8	90;85719;87143;-;88.8	82;79823;82462;-;88.7	92;87870;88436;-;167.0	77;76740;77378;-;67.0	76;74737;76743;-;259.6	63;62873;65182;-;393.2	89;85021;85605;-;55.4	63;62873;65182;-;65.8	A	9/9	contiguous	24997	1	1	67107..67655-;182;unnamed;0
NZ_MT810353.1	MPF_F	IncFII(Yp);IncFII(pAR0022);repB(R1701)	198	0	0	GA	0															not_admitted	not_admitted	not_admitted	not_admitted	not_admitted	not_admitted	not_admitted	not_admitted	not_admitted	not_admitted	1	46;30525;31514;+;366.6	56;37061;38428;+;384.0	52;35051;35803;+;233.7	42;26429;29068;+;258.5	57;38428;41277;+;346.4	35;22178;23602;+;89.3	42;26429;29068;+;88.7	33;20885;21451;+;169.3	47;31527;32165;+;66.9	48;32224;34179;+;259.4	61;43739;46051;+;393.1	36;23674;24258;+;54.7	61;43739;46051;+;66.6	A	9/9	contiguous	22854	1	1	41280..41813+;177;unnamed;0
NZ_MT810354.1	MPF_F	IncFII(pHN7A8);IncR	216	0	0	GA	0															not_admitted	not_admitted	not_admitted	not_admitted	not_admitted	not_admitted	not_admitted	not_admitted	not_admitted	not_admitted	1	66;51504;52496;+;369.5	79;59329;60702;+;376.8	74;57020;57763;+;234.4	63;47868;50495;+;301.8	80;60699;63515;+;376.7	58;44386;45813;+;94.1	63;47868;50495;+;101.8	56;43105;43671;+;183.8	69;53442;54080;+;70.4	72;54893;56743;+;265.0	84;65816;68032;+;391.7	62;46837;47352;+;77.6	84;65816;68032;+;70.3	A	9/9	contiguous	22711	1	1	63548..64069+;173;unnamed;0
NZ_MT810355.1	MPF_F	IncFII(pSE11)	126	0	0	GA	0															not_admitted	not_admitted	not_admitted	not_admitted	not_admitted	not_admitted	not_admitted	not_admitted	not_admitted	not_admitted	1	100;77535;78527;+;369.5	110;84306;85679;+;381.7	105;81633;82376;+;234.4	97;73896;76526;+;304.1	111;85676;88498;+;374.0	90;69446;70897;+;94.2	97;73896;76526;+;97.1	88;68165;68731;+;174.3	102;78871;79509;+;68.6	103;79506;81356;+;266.1	115;90770;93049;+;391.0	93;71757;72272;+;78.4	115;90770;93049;+;70.3	A	9/9	contiguous	22605	1	1	88520..88999+;159;TraS;0
NZ_MT810356.1	MPF_F	IncFII(pHN7A8);IncR	175	0	0	GA	0															not_admitted	not_admitted	not_admitted	not_admitted	not_admitted	not_admitted	not_admitted	not_admitted	not_admitted	not_admitted	1	61;47780;48772;+;369.5	74;55605;56978;+;376.8	69;53296;54039;+;234.4	58;44144;46771;+;301.8	75;56975;59791;+;376.7	53;40662;42089;+;94.1	58;44144;46771;+;101.8	51;39381;39947;+;183.8	64;49718;50356;+;70.4	67;51169;53019;+;265.0	79;62092;64308;+;391.7	57;43113;43628;+;77.6	79;62092;64308;+;70.3	A	9/9	contiguous	22711	1	1	59824..60345+;173;unnamed;0
NZ_MT810359.1	MPF_F	IncFII(pHN7A8);IncR	139	0	0	GA	0															not_admitted	not_admitted	not_admitted	not_admitted	not_admitted	not_admitted	not_admitted	not_admitted	not_admitted	not_admitted	1				65;50525;52741;+;302.4		60;47043;48470;+;94.1	65;50525;52741;+;79.8	58;45762;46328;+;183.8				64;49494;50009;+;77.6		D	3/9	contiguous	4763	0	0	
NZ_MT810360.1	MPF_F	Col(pHAD28);IncFIB(K);IncFII(Yp);IncFII(pAR0022)	305	0	0	GA	0															not_admitted	not_admitted	not_admitted	not_admitted	not_admitted	not_admitted	not_admitted	not_admitted	not_admitted	not_admitted	1	243;213937;214926;-;366.6	233;207023;208390;-;384.0	237;209648;210400;-;233.7	247;216383;219022;-;258.5	232;204174;207023;-;346.4	257;222921;224345;-;89.2	247;216383;219022;-;88.7	259;225072;225638;-;167.9	242;213286;213924;-;66.9	241;211272;213227;-;259.4	228;199400;201712;-;393.1	255;221725;222309;-;53.8	228;199400;201712;-;66.6	A	9/9	contiguous	25672	1	1	203638..204171-;177;unnamed;0
NZ_MT810364.1	MPF_F	IncFII(pBK30683);repB(R1701)	125	0	0	GA	0															not_admitted	not_admitted	not_admitted	not_admitted	not_admitted	not_admitted	not_admitted	not_admitted	not_admitted	not_admitted	1	71;65943;66932;-;366.0	61;59029;60396;-;384.0	65;61654;62406;-;233.7	75;68389;71028;-;258.5	60;56180;59029;-;346.4	81;73858;75282;-;89.2	75;68389;71028;-;88.7	83;76009;76575;-;169.3	70;65292;65930;-;67.0	69;63278;65233;-;259.7	56;51404;53716;-;390.0	80;73201;73785;-;54.5	56;51404;53716;-;64.0	A	9/9	contiguous	24605	1	1	55644..56177-;177;unnamed;0
NZ_MT810368.1	MPF_F	IncFII(pHN7A8)	158	0	0	GA	0															not_admitted	not_admitted	not_admitted	not_admitted	not_admitted	not_admitted	not_admitted	not_admitted	not_admitted	not_admitted	1	20;12473;13465;-;369.5	144;119453;120391;+;199.1	12;7206;7949;-;234.4	23;14474;17101;-;301.8	145;120388;123204;+;376.7	28;19156;20583;-;94.1	23;14474;17101;-;101.8	30;21298;21864;-;183.8	17;10889;11527;-;70.4	14;8226;10076;-;265.0	149;125505;127721;+;391.7	24;17617;18132;-;77.6	149;125505;127721;+;70.3	A	9/9	split_2	118299	1	1	123237..123758+;173;unnamed;0
NZ_MT810369.1	MPF_F	IncFII(pHN7A8)	140	0	0	GA	0															not_admitted	not_admitted	not_admitted	not_admitted	not_admitted	not_admitted	not_admitted	not_admitted	not_admitted	not_admitted	1	66;51504;52496;+;369.5	79;59329;60702;+;376.8	74;57020;57763;+;234.4	63;47868;50495;+;301.8	80;60699;63515;+;376.7	58;44386;45813;+;94.1	63;47868;50495;+;101.8	56;43105;43671;+;183.8	69;53442;54080;+;70.4	72;54893;56743;+;265.0	84;65816;68032;+;391.7	62;46837;47352;+;77.6	84;65816;68032;+;70.3	A	9/9	contiguous	22711	1	1	63548..64069+;173;unnamed;0
NZ_MT810370.1	MPF_F	IncFII(Yp)	108	0	0	GA	0															not_admitted	not_admitted	not_admitted	not_admitted	not_admitted	not_admitted	not_admitted	not_admitted	not_admitted	not_admitted	1	84;69154;70146;+;372.3	95;76180;77550;+;383.1	92;74659;75411;+;222.2	81;65489;68128;+;254.8	96;77550;80423;+;339.9	73;60877;62298;+;86.6	81;65489;68128;+;88.2	71;59590;60156;+;159.4	85;70159;70806;+;68.8	87;71183;73138;+;253.1	99;81976;84285;+;392.7	75;62759;63343;+;55.9	99;81976;84285;+;66.6	A	9/9	contiguous	22386	1	1	80434..80967+;177;unnamed;0
NZ_MT810372.1	MPF_F	IncFII(pHN7A8);IncR	164	0	0	GA	0															not_admitted	not_admitted	not_admitted	not_admitted	not_admitted	not_admitted	not_admitted	not_admitted	not_admitted	not_admitted	1				63;47868;50072;+;302.4		58;44386;45813;+;94.1	63;47868;50072;+;76.0	56;43105;43671;+;183.8				62;46837;47352;+;77.6		D	3/9	contiguous	4763	0	0	
NZ_MT810374.1	MPF_F	IncQ1;repB(R1701)	144	0	0	GA	0															not_admitted	not_admitted	not_admitted	not_admitted	not_admitted	not_admitted	not_admitted	not_admitted	not_admitted	not_admitted	1	88;73468;74457;-;366.6	78;66554;67921;-;384.0	82;69179;69931;-;233.7	92;75914;78553;-;258.5	77;63705;66554;-;346.4	99;81380;82804;-;89.3	92;75914;78553;-;88.7	101;83531;84097;-;169.3	87;72817;73455;-;66.9	86;70803;72758;-;259.4	73;58931;61243;-;393.1	98;80724;81308;-;54.7	73;58931;61243;-;66.6	A	9/9	contiguous	24600	1	1	63169..63702-;177;unnamed;0
NZ_MT810375.1	MPF_F	IncC;IncR	220	0	0	GA	0															not_admitted	not_admitted	not_admitted	not_admitted	not_admitted	not_admitted	not_admitted	not_admitted	not_admitted	not_admitted	1		209;166499;167932;+;339.2	208;165469;166497;+;221.7	151;105958;108597;+;258.5	210;167945;171559;+;375.3	44;26117;27277;+;156.3	151;105958;108597;+;88.7	142;100414;100980;+;169.3			177;129846;132158;+;393.1	145;103203;103787;+;54.7	177;129846;132158;+;66.6	C	6/9	split_4	141828	0	0	
NZ_MT813035.1	MPF_F	IncFIA(HI1);IncFII(K)	114	0	0	GA	0															not_admitted	not_admitted	not_admitted	not_admitted	not_admitted	not_admitted	not_admitted	not_admitted	not_admitted	not_admitted	1	48;33737;34729;+;366.6	58;40276;41643;+;384.6	54;38266;39018;+;233.7	45;30072;32711;+;258.5	59;41643;44486;+;347.0	37;25043;25813;+;79.9	45;30072;32711;+;88.2	34;23096;23662;+;168.1	49;34742;35380;+;66.9	50;35439;37394;+;259.7	63;47070;49382;+;393.2	38;25927;26511;+;53.6	63;47070;49382;+;65.8	A	9/9	contiguous	23974	1	1	44497..45021+;174;unnamed;0
NZ_MT813036.1	MPF_F	IncFIB(K);IncFII(K);repB(R1701)	129	0	0	GA	0															not_admitted	not_admitted	not_admitted	not_admitted	not_admitted	not_admitted	not_admitted	not_admitted	not_admitted	not_admitted	1	47;34412;35401;+;366.6	57;40948;42315;+;384.0	53;38938;39690;+;233.3	43;30330;32969;+;258.5	58;42315;45164;+;346.4	36;25713;27137;+;89.2	43;30330;32969;+;88.2	34;24420;24986;+;169.3	48;35414;36052;+;66.9	49;36111;38066;+;259.7	62;47626;49938;+;393.1	37;27251;27835;+;53.6	62;47626;49938;+;66.6	A	9/9	contiguous	23206	1	1	45167..45700+;177;unnamed;0
NZ_MT813046.1	MPF_T	-	369	0	0	GA	0															not_admitted	not_admitted	not_admitted	not_admitted	not_admitted	not_admitted	not_admitted	not_admitted	not_admitted	not_admitted	1	18;18402;19487;+;271.5	180;155462;156898;-;236.1	181;156920;157981;-;197.7	14;13849;16338;+;239.7	179;152289;155447;-;250.9	11;10750;12138;+;104.8	14;13849;16338;+;122.7	9;8889;9479;+;84.8	17;17146;18405;+;51.9	177;149153;151867;-;129.7	3;4360;6312;+;21.5	12;12141;12674;+;70.4	3;4360;6312;+;36.9	A	9/9	split_2	152560	0	1	
NZ_MT813426.1	MPF_F	-	109	0	0	GA	0															not_admitted	not_admitted	not_admitted	not_admitted	not_admitted	not_admitted	not_admitted	not_admitted	not_admitted	not_admitted	1	60;42114;43157;+;369.2	65;47136;48563;+;325.8	63;45926;46738;+;219.1	56;37826;40552;+;164.6	66;48579;51581;+;208.7	52;34828;36144;+;102.7	56;37826;40552;+;108.4	50;33537;34115;+;82.6	61;43172;43879;+;107.6	62;43876;45933;+;92.2	32;20817;22976;+;381.4	55;37172;37816;+;41.9	32;20817;22976;+;89.7	A	9/9	contiguous	27762	1	1	51653..52171+;172;unnamed;0
NZ_MT815555.1	MPF_F	IncFIB(pQil);IncFII(K)	132	0	0	GA	0															not_admitted	not_admitted	not_admitted	not_admitted	not_admitted	not_admitted	not_admitted	not_admitted	not_admitted	not_admitted	1	107;94701;95690;+;366.0	117;101181;102551;+;380.7	113;99227;99979;+;230.7	103;90605;93244;+;258.5	118;102551;105394;+;346.5	95;85922;87346;+;89.2	103;90605;93244;+;88.2	93;84629;85195;+;169.3	108;95703;96341;+;67.3	109;96400;98355;+;259.3	122;107977;110259;+;393.2	96;87460;88044;+;55.4	122;107977;110259;+;65.9	A	9/9	contiguous	23348	1	1	105405..105929+;174;unnamed;0
NZ_MT816498.1	MPF_F	IncC	197	0	0	GA	0															not_admitted	not_admitted	not_admitted	not_admitted	not_admitted	not_admitted	not_admitted	not_admitted	not_admitted	not_admitted	1	98;77736;78743;-;332.9	186;157009;158442;+;339.2	185;155979;157007;+;221.7	103;81495;83942;-;354.2	187;158455;162069;+;375.3	112;95937;97253;-;135.0	103;81495;83942;-;128.6	114;98151;98777;-;92.1	100;79408;80673;-;67.6	97;74825;77620;-;145.3	123;102587;104452;-;47.4	111;95362;95940;-;100.2	123;102587;104452;-;52.0	A	9/9	split_2	83630	0	1	
NZ_MT840282.1	MPF_F	IncFII(Yp);IncFII(pAR0022);IncQ1;repB(R1701)	200	0	0	GA	0															not_admitted	not_admitted	not_admitted	not_admitted	not_admitted	not_admitted	not_admitted	not_admitted	not_admitted	not_admitted	1	55;45959;46948;-;366.6	45;39046;40413;-;384.0	49;41670;42422;-;233.7	59;48405;51044;-;258.5	44;38396;39046;-;171.4	66;53870;54640;-;80.0	59;48405;51044;-;88.7	71;56017;56583;-;169.3	54;45308;45946;-;66.9	53;43294;45249;-;259.4	38;31425;33737;-;393.1	65;53214;53798;-;54.7	38;31425;33737;-;66.6	A	9/9	contiguous	24592	1	1	37395..38291-;298;unnamed;0
NZ_MT840283.1	MPF_F	IncFIB(AP001918);IncFII(pSE11)	157	0	0	GA	0															not_admitted	not_admitted	not_admitted	not_admitted	not_admitted	not_admitted	not_admitted	not_admitted	not_admitted	not_admitted	1	78;70964;71956;-;369.5	68;63812;65185;-;381.7	73;67115;67858;-;234.4	81;72965;75595;-;304.1	67;60993;63815;-;374.0	88;78594;80045;-;94.2	81;72965;75595;-;97.1	90;80760;81326;-;174.3	76;69982;70620;-;68.6	75;68135;69985;-;266.1	63;56433;58721;-;391.0	85;77219;77734;-;78.4	63;56433;58721;-;70.3	A	9/9	contiguous	24327	1	1	60492..60971-;159;TraS;0
NZ_MT849274.1	MPF_F	-	140	0	0	GA	0															not_admitted	not_admitted	not_admitted	not_admitted	not_admitted	not_admitted	not_admitted	not_admitted	not_admitted	not_admitted	1	79;42086;43129;+;369.2	86;47114;48541;+;325.8	84;45904;46716;+;219.1	74;38438;39616;+;117.4	87;48557;51244;+;209.1	68;34806;36122;+;102.7	75;39640;40524;+;65.9	64;33518;34096;+;82.6	81;43475;43858;+;96.6	82;43855;45534;+;61.4	40;20829;21863;+;155.1	71;37150;37794;+;41.9	41;22028;22987;+;93.9	A	9/9	contiguous	27728	1	1	51235..51561+;108;unnamed;0
NZ_MT849282.1	MPF_F	-	102	0	0	GA	0															not_admitted	not_admitted	not_admitted	not_admitted	not_admitted	not_admitted	not_admitted	not_admitted	not_admitted	not_admitted	1	67;47788;48831;+;370.9	71;53053;54492;+;314.2	70;52201;53028;+;215.3	63;43488;46190;+;185.5	72;54503;57553;+;169.1	60;40780;42102;+;105.9	63;43488;46190;+;96.1	58;39486;40064;+;98.6	68;48847;49554;+;101.8	69;49551;52226;+;107.1	36;23717;25849;+;383.2	62;42839;43471;+;43.4	36;23717;25849;+;91.0	A	9/9	contiguous	30786	1	1	57568..58137+;189;unnamed;0
NZ_MT849283.1	MPF_F	-	109	0	0	GA	0															not_admitted	not_admitted	not_admitted	not_admitted	not_admitted	not_admitted	not_admitted	not_admitted	not_admitted	not_admitted	1	60;42125;43168;+;369.2	65;47147;48574;+;325.8	63;45937;46749;+;219.1	56;37837;40563;+;164.6	66;48590;51592;+;208.7	52;34839;36155;+;102.7	56;37837;40563;+;108.4	50;33548;34126;+;82.6	61;43183;43890;+;107.6	62;43887;45944;+;92.2	32;20828;22987;+;381.4	55;37183;37827;+;41.9	32;20828;22987;+;89.7	A	9/9	contiguous	27762	1	1	51664..52182+;172;unnamed;0
NZ_MT849284.1	MPF_F	-	110	0	0	GA	0															not_admitted	not_admitted	not_admitted	not_admitted	not_admitted	not_admitted	not_admitted	not_admitted	not_admitted	not_admitted	1	61;42126;43169;+;369.2	66;47148;48575;+;325.8	64;45938;46750;+;219.1	57;37838;40564;+;164.6	67;48591;51593;+;208.7	53;34840;36156;+;102.7	57;37838;40564;+;108.4	51;33549;34127;+;82.6	62;43184;43891;+;107.6	63;43888;45945;+;92.2	33;20829;22988;+;381.4	56;37184;37828;+;41.9	33;20829;22988;+;89.7	A	9/9	contiguous	27762	1	1	51665..52183+;172;unnamed;0
NZ_MT849285.1	MPF_F	-	109	0	0	GA	0															not_admitted	not_admitted	not_admitted	not_admitted	not_admitted	not_admitted	not_admitted	not_admitted	not_admitted	not_admitted	1	59;41254;42297;+;369.2	64;46276;47703;+;325.8	62;45066;45878;+;219.1	55;36966;39692;+;164.6	65;47719;50721;+;208.7	51;33968;35284;+;102.7	55;36966;39692;+;108.4	49;32677;33255;+;82.6	60;42312;43019;+;107.6	61;43016;45073;+;92.2	31;19957;22116;+;381.4	54;36312;36956;+;41.9	31;19957;22116;+;89.7	A	9/9	contiguous	27762	1	1	50793..51311+;172;unnamed;0
NZ_MT859309.1	MPF_F	IncC	205	0	0	GA	0															not_admitted	not_admitted	not_admitted	not_admitted	not_admitted	not_admitted	not_admitted	not_admitted	not_admitted	not_admitted	1	150;119953;120960;-;332.9	61;42558;43991;-;339.2	62;43993;45021;-;221.7	155;123712;126159;-;354.2	60;38931;42545;-;375.3	164;138154;139470;-;135.0	155;123712;126159;-;128.6	166;140368;140994;-;92.1	152;121625;122890;-;67.6	149;117042;119837;-;145.3	175;144804;146669;-;47.4	163;137579;138157;-;100.2	175;144804;146669;-;52.0	A	9/9	split_2	105873	0	1	
NZ_MT859324.1	MPF_T	IncX2	48	0	0	GA	1	36;29190;29834;-;47.1	35;28916;29206;-;73.5	34;26133;28892;-;44.8	34;26133;28892;-;133.3	34;26133;28892;-;71.9	33;25394;26131;-;57.5	31;24057;25112;-;131.7		30;23145;23867;-;116.0	29;22210;23139;-;133.3	28;20999;22213;-;128.6	27;19944;20981;-;66.4	26;18104;19939;-;543.4		pfam	pfam_only	A	7/7	canonical	1	1	unscoreable	1	0	0														not_admitted	not_admitted	not_admitted	not_admitted	not_admitted	not_admitted	not_admitted
NZ_MT859325.1	MPF_T	IncX2	40	0	0	GA	1	28;24258;24902;-;47.1	27;23984;24274;-;73.5	26;21201;23960;-;44.8	26;21201;23960;-;133.3	26;21201;23960;-;71.9	25;20462;21199;-;57.5	23;19125;20180;-;131.7		22;18213;18935;-;116.0	21;17278;18207;-;133.3	20;16067;17281;-;128.6	19;15012;16049;-;66.4	18;13172;15007;-;543.4		pfam	pfam_only	A	7/7	canonical	1	1	unscoreable	1	0	0														not_admitted	not_admitted	not_admitted	not_admitted	not_admitted	not_admitted	not_admitted
NZ_MT859326.1	MPF_T	IncX1	56	0	0	GA	1	42;37847;38491;-;47.1	41;37573;37863;-;73.5	40;34790;37549;-;44.8	40;34790;37549;-;133.3	40;34790;37549;-;71.9	39;34051;34788;-;57.5	37;32714;33769;-;131.7		36;31802;32524;-;116.0	35;30867;31796;-;133.3	34;29656;30870;-;128.6	33;28601;29638;-;66.4	32;26761;28596;-;543.4		pfam	pfam_only	A	7/7	canonical	1	1	unscoreable	1	0	0														not_admitted	not_admitted	not_admitted	not_admitted	not_admitted	not_admitted	not_admitted
NZ_MT859327.1	MPF_T	IncX1	58	0	0	GA	1	44;36260;36904;-;47.1	43;35986;36276;-;73.5	42;33203;35962;-;44.8	42;33203;35962;-;133.3	42;33203;35962;-;71.9	41;32464;33201;-;57.5	39;31127;32182;-;131.7		38;30215;30937;-;116.0	37;29280;30209;-;132.4	36;28069;29283;-;128.6	35;27014;28051;-;66.4	34;25174;27009;-;543.4		pfam	pfam_only	A	7/7	canonical	1	1	unscoreable	1	0	0														not_admitted	not_admitted	not_admitted	not_admitted	not_admitted	not_admitted	not_admitted
NZ_MT859328.1	MPF_T	IncX1;IncX3	70	0	0	GA	1	56;49067;49714;-;45.2	55;48793;49089;-;77.5	54;46021;48774;-;47.3	54;46021;48774;-;148.0	54;46021;48774;-;73.5	53;45252;46010;-;67.3	51;43825;44955;-;103.0		50;42866;43579;-;120.0	49;41932;42861;-;134.9	48;40730;41935;-;133.4	47;39697;40728;-;77.9	46;37859;39694;-;488.6		pfam	pfam_only	A	7/7	canonical	1	1	unscoreable	1	0	0														not_admitted	not_admitted	not_admitted	not_admitted	not_admitted	not_admitted	not_admitted
NZ_MT859329.1	MPF_T	IncX3	60	0	0	GA	1	47;37659;38303;-;46.4	46;37385;37675;-;73.1	45;34607;37360;-;47.0	45;34607;37360;-;145.4	45;34607;37360;-;73.3	44;33827;34597;-;60.1	42;32493;33548;-;133.2		41;31570;32298;-;119.4	40;30635;31564;-;138.8	39;29424;30638;-;128.3	37;28194;29228;-;65.7	36;26356;28191;-;489.6		pfam	pfam_only	A	7/7	canonical	1	1	unscoreable	2	0	0														not_admitted	not_admitted	not_admitted	not_admitted	not_admitted	not_admitted	not_admitted
NZ_MT859330.1	MPF_T	IncX1;IncX3	70	0	0	GA	1	56;53420;54067;-;45.2	55;53146;53442;-;77.5	54;50374;53127;-;47.3	54;50374;53127;-;148.0	54;50374;53127;-;73.5	53;49605;50363;-;67.3	51;48178;49308;-;103.0		50;47219;47932;-;120.0	49;46285;47214;-;134.9	48;45083;46288;-;133.4	47;44050;45081;-;77.9	46;42212;44047;-;488.6		pfam	pfam_only	A	7/7	canonical	1	1	unscoreable	1	0	0														not_admitted	not_admitted	not_admitted	not_admitted	not_admitted	not_admitted	not_admitted
NZ_MT875328.1	MPF_F	IncFII(pHN7A8);IncR	192	0	0	GA	0															not_admitted	not_admitted	not_admitted	not_admitted	not_admitted	not_admitted	not_admitted	not_admitted	not_admitted	not_admitted	1	95;72357;73349;-;369.5			98;74358;76985;-;301.8		103;79040;80467;-;94.1	98;74358;76985;-;101.8	105;81182;81748;-;183.8	92;70881;71411;-;68.4		98;74358;76985;-;20.8	99;77501;78016;-;74.5		D	5/9	contiguous	10301	0	0	
NZ_MT901553.1	MPF_T	IncX3	59	0	0	GA	1	46;38137;38781;-;46.4	45;37863;38153;-;73.1	44;35085;37838;-;47.0	44;35085;37838;-;142.4	44;35085;37838;-;73.3	43;34305;35075;-;60.1	41;32971;34026;-;133.2		40;32048;32776;-;119.4	39;31113;32042;-;138.8	38;29902;31116;-;128.3	36;28672;29706;-;65.7	35;26834;28669;-;495.9		pfam	pfam_only	A	7/7	canonical	1	1	unscoreable	2	0	0														not_admitted	not_admitted	not_admitted	not_admitted	not_admitted	not_admitted	not_admitted
NZ_MT920901.1	MPF_F	IncFII(pHN7A8);repB(R1701)	176	0	0	GA	0															not_admitted	not_admitted	not_admitted	not_admitted	not_admitted	not_admitted	not_admitted	not_admitted	not_admitted	not_admitted	1	31;22758;23750;+;369.5			28;19122;21749;+;301.8		23;15640;17067;+;94.1	28;19122;21749;+;101.8	21;14359;14925;+;183.8			28;19122;21749;+;20.8	27;18091;18606;+;77.6		D	4/9	contiguous	8399	0	0	
NZ_MT920903.1	MPF_F	IncFII(pHN7A8);IncHI1B(pNDM-MAR);repB	338	0	0	GA	0															not_admitted	not_admitted	not_admitted	not_admitted	not_admitted	not_admitted	not_admitted	not_admitted	not_admitted	not_admitted	1	97;77699;78691;+;369.5	110;85524;86897;+;376.8	105;83215;83958;+;234.4	94;74063;76690;+;301.8	111;86894;89710;+;376.7	89;70581;72008;+;94.1	94;74063;76690;+;101.8	87;69300;69866;+;183.8	100;79637;80275;+;70.4	103;81088;82938;+;265.0	115;92011;94227;+;391.7	93;73032;73547;+;77.6	115;92011;94227;+;70.3	A	9/9	contiguous	22711	1	1	89743..90264+;173;unnamed;0
NZ_MT920905.1	MPF_F	IncFII(pHN7A8);IncR	192	0	0	GA	0															not_admitted	not_admitted	not_admitted	not_admitted	not_admitted	not_admitted	not_admitted	not_admitted	not_admitted	not_admitted	1	44;35521;36513;+;369.5	57;43346;44719;+;376.8	52;41037;41780;+;234.4	41;31885;34512;+;301.8	58;44716;47532;+;376.7	36;28403;29830;+;94.1	41;31885;34512;+;101.8	34;27122;27688;+;183.8	47;37459;38097;+;70.4	50;38910;40760;+;265.0	62;49833;52049;+;391.7	40;30854;31369;+;77.6	62;49833;52049;+;70.3	A	9/9	contiguous	22711	1	1	47565..48086+;173;unnamed;0
NZ_MT920906.1	-	IncX6	69	0	0	GA	1	41;31998;32627;-;45.3	40;31687;31980;-;50.5	39;28908;31673;-;58.7	39;28908;31673;-;129.2	39;28908;31673;-;55.1	38;28156;28896;-;110.2	36;26639;27697;-;122.9		35;25749;26435;-;167.1	34;24832;25752;-;144.2	33;23543;24832;-;131.5	32;22508;23539;-;79.6	31;20695;22521;-;384.8		pfam	pfam_only	A	7/7	canonical	1	1	unscoreable	1	0	0														not_admitted	not_admitted	not_admitted	not_admitted	not_admitted	not_admitted	not_admitted
NZ_MT929275.1	MPF_T	IncX4	42	0	0	GA	1	24;16357;16929;+;42.2	25;16990;17316;+;64.4	26;17335;20082;+;63.8	26;17335;20082;+;151.8	26;17335;20082;+;46.1	27;20094;20810;+;94.2	28;20822;21916;+;150.1		30;22431;23117;+;169.0	31;23114;24022;+;142.5	32;24015;25133;+;163.9	33;25135;26163;+;83.8	34;26195;28012;+;314.8		pfam	pfam_only	A	7/7	canonical	1	1	unscoreable	1	0	0														not_admitted	not_admitted	not_admitted	not_admitted	not_admitted	not_admitted	not_admitted
NZ_MT929276.1	MPF_T	IncX4	43	0	0	GA	1	24;16362;16982;+;41.6	25;16996;17322;+;64.4	26;17341;20088;+;63.8	26;17341;20088;+;151.8	26;17341;20088;+;46.1		29;20826;21920;+;150.1		31;22435;23121;+;169.0	32;23118;24026;+;142.4	33;24019;25137;+;163.9	34;25139;26167;+;85.0	35;26199;28016;+;314.8		none	none	A	7/7	canonical	0	1	unscoreable	3	0	0														not_admitted	not_admitted	not_admitted	not_admitted	not_admitted	not_admitted	not_admitted
NZ_MT929277.1	MPF_T	IncX4	42	0	0	GA	1	24;16356;16928;+;42.2	25;16989;17315;+;64.4	26;17334;20081;+;63.8	26;17334;20081;+;151.8	26;17334;20081;+;46.1	27;20093;20809;+;94.2	28;20821;21915;+;150.1		30;22430;23116;+;169.0	31;23113;24021;+;142.4	32;24014;25132;+;163.9	33;25134;26162;+;83.8	34;26194;28011;+;314.8		pfam	pfam_only	A	7/7	canonical	1	1	unscoreable	1	0	0														not_admitted	not_admitted	not_admitted	not_admitted	not_admitted	not_admitted	not_admitted
NZ_MT929278.1	MPF_T	IncX4	42	0	0	GA	1	24;16362;16982;+;41.6	25;16996;17322;+;64.4	26;17341;20088;+;63.8	26;17341;20088;+;151.8	26;17341;20088;+;46.1	27;20100;20816;+;94.2	28;20828;21922;+;150.1		30;22437;23123;+;169.0	31;23120;24028;+;142.4	32;24021;25139;+;163.9	33;25141;26169;+;85.0	34;26201;28018;+;314.8		pfam	pfam_only	A	7/7	canonical	1	1	unscoreable	1	0	0														not_admitted	not_admitted	not_admitted	not_admitted	not_admitted	not_admitted	not_admitted
NZ_MT929279.1	MPF_T	IncX4	42	0	0	GA	1	24;16356;16976;+;41.6	25;16990;17316;+;64.4	26;17335;20082;+;63.8	26;17335;20082;+;151.8	26;17335;20082;+;46.1	27;20094;20810;+;94.2	28;20822;21916;+;150.1		30;22431;23117;+;169.0	31;23114;24022;+;142.4	32;24015;25133;+;163.9	33;25135;26163;+;85.0	34;26195;28012;+;314.8		pfam	pfam_only	A	7/7	canonical	1	1	unscoreable	1	0	0														not_admitted	not_admitted	not_admitted	not_admitted	not_admitted	not_admitted	not_admitted
NZ_MT929280.1	MPF_T	IncX4	42	0	0	GA	1	24;16356;16976;+;41.6	25;16990;17316;+;64.4	26;17335;20082;+;63.8	26;17335;20082;+;151.8	26;17335;20082;+;46.1	27;20094;20810;+;94.2	28;20822;21916;+;150.1		30;22431;23117;+;169.0	31;23114;24022;+;142.4	32;24015;25133;+;163.9	33;25135;26163;+;85.0	34;26195;28012;+;314.8		pfam	pfam_only	A	7/7	canonical	1	1	unscoreable	1	0	0														not_admitted	not_admitted	not_admitted	not_admitted	not_admitted	not_admitted	not_admitted
NZ_MT929281.1	MPF_T	IncX4	44	0	0	GA	1	26;17133;17753;+;41.6	27;17767;18093;+;64.4	28;18112;20859;+;63.8	28;18112;20859;+;151.8	28;18112;20859;+;46.1	29;20871;21587;+;94.2	30;21599;22693;+;150.1		32;23208;23894;+;169.0	33;23891;24799;+;142.4	34;24792;25910;+;163.9	35;25912;26940;+;85.0	36;26972;28789;+;314.8		pfam	pfam_only	A	7/7	canonical	1	1	unscoreable	1	0	0														not_admitted	not_admitted	not_admitted	not_admitted	not_admitted	not_admitted	not_admitted
NZ_MT929282.1	MPF_T	IncX4	42	0	0	GA	1	24;16352;16972;+;41.6	25;16986;17312;+;64.4	26;17331;20078;+;63.8	26;17331;20078;+;151.8	26;17331;20078;+;46.1	27;20090;20806;+;94.2	28;20818;21912;+;150.1		30;22427;23113;+;169.0	31;23110;24018;+;142.4	32;24011;25129;+;163.9	33;25131;26159;+;85.0	34;26191;28008;+;314.8		pfam	pfam_only	A	7/7	canonical	1	1	unscoreable	1	0	0														not_admitted	not_admitted	not_admitted	not_admitted	not_admitted	not_admitted	not_admitted
NZ_MT929283.1	MPF_T	IncI2	76	0	0	GA	1	12;11998;12480;-;81.1		27;28070;28354;-;36.6	26;25707;28064;-;58.5	26;25707;28064;-;42.8	39;33807;34448;-;42.8	40;34454;35449;-;128.5		24;24807;25541;-;144.3	23;24040;24810;-;170.5	22;22911;24050;-;154.7	15;14248;15786;-;207.1	20;19863;21821;-;289.6		pfam	pfam_only	A	7/7	rearranged	1	0	unscoreable	17	1	0														not_admitted	not_admitted	not_admitted	not_admitted	not_admitted	not_admitted	not_admitted
NZ_MT929284.1	MPF_F	IncHI2;IncHI2A	271	0	0	GA	0															not_admitted	not_admitted	not_admitted	not_admitted	not_admitted	not_admitted	not_admitted	not_admitted	not_admitted	not_admitted	1	162;146846;147904;+;276.9	40;34700;36115;-;194.1	41;36105;37151;-;174.3	146;124091;126772;+;168.0	39;30738;34691;-;101.6	142;120406;121761;+;80.7	146;124091;126772;+;72.2	139;117894;118682;+;74.8	160;145193;146704;+;62.0	163;147923;151111;+;57.3	48;44193;46277;+;56.8	145;123132;124082;+;46.1	48;44193;46277;+;38.8	A	9/9	split_3	117185	1	1	29268..30557-;429;unnamed;0
NZ_MT929285.1	MPF_F	IncHI2;IncHI2A	266	0	0	GA	0															not_admitted	not_admitted	not_admitted	not_admitted	not_admitted	not_admitted	not_admitted	not_admitted	not_admitted	not_admitted	1	174;165741;166799;+;276.9	61;59302;60717;-;194.1	62;60707;61753;-;174.3	157;141917;144598;+;168.0	60;55340;59293;-;101.6	153;138232;139587;+;80.7	157;141917;144598;+;72.2	150;135720;136508;+;74.8	172;164088;165599;+;62.0	175;166818;170006;+;57.3	69;68795;70879;+;56.8	156;140958;141908;+;46.1	69;68795;70879;+;38.8	A	9/9	split_3	111478	1	1	53870..55159-;429;unnamed;0
NZ_MT929286.1	MPF_F	IncHI2;IncHI2A;IncQ1	274	0	0	GA	0															not_admitted	not_admitted	not_admitted	not_admitted	not_admitted	not_admitted	not_admitted	not_admitted	not_admitted	not_admitted	1	183;170045;171103;+;276.9	70;63606;65021;-;194.1	71;65011;66057;-;174.3	166;146221;148902;+;168.0	69;59644;63597;-;101.6	162;142536;143891;+;80.7	166;146221;148902;+;72.2	159;140024;140812;+;74.8	181;168392;169903;+;62.0	184;171122;174310;+;57.3	78;73099;75183;+;56.8	165;145262;146212;+;46.1	78;73099;75183;+;38.8	A	9/9	split_3	111478	1	1	58174..59463-;429;unnamed;0
NZ_MT929287.1	MPF_F	IncHI2;IncHI2A;IncQ1	284	0	0	GA	0															not_admitted	not_admitted	not_admitted	not_admitted	not_admitted	not_admitted	not_admitted	not_admitted	not_admitted	not_admitted	1	208;190212;191270;+;276.9	93;82327;83742;-;194.1	94;83732;84778;-;174.2	191;166388;169069;+;168.0	92;78365;82318;-;101.6	187;162703;164058;+;80.7	191;166388;169069;+;72.2	184;160191;160979;+;74.8	206;188559;190070;+;62.0	209;191289;194477;+;57.3	101;91820;93904;+;56.8	190;165429;166379;+;46.1	101;91820;93904;+;38.8	A	9/9	split_3	112924	1	1	76895..78184-;429;unnamed;0
NZ_MT929288.1	MPF_F	IncHI2;IncHI2A;IncQ1	308	0	0	GA	0															not_admitted	not_admitted	not_admitted	not_admitted	not_admitted	not_admitted	not_admitted	not_admitted	not_admitted	not_admitted	1	107;96954;98012;-;276.9	223;205817;207232;+;194.1	222;204781;205827;+;174.2	124;119155;121836;-;168.0	224;207241;211194;+;101.6	128;124166;125521;-;80.7	124;119155;121836;-;72.2	131;127245;128033;-;74.8	109;98154;99665;-;62.0	106;93747;96935;-;57.3	215;195655;197739;-;56.8	125;121845;122795;-;46.1	215;195655;197739;-;38.8	A	9/9	split_3	113494	1	1	211375..212664+;429;unnamed;0
NZ_MT929289.1	MPF_T	IncI2;IncX4	119	0	0	GA	1	105;82783;83265;+;81.1	28;21954;22280;+;64.4	29;22299;25046;+;63.8	29;22299;25046;+;151.8	29;22299;25046;+;46.1	30;25058;25774;+;94.2	31;25786;26880;+;150.1		33;27395;28081;+;169.0	94;70447;71217;+;170.5	35;28979;30097;+;163.9	102;79477;81015;+;207.1	37;31159;32976;+;314.8		pfam	pfam_only	A	7/7	canonical	1	1	unscoreable	18	1	0														not_admitted	not_admitted	not_admitted	not_admitted	not_admitted	not_admitted	not_admitted
NZ_MT929290.1	MPF_T	IncI2	75	0	0	GA	1	11;11421;11903;-;81.1		26;27505;27789;-;36.6	25;25142;27499;-;58.5	25;25142;27499;-;42.8	38;33242;33883;-;42.8	39;33889;34884;-;128.5		23;24242;24976;-;144.3	22;23475;24245;-;170.5	21;22346;23485;-;154.7	14;13671;15209;-;207.1	19;19298;21256;-;289.6		pfam	pfam_only	A	7/7	rearranged	1	0	unscoreable	17	1	0														not_admitted	not_admitted	not_admitted	not_admitted	not_admitted	not_admitted	not_admitted
NZ_MT949190.1	MPF_T	-	26	0	0	GA	1	16;14605;15339;-;32.5		13;13645;13962;-;63.3	12;11045;13645;-;113.8	12;11045;13645;-;76.4	11;10314;11027;-;105.5	9;9023;10063;-;142.4		8;8106;8804;-;131.9	7;7211;8095;-;159.7	6;6051;7211;-;156.3	5;5014;6009;-;81.2			pfam	both	B	6/7	canonical	1	0	unscoreable	3	0	0														not_admitted	not_admitted	not_admitted	not_admitted	not_admitted	not_admitted	not_admitted
NZ_MT949192.1	MPF_T	Col440I	34	0	0	GA	1	24;21117;21851;-;32.5		21;20157;20474;-;63.3	20;17557;20157;-;113.8	20;17557;20157;-;76.4	19;16826;17539;-;105.5	17;15535;16575;-;142.4		16;14618;15316;-;131.9	15;13723;14607;-;159.7	14;12563;13723;-;156.3	13;11526;12521;-;81.2			pfam	both	B	6/7	canonical	1	0	unscoreable	3	0	0														not_admitted	not_admitted	not_admitted	not_admitted	not_admitted	not_admitted	not_admitted
NZ_MT949193.1	MPF_T	-	23	0	0	GA	1	13;11984;12718;-;32.5		10;11024;11341;-;63.3	9;8424;11024;-;113.8	9;8424;11024;-;76.4	8;7693;8406;-;105.5	6;6402;7442;-;142.4		5;5485;6183;-;131.9	4;4590;5474;-;159.7	3;3430;4590;-;156.3	2;2393;3388;-;81.2			pfam	both	B	6/7	canonical	1	0	unscoreable	3	0	0														not_admitted	not_admitted	not_admitted	not_admitted	not_admitted	not_admitted	not_admitted
NZ_MT955362.1	MPF_F	IncFII(pBK30683);repB(R1701)	108	0	0	GA	0															not_admitted	not_admitted	not_admitted	not_admitted	not_admitted	not_admitted	not_admitted	not_admitted	not_admitted	not_admitted	1	70;64668;65657;-;366.0	60;57754;59121;-;384.0	64;60379;61131;-;233.7	74;67114;69753;-;258.5	59;54905;57754;-;346.4	80;72583;74007;-;89.2	74;67114;69753;-;88.7	82;74734;75300;-;169.3	69;64017;64655;-;67.0	68;62003;63958;-;259.7	55;50129;52441;-;390.0	79;71926;72510;-;54.5	55;50129;52441;-;64.0	A	9/9	contiguous	24605	1	1	54369..54902-;177;unnamed;0
NZ_MW010024.1	MPF_T	IncX4	44	0	0	GA	1	29;30247;30867;-;41.6	28;29907;30233;-;64.4	27;27141;29888;-;63.8	27;27141;29888;-;151.8	27;27141;29888;-;46.1	26;26413;27129;-;94.2	25;25307;26401;-;150.1		23;24106;24792;-;169.0	22;23201;24109;-;142.4	21;22090;23208;-;163.9	20;21060;22088;-;85.0	19;19211;21028;-;314.8		pfam	pfam_only	A	7/7	canonical	1	1	unscoreable	1	0	0														not_admitted	not_admitted	not_admitted	not_admitted	not_admitted	not_admitted	not_admitted
NZ_MW010025.1	MPF_T	IncX4	41	0	0	GA	1	26;24531;25151;-;41.6	25;24191;24517;-;64.4	24;21425;24172;-;63.8	24;21425;24172;-;151.8	24;21425;24172;-;46.1	23;20697;21413;-;94.2	22;19591;20685;-;150.1		20;18390;19076;-;169.0	19;17485;18393;-;142.4	18;16374;17492;-;163.9	17;15344;16372;-;85.0	16;13495;15312;-;314.8		pfam	pfam_only	A	7/7	canonical	1	1	unscoreable	1	0	0														not_admitted	not_admitted	not_admitted	not_admitted	not_admitted	not_admitted	not_admitted
NZ_MW010026.1	MPF_T	IncX4	41	0	0	GA	1	26;24531;25151;-;41.6	25;24191;24517;-;64.4	24;21425;24172;-;63.8	24;21425;24172;-;151.8	24;21425;24172;-;46.1	23;20697;21413;-;94.2	22;19591;20685;-;150.1		20;18390;19076;-;169.0	19;17485;18393;-;142.4	18;16374;17492;-;163.9	17;15344;16372;-;85.0	16;13495;15312;-;314.8		pfam	pfam_only	A	7/7	canonical	1	1	unscoreable	1	0	0														not_admitted	not_admitted	not_admitted	not_admitted	not_admitted	not_admitted	not_admitted
NZ_MW010027.1	MPF_T	IncX4	41	0	0	GA	1	26;24531;25151;-;41.6	25;24191;24517;-;64.4	24;21425;24172;-;63.8	24;21425;24172;-;151.8	24;21425;24172;-;46.1	23;20697;21413;-;94.2	22;19591;20685;-;150.1		20;18390;19076;-;169.0	19;17485;18393;-;142.4	18;16374;17492;-;163.9	17;15344;16372;-;85.0	16;13495;15312;-;314.8		pfam	pfam_only	A	7/7	canonical	1	1	unscoreable	1	0	0														not_admitted	not_admitted	not_admitted	not_admitted	not_admitted	not_admitted	not_admitted
NZ_MW013142.1	MPF_F	IncFIB(pNDM-Mar);IncHI1B(pNDM-MAR)	327	0	0	GA	0															not_admitted	not_admitted	not_admitted	not_admitted	not_admitted	not_admitted	not_admitted	not_admitted	not_admitted	not_admitted	1	35;32948;33985;-;282.3	188;164688;166097;+;190.4	187;163661;164698;+;175.6	48;45972;48689;-;149.6	189;166099;170067;+;121.3	52;50802;52172;-;65.6	48;45972;48689;-;85.2	55;53818;54678;-;79.0	36;33982;35343;-;69.9	34;29753;32938;-;59.6	180;154336;156462;-;57.7	49;48734;49471;-;56.9	180;154336;156462;-;41.0	A	9/9	split_2	136346	0	1	
NZ_MW013143.1	MPF_F	IncHI1B(pNDM-MAR);repB	289	0	0	GA	0															not_admitted	not_admitted	not_admitted	not_admitted	not_admitted	not_admitted	not_admitted	not_admitted	not_admitted	not_admitted	1	53;45361;46353;-;369.5			56;47362;49989;-;300.9		62;52142;53569;-;93.9	56;47362;49989;-;102.2	64;54284;54850;-;182.7	51;44379;45017;-;70.7	50;42973;44382;-;108.9	56;47362;49989;-;20.8	58;50505;51020;-;76.0		C	6/9	contiguous	11311	0	1	
NZ_MW013145.1	MPF_F	IncFIB(pNDM-Mar);IncHI1B(pNDM-MAR);IncN;RepB	255	0	0	GA	0															not_admitted	not_admitted	not_admitted	not_admitted	not_admitted	not_admitted	not_admitted	not_admitted	not_admitted	not_admitted	1	45;45828;46865;-;282.3	195;172636;174045;+;190.4	194;171609;172646;+;175.6	57;57697;60414;-;149.6	196;174047;177955;+;121.3	61;62527;63897;-;64.7	57;57697;60414;-;85.2	64;65543;66403;-;79.0	46;46862;48223;-;69.9	44;42636;45818;-;59.9	187;162284;164410;-;57.7	58;60459;61196;-;56.9	187;162284;164410;-;41.0	A	9/9	split_2	131411	0	1	
NZ_MW013146.1	MPF_F	IncFIB(pNDM-Mar);RepB	322	0	0	GA	0															not_admitted	not_admitted	not_admitted	not_admitted	not_admitted	not_admitted	not_admitted	not_admitted	not_admitted	not_admitted	1	247;214535;215572;-;282.3	74;56982;58391;+;190.4	73;55955;56992;+;175.6	262;228865;231387;-;149.9	75;58393;62361;+;121.3	266;233500;234870;-;65.6	262;228865;231387;-;73.0	269;236516;237376;-;79.0	248;215569;216930;-;69.9	246;211340;214525;-;59.6	66;46618;48744;-;57.8	263;231432;232169;-;56.9	66;46618;48744;-;41.0	A	9/9	split_2	189898	0	1	
NZ_MW025958.1	MPF_F	IncHI2;IncHI2A;IncN;IncQ1	267	0	0	GA	0															not_admitted	not_admitted	not_admitted	not_admitted	not_admitted	not_admitted	not_admitted	not_admitted	not_admitted	not_admitted	1	30;32544;33602;+;276.9			11;8955;11636;+;168.0		7;5270;6625;+;80.7	11;8955;11636;+;72.2	4;2758;3546;+;74.8	28;30891;32402;+;62.0	31;33621;36809;+;57.3		10;7996;8946;+;46.1		C	6/9	split_2	30863	0	1	
NZ_MW025959.1	MPF_F	IncHI2;IncHI2A	169	0	0	GA	0															not_admitted	not_admitted	not_admitted	not_admitted	not_admitted	not_admitted	not_admitted	not_admitted	not_admitted	not_admitted	1	30;32544;33602;+;276.9			11;8955;11636;+;168.0		7;5270;6625;+;80.7	11;8955;11636;+;72.2	4;2758;3546;+;74.8	28;30891;32402;+;62.0	31;33621;36809;+;57.3		10;7996;8946;+;46.1		C	6/9	split_2	30863	0	1	
NZ_MW025963.1	MPF_F	IncHI2;IncHI2A	180	0	0	GA	0															not_admitted	not_admitted	not_admitted	not_admitted	not_admitted	not_admitted	not_admitted	not_admitted	not_admitted	not_admitted	1	136;132200;133258;-;276.9			11;8955;11636;+;168.3		7;5270;6625;+;80.7	11;8955;11636;+;72.2	4;2758;3546;+;74.8	138;133400;134701;-;61.5	135;128993;132181;-;57.3		10;7996;8946;+;46.1		C	6/9	split_2	130642	0	1	
NZ_MW025964.1	MPF_F	IncHI2;IncHI2A	180	0	0	GA	0															not_admitted	not_admitted	not_admitted	not_admitted	not_admitted	not_admitted	not_admitted	not_admitted	not_admitted	not_admitted	1	101;99640;100698;+;276.9			85;77387;80068;+;168.0		81;73702;75057;+;80.7	85;77387;80068;+;72.2	78;71190;71978;+;74.8	99;97987;99498;+;62.0	102;100717;103905;+;57.3		84;76428;77378;+;46.1		C	6/9	split_2	29527	0	1	
NZ_MW025965.1	MPF_F	IncHI2;IncHI2A;IncN	260	0	0	GA	0															not_admitted	not_admitted	not_admitted	not_admitted	not_admitted	not_admitted	not_admitted	not_admitted	not_admitted	not_admitted	1	29;32544;33602;+;276.9			11;8955;11636;+;168.0		7;5270;6625;+;80.7	11;8955;11636;+;72.2	4;2758;3546;+;74.8	27;30891;32402;+;62.0	30;33621;36809;+;57.3		10;7996;8946;+;46.1		C	6/9	split_2	30863	0	1	
NZ_MW033206.1	MPF_T	IncU	50	0	0	GA	1		28;26713;27036;-;66.6	27;26375;26695;-;82.6	26;23931;26378;-;158.4	26;23931;26378;-;86.2	25;23290;23934;-;105.7	23;21964;22974;-;161.6		21;20894;21643;-;157.6	20;20058;20891;-;208.0	19;18844;20058;-;188.0	18;17838;18866;-;90.4	17;15947;17872;-;408.7		pfam	both	A	7/7	canonical	1	0	unscoreable	2	0	0														not_admitted	not_admitted	not_admitted	not_admitted	not_admitted	not_admitted	not_admitted
NZ_MW057772.1	MPF_F	IncFIA;IncFII	158	0	0	GA	0															not_admitted	not_admitted	not_admitted	not_admitted	not_admitted	not_admitted	not_admitted	not_admitted	not_admitted	not_admitted	1	99;81649;82641;+;369.5			96;78013;80640;+;300.9		90;74433;75860;+;93.9	96;78013;80640;+;101.1	88;73152;73718;+;182.7	101;82985;83623;+;70.7		96;78013;80640;+;20.8	94;76982;77497;+;76.0		D	5/9	contiguous	9833	0	0	
NZ_MW073138.1	MPF_T	-	48	0	0	GA	1	26;19622;20332;+;101.0	27;20343;20636;+;41.2		28;20648;23359;+;78.0	28;20648;23359;+;57.1	29;23356;23997;+;71.2	16;10702;11787;+;71.0		17;11787;12575;+;74.6	18;12590;13327;+;149.0	19;13329;14708;+;180.8	20;14724;15761;+;92.0	24;17841;19358;+;35.6		pfam	both	A	7/7	rearranged	1	0	unscoreable	3	0	0														not_admitted	not_admitted	not_admitted	not_admitted	not_admitted	not_admitted	not_admitted
NZ_MW077912.1	MPF_T	IncY	100	0	0	GA	1	75;76109;76771;+;48.3	76;76782;77081;+;36.6	77;77091;79841;+;61.8	77;77091;79841;+;132.4	77;77091;79841;+;47.3	78;79860;80576;+;137.0	80;80890;81897;+;137.8		82;82107;82793;+;158.3	83;82786;83679;+;147.4	84;83676;84872;+;134.7	85;84876;85925;+;71.5	92;90663;92570;+;24.4		pfam	pfam_only	A	7/7	canonical	1	1	unscoreable	8	0	0														not_admitted	not_admitted	not_admitted	not_admitted	not_admitted	not_admitted	not_admitted
NZ_MW077914.1	MPF_F	IncFII	86	0	0	GA	0															not_admitted	not_admitted	not_admitted	not_admitted	not_admitted	not_admitted	not_admitted	not_admitted	not_admitted	not_admitted	1	62;48474;49466;+;369.5	72;55245;56618;+;381.7	67;52572;53315;+;234.4	59;44835;47465;+;304.1	73;56615;59437;+;374.0	51;39982;41433;+;94.2	59;44835;47465;+;97.1	49;38701;39267;+;174.3	64;49810;50448;+;68.6	65;50445;52295;+;266.1	77;61709;63889;+;391.2	54;42293;42808;+;78.4	77;61709;63889;+;70.3	A	9/9	contiguous	23008	1	1	59459..59938+;159;TraS;0
NZ_MW077916.1	MPF_F	IncFIB(AP001918);IncFII;IncQ1	189	0	0	GA	0															not_admitted	not_admitted	not_admitted	not_admitted	not_admitted	not_admitted	not_admitted	not_admitted	not_admitted	not_admitted	1	131;120147;121361;-;107.9	122;115540;116913;-;374.3	129;119127;119870;-;234.1	134;122370;124997;-;305.4	121;112727;115543;-;387.9	140;127052;128479;-;94.4	134;122370;124997;-;99.1	142;129194;129760;-;183.8		131;120147;121361;-;255.8	118;109011;111164;-;391.1	136;125513;126028;-;77.3	118;109011;111164;-;69.2	B	8/9	contiguous	20183	1	1	112173..112694-;173;unnamed;0
NZ_MW077917.1	MPF_T	IncX3	56	0	0	GA	1	21;12973;13617;+;46.4	22;13601;13891;+;73.1	23;13916;16669;+;47.0	23;13916;16669;+;145.4	23;13916;16669;+;73.3	24;16679;17449;+;60.1	26;17728;18783;+;133.2		27;18978;19706;+;119.4	28;19712;20641;+;138.8	29;20638;21852;+;128.3	31;22048;23082;+;65.7	32;23085;24920;+;495.9		pfam	pfam_only	A	7/7	canonical	1	1	unscoreable	2	0	0														not_admitted	not_admitted	not_admitted	not_admitted	not_admitted	not_admitted	not_admitted
NZ_MW080368.1	MPF_T	ColKP3;IncX3	64	0	0	GA	1	26;22397;23041;-;46.4	25;22123;22413;-;73.1	24;19345;22098;-;47.0	24;19345;22098;-;142.4	24;19345;22098;-;73.3	23;18565;19335;-;60.1	21;17231;18286;-;132.8		20;16308;17036;-;119.4	19;15373;16302;-;138.8	18;14162;15376;-;128.3	16;12932;13966;-;65.7	15;11094;12929;-;495.9		pfam	pfam_only	A	7/7	canonical	1	1	unscoreable	2	0	0														not_admitted	not_admitted	not_admitted	not_admitted	not_admitted	not_admitted	not_admitted
NZ_MW148604.1	MPF_F	IncHI2;IncHI2A	245	0	0	GA	0															not_admitted	not_admitted	not_admitted	not_admitted	not_admitted	not_admitted	not_admitted	not_admitted	not_admitted	not_admitted	1	203;190796;191854;-;276.9	57;50887;52302;+;194.1	56;49851;50897;+;173.7	221;212493;215174;-;168.0	58;52311;56261;+;101.6	225;217504;218859;-;80.7	221;212493;215174;-;72.2	228;220583;221371;-;74.8	205;191996;193507;-;62.7	202;187589;190777;-;58.3	50;40726;42810;-;56.7	222;215183;216133;-;46.4	50;40726;42810;-;38.8	A	9/9	split_3	179857	0	1	
NZ_MW150990.1	MPF_T	IncP1	61	0	0	GA	1	16;13691;14326;+;23.5	4;3374;3838;+;63.5	5;3842;4153;+;49.8	7;4774;6708;+;91.8	6;4150;4722;+;114.8	12;10342;11106;+;122.3	14;11354;13072;+;143.0		8;6705;7487;+;145.8	9;7505;8404;+;186.5	11;8900;10321;+;223.3	3;2395;3357;+;127.6	33;32276;34189;-;525.1		conjscan	conjscan_only	A	7/7	canonical	1	0	unscoreable	4	0	0														not_admitted	not_admitted	not_admitted	not_admitted	not_admitted	not_admitted	not_admitted
NZ_MW174861.1	MPF_T	rep38	75	0	0	GA	1				4;1814;3829;+;23.6									10;7855;9405;+;462.8		none	none	D	2/7	uncallable	0	0	unscoreable	5	0	0														not_admitted	not_admitted	not_admitted	not_admitted	not_admitted	not_admitted	not_admitted
NZ_MW191858.1	MPF_T	IncX3	57	0	0	GA	1	50;38497;39141;+;46.4	51;39125;39415;+;73.1	52;39440;42193;+;47.0	52;39440;42193;+;142.4	52;39440;42193;+;73.3	53;42203;42973;+;60.1	55;43252;44307;+;133.2		56;44502;45230;+;119.4		0;1;1215;+;128.3	2;1411;2445;+;65.7	3;2448;4283;+;495.9		pfam	pfam_only	B	6/7	canonical	1	1	unscoreable	2	0	0														not_admitted	not_admitted	not_admitted	not_admitted	not_admitted	not_admitted	not_admitted
NZ_MW191859.1	MPF_T	IncN	78	0	0	GA	1	25;21090;21824;-;32.5		22;20130;20447;-;63.3	21;17530;20130;-;113.8	21;17530;20130;-;76.4	20;16799;17512;-;105.5	18;15508;16548;-;142.4		17;14591;15289;-;131.9	16;13696;14580;-;159.7	15;12536;13696;-;156.3	14;11499;12494;-;81.2	67;47897;49426;+;38.5		pfam	both	A	7/7	canonical	1	0	unscoreable	3	0	0														not_admitted	not_admitted	not_admitted	not_admitted	not_admitted	not_admitted	not_admitted
NZ_MW191862.1	MPF_T	IncX4	44	0	0	GA	1	41;30906;31526;+;41.6	42;31540;31866;+;64.4	43;31885;34632;+;63.8	43;31885;34632;+;151.8	43;31885;34632;+;46.1	0;1;717;+;94.2	1;729;1823;+;150.1		3;2338;3024;+;169.0	4;3021;3929;+;142.4	5;3922;5040;+;163.9	9;6753;7406;+;86.5	10;7438;9255;+;314.8		pfam	pfam_only	A	7/7	rearranged	1	1	unscoreable	4	0	0														not_admitted	not_admitted	not_admitted	not_admitted	not_admitted	not_admitted	not_admitted
NZ_MW191863.1	MPF_F	IncHI2;IncHI2A	239	0	0	GA	0															not_admitted	not_admitted	not_admitted	not_admitted	not_admitted	not_admitted	not_admitted	not_admitted	not_admitted	not_admitted	1	17;23326;24384;+;276.9	135;127162;128577;-;194.1	136;128567;129613;-;174.3	0;1;2682;+;168.0	134;123200;127153;-;101.7	235;210016;211371;+;80.7	0;1;2682;+;72.2	232;207504;208292;+;74.8	15;21673;23184;+;62.0	18;24403;27591;+;57.3	143;136655;138739;+;56.8	238;212742;213692;+;46.1	143;136655;138739;+;38.8	A	9/9	split_4	212741	1	1	121730..123019-;429;unnamed;0
NZ_MW191864.1	MPF_T	IncI2	79	0	0	GA	1	28;22976;23458;+;81.1		13;7096;7380;+;36.6	14;7386;9743;+;58.5	14;7386;9743;+;42.8	1;1002;1643;+;42.8	0;1;996;+;128.5		16;9909;10643;+;144.3	17;10640;11410;+;170.5	18;11400;12539;+;154.7	25;19670;21208;+;207.1	20;13629;15587;+;289.6		pfam	pfam_only	A	7/7	rearranged	1	0	unscoreable	17	1	0														not_admitted	not_admitted	not_admitted	not_admitted	not_admitted	not_admitted	not_admitted
NZ_MW191865.1	MPF_F	IncFIA(HI1);IncHI1A;IncHI1B(R27)	198	0	0	GA	0															not_admitted	not_admitted	not_admitted	not_admitted	not_admitted	not_admitted	not_admitted	not_admitted	not_admitted	not_admitted	1	150;131690;132742;+;277.6	38;34788;36203;-;201.7	39;36193;37239;-;171.3	132;109563;112244;+;160.6	37;30790;34779;-;103.1	128;105857;107215;+;84.0	132;109563;112244;+;76.5	125;103405;104190;+;68.7	148;130037;131545;+;65.6	151;132765;135941;+;58.9	45;44174;46258;+;50.2	131;108604;109554;+;45.2	45;44174;46258;+;36.5	A	9/9	split_3	101975	0	1	
NZ_MW218142.1	MPF_T	IncX3	58	0	0	GA	1	27;24856;25500;-;46.4	26;24582;24872;-;73.1	25;21804;24557;-;47.0	25;21804;24557;-;142.4	25;21804;24557;-;73.3	24;21024;21794;-;60.1	22;19690;20745;-;133.2		21;18767;19495;-;119.4	20;17832;18761;-;138.8	19;16621;17835;-;128.3	17;15391;16425;-;65.7	16;13553;15388;-;495.9		pfam	pfam_only	A	7/7	canonical	1	1	unscoreable	2	0	0														not_admitted	not_admitted	not_admitted	not_admitted	not_admitted	not_admitted	not_admitted
NZ_MW218143.1	MPF_F	IncFII(pHN7A8);IncR	183	0	0	GA	0															not_admitted	not_admitted	not_admitted	not_admitted	not_admitted	not_admitted	not_admitted	not_admitted	not_admitted	not_admitted	1	63;49603;50595;+;369.5	76;57428;58801;+;376.8	71;55119;55862;+;234.4	60;45967;48594;+;301.8	77;58798;61614;+;376.7	55;42485;43912;+;94.1	60;45967;48594;+;101.8	53;41204;41770;+;183.8	66;51541;52179;+;70.4	69;52992;54842;+;265.0	81;63915;66131;+;391.7	59;44936;45451;+;77.6	81;63915;66131;+;70.3	A	9/9	contiguous	22711	1	1	61647..62168+;173;unnamed;0
NZ_MW218147.1	MPF_T	IncI2	83	0	0	GA	1	44;36163;36645;-;81.1		59;52241;52525;-;36.6	58;49878;52235;-;58.5	58;49878;52235;-;42.8	71;57978;58619;-;42.8	72;58625;59620;-;128.5		56;48978;49712;-;144.3	55;48211;48981;-;170.5	54;47082;48221;-;154.7	47;38413;39951;-;207.1	52;44034;45992;-;289.6		pfam	pfam_only	A	7/7	rearranged	1	0	unscoreable	17	1	0														not_admitted	not_admitted	not_admitted	not_admitted	not_admitted	not_admitted	not_admitted
NZ_MW228449.1	MPF_F	IncFIB(AP001918);IncFII;IncQ1	157	0	0	GA	0															not_admitted	not_admitted	not_admitted	not_admitted	not_admitted	not_admitted	not_admitted	not_admitted	not_admitted	not_admitted	1	26;24037;25029;-;369.3	17;17602;18975;-;381.0	22;20565;21308;-;231.6	29;26038;28665;-;306.4	16;14780;17605;-;386.0	35;30720;32147;-;94.3	29;26038;28665;-;98.5	37;32862;33428;-;183.3	25;23390;24028;-;68.7	24;21585;23393;-;267.9	13;11123;13276;-;391.8	31;29181;29696;-;77.3	13;11123;13276;-;70.4	A	9/9	contiguous	21739	1	1	14274..14783-;169;unnamed;0
NZ_MW242344.1	MPF_T	IncX3	57	0	0	GA	1	28;18766;19410;+;46.4	29;19394;19684;+;73.1	30;19709;22462;+;47.0	30;19709;22462;+;142.4	30;19709;22462;+;73.3	31;22472;23242;+;60.1	33;23521;24576;+;133.2		34;24771;25499;+;119.4	35;25505;26434;+;138.8	36;26431;27645;+;128.3	38;27841;28875;+;65.7	39;28878;30713;+;495.9		pfam	pfam_only	A	7/7	canonical	1	1	unscoreable	2	0	0														not_admitted	not_admitted	not_admitted	not_admitted	not_admitted	not_admitted	not_admitted
NZ_MW244439.1	MPF_F	IncHI2;IncHI2A	210	0	0	GA	0															not_admitted	not_admitted	not_admitted	not_admitted	not_admitted	not_admitted	not_admitted	not_admitted	not_admitted	not_admitted	1	152;140158;141216;-;276.9	98;89040;90455;+;194.1	97;88004;89050;+;173.7	0;1368;4049;-;168.0	99;90464;94414;+;101.6	4;6379;7734;-;80.7	0;1368;4049;-;72.2	7;9458;10246;-;74.8	154;141358;142869;-;62.7	151;136951;140139;-;58.3	91;78879;80963;-;56.7	1;4058;5008;-;46.4	91;78879;80963;-;38.8	A	9/9	split_3	139990	0	1	
NZ_MW245019.1	MPF_F	IncFIB(pNDM-Mar);IncHI1B(pNDM-MAR)	332	0	0	GA	0															not_admitted	not_admitted	not_admitted	not_admitted	not_admitted	not_admitted	not_admitted	not_admitted	not_admitted	not_admitted	1	36;33882;34919;-;282.3	189;165144;166553;+;190.4	188;164117;165154;+;176.7	48;45751;48468;-;148.7	190;166555;170493;+;118.9	52;50581;51951;-;65.6	48;45751;48468;-;85.2	55;53597;54457;-;79.0	37;34916;36277;-;69.9	35;30687;33872;-;58.9	181;154810;156936;-;58.0	49;48513;49250;-;57.0	181;154810;156936;-;39.7	A	9/9	split_2	135868	0	1	
NZ_MW264504.1	MPF_F	IncHI2;IncHI2A	268	0	0	GA	0															not_admitted	not_admitted	not_admitted	not_admitted	not_admitted	not_admitted	not_admitted	not_admitted	not_admitted	not_admitted	1	104;94088;95146;-;276.5	215;198108;199523;+;194.1	214;197072;198118;+;174.3	120;114718;117399;-;168.1	216;199532;203485;+;101.7	124;119729;121084;-;80.7	120;114718;117399;-;72.2	127;122808;123596;-;74.8	106;95288;96799;-;62.0	103;90881;94069;-;57.3	207;187946;190030;-;56.8	121;117408;118358;-;46.1	207;187946;190030;-;38.8	A	9/9	split_2	108651	1	1	203666..204442+;258;unnamed;0
NZ_MW264505.1	MPF_F	IncHI2;IncHI2A	241	0	0	GA	0															not_admitted	not_admitted	not_admitted	not_admitted	not_admitted	not_admitted	not_admitted	not_admitted	not_admitted	not_admitted	1	202;181222;182280;-;276.5	69;60946;62361;+;194.1	68;59910;60956;+;174.3	218;201852;204533;-;168.1	70;62370;66323;+;101.7	222;206863;208218;-;80.7	218;201852;204533;-;72.2	225;209942;210730;-;74.8	204;182422;183933;-;62.0	201;178015;181203;-;57.3	61;50784;52868;-;56.8	219;204542;205492;-;46.1	61;50784;52868;-;38.8	A	9/9	split_2	159158	1	1	66504..67280+;258;unnamed;0
NZ_MW264506.1	MPF_T	IncI2	74	0	0	GA	1	1;1800;2282;-;81.1		16;17878;18162;-;36.6	15;15515;17872;-;58.5	15;15515;17872;-;42.8	28;23615;24256;-;42.8	29;24262;25257;-;128.5		13;14615;15349;-;144.3	12;13848;14618;-;170.5	11;12719;13858;-;154.7	4;4050;5588;-;207.1	9;9671;11629;-;289.6		pfam	pfam_only	A	7/7	rearranged	1	0	unscoreable	17	1	0														not_admitted	not_admitted	not_admitted	not_admitted	not_admitted	not_admitted	not_admitted
NZ_MW264507.1	MPF_T	IncX4	41	0	0	GA	1	14;8029;8649;+;41.6	15;8663;8989;+;64.4	16;9008;11755;+;63.8	16;9008;11755;+;151.8	16;9008;11755;+;46.1	17;11767;12483;+;94.2	18;12495;13589;+;150.1		20;14104;14790;+;169.0	21;14787;15695;+;142.4	22;15688;16806;+;163.9	23;16808;17836;+;85.0	24;17868;19685;+;314.8		pfam	pfam_only	A	7/7	canonical	1	1	unscoreable	1	0	0														not_admitted	not_admitted	not_admitted	not_admitted	not_admitted	not_admitted	not_admitted
NZ_MW264508.1	MPF_T	IncX4	41	0	0	GA	1	14;8029;8649;+;41.6	15;8663;8989;+;64.4	16;9008;11755;+;63.8	16;9008;11755;+;151.8	16;9008;11755;+;46.1	17;11767;12483;+;94.2	18;12495;13589;+;150.1		20;14104;14790;+;169.0	21;14787;15695;+;142.4	22;15688;16806;+;163.9	23;16808;17836;+;85.0	24;17868;19685;+;314.8		pfam	pfam_only	A	7/7	canonical	1	1	unscoreable	1	0	0														not_admitted	not_admitted	not_admitted	not_admitted	not_admitted	not_admitted	not_admitted
NZ_MW264509.1	MPF_T	IncX4	42	0	0	GA	1	14;8029;8649;+;41.6	15;8663;8989;+;64.4	16;9008;11290;+;64.2	16;9008;11290;+;151.7	16;9008;11290;+;46.6	18;11767;12483;+;94.2	19;12495;13589;+;150.1		21;14104;14790;+;169.0	22;14787;15695;+;142.4	23;15688;16806;+;163.9	24;16808;17836;+;85.0	25;17868;19685;+;314.8		pfam	pfam_only	A	7/7	canonical	1	1	unscoreable	2	0	0														not_admitted	not_admitted	not_admitted	not_admitted	not_admitted	not_admitted	not_admitted
NZ_MW264510.1	MPF_F	IncHI2;IncHI2A	241	0	0	GA	0															not_admitted	not_admitted	not_admitted	not_admitted	not_admitted	not_admitted	not_admitted	not_admitted	not_admitted	not_admitted	1	160;144690;145748;-;276.5	28;24010;25425;+;194.1	27;22974;24020;+;174.3	176;165320;168001;-;168.1	29;25434;29387;+;101.7	180;170331;171686;-;80.7	176;165320;168001;-;72.2	183;173410;174198;-;74.8	162;145890;147401;-;62.0	159;141483;144671;-;57.3	20;13848;15932;-;56.8	177;168010;168960;-;46.1	20;13848;15932;-;38.8	A	9/9	split_2	159562	1	1	29568..30344+;258;unnamed;0
NZ_MW264512.1	MPF_F	IncHI2;IncHI2A	230	0	0	GA	0															not_admitted	not_admitted	not_admitted	not_admitted	not_admitted	not_admitted	not_admitted	not_admitted	not_admitted	not_admitted	1	103;93358;94416;-;276.5	214;197378;198793;+;194.1	213;196342;197388;+;174.3	119;113988;116669;-;168.1	215;198802;202755;+;101.7	123;118999;120354;-;80.7	119;113988;116669;-;72.2	126;122078;122866;-;74.8	105;94558;96069;-;62.0	102;90151;93339;-;57.3	206;187216;189300;-;56.8	120;116678;117628;-;46.1	206;187216;189300;-;38.8	A	9/9	split_2	108651	1	1	202936..203712+;258;unnamed;0
NZ_MW264513.1	MPF_F	IncHI2;IncHI2A	247	0	0	GA	0															not_admitted	not_admitted	not_admitted	not_admitted	not_admitted	not_admitted	not_admitted	not_admitted	not_admitted	not_admitted	1	137;132017;133075;+;276.5	24;25681;27096;-;194.1	25;27086;28132;-;174.3	121;109764;112445;+;168.0	23;21719;25672;-;101.7	117;106079;107434;+;80.7	121;109764;112445;+;72.2	114;103567;104355;+;74.8	135;130364;131875;+;62.0	138;133094;136282;+;57.3	32;35174;37258;+;56.8	120;108805;109755;+;46.1	32;35174;37258;+;38.8	A	9/9	split_3	111375	1	1	20249..21538-;429;unnamed;0
NZ_MW264515.1	MPF_T	IncI2	48	0	0	GA	1	45;33984;34466;+;81.1		30;18104;18388;+;36.6	31;18394;20751;+;58.5	31;18394;20751;+;42.8	18;12010;12651;+;42.8	17;11009;12004;+;128.5		33;20917;21651;+;144.3	34;21648;22418;+;170.5	35;22408;23547;+;154.7	42;30678;32216;+;207.1	37;24637;26595;+;289.6		pfam	pfam_only	A	7/7	rearranged	1	0	unscoreable	17	1	0														not_admitted	not_admitted	not_admitted	not_admitted	not_admitted	not_admitted	not_admitted
NZ_MW269623.1	MPF_T	IncX3	68	0	0	GA	1	55;46039;46683;-;46.4	54;45765;46055;-;73.1	53;42987;45740;-;47.0	53;42987;45740;-;142.4	53;42987;45740;-;73.3	52;42207;42977;-;60.1	50;40873;41928;-;133.2		49;39950;40678;-;119.4	48;39015;39944;-;138.8	47;37804;39018;-;128.3	45;36574;37608;-;65.7	44;34736;36571;-;495.9		pfam	pfam_only	A	7/7	canonical	1	1	unscoreable	2	0	0														not_admitted	not_admitted	not_admitted	not_admitted	not_admitted	not_admitted	not_admitted
NZ_MW296099.1	MPF_F	IncHI2;IncHI2A	268	0	0	GA	0															not_admitted	not_admitted	not_admitted	not_admitted	not_admitted	not_admitted	not_admitted	not_admitted	not_admitted	not_admitted	1	9;10376;11434;+;276.9	169;153929;155344;-;194.1	170;155334;156380;-;174.3	261;234716;237397;+;168.0	168;149967;153920;-;101.7	257;231031;232386;+;80.7	261;234716;237397;+;72.2	254;228519;229307;+;74.8	7;8723;10234;+;61.8	10;11453;14641;+;57.3	177;163422;165506;+;56.8	260;233757;234707;+;46.1	177;163422;165506;+;38.8	A	9/9	split_3	225993	1	1	148497..149786-;429;unnamed;0
NZ_MW296100.1	MPF_T	IncX3	58	0	0	GA	1	45;38165;38809;-;46.4	44;37891;38181;-;73.1	43;35113;37866;-;47.0	43;35113;37866;-;142.4	43;35113;37866;-;73.3	42;34333;35103;-;60.1	40;32999;34054;-;133.2		39;32076;32804;-;119.4	38;31141;32070;-;138.8	37;29930;31144;-;128.3	35;28700;29734;-;65.7	34;26862;28697;-;495.9		pfam	pfam_only	A	7/7	canonical	1	1	unscoreable	2	0	0														not_admitted	not_admitted	not_admitted	not_admitted	not_admitted	not_admitted	not_admitted
NZ_MW298652.1	MPF_F	-	124	0	0	GA	0															not_admitted	not_admitted	not_admitted	not_admitted	not_admitted	not_admitted	not_admitted	not_admitted	not_admitted	not_admitted	1	113;93358;94413;+;269.2	2;1796;3205;+;230.0	1;749;1780;+;213.9	109;88879;91365;+;211.5	3;3225;6458;+;215.1	106;86163;87455;+;117.6	109;88879;91365;+;113.3	104;84512;85165;+;92.3	112;92138;93358;+;45.5	5;6930;9701;+;119.2	98;80119;82032;+;20.5	107;87472;87984;+;68.8	98;80119;82032;+;24.6	A	9/9	split_2	92609	0	1	
NZ_MW298653.1	MPF_F	-	123	0	0	GA	0															not_admitted	not_admitted	not_admitted	not_admitted	not_admitted	not_admitted	not_admitted	not_admitted	not_admitted	not_admitted	1	78;62659;63714;+;269.2	90;75909;77318;+;230.0	89;74862;75893;+;213.9	74;58180;60666;+;211.5	91;77338;80571;+;215.1	71;55464;56756;+;117.6	74;58180;60666;+;113.3	69;53813;54466;+;92.3	77;61439;62659;+;45.5	93;81043;83814;+;119.2	63;49420;51333;+;20.5	72;56773;57285;+;68.8	63;49420;51333;+;24.6	A	9/9	contiguous	31623	0	1	
NZ_MW298654.1	MPF_F	IncFII(pHN7A8)	80	0	0	GA	0															not_admitted	not_admitted	not_admitted	not_admitted	not_admitted	not_admitted	not_admitted	not_admitted	not_admitted	not_admitted	1	55;41941;42933;+;369.3	67;49275;50648;+;381.0	62;46942;47685;+;233.3	52;38305;40932;+;305.4	68;50645;53470;+;390.1	46;34823;36250;+;94.3	52;38305;40932;+;98.5	44;33542;34108;+;183.8	59;44222;44860;+;68.6	60;44857;46665;+;268.3	71;54974;57235;+;391.6	50;37274;37789;+;77.6	71;54974;57235;+;70.3	A	9/9	contiguous	21432	1	1	53467..53976+;169;unnamed;0
NZ_MW298655.1	MPF_F	-	122	0	0	GA	0															not_admitted	not_admitted	not_admitted	not_admitted	not_admitted	not_admitted	not_admitted	not_admitted	not_admitted	not_admitted	1	69;62519;63574;-;269.2	57;48915;50324;-;230.0	58;50340;51371;-;213.9	73;65567;68053;-;211.5	56;45662;48895;-;215.1	76;69477;70769;-;117.6	73;65567;68053;-;113.3	78;71767;72420;-;92.3	70;63574;64794;-;45.5	54;42419;45190;-;119.2	84;74900;76813;-;20.5	75;68948;69460;-;68.8	84;74900;76813;-;24.6	A	9/9	contiguous	32481	0	1	
NZ_MW298656.1	MPF_T	IncN	52	0	0	GA	1	18;13991;14725;+;32.5	20;15025;15318;+;28.7	21;15368;15685;+;63.3	22;15685;18285;+;111.8	22;15685;18285;+;76.8	23;18303;19016;+;97.1	25;19267;20307;+;153.6		26;20526;21224;+;131.9	27;21235;22119;+;159.0	28;22119;23279;+;154.9	29;23321;24316;+;81.2	33;28885;30414;-;38.5		pfam	both	A	7/7	canonical	1	0	unscoreable	5	0	0														not_admitted	not_admitted	not_admitted	not_admitted	not_admitted	not_admitted	not_admitted
NZ_MW298657.1	MPF_F	-	122	0	0	GA	0															not_admitted	not_admitted	not_admitted	not_admitted	not_admitted	not_admitted	not_admitted	not_admitted	not_admitted	not_admitted	1	69;62527;63582;-;269.2	57;48923;50332;-;230.0	58;50348;51379;-;213.9	73;65575;68061;-;211.5	56;45670;48903;-;215.1	76;69485;70777;-;117.6	73;65575;68061;-;113.3	78;71775;72428;-;92.3	70;63582;64802;-;45.5	54;42427;45198;-;119.2	84;74908;76821;-;20.5	75;68956;69468;-;68.8	84;74908;76821;-;24.6	A	9/9	contiguous	32481	0	1	
NZ_MW298658.1	MPF_F	IncFII(pHN7A8)	85	0	0	GA	0															not_admitted	not_admitted	not_admitted	not_admitted	not_admitted	not_admitted	not_admitted	not_admitted	not_admitted	not_admitted	1	58;44411;45403;+;369.5	71;52236;53609;+;376.8	66;49927;50670;+;234.4	55;40775;43402;+;301.8	72;53606;56422;+;376.7	50;37293;38720;+;94.1	55;40775;43402;+;101.8	48;36012;36578;+;183.8	61;46349;46987;+;70.4	64;47800;49650;+;265.0	76;58723;60966;+;391.7	54;39744;40259;+;78.0	76;58723;60966;+;70.3	A	9/9	contiguous	22711	1	1	56455..56976+;173;unnamed;0
NZ_MW298660.1	MPF_F	IncFII	76	0	0	GA	0															not_admitted	not_admitted	not_admitted	not_admitted	not_admitted	not_admitted	not_admitted	not_admitted	not_admitted	not_admitted	1	52;40766;41758;+;369.5	62;47537;48910;+;381.7	57;44864;45607;+;235.0	49;37127;39757;+;304.1	63;48907;51729;+;374.0	42;32677;34128;+;94.2	49;37127;39757;+;97.1	40;31396;31962;+;174.3	54;42102;42740;+;68.6	55;42737;44587;+;266.1	67;54001;56235;+;391.1	45;34988;35503;+;78.4	67;54001;56235;+;70.3	A	9/9	contiguous	22605	1	1	51751..52230+;159;TraS;0
NZ_MW298661.1	MPF_F	-	122	0	0	GA	0															not_admitted	not_admitted	not_admitted	not_admitted	not_admitted	not_admitted	not_admitted	not_admitted	not_admitted	not_admitted	1	69;62527;63582;-;269.2	57;48923;50332;-;230.0	58;50348;51379;-;213.9	73;65575;68061;-;211.5	56;45670;48903;-;215.1	76;69485;70777;-;117.6	73;65575;68061;-;113.3	78;71775;72428;-;92.3	70;63582;64802;-;45.5	54;42427;45198;-;119.2	84;74908;76821;-;20.5	75;68956;69468;-;68.8	84;74908;76821;-;24.6	A	9/9	contiguous	32481	0	1	
NZ_MW298662.1	MPF_F	-	123	0	0	GA	0															not_admitted	not_admitted	not_admitted	not_admitted	not_admitted	not_admitted	not_admitted	not_admitted	not_admitted	not_admitted	1	78;62667;63722;+;269.2	90;75917;77326;+;230.0	89;74870;75901;+;213.9	74;58188;60674;+;211.5	91;77346;80579;+;215.1	71;55472;56764;+;117.6	74;58188;60674;+;113.3	69;53821;54474;+;92.3	77;61447;62667;+;45.5	93;81051;83822;+;119.2	63;49428;51341;+;20.5	72;56781;57293;+;68.8	63;49428;51341;+;24.6	A	9/9	contiguous	31623	0	1	
NZ_MW300275.1	MPF_T	IncP1	67	0	0	GA	1	12;11411;12001;+;22.9	1;1139;1603;+;62.5	2;1607;1918;+;51.3	3;1915;4473;+;94.5	3;1915;4473;+;113.3	8;8039;8812;+;125.7	10;9055;10767;+;148.0		4;4470;5258;+;146.4	5;5276;6169;+;181.1	7;6637;8022;+;220.8	0;152;1117;+;133.9	43;43618;45522;-;526.9		conjscan	conjscan_only	A	7/7	canonical	1	0	unscoreable	4	0	0														not_admitted	not_admitted	not_admitted	not_admitted	not_admitted	not_admitted	not_admitted
NZ_MW300276.1	MPF_T	IncP1	44	0	0	GA	1		15;16647;17111;-;63.5	14;16332;16643;-;49.8	13;13777;16335;-;91.0	13;13777;16335;-;112.1	8;9379;10143;-;122.3	6;7413;9131;-;143.0		12;12998;13780;-;145.8	11;12081;12980;-;186.5	9;10164;11585;-;224.2	16;17128;18090;-;127.6	39;35170;37083;+;525.1		conjscan	conjscan_only	A	7/7	canonical	1	0	unscoreable	3	0	0														not_admitted	not_admitted	not_admitted	not_admitted	not_admitted	not_admitted	not_admitted
NZ_MW307890.1	MPF_F	IncFIB(pNDM-Mar)	291	0	0	GA	0															not_admitted	not_admitted	not_admitted	not_admitted	not_admitted	not_admitted	not_admitted	not_admitted	not_admitted	not_admitted	1	222;192255;193292;-;282.3	82;61010;62419;+;190.4	81;59983;61020;+;176.7	234;204124;206841;-;149.6	83;62421;66389;+;120.1	238;208954;210324;-;65.6	234;204124;206841;-;85.2	241;211970;212830;-;79.0	223;193289;194650;-;70.0	221;189060;192245;-;59.6	74;50658;52784;-;57.8	235;206886;207623;-;56.9	74;50658;52784;-;41.0	A	9/9	split_2	161312	0	1	
NZ_MW310587.1	-	-	74	0	0	GA	0															not_admitted	not_admitted	not_admitted	not_admitted	not_admitted	not_admitted	not_admitted	not_admitted	not_admitted	not_admitted	1				34;38439;40766;-;31.1							38;42325;44127;-;49.9		38;42325;44127;-;82.5	D	1/9	contiguous	3886	0	0	
NZ_MW310589.1	-	repUS59	80	0	0	GA	0															not_admitted	not_admitted	not_admitted	not_admitted	not_admitted	not_admitted	not_admitted	not_admitted	not_admitted	not_admitted	1				40;45610;47937;-;31.1							44;49496;51298;-;49.9		44;49496;51298;-;82.5	D	1/9	contiguous	3886	0	0	
NZ_MW316656.1	MPF_F	IncFIB(AP001918);IncFIC(FII)	219	0	0	GA	0															not_admitted	not_admitted	not_admitted	not_admitted	not_admitted	not_admitted	not_admitted	not_admitted	not_admitted	not_admitted	1	148;146430;147422;-;369.3	137;139411;140784;-;380.9	144;142958;143701;-;235.0	151;148431;151058;-;305.2	136;136589;139414;-;385.2	156;153113;154540;-;94.3	151;148431;151058;-;98.4	158;155255;155821;-;184.4	147;145783;146421;-;68.4	146;143978;145786;-;268.0	133;132932;135085;-;391.9	152;151574;152089;-;78.0	133;132932;135085;-;70.4	A	9/9	contiguous	22323	1	1	136083..136592-;169;unnamed;0
NZ_MW349106.1	MPF_T	IncN	52	0	0	GA	1	18;13813;14547;+;32.5	20;14847;15140;+;28.7	21;15190;15507;+;63.3	22;15507;18107;+;111.8	22;15507;18107;+;76.8	23;18125;18838;+;97.1	25;19089;20129;+;153.6		26;20348;21046;+;131.9	27;21057;21941;+;159.0	28;21941;23101;+;154.9	29;23143;24138;+;81.2	33;28707;30236;-;38.5		pfam	both	A	7/7	canonical	1	0	unscoreable	5	0	0														not_admitted	not_admitted	not_admitted	not_admitted	not_admitted	not_admitted	not_admitted
NZ_MW356909.1	MPF_F	IncHI2;IncHI2A	268	0	0	GA	0															not_admitted	not_admitted	not_admitted	not_admitted	not_admitted	not_admitted	not_admitted	not_admitted	not_admitted	not_admitted	1	225;202464;203522;-;276.5	68;57009;58424;+;194.1	67;55973;57019;+;174.3	241;223094;225775;-;168.1	69;58433;62386;+;101.7	245;228105;229460;-;80.7	241;223094;225775;-;72.2	248;231184;231972;-;74.8	227;203664;205175;-;62.0	224;199257;202445;-;57.3	60;46847;48931;-;56.8	242;225784;226734;-;46.1	60;46847;48931;-;38.8	A	9/9	split_2	184337	1	1	62567..63343+;258;unnamed;0
NZ_MW363911.1	MPF_F	IncFIB(pQil);IncFII(pKP91)	137	0	0	GA	0															not_admitted	not_admitted	not_admitted	not_admitted	not_admitted	not_admitted	not_admitted	not_admitted	not_admitted	not_admitted	1	112;92135;93124;+;366.0	122;98671;100038;+;381.2	118;96661;97413;+;233.7	108;88053;90692;+;258.5	123;100038;102887;+;345.6	100;83372;84796;+;88.8	108;88053;90692;+;88.7	98;82079;82645;+;169.3	113;93137;93775;+;66.9	114;93834;95789;+;259.7	127;105371;107683;+;393.2	101;84910;85494;+;55.4	127;105371;107683;+;65.8	A	9/9	contiguous	23292	1	1	102900..103448+;182;unnamed;0
NZ_MW363912.1	MPF_T	IncR	89	0	0	GA	1	52;45204;45938;-;32.5		49;44244;44561;-;63.3	48;41644;44244;-;113.8	48;41644;44244;-;76.4	47;40913;41626;-;105.5	45;39622;40662;-;142.4		44;38705;39403;-;131.9	43;37810;38694;-;159.7	42;36650;37810;-;156.3	41;35613;36608;-;81.2			pfam	both	B	6/7	canonical	1	0	unscoreable	3	0	0														not_admitted	not_admitted	not_admitted	not_admitted	not_admitted	not_admitted	not_admitted
NZ_MW363913.1	MPF_F	IncFIB(pQil);IncFII(pKP91);IncR	212	0	0	GA	0															not_admitted	not_admitted	not_admitted	not_admitted	not_admitted	not_admitted	not_admitted	not_admitted	not_admitted	not_admitted	1	187;150528;151517;+;366.0	197;157064;158431;+;381.2	193;155054;155806;+;233.7	183;146446;149085;+;258.5	198;158431;161280;+;345.6	175;141765;143189;+;88.8	183;146446;149085;+;88.7	173;140472;141038;+;169.3	188;151530;152168;+;66.9	189;152227;154182;+;259.7	202;163764;166076;+;393.2	176;143303;143887;+;55.4	202;163764;166076;+;65.8	A	9/9	contiguous	23292	1	1	161293..161841+;182;unnamed;0
NZ_MW363914.1	MPF_F	IncFIB(pQil);IncFII(pKP91)	126	0	0	GA	0															not_admitted	not_admitted	not_admitted	not_admitted	not_admitted	not_admitted	not_admitted	not_admitted	not_admitted	not_admitted	1	101;81171;82160;+;366.0	111;87707;89074;+;381.2	107;85697;86449;+;233.7	97;77089;79728;+;258.5	112;89074;91923;+;345.6	89;72408;73832;+;88.8	97;77089;79728;+;88.7	87;71115;71681;+;169.3	102;82173;82811;+;66.9	103;82870;84825;+;259.7	116;94407;96719;+;393.2	90;73946;74530;+;55.4	116;94407;96719;+;65.8	A	9/9	contiguous	23292	1	1	91936..92484+;182;unnamed;0
NZ_MW363916.1	MPF_F	IncFIB(pQil);IncFII(pKP91)	148	0	0	GA	0															not_admitted	not_admitted	not_admitted	not_admitted	not_admitted	not_admitted	not_admitted	not_admitted	not_admitted	not_admitted	1	123;98418;99407;+;366.0	133;104954;106321;+;381.2	129;102944;103696;+;233.7	119;94336;96975;+;258.5	134;106321;109170;+;345.6	111;89655;91079;+;88.8	119;94336;96975;+;88.7	109;88362;88928;+;169.3	124;99420;100058;+;66.9	125;100117;102072;+;259.7	138;111654;113966;+;393.2	112;91193;91777;+;55.4	138;111654;113966;+;65.8	A	9/9	contiguous	23292	1	1	109183..109731+;182;unnamed;0
NZ_MW363917.1	MPF_F	IncFIB(pQil);IncFII(pKP91)	135	0	0	GA	0															not_admitted	not_admitted	not_admitted	not_admitted	not_admitted	not_admitted	not_admitted	not_admitted	not_admitted	not_admitted	1	110;87593;88582;+;366.0	120;94129;95496;+;381.2	116;92119;92871;+;235.3	106;83511;86150;+;258.5	121;95496;98345;+;345.6	98;78830;80254;+;88.8	106;83511;86150;+;88.7	96;77537;78103;+;169.3	111;88595;89233;+;66.9	112;89292;91247;+;259.7	125;100829;103141;+;393.2	99;80368;80952;+;55.4	125;100829;103141;+;65.8	A	9/9	contiguous	23292	1	1	98358..98906+;182;unnamed;0
NZ_MW363918.1	MPF_F	IncC	185	0	0	GA	0															not_admitted	not_admitted	not_admitted	not_admitted	not_admitted	not_admitted	not_admitted	not_admitted	not_admitted	not_admitted	1	95;72150;73157;+;332.9	174;137456;138889;+;339.2	173;136426;137454;+;221.7	90;66951;69398;+;354.2	175;138902;142516;+;375.3	81;53640;54956;+;135.0	90;66951;69398;+;128.6	79;52116;52742;+;92.1	93;70220;71485;+;67.6	96;73273;76068;+;145.3	70;46441;48306;+;47.4	82;54953;55531;+;100.2	70;46441;48306;+;52.0	A	9/9	split_2	92461	0	1	
NZ_MW373507.1	MPF_T	IncI2(Delta)	74	0	0	GA	1	37;33375;33857;-;81.1		52;49464;49748;-;36.6	51;47101;49458;-;58.5	51;47101;49458;-;44.9	61;54560;55204;-;41.0	62;55210;56205;-;123.9		49;46201;46935;-;144.3	48;45434;46204;-;170.5	47;44305;45444;-;154.7	40;35636;37174;-;207.1	45;41257;43215;-;289.6		pfam	pfam_only	A	7/7	rearranged	1	0	unscoreable	14	0	0														not_admitted	not_admitted	not_admitted	not_admitted	not_admitted	not_admitted	not_admitted
NZ_MW390511.1	MPF_T	IncX4	55	0	0	GA	1	5;2717;3337;+;46.9	6;3351;3677;+;64.4	7;3696;6443;+;62.7	7;3696;6443;+;151.8	7;3696;6443;+;46.1	8;6455;7171;+;97.3	9;7182;8261;+;157.5		11;8776;9462;+;167.4	12;9459;10367;+;142.3	13;10360;11478;+;162.9	14;11480;12508;+;85.0	15;12540;14357;+;316.5		pfam	pfam_only	A	7/7	canonical	1	1	unscoreable	1	0	0														not_admitted	not_admitted	not_admitted	not_admitted	not_admitted	not_admitted	not_admitted
NZ_MW390514.1	MPF_T	IncX4	56	0	0	GA	1	5;2717;3337;+;46.9	6;3351;3677;+;64.4	7;3696;6443;+;62.7	7;3696;6443;+;151.8	7;3696;6443;+;46.1	8;6455;7171;+;97.3	9;7182;8261;+;157.5		11;8776;9462;+;167.4	12;9459;10367;+;142.3	13;10360;11478;+;162.9	14;11480;12508;+;85.0	15;12540;14357;+;316.5		pfam	pfam_only	A	7/7	canonical	1	1	unscoreable	1	0	0														not_admitted	not_admitted	not_admitted	not_admitted	not_admitted	not_admitted	not_admitted
NZ_MW390516.1	MPF_T	IncX1;IncX3	51	0	0	GA	1	36;33773;34420;-;45.2	35;33499;33795;-;77.5	34;30727;33480;-;47.9	34;30727;33480;-;147.9	34;30727;33480;-;75.3	33;29958;30716;-;67.3	31;28587;29720;-;106.3		30;27629;28342;-;118.5	29;26695;27624;-;133.8	28;25493;26698;-;132.5	27;24460;25491;-;79.0	26;22622;24457;-;489.3		pfam	pfam_only	A	7/7	canonical	1	1	unscoreable	1	0	0														not_admitted	not_admitted	not_admitted	not_admitted	not_admitted	not_admitted	not_admitted
NZ_MW390518.1	MPF_T	IncX4	56	0	0	GA	1	32;22899;23519;+;46.9	33;23533;23859;+;64.4	34;23878;26625;+;62.7	34;23878;26625;+;150.8	34;23878;26625;+;45.4	35;26637;27353;+;96.1	36;27364;28443;+;157.5		38;28958;29644;+;169.0	39;29641;30549;+;142.4	40;30542;31660;+;164.1	41;31662;32690;+;85.0	42;32722;34539;+;317.3		pfam	pfam_only	A	7/7	canonical	1	1	unscoreable	1	0	0														not_admitted	not_admitted	not_admitted	not_admitted	not_admitted	not_admitted	not_admitted
NZ_MW390520.1	MPF_F	IncFII(29)	78	0	0	GA	0															not_admitted	not_admitted	not_admitted	not_admitted	not_admitted	not_admitted	not_admitted	not_admitted	not_admitted	not_admitted	1	16;14235;15227;-;369.5	5;6966;8339;-;376.8	10;9905;10648;-;231.8	19;16236;18863;-;306.8	4;4150;6969;-;376.7	24;20775;22202;-;94.1	19;16236;18863;-;99.7	26;22917;23483;-;183.8	15;13588;14226;-;70.6	12;10925;12775;-;272.8	19;16236;18863;-;22.1	21;19379;19894;-;78.9		A	9/9	contiguous	18767	1	1	3634..4125-;163;TraS;0
NZ_MW390521.1	MPF_T	IncX4	43	0	0	GA	1	5;2721;3341;+;46.9	6;3355;3681;+;64.4	7;3700;6447;+;62.7	7;3700;6447;+;150.8	7;3700;6447;+;45.4	8;6459;7175;+;96.1	9;7186;8265;+;157.5		11;8780;9466;+;169.0	12;9463;10371;+;142.4	13;10364;11482;+;164.1	14;11484;12512;+;85.0	15;12544;14361;+;317.3		pfam	pfam_only	A	7/7	canonical	1	1	unscoreable	1	0	0														not_admitted	not_admitted	not_admitted	not_admitted	not_admitted	not_admitted	not_admitted
NZ_MW390525.1	MPF_T	IncX4	56	0	0	GA	1	8;8760;9380;-;46.9	7;8420;8746;-;64.4	6;5654;8401;-;62.7	6;5654;8401;-;150.8	6;5654;8401;-;45.4	5;4926;5642;-;96.1	4;3836;4915;-;157.5		2;2635;3321;-;169.0	1;1730;2638;-;142.4	0;619;1737;-;164.1		55;42086;43903;-;317.3		pfam	pfam_only	B	6/7	canonical	1	1	unscoreable	1	0	0														not_admitted	not_admitted	not_admitted	not_admitted	not_admitted	not_admitted	not_admitted
NZ_MW390526.1	MPF_F	IncFIB(AP001918);IncFII	141	0	0	GA	0															not_admitted	not_admitted	not_admitted	not_admitted	not_admitted	not_admitted	not_admitted	not_admitted	not_admitted	not_admitted	1	74;71694;72686;-;369.5	64;64542;65915;-;381.7	69;67845;68588;-;234.4	77;73695;76325;-;304.1	63;61723;64545;-;374.0	86;79727;81178;-;94.2	77;73695;76325;-;97.1	88;81893;82459;-;174.3	72;70712;71350;-;68.6	71;68865;70715;-;266.1	59;57307;59451;-;391.3	83;78352;78867;-;78.4	59;57307;59451;-;70.4	A	9/9	contiguous	24586	1	1	61222..61701-;159;TraS;0
NZ_MW390528.1	MPF_F	IncFII(pCoo)	71	0	0	GA	0															not_admitted	not_admitted	not_admitted	not_admitted	not_admitted	not_admitted	not_admitted	not_admitted	not_admitted	not_admitted	1		9;5890;7263;+;381.0	5;3926;4669;+;234.7	0;6;1997;+;157.6	10;7260;10085;+;389.2		0;6;1997;+;101.1	69;59237;59803;+;183.8		3;3017;3646;+;213.0	13;11587;13794;+;391.7		13;11587;13794;+;70.3	C	6/9	split_2	59231	1	1	10082..10591+;169;unnamed;0
NZ_MW390532.1	MPF_T	IncX4	42	0	0	GA	1	5;2718;3290;+;42.2	6;3351;3677;+;64.4	7;3696;6443;+;63.8	7;3696;6443;+;151.8	7;3696;6443;+;46.1	8;6455;7171;+;94.2	9;7183;8277;+;150.1		11;8792;9478;+;169.0	12;9475;10383;+;142.4	13;10376;11494;+;163.9	14;11496;12524;+;85.0	15;12556;14373;+;314.8		pfam	pfam_only	A	7/7	canonical	1	1	unscoreable	1	0	0														not_admitted	not_admitted	not_admitted	not_admitted	not_admitted	not_admitted	not_admitted
NZ_MW390534.1	MPF_F	IncFIB(AP001918);IncFII;IncQ1	161	0	0	GA	0															not_admitted	not_admitted	not_admitted	not_admitted	not_admitted	not_admitted	not_admitted	not_admitted	not_admitted	not_admitted	1	127;112423;113415;+;367.3	138;119102;120475;+;374.3	131;116144;116887;+;234.1	124;108787;111414;+;305.4	139;120472;123288;+;387.9	118;105305;106732;+;94.4	124;108787;111414;+;99.1	116;104024;104590;+;183.8	128;113424;114062;+;67.3	129;114059;115867;+;268.3	142;124851;127004;+;391.1	122;107756;108271;+;77.3	142;124851;127004;+;69.2	A	9/9	contiguous	20827	1	1	123321..123842+;173;unnamed;0
NZ_MW390537.1	MPF_T	IncN	53	0	0	GA	1	5;2368;3102;+;32.5	7;3402;3695;+;28.7	8;3745;4062;+;63.3	9;4062;6662;+;111.8	9;4062;6662;+;76.8	10;6680;7393;+;97.1	12;7644;8684;+;153.6		13;8903;9601;+;131.9	14;9612;10496;+;159.0	15;10496;11656;+;154.9	16;11698;12693;+;81.2	20;17262;18791;-;38.5		pfam	both	A	7/7	canonical	1	0	unscoreable	5	0	0														not_admitted	not_admitted	not_admitted	not_admitted	not_admitted	not_admitted	not_admitted
NZ_MW390538.1	MPF_F	IncFIB(AP001918);IncFII	155	0	0	GA	0															not_admitted	not_admitted	not_admitted	not_admitted	not_admitted	not_admitted	not_admitted	not_admitted	not_admitted	not_admitted	1	0;133;1125;-;369.3	145;134149;135525;-;381.0	150;137112;137855;-;235.0	5;4723;7350;-;304.6	144;131330;134152;-;389.2	12;9502;10929;-;94.3	5;4723;7350;-;99.2	14;11644;12210;-;183.8	153;139937;140575;-;68.6	152;138132;139940;-;268.0	141;127616;129796;-;391.6	8;7866;8381;-;78.4	141;127616;129796;-;70.4	A	9/9	split_2	139804	1	1	130812..131309-;165;TraS;0
NZ_MW390539.1	MPF_F	IncFIB(AP001918);IncFIC(FII)	152	0	0	GA	0															not_admitted	not_admitted	not_admitted	not_admitted	not_admitted	not_admitted	not_admitted	not_admitted	not_admitted	not_admitted	1	56;50513;51505;-;369.3	45;43454;44827;-;378.0	52;47041;47784;-;234.1	59;52514;55141;-;305.4	44;40635;43457;-;389.5	65;57196;58623;-;94.3	59;52514;55141;-;98.5	67;59338;59904;-;183.8	55;49866;50504;-;68.4	54;48061;49869;-;268.4	41;36953;39106;-;391.9	61;55657;56172;-;78.4	41;36953;39106;-;70.4	A	9/9	contiguous	22385	1	1	40122..40613-;163;TraS;0
NZ_MW390540.1	MPF_F	IncFIB(AP001918);IncFII	114	0	0	GA	0															not_admitted	not_admitted	not_admitted	not_admitted	not_admitted	not_admitted	not_admitted	not_admitted	not_admitted	not_admitted	1	44;44061;45053;-;369.3	35;37626;39002;-;381.0	40;40589;41332;-;230.0	47;46062;48689;-;306.4	34;34807;37629;-;389.2	53;50744;52171;-;91.3	47;46062;48689;-;98.5	55;52886;53452;-;183.3	43;43414;44052;-;68.7	42;41609;43417;-;267.9	31;31076;33274;-;391.7	49;49205;49720;-;77.3	31;31076;33274;-;70.3	A	9/9	contiguous	21810	1	1	34289..34786-;165;TraS;0
NZ_MW390541.1	MPF_F	IncFIA;IncFIB(AP001918);IncFII	147	0	0	GA	0															not_admitted	not_admitted	not_admitted	not_admitted	not_admitted	not_admitted	not_admitted	not_admitted	not_admitted	not_admitted	1	16;11051;12043;+;367.4	27;17729;19102;+;380.9	20;14772;15515;+;235.0	13;7415;10042;+;305.4	28;19099;21924;+;385.9	7;3933;5360;+;94.3	13;7415;10042;+;98.5	5;2652;3218;+;182.1	17;12052;12690;+;68.6	18;12687;14495;+;268.3	31;23427;25616;+;391.3	11;6384;6899;+;78.4	31;23427;25616;+;70.4	A	9/9	contiguous	20775	1	1	21921..22430+;169;unnamed;0
NZ_MW390542.1	MPF_T	IncX1	63	0	0	GA	1	12;12703;13350;-;47.0	11;12429;12725;-;77.5	10;9657;12410;-;46.6	10;9657;12410;-;147.7	10;9657;12410;-;75.3	9;8888;9646;-;67.3	7;7517;8650;-;106.4		6;6558;7271;-;120.7	5;5624;6553;-;134.2	4;4422;5627;-;132.5	3;3389;4420;-;76.5	2;1551;3386;-;488.6		pfam	pfam_only	A	7/7	canonical	1	1	unscoreable	1	0	0														not_admitted	not_admitted	not_admitted	not_admitted	not_admitted	not_admitted	not_admitted
NZ_MW390547.1	MPF_T	IncX1	54	0	0	GA	1	8;4190;4837;+;45.6	9;4815;5111;+;76.6	10;5130;7883;+;46.6	10;5130;7883;+;147.9	10;5130;7883;+;75.3	11;7894;8652;+;67.5	13;8890;10023;+;109.2		14;10268;10981;+;119.6	15;10986;11915;+;133.7	16;11912;13117;+;132.5	17;13119;14150;+;76.3	18;14153;15988;+;486.3		pfam	pfam_only	A	7/7	canonical	1	1	unscoreable	1	0	0														not_admitted	not_admitted	not_admitted	not_admitted	not_admitted	not_admitted	not_admitted
NZ_MW390550.1	MPF_T	IncX1	54	0	0	GA	1	22;18025;18672;-;45.6	21;17751;18047;-;76.6	20;14979;17732;-;46.6	20;14979;17732;-;147.9	20;14979;17732;-;75.3	19;14210;14968;-;67.5	17;12839;13972;-;109.2		16;11881;12594;-;119.6	15;10947;11876;-;133.7	14;9745;10950;-;132.5	13;8712;9743;-;76.3	12;6874;8709;-;486.3		pfam	pfam_only	A	7/7	canonical	1	1	unscoreable	1	0	0														not_admitted	not_admitted	not_admitted	not_admitted	not_admitted	not_admitted	not_admitted
NZ_MW396858.1	MPF_F	IncFII	99	0	0	GA	0															not_admitted	not_admitted	not_admitted	not_admitted	not_admitted	not_admitted	not_admitted	not_admitted	not_admitted	not_admitted	1	74;57601;58593;+;369.5	84;64372;65745;+;381.7	79;61699;62442;+;234.4	71;53962;56592;+;304.1	85;65742;68564;+;374.0	64;49512;50963;+;94.2	71;53962;56592;+;97.1	62;48231;48797;+;174.3	76;58937;59575;+;68.6	77;59572;61422;+;266.1	89;70836;73052;+;391.2	67;51823;52338;+;78.4	89;70836;73052;+;70.3	A	9/9	contiguous	22605	1	1	68586..69065+;159;TraS;0
NZ_MW396860.1	MPF_F	IncFII	86	0	0	GA	0															not_admitted	not_admitted	not_admitted	not_admitted	not_admitted	not_admitted	not_admitted	not_admitted	not_admitted	not_admitted	1	62;47280;48272;+;369.5	72;54051;55424;+;381.7	67;51378;52121;+;234.4	59;43641;46271;+;297.8	73;55421;58243;+;374.0	51;38787;40238;+;93.8	59;43641;46271;+;98.7	49;37506;38072;+;174.3	64;48616;49254;+;68.6	65;49251;51101;+;266.1	77;60515;62758;+;391.1	54;41098;41613;+;82.8	77;60515;62758;+;70.3	A	9/9	contiguous	23009	1	1	58265..58744+;159;TraS;0
NZ_MW405382.1	MPF_F	IncFII(S);IncFII(pAR0022)	112	0	0	GA	0															not_admitted	not_admitted	not_admitted	not_admitted	not_admitted	not_admitted	not_admitted	not_admitted	not_admitted	not_admitted	1	30;25766;26761;-;357.2	23;20177;21538;-;334.4	25;22153;22932;-;196.8	37;29571;30440;-;125.4	22;17338;20175;-;289.9	40;31510;32871;-;81.6	35;28449;29105;-;43.3	44;33774;34145;-;75.7	28;24778;25392;-;79.9	26;22929;23768;-;248.9	17;12719;14398;-;333.8		17;12719;14398;-;53.4	B	8/9	contiguous	21055	1	1	17154..17267-;37;unnamed;0
NZ_MW415440.1	MPF_T	IncX3	58	0	0	GA	1	29;27234;27878;-;46.4	28;26960;27250;-;73.1	27;24182;26935;-;47.0	27;24182;26935;-;142.4	27;24182;26935;-;73.3	26;23402;24172;-;60.1	24;22068;23123;-;133.2		23;21145;21873;-;119.4	22;20210;21139;-;138.8	21;18999;20213;-;128.3	19;17769;18803;-;65.7	18;15931;17766;-;495.9		pfam	pfam_only	A	7/7	canonical	1	1	unscoreable	2	0	0														not_admitted	not_admitted	not_admitted	not_admitted	not_admitted	not_admitted	not_admitted
NZ_MW415441.1	MPF_T	IncX3	57	0	0	GA	1	33;30527;31171;-;46.4	32;30253;30543;-;73.1	31;27475;30228;-;47.0	31;27475;30228;-;142.4	31;27475;30228;-;73.3	30;26695;27465;-;60.1	28;25361;26416;-;133.2		27;24438;25166;-;119.4	26;23503;24432;-;138.8	25;22292;23506;-;128.3	23;21062;22096;-;65.7	22;19224;21059;-;495.9		pfam	pfam_only	A	7/7	canonical	1	1	unscoreable	2	0	0														not_admitted	not_admitted	not_admitted	not_admitted	not_admitted	not_admitted	not_admitted
NZ_MW415442.1	MPF_T	IncX3	57	0	0	GA	1	33;30527;31171;-;46.4	32;30253;30543;-;73.1	31;27475;30228;-;47.0	31;27475;30228;-;142.4	31;27475;30228;-;73.3	30;26695;27465;-;60.1	28;25361;26416;-;133.2		27;24438;25166;-;119.4	26;23503;24432;-;138.8	25;22292;23506;-;128.3	23;21062;22096;-;65.7	22;19224;21059;-;495.9		pfam	pfam_only	A	7/7	canonical	1	1	unscoreable	2	0	0														not_admitted	not_admitted	not_admitted	not_admitted	not_admitted	not_admitted	not_admitted
NZ_MW415443.1	MPF_T	IncX3	58	0	0	GA	1	55;41787;42431;+;46.4	56;42415;42705;+;73.1	57;42730;45195;+;47.2	57;42730;45195;+;142.5	57;42730;45195;+;73.6	1;445;1215;+;60.1	3;1494;2549;+;133.2		4;2744;3472;+;119.4	5;3478;4407;+;138.8	6;4404;5618;+;128.3	8;5814;6848;+;65.7	9;6851;8686;+;495.9		pfam	pfam_only	A	7/7	rearranged	1	1	unscoreable	2	0	0														not_admitted	not_admitted	not_admitted	not_admitted	not_admitted	not_admitted	not_admitted
NZ_MW415444.1	MPF_T	IncX3	58	0	0	GA	1	2;2881;3525;-;46.4	1;2607;2897;-;73.1	0;117;2582;-;47.2	0;117;2582;-;142.5	0;117;2582;-;73.6	56;44097;44867;-;60.1	54;42763;43818;-;133.2		53;41840;42568;-;119.4	52;40905;41834;-;138.8	51;39694;40908;-;128.3	49;38464;39498;-;65.7	48;36626;38461;-;495.9		pfam	pfam_only	A	7/7	rearranged	1	1	unscoreable	2	0	0														not_admitted	not_admitted	not_admitted	not_admitted	not_admitted	not_admitted	not_admitted
NZ_MW439254.1	MPF_T	IncX1	60	0	0	GA	1	46;40102;40746;-;47.1	45;39828;40118;-;73.5	44;37045;39804;-;44.8	44;37045;39804;-;133.3	44;37045;39804;-;71.9	43;36306;37043;-;57.5	41;34969;36024;-;131.7		40;34057;34779;-;116.0	39;33122;34051;-;133.3	38;31911;33125;-;128.6	37;30856;31893;-;66.4	36;29016;30851;-;543.4		pfam	pfam_only	A	7/7	canonical	1	1	unscoreable	1	0	0														not_admitted	not_admitted	not_admitted	not_admitted	not_admitted	not_admitted	not_admitted
NZ_MW439255.1	MPF_F	IncFIA(HI1);IncHI1A;IncHI1B(R27)	215	0	0	GA	0															not_admitted	not_admitted	not_admitted	not_admitted	not_admitted	not_admitted	not_admitted	not_admitted	not_admitted	not_admitted	1	29;31517;32569;+;277.6	132;125327;126742;-;201.7	133;126732;127778;-;171.3	11;9390;12071;+;160.6	131;121329;125318;-;103.1	7;5684;7042;+;84.0	11;9390;12071;+;76.5	4;3232;4017;+;68.7	27;29864;31372;+;65.6	30;32592;35768;+;58.9	139;134713;136797;+;50.2	10;8431;9381;+;45.2	139;134713;136797;+;36.5	A	9/9	split_3	131481	0	1	
NZ_MW464182.1	MPF_F	IncC	220	0	0	GA	0															not_admitted	not_admitted	not_admitted	not_admitted	not_admitted	not_admitted	not_admitted	not_admitted	not_admitted	not_admitted	1	146;92528;93106;-;139.5	66;37073;38020;-;132.4	68;38506;39534;-;221.7	152;97381;98298;-;227.1	65;36119;37060;-;216.3	176;120564;121271;-;136.7	151;95940;97262;-;120.2	180;122776;123402;-;92.1	148;93769;95034;-;67.6	142;89477;90241;-;30.4	190;127868;129016;-;30.9	163;109706;110284;-;100.2	189;127206;127748;-;55.4	A	9/9	split_2	91749	1	1	33465..36119-;884;unnamed;0
NZ_MW478298.1	MPF_F	IncFII(pHN7A8);IncR	187	0	0	GA	0															not_admitted	not_admitted	not_admitted	not_admitted	not_admitted	not_admitted	not_admitted	not_admitted	not_admitted	not_admitted	1	53;49518;50510;-;369.5	40;41312;42685;-;376.8	45;44251;44994;-;234.4	56;51519;54146;-;301.8	39;38499;41315;-;376.7	61;56201;57628;-;94.1	56;51519;54146;-;101.8	63;58343;58909;-;183.8	50;47934;48572;-;70.4	47;45271;47121;-;265.0	35;34000;36198;-;391.7	57;54662;55177;-;77.6	35;34000;36198;-;70.3	A	9/9	contiguous	24343	1	1	37945..38466-;173;unnamed;0
NZ_MW495059.1	MPF_F	IncHI2;IncHI2A;IncQ1	331	0	0	GA	0															not_admitted	not_admitted	not_admitted	not_admitted	not_admitted	not_admitted	not_admitted	not_admitted	not_admitted	not_admitted	1	277;234600;235658;-;276.9	73;59288;60703;+;194.1	72;58252;59298;+;174.2	304;256801;259482;-;168.0	74;60712;64665;+;101.6	308;261812;263167;-;80.7	304;256801;259482;-;72.2	311;264891;265679;-;74.8	279;235800;237311;-;62.0	276;231393;234581;-;57.3	65;49126;51210;-;56.8	305;259491;260441;-;46.1	65;49126;51210;-;38.8	A	9/9	split_3	215765	1	1	64846..66135+;429;unnamed;0
NZ_MW495061.1	MPF_F	IncFIB(AP001918);IncFII;IncQ1	175	0	0	GA	0															not_admitted	not_admitted	not_admitted	not_admitted	not_admitted	not_admitted	not_admitted	not_admitted	not_admitted	not_admitted	1	115;110483;111475;-;369.3	106;104048;105421;-;381.0	111;107011;107754;-;231.6	118;112484;115111;-;306.4	105;101226;104051;-;386.0	124;117166;118593;-;94.3	118;112484;115111;-;98.5	126;119308;119874;-;183.3	114;109836;110474;-;68.7	113;108031;109839;-;267.9	102;97569;99722;-;391.8	120;115627;116142;-;77.3	102;97569;99722;-;70.4	A	9/9	contiguous	21739	1	1	100720..101229-;169;unnamed;0
NZ_MW509820.1	MPF_F	IncHI2;IncHI2A	258	0	0	GA	0															not_admitted	not_admitted	not_admitted	not_admitted	not_admitted	not_admitted	not_admitted	not_admitted	not_admitted	not_admitted	1	57;54729;55787;-;276.9			75;76426;79107;-;168.0		79;81437;82792;-;80.7	75;76426;79107;-;72.2	82;84516;85304;-;74.8	59;55929;57440;-;62.7	56;51522;54710;-;58.3		76;79116;80066;-;46.4		C	6/9	split_2	32994	0	1	
NZ_MW540821.1	MPF_F	IncC	218	0	0	GA	0															not_admitted	not_admitted	not_admitted	not_admitted	not_admitted	not_admitted	not_admitted	not_admitted	not_admitted	not_admitted	1	97;76212;77219;+;320.0			92;71013;73460;+;350.6		83;58322;59638;+;135.0	92;71013;73460;+;123.4	81;56798;57424;+;85.6	95;74282;75547;+;67.4	98;77335;80130;+;145.0	72;51123;52988;+;50.2	84;59635;60213;+;96.3	72;51123;52988;+;48.0	C	6/9	contiguous	26212	0	1	
NZ_MW553858.1	MPF_F	IncHI2;IncHI2A	236	0	0	GA	0															not_admitted	not_admitted	not_admitted	not_admitted	not_admitted	not_admitted	not_admitted	not_admitted	not_admitted	not_admitted	1	194;174152;175210;-;276.5	68;57009;58424;+;194.1	67;55973;57019;+;174.3	210;194782;197463;-;168.0	69;58433;62386;+;101.7	214;199793;201148;-;80.7	210;194782;197463;-;72.2	217;202872;203660;-;74.8	196;175352;176863;-;62.0	193;170945;174133;-;57.3	60;46847;48931;-;56.8	211;197472;198422;-;46.1	60;46847;48931;-;38.8	A	9/9	split_2	156025	1	1	62567..63856+;429;unnamed;0
NZ_MW557326.1	MPF_T	IncX4	41	0	0	GA	1	26;24630;25250;-;41.6	25;24290;24616;-;64.4	24;21524;24271;-;63.8	24;21524;24271;-;151.8	24;21524;24271;-;46.1	23;20796;21512;-;94.2	22;19690;20784;-;150.1		20;18489;19175;-;169.0	19;17584;18492;-;142.4	18;16473;17591;-;163.9	17;15443;16471;-;85.0	16;13594;15411;-;314.8		pfam	pfam_only	A	7/7	canonical	1	1	unscoreable	1	0	0														not_admitted	not_admitted	not_admitted	not_admitted	not_admitted	not_admitted	not_admitted
NZ_MW574936.1	MPF_T	IncN	77	0	0	GA	1	35;24809;25543;+;32.5		38;26186;26503;+;63.3	39;26616;29102;+;113.9	39;26616;29102;+;73.5	40;29120;29833;+;105.5	42;30084;31124;+;142.4		43;31343;32041;+;131.9	44;32052;32936;+;159.7	45;32936;34096;+;156.3	46;34138;35133;+;81.2	17;9227;10756;+;38.5		pfam	both	A	7/7	canonical	1	0	unscoreable	3	0	0														not_admitted	not_admitted	not_admitted	not_admitted	not_admitted	not_admitted	not_admitted
NZ_MW574937.1	MPF_T	IncP1	58	0	0	GA	1	40;36220;36849;+;24.1	28;25588;26052;+;65.0	29;26056;26367;+;47.0	30;26364;28922;+;98.2	30;26364;28922;+;122.1	35;32487;33257;+;134.8	38;33664;35580;+;155.8		31;28919;29692;+;145.4	32;29710;30603;+;185.7	34;31065;32468;+;222.0	27;24612;25574;+;134.7	4;6761;8665;-;521.1		conjscan	conjscan_only	A	7/7	canonical	1	0	unscoreable	5	0	0														not_admitted	not_admitted	not_admitted	not_admitted	not_admitted	not_admitted	not_admitted
NZ_MW574938.1	MPF_T	IncP1	77	0	0	GA	1	26;19405;20034;+;24.1	14;8758;9222;+;65.0	15;9226;9537;+;47.0	16;9534;12092;+;98.2	16;9534;12092;+;122.1	21;15657;16427;+;134.8	24;16834;18765;+;155.8		17;12089;12862;+;145.4	18;12880;13773;+;185.7	20;14235;15638;+;222.0	13;7782;8744;+;134.7	66;53201;55105;-;521.1		conjscan	conjscan_only	A	7/7	canonical	1	0	unscoreable	5	0	0														not_admitted	not_admitted	not_admitted	not_admitted	not_admitted	not_admitted	not_admitted
NZ_MW574939.1	MPF_T	IncP1	63	0	0	GA	1	55;56211;56846;-;23.5	4;3753;4217;-;63.7	3;3438;3749;-;49.8	2;1270;3441;-;91.4	2;1270;3441;-;114.5	59;59431;60195;-;125.5	57;57465;59183;-;142.7		0;105;887;-;145.8	62;62133;62840;-;187.6	60;60216;61637;-;223.3	5;4234;5196;-;129.8	41;37833;39746;+;525.7		conjscan	conjscan_only	A	7/7	rearranged	1	0	unscoreable	5	0	0														not_admitted	not_admitted	not_admitted	not_admitted	not_admitted	not_admitted	not_admitted
NZ_MW574940.1	MPF_F	IncFII	94	0	0	GA	0															not_admitted	not_admitted	not_admitted	not_admitted	not_admitted	not_admitted	not_admitted	not_admitted	not_admitted	not_admitted	1	79;70287;71279;+;369.3	90;77329;78702;+;381.0	85;74996;75739;+;233.3	76;66651;69278;+;304.6	91;78699;81524;+;389.2	71;63072;64499;+;94.4	76;66651;69278;+;99.2	69;61791;62357;+;183.8	82;72276;72914;+;68.6	83;72911;74719;+;268.0	0;23;2053;+;392.0	75;65620;66135;+;78.0	0;23;2053;+;70.5	A	9/9	split_2	78676	1	1	81521..82030+;169;unnamed;0
NZ_MW574941.1	MPF_T	IncP1	54	0	0	GA	1	50;47864;48508;-;24.1	6;6656;7117;-;63.6	5;6341;6652;-;49.3	4;3786;6344;-;98.6	4;3786;6344;-;119.0	53;51129;51635;-;71.7	52;49125;51119;-;147.6		3;3025;3789;-;146.5	2;2113;3006;-;185.0	0;270;1658;-;223.6	7;7131;8093;-;136.2	33;29756;31660;+;519.5		conjscan	conjscan_only	A	7/7	rearranged	1	0	unscoreable	2	0	0														not_admitted	not_admitted	not_admitted	not_admitted	not_admitted	not_admitted	not_admitted
NZ_MW574942.1	MPF_T	-	49	0	0	GA	1	21;19642;20319;+;53.0	22;20433;20759;+;62.9	23;20759;21085;+;70.5	24;21093;23555;+;127.1	24;21093;23555;+;81.0	27;24918;25619;+;173.8	26;23881;24906;+;143.3		28;25782;26597;+;143.1	29;26609;27502;+;160.3	30;27502;28926;+;168.2	31;28946;30019;+;100.5	32;30016;32532;+;333.7		pfam	both	A	7/7	canonical	1	0	unscoreable	1	0	0														not_admitted	not_admitted	not_admitted	not_admitted	not_admitted	not_admitted	not_admitted
NZ_MW574943.1	MPF_T	IncP1	64	0	0	GA	1	42;32823;33452;-;24.1	54;43620;44084;-;65.0	53;43305;43616;-;47.0	52;40750;43308;-;98.2	52;40750;43308;-;122.1	47;36415;37185;-;134.8	44;34092;36008;-;155.8		51;39980;40753;-;145.4	50;39069;39962;-;185.7	48;37204;38607;-;222.0	55;44098;45060;-;134.7	16;9499;11403;+;521.1		conjscan	conjscan_only	A	7/7	canonical	1	0	unscoreable	5	0	0														not_admitted	not_admitted	not_admitted	not_admitted	not_admitted	not_admitted	not_admitted
NZ_MW574944.1	MPF_T	IncU	55	0	0	GA	1		44;38601;38924;-;66.6	43;38263;38583;-;82.6	41;35818;37410;-;71.9	42;37415;38266;-;88.4	40;35177;35821;-;105.2	38;33851;34861;-;161.6		36;32781;33530;-;157.6	35;31945;32778;-;208.0	34;30731;31945;-;188.0	33;29725;30753;-;90.9	32;27834;29759;-;408.7		pfam	both	A	7/7	canonical	1	0	unscoreable	2	0	0														not_admitted	not_admitted	not_admitted	not_admitted	not_admitted	not_admitted	not_admitted
NZ_MW574945.1	MPF_T	IncN	75	0	0	GA	1	52;41850;42584;+;32.5		55;43227;43544;+;63.3	56;43657;46143;+;113.9	56;43657;46143;+;73.5	57;46161;46874;+;105.5	59;47125;48165;+;142.4		60;48384;49082;+;131.9	61;49093;49977;+;159.7	62;49977;51137;+;156.3	63;51179;52174;+;81.2	13;14248;15777;-;38.5		pfam	both	A	7/7	canonical	1	0	unscoreable	3	0	0														not_admitted	not_admitted	not_admitted	not_admitted	not_admitted	not_admitted	not_admitted
NZ_MW574946.1	MPF_T	IncP1	64	0	0	GA	1	16;13460;14095;+;23.5	4;3144;3608;+;63.7	5;3612;3923;+;49.8	6;3920;6091;+;91.4	6;3920;6091;+;114.5	12;10111;10875;+;125.5	14;11123;12841;+;142.7		8;6474;7256;+;145.8	9;7274;8173;+;186.5	11;8669;10090;+;223.3	3;2165;3127;+;129.8	30;30559;32472;-;525.7		conjscan	conjscan_only	A	7/7	canonical	1	0	unscoreable	5	0	0														not_admitted	not_admitted	not_admitted	not_admitted	not_admitted	not_admitted	not_admitted
NZ_MW574947.1	MPF_T	-	43	0	0	GA	1	10;10446;11123;-;53.0	9;10006;10332;-;61.0	8;9680;10006;-;70.5	7;7210;9672;-;127.1	7;7210;9672;-;81.0	4;5149;5847;-;174.5	5;5859;6884;-;141.4		3;4138;4986;-;143.1	2;3233;4126;-;160.3	1;1809;3233;-;168.2	0;716;1789;-;100.6	42;36082;37686;-;198.9		pfam	both	A	7/7	canonical	1	0	unscoreable	1	0	0														not_admitted	not_admitted	not_admitted	not_admitted	not_admitted	not_admitted	not_admitted
NZ_MW574948.1	MPF_T	IncN	65	0	0	GA	1	47;39501;40235;+;32.5	49;40535;40828;+;28.7	50;40878;41195;+;63.3	51;41195;43795;+;111.8	51;41195;43795;+;76.8	52;43813;44526;+;97.1	54;44777;45817;+;153.6		55;46036;46734;+;131.9	56;46745;47629;+;159.0	57;47629;48789;+;154.9	58;48831;49826;+;81.2	12;14941;16470;-;38.5		pfam	both	A	7/7	canonical	1	0	unscoreable	2	0	0														not_admitted	not_admitted	not_admitted	not_admitted	not_admitted	not_admitted	not_admitted
NZ_MW574949.1	MPF_T	IncN	77	0	0	GA	1	36;25226;25960;+;32.5		39;26603;26920;+;63.3	40;26920;29520;+;113.8	40;26920;29520;+;76.4	41;29538;30251;+;105.5	43;30502;31542;+;142.4		44;31761;32459;+;131.9	45;32470;33354;+;159.7	46;33354;34514;+;156.3	47;34556;35551;+;81.2	18;9644;11173;+;38.5		pfam	both	A	7/7	canonical	1	0	unscoreable	3	0	0														not_admitted	not_admitted	not_admitted	not_admitted	not_admitted	not_admitted	not_admitted
NZ_MW574951.1	MPF_T	IncFIB(AP001918);IncFIB(K)	137	0	0	GA	1	90;76952;77614;-;48.3	89;76642;76941;-;36.6	88;73882;76632;-;60.6	88;73882;76632;-;134.0	88;73882;76632;-;48.6	87;73147;73863;-;137.0	85;71826;72833;-;137.8		83;70930;71616;-;158.3	82;70044;70937;-;147.4	80;68852;69391;-;122.7	79;67799;68848;-;71.5	72;61155;63062;-;24.3		pfam	pfam_only	A	7/7	canonical	1	1	unscoreable	9	0	0														not_admitted	not_admitted	not_admitted	not_admitted	not_admitted	not_admitted	not_admitted
NZ_MW575452.1	MPF_F	IncFIB(pNDM-Mar);RepB	250	0	0	GA	0															not_admitted	not_admitted	not_admitted	not_admitted	not_admitted	not_admitted	not_admitted	not_admitted	not_admitted	not_admitted	1	180;153038;154075;-;282.3			192;164907;167624;-;149.6		196;169737;171107;-;65.6	192;164907;167624;-;85.2	199;172753;173613;-;79.0	181;154072;155433;-;69.9	179;149843;153028;-;59.6		193;167669;168406;-;52.5		C	6/9	contiguous	22910	0	1	
NZ_MW581615.1	MPF_F	IncFIB(AP001918);IncFIC(FII)	210	0	0	GA	0															not_admitted	not_admitted	not_admitted	not_admitted	not_admitted	not_admitted	not_admitted	not_admitted	not_admitted	not_admitted	1	138;136688;137680;-;369.3	125;128797;130170;-;380.9	134;133216;133959;-;235.0	141;138689;141316;-;303.8	124;125975;128800;-;385.2	146;143371;144798;-;94.3	141;138689;141316;-;99.2	148;145513;146079;-;184.4	137;136041;136679;-;68.4	136;134236;136044;-;268.0	121;122951;124471;-;338.5	142;141832;142347;-;78.0	121;122951;124471;-;58.4	A	9/9	contiguous	22562	1	1	125469..125978-;169;unnamed;0
NZ_MW590809.1	MPF_T	IncN	79	0	0	GA	1	17;13127;13861;+;32.5		20;14504;14821;+;63.3	21;14821;17421;+;113.8	21;14821;17421;+;76.4	22;17439;18152;+;105.5	24;18403;19443;+;142.4		25;19662;20360;+;131.9	26;20371;21255;+;159.7	27;21255;22415;+;156.3	28;22457;23452;+;81.2	49;40808;42337;-;38.5		pfam	both	A	7/7	canonical	1	0	unscoreable	3	0	0														not_admitted	not_admitted	not_admitted	not_admitted	not_admitted	not_admitted	not_admitted
NZ_MW598237.1	MPF_F	IncFII(pHN7A8);IncR	231	0	0	GA	0															not_admitted	not_admitted	not_admitted	not_admitted	not_admitted	not_admitted	not_admitted	not_admitted	not_admitted	not_admitted	1	193;147695;148687;-;369.5	180;139488;140861;-;376.8	185;142677;143018;-;103.1	196;149696;152323;-;301.8	179;136675;139491;-;376.7	171;124454;125881;+;93.5	196;149696;152323;-;101.8	169;123173;123739;+;183.8	190;146111;146749;-;70.4	187;143448;145298;-;265.0	175;132158;134374;-;391.7	197;152839;153354;-;77.6	175;132158;134374;-;70.3	A	9/9	contiguous	29666	1	1	136121..136642-;173;unnamed;0
NZ_MW598248.1	MPF_F	IncFII(pHN7A8);IncR	230	0	0	GA	0															not_admitted	not_admitted	not_admitted	not_admitted	not_admitted	not_admitted	not_admitted	not_admitted	not_admitted	not_admitted	1	80;67623;68615;-;369.5	67;59417;60790;-;376.8	72;62356;63099;-;234.4	83;69624;72251;-;301.8	66;56604;59420;-;376.7	58;44386;45813;+;94.1	83;69624;72251;-;101.8	56;43105;43671;+;183.8	77;66039;66677;-;70.4	74;63376;65226;-;265.0	62;52087;54303;-;391.7	84;72767;73282;-;77.6	62;52087;54303;-;70.3	A	9/9	contiguous	29662	1	1	56050..56571-;173;unnamed;0
NZ_MW633522.1	MPF_F	Col156;IncFIB(AP001918);IncFIC(FII)	162	0	0	GA	0															not_admitted	not_admitted	not_admitted	not_admitted	not_admitted	not_admitted	not_admitted	not_admitted	not_admitted	not_admitted	1	145;126927;127919;-;369.3	134;119868;121241;-;378.0	141;123455;124198;-;234.1	148;128928;131555;-;305.4	133;117049;119871;-;389.5	154;133610;135037;-;94.3	148;128928;131555;-;98.5	156;135752;136318;-;183.8	144;126280;126918;-;68.4	143;124475;126283;-;268.4	130;113367;115520;-;391.9	150;132071;132586;-;78.4	130;113367;115520;-;70.4	A	9/9	contiguous	22385	1	1	116536..117027-;163;TraS;0
NZ_MW645356.1	MPF_F	IncFIB(AP001918);IncFII	161	0	0	GA	0															not_admitted	not_admitted	not_admitted	not_admitted	not_admitted	not_admitted	not_admitted	not_admitted	not_admitted	not_admitted	1	16;11149;12141;+;367.3	27;17828;19201;+;374.3	20;14870;15613;+;234.1	13;7513;10140;+;305.4	28;19198;22014;+;387.9	7;4031;5458;+;94.4	13;7513;10140;+;99.1	5;2750;3316;+;183.8	17;12150;12788;+;67.3	18;12785;14593;+;268.3	31;23577;25730;+;391.1	11;6482;6997;+;77.3	31;23577;25730;+;69.2	A	9/9	contiguous	20827	1	1	22047..22568+;173;unnamed;0
NZ_MW645357.1	MPF_F	IncFIB(AP001918);IncFII(pRSB107)	121	0	0	GA	0															not_admitted	not_admitted	not_admitted	not_admitted	not_admitted	not_admitted	not_admitted	not_admitted	not_admitted	not_admitted	1	22;24624;25616;-;371.9	13;18189;19565;-;381.0	18;21152;21895;-;233.5	25;26625;29255;-;303.7	12;15370;18192;-;389.2	34;32459;33886;-;94.3	25;26625;29255;-;100.2	36;34601;35167;-;185.2	21;23977;24615;-;68.7	20;22172;23980;-;267.9	9;11656;13836;-;391.8	30;30823;31338;-;78.4	9;11656;13836;-;70.3	A	9/9	contiguous	22945	1	1	14852..15349-;165;TraS;0
NZ_MW645358.1	MPF_F	IncFIA;IncFIB(AP001918);IncFIC(FII)	214	0	0	GA	0															not_admitted	not_admitted	not_admitted	not_admitted	not_admitted	not_admitted	not_admitted	not_admitted	not_admitted	not_admitted	1	190;185278;186270;-;367.4	179;178219;179592;-;378.0	186;181806;182549;-;234.5	193;187279;189906;-;305.3	178;175400;178222;-;389.5	199;191961;193388;-;94.3	193;187279;189906;-;98.8	201;194103;194669;-;183.8	189;184631;185269;-;68.4	188;182826;184634;-;268.4	175;171655;173871;-;391.7	195;190422;190937;-;78.4	175;171655;173871;-;70.3	A	9/9	contiguous	22448	1	1	174887..175378-;163;TraS;0
NZ_MW646303.1	MPF_F	IncFII	98	0	0	GA	0															not_admitted	not_admitted	not_admitted	not_admitted	not_admitted	not_admitted	not_admitted	not_admitted	not_admitted	not_admitted	1	74;59632;60246;+;258.9	82;65452;66567;+;368.8	79;64090;64815;+;43.0	70;55441;55941;+;73.4	83;66585;69332;+;353.9	62;50991;52442;+;94.2		60;49710;50276;+;174.3			89;73592;75781;+;391.8	65;53302;53817;+;78.4	89;73592;75781;+;70.3	C	7/9	contiguous	23882	1	0	69365..69886+;173;unnamed;0
NZ_MW646306.1	MPF_F	Col156	122	0	0	GA	0															not_admitted	not_admitted	not_admitted	not_admitted	not_admitted	not_admitted	not_admitted	not_admitted	not_admitted	not_admitted	1	55;50898;51890;-;367.4	44;43839;45212;-;380.9	51;47426;48169;-;235.0	58;52899;55526;-;305.4	43;41017;43842;-;385.9	64;57581;59008;-;94.3	58;52899;55526;-;98.5	66;59723;60289;-;183.8	54;50251;50889;-;68.6	53;48446;50254;-;268.3	40;37325;39514;-;391.3	60;56042;56557;-;78.4	40;37325;39514;-;70.4	A	9/9	contiguous	22398	1	1	40511..41020-;169;unnamed;0
NZ_MW650887.1	MPF_F	IncFIB(K);IncFIB(pQil);IncFII(K)	262	0	0	GA	0															not_admitted	not_admitted	not_admitted	not_admitted	not_admitted	not_admitted	not_admitted	not_admitted	not_admitted	not_admitted	1	139;136972;137961;-;366.0	129;130058;131425;-;380.7	133;132683;133435;-;233.7	143;139404;142043;-;258.5	128;127209;130058;-;345.6	151;145300;146724;-;88.8	143;139404;142043;-;88.7	153;147451;148017;-;169.3	138;136321;136959;-;67.0	137;134307;136262;-;259.7	124;122411;124723;-;392.7	150;144602;145186;-;55.4	124;122411;124723;-;66.5	A	9/9	contiguous	25040	1	1	126648..127196-;182;unnamed;0
NZ_MW650888.1	MPF_F	IncFIB(K);IncFII(K)	212	0	0	GA	0															not_admitted	not_admitted	not_admitted	not_admitted	not_admitted	not_admitted	not_admitted	not_admitted	not_admitted	not_admitted	1	161;162684;163676;-;366.6	151;155863;157233;-;381.2	155;158435;159187;-;232.4	164;164702;167341;-;258.7	150;153014;155863;-;344.2	173;171156;172580;-;89.2	164;164702;167341;-;88.8	175;173307;173897;-;164.5	160;162033;162671;-;67.0	159;160030;162036;-;259.0	146;148891;151200;-;393.2	171;169975;170544;-;49.7	146;148891;151200;-;65.8	A	9/9	contiguous	24416	1	1	152481..153011-;176;unnamed;0
NZ_MW650890.1	MPF_F	IncFIB(pQil);IncFII(K)	132	0	0	GA	0															not_admitted	not_admitted	not_admitted	not_admitted	not_admitted	not_admitted	not_admitted	not_admitted	not_admitted	not_admitted	1	78;75387;76376;-;366.0	68;68473;69840;-;380.7	72;71098;71850;-;233.7	82;77819;80458;-;258.5	67;65624;68473;-;345.6	90;83715;85139;-;88.8	82;77819;80458;-;88.7	92;85866;86432;-;169.3	77;74736;75374;-;67.0	76;72722;74677;-;259.7	63;60826;63138;-;392.7	89;83017;83601;-;55.4	63;60826;63138;-;66.5	A	9/9	contiguous	25040	1	1	65063..65611-;182;unnamed;0
NZ_MW650891.1	MPF_F	IncFIB(K);IncFIB(pQil);IncFII(K)	233	0	0	GA	0															not_admitted	not_admitted	not_admitted	not_admitted	not_admitted	not_admitted	not_admitted	not_admitted	not_admitted	not_admitted	1	185;167517;168506;-;366.0	175;160603;161970;-;380.7	179;163228;163980;-;233.7	189;169949;172588;-;258.5	174;157754;160603;-;345.6	197;175845;177269;-;88.8	189;169949;172588;-;88.7	199;177996;178562;-;169.3	184;166866;167504;-;67.0	183;164852;166807;-;259.7	170;152956;155268;-;392.7	196;175147;175731;-;55.4	170;152956;155268;-;66.5	A	9/9	contiguous	25040	1	1	157193..157741-;182;unnamed;0
NZ_MW651977.1	MPF_F	IncHI2;IncHI2A	263	0	0	GA	0															not_admitted	not_admitted	not_admitted	not_admitted	not_admitted	not_admitted	not_admitted	not_admitted	not_admitted	not_admitted	1	244;211891;212949;-;269.4	95;82709;84124;+;194.1	94;81673;82719;+;174.3	260;232503;235184;-;168.0	96;84133;88086;+;101.6	0;466;1821;-;80.7	260;232503;235184;-;72.2	3;3545;4333;-;74.8	246;213091;214602;-;62.0	243;208684;211872;-;57.3	87;72547;74631;-;56.8	261;235193;236143;-;46.1	87;72547;74631;-;38.8	A	9/9	split_3	234727	1	1	88267..89556+;429;unnamed;0
NZ_MW651979.1	MPF_F	IncFIB(AP001918);IncFII(pRSB107)	127	0	0	GA	0															not_admitted	not_admitted	not_admitted	not_admitted	not_admitted	not_admitted	not_admitted	not_admitted	not_admitted	not_admitted	1	12;8098;9090;+;371.9	22;14148;15524;+;381.0	16;11819;12562;+;233.5	9;4459;7089;+;303.7	23;15521;18343;+;389.2	0;53;1255;+;93.0	9;4459;7089;+;100.2	125;111190;111756;+;185.2	13;9099;9737;+;68.7	14;9734;11542;+;267.9	26;19877;22093;+;391.7	4;2376;2891;+;78.4	26;19877;22093;+;70.3	A	9/9	split_2	111137	1	1	18364..18861+;165;TraS;0
NZ_MW655525.1	MPF_T	IncX4	43	0	0	GA	1	25;16617;17237;+;46.9	26;17251;17577;+;64.4	27;17596;20343;+;62.7	27;17596;20343;+;150.8	27;17596;20343;+;45.4	28;20355;21071;+;96.1	29;21082;22161;+;157.5		31;22676;23362;+;169.0	32;23359;24267;+;142.4	33;24260;25378;+;164.1	34;25380;26408;+;85.0	35;26440;28257;+;317.3		pfam	pfam_only	A	7/7	canonical	1	1	unscoreable	1	0	0														not_admitted	not_admitted	not_admitted	not_admitted	not_admitted	not_admitted	not_admitted
NZ_MW655528.1	MPF_T	IncX4	49	0	0	GA	1	35;26672;27283;+;54.0	36;27255;27569;+;30.3	37;27627;27947;+;46.2	38;27950;30322;+;81.6	38;27950;30322;+;33.6	32;24701;25342;-;31.3	33;25344;26339;-;125.4		40;30453;31190;+;158.9	41;31187;31966;+;167.2	42;31956;33098;+;143.5	43;33098;34117;+;91.9	44;34168;36135;+;290.5		pfam	pfam_only	A	7/7	uncallable	0	0	unscoreable	2	0	0														not_admitted	not_admitted	not_admitted	not_admitted	not_admitted	not_admitted	not_admitted
NZ_MW665563.1	MPF_F	IncHI2;IncHI2A	190	0	0	GA	0															not_admitted	not_admitted	not_admitted	not_admitted	not_admitted	not_admitted	not_admitted	not_admitted	not_admitted	not_admitted	1	124;118154;119212;+;276.9	12;12428;13843;-;194.1	13;13833;14879;-;174.3	108;95901;98582;+;168.0	11;8466;12419;-;101.7	104;92216;93571;+;80.7	108;95901;98582;+;72.2	101;89704;90492;+;74.8	122;116501;118012;+;62.0	125;119231;122419;+;57.3	20;21921;24005;+;56.8	107;94942;95892;+;46.1	20;21921;24005;+;38.8	A	9/9	split_3	110765	1	1	6996..8285-;429;unnamed;0
NZ_MW665564.1	MPF_F	IncHI2;IncHI2A	179	0	0	GA	0															not_admitted	not_admitted	not_admitted	not_admitted	not_admitted	not_admitted	not_admitted	not_admitted	not_admitted	not_admitted	1	127;119324;120382;+;276.5	14;13597;15012;-;194.1	15;15002;16048;-;174.3	111;97071;99752;+;168.0	13;9635;13588;-;101.7	107;93386;94741;+;80.7	111;97071;99752;+;72.2	104;90874;91662;+;74.8	125;117671;119182;+;62.0	128;120401;123589;+;57.3	22;23090;25174;+;56.8	110;96112;97062;+;46.1	22;23090;25174;+;38.8	A	9/9	split_3	110766	1	1	8165..9454-;429;unnamed;0
NZ_MW679657.1	MPF_T	IncP1	93	0	0	GA	1	22;18973;19563;-;23.1	33;29371;29835;-;62.5	32;29056;29367;-;51.3	31;26501;29059;-;94.6	31;26501;29059;-;113.4	26;22168;22941;-;125.5	24;20207;21925;-;148.0		30;25716;26504;-;146.4	29;24805;25698;-;181.1	27;22958;24337;-;218.3	34;29865;30830;-;131.2	60;48441;50345;+;526.9		conjscan	conjscan_only	A	7/7	canonical	1	0	unscoreable	4	0	0														not_admitted	not_admitted	not_admitted	not_admitted	not_admitted	not_admitted	not_admitted
NZ_MW719568.1	MPF_F	IncHI2A	244	0	0	GA	0															not_admitted	not_admitted	not_admitted	not_admitted	not_admitted	not_admitted	not_admitted	not_admitted	not_admitted	not_admitted	1	32;36321;37379;+;276.9	151;141776;143191;-;194.1	152;143181;144227;-;174.3	16;14077;16758;+;168.0	150;137814;141767;-;101.6	12;10392;11747;+;80.7	16;14077;16758;+;72.2	9;7880;8668;+;74.8	30;34668;36179;+;62.0	33;37398;40586;+;57.3	159;151269;153353;+;56.8	15;13118;14068;+;46.1	159;151269;153353;+;38.8	A	9/9	split_3	143389	1	1	136344..137633-;429;unnamed;0
NZ_MW762473.1	MPF_T	IncX3	58	0	0	GA	1	45;38165;38809;-;46.4	44;37891;38181;-;73.1	43;35113;37866;-;47.0	43;35113;37866;-;142.4	43;35113;37866;-;73.3	42;34333;35103;-;60.1	40;32999;34054;-;133.2		39;32076;32804;-;119.4	38;31141;32070;-;138.8	37;29930;31144;-;128.3	35;28700;29734;-;65.7	34;26862;28697;-;495.9		pfam	pfam_only	A	7/7	canonical	1	1	unscoreable	2	0	0														not_admitted	not_admitted	not_admitted	not_admitted	not_admitted	not_admitted	not_admitted
NZ_MW791424.1	MPF_T	IncP1	69	0	0	GA	1	63;52456;53229;+;21.6	50;41167;41436;+;58.0	53;43241;43567;+;50.2	54;43564;46107;+;99.2	54;43564;46107;+;108.9	59;49574;50356;+;106.4	61;50568;52121;+;108.5		55;46104;46811;+;88.1	56;46827;47717;+;156.2	58;48167;49561;+;218.2	49;40097;41053;+;133.6	21;16889;18832;-;443.4		conjscan	conjscan_only	A	7/7	canonical	1	0	unscoreable	6	0	0														not_admitted	not_admitted	not_admitted	not_admitted	not_admitted	not_admitted	not_admitted
NZ_MW800634.1	MPF_F	IncFIA(HI1);IncHI1A;IncHI1B(R27)	224	0	0	GA	0															not_admitted	not_admitted	not_admitted	not_admitted	not_admitted	not_admitted	not_admitted	not_admitted	not_admitted	not_admitted	1	54;57417;58469;+;277.6	172;158722;160137;-;201.7	173;160127;161173;-;171.3	36;34252;36933;+;160.9	171;154724;158713;-;103.1	32;30546;31904;+;84.0	36;34252;36933;+;76.5	29;28094;28879;+;68.7	52;55764;57272;+;65.6	55;58492;61668;+;58.9	179;168108;170192;+;50.2	35;33293;34243;+;45.2	179;168108;170192;+;36.5	A	9/9	split_3	140014	0	1	
NZ_MW800635.1	MPF_F	IncFIB(AP001918);IncFII(pCoo)	157	0	0	GA	0															not_admitted	not_admitted	not_admitted	not_admitted	not_admitted	not_admitted	not_admitted	not_admitted	not_admitted	not_admitted	1	29;22833;23825;+;370.2	37;28521;29894;+;380.4	33;26557;27300;+;233.3	26;19197;21824;+;303.5	38;29891;32713;+;386.8	22;15858;17285;+;94.3	26;19197;21824;+;100.3	20;14577;15143;+;183.8	30;23834;24472;+;68.3	31;24469;26277;+;268.2	41;34247;36454;+;391.7	25;18166;18681;+;78.0	41;34247;36454;+;70.3	A	9/9	contiguous	19670	1	1	32734..33231+;165;TraS;0
NZ_MW800636.1	MPF_F	IncFIA(HI1);IncHI1A;IncHI1B(R27);IncQ1	239	0	0	GA	0															not_admitted	not_admitted	not_admitted	not_admitted	not_admitted	not_admitted	not_admitted	not_admitted	not_admitted	not_admitted	1	55;57583;58635;+;277.6	183;166829;168244;-;201.7	184;168234;169280;-;171.3	37;34418;37099;+;160.5	182;162831;166820;-;103.1	33;30712;32070;+;84.0	37;34418;37099;+;76.5	30;28260;29045;+;68.7	53;55930;57438;+;65.6	56;58658;61834;+;58.9	190;176215;178299;+;50.2	36;33459;34409;+;45.2	190;176215;178299;+;36.5	A	9/9	split_3	147955	0	1	
NZ_MW800637.1	MPF_F	IncFII(29)	96	0	0	GA	0															not_admitted	not_admitted	not_admitted	not_admitted	not_admitted	not_admitted	not_admitted	not_admitted	not_admitted	not_admitted	1	21;14644;15636;+;369.3	32;21533;22906;+;375.4	27;19223;19966;+;231.8	18;11005;13635;+;303.2	33;22903;25728;+;389.2	10;6301;7728;+;94.1	18;11005;13635;+;99.2	8;5020;5586;+;183.8	22;15645;16283;+;70.6	25;17096;18946;+;272.8	37;27970;30132;+;391.8	14;8853;9368;+;78.4	37;27970;30132;+;70.4	A	9/9	contiguous	22950	1	1	25725..26234+;169;unnamed;0
NZ_MW800638.1	MPF_F	IncFIB(AP001918);IncFII	187	0	0	GA	0															not_admitted	not_admitted	not_admitted	not_admitted	not_admitted	not_admitted	not_admitted	not_admitted	not_admitted	not_admitted	1	26;24945;25937;-;369.3	17;18510;19886;-;379.5	22;21473;22216;-;233.3	29;26946;29576;-;306.8	16;15691;18513;-;389.2	37;32614;34041;-;94.1	29;26946;29576;-;98.5	39;34756;35322;-;183.8	25;24298;24936;-;64.0	24;22493;24301;-;268.0	13;11968;14157;-;391.8	34;31215;31730;-;76.4	13;11968;14157;-;70.3	A	9/9	contiguous	22788	1	1	15173..15670-;165;TraS;0
NZ_MW810613.1	MPF_F	repFIB;repHI5B	315	0	0	GA	0															not_admitted	not_admitted	not_admitted	not_admitted	not_admitted	not_admitted	not_admitted	not_admitted	not_admitted	not_admitted	1	29;27661;28698;-;282.2	191;161343;162785;+;188.6	190;160349;161386;+;172.0	40;39567;42284;-;143.5	192;162787;166731;+;119.0	44;44407;45774;-;63.7	40;39567;42284;-;80.6	47;47429;48289;-;73.9	30;28695;30056;-;71.7	28;24566;27646;-;58.7	183;150983;153109;-;62.0	41;42333;43070;-;56.3	183;150983;153109;-;39.7	A	9/9	split_2	138221	0	1	
NZ_MW815279.1	MPF_F	IncHI2;IncHI2A	262	0	0	GA	0															not_admitted	not_admitted	not_admitted	not_admitted	not_admitted	not_admitted	not_admitted	not_admitted	not_admitted	not_admitted	1	27;31208;32266;+;276.9	179;164502;165917;-;194.1	180;165907;166953;-;174.3	11;8955;11636;+;168.0	178;160540;164493;-;101.7	7;5270;6625;+;80.7	11;8955;11636;+;72.2	4;2758;3546;+;74.8	25;29555;31066;+;62.0	28;32285;35473;+;57.3	187;173995;176079;+;56.8	10;7996;8946;+;46.1	187;173995;176079;+;38.8	A	9/9	split_3	171237	1	1	159070..160359-;429;unnamed;0
NZ_MW836072.1	MPF_T	IncX4	42	0	0	GA	1	14;6800;7420;+;41.6	15;7434;7760;+;64.4	16;7779;10526;+;63.8	16;7779;10526;+;151.8	16;7779;10526;+;46.1	17;10538;11254;+;94.2	18;11266;12360;+;150.1		20;12875;13561;+;169.0	21;13558;14466;+;142.4	22;14459;15577;+;163.9	23;15579;16607;+;85.0	24;16639;18456;+;314.8		pfam	pfam_only	A	7/7	canonical	1	1	unscoreable	1	0	0														not_admitted	not_admitted	not_admitted	not_admitted	not_admitted	not_admitted	not_admitted
NZ_MW864328.1	MPF_F	IncT	187	0	0	GA	0															not_admitted	not_admitted	not_admitted	not_admitted	not_admitted	not_admitted	not_admitted	not_admitted	not_admitted	not_admitted	1	116;88089;89165;+;282.5	134;105150;106601;+;247.0	133;104045;105136;+;190.4	112;83545;86031;+;219.1	135;106611;109907;+;264.3	109;80527;81876;+;111.5	112;83545;86031;+;115.3	107;78738;79355;+;84.9	115;86839;88089;+;57.9	137;110377;113079;+;126.3	101;74142;76109;+;22.4	110;81873;82463;+;73.9	101;74142;76109;+;31.3	A	9/9	contiguous	36235	0	1	
NZ_MW911666.1	MPF_F	IncFIB(pNDM-Mar);IncHI1B(pNDM-MAR)	376	0	0	GA	0															not_admitted	not_admitted	not_admitted	not_admitted	not_admitted	not_admitted	not_admitted	not_admitted	not_admitted	not_admitted	1	301;272763;273800;-;282.3	78;59488;60897;+;190.4	77;58461;59498;+;176.7	313;284632;287349;-;148.7	79;60899;64837;+;118.9	317;289462;290832;-;65.6	313;284632;287349;-;85.2	320;292478;293338;-;79.0	302;273797;275158;-;69.9	300;269568;272753;-;58.9	70;49154;51280;-;58.0	314;287394;288131;-;57.0	70;49154;51280;-;39.7	A	9/9	split_2	243324	0	1	
NZ_MW911667.1	MPF_F	IncFIB(pNDM-Mar);IncHI1B(pNDM-MAR);IncR	360	0	0	GA	0															not_admitted	not_admitted	not_admitted	not_admitted	not_admitted	not_admitted	not_admitted	not_admitted	not_admitted	not_admitted	1	282;244827;245864;-;282.3	155;123170;124579;+;190.4	154;122143;123180;+;176.7	294;256696;259413;-;148.7	156;124581;128519;+;118.9	298;261526;262896;-;65.6	294;256696;259413;-;85.2	301;264542;265402;-;79.0	283;245861;247222;-;69.9	281;241632;244817;-;58.9	147;112836;114962;-;58.0	295;259458;260195;-;57.0	147;112836;114962;-;39.7	A	9/9	split_2	151706	0	1	
NZ_MW911668.1	MPF_F	IncFIB(pNDM-Mar);IncHI1B(pNDM-MAR)	372	0	0	GA	0															not_admitted	not_admitted	not_admitted	not_admitted	not_admitted	not_admitted	not_admitted	not_admitted	not_admitted	not_admitted	1	297;266889;267926;-;282.3	77;59493;60902;+;190.4	76;58466;59503;+;176.7	309;278758;281475;-;148.7	78;60904;64842;+;118.9	313;283588;284958;-;65.6	309;278758;281475;-;85.2	316;286604;287464;-;79.0	298;267923;269284;-;69.9	296;263694;266879;-;58.9	69;49159;51285;-;58.0	310;281520;282257;-;57.0	69;49159;51285;-;39.7	A	9/9	split_2	237445	0	1	
NZ_MW911669.1	MPF_F	IncFIB(pNDM-Mar);IncHI1B(pNDM-MAR)	352	0	0	GA	0															not_admitted	not_admitted	not_admitted	not_admitted	not_admitted	not_admitted	not_admitted	not_admitted	not_admitted	not_admitted	1	277;247330;248367;-;282.3	78;59492;60901;+;190.4	77;58465;59502;+;176.7	289;259199;261916;-;148.7	79;60903;64841;+;118.9	293;264029;265399;-;65.6	289;259199;261916;-;85.2	296;267045;267905;-;79.0	278;248364;249725;-;69.9	276;244135;247320;-;58.9	70;49158;51284;-;58.0	290;261961;262698;-;57.0	70;49158;51284;-;39.7	A	9/9	split_2	217887	0	1	
NZ_MW911670.1	MPF_F	IncFIB(pNDM-Mar);IncHI1B(pNDM-MAR);IncR	471	0	0	GA	0															not_admitted	not_admitted	not_admitted	not_admitted	not_admitted	not_admitted	not_admitted	not_admitted	not_admitted	not_admitted	1	396;352435;353472;-;282.3	208;199705;201114;-;190.4	209;201104;202141;-;176.7	408;364304;367021;-;148.7	207;195765;199703;-;118.9	412;369134;370504;-;65.6	408;364304;367021;-;85.2	415;372150;373010;-;79.0	397;353469;354830;-;69.9	395;349240;352425;-;58.9	216;209322;211448;+;58.0	409;367066;367803;-;57.0	216;209322;211448;+;39.7	A	9/9	split_2	176385	0	1	
NZ_MW911671.1	MPF_F	IncFIB(pNDM-Mar);IncHI1B(pNDM-MAR)	385	0	0	GA	0															not_admitted	not_admitted	not_admitted	not_admitted	not_admitted	not_admitted	not_admitted	not_admitted	not_admitted	not_admitted	1	310;280130;281167;-;282.3	78;59492;60901;+;190.4	77;58465;59502;+;176.7	322;291999;294716;-;148.7	79;60903;64841;+;118.9	326;296829;298199;-;65.6	322;291999;294716;-;85.2	329;299845;300705;-;79.0	311;281164;282525;-;69.9	309;276935;280120;-;58.9	70;49158;51284;-;58.0	323;294761;295498;-;57.0	70;49158;51284;-;39.7	A	9/9	split_2	250687	0	1	
NZ_MW940614.1	MPF_F	IncFII	101	0	0	GA	0															not_admitted	not_admitted	not_admitted	not_admitted	not_admitted	not_admitted	not_admitted	not_admitted	not_admitted	not_admitted	1	77;65956;66948;+;369.3	85;71644;73017;+;380.7	81;69680;70423;+;232.7	74;62320;64947;+;303.5	86;73014;75836;+;380.3	70;58981;60408;+;94.3	74;62320;64947;+;100.3	68;57700;58266;+;183.8	78;66957;67595;+;68.3	79;67592;69400;+;268.3	89;77370;79595;+;391.7	73;61289;61804;+;78.0	89;77370;79595;+;70.3	A	9/9	contiguous	19670	1	1	75857..76354+;165;TraS;0
NZ_MW940615.1	MPF_F	IncFIA(HI1);IncHI1A;IncHI1B(R27)	217	0	0	GA	0															not_admitted	not_admitted	not_admitted	not_admitted	not_admitted	not_admitted	not_admitted	not_admitted	not_admitted	not_admitted	1	15;14859;15911;+;277.6	121;111342;112757;-;201.7	122;112747;113793;-;171.3	215;186117;188798;+;160.6	120;107344;111333;-;103.1	211;182411;183769;+;84.0	215;186117;188798;+;76.5	208;179959;180744;+;68.7	13;13206;14714;+;65.6	16;15934;19110;+;58.9	128;120728;122812;+;50.2	214;185158;186108;+;45.2	128;120728;122812;+;36.5	A	9/9	split_3	172911	0	1	
NZ_MW940618.1	MPF_T	IncX1	62	0	0	GA	1	23;21638;22282;-;47.1	22;21364;21654;-;73.5	21;18581;21340;-;44.8	21;18581;21340;-;133.3	21;18581;21340;-;71.9	20;17842;18579;-;57.5	18;16505;17560;-;131.7		17;15593;16315;-;116.0	16;14658;15587;-;133.3	15;13447;14661;-;128.6	14;12392;13429;-;66.4	13;10552;12387;-;543.4		pfam	pfam_only	A	7/7	canonical	1	1	unscoreable	1	0	0														not_admitted	not_admitted	not_admitted	not_admitted	not_admitted	not_admitted	not_admitted
NZ_MW940619.1	MPF_T	IncX1	67	0	0	GA	1	9;9514;10158;-;47.1	8;9240;9530;-;73.5	7;6457;9216;-;44.8	7;6457;9216;-;133.3	7;6457;9216;-;71.9	6;5718;6455;-;57.5	4;4381;5436;-;131.7		3;3469;4191;-;116.0	2;2534;3463;-;133.3	1;1323;2537;-;128.6	0;268;1305;-;66.4	66;55533;57047;-;537.2		pfam	pfam_only	A	7/7	canonical	1	1	unscoreable	1	0	0														not_admitted	not_admitted	not_admitted	not_admitted	not_admitted	not_admitted	not_admitted
NZ_MW940620.1	MPF_T	IncX1	67	0	0	GA	1	27;17285;17929;+;47.1	28;17913;18203;+;73.5	29;18227;20986;+;44.8	29;18227;20986;+;133.3	29;18227;20986;+;71.9	30;20988;21725;+;57.5	32;22007;23062;+;131.7		33;23252;23974;+;116.0	34;23980;24909;+;132.4	35;24906;26120;+;128.6	36;26138;27175;+;66.4	37;27180;29015;+;543.4		pfam	pfam_only	A	7/7	canonical	1	1	unscoreable	1	0	0														not_admitted	not_admitted	not_admitted	not_admitted	not_admitted	not_admitted	not_admitted
NZ_MW940624.1	MPF_T	IncX1	66	0	0	GA	1	58;48358;49002;+;47.1	59;48986;49276;+;73.5	60;49300;52059;+;44.8	60;49300;52059;+;133.3	60;49300;52059;+;71.9	61;52061;52798;+;57.5	63;53080;54135;+;131.7		64;54325;55047;+;116.0	65;55053;55982;+;133.3		0;106;1143;+;66.4	1;1148;2983;+;543.4		pfam	pfam_only	B	6/7	canonical	1	1	unscoreable	1	0	0														not_admitted	not_admitted	not_admitted	not_admitted	not_admitted	not_admitted	not_admitted
NZ_MW940625.1	MPF_F	IncFIA(HI1);IncHI1A;IncHI1B(R27)	217	0	0	GA	0															not_admitted	not_admitted	not_admitted	not_admitted	not_admitted	not_admitted	not_admitted	not_admitted	not_admitted	not_admitted	1	15;14859;15911;+;277.6	121;108659;110074;-;201.7	122;110064;111110;-;171.3	215;183434;186115;+;160.6	120;104661;108650;-;103.1	211;179728;181086;+;84.0	215;183434;186115;+;76.5	208;177276;178061;+;68.7	13;13206;14714;+;65.6	16;15934;19110;+;58.9	128;118045;120129;+;50.2	214;182475;183425;+;45.2	128;118045;120129;+;36.5	A	9/9	split_3	170228	0	1	
NZ_MW940627.1	MPF_F	IncFIA(HI1);IncHI1A;IncHI1B(R27)	215	0	0	GA	0															not_admitted	not_admitted	not_admitted	not_admitted	not_admitted	not_admitted	not_admitted	not_admitted	not_admitted	not_admitted	1	15;14859;15911;+;277.6	119;109391;110806;-;201.7	120;110796;111842;-;171.3	213;184166;186847;+;160.6	118;105393;109382;-;103.1	209;180460;181818;+;84.0	213;184166;186847;+;76.5	206;178008;178793;+;68.7	13;13206;14714;+;65.6	16;15934;19110;+;58.9	126;118777;120861;+;50.2	212;183207;184157;+;45.2	126;118777;120861;+;36.5	A	9/9	split_3	170960	0	1	
NZ_MW940629.1	MPF_T	IncX1	67	0	0	GA	1	52;43605;44249;+;47.1	53;44233;44523;+;73.5	54;44547;47306;+;44.8	54;44547;47306;+;133.3	54;44547;47306;+;71.9	55;47308;48045;+;57.5	57;48327;49382;+;131.7		58;49572;50294;+;116.0	59;50300;51229;+;133.3	60;51226;52440;+;128.6	61;52458;53495;+;66.4	62;53500;55335;+;543.4		pfam	pfam_only	A	7/7	canonical	1	1	unscoreable	1	0	0														not_admitted	not_admitted	not_admitted	not_admitted	not_admitted	not_admitted	not_admitted
NZ_MW999352.1	MPF_T	IncX4	40	0	0	GA	1	9;4513;5133;+;41.6	10;5147;5473;+;64.4	11;5492;8239;+;63.8	11;5492;8239;+;151.8	11;5492;8239;+;46.1	12;8251;8967;+;94.2	13;8979;10073;+;150.1		15;10588;11274;+;169.0	16;11271;12179;+;142.4	17;12172;13290;+;163.9	18;13292;14320;+;85.0	19;14352;16169;+;314.8		pfam	pfam_only	A	7/7	canonical	1	1	unscoreable	1	0	0														not_admitted	not_admitted	not_admitted	not_admitted	not_admitted	not_admitted	not_admitted
NZ_MW999353.1	MPF_T	IncX4	40	0	0	GA	1	9;4513;5133;+;41.6	10;5147;5473;+;64.4	11;5492;8239;+;63.8	11;5492;8239;+;151.8	11;5492;8239;+;46.1	12;8251;8967;+;94.2	13;8979;10073;+;150.1		15;10588;11274;+;169.0	16;11271;12179;+;142.4	17;12172;13290;+;159.8	18;13292;14320;+;85.0	19;14352;16169;+;315.3		pfam	pfam_only	A	7/7	canonical	1	1	unscoreable	1	0	0														not_admitted	not_admitted	not_admitted	not_admitted	not_admitted	not_admitted	not_admitted
NZ_MW999354.1	MPF_T	IncX4	40	0	0	GA	1	9;4513;5133;+;41.6	10;5147;5473;+;64.4	11;5492;8239;+;63.8	11;5492;8239;+;151.8	11;5492;8239;+;46.1	12;8251;8967;+;94.2	13;8979;10073;+;150.1		15;10588;11274;+;169.0	16;11271;12179;+;142.4	17;12172;13290;+;159.8	18;13292;14320;+;85.0	19;14352;16169;+;315.3		pfam	pfam_only	A	7/7	canonical	1	1	unscoreable	1	0	0														not_admitted	not_admitted	not_admitted	not_admitted	not_admitted	not_admitted	not_admitted
NZ_MW999355.1	MPF_T	IncX4	40	0	0	GA	1	9;4513;5133;+;41.6	10;5147;5473;+;64.4	11;5492;8239;+;63.8	11;5492;8239;+;151.8	11;5492;8239;+;46.1	12;8251;8967;+;94.2	13;8979;10073;+;150.1		15;10588;11274;+;169.0	16;11271;12179;+;142.4	17;12172;13290;+;159.8	18;13292;14320;+;85.0	19;14352;16169;+;315.3		pfam	pfam_only	A	7/7	canonical	1	1	unscoreable	1	0	0														not_admitted	not_admitted	not_admitted	not_admitted	not_admitted	not_admitted	not_admitted
NZ_MW999356.1	MPF_T	IncX4	40	0	0	GA	1	9;4513;5133;+;41.6	10;5147;5473;+;64.4	11;5492;8239;+;63.8	11;5492;8239;+;151.8	11;5492;8239;+;46.1	12;8251;8967;+;94.2	13;8979;10073;+;150.1		15;10588;11274;+;169.0	16;11271;12179;+;142.4	17;12172;13290;+;159.8	18;13292;14320;+;85.0	19;14352;16169;+;315.3		pfam	pfam_only	A	7/7	canonical	1	1	unscoreable	1	0	0														not_admitted	not_admitted	not_admitted	not_admitted	not_admitted	not_admitted	not_admitted
NZ_MZ004973.1	MPF_T	IncN2	54	0	0	GA	1	46;38605;39387;-;33.2	44;38062;38358;-;36.0	43;37705;38022;-;71.9	42;35131;37704;-;118.0	42;35131;37704;-;74.2	41;34414;35115;-;98.9	39;33108;34145;-;121.9		38;32194;32889;-;127.6	37;31296;32183;-;142.7	36;30157;31296;-;172.5	35;29105;30106;-;90.1	18;12141;13673;+;46.3		pfam	both	A	7/7	canonical	1	0	unscoreable	2	0	0														not_admitted	not_admitted	not_admitted	not_admitted	not_admitted	not_admitted	not_admitted
NZ_MZ054177.1	MPF_F	IncFII	178	0	0	GA	0															not_admitted	not_admitted	not_admitted	not_admitted	not_admitted	not_admitted	not_admitted	not_admitted	not_admitted	not_admitted	1	50;49408;50400;-;369.3	42;43339;44715;-;380.7	46;45933;46676;-;232.7	53;51409;54036;-;303.5	41;40520;43342;-;380.3	59;55948;57375;-;94.3	53;51409;54036;-;100.3	61;58090;58656;-;183.8	49;48761;49399;-;68.3	48;46956;48764;-;268.3	38;36779;38986;-;391.7	56;54552;55067;-;78.0	38;36779;38986;-;70.3	A	9/9	contiguous	21311	1	1	40002..40499-;165;TraS;0
NZ_MZ062605.1	MPF_T	IncI2(Delta)	77	0	0	GA	1	55;50186;50668;+;81.1		40;34295;34579;+;36.6	41;34585;36942;+;58.5	41;34585;36942;+;44.9	65;56186;56830;-;41.0	66;56836;57831;-;123.9		43;37108;37842;+;144.3	44;37839;38609;+;170.5	45;38599;39738;+;154.7	52;46869;48407;+;207.1	47;40828;42786;+;289.6		pfam	pfam_only	A	7/7	uncallable	0	0	unscoreable	17	0	0														not_admitted	not_admitted	not_admitted	not_admitted	not_admitted	not_admitted	not_admitted
NZ_MZ152087.1	MPF_F	IncHI2;IncHI2A	226	0	0	GA	0															not_admitted	not_admitted	not_admitted	not_admitted	not_admitted	not_admitted	not_admitted	not_admitted	not_admitted	not_admitted	1	39;41448;42506;+;276.9	156;147566;148981;-;194.1	157;148971;150017;-;174.3	23;19195;21876;+;168.3	155;143604;147557;-;101.6	19;15510;16865;+;80.7	23;19195;21876;+;72.2	16;12998;13786;+;74.8	37;39795;41306;+;62.0	40;42525;45713;+;57.3	164;157059;159143;+;56.8	22;18236;19186;+;46.1	164;157059;159143;+;38.8	A	9/9	split_3	144061	1	1	142134..143423-;429;unnamed;0
NZ_MZ152088.1	MPF_F	IncHI2;IncHI2A;IncN	302	0	0	GA	0															not_admitted	not_admitted	not_admitted	not_admitted	not_admitted	not_admitted	not_admitted	not_admitted	not_admitted	not_admitted	1	2;772;1299;-;150.1	125;112341;113756;+;194.1	124;111305;112351;+;174.3	23;21813;24494;-;168.0	126;113765;117718;+;101.6	27;26824;28179;-;80.7	23;21813;24494;-;72.2	30;29903;30691;-;74.8	5;2554;2868;-;58.0	301;264925;267159;-;59.3	117;102179;104263;-;56.8	24;24503;25453;-;46.1	117;102179;104263;-;38.8	A	9/9	split_3	264153	1	1	117899..119188+;429;unnamed;0
NZ_MZ152089.1	MPF_F	IncFIB(AP001918);IncFII	168	0	0	GA	0															not_admitted	not_admitted	not_admitted	not_admitted	not_admitted	not_admitted	not_admitted	not_admitted	not_admitted	not_admitted	1	96;87827;88819;+;369.3	125;120406;121779;-;381.0	130;123369;124112;-;235.0	93;84191;86818;+;304.6	124;117587;120409;-;389.2	87;80612;82039;+;94.3	93;84191;86818;+;99.2	85;79331;79897;+;183.8	133;126194;126832;-;68.6	132;124389;126197;-;268.0	118;111923;113290;-;256.6	91;83160;83675;+;78.4	118;111923;113290;-;71.4	A	9/9	split_2	46863	1	1	117069..117566-;165;TraS;0
NZ_MZ152090.1	MPF_F	IncHI2;IncHI2A	193	0	0	GA	0															not_admitted	not_admitted	not_admitted	not_admitted	not_admitted	not_admitted	not_admitted	not_admitted	not_admitted	not_admitted	1	95;92309;93367;+;276.9			79;70056;72737;+;168.0	48;38129;41425;-;68.5	75;66371;67726;+;80.7	79;70056;72737;+;72.2	72;63859;64647;+;74.8	93;90656;92167;+;62.0	96;93386;96574;+;57.3		78;69097;70047;+;46.1		C	7/9	split_3	55257	1	1	36659..37948-;429;unnamed;0
NZ_MZ152091.1	MPF_F	IncHI2;IncHI2A	202	0	0	GA	0															not_admitted	not_admitted	not_admitted	not_admitted	not_admitted	not_admitted	not_admitted	not_admitted	not_admitted	not_admitted	1	103;86241;87299;-;276.9			119;106871;109552;-;168.0	170;153647;156943;-;68.5	123;111882;113237;-;80.7	119;106871;109552;-;72.2	126;114961;115749;-;74.8	105;87441;88952;-;62.0	102;83034;86222;-;57.3		120;109561;110511;-;46.1		C	7/9	split_2	70613	1	1	152177..153265-;362;unnamed;0
NZ_MZ152092.1	MPF_F	IncHI2;IncHI2A;IncQ1	250	0	0	GA	0															not_admitted	not_admitted	not_admitted	not_admitted	not_admitted	not_admitted	not_admitted	not_admitted	not_admitted	not_admitted	1	237;216408;217466;-;276.9	94;88288;89703;+;194.1	93;87252;88298;+;174.3	2;6238;8919;-;168.3	95;89712;93665;+;101.6	6;11249;12604;-;80.7	2;6238;8919;-;72.2	9;14328;15116;-;74.8	239;217608;219119;-;62.0	236;213201;216389;-;57.3	86;78126;80210;-;56.8	3;8928;9878;-;46.1	86;78126;80210;-;38.8	A	9/9	split_3	211370	1	1	93846..95135+;429;unnamed;0
NZ_MZ152093.1	MPF_F	IncHI2;IncHI2A;IncQ1	254	0	0	GA	0															not_admitted	not_admitted	not_admitted	not_admitted	not_admitted	not_admitted	not_admitted	not_admitted	not_admitted	not_admitted	1	147;128141;129199;-;276.9	0;19;1434;+;194.1		163;148771;151452;-;168.3	3;2419;3003;+;57.7	167;153782;155137;-;80.7	163;148771;151452;-;72.2	170;156861;157649;-;74.8	149;129341;130852;-;62.0	146;124934;128122;-;57.3	247;220659;222743;-;56.8	164;151461;152411;-;46.1	247;220659;222743;-;38.8	B	8/9	split_3	220640	1	1	3000..3314+;104;unnamed;0
NZ_MZ152094.1	MPF_F	IncHI2;IncHI2A;IncQ1	248	0	0	GA	0															not_admitted	not_admitted	not_admitted	not_admitted	not_admitted	not_admitted	not_admitted	not_admitted	not_admitted	not_admitted	1	19;20541;21599;-;276.9	150;142961;144376;-;194.1	151;144366;145412;-;174.3	35;41171;43852;-;168.3	149;138999;142952;-;101.6	39;46182;47537;-;80.7	35;41171;43852;-;72.2	42;49261;50049;-;74.8	21;21741;23252;-;62.0	18;17334;20522;-;57.3	158;152454;154538;+;56.8	36;43861;44811;-;46.1	158;152454;154538;+;38.8	A	9/9	split_2	135120	1	1	137529..138818-;429;unnamed;0
NZ_MZ156797.1	MPF_F	IncFIB(K);IncFII(pKP91)	212	0	0	GA	0															not_admitted	not_admitted	not_admitted	not_admitted	not_admitted	not_admitted	not_admitted	not_admitted	not_admitted	not_admitted	1	183;164779;165768;-;361.7	171;157594;158961;-;382.9	175;160219;160971;-;232.7	10;6547;8037;-;259.3	170;154751;157594;-;344.5	18;11422;12573;-;90.0	187;167225;169864;-;89.1	21;13566;14132;-;169.3	181;163856;164503;-;65.9	179;161843;163363;-;260.5	167;151288;152814;-;341.4	17;10765;11349;-;54.4	167;151288;152814;-;55.1	A	9/9	split_2	160678	1	1	154216..154740-;174;unnamed;0
NZ_MZ156798.1	MPF_F	IncFIB(K);IncFII(K);IncFII(pAR0022);IncFII(pHN7A8)	404	0	0	GA	0															not_admitted	not_admitted	not_admitted	not_admitted	not_admitted	not_admitted	not_admitted	not_admitted	not_admitted	not_admitted	1	177;181346;182335;-;363.3	166;174160;175527;-;384.1	170;176785;177537;-;233.7	181;183792;186431;-;259.0	165;171338;174160;-;346.4	191;190399;191823;-;89.5	181;183792;186431;-;88.7	193;192550;193116;-;167.0	175;180423;181070;-;65.9	174;178409;180364;-;259.4	161;166409;168721;-;393.1	189;189203;189787;-;53.8	161;166409;168721;-;66.6	A	9/9	contiguous	26141	1	1	170713..171315-;200;TraS;0
NZ_MZ156799.1	MPF_T	IncHI2;IncHI2A;IncN	531	1	1	GA	1	265;224467;225201;+;32.5		268;225844;226161;+;63.3	269;226161;228761;+;113.8	269;226161;228761;+;76.4	270;228779;229492;+;105.5	272;229743;230783;+;142.4		273;231002;231700;+;131.9	274;231711;232595;+;159.7	275;232595;233755;+;156.3	276;233797;234792;+;81.2	302;256809;258338;-;38.5	24;21499;24687;+;58.3	pfam	both	A	7/7	canonical	1	0	unscoreable	3	0	1	22;20423;21229;+;210.7	197;169285;170700;+;194.1	196;168249;169295;+;173.7	458;388577;391258;+;168.0	198;170709;174659;+;101.6	275;232595;233755;+;156.3	458;388577;391258;+;72.2	451;382654;383166;+;71.5	20;18770;20281;+;62.7	24;21499;24687;+;58.3	302;256809;258338;-;269.2	457;387618;388568;+;46.4	302;256809;258338;-;69.1	A	9/9	split_5	369807	0	1	
NZ_MZ156800.1	MPF_F	IncFII(pECLA);repE(pEh60-7)	227	0	0	GA	0															not_admitted	not_admitted	not_admitted	not_admitted	not_admitted	not_admitted	not_admitted	not_admitted	not_admitted	not_admitted	1	153;126946;127941;-;363.9	145;120751;122115;-;357.9	150;123701;124483;-;218.4	161;130881;133490;-;223.7	144;117431;120751;-;309.7	167;135490;136893;-;92.3	161;130881;133490;-;102.2	169;137642;138223;-;100.6	152;126312;126935;-;63.3	151;124480;126315;-;222.3	139;112257;114854;-;363.1	163;133669;134223;-;44.3	139;112257;114854;-;71.2	A	9/9	contiguous	25385	1	1	116822..117418-;198;unnamed;0
NZ_MZ156801.1	MPF_T	IncX3	84	0	0	GA	1	73;56481;57125;+;46.4	7;3075;3365;+;73.1	8;3390;6143;+;47.0	76;58022;58930;+;145.5	8;3390;6143;+;73.3	9;6153;6749;+;45.8	10;7204;8259;+;133.2		11;8454;9182;+;119.4	12;9188;10117;+;138.8	13;10114;11328;+;128.3	15;11524;12558;+;65.7	16;12561;14396;+;495.9		pfam	pfam_only	A	7/7	rearranged	1	0	unscoreable	8	0	0														not_admitted	not_admitted	not_admitted	not_admitted	not_admitted	not_admitted	not_admitted
NZ_MZ156802.1	MPF_F	IncHI2;IncHI2A	406	0	0	GA	0															not_admitted	not_admitted	not_admitted	not_admitted	not_admitted	not_admitted	not_admitted	not_admitted	not_admitted	not_admitted	1	141;120484;121542;+;276.9	320;274406;275821;-;193.5	321;275811;276857;-;173.7	123;97162;99843;+;168.0	319;270447;274397;-;101.6	119;93477;94832;+;80.7	123;97162;99843;+;72.2	116;91239;91751;+;71.5	139;118831;120342;+;62.7	142;121561;124749;+;58.3	328;285367;287451;+;56.7	122;96203;97153;+;46.4	328;285367;287451;+;38.8	A	9/9	split_3	194128	0	1	
NZ_MZ156803.1	MPF_T	IncX3	58	0	0	GA	1	15;9553;10197;+;46.4	16;10181;10471;+;73.1	17;10496;13249;+;47.0	17;10496;13249;+;142.4	17;10496;13249;+;73.3	18;13259;14029;+;60.1	20;14308;15363;+;133.2		21;15558;16286;+;119.4	22;16292;17221;+;138.8	23;17218;18432;+;128.3		27;19667;21502;+;495.9		pfam	pfam_only	B	6/7	canonical	1	1	unscoreable	4	0	0														not_admitted	not_admitted	not_admitted	not_admitted	not_admitted	not_admitted	not_admitted
NZ_MZ270636.1	MPF_T	IncX3	58	0	0	GA	1	4;3101;3745;+;46.4	5;3729;4019;+;73.1	6;4044;6797;+;47.0	6;4044;6797;+;142.4	6;4044;6797;+;73.3	7;6807;7577;+;60.1	9;7856;8911;+;133.2		10;9106;9834;+;119.4	11;9840;10769;+;138.8	12;10766;11980;+;128.3	14;12176;13210;+;65.7	15;13213;15048;+;495.9		pfam	pfam_only	A	7/7	canonical	1	1	unscoreable	2	0	0														not_admitted	not_admitted	not_admitted	not_admitted	not_admitted	not_admitted	not_admitted
NZ_MZ277864.1	MPF_T	IncI2(Delta)	73	0	0	GA	1	37;32911;33393;-;81.1		52;49000;49284;-;36.6	51;46637;48994;-;58.5	51;46637;48994;-;44.9	61;54096;54740;-;41.0	62;54746;55741;-;123.9		49;45737;46471;-;144.3	48;44970;45740;-;170.5	47;43841;44980;-;154.7	40;35172;36710;-;207.1	45;40793;42751;-;289.6		pfam	pfam_only	A	7/7	rearranged	1	0	unscoreable	14	0	0														not_admitted	not_admitted	not_admitted	not_admitted	not_admitted	not_admitted	not_admitted
NZ_MZ342958.1	MPF_F	IncFII(pHN7A8)	100	0	0	GA	0															not_admitted	not_admitted	not_admitted	not_admitted	not_admitted	not_admitted	not_admitted	not_admitted	not_admitted	not_admitted	1	73;61045;62037;+;369.5	86;68870;70243;+;376.8	81;66561;67304;+;234.4	70;57409;60036;+;301.8	87;70240;73056;+;376.7	65;53927;55354;+;94.1	70;57409;60036;+;101.8	63;52646;53212;+;183.8	76;62983;63621;+;70.4	79;64434;66284;+;265.0	91;75357;77573;+;391.7	69;56378;56893;+;78.0	91;75357;77573;+;70.3	A	9/9	contiguous	22711	1	1	73089..73610+;173;unnamed;0
NZ_MZ363820.1	MPF_T	IncX3	57	0	0	GA	1	28;18766;19410;+;46.4	29;19394;19684;+;73.1	30;19709;22462;+;47.0	30;19709;22462;+;142.4	30;19709;22462;+;73.3	31;22472;23242;+;60.1	33;23521;24576;+;133.2		34;24771;25499;+;119.4	35;25505;26434;+;138.8	36;26431;27645;+;128.3	38;27841;28875;+;65.7	39;28878;30713;+;495.9		pfam	pfam_only	A	7/7	canonical	1	1	unscoreable	2	0	0														not_admitted	not_admitted	not_admitted	not_admitted	not_admitted	not_admitted	not_admitted
NZ_MZ367885.1	MPF_F	Col156;IncFIA;IncFII(pSE11)	133	0	0	GA	0															not_admitted	not_admitted	not_admitted	not_admitted	not_admitted	not_admitted	not_admitted	not_admitted	not_admitted	not_admitted	1	119;110343;111335;+;369.3	129;116742;118115;+;376.8	123;114064;114807;+;233.3	116;106707;109334;+;306.8	130;118112;120934;+;389.2	111;103369;104796;+;94.1	116;106707;109334;+;99.5	109;102088;102654;+;183.8	120;111344;111982;+;68.7	121;111979;113787;+;267.6	0;106;2304;+;391.7	114;105677;106192;+;78.4	0;106;2304;+;70.3	A	9/9	split_2	118006	1	1	120955..121452+;165;TraS;0
NZ_MZ367886.1	MPF_F	IncFIA;IncFIB(AP001918);IncFIC(FII)	169	0	0	GA	0															not_admitted	not_admitted	not_admitted	not_admitted	not_admitted	not_admitted	not_admitted	not_admitted	not_admitted	not_admitted	1	94;89795;90787;+;369.3	105;96473;97846;+;378.0	98;93516;94259;+;234.5	91;86159;88786;+;305.4	106;97843;100665;+;389.5	85;82677;84104;+;94.3	91;86159;88786;+;98.5	83;81396;81962;+;182.9	95;90796;91434;+;68.4	96;91431;93239;+;268.4	109;102194;104347;+;391.9	89;85128;85643;+;78.4	109;102194;104347;+;70.4	A	9/9	contiguous	20798	1	1	100687..101178+;163;TraS;0
NZ_MZ375739.1	MPF_T	IncX1	67	0	0	GA	1	26;26245;26889;-;47.1	25;25971;26261;-;73.5	24;23188;25947;-;44.8	24;23188;25947;-;133.3	24;23188;25947;-;71.9	23;22449;23186;-;57.5	21;21112;22167;-;131.7		20;20200;20922;-;116.0	19;19265;20194;-;133.3	18;18054;19268;-;128.6	17;16999;18036;-;66.4	16;15159;16994;-;543.4		pfam	pfam_only	A	7/7	canonical	1	1	unscoreable	1	0	0														not_admitted	not_admitted	not_admitted	not_admitted	not_admitted	not_admitted	not_admitted
NZ_MZ398018.1	MPF_F	IncFIB(K);IncFII(K)	211	0	0	GA	0															not_admitted	not_admitted	not_admitted	not_admitted	not_admitted	not_admitted	not_admitted	not_admitted	not_admitted	not_admitted	1	185;167187;168176;+;363.3	196;173995;175362;+;382.2	192;171985;172737;+;236.4	181;163091;165730;+;259.0	197;175362;178211;+;342.9	170;157700;159124;+;88.8	181;163091;165730;+;87.6	168;156407;156973;+;167.9	187;168452;169099;+;65.9	188;169158;171113;+;259.5	201;180023;182332;+;392.8	173;159736;160320;+;53.8	201;180023;182332;+;65.8	A	9/9	contiguous	23616	1	1	178214..178744+;176;unnamed;0
NZ_MZ419555.1	MPF_F	IncHI2;IncHI2A;IncQ1	317	0	0	GA	0															not_admitted	not_admitted	not_admitted	not_admitted	not_admitted	not_admitted	not_admitted	not_admitted	not_admitted	not_admitted	1	30;34029;35087;+;276.9	233;215164;216579;-;194.1	234;216569;217615;-;174.3	12;10216;12897;+;168.0	232;211202;215155;-;101.6	8;6531;7886;+;80.7	12;10216;12897;+;72.2	5;4019;4807;+;74.8	28;32376;33887;+;62.0	31;35106;38294;+;57.3	241;224657;226741;+;56.8	11;9257;10207;+;46.1	241;224657;226741;+;38.8	A	9/9	split_3	220638	1	1	209732..211021-;429;unnamed;0
NZ_MZ465528.1	MPF_F	IncC	207	0	0	GA	0															not_admitted	not_admitted	not_admitted	not_admitted	not_admitted	not_admitted	not_admitted	not_admitted	not_admitted	not_admitted	1	97;75048;76055;+;332.9	196;164386;165819;+;339.2	195;163356;164384;+;221.7	92;69849;72296;+;354.5	197;165832;169446;+;375.3	87;60977;62293;+;135.0	92;69849;72296;+;128.3	85;59453;60079;+;92.7	95;73118;74383;+;67.9	98;76171;78969;+;145.3	76;53778;55643;+;47.3	88;62290;62868;+;100.2	76;53778;55643;+;52.0	A	9/9	split_2	112054	0	1	
NZ_MZ465529.1	MPF_F	IncC	241	0	0	GA	0															not_admitted	not_admitted	not_admitted	not_admitted	not_admitted	not_admitted	not_admitted	not_admitted	not_admitted	not_admitted	1	100;75048;76055;+;332.9	230;177907;179340;+;339.2	229;176865;177905;+;221.6	95;69849;72296;+;354.5	231;179353;182967;+;375.3	90;60977;62293;+;135.0	95;69849;72296;+;128.3	88;59453;60079;+;92.7	98;73118;74383;+;67.9	101;76171;78969;+;145.3	79;53778;55643;+;47.3	91;62290;62868;+;100.2	79;53778;55643;+;52.0	A	9/9	split_2	125575	0	1	
NZ_MZ465530.1	MPF_F	IncFIB(pNDM-Mar)	277	0	0	GA	0															not_admitted	not_admitted	not_admitted	not_admitted	not_admitted	not_admitted	not_admitted	not_admitted	not_admitted	not_admitted	1	202;171578;172615;-;282.3	138;107987;109396;-;190.4	139;109386;110423;-;175.6	218;183436;186153;-;149.6	137;104017;107985;-;121.3	222;188266;189636;-;65.8	218;183436;186153;-;85.2	225;191282;192142;-;79.0	203;172612;173973;-;69.9	201;168386;171568;-;60.1	146;117622;119748;+;58.0	219;186198;186935;-;56.9	146;117622;119748;+;40.6	A	9/9	split_2	87265	0	1	
NZ_MZ465531.1	MPF_F	IncFIB(pNDM-Mar);IncHI1B(pNDM-MAR)	336	0	0	GA	0															not_admitted	not_admitted	not_admitted	not_admitted	not_admitted	not_admitted	not_admitted	not_admitted	not_admitted	not_admitted	1	263;235383;236420;-;282.3	151;124322;125731;+;190.4	150;123295;124332;+;175.6	275;247253;249970;-;149.6	152;125733;129701;+;121.3	279;252083;253453;-;65.8	275;247253;249970;-;85.2	282;255099;255959;-;79.0	264;236417;237778;-;69.9	262;232191;235373;-;60.1	143;113970;116096;-;58.0	276;250015;250752;-;56.9	143;113970;116096;-;40.6	A	9/9	split_2	141129	0	1	
NZ_MZ465532.1	MPF_F	IncC	203	0	0	GA	0															not_admitted	not_admitted	not_admitted	not_admitted	not_admitted	not_admitted	not_admitted	not_admitted	not_admitted	not_admitted	1	91;68691;69698;+;331.1	101;78659;80092;-;339.3	102;80094;81134;-;223.5	86;63492;65939;+;354.2	100;75032;78646;-;374.6	80;52703;54019;+;135.0	86;63492;65939;+;128.3	78;51179;51805;+;91.8	89;66761;68026;+;68.0	194;151788;154037;-;139.0	69;45504;47369;+;47.4	81;54016;54594;+;100.2	69;45504;47369;+;52.0	A	9/9	split_2	106284	0	1	
NZ_MZ465534.1	MPF_F	IncA	236	0	0	GA	0															not_admitted	not_admitted	not_admitted	not_admitted	not_admitted	not_admitted	not_admitted	not_admitted	not_admitted	not_admitted	1	93;65733;66737;+;330.1	225;180337;181770;+;336.4	224;179307;180335;+;223.9	88;60528;62975;+;350.7	226;181783;185388;+;377.7	83;51701;53017;+;136.3	88;60528;62975;+;130.4	81;50177;50803;+;93.9	91;63797;65065;+;69.7	94;66888;69626;+;138.7	72;44522;46387;+;46.9	84;53014;53592;+;98.1	72;44522;46387;+;51.6	A	9/9	split_2	137261	0	1	
NZ_MZ475695.1	MPF_F	IncFIB(K);IncFII(K);IncFII(pAR0022)	148	0	0	GA	0															not_admitted	not_admitted	not_admitted	not_admitted	not_admitted	not_admitted	not_admitted	not_admitted	not_admitted	not_admitted	1	127;119741;120730;+;363.3	138;126549;127916;+;384.0	134;124539;125291;+;233.7	123;115645;118284;+;259.0	139;127916;130738;+;346.4	113;110253;111677;+;89.5	123;115645;118284;+;88.7	111;108960;109526;+;167.0	129;121006;121653;+;65.9	130;121712;123667;+;259.4	143;133355;135667;+;393.1	115;112289;112873;+;53.8	143;133355;135667;+;66.6	A	9/9	contiguous	24395	1	1	130761..131363+;200;TraS;0
NZ_MZ475696.1	MPF_F	IncFII(K)	141	0	0	GA	0															not_admitted	not_admitted	not_admitted	not_admitted	not_admitted	not_admitted	not_admitted	not_admitted	not_admitted	not_admitted	1	96;91633;92622;-;366.6	86;84719;86086;-;384.0	90;87344;88096;-;233.7	100;94079;96718;-;258.5	85;81870;84719;-;346.4	107;99545;100969;-;89.3	100;94079;96718;-;88.7	109;101696;102262;-;169.3	95;90982;91620;-;66.9	94;88968;90923;-;259.4	81;77126;79408;-;393.2	106;98889;99473;-;54.7	81;77126;79408;-;65.8	A	9/9	contiguous	24570	1	1	81334..81867-;177;unnamed;0
NZ_MZ475698.1	MPF_F	IncFII(K);IncR	135	0	0	GA	0															not_admitted	not_admitted	not_admitted	not_admitted	not_admitted	not_admitted	not_admitted	not_admitted	not_admitted	not_admitted	1	25;26351;27340;-;366.6	15;19437;20804;-;384.0	19;22062;22814;-;233.7	29;28797;31436;-;258.5	14;16588;19437;-;346.4	36;34263;35687;-;89.3	29;28797;31436;-;88.7	38;36414;36980;-;169.3	24;25700;26338;-;66.9	23;23686;25641;-;259.4	10;11844;14126;-;393.2	35;33607;34191;-;54.7	10;11844;14126;-;65.8	A	9/9	contiguous	24570	1	1	16052..16585-;177;unnamed;0
NZ_MZ475699.1	MPF_F	IncFIB(K);IncFII(K);IncFII(pAR0022);repB(R1701)	342	0	0	GA	0															not_admitted	not_admitted	not_admitted	not_admitted	not_admitted	not_admitted	not_admitted	not_admitted	not_admitted	not_admitted	1	183;162477;163466;+;366.6	193;169013;170380;+;384.0	189;167003;167755;+;233.7	322;296977;299616;+;259.0	338;309248;312070;+;346.4	312;291585;293009;+;89.5	322;296977;299616;+;88.7	170;152485;153051;+;169.3	184;163479;164117;+;66.9	185;164176;166131;+;259.7	198;175691;178003;+;393.1	314;293621;294205;+;53.8	1;1047;3359;+;66.6	A	9/9	split_3	308201	1	1	312093..312695+;200;TraS;0
NZ_MZ475702.1	MPF_F	IncFII(K);IncR	130	0	0	GA	0															not_admitted	not_admitted	not_admitted	not_admitted	not_admitted	not_admitted	not_admitted	not_admitted	not_admitted	not_admitted	1	106;84126;85115;+;366.6	116;90662;92029;+;384.0	112;88652;89404;+;233.7	102;80030;82669;+;258.5	117;92029;94878;+;346.4	95;75779;77203;+;89.3	102;80030;82669;+;88.7	93;74486;75052;+;169.3	107;85128;85766;+;66.9	108;85825;87780;+;259.4	121;97340;99622;+;393.2	96;77275;77859;+;54.7	121;97340;99622;+;65.8	A	9/9	contiguous	22854	1	1	94881..95414+;177;unnamed;0
NZ_MZ475704.1	MPF_F	IncFIB(pKPHS1);repFIB;repHI5B	285	0	0	GA	0															not_admitted	not_admitted	not_admitted	not_admitted	not_admitted	not_admitted	not_admitted	not_admitted	not_admitted	not_admitted	1	31;29161;30198;-;282.2			42;41067;43784;-;143.5		46;45907;47274;-;63.7	42;41067;43784;-;80.6	49;48929;49789;-;73.9	32;30195;31556;-;71.7	30;25970;29146;-;58.7		43;43833;44570;-;56.3		C	6/9	contiguous	22959	0	1	
NZ_MZ475705.1	MPF_F	IncFIB(pKPHS1);repFIB;repHI5B	285	0	0	GA	0															not_admitted	not_admitted	not_admitted	not_admitted	not_admitted	not_admitted	not_admitted	not_admitted	not_admitted	not_admitted	1	26;28884;29921;+;282.2			15;15298;18015;+;143.5		11;11808;13175;+;63.7	15;15298;18015;+;80.6	8;9293;10153;+;73.9	25;27526;28887;+;71.7	27;29936;33112;+;58.7		14;14512;15249;+;56.3		C	6/9	contiguous	20643	0	1	
NZ_MZ475706.1	MPF_F	repB(R1701)	185	0	0	GA	0															not_admitted	not_admitted	not_admitted	not_admitted	not_admitted	not_admitted	not_admitted	not_admitted	not_admitted	not_admitted	1	16;20463;21452;-;366.6	6;13549;14916;-;384.0	10;16174;16926;-;233.7	20;22895;25534;-;258.5	5;10700;13549;-;346.4	27;28727;30151;-;89.2	20;22895;25534;-;88.2	29;30878;31444;-;169.3	15;19812;20450;-;66.9	14;17798;19753;-;259.7	1;5926;8238;-;393.1	26;28029;28613;-;53.6	1;5926;8238;-;66.6	A	9/9	contiguous	24952	1	1	10164..10697-;177;unnamed;0
NZ_MZ475708.1	MPF_F	IncFIB(K);IncFII(K);IncFII(pAR0022)	144	0	0	GA	0															not_admitted	not_admitted	not_admitted	not_admitted	not_admitted	not_admitted	not_admitted	not_admitted	not_admitted	not_admitted	1	15;12668;13657;-;363.3	4;5482;6849;-;384.1	8;8107;8859;-;233.7	19;15114;17753;-;259.0	3;2660;5482;-;346.4	29;21721;23145;-;89.5	19;15114;17753;-;88.7	31;23872;24438;-;167.0	13;11745;12392;-;65.9	12;9731;11686;-;259.4	143;136546;138654;-;393.4	27;20525;21109;-;53.8	143;136546;138654;-;66.8	A	9/9	split_2	133886	1	1	2035..2637-;200;TraS;0
NZ_MZ475710.1	MPF_F	IncFII(K);IncR	133	0	0	GA	0															not_admitted	not_admitted	not_admitted	not_admitted	not_admitted	not_admitted	not_admitted	not_admitted	not_admitted	not_admitted	1	108;85612;86601;+;366.6	118;92148;93515;+;384.0	114;90138;90890;+;233.7	104;81516;84155;+;258.5	119;93515;96364;+;346.4	97;77265;78689;+;89.3	104;81516;84155;+;88.7	95;75972;76538;+;169.3	109;86614;87252;+;66.9	110;87311;89266;+;259.4	123;98826;101108;+;393.2	98;78761;79345;+;54.7	123;98826;101108;+;65.8	A	9/9	contiguous	22854	1	1	96367..96900+;177;unnamed;0
NZ_MZ496295.1	-	-	52	0	0	GA	1	8;8540;8848;+;72.0	9;8861;9172;+;40.6	10;9172;9441;+;36.7	11;9434;11776;+;38.7	11;9434;11776;+;45.2										none	none	D	1/7	uncallable	0	0	unscoreable	0	0	0														not_admitted	not_admitted	not_admitted	not_admitted	not_admitted	not_admitted	not_admitted
NZ_MZ496297.1	-	-	250	0	0	GA	0															not_admitted	not_admitted	not_admitted	not_admitted	not_admitted	not_admitted	not_admitted	not_admitted	not_admitted	not_admitted	1	186;178969;179982;+;353.3	190;182995;184380;+;273.1	189;182289;183008;+;142.2	183;175378;177969;+;202.3	191;184373;187039;+;241.9	181;173648;175033;+;79.6	183;175378;177969;+;84.5	179;172376;172942;+;89.3	187;179993;180574;+;83.8	188;180571;182292;+;214.4	192;187023;188846;+;363.5		192;187023;188846;+;77.2	B	8/9	contiguous	14647	1	1	187023..188846+;607;unnamed;0
NZ_MZ513635.1	MPF_T	IncU;IncX3	108	0	0	GA	1	15;9349;9993;+;46.4	16;9977;10267;+;74.0		17;10370;13045;+;147.9	17;10370;13045;+;75.8	18;13056;13826;+;60.8	20;14105;15160;+;134.9		21;15355;16083;+;118.1	22;16116;17018;+;140.0	23;17015;18217;+;128.4	24;18229;19260;+;65.4	26;19450;21285;+;467.6		pfam	pfam_only	A	7/7	canonical	1	0	unscoreable	2	0	0														not_admitted	not_admitted	not_admitted	not_admitted	not_admitted	not_admitted	not_admitted
NZ_MZ532978.1	MPF_F	IncU;repFIB;repHI5B	414	0	0	GA	0															not_admitted	not_admitted	not_admitted	not_admitted	not_admitted	not_admitted	not_admitted	not_admitted	not_admitted	not_admitted	1	55;49030;50067;-;282.2	268;238230;239672;+;188.4	267;237236;238273;+;172.4	66;60936;63653;-;143.5	269;239647;243612;+;117.7	70;65776;67143;-;63.7	66;60936;63653;-;80.6	73;68798;69658;-;73.9	56;50064;51425;-;71.7	54;45839;49015;-;58.7	260;227881;230007;-;62.0	67;63702;64439;-;56.3	260;227881;230007;-;39.7	A	9/9	split_2	193808	0	1	
NZ_MZ532980.1	MPF_F	IncFIB(K);IncFII(pKP91);repFIB;repHI5B	630	0	0	GA	0															not_admitted	not_admitted	not_admitted	not_admitted	not_admitted	not_admitted	not_admitted	not_admitted	not_admitted	not_admitted	1	567;535546;536535;-;363.3	556;528330;529697;-;383.5	560;530955;531707;-;233.7	572;539093;540631;-;260.9	555;525508;528330;-;346.5	583;544599;546023;-;88.0	409;379784;382501;+;80.6	585;546750;547316;-;167.9	419;392012;393373;+;71.7	564;532579;534564;-;254.0	551;520610;522892;-;393.3	408;378998;379735;+;56.3	551;520610;522892;-;65.8	A	9/9	split_2	167752	1	1	524883..525485-;200;TraS;0
NZ_MZ532981.1	MPF_F	IncFII(Yp);IncU;repB(R1701)	126	0	0	GA	0															not_admitted	not_admitted	not_admitted	not_admitted	not_admitted	not_admitted	not_admitted	not_admitted	not_admitted	not_admitted	1	101;91836;92828;+;372.3	112;98862;100232;+;383.1	109;97341;98093;+;222.2	98;88171;90810;+;254.8	113;100232;103087;+;333.3	90;83559;84980;+;86.6	98;88171;90810;+;88.2	88;82272;82838;+;159.4	102;92841;93488;+;68.8	104;93865;95820;+;254.7	116;104832;107150;+;390.7	92;85441;86025;+;55.9	116;104832;107150;+;66.8	A	9/9	contiguous	22560	1	1	103104..103775+;223;unnamed;0
NZ_MZ546615.1	MPF_F	IncFII(pHN7A8);IncR	166	0	0	GA	0															not_admitted	not_admitted	not_admitted	not_admitted	not_admitted	not_admitted	not_admitted	not_admitted	not_admitted	not_admitted	1	63;49409;50401;+;369.5			60;45773;48400;+;301.8		55;42291;43718;+;94.1	60;45773;48400;+;101.8	53;41010;41576;+;183.8	66;51347;51877;+;68.4		60;45773;48400;+;20.8	59;44742;45257;+;77.6		D	5/9	contiguous	10337	0	0	
NZ_MZ546616.1	MPF_F	IncC	174	0	0	GA	0															not_admitted	not_admitted	not_admitted	not_admitted	not_admitted	not_admitted	not_admitted	not_admitted	not_admitted	not_admitted	1	95;71350;72357;+;332.9	163;129070;130503;+;339.2	162;128040;129068;+;221.7	90;66122;68569;+;354.2	164;130516;134130;+;375.3	80;52812;54128;+;135.0	90;66122;68569;+;128.6	78;51288;51914;+;92.1	93;69391;70578;+;65.0	96;72473;75268;+;145.3	69;45613;47478;+;47.4	81;54125;54703;+;100.2	69;45613;47478;+;52.0	A	9/9	split_2	84903	0	1	
NZ_MZ606383.1	MPF_F	IncC	172	0	0	GA	0															not_admitted	not_admitted	not_admitted	not_admitted	not_admitted	not_admitted	not_admitted	not_admitted	not_admitted	not_admitted	1	146;116590;117597;+;332.9	36;31492;32925;+;339.2	35;30462;31490;+;221.7	141;111391;113838;+;354.2	37;32938;36552;+;375.3	128;95540;96856;+;135.0	141;111391;113838;+;128.6	126;94016;94642;+;92.1	144;114660;115925;+;67.6	147;117713;120508;+;145.3	117;88341;90206;+;47.4	129;96853;97431;+;100.2	117;88341;90206;+;52.0	A	9/9	split_2	87251	0	1	
NZ_MZ606384.2	MPF_F	IncC	173	0	0	GA	0															not_admitted	not_admitted	not_admitted	not_admitted	not_admitted	not_admitted	not_admitted	not_admitted	not_admitted	not_admitted	1	162;126383;127390;-;332.9	98;70922;72355;-;339.2	99;72357;73385;-;221.7	167;130142;132589;-;354.2	97;67295;70909;-;375.3	6;6991;8307;-;135.0	167;130142;132589;-;128.6	8;9205;9831;-;92.1	164;128055;129320;-;67.6	161;123472;126267;-;145.3	17;13641;15506;-;47.4	5;6416;6994;-;100.2	17;13641;15506;-;52.0	A	9/9	split_3	123726	0	1	
NZ_MZ634323.1	MPF_F	IncFIA;IncFII	144	0	0	GA	0															not_admitted	not_admitted	not_admitted	not_admitted	not_admitted	not_admitted	not_admitted	not_admitted	not_admitted	not_admitted	1	15;15230;16222;-;369.5			124;107261;109891;+;300.9		118;103681;105108;+;93.9	124;107261;109891;+;101.1	116;102400;102966;+;182.7	13;14248;14886;-;68.6		124;107261;109891;+;20.8	122;106230;106745;+;76.0		D	5/9	split_2	93013	0	0	
NZ_MZ634325.1	MPF_F	IncFIA;IncFII	159	0	0	GA	0															not_admitted	not_admitted	not_admitted	not_admitted	not_admitted	not_admitted	not_admitted	not_admitted	not_admitted	not_admitted	1		143;124864;126237;+;381.7	138;122191;122934;+;234.4	125;108483;111113;+;300.9	144;126234;129056;+;374.0	119;104903;106330;+;93.9	125;108483;111113;+;101.1	117;103622;104188;+;182.7	135;119429;120067;+;68.6	136;120064;121914;+;266.1	148;131328;133526;+;391.2	123;107452;107967;+;76.0	148;131328;133526;+;70.3	B	8/9	contiguous	27706	1	1	129078..129557+;159;TraS;0
NZ_MZ643942.1	MPF_T	IncN	62	0	0	GA	1	15;12859;13593;+;32.5		18;14236;14553;+;63.3	19;14553;17153;+;113.8	19;14553;17153;+;76.4	20;17171;17884;+;105.5	22;18135;19175;+;142.4		23;19394;20092;+;131.9	24;20103;20987;+;159.7	25;20987;22147;+;156.3	26;22189;23184;+;81.2	39;34016;35545;-;38.5		pfam	both	A	7/7	canonical	1	0	unscoreable	3	0	0														not_admitted	not_admitted	not_admitted	not_admitted	not_admitted	not_admitted	not_admitted
NZ_MZ666125.1	MPF_T	IncX4	42	0	0	GA	1	24;16396;16968;+;42.2	25;17029;17355;+;64.4	26;17374;20121;+;63.8	26;17374;20121;+;151.8	26;17374;20121;+;46.1	27;20133;20849;+;94.2	28;20861;21955;+;150.1		30;22470;23156;+;169.0	31;23153;24061;+;142.4	32;24054;25172;+;163.9	33;25174;26202;+;85.0	34;26234;28051;+;314.8		pfam	pfam_only	A	7/7	canonical	1	1	unscoreable	1	0	0														not_admitted	not_admitted	not_admitted	not_admitted	not_admitted	not_admitted	not_admitted
NZ_MZ666126.1	MPF_F	IncHI2;IncHI2A;IncQ1	248	0	0	GA	0															not_admitted	not_admitted	not_admitted	not_admitted	not_admitted	not_admitted	not_admitted	not_admitted	not_admitted	not_admitted	1	129;120316;121374;+;276.9	15;15657;17072;-;194.1	16;17062;18108;-;174.3	112;98279;100960;+;168.0	14;11695;15648;-;101.6	108;94594;95949;+;80.7	112;98279;100960;+;72.2	105;92082;92870;+;74.8	127;118663;120174;+;62.0	130;121393;124581;+;57.3	23;25150;27234;+;56.8	111;97320;98270;+;46.1	23;25150;27234;+;38.8	A	9/9	split_3	109698	1	1	10225..11514-;429;unnamed;0
NZ_MZ670000.1	MPF_F	IncC	206	0	0	GA	0															not_admitted	not_admitted	not_admitted	not_admitted	not_admitted	not_admitted	not_admitted	not_admitted	not_admitted	not_admitted	1	199;159947;160954;+;332.9	94;81873;83306;+;339.2	93;80831;81871;+;221.6	194;154748;157195;+;354.2	95;83319;86933;+;375.3	189;145921;147237;+;135.0	194;154748;157195;+;128.6	187;144397;145023;+;92.1	197;158017;159282;+;67.6	200;161070;163865;+;145.3	178;138722;140587;+;47.4	190;147234;147812;+;100.2	178;138722;140587;+;52.0	A	9/9	split_2	80239	0	1	
NZ_MZ673648.1	MPF_T	-	88	0	0	GA	1	48;34784;35656;+;21.6		50;36207;36497;+;58.5	51;36497;39145;+;103.6	51;36497;39145;+;89.9	52;39147;39920;+;104.7	54;40184;41251;+;123.7		55;41531;42250;+;132.5	56;42253;43131;+;151.5	57;43128;44285;+;161.8	58;44297;45328;+;80.5	1;3138;4676;-;47.8		pfam	both	A	7/7	canonical	1	0	unscoreable	2	0	0														not_admitted	not_admitted	not_admitted	not_admitted	not_admitted	not_admitted	not_admitted
NZ_MZ690484.1	MPF_F	IncFIB(K);IncFII(K);IncFII(pAR0022)	204	0	0	GA	0															not_admitted	not_admitted	not_admitted	not_admitted	not_admitted	not_admitted	not_admitted	not_admitted	not_admitted	not_admitted	1	151;143318;144307;+;366.6	161;149854;151221;+;384.1	157;147844;148596;+;233.7	147;139222;141861;+;258.5	162;151221;154043;+;346.4	140;134970;136394;+;88.1	147;139222;141861;+;88.7	138;133677;134243;+;169.3	152;144320;144958;+;66.9	153;145017;146972;+;258.1	166;156659;158971;+;393.1	141;136467;137051;+;54.3	166;156659;158971;+;66.6	A	9/9	contiguous	22982	1	1	154066..154668+;200;TraS;0
NZ_MZ726784.1	MPF_F	IncFIB(pQil);IncFII(Yp)	97	0	0	GA	0															not_admitted	not_admitted	not_admitted	not_admitted	not_admitted	not_admitted	not_admitted	not_admitted	not_admitted	not_admitted	1	79;69224;70216;+;372.3		86;74329;75081;+;222.2	76;65562;68201;+;258.9		69;61031;62452;+;88.0	76;65562;68201;+;88.4	67;59744;60310;+;161.7	80;70229;70855;+;68.3	81;70852;72807;+;254.7	89;75589;76362;+;23.6	71;63064;63633;+;55.7		C	7/9	contiguous	15845	0	1	
NZ_MZ726785.1	MPF_F	repFIB;repHI5B	308	0	0	GA	0															not_admitted	not_admitted	not_admitted	not_admitted	not_admitted	not_admitted	not_admitted	not_admitted	not_admitted	not_admitted	1	35;33047;34084;-;282.2	195;164235;165659;+;188.6	194;163223;164266;+;171.0	48;46652;49369;-;149.9	196;165661;167130;+;120.8	52;51482;52849;-;63.8	48;46652;49369;-;87.4	55;54479;55342;-;82.3	36;34081;35442;-;73.0	34;29856;33032;-;58.4	187;153830;155956;-;60.3	49;49418;50152;-;59.3	187;153830;155956;-;43.0	A	9/9	split_2	135805	1	1	167178..169004+;608;unnamed;0
NZ_MZ726786.1	-	IncFIB(K);IncR	93	0	0	GA	0															not_admitted	not_admitted	not_admitted	not_admitted	not_admitted	not_admitted	not_admitted	not_admitted	not_admitted	not_admitted	1				48;50277;51860;+;186.4			48;50277;51860;+;46.0							D	1/9	contiguous	0	0	0	
NZ_MZ726787.1	MPF_F	IncFII(Yp)	84	0	0	GA	0															not_admitted	not_admitted	not_admitted	not_admitted	not_admitted	not_admitted	not_admitted	not_admitted	not_admitted	not_admitted	1				74;66524;68689;+;255.4		66;61911;63332;+;86.6	74;66524;68689;+;62.6					68;63793;64377;+;55.9		D	2/9	contiguous	4613	0	0	
NZ_MZ726788.1	MPF_F	repFIB;repHI5B	296	0	0	GA	0															not_admitted	not_admitted	not_admitted	not_admitted	not_admitted	not_admitted	not_admitted	not_admitted	not_admitted	not_admitted	1	27;25530;26567;-;282.2	161;145043;146485;+;188.6	160;144049;145086;+;172.0	38;37436;40153;-;143.5	162;146487;150431;+;119.0	42;42276;43643;-;63.7	38;37436;40153;-;80.6	45;45298;46158;-;73.9	28;26564;27925;-;71.7	26;22339;25515;-;58.7	153;134683;136809;-;62.0	39;40202;40939;-;56.3	153;134683;136809;-;39.7	A	9/9	split_2	124148	0	1	
NZ_MZ726789.1	MPF_F	IncHI2;IncHI2A	365	0	0	GA	0															not_admitted	not_admitted	not_admitted	not_admitted	not_admitted	not_admitted	not_admitted	not_admitted	not_admitted	not_admitted	1	29;32273;33331;+;276.9	287;263606;265021;-;194.1	288;265011;266057;-;173.2	11;8955;11636;+;168.0	286;261534;263597;-;106.4	7;5270;6625;+;80.7	11;8955;11636;+;72.2	4;2758;3546;+;74.8	27;30620;32131;+;62.9	30;33350;36538;+;58.3	294;273098;275182;+;56.7	10;7996;8946;+;46.4	294;273098;275182;+;38.8	A	9/9	split_3	270340	1	1	259646..261568-;640;unnamed;0
NZ_MZ750395.1	MPF_I	IncFII(pKPX1);IncHI2;IncHI2A;repB(R1701)	379	0	0	GA	0															not_admitted	not_admitted	not_admitted	not_admitted	not_admitted	not_admitted	not_admitted	not_admitted	not_admitted	not_admitted	1	28;31209;32267;+;276.9	275;247522;248937;-;194.1	276;248927;249973;-;173.7	11;8955;11636;+;168.0	274;243563;247513;-;101.6	7;5270;6625;+;80.7	11;8955;11636;+;72.2	4;2758;3546;+;74.8	26;29556;31067;+;62.7	29;32286;35474;+;58.3	282;257014;259098;+;56.7	10;7996;8946;+;46.4	282;257014;259098;+;38.8	A	9/9	split_3	254256	0	1	
NZ_MZ753458.1	MPF_T	IncX5	55	0	0	GA	1	43;34025;34669;-;36.9	42;33751;34041;-;69.0	41;30970;33729;-;42.6	41;30970;33729;-;132.2	41;30970;33729;-;70.5	40;30213;30962;-;54.3	38;28879;29934;-;135.2		37;27911;28639;-;120.9	36;26977;27906;-;134.2	35;25769;26980;-;136.9		32;22875;24710;-;504.8		pfam	pfam_only	B	6/7	canonical	1	1	unscoreable	3	0	0														not_admitted	not_admitted	not_admitted	not_admitted	not_admitted	not_admitted	not_admitted
NZ_MZ753459.1	MPF_F	repFIB;repHI5B	266	0	0	GA	0															not_admitted	not_admitted	not_admitted	not_admitted	not_admitted	not_admitted	not_admitted	not_admitted	not_admitted	not_admitted	1	27;25530;26567;-;282.2	175;146505;147947;+;188.6	174;145511;146548;+;172.0	38;37436;40153;-;141.1	176;147949;151893;+;119.0	42;42276;43643;-;63.7	38;37436;40153;-;80.6	45;45298;46158;-;73.9	28;26564;27925;-;71.7	26;22339;25515;-;58.7	167;136145;138271;-;62.0	39;40202;40939;-;56.3	167;136145;138271;-;39.7	A	9/9	split_2	125610	0	1	
NZ_MZ753460.1	MPF_F	IncFII(K);repB(R1701)	154	0	0	GA	0															not_admitted	not_admitted	not_admitted	not_admitted	not_admitted	not_admitted	not_admitted	not_admitted	not_admitted	not_admitted	1	98;92261;93253;-;362.9	85;83374;84744;-;383.8	89;85946;86698;-;233.7	101;94279;96918;-;259.1	84;80501;83374;-;347.6	111;100720;102144;-;89.2	101;94279;96918;-;83.9	113;102871;103437;-;168.4	94;89584;90231;-;65.7	93;87570;89525;-;259.7	81;76639;78948;-;392.7	109;99539;100108;-;55.3	81;76639;78948;-;66.6	A	9/9	contiguous	26232	1	1	79957..80490-;177;unnamed;0
NZ_MZ773210.1	MPF_F	IncFIA(HI1);IncHI1A;IncHI1B(R27)	216	0	0	GA	0															not_admitted	not_admitted	not_admitted	not_admitted	not_admitted	not_admitted	not_admitted	not_admitted	not_admitted	not_admitted	1	15;14859;15911;+;277.6	119;108671;110086;-;201.7	120;110076;111122;-;171.3	213;183446;186127;+;160.6	118;104673;108662;-;103.1	209;179740;181098;+;84.0	213;183446;186127;+;76.5	206;177288;178073;+;68.7	13;13206;14714;+;65.6	16;15934;19110;+;58.9	126;118057;120141;+;50.2	212;182487;183437;+;45.2	126;118057;120141;+;36.5	A	9/9	split_3	170240	0	1	
NZ_MZ773647.1	MPF_T	-	224	0	0	GA	1	187;191608;192315;+;54.6	188;192340;192705;+;67.9	189;192702;193028;+;72.1	191;193570;195396;+;190.8	89;89947;92415;-;118.0	88;89166;89975;-;49.2	85;87762;88529;-;64.1		195;197225;197938;+;167.3	83;86213;87067;-;189.5	81;84417;85724;-;222.7	92;93114;93701;-;124.1	164;166522;168492;-;549.4		conjscan	conjscan_only	A	7/7	uncallable	0	0	unscoreable	13	0	0														not_admitted	not_admitted	not_admitted	not_admitted	not_admitted	not_admitted	not_admitted
NZ_MZ779047.1	MPF_T	IncFIA(HI1);IncN;IncR	149	0	0	GA	1	96;82314;83048;+;32.5		99;83691;84008;+;63.3	100;84008;86608;+;113.8	100;84008;86608;+;76.4	101;86626;87339;+;105.5	103;87590;88630;+;142.4		104;88849;89547;+;131.9	105;89558;90442;+;159.7	106;90442;91602;+;156.3	107;91644;92639;+;81.2	57;54710;56239;-;38.5		pfam	both	A	7/7	canonical	1	0	unscoreable	3	0	0														not_admitted	not_admitted	not_admitted	not_admitted	not_admitted	not_admitted	not_admitted
NZ_MZ836796.1	MPF_F	IncC	254	0	0	GA	0															not_admitted	not_admitted	not_admitted	not_admitted	not_admitted	not_admitted	not_admitted	not_admitted	not_admitted	not_admitted	1	99;70998;72005;+;332.9	243;201304;202737;+;339.2	242;200274;201302;+;221.7	94;65799;68246;+;354.5	244;202750;206364;+;375.3	45;26117;27277;+;156.3	94;65799;68246;+;128.3	87;55403;56029;+;92.7	97;69068;70333;+;67.9	100;72121;74919;+;145.3	78;49728;51593;+;47.3	90;58240;58818;+;100.2	78;49728;51593;+;52.0	A	9/9	split_3	176633	0	1	
NZ_MZ836797.1	MPF_T	IncX3	61	0	0	GA	1	56;43547;44191;+;46.4	57;44175;44465;+;73.1	58;44490;47243;+;47.0	58;44490;47243;+;142.4	58;44490;47243;+;73.3	59;47253;48023;+;60.1			1;531;1259;+;119.4	2;1265;2194;+;138.8	3;2191;3405;+;128.3	5;3601;4635;+;65.7	6;4638;6473;+;495.9		pfam	pfam_only	B	6/7	uncallable	0	1	unscoreable	1	0	0														not_admitted	not_admitted	not_admitted	not_admitted	not_admitted	not_admitted	not_admitted
NZ_MZ836798.1	MPF_T	IncFII(pSE11);IncN	87	0	0	GA	1	48;41121;41855;+;32.5	50;42155;42448;+;28.7	51;42498;42815;+;63.3	52;42815;45415;+;111.8	52;42815;45415;+;76.8	53;45433;46146;+;97.1	55;46397;47437;+;153.6		56;47656;48354;+;131.9	57;48365;49249;+;159.0	58;49249;50409;+;154.9	59;50451;51446;+;81.2	68;61452;62981;-;38.5		pfam	both	A	7/7	canonical	1	0	unscoreable	2	0	0														not_admitted	not_admitted	not_admitted	not_admitted	not_admitted	not_admitted	not_admitted
NZ_MZ836799.1	MPF_F	IncC	256	0	0	GA	0															not_admitted	not_admitted	not_admitted	not_admitted	not_admitted	not_admitted	not_admitted	not_admitted	not_admitted	not_admitted	1	100;71933;72940;+;332.9	245;203076;204509;+;339.2	244;202046;203074;+;221.7	95;66734;69181;+;354.5	246;204522;208136;+;375.3	45;26117;27277;+;156.3	95;66734;69181;+;128.3	88;56338;56964;+;92.7	98;70003;71268;+;67.9	101;73056;75854;+;145.3	79;50663;52528;+;47.3	91;59175;59753;+;100.2	79;50663;52528;+;52.0	A	9/9	split_3	178405	0	1	
NZ_MZ836800.1	MPF_T	IncX3	57	0	0	GA	1	54;41734;42378;+;46.4	55;42362;42652;+;73.1	56;42677;45430;+;47.0	56;42677;45430;+;142.4	56;42677;45430;+;73.3		1;328;1383;+;133.2		2;1578;2306;+;119.4	3;2312;3241;+;138.8	4;3238;4452;+;128.3	6;4648;5682;+;65.7	7;5685;7520;+;495.9		none	none	A	7/7	rearranged	0	1	unscoreable	1	0	0														not_admitted	not_admitted	not_admitted	not_admitted	not_admitted	not_admitted	not_admitted
NZ_MZ836803.1	MPF_T	IncX3	58	0	0	GA	1	15;13607;14251;-;46.4	14;13333;13623;-;73.1	13;10555;13308;-;47.0	13;10555;13308;-;142.4	13;10555;13308;-;73.3	12;9775;10545;-;60.1	10;8441;9496;-;133.2		9;7518;8246;-;119.4	8;6583;7512;-;138.8	7;5372;6586;-;128.3	5;4142;5176;-;65.7	4;2304;4139;-;495.9		pfam	pfam_only	A	7/7	canonical	1	1	unscoreable	2	0	0														not_admitted	not_admitted	not_admitted	not_admitted	not_admitted	not_admitted	not_admitted
NZ_MZ836804.1	MPF_T	IncX3	58	0	0	GA	1	28;26036;26680;-;46.4	27;25762;26052;-;73.1	26;22984;25737;-;47.0	26;22984;25737;-;142.4	26;22984;25737;-;73.3	25;22204;22974;-;60.1	23;20870;21925;-;133.2		22;19947;20675;-;119.4	21;19012;19941;-;138.8	20;17801;19015;-;128.3	18;16571;17605;-;65.7	17;14733;16568;-;495.9		pfam	pfam_only	A	7/7	canonical	1	1	unscoreable	2	0	0														not_admitted	not_admitted	not_admitted	not_admitted	not_admitted	not_admitted	not_admitted
NZ_MZ836805.1	MPF_F	IncC	214	0	0	GA	0															not_admitted	not_admitted	not_admitted	not_admitted	not_admitted	not_admitted	not_admitted	not_admitted	not_admitted	not_admitted	1	138;106564;107571;+;332.9	202;159758;161191;+;339.2	201;158728;159756;+;221.7	133;101365;103812;+;354.5	203;161204;164818;+;375.3	46;26071;27231;+;156.3	133;101365;103812;+;128.3	126;90969;91595;+;92.7	136;104634;105899;+;67.9	139;107687;110485;+;145.3	117;85294;87159;+;47.3	129;93806;94384;+;100.2	117;85294;87159;+;52.0	A	9/9	split_3	135133	0	1	
NZ_MZ836806.1	MPF_T	IncX3	59	0	0	GA	1	30;20055;20699;+;46.4	31;20683;20973;+;73.1	32;20998;23751;+;47.0	32;20998;23751;+;142.4	32;20998;23751;+;73.3	33;23761;24531;+;60.1	35;24810;25865;+;133.2		36;26060;26788;+;119.4	37;26794;27723;+;138.8	38;27720;28934;+;128.3	40;29130;30164;+;65.7	41;30167;32002;+;495.9		pfam	pfam_only	A	7/7	canonical	1	1	unscoreable	2	0	0														not_admitted	not_admitted	not_admitted	not_admitted	not_admitted	not_admitted	not_admitted
NZ_MZ836807.1	MPF_F	IncQ1;repFIB;repHI5B	407	0	0	GA	0															not_admitted	not_admitted	not_admitted	not_admitted	not_admitted	not_admitted	not_admitted	not_admitted	not_admitted	not_admitted	1	200;171479;172516;+;282.2	21;23432;24856;-;188.6	22;24825;25868;-;171.0	184;154935;157652;+;149.9	20;19504;23430;-;119.9	180;151455;152822;+;63.8	184;154935;157652;+;87.4	177;148962;149825;+;82.3	199;170121;171482;+;73.0	201;172531;175707;+;58.4	29;33135;35261;+;60.3	183;154152;154886;+;59.3	29;33135;35261;+;43.0	A	9/9	split_2	153027	0	1	
NZ_MZ836808.1	MPF_F	IncQ1;repFIB;repHI5B	391	0	0	GA	0															not_admitted	not_admitted	not_admitted	not_admitted	not_admitted	not_admitted	not_admitted	not_admitted	not_admitted	not_admitted	1	93;88735;89772;-;283.2	256;222020;223444;+;188.6	255;221008;222051;+;171.0	108;102690;105407;-;149.9	89;80231;84163;-;121.2	112;107520;108887;-;63.8	108;102690;105407;-;87.4	115;110517;111380;-;82.3	94;89769;91130;-;72.2	92;85543;88725;-;61.2	248;211615;213741;-;60.3	109;105456;106190;-;59.3	248;211615;213741;-;43.0	A	9/9	split_2	141789	0	1	
NZ_MZ836809.1	MPF_F	IncC	225	0	0	GA	0															not_admitted	not_admitted	not_admitted	not_admitted	not_admitted	not_admitted	not_admitted	not_admitted	not_admitted	not_admitted	1	98;70998;72005;+;332.9	214;169062;170495;+;339.2	213;168032;169060;+;221.7	93;65799;68246;+;354.5	215;170508;174122;+;375.3	45;26117;27277;+;156.3	93;65799;68246;+;128.3	86;55403;56029;+;92.7	96;69068;70333;+;67.9	99;72121;74919;+;145.3	77;49728;51593;+;47.3	89;58240;58818;+;100.2	77;49728;51593;+;52.0	A	9/9	split_3	144391	0	1	
NZ_MZ848136.1	MPF_T	IncX1;IncX10	49	0	0	GA	1	16;8585;9232;+;45.5	17;9210;9506;+;77.1	18;9525;12278;+;46.6	18;9525;12278;+;147.9	18;9525;12278;+;75.3	19;12289;13047;+;67.5	21;13285;14418;+;109.2		22;14663;15376;+;120.0	23;15381;16310;+;133.7	24;16307;17512;+;132.5	25;17514;18545;+;76.3	26;18548;20383;+;486.3		pfam	pfam_only	A	7/7	canonical	1	1	unscoreable	1	0	0														not_admitted	not_admitted	not_admitted	not_admitted	not_admitted	not_admitted	not_admitted
NZ_MZ848139.1	-	-	43	0	0	GA	0															not_admitted	not_admitted	not_admitted	not_admitted	not_admitted	not_admitted	not_admitted	not_admitted	not_admitted	not_admitted	1	26;17309;18307;+;367.0	31;21936;23297;+;350.5	29;20554;21330;+;196.8	23;13765;16353;+;236.7	32;23302;26118;+;229.6	21;11801;13171;+;93.3	23;13765;16353;+;96.4	19;10514;11086;+;77.9	27;18316;18738;+;55.1	28;18731;20557;+;230.3	34;26628;28685;+;368.9	22;13175;13759;+;34.0	34;26628;28685;+;57.2	A	9/9	contiguous	16114	1	1	26128..26631+;167;unnamed;0
NZ_MZ853143.1	-	IncX6	64	0	0	GA	1	34;28998;29627;-;45.3	33;28687;28980;-;50.5	32;25908;28673;-;58.7	32;25908;28673;-;129.2	32;25908;28673;-;55.1	31;25156;25896;-;110.2	29;23639;24697;-;122.9		28;22749;23435;-;167.1	27;21832;22752;-;144.2	26;20543;21832;-;131.5	25;19508;20539;-;79.6	24;17695;19521;-;384.8		pfam	pfam_only	A	7/7	canonical	1	1	unscoreable	1	0	0														not_admitted	not_admitted	not_admitted	not_admitted	not_admitted	not_admitted	not_admitted
NZ_MZ857202.1	MPF_F	IncFII(p14);IncFII(pAR0022)	97	0	0	GA	0															not_admitted	not_admitted	not_admitted	not_admitted	not_admitted	not_admitted	not_admitted	not_admitted	not_admitted	not_admitted	1	78;63808;64794;+;367.9	86;69507;70877;+;377.9	82;67541;68290;+;218.1	75;60184;62814;+;285.5	87;70877;73738;+;335.7	69;56762;58156;+;90.9	75;60184;62814;+;98.6	67;55479;56045;+;169.9	79;64811;65440;+;66.9	80;65437;67290;+;260.5	90;75367;77577;+;384.8	70;58178;58717;+;64.9	90;75367;77577;+;63.9	A	9/9	contiguous	19888	1	1	73757..74221+;154;TraS;0
NZ_MZ867986.1	MPF_T	IncX5	54	0	0	GA	1	4;2783;3427;+;36.9	5;3411;3701;+;69.0	6;3723;6482;+;42.6	6;3723;6482;+;132.2	6;3723;6482;+;70.5	7;6490;7239;+;54.3	9;7518;8573;+;135.2		10;8813;9541;+;120.9	11;9546;10475;+;134.2	12;10472;11683;+;136.9	13;11695;12738;+;64.1	14;12741;14576;+;504.8		pfam	pfam_only	A	7/7	canonical	1	1	unscoreable	1	0	0														not_admitted	not_admitted	not_admitted	not_admitted	not_admitted	not_admitted	not_admitted
NZ_MZ892875.1	MPF_F	IncFII	105	0	0	GA	0															not_admitted	not_admitted	not_admitted	not_admitted	not_admitted	not_admitted	not_admitted	not_admitted	not_admitted	not_admitted	1	86;71675;72667;+;369.5	96;78446;79819;+;381.7	91;75773;76516;+;234.4	83;68036;70666;+;304.1	97;79816;82638;+;374.0	76;63586;65037;+;94.2	83;68036;70666;+;97.1	74;62305;62871;+;174.3	88;73011;73649;+;68.6	89;73646;75496;+;266.1	101;84910;87171;+;391.1	79;65897;66412;+;78.4	101;84910;87171;+;70.3	A	9/9	contiguous	22605	1	1	82660..83139+;159;TraS;0
NZ_MZ913311.1	MPF_T	-	393	0	0	GA	1	141;131368;132087;+;59.9	336;321548;321955;-;77.4	143;132467;132829;+;71.8	84;73801;76269;-;187.8	334;320493;321245;-;123.7	83;73020;73829;-;46.6	331;316597;317997;-;112.7		149;137011;137724;+;176.6	79;70066;70920;-;190.5	77;68264;69574;-;228.0	337;321964;322626;-;139.1	5;1994;3970;-;563.3		conjscan	conjscan_only	A	7/7	rearranged	1	0	unscoreable	17	0	0														not_admitted	not_admitted	not_admitted	not_admitted	not_admitted	not_admitted	not_admitted
NZ_MZ913312.1	MPF_T	-	437	0	0	GA	1		337;296533;297231;-;75.1	68;51569;51868;-;62.1	336;294054;296522;-;185.4	336;294054;296522;-;121.5	335;293273;294082;-;43.5	333;292156;293064;-;114.4		137;112297;112902;+;149.0	59;45356;46210;-;190.5	328;288536;289840;-;222.5	338;297221;298192;-;138.3	406;354083;356059;-;573.3		conjscan	conjscan_only	A	7/7	canonical	1	0	unscoreable	23	0	0														not_admitted	not_admitted	not_admitted	not_admitted	not_admitted	not_admitted	not_admitted
NZ_OK067239.1	MPF_F	IncC	210	0	0	GA	0															not_admitted	not_admitted	not_admitted	not_admitted	not_admitted	not_admitted	not_admitted	not_admitted	not_admitted	not_admitted	1	94;66838;67845;+;332.9	199;162274;163707;+;339.2	198;161232;162272;+;221.6	89;61639;64086;+;354.2	200;163720;167334;+;375.3	84;52812;54128;+;135.0	89;61639;64086;+;128.6	82;51288;51914;+;92.1	92;64908;66173;+;67.6	95;67961;70756;+;145.3	73;45613;47478;+;47.4	85;54125;54703;+;100.2	73;45613;47478;+;52.0	A	9/9	split_2	118107	0	1	
NZ_OK146920.1	-	-	365	0	0	GA	0															not_admitted	not_admitted	not_admitted	not_admitted	not_admitted	not_admitted	not_admitted	not_admitted	not_admitted	not_admitted	1	302;267607;268692;-;253.0	96;84552;85976;+;188.1	95;83512;84552;+;201.0	69;55359;57974;-;203.8	97;85979;90679;+;110.2	74;60644;61990;-;116.1	69;55359;57974;-;92.9	76;63253;63903;-;87.4	304;268862;270226;-;58.8	301;263099;267424;-;63.8	81;66506;68377;-;34.0	70;57986;58615;-;64.2	81;66506;68377;-;35.3	A	9/9	split_2	213503	1	1	90799..92109+;436;unnamed;0
NZ_OK217279.1	MPF_T	IncX1	60	0	0	GA	1	45;41189;41836;-;45.6	44;40915;41211;-;77.5	43;38143;40896;-;46.8	43;38143;40896;-;147.9	43;38143;40896;-;75.3	42;37374;38132;-;68.5	40;36003;37136;-;106.9		39;35044;35757;-;120.0	38;34110;35039;-;134.1	37;32908;34113;-;133.4	36;31875;32906;-;76.2	35;30037;31872;-;488.0		pfam	pfam_only	A	7/7	canonical	1	1	unscoreable	1	0	0														not_admitted	not_admitted	not_admitted	not_admitted	not_admitted	not_admitted	not_admitted
NZ_OK236218.1	MPF_F	IncFIB(AP001918);IncFIC(FII)	163	0	0	GA	0															not_admitted	not_admitted	not_admitted	not_admitted	not_admitted	not_admitted	not_admitted	not_admitted	not_admitted	not_admitted	1	124;119157;120149;-;371.8	113;112098;113474;-;380.7	120;115685;116428;-;235.0	127;121158;123785;-;304.4	112;109276;112101;-;385.9	131;125697;127124;-;94.3	127;121158;123785;-;100.3	133;127839;128405;-;183.8	123;118510;119148;-;68.8	122;116705;118513;-;268.3	109;105530;107773;-;392.6	128;124301;124816;-;78.0	109;105530;107773;-;70.3	A	9/9	contiguous	22309	1	1	108770..109279-;169;unnamed;0
NZ_OK263089.1	MPF_F	-	99	0	0	GA	0															not_admitted	not_admitted	not_admitted	not_admitted	not_admitted	not_admitted	not_admitted	not_admitted	not_admitted	not_admitted	1	82;55407;56450;+;369.2	87;60429;61856;+;325.8	85;59219;60031;+;219.1	78;51119;53845;+;164.6	88;61872;64874;+;208.7	74;48121;49437;+;102.7	78;51119;53845;+;108.4	72;46830;47408;+;82.6	83;56465;57172;+;107.6	84;57169;59226;+;92.2	54;34110;36269;+;381.4	77;50465;51109;+;41.9	54;34110;36269;+;89.7	A	9/9	contiguous	27762	1	1	64946..65464+;172;unnamed;0
NZ_OK287926.1	-	-	217	0	0	GA	0															not_admitted	not_admitted	not_admitted	not_admitted	not_admitted	not_admitted	not_admitted	not_admitted	not_admitted	not_admitted	1	205;191409;192413;+;104.6			203;187722;190691;+;142.8	210;194875;196398;+;59.2		203;187722;190691;+;32.4				85;83396;85540;+;27.4		85;83396;85540;+;50.2	D	3/9	split_2	111479	1	0	196395..197864+;489;unnamed;0
NZ_OK500122.1	MPF_T	-	299	0	0	GA	0															not_admitted	not_admitted	not_admitted	not_admitted	not_admitted	not_admitted	not_admitted	not_admitted	not_admitted	not_admitted	1	202;161408;162493;+;271.5	225;179572;181008;+;236.1	224;178489;179550;+;197.7	198;156855;159344;+;239.7	226;181023;184181;+;250.9	195;153756;155144;+;104.8	198;156855;159344;+;122.7	193;151895;152485;+;84.8	201;160152;161411;+;54.1	228;184603;187317;+;129.5	187;147366;149318;+;21.5	196;155147;155680;+;70.4	187;147366;149318;+;36.9	A	9/9	contiguous	37237	0	1	
NZ_OK500123.1	MPF_F	IncC	171	0	0	GA	0															not_admitted	not_admitted	not_admitted	not_admitted	not_admitted	not_admitted	not_admitted	not_admitted	not_admitted	not_admitted	1	45;41979;42986;+;332.9	110;98322;99755;+;339.2	109;97292;98320;+;221.7	40;36780;39227;+;354.2	111;99768;103382;+;375.3	31;23469;24785;+;135.0	40;36780;39227;+;128.6	29;21945;22571;+;92.1	43;40049;41314;+;67.6	46;43102;45897;+;145.3	20;16270;18135;+;47.4	32;24782;25360;+;100.2	20;16270;18135;+;52.0	A	9/9	split_2	83498	0	1	
NZ_OK500124.1	MPF_T	-	338	0	0	GA	0															not_admitted	not_admitted	not_admitted	not_admitted	not_admitted	not_admitted	not_admitted	not_admitted	not_admitted	not_admitted	1	219;181028;182113;+;271.5	243;199191;200627;+;236.1	242;198108;199169;+;195.5	215;176475;178964;+;239.7	244;200642;203800;+;250.9	212;173376;174764;+;104.8	215;176475;178964;+;122.7	210;171515;172105;+;84.8	218;179772;181031;+;54.1	246;204222;206936;+;129.7	204;166986;168938;+;21.5	213;174767;175300;+;70.4	204;166986;168938;+;36.9	A	9/9	contiguous	37236	0	1	
NZ_OK558605.1	MPF_T	ColKP3;IncX3	66	0	0	GA	1	28;26068;26712;-;46.4	27;25794;26084;-;73.1	26;23016;25769;-;47.0	26;23016;25769;-;142.4	26;23016;25769;-;73.3	25;22236;23006;-;60.1	23;20902;21957;-;132.8		22;19979;20707;-;119.4	21;19044;19973;-;138.8	20;17833;19047;-;128.3	18;16603;17637;-;65.7	17;14765;16600;-;495.9		pfam	pfam_only	A	7/7	canonical	1	1	unscoreable	2	0	0														not_admitted	not_admitted	not_admitted	not_admitted	not_admitted	not_admitted	not_admitted
NZ_OK605084.1	MPF_T	IncX4	42	0	0	GA	1	5;2487;3059;+;42.2	6;3120;3446;+;64.4	7;3465;6212;+;63.8	7;3465;6212;+;151.8	7;3465;6212;+;46.1	8;6224;6940;+;94.2	9;6952;8046;+;150.1		11;8561;9247;+;169.0	12;9244;10152;+;142.4	13;10145;11263;+;163.9	14;11265;12293;+;85.0	15;12325;14142;+;314.8		pfam	pfam_only	A	7/7	canonical	1	1	unscoreable	1	0	0														not_admitted	not_admitted	not_admitted	not_admitted	not_admitted	not_admitted	not_admitted
NZ_OK605583.1	MPF_F	IncFII(pHN7A8)	89	0	0	GA	0															not_admitted	not_admitted	not_admitted	not_admitted	not_admitted	not_admitted	not_admitted	not_admitted	not_admitted	not_admitted	1	62;52115;53107;+;369.5	75;59940;61313;+;376.8	70;57631;58374;+;234.4	59;48479;51106;+;301.8	76;61310;64126;+;376.7	54;44997;46424;+;94.1	59;48479;51106;+;101.8	52;43716;44282;+;183.8	65;54053;54691;+;70.4	68;55504;57354;+;265.0	80;66427;68661;+;391.7	58;47448;47963;+;78.0	80;66427;68661;+;70.3	A	9/9	contiguous	22711	1	1	64159..64680+;173;unnamed;0
NZ_OK623716.1	MPF_T	IncX3	63	0	0	GA	1		16;9617;9907;+;73.1	17;9932;12685;+;47.0	17;9932;12685;+;145.4	17;9932;12685;+;73.3	18;12695;13465;+;60.1	20;13744;14799;+;133.2		21;14994;15722;+;119.4	22;15728;16657;+;138.8	23;16654;17868;+;128.3	25;18064;19098;+;65.7	26;19101;20936;+;495.9		pfam	pfam_only	A	7/7	canonical	1	1	unscoreable	2	0	0														not_admitted	not_admitted	not_admitted	not_admitted	not_admitted	not_admitted	not_admitted
NZ_OK642377.1	MPF_T	IncX4	42	0	0	GA	1	26;24526;25146;-;41.6	25;24186;24512;-;64.4	24;21420;24167;-;63.8	24;21420;24167;-;151.8	24;21420;24167;-;46.1	23;20692;21408;-;94.2	22;19586;20680;-;150.1		20;18385;19071;-;169.0	19;17480;18388;-;142.4	18;16369;17487;-;163.9	17;15339;16367;-;85.0	16;13490;15307;-;314.8		pfam	pfam_only	A	7/7	canonical	1	1	unscoreable	1	0	0														not_admitted	not_admitted	not_admitted	not_admitted	not_admitted	not_admitted	not_admitted
NZ_OK642378.1	MPF_T	IncX4	42	0	0	GA	1	27;25649;26269;-;41.6	26;25309;25635;-;64.4	25;22543;25290;-;63.8	25;22543;25290;-;151.8	25;22543;25290;-;46.1	24;21815;22531;-;94.2	23;20709;21803;-;150.1		21;19508;20194;-;169.0	20;18603;19511;-;142.4	19;17492;18610;-;163.9	18;16462;17490;-;85.0	17;14613;16430;-;314.8		pfam	pfam_only	A	7/7	canonical	1	1	unscoreable	1	0	0														not_admitted	not_admitted	not_admitted	not_admitted	not_admitted	not_admitted	not_admitted
NZ_OK642379.1	MPF_T	IncX4	42	0	0	GA	1	27;25649;26269;-;41.6	26;25309;25635;-;64.4	25;22543;25290;-;63.8	25;22543;25290;-;151.8	25;22543;25290;-;46.1	24;21815;22531;-;94.2	23;20709;21803;-;150.1		21;19508;20194;-;169.0	20;18603;19511;-;142.4	19;17492;18610;-;163.9	18;16462;17490;-;85.0	17;14613;16430;-;314.8		pfam	pfam_only	A	7/7	canonical	1	1	unscoreable	1	0	0														not_admitted	not_admitted	not_admitted	not_admitted	not_admitted	not_admitted	not_admitted
NZ_OK649970.1	MPF_F	IncHI2;IncHI2A	276	0	0	GA	0															not_admitted	not_admitted	not_admitted	not_admitted	not_admitted	not_admitted	not_admitted	not_admitted	not_admitted	not_admitted	1	31;33507;34565;+;276.9	205;198417;199832;-;194.1	206;199822;200868;-;173.7	11;8955;11636;+;168.0	204;194458;198408;-;101.6	7;5270;6625;+;80.7	11;8955;11636;+;72.2	4;2758;3546;+;74.8	29;31854;33365;+;62.9	32;34584;37772;+;58.3	216;209918;212002;+;56.7	10;7996;8946;+;46.4	216;209918;212002;+;38.8	A	9/9	split_3	207160	0	1	
NZ_OK649971.1	MPF_T	IncX7	38	0	0	GA	1	36;27101;27727;+;44.9	37;27740;28066;+;62.8		0;93;2423;+;149.0	0;93;2423;+;30.1	1;2434;3153;+;100.5	2;3167;4261;+;151.8		4;4379;5065;+;156.9	5;5065;5976;+;138.0	6;5969;7087;+;161.0	7;7088;8116;+;80.2	8;8103;9965;+;318.5		pfam	pfam_only	A	7/7	canonical	1	0	unscoreable	1	0	0														not_admitted	not_admitted	not_admitted	not_admitted	not_admitted	not_admitted	not_admitted
NZ_OL331018.1	MPF_F	IncHI2;IncHI2A	371	0	0	GA	0															not_admitted	not_admitted	not_admitted	not_admitted	not_admitted	not_admitted	not_admitted	not_admitted	not_admitted	not_admitted	1	29;32275;33333;+;276.9	233;208749;210164;-;194.1	234;210154;211200;-;173.7	11;8955;11636;+;168.0	232;204790;208740;-;101.6	7;5270;6625;+;80.7	11;8955;11636;+;72.2	4;2758;3546;+;74.8	27;30622;32133;+;62.7	30;33352;36540;+;58.3	243;220462;221550;+;45.7	10;7996;8946;+;46.4	243;220462;221550;+;40.5	A	9/9	split_3	217704	0	1	
NZ_OL331019.1	MPF_F	IncHI2;IncHI2A	351	0	0	GA	0															not_admitted	not_admitted	not_admitted	not_admitted	not_admitted	not_admitted	not_admitted	not_admitted	not_admitted	not_admitted	1	29;32275;33333;+;276.9	256;226637;228052;-;194.1	257;228042;229088;-;173.7	11;8955;11636;+;168.0	255;222678;226628;-;101.6	7;5270;6625;+;80.7	11;8955;11636;+;72.2	4;2758;3546;+;74.8	27;30622;32133;+;62.7	33;36148;37863;+;59.0	265;237480;239564;+;56.7	10;7996;8946;+;46.4	265;237480;239564;+;38.8	A	9/9	split_3	234722	0	1	
NZ_OL331020.1	MPF_F	IncHI2;IncHI2A	382	0	0	GA	0															not_admitted	not_admitted	not_admitted	not_admitted	not_admitted	not_admitted	not_admitted	not_admitted	not_admitted	not_admitted	1	33;33611;34669;+;276.9	242;218564;219979;-;194.1	243;219969;221015;-;173.7	11;8955;11636;+;168.0	241;214605;218555;-;101.6	7;5270;6625;+;80.7	11;8955;11636;+;72.2	4;2758;3546;+;74.8	31;31958;33469;+;62.7	34;34688;37876;+;58.3	249;228056;230140;+;56.7	10;7996;8946;+;46.4	249;228056;230140;+;38.8	A	9/9	split_3	225298	0	1	
NZ_OL331021.1	MPF_F	IncHI2;IncHI2A	332	0	0	GA	0															not_admitted	not_admitted	not_admitted	not_admitted	not_admitted	not_admitted	not_admitted	not_admitted	not_admitted	not_admitted	1	161;145204;146262;-;276.9	280;255737;257152;-;194.1	281;257142;258188;-;173.7	179;166901;169582;-;168.0	279;251778;255728;-;101.6	183;171912;173267;-;80.7	179;166901;169582;-;70.8	186;174991;175779;-;74.8	163;146404;147915;-;62.7	160;141997;145185;-;58.3	287;265229;267313;+;56.7	180;169591;170541;-;46.4	287;265229;267313;+;38.8	A	9/9	split_3	123232	0	1	
NZ_OL348377.1	MPF_F	IncFIB(pNDM-Mar);IncHI1B(pNDM-MAR)	310	0	0	GA	0															not_admitted	not_admitted	not_admitted	not_admitted	not_admitted	not_admitted	not_admitted	not_admitted	not_admitted	not_admitted	1	239;211968;213005;-;282.3	82;61727;63136;+;190.4	81;60700;61737;+;175.6	251;223837;226554;-;149.6	83;63138;67046;+;121.3	169;143863;145119;-;206.8	251;223837;226554;-;85.2	258;231683;232543;-;79.0	240;213002;214363;-;69.9	238;208776;211958;-;60.1	74;51375;53501;-;57.7	252;226599;227336;-;56.9	74;51375;53501;-;41.0	A	9/9	split_3	180308	0	1	
NZ_OL348378.1	MPF_F	IncC	193	0	0	GA	0															not_admitted	not_admitted	not_admitted	not_admitted	not_admitted	not_admitted	not_admitted	not_admitted	not_admitted	not_admitted	1	119;90983;91990;+;332.9	182;142397;143830;+;339.2	181;141367;142395;+;221.7	114;85784;88231;+;354.5	183;143843;147457;+;375.3	109;76912;78228;+;135.0	114;85784;88231;+;128.3	107;75388;76014;+;92.7	117;89053;90318;+;67.9	120;92106;94904;+;145.3	98;69713;71578;+;47.3	110;78225;78803;+;100.2	98;69713;71578;+;52.0	A	9/9	split_2	74130	0	1	
NZ_OL348379.1	MPF_F	IncFIA(HI1);IncFIB(pNDM-Mar);IncFII(K);IncHI1B(pNDM-MAR)	396	0	0	GA	0															not_admitted	not_admitted	not_admitted	not_admitted	not_admitted	not_admitted	not_admitted	not_admitted	not_admitted	not_admitted	1	325;283500;284537;-;282.3	168;133259;134668;+;190.4	167;132232;133269;+;175.6	337;295369;298086;-;149.6	169;134670;138578;+;121.3	255;215395;216651;-;206.8	337;295369;298086;-;85.2	344;303215;304075;-;79.0	326;284534;285895;-;69.9	324;280308;283490;-;60.1	160;122907;125033;-;57.7	338;298131;298868;-;56.9	160;122907;125033;-;41.0	A	9/9	split_3	180308	0	1	
NZ_OL348380.1	MPF_F	IncC;IncFIA(HI1);IncFII(K)	280	0	0	GA	0															not_admitted	not_admitted	not_admitted	not_admitted	not_admitted	not_admitted	not_admitted	not_admitted	not_admitted	not_admitted	1	206;162515;163522;+;332.9	269;213929;215362;+;339.2	268;212899;213927;+;221.7	201;157316;159763;+;354.5	270;215375;218989;+;375.3	196;148444;149760;+;135.0	201;157316;159763;+;128.3	194;146920;147546;+;92.7	204;160585;161850;+;67.9	207;163638;166436;+;145.3	185;141245;143110;+;47.3	197;149757;150335;+;100.2	185;141245;143110;+;52.0	A	9/9	split_2	74130	0	1	
NZ_OL389795.1	MPF_F	IncC	175	0	0	GA	0															not_admitted	not_admitted	not_admitted	not_admitted	not_admitted	not_admitted	not_admitted	not_admitted	not_admitted	not_admitted	1	94;71322;72329;+;332.9	164;129819;131252;+;339.2	163;128789;129817;+;221.7	89;66123;68570;+;354.2	165;131265;134879;+;375.3	80;52812;54128;+;135.0	89;66123;68570;+;128.6	78;51288;51914;+;92.1	92;69392;70657;+;67.6	95;72445;75240;+;145.3	69;45613;47478;+;47.4	81;54125;54703;+;100.2	69;45613;47478;+;52.0	A	9/9	split_2	85652	0	1	
NZ_OL468818.1	MPF_F	-	282	0	0	GA	0															not_admitted	not_admitted	not_admitted	not_admitted	not_admitted	not_admitted	not_admitted	not_admitted	not_admitted	not_admitted	1	152;141041;142093;-;285.5	144;132211;133611;-;237.7	145;133608;134633;-;197.4	155;143887;146352;-;263.9	143;129041;132199;-;330.6	160;155580;156896;-;121.4	155;143887;146352;-;110.6	162;158128;158769;-;84.5	153;142080;143300;-;60.0	182;175756;178377;-;95.7		159;155069;155569;-;82.4	167;160922;162751;-;41.6	A	9/9	contiguous	46715	0	1	
NZ_OL504740.1	MPF_T	IncX4	41	0	0	GA	1	14;6798;7418;+;41.6	15;7432;7758;+;64.4	16;7777;10524;+;63.8	16;7777;10524;+;151.8	16;7777;10524;+;46.1	17;10536;11252;+;94.2	18;11264;12358;+;150.1		20;12873;13559;+;169.0	21;13556;14464;+;142.4	22;14457;15575;+;163.9	23;15577;16605;+;85.0	24;16637;18454;+;314.8		pfam	pfam_only	A	7/7	canonical	1	1	unscoreable	1	0	0														not_admitted	not_admitted	not_admitted	not_admitted	not_admitted	not_admitted	not_admitted
NZ_OL518976.1	MPF_F	IncHI2;IncHI2A	491	0	0	GA	0															not_admitted	not_admitted	not_admitted	not_admitted	not_admitted	not_admitted	not_admitted	not_admitted	not_admitted	not_admitted	1	40;44742;45800;+;276.9	364;339071;340486;-;194.1	365;340476;341522;-;173.2	11;8955;11636;+;168.0	363;335112;339062;-;101.6	7;5270;6625;+;80.7	11;8955;11636;+;72.2	4;2758;3546;+;74.8	38;43089;44600;+;62.9	41;45819;49007;+;58.3	371;348563;350647;+;56.7	10;7996;8946;+;46.4	371;348563;350647;+;38.8	A	9/9	split_3	345805	0	1	
NZ_OL598600.1	MPF_F	IncHI2;IncHI2A	278	0	0	GA	0															not_admitted	not_admitted	not_admitted	not_admitted	not_admitted	not_admitted	not_admitted	not_admitted	not_admitted	not_admitted	1	274;239953;241011;+;276.9	157;129898;131313;-;194.1	158;131303;132349;-;174.1	258;217201;219882;+;168.0	156;125936;129889;-;101.6	254;213516;214871;+;80.7	258;217201;219882;+;72.2	251;211004;211792;+;74.8	272;238300;239811;+;62.0	275;241030;244218;+;57.3	165;139391;141475;+;56.8	257;216242;217192;+;46.1	165;139391;141475;+;38.8	A	9/9	split_3	115094	1	1	124466..125755-;429;unnamed;0
NZ_OL598601.1	MPF_F	IncHI2;IncHI2A	280	0	0	GA	0															not_admitted	not_admitted	not_admitted	not_admitted	not_admitted	not_admitted	not_admitted	not_admitted	not_admitted	not_admitted	1	218;190647;191705;+;276.9	99;80596;82011;-;194.1	100;82001;83047;-;174.1	202;167895;170576;+;168.0	98;76634;80587;-;101.6	198;164210;165565;+;80.7	202;167895;170576;+;72.2	195;161698;162486;+;74.8	216;188994;190505;+;62.0	219;191724;194912;+;57.3	107;90089;92173;+;56.8	201;166936;167886;+;46.1	107;90089;92173;+;38.8	A	9/9	split_3	115090	1	1	75164..76453-;429;unnamed;0
NZ_OL598602.1	MPF_F	IncHI2;IncHI2A	237	0	0	GA	0															not_admitted	not_admitted	not_admitted	not_admitted	not_admitted	not_admitted	not_admitted	not_admitted	not_admitted	not_admitted	1	148;136052;137110;+;276.9	30;26001;27416;-;194.1	31;27406;28452;-;174.1	132;113300;115981;+;168.0	29;22039;25992;-;101.6	128;109615;110970;+;80.7	132;113300;115981;+;72.2	125;107517;107891;+;26.3	146;134399;135910;+;62.0	149;137129;140317;+;57.3	38;35494;37578;+;56.8	131;112341;113291;+;46.1	38;35494;37578;+;38.8	A	9/9	split_3	115090	1	1	20569..21858-;429;unnamed;0
NZ_OL744330.1	MPF_F	IncFII(K);IncR	102	0	0	GA	0															not_admitted	not_admitted	not_admitted	not_admitted	not_admitted	not_admitted	not_admitted	not_admitted	not_admitted	not_admitted	1	77;59899;60891;+;366.6	87;66342;67712;+;381.2	83;64388;65140;+;232.4	74;56234;58873;+;258.7	88;67712;70561;+;344.2	65;50995;52419;+;89.2	74;56234;58873;+;88.8	63;49702;50268;+;167.0	78;60904;61542;+;67.0	79;61539;63545;+;259.0	92;72375;74684;+;393.2	67;53031;53600;+;49.7	92;72375;74684;+;65.8	A	9/9	contiguous	22673	1	1	70564..71094+;176;unnamed;0
NZ_OL763373.1	MPF_F	IncFIB(pNDM-Mar);IncN;IncR;IncX1;RepB	420	0	0	GA	0															not_admitted	not_admitted	not_admitted	not_admitted	not_admitted	not_admitted	not_admitted	not_admitted	not_admitted	not_admitted	1	292;274903;275940;-;282.3	133;120820;122175;+;188.4	132;119736;120773;+;174.4	303;286774;289491;-;151.5	134;122150;126121;+;120.9	307;291604;292977;-;63.3	303;286774;289491;-;84.3	310;294623;295483;-;79.1	293;275937;277298;-;70.6	291;271711;274893;-;59.2	123;110427;112553;-;58.0	304;289536;290273;-;59.2	123;110427;112553;-;40.6	A	9/9	split_2	184196	0	1	
NZ_OL790811.1	-	-	3759	0	0	GA	0															not_admitted	not_admitted	not_admitted	not_admitted	not_admitted	not_admitted	not_admitted	not_admitted	not_admitted	not_admitted	1	3142;3374342;3375370;-;360.1	3060;3300205;3301593;-;336.8	3061;3301596;3302540;-;237.8	3146;3377325;3379724;-;353.9	3059;3296632;3300201;-;358.7	3152;3383521;3384810;-;141.1	3146;3377325;3379724;-;132.5	3154;3385693;3386319;-;107.9	3143;3375354;3376478;-;74.4	3141;3370647;3374339;-;148.9	3160;3389735;3391555;-;61.4	3151;3382874;3383446;-;72.9	3160;3389735;3391555;-;50.5	A	9/9	split_2	93103	0	1	
NZ_OL790812.1	-	-	3747	0	0	GA	0															not_admitted	not_admitted	not_admitted	not_admitted	not_admitted	not_admitted	not_admitted	not_admitted	not_admitted	not_admitted	1	3144;3396091;3397119;-;360.1	3063;3320987;3322375;-;336.8	3064;3322378;3323322;-;237.8	3148;3399074;3401473;-;353.9	3062;3317414;3320983;-;358.7	3154;3405270;3406559;-;141.1	3148;3399074;3401473;-;132.5	3156;3407442;3408068;-;107.9	3145;3397103;3398227;-;74.4	3143;3392396;3396088;-;148.3	3162;3411484;3413304;-;61.4	3153;3404623;3405195;-;72.9	3162;3411484;3413304;-;50.5	A	9/9	split_2	94070	0	1	
NZ_OL804387.1	MPF_F	IncFIA(HI1);IncFII(K);IncFII(pAR0022)	104	0	0	GA	0															not_admitted	not_admitted	not_admitted	not_admitted	not_admitted	not_admitted	not_admitted	not_admitted	not_admitted	not_admitted	1	79;69067;70056;+;366.6	89;75578;76945;+;384.3	85;73564;74316;+;235.6	75;64971;67610;+;258.5	90;76945;79794;+;347.0	69;61065;62489;+;89.3	75;64971;67610;+;88.7	67;59772;60338;+;167.8	80;70069;70707;+;67.0	81;70766;72721;+;259.7	94;82256;84568;+;393.2	70;62562;63146;+;55.4	94;82256;84568;+;65.8	A	9/9	contiguous	22484	1	1	79797..80327+;176;unnamed;0
NZ_OL804388.1	MPF_F	IncFIA(HI1);IncFII(K);IncFII(pAR0022)	131	0	0	GA	0															not_admitted	not_admitted	not_admitted	not_admitted	not_admitted	not_admitted	not_admitted	not_admitted	not_admitted	not_admitted	1	106;85239;86228;+;366.6	116;91750;93117;+;384.3	112;89736;90488;+;235.6	102;81143;83782;+;258.5	117;93117;95966;+;346.4	96;77237;78661;+;89.3	102;81143;83782;+;88.7	94;75944;76510;+;169.3	107;86241;86879;+;67.0	108;86938;88893;+;259.7	121;98428;100740;+;393.2	97;78734;79318;+;54.9	121;98428;100740;+;65.8	A	9/9	contiguous	22484	1	1	95969..96499+;176;unnamed;0
NZ_OL804389.1	MPF_F	IncFIA(HI1);IncFII(K);IncFII(pAR0022)	134	0	0	GA	0															not_admitted	not_admitted	not_admitted	not_admitted	not_admitted	not_admitted	not_admitted	not_admitted	not_admitted	not_admitted	1	95;74590;75582;+;366.6	105;81129;82496;+;384.6	101;79119;79871;+;233.7	92;70925;73564;+;258.5	106;82496;85339;+;347.0	84;65242;66666;+;89.2	92;70925;73564;+;88.2	82;63949;64515;+;168.1	96;75595;76233;+;66.9	97;76292;78247;+;259.7	110;87923;90235;+;393.2	85;66780;67364;+;53.6	110;87923;90235;+;65.8	A	9/9	contiguous	23974	1	1	85350..85874+;174;unnamed;0
NZ_OL804390.1	MPF_F	IncC;IncFIA(HI1);IncFII(K);IncFII(pAR0022)	288	0	0	GA	0															not_admitted	not_admitted	not_admitted	not_admitted	not_admitted	not_admitted	not_admitted	not_admitted	not_admitted	not_admitted	1	71;68321;69313;-;366.6	61;61407;62774;-;384.6	65;64032;64784;-;233.7	211;182554;185001;+;354.5	278;241340;244954;+;375.3	206;173682;174998;+;135.0	211;182554;185001;+;128.3	84;79388;79954;-;168.1	214;185823;187088;+;67.9	69;65656;67611;-;259.7	56;53668;55980;-;393.2	207;174995;175573;+;100.2	56;53668;55980;-;65.8	A	9/9	split_3	187672	0	1	
NZ_OL828742.1	MPF_F	IncFIA(pBK30683);IncFII(Yp)	144	0	0	GA	0															not_admitted	not_admitted	not_admitted	not_admitted	not_admitted	not_admitted	not_admitted	not_admitted	not_admitted	not_admitted	1	121;102738;103730;+;372.3	131;109363;110733;+;383.1	128;107842;108594;+;222.2	118;99076;101715;+;258.9	132;110733;113588;+;333.3	111;94545;95966;+;88.0	118;99076;101715;+;88.4	109;93258;93824;+;161.7	122;103743;104369;+;68.3	123;104366;106321;+;254.7	135;115333;117651;+;390.7	113;96578;97147;+;55.7	135;115333;117651;+;66.8	A	9/9	contiguous	22075	1	1	113605..114276+;223;unnamed;0
NZ_OL828743.1	MPF_F	IncU;repFIB;repHI5B	354	0	0	GA	0															not_admitted	not_admitted	not_admitted	not_admitted	not_admitted	not_admitted	not_admitted	not_admitted	not_admitted	not_admitted	1	28;26595;27632;-;282.2	269;235327;236769;+;188.6	268;234333;235370;+;172.0	41;40631;43348;-;143.5	270;236771;240715;+;119.0	45;45471;46838;-;63.7	41;40631;43348;-;80.6	48;48493;49353;-;73.9	29;27629;28990;-;71.7	27;23404;26580;-;58.7	260;223926;226052;-;62.0	42;43397;44134;-;56.3	260;223926;226052;-;39.7	A	9/9	split_2	213367	0	1	
NZ_OL828744.1	MPF_F	IncFIB(pB171);IncFII(Yp);IncFII(pAR0022)	124	0	0	GA	0															not_admitted	not_admitted	not_admitted	not_admitted	not_admitted	not_admitted	not_admitted	not_admitted	not_admitted	not_admitted	1	106;88934;89926;+;369.4	114;94639;96009;+;376.7	110;92673;93422;+;218.2	103;85316;87946;+;285.5	115;96009;98831;+;336.5	97;81894;83288;+;89.4	103;85316;87946;+;98.6	95;80611;81177;+;169.9	107;89943;90572;+;66.9	108;90569;92422;+;260.5	118;100168;102414;+;384.7	98;83310;83849;+;67.5	118;100168;102414;+;63.8	A	9/9	contiguous	19557	1	1	98853..99284+;143;TraS;0
NZ_OL891651.1	MPF_F	IncFIB(K);IncFII(K);IncFII(pAR0022)	230	0	0	GA	0															not_admitted	not_admitted	not_admitted	not_admitted	not_admitted	not_admitted	not_admitted	not_admitted	not_admitted	not_admitted	1	186;199476;200465;-;363.3	175;192290;193657;-;384.1	179;194915;195667;-;233.7	190;201922;204561;-;259.0	174;189468;192290;-;346.4	200;208529;209953;-;89.5	190;201922;204561;-;88.7	202;210680;211246;-;167.0	184;198553;199200;-;65.9	183;196539;198494;-;259.4	170;184539;186851;-;393.1	198;207333;207917;-;53.8	170;184539;186851;-;66.6	A	9/9	contiguous	26141	1	1	188843..189445-;200;TraS;0
NZ_OL908906.1	MPF_F	IncC	276	0	0	GA	0															not_admitted	not_admitted	not_admitted	not_admitted	not_admitted	not_admitted	not_admitted	not_admitted	not_admitted	not_admitted	1	227;197659;198666;-;332.9	104;102021;103430;+;229.6	103;100974;102005;+;210.3	232;201418;203865;-;354.5	105;103450;106683;+;215.1	148;141516;142676;-;156.3	232;201418;203865;-;128.3	239;213635;214261;-;92.7	229;199331;200596;-;67.9	226;194745;197543;-;145.3	248;218071;219936;-;47.3	236;210846;211424;-;100.2	248;218071;219936;-;52.0	A	9/9	split_3	117097	0	1	
NZ_OL908907.1	MPF_F	IncT	195	0	0	GA	0															not_admitted	not_admitted	not_admitted	not_admitted	not_admitted	not_admitted	not_admitted	not_admitted	not_admitted	not_admitted	1	24;25890;26966;-;282.5	6;8439;9890;-;247.0	7;9904;10995;-;190.4	28;29024;31510;-;219.1	5;5133;8429;-;264.3	31;33179;34528;-;111.5	28;29024;31510;-;115.3	33;35700;36317;-;84.9	25;26966;28216;-;57.9	3;1961;4663;-;126.3	39;38946;40913;-;22.4	30;32592;33182;-;73.9	39;38946;40913;-;31.3	A	9/9	contiguous	36985	0	1	
NZ_OL908908.1	MPF_T	-	272	0	0	GA	0															not_admitted	not_admitted	not_admitted	not_admitted	not_admitted	not_admitted	not_admitted	not_admitted	not_admitted	not_admitted	1	243;190321;191406;+;271.5	267;208484;209920;+;236.1	266;207401;208462;+;195.5	239;185768;188257;+;239.7	268;209935;213093;+;250.9	236;182669;184057;+;104.8	239;185768;188257;+;122.7	234;180808;181398;+;84.8	242;189065;190324;+;54.1	270;213515;216229;+;129.7	228;176279;178231;+;21.5	237;184060;184593;+;70.4	228;176279;178231;+;36.9	A	9/9	contiguous	37236	0	1	
NZ_OL964513.1	-	IncFII(Yp);IncFII(pAR0022)	90	0	0	GA	0															not_admitted	not_admitted	not_admitted	not_admitted	not_admitted	not_admitted	not_admitted	not_admitted	not_admitted	not_admitted	1	71;58257;59252;+;369.5	78;63772;65139;+;352.7	74;61720;62526;+;204.7	66;53949;56564;+;236.0	79;65139;68027;+;317.3	62;51276;52634;+;94.4	66;53949;56564;+;120.2	60;49954;50523;+;107.8	72;59271;59897;+;65.3	73;59894;61723;+;244.0	82;69058;71247;+;366.9	65;53359;53946;+;52.5	82;69058;71247;+;62.7	A	9/9	contiguous	19104	1	1	68024..68635+;203;unnamed;0
NZ_OL964514.1	MPF_T	IncX3	60	0	0	GA	1	37;27043;27687;+;46.4	38;27671;27961;+;73.1	39;27986;30739;+;47.0	39;27986;30739;+;142.4	39;27986;30739;+;73.3	40;30749;31519;+;60.1	42;31798;32853;+;133.2		43;33048;33776;+;119.4	44;33782;34711;+;138.8	45;34708;35922;+;128.3	47;36118;37152;+;65.7	48;37155;38990;+;495.9		pfam	pfam_only	A	7/7	canonical	1	1	unscoreable	2	0	0														not_admitted	not_admitted	not_admitted	not_admitted	not_admitted	not_admitted	not_admitted
NZ_OL964515.1	MPF_F	Col(pHAD28);IncFIB(K);IncFII(pKP91)	220	0	0	GA	0															not_admitted	not_admitted	not_admitted	not_admitted	not_admitted	not_admitted	not_admitted	not_admitted	not_admitted	not_admitted	1	133;124992;125981;+;363.3	144;131800;133167;+;382.2	140;129790;130542;+;233.7	129;120896;123535;+;259.4	145;133167;136016;+;342.9	119;115510;116934;+;89.2	129;120896;123535;+;88.3	117;114217;114783;+;167.9	135;126257;126904;+;65.9	136;126963;128918;+;259.5	149;137828;140110;+;393.3	121;117546;118130;+;53.8	149;137828;140110;+;65.9	A	9/9	contiguous	23611	1	1	136019..136549+;176;unnamed;0
NZ_OL988824.1	MPF_F	IncFIB(pB171);IncFII(Yp);IncFII(pAR0022)	127	0	0	GA	0															not_admitted	not_admitted	not_admitted	not_admitted	not_admitted	not_admitted	not_admitted	not_admitted	not_admitted	not_admitted	1	106;88871;89863;+;369.4	114;94576;95946;+;376.7	110;92610;93359;+;218.2	103;85253;87883;+;285.5	115;95946;98768;+;336.5	97;81831;83225;+;89.4	103;85253;87883;+;98.6	95;80548;81114;+;169.9	107;89880;90509;+;66.9	108;90506;92359;+;260.5	118;100104;101879;+;337.9	98;83247;83786;+;67.5	118;100104;101879;+;55.9	A	9/9	contiguous	19556	1	1	98790..99221+;143;TraS;0
NZ_OL988825.1	MPF_F	IncC	236	0	0	GA	0															not_admitted	not_admitted	not_admitted	not_admitted	not_admitted	not_admitted	not_admitted	not_admitted	not_admitted	not_admitted	1	132;103161;103904;+;276.9	225;179724;181157;+;339.2	224;178694;179722;+;221.7	125;97700;100147;+;354.2	226;181170;184784;+;375.3	45;26117;27277;+;156.3	125;97700;100147;+;129.0	118;87351;87977;+;92.1	128;100969;101739;+;64.2	133;104020;106815;+;145.3	109;81676;83541;+;47.4	121;90188;90766;+;100.2	109;81676;83541;+;52.0	A	9/9	split_3	155053	0	1	
NZ_OM038690.1	MPF_T	IncX4	37	0	0	GA	1	15;10841;11461;+;41.6	16;11475;11801;+;64.4	17;11820;14567;+;63.8	17;11820;14567;+;151.8	17;11820;14567;+;46.1	18;14579;15295;+;94.2	19;15307;16401;+;150.1		21;16916;17602;+;169.0	22;17599;18507;+;142.4	23;18500;19618;+;163.9	24;19620;20648;+;85.0	25;20680;22497;+;314.8		pfam	pfam_only	A	7/7	canonical	1	1	unscoreable	1	0	0														not_admitted	not_admitted	not_admitted	not_admitted	not_admitted	not_admitted	not_admitted
NZ_OM038691.1	MPF_T	IncX4	37	0	0	GA	1	15;10863;11483;+;41.6	16;11497;11823;+;64.4	17;11842;14589;+;63.8	17;11842;14589;+;151.8	17;11842;14589;+;46.1	18;14601;15317;+;94.2	19;15329;16423;+;150.1		21;16938;17624;+;169.0	22;17621;18529;+;142.4	23;18522;19640;+;163.9	24;19642;20670;+;85.0	25;20702;22519;+;314.8		pfam	pfam_only	A	7/7	canonical	1	1	unscoreable	1	0	0														not_admitted	not_admitted	not_admitted	not_admitted	not_admitted	not_admitted	not_admitted
NZ_OM038692.1	MPF_T	IncI2	77	0	0	GA	1	15;14481;14963;-;81.1		30;30560;30844;-;36.6	29;28197;30554;-;58.5	29;28197;30554;-;44.9	42;36995;37639;-;41.0	43;37645;38640;-;123.7		27;27297;28031;-;144.3	26;26530;27300;-;170.5	25;25401;26540;-;154.7	18;16732;18270;-;208.0	23;22353;24311;-;289.6		pfam	pfam_only	A	7/7	rearranged	1	0	unscoreable	17	0	0														not_admitted	not_admitted	not_admitted	not_admitted	not_admitted	not_admitted	not_admitted
NZ_OM048934.1	MPF_F	IncFII(S);IncFII(pAR0022)	158	0	0	GA	0															not_admitted	not_admitted	not_admitted	not_admitted	not_admitted	not_admitted	not_admitted	not_admitted	not_admitted	not_admitted	1	134;95540;96532;+;366.7	143;101780;103162;+;392.4	140;99999;100748;+;231.0	131;91905;94553;+;314.1	144;103159;105981;+;394.4	123;87951;89372;+;91.5	131;91905;94553;+;97.8	121;86658;87224;+;185.6	136;96844;97482;+;70.6	138;97935;99761;+;271.0	147;107635;109842;+;374.0	126;90178;90693;+;96.7	147;107635;109842;+;72.1	A	9/9	contiguous	20977	1	1	106003..106491+;162;TraS;0
NZ_OM048935.1	MPF_F	IncFIB(AP001918);IncFII	166	0	0	GA	0															not_admitted	not_admitted	not_admitted	not_admitted	not_admitted	not_admitted	not_admitted	not_admitted	not_admitted	not_admitted	1	143;110096;111034;+;330.9	155;117653;119026;+;381.0	150;115320;116063;+;235.0	140;106460;109087;+;304.6	156;119023;121845;+;389.2	134;102881;104308;+;94.3	140;106460;109087;+;99.2	132;101600;102166;+;183.8	147;112600;113238;+;68.6	148;113235;115043;+;268.0	159;123379;125541;+;391.6	138;105429;105944;+;78.4	159;123379;125541;+;70.4	A	9/9	contiguous	21779	1	1	121866..122363+;165;TraS;0
NZ_OM069355.1	MPF_T	IncX4	37	0	0	GA	1	15;10841;11461;+;41.6	16;11475;11801;+;64.4	17;11820;14567;+;63.8	17;11820;14567;+;151.8	17;11820;14567;+;46.1	18;14579;15295;+;94.2	19;15307;16401;+;150.1		21;16916;17602;+;169.0	22;17599;18507;+;142.4	23;18500;19618;+;163.9	24;19620;20648;+;85.0	25;20680;22497;+;314.8		pfam	pfam_only	A	7/7	canonical	1	1	unscoreable	1	0	0														not_admitted	not_admitted	not_admitted	not_admitted	not_admitted	not_admitted	not_admitted
NZ_OM069356.1	MPF_T	IncI2(Delta)	77	0	0	GA	1	17;18051;18533;-;81.1		32;34152;34436;-;36.6	31;31789;34146;-;58.5	31;31789;34146;-;44.9	41;39248;39892;-;41.0	42;39898;40893;-;123.9		29;30889;31623;-;144.3	28;30122;30892;-;170.5	27;28993;30132;-;154.7	20;20312;21850;-;207.1	25;25945;27903;-;289.6		pfam	pfam_only	A	7/7	rearranged	1	0	unscoreable	14	0	0														not_admitted	not_admitted	not_admitted	not_admitted	not_admitted	not_admitted	not_admitted
NZ_OM105937.1	MPF_T	IncY	103	0	0	GA	1	21;18989;19651;-;48.3	20;18679;18978;-;36.6	19;15919;18669;-;61.8	19;15919;18669;-;132.4	19;15919;18669;-;47.3	18;15184;15900;-;137.0	16;13863;14870;-;137.8		14;12967;13653;-;158.3	13;12081;12974;-;147.4	12;10888;12084;-;134.7	11;9835;10884;-;71.5	4;3190;5097;-;24.4		pfam	pfam_only	A	7/7	canonical	1	1	unscoreable	8	0	0														not_admitted	not_admitted	not_admitted	not_admitted	not_admitted	not_admitted	not_admitted
NZ_OM144974.1	MPF_F	IncFIB(pNDM-Mar);IncHI1B(pNDM-MAR)	301	0	0	GA	0															not_admitted	not_admitted	not_admitted	not_admitted	not_admitted	not_admitted	not_admitted	not_admitted	not_admitted	not_admitted	1	232;208840;209877;-;282.3	77;58113;59522;+;190.4	76;57086;58123;+;175.6	244;220709;223426;-;149.6	78;59524;63492;+;120.1	158;135656;136912;-;206.8	244;220709;223426;-;85.2	251;228555;229415;-;79.0	233;209874;211235;-;70.0	231;205645;208830;-;59.6	69;47761;49887;-;57.7	245;223471;224208;-;56.9	69;47761;49887;-;41.0	A	9/9	split_3	180794	0	1	
NZ_OM144977.1	MPF_F	IncFII(pHN7A8);IncR	216	0	0	GA	0															not_admitted	not_admitted	not_admitted	not_admitted	not_admitted	not_admitted	not_admitted	not_admitted	not_admitted	not_admitted	1	66;51504;52496;+;369.5	79;59329;60702;+;376.8	74;57020;57763;+;234.4	63;47868;50495;+;301.8	80;60699;63515;+;376.7	58;44386;45813;+;94.1	63;47868;50495;+;101.8	56;43105;43671;+;183.8	69;53442;54080;+;70.4	72;54893;56743;+;265.0	84;65816;68014;+;391.7	62;46837;47352;+;77.6	84;65816;68014;+;70.3	A	9/9	contiguous	22711	1	1	63548..64069+;173;unnamed;0
NZ_OM146019.1	MPF_F	IncFII(K);IncFII(pKP91);repB(R1701)	168	0	0	GA	0															not_admitted	not_admitted	not_admitted	not_admitted	not_admitted	not_admitted	not_admitted	not_admitted	not_admitted	not_admitted	1	108;87273;88262;+;363.3	119;94081;95448;+;381.8	115;92071;92823;+;231.8	104;83177;85816;+;256.9	120;95448;98291;+;346.2	97;78924;80348;+;89.2	104;83177;85816;+;88.7	95;77631;78197;+;169.3	110;88538;89185;+;66.3	111;89244;91199;+;259.7	124;100875;103157;+;393.2	98;80421;81005;+;54.5	124;100875;103157;+;65.8	A	9/9	contiguous	23244	1	1	98302..98826+;174;unnamed;0
NZ_OM179752.1	MPF_F	IncFII(pCoo);p0111	161	0	0	GA	0															not_admitted	not_admitted	not_admitted	not_admitted	not_admitted	not_admitted	not_admitted	not_admitted	not_admitted	not_admitted	1	139;113826;114818;+;369.3	150;120871;122244;+;380.7	145;118538;119281;+;233.3	136;110190;112817;+;306.8	151;122241;125066;+;376.7	130;106716;108143;+;94.3	136;110190;112817;+;98.5	128;105435;106001;+;183.8	142;115815;116453;+;68.2	143;116450;118258;+;268.3	155;127308;129524;+;391.7	134;109159;109674;+;78.4	155;127308;129524;+;70.3	A	9/9	contiguous	21873	1	1	125063..125572+;169;unnamed;0
NZ_OM311153.1	MPF_F	IncFIA(HI1);IncFII(K)	120	0	0	GA	0															not_admitted	not_admitted	not_admitted	not_admitted	not_admitted	not_admitted	not_admitted	not_admitted	not_admitted	not_admitted	1	95;71538;72527;+;363.9	105;78074;79441;+;384.5	101;76064;76816;+;233.6	91;67456;70095;+;258.5	106;79441;82284;+;346.2	81;62203;63627;+;89.2	91;67456;70095;+;88.7	79;60910;61476;+;169.3	96;72540;73178;+;64.7	97;73237;75192;+;259.7	110;84868;87150;+;393.2	83;64239;64823;+;53.4	110;84868;87150;+;65.8	A	9/9	contiguous	23958	1	1	82295..82819+;174;unnamed;0
NZ_OM317740.1	MPF_F	IncHI2;IncHI2A	340	0	0	GA	0															not_admitted	not_admitted	not_admitted	not_admitted	not_admitted	not_admitted	not_admitted	not_admitted	not_admitted	not_admitted	1	250;255063;256121;+;276.9	133;145008;146423;-;194.1	134;146413;147459;-;174.1	234;232311;234992;+;168.0	132;141046;144999;-;101.6	230;228626;229981;+;80.7	234;232311;234992;+;72.2	227;226114;226902;+;74.8	248;253410;254921;+;62.0	251;256140;259328;+;57.3	141;154501;156585;+;56.8	233;231352;232302;+;46.1	141;154501;156585;+;38.8	A	9/9	split_3	115094	1	1	139576..140865-;429;unnamed;0
NZ_OM317741.1	MPF_F	IncHI2;IncHI2A	463	0	0	GA	0															not_admitted	not_admitted	not_admitted	not_admitted	not_admitted	not_admitted	not_admitted	not_admitted	not_admitted	not_admitted	1	383;383564;384514;+;277.4	264;273401;274816;-;194.1	265;274806;275852;-;174.1	367;360704;363385;+;168.0	263;269439;273392;-;101.6	363;357019;358374;+;80.7	367;360704;363385;+;72.2	360;354507;355295;+;74.8	381;381803;383314;+;62.0	384;384533;387721;+;57.3	272;282894;284978;+;56.8	366;359745;360695;+;46.1	272;282894;284978;+;38.8	A	9/9	split_3	115094	1	1	267969..269258-;429;unnamed;0
NZ_OM489425.1	MPF_F	IncFIB(pQil)	103	0	0	GA	0															not_admitted	not_admitted	not_admitted	not_admitted	not_admitted	not_admitted	not_admitted	not_admitted	not_admitted	not_admitted	1	49;45615;46604;-;366.0			53;48047;50686;-;258.5		61;53943;55367;-;88.8	53;48047;50686;-;88.7	63;56094;56660;-;169.3	48;45150;45602;-;31.6			60;53245;53829;-;55.4		D	5/9	contiguous	10944	0	0	
NZ_OM489426.1	MPF_F	IncFIB(pQil);IncFII(K)	147	0	0	GA	0															not_admitted	not_admitted	not_admitted	not_admitted	not_admitted	not_admitted	not_admitted	not_admitted	not_admitted	not_admitted	1	93;98038;99027;-;366.0	82;82834;84201;+;380.7	78;80824;81576;+;233.7	97;100470;103109;-;258.5	83;84201;87050;+;345.6	105;106366;107790;-;88.8	97;100470;103109;-;88.7	107;108517;109083;-;169.3	92;97573;98025;-;31.6	73;77220;79175;+;259.7	50;47025;49337;+;392.7	104;105668;106252;-;55.4	50;47025;49337;+;66.5	A	9/9	split_2	61492	1	1	87063..87611+;182;unnamed;0
NZ_OM489431.1	MPF_F	IncFIB(pQil);IncFII(K)	134	0	0	GA	0															not_admitted	not_admitted	not_admitted	not_admitted	not_admitted	not_admitted	not_admitted	not_admitted	not_admitted	not_admitted	1	80;76197;77186;-;366.0	70;69283;70650;-;380.7	74;71908;72660;-;233.7	84;78629;81268;-;258.5	69;66434;69283;-;345.6	92;84525;85949;-;88.8	84;78629;81268;-;88.7	94;86676;87242;-;169.3	79;75546;76184;-;67.0	78;73532;75487;-;259.7	65;61636;63948;-;392.7	91;83827;84411;-;55.4	65;61636;63948;-;66.5	A	9/9	contiguous	25040	1	1	65873..66421-;182;unnamed;0
NZ_OM506550.1	-	IncFIB(AP001918)	141	0	0	GA	0															not_admitted	not_admitted	not_admitted	not_admitted	not_admitted	not_admitted	not_admitted	not_admitted	not_admitted	not_admitted	1				20;15232;15609;+;35.3									95;90132;92432;+;32.1	D	1/9	split_2	74900	0	0	
NZ_OM506551.1	-	-	79	0	0	GA	0															not_admitted	not_admitted	not_admitted	not_admitted	not_admitted	not_admitted	not_admitted	not_admitted	not_admitted	not_admitted	1	58;45479;46468;+;341.3	65;51059;52444;+;333.8	61;49123;49899;+;197.3	55;41810;44410;+;233.3	66;52441;55317;+;274.6	53;39891;41309;+;90.4	55;41810;44410;+;90.6	51;38610;39185;+;135.6	59;46538;47233;+;70.5	60;47226;49109;+;237.6	69;56346;58601;+;366.0	54;41319;41810;+;40.9	69;56346;58601;+;67.8	A	9/9	contiguous	17736	1	1	55391..55828+;145;unnamed;0
NZ_OM735810.1	MPF_F	IncFIB(AP001918);IncFII;IncQ1	153	0	0	GA	0															not_admitted	not_admitted	not_admitted	not_admitted	not_admitted	not_admitted	not_admitted	not_admitted	not_admitted	not_admitted	1	119;123108;124100;-;369.3	110;116673;118046;-;381.0	115;119636;120379;-;231.6	122;125109;127736;-;306.4	109;113851;116676;-;386.0	128;129791;131218;-;94.3	122;125109;127736;-;98.5	130;131933;132499;-;183.3	118;122461;123099;-;68.7	117;120656;122464;-;267.9	106;110194;112347;-;391.8	124;128252;128767;-;77.3	106;110194;112347;-;70.4	A	9/9	contiguous	21739	1	1	113345..113854-;169;unnamed;0
NZ_OM735812.1	MPF_T	IncX4	42	0	0	GA	1	14;6800;7420;+;41.6	15;7434;7760;+;64.4	16;7779;10526;+;63.8	16;7779;10526;+;151.8	16;7779;10526;+;46.1	17;10538;11254;+;94.2	18;11266;12360;+;150.1		20;12875;13561;+;169.0	21;13558;14466;+;142.4	22;14459;15577;+;163.9	23;15579;16607;+;85.0	24;16639;18456;+;314.8		pfam	pfam_only	A	7/7	canonical	1	1	unscoreable	1	0	0														not_admitted	not_admitted	not_admitted	not_admitted	not_admitted	not_admitted	not_admitted
NZ_OM735813.1	MPF_T	IncX4	42	0	0	GA	1	14;6800;7420;+;41.6	15;7434;7760;+;64.4	16;7779;10526;+;63.8	16;7779;10526;+;151.8	16;7779;10526;+;46.1	17;10538;11254;+;94.2	18;11266;12360;+;150.1		20;12875;13561;+;169.0	21;13558;14466;+;142.4	22;14459;15577;+;163.9	23;15579;16607;+;85.0	24;16639;18456;+;314.8		pfam	pfam_only	A	7/7	canonical	1	1	unscoreable	1	0	0														not_admitted	not_admitted	not_admitted	not_admitted	not_admitted	not_admitted	not_admitted
NZ_OM735814.1	MPF_T	IncX4	42	0	0	GA	1	14;6800;7420;+;41.6	15;7434;7760;+;64.4	16;7779;10526;+;63.8	16;7779;10526;+;151.8	16;7779;10526;+;46.1	17;10538;11254;+;94.2	18;11266;12360;+;150.1		20;12875;13561;+;169.0	21;13558;14466;+;142.4	22;14459;15577;+;163.9	23;15579;16607;+;85.0	24;16639;18456;+;314.8		pfam	pfam_only	A	7/7	canonical	1	1	unscoreable	1	0	0														not_admitted	not_admitted	not_admitted	not_admitted	not_admitted	not_admitted	not_admitted
NZ_OM735815.1	MPF_T	IncX4	42	0	0	GA	1	14;6800;7420;+;41.6	15;7434;7760;+;64.4	16;7779;10526;+;63.8	16;7779;10526;+;151.8	16;7779;10526;+;46.1	17;10538;11254;+;94.2	18;11266;12360;+;150.1		20;12875;13561;+;169.0	21;13558;14466;+;142.4	22;14459;15577;+;163.9	23;15579;16607;+;85.0	24;16639;18456;+;314.8		pfam	pfam_only	A	7/7	canonical	1	1	unscoreable	1	0	0														not_admitted	not_admitted	not_admitted	not_admitted	not_admitted	not_admitted	not_admitted
NZ_OM735816.1	MPF_T	IncX4	42	0	0	GA	1	14;6800;7420;+;41.6	15;7434;7760;+;64.4	16;7779;10526;+;63.8	16;7779;10526;+;151.8	16;7779;10526;+;46.1	17;10538;11254;+;94.2	18;11266;12360;+;150.1		20;12875;13561;+;169.0	21;13558;14466;+;142.4	22;14459;15577;+;163.9	23;15579;16607;+;85.0	24;16639;18456;+;314.8		pfam	pfam_only	A	7/7	canonical	1	1	unscoreable	1	0	0														not_admitted	not_admitted	not_admitted	not_admitted	not_admitted	not_admitted	not_admitted
NZ_OM735817.1	MPF_T	IncX4	42	0	0	GA	1	14;6800;7420;+;41.6	15;7434;7760;+;64.4	16;7779;10526;+;63.8	16;7779;10526;+;151.8	16;7779;10526;+;46.1	17;10538;11254;+;94.2	18;11266;12360;+;150.1		20;12875;13561;+;169.0	21;13558;14466;+;142.4	22;14459;15577;+;163.9	23;15579;16607;+;85.0	24;16639;18456;+;314.8		pfam	pfam_only	A	7/7	canonical	1	1	unscoreable	1	0	0														not_admitted	not_admitted	not_admitted	not_admitted	not_admitted	not_admitted	not_admitted
NZ_OM791348.1	MPF_T	IncX3	57	0	0	GA	1	31;29039;29683;-;46.4	30;28765;29055;-;73.1	29;25987;28740;-;47.0	29;25987;28740;-;142.4	29;25987;28740;-;73.3	28;25207;25977;-;60.1	26;23873;24928;-;133.2		25;22950;23678;-;119.4	24;22015;22944;-;138.8	23;20804;22018;-;128.3	21;19574;20608;-;65.7	20;17736;19571;-;495.9		pfam	pfam_only	A	7/7	canonical	1	1	unscoreable	2	0	0														not_admitted	not_admitted	not_admitted	not_admitted	not_admitted	not_admitted	not_admitted
NZ_OM839890.1	MPF_T	IncI2(Delta)	73	0	0	GA	1	13;14182;14664;-;81.1		28;30271;30555;-;36.6	27;27908;30265;-;58.5	27;27908;30265;-;44.9	37;35367;36011;-;41.0	38;36017;37012;-;123.9		25;27008;27742;-;144.3	24;26241;27011;-;170.5	23;25112;26251;-;154.7	16;16443;17981;-;207.1	21;22064;24022;-;289.6		pfam	pfam_only	A	7/7	rearranged	1	0	unscoreable	14	0	0														not_admitted	not_admitted	not_admitted	not_admitted	not_admitted	not_admitted	not_admitted
NZ_OM928503.1	MPF_F	IncFII(pHN7A8)	146	0	0	GA	0															not_admitted	not_admitted	not_admitted	not_admitted	not_admitted	not_admitted	not_admitted	not_admitted	not_admitted	not_admitted	1				78;58520;59503;-;195.9		83;61558;62985;-;94.1		85;63700;64266;-;183.8				79;60019;60534;-;77.6		D	3/9	contiguous	5180	0	0	
NZ_OM938013.1	MPF_F	repHI5B	294	0	0	GA	0															not_admitted	not_admitted	not_admitted	not_admitted	not_admitted	not_admitted	not_admitted	not_admitted	not_admitted	not_admitted	1	29;26796;27833;-;282.2	152;133961;135403;+;188.6	151;132967;134004;+;172.0	40;38702;41419;-;143.5	153;135405;139349;+;119.0	44;43542;44909;-;63.7	40;38702;41419;-;80.6	47;46564;47424;-;73.9	30;27830;29191;-;71.7	28;23605;26781;-;58.6	144;123589;125715;-;62.0	41;41468;42205;-;56.3	144;123589;125715;-;39.7	A	9/9	split_2	111800	0	1	
NZ_OM938015.1	MPF_T	IncFIB(K);IncN	234	0	0	GA	1	200;180747;181481;+;32.5	202;181781;182074;+;28.7	203;182124;182441;+;63.3	204;182441;185041;+;111.8	204;182441;185041;+;76.8	205;185059;185772;+;97.1	207;186023;187063;+;153.6		208;187282;187980;+;131.9	209;187991;188875;+;159.0	210;188875;190035;+;154.9	211;190077;191072;+;81.2	215;195641;197170;-;38.5		pfam	both	A	7/7	canonical	1	0	unscoreable	5	0	0														not_admitted	not_admitted	not_admitted	not_admitted	not_admitted	not_admitted	not_admitted
NZ_OM975891.1	MPF_F	IncFIB(K);IncFII(K);IncFII(pAR0022)	245	0	0	GA	0															not_admitted	not_admitted	not_admitted	not_admitted	not_admitted	not_admitted	not_admitted	not_admitted	not_admitted	not_admitted	1	201;206775;207764;-;363.3	190;199589;200956;-;384.1	194;202214;202966;-;233.7	205;209221;211860;-;259.0	189;196767;199589;-;346.4	215;215828;217252;-;89.5	205;209221;211860;-;88.7	217;217979;218545;-;167.0	199;205852;206499;-;65.9	198;203838;205793;-;259.4	185;191838;194150;-;393.1	213;214632;215216;-;53.8	185;191838;194150;-;66.6	A	9/9	contiguous	26141	1	1	196142..196744-;200;TraS;0
NZ_OM975894.1	MPF_F	IncFIB(pNDM-Mar);IncHI1B(pNDM-MAR)	354	0	0	GA	0															not_admitted	not_admitted	not_admitted	not_admitted	not_admitted	not_admitted	not_admitted	not_admitted	not_admitted	not_admitted	1	293;253826;254863;-;282.3	79;60194;61603;+;190.4	78;59167;60204;+;175.6	305;265695;268412;-;149.6	80;61605;65573;+;121.3	309;270525;271895;-;65.6	305;265695;268412;-;85.2	312;273541;274401;-;79.0	294;254860;256221;-;69.9	292;250631;253816;-;59.6	71;49842;51968;-;57.7	306;268457;269194;-;56.9	71;49842;51968;-;41.0	A	9/9	split_2	223699	0	1	
NZ_OM982652.1	MPF_F	IncFIA(HI1)(pAR0022);IncFII(p14)	95	0	0	GA	0															not_admitted	not_admitted	not_admitted	not_admitted	not_admitted	not_admitted	not_admitted	not_admitted	not_admitted	not_admitted	1	25;28309;29310;-;352.3	18;22249;23661;-;336.7	22;25040;25822;-;208.8	29;30579;33218;-;253.9	17;19352;22252;-;297.3	33;34589;35917;-;97.6	29;30579;33218;-;105.1	35;36671;37246;-;119.0	24;27675;28295;-;60.9	23;25822;27678;-;245.6	12;14973;17222;-;370.5	30;33218;33814;-;40.4	12;14973;17222;-;60.4	A	9/9	contiguous	21698	1	1	18777..19355-;192;unnamed;0
NZ_OM982653.1	MPF_F	IncFII(Yp)	98	0	0	GA	0															not_admitted	not_admitted	not_admitted	not_admitted	not_admitted	not_admitted	not_admitted	not_admitted	not_admitted	not_admitted	1	92;78480;79481;+;352.3	1;342;1754;+;336.3	95;81968;82750;+;208.8	88;74572;77211;+;253.8	2;1751;4651;+;299.8	84;71873;73201;+;97.5	88;74572;77211;+;105.1	82;70544;71119;+;119.0	93;79495;80115;+;60.9	94;80112;81968;+;245.6	6;6781;9027;+;370.6	87;73976;74572;+;40.6	6;6781;9027;+;60.3	A	9/9	split_2	81626	1	1	4648..5226+;192;unnamed;0
NZ_OM986070.1	MPF_F	IncFII	73	0	0	GA	0															not_admitted	not_admitted	not_admitted	not_admitted	not_admitted	not_admitted	not_admitted	not_admitted	not_admitted	not_admitted	1	50;44692;45684;+;369.3	59;50746;52119;+;381.0	54;48383;49156;+;234.0	47;41053;43683;+;303.5	60;52116;54941;+;386.0	40;36348;37775;+;94.3	47;41053;43683;+;98.5	38;35067;35633;+;183.8	51;45693;46331;+;68.7	52;46328;48136;+;268.0	63;56445;58670;+;391.7	44;38903;39418;+;78.6	63;56445;58670;+;70.3	A	9/9	contiguous	21378	1	1	54938..55447+;169;unnamed;0
NZ_ON002622.2	MPF_F	IncFIB(K);IncFIB(pQil);IncFII(K)	280	0	0	GA	0															not_admitted	not_admitted	not_admitted	not_admitted	not_admitted	not_admitted	not_admitted	not_admitted	not_admitted	not_admitted	1	223;205142;206131;+;366.0	145;146532;147899;-;380.7	229;209668;210420;+;233.7	219;201060;203699;+;258.5	144;143683;146532;-;345.6	211;196379;197803;+;88.8	219;201060;203699;+;88.7	209;195086;195652;+;169.3	224;206144;206782;+;67.0	225;206841;208796;+;259.7	140;138885;141197;-;392.7	212;197917;198501;+;55.4	140;138885;141197;-;66.5	A	9/9	split_2	70783	1	1	143122..143670-;182;unnamed;0
NZ_ON002623.2	MPF_F	IncFIB(pQil);IncFII(K)	132	0	0	GA	0															not_admitted	not_admitted	not_admitted	not_admitted	not_admitted	not_admitted	not_admitted	not_admitted	not_admitted	not_admitted	1	78;75369;76358;-;366.0	68;68455;69822;-;380.7	72;71080;71832;-;233.7	82;77801;80440;-;258.7	67;65606;68455;-;345.6	90;83697;85121;-;88.8	82;77801;80440;-;88.8	92;85848;86414;-;169.3	77;74718;75356;-;67.0	76;72704;74659;-;259.7	63;60808;63120;-;392.7	89;82999;83583;-;55.4	63;60808;63120;-;66.5	A	9/9	contiguous	25040	1	1	65045..65593-;182;unnamed;0
NZ_ON007234.1	MPF_T	-	55	0	0	GA	1		33;27852;28115;+;51.9	34;28128;30896;+;73.3	34;28128;30896;+;173.2	34;28128;30896;+;84.1	39;32889;33860;+;83.3	40;33857;34855;+;119.5		42;35002;35664;+;177.6	43;35661;36548;+;161.4	44;36575;37750;+;165.9	45;37731;38723;+;93.2	46;38724;40535;+;348.4		pfam	pfam_only	A	7/7	canonical	1	1	unscoreable	5	0	0														not_admitted	not_admitted	not_admitted	not_admitted	not_admitted	not_admitted	not_admitted
NZ_ON023483.1	MPF_F	IncC	198	0	0	GA	0															not_admitted	not_admitted	not_admitted	not_admitted	not_admitted	not_admitted	not_admitted	not_admitted	not_admitted	not_admitted	1	95;73949;74956;+;332.9	187;153881;155314;+;339.2	186;152851;153879;+;221.7	90;68750;71197;+;354.2	188;155327;158941;+;375.3	81;55439;56755;+;135.0	90;68750;71197;+;128.6	79;53915;54541;+;92.1	93;72019;73284;+;67.6	96;75072;77867;+;145.3	70;48240;50105;+;47.4	82;56752;57330;+;100.2	70;48240;50105;+;52.0	A	9/9	split_2	107087	0	1	
NZ_ON023484.1	MPF_T	IncX3	58	0	0	GA	1	26;16584;17228;+;46.4	27;17212;17502;+;73.1	28;17527;20280;+;47.0	28;17527;20280;+;142.4	28;17527;20280;+;73.3	29;20290;21060;+;60.1	31;21339;22394;+;133.2		32;22589;23317;+;119.4	33;23323;24252;+;138.8	34;24249;25463;+;128.3	36;25659;26693;+;65.7	37;26696;28531;+;495.9		pfam	pfam_only	A	7/7	canonical	1	1	unscoreable	2	0	0														not_admitted	not_admitted	not_admitted	not_admitted	not_admitted	not_admitted	not_admitted
NZ_ON081620.1	MPF_F	IncFIB(pQil);IncFII(K)	131	0	0	GA	0															not_admitted	not_admitted	not_admitted	not_admitted	not_admitted	not_admitted	not_admitted	not_admitted	not_admitted	not_admitted	1	106;87129;88121;+;366.6	116;93572;94942;+;381.2	112;91618;92370;+;232.4	103;83464;86103;+;258.5	117;94942;97791;+;344.2	95;78783;80207;+;88.8	103;83464;86103;+;88.7	93;77490;78056;+;169.3	107;88134;88772;+;67.0	108;88769;90775;+;259.0	121;99605;101914;+;393.2	96;80321;80905;+;55.4	121;99605;101914;+;65.8	A	9/9	contiguous	22115	1	1	97794..98324+;176;unnamed;0
NZ_ON081621.1	MPF_F	IncFIB(pNDM-Mar);IncHI1B(pNDM-MAR)	386	0	0	GA	0															not_admitted	not_admitted	not_admitted	not_admitted	not_admitted	not_admitted	not_admitted	not_admitted	not_admitted	not_admitted	1	311;288339;289376;-;282.3	80;67633;69042;+;190.4	79;66606;67643;+;176.7	323;300208;302925;-;148.7	81;69044;72982;+;118.9	327;305038;306408;-;65.6	323;300208;302925;-;85.2	330;308054;308914;-;79.0	312;289373;290734;-;69.9	310;285144;288329;-;58.9	72;57299;59425;-;58.0	324;302970;303707;-;57.0	72;57299;59425;-;39.7	A	9/9	split_2	250755	0	1	
NZ_ON081622.1	MPF_F	IncFIB(pQil);IncFII(K)	133	0	0	GA	0															not_admitted	not_admitted	not_admitted	not_admitted	not_admitted	not_admitted	not_admitted	not_admitted	not_admitted	not_admitted	1	108;87547;88536;+;366.0	118;94083;95450;+;380.7	114;92073;92825;+;233.7	104;83465;86104;+;258.5	119;95450;98299;+;345.6	95;78783;80207;+;88.8	104;83465;86104;+;88.7	93;77490;78056;+;169.3	109;88549;89187;+;66.9	110;89246;91201;+;259.7	123;100785;103097;+;392.7	96;80321;80905;+;55.4	123;100785;103097;+;66.5	A	9/9	contiguous	23295	1	1	98312..98860+;182;unnamed;0
NZ_ON081623.1	MPF_F	IncFIB(pNDM-Mar);IncHI1B(pNDM-MAR)	376	0	0	GA	0															not_admitted	not_admitted	not_admitted	not_admitted	not_admitted	not_admitted	not_admitted	not_admitted	not_admitted	not_admitted	1	301;278921;279958;-;282.3	80;67633;69042;+;190.4	79;66606;67643;+;176.7	313;290790;293507;-;148.7	81;69044;72982;+;118.9	317;295620;296990;-;65.6	313;290790;293507;-;85.2	320;298636;299496;-;79.0	302;279955;281316;-;69.9	300;275726;278911;-;58.9	72;57299;59425;-;58.0	314;293552;294289;-;57.0	72;57299;59425;-;39.7	A	9/9	split_2	241337	0	1	
NZ_ON081624.1	MPF_F	IncFIB(pNDM-Mar);IncHI1B(pNDM-MAR)	337	0	0	GA	0															not_admitted	not_admitted	not_admitted	not_admitted	not_admitted	not_admitted	not_admitted	not_admitted	not_admitted	not_admitted	1	262;240559;241596;-;282.3	80;67594;69003;+;190.4	79;66567;67604;+;176.7	274;252428;255145;-;148.7	81;69005;72943;+;118.9	278;257258;258628;-;65.6	274;252428;255145;-;85.2	281;260274;261134;-;79.0	263;241593;242954;-;69.9	261;237364;240549;-;58.9	72;57260;59386;-;58.0	275;255190;255927;-;57.0	72;57260;59386;-;39.7	A	9/9	split_2	203014	0	1	
NZ_ON081626.1	MPF_F	IncA	190	0	0	GA	0															not_admitted	not_admitted	not_admitted	not_admitted	not_admitted	not_admitted	not_admitted	not_admitted	not_admitted	not_admitted	1	67;52843;53847;+;330.1	179;147740;149173;+;336.4	178;146698;147738;+;223.9	62;47638;50085;+;352.8	180;149186;152791;+;377.7	57;38811;40127;+;136.3	62;47638;50085;+;130.4	55;37287;37913;+;93.9	65;50907;52175;+;69.6	68;53998;56736;+;138.7	46;31632;33497;+;46.9	58;40124;40702;+;98.1	46;31632;33497;+;51.6	A	9/9	split_2	117554	0	1	
NZ_ON101335.1	MPF_T	-	50	0	0	GA	1		28;25026;25289;+;51.4	29;25308;28076;+;73.4	29;25308;28076;+;177.8	29;25308;28076;+;86.0	34;29943;30932;+;86.1	35;30929;31924;+;116.9		37;32068;32727;+;177.9	38;32724;33614;+;162.9	39;33624;34802;+;164.3	40;34783;35790;+;93.9	41;35791;37602;+;351.4		pfam	pfam_only	A	7/7	canonical	1	1	unscoreable	5	0	0														not_admitted	not_admitted	not_admitted	not_admitted	not_admitted	not_admitted	not_admitted
NZ_ON101336.1	MPF_T	-	52	0	0	GA	1		30;24662;24925;+;59.3	31;24938;27706;+;73.3	31;24938;27706;+;175.9	31;24938;27706;+;84.1	36;29582;30571;+;85.5	37;30568;31563;+;116.4		39;31710;32372;+;177.6	40;32369;33256;+;160.2	41;33283;34458;+;165.9	42;34439;35431;+;93.2	43;35432;37243;+;348.4		pfam	pfam_only	A	7/7	canonical	1	1	unscoreable	5	0	0														not_admitted	not_admitted	not_admitted	not_admitted	not_admitted	not_admitted	not_admitted
NZ_ON111447.1	MPF_T	IncFII(pHN7A8);IncN;IncR	238	0	0	GA	1	39;28651;29136;+;82.6		128;99710;100027;-;63.3	127;97110;99710;-;113.8	127;97110;99710;-;76.4	126;96379;97092;-;105.5	124;95088;96128;-;142.4		123;94171;94869;-;131.9	122;93276;94160;-;159.7	121;92116;93276;-;156.3	120;91079;92074;-;81.2	96;69607;71136;+;38.5		pfam	both	A	7/7	canonical	1	0	unscoreable	3	0	0														not_admitted	not_admitted	not_admitted	not_admitted	not_admitted	not_admitted	not_admitted
NZ_ON111448.1	MPF_T	IncFII(pHN7A8);IncN;IncR	240	0	0	GA	1	66;49670;50155;+;82.6		31;26668;26985;-;63.3	30;24068;26668;-;113.8	30;24068;26668;-;76.4	29;23337;24050;-;105.5	27;22046;23086;-;142.4		26;21129;21827;-;131.9	25;20234;21118;-;159.7	24;19074;20234;-;156.3	23;18037;19032;-;81.2	89;65606;67135;-;38.5		pfam	both	A	7/7	canonical	1	0	unscoreable	3	0	0														not_admitted	not_admitted	not_admitted	not_admitted	not_admitted	not_admitted	not_admitted
NZ_ON111450.1	MPF_T	IncFII(pHN7A8);IncN	128	0	0	GA	1	66;49670;50155;+;82.6		31;26668;26985;-;63.3	30;24068;26668;-;113.8	30;24068;26668;-;76.4	29;23337;24050;-;105.5	27;22046;23086;-;142.4		26;21129;21827;-;131.9	25;20234;21118;-;159.7	24;19074;20234;-;156.3	23;18037;19032;-;81.2	89;65606;67135;-;38.5		pfam	both	A	7/7	canonical	1	0	unscoreable	3	0	0														not_admitted	not_admitted	not_admitted	not_admitted	not_admitted	not_admitted	not_admitted
NZ_ON169978.1	MPF_F	IncU;repFIB;repHI5B	369	0	0	GA	0															not_admitted	not_admitted	not_admitted	not_admitted	not_admitted	not_admitted	not_admitted	not_admitted	not_admitted	not_admitted	1	166;158406;159443;-;282.2	76;71580;73022;-;188.4	77;72979;74016;-;172.4	177;170312;173029;-;143.5	75;67640;71605;-;117.7	181;175152;176519;-;63.7	177;170312;173029;-;80.6	184;178174;179034;-;73.7	167;159440;160801;-;71.7	165;155215;158391;-;58.7	84;81244;83370;+;62.0	178;173078;173815;-;56.3	84;81244;83370;+;39.7	A	9/9	split_2	110534	0	1	
NZ_ON169979.1	MPF_F	repFIB;repHI5B	358	0	0	GA	0															not_admitted	not_admitted	not_admitted	not_admitted	not_admitted	not_admitted	not_admitted	not_admitted	not_admitted	not_admitted	1	192;174688;175725;-;282.2	30;32301;33743;+;188.4	29;31307;32344;+;172.4	203;186594;189311;-;143.5	31;33718;37683;+;117.7	207;191434;192801;-;63.7	203;186594;189311;-;80.6	210;194456;195316;-;73.9	193;175722;177083;-;71.7	191;171497;174673;-;58.7	22;21952;24078;-;62.0	204;189360;190097;-;56.3	22;21952;24078;-;39.7	A	9/9	split_2	172504	0	1	
NZ_ON209123.1	MPF_T	IncX3	67	0	0	GA	1	54;46037;46681;-;46.4	53;45763;46053;-;73.1	52;42985;45738;-;47.0	52;42985;45738;-;142.4	52;42985;45738;-;73.3	51;42205;42975;-;60.1	49;40871;41926;-;133.2		48;39948;40676;-;119.4	47;39013;39942;-;138.8	46;37802;39016;-;128.3	44;36572;37606;-;65.7	43;34734;36569;-;495.9		pfam	pfam_only	A	7/7	canonical	1	1	unscoreable	2	0	0														not_admitted	not_admitted	not_admitted	not_admitted	not_admitted	not_admitted	not_admitted
NZ_ON209124.1	MPF_T	IncX3	68	0	0	GA	1	55;46039;46683;-;46.4	54;45765;46055;-;73.1	53;42987;45740;-;47.0	53;42987;45740;-;142.4	53;42987;45740;-;73.3	52;42207;42977;-;60.1	50;40873;41928;-;133.2		49;39950;40678;-;119.4	48;39015;39944;-;138.8	47;37804;39018;-;128.3	45;36574;37608;-;65.7	44;34736;36571;-;495.9		pfam	pfam_only	A	7/7	canonical	1	1	unscoreable	2	0	0														not_admitted	not_admitted	not_admitted	not_admitted	not_admitted	not_admitted	not_admitted
NZ_ON209125.1	MPF_T	IncX3	68	0	0	GA	1	55;46039;46683;-;46.4	54;45765;46055;-;73.1	53;42987;45740;-;47.0	53;42987;45740;-;142.4	53;42987;45740;-;73.3	52;42207;42977;-;60.1	50;40873;41928;-;133.2		49;39950;40678;-;119.4	48;39015;39944;-;138.8	47;37804;39018;-;128.3	45;36574;37608;-;65.7	44;34736;36571;-;495.9		pfam	pfam_only	A	7/7	canonical	1	1	unscoreable	2	0	0														not_admitted	not_admitted	not_admitted	not_admitted	not_admitted	not_admitted	not_admitted
NZ_ON209126.1	MPF_T	IncX3	68	0	0	GA	1	55;46039;46683;-;46.4	54;45765;46055;-;73.1	53;42987;45740;-;47.0	53;42987;45740;-;142.4	53;42987;45740;-;73.3	52;42207;42977;-;60.1	50;40873;41928;-;133.2		49;39950;40678;-;119.4	48;39015;39944;-;138.8	47;37804;39018;-;128.3	45;36574;37608;-;65.7	44;34736;36571;-;495.9		pfam	pfam_only	A	7/7	canonical	1	1	unscoreable	2	0	0														not_admitted	not_admitted	not_admitted	not_admitted	not_admitted	not_admitted	not_admitted
NZ_ON209127.1	MPF_T	IncX3	61	0	0	GA	1	48;40125;40769;-;46.4	47;39851;40141;-;73.1	46;39470;39826;-;52.0	43;35113;37554;-;142.7	43;35113;37554;-;73.6	42;34333;35103;-;60.1	40;32999;34054;-;133.2		39;32076;32804;-;119.4	38;31141;32070;-;138.8	37;29930;31144;-;128.3	35;28700;29734;-;65.7	34;26862;28697;-;495.9		pfam	pfam_only	A	7/7	canonical	1	0	unscoreable	4	0	0														not_admitted	not_admitted	not_admitted	not_admitted	not_admitted	not_admitted	not_admitted
NZ_ON209128.1	MPF_T	IncX3	61	0	0	GA	1	48;40125;40769;-;46.4	47;39851;40141;-;73.1	46;39470;39826;-;52.0	43;35113;37554;-;142.7	43;35113;37554;-;73.6	42;34333;35103;-;60.1	40;32999;34054;-;133.2		39;32076;32804;-;119.4	38;31141;32070;-;138.8	37;29930;31144;-;128.3	35;28700;29734;-;65.7	34;26862;28697;-;495.9		pfam	pfam_only	A	7/7	canonical	1	0	unscoreable	4	0	0														not_admitted	not_admitted	not_admitted	not_admitted	not_admitted	not_admitted	not_admitted
NZ_ON209129.1	MPF_T	IncX3	61	0	0	GA	1	48;40125;40769;-;46.4	47;39851;40141;-;73.1	46;39470;39826;-;52.0	43;35113;37554;-;142.7	43;35113;37554;-;73.6	42;34333;35103;-;60.1	40;32999;34054;-;133.2		39;32076;32804;-;119.4	38;31141;32070;-;138.8	37;29930;31144;-;128.3	35;28700;29734;-;65.7	34;26862;28697;-;495.9		pfam	pfam_only	A	7/7	canonical	1	0	unscoreable	4	0	0														not_admitted	not_admitted	not_admitted	not_admitted	not_admitted	not_admitted	not_admitted
NZ_ON209130.1	MPF_T	IncX3	61	0	0	GA	1	48;40125;40769;-;46.4	47;39851;40141;-;73.1	46;39470;39826;-;52.0	43;35113;37554;-;142.7	43;35113;37554;-;73.6	42;34333;35103;-;60.1	40;32999;34054;-;133.2		39;32076;32804;-;119.4	38;31141;32070;-;138.8	37;29930;31144;-;128.3	35;28700;29734;-;65.7	34;26862;28697;-;495.9		pfam	pfam_only	A	7/7	canonical	1	0	unscoreable	4	0	0														not_admitted	not_admitted	not_admitted	not_admitted	not_admitted	not_admitted	not_admitted
NZ_ON209131.1	MPF_T	IncX3	61	0	0	GA	1	48;40125;40769;-;46.4	47;39851;40141;-;73.1	46;39470;39826;-;52.0	43;35113;37554;-;142.7	43;35113;37554;-;73.6	42;34333;35103;-;60.1	40;32999;34054;-;133.2		39;32076;32804;-;119.4	38;31141;32070;-;138.8	37;29930;31144;-;128.3	35;28700;29734;-;65.7	34;26862;28697;-;495.9		pfam	pfam_only	A	7/7	canonical	1	0	unscoreable	4	0	0														not_admitted	not_admitted	not_admitted	not_admitted	not_admitted	not_admitted	not_admitted
NZ_ON209132.1	MPF_T	IncX3	68	0	0	GA	1	55;46039;46683;-;46.4	54;45765;46055;-;73.1	53;42987;45740;-;47.0	53;42987;45740;-;142.4	53;42987;45740;-;73.3	52;42207;42977;-;60.1	50;40873;41928;-;133.2		49;39950;40678;-;119.4	48;39015;39944;-;138.8	47;37804;39018;-;128.3	45;36574;37608;-;65.7	44;34736;36571;-;495.9		pfam	pfam_only	A	7/7	canonical	1	1	unscoreable	2	0	0														not_admitted	not_admitted	not_admitted	not_admitted	not_admitted	not_admitted	not_admitted
NZ_ON209133.1	MPF_T	IncX3	68	0	0	GA	1	55;46039;46683;-;46.4	54;45765;46055;-;73.1	53;42987;45740;-;47.0	53;42987;45740;-;142.4	53;42987;45740;-;73.3	52;42207;42977;-;60.1	50;40873;41928;-;133.2		49;39950;40678;-;119.4	48;39015;39944;-;138.8	47;37804;39018;-;128.3	45;36574;37608;-;65.7	44;34736;36571;-;495.9		pfam	pfam_only	A	7/7	canonical	1	1	unscoreable	2	0	0														not_admitted	not_admitted	not_admitted	not_admitted	not_admitted	not_admitted	not_admitted
NZ_ON209134.1	MPF_T	IncX3	68	0	0	GA	1	55;46039;46683;-;46.4	54;45765;46055;-;73.1	53;42987;45740;-;47.0	53;42987;45740;-;142.4	53;42987;45740;-;73.3	52;42207;42977;-;60.1	50;40873;41928;-;133.2		49;39950;40678;-;119.4	48;39015;39944;-;138.8	47;37804;39018;-;128.3	45;36574;37608;-;65.7	44;34736;36571;-;495.9		pfam	pfam_only	A	7/7	canonical	1	1	unscoreable	2	0	0														not_admitted	not_admitted	not_admitted	not_admitted	not_admitted	not_admitted	not_admitted
NZ_ON209135.1	MPF_T	IncX3	58	0	0	GA	1	45;37408;38052;-;46.4	44;37134;37424;-;73.1	43;34356;37109;-;47.0	43;34356;37109;-;142.4	43;34356;37109;-;73.3	42;33576;34346;-;60.1	40;32242;33297;-;133.2		39;31319;32047;-;119.4	38;30384;31313;-;138.8	37;29173;30387;-;128.3	35;27943;28977;-;65.7	34;26105;27940;-;495.9		pfam	pfam_only	A	7/7	canonical	1	1	unscoreable	2	0	0														not_admitted	not_admitted	not_admitted	not_admitted	not_admitted	not_admitted	not_admitted
NZ_ON209136.1	MPF_T	IncX3	58	0	0	GA	1	45;38165;38809;-;46.4	44;37891;38181;-;73.1	43;35113;37866;-;47.0	43;35113;37866;-;142.4	43;35113;37866;-;73.3	42;34333;35103;-;60.1	40;32999;34054;-;133.2		39;32076;32804;-;119.4	38;31141;32070;-;138.8	37;29930;31144;-;128.3	35;28700;29734;-;65.7	34;26862;28697;-;495.9		pfam	pfam_only	A	7/7	canonical	1	1	unscoreable	2	0	0														not_admitted	not_admitted	not_admitted	not_admitted	not_admitted	not_admitted	not_admitted
NZ_ON209137.1	MPF_T	IncX3	70	0	0	GA	1	57;46998;47642;-;46.4	56;46724;47014;-;73.1	55;43946;46699;-;47.0	55;43946;46699;-;142.4	55;43946;46699;-;73.3	54;43166;43936;-;60.1	52;41832;42887;-;133.2		51;40909;41637;-;119.4	50;39974;40903;-;138.8	49;38763;39977;-;128.3	47;37533;38567;-;65.7	46;35803;37530;-;495.0		pfam	pfam_only	A	7/7	canonical	1	1	unscoreable	2	0	0														not_admitted	not_admitted	not_admitted	not_admitted	not_admitted	not_admitted	not_admitted
NZ_ON209139.1	MPF_T	IncX3	68	0	0	GA	1	55;45765;46409;-;46.4	54;45491;45781;-;73.1	53;42713;45466;-;47.0	53;42713;45466;-;142.4	53;42713;45466;-;73.3	52;41933;42703;-;60.1	50;40599;41654;-;133.2		49;39676;40404;-;119.4	48;38741;39670;-;138.8	47;37530;38744;-;128.3	45;36300;37334;-;65.7	44;34462;36297;-;495.9		pfam	pfam_only	A	7/7	canonical	1	1	unscoreable	2	0	0														not_admitted	not_admitted	not_admitted	not_admitted	not_admitted	not_admitted	not_admitted
NZ_ON209140.1	MPF_T	IncX3	59	0	0	GA	1	46;38993;39637;-;46.4	45;38719;39009;-;73.1	44;35941;38694;-;47.0	44;35941;38694;-;142.4	44;35941;38694;-;73.3	43;35161;35931;-;60.1	41;33827;34882;-;133.2		40;32904;33632;-;119.4	39;31969;32898;-;138.8	38;30758;31972;-;128.3	36;29528;30562;-;65.7	35;27690;29525;-;495.9		pfam	pfam_only	A	7/7	canonical	1	1	unscoreable	2	0	0														not_admitted	not_admitted	not_admitted	not_admitted	not_admitted	not_admitted	not_admitted
NZ_ON209141.1	MPF_T	IncX3	58	0	0	GA	1	45;38165;38809;-;46.4	44;37891;38181;-;73.1	43;35113;37866;-;47.0	43;35113;37866;-;142.4	43;35113;37866;-;73.3	42;34333;35103;-;60.1	40;32999;34054;-;133.2		39;32076;32804;-;119.4	38;31141;32070;-;138.8	37;29930;31144;-;128.3	35;28700;29734;-;65.7	34;26862;28697;-;495.9		pfam	pfam_only	A	7/7	canonical	1	1	unscoreable	2	0	0														not_admitted	not_admitted	not_admitted	not_admitted	not_admitted	not_admitted	not_admitted
NZ_ON209142.1	MPF_T	IncX3	68	0	0	GA	1	55;45765;46409;-;46.4	54;45491;45781;-;73.1	53;42713;45466;-;47.0	53;42713;45466;-;142.4	53;42713;45466;-;73.3	52;41933;42703;-;60.1	50;40599;41654;-;133.2		49;39676;40404;-;119.4	48;38741;39670;-;138.8	47;37530;38744;-;128.3	45;36300;37334;-;65.7	44;34462;36297;-;495.9		pfam	pfam_only	A	7/7	canonical	1	1	unscoreable	2	0	0														not_admitted	not_admitted	not_admitted	not_admitted	not_admitted	not_admitted	not_admitted
NZ_ON209143.1	-	IncFII(Yp);IncFII(pAR0022)	90	0	0	GA	0															not_admitted	not_admitted	not_admitted	not_admitted	not_admitted	not_admitted	not_admitted	not_admitted	not_admitted	not_admitted	1	72;58319;59314;+;369.5	79;63834;65201;+;352.7	75;61782;62588;+;204.7	67;54011;56626;+;236.0	80;65201;68089;+;317.3	63;51338;52696;+;94.4	67;54011;56626;+;120.2	61;50016;50585;+;107.8	73;59333;59959;+;65.3	74;59956;61785;+;244.0	83;69120;71309;+;366.9	66;53421;54008;+;52.5	83;69120;71309;+;62.7	A	9/9	contiguous	19104	1	1	68086..68697+;203;unnamed;0
NZ_ON209144.1	MPF_T	IncX3	58	0	0	GA	1	45;38165;38809;-;46.4	44;37891;38181;-;73.1	43;35113;37866;-;47.0	43;35113;37866;-;142.4	43;35113;37866;-;73.3	42;34333;35103;-;60.1	40;32999;34054;-;133.2		39;32076;32804;-;119.4	38;31141;32070;-;138.8	37;29930;31144;-;128.3	35;28700;29734;-;65.7	34;26862;28697;-;495.9		pfam	pfam_only	A	7/7	canonical	1	1	unscoreable	2	0	0														not_admitted	not_admitted	not_admitted	not_admitted	not_admitted	not_admitted	not_admitted
NZ_ON209145.1	MPF_T	IncX3	59	0	0	GA	1	46;38165;38809;-;46.4	45;37891;38181;-;73.1	44;35113;37866;-;47.0	44;35113;37866;-;142.4	44;35113;37866;-;73.3	43;34333;35103;-;60.1	41;33479;34054;-;104.4		39;32076;32804;-;119.4	38;31141;32070;-;138.8	37;29930;31144;-;128.3	35;28700;29734;-;65.7	34;26862;28697;-;495.9		pfam	pfam_only	A	7/7	canonical	1	1	unscoreable	3	0	0														not_admitted	not_admitted	not_admitted	not_admitted	not_admitted	not_admitted	not_admitted
NZ_ON209146.1	MPF_T	IncX3	61	0	0	GA	1	48;41025;41669;-;46.4	47;40751;41041;-;73.1	46;37973;40726;-;47.0	46;37973;40726;-;142.4	46;37973;40726;-;73.3	45;37193;37963;-;60.1	43;35859;36914;-;133.2		42;34936;35664;-;119.4	41;34001;34930;-;138.8	40;32790;34004;-;128.3	38;31560;32594;-;65.7	37;29722;31557;-;495.9		pfam	pfam_only	A	7/7	canonical	1	1	unscoreable	2	0	0														not_admitted	not_admitted	not_admitted	not_admitted	not_admitted	not_admitted	not_admitted
NZ_ON209147.1	MPF_T	IncX3	58	0	0	GA	1	45;38165;38809;-;46.4	44;37891;38181;-;73.1	43;35113;37866;-;47.0	43;35113;37866;-;142.4	43;35113;37866;-;73.3	42;34333;35103;-;60.1	40;32999;34054;-;133.2		39;32076;32804;-;119.4	38;31141;32070;-;138.8	37;29930;31144;-;128.3	35;28700;29734;-;65.7	34;26862;28697;-;495.9		pfam	pfam_only	A	7/7	canonical	1	1	unscoreable	2	0	0														not_admitted	not_admitted	not_admitted	not_admitted	not_admitted	not_admitted	not_admitted
NZ_ON209148.1	MPF_T	IncX3	58	0	0	GA	1	45;38165;38809;-;46.4	44;37891;38181;-;73.1	43;35113;37866;-;47.0	43;35113;37866;-;142.4	43;35113;37866;-;73.3	42;34333;35103;-;60.1	40;32999;34054;-;133.2		39;32076;32804;-;119.4	38;31141;32070;-;138.8	37;29930;31144;-;128.3	35;28700;29734;-;65.7	34;26862;28697;-;495.9		pfam	pfam_only	A	7/7	canonical	1	1	unscoreable	2	0	0														not_admitted	not_admitted	not_admitted	not_admitted	not_admitted	not_admitted	not_admitted
NZ_ON209149.1	MPF_T	IncX3	58	0	0	GA	1	45;38165;38809;-;46.4	44;37891;38181;-;73.1	43;35113;37866;-;47.0	43;35113;37866;-;142.4	43;35113;37866;-;73.3	42;34333;35103;-;60.1	40;32999;34054;-;133.2		39;32076;32804;-;119.4	38;31141;32070;-;138.8	37;29930;31144;-;128.3	35;28700;29734;-;65.7	34;26862;28697;-;495.9		pfam	pfam_only	A	7/7	canonical	1	1	unscoreable	2	0	0														not_admitted	not_admitted	not_admitted	not_admitted	not_admitted	not_admitted	not_admitted
NZ_ON209150.1	MPF_T	IncX3	68	0	0	GA	1	55;45765;46409;-;46.4	54;45491;45781;-;73.1	53;42713;45466;-;47.0	53;42713;45466;-;142.4	53;42713;45466;-;73.3	52;41933;42703;-;60.1	50;40599;41654;-;133.2		49;39676;40404;-;119.4	48;38741;39670;-;138.8	47;37530;38744;-;128.3	45;36300;37334;-;65.7	44;34462;36297;-;495.9		pfam	pfam_only	A	7/7	canonical	1	1	unscoreable	2	0	0														not_admitted	not_admitted	not_admitted	not_admitted	not_admitted	not_admitted	not_admitted
NZ_ON209151.1	MPF_F	IncC	235	0	0	GA	0															not_admitted	not_admitted	not_admitted	not_admitted	not_admitted	not_admitted	not_admitted	not_admitted	not_admitted	not_admitted	1	93;66838;67845;+;332.9	224;185636;187069;+;339.2	223;184594;185634;+;221.6	88;61639;64086;+;354.2	225;187082;190696;+;375.3	83;52812;54128;+;135.0	88;61639;64086;+;128.6	81;51288;51914;+;92.1	91;64908;66173;+;67.6	94;67961;70756;+;145.3	72;45613;47478;+;47.4	84;54125;54703;+;100.2	72;45613;47478;+;52.0	A	9/9	split_2	141469	0	1	
NZ_ON209152.1	MPF_F	IncC	205	0	0	GA	0															not_admitted	not_admitted	not_admitted	not_admitted	not_admitted	not_admitted	not_admitted	not_admitted	not_admitted	not_admitted	1	93;66838;67845;+;332.9	194;158034;159467;+;339.2	193;156992;158032;+;221.6	88;61639;64086;+;354.2	195;159480;163094;+;375.3	83;52812;54128;+;135.0	88;61639;64086;+;128.6	81;51288;51914;+;92.1	91;64908;66173;+;67.6	94;67961;70756;+;145.3	72;45613;47478;+;47.4	84;54125;54703;+;100.2	72;45613;47478;+;52.0	A	9/9	split_2	113867	0	1	
NZ_ON209153.1	MPF_F	IncC	205	0	0	GA	0															not_admitted	not_admitted	not_admitted	not_admitted	not_admitted	not_admitted	not_admitted	not_admitted	not_admitted	not_admitted	1	93;66838;67845;+;332.9	194;158034;159467;+;339.2	193;156992;158032;+;221.6	88;61639;64086;+;354.2	195;159480;163094;+;375.3	83;52812;54128;+;135.0	88;61639;64086;+;128.6	81;51288;51914;+;92.1	91;64908;66173;+;67.6	94;67961;70756;+;145.3	72;45613;47478;+;47.4	84;54125;54703;+;100.2	72;45613;47478;+;52.0	A	9/9	split_2	113867	0	1	
NZ_ON209154.1	MPF_F	IncC	205	0	0	GA	0															not_admitted	not_admitted	not_admitted	not_admitted	not_admitted	not_admitted	not_admitted	not_admitted	not_admitted	not_admitted	1	93;66838;67845;+;332.9	194;158034;159467;+;339.2	193;156992;158032;+;221.6	88;61639;64086;+;354.2	195;159480;163094;+;375.3	83;52812;54128;+;135.0	88;61639;64086;+;128.6	81;51288;51914;+;92.1	91;64908;66173;+;67.6	94;67961;70756;+;145.3	72;45613;47478;+;47.4	84;54125;54703;+;100.2	72;45613;47478;+;52.0	A	9/9	split_2	113867	0	1	
NZ_ON248939.1	-	-	66	0	0	GA	1	37;28377;29084;+;34.4		39;29414;29812;+;24.6	40;29766;32210;+;71.6		42;32454;33113;+;52.9	44;33474;34445;+;125.6		45;34778;35599;+;138.6	46;35596;36417;+;146.0	48;36705;38051;+;128.2	49;38061;39095;+;62.4	52;40127;41713;+;262.3		pfam	pfam_only	A	7/7	canonical	1	0	unscoreable	6	0	0														not_admitted	not_admitted	not_admitted	not_admitted	not_admitted	not_admitted	not_admitted
NZ_ON261191.1	MPF_F	IncFIB(pNDM-Mar);IncHI1B(pNDM-MAR)	359	0	0	GA	0															not_admitted	not_admitted	not_admitted	not_admitted	not_admitted	not_admitted	not_admitted	not_admitted	not_admitted	not_admitted	1	228;218511;219548;+;282.3	133;128964;130373;+;190.4	132;127937;128974;+;176.7	216;204962;207679;+;148.7	134;130375;134313;+;118.9	267;254806;256176;+;65.6	216;204962;207679;+;85.2	264;252300;253160;+;79.0	227;217153;218514;+;69.9	229;219558;222743;+;58.9	125;118630;120756;-;58.0	215;204180;204917;+;57.0	125;118630;120756;-;39.7	A	9/9	split_3	136176	0	1	
NZ_ON390802.1	MPF_T	IncFIA(HI1);IncHI1A;IncHI1B(R27);IncX1	285	1	1	GA	1	102;85213;85857;+;47.1	103;85841;86131;+;73.5	104;86155;88914;+;44.8	104;86155;88914;+;133.3	104;86155;88914;+;71.9	105;88916;89653;+;57.5	107;89935;90990;+;131.7		108;91180;91902;+;116.0	109;91908;92837;+;132.4	110;92834;94048;+;128.6	111;94066;95103;+;66.4	112;95108;96943;+;543.4	17;17619;20795;+;58.9	pfam	pfam_only	A	7/7	canonical	1	1	unscoreable	1	0	1	16;16544;17596;+;277.6	187;160933;162348;-;201.7	188;162338;163384;-;171.3	283;236485;239166;+;160.6	186;156935;160924;-;103.1	110;92834;94048;+;128.6	283;236485;239166;+;76.5	276;230327;231112;+;68.7	14;14891;16399;+;65.6	17;17619;20795;+;58.9	112;95108;96943;+;67.6	282;235526;236476;+;45.2	112;95108;96943;+;90.1	A	9/9	split_4	221594	0	1	
NZ_ON390803.1	MPF_T	IncX1	60	0	0	GA	1	32;29248;29892;-;47.1	31;28974;29264;-;73.5	30;26191;28950;-;44.8	30;26191;28950;-;133.3	30;26191;28950;-;71.9	29;25452;26189;-;57.5	27;24115;25170;-;131.7		26;23203;23925;-;116.0	25;22268;23197;-;133.3	24;21057;22271;-;128.6	23;20002;21039;-;66.4	22;18162;19997;-;543.4		pfam	pfam_only	A	7/7	canonical	1	1	unscoreable	1	0	0														not_admitted	not_admitted	not_admitted	not_admitted	not_admitted	not_admitted	not_admitted
NZ_ON390805.1	MPF_T	IncX1	67	0	0	GA	1	29;19250;19894;+;47.1	30;19878;20168;+;73.5	31;20192;22951;+;44.8	31;20192;22951;+;133.3	31;20192;22951;+;71.9	32;22953;23690;+;57.5	34;23972;25027;+;131.7		35;25217;25939;+;116.0	36;25945;26874;+;133.3	37;26871;28085;+;128.6	38;28103;29140;+;66.4	39;29145;30980;+;543.4		pfam	pfam_only	A	7/7	canonical	1	1	unscoreable	1	0	0														not_admitted	not_admitted	not_admitted	not_admitted	not_admitted	not_admitted	not_admitted
NZ_ON390806.1	MPF_T	IncX1	67	0	0	GA	1	27;16874;17518;+;47.1	28;17502;17792;+;73.5	29;17816;20575;+;44.8	29;17816;20575;+;133.3	29;17816;20575;+;71.9	30;20577;21314;+;57.5	32;21596;22651;+;131.7		33;22841;23563;+;116.0	34;23569;24498;+;133.3	35;24495;25709;+;128.6	36;25727;26764;+;66.4	37;26769;28604;+;543.4		pfam	pfam_only	A	7/7	canonical	1	1	unscoreable	1	0	0														not_admitted	not_admitted	not_admitted	not_admitted	not_admitted	not_admitted	not_admitted
NZ_ON390808.1	MPF_F	IncFIB(AP001918);IncFIB(K);IncFIC(FII)	173	0	0	GA	0															not_admitted	not_admitted	not_admitted	not_admitted	not_admitted	not_admitted	not_admitted	not_admitted	not_admitted	not_admitted	1	104;102597;103589;-;369.3	96;96528;97901;-;380.7	100;99122;99865;-;232.7	107;104598;107225;-;303.5	95;93709;96531;-;380.3	111;109137;110564;-;94.3	107;104598;107225;-;100.3	113;111279;111845;-;183.8	103;101950;102588;-;68.3	102;100145;101953;-;268.3	92;89995;92175;-;391.8	108;107741;108256;-;78.0	92;89995;92175;-;70.4	A	9/9	contiguous	21284	1	1	93191..93688-;165;TraS;0
NZ_ON390809.1	MPF_F	IncC	196	0	0	GA	0															not_admitted	not_admitted	not_admitted	not_admitted	not_admitted	not_admitted	not_admitted	not_admitted	not_admitted	not_admitted	1	98;82447;83454;+;332.9	185;161318;162751;+;339.2	184;160288;161316;+;221.7	93;77248;79695;+;354.2	186;162764;166378;+;375.3	84;63937;65253;+;135.0	93;77248;79695;+;128.6	82;62413;63039;+;92.1	96;80517;81782;+;67.6	99;83570;86365;+;145.3	73;56738;58603;+;47.4	85;65250;65828;+;100.2	73;56738;58603;+;52.0	A	9/9	split_2	106026	0	1	
NZ_ON390810.1	MPF_F	IncC	211	0	0	GA	0															not_admitted	not_admitted	not_admitted	not_admitted	not_admitted	not_admitted	not_admitted	not_admitted	not_admitted	not_admitted	1	98;82447;83454;+;332.9	200;173424;174857;+;339.2	199;172394;173422;+;221.7	93;77248;79695;+;354.2	201;174870;178484;+;375.3	84;63937;65253;+;135.0	93;77248;79695;+;128.6	82;62413;63039;+;92.1	96;80517;81782;+;67.6	99;83570;86365;+;145.3	73;56738;58603;+;47.4	85;65250;65828;+;100.2	73;56738;58603;+;52.0	A	9/9	split_2	118132	0	1	
NZ_ON390812.1	MPF_F	Col(pHAD28);IncFIA(HI1);IncHI1A;IncHI1B(R27)	224	0	0	GA	0															not_admitted	not_admitted	not_admitted	not_admitted	not_admitted	not_admitted	not_admitted	not_admitted	not_admitted	not_admitted	1	15;14859;15911;+;277.6	124;113812;115227;-;201.7	125;115217;116263;-;171.3	221;191136;193817;+;160.6	123;109814;113803;-;103.1	217;187430;188788;+;84.0	221;191136;193817;+;76.5	214;184978;185763;+;68.7	13;13206;14714;+;65.6	16;15934;19110;+;58.9	131;123198;125282;+;50.2	220;190177;191127;+;45.2	131;123198;125282;+;36.5	A	9/9	split_3	177930	0	1	
NZ_ON390814.1	MPF_F	IncFIA(HI1);IncHI1A;IncHI1B(R27)	226	0	0	GA	0															not_admitted	not_admitted	not_admitted	not_admitted	not_admitted	not_admitted	not_admitted	not_admitted	not_admitted	not_admitted	1	15;14859;15911;+;277.6	128;118025;119440;-;201.7	129;119430;120476;-;171.3	224;194136;196817;+;160.6	127;114027;118016;-;103.1	220;190430;191788;+;84.0	224;194136;196817;+;76.5	217;187978;188763;+;68.7	13;13206;14714;+;65.6	16;15934;19110;+;58.9	135;127411;129495;+;50.2	223;193177;194127;+;45.2	135;127411;129495;+;36.5	A	9/9	split_3	180930	0	1	
NZ_ON390816.1	MPF_F	IncFIA(HI1);IncHI1A;IncHI1B(R27)	210	0	0	GA	0															not_admitted	not_admitted	not_admitted	not_admitted	not_admitted	not_admitted	not_admitted	not_admitted	not_admitted	not_admitted	1	15;14859;15911;+;277.6	114;103960;105375;-;201.7	115;105365;106411;-;171.3	209;179934;182615;+;160.6	113;99962;103951;-;103.1	205;176228;177586;+;84.0	209;179934;182615;+;76.5	202;173776;174561;+;68.7	13;13206;14714;+;65.6	16;15934;19110;+;58.9	121;113346;115430;+;50.2	208;178975;179925;+;45.2	121;113346;115430;+;36.5	A	9/9	split_3	166728	0	1	
NZ_ON390817.1	MPF_T	IncFIA(HI1);IncHI1A;IncHI1B(R27);IncX3	263	1	1	GA	1	103;91226;91870;-;46.4	102;90952;91242;-;73.1	101;88174;90927;-;47.0	101;88174;90927;-;142.4	101;88174;90927;-;73.3	100;87394;88164;-;60.1	98;86060;87115;-;132.8		97;85137;85865;-;119.4	96;84202;85131;-;138.8	95;82991;84205;-;128.3	93;81761;82795;-;65.7	92;79923;81758;-;495.9	16;15934;19110;+;58.9	pfam	pfam_only	A	7/7	canonical	1	1	unscoreable	2	0	1	15;14859;15911;+;277.6	166;142117;143532;-;201.7	167;143522;144568;-;171.3	261;218091;220772;+;160.6	165;138119;142108;-;103.1	95;82991;84205;-;128.3	261;218091;220772;+;76.5	254;211933;212718;+;68.7	13;13206;14714;+;65.6	16;15934;19110;+;58.9	92;79923;81758;-;64.4	260;217132;218082;+;45.2	92;79923;81758;-;88.7	A	9/9	split_4	204885	0	1	
NZ_ON390820.1	MPF_F	IncFIA(HI1);IncHI1A;IncHI1B(R27)	215	0	0	GA	0															not_admitted	not_admitted	not_admitted	not_admitted	not_admitted	not_admitted	not_admitted	not_admitted	not_admitted	not_admitted	1	16;16803;17855;+;277.6	119;110613;112028;-;201.7	120;112018;113064;-;171.3	213;185388;188069;+;160.6	118;106615;110604;-;103.1	209;181682;183040;+;84.0	213;185388;188069;+;76.5	206;179230;180015;+;68.7	14;15150;16658;+;65.6	17;17878;21054;+;58.9	126;119999;122083;+;50.2	212;184429;185379;+;45.2	126;119999;122083;+;36.5	A	9/9	split_3	170238	0	1	
NZ_ON391944.1	MPF_F	IncC	188	0	0	GA	0															not_admitted	not_admitted	not_admitted	not_admitted	not_admitted	not_admitted	not_admitted	not_admitted	not_admitted	not_admitted	1	115;89801;90808;+;332.9	177;141112;142545;+;339.2	176;140082;141110;+;221.7	110;84602;87049;+;354.5	178;142558;146172;+;374.5	105;75730;77046;+;135.0	110;84602;87049;+;128.3	103;74206;74832;+;92.7	113;87871;89136;+;67.9	116;90924;93722;+;145.3	94;68531;70396;+;47.3	106;77043;77621;+;100.2	94;68531;70396;+;52.0	A	9/9	split_2	74027	0	1	
NZ_ON461804.1	MPF_T	IncX3	60	0	0	GA	1	18;17141;17785;-;46.4	17;16867;17157;-;73.1	16;14089;16842;-;47.0	16;14089;16842;-;142.4	16;14089;16842;-;73.3	15;13309;14079;-;60.1	13;11975;13030;-;133.2		12;11052;11780;-;119.4	11;10117;11046;-;138.8	10;8906;10120;-;128.3	8;7676;8710;-;65.7	7;5838;7673;-;495.9		pfam	pfam_only	A	7/7	canonical	1	1	unscoreable	2	0	0														not_admitted	not_admitted	not_admitted	not_admitted	not_admitted	not_admitted	not_admitted
NZ_ON553414.1	MPF_F	-	144	0	0	GA	0															not_admitted	not_admitted	not_admitted	not_admitted	not_admitted	not_admitted	not_admitted	not_admitted	not_admitted	not_admitted	1	51;45158;46213;-;268.1	39;32141;33550;-;229.6	40;33566;34573;-;214.6	55;48206;50692;-;211.5	38;28888;32121;-;215.1	58;52116;53408;-;117.6	55;48206;50692;-;113.8	60;54406;55059;-;91.1	52;46213;47433;-;45.7	36;25645;28416;-;119.2	66;57539;59452;-;20.5	57;51587;52099;-;68.8	66;57539;59452;-;24.6	A	9/9	contiguous	31894	0	1	
NZ_ON777849.1	MPF_T	-	80	0	0	GA	1	43;36628;37362;-;32.6	41;36035;36328;-;29.3	40;35668;35985;-;63.9	39;33068;35668;-;115.2	39;33068;35668;-;76.2	38;32337;33050;-;105.1	36;31046;32086;-;142.6		35;30129;30827;-;131.9	34;29234;30118;-;159.7	33;28074;29234;-;156.3	32;27036;28031;-;81.4	28;20938;22467;+;38.5		pfam	both	A	7/7	canonical	1	0	unscoreable	17	0	0														not_admitted	not_admitted	not_admitted	not_admitted	not_admitted	not_admitted	not_admitted
NZ_ON777850.1	MPF_T	IncHI1B(pNDM-MAR);repB	328	0	0	GA	1	291;266178;266912;-;32.6	289;265585;265878;-;29.3	288;265218;265535;-;63.9	287;262618;265218;-;115.2	287;262618;265218;-;76.2	286;261887;262600;-;105.1	284;260596;261636;-;142.6		283;259679;260377;-;131.9	282;258784;259668;-;159.7	281;257624;258784;-;156.3	280;256586;257581;-;81.4	276;250488;252017;+;38.5		pfam	both	A	7/7	canonical	1	0	unscoreable	17	0	0														not_admitted	not_admitted	not_admitted	not_admitted	not_admitted	not_admitted	not_admitted
NZ_ON784343.1	MPF_F	IncFII(S);pSM22	101	0	0	GA	0															not_admitted	not_admitted	not_admitted	not_admitted	not_admitted	not_admitted	not_admitted	not_admitted	not_admitted	not_admitted	1	81;65944;66942;+;362.6	92;73017;74384;+;369.0	86;69690;70223;+;141.9	76;61011;63641;+;263.7	93;74386;77217;+;292.5	72;58359;59759;+;89.7	76;61011;63641;+;101.6	70;57078;57641;+;159.5	82;66953;67627;+;61.8	84;68745;69530;+;224.4	96;77946;80144;+;376.6	75;60458;60997;+;55.6	96;77946;80144;+;56.9	A	9/9	contiguous	20868	1	1	77214..77744+;176;unnamed;0
NZ_ON833286.1	-	-	215	0	0	GA	0															not_admitted	not_admitted	not_admitted	not_admitted	not_admitted	not_admitted	not_admitted	not_admitted	not_admitted	not_admitted	1	93;91049;92080;-;255.2	168;166981;168384;+;126.6	167;165992;166981;+;161.2	146;145557;148154;-;156.7	169;168401;172603;+;136.2	152;151495;152823;-;103.4	146;145557;148154;-;82.0	154;153907;154602;-;48.0	95;92226;93392;-;59.8	92;87665;91042;-;83.0	160;157761;159662;-;41.4	147;148154;148924;-;56.7	160;157761;159662;-;27.0	A	9/9	split_2	80736	0	1	
NZ_ON843497.1	MPF_F	IncFII(K);repB(R1701)	164	0	0	GA	0															not_admitted	not_admitted	not_admitted	not_admitted	not_admitted	not_admitted	not_admitted	not_admitted	not_admitted	not_admitted	1	87;62592;63581;+;366.6	97;69128;70495;+;384.0	93;67118;67870;+;233.3	83;58510;61149;+;258.5	98;70495;73344;+;346.4	76;53893;55317;+;89.2	83;58510;61149;+;88.2	74;52600;53166;+;169.3	88;63594;64232;+;66.9	89;64291;66246;+;259.7	102;75806;78118;+;393.1	77;55431;56015;+;53.6	102;75806;78118;+;66.6	A	9/9	contiguous	23206	1	1	73347..73880+;177;unnamed;0
NZ_ON882014.1	MPF_T	IncN	77	0	0	GA	1	22;15245;15979;+;32.5		25;16620;16937;+;63.3	26;17755;18792;+;102.2		28;19573;20262;+;105.7	31;20781;21209;+;60.3		33;21769;22467;+;131.9	34;22478;22990;+;88.9	36;23362;24297;+;86.7	38;24561;25556;+;81.2	54;37199;38728;-;38.5		pfam	both	A	7/7	canonical	1	0	unscoreable	7	0	0														not_admitted	not_admitted	not_admitted	not_admitted	not_admitted	not_admitted	not_admitted
NZ_ON882015.1	MPF_F	Col(pHAD28);IncFII(K);IncFII(pAR0022);IncR	131	0	0	GA	0															not_admitted	not_admitted	not_admitted	not_admitted	not_admitted	not_admitted	not_admitted	not_admitted	not_admitted	not_admitted	1	38;28034;29023;+;366.6	48;34570;35937;+;384.1	44;32560;33312;+;233.7	34;23938;26577;+;258.5	49;35937;38759;+;346.4	27;19687;21111;+;89.3	34;23938;26577;+;88.7	25;18394;18960;+;169.3	39;29036;29674;+;66.9	40;29733;31688;+;259.4	53;41375;43687;+;393.1	28;21183;21767;+;54.7	53;41375;43687;+;66.6	A	9/9	contiguous	22981	1	1	38782..39384+;200;TraS;0
NZ_ON882016.1	MPF_F	repFIB;repHI5B	260	0	0	GA	0															not_admitted	not_admitted	not_admitted	not_admitted	not_admitted	not_admitted	not_admitted	not_admitted	not_admitted	not_admitted	1	177;150292;151329;-;282.2	65;46578;48020;+;188.6	64;45584;46621;+;172.0	188;162198;164915;-;143.5	66;48022;51966;+;119.0	192;167038;168405;-;63.7	188;162198;164915;-;80.6	195;170060;170920;-;73.9	178;151326;152687;-;71.7	176;147101;150277;-;58.7	57;36218;38344;-;62.0	189;164964;165701;-;56.3	57;36218;38344;-;39.7	A	9/9	split_2	133842	0	1	
NZ_ON882017.1	MPF_F	repFIB;repHI5B	361	0	0	GA	0															not_admitted	not_admitted	not_admitted	not_admitted	not_admitted	not_admitted	not_admitted	not_admitted	not_admitted	not_admitted	1	279;250832;251869;-;282.2	96;79726;81168;+;188.4	95;78732;79769;+;172.4	290;262738;265455;-;143.5	97;81143;85108;+;117.7	294;267578;268945;-;63.7	290;262738;265455;-;80.6	297;270600;271460;-;73.9	280;251866;253227;-;71.7	278;247641;250817;-;58.7	88;69377;71503;-;62.0	291;265504;266241;-;56.3	88;69377;71503;-;39.7	A	9/9	split_2	201223	0	1	
NZ_ON925022.1	MPF_F	IncC	210	0	0	GA	0															not_admitted	not_admitted	not_admitted	not_admitted	not_admitted	not_admitted	not_admitted	not_admitted	not_admitted	not_admitted	1	133;108427;109434;+;332.9	199;164256;165689;+;339.2	198;163226;164254;+;221.7	128;103228;105675;+;355.0	200;165702;169316;+;375.3	123;94356;95672;+;135.0	128;103228;105675;+;128.3	121;92832;93458;+;92.7	131;106497;107762;+;67.9	134;109550;112348;+;145.3	112;87157;89022;+;47.3	124;95669;96247;+;100.2	112;87157;89022;+;52.0	A	9/9	split_2	78545	0	1	
NZ_ON934552.1	MPF_F	IncFIA(HI1);IncHI1A;IncHI1B(R27)	227	0	0	GA	0															not_admitted	not_admitted	not_admitted	not_admitted	not_admitted	not_admitted	not_admitted	not_admitted	not_admitted	not_admitted	1	93;91794;92846;-;277.6	202;188995;190410;+;201.7	201;187959;189005;+;171.3	111;112336;115017;-;160.6	203;190419;194408;+;103.1	115;117365;118723;-;84.0	111;112336;115017;-;76.5	118;120390;121175;-;68.7	95;92991;94499;-;65.6	92;88595;91771;-;58.9	195;178941;181025;-;50.2	112;115026;115976;-;45.2	195;178941;181025;-;36.4	A	9/9	split_2	101824	0	1	
NZ_ON934554.1	MPF_F	IncFIA(HI1);IncHI1A;IncHI1B(R27)	216	0	0	GA	0															not_admitted	not_admitted	not_admitted	not_admitted	not_admitted	not_admitted	not_admitted	not_admitted	not_admitted	not_admitted	1	107;97406;98458;-;277.6	3;3234;4649;+;201.7	2;2198;3244;+;171.3	125;117850;120531;-;160.6	4;4658;8647;+;103.1	129;122879;124237;-;84.0	125;117850;120531;-;76.5	132;125904;126689;-;68.7	109;98603;100111;-;65.6	106;94207;97383;-;58.9	212;183836;185920;-;50.2	126;120540;121490;-;45.2	212;183836;185920;-;36.5	A	9/9	split_3	181638	0	1	
NZ_ON934555.1	MPF_F	IncC	188	0	0	GA	0															not_admitted	not_admitted	not_admitted	not_admitted	not_admitted	not_admitted	not_admitted	not_admitted	not_admitted	not_admitted	1	11;15939;16946;+;332.9	90;85148;86581;+;339.2	89;84118;85146;+;221.7	6;10740;13187;+;354.2	91;86594;90208;+;375.3	185;152263;153579;+;135.0	6;10740;13187;+;128.6	183;150739;151365;+;92.1	9;14009;15274;+;67.8	12;17062;19857;+;145.3	174;145064;146929;+;47.4	186;153576;154154;+;100.2	174;145064;146929;+;52.0	A	9/9	split_3	142836	0	1	
NZ_ON934556.1	MPF_F	IncFIA(HI1);IncHI1A;IncHI1B(R27)	260	0	0	GA	0															not_admitted	not_admitted	not_admitted	not_admitted	not_admitted	not_admitted	not_admitted	not_admitted	not_admitted	not_admitted	1	151;151156;152208;-;277.6	3;3234;4649;+;201.7	2;2198;3244;+;171.3	169;171600;174281;-;160.6	4;4658;8647;+;103.1	173;176629;177987;-;84.0	169;171600;174281;-;76.5	176;179654;180439;-;68.7	153;152353;153861;-;65.6	150;147957;151133;-;58.9	256;237585;239669;-;50.2	170;174290;175240;-;45.2	256;237585;239669;-;36.4	A	9/9	split_3	235387	0	1	
NZ_ON943059.1	MPF_F	IncFIB(AP001918);IncFIC(FII)	163	0	0	GA	0															not_admitted	not_admitted	not_admitted	not_admitted	not_admitted	not_admitted	not_admitted	not_admitted	not_admitted	not_admitted	1	139;118221;119213;+;369.3	150;124899;126272;+;378.0	143;121942;122685;+;234.1	136;114585;117212;+;305.4	151;126269;129091;+;389.5	130;111103;112530;+;94.3	136;114585;117212;+;98.5	128;109822;110388;+;183.8	140;119222;119860;+;68.4	141;119857;121665;+;268.4	154;130620;132773;+;391.9	134;113554;114069;+;78.4	154;130620;132773;+;70.4	A	9/9	contiguous	20798	1	1	129113..129604+;163;TraS;0
NZ_ON960334.1	MPF_F	IncHI2;IncHI2A;IncN;IncQ1	263	0	0	GA	0															not_admitted	not_admitted	not_admitted	not_admitted	not_admitted	not_admitted	not_admitted	not_admitted	not_admitted	not_admitted	1	221;197691;198749;-;276.9	70;58269;59684;+;194.1	69;57233;58279;+;174.3	237;218321;221002;-;168.0	71;59693;63646;+;101.6	241;223332;224687;-;80.7	237;218321;221002;-;72.2	244;226411;227199;-;74.8	223;198891;200402;-;62.0	220;194484;197672;-;57.3	62;48107;50191;-;56.8	238;221011;221961;-;46.1	62;48107;50191;-;38.8	A	9/9	split_2	178304	1	1	63827..65116+;429;unnamed;0
NZ_ON960335.1	MPF_F	IncHI2;IncHI2A;IncN	300	0	0	GA	0															not_admitted	not_admitted	not_admitted	not_admitted	not_admitted	not_admitted	not_admitted	not_admitted	not_admitted	not_admitted	1	258;218683;219741;-;276.9	77;61758;63173;+;194.1	76;60722;61768;+;174.3	274;239324;242005;-;168.0	78;63182;67135;+;101.6	278;244335;245690;-;80.7	274;239324;242005;-;72.2	281;247414;248202;-;74.8	260;219883;221394;-;62.0	257;215476;218664;-;59.1	69;51596;53680;-;56.8	275;242014;242964;-;46.1	69;51596;53680;-;38.8	A	9/9	split_2	195818	1	1	67316..68605+;429;unnamed;0
NZ_ON960336.1	MPF_F	IncHI2;IncHI2A;IncN	260	0	0	GA	0															not_admitted	not_admitted	not_admitted	not_admitted	not_admitted	not_admitted	not_admitted	not_admitted	not_admitted	not_admitted	1	220;195026;196084;-;276.9	71;58696;60111;+;194.1	70;57660;58706;+;174.3	236;215656;218337;-;168.0	72;60120;64073;+;101.6	240;220667;222022;-;80.7	236;215656;218337;-;72.2	243;223746;224534;-;74.8	222;196226;197737;-;62.0	219;191819;195007;-;57.3	63;48534;50618;-;56.8	237;218346;219296;-;46.1	63;48534;50618;-;38.8	A	9/9	split_2	175212	1	1	64253..65233+;326;unnamed;0
NZ_ON960337.1	MPF_F	IncHI2;IncHI2A;IncN	312	0	0	GA	0															not_admitted	not_admitted	not_admitted	not_admitted	not_admitted	not_admitted	not_admitted	not_admitted	not_admitted	not_admitted	1	269;246358;247416;-;276.9	71;59142;60557;+;194.1	70;58106;59152;+;174.3	285;266988;269669;-;168.0	72;60566;64519;+;101.6	289;271999;273354;-;80.7	285;266988;269669;-;72.2	292;275078;275866;-;74.8	271;247558;249069;-;62.0	268;243151;246339;-;57.3	63;48980;51064;-;56.8	286;269678;270628;-;46.1	63;48980;51064;-;38.8	A	9/9	split_2	226098	1	1	64700..65989+;429;unnamed;0
NZ_ON960338.1	MPF_F	IncHI2;IncHI2A;IncN	312	0	0	GA	0															not_admitted	not_admitted	not_admitted	not_admitted	not_admitted	not_admitted	not_admitted	not_admitted	not_admitted	not_admitted	1	269;245529;246587;-;276.9	72;59141;60556;+;194.1	71;58105;59151;+;174.3	285;266159;268840;-;168.0	73;60565;64518;+;101.6	289;271170;272525;-;80.7	285;266159;268840;-;72.2	292;274249;275037;-;74.8	271;246729;248240;-;62.0	268;242322;245510;-;57.3	64;48979;51063;-;56.8	286;268849;269799;-;46.1	64;48979;51063;-;38.8	A	9/9	split_2	225270	1	1	64699..65988+;429;unnamed;0
NZ_ON960339.1	MPF_F	IncHI2;IncHI2A;IncN	244	0	0	GA	0															not_admitted	not_admitted	not_admitted	not_admitted	not_admitted	not_admitted	not_admitted	not_admitted	not_admitted	not_admitted	1	204;181743;182801;-;276.9	68;57005;58420;+;194.1	67;55969;57015;+;174.3	220;202373;205054;-;168.0	69;58429;62382;+;101.6	224;207384;208739;-;80.7	220;202373;205054;-;72.2	227;210463;211251;-;74.8	206;182943;184454;-;62.0	203;178536;181724;-;57.3	60;46843;48927;-;56.8	221;205063;206013;-;46.1	60;46843;48927;-;38.8	A	9/9	split_2	163620	1	1	62563..63852+;429;unnamed;0
NZ_ON960340.1	MPF_F	IncHI2;IncHI2A;IncN	265	0	0	GA	0															not_admitted	not_admitted	not_admitted	not_admitted	not_admitted	not_admitted	not_admitted	not_admitted	not_admitted	not_admitted	1	225;197205;198263;-;276.9	71;59548;60963;+;194.1	70;58512;59558;+;174.3	241;217835;220516;-;168.0	72;60972;64925;+;101.7	245;222846;224201;-;80.7	241;217835;220516;-;72.2	248;225925;226713;-;74.8	227;198405;199916;-;62.0	224;193998;197186;-;57.3	63;49386;51470;-;56.8	242;220525;221475;-;46.1	63;49386;51470;-;38.8	A	9/9	split_2	176539	1	1	65106..66395+;429;unnamed;0
NZ_ON960341.1	MPF_F	IncHI2;IncHI2A;IncN	302	0	0	GA	0															not_admitted	not_admitted	not_admitted	not_admitted	not_admitted	not_admitted	not_admitted	not_admitted	not_admitted	not_admitted	1	259;234451;235509;-;276.9	220;192775;194190;-;194.1	221;194180;195226;-;174.3	275;255081;257762;-;168.0	219;188813;192766;-;101.7	279;260092;261447;-;80.7	275;255081;257762;-;72.2	282;263171;263959;-;74.8	261;235651;237162;-;62.0	258;231244;234432;-;57.4	228;202268;204352;+;56.8	276;257771;258721;-;46.1	228;202268;204352;+;38.8	A	9/9	split_2	74358	1	1	187343..188632-;429;unnamed;0
NZ_ON960342.1	MPF_F	IncHI2;IncHI2A;IncN	286	0	0	GA	0															not_admitted	not_admitted	not_admitted	not_admitted	not_admitted	not_admitted	not_admitted	not_admitted	not_admitted	not_admitted	1	246;219916;220974;-;276.9	71;59548;60963;+;194.1	70;58512;59558;+;174.3	262;240546;243227;-;168.0	72;60972;64925;+;101.7	266;245557;246912;-;80.7	262;240546;243227;-;72.2	269;248636;249424;-;74.8	248;221116;222627;-;62.0	245;216709;219897;-;57.3	63;49386;51470;-;56.8	263;243236;244186;-;46.1	63;49386;51470;-;38.8	A	9/9	split_2	199250	1	1	65106..66395+;429;unnamed;0
NZ_ON960343.1	MPF_F	IncHI2;IncHI2A;IncN	270	0	0	GA	0															not_admitted	not_admitted	not_admitted	not_admitted	not_admitted	not_admitted	not_admitted	not_admitted	not_admitted	not_admitted	1	228;194252;195310;-;276.9	89;71661;73076;+;194.1	88;70625;71671;+;174.3	244;214882;217563;-;168.0	90;73085;76636;+;102.2	248;219893;221248;-;80.7	244;214882;217563;-;72.2	251;222972;223760;-;74.8	230;195452;196963;-;62.0	227;191045;194233;-;57.3	81;61499;63583;-;56.8	245;217572;218522;-;46.1	81;61499;63583;-;38.8	A	9/9	split_2	161473	0	1	
NZ_ON960344.1	MPF_F	IncHI2;IncHI2A;IncN	259	0	0	GA	0															not_admitted	not_admitted	not_admitted	not_admitted	not_admitted	not_admitted	not_admitted	not_admitted	not_admitted	not_admitted	1	219;189052;190110;-;276.9			235;209682;212363;-;168.0		239;214693;216048;-;80.7	235;209682;212363;-;72.2	242;217772;218560;-;74.8	221;190252;191763;-;62.0	218;185845;189033;-;57.3	60;46684;48768;-;56.8	236;212372;213322;-;46.1	60;46684;48768;-;38.8	C	6/9	split_2	171088	0	1	
NZ_ON960345.1	MPF_F	IncHI2;IncHI2A;IncN	256	0	0	GA	0															not_admitted	not_admitted	not_admitted	not_admitted	not_admitted	not_admitted	not_admitted	not_admitted	not_admitted	not_admitted	1	213;187366;188424;-;276.9	68;57008;58423;+;194.1	67;55972;57018;+;174.3	229;207996;210677;-;165.8	69;58432;62385;+;101.7	233;213007;214362;-;80.7	229;207996;210677;-;72.2	236;216086;216874;-;74.8	215;188566;190077;-;62.0	212;184159;187347;-;57.3	60;46846;48930;-;56.8	230;210686;211636;-;46.1	60;46846;48930;-;38.8	A	9/9	split_2	169240	1	1	62566..63855+;429;unnamed;0
NZ_ON960346.1	MPF_F	IncFIB(S);IncHI2;IncHI2A	307	0	0	GA	0															not_admitted	not_admitted	not_admitted	not_admitted	not_admitted	not_admitted	not_admitted	not_admitted	not_admitted	not_admitted	1	155;146791;147849;+;276.9	225;210536;211951;-;194.1	226;211941;212987;-;174.3	137;123471;126152;+;168.0	224;206574;210527;-;101.6	133;119786;121141;+;80.7	137;123471;126152;+;72.2	130;117274;118062;+;74.8	153;145138;146649;+;62.0	156;147868;151056;+;57.3	232;220030;222114;+;56.7	136;122512;123462;+;46.4	232;220030;222114;+;38.8	A	9/9	split_3	102756	1	1	205104..206393-;429;unnamed;0
NZ_ON960347.1	MPF_F	IncHI2;IncHI2A;IncN	277	0	0	GA	0															not_admitted	not_admitted	not_admitted	not_admitted	not_admitted	not_admitted	not_admitted	not_admitted	not_admitted	not_admitted	1	233;207830;208888;-;276.9	68;57008;58423;+;194.1	67;55972;57018;+;174.3	250;228460;231141;-;168.0	69;58432;62385;+;101.7	254;233471;234826;-;80.7	250;228460;231141;-;72.2	257;236550;237338;-;74.8	235;209030;210541;-;62.0	232;204623;207811;-;57.3	60;46846;48930;-;56.8	251;231150;232100;-;46.1	60;46846;48930;-;38.8	A	9/9	split_2	189704	1	1	62566..63855+;429;unnamed;0
NZ_ON960348.1	MPF_F	IncHI2;IncHI2A;IncN	280	0	0	GA	0															not_admitted	not_admitted	not_admitted	not_admitted	not_admitted	not_admitted	not_admitted	not_admitted	not_admitted	not_admitted	1	173;157005;158063;+;276.9	68;57008;58423;+;194.1	67;55972;57018;+;174.3	253;231818;234499;-;168.0	69;58432;62385;+;101.7	257;236829;238184;-;80.7	253;231818;234499;-;72.2	260;239908;240696;-;74.8	171;155352;156863;+;62.0	174;158082;161270;+;57.3	60;46846;48930;-;56.8	254;234508;235458;-;46.1	60;46846;48930;-;38.8	A	9/9	split_3	193062	1	1	62566..63855+;429;unnamed;0
NZ_ON960349.1	MPF_F	IncHI2;IncHI2A;IncN	281	0	0	GA	0															not_admitted	not_admitted	not_admitted	not_admitted	not_admitted	not_admitted	not_admitted	not_admitted	not_admitted	not_admitted	1	237;210166;211224;-;276.9	69;57021;58436;+;194.1	68;55985;57031;+;174.3	254;230796;233477;-;168.0	70;58445;62398;+;101.7	258;235807;237162;-;80.7	254;230796;233477;-;72.2	261;238886;239674;-;74.8	239;211366;212877;-;62.0	236;206959;210147;-;57.3	61;46859;48943;-;56.8	255;233486;234436;-;46.1	61;46859;48943;-;38.8	A	9/9	split_2	192027	1	1	62579..63868+;429;unnamed;0
NZ_ON960350.1	MPF_F	IncHI2;IncHI2A;IncN	264	0	0	GA	0															not_admitted	not_admitted	not_admitted	not_admitted	not_admitted	not_admitted	not_admitted	not_admitted	not_admitted	not_admitted	1	221;195051;196109;-;276.9			237;215681;218362;-;168.0		241;220692;222047;-;80.7	237;215681;218362;-;72.2	244;223771;224559;-;74.8	223;196251;197762;-;62.0	220;191844;195032;-;57.3		238;218371;219321;-;46.1		C	6/9	contiguous	31927	0	1	
NZ_ON960351.1	MPF_F	IncHI2;IncHI2A;IncN	239	0	0	GA	0															not_admitted	not_admitted	not_admitted	not_admitted	not_admitted	not_admitted	not_admitted	not_admitted	not_admitted	not_admitted	1	195;160840;161898;-;276.9			215;182806;185487;-;168.0		219;187817;189172;-;80.7	215;182806;185487;-;72.2	222;190896;191684;-;74.8	197;162040;163551;-;62.0	194;157633;160821;-;57.3		216;185496;186446;-;46.1		C	6/9	split_2	33263	0	1	
NZ_ON960352.1	MPF_F	IncHI2;IncHI2A;IncN	281	0	0	GA	0															not_admitted	not_admitted	not_admitted	not_admitted	not_admitted	not_admitted	not_admitted	not_admitted	not_admitted	not_admitted	1	238;215165;216223;-;276.9			254;235795;238476;-;168.0		258;240806;242161;-;80.7	254;235795;238476;-;72.2	261;243885;244673;-;74.8	240;216365;217876;-;62.0	237;211958;215146;-;57.3		255;238485;239435;-;46.1		C	6/9	contiguous	31927	0	1	
NZ_ON989342.1	MPF_F	IncFII	79	0	0	GA	0															not_admitted	not_admitted	not_admitted	not_admitted	not_admitted	not_admitted	not_admitted	not_admitted	not_admitted	not_admitted	1	36;27462;28454;+;369.5	49;35647;37020;+;381.7	44;32974;33717;+;233.1	33;23823;26453;+;305.1	50;37017;39842;+;387.0	24;18471;19922;+;93.9	33;23823;26453;+;97.3	22;17190;17756;+;172.8	39;29397;30035;+;70.1	42;30847;32697;+;266.4	54;42084;44282;+;391.8	28;21283;21795;+;80.9	54;42084;44282;+;70.4	A	9/9	contiguous	24894	1	1	39839..40348+;169;unnamed;0
NZ_OP006451.1	MPF_F	IncFII(pHN7A8);IncR	180	0	0	GA	0															not_admitted	not_admitted	not_admitted	not_admitted	not_admitted	not_admitted	not_admitted	not_admitted	not_admitted	not_admitted	1	64;50243;51235;+;369.5	77;58068;59036;+;278.3	72;55759;56502;+;234.4	61;46607;49234;+;301.8		56;43125;44552;+;94.1	61;46607;49234;+;101.8	54;41844;42410;+;183.8	67;52181;52819;+;70.4	70;53632;55482;+;265.0	61;46607;49234;+;20.8	60;45576;46091;+;77.6		B	8/9	contiguous	16224	0	1	
NZ_OP038267.1	MPF_F	IncFII	93	0	0	GA	0															not_admitted	not_admitted	not_admitted	not_admitted	not_admitted	not_admitted	not_admitted	not_admitted	not_admitted	not_admitted	1	69;53614;54606;+;369.5	79;60385;61758;+;381.7	74;57712;58455;+;234.4	66;49975;52605;+;304.0	80;61755;64577;+;374.0	57;44258;45709;+;94.2	66;49975;52605;+;97.1	55;42977;43543;+;174.3	71;54950;55588;+;68.6	72;55585;57435;+;266.1	84;66849;69029;+;391.2	62;47836;48351;+;78.4	84;66849;69029;+;70.3	A	9/9	contiguous	23872	1	1	64599..65078+;159;TraS;0
NZ_OP038274.1	MPF_F	IncFII	112	0	0	GA	0															not_admitted	not_admitted	not_admitted	not_admitted	not_admitted	not_admitted	not_admitted	not_admitted	not_admitted	not_admitted	1	71;55805;56797;+;369.5	81;62576;63949;+;381.7	76;59903;60646;+;234.4	68;52166;54796;+;304.1	82;63946;66768;+;374.0	61;47716;49167;+;94.2	68;52166;54796;+;97.1	59;46435;47001;+;174.3	73;57141;57779;+;68.6	74;57776;59626;+;266.1	89;70133;70486;+;129.5	64;50027;50542;+;78.4	89;70133;70486;+;51.6	A	9/9	contiguous	23698	1	1	66790..67269+;159;TraS;0
NZ_OP038277.1	MPF_F	IncFII(pSE11)	100	0	0	GA	0															not_admitted	not_admitted	not_admitted	not_admitted	not_admitted	not_admitted	not_admitted	not_admitted	not_admitted	not_admitted	1	70;53338;54330;+;369.5	84;61054;62427;+;386.0	77;58106;58849;+;234.4	67;49699;52329;+;297.8	85;62424;65249;+;386.5	59;44827;46254;+;93.9	67;49699;52329;+;98.7	57;43546;44112;+;174.3	72;54674;55312;+;68.6	75;56024;57829;+;267.0	89;67491;69680;+;382.1	62;47138;47653;+;78.4	89;67491;69680;+;66.8	A	9/9	contiguous	23945	1	1	65246..65755+;169;unnamed;0
NZ_OP038278.1	MPF_F	IncFII	92	0	0	GA	0															not_admitted	not_admitted	not_admitted	not_admitted	not_admitted	not_admitted	not_admitted	not_admitted	not_admitted	not_admitted	1	67;52344;53336;+;369.5	77;59115;60488;+;381.7	72;56442;57185;+;234.4	64;48705;51335;+;304.0	78;60485;63307;+;374.0	57;44255;45706;+;94.2	64;48705;51335;+;97.1	55;42974;43540;+;174.3	69;53680;54318;+;68.6	70;54315;56165;+;266.1	82;65579;67777;+;391.2	60;46566;47081;+;78.4	82;65579;67777;+;70.3	A	9/9	contiguous	22605	1	1	63329..63808+;159;TraS;0
NZ_OP038279.1	MPF_F	IncFII(pCoo)	85	0	0	GA	0															not_admitted	not_admitted	not_admitted	not_admitted	not_admitted	not_admitted	not_admitted	not_admitted	not_admitted	not_admitted	1	59;46860;47852;+;369.5	69;53631;55004;+;381.7	64;50958;51701;+;234.4	56;43221;45851;+;304.1	70;55001;57823;+;374.0	49;38771;40222;+;94.2	56;43221;45851;+;97.1	47;37490;38056;+;174.3	61;48196;48834;+;68.6	62;48831;50681;+;266.1	74;60095;62302;+;391.2	52;41082;41597;+;78.4	74;60095;62302;+;70.3	A	9/9	contiguous	22605	1	1	57845..58324+;159;TraS;0
NZ_OP038282.1	MPF_F	IncFII(pSE11)	102	0	0	GA	0															not_admitted	not_admitted	not_admitted	not_admitted	not_admitted	not_admitted	not_admitted	not_admitted	not_admitted	not_admitted	1	85;70203;71195;+;369.5	99;77919;79292;+;386.0	92;74971;75714;+;234.4	82;66564;69194;+;297.8	100;79289;82114;+;386.5	74;61692;63119;+;93.9	82;66564;69194;+;98.7	72;60411;60977;+;174.3	87;71539;72177;+;68.6	90;72889;74694;+;267.0	2;1505;3766;+;382.0	77;64003;64518;+;78.4	2;1505;3766;+;66.8	A	9/9	split_2	77784	1	1	82111..82620+;169;unnamed;0
NZ_OP038284.1	MPF_F	IncFII(pSE11)	93	0	0	GA	0															not_admitted	not_admitted	not_admitted	not_admitted	not_admitted	not_admitted	not_admitted	not_admitted	not_admitted	not_admitted	1	63;49871;50863;+;369.5	77;57587;58960;+;386.0	70;54639;55382;+;234.4	60;46232;48862;+;297.8	78;58957;61782;+;386.5	52;41360;42787;+;93.9	60;46232;48862;+;98.7	50;40079;40645;+;174.3	65;51207;51845;+;68.6	68;52557;54362;+;267.0	82;64024;66249;+;382.1	55;43671;44186;+;78.4	82;64024;66249;+;66.8	A	9/9	contiguous	23945	1	1	61779..62288+;169;unnamed;0
NZ_OP038287.1	MPF_F	IncFII	91	0	0	GA	0															not_admitted	not_admitted	not_admitted	not_admitted	not_admitted	not_admitted	not_admitted	not_admitted	not_admitted	not_admitted	1	67;52341;53333;+;369.5	77;59112;60485;+;381.7	72;56439;57182;+;234.4	64;48702;51332;+;304.1	78;60482;63304;+;374.0	57;44252;45703;+;94.2	64;48702;51332;+;97.1	55;42971;43537;+;174.3	69;53677;54315;+;68.6	70;54312;56162;+;266.1	82;65576;67756;+;391.2	60;46563;47078;+;78.4	82;65576;67756;+;70.3	A	9/9	contiguous	22605	1	1	63326..63805+;159;TraS;0
NZ_OP038290.1	MPF_F	IncFII	98	0	0	GA	0															not_admitted	not_admitted	not_admitted	not_admitted	not_admitted	not_admitted	not_admitted	not_admitted	not_admitted	not_admitted	1	74;57600;58592;+;369.5	84;64371;65744;+;381.7	79;61698;62441;+;234.4	71;53961;56591;+;304.1	85;65741;68563;+;374.0	64;49511;50962;+;94.2	71;53961;56591;+;97.1	62;48230;48796;+;174.3	76;58936;59574;+;68.6	77;59571;61421;+;266.1	89;70835;73051;+;391.2	67;51822;52337;+;78.4	89;70835;73051;+;70.3	A	9/9	contiguous	22605	1	1	68585..69064+;159;TraS;0
NZ_OP038293.1	MPF_F	IncFII(pSE11)	100	0	0	GA	0															not_admitted	not_admitted	not_admitted	not_admitted	not_admitted	not_admitted	not_admitted	not_admitted	not_admitted	not_admitted	1	70;53332;54324;+;369.5	84;61048;62421;+;386.0	77;58100;58843;+;234.4	67;49693;52323;+;297.8	85;62418;65243;+;386.5	59;44821;46248;+;93.9	67;49693;52323;+;98.7	57;43540;44106;+;174.3	72;54668;55306;+;68.6	75;56018;57823;+;267.0	89;67485;69692;+;382.1	62;47132;47647;+;78.4	89;67485;69692;+;66.8	A	9/9	contiguous	23945	1	1	65240..65749+;169;unnamed;0
NZ_OP038295.1	MPF_F	IncFII	98	0	0	GA	0															not_admitted	not_admitted	not_admitted	not_admitted	not_admitted	not_admitted	not_admitted	not_admitted	not_admitted	not_admitted	1	74;61760;62752;+;369.5	84;68531;69904;+;381.7	79;65858;66601;+;234.4	71;58121;60751;+;304.1	85;69901;72723;+;374.0	64;53671;55122;+;94.2	71;58121;60751;+;97.1	62;52390;52956;+;174.3	76;63096;63734;+;68.6	77;63731;65581;+;266.1	89;74995;77175;+;391.2	67;55982;56497;+;78.4	89;74995;77175;+;70.3	A	9/9	contiguous	22605	1	1	72745..73224+;159;TraS;0
NZ_OP038298.1	MPF_F	IncFII	99	0	0	GA	0															not_admitted	not_admitted	not_admitted	not_admitted	not_admitted	not_admitted	not_admitted	not_admitted	not_admitted	not_admitted	1	75;61761;62753;+;369.5	85;68532;69905;+;381.7	80;65859;66602;+;234.4	72;58122;60752;+;304.1	86;69902;72724;+;374.0	65;53672;55123;+;94.2	72;58122;60752;+;97.1	63;52391;52957;+;174.3	77;63097;63735;+;68.6	78;63732;65582;+;266.1	90;74996;77194;+;391.2	68;55983;56498;+;78.4	90;74996;77194;+;70.3	A	9/9	contiguous	22605	1	1	72746..73225+;159;TraS;0
NZ_OP038301.1	MPF_F	IncFII(pSE11)	100	0	0	GA	0															not_admitted	not_admitted	not_admitted	not_admitted	not_admitted	not_admitted	not_admitted	not_admitted	not_admitted	not_admitted	1	70;53332;54324;+;369.5	84;61048;62421;+;386.0	77;58100;58843;+;234.4	67;49693;52323;+;297.8	85;62418;65243;+;386.5	59;44821;46248;+;93.9	67;49693;52323;+;98.7	57;43540;44106;+;174.3	72;54668;55306;+;68.6	75;56018;57823;+;267.0	89;67485;69674;+;382.1	62;47132;47647;+;78.4	89;67485;69674;+;66.8	A	9/9	contiguous	23945	1	1	65240..65749+;169;unnamed;0
NZ_OP046713.1	MPF_F	IncFIB(pB171);IncFII	146	0	0	GA	0															not_admitted	not_admitted	not_admitted	not_admitted	not_admitted	not_admitted	not_admitted	not_admitted	not_admitted	not_admitted	1	49;48088;49080;-;372.1	38;40983;42356;-;380.7	43;43946;44689;-;233.3	52;50089;52716;-;303.5	37;38167;40986;-;386.2	57;54845;56296;-;94.6	52;50089;52716;-;100.3	59;57011;57577;-;183.2	48;47441;48079;-;68.6	45;44966;46729;-;267.9	34;34446;36635;-;391.8	53;53232;53747;-;79.0	34;34446;36635;-;70.4	A	9/9	contiguous	22565	1	1	37651..38142-;163;TraS;0
NZ_OP242215.1	MPF_F	IncFIA;IncFIB(AP001918);IncFII	178	0	0	GA	0															not_admitted	not_admitted	not_admitted	not_admitted	not_admitted	not_admitted	not_admitted	not_admitted	not_admitted	not_admitted	1	102;87195;88187;-;371.6	91;80137;81510;-;380.9	98;83723;84466;-;235.0	105;89196;91823;-;303.5	90;77315;80140;-;385.9	111;93982;95409;-;91.9	105;89196;91823;-;99.0	113;96124;96690;-;182.9	101;86548;87186;-;64.9	100;84743;86551;-;268.3	87;73631;75811;-;391.6	106;92339;92854;-;76.4	87;73631;75811;-;70.4	A	9/9	contiguous	22493	1	1	76863..77318-;151;unnamed;0
NZ_OP242217.1	MPF_T	IncX1;p0111	206	0	0	GA	1	22;22453;23097;-;47.1	21;22179;22469;-;73.5	20;19396;22155;-;44.8	20;19396;22155;-;133.3	20;19396;22155;-;71.9	19;18657;19394;-;57.5	17;17320;18375;-;131.7		16;16408;17130;-;116.0	15;15473;16402;-;132.4	14;14262;15476;-;128.6	13;13207;14244;-;66.4	12;11367;13202;-;543.4		pfam	pfam_only	A	7/7	canonical	1	1	unscoreable	1	0	0														not_admitted	not_admitted	not_admitted	not_admitted	not_admitted	not_admitted	not_admitted
NZ_OP242220.1	MPF_F	IncFII(29)	176	0	0	GA	0															not_admitted	not_admitted	not_admitted	not_admitted	not_admitted	not_admitted	not_admitted	not_admitted	not_admitted	not_admitted	1	147;121670;122662;+;370.8	162;131190;132566;+;382.7	158;129220;129963;+;234.5	144;118031;120661;+;302.4	163;132563;135385;+;373.8	133;111487;112938;+;92.5	144;118031;120661;+;97.9	131;110206;110772;+;175.1	155;126497;127135;+;68.9	156;127132;128940;+;268.0	167;137657;139882;+;391.7	137;114042;114557;+;78.8	167;137657;139882;+;70.3	A	9/9	contiguous	27451	1	1	135406..135903+;165;TraS;0
NZ_OP242225.1	MPF_F	IncFIB(AP001918);IncFIC(FII)	108	0	0	GA	0															not_admitted	not_admitted	not_admitted	not_admitted	not_admitted	not_admitted	not_admitted	not_admitted	not_admitted	not_admitted	1	49;53640;54632;-;369.3	41;47571;48944;-;380.7	45;50165;50908;-;232.7	52;55641;58268;-;303.5	40;44752;47574;-;380.3	56;60180;61607;-;94.3	52;55641;58268;-;100.3	58;62322;62888;-;183.8	48;52993;53631;-;68.3	47;51188;52996;-;268.3	37;41038;43218;-;391.8	53;58784;59299;-;78.0	37;41038;43218;-;70.4	A	9/9	contiguous	21284	1	1	44234..44731-;165;TraS;0
NZ_OP242228.1	MPF_F	IncFIC(FII);IncR	149	0	0	GA	0															not_admitted	not_admitted	not_admitted	not_admitted	not_admitted	not_admitted	not_admitted	not_admitted	not_admitted	not_admitted	1	130;123155;124147;+;369.3	138;128843;130216;+;380.7	134;126879;127622;+;232.7	127;119519;122146;+;303.5	139;130213;133035;+;380.3	123;116180;117607;+;94.3	127;119519;122146;+;100.3	121;114899;115465;+;183.8	131;124156;124794;+;68.3	132;124791;126599;+;268.3	142;134569;136758;+;391.8	126;118488;119003;+;78.0	142;134569;136758;+;70.4	A	9/9	contiguous	19670	1	1	133056..133553+;165;TraS;0
NZ_OP242229.1	MPF_F	IncFII	102	0	0	GA	0															not_admitted	not_admitted	not_admitted	not_admitted	not_admitted	not_admitted	not_admitted	not_admitted	not_admitted	not_admitted	1	79;73058;74050;+;369.3	88;79112;80485;+;379.5	83;76749;77522;+;234.0	76;69419;72049;+;303.5	89;80482;83307;+;386.0	69;64714;66141;+;94.3	76;69419;72049;+;98.5	67;63433;63999;+;183.8	80;74059;74697;+;68.7	81;74694;76502;+;268.0	92;84811;87027;+;391.7	73;67269;67784;+;78.6	92;84811;87027;+;70.3	A	9/9	contiguous	21378	1	1	83304..83813+;169;unnamed;0
NZ_OP242230.1	MPF_F	Col(pHAD28);IncFII	116	0	0	GA	0															not_admitted	not_admitted	not_admitted	not_admitted	not_admitted	not_admitted	not_admitted	not_admitted	not_admitted	not_admitted	1	91;80054;81046;+;369.3	100;86108;87481;+;379.5	95;83745;84518;+;234.0	88;76415;79045;+;303.5	101;87478;90303;+;386.0	81;71710;73137;+;94.3	88;76415;79045;+;98.5	79;70429;70995;+;183.8	92;81055;81693;+;68.7	93;81690;83498;+;268.0	104;91807;94023;+;391.7	85;74265;74780;+;78.6	104;91807;94023;+;70.3	A	9/9	contiguous	21378	1	1	90300..90809+;169;unnamed;0
NZ_OP242231.1	MPF_F	IncFIB(AP001918);IncFIC(FII)	154	0	0	GA	0															not_admitted	not_admitted	not_admitted	not_admitted	not_admitted	not_admitted	not_admitted	not_admitted	not_admitted	not_admitted	1	106;94213;95205;-;369.3	95;87154;88527;-;378.0	102;90741;91484;-;234.1	109;96214;98841;-;305.4	94;84335;87157;-;389.5	115;100896;102323;-;94.3	109;96214;98841;-;98.5	117;103038;103604;-;183.8	105;93566;94204;-;68.4	104;91761;93569;-;268.4	91;80653;82806;-;391.9	111;99357;99872;-;78.4	91;80653;82806;-;70.4	A	9/9	contiguous	22385	1	1	83822..84313-;163;TraS;0
NZ_OP242232.1	MPF_F	IncFIB(AP001918);IncFIC(FII)	121	0	0	GA	0															not_admitted	not_admitted	not_admitted	not_admitted	not_admitted	not_admitted	not_admitted	not_admitted	not_admitted	not_admitted	1	66;60787;61779;-;369.3	58;54718;56091;-;380.7	62;57312;58055;-;232.7	69;62788;65415;-;303.5	57;51899;54721;-;380.3	73;67327;68754;-;94.3	69;62788;65415;-;100.3	75;69469;70035;-;183.8	65;60140;60778;-;68.3	64;58335;60143;-;268.3	54;48176;50365;-;391.8	70;65931;66446;-;78.0	54;48176;50365;-;70.4	A	9/9	contiguous	21293	1	1	51381..51878-;165;TraS;0
NZ_OP242233.1	MPF_F	IncFII	78	0	0	GA	0															not_admitted	not_admitted	not_admitted	not_admitted	not_admitted	not_admitted	not_admitted	not_admitted	not_admitted	not_admitted	1	54;41618;42610;+;369.5	64;48389;49762;+;381.7	59;45716;46459;+;234.4	51;37979;40609;+;303.6	65;49759;52581;+;374.0	44;33529;34980;+;94.2	51;37979;40609;+;98.2	42;32248;32814;+;174.3	56;42954;43592;+;68.6	57;43589;45439;+;266.1	69;54853;57087;+;391.1	47;35840;36355;+;78.4	69;54853;57087;+;70.3	A	9/9	contiguous	22605	1	1	52603..53082+;159;TraS;0
NZ_OP242234.1	MPF_T	IncX4	39	0	0	GA	1	15;15015;15635;-;41.6	14;14675;15001;-;64.4	13;11909;14656;-;63.8	13;11909;14656;-;151.8	13;11909;14656;-;46.1	12;11181;11897;-;94.2	11;10075;11169;-;150.1		9;8874;9560;-;169.0	8;7969;8877;-;142.4	7;6858;7976;-;163.9	6;5828;6856;-;85.0	5;3979;5796;-;314.8		pfam	pfam_only	A	7/7	canonical	1	1	unscoreable	1	0	0														not_admitted	not_admitted	not_admitted	not_admitted	not_admitted	not_admitted	not_admitted
NZ_OP242236.1	MPF_F	Col156;IncFIA;IncFIB(AP001918);IncFII	193	0	0	GA	0															not_admitted	not_admitted	not_admitted	not_admitted	not_admitted	not_admitted	not_admitted	not_admitted	not_admitted	not_admitted	1	146;129666;130658;-;367.4	135;122607;123980;-;380.9	142;126194;126937;-;235.0	149;131667;134294;-;303.6	134;119785;122610;-;385.9	155;136349;137776;-;94.3	149;131667;134294;-;98.5	157;138491;139057;-;183.8	145;129019;129657;-;68.6	144;127214;129022;-;268.3	131;116084;118282;-;391.3	151;134810;135325;-;78.4	131;116084;118282;-;70.4	A	9/9	contiguous	22407	1	1	119279..119788-;169;unnamed;0
NZ_OP242240.1	MPF_F	IncFIB(AP001918);IncFII	125	0	0	GA	0															not_admitted	not_admitted	not_admitted	not_admitted	not_admitted	not_admitted	not_admitted	not_admitted	not_admitted	not_admitted	1	75;65678;66670;-;369.5	64;58570;59943;-;382.9	70;61871;62614;-;233.4	78;67679;70306;-;300.9	63;55754;58573;-;385.4	84;72459;73886;-;93.9	78;67679;70306;-;101.1	86;74601;75167;-;182.7	73;64696;65334;-;70.7	72;62891;64699;-;264.7	60;52006;54222;-;391.7	80;70822;71337;-;76.0	60;52006;54222;-;70.3	A	9/9	contiguous	22595	1	1	55238..55729-;163;TraS;0
NZ_OP242242.1	MPF_F	IncFII(pHN7A8)	92	0	0	GA	0															not_admitted	not_admitted	not_admitted	not_admitted	not_admitted	not_admitted	not_admitted	not_admitted	not_admitted	not_admitted	1	71;53029;54015;+;352.9	77;58248;59609;+;343.5	75;56837;57616;+;194.4	68;49345;51936;+;216.1	78;59611;62493;+;288.8	63;46393;47757;+;83.1	68;49345;51936;+;87.4	61;45113;45676;+;136.5	73;54391;55005;+;82.6	74;55002;56840;+;259.4	81;64125;66356;+;371.9	67;48666;49334;+;47.2	81;64125;66356;+;68.9	A	9/9	contiguous	19012	1	1	62503..63078+;191;unnamed;0
NZ_OP242243.1	MPF_F	IncFIB(AP001918);IncFII	179	0	0	GA	0															not_admitted	not_admitted	not_admitted	not_admitted	not_admitted	not_admitted	not_admitted	not_admitted	not_admitted	not_admitted	1	123;106595;107587;-;369.5	112;99487;100860;-;382.9	118;102788;103531;-;233.4	126;108596;111223;-;300.9	111;96671;99490;-;385.4	132;113376;114803;-;93.9	126;108596;111223;-;101.1	134;115518;116084;-;182.7	121;105613;106251;-;70.7	120;103808;105616;-;264.7	108;92932;95139;-;391.8	128;111739;112254;-;76.0	108;92932;95139;-;70.4	A	9/9	contiguous	22586	1	1	96155..96646-;163;TraS;0
NZ_OP242249.1	MPF_F	IncFIB(AP001918);IncFII	167	0	0	GA	0															not_admitted	not_admitted	not_admitted	not_admitted	not_admitted	not_admitted	not_admitted	not_admitted	not_admitted	not_admitted	1	100;103272;104264;-;367.3	89;96212;97585;-;374.3	96;99800;100543;-;234.1	103;105273;107900;-;305.4	88;93399;96215;-;387.9	109;109955;111382;-;91.7	103;105273;107900;-;99.1	111;112097;112663;-;183.8	99;102625;103263;-;67.3	98;100820;102628;-;268.3	85;89683;91836;-;391.1	105;108416;108931;-;77.3	85;89683;91836;-;69.2	A	9/9	contiguous	22414	1	1	92845..93366-;173;unnamed;0
NZ_OP242251.1	MPF_T	IncN	65	0	0	GA	1	23;19093;19830;+;32.0		26;20473;20790;+;63.3	27;20790;23390;+;111.8	27;20790;23390;+;76.4	28;23408;24121;+;105.5	30;24372;25412;+;142.4		31;25631;26329;+;131.9	32;26340;27224;+;159.7	33;27224;28384;+;156.3	34;28426;29421;+;81.2	42;35428;36957;-;38.5		pfam	both	A	7/7	canonical	1	0	unscoreable	10	0	0														not_admitted	not_admitted	not_admitted	not_admitted	not_admitted	not_admitted	not_admitted
NZ_OP242255.1	MPF_F	IncFIB(AP001918);IncFIC(FII)	102	0	0	GA	0															not_admitted	not_admitted	not_admitted	not_admitted	not_admitted	not_admitted	not_admitted	not_admitted	not_admitted	not_admitted	1	43;47837;48829;-;369.3	35;41768;43141;-;380.7	39;44362;45105;-;232.7	46;49838;52465;-;303.5	34;38949;41771;-;380.3	50;54377;55804;-;94.3	46;49838;52465;-;100.3	52;56519;57085;-;183.8	42;47190;47828;-;68.3	41;45385;47193;-;268.3	31;35235;37415;-;391.8	47;52981;53496;-;78.0	31;35235;37415;-;70.4	A	9/9	contiguous	21284	1	1	38431..38928-;165;TraS;0
NZ_OP242271.1	MPF_F	IncFII(29)	175	0	0	GA	0															not_admitted	not_admitted	not_admitted	not_admitted	not_admitted	not_admitted	not_admitted	not_admitted	not_admitted	not_admitted	1	146;121477;122469;+;370.8	161;130997;132373;+;382.7	157;129027;129770;+;234.5	143;117838;120468;+;302.4	162;132370;135192;+;373.8	132;111294;112745;+;92.5	143;117838;120468;+;97.9	130;110013;110579;+;175.1	154;126304;126942;+;68.9	155;126939;128747;+;268.0	166;137464;139689;+;391.7	136;113849;114364;+;78.8	166;137464;139689;+;70.3	A	9/9	contiguous	27451	1	1	135213..135710+;165;TraS;0
NZ_OP242277.1	MPF_F	IncFIB(AP001918);IncFIC(FII)	117	0	0	GA	0															not_admitted	not_admitted	not_admitted	not_admitted	not_admitted	not_admitted	not_admitted	not_admitted	not_admitted	not_admitted	1	58;60152;61144;-;369.3	50;54083;55456;-;380.7	54;56677;57420;-;232.7	61;62153;64780;-;303.5	49;51264;54086;-;380.3	65;66692;68119;-;94.3	61;62153;64780;-;100.3	67;68834;69400;-;183.8	57;59505;60143;-;68.3	56;57700;59508;-;268.3	46;47559;49730;-;391.8	62;65296;65811;-;78.0	46;47559;49730;-;70.4	A	9/9	contiguous	21275	1	1	50746..51243-;165;TraS;0
NZ_OP242281.1	MPF_T	IncP1	68	0	0	GA	1		62;45203;45586;+;68.7	63;45589;45915;+;50.6	64;45912;48455;+;94.8	64;45912;48455;+;107.0	0;108;878;+;104.8	1;1069;2628;+;113.8		65;48452;49159;+;91.8	66;49175;50065;+;152.4		61;44133;45089;+;134.8	32;23832;25778;-;442.7		conjscan	conjscan_only	B	6/7	rearranged	1	0	unscoreable	0	0	0														not_admitted	not_admitted	not_admitted	not_admitted	not_admitted	not_admitted	not_admitted
NZ_OP242283.1	MPF_F	IncFIB(AP001918);IncFII(pRSB107)	167	0	0	GA	0															not_admitted	not_admitted	not_admitted	not_admitted	not_admitted	not_admitted	not_admitted	not_admitted	not_admitted	not_admitted	1	77;68724;69716;-;368.6	66;61571;62944;-;382.9	72;64875;65618;-;234.1	80;70725;73352;-;295.0	65;58752;61574;-;385.6	86;75243;76694;-;93.9	80;70725;73352;-;101.1	88;77409;77975;-;177.4	75;67742;68380;-;68.7	74;65895;67745;-;266.7	61;54245;56506;-;391.7	83;73868;74383;-;76.5	61;54245;56506;-;70.3	A	9/9	contiguous	23164	1	1	58251..58730-;159;TraS;0
NZ_OP242285.1	MPF_F	IncFIA(HI1);IncHI1A;IncHI1B(R27)	284	0	0	GA	0															not_admitted	not_admitted	not_admitted	not_admitted	not_admitted	not_admitted	not_admitted	not_admitted	not_admitted	not_admitted	1	14;14855;15907;+;277.6	171;152552;153967;+;201.7	170;151516;152562;+;171.3	282;252627;255308;+;160.6	172;153976;157965;+;103.1	278;248921;250279;+;84.0	282;252627;255308;+;76.5	275;246469;247254;+;68.7	12;13202;14710;+;65.6	15;15930;19106;+;58.9	164;142497;144581;-;50.2	281;251668;252618;+;45.2	164;142497;144581;-;36.5	A	9/9	split_3	239425	0	1	
NZ_OP242290.1	MPF_T	IncP1	79	0	0	GA	1		68;48052;48435;-;68.7	67;47723;48049;-;48.3	66;45183;47726;-;98.2	66;45183;47726;-;107.1	61;40925;41707;-;105.1	59;39142;40713;-;111.3		65;44479;45186;-;91.0	64;43573;44463;-;153.1	62;41720;43114;-;220.3	69;48549;49505;-;135.4	24;16856;18802;+;442.7		conjscan	conjscan_only	A	7/7	canonical	1	0	unscoreable	3	0	0														not_admitted	not_admitted	not_admitted	not_admitted	not_admitted	not_admitted	not_admitted
NZ_OP242301.1	MPF_T	IncX1	54	0	0	GA	1	16;8810;9454;+;47.1	17;9438;9728;+;73.5	18;9752;12511;+;44.8	18;9752;12511;+;133.3	18;9752;12511;+;71.9	19;12513;13250;+;57.5	21;13532;14587;+;131.7		22;14777;15499;+;117.8	23;15505;16434;+;133.3	24;16431;17645;+;128.6	25;17663;18700;+;66.4	26;18705;20540;+;543.4		pfam	pfam_only	A	7/7	canonical	1	1	unscoreable	1	0	0														not_admitted	not_admitted	not_admitted	not_admitted	not_admitted	not_admitted	not_admitted
NZ_OP242313.1	MPF_T	IncX4	47	0	0	GA	1	16;9257;9877;+;46.3	17;9891;10217;+;64.4	18;10236;12983;+;63.8	18;10236;12983;+;151.8	18;10236;12983;+;46.1	19;12995;13711;+;94.1	20;13723;14817;+;150.1		22;15332;16018;+;169.0	23;16015;16923;+;142.3	24;16916;18034;+;163.9	25;18036;19064;+;85.0	26;19096;20913;+;317.3		pfam	pfam_only	A	7/7	canonical	1	1	unscoreable	1	0	0														not_admitted	not_admitted	not_admitted	not_admitted	not_admitted	not_admitted	not_admitted
NZ_OP290545.1	MPF_F	IncHI2;IncHI2A	164	0	0	GA	0															not_admitted	not_admitted	not_admitted	not_admitted	not_admitted	not_admitted	not_admitted	not_admitted	not_admitted	not_admitted	1	99;85384;86442;-;274.3			115;104068;106749;-;168.0		119;109079;110434;-;80.7	115;104068;106749;-;72.2	122;112158;112946;-;74.8	101;86584;88095;-;62.0	98;82177;85365;-;57.3		116;106758;107708;-;46.1		C	6/9	contiguous	29981	0	1	
NZ_OP328419.1	MPF_T	IncP1	117	0	0	GA	1		33;16881;17156;+;40.7	34;17128;17550;+;49.6	36;18450;19169;+;47.0	35;17584;18408;+;94.4		46;24939;25499;+;54.1		39;20183;20602;+;57.6	40;20919;21479;+;74.7	43;22881;23438;+;215.2	31;16287;16631;+;65.7	79;43042;43572;-;150.4		none	none	A	7/7	canonical	0	0	unscoreable	7	0	0														not_admitted	not_admitted	not_admitted	not_admitted	not_admitted	not_admitted	not_admitted
NZ_OP331339.1	MPF_F	IncFIB(AP001918);IncFII	132	0	0	GA	0															not_admitted	not_admitted	not_admitted	not_admitted	not_admitted	not_admitted	not_admitted	not_admitted	not_admitted	not_admitted	1	39;29805;30797;+;369.3	48;35856;37232;+;381.0	43;33526;34269;+;230.0	36;26169;28796;+;304.9	49;37229;39739;+;387.9	29;22687;24114;+;94.3	36;26169;28796;+;98.6	27;21406;21972;+;183.3	40;30806;31444;+;68.7	41;31441;33249;+;267.9	53;41588;43741;+;391.8	33;25138;25653;+;77.3	53;41588;43741;+;70.4	A	9/9	contiguous	20182	1	1	39822..40055+;77;unnamed;0
NZ_OP331340.1	MPF_F	IncFIB(AP001918);IncFII	127	0	0	GA	0															not_admitted	not_admitted	not_admitted	not_admitted	not_admitted	not_admitted	not_admitted	not_admitted	not_admitted	not_admitted	1		42;30248;31624;+;381.0	37;27918;28661;+;230.0	33;23610;25406;+;307.7	43;31621;34128;+;386.9	26;20058;21485;+;94.3	33;23610;25406;+;49.1	24;18777;19343;+;183.3	34;25375;25836;+;69.7	35;25833;27641;+;267.9	48;36460;38175;+;393.0	30;22509;23024;+;77.3	48;36460;38175;+;70.8	B	8/9	contiguous	17683	1	1	34211..34444+;77;unnamed;0
NZ_OP378604.1	MPF_F	IncHI2;IncHI2A;pKP1433	412	0	0	GA	0															not_admitted	not_admitted	not_admitted	not_admitted	not_admitted	not_admitted	not_admitted	not_admitted	not_admitted	not_admitted	1	29;32275;33333;+;276.9	306;285807;287222;-;194.1	307;287212;288258;-;173.7	11;8955;11636;+;168.0	305;281848;285798;-;101.6	7;5270;6625;+;80.7	11;8955;11636;+;72.2	4;2758;3546;+;74.8	27;30622;32133;+;62.7	30;33352;36540;+;58.3	313;295299;297383;+;56.7	10;7996;8946;+;46.4	313;295299;297383;+;38.8	A	9/9	split_3	292541	0	1	
NZ_OP378605.1	MPF_T	IncN3	70	0	0	GA	1	62;48534;49316;-;33.0	60;47991;48287;-;36.0	59;47634;47951;-;71.9	58;45060;47633;-;117.9	58;45060;47633;-;74.2	57;44343;45044;-;99.8	55;43037;44074;-;122.7	54;42829;42960;-;40.1	53;42123;42818;-;132.6	52;41225;42112;-;151.1	51;40092;41225;-;166.3	50;39040;40041;-;90.0	44;31820;33352;+;48.1		pfam	both	A	7/7	canonical	1	0	ga	7	0	0														not_admitted	not_admitted	not_admitted	not_admitted	not_admitted	not_admitted	not_admitted
NZ_OP378607.1	MPF_F	Col156;IncFIA;IncFIB(AP001918);IncFII(pRSB107)	178	0	0	GA	0															not_admitted	not_admitted	not_admitted	not_admitted	not_admitted	not_admitted	not_admitted	not_admitted	not_admitted	not_admitted	1	117;107599;108591;-;369.5	104;98467;99840;-;386.6	112;103750;104493;-;231.4	120;109600;112227;-;303.9	103;95651;98470;-;386.3	126;114112;115563;-;94.1	120;109600;112227;-;96.5	128;116278;116844;-;184.3	115;106617;107255;-;68.7	114;104770;106620;-;266.7	99;91186;93393;-;391.8	123;112743;113258;-;75.2	99;91186;93393;-;70.3	A	9/9	contiguous	25092	1	1	95135..95626-;163;TraS;0
NZ_OP378610.1	MPF_F	Col156;IncFIB(AP001918);IncFII(29)	143	0	0	GA	0															not_admitted	not_admitted	not_admitted	not_admitted	not_admitted	not_admitted	not_admitted	not_admitted	not_admitted	not_admitted	1	86;75822;76814;-;369.5	74;68395;69768;-;381.7	81;71973;72716;-;233.1	89;77823;80453;-;304.0	73;65576;68398;-;388.5	96;83584;85011;-;93.9	89;77823;80453;-;99.3	98;85726;86292;-;183.1	84;74840;75478;-;68.6	83;72993;74843;-;271.9	69;61115;63304;-;391.2	93;81940;82455;-;73.9	69;61115;63304;-;70.3	A	9/9	contiguous	24611	1	1	65075..65554-;159;TraS;0
NZ_OP378614.1	MPF_F	IncFIA;IncFII	79	0	0	GA	0															not_admitted	not_admitted	not_admitted	not_admitted	not_admitted	not_admitted	not_admitted	not_admitted	not_admitted	not_admitted	1	55;41868;42860;+;369.5	66;48595;49968;+;382.9	60;45924;46667;+;234.4	52;38232;40859;+;300.9	67;49965;52784;+;385.4	46;34652;36079;+;93.9	52;38232;40859;+;101.1	44;33371;33937;+;182.7	57;43204;43842;+;70.7	58;43839;45647;+;267.1	70;54316;56532;+;380.8	50;37201;37716;+;76.0	70;54316;56532;+;66.5	A	9/9	contiguous	20945	1	1	52809..53300+;163;TraS;0
NZ_OP378618.1	MPF_F	Col156;IncFIA;IncFIB(AP001918);IncFII(pRSB107);IncN	240	1	1	GA	1	199;172337;172846;+;79.6		39;31164;31481;+;63.3	40;31481;34081;+;113.8	40;31481;34081;+;76.4	41;34099;34812;+;105.5	43;35063;36103;+;142.4		44;36322;37020;+;131.9	45;37031;37915;+;159.7	46;37915;39075;+;156.3	47;39117;40112;+;81.2	67;57468;58997;-;38.5	179;157596;159446;-;266.7	pfam	both	A	7/7	canonical	1	0	unscoreable	31	0	1	182;160425;161417;-;369.5	173;153170;154543;-;386.6	177;156576;157319;-;231.4	185;162426;165053;-;303.9	172;150354;153173;-;386.3	46;37915;39075;+;156.3	185;162426;165053;-;96.5	193;169104;169670;-;184.3	180;159443;160081;-;68.7	179;157596;159446;-;266.7	168;145898;148096;-;391.8	188;165569;166084;-;75.2	168;145898;148096;-;70.3	A	9/9	split_2	131189	1	1	149838..150329-;163;TraS;0
NZ_OP378619.1	MPF_F	IncFIA;IncFII	127	0	0	GA	0															not_admitted	not_admitted	not_admitted	not_admitted	not_admitted	not_admitted	not_admitted	not_admitted	not_admitted	not_admitted	1	96;81863;82855;+;369.5	107;88590;89963;+;382.9	101;85919;86662;+;234.4	93;78227;80854;+;300.9	108;89960;92779;+;385.4	87;74647;76074;+;93.9	93;78227;80854;+;101.1	85;73366;73932;+;182.7	98;83199;83837;+;70.7	99;83834;85642;+;267.1	111;94311;96518;+;380.8	91;77196;77711;+;76.0	111;94311;96518;+;66.5	A	9/9	contiguous	20945	1	1	92804..93295+;163;TraS;0
NZ_OP378621.1	MPF_F	IncFIA;IncFIB(AP001918);IncFII(pRSB107)	181	0	0	GA	0															not_admitted	not_admitted	not_admitted	not_admitted	not_admitted	not_admitted	not_admitted	not_admitted	not_admitted	not_admitted	1	106;89869;90861;-;369.5	97;83475;84848;-;386.6	101;86020;86763;-;230.4	109;91870;94497;-;303.9	96;80659;83478;-;386.3	115;96382;97833;-;94.1	109;91870;94497;-;96.5	117;98548;99114;-;184.3	104;88887;89525;-;68.7	103;87040;88890;-;266.7	92;76230;78401;-;391.8	112;95013;95528;-;75.2	92;76230;78401;-;70.3	A	9/9	contiguous	22318	1	1	80143..80634-;163;TraS;0
NZ_OP378624.1	MPF_T	pXuzhou21	51	0	0	GA	1	3;2284;2961;+;28.6			6;3718;6240;+;58.7	6;3718;6240;+;38.4	7;6224;6904;+;83.2	49;35385;36437;-;92.8		8;7129;7920;+;139.8	9;7941;8729;+;168.9	10;8722;9948;+;157.0	11;10025;11086;+;79.1	12;11108;13129;+;311.2		pfam	pfam_only	A	7/7	uncallable	0	0	unscoreable	2	0	0														not_admitted	not_admitted	not_admitted	not_admitted	not_admitted	not_admitted	not_admitted
NZ_OP378626.1	MPF_F	IncFIB(AP001918);IncFII	156	0	0	GA	0															not_admitted	not_admitted	not_admitted	not_admitted	not_admitted	not_admitted	not_admitted	not_admitted	not_admitted	not_admitted	1	104;95321;96313;-;369.3	95;88886;90262;-;381.0	100;91849;92592;-;233.3	107;97322;99949;-;306.1	94;86067;88889;-;389.2	113;102108;103535;-;94.3	107;97322;99949;-;98.6	115;104250;104816;-;182.1	103;94674;95312;-;68.7	102;92869;94677;-;268.0	91;82345;84534;-;390.9	109;100465;100980;-;78.4	91;82345;84534;-;70.4	A	9/9	contiguous	21905	1	1	85549..86046-;165;TraS;0
NZ_OP378628.1	MPF_F	IncFII(pHN7A8)	85	0	0	GA	0															not_admitted	not_admitted	not_admitted	not_admitted	not_admitted	not_admitted	not_admitted	not_admitted	not_admitted	not_admitted	1	59;48252;49244;+;369.5	71;55844;57217;+;381.7	66;53171;53914;+;234.4	56;44613;47243;+;297.8	72;57214;60039;+;374.0	47;39518;40969;+;93.8	56;44613;47243;+;98.7	45;38237;38803;+;174.3	63;50409;51047;+;67.4	64;51044;52894;+;266.1	76;62281;64479;+;391.2	51;42073;42588;+;81.1	76;62281;64479;+;70.3	A	9/9	contiguous	24044	1	1	60036..60545+;169;unnamed;0
NZ_OP378629.1	MPF_T	IncY	105	0	0	GA	1	77;71787;72449;+;48.3	78;72460;72759;+;36.6	79;72769;75519;+;61.8	79;72769;75519;+;132.4	79;72769;75519;+;47.3	80;75538;76254;+;137.0	82;76568;77575;+;137.8		84;77785;78471;+;158.3	85;78464;79357;+;147.4	87;80009;80548;+;122.7	88;80552;81601;+;71.5	95;86339;88246;+;24.4		pfam	pfam_only	A	7/7	canonical	1	1	unscoreable	9	0	0														not_admitted	not_admitted	not_admitted	not_admitted	not_admitted	not_admitted	not_admitted
NZ_OP378631.1	MPF_T	IncX4	45	0	0	GA	1	18;14843;15463;-;46.9	17;14503;14829;-;64.1	16;11737;14484;-;62.7	16;11737;14484;-;154.4	16;11737;14484;-;46.1	15;11009;11725;-;96.9	14;9919;10998;-;157.5		12;8718;9404;-;169.5	11;7813;8721;-;142.6	10;6702;7820;-;163.9	9;5672;6700;-;85.0	8;3823;5640;-;317.0		pfam	pfam_only	A	7/7	canonical	1	1	unscoreable	1	0	0														not_admitted	not_admitted	not_admitted	not_admitted	not_admitted	not_admitted	not_admitted
NZ_OP378632.1	MPF_T	IncX1;IncX10	42	0	0	GA	1	13;12500;13147;-;45.5	12;12226;12522;-;78.6	11;9454;12207;-;46.6	11;9454;12207;-;146.5	11;9454;12207;-;73.4	10;8685;9443;-;67.3	8;7258;8388;-;103.0		6;6300;7013;-;120.0	5;5360;6295;-;136.3	4;4162;5367;-;132.5	3;3129;4160;-;76.5	2;1291;3126;-;489.3		pfam	pfam_only	A	7/7	canonical	1	1	unscoreable	2	0	0														not_admitted	not_admitted	not_admitted	not_admitted	not_admitted	not_admitted	not_admitted
NZ_OP378634.1	MPF_F	IncFIB(K)	157	0	0	GA	0															not_admitted	not_admitted	not_admitted	not_admitted	not_admitted	not_admitted	not_admitted	not_admitted	not_admitted	not_admitted	1	118;96027;97019;-;363.2	109;89459;90148;-;222.8	113;91406;92158;-;235.0	121;98045;100684;-;259.2	107;85940;88783;-;344.5	130;104086;105510;-;84.2	121;98045;100684;-;84.3	132;106237;106803;-;168.4	117;95376;96014;-;66.2	115;93047;94999;-;257.5	103;82411;83442;-;150.6	129;103316;103873;-;54.0		A	9/9	contiguous	23826	1	1	85609..85929-;106;unnamed;0
NZ_OP378635.1	-	IncFIA(HI1);IncFII(K);IncFII(pAR0022)	92	0	0	GA	0															not_admitted	not_admitted	not_admitted	not_admitted	not_admitted	not_admitted	not_admitted	not_admitted	not_admitted	not_admitted	1	79;62931;63929;+;370.2	84;67657;69021;+;350.2	82;66292;67062;+;204.8	76;59272;61893;+;216.9	85;69024;71894;+;243.4	73;56981;58312;+;85.3	76;59272;61893;+;92.2	71;55700;56275;+;87.7	80;63899;64327;+;64.0	81;64355;66292;+;231.2	87;72597;74729;+;376.5	75;58733;59263;+;34.9	87;72597;74729;+;67.6	A	9/9	contiguous	16897	1	1	71903..72466+;187;unnamed;0
NZ_OP378637.1	MPF_T	Col(pHAD28);IncN	74	0	0	GA	1	16;11521;12255;+;32.5		19;12898;13215;+;63.3	20;13215;15815;+;113.8	20;13215;15815;+;76.4	21;15833;16546;+;105.5	23;16797;17837;+;142.4						52;45034;46563;-;38.5		pfam	both	D	3/7	canonical	1	0	unscoreable	3	0	0														not_admitted	not_admitted	not_admitted	not_admitted	not_admitted	not_admitted	not_admitted
NZ_OP378638.1	MPF_F	IncHI2;IncHI2A	341	0	0	GA	0															not_admitted	not_admitted	not_admitted	not_admitted	not_admitted	not_admitted	not_admitted	not_admitted	not_admitted	not_admitted	1	38;43490;44548;+;276.9	253;227501;228916;-;194.1	254;228906;229952;-;173.7	11;8955;11636;+;168.0	252;223542;227492;-;101.6	7;5270;6625;+;80.7	11;8955;11636;+;72.2	4;2758;3546;+;74.8	36;41837;43348;+;62.7	39;44567;47755;+;58.3	260;236993;239077;+;56.7	10;7996;8946;+;46.4	260;236993;239077;+;38.8	A	9/9	split_3	234235	0	1	
NZ_OP378639.1	MPF_F	IncHI1A(NDM-CIT);IncHI1B(pNDM-CIT)	363	1	1	GA	1		315;280500;280883;-;86.7	314;280231;280503;-;32.1	313;277769;280219;-;42.3	313;277769;280219;-;138.4	312;277035;277772;-;223.0	310;275335;276699;-;179.3		309;274601;275305;-;232.3	308;273612;274604;-;224.4	306;272330;273310;-;204.4	316;280880;281947;-;117.4	318;282405;284420;-;346.4	29;31510;34686;+;57.9	conjscan	conjscan_only	A	7/7	canonical	1	0	unscoreable	4	0	1	28;30436;31491;+;278.1	211;204078;205493;-;200.0	212;205483;206529;-;168.3	11;9302;11983;+;156.8	210;200080;204069;-;103.1	306;272330;273310;-;204.4	11;9302;11983;+;73.5	4;3144;3929;+;69.5	26;28783;30291;+;62.3	29;31510;34686;+;57.9	318;282405;284420;-;105.6	10;8343;9293;+;45.4	318;282405;284420;-;99.4	A	9/9	split_3	279261	0	1	
NZ_OP378640.1	MPF_F	IncC	245	0	0	GA	0															not_admitted	not_admitted	not_admitted	not_admitted	not_admitted	not_admitted	not_admitted	not_admitted	not_admitted	not_admitted	1	112;82649;83656;+;332.9	234;181635;183068;+;339.2	233;180605;181633;+;221.7	107;77450;79897;+;354.5	235;183081;186695;+;375.3	102;68578;69894;+;135.0	107;77450;79897;+;128.3	100;67054;67680;+;92.7	110;80719;81984;+;67.9	113;83772;86570;+;145.3	91;61379;63244;+;47.3	103;69891;70469;+;100.2	91;61379;63244;+;52.0	A	9/9	split_2	121702	0	1	
NZ_OP378642.1	MPF_F	IncFII(Yp)	106	0	0	GA	0															not_admitted	not_admitted	not_admitted	not_admitted	not_admitted	not_admitted	not_admitted	not_admitted	not_admitted	not_admitted	1	80;63707;64699;+;372.3	91;70733;72103;+;383.1	88;69212;69964;+;222.2	77;60042;62681;+;254.8	92;72103;74982;+;333.2	69;55430;56851;+;86.6	77;60042;62681;+;88.2	67;54143;54709;+;159.4	81;64712;65359;+;68.8	83;65736;67691;+;253.1	96;77760;80078;+;390.7	71;57312;57896;+;55.9	96;77760;80078;+;66.8	A	9/9	contiguous	23617	1	1	74999..75667+;222;unnamed;0
NZ_OP378644.1	MPF_F	IncFIB(K);IncFII(p14)	215	0	0	GA	0															not_admitted	not_admitted	not_admitted	not_admitted	not_admitted	not_admitted	not_admitted	not_admitted	not_admitted	not_admitted	1	165;136695;137687;-;372.3	156;129875;131245;-;378.0	159;132014;132766;-;226.9	168;138710;141349;-;254.4	155;128673;129875;-;318.0	175;143827;145248;-;86.2	168;138710;141349;-;87.3	177;145969;146535;-;163.8	164;136056;136682;-;67.7	163;134116;136059;-;255.0	152;123992;126286;-;391.8	173;143084;143638;-;57.5	152;123992;126286;-;66.4	A	9/9	contiguous	21977	1	1	127032..128630-;532;unnamed;0
NZ_OP378645.1	MPF_T	IncN	95	0	0	GA	1	34;31426;32160;-;32.5		31;30466;30783;-;63.3	30;27866;30466;-;113.8	30;27866;30466;-;76.4	29;27135;27848;-;105.5	27;25844;26884;-;142.4		26;24927;25625;-;131.9	25;24032;24916;-;159.7	24;22872;24032;-;156.3	9;11837;12349;-;74.4	70;57249;58778;+;38.5		pfam	both	A	7/7	canonical	1	0	unscoreable	3	0	0														not_admitted	not_admitted	not_admitted	not_admitted	not_admitted	not_admitted	not_admitted
NZ_OP378647.1	MPF_F	IncFII(pBK30683);repB(R1701)	200	0	0	GA	0															not_admitted	not_admitted	not_admitted	not_admitted	not_admitted	not_admitted	not_admitted	not_admitted	not_admitted	not_admitted	1	121;104181;105170;-;363.3	111;97267;98634;-;382.7	115;99892;100644;-;233.7	125;106627;109266;-;258.5	110;95033;97267;-;346.5	133;112523;113947;-;89.2	125;106627;109266;-;87.7	135;114674;115240;-;169.3	120;103530;104168;-;66.0	119;101516;103471;-;259.7	103;88843;91155;-;392.7	132;111825;112409;-;55.4	103;88843;91155;-;66.5	A	9/9	contiguous	25831	0	1	
NZ_OP378652.1	MPF_F	IncFIB(K);IncFII(K)	243	0	0	GA	0															not_admitted	not_admitted	not_admitted	not_admitted	not_admitted	not_admitted	not_admitted	not_admitted	not_admitted	not_admitted	1	197;198887;199876;-;363.3	186;191701;193068;-;382.2	190;194326;195078;-;236.4	201;201333;203972;-;259.0	185;188858;191701;-;342.9	212;207939;209363;-;88.8	201;201333;203972;-;87.6	214;210090;210656;-;167.9	195;197964;198611;-;65.9	194;195950;197905;-;259.5	181;183961;186273;-;392.8	209;206743;207327;-;53.8	181;183961;186273;-;65.9	A	9/9	contiguous	26129	1	1	188323..188847-;174;unnamed;0
NZ_OP378653.1	MPF_F	RepB	366	0	0	GA	0															not_admitted	not_admitted	not_admitted	not_admitted	not_admitted	not_admitted	not_admitted	not_admitted	not_admitted	not_admitted	1	327;313959;314993;+;281.4	95;91097;92506;+;190.4	94;90070;91107;+;176.7	310;298671;301388;+;149.6	96;92508;96476;+;120.1	306;295188;296558;+;65.6	310;298671;301388;+;85.2	303;292682;293542;+;79.0	31;27510;28700;-;70.5	328;315003;318185;+;58.9	87;80756;82882;-;56.2	309;297889;298626;+;56.9	87;80756;82882;-;41.0	A	9/9	split_3	287493	0	1	
NZ_OP378654.1	MPF_F	IncFIB(K);IncFII(K)	181	0	0	GA	0															not_admitted	not_admitted	not_admitted	not_admitted	not_admitted	not_admitted	not_admitted	not_admitted	not_admitted	not_admitted	1	123;122508;123500;-;366.6	113;115687;117057;-;381.2	117;118259;119011;-;232.4	126;124526;127165;-;258.7	112;112838;115687;-;344.2	135;130980;132404;-;89.2	126;124526;127165;-;88.8	137;133131;133697;-;167.0	122;121857;122495;-;67.0	121;119854;121860;-;259.0	108;108715;111024;-;393.2	133;129799;130368;-;49.7	108;108715;111024;-;65.8	A	9/9	contiguous	24416	1	1	112305..112835-;176;unnamed;0
NZ_OP378655.1	MPF_T	IncX3	121	0	0	GA	1	17;10027;10671;+;46.4	18;10655;10945;+;73.1	19;10970;13723;+;47.0	19;10970;13723;+;145.4	19;10970;13723;+;73.3	20;13733;14503;+;60.1	22;14782;15837;+;133.2		23;16032;16760;+;119.4	24;16766;17695;+;138.8	25;17692;18906;+;128.3	27;19102;20136;+;65.7	28;20139;21974;+;495.9		pfam	pfam_only	A	7/7	canonical	1	1	unscoreable	2	0	0														not_admitted	not_admitted	not_admitted	not_admitted	not_admitted	not_admitted	not_admitted
NZ_OP378657.1	MPF_F	IncFIB(K)	188	0	0	GA	0															not_admitted	not_admitted	not_admitted	not_admitted	not_admitted	not_admitted	not_admitted	not_admitted	not_admitted	not_admitted	1	143;137627;138616;-;363.3	132;130441;131808;-;380.5	136;133066;133818;-;233.7	147;140073;142712;-;259.0	131;127592;130441;-;346.4	157;146679;148103;-;89.5	147;140073;142712;-;88.7	159;148830;149396;-;167.0	141;136704;137351;-;66.9	140;134690;136645;-;259.7	124;121757;124066;-;393.1	155;145483;146067;-;53.8	124;121757;124066;-;66.6	A	9/9	contiguous	27073	1	1	127059..127589-;176;unnamed;0
NZ_OP378658.1	MPF_F	IncFIB(K);IncN	188	0	0	GA	0															not_admitted	not_admitted	not_admitted	not_admitted	not_admitted	not_admitted	not_admitted	not_admitted	not_admitted	not_admitted	1	151;128709;129698;+;363.3	162;135517;136884;+;380.5	158;133507;134259;+;233.7	147;124613;127252;+;259.0	163;136884;139733;+;346.4	137;119222;120646;+;89.5	147;124613;127252;+;88.7	135;117929;118495;+;167.0	153;129974;130621;+;66.9	154;130680;132635;+;259.7	170;143259;145568;+;393.1	139;121258;121842;+;53.8	18;11756;13285;+;69.1	A	9/9	split_2	131503	1	1	139736..140266+;176;unnamed;0
NZ_OP378659.1	MPF_F	IncFIB(K);IncFII(K)	222	0	0	GA	0															not_admitted	not_admitted	not_admitted	not_admitted	not_admitted	not_admitted	not_admitted	not_admitted	not_admitted	not_admitted	1	154;142591;143580;-;363.3	143;135405;136772;-;383.5	147;138030;138782;-;233.7	158;145037;147676;-;259.0	142;132583;135405;-;346.5	169;151644;153068;-;88.0	158;145037;147676;-;88.7	171;153795;154361;-;167.9	152;141668;142315;-;66.9	151;139654;141609;-;259.7	138;127653;129965;-;392.8	166;150448;151032;-;53.8	138;127653;129965;-;65.9	A	9/9	contiguous	26142	1	1	131958..132560-;200;TraS;0
NZ_OP378662.1	MPF_F	IncFIB(pQil);IncFII(K)	133	0	0	GA	0															not_admitted	not_admitted	not_admitted	not_admitted	not_admitted	not_admitted	not_admitted	not_admitted	not_admitted	not_admitted	1	78;75369;76358;-;366.0	68;68455;69822;-;380.7	72;71080;71832;-;233.7	82;77801;80440;-;258.5	67;65606;68455;-;345.6	90;83697;85121;-;88.8	82;77801;80440;-;88.7	92;85848;86414;-;169.3	77;74718;75356;-;67.0	76;72704;74659;-;259.7	63;60808;63120;-;392.7	89;82999;83583;-;55.4	63;60808;63120;-;66.5	A	9/9	contiguous	25040	1	1	65045..65593-;182;unnamed;0
NZ_OP378663.1	MPF_F	IncFIB(K);IncFII(K)	176	0	0	GA	0															not_admitted	not_admitted	not_admitted	not_admitted	not_admitted	not_admitted	not_admitted	not_admitted	not_admitted	not_admitted	1	130;127005;127994;-;363.3	119;119819;121186;-;382.2	123;122444;123196;-;236.4	134;129451;132090;-;259.0	118;116976;119819;-;342.9	145;136057;137481;-;88.8	134;129451;132090;-;87.6	147;138208;138774;-;167.9	128;126082;126729;-;65.9	127;124068;126023;-;259.5	114;112079;114391;-;392.8	142;134861;135445;-;53.8	114;112079;114391;-;65.9	A	9/9	contiguous	26129	1	1	116441..116965-;174;unnamed;0
NZ_OP378664.1	MPF_F	ColRNAI;IncFIB(K);IncFII(K)	252	0	0	GA	0															not_admitted	not_admitted	not_admitted	not_admitted	not_admitted	not_admitted	not_admitted	not_admitted	not_admitted	not_admitted	1	196;199490;200482;-;366.6	186;192669;194039;-;381.2	190;195241;195993;-;232.4	199;201508;204147;-;258.7	185;189820;192669;-;344.2	208;207962;209386;-;89.2	199;201508;204147;-;88.8	210;210113;210679;-;167.0	195;198839;199477;-;67.0	194;196836;198842;-;259.0	181;185697;188006;-;393.2	206;206781;207350;-;49.7	181;185697;188006;-;65.8	A	9/9	contiguous	24416	1	1	189287..189817-;176;unnamed;0
NZ_OP378665.1	MPF_T	IncN3	70	0	0	GA	1	62;50332;51114;-;33.0	60;49789;50085;-;36.0	59;49432;49749;-;71.9	58;46858;49431;-;117.9	58;46858;49431;-;74.2	57;46141;46842;-;99.8	55;44835;45872;-;122.7	54;44627;44758;-;40.1	53;43921;44616;-;132.6	52;43023;43910;-;151.1	51;41890;43023;-;166.3	50;40838;41839;-;90.0	44;33618;35150;+;48.1		pfam	both	A	7/7	canonical	1	0	ga	7	0	0														not_admitted	not_admitted	not_admitted	not_admitted	not_admitted	not_admitted	not_admitted
NZ_OP378666.1	MPF_T	IncX3	55	0	0	GA	1	25;21198;21842;-;46.4	24;20924;21214;-;73.1	23;18146;20899;-;47.0	23;18146;20899;-;145.4	23;18146;20899;-;73.3	22;17366;18136;-;60.1	20;16032;17087;-;133.2		19;15109;15837;-;119.4	18;14174;15103;-;138.8	17;12963;14177;-;128.3	15;11733;12767;-;65.7	14;9895;11730;-;495.9		pfam	pfam_only	A	7/7	canonical	1	1	unscoreable	2	0	0														not_admitted	not_admitted	not_admitted	not_admitted	not_admitted	not_admitted	not_admitted
NZ_OP389273.1	MPF_F	IncFIB(pQil);IncFII(K)	146	0	0	GA	0															not_admitted	not_admitted	not_admitted	not_admitted	not_admitted	not_admitted	not_admitted	not_admitted	not_admitted	not_admitted	1	67;45114;46103;+;366.0	77;51650;53017;+;384.6	73;49640;50392;+;233.7	63;41018;43657;+;258.5	78;53017;55866;+;345.0	56;36767;38191;+;89.3	63;41018;43657;+;88.7	54;35474;36040;+;169.3	68;46116;46754;+;67.0	69;46813;48768;+;259.2	82;58330;60642;+;393.2	57;38263;38847;+;54.9	82;58330;60642;+;65.8	A	9/9	contiguous	22856	1	1	55869..56399+;176;unnamed;0
NZ_OP428973.1	MPF_T	IncX4	42	0	0	GA	1	24;16356;16928;+;42.2	25;16989;17315;+;64.4	26;17334;20081;+;63.8	26;17334;20081;+;151.8	26;17334;20081;+;46.1	27;20093;20809;+;94.2	28;20821;21915;+;150.1		30;22430;23116;+;169.0	31;23113;24021;+;142.4	32;24014;25132;+;163.9	33;25134;26162;+;83.8	34;26194;28011;+;314.8		pfam	pfam_only	A	7/7	canonical	1	1	unscoreable	1	0	0														not_admitted	not_admitted	not_admitted	not_admitted	not_admitted	not_admitted	not_admitted
NZ_OP428974.1	MPF_T	IncX4	42	0	0	GA	1	24;16356;16976;+;41.6	25;16990;17316;+;62.7	26;17335;20082;+;63.8	26;17335;20082;+;151.8	26;17335;20082;+;46.1	27;20094;20810;+;87.3	28;20822;21916;+;150.1		30;22431;23117;+;169.0	31;23114;24022;+;142.4	32;24015;25133;+;163.9	33;25135;26163;+;83.8	34;26195;28012;+;314.8		pfam	pfam_only	A	7/7	canonical	1	1	unscoreable	1	0	0														not_admitted	not_admitted	not_admitted	not_admitted	not_admitted	not_admitted	not_admitted
NZ_OP428975.1	MPF_T	IncX4	42	0	0	GA	1	24;16356;16928;+;42.2	25;16989;17315;+;64.4	26;17334;20081;+;63.8	26;17334;20081;+;151.8	26;17334;20081;+;46.1	27;20093;20809;+;94.2	28;20821;21915;+;150.1		30;22430;23116;+;169.0	31;23113;24021;+;142.4	32;24014;25132;+;163.9	33;25134;26162;+;85.0	34;26194;28011;+;314.8		pfam	pfam_only	A	7/7	canonical	1	1	unscoreable	1	0	0														not_admitted	not_admitted	not_admitted	not_admitted	not_admitted	not_admitted	not_admitted
NZ_OP428976.1	MPF_T	IncX4	42	0	0	GA	1	24;16356;16928;+;42.2	25;16989;17315;+;64.4	26;17334;20081;+;63.8	26;17334;20081;+;151.8	26;17334;20081;+;46.1	27;20093;20809;+;94.2	28;20821;21915;+;150.1		30;22430;23116;+;169.0	31;23113;24021;+;142.4	32;24014;25132;+;163.9	33;25134;26162;+;83.8	34;26194;28011;+;314.8		pfam	pfam_only	A	7/7	canonical	1	1	unscoreable	1	0	0														not_admitted	not_admitted	not_admitted	not_admitted	not_admitted	not_admitted	not_admitted
NZ_OP428977.1	MPF_T	IncX4	43	0	0	GA	1	25;17120;17740;+;41.6	26;17754;18080;+;64.4	27;18099;20846;+;63.8	27;18099;20846;+;151.8	27;18099;20846;+;46.1	28;20858;21574;+;94.2	29;21586;22680;+;150.1		31;23195;23881;+;169.0	32;23878;24786;+;142.4	33;24779;25897;+;163.9	34;25899;26927;+;85.0	35;26959;28776;+;314.8		pfam	pfam_only	A	7/7	canonical	1	1	unscoreable	1	0	0														not_admitted	not_admitted	not_admitted	not_admitted	not_admitted	not_admitted	not_admitted
NZ_OP428978.1	MPF_T	IncX4	42	0	0	GA	1	24;16356;16928;+;42.2	25;16989;17315;+;64.4	26;17334;20081;+;63.8	26;17334;20081;+;151.8	26;17334;20081;+;46.1	27;20093;20809;+;94.2	28;20821;21915;+;150.1		30;22430;23116;+;169.0	31;23113;24021;+;142.4	32;24014;25132;+;163.9	33;25134;26162;+;83.8	34;26194;28011;+;314.8		pfam	pfam_only	A	7/7	canonical	1	1	unscoreable	1	0	0														not_admitted	not_admitted	not_admitted	not_admitted	not_admitted	not_admitted	not_admitted
NZ_OP434482.1	MPF_T	IncI2	76	0	0	GA	1	37;32049;32531;-;81.1		52;48127;48411;-;36.6	51;45764;48121;-;58.5	51;45764;48121;-;42.8	64;53864;54505;-;42.8	65;54511;55506;-;128.5		49;44864;45598;-;144.3	48;44097;44867;-;170.5	47;42968;44107;-;154.7	40;34299;35837;-;207.1	45;39920;41878;-;289.6		pfam	pfam_only	A	7/7	rearranged	1	0	unscoreable	17	1	0														not_admitted	not_admitted	not_admitted	not_admitted	not_admitted	not_admitted	not_admitted
NZ_OP484954.1	-	-	114	0	0	GA	1	108;78014;78532;-;67.7	18;17406;17732;-;70.9	17;17071;17391;-;30.0	16;14558;17059;-;66.6	16;14558;17059;-;102.9	15;13876;14571;-;51.5	13;11830;13518;-;101.3		12;11083;11814;-;124.9	11;9923;11083;-;175.3	10;8529;9911;-;215.4	103;72044;73822;-;163.9			conjscan	conjscan_only	B	6/7	canonical	1	0	unscoreable	7	0	0														not_admitted	not_admitted	not_admitted	not_admitted	not_admitted	not_admitted	not_admitted
NZ_OP594534.1	MPF_T	ColKP3;IncX3	65	0	0	GA	1	27;22398;23042;-;46.4	26;22124;22414;-;73.1	25;19346;22099;-;47.0	25;19346;22099;-;142.4	25;19346;22099;-;73.3	24;18566;19336;-;60.1	22;17232;18287;-;132.8		21;16309;17037;-;119.4	20;15374;16303;-;138.8	19;14163;15377;-;128.3	17;12933;13967;-;65.7	16;11095;12930;-;495.9		pfam	pfam_only	A	7/7	canonical	1	1	unscoreable	2	0	0														not_admitted	not_admitted	not_admitted	not_admitted	not_admitted	not_admitted	not_admitted
NZ_OP594535.1	MPF_F	ColKP3;IncFIA;IncFIB(AP001918);IncFII(pRSB107)	190	0	0	GA	0															not_admitted	not_admitted	not_admitted	not_admitted	not_admitted	not_admitted	not_admitted	not_admitted	not_admitted	not_admitted	1	169;141574;142566;+;367.1	180;148343;149716;+;382.9	174;145672;146415;+;234.4	166;137935;140565;+;297.8	181;149713;152535;+;384.1	157;132696;134147;+;93.9	166;137935;140565;+;100.5	155;131415;131981;+;183.8	171;142910;143548;+;70.7	172;143545;145395;+;266.4	185;154794;156947;+;384.3	160;135007;135522;+;77.9	185;154794;156947;+;71.9	A	9/9	contiguous	23379	1	1	152556..153053+;165;TraS;0
NZ_OP690162.1	MPF_F	IncFIB(pNDM-Mar);IncHI1B(pNDM-MAR)	335	0	0	GA	0															not_admitted	not_admitted	not_admitted	not_admitted	not_admitted	not_admitted	not_admitted	not_admitted	not_admitted	not_admitted	1	259;229400;230437;-;282.3	97;74715;76124;+;190.4	96;73688;74725;+;175.9	272;241268;243985;-;148.7	98;76126;80034;+;122.1	276;246098;247468;-;65.6	272;241268;243985;-;85.2	279;249114;249974;-;79.0	260;230434;231795;-;69.8	258;226205;229390;-;58.9	89;64364;66490;-;57.8	273;244030;244767;-;57.1	89;64364;66490;-;41.0	A	9/9	split_2	184750	0	1	
NZ_OP894079.1	MPF_F	IncHI2;IncHI2A	258	0	0	GA	0															not_admitted	not_admitted	not_admitted	not_admitted	not_admitted	not_admitted	not_admitted	not_admitted	not_admitted	not_admitted	1	41;46689;47747;+;276.9	191;177557;178972;-;194.1	192;178962;180008;-;174.3	25;24436;27117;+;168.0	190;173595;177548;-;101.6	21;20751;22106;+;80.7	25;24436;27117;+;72.2	18;18239;19027;+;74.8	39;45036;46547;+;62.0	42;47766;50954;+;57.3	199;187050;189134;+;56.8	24;23477;24427;+;46.1	199;187050;189134;+;38.8	A	9/9	split_3	168811	1	1	172125..173414-;429;unnamed;0
NZ_OP905632.1	MPF_F	IncFIB(S);IncFII(S);IncFII(pAR0022)	134	0	0	GA	0															not_admitted	not_admitted	not_admitted	not_admitted	not_admitted	not_admitted	not_admitted	not_admitted	not_admitted	not_admitted	1	38;28749;29741;+;366.7	47;34989;36371;+;392.4	44;33208;33957;+;231.0	35;25114;27762;+;314.1	48;36368;39190;+;394.4	27;21160;22581;+;91.5	35;25114;27762;+;97.8	25;19867;20433;+;185.6	40;30053;30691;+;70.6	42;31144;32970;+;271.0	51;40844;43051;+;374.0	30;23387;23902;+;96.7	51;40844;43051;+;72.1	A	9/9	contiguous	20977	1	1	39212..39700+;162;TraS;0
NZ_OP918264.1	MPF_F	-	188	0	0	GA	0															not_admitted	not_admitted	not_admitted	not_admitted	not_admitted	not_admitted	not_admitted	not_admitted	not_admitted	not_admitted	1	42;42649;43701;+;326.6	51;49033;50433;+;304.3	50;48011;49036;+;233.9	39;38393;40858;+;311.4	52;50445;53660;+;371.4	34;27857;29122;+;130.2	39;38393;40858;+;130.6	32;25930;26568;+;89.5	41;41424;42662;+;71.7	13;8077;10698;+;125.0	27;21933;23762;+;43.1	35;29133;29633;+;91.7	27;21933;23762;+;57.9	A	9/9	contiguous	42368	0	1	
NZ_OP927722.1	MPF_T	IncFIB(K)	112	0	0	GA	1	22;17867;18529;+;48.3	23;18540;18839;+;36.6	24;18849;21599;+;61.6	24;18849;21599;+;134.0	24;18849;21599;+;46.2	25;21618;22334;+;137.0	27;22648;23655;+;137.8		29;23865;24551;+;158.3	30;24544;25437;+;146.0	31;25434;26630;+;134.8	32;26634;27683;+;71.5	39;32421;34328;+;24.3		pfam	pfam_only	A	7/7	canonical	1	1	unscoreable	8	0	0														not_admitted	not_admitted	not_admitted	not_admitted	not_admitted	not_admitted	not_admitted
NZ_OP927724.1	MPF_F	IncHI2;IncHI2A	223	0	0	GA	0															not_admitted	not_admitted	not_admitted	not_admitted	not_admitted	not_admitted	not_admitted	not_admitted	not_admitted	not_admitted	1	82;73598;74656;-;276.9	190;176280;177695;+;194.1	189;175244;176290;+;174.3	98;94228;96909;-;168.0	191;177704;181657;+;101.6	102;99239;100594;-;80.7	98;94228;96909;-;72.2	105;102318;103106;-;74.8	84;74798;76309;-;62.0	81;70391;73579;-;57.3	182;166118;168202;-;56.8	99;96918;97868;-;46.1	182;166118;168202;-;38.8	A	9/9	split_2	107313	1	1	181837..182817+;326;unnamed;0
NZ_OP927725.1	MPF_F	IncFIB(S);IncFII(S);IncFII(pAR0022)	132	0	0	GA	0															not_admitted	not_admitted	not_admitted	not_admitted	not_admitted	not_admitted	not_admitted	not_admitted	not_admitted	not_admitted	1	25;16943;17935;+;366.7	34;23183;24565;+;392.4	31;21402;22151;+;231.0	22;13308;15956;+;314.1	35;24562;27384;+;394.4	14;9354;10775;+;91.5	22;13308;15956;+;97.8	12;8061;8627;+;188.1	27;18247;18885;+;70.6	29;19338;21164;+;268.1	38;29038;31200;+;374.1	17;11581;12096;+;96.7	38;29038;31200;+;72.1	A	9/9	contiguous	20977	1	1	27406..27894+;162;TraS;0
NZ_OP927727.1	-	IncU;pKPC-CAV1321	281	0	0	GA	0															not_admitted	not_admitted	not_admitted	not_admitted	not_admitted	not_admitted	not_admitted	not_admitted	not_admitted	not_admitted	1	262;205912;206979;-;276.8	242;188556;189998;-;260.7	243;189995;191095;-;198.4	266;209087;211573;-;223.8	241;185023;188541;-;240.0	270;214801;216198;-;109.8	266;209087;211573;-;120.8	272;217481;218107;-;87.1	263;206976;208289;-;41.0	239;181930;184587;-;136.9	278;220655;222631;-;22.7	269;214238;214804;-;71.6	278;220655;222631;-;33.5	A	9/9	contiguous	38725	0	1	
NZ_OP927728.1	MPF_F	IncFIB(pECLA);IncFII(pECLA)	188	0	0	GA	0															not_admitted	not_admitted	not_admitted	not_admitted	not_admitted	not_admitted	not_admitted	not_admitted	not_admitted	not_admitted	1	153;146535;147533;-;358.7	144;139913;141277;-;359.5	150;143266;144048;-;214.9	161;150470;153079;-;214.0	143;136515;139913;-;306.6	166;154595;155998;-;91.9	161;150470;153079;-;100.0	168;156747;157328;-;100.9	152;145901;146524;-;63.7	151;144045;145904;-;215.7	139;131903;134458;-;360.8	163;153327;153866;-;42.9	139;131903;134458;-;72.7	A	9/9	contiguous	24844	1	1	135824..136513-;229;unnamed;0
NZ_OP950833.1	MPF_F	IncHI2;IncHI2A	301	0	0	GA	0															not_admitted	not_admitted	not_admitted	not_admitted	not_admitted	not_admitted	not_admitted	not_admitted	not_admitted	not_admitted	1	29;32275;33333;+;276.9	168;164062;165477;-;194.1	169;165467;166513;-;173.7	11;8955;11636;+;168.0	167;160103;164053;-;101.6	7;5270;6625;+;80.7	11;8955;11636;+;72.2	4;2758;3546;+;74.8	27;30622;32133;+;62.7	30;33352;36540;+;58.3	175;173554;175638;+;56.7	10;7996;8946;+;46.4	175;173554;175638;+;38.8	A	9/9	split_3	170796	0	1	
NZ_OP950834.1	MPF_F	IncHI2;IncHI2A	248	0	0	GA	0															not_admitted	not_admitted	not_admitted	not_admitted	not_admitted	not_admitted	not_admitted	not_admitted	not_admitted	not_admitted	1	84;82045;83103;-;276.9	164;153333;154748;-;194.1	165;154738;155784;-;174.3	12;10216;12897;+;168.0	163;149371;153324;-;101.6	8;6531;7886;+;80.7	12;10216;12897;+;72.2	5;4019;4807;+;74.8	86;83245;84756;-;62.0	83;78838;82026;-;57.3	172;162826;164910;+;56.8	11;9257;10207;+;46.1	172;162826;164910;+;38.8	A	9/9	split_3	158807	1	1	147901..149190-;429;unnamed;0
NZ_OP950835.1	MPF_F	IncHI2;IncHI2A	257	0	0	GA	0															not_admitted	not_admitted	not_admitted	not_admitted	not_admitted	not_admitted	not_admitted	not_admitted	not_admitted	not_admitted	1	28;32782;33840;+;276.9	167;160821;162236;-;194.1	168;162226;163272;-;174.3	11;8955;11636;+;168.0	166;156859;160812;-;101.6	7;5270;6625;+;80.7	11;8955;11636;+;72.2	4;2758;3546;+;74.8	26;31129;32640;+;62.0	29;33859;37047;+;57.3	175;170314;172398;+;56.8	10;7996;8946;+;46.1	175;170314;172398;+;38.8	A	9/9	split_3	167556	1	1	155687..156679-;330;unnamed;0
NZ_OP950836.1	MPF_F	IncHI2;IncHI2A;IncN	281	0	0	GA	0															not_admitted	not_admitted	not_admitted	not_admitted	not_admitted	not_admitted	not_admitted	not_admitted	not_admitted	not_admitted	1	150;131134;132192;-;276.9	266;238629;240044;+;194.1	265;237593;238639;+;174.3	166;151764;154445;-;168.0	267;240053;244006;+;101.7	170;156775;158130;-;80.7	166;151764;154445;-;72.2	173;159854;160642;-;74.8	152;132334;133845;-;62.0	149;127927;131115;-;57.3	258;228467;230551;-;56.8	167;154454;155404;-;46.1	258;228467;230551;-;38.8	A	9/9	split_2	112126	1	1	244187..245476+;429;unnamed;0
NZ_OP950837.1	MPF_F	IncHI2;IncHI2A	372	0	0	GA	0															not_admitted	not_admitted	not_admitted	not_admitted	not_admitted	not_admitted	not_admitted	not_admitted	not_admitted	not_admitted	1	86;84944;86002;+;276.9	290;256301;257716;+;194.1	289;255265;256311;+;173.7	68;61624;64305;+;168.0	291;257725;261675;+;101.6	64;57939;59294;+;80.7	68;61624;64305;+;72.2	61;55427;56215;+;74.8	84;83291;84802;+;62.7	87;86021;89209;+;58.3	283;246140;248224;-;56.7	67;60665;61615;+;46.4	283;246140;248224;-;38.8	A	9/9	split_3	202298	0	1	
NZ_OP950838.1	MPF_F	IncHI2;IncHI2A	313	0	0	GA	0															not_admitted	not_admitted	not_admitted	not_admitted	not_admitted	not_admitted	not_admitted	not_admitted	not_admitted	not_admitted	1	30;33500;34558;+;276.9	179;168282;169697;+;194.1	178;167246;168292;+;173.7	12;10180;12861;+;168.0	180;169706;173656;+;101.6	8;6495;7850;+;80.7	12;10180;12861;+;72.2	5;3983;4771;+;74.8	28;31847;33358;+;62.6	31;34577;37765;+;58.3	172;158121;160205;-;56.7	11;9221;10171;+;46.4	172;158121;160205;-;38.8	A	9/9	split_3	165723	0	1	
NZ_OP958859.1	MPF_F	-	226	0	0	GA	0															not_admitted	not_admitted	not_admitted	not_admitted	not_admitted	not_admitted	not_admitted	not_admitted	not_admitted	not_admitted	1	90;77344;78351;+;329.4	212;180818;182257;+;325.0	211;179782;180816;+;208.0	85;72115;74565;+;315.0	213;182264;185905;+;345.7	79;62875;64224;+;124.9	85;72115;74565;+;134.6	77;61302;61931;+;86.9	88;75378;76646;+;65.4	91;78547;81327;+;142.3	71;57088;58956;+;44.6	80;64281;64772;+;85.4	71;57088;58956;+;48.4	A	9/9	split_2	125176	0	1	
NZ_OP970992.1	MPF_F	IncHI2;IncHI2A	266	0	0	GA	0															not_admitted	not_admitted	not_admitted	not_admitted	not_admitted	not_admitted	not_admitted	not_admitted	not_admitted	not_admitted	1	27;31208;32266;+;276.9	184;171815;173230;-;194.1	185;173220;174266;-;174.3	11;8955;11636;+;168.0	183;167853;171806;-;101.7	7;5270;6625;+;80.7	11;8955;11636;+;72.2	4;2758;3546;+;74.8	25;29555;31066;+;61.8	28;32285;35473;+;57.3	192;181308;183392;+;56.8	10;7996;8946;+;46.1	192;181308;183392;+;38.8	A	9/9	split_3	178550	1	1	166383..167672-;429;unnamed;0
NZ_OP970993.1	MPF_F	IncHI2;IncHI2A	273	0	0	GA	0															not_admitted	not_admitted	not_admitted	not_admitted	not_admitted	not_admitted	not_admitted	not_admitted	not_admitted	not_admitted	1	27;31207;32265;+;276.9	234;212464;213879;+;193.7	233;211428;212474;+;174.3	11;8955;11636;+;168.0	235;213888;217841;+;101.7	7;5270;6625;+;80.7	11;8955;11636;+;72.2	4;2758;3546;+;74.8	25;29554;31065;+;62.0	28;32284;35472;+;57.3	226;202302;204386;-;56.8	10;7996;8946;+;46.1	226;202302;204386;-;38.8	A	9/9	split_3	211130	1	1	218022..219311+;429;unnamed;0
NZ_OP970994.1	MPF_F	IncHI2;IncHI2A	259	0	0	GA	0															not_admitted	not_admitted	not_admitted	not_admitted	not_admitted	not_admitted	not_admitted	not_admitted	not_admitted	not_admitted	1	27;31208;32266;+;276.9	135;121969;123384;+;194.1	134;120933;121979;+;174.3	11;8955;11636;+;168.0	136;123393;127346;+;101.7	7;5270;6625;+;80.7	11;8955;11636;+;72.2	4;2758;3546;+;74.8	25;29555;31066;+;62.0	28;32285;35473;+;57.3	127;111807;113891;-;56.8	10;7996;8946;+;46.1	127;111807;113891;-;38.8	A	9/9	split_3	120635	1	1	127527..128816+;429;unnamed;0
NZ_OQ029472.1	MPF_F	IncFII(pHN7A8);IncN	104	0	0	GA	0															not_admitted	not_admitted	not_admitted	not_admitted	not_admitted	not_admitted	not_admitted	not_admitted	not_admitted	not_admitted	1	78;60140;61132;+;369.5	91;67965;69338;+;376.8	86;65656;66399;+;234.5	75;56504;59131;+;302.3	92;69335;72151;+;376.7	69;53022;54449;+;94.1	75;56504;59131;+;99.7	67;51741;52307;+;183.8	81;62078;62716;+;70.4	84;63529;65379;+;265.0	96;74452;76695;+;391.7	73;55473;55988;+;78.4	96;74452;76695;+;70.3	A	9/9	contiguous	22711	1	1	72184..72705+;173;unnamed;0
NZ_OQ029473.1	MPF_F	IncFIB(AP001918);IncFII	162	0	0	GA	0															not_admitted	not_admitted	not_admitted	not_admitted	not_admitted	not_admitted	not_admitted	not_admitted	not_admitted	not_admitted	1	105;109968;110960;-;369.3	94;102545;103921;-;381.0	99;105508;106251;-;235.0	108;111969;114596;-;304.6	93;99726;102548;-;389.2	115;116748;118175;-;94.3	108;111969;114596;-;99.2	117;118890;119456;-;183.8	102;108333;108971;-;68.6	101;106528;108336;-;268.0	90;95958;98192;-;391.5	111;115112;115627;-;78.4	90;95958;98192;-;70.3	A	9/9	contiguous	22932	1	1	99208..99705-;165;TraS;0
NZ_OQ029476.1	MPF_F	IncFIB(AP001918);IncFIC(FII)	135	0	0	GA	0															not_admitted	not_admitted	not_admitted	not_admitted	not_admitted	not_admitted	not_admitted	not_admitted	not_admitted	not_admitted	1	87;93457;94449;-;368.9	76;86398;87771;-;378.0	83;89985;90728;-;234.1	90;95458;98085;-;305.4	75;83579;86401;-;389.5	96;100140;101567;-;94.3	90;95458;98085;-;98.5	98;102282;102848;-;183.8	86;92810;93448;-;68.4	85;91005;92813;-;268.4	72;79897;82050;-;391.9	92;98601;99116;-;78.4	72;79897;82050;-;70.4	A	9/9	contiguous	22385	1	1	83066..83557-;163;TraS;0
NZ_OQ029477.1	MPF_F	IncHI2;IncHI2A	284	0	0	GA	0															not_admitted	not_admitted	not_admitted	not_admitted	not_admitted	not_admitted	not_admitted	not_admitted	not_admitted	not_admitted	1	27;31208;32266;+;276.9	202;183682;185097;-;194.1	203;185087;186133;-;174.3	11;8955;11636;+;168.0	201;179720;183673;-;101.7	7;5270;6625;+;80.7	11;8955;11636;+;72.2	4;2758;3546;+;74.8	25;29555;31066;+;61.8	31;34728;36809;+;59.6	210;193175;195259;+;56.8	10;7996;8946;+;46.1	210;193175;195259;+;38.8	A	9/9	split_3	190417	1	1	178250..179539-;429;unnamed;0
NZ_OQ029478.1	MPF_F	IncFII(pHN7A8);IncN	127	0	0	GA	0															not_admitted	not_admitted	not_admitted	not_admitted	not_admitted	not_admitted	not_admitted	not_admitted	not_admitted	not_admitted	1				113;91747;93186;+;304.1		108;88265;89692;+;94.1		106;86984;87550;+;183.8			118;96788;99031;+;391.7	112;90716;91231;+;78.0	118;96788;99031;+;70.3	D	3/9	contiguous	9804	0	0	
NZ_OQ029479.1	MPF_F	IncHI2;IncHI2A	268	0	0	GA	0															not_admitted	not_admitted	not_admitted	not_admitted	not_admitted	not_admitted	not_admitted	not_admitted	not_admitted	not_admitted	1	27;31208;32266;+;276.9	187;174170;175585;-;194.1	188;175575;176621;-;174.3	11;8955;11636;+;168.0	186;170208;174161;-;101.7	7;5270;6625;+;80.7	11;8955;11636;+;72.2	4;2758;3546;+;74.8	25;29555;31066;+;61.8	28;32285;35473;+;57.3	195;183663;185747;+;56.8	10;7996;8946;+;46.1	195;183663;185747;+;38.8	A	9/9	split_3	180905	1	1	168738..170027-;429;unnamed;0
NZ_OQ029480.1	MPF_F	IncHI2;IncHI2A	280	0	0	GA	0															not_admitted	not_admitted	not_admitted	not_admitted	not_admitted	not_admitted	not_admitted	not_admitted	not_admitted	not_admitted	1	27;31208;32266;+;276.9	199;183550;184965;-;194.1	200;184955;186001;-;175.9	11;8955;11636;+;168.0	198;179588;183541;-;101.7	7;5270;6625;+;80.7	11;8955;11636;+;72.2	4;2758;3546;+;74.8	25;29555;31066;+;61.8	28;32285;35473;+;57.3	207;193043;195127;+;56.8	10;7996;8946;+;46.1	207;193043;195127;+;38.8	A	9/9	split_3	190285	1	1	178118..179407-;429;unnamed;0
NZ_OQ029481.1	MPF_F	IncHI2;IncHI2A	241	0	0	GA	0															not_admitted	not_admitted	not_admitted	not_admitted	not_admitted	not_admitted	not_admitted	not_admitted	not_admitted	not_admitted	1	27;31208;32266;+;276.9	160;148869;150284;-;194.1	161;150274;151320;-;174.3	11;8955;11636;+;168.3	159;144907;148860;-;101.6	7;5270;6625;+;80.7	11;8955;11636;+;72.2	4;2758;3546;+;74.8	25;29555;31066;+;62.0	28;32285;35473;+;57.3	168;158362;160446;+;56.8	10;7996;8946;+;46.1	168;158362;160446;+;38.8	A	9/9	split_3	155604	1	1	143437..144726-;429;unnamed;0
NZ_OQ067800.1	MPF_F	-	76	0	0	GA	0															not_admitted	not_admitted	not_admitted	not_admitted	not_admitted	not_admitted	not_admitted	not_admitted	not_admitted	not_admitted	1	65;49069;50058;+;355.9	70;54015;55385;+;370.0	68;52587;53450;+;203.7	62;45502;48087;+;227.6	71;55385;58219;+;321.4	59;43307;44644;+;86.8	62;45502;48087;+;92.4	57;42009;42575;+;129.1	66;50069;50668;+;72.0	67;50752;52590;+;239.1	74;59602;61776;+;383.1	60;44659;45225;+;46.1	74;59602;61776;+;61.4	A	9/9	contiguous	17593	1	1	58219..58779+;186;unnamed;0
NZ_OQ078085.1	MPF_F	IncHI2;IncHI2A	316	0	0	GA	0															not_admitted	not_admitted	not_admitted	not_admitted	not_admitted	not_admitted	not_admitted	not_admitted	not_admitted	not_admitted	1	31;33823;34881;+;276.9	229;216548;217963;-;194.1	230;217953;218999;-;174.3	11;8955;11636;+;168.0	228;212586;216539;-;101.6	7;5270;6625;+;80.7	11;8955;11636;+;72.2	4;2758;3546;+;74.8	29;32170;33681;+;62.0	32;34900;38088;+;56.8	237;226041;228125;+;56.8	10;7996;8946;+;46.1	237;226041;228125;+;38.8	A	9/9	split_3	223283	1	1	211192..212400-;402;unnamed;0
NZ_OQ078086.1	MPF_F	IncHI2;IncHI2A	250	0	0	GA	0															not_admitted	not_admitted	not_admitted	not_admitted	not_admitted	not_admitted	not_admitted	not_admitted	not_admitted	not_admitted	1	27;31710;32768;+;276.9	161;154201;155616;-;194.1	162;155606;156652;-;174.3	11;8955;11636;+;168.0	160;150239;154192;-;101.6	7;5270;6625;+;80.7	11;8955;11636;+;72.2	4;2758;3546;+;74.8	25;30057;31568;+;62.0	31;35077;37311;+;59.3	170;164894;166978;+;56.8	10;7996;8946;+;46.1	170;164894;166978;+;38.8	A	9/9	split_3	162136	1	1	148769..150058-;429;unnamed;0
NZ_OQ078087.1	MPF_F	IncHI2;IncHI2A	220	0	0	GA	0															not_admitted	not_admitted	not_admitted	not_admitted	not_admitted	not_admitted	not_admitted	not_admitted	not_admitted	not_admitted	1	27;29503;30561;+;276.9	126;118777;120192;-;194.1	127;120182;121228;-;174.3	11;8955;11636;+;168.0	125;114815;118768;-;101.6	7;5270;6625;+;80.7	11;8955;11636;+;72.2	4;2758;3546;+;74.8	25;27850;29361;+;62.0	28;30580;33768;+;57.3	134;128271;130355;+;56.8	10;7996;8946;+;46.1	134;128271;130355;+;38.8	A	9/9	split_2	125513	1	1	113345..114634-;429;unnamed;0
NZ_OQ096263.1	MPF_F	IncFIB(pQil);IncFII(K)	132	0	0	GA	0															not_admitted	not_admitted	not_admitted	not_admitted	not_admitted	not_admitted	not_admitted	not_admitted	not_admitted	not_admitted	1	78;75399;76388;-;366.0	68;68485;69852;-;380.7	72;71110;71862;-;233.7	82;77831;80470;-;258.7	67;65636;68485;-;345.6	90;83727;85151;-;88.8	82;77831;80470;-;88.8	92;85878;86444;-;169.3	77;74748;75386;-;67.0	76;72734;74689;-;259.7	63;60838;63150;-;392.7	89;83029;83613;-;55.4	63;60838;63150;-;66.5	A	9/9	contiguous	25040	1	1	65075..65623-;182;unnamed;0
NZ_OQ111274.1	MPF_F	IncA	207	0	0	GA	0															not_admitted	not_admitted	not_admitted	not_admitted	not_admitted	not_admitted	not_admitted	not_admitted	not_admitted	not_admitted	1	72;56103;57107;+;330.1	196;159178;160611;+;336.4	195;158136;159176;+;223.9	67;50898;53345;+;352.8	197;160624;164229;+;377.7	62;42071;43387;+;136.3	67;50898;53345;+;130.4	60;40547;41173;+;93.9	70;54167;55435;+;69.6	73;57258;59996;+;138.7	48;32428;34293;+;46.9	63;43384;43962;+;98.1	48;32428;34293;+;51.6	A	9/9	split_2	128196	0	1	
NZ_OQ111275.1	MPF_F	IncA	186	0	0	GA	0															not_admitted	not_admitted	not_admitted	not_admitted	not_admitted	not_admitted	not_admitted	not_admitted	not_admitted	not_admitted	1	69;53639;54643;+;330.1	175;142704;144137;+;336.4	174;141662;142702;+;223.9	64;48434;50881;+;352.8	176;144150;147755;+;377.7	59;39607;40923;+;136.3	64;48434;50881;+;130.4	57;38083;38709;+;93.9	67;51703;52971;+;69.6	70;54794;57532;+;138.7	48;32428;34293;+;46.9	60;40920;41498;+;98.1	48;32428;34293;+;51.6	A	9/9	split_2	111722	0	1	
NZ_OQ111276.1	MPF_F	IncA	190	0	0	GA	0															not_admitted	not_admitted	not_admitted	not_admitted	not_admitted	not_admitted	not_admitted	not_admitted	not_admitted	not_admitted	1	67;53639;54643;+;330.1	179;150355;151788;+;336.4	178;149325;150353;+;223.9	62;48434;50881;+;352.8	180;151801;155406;+;377.7	57;39607;40923;+;136.3	62;48434;50881;+;130.4	55;38083;38709;+;93.9	65;51703;52971;+;69.6	68;54794;57532;+;138.7	46;32428;34293;+;46.9	58;40920;41498;+;98.1	46;32428;34293;+;51.6	A	9/9	split_2	119373	0	1	
NZ_OQ111277.1	MPF_F	IncHI2;IncHI2A	291	0	0	GA	0															not_admitted	not_admitted	not_admitted	not_admitted	not_admitted	not_admitted	not_admitted	not_admitted	not_admitted	not_admitted	1	29;32275;33333;+;276.9	187;167366;168781;-;194.1	188;168771;169817;-;173.7	11;8955;11636;+;168.0	186;163407;167357;-;101.6	7;5270;6625;+;80.7	11;8955;11636;+;72.2	4;2758;3546;+;74.8	27;30622;32133;+;62.7	30;33352;36540;+;58.3	194;176858;178942;+;56.7	10;7996;8946;+;46.4	194;176858;178942;+;38.8	A	9/9	split_3	174100	0	1	
NZ_OQ111278.1	MPF_T	IncN3	62	0	0	GA	1	41;31374;32156;-;33.3	39;30831;31127;-;36.0	38;30474;30791;-;71.9	37;27900;30473;-;118.0	37;27900;30473;-;74.2	36;27183;27884;-;98.9	34;25877;26914;-;121.9	33;25669;25800;-;40.1	32;24963;25658;-;132.6	31;24065;24952;-;147.8	30;22932;24065;-;166.3	29;21880;22881;-;90.1	18;12053;13585;+;52.0		pfam	both	A	7/7	canonical	1	0	ga	12	0	0														not_admitted	not_admitted	not_admitted	not_admitted	not_admitted	not_admitted	not_admitted
NZ_OQ215737.1	MPF_F	IncHI2;IncHI2A	191	0	0	GA	0															not_admitted	not_admitted	not_admitted	not_admitted	not_admitted	not_admitted	not_admitted	not_admitted	not_admitted	not_admitted	1	29;33736;34794;+;276.9			14;11855;14536;+;168.0		10;8170;9525;+;80.7	14;11855;14536;+;72.2	7;5658;6446;+;74.8	27;32083;33594;+;62.0	30;34813;38001;+;57.3		13;10896;11846;+;46.1		C	6/9	split_2	29155	0	1	
NZ_OQ230386.1	MPF_F	IncFII(pHN7A8)	87	0	0	GA	0															not_admitted	not_admitted	not_admitted	not_admitted	not_admitted	not_admitted	not_admitted	not_admitted	not_admitted	not_admitted	1	73;56076;57062;+;355.4	79;61295;62656;+;342.6	77;59884;60663;+;194.4	70;52392;54983;+;215.3	80;62658;65546;+;287.2	65;49439;50803;+;83.1	70;52392;54983;+;88.2	63;48159;48722;+;136.5	75;57438;58052;+;82.6	76;58049;59887;+;258.5	83;67157;69388;+;371.9	69;51782;52381;+;46.6	83;67157;69388;+;68.9	A	9/9	contiguous	18998	1	1	65554..66132+;192;unnamed;0
NZ_OQ230388.1	MPF_F	IncFII(pHN7A8)	92	0	0	GA	0															not_admitted	not_admitted	not_admitted	not_admitted	not_admitted	not_admitted	not_admitted	not_admitted	not_admitted	not_admitted	1	3;1087;1401;-;110.1	88;73209;74570;-;342.6	90;75202;75981;-;194.4	7;2935;5526;-;215.3	87;70319;73207;-;287.2		7;2935;5526;-;88.2	15;9193;9756;-;136.5	0;65;247;-;46.3	91;75978;77816;-;258.5	84;66477;68708;-;371.9	8;5537;6136;-;46.6	84;66477;68708;-;68.9	A	9/9	split_2	75913	1	1	69733..70311-;192;unnamed;0
NZ_OQ230389.1	MPF_T	IncI2	91	0	0	GA	1	14;11482;11964;+;81.1		85;57728;58012;+;36.5	86;58018;60375;+;59.8	86;58018;60375;+;45.0	74;51518;52165;+;41.6	73;50526;51512;+;120.4		88;60538;61272;+;144.3	89;61269;61793;+;98.6	0;402;1082;+;157.0	11;8175;9713;+;207.1	4;3306;3908;+;125.9		pfam	pfam_only	A	7/7	rearranged	1	0	unscoreable	20	0	0														not_admitted	not_admitted	not_admitted	not_admitted	not_admitted	not_admitted	not_admitted
NZ_OQ230782.1	MPF_T	IncX3	61	0	0	GA	1	29;26734;27378;-;46.4	28;26460;26750;-;73.1	27;23682;26435;-;47.0	27;23682;26435;-;142.4	27;23682;26435;-;73.3	26;22902;23672;-;60.1	24;21568;22623;-;133.2		23;20645;21373;-;119.4	22;19710;20639;-;138.8	21;18499;19713;-;128.3	19;17269;18303;-;65.7	18;15431;17266;-;495.9		pfam	pfam_only	A	7/7	canonical	1	1	unscoreable	2	0	0														not_admitted	not_admitted	not_admitted	not_admitted	not_admitted	not_admitted	not_admitted
NZ_OQ230784.1	MPF_T	IncX3	58	0	0	GA	1	4;2808;3452;+;46.4	5;3436;3726;+;73.1	6;3751;6504;+;47.0	6;3751;6504;+;142.4	6;3751;6504;+;73.3	7;6514;7284;+;60.1	9;7563;8618;+;133.2		10;8813;9541;+;119.4	11;9547;10476;+;138.8	12;10473;11687;+;128.3	14;11883;12917;+;65.7	15;12920;14755;+;495.9		pfam	pfam_only	A	7/7	canonical	1	1	unscoreable	2	0	0														not_admitted	not_admitted	not_admitted	not_admitted	not_admitted	not_admitted	not_admitted
NZ_OQ230785.1	MPF_T	IncX3	58	0	0	GA	1	22;14297;14941;+;46.4	23;14925;15215;+;73.1	24;15240;17993;+;47.0	24;15240;17993;+;142.4	24;15240;17993;+;73.3	25;18003;18773;+;60.1	27;19052;20107;+;133.2		28;20302;21030;+;119.4	29;21036;21965;+;138.8	30;21962;23176;+;128.3	32;23372;24406;+;65.7	33;24409;26244;+;495.9		pfam	pfam_only	A	7/7	canonical	1	1	unscoreable	2	0	0														not_admitted	not_admitted	not_admitted	not_admitted	not_admitted	not_admitted	not_admitted
NZ_OQ230786.1	MPF_F	IncFII	82	0	0	GA	0															not_admitted	not_admitted	not_admitted	not_admitted	not_admitted	not_admitted	not_admitted	not_admitted	not_admitted	not_admitted	1	61;64450;65442;-;369.3	52;58015;59388;-;381.0	57;60978;61751;-;234.0	64;66451;69081;-;303.5	51;55193;58018;-;386.0	71;72359;73786;-;94.3	64;66451;69081;-;98.5	73;74501;75067;-;183.8	60;63803;64441;-;68.7	59;61998;63806;-;268.0	48;51482;53689;-;391.7	67;70716;71231;-;78.6	48;51482;53689;-;70.3	A	9/9	contiguous	23019	1	1	54687..55196-;169;unnamed;0
NZ_OQ230788.1	MPF_T	IncX3	61	0	0	GA	1	20;12367;13011;+;46.4	21;12995;13285;+;73.1	22;13310;16063;+;47.0	22;13310;16063;+;142.4	22;13310;16063;+;73.3	23;16073;16843;+;60.1	25;17122;18177;+;133.2		26;18372;19100;+;119.4	27;19106;20035;+;138.8	28;20032;21246;+;128.3	30;21442;22476;+;65.7	31;22479;24314;+;495.9		pfam	pfam_only	A	7/7	canonical	1	1	unscoreable	2	0	0														not_admitted	not_admitted	not_admitted	not_admitted	not_admitted	not_admitted	not_admitted
NZ_OQ230789.1	MPF_T	Col(MG828);IncX3	61	0	0	GA	1	33;30401;31045;-;46.4	32;30127;30417;-;73.1	31;27349;30102;-;47.0	31;27349;30102;-;142.4	31;27349;30102;-;73.3	30;26569;27339;-;60.1	28;25235;26290;-;133.2		27;24312;25040;-;119.4	26;23377;24306;-;138.8	25;22166;23380;-;128.3	23;20936;21970;-;65.7	22;19098;20933;-;495.9		pfam	pfam_only	A	7/7	canonical	1	1	unscoreable	2	0	0														not_admitted	not_admitted	not_admitted	not_admitted	not_admitted	not_admitted	not_admitted
NZ_OQ230790.1	MPF_T	IncX3	58	0	0	GA	1	32;29202;29846;-;46.4	31;28928;29218;-;73.1	30;26150;28903;-;47.0	30;26150;28903;-;142.4	30;26150;28903;-;73.3	29;25370;26140;-;60.1	27;24036;25091;-;133.2		26;23113;23841;-;119.4	25;22178;23107;-;138.8	24;20967;22181;-;128.3	22;19737;20771;-;65.7	21;17899;19734;-;495.9		pfam	pfam_only	A	7/7	canonical	1	1	unscoreable	2	0	0														not_admitted	not_admitted	not_admitted	not_admitted	not_admitted	not_admitted	not_admitted
NZ_OQ281830.1	MPF_F	IncFIB(AP001918);IncFIC(FII)	216	0	0	GA	0															not_admitted	not_admitted	not_admitted	not_admitted	not_admitted	not_admitted	not_admitted	not_admitted	not_admitted	not_admitted	1	145;144829;145821;-;369.3	134;137810;139183;-;380.9	141;141357;142100;-;235.0	148;146830;149457;-;305.2	133;134988;137813;-;385.2	153;151512;152939;-;94.3	148;146830;149457;-;98.4	155;153654;154220;-;184.4	144;144182;144820;-;68.4	143;142377;144185;-;268.0	130;131331;133484;-;391.9	149;149973;150488;-;78.0	130;131331;133484;-;70.4	A	9/9	contiguous	22323	1	1	134482..134991-;169;unnamed;0
NZ_OQ281831.1	MPF_F	IncFIB(AP001918);IncFIC(FII)	199	0	0	GA	0															not_admitted	not_admitted	not_admitted	not_admitted	not_admitted	not_admitted	not_admitted	not_admitted	not_admitted	not_admitted	1	124;116091;117083;-;369.3	113;109072;110445;-;380.9	120;112619;113362;-;235.0	127;118092;120719;-;305.2	112;106250;109075;-;385.2	134;122774;124201;-;94.3	127;118092;120719;-;98.4	136;124916;125482;-;184.4	123;115444;116082;-;68.4	122;113639;115447;-;268.0	109;102593;104746;-;391.9	130;121235;121750;-;78.0	109;102593;104746;-;70.4	A	9/9	contiguous	22323	1	1	105744..106253-;169;unnamed;0
NZ_OQ282880.1	MPF_F	IncA	208	0	0	GA	0															not_admitted	not_admitted	not_admitted	not_admitted	not_admitted	not_admitted	not_admitted	not_admitted	not_admitted	not_admitted	1	121;106978;107982;-;330.1	200;171392;172825;-;336.4	201;172827;173855;-;223.9	126;110740;113187;-;352.8	199;167774;171379;-;377.7	131;120698;122014;-;136.3	126;110740;113187;-;130.4	133;122912;123538;-;93.9	123;108650;109918;-;69.6	120;104089;106827;-;138.7	142;127328;129193;-;46.9	130;120123;120701;-;98.1	142;127328;129193;-;51.6	A	9/9	split_2	68738	0	1	
NZ_OQ282881.1	MPF_F	IncA	207	0	0	GA	0															not_admitted	not_admitted	not_admitted	not_admitted	not_admitted	not_admitted	not_admitted	not_admitted	not_admitted	not_admitted	1	86;74980;75984;-;330.1	165;139394;140827;-;336.4	166;140829;141857;-;223.9	91;78742;81189;-;352.8	164;135776;139381;-;377.7	96;88700;90016;-;136.3	91;78742;81189;-;130.4	98;90914;91540;-;93.9	88;76652;77920;-;69.6	85;72091;74829;-;138.7	107;95330;97195;-;46.9	95;88125;88703;-;98.1	107;95330;97195;-;51.6	A	9/9	split_2	68738	0	1	
NZ_OQ291176.1	MPF_F	IncFII	98	0	0	GA	0															not_admitted	not_admitted	not_admitted	not_admitted	not_admitted	not_admitted	not_admitted	not_admitted	not_admitted	not_admitted	1	74;57601;58593;+;369.5	84;64372;65745;+;381.7	79;61699;62442;+;234.4	71;53962;56592;+;304.1	85;65742;68564;+;374.0	64;49512;50963;+;94.2	71;53962;56592;+;97.1	62;48231;48797;+;174.3	76;58937;59575;+;68.6	77;59572;61422;+;266.1	89;70836;73061;+;391.1	67;51823;52338;+;78.4	89;70836;73061;+;70.3	A	9/9	contiguous	22605	1	1	68586..69065+;159;TraS;0
NZ_OQ291177.1	MPF_F	IncFII	89	0	0	GA	0															not_admitted	not_admitted	not_admitted	not_admitted	not_admitted	not_admitted	not_admitted	not_admitted	not_admitted	not_admitted	1	66;51784;52776;+;369.5	76;58555;59928;+;381.7	71;55882;56625;+;234.4	63;48145;50775;+;304.1	77;59925;62747;+;374.0	56;43695;45146;+;94.2	63;48145;50775;+;97.1	54;42414;42980;+;174.3	68;53120;53758;+;68.6	69;53755;55605;+;266.1	81;65019;67244;+;391.1	59;46006;46521;+;78.4	81;65019;67244;+;70.3	A	9/9	contiguous	22605	1	1	62769..63248+;159;TraS;0
NZ_OQ291178.1	MPF_F	IncFII	99	0	0	GA	0															not_admitted	not_admitted	not_admitted	not_admitted	not_admitted	not_admitted	not_admitted	not_admitted	not_admitted	not_admitted	1	75;58429;59421;+;369.5	85;65200;66573;+;381.7	80;62527;63270;+;234.4	72;54790;57420;+;304.1	86;66570;69392;+;374.0	65;50340;51791;+;94.2	72;54790;57420;+;97.1	63;49059;49625;+;174.3	77;59765;60403;+;68.6	78;60400;62250;+;266.1	90;71664;73871;+;391.2	68;52651;53166;+;78.4	90;71664;73871;+;70.3	A	9/9	contiguous	22605	1	1	69414..69893+;159;TraS;0
NZ_OQ291179.1	MPF_F	IncFII	77	0	0	GA	0															not_admitted	not_admitted	not_admitted	not_admitted	not_admitted	not_admitted	not_admitted	not_admitted	not_admitted	not_admitted	1	54;41618;42610;+;369.5	64;48389;49762;+;381.7	59;45716;46459;+;234.4	51;37979;40609;+;304.1	65;49759;52581;+;374.0	44;33529;34980;+;94.2	51;37979;40609;+;97.1	42;32248;32814;+;174.3	56;42954;43592;+;68.6	57;43589;45439;+;266.1	69;54853;57114;+;391.1	47;35840;36355;+;78.4	69;54853;57114;+;70.3	A	9/9	contiguous	22605	1	1	52603..53082+;159;TraS;0
NZ_OQ338157.1	MPF_F	IncC	182	0	0	GA	0															not_admitted	not_admitted	not_admitted	not_admitted	not_admitted	not_admitted	not_admitted	not_admitted	not_admitted	not_admitted	1	109;83588;84595;+;332.9	171;135016;136449;+;339.2	170;133986;135014;+;221.7	104;78389;80836;+;354.5	172;136462;140076;+;374.5	99;69517;70833;+;135.0	104;78389;80836;+;128.3	97;67993;68619;+;92.7	107;81658;82923;+;67.9	110;84711;87509;+;145.3	88;62318;64183;+;47.3	100;70830;71408;+;100.2	88;62318;64183;+;52.0	A	9/9	split_2	74144	0	1	
NZ_OQ338158.1	MPF_T	IncX3	68	0	0	GA	1	55;45878;46522;-;46.4	54;45604;45894;-;73.1	53;42826;45579;-;47.0	53;42826;45579;-;142.4	53;42826;45579;-;73.3	52;42046;42816;-;60.1	50;40712;41767;-;133.2		49;39789;40517;-;119.4	48;38854;39783;-;138.8	47;37643;38857;-;128.3	45;36413;37447;-;65.7	44;34575;36410;-;495.9		pfam	pfam_only	A	7/7	canonical	1	1	unscoreable	2	0	0														not_admitted	not_admitted	not_admitted	not_admitted	not_admitted	not_admitted	not_admitted
NZ_OQ344286.1	MPF_F	IncFII(29)	102	0	0	GA	0															not_admitted	not_admitted	not_admitted	not_admitted	not_admitted	not_admitted	not_admitted	not_admitted	not_admitted	not_admitted	1	63;53440;54432;-;369.3	50;45394;46767;-;376.7	57;48980;49723;-;235.0	66;55441;58068;-;306.8	49;42572;45397;-;389.2	71;59980;61407;-;93.8	66;55441;58068;-;99.0	73;62122;62688;-;183.8	60;51805;52443;-;68.6	59;50000;51808;-;268.0	45;38123;40330;-;391.7	68;58584;59099;-;78.4	45;38123;40330;-;70.3	A	9/9	contiguous	23999	1	1	42066..42575-;169;unnamed;0
NZ_OQ401021.1	MPF_F	IncFII(pSE11)	105	0	0	GA	0															not_admitted	not_admitted	not_admitted	not_admitted	not_admitted	not_admitted	not_admitted	not_admitted	not_admitted	not_admitted	1	101;79941;81080;+;349.6			99;78325;78798;+;74.4		93;74986;76413;+;94.3	100;78798;79823;+;101.9	91;73705;74271;+;183.8			100;78798;79823;+;27.8	96;77294;77809;+;77.4		D	4/9	contiguous	6236	0	0	
NZ_OQ401022.1	MPF_F	IncFIB(AP001918);IncFII	131	0	0	GA	0															not_admitted	not_admitted	not_admitted	not_admitted	not_admitted	not_admitted	not_admitted	not_admitted	not_admitted	not_admitted	1	83;76841;77833;-;369.3	72;69454;70791;-;381.1	77;72381;73124;-;233.3	86;78842;81469;-;304.6	42;41196;44021;-;388.3	91;83518;84966;-;94.2	86;78842;81469;-;99.2	93;85681;86247;-;180.7	80;75206;75844;-;68.6	79;73401;75209;-;268.0	39;37467;39692;-;391.7	87;81985;82500;-;78.8	39;37467;39692;-;70.3	A	9/9	split_2	48214	1	1	40690..41199-;169;unnamed;0
NZ_OQ401024.1	MPF_T	IncN	90	0	0	GA	1	12;8785;9519;+;32.5	14;9819;10112;+;28.7	15;10162;10479;+;63.3	16;10479;13079;+;111.8	16;10479;13079;+;76.8	17;13097;13810;+;97.1	19;14061;15101;+;153.6		20;15320;16018;+;131.9	21;16029;16913;+;159.0	22;16913;18073;+;154.9	23;18115;19110;+;81.2	72;63027;64556;-;38.5		pfam	both	A	7/7	canonical	1	0	unscoreable	2	0	0														not_admitted	not_admitted	not_admitted	not_admitted	not_admitted	not_admitted	not_admitted
NZ_OQ401026.1	MPF_T	IncX4	46	0	0	GA	1	14;12496;13116;-;41.6	13;12156;12482;-;64.4	12;9390;12137;-;63.8	12;9390;12137;-;151.8	12;9390;12137;-;46.1	11;8662;9378;-;94.2	10;7556;8650;-;150.1		8;6355;7041;-;169.0	7;5450;6358;-;142.4	6;4339;5457;-;163.9	5;3309;4337;-;85.0	4;1460;3277;-;316.5		pfam	pfam_only	A	7/7	canonical	1	1	unscoreable	1	0	0														not_admitted	not_admitted	not_admitted	not_admitted	not_admitted	not_admitted	not_admitted
NZ_OQ401027.1	MPF_T	IncI2	78	0	0	GA	1	39;30895;31377;-;81.1		54;46974;47258;-;36.6	53;44611;46968;-;58.5	53;44611;46968;-;44.9	67;52932;53573;-;42.8	68;53579;54574;-;128.5		51;43711;44445;-;144.3	50;42944;43714;-;170.5	49;41815;42954;-;154.7	42;33146;34684;-;207.1	47;38767;40725;-;289.6		pfam	pfam_only	A	7/7	rearranged	1	0	unscoreable	18	1	0														not_admitted	not_admitted	not_admitted	not_admitted	not_admitted	not_admitted	not_admitted
NZ_OQ401029.1	MPF_F	IncFIA(HI1);IncHI1A;IncHI1B(R27);IncQ1	231	0	0	GA	0															not_admitted	not_admitted	not_admitted	not_admitted	not_admitted	not_admitted	not_admitted	not_admitted	not_admitted	not_admitted	1	15;14855;15907;+;277.6	141;125002;126417;-;201.7	142;126407;127453;-;171.3	230;198105;200786;+;160.9	140;121004;124993;-;103.1	226;194399;195757;+;84.0	230;198105;200786;+;76.5	223;191947;192732;+;68.7	13;13202;14710;+;65.6	16;15930;19106;+;58.9	148;134388;136472;+;50.2	229;197146;198096;+;45.2	148;134388;136472;+;36.5	A	9/9	split_3	184903	0	1	
NZ_OQ414671.1	MPF_F	IncFII(pHN7A8)	113	0	0	GA	0															not_admitted	not_admitted	not_admitted	not_admitted	not_admitted	not_admitted	not_admitted	not_admitted	not_admitted	not_admitted	1	86;68956;69948;+;369.5	99;76781;78154;+;376.8	94;74472;75215;+;234.4	83;65320;67947;+;301.8	100;78151;80967;+;376.7	78;61838;63265;+;94.1	83;65320;67947;+;101.8	76;60557;61123;+;183.8	89;70894;71532;+;70.4	92;72345;74195;+;265.0	104;83268;85502;+;391.7	82;64289;64804;+;78.0	104;83268;85502;+;70.3	A	9/9	contiguous	22711	1	1	81000..81521+;173;unnamed;0
NZ_OQ420462.1	MPF_F	IncFII(Yp)	77	0	0	GA	0															not_admitted	not_admitted	not_admitted	not_admitted	not_admitted	not_admitted	not_admitted	not_admitted	not_admitted	not_admitted	1	42;30974;31960;+;355.5	48;36064;37425;+;342.1	46;34653;35432;+;195.3	39;27290;29881;+;215.3	49;37427;40318;+;287.6	34;24337;25701;+;83.1	39;27290;29881;+;88.2	32;23057;23620;+;136.5	44;32207;32821;+;81.4	45;32818;34656;+;260.9	52;41941;44190;+;368.2	38;26680;27279;+;46.6	52;41941;44190;+;66.8	A	9/9	contiguous	18884	1	1	40328..40885+;185;unnamed;0
NZ_OQ420469.1	MPF_F	IncHI2;IncHI2A	288	0	0	GA	0															not_admitted	not_admitted	not_admitted	not_admitted	not_admitted	not_admitted	not_admitted	not_admitted	not_admitted	not_admitted	1	28;31209;32267;+;276.9	187;177107;178522;-;194.1	188;178512;179558;-;173.7	11;8955;11636;+;168.0	186;173148;177098;-;101.6	7;5270;6625;+;80.7	11;8955;11636;+;72.2	4;2758;3546;+;74.8	26;29556;31067;+;62.7	29;32286;35474;+;58.3	194;186599;188683;+;56.7	10;7996;8946;+;46.4	194;186599;188683;+;38.8	A	9/9	split_3	183841	0	1	
NZ_OQ420474.1	MPF_F	IncFIB(AP001918);IncFIC(FII)	185	0	0	GA	0															not_admitted	not_admitted	not_admitted	not_admitted	not_admitted	not_admitted	not_admitted	not_admitted	not_admitted	not_admitted	1	99;103503;104495;-;367.4	88;96444;97817;-;378.0	95;100031;100774;-;233.4	102;105504;108131;-;305.4	87;93625;96447;-;389.5	108;110186;111613;-;94.3	102;105504;108131;-;98.5	110;112328;112894;-;183.8	98;102856;103494;-;68.4	97;101051;102859;-;268.4	84;89898;92096;-;391.8	104;108647;109162;-;78.1	84;89898;92096;-;70.3	A	9/9	contiguous	22430	1	1	93112..93603-;163;TraS;0
NZ_OQ420477.1	MPF_T	IncX1;IncX3	51	0	0	GA	1	16;13805;14452;-;45.6	15;13531;13827;-;76.6	14;10759;13512;-;46.6	14;10759;13512;-;147.9	14;10759;13512;-;75.3	13;9990;10748;-;67.5	11;8619;9752;-;109.2		10;7661;8374;-;118.2	9;6727;7656;-;133.7	8;5648;6730;-;97.8				pfam	pfam_only	C	5/7	canonical	1	1	unscoreable	1	0	0														not_admitted	not_admitted	not_admitted	not_admitted	not_admitted	not_admitted	not_admitted
NZ_OQ423469.1	MPF_F	IncHI2;IncHI2A	227	0	0	GA	0															not_admitted	not_admitted	not_admitted	not_admitted	not_admitted	not_admitted	not_admitted	not_admitted	not_admitted	not_admitted	1	27;31707;32285;+;85.0	135;118948;120363;-;194.1	136;120353;121399;-;173.7	11;8955;11636;+;168.0	134;114986;118939;-;101.6	7;5270;6625;+;80.7	11;8955;11636;+;72.2	4;2758;3546;+;74.8	25;30054;31565;+;62.0		143;128441;130525;+;56.8	10;7996;8946;+;46.1	143;128441;130525;+;38.8	B	8/9	split_3	125683	1	0	113516..114805-;429;unnamed;0
NZ_OQ423470.1	MPF_F	IncFII(pCoo);IncFII(pHN7A8);IncN	139	0	0	GA	0															not_admitted	not_admitted	not_admitted	not_admitted	not_admitted	not_admitted	not_admitted	not_admitted	not_admitted	not_admitted	1	116;91620;92612;+;369.5	128;99054;100427;+;376.8	124;97090;97833;+;234.4	113;87981;90611;+;306.8	129;100424;103249;+;376.7	106;82993;84420;+;94.7	113;87981;90611;+;98.5	104;81712;82278;+;183.8	119;93555;94193;+;70.8	122;95005;96813;+;268.0	133;105491;107725;+;391.7	109;85298;85813;+;76.1	133;105491;107725;+;70.3	A	9/9	contiguous	23779	1	1	103246..103755+;169;unnamed;0
NZ_OQ423473.1	MPF_F	IncFII(pHN7A8);IncN;IncX1	144	0	0	GA	0															not_admitted	not_admitted	not_admitted	not_admitted	not_admitted	not_admitted	not_admitted	not_admitted	not_admitted	not_admitted	1	117;100316;101308;+;369.5	130;108141;109514;+;376.8	125;105832;106575;+;234.4	114;96680;99307;+;301.8	131;109511;112327;+;376.7	109;93198;94625;+;94.1	114;96680;99307;+;101.8	107;91917;92483;+;183.8	120;102254;102892;+;70.4	123;103705;105555;+;265.0	135;114628;116889;+;391.6	113;95649;96164;+;78.0	135;114628;116889;+;70.3	A	9/9	contiguous	22711	1	1	112360..112881+;173;unnamed;0
NZ_OQ423474.1	MPF_F	IncFII(pHN7A8);IncN	124	0	0	GA	0															not_admitted	not_admitted	not_admitted	not_admitted	not_admitted	not_admitted	not_admitted	not_admitted	not_admitted	not_admitted	1	97;80196;81188;+;369.5	110;88021;89394;+;376.8	105;85712;86455;+;234.4	94;76560;79187;+;301.8	111;89391;92207;+;376.7	89;72981;74408;+;94.3	94;76560;79187;+;101.8	87;71700;72266;+;183.8	100;82134;82772;+;70.4	103;83585;85435;+;265.0	115;94508;96751;+;391.7	93;75529;76044;+;78.4	115;94508;96751;+;70.3	A	9/9	contiguous	22808	1	1	92240..92761+;173;unnamed;0
NZ_OQ423475.1	MPF_F	IncFII(pHN7A8);IncN	111	0	0	GA	0															not_admitted	not_admitted	not_admitted	not_admitted	not_admitted	not_admitted	not_admitted	not_admitted	not_admitted	not_admitted	1	102;89816;90808;-;369.5	89;81610;82983;-;376.8	94;84549;85292;-;234.4	105;91817;94444;-;301.8	88;78797;81613;-;376.7	110;96596;97912;-;92.2	105;91817;94444;-;101.8		99;88232;88870;-;70.4	96;85569;87419;-;265.0	84;74253;76496;-;391.7	106;94960;95475;-;78.4	84;74253;76496;-;70.3	B	8/9	contiguous	22343	1	1	78243..78764-;173;unnamed;0
NZ_OQ423476.1	MPF_F	IncFII(pHN7A8)	113	0	0	GA	0															not_admitted	not_admitted	not_admitted	not_admitted	not_admitted	not_admitted	not_admitted	not_admitted	not_admitted	not_admitted	1	86;68956;69948;+;369.5	99;76781;78154;+;376.8	94;74472;75215;+;234.4	83;65320;67947;+;301.8	100;78151;80967;+;376.7	78;61838;63265;+;94.1	83;65320;67947;+;101.8	76;60557;61123;+;183.8	89;70894;71532;+;70.4	92;72345;74195;+;265.0	104;83268;85502;+;391.7	82;64289;64804;+;78.0	104;83268;85502;+;70.3	A	9/9	contiguous	22711	1	1	81000..81521+;173;unnamed;0
NZ_OQ423479.1	MPF_F	IncFII(pCoo)	80	0	0	GA	0															not_admitted	not_admitted	not_admitted	not_admitted	not_admitted	not_admitted	not_admitted	not_admitted	not_admitted	not_admitted	1	59;46878;47870;+;370.2	67;52566;53939;+;380.4	63;50602;51345;+;233.3	56;43242;45869;+;303.5	68;53936;56758;+;386.8	52;39903;41330;+;94.3	56;43242;45869;+;100.3	50;38622;39188;+;183.8	60;47879;48517;+;68.3	61;48514;50322;+;268.2	71;58292;60607;+;391.6	55;42211;42726;+;78.0	71;58292;60607;+;70.2	A	9/9	contiguous	19670	1	1	56779..57276+;165;TraS;0
NZ_OQ423480.1	MPF_F	IncFII(pHN7A8)	85	0	0	GA	0															not_admitted	not_admitted	not_admitted	not_admitted	not_admitted	not_admitted	not_admitted	not_admitted	not_admitted	not_admitted	1	58;44401;45393;+;369.5	71;52226;53599;+;376.8	66;49917;50660;+;234.4	55;40765;43392;+;301.8	72;53596;56412;+;376.7	50;37283;38710;+;94.1	55;40765;43392;+;101.8	48;36002;36568;+;183.8	61;46339;46977;+;70.4	64;47790;49640;+;265.0	76;58713;60920;+;391.7	54;39734;40249;+;78.0	76;58713;60920;+;70.3	A	9/9	contiguous	22711	1	1	56445..56966+;173;unnamed;0
NZ_OQ434669.1	MPF_T	IncX3	72	0	0	GA	1	37;27332;27976;+;46.4	38;27960;28250;+;74.0	39;28275;31028;+;46.3	39;28275;31028;+;147.8	39;28275;31028;+;75.7	40;31039;31809;+;60.8	42;32088;33143;+;134.9		43;33338;34066;+;118.1	7;6270;7154;-;159.7	6;5110;6270;-;156.3	5;4073;5068;-;81.2	48;37433;39268;+;495.5		pfam	pfam_only	A	7/7	canonical	1	1	unscoreable	2	0	0														not_admitted	not_admitted	not_admitted	not_admitted	not_admitted	not_admitted	not_admitted
NZ_OQ534111.1	MPF_F	IncFIB(AP001918)	149	0	0	GA	0															not_admitted	not_admitted	not_admitted	not_admitted	not_admitted	not_admitted	not_admitted	not_admitted	not_admitted	not_admitted	1	87;93144;94136;-;367.4	76;86085;87458;-;378.0	83;89672;90415;-;235.0	90;95145;97772;-;305.4	75;83266;86088;-;389.5	95;99827;101254;-;94.3	90;95145;97772;-;98.5	97;102070;102534;-;156.4	86;92497;93135;-;68.4	85;90692;92500;-;268.4	72;79584;81737;-;391.9	91;98288;98803;-;78.4	72;79584;81737;-;70.4	A	9/9	contiguous	22486	1	1	82753..83244-;163;TraS;0
NZ_OQ534112.1	MPF_F	IncFIA;IncFIB(AP001918)	141	0	0	GA	0															not_admitted	not_admitted	not_admitted	not_admitted	not_admitted	not_admitted	not_admitted	not_admitted	not_admitted	not_admitted	1				76;84026;86380;-;305.7	75;81204;84029;-;387.0	82;88435;89862;-;90.9	76;84026;86380;-;98.6	84;90577;91143;-;183.8			72;77548;79701;-;391.9	78;86896;87411;-;78.4	72;77548;79701;-;70.4	D	4/9	contiguous	13029	1	0	80698..81207-;169;unnamed;0
NZ_OQ534113.1	MPF_F	IncFIA;IncFIB(AP001918)	156	0	0	GA	0															not_admitted	not_admitted	not_admitted	not_admitted	not_admitted	not_admitted	not_admitted	not_admitted	not_admitted	not_admitted	1	89;95167;96159;-;367.4	78;88148;89521;-;380.9	85;91695;92438;-;235.0	92;97168;99795;-;305.4	77;85326;88151;-;387.0	97;101850;103277;-;90.9	92;97168;99795;-;98.4	99;103992;104558;-;183.8	88;94520;95158;-;68.4	87;92715;94523;-;265.8	74;81670;83823;-;391.9	93;100311;100826;-;78.4	74;81670;83823;-;70.4	A	9/9	contiguous	22322	1	1	84820..85329-;169;unnamed;0
NZ_OQ534114.1	MPF_F	IncFIA;IncFIB(AP001918)	159	0	0	GA	0															not_admitted	not_admitted	not_admitted	not_admitted	not_admitted	not_admitted	not_admitted	not_admitted	not_admitted	not_admitted	1	91;94620;95612;-;367.7	80;87601;88974;-;380.9	87;91148;91891;-;235.0	94;96621;99248;-;305.4	78;84780;87110;-;223.7	100;101303;102730;-;90.9	94;96621;99248;-;98.4	102;103445;104011;-;183.8	90;93973;94611;-;68.4	89;92168;93976;-;265.6	75;81124;83277;-;391.9	96;99764;100279;-;78.4	75;81124;83277;-;70.4	A	9/9	contiguous	22321	1	1	84274..84783-;169;unnamed;0
NZ_OQ536579.1	MPF_T	ColRNAI;IncP1	53	0	0	GA	1		16;16776;17213;+;64.3	17;17216;17527;+;48.5	18;17524;20082;+;97.7	18;17524;20082;+;115.5	23;23641;24417;+;105.6	25;24645;26231;+;137.1		19;20079;20837;+;143.6	20;20849;21742;+;181.5	22;22233;23624;+;219.9	15;15804;16763;+;126.1	38;37219;39126;-;560.8		conjscan	conjscan_only	A	7/7	canonical	1	0	unscoreable	3	0	0														not_admitted	not_admitted	not_admitted	not_admitted	not_admitted	not_admitted	not_admitted
NZ_OQ553935.1	MPF_T	-	35	0	0	GA	1	6;4770;5315;+;54.3	30;22674;22970;+;64.2	31;22970;23257;+;45.0	32;23261;25726;+;92.3	32;23261;25726;+;88.8	34;26379;27188;+;62.4	1;221;1441;+;54.7		2;1461;2156;+;121.0	3;2169;3092;+;167.1	5;3536;4777;+;214.7	29;21726;22664;+;133.2	11;8116;9939;+;321.1		conjscan	both	A	7/7	rearranged	1	0	unscoreable	5	0	0														not_admitted	not_admitted	not_admitted	not_admitted	not_admitted	not_admitted	not_admitted
NZ_OQ553937.1	MPF_T	-	48	0	0	GA	1		46;36335;36598;+;56.2	47;36611;39379;+;75.1	47;36611;39379;+;176.0	47;36611;39379;+;86.5	4;1866;2852;+;86.1	5;2856;3848;+;112.5		7;3992;4654;+;177.6	8;4651;5538;+;161.4	9;5565;6740;+;165.9	10;6721;7713;+;93.2	11;7714;9525;+;349.7		pfam	pfam_only	A	7/7	rearranged	1	1	unscoreable	1	0	0														not_admitted	not_admitted	not_admitted	not_admitted	not_admitted	not_admitted	not_admitted
NZ_OQ553939.1	MPF_T	-	32	0	0	GA	1	14;11176;11730;+;50.3	2;1638;1934;+;63.9	3;1934;2221;+;47.5	4;2223;4688;+;84.6	4;2223;4688;+;91.0	6;5379;6182;+;50.3	8;6448;7671;+;55.1		9;7691;8386;+;120.0	10;8399;9328;+;168.3	12;9773;11005;+;211.4	1;693;1628;+;131.5	18;14421;16244;+;319.2		conjscan	both	A	7/7	canonical	1	0	unscoreable	8	0	0														not_admitted	not_admitted	not_admitted	not_admitted	not_admitted	not_admitted	not_admitted
NZ_OQ553940.1	MPF_T	-	32	0	0	GA	1	17;13395;13949;+;50.3	5;3857;4153;+;63.9	6;4153;4440;+;47.5	7;4442;6907;+;84.6	7;4442;6907;+;91.0	9;7598;8401;+;50.3	11;8667;9890;+;55.1		12;9910;10605;+;120.0	13;10618;11547;+;168.3	15;11992;13224;+;211.4	4;2912;3847;+;131.5	21;16640;18463;+;319.2		conjscan	both	A	7/7	canonical	1	0	unscoreable	8	0	0														not_admitted	not_admitted	not_admitted	not_admitted	not_admitted	not_admitted	not_admitted
NZ_OQ553942.1	MPF_T	-	35	0	0	GA	1	7;5310;5855;+;54.1	28;21181;21477;+;64.2	29;21477;21764;+;45.0	30;21768;24233;+;92.9	30;21768;24233;+;89.0	34;26702;27496;+;57.8	1;218;1441;+;55.1		3;1772;2467;+;121.0	4;2478;3632;+;166.3	6;4076;5317;+;214.7	27;20233;21171;+;133.9	12;8656;10479;+;320.0		conjscan	both	A	7/7	rearranged	1	0	unscoreable	20	0	0														not_admitted	not_admitted	not_admitted	not_admitted	not_admitted	not_admitted	not_admitted
NZ_OQ553943.1	MPF_T	-	31	0	0	GA	1	7;4946;5500;+;50.3	26;20278;20574;+;63.9	27;20574;20861;+;47.5	28;20863;23328;+;84.6	28;20863;23328;+;91.0	30;24019;24822;+;50.6	1;221;1441;+;54.8		2;1461;2156;+;120.0	3;2169;3098;+;168.3	5;3543;4775;+;211.4	25;19333;20268;+;131.5	11;8191;10014;+;319.2		conjscan	both	A	7/7	rearranged	1	0	unscoreable	18	0	0														not_admitted	not_admitted	not_admitted	not_admitted	not_admitted	not_admitted	not_admitted
NZ_OQ553944.1	MPF_T	-	41	0	0	GA	1	33;24778;25323;-;54.1	5;5654;5950;-;64.2	4;5367;5654;-;45.0	3;2898;5363;-;93.0	3;2898;5363;-;88.9	0;48;842;-;62.5	39;29191;30411;-;54.6		37;28166;28861;-;121.0	36;27001;28155;-;166.5	34;25316;26557;-;214.7	6;5960;6898;-;133.2	28;20154;21977;-;319.6		conjscan	both	A	7/7	rearranged	1	0	unscoreable	6	0	0														not_admitted	not_admitted	not_admitted	not_admitted	not_admitted	not_admitted	not_admitted
NZ_OQ553946.1	MPF_T	-	60	0	0	GA	1		31;24538;24801;+;59.0	32;24814;27582;+;75.1	32;24814;27582;+;176.0	32;24814;27582;+;84.5	37;29459;30445;+;84.5	38;30449;31441;+;112.5		40;31585;32244;+;177.9	41;32241;33131;+;161.9	42;33141;34319;+;164.3	43;34300;35307;+;93.9	44;35308;37119;+;349.8		pfam	pfam_only	A	7/7	canonical	1	1	unscoreable	5	0	0														not_admitted	not_admitted	not_admitted	not_admitted	not_admitted	not_admitted	not_admitted
NZ_OQ553952.1	MPF_T	-	39	0	0	GA	1	15;11916;12461;+;58.1	1;940;1236;+;65.7	2;1236;1523;+;50.4	3;1525;3990;+;88.7	3;1525;3990;+;88.9	7;5832;6611;+;49.8	9;6838;8049;+;44.5		11;8375;9070;+;123.2	12;9081;10241;+;163.7	14;10686;11915;+;209.5	0;1;939;+;131.9	20;15262;17085;+;323.2		conjscan	both	A	7/7	canonical	1	0	unscoreable	11	0	0														not_admitted	not_admitted	not_admitted	not_admitted	not_admitted	not_admitted	not_admitted
NZ_OQ553953.1	MPF_T	-	35	0	0	GA	1	6;4770;5315;+;54.1	30;22664;22960;+;64.2	31;22960;23247;+;45.0	32;23251;25716;+;92.3	32;23251;25716;+;88.8	34;26369;27178;+;62.4	1;221;1441;+;54.7		2;1461;2156;+;121.0	3;2169;3092;+;167.1	5;3536;4777;+;214.7	29;21716;22654;+;133.2	11;8116;9939;+;321.1		conjscan	both	A	7/7	rearranged	1	0	unscoreable	6	0	0														not_admitted	not_admitted	not_admitted	not_admitted	not_admitted	not_admitted	not_admitted
NZ_OQ553954.1	MPF_T	-	35	0	0	GA	1	15;12622;13167;+;54.1	1;949;1245;+;64.2	2;1245;1532;+;45.0	3;1536;4001;+;92.9	3;1536;4001;+;89.0	7;6470;7264;+;57.8	9;7530;8753;+;55.1		11;9084;9779;+;121.0	12;9790;10944;+;166.3	14;11388;12629;+;214.7	0;1;939;+;133.9	20;15968;17791;+;320.0		conjscan	both	A	7/7	canonical	1	0	unscoreable	11	0	0														not_admitted	not_admitted	not_admitted	not_admitted	not_admitted	not_admitted	not_admitted
NZ_OQ557085.1	MPF_T	IncX4	41	0	0	GA	1	28;20152;20772;+;41.6	29;20786;21112;+;64.4	30;21131;23878;+;63.8	30;21131;23878;+;151.8	30;21131;23878;+;46.1	31;23890;24606;+;94.2	32;24618;25712;+;147.9		34;26227;26913;+;169.0	35;26910;27818;+;142.4	36;27811;28929;+;163.9	37;28931;29959;+;85.0	38;29991;31808;+;314.8		pfam	pfam_only	A	7/7	canonical	1	1	unscoreable	1	0	0														not_admitted	not_admitted	not_admitted	not_admitted	not_admitted	not_admitted	not_admitted
NZ_OQ557086.1	MPF_T	IncX4	45	0	0	GA	1	43;36063;36683;+;41.6	44;36697;37023;+;64.4		0;43;1524;+;29.5		1;1536;2252;+;94.2	2;2264;3358;+;150.1		4;3873;4559;+;169.0	5;4556;5464;+;142.4	6;5457;6575;+;163.9	7;6577;7605;+;85.0	8;7637;9454;+;314.8		pfam	pfam_only	A	7/7	canonical	1	0	unscoreable	1	0	0														not_admitted	not_admitted	not_admitted	not_admitted	not_admitted	not_admitted	not_admitted
NZ_OQ622007.1	MPF_F	IncC	166	0	0	GA	0															not_admitted	not_admitted	not_admitted	not_admitted	not_admitted	not_admitted	not_admitted	not_admitted	not_admitted	not_admitted	1	88;69138;70145;+;332.9	155;125022;126455;+;339.2	154;123992;125020;+;221.7	83;63939;66386;+;354.2	156;126468;130082;+;375.3	74;50628;51944;+;135.0	83;63939;66386;+;128.6	72;49104;49730;+;92.1	86;67208;68473;+;67.6	89;70261;73056;+;145.3	63;43429;45294;+;47.4	75;51941;52519;+;100.2	63;43429;45294;+;52.0	A	9/9	split_2	83039	0	1	
NZ_OQ622008.1	MPF_F	-	215	0	0	GA	0															not_admitted	not_admitted	not_admitted	not_admitted	not_admitted	not_admitted	not_admitted	not_admitted	not_admitted	not_admitted	1	131;114608;115615;+;329.4	21;20872;22311;+;325.0	20;19836;20870;+;208.0	126;109379;111829;+;315.0	22;22318;25959;+;345.7	120;100139;101488;+;124.9	126;109379;111829;+;134.6	118;98566;99195;+;86.9	129;112642;113910;+;65.4	132;115811;118591;+;142.3	112;94352;96220;+;44.9	121;101545;102036;+;85.4	112;94352;96220;+;48.3	A	9/9	split_2	95975	0	1	
NZ_OQ622009.1	-	-	335	0	0	GA	0															not_admitted	not_admitted	not_admitted	not_admitted	not_admitted	not_admitted	not_admitted	not_admitted	not_admitted	not_admitted	1	51;42680;43768;-;252.9	206;184261;185685;+;187.3	205;183221;184261;+;200.5	179;154565;157180;-;203.8	207;185688;190703;+;111.0	184;159849;161195;-;116.1	179;154565;157180;-;92.9	186;162458;163108;-;87.4	53;43935;45299;-;58.8	50;38171;42496;-;65.7	191;165711;167582;-;34.0	180;157191;157820;-;64.6	191;165711;167582;-;35.3	A	9/9	split_2	147517	1	1	190823..192133+;436;unnamed;0
NZ_OQ622010.1	MPF_F	IncC	198	0	0	GA	0															not_admitted	not_admitted	not_admitted	not_admitted	not_admitted	not_admitted	not_admitted	not_admitted	not_admitted	not_admitted	1	90;69515;70522;+;332.9	187;156469;157902;+;339.2	186;155439;156467;+;221.7	85;64316;66763;+;354.5	188;157915;161529;+;375.3	80;55444;56760;+;135.0	85;64316;66763;+;128.3	78;53920;54546;+;92.7	88;67585;68850;+;67.9	91;70638;73436;+;145.3	69;48245;50110;+;47.4	81;56757;57335;+;100.2	69;48245;50110;+;52.0	A	9/9	split_2	109670	0	1	
NZ_OQ658820.1	MPF_F	IncC	207	0	0	GA	0															not_admitted	not_admitted	not_admitted	not_admitted	not_admitted	not_admitted	not_admitted	not_admitted	not_admitted	not_admitted	1	161;126392;127384;+;369.3	170;132446;133819;+;379.5	165;130083;130856;+;234.0	158;122753;125383;+;303.5	171;133816;136641;+;386.0	151;118048;119475;+;94.3	158;122753;125383;+;98.5	149;116767;117333;+;183.8	162;127393;128031;+;68.7	163;128028;129836;+;268.0	174;138145;140361;+;391.7	155;120603;121118;+;78.6	174;138145;140361;+;70.3	A	9/9	contiguous	21378	1	1	136638..137147+;169;unnamed;0
NZ_OQ658821.1	MPF_F	IncHI2;IncHI2A	273	0	0	GA	0															not_admitted	not_admitted	not_admitted	not_admitted	not_admitted	not_admitted	not_admitted	not_admitted	not_admitted	not_admitted	1	43;51159;52217;+;276.9	200;188495;189910;-;194.1	201;189900;190946;-;174.3	27;28656;31337;+;168.0	199;184533;188486;-;101.6	23;24971;26326;+;80.7	27;28656;31337;+;72.2	20;22459;23247;+;74.8	41;49506;51017;+;62.0	44;52236;55424;+;57.3	208;197988;200072;+;56.8	26;27697;28647;+;46.1	208;197988;200072;+;38.8	A	9/9	split_3	175529	1	1	183063..184352-;429;unnamed;0
NZ_OQ658822.1	MPF_F	IncC	212	0	0	GA	0															not_admitted	not_admitted	not_admitted	not_admitted	not_admitted	not_admitted	not_admitted	not_admitted	not_admitted	not_admitted	1	97;73389;74396;-;332.9	201;164375;165808;+;339.2	200;163333;164373;+;221.6	102;77148;79595;-;354.5	202;165821;169435;+;375.3	107;87151;88467;-;135.0	102;77148;79595;-;128.3	109;89365;89991;-;92.7	99;75061;76326;-;67.9	96;70475;73273;-;145.3	118;93801;95666;-;47.3	106;86576;87154;-;100.2	118;93801;95666;-;52.0	A	9/9	split_2	95346	0	1	
NZ_OQ658823.1	MPF_F	IncFIA(HI1);IncHI1A;IncHI1B(R27)	218	0	0	GA	0															not_admitted	not_admitted	not_admitted	not_admitted	not_admitted	not_admitted	not_admitted	not_admitted	not_admitted	not_admitted	1	15;14855;15907;+;277.6	130;125537;126952;-;201.7	131;126942;127988;-;171.3	216;196206;198887;+;160.6	129;121539;125528;-;103.1	212;192500;193858;+;84.0	216;196206;198887;+;76.5	209;190048;190833;+;68.7	13;13202;14710;+;65.6	16;15930;19106;+;58.9	137;134923;137007;+;50.2	215;195247;196197;+;45.2	137;134923;137007;+;36.5	A	9/9	split_3	183004	0	1	
NZ_OQ658824.1	MPF_F	IncFIB(AP001918);IncFIC(FII)	102	0	0	GA	0															not_admitted	not_admitted	not_admitted	not_admitted	not_admitted	not_admitted	not_admitted	not_admitted	not_admitted	not_admitted	1	47;46798;47790;-;369.3	39;40729;42102;-;380.7	43;43323;44066;-;232.7	50;48799;51426;-;303.5	38;37910;40732;-;380.3	54;53338;54765;-;94.3	50;48799;51426;-;100.3	56;55480;56046;-;183.8	46;46151;46789;-;68.3	45;44346;46154;-;268.3	35;34196;36376;-;391.8	51;51942;52457;-;78.0	35;34196;36376;-;70.4	A	9/9	contiguous	21284	1	1	37392..37889-;165;TraS;0
NZ_OQ683449.1	MPF_F	IncFII	111	0	0	GA	0															not_admitted	not_admitted	not_admitted	not_admitted	not_admitted	not_admitted	not_admitted	not_admitted	not_admitted	not_admitted	1	79;63025;64017;+;369.5	89;69796;71169;+;381.7	84;67123;67866;+;234.4	76;59386;62016;+;304.1	90;71166;73988;+;374.0	68;54533;55984;+;94.2	76;59386;62016;+;97.1	66;53252;53818;+;174.3	81;64361;64999;+;68.6	82;64996;66846;+;266.1	94;76260;78476;+;391.2	71;56844;57359;+;78.4	94;76260;78476;+;70.3	A	9/9	contiguous	23008	1	1	74010..74489+;159;TraS;0
NZ_OQ683451.1	MPF_T	IncP1	86	0	0	GA	1		12;10720;11157;+;64.3	13;11160;11471;+;48.5	14;11468;14026;+;97.7	14;11468;14026;+;115.5	19;17585;18361;+;105.6	21;18589;20175;+;137.1		15;14023;14781;+;143.6	16;14793;15686;+;181.5	18;16177;17568;+;219.9	11;9748;10707;+;126.1	41;34599;36506;-;560.8		conjscan	conjscan_only	A	7/7	canonical	1	0	unscoreable	3	0	0														not_admitted	not_admitted	not_admitted	not_admitted	not_admitted	not_admitted	not_admitted
NZ_OQ683452.1	MPF_T	IncN	49	0	0	GA	1	39;34878;35612;-;32.5	37;34285;34578;-;28.7	36;33918;34235;-;63.3	35;31318;33918;-;111.8	35;31318;33918;-;76.8	34;30587;31300;-;97.1	32;29296;30336;-;153.6		31;28379;29077;-;131.9	30;27484;28368;-;159.0	29;26324;27484;-;154.9	28;25287;26282;-;81.2	19;13739;15268;+;38.5		pfam	both	A	7/7	canonical	1	0	unscoreable	2	0	0														not_admitted	not_admitted	not_admitted	not_admitted	not_admitted	not_admitted	not_admitted
NZ_OQ683453.1	MPF_T	IncN	72	0	0	GA	1	51;38125;38859;+;32.5		54;39502;39819;+;63.3	55;39819;42419;+;113.8	55;39819;42419;+;76.4	56;42437;43150;+;105.5	58;43401;44441;+;142.4		59;44660;45358;+;131.9	60;45369;46253;+;159.7	61;46253;47413;+;156.3	62;47455;48450;+;81.2	66;53025;54554;-;38.5		pfam	both	A	7/7	canonical	1	0	unscoreable	6	0	0														not_admitted	not_admitted	not_admitted	not_admitted	not_admitted	not_admitted	not_admitted
NZ_OQ683454.1	MPF_F	IncFIA	69	0	0	GA	0															not_admitted	not_admitted	not_admitted	not_admitted	not_admitted	not_admitted	not_admitted	not_admitted	not_admitted	not_admitted	1	21;21440;22432;-;368.6	10;14381;15754;-;374.3	17;17968;18711;-;234.1	24;23441;26068;-;306.8	9;11568;14384;-;386.1	30;28123;29550;-;94.3	24;23441;26068;-;98.5	32;30265;30831;-;183.8	20;20793;21431;-;67.3	19;18988;20796;-;268.0	6;7852;10005;-;391.1	26;26584;27099;-;77.3	6;7852;10005;-;69.2	A	9/9	contiguous	22413	1	1	11014..11535-;173;unnamed;0
NZ_OQ723098.1	MPF_F	IncHI1B(pNDM-MAR)	348	0	0	GA	0															not_admitted	not_admitted	not_admitted	not_admitted	not_admitted	not_admitted	not_admitted	not_admitted	not_admitted	not_admitted	1	70;55671;56708;-;282.3	222;179799;181208;+;190.4	221;178772;179809;+;175.9	82;67540;70257;-;148.7	223;181210;185118;+;122.1	86;72370;73740;-;65.6	82;67540;70257;-;85.2	89;75386;76246;-;79.0	71;56705;58066;-;69.8	69;52476;55661;-;58.9	214;169448;171574;-;57.8	83;70302;71039;-;57.1	214;169448;171574;-;41.0	A	9/9	split_2	128734	0	1	
NZ_OQ747074.1	MPF_F	IncFII(pRSB107);IncX1	121	0	0	GA	0															not_admitted	not_admitted	not_admitted	not_admitted	not_admitted	not_admitted	not_admitted	not_admitted	not_admitted	not_admitted	1	109;87519;88511;+;369.3			106;83880;86510;+;304.6		99;79432;80859;+;94.7	106;83880;86510;+;99.2	97;78151;78717;+;183.8	112;89508;90146;+;67.5		106;83880;86510;+;22.1	102;81743;82258;+;78.4		D	5/9	contiguous	11357	0	0	
NZ_OQ747075.1	MPF_F	IncFII	112	0	0	GA	0															not_admitted	not_admitted	not_admitted	not_admitted	not_admitted	not_admitted	not_admitted	not_admitted	not_admitted	not_admitted	1	89;73035;74027;+;369.3	100;80077;81450;+;381.0	95;77744;78487;+;233.3	86;69396;72026;+;303.8	101;81447;84272;+;389.2	76;63939;65366;+;94.7	86;69396;72026;+;99.2	74;62658;63224;+;183.8	92;75024;75662;+;68.6	93;75659;77467;+;268.0	104;85776;88001;+;391.7	80;66488;67003;+;76.4	104;85776;88001;+;70.3	A	9/9	contiguous	23118	1	1	84269..84778+;169;unnamed;0
NZ_OQ750828.1	MPF_F	IncC	176	0	0	GA	0															not_admitted	not_admitted	not_admitted	not_admitted	not_admitted	not_admitted	not_admitted	not_admitted	not_admitted	not_admitted	1	97;72098;73105;+;332.9	165;130358;131791;+;339.2	164;129328;130356;+;221.7	92;66899;69346;+;354.2	166;131804;135418;+;375.3	80;52812;54128;+;135.0	92;66899;69346;+;128.6	78;51288;51914;+;92.1	95;70168;71433;+;67.6	98;73221;76016;+;146.2	69;45613;47478;+;47.4	81;54125;54703;+;100.2	69;45613;47478;+;52.0	A	9/9	split_2	86191	0	1	
NZ_OQ773529.1	MPF_T	-	57	0	0	GA	1	50;42237;42947;-;101.0	49;41933;42226;-;41.2		48;39210;41921;-;78.0	48;39210;41921;-;57.1	47;38572;39213;-;71.2	3;3508;4593;-;71.0		2;2720;3508;-;74.6	1;1968;2705;-;149.0	0;587;1966;-;180.8	56;46808;47365;-;92.0	52;43211;44728;-;35.6		pfam	both	A	7/7	canonical	1	0	unscoreable	3	0	0														not_admitted	not_admitted	not_admitted	not_admitted	not_admitted	not_admitted	not_admitted
NZ_OQ803524.1	-	IncFII(Yp);IncFII(pAR0022)	95	0	0	GA	0															not_admitted	not_admitted	not_admitted	not_admitted	not_admitted	not_admitted	not_admitted	not_admitted	not_admitted	not_admitted	1	64;53405;54400;+;369.5	71;58920;60287;+;352.7	67;56868;57674;+;204.7	59;49097;51712;+;236.0	72;60287;63175;+;317.3	55;46424;47782;+;94.4	59;49097;51712;+;120.2	53;45102;45671;+;107.8	65;54419;55045;+;65.3	66;55042;56871;+;244.0	75;64206;66395;+;366.9	58;48507;49094;+;52.5	75;64206;66395;+;62.7	A	9/9	contiguous	19104	1	1	63172..63783+;203;unnamed;0
NZ_OQ803525.1	MPF_T	ColKP3;IncX3	64	0	0	GA	1	27;22474;23118;-;46.4	26;22200;22490;-;73.1	25;19422;22175;-;47.0	25;19422;22175;-;142.4	25;19422;22175;-;73.3	24;18642;19412;-;60.1	22;17308;18363;-;132.8		21;16385;17113;-;119.4	20;15450;16379;-;138.8	19;14239;15453;-;128.3	17;13009;14043;-;65.7	16;11171;13006;-;495.9		pfam	pfam_only	A	7/7	canonical	1	1	unscoreable	2	0	0														not_admitted	not_admitted	not_admitted	not_admitted	not_admitted	not_admitted	not_admitted
NZ_OQ821011.1	MPF_F	IncR	145	0	0	GA	0															not_admitted	not_admitted	not_admitted	not_admitted	not_admitted	not_admitted	not_admitted	not_admitted	not_admitted	not_admitted	1	76;58912;59904;+;367.5	85;64914;66284;+;377.2	82;63378;64130;+;228.0	73;55205;57844;+;256.1	101;86219;89068;+;345.6	65;50781;52199;+;83.3	73;55205;57844;+;83.5	63;49488;50054;+;161.5	77;59917;60534;+;67.6	78;60531;62486;+;249.3	105;91554;93866;+;392.7	68;53016;53582;+;51.4	105;91554;93866;+;66.5	A	9/9	split_2	42066	1	1	89081..89629+;182;unnamed;0
NZ_OQ821012.1	MPF_F	IncFII(pBK30683)	116	0	0	GA	0															not_admitted	not_admitted	not_admitted	not_admitted	not_admitted	not_admitted	not_admitted	not_admitted	not_admitted	not_admitted	1	92;70953;71945;+;362.9	102;77492;78859;+;384.3	98;75482;76234;+;233.7	89;67288;69927;+;259.1	103;78859;81708;+;346.4	79;62104;63525;+;87.4	89;67288;69927;+;83.9	77;60811;61377;+;167.2	93;71958;72596;+;66.0	94;72655;74610;+;259.6	107;84195;86507;+;392.7	81;63986;64549;+;55.8	107;84195;86507;+;66.5	A	9/9	contiguous	23384	1	1	81721..82269+;182;unnamed;0
NZ_OQ821013.1	MPF_F	IncFIA(HI1);IncFIB(pB171);IncFII(Cf);IncFII(pBK30683)	252	0	0	GA	0															not_admitted	not_admitted	not_admitted	not_admitted	not_admitted	not_admitted	not_admitted	not_admitted	not_admitted	not_admitted	1	228;207755;208747;+;362.9	238;214294;215661;+;384.3	234;212284;213036;+;233.7	225;204090;206729;+;259.1	239;215661;218510;+;346.4	215;198864;200288;+;89.2	98;78567;81158;+;86.1	90;73888;74451;+;135.1	102;83265;83879;+;81.2	230;209457;211412;+;259.6	243;220997;223309;+;392.7	217;200900;201469;+;55.3	243;220997;223309;+;66.5	A	9/9	split_2	147109	1	1	218523..219071+;182;unnamed;0
NZ_OQ821014.1	MPF_T	IncN	77	0	0	GA	1	21;21428;22162;-;32.5		18;20468;20785;-;63.3	17;17868;20468;-;113.8	17;17868;20468;-;76.4	16;17137;17850;-;105.5	14;15846;16886;-;142.4		13;14929;15627;-;131.9	12;14034;14918;-;159.7	11;12874;14034;-;156.3	10;11837;12832;-;81.2	68;56379;57908;+;38.5		pfam	both	A	7/7	canonical	1	0	unscoreable	3	0	0														not_admitted	not_admitted	not_admitted	not_admitted	not_admitted	not_admitted	not_admitted
NZ_OQ821015.1	MPF_T	IncN	74	0	0	GA	1	26;23998;24732;-;32.5		23;23038;23355;-;63.3	22;20438;23038;-;113.8	22;20438;23038;-;76.4	21;19707;20420;-;105.5	19;18416;19456;-;142.4		18;17499;18197;-;131.9	17;16604;17488;-;159.7	16;15444;16604;-;156.3	15;14407;15402;-;81.2	65;49841;51370;+;38.5		pfam	both	A	7/7	canonical	1	0	unscoreable	3	0	0														not_admitted	not_admitted	not_admitted	not_admitted	not_admitted	not_admitted	not_admitted
NZ_OQ821016.1	MPF_T	IncN	86	0	0	GA	1	26;23998;24732;-;32.5		23;23038;23355;-;63.3	22;20438;23038;-;113.8	22;20438;23038;-;76.4	21;19707;20420;-;105.5	19;18416;19456;-;142.4		18;17499;18197;-;131.9	17;16604;17488;-;159.7	16;15444;16604;-;156.3	15;14407;15402;-;81.2	65;50807;52336;+;38.5		pfam	both	A	7/7	canonical	1	0	unscoreable	3	0	0														not_admitted	not_admitted	not_admitted	not_admitted	not_admitted	not_admitted	not_admitted
NZ_OQ821017.1	MPF_T	IncN	87	0	0	GA	1	26;23998;24732;-;32.5		23;23038;23355;-;63.3	22;20438;23038;-;113.8	22;20438;23038;-;76.4	21;19707;20420;-;105.5	19;18416;19456;-;142.4		18;17499;18197;-;131.9	17;16604;17488;-;159.7	16;15444;16604;-;156.3	15;14407;15402;-;81.2	65;49841;51370;+;38.5		pfam	both	A	7/7	canonical	1	0	unscoreable	3	0	0														not_admitted	not_admitted	not_admitted	not_admitted	not_admitted	not_admitted	not_admitted
NZ_OQ821018.1	MPF_T	IncN	84	0	0	GA	1	26;23998;24732;-;32.5		23;23038;23355;-;63.3	22;20438;23038;-;113.8	22;20438;23038;-;76.4	21;19707;20420;-;105.5	19;18416;19456;-;142.4		18;17499;18197;-;131.9	17;16604;17488;-;159.7	16;15444;16604;-;156.3	15;14407;15402;-;81.2	65;50807;52336;+;38.5		pfam	both	A	7/7	canonical	1	0	unscoreable	3	0	0														not_admitted	not_admitted	not_admitted	not_admitted	not_admitted	not_admitted	not_admitted
NZ_OQ821019.1	MPF_T	IncN	86	0	0	GA	1	26;23998;24732;-;32.5		23;23038;23355;-;63.3	22;20438;23038;-;113.8	22;20438;23038;-;76.4	21;19707;20420;-;105.5	19;18416;19456;-;142.4		18;17499;18197;-;131.9	17;16604;17488;-;159.7	16;15444;16604;-;156.3	15;14407;15402;-;81.2	65;50679;52208;+;38.5		pfam	both	A	7/7	canonical	1	0	unscoreable	3	0	0														not_admitted	not_admitted	not_admitted	not_admitted	not_admitted	not_admitted	not_admitted
NZ_OQ821020.1	MPF_T	IncN	87	0	0	GA	1	26;23998;24732;-;32.5		23;23038;23355;-;63.3	22;20438;23038;-;113.8	22;20438;23038;-;76.4	21;19707;20420;-;105.5	19;18416;19456;-;142.4		18;17499;18197;-;131.9	17;16604;17488;-;159.7	16;15444;16604;-;156.3	15;14407;15402;-;81.2	65;49841;51370;+;38.5		pfam	both	A	7/7	canonical	1	0	unscoreable	3	0	0														not_admitted	not_admitted	not_admitted	not_admitted	not_admitted	not_admitted	not_admitted
NZ_OQ821021.1	MPF_F	IncC	204	0	0	GA	0															not_admitted	not_admitted	not_admitted	not_admitted	not_admitted	not_admitted	not_admitted	not_admitted	not_admitted	not_admitted	1	90;66838;67845;+;332.9	193;158968;160401;+;339.2	192;157938;158966;+;221.7	85;61639;64086;+;354.2	194;160414;164028;+;375.3	80;52812;54128;+;135.0	85;61639;64086;+;128.6	78;51288;51914;+;92.1	88;64908;66173;+;67.6	91;67961;70756;+;145.3	69;45613;47478;+;47.4	81;54125;54703;+;100.2	69;45613;47478;+;52.0	A	9/9	split_2	114801	0	1	
NZ_OQ821030.1	MPF_T	IncN3	77	0	0	GA	1	69;60244;61026;-;33.0	67;59701;59997;-;36.0	66;59344;59661;-;71.9	65;56770;59343;-;117.9	65;56770;59343;-;74.2	64;56053;56754;-;99.8	62;54747;55784;-;122.7	61;54539;54670;-;40.1	60;53833;54528;-;132.6	59;52935;53822;-;151.1	58;51802;52935;-;166.3	57;50750;51751;-;90.0	51;43530;45062;+;48.1		pfam	both	A	7/7	canonical	1	0	ga	7	0	0														not_admitted	not_admitted	not_admitted	not_admitted	not_admitted	not_admitted	not_admitted
NZ_OQ821032.1	MPF_T	Col(pHAD28);IncN3	69	0	0	GA	1	61;53349;54131;-;33.0	59;52806;53102;-;36.0	58;52449;52766;-;71.9	57;49875;52448;-;117.9	57;49875;52448;-;74.2	56;49158;49859;-;99.8	54;47852;48889;-;122.7	53;47644;47775;-;40.1	52;46938;47633;-;132.6	51;46040;46927;-;151.1	50;44907;46040;-;166.3	49;43855;44856;-;90.0	43;36635;38167;+;48.1		pfam	both	A	7/7	canonical	1	0	ga	7	0	0														not_admitted	not_admitted	not_admitted	not_admitted	not_admitted	not_admitted	not_admitted
NZ_OQ821033.1	MPF_T	IncN3	65	0	0	GA	1	57;49344;50126;-;33.0	55;48801;49097;-;36.0	54;48444;48761;-;71.9	53;45870;48443;-;117.9	53;45870;48443;-;74.2	52;45153;45854;-;99.8	50;43847;44884;-;122.7	49;43639;43770;-;40.1	48;42933;43628;-;132.6	47;42035;42922;-;151.1	46;40902;42035;-;166.3	45;39850;40851;-;90.0	39;32630;34162;+;48.1		pfam	both	A	7/7	canonical	1	0	ga	7	0	0														not_admitted	not_admitted	not_admitted	not_admitted	not_admitted	not_admitted	not_admitted
NZ_OQ821035.1	MPF_T	IncN3	78	0	0	GA	1	69;60244;61026;-;33.0	67;59701;59997;-;36.0	66;59344;59661;-;71.9	65;56770;59343;-;117.9	65;56770;59343;-;74.2	64;56053;56754;-;99.8	62;54747;55784;-;122.7	61;54539;54670;-;40.1	60;53833;54528;-;132.6	59;52935;53822;-;151.1	58;51802;52935;-;166.3	57;50750;51751;-;90.0	51;43530;45062;+;48.1		pfam	both	A	7/7	canonical	1	0	ga	7	0	0														not_admitted	not_admitted	not_admitted	not_admitted	not_admitted	not_admitted	not_admitted
NZ_OQ821037.1	MPF_T	IncN3	66	0	0	GA	1	58;48801;49583;-;33.0	56;48258;48554;-;36.0	55;47901;48218;-;71.9	54;45327;47900;-;117.9	54;45327;47900;-;74.2	53;44610;45311;-;99.8	51;43304;44341;-;122.7	50;43096;43227;-;40.1	49;42390;43085;-;132.6	48;41492;42379;-;151.1	47;40359;41492;-;166.3	46;39307;40308;-;90.0	40;32087;33619;+;48.1		pfam	both	A	7/7	canonical	1	0	ga	7	0	0														not_admitted	not_admitted	not_admitted	not_admitted	not_admitted	not_admitted	not_admitted
NZ_OQ821038.1	MPF_T	IncX5	53	0	0	GA	1	24;17642;18286;+;43.4	25;18270;18560;+;69.0	26;18582;21341;+;44.8	26;18582;21341;+;136.4	26;18582;21341;+;65.8	27;21349;22083;+;56.0	29;22358;23413;+;132.8		30;23653;24381;+;120.9	31;24386;25315;+;134.2	32;25312;26523;+;136.9	33;26535;27578;+;64.1	34;27581;29416;+;504.8		pfam	pfam_only	A	7/7	canonical	1	1	unscoreable	1	0	0														not_admitted	not_admitted	not_admitted	not_admitted	not_admitted	not_admitted	not_admitted
NZ_OQ821040.1	MPF_F	IncFIB(K);IncFII(K)	163	0	0	GA	0															not_admitted	not_admitted	not_admitted	not_admitted	not_admitted	not_admitted	not_admitted	not_admitted	not_admitted	not_admitted	1	105;104222;105214;-;366.6	95;97401;98771;-;381.2	99;99973;100725;-;232.4	108;106240;108879;-;258.7	94;94552;97401;-;344.2	117;112694;114118;-;89.2	108;106240;108879;-;88.8	119;114845;115411;-;167.0	104;103571;104209;-;67.0	103;101568;103574;-;259.0	90;90429;92738;-;393.2	115;111513;112082;-;49.7	90;90429;92738;-;65.8	A	9/9	contiguous	24416	1	1	94019..94549-;176;unnamed;0
NZ_OQ821041.1	MPF_T	IncN3	75	0	0	GA	1	67;63030;63812;-;33.0	65;62487;62783;-;36.0	64;62130;62447;-;71.9	63;59556;62129;-;117.9	63;59556;62129;-;74.2	62;58839;59540;-;99.8	60;57533;58570;-;122.7	59;57325;57456;-;40.1	58;56619;57314;-;132.6	57;56204;56608;-;83.6	53;50919;52052;-;166.3	52;49867;50868;-;90.0	46;42647;44179;+;48.1		pfam	both	A	7/7	canonical	1	0	ga	9	0	0														not_admitted	not_admitted	not_admitted	not_admitted	not_admitted	not_admitted	not_admitted
NZ_OQ821046.1	MPF_T	IncN3	65	0	0	GA	1	57;49346;50128;-;33.0	55;48803;49099;-;36.0	54;48446;48763;-;71.9	53;45872;48445;-;117.9	53;45872;48445;-;74.2	52;45155;45856;-;99.8	50;43849;44886;-;122.7	49;43641;43772;-;40.1	48;42935;43630;-;132.6	47;42037;42924;-;151.1	46;40904;42037;-;166.3	45;39852;40853;-;90.0	39;32632;34164;+;48.1		pfam	both	A	7/7	canonical	1	0	ga	7	0	0														not_admitted	not_admitted	not_admitted	not_admitted	not_admitted	not_admitted	not_admitted
NZ_OQ821050.1	MPF_F	IncFIB(pQil);IncFII(K)	132	0	0	GA	0															not_admitted	not_admitted	not_admitted	not_admitted	not_admitted	not_admitted	not_admitted	not_admitted	not_admitted	not_admitted	1	78;75369;76358;-;366.0	68;68455;69822;-;380.7	72;71080;71832;-;233.7	82;77801;80440;-;258.5	67;65606;68455;-;345.6	90;83697;85121;-;88.8	82;77801;80440;-;88.7	92;85848;86414;-;169.3	77;74718;75356;-;67.0	76;72704;74659;-;259.7	63;60808;63120;-;392.7	89;82999;83583;-;55.4	63;60808;63120;-;66.5	A	9/9	contiguous	25040	1	1	65045..65593-;182;unnamed;0
NZ_OQ821051.1	MPF_T	IncX5	58	0	0	GA	1	23;16549;17193;+;36.9	24;17177;17467;+;69.0	25;17489;20248;+;42.6	25;17489;20248;+;132.2	25;17489;20248;+;70.5	26;20256;21005;+;54.3	28;21284;22339;+;135.2		29;22579;23307;+;120.9	30;23312;24241;+;134.2	31;24238;25449;+;136.9	32;25461;26504;+;64.1	33;26507;28342;+;504.8		pfam	pfam_only	A	7/7	canonical	1	1	unscoreable	1	0	0														not_admitted	not_admitted	not_admitted	not_admitted	not_admitted	not_admitted	not_admitted
NZ_OQ821052.1	MPF_T	IncN	84	0	0	GA	1	23;22105;22839;-;32.5		20;21145;21462;-;63.3	19;18545;21145;-;113.8	19;18545;21145;-;76.4	18;17814;18527;-;105.5	16;16523;17563;-;142.4		15;15606;16304;-;131.9	14;14711;15595;-;159.7	13;13551;14711;-;156.3	12;12514;13509;-;81.2	62;48689;50218;+;38.5		pfam	both	A	7/7	canonical	1	0	unscoreable	3	0	0														not_admitted	not_admitted	not_admitted	not_admitted	not_admitted	not_admitted	not_admitted
NZ_OQ821054.1	MPF_F	repE(pEh60-7)	114	0	0	GA	0															not_admitted	not_admitted	not_admitted	not_admitted	not_admitted	not_admitted	not_admitted	not_admitted	not_admitted	not_admitted	1	20;20968;21966;-;360.1	11;14394;15758;-;364.5	17;17723;18505;-;212.5	30;26188;28797;-;223.4	10;11446;14394;-;310.8	38;31352;32761;-;92.2	30;26188;28797;-;104.3	40;33510;34091;-;94.6	19;20334;20957;-;63.4	18;18502;20337;-;218.8		32;29045;29599;-;44.7		A	9/9	contiguous	22064	1	1	10724..11437-;237;unnamed;0
NZ_OQ821055.1	MPF_T	IncN	72	0	0	GA	1	23;22105;22839;-;32.5		20;21145;21462;-;63.3	19;18545;21145;-;113.8	19;18545;21145;-;76.4	18;17814;18527;-;105.5	16;16523;17563;-;142.4		15;15606;16304;-;131.9	14;14711;15595;-;159.7	13;13551;14711;-;156.3	12;12514;13509;-;81.2	62;48133;49662;+;38.5		pfam	both	A	7/7	canonical	1	0	unscoreable	3	0	0														not_admitted	not_admitted	not_admitted	not_admitted	not_admitted	not_admitted	not_admitted
NZ_OQ821058.1	MPF_T	IncX5	58	0	0	GA	1	23;16549;17193;+;36.9	24;17177;17467;+;69.0	25;17489;20248;+;42.6	25;17489;20248;+;132.2	25;17489;20248;+;70.5	26;20256;21005;+;54.3	28;21284;22339;+;135.2		29;22579;23307;+;120.9	30;23312;24241;+;134.2	31;24238;25449;+;136.9	32;25461;26504;+;64.1	33;26507;28342;+;504.8		pfam	pfam_only	A	7/7	canonical	1	1	unscoreable	1	0	0														not_admitted	not_admitted	not_admitted	not_admitted	not_admitted	not_admitted	not_admitted
NZ_OQ821060.1	MPF_T	IncN	82	0	0	GA	1	23;22105;22839;-;32.5		20;21145;21462;-;63.3	19;18545;21145;-;113.8	19;18545;21145;-;76.4	18;17814;18527;-;105.5	16;16523;17563;-;142.4		15;15606;16304;-;131.9	14;14711;15595;-;159.7	13;13551;14711;-;156.3	12;12514;13509;-;81.2	62;48133;49662;+;38.5		pfam	both	A	7/7	canonical	1	0	unscoreable	3	0	0														not_admitted	not_admitted	not_admitted	not_admitted	not_admitted	not_admitted	not_admitted
NZ_OQ821061.1	MPF_F	IncHI1A(NDM-CIT);IncHI1B(pNDM-CIT)	385	1	1	GA	1		66;67959;68345;-;89.6	65;67693;67962;-;32.5	336;319121;321571;-;42.3	336;319121;321571;-;138.4	63;64490;65233;-;226.2	61;62787;64154;-;179.3		60;62064;62768;-;235.7	331;314964;315956;-;224.4	58;59789;61072;-;206.6	67;68332;69411;-;118.3	341;323757;325772;-;346.4	29;31510;34686;+;57.9	conjscan	conjscan_only	A	7/7	canonical	1	0	unscoreable	6	0	1	28;30784;31491;+;214.6	245;244786;246201;-;200.0	246;246191;247237;-;168.3	11;9302;11983;+;156.8	244;240788;244777;-;103.1	58;59789;61072;-;206.6	11;9302;11983;+;73.5	4;3144;3929;+;69.5	26;28783;30291;+;62.3	29;31510;34686;+;57.9	341;323757;325772;-;105.6	10;8343;9293;+;45.4	341;323757;325772;-;99.4	A	9/9	split_4	320613	0	1	
NZ_OQ821062.1	MPF_F	IncFIB(K);IncFII(K)	189	0	0	GA	0															not_admitted	not_admitted	not_admitted	not_admitted	not_admitted	not_admitted	not_admitted	not_admitted	not_admitted	not_admitted	1	138;137678;138670;-;366.6	128;130857;132227;-;381.2	132;133429;134181;-;232.4	141;139696;142335;-;258.7	127;128008;130857;-;344.2	150;146150;147574;-;89.2	141;139696;142335;-;88.8	152;148301;148867;-;167.0	137;137027;137665;-;67.0	136;135024;137030;-;259.0	123;123882;126194;-;393.1	148;144969;145538;-;49.7	123;123882;126194;-;66.6	A	9/9	contiguous	24419	1	1	127475..128005-;176;unnamed;0
NZ_OQ821063.1	MPF_T	IncN	70	0	0	GA	1	23;22105;22839;-;32.5		20;21145;21462;-;63.3	19;18545;21145;-;113.8	19;18545;21145;-;76.4	18;17814;18527;-;105.5	16;16523;17563;-;142.4		15;15606;16304;-;131.9	14;14711;15595;-;159.7	13;13551;14711;-;156.3	12;12514;13509;-;81.2	62;48689;50218;+;38.5		pfam	both	A	7/7	canonical	1	0	unscoreable	3	0	0														not_admitted	not_admitted	not_admitted	not_admitted	not_admitted	not_admitted	not_admitted
NZ_OQ821064.1	MPF_F	repE(pEh60-7)	114	0	0	GA	0															not_admitted	not_admitted	not_admitted	not_admitted	not_admitted	not_admitted	not_admitted	not_admitted	not_admitted	not_admitted	1	20;20968;21966;-;360.1	11;14394;15758;-;364.5	17;17723;18505;-;212.5	30;26188;28797;-;223.4	10;11446;14394;-;310.8	38;31352;32761;-;92.2	30;26188;28797;-;104.3	40;33510;34091;-;94.6	19;20334;20957;-;63.4	18;18502;20337;-;218.8		32;29045;29599;-;44.7		A	9/9	contiguous	22064	1	1	10724..11437-;237;unnamed;0
NZ_OQ821065.1	MPF_T	IncFIA(HI1);IncX1	103	0	0	GA	1	76;64125;64859;-;32.5		73;63165;63482;-;63.3	72;60565;63165;-;113.8	72;60565;63165;-;76.4	71;59834;60547;-;105.5	69;58543;59583;-;142.4		68;57626;58324;-;131.9	67;56731;57615;-;159.7	66;55571;56731;-;156.3	65;54534;55529;-;81.2			pfam	both	B	6/7	canonical	1	0	unscoreable	3	0	0														not_admitted	not_admitted	not_admitted	not_admitted	not_admitted	not_admitted	not_admitted
NZ_OQ821066.1	MPF_T	IncFIA(HI1);IncX1	103	0	0	GA	1	76;64125;64859;-;32.5		73;63165;63482;-;63.3	72;60565;63165;-;113.8	72;60565;63165;-;76.4	71;59834;60547;-;105.5	69;58543;59583;-;142.4		68;57626;58324;-;131.9	67;56731;57615;-;159.7	66;55571;56731;-;156.3	65;54534;55529;-;81.2			pfam	both	B	6/7	canonical	1	0	unscoreable	3	0	0														not_admitted	not_admitted	not_admitted	not_admitted	not_admitted	not_admitted	not_admitted
NZ_OQ821067.1	MPF_T	IncFIA(HI1);IncX1	103	0	0	GA	1	76;64125;64859;-;32.5		73;63165;63482;-;63.3	72;60565;63165;-;113.8	72;60565;63165;-;76.4	71;59834;60547;-;105.5	69;58543;59583;-;142.4		68;57626;58324;-;131.9	67;56731;57615;-;159.7	66;55571;56731;-;156.3	65;54534;55529;-;81.2			pfam	both	B	6/7	canonical	1	0	unscoreable	3	0	0														not_admitted	not_admitted	not_admitted	not_admitted	not_admitted	not_admitted	not_admitted
NZ_OQ821071.1	MPF_F	repE(pEh60-7)	114	0	0	GA	0															not_admitted	not_admitted	not_admitted	not_admitted	not_admitted	not_admitted	not_admitted	not_admitted	not_admitted	not_admitted	1	20;20968;21966;-;360.1	11;14394;15758;-;364.5	17;17723;18505;-;212.5	30;26188;28797;-;223.4	10;11446;14394;-;310.8	38;31352;32761;-;92.2	30;26188;28797;-;104.3	40;33510;34091;-;94.6	19;20334;20957;-;63.4	18;18502;20337;-;218.8		32;29045;29599;-;44.7		A	9/9	contiguous	22064	1	1	10724..11437-;237;unnamed;0
NZ_OQ821072.1	MPF_T	IncX5	58	0	0	GA	1	23;16549;17193;+;36.9	24;17177;17467;+;69.0	25;17489;20248;+;42.6	25;17489;20248;+;132.2	25;17489;20248;+;70.5	26;20256;21005;+;54.3	28;21284;22339;+;135.2		29;22579;23307;+;120.9	30;23312;24241;+;134.2	31;24238;25449;+;136.9	32;25461;26504;+;64.1	33;26507;28342;+;504.8		pfam	pfam_only	A	7/7	canonical	1	1	unscoreable	1	0	0														not_admitted	not_admitted	not_admitted	not_admitted	not_admitted	not_admitted	not_admitted
NZ_OQ821073.1	MPF_T	IncN	75	0	0	GA	1	23;22105;22839;-;32.5		20;21145;21462;-;63.3	19;18545;21145;-;113.8	19;18545;21145;-;76.4	18;17814;18527;-;105.5	16;16523;17563;-;142.4		15;15606;16304;-;131.9	14;14711;15595;-;159.7	13;13551;14711;-;156.3	12;12514;13509;-;81.2	62;48875;50404;+;38.5		pfam	both	A	7/7	canonical	1	0	unscoreable	3	0	0														not_admitted	not_admitted	not_admitted	not_admitted	not_admitted	not_admitted	not_admitted
NZ_OQ821074.1	MPF_T	IncN	84	0	0	GA	1	23;22105;22839;-;32.5		20;21145;21462;-;63.3	19;18545;21145;-;113.8	19;18545;21145;-;76.4	18;17814;18527;-;105.5	16;16523;17563;-;142.4		15;15606;16304;-;131.9	14;14711;15595;-;159.7	13;13551;14711;-;156.3	12;12514;13509;-;81.2	62;48875;50404;+;38.5		pfam	both	A	7/7	canonical	1	0	unscoreable	3	0	0														not_admitted	not_admitted	not_admitted	not_admitted	not_admitted	not_admitted	not_admitted
NZ_OQ821076.1	MPF_T	IncX5	58	0	0	GA	1	23;16549;17193;+;36.9	24;17177;17467;+;69.0	25;17489;20248;+;42.6	25;17489;20248;+;132.2	25;17489;20248;+;70.5	26;20256;21005;+;54.3	28;21284;22339;+;135.2		29;22579;23307;+;120.9	30;23312;24241;+;134.2	31;24238;25449;+;136.9	32;25461;26504;+;64.1	33;26507;28342;+;504.8		pfam	pfam_only	A	7/7	canonical	1	1	unscoreable	1	0	0														not_admitted	not_admitted	not_admitted	not_admitted	not_admitted	not_admitted	not_admitted
NZ_OQ821078.1	MPF_F	repE(pEh60-7)	114	0	0	GA	0															not_admitted	not_admitted	not_admitted	not_admitted	not_admitted	not_admitted	not_admitted	not_admitted	not_admitted	not_admitted	1	20;20968;21966;-;360.1	11;14394;15758;-;364.5	17;17723;18505;-;212.5	30;26188;28797;-;223.4	10;11446;14394;-;310.8	38;31352;32761;-;92.2	30;26188;28797;-;104.3	40;33510;34091;-;94.6	19;20334;20957;-;63.4	18;18502;20337;-;218.8		32;29045;29599;-;44.7		A	9/9	contiguous	22064	1	1	10724..11437-;237;unnamed;0
NZ_OQ821079.1	MPF_T	IncX5	58	0	0	GA	1	23;16549;17193;+;36.9	24;17177;17467;+;69.0	25;17489;20248;+;42.6	25;17489;20248;+;132.2	25;17489;20248;+;70.5	26;20256;21005;+;54.3	28;21284;22339;+;135.2		29;22579;23307;+;120.9	30;23312;24241;+;134.2	31;24238;25449;+;136.9	32;25461;26504;+;64.1	33;26507;28342;+;504.8		pfam	pfam_only	A	7/7	canonical	1	1	unscoreable	1	0	0														not_admitted	not_admitted	not_admitted	not_admitted	not_admitted	not_admitted	not_admitted
NZ_OQ821080.1	MPF_F	repE(pEh60-7)	114	0	0	GA	0															not_admitted	not_admitted	not_admitted	not_admitted	not_admitted	not_admitted	not_admitted	not_admitted	not_admitted	not_admitted	1	20;20968;21966;-;360.1	11;14394;15758;-;364.5	17;17723;18505;-;212.5	30;26188;28797;-;223.4	10;11446;14394;-;310.8	38;31352;32761;-;92.2	30;26188;28797;-;104.3	40;33510;34091;-;94.6	19;20334;20957;-;63.4	18;18502;20337;-;218.8		32;29045;29599;-;44.7		A	9/9	contiguous	22064	1	1	10724..11437-;237;unnamed;0
NZ_OQ821081.1	MPF_T	IncN	77	0	0	GA	1	23;22105;22839;-;32.5		20;21145;21462;-;63.3	19;18545;21145;-;113.8	19;18545;21145;-;76.4	18;17814;18527;-;105.5	16;16523;17563;-;142.4		15;15606;16304;-;131.9	14;14711;15595;-;159.7	13;13551;14711;-;156.3	12;12514;13509;-;81.2	62;48133;49662;+;38.5		pfam	both	A	7/7	canonical	1	0	unscoreable	3	0	0														not_admitted	not_admitted	not_admitted	not_admitted	not_admitted	not_admitted	not_admitted
NZ_OQ821083.1	MPF_F	repE(pEh60-7)	114	0	0	GA	0															not_admitted	not_admitted	not_admitted	not_admitted	not_admitted	not_admitted	not_admitted	not_admitted	not_admitted	not_admitted	1	20;20968;21966;-;360.1	11;14394;15758;-;364.5	17;17723;18505;-;212.5	30;26188;28797;-;223.4	10;11446;14394;-;310.8	38;31352;32761;-;92.2	30;26188;28797;-;104.3	40;33510;34091;-;94.6	19;20334;20957;-;63.4	18;18502;20337;-;218.8		32;29045;29599;-;44.7		A	9/9	contiguous	22064	1	1	10724..11437-;237;unnamed;0
NZ_OQ821084.1	MPF_T	IncN	84	0	0	GA	1	23;22105;22839;-;32.5		20;21145;21462;-;63.3	19;18545;21145;-;113.8	19;18545;21145;-;76.4	18;17814;18527;-;105.5	16;16523;17563;-;142.4		15;15606;16304;-;131.9	14;14711;15595;-;159.7	13;13551;14711;-;156.3	12;12514;13509;-;81.2	62;48875;50404;+;38.5		pfam	both	A	7/7	canonical	1	0	unscoreable	3	0	0														not_admitted	not_admitted	not_admitted	not_admitted	not_admitted	not_admitted	not_admitted
NZ_OQ821090.1	MPF_T	IncX5	58	0	0	GA	1	23;16549;17193;+;36.9	24;17177;17467;+;69.0	25;17489;20248;+;42.6	25;17489;20248;+;132.2	25;17489;20248;+;70.5	26;20256;21005;+;54.3	28;21284;22339;+;135.2		29;22579;23307;+;120.9	30;23312;24241;+;134.2	31;24238;25449;+;136.9	32;25461;26504;+;64.1	33;26507;28342;+;504.8		pfam	pfam_only	A	7/7	canonical	1	1	unscoreable	1	0	0														not_admitted	not_admitted	not_admitted	not_admitted	not_admitted	not_admitted	not_admitted
NZ_OQ821091.1	MPF_F	IncFII(K);repB(R1701)	126	0	0	GA	0															not_admitted	not_admitted	not_admitted	not_admitted	not_admitted	not_admitted	not_admitted	not_admitted	not_admitted	not_admitted	1	97;79582;80571;+;366.0	108;87128;88498;+;380.7	103;84108;84860;+;230.7	93;75500;78139;+;258.5	109;88498;91341;+;346.5	85;70819;72243;+;89.2	93;75500;78139;+;88.7	83;69526;70092;+;169.3	98;80584;81222;+;66.9	99;81281;83236;+;259.7	114;94991;97273;+;394.1	86;72357;72941;+;55.4	114;94991;97273;+;65.8	A	9/9	contiguous	25465	1	1	91352..91876+;174;unnamed;0
NZ_OQ821092.1	MPF_T	IncN	72	0	0	GA	1	23;22105;22839;-;32.5		20;21145;21462;-;63.3	19;18545;21145;-;113.8	19;18545;21145;-;76.4	18;17814;18527;-;105.5	16;16523;17563;-;142.4		15;15606;16304;-;131.9	14;14711;15595;-;159.7	13;13551;14711;-;156.3	12;12514;13509;-;81.2	62;48689;50218;+;38.5		pfam	both	A	7/7	canonical	1	0	unscoreable	3	0	0														not_admitted	not_admitted	not_admitted	not_admitted	not_admitted	not_admitted	not_admitted
NZ_OQ821093.1	MPF_T	IncN	76	0	0	GA	1	23;22105;22839;-;32.5		20;21145;21462;-;63.3	19;18545;21145;-;113.8	19;18545;21145;-;76.4	18;17814;18527;-;105.5	16;16523;17563;-;142.4		15;15606;16304;-;131.9	14;14711;15595;-;159.7	13;13551;14711;-;156.3	12;12514;13509;-;81.2	62;48505;50034;+;38.5		pfam	both	A	7/7	canonical	1	0	unscoreable	3	0	0														not_admitted	not_admitted	not_admitted	not_admitted	not_admitted	not_admitted	not_admitted
NZ_OQ821094.1	MPF_T	IncX5	58	0	0	GA	1	23;16549;17193;+;36.9	24;17177;17467;+;69.0	25;17489;20248;+;42.6	25;17489;20248;+;132.2	25;17489;20248;+;70.5	26;20256;21005;+;54.3	28;21284;22339;+;135.2		29;22579;23307;+;120.9	30;23312;24241;+;134.2	31;24238;25449;+;136.9	32;25461;26504;+;64.1	33;26507;28342;+;504.8		pfam	pfam_only	A	7/7	canonical	1	1	unscoreable	1	0	0														not_admitted	not_admitted	not_admitted	not_admitted	not_admitted	not_admitted	not_admitted
NZ_OQ821095.1	MPF_F	IncFIB(K);IncFII(K)	193	0	0	GA	0															not_admitted	not_admitted	not_admitted	not_admitted	not_admitted	not_admitted	not_admitted	not_admitted	not_admitted	not_admitted	1	142;142119;143111;-;366.6	132;135298;136668;-;381.2	136;137870;138622;-;232.4	145;144137;146776;-;258.7	131;132449;135298;-;344.2	154;150591;152015;-;89.2	145;144137;146776;-;88.8	156;152742;153308;-;167.0	141;141468;142106;-;67.0	140;139465;141471;-;259.0	127;128323;130635;-;393.1	152;149410;149979;-;49.7	127;128323;130635;-;66.6	A	9/9	contiguous	24419	1	1	131916..132446-;176;unnamed;0
NZ_OQ821096.1	MPF_F	repE(pEh60-7)	141	0	0	GA	0															not_admitted	not_admitted	not_admitted	not_admitted	not_admitted	not_admitted	not_admitted	not_admitted	not_admitted	not_admitted	1	46;47764;48762;-;360.1	37;41190;42554;-;364.5	43;44519;45301;-;212.5	56;52984;55593;-;223.4	36;38242;41190;-;310.8	64;58148;59557;-;92.2	56;52984;55593;-;104.3	66;60306;60887;-;94.6	45;47130;47753;-;63.4	44;45298;47133;-;218.8		58;55841;56395;-;44.7		A	9/9	contiguous	22064	1	1	37520..38233-;237;unnamed;0
NZ_OQ821097.1	MPF_F	IncFIB(K);IncFII(K)	187	0	0	GA	0															not_admitted	not_admitted	not_admitted	not_admitted	not_admitted	not_admitted	not_admitted	not_admitted	not_admitted	not_admitted	1	136;135818;136810;-;366.6	126;128997;130367;-;381.2	130;131569;132321;-;232.4	139;137836;140475;-;258.7	125;126148;128997;-;344.2	148;144290;145714;-;89.2	139;137836;140475;-;88.8	150;146441;147007;-;167.0	135;135167;135805;-;67.0	134;133164;135170;-;259.0	121;122022;124334;-;393.1	146;143109;143678;-;49.7	121;122022;124334;-;66.6	A	9/9	contiguous	24419	1	1	125615..126145-;176;unnamed;0
NZ_OQ821098.1	MPF_T	IncN	72	0	0	GA	1	17;15050;15784;-;32.5		14;14090;14407;-;63.3	13;11490;14090;-;113.8	13;11490;14090;-;76.4	12;10759;11472;-;105.5	10;9468;10508;-;142.4		9;8551;9249;-;131.9	8;7656;8540;-;159.7	7;6496;7656;-;156.3	6;5459;6454;-;81.2	60;43780;45309;+;38.5		pfam	both	A	7/7	canonical	1	0	unscoreable	3	0	0														not_admitted	not_admitted	not_admitted	not_admitted	not_admitted	not_admitted	not_admitted
NZ_OQ821100.1	MPF_F	IncFIB(pQil);IncFII(K)	132	0	0	GA	0															not_admitted	not_admitted	not_admitted	not_admitted	not_admitted	not_admitted	not_admitted	not_admitted	not_admitted	not_admitted	1	78;75369;76358;-;366.0	68;68455;69822;-;380.7	72;71080;71832;-;233.7	82;77801;80440;-;258.5	67;65606;68455;-;345.6	90;83697;85121;-;88.8	82;77801;80440;-;88.7	92;85848;86414;-;169.3	77;74718;75356;-;67.0	76;72704;74659;-;259.7	63;60808;63120;-;392.7	89;82999;83583;-;55.4	63;60808;63120;-;66.5	A	9/9	contiguous	25040	1	1	65045..65593-;182;unnamed;0
NZ_OQ821101.1	MPF_F	IncFIB(pQil);IncFII(K)	132	0	0	GA	0															not_admitted	not_admitted	not_admitted	not_admitted	not_admitted	not_admitted	not_admitted	not_admitted	not_admitted	not_admitted	1	78;75369;76358;-;366.0	68;68455;69822;-;380.7	72;71080;71832;-;233.7	82;77801;80440;-;258.5	67;65606;68455;-;345.6	90;83697;85121;-;88.8	82;77801;80440;-;88.7	92;85848;86414;-;169.3	77;74718;75356;-;67.0	76;72704;74659;-;259.7	63;60808;63120;-;392.7	89;82999;83583;-;55.4	63;60808;63120;-;66.5	A	9/9	contiguous	25040	1	1	65045..65593-;182;unnamed;0
NZ_OQ821102.1	MPF_F	IncFIB(pQil);IncFII(K)	132	0	0	GA	0															not_admitted	not_admitted	not_admitted	not_admitted	not_admitted	not_admitted	not_admitted	not_admitted	not_admitted	not_admitted	1	78;75369;76358;-;366.0	68;68455;69822;-;380.7	72;71080;71832;-;233.7	82;77801;80440;-;258.5	67;65606;68455;-;345.6	90;83697;85121;-;88.8	82;77801;80440;-;88.7	92;85848;86414;-;169.3	77;74718;75356;-;67.0	76;72704;74659;-;259.7	63;60808;63120;-;392.7	89;82999;83583;-;55.4	63;60808;63120;-;66.5	A	9/9	contiguous	25040	1	1	65045..65593-;182;unnamed;0
NZ_OQ821103.1	MPF_F	IncFII(K);repB(R1701)	120	0	0	GA	0															not_admitted	not_admitted	not_admitted	not_admitted	not_admitted	not_admitted	not_admitted	not_admitted	not_admitted	not_admitted	1	73;75203;76192;-;366.0	63;68289;69656;-;380.7	67;70914;71666;-;233.7	77;77635;80274;-;258.5	62;65440;68289;-;345.6	85;83531;84955;-;88.8	77;77635;80274;-;88.7	87;85682;86248;-;169.3	72;74552;75190;-;67.0	71;72538;74493;-;259.7	58;60642;62954;-;392.7	84;82833;83417;-;55.4	58;60642;62954;-;66.5	A	9/9	contiguous	25040	1	1	64879..65427-;182;unnamed;0
NZ_OQ821104.1	MPF_F	IncFIB(pQil);IncFII(K)	132	0	0	GA	0															not_admitted	not_admitted	not_admitted	not_admitted	not_admitted	not_admitted	not_admitted	not_admitted	not_admitted	not_admitted	1	78;75369;76358;-;366.0	68;68455;69822;-;380.7	72;71080;71832;-;233.7	82;77801;80440;-;258.5	67;65606;68455;-;345.6	90;83697;85121;-;88.8	82;77801;80440;-;88.7	92;85848;86414;-;169.3	77;74718;75356;-;67.0	76;72704;74659;-;259.7	63;60808;63120;-;392.7	89;82999;83583;-;55.4	63;60808;63120;-;66.5	A	9/9	contiguous	25040	1	1	65045..65593-;182;unnamed;0
NZ_OQ821106.1	MPF_F	IncFIB(pQil);IncFII(K)	132	0	0	GA	0															not_admitted	not_admitted	not_admitted	not_admitted	not_admitted	not_admitted	not_admitted	not_admitted	not_admitted	not_admitted	1	78;75369;76358;-;366.0	68;68455;69822;-;380.7	72;71080;71832;-;233.7	82;77801;80440;-;258.5	67;65606;68455;-;345.6	90;83697;85121;-;88.8	82;77801;80440;-;88.7	92;85848;86414;-;169.3	77;74718;75356;-;67.0	76;72704;74659;-;259.7	63;60808;63120;-;392.7	89;82999;83583;-;55.4	63;60808;63120;-;66.5	A	9/9	contiguous	25040	1	1	65045..65593-;182;unnamed;0
NZ_OQ821107.1	MPF_F	IncFIB(K);IncFII(K)	195	0	0	GA	0															not_admitted	not_admitted	not_admitted	not_admitted	not_admitted	not_admitted	not_admitted	not_admitted	not_admitted	not_admitted	1	139;136582;137574;-;366.6	129;129761;131131;-;381.2	133;132333;133085;-;232.4	142;138600;141239;-;258.7	128;126912;129761;-;344.2	151;145054;146478;-;89.2	142;138600;141239;-;88.8	153;147205;147771;-;167.0	138;135931;136569;-;67.0	137;133928;135934;-;259.0	124;121755;124067;-;392.7	149;143873;144442;-;49.7	124;121755;124067;-;66.5	A	9/9	contiguous	25450	1	1	126351..126899-;182;unnamed;0
NZ_OQ821109.1	MPF_T	IncN	71	0	0	GA	1	18;17774;18508;-;32.5		15;16814;17131;-;63.3	14;14214;16814;-;113.8	14;14214;16814;-;76.4	13;13483;14196;-;105.5	11;12192;13232;-;142.4		10;11275;11973;-;131.9	9;10380;11264;-;159.7	8;9220;10380;-;156.3	7;8183;9178;-;81.2	57;43839;45368;+;38.5		pfam	both	A	7/7	canonical	1	0	unscoreable	3	0	0														not_admitted	not_admitted	not_admitted	not_admitted	not_admitted	not_admitted	not_admitted
NZ_OQ821110.1	MPF_T	IncN	84	0	0	GA	1	23;22105;22839;-;32.5		20;21145;21462;-;63.3	19;18545;21145;-;113.8	19;18545;21145;-;76.4	18;17814;18527;-;105.5	16;16523;17563;-;142.4		15;15606;16304;-;131.9	14;14711;15595;-;159.7	13;13551;14711;-;156.3	12;12514;13509;-;81.2	61;46896;48425;+;38.5		pfam	both	A	7/7	canonical	1	0	unscoreable	3	0	0														not_admitted	not_admitted	not_admitted	not_admitted	not_admitted	not_admitted	not_admitted
NZ_OQ821111.1	MPF_F	IncFIB(pQil);IncFII(K)	137	0	0	GA	0															not_admitted	not_admitted	not_admitted	not_admitted	not_admitted	not_admitted	not_admitted	not_admitted	not_admitted	not_admitted	1	78;75358;76347;-;366.0	68;68455;69822;-;380.7	72;71080;71832;-;230.7	82;77790;80429;-;258.7	67;65606;68455;-;345.6	91;84244;85668;-;89.2	82;77790;80429;-;88.8	93;86395;86961;-;167.0	77;74707;75345;-;67.0	76;72704;74710;-;259.0	63;60808;63120;-;392.7	89;83063;83632;-;49.7	63;60808;63120;-;66.5	A	9/9	contiguous	25587	1	1	65045..65593-;182;unnamed;0
NZ_OQ821115.1	MPF_F	IncFIB(pQil);IncFII(K)	136	0	0	GA	0															not_admitted	not_admitted	not_admitted	not_admitted	not_admitted	not_admitted	not_admitted	not_admitted	not_admitted	not_admitted	1	78;75369;76361;-;366.6	68;68455;69822;-;380.7	72;71080;71832;-;233.7	81;77387;80026;-;258.7	67;65606;68455;-;345.6	90;83841;85265;-;89.2	81;77387;80026;-;88.8	92;85992;86558;-;167.0	77;74718;75356;-;67.0	76;72704;74659;-;259.7	63;60808;63120;-;392.7	88;82660;83229;-;49.7	63;60808;63120;-;66.5	A	9/9	contiguous	25184	1	1	65045..65593-;182;unnamed;0
NZ_OQ821144.1	MPF_F	IncC	230	0	0	GA	0															not_admitted	not_admitted	not_admitted	not_admitted	not_admitted	not_admitted	not_admitted	not_admitted	not_admitted	not_admitted	1	107;77382;78389;+;332.9	219;184683;186116;+;339.2	218;183653;184681;+;221.7	102;72183;74630;+;354.5	220;186129;189743;+;375.3	97;63311;64627;+;135.0	102;72183;74630;+;128.3	95;61787;62413;+;92.7	105;75452;76717;+;67.9	108;78505;81303;+;145.3	86;56112;57977;+;47.3	98;64624;65202;+;100.2	86;56112;57977;+;52.0	A	9/9	split_2	130017	0	1	
NZ_OQ821155.1	MPF_F	IncC	230	0	0	GA	0															not_admitted	not_admitted	not_admitted	not_admitted	not_admitted	not_admitted	not_admitted	not_admitted	not_admitted	not_admitted	1	107;77382;78389;+;332.9	219;184683;186116;+;339.2	218;183653;184681;+;221.7	102;72183;74630;+;354.5	220;186129;189743;+;375.3	97;63311;64627;+;135.0	102;72183;74630;+;128.3	95;61787;62413;+;92.7	105;75452;76717;+;67.9	108;78505;81303;+;145.3	86;56112;57977;+;47.3	98;64624;65202;+;100.2	86;56112;57977;+;52.0	A	9/9	split_2	130017	0	1	
NZ_OQ821169.1	MPF_F	IncC	227	0	0	GA	0															not_admitted	not_admitted	not_admitted	not_admitted	not_admitted	not_admitted	not_admitted	not_admitted	not_admitted	not_admitted	1	111;82650;83657;+;332.9	216;183206;184639;+;339.2	215;182176;183204;+;221.7	106;77451;79898;+;354.5	217;184652;188266;+;375.3	101;68579;69895;+;135.0	106;77451;79898;+;128.3	99;67055;67681;+;92.7	109;80720;81985;+;67.9	112;83773;86571;+;145.3	90;61380;63245;+;47.3	102;69892;70470;+;100.2	90;61380;63245;+;52.0	A	9/9	split_2	123272	0	1	
NZ_OQ821170.1	MPF_T	IncN2	70	0	0	GA	1	62;59495;60277;-;33.3	60;58952;59248;-;36.0	59;58595;58912;-;71.9	58;56021;58594;-;118.0	58;56021;58594;-;74.2	57;55292;56005;-;107.4	55;53986;55023;-;121.9	54;53778;53909;-;40.1	53;53072;53767;-;132.6	52;52174;53061;-;147.8	51;51041;52174;-;166.3	50;49989;50990;-;90.1	20;12622;14154;+;51.3		pfam	both	A	7/7	canonical	1	0	ga	2	0	0														not_admitted	not_admitted	not_admitted	not_admitted	not_admitted	not_admitted	not_admitted
NZ_OQ821172.1	MPF_T	IncN2	97	0	0	GA	1	89;78526;79308;-;33.3	87;77983;78279;-;36.0	86;77626;77943;-;71.9	85;75052;77625;-;118.0	85;75052;77625;-;74.2	84;74323;75036;-;107.4	82;73017;74054;-;121.9	81;72809;72940;-;40.1	80;72103;72798;-;132.6	79;71205;72092;-;147.8	78;70072;71205;-;166.3	77;69020;70021;-;90.1	20;12623;14155;+;51.3		pfam	both	A	7/7	canonical	1	0	ga	2	0	0														not_admitted	not_admitted	not_admitted	not_admitted	not_admitted	not_admitted	not_admitted
NZ_OQ821173.1	MPF_F	IncHI2;IncHI2A	324	0	0	GA	0															not_admitted	not_admitted	not_admitted	not_admitted	not_admitted	not_admitted	not_admitted	not_admitted	not_admitted	not_admitted	1	29;32275;33333;+;276.9	197;187509;188924;-;194.1	198;188914;189960;-;173.7	11;8955;11636;+;168.0	196;183550;187500;-;101.6	7;5270;6625;+;80.7	11;8955;11636;+;72.2	4;2758;3546;+;74.8	27;30622;32133;+;62.7	30;33352;36540;+;58.3	204;197001;199085;+;56.7	10;7996;8946;+;46.4	204;197001;199085;+;38.8	A	9/9	split_3	194243	0	1	
NZ_OQ821175.1	MPF_T	IncN2	97	0	0	GA	1	89;78526;79308;-;33.3	87;77983;78279;-;36.0	86;77626;77943;-;71.9	85;75052;77625;-;118.0	85;75052;77625;-;74.2	84;74323;75036;-;107.4	82;73017;74054;-;121.9	81;72809;72940;-;40.1	80;72103;72798;-;132.6	79;71205;72092;-;147.8	78;70072;71205;-;166.3	77;69020;70021;-;90.1	20;12623;14155;+;51.3		pfam	both	A	7/7	canonical	1	0	ga	2	0	0														not_admitted	not_admitted	not_admitted	not_admitted	not_admitted	not_admitted	not_admitted
NZ_OQ821176.1	MPF_T	IncN2	97	0	0	GA	1	89;78526;79308;-;33.3	87;77983;78279;-;36.0	86;77626;77943;-;71.9	85;75052;77625;-;118.0	85;75052;77625;-;74.2	84;74323;75036;-;107.4	82;73017;74054;-;121.9	81;72809;72940;-;40.1	80;72103;72798;-;132.6	79;71205;72092;-;147.8	78;70072;71205;-;166.3	77;69020;70021;-;90.1	20;12623;14155;+;51.3		pfam	both	A	7/7	canonical	1	0	ga	2	0	0														not_admitted	not_admitted	not_admitted	not_admitted	not_admitted	not_admitted	not_admitted
NZ_OQ821177.1	MPF_T	IncN2	98	0	0	GA	1	89;78521;79303;-;33.3	87;77978;78274;-;36.0	86;77621;77938;-;71.9	85;75047;77620;-;118.0	85;75047;77620;-;74.2	84;74318;75031;-;107.4	82;73012;74049;-;121.9	81;72804;72935;-;40.1	80;72098;72793;-;132.6	79;71200;72087;-;147.8	78;70067;71200;-;166.3	77;69015;70016;-;90.1	20;12618;14150;+;51.3		pfam	both	A	7/7	canonical	1	0	ga	2	0	0														not_admitted	not_admitted	not_admitted	not_admitted	not_admitted	not_admitted	not_admitted
NZ_OQ821178.1	MPF_T	IncN2	97	0	0	GA	1	89;78526;79308;-;33.3	87;77983;78279;-;36.0	86;77626;77943;-;71.9	85;75052;77625;-;118.0	85;75052;77625;-;74.2	84;74323;75036;-;107.4	82;73017;74054;-;121.9	81;72809;72940;-;40.1	80;72103;72798;-;132.6	79;71205;72092;-;147.8	78;70072;71205;-;166.3	77;69020;70021;-;90.1	20;12623;14155;+;51.3		pfam	both	A	7/7	canonical	1	0	ga	2	0	0														not_admitted	not_admitted	not_admitted	not_admitted	not_admitted	not_admitted	not_admitted
NZ_OQ821179.1	MPF_T	IncN2	91	0	0	GA	1	83;72799;73581;-;33.3	81;72256;72552;-;36.0	80;71899;72216;-;71.9	79;69325;71898;-;118.0	79;69325;71898;-;74.2	78;68596;69309;-;107.4	76;67290;68327;-;121.9	75;67082;67213;-;40.1	74;66376;67071;-;132.6	73;65478;66365;-;147.8	72;64345;65478;-;166.3	71;63293;64294;-;90.1	20;12617;14149;+;51.3		pfam	both	A	7/7	canonical	1	0	ga	2	0	0														not_admitted	not_admitted	not_admitted	not_admitted	not_admitted	not_admitted	not_admitted
NZ_OQ821180.1	MPF_T	IncX5	60	0	0	GA	1	43;40751;41395;-;36.9	42;40477;40767;-;69.0	41;37696;40455;-;42.6	41;37696;40455;-;132.2	41;37696;40455;-;70.5	40;36939;37688;-;54.3	38;35605;36660;-;132.0		37;34637;35365;-;120.9	36;33703;34632;-;134.2	35;32495;33706;-;136.9	34;31440;32483;-;64.1	33;29602;31437;-;504.8		pfam	pfam_only	A	7/7	canonical	1	1	unscoreable	1	0	0														not_admitted	not_admitted	not_admitted	not_admitted	not_admitted	not_admitted	not_admitted
NZ_OQ821181.1	MPF_T	IncN	102	0	0	GA	1	23;22105;22839;-;32.5		20;21145;21462;-;63.3	19;18545;21145;-;113.8	19;18545;21145;-;76.4	18;17814;18527;-;105.5	16;16523;17563;-;142.4		15;15606;16304;-;131.9	14;14711;15595;-;159.7	13;13551;14711;-;156.3	12;12514;13509;-;81.2	71;57438;58958;+;37.8		pfam	both	A	7/7	canonical	1	0	unscoreable	3	0	0														not_admitted	not_admitted	not_admitted	not_admitted	not_admitted	not_admitted	not_admitted
NZ_OQ821183.1	MPF_T	IncN	102	0	0	GA	1	23;22105;22839;-;32.5		20;21145;21462;-;63.3	19;18545;21145;-;113.8	19;18545;21145;-;76.4	18;17814;18527;-;105.5	16;16523;17563;-;142.4		15;15606;16304;-;131.9	14;14711;15595;-;159.7	13;13551;14711;-;156.3	12;12514;13509;-;81.2	71;58219;59739;+;37.8		pfam	both	A	7/7	canonical	1	0	unscoreable	3	0	0														not_admitted	not_admitted	not_admitted	not_admitted	not_admitted	not_admitted	not_admitted
NZ_OQ821184.1	MPF_T	IncN	87	0	0	GA	1	23;22105;22839;-;32.5		20;21145;21462;-;63.3	19;18545;21145;-;113.8	19;18545;21145;-;76.4	18;17814;18527;-;105.5	16;16523;17563;-;142.4		15;15606;16304;-;131.9	14;14711;15595;-;159.7	13;13551;14711;-;156.3	12;12514;13509;-;81.2	62;47947;49476;+;38.5		pfam	both	A	7/7	canonical	1	0	unscoreable	3	0	0														not_admitted	not_admitted	not_admitted	not_admitted	not_admitted	not_admitted	not_admitted
NZ_OQ821185.1	MPF_T	IncN	76	0	0	GA	1	18;17759;18493;-;32.5		15;16799;17116;-;63.3	14;14199;16799;-;113.8	14;14199;16799;-;76.4	13;13468;14181;-;105.5	11;12177;13217;-;142.4		10;11260;11958;-;131.9	9;10365;11249;-;159.7	8;9205;10365;-;156.3	7;8168;9163;-;81.2	68;52980;54509;+;38.5		pfam	both	A	7/7	canonical	1	0	unscoreable	3	0	0														not_admitted	not_admitted	not_admitted	not_admitted	not_admitted	not_admitted	not_admitted
NZ_OQ821186.1	MPF_T	IncP1	63	0	0	GA	1	20;19643;20278;+;23.5	9;9326;9790;+;63.5	10;9794;10105;+;49.8	11;10102;12660;+;91.0	11;10102;12660;+;112.1	16;16294;17058;+;122.3	18;17306;19024;+;143.0		12;12657;13439;+;145.8	13;13457;14356;+;186.5	15;14852;16273;+;223.3	8;8347;9309;+;127.6	40;45232;47145;-;525.1		conjscan	conjscan_only	A	7/7	canonical	1	0	unscoreable	4	0	0														not_admitted	not_admitted	not_admitted	not_admitted	not_admitted	not_admitted	not_admitted
NZ_OQ821187.1	MPF_T	IncP1	65	0	0	GA	1	21;20970;21605;+;23.5	10;10653;11117;+;63.5	11;11121;11432;+;49.8	12;11429;13987;+;91.0	12;11429;13987;+;112.1	17;17621;18385;+;122.3	19;18633;20351;+;143.0		13;13984;14766;+;145.8	14;14784;15683;+;186.5	16;16179;17600;+;223.3	9;9674;10636;+;127.6	41;46559;48472;-;525.1		conjscan	conjscan_only	A	7/7	canonical	1	0	unscoreable	4	0	0														not_admitted	not_admitted	not_admitted	not_admitted	not_admitted	not_admitted	not_admitted
NZ_OQ821188.1	MPF_T	IncX10	87	0	0	GA	1	31;19758;20402;+;45.7	32;20386;20676;+;73.1	33;20701;23454;+;47.0	33;20701;23454;+;146.6	33;20701;23454;+;65.8	34;23465;24235;+;62.0	36;24514;25569;+;131.2		37;25800;26528;+;119.7	38;26534;27463;+;140.2	39;27460;28671;+;128.3	41;28867;29901;+;65.4	42;29904;31739;+;495.5		pfam	pfam_only	A	7/7	canonical	1	1	unscoreable	2	0	0														not_admitted	not_admitted	not_admitted	not_admitted	not_admitted	not_admitted	not_admitted
NZ_OQ821189.1	MPF_T	IncN	88	0	0	GA	1	65;55463;56197;+;32.5		68;56840;57157;+;63.3	69;57157;59757;+;113.8	69;57157;59757;+;76.4	70;59775;60488;+;105.5	72;60739;61779;+;142.4		73;61998;62696;+;131.9	74;62707;63591;+;159.7	75;63591;64751;+;156.3	76;64793;65719;+;79.8	26;27859;29388;-;38.5		pfam	both	A	7/7	canonical	1	0	unscoreable	3	0	0														not_admitted	not_admitted	not_admitted	not_admitted	not_admitted	not_admitted	not_admitted
NZ_OQ821190.1	MPF_T	IncN	84	0	0	GA	1	23;22105;22839;-;32.5		20;21145;21462;-;63.3	19;18545;21145;-;113.8	19;18545;21145;-;76.4	18;17814;18527;-;105.5	16;16523;17563;-;142.4		15;15606;16304;-;131.9	14;14711;15595;-;159.7	13;13551;14711;-;156.3	12;12514;13509;-;81.2	62;47547;49076;+;38.5		pfam	both	A	7/7	canonical	1	0	unscoreable	3	0	0														not_admitted	not_admitted	not_admitted	not_admitted	not_admitted	not_admitted	not_admitted
NZ_OQ821191.1	MPF_T	IncN	78	0	0	GA	1	22;20206;20940;-;32.5		19;19246;19563;-;63.3	18;16646;19246;-;113.8	18;16646;19246;-;76.4	17;15915;16628;-;105.5	15;14624;15664;-;142.4		14;13707;14405;-;131.9	9;10365;11087;-;142.9	8;9205;10365;-;156.3	7;8168;9163;-;81.2	70;56323;57852;+;38.5		pfam	both	A	7/7	canonical	1	0	unscoreable	7	0	0														not_admitted	not_admitted	not_admitted	not_admitted	not_admitted	not_admitted	not_admitted
NZ_OQ821195.1	MPF_T	IncX5	58	0	0	GA	1	23;16549;17193;+;36.9	24;17177;17467;+;69.0	25;17489;20248;+;42.6	25;17489;20248;+;132.2	25;17489;20248;+;70.5	26;20256;21005;+;54.3	28;21284;22339;+;135.2		29;22579;23307;+;120.9	30;23312;24241;+;134.2	31;24238;25449;+;136.9	32;25461;26504;+;64.1	33;26507;28342;+;504.8		pfam	pfam_only	A	7/7	canonical	1	1	unscoreable	1	0	0														not_admitted	not_admitted	not_admitted	not_admitted	not_admitted	not_admitted	not_admitted
NZ_OQ821196.1	MPF_T	IncN	78	0	0	GA	1	22;20206;20940;-;32.5		19;19246;19563;-;63.3	18;16646;19246;-;113.8	18;16646;19246;-;76.4	17;15915;16628;-;105.5	15;14624;15664;-;142.4		14;13707;14405;-;131.9	9;10365;11087;-;142.9	8;9205;10365;-;156.3	7;8168;9163;-;81.2	70;55575;57104;+;38.5		pfam	both	A	7/7	canonical	1	0	unscoreable	7	0	0														not_admitted	not_admitted	not_admitted	not_admitted	not_admitted	not_admitted	not_admitted
NZ_OQ821200.1	MPF_T	IncN3	66	0	0	GA	1	58;49350;50132;-;33.0	56;48807;49103;-;36.0	55;48450;48767;-;71.9	54;45876;48449;-;117.9	54;45876;48449;-;74.2	53;45159;45860;-;99.8	51;43853;44890;-;122.7	50;43645;43776;-;40.1	49;42939;43634;-;132.6	48;42041;42928;-;151.1	47;40908;42041;-;166.3	46;39856;40857;-;90.0	40;32636;34168;+;48.1		pfam	both	A	7/7	canonical	1	0	ga	7	0	0														not_admitted	not_admitted	not_admitted	not_admitted	not_admitted	not_admitted	not_admitted
NZ_OQ821201.1	MPF_T	IncN3	66	0	0	GA	1	58;49350;50132;-;33.0	56;48807;49103;-;36.0	55;48450;48767;-;71.9	54;45876;48449;-;117.9	54;45876;48449;-;74.2	53;45159;45860;-;99.8	51;43853;44890;-;122.7	50;43645;43776;-;40.1	49;42939;43634;-;132.6	48;42041;42928;-;151.1	47;40908;42041;-;166.3	46;39856;40857;-;90.0	40;32636;34168;+;48.1		pfam	both	A	7/7	canonical	1	0	ga	7	0	0														not_admitted	not_admitted	not_admitted	not_admitted	not_admitted	not_admitted	not_admitted
NZ_OQ821202.1	MPF_T	IncN3	68	0	0	GA	1	60;53017;53799;-;33.0	58;52474;52770;-;36.0	57;52117;52434;-;71.9	56;49543;52116;-;117.9	56;49543;52116;-;74.2	55;48826;49527;-;99.8	53;47520;48557;-;122.7	52;47312;47443;-;40.1	51;46606;47301;-;132.6	50;45708;46595;-;151.1	49;44575;45708;-;166.3	48;43523;44524;-;90.0	42;36303;37835;+;48.1		pfam	both	A	7/7	canonical	1	0	ga	7	0	0														not_admitted	not_admitted	not_admitted	not_admitted	not_admitted	not_admitted	not_admitted
NZ_OQ821203.1	MPF_F	IncFII(pHN7A8);IncR	212	0	0	GA	0															not_admitted	not_admitted	not_admitted	not_admitted	not_admitted	not_admitted	not_admitted	not_admitted	not_admitted	not_admitted	1	66;51498;52490;+;369.5	79;59323;60696;+;376.8	74;57014;57757;+;234.4	63;47862;50489;+;301.8	80;60693;63509;+;376.7	58;44380;45807;+;94.1	63;47862;50489;+;101.8	56;43099;43665;+;183.8	69;53436;54074;+;70.4	72;54887;56737;+;265.0	84;65810;68053;+;391.7	62;46831;47346;+;77.6	84;65810;68053;+;70.3	A	9/9	contiguous	22711	1	1	63542..64063+;173;unnamed;0
NZ_OQ821204.1	MPF_T	IncN3	66	0	0	GA	1	58;49346;50128;-;33.0	56;48803;49099;-;36.0	55;48446;48763;-;71.9	54;45872;48445;-;117.9	54;45872;48445;-;74.2	53;45155;45856;-;99.8	51;43849;44886;-;122.7	50;43641;43772;-;40.1	49;42935;43630;-;132.6	48;42037;42924;-;151.1	47;40904;42037;-;166.3	46;39852;40853;-;90.0	40;32632;34164;+;48.1		pfam	both	A	7/7	canonical	1	0	ga	7	0	0														not_admitted	not_admitted	not_admitted	not_admitted	not_admitted	not_admitted	not_admitted
NZ_OQ821205.1	MPF_T	IncN3	73	0	0	GA	1	65;57348;58130;-;33.0	63;56805;57101;-;36.0	62;56448;56765;-;71.9	61;53874;56447;-;117.9	61;53874;56447;-;74.2	60;53157;53858;-;99.8	58;51851;52888;-;122.5	57;51643;51774;-;40.1	56;50937;51632;-;132.6	55;50039;50926;-;151.1	54;48906;50039;-;166.3	53;47854;48855;-;90.0	47;40634;42166;+;48.1		pfam	both	A	7/7	canonical	1	0	ga	7	0	0														not_admitted	not_admitted	not_admitted	not_admitted	not_admitted	not_admitted	not_admitted
NZ_OQ821206.1	MPF_T	IncN3	67	0	0	GA	1	59;50411;51193;-;33.0	57;49868;50164;-;36.0	56;49511;49828;-;71.9	55;46937;49510;-;117.9	55;46937;49510;-;74.2	54;46220;46921;-;99.8	52;44914;45951;-;122.7	51;44706;44837;-;40.1	50;44000;44695;-;132.6	49;43102;43989;-;151.1	48;41969;43102;-;166.3	47;40917;41918;-;90.0	41;33697;35229;+;48.1		pfam	both	A	7/7	canonical	1	0	ga	7	0	0														not_admitted	not_admitted	not_admitted	not_admitted	not_admitted	not_admitted	not_admitted
NZ_OQ821208.1	MPF_T	IncN	77	0	0	GA	1	58;47326;48060;+;32.5		61;48703;49020;+;63.3	62;49020;51620;+;113.8	62;49020;51620;+;76.4	63;51638;52351;+;105.5	65;52602;53642;+;142.4		66;53861;54559;+;131.9	67;54570;55454;+;159.7	68;55454;56614;+;156.3	69;56656;57651;+;81.2	8;10837;12366;-;38.5		pfam	both	A	7/7	canonical	1	0	unscoreable	3	0	0														not_admitted	not_admitted	not_admitted	not_admitted	not_admitted	not_admitted	not_admitted
NZ_OQ821209.1	MPF_T	IncN	78	0	0	GA	1	49;41079;41813;-;32.5		46;40119;40436;-;63.3	45;37519;40119;-;113.8	45;37519;40119;-;76.4	44;36788;37501;-;105.5	42;35497;36537;-;142.4		41;34580;35278;-;131.9	40;33685;34569;-;159.7	39;32525;33685;-;156.3	38;31488;32483;-;81.2	8;10837;12366;-;38.5		pfam	both	A	7/7	canonical	1	0	unscoreable	3	0	0														not_admitted	not_admitted	not_admitted	not_admitted	not_admitted	not_admitted	not_admitted
NZ_OQ821210.1	MPF_T	IncN	92	0	0	GA	1	58;47139;47873;+;32.5		61;48516;48833;+;63.3	62;48833;51433;+;113.8	62;48833;51433;+;76.4	63;51451;52164;+;105.5	65;52415;53455;+;142.4		66;53674;54372;+;131.9	67;54383;55267;+;159.7	68;55267;56427;+;156.3	69;56469;57464;+;81.2	8;10837;12366;-;38.5		pfam	both	A	7/7	canonical	1	0	unscoreable	3	0	0														not_admitted	not_admitted	not_admitted	not_admitted	not_admitted	not_admitted	not_admitted
NZ_OR041626.1	MPF_F	IncC	177	0	0	GA	0															not_admitted	not_admitted	not_admitted	not_admitted	not_admitted	not_admitted	not_admitted	not_admitted	not_admitted	not_admitted	1	94;71286;72293;+;332.9	165;132967;134400;+;339.2	164;131937;132965;+;221.7	89;66087;68534;+;354.2	166;134413;138027;+;375.3	80;52776;54092;+;135.0	89;66087;68534;+;128.6	78;51252;51878;+;92.1	92;69356;70621;+;67.6	95;72409;75204;+;145.3	69;45577;47442;+;47.4	81;54089;54667;+;100.2	69;45577;47442;+;52.0	A	9/9	split_2	88836	0	1	
NZ_OR041627.1	MPF_F	IncC;IncFII(pHN7A8);IncR	344	0	0	GA	0															not_admitted	not_admitted	not_admitted	not_admitted	not_admitted	not_admitted	not_admitted	not_admitted	not_admitted	not_admitted	1	166;131968;132960;-;369.5	332;259174;260607;+;339.2	331;258144;259172;+;221.7	90;66087;68534;+;354.2	333;260620;264234;+;375.3	79;52776;54092;+;135.0	90;66087;68534;+;128.6	176;140793;141359;-;183.8	163;130492;131022;-;68.4	96;72409;75204;+;145.3	68;45577;47442;+;47.4	80;54089;54667;+;100.2	68;45577;47442;+;52.0	A	9/9	split_3	215043	0	1	
NZ_OR041628.1	MPF_F	IncC;IncFII(pHN7A8);IncR	343	0	0	GA	0															not_admitted	not_admitted	not_admitted	not_admitted	not_admitted	not_admitted	not_admitted	not_admitted	not_admitted	not_admitted	1	316;244795;245787;+;369.5	331;259171;260604;+;339.2	330;258141;259169;+;221.7	90;66087;68534;+;354.2	332;260617;264231;+;375.3	79;52776;54092;+;135.0	90;66087;68534;+;128.6	306;236396;236962;+;183.8	319;246733;247263;+;68.4	96;72409;75204;+;145.3	68;45577;47442;+;47.4	80;54089;54667;+;100.2	68;45577;47442;+;52.0	A	9/9	split_2	215040	0	1	
NZ_OR041629.1	MPF_F	IncC;IncFII(pHN7A8);IncR	342	0	0	GA	0															not_admitted	not_admitted	not_admitted	not_admitted	not_admitted	not_admitted	not_admitted	not_admitted	not_admitted	not_admitted	1	199;142342;143334;-;369.5	330;256041;257474;+;339.2	329;255011;256039;+;221.7	258;193122;195569;+;354.2	331;257487;261101;+;375.3	79;52776;54092;+;135.0	258;193122;195569;+;128.6	209;151167;151733;-;183.8	196;140866;141396;-;68.4	264;199444;202239;+;145.3	68;45577;47442;+;47.4	80;54089;54667;+;100.2	68;45577;47442;+;52.0	A	9/9	split_4	211910	0	1	
NZ_OR060874.1	MPF_F	IncFII(pHN7A8)	111	0	0	GA	0															not_admitted	not_admitted	not_admitted	not_admitted	not_admitted	not_admitted	not_admitted	not_admitted	not_admitted	not_admitted	1	25;24600;25592;-;369.5	12;16394;17767;-;376.8	17;19333;20076;-;234.4	28;26601;29228;-;301.8	11;13581;16397;-;376.7	33;31283;32710;-;94.1	28;26601;29228;-;101.8	35;33425;33991;-;183.8	22;23016;23654;-;70.4	19;20353;22203;-;265.0	7;9100;11280;-;391.8	29;29744;30259;-;78.0	7;9100;11280;-;70.3	A	9/9	contiguous	24325	1	1	13027..13548-;173;unnamed;0
NZ_OR060875.1	MPF_T	IncX1	58	0	0	GA	1	44;42116;42763;-;45.2	43;41842;42138;-;77.5	42;39070;41823;-;46.6	42;39070;41823;-;148.0	42;39070;41823;-;75.2	41;38310;39059;-;67.5	39;36938;37999;-;135.0		38;35980;36693;-;119.7	37;35046;35975;-;133.8	36;33844;35049;-;132.5	35;32811;33842;-;79.0	34;30973;32808;-;489.3		pfam	pfam_only	A	7/7	canonical	1	1	unscoreable	1	0	0														not_admitted	not_admitted	not_admitted	not_admitted	not_admitted	not_admitted	not_admitted
NZ_OR095741.1	MPF_F	IncFIB(K);IncFII(K);IncFII(pAR0022)	281	0	0	GA	0															not_admitted	not_admitted	not_admitted	not_admitted	not_admitted	not_admitted	not_admitted	not_admitted	not_admitted	not_admitted	1	183;164737;165726;+;363.3	194;171545;172912;+;384.1	190;169535;170287;+;233.7	179;160641;163280;+;259.0	195;172912;175734;+;346.4	169;155249;156673;+;89.5	179;160641;163280;+;88.7	167;153956;154522;+;167.0	185;166002;166649;+;65.9	186;166708;168663;+;259.4	199;178351;180663;+;393.1	171;157285;157869;+;53.8	199;178351;180663;+;66.6	A	9/9	contiguous	24395	1	1	175757..176359+;200;TraS;0
NZ_OR095743.1	MPF_F	IncN;IncX1	210	0	0	GA	0															not_admitted	not_admitted	not_admitted	not_admitted	not_admitted	not_admitted	not_admitted	not_admitted	not_admitted	not_admitted	1	68;49226;49990;+;277.9	112;83795;85168;-;381.7	117;87098;87841;-;234.4	65;45587;48217;+;297.8	111;80976;83798;-;374.0	57;41276;42568;+;92.3	205;153315;155231;+;99.9	53;39842;40408;+;174.3	120;89965;90603;-;68.5	119;88118;89968;-;266.1	107;77109;78704;-;359.3	60;43428;43943;+;78.4	107;77109;78704;-;63.7	A	9/9	split_3	113473	1	1	80475..80954-;159;TraS;0
NZ_OR095745.1	MPF_F	IncC	205	0	0	GA	0															not_admitted	not_admitted	not_admitted	not_admitted	not_admitted	not_admitted	not_admitted	not_admitted	not_admitted	not_admitted	1	103;89111;90118;-;332.9	15;13060;14493;-;339.2	16;14495;15523;-;221.7	108;92870;95317;-;354.2	14;9433;13047;-;375.3	117;107312;108628;-;135.0	108;92870;95317;-;128.6	119;109526;110152;-;92.1	105;90783;92048;-;67.6	102;86200;88995;-;145.3	128;113962;115827;-;47.4	116;106737;107315;-;100.2	128;113962;115827;-;52.0	A	9/9	split_2	104529	0	1	
NZ_OR095746.1	MPF_F	IncFII	122	0	0	GA	0															not_admitted	not_admitted	not_admitted	not_admitted	not_admitted	not_admitted	not_admitted	not_admitted	not_admitted	not_admitted	1	55;50045;51037;-;369.3	46;43610;44983;-;379.5	51;46573;47346;-;234.0	58;52046;54676;-;303.5	45;40788;43613;-;386.0	65;57954;59381;-;94.3	58;52046;54676;-;98.5	67;60096;60662;-;183.8	54;49398;50036;-;68.7	53;47593;49401;-;268.0	42;37086;39284;-;391.7	61;56311;56826;-;78.6	42;37086;39284;-;70.3	A	9/9	contiguous	23010	1	1	40282..40791-;169;unnamed;0
NZ_OR095747.1	MPF_T	IncX4	72	0	0	GA	1	28;16313;16933;+;46.3	29;16947;17273;+;64.4	30;17292;20039;+;63.8	30;17292;20039;+;151.8	30;17292;20039;+;46.1	31;20051;20767;+;94.1	32;20779;21873;+;150.1		34;22388;23074;+;169.0	35;23071;23979;+;142.3	36;23972;25090;+;163.9	37;25092;26120;+;85.0	38;26152;27969;+;317.3		pfam	pfam_only	A	7/7	canonical	1	1	unscoreable	1	0	0														not_admitted	not_admitted	not_admitted	not_admitted	not_admitted	not_admitted	not_admitted
NZ_OR095748.1	MPF_T	IncI2	101	0	0	GA	1	8;8691;9173;+;81.1		76;58950;59234;+;36.6	77;59240;61597;+;58.5	77;59240;61597;+;42.8	64;52155;52799;+;41.0	63;51154;52149;+;123.7		79;61763;62497;+;144.3	80;62494;63264;+;170.5	81;63254;64393;+;154.7	5;5385;6923;+;207.1	83;65483;67441;+;289.6		pfam	pfam_only	A	7/7	rearranged	1	0	unscoreable	23	0	0														not_admitted	not_admitted	not_admitted	not_admitted	not_admitted	not_admitted	not_admitted
NZ_OR095749.1	MPF_T	IncX3	92	0	0	GA	1	59;42120;42764;+;46.4	60;42748;43038;+;73.1	61;43063;45816;+;47.0	61;43063;45816;+;142.4	61;43063;45816;+;73.3	62;45826;46596;+;60.1	64;46875;47930;+;133.2		5;2398;3126;+;119.4	66;48859;49788;+;138.8	67;49785;50999;+;128.3	69;51195;52229;+;65.2	70;52232;54067;+;495.9		pfam	pfam_only	A	7/7	canonical	1	1	unscoreable	5	0	0														not_admitted	not_admitted	not_admitted	not_admitted	not_admitted	not_admitted	not_admitted
NZ_OR095750.1	MPF_F	IncFIC(FII);IncR	184	0	0	GA	0															not_admitted	not_admitted	not_admitted	not_admitted	not_admitted	not_admitted	not_admitted	not_admitted	not_admitted	not_admitted	1	74;58648;59640;+;369.3	82;64336;65709;+;380.7	78;62372;63115;+;232.7	71;55012;57639;+;303.5	83;65706;68528;+;380.3	67;51673;53100;+;94.3	71;55012;57639;+;100.3	65;50392;50958;+;183.8	75;59649;60287;+;68.3	76;60284;62092;+;268.3	86;70062;72242;+;391.8	70;53981;54496;+;78.0	86;70062;72242;+;70.4	A	9/9	contiguous	19670	1	1	68549..69046+;165;TraS;0
NZ_OR146256.1	MPF_T	IncP1	45	0	0	GA	1	15;13582;14217;+;23.4	4;3379;3843;+;63.5	5;3847;4158;+;49.8	6;4155;6713;+;92.8	6;4155;6713;+;111.8	11;10314;11078;+;127.0	13;11326;12963;+;143.1		7;6710;7492;+;146.1	8;7510;8409;+;186.5	10;8881;10293;+;223.3	3;2401;3363;+;127.3	25;25245;27158;-;519.8		conjscan	conjscan_only	A	7/7	canonical	1	0	unscoreable	4	0	0														not_admitted	not_admitted	not_admitted	not_admitted	not_admitted	not_admitted	not_admitted
NZ_OR233054.1	MPF_T	IncX3	58	0	0	GA	1	22;14297;14941;+;46.4	23;14925;15215;+;73.1	24;15240;17993;+;47.0	24;15240;17993;+;142.4	24;15240;17993;+;73.3	25;18003;18773;+;60.1	27;19052;20107;+;133.2		28;20302;21030;+;119.4	29;21036;21965;+;138.8	30;21962;23176;+;128.3	32;23372;24406;+;65.7	33;24409;26244;+;495.9		pfam	pfam_only	A	7/7	canonical	1	1	unscoreable	2	0	0														not_admitted	not_admitted	not_admitted	not_admitted	not_admitted	not_admitted	not_admitted
NZ_OR233056.1	MPF_T	IncX3	57	0	0	GA	1	22;14297;14941;+;46.4	23;14925;15215;+;73.1	24;15240;17993;+;47.0	24;15240;17993;+;142.4	24;15240;17993;+;73.3	25;18003;18773;+;60.1	27;19052;20107;+;133.2		28;20302;21030;+;119.4	29;21036;21965;+;138.8	30;21962;23176;+;128.3	32;23372;24406;+;65.7	33;24409;26244;+;495.9		pfam	pfam_only	A	7/7	canonical	1	1	unscoreable	2	0	0														not_admitted	not_admitted	not_admitted	not_admitted	not_admitted	not_admitted	not_admitted
NZ_OR233057.1	MPF_T	IncX3	57	0	0	GA	1	22;14297;14941;+;46.4	23;14925;15215;+;73.1	24;15240;17993;+;47.0	24;15240;17993;+;142.4	24;15240;17993;+;73.3	25;18003;18773;+;60.1	27;19052;20107;+;133.2		28;20302;21030;+;119.4	29;21036;21965;+;138.8	30;21962;23176;+;128.3	32;23372;24406;+;65.7	33;24409;26244;+;495.9		pfam	pfam_only	A	7/7	canonical	1	1	unscoreable	2	0	0														not_admitted	not_admitted	not_admitted	not_admitted	not_admitted	not_admitted	not_admitted
NZ_OR233058.1	MPF_T	IncX3	55	0	0	GA	1	17;16192;16836;-;46.4	16;15918;16208;-;73.1	15;13140;15893;-;47.0	15;13140;15893;-;142.4	15;13140;15893;-;73.3	14;12360;13130;-;60.1	12;11026;12081;-;133.2		11;10103;10831;-;119.4	10;9168;10097;-;138.8	9;7957;9171;-;128.3	7;6727;7761;-;65.7	6;4889;6724;-;495.9		pfam	pfam_only	A	7/7	canonical	1	1	unscoreable	2	0	0														not_admitted	not_admitted	not_admitted	not_admitted	not_admitted	not_admitted	not_admitted
NZ_OR233059.1	MPF_T	IncX3	57	0	0	GA	1	22;14297;14941;+;46.4	23;14925;15215;+;73.1	24;15240;17993;+;47.0	24;15240;17993;+;142.4	24;15240;17993;+;73.3	25;18003;18773;+;60.1	27;19052;20107;+;133.2		28;20302;21030;+;119.4	29;21036;21965;+;138.8	30;21962;23176;+;128.3	32;23372;24406;+;65.7	33;24409;26244;+;495.9		pfam	pfam_only	A	7/7	canonical	1	1	unscoreable	2	0	0														not_admitted	not_admitted	not_admitted	not_admitted	not_admitted	not_admitted	not_admitted
NZ_OR233060.1	MPF_T	IncX3	59	0	0	GA	1	18;17183;17827;-;46.4	17;16909;17199;-;73.1	16;14131;16884;-;47.0	16;14131;16884;-;142.4	16;14131;16884;-;73.3	15;13351;14121;-;60.1	13;12017;13072;-;133.2		12;11094;11822;-;119.4	11;10159;11088;-;138.8	10;8948;10162;-;128.3	8;7718;8752;-;65.7	7;5880;7715;-;495.9		pfam	pfam_only	A	7/7	canonical	1	1	unscoreable	2	0	0														not_admitted	not_admitted	not_admitted	not_admitted	not_admitted	not_admitted	not_admitted
NZ_OR233061.1	MPF_T	IncX3	59	0	0	GA	1	18;17183;17827;-;46.4	17;16909;17199;-;73.1	16;14131;16884;-;47.0	16;14131;16884;-;142.4	16;14131;16884;-;73.3	15;13351;14121;-;60.1	13;12017;13072;-;133.2		12;11094;11822;-;119.4	11;10159;11088;-;138.8	10;8948;10162;-;128.3	8;7718;8752;-;65.7	7;5880;7715;-;495.9		pfam	pfam_only	A	7/7	canonical	1	1	unscoreable	2	0	0														not_admitted	not_admitted	not_admitted	not_admitted	not_admitted	not_admitted	not_admitted
NZ_OR237794.1	MPF_T	IncX1;IncX3	60	0	0	GA	1	46;36833;37480;-;45.6	45;36559;36855;-;76.6	44;33787;36540;-;46.6	44;33787;36540;-;147.9	44;33787;36540;-;75.3	43;33018;33776;-;67.5	41;31647;32780;-;109.2		40;30689;31402;-;120.0	39;29755;30684;-;133.7	38;28553;29758;-;132.5	37;27520;28551;-;76.3	36;25682;27517;-;486.3		pfam	pfam_only	A	7/7	canonical	1	1	unscoreable	1	0	0														not_admitted	not_admitted	not_admitted	not_admitted	not_admitted	not_admitted	not_admitted
NZ_OR257469.1	MPF_F	IncFII	82	0	0	GA	0															not_admitted	not_admitted	not_admitted	not_admitted	not_admitted	not_admitted	not_admitted	not_admitted	not_admitted	not_admitted	1	36;27500;28492;+;369.5	46;34271;35644;+;381.7	41;31598;32341;+;234.4	33;23861;26491;+;304.1	47;35641;38463;+;374.0	26;19411;20862;+;94.2	33;23861;26491;+;97.1	24;18130;18696;+;174.3	38;28836;29474;+;68.6	39;29471;31321;+;266.1	51;40735;43023;+;391.0	29;21722;22237;+;78.4	51;40735;43023;+;70.3	A	9/9	contiguous	22605	1	1	38485..38964+;159;TraS;0
NZ_OR257470.1	MPF_F	IncC	234	0	0	GA	0															not_admitted	not_admitted	not_admitted	not_admitted	not_admitted	not_admitted	not_admitted	not_admitted	not_admitted	not_admitted	1	133;119123;120130;-;332.9	9;8597;10030;-;339.2	10;10032;11060;-;221.7	138;122882;125329;-;354.5	8;4970;8584;-;375.3	186;163851;165011;-;156.3	138;122882;125329;-;128.3	145;135099;135725;-;92.7	135;120795;122060;-;67.9	132;116209;119007;-;145.3	154;139535;141400;-;47.3	142;132310;132888;-;100.2	154;139535;141400;-;52.0	A	9/9	split_3	158881	0	1	
NZ_OR257472.1	MPF_F	IncC;IncFII	278	0	0	GA	0															not_admitted	not_admitted	not_admitted	not_admitted	not_admitted	not_admitted	not_admitted	not_admitted	not_admitted	not_admitted	1	111;94594;95586;+;369.5	121;101365;102738;+;381.7	116;98692;99435;+;234.4	272;230377;232824;+;354.5	171;154777;158391;+;375.3	226;190695;191855;+;156.3	272;230377;232824;+;128.3	99;85224;85790;+;174.3	113;95930;96568;+;68.6	114;96565;98415;+;266.1	126;107829;110117;+;391.0	268;222818;223396;+;100.2	126;107829;110117;+;70.3	A	9/9	split_4	145153	0	1	
NZ_OR257473.1	MPF_F	IncFII	108	0	0	GA	0															not_admitted	not_admitted	not_admitted	not_admitted	not_admitted	not_admitted	not_admitted	not_admitted	not_admitted	not_admitted	1	85;69926;70918;+;369.5	95;76697;78070;+;381.7	90;74024;74767;+;234.4	82;66287;68917;+;304.1	96;78067;80889;+;374.0	75;61837;63288;+;94.2	82;66287;68917;+;97.1	73;60556;61122;+;174.3	87;71262;71900;+;68.6	88;71897;73747;+;266.1	100;83161;85422;+;391.1	78;64148;64663;+;78.4	100;83161;85422;+;70.3	A	9/9	contiguous	22605	1	1	80911..81390+;159;TraS;0
NZ_OR257474.1	MPF_F	IncC;IncFII	316	0	0	GA	0															not_admitted	not_admitted	not_admitted	not_admitted	not_admitted	not_admitted	not_admitted	not_admitted	not_admitted	not_admitted	1	271;233824;234816;-;369.5	261;226672;228045;-;381.7	266;229975;230718;-;234.4	70;63976;66423;-;354.5	171;138409;142023;-;375.3	116;104945;106105;-;156.3	70;63976;66423;-;128.3	283;243620;244186;-;174.3	269;232842;233480;-;68.6	268;230995;232845;-;266.1	256;219302;221581;-;391.0	74;73404;73982;-;100.2	256;219302;221581;-;70.3	A	9/9	split_4	179644	0	1	
NZ_OR269664.1	MPF_F	-	140	0	0	GA	0															not_admitted	not_admitted	not_admitted	not_admitted	not_admitted	not_admitted	not_admitted	not_admitted	not_admitted	not_admitted	1	23;14795;15793;+;363.4	30;20413;21777;+;364.8	26;18245;19027;+;220.1	16;9176;11818;+;227.8	31;21777;25148;+;298.9	10;5953;7371;+;91.1	16;9176;11818;+;107.2	8;4624;5202;+;83.6	24;15802;16410;+;55.9	25;16407;18248;+;207.8	36;27739;30249;+;363.5	14;8410;8955;+;37.0	36;27739;30249;+;69.7	A	9/9	contiguous	23115	1	1	25153..25839+;228;unnamed;0
NZ_OR283034.1	MPF_T	IncP6	584	0	0	GA	1	119;112295;112999;+;26.8	65;58903;59289;-;85.3	64;58637;58906;-;32.5	63;56174;58624;-;37.9	63;56174;58624;-;125.2	62;55434;56177;-;226.6	60;53731;55098;-;177.3		59;53008;53712;-;235.9	58;52019;53011;-;223.0	57;50736;52016;-;208.0	462;381150;382907;+;294.1	68;60826;62823;-;333.6		conjscan	conjscan_only	A	7/7	canonical	1	0	unscoreable	3	0	0														not_admitted	not_admitted	not_admitted	not_admitted	not_admitted	not_admitted	not_admitted
NZ_OR345923.1	MPF_T	IncX4	48	0	0	GA	1	31;23352;23972;-;46.9	30;23012;23338;-;64.4	29;20246;22993;-;62.7	29;20246;22993;-;151.8	29;20246;22993;-;46.1	28;19518;20234;-;97.3	27;18428;19507;-;157.5		25;17227;17913;-;167.4	24;16322;17230;-;142.3	23;15211;16329;-;162.9	22;14181;15209;-;85.0	21;12332;14149;-;316.5		pfam	pfam_only	A	7/7	canonical	1	1	unscoreable	1	0	0														not_admitted	not_admitted	not_admitted	not_admitted	not_admitted	not_admitted	not_admitted
NZ_OR345928.1	MPF_F	IncFII	66	0	0	GA	0															not_admitted	not_admitted	not_admitted	not_admitted	not_admitted	not_admitted	not_admitted	not_admitted	not_admitted	not_admitted	1	19;13295;14287;+;369.5	30;19769;21142;+;382.9	24;17098;17841;+;234.4	16;9659;12286;+;300.9	31;21139;23958;+;385.4	10;6079;7506;+;93.9	16;9659;12286;+;101.1	8;4798;5364;+;182.7	21;14631;15245;+;70.6	22;15301;16821;+;267.7	34;25490;27688;+;380.8	14;8628;9143;+;76.0	34;25490;27688;+;66.5	A	9/9	contiguous	20692	1	1	23983..24474+;163;TraS;0
NZ_OR388868.1	MPF_F	IncFII	89	0	0	GA	0															not_admitted	not_admitted	not_admitted	not_admitted	not_admitted	not_admitted	not_admitted	not_admitted	not_admitted	not_admitted	1	24;18768;19760;+;369.5	34;25539;26912;+;381.7	29;22866;23609;+;234.4	21;15129;17759;+;304.1	35;26909;29731;+;374.0	14;10679;12130;+;94.2	21;15129;17759;+;97.1	12;9398;9964;+;174.3	26;20104;20742;+;68.6	27;20739;22589;+;266.1	39;32003;34273;+;391.1	17;12990;13505;+;78.4	39;32003;34273;+;70.3	A	9/9	contiguous	22605	1	1	29753..30232+;159;TraS;0
NZ_OR388869.1	MPF_F	IncFII	105	0	0	GA	0															not_admitted	not_admitted	not_admitted	not_admitted	not_admitted	not_admitted	not_admitted	not_admitted	not_admitted	not_admitted	1	89;84374;85366;+;369.8		97;89897;90640;+;235.0	86;80738;83365;+;303.6	0;1;2820;+;374.2	79;77152;78603;+;92.5	86;80738;83365;+;98.2	77;75871;76437;+;175.1	92;86360;86998;+;69.1	95;87809;89617;+;266.6	4;5090;7333;+;391.7	83;79707;80222;+;78.8	4;5090;7333;+;70.3	B	8/9	split_2	89896	1	1	2845..3336+;163;TraS;0
NZ_OR395175.1	MPF_T	IncX3	58	0	0	GA	1	53;42560;43204;-;46.4	52;42286;42576;-;73.1	51;39508;42261;-;47.0	51;39508;42261;-;142.4	51;39508;42261;-;73.3	50;38728;39498;-;60.1	48;37394;38449;-;133.2		47;36471;37199;-;119.4	46;35536;36465;-;138.8	45;34325;35539;-;128.3	43;33095;34129;-;65.7	42;31257;33092;-;495.9		pfam	pfam_only	A	7/7	canonical	1	1	unscoreable	2	0	0														not_admitted	not_admitted	not_admitted	not_admitted	not_admitted	not_admitted	not_admitted
NZ_OR395176.1	MPF_F	IncHI2;IncHI2A	255	0	0	GA	0															not_admitted	not_admitted	not_admitted	not_admitted	not_admitted	not_admitted	not_admitted	not_admitted	not_admitted	not_admitted	1	27;31208;32266;+;276.9	169;161598;163013;-;194.1	170;163003;164049;-;174.3	11;8955;11636;+;168.0	168;157636;161589;-;101.7	7;5270;6625;+;80.7	11;8955;11636;+;72.2	4;2758;3546;+;74.8	25;29555;31066;+;62.0	28;32285;35473;+;57.3	177;171091;173175;+;56.8	10;7996;8946;+;46.1	177;171091;173175;+;38.8	A	9/9	split_3	168333	1	1	156166..157455-;429;unnamed;0
NZ_OR497351.1	MPF_F	IncC	228	0	0	GA	0															not_admitted	not_admitted	not_admitted	not_admitted	not_admitted	not_admitted	not_admitted	not_admitted	not_admitted	not_admitted	1	114;89291;90298;+;332.9	216;183890;185323;+;339.2	215;182860;183888;+;221.7	109;84092;86539;+;354.5	217;185336;188950;+;375.3	104;75220;76536;+;135.0	109;84092;86539;+;128.3	102;73696;74322;+;92.7	112;87361;88626;+;67.9	115;90414;93212;+;145.3	93;68021;69886;+;47.3	105;76533;77111;+;100.2	93;68021;69886;+;52.0	A	9/9	split_2	117315	0	1	
NZ_OR497353.1	MPF_F	IncFIB(pB171);IncFII(Yp);IncFII(pAR0022)	122	0	0	GA	0															not_admitted	not_admitted	not_admitted	not_admitted	not_admitted	not_admitted	not_admitted	not_admitted	not_admitted	not_admitted	1	51;41942;42934;+;369.4	59;47647;49017;+;376.7	55;45681;46430;+;218.2	48;38324;40954;+;285.5	60;49017;51839;+;336.5	42;34902;36296;+;89.4	48;38324;40954;+;98.6	40;33619;34185;+;169.9	52;42951;43580;+;66.9	53;43577;45430;+;260.5	63;53176;55422;+;384.7	43;36318;36857;+;67.5	63;53176;55422;+;63.8	A	9/9	contiguous	19557	1	1	51861..52292+;143;TraS;0
NZ_OR497833.1	MPF_F	IncHI2;IncHI2A	292	0	0	GA	0															not_admitted	not_admitted	not_admitted	not_admitted	not_admitted	not_admitted	not_admitted	not_admitted	not_admitted	not_admitted	1	135;118142;119200;-;276.9	243;220825;222240;+;194.1	242;219789;220835;+;174.3	151;138772;141453;-;168.0	244;222249;226202;+;101.7	155;143783;145138;-;80.7	151;138772;141453;-;72.2	158;146862;147650;-;74.8	137;119342;120853;-;61.8	134;114935;118123;-;57.3	235;210663;212747;-;56.8	152;141462;142412;-;46.1	235;210663;212747;-;38.8	A	9/9	split_2	107314	1	1	226383..227672+;429;unnamed;0
NZ_OR506643.1	MPF_F	IncFII	85	0	0	GA	0															not_admitted	not_admitted	not_admitted	not_admitted	not_admitted	not_admitted	not_admitted	not_admitted	not_admitted	not_admitted	1	57;44045;45037;+;369.5	69;51091;52464;+;381.7	62;48143;48886;+;234.4	54;40406;43036;+;297.9	70;52461;55286;+;374.0	47;35937;37364;+;93.9	54;40406;43036;+;97.5	45;34656;35222;+;174.3	59;45381;46019;+;68.5	60;46016;47866;+;266.9	76;58864;61188;+;391.0	50;38248;38763;+;78.4	76;58864;61188;+;70.2	A	9/9	contiguous	24208	1	1	55283..55792+;169;unnamed;0
NZ_OR508935.1	MPF_T	-	57	0	0	GA	1	41;34981;35691;-;101.0	40;34677;34970;-;41.2		39;31954;34665;-;78.0	39;31954;34665;-;57.1	38;31316;31957;-;71.2	51;43526;44611;-;71.0		50;42738;43526;-;74.6	49;41986;42723;-;149.0	48;40605;41984;-;180.7	47;39552;40589;-;92.0	43;35955;37472;-;35.6		pfam	both	A	7/7	rearranged	1	0	unscoreable	3	0	0														not_admitted	not_admitted	not_admitted	not_admitted	not_admitted	not_admitted	not_admitted
NZ_OR509737.1	MPF_F	IncFIA(HI1);IncHI1A;IncHI1B(R27)	214	0	0	GA	0															not_admitted	not_admitted	not_admitted	not_admitted	not_admitted	not_admitted	not_admitted	not_admitted	not_admitted	not_admitted	1	15;14859;15911;+;277.6	118;108669;110084;-;201.7	119;110074;111120;-;171.3	212;183444;186125;+;160.6	117;104671;108660;-;103.1	208;179738;181096;+;84.0	212;183444;186125;+;76.5	205;177286;178071;+;68.7	13;13206;14714;+;65.6	16;15934;19110;+;58.9	125;118055;120139;+;50.2	211;182485;183435;+;45.2	125;118055;120139;+;36.5	A	9/9	split_3	170238	0	1	
NZ_OR515640.1	MPF_T	-	48	0	0	GA	1	32;28795;29505;-;101.0	31;28491;28784;-;41.2		30;25768;28479;-;78.0	30;25768;28479;-;57.1	29;25130;25771;-;71.2	42;37340;38425;-;71.0		41;36552;37340;-;74.6	40;35800;36537;-;149.0	39;34419;35798;-;180.8	38;33366;34403;-;92.0	34;29769;31286;-;35.6		pfam	both	A	7/7	rearranged	1	0	unscoreable	3	0	0														not_admitted	not_admitted	not_admitted	not_admitted	not_admitted	not_admitted	not_admitted
NZ_OR611935.1	MPF_F	IncFIA;IncFIB(AP001918);IncFII(pRSB107)	125	0	0	GA	0															not_admitted	not_admitted	not_admitted	not_admitted	not_admitted	not_admitted	not_admitted	not_admitted	not_admitted	not_admitted	1	78;67908;68900;+;369.5	91;76659;78032;+;386.6	83;72006;72749;+;231.4	75;64272;66899;+;303.9	92;78029;80848;+;386.3	69;60936;62387;+;94.1	75;64272;66899;+;96.5	67;59655;60221;+;184.3	80;69244;69882;+;68.7	81;69879;71729;+;266.7	96;83106;85268;+;391.8	72;63241;63756;+;75.2	96;83106;85268;+;70.3	A	9/9	contiguous	23451	1	1	80873..81364+;163;TraS;0
NZ_OR689867.1	MPF_F	IncFII	98	0	0	GA	0															not_admitted	not_admitted	not_admitted	not_admitted	not_admitted	not_admitted	not_admitted	not_admitted	not_admitted	not_admitted	1	73;58028;59020;+;369.3	86;66641;68014;+;379.8	79;62779;63522;+;235.0	70;54389;57019;+;303.8	87;68011;70833;+;389.2	60;48932;50359;+;94.1	70;54389;57019;+;99.2	58;47651;48217;+;183.8	76;60017;60655;+;67.5	77;60652;62502;+;265.1	90;72367;74547;+;391.8	64;51481;51996;+;75.7	90;72367;74547;+;70.3	A	9/9	contiguous	24716	1	1	70854..71351+;165;TraS;0
NZ_OR724972.1	MPF_T	IncX4	44	0	0	GA	1	29;27423;27995;-;42.2	28;27036;27362;-;64.4	27;24270;27017;-;63.8	27;24270;27017;-;151.8	27;24270;27017;-;46.1	26;23608;24258;-;94.1	23;21100;22194;-;150.1		21;19899;20585;-;169.0	20;18994;19902;-;142.4	19;17883;19001;-;163.9	18;16853;17881;-;85.0	17;15004;16821;-;314.8		pfam	pfam_only	A	7/7	canonical	1	1	unscoreable	3	0	0														not_admitted	not_admitted	not_admitted	not_admitted	not_admitted	not_admitted	not_admitted
NZ_OR724973.1	MPF_F	IncHI2;IncHI2A;IncQ1	183	0	0	GA	0															not_admitted	not_admitted	not_admitted	not_admitted	not_admitted	not_admitted	not_admitted	not_admitted	not_admitted	not_admitted	1	56;63103;64161;+;276.9			39;39279;41960;+;168.0		35;35594;36949;+;80.7	39;39279;41960;+;72.2	32;33082;33870;+;74.8	54;61450;62961;+;62.0	57;64180;67368;+;57.3		38;38320;39270;+;46.1		C	6/9	split_2	31098	0	1	
NZ_OR724974.1	MPF_F	IncHI2;IncHI2A;IncQ1	264	0	0	GA	0															not_admitted	not_admitted	not_admitted	not_admitted	not_admitted	not_admitted	not_admitted	not_admitted	not_admitted	not_admitted	1	27;32306;33364;+;276.9	179;168666;170081;-;194.1	180;170071;171117;-;174.3	10;8482;11163;+;168.0	178;164704;168657;-;101.6	6;4797;6152;+;80.7	10;8482;11163;+;72.2	3;2285;3073;+;74.8	25;30653;32164;+;62.0	28;33383;36571;+;57.3	187;178159;180243;+;56.8	9;7523;8473;+;46.1	187;178159;180243;+;38.8	A	9/9	split_3	175874	1	1	163234..164523-;429;unnamed;0
NZ_OR724975.1	MPF_F	IncHI2;IncHI2A;IncQ1	264	0	0	GA	0															not_admitted	not_admitted	not_admitted	not_admitted	not_admitted	not_admitted	not_admitted	not_admitted	not_admitted	not_admitted	1	237;210081;211139;-;276.9	85;73364;74779;+;194.1	84;72328;73374;+;174.3	254;232282;234963;-;168.0	86;74788;78741;+;101.6	258;237293;238648;-;80.7	254;232282;234963;-;72.2	261;240372;241160;-;74.8	239;211281;212792;-;62.0	236;206874;210062;-;57.3	77;63202;65286;-;56.8	255;234972;235922;-;46.1	77;63202;65286;-;38.8	A	9/9	split_3	177170	1	1	78922..80211+;429;unnamed;0
NZ_OR724976.1	MPF_F	IncHI2;IncHI2A	272	0	0	GA	0															not_admitted	not_admitted	not_admitted	not_admitted	not_admitted	not_admitted	not_admitted	not_admitted	not_admitted	not_admitted	1	23;27859;28917;+;276.9	173;163734;165149;-;194.1	174;165139;166185;-;174.3	5;4030;6711;+;168.0	172;159772;163725;-;101.6	1;345;1700;+;80.7	5;4030;6711;+;72.2	269;243382;244170;+;74.8	21;26206;27717;+;62.0	25;30794;32125;+;40.8	181;173227;175311;+;56.8	4;3071;4021;+;46.1	181;173227;175311;+;38.8	A	9/9	split_4	243037	1	1	158302..159591-;429;unnamed;0
NZ_OR724977.1	MPF_F	IncHI2;IncHI2A;p0111	341	0	0	GA	0															not_admitted	not_admitted	not_admitted	not_admitted	not_admitted	not_admitted	not_admitted	not_admitted	not_admitted	not_admitted	1	198;173591;174649;+;276.9	77;67054;68469;-;194.1	78;68459;69505;-;174.3	179;149761;152442;+;168.0	76;63092;67045;-;101.6	175;146076;147431;+;80.7	179;149761;152442;+;72.2	172;143564;144352;+;74.8	195;171937;172830;+;56.2	199;174668;177856;+;57.3	86;76548;78632;+;56.8	178;148802;149752;+;46.1	86;76548;78632;+;38.8	A	9/9	split_3	111576	1	1	61622..62911-;429;unnamed;0
NZ_OR724978.1	MPF_F	IncHI2;IncHI2A	277	0	0	GA	0															not_admitted	not_admitted	not_admitted	not_admitted	not_admitted	not_admitted	not_admitted	not_admitted	not_admitted	not_admitted	1	213;177098;178156;-;276.9	62;45458;45970;+;130.5	61;44422;45468;+;174.3	233;199307;201988;-;168.0	64;46883;50836;+;101.6	237;204318;205322;-;82.4	233;199307;201988;-;72.2	241;207398;207886;-;61.5	215;178298;179809;-;62.0	211;173890;175221;-;40.8	53;35295;37379;-;56.8	234;201997;202947;-;46.1	53;35295;37379;-;38.8	A	9/9	split_3	172103	1	1	51017..51499+;160;unnamed;0
NZ_OR724979.1	MPF_F	IncHI2;IncHI2A;IncQ1	318	0	0	GA	0															not_admitted	not_admitted	not_admitted	not_admitted	not_admitted	not_admitted	not_admitted	not_admitted	not_admitted	not_admitted	1	264;220622;221680;-;276.9	77;58444;59859;+;194.1	76;57408;58454;+;174.3	282;242823;245504;-;168.0	78;59868;63821;+;101.6	286;247834;249189;-;80.7	282;242823;245504;-;72.2	289;250913;251701;-;74.8	266;221822;223333;-;62.0	263;217415;220603;-;57.3	66;46947;49031;-;56.8	283;245513;246463;-;46.1	66;46947;49031;-;38.8	A	9/9	split_3	203966	1	1	64002..65291+;429;unnamed;0
NZ_OR724980.1	MPF_T	IncX4	42	0	0	GA	1	14;7494;8066;+;42.2	15;8127;8453;+;64.4	16;8472;11219;+;63.8	16;8472;11219;+;151.8	16;8472;11219;+;46.1	17;11231;11947;+;94.2	18;11959;13053;+;150.1		20;13568;14254;+;169.0	21;14251;15159;+;142.4	22;15152;16270;+;163.9	23;16272;17300;+;85.0	24;17332;19149;+;314.8		pfam	pfam_only	A	7/7	canonical	1	1	unscoreable	1	0	0														not_admitted	not_admitted	not_admitted	not_admitted	not_admitted	not_admitted	not_admitted
NZ_OR724981.1	MPF_T	IncX4	43	0	0	GA	1	38;31010;31630;-;41.6	37;30670;30996;-;64.4	36;27904;30651;-;63.8	36;27904;30651;-;151.8	36;27904;30651;-;46.1	35;27176;27892;-;94.2	34;26070;27164;-;150.1		32;24869;25555;-;169.0	31;23964;24872;-;142.4	30;22853;23971;-;163.9	29;21823;22851;-;85.0	28;19974;21791;-;314.8		pfam	pfam_only	A	7/7	canonical	1	1	unscoreable	1	0	0														not_admitted	not_admitted	not_admitted	not_admitted	not_admitted	not_admitted	not_admitted
NZ_OR724982.1	MPF_T	IncX4	41	0	0	GA	1	6;6816;7436;-;41.6	5;6476;6802;-;64.4	4;3710;6457;-;63.8	4;3710;6457;-;151.8	4;3710;6457;-;46.1	3;2982;3698;-;94.2	2;1876;2970;-;150.1		0;675;1361;-;169.0		40;31963;33081;-;163.9	39;30933;31961;-;85.0	38;29084;30901;-;314.8		pfam	pfam_only	B	6/7	canonical	1	1	unscoreable	1	0	0														not_admitted	not_admitted	not_admitted	not_admitted	not_admitted	not_admitted	not_admitted
NZ_OR724983.1	MPF_T	IncX4	42	0	0	GA	1	40;31910;32530;+;41.6	41;32544;32870;+;64.4		0;29;2326;+;152.2		1;2338;3054;+;94.2	2;3066;4160;+;150.1		4;4675;5361;+;169.0	5;5358;6266;+;142.4	6;6259;7377;+;163.9	7;7379;8407;+;85.0	8;8439;10256;+;314.8		pfam	pfam_only	A	7/7	canonical	1	0	unscoreable	1	0	0														not_admitted	not_admitted	not_admitted	not_admitted	not_admitted	not_admitted	not_admitted
NZ_OR724984.1	MPF_F	IncHI2;IncHI2A	278	0	0	GA	0															not_admitted	not_admitted	not_admitted	not_admitted	not_admitted	not_admitted	not_admitted	not_admitted	not_admitted	not_admitted	1	27;32457;33515;+;276.9	190;183037;184452;-;194.1	191;184442;185488;-;174.3	11;9702;12383;+;168.0	189;179075;183028;-;101.6	7;6017;7372;+;80.7	11;9702;12383;+;72.2	4;3505;4293;+;74.8	25;30804;32315;+;62.0	28;33534;36722;+;57.3	198;192530;194614;+;56.8	10;8743;9693;+;46.1	198;192530;194614;+;38.8	A	9/9	split_3	189025	1	1	177605..178894-;429;unnamed;0
NZ_OR724985.1	MPF_F	IncHI2;IncHI2A	199	0	0	GA	0															not_admitted	not_admitted	not_admitted	not_admitted	not_admitted	not_admitted	not_admitted	not_admitted	not_admitted	not_admitted	1	194;175070;176128;-;276.9			12;16179;18860;-;168.0		16;21190;22545;-;80.7	12;16179;18860;-;72.2	19;24269;25057;-;74.8	196;176270;177781;-;62.0	193;171863;175051;-;57.3		13;18869;19819;-;46.1		C	6/9	split_2	160091	0	1	
NZ_OR724986.1	MPF_F	IncHI2;IncHI2A	239	0	0	GA	0															not_admitted	not_admitted	not_admitted	not_admitted	not_admitted	not_admitted	not_admitted	not_admitted	not_admitted	not_admitted	1	27;31740;32798;+;276.9	154;143370;144785;-;194.1	155;144775;145821;-;174.3	10;8413;11094;+;168.0	153;139408;143361;-;101.6	6;4728;6083;+;80.7	10;8413;11094;+;72.2	3;2216;3004;+;74.8	25;30087;31598;+;62.0	28;32817;36005;+;57.3	162;152863;154947;+;56.8	9;7454;8404;+;46.1	162;152863;154947;+;38.8	A	9/9	split_3	150647	1	1	137938..139227-;429;unnamed;0
NZ_OR724987.1	MPF_F	IncHI2;IncHI2A	258	0	0	GA	0															not_admitted	not_admitted	not_admitted	not_admitted	not_admitted	not_admitted	not_admitted	not_admitted	not_admitted	not_admitted	1	231;204754;205812;-;276.9	86;73502;74917;+;194.1	85;72466;73512;+;174.3	248;226955;229636;-;168.0	87;74926;78879;+;101.6	252;231966;233321;-;80.7	248;226955;229636;-;72.2	255;235045;235833;-;74.8	233;205954;207465;-;62.0	230;201547;204735;-;57.3	78;63340;65424;-;56.8	249;229645;230595;-;46.5	78;63340;65424;-;38.8	A	9/9	split_3	171705	1	1	79060..80349+;429;unnamed;0
NZ_OR724988.1	MPF_T	IncX4	43	0	0	GA	1	33;23460;24080;+;41.6	34;24094;24420;+;64.4	35;24439;27186;+;63.8	35;24439;27186;+;151.8	35;24439;27186;+;46.1	36;27198;27914;+;87.3	37;27926;29020;+;150.1		39;29535;30110;+;120.0	40;30220;31125;+;142.4	41;31118;32236;+;163.9	42;32238;33266;+;85.0	0;32;1033;+;222.9		pfam	pfam_only	A	7/7	canonical	1	1	unscoreable	1	0	0														not_admitted	not_admitted	not_admitted	not_admitted	not_admitted	not_admitted	not_admitted
NZ_OR753269.1	MPF_T	IncX4	43	0	0	GA	1	18;10393;11013;+;41.6	19;11027;11353;+;64.4	20;11372;14119;+;63.8	20;11372;14119;+;151.8	20;11372;14119;+;46.1	21;14131;14847;+;94.2	22;14859;15953;+;150.1		24;16468;17154;+;169.0	25;17151;18059;+;142.4	26;18052;19170;+;163.9	27;19172;20200;+;85.0	28;20232;22049;+;314.8		pfam	pfam_only	A	7/7	canonical	1	1	unscoreable	1	0	0														not_admitted	not_admitted	not_admitted	not_admitted	not_admitted	not_admitted	not_admitted
NZ_OR753270.1	MPF_T	IncX4	42	0	0	GA	1	2;3389;4009;-;41.6	1;3049;3375;-;64.4	0;283;3030;-;63.8	0;283;3030;-;151.8	0;283;3030;-;46.1		40;31753;32847;-;150.1		38;30552;31238;-;169.0	37;29647;30555;-;142.4	36;28536;29654;-;163.9	35;27506;28534;-;85.0	34;25657;27474;-;314.8		none	none	A	7/7	rearranged	0	1	unscoreable	1	0	0														not_admitted	not_admitted	not_admitted	not_admitted	not_admitted	not_admitted	not_admitted
NZ_OR782950.1	MPF_F	IncHI2;IncHI2A	345	0	0	GA	0															not_admitted	not_admitted	not_admitted	not_admitted	not_admitted	not_admitted	not_admitted	not_admitted	not_admitted	not_admitted	1	93;85821;86879;-;276.9	268;234766;235518;-;133.6	269;235508;236554;-;174.3	110;106962;109643;-;166.5	266;230141;234094;-;101.6	114;111973;113328;-;80.7	110;106962;109643;-;72.2	117;115052;115840;-;74.8	95;87021;88532;-;62.0	92;82614;85802;-;57.3	276;243596;245680;+;56.8	111;109652;110602;-;46.1	276;243596;245680;+;38.8	A	9/9	split_2	160982	1	1	228671..229960-;429;unnamed;0
NZ_OR797032.1	MPF_T	IncN	54	0	0	GA	1	12;8696;9430;+;32.5	14;9730;10023;+;28.7	15;10073;10390;+;63.3	16;10390;12990;+;111.8	16;10390;12990;+;76.8	17;13008;13721;+;97.1	19;13972;15012;+;153.6		23;20186;20884;+;131.9	24;20895;21779;+;159.0	25;21779;22939;+;154.9	26;22981;23976;+;81.2	35;33995;35524;-;38.5		pfam	both	A	7/7	canonical	1	0	unscoreable	5	0	0														not_admitted	not_admitted	not_admitted	not_admitted	not_admitted	not_admitted	not_admitted
NZ_OR797034.1	MPF_T	IncN	53	0	0	GA	1	12;8637;9371;+;32.5	14;9671;9964;+;28.7	15;10014;10331;+;63.3	16;10331;12931;+;111.8	16;10331;12931;+;76.8	17;12949;13662;+;97.1	19;13913;14953;+;153.6		20;15172;15870;+;131.9	21;15881;16765;+;159.0	22;16765;17925;+;154.9	23;17967;18962;+;81.2	34;30951;32480;-;38.5		pfam	both	A	7/7	canonical	1	0	unscoreable	2	0	0														not_admitted	not_admitted	not_admitted	not_admitted	not_admitted	not_admitted	not_admitted
NZ_OR805036.1	MPF_F	IncFII(pBK30683);repB(R1701)	126	0	0	GA	0															not_admitted	not_admitted	not_admitted	not_admitted	not_admitted	not_admitted	not_admitted	not_admitted	not_admitted	not_admitted	1	72;64188;65177;-;367.4	62;57274;58641;-;384.0	66;59899;60651;-;233.7	76;66634;69273;-;258.5	61;54425;57274;-;346.4	82;72103;73527;-;89.2	76;66634;69273;-;88.7	84;74254;74820;-;169.3	71;63537;64175;-;67.0	70;61523;63478;-;259.7	57;49649;51961;-;390.0	81;71446;72030;-;54.5	57;49649;51961;-;64.0	A	9/9	contiguous	24605	1	1	53889..54422-;177;unnamed;0
NZ_OR805037.1	MPF_F	IncFII(pBK30683);repB(R1701)	126	0	0	GA	0															not_admitted	not_admitted	not_admitted	not_admitted	not_admitted	not_admitted	not_admitted	not_admitted	not_admitted	not_admitted	1	72;64191;65180;-;367.4	62;57277;58644;-;384.0	66;59902;60654;-;233.7	76;66637;69276;-;258.5	61;54428;57277;-;346.4	82;72106;73530;-;89.2	76;66637;69276;-;88.7	84;74257;74823;-;169.3	71;63540;64178;-;67.0	70;61526;63481;-;259.7	57;49652;51964;-;390.0	81;71449;72033;-;54.5	57;49652;51964;-;64.0	A	9/9	contiguous	24605	1	1	53892..54425-;177;unnamed;0
NZ_OR805038.1	MPF_F	IncFII(pBK30683);repB(R1701)	126	0	0	GA	0															not_admitted	not_admitted	not_admitted	not_admitted	not_admitted	not_admitted	not_admitted	not_admitted	not_admitted	not_admitted	1	72;64233;65222;-;367.4	62;57319;58686;-;384.0	66;59944;60696;-;233.7	76;66679;69318;-;258.5	61;54470;57319;-;346.4	82;72148;73572;-;89.2	76;66679;69318;-;88.7	84;74299;74865;-;169.3	71;63582;64220;-;67.0	70;61568;63523;-;259.7	57;49694;52006;-;390.0	81;71491;72075;-;54.5	57;49694;52006;-;64.0	A	9/9	contiguous	24605	1	1	53934..54467-;177;unnamed;0
NZ_OR828567.1	MPF_T	IncX4	41	0	0	GA	1	26;25538;26158;-;41.6	25;25198;25524;-;64.4	24;22432;25179;-;63.8	24;22432;25179;-;151.8	24;22432;25179;-;46.1	23;21704;22420;-;94.2	22;20598;21692;-;150.1		20;19397;20083;-;169.0	19;18492;19400;-;142.4	18;17381;18499;-;163.9	17;16351;17379;-;85.0	16;14502;16319;-;314.8		pfam	pfam_only	A	7/7	canonical	1	1	unscoreable	1	0	0														not_admitted	not_admitted	not_admitted	not_admitted	not_admitted	not_admitted	not_admitted
NZ_OU015329.1	MPF_F	IncHI2;IncHI2A;IncN	291	0	0	GA	0															not_admitted	not_admitted	not_admitted	not_admitted	not_admitted	not_admitted	not_admitted	not_admitted	not_admitted	not_admitted	1	34;34859;35917;+;276.9	208;189491;190906;-;194.1	209;190896;191942;-;174.3	14;10805;12853;+;84.8	207;185529;189482;-;101.6	7;5270;6625;+;80.7	14;10805;12853;+;73.8	4;2758;3546;+;74.8	32;33206;34717;+;62.0	35;35936;39124;+;57.3	216;198984;201068;+;56.8	10;7996;8946;+;46.1	216;198984;201068;+;38.8	A	9/9	split_3	196226	1	1	184554..185348-;264;unnamed;0
NZ_OU342707.1	MPF_F	IncFIB(K);IncFII(K)	237	0	0	GA	0															not_admitted	not_admitted	not_admitted	not_admitted	not_admitted	not_admitted	not_admitted	not_admitted	not_admitted	not_admitted	1	122;129208;130200;-;366.6	112;122387;123757;-;381.2	116;124959;125711;-;232.4	125;131226;133865;-;258.7	111;119538;122387;-;344.2	134;137680;139104;-;89.2	125;131226;133865;-;88.8	136;139831;140397;-;167.0	121;128557;129195;-;67.0	120;126554;128560;-;259.0	107;115412;117724;-;393.2	132;136499;137068;-;49.7	107;115412;117724;-;65.8	A	9/9	contiguous	24419	1	1	119005..119535-;176;unnamed;0
NZ_OU342710.1	MPF_F	IncFII	90	0	0	GA	0															not_admitted	not_admitted	not_admitted	not_admitted	not_admitted	not_admitted	not_admitted	not_admitted	not_admitted	not_admitted	1	28;32940;33932;-;369.5	17;25397;26770;-;381.0	21;27991;28734;-;233.3	31;34941;37571;-;302.0	16;22578;25400;-;389.2	39;40826;42277;-;94.1	31;34941;37571;-;97.3	41;42992;43558;-;184.4	26;31673;32311;-;70.1	23;29011;30861;-;266.7	12;18123;20303;-;391.8	35;39207;39722;-;78.5	12;18123;20303;-;70.4	A	9/9	contiguous	24869	1	1	22077..22556-;159;TraS;0
NZ_OU342903.1	MPF_T	IncN4	54	0	0	GA	1	45;31095;31835;-;34.8	43;30481;30771;-;44.7	42;30116;30430;-;65.3	41;27486;30116;-;123.6	41;27486;30116;-;87.4	40;26769;27476;-;114.7	38;25467;26510;-;126.7	37;25202;25372;-;41.4	36;24483;25199;-;145.6	35;23593;24480;-;144.4	34;22442;23596;-;174.0	33;21418;22449;-;78.1	28;15433;17010;+;54.8		pfam	both	A	7/7	canonical	1	0	ga	6	0	0														not_admitted	not_admitted	not_admitted	not_admitted	not_admitted	not_admitted	not_admitted
NZ_OU342906.1	MPF_T	IncN4	55	0	0	GA	1	45;28302;29042;+;34.8	47;29366;29656;+;44.7	48;29707;30021;+;65.3	49;30021;32651;+;123.6	49;30021;32651;+;87.4	50;32661;33368;+;114.7	52;33627;34670;+;126.7	53;34765;34935;+;41.4		0;220;1107;+;144.4	1;1104;2258;+;174.0	2;2251;3282;+;78.1	7;7690;9267;-;54.8		pfam	both	B	6/7	canonical	1	0	ga	6	0	0														not_admitted	not_admitted	not_admitted	not_admitted	not_admitted	not_admitted	not_admitted
NZ_OU659114.1	-	-	164	0	0	GA	0															not_admitted	not_admitted	not_admitted	not_admitted	not_admitted	not_admitted	not_admitted	not_admitted	not_admitted	not_admitted	1	137;141086;141745;+;222.9	147;148173;148931;+;129.0	101;120863;121435;+;184.5	132;137334;139691;+;236.7		129;135340;136197;+;95.0	132;137334;139691;+;112.4	127;134220;134789;+;115.8	139;142096;142716;+;65.8	141;143904;144554;+;184.6		131;136991;137332;+;48.3		B	8/9	contiguous	27310	0	1	
NZ_OU659115.1	-	-	85	0	0	GA	0															not_admitted	not_admitted	not_admitted	not_admitted	not_admitted	not_admitted	not_admitted	not_admitted	not_admitted	not_admitted	1	55;70732;71727;-;355.7	46;64033;65409;-;312.6	52;67485;68258;-;204.2	58;72766;75474;-;240.3	45;61129;64020;-;312.3	63;76795;78174;-;90.3	58;72766;75474;-;119.7	65;78921;79490;-;113.7	54;70096;70716;-;65.7	53;68255;70099;-;234.7	40;57618;59831;-;381.6	59;75471;75983;-;49.6	40;57618;59831;-;73.7	A	9/9	contiguous	21303	1	1	60635..61102-;155;unnamed;0
NZ_OU659116.1	-	-	65	0	0	GA	0															not_admitted	not_admitted	not_admitted	not_admitted	not_admitted	not_admitted	not_admitted	not_admitted	not_admitted	not_admitted	1	59;52354;53349;+;361.3	4;2484;3860;+;331.2	62;55823;56611;+;202.1	56;48603;51314;+;237.0	5;3873;6761;+;318.0	45;42799;44160;+;90.3	56;48603;51314;+;123.9	43;41486;42055;+;125.7	60;53365;53982;+;67.8	61;53982;55826;+;232.5	9;8651;10873;+;380.1	55;48038;48601;+;55.6	9;8651;10873;+;74.1	A	9/9	split_2	53339	1	1	6940..7668+;242;unnamed;1
NZ_OU659117.1	-	-	43	0	0	GA	1	19;16761;17375;-;50.1	18;16464;16706;-;49.6	17;13632;16403;-;46.7	17;13632;16403;-;164.7	17;13632;16403;-;65.1	16;12861;13592;-;68.0	14;11522;12583;-;128.2		11;10516;11247;-;156.4	10;9596;10513;-;144.3	9;8415;9599;-;136.6	8;7381;8412;-;84.8	7;5540;7372;-;478.4		pfam	pfam_only	A	7/7	canonical	1	1	unscoreable	3	0	0														not_admitted	not_admitted	not_admitted	not_admitted	not_admitted	not_admitted	not_admitted
NZ_OU659119.1	-	-	164	0	0	GA	0															not_admitted	not_admitted	not_admitted	not_admitted	not_admitted	not_admitted	not_admitted	not_admitted	not_admitted	not_admitted	1	65;60377;61036;+;226.3	74;67376;68431;+;186.3	70;63842;64615;+;200.3	59;56626;57501;+;125.2		56;54686;55489;+;95.3	60;57498;58982;+;114.3	54;53512;54081;+;114.7	67;61387;62007;+;65.8	69;63195;63845;+;184.6		58;56283;56624;+;49.7		B	8/9	contiguous	13864	0	1	
NZ_OU659121.1	-	-	164	0	0	GA	0															not_admitted	not_admitted	not_admitted	not_admitted	not_admitted	not_admitted	not_admitted	not_admitted	not_admitted	not_admitted	1	137;141835;142494;+;222.9	147;148922;149680;+;129.0	101;121612;122184;+;184.5	132;138083;140440;+;236.7		129;136089;136946;+;95.0	132;138083;140440;+;112.4	127;134969;135538;+;115.8	139;142845;143465;+;65.8	141;144653;145303;+;184.6		131;137740;138081;+;48.3		B	8/9	contiguous	27310	0	1	
NZ_OU659122.1	-	-	85	0	0	GA	0															not_admitted	not_admitted	not_admitted	not_admitted	not_admitted	not_admitted	not_admitted	not_admitted	not_admitted	not_admitted	1	55;70732;71727;-;355.7	46;64033;65409;-;312.6	52;67485;68258;-;204.2	58;72766;75474;-;240.3	45;61129;64020;-;312.3	63;76795;78174;-;90.3	58;72766;75474;-;119.7	65;78921;79490;-;113.7	54;70096;70716;-;65.7	53;68255;70099;-;234.7	40;57618;59831;-;381.6	59;75471;75983;-;49.6	40;57618;59831;-;73.7	A	9/9	contiguous	21303	1	1	60635..61102-;155;unnamed;0
NZ_OU659123.1	-	-	64	0	0	GA	0															not_admitted	not_admitted	not_admitted	not_admitted	not_admitted	not_admitted	not_admitted	not_admitted	not_admitted	not_admitted	1	42;43104;44099;-;361.3	32;35119;36495;-;331.2	39;39842;40630;-;202.1	45;45139;47850;-;237.0	31;32218;35106;-;318.0	56;52293;53654;-;90.3	45;45139;47850;-;123.9	58;54398;54967;-;125.7	41;42471;43088;-;67.8	40;40627;42471;-;232.5	27;28106;30328;-;380.1	46;47852;48415;-;55.6	27;28106;30328;-;74.1	A	9/9	contiguous	26292	1	1	31311..32039-;242;unnamed;1
NZ_OU659124.1	-	-	44	0	0	GA	1	22;15812;16426;+;50.1	23;16481;16723;+;49.6	24;16784;19555;+;46.7	24;16784;19555;+;164.7	24;16784;19555;+;65.1	25;19595;20326;+;68.0	27;20604;21665;+;128.2		30;21940;22671;+;156.4	31;22674;23591;+;144.3	32;23588;24772;+;136.6	33;24775;25806;+;84.8	34;25815;27647;+;478.4		pfam	pfam_only	A	7/7	canonical	1	1	unscoreable	3	0	0														not_admitted	not_admitted	not_admitted	not_admitted	not_admitted	not_admitted	not_admitted
NZ_OU659126.1	-	-	164	0	0	GA	0															not_admitted	not_admitted	not_admitted	not_admitted	not_admitted	not_admitted	not_admitted	not_admitted	not_admitted	not_admitted	1	137;141856;142515;+;222.9	147;148943;149701;+;129.0	101;121633;122205;+;184.5	132;138104;140461;+;236.7		129;136110;136967;+;95.0	132;138104;140461;+;112.4	127;134990;135559;+;115.8	139;142866;143486;+;65.8	141;144674;145324;+;184.6		131;137761;138102;+;48.3		B	8/9	contiguous	27310	0	1	
NZ_OU659127.1	-	-	85	0	0	GA	0															not_admitted	not_admitted	not_admitted	not_admitted	not_admitted	not_admitted	not_admitted	not_admitted	not_admitted	not_admitted	1	55;70732;71727;-;355.7	46;64033;65409;-;312.6	52;67485;68258;-;204.2	58;72766;75474;-;240.3	45;61129;64020;-;312.3	63;76795;78174;-;90.3	58;72766;75474;-;119.7	65;78921;79490;-;113.7	54;70096;70716;-;65.7	53;68255;70099;-;234.7	40;57618;59831;-;381.6	59;75471;75983;-;49.6	40;57618;59831;-;73.7	A	9/9	contiguous	21303	1	1	60635..61102-;155;unnamed;0
NZ_OU659128.1	-	-	65	0	0	GA	0															not_admitted	not_admitted	not_admitted	not_admitted	not_admitted	not_admitted	not_admitted	not_admitted	not_admitted	not_admitted	1	30;32914;33909;-;361.3	20;24929;26305;-;331.2	27;29652;30440;-;202.1	33;34949;37660;-;237.0	19;22028;24916;-;318.0	44;42103;43464;-;90.3	33;34949;37660;-;123.9	46;44208;44777;-;125.7	29;32281;32898;-;67.8	28;30437;32281;-;232.5	15;17916;20138;-;380.1	34;37662;38225;-;55.6	15;17916;20138;-;74.1	A	9/9	contiguous	26292	1	1	21121..21849-;242;unnamed;1
NZ_OU659129.1	-	-	43	0	0	GA	1	19;16761;17375;-;50.1	18;16464;16706;-;49.6	17;13632;16403;-;46.7	17;13632;16403;-;164.7	17;13632;16403;-;65.1	16;12861;13592;-;68.0	14;11522;12583;-;128.2		11;10516;11247;-;156.4	10;9596;10513;-;144.3	9;8415;9599;-;136.6	8;7381;8412;-;84.8	7;5540;7372;-;478.4		pfam	pfam_only	A	7/7	canonical	1	1	unscoreable	3	0	0														not_admitted	not_admitted	not_admitted	not_admitted	not_admitted	not_admitted	not_admitted
NZ_OU659132.1	-	-	164	0	0	GA	0															not_admitted	not_admitted	not_admitted	not_admitted	not_admitted	not_admitted	not_admitted	not_admitted	not_admitted	not_admitted	1	137;141856;142515;+;222.9	147;148943;149701;+;129.0	101;121633;122205;+;184.5	132;138104;140461;+;236.7		129;136110;136967;+;95.0	132;138104;140461;+;112.4	127;134990;135559;+;115.8	139;142866;143486;+;65.8	141;144674;145324;+;184.6		131;137761;138102;+;48.3		B	8/9	contiguous	27310	0	1	
NZ_OU659133.1	-	-	85	0	0	GA	0															not_admitted	not_admitted	not_admitted	not_admitted	not_admitted	not_admitted	not_admitted	not_admitted	not_admitted	not_admitted	1	55;70732;71727;-;355.7	46;64033;65409;-;312.6	52;67485;68258;-;204.2	58;72766;75474;-;240.3	45;61129;64020;-;312.3	63;76795;78174;-;90.3	58;72766;75474;-;119.7	65;78921;79490;-;113.7	54;70096;70716;-;65.7	53;68255;70099;-;234.7	40;57618;59831;-;381.6	59;75471;75983;-;49.6	40;57618;59831;-;73.7	A	9/9	contiguous	21303	1	1	60635..61102-;155;unnamed;0
NZ_OU659134.1	-	-	65	0	0	GA	0															not_admitted	not_admitted	not_admitted	not_admitted	not_admitted	not_admitted	not_admitted	not_admitted	not_admitted	not_admitted	1	30;32914;33909;-;361.3	20;24929;26305;-;331.2	27;29652;30440;-;202.1	33;34949;37660;-;237.0	19;22028;24916;-;318.0	44;42103;43464;-;90.3	33;34949;37660;-;123.9	46;44208;44777;-;125.7	29;32281;32898;-;67.8	28;30437;32281;-;232.5	15;17916;20138;-;380.1	34;37662;38225;-;55.6	15;17916;20138;-;74.1	A	9/9	contiguous	26292	1	1	21121..21849-;242;unnamed;1
NZ_OU659135.1	-	-	43	0	0	GA	1	19;16761;17375;-;50.1	18;16464;16706;-;49.6	17;13632;16403;-;46.7	17;13632;16403;-;164.7	17;13632;16403;-;65.1	16;12861;13592;-;68.0	14;11522;12583;-;128.2		11;10516;11247;-;156.4	10;9596;10513;-;144.3	9;8415;9599;-;136.6	8;7381;8412;-;84.8	7;5540;7372;-;478.4		pfam	pfam_only	A	7/7	canonical	1	1	unscoreable	3	0	0														not_admitted	not_admitted	not_admitted	not_admitted	not_admitted	not_admitted	not_admitted
NZ_OU659163.1	-	-	164	0	0	GA	0															not_admitted	not_admitted	not_admitted	not_admitted	not_admitted	not_admitted	not_admitted	not_admitted	not_admitted	not_admitted	1	43;57719;58378;-;222.9	33;50533;51291;-;129.0	37;54141;54713;-;184.5	48;59773;62130;-;236.7		51;63267;64124;-;95.0	48;59773;62130;-;112.4	53;64675;65244;-;115.8	41;56748;57368;-;65.8	39;54910;55560;-;184.6		49;62132;62473;-;48.3		B	8/9	contiguous	14142	0	1	
NZ_OU659164.1	-	-	85	0	0	GA	0															not_admitted	not_admitted	not_admitted	not_admitted	not_admitted	not_admitted	not_admitted	not_admitted	not_admitted	not_admitted	1	41;39497;40492;+;355.7	50;45815;47191;+;312.6	44;42966;43739;+;204.2	38;35750;38458;+;240.3	51;47204;50095;+;312.3	33;33050;34429;+;90.3	38;35750;38458;+;119.7	31;31734;32303;+;113.7	42;40508;41128;+;65.7	43;41125;42969;+;234.7	56;51393;53606;+;381.6	37;35241;35753;+;49.6	56;51393;53606;+;73.7	A	9/9	contiguous	19659	1	1	50122..50589+;155;unnamed;0
NZ_OU659165.1	-	-	65	0	0	GA	0															not_admitted	not_admitted	not_admitted	not_admitted	not_admitted	not_admitted	not_admitted	not_admitted	not_admitted	not_admitted	1	43;31613;32608;+;361.3	53;39217;40593;+;331.2	46;35082;35870;+;202.1	40;27862;30573;+;237.0	54;40606;43494;+;318.0	29;22058;23419;+;90.3	40;27862;30573;+;123.9	27;20745;21314;+;125.7	44;32624;33241;+;67.8	45;33241;35085;+;232.5	58;45384;47606;+;380.1	39;27297;27860;+;55.6	58;45384;47606;+;74.1	A	9/9	contiguous	24639	1	1	43673..44401+;242;unnamed;1
NZ_OU659166.1	-	-	43	0	0	GA	1	19;16761;17375;-;50.1	18;16464;16706;-;49.6	17;13632;16403;-;46.7	17;13632;16403;-;164.7	17;13632;16403;-;65.1	16;12861;13592;-;68.0	14;11522;12583;-;128.2		11;10516;11247;-;156.4	10;9596;10513;-;144.3	9;8415;9599;-;136.6	8;7381;8412;-;84.8	7;5540;7372;-;478.4		pfam	pfam_only	A	7/7	canonical	1	1	unscoreable	3	0	0														not_admitted	not_admitted	not_admitted	not_admitted	not_admitted	not_admitted	not_admitted
NZ_OU701460.1	-	-	102	0	0	GA	0															not_admitted	not_admitted	not_admitted	not_admitted	not_admitted	not_admitted	not_admitted	not_admitted	not_admitted	not_admitted	1	33;25306;26307;-;339.3	70;46814;48220;+;212.7	73;51748;52500;+;72.1	66;43521;44426;+;103.6	74;52514;55174;+;186.1	61;39632;40948;+;121.9	67;44496;46034;+;144.0	59;38263;38856;+;104.7	32;24353;25294;-;61.0	72;49484;51652;+;91.4	26;19211;20590;-;50.4		26;19211;20590;-;44.6	B	8/9	contiguous	33303	0	1	
NZ_OU701462.1	-	-	42	0	0	GA	1		24;23742;23999;+;62.2	25;24008;26779;+;73.1	25;24008;26779;+;149.8	25;24008;26779;+;88.5	27;27393;28130;+;75.4	28;28130;29125;+;122.8		31;29478;30137;+;174.8	32;30134;31084;+;154.9	33;31077;32225;+;161.1	35;32809;33798;+;97.2	37;34529;36325;+;365.5		pfam	pfam_only	A	7/7	canonical	1	1	unscoreable	5	0	0														not_admitted	not_admitted	not_admitted	not_admitted	not_admitted	not_admitted	not_admitted
NZ_OV049815.1	MPF_F	IncFII	100	0	0	GA	0															not_admitted	not_admitted	not_admitted	not_admitted	not_admitted	not_admitted	not_admitted	not_admitted	not_admitted	not_admitted	1	67;63670;64194;-;192.4	56;57021;57890;-;292.0	62;60070;60564;-;87.1	71;65675;68305;-;304.1	52;55336;56226;-;196.4	79;71305;71853;-;55.9	71;65675;68305;-;97.1	83;73473;74039;-;174.3	65;62688;63326;-;68.6	64;60841;62691;-;266.1	47;49167;51428;-;391.1	75;69929;70444;-;78.4	47;49167;51428;-;70.3	A	9/9	contiguous	24306	1	1	53700..55382-;560;unnamed;0
NZ_OV408203.1	MPF_F	IncFIB(K);IncFII(K)	241	0	0	GA	0															not_admitted	not_admitted	not_admitted	not_admitted	not_admitted	not_admitted	not_admitted	not_admitted	not_admitted	not_admitted	1	193;192032;193021;+;363.3	204;198840;200207;+;380.7	200;196830;197582;+;233.7	189;187936;190575;+;259.0	205;200207;203050;+;346.5	178;182545;183969;+;88.8	189;187936;190575;+;87.6	176;181252;181818;+;167.9	195;193297;193944;+;65.9	196;194003;195958;+;259.7	209;205635;207947;+;392.8	181;184581;185165;+;53.8	209;205635;207947;+;65.9	A	9/9	contiguous	24383	1	1	203061..203585+;174;unnamed;0
NZ_OV408205.1	MPF_F	IncFIB(pQil);IncFII(K)	128	0	0	GA	0															not_admitted	not_admitted	not_admitted	not_admitted	not_admitted	not_admitted	not_admitted	not_admitted	not_admitted	not_admitted	1	83;79794;80783;-;366.0	73;72880;74247;-;380.7	77;75505;76257;-;233.7	87;82226;84865;-;258.5	72;70031;72880;-;345.6	95;88122;89546;-;88.8	87;82226;84865;-;88.7	97;90273;90839;-;169.3	82;79143;79781;-;67.0	81;77129;79084;-;259.7	68;65233;67545;-;392.7	94;87424;88008;-;55.4	68;65233;67545;-;66.5	A	9/9	contiguous	25040	1	1	69470..70018-;182;unnamed;0
NZ_OV753635.1	MPF_F	IncFIB(K);IncFII(K)	243	0	0	GA	0															not_admitted	not_admitted	not_admitted	not_admitted	not_admitted	not_admitted	not_admitted	not_admitted	not_admitted	not_admitted	1	169;150628;151617;-;366.6	159;143714;145081;-;384.6	163;146339;147091;-;233.2	173;153057;155699;-;258.5	158;140865;143714;-;346.4	181;158894;160318;-;89.3	173;153057;155699;-;88.2	183;161045;161611;-;169.3	168;149977;150615;-;66.9	167;147963;149918;-;259.7	153;136093;138405;-;393.2	180;158196;158780;-;54.3	153;136093;138405;-;65.8	A	9/9	contiguous	24952	1	1	140329..140862-;177;unnamed;0
NZ_OV753988.1	MPF_F	IncFIB(K)	218	0	0	GA	0															not_admitted	not_admitted	not_admitted	not_admitted	not_admitted	not_admitted	not_admitted	not_admitted	not_admitted	not_admitted	1	158;158645;159637;-;366.6	148;151760;153151;-;379.7	152;154385;155137;-;232.2	161;160663;163302;-;259.3	147;148938;151760;-;346.6	171;167127;168551;-;89.2	161;160663;163302;-;88.8	173;169278;169844;-;167.9	157;157994;158632;-;67.0	156;155980;157935;-;258.5	143;144660;146969;-;391.8	169;165934;166491;-;52.7	143;144660;146969;-;66.6	A	9/9	contiguous	24618	1	1	148312..148914-;200;TraS;0
NZ_OV753993.1	MPF_F	IncFIB(K)	219	0	0	GA	0															not_admitted	not_admitted	not_admitted	not_admitted	not_admitted	not_admitted	not_admitted	not_admitted	not_admitted	not_admitted	1	159;158651;159643;-;366.6	149;151766;153157;-;379.7	153;154391;155143;-;232.2	162;160669;163308;-;259.3	148;148944;151766;-;346.6	172;167133;168557;-;89.2	162;160669;163308;-;88.8	174;169284;169850;-;167.9	158;158000;158638;-;67.0	157;155986;157941;-;258.5	144;144666;146975;-;391.8	170;165940;166497;-;52.7	144;144666;146975;-;66.6	A	9/9	contiguous	24618	1	1	148318..148920-;200;TraS;0
NZ_OV753998.1	MPF_F	IncFIB(K);IncFII(K)	220	0	0	GA	0															not_admitted	not_admitted	not_admitted	not_admitted	not_admitted	not_admitted	not_admitted	not_admitted	not_admitted	not_admitted	1	207;186433;187422;+;366.6	217;192969;194336;+;384.6	213;190959;191711;+;233.2	203;182351;184993;+;258.5	218;194336;197185;+;346.4	195;177732;179156;+;89.3	203;182351;184993;+;88.2	193;176439;177005;+;169.3	208;187435;188073;+;66.9	209;188132;190087;+;259.7		196;179270;179854;+;54.3		A	9/9	contiguous	17897	1	1	197188..197721+;177;unnamed;0
NZ_OV754011.1	MPF_F	IncFIB(K)	218	0	0	GA	0															not_admitted	not_admitted	not_admitted	not_admitted	not_admitted	not_admitted	not_admitted	not_admitted	not_admitted	not_admitted	1	158;158645;159637;-;366.6	148;151760;153151;-;379.7	152;154385;155137;-;232.2	161;160663;163302;-;259.3	147;148938;151760;-;346.6	171;167127;168551;-;89.2	161;160663;163302;-;88.8	173;169278;169844;-;167.9	157;157994;158632;-;67.0	156;155980;157935;-;258.5	143;144660;146969;-;391.8	169;165934;166491;-;52.7	143;144660;146969;-;66.6	A	9/9	contiguous	24618	1	1	148312..148914-;200;TraS;0
NZ_OW443149.1	MPF_F	IncC	168	0	0	GA	0															not_admitted	not_admitted	not_admitted	not_admitted	not_admitted	not_admitted	not_admitted	not_admitted	not_admitted	not_admitted	1	98;77943;78950;+;332.9	157;128139;129572;+;339.2	156;127109;128137;+;221.7	93;72744;75191;+;354.5	158;129585;133199;+;375.3	88;63872;65188;+;135.0	93;72744;75191;+;128.3	86;62348;62974;+;92.7	96;76013;77278;+;67.9	99;79066;81864;+;145.3	77;56673;58538;+;47.3	89;65185;65763;+;100.2	77;56673;58538;+;52.0	A	9/9	split_2	72912	0	1	
NZ_OW485603.1	-	-	176	0	0	GA	0															not_admitted	not_admitted	not_admitted	not_admitted	not_admitted	not_admitted	not_admitted	not_admitted	not_admitted	not_admitted	1	135;148586;149626;-;289.6	131;141761;143197;-;288.0	132;143194;144186;-;204.3	139;152010;154460;-;227.2	130;138600;141758;-;214.8	143;156509;157945;-;101.6	139;152010;154460;-;124.1	145;159157;159777;-;70.0	136;149648;150907;-;53.3	134;145787;148573;-;151.7	123;127745;129685;+;395.8	142;155835;156515;-;68.3	123;127745;129685;+;74.2	A	9/9	contiguous	31412	1	1	137804..138304-;166;unnamed;0
NZ_OW485607.1	-	-	57	0	0	GA	1	7;6159;6695;+;36.9		9;6883;7248;+;47.2	10;7238;9625;+;99.6	10;7238;9625;+;46.1	11;9622;10338;+;39.9	12;10382;11278;+;58.7		14;11420;12181;+;68.4	15;12178;13191;+;117.0	16;13181;14275;+;105.3	17;14272;15309;+;77.0	18;15313;17511;+;250.0		pfam	pfam_only	A	7/7	canonical	1	0	unscoreable	2	0	0														not_admitted	not_admitted	not_admitted	not_admitted	not_admitted	not_admitted	not_admitted
NZ_OW848786.1	MPF_F	IncFIA;IncFII	128	0	0	GA	0															not_admitted	not_admitted	not_admitted	not_admitted	not_admitted	not_admitted	not_admitted	not_admitted	not_admitted	not_admitted	1	43;39697;40689;-;369.5	32;32589;33962;-;382.9	38;35890;36633;-;234.4	46;41698;44325;-;300.9	31;29773;32592;-;385.4	52;46478;47905;-;93.9	46;41698;44325;-;101.1	54;48620;49186;-;182.7	41;38715;39353;-;70.7	40;36910;38718;-;267.1	46;41698;44325;-;20.8	48;44841;45356;-;76.0		A	9/9	contiguous	18847	1	1	29257..29748-;163;TraS;0
NZ_OW848789.1	MPF_T	IncFIB(K)	98	0	0	GA	1	68;64424;65086;+;48.3	69;65097;65396;+;36.6	70;65406;68156;+;60.6	70;65406;68156;+;131.5	70;65406;68156;+;48.6	71;68175;68891;+;137.0	73;69205;70212;+;137.8		75;70422;71108;+;158.3	76;71101;71994;+;147.4	77;71991;73187;+;134.7	78;73191;74240;+;71.5	85;78978;80885;+;24.3		pfam	pfam_only	A	7/7	canonical	1	1	unscoreable	8	0	0														not_admitted	not_admitted	not_admitted	not_admitted	not_admitted	not_admitted	not_admitted
NZ_OW848981.1	MPF_F	IncFIB(AP001918);IncFIC(FII);IncQ1	135	0	0	GA	0															not_admitted	not_admitted	not_admitted	not_admitted	not_admitted	not_admitted	not_admitted	not_admitted	not_admitted	not_admitted	1				90;88671;89180;-;75.3		96;91235;92662;-;94.3		98;93377;93943;-;183.8			89;87068;88579;-;348.7	92;89696;90211;-;78.4	89;87068;88579;-;71.0	D	3/9	contiguous	6309	0	0	
NZ_OW849031.1	MPF_F	IncHI2;IncHI2A	257	0	0	GA	0															not_admitted	not_admitted	not_admitted	not_admitted	not_admitted	not_admitted	not_admitted	not_admitted	not_admitted	not_admitted	1	29;32275;33333;+;276.9	165;149473;150888;-;194.1	166;150878;151924;-;173.7	11;8955;11636;+;168.0	164;146849;149464;-;104.4	7;5270;6625;+;80.7	11;8955;11636;+;72.2	4;2758;3546;+;74.8	27;30622;32133;+;62.7	30;33352;36540;+;58.3	175;160190;162274;+;56.7	10;7996;8946;+;46.4	175;160190;162274;+;38.8	A	9/9	split_3	157432	1	1	146108..146812-;234;unnamed;0
NZ_OW849065.1	MPF_F	IncFIA;IncFII	164	1	1	GA	1	116;103784;104431;-;76.4		41;34845;35162;+;63.3	42;35162;37762;+;113.8	42;35162;37762;+;76.4	43;37780;38493;+;105.5	45;38744;39784;+;142.4		46;40003;40701;+;131.9	47;40712;41596;+;159.7	48;41596;42756;+;156.3	49;42798;43793;+;81.2	153;134115;135707;+;31.8	138;119623;121473;+;266.1	pfam	both	A	7/7	canonical	1	0	unscoreable	22	0	1	135;117652;118644;+;369.5	145;124423;125796;+;381.7	140;121750;122493;+;234.4	130;111896;114526;+;300.9	146;125793;128615;+;374.0	48;41596;42756;+;156.3	130;111896;114526;+;101.1	122;107035;107601;+;182.7	137;118988;119626;+;68.6	138;119623;121473;+;266.1	153;134115;135707;+;347.9	128;110865;111380;+;76.0	153;134115;135707;+;70.9	A	9/9	split_2	92519	1	1	128637..129116+;159;TraS;0
NZ_OW849209.1	MPF_F	IncHI2;IncHI2A	308	0	0	GA	0															not_admitted	not_admitted	not_admitted	not_admitted	not_admitted	not_admitted	not_admitted	not_admitted	not_admitted	not_admitted	1	29;32275;33333;+;276.9	209;201055;202470;-;194.1	212;203786;204661;-;174.4	11;8955;11636;+;168.0	208;197096;201046;-;101.6	7;5270;6625;+;80.7	11;8955;11636;+;72.2	4;2758;3546;+;74.8	27;30622;32133;+;62.7	30;33352;36540;+;58.3	218;211702;213786;+;56.7	10;7996;8946;+;46.4	218;211702;213786;+;38.8	A	9/9	split_3	208944	0	1	
NZ_OW849257.1	MPF_F	IncHI2;IncHI2A	311	0	0	GA	0															not_admitted	not_admitted	not_admitted	not_admitted	not_admitted	not_admitted	not_admitted	not_admitted	not_admitted	not_admitted	1	29;32275;33333;+;276.9	214;206380;207795;-;194.1	217;209111;209986;-;174.4	11;8955;11636;+;168.0	213;202421;206371;-;101.6	7;5270;6625;+;80.7	11;8955;11636;+;72.2	4;2758;3546;+;74.8	27;30622;32133;+;62.7	30;33352;36540;+;58.3	226;219605;220447;+;41.8	10;7996;8946;+;46.4	226;219605;220447;+;41.4	A	9/9	split_3	216847	0	1	
NZ_OW849378.1	MPF_F	IncFIB(AP001918);IncFIC(FII)	146	0	0	GA	0															not_admitted	not_admitted	not_admitted	not_admitted	not_admitted	not_admitted	not_admitted	not_admitted	not_admitted	not_admitted	1	97;103024;104016;-;369.3	86;95965;97338;-;378.0	93;99552;100295;-;232.9	100;105025;107652;-;305.4	85;93146;95968;-;389.5	106;109707;111134;-;94.3	100;105025;107652;-;98.5	108;111849;112415;-;183.8	96;102377;103015;-;68.6	95;100572;102380;-;268.4	82;89464;91617;-;391.9	102;108168;108683;-;78.4	82;89464;91617;-;70.4	A	9/9	contiguous	22385	1	1	92633..93124-;163;TraS;0
NZ_OW849380.1	MPF_T	-	78	0	0	GA	1		16;9334;9717;+;68.7	17;9720;10046;+;48.3	18;10043;12586;+;98.2	18;10043;12586;+;107.9	23;16062;16844;+;104.8	25;17056;18618;+;111.3		19;12583;13290;+;91.0	20;13306;14196;+;153.1	22;14655;16049;+;220.3	15;8264;9220;+;135.2	59;39595;41541;-;442.7		conjscan	conjscan_only	A	7/7	canonical	1	0	unscoreable	3	0	0														not_admitted	not_admitted	not_admitted	not_admitted	not_admitted	not_admitted	not_admitted
NZ_OW849471.1	MPF_F	IncFIB(K);IncFII(K);IncFII(pAR0022)	232	0	0	GA	0															not_admitted	not_admitted	not_admitted	not_admitted	not_admitted	not_admitted	not_admitted	not_admitted	not_admitted	not_admitted	1	144;143328;144317;-;366.6	134;136414;137781;-;384.1	138;139039;139791;-;233.7	148;145774;148413;-;258.5	133;133592;136414;-;346.4	158;152317;153741;-;89.5	148;145774;148413;-;88.7	160;154468;155034;-;167.0	143;142677;143315;-;66.9	142;140663;142618;-;259.4	129;128667;130976;-;393.1	156;151121;151705;-;53.8	129;128667;130976;-;66.6	A	9/9	contiguous	25801	1	1	132967..133569-;200;TraS;0
NZ_OW849492.1	MPF_F	IncA	238	0	0	GA	0															not_admitted	not_admitted	not_admitted	not_admitted	not_admitted	not_admitted	not_admitted	not_admitted	not_admitted	not_admitted	1	204;162850;163854;+;330.1	99;84435;85868;+;336.4	98;83405;84433;+;223.9	199;157645;160092;+;352.8	100;85881;89486;+;377.7	194;148818;150134;+;136.3	199;157645;160092;+;130.4	192;147294;147920;+;93.9	202;160914;162182;+;69.6	205;164005;166743;+;138.7	183;141639;143504;+;46.9	195;150131;150709;+;98.1	183;141639;143504;+;51.6	A	9/9	split_2	80600	0	1	
NZ_OW849529.1	MPF_F	IncFIB(pB171);IncFII(S);IncFII(SARC14)	157	0	0	GA	0															not_admitted	not_admitted	not_admitted	not_admitted	not_admitted	not_admitted	not_admitted	not_admitted	not_admitted	not_admitted	1	140;127666;128661;+;357.0	146;132914;134275;+;336.1	144;131498;132277;+;196.3	137;123982;126573;+;218.1	147;134277;137174;+;290.9	134;121199;122560;+;80.7	137;123982;126573;+;87.3	132;119919;120482;+;143.8	142;129037;129651;+;79.9	143;129648;131501;+;253.1	150;138753;141044;+;375.8	136;123372;123971;+;50.4	150;138753;141044;+;65.0	A	9/9	contiguous	18834	1	1	137186..137746+;186;unnamed;0
NZ_OW967004.1	MPF_F	IncFIB(AP001918);IncFII	142	0	0	GA	0															not_admitted	not_admitted	not_admitted	not_admitted	not_admitted	not_admitted	not_admitted	not_admitted	not_admitted	not_admitted	1	84;95662;96654;-;369.3	75;89227;90600;-;381.0	80;92190;92933;-;231.6	87;97663;100290;-;306.4	74;86405;89230;-;386.0	93;102345;103772;-;94.3	87;97663;100290;-;98.5	95;104487;105053;-;183.3	83;95015;95653;-;68.7	82;93210;95018;-;267.9	71;82748;84901;-;391.8	89;100806;101321;-;77.3	71;82748;84901;-;70.4	A	9/9	contiguous	21739	1	1	85899..86408-;169;unnamed;0
NZ_OW967007.1	MPF_T	IncI2	86	0	0	GA	1	49;35287;35769;-;81.1		62;50862;51146;-;36.5	61;48499;50856;-;58.5	61;48499;50856;-;44.9	71;55837;56478;-;45.1	72;56484;57482;-;131.5		60;47601;48335;-;144.3	59;46834;47604;-;170.4	58;45705;46844;-;154.7	52;37537;39075;-;207.1	56;42633;44591;-;288.1		pfam	pfam_only	A	7/7	rearranged	1	0	unscoreable	12	0	0														not_admitted	not_admitted	not_admitted	not_admitted	not_admitted	not_admitted	not_admitted
NZ_OW967008.1	MPF_T	IncN2	55	0	0	GA	1	40;35321;36103;-;33.3	38;34778;35074;-;36.0	37;34421;34738;-;71.9	36;31847;34420;-;118.0	36;31847;34420;-;74.2	35;31121;31831;-;107.4	33;29815;30852;-;121.9	32;29607;29738;-;40.1	31;28901;29596;-;132.6	30;28003;28890;-;147.8	29;26870;28003;-;166.3	28;25818;26819;-;90.1	19;12888;14420;+;51.8		pfam	both	A	7/7	canonical	1	0	ga	2	0	0														not_admitted	not_admitted	not_admitted	not_admitted	not_admitted	not_admitted	not_admitted
NZ_OW967264.1	MPF_F	IncFII(Cf)	133	0	0	GA	0															not_admitted	not_admitted	not_admitted	not_admitted	not_admitted	not_admitted	not_admitted	not_admitted	not_admitted	not_admitted	1	129;107964;108959;-;354.8	124;102735;104096;-;336.4	126;104732;105508;-;197.4	132;110052;112643;-;215.4	123;99839;102733;-;287.9	5;1906;3267;-;82.1	132;110052;112643;-;86.1	7;3984;4547;-;135.1	128;107331;107945;-;81.2	127;105505;107334;-;251.6	118;94780;96846;-;359.9		118;94780;96846;-;65.3	B	8/9	split_2	108146	1	1	99254..99829-;191;unnamed;0
NZ_OW967266.1	-	-	93	0	0	GA	1	52;29861;30382;-;86.8	75;53767;54051;-;30.3	74;53447;53752;-;44.4	73;50974;53439;-;122.5	73;50974;53439;-;66.0	72;50331;50987;-;156.2	71;49337;50299;-;107.0		70;48559;49242;-;135.4	69;47720;48562;-;159.7	68;46606;47730;-;143.1	61;39233;40786;-;219.8	9;5110;6651;+;46.7		pfam	both	A	7/7	canonical	1	0	unscoreable	12	0	0														not_admitted	not_admitted	not_admitted	not_admitted	not_admitted	not_admitted	not_admitted
NZ_OW967375.1	MPF_F	IncFIB(K);IncFII(K)	256	0	0	GA	0															not_admitted	not_admitted	not_admitted	not_admitted	not_admitted	not_admitted	not_admitted	not_admitted	not_admitted	not_admitted	1	210;215691;216680;-;363.3	199;208505;209872;-;382.2	203;211130;211882;-;236.4	214;218137;220776;-;259.0	198;205662;208505;-;342.9	225;224743;226167;-;88.8	214;218137;220776;-;87.6	227;226894;227460;-;167.9	208;214768;215415;-;65.9	207;212754;214709;-;259.5	194;200765;203077;-;392.8	222;223547;224131;-;53.8	194;200765;203077;-;65.9	A	9/9	contiguous	26129	1	1	205127..205651-;174;unnamed;0
NZ_OW967519.1	MPF_F	IncFIB(K);IncFII(Yp)	193	0	0	GA	0															not_admitted	not_admitted	not_admitted	not_admitted	not_admitted	not_admitted	not_admitted	not_admitted	not_admitted	not_admitted	1	151;159595;160587;-;366.6	142;153077;154447;-;376.4	145;155234;155986;-;229.0	154;161661;164300;-;258.8	141;150228;153077;-;336.6	161;166845;168260;-;82.7	154;161661;164300;-;84.2	163;168987;169553;-;162.4	150;158965;159582;-;66.8	149;157094;158968;-;256.7	139;147165;149444;-;389.8	160;166181;166750;-;53.1	139;147165;149444;-;66.6	A	9/9	contiguous	21822	1	1	149681..150217-;178;unnamed;0
NZ_OW967796.1	MPF_F	IncFIB(AP001918);IncFIC(FII)	153	0	0	GA	0															not_admitted	not_admitted	not_admitted	not_admitted	not_admitted	not_admitted	not_admitted	not_admitted	not_admitted	not_admitted	1	99;107511;108503;-;364.5	90;101076;102452;-;380.2	95;104039;104782;-;228.8	102;109512;112139;-;305.2	89;98257;101079;-;389.0	109;114194;115621;-;94.7	102;109512;112139;-;98.5	112;116336;116902;-;183.4	98;106864;107502;-;68.3	97;105059;106867;-;267.9	86;94570;96723;-;391.5	105;112655;113170;-;77.2	86;94570;96723;-;69.2	A	9/9	contiguous	21766	1	1	97756..98235-;159;TraS;0
NZ_OW967968.1	MPF_T	IncX3	58	0	0	GA	1	24;14692;15336;+;46.4	25;15320;15610;+;73.1	26;15635;18388;+;47.0	26;15635;18388;+;142.4	26;15635;18388;+;73.3	27;18398;19168;+;60.1	29;19447;20502;+;133.2		30;20697;21425;+;119.4	31;21431;22360;+;138.8	32;22357;23571;+;128.3	34;23767;24801;+;65.7	35;24804;26639;+;495.9		pfam	pfam_only	A	7/7	canonical	1	1	unscoreable	2	0	0														not_admitted	not_admitted	not_admitted	not_admitted	not_admitted	not_admitted	not_admitted
NZ_OW967979.1	MPF_T	IncX4	52	0	0	GA	1	48;33475;34095;-;44.9	47;33135;33461;-;64.4	46;30369;33116;-;62.7	46;30369;33116;-;151.8	46;30369;33116;-;46.1	45;29641;30357;-;97.3	44;28551;29630;-;157.5		42;27350;28036;-;167.4	41;26445;27353;-;142.3	40;25334;26452;-;162.9	39;24304;25332;-;85.0	38;22455;24272;-;316.5		pfam	pfam_only	A	7/7	canonical	1	1	unscoreable	1	0	0														not_admitted	not_admitted	not_admitted	not_admitted	not_admitted	not_admitted	not_admitted
NZ_OW968012.1	MPF_F	IncFIB(AP001918);IncFII;IncQ1	156	0	0	GA	0															not_admitted	not_admitted	not_admitted	not_admitted	not_admitted	not_admitted	not_admitted	not_admitted	not_admitted	not_admitted	1	98;105131;106123;-;369.3	89;98696;100069;-;381.0	94;101659;102402;-;231.6	101;107132;109759;-;306.4	88;95874;98699;-;386.0	107;111814;113241;-;94.3	101;107132;109759;-;98.5	109;113956;114522;-;183.3	97;104484;105122;-;68.7	96;102679;104487;-;267.9	85;92217;94370;-;391.8	103;110275;110790;-;77.3	85;92217;94370;-;70.4	A	9/9	contiguous	21739	1	1	95368..95877-;169;unnamed;0
NZ_OW968014.1	-	-	33	0	0	GA	1	11;9260;9799;+;50.5	13;10750;11109;+;77.7	14;11115;11435;+;36.3	15;11432;13933;+;71.4	15;11432;13933;+;81.2		18;14922;16529;+;61.0		19;16526;17170;+;67.5	20;17182;18096;+;183.6	22;18539;19753;+;204.1	12;9796;10740;+;99.7			none	none	B	6/7	canonical	0	0	unscoreable	3	0	0														not_admitted	not_admitted	not_admitted	not_admitted	not_admitted	not_admitted	not_admitted
NZ_OW968112.1	MPF_F	IncFIB(AP001918);IncFIC(FII);IncQ1	170	0	0	GA	0															not_admitted	not_admitted	not_admitted	not_admitted	not_admitted	not_admitted	not_admitted	not_admitted	not_admitted	not_admitted	1	96;95597;96589;+;369.3	107;102275;103648;+;378.0	100;99318;100061;+;234.1	93;91961;94588;+;305.4	108;103645;105486;+;391.2	87;88479;89906;+;94.3	93;91961;94588;+;98.5	85;87198;87764;+;183.8	97;96598;97236;+;68.4	98;97233;99041;+;268.4	113;109334;111487;+;391.9	91;90930;91445;+;78.4	113;109334;111487;+;70.4	A	9/9	contiguous	22136	0	1	
NZ_OW968278.1	MPF_F	IncFIA;IncFIB(AP001918);IncFII	145	0	0	GA	0															not_admitted	not_admitted	not_admitted	not_admitted	not_admitted	not_admitted	not_admitted	not_admitted	not_admitted	not_admitted	1	85;81030;82022;-;367.4	74;73971;75344;-;380.9	81;77558;78301;-;235.0	88;83031;85658;-;305.4	73;71149;73974;-;385.9	96;90299;91726;-;94.3	88;83031;85658;-;98.5	98;92441;92971;-;178.1	84;80383;81021;-;68.6	83;78578;80386;-;268.3	70;67466;69646;-;391.3	90;86174;86689;-;78.4	70;67466;69646;-;70.4	A	9/9	contiguous	24975	1	1	70643..71152-;169;unnamed;0
NZ_OW968291.1	MPF_F	IncFII(Yp);IncFII(pAR0022)	86	0	0	GA	0															not_admitted	not_admitted	not_admitted	not_admitted	not_admitted	not_admitted	not_admitted	not_admitted	not_admitted	not_admitted	1	22;25559;26560;-;355.1	16;19971;21335;-;334.9	18;21967;22746;-;195.0	25;27622;30213;-;219.1	15;17075;19969;-;292.8	32;32848;34209;-;83.7	25;27622;30213;-;88.5	34;34926;35489;-;136.9	20;24569;25183;-;80.1	19;22743;24572;-;256.0	12;13233;15458;-;368.7	26;30225;30839;-;49.1	12;13233;15458;-;62.4	A	9/9	contiguous	21693	1	1	16488..17063-;191;unnamed;0
NZ_OW968292.1	MPF_F	IncFII(pCoo)	67	0	0	GA	0															not_admitted	not_admitted	not_admitted	not_admitted	not_admitted	not_admitted	not_admitted	not_admitted	not_admitted	not_admitted	1	44;33709;34701;+;369.3	54;40034;41407;+;381.0	48;37429;38172;+;232.1	41;30070;32700;+;301.5	55;41404;44229;+;389.2	34;26257;27684;+;94.1	41;30070;32700;+;100.2	32;24976;25542;+;183.8	45;34710;35348;+;68.7	46;35345;37153;+;268.3	58;45731;47929;+;391.7	38;28806;29321;+;78.1	58;45731;47929;+;70.3	A	9/9	contiguous	20755	1	1	44226..44735+;169;unnamed;0
NZ_OW968329.1	MPF_F	IncFII(pSE11)	83	0	0	GA	0															not_admitted	not_admitted	not_admitted	not_admitted	not_admitted	not_admitted	not_admitted	not_admitted	not_admitted	not_admitted	1	55;45537;46529;+;369.5	68;53829;55202;+;381.7	60;49635;50378;+;233.1	52;41898;44528;+;304.1	69;55199;58024;+;374.0	45;37439;38866;+;94.3	52;41898;44528;+;98.7	43;36158;36724;+;179.9	57;46873;47511;+;68.6	58;47508;49358;+;266.1	73;60266;62509;+;382.0	48;39750;40265;+;77.9	73;60266;62509;+;66.8	A	9/9	contiguous	24108	1	1	58021..58530+;169;unnamed;0
NZ_OW968432.1	MPF_F	IncFIB(K);IncFII(K)	146	0	0	GA	0															not_admitted	not_admitted	not_admitted	not_admitted	not_admitted	not_admitted	not_admitted	not_admitted	not_admitted	not_admitted	1	102;99246;100238;-;366.6	92;92425;93795;-;381.2	96;94997;95749;-;232.4	105;101264;103903;-;258.7	91;89576;92425;-;344.2	114;107336;108760;-;84.2	105;101264;103903;-;88.8	116;109487;110053;-;168.4	101;98595;99233;-;67.0	100;96592;98598;-;259.0	87;85606;87762;-;393.4	113;106536;107093;-;53.2	87;85606;87762;-;65.8	A	9/9	contiguous	23881	1	1	89043..89573-;176;unnamed;0
NZ_OW968433.1	MPF_T	IncN	66	0	0	GA	1	24;18226;18960;+;32.5		27;19603;19920;+;63.3	28;19920;22520;+;113.8	28;19920;22520;+;76.4	29;22538;23251;+;105.5	31;23502;24542;+;142.4		32;24761;25459;+;131.9	33;25470;26354;+;159.7	34;26354;27514;+;156.3	35;27556;28551;+;81.2	43;36544;38073;-;38.5		pfam	both	A	7/7	canonical	1	0	unscoreable	10	0	0														not_admitted	not_admitted	not_admitted	not_admitted	not_admitted	not_admitted	not_admitted
NZ_OW969634.1	MPF_F	IncFIB(K);IncFII(K)	213	0	0	GA	0															not_admitted	not_admitted	not_admitted	not_admitted	not_admitted	not_admitted	not_admitted	not_admitted	not_admitted	not_admitted	1	145;137010;137999;-;363.3	134;129824;131191;-;383.5	138;132449;133201;-;233.7	149;139456;142095;-;259.0	133;127002;129824;-;346.5	160;146063;147487;-;88.0	149;139456;142095;-;88.7	162;148214;148780;-;167.9	143;136087;136734;-;66.9	142;134073;136028;-;259.7	129;122072;124384;-;392.8	157;144867;145451;-;53.8	129;122072;124384;-;65.9	A	9/9	contiguous	26142	1	1	126377..126979-;200;TraS;0
NZ_OW969713.1	MPF_T	IncN4	53	0	0	GA	1	25;14210;14950;+;34.8	27;15274;15564;+;44.7	28;15616;15930;+;65.3	29;15930;18560;+;123.6	29;15930;18560;+;87.4	30;18570;19277;+;114.7	32;19536;20579;+;126.7	33;20674;20844;+;41.4	34;20847;21563;+;145.6	35;21566;22453;+;144.4	36;22450;23604;+;174.0	37;23597;24628;+;78.1	42;29036;30613;-;54.8		pfam	both	A	7/7	canonical	1	0	ga	6	0	0														not_admitted	not_admitted	not_admitted	not_admitted	not_admitted	not_admitted	not_admitted
NZ_OW969714.1	-	-	33	0	0	GA	1	11;8426;8965;+;50.5	13;9916;10275;+;77.7	14;10281;10601;+;36.3	15;10598;13099;+;71.4	15;10598;13099;+;81.2		18;14088;15695;+;61.0		19;15692;16336;+;67.5	20;16348;17262;+;183.6	22;17705;18919;+;204.1	12;8962;9906;+;99.7			none	none	B	6/7	canonical	0	0	unscoreable	3	0	0														not_admitted	not_admitted	not_admitted	not_admitted	not_admitted	not_admitted	not_admitted
NZ_OW969876.1	MPF_T	IncHI1A(NDM-CIT);IncHI1B(pNDM-CIT)	292	1	0	GA	1		247;213102;213485;-;86.7	65;67733;68002;-;32.5	245;210371;212821;-;42.3	245;210371;212821;-;138.4	63;64530;65273;-;226.6	242;207937;209301;-;179.3		60;62104;62808;-;235.9	240;206214;207206;-;224.4	58;59832;61112;-;208.0	67;68382;69452;-;118.3	250;215007;217022;-;346.4	29;31553;34729;+;57.9	conjscan	conjscan_only	A	7/7	canonical	1	0	unscoreable	6	0	1	28;30827;31534;+;214.6			11;9302;11983;+;156.8		58;59832;61112;-;208.0	11;9302;11983;+;73.5	4;3144;3929;+;69.5	26;28826;30334;+;62.3	29;31553;34729;+;57.9	250;215007;217022;-;105.6	10;8343;9293;+;45.4	250;215007;217022;-;99.4	C	6/9	split_3	211863	0	1	
NZ_OW969877.1	MPF_F	IncFIB(pB171);IncFII(Yp);IncFII(pAR0022)	165	0	0	GA	0															not_admitted	not_admitted	not_admitted	not_admitted	not_admitted	not_admitted	not_admitted	not_admitted	not_admitted	not_admitted	1	104;108573;109559;-;368.4	96;102490;103860;-;376.7	100;105077;105826;-;218.2	107;110553;113183;-;285.5	95;99668;102490;-;336.5	113;115211;116605;-;90.9	107;110553;113183;-;98.6	115;117322;117888;-;169.9	103;107927;108556;-;66.9	102;106077;107930;-;257.4	92;96132;98333;-;384.8	112;114650;115189;-;64.9	92;96132;98333;-;63.9	A	9/9	contiguous	21190	1	1	99215..99646-;143;TraS;0
NZ_OW969878.1	MPF_F	-	144	0	0	GA	0															not_admitted	not_admitted	not_admitted	not_admitted	not_admitted	not_admitted	not_admitted	not_admitted	not_admitted	not_admitted	1	81;58644;60242;-;328.5	75;54222;55613;-;240.6	77;56087;56914;-;173.1	84;64034;66568;-;151.0	74;50569;54222;-;106.2	86;67086;68327;-;59.4	84;64034;66568;-;77.1	88;69155;69784;-;47.4	79;57449;58189;-;96.8	82;60401;61999;-;77.6	29;20818;23163;+;355.3	85;66568;67086;-;75.7	29;20818;23163;+;64.0	A	9/9	split_2	48337	1	1	50279..50467-;62;unnamed;0
NZ_OW969879.1	MPF_F	IncFII(Cf)	121	0	0	GA	0															not_admitted	not_admitted	not_admitted	not_admitted	not_admitted	not_admitted	not_admitted	not_admitted	not_admitted	not_admitted	1	78;59558;60553;+;354.8	83;64421;65782;+;336.2	81;63009;63785;+;197.4	75;55874;58465;+;215.4	84;65784;68678;+;287.9	69;52475;53836;+;82.1	75;55874;58465;+;86.8	67;51195;51758;+;135.1	79;60572;61186;+;81.2	80;61183;63012;+;251.6	87;70335;72401;+;362.5	74;55222;55863;+;41.7	87;70335;72401;+;65.3	A	9/9	contiguous	19140	1	1	68688..69263+;191;unnamed;0
NZ_OW969880.1	MPF_T	IncN2	64	0	0	GA	1	56;49666;50448;-;33.3	54;49123;49419;-;36.0	53;48766;49083;-;71.9	52;46192;48765;-;118.0	52;46192;48765;-;74.2	51;45463;46176;-;107.4	49;44157;45194;-;121.9	48;43949;44080;-;40.1	47;43243;43938;-;132.6	46;42345;43232;-;147.8	45;41212;42345;-;166.3	44;40160;41161;-;90.1	21;14242;15774;+;51.3		pfam	both	A	7/7	canonical	1	0	ga	2	0	0														not_admitted	not_admitted	not_admitted	not_admitted	not_admitted	not_admitted	not_admitted
NZ_OW969913.1	MPF_F	IncFIB(pNDM-Mar);IncHI1B(pNDM-MAR)	328	0	0	GA	0															not_admitted	not_admitted	not_admitted	not_admitted	not_admitted	not_admitted	not_admitted	not_admitted	not_admitted	not_admitted	1	240;210671;211708;-;282.3	131;104520;105929;+;190.0	130;103493;104530;+;176.6	252;222540;225257;-;148.5	132;105931;109845;+;120.9	256;227370;228740;-;65.8	252;222540;225257;-;85.2	259;230386;231246;-;79.0	241;211705;213066;-;69.9	239;207479;210661;-;60.1	123;94167;96293;-;58.4	253;225302;226039;-;56.9	123;94167;96293;-;41.0	A	9/9	split_2	136219	0	1	
NZ_OW970317.1	MPF_F	-	178	0	0	GA	0															not_admitted	not_admitted	not_admitted	not_admitted	not_admitted	not_admitted	not_admitted	not_admitted	not_admitted	not_admitted	1	67;75933;76925;-;356.3	58;69297;70664;-;357.1	64;72656;73453;-;219.8	72;79122;81767;-;258.2	57;66257;69304;-;290.4	81;86317;87702;-;97.5	72;79122;81767;-;95.3	83;88441;89040;-;90.2	66;75294;75923;-;59.6	65;73453;75297;-;208.3	53;61317;63938;-;363.3	74;81987;82529;-;41.5	53;61317;63938;-;69.9	A	9/9	contiguous	27124	1	1	65682..66239-;185;unnamed;0
NZ_OW970319.1	MPF_G	-	128	0	0	GA	0															not_admitted	not_admitted	not_admitted	not_admitted	not_admitted	not_admitted	not_admitted	not_admitted	not_admitted	not_admitted	1	50;42736;43710;+;196.8			47;38916;41780;+;288.1	53;45553;47061;+;261.5						37;30674;32773;+;36.8		37;30674;32773;+;49.3	D	3/9	contiguous	14879	0	0	
NZ_OW970375.1	MPF_F	IncFIB(K);IncFII(K);repB(R1701)	228	0	0	GA	0															not_admitted	not_admitted	not_admitted	not_admitted	not_admitted	not_admitted	not_admitted	not_admitted	not_admitted	not_admitted	1	168;151052;152041;+;366.0	178;157532;158902;+;381.4	174;155578;156330;+;230.7	164;146970;149609;+;258.5	179;158902;161745;+;346.5	156;142287;143711;+;89.2	164;146970;149609;+;88.7	154;140994;141560;+;169.3	169;152054;152692;+;67.0	170;152751;154706;+;259.7	183;164330;166642;+;392.8	157;143825;144409;+;55.4	183;164330;166642;+;65.9	A	9/9	contiguous	23336	1	1	161756..162280+;174;unnamed;0
NZ_OW970445.1	MPF_F	IncFII(K);repB(R1701)	129	0	0	GA	0															not_admitted	not_admitted	not_admitted	not_admitted	not_admitted	not_admitted	not_admitted	not_admitted	not_admitted	not_admitted	1	104;92543;93532;+;366.0	114;99023;100393;+;381.4	110;97069;97821;+;230.7	100;88461;91100;+;258.5	115;100393;103236;+;346.5	92;83778;85202;+;89.2	100;88461;91100;+;88.7	90;82485;83051;+;169.3	105;93545;94183;+;67.0	106;94242;96197;+;259.7	119;105821;108133;+;392.8	93;85316;85900;+;55.4	119;105821;108133;+;65.9	A	9/9	contiguous	23336	1	1	103247..103771+;174;unnamed;0
NZ_OW970488.1	MPF_F	IncFII(K);IncR	85	0	0	GA	0															not_admitted	not_admitted	not_admitted	not_admitted	not_admitted	not_admitted	not_admitted	not_admitted	not_admitted	not_admitted	1	58;42985;43977;+;362.9	71;51494;52864;+;383.8	67;49540;50292;+;233.2	55;39320;41959;+;259.1	72;52864;55737;+;347.6	45;34094;35518;+;89.2	55;39320;41959;+;83.9	43;32801;33367;+;168.4	62;46007;46654;+;65.7	63;46713;48668;+;259.7	75;57290;59602;+;393.1	47;36130;36699;+;55.3	75;57290;59602;+;66.6	A	9/9	contiguous	24489	1	1	55748..56281+;177;unnamed;0
NZ_OW995942.1	MPF_F	IncHI2;IncHI2A	266	0	0	GA	0															not_admitted	not_admitted	not_admitted	not_admitted	not_admitted	not_admitted	not_admitted	not_admitted	not_admitted	not_admitted	1	29;32275;33333;+;276.9	167;163833;165248;-;194.1	168;165238;166284;-;173.7	11;8955;11636;+;168.0	166;159874;163824;-;101.6	7;5270;6625;+;80.7	11;8955;11636;+;72.2	4;2758;3546;+;74.8	27;30622;32133;+;62.7	30;33352;36540;+;58.3	174;173325;175409;+;56.7	10;7996;8946;+;46.4	174;173325;175409;+;38.8	A	9/9	split_3	170567	0	1	
NZ_OW995943.1	MPF_F	-	117	0	0	GA	0															not_admitted	not_admitted	not_admitted	not_admitted	not_admitted	not_admitted	not_admitted	not_admitted	not_admitted	not_admitted	1	115;88107;89705;+;329.9	4;2804;3220;+;132.2	2;1503;2330;+;173.3	112;81781;84315;+;151.5	8;5546;9199;+;106.9	110;80022;81263;+;59.9	112;81781;84315;+;77.1	108;78565;79194;+;48.1	0;228;968;+;97.4	114;86350;87948;+;74.8	49;34965;37310;-;355.3	111;81263;81781;+;75.7	49;34965;37310;-;64.0	A	9/9	split_3	87879	1	1	9301..9489+;62;unnamed;0
NZ_OW995944.1	MPF_T	IncN	107	0	0	GA	1	24;21437;22174;+;32.0		27;22817;23134;+;63.3	28;23134;25734;+;111.8	28;23134;25734;+;76.4	29;25752;26465;+;105.5	31;26716;27756;+;142.4		32;27975;28673;+;131.9	33;28684;29568;+;159.7	34;29568;30728;+;156.3	35;30770;31765;+;81.2	85;71547;73076;-;38.5		pfam	both	A	7/7	canonical	1	0	unscoreable	3	0	0														not_admitted	not_admitted	not_admitted	not_admitted	not_admitted	not_admitted	not_admitted
NZ_OX030702.1	MPF_F	IncFII	107	0	0	GA	0															not_admitted	not_admitted	not_admitted	not_admitted	not_admitted	not_admitted	not_admitted	not_admitted	not_admitted	not_admitted	1	76;60868;61860;+;369.5	86;67639;69012;+;381.7	81;64966;65709;+;234.4	73;57229;59859;+;297.8	87;69009;71855;+;384.1	65;52510;53961;+;93.8	73;57229;59859;+;100.0	63;51229;51795;+;174.3	78;62204;62842;+;68.6	79;62839;64689;+;268.0	91;74097;75491;+;299.3	68;54821;55336;+;82.8		A	9/9	contiguous	22868	1	1	71852..72361+;169;unnamed;0
NZ_OX030705.1	MPF_T	IncX4	46	0	0	GA	1	18;10130;10750;+;41.6	19;10764;11090;+;64.4	20;11109;13856;+;63.8	20;11109;13856;+;151.8	20;11109;13856;+;46.1	21;13868;14584;+;94.2	22;14596;15690;+;150.1		24;16205;16891;+;169.0	25;16888;17796;+;142.4	26;17789;18907;+;163.9	27;18909;19937;+;85.0	28;19969;21786;+;316.5		pfam	pfam_only	A	7/7	canonical	1	1	unscoreable	1	0	0														not_admitted	not_admitted	not_admitted	not_admitted	not_admitted	not_admitted	not_admitted
NZ_OX030729.1	MPF_F	IncFIA;IncFIB(AP001918);IncFII(pRSB107)	130	0	0	GA	0															not_admitted	not_admitted	not_admitted	not_admitted	not_admitted	not_admitted	not_admitted	not_admitted	not_admitted	not_admitted	1	63;58236;59228;-;369.5	50;49104;50477;-;386.6	58;54387;55130;-;231.4	66;60237;62864;-;303.9	49;46288;49107;-;385.4	72;64749;66200;-;94.1	66;60237;62864;-;97.3	74;66915;67481;-;184.3	61;57254;57892;-;68.7	60;55407;57257;-;266.7	45;41823;44030;-;391.8	69;63380;63895;-;75.2	45;41823;44030;-;70.3	A	9/9	contiguous	25092	1	1	45772..46263-;163;TraS;0
NZ_OX030731.1	MPF_F	IncFII	107	0	0	GA	0															not_admitted	not_admitted	not_admitted	not_admitted	not_admitted	not_admitted	not_admitted	not_admitted	not_admitted	not_admitted	1	76;68158;69150;+;369.5	89;76343;77716;+;381.7	84;73670;74413;+;233.1	73;64519;67149;+;305.1	90;77713;80538;+;387.0	63;59167;60618;+;93.9	73;64519;67149;+;97.3	61;57886;58452;+;172.8	79;70093;70731;+;70.1	82;71543;73393;+;266.4	94;82780;84987;+;391.8	67;61979;62491;+;80.9	94;82780;84987;+;70.4	A	9/9	contiguous	24894	1	1	80535..81044+;169;unnamed;0
NZ_OX147903.1	MPF_F	IncFII(Yp);IncFII(pAR0022)	217	0	0	GA	0															not_admitted	not_admitted	not_admitted	not_admitted	not_admitted	not_admitted	not_admitted	not_admitted	not_admitted	not_admitted	1	198;158292;159278;+;370.3	206;164018;165388;+;377.9	202;162052;162801;+;218.3	195;154668;157298;+;285.5	207;165388;168249;+;335.2	189;151354;152748;+;90.9	195;154668;157298;+;98.6	187;150071;150637;+;171.0	199;159295;159924;+;66.8	200;159921;161801;+;259.4	210;169925;172174;+;382.9	190;152770;153309;+;67.0	210;169925;172174;+;63.8	A	9/9	contiguous	19854	1	1	168268..168753+;161;TraS;0
NZ_OX147905.1	MPF_F	IncFIB(pENTAS01);IncFII(Yp);IncFII(pECLA)	250	0	0	GA	0															not_admitted	not_admitted	not_admitted	not_admitted	not_admitted	not_admitted	not_admitted	not_admitted	not_admitted	not_admitted	1	147;130218;131204;-;370.3	140;124558;125931;-;375.9	143;126731;127480;-;217.8	150;132198;134828;-;285.5	139;121736;124558;-;335.5	156;136748;138142;-;91.7	150;132198;134828;-;98.6	158;138859;139425;-;168.4	146;129572;130201;-;66.7	145;127731;129575;-;258.9	135;118180;120402;-;384.8	155;136187;136726;-;67.0	135;118180;120402;-;63.9	A	9/9	contiguous	20679	1	1	121283..121714-;143;TraS;0
NZ_OX147917.1	MPF_F	IncFII(Yp)	168	0	0	GA	0															not_admitted	not_admitted	not_admitted	not_admitted	not_admitted	not_admitted	not_admitted	not_admitted	not_admitted	not_admitted	1	76;69134;70120;-;367.9	68;63051;64421;-;377.5	72;65638;66387;-;218.5	79;71114;73744;-;285.5	67;60190;63051;-;334.3	85;75772;77166;-;91.6	79;71114;73744;-;98.6	87;77883;78449;-;170.1	75;68488;69117;-;65.5	74;66638;68491;-;260.5	64;56397;58562;-;384.9	84;75211;75750;-;67.1	64;56397;58562;-;63.9	A	9/9	contiguous	21486	1	1	59707..60171-;154;TraS;0
NZ_OX211907.1	MPF_T	ColKP3;IncX1	64	0	0	GA	1	3;3946;4593;-;45.2	2;3672;3968;-;77.5	1;900;3653;-;46.6	1;900;3653;-;148.0	1;900;3653;-;75.3	0;140;889;-;67.5	61;56327;57388;-;135.0		60;55369;56082;-;117.0	59;54435;55364;-;133.7	58;53233;54438;-;132.5	57;52200;53231;-;79.0	56;50362;52197;-;486.8		pfam	pfam_only	A	7/7	rearranged	1	1	unscoreable	0	0	0														not_admitted	not_admitted	not_admitted	not_admitted	not_admitted	not_admitted	not_admitted
NZ_OX211908.1	MPF_T	ColKP3;IncX3	67	0	0	GA	1	20;12365;13009;+;46.4	21;12993;13283;+;73.1	22;13308;16061;+;47.0	22;13308;16061;+;142.4	22;13308;16061;+;73.3	23;16071;16841;+;60.1	25;17120;18175;+;132.8		26;18370;19098;+;119.4	27;19104;20033;+;138.8	28;20030;21244;+;128.3	30;21440;22474;+;65.7	31;22477;24312;+;495.9		pfam	pfam_only	A	7/7	canonical	1	1	unscoreable	2	0	0														not_admitted	not_admitted	not_admitted	not_admitted	not_admitted	not_admitted	not_admitted
NZ_OX337253.1	MPF_F	IncFIB(K);IncFII(K)	252	0	0	GA	0															not_admitted	not_admitted	not_admitted	not_admitted	not_admitted	not_admitted	not_admitted	not_admitted	not_admitted	not_admitted	1	197;199000;199992;-;366.6	187;192179;193549;-;381.2	191;194751;195503;-;232.4	200;201018;203657;-;258.7	186;189330;192179;-;344.2	209;207472;208896;-;89.2	200;201018;203657;-;88.8	211;209623;210189;-;167.0	196;198349;198987;-;67.0	195;196346;198352;-;259.0	182;185204;187516;-;393.2	207;206291;206860;-;49.7	182;185204;187516;-;65.8	A	9/9	contiguous	24419	1	1	188797..189327-;176;unnamed;0
NZ_OX442404.1	MPF_F	IncHI2;IncHI2A	300	0	0	GA	0															not_admitted	not_admitted	not_admitted	not_admitted	not_admitted	not_admitted	not_admitted	not_admitted	not_admitted	not_admitted	1	270;244063;245121;-;276.9	96;83501;84916;+;194.1	95;82465;83511;+;173.7	288;265760;268441;-;168.0	97;84925;88875;+;101.6	292;270771;272126;-;80.7	288;265760;268441;-;72.2	295;273850;274638;-;74.8	272;245263;246774;-;62.7	269;240856;244044;-;58.3	89;73340;75424;-;56.7	289;268450;269400;-;46.4	89;73340;75424;-;38.8	A	9/9	split_3	200510	0	1	
NZ_OX442408.1	MPF_T	IncI2	83	0	0	GA	1	78;60205;60687;+;81.1		63;44325;44609;+;36.6	64;44615;46972;+;58.5	64;44615;46972;+;44.9	51;38231;38872;+;42.8	50;37230;38225;+;128.5		66;47138;47872;+;144.3	67;47869;48639;+;170.5	68;48629;49768;+;154.7	75;56899;58437;+;207.1	70;50858;52816;+;289.6		pfam	pfam_only	A	7/7	rearranged	1	0	unscoreable	17	1	0														not_admitted	not_admitted	not_admitted	not_admitted	not_admitted	not_admitted	not_admitted
NZ_OX442410.1	MPF_F	IncFIB(AP001918);IncFIC(FII)	142	0	0	GA	0															not_admitted	not_admitted	not_admitted	not_admitted	not_admitted	not_admitted	not_admitted	not_admitted	not_admitted	not_admitted	1	91;90454;91446;+;369.3	102;97132;98505;+;378.0	95;94175;94918;+;234.1	88;86818;89445;+;306.8	103;98502;101324;+;389.5	82;83336;84763;+;94.3	88;86818;89445;+;98.5	80;82055;82621;+;183.8	92;91455;92093;+;68.4	93;92090;93898;+;268.4	106;102853;105006;+;391.9	86;85787;86302;+;78.4	106;102853;105006;+;70.4	A	9/9	contiguous	20798	1	1	101346..101837+;163;TraS;0
NZ_OX442414.1	MPF_T	-	57	0	0	GA	1				44;27119;29587;+;104.4		21;13441;14397;+;26.6	1;280;1410;+;96.2		46;29732;30409;+;114.6	47;30409;31473;+;98.3	48;31470;32603;+;144.0	51;33460;34413;+;100.8	53;34827;36713;+;242.5		pfam	pfam_only	A	7/7	rearranged	1	0	unscoreable	4	0	0														not_admitted	not_admitted	not_admitted	not_admitted	not_admitted	not_admitted	not_admitted
NZ_OX460313.1	MPF_F	IncFIA;IncFIB(AP001918);IncFII	167	0	0	GA	0															not_admitted	not_admitted	not_admitted	not_admitted	not_admitted	not_admitted	not_admitted	not_admitted	not_admitted	not_admitted	1	87;92073;93065;-;369.3	78;85638;87014;-;381.0	83;88601;89344;-;230.0	90;94074;96701;-;306.5	77;82819;85641;-;387.5	97;98756;100183;-;94.3	90;94074;96701;-;98.5	99;100898;101464;-;183.3	86;91426;92064;-;66.7	85;89621;91429;-;267.9	74;79097;81286;-;391.8	93;97217;97732;-;77.3	74;79097;81286;-;70.3	A	9/9	contiguous	21801	1	1	82301..82798-;165;TraS;0
NZ_OX460314.1	MPF_T	IncX1;IncX3	46	0	0	GA	1	24;21890;22537;-;45.2	23;21616;21912;-;77.5	22;18844;21597;-;46.6	22;18844;21597;-;148.0	22;18844;21597;-;75.3	21;18075;18833;-;67.3	19;16648;17778;-;103.0		18;15690;16403;-;120.0	17;14756;15685;-;133.8	16;13554;14759;-;132.5	15;12521;13552;-;79.0	14;10683;12518;-;489.0		pfam	pfam_only	A	7/7	canonical	1	1	unscoreable	1	0	0														not_admitted	not_admitted	not_admitted	not_admitted	not_admitted	not_admitted	not_admitted
NZ_OX460317.1	MPF_F	IncFII(29)	91	0	0	GA	0															not_admitted	not_admitted	not_admitted	not_admitted	not_admitted	not_admitted	not_admitted	not_admitted	not_admitted	not_admitted	1	64;46844;47836;+;369.5	75;53571;54944;+;386.6	69;50900;51643;+;234.4	61;43205;45835;+;300.9	76;54941;57766;+;385.4	53;38517;39944;+;93.9	61;43205;45835;+;101.1	51;37236;37802;+;182.3	66;48180;48818;+;70.7	67;48815;50623;+;267.1	80;60008;62233;+;391.7	57;41066;41581;+;77.9	80;60008;62233;+;70.3	A	9/9	contiguous	22772	1	1	57763..58272+;169;unnamed;0
NZ_OX460319.1	MPF_F	IncFIA;IncFIB(AP001918);IncFII	167	0	0	GA	0															not_admitted	not_admitted	not_admitted	not_admitted	not_admitted	not_admitted	not_admitted	not_admitted	not_admitted	not_admitted	1	87;92073;93065;-;369.3	78;85638;87014;-;381.0	83;88601;89344;-;230.0	90;94074;96701;-;306.5	77;82819;85641;-;387.5	97;98756;100183;-;94.3	90;94074;96701;-;98.5	99;100898;101464;-;183.3	86;91426;92064;-;66.7	85;89621;91429;-;267.9	74;79097;81286;-;391.8	93;97217;97732;-;77.3	74;79097;81286;-;70.3	A	9/9	contiguous	21801	1	1	82301..82798-;165;TraS;0
NZ_OX460321.1	MPF_T	IncX1;IncX3	46	0	0	GA	1	24;21890;22537;-;45.2	23;21616;21912;-;77.5	22;18844;21597;-;46.6	22;18844;21597;-;148.0	22;18844;21597;-;75.3	21;18075;18833;-;67.3	19;16648;17778;-;103.0		18;15690;16403;-;120.0	17;14756;15685;-;133.8	16;13554;14759;-;132.5	15;12521;13552;-;79.0	14;10683;12518;-;489.0		pfam	pfam_only	A	7/7	canonical	1	1	unscoreable	1	0	0														not_admitted	not_admitted	not_admitted	not_admitted	not_admitted	not_admitted	not_admitted
NZ_OX460324.1	MPF_F	IncFII(29)	91	0	0	GA	0															not_admitted	not_admitted	not_admitted	not_admitted	not_admitted	not_admitted	not_admitted	not_admitted	not_admitted	not_admitted	1	64;46844;47836;+;369.5	75;53571;54944;+;386.6	69;50900;51643;+;234.4	61;43205;45835;+;300.9	76;54941;57766;+;385.4	53;38517;39944;+;93.9	61;43205;45835;+;101.1	51;37236;37802;+;182.3	66;48180;48818;+;70.7	67;48815;50623;+;267.1	80;60008;62233;+;391.7	57;41066;41581;+;77.9	80;60008;62233;+;70.3	A	9/9	contiguous	22772	1	1	57763..58272+;169;unnamed;0
NZ_OX460327.1	MPF_F	IncFII(29)	91	0	0	GA	0															not_admitted	not_admitted	not_admitted	not_admitted	not_admitted	not_admitted	not_admitted	not_admitted	not_admitted	not_admitted	1	64;46844;47836;+;369.5	75;53571;54944;+;386.6	69;50900;51643;+;234.4	61;43205;45835;+;300.9	76;54941;57766;+;385.4	53;38517;39944;+;93.9	61;43205;45835;+;101.1	51;37236;37802;+;182.3	66;48180;48818;+;70.7	67;48815;50623;+;267.1	80;60008;62233;+;391.7	57;41066;41581;+;77.9	80;60008;62233;+;70.3	A	9/9	contiguous	22772	1	1	57763..58272+;169;unnamed;0
NZ_OX460331.1	MPF_F	IncFII(29)	91	0	0	GA	0															not_admitted	not_admitted	not_admitted	not_admitted	not_admitted	not_admitted	not_admitted	not_admitted	not_admitted	not_admitted	1	64;46844;47836;+;369.5	75;53571;54944;+;386.6	69;50900;51643;+;234.4	61;43205;45835;+;300.9	76;54941;57766;+;385.4	53;38517;39944;+;93.9	61;43205;45835;+;101.1	51;37236;37802;+;182.3	66;48180;48818;+;70.7	67;48815;50623;+;267.1	80;60008;62233;+;391.7	57;41066;41581;+;77.9	80;60008;62233;+;70.3	A	9/9	contiguous	22772	1	1	57763..58272+;169;unnamed;0
NZ_OX460333.1	MPF_F	IncFIA;IncFIB(AP001918);IncFII	167	0	0	GA	0															not_admitted	not_admitted	not_admitted	not_admitted	not_admitted	not_admitted	not_admitted	not_admitted	not_admitted	not_admitted	1	87;92073;93065;-;369.3	78;85638;87014;-;381.0	83;88601;89344;-;230.0	90;94074;96701;-;306.5	77;82819;85641;-;387.5	97;98756;100183;-;94.3	90;94074;96701;-;98.5	99;100898;101464;-;183.3	86;91426;92064;-;66.7	85;89621;91429;-;267.9	74;79097;81286;-;391.8	93;97217;97732;-;77.3	74;79097;81286;-;70.3	A	9/9	contiguous	21801	1	1	82301..82798-;165;TraS;0
NZ_OX460334.1	MPF_T	IncX1;IncX3	46	0	0	GA	1	24;21890;22537;-;45.2	23;21616;21912;-;77.5	22;18844;21597;-;46.6	22;18844;21597;-;148.0	22;18844;21597;-;75.3	21;18075;18833;-;67.3	19;16648;17778;-;103.0		18;15690;16403;-;120.0	17;14756;15685;-;133.8	16;13554;14759;-;132.5	15;12521;13552;-;79.0	14;10683;12518;-;489.0		pfam	pfam_only	A	7/7	canonical	1	1	unscoreable	1	0	0														not_admitted	not_admitted	not_admitted	not_admitted	not_admitted	not_admitted	not_admitted
NZ_OX460339.1	MPF_F	IncFII(29)	91	0	0	GA	0															not_admitted	not_admitted	not_admitted	not_admitted	not_admitted	not_admitted	not_admitted	not_admitted	not_admitted	not_admitted	1	64;46844;47836;+;369.5	75;53571;54944;+;386.6	69;50900;51643;+;234.4	61;43205;45835;+;300.9	76;54941;57766;+;385.4	53;38517;39944;+;93.9	61;43205;45835;+;101.1	51;37236;37802;+;182.3	66;48180;48818;+;70.7	67;48815;50623;+;267.1	80;60008;62242;+;391.7	57;41066;41581;+;77.9	80;60008;62242;+;70.3	A	9/9	contiguous	22772	1	1	57763..58272+;169;unnamed;0
NZ_OX460340.1	MPF_F	IncFIA;IncFIB(AP001918);IncFII	167	0	0	GA	0															not_admitted	not_admitted	not_admitted	not_admitted	not_admitted	not_admitted	not_admitted	not_admitted	not_admitted	not_admitted	1	87;92073;93065;-;369.3	78;85638;87014;-;381.0	83;88601;89344;-;230.0	90;94074;96701;-;306.5	77;82819;85641;-;387.5	97;98756;100183;-;94.3	90;94074;96701;-;98.5	99;100898;101464;-;183.3	86;91426;92064;-;66.7	85;89621;91429;-;267.9	74;79097;81286;-;391.8	93;97217;97732;-;77.3	74;79097;81286;-;70.3	A	9/9	contiguous	21801	1	1	82301..82798-;165;TraS;0
NZ_OX460341.1	MPF_T	IncX1;IncX3	46	0	0	GA	1	24;21890;22537;-;45.2	23;21616;21912;-;77.5	22;18844;21597;-;46.6	22;18844;21597;-;148.0	22;18844;21597;-;75.3	21;18075;18833;-;67.3	19;16648;17778;-;103.0		18;15690;16403;-;120.0	17;14756;15685;-;133.8	16;13554;14759;-;132.5	15;12521;13552;-;79.0	14;10683;12518;-;489.0		pfam	pfam_only	A	7/7	canonical	1	1	unscoreable	1	0	0														not_admitted	not_admitted	not_admitted	not_admitted	not_admitted	not_admitted	not_admitted
NZ_OX460965.1	-	-	46	0	0	GA	1	42;37191;37859;-;44.1	41;36888;37181;-;75.0	40;34131;36878;-;63.4	40;34131;36878;-;138.1	40;34131;36878;-;58.9	39;33397;34119;-;119.9	37;32095;33096;-;161.0		35;31212;31895;-;172.2	34;30316;31212;-;141.8	33;29039;30319;-;161.7	32;28000;29028;-;81.0			pfam	pfam_only	B	6/7	canonical	1	1	unscoreable	2	0	0														not_admitted	not_admitted	not_admitted	not_admitted	not_admitted	not_admitted	not_admitted
NZ_OX461106.1	MPF_T	-	128	0	0	GA	1	124;106281;106949;-;44.1	123;106092;106271;-;40.3	122;103221;105968;-;63.0	122;103221;105968;-;137.1	122;103221;105968;-;58.9	121;102487;103209;-;118.4	119;101185;102186;-;161.0		117;100302;100985;-;174.3	96;76548;77597;-;229.0	95;75331;76551;-;216.3	114;97090;98118;-;81.0			pfam	pfam_only	B	6/7	canonical	1	1	unscoreable	2	0	0														not_admitted	not_admitted	not_admitted	not_admitted	not_admitted	not_admitted	not_admitted
NZ_OX461118.1	MPF_F	-	166	0	0	GA	0															not_admitted	not_admitted	not_admitted	not_admitted	not_admitted	not_admitted	not_admitted	not_admitted	not_admitted	not_admitted	1	77;61375;62382;+;328.3	155;129947;131380;+;336.8	154;128917;129945;+;219.2	72;56179;58623;+;356.6	156;131393;135007;+;366.8	67;47351;48667;+;131.5	72;56179;58623;+;130.7	65;45827;46453;+;94.5	75;59445;60710;+;69.7	78;62498;65242;+;139.7	57;40492;42357;+;49.3	68;48664;49242;+;101.2	57;40492;42357;+;52.1	A	9/9	split_2	90901	0	1	
NZ_OX637960.1	MPF_F	Col156;IncFIA;IncFIB(AP001918);IncFII	189	0	0	GA	0															not_admitted	not_admitted	not_admitted	not_admitted	not_admitted	not_admitted	not_admitted	not_admitted	not_admitted	not_admitted	1	119;105280;106272;-;369.5	109;98128;99501;-;381.7	114;101431;102174;-;234.4	122;107281;109911;-;304.1	108;95309;98131;-;374.0	129;112910;114361;-;94.2	122;107281;109911;-;97.1	131;115076;115642;-;174.3	117;104298;104936;-;68.6	116;102451;104301;-;266.1	104;90839;93037;-;391.2	126;111535;112050;-;78.4	104;90839;93037;-;70.3	A	9/9	contiguous	24237	1	1	94808..95287-;159;TraS;0
NZ_OX637962.1	MPF_F	Col156;IncFIA;IncFIB(AP001918);IncFII(pRSB107)	167	0	0	GA	0															not_admitted	not_admitted	not_admitted	not_admitted	not_admitted	not_admitted	not_admitted	not_admitted	not_admitted	not_admitted	1	97;89054;90046;-;369.5	89;84545;85918;-;382.2	92;86555;87100;-;44.4	100;91055;93682;-;303.9	88;81729;84548;-;386.3	106;95567;97018;-;94.1	100;91055;93682;-;96.5	108;97733;98299;-;184.3			84;77237;79471;-;391.7	103;94198;94713;-;75.2	84;77237;79471;-;70.3	C	7/9	contiguous	20496	1	0	81213..81704-;163;TraS;0
NZ_OX637963.1	MPF_F	IncFII	91	0	0	GA	0															not_admitted	not_admitted	not_admitted	not_admitted	not_admitted	not_admitted	not_admitted	not_admitted	not_admitted	not_admitted	1	65;51985;52977;+;369.5	75;58756;60129;+;381.7	70;56083;56826;+;234.4	62;48346;50976;+;304.1	76;60126;62948;+;374.0	55;43896;45347;+;94.2	62;48346;50976;+;97.1	53;42615;43181;+;174.3	67;53321;53959;+;68.6	68;53956;55806;+;266.1	80;65220;67418;+;391.2	58;46207;46722;+;78.4	80;65220;67418;+;70.3	A	9/9	contiguous	22605	1	1	62970..63449+;159;TraS;0
NZ_OX637965.1	MPF_F	Col156;IncFIA;IncFIB(AP001918);IncFII(pRSB107)	134	0	0	GA	0															not_admitted	not_admitted	not_admitted	not_admitted	not_admitted	not_admitted	not_admitted	not_admitted	not_admitted	not_admitted	1	79;74785;75777;-;369.5	64;63113;64486;-;386.6	72;68396;69139;-;231.4	82;76786;79413;-;303.9	63;60297;63116;-;386.3	88;81298;82749;-;94.1	82;76786;79413;-;96.5	90;83464;84030;-;184.3	75;71263;71901;-;68.7	74;69416;71266;-;266.7	59;55850;58039;-;391.8	85;79929;80444;-;75.2	59;55850;58039;-;70.3	A	9/9	contiguous	27614	1	1	59781..60272-;163;TraS;0
NZ_OX637966.1	MPF_F	IncFII	87	0	0	GA	0															not_admitted	not_admitted	not_admitted	not_admitted	not_admitted	not_admitted	not_admitted	not_admitted	not_admitted	not_admitted	1	57;46300;47292;+;369.5	73;55549;56922;+;381.3	67;52601;53344;+;234.4	54;42661;45291;+;305.1	74;56919;59744;+;373.4	45;37309;38760;+;93.9	54;42661;45291;+;97.3	43;36028;36594;+;172.8	62;49024;49662;+;70.1	65;50474;52324;+;272.1	78;61986;64247;+;391.6	49;40121;40633;+;80.9	78;61986;64247;+;70.3	A	9/9	contiguous	25958	1	1	59741..60250+;169;unnamed;0
NZ_OX638612.1	MPF_T	-	55	0	0	GA	1	32;25292;26164;-;23.5		30;24451;24741;-;58.5	29;21803;24451;-;104.0	29;21803;24451;-;88.6	28;21028;21801;-;104.7	26;19700;20764;-;125.3	25;19416;19607;-;48.3	24;18697;19419;-;127.9	23;17819;18697;-;150.8	22;16665;17822;-;162.5	21;15622;16653;-;80.4	17;9622;11160;+;51.0		pfam	both	A	7/7	canonical	1	0	ga	5	0	0														not_admitted	not_admitted	not_admitted	not_admitted	not_admitted	not_admitted	not_admitted
NZ_OX638703.1	MPF_T	-	78	0	0	GA	1	74;59079;59951;+;23.5		76;60502;60792;+;58.5	0;132;1946;+;87.9		1;1948;2721;+;104.7	3;2985;4049;+;125.3	4;4142;4333;+;48.3	5;4330;5052;+;127.9	6;5052;5930;+;150.8	7;5927;7084;+;162.5	8;7096;8127;+;80.4	12;12589;14127;-;51.0		pfam	both	A	7/7	canonical	1	0	ga	5	0	0														not_admitted	not_admitted	not_admitted	not_admitted	not_admitted	not_admitted	not_admitted
NZ_OY019089.1	MPF_F	Col156;IncFIA;IncFIB(AP001918);IncFII	191	0	0	GA	0															not_admitted	not_admitted	not_admitted	not_admitted	not_admitted	not_admitted	not_admitted	not_admitted	not_admitted	not_admitted	1	129;119111;120103;-;367.4	118;112052;113425;-;380.9	125;115639;116382;-;235.0	132;121112;123739;-;305.4	117;109230;112055;-;385.9	138;125794;127221;-;94.3	132;121112;123739;-;98.5	140;127936;128502;-;183.8	128;118464;119102;-;68.6	127;116659;118467;-;268.3	114;105520;107727;-;391.3	134;124255;124770;-;78.4	114;105520;107727;-;70.4	A	9/9	contiguous	22416	1	1	108724..109233-;169;unnamed;0
NZ_OY754350.1	MPF_F	IncFIA;IncFIB(AP001918);IncFIC(FII)	178	0	0	GA	0															not_admitted	not_admitted	not_admitted	not_admitted	not_admitted	not_admitted	not_admitted	not_admitted	not_admitted	not_admitted	1	101;109927;110919;-;369.3	90;102868;104241;-;378.0	97;106455;107198;-;234.5	104;111928;114555;-;305.4	89;100049;102871;-;389.5	110;116610;118037;-;94.3	104;111928;114555;-;98.5	112;118752;119318;-;182.9	100;109280;109918;-;68.4	99;107475;109283;-;268.4	86;96367;98520;-;391.9	106;115071;115586;-;78.4	86;96367;98520;-;70.4	A	9/9	contiguous	22385	1	1	99536..100027-;163;TraS;0
NZ_OY754352.1	MPF_T	IncX4	52	0	0	GA	1	33;25366;25986;-;46.9	32;25026;25352;-;64.4	31;22260;25007;-;62.7	31;22260;25007;-;151.8	31;22260;25007;-;46.1	30;21532;22248;-;97.3	29;20442;21521;-;157.5		27;19241;19927;-;169.0	26;18336;19244;-;144.7	25;17225;18343;-;163.9	24;16195;17223;-;85.0	23;14346;16163;-;316.5		pfam	pfam_only	A	7/7	canonical	1	1	unscoreable	1	0	0														not_admitted	not_admitted	not_admitted	not_admitted	not_admitted	not_admitted	not_admitted
NZ_OY754358.1	MPF_F	IncHI2;IncHI2A	206	0	0	GA	0															not_admitted	not_admitted	not_admitted	not_admitted	not_admitted	not_admitted	not_admitted	not_admitted	not_admitted	not_admitted	1	27;32721;33779;+;276.9	127;123707;125122;-;194.1	128;125112;126158;-;174.1	11;8955;11636;+;168.0	126;119745;123698;-;101.6	7;5270;6625;+;80.7	11;8955;11636;+;72.2	4;2758;3546;+;74.8	25;31068;32579;+;62.0	28;33798;36986;+;57.3	135;133198;135282;+;56.8	10;7996;8946;+;46.1	135;133198;135282;+;38.8	A	9/9	split_3	130440	1	1	118275..119564-;429;unnamed;0
NZ_OY754360.1	MPF_F	IncFIB(AP001918);IncFII	145	0	0	GA	0															not_admitted	not_admitted	not_admitted	not_admitted	not_admitted	not_admitted	not_admitted	not_admitted	not_admitted	not_admitted	1	90;88456;89448;-;367.3	79;81396;82769;-;374.3	86;84984;85727;-;234.1	93;90457;93084;-;305.4	78;80335;81399;-;276.7	99;95139;96566;-;94.4	93;90457;93084;-;99.1	101;97281;97847;-;183.8	89;87809;88447;-;67.3	88;86004;87812;-;268.3	71;72327;74480;-;391.1	95;93600;94115;-;77.3	71;72327;74480;-;69.2	A	9/9	contiguous	24954	1	1	79895..80320-;141;unnamed;0
NZ_OY754367.1	MPF_T	IncI2(Delta)	80	0	0	GA	1	39;29681;30163;-;81.1	55;46200;46490;-;28.9	54;45809;46093;-;36.5	53;43446;45803;-;60.7	53;43446;45803;-;44.1	65;51237;51878;-;42.8	66;51884;52879;-;128.5		51;42546;43280;-;144.4	50;41779;42549;-;170.5	49;40650;41789;-;154.7	42;31931;33469;-;207.1	47;37546;39504;-;287.0		pfam	pfam_only	A	7/7	rearranged	1	0	unscoreable	15	1	0														not_admitted	not_admitted	not_admitted	not_admitted	not_admitted	not_admitted	not_admitted
NZ_OY754368.1	MPF_T	IncN	51	0	0	GA	1	12;9040;9774;+;32.5	14;10074;10367;+;28.7	15;10417;10734;+;63.3	16;10734;13334;+;111.8	16;10734;13334;+;76.8	17;13352;14065;+;97.1	19;14316;15356;+;153.6		20;15575;16273;+;131.9	21;16284;17168;+;159.0	22;17168;18328;+;154.9	23;18370;19365;+;81.2	32;29351;30880;-;38.5		pfam	both	A	7/7	canonical	1	0	unscoreable	10	0	0														not_admitted	not_admitted	not_admitted	not_admitted	not_admitted	not_admitted	not_admitted
NZ_OY754372.1	MPF_F	IncFIB(AP001918);IncFII	123	0	0	GA	0															not_admitted	not_admitted	not_admitted	not_admitted	not_admitted	not_admitted	not_admitted	not_admitted	not_admitted	not_admitted	1	69;59531;60523;-;369.3	58;52439;53812;-;380.9	65;56017;56760;-;233.6	72;61532;64159;-;304.6	57;49617;52442;-;385.7	79;66312;67739;-;94.3	72;61532;64159;-;98.5	81;68454;69020;-;183.8	68;58884;59522;-;68.3	67;57037;58887;-;265.2	54;45960;48113;-;391.8	75;64675;65190;-;78.4	54;45960;48113;-;70.4	A	9/9	contiguous	22494	1	1	49111..49620-;169;unnamed;0
NZ_OY754374.1	MPF_F	IncFII	86	0	0	GA	0															not_admitted	not_admitted	not_admitted	not_admitted	not_admitted	not_admitted	not_admitted	not_admitted	not_admitted	not_admitted	1	60;50154;51146;+;369.5	71;57316;58689;+;378.1	67;55352;56095;+;234.4	57;46515;49145;+;298.3	72;58686;61505;+;389.2	50;41819;43246;+;94.1	57;46515;49145;+;97.3	48;40538;41104;+;183.8	62;51775;52413;+;70.1	65;53225;55075;+;266.7	76;63775;66009;+;391.7	54;44368;44883;+;77.9	76;63775;66009;+;70.3	A	9/9	contiguous	23237	1	1	61530..62021+;163;TraS;0
NZ_OY754378.1	MPF_F	IncHI2;IncHI2A	221	0	0	GA	0															not_admitted	not_admitted	not_admitted	not_admitted	not_admitted	not_admitted	not_admitted	not_admitted	not_admitted	not_admitted	1	27;31208;32266;+;276.9	135;130009;131424;-;194.1	136;131414;132460;-;174.3	11;8955;11636;+;168.0	134;126047;130000;-;101.6	7;5270;6625;+;80.7	11;8955;11636;+;72.2	4;2758;3546;+;74.8	25;29555;31066;+;62.0	28;32285;35473;+;57.3	143;139502;141586;+;56.8	10;7996;8946;+;46.1	143;139502;141586;+;38.8	A	9/9	split_3	136744	1	1	124577..125866-;429;unnamed;0
NZ_OY754379.1	MPF_F	IncFIB(AP001918);IncFII(pRSB107)	151	0	0	GA	0															not_admitted	not_admitted	not_admitted	not_admitted	not_admitted	not_admitted	not_admitted	not_admitted	not_admitted	not_admitted	1	85;86271;87263;-;369.3	73;78557;79933;-;381.0	78;81520;82263;-;234.4	88;88272;90902;-;306.8	72;75735;78560;-;389.2	97;94334;95761;-;93.9	88;88272;90902;-;98.5	99;96476;97042;-;183.8	81;84345;84983;-;69.4	80;82540;84348;-;268.0	69;72060;74231;-;391.8	94;92935;93450;-;76.1	69;72060;74231;-;70.4	A	9/9	contiguous	24416	1	1	75229..75738-;169;unnamed;0
NZ_OY754383.1	MPF_F	IncHI2;IncHI2A	211	0	0	GA	0															not_admitted	not_admitted	not_admitted	not_admitted	not_admitted	not_admitted	not_admitted	not_admitted	not_admitted	not_admitted	1	30;34813;35871;+;276.9	130;125799;127214;-;194.1	131;127204;128250;-;174.1	11;8955;11636;+;168.0	129;121837;125790;-;101.6	7;5270;6625;+;80.7	11;8955;11636;+;72.2	4;2758;3546;+;74.8	28;33160;34671;+;62.0	31;35890;39078;+;57.3	138;135290;137374;+;56.8	10;7996;8946;+;46.1	138;135290;137374;+;38.8	A	9/9	split_3	132532	1	1	120367..121656-;429;unnamed;0
NZ_OY754385.1	MPF_F	IncFII	112	0	0	GA	0															not_admitted	not_admitted	not_admitted	not_admitted	not_admitted	not_admitted	not_admitted	not_admitted	not_admitted	not_admitted	1	89;72176;73168;+;369.3	101;79527;80900;+;374.4	96;77218;77961;+;235.0	86;68540;71167;+;306.8	102;80897;83719;+;389.2	81;65201;66628;+;93.8	86;68540;71167;+;98.4	79;63920;64486;+;183.8	93;74456;75094;+;68.6	94;75091;76941;+;265.1	105;85252;87522;+;391.6	84;67509;68024;+;78.4	105;85252;87522;+;70.3	A	9/9	contiguous	21332	1	1	83740..84237+;165;TraS;0
NZ_OY754393.1	MPF_F	IncFIB(AP001918);IncFII	136	0	0	GA	0															not_admitted	not_admitted	not_admitted	not_admitted	not_admitted	not_admitted	not_admitted	not_admitted	not_admitted	not_admitted	1	82;80399;81391;-;367.3	71;73339;74712;-;374.3	78;76927;77670;-;234.1	85;82400;85027;-;305.4	70;70526;73342;-;387.9	92;87082;88509;-;94.4	85;82400;85027;-;99.1	94;89224;89790;-;183.8	81;79752;80390;-;67.3	80;77947;79755;-;268.3	67;66810;68963;-;391.1	88;85543;86058;-;77.3	67;66810;68963;-;69.2	A	9/9	contiguous	22414	1	1	69972..70493-;173;unnamed;0
NZ_OY754399.1	MPF_F	IncFIB(AP001918);IncFII;IncQ1	158	0	0	GA	0															not_admitted	not_admitted	not_admitted	not_admitted	not_admitted	not_admitted	not_admitted	not_admitted	not_admitted	not_admitted	1	97;102861;103853;-;369.3	88;96426;97799;-;381.0	93;99389;100132;-;231.6	100;104862;107489;-;306.4	87;93604;96429;-;386.0	106;109544;110971;-;94.3	100;104862;107489;-;98.5	108;111686;112252;-;183.3	96;102214;102852;-;68.7	95;100409;102217;-;267.9	84;89947;92100;-;391.8	102;108005;108520;-;77.3	84;89947;92100;-;70.4	A	9/9	contiguous	21739	1	1	93098..93607-;169;unnamed;0
NZ_OY754400.1	MPF_F	IncFII(29)	80	0	0	GA	0															not_admitted	not_admitted	not_admitted	not_admitted	not_admitted	not_admitted	not_admitted	not_admitted	not_admitted	not_admitted	1	52;37289;38281;+;369.2	64;44512;45885;+;381.0	59;42203;42946;+;234.4	49;33653;36280;+;300.9	65;45882;48698;+;389.2	44;30314;31741;+;93.9	49;33653;36280;+;102.3	42;29033;29599;+;183.8	54;38625;39263;+;70.4	57;40076;41926;+;265.0	69;50999;53233;+;391.7	47;32622;33137;+;78.4	69;50999;53233;+;70.3	A	9/9	contiguous	21966	1	1	48731..49252+;173;unnamed;0
NZ_OY754401.1	MPF_T	IncI2(Delta)	80	0	0	GA	1	39;29680;30162;-;81.1	55;46199;46489;-;28.9	54;45808;46092;-;36.5	53;43445;45802;-;60.7	53;43445;45802;-;44.1	65;51236;51877;-;42.8	66;51883;52878;-;128.5		51;42545;43279;-;144.4	50;41778;42548;-;170.5	49;40649;41788;-;154.7	42;31930;33468;-;207.1	47;37545;39503;-;287.0		pfam	pfam_only	A	7/7	rearranged	1	0	unscoreable	15	1	0														not_admitted	not_admitted	not_admitted	not_admitted	not_admitted	not_admitted	not_admitted
NZ_OY754408.1	MPF_F	IncFIA;IncFIB(AP001918);IncFII	165	0	0	GA	0															not_admitted	not_admitted	not_admitted	not_admitted	not_admitted	not_admitted	not_admitted	not_admitted	not_admitted	not_admitted	1		68;69433;70806;-;380.9	75;73020;73763;-;235.0	77;74026;76344;-;304.3	67;66611;69436;-;385.9	85;78504;79931;-;94.3	77;74026;76344;-;98.1	87;80646;81212;-;182.9			77;74026;76344;-;22.2	80;76861;77376;-;78.4		C	6/9	contiguous	14035	1	0	66105..66614-;169;unnamed;0
NZ_OY754410.1	MPF_F	IncFIB(AP001918);IncFII	158	0	0	GA	0															not_admitted	not_admitted	not_admitted	not_admitted	not_admitted	not_admitted	not_admitted	not_admitted	not_admitted	not_admitted	1	52;44968;45960;+;367.3	63;51647;53020;+;374.3	56;48689;49432;+;234.1	49;41332;43959;+;305.4	64;53017;55833;+;387.9	42;37850;39277;+;94.4	49;41332;43959;+;99.1	40;36569;37135;+;183.8	53;45969;46607;+;67.3	54;46604;48412;+;268.3	67;57396;59549;+;391.1	46;40301;40816;+;77.3	67;57396;59549;+;69.2	A	9/9	contiguous	20827	1	1	55866..56387+;173;unnamed;0
NZ_OY754411.1	MPF_T	IncI2(Delta)	79	0	0	GA	1	38;28772;29254;-;81.1	54;45291;45581;-;28.9	53;44900;45184;-;36.5	52;42537;44894;-;60.7	52;42537;44894;-;44.1	64;50328;50969;-;42.8	65;50975;51970;-;128.5		50;41637;42371;-;144.4	49;40870;41640;-;170.5	48;39741;40880;-;154.7	41;31022;32560;-;207.1	46;36637;38595;-;287.0		pfam	pfam_only	A	7/7	rearranged	1	0	unscoreable	15	1	0														not_admitted	not_admitted	not_admitted	not_admitted	not_admitted	not_admitted	not_admitted
NZ_OY754418.1	MPF_F	IncFIB(AP001918);IncFII	158	0	0	GA	0															not_admitted	not_admitted	not_admitted	not_admitted	not_admitted	not_admitted	not_admitted	not_admitted	not_admitted	not_admitted	1	52;44968;45960;+;367.3	63;51647;53020;+;374.3	56;48689;49432;+;234.1	49;41332;43959;+;305.4	64;53017;55833;+;387.9	42;37850;39277;+;94.4	49;41332;43959;+;99.1	40;36569;37135;+;183.8	53;45969;46607;+;67.3	54;46604;48412;+;268.3	67;57396;59549;+;391.1	46;40301;40816;+;77.3	67;57396;59549;+;69.2	A	9/9	contiguous	20827	1	1	55866..56387+;173;unnamed;0
NZ_OY754422.1	MPF_F	IncFIB(AP001918);IncFII(pRSB107)	151	0	0	GA	0															not_admitted	not_admitted	not_admitted	not_admitted	not_admitted	not_admitted	not_admitted	not_admitted	not_admitted	not_admitted	1	85;86298;87290;-;369.3	73;78584;79960;-;381.0	78;81547;82290;-;234.4	88;88299;90929;-;306.8	72;75762;78587;-;389.2	97;94361;95788;-;93.9	88;88299;90929;-;98.5	99;96503;97069;-;183.8	81;84372;85010;-;69.4	80;82567;84375;-;268.0	69;72060;74258;-;391.7	94;92962;93477;-;76.1	69;72060;74258;-;70.4	A	9/9	contiguous	24443	1	1	75256..75765-;169;unnamed;0
NZ_OY754428.1	MPF_F	IncFIB(AP001918);IncFIC(FII)	132	0	0	GA	0															not_admitted	not_admitted	not_admitted	not_admitted	not_admitted	not_admitted	not_admitted	not_admitted	not_admitted	not_admitted	1	84;98592;99584;-;369.3	73;91533;92906;-;378.0	80;95120;95863;-;234.1	87;100593;103220;-;305.4	72;88714;91536;-;389.5	93;105275;106702;-;94.3	87;100593;103220;-;98.5	95;107417;107983;-;183.8	83;97945;98583;-;68.4	82;96140;97948;-;268.4	69;85032;87185;-;391.9	89;103736;104251;-;78.4	69;85032;87185;-;70.4	A	9/9	contiguous	22385	1	1	88201..88692-;163;TraS;0
NZ_OY754446.1	MPF_T	IncFIB(K)	43	0	0	GA	1	15;13544;14206;+;48.3	16;14217;14516;+;36.6	17;14526;17276;+;61.8	17;14526;17276;+;134.0	17;14526;17276;+;47.3	18;17295;18011;+;137.0	20;18325;19332;+;137.8		22;19542;20228;+;158.2	23;20221;21114;+;147.4	24;21111;22307;+;134.7	25;22311;23360;+;71.5	32;27988;29895;+;24.4		pfam	pfam_only	A	7/7	canonical	1	1	unscoreable	8	0	0														not_admitted	not_admitted	not_admitted	not_admitted	not_admitted	not_admitted	not_admitted
NZ_OY754456.1	MPF_F	IncFIB(AP001918);IncFII(pRSB107)	127	0	0	GA	0															not_admitted	not_admitted	not_admitted	not_admitted	not_admitted	not_admitted	not_admitted	not_admitted	not_admitted	not_admitted	1	49;46643;47635;-;369.3	37;38929;40305;-;381.0	42;41892;42635;-;234.4	52;48644;51274;-;306.8	36;36110;38932;-;389.2	61;54706;56133;-;94.4	52;48644;51274;-;98.5	63;56848;57414;-;182.7	45;44717;45355;-;68.6	44;42912;44720;-;268.0	33;32369;34576;-;391.7	58;53307;53822;-;76.1	33;32369;34576;-;70.3	A	9/9	contiguous	24479	1	1	35592..36089-;165;TraS;0
NZ_OY754457.1	MPF_F	IncFII(pCoo)	78	0	0	GA	0															not_admitted	not_admitted	not_admitted	not_admitted	not_admitted	not_admitted	not_admitted	not_admitted	not_admitted	not_admitted	1	53;40845;41837;+;369.3	65;48178;49551;+;381.0	60;45845;46588;+;234.4	50;37209;39836;+;306.8	66;49548;52373;+;389.2	44;33727;35154;+;94.4	50;37209;39836;+;98.5	42;32446;33012;+;182.7	57;43125;43763;+;68.6	58;43760;45568;+;268.0	69;53877;56084;+;391.7	48;36178;36693;+;76.1	69;53877;56084;+;70.3	A	9/9	contiguous	21431	1	1	52370..52879+;169;unnamed;0
NZ_OY754458.1	MPF_T	IncX1	57	0	0	GA	1	15;14303;14950;-;47.0	14;14029;14325;-;77.5	13;11257;14010;-;46.6	13;11257;14010;-;147.7	13;11257;14010;-;75.3	12;10488;11246;-;67.3	10;9117;10250;-;106.4		9;8158;8871;-;120.7	8;7224;8153;-;134.2	7;6022;7227;-;132.5	6;4989;6020;-;76.5	5;3151;4986;-;488.6		pfam	pfam_only	A	7/7	canonical	1	1	unscoreable	1	0	0														not_admitted	not_admitted	not_admitted	not_admitted	not_admitted	not_admitted	not_admitted
NZ_OY754830.1	MPF_F	IncHI2;IncHI2A	245	0	0	GA	0															not_admitted	not_admitted	not_admitted	not_admitted	not_admitted	not_admitted	not_admitted	not_admitted	not_admitted	not_admitted	1	27;31710;32768;+;276.9	153;153294;154709;-;194.1	154;154699;155745;-;174.3	11;8955;11636;+;168.0	152;149332;153285;-;101.6	7;5270;6625;+;80.7	11;8955;11636;+;72.2	4;2758;3546;+;74.8	25;30057;31568;+;62.0	31;34702;37311;+;58.8	161;162787;164871;+;56.8	10;7996;8946;+;46.1	161;162787;164871;+;38.8	A	9/9	split_3	160029	1	1	147862..149151-;429;unnamed;0
NZ_OY754831.1	MPF_F	IncFIB(AP001918);IncFIC(FII)	154	0	0	GA	0															not_admitted	not_admitted	not_admitted	not_admitted	not_admitted	not_admitted	not_admitted	not_admitted	not_admitted	not_admitted	1	68;63739;64731;-;369.3	60;57670;59043;-;380.7	64;60264;61007;-;232.7	71;65740;68367;-;303.5	59;54851;57673;-;380.3	75;70279;71706;-;94.3	71;65740;68367;-;100.3	77;72421;72987;-;183.8	67;63092;63730;-;68.3	66;61287;63095;-;268.3	56;51827;53317;-;335.4	72;68883;69398;-;78.0	56;51827;53317;-;52.1	A	9/9	contiguous	20594	1	1	54333..54830-;165;TraS;0
NZ_OY754860.1	MPF_T	-	179	0	0	GA	1		143;120707;120970;+;56.2	144;120983;123751;+;75.1	144;120983;123751;+;176.0	144;120983;123751;+;86.5	149;125735;126709;+;85.8	150;126709;127707;+;120.0		152;127851;128510;+;177.9	153;128507;129397;+;162.9	154;129407;130585;+;164.3	155;130566;131579;+;93.2	157;132139;133950;+;344.8		pfam	pfam_only	A	7/7	canonical	1	1	unscoreable	6	0	0														not_admitted	not_admitted	not_admitted	not_admitted	not_admitted	not_admitted	not_admitted
NZ_OY757095.1	MPF_F	IncFIB(AP001918);IncFIC(FII)	132	0	0	GA	0															not_admitted	not_admitted	not_admitted	not_admitted	not_admitted	not_admitted	not_admitted	not_admitted	not_admitted	not_admitted	1	84;98592;99584;-;369.3	73;91533;92906;-;378.0	80;95120;95863;-;234.1	87;100593;103220;-;305.4	72;88714;91536;-;389.5	93;105275;106702;-;94.3	87;100593;103220;-;98.5	95;107417;107983;-;183.8	83;97945;98583;-;68.4	82;96140;97948;-;268.4	69;85032;87185;-;391.9	89;103736;104251;-;78.4	69;85032;87185;-;70.4	A	9/9	contiguous	22385	1	1	88201..88692-;163;TraS;0
NZ_OY757097.1	MPF_F	IncFIB(AP001918);IncFIC(FII)	132	0	0	GA	0															not_admitted	not_admitted	not_admitted	not_admitted	not_admitted	not_admitted	not_admitted	not_admitted	not_admitted	not_admitted	1	84;98592;99584;-;369.3	73;91533;92906;-;378.0	80;95120;95863;-;234.1	87;100593;103220;-;305.4	72;88714;91536;-;389.5	93;105275;106702;-;94.3	87;100593;103220;-;98.5	95;107417;107983;-;183.8	83;97945;98583;-;68.4	82;96140;97948;-;268.4	69;85032;87185;-;391.9	89;103736;104251;-;78.4	69;85032;87185;-;70.4	A	9/9	contiguous	22385	1	1	88201..88692-;163;TraS;0
NZ_OY757098.1	MPF_F	IncFIA;IncFIB(AP001918);IncFIC(FII)	178	0	0	GA	0															not_admitted	not_admitted	not_admitted	not_admitted	not_admitted	not_admitted	not_admitted	not_admitted	not_admitted	not_admitted	1	101;109927;110919;-;369.3	90;102868;104241;-;378.0	97;106455;107198;-;234.5	104;111928;114555;-;305.4	89;100049;102871;-;389.5	110;116610;118037;-;94.3	104;111928;114555;-;98.5	112;118752;119318;-;182.9	100;109280;109918;-;68.4	99;107475;109283;-;268.4	86;96367;98520;-;391.9	106;115071;115586;-;78.4	86;96367;98520;-;70.4	A	9/9	contiguous	22385	1	1	99536..100027-;163;TraS;0
NZ_OY757100.1	MPF_T	IncX4	51	0	0	GA	1	39;29284;29904;-;46.9	38;28944;29270;-;64.4	37;26178;28925;-;62.7	37;26178;28925;-;151.8	37;26178;28925;-;46.1	36;25450;26166;-;97.3	35;24360;25439;-;157.5		33;23159;23845;-;169.0	32;22254;23162;-;144.7	31;21143;22261;-;163.9	30;20113;21141;-;85.0	29;18264;20081;-;316.5		pfam	pfam_only	A	7/7	canonical	1	1	unscoreable	1	0	0														not_admitted	not_admitted	not_admitted	not_admitted	not_admitted	not_admitted	not_admitted
NZ_OY757101.1	MPF_F	IncFIB(AP001918);IncFII(pRSB107)	151	0	0	GA	0															not_admitted	not_admitted	not_admitted	not_admitted	not_admitted	not_admitted	not_admitted	not_admitted	not_admitted	not_admitted	1	85;86298;87290;-;369.3	73;78584;79960;-;381.0	78;81547;82290;-;234.4	88;88299;90929;-;306.8	72;75762;78587;-;389.2	97;94361;95788;-;93.9	88;88299;90929;-;98.5	99;96503;97069;-;183.8	81;84372;85010;-;69.4	80;82567;84375;-;268.0	69;72060;74258;-;391.7	94;92962;93477;-;76.1	69;72060;74258;-;70.4	A	9/9	contiguous	24443	1	1	75256..75765-;169;unnamed;0
NZ_OY757105.1	MPF_F	IncFIB(AP001918);IncFII	136	0	0	GA	0															not_admitted	not_admitted	not_admitted	not_admitted	not_admitted	not_admitted	not_admitted	not_admitted	not_admitted	not_admitted	1	82;80399;81391;-;367.3	71;73339;74712;-;374.3	78;76927;77670;-;234.1	85;82400;85027;-;305.4	70;70526;73342;-;387.9	92;87082;88509;-;94.4	85;82400;85027;-;99.1	94;89224;89790;-;183.8	81;79752;80390;-;67.3	80;77947;79755;-;268.3	67;66810;68963;-;391.1	88;85543;86058;-;77.3	67;66810;68963;-;69.2	A	9/9	contiguous	22414	1	1	69972..70493-;173;unnamed;0
NZ_OY757112.1	MPF_F	IncFIB(AP001918);IncFII	163	0	0	GA	0															not_admitted	not_admitted	not_admitted	not_admitted	not_admitted	not_admitted	not_admitted	not_admitted	not_admitted	not_admitted	1	105;102170;103162;-;367.3	94;95110;96483;-;374.3	101;98698;99441;-;234.1	108;104171;106798;-;305.4	93;92297;95113;-;387.9	114;108853;110280;-;94.4	108;104171;106798;-;99.1	116;110995;111561;-;183.8	104;101523;102161;-;67.3	103;99718;101526;-;268.3	90;88581;90734;-;391.1	110;107314;107829;-;77.3	90;88581;90734;-;69.2	A	9/9	contiguous	22414	1	1	91743..92264-;173;unnamed;0
NZ_OY757115.1	MPF_F	IncFIB(AP001918);IncFII	145	0	0	GA	0															not_admitted	not_admitted	not_admitted	not_admitted	not_admitted	not_admitted	not_admitted	not_admitted	not_admitted	not_admitted	1	90;88456;89448;-;367.3	79;81396;82769;-;374.3	86;84984;85727;-;234.1	93;90457;93084;-;305.4	78;80335;81399;-;276.7	99;95139;96566;-;94.4	93;90457;93084;-;99.1	101;97281;97847;-;183.8	89;87809;88447;-;67.3	88;86004;87812;-;268.3	71;72327;74480;-;391.1	95;93600;94115;-;77.3	71;72327;74480;-;69.2	A	9/9	contiguous	24954	1	1	79895..80320-;141;unnamed;0
NZ_OY757119.1	MPF_F	IncFIB(AP001918);IncFIC(FII)	132	0	0	GA	0															not_admitted	not_admitted	not_admitted	not_admitted	not_admitted	not_admitted	not_admitted	not_admitted	not_admitted	not_admitted	1	84;98592;99584;-;369.3	73;91533;92906;-;378.0	80;95120;95863;-;234.1	87;100593;103220;-;305.4	72;88714;91536;-;389.5	93;105275;106702;-;94.3	87;100593;103220;-;98.5	95;107417;107983;-;183.8	83;97945;98583;-;68.4	82;96140;97948;-;268.4	69;85032;87185;-;391.9	89;103736;104251;-;78.4	69;85032;87185;-;70.4	A	9/9	contiguous	22385	1	1	88201..88692-;163;TraS;0
NZ_OY757121.1	MPF_F	IncFIB(AP001918);IncFII(pRSB107)	158	0	0	GA	0															not_admitted	not_admitted	not_admitted	not_admitted	not_admitted	not_admitted	not_admitted	not_admitted	not_admitted	not_admitted	1	91;91091;92083;-;369.3	79;83377;84753;-;381.0	84;86340;87083;-;234.4	94;93092;95722;-;306.8	78;80555;83380;-;389.2	103;99154;100581;-;93.9	94;93092;95722;-;98.5	105;101296;101862;-;183.8	87;89165;89803;-;69.4	86;87360;89168;-;268.0	75;76967;79051;-;391.9	100;97755;98270;-;76.1	75;76967;79051;-;70.5	A	9/9	contiguous	24329	1	1	80049..80558-;169;unnamed;0
NZ_OY757124.1	MPF_F	IncFIB(AP001918);IncFIC(FII);IncQ1	157	0	0	GA	0															not_admitted	not_admitted	not_admitted	not_admitted	not_admitted	not_admitted	not_admitted	not_admitted	not_admitted	not_admitted	1	109;108592;109584;-;369.3	98;101533;102906;-;378.0	105;105120;105863;-;234.1	112;110593;113220;-;302.9	97;98714;101536;-;389.5	118;115275;116702;-;94.4	112;110593;113220;-;98.5	120;117417;117983;-;183.8	108;107945;108583;-;68.4	107;106140;107948;-;268.4	94;95032;97185;-;391.9	114;113736;114251;-;78.4	94;95032;97185;-;70.4	A	9/9	contiguous	22385	1	1	98201..98692-;163;TraS;0
NZ_OY757128.1	MPF_F	IncFIB(AP001918);IncFII	145	0	0	GA	0															not_admitted	not_admitted	not_admitted	not_admitted	not_admitted	not_admitted	not_admitted	not_admitted	not_admitted	not_admitted	1	90;88456;89448;-;367.3	79;81396;82769;-;374.3	86;84984;85727;-;234.1	93;90457;93084;-;305.4	78;80335;81399;-;276.7	99;95139;96566;-;94.4	93;90457;93084;-;99.1	101;97281;97847;-;183.8	89;87809;88447;-;67.3	88;86004;87812;-;268.3	71;72327;74480;-;391.1	95;93600;94115;-;77.3	71;72327;74480;-;69.2	A	9/9	contiguous	24954	1	1	79895..80320-;141;unnamed;0
NZ_OY757132.1	MPF_F	IncFIB(AP001918);IncFII	164	0	0	GA	0															not_admitted	not_admitted	not_admitted	not_admitted	not_admitted	not_admitted	not_admitted	not_admitted	not_admitted	not_admitted	1	106;103497;104489;-;367.3	95;96437;97810;-;374.3	102;100025;100768;-;234.1	109;105498;108125;-;305.4	94;93624;96440;-;387.9	115;110180;111607;-;94.4	109;105498;108125;-;99.1	117;112322;112888;-;183.8	105;102850;103488;-;67.3	104;101045;102853;-;268.3	91;89908;92061;-;391.1	111;108641;109156;-;77.3	91;89908;92061;-;69.2	A	9/9	contiguous	22414	1	1	93070..93591-;173;unnamed;0
NZ_OY757134.1	MPF_F	IncFIB(AP001918);IncFII	136	0	0	GA	0															not_admitted	not_admitted	not_admitted	not_admitted	not_admitted	not_admitted	not_admitted	not_admitted	not_admitted	not_admitted	1	82;80399;81391;-;367.3	71;73339;74712;-;374.3	78;76927;77670;-;234.1	85;82400;85027;-;305.4	70;70526;73342;-;387.9	92;87082;88509;-;94.4	85;82400;85027;-;99.1	94;89224;89790;-;183.8	81;79752;80390;-;67.3	80;77947;79755;-;268.3	67;66810;68963;-;391.1	88;85543;86058;-;77.3	67;66810;68963;-;69.2	A	9/9	contiguous	22414	1	1	69972..70493-;173;unnamed;0
NZ_OY757139.1	MPF_F	IncFIB(AP001918);IncFII	167	0	0	GA	0															not_admitted	not_admitted	not_admitted	not_admitted	not_admitted	not_admitted	not_admitted	not_admitted	not_admitted	not_admitted	1	109;105148;106140;-;367.3	98;98088;99461;-;374.3	105;101676;102419;-;234.1	112;107149;109776;-;305.4	97;95275;98091;-;387.9	118;111831;113258;-;94.4	112;107149;109776;-;99.1	120;113973;114539;-;183.8	108;104501;105139;-;67.3	107;102696;104504;-;268.3	94;91559;93712;-;391.1	114;110292;110807;-;77.3	94;91559;93712;-;69.2	A	9/9	contiguous	22414	1	1	94721..95242-;173;unnamed;0
NZ_OY757950.1	MPF_F	IncFIB(AP001918);IncFII	164	0	0	GA	0															not_admitted	not_admitted	not_admitted	not_admitted	not_admitted	not_admitted	not_admitted	not_admitted	not_admitted	not_admitted	1	106;103497;104489;-;367.3	95;96437;97810;-;374.3	102;100025;100768;-;234.1	109;105498;108125;-;305.4	94;93624;96440;-;387.9	115;110180;111607;-;94.4	109;105498;108125;-;99.1	117;112322;112888;-;183.8	105;102850;103488;-;67.3	104;101045;102853;-;268.3	91;89908;92061;-;391.1	111;108641;109156;-;77.3	91;89908;92061;-;69.2	A	9/9	contiguous	22414	1	1	93070..93591-;173;unnamed;0
NZ_OY839919.1	MPF_F	IncFIB(AP001918);IncFII	145	0	0	GA	0															not_admitted	not_admitted	not_admitted	not_admitted	not_admitted	not_admitted	not_admitted	not_admitted	not_admitted	not_admitted	1	90;88456;89448;-;367.3	79;81396;82769;-;374.3	86;84984;85727;-;234.1	93;90457;93084;-;305.4	78;80335;81399;-;276.7	99;95139;96566;-;94.4	93;90457;93084;-;99.1	101;97281;97847;-;183.8	89;87809;88447;-;67.3	88;86004;87812;-;268.3	71;72327;74480;-;391.1	95;93600;94115;-;77.3	71;72327;74480;-;69.2	A	9/9	contiguous	24954	1	1	79895..80320-;141;unnamed;0
NZ_OY839922.1	MPF_F	IncFIB(AP001918);IncFII	158	0	0	GA	0															not_admitted	not_admitted	not_admitted	not_admitted	not_admitted	not_admitted	not_admitted	not_admitted	not_admitted	not_admitted	1	52;44968;45960;+;367.3	63;51647;53020;+;374.3	56;48689;49432;+;234.1	49;41332;43959;+;305.4	64;53017;55833;+;387.9	42;37850;39277;+;94.4	49;41332;43959;+;99.1	40;36569;37135;+;183.8	53;45969;46607;+;67.3	54;46604;48412;+;268.3	67;57396;59549;+;391.1	46;40301;40816;+;77.3	67;57396;59549;+;69.2	A	9/9	contiguous	20827	1	1	55866..56387+;173;unnamed;0
NZ_OY839927.1	MPF_F	IncFIA;IncFIB(AP001918);IncFIC(FII)	178	0	0	GA	0															not_admitted	not_admitted	not_admitted	not_admitted	not_admitted	not_admitted	not_admitted	not_admitted	not_admitted	not_admitted	1	101;109927;110919;-;369.3	90;102868;104241;-;378.0	97;106455;107198;-;234.5	104;111928;114555;-;305.4	89;100049;102871;-;389.5	110;116610;118037;-;94.3	104;111928;114555;-;98.5	112;118752;119318;-;182.9	100;109280;109918;-;68.4	99;107475;109283;-;268.4	86;96367;98520;-;391.9	106;115071;115586;-;78.4	86;96367;98520;-;70.4	A	9/9	contiguous	22385	1	1	99536..100027-;163;TraS;0
NZ_OY839929.1	MPF_T	IncX4	51	0	0	GA	1	39;29284;29904;-;46.9	38;28944;29270;-;64.4	37;26178;28925;-;62.7	37;26178;28925;-;151.8	37;26178;28925;-;46.1	36;25450;26166;-;97.3	35;24360;25439;-;157.5		33;23159;23845;-;169.0	32;22254;23162;-;144.7	31;21143;22261;-;163.9	30;20113;21141;-;85.0	29;18264;20081;-;316.5		pfam	pfam_only	A	7/7	canonical	1	1	unscoreable	1	0	0														not_admitted	not_admitted	not_admitted	not_admitted	not_admitted	not_admitted	not_admitted
NZ_OY843409.1	MPF_F	IncFIB(AP001918);IncFII	163	0	0	GA	0															not_admitted	not_admitted	not_admitted	not_admitted	not_admitted	not_admitted	not_admitted	not_admitted	not_admitted	not_admitted	1	105;102441;103433;-;367.3	94;95381;96754;-;374.3	101;98969;99712;-;234.1	108;104442;107069;-;305.4	93;92568;95384;-;387.9	114;109124;110551;-;94.4	108;104442;107069;-;99.1	116;111266;111832;-;183.8	104;101794;102432;-;67.3	103;99989;101797;-;268.3	90;88852;91005;-;391.1	110;107585;108100;-;77.3	90;88852;91005;-;69.2	A	9/9	contiguous	22414	1	1	92014..92535-;173;unnamed;0
NZ_OY856300.1	MPF_F	IncFIB(AP001918);IncFIC(FII)	184	0	0	GA	0															not_admitted	not_admitted	not_admitted	not_admitted	not_admitted	not_admitted	not_admitted	not_admitted	not_admitted	not_admitted	1	160;129447;130439;+;367.4	171;136125;137498;+;378.0	164;133168;133911;+;234.5	157;126111;128438;+;232.3	172;137495;140317;+;389.5	151;122326;123672;+;94.6	157;126111;128438;+;99.1	149;121045;121611;+;183.8	161;130448;131086;+;68.4	162;131083;132891;+;268.4	175;141846;144035;+;391.8	153;124399;124914;-;78.4	175;141846;144035;+;70.3	A	9/9	contiguous	20801	1	1	140339..140830+;163;TraS;0
NZ_OY856302.1	MPF_T	IncI2	82	0	0	GA	1	43;35221;35703;-;81.1		56;50770;51054;-;36.5	55;48407;50764;-;58.4	55;48407;50764;-;44.9		70;57842;58837;-;123.7		54;47511;48245;-;144.9	53;46744;47514;-;170.4	52;45615;46754;-;149.2	46;37471;39009;-;207.1	50;42567;44525;-;287.0		none	none	A	7/7	rearranged	0	0	unscoreable	17	0	0														not_admitted	not_admitted	not_admitted	not_admitted	not_admitted	not_admitted	not_admitted
NZ_OY856404.1	MPF_T	IncFIB(K);IncFIB(pQil);IncFII(pKP91)	223	0	0	GA	1	100;87803;88537;-;32.5		97;86843;87160;-;63.3	96;84243;86843;-;113.8	96;84243;86843;-;76.4	95;83512;84225;-;105.5	93;82221;83261;-;142.4		92;81304;82002;-;131.9	91;80409;81293;-;159.4	90;79249;80409;-;156.3	89;78212;79207;-;81.2	85;72103;73632;+;38.5		pfam	both	A	7/7	canonical	1	0	unscoreable	6	0	0														not_admitted	not_admitted	not_admitted	not_admitted	not_admitted	not_admitted	not_admitted
NZ_OY899160.1	MPF_F	IncFIB(pNDM-Mar);IncHI1B(pNDM-MAR)	229	0	0	GA	0															not_admitted	not_admitted	not_admitted	not_admitted	not_admitted	not_admitted	not_admitted	not_admitted	not_admitted	not_admitted	1	159;135137;136174;-;282.3	80;61935;63344;+;190.4	79;60908;61945;+;176.7	173;148205;150922;-;150.2	81;63346;64527;+;83.6	177;153035;154405;-;65.6	173;148205;150922;-;83.2	180;156051;156911;-;79.0	160;136171;137532;-;69.9	158;131945;135127;-;59.7	72;51578;53704;-;57.8	174;150967;151704;-;56.9	72;51578;53704;-;41.0	A	9/9	split_2	104473	1	1	64569..67253+;894;unnamed;0
NZ_OY899161.1	MPF_T	IncFIB(K)	138	0	0	GA	1	100;87816;88550;-;32.5		97;86856;87173;-;63.3	96;84257;86743;-;113.9	96;84257;86743;-;73.5	95;83526;84239;-;105.5	93;82235;83275;-;142.4		92;81318;82016;-;131.9	91;80423;81307;-;159.4	90;79263;80423;-;156.3	89;78226;79221;-;81.2	85;72116;73645;+;38.5		pfam	both	A	7/7	canonical	1	0	unscoreable	6	0	0														not_admitted	not_admitted	not_admitted	not_admitted	not_admitted	not_admitted	not_admitted
NZ_OY970407.1	-	IncFII(Y);pSM22	158	0	0	GA	0															not_admitted	not_admitted	not_admitted	not_admitted	not_admitted	not_admitted	not_admitted	not_admitted	not_admitted	not_admitted	1	142;136383;137381;-;370.6	135;130708;132069;-;357.8	139;133247;134017;-;218.8	148;140475;143087;-;215.2	134;127829;130711;-;247.7	152;144443;145801;-;90.6	148;140475;143087;-;84.3	154;146504;147079;-;86.3	141;135982;136413;-;59.8	140;134017;135951;-;239.1	129;123543;125657;-;370.0	149;143098;143643;-;27.4	129;123543;125657;-;64.2	A	9/9	contiguous	22961	1	1	127273..127818-;181;unnamed;0
NZ_OY978235.1	MPF_F	IncFIB(pNDM-Mar);IncHI1B(pNDM-MAR)	265	0	0	GA	0															not_admitted	not_admitted	not_admitted	not_admitted	not_admitted	not_admitted	not_admitted	not_admitted	not_admitted	not_admitted	1	195;169337;170374;-;282.3	78;58812;60221;+;190.4	77;57785;58822;+;176.7	209;181207;183924;-;150.2	79;60223;61404;+;83.6	213;186037;187407;-;65.6	209;181207;183924;-;83.2	216;189053;189913;-;79.0	196;170371;171732;-;69.9	194;166145;169327;-;59.7	70;48456;50582;-;57.8	210;183969;184706;-;56.9	70;48456;50582;-;41.0	A	9/9	split_2	140597	1	1	61446..64130+;894;unnamed;0
NZ_OY978236.1	MPF_T	IncFIB(K);IncFIB(pQil);IncFII(pKP91)	224	0	0	GA	1	161;138178;138912;-;32.5		158;137218;137535;-;63.3	157;134619;137105;-;113.9	157;134619;137105;-;73.5	156;133888;134601;-;105.5	154;132597;133637;-;142.4		153;131680;132378;-;131.9	152;130785;131669;-;159.4	151;129625;130785;-;156.3	150;128588;129583;-;81.2	146;122478;124007;+;38.5		pfam	both	A	7/7	canonical	1	0	unscoreable	6	0	0														not_admitted	not_admitted	not_admitted	not_admitted	not_admitted	not_admitted	not_admitted
NZ_OY979118.1	MPF_F	IncC	305	0	0	GA	0															not_admitted	not_admitted	not_admitted	not_admitted	not_admitted	not_admitted	not_admitted	not_admitted	not_admitted	not_admitted	1	99;73948;74955;+;332.9	215;178858;180291;+;339.2	214;177828;178856;+;221.7	94;68749;71196;+;354.2	216;180304;183918;+;375.3	82;55439;56755;+;135.0	94;68749;71196;+;128.6	80;53915;54541;+;92.1	97;72018;73283;+;67.6	100;75071;77866;+;145.3	71;48240;50105;+;47.4	83;56752;57330;+;100.2	71;48240;50105;+;52.0	A	9/9	split_2	132064	0	1	
NZ_OY979224.1	MPF_F	IncC	261	0	0	GA	0															not_admitted	not_admitted	not_admitted	not_admitted	not_admitted	not_admitted	not_admitted	not_admitted	not_admitted	not_admitted	1	98;73949;74956;+;332.9	171;134893;136326;+;339.2	170;133863;134891;+;221.7	93;68750;71197;+;354.2	172;136339;139953;+;375.3	82;55439;56755;+;135.0	93;68750;71197;+;128.6	80;53915;54541;+;92.1	96;72019;73284;+;67.6	99;75072;77867;+;145.3	71;48240;50105;+;47.4	83;56752;57330;+;100.2	71;48240;50105;+;52.0	A	9/9	split_2	88099	0	1	
NZ_OZ000534.1	MPF_T	-	373	0	0	GA	1		125;120383;120682;-;84.9	124;120037;120378;-;104.3	123;117663;120044;-;169.6	123;117663;120044;-;108.2	122;116965;117663;-;209.3	120;115794;116729;-;163.4		118;114816;115487;-;212.0	117;113965;114819;-;188.6	116;112782;113951;-;178.2	115;111779;112774;-;96.6	94;84925;86847;-;329.0		pfam	both	A	7/7	canonical	1	0	unscoreable	2	0	0														not_admitted	not_admitted	not_admitted	not_admitted	not_admitted	not_admitted	not_admitted
NZ_OZ000536.1	MPF_T	-	325	0	0	GA	1	100;101444;102004;-;91.4	99;101075;101398;-;79.7	98;100783;101073;-;67.6	227;209493;211955;-;192.6	227;209493;211955;-;130.8	95;96492;97208;-;45.3	93;95288;96307;-;123.6		90;93719;94453;-;184.6	222;205735;206589;-;189.4	220;203937;205253;-;224.1	87;90524;91522;-;137.4	280;281797;283731;-;555.0		pfam	both	A	7/7	canonical	1	0	unscoreable	6	0	0														not_admitted	not_admitted	not_admitted	not_admitted	not_admitted	not_admitted	not_admitted
NZ_OZ000538.1	-	-	148	0	0	GA	1	39;36455;37015;+;86.7	40;37059;37382;+;78.1	41;37384;37674;+;66.3	42;37671;40082;+;142.6	42;37671;40082;+;101.4	44;41250;41966;+;46.6	46;42151;43170;+;120.7		49;44000;44734;+;182.7	50;44731;45516;+;185.7	51;45513;46931;+;193.2	52;46928;47926;+;139.8	53;47923;50046;+;266.8		pfam	pfam_only	A	7/7	canonical	1	0	unscoreable	3	0	0														not_admitted	not_admitted	not_admitted	not_admitted	not_admitted	not_admitted	not_admitted
NZ_OZ000539.1	MPF_T	-	140	0	0	GA	1		84;85646;86032;+;77.6	85;86025;86324;+;64.5	86;86335;88788;+;169.8	86;86335;88788;+;122.1	87;88760;89563;+;58.0	89;89760;90941;+;111.9		90;90959;91621;+;138.9	91;91638;92450;+;193.0	93;92901;94205;+;218.5	83;84685;85656;+;137.7	107;106423;108345;+;541.8		conjscan	conjscan_only	A	7/7	canonical	1	0	unscoreable	3	0	0														not_admitted	not_admitted	not_admitted	not_admitted	not_admitted	not_admitted	not_admitted
NZ_OZ001713.1	MPF_F	IncFII	82	0	0	GA	0															not_admitted	not_admitted	not_admitted	not_admitted	not_admitted	not_admitted	not_admitted	not_admitted	not_admitted	not_admitted	1	69;59316;60308;+;369.5	79;66087;67460;+;381.7	74;63414;64157;+;234.4	66;55677;58307;+;297.8	80;67457;70279;+;374.0	58;50805;52232;+;93.9	66;55677;58307;+;98.7	56;49524;50090;+;174.3	71;60652;61290;+;68.5	72;61287;63137;+;266.9	2;1723;3966;+;391.1	61;53116;53631;+;78.4	2;1723;3966;+;70.3	A	9/9	split_2	65734	1	1	70301..70780+;159;TraS;0
NZ_OZ001729.1	MPF_F	IncFIA;IncFIB(AP001918);IncFIC(FII)	173	0	0	GA	0															not_admitted	not_admitted	not_admitted	not_admitted	not_admitted	not_admitted	not_admitted	not_admitted	not_admitted	not_admitted	1	45;34512;35504;+;369.3	56;41150;42523;+;380.9	49;38233;38976;+;235.0	42;30876;33503;+;305.3	57;42520;45345;+;387.0	37;27394;28821;+;94.3	42;30876;33503;+;99.2	35;26113;26679;+;183.8	46;35513;36151;+;68.4	47;36148;37956;+;268.0	60;46849;48066;+;202.2	41;29845;30360;+;78.4	94;83505;84461;+;72.1	A	9/9	split_2	57392	1	1	45342..45851+;169;unnamed;0
NZ_OZ012601.1	MPF_T	-	254	0	0	GA	1	194;165464;165964;-;35.0	184;156123;156422;-;84.9	183;155777;156118;-;104.3	182;153403;155784;-;169.6	182;153403;155784;-;108.2	181;152705;153403;-;209.3	179;151534;152469;-;163.4		177;150556;151227;-;212.0	176;149705;150559;-;188.6	175;148522;149691;-;178.2	174;147519;148514;-;96.6	152;120665;122587;-;329.0		pfam	both	A	7/7	canonical	1	0	unscoreable	11	0	0														not_admitted	not_admitted	not_admitted	not_admitted	not_admitted	not_admitted	not_admitted
NZ_OZ012602.1	MPF_T	-	167	0	0	GA	1		155;156367;156771;-;72.1	154;156075;156374;-;63.9	153;153603;156065;-;192.6	153;153603;156065;-;130.8	152;152822;153631;-;43.9	150;151411;152601;-;111.4		149;150716;151393;-;125.9	148;149845;150699;-;189.4	146;148047;149363;-;224.1	156;156761;157732;-;128.9	41;55151;57085;-;555.0		conjscan	conjscan_only	A	7/7	canonical	1	0	unscoreable	3	0	0														not_admitted	not_admitted	not_admitted	not_admitted	not_admitted	not_admitted	not_admitted
NZ_OZ012603.1	MPF_T	-	159	0	0	GA	1	81;79730;80290;-;91.4	80;79361;79684;-;79.7	79;79069;79359;-;67.6	78;76661;79072;-;139.6	78;76661;79072;-;99.0	76;74778;75494;-;45.3	74;73574;74593;-;123.6		71;72005;72739;-;184.6	70;71223;72005;-;182.0	69;69805;71226;-;195.6	68;68810;69808;-;137.4	45;44665;46602;-;532.5		pfam	pfam_only	A	7/7	canonical	1	0	unscoreable	3	0	0														not_admitted	not_admitted	not_admitted	not_admitted	not_admitted	not_admitted	not_admitted
NZ_OZ012606.1	-	-	147	0	0	GA	1	110;96105;96665;-;86.7	109;95738;96061;-;78.1	108;95446;95736;-;66.3	107;93038;95449;-;142.6	107;93038;95449;-;101.4	105;91154;91870;-;46.6	103;89950;90969;-;120.7		100;88386;89120;-;182.7	99;87604;88389;-;185.7	98;86189;87607;-;193.2	97;85194;86192;-;139.8	96;83074;85197;-;266.8		pfam	pfam_only	A	7/7	canonical	1	0	unscoreable	3	0	0														not_admitted	not_admitted	not_admitted	not_admitted	not_admitted	not_admitted	not_admitted
NZ_OZ012607.1	MPF_T	-	140	0	0	GA	1		87;72433;72819;-;77.6	86;72141;72440;-;64.5	85;69677;72130;-;169.8	85;69677;72130;-;122.1	84;68902;69705;-;58.0	82;67524;68705;-;111.9		81;66844;67506;-;138.9	80;66015;66827;-;193.0	78;64260;65564;-;218.5	88;72809;73780;-;137.7	64;50120;52042;-;541.8		conjscan	conjscan_only	A	7/7	canonical	1	0	unscoreable	3	0	0														not_admitted	not_admitted	not_admitted	not_admitted	not_admitted	not_admitted	not_admitted
NZ_OZ038536.1	MPF_F	IncFII	91	0	0	GA	0															not_admitted	not_admitted	not_admitted	not_admitted	not_admitted	not_admitted	not_admitted	not_admitted	not_admitted	not_admitted	1	70;59132;60124;+;369.5	81;65859;67232;+;382.9	75;63188;63931;+;233.4	67;55496;58123;+;300.9	82;67229;70048;+;385.4	61;51916;53343;+;93.9	67;55496;58123;+;101.1	59;50635;51201;+;182.7	72;60468;61106;+;70.7	73;61103;62911;+;264.7	85;71580;73787;+;391.8	65;54465;54980;+;76.0	85;71580;73787;+;70.3	A	9/9	contiguous	20945	1	1	70073..70564+;163;TraS;0
NZ_OZ038591.1	MPF_F	IncFIB(AP001918);IncFII	136	0	0	GA	0															not_admitted	not_admitted	not_admitted	not_admitted	not_admitted	not_admitted	not_admitted	not_admitted	not_admitted	not_admitted	1	83;84885;85877;-;367.3	72;77825;79198;-;374.3	79;81413;82156;-;234.1	86;86886;89513;-;306.4	71;75012;77828;-;387.9	93;91568;92995;-;94.3	86;86886;89513;-;99.2	95;93710;94276;-;183.3	82;84238;84876;-;67.3	81;82433;84241;-;268.3	68;71296;73449;-;391.1	89;90029;90544;-;77.3	68;71296;73449;-;69.2	A	9/9	contiguous	22414	1	1	74458..74979-;173;unnamed;0
NZ_OZ038770.1	MPF_F	Col156;IncFIB(AP001918);IncFII(29);IncQ1	153	0	0	GA	0															not_admitted	not_admitted	not_admitted	not_admitted	not_admitted	not_admitted	not_admitted	not_admitted	not_admitted	not_admitted	1	96;84743;85735;-;369.5	84;77316;78689;-;381.7	91;80894;81637;-;233.1	99;86744;89374;-;304.0	83;74497;77319;-;388.5	106;92505;93932;-;93.9	99;86744;89374;-;99.3	108;94647;95213;-;183.1	94;83761;84399;-;68.6	93;81914;83764;-;271.9	79;70018;72225;-;391.2	103;90861;91376;-;74.0	79;70018;72225;-;70.3	A	9/9	contiguous	24629	1	1	73996..74475-;159;TraS;0
NZ_OZ038788.1	MPF_F	Col156;IncFIB(AP001918);IncFII(29)	161	0	0	GA	0															not_admitted	not_admitted	not_admitted	not_admitted	not_admitted	not_admitted	not_admitted	not_admitted	not_admitted	not_admitted	1	104;90823;91815;-;369.5	92;83396;84769;-;381.7	99;86974;87717;-;233.1	107;92824;95454;-;304.0	91;80577;83399;-;388.5	114;98585;100012;-;93.9	107;92824;95454;-;99.3	116;100727;101293;-;183.1	102;89841;90479;-;68.6	101;87994;89844;-;271.9	87;76044;78305;-;391.1	111;96941;97456;-;73.9	87;76044;78305;-;70.3	A	9/9	contiguous	24683	1	1	80076..80555-;159;TraS;0
NZ_OZ038807.1	MPF_F	IncFIA;IncFIB(AP001918);IncFII	202	1	1	GA	1	163;134806;135315;+;79.5	80;64042;64335;-;28.7	79;63675;63992;-;62.8	78;61075;63675;-;112.5	78;61075;63675;-;76.4	77;60344;61057;-;105.5	75;59053;60093;-;142.6		74;58136;58834;-;131.9	73;57241;58125;-;159.7	72;56081;57241;-;156.3	71;55044;56039;-;81.2	67;48946;50475;+;38.5	144;120050;121858;-;268.3	pfam	both	A	7/7	canonical	1	0	unscoreable	34	0	1	146;122502;123494;-;367.4	135;115443;116816;-;380.9	142;119030;119773;-;235.0	149;124503;127130;-;305.4	134;112621;115446;-;385.9	72;56081;57241;-;156.3	149;124503;127130;-;98.5	157;131327;131893;-;183.8	145;121855;122493;-;68.6	144;120050;121858;-;268.3	131;108920;111118;-;391.3	151;127646;128161;-;78.4	131;108920;111118;-;70.4	A	9/9	split_2	75246	1	1	112115..112624-;169;unnamed;0
NZ_OZ038880.1	MPF_F	Col156;IncFIB(AP001918);IncFII(29)	137	0	0	GA	0															not_admitted	not_admitted	not_admitted	not_admitted	not_admitted	not_admitted	not_admitted	not_admitted	not_admitted	not_admitted	1	79;75467;76459;-;369.5	67;68040;69413;-;381.7	74;71618;72361;-;233.1	82;77468;80098;-;304.0	66;65221;68043;-;388.5	89;83229;84656;-;93.9	82;77468;80098;-;99.3	91;85371;85937;-;183.1	77;74485;75123;-;68.6	76;72638;74488;-;271.9	59;58098;60242;-;391.3	86;81585;82100;-;73.9	59;58098;60242;-;70.4	A	9/9	contiguous	27273	1	1	64720..65199-;159;TraS;0
NZ_OZ039046.1	MPF_F	IncFIA;IncFIB(AP001918);IncFII(pRSB107)	150	0	0	GA	0															not_admitted	not_admitted	not_admitted	not_admitted	not_admitted	not_admitted	not_admitted	not_admitted	not_admitted	not_admitted	1	82;76109;77101;-;369.5	70;68375;69748;-;386.6	74;71390;71935;+;44.4	85;78110;80737;-;303.9	69;65559;68378;-;386.3	91;82622;84073;-;94.1	85;78110;80737;-;96.5	93;84788;85354;-;184.3	80;75127;75765;-;68.7	79;73280;75130;-;266.7	65;61076;63301;-;391.7	88;81253;81768;-;75.2	65;61076;63301;-;70.3	A	9/9	contiguous	23712	1	1	65043..65534-;163;TraS;0
NZ_OZ039172.1	MPF_F	IncFIA;IncFIB(AP001918);IncFII(29)	132	0	0	GA	0															not_admitted	not_admitted	not_admitted	not_admitted	not_admitted	not_admitted	not_admitted	not_admitted	not_admitted	not_admitted	1	43;38958;39950;-;369.5	31;31531;32904;-;381.7	38;35109;35852;-;233.1	46;40959;43589;-;297.8	30;28712;31534;-;388.5	54;46585;48036;-;93.8	46;40959;43589;-;98.7	56;48751;49317;-;175.1	41;37976;38614;-;68.5	40;36129;37979;-;266.9	23;21648;23900;-;391.7	51;45210;45725;-;82.8	23;21648;23900;-;70.4	A	9/9	contiguous	27103	1	1	28194..28691-;165;TraS;0
NZ_OZ039399.1	MPF_F	Col156;IncFIA;IncFIB(AP001918);IncFII(pRSB107)	180	0	0	GA	0															not_admitted	not_admitted	not_admitted	not_admitted	not_admitted	not_admitted	not_admitted	not_admitted	not_admitted	not_admitted	1	106;95136;96128;-;369.5	93;86004;87377;-;386.6	101;91287;92030;-;231.4	109;97137;99764;-;303.9	92;83188;86007;-;386.3	115;101649;103100;-;94.1	109;97137;99764;-;96.5	117;103815;104381;-;184.3	104;94154;94792;-;68.7	103;92307;94157;-;266.7	88;78741;80930;-;391.8	112;100280;100795;-;75.2	88;78741;80930;-;70.3	A	9/9	contiguous	25074	1	1	82672..83163-;163;TraS;0
NZ_OZ039411.1	MPF_F	IncFIB(AP001918);IncFII(29)	120	0	0	GA	0															not_admitted	not_admitted	not_admitted	not_admitted	not_admitted	not_admitted	not_admitted	not_admitted	not_admitted	not_admitted	1	60;57452;58444;-;369.5	48;50025;51398;-;381.7	55;53603;54346;-;233.1	63;59453;62083;-;304.0	47;47206;50028;-;388.5	70;65214;66641;-;93.9	63;59453;62083;-;99.3	72;67356;67922;-;183.1	58;56470;57108;-;68.6	57;54623;56473;-;271.9	43;42673;44934;-;391.1	67;63570;64085;-;73.9	43;42673;44934;-;70.3	A	9/9	contiguous	24683	1	1	46705..47184-;159;TraS;0
NZ_OZ039654.1	MPF_F	IncFIB(AP001918);IncFIC(FII)	170	0	0	GA	0															not_admitted	not_admitted	not_admitted	not_admitted	not_admitted	not_admitted	not_admitted	not_admitted	not_admitted	not_admitted	1	128;136221;137213;-;369.6	113;127511;128884;-;386.4	120;131106;131849;-;232.8	131;138222;140849;-;304.9	112;124674;127514;-;381.1	137;142758;144185;-;93.1	131;138222;140849;-;98.5	139;144900;145466;-;183.8	125;134746;135384;-;68.4	122;132126;133934;-;263.6	109;120984;123137;-;389.4	134;141365;141880;-;76.6	109;120984;123137;-;67.2	A	9/9	contiguous	23916	0	1	
NZ_OZ039819.1	MPF_T	IncN	62	0	0	GA	1	19;14589;15323;+;32.5		22;15966;16283;+;63.3	23;16283;18883;+;113.8	23;16283;18883;+;76.4	24;18901;19614;+;105.5	26;19865;20905;+;142.4		27;21124;21822;+;131.9	28;21833;22717;+;159.7	29;22717;23877;+;156.3	30;23919;24914;+;81.2	39;32908;34437;-;38.5		pfam	both	A	7/7	canonical	1	0	unscoreable	11	0	0														not_admitted	not_admitted	not_admitted	not_admitted	not_admitted	not_admitted	not_admitted
NZ_OZ039821.1	MPF_F	Col156;IncFIB(AP001918);IncFII(29)	136	0	0	GA	0															not_admitted	not_admitted	not_admitted	not_admitted	not_admitted	not_admitted	not_admitted	not_admitted	not_admitted	not_admitted	1	78;70049;71041;-;369.5	66;62622;63995;-;381.7	73;66200;66943;-;233.1	81;72050;74680;-;304.0	65;59803;62625;-;388.5	88;77811;79238;-;93.9	81;72050;74680;-;99.3	90;79953;80519;-;183.1	76;69067;69705;-;68.6	75;67220;69070;-;271.9	61;55387;57531;-;391.3	85;76167;76682;-;73.9	61;55387;57531;-;70.4	A	9/9	contiguous	24566	1	1	59302..59781-;159;TraS;0
NZ_OZ039828.1	MPF_F	IncFIA	103	0	0	GA	0															not_admitted	not_admitted	not_admitted	not_admitted	not_admitted	not_admitted	not_admitted	not_admitted	not_admitted	not_admitted	1	33;25148;26140;+;369.5	44;31526;32899;+;382.9	38;28951;29694;+;234.4	30;21512;24139;+;300.9	45;32896;35715;+;385.4	24;17932;19359;+;93.9	30;21512;24139;+;101.1	22;16651;17217;+;182.7	35;26484;27098;+;70.6	36;27154;28674;+;267.7	48;37247;39463;+;380.8	28;20481;20996;+;76.0	48;37247;39463;+;66.5	A	9/9	contiguous	20596	1	1	35740..36231+;163;TraS;0
NZ_OZ039829.1	MPF_T	IncN	73	0	0	GA	1	58;49202;49936;-;32.5		55;48242;48559;-;63.3	54;45642;48242;-;113.8	54;45642;48242;-;76.4	53;44911;45624;-;105.5	51;43620;44660;-;142.4		50;42703;43401;-;131.9	49;41808;42692;-;159.7	48;40648;41808;-;156.3	47;39611;40606;-;81.2	24;15179;16708;+;38.5		pfam	both	A	7/7	canonical	1	0	unscoreable	3	0	0														not_admitted	not_admitted	not_admitted	not_admitted	not_admitted	not_admitted	not_admitted
NZ_OZ039849.1	MPF_F	Col156;IncFIA;IncFIB(pB171);IncFII(pRSB107)	162	0	0	GA	0															not_admitted	not_admitted	not_admitted	not_admitted	not_admitted	not_admitted	not_admitted	not_admitted	not_admitted	not_admitted	1	99;90039;91031;-;369.5	86;80907;82280;-;386.6	94;86190;86933;-;231.4	102;92040;94667;-;303.9	85;78091;80910;-;386.3	108;96552;98003;-;94.1	102;92040;94667;-;96.5	110;98718;99284;-;184.3	97;89057;89695;-;68.7	96;87210;89060;-;266.8	81;73599;75833;-;391.7	105;95183;95698;-;75.2	81;73599;75833;-;70.3	A	9/9	contiguous	25119	1	1	77575..78066-;163;TraS;0
NZ_OZ040036.1	MPF_F	Col156;IncFIB(AP001918);IncFII(29);IncQ1	173	0	0	GA	0															not_admitted	not_admitted	not_admitted	not_admitted	not_admitted	not_admitted	not_admitted	not_admitted	not_admitted	not_admitted	1	116;101337;102329;-;369.5	104;93910;95283;-;381.7	111;97488;98231;-;233.1	119;103338;105968;-;304.0	103;91091;93913;-;388.5	126;109099;110526;-;93.9	119;103338;105968;-;99.3	128;111241;111807;-;183.1	114;100355;100993;-;68.6	113;98508;100358;-;271.9	99;86603;88819;-;391.2	123;107455;107970;-;74.0	99;86603;88819;-;70.3	A	9/9	contiguous	24638	1	1	90590..91069-;159;TraS;0
NZ_OZ040037.1	MPF_T	-	49	0	0	GA	1	34;26375;27115;-;34.8	32;25761;26051;-;46.6	31;25395;25709;-;65.3	30;22765;25395;-;123.6	30;22765;25395;-;86.6	29;22048;22755;-;116.1	27;20746;21789;-;126.7	26;20481;20651;-;41.4	25;19762;20478;-;145.6	24;18872;19759;-;146.9	23;17721;18875;-;174.0	22;16697;17728;-;78.1	16;10422;11999;+;54.8		pfam	both	A	7/7	canonical	1	0	ga	7	0	0														not_admitted	not_admitted	not_admitted	not_admitted	not_admitted	not_admitted	not_admitted
NZ_OZ040092.1	MPF_F	Col156;IncFIB(AP001918);IncFII(29);IncQ1	189	0	0	GA	0															not_admitted	not_admitted	not_admitted	not_admitted	not_admitted	not_admitted	not_admitted	not_admitted	not_admitted	not_admitted	1	132;109703;110695;-;369.5	120;102276;103649;-;381.7	127;105854;106597;-;233.1	135;111704;114334;-;304.0	119;99457;102279;-;388.5	142;117465;118892;-;93.9	135;111704;114334;-;99.3	144;119607;120173;-;183.1	130;108721;109359;-;68.6	129;106874;108724;-;271.9	115;94924;97185;-;391.1	139;115821;116336;-;74.0	115;94924;97185;-;70.3	A	9/9	contiguous	24683	1	1	98956..99435-;159;TraS;0
NZ_OZ040193.1	MPF_F	IncFIB(AP001918);IncFII;IncQ1	153	0	0	GA	0															not_admitted	not_admitted	not_admitted	not_admitted	not_admitted	not_admitted	not_admitted	not_admitted	not_admitted	not_admitted	1	92;97373;98365;-;369.3	83;90938;92311;-;381.0	88;93901;94644;-;231.6	95;99374;102001;-;306.4	82;88116;90941;-;386.0	101;104056;105483;-;94.3	95;99374;102001;-;98.5	103;106198;106764;-;183.3	91;96726;97364;-;68.7	90;94921;96729;-;267.9	79;84459;86612;-;391.8	97;102517;103032;-;77.3	79;84459;86612;-;70.4	A	9/9	contiguous	21739	1	1	87610..88119-;169;unnamed;0
NZ_OZ040209.1	MPF_F	Col156;IncFIA;IncFIB(AP001918);IncFII(pRSB107)	176	0	0	GA	0															not_admitted	not_admitted	not_admitted	not_admitted	not_admitted	not_admitted	not_admitted	not_admitted	not_admitted	not_admitted	1	69;57097;58089;+;369.5	82;65848;67221;+;386.6	74;61195;61938;+;231.4	66;53461;56088;+;303.9	83;67218;70037;+;386.3	60;50125;51576;+;94.1	66;53461;56088;+;96.5	58;48844;49410;+;184.3	71;58433;59071;+;68.7	72;59068;60918;+;266.7	90;74835;77033;+;391.8	63;52430;52945;+;75.2	90;74835;77033;+;70.3	A	9/9	contiguous	25991	1	1	70062..70553+;163;TraS;0
NZ_OZ040268.1	MPF_F	IncFIA;IncFIB(AP001918);IncFII(pRSB107)	117	0	0	GA	0															not_admitted	not_admitted	not_admitted	not_admitted	not_admitted	not_admitted	not_admitted	not_admitted	not_admitted	not_admitted	1	70;56270;57262;+;369.5	84;68880;70253;+;386.6	76;64227;64970;+;231.4	67;52634;55261;+;303.9	85;70250;73069;+;386.3	61;49298;50749;+;94.1	67;52634;55261;+;96.5	59;48017;48583;+;184.3	72;57606;58244;+;68.7	73;58241;60091;+;266.7	89;75327;77534;+;391.8	64;51603;52118;+;75.2	89;75327;77534;+;70.3	A	9/9	contiguous	27310	1	1	73094..73585+;163;TraS;0
NZ_OZ040269.1	MPF_T	IncX4	47	0	0	GA	1	38;24706;25326;+;47.9	39;25340;25666;+;64.4	40;25685;28432;+;62.7	40;25685;28432;+;152.1	40;25685;28432;+;46.1	41;28444;29160;+;97.3	42;29171;30250;+;157.5		44;30747;31433;+;167.2	45;31430;32338;+;142.4	46;32331;33449;+;163.7		0;46;1863;+;313.0		pfam	pfam_only	B	6/7	canonical	1	1	unscoreable	1	0	0														not_admitted	not_admitted	not_admitted	not_admitted	not_admitted	not_admitted	not_admitted
NZ_OZ040275.1	MPF_F	Col156;IncFIB(AP001918);IncFII(29)	137	0	0	GA	0															not_admitted	not_admitted	not_admitted	not_admitted	not_admitted	not_admitted	not_admitted	not_admitted	not_admitted	not_admitted	1	75;72760;73752;-;369.5	63;65333;66706;-;381.7	70;68911;69654;-;233.1	78;74761;77391;-;304.0	62;62514;65336;-;388.5	85;80522;81949;-;93.9	78;74761;77391;-;99.3	87;82664;83230;-;183.1	73;71778;72416;-;68.6	72;69931;71781;-;271.9	58;58098;60242;-;391.3	82;78878;79393;-;73.9	58;58098;60242;-;70.4	A	9/9	contiguous	24566	1	1	62013..62492-;159;TraS;0
NZ_OZ040332.1	MPF_F	Col156;IncFIB(AP001918);IncFII(29)	141	0	0	GA	0															not_admitted	not_admitted	not_admitted	not_admitted	not_admitted	not_admitted	not_admitted	not_admitted	not_admitted	not_admitted	1	84;75697;76689;-;369.5	72;68270;69643;-;381.7	79;71848;72591;-;233.1	87;77698;80328;-;304.0	71;65451;68273;-;388.5	94;83459;84886;-;93.9	87;77698;80328;-;99.3	96;85601;86167;-;183.1	82;74715;75353;-;68.6	81;72868;74718;-;271.9	67;60918;63179;-;391.1	91;81815;82330;-;73.9	67;60918;63179;-;70.3	A	9/9	contiguous	24683	1	1	64950..65429-;159;TraS;0
NZ_OZ040466.1	MPF_F	Col156;IncFIA;IncFIB(AP001918);IncFII(pRSB107)	167	0	0	GA	0															not_admitted	not_admitted	not_admitted	not_admitted	not_admitted	not_admitted	not_admitted	not_admitted	not_admitted	not_admitted	1	99;90350;91342;-;369.5	86;81218;82591;-;386.6	94;86501;87244;-;231.4	102;92351;94978;-;303.0	85;78402;81221;-;386.3	108;96863;98314;-;94.1	102;92351;94978;-;96.5	110;99029;99595;-;184.3	97;89368;90006;-;68.7	96;87521;89371;-;266.7	81;73919;76144;-;391.7	105;95494;96009;-;75.2	81;73919;76144;-;70.3	A	9/9	contiguous	25110	1	1	77886..78377-;163;TraS;0
NZ_OZ040491.1	MPF_F	IncFIB(AP001918);IncFII	140	0	0	GA	0															not_admitted	not_admitted	not_admitted	not_admitted	not_admitted	not_admitted	not_admitted	not_admitted	not_admitted	not_admitted	1	79;92634;93626;-;369.3	70;86199;87572;-;381.0	75;89162;89905;-;231.6	82;94635;97262;-;306.4	69;83377;86202;-;386.0	88;99317;100744;-;94.3	82;94635;97262;-;98.5	90;101459;102025;-;183.3	78;91987;92625;-;68.7	77;90182;91990;-;267.9	66;79720;81873;-;391.8	84;97778;98293;-;77.3	66;79720;81873;-;70.4	A	9/9	contiguous	21739	1	1	82871..83380-;169;unnamed;0
NZ_OZ040540.1	MPF_F	Col156;IncFIB(AP001918);IncFII(29)	130	0	0	GA	0															not_admitted	not_admitted	not_admitted	not_admitted	not_admitted	not_admitted	not_admitted	not_admitted	not_admitted	not_admitted	1	72;70042;71034;-;369.5	60;62615;63988;-;381.7	67;66193;66936;-;233.1	75;72043;74673;-;304.0	59;59796;62618;-;388.5	82;77804;79231;-;93.9	75;72043;74673;-;99.3	84;79946;80512;-;183.1	70;69060;69698;-;68.6	69;67213;69063;-;271.9	55;55380;57524;-;391.3	79;76160;76675;-;73.9	55;55380;57524;-;70.4	A	9/9	contiguous	24566	1	1	59295..59774-;159;TraS;0
NZ_OZ040556.1	MPF_F	Col156;IncFIB(AP001918);IncFII(29)	135	0	0	GA	0															not_admitted	not_admitted	not_admitted	not_admitted	not_admitted	not_admitted	not_admitted	not_admitted	not_admitted	not_admitted	1	77;72760;73752;-;369.5	65;65333;66706;-;381.7	72;68911;69654;-;233.1	80;74761;77391;-;304.0	64;62514;65336;-;388.5	87;80522;81949;-;93.9	80;74761;77391;-;99.3	89;82664;83230;-;183.1	75;71778;72416;-;68.6	74;69931;71781;-;271.9	56;55391;57451;-;391.4	84;78878;79393;-;73.9	56;55391;57451;-;70.4	A	9/9	contiguous	27273	1	1	62013..62492-;159;TraS;0
NZ_OZ040670.1	MPF_F	Col156;IncFIB(AP001918);IncFII(29)	167	0	0	GA	0															not_admitted	not_admitted	not_admitted	not_admitted	not_admitted	not_admitted	not_admitted	not_admitted	not_admitted	not_admitted	1	111;99776;100768;-;369.5	99;92349;93722;-;381.7	106;95927;96670;-;233.1	114;101777;104407;-;304.0	98;89530;92352;-;388.5	121;107538;108965;-;93.9	114;101777;104407;-;99.3	123;109680;110246;-;183.1	109;98794;99432;-;68.6	108;96947;98797;-;271.9	94;84907;87258;-;390.9	118;105894;106409;-;73.9	94;84907;87258;-;70.2	A	9/9	contiguous	24773	1	1	89029..89508-;159;TraS;0
NZ_OZ040672.1	MPF_T	IncFII(pEH01)	37	0	0	GA	1	21;12259;12963;+;47.3	22;12967;13263;+;67.3	23;13276;16020;+;49.1	23;13276;16020;+;149.6	23;13276;16020;+;48.4	24;16035;16739;+;139.3	26;16991;18058;+;159.8		28;18244;18927;+;189.7	29;18927;19832;+;153.7	30;19874;21139;+;155.2	32;21304;22329;+;67.3	0;16;1728;+;47.6		pfam	both	A	7/7	canonical	1	1	unscoreable	3	0	0														not_admitted	not_admitted	not_admitted	not_admitted	not_admitted	not_admitted	not_admitted
NZ_OZ040717.1	MPF_F	Col156;IncFIA;IncFIB(AP001918);IncFII(pRSB107)	148	0	0	GA	0															not_admitted	not_admitted	not_admitted	not_admitted	not_admitted	not_admitted	not_admitted	not_admitted	not_admitted	not_admitted	1	80;73939;74931;-;369.5	67;64807;66180;-;386.6	75;70090;70833;-;231.4	83;75940;78567;-;303.9	66;61991;64810;-;386.3	89;80452;81903;-;94.1	83;75940;78567;-;96.5	91;82618;83184;-;184.3	78;72957;73595;-;68.7	77;71110;72960;-;266.7	62;57535;59733;-;391.8	86;79083;79598;-;75.2	62;57535;59733;-;70.3	A	9/9	contiguous	25083	1	1	61475..61966-;163;TraS;0
NZ_OZ040729.1	MPF_F	Col156;IncFIB(AP001918);IncFII(29);IncQ1	174	0	0	GA	0															not_admitted	not_admitted	not_admitted	not_admitted	not_admitted	not_admitted	not_admitted	not_admitted	not_admitted	not_admitted	1	117;96556;97548;-;369.5	105;89129;90502;-;381.7	112;92707;93450;-;233.1	120;98557;101187;-;304.0	104;86310;89132;-;388.5	127;104318;105745;-;93.9	120;98557;101187;-;99.3	129;106460;107026;-;183.1	115;95574;96212;-;68.6	114;93727;95577;-;271.9	100;81786;84038;-;391.1	124;102674;103189;-;74.0	100;81786;84038;-;70.3	A	9/9	contiguous	24674	1	1	85809..86288-;159;TraS;0
NZ_OZ040757.1	MPF_F	Col156;IncFIB(AP001918);IncFII(29)	145	0	0	GA	0															not_admitted	not_admitted	not_admitted	not_admitted	not_admitted	not_admitted	not_admitted	not_admitted	not_admitted	not_admitted	1	88;75598;76590;-;369.5	76;68171;69544;-;381.7	83;71749;72492;-;233.1	91;77599;80229;-;304.0	75;65352;68174;-;388.5	98;83360;84787;-;93.9	91;77599;80229;-;99.3	100;85502;86068;-;183.1	86;74616;75254;-;68.6	85;72769;74619;-;271.9	71;60783;63080;-;391.0	95;81716;82231;-;74.0	71;60783;63080;-;70.2	A	9/9	contiguous	24719	1	1	64851..65330-;159;TraS;0
NZ_OZ040765.1	MPF_F	Col156;IncFIB(AP001918);IncFII(29)	159	0	0	GA	0															not_admitted	not_admitted	not_admitted	not_admitted	not_admitted	not_admitted	not_admitted	not_admitted	not_admitted	not_admitted	1	102;86030;87022;-;369.5	90;78603;79976;-;381.7	97;82181;82924;-;233.1	105;88031;90661;-;304.0	89;75784;78606;-;388.5	112;93792;95219;-;93.9	105;88031;90661;-;99.3	114;95934;96500;-;183.1	100;85048;85686;-;68.6	99;83201;85051;-;271.9	85;71296;73512;-;391.2	109;92148;92663;-;74.0	85;71296;73512;-;70.3	A	9/9	contiguous	24638	1	1	75283..75762-;159;TraS;0
NZ_OZ040964.1	MPF_F	Col156;IncFIB(AP001918);IncFII(29);IncQ1	175	0	0	GA	0															not_admitted	not_admitted	not_admitted	not_admitted	not_admitted	not_admitted	not_admitted	not_admitted	not_admitted	not_admitted	1	118;101069;102061;-;369.5	106;93642;95015;-;381.7	113;97220;97963;-;233.1	121;103070;105700;-;304.0	105;90823;93645;-;388.5	128;108831;110258;-;93.9	121;103070;105700;-;99.3	130;110973;111539;-;183.1	116;100087;100725;-;68.6	115;98240;100090;-;271.9	101;86317;88551;-;391.1	125;107187;107702;-;74.0	101;86317;88551;-;70.3	A	9/9	contiguous	24656	1	1	90322..90801-;159;TraS;0
NZ_OZ040974.1	MPF_F	IncFIB(AP001918);IncFIC(FII)	128	0	0	GA	0															not_admitted	not_admitted	not_admitted	not_admitted	not_admitted	not_admitted	not_admitted	not_admitted	not_admitted	not_admitted	1	75;85377;86369;-;368.9	64;78318;79691;-;378.0	71;81905;82648;-;234.5	78;87378;90005;-;305.4	63;75499;78321;-;389.5	84;92060;93487;-;94.3	78;87378;90005;-;98.5	86;94202;94768;-;183.8	74;84730;85368;-;68.4	73;82925;84733;-;268.4	60;71817;73970;-;391.9	80;90521;91036;-;78.4	60;71817;73970;-;70.4	A	9/9	contiguous	22385	1	1	74986..75477-;163;TraS;0
NZ_OZ040995.1	MPF_F	IncFIA;IncFIB(AP001918);IncFII	112	0	0	GA	0															not_admitted	not_admitted	not_admitted	not_admitted	not_admitted	not_admitted	not_admitted	not_admitted	not_admitted	not_admitted	1	41;36095;37087;+;369.3	50;42149;43522;+;381.0	45;39816;40559;+;233.3	38;32456;35086;+;303.5	51;43519;45195;+;391.6	54;46219;47646;-;94.7	38;32456;35086;+;98.5	56;48361;48927;-;183.8	42;37096;37734;+;68.3	43;37731;39539;+;268.0	38;32456;35086;+;22.0	35;30317;30832;+;76.4		A	9/9	contiguous	18044	0	1	
NZ_OZ042070.1	MPF_F	Col156;IncFIB(AP001918);IncFII(29)	165	0	0	GA	0															not_admitted	not_admitted	not_admitted	not_admitted	not_admitted	not_admitted	not_admitted	not_admitted	not_admitted	not_admitted	1	107;88660;89652;-;369.5	95;81233;82606;-;381.7	102;84811;85554;-;233.1	110;90661;93291;-;304.0	94;78414;81236;-;388.5	117;96422;97849;-;93.9	110;90661;93291;-;99.3	119;98564;99130;-;183.1	105;87678;88316;-;68.6	104;85831;87681;-;271.9	90;73845;76142;-;391.0	114;94778;95293;-;74.0	90;73845;76142;-;70.2	A	9/9	contiguous	24719	1	1	77913..78392-;159;TraS;0
NZ_OZ042071.1	MPF_F	IncFII(pCoo)	79	0	0	GA	0															not_admitted	not_admitted	not_admitted	not_admitted	not_admitted	not_admitted	not_admitted	not_admitted	not_admitted	not_admitted	1	63;52375;53361;+;355.4	69;57594;58955;+;342.6	67;56183;56962;+;195.3	60;48691;51282;+;215.3	70;58957;61848;+;287.8	55;45738;47102;+;83.1	60;48691;51282;+;88.2	53;44458;45021;+;136.5	65;53737;54351;+;82.6	66;54348;56186;+;259.4	73;63471;65702;+;371.9	59;48081;48680;+;46.6	73;63471;65702;+;68.9	A	9/9	contiguous	19013	1	1	61858..62415+;185;unnamed;0
NZ_OZ043764.1	MPF_F	Col156;IncFIB(AP001918);IncFII(29);IncQ1	172	0	0	GA	0															not_admitted	not_admitted	not_admitted	not_admitted	not_admitted	not_admitted	not_admitted	not_admitted	not_admitted	not_admitted	1	112;94055;95047;-;369.5	100;86628;88001;-;381.7	107;90206;90949;-;233.1	115;96056;98686;-;304.0	99;83809;86631;-;388.5	122;101817;103244;-;93.9	115;96056;98686;-;99.3	124;103959;104525;-;183.1	110;93073;93711;-;68.6	109;91226;93076;-;271.9	95;79249;81537;-;391.0	119;100173;100688;-;74.0	95;79249;81537;-;70.2	A	9/9	contiguous	24710	1	1	83308..83787-;159;TraS;0
NZ_OZ043946.1	MPF_F	Col156;IncFIA;IncFIB(pB171);IncFII(pRSB107)	161	0	0	GA	0															not_admitted	not_admitted	not_admitted	not_admitted	not_admitted	not_admitted	not_admitted	not_admitted	not_admitted	not_admitted	1	100;85114;86106;-;369.5		91;78728;79471;-;231.4	103;87114;89741;-;303.9		109;91626;93077;-;94.1	103;87114;89741;-;96.5	111;93792;94358;-;184.3	94;81595;82233;-;68.7	93;79748;81598;-;266.8	87;75058;76764;-;390.5	106;90257;90772;-;75.2	87;75058;76764;-;70.8	C	7/9	contiguous	18734	0	1	
NZ_OZ043947.1	MPF_F	IncFII	82	0	0	GA	0															not_admitted	not_admitted	not_admitted	not_admitted	not_admitted	not_admitted	not_admitted	not_admitted	not_admitted	not_admitted	1	52;40557;41549;+;369.5	68;49806;51179;+;381.7	62;46858;47601;+;234.4	49;36918;39548;+;305.1	69;51176;53998;+;387.9	42;32467;33918;+;94.2	49;36918;39548;+;97.0	40;31186;31752;+;172.8	57;43281;43919;+;70.1	60;44731;46581;+;267.9	73;56270;58513;+;391.7	45;34778;35293;+;82.8	73;56270;58513;+;70.3	A	9/9	contiguous	25084	1	1	54019..54516+;165;TraS;0
NZ_PP024953.1	MPF_F	IncHI2;IncHI2A	329	0	0	GA	0															not_admitted	not_admitted	not_admitted	not_admitted	not_admitted	not_admitted	not_admitted	not_admitted	not_admitted	not_admitted	1	170;152680;153738;+;276.9	42;37979;39394;-;194.1	43;39384;40430;-;174.3	153;129924;132323;+;166.8	41;34017;37970;-;101.6	148;126181;127536;+;80.7	153;129924;132323;+;59.5	145;123669;124457;+;74.8	168;151027;152538;+;62.0	171;153757;156945;+;57.3	50;47472;49556;+;56.8	152;128965;129915;+;46.1	50;47472;49556;+;38.8	A	9/9	split_3	119740	1	1	32547..33836-;429;unnamed;0
NZ_PP024954.1	MPF_F	IncHI2;IncHI2A	322	0	0	GA	0															not_admitted	not_admitted	not_admitted	not_admitted	not_admitted	not_admitted	not_admitted	not_admitted	not_admitted	not_admitted	1	246;206231;207289;-;276.9	49;37236;37988;+;133.6	48;36200;37246;+;174.3	263;227361;230042;-;166.5	51;38660;42613;+;101.6	267;232372;233727;-;80.7	263;227361;230042;-;72.2	270;235451;236239;-;74.8	248;207431;208942;-;62.0	245;203024;206212;-;57.3	41;27074;29158;-;56.8	264;230051;231001;-;46.1	41;27074;29158;-;38.8	A	9/9	split_2	208377	1	1	42794..44083+;429;unnamed;0
NZ_PP024955.1	MPF_F	IncHI2;IncHI2A	328	0	0	GA	0															not_admitted	not_admitted	not_admitted	not_admitted	not_admitted	not_admitted	not_admitted	not_admitted	not_admitted	not_admitted	1	176;158433;159491;+;276.9	51;43794;45209;-;194.1	52;45199;46245;-;174.3	160;135681;138362;+;166.5	50;39832;43785;-;101.6	156;131996;133351;+;80.7	160;135681;138362;+;72.2	153;129484;130272;+;74.8	174;156780;158291;+;62.0	177;159510;162698;+;57.3	59;53287;55371;+;56.8	159;134722;135672;+;46.1	59;53287;55371;+;38.8	A	9/9	split_3	119678	1	1	38362..39651-;429;unnamed;0
NZ_PP130096.1	MPF_F	IncFII	121	0	0	GA	0															not_admitted	not_admitted	not_admitted	not_admitted	not_admitted	not_admitted	not_admitted	not_admitted	not_admitted	not_admitted	1	99;91809;92801;+;369.3	107;97497;98870;+;380.7	103;95533;96276;+;232.7	96;88173;90800;+;303.5	108;98867;101689;+;380.3	92;84834;86261;+;94.3	96;88173;90800;+;100.3	90;83553;84119;+;183.8	100;92810;93448;+;68.3	101;93445;95253;+;268.3	111;103223;105421;+;391.7	95;87142;87657;+;78.0	111;103223;105421;+;70.3	A	9/9	contiguous	19670	1	1	101710..102207+;165;TraS;0
NZ_PP215914.1	MPF_F	IncFIA(HI1);IncFIB(AP001918);IncFIC(FII);IncHI1A;IncHI1B(R27)	392	0	0	GA	0															not_admitted	not_admitted	not_admitted	not_admitted	not_admitted	not_admitted	not_admitted	not_admitted	not_admitted	not_admitted	1	273;240844;241836;+;369.3	284;247519;248895;+;378.0	277;244565;245308;+;234.1	270;237208;239835;+;305.4	285;248892;251714;+;389.5	263;233726;235153;+;94.3	270;237208;239835;+;98.5	261;232445;233011;+;183.8	274;241845;242483;+;68.4	275;242480;244288;+;268.4	288;253243;255396;+;391.9	267;236177;236692;+;78.4	288;253243;255396;+;70.4	A	9/9	contiguous	20798	1	1	251736..252227+;163;TraS;0
NZ_PP215915.1	MPF_F	IncFIA(HI1);IncFIB(AP001918);IncFIC(FII);IncHI1A;IncHI1B(R27)	391	0	0	GA	0															not_admitted	not_admitted	not_admitted	not_admitted	not_admitted	not_admitted	not_admitted	not_admitted	not_admitted	not_admitted	1	271;241234;242226;-;369.3	260;234175;235551;-;378.0	267;237762;238505;-;234.1	274;243235;245862;-;305.4	259;231356;234178;-;389.5	281;247917;249344;-;94.3	274;243235;245862;-;98.5	283;250059;250625;-;183.8	270;240587;241225;-;68.4	269;238782;240590;-;268.4	256;227674;229827;-;391.9	277;246378;246893;-;78.4	256;227674;229827;-;70.4	A	9/9	contiguous	22385	1	1	230843..231334-;163;TraS;0
NZ_PP215916.1	MPF_F	IncFIA(HI1);IncFIB(AP001918);IncFIC(FII);IncHI1A;IncHI1B(R27)	296	0	0	GA	0															not_admitted	not_admitted	not_admitted	not_admitted	not_admitted	not_admitted	not_admitted	not_admitted	not_admitted	not_admitted	1	110;103510;104502;+;369.3	121;110185;111561;+;378.0	114;107231;107974;+;234.1	107;99874;102501;+;305.4	122;111558;114380;+;389.5	100;96392;97819;+;94.3	107;99874;102501;+;98.5	98;95111;95677;+;183.8	111;104511;105149;+;68.4	112;105146;106954;+;268.4	125;115909;118062;+;391.9	104;98843;99358;+;78.4	125;115909;118062;+;70.4	A	9/9	contiguous	20798	1	1	114402..114893+;163;TraS;0
NZ_PP238397.1	-	-	125	0	0	GA	0															not_admitted	not_admitted	not_admitted	not_admitted	not_admitted	not_admitted	not_admitted	not_admitted	not_admitted	not_admitted	1	32;33473;34468;-;360.9	24;26827;28203;-;329.7	29;30163;30951;-;201.1	35;35508;38219;-;238.1	23;23923;26814;-;317.8	41;40186;41547;-;90.9	35;35508;38219;-;123.1	43;42291;42860;-;124.2	31;32837;33457;-;68.9	30;30948;32840;-;233.9	19;20351;22573;-;366.7	36;38221;38784;-;52.1	19;20351;22573;-;68.2	A	9/9	contiguous	21940	1	1	23374..23871-;165;unnamed;0
NZ_PP376100.1	MPF_F	IncHI2;IncHI2A	389	0	0	GA	0															not_admitted	not_admitted	not_admitted	not_admitted	not_admitted	not_admitted	not_admitted	not_admitted	not_admitted	not_admitted	1	47;54903;55961;+;276.9	230;253624;255039;-;194.1	231;255029;256075;-;173.7	11;8956;11637;+;168.0	229;249665;253615;-;101.6	7;5271;6626;+;80.7	11;8956;11637;+;72.2	4;2759;3547;+;74.8	45;53250;54761;+;62.7	48;55980;59168;+;58.3	237;263116;265200;+;56.7	10;7997;8947;+;46.4	237;263116;265200;+;38.8	A	9/9	split_3	260357	0	1	
NZ_PP376101.1	MPF_F	IncFIB(pQil);IncFII(K)	128	0	0	GA	0															not_admitted	not_admitted	not_admitted	not_admitted	not_admitted	not_admitted	not_admitted	not_admitted	not_admitted	not_admitted	1	74;67237;68226;-;366.0	64;60323;61690;-;381.2	68;62948;63700;-;233.7	78;69669;72308;-;258.5	63;57474;60323;-;345.6	86;75565;76989;-;88.8	78;69669;72308;-;88.7	88;77716;78282;-;169.3	73;66586;67224;-;66.9	72;64572;66527;-;259.7	59;52676;54988;-;392.7	85;74867;75451;-;55.4	59;52676;54988;-;66.5	A	9/9	contiguous	25040	1	1	56913..57461-;182;unnamed;0
NZ_PP417752.1	MPF_F	ColKP3;IncFII(pCoo)	111	0	0	GA	0															not_admitted	not_admitted	not_admitted	not_admitted	not_admitted	not_admitted	not_admitted	not_admitted	not_admitted	not_admitted	1	19;20867;21859;-;369.5	7;13474;14847;-;386.6	13;16775;17518;-;234.1	23;24331;25497;-;237.0	6;10652;13477;-;382.8	32;29551;30978;-;93.9	22;22868;24349;-;102.0	34;31693;32259;-;182.3	16;19600;20238;-;69.8	15;17795;19603;-;267.9	2;6239;8410;-;380.8	28;27915;28430;-;77.9	2;6239;8410;-;66.5	A	9/9	contiguous	25454	1	1	10146..10655-;169;unnamed;0
NZ_PP589667.1	MPF_T	rep33	73	0	0	GA	1				11;7733;9751;+;23.4									17;13761;15353;+;523.2		none	none	D	2/7	uncallable	0	0	unscoreable	5	0	0														not_admitted	not_admitted	not_admitted	not_admitted	not_admitted	not_admitted	not_admitted
NZ_PP589706.1	MPF_T	rep33;repUS33	146	0	0	GA	1				11;7731;9749;+;23.4									18;13758;15350;+;523.8		none	none	D	2/7	uncallable	0	0	unscoreable	6	0	0														not_admitted	not_admitted	not_admitted	not_admitted	not_admitted	not_admitted	not_admitted
NZ_PP589709.1	MPF_T	rep32;rep33	68	0	0	GA	1				34;28402;30420;+;23.4									40;34430;36022;+;523.8		none	none	D	2/7	uncallable	0	0	unscoreable	5	0	0														not_admitted	not_admitted	not_admitted	not_admitted	not_admitted	not_admitted	not_admitted
NZ_PP589746.1	MPF_T	rep33	52	0	0	GA	1				11;7724;9742;+;23.4									17;13752;15344;+;523.8		none	none	D	2/7	uncallable	0	0	unscoreable	5	0	0														not_admitted	not_admitted	not_admitted	not_admitted	not_admitted	not_admitted	not_admitted
NZ_PP589816.1	MPF_T	rep33	85	0	0	GA	1				11;7733;9751;+;23.4									17;13761;15353;+;523.2		none	none	D	2/7	uncallable	0	0	unscoreable	5	0	0														not_admitted	not_admitted	not_admitted	not_admitted	not_admitted	not_admitted	not_admitted
NZ_PP589834.1	MPF_T	rep33	73	0	0	GA	1				11;7689;9320;+;22.4									43;36711;38303;-;523.8		none	none	D	2/7	uncallable	0	0	unscoreable	0	0	0														not_admitted	not_admitted	not_admitted	not_admitted	not_admitted	not_admitted	not_admitted
NZ_PP589888.1	MPF_T	rep33	87	0	0	GA	1				11;7733;9751;+;23.4									17;13761;15353;+;523.8		none	none	D	2/7	uncallable	0	0	unscoreable	5	0	0														not_admitted	not_admitted	not_admitted	not_admitted	not_admitted	not_admitted	not_admitted
NZ_PP626393.1	-	pKPC-CAV1321	336	0	0	GA	0															not_admitted	not_admitted	not_admitted	not_admitted	not_admitted	not_admitted	not_admitted	not_admitted	not_admitted	not_admitted	1	215;171948;173015;+;276.8	235;188929;190371;+;260.7	234;187832;188932;+;198.4	211;167354;169840;+;223.8	236;190386;193904;+;240.0	207;162729;164126;+;109.8	211;167354;169840;+;120.8	205;160820;161446;+;87.1	214;170638;171951;+;41.0	238;194340;196997;+;136.9	199;156296;158272;+;22.7	208;164123;164689;+;71.6	199;156296;158272;+;33.5	A	9/9	contiguous	38044	0	1	
NZ_PP626394.1	MPF_F	IncHI2;IncHI2A;IncN	213	0	0	GA	0															not_admitted	not_admitted	not_admitted	not_admitted	not_admitted	not_admitted	not_admitted	not_admitted	not_admitted	not_admitted	1	30;33650;34708;+;276.9			11;8955;11636;+;168.0		7;5270;6625;+;80.7	11;8955;11636;+;72.2	4;2758;3546;+;74.8	28;31997;33508;+;62.0	31;34727;37915;+;57.3		10;7996;8946;+;46.1		C	6/9	split_2	31969	0	1	
OL332704.1	MPF_F	IncC	219	0	0	GA	0															not_admitted	not_admitted	not_admitted	not_admitted	not_admitted	not_admitted	not_admitted	not_admitted	not_admitted	not_admitted	1	69;52881;53888;+;332.1	207;175772;177205;+;339.9	206;174742;175770;+;223.6	64;47685;50129;+;357.4	208;177218;180835;+;377.4	58;38863;40176;+;133.5	64;47685;50129;+;130.8	56;37339;37965;+;93.3	67;50951;52216;+;69.6	70;54004;56808;+;144.6	47;31664;33529;+;49.3	59;40173;40751;+;101.0	47;31664;33529;+;52.1	A	9/9	split_2	145554	0	1	
OL332705.1	MPF_T	IncN;IncX1	95	0	0	GA	1	46;33076;33810;+;32.5	48;34110;34403;+;28.7	49;34453;34770;+;63.3	50;34770;37370;+;111.8	50;34770;37370;+;76.8	51;37388;38101;+;97.1	53;38352;39392;+;153.6		54;39611;40309;+;131.9	55;40320;41204;+;159.0	56;41204;42364;+;154.9	57;42406;43401;+;81.2	78;63647;65176;-;38.5		pfam	both	A	7/7	canonical	1	0	unscoreable	2	0	0														not_admitted	not_admitted	not_admitted	not_admitted	not_admitted	not_admitted	not_admitted
OQ553934.1	MPF_T	-	39	0	0	GA	1	3;2836;3381;+;58.1	28;22206;22502;+;65.7	29;22502;22789;+;50.4	30;22791;25256;+;88.7	30;22791;25256;+;88.9	34;27098;27877;+;49.8	36;28104;29315;+;44.5		38;29641;30336;+;123.2	0;1;1161;+;163.7	2;1606;2835;+;209.5	27;21267;22205;+;131.9	8;6182;8005;+;323.2		conjscan	both	A	7/7	canonical	1	0	unscoreable	11	0	0														not_admitted	not_admitted	not_admitted	not_admitted	not_admitted	not_admitted	not_admitted
OQ553941.1	MPF_T	-	50	0	0	GA	1		25;21079;21342;+;51.4	26;21361;24129;+;73.4	26;21361;24129;+;174.9	26;21361;24129;+;86.0	31;25996;26985;+;86.1	32;26982;27977;+;116.9		34;28121;28780;+;177.9	35;28777;29667;+;162.9	36;29677;30855;+;164.3	37;30836;31843;+;93.9	38;31844;33655;+;351.4		pfam	pfam_only	A	7/7	canonical	1	1	unscoreable	5	0	0														not_admitted	not_admitted	not_admitted	not_admitted	not_admitted	not_admitted	not_admitted
OQ553945.1	MPF_T	-	49	0	0	GA	1				35;21581;24049;+;103.6		14;8783;9739;+;31.3	47;32189;33337;+;95.5		37;24193;24870;+;113.7	38;24870;25940;+;97.7	39;25937;27073;+;144.8	41;27277;28227;+;100.4	43;28641;30527;+;243.8		pfam	pfam_only	A	7/7	canonical	1	0	unscoreable	6	0	0														not_admitted	not_admitted	not_admitted	not_admitted	not_admitted	not_admitted	not_admitted
OQ553949.1	MPF_T	-	34	0	0	GA	1	8;6296;6841;+;58.1	30;23013;23309;+;65.7	31;23309;23596;+;50.4	32;23598;26063;+;91.0	32;23598;26063;+;87.5	0;1;804;+;51.5	2;1079;2302;+;51.7		3;2518;3213;+;123.2	4;3224;4384;+;163.7	6;4829;6058;+;209.5	29;22074;23012;+;130.1	13;9642;11465;+;322.8		conjscan	conjscan_only	A	7/7	rearranged	1	0	unscoreable	6	0	0														not_admitted	not_admitted	not_admitted	not_admitted	not_admitted	not_admitted	not_admitted
OQ553951.1	MPF_T	-	52	0	0	GA	1		33;28781;29044;+;51.9	34;29057;31825;+;73.3	34;29057;31825;+;172.4	34;29057;31825;+;84.1	39;33716;34687;+;82.8	40;34684;35682;+;119.5		42;35829;36491;+;177.6	43;36488;37375;+;160.1	44;37402;38577;+;165.9	45;38558;39550;+;93.2	46;39551;41362;+;349.9		pfam	pfam_only	A	7/7	canonical	1	1	unscoreable	5	0	0														not_admitted	not_admitted	not_admitted	not_admitted	not_admitted	not_admitted	not_admitted
OQ553955.1	MPF_T	-	39	0	0	GA	1	14;9199;9744;-;58.1	28;20424;20720;-;65.7	27;20137;20424;-;50.4	26;17670;20135;-;88.7	26;17670;20135;-;88.9	22;15049;15828;-;49.8	20;13611;14822;-;44.5		18;12590;13285;-;123.2	17;11419;12579;-;163.7	15;9745;10974;-;209.5	29;20721;21659;-;131.9	9;4575;6398;-;323.2		conjscan	both	A	7/7	canonical	1	0	unscoreable	11	0	0														not_admitted	not_admitted	not_admitted	not_admitted	not_admitted	not_admitted	not_admitted
OQ623312.1	MPF_F	IncFIA(HI1);IncHI1A;IncHI1B(R27)	232	0	0	GA	0															not_admitted	not_admitted	not_admitted	not_admitted	not_admitted	not_admitted	not_admitted	not_admitted	not_admitted	not_admitted	1	215;197042;198094;-;277.6	94;76844;78259;+;201.7	93;75808;76854;+;171.3	0;803;3484;-;160.6	95;78268;82257;+;103.1	4;5832;7190;-;84.0	0;803;3484;-;76.5	7;8857;9642;-;68.7	217;198239;199747;-;65.6	214;193843;197019;-;58.9	87;66789;68873;-;50.2	1;3493;4443;-;45.2	87;66789;68873;-;36.5	A	9/9	split_3	197436	0	1	
OQ722348.1	MPF_T	-	48	0	0	GA	1		8;4557;4820;+;59.6	9;4839;7607;+;73.3	9;4839;7607;+;169.9	9;4839;7607;+;84.1	14;9489;10460;+;82.8	15;10457;11455;+;118.1		17;11602;12264;+;177.6	18;12261;13148;+;161.0	19;13175;14350;+;165.9	20;14331;15329;+;93.2	22;16006;17817;+;350.1		pfam	pfam_only	A	7/7	canonical	1	1	unscoreable	6	0	0														not_admitted	not_admitted	not_admitted	not_admitted	not_admitted	not_admitted	not_admitted
OR232699.1	MPF_F	IncA	159	0	0	GA	0															not_admitted	not_admitted	not_admitted	not_admitted	not_admitted	not_admitted	not_admitted	not_admitted	not_admitted	not_admitted	1	67;52843;53847;+;330.1	148;122882;124315;+;336.4	147;121840;122880;+;223.9	62;47638;50085;+;352.8	149;124328;127933;+;377.7	57;38811;40127;+;136.3	62;47638;50085;+;130.4	55;37287;37913;+;93.9	65;50907;52175;+;69.6	68;53998;56736;+;138.7	46;31632;33497;+;46.9	58;40124;40702;+;98.1	46;31632;33497;+;51.6	A	9/9	split_2	92696	0	1	
OR771667.1	MPF_T	IncP1	67	0	0	GA	1	20;14164;14793;-;24.1	32;24961;25425;-;65.0	31;24646;24957;-;47.0	30;22091;24649;-;98.2	30;22091;24649;-;122.1	25;17756;18526;-;134.8	22;15433;17349;-;155.8		29;21321;22094;-;145.4	28;20410;21303;-;185.7	26;18545;19948;-;222.0	33;25439;26401;-;134.7	56;42347;44251;+;521.1		conjscan	conjscan_only	A	7/7	canonical	1	0	unscoreable	5	0	0														not_admitted	not_admitted	not_admitted	not_admitted	not_admitted	not_admitted	not_admitted
OR902841.1	MPF_F	IncFIB(AP001918);IncFIC(FII);IncQ1	214	0	0	GA	0															not_admitted	not_admitted	not_admitted	not_admitted	not_admitted	not_admitted	not_admitted	not_admitted	not_admitted	not_admitted	1	179;137618;138418;+;317.6	192;144092;145465;+;378.0	186;141294;141632;+;98.7	172;134342;134959;+;128.5	194;146001;147197;+;210.4	166;131135;131743;+;73.0	174;135216;136145;+;71.9	163;129143;129646;+;160.8	181;138747;139064;+;43.4	184;140570;140866;+;71.0	200;150612;151661;+;269.3	169;132766;133281;+;78.4	200;150612;151661;+;72.0	A	9/9	contiguous	21469	1	1	147194..147391+;65;unnamed;0
OU015326.1	MPF_F	IncHI2;IncHI2A	239	0	0	GA	0															not_admitted	not_admitted	not_admitted	not_admitted	not_admitted	not_admitted	not_admitted	not_admitted	not_admitted	not_admitted	1	187;159852;160910;-;276.9	60;46425;47840;+;194.1	59;45389;46435;+;174.1	203;180723;183404;-;168.0	61;47849;51799;+;101.6	207;185734;187089;-;80.7	203;180723;183404;-;72.2	210;188813;189601;-;74.8	189;161052;162563;-;62.0	186;156645;159833;-;57.3	52;36265;38349;-;56.8	204;183413;184363;-;46.1	52;36265;38349;-;38.8	A	9/9	split_2	152548	1	1	51980..53269+;429;unnamed;0
OU015335.1	MPF_F	IncHI2;IncHI2A;IncQ1	251	0	0	GA	0															not_admitted	not_admitted	not_admitted	not_admitted	not_admitted	not_admitted	not_admitted	not_admitted	not_admitted	not_admitted	1	174;151875;152933;+;276.9	62;48037;49452;-;194.1	63;49442;50488;-;174.1	158;129381;132062;+;168.0	61;44078;48028;-;101.6	154;125696;127051;+;80.7	158;129381;132062;+;72.2	151;123184;123972;+;74.8	172;150222;151733;+;62.0	175;152952;156140;+;57.3	70;57528;59612;+;56.8	157;128422;129372;+;46.1	70;57528;59612;+;38.8	A	9/9	split_3	108874	1	1	42608..43897-;429;unnamed;0
OU015338.1	MPF_F	IncHI2;IncHI2A;IncN	266	0	0	GA	0															not_admitted	not_admitted	not_admitted	not_admitted	not_admitted	not_admitted	not_admitted	not_admitted	not_admitted	not_admitted	1	33;33642;34700;+;276.9	114;107554;108969;+;194.1	113;106518;107564;+;174.3	14;10172;12853;+;168.0	115;108978;112931;+;101.6	7;5270;6625;+;80.7	14;10172;12853;+;72.2	4;2758;3546;+;74.8	31;31989;33500;+;62.0	34;34719;37907;+;57.3	138;129674;131758;-;56.8	13;9492;10163;+;40.2	138;129674;131758;-;38.8	A	9/9	split_4	126916	1	1	113112..114401+;429;unnamed;0
OV141394.1	MPF_F	IncFIB(pNDM-Mar);IncHI1B(pNDM-MAR)	405	0	0	GA	0															not_admitted	not_admitted	not_admitted	not_admitted	not_admitted	not_admitted	not_admitted	not_admitted	not_admitted	not_admitted	1	327;286674;287708;-;282.2	78;61901;63310;+;190.4	77;60874;61911;+;175.6	342;301489;304206;-;149.6	79;63312;67226;+;122.2	346;306319;307689;-;65.6	342;301489;304206;-;85.2	349;309335;310195;-;79.0	330;289469;290815;-;70.1	326;283482;286664;-;58.9	70;51549;53675;-;57.8	343;304251;304988;-;56.9	70;51549;53675;-;41.0	A	9/9	split_2	257786	0	1	
OV141395.1	MPF_F	IncC	297	0	0	GA	0															not_admitted	not_admitted	not_admitted	not_admitted	not_admitted	not_admitted	not_admitted	not_admitted	not_admitted	not_admitted	1	94;66838;67845;+;332.9	286;240872;242305;+;339.2	285;239842;240870;+;221.7	89;61639;64086;+;354.2	287;242318;245932;+;375.3	84;52812;54128;+;135.0	89;61639;64086;+;128.6	82;51288;51914;+;92.1	92;64908;66173;+;67.6	95;67961;70756;+;145.3	73;45613;47478;+;47.4	85;54125;54703;+;100.2	73;45613;47478;+;52.0	A	9/9	split_2	196705	0	1	
OW635551.1	MPF_F	IncFIB(K);IncFIB(pNDM-Mar);IncFII(K);RepB	473	0	0	GA	0															not_admitted	not_admitted	not_admitted	not_admitted	not_admitted	not_admitted	not_admitted	not_admitted	not_admitted	not_admitted	1	126;103260;104249;-;363.3	115;96074;97441;-;383.5	119;98699;99451;-;233.7	131;106781;108346;-;260.8	114;93252;96074;-;346.5	143;112314;113738;-;88.0	397;339918;342635;-;85.2	145;114465;115031;-;167.9	386;329083;330444;-;69.9	123;100323;102278;-;259.7	110;88322;90634;-;392.8	398;342680;343417;-;56.9	110;88322;90634;-;65.9	A	9/9	split_2	254358	1	1	92627..93229-;200;TraS;0
OW635553.1	MPF_T	IncN	65	0	0	GA	1	27;22267;23001;+;32.5		30;23644;23961;+;63.3	31;23961;26561;+;113.8	31;23961;26561;+;76.4	32;26579;27292;+;105.5	34;27543;28583;+;142.4		35;28802;29500;+;131.9	36;29511;30395;+;159.7	37;30395;31555;+;156.3	38;31597;32592;+;81.2	42;37167;38696;-;38.5		pfam	both	A	7/7	canonical	1	0	unscoreable	6	0	0														not_admitted	not_admitted	not_admitted	not_admitted	not_admitted	not_admitted	not_admitted
OW848792.1	MPF_F	IncFIB(K);IncFII(K)	187	0	0	GA	0															not_admitted	not_admitted	not_admitted	not_admitted	not_admitted	not_admitted	not_admitted	not_admitted	not_admitted	not_admitted	1	131;135314;136306;-;366.6	121;128493;129863;-;381.2	125;131065;131817;-;232.4	134;137332;139971;-;258.7	120;125644;128493;-;344.2	143;143786;145210;-;89.2	134;137332;139971;-;88.8	145;145937;146503;-;167.0	130;134663;135301;-;67.0	129;132660;134666;-;259.0	116;121521;123830;-;393.2	141;142605;143174;-;49.7	116;121521;123830;-;65.8	A	9/9	contiguous	24416	1	1	125111..125641-;176;unnamed;0
OW848795.1	MPF_F	IncFIB(K);IncFII(K)	215	0	0	GA	0															not_admitted	not_admitted	not_admitted	not_admitted	not_admitted	not_admitted	not_admitted	not_admitted	not_admitted	not_admitted	1	159;159275;160267;-;366.6	149;152454;153824;-;381.2	153;155026;155778;-;232.4	162;161293;163932;-;258.7	148;149605;152454;-;344.2	171;167747;169171;-;89.2	162;161293;163932;-;88.8	173;169898;170464;-;167.0	158;158624;159262;-;67.0	157;156621;158627;-;259.0	144;145482;147791;-;393.2	169;166566;167135;-;49.7	144;145482;147791;-;65.8	A	9/9	contiguous	24416	1	1	149072..149602-;176;unnamed;0
OW848798.1	MPF_F	IncFII(K);IncFII(pAR0022);IncR	199	0	0	GA	0															not_admitted	not_admitted	not_admitted	not_admitted	not_admitted	not_admitted	not_admitted	not_admitted	not_admitted	not_admitted	1	164;130275;131264;+;366.6	174;136811;138178;+;384.1	170;134801;135553;+;233.7	160;126179;128818;+;258.5	175;138178;141000;+;346.4	150;120851;122275;+;89.5	160;126179;128818;+;88.7	148;119558;120124;+;167.0	165;131277;131915;+;66.9	166;131974;133929;+;259.4	179;143616;145925;+;393.1	152;122887;123471;+;53.8	179;143616;145925;+;66.6	A	9/9	contiguous	24058	1	1	141023..141625+;200;TraS;0
OW848799.1	MPF_F	IncFIB(K);IncFII(K)	178	0	0	GA	0															not_admitted	not_admitted	not_admitted	not_admitted	not_admitted	not_admitted	not_admitted	not_admitted	not_admitted	not_admitted	1	123;118518;119507;-;366.0	113;111657;113027;-;380.7	117;114229;114981;-;230.7	127;120950;123589;-;258.5	112;108814;111657;-;346.5	135;126848;128272;-;89.2	127;120950;123589;-;88.7	137;128999;129565;-;169.3	122;117867;118505;-;67.0	121;115853;117808;-;259.4	108;103920;106229;-;392.8	134;126150;126734;-;55.4	108;103920;106229;-;65.9	A	9/9	contiguous	25079	1	1	108279..108803-;174;unnamed;0
OW848804.1	MPF_F	IncFIB(K);IncFII(K)	242	0	0	GA	0															not_admitted	not_admitted	not_admitted	not_admitted	not_admitted	not_admitted	not_admitted	not_admitted	not_admitted	not_admitted	1	186;184587;185579;-;366.6	176;177766;179136;-;381.2	180;180338;181090;-;232.4	189;186605;189244;-;258.7	175;174917;177766;-;344.2	198;193059;194483;-;89.2	189;186605;189244;-;88.8	200;195210;195776;-;167.0	185;183936;184574;-;67.0	184;181933;183939;-;259.0	171;170794;173103;-;393.2	196;191878;192447;-;49.7	171;170794;173103;-;65.8	A	9/9	contiguous	24416	1	1	174384..174914-;176;unnamed;0
OW848805.1	MPF_F	IncFIB(pNDM-Mar);RepB	244	0	0	GA	0															not_admitted	not_admitted	not_admitted	not_admitted	not_admitted	not_admitted	not_admitted	not_admitted	not_admitted	not_admitted	1	175;148864;149901;-;282.3	88;63265;64620;+;188.4	87;62181;63218;+;173.2	186;160735;163452;-;151.5	89;64595;68566;+;121.3	190;165565;166938;-;63.3	186;160735;163452;-;84.3	193;168584;169444;-;79.1	176;149898;151259;-;70.4	174;145672;148854;-;59.2	79;52871;54997;-;57.2	187;163497;164234;-;59.2	79;52871;54997;-;41.1	A	9/9	split_2	115713	0	1	
OW848806.1	MPF_T	IncX3	62	0	0	GA	1	48;35505;36149;+;46.4	49;36133;36423;+;73.1	50;36448;39201;+;47.0	50;36448;39201;+;145.4	50;36448;39201;+;73.3	51;39211;39981;+;60.1	53;40260;41315;+;133.2		54;41510;42238;+;118.8	55;42244;43173;+;138.8	56;43170;44384;+;128.3	58;44580;45614;+;65.7	59;45617;47452;+;493.9		pfam	pfam_only	A	7/7	canonical	1	1	unscoreable	2	0	0														not_admitted	not_admitted	not_admitted	not_admitted	not_admitted	not_admitted	not_admitted
OW848808.1	MPF_F	IncFIB(K);IncFII(K)	240	0	0	GA	0															not_admitted	not_admitted	not_admitted	not_admitted	not_admitted	not_admitted	not_admitted	not_admitted	not_admitted	not_admitted	1	184;182306;183298;-;366.6	174;175485;176855;-;381.2	178;178057;178809;-;232.4	187;184324;186963;-;258.7	173;172636;175485;-;344.2	196;190778;192202;-;89.2	187;184324;186963;-;88.8	198;192929;193495;-;167.0	183;181655;182293;-;67.0	182;179652;181658;-;259.0	169;168513;170822;-;393.2	194;189597;190166;-;49.7	169;168513;170822;-;65.8	A	9/9	contiguous	24416	1	1	172103..172633-;176;unnamed;0
OW848811.1	MPF_T	IncX10	44	0	0	GA	1	37;30024;30668;-;46.0	36;29750;30040;-;70.5	35;26972;29725;-;47.1	35;26972;29725;-;145.0	35;26972;29725;-;65.0	34;26191;26961;-;57.2	32;24857;25912;-;131.2		31;23898;24626;-;119.5	30;22963;23892;-;139.9	29;21764;22966;-;127.4	28;20721;21752;-;65.3	27;18883;20718;-;495.5		pfam	pfam_only	A	7/7	canonical	1	1	unscoreable	1	0	0														not_admitted	not_admitted	not_admitted	not_admitted	not_admitted	not_admitted	not_admitted
OW848817.1	MPF_F	IncFIB(K);IncFII(K)	201	0	0	GA	0															not_admitted	not_admitted	not_admitted	not_admitted	not_admitted	not_admitted	not_admitted	not_admitted	not_admitted	not_admitted	1	155;150914;151903;-;363.3	144;143728;145095;-;382.2	148;146353;147105;-;236.4	159;153360;155999;-;259.0	143;140885;143728;-;342.9	170;159966;161390;-;88.8	159;153360;155999;-;87.6	172;162117;162683;-;167.9	153;149991;150638;-;65.9	152;147977;149932;-;259.5	139;135988;138300;-;392.8	167;158770;159354;-;53.8	139;135988;138300;-;65.9	A	9/9	contiguous	26129	1	1	140350..140874-;174;unnamed;0
OW848823.1	MPF_F	IncFIB(K)	144	0	0	GA	0															not_admitted	not_admitted	not_admitted	not_admitted	not_admitted	not_admitted	not_admitted	not_admitted	not_admitted	not_admitted	1	85;79330;80322;-;366.6			88;81348;83987;-;258.7		97;87802;89226;-;89.2	88;81348;83987;-;88.8	99;89953;90519;-;167.0				95;86621;87190;-;49.7		D	4/9	contiguous	10623	0	0	
OW848829.1	MPF_F	IncFIB(K);IncFII(K)	183	0	0	GA	0															not_admitted	not_admitted	not_admitted	not_admitted	not_admitted	not_admitted	not_admitted	not_admitted	not_admitted	not_admitted	1	127;123175;124167;-;366.6	117;116354;117724;-;381.2	121;118926;119678;-;232.4	130;125193;127832;-;258.7	116;113505;116354;-;344.2	139;131647;133071;-;89.2	130;125193;127832;-;88.8	141;133798;134364;-;167.0	126;122524;123162;-;67.0	125;120521;122527;-;259.0	112;109382;111691;-;393.2	137;130466;131035;-;49.7	112;109382;111691;-;65.8	A	9/9	contiguous	24416	1	1	112972..113502-;176;unnamed;0
OW848831.1	MPF_F	IncFIB(K);IncFII(K)	255	0	0	GA	0															not_admitted	not_admitted	not_admitted	not_admitted	not_admitted	not_admitted	not_admitted	not_admitted	not_admitted	not_admitted	1	199;184510;185502;-;366.6	189;177689;179059;-;381.2	193;180261;181013;-;232.4	202;186528;189167;-;258.7	188;174840;177689;-;344.2	211;192982;194406;-;89.2	202;186528;189167;-;88.8	213;195133;195699;-;167.0	198;183859;184497;-;67.0	197;181856;183862;-;259.0	184;170717;173026;-;393.2	209;191801;192370;-;49.7	184;170717;173026;-;65.8	A	9/9	contiguous	24416	1	1	174307..174837-;176;unnamed;0
OW848833.1	MPF_F	IncFIB(K);IncFII(pKP91)	222	0	0	GA	0															not_admitted	not_admitted	not_admitted	not_admitted	not_admitted	not_admitted	not_admitted	not_admitted	not_admitted	not_admitted	1	163;155577;156566;-;363.3	152;148361;149728;-;383.5	156;150986;151738;-;233.7	167;158023;160662;-;259.0	151;145539;148361;-;346.5	178;164630;166054;-;88.0	167;158023;160662;-;88.7	180;166781;167347;-;167.9	161;154654;155301;-;65.1	160;152610;154595;-;254.0	147;140641;142923;-;393.3	175;163434;164018;-;53.8	147;140641;142923;-;65.8	A	9/9	contiguous	26140	1	1	144914..145516-;200;TraS;0
OW848840.1	MPF_F	IncFIB(K);IncFII(K)	227	0	0	GA	0															not_admitted	not_admitted	not_admitted	not_admitted	not_admitted	not_admitted	not_admitted	not_admitted	not_admitted	not_admitted	1	171;170249;171241;-;366.6	161;163428;164798;-;381.2	165;166000;166752;-;232.4	174;172267;174906;-;258.7	160;160579;163428;-;344.2	183;178721;180145;-;89.2	174;172267;174906;-;88.8	185;180872;181438;-;167.0	170;169598;170236;-;67.0	169;167595;169601;-;259.0	156;156456;158765;-;393.2	181;177540;178109;-;49.7	156;156456;158765;-;65.8	A	9/9	contiguous	24416	1	1	160046..160576-;176;unnamed;0
OW848843.1	MPF_F	IncFIB(K);IncFIB(pQil);IncFII(K)	274	0	0	GA	0															not_admitted	not_admitted	not_admitted	not_admitted	not_admitted	not_admitted	not_admitted	not_admitted	not_admitted	not_admitted	1	227;213613;214602;+;366.0	237;220149;221516;+;380.7	233;218139;218891;+;233.7	223;209531;212170;+;258.5	238;221516;224317;+;345.6		223;209531;212170;+;88.7		228;214615;215253;+;67.0	229;215312;217267;+;259.7				C	7/9	contiguous	11985	1	1	224363..225343+;326;unnamed;0
OW848846.1	MPF_F	IncFIB(K);IncFII(K)	228	0	0	GA	0															not_admitted	not_admitted	not_admitted	not_admitted	not_admitted	not_admitted	not_admitted	not_admitted	not_admitted	not_admitted	1	180;187526;188515;-;363.3	169;180340;181707;-;382.2	173;182965;183717;-;236.4	184;189972;192611;-;259.0	168;177497;180340;-;342.9	195;196578;198002;-;88.8	184;189972;192611;-;87.6	199;199506;200072;-;167.9	178;186603;187250;-;65.9	177;184589;186544;-;259.5	164;172600;174912;-;395.4	192;195382;195966;-;53.8	164;172600;174912;-;65.8	A	9/9	contiguous	26906	1	1	176962..177486-;174;unnamed;0
OW848851.1	MPF_F	IncFIA(pBK30683);IncFIB(K);IncFII(K)	218	0	0	GA	0															not_admitted	not_admitted	not_admitted	not_admitted	not_admitted	not_admitted	not_admitted	not_admitted	not_admitted	not_admitted	1	162;166025;167017;-;366.6	152;159204;160574;-;381.2	156;161776;162528;-;232.4	165;168043;170682;-;258.7	151;156355;159204;-;344.2	174;174497;175921;-;89.2	165;168043;170682;-;88.8	176;176648;177214;-;167.0	161;165374;166012;-;67.0	160;163371;165377;-;259.0	147;152232;154541;-;393.2	172;173316;173885;-;49.7	147;152232;154541;-;65.8	A	9/9	contiguous	24416	1	1	155822..156352-;176;unnamed;0
OW848855.1	MPF_F	IncFIB(K);IncFII(K)	190	0	0	GA	0															not_admitted	not_admitted	not_admitted	not_admitted	not_admitted	not_admitted	not_admitted	not_admitted	not_admitted	not_admitted	1	134;131920;132912;-;366.6	124;125099;126469;-;381.2	128;127671;128423;-;232.4	137;133938;136577;-;258.7	123;122250;125099;-;344.2	146;140392;141816;-;89.2	137;133938;136577;-;88.8	148;142543;143109;-;167.0	133;131269;131907;-;67.0	132;129266;131272;-;259.0	119;118127;120436;-;393.2	144;139211;139780;-;49.7	119;118127;120436;-;65.8	A	9/9	contiguous	24416	1	1	121717..122247-;176;unnamed;0
OW848856.1	MPF_T	IncR	121	0	0	GA	1	22;20382;21116;-;32.5		19;19422;19739;-;63.3	18;16822;19422;-;113.8	18;16822;19422;-;76.4	17;16091;16804;-;105.5	15;14800;15840;-;142.4		14;13883;14581;-;131.9	13;12988;13872;-;159.7	12;11828;12988;-;156.3	11;10791;11786;-;81.2	0;42;608;+;39.8		pfam	both	A	7/7	canonical	1	0	unscoreable	3	0	0														not_admitted	not_admitted	not_admitted	not_admitted	not_admitted	not_admitted	not_admitted
OW848857.1	MPF_T	IncX10	47	0	0	GA	1	10;4903;5547;+;46.0	11;5531;5821;+;70.5	12;5846;8599;+;47.1	12;5846;8599;+;145.0	12;5846;8599;+;65.0	13;8610;9380;+;57.2	15;9659;10714;+;131.2		16;10945;11673;+;119.5	17;11679;12608;+;139.9	18;12605;13807;+;127.4	19;13819;14850;+;65.3	22;16365;17465;+;328.1		pfam	pfam_only	A	7/7	canonical	1	1	unscoreable	2	0	0														not_admitted	not_admitted	not_admitted	not_admitted	not_admitted	not_admitted	not_admitted
OW848859.1	MPF_F	IncFIB(K);IncFII(K)	213	0	0	GA	0															not_admitted	not_admitted	not_admitted	not_admitted	not_admitted	not_admitted	not_admitted	not_admitted	not_admitted	not_admitted	1	161;164755;165747;-;366.6	151;157934;159304;-;380.7	155;160506;161258;-;232.4	164;166773;169412;-;258.7	150;155085;157934;-;344.2	173;173227;174651;-;89.2	164;166773;169412;-;88.8	175;175378;175968;-;164.5	160;164104;164742;-;67.0	159;162101;164107;-;259.0	146;150959;153271;-;393.1	171;172046;172615;-;49.7	146;150959;153271;-;66.6	A	9/9	contiguous	24419	1	1	154552..155082-;176;unnamed;0
OW848860.1	MPF_F	IncFIB(pQil);IncFII(K)	132	0	0	GA	0															not_admitted	not_admitted	not_admitted	not_admitted	not_admitted	not_admitted	not_admitted	not_admitted	not_admitted	not_admitted	1	78;75369;76358;-;366.0	68;68455;69822;-;380.7	72;71080;71832;-;233.7	82;77801;80440;-;258.5	67;65606;68455;-;345.6	90;83697;85121;-;88.8	82;77801;80440;-;88.7	92;85848;86414;-;169.3	77;74718;75356;-;67.0	76;72704;74659;-;259.7	63;60808;63120;-;392.7	89;82999;83583;-;55.4	63;60808;63120;-;66.5	A	9/9	contiguous	25040	1	1	65045..65593-;182;unnamed;0
OW848863.1	MPF_F	IncFIB(K);IncFII(K)	251	0	0	GA	0															not_admitted	not_admitted	not_admitted	not_admitted	not_admitted	not_admitted	not_admitted	not_admitted	not_admitted	not_admitted	1	205;209514;210503;-;363.3	194;202328;203695;-;382.2	198;204953;205705;-;236.4	209;211960;214599;-;259.0	193;199485;202328;-;342.9	220;218566;219990;-;88.8	209;211960;214599;-;87.6	222;220717;221283;-;167.9	203;208591;209238;-;65.9	202;206577;208532;-;259.5	189;194588;196900;-;395.4	217;217370;217954;-;53.8	189;194588;196900;-;65.8	A	9/9	contiguous	26129	1	1	198950..199474-;174;unnamed;0
OW848865.1	MPF_T	IncN4	54	0	0	GA	1	37;25098;25838;+;35.1	39;26162;26452;+;44.7	40;26503;26817;+;65.3	41;26817;29447;+;123.6	41;26817;29447;+;87.4	42;29457;30164;+;114.6	44;30423;31466;+;126.7	45;31561;31731;+;41.4	46;31734;32450;+;145.6	47;32453;33340;+;144.4	48;33337;34491;+;174.0	49;34484;35515;+;78.1	0;1922;3499;-;54.8		pfam	both	A	7/7	canonical	1	0	ga	2	0	0														not_admitted	not_admitted	not_admitted	not_admitted	not_admitted	not_admitted	not_admitted
OW848869.1	MPF_F	IncFIB(K);IncFII(K)	201	0	0	GA	0															not_admitted	not_admitted	not_admitted	not_admitted	not_admitted	not_admitted	not_admitted	not_admitted	not_admitted	not_admitted	1	155;150914;151903;-;363.3	144;143728;145095;-;382.2	148;146353;147105;-;236.4	159;153360;155999;-;259.0	143;140885;143728;-;342.9	170;159966;161390;-;88.8	159;153360;155999;-;87.6	172;162117;162683;-;167.9	153;149991;150638;-;65.9	152;147977;149932;-;259.5	139;135988;138300;-;392.8	167;158770;159354;-;53.8	139;135988;138300;-;65.9	A	9/9	contiguous	26129	1	1	140350..140874-;174;unnamed;0
OW848873.1	MPF_F	IncFIB(K);IncFII(K)	241	0	0	GA	0															not_admitted	not_admitted	not_admitted	not_admitted	not_admitted	not_admitted	not_admitted	not_admitted	not_admitted	not_admitted	1	185;184523;185515;-;366.6	175;177702;179072;-;381.2	179;180274;181026;-;232.4	188;186541;189180;-;258.7	174;174853;177702;-;344.2	197;192995;194419;-;89.2	188;186541;189180;-;88.8	199;195146;195712;-;167.0	184;183872;184510;-;67.0	183;181869;183875;-;259.0	170;170730;173039;-;393.2	195;191814;192383;-;49.7	170;170730;173039;-;65.8	A	9/9	contiguous	24416	1	1	174320..174850-;176;unnamed;0
OW848874.1	MPF_F	IncFIB(pNDM-Mar);RepB	245	0	0	GA	0															not_admitted	not_admitted	not_admitted	not_admitted	not_admitted	not_admitted	not_admitted	not_admitted	not_admitted	not_admitted	1	175;148869;149906;-;282.3	88;63270;64625;+;188.4	87;62186;63223;+;173.2	186;160740;163457;-;151.5	89;64600;68571;+;121.3	190;165570;166943;-;63.3	186;160740;163457;-;84.3	194;169366;170226;-;79.1	176;149903;151264;-;70.4	174;145677;148859;-;59.2	79;52875;55001;-;57.2	187;163502;164239;-;59.2	79;52875;55001;-;41.1	A	9/9	split_2	116491	0	1	
OW848877.1	MPF_F	IncFIB(K);IncFII(K)	262	0	0	GA	0															not_admitted	not_admitted	not_admitted	not_admitted	not_admitted	not_admitted	not_admitted	not_admitted	not_admitted	not_admitted	1	169;169085;170077;-;366.6	159;162264;163634;-;381.2	163;164836;165588;-;232.4	172;171103;173742;-;258.7	158;159415;162264;-;344.2	181;177557;178981;-;89.2	172;171103;173742;-;88.8	183;179708;180274;-;167.0	168;168434;169072;-;67.0	167;166431;168437;-;259.0	154;155292;157601;-;393.2	179;176376;176945;-;49.7	154;155292;157601;-;65.8	A	9/9	contiguous	24416	1	1	158882..159412-;176;unnamed;0
OW848880.1	MPF_F	IncFIB(pNDM-Mar);RepB	375	0	0	GA	0															not_admitted	not_admitted	not_admitted	not_admitted	not_admitted	not_admitted	not_admitted	not_admitted	not_admitted	not_admitted	1	287;254191;255228;-;282.3	124;98018;99427;+;190.4	123;96991;98028;+;175.6	299;266060;268777;-;148.9	125;99429;103397;+;121.3	303;270890;272260;-;65.6	299;266060;268777;-;85.2	306;273906;274766;-;79.0	288;255225;256586;-;69.9	286;250996;254181;-;59.6	116;87666;89792;-;58.0	300;268822;269559;-;56.9	116;87666;89792;-;40.6	A	9/9	split_2	186240	0	1	
OW848881.1	MPF_F	IncFIB(K);IncFII(K)	191	0	0	GA	0															not_admitted	not_admitted	not_admitted	not_admitted	not_admitted	not_admitted	not_admitted	not_admitted	not_admitted	not_admitted	1	121;112277;113266;-;363.3	110;105091;106458;-;383.5	114;107716;108468;-;233.7	126;115798;117363;-;260.8	109;102269;105091;-;346.5	137;121331;122755;-;88.0	125;114723;115781;-;44.9	139;123482;124048;-;167.9	119;111354;112001;-;66.9	118;109340;111295;-;259.7	105;97339;99651;-;392.8	134;120135;120719;-;53.8	105;97339;99651;-;65.9	A	9/9	contiguous	26143	1	1	101644..102246-;200;TraS;0
OW848887.1	MPF_F	IncFIB(pNDM-Mar);RepB	378	0	0	GA	0															not_admitted	not_admitted	not_admitted	not_admitted	not_admitted	not_admitted	not_admitted	not_admitted	not_admitted	not_admitted	1	288;254192;255229;-;282.3	124;98018;99427;+;190.4	123;96991;98028;+;175.6	300;266061;268778;-;148.9	125;99429;103397;+;121.3	304;270891;272261;-;65.6	300;266061;268778;-;85.2	307;273907;274767;-;79.0	289;255226;256587;-;69.9	287;250997;254182;-;59.6	116;87666;89792;-;58.0	301;268823;269560;-;56.9	116;87666;89792;-;40.6	A	9/9	split_2	186241	0	1	
OW848888.1	MPF_F	IncFIB(K);IncFII(K)	189	0	0	GA	0															not_admitted	not_admitted	not_admitted	not_admitted	not_admitted	not_admitted	not_admitted	not_admitted	not_admitted	not_admitted	1	120;111933;112922;-;363.3	109;104747;106114;-;383.5	113;107372;108124;-;233.7	125;115454;117019;-;260.8	108;101925;104747;-;346.5	136;120987;122411;-;88.0	124;114379;115437;-;44.9	138;123138;123704;-;167.9	118;111010;111657;-;66.9	117;108996;110951;-;259.7	104;96995;99307;-;392.8	133;119791;120375;-;53.8	104;96995;99307;-;65.9	A	9/9	contiguous	26143	1	1	101300..101902-;200;TraS;0
OW848902.1	MPF_F	IncFIB(K);IncFII(K)	242	0	0	GA	0															not_admitted	not_admitted	not_admitted	not_admitted	not_admitted	not_admitted	not_admitted	not_admitted	not_admitted	not_admitted	1	186;185105;186097;-;366.6	176;178284;179654;-;381.2	180;180856;181608;-;232.4	189;187123;189762;-;258.7	175;175435;178284;-;344.2	198;193577;195001;-;89.2	189;187123;189762;-;88.8	200;195728;196294;-;167.0	185;184454;185092;-;67.0	184;182451;184457;-;259.0	171;171312;173621;-;393.2	196;192396;192965;-;49.7	171;171312;173621;-;65.8	A	9/9	contiguous	24416	1	1	174902..175432-;176;unnamed;0
OW848909.1	MPF_F	IncFIB(K);IncFII(K)	250	0	0	GA	0															not_admitted	not_admitted	not_admitted	not_admitted	not_admitted	not_admitted	not_admitted	not_admitted	not_admitted	not_admitted	1	204;204818;205807;-;363.3	193;197632;198999;-;381.5	197;200257;201009;-;233.7	208;207264;209903;-;259.0	192;194789;197632;-;342.9	219;213870;215294;-;88.8	208;207264;209903;-;87.6	221;216021;216587;-;167.9	202;203895;204542;-;66.9	201;201881;203836;-;259.7	188;189892;192204;-;392.8	216;212674;213258;-;53.8	188;189892;192204;-;65.9	A	9/9	contiguous	26129	1	1	194254..194778-;174;unnamed;0
OW848916.1	MPF_F	IncFIB(pQil);IncFII(K)	132	0	0	GA	0															not_admitted	not_admitted	not_admitted	not_admitted	not_admitted	not_admitted	not_admitted	not_admitted	not_admitted	not_admitted	1	78;75369;76358;-;366.0	68;68455;69822;-;380.7	72;71080;71832;-;233.7	82;77801;80440;-;259.0	67;65606;68455;-;345.6	90;83697;85121;-;88.8	82;77801;80440;-;88.7	92;85848;86414;-;169.3	77;74718;75356;-;67.0	76;72704;74659;-;259.7	63;60808;63120;-;392.7	89;82999;83583;-;55.4	63;60808;63120;-;66.5	A	9/9	contiguous	25040	1	1	65045..65593-;182;unnamed;0
OW848918.1	MPF_F	IncFIB(K);IncFII(K);IncFII(pAR0022)	271	0	0	GA	0															not_admitted	not_admitted	not_admitted	not_admitted	not_admitted	not_admitted	not_admitted	not_admitted	not_admitted	not_admitted	1	180;167217;168206;-;366.6	170;160332;161699;-;380.7	174;162957;163709;-;231.5	184;169648;172287;-;256.8	169;157483;160332;-;346.4	192;175482;176906;-;88.8	184;169648;172287;-;88.8	194;177633;178199;-;169.3	179;166566;167204;-;67.0	178;164552;166507;-;259.2	164;152711;155023;-;393.1	191;174784;175368;-;55.4	164;152711;155023;-;66.6	A	9/9	contiguous	24922	1	1	156950..157480-;176;unnamed;0
OW848919.1	MPF_F	IncFIB(pQil);IncFII(K)	132	0	0	GA	0															not_admitted	not_admitted	not_admitted	not_admitted	not_admitted	not_admitted	not_admitted	not_admitted	not_admitted	not_admitted	1		70;69655;71022;-;380.7	74;72280;73032;-;233.7	82;76801;79440;-;258.5	69;66806;69655;-;345.6	90;82697;84121;-;88.8	82;76801;79440;-;88.7	92;84848;85414;-;169.3			63;60808;63120;-;392.7	89;81999;82583;-;55.4	63;60808;63120;-;66.5	C	6/9	contiguous	24040	1	0	66245..66793-;182;unnamed;0
OW848922.1	MPF_F	IncFIB(K);IncFII(K)	203	0	0	GA	0															not_admitted	not_admitted	not_admitted	not_admitted	not_admitted	not_admitted	not_admitted	not_admitted	not_admitted	not_admitted	1	157;150862;151851;-;363.3	146;143676;145043;-;381.5	150;146301;147053;-;233.7	161;153308;155947;-;259.0	145;140833;143676;-;342.9	172;159914;161338;-;88.8	161;153308;155947;-;87.3	174;162065;162631;-;167.9	155;149939;150586;-;66.9	154;147925;149880;-;259.7	141;135936;138248;-;392.8	169;158718;159302;-;53.8	141;135936;138248;-;65.9	A	9/9	contiguous	26129	1	1	140298..140822-;174;unnamed;0
OW848923.1	MPF_F	IncFIB(pQil);IncFII(K)	133	0	0	GA	0															not_admitted	not_admitted	not_admitted	not_admitted	not_admitted	not_admitted	not_admitted	not_admitted	not_admitted	not_admitted	1	78;75369;76358;-;366.0	68;68455;69822;-;380.7	72;71080;71832;-;233.7	83;79001;81640;-;258.5	67;65606;68455;-;345.6	91;84897;86321;-;88.8	83;79001;81640;-;88.7	93;87048;87614;-;169.3	77;74718;75356;-;67.0	76;72704;74659;-;259.7	63;60808;63120;-;392.7	90;84199;84783;-;55.4	63;60808;63120;-;66.5	A	9/9	contiguous	26240	1	1	65045..65593-;182;unnamed;0
OW848929.1	MPF_F	IncFIB(K);IncFII(K)	213	0	0	GA	0															not_admitted	not_admitted	not_admitted	not_admitted	not_admitted	not_admitted	not_admitted	not_admitted	not_admitted	not_admitted	1	161;164755;165747;-;366.6	151;157934;159304;-;380.7	155;160506;161258;-;232.4	164;166773;169412;-;258.7	150;155085;157934;-;344.2	173;173227;174651;-;89.2	164;166773;169412;-;88.8	175;175378;175968;-;164.5	160;164104;164742;-;67.0	159;162101;164107;-;259.0	146;150959;153271;-;393.1	171;172046;172615;-;49.7	146;150959;153271;-;66.6	A	9/9	contiguous	24419	1	1	154552..155082-;176;unnamed;0
OW848930.1	MPF_F	IncFIB(pQil);IncFII(K)	132	0	0	GA	0															not_admitted	not_admitted	not_admitted	not_admitted	not_admitted	not_admitted	not_admitted	not_admitted	not_admitted	not_admitted	1	78;75369;76358;-;366.0	68;68455;69822;-;380.7	72;71080;71832;-;233.7	82;77801;80440;-;258.5	67;65606;68455;-;345.6	90;83697;85121;-;88.8	82;77801;80440;-;88.7	92;85848;86414;-;169.3	77;74718;75356;-;67.0	76;72704;74659;-;259.7	63;60808;63120;-;392.7	89;82999;83583;-;55.4	63;60808;63120;-;66.5	A	9/9	contiguous	25040	1	1	65045..65593-;182;unnamed;0
OW848933.1	MPF_F	IncFIB(K);IncFII(K)	203	0	0	GA	0															not_admitted	not_admitted	not_admitted	not_admitted	not_admitted	not_admitted	not_admitted	not_admitted	not_admitted	not_admitted	1	157;150862;151851;-;363.3	146;143676;145043;-;381.5	150;146301;147053;-;233.7	161;153308;155947;-;259.0	145;140833;143676;-;342.9	172;159914;161338;-;88.8	161;153308;155947;-;87.6	174;162065;162631;-;167.9	155;149939;150586;-;66.9	154;147925;149880;-;259.7	141;135936;138248;-;392.8	169;158718;159302;-;53.8	141;135936;138248;-;65.9	A	9/9	contiguous	26129	1	1	140298..140822-;174;unnamed;0
OW848934.1	MPF_F	IncFIB(pQil);IncFII(K)	133	0	0	GA	0															not_admitted	not_admitted	not_admitted	not_admitted	not_admitted	not_admitted	not_admitted	not_admitted	not_admitted	not_admitted	1	78;75369;76358;-;366.0	68;68455;69822;-;380.7	72;71080;71832;-;233.7	83;79001;81640;-;258.5	67;65606;68455;-;345.6	91;84897;86321;-;88.8	83;79001;81640;-;89.0	93;87048;87614;-;169.3	77;74718;75356;-;67.0	76;72704;74659;-;259.7	63;60808;63120;-;392.7	90;84199;84783;-;55.4	63;60808;63120;-;66.5	A	9/9	contiguous	26240	1	1	65045..65593-;182;unnamed;0
OW848940.1	MPF_F	IncFIB(K);IncFII(K)	250	0	0	GA	0															not_admitted	not_admitted	not_admitted	not_admitted	not_admitted	not_admitted	not_admitted	not_admitted	not_admitted	not_admitted	1	204;204818;205807;-;363.3	193;197632;198999;-;381.5	197;200257;201009;-;233.7	208;207264;209903;-;259.0	192;194789;197632;-;342.9	219;213870;215294;-;88.8	208;207264;209903;-;87.6	221;216021;216587;-;167.9	202;203895;204542;-;66.9	201;201881;203836;-;259.7	188;189892;192204;-;392.8	216;212674;213258;-;53.8	188;189892;192204;-;65.9	A	9/9	contiguous	26129	1	1	194254..194778-;174;unnamed;0
OW848941.1	MPF_F	IncFIB(pQil);IncFII(K)	133	0	0	GA	0															not_admitted	not_admitted	not_admitted	not_admitted	not_admitted	not_admitted	not_admitted	not_admitted	not_admitted	not_admitted	1	78;75369;76358;-;366.0	68;68455;69822;-;380.7	72;71080;71832;-;233.7	83;79001;81640;-;258.5	67;65606;68455;-;345.6	91;84897;86321;-;88.8	83;79001;81640;-;89.0	93;87048;87614;-;169.3	77;74718;75356;-;67.0	76;72704;74659;-;259.7	63;60808;63120;-;392.7	90;84199;84783;-;55.4	63;60808;63120;-;66.5	A	9/9	contiguous	26240	1	1	65045..65593-;182;unnamed;0
OW848947.1	MPF_F	IncFIB(K);IncFII(K)	250	0	0	GA	0															not_admitted	not_admitted	not_admitted	not_admitted	not_admitted	not_admitted	not_admitted	not_admitted	not_admitted	not_admitted	1	204;204818;205807;-;363.3	193;197632;198999;-;381.5	197;200257;201009;-;233.7	208;207264;209903;-;259.0	192;194789;197632;-;342.9	219;213870;215294;-;88.8	208;207264;209903;-;87.6	221;216021;216587;-;167.9	202;203895;204542;-;66.9	201;201881;203836;-;259.7	188;189892;192204;-;392.8	216;212674;213258;-;53.8	188;189892;192204;-;65.9	A	9/9	contiguous	26129	1	1	194254..194778-;174;unnamed;0
OW848948.1	MPF_F	IncFIB(pQil);IncFII(K)	133	0	0	GA	0															not_admitted	not_admitted	not_admitted	not_admitted	not_admitted	not_admitted	not_admitted	not_admitted	not_admitted	not_admitted	1	78;75369;76358;-;366.0	68;68455;69822;-;380.7	72;71080;71832;-;233.7	83;79001;81640;-;258.5	67;65606;68455;-;345.6	91;84897;86321;-;88.8	83;79001;81640;-;89.0	93;87048;87614;-;169.3	77;74718;75356;-;67.0	76;72704;74659;-;259.7	63;60808;63120;-;392.7	90;84199;84783;-;55.4	63;60808;63120;-;66.5	A	9/9	contiguous	26240	1	1	65045..65593-;182;unnamed;0
OW848954.1	MPF_F	IncFIB(K);IncFII(K)	213	0	0	GA	0															not_admitted	not_admitted	not_admitted	not_admitted	not_admitted	not_admitted	not_admitted	not_admitted	not_admitted	not_admitted	1	161;164755;165747;-;366.6	151;157934;159304;-;380.7	155;160506;161258;-;232.4	164;166773;169412;-;258.7	150;155085;157934;-;344.2	173;173227;174651;-;89.2	164;166773;169412;-;88.8	175;175378;175968;-;164.5	160;164104;164742;-;67.0	159;162101;164107;-;259.0	146;150959;153271;-;393.1	171;172046;172615;-;49.7	146;150959;153271;-;66.6	A	9/9	contiguous	24419	1	1	154552..155082-;176;unnamed;0
OW848955.1	MPF_F	IncFIB(pQil);IncFII(K)	132	0	0	GA	0															not_admitted	not_admitted	not_admitted	not_admitted	not_admitted	not_admitted	not_admitted	not_admitted	not_admitted	not_admitted	1	78;75369;76358;-;366.0	68;68455;69822;-;380.7	72;71080;71832;-;233.7	82;77801;80440;-;258.5	67;65606;68455;-;345.6	90;83697;85121;-;88.8	82;77801;80440;-;88.7	92;85848;86414;-;169.3	77;74718;75356;-;67.0	76;72704;74659;-;259.7	63;60808;63120;-;392.7	89;82999;83583;-;55.4	63;60808;63120;-;66.5	A	9/9	contiguous	25040	1	1	65045..65593-;182;unnamed;0
OW848958.1	MPF_F	IncFIB(K);IncFII(K)	250	0	0	GA	0															not_admitted	not_admitted	not_admitted	not_admitted	not_admitted	not_admitted	not_admitted	not_admitted	not_admitted	not_admitted	1	204;204818;205807;-;363.3	193;197632;198999;-;381.5	197;200257;201009;-;233.7	208;207264;209903;-;259.0	192;194789;197632;-;342.9	219;213870;215294;-;88.8	208;207264;209903;-;87.6	221;216021;216587;-;167.9	202;203895;204542;-;66.9	201;201881;203836;-;259.7	188;189892;192204;-;392.8	216;212674;213258;-;53.8	188;189892;192204;-;65.9	A	9/9	contiguous	26129	1	1	194254..194778-;174;unnamed;0
OW848959.1	MPF_F	IncFIB(pQil);IncFII(K)	133	0	0	GA	0															not_admitted	not_admitted	not_admitted	not_admitted	not_admitted	not_admitted	not_admitted	not_admitted	not_admitted	not_admitted	1	78;75369;76358;-;366.0	68;68455;69822;-;380.7	72;71080;71832;-;233.7	83;79001;81640;-;258.5	67;65606;68455;-;345.6	91;84897;86321;-;88.8	83;79001;81640;-;88.7	93;87048;87614;-;169.3	77;74718;75356;-;67.0	76;72704;74659;-;259.7	63;60808;63120;-;392.7	90;84199;84783;-;55.4	63;60808;63120;-;66.5	A	9/9	contiguous	26240	1	1	65045..65593-;182;unnamed;0
OW848965.1	MPF_F	IncFIB(pNDM-Mar);RepB	374	0	0	GA	0															not_admitted	not_admitted	not_admitted	not_admitted	not_admitted	not_admitted	not_admitted	not_admitted	not_admitted	not_admitted	1	286;253124;254161;-;282.3	124;98018;99427;+;190.4	123;96991;98028;+;175.6	298;264993;267710;-;148.9	125;99429;103397;+;121.3	302;269823;271193;-;65.6	298;264993;267710;-;85.2	305;272839;273699;-;79.0	287;254158;255519;-;69.9	285;249929;253114;-;59.6	116;87666;89792;-;58.0	299;267755;268492;-;56.9	116;87666;89792;-;40.6	A	9/9	split_2	185173	0	1	
OW848966.1	MPF_F	IncFIB(K);IncFII(K)	190	0	0	GA	0															not_admitted	not_admitted	not_admitted	not_admitted	not_admitted	not_admitted	not_admitted	not_admitted	not_admitted	not_admitted	1	122;114022;115011;-;363.3	111;106836;108203;-;383.5	115;109461;110213;-;233.7	126;116468;119107;-;259.0	110;104014;106836;-;346.5	137;123075;124499;-;88.0	126;116468;119107;-;88.7	139;125226;125792;-;167.9	120;113099;113746;-;66.9	119;111085;113040;-;259.7	106;99084;101396;-;392.8	134;121879;122463;-;53.8	106;99084;101396;-;65.9	A	9/9	contiguous	26142	1	1	103389..103991-;200;TraS;0
OW848970.1	MPF_F	IncFIB(K);IncFII(K)	251	0	0	GA	0															not_admitted	not_admitted	not_admitted	not_admitted	not_admitted	not_admitted	not_admitted	not_admitted	not_admitted	not_admitted	1	205;209514;210503;-;363.3	194;202328;203695;-;382.2	198;204953;205705;-;236.4	209;211960;214599;-;259.0	193;199485;202328;-;342.9	220;218566;219990;-;88.8	209;211960;214599;-;87.6	222;220717;221283;-;167.9	203;208591;209238;-;65.9	202;206577;208532;-;259.5	189;194588;196900;-;392.8	217;217370;217954;-;53.8	189;194588;196900;-;65.9	A	9/9	contiguous	26129	1	1	198950..199474-;174;unnamed;0
OW848975.1	MPF_F	IncFIB(pB171);IncFII(Yp);IncFII(pAR0022)	138	0	0	GA	0															not_admitted	not_admitted	not_admitted	not_admitted	not_admitted	not_admitted	not_admitted	not_admitted	not_admitted	not_admitted	1	77;77515;78501;-;368.4	69;71432;72802;-;376.7	73;74019;74768;-;218.2	80;79495;82125;-;285.5	68;68610;71432;-;336.5	86;84153;85547;-;90.9	80;79495;82125;-;98.6	88;86264;86830;-;169.9	76;76869;77498;-;66.9	75;75019;76872;-;257.4	65;65074;67275;-;384.8	85;83592;84131;-;64.9	65;65074;67275;-;63.9	A	9/9	contiguous	21190	1	1	68157..68588-;143;TraS;0
OW848976.1	MPF_T	-	77	0	0	GA	1		39;28630;29013;-;68.7	38;28301;28627;-;48.3	37;25761;28304;-;98.2	37;25761;28304;-;107.9	32;21503;22285;-;104.8	30;19729;21291;-;111.3		36;25057;25764;-;91.0	35;24151;25041;-;153.1	33;22298;23692;-;220.3	40;29127;30083;-;135.2	74;52185;54131;+;442.7		conjscan	conjscan_only	A	7/7	canonical	1	0	unscoreable	3	0	0														not_admitted	not_admitted	not_admitted	not_admitted	not_admitted	not_admitted	not_admitted
OW848987.1	MPF_F	IncFIB(K);IncFII(K)	306	0	0	GA	0															not_admitted	not_admitted	not_admitted	not_admitted	not_admitted	not_admitted	not_admitted	not_admitted	not_admitted	not_admitted	1	203;208581;209573;-;366.6	193;201760;203130;-;381.2	197;204332;205084;-;232.4	206;210599;213238;-;258.7	192;201053;201760;-;181.9	215;217053;218477;-;89.2	206;210599;213238;-;88.8	217;219204;219770;-;167.0	202;207930;208568;-;67.0	201;205927;207933;-;259.0	167;172770;175079;-;393.2	213;215872;216441;-;49.7	167;172770;175079;-;65.8	A	9/9	split_2	46434	0	1	
OW848990.1	MPF_F	IncFIB(K);IncFII(K)	231	0	0	GA	0															not_admitted	not_admitted	not_admitted	not_admitted	not_admitted	not_admitted	not_admitted	not_admitted	not_admitted	not_admitted	1	185;189553;190542;-;363.3	174;182367;183734;-;381.5	178;184992;185744;-;233.7	189;191999;194638;-;259.0	173;179524;182367;-;342.9	200;198605;200029;-;88.8	189;191999;194638;-;87.6	202;200756;201322;-;167.9	183;188630;189277;-;66.9	182;186616;188571;-;259.7	169;174627;176939;-;392.8	197;197409;197993;-;53.8	169;174627;176939;-;65.9	A	9/9	contiguous	26129	1	1	178989..179513-;174;unnamed;0
OW848996.1	MPF_F	RepB	320	0	0	GA	0															not_admitted	not_admitted	not_admitted	not_admitted	not_admitted	not_admitted	not_admitted	not_admitted	not_admitted	not_admitted	1	285;257863;258900;+;282.3	77;74296;75705;-;190.4	78;75695;76732;-;175.6	273;244314;247031;+;149.7	73;68974;72432;-;80.3	269;240831;242201;+;65.6	273;244314;247031;+;85.2	266;238325;239185;+;79.0	284;256505;257866;+;69.9	286;258910;262095;+;59.6	85;83931;86057;+;58.0	272;243532;244269;+;56.9	85;83931;86057;+;40.6	A	9/9	split_2	189936	0	1	
OW849005.1	MPF_F	IncFII(K);repB(R1701)	117	0	0	GA	0															not_admitted	not_admitted	not_admitted	not_admitted	not_admitted	not_admitted	not_admitted	not_admitted	not_admitted	not_admitted	1	92;71849;72838;+;366.6	102;78385;79752;+;384.0	98;76375;77127;+;233.7	88;67767;70406;+;258.5	103;79752;82601;+;346.4	82;62942;64366;+;89.3	88;67767;70406;+;88.7	80;61649;62215;+;169.3	93;72851;73489;+;67.0	94;73548;75503;+;259.7	107;85063;87372;+;393.1	83;64440;65024;+;54.4	107;85063;87372;+;66.6	A	9/9	contiguous	23414	1	1	82604..83137+;177;unnamed;0
OW849012.1	MPF_F	IncFIB(pNDM-Mar);RepB	374	0	0	GA	0															not_admitted	not_admitted	not_admitted	not_admitted	not_admitted	not_admitted	not_admitted	not_admitted	not_admitted	not_admitted	1	286;253124;254161;-;282.3	124;98018;99427;+;190.4	123;96991;98028;+;175.6	298;264993;267710;-;148.9	125;99429;103397;+;121.3	302;269823;271193;-;65.6	298;264993;267710;-;85.2	305;272839;273699;-;79.0	287;254158;255519;-;69.9	285;249929;253114;-;59.6	116;87666;89792;-;58.0	299;267755;268492;-;56.9	116;87666;89792;-;40.6	A	9/9	split_2	185173	0	1	
OW849013.1	MPF_F	IncFIB(K);IncFII(K)	190	0	0	GA	0															not_admitted	not_admitted	not_admitted	not_admitted	not_admitted	not_admitted	not_admitted	not_admitted	not_admitted	not_admitted	1	122;114022;115011;-;363.3	111;106836;108203;-;383.5	115;109461;110213;-;233.7	126;116468;119107;-;259.0	110;104014;106836;-;346.5	137;123075;124499;-;88.0	126;116468;119107;-;88.7	139;125226;125792;-;167.9	120;113099;113746;-;66.9	119;111085;113040;-;259.7	106;99084;101396;-;392.8	134;121879;122463;-;53.8	106;99084;101396;-;65.9	A	9/9	contiguous	26142	1	1	103389..103991-;200;TraS;0
OW849017.1	MPF_F	IncFIB(K);IncFII(K)	250	0	0	GA	0															not_admitted	not_admitted	not_admitted	not_admitted	not_admitted	not_admitted	not_admitted	not_admitted	not_admitted	not_admitted	1	204;204818;205807;-;363.3	193;197632;198999;-;381.5	197;200257;201009;-;233.7	208;207264;209903;-;259.0	192;194789;197632;-;342.9	219;213870;215294;-;88.8	208;207264;209903;-;87.6	221;216021;216587;-;167.9	202;203895;204542;-;66.9	201;201881;203836;-;259.7	188;189892;192204;-;392.8	216;212674;213258;-;53.8	188;189892;192204;-;65.9	A	9/9	contiguous	26129	1	1	194254..194778-;174;unnamed;0
OW849018.1	MPF_F	IncFIB(pQil);IncFII(K)	135	0	0	GA	0															not_admitted	not_admitted	not_admitted	not_admitted	not_admitted	not_admitted	not_admitted	not_admitted	not_admitted	not_admitted	1	80;75369;76358;-;366.0	70;68455;69822;-;380.7	74;71080;71832;-;233.7	85;79001;81640;-;258.5	69;65606;68455;-;346.5	93;84897;86321;-;89.2	85;79001;81640;-;87.6	95;87048;87614;-;167.9	79;74718;75356;-;67.0	78;72704;74659;-;259.7	65;60808;63120;-;392.7	92;84199;84783;-;55.4	65;60808;63120;-;66.5	A	9/9	contiguous	26240	1	1	65045..65593-;182;unnamed;0
OW849024.1	MPF_F	IncFIB(K);IncFII(K)	250	0	0	GA	0															not_admitted	not_admitted	not_admitted	not_admitted	not_admitted	not_admitted	not_admitted	not_admitted	not_admitted	not_admitted	1	204;204818;205807;-;363.3	193;197632;198999;-;381.5	197;200257;201009;-;233.7	208;207264;209903;-;259.0	192;194789;197632;-;342.9	219;213870;215294;-;88.8	208;207264;209903;-;87.6	221;216021;216587;-;167.9	202;203895;204542;-;66.9	201;201881;203836;-;259.7	188;189892;192204;-;392.8	216;212674;213258;-;53.8	188;189892;192204;-;65.9	A	9/9	contiguous	26129	1	1	194254..194778-;174;unnamed;0
OW849025.1	MPF_F	IncFIB(pQil);IncFII(K)	133	0	0	GA	0															not_admitted	not_admitted	not_admitted	not_admitted	not_admitted	not_admitted	not_admitted	not_admitted	not_admitted	not_admitted	1	78;75369;76358;-;366.0	68;68455;69822;-;380.7	72;71080;71832;-;233.7	83;79001;81640;-;258.5	67;65606;68455;-;345.6	91;84897;86321;-;88.8	83;79001;81640;-;88.7	93;87048;87614;-;169.3	77;74718;75356;-;67.0	76;72704;74659;-;259.7	63;60808;63120;-;392.7	90;84199;84783;-;55.4	63;60808;63120;-;66.5	A	9/9	contiguous	26240	1	1	65045..65593-;182;unnamed;0
OW849035.1	MPF_F	IncFIB(K);IncFII(K)	213	0	0	GA	0															not_admitted	not_admitted	not_admitted	not_admitted	not_admitted	not_admitted	not_admitted	not_admitted	not_admitted	not_admitted	1	161;164755;165747;-;366.6	151;157934;159304;-;380.7	155;160506;161258;-;235.3	164;166773;169412;-;258.7	150;155085;157934;-;346.0	173;173227;174651;-;89.2	164;166773;169412;-;88.8	175;175378;175968;-;164.5	160;164104;164742;-;67.0	159;162101;164107;-;259.6	146;150959;153271;-;392.7	171;172046;172615;-;49.7	146;150959;153271;-;66.6	A	9/9	contiguous	24419	1	1	154552..155082-;176;unnamed;0
OW849036.1	MPF_F	ColRNAI;IncFIB(pQil);IncFII(K)	148	0	0	GA	0															not_admitted	not_admitted	not_admitted	not_admitted	not_admitted	not_admitted	not_admitted	not_admitted	not_admitted	not_admitted	1	94;89005;89994;-;366.0	84;82091;83458;-;380.7	88;84716;85468;-;233.7	98;91437;94076;-;258.5	83;79242;82091;-;345.6	106;97333;98757;-;88.8	98;91437;94076;-;88.7	108;99484;100050;-;169.3	93;88354;88992;-;67.0	92;86340;88295;-;259.7	79;74444;76756;-;392.7	105;96635;97219;-;55.4	79;74444;76756;-;66.5	A	9/9	contiguous	25040	1	1	78681..79229-;182;unnamed;0
OW849038.1	MPF_F	IncFIB(K);IncFII(K);IncFII(pAR0022)	236	0	0	GA	0															not_admitted	not_admitted	not_admitted	not_admitted	not_admitted	not_admitted	not_admitted	not_admitted	not_admitted	not_admitted	1	171;163373;164365;-;366.6	161;156489;157856;-;380.7	165;159113;159865;-;232.2	174;165391;168030;-;259.3	160;153667;156489;-;346.0	184;171862;173286;-;88.9	174;165391;168030;-;88.8	186;174013;174579;-;169.3	170;162722;163360;-;67.0	169;160708;162663;-;258.5	156;149386;151698;-;392.7	182;170663;171220;-;52.7	156;149386;151698;-;66.6	A	9/9	contiguous	24627	1	1	153041..153643-;200;TraS;0
OW849039.1	MPF_F	IncFIB(pQil);IncFII(K)	133	0	0	GA	0															not_admitted	not_admitted	not_admitted	not_admitted	not_admitted	not_admitted	not_admitted	not_admitted	not_admitted	not_admitted	1	78;75369;76358;-;366.0	68;68455;69822;-;380.7	72;71080;71832;-;233.7	83;79001;81640;-;258.5	67;65606;68455;-;345.6	91;84897;86321;-;88.8	83;79001;81640;-;88.7	93;87048;87614;-;169.3	77;74718;75356;-;67.0	76;72704;74659;-;259.7	63;60808;63120;-;392.7	90;84199;84783;-;55.4	63;60808;63120;-;66.5	A	9/9	contiguous	26240	1	1	65045..65593-;182;unnamed;0
OW849040.1	MPF_T	IncN	64	0	0	GA	1	15;11857;12591;+;32.5		18;13234;13551;+;63.3	19;13551;16151;+;113.8	19;13551;16151;+;76.4	20;16169;16882;+;105.5	22;17133;18173;+;142.4		23;18392;19090;+;131.9	24;19101;19985;+;159.7	25;19985;21145;+;156.3	26;21187;22182;+;81.2	41;40161;41690;-;38.5		pfam	both	A	7/7	canonical	1	0	unscoreable	3	0	0														not_admitted	not_admitted	not_admitted	not_admitted	not_admitted	not_admitted	not_admitted
OW849053.1	MPF_F	IncFIB(K);IncFIB(pNDM-Mar);IncFII(K);RepB	473	0	0	GA	0															not_admitted	not_admitted	not_admitted	not_admitted	not_admitted	not_admitted	not_admitted	not_admitted	not_admitted	not_admitted	1	126;103260;104249;-;363.3	115;96074;97441;-;383.5	119;98699;99451;-;233.7	131;106781;108346;-;260.8	114;93252;96074;-;346.5	143;112314;113738;-;88.0	397;340745;343462;-;85.2	145;114465;115031;-;167.9	386;329910;331271;-;69.9	123;100323;102278;-;259.7	110;88322;90634;-;392.8	398;343507;344244;-;56.9	110;88322;90634;-;65.9	A	9/9	split_2	255185	1	1	92627..93229-;200;TraS;0
OW849055.1	MPF_T	IncN	66	0	0	GA	1	28;23095;23829;+;32.5		31;24472;24789;+;63.3	32;24789;27389;+;113.8	32;24789;27389;+;76.4	33;27407;28120;+;105.5	35;28371;29411;+;142.4		36;29630;30328;+;131.9	37;30339;31223;+;159.7	38;31223;32383;+;156.3	39;32425;33420;+;81.2	43;37995;39524;-;38.5		pfam	both	A	7/7	canonical	1	0	unscoreable	6	0	0														not_admitted	not_admitted	not_admitted	not_admitted	not_admitted	not_admitted	not_admitted
OW849060.1	MPF_F	IncFIB(K);IncFII(K)	211	0	0	GA	0															not_admitted	not_admitted	not_admitted	not_admitted	not_admitted	not_admitted	not_admitted	not_admitted	not_admitted	not_admitted	1	154;146837;147829;-;366.6	144;140016;141386;-;381.2	148;142588;143340;-;232.4	157;148855;151494;-;258.7	143;137167;140016;-;344.2	166;155309;156733;-;89.2	157;148855;151494;-;88.8	168;157460;158026;-;167.0	153;146186;146824;-;67.0	152;144183;146189;-;259.0	139;133044;135353;-;393.2	164;154128;154697;-;49.7	139;133044;135353;-;65.8	A	9/9	contiguous	24416	1	1	136634..137164-;176;unnamed;0
OW849071.1	MPF_F	IncFIB(K);IncFII(K)	246	0	0	GA	0															not_admitted	not_admitted	not_admitted	not_admitted	not_admitted	not_admitted	not_admitted	not_admitted	not_admitted	not_admitted	1	200;202304;203293;-;363.3	189;195118;196485;-;381.5	193;197743;198495;-;233.7	204;204750;207389;-;259.0	188;192275;195118;-;342.9	215;211356;212780;-;88.8	204;204750;207389;-;87.6	217;213507;214073;-;167.9	198;201381;202028;-;66.9	197;199367;201322;-;259.7	184;187378;189690;-;392.8	212;210160;210744;-;53.8	184;187378;189690;-;65.9	A	9/9	contiguous	26129	1	1	191740..192264-;174;unnamed;0
OW849072.1	MPF_F	IncFIB(pQil);IncFII(K)	133	0	0	GA	0															not_admitted	not_admitted	not_admitted	not_admitted	not_admitted	not_admitted	not_admitted	not_admitted	not_admitted	not_admitted	1	78;75369;76358;-;366.0	68;68455;69822;-;380.7	72;71080;71832;-;233.7	83;79001;81640;-;258.5	67;65606;68455;-;345.6	91;84897;86321;-;88.8	83;79001;81640;-;88.7	93;87048;87614;-;169.3	77;74718;75356;-;67.0	76;72704;74659;-;259.7	63;60808;63120;-;392.7	90;84199;84783;-;55.4	63;60808;63120;-;66.5	A	9/9	contiguous	26240	1	1	65045..65593-;182;unnamed;0
OW849078.1	MPF_F	IncFIB(pB171);IncFII(Yp);IncFII(pAR0022);IncHI2;IncHI2A	454	0	0	GA	0															not_admitted	not_admitted	not_admitted	not_admitted	not_admitted	not_admitted	not_admitted	not_admitted	not_admitted	not_admitted	1	259;239258;240250;+;368.4	267;244963;246333;+;376.7	263;242997;243746;+;218.2	256;235640;238270;+;285.5	268;246333;249155;+;336.5	250;232218;233612;+;90.9	256;235640;238270;+;98.6	248;230935;231501;+;169.9	260;240267;240896;+;66.9	261;240893;242746;+;257.4	271;250490;252691;+;384.8	251;233634;234173;+;64.9	271;250490;252691;+;63.9	A	9/9	contiguous	19555	1	1	249177..249608+;143;TraS;0
OW849087.1	MPF_F	IncFIB(K);IncFIB(pNDM-Mar);IncFII(K);RepB	567	0	0	GA	0															not_admitted	not_admitted	not_admitted	not_admitted	not_admitted	not_admitted	not_admitted	not_admitted	not_admitted	not_admitted	1	265;214669;215658;+;363.3	276;221477;222844;+;383.5	272;219467;220219;+;233.7	260;210572;212137;+;260.8	277;222844;225666;+;346.5	248;205180;206604;+;88.0	491;433870;436587;-;85.2	246;203887;204453;+;167.9	480;423035;424396;-;69.9	268;216640;218595;+;259.7	281;228284;230596;+;392.8	492;436632;437369;-;56.9	281;228284;230596;+;65.9	A	9/9	split_2	232745	1	1	225689..226291+;200;TraS;0
OW849103.1	MPF_T	IncX3	144	0	0	GA	1	76;63905;64549;-;47.4	75;63631;63921;-;71.9	74;60853;63606;-;47.0	74;60853;63606;-;145.3	74;60853;63606;-;67.4	73;60088;60843;-;61.1	71;58758;59813;-;128.8		70;57772;58500;-;119.7	69;56837;57766;-;140.2	68;55629;56840;-;128.3	66;54399;55433;-;65.4	65;52561;54396;-;495.5		pfam	pfam_only	A	7/7	canonical	1	1	unscoreable	2	0	0														not_admitted	not_admitted	not_admitted	not_admitted	not_admitted	not_admitted	not_admitted
OW849116.1	MPF_F	IncFIB(K);IncFII(K)	215	0	0	GA	0															not_admitted	not_admitted	not_admitted	not_admitted	not_admitted	not_admitted	not_admitted	not_admitted	not_admitted	not_admitted	1	159;159275;160267;-;366.6	149;152454;153824;-;381.2	153;155026;155778;-;232.4	162;161293;163932;-;258.7	148;149605;152454;-;344.2	171;167747;169171;-;89.2	162;161293;163932;-;88.8	173;169898;170464;-;167.0	158;158624;159262;-;67.0	157;156621;158627;-;259.0	144;145482;147791;-;393.2	169;166566;167135;-;49.7	144;145482;147791;-;65.8	A	9/9	contiguous	24416	1	1	149072..149602-;176;unnamed;0
OW849119.1	MPF_F	IncFIB(K);IncFII(K)	193	0	0	GA	0															not_admitted	not_admitted	not_admitted	not_admitted	not_admitted	not_admitted	not_admitted	not_admitted	not_admitted	not_admitted	1	125;119017;120006;-;363.3	114;111831;113198;-;383.5	118;114456;115208;-;233.7	129;121463;124102;-;259.0	113;109009;111831;-;346.5	140;128070;129494;-;88.0	129;121463;124102;-;88.7	142;130221;130787;-;167.9	123;118094;118741;-;66.9	122;116080;118035;-;259.7	108;103013;105325;-;392.8	137;126874;127458;-;53.8	108;103013;105325;-;65.9	A	9/9	contiguous	27208	1	1	108384..108986-;200;TraS;0
OW849123.1	MPF_F	IncFIA;IncFII	168	1	1	GA	1	120;103781;104428;-;76.4		42;34846;35163;+;63.3	43;35163;37763;+;113.8	43;35163;37763;+;76.4	44;37781;38494;+;105.5	46;38745;39785;+;142.4		47;40004;40702;+;131.9	48;40713;41597;+;159.7	128;108313;109740;+;93.9	52;43282;43794;+;74.4	157;134112;135722;+;31.7	142;119620;121470;+;266.1	pfam	both	A	7/7	canonical	1	0	unscoreable	25	0	1	139;117649;118641;+;369.5	149;124420;125793;+;381.7	144;121747;122490;+;234.4	134;111893;114523;+;300.9	150;125790;128612;+;374.0	128;108313;109740;+;93.9	134;111893;114523;+;101.1	126;107032;107598;+;182.7	141;118985;119623;+;68.6	142;119620;121470;+;266.1	157;134112;135722;+;347.8	132;110862;111377;+;76.0	157;134112;135722;+;70.9	A	9/9	contiguous	27080	1	1	128634..129113+;159;TraS;0
OW849124.1	MPF_T	IncX10	131	0	0	GA	1	28;17591;18235;+;45.7	29;18219;18509;+;73.1	30;18534;21287;+;47.0	30;18534;21287;+;146.6	30;18534;21287;+;65.8	31;21298;22068;+;62.0	33;22347;23402;+;131.2		34;23633;24361;+;119.7	35;24367;25296;+;140.2	36;25293;26504;+;128.3	38;26700;27734;+;65.4	39;27737;29572;+;495.5		pfam	pfam_only	A	7/7	canonical	1	1	unscoreable	2	0	0														not_admitted	not_admitted	not_admitted	not_admitted	not_admitted	not_admitted	not_admitted
OW849134.1	MPF_F	IncHI2;IncHI2A	318	0	0	GA	0															not_admitted	not_admitted	not_admitted	not_admitted	not_admitted	not_admitted	not_admitted	not_admitted	not_admitted	not_admitted	1	29;32275;33333;+;276.9	220;207619;209034;-;194.1	221;209024;210070;-;173.7	11;8955;11636;+;168.0	219;203660;207610;-;101.6	7;5270;6625;+;80.7	11;8955;11636;+;72.2	4;2758;3546;+;74.8	27;30622;32133;+;62.7	30;33352;36540;+;58.3	227;217111;219195;+;56.7	10;7996;8946;+;46.4	227;217111;219195;+;38.8	A	9/9	split_3	214353	0	1	
OW849135.1	MPF_F	IncFIB(K)	242	0	0	GA	0															not_admitted	not_admitted	not_admitted	not_admitted	not_admitted	not_admitted	not_admitted	not_admitted	not_admitted	not_admitted	1	178;173331;174323;-;370.8	166;165558;166913;-;383.4	171;168563;169315;-;228.4	181;175384;178023;-;255.5	165;162664;165558;-;339.0	188;180543;181964;-;86.3	181;175384;178023;-;91.4	190;182685;183251;-;156.8	177;172692;173318;-;67.5	176;170713;172695;-;250.1	158;157842;160136;-;391.8	185;179370;179939;-;49.0	158;157842;160136;-;66.4	A	9/9	contiguous	24843	1	1	162152..162667-;171;unnamed;0
OW849149.1	MPF_F	IncFII(K);repB(R1701)	117	0	0	GA	0															not_admitted	not_admitted	not_admitted	not_admitted	not_admitted	not_admitted	not_admitted	not_admitted	not_admitted	not_admitted	1	92;71849;72838;+;366.6	102;78385;79752;+;384.0	98;76375;77127;+;233.7	88;67767;70406;+;258.5	103;79752;82601;+;346.4	82;62942;64366;+;89.3	88;67767;70406;+;88.7	80;61649;62215;+;169.3	93;72851;73489;+;67.0	94;73548;75503;+;259.7	107;85063;87372;+;393.1	83;64440;65024;+;54.4	107;85063;87372;+;66.6	A	9/9	contiguous	23414	1	1	82604..83137+;177;unnamed;0
OW849168.1	MPF_F	IncHI2;IncHI2A	285	0	0	GA	0															not_admitted	not_admitted	not_admitted	not_admitted	not_admitted	not_admitted	not_admitted	not_admitted	not_admitted	not_admitted	1	29;32275;33333;+;276.9	188;178267;179682;-;194.1	189;179672;180718;-;173.7	11;8955;11636;+;168.0	187;174308;178258;-;101.6	7;5270;6625;+;80.7	11;8955;11636;+;72.2	4;2758;3546;+;74.8	27;30622;32133;+;62.7	30;33352;36540;+;58.3	195;187759;189843;+;56.7	10;7996;8946;+;46.4	195;187759;189843;+;38.8	A	9/9	split_3	185001	0	1	
OW849169.1	MPF_F	IncFII(pECLA);repE(pEh60-7)	177	0	0	GA	0															not_admitted	not_admitted	not_admitted	not_admitted	not_admitted	not_admitted	not_admitted	not_admitted	not_admitted	not_admitted	1	151;123566;124564;+;358.7	160;129807;131171;+;359.5	154;127045;127827;+;212.1	143;118073;120679;+;219.0	161;131171;134578;+;305.8	136;114005;115408;+;90.4	143;118073;120679;+;93.5	134;112675;113256;+;101.5	152;124575;125198;+;64.0	153;125195;127048;+;216.2	166;137150;139723;+;360.1	141;117298;117837;+;42.1	166;137150;139723;+;70.5	A	9/9	contiguous	24475	1	1	134587..135300+;237;unnamed;0
OW849179.1	MPF_F	IncHI2;IncHI2A	317	0	0	GA	0															not_admitted	not_admitted	not_admitted	not_admitted	not_admitted	not_admitted	not_admitted	not_admitted	not_admitted	not_admitted	1	29;32275;33333;+;276.9	220;208338;209753;-;194.1	221;209743;210789;-;173.7	11;8955;11636;+;168.0	219;204379;208329;-;101.6	7;5270;6625;+;80.7	11;8955;11636;+;72.2	4;2758;3546;+;74.8	27;30622;32133;+;62.7	30;33352;36540;+;58.3	227;217830;219914;+;56.7	10;7996;8946;+;46.4	227;217830;219914;+;38.8	A	9/9	split_3	215072	0	1	
OW849184.1	MPF_F	IncFIB(pNDM-Mar);RepB	328	0	0	GA	0															not_admitted	not_admitted	not_admitted	not_admitted	not_admitted	not_admitted	not_admitted	not_admitted	not_admitted	not_admitted	1	294;268737;269774;+;282.3	96;92485;93894;-;190.4	97;93884;94921;-;175.6	282;255188;257905;+;148.9	95;88515;92483;-;121.3	278;251705;253075;+;65.6	282;255188;257905;+;82.3	275;249199;250059;+;79.0	293;267379;268740;+;69.9	295;269784;272969;+;59.6	104;102120;104246;+;58.0	281;254406;255143;+;56.9	104;102120;104246;+;40.6	A	9/9	split_2	181269	0	1	
OW849185.1	MPF_F	IncFIB(K);IncFII(K)	188	0	0	GA	0															not_admitted	not_admitted	not_admitted	not_admitted	not_admitted	not_admitted	not_admitted	not_admitted	not_admitted	not_admitted	1	118;114733;115722;-;363.3	107;107547;108914;-;383.5	111;110172;110924;-;233.7	122;117179;119818;-;259.0	106;104725;107547;-;346.5	133;123786;125210;-;88.0	122;117179;119818;-;88.7	135;125937;126503;-;167.9	116;113810;114457;-;66.9	115;111796;113751;-;259.7	102;99795;102107;-;392.8	130;122590;123174;-;53.8	102;99795;102107;-;65.9	A	9/9	contiguous	26142	1	1	104100..104702-;200;TraS;0
OW849189.1	MPF_F	IncHI2;IncHI2A	264	0	0	GA	0															not_admitted	not_admitted	not_admitted	not_admitted	not_admitted	not_admitted	not_admitted	not_admitted	not_admitted	not_admitted	1	29;32275;33333;+;276.9	167;163846;165261;-;194.1	168;165251;166297;-;173.7	11;8955;11636;+;168.0	166;159887;163837;-;101.6	7;5270;6625;+;80.7	11;8955;11636;+;72.2	4;2758;3546;+;74.8	27;30622;32133;+;62.7	30;33352;36540;+;58.3	174;173338;175422;+;56.7	10;7996;8946;+;46.4	174;173338;175422;+;38.8	A	9/9	split_3	170580	0	1	
OW849196.1	MPF_F	IncFII(pECLA);repE(pEh60-7)	135	0	0	GA	0															not_admitted	not_admitted	not_admitted	not_admitted	not_admitted	not_admitted	not_admitted	not_admitted	not_admitted	not_admitted	1	81;60672;61667;+;362.4	89;66507;67871;+;369.7	84;64154;64936;+;211.2	73;54665;57274;+;225.6	90;67871;71152;+;307.8	65;50656;52059;+;97.0	73;54665;57274;+;103.1	63;49326;49907;+;94.6	82;61678;62301;+;63.4	83;62298;64157;+;210.5	94;73375;75975;+;361.4	71;53863;54417;+;44.4	94;73375;75975;+;71.2	A	9/9	contiguous	24049	1	1	71161..71874+;237;unnamed;0
OW849199.1	MPF_F	IncHI2;IncHI2A	295	0	0	GA	0															not_admitted	not_admitted	not_admitted	not_admitted	not_admitted	not_admitted	not_admitted	not_admitted	not_admitted	not_admitted	1	29;32275;33333;+;276.9	198;191766;193181;-;194.1	199;193171;194217;-;173.7	11;8955;11636;+;168.0	197;187807;191757;-;101.6	7;5270;6625;+;80.7	11;8955;11636;+;72.2	4;2758;3546;+;74.8	27;30622;32133;+;62.7	30;33352;36540;+;58.3	205;201258;203342;+;56.7	10;7996;8946;+;46.4	205;201258;203342;+;38.8	A	9/9	split_3	198500	0	1	
OW849221.1	MPF_F	IncFIB(pNDM-Mar);RepB	327	0	0	GA	0															not_admitted	not_admitted	not_admitted	not_admitted	not_admitted	not_admitted	not_admitted	not_admitted	not_admitted	not_admitted	1	293;268738;269775;+;282.3	95;92486;93895;-;190.4	96;93885;94922;-;175.6	281;255189;257906;+;148.9	94;88516;92484;-;121.3	277;251706;253076;+;65.6	281;255189;257906;+;82.3	274;249200;250060;+;79.0	292;267380;268741;+;69.9	294;269785;272970;+;59.6	103;102121;104247;+;58.0	280;254407;255144;+;56.9	103;102121;104247;+;40.6	A	9/9	split_2	181269	0	1	
OW849222.1	MPF_F	IncFIB(K);IncFII(K)	213	0	0	GA	0															not_admitted	not_admitted	not_admitted	not_admitted	not_admitted	not_admitted	not_admitted	not_admitted	not_admitted	not_admitted	1	145;140713;141702;-;363.3	134;133527;134894;-;383.5	138;136152;136904;-;233.7	149;143159;145798;-;259.0	133;130705;133527;-;346.5	160;149766;151190;-;88.0	149;143159;145798;-;88.7	162;151917;152483;-;167.9	143;139790;140437;-;66.9	142;137776;139731;-;259.7	129;125775;128087;-;392.8	157;148570;149154;-;53.8	129;125775;128087;-;65.9	A	9/9	contiguous	26142	1	1	130080..130682-;200;TraS;0
OW849227.1	MPF_F	IncFIB(K);IncFII(K)	206	0	0	GA	0															not_admitted	not_admitted	not_admitted	not_admitted	not_admitted	not_admitted	not_admitted	not_admitted	not_admitted	not_admitted	1	160;156335;157324;-;363.3	149;149149;150516;-;382.2	153;151774;152526;-;236.4	164;158781;161420;-;259.0	148;146306;149149;-;342.9	175;165387;166811;-;88.8	164;158781;161420;-;87.6	177;167538;168104;-;167.9	158;155412;156059;-;65.9	157;153398;155353;-;259.5	144;141409;143721;-;392.8	172;164191;164775;-;53.8	144;141409;143721;-;65.9	A	9/9	contiguous	26129	1	1	145771..146295-;174;unnamed;0
OW849232.1	MPF_F	IncFIB(K);IncFII(K)	265	0	0	GA	0															not_admitted	not_admitted	not_admitted	not_admitted	not_admitted	not_admitted	not_admitted	not_admitted	not_admitted	not_admitted	1	172;170519;171511;-;366.6	162;163698;165068;-;381.2	166;166270;167022;-;232.4	175;172537;175176;-;258.7	161;160849;163698;-;344.2	184;178991;180415;-;89.2	175;172537;175176;-;88.8	186;181142;181708;-;167.0	171;169868;170506;-;67.0	170;167865;169871;-;259.0	157;157647;159035;-;302.4	182;177810;178379;-;49.7		A	9/9	contiguous	23495	1	1	160316..160846-;176;unnamed;0
OW849240.1	MPF_F	IncFIB(K);IncFII(K)	227	0	0	GA	0															not_admitted	not_admitted	not_admitted	not_admitted	not_admitted	not_admitted	not_admitted	not_admitted	not_admitted	not_admitted	1	171;169379;170371;-;366.6	161;162558;163928;-;381.2	165;165130;165882;-;232.4	174;171397;174036;-;258.7	160;159709;162558;-;344.2	183;177851;179275;-;89.2	174;171397;174036;-;88.8	185;180002;180568;-;167.0	170;168728;169366;-;67.0	169;166725;168731;-;259.0	156;156507;157895;-;302.4	181;176670;177239;-;49.7		A	9/9	contiguous	23495	1	1	159176..159706-;176;unnamed;0
OW849251.1	MPF_F	IncFIB(AP001918);IncFIC(FII);IncQ1	193	0	0	GA	0															not_admitted	not_admitted	not_admitted	not_admitted	not_admitted	not_admitted	not_admitted	not_admitted	not_admitted	not_admitted	1	145;133085;134077;-;369.3	134;126026;127399;-;378.0	141;129613;130356;-;234.1	148;135086;137713;-;302.9	133;123207;126029;-;389.5	154;139768;141195;-;94.3	148;135086;137713;-;98.5	156;141910;142476;-;183.8	144;132438;133076;-;68.4	143;130633;132441;-;268.4	130;119525;121678;-;391.9	150;138229;138744;-;78.4	130;119525;121678;-;70.4	A	9/9	contiguous	22385	1	1	122694..123185-;163;TraS;0
OW849266.1	MPF_F	IncFIB(K);IncFII(K)	198	0	0	GA	0															not_admitted	not_admitted	not_admitted	not_admitted	not_admitted	not_admitted	not_admitted	not_admitted	not_admitted	not_admitted	1	142;145328;146320;-;366.6	132;138507;139877;-;381.2	136;141079;141831;-;232.4	145;147346;149985;-;258.7	129;134284;136929;-;300.0	154;153800;155224;-;89.2	145;147346;149985;-;88.8	156;155951;156517;-;167.0	141;144677;145315;-;67.0	140;142674;144680;-;259.0	125;130161;132470;-;393.2	152;152619;153188;-;49.7	125;130161;132470;-;65.8	A	9/9	contiguous	25790	1	1	133751..134281-;176;unnamed;0
OW849272.1	MPF_F	IncFII(K);IncFII(pAR0022);IncR	200	0	0	GA	0															not_admitted	not_admitted	not_admitted	not_admitted	not_admitted	not_admitted	not_admitted	not_admitted	not_admitted	not_admitted	1	165;131474;132463;+;366.6	175;138010;139377;+;384.1	171;136000;136752;+;233.7	161;127378;130017;+;258.5	176;139377;142199;+;346.4	151;122050;123474;+;89.5	161;127378;130017;+;88.7	149;120757;121323;+;167.0	166;132476;133114;+;66.9	167;133173;135128;+;259.4	180;144815;147124;+;393.1	153;124086;124670;+;53.8	180;144815;147124;+;66.6	A	9/9	contiguous	24058	1	1	142222..142824+;200;TraS;0
OW849273.1	MPF_F	IncFIB(K);IncFII(K)	178	0	0	GA	0															not_admitted	not_admitted	not_admitted	not_admitted	not_admitted	not_admitted	not_admitted	not_admitted	not_admitted	not_admitted	1	123;118518;119507;-;366.0	113;111657;113027;-;380.7	117;114229;114981;-;230.7	127;120950;123589;-;258.5	112;108814;111657;-;346.5	135;126848;128272;-;89.2	127;120950;123589;-;88.7	137;128999;129565;-;169.3	122;117867;118505;-;67.0	121;115853;117808;-;259.4	108;103920;106229;-;392.8	134;126150;126734;-;55.4	108;103920;106229;-;65.9	A	9/9	contiguous	25079	1	1	108279..108803-;174;unnamed;0
OW849278.1	MPF_F	IncFIB(AP001918);IncFIC(FII);IncQ1	193	0	0	GA	0															not_admitted	not_admitted	not_admitted	not_admitted	not_admitted	not_admitted	not_admitted	not_admitted	not_admitted	not_admitted	1	145;133085;134077;-;369.3	134;126026;127399;-;378.0	141;129613;130356;-;234.1	148;135086;137713;-;302.9	133;123207;126029;-;389.5	154;139768;141195;-;94.3	148;135086;137713;-;98.5	156;141910;142476;-;183.8	144;132438;133076;-;68.4	143;130633;132441;-;268.4	130;119525;121678;-;391.9	150;138229;138744;-;78.4	130;119525;121678;-;70.4	A	9/9	contiguous	22385	1	1	122694..123185-;163;TraS;0
OW849284.1	MPF_F	IncFIB(AP001918);IncFIC(FII);IncQ1	191	0	0	GA	0															not_admitted	not_admitted	not_admitted	not_admitted	not_admitted	not_admitted	not_admitted	not_admitted	not_admitted	not_admitted	1	143;131225;132217;-;369.3	132;124166;125539;-;378.0	139;127753;128496;-;234.1	146;133226;135853;-;302.9	131;121347;124169;-;389.5	152;137908;139335;-;94.3	146;133226;135853;-;98.5	154;140050;140616;-;183.8	142;130578;131216;-;68.4	141;128773;130581;-;268.4	128;117665;119818;-;391.9	148;136369;136884;-;78.4	128;117665;119818;-;70.4	A	9/9	contiguous	22385	1	1	120834..121325-;163;TraS;0
OW849290.1	MPF_F	IncFIB(K);IncFII(K)	194	0	0	GA	0															not_admitted	not_admitted	not_admitted	not_admitted	not_admitted	not_admitted	not_admitted	not_admitted	not_admitted	not_admitted	1	56;45718;46710;+;366.6	66;52227;53594;+;381.2	62;50218;50970;+;232.2	53;42053;44692;+;259.3	67;53594;56443;+;346.5	45;37043;38467;+;89.3	53;42053;44692;+;88.8	43;35750;36316;+;167.0	57;46723;47361;+;67.0	58;47420;49375;+;259.2	71;58259;60568;+;392.7	47;39097;39654;+;52.5	71;58259;60568;+;66.6	A	9/9	contiguous	22509	1	1	56446..56976+;176;unnamed;0
OW849297.1	MPF_F	IncFII(K);IncFII(pAR0022);IncR	199	0	0	GA	0															not_admitted	not_admitted	not_admitted	not_admitted	not_admitted	not_admitted	not_admitted	not_admitted	not_admitted	not_admitted	1	164;130275;131264;+;366.6	174;136811;138178;+;384.1	170;134801;135553;+;233.7	160;126179;128818;+;258.5	175;138178;141000;+;346.4	150;120851;122275;+;89.5	160;126179;128818;+;88.7	148;119558;120124;+;167.0	165;131277;131915;+;66.9	166;131974;133929;+;259.4	179;143616;145925;+;393.1	152;122887;123471;+;53.8	179;143616;145925;+;66.6	A	9/9	contiguous	24058	1	1	141023..141625+;200;TraS;0
OW849298.1	MPF_F	IncFIB(K);IncFII(K)	178	0	0	GA	0															not_admitted	not_admitted	not_admitted	not_admitted	not_admitted	not_admitted	not_admitted	not_admitted	not_admitted	not_admitted	1	123;118518;119507;-;366.0	113;111657;113027;-;380.7	117;114229;114981;-;233.7	127;120950;123589;-;258.5	112;108814;111657;-;346.5	135;126848;128272;-;89.2	127;120950;123589;-;88.7	137;128999;129565;-;169.3	122;117867;118505;-;67.0	121;115853;117808;-;259.4	108;103920;106229;-;392.8	134;126150;126734;-;55.4	108;103920;106229;-;65.9	A	9/9	contiguous	25079	1	1	108279..108803-;174;unnamed;0
OW849303.1	MPF_F	IncHI2;IncHI2A	320	0	0	GA	0															not_admitted	not_admitted	not_admitted	not_admitted	not_admitted	not_admitted	not_admitted	not_admitted	not_admitted	not_admitted	1	29;32275;33333;+;276.9	223;209952;211367;-;194.1	224;211357;212403;-;173.7	11;8955;11636;+;168.0	222;205993;209943;-;101.6	7;5270;6625;+;80.7	11;8955;11636;+;72.2	4;2758;3546;+;74.8	27;30622;32133;+;62.7	30;33352;36540;+;58.3	230;219444;221528;+;56.7	10;7996;8946;+;46.4	230;219444;221528;+;38.8	A	9/9	split_3	216686	0	1	
OW849317.1	MPF_F	IncFIB(K)(pCAV1099-114);IncFIB(pNDM-Mar);RepB;repFIB	485	0	0	GA	0															not_admitted	not_admitted	not_admitted	not_admitted	not_admitted	not_admitted	not_admitted	not_admitted	not_admitted	not_admitted	1	394;363939;364976;-;282.3	108;84595;86004;+;190.4	107;83568;84605;+;175.6	406;375808;378453;-;147.8	109;86006;89974;+;121.3	410;380638;382008;-;65.6	406;375808;378453;-;85.3	413;383654;384514;-;79.0	395;364973;366334;-;69.9	393;360744;363929;-;59.6	100;74243;76369;-;58.0	407;378570;379307;-;56.9	100;74243;76369;-;40.6	A	9/9	split_2	309411	0	1	
OW849321.1	MPF_F	IncFIB(pECLA);IncFIB(pENTE01);IncFII(pECLA);IncHI2;IncHI2A	493	0	0	GA	0															not_admitted	not_admitted	not_admitted	not_admitted	not_admitted	not_admitted	not_admitted	not_admitted	not_admitted	not_admitted	1	105;88967;89965;+;358.7	114;95175;96539;+;367.1	108;92428;93210;+;214.0	97;83421;86030;+;212.8	115;96539;99820;+;311.6	90;79724;81127;+;90.5	97;83421;86030;+;100.0	88;78394;78975;+;102.3	106;89976;90599;+;63.4	107;90596;92431;+;219.2	120;102479;105070;+;366.9	218;208554;209504;-;46.4	120;102479;105070;+;71.1	A	9/9	split_2	130160	1	1	99829..100542+;237;unnamed;0
OW849326.1	MPF_F	IncFIB(K);IncFII(K)	253	0	0	GA	0															not_admitted	not_admitted	not_admitted	not_admitted	not_admitted	not_admitted	not_admitted	not_admitted	not_admitted	not_admitted	1	207;210342;211331;-;363.3	196;203156;204523;-;382.2	200;205781;206533;-;236.4	211;212788;215427;-;259.0	195;200313;203156;-;342.9	222;219394;220818;-;88.8	211;212788;215427;-;87.6	224;221545;222111;-;167.9	205;209419;210066;-;65.9	204;207405;209360;-;259.5	191;195416;197728;-;392.8	219;218198;218782;-;53.8	191;195416;197728;-;65.9	A	9/9	contiguous	26129	1	1	199778..200302-;174;unnamed;0
OW849335.1	MPF_F	IncFIB(pNDM-Mar);RepB	327	0	0	GA	0															not_admitted	not_admitted	not_admitted	not_admitted	not_admitted	not_admitted	not_admitted	not_admitted	not_admitted	not_admitted	1	293;268738;269775;+;282.3	95;92486;93895;-;190.4	96;93885;94922;-;175.6	281;255189;257906;+;148.9	94;88516;92484;-;121.3	277;251706;253076;+;65.6	281;255189;257906;+;82.3	274;249200;250060;+;79.0	292;267380;268741;+;69.9	294;269785;272970;+;59.6	103;102121;104247;+;58.0	280;254407;255144;+;56.9	103;102121;104247;+;40.6	A	9/9	split_2	181269	0	1	
OW849336.1	MPF_F	IncFIB(K);IncFII(K)	215	0	0	GA	0															not_admitted	not_admitted	not_admitted	not_admitted	not_admitted	not_admitted	not_admitted	not_admitted	not_admitted	not_admitted	1	101;84908;85897;+;363.3	112;91716;93083;+;383.5	108;89706;90458;+;233.7	97;80812;83451;+;259.0	113;93083;95905;+;346.5	86;75420;76844;+;88.0	97;80812;83451;+;88.7	84;74127;74693;+;167.9	103;86173;86820;+;66.9	104;86879;88834;+;259.7	117;98523;100835;+;392.8	89;77456;78040;+;53.8	117;98523;100835;+;65.9	A	9/9	contiguous	24396	1	1	95928..96530+;200;TraS;0
OW849338.1	MPF_T	IncFII(pEH01)	39	0	0	GA	1	7;6652;7356;-;47.3	6;6352;6648;-;67.3	5;3595;6339;-;49.1	5;3595;6339;-;149.6	5;3595;6339;-;48.4	4;2876;3580;-;139.3	2;1557;2624;-;159.8		0;688;1371;-;189.7		37;25172;26437;-;155.2	35;23982;25007;-;67.3	30;20171;21898;-;47.5		pfam	both	B	6/7	canonical	1	1	unscoreable	7	0	0														not_admitted	not_admitted	not_admitted	not_admitted	not_admitted	not_admitted	not_admitted
OW849341.1	MPF_F	IncFIB(K)(pCAV1099-114);IncFIB(pNDM-Mar);RepB;repFIB	484	0	0	GA	0															not_admitted	not_admitted	not_admitted	not_admitted	not_admitted	not_admitted	not_admitted	not_admitted	not_admitted	not_admitted	1	393;363162;364199;-;282.3	107;83818;85227;+;190.4	106;82791;83828;+;175.6	405;375031;377676;-;147.8	108;85229;89197;+;121.3	409;379861;381231;-;65.6	405;375031;377676;-;85.3	412;382877;383737;-;79.0	394;364196;365557;-;69.9	392;359967;363152;-;59.6	99;73466;75592;-;58.0	406;377793;378530;-;56.9	99;73466;75592;-;40.6	A	9/9	split_2	309411	0	1	
OW849346.1	MPF_F	IncFII(pBK30683)	83	0	0	GA	0															not_admitted	not_admitted	not_admitted	not_admitted	not_admitted	not_admitted	not_admitted	not_admitted	not_admitted	not_admitted	1	59;41832;42821;+;366.6	69;48312;49682;+;383.8	65;46358;47110;+;233.2	55;37750;40389;+;258.5	70;49682;52555;+;347.6	46;32925;34349;+;89.2	55;37750;40389;+;87.8	44;31632;32198;+;168.5	60;42834;43472;+;66.9	61;43531;45486;+;259.7	73;54108;56417;+;392.7	47;34463;35047;+;54.4	73;54108;56417;+;66.6	A	9/9	contiguous	22476	1	1	52566..53099+;177;unnamed;0
OW849351.1	MPF_F	IncFIB(K);IncFII(K)	194	0	0	GA	0															not_admitted	not_admitted	not_admitted	not_admitted	not_admitted	not_admitted	not_admitted	not_admitted	not_admitted	not_admitted	1	139;139517;140509;-;366.6	129;132633;134000;-;381.2	133;135257;136009;-;232.2	142;141535;144174;-;259.3	128;129784;132633;-;346.5	150;147760;149184;-;89.3	142;141535;144174;-;88.8	152;149911;150477;-;167.0	138;138866;139504;-;67.0	137;136852;138807;-;259.2	124;125659;127968;-;392.7	148;146573;147130;-;52.5	124;125659;127968;-;66.6	A	9/9	contiguous	24252	1	1	129251..129781-;176;unnamed;0
OW849357.1	MPF_F	IncHI2;IncHI2A	324	0	0	GA	0															not_admitted	not_admitted	not_admitted	not_admitted	not_admitted	not_admitted	not_admitted	not_admitted	not_admitted	not_admitted	1	29;32275;33333;+;276.9	227;210096;211511;-;194.1	228;211501;212547;-;173.7	11;8955;11636;+;168.0	226;206137;210087;-;101.6	7;5270;6625;+;80.7	11;8955;11636;+;72.2	4;2758;3546;+;74.8	27;30622;32133;+;62.7	30;33352;36540;+;58.3	234;219588;221672;+;56.7	10;7996;8946;+;46.4	234;219588;221672;+;38.8	A	9/9	split_3	216830	0	1	
OW849366.1	MPF_F	IncFIB(K);IncFII(K)	227	0	0	GA	0															not_admitted	not_admitted	not_admitted	not_admitted	not_admitted	not_admitted	not_admitted	not_admitted	not_admitted	not_admitted	1	171;169379;170371;-;366.6	161;162558;163928;-;381.2	165;165130;165882;-;232.4	174;171397;174036;-;258.7	160;159709;162558;-;344.2	183;177851;179275;-;89.2	174;171397;174036;-;88.8	185;180002;180568;-;167.0	170;168728;169366;-;67.0	169;166725;168731;-;259.0	156;156507;157895;-;302.4	181;176670;177239;-;49.7		A	9/9	contiguous	23495	1	1	159176..159706-;176;unnamed;0
OW849370.1	MPF_F	IncHI2;IncHI2A	290	0	0	GA	0															not_admitted	not_admitted	not_admitted	not_admitted	not_admitted	not_admitted	not_admitted	not_admitted	not_admitted	not_admitted	1	29;32273;33331;+;276.9	191;178813;180228;-;194.1	192;180218;181264;-;173.7	11;8955;11636;+;168.0	190;174854;178804;-;101.6	7;5270;6625;+;80.7	11;8955;11636;+;72.2	4;2758;3546;+;74.8	27;30620;32131;+;62.7	30;33350;36538;+;58.3	198;188305;190389;+;56.6	10;7996;8946;+;46.4	198;188305;190389;+;38.8	A	9/9	split_3	185547	0	1	
OW849389.1	MPF_F	IncFIB(AP001918);IncFIC(FII)	174	0	0	GA	0															not_admitted	not_admitted	not_admitted	not_admitted	not_admitted	not_admitted	not_admitted	not_admitted	not_admitted	not_admitted	1	126;116582;117574;-;369.3	115;109523;110896;-;378.0	122;113110;113853;-;234.1	129;118583;121210;-;302.9	114;106704;109526;-;389.5	135;123265;124692;-;94.3	129;118583;121210;-;98.5	137;125407;125973;-;183.8	125;115935;116573;-;68.4	124;114130;115938;-;268.4	111;103022;105175;-;391.9	131;121726;122241;-;78.4	111;103022;105175;-;70.4	A	9/9	contiguous	22385	1	1	106191..106682-;163;TraS;0
OW849395.1	MPF_F	IncFIB(pNDM-Mar);RepB	328	0	0	GA	0															not_admitted	not_admitted	not_admitted	not_admitted	not_admitted	not_admitted	not_admitted	not_admitted	not_admitted	not_admitted	1	294;270675;271712;+;282.3	95;92500;93909;-;190.4	96;93899;94936;-;175.6	282;257126;259843;+;148.9	94;88530;92498;-;121.3	278;253643;255013;+;65.6	282;257126;259843;+;82.3	275;251137;251997;+;79.0	293;269317;270678;+;69.9	295;271722;274907;+;59.6	103;102135;104261;+;58.0	281;256344;257081;+;56.9	103;102135;104261;+;40.6	A	9/9	split_2	183192	0	1	
OW849396.1	MPF_F	IncFIB(K);IncFII(K)	190	0	0	GA	0															not_admitted	not_admitted	not_admitted	not_admitted	not_admitted	not_admitted	not_admitted	not_admitted	not_admitted	not_admitted	1	120;110887;111876;-;363.3	109;103701;105068;-;383.5	113;106326;107078;-;233.7	124;113333;115972;-;259.0	108;100879;103701;-;346.5	135;119940;121364;-;88.0	124;113333;115972;-;88.7	137;122091;122657;-;167.9	118;109964;110611;-;66.9	117;107950;109905;-;259.7	104;95949;98261;-;392.8	132;118744;119328;-;53.8	104;95949;98261;-;65.9	A	9/9	contiguous	26142	1	1	100254..100856-;200;TraS;0
OW849406.1	MPF_F	IncFIB(K);IncFII(K)	249	0	0	GA	0															not_admitted	not_admitted	not_admitted	not_admitted	not_admitted	not_admitted	not_admitted	not_admitted	not_admitted	not_admitted	1	153;151248;152237;+;363.3	164;158056;159423;+;382.2	160;156046;156798;+;236.4	205;205023;207356;-;259.3	165;159423;162266;+;342.9	216;211323;212747;-;88.8	205;205023;207356;-;86.2	218;213474;214040;-;167.9	155;152513;153160;+;65.9	156;153219;155174;+;259.5	169;164851;167163;+;392.8	213;210127;210711;-;53.8	169;164851;167163;+;65.9	A	9/9	split_2	62226	1	1	162277..162801+;174;unnamed;0
OW849422.1	MPF_F	IncFIB(pNDM-Mar);RepB	327	0	0	GA	0															not_admitted	not_admitted	not_admitted	not_admitted	not_admitted	not_admitted	not_admitted	not_admitted	not_admitted	not_admitted	1	293;268766;269803;+;282.3	95;92500;93909;-;190.4	96;93899;94936;-;175.6	281;255217;257934;+;148.9	94;88530;92498;-;121.3	277;251734;253104;+;65.6	281;255217;257934;+;82.3	274;249228;250088;+;79.0	292;267408;268769;+;69.9	294;269813;272998;+;59.6	103;102135;104261;+;58.0	280;254435;255172;+;56.9	103;102135;104261;+;40.6	A	9/9	split_2	181283	0	1	
OW849427.1	MPF_F	IncFIB(pNDM-Mar);IncHI1B(pNDM-MAR)	234	0	0	GA	0															not_admitted	not_admitted	not_admitted	not_admitted	not_admitted	not_admitted	not_admitted	not_admitted	not_admitted	not_admitted	1	163;142708;143745;-;282.3	77;61780;63189;+;190.4	76;60753;61790;+;176.7	176;154580;157297;-;149.2	78;63191;67099;+;121.7	180;159410;160780;-;63.4	176;154580;157297;-;83.2	183;162426;163286;-;79.0	164;143742;145103;-;69.9	162;139516;142698;-;59.7	69;51428;53554;-;57.8	177;157342;158079;-;56.9	69;51428;53554;-;41.0	A	9/9	split_2	110998	0	1	
OW849428.1	MPF_F	IncFIB(K);IncFII(K)	139	0	0	GA	0															not_admitted	not_admitted	not_admitted	not_admitted	not_admitted	not_admitted	not_admitted	not_admitted	not_admitted	not_admitted	1	65;67451;68443;-;366.6	55;60567;61934;-;381.2	59;63191;63943;-;232.2	68;69469;72108;-;259.3	54;57718;60567;-;344.4	76;75695;77119;-;89.3	68;69469;72108;-;88.8	78;77846;78412;-;167.0	64;66800;67438;-;67.0	63;64786;66741;-;259.2	51;53596;55905;-;392.7	74;74507;75064;-;52.5	51;53596;55905;-;66.6	A	9/9	contiguous	24250	1	1	57185..57715-;176;unnamed;0
OW849447.1	MPF_F	IncFIB(K);IncFII(K)	183	0	0	GA	0															not_admitted	not_admitted	not_admitted	not_admitted	not_admitted	not_admitted	not_admitted	not_admitted	not_admitted	not_admitted	1	127;130986;131978;-;366.6	117;124165;125535;-;381.2	121;126737;127489;-;232.4	130;133004;135643;-;258.7	116;121316;124165;-;344.2	139;139458;140882;-;89.2	130;133004;135643;-;88.8	141;141609;142175;-;167.0	126;130335;130973;-;67.0	125;128332;130338;-;259.0	112;117193;119502;-;393.2	137;138277;138846;-;49.7	112;117193;119502;-;65.8	A	9/9	contiguous	24416	1	1	120783..121313-;176;unnamed;0
OW849452.1	MPF_F	IncFIB(K);IncFII(K)	194	0	0	GA	0															not_admitted	not_admitted	not_admitted	not_admitted	not_admitted	not_admitted	not_admitted	not_admitted	not_admitted	not_admitted	1	56;45719;46711;+;366.6	66;52228;53595;+;381.2	62;50219;50971;+;232.2	53;42054;44693;+;259.3	67;53595;56444;+;346.5	45;37044;38468;+;89.3	53;42054;44693;+;88.8	43;35751;36317;+;167.0	57;46724;47362;+;67.0	58;47421;49376;+;259.2	71;58260;60569;+;392.7	47;39098;39655;+;52.5	71;58260;60569;+;66.6	A	9/9	contiguous	22509	1	1	56447..56977+;176;unnamed;0
OW849458.1	MPF_F	IncHI2;IncHI2A	307	0	0	GA	0															not_admitted	not_admitted	not_admitted	not_admitted	not_admitted	not_admitted	not_admitted	not_admitted	not_admitted	not_admitted	1	29;31777;32835;+;276.9	209;196636;198051;-;194.1	210;198041;199087;-;173.7	11;8955;11636;+;168.0	208;192677;196627;-;101.6	7;5270;6625;+;80.7	11;8955;11636;+;72.2	4;2758;3546;+;74.8	27;30124;31635;+;62.7	30;32854;36042;+;58.3	216;206128;208212;+;56.7	10;7996;8946;+;46.4	216;206128;208212;+;38.8	A	9/9	split_3	203370	0	1	
OW849460.1	MPF_F	IncFII(pECLA);repE(pEh60-7)	133	0	0	GA	0															not_admitted	not_admitted	not_admitted	not_admitted	not_admitted	not_admitted	not_admitted	not_admitted	not_admitted	not_admitted	1	115;88607;89605;+;360.7	124;94842;96206;+;367.1	118;92092;92874;+;212.4	107;82602;85211;+;224.0	125;96206;99496;+;309.2	101;78380;79789;+;97.1	107;82602;85211;+;103.6	99;77050;77631;+;97.2	116;89616;90239;+;63.4	117;90236;92095;+;212.8	130;102123;104723;+;365.4	105;81800;82354;+;44.0	130;102123;104723;+;71.2	A	9/9	contiguous	25073	1	1	99498..100187+;229;unnamed;0
OW849466.1	MPF_F	IncFIB(pNDM-Mar);RepB	293	0	0	GA	0															not_admitted	not_admitted	not_admitted	not_admitted	not_admitted	not_admitted	not_admitted	not_admitted	not_admitted	not_admitted	1	204;180881;181918;-;282.3	96;75795;77204;+;190.4	95;74768;75805;+;175.6	216;192750;195467;-;148.9	97;77206;80397;+;121.8	220;197580;198950;-;65.6	216;192750;195467;-;85.2	223;200596;201456;-;79.0	205;181915;183276;-;69.9	203;177686;180871;-;59.6	88;65443;67569;-;58.0	217;195512;196249;-;56.9	88;65443;67569;-;40.6	A	9/9	split_2	135153	0	1	
OW849475.1	MPF_F	IncHI2;IncHI2A	317	0	0	GA	0															not_admitted	not_admitted	not_admitted	not_admitted	not_admitted	not_admitted	not_admitted	not_admitted	not_admitted	not_admitted	1	29;32275;33333;+;276.9	220;208338;209753;-;194.1	221;209743;210789;-;173.7	11;8955;11636;+;168.0	219;204379;208329;-;101.6	7;5270;6625;+;80.7	11;8955;11636;+;72.2	4;2758;3546;+;74.8	27;30622;32133;+;62.7	30;33352;36540;+;58.3	227;217830;219914;+;56.7	10;7996;8946;+;46.4	227;217830;219914;+;38.8	A	9/9	split_3	215072	0	1	
OW849480.1	MPF_F	IncFIB(K);IncFII(K)	220	0	0	GA	0															not_admitted	not_admitted	not_admitted	not_admitted	not_admitted	not_admitted	not_admitted	not_admitted	not_admitted	not_admitted	1	164;160084;161076;-;366.6	154;153263;154633;-;381.2	158;155835;156587;-;232.4	167;162102;164741;-;258.7	153;150414;153263;-;344.2	176;168556;169980;-;89.2	167;162102;164741;-;88.8	178;170707;171273;-;167.0	163;159433;160071;-;67.0	162;157430;159436;-;259.0	149;147212;148600;-;302.4	174;167375;167944;-;49.7		A	9/9	contiguous	23495	1	1	149881..150411-;176;unnamed;0
OW849481.1	MPF_T	IncN;IncR	128	0	0	GA	1	25;19164;19898;+;32.5		28;20541;20858;+;63.3	29;20858;23458;+;113.8	29;20858;23458;+;76.4	30;23476;24189;+;105.5	32;24440;25480;+;142.4		33;25699;26397;+;131.9	34;26408;27292;+;159.7	35;27292;28452;+;156.3	36;28494;29489;+;81.2	50;39579;41108;-;38.5		pfam	both	A	7/7	canonical	1	0	unscoreable	3	0	0														not_admitted	not_admitted	not_admitted	not_admitted	not_admitted	not_admitted	not_admitted
OW849484.1	MPF_F	IncHI2;IncHI2A	340	0	0	GA	0															not_admitted	not_admitted	not_admitted	not_admitted	not_admitted	not_admitted	not_admitted	not_admitted	not_admitted	not_admitted	1	29;32275;33333;+;276.9	250;226693;228108;-;194.1	251;228098;229144;-;173.7	11;8955;11636;+;168.0	249;222734;226684;-;101.6	7;5270;6625;+;80.7	11;8955;11636;+;72.2	4;2758;3546;+;74.8	27;30622;32133;+;62.7	30;33352;36540;+;58.3	257;236185;238269;+;56.7	10;7996;8946;+;46.4	257;236185;238269;+;38.8	A	9/9	split_3	233427	0	1	
OW849489.1	MPF_F	IncFIB(K);IncFII(K)	217	0	0	GA	0															not_admitted	not_admitted	not_admitted	not_admitted	not_admitted	not_admitted	not_admitted	not_admitted	not_admitted	not_admitted	1	161;159308;160300;-;366.6	151;152487;153857;-;381.2	155;155059;155811;-;232.4	164;161326;163965;-;258.7	150;149638;152487;-;344.2	173;167780;169204;-;89.2	164;161326;163965;-;88.8	175;169931;170497;-;167.0	160;158657;159295;-;67.0	159;156654;158660;-;259.0	146;146436;147824;-;302.4	171;166599;167168;-;49.7		A	9/9	contiguous	23495	1	1	149105..149635-;176;unnamed;0
OW849504.1	MPF_F	IncFIB(pECLA);IncFIB(pENTE01);IncFII(pECLA);IncHI2;IncHI2A	484	0	0	GA	0															not_admitted	not_admitted	not_admitted	not_admitted	not_admitted	not_admitted	not_admitted	not_admitted	not_admitted	not_admitted	1	105;88967;89965;+;358.7	114;95175;96539;+;367.1	108;92428;93210;+;214.0	97;83421;86030;+;212.8	115;96539;99820;+;311.6	90;79724;81127;+;90.5	97;83421;86030;+;100.0	88;78394;78975;+;102.3	106;89976;90599;+;63.4	107;90596;92431;+;219.2	120;102479;105070;+;366.9	218;208554;209504;-;46.4	120;102479;105070;+;71.1	A	9/9	split_2	130160	1	1	99829..100542+;237;unnamed;0
OW849517.1	MPF_F	IncFIB(pECLA);IncFIB(pENTE01);IncFII(pECLA)	310	0	0	GA	0															not_admitted	not_admitted	not_admitted	not_admitted	not_admitted	not_admitted	not_admitted	not_admitted	not_admitted	not_admitted	1	111;95550;96548;+;358.7	120;101758;103122;+;367.1	114;99011;99793;+;214.0	103;90004;92733;+;212.7	121;103122;106403;+;311.6	96;86307;87710;+;90.5	103;90004;92733;+;99.8	94;84977;85558;+;102.3	112;96559;97182;+;63.4	113;97179;99014;+;219.2	126;109062;111653;+;366.9	101;89217;89756;+;42.9	126;109062;111653;+;71.1	A	9/9	contiguous	24085	1	1	106412..107125+;237;unnamed;0
OW849518.1	MPF_F	IncFII	78	0	0	GA	0															not_admitted	not_admitted	not_admitted	not_admitted	not_admitted	not_admitted	not_admitted	not_admitted	not_admitted	not_admitted	1	51;44327;45319;+;369.2	62;51215;52588;+;376.8	57;48906;49649;+;234.4	48;40688;43318;+;300.4	63;52585;55407;+;376.7	41;36239;37666;+;94.1	48;40688;43318;+;102.3	39;34958;35524;+;183.8	52;45328;45966;+;68.6	55;46779;48629;+;265.0	67;57679;59904;+;391.7	44;38547;39062;+;78.4	67;57679;59904;+;70.3	A	9/9	contiguous	22721	1	1	55429..55908+;159;TraS;0
OW849525.1	MPF_T	IncX3	70	0	0	GA	1	13;7688;8332;+;47.4	14;8316;8606;+;71.9	15;8631;11384;+;47.0	15;8631;11384;+;145.3	15;8631;11384;+;67.4	16;11394;12149;+;61.1	18;12424;13479;+;128.8		19;13737;14465;+;119.7	20;14471;15400;+;140.2	21;15397;16608;+;128.3	23;16804;17838;+;65.4	24;17841;19676;+;495.5		pfam	pfam_only	A	7/7	canonical	1	1	unscoreable	2	0	0														not_admitted	not_admitted	not_admitted	not_admitted	not_admitted	not_admitted	not_admitted
OW849533.1	MPF_F	IncHI2;IncHI2A	314	0	0	GA	0															not_admitted	not_admitted	not_admitted	not_admitted	not_admitted	not_admitted	not_admitted	not_admitted	not_admitted	not_admitted	1	29;32275;33333;+;276.9	217;205235;206650;-;194.1	218;206640;207686;-;173.7	11;8955;11636;+;168.0	216;201276;205226;-;101.6	7;5270;6625;+;80.7	11;8955;11636;+;72.2	4;2758;3546;+;74.8	27;30622;32133;+;62.7	30;33352;36540;+;58.3	224;214727;216811;+;56.7	10;7996;8946;+;46.4	224;214727;216811;+;38.8	A	9/9	split_3	211969	0	1	
OW849537.1	MPF_F	IncFIB(pNDM-Mar);RepB	334	0	0	GA	0															not_admitted	not_admitted	not_admitted	not_admitted	not_admitted	not_admitted	not_admitted	not_admitted	not_admitted	not_admitted	1	299;269024;270061;+;282.3	75;72955;74364;-;190.4	76;74354;75391;-;175.6	287;255475;258192;+;149.7	71;67633;71091;-;80.3	283;251992;253362;+;65.6	287;255475;258192;+;85.2	280;249486;250346;+;79.0	298;267666;269027;+;69.9	300;270071;273256;+;59.6	83;82590;84716;+;58.0	286;254693;255430;+;56.9	83;82590;84716;+;40.6	A	9/9	split_2	202438	0	1	
OW959905.1	MPF_F	IncFIB(K);IncFII(K)	228	0	0	GA	0															not_admitted	not_admitted	not_admitted	not_admitted	not_admitted	not_admitted	not_admitted	not_admitted	not_admitted	not_admitted	1	172;161324;162316;-;366.6	162;154503;155873;-;381.2	166;157075;157827;-;232.4	175;163342;165981;-;258.7	161;151654;154503;-;344.2	184;169796;171220;-;89.2	175;163342;165981;-;88.8	186;171947;172513;-;167.0	171;160673;161311;-;67.0	170;158670;160676;-;259.0	157;148452;149840;-;302.4	182;168615;169184;-;49.7		A	9/9	contiguous	23495	1	1	151121..151651-;176;unnamed;0
OW959909.1	MPF_F	IncFIB(K);IncFII(K)	213	0	0	GA	0															not_admitted	not_admitted	not_admitted	not_admitted	not_admitted	not_admitted	not_admitted	not_admitted	not_admitted	not_admitted	1	157;159399;160391;-;366.6	147;152578;153948;-;381.2	151;155150;155902;-;232.4	160;161417;164056;-;258.7	144;148355;151000;-;300.0	169;167871;169295;-;89.2	160;161417;164056;-;88.8	171;170022;170588;-;167.0	156;158748;159386;-;67.0	155;156745;158751;-;259.0	140;144232;146541;-;393.2	167;166690;167259;-;49.7	140;144232;146541;-;65.8	A	9/9	contiguous	25790	1	1	147822..148352-;176;unnamed;0
OW959915.1	MPF_F	IncFIB(K);IncFII(K)	213	0	0	GA	0															not_admitted	not_admitted	not_admitted	not_admitted	not_admitted	not_admitted	not_admitted	not_admitted	not_admitted	not_admitted	1	145;141541;142530;-;363.3	134;134355;135722;-;383.5	138;136980;137732;-;233.7	149;143987;146626;-;259.0	133;131533;134355;-;346.5	160;150594;152018;-;88.0	149;143987;146626;-;88.7	162;152745;153311;-;167.9	143;140618;141265;-;66.9	142;138604;140559;-;259.7	129;126603;128915;-;392.8	157;149398;149982;-;53.8	129;126603;128915;-;65.9	A	9/9	contiguous	26142	1	1	130908..131510-;200;TraS;0
OW959921.1	MPF_I	IncM2;IncN	148	0	0	GA	1	37;28171;28908;+;32.0		40;29551;29868;+;63.3	41;29868;31256;+;113.3	41;29868;31256;+;78.0							129;92474;93637;+;87.8	76;59004;60533;+;38.5		none	none	D	3/7	uncallable	0	0	unscoreable	2	0	0														not_admitted	not_admitted	not_admitted	not_admitted	not_admitted	not_admitted	not_admitted
OW959926.1	MPF_F	IncFIB(K);IncFII(K)	216	0	0	GA	0															not_admitted	not_admitted	not_admitted	not_admitted	not_admitted	not_admitted	not_admitted	not_admitted	not_admitted	not_admitted	1	157;159473;160465;-;366.6	147;152652;154022;-;381.2	151;155224;155976;-;232.4	160;161491;164130;-;258.7	144;148429;151074;-;300.0	172;168722;170146;-;89.2	160;161491;164130;-;88.8	174;170873;171439;-;167.0	156;158822;159460;-;67.0	155;156819;158825;-;259.0	140;144306;146615;-;393.2	170;167541;168110;-;49.7	140;144306;146615;-;65.8	A	9/9	contiguous	26567	1	1	147896..148426-;176;unnamed;0
OW959932.1	MPF_F	IncFIB(K);IncFII(K)	230	0	0	GA	0															not_admitted	not_admitted	not_admitted	not_admitted	not_admitted	not_admitted	not_admitted	not_admitted	not_admitted	not_admitted	1	174;170155;171147;-;366.6	164;163334;164704;-;381.2	168;165906;166658;-;232.4	177;172173;174812;-;258.7	163;160485;163334;-;344.2	186;178627;180051;-;89.2	177;172173;174812;-;88.8	188;180778;181344;-;167.0	173;169504;170142;-;67.0	172;167501;169507;-;259.0	159;157283;158671;-;302.4	184;177446;178015;-;49.7		A	9/9	contiguous	23495	1	1	159952..160482-;176;unnamed;0
OW966940.1	MPF_F	IncFII(pKP91);repB(R1701)	94	0	0	GA	0															not_admitted	not_admitted	not_admitted	not_admitted	not_admitted	not_admitted	not_admitted	not_admitted	not_admitted	not_admitted	1	69;49190;50179;+;366.6	79;55664;57034;+;384.6	75;53716;54468;+;233.7	65;45108;47747;+;258.5	80;57034;59883;+;346.2	58;40855;42279;+;89.3	65;45108;47747;+;88.7	56;39562;40128;+;167.0	70;50192;50830;+;66.9	71;50889;52844;+;259.2	84;62345;64636;+;393.2	59;42352;42936;+;54.5	84;62345;64636;+;65.8	A	9/9	contiguous	22783	1	1	59886..60416+;176;unnamed;0
OW966964.1	MPF_F	IncFIB(K);IncFII(K)	227	0	0	GA	0															not_admitted	not_admitted	not_admitted	not_admitted	not_admitted	not_admitted	not_admitted	not_admitted	not_admitted	not_admitted	1	171;169379;170371;-;366.6	161;162558;163928;-;381.2	165;165130;165882;-;232.4	174;171397;174036;-;258.7	160;159709;162558;-;344.2	183;177851;179275;-;89.2	174;171397;174036;-;88.8	185;180002;180568;-;167.0	170;168728;169366;-;67.0	169;166725;168731;-;259.0	156;156507;157895;-;302.4	181;176670;177239;-;49.7		A	9/9	contiguous	23495	1	1	159176..159706-;176;unnamed;0
OW966973.1	MPF_F	IncFIB(K);IncFII(K)	217	0	0	GA	0															not_admitted	not_admitted	not_admitted	not_admitted	not_admitted	not_admitted	not_admitted	not_admitted	not_admitted	not_admitted	1	161;159308;160300;-;366.6	151;152487;153857;-;381.2	155;155059;155811;-;232.4	164;161326;163965;-;258.7	150;149638;152487;-;344.2	173;167780;169204;-;89.2	164;161326;163965;-;88.8	175;169931;170497;-;167.0	160;158657;159295;-;67.0	159;156654;158660;-;259.0	146;146436;147824;-;302.4	171;166599;167168;-;49.7		A	9/9	contiguous	23495	1	1	149105..149635-;176;unnamed;0
OW967017.1	MPF_T	IncN2	68	0	0	GA	1	60;48725;49507;-;33.3	58;48182;48478;-;36.0	57;47825;48142;-;71.9	56;45251;47824;-;118.0	56;45251;47824;-;74.2	55;44522;45235;-;107.4	53;43216;44253;-;121.9	52;43008;43139;-;40.1	51;42302;42997;-;132.6	50;41404;42291;-;147.8	49;40271;41404;-;166.3	48;39219;40220;-;90.1	20;12623;14155;+;51.3		pfam	both	A	7/7	canonical	1	0	ga	2	0	0														not_admitted	not_admitted	not_admitted	not_admitted	not_admitted	not_admitted	not_admitted
OW967030.1	MPF_F	IncFIB(K);IncFII(K)	254	0	0	GA	0															not_admitted	not_admitted	not_admitted	not_admitted	not_admitted	not_admitted	not_admitted	not_admitted	not_admitted	not_admitted	1	208;210342;211331;-;363.3	197;203156;204523;-;382.2	201;205781;206533;-;236.4	212;212788;215427;-;259.0	196;200313;203156;-;342.9	223;219394;220818;-;88.8	212;212788;215427;-;87.6	225;221545;222111;-;167.9	206;209419;210066;-;65.9	205;207405;209360;-;259.5	192;195416;197728;-;392.8	220;218198;218782;-;53.8	192;195416;197728;-;65.9	A	9/9	contiguous	26129	1	1	199778..200302-;174;unnamed;0
OW967031.1	MPF_F	IncFIB(pNDM-Mar);IncHI1B(pNDM-MAR)	215	0	0	GA	0															not_admitted	not_admitted	not_admitted	not_admitted	not_admitted	not_admitted	not_admitted	not_admitted	not_admitted	not_admitted	1	144;123508;124545;-;282.3	74;53849;55258;+;190.4	73;52822;53859;+;176.7	156;135377;138094;-;149.6	75;55260;59168;+;122.1	160;140207;141577;-;65.6	156;135377;138094;-;85.3	163;143223;144083;-;78.1	145;124542;125903;-;69.9	143;120316;123498;-;60.2	66;43498;45624;-;57.8	157;138139;138876;-;55.0	66;43498;45624;-;41.0	A	9/9	split_2	99725	0	1	
OW967038.1	MPF_F	IncFIB(K);IncFII(K)	257	0	0	GA	0															not_admitted	not_admitted	not_admitted	not_admitted	not_admitted	not_admitted	not_admitted	not_admitted	not_admitted	not_admitted	1	200;194912;195904;-;366.6	190;188091;189461;-;381.2	194;190663;191415;-;232.7	203;196930;199569;-;258.7	189;185242;188091;-;344.2	212;203384;204808;-;89.2	203;196930;199569;-;88.8	214;205535;206101;-;167.0	199;194261;194899;-;67.0	198;192258;194264;-;259.0	185;181119;183428;-;393.2	210;202203;202772;-;49.7	185;181119;183428;-;65.8	A	9/9	contiguous	24416	1	1	184709..185239-;176;unnamed;0
OW967168.1	MPF_F	IncFIB(K);IncFII(K)	213	0	0	GA	0															not_admitted	not_admitted	not_admitted	not_admitted	not_admitted	not_admitted	not_admitted	not_admitted	not_admitted	not_admitted	1	161;164751;165743;-;366.6	151;157930;159300;-;380.7	155;160502;161254;-;232.4	164;166769;169408;-;258.7	150;155081;157930;-;344.2	173;173223;174647;-;89.2	164;166769;169408;-;88.8	175;175374;175940;-;167.3	160;164100;164738;-;67.0	159;162097;164103;-;259.0	146;150958;153267;-;393.2	171;172042;172611;-;49.7	146;150958;153267;-;65.8	A	9/9	contiguous	24416	1	1	154548..155078-;176;unnamed;0
OW967169.1	MPF_F	IncFIB(pQil);IncFII(K)	136	0	0	GA	0															not_admitted	not_admitted	not_admitted	not_admitted	not_admitted	not_admitted	not_admitted	not_admitted	not_admitted	not_admitted	1	79;76569;77558;-;366.0	69;69655;71022;-;380.7	73;72280;73032;-;233.7	83;79001;81640;-;258.5	68;66854;69655;-;345.6	91;84897;86321;-;88.8	83;79001;81640;-;88.7	93;87048;87638;-;166.5	78;75918;76556;-;67.0	77;73904;75859;-;259.7	63;60808;63120;-;392.7	90;84199;84783;-;55.4	63;60808;63120;-;66.5	A	9/9	contiguous	26240	1	1	65828..66808-;326;unnamed;0
OW967170.1	MPF_T	IncX3	56	0	0	GA	1	45;33123;33767;+;46.4	46;33751;34041;+;73.1	47;34066;36819;+;47.0	47;34066;36819;+;145.4	47;34066;36819;+;73.3	48;36829;37599;+;60.1	50;37878;38933;+;133.2		51;39128;39856;+;119.4	52;39862;40791;+;138.8	53;40788;42002;+;128.3	55;42198;43232;+;65.7	0;77;1690;+;496.5		pfam	pfam_only	A	7/7	canonical	1	1	unscoreable	2	0	0														not_admitted	not_admitted	not_admitted	not_admitted	not_admitted	not_admitted	not_admitted
OW967191.1	MPF_F	IncFIB(pQil)	137	0	0	GA	0															not_admitted	not_admitted	not_admitted	not_admitted	not_admitted	not_admitted	not_admitted	not_admitted	not_admitted	not_admitted	1	79;74014;75003;-;366.0	69;67100;68467;-;380.7	73;69725;70477;-;233.7	83;76446;79085;-;258.5	68;64299;67100;-;345.6	91;82342;83766;-;88.8	83;76446;79085;-;88.7	93;84493;85083;-;166.5	78;73363;74001;-;67.0	77;71349;73304;-;259.7	62;57053;59365;-;392.7	90;81644;82228;-;55.4	62;57053;59365;-;66.5	A	9/9	contiguous	27440	1	1	63273..64253-;326;unnamed;0
OW967192.1	MPF_T	IncN	61	0	0	GA	1	18;14022;14756;+;32.5		21;15399;15716;+;63.3	22;15716;18316;+;113.8	22;15716;18316;+;76.4	23;18334;19047;+;105.5	25;19298;20338;+;142.4		26;20557;21255;+;131.9	27;21266;22150;+;159.7	28;22150;23310;+;156.3	29;23352;24347;+;81.2	38;32341;33870;-;38.5		pfam	both	A	7/7	canonical	1	0	unscoreable	11	0	0														not_admitted	not_admitted	not_admitted	not_admitted	not_admitted	not_admitted	not_admitted
OW967193.1	MPF_T	IncX3	56	0	0	GA	1	45;33123;33767;+;46.4	46;33751;34041;+;73.1	47;34066;36819;+;47.0	47;34066;36819;+;145.4	47;34066;36819;+;73.3	48;36829;37599;+;60.1	50;37878;38933;+;133.2		51;39128;39856;+;119.4	52;39862;40791;+;138.8	53;40788;42002;+;128.3	55;42198;43232;+;65.7	0;77;1690;+;496.5		pfam	pfam_only	A	7/7	canonical	1	1	unscoreable	2	0	0														not_admitted	not_admitted	not_admitted	not_admitted	not_admitted	not_admitted	not_admitted
OW967200.1	MPF_F	IncFIB(K);IncFII(K)	188	0	0	GA	0															not_admitted	not_admitted	not_admitted	not_admitted	not_admitted	not_admitted	not_admitted	not_admitted	not_admitted	not_admitted	1	132;120627;121619;-;366.6	122;113806;115176;-;381.2	126;116378;117130;-;232.4	135;122645;125284;-;258.7	121;110957;113806;-;344.2	144;129099;130523;-;89.2	135;122645;125284;-;88.8	146;131250;131816;-;167.0	131;119976;120614;-;67.0	130;117973;119979;-;259.0	117;107755;109143;-;302.4	142;127918;128487;-;49.7		A	9/9	contiguous	23495	1	1	110424..110954-;176;unnamed;0
OW967202.1	MPF_T	IncX1;IncX3	47	0	0	GA	1	33;28164;28811;-;45.6	32;27890;28186;-;77.5	31;25118;27871;-;46.6	31;25118;27871;-;148.0	31;25118;27871;-;73.5	30;24358;25107;-;70.2	28;22986;24047;-;135.0		27;22027;22740;-;120.7	26;21093;22022;-;136.2	25;19891;21096;-;133.5	24;18858;19889;-;77.9	23;17020;18855;-;487.4		pfam	pfam_only	A	7/7	canonical	1	1	unscoreable	1	0	0														not_admitted	not_admitted	not_admitted	not_admitted	not_admitted	not_admitted	not_admitted
OW967204.1	MPF_F	IncFIB(K);IncFII(K)	198	0	0	GA	0															not_admitted	not_admitted	not_admitted	not_admitted	not_admitted	not_admitted	not_admitted	not_admitted	not_admitted	not_admitted	1	141;138627;139619;-;366.6	131;131806;133176;-;381.2	135;134378;135130;-;232.4	144;140645;143284;-;258.7	130;128957;131806;-;344.2	153;147099;148523;-;89.2	144;140645;143284;-;88.8	155;149250;149816;-;167.0	140;137976;138614;-;67.0	139;135973;137979;-;259.0	126;124834;127143;-;393.2	151;145918;146487;-;49.7	126;124834;127143;-;65.8	A	9/9	contiguous	24416	1	1	128424..128954-;176;unnamed;0
OW967211.1	MPF_F	IncHI2;IncHI2A	320	0	0	GA	0															not_admitted	not_admitted	not_admitted	not_admitted	not_admitted	not_admitted	not_admitted	not_admitted	not_admitted	not_admitted	1	29;32275;33333;+;276.9	223;209952;211367;-;194.1	224;211357;212403;-;173.7	11;8955;11636;+;168.0	222;205993;209943;-;101.6	7;5270;6625;+;80.7	11;8955;11636;+;72.2	4;2758;3546;+;74.8	27;30622;32133;+;62.7	30;33352;36540;+;58.3	230;219444;221528;+;56.7	10;7996;8946;+;46.4	230;219444;221528;+;38.8	A	9/9	split_3	216686	0	1	
OW967212.1	MPF_F	IncFIB(pECLA);IncFII(pECLA)	231	0	0	GA	0															not_admitted	not_admitted	not_admitted	not_admitted	not_admitted	not_admitted	not_admitted	not_admitted	not_admitted	not_admitted	1	155;128779;129777;+;364.2	164;135014;136378;+;359.5	158;132243;133025;+;214.9	147;122812;125421;+;214.8	165;136378;139776;+;306.6	139;118796;120199;+;90.2	147;122812;125421;+;103.5	137;117466;118047;+;100.9	156;129788;130414;+;64.3	157;130411;132246;+;222.5	169;141833;144388;+;360.8	145;122022;122564;+;46.9	169;141833;144388;+;72.7	A	9/9	contiguous	24367	1	1	139778..140467+;229;unnamed;0
OW967220.1	MPF_F	IncFIB(K);IncFII(pKP91)	174	0	0	GA	0															not_admitted	not_admitted	not_admitted	not_admitted	not_admitted	not_admitted	not_admitted	not_admitted	not_admitted	not_admitted	1	113;113953;114942;-;363.9	103;107039;108406;-;384.5	107;109664;110416;-;233.7	117;116385;119024;-;258.5	102;104196;107039;-;344.2	124;121957;123381;-;88.2	117;116385;119024;-;88.7	126;124108;124674;-;169.3	112;113302;113940;-;64.7	111;111288;113243;-;259.7	98;99206;101500;-;393.2	123;121259;121843;-;54.4	98;99206;101500;-;65.8	A	9/9	contiguous	24902	1	1	103652..104185-;177;unnamed;0
OW967232.1	MPF_F	IncFIB(K);IncFII(K)	216	0	0	GA	0															not_admitted	not_admitted	not_admitted	not_admitted	not_admitted	not_admitted	not_admitted	not_admitted	not_admitted	not_admitted	1	162;164612;165604;-;366.6	152;157738;159105;-;380.7	156;160363;161115;-;235.3	165;166630;169269;-;258.7	151;154937;157738;-;345.6	174;173084;174508;-;89.2	165;166630;169269;-;88.8	176;175235;175801;-;167.3	161;163961;164599;-;67.0	160;161958;163964;-;259.0	146;148891;151203;-;392.7	172;171903;172472;-;49.7	146;148891;151203;-;66.5	A	9/9	contiguous	26344	1	1	153911..154891-;326;unnamed;0
OW967233.1	MPF_F	IncFIB(pQil);IncFII(K)	136	0	0	GA	0															not_admitted	not_admitted	not_admitted	not_admitted	not_admitted	not_admitted	not_admitted	not_admitted	not_admitted	not_admitted	1	79;76569;77558;-;366.0	69;69655;71022;-;380.7	73;72280;73032;-;230.7	83;79001;81640;-;258.5	68;66854;69655;-;345.6	91;84897;86321;-;88.8	83;79001;81640;-;88.7	93;87048;87638;-;166.5	78;75918;76556;-;67.0	77;73904;75859;-;259.7	63;60808;63120;-;392.7	90;84199;84783;-;55.4	63;60808;63120;-;66.5	A	9/9	contiguous	26240	1	1	65828..66808-;326;unnamed;0
OW967234.1	MPF_T	IncX3	57	0	0	GA	1	3;2161;2805;+;46.4	4;2789;3079;+;73.1	5;3104;5857;+;47.0	5;3104;5857;+;145.4	5;3104;5857;+;73.3	6;5867;6637;+;60.1	8;6916;7971;+;133.2		9;8166;8894;+;119.4	10;8900;9829;+;138.8	11;9826;11040;+;128.3	13;11236;12270;+;65.7	14;12273;14108;+;495.9		pfam	pfam_only	A	7/7	canonical	1	1	unscoreable	2	0	0														not_admitted	not_admitted	not_admitted	not_admitted	not_admitted	not_admitted	not_admitted
OW967251.1	MPF_F	IncFIB(K);IncFII(K)	213	0	0	GA	0															not_admitted	not_admitted	not_admitted	not_admitted	not_admitted	not_admitted	not_admitted	not_admitted	not_admitted	not_admitted	1	161;165951;166943;-;366.6	151;159130;160500;-;380.7	155;161702;162454;-;233.7	164;167969;170608;-;258.7	150;156281;159130;-;344.2	173;174423;175847;-;89.2	164;167969;170608;-;88.8	175;176574;177140;-;167.3	160;165300;165938;-;67.0	159;163297;165303;-;259.0	146;152158;154467;-;393.2	171;173242;173811;-;49.7	146;152158;154467;-;65.8	A	9/9	contiguous	24416	1	1	155748..156278-;176;unnamed;0
OW967252.1	MPF_F	IncFIB(pQil);IncFII(K)	136	0	0	GA	0															not_admitted	not_admitted	not_admitted	not_admitted	not_admitted	not_admitted	not_admitted	not_admitted	not_admitted	not_admitted	1	79;76569;77558;-;366.0	69;69655;71022;-;380.7	73;72280;73032;-;233.7	83;79001;81640;-;258.5	68;66854;69655;-;345.6	91;84897;86321;-;88.8	83;79001;81640;-;88.7	93;87048;87638;-;166.5	78;75918;76556;-;67.0	77;73904;75859;-;259.7	63;60808;63120;-;392.7	90;84199;84783;-;55.4	63;60808;63120;-;66.5	A	9/9	contiguous	26240	1	1	65828..66808-;326;unnamed;0
OW967253.1	MPF_T	IncX3	56	0	0	GA	1	45;33123;33767;+;46.4	46;33751;34041;+;73.1	47;34066;36819;+;47.0	47;34066;36819;+;145.4	47;34066;36819;+;73.3	48;36829;37599;+;60.1	50;37878;38933;+;133.2		51;39128;39856;+;119.4	52;39862;40791;+;138.8	53;40788;42002;+;128.3	55;42198;43232;+;65.7	0;77;1690;+;496.5		pfam	pfam_only	A	7/7	canonical	1	1	unscoreable	2	0	0														not_admitted	not_admitted	not_admitted	not_admitted	not_admitted	not_admitted	not_admitted
OW967271.1	MPF_F	IncFIB(K);IncFII(K);IncFII(pAR0022)	230	0	0	GA	0															not_admitted	not_admitted	not_admitted	not_admitted	not_admitted	not_admitted	not_admitted	not_admitted	not_admitted	not_admitted	1	176;182601;183590;-;366.6	166;175687;177054;-;384.1	170;178312;179064;-;233.7	180;185047;187686;-;258.5	165;172865;175687;-;346.4	187;190513;191937;-;89.3	180;185047;187686;-;88.7	189;192664;193230;-;169.3	175;181950;182588;-;66.9	174;179936;181891;-;259.4	161;167937;170249;-;393.1	186;189857;190441;-;54.7	161;167937;170249;-;66.6	A	9/9	contiguous	24727	1	1	172240..172842-;200;TraS;0
OW967278.1	MPF_F	IncFIB(K);IncFIB(pQil);IncFII(K)	272	0	0	GA	0															not_admitted	not_admitted	not_admitted	not_admitted	not_admitted	not_admitted	not_admitted	not_admitted	not_admitted	not_admitted	1	238;222824;223813;-;366.0	228;215910;217277;-;380.7	232;218535;219287;-;233.7	242;225256;227895;-;258.5	227;213109;215910;-;345.6		242;225256;227895;-;88.7		237;222173;222811;-;67.0	236;220159;222114;-;259.7				C	7/9	contiguous	12147	1	1	212083..213063-;326;unnamed;0
OW967295.1	MPF_F	IncFIB(K);IncFII(K)	217	0	0	GA	0															not_admitted	not_admitted	not_admitted	not_admitted	not_admitted	not_admitted	not_admitted	not_admitted	not_admitted	not_admitted	1	162;164652;165641;-;366.0	152;157738;159105;-;380.7	156;160363;161115;-;233.7	166;167084;169723;-;258.5	151;154937;157738;-;345.6	174;172980;174404;-;88.8	166;167084;169723;-;88.7	176;175131;175721;-;166.5	161;164001;164639;-;67.0	160;161987;163942;-;259.7	146;148891;151203;-;392.7	173;172282;172866;-;55.4	146;148891;151203;-;66.5	A	9/9	contiguous	26240	1	1	153911..154891-;326;unnamed;0
OW967296.1	MPF_T	IncFII(K);IncX3	70	0	0	GA	1	41;35521;36165;+;46.4	42;36149;36439;+;73.1	43;36464;39217;+;47.0	43;36464;39217;+;145.4	43;36464;39217;+;73.3	44;39227;39997;+;60.1	46;40276;41331;+;133.2		47;41526;42254;+;119.4	48;42260;43189;+;138.8	49;43186;44400;+;128.3	51;44596;45630;+;65.7	52;45633;47468;+;495.9		pfam	pfam_only	A	7/7	canonical	1	1	unscoreable	2	0	0														not_admitted	not_admitted	not_admitted	not_admitted	not_admitted	not_admitted	not_admitted
OW967301.1	MPF_F	IncFIB(K);IncFII(K)	230	0	0	GA	0															not_admitted	not_admitted	not_admitted	not_admitted	not_admitted	not_admitted	not_admitted	not_admitted	not_admitted	not_admitted	1	174;170155;171147;-;366.6	164;163334;164704;-;381.2	168;165906;166658;-;232.4	177;172173;174812;-;258.7	163;160485;163334;-;344.2	186;178627;180051;-;89.2	177;172173;174812;-;88.8	188;180778;181344;-;167.0	173;169504;170142;-;67.0	172;167501;169507;-;259.0	159;157283;158671;-;302.4	184;177446;178015;-;49.7		A	9/9	contiguous	23495	1	1	159952..160482-;176;unnamed;0
OW967357.1	MPF_F	IncFIB(K);IncFII(K)	227	0	0	GA	0															not_admitted	not_admitted	not_admitted	not_admitted	not_admitted	not_admitted	not_admitted	not_admitted	not_admitted	not_admitted	1	171;169379;170371;-;366.6	161;162558;163928;-;381.2	165;165130;165882;-;232.4	174;171397;174036;-;258.7	160;159709;162558;-;344.2	183;177851;179275;-;89.2	174;171397;174036;-;88.8	185;180002;180568;-;167.0	170;168728;169366;-;67.0	169;166725;168731;-;259.0	156;156507;157895;-;302.4	181;176670;177239;-;49.7		A	9/9	contiguous	23495	1	1	159176..159706-;176;unnamed;0
OW967360.1	MPF_F	IncFIB(K);IncFII(K)	219	0	0	GA	0															not_admitted	not_admitted	not_admitted	not_admitted	not_admitted	not_admitted	not_admitted	not_admitted	not_admitted	not_admitted	1	163;160085;161077;-;366.6	153;153264;154634;-;381.2	157;155836;156588;-;232.4	166;162103;164742;-;258.7	152;150415;153264;-;344.2	175;168557;169981;-;89.2	166;162103;164742;-;88.8	177;170708;171274;-;167.0	162;159434;160072;-;67.0	161;157431;159437;-;259.0	146;146436;147824;-;302.4	173;167376;167945;-;49.7		A	9/9	contiguous	24272	1	1	150131..150412-;93;unnamed;0
OW967364.1	MPF_F	IncHI2;IncHI2A	370	0	0	GA	0															not_admitted	not_admitted	not_admitted	not_admitted	not_admitted	not_admitted	not_admitted	not_admitted	not_admitted	not_admitted	1	38;43490;44548;+;276.9	240;219148;220563;-;194.1	241;220553;221599;-;173.7	11;8955;11636;+;168.0	239;215189;219139;-;101.6	7;5270;6625;+;80.7	11;8955;11636;+;72.2	4;2758;3546;+;74.8	36;41837;43348;+;62.7	39;44567;47755;+;58.3	247;228640;230724;+;56.7	10;7996;8946;+;46.4	247;228640;230724;+;38.8	A	9/9	split_3	225882	0	1	
OW967365.1	MPF_F	IncFIB(pECLA);IncFIB(pENTE01);IncFII(pECLA)	234	0	0	GA	0															not_admitted	not_admitted	not_admitted	not_admitted	not_admitted	not_admitted	not_admitted	not_admitted	not_admitted	not_admitted	1	110;95545;96543;+;358.7	119;101753;103117;+;367.1	113;99006;99788;+;214.0	102;89999;92728;+;212.7	120;103117;106398;+;311.6	95;86302;87705;+;90.5	102;89999;92728;+;99.8	93;84972;85553;+;102.3	111;96554;97177;+;63.4	112;97174;99009;+;219.2	125;109057;111648;+;366.9	100;89212;89751;+;42.9	125;109057;111648;+;71.1	A	9/9	contiguous	24085	1	1	106407..107120+;237;unnamed;0
OW967366.1	MPF_F	IncFII	85	0	0	GA	0															not_admitted	not_admitted	not_admitted	not_admitted	not_admitted	not_admitted	not_admitted	not_admitted	not_admitted	not_admitted	1	56;46704;47696;+;369.5	72;55953;57326;+;381.7	66;53005;53748;+;233.1	53;43065;45695;+;305.1	73;57323;60148;+;373.4	44;37713;39164;+;93.9	53;43065;45695;+;97.3	42;36432;36998;+;172.8	61;49428;50066;+;70.1	64;50878;52728;+;266.7	77;62390;64570;+;391.8	48;40525;41037;+;80.9	77;62390;64570;+;70.4	A	9/9	contiguous	25958	1	1	60145..60654+;169;unnamed;0
OW967369.1	MPF_F	IncFIB(pQil);IncFII(K)	136	0	0	GA	0															not_admitted	not_admitted	not_admitted	not_admitted	not_admitted	not_admitted	not_admitted	not_admitted	not_admitted	not_admitted	1	79;76569;77558;-;366.0	69;69655;71022;-;380.7	73;72280;73032;-;233.7	83;79001;81640;-;258.5	68;66854;69655;-;345.6	91;84897;86321;-;88.8	83;79001;81640;-;88.7	93;87048;87638;-;166.5	78;75918;76556;-;67.0	77;73904;75859;-;259.7	63;60808;63120;-;392.7	90;84199;84783;-;55.4	63;60808;63120;-;66.5	A	9/9	contiguous	26240	1	1	65828..66808-;326;unnamed;0
OW967370.1	MPF_T	IncX3	56	0	0	GA	1	45;33123;33767;+;46.4	46;33751;34041;+;73.1	47;34066;36819;+;47.0	47;34066;36819;+;145.4	47;34066;36819;+;73.3	48;36829;37599;+;60.1	50;37878;38933;+;133.2		51;39128;39856;+;119.4	52;39862;40791;+;138.8	53;40788;42002;+;128.3	55;42198;43232;+;65.7	0;77;1690;+;496.5		pfam	pfam_only	A	7/7	canonical	1	1	unscoreable	2	0	0														not_admitted	not_admitted	not_admitted	not_admitted	not_admitted	not_admitted	not_admitted
OW967383.1	MPF_F	IncFII(pKP91);repB(R1701)	120	0	0	GA	0															not_admitted	not_admitted	not_admitted	not_admitted	not_admitted	not_admitted	not_admitted	not_admitted	not_admitted	not_admitted	1	96;71418;72407;+;366.0	106;77925;79292;+;383.1	102;75915;76667;+;236.7	92;67336;69975;+;258.5	107;79292;82141;+;346.2	84;61996;63420;+;89.2	92;67336;69975;+;88.7	82;60703;61269;+;170.0	97;72420;73058;+;66.9	98;73117;75072;+;259.7	111;83954;86236;+;393.2	86;64032;64616;+;53.8	111;83954;86236;+;65.8	A	9/9	contiguous	23251	1	1	82144..82674+;176;unnamed;0
OW967389.1	MPF_F	IncHI2;IncHI2A	228	0	0	GA	0															not_admitted	not_admitted	not_admitted	not_admitted	not_admitted	not_admitted	not_admitted	not_admitted	not_admitted	not_admitted	1	29;32275;33333;+;276.9	138;134660;136075;-;194.1	139;136065;137111;-;173.7	11;8955;11636;+;168.0	137;130701;134651;-;101.6	7;5270;6625;+;80.7	11;8955;11636;+;72.2	4;2758;3546;+;74.8	27;30622;32133;+;62.7	30;33352;36540;+;58.3	145;144152;146236;+;56.7	10;7996;8946;+;46.4	145;144152;146236;+;38.8	A	9/9	split_3	141394	0	1	
OW967396.1	MPF_F	IncFIB(K);IncFII(K)	222	0	0	GA	0															not_admitted	not_admitted	not_admitted	not_admitted	not_admitted	not_admitted	not_admitted	not_admitted	not_admitted	not_admitted	1	166;160862;161854;-;366.6	156;154041;155411;-;381.2	160;156613;157365;-;232.4	169;162880;165519;-;258.7	155;151192;154041;-;344.2	178;169334;170758;-;89.2	169;162880;165519;-;88.8	180;171485;172051;-;167.0	165;160211;160849;-;67.0	164;158208;160214;-;259.0	149;147213;148601;-;302.4	176;168153;168722;-;49.7		A	9/9	contiguous	24272	1	1	150908..151189-;93;unnamed;0
OW967400.1	MPF_F	IncFIB(K);IncFII(K)	227	0	0	GA	0															not_admitted	not_admitted	not_admitted	not_admitted	not_admitted	not_admitted	not_admitted	not_admitted	not_admitted	not_admitted	1	171;169379;170371;-;366.6	161;162558;163928;-;381.2	165;165130;165882;-;232.4	174;171397;174036;-;258.7	160;159709;162558;-;344.2	183;177851;179275;-;89.2	174;171397;174036;-;88.8	185;180002;180568;-;167.0	170;168728;169366;-;67.0	169;166725;168731;-;259.0	156;156507;157895;-;302.4	181;176670;177239;-;49.7		A	9/9	contiguous	23495	1	1	159176..159706-;176;unnamed;0
OW967417.1	MPF_F	IncFIB(K);IncFII(K)	217	0	0	GA	0															not_admitted	not_admitted	not_admitted	not_admitted	not_admitted	not_admitted	not_admitted	not_admitted	not_admitted	not_admitted	1	162;164652;165641;-;366.0	152;157738;159105;-;380.7	156;160363;161115;-;233.7	166;167084;169723;-;258.5	151;154937;157738;-;345.6	174;172980;174404;-;88.8	166;167084;169723;-;88.7	176;175131;175721;-;166.5	161;164001;164639;-;67.0	160;161987;163942;-;259.7	146;148891;151203;-;392.7	173;172282;172866;-;55.4	146;148891;151203;-;66.5	A	9/9	contiguous	26240	1	1	153911..154891-;326;unnamed;0
OW967418.1	MPF_T	IncFII(K);IncX3	70	0	0	GA	1	41;35521;36165;+;46.4	42;36149;36439;+;73.1	43;36464;39217;+;47.0	43;36464;39217;+;145.4	43;36464;39217;+;73.3	44;39227;39997;+;60.1	46;40276;41331;+;133.2		47;41526;42254;+;119.4	48;42260;43189;+;138.8	49;43186;44400;+;128.3	51;44596;45630;+;65.7	52;45633;47468;+;495.9		pfam	pfam_only	A	7/7	canonical	1	1	unscoreable	2	0	0														not_admitted	not_admitted	not_admitted	not_admitted	not_admitted	not_admitted	not_admitted
OW967424.1	MPF_F	IncFIB(pQil);IncFII(K)	137	0	0	GA	0															not_admitted	not_admitted	not_admitted	not_admitted	not_admitted	not_admitted	not_admitted	not_admitted	not_admitted	not_admitted	1	79;76569;77558;-;366.0	69;69655;71022;-;380.7	73;72280;73032;-;233.7	83;79001;81640;-;258.5	68;66854;69655;-;345.6	92;84898;86322;-;88.8	83;79001;81640;-;88.7	94;87049;87639;-;166.5	78;75918;76556;-;67.0	77;73904;75859;-;259.7	63;60808;63120;-;392.7	91;84200;84784;-;55.4	63;60808;63120;-;66.5	A	9/9	contiguous	26241	1	1	65828..66808-;326;unnamed;0
OW967425.1	MPF_T	IncX3	56	0	0	GA	1	38;33562;34206;-;46.4	37;33288;33578;-;73.1	36;30510;33263;-;47.0	36;30510;33263;-;145.4	36;30510;33263;-;73.3	35;29730;30500;-;60.1	33;28396;29451;-;133.2		32;27473;28201;-;119.4	31;26538;27467;-;138.8	30;25327;26541;-;128.3	28;24097;25131;-;65.7	27;22259;24094;-;495.9		pfam	pfam_only	A	7/7	canonical	1	1	unscoreable	2	0	0														not_admitted	not_admitted	not_admitted	not_admitted	not_admitted	not_admitted	not_admitted
OW967457.1	MPF_F	IncFIB(K);IncFII(K)	244	0	0	GA	0															not_admitted	not_admitted	not_admitted	not_admitted	not_admitted	not_admitted	not_admitted	not_admitted	not_admitted	not_admitted	1	188;184087;185079;-;366.7	178;177266;178636;-;381.2	182;179838;180590;-;232.4	191;186105;188744;-;258.7	177;174417;177266;-;344.2	200;192559;193983;-;89.2	191;186105;188744;-;88.8	204;196085;196342;-;54.8	187;183436;184074;-;67.0	186;181433;183439;-;259.0	173;170294;172603;-;393.2	198;191378;191947;-;49.7	173;170294;172603;-;65.8	A	9/9	contiguous	25791	1	1	173884..174414-;176;unnamed;0
OW967488.1	MPF_F	IncFII(Yp);IncFII(pAR0022)	108	0	0	GA	0															not_admitted	not_admitted	not_admitted	not_admitted	not_admitted	not_admitted	not_admitted	not_admitted	not_admitted	not_admitted	1	90;73064;74050;+;370.3	97;78346;79719;+;375.9	94;76797;77546;+;217.5	87;69440;72070;+;285.5	98;79719;82538;+;335.9	81;66018;67412;+;88.7	87;69440;72070;+;98.6	79;64735;65301;+;170.1	91;74067;74696;+;66.7	92;74693;76546;+;258.2	101;83936;86212;+;384.7	82;67434;67973;+;66.4	101;83936;86212;+;63.8	A	9/9	contiguous	19201	1	1	82563..83036+;157;TraS;0
OW967540.1	MPF_F	IncFIB(K);IncFII(K)	222	0	0	GA	0															not_admitted	not_admitted	not_admitted	not_admitted	not_admitted	not_admitted	not_admitted	not_admitted	not_admitted	not_admitted	1	166;160862;161854;-;366.6	156;154041;155411;-;381.2	160;156613;157365;-;232.4	169;162880;165519;-;258.7	155;151192;154041;-;344.2	178;169334;170758;-;89.2	169;162880;165519;-;88.8	180;171485;172051;-;167.0	165;160211;160849;-;67.0	164;158208;160214;-;259.0	149;147213;148601;-;302.4	176;168153;168722;-;49.7		A	9/9	contiguous	24272	1	1	150908..151189-;93;unnamed;0
OW967553.1	MPF_F	IncFIB(pQil);IncFII(K)	137	0	0	GA	0															not_admitted	not_admitted	not_admitted	not_admitted	not_admitted	not_admitted	not_admitted	not_admitted	not_admitted	not_admitted	1	79;76569;77558;-;366.0	69;69655;71022;-;380.7	73;72280;73032;-;233.7	83;79001;81640;-;258.5	68;66854;69655;-;345.6	92;84898;86322;-;88.8	83;79001;81640;-;88.7	94;87049;87639;-;166.5	78;75918;76556;-;67.0	77;73904;75859;-;259.7	63;60808;63120;-;392.7	91;84200;84784;-;55.4	63;60808;63120;-;66.5	A	9/9	contiguous	26241	1	1	65828..66808-;326;unnamed;0
OW967581.1	MPF_F	IncFIB(K);IncFII(K)	213	0	0	GA	0															not_admitted	not_admitted	not_admitted	not_admitted	not_admitted	not_admitted	not_admitted	not_admitted	not_admitted	not_admitted	1	161;163337;164329;-;366.6	151;156516;157886;-;380.7	155;159088;159840;-;232.4	164;165355;167994;-;258.7	150;153667;156516;-;344.2	173;171809;173233;-;89.2	164;165355;167994;-;88.8	175;173960;174526;-;167.3	160;162686;163324;-;67.0	159;160683;162689;-;259.0	146;148891;151203;-;392.7	171;170628;171197;-;49.7	146;148891;151203;-;66.5	A	9/9	contiguous	25069	1	1	153134..153664-;176;unnamed;0
OW967582.1	MPF_F	IncFIB(pQil);IncFII(K)	137	0	0	GA	0															not_admitted	not_admitted	not_admitted	not_admitted	not_admitted	not_admitted	not_admitted	not_admitted	not_admitted	not_admitted	1	79;76569;77558;-;366.0	69;69655;71022;-;380.7	73;72280;73032;-;233.7	83;79001;81640;-;258.5	68;66854;69655;-;345.6	91;84897;86321;-;88.8	83;79001;81640;-;88.7	93;87048;87638;-;166.5	78;75918;76556;-;67.0	77;73904;75859;-;259.7	63;60808;63120;-;392.7	90;84199;84783;-;55.4	63;60808;63120;-;66.5	A	9/9	contiguous	26240	1	1	65828..66808-;326;unnamed;0
OW967583.1	MPF_T	IncX3	56	0	0	GA	1	38;33565;34209;-;46.4	37;33291;33581;-;73.1	36;30513;33266;-;47.0	36;30513;33266;-;145.4	36;30513;33266;-;73.3	35;29733;30503;-;60.1	33;28399;29454;-;133.2		32;27476;28204;-;119.4	31;26541;27470;-;138.8	30;25330;26544;-;128.3	28;24100;25134;-;65.7	27;22262;24097;-;495.9		pfam	pfam_only	A	7/7	canonical	1	1	unscoreable	2	0	0														not_admitted	not_admitted	not_admitted	not_admitted	not_admitted	not_admitted	not_admitted
OW967597.1	MPF_F	IncFIB(K);IncFII(K)	202	0	0	GA	0															not_admitted	not_admitted	not_admitted	not_admitted	not_admitted	not_admitted	not_admitted	not_admitted	not_admitted	not_admitted	1	146;139590;140582;-;366.6	136;132769;134139;-;381.2	140;135341;136093;-;232.4	149;141608;144247;-;258.7	135;129920;132769;-;344.2	158;148062;149486;-;89.2	149;141608;144247;-;88.8	160;150213;150779;-;167.0	145;138939;139577;-;67.0	144;136936;138942;-;259.0	131;126718;128106;-;302.4	156;146881;147450;-;49.7		A	9/9	contiguous	23495	1	1	129387..129917-;176;unnamed;0
OW967598.1	MPF_I	IncL	131	0	0	GA	1		10;10653;11039;-;88.0	9;10387;10656;-;32.0	8;7924;10374;-;37.9	8;7924;10374;-;125.2	7;7184;7927;-;226.6	5;5481;6848;-;179.3		4;4758;5462;-;235.5	3;3769;4761;-;220.7	2;2483;3766;-;208.0	11;11026;12105;-;118.3	13;12575;14572;-;345.5		conjscan	conjscan_only	A	7/7	canonical	1	0	unscoreable	3	0	0														not_admitted	not_admitted	not_admitted	not_admitted	not_admitted	not_admitted	not_admitted
OW967602.1	MPF_F	IncFIB(K);IncFII(K)	213	0	0	GA	0															not_admitted	not_admitted	not_admitted	not_admitted	not_admitted	not_admitted	not_admitted	not_admitted	not_admitted	not_admitted	1	161;164755;165747;-;366.6	151;157934;159304;-;380.7	155;160506;161258;-;232.4	164;166773;169412;-;258.7	150;155085;157934;-;344.2	173;173227;174651;-;89.2	164;166773;169412;-;88.8	175;175378;175944;-;167.3	160;164104;164742;-;67.0	159;162101;164107;-;259.0	146;150962;153271;-;393.2	171;172046;172615;-;49.7	146;150962;153271;-;65.8	A	9/9	contiguous	24416	1	1	154552..155082-;176;unnamed;0
OW967603.1	MPF_F	IncFIB(pQil);IncFII(K)	136	0	0	GA	0															not_admitted	not_admitted	not_admitted	not_admitted	not_admitted	not_admitted	not_admitted	not_admitted	not_admitted	not_admitted	1	79;76569;77558;-;366.0	69;69655;71022;-;380.7	73;72280;73032;-;233.7	83;79001;81640;-;258.5	68;66854;69655;-;345.6	91;84897;86321;-;88.8	83;79001;81640;-;88.7	93;87048;87638;-;166.5	78;75918;76556;-;67.0	77;73904;75859;-;258.2	63;60808;63120;-;392.7	90;84199;84783;-;55.4	63;60808;63120;-;66.5	A	9/9	contiguous	26240	1	1	65828..66808-;326;unnamed;0
OW967604.1	MPF_T	IncX3	57	0	0	GA	1	3;2161;2805;+;46.4	4;2789;3079;+;73.1	5;3104;5857;+;47.0	5;3104;5857;+;145.4	5;3104;5857;+;73.3	6;5867;6637;+;60.1	8;6916;7971;+;133.2		9;8166;8894;+;119.4	10;8900;9829;+;134.4	11;9826;11040;+;128.3	13;11236;12270;+;65.7	14;12273;14108;+;495.9		pfam	pfam_only	A	7/7	canonical	1	1	unscoreable	2	0	0														not_admitted	not_admitted	not_admitted	not_admitted	not_admitted	not_admitted	not_admitted
OW967612.1	MPF_F	IncFIB(pQil);IncFII(K)	135	0	0	GA	0															not_admitted	not_admitted	not_admitted	not_admitted	not_admitted	not_admitted	not_admitted	not_admitted	not_admitted	not_admitted	1	78;76679;77668;-;366.0	68;69847;71217;-;381.2	72;72419;73171;-;232.4	82;79111;81750;-;258.5	67;66998;69847;-;344.2	90;85007;86431;-;88.8	82;79111;81750;-;88.7	92;87158;87748;-;166.5	77;76028;76666;-;67.0	76;74014;75969;-;259.1	63;62875;65184;-;393.2	89;84309;84893;-;55.4	63;62875;65184;-;65.8	A	9/9	contiguous	24283	1	1	66465..66995-;176;unnamed;0
OW967613.1	MPF_T	IncX3	56	0	0	GA	1	45;33123;33767;+;46.4	46;33751;34041;+;73.1	47;34066;36819;+;47.0	47;34066;36819;+;145.4	47;34066;36819;+;73.3	48;36829;37599;+;60.1	50;37878;38933;+;133.2		51;39128;39856;+;119.4	52;39862;40791;+;138.8	53;40788;42002;+;128.3	55;42198;43232;+;65.7	0;77;1690;+;496.5		pfam	pfam_only	A	7/7	canonical	1	1	unscoreable	2	0	0														not_admitted	not_admitted	not_admitted	not_admitted	not_admitted	not_admitted	not_admitted
OW967616.1	MPF_F	IncFIB(K);IncFII(K)	167	0	0	GA	0															not_admitted	not_admitted	not_admitted	not_admitted	not_admitted	not_admitted	not_admitted	not_admitted	not_admitted	not_admitted	1	99;94605;95594;-;363.3	88;87419;88786;-;383.5	92;90044;90796;-;233.7	103;97051;99690;-;259.0	87;84597;87419;-;346.5	114;103658;105082;-;88.0	103;97051;99690;-;88.7	116;105809;106375;-;167.9	97;93682;94329;-;66.9	96;91668;93623;-;259.7	83;79667;81979;-;392.8	111;102462;103046;-;53.8	83;79667;81979;-;65.9	A	9/9	contiguous	26142	1	1	83972..84574-;200;TraS;0
OW967760.1	MPF_F	IncFIB(K);IncFII(pKP91)	229	0	0	GA	0															not_admitted	not_admitted	not_admitted	not_admitted	not_admitted	not_admitted	not_admitted	not_admitted	not_admitted	not_admitted	1	175;176554;177543;-;363.3	162;168017;169384;-;383.5	168;171993;172745;-;233.7	179;179000;181639;-;259.0	161;165195;168017;-;346.5	190;185606;187030;-;88.0	179;179000;181639;-;88.7	192;187757;188323;-;167.9	173;175631;176278;-;65.1	172;173617;175572;-;259.7	157;160297;162579;-;393.3	187;184410;184994;-;53.8	157;160297;162579;-;65.8	A	9/9	contiguous	27460	1	1	164570..165172-;200;TraS;0
OW967770.1	MPF_F	IncFIB(K)	213	0	0	GA	0															not_admitted	not_admitted	not_admitted	not_admitted	not_admitted	not_admitted	not_admitted	not_admitted	not_admitted	not_admitted	1	166;160684;161673;-;366.6	156;153770;155137;-;380.5	160;156395;157147;-;233.7	170;163130;165769;-;258.5	155;150921;153770;-;346.4	177;168597;170021;-;88.1	170;163130;165769;-;88.7	179;170748;171314;-;169.3	165;160033;160671;-;66.9	164;158019;159974;-;259.7	148;145086;147395;-;393.1	176;167940;168524;-;54.3	148;145086;147395;-;66.5	A	9/9	contiguous	25662	1	1	150388..150918-;176;unnamed;0
OW967772.1	MPF_T	IncN	61	0	0	GA	1	16;11856;12590;+;32.5		19;13233;13550;+;63.3	20;13550;16150;+;113.8	20;13550;16150;+;76.4	21;16168;16881;+;105.5	23;17132;18172;+;142.4		24;18391;19089;+;131.9	25;19100;19984;+;159.7	26;19984;21144;+;156.3	27;21186;22181;+;81.2	38;34246;35775;-;38.5		pfam	both	A	7/7	canonical	1	0	unscoreable	3	0	0														not_admitted	not_admitted	not_admitted	not_admitted	not_admitted	not_admitted	not_admitted
OW967777.1	MPF_F	IncFIB(pNDM-Mar);RepB	369	0	0	GA	0															not_admitted	not_admitted	not_admitted	not_admitted	not_admitted	not_admitted	not_admitted	not_admitted	not_admitted	not_admitted	1	342;312076;313113;+;282.3	128;122725;124134;-;190.4	129;124124;125161;-;175.6	330;298527;301244;+;148.9	127;118755;122723;-;121.3	326;295044;296414;+;65.6	330;298527;301244;+;85.2	323;292538;293398;+;79.0	341;310718;312079;+;69.9		136;132360;134486;+;58.0	329;297745;298482;+;56.9	136;132360;134486;+;40.6	B	8/9	split_2	193321	0	0	
OW967778.1	MPF_F	IncFIB(K);IncFII(K)	188	0	0	GA	0															not_admitted	not_admitted	not_admitted	not_admitted	not_admitted	not_admitted	not_admitted	not_admitted	not_admitted	not_admitted	1	120;112113;113102;-;363.3	109;104927;106294;-;383.5	113;107552;108304;-;233.7	124;114559;117198;-;259.0	108;102105;104927;-;346.5	135;121166;122590;-;88.0	124;114559;117198;-;88.7	137;123317;123883;-;167.9	118;111190;111837;-;66.9	117;109176;111131;-;259.7	104;97175;99487;-;392.8	132;119970;120554;-;53.8	104;97175;99487;-;65.9	A	9/9	contiguous	26142	1	1	101480..102082-;200;TraS;0
OW967784.1	MPF_F	IncFII(pKP91);repB(R1701)	121	0	0	GA	0															not_admitted	not_admitted	not_admitted	not_admitted	not_admitted	not_admitted	not_admitted	not_admitted	not_admitted	not_admitted	1	97;72193;73182;+;366.0	107;78700;80067;+;383.1	103;76690;77442;+;236.7	93;68111;70750;+;258.5	108;80067;82916;+;346.2	85;62771;64195;+;89.2	93;68111;70750;+;88.7	83;61478;62044;+;170.0	98;73195;73833;+;66.9	99;73892;75847;+;259.7	112;84729;87011;+;393.2	87;64807;65391;+;53.8	112;84729;87011;+;65.8	A	9/9	contiguous	23251	1	1	82919..83449+;176;unnamed;0
OW967786.1	MPF_T	IncN	65	0	0	GA	1	18;13178;13912;+;32.5		21;14555;14872;+;63.3	22;14872;17472;+;113.8	22;14872;17472;+;76.4	23;17490;18203;+;105.5	25;18454;19494;+;142.4		26;19713;20411;+;131.9	27;20422;21306;+;159.7	28;21306;22466;+;156.3	29;22508;23503;+;81.2	42;37813;39342;-;38.5		pfam	both	A	7/7	canonical	1	0	unscoreable	3	0	0														not_admitted	not_admitted	not_admitted	not_admitted	not_admitted	not_admitted	not_admitted
OW967790.1	MPF_F	IncFII(K);IncR	188	0	0	GA	0															not_admitted	not_admitted	not_admitted	not_admitted	not_admitted	not_admitted	not_admitted	not_admitted	not_admitted	not_admitted	1	146;112312;113301;+;366.6	156;118848;120215;+;384.1	152;116838;117590;+;233.7	142;108216;110855;+;258.5	157;120215;123037;+;346.6	134;102899;104323;+;89.3	142;108216;110855;+;88.7	132;101606;102172;+;169.3	147;113314;113952;+;66.9	148;114011;115966;+;259.4	161;125653;127965;+;393.1	135;104395;104979;+;54.7	161;125653;127965;+;66.6	A	9/9	contiguous	24047	1	1	123060..123662+;200;TraS;0
OW967806.1	MPF_F	IncFIB(K);IncFII(K)	200	0	0	GA	0															not_admitted	not_admitted	not_admitted	not_admitted	not_admitted	not_admitted	not_admitted	not_admitted	not_admitted	not_admitted	1	144;148316;149308;-;366.6	134;141495;142865;-;381.2	138;144067;144819;-;232.4	147;150334;152973;-;258.7	133;138646;141495;-;344.2	156;156794;158218;-;89.2	147;150334;152973;-;88.8	158;158945;159511;-;167.0	143;147665;148303;-;67.0	142;145662;147668;-;259.0	129;134523;136832;-;393.2	154;155607;156176;-;49.7	129;134523;136832;-;65.8	A	9/9	contiguous	24422	1	1	138113..138643-;176;unnamed;0
OW967846.1	MPF_F	IncFIB(K);IncFII(K)	174	0	0	GA	0															not_admitted	not_admitted	not_admitted	not_admitted	not_admitted	not_admitted	not_admitted	not_admitted	not_admitted	not_admitted	1	118;114815;115807;-;366.6	108;107994;109364;-;381.2	112;110566;111318;-;232.4	121;116833;119472;-;258.7	107;105145;107994;-;344.2	130;123287;124711;-;89.2	121;116833;119472;-;88.8	132;125438;126004;-;167.0	117;114164;114802;-;67.0	116;112161;114167;-;259.0	103;101943;103331;-;302.4	128;122106;122675;-;49.7		A	9/9	contiguous	23495	1	1	104612..105142-;176;unnamed;0
OW967847.1	MPF_F	IncFII;IncN	108	0	0	GA	0															not_admitted	not_admitted	not_admitted	not_admitted	not_admitted	not_admitted	not_admitted	not_admitted	not_admitted	not_admitted	1	57;53340;54332;-;369.5	47;46188;47561;-;381.7	52;49491;50234;-;234.4	60;55341;57971;-;304.1	46;43369;46191;-;374.0	68;61373;62824;-;94.2	60;55341;57971;-;97.1	70;63539;64105;-;174.3	55;52358;52996;-;68.6	54;50511;52361;-;266.1	42;38854;41097;-;391.1	65;59998;60513;-;78.4	42;38854;41097;-;70.3	A	9/9	contiguous	24685	1	1	42868..43347-;159;TraS;0
OW967851.1	MPF_F	IncFIB(K);IncFII(K)	211	0	0	GA	0															not_admitted	not_admitted	not_admitted	not_admitted	not_admitted	not_admitted	not_admitted	not_admitted	not_admitted	not_admitted	1	154;146837;147829;-;366.6	144;140016;141386;-;381.2	148;142588;143340;-;232.4	157;148855;151494;-;258.7	143;137167;140016;-;344.2	166;155309;156733;-;89.2	157;148855;151494;-;88.8	168;157460;158026;-;167.0	153;146186;146824;-;67.0	152;144183;146189;-;259.0	139;133044;135353;-;393.2	164;154128;154697;-;49.7	139;133044;135353;-;65.8	A	9/9	contiguous	24416	1	1	136634..137164-;176;unnamed;0
OW967858.1	MPF_F	IncFIB(K);IncFII(K)	193	0	0	GA	0															not_admitted	not_admitted	not_admitted	not_admitted	not_admitted	not_admitted	not_admitted	not_admitted	not_admitted	not_admitted	1	137;127864;128856;-;366.6	127;121043;122413;-;381.2	131;123615;124367;-;232.4	140;129882;132521;-;258.7	126;118194;121043;-;344.2	149;136336;137760;-;89.2	140;129882;132521;-;88.8	151;138487;139053;-;167.0	136;127213;127851;-;67.0	135;125210;127216;-;259.0	122;114992;116380;-;302.4	147;135155;135724;-;49.7		A	9/9	contiguous	23495	1	1	117661..118191-;176;unnamed;0
OW967862.1	MPF_F	IncFIB(K);IncFII(K)	237	0	0	GA	0															not_admitted	not_admitted	not_admitted	not_admitted	not_admitted	not_admitted	not_admitted	not_admitted	not_admitted	not_admitted	1	181;179155;180147;-;366.6	171;172334;173704;-;381.2	175;174906;175658;-;232.4	184;181173;183812;-;258.1	170;169485;172334;-;344.2	193;187627;189051;-;89.2	184;181173;183812;-;88.8	195;189778;190344;-;167.0	180;178504;179142;-;67.0	179;176501;178507;-;259.0	166;166283;167671;-;302.4	191;186446;187015;-;49.7		A	9/9	contiguous	23495	1	1	168952..169482-;176;unnamed;0
OW967869.1	MPF_F	IncFIB(K)	216	0	0	GA	0															not_admitted	not_admitted	not_admitted	not_admitted	not_admitted	not_admitted	not_admitted	not_admitted	not_admitted	not_admitted	1	169;168921;169910;-;366.6	159;162007;163374;-;380.5	163;164632;165384;-;233.7	173;171367;174006;-;258.5	158;159158;162007;-;346.4	180;176834;178258;-;88.1	173;171367;174006;-;88.7	182;178985;179551;-;169.3	168;168270;168908;-;66.9	167;166256;168211;-;259.7	151;153323;155632;-;393.1	179;176177;176761;-;54.3	151;153323;155632;-;66.5	A	9/9	contiguous	25662	1	1	158625..159155-;176;unnamed;0
OW967891.1	MPF_F	IncFII(K);repB(R1701)	132	0	0	GA	0															not_admitted	not_admitted	not_admitted	not_admitted	not_admitted	not_admitted	not_admitted	not_admitted	not_admitted	not_admitted	1	107;91158;92147;+;366.0	117;97638;99008;+;381.4	113;95684;96436;+;230.7	103;87076;89715;+;258.5	118;99008;101851;+;346.5	95;82393;83817;+;89.2	103;87076;89715;+;88.7	93;81100;81666;+;169.3	108;92160;92798;+;67.0	109;92857;94812;+;259.7	122;104436;106748;+;392.8	96;83931;84515;+;55.4	122;104436;106748;+;65.9	A	9/9	contiguous	23336	1	1	101862..102386+;174;unnamed;0
OW967900.1	MPF_F	IncFIB(K);IncFII(K)	243	0	0	GA	0															not_admitted	not_admitted	not_admitted	not_admitted	not_admitted	not_admitted	not_admitted	not_admitted	not_admitted	not_admitted	1	187;181362;182354;-;366.6	177;174541;175911;-;381.2	181;177113;177865;-;232.4	190;183380;186019;-;258.7	176;171692;174541;-;344.2	199;189834;191258;-;89.2	190;183380;186019;-;88.8	201;191985;192551;-;167.0	186;180711;181349;-;67.0	185;178708;180714;-;259.0	172;167569;169878;-;393.2	197;188653;189222;-;48.3	172;167569;169878;-;65.8	A	9/9	contiguous	24416	1	1	171159..171689-;176;unnamed;0
OW967950.1	MPF_F	IncFIB(K);IncFII(K)	188	0	0	GA	0															not_admitted	not_admitted	not_admitted	not_admitted	not_admitted	not_admitted	not_admitted	not_admitted	not_admitted	not_admitted	1	141;139335;140324;-;363.3	130;132149;133516;-;382.2	134;134774;135526;-;236.4	145;141781;144420;-;259.0	129;129306;132149;-;342.9	156;148387;149811;-;88.8	145;141781;144420;-;87.6	158;150538;151104;-;167.9	139;138412;139059;-;65.9	138;136398;138353;-;259.5	125;124409;126721;-;392.8	153;147191;147775;-;53.8	125;124409;126721;-;65.9	A	9/9	contiguous	26129	1	1	128771..129295-;174;unnamed;0
OW967960.1	MPF_F	IncFIB(K);IncFII(pKP91)	219	0	0	GA	0															not_admitted	not_admitted	not_admitted	not_admitted	not_admitted	not_admitted	not_admitted	not_admitted	not_admitted	not_admitted	1	160;156363;157352;-;363.3	149;149147;150514;-;383.5	153;151772;152524;-;233.7	164;158809;161448;-;259.0	148;146325;149147;-;346.5	175;165416;166840;-;88.0	164;158809;161448;-;88.7	177;167567;168133;-;167.9	158;155440;156087;-;65.1	157;153396;155381;-;254.0	144;141427;143709;-;393.3	172;164220;164804;-;53.8	144;141427;143709;-;65.8	A	9/9	contiguous	26140	1	1	145700..146302-;200;TraS;0
OW967985.1	MPF_F	IncFIB(K);IncFII(pKP91)	167	0	0	GA	0															not_admitted	not_admitted	not_admitted	not_admitted	not_admitted	not_admitted	not_admitted	not_admitted	not_admitted	not_admitted	1	108;107477;108466;-;363.3	97;100261;101628;-;383.5	101;102886;103638;-;233.7	112;109923;112562;-;259.0	96;97439;100261;-;346.5	123;116530;117954;-;88.0	112;109923;112562;-;88.7	125;118681;119247;-;167.9	106;106554;107201;-;65.1	105;104510;106495;-;254.0	92;92541;94823;-;393.3	120;115334;115918;-;53.8	92;92541;94823;-;65.8	A	9/9	contiguous	26140	1	1	96814..97416-;200;TraS;0
OW967996.1	MPF_F	IncFIB(pNDM-Mar);RepB	369	0	0	GA	0															not_admitted	not_admitted	not_admitted	not_admitted	not_admitted	not_admitted	not_admitted	not_admitted	not_admitted	not_admitted	1	342;312076;313113;+;282.3	128;122725;124134;-;190.4	129;124124;125161;-;175.6	330;298527;301244;+;148.9	127;118755;122723;-;121.3	326;295044;296414;+;65.6	330;298527;301244;+;85.2	323;292538;293398;+;79.0	341;310718;312079;+;69.9		136;132360;134486;+;58.0	329;297745;298482;+;56.9	136;132360;134486;+;40.6	B	8/9	split_2	193321	0	0	
OW967997.1	MPF_F	IncFIB(K);IncFII(K)	188	0	0	GA	0															not_admitted	not_admitted	not_admitted	not_admitted	not_admitted	not_admitted	not_admitted	not_admitted	not_admitted	not_admitted	1	120;112113;113102;-;363.3	109;104927;106294;-;383.5	113;107552;108304;-;233.7	124;114559;117198;-;259.0	108;102105;104927;-;346.5	135;121166;122590;-;88.0	124;114559;117198;-;88.7	137;123317;123883;-;167.9	118;111190;111837;-;66.9	117;109176;111131;-;259.7	104;97175;99487;-;392.8	132;119970;120554;-;53.8	104;97175;99487;-;65.9	A	9/9	contiguous	26142	1	1	101480..102082-;200;TraS;0
OW968001.1	MPF_F	IncFIB(K);IncFII(K)	224	0	0	GA	0															not_admitted	not_admitted	not_admitted	not_admitted	not_admitted	not_admitted	not_admitted	not_admitted	not_admitted	not_admitted	1	178;183607;184596;-;363.3	167;176421;177788;-;381.5	171;179046;179798;-;233.7	182;186053;188692;-;259.0	166;173578;176421;-;342.9	193;192659;194083;-;88.8	182;186053;188692;-;87.6	195;194810;195376;-;167.9	176;182684;183331;-;66.9	175;180670;182625;-;259.7	162;168681;170993;-;392.8	190;191463;192047;-;53.8	162;168681;170993;-;65.9	A	9/9	contiguous	26129	1	1	173043..173567-;174;unnamed;0
OW968002.1	MPF_F	IncFIB(pQil);IncFII(K)	133	0	0	GA	0															not_admitted	not_admitted	not_admitted	not_admitted	not_admitted	not_admitted	not_admitted	not_admitted	not_admitted	not_admitted	1	78;75369;76358;-;366.0	68;68455;69822;-;380.7	72;71080;71832;-;233.7	83;79001;81640;-;258.5	67;65606;68455;-;345.6	91;84897;86321;-;88.8	83;79001;81640;-;88.7	93;87048;87614;-;169.3	77;74718;75356;-;67.0	76;72704;74659;-;259.7	63;60808;63120;-;392.7	90;84199;84783;-;55.4	63;60808;63120;-;66.5	A	9/9	contiguous	26240	1	1	65045..65593-;182;unnamed;0
OW968008.1	MPF_F	IncFIB(K);IncFII(K)	178	0	0	GA	0															not_admitted	not_admitted	not_admitted	not_admitted	not_admitted	not_admitted	not_admitted	not_admitted	not_admitted	not_admitted	1	122;125705;126697;-;366.6	112;118884;120254;-;381.2	116;121456;122208;-;232.4	125;127723;130362;-;258.7	111;116035;118884;-;344.2	134;134177;135601;-;89.2	125;127723;130362;-;88.8	136;136328;136894;-;167.0	121;125054;125692;-;67.0	120;123051;125057;-;259.0	107;112833;114221;-;302.4	132;132996;133565;-;49.7		A	9/9	contiguous	23495	1	1	115502..116032-;176;unnamed;0
OW968021.1	-	-	33	0	0	GA	1	6;5538;6077;+;50.5	8;7028;7387;+;77.7	9;7393;7713;+;36.3	10;7710;10211;+;71.4	10;7710;10211;+;81.2		13;11200;12807;+;61.0		14;12804;13448;+;67.5	15;13460;14374;+;183.6	17;14817;16031;+;204.1	7;6074;7018;+;99.7			none	none	B	6/7	canonical	0	0	unscoreable	3	0	0														not_admitted	not_admitted	not_admitted	not_admitted	not_admitted	not_admitted	not_admitted
OW968024.1	MPF_F	IncFIB(K);IncFII(K)	228	0	0	GA	0															not_admitted	not_admitted	not_admitted	not_admitted	not_admitted	not_admitted	not_admitted	not_admitted	not_admitted	not_admitted	1	172;171410;172402;-;366.6	162;164589;165959;-;381.2	166;167161;167913;-;232.4	175;173428;176067;-;258.7	161;161740;164589;-;344.2	184;179882;181306;-;89.2	175;173428;176067;-;88.8	186;182033;182599;-;167.0	171;170759;171397;-;67.0	170;168756;170762;-;259.0	157;157617;159926;-;393.2	182;178701;179270;-;49.7	157;157617;159926;-;65.8	A	9/9	contiguous	24416	1	1	161207..161737-;176;unnamed;0
OW968035.1	MPF_F	IncFIB(K);IncFII(K)	353	0	0	GA	0															not_admitted	not_admitted	not_admitted	not_admitted	not_admitted	not_admitted	not_admitted	not_admitted	not_admitted	not_admitted	1	307;280212;281201;-;363.3	296;273026;274393;-;382.2	300;275651;276403;-;236.4	311;282658;285297;-;259.0	295;270183;273026;-;342.9	322;289264;290688;-;88.8	311;282658;285297;-;87.6	324;291415;291981;-;167.9	305;279289;279936;-;65.9	304;277275;279230;-;259.5	291;265286;267598;-;392.8	319;288068;288652;-;53.8	291;265286;267598;-;65.9	A	9/9	contiguous	26129	1	1	269648..270172-;174;unnamed;0
OW968042.1	MPF_F	IncFIB(K);IncFII(K)	250	0	0	GA	0															not_admitted	not_admitted	not_admitted	not_admitted	not_admitted	not_admitted	not_admitted	not_admitted	not_admitted	not_admitted	1	204;207657;208646;-;363.3	193;200471;201838;-;382.2	197;203096;203848;-;236.4	208;210103;212742;-;259.0	192;197628;200471;-;342.9	219;216709;218133;-;88.8	208;210103;212742;-;87.6	221;218860;219426;-;167.9	202;206734;207381;-;65.9	201;204720;206675;-;259.5	188;192731;195043;-;392.8	216;215513;216097;-;53.8	188;192731;195043;-;65.9	A	9/9	contiguous	26129	1	1	197093..197617-;174;unnamed;0
OW968064.1	MPF_F	IncFIB(K)	268	0	0	GA	0															not_admitted	not_admitted	not_admitted	not_admitted	not_admitted	not_admitted	not_admitted	not_admitted	not_admitted	not_admitted	1	191;192892;193884;-;362.9	181;185961;187328;-;382.8	185;188586;189338;-;235.3	194;194910;197549;-;259.1	180;183124;185961;-;337.5	204;201351;202775;-;88.4	194;194910;197549;-;83.9	206;203502;204068;-;168.4	190;192241;192879;-;66.0	189;190227;192182;-;255.2	176;178226;180535;-;393.1	202;200170;200739;-;53.7	176;178226;180535;-;66.6	A	9/9	contiguous	25276	1	1	182589..183113-;174;unnamed;0
OW968065.1	MPF_F	IncFII(K);repB(R1701)	113	0	0	GA	0															not_admitted	not_admitted	not_admitted	not_admitted	not_admitted	not_admitted	not_admitted	not_admitted	not_admitted	not_admitted	1	88;76794;77783;+;366.6	98;83330;84697;+;383.7	94;81320;82072;+;233.2	84;72712;75354;+;258.5	99;84697;87546;+;346.4	76;68093;69517;+;89.3	84;72712;75354;+;88.2	74;66800;67366;+;169.3	89;77796;78434;+;66.9	90;78493;80448;+;259.7	103;90008;92320;+;393.2	77;69631;70215;+;54.3	103;90008;92320;+;65.8	A	9/9	contiguous	23208	1	1	87549..88082+;177;unnamed;0
OW968067.1	MPF_T	IncN2	46	0	0	GA	1	37;29616;30398;-;33.3	35;29073;29369;-;36.0	34;28716;29033;-;71.9	33;26142;28715;-;118.0	33;26142;28715;-;74.2	32;25416;26126;-;107.4	30;24110;25147;-;121.9	29;23902;24033;-;40.1	28;23196;23891;-;132.6	27;22298;23185;-;147.8	26;21165;22298;-;166.3	25;20113;21114;-;90.1	19;12889;14421;+;51.8		pfam	both	A	7/7	canonical	1	0	ga	7	0	0														not_admitted	not_admitted	not_admitted	not_admitted	not_admitted	not_admitted	not_admitted
OW968080.1	MPF_F	IncFIB(K);IncFII(K)	250	0	0	GA	0															not_admitted	not_admitted	not_admitted	not_admitted	not_admitted	not_admitted	not_admitted	not_admitted	not_admitted	not_admitted	1	194;185696;186688;-;366.6	184;178875;180245;-;381.2	188;181447;182199;-;232.4	197;187714;190353;-;258.7	183;176026;178875;-;344.2	206;194168;195592;-;89.2	197;187714;190353;-;88.8	208;196319;196885;-;167.0	193;185045;185683;-;67.0	192;183042;185048;-;259.0	179;171903;174212;-;393.2	204;192987;193556;-;48.3	179;171903;174212;-;65.8	A	9/9	contiguous	24416	1	1	175493..176023-;176;unnamed;0
OW968087.1	MPF_F	IncFIB(pECLA);IncFII(pECLA)	232	0	0	GA	0															not_admitted	not_admitted	not_admitted	not_admitted	not_admitted	not_admitted	not_admitted	not_admitted	not_admitted	not_admitted	1	169;157514;158512;-;364.2	160;150913;152277;-;359.5	166;154266;155048;-;214.9	177;161870;164479;-;214.8	159;147515;150913;-;306.6	185;167092;168495;-;90.2	177;161870;164479;-;103.5	187;169244;169825;-;100.9	168;156877;157503;-;64.3	167;155045;156880;-;222.5	155;142903;145458;-;360.8	179;164727;165269;-;46.9	155;142903;145458;-;72.7	A	9/9	contiguous	26341	1	1	146824..147513-;229;unnamed;0
OW968121.1	MPF_F	IncFIB(K);IncFII(K)	251	0	0	GA	0															not_admitted	not_admitted	not_admitted	not_admitted	not_admitted	not_admitted	not_admitted	not_admitted	not_admitted	not_admitted	1	205;210887;211876;-;363.3	194;203701;205068;-;382.2	198;206326;207078;-;236.4	209;213333;215972;-;259.0	193;200858;203701;-;342.9	220;219939;221363;-;88.8	209;213333;215972;-;87.6	222;222090;222656;-;167.9	203;209964;210611;-;65.9	202;207950;209905;-;259.5	189;195961;198273;-;392.8	217;218743;219327;-;53.8	189;195961;198273;-;65.9	A	9/9	contiguous	26129	1	1	200323..200847-;174;unnamed;0
OW968140.1	MPF_F	IncHI2;IncHI2A	317	0	0	GA	0															not_admitted	not_admitted	not_admitted	not_admitted	not_admitted	not_admitted	not_admitted	not_admitted	not_admitted	not_admitted	1	29;32275;33333;+;276.9	220;208338;209753;-;194.1	221;209743;210789;-;173.7	11;8955;11636;+;168.0	219;204379;208329;-;101.6	7;5270;6625;+;80.7	11;8955;11636;+;72.2	4;2758;3546;+;74.8	27;30622;32133;+;62.7	30;33352;36540;+;58.3	227;217830;219914;+;56.7	10;7996;8946;+;46.4	227;217830;219914;+;38.8	A	9/9	split_3	215072	0	1	
OW968148.1	MPF_F	IncFIB(K);IncFII(K)	250	0	0	GA	0															not_admitted	not_admitted	not_admitted	not_admitted	not_admitted	not_admitted	not_admitted	not_admitted	not_admitted	not_admitted	1	204;204818;205807;-;363.3	193;197632;198999;-;381.5	197;200257;201009;-;233.7	208;207264;209903;-;259.0	192;194789;197632;-;342.9	219;213870;215294;-;88.8	208;207264;209903;-;87.6	221;216021;216587;-;167.9	202;203895;204542;-;66.9	201;201881;203836;-;259.7	188;189892;192204;-;392.8	216;212674;213258;-;53.8	188;189892;192204;-;65.9	A	9/9	contiguous	26129	1	1	194254..194778-;174;unnamed;0
OW968149.1	MPF_F	IncFIB(pQil);IncFII(K)	133	0	0	GA	0															not_admitted	not_admitted	not_admitted	not_admitted	not_admitted	not_admitted	not_admitted	not_admitted	not_admitted	not_admitted	1	78;75369;76358;-;366.0	68;68455;69822;-;380.7	72;71080;71832;-;233.7	83;79001;81640;-;258.5	67;65606;68455;-;345.6	91;84897;86321;-;88.8	83;79001;81640;-;88.7	93;87048;87614;-;169.3	77;74718;75356;-;67.0	76;72704;74659;-;259.7	63;60808;63120;-;392.7	90;84199;84783;-;55.4	63;60808;63120;-;66.5	A	9/9	contiguous	26240	1	1	65045..65593-;182;unnamed;0
OW968188.1	MPF_F	IncFIB(K);IncFII(K)	240	0	0	GA	0															not_admitted	not_admitted	not_admitted	not_admitted	not_admitted	not_admitted	not_admitted	not_admitted	not_admitted	not_admitted	1	184;168311;169303;-;366.6	174;161490;162860;-;381.2	178;164062;164814;-;232.4	187;170329;172968;-;258.7	173;158641;161490;-;344.2	196;176783;178207;-;89.2	187;170329;172968;-;88.8	198;178934;179500;-;167.0	183;167660;168298;-;67.0	182;165657;167663;-;259.0	169;154518;156827;-;393.2	194;175602;176171;-;49.7	169;154518;156827;-;65.8	A	9/9	contiguous	24416	1	1	158108..158638-;176;unnamed;0
OW968194.1	MPF_F	IncFIB(pNDM-Mar);RepB	380	0	0	GA	0															not_admitted	not_admitted	not_admitted	not_admitted	not_admitted	not_admitted	not_admitted	not_admitted	not_admitted	not_admitted	1	345;311975;313012;+;282.3	115;108423;109832;-;190.4	116;109822;110859;-;175.6	333;298426;301143;+;149.7	111;103101;106559;-;80.3	329;294943;296313;+;65.6	333;298426;301143;+;85.2	326;292437;293297;+;79.0	344;310617;311978;+;69.9	346;313022;316207;+;59.6	123;118058;120184;+;58.0	332;297644;298381;+;56.9	123;118058;120184;+;40.6	A	9/9	split_2	209921	0	1	
OW968204.1	MPF_F	IncFIB(pNDM-Mar);RepB	324	0	0	GA	0															not_admitted	not_admitted	not_admitted	not_admitted	not_admitted	not_admitted	not_admitted	not_admitted	not_admitted	not_admitted	1	290;264368;265405;+;282.3	97;93263;94672;-;190.4	98;94662;95699;-;175.6	278;250819;253536;+;148.9	96;89293;93261;-;121.3	274;247336;248706;+;65.6	278;250819;253536;+;82.3	271;244830;245690;+;79.0	289;263010;264371;+;69.9	291;265415;268600;+;59.6	105;102898;105024;+;58.0	277;250037;250774;+;56.9	105;102898;105024;+;40.6	A	9/9	split_2	176122	0	1	
OW968205.1	MPF_F	IncFIB(K);IncFII(K)	213	0	0	GA	0															not_admitted	not_admitted	not_admitted	not_admitted	not_admitted	not_admitted	not_admitted	not_admitted	not_admitted	not_admitted	1	145;141541;142530;-;363.3	134;134355;135722;-;383.5	138;136980;137732;-;233.7	149;143987;146626;-;259.0	133;131533;134355;-;346.5	160;150594;152018;-;88.0	149;143987;146626;-;88.7	162;152745;153311;-;167.9	143;140618;141265;-;66.9	142;138604;140559;-;259.7	129;126603;128915;-;392.8	157;149398;149982;-;53.8	129;126603;128915;-;65.9	A	9/9	contiguous	26142	1	1	130908..131510-;200;TraS;0
OW968210.1	MPF_F	IncFIB(pNDM-Mar);RepB	314	0	0	GA	0															not_admitted	not_admitted	not_admitted	not_admitted	not_admitted	not_admitted	not_admitted	not_admitted	not_admitted	not_admitted	1	279;246385;247422;+;282.3	75;72955;74364;-;190.4	76;74354;75391;-;175.6	267;232836;235553;+;149.7	71;67633;71091;-;80.3	263;229353;230723;+;65.6	267;232836;235553;+;85.2	260;226847;227707;+;79.0	278;245027;246388;+;69.9	280;247432;250617;+;59.6	83;82590;84716;+;58.0	266;232054;232791;+;56.9	83;82590;84716;+;40.6	A	9/9	split_2	179799	0	1	
OW968216.1	MPF_F	IncFIB(pNDM-Mar);RepB	333	0	0	GA	0															not_admitted	not_admitted	not_admitted	not_admitted	not_admitted	not_admitted	not_admitted	not_admitted	not_admitted	not_admitted	1	245;214727;215764;-;282.3	123;96952;98361;+;190.4	122;95925;96962;+;175.6	257;226596;229313;-;148.9	124;98363;102331;+;121.3	261;231426;232796;-;65.6	257;226596;229313;-;85.2	264;234442;235302;-;79.0	246;215761;217122;-;69.9	244;211532;214717;-;59.6	115;86600;88726;-;58.0	258;229358;230095;-;56.9	115;86600;88726;-;40.6	A	9/9	split_2	147842	0	1	
OW968217.1	MPF_F	IncFIB(K);IncFII(K)	245	0	0	GA	0															not_admitted	not_admitted	not_admitted	not_admitted	not_admitted	not_admitted	not_admitted	not_admitted	not_admitted	not_admitted	1	199;201987;202976;-;363.3	188;194801;196168;-;382.2	192;197426;198178;-;236.4	203;204433;207072;-;259.0	187;191958;194801;-;342.9	214;211039;212463;-;88.8	203;204433;207072;-;87.6	216;213190;213756;-;167.9	197;201064;201711;-;65.9	196;199050;201005;-;259.5	183;187061;189373;-;392.8	211;209843;210427;-;53.8	183;187061;189373;-;65.9	A	9/9	contiguous	26129	1	1	191423..191947-;174;unnamed;0
OW968226.1	MPF_F	IncFIB(K);IncFII(K)	201	0	0	GA	0															not_admitted	not_admitted	not_admitted	not_admitted	not_admitted	not_admitted	not_admitted	not_admitted	not_admitted	not_admitted	1	133;126505;127494;-;363.3	122;119319;120686;-;383.5	126;121944;122696;-;233.7	137;128951;131590;-;259.0	121;116497;119319;-;346.5	148;135558;136982;-;88.0	137;128951;131590;-;88.7	150;137709;138275;-;167.9	131;125582;126229;-;66.9	130;123568;125523;-;259.7	117;111567;113879;-;392.8	145;134362;134946;-;53.8	117;111567;113879;-;65.9	A	9/9	contiguous	26142	1	1	115872..116474-;200;TraS;0
OW968228.1	MPF_T	IncN	60	0	0	GA	1	16;12339;13073;+;32.5		19;13716;14033;+;63.3	20;14033;16633;+;113.8	20;14033;16633;+;76.4	21;16651;17364;+;105.5	23;17615;18655;+;142.4		24;18874;19572;+;131.9	25;19583;20467;+;159.7	26;20467;21627;+;156.3	27;21669;22664;+;81.2	37;32019;33548;-;38.5		pfam	both	A	7/7	canonical	1	0	unscoreable	12	0	0														not_admitted	not_admitted	not_admitted	not_admitted	not_admitted	not_admitted	not_admitted
OW968235.1	MPF_F	IncFIB(K);IncFII(K)	213	0	0	GA	0															not_admitted	not_admitted	not_admitted	not_admitted	not_admitted	not_admitted	not_admitted	not_admitted	not_admitted	not_admitted	1	145;141541;142530;-;363.3	134;134355;135722;-;383.5	138;136980;137732;-;233.7	149;143987;146626;-;259.0	133;131533;134355;-;346.5	160;150594;152018;-;88.0	149;143987;146626;-;88.7	162;152745;153311;-;167.9	143;140618;141265;-;66.9	142;138604;140559;-;259.7	129;126603;128915;-;392.8	157;149398;149982;-;53.8	129;126603;128915;-;65.9	A	9/9	contiguous	26142	1	1	130908..131510-;200;TraS;0
OW968245.1	MPF_F	IncFIB(pNDM-Mar);RepB	338	0	0	GA	0															not_admitted	not_admitted	not_admitted	not_admitted	not_admitted	not_admitted	not_admitted	not_admitted	not_admitted	not_admitted	1	303;275441;276478;+;282.3	75;72956;74365;-;190.4	76;74355;75392;-;175.6	291;261892;264609;+;149.7	71;67634;71092;-;80.3	287;258409;259779;+;65.6	291;261892;264609;+;85.2	284;255903;256763;+;79.0	302;274083;275444;+;69.9	304;276488;279673;+;59.6	83;82591;84717;+;58.0	290;261110;261847;+;56.9	83;82591;84717;+;40.6	A	9/9	split_2	208854	0	1	
OW968252.1	MPF_F	IncFIB(K);IncFII(pKP91)	222	0	0	GA	0															not_admitted	not_admitted	not_admitted	not_admitted	not_admitted	not_admitted	not_admitted	not_admitted	not_admitted	not_admitted	1	163;155652;156641;-;363.3	152;148436;149803;-;383.5	156;151061;151813;-;233.7	167;158098;160737;-;259.0	151;145614;148436;-;346.5	178;164705;166129;-;88.0	167;158098;160737;-;88.7	180;166856;167422;-;167.9	161;154729;155376;-;65.1	160;152685;154670;-;254.0	147;140716;142998;-;393.3	175;163509;164093;-;53.8	147;140716;142998;-;65.8	A	9/9	contiguous	26140	1	1	144989..145591-;200;TraS;0
OW968260.1	MPF_F	RepB	254	0	0	GA	0															not_admitted	not_admitted	not_admitted	not_admitted	not_admitted	not_admitted	not_admitted	not_admitted	not_admitted	not_admitted	1	220;214969;216006;+;282.3	95;92617;94026;-;190.4	96;94016;95053;-;175.6	208;201420;204137;+;148.9	94;88647;92615;-;121.3	204;197937;199307;+;65.6	208;201420;204137;+;82.3	201;195431;196291;+;79.0	219;213611;214972;+;69.9	221;216016;219201;+;59.6	103;102252;104378;+;58.0	207;200638;201375;+;56.9	103;102252;104378;+;40.6	A	9/9	split_2	127369	0	1	
OW968261.1	MPF_F	IncFIB(K);IncFII(K)	207	0	0	GA	0															not_admitted	not_admitted	not_admitted	not_admitted	not_admitted	not_admitted	not_admitted	not_admitted	not_admitted	not_admitted	1	139;132693;133682;-;363.3	128;125507;126874;-;383.5	132;128132;128884;-;233.7	143;135139;137778;-;259.0	127;122685;125507;-;346.5	154;141746;143170;-;88.0	143;135139;137778;-;88.7	156;143897;144463;-;167.9	137;131770;132417;-;66.9	136;129756;131711;-;259.7	123;117755;120067;-;392.8	151;140550;141134;-;53.8	123;117755;120067;-;65.9	A	9/9	contiguous	26142	1	1	122060..122662-;200;TraS;0
OW968267.1	MPF_F	IncFIB(pNDM-Mar);RepB	284	0	0	GA	0															not_admitted	not_admitted	not_admitted	not_admitted	not_admitted	not_admitted	not_admitted	not_admitted	not_admitted	not_admitted	1	195;164846;165883;-;282.3	125;97729;99138;+;190.4	124;96702;97739;+;175.6	207;176715;179432;-;148.9	126;99140;103108;+;121.3	211;181545;182915;-;65.6	207;176715;179432;-;85.2	214;184561;185421;-;79.0	196;165880;167241;-;69.9	194;161651;164836;-;59.6	117;87377;89503;-;58.0	208;179477;180214;-;56.9	117;87377;89503;-;40.6	A	9/9	split_2	97184	0	1	
OW968268.1	MPF_F	IncFIB(K)	230	0	0	GA	0															not_admitted	not_admitted	not_admitted	not_admitted	not_admitted	not_admitted	not_admitted	not_admitted	not_admitted	not_admitted	1	184;188785;189774;-;363.3	173;181599;182966;-;382.2	177;184224;184976;-;236.4	188;191231;193870;-;259.0	172;178756;181599;-;342.9	199;197837;199261;-;88.8	188;191231;193870;-;87.6	201;199988;200554;-;167.9	182;187862;188509;-;65.9	181;185848;187803;-;259.5	168;173859;176171;-;392.8	196;196641;197225;-;53.8	168;173859;176171;-;65.9	A	9/9	contiguous	26129	1	1	178221..178745-;174;unnamed;0
OW968284.1	MPF_F	IncFIB(K);IncFII(K)	196	0	0	GA	0															not_admitted	not_admitted	not_admitted	not_admitted	not_admitted	not_admitted	not_admitted	not_admitted	not_admitted	not_admitted	1	150;147267;148256;-;363.3	139;140081;141448;-;382.2	143;142706;143458;-;236.4	154;149713;152352;-;259.0	138;137238;140081;-;342.9	165;156319;157743;-;88.8	154;149713;152352;-;87.6	167;158470;159036;-;167.9	148;146344;146991;-;65.9	147;144330;146285;-;259.5	134;132341;134653;-;392.8	162;155123;155707;-;53.8	134;132341;134653;-;65.9	A	9/9	contiguous	26129	1	1	136703..137227-;174;unnamed;0
OW968297.1	MPF_F	IncHI2;IncHI2A	332	0	0	GA	0															not_admitted	not_admitted	not_admitted	not_admitted	not_admitted	not_admitted	not_admitted	not_admitted	not_admitted	not_admitted	1	29;32275;33333;+;276.9	242;219555;220970;-;194.1	243;220960;222006;-;173.7	11;8955;11636;+;168.0	241;215596;219546;-;101.6	7;5270;6625;+;80.7	11;8955;11636;+;72.2	4;2758;3546;+;74.8	27;30622;32133;+;62.7	30;33352;36540;+;58.3	249;229047;231131;+;56.7	10;7996;8946;+;46.4	249;229047;231131;+;38.8	A	9/9	split_3	226289	0	1	
OW968319.1	MPF_F	IncFIB(K);IncFII(K);IncFII(pAR0022)	255	0	0	GA	0															not_admitted	not_admitted	not_admitted	not_admitted	not_admitted	not_admitted	not_admitted	not_admitted	not_admitted	not_admitted	1	200;205338;206327;-;366.6	190;198435;199802;-;384.1	194;201060;201812;-;233.7	204;207784;210423;-;258.5	189;195613;198435;-;346.4	211;213250;214674;-;89.3	204;207784;210423;-;88.7	213;215401;215967;-;169.3	199;204687;205325;-;67.0	198;202684;204690;-;259.4	185;190685;192997;-;393.1	210;212594;213178;-;54.7	185;190685;192997;-;66.6	A	9/9	contiguous	24716	1	1	194988..195590-;200;TraS;0
OW968332.1	MPF_F	IncFIB(pECLA)	249	0	0	GA	0															not_admitted	not_admitted	not_admitted	not_admitted	not_admitted	not_admitted	not_admitted	not_admitted	not_admitted	not_admitted	1	176;161455;162453;-;364.2	167;154854;156218;-;359.5	173;158207;158989;-;214.9	184;165811;168420;-;214.8	166;151456;154854;-;306.6	23;18673;19893;+;216.3	184;165811;168420;-;103.5	194;173185;173766;-;100.9	175;160818;161444;-;64.3	174;158986;160821;-;222.5	162;146844;149399;-;360.8	186;168668;169210;-;46.9	162;146844;149399;-;72.7	A	9/9	split_2	154512	1	1	150765..151454-;229;unnamed;0
OW968343.1	MPF_F	IncHI2;IncHI2A	355	0	0	GA	0															not_admitted	not_admitted	not_admitted	not_admitted	not_admitted	not_admitted	not_admitted	not_admitted	not_admitted	not_admitted	1	29;32275;33333;+;276.9	248;233781;235196;+;194.1	247;232745;233791;+;173.7	11;8955;11636;+;168.0	249;235205;239155;+;101.6	7;5270;6625;+;80.7	11;8955;11636;+;72.2	4;2758;3546;+;74.8	27;30622;32133;+;62.7	30;33352;36540;+;58.3	287;270922;273006;+;56.7	10;7996;8946;+;46.1	287;270922;273006;+;38.8	A	9/9	split_4	268164	0	1	
OW968351.1	MPF_F	IncFIB(K);IncFII(K)	200	0	0	GA	0															not_admitted	not_admitted	not_admitted	not_admitted	not_admitted	not_admitted	not_admitted	not_admitted	not_admitted	not_admitted	1	154;149638;150627;-;363.3	143;142452;143819;-;382.2	147;145077;145829;-;236.4	158;152084;154723;-;259.0	142;139609;142452;-;342.9	169;158690;160114;-;88.8	158;152084;154723;-;87.6	171;160841;161407;-;167.9	152;148715;149362;-;65.9	151;146701;148656;-;259.5	138;134712;137024;-;392.8	166;157494;158078;-;53.8	138;134712;137024;-;65.9	A	9/9	contiguous	26129	1	1	139074..139598-;174;unnamed;0
OW968354.1	MPF_F	IncFIB(K);IncFII(K)	238	0	0	GA	0															not_admitted	not_admitted	not_admitted	not_admitted	not_admitted	not_admitted	not_admitted	not_admitted	not_admitted	not_admitted	1	183;185708;186700;-;366.6	173;178887;180257;-;381.2	177;181459;182211;-;232.4	186;187726;190365;-;258.7	172;176038;178887;-;344.2	195;194180;195604;-;89.2	186;187726;190365;-;88.8	197;196331;196897;-;167.0	182;185057;185695;-;67.0	181;183054;185060;-;259.0	168;171912;174224;-;393.2	193;192999;193568;-;49.7	168;171912;174224;-;65.8	A	9/9	contiguous	24419	1	1	175505..176035-;176;unnamed;0
OW968355.1	MPF_F	IncFIB(pQil);IncFII(K)	124	0	0	GA	0															not_admitted	not_admitted	not_admitted	not_admitted	not_admitted	not_admitted	not_admitted	not_admitted	not_admitted	not_admitted	1	74;79019;80008;-;366.0	64;72105;73472;-;381.2	68;74730;75482;-;233.7	78;81451;84090;-;258.5	63;69256;72105;-;346.5	86;87347;88771;-;88.8	78;81451;84090;-;88.7	88;89498;90064;-;169.3	73;78368;79006;-;66.9	72;76354;78309;-;259.7	59;64458;66770;-;392.7	85;86649;87233;-;55.4	59;64458;66770;-;66.5	A	9/9	contiguous	25040	1	1	68695..69243-;182;unnamed;0
OW968359.1	MPF_F	IncFIB(pECLA);IncFII(pECLA)	299	0	0	GA	0															not_admitted	not_admitted	not_admitted	not_admitted	not_admitted	not_admitted	not_admitted	not_admitted	not_admitted	not_admitted	1	126;104568;105566;+;364.2	135;110803;112167;+;359.5	129;108032;108814;+;214.1	118;98601;101210;+;214.8	136;112167;115565;+;306.6	207;185286;186446;-;156.3	118;98601;101210;+;103.5	108;93255;93836;+;100.9	127;105577;106203;+;64.3	128;106200;108035;+;222.5	142;119584;122139;+;360.8	116;97811;98353;+;46.9	142;119584;122139;+;72.7	A	9/9	split_2	92031	1	1	115567..116256+;229;unnamed;0
OW968360.1	MPF_T	IncX10	129	0	0	GA	1	78;60190;60834;-;45.7	77;59916;60206;-;73.1	76;57138;59891;-;47.0	76;57138;59891;-;146.6	76;57138;59891;-;65.8	75;56357;57127;-;62.0	73;55023;56078;-;131.2		72;54064;54792;-;119.7	71;53129;54058;-;140.2	70;51921;53132;-;128.3	68;50691;51725;-;65.4	67;48853;50688;-;495.5		pfam	pfam_only	A	7/7	canonical	1	1	unscoreable	2	0	0														not_admitted	not_admitted	not_admitted	not_admitted	not_admitted	not_admitted	not_admitted
OW968365.1	MPF_F	IncFIB(pNDM-Mar);RepB	312	0	0	GA	0															not_admitted	not_admitted	not_admitted	not_admitted	not_admitted	not_admitted	not_admitted	not_admitted	not_admitted	not_admitted	1	224;198691;199728;-;282.3	98;76232;77641;+;190.4	97;75205;76242;+;175.6	236;210560;213277;-;148.9	99;77643;81611;+;121.3	240;215390;216760;-;65.6	236;210560;213277;-;85.2	243;218406;219266;-;79.0	225;199725;201086;-;69.9	223;195496;198681;-;59.6	90;65880;68006;-;58.0	237;213322;214059;-;56.9	90;65880;68006;-;40.6	A	9/9	split_2	152526	0	1	
OW968366.1	MPF_F	IncFIB(K);IncFII(K)	248	0	0	GA	0															not_admitted	not_admitted	not_admitted	not_admitted	not_admitted	not_admitted	not_admitted	not_admitted	not_admitted	not_admitted	1	202;204910;205899;-;363.3	191;197724;199091;-;382.2	195;200349;201101;-;236.4	206;207356;209995;-;259.0	190;194881;197724;-;342.9	217;213962;215386;-;88.8	206;207356;209995;-;87.6	219;216113;216679;-;167.9	200;203987;204634;-;65.9	199;201973;203928;-;259.5	186;189984;192296;-;392.8	214;212766;213350;-;53.8	186;189984;192296;-;65.9	A	9/9	contiguous	26129	1	1	194346..194870-;174;unnamed;0
OW968375.1	MPF_F	IncFIB(K);IncFIB(pNDM-Mar);IncFII(K);RepB	544	0	0	GA	0															not_admitted	not_admitted	not_admitted	not_admitted	not_admitted	not_admitted	not_admitted	not_admitted	not_admitted	not_admitted	1	497;455216;456205;-;363.3	486;448030;449397;-;382.2	490;450655;451407;-;236.4	501;457662;460301;-;259.0	485;445187;448030;-;342.9	512;464268;465692;-;88.8	501;457662;460301;-;87.6	514;466419;466985;-;167.9	232;208511;209872;+;69.9	494;452279;454234;-;259.5	481;440290;442602;-;392.8	220;195538;196275;+;56.9	481;440290;442602;-;65.9	A	9/9	split_2	270881	1	1	444652..445176-;174;unnamed;0
OW968384.1	MPF_F	IncFIB(K);IncFII(K)	219	0	0	GA	0															not_admitted	not_admitted	not_admitted	not_admitted	not_admitted	not_admitted	not_admitted	not_admitted	not_admitted	not_admitted	1	163;160085;161077;-;366.6	153;153264;154634;-;381.2	157;155836;156588;-;232.4	166;162103;164742;-;258.7	152;150415;153264;-;344.2	175;168557;169981;-;89.2	166;162103;164742;-;88.8	177;170708;171274;-;167.0	162;159434;160072;-;67.0	161;157431;159437;-;259.0	146;146436;147824;-;302.4	173;167376;167945;-;49.7		A	9/9	contiguous	24272	1	1	150131..150412-;93;unnamed;0
OW968389.1	MPF_F	IncFIB(pNDM-Mar);RepB	354	0	0	GA	0															not_admitted	not_admitted	not_admitted	not_admitted	not_admitted	not_admitted	not_admitted	not_admitted	not_admitted	not_admitted	1	266;230603;231640;-;282.3	131;105454;106863;+;190.4	130;104427;105464;+;175.6	278;242472;245189;-;148.9	132;106865;110833;+;121.3	282;247302;248672;-;65.6	278;242472;245189;-;83.8	285;250318;251178;-;79.0	267;231637;232998;-;69.9	265;227408;230593;-;59.6	123;95102;97228;-;58.0	279;245234;245971;-;56.9	123;95102;97228;-;40.6	A	9/9	split_2	155216	0	1	
OW968390.1	MPF_F	IncFIB(K);IncFII(K)	180	0	0	GA	0															not_admitted	not_admitted	not_admitted	not_admitted	not_admitted	not_admitted	not_admitted	not_admitted	not_admitted	not_admitted	1	125;136755;137747;-;366.6	115;129934;131304;-;381.2	119;132506;133258;-;232.4	128;138773;141412;-;258.7	114;127085;129934;-;344.2	137;145227;146651;-;89.2	128;138773;141412;-;88.8	139;147378;147944;-;167.0	124;136104;136742;-;67.0	123;134101;136107;-;259.0	110;122959;125271;-;393.2	135;144046;144615;-;49.7	110;122959;125271;-;65.8	A	9/9	contiguous	24419	1	1	126552..127082-;176;unnamed;0
OW968418.1	MPF_F	IncHI2;IncHI2A	307	0	0	GA	0															not_admitted	not_admitted	not_admitted	not_admitted	not_admitted	not_admitted	not_admitted	not_admitted	not_admitted	not_admitted	1	29;32275;33333;+;276.9	210;196402;197817;-;194.1	211;197807;198853;-;173.7	11;8955;11636;+;168.0	209;192443;196393;-;101.6	7;5270;6625;+;80.7	11;8955;11636;+;72.2	4;2758;3546;+;74.8	27;30622;32133;+;62.7	30;33352;36540;+;58.3	217;205894;207978;+;56.7	10;7996;8946;+;46.4	217;205894;207978;+;38.8	A	9/9	split_3	203136	0	1	
OW968419.1	MPF_F	IncFIB(pB171);IncFII(pECLA)	221	0	0	GA	0															not_admitted	not_admitted	not_admitted	not_admitted	not_admitted	not_admitted	not_admitted	not_admitted	not_admitted	not_admitted	1	125;100615;101601;+;368.4	132;105897;107270;+;375.9	129;104348;105097;+;218.2	122;96991;99621;+;285.5	133;107270;110092;+;334.9	116;93569;94963;+;90.9	122;96991;99621;+;98.6	114;92286;92852;+;169.9	126;101618;102247;+;66.9	127;102244;104097;+;260.5	140;113993;116161;+;384.9	117;94985;95524;+;67.5	140;113993;116161;+;64.0	A	9/9	contiguous	21707	1	1	110106..110582+;158;TraS;0
OW968426.1	MPF_F	IncFIB(K);IncFII(K)	211	0	0	GA	0															not_admitted	not_admitted	not_admitted	not_admitted	not_admitted	not_admitted	not_admitted	not_admitted	not_admitted	not_admitted	1	155;147489;148481;-;366.6	145;140668;142038;-;381.2	149;143240;143992;-;232.4	158;149507;152146;-;258.7	144;137819;140668;-;344.2	167;155961;157385;-;89.2	158;149507;152146;-;88.8	169;158112;158678;-;167.0	154;146838;147476;-;67.0	153;144835;146841;-;259.0	140;133696;136005;-;393.2	165;154780;155349;-;49.7	140;133696;136005;-;65.8	A	9/9	contiguous	24416	1	1	137286..137816-;176;unnamed;0
OW968436.1	MPF_F	IncFIB(pNDM-Mar);RepB	322	0	0	GA	0															not_admitted	not_admitted	not_admitted	not_admitted	not_admitted	not_admitted	not_admitted	not_admitted	not_admitted	not_admitted	1	288;263619;264656;+;282.3	95;92500;93909;-;190.4	96;93899;94936;-;175.6	276;250070;252787;+;148.9	94;88530;92498;-;121.3	272;246587;247957;+;65.6	276;250070;252787;+;82.3	269;244081;244941;+;79.0	287;262261;263622;+;69.9	289;264666;267851;+;59.6	103;102135;104261;+;58.0	275;249288;250025;+;56.9	103;102135;104261;+;40.6	A	9/9	split_2	176136	0	1	
OW968449.1	MPF_T	IncN	60	0	0	GA	1	16;12339;13073;+;32.5		19;13716;14033;+;63.3	20;14033;16633;+;113.8	20;14033;16633;+;76.4	21;16651;17364;+;105.5	23;17615;18655;+;142.4		24;18874;19572;+;131.9	25;19583;20467;+;159.7	26;20467;21627;+;156.3	27;21669;22664;+;81.2	37;32019;33548;-;38.5		pfam	both	A	7/7	canonical	1	0	unscoreable	12	0	0														not_admitted	not_admitted	not_admitted	not_admitted	not_admitted	not_admitted	not_admitted
OW968450.1	MPF_T	IncX10	50	0	0	GA	1	44;28335;28979;+;46.4	45;28963;29253;+;73.1	46;29278;32031;+;47.0	46;29278;32031;+;146.6	46;29278;32031;+;65.8	47;32042;32812;+;62.0	49;33091;34146;+;131.2			0;94;1023;+;140.2	1;1020;2231;+;128.3	3;2427;3461;+;65.4	4;3464;5299;+;494.6		pfam	pfam_only	B	6/7	canonical	1	1	unscoreable	2	0	0														not_admitted	not_admitted	not_admitted	not_admitted	not_admitted	not_admitted	not_admitted
OW968454.1	MPF_F	IncFIB(pNDM-Mar);RepB	338	0	0	GA	0															not_admitted	not_admitted	not_admitted	not_admitted	not_admitted	not_admitted	not_admitted	not_admitted	not_admitted	not_admitted	1	303;275441;276478;+;282.3	75;72955;74364;-;190.4	76;74354;75391;-;175.6	291;261892;264609;+;149.7	71;67633;71091;-;80.3	287;258409;259779;+;65.6	291;261892;264609;+;85.2	284;255903;256763;+;79.0	302;274083;275444;+;69.9	304;276488;279673;+;59.6	83;82590;84716;+;58.0	290;261110;261847;+;56.9	83;82590;84716;+;40.6	A	9/9	split_2	208855	0	1	
OW968459.1	MPF_F	RepB	246	0	0	GA	0															not_admitted	not_admitted	not_admitted	not_admitted	not_admitted	not_admitted	not_admitted	not_admitted	not_admitted	not_admitted	1	211;207567;208604;+;282.3	88;85412;86821;-;190.4	89;86811;87848;-;175.6	199;194018;196735;+;148.9	87;81442;85410;-;121.3	195;190535;191905;+;65.6	199;194018;196735;+;85.2	192;188029;188889;+;79.0	210;206209;207570;+;69.9	212;208614;211799;+;59.6	96;95047;97173;+;58.0	198;193236;193973;+;56.9	96;95047;97173;+;40.6	A	9/9	split_2	127172	0	1	
OW968460.1	MPF_F	IncFIB(K);IncFII(K)	191	0	0	GA	0															not_admitted	not_admitted	not_admitted	not_admitted	not_admitted	not_admitted	not_admitted	not_admitted	not_admitted	not_admitted	1	145;143290;144279;-;363.3	134;136104;137471;-;382.2	138;138729;139481;-;236.4	149;145736;148375;-;259.0	133;133261;136104;-;342.9	160;152342;153766;-;88.8	149;145736;148375;-;87.6	162;154493;155059;-;167.9	143;142367;143014;-;65.9	142;140353;142308;-;259.5	129;128364;130676;-;392.8	157;151146;151730;-;53.8	129;128364;130676;-;65.9	A	9/9	contiguous	26129	1	1	132726..133250-;174;unnamed;0
OW969593.1	MPF_F	IncFIB(K);IncFII(K);IncFII(pAR0022)	215	0	0	GA	0															not_admitted	not_admitted	not_admitted	not_admitted	not_admitted	not_admitted	not_admitted	not_admitted	not_admitted	not_admitted	1	163;171756;172745;-;366.6	153;164842;166209;-;384.1	157;167467;168219;-;233.7	167;174202;176841;-;258.5	152;162020;164842;-;346.4	173;179670;181094;-;89.3	167;174202;176841;-;88.7	175;181821;182387;-;169.3	162;171105;171743;-;66.9	161;169091;171046;-;259.7	148;157092;159404;-;393.2	172;179013;179597;-;54.3	148;157092;159404;-;65.9	A	9/9	contiguous	24729	1	1	161395..161997-;200;TraS;0
OW969602.1	MPF_F	IncHI2;IncHI2A	333	0	0	GA	0															not_admitted	not_admitted	not_admitted	not_admitted	not_admitted	not_admitted	not_admitted	not_admitted	not_admitted	not_admitted	1	30;32274;33332;+;276.9	259;243475;244890;-;194.1	260;244880;245926;-;173.7	12;8954;11635;+;168.0	258;239516;243466;-;101.6	8;5269;6624;+;80.7	12;8954;11635;+;72.2	4;2758;3546;+;74.8	28;30621;32132;+;62.7	31;33351;36539;+;58.3	266;252967;255051;+;56.7	11;7995;8945;+;46.4	266;252967;255051;+;38.8	A	9/9	split_3	250209	0	1	
OW969610.1	MPF_F	IncFIB(K)	188	0	0	GA	0															not_admitted	not_admitted	not_admitted	not_admitted	not_admitted	not_admitted	not_admitted	not_admitted	not_admitted	not_admitted	1	122;107160;108152;-;366.6	112;100339;101709;-;381.2	116;102911;103663;-;232.4	125;109178;111817;-;258.7	111;97490;100339;-;344.2	134;115632;117056;-;89.2	125;109178;111817;-;88.8	136;117783;118349;-;167.0	121;106509;107147;-;67.0	120;104506;106512;-;259.0	107;93367;95676;-;393.2	132;114451;115020;-;49.7	107;93367;95676;-;65.8	A	9/9	contiguous	24416	1	1	96957..97487-;176;unnamed;0
OW969616.1	MPF_F	IncFIA(HI1);IncFII(p14)	158	0	0	GA	0															not_admitted	not_admitted	not_admitted	not_admitted	not_admitted	not_admitted	not_admitted	not_admitted	not_admitted	not_admitted	1	14;18576;19568;-;372.3	4;11564;12934;-;380.8	7;13718;14470;-;230.8	17;20591;23230;-;254.4	3;8721;11564;-;346.5	26;26955;28376;-;86.2	17;20591;23230;-;87.3	28;29097;29663;-;163.8	13;17937;18563;-;67.7	12;15997;17940;-;255.0	1;5682;7976;-;391.8	24;26386;26766;-;23.7	1;5682;7976;-;66.4	A	9/9	contiguous	23415	1	1	8183..8710-;175;unnamed;0
OW969621.1	MPF_I	IncL	137	0	0	GA	1	52;42564;43298;+;32.5		55;43941;44258;+;63.3	56;44258;46858;+;113.8	56;44258;46858;+;76.4							118;85512;86675;+;87.8			none	none	D	2/7	uncallable	0	0	unscoreable	2	0	0														not_admitted	not_admitted	not_admitted	not_admitted	not_admitted	not_admitted	not_admitted
OW969625.1	MPF_F	IncFIB(pECLA);IncFII(pECLA)	229	0	0	GA	1	149;125801;126340;-;69.2		63;56227;56544;+;63.3	64;56544;59144;+;113.8	64;56544;59144;+;76.4										none	none	D	1/7	uncallable	0	0	unscoreable	2	0	0														not_admitted	not_admitted	not_admitted	not_admitted	not_admitted	not_admitted	not_admitted
OW969627.1	MPF_T	IncX4	47	0	0	GA	1	29;16610;17230;+;46.3	30;17244;17570;+;64.4	31;17589;20336;+;63.8	31;17589;20336;+;151.8	31;17589;20336;+;46.1	32;20348;21064;+;94.1	33;21076;22170;+;150.1		35;22685;23371;+;169.0	36;23368;24276;+;142.3	37;24269;25387;+;163.9	38;25389;26417;+;85.0	39;26449;28266;+;317.3		pfam	pfam_only	A	7/7	canonical	1	1	unscoreable	1	0	0														not_admitted	not_admitted	not_admitted	not_admitted	not_admitted	not_admitted	not_admitted
OW969645.1	MPF_F	IncFII(K);repB(R1701)	164	0	0	GA	0															not_admitted	not_admitted	not_admitted	not_admitted	not_admitted	not_admitted	not_admitted	not_admitted	not_admitted	not_admitted	1	139;109512;110501;+;366.6	149;116048;117415;+;384.1	145;114038;114790;+;233.7	135;105430;108069;+;258.5	150;117415;120264;+;346.4	129;100605;102029;+;89.3	135;105430;108069;+;88.7	127;99312;99878;+;169.3	140;110514;111152;+;67.0	141;111211;113166;+;259.7	154;122726;125038;+;393.1	130;102103;102687;+;54.4	154;122726;125038;+;66.6	A	9/9	contiguous	23414	1	1	120267..120800+;177;unnamed;0
OW969649.1	MPF_F	IncFIB(K);IncFII(K)	225	0	0	GA	0															not_admitted	not_admitted	not_admitted	not_admitted	not_admitted	not_admitted	not_admitted	not_admitted	not_admitted	not_admitted	1	179;184213;185202;-;363.3	168;177027;178394;-;382.2	172;179652;180404;-;236.4	183;186659;189298;-;259.0	167;174184;177027;-;342.9	194;193265;194689;-;88.8	183;186659;189298;-;87.6	196;195416;195982;-;167.9	177;183290;183937;-;65.9	176;181276;183231;-;259.5	163;169287;171599;-;392.8	191;192069;192653;-;53.8	163;169287;171599;-;65.9	A	9/9	contiguous	26129	1	1	173649..174173-;174;unnamed;0
OW969650.1	MPF_F	IncFIB(pQil);IncFII(K)	133	0	0	GA	0															not_admitted	not_admitted	not_admitted	not_admitted	not_admitted	not_admitted	not_admitted	not_admitted	not_admitted	not_admitted	1	78;75369;76358;-;366.0	68;68455;69822;-;380.7	72;71080;71832;-;233.7	83;79001;81640;-;258.5	67;65606;68455;-;345.6	91;84897;86321;-;88.8	83;79001;81640;-;88.7	93;87048;87614;-;167.9	77;74718;75356;-;67.0	76;72704;74659;-;259.7	63;60808;63120;-;392.7	90;84199;84783;-;55.4	63;60808;63120;-;66.5	A	9/9	contiguous	26240	1	1	65045..65593-;182;unnamed;0
OW969651.1	MPF_T	IncN	63	0	0	GA	1	16;12338;13072;+;32.5		19;13715;14032;+;63.3	20;14032;16632;+;113.8	20;14032;16632;+;76.4	21;16650;17363;+;105.5	23;17614;18654;+;142.4		24;18873;19571;+;131.9	25;19582;20466;+;159.7	26;20466;21626;+;156.3	27;21668;22663;+;81.2	40;36972;38501;-;38.5		pfam	both	A	7/7	canonical	1	0	unscoreable	3	0	0														not_admitted	not_admitted	not_admitted	not_admitted	not_admitted	not_admitted	not_admitted
OW969657.1	MPF_F	IncFIB(K);IncFII(K);IncFII(pAR0022)	247	0	0	GA	0															not_admitted	not_admitted	not_admitted	not_admitted	not_admitted	not_admitted	not_admitted	not_admitted	not_admitted	not_admitted	1	163;168898;169890;-;363.5	153;161984;163351;-;384.5	157;164609;165361;-;233.7	166;170916;173555;-;259.0	152;159141;161984;-;346.4	173;176930;178354;-;89.3	166;170916;173555;-;88.7	175;179081;179647;-;169.3	162;168247;168885;-;66.0	161;166233;168188;-;259.6	147;154139;156451;-;392.5	172;176272;176856;-;54.4	147;154139;156451;-;66.6	A	9/9	contiguous	24942	1	1	158597..159130-;177;unnamed;0
OW969666.1	MPF_F	IncFIB(pECLA);IncFII(pECLA)	196	0	0	GA	1	124;105249;105788;-;69.2		63;56227;56544;+;63.3	64;56544;59144;+;113.8	64;56544;59144;+;76.4										none	none	D	1/7	uncallable	0	0	unscoreable	2	0	0														not_admitted	not_admitted	not_admitted	not_admitted	not_admitted	not_admitted	not_admitted
OW969679.1	MPF_F	IncFIB(K);IncFII(K)	178	0	0	GA	0															not_admitted	not_admitted	not_admitted	not_admitted	not_admitted	not_admitted	not_admitted	not_admitted	not_admitted	not_admitted	1	122;122433;123425;-;366.6	112;115612;116982;-;381.2	116;118184;118936;-;232.4	125;124451;127090;-;258.7	111;112763;115612;-;344.2	134;130905;132329;-;89.2	125;124451;127090;-;88.8	136;133056;133622;-;167.0	121;121782;122420;-;67.0	120;119779;121785;-;259.0	107;109561;110949;-;302.4	132;129724;130293;-;49.7		A	9/9	contiguous	23495	1	1	112230..112760-;176;unnamed;0
OW969683.1	MPF_F	IncFIB(K);IncFII(K);IncFII(pBK30683)	286	0	0	GA	0															not_admitted	not_admitted	not_admitted	not_admitted	not_admitted	not_admitted	not_admitted	not_admitted	not_admitted	not_admitted	1	135;133248;134237;-;366.6	207;194360;195730;-;383.8	129;128959;129711;-;233.7	222;203939;206578;-;259.0	206;191487;194360;-;347.6	147;141513;142937;-;89.2	222;203939;206578;-;88.7	149;143664;144230;-;168.5	134;132597;133235;-;66.9	215;198556;200511;-;260.1	120;118582;120894;-;392.8	146;140815;141399;-;54.4	120;118582;120894;-;65.9	A	9/9	split_2	85357	1	1	190943..191476-;177;unnamed;0
OW969704.1	MPF_F	IncFIB(K);IncFII(K)	204	0	0	GA	0															not_admitted	not_admitted	not_admitted	not_admitted	not_admitted	not_admitted	not_admitted	not_admitted	not_admitted	not_admitted	1	158;155110;156099;-;363.3	147;147924;149291;-;382.2	151;150549;151301;-;236.4	162;157556;160195;-;259.0	146;145081;147924;-;342.9	173;164162;165586;-;88.8	162;157556;160195;-;87.6	175;166313;166879;-;167.9	156;154187;154834;-;65.9	155;152173;154128;-;259.5	142;140184;142496;-;392.8	170;162966;163550;-;53.8	142;140184;142496;-;65.9	A	9/9	contiguous	26129	1	1	144546..145070-;174;unnamed;0
OW969710.1	MPF_F	IncFIB(K);IncFII(K);IncFII(pAR0022)	194	0	0	GA	0															not_admitted	not_admitted	not_admitted	not_admitted	not_admitted	not_admitted	not_admitted	not_admitted	not_admitted	not_admitted	1	140;151094;152083;-;366.6	130;144180;145547;-;384.1	134;146805;147557;-;233.7	144;153540;156179;-;258.5	129;141358;144180;-;346.4	151;159006;160430;-;89.3	144;153540;156179;-;88.7	153;161157;161723;-;169.3	139;150443;151081;-;66.9	138;148429;150384;-;259.4	125;136430;138742;-;393.1	150;158350;158934;-;54.7	125;136430;138742;-;66.6	A	9/9	contiguous	24727	1	1	140733..141335-;200;TraS;0
OW969716.1	MPF_F	IncHI2;IncHI2A	339	0	0	GA	0															not_admitted	not_admitted	not_admitted	not_admitted	not_admitted	not_admitted	not_admitted	not_admitted	not_admitted	not_admitted	1	29;32275;33333;+;276.9	249;228327;229742;-;194.1	250;229732;230778;-;173.7	11;8955;11636;+;168.0	248;224368;228318;-;101.6	7;5270;6625;+;80.7	11;8955;11636;+;72.2	4;2758;3546;+;74.8	27;30622;32133;+;62.7	30;33352;36540;+;58.3	256;237819;239903;+;56.7	10;7996;8946;+;46.4	256;237819;239903;+;38.8	A	9/9	split_3	235061	0	1	
OW969721.1	MPF_F	IncFIB(K);IncFII(K)	278	0	0	GA	0															not_admitted	not_admitted	not_admitted	not_admitted	not_admitted	not_admitted	not_admitted	not_admitted	not_admitted	not_admitted	1	167;173652;174644;-;366.6	157;166831;168201;-;381.2	161;169403;170155;-;232.4	170;175670;178309;-;258.7	156;163982;166831;-;344.2	179;182124;183548;-;89.2	170;175670;178309;-;88.8	181;184275;184841;-;167.0	166;173001;173639;-;67.0	165;170998;173004;-;259.0	150;158659;160968;-;393.2	177;180943;181512;-;49.7	150;158659;160968;-;65.8	A	9/9	contiguous	25616	1	1	163725..163979-;84;unnamed;0
OW969725.1	MPF_F	IncFIB(pB171);IncFII(Yp);IncFII(pAR0022)	165	0	0	GA	0															not_admitted	not_admitted	not_admitted	not_admitted	not_admitted	not_admitted	not_admitted	not_admitted	not_admitted	not_admitted	1	104;109511;110497;-;368.4	96;103428;104798;-;376.7	100;106015;106764;-;218.2	107;111491;114121;-;285.5	95;100606;103428;-;336.5	113;116149;117543;-;90.9	107;111491;114121;-;98.6	115;118260;118826;-;169.9	103;108865;109494;-;66.9	102;107015;108868;-;257.4	92;97070;99271;-;384.8	112;115588;116127;-;64.9	92;97070;99271;-;63.9	A	9/9	contiguous	21190	1	1	100153..100584-;143;TraS;0
OW969730.1	MPF_F	IncFIB(K);IncFII(K)	227	0	0	GA	0															not_admitted	not_admitted	not_admitted	not_admitted	not_admitted	not_admitted	not_admitted	not_admitted	not_admitted	not_admitted	1	171;169379;170371;-;366.6	161;162558;163928;-;381.2	165;165130;165882;-;232.4	174;171397;174036;-;258.7	160;159709;162558;-;344.2	183;177851;179275;-;89.2	174;171397;174036;-;88.8	185;180002;180568;-;167.0	170;168728;169366;-;67.0	169;166725;168731;-;259.0	156;156507;157895;-;302.4	181;176670;177239;-;49.7		A	9/9	contiguous	23495	1	1	159176..159706-;176;unnamed;0
OW969734.1	MPF_F	IncFIB(K);IncFII(K);IncFII(pAR0022);IncR;repB(R1701)	307	0	0	GA	0															not_admitted	not_admitted	not_admitted	not_admitted	not_admitted	not_admitted	not_admitted	not_admitted	not_admitted	not_admitted	1	253;246576;247565;-;366.6	243;239662;241029;-;384.1	247;242287;243039;-;233.7	257;249022;251661;-;258.5	242;236840;239662;-;346.4	264;254488;255912;-;89.3	257;249022;251661;-;88.7	266;256639;257205;-;169.3	252;245925;246563;-;66.9	251;243911;245866;-;259.4	238;231912;234224;-;393.1	263;253832;254416;-;54.7	238;231912;234224;-;66.6	A	9/9	contiguous	24727	1	1	236215..236817-;200;TraS;0
OW969739.1	MPF_F	IncFIB(K);IncFII(K)	227	0	0	GA	0															not_admitted	not_admitted	not_admitted	not_admitted	not_admitted	not_admitted	not_admitted	not_admitted	not_admitted	not_admitted	1	171;169379;170371;-;366.6	161;162558;163928;-;381.2	165;165130;165882;-;232.4	174;171397;174036;-;258.7	160;159709;162558;-;344.2	183;177851;179275;-;89.2	174;171397;174036;-;88.8	185;180002;180568;-;167.0	170;168728;169366;-;67.0	169;166725;168731;-;259.0	156;156507;157895;-;302.4	181;176670;177239;-;49.7		A	9/9	contiguous	23495	1	1	159176..159706-;176;unnamed;0
OW969742.1	MPF_F	IncFIB(K);IncFII(K);repB(R1701)	156	0	0	GA	0															not_admitted	not_admitted	not_admitted	not_admitted	not_admitted	not_admitted	not_admitted	not_admitted	not_admitted	not_admitted	1	100;95957;96949;-;366.6	90;89136;90506;-;381.2	94;91708;92460;-;231.8	103;97975;100614;-;258.7	89;86287;89136;-;344.2	112;104429;105853;-;89.2	103;97975;100614;-;88.8	114;106580;107146;-;167.0	99;95306;95944;-;67.0	98;93303;95309;-;259.0	85;82164;84473;-;393.2	110;103248;103817;-;49.7	85;82164;84473;-;65.8	A	9/9	contiguous	24416	1	1	85754..86284-;176;unnamed;0
OW969747.1	MPF_F	IncFIB(K);IncFIB(pNDM-Mar);IncFII(K);RepB	442	0	0	GA	0															not_admitted	not_admitted	not_admitted	not_admitted	not_admitted	not_admitted	not_admitted	not_admitted	not_admitted	not_admitted	1	161;133479;134468;+;363.3	172;140287;141654;+;383.5	168;138277;139029;+;233.7	157;129383;132022;+;259.0	173;141654;144476;+;346.5	145;123991;125415;+;88.0	157;129383;132022;+;88.7	143;122698;123264;+;167.9	397;365755;367116;+;69.9	164;135450;137405;+;259.7	177;147094;149406;+;392.8	383;351716;352453;+;56.9	177;147094;149406;+;65.9	A	9/9	split_2	243057	1	1	144499..145101+;200;TraS;0
OW969754.1	MPF_F	IncFIB(K);IncFII(K)	204	0	0	GA	0															not_admitted	not_admitted	not_admitted	not_admitted	not_admitted	not_admitted	not_admitted	not_admitted	not_admitted	not_admitted	1	158;155936;156925;-;363.3	147;148750;150117;-;382.2	151;151375;152127;-;236.4	162;158382;161021;-;259.0	146;145907;148750;-;342.9	173;164988;166412;-;88.8	162;158382;161021;-;87.6	175;167139;167705;-;167.9	156;155013;155660;-;65.9	155;152999;154954;-;259.5	142;141010;143322;-;392.8	170;163792;164376;-;53.8	142;141010;143322;-;65.9	A	9/9	contiguous	26129	1	1	145372..145896-;174;unnamed;0
OW969756.1	MPF_F	IncFIB(K);IncFII(K)	194	0	0	GA	0															not_admitted	not_admitted	not_admitted	not_admitted	not_admitted	not_admitted	not_admitted	not_admitted	not_admitted	not_admitted	1	139;139530;140522;-;366.6	129;132646;134013;-;381.2	133;135270;136022;-;232.2	142;141548;144187;-;259.3	128;129797;132646;-;346.5	150;147773;149197;-;89.3	142;141548;144187;-;88.8	152;149924;150490;-;167.0	138;138879;139517;-;67.0	137;136865;138820;-;259.2	124;125672;127981;-;392.7	148;146586;147143;-;52.5	124;125672;127981;-;66.6	A	9/9	contiguous	24252	1	1	129264..129794-;176;unnamed;0
OW969762.1	MPF_F	IncFIB(K);IncFII(K)	239	0	0	GA	0															not_admitted	not_admitted	not_admitted	not_admitted	not_admitted	not_admitted	not_admitted	not_admitted	not_admitted	not_admitted	1	193;198965;199954;-;363.3	183;192051;193418;-;380.0	187;194676;195428;-;233.7	197;201411;204050;-;259.0	182;189202;192051;-;345.6	208;208017;209441;-;88.8	197;201411;204050;-;87.6	210;210168;210734;-;167.9	192;198314;198952;-;66.0	191;196300;198255;-;259.2	178;184406;186718;-;392.5	205;206821;207405;-;53.8	178;184406;186718;-;66.6	A	9/9	contiguous	25762	1	1	188641..189189-;182;unnamed;0
OW969763.1	MPF_F	IncFII(K);repB(R1701)	97	0	0	GA	0															not_admitted	not_admitted	not_admitted	not_admitted	not_admitted	not_admitted	not_admitted	not_admitted	not_admitted	not_admitted	1	72;56544;57533;+;363.3	82;63080;64447;+;382.2	78;61070;61822;+;236.4	68;52448;55087;+;258.5	83;64447;67290;+;342.9	60;47767;49191;+;88.8	68;52448;55087;+;87.7	58;46474;47040;+;169.3	73;57546;58184;+;66.0	74;58243;60198;+;259.5	87;69875;72187;+;392.8	61;49305;49889;+;55.4	87;69875;72187;+;65.9	A	9/9	contiguous	23401	1	1	67301..67825+;174;unnamed;0
OW969766.1	MPF_F	IncFIB(K)	104	0	0	GA	0															not_admitted	not_admitted	not_admitted	not_admitted	not_admitted	not_admitted	not_admitted	not_admitted	not_admitted	not_admitted	1	50;61827;62816;-;366.6	40;54913;56280;-;384.1	44;57538;58290;-;233.7	54;64273;66912;-;258.5	39;52091;54913;-;346.4	61;69739;71163;-;89.3	54;64273;66912;-;88.7	63;71890;72456;-;169.3	49;61176;61814;-;66.9	48;59162;61117;-;259.4	35;47163;49475;-;393.1	60;69083;69667;-;54.7	35;47163;49475;-;66.6	A	9/9	contiguous	24727	1	1	51466..52068-;200;TraS;0
OW969769.1	MPF_F	IncFIB(K);IncFII(K)	213	0	0	GA	0															not_admitted	not_admitted	not_admitted	not_admitted	not_admitted	not_admitted	not_admitted	not_admitted	not_admitted	not_admitted	1	145;140713;141702;-;363.3	134;133527;134894;-;383.5	138;136152;136904;-;233.7	149;143159;145798;-;259.0	133;130705;133527;-;346.5	160;149766;151190;-;88.0	149;143159;145798;-;88.7	162;151917;152483;-;167.9	143;139790;140437;-;66.9	142;137776;139731;-;259.7	129;125775;128087;-;392.8	157;148570;149154;-;53.8	129;125775;128087;-;65.9	A	9/9	contiguous	26142	1	1	130080..130682-;200;TraS;0
OW969773.1	MPF_F	IncFIB(K);IncFII(K);IncFII(pAR0022)	229	0	0	GA	0															not_admitted	not_admitted	not_admitted	not_admitted	not_admitted	not_admitted	not_admitted	not_admitted	not_admitted	not_admitted	1	175;182600;183589;-;366.6	165;175686;177053;-;384.1	169;178311;179063;-;233.7	179;185046;187685;-;258.5	164;172864;175686;-;346.4	186;190512;191936;-;89.3	179;185046;187685;-;88.7	188;192663;193229;-;169.3	174;181949;182587;-;66.9	173;179935;181890;-;259.4	160;167936;170248;-;393.1	185;189856;190440;-;54.7	160;167936;170248;-;66.6	A	9/9	contiguous	24727	1	1	172239..172841-;200;TraS;0
OW969779.1	MPF_F	IncFIB(K);IncFII(K);IncX3	284	1	1	GA	1	248;234386;234871;+;82.5	106;91358;91648;+;73.1	107;91673;94426;+;47.0	107;91673;94426;+;145.4	107;91673;94426;+;73.3	108;94436;95206;+;60.1	110;95485;96540;+;133.2		111;96735;97463;+;119.4	112;97469;98398;+;138.8	113;98395;99609;+;128.3	115;99805;100839;+;65.7	116;100842;102677;+;495.9	227;217106;219112;-;259.0	pfam	pfam_only	A	7/7	canonical	1	1	unscoreable	33	0	1	229;219760;220752;-;366.6	219;212939;214309;-;381.2	223;215511;216263;-;232.4	232;221778;224417;-;258.7	218;210090;212939;-;344.2	113;98395;99609;+;128.3	232;221778;224417;-;88.8	243;230383;230973;-;164.5	228;219109;219747;-;67.0	227;217106;219112;-;259.0	214;205967;208276;-;393.2	239;227051;227620;-;49.7	116;100842;102677;+;88.7	A	9/9	split_2	131988	1	1	209557..210087-;176;unnamed;0
OW969785.1	MPF_F	IncHI2;IncHI2A	337	0	0	GA	0															not_admitted	not_admitted	not_admitted	not_admitted	not_admitted	not_admitted	not_admitted	not_admitted	not_admitted	not_admitted	1	29;32275;33333;+;276.9	263;246490;247905;-;194.1	264;247895;248941;-;173.7	11;8955;11636;+;168.0	262;242531;246481;-;101.6	7;5270;6625;+;80.7	11;8955;11636;+;72.2	4;2758;3546;+;74.8	27;30622;32133;+;62.7	30;33352;36540;+;58.3	270;255982;258066;+;56.7	10;7996;8946;+;46.4	270;255982;258066;+;38.8	A	9/9	split_3	253224	0	1	
OW969786.1	MPF_T	IncX5	79	0	0	GA	1	39;27455;28099;+;42.4	40;28083;28373;+;69.0	41;28395;31154;+;42.6	41;28395;31154;+;132.2	41;28395;31154;+;70.5	42;31162;31896;+;55.1	44;32171;33226;+;132.8		45;33467;34195;+;120.9	46;34200;35129;+;134.2	47;35126;36337;+;136.9	48;36349;37392;+;63.2	49;37395;39230;+;504.8		pfam	pfam_only	A	7/7	canonical	1	1	unscoreable	1	0	0														not_admitted	not_admitted	not_admitted	not_admitted	not_admitted	not_admitted	not_admitted
OW969790.1	MPF_F	IncR	166	0	0	GA	0															not_admitted	not_admitted	not_admitted	not_admitted	not_admitted	not_admitted	not_admitted	not_admitted	not_admitted	not_admitted	1	115;86597;87586;+;366.0	125;93133;94500;+;384.6	121;91123;91875;+;233.7	111;82501;85140;+;258.5	126;94500;97343;+;346.2	103;77710;79134;+;88.0	111;82501;85140;+;88.7	101;76417;76983;+;169.3	116;87599;88237;+;67.0	117;88296;90251;+;260.6	130;99927;102239;+;393.1	105;79746;80330;+;54.4	130;99927;102239;+;66.6	A	9/9	contiguous	23510	1	1	97354..97878+;174;unnamed;0
OW969791.1	MPF_T	IncP1	73	0	0	GA	1		39;28503;28886;+;68.5	40;28889;29215;+;48.3	41;29212;31755;+;99.0	41;29212;31755;+;107.1	46;35231;36013;+;104.8	48;36225;37787;+;111.3		42;31752;32459;+;91.0	43;32475;33365;+;153.1	45;33824;35218;+;220.3	38;27433;28389;+;135.2	2;2740;4686;-;442.7		conjscan	conjscan_only	A	7/7	canonical	1	0	unscoreable	3	0	0														not_admitted	not_admitted	not_admitted	not_admitted	not_admitted	not_admitted	not_admitted
OW969794.1	MPF_F	IncFIB(K);IncFII(K)	229	0	0	GA	0															not_admitted	not_admitted	not_admitted	not_admitted	not_admitted	not_admitted	not_admitted	not_admitted	not_admitted	not_admitted	1	173;171251;172243;-;366.6	163;164430;165800;-;381.2	167;167002;167754;-;232.4	176;173269;175908;-;258.7	162;161581;164430;-;344.2	185;179723;181147;-;89.2	176;173269;175908;-;88.8	187;181874;182440;-;167.0	172;170600;171238;-;67.0	171;168597;170603;-;259.0	158;157458;159767;-;393.2	183;178542;179111;-;49.7	158;157458;159767;-;65.8	A	9/9	contiguous	24416	1	1	161048..161578-;176;unnamed;0
OW969803.1	MPF_F	IncFIB(K);IncFII(pKP91)	202	0	0	GA	0															not_admitted	not_admitted	not_admitted	not_admitted	not_admitted	not_admitted	not_admitted	not_admitted	not_admitted	not_admitted	1	155;150663;151652;-;363.3	144;143477;144844;-;383.5	148;146102;146854;-;233.7	159;153109;155748;-;259.0	143;140655;143477;-;346.5	170;159716;161140;-;88.0	159;153109;155748;-;88.7	172;161867;162433;-;167.9	153;149740;150387;-;65.1	152;147726;149681;-;259.7	139;135757;138039;-;393.3	167;158520;159104;-;53.8	139;135757;138039;-;65.8	A	9/9	contiguous	26110	1	1	140030..140632-;200;TraS;0
OW969807.1	MPF_F	IncFIB(pQil);IncFII(K)	110	0	0	GA	0															not_admitted	not_admitted	not_admitted	not_admitted	not_admitted	not_admitted	not_admitted	not_admitted	not_admitted	not_admitted	1	82;63681;64673;+;362.9	93;70681;72048;+;380.9	88;68227;68979;+;235.3	79;60016;62655;+;259.1	94;72048;74897;+;342.7	69;54790;56214;+;89.2	79;60016;62655;+;83.9	67;53497;54063;+;169.3	83;64686;65324;+;66.0	84;65383;67338;+;255.2	100;77836;80139;+;390.7	71;56826;57395;+;53.7	100;77836;80139;+;66.6	A	9/9	contiguous	24339	1	1	74900..75430+;176;unnamed;0
OW969814.1	MPF_F	IncFIB(pQil);IncFII(K)	110	0	0	GA	0															not_admitted	not_admitted	not_admitted	not_admitted	not_admitted	not_admitted	not_admitted	not_admitted	not_admitted	not_admitted	1	82;63681;64673;+;362.9	93;70681;72048;+;380.9	88;68227;68979;+;235.3	79;60016;62655;+;259.1	94;72048;74897;+;342.7	69;54790;56214;+;89.2	79;60016;62655;+;83.9	67;53497;54063;+;169.3	83;64686;65324;+;66.0	84;65383;67338;+;255.2	100;77836;80139;+;390.7	71;56826;57395;+;53.7	100;77836;80139;+;66.6	A	9/9	contiguous	24339	1	1	74900..75430+;176;unnamed;0
OW969820.1	MPF_F	IncFIB(K);IncFII(K)	230	0	0	GA	0															not_admitted	not_admitted	not_admitted	not_admitted	not_admitted	not_admitted	not_admitted	not_admitted	not_admitted	not_admitted	1	174;175193;176185;-;366.6	164;168372;169742;-;381.2	168;170944;171696;-;232.4	177;177211;179850;-;258.7	163;165523;168372;-;344.2	186;183665;185089;-;89.2	177;177211;179850;-;88.8	188;185816;186382;-;167.0	173;174542;175180;-;67.0	172;172539;174545;-;259.0	159;161400;163709;-;393.2	184;182484;183053;-;49.7	159;161400;163709;-;65.8	A	9/9	contiguous	24416	1	1	164990..165520-;176;unnamed;0
OW969831.1	MPF_F	IncFIB(K);IncFII(K)	209	0	0	GA	0															not_admitted	not_admitted	not_admitted	not_admitted	not_admitted	not_admitted	not_admitted	not_admitted	not_admitted	not_admitted	1	141;136069;137058;-;363.3	130;128883;130250;-;383.5	134;131508;132260;-;233.7	145;138515;141154;-;259.0	129;126061;128883;-;346.5	156;145122;146546;-;88.0	145;138515;141154;-;88.7	158;147273;147839;-;167.9	139;135146;135793;-;66.9	138;133132;135087;-;259.7	125;121131;123443;-;392.8	153;143926;144510;-;53.8	125;121131;123443;-;65.9	A	9/9	contiguous	26142	1	1	125436..126038-;200;TraS;0
OW969835.1	MPF_F	IncFIB(K);IncFII(K);IncFII(pAR0022)	220	0	0	GA	0															not_admitted	not_admitted	not_admitted	not_admitted	not_admitted	not_admitted	not_admitted	not_admitted	not_admitted	not_admitted	1	166;169710;170699;-;366.6	156;162796;164163;-;384.1	160;165421;166173;-;233.7	170;172156;174795;-;258.5	155;159974;162796;-;346.4	177;177622;179046;-;89.3	170;172156;174795;-;88.7	179;179773;180339;-;169.3	165;169059;169697;-;66.9	164;167045;169000;-;259.4	151;155046;157358;-;393.1	176;176966;177550;-;54.7	151;155046;157358;-;66.6	A	9/9	contiguous	24727	1	1	159349..159951-;200;TraS;0
OW969840.1	MPF_F	IncFIB(pNDM-Mar);RepB	338	0	0	GA	0															not_admitted	not_admitted	not_admitted	not_admitted	not_admitted	not_admitted	not_admitted	not_admitted	not_admitted	not_admitted	1	250;219992;221029;-;282.3	128;102099;103508;+;190.4	127;101072;102109;+;175.6	262;231861;234578;-;148.9	129;103510;107478;+;121.3	266;236691;238061;-;65.6	262;231861;234578;-;85.2	269;239707;240567;-;79.0	251;221026;222387;-;69.9	249;216797;219982;-;59.6	120;91747;93873;-;58.0	263;234623;235360;-;56.9	120;91747;93873;-;40.6	A	9/9	split_2	147960	0	1	
OW969841.1	MPF_F	IncFIB(K);IncFII(K)	246	0	0	GA	0															not_admitted	not_admitted	not_admitted	not_admitted	not_admitted	not_admitted	not_admitted	not_admitted	not_admitted	not_admitted	1	200;202774;203763;-;363.3	189;195588;196955;-;382.2	193;198213;198965;-;236.4	204;205220;207859;-;259.0	188;192745;195588;-;342.9	215;211826;213250;-;88.8	204;205220;207859;-;87.6	217;213977;214543;-;167.9	198;201851;202498;-;65.9	197;199837;201792;-;259.5	184;187848;190160;-;392.8	212;210630;211214;-;53.8	184;187848;190160;-;65.9	A	9/9	contiguous	26129	1	1	192210..192734-;174;unnamed;0
OW969850.1	MPF_F	IncFIB(K);IncFII(K)	229	0	0	GA	0															not_admitted	not_admitted	not_admitted	not_admitted	not_admitted	not_admitted	not_admitted	not_admitted	not_admitted	not_admitted	1	173;171251;172243;-;366.6	163;164430;165800;-;381.2	167;167002;167754;-;232.4	176;173269;175908;-;258.7	162;161581;164430;-;344.2	185;179723;181147;-;89.2	176;173269;175908;-;88.8	187;181874;182440;-;167.0	172;170600;171238;-;67.0	171;168597;170603;-;259.0	158;157458;159767;-;393.2	183;178542;179111;-;49.7	158;157458;159767;-;65.8	A	9/9	contiguous	24416	1	1	161048..161578-;176;unnamed;0
OW969854.1	MPF_F	IncFIB(K);IncFII(K)	229	0	0	GA	0															not_admitted	not_admitted	not_admitted	not_admitted	not_admitted	not_admitted	not_admitted	not_admitted	not_admitted	not_admitted	1	173;171251;172243;-;366.6	163;164430;165800;-;381.2	167;167002;167754;-;232.4	176;173269;175908;-;258.7	162;161581;164430;-;344.2	185;179723;181147;-;89.2	176;173269;175908;-;88.8	187;181874;182440;-;167.0	172;170600;171238;-;67.0	171;168597;170603;-;259.0	158;157458;159767;-;393.2	183;178542;179111;-;49.7	158;157458;159767;-;65.8	A	9/9	contiguous	24416	1	1	161048..161578-;176;unnamed;0
OW969858.1	MPF_F	IncFIB(pNDM-Mar);RepB	337	0	0	GA	0															not_admitted	not_admitted	not_admitted	not_admitted	not_admitted	not_admitted	not_admitted	not_admitted	not_admitted	not_admitted	1	302;274173;275210;+;282.3	75;72955;74364;-;190.4	76;74354;75391;-;175.6	290;260624;263341;+;149.7	71;67633;71091;-;80.3	286;257141;258511;+;65.6	290;260624;263341;+;85.2	283;254635;255495;+;79.0	301;272815;274176;+;69.9	303;275220;278405;+;59.6	83;82590;84716;+;58.0	289;259842;260579;+;56.9	83;82590;84716;+;40.6	A	9/9	split_2	207587	0	1	
OW969862.1	MPF_F	IncFIB(K);IncFII(K)	229	0	0	GA	0															not_admitted	not_admitted	not_admitted	not_admitted	not_admitted	not_admitted	not_admitted	not_admitted	not_admitted	not_admitted	1	173;171251;172243;-;366.6	163;164430;165800;-;381.2	167;167002;167754;-;232.4	176;173269;175908;-;258.7	162;161581;164430;-;344.2	185;179723;181147;-;89.2	176;173269;175908;-;88.8	187;181874;182440;-;167.0	172;170600;171238;-;67.0	171;168597;170603;-;259.0	158;157458;159767;-;393.2	183;178542;179111;-;49.7	158;157458;159767;-;65.8	A	9/9	contiguous	24416	1	1	161048..161578-;176;unnamed;0
OW969866.1	MPF_F	IncFIB(K);IncFII(K)	213	0	0	GA	0															not_admitted	not_admitted	not_admitted	not_admitted	not_admitted	not_admitted	not_admitted	not_admitted	not_admitted	not_admitted	1	161;164751;165743;-;366.6	151;157930;159300;-;380.7	155;160502;161254;-;232.4	164;166769;169408;-;258.7	150;155081;157930;-;344.2	173;173223;174647;-;89.2	164;166769;169408;-;88.8	175;175374;175940;-;167.3	160;164100;164738;-;67.0	159;162097;164103;-;259.0	146;150958;153267;-;393.2	171;172042;172611;-;49.7	146;150958;153267;-;65.8	A	9/9	contiguous	24416	1	1	154548..155078-;176;unnamed;0
OW969867.1	MPF_F	IncFIB(pQil);IncFII(K)	132	0	0	GA	0															not_admitted	not_admitted	not_admitted	not_admitted	not_admitted	not_admitted	not_admitted	not_admitted	not_admitted	not_admitted	1	79;76569;77558;-;366.0	69;69655;71022;-;380.7	73;72280;73032;-;233.7	83;79001;81640;-;258.5	68;66854;69655;-;345.6	91;84897;86321;-;88.8	83;79001;81640;-;88.7	93;87048;87638;-;166.5	78;75918;76556;-;67.0	77;73904;75859;-;259.7	63;60808;63120;-;392.7	90;84199;84783;-;55.4	63;60808;63120;-;66.5	A	9/9	contiguous	26240	1	1	65828..66808-;326;unnamed;0
OW969871.1	MPF_F	IncFIB(K);IncFII(K)	232	0	0	GA	0															not_admitted	not_admitted	not_admitted	not_admitted	not_admitted	not_admitted	not_admitted	not_admitted	not_admitted	not_admitted	1	186;187210;188199;-;363.3	175;180024;181391;-;382.2	179;182649;183401;-;236.4	190;189656;192295;-;259.0	174;177181;180024;-;342.9	201;196262;197686;-;88.8	190;189656;192295;-;87.6	203;198413;198979;-;167.9	184;186287;186934;-;65.9	183;184273;186228;-;259.5	170;172284;174596;-;392.8	198;195066;195650;-;53.8	170;172284;174596;-;65.9	A	9/9	contiguous	26129	1	1	176646..177170-;174;unnamed;0
OW969873.1	MPF_T	IncN4	56	0	0	GA	1		1;418;708;+;44.7	2;759;1073;+;65.3	3;1073;3703;+;123.6	3;1073;3703;+;87.4	4;3713;4420;+;114.6	6;4679;5722;+;126.7	7;5817;5987;+;41.4	8;5990;6706;+;145.6	9;6709;7596;+;144.4	10;7593;8747;+;174.0	11;8740;9771;+;78.1	16;14178;15755;-;54.8		pfam	both	A	7/7	canonical	1	0	ga	5	0	0														not_admitted	not_admitted	not_admitted	not_admitted	not_admitted	not_admitted	not_admitted
OW969901.1	MPF_F	IncFIB(K);IncFII(K)	230	0	0	GA	0															not_admitted	not_admitted	not_admitted	not_admitted	not_admitted	not_admitted	not_admitted	not_admitted	not_admitted	not_admitted	1	174;171250;172242;-;366.6	164;164429;165799;-;381.2	168;167001;167753;-;232.4	177;173268;175907;-;258.7	163;161580;164429;-;344.2	186;179722;181146;-;89.2	177;173268;175907;-;88.8	188;181873;182439;-;167.0	173;170599;171237;-;67.0	172;168596;170602;-;259.0	159;157457;159766;-;393.2	184;178541;179110;-;49.7	159;157457;159766;-;65.8	A	9/9	contiguous	24416	1	1	161047..161577-;176;unnamed;0
OW969918.1	MPF_F	IncFII(pKP91);IncR	120	0	0	GA	0															not_admitted	not_admitted	not_admitted	not_admitted	not_admitted	not_admitted	not_admitted	not_admitted	not_admitted	not_admitted	1	100;80012;81001;+;363.3	109;86231;87601;+;382.8	105;84283;85035;+;234.4	96;75930;78569;+;258.7	110;87601;90423;+;342.2	87;70509;71933;+;90.9	96;75930;78569;+;89.1	85;69216;69782;+;168.4	101;81014;81652;+;64.4	102;81711;83666;+;259.7	113;92392;94704;+;393.1	89;72565;73122;+;52.4	113;92392;94704;+;66.6	A	9/9	contiguous	23176	1	1	90447..91049+;200;TraS;0
OW969920.1	MPF_F	IncFIB(K);IncFIB(pNDM-Mar)	381	0	0	GA	0															not_admitted	not_admitted	not_admitted	not_admitted	not_admitted	not_admitted	not_admitted	not_admitted	not_admitted	not_admitted	1	208;192632;193621;-;363.3	197;185446;186813;-;382.2	201;188071;188823;-;236.4	212;195078;197717;-;259.0	196;182603;185446;-;342.9	223;201684;203108;-;88.8	212;195078;197717;-;87.6	225;203835;204401;-;167.9	206;191709;192356;-;65.9	205;189695;191650;-;259.5	192;177706;180018;-;392.8	220;200488;201072;-;53.8	192;177706;180018;-;65.9	A	9/9	contiguous	26129	1	1	182068..182592-;174;unnamed;0
OW969934.1	MPF_F	IncFIB(pNDM-Mar);RepB	293	0	0	GA	0															not_admitted	not_admitted	not_admitted	not_admitted	not_admitted	not_admitted	not_admitted	not_admitted	not_admitted	not_admitted	1	204;180881;181918;-;282.3	96;75795;77204;+;190.4	95;74768;75805;+;175.6	216;192750;195467;-;148.9	97;77206;80397;+;121.8	220;197580;198950;-;65.6	216;192750;195467;-;85.2	223;200596;201456;-;79.0	205;181915;183276;-;69.9	203;177686;180871;-;59.6	88;65443;67569;-;58.0	217;195512;196249;-;56.9	88;65443;67569;-;40.6	A	9/9	split_2	135153	0	1	
OW969943.1	MPF_T	IncX3	60	0	0	GA	1	10;10250;10894;-;46.4	9;9976;10266;-;73.1	8;7198;9951;-;47.0	8;7198;9951;-;145.4	8;7198;9951;-;73.3	7;6418;7188;-;60.1	5;5084;6139;-;133.2		4;4161;4889;-;118.8	3;3226;4155;-;138.8	2;2015;3229;-;128.3	0;785;1819;-;65.7	59;43739;44719;-;318.6		pfam	pfam_only	A	7/7	canonical	1	1	unscoreable	2	0	0														not_admitted	not_admitted	not_admitted	not_admitted	not_admitted	not_admitted	not_admitted
OW969948.1	MPF_F	IncFIB(K);IncFII(K);IncFII(pAR0022)	211	0	0	GA	0															not_admitted	not_admitted	not_admitted	not_admitted	not_admitted	not_admitted	not_admitted	not_admitted	not_admitted	not_admitted	1	157;161546;162535;-;366.6	147;154632;155999;-;384.1	151;157257;158009;-;233.7	161;163992;166631;-;258.5	146;151810;154632;-;346.4	168;169458;170882;-;89.3	161;163992;166631;-;88.7	170;171609;172175;-;169.3	156;160895;161533;-;66.9	155;158881;160836;-;259.4	142;146882;149194;-;393.1	167;168802;169386;-;54.7	142;146882;149194;-;66.6	A	9/9	contiguous	24727	1	1	151185..151787-;200;TraS;0
OW970221.1	MPF_F	IncFIB(pNDM-Mar);RepB	338	0	0	GA	0															not_admitted	not_admitted	not_admitted	not_admitted	not_admitted	not_admitted	not_admitted	not_admitted	not_admitted	not_admitted	1	303;275325;276362;+;282.3	75;72839;74248;-;190.4	76;74238;75275;-;175.6	291;261776;264493;+;149.7	71;67517;70975;-;80.3	287;258293;259663;+;65.6	291;261776;264493;+;85.2	284;255787;256647;+;79.0	302;273967;275328;+;69.9	304;276372;279557;+;59.6	83;82474;84600;+;58.0	290;260994;261731;+;56.9	83;82474;84600;+;40.6	A	9/9	split_2	208855	0	1	
OW970311.1	MPF_F	IncFIB(K);IncFII(K)	229	0	0	GA	0															not_admitted	not_admitted	not_admitted	not_admitted	not_admitted	not_admitted	not_admitted	not_admitted	not_admitted	not_admitted	1	173;171251;172243;-;366.6	163;164430;165800;-;381.2	167;167002;167754;-;232.4	176;173269;175908;-;258.7	162;161581;164430;-;344.2	185;179723;181147;-;89.2	176;173269;175908;-;88.8	187;181874;182440;-;167.0	172;170600;171238;-;67.0	171;168597;170603;-;259.0	158;157458;159767;-;393.2	183;178542;179111;-;49.7	158;157458;159767;-;65.8	A	9/9	contiguous	24416	1	1	161048..161578-;176;unnamed;0
OW970322.1	MPF_T	IncN	80	0	0	GA	1	38;31063;31797;+;32.5		41;32440;32757;+;63.3	42;32757;35357;+;113.8	42;32757;35357;+;76.4	43;35375;36088;+;105.5	45;36339;37379;+;142.4		46;37598;38296;+;131.9	47;38307;39191;+;159.7	48;39191;40351;+;156.3	49;40393;41388;+;81.2	57;49366;50895;-;38.5		pfam	both	A	7/7	canonical	1	0	unscoreable	10	0	0														not_admitted	not_admitted	not_admitted	not_admitted	not_admitted	not_admitted	not_admitted
OW970410.1	MPF_F	IncHI2;IncHI2A;IncR	381	0	0	GA	0															not_admitted	not_admitted	not_admitted	not_admitted	not_admitted	not_admitted	not_admitted	not_admitted	not_admitted	not_admitted	1	29;32275;33333;+;276.9	193;185063;186478;+;194.1	192;184027;185073;+;173.7	11;8955;11636;+;168.0	219;209914;213336;+;69.7	7;5270;6625;+;80.7	11;8955;11636;+;72.2	4;2758;3546;+;74.8	27;30622;32133;+;62.7	30;33352;36540;+;58.3	186;174902;176986;-;56.7	10;7996;8946;+;46.4	186;174902;176986;-;38.8	A	9/9	split_4	207156	0	1	
OW970411.1	MPF_F	IncFII(pAR0022);IncFII(pSFO)	81	0	0	GA	0															not_admitted	not_admitted	not_admitted	not_admitted	not_admitted	not_admitted	not_admitted	not_admitted	not_admitted	not_admitted	1	57;41347;42333;+;368.4	64;46629;48002;+;375.9	61;45080;45829;+;218.2	54;37723;40353;+;285.5	65;48002;50824;+;334.9	48;34301;35695;+;90.9	54;37723;40353;+;98.6	46;33018;33584;+;170.1	58;42350;42979;+;66.9	59;42976;44829;+;260.5	68;52270;54438;+;384.9	49;35717;36256;+;67.5	68;52270;54438;+;64.0	A	9/9	contiguous	19252	1	1	50838..51314+;158;TraS;0
OW970507.1	MPF_F	IncHI2;IncHI2A;IncR	381	0	0	GA	0															not_admitted	not_admitted	not_admitted	not_admitted	not_admitted	not_admitted	not_admitted	not_admitted	not_admitted	not_admitted	1	29;32275;33333;+;276.9	193;185063;186478;+;194.1	192;184027;185073;+;173.7	11;8955;11636;+;168.0	219;209914;213336;+;69.7	7;5270;6625;+;80.7	11;8955;11636;+;72.2	4;2758;3546;+;74.8	27;30622;32133;+;62.7	30;33352;36540;+;58.3	186;174902;176986;-;56.7	10;7996;8946;+;46.4	186;174902;176986;-;38.8	A	9/9	split_4	207156	0	1	
OW970508.1	MPF_F	IncFII(pAR0022);IncFII(pSFO)	81	0	0	GA	0															not_admitted	not_admitted	not_admitted	not_admitted	not_admitted	not_admitted	not_admitted	not_admitted	not_admitted	not_admitted	1	57;41347;42333;+;368.4	64;46629;48002;+;375.9	61;45080;45829;+;218.2	54;37723;40353;+;285.5	65;48002;50824;+;334.9	48;34301;35695;+;90.9	54;37723;40353;+;98.6	46;33018;33584;+;170.1	58;42350;42979;+;66.9	59;42976;44829;+;260.5	68;52270;54438;+;384.9	49;35717;36256;+;67.5	68;52270;54438;+;64.0	A	9/9	contiguous	19252	1	1	50838..51314+;158;TraS;0
OW995947.1	MPF_F	IncFIB(K);IncFII(K)	195	0	0	GA	0															not_admitted	not_admitted	not_admitted	not_admitted	not_admitted	not_admitted	not_admitted	not_admitted	not_admitted	not_admitted	1	140;140717;141709;-;366.6	130;133833;135200;-;381.2	134;136457;137209;-;232.2	143;142735;145374;-;259.3	129;130984;133833;-;346.5	151;148960;150384;-;89.3	143;142735;145374;-;88.8	153;151111;151677;-;167.0	139;140066;140704;-;67.0	138;138052;140007;-;259.2	125;126859;129168;-;392.7	149;147773;148330;-;52.5	125;126859;129168;-;66.6	A	9/9	contiguous	24252	1	1	130451..130981-;176;unnamed;0
OX030688.1	-	pKPC-CAV1321	254	0	0	GA	0															not_admitted	not_admitted	not_admitted	not_admitted	not_admitted	not_admitted	not_admitted	not_admitted	not_admitted	not_admitted	1	129;101000;102067;+;276.8	150;119133;120575;+;260.7	149;118036;119136;+;198.4	125;96406;98892;+;223.8	151;120590;124108;+;240.0	121;91781;93178;+;109.8	125;96406;98892;+;120.8	119;89872;90498;+;87.1	128;99690;101003;+;41.0	153;124544;127201;+;136.9	113;85348;87324;+;22.7	122;93175;93741;+;71.6	113;85348;87324;+;33.5	A	9/9	contiguous	39196	0	1	
OX030689.1	MPF_F	IncFIB(K);IncFII(K)	210	0	0	GA	0															not_admitted	not_admitted	not_admitted	not_admitted	not_admitted	not_admitted	not_admitted	not_admitted	not_admitted	not_admitted	1	142;140560;141549;-;363.3	131;133374;134741;-;383.5	135;135999;136751;-;233.7	146;143006;145645;-;259.0	130;130552;133374;-;346.5	157;149613;151037;-;88.0	146;143006;145645;-;88.7	159;151764;152330;-;167.9	140;139637;140284;-;66.9	139;137623;139578;-;259.7	126;125622;127934;-;392.8	154;148417;149001;-;53.8	126;125622;127934;-;65.9	A	9/9	contiguous	26142	1	1	129927..130529-;200;TraS;0
OX030696.1	MPF_F	IncHI2;IncHI2A	296	0	0	GA	0															not_admitted	not_admitted	not_admitted	not_admitted	not_admitted	not_admitted	not_admitted	not_admitted	not_admitted	not_admitted	1	29;32275;33333;+;276.9	199;185337;186752;-;194.1	200;186742;187788;-;173.7	11;8955;11636;+;168.0	198;181378;185328;-;101.6	7;5270;6625;+;80.7	11;8955;11636;+;72.2	4;2758;3546;+;74.8	27;30622;32133;+;62.7	30;33352;36540;+;58.3	206;194829;196913;+;56.7	10;7996;8946;+;46.4	206;194829;196913;+;38.8	A	9/9	split_3	192071	0	1	
OX030699.1	MPF_F	IncFIB(K);IncFII(K)	251	0	0	GA	0															not_admitted	not_admitted	not_admitted	not_admitted	not_admitted	not_admitted	not_admitted	not_admitted	not_admitted	not_admitted	1	205;209514;210503;-;363.3	194;202328;203695;-;382.2	198;204953;205705;-;236.4	209;211960;214599;-;259.0	193;199485;202328;-;342.9	220;218566;219990;-;88.8	209;211960;214599;-;87.6	222;220717;221283;-;167.9	203;208591;209238;-;65.9	202;206577;208532;-;259.5	189;194588;196900;-;392.8	217;217370;217954;-;53.8	189;194588;196900;-;65.9	A	9/9	contiguous	26129	1	1	198950..199474-;174;unnamed;0
OX030709.1	MPF_F	IncFIB(pNDM-Mar);RepB	313	0	0	GA	0															not_admitted	not_admitted	not_admitted	not_admitted	not_admitted	not_admitted	not_admitted	not_admitted	not_admitted	not_admitted	1	225;200973;202010;-;282.3	98;76232;77641;+;190.4	97;75205;76242;+;175.6	237;212842;215559;-;148.9	99;77643;81611;+;121.3	241;217672;219042;-;65.6	237;212842;215559;-;85.2	244;220688;221548;-;79.0	226;202007;203368;-;69.9	224;197778;200963;-;59.6	90;65880;68006;-;58.0	238;215604;216341;-;56.9	90;65880;68006;-;40.6	A	9/9	split_2	154808	0	1	
OX030710.1	MPF_F	IncFIB(K);IncFII(K)	248	0	0	GA	0															not_admitted	not_admitted	not_admitted	not_admitted	not_admitted	not_admitted	not_admitted	not_admitted	not_admitted	not_admitted	1	202;204910;205899;-;363.3	191;197724;199091;-;382.2	195;200349;201101;-;236.4	206;207356;209995;-;259.0	190;194881;197724;-;342.9	217;213962;215386;-;88.8	206;207356;209995;-;87.6	219;216113;216679;-;167.9	200;203987;204634;-;65.9	199;201973;203928;-;259.5	186;189984;192296;-;392.8	214;212766;213350;-;53.8	186;189984;192296;-;65.9	A	9/9	contiguous	26129	1	1	194346..194870-;174;unnamed;0
OX030719.1	MPF_F	IncFIB(pNDM-Mar);RepB	302	0	0	GA	0															not_admitted	not_admitted	not_admitted	not_admitted	not_admitted	not_admitted	not_admitted	not_admitted	not_admitted	not_admitted	1	213;186989;188026;-;282.3	92;69229;70638;+;190.4	91;68202;69239;+;175.6	225;198858;201575;-;148.9	93;70640;74608;+;121.3	229;203688;205058;-;65.6	225;198858;201575;-;83.6	232;206704;207564;-;79.0	214;188023;189384;-;69.9	212;183794;186979;-;59.6	84;58877;61003;-;58.0	226;201620;202357;-;56.9	84;58877;61003;-;40.6	A	9/9	split_2	147827	0	1	
OX030720.1	MPF_F	IncFIB(K);IncFII(K)	243	0	0	GA	0															not_admitted	not_admitted	not_admitted	not_admitted	not_admitted	not_admitted	not_admitted	not_admitted	not_admitted	not_admitted	1	197;200660;201649;-;363.3	186;193474;194841;-;382.2	190;196099;196851;-;236.4	201;203106;205745;-;259.0	185;190631;193474;-;342.9	212;209712;211136;-;88.8	201;203106;205745;-;87.6	214;211863;212429;-;167.9	195;199737;200384;-;65.9	194;197723;199678;-;259.5	181;185734;188046;-;392.8	209;208516;209100;-;53.8	181;185734;188046;-;65.9	A	9/9	contiguous	26129	1	1	190096..190620-;174;unnamed;0
OX030749.1	MPF_F	IncFIB(pNDM-Mar);RepB	330	0	0	GA	0															not_admitted	not_admitted	not_admitted	not_admitted	not_admitted	not_admitted	not_admitted	not_admitted	not_admitted	not_admitted	1	296;270073;271110;+;282.3	88;85544;86953;-;190.4	89;86943;87980;-;175.6	284;256524;259241;+;148.9	87;81574;85542;-;121.3	280;253041;254411;+;65.6	284;256524;259241;+;85.2	277;250535;251395;+;79.0	295;268715;270076;+;69.9	297;271120;274305;+;59.6	96;95179;97305;+;58.0	283;255742;256479;+;56.9	96;95179;97305;+;40.6	A	9/9	split_2	189546	0	1	
OX030750.1	MPF_F	IncFIB(K);IncFII(K)	234	0	0	GA	0															not_admitted	not_admitted	not_admitted	not_admitted	not_admitted	not_admitted	not_admitted	not_admitted	not_admitted	not_admitted	1	188;192268;193257;-;363.3	177;185082;186449;-;382.2	181;187707;188459;-;236.4	192;194714;197353;-;259.0	176;182239;185082;-;342.9	203;201320;202744;-;88.8	192;194714;197353;-;87.6	205;203471;204037;-;167.9	186;191345;191992;-;65.9	185;189331;191286;-;259.5	172;177342;179654;-;392.8	200;200124;200708;-;53.8	172;177342;179654;-;65.9	A	9/9	contiguous	26129	1	1	181704..182228-;174;unnamed;0
OX341605.1	MPF_T	IncX4	60	0	0	GA	1	28;17007;17630;+;46.8	29;17644;17970;+;64.4	30;17989;20736;+;62.7	30;17989;20736;+;151.8	30;17989;20736;+;46.1	31;20748;21464;+;97.3	32;21475;22554;+;157.5		34;23069;23755;+;169.0	35;23752;24660;+;142.3	36;24653;25771;+;162.8	37;25773;26801;+;85.0	38;26788;28650;+;317.0		pfam	pfam_only	A	7/7	canonical	1	1	unscoreable	1	0	0														not_admitted	not_admitted	not_admitted	not_admitted	not_admitted	not_admitted	not_admitted
OY754438.1	MPF_F	IncFIB(AP001918);IncFII(pHN7A8)	103	0	0	GA	0															not_admitted	not_admitted	not_admitted	not_admitted	not_admitted	not_admitted	not_admitted	not_admitted	not_admitted	not_admitted	1	39;39834;40826;-;369.3	30;33400;34776;-;381.0	35;36363;37106;-;233.5	42;41835;44465;-;303.8	29;30578;33403;-;389.2	50;47486;48913;-;94.7	42;41835;44465;-;99.2	52;49628;50194;-;183.8	38;39187;39825;-;68.7	37;37382;39190;-;268.0	26;26895;29075;-;391.8	47;46087;46602;-;78.4	26;26895;29075;-;70.3	A	9/9	contiguous	22733	1	1	30072..30581-;169;unnamed;0
OY754448.1	MPF_F	IncFIB(AP001918);IncFIC(FII);IncQ1	157	0	0	GA	0															not_admitted	not_admitted	not_admitted	not_admitted	not_admitted	not_admitted	not_admitted	not_admitted	not_admitted	not_admitted	1	109;108592;109584;-;369.3	98;101533;102906;-;378.0	105;105120;105863;-;234.1	112;110593;113220;-;302.9	97;98714;101536;-;389.5	118;115275;116702;-;94.4	112;110593;113220;-;98.5	120;117417;117983;-;183.8	108;107945;108583;-;68.4	107;106140;107948;-;268.4	94;95032;97185;-;391.9	114;113736;114251;-;78.4	94;95032;97185;-;70.4	A	9/9	contiguous	22385	1	1	98201..98692-;163;TraS;0
OY856297.1	MPF_F	IncFIB(AP001918);IncFII	147	0	0	GA	0															not_admitted	not_admitted	not_admitted	not_admitted	not_admitted	not_admitted	not_admitted	not_admitted	not_admitted	not_admitted	1	85;75658;76650;-;369.6	75;69219;70592;-;380.0	80;72184;72927;-;231.6	88;77659;80286;-;306.4	74;68239;69222;-;251.7	95;82342;83799;-;94.2	88;77659;80286;-;99.4	97;84486;85052;-;183.3	84;75011;75649;-;68.7	82;73204;73692;-;162.1	67;61727;63577;-;392.4	90;80802;81317;-;77.3	67;61727;63577;-;70.7	A	9/9	contiguous	22759	1	1	66395..68242-;615;unnamed;0
OY856304.1	MPF_F	IncFIB(AP001918);IncFII	143	0	0	GA	0															not_admitted	not_admitted	not_admitted	not_admitted	not_admitted	not_admitted	not_admitted	not_admitted	not_admitted	not_admitted	1	82;75666;76658;-;369.6	74;69530;70606;-;321.5	78;72195;72938;-;231.6	85;77667;80297;-;306.4	72;66409;69234;-;383.0	91;82352;83809;-;94.2	85;77667;80297;-;96.9	93;84498;85064;-;182.4	81;74968;75657;-;67.8	80;73215;75023;-;267.9	66;61741;63591;-;392.4	87;80813;81328;-;77.3	66;61741;63591;-;70.7	A	9/9	contiguous	22757	1	1	65903..66412-;169;unnamed;0
OZ023075.1	MPF_F	IncFIB(AP001918);IncFII;p0111	267	0	0	GA	0															not_admitted	not_admitted	not_admitted	not_admitted	not_admitted	not_admitted	not_admitted	not_admitted	not_admitted	not_admitted	1	55;46133;47125;+;367.3	66;52812;54185;+;374.3	59;49854;50597;+;234.1	52;42497;45124;+;305.4	67;54182;56998;+;387.9	45;39015;40442;+;94.4	52;42497;45124;+;99.1	43;37734;38300;+;183.8	56;47134;47772;+;67.3	57;47769;49577;+;268.3	70;58561;60714;+;391.1	49;41466;41981;+;77.3	70;58561;60714;+;69.2	A	9/9	contiguous	20827	1	1	57031..57552+;173;unnamed;0
OZ026759.1	MPF_F	IncFII	113	0	0	GA	0															not_admitted	not_admitted	not_admitted	not_admitted	not_admitted	not_admitted	not_admitted	not_admitted	not_admitted	not_admitted	1	86;69023;70015;+;369.5	97;75794;77167;+;381.7	91;73121;73864;+;234.4	83;65384;68014;+;304.6	98;77164;79986;+;374.0	76;60934;62385;+;94.2	83;65384;68014;+;98.5	74;59653;60219;+;175.0	88;70359;70997;+;68.6	89;70994;72844;+;266.8	102;82258;84252;+;392.1	79;63245;63760;+;78.4	102;82258;84252;+;70.6	A	9/9	contiguous	22605	1	1	80008..80487+;159;TraS;0
OZ026760.1	MPF_F	IncFII	89	0	0	GA	0															not_admitted	not_admitted	not_admitted	not_admitted	not_admitted	not_admitted	not_admitted	not_admitted	not_admitted	not_admitted	1	64;54915;55907;+;369.5	75;62005;63378;+;381.7	70;59332;60075;+;234.4	61;51276;53906;+;304.1	76;63375;66197;+;374.0	54;46826;48277;+;94.2	61;51276;53906;+;97.1	52;45545;46111;+;174.3	66;56251;56889;+;68.6	68;57493;59055;+;266.6	80;68469;70712;+;391.1	57;49137;49652;+;78.4	80;68469;70712;+;70.3	A	9/9	contiguous	22924	1	1	66219..66698+;159;TraS;0
OZ026761.1	MPF_F	IncFII	70	0	0	GA	0															not_admitted	not_admitted	not_admitted	not_admitted	not_admitted	not_admitted	not_admitted	not_admitted	not_admitted	not_admitted	1	46;36117;37109;+;369.5	56;42888;44261;+;381.7	51;40215;40958;+;234.4	43;32478;35108;+;304.1	57;44258;47080;+;374.0	36;28028;29479;+;94.2	43;32478;35108;+;97.1		48;37453;38091;+;68.6	49;38088;39938;+;266.1	61;49352;51613;+;391.1	39;30339;30854;+;78.4	61;49352;51613;+;70.3	B	8/9	contiguous	21324	1	1	47102..47581+;159;TraS;0
OZ026762.1	MPF_F	IncFII	89	0	0	GA	0															not_admitted	not_admitted	not_admitted	not_admitted	not_admitted	not_admitted	not_admitted	not_admitted	not_admitted	not_admitted	1	65;54915;55907;+;369.5	75;61686;63059;+;381.7	70;59013;59756;+;234.4	62;51276;53906;+;304.1	76;63056;65878;+;374.0	55;46826;48277;+;94.2	62;51276;53906;+;97.1	53;45545;46111;+;174.3	67;56251;56889;+;68.6	68;56886;58736;+;266.1	80;68150;70393;+;391.1	58;49137;49652;+;78.4	80;68150;70393;+;70.3	A	9/9	contiguous	22605	1	1	65900..66379+;159;TraS;0
OZ026763.1	MPF_F	IncFII(pHN7A8)	114	0	0	GA	0															not_admitted	not_admitted	not_admitted	not_admitted	not_admitted	not_admitted	not_admitted	not_admitted	not_admitted	not_admitted	1	80;65901;66893;+;369.5	93;73726;75099;+;376.8	88;71417;72160;+;234.4	77;62265;64892;+;301.8	94;75096;77912;+;376.7	72;58783;60210;+;94.1	77;62265;64892;+;101.8	70;57502;58068;+;183.8	83;67839;68477;+;70.4	86;69290;71140;+;265.0	98;80213;82456;+;391.7	76;61234;61749;+;78.0	98;80213;82456;+;70.3	A	9/9	contiguous	22711	1	1	77945..78466+;173;unnamed;0
OZ026764.1	MPF_F	IncFII	112	0	0	GA	0															not_admitted	not_admitted	not_admitted	not_admitted	not_admitted	not_admitted	not_admitted	not_admitted	not_admitted	not_admitted	1	88;70377;71369;+;369.5	98;77148;78521;+;381.7	93;74475;75218;+;234.4	85;66738;69368;+;304.1	99;78518;81340;+;374.0	78;62288;63739;+;94.2	85;66738;69368;+;97.1	76;61007;61573;+;174.3	90;71713;72351;+;68.6	91;72348;74198;+;266.1	103;83612;85846;+;391.1	81;64599;65114;+;78.4	103;83612;85846;+;70.3	A	9/9	contiguous	22605	1	1	81362..81841+;159;TraS;0
OZ026765.1	MPF_F	IncFII;IncN	109	0	0	GA	0															not_admitted	not_admitted	not_admitted	not_admitted	not_admitted	not_admitted	not_admitted	not_admitted	not_admitted	not_admitted	1	83;71260;72252;+;369.5	93;78031;79404;+;381.7	88;75358;76101;+;234.4	80;67622;70252;+;304.1	94;79401;82223;+;374.0	73;63172;64623;+;94.2	80;67622;70252;+;97.1	71;61891;62457;+;174.3	85;72596;73234;+;68.6	86;73231;75081;+;266.1	98;84495;86693;+;391.2	76;65483;65998;+;78.4	98;84495;86693;+;70.3	A	9/9	contiguous	22604	1	1	82245..82724+;159;TraS;0
OZ026766.1	MPF_F	IncFII	85	0	0	GA	0															not_admitted	not_admitted	not_admitted	not_admitted	not_admitted	not_admitted	not_admitted	not_admitted	not_admitted	not_admitted	1	61;45398;46390;+;369.5	71;52169;53542;+;381.7	66;49496;50239;+;234.4	58;41759;44389;+;304.1	72;53539;56361;+;374.0	51;37309;38760;+;94.2	58;41759;44389;+;97.1	49;36028;36594;+;174.3	63;46734;47372;+;68.6	64;47369;49219;+;266.1	76;58633;60921;+;391.0	54;39620;40135;+;78.4	76;58633;60921;+;70.3	A	9/9	contiguous	22605	1	1	56383..56862+;159;TraS;0
OZ026767.1	MPF_T	IncI2(Delta)	83	0	0	GA	1	44;33930;34412;-;81.1		57;49479;49763;-;36.5	56;47116;49473;-;61.0	56;47116;49473;-;44.0	69;55900;56544;-;41.0	70;56550;57545;-;123.7		55;46220;46954;-;144.9	54;45453;46223;-;170.4	53;44324;45463;-;149.2	47;36180;37718;-;207.1	51;41276;43234;-;287.0		pfam	pfam_only	A	7/7	rearranged	1	0	unscoreable	15	0	0														not_admitted	not_admitted	not_admitted	not_admitted	not_admitted	not_admitted	not_admitted
OZ026768.1	MPF_F	IncFII	91	0	0	GA	0															not_admitted	not_admitted	not_admitted	not_admitted	not_admitted	not_admitted	not_admitted	not_admitted	not_admitted	not_admitted	1	65;53332;54324;+;369.5	75;60103;61476;+;381.7	70;57430;58173;+;234.4	62;49693;52323;+;304.1	76;61473;64295;+;374.0	55;45243;46694;+;94.2	62;49693;52323;+;97.1	53;43962;44528;+;174.3	67;54668;55306;+;68.6	68;55303;57153;+;266.1	80;66567;68765;+;391.2	58;47554;48069;+;78.4	80;66567;68765;+;70.3	A	9/9	contiguous	22605	1	1	64317..64796+;159;TraS;0
OZ026769.1	MPF_F	IncFII	85	0	0	GA	0															not_admitted	not_admitted	not_admitted	not_admitted	not_admitted	not_admitted	not_admitted	not_admitted	not_admitted	not_admitted	1	61;45398;46390;+;369.5	71;52169;53542;+;381.7	66;49496;50239;+;234.4	58;41759;44389;+;304.1	72;53539;56361;+;374.0	51;37309;38760;+;94.2	58;41759;44389;+;97.1	49;36028;36594;+;174.3	63;46734;47372;+;68.6	64;47369;49219;+;266.1	76;58633;60921;+;391.0	54;39620;40135;+;78.4	76;58633;60921;+;70.3	A	9/9	contiguous	22605	1	1	56383..56862+;159;TraS;0
OZ026770.1	MPF_T	IncI2(Delta)	85	0	0	GA	1	46;33929;34411;-;81.1		59;49478;49762;-;36.5	58;47115;49472;-;61.0	58;47115;49472;-;44.0	71;55899;56543;-;41.0	72;56549;57544;-;123.7		57;46219;46953;-;144.9	56;45452;46222;-;170.4	55;44323;45462;-;149.2	49;36179;37717;-;207.1	53;41275;43233;-;287.0		pfam	pfam_only	A	7/7	rearranged	1	0	unscoreable	15	0	0														not_admitted	not_admitted	not_admitted	not_admitted	not_admitted	not_admitted	not_admitted
OZ026771.1	MPF_F	IncFII	99	0	0	GA	0															not_admitted	not_admitted	not_admitted	not_admitted	not_admitted	not_admitted	not_admitted	not_admitted	not_admitted	not_admitted	1	75;61105;62097;+;369.5	85;67876;69249;+;381.7	80;65203;65946;+;234.4	72;57466;60096;+;304.1	86;69246;72068;+;374.0	65;53016;54467;+;94.2	72;57466;60096;+;97.1	63;51735;52301;+;174.3	77;62441;63079;+;68.6	78;63076;64926;+;266.1	90;74340;76601;+;391.1	68;55327;55842;+;78.4	90;74340;76601;+;70.3	A	9/9	contiguous	22605	1	1	72090..72569+;159;TraS;0
OZ026772.1	MPF_F	IncFII	85	0	0	GA	0															not_admitted	not_admitted	not_admitted	not_admitted	not_admitted	not_admitted	not_admitted	not_admitted	not_admitted	not_admitted	1	60;48047;49039;+;369.5	70;54818;56191;+;381.7	65;52145;52888;+;234.4	57;44408;47038;+;304.1	71;56188;59010;+;374.0	50;39958;41409;+;94.2	57;44408;47038;+;97.1	48;38677;39243;+;174.3	62;49383;50021;+;68.6	63;50018;51868;+;266.1	75;61282;63036;+;392.0	53;42269;42784;+;78.4	75;61282;63036;+;70.8	A	9/9	contiguous	22605	1	1	59032..59511+;159;TraS;0
OZ026773.1	MPF_F	IncFII	110	0	0	GA	0															not_admitted	not_admitted	not_admitted	not_admitted	not_admitted	not_admitted	not_admitted	not_admitted	not_admitted	not_admitted	1	86;69027;70019;+;369.5	96;75798;77171;+;381.7	91;73125;73868;+;234.4	83;65388;68018;+;304.1	97;77168;79990;+;374.0	76;60938;62389;+;94.2	83;65388;68018;+;97.1	74;59657;60223;+;174.3	88;70363;71001;+;68.6	89;70998;72848;+;266.1	101;82262;84523;+;391.1	79;63249;63764;+;78.4	101;82262;84523;+;70.3	A	9/9	contiguous	22605	1	1	80012..80491+;159;TraS;0
OZ026774.1	MPF_F	IncFII	119	0	0	GA	0															not_admitted	not_admitted	not_admitted	not_admitted	not_admitted	not_admitted	not_admitted	not_admitted	not_admitted	not_admitted	1	51;46601;47593;-;369.5	41;39449;40822;-;381.7	46;42752;43495;-;234.4	54;48971;51601;-;304.1	40;36630;39452;-;374.0	61;54600;56051;-;94.2	54;48971;51601;-;97.1	63;56766;57332;-;174.3	49;45619;46257;-;68.6	48;43772;45622;-;266.1	36;32106;34358;-;391.1	58;53225;53740;-;78.4	36;32106;34358;-;70.3	A	9/9	contiguous	24660	1	1	36129..36608-;159;TraS;0
OZ026775.1	MPF_F	IncFII	83	0	0	GA	0															not_admitted	not_admitted	not_admitted	not_admitted	not_admitted	not_admitted	not_admitted	not_admitted	not_admitted	not_admitted	1	59;45384;46376;+;369.5	69;52155;53528;+;381.7	64;49482;50225;+;234.4	56;41745;44375;+;304.1	70;53525;56347;+;374.0	49;37295;38746;+;94.2	56;41745;44375;+;97.1	47;36014;36580;+;174.3	61;46720;47358;+;68.6	62;47355;49205;+;266.1	74;58619;60808;+;391.2	52;39606;40121;+;78.4	74;58619;60808;+;70.3	A	9/9	contiguous	22605	1	1	56369..56848+;159;TraS;0
OZ026776.1	MPF_F	IncFII	85	0	0	GA	0															not_admitted	not_admitted	not_admitted	not_admitted	not_admitted	not_admitted	not_admitted	not_admitted	not_admitted	not_admitted	1	61;45399;46391;+;369.3	71;52170;53543;+;381.7	66;49497;50240;+;234.4	58;41760;44390;+;304.1	72;53540;56362;+;374.0	51;37310;38761;+;94.6	58;41760;44390;+;97.1	49;36029;36595;+;174.3	63;46735;47373;+;64.0	64;47370;49220;+;266.1	76;58634;60895;+;391.7	54;39621;40136;+;76.4	76;58634;60895;+;70.3	A	9/9	contiguous	22605	1	1	56384..56863+;159;TraS;0
OZ026777.1	MPF_F	IncFII	83	0	0	GA	0															not_admitted	not_admitted	not_admitted	not_admitted	not_admitted	not_admitted	not_admitted	not_admitted	not_admitted	not_admitted	1	59;45384;46376;+;369.5	69;52155;53528;+;381.7	64;49482;50225;+;234.4	56;41745;44375;+;304.1	70;53525;56347;+;374.0	49;37295;38746;+;94.2	56;41745;44375;+;97.1	47;36014;36580;+;174.3	61;46720;47358;+;68.6	62;47355;49205;+;266.1	74;58619;60808;+;391.2	52;39606;40121;+;78.4	74;58619;60808;+;70.3	A	9/9	contiguous	22605	1	1	56369..56848+;159;TraS;0
OZ026778.1	MPF_T	IncI2(Delta)	84	0	0	GA	1	45;33397;33879;-;81.1		58;48946;49230;-;36.5	57;46583;48940;-;61.0	57;46583;48940;-;44.0	70;55367;56011;-;41.0	71;56017;57012;-;123.7		56;45687;46421;-;144.9	55;44920;45690;-;170.4	54;43791;44930;-;149.2	48;35647;37185;-;207.1	52;40743;42701;-;287.0		pfam	pfam_only	A	7/7	rearranged	1	0	unscoreable	15	0	0														not_admitted	not_admitted	not_admitted	not_admitted	not_admitted	not_admitted	not_admitted
OZ026779.1	MPF_F	IncFII;IncN	110	0	0	GA	0															not_admitted	not_admitted	not_admitted	not_admitted	not_admitted	not_admitted	not_admitted	not_admitted	not_admitted	not_admitted	1	84;71266;72258;+;369.5	94;78037;79410;+;381.7	89;75364;76107;+;234.4	81;67627;70257;+;304.1	95;79407;82229;+;374.0	74;63177;64628;+;94.2	81;67627;70257;+;97.1	72;61896;62462;+;174.3	86;72602;73240;+;68.6	87;73237;75087;+;266.1	99;84501;86699;+;391.2	77;65488;66003;+;78.4	99;84501;86699;+;70.3	A	9/9	contiguous	22605	1	1	82251..82730+;159;TraS;0
OZ026780.1	MPF_F	IncFII	84	0	0	GA	0															not_admitted	not_admitted	not_admitted	not_admitted	not_admitted	not_admitted	not_admitted	not_admitted	not_admitted	not_admitted	1	59;45386;46378;+;369.5	69;52157;53530;+;381.7	64;49484;50227;+;234.4	56;41747;44377;+;304.1	70;53527;56349;+;374.0	49;37297;38748;+;94.2	56;41747;44377;+;97.1	47;36016;36582;+;174.3	61;46722;47360;+;68.6	62;47357;49207;+;266.1	74;58621;60810;+;391.2	52;39608;40123;+;78.4	74;58621;60810;+;70.3	A	9/9	contiguous	22605	1	1	56371..56850+;159;TraS;0
OZ026781.1	MPF_F	IncFII	111	0	0	GA	0															not_admitted	not_admitted	not_admitted	not_admitted	not_admitted	not_admitted	not_admitted	not_admitted	not_admitted	not_admitted	1	87;65759;66751;+;369.5	97;72530;73903;+;381.7	92;69857;70600;+;234.4	84;62120;64750;+;304.1	98;73900;76722;+;374.0	77;57670;59121;+;94.2	84;62120;64750;+;97.1	75;56389;56955;+;174.3	89;67095;67733;+;68.6	90;67730;69580;+;266.1	102;78994;81246;+;391.1	80;59981;60496;+;78.4	102;78994;81246;+;70.3	A	9/9	contiguous	22605	1	1	76744..77223+;159;TraS;0
OZ026782.1	MPF_T	IncX4	46	0	0	GA	1	30;27768;28388;-;41.6	29;27428;27754;-;64.4	28;24662;27409;-;63.8	28;24662;27409;-;151.8	28;24662;27409;-;46.1	27;23934;24650;-;94.2	26;22828;23922;-;150.1		24;21627;22313;-;169.0	23;20722;21630;-;142.4	22;19611;20729;-;163.8	21;18581;19609;-;85.0	20;16732;18549;-;314.8		pfam	pfam_only	A	7/7	canonical	1	1	unscoreable	1	0	0														not_admitted	not_admitted	not_admitted	not_admitted	not_admitted	not_admitted	not_admitted
OZ026783.1	MPF_F	IncFII	82	0	0	GA	0															not_admitted	not_admitted	not_admitted	not_admitted	not_admitted	not_admitted	not_admitted	not_admitted	not_admitted	not_admitted	1	58;45409;46401;+;369.5	68;52180;53553;+;381.7	63;49507;50250;+;234.4	55;41770;44400;+;304.1	69;53550;56372;+;374.0	48;37320;38771;+;94.2	55;41770;44400;+;97.1	46;36039;36605;+;174.3	60;46745;47383;+;68.6	61;47380;49230;+;266.1	73;58644;60833;+;391.2	51;39631;40146;+;78.4	73;58644;60833;+;70.3	A	9/9	contiguous	22605	1	1	56394..56873+;159;TraS;0
OZ026784.1	MPF_F	IncFII	85	0	0	GA	0															not_admitted	not_admitted	not_admitted	not_admitted	not_admitted	not_admitted	not_admitted	not_admitted	not_admitted	not_admitted	1	61;45398;46390;+;369.5	71;52169;53542;+;381.7	66;49496;50239;+;234.4	58;41759;44389;+;304.1	72;53539;56361;+;374.0	51;37309;38760;+;94.2	58;41759;44389;+;97.1	49;36028;36594;+;174.3	63;46734;47372;+;68.6	64;47369;49219;+;266.1	76;58633;60876;+;391.1	54;39620;40135;+;78.4	76;58633;60876;+;70.3	A	9/9	contiguous	22605	1	1	56383..56862+;159;TraS;0
OZ026785.1	MPF_F	IncFII	84	0	0	GA	0															not_admitted	not_admitted	not_admitted	not_admitted	not_admitted	not_admitted	not_admitted	not_admitted	not_admitted	not_admitted	1	60;50797;51789;+;369.5	70;57568;58941;+;381.7	65;54895;55638;+;234.4	57;47158;49788;+;304.1	71;58938;61760;+;374.0	50;42708;44159;+;94.2	57;47158;49788;+;97.1	48;41427;41993;+;174.3	62;52133;52771;+;68.6	63;52768;54618;+;266.1	75;64032;66293;+;391.1	53;45019;45534;+;78.4	75;64032;66293;+;70.3	A	9/9	contiguous	22605	1	1	61782..62261+;159;TraS;0
OZ026786.1	MPF_F	IncFII	111	0	0	GA	0															not_admitted	not_admitted	not_admitted	not_admitted	not_admitted	not_admitted	not_admitted	not_admitted	not_admitted	not_admitted	1	87;65758;66750;+;369.5	97;72529;73902;+;381.7	92;69856;70599;+;234.4	84;62119;64749;+;304.1	98;73899;76721;+;374.0	77;57669;59120;+;94.2	84;62119;64749;+;97.1	75;56388;56954;+;174.3	89;67094;67732;+;68.6	90;67729;69579;+;266.1	102;78993;81245;+;391.1	80;59980;60495;+;78.4	102;78993;81245;+;70.3	A	9/9	contiguous	22605	1	1	76743..77222+;159;TraS;0
OZ026787.1	MPF_F	IncFII	104	0	0	GA	0															not_admitted	not_admitted	not_admitted	not_admitted	not_admitted	not_admitted	not_admitted	not_admitted	not_admitted	not_admitted	1	80;60098;61090;+;369.5	90;66869;68242;+;381.7	85;64196;64939;+;234.4	77;56459;59089;+;304.1	91;68239;71061;+;374.0	70;52009;53460;+;94.2	77;56459;59089;+;97.1	68;50728;51294;+;174.3	82;61434;62072;+;68.6	83;62069;63919;+;266.1	95;73333;75594;+;391.1	73;54320;54835;+;78.4	95;73333;75594;+;70.3	A	9/9	contiguous	22605	1	1	71083..71562+;159;TraS;0
OZ026788.1	MPF_F	IncFII	84	0	0	GA	0															not_admitted	not_admitted	not_admitted	not_admitted	not_admitted	not_admitted	not_admitted	not_admitted	not_admitted	not_admitted	1	61;45398;46390;+;369.5	71;52169;53542;+;381.7	66;49496;50239;+;234.4	58;41759;44389;+;304.1	72;53539;56361;+;374.0	51;37309;38760;+;94.2	58;41759;44389;+;97.1	49;36028;36594;+;174.3	63;46734;47372;+;68.6	64;47369;49219;+;266.1	76;58633;60876;+;391.1	54;39620;40135;+;78.4	76;58633;60876;+;70.3	A	9/9	contiguous	22605	1	1	56383..56862+;159;TraS;0
OZ026789.1	MPF_F	IncFII;IncN	110	0	0	GA	0															not_admitted	not_admitted	not_admitted	not_admitted	not_admitted	not_admitted	not_admitted	not_admitted	not_admitted	not_admitted	1	84;71254;72246;+;369.5	94;78025;79398;+;381.7	89;75352;76095;+;234.4	81;67615;70245;+;304.1	95;79395;82217;+;374.0	74;63165;64616;+;94.2	81;67615;70245;+;97.1	72;61884;62450;+;174.3	86;72590;73228;+;68.6	87;73225;75075;+;266.1	99;84489;86687;+;391.2	77;65476;65991;+;78.4	99;84489;86687;+;70.3	A	9/9	contiguous	22605	1	1	82239..82718+;159;TraS;0
OZ026790.1	MPF_F	IncFII	85	0	0	GA	0															not_admitted	not_admitted	not_admitted	not_admitted	not_admitted	not_admitted	not_admitted	not_admitted	not_admitted	not_admitted	1	61;45398;46390;+;369.5	71;52169;53542;+;381.7	66;49496;50239;+;234.4	58;41759;44389;+;304.1	72;53539;56361;+;374.0	51;37309;38760;+;94.2	58;41759;44389;+;97.1	49;36028;36594;+;174.3	63;46734;47372;+;68.6	64;47369;49219;+;266.1	76;58633;60876;+;391.1	54;39620;40135;+;78.4	76;58633;60876;+;70.3	A	9/9	contiguous	22605	1	1	56383..56862+;159;TraS;0
OZ026791.1	MPF_F	IncFII;IncN	110	0	0	GA	0															not_admitted	not_admitted	not_admitted	not_admitted	not_admitted	not_admitted	not_admitted	not_admitted	not_admitted	not_admitted	1	84;71254;72246;+;369.5	94;78025;79398;+;381.7	89;75352;76095;+;234.4	81;67615;70245;+;304.1	95;79395;82217;+;374.0	74;63165;64616;+;94.2	81;67615;70245;+;97.1	72;61884;62450;+;174.3	86;72590;73228;+;68.6	87;73225;75075;+;266.1	99;84489;86687;+;391.2	77;65476;65991;+;78.4	99;84489;86687;+;70.3	A	9/9	contiguous	22605	1	1	82239..82718+;159;TraS;0
OZ026873.1	MPF_T	IncX4	42	0	0	GA	1	26;24526;25146;-;41.6	25;24186;24512;-;64.4	24;21420;24167;-;63.8	24;21420;24167;-;151.8	24;21420;24167;-;46.1	23;20692;21408;-;94.2	22;19586;20680;-;150.1		20;18385;19071;-;169.0	19;17480;18388;-;142.4	18;16369;17487;-;163.9	17;15339;16367;-;85.0	16;13490;15307;-;314.8		pfam	pfam_only	A	7/7	canonical	1	1	unscoreable	1	0	0														not_admitted	not_admitted	not_admitted	not_admitted	not_admitted	not_admitted	not_admitted
OZ026874.1	MPF_T	IncX4	44	0	0	GA	1	28;25302;25922;-;41.6	27;24962;25288;-;64.4	26;22196;24943;-;63.8	26;22196;24943;-;151.8	26;22196;24943;-;46.1	25;21468;22184;-;94.2	24;20362;21456;-;150.1		22;19161;19847;-;169.0	21;18256;19164;-;142.4	20;17145;18263;-;163.9	19;16115;17143;-;85.0	18;14266;16083;-;314.8		pfam	pfam_only	A	7/7	canonical	1	1	unscoreable	1	0	0														not_admitted	not_admitted	not_admitted	not_admitted	not_admitted	not_admitted	not_admitted
OZ026875.1	MPF_T	IncX4	42	0	0	GA	1	26;24526;25146;-;41.6	25;24186;24512;-;64.4	24;21420;24167;-;63.8	24;21420;24167;-;151.8	24;21420;24167;-;46.1	23;20692;21408;-;94.2	22;19586;20680;-;150.1		20;18385;19071;-;169.0	19;17480;18388;-;142.4	18;16369;17487;-;163.9	17;15339;16367;-;85.0	16;13490;15307;-;314.8		pfam	pfam_only	A	7/7	canonical	1	1	unscoreable	1	0	0														not_admitted	not_admitted	not_admitted	not_admitted	not_admitted	not_admitted	not_admitted
OZ026878.1	MPF_T	IncX4	42	0	0	GA	1	26;24526;25146;-;41.6	25;24186;24512;-;64.4	24;21420;24167;-;63.8	24;21420;24167;-;151.8	24;21420;24167;-;46.1	23;20692;21408;-;94.2	22;19586;20680;-;150.1		20;18385;19071;-;169.0	19;17480;18388;-;142.4	18;16369;17487;-;163.9	17;15339;16367;-;85.0	16;13490;15307;-;314.8		pfam	pfam_only	A	7/7	canonical	1	1	unscoreable	1	0	0														not_admitted	not_admitted	not_admitted	not_admitted	not_admitted	not_admitted	not_admitted
OZ026879.1	MPF_T	IncX4	44	0	0	GA	1	28;25302;25922;-;41.6	27;24962;25288;-;64.4	26;22196;24943;-;63.8	26;22196;24943;-;151.8	26;22196;24943;-;46.1	25;21468;22184;-;94.2	24;20362;21456;-;150.1		22;19161;19847;-;169.0	21;18256;19164;-;142.4	20;17145;18263;-;163.9	19;16115;17143;-;85.0	18;14266;16083;-;314.8		pfam	pfam_only	A	7/7	canonical	1	1	unscoreable	1	0	0														not_admitted	not_admitted	not_admitted	not_admitted	not_admitted	not_admitted	not_admitted
OZ026882.1	MPF_T	IncX4	42	0	0	GA	1	26;24526;25146;-;41.6	25;24186;24512;-;64.4	24;21420;24167;-;63.8	24;21420;24167;-;151.8	24;21420;24167;-;46.1	23;20692;21408;-;94.2	22;19586;20680;-;150.1		20;18385;19071;-;169.0	19;17480;18388;-;142.4	18;16369;17487;-;163.9	17;15339;16367;-;85.0	16;13490;15307;-;314.8		pfam	pfam_only	A	7/7	canonical	1	1	unscoreable	1	0	0														not_admitted	not_admitted	not_admitted	not_admitted	not_admitted	not_admitted	not_admitted
OZ026883.1	MPF_T	IncX4	42	0	0	GA	1	26;24526;25146;-;41.6	25;24186;24512;-;64.4	24;21420;24167;-;63.8	24;21420;24167;-;151.8	24;21420;24167;-;46.1	23;20692;21408;-;94.2	22;19586;20680;-;150.1		20;18385;19071;-;169.0	19;17480;18388;-;142.4	18;16369;17487;-;163.9	17;15339;16367;-;85.0	16;13490;15307;-;314.8		pfam	pfam_only	A	7/7	canonical	1	1	unscoreable	1	0	0														not_admitted	not_admitted	not_admitted	not_admitted	not_admitted	not_admitted	not_admitted
PP128336.1	MPF_T	IncN	92	0	0	GA	1	18;11757;12491;+;32.5		21;13134;13451;+;63.3	22;13451;16051;+;113.8	22;13451;16051;+;76.4	23;16069;16782;+;105.5	25;17033;18073;+;142.4		26;18292;18990;+;131.9	27;19001;19885;+;159.7	28;19885;21045;+;156.3	29;21087;22082;+;81.2	64;49354;50883;-;38.5		pfam	both	A	7/7	canonical	1	0	unscoreable	3	0	0														not_admitted	not_admitted	not_admitted	not_admitted	not_admitted	not_admitted	not_admitted
PP622803.1	MPF_F	IncC	171	0	0	GA	0															not_admitted	not_admitted	not_admitted	not_admitted	not_admitted	not_admitted	not_admitted	not_admitted	not_admitted	not_admitted	1	162;129224;130231;+;332.9	55;46666;48099;+;339.2	54;45636;46664;+;221.7	157;124025;126472;+;354.2	56;48112;51726;+;375.3	148;110714;112030;+;135.0	157;124025;126472;+;128.6	146;109190;109816;+;92.1	160;127294;128559;+;67.6	163;130347;133142;+;145.3	137;103515;105380;+;47.4	149;112027;112605;+;100.2	137;103515;105380;+;52.0	A	9/9	split_2	84711	0	1	
